"","V1","V2","V3","V4","V5","V6","V7","V8","V9","V10","V11","V12","V13","V14","V15","V16","V17","V18","V19","V20","V21","V22","V23","V24","V25","V26","V27","V28","V29","V30","V31","V32","V33","V34","V35","V36","V37","V38","V39","V40","V41","V42","V43","V44","V45","V46","V47","V48","V49","V50","V51","V52","V53","V54","V55","V56","V57","V58","V59","V60","V61","V62","V63","V64","V65","V66","V67","V68","V69","V70","V71","V72","V73","V74","V75","V76","V77","V78","V79","V80","V81","V82","V83","V84","V85","V86","V87","V88","V89","V90","V91","V92","V93","V94","V95","V96","V97","V98","V99","V100","V101","V102","V103","V104","V105","V106","V107","V108","V109","V110","V111","V112","V113","V114","V115","V116","V117","V118","V119","V120","V121","V122","V123","V124","V125","V126","V127","V128","V129","V130","V131","V132","V133","V134","V135","V136","V137","V138","V139","V140","V141","V142","V143","V144","V145","V146","V147","V148","V149","V150","V151","V152","V153","V154","V155","V156","V157","V158","V159","V160","V161","V162","V163","V164","V165","V166","V167","V168","V169","V170","V171","V172","V173","V174","V175","V176","V177","V178","V179","V180","V181","V182","V183","V184","V185","V186","V187","V188","V189","V190","V191","V192","V193","V194","V195","V196","V197","V198","V199","V200","V201","V202","V203","V204","V205","V206","V207","V208","V209","V210","V211","V212","V213","V214","V215","V216","V217","V218","V219","V220","V221","V222","V223","V224","V225","V226","V227","V228","V229","V230","V231","V232","V233","V234","V235","V236","V237","V238","V239","V240","V241","V242","V243","V244","V245","V246","V247","V248","V249","V250","V251","V252","V253","V254","V255","V256","V257","V258","V259","V260","V261","V262","V263","V264","V265","V266","V267","V268","V269","V270","V271","V272","V273","V274","V275","V276","V277","V278","V279","V280","V281","V282","V283","V284","V285","V286","V287","V288","V289","V290","V291","V292","V293","V294","V295","V296","V297","V298","V299","V300","V301","V302","V303","V304","V305","V306","V307","V308","V309","V310","V311","V312","V313","V314","V315","V316","V317","V318","V319","V320","V321","V322","V323","V324","V325","V326","V327","V328","V329","V330","V331","V332","V333","V334","V335","V336","V337","V338","V339","V340","V341","V342","V343","V344","V345","V346","V347","V348","V349","V350","V351","V352","V353","V354","V355","V356","V357","V358","V359","V360","V361","V362","V363","V364","V365","V366","V367","V368","V369","V370","V371","V372","V373","V374","V375","V376","V377","V378","V379","V380","V381","V382","V383","V384","V385","V386","V387","V388","V389","V390","V391","V392","V393","V394","V395","V396","V397","V398","V399","V400","V401","V402","V403","V404","V405","V406","V407","V408","V409","V410","V411","V412","V413","V414","V415","V416","V417","V418","V419","V420","V421","V422","V423","V424","V425","V426","V427","V428","V429","V430","V431","V432","V433","V434","V435","V436","V437","V438","V439","V440","V441","V442","V443","V444","V445","V446","V447","V448","V449","V450","V451","V452","V453","V454","V455","V456","V457","V458","V459","V460","V461","V462","V463","V464","V465","V466","V467","V468","V469","V470","V471","V472","V473","V474","V475","V476","V477","V478","V479","V480","V481","V482","V483","V484","V485","V486","V487","V488","V489","V490","V491","V492","V493","V494","V495","V496","V497","V498","V499","V500","V501","V502","V503","V504","V505","V506","V507","V508","V509","V510","V511","V512","V513","V514","V515","V516","V517","V518","V519","V520","V521","V522","V523","V524","V525","V526","V527","V528","V529","V530","V531","V532","V533","V534","V535","V536","V537","V538","V539","V540","V541","V542","V543","V544","V545","V546","V547","V548","V549","V550","V551","V552","V553","V554","V555","V556","V557","V558","V559","V560","V561","V562","V563","V564","V565","V566","V567","V568","V569","V570","V571","V572","V573","V574","V575","V576","V577","V578","V579","V580","V581","V582","V583","V584","V585","V586","V587","V588","V589","V590","V591","V592","V593","V594","V595","V596","V597","V598","V599","V600","V601","V602","V603","V604","V605","V606","V607","V608","V609","V610","V611","V612","V613","V614","V615","V616","V617","V618","V619","V620","V621","V622","V623","V624","V625","V626","V627","V628","V629","V630","V631","V632","V633","V634","V635","V636","V637","V638","V639","V640","V641","V642","V643","V644","V645","V646","V647","V648","V649","V650","V651","V652","V653","V654","V655","V656","V657","V658","V659","V660","V661","V662","V663","V664","V665","V666","V667","V668","V669","V670","V671","V672","V673","V674","V675","V676","V677","V678","V679","V680","V681","V682","V683","V684","V685","V686","V687","V688","V689","V690","V691","V692","V693","V694","V695","V696","V697","V698","V699","V700","V701","V702","V703","V704","V705","V706","V707","V708","V709","V710","V711","V712","V713","V714","V715","V716","V717","V718","V719","V720","V721","V722","V723","V724","V725","V726","V727","V728","V729","V730","V731","V732","V733","V734","V735","V736","V737","V738","V739","V740","V741","V742","V743","V744","V745","V746","V747","V748","V749","V750","V751","V752","V753","V754","V755","V756","V757","V758","V759","V760","V761","V762","V763","V764","V765","V766","V767","V768","V769","V770","V771","V772","V773","V774","V775","V776","V777","V778","V779","V780","V781","V782","V783","V784","V785","V786","V787","V788","V789","V790","V791","V792","V793","V794","V795","V796","V797","V798","V799","V800","V801","V802","V803","V804","V805","V806","V807","V808","V809","V810","V811","V812","V813","V814","V815","V816","V817","V818","V819","V820","V821","V822","V823","V824","V825","V826","V827","V828","V829","V830","V831","V832","V833","V834","V835","V836","V837","V838","V839","V840","V841","V842","V843","V844","V845","V846","V847"
"1",1,1,1,1,1,1,0.722950819672131,1,1,0.0960264900662252,1,0.0511182108626198,0.80577849117175,1,0.289855072463768,0.292259083728278,0.0708661417322835,0.709302325581395,1,1,0.273752012882448,0.295751633986928,1,0.167456556082148,1,0.304487179487179,0.289902280130293,1,1,0.78052805280528,0.291666666666667,0.729857819905213,0.959871589085072,0.2914653784219,0,1,0.561904761904762,1,0.279569892473118,1,0.693418940609952,0.698738170347003,0.708978328173375,1,1,0.292962356792144,0.3024,0.289099526066351,0.309148264984227,0.307086614173228,0,1,0.29153605015674,1,1,0.488673139158576,0.577235772357724,1,1,1,0.315457413249211,0.28892455858748,0.299019607843137,0.695161290322581,1,1,0.0429936305732484,1,0.0637636080870918,0.3,1,0.298887122416534,0.311475409836066,0.966722129783694,0.529695024077046,1,0.294770206022187,0.309262166405024,1,0.302287581699346,0.0871710526315789,0.307814992025518,0.308056872037915,1,0.321372854914197,1,1,1,1,0.709119496855346,1,1,0.00157232704402516,0.111290322580645,1,0.0529595015576324,0,1,0.584307178631052,0.694668820678514,1,0.0563607085346216,0.297770700636943,1,0.292993630573248,1,0.706539074960128,1,0.301458670988655,0.300319488817891,0.297124600638978,1,0.304625199362041,1,0.507020280811232,1,0.289269051321928,0.308176100628931,0.305993690851735,0.301916932907348,0.504746835443038,0.998412698412698,0.294488188976378,0.292642140468227,1,0.293838862559242,1,1,0.337042925278219,0.534591194968553,1,0.296774193548387,1,0.0482115085536547,1,0.29874213836478,0.6928,0.310177705977383,0.926163723916533,0.42200328407225,0.106858054226475,0.0969793322734499,1,1,0.3104,1,0.301391035548686,1,0.800940438871473,1,0.30655737704918,1,1,1,1,0.310509554140127,1,0.295638126009693,0.261217948717949,1,0.282988871224165,1,0.284109149277689,0.0892857142857143,1,0.288998357963875,1,1,1,0.315955766192733,1,0.307936507936508,1,0.289137380191693,1,0.295934959349594,0.0776545166402536,1,0.651888341543514,1,1,0.301639344262295,1,1,1,1,0.303514376996805,0.296529968454259,1,0.998405103668262,0.300623052959502,0.288961038961039,1,0.471153846153846,0.692660550458716,0,0.304761904761905,0.6896,1,0.302839116719243,1,0.998439937597504,1,0.297124600638978,0.296529968454259,0.305825242718447,1,1,1,0,1,0.293729372937294,0.967897271268058,0.301794453507341,0.294670846394984,0.753205128205128,1,1,1,1,1,0.0497592295345104,0.30016051364366,0.308306709265176,1,0.70125786163522,1,1,0.998410174880763,0.998425196850394,1,1,0.0047244094488189,0.329113924050633,1,0.290322580645161,1,0.281645569620253,1,1,1,1,1,0.302100161550889,1,0.484602917341977,0.308681672025723,0.297906602254428,0.29016393442623,0.301282051282051,0.3056,0.409017713365539,0.3125,0.29746835443038,0.289514866979656,1,0.299679487179487,1,0.710526315789474,0.29951690821256,0.322378716744914,0.3125,1,1,1,0.2656,0.288461538461538,1,0.304700162074554,0.304212168486739,0.293269230769231,0.303459119496855,0.701444622792937,1,0.30173775671406,0.297520661157025,1,0.280265339966833,1,0.293663060278207,0.289137380191693,1,1,1,0.557165861513688,1,0.705974842767296,0.0824261275272162,0.304140127388535,1,1,0.0987261146496815,0.300476947535771,0.300813008130081,1,1,0.2816,0.0300632911392405,0.0032520325203252,1,1,0.315625,0.998397435897436,1,0.2875,1,1,0.296238244514107,1,1,1,1,0.306581059390048,0.298761609907121,0.308319738988581,1,1,0.689381933438986,0.293460925039872,1,0.298245614035088,0.287539936102236,1,1,0.998420221169036,1,1,0.303225806451613,1,1,0.110927152317881,0.306603773584906,0.470016207455429,0.284090909090909,0.693910256410256,0.294303797468354,1,0.293075684380032,0.310289389067524,0.270998415213946,0.297297297297297,1,0.3046875,1,1,1,0.294685990338164,0.297297297297297,0.998394863563403,0.918739635157546,0.0672,1,0.293375394321767,0.295527156549521,0.297427652733119,1,0.308544303797468,0.489698890649762,0.302737520128824,0.284789644012945,0.28921568627451,0.289099526066351,1,0.304700162074554,1,1,0,1,0.306818181818182,1,1,1,0.3104,1,0.294407894736842,1,0.839427662957075,1,1,1,0.292332268370607,1,1,0.291472868217054,0.292993630573248,1,1,0.294871794871795,0.199372056514914,1,0.998389694041868,1,0,0.287581699346405,1,0.291139240506329,0.256,1,0.700626959247649,0.41471048513302,1,1,0.699236641221374,0.715654952076677,0.322006472491909,1,0.300157977883096,1,1,0.308186195826645,1,0.998360655737705,0.00958466453674121,0.301916932907348,1,1,0.307692307692308,1,1,0.295055821371611,0.340694006309148,1,1,1,0.507177033492823,0.294488188976378,0.323248407643312,0.294298921417565,0.312101910828025,0.707516339869281,0.302652106084243,0.308917197452229,0.294392523364486,0.251192368839428,0.297697368421053,1,0.300940438871473,0.998397435897436,0.303317535545024,0.0851393188854489,0.053968253968254,1,1,0.0467741935483871,1,0.709984152139461,0.0486656200941915,0.0144694533762058,1,0.702572347266881,1,1,0.5296,1,0,0.0736497545008183,1,1,1,0.302737520128824,0.665123456790123,0.704132231404959,0.995215311004785,1,0.981191222570533,0.290220820189274,0.349436392914654,1,0.285024154589372,1,0.35031847133758,0.109324758842444,0.28594249201278,0.300623052959502,0.315068493150685,1,0.0805687203791469,1,1,1,0.2625,0.303225806451613,1,0.296650717703349,1,1,0.290880503144654,1,0.296923076923077,1,0.292604501607717,0.299352750809061,1,0.692431561996779,0.298003072196621,1,0.298722044728434,0.7552,0.294573643410853,0.162974683544304,0.293929712460064,0.763665594855305,0.29042904290429,1,0.30379746835443,0.317610062893082,0.275752773375594,1,1,1,0.961602671118531,0.355704697986577,1,0.300492610837438,1,0.298507462686567,0.307086614173228,1,1,1,0.916398713826367,1,0.293185419968304,0.293185419968304,1,1,0.0526315789473684,0.0791599353796446,1,1,0.289855072463768,1,1,0.291338582677165,1,1,0.701587301587302,0.555729984301413,1,0,1,1,0.101404056162246,0.30564263322884,1,0.303514376996805,0.998407643312102,0.957074721780604,0.998397435897436,0.822784810126582,1,0.308333333333333,1,1,1,0,0.295934959349594,1,1,0.697933227344992,1,0.300476947535771,0.338658146964856,0.291666666666667,1,1,1,0.0949367088607595,0.300492610837438,0.0906148867313916,0.998389694041868,0.297637795275591,0.289968652037618,0.337025316455696,0,1,0.94888178913738,1,1,0.3042071197411,0.296124031007752,0.162903225806452,0.0467741935483871,0.29093799682035,0.2992,0.305164319248826,0.00163132137030995,0.292259083728278,1,0,0.298273155416013,1,1,1,0.292527821939587,0.294952681388013,0.040650406504065,1,0.290322580645161,0.29570747217806,1,1,0.298722044728434,0.716171617161716,1,1,0.717703349282297,1,0.291798107255521,1,0.30016051364366,0.551669316375199,0.688291139240506,0.39258114374034,1,0.282574568288854,0.293460925039872,0.705696202531646,0.692307692307692,1,0.303174603174603,1,0.298003072196621,1,0.298722044728434,0.3024,0.3312,0.515055467511886,0.290375203915171,0.294303797468354,0.688102893890675,0.292721518987342,0.148086522462562,1,0,1,0.277597402597403,1,0,0.294212218649518,0.294599018003273,1,0.0625954198473282,1,0.0901898734177215,0.317152103559871,1,0.0679304897314376,0.694267515923567,1,1,1,0.293245469522241,0.04375,1,0.411290322580645,0.100494233937397,0.3328173374613,0.302362204724409,0.309748427672956,1,1,1,1,1,0.0674846625766871,0.998435054773083,0.707086614173228,0.00459418070444104,0.299840510366826,1,1,1,1,0.0881889763779528,0.301092043681747,1,1,1,1,1,1,0.512578616352201,0.00162866449511401,1,0.0810810810810811,0.307210031347962,0.451510333863275,1,0.382736156351792,0.292845257903494,0.292259083728278,1,0.0449438202247191,0.300155520995334,1,1,0.346469622331691,0.284810126582278,0.292527821939587,0.28665568369028,0.998427672955975,0.303079416531605,0.29570747217806,0.3904,0.295161290322581,0.968253968253968,0.285271317829457,0.088379705400982,0.308681672025723,0,1,0.0926517571884984,0.28780487804878,0.294685990338164,0.295055821371611,1,1,1,1,1,1,0.314332247557003,1,0.287081339712919,0.304713804713805,0.597464342313788,0.703459637561779,1,1,0,0.297507788161994,0.112,0.998454404945904,0.0402576489533011,1,1,0.303079416531605,1,1,0.618506493506494,0.393092105263158,0.998484848484849,0.0804597701149425,0.100164203612479,1,1,1,0.088,0,0.294303797468354,0.400966183574879,0.291993720565149,0,0.304,0.0867430441898527,1,1,0.295238095238095,0.297427652733119,0.2491961414791,0.312091503267974,0.287066246056782,0.303125,1,1,0.303370786516854,1,0,1,0.230031948881789,1,0.69620253164557,1,0.298555377207063,0.289036544850498,0.0803149606299213,0.699212598425197,1,1,0.802287581699346,0.889072847682119,0.295819935691318,0.296416938110749,1,0.301612903225806,0.2576,0.305785123966942,1,0.104265402843602,1,1,0.305379746835443,0.706168831168831,0.286415711947627,1,1,0.287051482059282,0.289348171701113,0.296411856474259,0.862745098039216,0.308823529411765,1,0.0598425196850394,1,1,0.722222222222222,0.671474358974359,0.300826446280992,0.0596774193548387,0.300940438871473,1,1,0.293739967897271,0.302737520128824,0.633757961783439,1,0.28393135725429,0.355799373040752,0.287519747235387,0.984177215189873,0.500802568218299,0.00476947535771065,0.281399046104928,0.309148264984227,0.318255250403877,0.293354943273906,0.29375,0.976076555023923,1,0.302034428794992,0.568218298555377,0.698872785829308,0.241001564945227,0.705592105263158,1,0.301916932907348,0.0016,0.303030303030303,0.297770700636943,0.362204724409449,0.307568438003221,0,0.309904153354633,0.300163132137031,0.305057096247961,0.294498381877023
"2",1,1,1,1,1,1,0.7085346215781,1,1,0.0964630225080386,1,0.0462962962962963,0.815580286168522,1,0.311216429699842,0.298273155416013,0.0653188180404355,0.689320388349515,1,1,0.287301587301587,0.309748427672956,1,0.158139534883721,1,0.322932917316693,0.312,1,1,0.787735849056604,0.309262166405024,0.726283048211509,0.964506172839506,0.310725552050473,0,1,0.542635658914729,1,0.298642533936652,1,0.669796557120501,0.688473520249221,0.694656488549618,1,1,0.313099041533546,0.308411214953271,0.308510638297872,0.315707620528771,0.318885448916409,0,1,0.303215926493109,1,1,0.488888888888889,0.554330708661417,1,1,1,0.323076923076923,0.308917197452229,0.314285714285714,0.685185185185185,1,1,0.0364500792393027,1,0.0587349397590361,0.315384615384615,1,0.314152410575428,0.32,0.963022508038585,0.507020280811232,1,0.307098765432099,0.327188940092166,1,0.314102564102564,0.0858995137763371,0.31924882629108,0.323943661971831,1,0.330246913580247,1,1,1,1,0.698170731707317,1,1,0,0.103076923076923,1,0.0474732006125574,0,1,0.555194805194805,0.676236044657097,1,0.053968253968254,0.30625,1,0.311501597444089,1,0.687106918238994,1,0.307570977917981,0.312599681020734,0.308777429467085,1,0.319938176197836,1,0.483870967741935,1,0.313178294573643,0.296062992125984,0.309559939301973,0.315457413249211,0.477848101265823,0.998456790123457,0.315301391035549,0.312803889789303,1,0.30829420970266,1,1,0.327160493827161,0.536321483771252,1,0.312111801242236,1,0.0423600605143722,1,0.306748466257669,0.683076923076923,0.323529411764706,0.931357254290172,0.429508196721311,0.103338632750397,0.0971337579617834,1,1,0.327044025157233,1,0.314900153609831,1,0.80030487804878,1,0.315619967793881,1,1,1,1,0.33175355450237,1,0.318255250403877,0.250386398763524,1,0.310077519379845,1,0.297637795275591,0.0817610062893082,1,0.306349206349206,1,1,1,0.324200913242009,1,0.322274881516588,1,0.300314465408805,1,0.305863708399366,0.0790697674418605,1,0.646302250803859,1,1,0.313880126182965,1,1,1,1,0.312989045383412,0.310769230769231,1,0.998439937597504,0.316923076923077,0.300319488817891,1,0.445820433436532,0.671232876712329,0,0.31875,0.674528301886792,1,0.316692667706708,1,0.998452012383901,1,0.307936507936508,0.309707241910632,0.321656050955414,1,1,1,0,1,0.302215189873418,0.973058637083994,0.324960753532182,0.310344827586207,0.744582043343653,1,1,1,1,1,0.0461783439490446,0.305732484076433,0.315870570107858,1,0.683563748079877,1,1,0.998422712933754,0.998477929984779,1,1,0.00156494522691706,0.318042813455657,1,0.305246422893482,1,0.298165137614679,1,1,1,1,1,0.315372424722662,1,0.515007898894155,0.324921135646688,0.319508448540707,0.307936507936508,0.3203125,0.324367088607595,0.424242424242424,0.335413416536661,0.313084112149533,0.304953560371517,1,0.323809523809524,1,0.693374422187982,0.30625,0.306870229007634,0.331738437001595,1,1,1,0.25,0.304075235109718,1,0.317384370015949,0.324200913242009,0.308056872037915,0.316030534351145,0.691338582677165,1,0.315707620528771,0.313880126182965,1,0.295418641390205,1,0.30757341576507,0.3046875,1,1,1,0.53343701399689,1,0.692068429237947,0.0816944024205749,0.329173166926677,1,1,0.0969230769230769,0.31201248049922,0.322683706070288,1,1,0.295208655332303,0.0234741784037559,0.00158730158730159,1,1,0.336349924585219,0.998432601880878,1,0.301391035548686,1,1,0.307692307692308,1,1,1,1,0.315625,0.305810397553517,0.327447833065811,1,1,0.675925925925926,0.309486780715397,1,0.312788906009245,0.294753086419753,1,1,0.998449612403101,1,1,0.318181818181818,1,1,0.104,0.325190839694657,0.479495268138801,0.307210031347962,0.675590551181102,0.313364055299539,1,0.305111821086262,0.336492890995261,0.253477588871716,0.320987654320988,1,0.32312404287902,1,1,1,0.30564263322884,0.320987654320988,0.998430141287284,0.925619834710744,0.0624,1,0.304953560371517,0.313880126182965,0.30564263322884,1,0.327131782945736,0.46801872074883,0.326053042121685,0.3015625,0.3088,0.314465408805031,1,0.321086261980831,1,1,0,1,0.316037735849057,1,1,1,0.323854660347551,1,0.30379746835443,1,0.839563862928349,1,1,1,0.31055900621118,1,1,0.3015625,0.312693498452012,1,1,0.312111801242236,0.184615384615385,1,0.998435054773083,1,0,0.304487179487179,1,0.304953560371517,0.24203821656051,1,0.680555555555556,0.433587786259542,1,1,0.683890577507599,0.709627329192547,0.341232227488152,1,0.323943661971831,1,1,0.319685039370079,1,0.998427672955975,0.00626959247648903,0.32182103610675,1,1,0.321144674085851,1,1,0.305958132045089,0.33125,1,1,1,0.535603715170279,0.303738317757009,0.334405144694534,0.310502283105023,0.330218068535826,0.694968553459119,0.325581395348837,0.3203125,0.307692307692308,0.238170347003155,0.316720257234727,1,0.313755795981453,0.998432601880878,0.313846153846154,0.0828313253012048,0.0520673813169985,1,1,0.0393081761006289,1,0.690402476780186,0.043613707165109,0.0110236220472441,1,0.686028257456829,1,1,0.536547433903577,1,0,0.0754414125200642,1,1,1,0.322981366459627,0.650817236255572,0.697262479871176,0.992295839753467,1,0.984567901234568,0.295489891135303,0.334384858044164,1,0.29951690821256,1,0.370542635658915,0.1078125,0.297805642633229,0.312121212121212,0.327841845140033,1,0.0783410138248848,1,1,1,0.256172839506173,0.313664596273292,1,0.313572542901716,1,1,0.302469135802469,1,0.321044546850998,1,0.296998420221169,0.311811023622047,1,0.678683385579937,0.312404287901991,1,0.305466237942122,0.746875,0.316998468606432,0.158139534883721,0.314112291350531,0.767036450079239,0.314194577352472,1,0.315384615384615,0.332307692307692,0.297134238310709,1,1,1,0.966237942122186,0.343598055105348,1,0.314102564102564,1,0.316639741518578,0.313846153846154,1,1,1,0.91875,1,0.309923664122137,0.314329738058552,1,1,0.0450885668276973,0.0825545171339564,1,1,0.305772230889236,1,1,0.307570977917981,1,1,0.688087774294671,0.522137404580153,1,0,1,1,0.098159509202454,0.322884012539185,1,0.321711568938193,0.998454404945904,0.966613672496025,0.998417721518987,0.820826952526799,1,0.320634920634921,1,1,1,0,0.302100161550889,1,1,0.677672955974843,1,0.311320754716981,0.357032457496136,0.309859154929577,1,1,1,0.0885093167701863,0.314194577352472,0.0838607594936709,0.998407643312102,0.302795031055901,0.304012345679012,0.356143079315708,0,1,0.956856702619414,1,1,0.314696485623003,0.29601226993865,0.158982511923688,0.0406885758998435,0.31619937694704,0.30757341576507,0.314503816793893,0,0.314465408805031,1,0,0.313935681470138,1,1,1,0.310185185185185,0.324200913242009,0.0365659777424483,1,0.302839116719243,0.298600311041991,1,1,0.312302839116719,0.698697068403909,1,1,0.694006309148265,1,0.305810397553517,1,0.311912225705329,0.525190839694657,0.674809160305344,0.394126738794436,1,0.291350531107739,0.309006211180124,0.687116564417178,0.672754946727549,1,0.318681318681319,1,0.317147192716237,1,0.31974921630094,0.30503144654088,0.352220520673813,0.520376175548589,0.3136,0.307692307692308,0.670866141732283,0.311145510835913,0.151712887438825,1,0,1,0.294585987261146,1,0,0.3140625,0.312101910828025,1,0.0590909090909091,1,0.0875796178343949,0.342679127725857,1,0.0642633228840125,0.674961119751166,1,1,1,0.313915857605178,0.0397553516819572,1,0.421216848673947,0.0970266040688576,0.355932203389831,0.311627906976744,0.318461538461538,1,1,1,1,1,0.0642201834862385,0.99537037037037,0.693251533742331,0.0015015015015015,0.312597200622084,1,1,1,1,0.0821705426356589,0.310502283105023,1,1,1,1,1,1,0.491499227202473,0,1,0.0832049306625578,0.311708860759494,0.429936305732484,1,0.391096979332273,0.307317073170732,0.303125,1,0.0424528301886792,0.312597200622084,1,1,0.381642512077295,0.301857585139319,0.311216429699842,0.311501597444089,0.998466257668712,0.326984126984127,0.316846986089645,0.410459587955626,0.316455696202532,0.970858895705521,0.307926829268293,0.0833333333333333,0.316998468606432,0,1,0.0886075949367089,0.3008,0.306625577812018,0.31637519872814,1,1,1,1,1,1,0.337539432176656,1,0.319182389937107,0.318864774624374,0.601236476043277,0.682464454976303,1,1,0,0.310291858678955,0.122257053291536,0.998475609756098,0.0375586854460094,1,1,0.311605723370429,1,1,0.623809523809524,0.410828025477707,0.995522388059702,0.078525641025641,0.0933977455716586,1,1,1,0.0876923076923077,0,0.310185185185185,0.413416536661466,0.302469135802469,0,0.3171875,0.0848,1,1,0.31866464339909,0.304953560371517,0.23861852433281,0.3264,0.305343511450382,0.315789473684211,1,1,0.320251177394035,1,0,1,0.213716108452951,1,0.684782608695652,1,0.3078125,0.3056,0.0793157076205288,0.68075117370892,1,1,0.795348837209302,0.892455858747994,0.311424100156495,0.305111821086262,1,0.313694267515924,0.245222929936306,0.316639741518578,1,0.103875968992248,1,1,0.31924882629108,0.688102893890675,0.310509554140127,1,1,0.29984544049459,0.300469483568075,0.312883435582822,0.857594936708861,0.308661417322835,1,0.0529595015576324,1,1,0.692780337941628,0.658227848101266,0.318255250403877,0.0529595015576324,0.321981424148607,1,1,0.304347826086957,0.323943661971831,0.622727272727273,1,0.306525037936267,0.364197530864198,0.306990881458967,0.981424148606811,0.462264150943396,0.00310077519379845,0.305900621118012,0.320061255742726,0.315372424722662,0.303514376996805,0.312688821752266,0.970948012232416,1,0.309748427672956,0.541800643086817,0.693910256410256,0.222395023328149,0.694668820678514,1,0.320813771517997,0.00158478605388273,0.316118935837246,0.31104199066874,0.358695652173913,0.308056872037915,0,0.328149300155521,0.306709265175719,0.3152,0.318818040435459
"3",1,1,1,1,1,1,0.698083067092652,1,1,0.0941558441558442,1,0.0388802488335925,0.805031446540881,1,0.308777429467085,0.306962025316456,0.0582822085889571,0.691056910569106,1,1,0.290372670807453,0.306962025316456,1,0.156346749226006,1,0.328682170542636,0.310236220472441,1,1,0.783094098883573,0.3,0.710122699386503,0.968503937007874,0.310126582278481,0,1,0.5453125,1,0.299546142208775,1,0.668759811616955,0.688372093023256,0.693721286370597,1,1,0.308306709265176,0.32018927444795,0.301515151515152,0.324534161490683,0.324074074074074,0,1,0.310185185185185,1,1,0.505511811023622,0.559748427672956,1,1,1,0.331278890600925,0.313178294573643,0.308426073131955,0.680952380952381,1,1,0.0328125,1,0.0503048780487805,0.32258064516129,1,0.311526479750779,0.317741935483871,0.964686998394864,0.523148148148148,1,0.305900621118012,0.329268292682927,1,0.315705128205128,0.0853462157809984,0.321875,0.32398753894081,1,0.334365325077399,1,1,1,1,0.690993788819876,1,1,0.0015600624024961,0.0989180834621329,1,0.0397553516819572,0,1,0.568910256410256,0.679365079365079,1,0.0478468899521531,0.313385826771654,1,0.310452418096724,1,0.694099378881988,1,0.31619937694704,0.3198127925117,0.312693498452012,1,0.326018808777429,1,0.504573170731707,1,0.313755795981453,0.304821150855365,0.316998468606432,0.315457413249211,0.486656200941915,1,0.314900153609831,0.317965023847377,1,0.29984544049459,1,1,0.333333333333333,0.55030487804878,1,0.308411214953271,1,0.039039039039039,1,0.314984709480122,0.680555555555556,0.328571428571429,0.9390625,0.4304,0.0972886762360447,0.0916271721958926,1,1,0.320754716981132,1,0.31039755351682,1,0.8,1,0.315533980582524,1,1,1,1,0.333855799373041,1,0.320126782884311,0.259720062208398,1,0.30381679389313,1,0.294117647058824,0.0796875,1,0.306349206349206,1,1,1,0.335384615384615,1,0.321766561514196,1,0.303875968992248,1,0.3088,0.0714285714285714,1,0.637820512820513,1,1,0.314696485623003,1,1,1,1,0.315955766192733,0.30757341576507,1,1,0.3125,0.302215189873418,1,0.457496136012365,0.669150521609538,0,0.311811023622047,0.672496025437202,1,0.322775263951735,1,1,1,0.3198127925117,0.313755795981453,0.324675324675325,1,1,1,0,1,0.298887122416534,0.973684210526316,0.323296354992076,0.307332293291732,0.751962323390895,1,1,1,1,1,0.0412044374009509,0.307814992025518,0.311248073959938,1,0.68558282208589,1,1,0.998430141287284,1,1,1,0.00463678516228748,0.326153846153846,1,0.306729264475743,1,0.297045101088647,1,1,1,1,1,0.322981366459627,1,0.495192307692308,0.322169059011164,0.321928460342146,0.309375,0.31911532385466,0.327044025157233,0.412420382165605,0.322981366459627,0.310077519379845,0.306976744186047,1,0.318181818181818,1,0.684049079754601,0.306729264475743,0.323619631901841,0.329113924050633,1,1,1,0.265402843601896,0.314152410575428,1,0.310832025117739,0.316109422492401,0.307210031347962,0.318042813455657,0.683962264150943,1,0.32262996941896,0.306709265175719,1,0.2976,1,0.31441717791411,0.317411402157165,1,1,1,0.543778801843318,1,0.690251572327044,0.0776255707762557,0.318611987381703,1,1,0.0923317683881064,0.306027820710974,0.319047619047619,1,1,0.301538461538462,0.0235109717868339,0.0032258064516129,1,1,0.332819722650231,0.998432601880878,1,0.306603773584906,1,1,0.310664605873261,1,1,1,1,0.326594090202177,0.303353658536585,0.319935691318328,1,1,0.67737003058104,0.321372854914197,1,0.312404287901991,0.290880503144654,1,1,1,1,1,0.323343848580442,1,1,0.101612903225806,0.328703703703704,0.482115085536547,0.304897314375987,0.678071539657854,0.315789473684211,1,0.307692307692308,0.326594090202177,0.259659969088099,0.314728682170543,1,0.31969696969697,1,1,1,0.3024,0.311926605504587,1,0.929260450160772,0.0555555555555556,1,0.309486780715397,0.310618066561014,0.308917197452229,1,0.319508448540707,0.47723704866562,0.325,0.300155520995334,0.301127214170692,0.301916932907348,1,0.322378716744914,1,1,0,1,0.325,1,1,1,0.328593996840442,1,0.310509554140127,1,0.831513260530421,1,1,1,0.314375987361769,1,1,0.313178294573643,0.305993690851735,1,1,0.315707620528771,0.195685670261941,1,1,1,0,0.308681672025723,1,0.314329738058552,0.257503949447077,1,0.685496183206107,0.429007633587786,1,1,0.683734939759036,0.697637795275591,0.34012539184953,1,0.323899371069182,1,1,0.322327044025157,1,1,0.00773993808049536,0.32182103610675,1,1,0.3203125,1,1,0.303937007874016,0.348367029548989,1,1,1,0.521604938271605,0.308641975308642,0.337519623233909,0.316187594553706,0.325038880248834,0.692307692307692,0.318885448916409,0.32967032967033,0.322530864197531,0.247634069400631,0.312,1,0.322530864197531,1,0.322884012539185,0.0754147812971342,0.0429447852760736,1,1,0.031055900621118,1,0.691603053435115,0.0388802488335925,0.010989010989011,1,0.6828125,1,1,0.547880690737834,1,0,0.0689102564102564,1,1,1,0.319488817891374,0.654078549848943,0.701612903225806,0.99236641221374,1,0.986024844720497,0.299843014128728,0.346518987341772,1,0.293563579277865,1,0.3703125,0.101880877742947,0.299689440993789,0.319758672699849,0.325657894736842,1,0.0785824345146379,1,1,1,0.263399693721286,0.321144674085851,1,0.322274881516588,1,1,0.306376360808709,1,0.318385650224215,1,0.311526479750779,0.313099041533546,1,0.67879746835443,0.311077389984825,1,0.317111459968603,0.754358161648177,0.316187594553706,0.168469860896445,0.316030534351145,0.769592476489028,0.3136,1,0.324534161490683,0.329249617151608,0.294027565084227,1,1,1,0.974193548387097,0.34860883797054,1,0.320695102685624,1,0.316476345840131,0.317972350230415,1,1,1,0.924882629107981,1,0.302290076335878,0.31733746130031,1,1,0.0470219435736677,0.0729001584786054,1,1,0.308426073131955,1,1,0.311424100156495,1,1,0.688854489164087,0.538343558282209,1,0,1,1,0.0947204968944099,0.319620253164557,1,0.322085889570552,1,0.973186119873817,1,0.816358024691358,1,0.32475884244373,1,1,1,0,0.299352750809061,1,1,0.678125,1,0.31201248049922,0.355384615384615,0.320872274143302,1,1,1,0.0899390243902439,0.320126782884311,0.0856219709208401,1,0.304747320061256,0.302469135802469,0.350467289719626,0,1,0.964506172839506,1,1,0.324281150159744,0.305471124620061,0.164817749603803,0.0344827586206897,0.317460317460317,0.310236220472441,0.321928460342146,0.0016,0.307931570762053,1,0,0.319571865443425,1,1,1,0.317411402157165,0.314674735249622,0.0302547770700637,1,0.307936507936508,0.313664596273292,1,1,0.3140625,0.703703703703704,1,1,0.686614173228347,1,0.309597523219814,1,0.311605723370429,0.533541341653666,0.67687595712098,0.401206636500754,1,0.297256097560976,0.314152410575428,0.690031152647975,0.670278637770898,1,0.316923076923077,1,0.321156773211568,1,0.312597200622084,0.312202852614897,0.347962382445141,0.523364485981308,0.312698412698413,0.305863708399366,0.67032967032967,0.315217391304348,0.1504,1,0,1,0.298412698412698,1,0,0.30952380952381,0.306709265175719,1,0.0466867469879518,1,0.0794912559618442,0.336477987421384,1,0.0578125,0.6734375,1,1,1,0.304347826086957,0.0351681957186544,1,0.422600619195046,0.092948717948718,0.355590062111801,0.321044546850998,0.322981366459627,1,1,1,1,1,0.0574886535552194,0.996908809891808,0.688751926040062,0.00451807228915663,0.317111459968603,1,1,1,1,0.0753532182103611,0.317972350230415,1,1,1,1,1,1,0.499236641221374,0.00158730158730159,1,0.0806201550387597,0.315132605304212,0.4453125,1,0.38801261829653,0.311688311688312,0.304347826086957,1,0.0363349131121643,0.311550151975684,1,1,0.36984126984127,0.306748466257669,0.305426356589147,0.313311688311688,1,0.32807570977918,0.312210200927357,0.411111111111111,0.315132605304212,0.976887519260401,0.303215926493109,0.074313408723748,0.316692667706708,0,1,0.0864779874213836,0.307936507936508,0.311912225705329,0.315457413249211,1,1,1,1,1,1,0.333865814696486,1,0.313694267515924,0.308823529411765,0.60708782742681,0.689873417721519,1,1,0,0.306278713629403,0.123052959501558,1,0.03486529318542,1,1,0.311897106109325,1,1,0.636070853462158,0.413183279742765,0.997032640949555,0.0759493670886076,0.0912,1,1,1,0.0870253164556962,0,0.315467075038285,0.413145539906103,0.31441717791411,0,0.323899371069182,0.080952380952381,1,1,0.322530864197531,0.317972350230415,0.250798722044728,0.330658105939005,0.308755760368664,0.321044546850998,1,1,0.323809523809524,1,0,1,0.227129337539432,1,0.675465838509317,1,0.3109375,0.300632911392405,0.0669781931464174,0.68167701863354,1,1,0.795562599049128,0.896940418679549,0.310236220472441,0.311501597444089,1,0.31201248049922,0.259493670886076,0.316455696202532,1,0.0969230769230769,1,1,0.315132605304212,0.685483870967742,0.307570977917981,1,1,0.306853582554517,0.296124031007752,0.311349693251534,0.84887459807074,0.312989045383412,1,0.0497667185069984,1,1,0.695121951219512,0.653543307086614,0.319078947368421,0.0533751962323391,0.317460317460317,1,1,0.302215189873418,0.324409448818898,0.616793893129771,1,0.30640243902439,0.371385083713851,0.300613496932515,0.987692307692308,0.487261146496815,0.00307219662058372,0.299065420560748,0.319938176197836,0.321259842519685,0.309904153354633,0.316030534351145,0.975346687211094,1,0.308641975308642,0.553745928338762,0.688575899843505,0.239938080495356,0.690322580645161,1,0.319182389937107,0.0031201248049922,0.326018808777429,0.308166409861325,0.364485981308411,0.318037974683544,0,0.333858267716535,0.312101910828025,0.322632423756019,0.309375
"4",1,1,1,1,1,1,0.695299837925446,1,1,0.0886699507389163,1,0.0450885668276973,0.816720257234727,1,0.329052969502408,0.316957210776545,0.059190031152648,0.680713128038898,1,1,0.296474358974359,0.322006472491909,1,0.152647975077882,1,0.338607594936709,0.325769854132901,1,1,0.7968,0.318910256410256,0.748807631160572,0.970219435736677,0.316535433070866,0,1,0.527733755942948,1,0.314241486068111,1,0.654952076677316,0.664,0.681538461538462,1,1,0.336012861736334,0.327390599675851,0.316614420062696,0.334384858044164,0.340729001584786,0,1,0.316770186335404,1,1,0.510603588907015,0.552287581699346,1,1,1,0.346456692913386,0.32952691680261,0.331730769230769,0.676703645007924,1,1,0.0352564102564103,1,0.0545171339563863,0.327613104524181,1,0.328025477707006,0.334431630971993,0.962356792144026,0.499212598425197,1,0.313479623824451,0.344287949921753,1,0.326797385620915,0.0804597701149425,0.338709677419355,0.332797427652733,1,0.341158059467919,1,1,1,1,0.684210526315789,1,1,0.00158227848101266,0.100156494522692,1,0.0482866043613707,0,1,0.547231270358306,0.66347687400319,1,0.0538336052202284,0.323854660347551,1,0.314696485623003,1,0.676751592356688,1,0.325878594249201,0.328616352201258,0.323943661971831,1,0.336990595611285,1,0.475894245723173,1,0.328593996840442,0.288401253918495,0.331775700934579,0.330143540669856,0.4703125,1,0.322932917316693,0.318840579710145,1,0.3136,1,1,0.321656050955414,0.550387596899225,1,0.3264,1,0.0426179604261796,1,0.323943661971831,0.669781931464174,0.334905660377358,0.933753943217666,0.430693069306931,0.0961538461538462,0.0851735015772871,1,1,0.333870967741935,1,0.323574730354391,1,0.81259842519685,1,0.334975369458128,1,1,1,1,0.342443729903537,1,0.33442088091354,0.245222929936306,1,0.320251177394035,1,0.306349206349206,0.082258064516129,1,0.318471337579618,1,1,1,0.341194968553459,1,0.331723027375201,1,0.319620253164557,1,0.333333333333333,0.0661417322834646,1,0.623140495867769,1,1,0.327447833065811,1,1,1,1,0.33015873015873,0.32182103610675,1,1,0.329635499207607,0.319354838709677,1,0.451104100946372,0.661585365853659,0,0.322784810126582,0.669316375198728,1,0.330745341614907,1,1,1,0.327503974562798,0.327131782945736,0.325842696629214,1,1,1,0,1,0.314424635332253,0.977564102564103,0.333855799373041,0.318910256410256,0.747634069400631,1,1,1,1,1,0.0442338072669826,0.324324324324324,0.333333333333333,1,0.670906200317965,1,1,0.998387096774194,1,1,1,0.00473186119873817,0.306376360808709,1,0.312,1,0.3125,1,1,1,1,1,0.330696202531646,1,0.519230769230769,0.335463258785943,0.32755905511811,0.318255250403877,0.333333333333333,0.341307814992026,0.425806451612903,0.332288401253919,0.325949367088608,0.322834645669291,1,0.331738437001595,1,0.670846394984326,0.325984251968504,0.295133437990581,0.346518987341772,1,1,1,0.249190938511327,0.324409448818898,1,0.32569558101473,0.33179012345679,0.32258064516129,0.328660436137072,0.678456591639871,1,0.331775700934579,0.329052969502408,1,0.306425041186161,1,0.322085889570552,0.316455696202532,1,1,1,0.522082018927445,1,0.67515923566879,0.0755007704160247,0.331179321486268,1,1,0.0904836193447738,0.334384858044164,0.326332794830372,1,1,0.307086614173228,0.0236593059936909,0.00320512820512821,1,1,0.347826086956522,0.998425196850394,1,0.319875776397516,1,1,0.323943661971831,1,1,1,1,0.332258064516129,0.322981366459627,0.338788870703764,1,1,0.654952076677316,0.322169059011164,1,0.328100470957614,0.313195548489666,1,1,1,1,1,0.338118022328549,1,1,0.105519480519481,0.34384858044164,0.4992,0.318255250403877,0.659305993690852,0.325617283950617,1,0.322061191626409,0.342857142857143,0.246815286624204,0.330232558139535,1,0.337442218798151,1,1,1,0.311688311688312,0.320813771517997,1,0.938741721854305,0.0620031796502385,1,0.3248,0.326332794830372,0.31810766721044,1,0.334379905808477,0.462145110410095,0.329173166926677,0.309904153354633,0.330618892508143,0.319554848966614,1,0.3264,1,1,0,1,0.334920634920635,1,1,1,0.336012861736334,1,0.324675324675325,1,0.838557993730408,1,1,1,0.318110236220472,1,1,0.320433436532508,0.326984126984127,1,1,0.324492979719189,0.181818181818182,1,1,1,0,0.320907617504052,1,0.320813771517997,0.233870967741935,1,0.668740279937792,0.441679626749611,1,1,0.671802773497689,0.6976,0.35828025477707,1,0.327476038338658,1,1,0.344,1,1,0.0095389507154213,0.334928229665072,1,1,0.330645161290323,1,1,0.324193548387097,0.331775700934579,1,1,1,0.540752351097179,0.318611987381703,0.360258481421648,0.324159021406728,0.341158059467919,0.684039087947883,0.330218068535826,0.342857142857143,0.320251177394035,0.22257053291536,0.33442088091354,1,0.329192546583851,1,0.322834645669291,0.0747663551401869,0.0488188976377953,1,1,0.0396825396825397,1,0.681458003169572,0.0458135860979463,0.0145867098865478,1,0.666134185303514,1,1,0.538950715421304,1,0,0.06645056726094,1,1,1,0.334928229665072,0.639939485627837,0.67779632721202,0.995283018867924,1,0.984326018808777,0.31637519872814,0.334905660377358,1,0.307324840764331,1,0.381877022653722,0.1,0.313694267515924,0.332298136645963,0.350340136054422,1,0.0719874804381847,1,1,1,0.247261345852895,0.329581993569132,1,0.325358851674641,1,1,0.323296354992076,1,0.330757341576507,1,0.3184,0.331230283911672,1,0.666666666666667,0.322530864197531,1,0.326892109500805,0.782539682539683,0.321316614420063,0.154458598726115,0.326153846153846,0.785031847133758,0.321895424836601,1,0.333333333333333,0.341614906832298,0.302547770700637,1,1,1,0.968595041322314,0.333881578947368,1,0.33115823817292,1,0.329489291598023,0.329635499207607,1,1,1,0.927536231884058,1,0.324574961360124,0.33175355450237,1,1,0.0439739413680782,0.0750798722044728,1,1,0.317589576547231,1,1,0.324281150159744,1,1,0.669291338582677,0.527301092043682,1,0,1,1,0.0923076923076923,0.331240188383046,1,0.335949764521193,1,0.966453674121406,1,0.831761006289308,1,0.332794830371567,1,1,1,0,0.32516339869281,1,1,0.662420382165605,1,0.3264,0.373040752351097,0.32695374800638,1,1,1,0.0835913312693498,0.332797427652733,0.0815660685154976,1,0.322429906542056,0.3140625,0.359497645211931,0,1,0.958333333333333,1,1,0.334410339256866,0.316535433070866,0.145135566188198,0.0385232744783307,0.330708661417323,0.324281150159744,0.332298136645963,0.00161812297734628,0.329113924050633,1,0,0.323029366306028,1,1,1,0.329704510108865,0.3198127925117,0.034257748776509,1,0.319620253164557,0.317683881064163,1,1,0.33015873015873,0.692953020134228,1,1,0.679032258064516,1,0.3203125,1,0.319422150882825,0.513219284603421,0.658385093167702,0.409861325115562,1,0.311708860759494,0.32626427406199,0.670926517571885,0.652647975077882,1,0.331240188383046,1,0.339506172839506,1,0.326984126984127,0.321086261980831,0.355661881977671,0.528125,0.330605564648118,0.316211878009631,0.648953301127214,0.322274881516588,0.144499178981938,1,0,1,0.3008,1,0,0.325914149443561,0.326298701298701,1,0.0557228915662651,1,0.0782747603833866,0.354943273905997,1,0.0615141955835962,0.653968253968254,1,1,1,0.323920265780731,0.0403726708074534,1,0.434920634920635,0.0932475884244373,0.368584758942457,0.330721003134796,0.332298136645963,1,1,1,1,1,0.0590062111801242,0.995348837209302,0.67601246105919,0.00461538461538462,0.329652996845426,1,1,1,1,0.0825396825396825,0.32093023255814,1,1,1,1,1,1,0.480739599383667,0.00160771704180064,1,0.0753532182103611,0.330203442879499,0.427432216905901,1,0.403252032520325,0.31953642384106,0.325914149443561,1,0.0414673046251994,0.326366559485531,1,1,0.38599348534202,0.31496062992126,0.32348367029549,0.328455284552846,1,0.340322580645161,0.325471698113208,0.42258064516129,0.326433121019108,0.972929936305732,0.328149300155521,0.0794165316045381,0.33175355450237,0,1,0.0846905537459283,0.317512274959083,0.328571428571429,0.320388349514563,1,1,1,1,1,1,0.338788870703764,1,0.32258064516129,0.326599326599327,0.618066561014263,0.668276972624799,1,1,0,0.330218068535826,0.116242038216561,1,0.0340909090909091,1,1,0.326892109500805,1,1,0.628246753246753,0.430693069306931,0.995412844036697,0.0721153846153846,0.0906148867313916,1,1,1,0.0781499202551834,0,0.329133858267717,0.424050632911392,0.326086956521739,0,0.337620578778135,0.0764331210191083,1,1,0.321316614420063,0.32753164556962,0.225442834138486,0.339774557165862,0.318611987381703,0.332810047095761,1,1,0.335483870967742,1,0,1,0.216981132075472,1,0.667716535433071,1,0.320512820512821,0.318627450980392,0.0710900473933649,0.671899529042386,1,1,0.775641025641026,0.895765472312704,0.323717948717949,0.32626427406199,1,0.334415584415584,0.244019138755981,0.32512315270936,1,0.0959752321981424,1,1,0.323717948717949,0.664484451718494,0.320450885668277,1,1,0.31875,0.320695102685624,0.325508607198748,0.871224165341812,0.32512315270936,1,0.0512820512820513,1,1,0.681962025316456,0.645468998410175,0.335548172757475,0.0518867924528302,0.325949367088608,1,1,0.317460317460317,0.335987261146497,0.612341772151899,1,0.316118935837246,0.374223602484472,0.315457413249211,0.981337480559876,0.461049284578696,0.00464396284829721,0.312989045383412,0.326625386996904,0.339228295819936,0.31973898858075,0.325617283950617,0.971786833855799,1,0.329093799682035,0.533117932148627,0.667721518987342,0.226114649681529,0.681742043551089,1,0.335433070866142,0.00161290322580645,0.334913112164297,0.322834645669291,0.363067292644757,0.329073482428115,0,0.342812006319115,0.32741935483871,0.328548644338118,0.320695102685624
"5",1,1,1,1,1,1,0.709935897435897,1,1,0.0982286634460548,1,0.0432766615146832,0.824367088607595,1,0.310509554140127,0.302795031055901,0.0667701863354037,0.691437802907916,1,1,0.28503937007874,0.305958132045089,1,0.150855365474339,1,0.321483771251932,0.307453416149068,1,1,0.8,0.302180685358255,0.738058551617874,0.972222222222222,0.309968847352025,0,1,0.547581903276131,1,0.299093655589124,1,0.669781931464174,0.684782608695652,0.698924731182796,1,1,0.309791332263242,0.305993690851735,0.302290076335878,0.313546423135464,0.326656394453005,0,1,0.308049535603715,1,1,0.494417862838915,0.562204724409449,1,1,1,0.327692307692308,0.308544303797468,0.316455696202532,0.6896,1,1,0.0352,1,0.0612855007473842,0.31055900621118,1,0.319875776397516,0.323854660347551,0.965244865718799,0.516329704510109,1,0.304615384615385,0.331782945736434,1,0.316045380875203,0.0854838709677419,0.3203125,0.323390894819466,1,0.335403726708075,1,1,1,1,0.692901234567901,1,1,0,0.1015625,1,0.0440060698027314,0,1,0.569354838709677,0.678125,1,0.0590111642743222,0.311912225705329,1,0.30379746835443,1,0.686520376175549,1,0.307931570762053,0.31496062992126,0.309748427672956,1,0.317111459968603,1,0.487692307692308,1,0.311320754716981,0.292117465224111,0.312977099236641,0.316037735849057,0.478125,0.998435054773083,0.312989045383412,0.3125,1,0.30030959752322,1,1,0.31875,0.541856925418569,1,0.308426073131955,1,0.04047976011994,1,0.307339449541284,0.681538461538462,0.31974921630094,0.932496075353218,0.432,0.0976744186046512,0.0921875,1,1,0.325434439178515,1,0.313546423135464,1,0.815384615384615,1,0.31637519872814,1,1,1,1,0.326923076923077,1,0.317307692307692,0.253499222395023,1,0.303317535545024,1,0.297939778129952,0.0805687203791469,1,0.301587301587302,1,1,1,0.33535660091047,1,0.324615384615385,1,0.3015625,1,0.311605723370429,0.076103500761035,1,0.631921824104234,1,1,0.313195548489666,1,1,1,1,0.318611987381703,0.304147465437788,1,0.9984375,0.30625,0.303937007874016,1,0.441679626749611,0.674242424242424,0,0.31619937694704,0.680124223602484,1,0.320987654320988,1,0.998477929984779,1,0.3109375,0.311627906976744,0.320126782884311,1,1,1,0,1,0.301282051282051,0.974643423137876,0.318541996830428,0.299531981279251,0.743034055727554,1,1,1,1,1,0.0440944881889764,0.312302839116719,0.317757009345794,1,0.681818181818182,1,1,0.998435054773083,0.998449612403101,1,1,0.0015625,0.309090909090909,1,0.305732484076433,1,0.291666666666667,1,1,1,1,1,0.318471337579618,1,0.503949447077409,0.317384370015949,0.319083969465649,0.307692307692308,0.312698412698413,0.328571428571429,0.41838351822504,0.319875776397516,0.307453416149068,0.306853582554517,1,0.321428571428571,1,0.694656488549618,0.307210031347962,0.306976744186047,0.327503974562798,1,1,1,0.25,0.307098765432099,1,0.30952380952381,0.321483771251932,0.304278922345483,0.315467075038285,0.692675159235669,1,0.315301391035549,0.309636650868878,1,0.296950240770466,1,0.303543913713405,0.299531981279251,1,1,1,0.544186046511628,1,0.684952978056426,0.0832072617246596,0.314152410575428,1,1,0.095679012345679,0.312893081761006,0.3216,1,1,0.296583850931677,0.0217729393468118,0.00159489633173844,1,1,0.332321699544765,0.998410174880763,1,0.309119010819165,1,1,0.308049535603715,1,1,1,1,0.32182103610675,0.303030303030303,0.319354838709677,1,1,0.68167701863354,0.3046875,1,0.308641975308642,0.296238244514107,1,1,0.998452012383901,1,1,0.316535433070866,1,1,0.0996784565916399,0.33693972179289,0.479559748427673,0.303317535545024,0.6796875,0.311827956989247,1,0.309262166405024,0.326923076923077,0.248847926267281,0.31839258114374,1,0.316109422492401,1,1,1,0.31055900621118,0.316923076923077,0.998444790046656,0.924920127795527,0.0638977635782748,1,0.306027820710974,0.314285714285714,0.306962025316456,1,0.319508448540707,0.464898595943838,0.317111459968603,0.303599374021909,0.30016051364366,0.303174603174603,1,0.313099041533546,1,1,0,1,0.318252730109204,1,1,1,0.323390894819466,1,0.30379746835443,1,0.845201238390093,1,1,1,0.312210200927357,1,1,0.31201248049922,0.3198127925117,1,1,0.303875968992248,0.187017001545595,1,0.998447204968944,1,0,0.3024,1,0.3046875,0.237421383647799,1,0.678071539657854,0.442396313364055,1,1,0.685325264750378,0.698738170347003,0.334905660377358,1,0.313479623824451,1,1,0.333333333333333,1,0.998415213946117,0.00632911392405063,0.3203125,1,1,0.315372424722662,1,1,0.29874213836478,0.328220858895706,1,1,1,0.521671826625387,0.301710730948678,0.333860759493671,0.308845577211394,0.321483771251932,0.696594427244582,0.316923076923077,0.311320754716981,0.310769230769231,0.241001564945227,0.310897435897436,1,0.313161875945537,0.998435054773083,0.31039755351682,0.0819423368740516,0.0479876160990712,1,1,0.037914691943128,1,0.688271604938272,0.0398089171974522,0.0109034267912773,1,0.69170579029734,1,1,0.529874213836478,1,0,0.0721153846153846,1,1,1,0.311708860759494,0.657616892911011,0.687797147385103,0.992307692307692,1,0.984544049459042,0.298904538341158,0.330203442879499,1,0.29570747217806,1,0.370426829268293,0.0987261146496815,0.300613496932515,0.307575757575758,0.31953642384106,1,0.0801815431164902,1,1,1,0.25531914893617,0.315789473684211,1,0.316614420062696,1,1,0.307692307692308,1,0.314199395770393,1,0.304897314375987,0.305511811023622,1,0.683464566929134,0.310606060606061,1,0.3056,0.766975308641975,0.307926829268293,0.155864197530864,0.310769230769231,0.772870662460568,0.297427652733119,1,0.31924882629108,0.329192546583851,0.287250384024578,1,1,1,0.967532467532468,0.334991708126036,1,0.315533980582524,1,0.310064935064935,0.316436251920123,1,1,1,0.919811320754717,1,0.305936073059361,0.319314641744548,1,1,0.05,0.0775316455696203,1,1,0.300314465408805,1,1,0.303030303030303,1,1,0.6859375,0.540123456790123,1,0,1,1,0.0975232198142415,0.317757009345794,1,0.314152410575428,0.998427672955975,0.969453376205788,0.998430141287284,0.834094368340944,1,0.316045380875203,1,1,1,0,0.305194805194805,1,1,0.683229813664596,1,0.31201248049922,0.351063829787234,0.311145510835913,1,1,1,0.0863636363636364,0.312,0.0893141945773525,0.998444790046656,0.303680981595092,0.302290076335878,0.349606299212598,0,1,0.959311424100156,1,1,0.318541996830428,0.295731707317073,0.14937106918239,0.0392464678178964,0.308544303797468,0.306477093206951,0.322033898305085,0,0.307219662058372,1,0,0.313546423135464,1,1,1,0.313271604938272,0.309451219512195,0.0323624595469256,1,0.313084112149533,0.306376360808709,1,1,0.305993690851735,0.701954397394137,1,1,0.69826224328594,1,0.303599374021909,1,0.308049535603715,0.535384615384615,0.675968992248062,0.396656534954407,1,0.289634146341463,0.30829420970266,0.692307692307692,0.675840978593272,1,0.322530864197531,1,0.321752265861027,1,0.307332293291732,0.308056872037915,0.348031496062992,0.521538461538462,0.3104,0.306376360808709,0.673879443585781,0.306501547987616,0.145161290322581,1,0,1,0.288643533123028,1,0,0.3136,0.3104,1,0.055472263868066,1,0.0834645669291339,0.339228295819936,1,0.0678233438485804,0.669266770670827,1,1,1,0.30278232405892,0.0396341463414634,1,0.418351477449456,0.0946372239747634,0.35,0.3140625,0.319938176197836,1,1,1,1,1,0.0643185298621746,0.995363214837713,0.696734059097978,0.00151515151515152,0.317683881064163,1,1,1,1,0.0829493087557604,0.298325722983257,1,1,1,1,1,1,0.483969465648855,0,1,0.0824427480916031,0.315541601255887,0.42992125984252,1,0.400316455696203,0.305057096247961,0.303125,1,0.0372093023255814,0.317829457364341,1,1,0.364217252396166,0.309815950920245,0.306122448979592,0.314424635332253,0.998470948012232,0.324281150159744,0.309375,0.408450704225352,0.311912225705329,0.970858895705521,0.306990881458967,0.0843949044585987,0.321259842519685,0,1,0.0875,0.300476947535771,0.312989045383412,0.31924882629108,1,1,1,1,1,1,0.325732899022801,1,0.304347826086957,0.310743801652893,0.596273291925466,0.6912,1,1,0,0.311349693251534,0.109375,0.998496240601504,0.0368589743589744,1,1,0.303459119496855,1,1,0.61198738170347,0.397727272727273,0.995502248875562,0.0768,0.0935023771790808,1,1,1,0.0882352941176471,0,0.30781010719755,0.412225705329154,0.309707241910632,0,0.323671497584541,0.0832025117739403,1,1,0.309119010819165,0.310344827586207,0.237048665620094,0.330143540669856,0.308282208588957,0.310185185185185,1,1,0.324281150159744,1,0,1,0.217665615141956,1,0.679626749611198,1,0.302795031055901,0.296474358974359,0.0718654434250764,0.687888198757764,1,1,0.791139240506329,0.893030794165316,0.311912225705329,0.314606741573034,1,0.312401883830455,0.2484375,0.320450885668277,1,0.0984615384615385,1,1,0.313178294573643,0.688,0.299373040752351,1,1,0.297507788161994,0.302180685358255,0.311827956989247,0.855572998430141,0.316957210776545,1,0.0535987748851455,1,1,0.703875968992248,0.662480376766091,0.323248407643312,0.0532915360501567,0.324574961360124,1,1,0.30829420970266,0.326530612244898,0.617554858934169,1,0.303951367781155,0.362095531587057,0.304821150855365,0.989180834621329,0.4688,0.00314465408805031,0.29922480620155,0.321100917431193,0.317610062893082,0.309061488673139,0.310291858678955,0.967492260061919,1,0.309859154929577,0.5553772070626,0.685897435897436,0.228125,0.69721767594108,1,0.318611987381703,0.0015748031496063,0.324409448818898,0.308166409861325,0.351937984496124,0.317683881064163,0,0.324921135646688,0.309636650868878,0.310832025117739,0.311627906976744
"6",1,1,1,1,1,1,0.707592891760905,1,1,0.0966183574879227,1,0.0503937007874016,0.803827751196172,1,0.302215189873418,0.293103448275862,0.0668740279937792,0.693811074918567,1,1,0.282296650717703,0.307324840764331,1,0.160125588697017,1,0.316535433070866,0.305246422893482,1,1,0.77511961722488,0.29922480620155,0.718944099378882,0.96583850931677,0.302547770700637,0,1,0.553323029366306,1,0.292237442922374,1,0.674603174603175,0.693146417445483,0.701996927803379,1,1,0.304700162074554,0.298722044728434,0.296583850931677,0.309006211180124,0.31733746130031,0,1,0.299382716049383,1,1,0.483974358974359,0.576243980738363,1,1,1,0.318252730109204,0.301127214170692,0.306122448979592,0.69701726844584,1,1,0.0377952755905512,1,0.0604229607250755,0.305471124620061,1,0.308892355694228,0.316720257234727,0.97007874015748,0.52276295133438,1,0.3,0.324534161490683,1,0.308306709265176,0.0894308943089431,0.311501597444089,0.311111111111111,1,0.323943661971831,1,1,1,1,0.700934579439252,1,1,0.0015552099533437,0.105828220858896,1,0.0524691358024691,0,1,0.568144499178982,0.686305732484076,1,0.0588235294117647,0.304897314375987,1,0.2992,1,0.7,1,0.300314465408805,0.305379746835443,0.3078125,1,0.317111459968603,1,0.501519756838906,1,0.3046875,0.30503144654088,0.311627906976744,0.308056872037915,0.497622820919176,1,0.303680981595092,0.301612903225806,1,0.291600633914422,1,1,0.330188679245283,0.541666666666667,1,0.305511811023622,1,0.0467571644042232,1,0.301391035548686,0.684210526315789,0.316535433070866,0.927899686520376,0.432520325203252,0.1078125,0.0981012658227848,1,1,0.322429906542056,1,0.303951367781155,1,0.797527047913447,1,0.314935064935065,1,1,1,1,0.324960753532182,1,0.309178743961353,0.261075949367089,1,0.302652106084243,1,0.296703296703297,0.0913385826771654,1,0.30016051364366,1,1,1,0.32182103610675,1,0.318611987381703,1,0.296529968454259,1,0.310177705977383,0.0796875,1,0.650819672131148,1,1,0.310897435897436,1,1,1,1,0.312893081761006,0.29153605015674,1,1,0.299065420560748,0.302507836990596,1,0.457757296466974,0.67427701674277,0,0.303459119496855,0.6801872074883,1,0.312111801242236,1,1,1,0.304416403785489,0.308049535603715,0.311183144246353,1,1,1,0,1,0.3,0.971246006389776,0.313195548489666,0.296998420221169,0.762870514820593,1,1,1,1,1,0.04858934169279,0.3088,0.317757009345794,1,0.689167974882261,1,1,0.998415213946117,1,1,1,0.0047244094488189,0.324574961360124,1,0.296825396825397,1,0.2890625,1,1,1,1,1,0.318541996830428,1,0.508744038155803,0.314285714285714,0.313271604938272,0.303656597774245,0.312,0.313099041533546,0.413848631239936,0.324492979719189,0.302180685358255,0.30188679245283,1,0.306853582554517,1,0.701996927803379,0.29874213836478,0.321592649310873,0.321316614420063,1,1,1,0.26984126984127,0.301109350237718,1,0.304625199362041,0.316666666666667,0.3078125,0.312597200622084,0.694968553459119,1,0.306625577812018,0.304,1,0.293159609120521,1,0.311926605504587,0.305379746835443,1,1,1,0.547546012269939,1,0.698907956318253,0.0833333333333333,0.30564263322884,1,1,0.0993788819875776,0.306853582554517,0.316211878009631,1,1,0.28902627511592,0.0263565891472868,0.00317460317460317,1,1,0.321981424148607,0.998435054773083,1,0.298600311041991,1,1,0.307098765432099,1,1,1,1,0.311111111111111,0.299079754601227,0.316211878009631,1,1,0.685358255451713,0.304075235109718,1,0.303405572755418,0.281645569620253,1,1,1,1,1,0.30829420970266,1,1,0.110047846889952,0.321928460342146,0.484423676012461,0.295774647887324,0.678288431061807,0.305900621118012,1,0.304487179487179,0.319047619047619,0.261205564142195,0.313572542901716,1,0.315870570107858,1,1,1,0.302066772655008,0.309597523219814,1,0.922204213938412,0.0705128205128205,1,0.307332293291732,0.303656597774245,0.303514376996805,1,0.313755795981453,0.481308411214953,0.3109375,0.297939778129952,0.301127214170692,0.296998420221169,1,0.307324840764331,1,1,0,1,0.31378763866878,1,1,1,0.317965023847377,1,0.295345104333868,1,0.830745341614907,1,1,1,0.304747320061256,1,1,0.297939778129952,0.303599374021909,1,1,0.301435406698565,0.202472952086553,1,1,1,0,0.305732484076433,1,0.3,0.257097791798107,1,0.688372093023256,0.427244582043344,1,1,0.694152923538231,0.71563981042654,0.341692789968652,1,0.30625,1,1,0.318110236220472,1,1,0.00943396226415094,0.316037735849057,1,1,0.311004784688995,1,1,0.296,0.342549923195084,1,1,1,0.533751962323391,0.298761609907121,0.343799058084772,0.308845577211394,0.325508607198748,0.696141479099678,0.317683881064163,0.314465408805031,0.30568356374808,0.250783699059561,0.312202852614897,1,0.307098765432099,1,0.304821150855365,0.0828313253012048,0.0525502318392581,1,1,0.0423861852433281,1,0.701399688958009,0.0479876160990712,0.012924071082391,1,0.689274447949527,1,1,0.534700315457413,1,0,0.0761750405186386,1,1,1,0.308306709265176,0.664145234493192,0.700325732899023,0.992331288343558,1,0.981337480559876,0.289308176100629,0.343898573692552,1,0.295055821371611,1,0.364485981308411,0.111287758346582,0.294753086419753,0.307098765432099,0.322742474916388,1,0.0785824345146379,1,1,1,0.266362252663623,0.308562197092084,1,0.309178743961353,1,1,0.297674418604651,1,0.31969696969697,1,0.2992,0.308527131782946,1,0.691573926868045,0.297709923664122,1,0.300157977883096,0.758190327613105,0.306976744186047,0.161993769470405,0.306525037936267,0.770569620253165,0.296,1,0.310236220472441,0.329173166926677,0.284829721362229,1,1,1,0.966237942122186,0.350245499181669,1,0.314424635332253,1,0.306425041186161,0.311926605504587,1,1,1,0.92018779342723,1,0.300613496932515,0.304747320061256,1,1,0.0543130990415335,0.0794912559618442,1,1,0.29746835443038,1,1,0.300632911392405,1,1,0.692913385826772,0.545731707317073,1,0,1,1,0.10355486862442,0.318471337579618,1,0.313291139240506,1,0.963549920760697,1,0.814352574102964,1,0.317073170731707,1,1,1,0,0.303571428571429,1,1,0.681962025316456,1,0.308892355694228,0.350387596899225,0.315541601255887,1,1,1,0.0923076923076923,0.302694136291601,0.0912,1,0.294117647058824,0.291021671826625,0.342271293375394,0,1,0.951104100946372,1,1,0.311897106109325,0.294027565084227,0.168269230769231,0.0429936305732484,0.305379746835443,0.292721518987342,0.313755795981453,0.00158982511923688,0.308777429467085,1,0,0.304281345565749,1,1,1,0.306376360808709,0.309119010819165,0.0374592833876222,1,0.304416403785489,0.294298921417565,1,1,0.306962025316456,0.702127659574468,1,1,0.703296703296703,1,0.296636085626911,1,0.299684542586751,0.545871559633027,0.687306501547988,0.393617021276596,1,0.296923076923077,0.308056872037915,0.691455696202532,0.677018633540373,1,0.309486780715397,1,0.315384615384615,1,0.304075235109718,0.296116504854369,0.336492890995261,0.510903426791277,0.308426073131955,0.295345104333868,0.675,0.303459119496855,0.152597402597403,1,0,1,0.281399046104928,1,0,0.306836248012719,0.310126582278481,1,0.0591805766312595,1,0.0927672955974843,0.3152,1,0.0686427457098284,0.691338582677165,1,1,1,0.304065040650407,0.0446841294298921,1,0.417197452229299,0.1,0.343076923076923,0.311627906976744,0.306027820710974,1,1,1,1,1,0.0657492354740061,1,0.697674418604651,0.00455235204855842,0.309486780715397,1,1,1,1,0.0868217054263566,0.301092043681747,1,1,1,1,1,1,0.503086419753086,0.00158478605388273,1,0.0838509316770186,0.306853582554517,0.439324116743472,1,0.380726698262243,0.298850574712644,0.299212598425197,1,0.0436817472698908,0.312210200927357,1,1,0.361769352290679,0.300787401574803,0.303459119496855,0.309178743961353,1,0.321086261980831,0.309597523219814,0.403846153846154,0.309033280507132,0.968847352024922,0.299539170506912,0.0822368421052632,0.316957210776545,0,1,0.0890302066772655,0.299050632911392,0.312202852614897,0.307324840764331,1,1,1,1,1,1,0.3216,1,0.304140127388535,0.308998302207131,0.603100775193798,0.689710610932476,1,1,0,0.308868501529052,0.125984251968504,1,0.0396825396825397,1,1,0.303174603174603,1,1,0.621621621621622,0.403940886699507,1,0.0818619582664527,0.100813008130081,1,1,1,0.0861244019138756,0,0.306278713629403,0.415335463258786,0.309119010819165,0,0.313880126182965,0.087719298245614,1,1,0.309119010819165,0.310769230769231,0.246422893481717,0.328125,0.305900621118012,0.305772230889236,1,1,0.313504823151125,1,0,1,0.237341772151899,1,0.68380062305296,1,0.306349206349206,0.292962356792144,0.0757341576506955,0.685758513931889,1,1,0.809148264984227,0.900813008130081,0.308176100628931,0.307568438003221,1,0.303514376996805,0.260869565217391,0.305958132045089,1,0.104199066874028,1,1,0.305511811023622,0.694444444444444,0.302215189873418,1,1,0.295558958652374,0.299531981279251,0.309968847352025,0.864433811802233,0.301765650080257,1,0.0595611285266458,1,1,0.705607476635514,0.663492063492063,0.311582381729201,0.0622083981337481,0.305993690851735,1,1,0.29393468118196,0.315047021943574,0.628346456692913,1,0.299382716049383,0.369230769230769,0.30077519379845,0.981762917933131,0.487261146496815,0.00473186119873817,0.292758089368259,0.314728682170543,0.308306709265176,0.304975922953451,0.302611367127496,0.975270479134467,1,0.305863708399366,0.555555555555556,0.6912,0.244548286604361,0.696574225122349,1,0.318681318681319,0.00318471337579618,0.312693498452012,0.303405572755418,0.35625,0.309033280507132,0,0.319685039370079,0.306836248012719,0.312399355877617,0.302215189873418
"7",0.722950819672131,0.7085346215781,0.698083067092652,0.695299837925446,0.709935897435897,0.707592891760905,1,0.700813008130081,0.700949367088608,0.40327868852459,0.706814580031696,0.333333333333333,0.516233766233766,0.699523052464229,0.0111821086261981,0.0112,0.355450236966825,0.988372093023256,0.691318327974277,0.70859872611465,0.00646203554119548,0.00809061488673139,0.695447409733124,0.456279809220986,0.708268330733229,0.0111111111111111,0.0115321252059308,0.685154975530179,0.715179968701095,0.50402576489533,0.0111464968152866,0.437001594896332,0.655448717948718,0.0176565008025682,0.303079416531605,0.710659898477157,0.852380952380952,0.69826224328594,0.0125195618153365,0.715408805031447,0.983660130718954,0.988993710691824,0.987519500780031,0.692185007974482,0.702746365105008,0.00974025974025974,0.016025641025641,0.0142630744849445,0.00964630225080386,0.0125391849529781,0.287519747235387,0.702439024390244,0.0110236220472441,0.698541329011345,0.714285714285714,0.20097244732577,0.864820846905538,0.705414012738854,0.703761755485893,0.6992,0.0205696202531646,0.0113085621970921,0.00963081861958266,0.985553772070626,0.711475409836066,0.699842022116904,0.327014218009479,0.69983948635634,0.362385321100917,0.0111111111111111,0.697933227344992,0.0112359550561798,0.0148760330578512,0.744262295081967,0.828525641025641,0.705069124423963,0.00786163522012579,0.0108695652173913,0.701754385964912,0.012987012987013,0.368333333333333,0.0129032258064516,0.011400651465798,0.698564593301435,0.0141287284144427,0.699074074074074,0.7085346215781,0.693650793650794,0.705977382875606,0.989045383411581,0.699680511182109,0.697852760736196,0.289348171701113,0.394944707740916,0.702265372168285,0.334379905808477,0.292063492063492,0.713615023474178,0.875415282392027,0.990243902439024,0.711356466876972,0.350565428109855,0.0111642743221691,0.709784411276949,0.0112,0.694888178913738,0.987158908507223,0.700636942675159,0.00970873786407767,0.0128205128205128,0.0125984251968504,0.708268330733229,0.0160513643659711,0.7008,0.782334384858044,0.716049382716049,0.0112903225806452,0.605678233438486,0.014018691588785,0.0112540192926045,0.78060413354531,0.7056,0.00943396226415094,0.0131578947368421,0.697160883280757,0.0128205128205128,0.708396946564885,0.7109375,0.607085346215781,0.2328125,0.701149425287356,0.012779552715655,0.700657894736842,0.337984496124031,0.687908496732026,0.0141732283464567,0.985668789808917,0.0128,0.639553429027113,0.122778675282714,0.395461912479741,0.38610662358643,0.705882352941177,0.699013157894737,0.0143312101910828,0.706645056726094,0.0108191653786708,0.719298245614035,0.52803738317757,0.700787401574803,0.0132450331125828,0.714052287581699,0.710569105691057,0.700490998363339,0.698083067092652,0.0145161290322581,0.7085346215781,0.00980392156862745,0.531545741324921,0.696485623003195,0.0125588697017268,0.697347893915757,0.00964630225080386,0.388178913738019,0.703583061889251,0.00970873786407767,0.708333333333333,0.700787401574803,0.69047619047619,0.0253164556962025,0.694267515923567,0.00963081861958266,0.705501618122977,0.0110410094637224,0.704620462046205,0.012987012987013,0.38740157480315,0.72,0.965058236272879,0.728455284552846,0.703470031545741,0.00656814449917898,0.715890850722311,0.703225806451613,0.701112877583466,0.695721077654517,0.011400651465798,0.010989010989011,0.699335548172757,0.686614173228347,0.0125391849529781,0.00981996726677578,0.696343402225755,0.745542949756888,0.973724884080371,0.297427652733119,0.0111642743221691,0.98740157480315,0.710031347962382,0.00940438871473354,0.701468189233279,0.713385826771654,0.695924764890282,0.00950871632329636,0.0141287284144427,0.0114942528735632,0.694006309148265,0.694630872483222,0.703174603174603,0.29344262295082,0.721417069243156,0.0114192495921697,0.677830940988836,0.0128410914927769,0.012924071082391,0.567092651757188,0.69951534733441,0.699523052464229,0.699842022116904,0.709728867623604,0.705400981996727,0.333333333333333,0.0113452188006483,0.0126382306477093,0.705229793977813,0.984350547730829,0.702786377708978,0.709627329192547,0.701112877583466,0.714285714285714,0.732371794871795,0.709576138147567,0.288643533123028,0.607874015748031,0.715873015873016,0.00983606557377049,0.7072,0.0063391442155309,0.706708268330733,0.710569105691057,0.712918660287081,0.696428571428571,0.704918032786885,0.0112,0.693522906793049,0.224390243902439,0.00796178343949045,0.00934579439252336,0.0147299509001637,0.00978792822185971,0.0130293159609121,0.114192495921697,0.00642054574638844,0.00636942675159236,0.0126782884310618,0.704866562009419,0.0113085621970921,0.697520661157025,0.992175273865415,0.0111287758346582,0.587301587301587,0.0129032258064516,0.692939244663383,0.702093397745572,0.710144927536232,0.548956661316212,0.0111821086261981,0.703349282296651,0.00802568218298555,0.00946372239747634,0.00478468899521531,0.0109204368174727,0.987240829346092,0.706730769230769,0.0109034267912773,0.012924071082391,0.702922077922078,0.00969305331179321,0.705696202531646,0.0124416796267496,0.0111821086261981,0.712903225806452,0.703459637561779,0.719101123595506,0.843393148450245,0.702614379084967,0.988941548183254,0.377708978328173,0.0112721417069243,0.708399366085578,0.699675324675325,0.394944707740916,0.0110584518167457,0.0132231404958678,0.697674418604651,0.696574225122349,0.0095389507154213,0.323151125401929,0.283171521035599,0.717073170731707,0.706270627062706,0.0188087774294671,0.697933227344992,0.719568567026194,0.0125786163522013,0.716129032258065,0.723004694835681,0.00958466453674121,0.714754098360656,0.705787781350482,0.70926517571885,0.709320695102686,0.0128824476650564,0.0126182965299685,0.0116086235489221,0.713153724247227,0.696629213483146,0.981012658227848,0.0158982511923688,0.700647249190938,0.0109546165884194,0.0096,0.705882352941177,0.697452229299363,0.713836477987421,0.709677419354839,0.705790297339593,0.00813008130081301,0.715670436187399,0.707792207792208,0.397350993377483,0.0111287758346582,0.17124394184168,0.0129449838187702,0.987117552334944,0.0125786163522013,0.705882352941177,0.0126382306477093,0.0113085621970921,0.552,0.00949367088607595,0.702439024390244,0.0141509433962264,0.704838709677419,0.721780604133545,0.71405750798722,0.00974025974025974,0.0110410094637224,0.697305863708399,0.626446280991735,0.356677524429967,0.722044728434505,0.0110935023771791,0.0144230769230769,0.00966183574879227,0.696284329563813,0.014018691588785,0.780564263322884,0.0111642743221691,0.0114566284779051,0.0114754098360656,0.0113452188006483,0.694835680751174,0.00974025974025974,0.7,0.694488188976378,0.304487179487179,0.708064516129032,0.00813008130081301,0.704581358609795,0.704968944099379,0.713355048859935,0.0126984126984127,0.707882534775889,0.00980392156862745,0.69922480620155,0.547318611987382,0.6957928802589,0.701954397394137,0.716300940438871,0.0127186009538951,0.695723684210526,0.715890850722311,0.0113085621970921,0.0144694533762058,0.701754385964912,0.713153724247227,0.0095389507154213,0.4913112164297,0.707865168539326,0.684466019417476,0.691823899371069,0.295055821371611,0.0146341463414634,0.721854304635762,0.0112359550561798,0.548231511254019,0.7085346215781,0.990445859872611,0.125391849529781,0.701168614357262,0.70125786163522,0.989096573208723,0.984025559105431,0.0304975922953451,0.70048309178744,0.0095389507154213,0.712662337662338,0.701812191103789,0.0113085621970921,0.695238095238095,0.693910256410256,0.297906602254428,0.0112179487179487,0.700159489633174,0.704065040650407,0.00980392156862745,0.7125,0.723228995057661,0.00972447325769854,0.634108527131783,0.709415584415584,0.706349206349206,0.689210950080515,0.21608832807571,0.0111642743221691,0.0293159609120521,0.0108527131782946,0.0111642743221691,0.98546042003231,0.00943396226415094,0.0177133655394525,0.0110584518167457,0.545454545454545,0.0163398692810458,0.716510903426791,0.0170807453416149,0.698717948717949,0.0176282051282051,0.368992248062016,0.353503184713376,0.702362204724409,0.713615023474178,0.336,0.705211726384365,0.992063492063492,0.346709470304976,0.287319422150883,0.702194357366771,0.985781990521327,0.710862619808307,0.7136,0.241435562805873,0.693650793650794,0.286833855799373,0.376026272577997,0.708265802269044,0.698587127158556,0.723027375201288,0.00970873786407767,0.963746223564955,0.990016638935108,0.705229793977813,0.69551282051282,0.692431561996779,0.0143312101910828,0.6304,0.699044585987261,0.00958466453674121,0.712,0.0645669291338583,0.4032,0.0140845070422535,0.0109717868338558,0.0219966159052453,0.699376947040498,0.365777080062794,0.697347893915757,0.70655737704918,0.707006369426752,0.547770700636943,0.012987012987013,0.708064516129032,0.0144694533762058,0.700980392156863,0.704318936877076,0.0110236220472441,0.705211726384365,0.00771604938271605,0.696284329563813,0.012924071082391,0.0113085621970921,0.699044585987261,0.99025974025974,0.0078740157480315,0.70096463022508,0.0112721417069243,0.452380952380952,0.0124416796267496,0.459546925566343,0.0123647604327666,0.470774091627172,0.013136288998358,0.706840390879479,0.0127591706539075,0.0142630744849445,0.0111111111111111,0.7056,0.702439024390244,0.7046875,0.678217821782178,0.638190954773869,0.70952380952381,0.0147783251231527,0.697933227344992,0.00838926174496644,0.0110236220472441,0.698890649762282,0.698697068403909,0.7140625,0.634340222575517,0.697637795275591,0.00946372239747634,0.0127591706539075,0.693877551020408,0.700647249190938,0.34257748776509,0.3824,0.707395498392283,0.705211726384365,0.0113452188006483,0.720257234726688,0.697530864197531,0.016,0.711947626841244,0.709935897435897,0.990506329113924,0.850234009360374,0.708064516129032,0.291731669266771,0.720967741935484,0.706070287539936,0.377742946708464,0.0143312101910828,0.717285945072698,0.0112,0.702265372168285,0.67515923566879,0.7072,0.554502369668246,0.717532467532468,0.00657894736842105,0.704,0.693811074918567,0.696574225122349,0.296124031007752,0.00830564784053156,0.695364238410596,0.705882352941177,0.991909385113269,0.693037974683544,0.0128,0.0506329113924051,0.0110935023771791,0.704581358609795,0.7,0.703099510603589,0.389589905362776,0.0114566284779051,0.382978723404255,0.686178861788618,0.010989010989011,0.0094488188976378,0.0427892234548336,0.297297297297297,0.690821256038647,0.667721518987342,0.699680511182109,0.708860759493671,0.0114942528735632,0.0126984126984127,0.456730769230769,0.345718901453958,0.0111821086261981,0.00974025974025974,0.0156494522691706,0.276948590381426,0.00810372771474878,0.69922480620155,0.298045602605863,0.0125984251968504,0.698234349919743,0.705400981996727,0.705128205128205,0.0126582278481013,0.0126582278481013,0.328358208955224,0.702875399361022,0.0145631067961165,0.0110062893081761,0.706539074960128,0.708920187793427,0.0144,0.990115321252059,0.711475409836066,0.71107544141252,0.985483870967742,0.701095461658842,0.00947867298578199,0.708943089430894,0.0144927536231884,0.844094488188976,0.987381703470032,0.110591900311526,0.697933227344992,0.0110410094637224,0.00955414012738853,0.990697674418605,0.9859375,0.702060221870048,0.00634920634920635,0.710702341137124,0.0140625,0.710569105691057,0.0113268608414239,0.0112179487179487,0.0456769983686786,0.238546603475513,0.0129449838187702,0.008,0.985645933014354,0.012779552715655,0.458881578947368,0.696485623003195,0.29746835443038,0.693650793650794,0.00963081861958266,0.715686274509804,0.296296296296296,0.0113268608414239,0.0115131578947368,0.694942903752039,0.357032457496136,0.69811320754717,0.387987012987013,0.0337620578778135,0.691935483870968,0.376395534290271,0.979299363057325,0.714285714285714,0.703703703703704,0.70364500792393,0.00985221674876847,0.338006230529595,0.713615023474178,0.119354838709677,0.38961038961039,0.0454545454545455,0.0112,0.0111287758346582,0.712460063897764,0.690048939641109,0.71658615136876,0.705229793977813,0.710144927536232,0.35981308411215,0.711388455538221,0.993630573248408,0.295558958652374,0.0127388535031847,0.697068403908795,0.715447154471545,0.7085346215781,0.698738170347003,0.368421052631579,0.0126782884310618,0.694136291600634,0.69281045751634,0.695364238410596,0.707792207792208,0.70906200317965,0.703225806451613,0.789889415481833,0.294788273615635,0.71107544141252,0.374193548387097,0.00964630225080386,0.745222929936306,0.707317073170732,0.0918032786885246,0.0115702479338843,0.0127186009538951,0.707006369426752,0.32753164556962,0.0111464968152866,0.703001579778831,0.716535433070866,0.0532258064516129,0.0125786163522013,0.00478468899521531,0.0148760330578512,0.701587301587302,0.0128617363344051,0.010989010989011,0.112540192926045,0.0129449838187702,0.666666666666667,0.00930232558139535,0.381342062193126,0.0111111111111111,0.294952681388013,0.709003215434084,0.385232744783307,0.0112721417069243,0.0112540192926045,0.0209339774557166,0.693877551020408,0.700787401574803,0.711256117455139,0.706349206349206,0.69485903814262,0.696920583468395,0.0241935483870968,0.709728867623604,0.00642054574638844,0.0135593220338983,0.300319488817891,0.993464052287582,0.700315457413249,0.70253164556962,0.29635499207607,0.0109717868338558,0.408517350157729,0.704791344667697,0.337579617834395,0.703821656050955,0.710097719869707,0.0113268608414239,0.7056,0.702020202020202,0.314238952536825,0.0998363338788871,0.702909647779479,0.367647058823529,0.39443535188216,0.699523052464229,0.694942903752039,0.726247987117552,0.379421221864952,0.294209702660407,0.00946372239747634,0.108552631578947,0.0124031007751938,0.309148264984227,0.0161550888529887,0.378861788617886,0.70952380952381,0.702614379084967,0.0141955835962145,0.0125588697017268,0.531847133757962,0.0196078431372549,0.0125786163522013,0.014308426073132,0.705787781350482,0.693418940609952,0.0130932896890344,0.709284627092846,0.296238244514107,0.691297208538588,0.516129032258065,0.722039473684211,0.988924050632911,0.708006279434851,0.00972447325769854,0.00986842105263158,0.380191693290735,0.987480438184664,0.693548387096774,0.703049759229534,0.925039872408293,0.608196721311475,0.00963081861958266,0.0112721417069243,0.706349206349206,0.0128617363344051,0.557692307692308,0.0115702479338843,0.691358024691358,0.390127388535032,0.70096463022508,0.702875399361022,0.008,0.98694942903752,0.00966183574879227,0.721666666666667,0.706362153344209,0.00796178343949045,0.0111287758346582,0.00941915227629513,0.574918566775244,0.00807754442649435,0.701444622792937,0.360062893081761,0.697115384615385,0.694581280788177,0.990461049284579,0.951534733441034,0.0099009900990099,0.3536,0.00811688311688312,0.700647249190938,0.690280065897858,0.0112721417069243,0.0128617363344051,0.853968253968254,0.70820189274448,0.0126182965299685,0.106918238993711,0.00797448165869218,0.698587127158556,0.785031847133758,0.307324840764331,0.0145631067961165,0.0109375,0.0128,0.0130505709624796,0.0108191653786708,0.733652312599681,0.710144927536232,0.0111287758346582,0.872727272727273,0.986798679867987,0.533546325878594,0.993355481727575,0.707278481012658,0.0143540669856459,0.294685990338164,0.0128410914927769,0.0112179487179487,0.120826709062003,0.0113821138211382,0.294488188976378,0.0125786163522013,0.0146341463414634,0.0114192495921697,0.0095389507154213
"8",1,1,1,1,1,1,0.700813008130081,1,1,0.103559870550162,1,0.0486656200941915,0.809983896940419,1,0.320574162679426,0.308661417322835,0.065625,0.679153094462541,1,1,0.292913385826772,0.313001605136437,1,0.158307210031348,1,0.329133858267717,0.311897106109325,1,1,0.788553259141494,0.313479623824451,0.731319554848967,0.965625,0.318681318681319,0,1,0.537360890302067,1,0.300763358778626,1,0.66304347826087,0.681889763779528,0.68798751950078,1,1,0.326194398682043,0.3184,0.315384615384615,0.325984251968504,0.322429906542056,0,1,0.313572542901716,1,1,0.494327390599676,0.557142857142857,1,1,1,0.32753164556962,0.320574162679426,0.315619967793881,0.677725118483412,1,1,0.0379746835443038,1,0.0612557427258806,0.325038880248834,1,0.322734499205087,0.322475570032573,0.960975609756098,0.50788643533123,1,0.310725552050473,0.333333333333333,1,0.317230273752013,0.0872374798061389,0.32794830371567,0.334405144694534,1,0.341232227488152,1,1,1,1,0.68503937007874,1,1,0,0.104928457869634,1,0.0481366459627329,0,1,0.553571428571429,0.668284789644013,1,0.0569620253164557,0.311004784688995,1,0.313821138211382,1,0.687797147385103,1,0.319047619047619,0.31924882629108,0.322834645669291,1,0.331259720062208,1,0.479134466769706,1,0.312302839116719,0.295489891135303,0.318952234206472,0.3216,0.478605388272583,1,0.32398753894081,0.322528363047002,1,0.312401883830455,1,1,0.330128205128205,0.555038759689922,1,0.320126782884311,1,0.044478527607362,1,0.314465408805031,0.674050632911392,0.326892109500805,0.929467084639498,0.429508196721311,0.101426307448494,0.0969793322734499,1,1,0.341346153846154,1,0.318529862174579,1,0.799689440993789,1,0.32626427406199,1,1,1,1,0.333333333333333,1,0.32258064516129,0.257763975155279,1,0.3171875,1,0.304278922345483,0.0869565217391304,1,0.3152,1,1,1,0.329704510108865,1,0.32741935483871,1,0.305379746835443,1,0.320695102685624,0.0757097791798107,1,0.64026402640264,1,1,0.3168,1,1,1,1,0.317460317460317,0.313385826771654,1,1,0.316358024691358,0.308562197092084,1,0.4578125,0.670212765957447,0,0.314873417721519,0.665605095541401,1,0.326053042121685,1,1,1,0.319047619047619,0.315047021943574,0.324590163934426,1,1,1,0,1,0.308943089430894,0.97444089456869,0.325806451612903,0.308544303797468,0.736925515055468,1,1,1,1,1,0.0462519936204147,0.317610062893082,0.32807570977918,1,0.6796875,1,1,0.998425196850394,1,1,1,0.0031201248049922,0.316535433070866,1,0.312202852614897,1,0.313084112149533,1,1,1,1,1,0.322327044025157,1,0.507936507936508,0.324492979719189,0.330721003134796,0.320967741935484,0.328638497652582,0.330683624801272,0.424878836833603,0.326594090202177,0.329721362229102,0.315132605304212,1,0.322429906542056,1,0.688650306748466,0.320512820512821,0.308049535603715,0.335987261146497,1,1,1,0.2672,0.311526479750779,1,0.32475884244373,0.329249617151608,0.321144674085851,0.322884012539185,0.682539682539683,1,0.325038880248834,0.3216,1,0.301458670988655,1,0.3140625,0.317111459968603,1,1,1,0.531347962382445,1,0.685534591194969,0.0801232665639445,0.318541996830428,1,1,0.0982839313572543,0.319182389937107,0.327922077922078,1,1,0.309486780715397,0.0251572327044025,0.00321027287319422,1,1,0.338983050847458,0.998425196850394,1,0.311248073959938,1,1,0.317034700315457,1,1,1,1,0.328593996840442,0.308049535603715,0.331147540983607,1,1,0.662440570522979,0.317034700315457,1,0.322480620155039,0.30503144654088,1,1,1,1,1,0.32755905511811,1,1,0.111290322580645,0.33953488372093,0.494435612082671,0.3136,0.667197452229299,0.31937984496124,1,0.308306709265176,0.335987261146497,0.2601246105919,0.319314641744548,1,0.328638497652582,1,1,1,0.303514376996805,0.321928460342146,1,0.925249169435216,0.0654952076677316,1,0.317034700315457,0.324324324324324,0.306946688206785,1,0.327586206896552,0.465818759936407,0.333860759493671,0.313504823151125,0.312703583061889,0.309791332263242,1,0.325320512820513,1,1,0,1,0.320450885668277,1,1,1,0.3322528363047,1,0.3152,1,0.837282780410742,1,1,1,0.314241486068111,1,1,0.308917197452229,0.312893081761006,1,1,0.31687898089172,0.192429022082019,1,1,1,0,0.313915857605178,1,0.318037974683544,0.250406504065041,1,0.67192429022082,0.436817472698908,1,1,0.682515337423313,0.705414012738854,0.350793650793651,1,0.328571428571429,1,1,0.330670926517572,1,1,0.0078740157480315,0.326433121019108,1,1,0.32626427406199,1,1,0.313408723747981,0.335413416536661,1,1,1,0.527386541471048,0.314465408805031,0.345541401273885,0.320121951219512,0.32807570977918,0.6912,0.326086956521739,0.328593996840442,0.316770186335404,0.24203821656051,0.321543408360129,1,0.31924882629108,1,0.318181818181818,0.0868217054263566,0.0517241379310345,1,1,0.0406885758998435,1,0.6890625,0.0438184663536776,0.0129032258064516,1,0.67515923566879,1,1,0.549520766773163,1,0,0.0738916256157636,1,1,1,0.329635499207607,0.645645645645646,0.691176470588235,0.993836671802773,1,0.985781990521327,0.303317535545024,0.33974358974359,1,0.307568438003221,1,0.367834394904459,0.104669887278583,0.302936630602782,0.320373250388802,0.331081081081081,1,0.0850077279752705,1,1,1,0.261205564142195,0.32695374800638,1,0.322274881516588,1,1,0.306122448979592,1,0.328808446455505,1,0.310126582278481,0.32484076433121,1,0.681388012618297,0.32,1,0.307568438003221,0.759433962264151,0.314152410575428,0.164296998420221,0.314814814814815,0.775641025641026,0.310679611650485,1,0.326465927099842,0.333858267716535,0.298412698412698,1,1,1,0.970394736842105,0.341021416803954,1,0.325878594249201,1,0.316666666666667,0.315955766192733,1,1,1,0.919303797468354,1,0.313271604938272,0.314152410575428,1,1,0.0490998363338789,0.0772870662460568,1,1,0.309636650868878,1,1,0.319620253164557,1,1,0.675078864353312,0.525581395348837,1,0,1,1,0.0996884735202492,0.325396825396825,1,0.329652996845426,1,0.966237942122186,1,0.820031298904538,1,0.338211382113821,1,1,1,0,0.318936877076412,1,1,0.673534072900158,1,0.329073482428115,0.357142857142857,0.324367088607595,1,1,1,0.090625,0.318770226537217,0.0894568690095847,1,0.310344827586207,0.311627906976744,0.351735015772871,0,1,0.955342902711324,1,1,0.33015873015873,0.30521472392638,0.1632,0.0429936305732484,0.326433121019108,0.314873417721519,0.328173374613003,0,0.321875,1,0,0.320373250388802,1,1,1,0.316279069767442,0.322429906542056,0.0333333333333333,1,0.313971742543171,0.3109375,1,1,0.329133858267717,0.689883913764511,1,1,0.689490445859873,1,0.314152410575428,1,0.31629392971246,0.520865533230294,0.669767441860465,0.404615384615385,1,0.302180685358255,0.31629392971246,0.681747269890796,0.668769716088328,1,0.317757009345794,1,0.323029366306028,1,0.311320754716981,0.315457413249211,0.350078492935636,0.531847133757962,0.318770226537217,0.315024232633279,0.665064102564103,0.323390894819466,0.155258764607679,1,0,1,0.294585987261146,1,0,0.330696202531646,0.321951219512195,1,0.0599078341013825,1,0.0874403815580286,0.336025848142165,1,0.0694006309148265,0.680379746835443,1,1,1,0.308702791461412,0.043343653250774,1,0.42902711323764,0.092948717948718,0.356143079315708,0.324409448818898,0.321483771251932,1,1,1,1,1,0.0664605873261206,0.995275590551181,0.688751926040062,0.00303490136570561,0.315955766192733,1,1,1,1,0.0876369327073552,0.317610062893082,1,1,1,1,1,1,0.4828125,0,1,0.0839813374805599,0.322327044025157,0.424764890282132,1,0.396135265700483,0.31810766721044,0.318037974683544,1,0.0398724082934609,0.324409448818898,1,1,0.370967741935484,0.315707620528771,0.316211878009631,0.326298701298701,1,0.337133550488599,0.318541996830428,0.423948220064725,0.317683881064163,0.970125786163522,0.316279069767442,0.0836012861736334,0.326433121019108,0,1,0.0878594249201278,0.3088,0.315457413249211,0.316129032258064,1,1,1,1,1,1,0.33278955954323,1,0.317384370015949,0.31965811965812,0.619808306709265,0.677524429967427,1,1,0,0.313084112149533,0.1203125,1,0.0394944707740916,1,1,0.316957210776545,1,1,0.632075471698113,0.416666666666667,0.995461422087746,0.0790322580645161,0.100486223662885,1,1,1,0.0887480190174326,0,0.317683881064163,0.417460317460317,0.316037735849057,0,0.32475884244373,0.0930599369085174,1,1,0.321538461538462,0.312401883830455,0.248407643312102,0.336025848142165,0.310832025117739,0.321656050955414,1,1,0.328050713153724,1,0,1,0.215088282504013,1,0.673534072900158,1,0.308917197452229,0.318181818181818,0.0779014308426073,0.677067082683307,1,1,0.787638668779715,0.883495145631068,0.312401883830455,0.318840579710145,1,0.321259842519685,0.260450160771704,0.325619834710744,1,0.103174603174603,1,1,0.314285714285714,0.67430441898527,0.316129032258064,1,1,0.307692307692308,0.311501597444089,0.326594090202177,0.863344051446945,0.314606741573034,1,0.0563380281690141,1,1,0.696734059097978,0.642289348171701,0.314102564102564,0.0584518167456556,0.3265625,1,1,0.298107255520505,0.3296,0.622464898595944,1,0.3140625,0.382945736434109,0.309748427672956,0.984301412872841,0.472668810289389,0.00315955766192733,0.303738317757009,0.31832298136646,0.329545454545455,0.319422150882825,0.320121951219512,0.973643410852713,1,0.31637519872814,0.539936102236422,0.680511182108626,0.24294670846395,0.682926829268293,1,0.328525641025641,0,0.320754716981132,0.315541601255887,0.354938271604938,0.32258064516129,0,0.338582677165354,0.315112540192926,0.314194577352472,0.313099041533546
"9",1,1,1,1,1,1,0.700949367088608,1,1,0.0979133226324237,1,0.0479876160990712,0.804140127388535,1,0.316279069767442,0.299531981279251,0.0664605873261206,0.690437601296596,1,1,0.284820031298905,0.306603773584906,1,0.170616113744076,1,0.327073552425665,0.310236220472441,1,1,0.776729559748428,0.304953560371517,0.718223583460949,0.962962962962963,0.3109375,0,1,0.54953560371517,1,0.289193302891933,1,0.677115987460815,0.695178849144635,0.696784073506891,1,1,0.306729264475743,0.30188679245283,0.308157099697885,0.313636363636364,0.31859756097561,0,1,0.311145510835913,1,1,0.490506329113924,0.572100313479624,1,1,1,0.318461538461538,0.306976744186047,0.305863708399366,0.687888198757764,1,1,0.0420560747663551,1,0.0607407407407407,0.315950920245399,1,0.31104199066874,0.314606741573034,0.965023847376789,0.523219814241486,1,0.303680981595092,0.329787234042553,1,0.3056,0.0903225806451613,0.311912225705329,0.313664596273292,1,0.332293291731669,1,1,1,1,0.697347893915757,1,1,0.00155763239875389,0.105100463678516,1,0.05,0,1,0.556270096463023,0.673501577287066,1,0.0615141955835962,0.299843014128728,1,0.306853582554517,1,0.695517774343122,1,0.308176100628931,0.31937984496124,0.307931570762053,1,0.315047021943574,1,0.502269288956127,1,0.296238244514107,0.305810397553517,0.319402985074627,0.305900621118012,0.489263803680982,0.998452012383901,0.32,0.306581059390048,1,0.299373040752351,1,1,0.342146189735614,0.550834597875569,1,0.316455696202532,1,0.0440060698027314,1,0.31055900621118,0.68125,0.324159021406728,0.928348909657321,0.431781701444623,0.103286384976526,0.0953125,1,1,0.329093799682035,1,0.309923664122137,1,0.79483282674772,1,0.318979266347687,1,1,1,1,0.325038880248834,1,0.318611987381703,0.269113149847095,1,0.308166409861325,1,0.297939778129952,0.0850393700787402,1,0.307814992025518,1,1,1,0.331297709923664,1,0.310452418096724,1,0.302003081664099,1,0.31619937694704,0.0770416024653313,1,0.640449438202247,1,1,0.310015898251192,1,1,1,1,0.320872274143302,0.307692307692308,1,0.998432601880878,0.314503816793893,0.295819935691318,1,0.452566096423017,0.674735249621785,0,0.317901234567901,0.67651632970451,1,0.3202416918429,1,0.998475609756098,1,0.31055900621118,0.313755795981453,0.319554848966614,1,1,1,0,1,0.302362204724409,0.973354231974922,0.325,0.303875968992248,0.747692307692308,1,1,1,1,1,0.046801872074883,0.316535433070866,0.32258064516129,1,0.684049079754601,1,1,0.998442367601246,0.998473282442748,1,1,0.0046801872074883,0.333333333333333,1,0.309748427672956,1,0.293494704992436,1,1,1,1,1,0.318181818181818,1,0.499212598425197,0.3198127925117,0.32,0.303514376996805,0.3140625,0.317535545023697,0.411392405063291,0.319508448540707,0.310185185185185,0.306501547987616,1,0.314152410575428,1,0.691131498470948,0.304953560371517,0.325652841781874,0.329153605015674,1,1,1,0.271604938271605,0.309859154929577,1,0.3125,0.319508448540707,0.303738317757009,0.316436251920123,0.693396226415094,1,0.319018404907975,0.311811023622047,1,0.299352750809061,1,0.300925925925926,0.300940438871473,1,1,1,0.547169811320755,1,0.692068429237947,0.0823353293413174,0.314728682170543,1,1,0.102643856920684,0.316846986089645,0.320063694267516,1,1,0.3015625,0.0249609984399376,0.00322061191626409,1,1,0.330275229357798,0.998449612403101,1,0.30804248861912,1,1,0.313271604938272,1,1,1,1,0.326053042121685,0.298937784522003,0.317460317460317,1,1,0.676970633693972,0.30781010719755,1,0.312594840667678,0.287519747235387,1,1,0.998470948012232,1,1,0.321766561514196,1,1,0.1024,0.325652841781874,0.492845786963434,0.296529968454259,0.674565560821485,0.315384615384615,1,0.311708860759494,0.328616352201258,0.272588055130168,0.31859756097561,1,0.32312404287902,1,1,1,0.306962025316456,0.322085889570552,0.998449612403101,0.920255183413078,0.0663507109004739,1,0.309707241910632,0.310452418096724,0.299840510366826,1,0.31866464339909,0.476489028213166,0.320493066255778,0.311627906976744,0.303656597774245,0.300940438871473,1,0.310236220472441,1,1,0,1,0.318681318681319,1,1,1,0.322884012539185,1,0.302839116719243,1,0.831007751937984,1,1,1,0.306976744186047,1,1,0.30188679245283,0.309597523219814,1,1,0.31937984496124,0.199692780337942,1,0.998459167950693,1,0,0.307324840764331,1,0.301538461538462,0.263736263736264,1,0.68,0.423547400611621,1,1,0.687218045112782,0.709375,0.342064714946071,1,0.313664596273292,1,1,0.322274881516588,1,0.998430141287284,0.00946372239747634,0.31832298136646,1,1,0.315873015873016,1,1,0.298578199052133,0.34789391575663,1,1,1,0.521604938271605,0.300623052959502,0.335949764521193,0.307692307692308,0.319758672699849,0.695787831513261,0.324200913242009,0.315217391304348,0.311077389984825,0.262578616352201,0.313694267515924,1,0.31651376146789,0.998420221169036,0.307332293291732,0.0858433734939759,0.053680981595092,1,1,0.0417956656346749,1,0.689814814814815,0.0441640378548896,0.0138248847926267,1,0.688271604938272,1,1,0.553291536050157,1,0,0.0706260032102729,1,1,1,0.311424100156495,0.653846153846154,0.698083067092652,0.992401215805471,1,0.984350547730829,0.300925925925926,0.346811819595645,1,0.297637795275591,1,0.356697819314642,0.105769230769231,0.298621745788668,0.316998468606432,0.32512315270936,1,0.0807926829268293,1,1,1,0.270353302611367,0.31496062992126,1,0.311424100156495,1,1,0.300925925925926,1,0.313813813813814,1,0.308056872037915,0.30829420970266,1,0.685358255451713,0.309451219512195,1,0.304278922345483,0.756630265210608,0.311248073959938,0.172256097560976,0.318862275449102,0.77151799687011,0.298555377207063,1,0.32093023255814,0.325190839694657,0.286377708978328,1,1,1,0.969004893964111,0.356907894736842,1,0.315024232633279,1,0.309951060358891,0.314984709480122,1,1,1,0.919003115264797,1,0.30804248861912,0.31104199066874,1,1,0.0516129032258065,0.0839936608557845,1,1,0.303715670436187,1,1,0.308056872037915,1,1,0.688372093023256,0.548238897396631,1,0,1,1,0.0980091883614089,0.317610062893082,1,0.311526479750779,0.998468606431853,0.966824644549763,0.998439937597504,0.815503875968992,1,0.322115384615385,1,1,1,0,0.312903225806452,1,1,0.6765625,1,0.30829420970266,0.354489164086687,0.314241486068111,1,1,1,0.0943683409436834,0.313572542901716,0.0914927768860353,0.998444790046656,0.307692307692308,0.299236641221374,0.345622119815668,0,1,0.956318252730109,1,1,0.318681318681319,0.296969696969697,0.17246835443038,0.0438871473354232,0.316770186335404,0.310452418096724,0.313546423135464,0.00157977883096367,0.309262166405024,1,0,0.313455657492355,1,1,1,0.308510638297872,0.318181818181818,0.0384615384615385,1,0.312698412698413,0.3,1,1,0.31055900621118,0.704361873990307,1,1,0.701095461658842,1,0.302469135802469,1,0.31201248049922,0.539393939393939,0.67651632970451,0.398473282442748,1,0.29249617151608,0.304953560371517,0.686244204018547,0.672811059907834,1,0.318952234206472,1,0.308623298033283,1,0.310832025117739,0.307098765432099,0.342229199372057,0.520865533230294,0.313291139240506,0.296703296703297,0.668769716088328,0.308049535603715,0.155844155844156,1,0,1,0.296062992125984,1,0,0.316118935837246,0.309033280507132,1,0.0594512195121951,1,0.0850393700787402,0.332814930015552,1,0.0699844479004666,0.677519379844961,1,1,1,0.296416938110749,0.0429447852760736,1,0.41287284144427,0.0935023771790808,0.344667697063369,0.323574730354391,0.320987654320988,1,1,1,1,1,0.0677710843373494,0.995398773006135,0.695517774343122,0.00447761194029851,0.313664596273292,1,1,1,1,0.0851393188854489,0.30804248861912,1,1,1,1,1,1,0.495412844036697,0.0015625,1,0.0871559633027523,0.316770186335404,0.444272445820433,1,0.394904458598726,0.299352750809061,0.306153846153846,1,0.0434782608695652,0.31104199066874,1,1,0.365079365079365,0.306976744186047,0.302469135802469,0.316957210776545,0.998432601880878,0.322222222222222,0.315301391035549,0.409090909090909,0.316118935837246,0.972477064220184,0.309090909090909,0.0864,0.315870570107858,0,1,0.0866141732283465,0.307210031347962,0.306376360808709,0.3140625,1,1,1,1,1,1,0.327476038338658,1,0.3140625,0.31404958677686,0.607142857142857,0.691943127962085,1,1,0,0.315467075038285,0.122861586314152,0.998482549317147,0.0406885758998435,1,1,0.313880126182965,1,1,0.636220472440945,0.405103668261563,0.995568685376662,0.0829346092503987,0.0992125984251968,1,1,1,0.093167701863354,0,0.307453416149068,0.4078125,0.303680981595092,0,0.316957210776545,0.0877742946708464,1,1,0.315132605304212,0.3125,0.266666666666667,0.326433121019108,0.312210200927357,0.310077519379845,1,1,0.31974921630094,1,0,1,0.237341772151899,1,0.675507020280811,1,0.299382716049383,0.305246422893482,0.077639751552795,0.678018575851393,1,1,0.797169811320755,0.901587301587302,0.318110236220472,0.302694136291601,1,0.308777429467085,0.2703125,0.309262166405024,1,0.103975535168196,1,1,0.304821150855365,0.685714285714286,0.302507836990596,1,1,0.301075268817204,0.297674418604651,0.314674735249622,0.868253968253968,0.309033280507132,1,0.0585516178736518,1,1,0.707882534775889,0.6515625,0.314935064935065,0.0604651162790698,0.320063694267516,1,1,0.298273155416013,0.3198127925117,0.635093167701863,1,0.302147239263804,0.36890243902439,0.303543913713405,0.98310291858679,0.478939157566303,0.00462962962962963,0.296875,0.316109422492401,0.324960753532182,0.307814992025518,0.309451219512195,0.970769230769231,1,0.310344827586207,0.556982343499197,0.686708860759494,0.255054432348367,0.685483870967742,1,0.307931570762053,0.00317460317460317,0.319018404907975,0.304147465437788,0.358490566037736,0.319182389937107,0,0.331768388106416,0.307814992025518,0.315541601255887,0.311216429699842
"10",0.0960264900662252,0.0964630225080386,0.0941558441558442,0.0886699507389163,0.0982286634460548,0.0966183574879227,0.40327868852459,0.103559870550162,0.0979133226324237,1,0.0952380952380952,0.946117274167987,0.0816,0.0969305331179321,0.577814569536424,0.586429725363489,0.977671451355662,0.430016863406408,0.101639344262295,0.0947030497592295,0.5968,0.584288052373159,0.104,0.953376205787781,0.108527131782946,0.561904761904762,0.567699836867863,0.0957095709570957,0.107594936708861,0.13474025974026,0.595238095238095,0.152755905511811,0.0798722044728434,0.581699346405229,0.915171288743883,0.106060606060606,0.568,0.10062893081761,0.593700787401575,0.1015625,0.445528455284553,0.424528301886792,0.427672955974843,0.0978792822185971,0.103618421052632,0.569078947368421,0.589285714285714,0.580441640378549,0.572567783094099,0.553945249597424,0.9024,0.0991735537190083,0.58307210031348,0.0951612903225806,0.101910828025478,0.391517128874388,0.541195476575121,0.0932475884244373,0.101587301587302,0.0969305331179321,0.566510172143975,0.560386473429952,0.582113821138211,0.438202247191011,0.100494233937397,0.107890499194847,0.949180327868852,0.0980707395498392,0.9734375,0.565977742448331,0.0913461538461538,0.576243980738363,0.553897180762852,0.135313531353135,0.598705501618123,0.102643856920684,0.590111642743222,0.561904761904762,0.0963665086887836,0.570247933884298,1,0.567961165048544,0.5718901453958,0.105095541401274,0.549363057324841,0.0973724884080371,0.101351351351351,0.0970873786407767,0.0981996726677578,0.426731078904992,0.0935483870967742,0.0872274143302181,0.9088,1,0.0915032679738562,0.9484375,0.905901116427432,0.0964230171073095,0.560200668896321,0.432739059967585,0.098546042003231,0.962171052631579,0.587479935794542,0.107260726072607,0.570962479608483,0.0995184590690209,0.421974522292994,0.105519480519481,0.567479674796748,0.574603174603175,0.563607085346216,0.107371794871795,0.561688311688312,0.103174603174603,0.627575277337559,0.10410094637224,0.567741935483871,0.816164817749604,0.563981042654028,0.573033707865168,0.645933014354067,0.100478468899522,0.571884984025559,0.574043261231281,0.0903328050713154,0.594896331738437,0.0930232558139535,0.100946372239748,0.780448717948718,0.557299843014129,0.0907590759075908,0.568910256410256,0.0901502504173623,0.947040498442368,0.0931372549019608,0.566978193146417,0.449044585987261,0.565560821484992,0.0324149108589951,0.650741350906096,1,1,0.0991869918699187,0.101307189542484,0.563402889245586,0.0987261146496815,0.578369905956113,0.101612903225806,0.0774193548387097,0.0987460815047022,0.579967689822294,0.0941558441558442,0.102106969205835,0.099510603588907,0.0853858784893268,0.55735056542811,0.10702875399361,0.563517915309446,0.862341772151899,0.100478468899522,0.579365079365079,0.101088646967341,0.584142394822006,0.995090016366612,0.0921052631578947,0.581548599670511,0.104065040650407,0.100158982511924,0.102439024390244,0.562998405103668,0.106035889070147,0.569131832797428,0.09688013136289,0.567699836867863,0.0957983193277311,0.569105691056911,0.987158908507223,0.0904684975767367,0.47,0.0993265993265993,0.105095541401274,0.575806451612903,0.09375,0.0972886762360447,0.0982286634460548,0.0935483870967742,0.568659127625202,0.576,0.104918032786885,0.10207336523126,0.56687898089172,0.593137254901961,0.0966183574879227,0.66984126984127,0.45046439628483,0.898876404494382,0.572347266881029,0.448165869218501,0.0909090909090909,0.563579277864992,0.099009900990099,0.0995260663507109,0.0888888888888889,0.582802547770701,0.576138147566719,0.564569536423841,0.0990712074303406,0.101160862354892,0.0922330097087379,0.913461538461538,0.0966719492868463,0.584690553745928,0.0769230769230769,0.5792,0.576547231270358,0.343949044585987,0.100649350649351,0.10062893081761,0.0875796178343949,0.101777059773829,0.0920840064620355,0.946341463414634,0.569105691056911,0.573899371069182,0.102523659305994,0.434231378763867,0.0977917981072555,0.103448275862069,0.100961538461538,0.0988835725677831,0.100323624595469,0.0972222222222222,0.910543130990415,0.797169811320755,0.100638977635783,0.583468395461912,0.0967213114754098,0.587761674718196,0.0941915227629513,0.0969305331179321,0.0970873786407767,0.09688013136289,0.105090311986864,0.557692307692308,0.0987261146496815,0.383252818035427,0.565008025682183,0.561014263074485,0.579378068739771,0.564019448946515,0.561174551386623,0.658374792703151,0.556270096463023,0.567567567567568,0.569400630914827,0.102685624012638,0.566558441558442,0.0930232558139535,0.414442700156986,0.566343042071197,0.805379746835443,0.563402889245586,0.0988467874794069,0.0946166394779772,0.0980392156862745,0.854368932038835,0.587761674718196,0.0885668276972625,0.5664,0.566718995290424,0.57741935483871,0.585173501577287,0.424,0.0980392156862745,0.575663026521061,0.558484349258649,0.0907617504051864,0.590163934426229,0.105015673981191,0.573926868044515,0.595505617977528,0.0931372549019608,0.1,0.101910828025478,0.577170418006431,0.0967741935483871,0.420621931260229,0.990712074303406,0.564019448946515,0.103833865814696,0.0909090909090909,1,0.5648,0.56507413509061,0.103161397670549,0.100649350649351,0.576802507836991,0.928,0.901960784313726,0.102773246329527,0.104404567699837,0.55625,0.0964630225080386,0.10381679389313,0.5904,0.0996784565916399,0.0972886762360447,0.575320512820513,0.0960912052117264,0.0988835725677831,0.0977564102564103,0.0967741935483871,0.557911908646003,0.582278481012658,0.56953642384106,0.0947030497592295,0.0957792207792208,0.440514469453376,0.574638844301766,0.0912052117263844,0.579365079365079,0.589951377633712,0.097331240188383,0.0959119496855346,0.0979133226324237,0.0930979133226324,0.0914927768860353,0.560975609756098,0.101973684210526,0.104,0.990291262135922,0.562300319488818,0.604304635761589,0.582781456953642,0.435980551053485,0.570300157977883,0.0946372239747634,0.588996763754045,0.568881685575365,0.85214626391097,0.573228346456693,0.0926517571884984,0.570300157977883,0.0992,0.0977564102564103,0.106518282988871,0.583870967741935,0.583601286173633,0.0974025974025974,0.0229508196721311,0.964227642276423,0.101307189542484,0.569131832797428,0.574675324675325,0.57799671592775,0.0870279146141215,0.552755905511811,0.65224358974359,0.572567783094099,0.574638844301766,0.57286432160804,0.581967213114754,0.0928,0.569805194805195,0.0928689883913764,0.0893141945773525,0.914100486223663,0.107084019769357,0.565640194489465,0.1,0.0954616588419405,0.0947712418300654,0.561889250814332,0.0962145110410095,0.580226904376013,0.0960629921259843,0.0627009646302251,0.107142857142857,0.0957792207792208,0.0981012658227848,0.580696202531646,0.0950819672131148,0.100649350649351,0.578606158833063,0.581583198707593,0.094551282051282,0.0964630225080386,0.588516746411483,0.927444794952681,0.103618421052632,0.0935023771790808,0.089622641509434,0.8976,0.578512396694215,0.096989966555184,0.57484076433121,0.857605177993528,0.0939490445859873,0.436305732484076,0.459119496855346,0.102990033222591,0.0947867298578199,0.438080495356037,0.4064,0.530351437699681,0.0944,0.569823434991974,0.105769230769231,0.0916530278232406,0.568659127625202,0.101910828025478,0.103174603174603,0.91304347826087,0.566558441558442,0.109324758842444,0.0959349593495935,0.565789473684211,0.0936507936507937,0.0953947368421053,0.574013157894737,0.769475357710652,0.0947030497592295,0.100158982511924,0.0933977455716586,0.363057324840764,0.595541401273885,0.594202898550725,0.575617283950617,0.573051948051948,0.417886178861789,0.555031446540881,0.570300157977883,0.579113924050633,0.86525974025974,0.574750830564784,0.108320251177394,0.569400630914827,0.102106969205835,0.571428571428571,0.987577639751553,0.960443037974684,0.0924764890282132,0.102362204724409,0.9472,0.0918196994991653,0.426751592356688,0.952845528455285,0.917207792207792,0.100787401574803,0.422647527910686,0.0892857142857143,0.100649350649351,0.560777957860616,0.0948553054662379,0.903069466882068,0.995137763371151,0.0979133226324237,0.101105845181675,0.107936507936508,0.566993464052288,0.469860896445131,0.40531561461794,0.107765451664025,0.095389507154213,0.0670926517571885,0.584269662921348,0.763578274760383,0.102848101265823,0.581993569131833,0.100158982511924,0.522906793048973,0.995024875621891,0.582539682539683,0.578616352201258,0.565811965811966,0.100961538461538,0.990521327014218,0.105180533751962,0.0904605263157895,0.0982286634460548,0.847723704866562,0.565853658536585,0.107843137254902,0.581847649918963,0.0978441127694859,0.102177554438861,0.580031695721078,0.104132231404959,0.578369905956113,0.0958466453674121,0.582802547770701,0.577170418006431,0.0926517571884984,0.428802588996764,0.582298136645963,0.0935023771790808,0.57641196013289,0.147619047619048,0.575039494470774,0.94896331738437,0.569875776397516,0.129807692307692,0.587848932676519,0.118032786885246,0.566188197767145,0.555732484076433,0.60062893081761,0.103225806451613,0.0991869918699187,0.0943396226415094,0.068561872909699,0.75787728026534,0.0988654781199352,0.557213930348259,0.1024,0.573604060913706,0.577223088923557,0.101286173633441,0.098705501618123,0.0935023771790808,0.0112721417069243,0.0982839313572543,0.577708006279435,0.5856,0.0935023771790808,0.0957792207792208,0.967159277504105,0.988709677419355,0.098546042003231,0.0960912052117264,0.570967741935484,0.106687898089172,0.0995260663507109,0.579032258064516,0.108374384236453,0.10207336523126,0.435275080906149,0.578864353312303,0.0916398713826367,0.90527950310559,0.1024,0.105008077544426,1,0.5712,0.0919354838709677,0.56260162601626,0.0967741935483871,0.07,0.100961538461538,0.0692913385826772,0.0998363338788871,0.565505804311774,0.0922330097087379,0.0913539967373573,0.0964052287581699,0.908945686900958,0.576470588235294,0.0897226753670473,0.10223642172524,0.438311688311688,0.0935023771790808,0.579032258064516,0.537480063795853,0.566129032258065,0.0995184590690209,0.1024,0.103448275862069,1,0.570739549839228,0.98531810766721,0.0884244372990354,0.578125,0.588419405320814,0.541666666666667,0.901294498381877,0.0958466453674121,0.0466237942122186,0.0984126984126984,0.102523659305994,0.558677685950413,0.572769953051643,0.945990180032733,0.947030497592295,0.576489533011272,0.576736672051696,0.556603773584906,0.899505766062603,0.584,0.0987460815047022,0.902711323763955,0.573015873015873,0.1,0.101141924959217,0.0960912052117264,0.572815533980582,0.5792,0.953177257525084,0.0917874396135266,0.578099838969404,0.591639871382637,0.109149277688604,0.104333868378812,0.573268921095008,0.406666666666667,0.0897226753670473,0.0993485342019544,0.42512077294686,0.101426307448494,0.584639498432602,0.106969205834684,0.576862123613312,0.591549295774648,0.447115384615385,0.672333848531685,0.0963665086887836,0.58740157480315,0.576736672051696,0.413570274636511,0.447784810126582,0.0950080515297907,0.573505654281099,0.0978792822185971,0.572100313479624,0.0921052631578947,0.564516129032258,0.591433278418451,0.53525641025641,0.55609756097561,0.568181818181818,0.570491803278689,0.434294871794872,0.571879936808847,0.971760797342193,0.0889967637540453,0.906050955414013,0.0952380952380952,0.590614886731392,0.107667210440457,0.908212560386473,0.571658615136876,0.585089141004862,0.0934426229508197,0.966049382716049,0.102728731942215,1,0.543946932006633,0.0871710526315789,0.968404423380727,0.438511326860841,0.0940032414910859,0.0960629921259843,0.0978260869565217,0.579298831385643,0.942097026604069,0.0932475884244373,0.463696369636964,1,0.540031397174254,0.5625,0.564668769716088,0.0987261146496815,0.0753768844221105,0.113636363636364,0.0932475884244373,0.0925039872408294,0.976415094339623,0.0995260663507109,0.426073131955485,0.904761904761905,0.5664,0.1,0.0983870967741935,0.09,0.0929133858267717,0.995207667731629,0.568075117370892,0.0881889763779528,0.0955518945634267,0.0947546531302876,0.0964052287581699,0.104761904761905,0.105348460291734,0.624605678233438,0.923076923076923,0.0976,0.990461049284579,0.573033707865168,0.687296416938111,0.102106969205835,0.499181669394435,0.586776859504132,0.576298701298701,0.103727714748784,0.94912559618442,0.570300157977883,0.0903328050713154,0.10586319218241,0.518821603927987,0.578099838969404,0.583870967741935,0.575409836065574,0.0910518053375196,0.570480928689884,0.57120253164557,0.668852459016393,0.576489533011272,0.062992125984252,0.580745341614907,0.990115321252059,0.575121163166397,0.89540412044374,0.0981996726677578,0.996710526315789,0.578688524590164,0.566343042071197,0.579901153212521,0.102848101265823,0.0839936608557845,0.0958677685950413,0.10207336523126,0.100334448160535,0.0978792822185971,0.559016393442623,0.1008,0.576433121019108,0.569686411149826,0.491365777080063,0.435064935064935,0.0939490445859873,0.103937007874016,0.905511811023622,0.574568288854003,0.979032258064516,0.093603744149766,0.9456,0.100813008130081,0.102310231023102,0.565853658536585,0.0966183574879227,0.1,0.467094703049759,0.656040268456376,0.10641627543036,0.990228013029316,1,0.0944,0.0949263502454992,0.0916398713826367,0.992,0.903536977491961,0.570287539936102,0.47588424437299,0.565687789799073,0.908507223113965,0.560457516339869,0.991694352159468,0.0968253968253968,0.100494233937397,0.580031695721078,0.563492063492063,0.8704,0.565789473684211,0.575709779179811,0.5648,0.10327868852459,0.0988654781199352,0.559210526315789,0.0987654320987654,0.907496012759171,0.0897435897435897,0.882539682539683,0.106623586429725,0.435126582278481,0.0925039872408294,0.575709779179811,0.581548599670511,0.990476190476191,0.434022257551669,0.0950871632329636,0.0888529886914378,0.323151125401929,0.201331114808652,0.566284779050736,0.572139303482587,0.0951612903225806,0.563812600969305,0.854632587859425,0.571192052980132,0.105100463678516,1,0.0964630225080386,0.0933333333333333,0.567140600315956,0.433774834437086,0.580487804878049,0.102141680395387,0.0956239870340357,0.585443037974684,0.583198707592892,0.567610062893082,0.248387096774194,0.581847649918963,0.100478468899522,0.9648,0.103727714748784,0.0945273631840796,0.408874801901743,0.459546925566343,0.562604340567613,0.967793880837359,0.568471337579618,0.0958466453674121,0.0861788617886179,0.577170418006431,0.564593301435407,0.480127186009539,0.0998389694041868,0.584758942457232,0.670382165605096,0.583596214511041,0.125198098256735,0.64390243902439,0.911003236245955,0.589371980676328,0.565625,0.566225165562914,0.585808580858086,0.572769953051643,0.121019108280255,0.1008,0.586261980830671,0.560655737704918,0.429508196721311,0.869774919614148,0.426666666666667,0.0940032414910859,0.561904761904762,0.915857605177994,0.562700964630225,0.5728,0.686591276252019,0.566284779050736,0.912698412698413,0.554140127388535,0.578352180936995,0.567479674796748,0.583333333333333
"11",1,1,1,1,1,1,0.706814580031696,1,1,0.0952380952380952,1,0.0416024653312789,0.8046875,1,0.32093023255814,0.312404287901991,0.0579268292682927,0.687797147385103,1,1,0.292048929663609,0.312989045383412,1,0.156923076923077,1,0.330246913580247,0.317111459968603,1,1,0.776729559748428,0.314900153609831,0.713629402756508,0.968085106382979,0.313178294573643,0,1,0.547226386806597,1,0.298350824587706,1,0.667701863354037,0.676970633693972,0.695252679938744,1,1,0.324324324324324,0.315217391304348,0.307692307692308,0.322137404580153,0.33026113671275,0,1,0.311077389984825,1,1,0.486739469578783,0.560629921259843,1,1,1,0.331306990881459,0.316118935837246,0.31924882629108,0.688372093023256,1,1,0.0327613104524181,1,0.0521609538002981,0.324734446130501,1,0.316109422492401,0.324324324324324,0.971246006389776,0.515981735159817,1,0.304878048780488,0.334351145038168,1,0.317965023847377,0.0888888888888889,0.330769230769231,0.325688073394495,1,0.341500765696784,1,1,1,1,0.690440060698027,1,1,0.00154320987654321,0.104776579352851,1,0.043026706231454,0,1,0.5718901453958,0.671949286846276,1,0.053125,0.309486780715397,1,0.313664596273292,1,0.686064318529862,1,0.318252730109204,0.321592649310873,0.322033898305085,1,0.323664122137405,1,0.502269288956127,1,0.314152410575428,0.306184012066365,0.322239031770045,0.325077399380805,0.485179407176287,1,0.320726172465961,0.321766561514196,1,0.302469135802469,1,1,0.341049382716049,0.541856925418569,1,0.313572542901716,1,0.0391566265060241,1,0.312217194570136,0.676783004552352,0.330757341576507,0.937888198757764,0.432,0.100470957613815,0.0914728682170543,1,1,0.33026113671275,1,0.318250377073906,1,0.791021671826625,1,0.324281150159744,1,1,1,1,0.338509316770186,1,0.3265625,0.2557781201849,1,0.316590563165906,1,0.304615384615385,0.0851735015772871,1,0.314641744548287,1,1,1,0.330757341576507,1,0.324074074074074,1,0.306625577812018,1,0.31924882629108,0.0747663551401869,1,0.641390205371248,1,1,0.327160493827161,1,1,1,1,0.319875776397516,0.305084745762712,1,1,0.31866464339909,0.303937007874016,1,0.451863354037267,0.667682926829268,0,0.318461538461538,0.670245398773006,1,0.317557251908397,1,1,1,0.316279069767442,0.328787878787879,0.327044025157233,1,1,1,0,1,0.304416403785489,0.972350230414747,0.324074074074074,0.314814814814815,0.75808936825886,1,1,1,1,1,0.0410334346504559,0.308544303797468,0.324200913242009,1,0.681470137825421,1,1,1,1,1,1,0.0031201248049922,0.318731117824773,1,0.311320754716981,1,0.293394777265745,1,1,1,1,1,0.322981366459627,1,0.503154574132492,0.323390894819466,0.325757575757576,0.306853582554517,0.320872274143302,0.326053042121685,0.41838351822504,0.330781010719755,0.314814814814815,0.313271604938272,1,0.315467075038285,1,0.686186186186186,0.316358024691358,0.312404287901991,0.331230283911672,1,1,1,0.261755485893417,0.30781010719755,1,0.31875,0.329850746268657,0.308166409861325,0.320987654320988,0.687010954616588,1,0.321699544764795,0.315301391035549,1,0.297939778129952,1,0.313343328335832,0.307453416149068,1,1,1,0.545595054095827,1,0.68348623853211,0.0794602698650675,0.317829457364341,1,1,0.0960365853658537,0.313546423135464,0.326498422712934,1,1,0.303405572755418,0.0213740458015267,0.0016025641025641,1,1,0.331325301204819,1,1,0.309230769230769,1,1,0.314984709480122,1,1,1,1,0.328173374613003,0.310240963855422,0.324367088607595,1,1,0.673780487804878,0.319571865443425,1,0.316590563165906,0.297045101088647,1,1,1,1,1,0.326530612244898,1,1,0.102643856920684,0.329286798179059,0.493769470404984,0.308056872037915,0.672386895475819,0.315870570107858,1,0.313178294573643,0.327160493827161,0.259090909090909,0.322085889570552,1,0.326347305389222,1,1,1,0.311320754716981,0.319880418535127,1,0.931419457735247,0.0558139534883721,1,0.311627906976744,0.321711568938193,0.315047021943574,1,0.333839150227618,0.475155279503106,0.319018404907975,0.304147465437788,0.316118935837246,0.308049535603715,1,0.322429906542056,1,1,0,1,0.318181818181818,1,1,1,0.328660436137072,1,0.308056872037915,1,0.829268292682927,1,1,1,0.315467075038285,1,1,0.316436251920123,0.316358024691358,1,1,0.317829457364341,0.192716236722307,1,1,1,0,0.316037735849057,1,0.309559939301973,0.24294670846395,1,0.68,0.424107142857143,1,1,0.676119402985075,0.697492163009404,0.3421875,1,0.326656394453005,1,1,0.328125,1,1,0.00625978090766823,0.325652841781874,1,1,0.32182103610675,1,1,0.307086614173228,0.341013824884793,1,1,1,0.523219814241486,0.305084745762712,0.341692789968652,0.312406576980568,0.338391502276176,0.696400625978091,0.322239031770045,0.325190839694657,0.311649016641452,0.248037676609105,0.322327044025157,1,0.325825825825826,1,0.316187594553706,0.0771513353115727,0.047040971168437,1,1,0.0358814352574103,1,0.687975646879756,0.0402476780185759,0.00952380952380952,1,0.684375,1,1,0.543887147335423,1,0,0.0686900958466454,1,1,1,0.32348367029549,0.645833333333333,0.687702265372168,0.993846153846154,1,0.986217457886677,0.308755760368664,0.338006230529595,1,0.30564263322884,1,0.354489164086687,0.103610675039246,0.304012345679012,0.32258064516129,0.336601307189543,1,0.0773899848254932,1,1,1,0.266362252663623,0.322378716744914,1,0.325077399380805,1,1,0.30781010719755,1,0.318385650224215,1,0.304416403785489,0.320373250388802,1,0.677570093457944,0.317771084337349,1,0.304552590266876,0.760670731707317,0.320182094081942,0.156773211567732,0.318796992481203,0.758620689655172,0.3109375,1,0.322085889570552,0.334848484848485,0.29393468118196,1,1,1,0.96998420221169,0.347266881028939,1,0.329093799682035,1,0.329052969502408,0.322289156626506,1,1,1,0.922720247295209,1,0.310240963855422,0.315789473684211,1,1,0.0475435816164818,0.0756172839506173,1,1,0.30503144654088,1,1,0.308755760368664,1,1,0.679878048780488,0.536363636363636,1,0,1,1,0.0941704035874439,0.325038880248834,1,0.321592649310873,1,0.968895800933126,1,0.815384615384615,1,0.3312,1,1,1,0,0.315789473684211,1,1,0.678627145085803,1,0.315870570107858,0.346687211093991,0.318952234206472,1,1,1,0.0911854103343465,0.3198127925117,0.0870917573872473,1,0.310769230769231,0.305263157894737,0.347094801223242,0,1,0.959938366718028,1,1,0.327073552425665,0.294207317073171,0.15625,0.0385208012326656,0.315384615384615,0.320987654320988,0.323664122137405,0.00156494522691706,0.316030534351145,1,0,0.31651376146789,1,1,1,0.322678843226788,0.322678843226788,0.033175355450237,1,0.314984709480122,0.312217194570136,1,1,0.3198127925117,0.696141479099678,1,1,0.694488188976378,1,0.307575757575758,1,0.313546423135464,0.532625189681335,0.667682926829268,0.414925373134328,1,0.30316742081448,0.312024353120244,0.683969465648855,0.670731707317073,1,0.319571865443425,1,0.320417287630402,1,0.318181818181818,0.309148264984227,0.343605546995377,0.513595166163142,0.31924882629108,0.30188679245283,0.669242658423493,0.311827956989247,0.14873417721519,1,0,1,0.298136645962733,1,0,0.316279069767442,0.321928460342146,1,0.0520833333333333,1,0.0856697819314642,0.333333333333333,1,0.0585516178736518,0.674347158218126,1,1,1,0.304,0.0405405405405405,1,0.427230046948357,0.0873015873015873,0.349544072948328,0.32258064516129,0.32469512195122,1,1,1,1,1,0.0600600600600601,0.998475609756098,0.688350983358548,0.00295420974889217,0.325652841781874,1,1,1,1,0.0843558282208589,0.30781010719755,1,1,1,1,1,1,0.493150684931507,0.00156739811912226,1,0.0766871165644172,0.317147192716237,0.440677966101695,1,0.388272583201268,0.305379746835443,0.315548780487805,1,0.0368098159509202,0.32312404287902,1,1,0.372827804107425,0.314241486068111,0.313178294573643,0.313694267515924,1,0.330188679245283,0.324534161490683,0.410296411856474,0.324074074074074,0.972768532526475,0.310810810810811,0.0781499202551834,0.329268292682927,0,1,0.0825545171339564,0.303937007874016,0.3171875,0.314641744548287,1,1,1,1,1,1,0.3296,1,0.316279069767442,0.314144736842105,0.594180704441041,0.679127725856698,1,1,0,0.315315315315315,0.114854517611026,1,0.0325077399380805,1,1,0.31637519872814,1,1,0.634920634920635,0.412903225806452,0.99851411589896,0.0760697305863708,0.0965732087227414,1,1,1,0.0883720930232558,0,0.311746987951807,0.405864197530864,0.314112291350531,0,0.324921135646688,0.080188679245283,1,1,0.322289156626506,0.318731117824773,0.243410852713178,0.333333333333333,0.309559939301973,0.318042813455657,1,1,0.329153605015674,1,0,1,0.226415094339623,1,0.684049079754601,1,0.306625577812018,0.305246422893482,0.0748091603053435,0.679817905918058,1,1,0.792048929663609,0.898876404494382,0.32093023255814,0.313479623824451,1,0.310452418096724,0.259375,0.32120253164557,1,0.0949464012251149,1,1,0.313935681470138,0.680817610062893,0.310832025117739,1,1,0.307458143074581,0.303076923076923,0.322727272727273,0.857142857142857,0.318611987381703,1,0.0516717325227964,1,1,0.695046439628483,0.658986175115207,0.3184,0.0510835913312693,0.326530612244898,1,1,0.303076923076923,0.332298136645963,0.614567526555387,1,0.311077389984825,0.370257966616085,0.30804248861912,0.984984984984985,0.485133020344288,0.00462249614791988,0.303215926493109,0.326283987915408,0.322884012539185,0.316118935837246,0.317220543806647,0.977409638554217,1,0.316030534351145,0.547351524879615,0.681747269890796,0.236641221374046,0.684975767366721,1,0.332293291731669,0.0031055900621118,0.326687116564417,0.319444444444444,0.373475609756098,0.316770186335404,0,0.334360554699538,0.322932917316693,0.32967032967033,0.312693498452012
"12",0.0511182108626198,0.0462962962962963,0.0388802488335925,0.0450885668276973,0.0432766615146832,0.0503937007874016,0.333333333333333,0.0486656200941915,0.0479876160990712,0.946117274167987,0.0416024653312789,1,0.146067415730337,0.0434782608695652,0.646058732612056,0.65015479876161,0.975497702909648,0.35702746365105,0.0474683544303797,0.0441640378548896,0.66407465007776,0.64937106918239,0.0463678516228748,0.892802450229709,0.0482654600301659,0.633540372670807,0.640625,0.0469255663430421,0.0519877675840979,0.175718849840256,0.657407407407407,0.228787878787879,0.035548686244204,0.643302180685358,0.960998439937597,0.0492610837438424,0.509230769230769,0.0450310559006211,0.659056316590563,0.0476190476190476,0.376971608832808,0.360374414976599,0.356589147286822,0.0461049284578696,0.0488188976377953,0.636650868878357,0.648264984227129,0.647590361445783,0.636923076923077,0.625954198473282,0.960183767228178,0.042654028436019,0.647865853658537,0.0475460122699387,0.0495356037151703,0.454113924050633,0.489859594383775,0.0435458786936236,0.0462962962962963,0.046875,0.631419939577039,0.641975308641975,0.644200626959248,0.370486656200942,0.0506329113924051,0.0532915360501567,0.998454404945904,0.0453125,0.980480480480481,0.637747336377473,0.0412213740458015,0.645412130637636,0.629513343799058,0.0852090032154341,0.528417818740399,0.0449775112443778,0.641975308641975,0.618320610687023,0.0455235204855842,0.634304207119741,0.954113924050633,0.630030959752322,0.637658227848101,0.043343653250774,0.625386996904025,0.0440729483282675,0.0473186119873817,0.0499219968798752,0.0404354587869362,0.350769230769231,0.0491283676703645,0.038863976083707,0.958461538461538,0.944444444444444,0.0361635220125786,1,0.959564541213064,0.0484375,0.487012987012987,0.364353312302839,0.0454545454545455,0.982677165354331,0.645110410094637,0.046474358974359,0.636222910216718,0.043956043956044,0.359877488514548,0.048062015503876,0.64375,0.646153846153846,0.637059724349158,0.0506912442396313,0.634408602150538,0.0423861852433281,0.561643835616438,0.0464767616191904,0.645211930926217,0.758139534883721,0.636085626911315,0.645061728395062,0.561051004636785,0.0510835913312693,0.640746500777605,0.639423076923077,0.0382262996941896,0.646788990825688,0.0417910447761194,0.0485584218512898,0.724299065420561,0.513761467889908,0.0443037974683544,0.647244094488189,0.0441640378548896,1,0.0394321766561514,0.645896656534954,0.367029548989114,0.631496062992126,0.0217391304347826,0.625199362041467,0.94912559618442,0.953343701399689,0.0502354788069074,0.0453074433656958,0.629860031104199,0.0420560747663551,0.633781763826607,0.0451713395638629,0.144171779141104,0.0504587155963303,0.642172523961661,0.0457413249211356,0.0481366459627329,0.0440944881889764,0.0432766615146832,0.632329635499208,0.0519685039370079,0.635514018691589,0.806153846153846,0.0462249614791988,0.64451313755796,0.048411497730711,0.654743390357698,0.965408805031447,0.0393700787401575,0.646687697160883,0.0506912442396313,0.0445468509984639,0.0485133020344288,0.618320610687023,0.0436817472698908,0.628751974723539,0.0446841294298921,0.64576802507837,0.0477707006369427,0.639240506329114,0.967391304347826,0.0479134466769706,0.4064,0.0475435816164818,0.0444104134762634,0.65251572327044,0.0388198757763975,0.0390015600624025,0.0398162327718224,0.0434108527131783,0.63482280431433,0.649847094801223,0.0470219435736677,0.0415384615384615,0.640364188163885,0.665071770334928,0.0446153846153846,0.598173515981735,0.375748502994012,0.950793650793651,0.638198757763975,0.373643410852713,0.0402476780185759,0.637059724349158,0.0463258785942492,0.0462962962962963,0.0444104134762634,0.651771956856703,0.643625192012289,0.626373626373626,0.0464071856287425,0.0418679549114332,0.0390625,0.960505529225908,0.0453125,0.6544,0.015625,0.63751987281399,0.645468998410175,0.304482225656878,0.04375,0.0520673813169985,0.0406885758998435,0.0450310559006211,0.0427215189873418,1,0.640822784810127,0.63182527301092,0.0464396284829721,0.359516616314199,0.0475460122699387,0.0546282245827011,0.046656298600311,0.0452418096723869,0.0438871473354232,0.0467571644042232,0.952234206471495,0.744648318042814,0.0446841294298921,0.636222910216718,0.0425196850393701,0.657450076804916,0.0401854714064915,0.0427892234548336,0.0405616224648986,0.0450310559006211,0.0495207667731629,0.633385335413417,0.0496894409937888,0.436708860759494,0.630094043887147,0.632218844984802,0.645669291338583,0.643081761006289,0.628164556962025,0.634069400630915,0.61993769470405,0.642201834862385,0.640364188163885,0.0493827160493827,0.634645669291339,0.0388349514563107,0.34947049924357,0.633846153846154,0.75,0.630434782608696,0.0469483568075117,0.0392464678178964,0.0465116279069767,0.808049535603715,0.655913978494624,0.0429447852760736,0.630914826498423,0.62691131498471,0.646781789638933,0.635220125786163,0.355242566510172,0.04858934169279,0.638846737481032,0.644094488188976,0.0479876160990712,0.6576,0.049079754601227,0.644067796610169,0.65615141955836,0.0445859872611465,0.0473933649289099,0.0460122699386503,0.507739938080495,0.0484375,0.350850077279753,0.96206373292868,0.641538461538462,0.043343653250774,0.0430622009569378,0.949843260188088,0.64,0.630744849445325,0.0353130016051364,0.043956043956044,0.651515151515151,0.984301412872841,0.95440251572327,0.0488958990536278,0.0451612903225806,0.625570776255708,0.0457413249211356,0.0495495495495495,0.644859813084112,0.0454545454545455,0.0508474576271186,0.639876352395672,0.0481366459627329,0.0465116279069767,0.0495356037151703,0.048062015503876,0.625776397515528,0.658132530120482,0.650546021840874,0.0485133020344288,0.0523882896764253,0.368024132730015,0.636792452830189,0.0488958990536278,0.648148148148148,0.6578125,0.0423600605143722,0.0428790199081164,0.0446153846153846,0.0465116279069767,0.0446153846153846,0.638629283489097,0.0518867924528302,0.0521327014218009,0.940705128205128,0.628440366972477,0.559561128526646,0.657276995305164,0.360248447204969,0.636222910216718,0.0399385560675883,0.64622641509434,0.625194401244168,0.8,0.641538461538462,0.043338683788122,0.635670731707317,0.0506329113924051,0.044478527607362,0.0460829493087558,0.641185647425897,0.639393939393939,0.0386398763523957,0.0321543408360129,0.981012658227848,0.0487421383647799,0.644859813084112,0.632970451010886,0.644859813084112,0.0364500792393027,0.633738601823708,0.572100313479624,0.626728110599078,0.644817073170732,0.640776699029126,0.649289099526066,0.0419254658385093,0.638668779714738,0.0402576489533011,0.0403726708074534,0.956521739130435,0.0497667185069984,0.6421875,0.0483619344773791,0.0455235204855842,0.042654028436019,0.633385335413417,0.0424886191198786,0.642405063291139,0.0487804878048781,0.125984251968504,0.0498442367601246,0.0507936507936508,0.0455235204855842,0.648936170212766,0.0408163265306122,0.0416024653312789,0.653125,0.642745709828393,0.0403100775193798,0.0432766615146832,0.643302180685358,0.859541984732824,0.0462519936204147,0.04,0.0479134466769706,0.956521739130435,0.646129541864139,0.0452342487883683,0.646969696969697,0.807511737089202,0.04375,0.361934477379095,0.518348623853211,0.0454545454545455,0.0449612403100775,0.365817091454273,0.336973478939158,0.6138147566719,0.0403726708074534,0.632558139534884,0.0458135860979463,0.0457413249211356,0.6234375,0.043010752688172,0.0446570972886762,0.965408805031447,0.63265306122449,0.0502354788069074,0.0442338072669826,0.642526964560863,0.0474006116207951,0.0467741935483871,0.652448657187994,0.714285714285714,0.045958795562599,0.0443425076452599,0.0404354587869362,0.427914110429448,0.651305683563748,0.649921507064364,0.635276532137519,0.640122511485452,0.358024691358025,0.620583717357911,0.621451104100946,0.636923076923077,0.82306477093207,0.642969984202212,0.0460829493087558,0.627067669172932,0.0500782472613459,0.649149922720247,0.956586826347305,0.992295839753467,0.0497737556561086,0.047040971168437,1,0.0355411954765751,0.358547655068079,1,0.96551724137931,0.0440729483282675,0.359567901234568,0.0451713395638629,0.0488188976377953,0.51496062992126,0.0431432973805855,0.956521739130435,0.960567823343849,0.0452418096723869,0.047040971168437,0.048062015503876,0.637795275590551,0.392961876832845,0.341384863123994,0.0626911314984709,0.0405616224648986,0.0231481481481481,0.649691358024691,0.710730948678072,0.0518053375196232,0.659842519685039,0.0412213740458015,0.587155963302752,0.942583732057416,0.658015267175573,0.638009049773756,0.618487394957983,0.0458715596330275,0.965151515151515,0.0523168908819133,0.0461049284578696,0.0453125,0.800925925925926,0.6296875,0.0527131782945736,0.644549763033175,0.0454545454545455,0.0479233226837061,0.647779479326187,0.0424528301886792,0.644042232277526,0.046031746031746,0.655712050078247,0.63452566096423,0.0450310559006211,0.360808709175739,0.648484848484848,0.0434108527131783,0.645110410094637,0.202177293934681,0.645015105740181,0.890432098765432,0.639344262295082,0.187793427230047,0.6515625,0.0546623794212219,0.624223602484472,0.621951219512195,0.664634146341463,0.05,0.0393700787401575,0.0438729198184569,0.0111464968152866,0.708469055374593,0.0465116279069767,0.630573248407643,0.0454545454545455,0.638709677419355,0.638426626323752,0.0461538461538462,0.0454545454545455,0.0409711684370258,0.0341614906832298,0.0454545454545455,0.653963414634146,0.63914373088685,0.0403100775193798,0.0399361022364217,0.985759493670886,0.958664546899841,0.0449612403100775,0.04858934169279,0.645569620253165,0.0524691358024691,0.0501519756838906,0.651968503937008,0.0515297906602254,0.0490045941807044,0.361538461538462,0.514459665144597,0.0360501567398119,0.959152798789713,0.0470957613814757,0.0501519756838906,0.949618320610687,0.635514018691589,0.042654028436019,0.634108527131783,0.0430769230769231,0.0110410094637224,0.0485133020344288,0.13302034428795,0.0452418096723869,0.638977635782748,0.0401234567901235,0.0376766091051805,0.0412698412698413,0.954545454545455,0.652032520325203,0.036741214057508,0.0504587155963303,0.371248025276461,0.0490045941807044,0.643302180685358,0.594761171032357,0.638330757341577,0.0403726708074534,0.0477657935285054,0.047244094488189,0.950920245398773,0.632075471698113,0.96031746031746,0.0410094637223975,0.658610271903323,0.653786707882535,0.597826086956522,0.957746478873239,0.0374414976599064,0.00460829493087558,0.0479134466769706,0.0458015267175573,0.630331753554502,0.654377880184332,0.887147335423197,1,0.646322378716745,0.645865834633385,0.62557781201849,0.963549920760697,0.643302180685358,0.0404191616766467,0.951713395638629,0.639570552147239,0.0512422360248447,0.0517241379310345,0.0451713395638629,0.63677811550152,0.642965204236006,1,0.0401854714064915,0.641304347826087,0.653250773993808,0.0428790199081164,0.0546875,0.647149460708783,0.340288924558588,0.0419254658385093,0.0487421383647799,0.3421875,0.0459418070444104,0.654434250764526,0.0425867507886435,0.643423137876387,0.520547945205479,0.372699386503067,0.641452344931921,0.0417310664605873,0.658132530120482,0.647425897035881,0.357357357357357,0.377300613496933,0.0401854714064915,0.630769230769231,0.0412044374009509,0.639939485627837,0.0394321766561514,0.6421875,0.649390243902439,0.602184087363494,0.533646322378717,0.635930047694754,0.643856920684292,0.362790697674419,0.634408602150538,0.903069466882068,0.0378548895899054,0.957055214723926,0.0490045941807044,0.656786271450858,0.0467289719626168,0.960753532182104,0.63849765258216,0.648475120385233,0.0492845786963434,0.984939759036145,0.0493827160493827,0.951638065522621,0.624806201550388,0.0471698113207547,0.976887519260401,0.363636363636364,0.04375,0.0463678516228748,0.0445468509984639,0.654281098546042,1,0.0458015267175573,0.528593508500773,0.946117274167987,0.598774885145482,0.628834355828221,0.640060240963855,0.0446153846153846,0.0271132376395534,0.0520504731861199,0.0426829268292683,0.0403726708074534,0.975903614457831,0.0533536585365854,0.354134165366615,0.953869047619048,0.631578947368421,0.0500782472613459,0.047244094488189,0.036741214057508,0.0412213740458015,0.954758190327613,0.639939485627837,0.0396341463414634,0.0423197492163009,0.0405186385737439,0.0443740095087163,0.0476190476190476,0.0488958990536278,0.557077625570776,0.967084639498433,0.0403726708074534,0.964560862865948,0.639625585023401,0.608087091757387,0.0453125,0.570522979397781,0.655448717948718,0.648902821316614,0.0484375,1,0.640122511485452,0.037821482602118,0.0489296636085627,0.594594594594595,0.640866873065015,0.655864197530864,0.642072213500785,0.0366412213740458,0.635658914728682,0.641538461538462,0.63349131121643,0.654205607476635,0.00605143721633888,0.65296803652968,0.961783439490446,0.639016897081413,0.960244648318043,0.0484375,0.953125,0.65210608424337,0.632558139534884,0.648351648351648,0.036979969183359,0.043010752688172,0.0449438202247191,0.0496124031007752,0.0432,0.0502354788069074,0.625990491283677,0.0401234567901235,0.643302180685358,0.635761589403974,0.447328244274809,0.360759493670886,0.0460829493087558,0.047112462006079,0.95679012345679,0.643730886850153,0.925233644859813,0.0373134328358209,1,0.0390625,0.0414012738853503,0.641955835962145,0.0470219435736677,0.0471544715447154,0.433544303797468,0.6368,0.051622418879056,0.957413249211357,0.948031496062992,0.0452418096723869,0.0429936305732484,0.0413476263399694,0.959501557632399,0.959938366718028,0.63944530046225,0.528861154446178,0.640672782874618,0.950617283950617,0.63125,0.960254372019078,0.0498442367601246,0.0488188976377953,0.645608628659476,0.63719512195122,0.814528593508501,0.6224,0.648233486943164,0.638591117917305,0.0467289719626168,0.0386398763523957,0.635093167701863,0.0459259259259259,0.962790697674419,0.0404984423676012,0.838509316770186,0.0474683544303797,0.359567901234568,0.0474006116207951,0.641860465116279,0.654088050314465,0.969650986342944,0.359447004608295,0.0455259026687598,0.0419254658385093,0.248833592534992,0.160194174757282,0.645608628659476,0.643312101910828,0.0438184663536776,0.643081761006289,0.8,0.63751987281399,0.0518292682926829,0.947852760736196,0.0469483568075117,0.0470957613814757,0.638330757341577,0.373608903020668,0.646687697160883,0.0428571428571429,0.0427892234548336,0.648318042813456,0.661538461538462,0.638167938931298,0.195618153364632,0.647058823529412,0.0483619344773791,0.982839313572543,0.0510835913312693,0.0412698412698413,0.345038167938931,0.383045525902669,0.63258785942492,0.987519500780031,0.636363636363636,0.0415384615384615,0.0409448818897638,0.652307692307692,0.626959247648903,0.416796267496112,0.0418604651162791,0.652307692307692,0.678461538461538,0.653312788906009,0.0703363914373089,0.564465408805031,0.961300309597523,0.649230769230769,0.628398791540785,0.635646687697161,0.65086887835703,0.642642642642643,0.0736842105263158,0.04858934169279,0.648773006134969,0.504038772213247,0.36608557844691,0.82542113323124,0.359424920127796,0.0328125,0.637071651090343,0.952681388012618,0.62754303599374,0.64696734059098,0.680365296803653,0.633647798742138,0.959627329192547,0.62596599690881,0.633333333333333,0.638629283489097,0.644200626959248
"13",0.80577849117175,0.815580286168522,0.805031446540881,0.816720257234727,0.824367088607595,0.803827751196172,0.516233766233766,0.809983896940419,0.804140127388535,0.0816,0.8046875,0.146067415730337,1,0.823624595469256,0.504885993485342,0.506329113924051,0.117088607594937,0.482084690553746,0.810509554140127,0.807874015748032,0.492868462757528,0.505636070853462,0.816164817749604,0.0407523510971787,0.794712286158631,0.528301886792453,0.517184942716858,0.815359477124183,0.805555555555556,0.922829581993569,0.500782472613459,0.934065934065934,0.854199683042789,0.512461059190031,0.169059011164274,0.804311774461028,0.3504,0.822429906542056,0.49537037037037,0.815336463223787,0.459069020866774,0.483516483516484,0.481889763779528,0.82051282051282,0.813504823151125,0.513957307060755,0.511111111111111,0.520249221183801,0.527131782945736,0.517295597484277,0.179968701095462,0.818330605564648,0.506230529595016,0.816326530612245,0.802839116719243,0.6976,0.36248012718601,0.82051282051282,0.800316957210777,0.808988764044944,0.522620904836194,0.519108280254777,0.504012841091493,0.465709728867624,0.799003322259136,0.805337519623234,0.144230769230769,0.8128,0.112977099236641,0.526729559748428,0.81042654028436,0.515723270440252,0.513911620294599,0.761750405186386,0.310509554140127,0.820940819423369,0.493001555209953,0.528861154446178,0.819620253164557,0.514657980456026,0.0918032786885246,0.5248,0.530448717948718,0.810810810810811,0.542586750788643,0.810477657935285,0.803827751196172,0.814580031695721,0.819354838709677,0.489698890649762,0.816164817749604,0.819295558958652,0.179487179487179,0.0854430379746835,0.816720257234727,0.129082426127527,0.184419713831479,0.823161189358372,0.35632183908046,0.476499189627229,0.812206572769953,0.128617363344051,0.502384737678855,0.802588996763754,0.5168,0.80824088748019,0.473354231974922,0.812006319115324,0.512903225806452,0.520504731861199,0.522012578616352,0.808544303797468,0.527070063694268,0.815873015873016,0.279434850863422,0.807751937984496,0.526984126984127,0.0995260663507109,0.539170506912442,0.516693163751987,0.262090483619345,0.821939586645469,0.516329704510109,0.524271844660194,0.8208,0.499215070643642,0.810185185185185,0.806153846153846,0.129485179407176,0.417818740399386,0.832512315270936,0.495222929936306,0.816,0.136294027565084,0.8192,0.513260530421217,0.46993670886076,0.518282988871224,0.870662460567823,0.413008130081301,0.0879120879120879,0.0861788617886179,0.808306709265176,0.82018927444795,0.52276295133438,0.809220985691574,0.527216174183515,0.813694267515924,0.985826771653543,0.805855161787365,0.504838709677419,0.817170111287758,0.807754442649435,0.815235008103728,0.820678513731826,0.531948881789137,0.803076923076923,0.511182108626198,0.0858505564387917,0.815625,0.50788643533123,0.814132104454685,0.503115264797508,0.104501607717042,0.804878048780488,0.509677419354839,0.796178343949045,0.804615384615385,0.819334389857369,0.523882896764253,0.806138933764136,0.52411575562701,0.832797427652733,0.514376996805112,0.818780889621087,0.520700636942675,0.102848101265823,0.809076682316119,0.434276206322795,0.819063004846527,0.812297734627832,0.497568881685575,0.820967741935484,0.805071315372425,0.806349206349206,0.809825673534073,0.510268562401264,0.50625,0.805194805194805,0.824476650563607,0.527863777089783,0.504,0.816037735849057,0.264240506329114,0.469418960244648,0.199367088607595,0.50855365474339,0.467511885895404,0.823899371069182,0.51617873651772,0.807817589576547,0.813374805598756,0.822047244094488,0.50788643533123,0.503105590062112,0.531400966183575,0.805255023183926,0.811570247933884,0.822429906542056,0.173354735152488,0.810897435897436,0.5,0.8390625,0.519230769230769,0.51685393258427,0.568037974683544,0.812091503267974,0.803459119496855,0.820349761526232,0.805732484076433,0.817034700315457,0.141945773524721,0.528753993610224,0.511737089201878,0.805946791862285,0.483922829581994,0.813084112149533,0.807395993836672,0.809748427672956,0.819466248037677,0.804451510333863,0.815267175572519,0.185419968304279,0.123647604327666,0.801232665639445,0.520325203252033,0.817307692307692,0.512820512820513,0.822047244094488,0.811501597444089,0.817460317460317,0.813804173354735,0.815660685154976,0.531502423263328,0.810047095761381,0.716346153846154,0.527156549520767,0.523219814241486,0.514563106796116,0.507936507936508,0.52411575562701,0.425566343042071,0.528662420382166,0.525741029641186,0.528,0.797213622291022,0.523885350318471,0.818770226537217,0.493788819875776,0.517515923566879,0.111975116640746,0.523424878836834,0.808846761453397,0.830940988835726,0.812995245641838,0.0739549839228296,0.4992,0.825816485225505,0.519108280254777,0.517884914463453,0.52258064516129,0.50390015600624,0.479935794542536,0.816164817749604,0.515625,0.517628205128205,0.809748427672956,0.502446982055465,0.810641627543036,0.512461059190031,0.494417862838915,0.818619582664527,0.821829855537721,0.8112,0.333865814696486,0.818770226537217,0.495192307692308,0.104615384615385,0.523809523809524,0.803486529318542,0.8128,0.0858505564387917,0.5232,0.52124183006536,0.807504078303426,0.812995245641838,0.507064364207221,0.166149068322981,0.183441558441558,0.807383627608347,0.807817589576547,0.525423728813559,0.809825673534073,0.80184331797235,0.515527950310559,0.809375,0.807631160572337,0.516483516483517,0.806763285024155,0.814696485623003,0.8192,0.812199036918138,0.530708661417323,0.519319938176198,0.524671052631579,0.814102564102564,0.811410459587956,0.475743348982786,0.512738853503185,0.828298887122417,0.503125,0.5,0.80811232449298,0.815503875968992,0.806603773584906,0.814873417721519,0.808176100628931,0.520766773162939,0.818619582664527,0.804416403785489,0.0861788617886179,0.526729559748428,0.418300653594771,0.504885993485342,0.484076433121019,0.514150943396226,0.810769230769231,0.501618122977346,0.526484751203852,0.073208722741433,0.506289308176101,0.807631160572337,0.508396946564886,0.814516129032258,0.810725552050473,0.805379746835443,0.507246376811594,0.5078125,0.814465408805031,0.897180762852405,0.128164556962025,0.807383627608347,0.519108280254777,0.520064205457464,0.513470681458003,0.8112,0.52093023255814,0.263074484944533,0.517295597484277,0.509463722397476,0.529220779220779,0.516129032258065,0.818466353677621,0.522435897435897,0.813531353135314,0.805071315372425,0.184419713831479,0.7952,0.511848341232227,0.811616954474097,0.815789473684211,0.816091954022989,0.53015873015873,0.8078125,0.515447154471545,0.813479623824451,0.97626582278481,0.803486529318542,0.810766721044046,0.810641627543036,0.513343799058085,0.818619582664527,0.813311688311688,0.517829457364341,0.515772870662461,0.812302839116719,0.825878594249201,0.510204081632653,0.0362204724409449,0.810372771474878,0.814756671899529,0.826771653543307,0.188679245283019,0.50814332247557,0.813114754098361,0.512618296529968,0.0787781350482315,0.811290322580645,0.480314960629921,0.626339969372129,0.813504823151125,0.815748031496063,0.478851963746224,0.509463722397476,0.547770700636943,0.801261829652997,0.522906793048973,0.814285714285714,0.821895424836601,0.533653846153846,0.812400635930048,0.806451612903226,0.17384370015949,0.5296,0.808917197452229,0.822966507177033,0.517405063291139,0.81377151799687,0.821138211382114,0.515397082658023,0.14797507788162,0.814029363784666,0.800947867298578,0.806349206349206,0.725239616613419,0.507788161993769,0.492845786963434,0.507692307692308,0.519872813990461,0.477635782747604,0.537750385208012,0.522012578616352,0.506976744186047,0.0824088748019017,0.513556618819777,0.799373040752351,0.513219284603421,0.815580286168522,0.520440251572327,0.102446483180428,0.135725429017161,0.814873417721519,0.803405572755418,0.137440758293839,0.821311475409836,0.483516483516484,0.144444444444444,0.17258064516129,0.809748427672956,0.489763779527559,0.813397129186603,0.804107424960506,0.40650406504065,0.812302839116719,0.1875,0.090311986863711,0.811410459587956,0.8046875,0.79454253611557,0.517628205128205,0.445288753799392,0.504132231404959,0.797147385103011,0.820063694267516,0.846153846153846,0.503184713375796,0.141065830721003,0.812893081761006,0.4992,0.818897637795276,0.570287539936102,0.0812101910828025,0.504777070063694,0.512422360248447,0.527397260273973,0.814641744548287,0.1015625,0.808641975308642,0.813915857605178,0.820919175911252,0.0804953560371517,0.529983792544571,0.795238095238095,0.503174603174603,0.807443365695793,0.806763285024155,0.514774494556765,0.821428571428571,0.513636363636364,0.808306709265176,0.511773940345369,0.511182108626198,0.826291079812207,0.478672985781991,0.509833585476551,0.813953488372093,0.513776337115073,0.9078125,0.511627906976744,0.0492845786963434,0.51937984496124,0.946859903381642,0.507269789983845,0.80226904376013,0.519809825673534,0.532710280373832,0.479559748427673,0.8144,0.813204508856683,0.807866868381241,0.847933884297521,0.152597402597403,0.808411214953271,0.51869918699187,0.8256735340729,0.507563025210084,0.510015408320493,0.815457413249211,0.810810810810811,0.823712948517941,0.888178913738019,0.813664596273292,0.4984375,0.513888888888889,0.823899371069182,0.814935064935065,0.134087237479806,0.105939004815409,0.812400635930048,0.821543408360129,0.504038772213247,0.803125,0.815217391304348,0.512861736334405,0.800664451827243,0.816037735849057,0.483359746434231,0.339089481946625,0.812995245641838,0.182648401826484,0.805379746835443,0.805946791862285,0.0923317683881064,0.513556618819777,0.823434991974318,0.515923566878981,0.825196850393701,0.840836012861736,0.796502384737679,0.984779299847793,0.817034700315457,0.508169934640523,0.80188679245283,0.818327974276527,0.820388349514563,0.179127725856698,0.508278145695364,0.822475570032573,0.8140625,0.471246006389776,0.811320754716981,0.511146496815287,0.556962025316456,0.523885350318471,0.805152979066023,0.817896389324961,0.802610114192496,0.0919003115264797,0.516129032258065,0.0920840064620355,0.817886178861789,0.503164556962025,0.505443234836703,0.550079491255962,0.185714285714286,0.809148264984227,0.863057324840764,0.81042654028436,0.803125,0.522508038585209,0.513931888544892,0.0477707006369427,0.147619047619048,0.507861635220126,0.517515923566879,0.525902668759812,0.1875,0.5125,0.81055900621118,0.1856,0.517884914463453,0.808936825885978,0.804838709677419,0.818325434439178,0.513470681458003,0.515527950310559,0.13474025974026,0.80690737833595,0.5,0.503115264797508,0.812995245641838,0.79874213836478,0.512618296529968,0.495033112582781,0.819334389857369,0.813614262560778,0.486486486486487,0.818181818181818,0.50231124807396,0.799357945425361,0.510301109350238,0.305164319248826,0.477379095163807,0.415765069551777,0.811912225705329,0.5,0.506329113924051,0.4913112164297,0.472307692307692,0.815457413249211,0.516535433070866,0.806138933764136,0.520123839009288,0.82051282051282,0.5260663507109,0.502407704654896,0.55868544600939,0.511923688394277,0.51685393258427,0.505654281098546,0.471518987341772,0.505460218408736,0.060556464811784,0.820349761526232,0.172413793103448,0.814352574102964,0.5,0.807936507936508,0.183962264150943,0.514563106796116,0.513029315960912,0.805872756933116,0.12,0.808709175738725,0.0955414012738854,0.548387096774194,0.832535885167464,0.113964686998395,0.462279293739968,0.813586097946288,0.811616954474097,0.809597523219814,0.499173553719008,0.147919876733436,0.8171875,0.626198083067093,0.0875796178343949,0.553158705701079,0.510140405616225,0.52241112828439,0.802180685358255,0.838235294117647,0.802215189873418,0.81259842519685,0.815457413249211,0.119448698315467,0.794670846394984,0.478939157566303,0.181818181818182,0.516746411483254,0.816037735849057,0.796529968454259,0.811688311688312,0.810185185185185,0.0982839313572543,0.511737089201878,0.823802163833076,0.827476038338658,0.818627450980392,0.80448717948718,0.801872074882995,0.805111821086262,0.28858024691358,0.15780998389694,0.815580286168522,0.10641627543036,0.517350157728707,0.222044728434505,0.809148264984227,0.594551282051282,0.506644518272425,0.516693163751987,0.7952,0.135433070866142,0.51702786377709,0.817472698907956,0.808373590982287,0.571428571428571,0.507861635220126,0.497637795275591,0.513911620294599,0.827586206896552,0.515297906602254,0.513343799058085,0.420289855072464,0.512779552715655,0.845070422535211,0.50384024577573,0.1024,0.507911392405063,0.184663536776213,0.808,0.10126582278481,0.508116883116883,0.514285714285714,0.516025641025641,0.809672386895476,0.813694267515924,0.811594202898551,0.815457413249211,0.803921568627451,0.816,0.533980582524272,0.806603773584906,0.514285714285714,0.513377926421405,0.545023696682464,0.4864,0.805379746835443,0.804416403785489,0.174454828660436,0.513178294573643,0.0779014308426073,0.822530864197531,0.137876386687797,0.8112,0.814102564102564,0.520128824476651,0.816164817749604,0.827814569536424,0.474193548387097,0.435139573070608,0.802710843373494,0.0964630225080386,0.0840064620355412,0.818181818181818,0.821543408360129,0.807453416149068,0.0990566037735849,0.185826771653543,0.511627906976744,0.621621621621622,0.515432098765432,0.183835182250396,0.523274478330658,0.1,0.82051282051282,0.80650406504065,0.512307692307692,0.520504731861199,0.0774193548387097,0.521809369951535,0.510172143974961,0.521193092621664,0.809748427672956,0.8208,0.520193861066236,0.81441717791411,0.174121405750799,0.8208,0.0688,0.806089743589744,0.484375,0.809825673534073,0.510236220472441,0.50983606557377,0.105754276827372,0.481191222570533,0.824367088607595,0.815286624203822,0.59967845659164,0.705592105263158,0.509646302250804,0.512116316639742,0.819466248037677,0.537854889589905,0.0810372771474878,0.518578352180937,0.811059907834101,0.0843949044585987,0.808917197452229,0.816164817749604,0.523052464228935,0.483766233766234,0.513911620294599,0.805422647527911,0.815873015873016,0.515673981191223,0.508771929824561,0.510869565217391,0.698564593301435,0.507223113964687,0.812995245641838,0.1201248049922,0.817460317460317,0.8144,0.497637795275591,0.439490445859873,0.509966777408638,0.122834645669291,0.513470681458003,0.808,0.835218093699515,0.5024,0.530708661417323,0.435897435897436,0.815625,0.510802469135803,0.41400304414003,0.4953125,0.792511700468019,0.278662420382166,0.185243328100471,0.503174603174603,0.513931888544892,0.52827140549273,0.502463054187192,0.510835913312694,0.776911076443058,0.804761904761905,0.505546751188589,0.353719008264463,0.4784,0.0981012658227848,0.5,0.820349761526232,0.518167456556082,0.168253968253968,0.536741214057508,0.511848341232227,0.383411580594679,0.503987240829346,0.182389937106918,0.532488114104596,0.507177033492823,0.516025641025641,0.513556618819777
"14",1,1,1,1,1,1,0.699523052464229,1,1,0.0969305331179321,1,0.0434782608695652,0.823624595469256,1,0.322274881516588,0.306122448979592,0.0642633228840125,0.682926829268293,1,1,0.291866028708134,0.313001605136437,1,0.156398104265403,1,0.325545171339564,0.318327974276527,1,1,0.7904,0.314285714285714,0.7328125,0.965354330708661,0.315625,0,1,0.545023696682464,1,0.300613496932515,1,0.664536741214057,0.679127725856698,0.690993788819876,1,1,0.31687898089172,0.3072,0.309341500765697,0.32807570977918,0.327131782945736,0,1,0.312989045383412,1,1,0.50392464678179,0.559618441971383,1,1,1,0.328197226502311,0.318110236220472,0.318327974276527,0.685624012638231,1,1,0.0398089171974522,1,0.0577507598784195,0.324031007751938,1,0.318252730109204,0.326433121019108,0.967845659163987,0.508527131782946,1,0.309341500765697,0.340030911901082,1,0.315270935960591,0.0870279146141215,0.331738437001595,0.325914149443561,1,0.340659340659341,1,1,1,1,0.687888198757764,1,1,0.00155763239875389,0.102167182662539,1,0.0474732006125574,0,1,0.55448717948718,0.668261562998405,1,0.0589171974522293,0.310725552050473,1,0.318541996830428,1,0.6801872074883,1,0.313178294573643,0.318037974683544,0.321766561514196,1,0.324409448818898,1,0.490769230769231,1,0.319554848966614,0.290171606864275,0.327272727272727,0.312698412698413,0.481308411214953,0.998442367601246,0.326625386996904,0.313408723747981,1,0.297339593114241,1,1,0.32182103610675,0.544901065449011,1,0.322169059011164,1,0.0427480916030534,1,0.309968847352025,0.670788253477589,0.331259720062208,0.931142410015649,0.448051948051948,0.106518282988871,0.0988835725677831,1,1,0.332810047095761,1,0.325652841781874,1,0.811145510835913,1,0.327447833065811,1,1,1,1,0.331738437001595,1,0.317535545023697,0.249235474006116,1,0.315625,1,0.311424100156495,0.0871632329635499,1,0.318910256410256,1,1,1,0.334365325077399,1,0.324921135646688,1,0.308056872037915,1,0.322734499205087,0.0829420970266041,1,0.638573743922204,1,1,0.311111111111111,1,1,1,1,0.323248407643312,0.308892355694228,1,0.998417721518987,0.321875,0.311811023622047,1,0.445652173913043,0.673559822747415,0,0.318252730109204,0.666666666666667,1,0.324534161490683,1,0.998463901689708,1,0.322327044025157,0.322884012539185,0.327361563517915,1,1,1,0,1,0.311216429699842,0.971563981042654,0.325984251968504,0.312698412698413,0.751552795031056,1,1,1,1,1,0.0453125,0.322784810126582,0.325545171339564,1,0.68075117370892,1,1,1,0.9984375,1,1,0.00461538461538462,0.312597200622084,1,0.317230273752013,1,0.305810397553517,1,1,1,1,1,0.325581395348837,1,0.520833333333333,0.327586206896552,0.326656394453005,0.3152,0.322683706070288,0.331723027375201,0.427892234548336,0.331230283911672,0.323899371069182,0.31378763866878,1,0.327044025157233,1,0.683720930232558,0.317535545023697,0.300925925925926,0.33175355450237,1,1,1,0.246774193548387,0.315873015873016,1,0.324281150159744,0.327160493827161,0.316692667706708,0.328173374613003,0.67981072555205,1,0.324960753532182,0.312903225806452,1,0.307936507936508,1,0.316998468606432,0.316770186335404,1,1,1,0.540284360189573,1,0.688188976377953,0.0847457627118644,0.322884012539185,1,1,0.098159509202454,0.32258064516129,0.3296,1,1,0.304347826086957,0.0250783699059561,0.00316957210776545,1,1,0.336363636363636,0.998420221169036,1,0.320373250388802,1,1,0.315132605304212,1,1,1,1,0.335987261146497,0.315467075038285,0.3232,1,1,0.669826224328594,0.314375987361769,1,0.317484662576687,0.309262166405024,1,1,0.998439937597504,1,1,0.323671497584541,1,1,0.109854604200323,0.332819722650231,0.496845425867508,0.311290322580645,0.674528301886792,0.320493066255778,1,0.319554848966614,0.330733229329173,0.25,0.3234375,1,0.327743902439024,1,1,1,0.311811023622047,0.322932917316693,0.998430141287284,0.919093851132686,0.0650406504065041,1,0.317460317460317,0.323296354992076,0.306709265175719,1,0.330275229357798,0.462732919254658,0.330203442879499,0.30829420970266,0.312903225806452,0.310509554140127,1,0.3184,1,1,0,1,0.330173775671406,1,1,1,0.329635499207607,1,0.322528363047002,1,0.845070422535211,1,1,1,0.319314641744548,1,1,0.304416403785489,0.310725552050473,1,1,0.320251177394035,0.182926829268293,1,0.998442367601246,1,0,0.3125,1,0.309262166405024,0.235759493670886,1,0.67398119122257,0.443585780525502,1,1,0.677224736048265,0.703937007874016,0.347551342812006,1,0.32018927444795,1,1,0.331240188383046,1,0.998402555910543,0.0078125,0.326018808777429,1,1,0.329093799682035,1,1,0.315024232633279,0.322378716744914,1,1,1,0.532307692307692,0.3125,0.348580441640379,0.319634703196347,0.332278481012658,0.686998394863563,0.325545171339564,0.32182103610675,0.320987654320988,0.227848101265823,0.325842696629214,1,0.319018404907975,0.998420221169036,0.318110236220472,0.0805471124620061,0.0528771384136858,1,1,0.0376766091051805,1,0.683720930232558,0.0410742496050553,0.0110935023771791,1,0.679748822605965,1,1,0.548489666136725,1,0,0.0754098360655738,1,1,1,0.319422150882825,0.650224215246637,0.680327868852459,0.992199687987519,1,0.984496124031008,0.309748427672956,0.329093799682035,1,0.304838709677419,1,0.370486656200942,0.110210696920583,0.307098765432099,0.321538461538462,0.337152209492635,1,0.0796324655436447,1,1,1,0.250388802488336,0.330143540669856,1,0.32755905511811,1,1,0.311728395061728,1,0.324242424242424,1,0.309148264984227,0.321372854914197,1,0.670926517571885,0.3125,1,0.312,0.762738853503185,0.311349693251534,0.161490683229814,0.322137404580153,0.781789638932496,0.303656597774245,1,0.328616352201258,0.33953488372093,0.292117465224111,1,1,1,0.967266775777414,0.337704918032787,1,0.324717285945073,1,0.315270935960591,0.317411402157165,1,1,1,0.923930269413629,1,0.309968847352025,0.326498422712934,1,1,0.0477707006369427,0.08,1,1,0.31378763866878,1,1,0.310236220472441,1,1,0.682539682539683,0.530046224961479,1,0,1,1,0.103715170278638,0.322169059011164,1,0.327639751552795,0.998407643312102,0.96474358974359,0.998417721518987,0.832288401253918,1,0.330049261083744,1,1,1,0,0.30983606557377,1,1,0.667721518987342,1,0.31924882629108,0.360808709175739,0.323854660347551,1,1,1,0.0920245398773006,0.323671497584541,0.0885668276972625,0.998420221169036,0.31441717791411,0.305084745762712,0.348909657320872,0,1,0.957120980091884,1,1,0.321144674085851,0.301684532924962,0.162204724409449,0.0411392405063291,0.3203125,0.313971742543171,0.340523882896764,0.00158478605388273,0.321144674085851,1,0,0.320872274143302,1,1,1,0.315707620528771,0.320061255742726,0.0355987055016181,1,0.315789473684211,0.309375,1,1,0.323390894819466,0.6896,1,1,0.693910256410256,1,0.315707620528771,1,0.311912225705329,0.530769230769231,0.674961119751166,0.410493827160494,1,0.302611367127496,0.311708860759494,0.682316118935837,0.669724770642202,1,0.332293291731669,1,0.322033898305085,1,0.3168,0.308917197452229,0.346938775510204,0.5390625,0.321027287319422,0.314516129032258,0.668224299065421,0.323029366306028,0.147967479674797,1,0,1,0.297637795275591,1,0,0.323763955342903,0.320512820512821,1,0.0564885496183206,1,0.0854430379746835,0.336492890995261,1,0.0678233438485804,0.675590551181102,1,1,1,0.315270935960591,0.0398162327718224,1,0.4390625,0.0995184590690209,0.361240310077519,0.326498422712934,0.329173166926677,1,1,1,1,1,0.0644171779141104,0.996923076923077,0.681889763779528,0.00451807228915663,0.3234375,1,1,1,1,0.0852090032154341,0.317901234567901,1,1,1,1,1,1,0.484423676012461,0.00160513643659711,1,0.0864197530864197,0.329153605015674,0.443217665615142,1,0.403252032520325,0.314238952536825,0.312989045383412,1,0.0385208012326656,0.317411402157165,1,1,0.370550161812298,0.317757009345794,0.308777429467085,0.32626427406199,0.998447204968944,0.330128205128205,0.321538461538462,0.4208,0.319620253164557,0.973846153846154,0.313636363636364,0.0868167202572347,0.3265625,0,1,0.0883280757097792,0.306962025316456,0.322327044025157,0.327503974562798,1,1,1,1,1,1,0.332805071315372,1,0.315625,0.313856427378965,0.60741885625966,0.678343949044586,1,1,0,0.317557251908397,0.123824451410658,0.998473282442748,0.0393700787401575,1,1,0.316957210776545,1,1,0.629032258064516,0.423452768729642,0.996992481203008,0.0800627943485086,0.0960629921259843,1,1,1,0.0880503144654088,0,0.320813771517997,0.427672955974843,0.315548780487805,0,0.331730769230769,0.0855784469096672,1,1,0.319875776397516,0.318818040435459,0.236593059936909,0.329093799682035,0.321538461538462,0.321372854914197,1,1,0.336585365853659,1,0,1,0.221528861154446,1,0.673405909797823,1,0.30503144654088,0.307317073170732,0.0775193798449612,0.67651632970451,1,1,0.789889415481833,0.89413680781759,0.325358851674641,0.316045380875203,1,0.320126782884311,0.251582278481013,0.319354838709677,1,0.106583072100313,1,1,0.31619937694704,0.67862969004894,0.309748427672956,1,1,0.307448494453249,0.307692307692308,0.31651376146789,0.850891410048622,0.319354838709677,1,0.0540123456790123,1,1,0.69375,0.658267716535433,0.325806451612903,0.0550314465408805,0.324492979719189,1,1,0.3088,0.3265625,0.61648177496038,1,0.30625,0.386153846153846,0.313479623824451,0.987673343605547,0.470494417862839,0.00311526479750779,0.310015898251192,0.324655436447167,0.331723027375201,0.317230273752013,0.320610687022901,0.970633693972179,1,0.320373250388802,0.551724137931034,0.680952380952381,0.230889235569423,0.677049180327869,1,0.324451410658307,0.00318471337579618,0.328616352201258,0.313385826771654,0.375,0.326892109500805,0,0.331761006289308,0.316957210776545,0.327974276527331,0.311501597444089
"15",0.289855072463768,0.311216429699842,0.308777429467085,0.329052969502408,0.310509554140127,0.302215189873418,0.0111821086261981,0.320574162679426,0.316279069767442,0.577814569536424,0.32093023255814,0.646058732612056,0.504885993485342,0.322274881516588,1,1,0.636363636363636,0,0.322683706070288,0.314785373608903,1,1,0.320251177394035,0.528951486697966,0.305426356589147,1,1,0.332792207792208,0.306729264475743,0.534072900158479,1,0.583987441130298,0.368012422360248,0.996810207336523,0.668253968253968,0.309364548494983,0.139240506329114,0.317757009345794,1,0.30298273155416,0.00159489633173844,0,0,0.330143540669856,0.321711568938193,1,0.995161290322581,1,1,1,0.690140845070423,0.319422150882825,1,0.317034700315457,0.310077519379845,0.815112540192926,0.125996810207337,0.319685039370079,0.313479623824451,0.320063694267516,0.992211838006231,1,1,0.00480769230769231,0.308823529411765,0.316614420062696,0.666131621187801,0.320126782884311,0.627692307692308,1,0.318110236220472,1,1,0.269789983844911,0.158555729984301,0.309815950920245,1,0.995319812792512,0.31619937694704,1,0.609120521172638,1,1,0.318110236220472,1,0.322480620155039,0.31687898089172,0.320634920634921,0.314696485623003,0,0.314332247557003,0.320987654320988,0.686614173228347,0.591772151898734,0.314285714285714,0.641975308641975,0.679365079365079,0.302795031055901,0.126853377265239,0,0.310618066561014,0.630818619582664,1,0.305194805194805,1,0.315372424722662,0,0.318110236220472,1,1,1,0.305772230889236,0.996860282574568,0.31687898089172,0.203732503888025,0.299079754601227,1,0.3828125,1,1,0.204113924050633,0.312202852614897,1,1,0.326530612244898,1,0.317073170731707,0.313084112149533,0.375987361769352,0.7782874617737,0.313213703099511,1,0.327447833065811,0.643835616438356,0.332247557003257,1,0.0015625,1,0.362916006339144,0.896103896103896,0.58974358974359,0.605095541401274,0.303656597774245,0.321311475409836,1,0.307324840764331,1,0.302066772655008,0.497645211930926,0.323029366306028,1,0.31496062992126,0.31378763866878,0.318471337579618,0.31924882629108,1,0.307324840764331,1,0.44392523364486,0.327102803738318,1,0.315541601255887,1,0.6032,0.316129032258064,1,0.320634920634921,0.310725552050473,0.325949367088608,0.987361769352291,0.319685039370079,1,0.317535545023697,1,0.317073170731707,1,0.59748427672956,0.298578199052133,0.0340909090909091,0.293075684380032,0.317111459968603,1,0.30564263322884,0.322683706070288,0.30952380952381,0.321428571428571,1,1,0.326229508196721,0.321372854914197,1,1,0.316279069767442,0.238095238095238,0.0196374622356495,0.68621236133122,1,0.0015748031496063,0.310185185185185,1,0.317666126418152,0.309375,0.310509554140127,0.996830427892235,1,1,0.322085889570552,0.317355371900826,0.307692307692308,0.684975767366721,0.302066772655008,1,0.330645161290323,1,1,0.434231378763867,0.318979266347687,0.312893081761006,0.3216,0.305511811023622,0.3056,0.645007923930269,1,1,0.318037974683544,0.00476190476190476,0.325581395348837,0.315467075038285,0.322274881516588,0.308056872037915,0.29874213836478,0.313271604938272,0.697204968944099,0.361934477379095,0.304552590266876,1,0.319554848966614,1,0.30625,0.302884615384615,0.310509554140127,0.327974276527331,0.303030303030303,1,0.324960753532182,0.8042071197411,1,1,0.998392282958199,1,1,0.8992,1,1,1,0.313479623824451,1,0.325082508250825,0,1,0.383647798742138,1,0.317152103559871,0.322274881516588,0.315873015873016,0.433811802232855,1,0.32093023255814,1,1,1,1,0,0.307941653160454,1,1,0.31637519872814,1,0.317757009345794,1,1,0.314516129032258,0.321428571428571,0.301109350237718,0.150793650793651,0.327014218009479,0,0.600924499229584,1,0.318181818181818,0.318770226537217,0.58695652173913,1,1,0.323151125401929,0.32258064516129,1,0.657728706624606,0.702265372168285,0.306451612903226,0.322115384615385,0.995275590551181,0.326984126984127,0.300613496932515,1,0.311004784688995,0.299843014128728,1,0.308917197452229,0.310618066561014,0.305772230889236,0.318681318681319,1,1,1,0.30298273155416,0.32484076433121,0.00783699059561128,0.9921875,0.328525641025641,1,1,0.3109375,0.324451410658307,0.305900621118012,0.317307692307692,0.309148264984227,1,0.301127214170692,0.299524564183835,0.572815533980582,1,0.844094488188976,1,0,1,0.317829457364341,1,1,0.42967542503864,1,0.315024232633279,1,0.302737520128824,0.304625199362041,0.305863708399366,1,1,0.31496062992126,0.39607201309329,0.613162118780096,0.296,1,1,1,0.317230273752013,1,0.206471494607088,1,1,1,1,0.319875776397516,1,0.322899505766063,0.334394904458599,0.684044233807267,0.301282051282051,1,0.323809523809524,0.313572542901716,0.311605723370429,1,0.310077519379845,1,0.320182094081942,0.478672985781991,0.323854660347551,0.319488817891374,0.312693498452012,1,0.32741935483871,0.299840510366826,1,1,0.324921135646688,0.305732484076433,1,0.487421383647799,0.306320907617504,0.323296354992076,0.322784810126582,0.684044233807267,1,0.294701986754967,1,0.42443729903537,0.302547770700637,0,0.882716049382716,0.320574162679426,0.304416403785489,0,0.0272873194221509,0.981012658227848,0.311605723370429,1,0.312202852614897,0.3184,1,0.329173166926677,0.315619967793881,0.676703645007924,1,0.322834645669291,0.317152103559871,1,0.307692307692308,0.310064935064935,1,0.338095238095238,0.3104,0.31924882629108,0.330173775671406,0.8015625,1,0.980861244019139,1,1,0.00159744408945687,1,0.99375,1,0.442122186495177,0.99837925445705,0.303875968992248,0.993798449612403,0.335987261146497,0.996810207336523,0.617737003058104,0.635220125786163,0.3198127925117,0.3078125,0.651419558359621,0.310064935064935,0,0.639937106918239,0.688709677419355,0.317034700315457,0.00158227848101266,0.314009661835749,0.30622009569378,0.783653846153846,0.325,0.696343402225755,0.598684210526316,0.314935064935065,0.315047021943574,0.299524564183835,1,0.0284431137724551,0,0.3203125,0.323717948717949,0.331240188383046,1,0.335443037974684,0.316455696202532,1,0.295774647887324,0.943037974683544,0.568881685575365,1,1,0.993333333333333,0.318252730109204,0.613601236476043,0.312788906009245,0.303225806451613,0.318611987381703,0.422776911076443,1,0.309677419354839,1,0.316558441558442,0.321656050955414,1,0.319554848966614,1,0.318471337579618,1,1,0.31637519872814,0,1,0.326530612244898,1,0.562009419152276,1,0.522082018927445,1,0.563897763578275,1,0.32258064516129,1,1,1,0.3088,0.311793214862682,0.31832298136646,0.341935483870968,0.341098169717138,0.310832025117739,1,0.31875,1,1,0.319047619047619,0.3216,0.314329738058552,0.376395534290271,0.326625386996904,1,1,0.327073552425665,0.319488817891374,0.638709677419355,0.598070739549839,0.310725552050473,0.319422150882825,1,0.307692307692308,0.309119010819165,0.993670886075949,0.299173553719008,0.305993690851735,0,0.142638036809816,0.321144674085851,0.687116564417178,0.30064308681672,0.32258064516129,0.605633802816901,0.996815286624204,0.314606741573034,1,0.3104,0.339256865912762,0.309409888357257,0.4703125,0.3152,1,0.315457413249211,0.319422150882825,0.330605564648118,0.689763779527559,1,0.318770226537217,0.30829420970266,0,0.317262830482115,1,0.958990536277603,1,0.313880126182965,0.321372854914197,0.312698412698413,0.595015576323987,1,0.605136436597111,0.318910256410256,1,1,0.968354430379747,0.676282051282051,0.335443037974684,0.357594936708861,0.318181818181818,0.314728682170543,1,1,0.519169329073482,0.632165605095541,1,1,1,0.688417618270799,1,0.313161875945537,0.675762439807384,1,0.330696202531646,0.312202852614897,0.314873417721519,0.998439937597504,1,0.649434571890145,0.319685039370079,1,1,0.321316614420063,0.304416403785489,1,0,0.318770226537217,0.3056,0.0064,0.307332293291732,1,0.302931596091205,1,0.141065830721003,0,0.908385093167702,0.323343848580442,1,1,0,0.0015552099533437,0.3264,1,0.309719934102142,0.998449612403101,0.313821138211382,1,1,0.962025316455696,0.789389067524116,1,1,0.004739336492891,1,0.523654159869494,0.327044025157233,0.673501577287066,0.321711568938193,1,0.30379746835443,0.675118858954041,1,1,0.306451612903226,0.627300613496933,0.322784810126582,0.597738287560582,0.976415094339623,0.324409448818898,0.620472440944882,0.012779552715655,0.306603773584906,0.317460317460317,0.313971742543171,1,0.64797507788162,0.308641975308642,0.890995260663507,0.5984,0.968798751950078,1,1,0.315047021943574,0.330065359477124,0.311183144246353,0.315132605304212,0.309262166405024,0.623475609756098,0.3,0,0.673813169984686,0.998427672955975,0.323390894819466,0.309294871794872,0.310064935064935,0.320813771517997,0.610492845786963,1,0.329173166926677,0.325396825396825,0.325769854132901,0.3152,0.313385826771654,0.311897106109325,0.195987654320988,0.679674796747967,0.317384370015949,0.603125,1,0.239234449760766,0.317034700315457,0.923948220064725,1,1,0.307570977917981,0.637083993660856,1,0.312693498452012,0.298412698412698,0.960063897763578,1,1,0.996742671009772,0.315217391304348,1,1,0.900641025641026,1,0.33968253968254,1,0.602605863192182,1,0.668740279937792,0.314785373608903,0.608974358974359,1,1,0.991909385113269,0.321766561514196,0.330173775671406,0.318840579710145,0.32120253164557,0.324149108589951,0.322006472491909,0.983844911147011,0.308176100628931,1,1,0.730109204368175,0,0.313971742543171,0.312202852614897,0.677519379844961,1,0.571428571428571,0.324074074074074,0.644094488188976,0.30564263322884,0.317666126418152,1,0.310679611650485,0.314475873544093,0.692939244663383,0.916129032258065,0.322188449848024,0.610032362459547,0.58213716108453,0.328616352201258,0.317741935483871,0.299373040752351,0.606918238993711,0.68362480127186,1,0.894060995184591,1,0.668730650154799,0.998405103668262,0.59775641025641,0.308306709265176,0.320967741935484,1,1,0.440191387559809,0.993537964458804,0.996875,1,0.320063694267516,0.323854660347551,1,0.311178247734139,0.681889763779528,0.320512820512821,0.454689984101749,0.293929712460064,0,0.307931570762053,1,1,0.6,0.0015625,0.323296354992076,0.313195548489666,0.0984126984126984,0.419773095623987,1,1,0.305164319248826,1,0.423197492163009,1,0.325545171339564,0.596825396825397,0.316455696202532,0.319554848966614,1,0,1,0.309061488673139,0.32475884244373,1,1,1,0.444794952681388,1,0.326465927099842,0.619273301737757,0.325949367088608,0.320723684210526,0.0015552099533437,0.0425196850393701,1,0.628930817610063,1,0.32484076433121,0.323577235772358,1,1,0.164556962025316,0.305993690851735,1,0.912636505460218,1,0.324960753532182,0.199680511182109,0.679245283018868,1,1,1,1,1,0.288854003139717,0.301127214170692,1,0.116883116883117,0.00159489633173844,0.446372239747634,0,0.323624595469256,1,0.6875,1,1,0.903937007874016,1,0.688473520249221,1,1,1,1
"16",0.292259083728278,0.298273155416013,0.306962025316456,0.316957210776545,0.302795031055901,0.293103448275862,0.0112,0.308661417322835,0.299531981279251,0.586429725363489,0.312404287901991,0.65015479876161,0.506329113924051,0.306122448979592,1,1,0.63020030816641,0,0.316535433070866,0.300314465408805,1,1,0.308396946564885,0.52755905511811,0.299382716049383,1,1,0.318840579710145,0.303543913713405,0.502384737678855,1,0.571428571428571,0.352850539291217,0.995297805642633,0.6765625,0.299342105263158,0.145110410094637,0.307926829268293,1,0.290123456790123,0.00315457413249211,0,0,0.32018927444795,0.298076923076923,1,0.993710691823899,1,1,1,0.698587127158556,0.314696485623003,1,0.309262166405024,0.303738317757009,0.804416403785489,0.132911392405063,0.303656597774245,0.304012345679012,0.3125,0.992295839753467,1,1,0.00631911532385466,0.309677419354839,0.307692307692308,0.660406885758998,0.30564263322884,0.627871362940276,1,0.30188679245283,1,1,0.270142180094787,0.166924265842349,0.303076923076923,1,0.993846153846154,0.313271604938272,1,0.619354838709677,1,1,0.309375,1,0.311550151975684,0.306962025316456,0.322378716744914,0.308892355694228,0,0.307936507936508,0.311077389984825,0.699059561128527,0.595975232198142,0.307570977917981,0.653435114503817,0.693146417445483,0.306729264475743,0.130225080385852,0,0.30188679245283,0.63166144200627,1,0.292993630573248,1,0.305900621118012,0,0.313385826771654,1,1,1,0.291925465838509,0.995327102803738,0.309636650868878,0.20679012345679,0.299392097264438,1,0.384615384615385,1,1,0.207278481012658,0.295208655332303,1,1,0.31733746130031,1,0.308270676691729,0.299546142208775,0.374805598755832,0.767019667170953,0.302250803858521,1,0.316614420062696,0.642324888226528,0.31629392971246,1,0.00154320987654321,1,0.355905511811024,0.893964110929853,0.602184087363494,0.614173228346457,0.30625,0.308426073131955,1,0.30503144654088,1,0.289269051321928,0.485271317829457,0.31866464339909,1,0.304821150855365,0.302652106084243,0.305379746835443,0.315457413249211,1,0.296998420221169,1,0.4484375,0.312693498452012,1,0.311349693251534,1,0.608214849921011,0.312698412698413,1,0.304821150855365,0.301829268292683,0.313291139240506,0.986089644513138,0.314285714285714,1,0.310126582278481,1,0.305331179321486,1,0.609717868338558,0.289269051321928,0.0366826156299841,0.285483870967742,0.300157977883096,1,0.298107255520505,0.309341500765697,0.307219662058372,0.315217391304348,1,1,0.307814992025518,0.309968847352025,1,1,0.307931570762053,0.2453125,0.0242424242424242,0.705047318611987,1,0.00311526479750779,0.303543913713405,1,0.304625199362041,0.308868501529052,0.305295950155763,0.996870109546166,1,1,0.312977099236641,0.30622009569378,0.30568356374808,0.694835680751174,0.2953125,1,0.325,1,1,0.444961240310077,0.308777429467085,0.309230769230769,0.307332293291732,0.291925465838509,0.30064308681672,0.652647975077882,1,1,0.307219662058372,0.00462249614791988,0.313846153846154,0.307926829268293,0.307692307692308,0.298780487804878,0.291731669266771,0.307926829268293,0.70606531881804,0.36986301369863,0.292758089368259,1,0.314785373608903,1,0.297839506172839,0.294952681388013,0.297297297297297,0.314152410575428,0.298076923076923,1,0.309341500765697,0.791469194312796,1,1,0.996794871794872,1,1,0.897637795275591,1,1,1,0.312024353120244,1,0.304347826086957,0,1,0.390432098765432,1,0.308176100628931,0.311145510835913,0.30077519379845,0.429245283018868,1,0.308892355694228,1,1,1,1,0,0.30188679245283,1,1,0.307332293291732,1,0.309230769230769,1,1,0.302066772655008,0.312,0.287735849056604,0.154330708661417,0.312796208530806,0,0.609756097560976,1,0.306625577812018,0.309791332263242,0.596923076923077,1,1,0.316558441558442,0.315372424722662,1,0.65990639625585,0.711538461538462,0.292993630573248,0.309636650868878,0.99390243902439,0.319444444444444,0.288288288288288,1,0.304482225656878,0.295031055900621,1,0.292259083728278,0.308056872037915,0.304953560371517,0.312597200622084,1,1,1,0.296238244514107,0.313479623824451,0.00625,0.990566037735849,0.307936507936508,1,1,0.295839753466872,0.312210200927357,0.298136645962733,0.306603773584906,0.300925925925926,1,0.293460925039872,0.303265940902022,0.587955625990491,1,0.833597464342314,1,0,1,0.315068493150685,1,1,0.43778801843318,0.998449612403101,0.30622009569378,1,0.30298273155416,0.2875,0.306376360808709,1,1,0.305555555555556,0.382875605815832,0.626582278481013,0.292913385826772,1,1,1,0.310015898251192,1,0.209302325581395,1,1,1,1,0.313178294573643,1,0.305825242718447,0.326018808777429,0.6921875,0.293650793650794,1,0.307332293291732,0.308755760368664,0.303370786516854,1,0.297090352220521,1,0.3125,0.464396284829721,0.318181818181818,0.311708860759494,0.300462249614792,1,0.311004784688995,0.29635499207607,1,1,0.309375,0.294851794071763,1,0.490853658536585,0.309409888357257,0.3171875,0.316692667706708,0.699844479004666,1,0.289644012944984,1,0.433489827856025,0.3,0,0.86676875957121,0.311708860759494,0.300940438871473,0,0.0235478806907378,0.981308411214953,0.305426356589147,1,0.298107255520505,0.309677419354839,1,0.30521472392638,0.307086614173228,0.680685358255452,1,0.31055900621118,0.306349206349206,1,0.301538461538462,0.288854003139717,1,0.346687211093991,0.294770206022187,0.309707241910632,0.318681318681319,0.791987673343606,1,0.980891719745223,1,1,0.00158478605388273,1,0.992138364779874,1,0.437596302003082,0.9968,0.291350531107739,0.992343032159265,0.311912225705329,0.995348837209302,0.621374045801527,0.64451313755796,0.309815950920245,0.3,0.650695517774343,0.309409888357257,0,0.648606811145511,0.690625,0.30564263322884,0.00156494522691706,0.3015625,0.2984375,0.776377952755905,0.312210200927357,0.703296703296703,0.600644122383253,0.304821150855365,0.306278713629403,0.280564263322884,1,0.0327868852459016,0,0.304821150855365,0.308411214953271,0.322480620155039,1,0.342271293375394,0.306853582554517,1,0.3,0.933229813664596,0.590189873417722,1,1,0.991652754590985,0.307339449541284,0.615501519756839,0.317073170731707,0.290996784565916,0.30757341576507,0.429007633587786,1,0.299843014128728,1,0.304838709677419,0.29951690821256,1,0.3088,1,0.306477093206951,1,1,0.318952234206472,0,1,0.308049535603715,1,0.551242236024845,1,0.5171875,1,0.544881889763779,1,0.297124600638978,1,1,1,0.299531981279251,0.306946688206785,0.307228915662651,0.34248788368336,0.346341463414634,0.298904538341158,1,0.309486780715397,1,1,0.310872894333844,0.310236220472441,0.305555555555556,0.3801261829653,0.309230769230769,1,1,0.314241486068111,0.311216429699842,0.645007923930269,0.61198738170347,0.297839506172839,0.306477093206951,1,0.290769230769231,0.302891933028919,0.993660855784469,0.295055821371611,0.30077519379845,0,0.143721633888048,0.307339449541284,0.693233082706767,0.293478260869565,0.309486780715397,0.614916286149163,0.996875,0.302362204724409,1,0.309707241910632,0.334375,0.29874213836478,0.469860896445131,0.297169811320755,1,0.308641975308642,0.310236220472441,0.318471337579618,0.699846860643185,1,0.309033280507132,0.306748466257669,0,0.310077519379845,0.998444790046656,0.949921752738654,1,0.302839116719243,0.3109375,0.310725552050473,0.602719033232628,1,0.609794628751975,0.321086261980831,1,1,0.962674961119751,0.688854489164087,0.312989045383412,0.344236760124611,0.304747320061256,0.30781010719755,1,1,0.524409448818898,0.644654088050314,1,1,0.998468606431853,0.699212598425197,1,0.309451219512195,0.69435736677116,1,0.317757009345794,0.304075235109718,0.306027820710974,0.996923076923077,1,0.65625,0.30503144654088,1,1,0.313084112149533,0.296703296703297,0.998422712933754,0,0.304897314375987,0.300476947535771,0.00783699059561128,0.300462249614792,1,0.298578199052133,1,0.148091603053435,0,0.904109589041096,0.314641744548287,1,1,0,0.00154798761609907,0.305164319248826,1,0.30379746835443,0.996960486322188,0.296703296703297,1,0.998387096774194,0.962264150943396,0.772230889235569,1,1,0.00631911532385466,1,0.526058631921824,0.305732484076433,0.687116564417178,0.311248073959938,1,0.294573643410853,0.688372093023256,1,1,0.296116504854369,0.634848484848485,0.315384615384615,0.61198738170347,0.972929936305732,0.321875,0.618153364632238,0.0152671755725191,0.304012345679012,0.307453416149068,0.312788906009245,1,0.646153846153846,0.292307692307692,0.878740157480315,0.599033816425121,0.967692307692308,1,1,0.29375,0.327390599675851,0.29635499207607,0.302034428794992,0.30188679245283,0.632375189107413,0.296636085626911,0,0.687782805429864,0.998461538461539,0.316614420062696,0.306501547987616,0.306688417618271,0.311077389984825,0.619195046439629,1,0.323029366306028,0.323248407643312,0.312399355877617,0.298273155416013,0.29922480620155,0.300314465408805,0.206153846153846,0.694006309148265,0.308056872037915,0.603975535168196,1,0.246951219512195,0.311526479750779,0.913385826771654,1,1,0.300462249614792,0.647058823529412,1,0.29375,0.291731669266771,0.952755905511811,1,1,0.99673735725938,0.30781010719755,1,1,0.900630914826498,1,0.344036697247706,1,0.602254428341385,1,0.683153013910355,0.3,0.615141955835962,1,1,0.992088607594937,0.314024390243902,0.311145510835913,0.312,0.312989045383412,0.317307692307692,0.308186195826645,0.980922098569157,0.304347826086957,1,1,0.721109399075501,0,0.309119010819165,0.308868501529052,0.688854489164087,1,0.568992248062016,0.31570996978852,0.662519440124417,0.299373040752351,0.3042071197411,1,0.303265940902022,0.308943089430894,0.681458003169572,0.909090909090909,0.31044776119403,0.624398073836276,0.588235294117647,0.313479623824451,0.31496062992126,0.296703296703297,0.611544461778471,0.692546583850932,1,0.878125,1,0.687595712098009,0.996789727126806,0.60650406504065,0.307931570762053,0.30952380952381,1,1,0.436817472698908,0.992063492063492,0.996889580093313,1,0.3046875,0.311111111111111,1,0.30316742081448,0.694704049844237,0.311728395061728,0.467511885895404,0.289099526066351,0,0.29601226993865,1,1,0.604615384615385,0.00155763239875389,0.318037974683544,0.309006211180124,0.0996884735202492,0.393203883495146,1,1,0.297971918876755,1,0.428794992175274,1,0.322727272727273,0.607476635514019,0.31201248049922,0.311111111111111,1,0,1,0.286858974358974,0.308544303797468,1,1,1,0.43312101910828,1,0.304615384615385,0.637059724349158,0.313880126182965,0.314606741573034,0.00153846153846154,0.0441640378548896,1,0.634796238244514,1,0.310725552050473,0.317384370015949,1,1,0.166407465007776,0.301538461538462,1,0.908256880733945,1,0.312883435582822,0.207336523125997,0.683641975308642,1,1,1,1,1,0.283742331288344,0.3,1,0.126182965299685,0.00156739811912226,0.454823889739663,0,0.315372424722662,1,0.688291139240506,1,1,0.897674418604651,1,0.701996927803379,1,1,1,1
"17",0.0708661417322835,0.0653188180404355,0.0582822085889571,0.059190031152648,0.0667701863354037,0.0668740279937792,0.355450236966825,0.065625,0.0664605873261206,0.977671451355662,0.0579268292682927,0.975497702909648,0.117088607594937,0.0642633228840125,0.636363636363636,0.63020030816641,1,0.369668246445498,0.0650793650793651,0.0667701863354037,0.6390625,0.626182965299685,0.0648148148148148,0.916666666666667,0.0711043872919818,0.602782071097372,0.621236133122029,0.0612903225806452,0.0698027314112291,0.155309033280507,0.633996937212864,0.198776758409786,0.0524691358024691,0.619195046439629,0.948356807511737,0.0704918032786885,0.535321821036107,0.0651515151515152,0.640834575260805,0.0669710806697108,0.400311526479751,0.38006230529595,0.377099236641221,0.0590979782270607,0.0664556962025316,0.615873015873016,0.633385335413417,0.633281972265023,0.618401206636501,0.605828220858896,0.938931297709924,0.0673981191222571,0.621329211746522,0.0692307692307692,0.0649149922720247,0.442006269592476,0.502325581395349,0.0658307210031348,0.0702290076335878,0.0691244239631336,0.601515151515152,0.620528771384137,0.624420401854714,0.390282131661442,0.0666666666666667,0.0679012345679012,0.984276729559748,0.0696594427244582,1,0.613740458015267,0.0625954198473282,0.62,0.601895734597156,0.0925039872408294,0.554878048780488,0.0659670164917541,0.64,0.604294478527607,0.0630769230769231,0.615755627009646,0.974317817014446,0.613707165109034,0.61189358372457,0.0668693009118541,0.602118003025719,0.0625,0.0641627543035994,0.0615384615384615,0.0652173913043478,0.372881355932203,0.0642633228840125,0.0558069381598793,0.940717628705148,0.97360248447205,0.0565149136577708,0.981900452488688,0.940184049079755,0.0639625585023401,0.512116316639742,0.382306477093207,0.0636645962732919,0.996860282574568,0.635093167701863,0.0713153724247227,0.625786163522013,0.0595611285266458,0.376744186046512,0.0708782742681048,0.622496147919877,0.61890243902439,0.615267175572519,0.0705521472392638,0.611801242236025,0.0661538461538462,0.580547112462006,0.0692771084337349,0.624808575803982,0.774539877300613,0.613251155624037,0.625,0.583724569640063,0.0718654434250764,0.621004566210046,0.61698717948718,0.0599078341013825,0.626339969372129,0.0596125186289121,0.0670731707317073,0.752721617418352,0.529680365296804,0.062200956937799,0.623052959501558,0.0643642072213501,0.980597014925373,0.0645669291338583,0.619631901840491,0.389908256880734,0.601236476043277,0.0062402496099844,0.62962962962963,0.978090766823161,0.97542242703533,0.0708782742681048,0.0669856459330144,0.601851851851852,0.0615384615384615,0.627627627627628,0.0664605873261206,0.119083969465649,0.0693815987933635,0.613312202852615,0.0649149922720247,0.0668740279937792,0.0690737833594976,0.0545171339563863,0.604068857589984,0.071097372488408,0.610492845786963,0.824615384615385,0.0674846625766871,0.629969418960245,0.0653495440729483,0.642414860681115,0.982919254658385,0.0572337042925278,0.618897637795276,0.0755007704160247,0.0681114551083591,0.0668789808917197,0.613394216133942,0.0653188180404355,0.607535321821036,0.0639625585023401,0.619344773790952,0.0666666666666667,0.61214953271028,0.993779160186625,0.0659509202453988,0.424,0.0626959247648903,0.071875,0.616588419405321,0.058641975308642,0.0657276995305164,0.062015503875969,0.0553846153846154,0.619047619047619,0.622699386503067,0.0697305863708399,0.0638629283489097,0.617873651771957,0.635930047694754,0.0622154779969651,0.626153846153846,0.403587443946188,0.932098765432099,0.614088820826952,0.39938080495356,0.0610687022900763,0.612903225806452,0.0642633228840125,0.0654490106544901,0.0598159509202454,0.630769230769231,0.622324159021407,0.615141955835962,0.0643712574850299,0.0638977635782748,0.0612557427258806,0.943396226415094,0.065625,0.627943485086342,0.0356589147286822,0.610591900311526,0.62402496099844,0.31839258114374,0.0635658914728682,0.0720858895705521,0.0570107858243451,0.0659340659340659,0.0612244897959184,0.979938271604938,0.61214953271028,0.606060606060606,0.0700152207001522,0.378670788253478,0.0684931506849315,0.0736842105263158,0.0631741140215717,0.0669710806697108,0.0628930817610063,0.0611940298507463,0.935384615384615,0.761398176291793,0.0647149460708783,0.628482972136223,0.062402496099844,0.627692307692308,0.0611620795107034,0.065625,0.0622083981337481,0.0641627543035994,0.0707547169811321,0.619344773790952,0.0673813169984686,0.410296411856474,0.606811145510836,0.613251155624037,0.623233908948195,0.612403100775194,0.605015673981191,0.647151898734177,0.587423312883436,0.616207951070336,0.624036979969183,0.0670731707317073,0.616588419405321,0.0646203554119548,0.372699386503067,0.613251155624037,0.765151515151515,0.611544461778471,0.0671875,0.053968253968254,0.0661417322834646,0.824534161490683,0.624615384615385,0.0520673813169985,0.623233908948195,0.610015174506829,0.62402496099844,0.622526636225266,0.37888198757764,0.0605095541401274,0.619909502262443,0.624213836477987,0.0695517774343122,0.6416,0.0718654434250764,0.623672230652504,0.628482972136223,0.0627943485086342,0.0697305863708399,0.0657492354740061,0.535987748851455,0.0625,0.377675840978593,0.980451127819549,0.61136712749616,0.0645161290322581,0.0590979782270607,0.975497702909648,0.621745788667688,0.617054263565891,0.0567260940032415,0.0667701863354037,0.627871362940276,0.964885496183206,0.934817170111288,0.0698412698412698,0.0643086816720257,0.609351432880845,0.0629800307219662,0.0689655172413793,0.635802469135803,0.0664605873261206,0.065052950075643,0.624420401854714,0.0657492354740061,0.0664605873261206,0.0655226209048362,0.0630769230769231,0.612307692307692,0.62874251497006,0.615755627009646,0.0636645962732919,0.0735524256651017,0.400914634146341,0.614678899082569,0.0689655172413793,0.625,0.639016897081413,0.0670731707317073,0.0627871362940276,0.0631741140215717,0.0673981191222571,0.062015503875969,0.615625,0.0714285714285714,0.0676923076923077,0.963607594936709,0.604938271604938,0.584876543209877,0.622496147919877,0.382945736434109,0.619847328244275,0.0598802395209581,0.635071090047393,0.609375,0.816944024205749,0.620214395099541,0.0603174603174603,0.608630952380952,0.0722135007849294,0.0624048706240487,0.0676923076923077,0.628834355828221,0.627627627627628,0.0600924499229584,0.00638977635782748,0.996860282574568,0.0686427457098284,0.616438356164384,0.619273301737757,0.625786163522013,0.0566037735849057,0.611280487804878,0.597809076682316,0.619414483821264,0.629457364341085,0.626373626373626,0.6265625,0.0596330275229358,0.614664586583463,0.0587275693311582,0.0600315955766193,0.948091603053435,0.0712025316455696,0.62037037037037,0.0674846625766871,0.0687022900763359,0.0615141955835962,0.613564668769716,0.0621212121212121,0.624213836477987,0.0693815987933635,0.0895295902883156,0.0714285714285714,0.0652866242038217,0.0653188180404355,0.62,0.0561622464898596,0.0659340659340659,0.62826420890937,0.627943485086342,0.0618238021638331,0.0610687022900763,0.625,0.890743550834598,0.0621019108280255,0.06,0.0666666666666667,0.933021806853583,0.629337539432177,0.0644122383252818,0.622699386503067,0.829073482428115,0.0637636080870918,0.377880184331797,0.50381679389313,0.065015479876161,0.0655226209048362,0.394618834080717,0.362790697674419,0.596599690880989,0.0613496932515337,0.61280487804878,0.0669781931464174,0.064,0.6125,0.0644171779141104,0.0628930817610063,0.941176470588235,0.615863141524106,0.0699844479004666,0.0657276995305164,0.6234375,0.058641975308642,0.0705128205128205,0.625,0.73353751914242,0.0631911532385466,0.0637329286798179,0.0590979782270607,0.406491499227202,0.628659476117103,0.635658914728682,0.617559523809524,0.618098159509202,0.371695178849145,0.605182926829268,0.608359133126935,0.622496147919877,0.834355828220859,0.620904836193448,0.0691244239631336,0.618181818181818,0.0706436420722135,0.618461538461539,0.980509745127436,0.99236641221374,0.0691729323308271,0.0717557251908397,0.978461538461538,0.0579710144927536,0.376876876876877,0.98613251155624,0.949921752738654,0.0660522273425499,0.377125193199382,0.0605590062111801,0.0682170542635659,0.539184952978056,0.067175572519084,0.936825885978428,0.988941548183254,0.0640625,0.0689127105666156,0.0695517774343122,0.612752721617418,0.414454277286136,0.365539452495974,0.0801232665639445,0.0610687022900763,0.0388802488335925,0.625585023400936,0.729393468118196,0.0675883256528418,0.628930817610063,0.06,0.564142194744977,0.966929133858268,0.63013698630137,0.626506024096386,0.609756097560976,0.0632716049382716,0.984756097560976,0.072289156626506,0.0609951845906902,0.0622083981337481,0.820552147239264,0.613458528951487,0.0729813664596273,0.621875,0.0610328638497653,0.0668789808917197,0.629402756508423,0.0702028081123245,0.620535714285714,0.0622083981337481,0.63452566096423,0.616588419405321,0.0600924499229584,0.3765625,0.627067669172932,0.0646153846153846,0.638535031847134,0.177293934681182,0.614220877458396,0.920245398773006,0.621987951807229,0.157894736842105,0.622820919175911,0.0761904761904762,0.612403100775194,0.60546282245827,0.639269406392694,0.0647149460708783,0.0645669291338583,0.0663650075414781,0.0333863275039746,0.727124183006536,0.0676923076923077,0.60731319554849,0.0660522273425499,0.622611464968153,0.620845921450151,0.0652173913043478,0.0604651162790698,0.0574886535552194,0.0187793427230047,0.0625,0.635258358662614,0.623456790123457,0.0613496932515337,0.0586370839936609,0.995319812792512,0.982785602503912,0.0658307210031348,0.0664556962025316,0.624405705229794,0.0717628705148206,0.0667678300455235,0.628482972136223,0.0718849840255591,0.0667701863354037,0.379416282642089,0.542168674698795,0.0634674922600619,0.942307692307692,0.0713178294573643,0.0717557251908397,0.975867269984917,0.613740458015267,0.0627943485086342,0.615625,0.0652173913043478,0.0299684542586751,0.0659340659340659,0.104938271604938,0.0707692307692308,0.615015974440895,0.0625978090766823,0.0612244897959184,0.0598425196850394,0.930981595092024,0.634460547504026,0.0559875583203732,0.0702290076335878,0.384615384615385,0.0654490106544901,0.625382262996942,0.585023400936037,0.610410094637224,0.0619195046439628,0.0679012345679012,0.0709876543209877,0.978593272171254,0.613312202852615,0.982785602503912,0.0601851851851852,0.625382262996942,0.63093415007657,0.59236641221374,0.938176197836167,0.0607476635514019,0.0202177293934681,0.0626911314984709,0.0615615615615616,0.609448818897638,0.633633633633634,0.911811023622047,0.987480438184664,0.62037037037037,0.621329211746522,0.605263157894737,0.944707740916272,0.622464898595944,0.0615615615615616,0.932283464566929,0.628048780487805,0.0696594427244582,0.0705521472392638,0.062111801242236,0.622154779969651,0.624624624624625,0.984177215189873,0.0623100303951368,0.627725856697819,0.626707132018209,0.0660522273425499,0.0719754977029096,0.617151607963247,0.365105008077544,0.056782334384858,0.0681114551083591,0.365930599369085,0.0657492354740061,0.633484162895928,0.0662557781201849,0.622083981337481,0.545038167938931,0.388804841149773,0.664167916041979,0.0659509202453988,0.630699088145897,0.618098159509202,0.379362670713202,0.392966360856269,0.0613496932515337,0.617511520737327,0.0681458003169572,0.625748502994012,0.0603174603174603,0.613953488372093,0.636363636363636,0.588050314465409,0.556765163297045,0.62085308056872,0.618897637795276,0.395348837209302,0.620743034055728,0.92776886035313,0.0537974683544304,0.938650306748466,0.0658499234303216,0.640062597809077,0.0683229813664596,0.94375,0.615023474178404,0.63166144200627,0.0654952076677316,0.995502248875562,0.0627871362940276,0.981132075471698,0.605015673981191,0.054858934169279,0.998461538461539,0.386292834890966,0.0593607305936073,0.0675883256528418,0.0598159509202454,0.63015873015873,0.977168949771689,0.060882800608828,0.513097072419106,0.975155279503106,0.580152671755725,0.618541033434651,0.615030674846626,0.0668740279937792,0.0476190476190476,0.0760697305863708,0.0611620795107034,0.0571870170015456,0.998502994011976,0.0787878787878788,0.383458646616541,0.935724962630792,0.615740740740741,0.0630769230769231,0.0666666666666667,0.0575079872204473,0.0576631259484067,0.98145285935085,0.618759455370651,0.0566615620214395,0.0623052959501558,0.0555555555555556,0.0622083981337481,0.0688073394495413,0.0665610142630745,0.579754601226994,0.949606299212598,0.059748427672956,0.987841945288754,0.621495327102804,0.640552995391705,0.0688575899843505,0.552833078101072,0.623987034035656,0.624420401854714,0.0721966205837174,0.981651376146789,0.614678899082569,0.0625954198473282,0.06875,0.577044025157233,0.628086419753086,0.630265210608424,0.628164556962025,0.0540123456790123,0.614173228346457,0.621951219512195,0.65210608424337,0.621705426356589,0.0274390243902439,0.623100303951368,0.982428115015974,0.62402496099844,0.936363636363636,0.065015479876161,0.979462875197472,0.632258064516129,0.604006163328197,0.6296875,0.0625,0.0608424336973479,0.0701754385964912,0.0668693009118541,0.0678233438485804,0.0675039246467818,0.61128526645768,0.0658499234303216,0.6203125,0.618487394957983,0.479198767334361,0.380877742946708,0.0640243902439024,0.0699844479004666,0.942511346444781,0.622388059701493,0.952887537993921,0.0585585585585586,0.976525821596244,0.0681114551083591,0.063391442155309,0.615748031496063,0.0643642072213501,0.0674157303370786,0.44251968503937,0.649038461538462,0.0744047619047619,0.979495268138801,0.975077881619938,0.0682170542635659,0.0658307210031348,0.0564263322884013,0.981308411214953,0.938837920489297,0.617021276595745,0.516975308641975,0.615501519756839,0.938066465256798,0.609177215189873,0.984326018808777,0.0660522273425499,0.0670826833073323,0.626339969372129,0.615384615384615,0.832565284178187,0.610410094637224,0.619195046439629,0.62596599690881,0.0641221374045802,0.0569230769230769,0.610410094637224,0.0651851851851852,0.94,0.0589147286821705,0.852713178294574,0.0697305863708399,0.381761978361669,0.0598159509202454,0.61993769470405,0.623028391167192,0.990683229813665,0.390769230769231,0.0635658914728682,0.0600924499229584,0.269890795631825,0.177672955974843,0.621705426356589,0.625199362041467,0.0624048706240487,0.617283950617284,0.815873015873016,0.61198738170347,0.0719640179910045,0.970948012232416,0.0635658914728682,0.0669781931464174,0.616207951070336,0.386942675159236,0.629107981220657,0.0645669291338583,0.0635930047694754,0.623456790123457,0.63093415007657,0.617691154422789,0.222047244094488,0.618441971383148,0.0636645962732919,0.993827160493827,0.0690184049079755,0.0573248407643312,0.368258859784284,0.422118380062305,0.60952380952381,0.996875,0.608490566037736,0.0634674922600619,0.0544,0.637636080870918,0.613707165109034,0.437403400309119,0.0614439324116743,0.625382262996942,0.700607902735562,0.631415241057543,0.0886850152905199,0.58528951486698,0.946727549467275,0.636363636363636,0.621621621621622,0.603448275862069,0.623211446740858,0.61631419939577,0.099388379204893,0.0681114551083591,0.632776934749621,0.534290271132376,0.374414976599064,0.833075734157651,0.385466034755134,0.0555555555555556,0.613740458015267,0.941176470588235,0.608490566037736,0.622496147919877,0.700607902735562,0.616588419405321,0.943939393939394,0.601538461538462,0.626771653543307,0.617554858934169,0.618973561430793
"18",0.709302325581395,0.689320388349515,0.691056910569106,0.680713128038898,0.691437802907916,0.693811074918567,0.988372093023256,0.679153094462541,0.690437601296596,0.430016863406408,0.687797147385103,0.35702746365105,0.482084690553746,0.682926829268293,0,0,0.369668246445498,1,0.679933665008292,0.695652173913043,0,0,0.680952380952381,0.4816,0.688498402555911,0,0,0.669491525423729,0.697305863708399,0.483388704318937,0,0.419614147909968,0.626016260162602,0.00494233937397035,0.327814569536424,0.688888888888889,0.871794871794872,0.681372549019608,0,0.69983948635634,0.99836867862969,1,1,0.666129032258065,0.683333333333333,0,0.0048780487804878,0,0,0,0.310679611650485,0.677631578947368,0,0.680194805194805,0.694668820678514,0.175122749590835,0.886699507389163,0.688816855753647,0.688206785137318,0.674958540630182,0.00644122383252818,0,0,0.995176848874598,0.692939244663383,0.684975767366721,0.343137254901961,0.683006535947712,0.38390092879257,0,0.6912,0,0,0.735537190082645,0.84775641025641,0.687400318979266,0,0.00637958532695375,0.681159420289855,0,0.399665551839465,0,0,0.681744749596123,0,0.686119873817035,0.690789473684211,0.67862969004894,0.682333873581848,1,0.686567164179104,0.677777777777778,0.3072,0.412238325281804,0.690635451505017,0.356357927786499,0.312703583061889,0.688417618270799,0.881188118811881,1,0.683523654159869,0.372168284789644,0,0.694630872483222,0,0.684210526315789,1,0.683360258481422,0,0,0,0.698387096774194,0.00325732899022801,0.678104575163399,0.805510534846029,0.700626959247649,0,0.628246753246753,0,0,0.814449917898194,0.694942903752039,0,0,0.678513731825525,0,0.688575899843505,0.69435736677116,0.63768115942029,0.230519480519481,0.685092127303183,0,0.682042833607908,0.355799373040752,0.672185430463576,0,1,0,0.633279483037157,0.113902847571189,0.416938110749186,0.40194489465154,0.688417618270799,0.678275290215589,0,0.693418940609952,0,0.703764320785597,0.496012759170654,0.681962025316456,0,0.692058346839546,0.686371100164204,0.681592039800995,0.676470588235294,0,0.689430894308943,0,0.565217391304348,0.678456591639871,0,0.685393258426966,0,0.401626016260163,0.686241610738255,0,0.6875,0.697068403908795,0.673633440514469,0.0111111111111111,0.684210526315789,0,0.687908496732026,0,0.688225538971808,0,0.401612903225806,0.698717948717949,0.966442953020134,0.706362153344209,0.684380032206119,0,0.693181818181818,0.686178861788618,0.687702265372168,0.676518883415435,0,0,0.67563025210084,0.678688524590164,0,0,0.683870967741935,0.770731707317073,0.980982567353407,0.305418719211823,0,0.998384491114701,0.689210950080515,0,0.687813021702838,0.694753577106518,0.685393258426966,0.00163398692810458,0,0,0.678233438485804,0.685092127303183,0.696284329563813,0.312913907284768,0.702791461412151,0,0.66557911908646,0,0,0.563725490196078,0.685950413223141,0.688709677419355,0.679153094462541,0.705691056910569,0.696666666666667,0.353996737357259,0,0,0.6875,0.996779388083736,0.67817896389325,0.691472868217054,0.679214402618658,0.70048309178744,0.704730831973899,0.688783570300158,0.301765650080257,0.638095238095238,0.703225806451613,0,0.682847896440129,0,0.697262479871176,0.691680261011419,0.684552845528455,0.67479674796748,0.701842546063652,0,0.6752,0.188006482982172,0,0,0.00167224080267559,0,0,0.103505843071786,0,0,0,0.6832,0,0.681818181818182,1,0,0.622222222222222,0,0.682119205298013,0.684640522875817,0.685245901639344,0.574468085106383,0,0.679365079365079,0,0,0,0,1,0.688851913477537,0,0,0.685761047463175,0,0.676703645007924,0,0,0.701320132013201,0.685524126455907,0.703703703703704,0.858766233766234,0.684818481848185,1,0.400936037441498,0,0.689822294022617,0.683946488294314,0.418006430868167,0,0,0.670529801324503,0.677152317880795,0,0.350565428109855,0.294214876033058,0.695081967213115,0.688333333333333,0.004739336492891,0.67699836867863,0.702954898911353,0,0.698717948717949,0.69951534733441,0,0.692179700499168,0.686688311688312,0.691437802907916,0.679611650485437,0,0,0,0.697262479871176,0.678104575163399,0.991961414790997,0.00807754442649435,0.672757475083056,0,0,0.696682464454976,0.67524115755627,0.702746365105008,0.67862969004894,0.6875,0,0.694041867954911,0.684552845528455,0.425287356321839,0,0.166397415185784,0,1,0,0.678740157480315,0,0,0.580286168521463,0.00158478605388273,0.6875,0,0.694533762057878,0.698717948717949,0.688925081433225,0,0,0.689034369885434,0.605704697986577,0.389250814332248,0.699173553719008,0,0,0,0.684297520661157,0,0.802250803858521,0,0,0,0,0.683279742765273,0,0.692821368948247,0.669381107491857,0.318770226537217,0.704318936877076,0,0.681818181818182,0.681318681318681,0.692307692307692,0,0.697115384615385,0,0.682108626198083,0.516025641025641,0.686178861788618,0.684039087947883,0.696774193548387,0,0.691680261011419,0.70655737704918,0,0,0.676948051948052,0.695652173913043,0,0.525,0.690635451505017,0.683279742765273,0.683006535947712,0.31869918699187,0,0.708967851099831,0,0.575456053067993,0.704248366013072,1,0.108108108108108,0.687707641196013,0.684887459807074,1,0.969205834683955,0.0178282009724473,0.684466019417476,0,0.686178861788618,0.689482470784641,0,0.681818181818182,0.686786296900489,0.326860841423948,0,0.685245901639344,0.678747940691928,0,0.689873417721519,0.696517412935323,0,0.662379421221865,0.689542483660131,0.694533762057878,0.67487684729064,0.188589540412044,0,0.0197368421052632,0,0,1,0,0.00811688311688312,0,0.570261437908497,0.00330578512396694,0.699029126213592,0.00789889415481832,0.670967741935484,0.00481540930979133,0.396196513470681,0.372990353697749,0.686119873817035,0.69377990430622,0.363344051446945,0.689597315436242,1,0.361873990306947,0.316053511705686,0.681020733652313,1,0.693679092382496,0.697411003236246,0.235973597359736,0.685064935064935,0.30655737704918,0.404006677796327,0.691029900332226,0.685805422647528,0.705211726384365,0,0.973643410852713,1,0.688311688311688,0.677993527508091,0.668820678513732,0,0.662866449511401,0.6784,0,0.704180064308682,0.0585365853658537,0.430213464696223,0,0,0.00863557858376511,0.682539682539683,0.392628205128205,0.68380062305296,0.692176870748299,0.690048939641109,0.575757575757576,0,0.686274509803922,0,0.690671031096563,0.685337726523888,0,0.681592039800995,0,0.679738562091503,0,0,0.686084142394822,1,0,0.676190476190476,0,0.431089743589744,0,0.492635024549918,0,0.440129449838188,0,0.681592039800995,0,0,0,0.700162074554295,0.68046357615894,0.687301587301587,0.648556876061121,0.674061433447099,0.694174757281553,0,0.683523654159869,0,0,0.678855325914149,0.688225538971808,0.689320388349515,0.619439868204283,0.682182985553772,0,0,0.679425837320574,0.681372549019608,0.365,0.406611570247934,0.686688311688312,0.691927512355848,0,0.696,0.689655172413793,0.00493421052631579,0.698492462311558,0.693548387096774,1,0.8609375,0.685064935064935,0.315301391035549,0.69179229480737,0.678513731825525,0.398058252427184,0.00164203612479475,0.692434210526316,0,0.689430894308943,0.661129568106312,0.695934959349593,0.524350649350649,0.688925081433225,0,0.682333873581848,0.686985172981878,0.677152317880795,0.304838709677419,0,0.681666666666667,0.689490445859873,1,0.679549114331723,0.00161030595813205,0.0448,0,0.684466019417476,0.683523654159869,0.697674418604651,0.410339256865913,0,0.40228013029316,0.670988654781199,0,0,0.0304487179487179,0.314845024469821,0.673139158576052,0.642394822006472,0.678571428571429,0.689710610932476,0,0,0.48772504091653,0.366612111292962,0,0,0.00160513643659711,0.31063122923588,0,0.684542586750789,0.313213703099511,0,0.682410423452769,0.682487725040916,0.683954619124797,0.00318979266347687,0,0.356418918918919,0.679674796747967,0,0,0.686688311688312,0.694006309148265,0.00161290322580645,1,0.692307692307692,0.696013289036545,0.995033112582781,0.691943127962085,0,0.695142378559464,0,0.858974358974359,1,0.100961538461538,0.669887278582931,0,0,1,1,0.681159420289855,0,0.688442211055276,0.00158982511923688,0.694444444444444,0,0,0.0377049180327869,0.233494363929147,0,0,0.995073891625616,0,0.476510067114094,0.673841059602649,0.316720257234727,0.685990338164251,0,0.697899838449112,0.320450885668277,0,0,0.688118811881188,0.382539682539683,0.667752442996743,0.410714285714286,0.0231023102310231,0.66936790923825,0.394904458598726,0.988467874794069,0.689542483660131,0.690208667736758,0.678456591639871,0,0.365105008077544,0.700320512820513,0.108064516129032,0.409317803660566,0.0286168521462639,0,0,0.686591276252019,0.668863261943987,0.68976897689769,0.698205546492659,0.695439739413681,0.382775119617225,0.691823899371069,1,0.321428571428571,0.00161290322580645,0.6721044045677,0.691437802907916,0.688552188552189,0.684466019417476,0.398058252427184,0,0.674603174603175,0.660033167495854,0.678451178451178,0.681967213114754,0.691056910569106,0.695081967213115,0.815409309791332,0.308457711442786,0.678571428571429,0.400635930047695,0,0.775444264943457,0.686688311688312,0.075503355704698,0,0,0.69281045751634,0.361426256077796,0,0.680064308681672,0.706645056726094,0.0431893687707641,0,0,0.0016366612111293,0.687196110210697,0,0,0.104918032786885,0,0.658653846153846,0,0.405,0,0.32475884244373,0.693181818181818,0.395348837209302,0,0,0.00656814449917898,0.681020733652313,0.684627575277338,0.685185185185185,0.675762439807384,0.678333333333333,0.686371100164204,0.013136288998358,0.693910256410256,0,0,0.291666666666667,1,0.688498402555911,0.683954619124797,0.3184,0,0.434210526315789,0.677215189873418,0.356451612903226,0.692307692307692,0.686666666666667,0,0.692939244663383,0.684745762711864,0.316393442622951,0.0907563025210084,0.686153846153846,0.393034825870647,0.422697368421053,0.679611650485437,0.678217821782178,0.709470304975923,0.398713826366559,0.314606741573034,0,0.099025974025974,0,0.331746031746032,0.00330578512396694,0.404567699836868,0.694308943089431,0.681063122923588,0,0,0.569105691056911,0.00662251655629139,0.0032,0,0.691558441558442,0.68130081300813,0,0.685534591194969,0.313213703099511,0.669950738916256,0.544426494345719,0.704620462046205,1,0.693163751987281,0,0,0.399345335515548,1,0.677049180327869,0.690322580645161,0.901453957996769,0.603015075376884,0,0,0.6875,0,0.580750407830343,0,0.679873217115689,0.404838709677419,0.675282714054927,0.687296416938111,0,1,0,0.697829716193656,0.68026101141925,0,0,0,0.560655737704918,0,0.689144736842105,0.384491114701131,0.67948717948718,0.679933665008292,1,0.96078431372549,0,0.383252818035427,0,0.679738562091503,0.67603305785124,0,0,0.833602584814216,0.690437601296596,0,0.106858054226475,0,0.679549114331723,0.81342062193126,0.327361563517915,0,0,0,0,0,0.7184,0.695934959349593,0,0.884228187919463,1,0.559677419354839,1,0.68130081300813,0,0.317355371900826,0,0,0.119426751592357,0,0.31378763866878,0,0,0,0
"19",1,1,1,1,1,1,0.691318327974277,1,1,0.101639344262295,1,0.0474683544303797,0.810509554140127,1,0.322683706070288,0.316535433070866,0.0650793650793651,0.679933665008292,1,1,0.294212218649518,0.321711568938193,1,0.158059467918623,1,0.336492890995261,0.329545454545455,1,1,0.79073482428115,0.322734499205087,0.731554160125589,0.966876971608833,0.321656050955414,0,1,0.543035993740219,1,0.30757341576507,1,0.667711598746082,0.679304897314376,0.683720930232558,1,1,0.321086261980831,0.31687898089172,0.320813771517997,0.322932917316693,0.335403726708075,0,1,0.315625,1,1,0.4928,0.566129032258065,1,1,1,0.337984496124031,0.326465927099842,0.325396825396825,0.671974522292994,1,1,0.036741214057508,1,0.0612557427258806,0.326625386996904,1,0.327613104524181,0.324717285945073,0.963141025641026,0.516431924882629,1,0.314152410575428,0.339563862928349,1,0.332792207792208,0.0923824959481361,0.332797427652733,0.333333333333333,1,0.343701399688958,1,1,1,1,0.6890625,1,1,0,0.1109375,1,0.0479134466769706,0,1,0.570502431118314,0.669934640522876,1,0.0558213716108453,0.318037974683544,1,0.322327044025157,1,0.678855325914149,1,0.321086261980831,0.322734499205087,0.326465927099842,1,0.330203442879499,1,0.4890625,1,0.314285714285714,0.303125,0.33030303030303,0.317965023847377,0.474683544303797,0.998449612403101,0.328660436137072,0.323101777059774,1,0.307692307692308,1,1,0.330696202531646,0.554012345679012,1,0.320967741935484,1,0.0424886191198786,1,0.321875,0.674922600619195,0.330218068535826,0.928343949044586,0.444262295081967,0.106349206349206,0.0980707395498392,1,1,0.3408,1,0.325652841781874,1,0.797507788161994,1,0.323577235772358,1,1,1,1,0.33596214511041,1,0.328478964401294,0.263823064770932,1,0.31974921630094,1,0.30625,0.0933977455716586,1,0.319805194805195,1,1,1,0.336990595611285,1,0.332263242375602,1,0.311811023622047,1,0.329113924050633,0.0744849445324881,1,0.633223684210526,1,1,0.319870759289176,1,1,1,1,0.332283464566929,0.314553990610329,1,0.998397435897436,0.322530864197531,0.318181818181818,1,0.450949367088608,0.660522273425499,0,0.324960753532182,0.658730158730159,1,0.32348367029549,1,0.998444790046656,1,0.325320512820513,0.32398753894081,0.330618892508143,1,1,1,0,1,0.3125,0.971742543171115,0.326984126984127,0.312599681020734,0.764984227129338,1,1,1,1,1,0.0443740095087163,0.3296,0.334384858044164,1,0.677018633540373,1,1,1,0.998447204968944,1,1,0.0031104199066874,0.321428571428571,1,0.321486268174475,1,0.30503144654088,1,1,1,1,1,0.33122028526149,1,0.5,0.328025477707006,0.332283464566929,0.32,0.325434439178515,0.336507936507937,0.433811802232855,0.329133858267717,0.331240188383046,0.319685039370079,1,0.322169059011164,1,0.684375,0.321086261980831,0.320813771517997,0.3312,1,1,1,0.264566929133858,0.316037735849057,1,0.320512820512821,0.334883720930233,0.316614420062696,0.325471698113208,0.68312101910828,1,0.324534161490683,0.320574162679426,1,0.30983606557377,1,0.318252730109204,0.323296354992076,1,1,1,0.541009463722397,1,0.687301587301587,0.0804953560371517,0.325806451612903,1,1,0.0967238689547582,0.327639751552795,0.334405144694534,1,1,0.307332293291732,0.0254777070063694,0.00324149108589951,1,1,0.340625,1,1,0.315707620528771,1,1,0.323899371069182,1,1,1,1,0.334379905808477,0.3125,0.338211382113821,1,1,0.669303797468354,0.3152,1,0.325508607198748,0.311501597444089,1,1,0.998468606431853,1,1,0.333333333333333,1,1,0.112903225806452,0.341158059467919,0.506430868167203,0.311290322580645,0.668820678513732,0.3198127925117,1,0.319935691318328,0.339228295819936,0.2601246105919,0.322378716744914,1,0.334890965732087,1,1,1,0.313385826771654,0.3296875,0.998430141287284,0.92156862745098,0.0630048465266559,1,0.315047021943574,0.32695374800638,0.310126582278481,1,0.336434108527132,0.473354231974922,0.328638497652582,0.307570977917981,0.3232,0.315789473684211,1,0.330112721417069,1,1,0,1,0.333333333333333,1,1,1,0.337461300309598,1,0.316639741518578,1,0.830696202531646,1,1,1,0.324237560192616,1,1,0.31496062992126,0.327044025157233,1,1,0.319182389937107,0.185185185185185,1,0.998449612403101,1,0,0.318910256410256,1,0.317460317460317,0.247603833865815,1,0.670807453416149,0.433229813664596,1,1,0.668702290076336,0.696062992125984,0.350710900473934,1,0.32741935483871,1,1,0.334905660377358,1,0.998417721518987,0.00632911392405063,0.326984126984127,1,1,0.328990228013029,1,1,0.3104,0.3328125,1,1,1,0.524256651017214,0.31687898089172,0.354889589905363,0.322239031770045,0.340222575516693,0.683464566929134,0.335403726708075,0.32695374800638,0.327131782945736,0.243243243243243,0.32475884244373,1,0.332312404287902,0.998415213946117,0.314873417721519,0.0807926829268293,0.0496124031007752,1,1,0.0393081761006289,1,0.675840978593272,0.0432,0.008,1,0.67398119122257,1,1,0.557877813504823,1,0,0.0726978998384491,1,1,1,0.331730769230769,0.641025641025641,0.688013136288998,0.992199687987519,1,0.982758620689655,0.30952380952381,0.3328,1,0.309562398703404,1,0.378164556962025,0.104838709677419,0.315625,0.325652841781874,0.341296928327645,1,0.0785824345146379,1,1,1,0.267496111975117,0.326433121019108,1,0.3248,1,1,0.30952380952381,1,0.331288343558282,1,0.314194577352472,0.334394904458599,1,0.674085850556439,0.319213313161876,1,0.32,0.754716981132076,0.326153846153846,0.156832298136646,0.326687116564417,0.780063291139241,0.317384370015949,1,0.330696202531646,0.344339622641509,0.299212598425197,1,1,1,0.967637540453074,0.337228714524207,1,0.331723027375201,1,0.327814569536424,0.319083969465649,1,1,1,0.915470494417863,1,0.312693498452012,0.319938176197836,1,1,0.0505529225908373,0.0809061488673139,1,1,0.31139646869984,1,1,0.318252730109204,1,1,0.679873217115689,0.536661466458658,1,0,1,1,0.102760736196319,0.329635499207607,1,0.331210191082803,0.998432601880878,0.9632,0.998417721518987,0.816614420062696,1,0.3264,1,1,1,0,0.30718954248366,1,1,0.659937888198758,1,0.323343848580442,0.366197183098592,0.325984251968504,1,1,1,0.0928792569659443,0.332258064516129,0.0900163666121113,0.998422712933754,0.307692307692308,0.3171875,0.355384615384615,0,1,0.953051643192488,1,1,0.335483870967742,0.3109375,0.161904761904762,0.0410742496050553,0.327974276527331,0.312698412698413,0.334379905808477,0,0.32093023255814,1,0,0.325077399380805,1,1,1,0.321372854914197,0.322530864197531,0.0344827586206897,1,0.325914149443561,0.315873015873016,1,1,0.323809523809524,0.68189233278956,1,1,0.691693290734824,1,0.308892355694228,1,0.324367088607595,0.526813880126183,0.658423493044822,0.421374045801527,1,0.3046875,0.317460317460317,0.666141732283465,0.665086887835703,1,0.32967032967033,1,0.328173374613003,1,0.31974921630094,0.309677419354839,0.355769230769231,0.531645569620253,0.3232,0.321543408360129,0.661392405063291,0.327613104524181,0.152317880794702,1,0,1,0.3008,1,0,0.325434439178515,0.322632423756019,1,0.0546282245827011,1,0.0887096774193548,0.341935483870968,1,0.0649762282091918,0.666141732283465,1,1,1,0.311986863711002,0.0401234567901235,1,0.427884615384615,0.0979133226324237,0.36547433903577,0.332826747720365,0.33179012345679,1,1,1,1,1,0.0632716049382716,0.996875,0.681318681318681,0.00301659125188537,0.323943661971831,1,1,1,1,0.0849056603773585,0.318681318681319,1,1,1,1,1,1,0.491392801251956,0,1,0.0822784810126582,0.327102803738318,0.444961240310077,1,0.407582938388626,0.313014827018122,0.31875,1,0.0397456279809221,0.325,1,1,0.37741935483871,0.314465408805031,0.315457413249211,0.323432343234323,0.998444790046656,0.335453100158982,0.326625386996904,0.42215088282504,0.326433121019108,0.96875,0.320493066255778,0.0810372771474878,0.325949367088608,0,1,0.0885668276972625,0.310897435897436,0.314873417721519,0.3296,1,1,1,1,1,1,0.351046698872786,1,0.318910256410256,0.322091062394604,0.613458528951487,0.668810289389068,1,1,0,0.325153374233129,0.12241653418124,0.998466257668712,0.0384,1,1,0.3264,1,1,0.630818619582664,0.4185667752443,0.996965098634294,0.0760517799352751,0.102728731942215,1,1,1,0.0880503144654088,0,0.325077399380805,0.423263327948304,0.324031007751938,0,0.334943639291465,0.0878594249201278,1,1,0.327073552425665,0.327102803738318,0.244408945686901,0.339712918660287,0.31733746130031,0.324409448818898,1,1,0.330128205128205,1,0,1,0.226688102893891,1,0.666141732283465,1,0.323854660347551,0.317152103559871,0.0780254777070064,0.66875,1,1,0.784810126582278,0.897394136807818,0.31637519872814,0.32516339869281,1,0.319047619047619,0.259026687598116,0.328502415458937,1,0.1015625,1,1,0.328571428571429,0.675895765472313,0.313408723747981,1,1,0.321928460342146,0.314465408805031,0.328660436137072,0.864516129032258,0.3232,1,0.0590979782270607,1,1,0.689167974882261,0.648177496038035,0.324104234527687,0.0583596214511041,0.333333333333333,1,1,0.317111459968603,0.335974643423138,0.621875,1,0.31619937694704,0.383177570093458,0.316037735849057,0.985826771653543,0.4816,0.003125,0.318110236220472,0.333333333333333,0.340222575516693,0.313311688311688,0.321483771251932,0.971518987341772,1,0.326433121019108,0.552631578947368,0.68370607028754,0.237871674491393,0.677152317880795,1,0.331761006289308,0.00319488817891374,0.33015873015873,0.319685039370079,0.368670886075949,0.322784810126582,0,0.341772151898734,0.322683706070288,0.333333333333333,0.322784810126582
"20",1,1,1,1,1,1,0.70859872611465,1,1,0.0947030497592295,1,0.0441640378548896,0.807874015748032,1,0.314785373608903,0.300314465408805,0.0667701863354037,0.695652173913043,1,1,0.275157232704403,0.3024,1,0.150855365474339,1,0.31733746130031,0.308917197452229,1,1,0.76984126984127,0.3046875,0.721617418351477,0.967238689547582,0.295238095238095,0,1,0.550925925925926,1,0.287878787878788,1,0.6734375,0.692546583850932,0.697852760736196,1,1,0.3,0.30379746835443,0.298003072196621,0.314152410575428,0.318529862174579,0,1,0.297380585516179,1,1,0.483412322274882,0.578778135048232,1,1,1,0.324031007751938,0.309375,0.304897314375987,0.690363349131122,1,1,0.0363349131121643,1,0.0625,0.310452418096724,1,0.304821150855365,0.315789473684211,0.963779527559055,0.519440124416796,1,0.296466973886329,0.326594090202177,1,0.307941653160454,0.0858995137763371,0.314375987361769,0.322784810126582,1,0.325508607198748,1,1,1,1,0.693972179289026,1,1,0.00156739811912226,0.102290076335878,1,0.0455235204855842,0,1,0.575079872204473,0.684294871794872,1,0.0557324840764331,0.311424100156495,1,0.305379746835443,1,0.701399688958009,1,0.313291139240506,0.310832025117739,0.3078125,1,0.316436251920123,1,0.505327245053272,1,0.306122448979592,0.304821150855365,0.306990881458967,0.30622009569378,0.491255961844197,0.998422712933754,0.312594840667678,0.302884615384615,1,0.295489891135303,1,1,0.333850931677019,0.53857791225416,1,0.305993690851735,1,0.0407239819004525,1,0.30568356374808,0.684375,0.31924882629108,0.926905132192846,0.421311475409836,0.102848101265823,0.0938967136150235,1,1,0.319314641744548,1,0.308980213089802,1,0.803680981595092,1,0.319935691318328,1,1,1,1,0.325914149443561,1,0.305863708399366,0.251524390243902,1,0.297507788161994,1,0.284126984126984,0.0880503144654088,1,0.299679487179487,1,1,1,0.321483771251932,1,0.31496062992126,1,0.300925925925926,1,0.304975922953451,0.0776545166402536,1,0.653094462540717,1,1,0.308943089430894,1,1,1,1,0.311320754716981,0.304953560371517,1,0.998417721518987,0.304482225656878,0.295055821371611,1,0.459627329192547,0.670713201820941,0,0.302469135802469,0.680817610062893,1,0.307098765432099,1,0.998463901689708,1,0.308661417322835,0.31104199066874,0.312803889789303,1,1,1,0,1,0.296998420221169,0.97045101088647,0.307692307692308,0.307453416149068,0.74565560821485,1,1,1,1,1,0.0444444444444444,0.302839116719243,0.312597200622084,1,0.695517774343122,1,1,1,0.998473282442748,1,1,0.00469483568075117,0.319634703196347,1,0.294303797468354,1,0.291731669266771,1,1,1,1,1,0.316614420062696,1,0.498422712933754,0.317111459968603,0.307098765432099,0.306836248012719,0.311216429699842,0.317384370015949,0.415605095541401,0.316770186335404,0.30625,0.303265940902022,1,0.313755795981453,1,0.696319018404908,0.301412872841444,0.315467075038285,0.3198127925117,1,1,1,0.261417322834646,0.299531981279251,1,0.311216429699842,0.311349693251534,0.303265940902022,0.314152410575428,0.690513219284603,1,0.310185185185185,0.308056872037915,1,0.291666666666667,1,0.302003081664099,0.307814992025518,1,1,1,0.54858934169279,1,0.697347893915757,0.0818181818181818,0.301412872841444,1,1,0.0975232198142415,0.303405572755418,0.319286871961102,1,1,0.293023255813953,0.0232558139534884,0.00319488817891374,1,1,0.32572298325723,0.998427672955975,1,0.30521472392638,1,1,0.308527131782946,1,1,1,1,0.315132605304212,0.296352583586626,0.3184,1,1,0.678571428571429,0.303937007874016,1,0.306748466257669,0.2921875,1,1,0.998430141287284,1,1,0.308777429467085,1,1,0.0980707395498392,0.315625,0.47244094488189,0.298555377207063,0.681889763779528,0.316358024691358,1,0.301109350237718,0.316614420062696,0.258914728682171,0.31104199066874,1,0.314589665653495,1,1,1,0.297939778129952,0.308166409861325,0.998425196850394,0.925806451612903,0.0649762282091918,1,0.308049535603715,0.308306709265176,0.300157977883096,1,0.320061255742726,0.479495268138801,0.312989045383412,0.296062992125984,0.30622009569378,0.296238244514107,1,0.307210031347962,1,1,0,1,0.311811023622047,1,1,1,0.32018927444795,1,0.302362204724409,1,0.834890965732087,1,1,1,0.304821150855365,1,1,0.299689440993789,0.305164319248826,1,1,0.306729264475743,0.184899845916795,1,0.998459167950693,1,0,0.313385826771654,1,0.299531981279251,0.25,1,0.686728395061728,0.420489296636086,1,1,0.694736842105263,0.70735524256651,0.337519623233909,1,0.307073954983923,1,1,0.31924882629108,1,0.998417721518987,0.00631911532385466,0.316358024691358,1,1,0.308917197452229,1,1,0.291079812206573,0.343076923076923,1,1,1,0.511737089201878,0.297045101088647,0.342313787638669,0.306184012066365,0.319314641744548,0.702229299363057,0.314641744548287,0.314285714285714,0.309597523219814,0.241324921135647,0.309677419354839,1,0.308980213089802,0.998410174880763,0.304552590266876,0.0829562594268477,0.049079754601227,1,1,0.0372093023255814,1,0.699074074074074,0.0425867507886435,0.0111642743221691,1,0.694704049844237,1,1,0.538940809968847,1,0,0.0674157303370786,1,1,1,0.309033280507132,0.652757078986587,0.698234349919743,0.996937212863706,1,0.981566820276498,0.299843014128728,0.34472049689441,1,0.293650793650794,1,0.370486656200942,0.10223642172524,0.297256097560976,0.310291858678955,0.326194398682043,1,0.0770416024653313,1,1,1,0.257575757575758,0.314102564102564,1,0.312202852614897,1,1,0.303353658536585,1,0.312024353120244,1,0.303459119496855,0.313572542901716,1,0.686614173228347,0.303490136570561,1,0.302547770700637,0.76625386996904,0.308868501529052,0.152777777777778,0.315548780487805,0.766091051805338,0.304487179487179,1,0.314241486068111,0.329173166926677,0.287692307692308,1,1,1,0.9696,0.346645367412141,1,0.317666126418152,1,0.306688417618271,0.310502283105023,1,1,1,0.923930269413629,1,0.29618320610687,0.306870229007634,1,1,0.0500807754442649,0.0740157480314961,1,1,0.309148264984227,1,1,0.308777429467085,1,1,0.69170579029734,0.547112462006079,1,0,1,1,0.0973724884080371,0.318037974683544,1,0.315457413249211,0.998422712933754,0.963141025641026,0.998412698412698,0.823255813953488,1,0.321086261980831,1,1,1,0,0.305958132045089,1,1,0.687697160883281,1,0.30503144654088,0.34472049689441,0.309006211180124,1,1,1,0.0920245398773006,0.313694267515924,0.0910569105691057,0.998415213946117,0.303405572755418,0.296352583586626,0.341049382716049,0,1,0.95447409733124,1,1,0.318681318681319,0.295107033639144,0.158227848101266,0.0409448818897638,0.310126582278481,0.297839506172839,0.31619937694704,0.0016025641025641,0.308049535603715,1,0,0.309815950920245,1,1,1,0.313178294573643,0.314024390243902,0.0356564019448947,1,0.301857585139319,0.290123456790123,1,1,0.305772230889236,0.708469055374593,1,1,0.700626959247649,1,0.299847792998478,1,0.30625,0.541795665634675,0.683969465648855,0.396946564885496,1,0.28902627511592,0.305164319248826,0.694704049844237,0.673879443585781,1,0.311349693251534,1,0.310810810810811,1,0.304625199362041,0.297253634894992,0.340157480314961,0.512539184952978,0.309791332263242,0.3008,0.677621283255086,0.305555555555556,0.13614262560778,1,0,1,0.288216560509554,1,0,0.313572542901716,0.300319488817891,1,0.0586466165413534,1,0.0816326530612245,0.329652996845426,1,0.0682170542635659,0.674454828660436,1,1,1,0.314102564102564,0.0383435582822086,1,0.421553090332805,0.0946372239747634,0.349230769230769,0.308641975308642,0.313178294573643,1,1,1,1,1,0.0653495440729483,0.996932515337423,0.695178849144635,0.00455927051671732,0.308166409861325,1,1,1,1,0.0851735015772871,0.302147239263804,1,1,1,1,1,1,0.498452012383901,0.00158227848101266,1,0.0837138508371385,0.3125,0.446540880503145,1,0.38755980861244,0.29903536977492,0.305295950155763,1,0.0373250388802488,0.313178294573643,1,1,0.355769230769231,0.298621745788668,0.298136645962733,0.307814992025518,0.9984375,0.317741935483871,0.309262166405024,0.416403785488959,0.30503144654088,0.973724884080371,0.297583081570997,0.0783034257748776,0.319182389937107,0,1,0.0881410256410256,0.30188679245283,0.305993690851735,0.303656597774245,1,1,1,1,1,1,0.32258064516129,1,0.306122448979592,0.305921052631579,0.600924499229584,0.686614173228347,1,1,0,0.306766917293233,0.113707165109034,0.998477929984779,0.033175355450237,1,1,0.307324840764331,1,1,0.627172195892575,0.402298850574713,0.996992481203008,0.0813397129186603,0.0936507936507937,1,1,1,0.0849056603773585,0,0.308755760368664,0.404354587869362,0.29922480620155,0,0.324237560192616,0.0817307692307692,1,1,0.308527131782946,0.310872894333844,0.246794871794872,0.325,0.302936630602782,0.310344827586207,1,1,0.322222222222222,1,0,1,0.222565687789799,1,0.685847589424572,1,0.299689440993789,0.298387096774194,0.0773899848254932,0.684210526315789,1,1,0.792452830188679,0.903908794788274,0.303174603174603,0.308917197452229,1,0.31496062992126,0.262090483619345,0.303715670436187,1,0.101721439749609,1,1,0.307931570762053,0.693418940609952,0.304975922953451,1,1,0.296583850931677,0.298904538341158,0.310872894333844,0.85691573926868,0.305863708399366,1,0.0594679186228482,1,1,0.70846394984326,0.657770800627943,0.313099041533546,0.0592823712948518,0.311004784688995,1,1,0.300787401574803,0.31911532385466,0.619195046439629,1,0.296124031007752,0.373475609756098,0.300155520995334,0.984662576687117,0.48125,0.00313971742543171,0.295489891135303,0.313636363636364,0.31911532385466,0.304625199362041,0.30781010719755,0.979876160990712,1,0.310832025117739,0.560581583198708,0.698564593301435,0.240625,0.703947368421053,1,0.311627906976744,0.00313479623824451,0.313971742543171,0.303265940902022,0.355932203389831,0.315457413249211,0,0.330721003134796,0.310509554140127,0.31378763866878,0.308892355694228
"21",0.273752012882448,0.287301587301587,0.290372670807453,0.296474358974359,0.28503937007874,0.282296650717703,0.00646203554119548,0.292913385826772,0.284820031298905,0.5968,0.292048929663609,0.66407465007776,0.492868462757528,0.291866028708134,1,1,0.6390625,0,0.294212218649518,0.275157232704403,1,1,0.291277258566978,0.5390625,0.285276073619632,1,1,0.304777594728171,0.280864197530864,0.501597444089457,1,0.56786271450858,0.3375,0.995297805642633,0.695859872611465,0.28995057660626,0.141975308641975,0.288611544461778,1,0.269470404984424,0.00312989045383412,0,0,0.29635499207607,0.286624203821656,1,0.995268138801262,1,1,1,0.712749615975422,0.29570747217806,1,0.296529968454259,0.290824261275272,0.801587301587302,0.126198083067093,0.293375394321767,0.285271317829457,0.294117647058824,0.990783410138249,1,1,0.0046801872074883,0.281350482315113,0.286392405063291,0.681962025316456,0.295133437990581,0.630075187969925,1,0.29153605015674,1,1,0.247191011235955,0.162974683544304,0.283513097072419,1,0.995319812792512,0.293577981651376,1,0.616129032258064,1,1,0.291079812206573,1,0.295558958652374,0.289308176100629,0.303656597774245,0.288216560509554,0,0.296,0.290123456790123,0.721439749608764,0.605015673981191,0.28343949044586,0.658536585365854,0.706436420722135,0.283720930232558,0.13474025974026,0,0.2875,0.6528,1,0.289855072463768,1,0.296825396825397,0,0.295418641390205,1,1,1,0.279937791601866,0.995283018867924,0.2953125,0.21505376344086,0.273972602739726,1,0.395931142410016,1,1,0.208398133748056,0.279874213836478,1,1,0.303353658536585,1,0.295180722891566,0.282843894899536,0.384735202492212,0.754573170731707,0.292880258899676,1,0.298887122416534,0.664133738601824,0.302250803858521,1,0.00155038759689922,1,0.355095541401274,0.884176182707993,0.6,0.613207547169811,0.287301587301587,0.294975688816856,1,0.28169014084507,1,0.271450858034321,0.479198767334361,0.287901990811639,1,0.286163522012579,0.288888888888889,0.291666666666667,0.295238095238095,1,0.280864197530864,1,0.4484375,0.301538461538462,1,0.297709923664122,1,0.6096,0.300632911392405,1,0.286168521462639,0.289230769230769,0.303030303030303,0.98740157480315,0.296411856474259,1,0.294392523364486,1,0.292604501607717,1,0.608763693270736,0.281004709576138,0.0357142857142857,0.271565495207668,0.286163522012579,1,0.281446540880503,0.295774647887324,0.287267080745342,0.302507836990596,1,1,0.289137380191693,0.295208655332303,1,1,0.29393468118196,0.243710691823899,0.0226586102719033,0.712680577849117,1,0.00311526479750779,0.288854003139717,1,0.295751633986928,0.283076923076923,0.286384976525822,0.996840442338073,1,1,0.301829268292683,0.29016393442623,0.288372093023256,0.70952380952381,0.280757097791798,1,0.322480620155039,1,1,0.419656786271451,0.289389067524116,0.298621745788668,0.296529968454259,0.27244094488189,0.2896,0.669303797468354,1,1,0.2828125,0.00470219435736677,0.289230769230769,0.287878787878788,0.295238095238095,0.283255086071987,0.266666666666667,0.293663060278207,0.721966205837174,0.378125,0.276827371695179,1,0.304552590266876,1,0.284403669724771,0.276190476190476,0.288643533123028,0.298387096774194,0.288709677419355,1,0.285271317829457,0.79080824088748,1,1,0.996779388083736,1,1,0.885113268608414,1,1,1,0.287480680061824,1,0.298701298701299,0,1,0.393846153846154,1,0.290113452188006,0.292063492063492,0.285261489698891,0.432432432432432,1,0.299065420560748,1,1,1,1,0,0.283891547049442,1,1,0.293929712460064,1,0.291277258566978,1,1,0.290171606864275,0.297297297297297,0.271585557299843,0.153726708074534,0.298722044728434,0,0.617246596066566,1,0.296923076923077,0.297770700636943,0.593406593406593,1,1,0.292604501607717,0.2944,1,0.686305732484076,0.719298245614035,0.276357827476038,0.288743882544861,0.993779160186625,0.292527821939587,0.278963414634146,1,0.282131661442006,0.28062015503876,1,0.28006329113924,0.286168521462639,0.285493827160494,0.280757097791798,1,1,1,0.2765625,0.296178343949045,0.00772797527047913,0.992211838006231,0.298722044728434,1,1,0.283048211508554,0.29984544049459,0.272865853658537,0.28393135725429,0.294392523364486,1,0.276190476190476,0.28393135725429,0.592592592592593,1,0.82780410742496,1,0,1,0.291158536585366,1,1,0.430534351145038,0.998442367601246,0.28892455858748,1,0.277511961722488,0.283018867924528,0.285491419656786,1,1,0.2953125,0.37785016286645,0.629807692307692,0.279809220985692,1,1,1,0.292721518987342,1,0.219435736677116,1,1,1,1,0.295031055900621,1,0.281198003327787,0.302694136291601,0.707278481012658,0.274193548387097,1,0.298600311041991,0.290123456790123,0.287560581583199,1,0.276497695852535,1,0.288549618320611,0.451104100946372,0.29595015576324,0.298217179902755,0.283489096573209,1,0.287974683544304,0.275039745627981,1,1,0.292913385826772,0.285261489698891,1,0.498456790123457,0.288,0.297213622291022,0.298273155416013,0.709779179810726,1,0.269480519480519,1,0.44215530903328,0.283676703645008,0,0.881172839506173,0.29126213592233,0.297380585516179,0,0.02660406885759,0.979462875197472,0.287735849056604,1,0.276898734177215,0.282051282051282,1,0.293846153846154,0.280898876404494,0.697452229299363,1,0.288854003139717,0.288888888888889,1,0.284603421461897,0.27724358974359,1,0.353582554517134,0.276357827476038,0.282574568288854,0.30503144654088,0.783489096573209,1,0.980982567353407,1,1,0.00158478605388273,1,0.992272024729521,1,0.442338072669826,0.996763754045307,0.275,0.992272024729521,0.3,0.995305164319249,0.624808575803982,0.65284178187404,0.297213622291022,0.280864197530864,0.658878504672897,0.28,0,0.653786707882535,0.714511041009464,0.285271317829457,0.00155763239875389,0.286384976525822,0.273155416012559,0.765079365079365,0.297339593114241,0.714728682170543,0.617021276595745,0.287066246056782,0.281055900621118,0.2671875,1,0.0288315629742033,0,0.278996865203762,0.295031055900621,0.303405572755418,1,0.348101265822785,0.293563579277865,1,0.278637770897833,0.937996820349762,0.585714285714286,1,1,0.993344425956739,0.286604361370716,0.628659476117103,0.290824261275272,0.285251215559157,0.288611544461778,0.43531202435312,1,0.284820031298905,1,0.295566502463054,0.291056910569106,1,0.29093799682035,1,0.296703296703297,1,1,0.296754250386399,0,1,0.29393468118196,1,0.5390625,1,0.527047913446677,1,0.541009463722397,1,0.287081339712919,1,1,1,0.275752773375594,0.298555377207063,0.284389489953632,0.325806451612903,0.344715447154472,0.281055900621118,1,0.29746835443038,1,1,0.289269051321928,0.290015847860539,0.286153846153846,0.369905956112853,0.295839753466872,1,1,0.298904538341158,0.294685990338164,0.644694533762058,0.606973058637084,0.288643533123028,0.29093799682035,1,0.274961597542243,0.281818181818182,0.995305164319249,0.274350649350649,0.28062015503876,0,0.149765990639626,0.29047619047619,0.705614567526555,0.288888888888889,0.293394777265745,0.618827160493827,0.996840442338073,0.280952380952381,1,0.287713841368585,0.318979266347687,0.285266457680251,0.454263565891473,0.284810126582278,1,0.29153605015674,0.297339593114241,0.303858520900322,0.721286370597244,1,0.28892455858748,0.285935085007728,0,0.292569659442724,0.998422712933754,0.95,1,0.289719626168224,0.292452830188679,0.282296650717703,0.595348837209302,1,0.616,0.298578199052133,1,1,0.959438377535101,0.704581358609795,0.30379746835443,0.334890965732087,0.291277258566978,0.290123456790123,1,1,0.5392,0.661858974358974,1,1,0.998466257668712,0.719354838709677,1,0.295731707317073,0.714738510301109,1,0.297507788161994,0.287519747235387,0.293375394321767,0.996923076923077,1,0.676422764227642,0.288854003139717,1,1,0.291731669266771,0.283048211508554,0.998412698412698,0,0.292063492063492,0.286384976525822,0.004739336492891,0.287250384024578,1,0.28341384863124,1,0.152037617554859,0,0.892261001517451,0.293838862559242,1,1,0,0.00155038759689922,0.305084745762712,1,0.283171521035599,0.996908809891808,0.281446540880503,1,1,0.960815047021944,0.7601246105919,1,1,0.00312989045383412,1,0.535483870967742,0.296,0.69922480620155,0.297045101088647,1,0.278041074249605,0.706896551724138,1,1,0.287112561174551,0.641993957703928,0.296875,0.605769230769231,0.97092084006462,0.308426073131955,0.624610591900312,0.0125391849529781,0.278740157480315,0.28391167192429,0.288372093023256,1,0.66407465007776,0.285714285714286,0.881435257410296,0.604838709677419,0.964669738863287,1,1,0.289676425269646,0.306818181818182,0.281004709576138,0.295031055900621,0.289922480620155,0.642201834862385,0.270061728395062,0,0.701492537313433,0.998432601880878,0.297507788161994,0.27591706539075,0.289430894308943,0.289877300613497,0.625592417061611,1,0.300623052959502,0.3046875,0.296596434359805,0.294025157232704,0.280864197530864,0.280254777070064,0.19629057187017,0.710900473933649,0.29047619047619,0.615503875968992,1,0.240126382306477,0.303875968992248,0.909967845659164,1,1,0.284810126582278,0.662480376766091,1,0.285714285714286,0.262738853503185,0.95016077170418,1,1,0.996726677577741,0.288549618320611,1,1,0.889245585874799,1,0.328703703703704,1,0.61637239165329,1,0.706336939721793,0.281645569620253,0.623003194888179,1,1,0.992138364779874,0.287051482059282,0.294025157232704,0.295161290322581,0.289137380191693,0.297208538587849,0.295819935691318,0.982428115015974,0.290824261275272,1,1,0.698142414860681,0,0.288109756097561,0.286821705426357,0.711598746081505,1,0.580031695721078,0.299847792998478,0.670846394984326,0.279106858054226,0.290113452188006,1,0.28548644338118,0.288743882544861,0.673534072900158,0.898858075040783,0.301349325337331,0.628019323671498,0.592709984152139,0.293563579277865,0.289808917197452,0.272727272727273,0.615625,0.714508580343214,1,0.885758998435055,1,0.700310559006211,0.996815286624204,0.611821086261981,0.283018867924528,0.292962356792144,1,1,0.448657187993681,0.993558776167472,0.996908809891808,1,0.285714285714286,0.3,1,0.292609351432881,0.711388455538221,0.30064308681672,0.467817896389325,0.272435897435897,0,0.282371294851794,1,1,0.618973561430793,0.00155763239875389,0.297637795275591,0.292721518987342,0.0924764890282132,0.386837881219904,1,1,0.284389489953632,1,0.431528662420382,1,0.291603053435115,0.604395604395604,0.295238095238095,0.289176090468498,1,0,1,0.282009724473258,0.288492706645057,1,1,1,0.416666666666667,1,0.29375,0.638330757341577,0.299065420560748,0.307568438003221,0.00151975683890578,0.04375,1,0.63849765258216,1,0.28902627511592,0.297124600638978,1,1,0.16358024691358,0.27591706539075,1,0.895475819032761,1,0.289634146341463,0.20919175911252,0.700636942675159,1,1,1,1,1,0.26040061633282,0.273015873015873,1,0.121555915721232,0.00159235668789809,0.463949843260188,0,0.295418641390205,1,0.703296703296703,1,1,0.886115444617785,1,0.707055214723926,1,1,1,1
"22",0.295751633986928,0.309748427672956,0.306962025316456,0.322006472491909,0.305958132045089,0.307324840764331,0.00809061488673139,0.313001605136437,0.306603773584906,0.584288052373159,0.312989045383412,0.64937106918239,0.505636070853462,0.313001605136437,1,1,0.626182965299685,0,0.321711568938193,0.3024,1,1,0.316692667706708,0.519047619047619,0.302180685358255,1,1,0.328382838283828,0.3015625,0.527508090614887,1,0.58125,0.356807511737089,0.995305164319249,0.675762439807384,0.305,0.149443561208267,0.313479623824451,1,0.307931570762053,0.00318471337579618,0,0,0.3248,0.310289389067524,1,0.995245641838352,1,1,1,0.697347893915757,0.3168,1,0.317535545023697,0.313084112149533,0.824193548387097,0.129186602870813,0.315372424722662,0.305900621118012,0.310789049919485,0.990536277602524,1,1,0.00482315112540193,0.305825242718447,0.3104,0.663974151857835,0.313880126182965,0.624036979969183,1,0.316118935837246,1,1,0.26797385620915,0.16304347826087,0.3125,1,0.995268138801262,0.312401883830455,1,0.607201309328969,1,1,0.31924882629108,1,0.31937984496124,0.309033280507132,0.31687898089172,0.311708860759494,0,0.314516129032258,0.325652841781874,0.690851735015773,0.581504702194357,0.308186195826645,0.644716692189893,0.681020733652313,0.306603773584906,0.126229508196721,0,0.306320907617504,0.629807692307692,1,0.305691056910569,1,0.321711568938193,0,0.311605723370429,1,1,1,0.298722044728434,0.995215311004785,0.313385826771654,0.208137715179969,0.301242236024845,1,0.381987577639752,1,1,0.207395498392283,0.307086614173228,1,1,0.321711568938193,1,0.308755760368664,0.307931570762053,0.364928909952607,0.760432766615147,0.315619967793881,1,0.316211878009631,0.648648648648649,0.335987261146497,1,0.00156985871271586,1,0.361022364217252,0.889430894308943,0.591772151898734,0.610576923076923,0.315457413249211,0.312913907284768,1,0.300314465408805,1,0.298722044728434,0.49922480620155,0.312883435582822,1,0.305111821086262,0.309791332263242,0.317307692307692,0.319422150882825,1,0.300157977883096,1,0.438569206842924,0.3203125,1,0.309968847352025,1,0.601626016260163,0.315447154471545,1,0.313504823151125,0.308411214953271,0.317307692307692,0.985759493670886,0.321711568938193,1,0.318910256410256,1,0.315181518151815,1,0.60828025477707,0.295133437990581,0.0339256865912763,0.290584415584416,0.3109375,1,0.303656597774245,0.312,0.316455696202532,0.32398753894081,1,1,0.315875613747954,0.314194577352472,1,1,0.310236220472441,0.243670886075949,0.0196078431372549,0.695721077654517,1,0.00315457413249211,0.313178294573643,1,0.315619967793881,0.29874213836478,0.310618066561014,0.996845425867508,1,1,0.317610062893082,0.309446254071661,0.314728682170543,0.686495176848875,0.3008,1,0.329093799682035,1,1,0.440993788819876,0.319047619047619,0.31937984496124,0.31496062992126,0.290220820189274,0.3042071197411,0.655948553054662,1,1,0.308049535603715,0.0046875,0.32312404287902,0.312693498452012,0.315705128205128,0.304212168486739,0.296998420221169,0.311728395061728,0.697530864197531,0.364341085271318,0.301092043681747,1,0.319218241042345,1,0.303937007874016,0.308306709265176,0.302547770700637,0.320634920634921,0.300492610837438,1,0.315707620528771,0.800319488817891,1,1,0.996768982229402,1,1,0.899038461538462,1,1,1,0.304278922345483,1,0.314845024469821,0,1,0.3828125,1,0.317666126418152,0.319422150882825,0.313880126182965,0.425806451612903,1,0.320251177394035,1,1,1,1,0,0.30952380952381,1,1,0.313195548489666,1,0.312111801242236,1,1,0.293548387096774,0.310855263157895,0.290220820189274,0.155309033280507,0.316129032258064,0,0.60741885625966,1,0.314553990610329,0.312599681020734,0.586854460093897,1,1,0.325806451612903,0.329052969502408,1,0.664546899841017,0.700647249190938,0.295454545454545,0.307692307692308,0.993817619783617,0.322834645669291,0.302611367127496,1,0.306349206349206,0.299382716049383,1,0.305057096247961,0.307086614173228,0.316118935837246,0.310509554140127,1,1,1,0.299679487179487,0.324921135646688,0.00940438871473354,0.993650793650794,0.320450885668277,1,1,0.309148264984227,0.322981366459627,0.303738317757009,0.315955766192733,0.307210031347962,1,0.304,0.30622009569378,0.575657894736842,1,0.841269841269841,1,0,1,0.321316614420063,1,1,0.428125,0.998432601880878,0.311582381729201,1,0.3125,0.294303797468354,0.300632911392405,1,1,0.311811023622047,0.384116693679092,0.612111292962357,0.297872340425532,1,1,1,0.319148936170213,1,0.216174183514774,1,1,1,1,0.314641744548287,1,0.313014827018122,0.32967032967033,0.688087774294671,0.298722044728434,1,0.322884012539185,0.31055900621118,0.305194805194805,1,0.301092043681747,1,0.314024390243902,0.475435816164818,0.315457413249211,0.318327974276527,0.311320754716981,1,0.309677419354839,0.304487179487179,1,1,0.314785373608903,0.308892355694228,1,0.496124031007752,0.31219512195122,0.322222222222222,0.320373250388802,0.68362480127186,1,0.296596434359805,1,0.434439178515008,0.30173775671406,0,0.878930817610063,0.311688311688312,0.310832025117739,0,0.0302066772655008,0.981012658227848,0.313001605136437,1,0.307936507936508,0.308970099667774,1,0.322378716744914,0.310015898251192,0.678125,1,0.316037735849057,0.317384370015949,1,0.302547770700637,0.301948051948052,1,0.341232227488152,0.305111821086262,0.313385826771654,0.326018808777429,0.789799072642968,1,0.984152139461173,1,1,0.00159235668789809,1,0.992101105845182,1,0.439873417721519,0.996805111821086,0.293291731669267,0.993759750390016,0.323051948051948,0.995290423861852,0.616224648985959,0.632911392405063,0.316118935837246,0.307098765432099,0.641955835962145,0.315619967793881,0,0.640822784810127,0.69551282051282,0.313572542901716,0.0015600624024961,0.307936507936508,0.299524564183835,0.773885350318471,0.315707620528771,0.697160883280757,0.603618421052632,0.309178743961353,0.313935681470138,0.296825396825397,1,0.0275229357798165,0,0.307324840764331,0.323390894819466,0.315286624203822,1,0.332268370607029,0.314696485623003,1,0.3,0.939968404423381,0.576190476190476,1,1,0.993243243243243,0.320433436532508,0.622257053291536,0.315132605304212,0.308186195826645,0.302839116719243,0.427018633540373,1,0.312,1,0.316225165562914,0.312602291325696,1,0.311183144246353,1,0.317384370015949,1,1,0.32182103610675,0,1,0.313694267515924,1,0.555735056542811,1,0.510869565217391,1,0.551612903225806,1,0.320661157024793,1,1,1,0.306836248012719,0.317460317460317,0.309119010819165,0.342715231788079,0.337704918032787,0.299050632911392,1,0.315705128205128,1,1,0.320574162679426,0.322632423756019,0.309006211180124,0.370662460567823,0.320373250388802,1,1,0.322932917316693,0.304838709677419,0.641571194762684,0.602870813397129,0.306836248012719,0.3088,1,0.29635499207607,0.30757341576507,0.993610223642173,0.308319738988581,0.30625,0,0.143297380585516,0.313195548489666,0.683409436834094,0.30622009569378,0.319875776397516,0.605263157894737,0.996820349761526,0.299837925445705,1,0.314873417721519,0.346153846153846,0.315286624203822,0.476340694006309,0.31139646869984,1,0.312401883830455,0.316393442622951,0.32952691680261,0.696875,1,0.324058919803601,0.313572542901716,0,0.3203125,0.998405103668262,0.95125786163522,1,0.311216429699842,0.319685039370079,0.311004784688995,0.591263650546022,1,0.606109324758842,0.327476038338658,1,1,0.967136150234742,0.678571428571429,0.32018927444795,0.353677621283255,0.3198127925117,0.314873417721519,1,1,0.516077170418006,0.635930047694754,1,1,0.9984375,0.705691056910569,1,0.317901234567901,0.691338582677165,1,0.318681318681319,0.314606741573034,0.318541996830428,0.996913580246914,1,0.648692810457516,0.31619937694704,1,1,0.317034700315457,0.307332293291732,0.998430141287284,0,0.30952380952381,0.304278922345483,0.00632911392405063,0.304347826086957,1,0.307941653160454,1,0.151326053042122,0,0.905572755417957,0.319685039370079,1,1,0,0.00157728706624606,0.311605723370429,1,0.311897106109325,0.996965098634294,0.3056,1,1,0.963141025641026,0.770334928229665,1,1,0.00484652665589661,1,0.521523178807947,0.319554848966614,0.681957186544342,0.31832298136646,1,0.304140127388535,0.681528662420382,1,1,0.310743801652893,0.623100303951368,0.329113924050633,0.590690208667737,0.9712,0.323248407643312,0.610328638497653,0.0109375,0.306349206349206,0.315132605304212,0.316614420062696,1,0.648148148148148,0.298600311041991,0.889245585874799,0.600644122383253,0.967542503863988,1,1,0.309148264984227,0.332784184514003,0.312903225806452,0.312989045383412,0.299684542586751,0.620743034055728,0.30564263322884,0,0.681818181818182,0.998407643312102,0.316455696202532,0.304975922953451,0.317741935483871,0.314152410575428,0.608832807570978,1,0.3203125,0.328548644338118,0.331136738056013,0.3088,0.30625,0.306962025316456,0.200927357032458,0.684380032206119,0.317610062893082,0.6046875,1,0.235668789808917,0.307692307692308,0.920583468395462,1,1,0.301282051282051,0.6512,1,0.311627906976744,0.29746835443038,0.954186413902054,1,1,0.996805111821086,0.30757341576507,1,1,0.89968152866242,1,0.336492890995261,1,0.608766233766234,1,0.680314960629921,0.303514376996805,0.615508885298869,1,1,0.992050874403816,0.322327044025157,0.322222222222222,0.312903225806452,0.315112540192926,0.318032786885246,0.317741935483871,0.984025559105431,0.30188679245283,1,1,0.703525641025641,0,0.311145510835913,0.307086614173228,0.681388012618297,1,0.574603174603175,0.319875776397516,0.658692185007974,0.311912225705329,0.301458670988655,1,0.306709265175719,0.30514096185738,0.687702265372168,0.909238249594814,0.318318318318318,0.610932475884244,0.585365853658537,0.314102564102564,0.319805194805195,0.300940438871473,0.605388272583201,0.693650793650794,1,0.893548387096774,1,0.672868217054264,0.996779388083736,0.59935379644588,0.308306709265176,0.317230273752013,1,1,0.43859649122807,0.993421052631579,0.996865203761755,1,0.306709265175719,0.319685039370079,1,0.304878048780488,0.696682464454976,0.320574162679426,0.460674157303371,0.297734627831715,0,0.310832025117739,1,1,0.604724409448819,0.0015600624024961,0.317460317460317,0.315955766192733,0.089622641509434,0.419773095623987,1,1,0.307931570762053,1,0.419871794871795,1,0.3265625,0.602184087363494,0.321259842519685,0.312,1,0,1,0.311074918566775,0.311605723370429,1,1,1,0.453658536585366,1,0.3088,0.63015873015873,0.325434439178515,0.324675324675325,0.00158478605388273,0.0411392405063291,1,0.635646687697161,1,0.31911532385466,0.322475570032573,1,1,0.167974882260597,0.308176100628931,1,0.901408450704225,1,0.317034700315457,0.201923076923077,0.675675675675676,1,1,1,1,1,0.283048211508554,0.301282051282051,1,0.130505709624796,0.00160771704180064,0.441823899371069,0,0.317384370015949,1,0.685534591194969,1,1,0.890302066772655,1,0.689873417721519,1,1,1,1
"23",1,1,1,1,1,1,0.695447409733124,1,1,0.104,1,0.0463678516228748,0.816164817749604,1,0.320251177394035,0.308396946564885,0.0648148148148148,0.680952380952381,1,1,0.291277258566978,0.316692667706708,1,0.165644171779141,1,0.330804248861912,0.322834645669291,1,1,0.77984496124031,0.316846986089645,0.723502304147465,0.9629057187017,0.315301391035549,0,1,0.54337899543379,1,0.303892215568862,1,0.66046511627907,0.674846625766871,0.688449848024316,1,1,0.326498422712934,0.323943661971831,0.313725490196078,0.325190839694657,0.330316742081448,0,1,0.31866464339909,1,1,0.498432601880878,0.561240310077519,1,1,1,0.332317073170732,0.32093023255814,0.322378716744914,0.684292379471229,1,1,0.0388198757763975,1,0.0600600600600601,0.3202416918429,1,0.325077399380805,0.328050713153724,0.961965134706815,0.524316109422492,1,0.3125,0.338931297709924,1,0.318471337579618,0.0936507936507937,0.325581395348837,0.327639751552795,1,0.340490797546012,1,1,1,1,0.692901234567901,1,1,0.00153846153846154,0.108231707317073,1,0.0477611940298507,0,1,0.564387917329094,0.675548589341693,1,0.0581039755351682,0.31839258114374,1,0.317757009345794,1,0.682098765432099,1,0.31832298136646,0.320493066255778,0.319018404907975,1,0.328703703703704,1,0.496229260935143,1,0.320493066255778,0.303215926493109,0.333333333333333,0.316455696202532,0.490712074303406,0.998454404945904,0.334355828220859,0.321144674085851,1,0.305900621118012,1,1,0.331297709923664,0.554054054054054,1,0.320373250388802,1,0.0431547619047619,1,0.314503816793893,0.675840978593272,0.334360554699538,0.930981595092024,0.44391785150079,0.107309486780715,0.0990712074303406,1,1,0.334890965732087,1,0.321481481481481,1,0.796352583586626,1,0.328149300155521,1,1,1,1,0.340590979782271,1,0.322530864197531,0.264705882352941,1,0.315384615384615,1,0.302507836990596,0.0894819466248038,1,0.319875776397516,1,1,1,0.335889570552147,1,0.330733229329173,1,0.305810397553517,1,0.315301391035549,0.0802469135802469,1,0.633440514469453,1,1,0.31496062992126,1,1,1,1,0.332810047095761,0.316923076923077,1,0.998468606431853,0.320668693009119,0.312893081761006,1,0.453149001536098,0.663677130044843,0,0.319508448540707,0.668711656441718,1,0.320182094081942,1,0.998484848484849,1,0.326120556414219,0.32572298325723,0.325984251968504,1,1,1,0,1,0.304075235109718,0.972136222910217,0.326086956521739,0.30757341576507,0.7601246105919,1,1,1,1,1,0.0476923076923077,0.317111459968603,0.329230769230769,1,0.672281776416539,1,1,0.998454404945904,0.998466257668712,1,1,0.00457317073170732,0.331297709923664,1,0.315955766192733,1,0.303215926493109,1,1,1,1,1,0.328725038402458,1,0.503134796238245,0.331269349845201,0.327272727272727,0.322222222222222,0.323529411764706,0.332307692307692,0.429699842022117,0.330769230769231,0.322678843226788,0.31039755351682,1,0.329230769230769,1,0.691394658753709,0.313971742543171,0.315548780487805,0.338607594936709,1,1,1,0.260802469135802,0.324031007751938,1,0.327160493827161,0.327300150829563,0.315870570107858,0.328767123287671,0.679127725856698,1,0.328290468986384,0.3234375,1,0.307453416149068,1,0.30640243902439,0.316436251920123,1,1,1,0.543076923076923,1,0.677862595419847,0.0851688693098385,0.322378716744914,1,1,0.101823708206687,0.31866464339909,0.331269349845201,1,1,0.306153846153846,0.0264797507788162,0.0031104199066874,1,1,0.344311377245509,0.998461538461539,1,0.320493066255778,1,1,0.31733746130031,1,1,1,1,0.341614906832298,0.311178247734139,0.336,1,1,0.672839506172839,0.318885448916409,1,0.317700453857791,0.306853582554517,1,1,0.998463901689708,1,1,0.326625386996904,1,1,0.110759493670886,0.336391437308869,0.500772797527048,0.305164319248826,0.669796557120501,0.316341829085457,1,0.316770186335404,0.334869431643625,0.259541984732824,0.320668693009119,1,0.32781954887218,1,1,1,0.314152410575428,0.32370820668693,0.998475609756098,0.92018779342723,0.0643642072213501,1,0.315950920245399,0.328,0.316535433070866,1,0.329803328290469,0.476923076923077,0.328746177370031,0.308755760368664,0.32120253164557,0.310769230769231,1,0.328616352201258,1,1,0,1,0.324534161490683,1,1,1,0.3328125,1,0.317829457364341,1,0.828528072837633,1,1,1,0.32,1,1,0.312788906009245,0.312788906009245,1,1,0.313178294573643,0.197247706422018,1,0.998461538461539,1,0,0.325471698113208,1,0.309923664122137,0.252696456086287,1,0.675344563552833,0.435820895522388,1,1,0.682748538011696,0.698315467075038,0.347094801223242,1,0.324116743471582,1,1,0.338006230529595,1,0.998439937597504,0.00924499229583975,0.332298136645963,1,1,0.330670926517572,1,1,0.302507836990596,0.341945288753799,1,1,1,0.53030303030303,0.305810397553517,0.346456692913386,0.325825825825826,0.334360554699538,0.684210526315789,0.324812030075188,0.328703703703704,0.31832298136646,0.248456790123457,0.31974921630094,1,0.32375189107413,0.998459167950693,0.308868501529052,0.0874074074074074,0.0523882896764253,1,1,0.0402476780185759,1,0.680786686838124,0.0419254658385093,0.012326656394453,1,0.68167701863354,1,1,0.559006211180124,1,0,0.0764331210191083,1,1,1,0.324451410658307,0.650145772594752,0.688102893890675,0.996965098634294,1,0.981679389312977,0.306027820710974,0.344287949921753,1,0.297045101088647,1,0.364485981308411,0.108150470219436,0.308510638297872,0.323353293413174,0.33665008291874,1,0.0808383233532934,1,1,1,0.264525993883792,0.320754716981132,1,0.3265625,1,1,0.310708898944193,1,0.332835820895522,1,0.309968847352025,0.320813771517997,1,0.670826833073323,0.319526627218935,1,0.316846986089645,0.760606060606061,0.322289156626506,0.171516079632466,0.324404761904762,0.771604938271605,0.312202852614897,1,0.331811263318113,0.338957055214724,0.295107033639144,1,1,1,0.967532467532468,0.358520900321543,1,0.325508607198748,1,0.31687898089172,0.323795180722892,1,1,1,0.91601866251944,1,0.319758672699849,0.325227963525836,1,1,0.0503937007874016,0.0822784810126582,1,1,0.311912225705329,1,1,0.315467075038285,1,1,0.676970633693972,0.532137518684604,1,0,1,1,0.105263157894737,0.333848531684699,1,0.325038880248834,0.998459167950693,0.964341085271318,0.998454404945904,0.814701378254211,1,0.331230283911672,1,1,1,0,0.314102564102564,1,1,0.673879443585781,1,0.324574961360124,0.355725190839695,0.326086956521739,1,1,1,0.0981873111782477,0.323029366306028,0.0935023771790808,0.998430141287284,0.311926605504587,0.311450381679389,0.358974358974359,0,1,0.957251908396947,1,1,0.327073552425665,0.308734939759036,0.169517884914463,0.0417310664605873,0.322085889570552,0.313178294573643,0.325688073394495,0.00156494522691706,0.315384615384615,1,0,0.322289156626506,1,1,1,0.32,0.32579185520362,0.0352564102564103,1,0.316118935837246,0.306646525679758,1,1,0.321372854914197,0.694041867954911,1,1,0.686064318529862,1,0.315315315315315,1,0.326687116564417,0.536842105263158,0.66464339908953,0.414264036418816,1,0.300604229607251,0.321538461538462,0.677519379844961,0.663677130044843,1,0.327718223583461,1,0.328335832083958,1,0.321428571428571,0.315132605304212,0.349056603773585,0.533536585365854,0.315286624203822,0.31875,0.66046511627907,0.318112633181126,0.154704944178628,1,0,1,0.296998420221169,1,0,0.324492979719189,0.3265625,1,0.0578635014836795,1,0.0882352941176471,0.341576506955178,1,0.0652503793626707,0.667175572519084,1,1,1,0.312698412698413,0.0409090909090909,1,0.428790199081164,0.0992125984251968,0.361963190184049,0.326251896813354,0.329819277108434,1,1,1,1,1,0.0637982195845697,0.995447647951442,0.682779456193353,0.00443131462333826,0.324404761904762,1,1,1,1,0.0885496183206107,0.318042813455657,1,1,1,1,1,1,0.494640122511485,0.00154559505409583,1,0.0851063829787234,0.320610687022901,0.446319018404908,1,0.402225755166932,0.314935064935065,0.310872894333844,1,0.04,0.317972350230415,1,1,0.374021909233177,0.313253012048193,0.311627906976744,0.318471337579618,0.998452012383901,0.324960753532182,0.325190839694657,0.427244582043344,0.32398753894081,0.97239263803681,0.320300751879699,0.083596214511041,0.324159021406728,0,1,0.0886075949367089,0.317034700315457,0.313084112149533,0.324451410658307,1,1,1,1,1,1,0.334379905808477,1,0.319018404907975,0.316912972085386,0.614329268292683,0.671317829457364,1,1,0,0.321699544764795,0.124416796267496,0.998491704374057,0.04,1,1,0.31733746130031,1,1,0.63452566096423,0.42443729903537,0.997050147492625,0.0810810810810811,0.100308641975309,1,1,1,0.0916030534351145,0,0.317700453857791,0.42457231726283,0.325190839694657,0,0.334370139968896,0.0899053627760252,1,1,0.324242424242424,0.321156773211568,0.254237288135593,0.335423197492163,0.311649016641452,0.32,1,1,0.333860759493671,1,0,1,0.228615863141524,1,0.676783004552352,1,0.317829457364341,0.3125,0.0771558245083207,0.672155688622755,1,1,0.7890625,0.90521327014218,0.322222222222222,0.312893081761006,1,0.320987654320988,0.262751159196291,0.32484076433121,1,0.106060606060606,1,1,0.316692667706708,0.68088467614534,0.314152410575428,1,1,0.308166409861325,0.304615384615385,0.323353293413174,0.863636363636364,0.315955766192733,1,0.0558139534883721,1,1,0.690184049079755,0.653726708074534,0.326465927099842,0.0579029733959311,0.321100917431193,1,1,0.316770186335404,0.333850931677019,0.624036979969183,1,0.311450381679389,0.374233128834356,0.315950920245399,0.983458646616541,0.471317829457364,0.00462249614791988,0.312024353120244,0.326315789473684,0.331775700934579,0.320695102685624,0.31784107946027,0.971471471471472,1,0.31104199066874,0.549363057324841,0.67817896389325,0.23896499238965,0.686084142394822,1,0.332298136645963,0.00313971742543171,0.331804281345566,0.317484662576687,0.362252663622527,0.320493066255778,0,0.336391437308869,0.318181818181818,0.324409448818898,0.321538461538462
"24",0.167456556082148,0.158139534883721,0.156346749226006,0.152647975077882,0.150855365474339,0.160125588697017,0.456279809220986,0.158307210031348,0.170616113744076,0.953376205787781,0.156923076923077,0.892802450229709,0.0407523510971787,0.156398104265403,0.528951486697966,0.52755905511811,0.916666666666667,0.4816,0.158059467918623,0.150855365474339,0.5390625,0.519047619047619,0.165644171779141,1,0.174114021571649,0.511485451761103,0.511006289308176,0.164227642276423,0.161832061068702,0.121212121212121,0.530864197530864,0.124233128834356,0.12111801242236,0.52373417721519,0.8608,0.15609756097561,0.629513343799058,0.147919876733436,0.532526475037821,0.162790697674419,0.509375,0.477449455676516,0.489164086687306,0.1515625,0.163009404388715,0.516535433070866,0.527733755942948,0.522935779816514,0.508500772797527,0.509316770186335,0.845565749235474,0.15506329113924,0.527522935779816,0.150943396226415,0.165109034267913,0.337579617834395,0.590266875981162,0.153726708074534,0.169491525423729,0.166929133858268,0.508396946564886,0.517080745341615,0.520249221183801,0.5,0.154838709677419,0.163833075734158,0.893915756630265,0.153605015673981,0.916918429003021,0.509923664122137,0.157975460122699,0.515479876160991,0.512038523274478,0.198083067092652,0.652373660030628,0.160606060606061,0.522205206738132,0.497695852534562,0.149162861491629,0.512738853503185,0.944715447154472,0.504716981132076,0.501592356687898,0.158139534883721,0.488299531981279,0.158371040723982,0.158555729984301,0.153364632237872,0.161392405063291,0.477308294209703,0.155555555555556,0.146084337349398,0.854070660522273,0.943251533742331,0.152276295133438,0.898484848484848,0.844961240310077,0.154434250764526,0.604761904761905,0.5,0.152886115444618,0.900787401574803,0.53343701399689,0.169303797468354,0.508580343213729,0.15962441314554,0.487538940809969,0.166666666666667,0.514913657770801,0.520801232665639,0.500784929356358,0.164596273291925,0.509287925696594,0.151468315301391,0.67737003058104,0.16,0.506955177743431,0.88390092879257,0.502283105022831,0.515772870662461,0.690292758089368,0.153968253968254,0.513719512195122,0.514331210191083,0.155384615384615,0.5320813771518,0.157037037037037,0.164652567975831,0.849612403100775,0.621212121212121,0.154340836012862,0.528861154446178,0.156985871271586,0.893016344725111,0.145800316957211,0.5220700152207,0.500777604976672,0.503125,0.0917431192660551,0.624398073836276,0.943573667711599,0.947286821705426,0.15748031496063,0.158982511923688,0.507131537242472,0.161787365177196,0.51588502269289,0.157894736842105,0.0593607305936073,0.174436090225564,0.52411575562701,0.156494522691706,0.163492063492063,0.16403785488959,0.15,0.499215070643642,0.16796267496112,0.510172143974961,0.930124223602484,0.15968992248062,0.528682170542636,0.161585365853659,0.538095238095238,0.931142410015649,0.15955766192733,0.514376996805112,0.165898617511521,0.164086687306502,0.157076205287714,0.505376344086022,0.172093023255814,0.500792393026941,0.149136577708006,0.507861635220126,0.149206349206349,0.501582278481013,0.927692307692308,0.15625,0.534290271132376,0.155802861685215,0.16,0.523052464228935,0.161741835147745,0.157320872274143,0.157894736842105,0.155145929339478,0.518575851393189,0.515432098765432,0.168012924071082,0.152886115444618,0.509923664122137,0.528846153846154,0.153965785381026,0.70625,0.505279034690799,0.836671802773498,0.513219284603421,0.496087636932707,0.150621118012422,0.510703363914373,0.160883280757098,0.161538461538462,0.155864197530864,0.51875,0.516819571865443,0.508716323296355,0.165402124430956,0.164516129032258,0.151607963246554,0.862559241706161,0.167464114832536,0.5344,0.135725429017161,0.518053375196232,0.521739130434783,0.408450704225352,0.153125,0.158950617283951,0.146687697160883,0.1609375,0.151799687010955,0.899843505477308,0.507911392405063,0.508422664624809,0.170015455950541,0.48159509202454,0.154670750382848,0.165413533834586,0.164086687306502,0.161290322580645,0.154929577464789,0.159574468085106,0.8484375,0.86286594761171,0.163328197226502,0.515822784810127,0.153125,0.517080745341615,0.155384615384615,0.154818325434439,0.152647975077882,0.1488,0.155948553054662,0.497652582159624,0.154078549848943,0.316770186335404,0.500777604976672,0.50920245398773,0.517405063291139,0.511700468018721,0.502354788069074,0.611821086261981,0.49922480620155,0.509954058192956,0.505426356589147,0.171561051004637,0.511773940345369,0.151033386327504,0.476993865030675,0.516329704510109,0.880184331797235,0.51875,0.16025641025641,0.152886115444618,0.151326053042122,0.920062695924765,0.531782945736434,0.152777777777778,0.506329113924051,0.513803680981595,0.518167456556082,0.521341463414634,0.478806907378336,0.152996845425868,0.516975308641975,0.5234375,0.157566302652106,0.530063291139241,0.156441717791411,0.515384615384615,0.539906103286385,0.160629921259843,0.158478605388273,0.157320872274143,0.628304821150855,0.151757188498403,0.486196319018405,0.930930930930931,0.515625,0.156202143950995,0.151658767772512,0.941538461538462,0.5115562403698,0.51188589540412,0.168269230769231,0.159375,0.522137404580153,0.863354037267081,0.841521394611727,0.161904761904762,0.1568,0.499241274658574,0.162790697674419,0.166915052160954,0.518348623853211,0.15506329113924,0.161538461538462,0.5109375,0.167701863354037,0.160493827160494,0.155905511811024,0.153125,0.503134796238245,0.526555386949924,0.516640253565769,0.156105100463679,0.154205607476636,0.497716894977169,0.515527950310559,0.14873417721519,0.525502318392581,0.5328125,0.160550458715596,0.15015479876161,0.160741885625966,0.154559505409583,0.155384615384615,0.507861635220126,0.15919629057187,0.166924265842349,0.953674121405751,0.505359877488515,0.630030959752322,0.527821939586645,0.48125,0.512121212121212,0.158132530120482,0.523364485981308,0.50314465408805,0.926153846153846,0.516079632465544,0.158982511923688,0.514285714285714,0.156985871271586,0.154088050314465,0.164341085271318,0.53125,0.526717557251908,0.154088050314465,0.0794912559618442,0.907790143084261,0.166666666666667,0.514774494556765,0.51033386327504,0.523510971786834,0.150882825040128,0.506870229007634,0.697530864197531,0.506230529595016,0.530326594090202,0.517996870109546,0.518691588785047,0.155487804878049,0.498407643312102,0.148867313915858,0.151090342679128,0.849529780564263,0.168503937007874,0.523584905660377,0.151234567901235,0.148260211800303,0.144444444444444,0.510971786833856,0.16236722306525,0.514285714285714,0.155015197568389,0.0482115085536547,0.171561051004637,0.159810126582278,0.156441717791411,0.531881804043546,0.150554675118859,0.162460567823344,0.517080745341615,0.5140625,0.155905511811024,0.154320987654321,0.520865533230294,0.957317073170732,0.167192429022082,0.152671755725191,0.149068322981366,0.840625,0.523885350318471,0.15670436187399,0.515479876160991,0.925396825396825,0.160377358490566,0.474006116207951,0.406106870229008,0.160883280757098,0.15,0.490341753343239,0.453703703703704,0.490595611285266,0.166144200626959,0.512383900928793,0.149606299212598,0.14968152866242,0.506289308176101,0.164869029275809,0.165354330708661,0.847723704866562,0.50547730829421,0.160686427457098,0.151799687010955,0.517350157728707,0.163076923076923,0.14975845410628,0.522082018927445,0.827906976744186,0.15962441314554,0.161094224924012,0.157076205287714,0.316846986089645,0.523659305993691,0.550314465408805,0.517241379310345,0.51702786377709,0.4858934169279,0.502290076335878,0.509316770186335,0.520547945205479,0.934065934065934,0.522906793048973,0.169984686064319,0.519877675840979,0.15625,0.517774343122102,0.935779816513762,0.901689708141321,0.15220700152207,0.167701863354037,0.890092879256966,0.152139461172742,0.487256371814093,0.890625,0.857371794871795,0.155963302752294,0.483024691358025,0.160883280757098,0.165094339622642,0.6198738170347,0.150855365474339,0.84331797235023,0.941176470588235,0.150855365474339,0.168453292496172,0.172897196261682,0.509375,0.516129032258065,0.456310679611651,0.179447852760736,0.15600624024961,0.121538461538462,0.531881804043546,0.833592534992224,0.163297045101089,0.5328125,0.156441717791411,0.476635514018692,0.945054945054945,0.528771384136858,0.516768292682927,0.506578947368421,0.161387631975867,0.933846153846154,0.163608562691131,0.154952076677316,0.155864197530864,0.918335901386749,0.502369668246445,0.17192429022082,0.526148969889065,0.154704944178628,0.159420289855072,0.518461538461538,0.156398104265403,0.522255192878338,0.159305993690852,0.534562211981567,0.521060842433697,0.158139534883721,0.4896,0.518237082066869,0.161787365177196,0.515772870662461,0.126153846153846,0.514415781487102,0.998459167950693,0.512781954887218,0.105590062111801,0.517295597484277,0.172248803827751,0.512383900928793,0.5,0.543076923076923,0.160686427457098,0.152996845425868,0.157164869029276,0.125,0.829821717990275,0.15919629057187,0.505494505494505,0.151702786377709,0.527156549520767,0.520485584218513,0.164362519201229,0.154818325434439,0.146153846153846,0.0835913312693498,0.153495440729483,0.525190839694657,0.52803738317757,0.147465437788018,0.150078988941548,0.905660377358491,0.923444976076555,0.151326053042122,0.152996845425868,0.518867924528302,0.169517884914463,0.161094224924012,0.51468315301391,0.173076923076923,0.159375,0.478939157566303,0.621580547112462,0.155172413793103,0.842578710644678,0.166402535657686,0.158536585365854,0.935681470137825,0.511075949367089,0.157232704402516,0.521739130434783,0.151937984496124,0.122861586314152,0.166926677067083,0.0445468509984639,0.145539906103286,0.518459069020867,0.16380655226209,0.154704944178628,0.150316455696203,0.849923430321593,0.523731587561375,0.14785373608903,0.160606060606061,0.487577639751553,0.148318042813456,0.519500780031201,0.486068111455108,0.503852080123267,0.16304347826087,0.16,0.162246489859594,0.938176197836167,0.509493670886076,0.930979133226324,0.147385103011094,0.523148148148148,0.52887537993921,0.482280431432974,0.840062111801242,0.153724247226624,0.103235747303544,0.161442006269592,0.168730650154799,0.505546751188589,0.523449319213313,0.99375,0.886970172684458,0.520865533230294,0.508634222919937,0.504643962848297,0.854430379746835,0.521538461538462,0.159332321699545,0.845425867507886,0.515479876160991,0.156923076923077,0.167711598746081,0.160436137071651,0.519083969465649,0.515197568389058,0.893141945773525,0.157894736842105,0.533333333333333,0.526073619631902,0.158218125960061,0.160990712074303,0.514018691588785,0.4688,0.155555555555556,0.160125588697017,0.47626582278481,0.154545454545455,0.533742331288344,0.178343949044586,0.523510971786834,0.65015479876161,0.495398773006135,0.621417797888386,0.1640625,0.52887537993921,0.520249221183801,0.479326186830015,0.498480243161094,0.14797507788162,0.514592933947773,0.167731629392971,0.510574018126888,0.149922720247295,0.511737089201878,0.523510971786834,0.481366459627329,0.557781201848998,0.511290322580645,0.522012578616352,0.485362095531587,0.516129032258065,0.982084690553746,0.151326053042122,0.856481481481482,0.158461538461538,0.530351437699681,0.161993769470405,0.847723704866562,0.519260400616333,0.511848341232227,0.162420382165605,0.909774436090226,0.164362519201229,0.936908517350158,0.485407066052227,0.14064914992272,0.913846153846154,0.506998444790047,0.148837209302326,0.156862745098039,0.153374233128834,0.52741935483871,0.891603053435114,0.16030534351145,0.412576687116564,0.94679186228482,0.484984984984985,0.519260400616333,0.517397881996974,0.164615384615385,0.130708661417323,0.160629921259843,0.158631415241058,0.155384615384615,0.915644171779141,0.167692307692308,0.49388379204893,0.847076461769115,0.519938650306748,0.154205607476636,0.170616113744076,0.151612903225806,0.157650695517774,0.928348909657321,0.509954058192956,0.144596651445967,0.15625,0.154838709677419,0.159126365054602,0.157894736842105,0.173501577287066,0.676783004552352,0.865814696485623,0.1578125,0.926829268292683,0.510140405616225,0.740219092331768,0.15968992248062,0.4453125,0.522508038585209,0.517996870109546,0.168224299065421,0.892307692307692,0.512937595129376,0.157251908396947,0.164596273291925,0.459375,0.521472392638037,0.525741029641186,0.532488114104596,0.150076569678407,0.517460317460318,0.508422664624809,0.624223602484472,0.521193092621664,0.124610591900312,0.520423600605144,0.932389937106918,0.5125,0.843653250773994,0.159375,0.924646781789639,0.533227848101266,0.515576323987539,0.520249221183801,0.162246489859594,0.152307692307692,0.156050955414013,0.165366614664587,0.16,0.160629921259843,0.50788643533123,0.153963414634146,0.515576323987539,0.51869918699187,0.509174311926605,0.491392801251956,0.165109034267913,0.162576687116564,0.856060606060606,0.523882896764253,0.958204334365325,0.150602409638554,0.887864823348694,0.155660377358491,0.157051282051282,0.519500780031201,0.163551401869159,0.149108589951378,0.537007874015748,0.594249201277955,0.165925925925926,0.936406995230525,0.941915227629513,0.153374233128834,0.147335423197492,0.15552099533437,0.930708661417323,0.846273291925466,0.515384615384615,0.420472440944882,0.515290519877676,0.848998459167951,0.503949447077409,0.927444794952681,0.16380655226209,0.157232704402516,0.53587786259542,0.512345679012346,0.933858267716535,0.505494505494505,0.515432098765432,0.513056835637481,0.161949685534591,0.156105100463679,0.510971786833856,0.157894736842105,0.841945288753799,0.154330708661417,0.954330708661417,0.171156893819334,0.484709480122324,0.148484848484848,0.5229793977813,0.516129032258065,0.925581395348837,0.489329268292683,0.152777777777778,0.153605015673981,0.374223602484472,0.2656,0.521943573667712,0.519047619047619,0.154446177847114,0.509404388714734,0.922360248447205,0.516962843295638,0.16390977443609,0.946957878315133,0.161392405063291,0.1546875,0.510971786833856,0.480127186009539,0.513470681458003,0.157051282051282,0.151181102362205,0.519260400616333,0.528391167192429,0.50609756097561,0.297939778129952,0.51685393258427,0.153605015673981,0.905343511450382,0.164362519201229,0.157977883096367,0.467175572519084,0.522550544323484,0.520259319286872,0.910377358490566,0.507109004739337,0.150234741784038,0.143987341772152,0.523809523809524,0.503875968992248,0.526153846153846,0.161741835147745,0.515337423312883,0.617960426179604,0.519142419601838,0.186646433990895,0.686520376175549,0.846749226006192,0.532924961715161,0.517503805175038,0.511006289308176,0.525396825396825,0.522727272727273,0.193846153846154,0.167987321711569,0.524031007751938,0.610662358642973,0.48811410459588,0.921996879875195,0.476725521669342,0.157566302652106,0.51468315301391,0.860031104199067,0.502318392581144,0.523219814241486,0.651975683890577,0.5086887835703,0.84984520123839,0.506230529595016,0.525157232704403,0.513302034428795,0.505392912172573
"25",1,1,1,1,1,1,0.708268330733229,1,1,0.108527131782946,1,0.0482654600301659,0.794712286158631,1,0.305426356589147,0.299382716049383,0.0711043872919818,0.688498402555911,1,1,0.285276073619632,0.302180685358255,1,0.174114021571649,1,0.316436251920123,0.302507836990596,1,1,0.776234567901235,0.301223241590214,0.706505295007564,0.960725075528701,0.308510638297872,0,1,0.551671732522796,1,0.289120715350224,1,0.670788253477589,0.682852807283763,0.702823179791976,1,1,0.309119010819165,0.301684532924962,0.303759398496241,0.316890881913303,0.31784107946027,0,1,0.30030487804878,1,1,0.477379095163807,0.58,1,1,1,0.320359281437126,0.318042813455657,0.30781010719755,0.687306501547988,1,1,0.0398773006134969,1,0.0601173020527859,0.308623298033283,1,0.30568356374808,0.322884012539185,0.964968152866242,0.527522935779816,1,0.298325722983257,0.329770992366412,1,0.310126582278481,0.0981012658227848,0.315548780487805,0.313364055299539,1,0.323353293413174,1,1,1,1,0.698776758409786,1,1,0.00153374233128834,0.116843702579666,1,0.0509745127436282,0,1,0.571428571428571,0.675968992248062,1,0.0576323987538941,0.311526479750779,1,0.311926605504587,1,0.692077727952167,1,0.319018404907975,0.313455657492355,0.306870229007634,1,0.31441717791411,1,0.504504504504504,1,0.303353658536585,0.319018404907975,0.311278195488722,0.311926605504587,0.499243570347958,0.998470948012232,0.312781954887218,0.301261829652997,1,0.301801801801802,1,1,0.342549923195084,0.561561561561562,1,0.304615384615385,1,0.0459259259259259,1,0.309309309309309,0.679273827534039,0.330275229357798,0.926940639269406,0.441269841269841,0.115444617784711,0.107858243451464,1,1,0.325581395348837,1,0.310751104565538,1,0.785714285714286,1,0.3184,1,1,1,1,0.327245053272451,1,0.313271604938272,0.279141104294479,1,0.305263157894737,1,0.296636085626911,0.097331240188383,1,0.305772230889236,1,1,1,0.326283987915408,1,0.317073170731707,1,0.298325722983257,1,0.306376360808709,0.086890243902439,1,0.650316455696203,1,1,0.309859154929577,1,1,1,1,0.317411402157165,0.305007587253414,1,0.998473282442748,0.316642120765832,0.294670846394984,1,0.467175572519084,0.683357879234168,0,0.313455657492355,0.675840978593272,1,0.315233785822021,1,0.998505231689088,1,0.306278713629403,0.309880239520958,0.316037735849057,1,1,1,0,1,0.300314465408805,0.971080669710807,0.315047021943574,0.297839506172839,0.757207890743551,1,1,1,1,1,0.0493827160493827,0.305295950155763,0.316666666666667,1,0.686186186186186,1,1,0.998468606431853,0.998491704374057,1,1,0.00459418070444104,0.335338345864662,1,0.297971918876755,1,0.3003003003003,1,1,1,1,1,0.317829457364341,1,0.489953632148377,0.320987654320988,0.315789473684211,0.301391035548686,0.315789473684211,0.322480620155039,0.421800947867299,0.325688073394495,0.306060606060606,0.297090352220521,1,0.31201248049922,1,0.700906344410876,0.30568356374808,0.334834834834835,0.325652841781874,1,1,1,0.278816199376947,0.300462249614792,1,0.307453416149068,0.319402985074627,0.299236641221374,0.311278195488722,0.692660550458716,1,0.31866464339909,0.314984709480122,1,0.297971918876755,1,0.305135951661631,0.298461538461538,1,1,1,0.561349693251534,1,0.698776758409786,0.0938897168405365,0.314984709480122,1,1,0.108562691131498,0.307458143074581,0.321646341463415,1,1,0.294736842105263,0.0256024096385542,0.00310077519379845,1,1,0.331360946745562,0.998466257668712,1,0.305135951661631,1,1,0.308623298033283,1,1,1,1,0.322085889570552,0.304804804804805,0.316455696202532,1,1,0.686838124054463,0.307339449541284,1,0.310089020771513,0.293129770992366,1,1,0.998487140695915,1,1,0.315950920245399,1,1,0.116822429906542,0.324773413897281,0.49923896499239,0.301223241590214,0.674735249621785,0.31306990881459,1,0.305555555555556,0.319213313161876,0.28310502283105,0.307458143074581,1,0.317910447761194,1,1,1,0.296754250386399,0.315233785822021,0.998459167950693,0.914826498422713,0.0671875,1,0.311649016641452,0.313755795981453,0.306376360808709,1,0.324242424242424,0.491551459293395,0.318112633181126,0.304147465437788,0.308411214953271,0.298136645962733,1,0.315707620528771,1,1,0,1,0.316358024691358,1,1,1,0.318112633181126,1,0.299065420560748,1,0.822727272727273,1,1,1,0.311278195488722,1,1,0.306501547987616,0.30781010719755,1,1,0.298780487804878,0.212893553223388,1,0.998500749625187,1,0,0.3109375,1,0.298937784522003,0.264525993883792,1,0.686363636363636,0.417664670658683,1,1,0.686943620178042,0.714939024390244,0.342549923195084,1,0.310872894333844,1,1,0.325545171339564,1,0.998473282442748,0.00923076923076923,0.311627906976744,1,1,0.311526479750779,1,1,0.301391035548686,0.353658536585366,1,1,1,0.503793626707132,0.303215926493109,0.339009287925697,0.312130177514793,0.317147192716237,0.695178849144635,0.31866464339909,0.320726172465961,0.308734939759036,0.257229832572298,0.315047021943574,1,0.311475409836066,0.998444790046656,0.304878048780488,0.0930576070901034,0.0580152671755725,1,1,0.0425531914893617,1,0.689863842662632,0.0476923076923077,0.0123647604327666,1,0.682370820668693,1,1,0.561430793157076,1,0,0.0853080568720379,1,1,1,0.315541601255887,0.664190193164933,0.693910256410256,0.995481927710843,1,0.983358547655068,0.301075268817204,0.359756097560976,1,0.284389489953632,1,0.362121212121212,0.113884555382215,0.300911854103343,0.30849478390462,0.320785597381342,1,0.087218045112782,1,1,1,0.277439024390244,0.316109422492401,1,0.315950920245399,1,1,0.302431610942249,1,0.30952380952381,1,0.304347826086957,0.308282208588957,1,0.685015290519878,0.304932735426009,1,0.300632911392405,0.741935483870968,0.309880239520958,0.176024279210926,0.315868263473054,0.75,0.309006211180124,1,0.311926605504587,0.327272727272727,0.28310502283105,1,1,1,0.968253968253968,0.358044164037855,1,0.3109375,1,0.312698412698413,0.306184012066365,1,1,1,0.906727828746177,1,0.302533532041729,0.31570996978852,1,1,0.0546875,0.0902140672782875,1,1,0.304075235109718,1,1,0.302034428794992,1,1,0.690184049079755,0.550074738415546,1,0,1,1,0.108955223880597,0.31441717791411,1,0.312121212121212,0.998459167950693,0.9625,0.998468606431853,0.806697108066971,1,0.325038880248834,1,1,1,0,0.305379746835443,1,1,0.685847589424572,1,0.315629742033384,0.343987823439878,0.307098765432099,1,1,1,0.103030303030303,0.31201248049922,0.102964118564743,0.998466257668712,0.295454545454545,0.295454545454545,0.344410876132931,0,1,0.953383458646617,1,1,0.317411402157165,0.292792792792793,0.182965299684543,0.0415384615384615,0.311827956989247,0.300462249614792,0.319083969465649,0.00155763239875389,0.303353658536585,1,0,0.312121212121212,1,1,1,0.316187594553706,0.312121212121212,0.0364500792393027,1,0.307692307692308,0.301369863013699,1,1,0.319018404907975,0.699523052464229,1,1,0.698315467075038,1,0.298484848484848,1,0.313271604938272,0.538805970149254,0.680659670164918,0.41037037037037,1,0.294029850746269,0.312594840667678,0.686453576864536,0.678733031674208,1,0.307926829268293,1,0.315007429420505,1,0.309923664122137,0.305511811023622,0.331797235023041,0.531013615733737,0.308892355694228,0.2984375,0.674311926605505,0.312594840667678,0.162204724409449,1,0,1,0.287692307692308,1,0,0.311827956989247,0.31201248049922,1,0.0603829160530191,1,0.0962732919254658,0.321699544764795,1,0.0699088145896656,0.678787878787879,1,1,1,0.303514376996805,0.0417910447761194,1,0.41131498470948,0.106918238993711,0.345399698340875,0.312217194570136,0.31390134529148,1,1,1,1,1,0.0711111111111111,0.995508982035928,0.697289156626506,0.00439882697947214,0.3125,1,1,1,1,0.0946564885496183,0.309090909090909,1,1,1,1,1,1,0.508295625942685,0.00156739811912226,1,0.0935143288084465,0.310664605873261,0.451367781155015,1,0.375579598145286,0.307324840764331,0.305722891566265,1,0.0455927051671733,0.31039755351682,1,1,0.356807511737089,0.303030303030303,0.30316742081448,0.310832025117739,0.998482549317147,0.31937984496124,0.305597579425113,0.417956656346749,0.308396946564885,0.972972972972973,0.3,0.0927672955974843,0.315950920245399,0,1,0.100156494522692,0.297839506172839,0.30640243902439,0.310664605873261,1,1,1,1,1,1,0.326018808777429,1,0.304615384615385,0.305825242718447,0.613846153846154,0.690658499234303,1,1,0,0.307578008915305,0.12788906009245,0.998500749625187,0.0395136778115502,1,1,0.309006211180124,1,1,0.639370078740157,0.419303797468354,0.995614035087719,0.0933125972006221,0.106153846153846,1,1,1,0.100151745068285,0,0.312121212121212,0.404354587869362,0.309309309309309,0,0.316614420062696,0.0976744186046512,1,1,0.315629742033384,0.311550151975684,0.261941448382126,0.327586206896552,0.306766917293233,0.311827956989247,1,1,0.321316614420063,1,0,1,0.25,1,0.68018018018018,1,0.301515151515152,0.2984375,0.0821917808219178,0.684684684684685,1,1,0.791090629800307,0.903328050713154,0.312307692307692,0.313664596273292,1,0.308396946564885,0.277016742770167,0.319685039370079,1,0.112121212121212,1,1,0.307346326836582,0.68167701863354,0.30030959752322,1,1,0.293939393939394,0.293846153846154,0.31044776119403,0.856481481481482,0.299531981279251,1,0.0622154779969651,1,1,0.700305810397553,0.656923076923077,0.313001605136437,0.0569230769230769,0.31859756097561,1,1,0.295731707317073,0.320182094081942,0.632465543644717,1,0.305389221556886,0.370090634441088,0.297546012269939,0.983383685800604,0.490740740740741,0.00455927051671732,0.296520423600605,0.312874251497006,0.319182389937107,0.3046875,0.310911808669656,0.972972972972973,1,0.313271604938272,0.563380281690141,0.694573643410853,0.256134969325153,0.69551282051282,1,0.321266968325792,0.00154320987654321,0.321592649310873,0.306547619047619,0.366818873668189,0.311627906976744,0,0.333836858006042,0.3171875,0.312111801242236,0.306278713629403
"26",0.304487179487179,0.322932917316693,0.328682170542636,0.338607594936709,0.321483771251932,0.316535433070866,0.0111111111111111,0.329133858267717,0.327073552425665,0.561904761904762,0.330246913580247,0.633540372670807,0.528301886792453,0.325545171339564,1,1,0.602782071097372,0,0.336492890995261,0.31733746130031,1,1,0.330804248861912,0.511485451761103,0.316436251920123,1,1,0.346645367412141,0.321044546850998,0.530421216848674,1,0.601837672281776,0.382716049382716,0.996894409937888,0.663507109004739,0.322061191626409,0.136858475894246,0.332814930015552,1,0.319571865443425,0.00308166409861325,0,0,0.339089481946625,0.325434439178515,1,0.995297805642633,1,1,1,0.678018575851393,0.331746031746032,1,0.32258064516129,0.318885448916409,0.824175824175824,0.118110236220472,0.319444444444444,0.320872274143302,0.333855799373041,0.992283950617284,1,1,0.00470957613814757,0.321027287319422,0.32093023255814,0.643410852713178,0.327666151468315,0.606927710843373,1,0.325038880248834,1,1,0.290220820189274,0.160493827160494,0.321156773211568,1,0.996960486322188,0.327692307692308,1,0.597133757961783,1,1,0.33641975308642,1,0.332335329341317,0.322932917316693,0.332330827067669,0.326498422712934,0,0.320695102685624,0.328313253012048,0.680817610062893,0.569465648854962,0.322274881516588,0.630862329803328,0.672897196261682,0.31832298136646,0.11470113085622,0,0.322884012539185,0.615264797507788,1,0.317589576547231,1,0.321928460342146,0,0.327131782945736,1,1,1,0.308411214953271,0.996923076923077,0.327160493827161,0.202472952086553,0.322137404580153,1,0.36817472698908,1,1,0.200312989045383,0.3203125,1,1,0.339506172839506,1,0.327354260089686,0.323170731707317,0.351735015772871,0.766312594840668,0.32484076433121,1,0.336477987421384,0.629129129129129,0.341384863123994,1,0.00152671755725191,1,0.38740157480315,0.884126984126984,0.5734375,0.57984496124031,0.31924882629108,0.328025477707006,1,0.325,1,0.31055900621118,0.514866979655712,0.330316742081448,1,0.31733746130031,0.326594090202177,0.331775700934579,0.328149300155521,1,0.318952234206472,1,0.430981595092025,0.343213728549142,1,0.323664122137405,1,0.582554517133956,0.31875,1,0.328616352201258,0.321428571428571,0.333333333333333,0.989247311827957,0.332810047095761,1,0.332810047095761,1,0.320695102685624,1,0.577881619937695,0.307086614173228,0.0305958132045089,0.313880126182965,0.323574730354391,1,0.316692667706708,0.327073552425665,0.3328125,0.336477987421384,1,1,0.33175355450237,0.328660436137072,1,1,0.327272727272727,0.237654320987654,0.0193164933135215,0.673374613003096,1,0.00310077519379845,0.319444444444444,1,0.324324324324324,0.323664122137405,0.320433436532508,0.998439937597504,1,1,0.333836858006042,0.32741935483871,0.32469512195122,0.679245283018868,0.310344827586207,1,0.349529780564263,1,1,0.454121306376361,0.338607594936709,0.329211746522411,0.331259720062208,0.3078125,0.324409448818898,0.636505460218409,1,1,0.323664122137405,0.00153374233128834,0.333333333333333,0.326836581709145,0.326053042121685,0.319018404907975,0.30757341576507,0.324242424242424,0.688172043010753,0.350453172205438,0.318461538461538,1,0.330218068535826,1,0.317411402157165,0.312597200622084,0.325396825396825,0.336990595611285,0.317307692307692,1,0.329230769230769,0.807210031347962,1,1,0.996860282574568,1,1,0.892744479495268,1,1,1,0.324734446130501,1,0.33175355450237,0,1,0.376701966717095,1,0.325358851674641,0.331775700934579,0.321928460342146,0.411023622047244,1,0.32469512195122,1,1,1,1,0,0.312302839116719,1,1,0.329153605015674,1,0.330289193302892,1,1,0.3171875,0.330173775671406,0.304821150855365,0.143079315707621,0.333853354134165,0,0.583582089552239,1,0.326153846153846,0.329635499207607,0.572093023255814,1,1,0.333333333333333,0.333333333333333,1,0.646058732612056,0.6864,0.309859154929577,0.320512820512821,0.995488721804511,0.333333333333333,0.318112633181126,1,0.318818040435459,0.313455657492355,1,0.321316614420063,0.331230283911672,0.319508448540707,0.329754601226994,1,1,1,0.309486780715397,0.329617834394904,0.00306278713629403,0.99375,0.338582677165354,1,1,0.319634703196347,0.33535660091047,0.316030534351145,0.313572542901716,0.324031007751938,1,0.3125,0.325581395348837,0.55379746835443,1,0.828393135725429,1,0,1,0.333333333333333,1,1,0.408450704225352,0.998473282442748,0.328100470957614,1,0.314641744548287,0.307453416149068,0.316030534351145,1,1,0.331782945736434,0.406148867313916,0.594383775351014,0.316692667706708,1,1,1,0.334394904458599,1,0.196899224806202,1,1,1,1,0.340523882896764,1,0.317741935483871,0.339563862928349,0.670278637770898,0.306349206349206,1,0.335394126738794,0.31866464339909,0.324409448818898,1,0.315384615384615,1,0.325301204819277,0.496087636932707,0.334869431643625,0.329153605015674,0.315629742033384,1,0.33015873015873,0.310015898251192,1,1,0.324116743471582,0.325038880248834,1,0.469512195121951,0.328571428571429,0.333850931677019,0.336923076923077,0.670261941448382,1,0.307570977917981,1,0.408227848101266,0.321259842519685,0,0.880733944954128,0.3265625,0.324451410658307,0,0.0293663060278207,0.983024691358025,0.321428571428571,1,0.326086956521739,0.321486268174475,1,0.326807228915663,0.317757009345794,0.662037037037037,1,0.326018808777429,0.32807570977918,1,0.311248073959938,0.317817014446228,1,0.327692307692308,0.322378716744914,0.324159021406728,0.336477987421384,0.802180685358255,1,0.983076923076923,1,1,0.00156985871271586,1,0.995334370139969,1,0.424806201550388,0.998425196850394,0.31651376146789,0.995495495495496,0.340189873417722,0.998461538461539,0.590634441087613,0.614439324116744,0.327245053272451,0.316590563165906,0.635071090047393,0.3184,0,0.62596599690881,0.673913043478261,0.326717557251908,0.0015748031496063,0.320813771517997,0.317034700315457,0.765923566878981,0.323664122137405,0.685758513931889,0.584126984126984,0.33026113671275,0.322678843226788,0.313178294573643,1,0.026865671641791,0,0.322033898305085,0.33693972179289,0.342024539877301,1,0.331768388106416,0.321646341463415,1,0.315870570107858,0.943307086614173,0.557661927330174,1,1,0.99505766062603,0.32579185520362,0.590214067278288,0.334355828220859,0.315619967793881,0.326086956521739,0.410958904109589,1,0.318110236220472,1,0.33122028526149,0.330696202531646,1,0.323854660347551,1,0.330745341614907,1,1,0.327245053272451,0,1,0.335889570552147,1,0.582945736434109,1,0.490825688073394,1,0.5671875,1,0.32695374800638,1,1,1,0.315467075038285,0.329581993569132,0.328313253012048,0.359677419354839,0.322006472491909,0.321372854914197,1,0.330745341614907,1,1,0.337480559875583,0.3296875,0.321156773211568,0.405023547880691,0.329770992366412,1,1,0.335365853658537,0.332810047095761,0.614035087719298,0.579029733959311,0.328703703703704,0.329153605015674,1,0.316923076923077,0.328767123287671,0.995348837209302,0.315024232633279,0.322884012539185,0,0.134238310708899,0.321428571428571,0.674140508221226,0.318252730109204,0.324159021406728,0.584474885844749,0.996884735202492,0.325878594249201,1,0.322884012539185,0.348982785602504,0.321316614420063,0.489296636085627,0.322784810126582,1,0.328660436137072,0.335423197492163,0.339144215530903,0.682027649769585,1,0.333863275039746,0.325617283950617,0,0.327692307692308,0.998442367601246,0.954337899543379,1,0.32398753894081,0.334370139968896,0.322784810126582,0.576687116564417,1,0.580952380952381,0.342229199372057,1,1,0.970496894409938,0.672955974842767,0.337962962962963,0.368503937007874,0.327692307692308,0.322678843226788,1,1,0.492138364779874,0.622083981337481,1,1,0.998461538461539,0.687301587301587,1,0.329803328290469,0.677519379844961,1,0.332298136645963,0.3328125,0.323943661971831,0.998456790123457,1,0.634584013050571,0.327102803738318,1,1,0.336434108527132,0.313271604938272,0.998442367601246,0,0.329635499207607,0.319685039370079,0.00615384615384615,0.322188449848024,1,0.316957210776545,1,0.143511450381679,0,0.898021308980213,0.341013824884793,1,1,0,0.00152671755725191,0.330769230769231,1,0.329617834394904,0.996992481203008,0.317460317460317,1,0.998405103668262,0.966929133858268,0.769706336939722,1,1,0.00464396284829721,1,0.495192307692308,0.333333333333333,0.656441717791411,0.3296875,1,0.319938176197836,0.667716535433071,1,1,0.325396825396825,0.610859728506787,0.330757341576507,0.569400630914827,0.973101265822785,0.342592592592593,0.592933947772657,0.0125391849529781,0.320373250388802,0.325508607198748,0.329721362229102,1,0.629969418960245,0.319083969465649,0.89622641509434,0.561514195583596,0.966412213740458,1,1,0.324921135646688,0.343354430379747,0.318327974276527,0.322429906542056,0.321100917431193,0.605740181268882,0.309090909090909,0,0.674174174174174,1,0.33693972179289,0.322378716744914,0.3216,0.32572298325723,0.590769230769231,1,0.338905775075988,0.345201238390093,0.338607594936709,0.332298136645963,0.320433436532508,0.32093023255814,0.191290824261275,0.679748822605965,0.3198127925117,0.584474885844749,1,0.230171073094868,0.328100470957614,0.921259842519685,1,1,0.315950920245399,0.63020030816641,1,0.322085889570552,0.308527131782946,0.957142857142857,1,1,0.998394863563403,0.333846153846154,1,1,0.891679748822606,1,0.359013867488444,1,0.573248407643312,1,0.66306027820711,0.31201248049922,0.591836734693878,1,1,0.995222929936306,0.332814930015552,0.338509316770186,0.325984251968504,0.333333333333333,0.332802547770701,0.324367088607595,0.98740157480315,0.328173374613003,1,1,0.716049382716049,0,0.323529411764706,0.317829457364341,0.673282442748092,1,0.552425665101721,0.335347432024169,0.637345679012346,0.317757009345794,0.325878594249201,1,0.319444444444444,0.322899505766063,0.687598116169545,0.906602254428341,0.326470588235294,0.594594594594595,0.569400630914827,0.328660436137072,0.331240188383046,0.31104199066874,0.575,0.675465838509317,1,0.897356143079316,1,0.659509202453988,0.998392282958199,0.573692551505547,0.3296875,0.32753164556962,1,1,0.422776911076443,0.995215311004785,1,1,0.317262830482115,0.338006230529595,1,0.316964285714286,0.672897196261682,0.344086021505376,0.446177847113885,0.309636650868878,0,0.313253012048193,1,1,0.584732824427481,0.00151285930408472,0.3375,0.325914149443561,0.0978260869565217,0.431061806656101,1,1,0.326018808777429,1,0.410493827160494,1,0.33433734939759,0.571875,0.333333333333333,0.3248,1,0,1,0.312202852614897,0.33175355450237,1,1,1,0.452859350850077,1,0.321044546850998,0.605263157894737,0.337480559875583,0.3328,0.00150829562594268,0.0417310664605873,1,0.613846153846154,1,0.329211746522411,0.341935483870968,1,1,0.161787365177196,0.320121951219512,1,0.900763358778626,1,0.325227963525836,0.197204968944099,0.662557781201849,1,1,1,1,1,0.294207317073171,0.307692307692308,1,0.123613312202853,0.00158227848101266,0.43531202435312,0,0.33122028526149,1,0.676703645007924,1,1,0.886676875957121,1,0.678071539657854,1,1,1,1
"27",0.289902280130293,0.312,0.310236220472441,0.325769854132901,0.307453416149068,0.305246422893482,0.0115321252059308,0.311897106109325,0.310236220472441,0.567699836867863,0.317111459968603,0.640625,0.517184942716858,0.318327974276527,1,1,0.621236133122029,0,0.329545454545455,0.308917197452229,1,1,0.322834645669291,0.511006289308176,0.302507836990596,1,1,0.339869281045752,0.306709265175719,0.52827140549273,1,0.599681020733652,0.366129032258065,0.996794871794872,0.668284789644013,0.30952380952381,0.134087237479806,0.320754716981132,1,0.302839116719243,0.0032,0,0,0.330605564648118,0.316558441558442,1,0.993569131832797,1,1,1,0.688783570300158,0.336569579288026,1,0.317384370015949,0.308544303797468,0.819967266775777,0.12379421221865,0.318910256410256,0.318037974683544,0.315533980582524,0.995245641838352,1,1,0.00643086816720257,0.31023102310231,0.316535433070866,0.651050080775444,0.319488817891374,0.612654320987654,1,0.315541601255887,1,1,0.282136894824708,0.156050955414013,0.313178294573643,1,0.993740219092332,0.321875,1,0.604304635761589,1,1,0.320063694267516,1,0.316846986089645,0.308196721311475,0.326923076923077,0.324281150159744,0,0.32258064516129,0.32348367029549,0.693053311793215,0.586538461538462,0.314606741573034,0.64031007751938,0.681672025723473,0.312796208530806,0.123152709359606,0,0.308823529411765,0.62540192926045,1,0.312913907284768,1,0.310789049919485,0,0.324881141045959,1,1,1,0.309178743961353,0.995253164556962,0.320907617504052,0.212732919254658,0.308755760368664,1,0.374800637958533,1,1,0.2064,0.3136,1,1,0.333860759493671,1,0.314024390243902,0.313664596273292,0.3632,0.758620689655172,0.320261437908497,1,0.32475884244373,0.639498432601881,0.338141025641026,1,0.00158227848101266,1,0.371248025276461,0.887959866220736,0.583870967741935,0.603559870550162,0.315873015873016,0.321951219512195,1,0.308544303797468,1,0.3008,0.5008,0.315707620528771,1,0.307568438003221,0.313504823151125,0.317512274959083,0.32626427406199,1,0.303656597774245,1,0.433544303797468,0.325434439178515,1,0.321259842519685,1,0.588996763754045,0.314332247557003,1,0.314009661835749,0.316118935837246,0.331168831168831,0.989028213166144,0.322632423756019,1,0.32463295269168,1,0.317152103559871,1,0.586370839936609,0.300163132137031,0.03,0.294685990338164,0.309904153354633,1,0.294975688816856,0.317307692307692,0.317965023847377,0.337115072933549,1,1,0.321724709784411,0.325914149443561,1,1,0.319554848966614,0.238924050632911,0.0201863354037267,0.6944,1,0.00319488817891374,0.31139646869984,1,0.319805194805195,0.302215189873418,0.3088,0.996845425867508,1,1,0.321483771251932,0.314845024469821,0.30952380952381,0.674641148325359,0.295055821371611,1,0.345161290322581,1,1,0.445859872611465,0.319354838709677,0.32182103610675,0.3152,0.299186991869919,0.312703583061889,0.638263665594855,1,1,0.31496062992126,0.0046875,0.325949367088608,0.311912225705329,0.32520325203252,0.306477093206951,0.293739967897271,0.308527131782946,0.693163751987281,0.369565217391304,0.305246422893482,1,0.320261437908497,1,0.30564263322884,0.314845024469821,0.316720257234727,0.326765188834154,0.304132231404959,1,0.320251177394035,0.807443365695793,1,1,0.996768982229402,1,1,0.897058823529412,1,1,1,0.314873417721519,1,0.326732673267327,0,1,0.383411580594679,1,0.321895424836601,0.320261437908497,0.312297734627832,0.421824104234528,1,0.323809523809524,1,1,1,1,0,0.308441558441558,1,1,0.31629392971246,1,0.324451410658307,1,1,0.310064935064935,0.318627450980392,0.296,0.148562300319489,0.330112721417069,0,0.594043887147335,1,0.315132605304212,0.320388349514563,0.5814696485623,1,1,0.322847682119205,0.330097087378641,1,0.65818759936407,0.705211726384365,0.300653594771242,0.323333333333333,0.992150706436421,0.32475884244373,0.294392523364486,1,0.316211878009631,0.315707620528771,1,0.303715670436187,0.319935691318328,0.313099041533546,0.3216,1,1,1,0.298555377207063,0.32626427406199,0.00476947535771065,0.99203821656051,0.3278955954323,1,1,0.309262166405024,0.32753164556962,0.303937007874016,0.3184,0.312302839116719,1,0.300163132137031,0.319148936170213,0.574468085106383,1,0.839936608557845,1,0,1,0.322981366459627,1,1,0.417061611374408,0.998407643312102,0.319935691318328,1,0.309061488673139,0.303030303030303,0.312597200622084,1,1,0.318979266347687,0.404290429042904,0.614147909967846,0.302931596091205,1,1,1,0.314144736842105,1,0.211538461538462,1,1,1,1,0.324324324324324,1,0.312803889789303,0.330658105939005,0.690095846645367,0.304347826086957,1,0.320126782884311,0.314465408805031,0.316139767054908,1,0.306976744186047,1,0.315541601255887,0.483253588516746,0.323390894819466,0.317666126418152,0.309148264984227,1,0.311183144246353,0.308562197092084,1,1,0.314102564102564,0.310509554140127,1,0.480252764612954,0.30655737704918,0.324960753532182,0.327613104524181,0.682034976152623,1,0.291803278688525,1,0.420454545454545,0.308186195826645,0,0.887323943661972,0.311793214862682,0.321027287319422,0,0.0336,0.980922098569157,0.3125,1,0.313694267515924,0.314569536423841,1,0.327014218009479,0.315372424722662,0.666129032258065,1,0.318979266347687,0.3125,1,0.307692307692308,0.30327868852459,1,0.346938775510204,0.304625199362041,0.314728682170543,0.336553945249597,0.796557120500782,1,0.982229402261712,1,1,0.00163132137030995,1,0.993558776167472,1,0.4304,0.996715927750411,0.299843014128728,0.995297805642633,0.326860841423948,0.995253164556962,0.603100775193798,0.630331753554502,0.323248407643312,0.307570977917981,0.643548387096774,0.315960912052117,0,0.624801271860095,0.689935064935065,0.31924882629108,0.00159744408945687,0.311605723370429,0.306349206349206,0.774244833068362,0.324281150159744,0.68370607028754,0.593137254901961,0.309677419354839,0.311216429699842,0.300632911392405,1,0.0292758089368259,0,0.3125,0.320251177394035,0.329652996845426,1,0.328525641025641,0.317512274959083,1,0.302034428794992,0.944983818770227,0.574712643678161,1,1,0.993174061433447,0.317535545023697,0.605431309904153,0.322981366459627,0.31438127090301,0.3152,0.421135646687697,1,0.310569105691057,1,0.317434210526316,0.318555008210181,1,0.311501597444089,1,0.323101777059774,1,1,0.317965023847377,0,1,0.320063694267516,1,0.56984126984127,1,0.505529225908373,1,0.5648,1,0.317512274959083,1,1,1,0.3088,0.327302631578947,0.311912225705329,0.344771241830065,0.331649831649832,0.305111821086262,1,0.317891373801917,1,1,0.32475884244373,0.317512274959083,0.314728682170543,0.386731391585761,0.323899371069182,1,1,0.320695102685624,0.319148936170213,0.632352941176471,0.590909090909091,0.313001605136437,0.310289389067524,1,0.308306709265176,0.31832298136646,0.993558776167472,0.303571428571429,0.309791332263242,0,0.137071651090343,0.314845024469821,0.684615384615385,0.314102564102564,0.318037974683544,0.602218700475436,0.996784565916399,0.315705128205128,1,0.311004784688995,0.343089430894309,0.321027287319422,0.471246006389776,0.312101910828025,1,0.321543408360129,0.321951219512195,0.32626427406199,0.681470137825421,1,0.320066334991708,0.313971742543171,0,0.31924882629108,0.998394863563403,0.9536,1,0.321951219512195,0.3232,0.318910256410256,0.587774294670846,1,0.595744680851064,0.327447833065811,1,1,0.966876971608833,0.679276315789474,0.326892109500805,0.355661881977671,0.321656050955414,0.316692667706708,1,1,0.510466988727858,0.630894308943089,1,1,0.998435054773083,0.699029126213592,1,0.318252730109204,0.689102564102564,1,0.318541996830428,0.315024232633279,0.317817014446228,0.99685534591195,1,0.645,0.328548644338118,1,1,0.320634920634921,0.309636650868878,0.998415213946117,0,0.316211878009631,0.310897435897436,0.00644122383252818,0.315955766192733,1,0.313531353135314,1,0.150855365474339,0,0.904320987654321,0.323248407643312,1,1,0,0.0015625,0.3248,1,0.310569105691057,0.996918335901387,0.306320907617504,1,0.998355263157895,0.968304278922345,0.768370607028754,1,1,0.00486223662884927,1,0.515702479338843,0.331168831168831,0.674603174603175,0.317384370015949,1,0.301765650080257,0.678972712680578,1,1,0.310569105691057,0.61633281972265,0.324281150159744,0.594507269789984,0.973941368078176,0.333870967741935,0.606012658227848,0.0112179487179487,0.312,0.315789473684211,0.314553990610329,1,0.641065830721003,0.30379746835443,0.896166134185304,0.590032154340836,0.969230769230769,1,1,0.316720257234727,0.332220367278798,0.305057096247961,0.309148264984227,0.306729264475743,0.613104524180967,0.309859154929577,0,0.677914110429448,0.998389694041868,0.324104234527687,0.306451612903226,0.320261437908497,0.324409448818898,0.599681020733652,1,0.327503974562798,0.336601307189543,0.333333333333333,0.316720257234727,0.305863708399366,0.305958132045089,0.2,0.686495176848875,0.309294871794872,0.594976452119309,1,0.240770465489567,0.318770226537217,0.92520325203252,1,1,0.306581059390048,0.639553429027113,1,0.315047021943574,0.300970873786408,0.964343598055105,1,1,0.99673735725938,0.318681318681319,1,1,0.896774193548387,1,0.352941176470588,1,0.593800978792822,1,0.673374613003096,0.310569105691057,0.594896331738437,1,1,0.990445859872611,0.328525641025641,0.321766561514196,0.322314049586777,0.312796208530806,0.318032786885246,0.321428571428571,0.981967213114754,0.313291139240506,1,1,0.707740916271722,0,0.317683881064163,0.315047021943574,0.681962025316456,1,0.563694267515924,0.324031007751938,0.647909967845659,0.306188925081433,0.308702791461412,1,0.315705128205128,0.311475409836066,0.691680261011419,0.913114754098361,0.324615384615385,0.597063621533442,0.582236842105263,0.325434439178515,0.328478964401294,0.303317535545024,0.58908507223114,0.68312101910828,1,0.90224358974359,1,0.673405909797823,0.996726677577741,0.595394736842105,0.308306709265176,0.327212020033389,1,1,0.424878836833603,0.991735537190083,0.996825396825397,1,0.3104,0.322169059011164,1,0.310664605873261,0.674641148325359,0.332242225859247,0.454253611556982,0.304838709677419,0,0.310897435897436,1,1,0.598412698412698,0.00158982511923688,0.330618892508143,0.31629392971246,0.106969205834684,0.423645320197044,1,1,0.316211878009631,1,0.415335463258786,1,0.321875,0.592709984152139,0.321656050955414,0.316720257234727,1,0,1,0.315789473684211,0.314696485623003,1,1,1,0.452614379084967,1,0.32137030995106,0.617693522906793,0.3264,0.320785597381342,0.00156739811912226,0.0407166123778502,1,0.62200956937799,1,0.3216,0.32943143812709,1,1,0.171156893819334,0.313291139240506,1,0.896551724137931,1,0.326053042121685,0.203225806451613,0.671474358974359,1,1,1,1,1,0.285266457680251,0.302547770700637,1,0.118136439267887,0.00161290322580645,0.447115384615385,0,0.328502415458937,1,0.682410423452769,1,1,0.890649762282092,1,0.682539682539683,1,1,1,1
"28",1,1,1,1,1,1,0.685154975530179,1,1,0.0957095709570957,1,0.0469255663430421,0.815359477124183,1,0.332792207792208,0.318840579710145,0.0612903225806452,0.669491525423729,1,1,0.304777594728171,0.328382838283828,1,0.164227642276423,1,0.346645367412141,0.339869281045752,1,1,0.774299835255354,0.3248,0.732371794871795,0.960567823343849,0.333865814696486,0,1,0.530944625407166,1,0.311424100156495,1,0.646302250803859,0.658767772511848,0.677215189873418,1,1,0.33993399339934,0.32258064516129,0.32695374800638,0.33868378812199,0.346518987341772,0,1,0.328616352201258,1,1,0.501612903225806,0.541734860883797,1,1,1,0.346153846153846,0.338709677419355,0.339774557165862,0.662337662337662,1,1,0.0390243902439024,1,0.0590062111801242,0.338632750397456,1,0.340222575516693,0.344941956882255,0.963696369636964,0.502407704654896,1,0.321766561514196,0.349206349206349,1,0.321724709784411,0.0846023688663283,0.345541401273885,0.343042071197411,1,0.35,1,1,1,1,0.676190476190476,1,1,0.0016025641025641,0.1024,1,0.0499219968798752,0,1,0.548922056384743,0.656198347107438,1,0.0560131795716639,0.3278955954323,1,0.330049261083744,1,0.665589660743134,1,0.340322580645161,0.327922077922078,0.33652312599681,1,0.346153846153846,1,0.480314960629921,1,0.331738437001595,0.3072,0.336990595611285,0.336012861736334,0.472039473684211,0.99836867862969,0.338607594936709,0.338259441707718,1,0.320634920634921,1,1,0.335473515248796,0.571428571428571,1,0.334415584415584,1,0.0425867507886435,1,0.3344,0.659711075441412,0.347266881028939,0.929032258064516,0.45546218487395,0.100323624595469,0.0980392156862745,1,1,0.345104333868379,1,0.333850931677019,1,0.8032,1,0.339901477832512,1,1,1,1,0.351132686084142,1,0.344941956882255,0.267090620031797,1,0.328050713153724,1,0.317666126418152,0.0880913539967374,1,0.318627450980392,1,1,1,0.353677621283255,1,0.340872374798061,1,0.32,1,0.327390599675851,0.073482428115016,1,0.633825944170772,1,1,0.333333333333333,1,1,1,1,0.333868378812199,0.324149108589951,1,0.998392282958199,0.335463258785943,0.321252059308072,1,0.425287356321839,0.65615141955836,0,0.335504885993485,0.656451612903226,1,0.34185303514377,1,0.998410174880763,1,0.332797427652733,0.341732283464567,0.347107438016529,1,1,1,0,1,0.328407224958949,0.972222222222222,0.33768352365416,0.323051948051948,0.753993610223642,1,1,1,1,1,0.0447284345047923,0.329489291598023,0.337559429477021,1,0.656500802568218,1,1,0.998387096774194,0.998394863563403,1,1,0.00483870967741936,0.315625,1,0.328947368421053,1,0.31629392971246,1,1,1,1,1,0.338762214983713,1,0.507364975450082,0.344103392568659,0.348580441640379,0.32512315270936,0.334394904458599,0.345218800648298,0.43687707641196,0.349514563106796,0.331738437001595,0.330696202531646,1,0.342105263157895,1,0.67246835443038,0.332263242375602,0.321086261980831,0.34860883797054,1,1,1,0.271241830065359,0.331707317073171,1,0.336065573770492,0.340694006309148,0.331189710610932,0.33122028526149,0.671497584541063,1,0.339712918660287,0.331707317073171,1,0.323283082077052,1,0.328025477707006,0.32475884244373,1,1,1,0.525121555915721,1,0.670418006430868,0.0839813374805599,0.331707317073171,1,1,0.0936507936507937,0.33974358974359,0.345963756177924,1,1,0.31911532385466,0.0256821829855538,0.0033112582781457,1,1,0.357142857142857,0.998389694041868,1,0.332278481012658,1,1,0.332792207792208,1,1,1,1,0.344155844155844,0.327586206896552,0.349917081260365,1,1,0.658064516129032,0.329563812600969,1,0.340189873417722,0.31900826446281,1,1,0.998407643312102,1,1,0.338709677419355,1,1,0.106209150326797,0.34621578099839,0.512116316639742,0.328947368421053,0.658064516129032,0.337620578778135,1,0.3278955954323,0.349673202614379,0.270569620253165,0.330670926517572,1,0.34748427672956,1,1,1,0.320261437908497,0.340872374798061,0.998412698412698,0.926421404682274,0.0649350649350649,1,0.332258064516129,0.33278955954323,0.326732673267327,1,0.342812006319115,0.4624,0.344155844155844,0.32520325203252,0.331147540983607,0.323481116584565,1,0.334975369458128,1,1,0,1,0.344715447154472,1,1,1,0.344155844155844,1,0.33115823817292,1,0.834405144694534,1,1,1,0.340872374798061,1,1,0.325806451612903,0.32952691680261,1,1,0.330658105939005,0.199052132701422,1,0.998405103668262,1,0,0.332781456953642,1,0.326829268292683,0.253205128205128,1,0.657051282051282,0.452418096723869,1,1,0.659021406727829,0.687196110210697,0.355769230769231,1,0.333333333333333,1,1,0.349593495934959,1,0.99836867862969,0.00967741935483871,0.343648208469055,1,1,0.340356564019449,1,1,0.323101777059774,0.326860841423948,1,1,1,0.53484602917342,0.326332794830372,0.364227642276423,0.33641975308642,0.350237717908082,0.667741935483871,0.342271293375394,0.339256865912762,0.33175355450237,0.254457050243112,0.337726523887974,1,0.34384858044164,0.99835255354201,0.333870967741935,0.0818897637795276,0.0538827258320127,1,1,0.0420032310177706,1,0.667194928684628,0.0431309904153355,0.0130293159609121,1,0.662921348314607,1,1,0.571900826446281,1,0,0.0678807947019868,1,1,1,0.337115072933549,0.622874806800618,0.670608108108108,0.993537964458804,1,0.982456140350877,0.320325203252033,0.330112721417069,1,0.318481848184819,1,0.383147853736089,0.103789126853377,0.323899371069182,0.342356687898089,0.35405872193437,1,0.0750798722044728,1,1,1,0.26530612244898,0.333333333333333,1,0.336617405582923,1,1,0.327102803738318,1,0.339035769828927,1,0.320261437908497,0.336585365853659,1,0.665584415584416,0.333333333333333,1,0.335537190082645,0.753623188405797,0.330188679245283,0.161341853035144,0.338050314465409,0.766612641815235,0.327841845140033,1,0.342902711323764,0.353225806451613,0.312698412698413,1,1,1,0.968543046357616,0.33500837520938,1,0.337190082644628,1,0.332778702163062,0.338072669826224,1,1,1,0.920065252854812,1,0.328660436137072,0.33015873015873,1,1,0.0477759472817133,0.073051948051948,1,1,0.329508196721311,1,1,0.332792207792208,1,1,0.662921348314607,0.519561815336463,1,0,1,1,0.0990566037735849,0.340425531914894,1,0.340836012861736,0.998360655737705,0.96260162601626,0.998357963875205,0.813204508856683,1,0.346026490066225,1,1,1,0,0.329411764705882,1,1,0.65742251223491,1,0.336025848142165,0.37037037037037,0.3354943273906,1,1,1,0.0901898734177215,0.33112582781457,0.0877483443708609,0.998349834983498,0.32120253164557,0.32484076433121,0.356687898089172,0,1,0.954911433172303,1,1,0.344155844155844,0.32120253164557,0.168810289389068,0.0400641025641026,0.331715210355987,0.322006472491909,0.338607594936709,0.00164744645799012,0.325878594249201,1,0,0.337042925278219,1,1,1,0.336,0.330173775671406,0.0366056572379368,1,0.331210191082803,0.329652996845426,1,1,0.337115072933549,0.678868552412646,1,1,0.674230145867099,1,0.331738437001595,1,0.337133550488599,0.51685393258427,0.657232704402516,0.419303797468354,1,0.316118935837246,0.337078651685393,0.665610142630745,0.65251572327044,1,0.338658146964856,1,0.339652448657188,1,0.332797427652733,0.326699834162521,0.366612111292962,0.528180354267311,0.342019543973941,0.327841845140033,0.646774193548387,0.3328,0.14759535655058,1,0,1,0.311582381729201,1,0,0.335515548281506,0.336633663366337,1,0.0592823712948518,1,0.0870967741935484,0.349180327868852,1,0.0659163987138264,0.652866242038217,1,1,1,0.327242524916944,0.0399361022364217,1,0.440514469453376,0.0877483443708609,0.369496855345912,0.339712918660287,0.345718901453958,1,1,1,1,1,0.0638629283489097,0.998435054773083,0.670926517571885,0.00469483568075117,0.340356564019449,1,1,1,1,0.0843949044585987,0.330670926517572,1,1,1,1,1,1,0.473101265822785,0.00164203612479475,1,0.0833333333333333,0.336585365853659,0.42483660130719,1,0.397708674304419,0.329931972789116,0.329052969502408,1,0.0434083601286174,0.336507936507937,1,1,0.377265238879736,0.328502415458937,0.338658146964856,0.334975369458128,0.998415213946117,0.34257748776509,0.331746031746032,0.425956738768719,0.337620578778135,0.978021978021978,0.325949367088608,0.0815660685154976,0.340836012861736,0,1,0.0845528455284553,0.320197044334975,0.333868378812199,0.338211382113821,1,1,1,1,1,1,0.334959349593496,1,0.331715210355987,0.329331046312178,0.600323624595469,0.663414634146341,1,1,0,0.3328125,0.111290322580645,0.998435054773083,0.037953795379538,1,1,0.335515548281506,1,1,0.648514851485149,0.429738562091503,0.996870109546166,0.0801335559265442,0.0949263502454992,1,1,1,0.0848,0,0.338072669826224,0.437704918032787,0.335443037974684,0,0.342622950819672,0.0841584158415842,1,1,0.33652312599681,0.332797427652733,0.253205128205128,0.351882160392799,0.32695374800638,0.33968253968254,1,1,0.3442088091354,1,0,1,0.231404958677686,1,0.655555555555556,1,0.3296,0.318936877076412,0.0726978998384491,0.655448717948718,1,1,0.771144278606965,0.903878583473862,0.331707317073171,0.334959349593496,1,0.338164251207729,0.261788617886179,0.337641357027464,1,0.0993589743589744,1,1,0.331746031746032,0.66612641815235,0.319078947368421,1,1,0.328,0.314516129032258,0.334375,0.850819672131148,0.333884297520661,1,0.0613207547169811,1,1,0.680129240710824,0.637540453074434,0.340640809443508,0.0564516129032258,0.34094616639478,1,1,0.32794830371567,0.341346153846154,0.605388272583201,1,0.323899371069182,0.392,0.330143540669856,0.98256735340729,0.458401305057096,0.00483870967741936,0.327447833065811,0.334905660377358,0.347107438016529,0.327759197324415,0.333853354134165,0.969648562300319,1,0.333333333333333,0.534653465346535,0.663366336633663,0.243548387096774,0.671794871794872,1,0.336538461538462,0.00323624595469256,0.338141025641026,0.331723027375201,0.381260096930533,0.333333333333333,0,0.348242811501597,0.33167495854063,0.341543513957307,0.334959349593496
"29",1,1,1,1,1,1,0.715179968701095,1,1,0.107594936708861,1,0.0519877675840979,0.805555555555556,1,0.306729264475743,0.303543913713405,0.0698027314112291,0.697305863708399,1,1,0.280864197530864,0.3015625,1,0.161832061068702,1,0.321044546850998,0.306709265175719,1,1,0.773790951638066,0.301223241590214,0.725308641975309,0.969834087481146,0.298600311041991,0,1,0.562883435582822,1,0.294910179640719,1,0.670278637770898,0.691603053435115,0.697568389057751,1,1,0.312302839116719,0.295107033639144,0.299236641221374,0.314024390243902,0.318181818181818,0,1,0.304147465437788,1,1,0.478806907378336,0.576323987538941,1,1,1,0.316590563165906,0.306870229007634,0.308892355694228,0.690880989180835,1,1,0.0432766615146832,1,0.0644677661169415,0.309880239520958,1,0.308755760368664,0.32,0.965463108320251,0.523882896764253,1,0.296240601503759,0.328703703703704,1,0.305379746835443,0.0957613814756672,0.320872274143302,0.323029366306028,1,0.326219512195122,1,1,1,1,0.701378254211332,1,1,0.00152439024390244,0.114329268292683,1,0.0523168908819133,0,1,0.581903276131045,0.689274447949527,1,0.0601851851851852,0.305343511450382,1,0.304615384615385,1,0.69558599695586,1,0.303738317757009,0.305597579425113,0.309923664122137,1,0.312977099236641,1,0.498493975903614,1,0.308868501529052,0.309559939301973,0.318731117824773,0.309119010819165,0.501510574018127,0.998463901689708,0.311940298507463,0.307210031347962,1,0.297256097560976,1,1,0.348297213622291,0.557206537890045,1,0.306027820710974,1,0.0474074074074074,1,0.307228915662651,0.687405159332322,0.319018404907975,0.924031007751938,0.437299035369775,0.112480739599384,0.105022831050228,1,1,0.320061255742726,1,0.306092124814265,1,0.794520547945205,1,0.315047021943574,1,1,1,1,0.327666151468315,1,0.309262166405024,0.269230769230769,1,0.300911854103343,1,0.299694189602446,0.0995260663507109,1,0.304821150855365,1,1,1,0.322239031770045,1,0.322429906542056,1,0.303625377643505,1,0.310452418096724,0.0851063829787234,1,0.644654088050314,1,1,0.305900621118012,1,1,1,1,0.309923664122137,0.301059001512859,1,0.998449612403101,0.307346326836582,0.3015625,1,0.461656441717791,0.680534918276374,0,0.308734939759036,0.67629179331307,1,0.314674735249622,1,0.998507462686567,1,0.307926829268293,0.311278195488722,0.312401883830455,1,1,1,0,1,0.306853582554517,0.972307692307692,0.312693498452012,0.305810397553517,0.753067484662577,1,1,1,1,1,0.0489296636085627,0.309090909090909,0.312594840667678,1,0.693129770992366,1,1,1,0.998475609756098,1,1,0.00459418070444104,0.327743902439024,1,0.301242236024845,1,0.288288288288288,1,1,1,1,1,0.3109375,1,0.496124031007752,0.320061255742726,0.315467075038285,0.302652106084243,0.307453416149068,0.31974921630094,0.419968304278922,0.32262996941896,0.304084720121029,0.298461538461538,1,0.316358024691358,1,0.696240601503759,0.306748466257669,0.326251896813354,0.3198127925117,1,1,1,0.273993808049536,0.301515151515152,1,0.302795031055901,0.314456035767511,0.301857585139319,0.30521472392638,0.700934579439252,1,0.312594840667678,0.308892355694228,1,0.298107255520505,1,0.305847076461769,0.304953560371517,1,1,1,0.556414219474498,1,0.696456086286595,0.0935143288084465,0.313935681470138,1,1,0.107197549770291,0.313178294573643,0.314465408805031,1,1,0.298484848484848,0.0276073619631902,0.00313971742543171,1,1,0.329341317365269,0.998435054773083,1,0.298484848484848,1,1,0.308166409861325,1,1,1,1,0.315870570107858,0.300150829562594,0.31687898089172,1,1,0.67427701674277,0.308892355694228,1,0.313725490196078,0.289473684210526,1,1,0.998449612403101,1,1,0.314503816793893,1,1,0.117370892018779,0.324734446130501,0.493788819875776,0.291217257318952,0.680916030534351,0.312404287901991,1,0.302936630602782,0.3234375,0.268072289156627,0.310030395136778,1,0.317365269461078,1,1,1,0.302936630602782,0.31306990881459,0.998466257668712,0.91692789968652,0.0688575899843505,1,0.303353658536585,0.313084112149533,0.296583850931677,1,0.318731117824773,0.486943164362519,0.311627906976744,0.302752293577982,0.304416403785489,0.299065420560748,1,0.3125,1,1,0,1,0.31832298136646,1,1,1,0.316279069767442,1,0.308544303797468,1,0.827480916030534,1,1,1,0.303625377643505,1,1,0.301857585139319,0.302431610942249,1,1,0.299689440993789,0.2,1,0.998491704374057,1,0,0.310236220472441,1,0.301204819277108,0.2578125,1,0.686064318529862,0.418535127055306,1,1,0.684287812041116,0.705882352941177,0.332293291731669,1,0.305295950155763,1,1,0.324574961360124,1,0.998456790123457,0.00934579439252336,0.318461538461538,1,1,0.309707241910632,1,1,0.295384615384615,0.348623853211009,1,1,1,0.506870229007634,0.294478527607362,0.335949764521193,0.307692307692308,0.324200913242009,0.696923076923077,0.319758672699849,0.321592649310873,0.304281345565749,0.254263565891473,0.309486780715397,1,0.318796992481203,0.998456790123457,0.302003081664099,0.0933333333333333,0.0540540540540541,1,1,0.0459418070444104,1,0.69195751138088,0.048062015503876,0.0140405616224649,1,0.693972179289026,1,1,0.541213063763608,1,0,0.0796178343949045,1,1,1,0.312210200927357,0.652941176470588,0.7,0.992435703479576,1,0.983282674772036,0.298165137614679,0.35548686244204,1,0.2953125,1,0.365558912386707,0.115625,0.299248120300752,0.315789473684211,0.31953642384106,1,0.0874811463046757,1,1,1,0.268365817091454,0.31201248049922,1,0.30521472392638,1,1,0.30421686746988,1,0.313521545319465,1,0.29264475743349,0.318529862174579,1,0.687402799377916,0.30952380952381,1,0.303738317757009,0.763157894736842,0.300150829562594,0.165653495440729,0.30849478390462,0.767441860465116,0.299689440993789,1,0.317411402157165,0.328787878787879,0.291158536585366,1,1,1,0.966507177033493,0.357487922705314,1,0.315372424722662,1,0.312,0.308383233532934,1,1,1,0.912307692307692,1,0.303759398496241,0.310975609756098,1,1,0.0518867924528302,0.0895061728395062,1,1,0.298600311041991,1,1,0.304482225656878,1,1,0.689024390243902,0.546686746987952,1,0,1,1,0.107142857142857,0.313161875945537,1,0.31039755351682,0.998461538461539,0.963246554364472,0.998470948012232,0.816541353383459,1,0.317535545023697,1,1,1,0,0.307443365695793,1,1,0.674809160305344,1,0.30030487804878,0.351796407185629,0.307926829268293,1,1,1,0.100600600600601,0.31201248049922,0.101088646967341,0.9984375,0.305007587253414,0.302752293577982,0.344615384615385,0,1,0.952599388379205,1,1,0.313572542901716,0.291666666666667,0.169254658385093,0.0446153846153846,0.311827956989247,0.302469135802469,0.315548780487805,0.00157728706624606,0.306748466257669,1,0,0.308157099697885,1,1,1,0.30688622754491,0.312688821752266,0.037914691943128,1,0.307692307692308,0.296969696969697,1,1,0.307219662058372,0.696629213483146,1,1,0.703875968992248,1,0.295454545454545,1,0.305810397553517,0.537634408602151,0.682779456193353,0.406015037593985,1,0.284857571214393,0.307692307692308,0.685496183206107,0.675757575757576,1,0.31859756097561,1,0.31892697466468,1,0.309859154929577,0.311424100156495,0.345794392523364,0.541478129713424,0.312989045383412,0.295489891135303,0.681470137825421,0.314112291350531,0.16025641025641,1,0,1,0.288819875776398,1,0,0.309815950920245,0.306962025316456,1,0.0611028315946349,1,0.0924499229583975,0.326625386996904,1,0.0721966205837174,0.680428134556575,1,1,1,0.30188679245283,0.0446428571428571,1,0.422535211267606,0.102643856920684,0.35249621785174,0.30920060331825,0.312594840667678,1,1,1,1,1,0.0709969788519638,0.996996996996997,0.687311178247734,0.00441826215022091,0.309815950920245,1,1,1,1,0.0981308411214953,0.307692307692308,1,1,1,1,1,1,0.503770739064857,0.0015625,1,0.0906344410876133,0.309968847352025,0.448540706605223,1,0.389324960753532,0.301435406698565,0.311728395061728,1,0.0446153846153846,0.310291858678955,1,1,0.362790697674419,0.30441400304414,0.303076923076923,0.313195548489666,0.998473282442748,0.317111459968603,0.313935681470138,0.416275430359937,0.314984709480122,0.969834087481146,0.297744360902256,0.089644513137558,0.311827956989247,0,1,0.0969230769230769,0.291666666666667,0.310664605873261,0.313178294573643,1,1,1,1,1,1,0.322429906542056,1,0.309707241910632,0.302737520128824,0.618541033434651,0.690076335877863,1,1,0,0.307578008915305,0.126543209876543,0.998516320474777,0.0419906687402799,1,1,0.30298273155416,1,1,0.637636080870918,0.419968304278922,0.995594713656388,0.0930599369085174,0.107981220657277,1,1,1,0.100154083204931,0,0.305597579425113,0.414746543778802,0.30421686746988,0,0.324492979719189,0.0961240310077519,1,1,0.307346326836582,0.308868501529052,0.255054432348367,0.324574961360124,0.305135951661631,0.309451219512195,1,1,0.322085889570552,1,0,1,0.234206471494607,1,0.686453576864536,1,0.305135951661631,0.297124600638978,0.0816944024205749,0.690658499234303,1,1,0.786363636363636,0.900958466453674,0.308166409861325,0.31201248049922,1,0.312883435582822,0.270642201834862,0.311216429699842,1,0.110429447852761,1,1,0.31441717791411,0.69375,0.301412872841444,1,1,0.298484848484848,0.293478260869565,0.311844077961019,0.870866141732283,0.30829420970266,1,0.0625954198473282,1,1,0.70499243570348,0.650914634146341,0.312893081761006,0.0596330275229358,0.314503816793893,1,1,0.302003081664099,0.316590563165906,0.640601503759399,1,0.305936073059361,0.364471669218989,0.305343511450382,0.986384266263237,0.4884437596302,0.00458715596330275,0.30441400304414,0.312781954887218,0.316957210776545,0.305993690851735,0.311209439528024,0.96711509715994,1,0.302891933028919,0.565560821484992,0.696400625978091,0.247706422018349,0.697115384615385,1,0.308049535603715,0.00153846153846154,0.310664605873261,0.307926829268293,0.361861861861862,0.311424100156495,0,0.319571865443425,0.311811023622047,0.307086614173228,0.304878048780488
"30",0.78052805280528,0.787735849056604,0.783094098883573,0.7968,0.8,0.77511961722488,0.50402576489533,0.788553259141494,0.776729559748428,0.13474025974026,0.776729559748428,0.175718849840256,0.922829581993569,0.7904,0.534072900158479,0.502384737678855,0.155309033280507,0.483388704318937,0.79073482428115,0.76984126984127,0.501597444089457,0.527508090614887,0.77984496124031,0.121212121212121,0.776234567901235,0.530421216848674,0.52827140549273,0.774299835255354,0.773790951638066,1,0.512,0.930817610062893,0.830427892234548,0.513556618819777,0.207395498392283,0.782244556113903,0.321875,0.789889415481833,0.501552795031056,0.780952380952381,0.449760765550239,0.465927099841521,0.475513428120063,0.791666666666667,0.786407766990291,0.523349436392915,0.515873015873016,0.521060842433697,0.525660964230171,0.528391167192429,0.216640502354788,0.79454253611557,0.517940717628705,0.783653846153846,0.777251184834123,0.738709677419355,0.339837398373984,0.790584415584416,0.776729559748428,0.795527156549521,0.541732283464567,0.53322528363047,0.526315789473684,0.464,0.77124183006536,0.775834658187599,0.17258064516129,0.777777777777778,0.142638036809816,0.520061728395062,0.781102362204724,0.532051282051282,0.541871921182266,0.740619902120718,0.301435406698565,0.789954337899543,0.505426356589147,0.536163522012579,0.79746835443038,0.534426229508197,0.133004926108374,0.525477707006369,0.532182103610675,0.78021978021978,0.533858267716535,0.788819875776398,0.778135048231511,0.79140127388535,0.793269230769231,0.480127186009539,0.79140127388535,0.785824345146379,0.211111111111111,0.134796238244514,0.785483870967742,0.161290322580645,0.21259842519685,0.789719626168224,0.353225806451613,0.469354838709677,0.775641025641026,0.16,0.505426356589147,0.776337115072934,0.523052464228935,0.784911717495987,0.469483568075117,0.7872,0.530448717948718,0.519685039370079,0.527386541471048,0.782193958664547,0.546325878594249,0.782334384858044,0.276995305164319,0.773006134969325,0.525396825396825,0.151658767772512,0.530959752321981,0.528571428571429,0.269413629160063,0.797147385103011,0.512578616352201,0.531045751633987,0.790220820189274,0.515772870662461,0.788432267884323,0.789147286821705,0.170926517571885,0.477519379844961,0.802610114192496,0.515772870662461,0.776357827476038,0.171471927162367,0.792079207920792,0.513260530421217,0.467084639498433,0.528753993610224,0.848242811501597,0.466129032258065,0.135220125786164,0.138314785373609,0.769968051118211,0.784665579119086,0.51993620414673,0.775477707006369,0.530674846625767,0.7888,0.926332288401254,0.780564263322884,0.52520325203252,0.782747603833866,0.78513731825525,0.785714285714286,0.796529968454259,0.541533546325879,0.770800627943485,0.522508038585209,0.147798742138365,0.786499215070644,0.513219284603421,0.775700934579439,0.516483516483517,0.140575079872204,0.787928221859706,0.509646302250804,0.777080062794348,0.777080062794348,0.774760383386581,0.52276295133438,0.782747603833866,0.534959349593496,0.794952681388013,0.513385826771654,0.8003300330033,0.529790660225443,0.130573248407643,0.781645569620253,0.415,0.794212218649518,0.777424483306836,0.517915309446254,0.789137380191693,0.788976377952756,0.778301886792453,0.78003120124805,0.527156549520767,0.523510971786834,0.7792,0.802507836990596,0.535603715170279,0.497560975609756,0.788888888888889,0.2752,0.457627118644068,0.221350078492936,0.515873015873016,0.461783439490446,0.789968652037618,0.533018867924528,0.7808,0.77337559429477,0.781102362204724,0.522012578616352,0.506269592476489,0.537216828478964,0.784929356357928,0.781967213114754,0.787301587301587,0.195826645264847,0.777777777777778,0.510673234811166,0.809825673534073,0.537720706260032,0.523809523809524,0.538216560509554,0.786644951140065,0.78003120124805,0.7904,0.786392405063291,0.78743961352657,0.169303797468354,0.530744336569579,0.528951486697966,0.782472613458529,0.471048513302034,0.78516228748068,0.782407407407407,0.7744,0.783699059561129,0.767036450079239,0.785604900459418,0.212025316455696,0.172143974960876,0.784283513097072,0.525316455696203,0.786283891547049,0.520249221183801,0.782608695652174,0.798711755233494,0.787638668779715,0.786991869918699,0.784911717495987,0.540540540540541,0.778996865203762,0.730645161290323,0.539325842696629,0.540752351097179,0.520700636942675,0.515772870662461,0.532488114104596,0.464516129032258,0.530708661417323,0.525316455696203,0.5296875,0.775888717156105,0.530063291139241,0.792421746293245,0.470866141732283,0.532182103610675,0.158139534883721,0.52258064516129,0.783034257748777,0.813694267515924,0.793929712460064,0.13258785942492,0.503974562798092,0.807511737089202,0.527910685805423,0.530326594090202,0.525396825396825,0.529225908372828,0.473851030110935,0.782539682539683,0.527863777089783,0.531300160513644,0.78060413354531,0.521311475409836,0.789308176100629,0.513428120063191,0.510301109350238,0.777070063694268,0.780687397708674,0.777952755905512,0.323296354992076,0.789983844911147,0.49445324881141,0.146926536731634,0.524193548387097,0.778816199376947,0.791732909379968,0.141287284144427,0.519108280254777,0.520900321543408,0.784345047923323,0.784345047923323,0.52112676056338,0.188197767145136,0.228758169934641,0.77724358974359,0.785714285714286,0.543171114599686,0.784929356357928,0.778120184899846,0.519685039370079,0.786392405063291,0.77151799687011,0.513513513513513,0.776527331189711,0.779014308426073,0.790880503144654,0.790880503144654,0.539808917197452,0.518633540372671,0.533333333333333,0.778129952456418,0.786061588330632,0.468253968253968,0.530903328050713,0.792880258899676,0.516975308641975,0.512698412698413,0.782334384858044,0.784496124031008,0.791208791208791,0.7936,0.788216560509554,0.529032258064516,0.782608695652174,0.777070063694268,0.138933764135703,0.542319749216301,0.4928,0.521531100478469,0.482003129890454,0.519685039370079,0.786604361370717,0.507177033492823,0.532591414944356,0.135433070866142,0.514240506329114,0.778846153846154,0.52099533437014,0.784126984126984,0.787878787878788,0.775157232704403,0.512038523274478,0.512461059190031,0.789223454833597,0.85502471169687,0.14218009478673,0.767857142857143,0.526984126984127,0.525974025974026,0.532258064516129,0.792544570502431,0.523659305993691,0.25518341307815,0.529032258064516,0.511182108626198,0.532258064516129,0.52132701421801,0.79304897314376,0.527733755942948,0.775947281713344,0.789808917197452,0.204113924050633,0.772946859903382,0.512779552715655,0.780448717948718,0.777080062794348,0.777049180327869,0.526645768025078,0.777258566978193,0.533442088091354,0.776923076923077,0.912420382165605,0.77567140600316,0.787234042553192,0.784375,0.517350157728707,0.78513731825525,0.779552715654952,0.527821939586645,0.51685393258427,0.788643533123028,0.786053882725832,0.5168,0.104199066874028,0.785947712418301,0.791068580542265,0.786604361370717,0.219242902208202,0.508943089430894,0.776886035313002,0.521462639109698,0.133550488599349,0.796178343949045,0.477308294209703,0.655384615384615,0.786991869918699,0.791139240506329,0.469418960244648,0.504777070063694,0.556782334384858,0.787878787878788,0.521394611727417,0.780757097791798,0.795716639209226,0.535143769968051,0.786053882725832,0.785150078988942,0.205974842767296,0.531948881789137,0.784911717495987,0.793269230769231,0.536065573770492,0.778649921507064,0.801963993453355,0.522508038585209,0.171974522292994,0.789223454833597,0.771739130434783,0.784126984126984,0.745627980922099,0.515974440894569,0.503225806451613,0.514728682170543,0.527472527472527,0.4736,0.53125,0.539432176656151,0.515772870662461,0.1408,0.524271844660194,0.782131661442006,0.5234375,0.795819935691318,0.528125,0.143297380585516,0.157232704402516,0.7734375,0.774343122102009,0.169572107765452,0.792880258899676,0.476635514018692,0.168253968253968,0.207119741100324,0.788491446345257,0.475120385232745,0.793929712460064,0.774603174603175,0.463884430176565,0.776190476190476,0.2128,0.13474025974026,0.786963434022258,0.7712,0.76031746031746,0.52724358974359,0.434848484848485,0.490066225165563,0.780373831775701,0.782131661442006,0.813880126182965,0.515974440894569,0.163751987281399,0.78060413354531,0.508090614886731,0.784591194968553,0.587301587301587,0.141447368421053,0.508634222919937,0.517080745341615,0.529900332225914,0.781591263650546,0.147286821705426,0.779160186625194,0.783828382838284,0.801574803149606,0.137223974763407,0.538461538461538,0.785714285714286,0.519169329073482,0.783171521035599,0.778861788617886,0.52803738317757,0.775244299674267,0.525914634146341,0.783521809369952,0.511075949367089,0.531045751633987,0.796529968454259,0.468497576736672,0.511485451761103,0.788401253918495,0.523424878836834,0.90521327014218,0.516923076923077,0.120634920634921,0.519201228878648,0.931596091205212,0.516025641025641,0.789644012944984,0.520766773162939,0.541009463722397,0.50314465408805,0.782270606531882,0.79126213592233,0.770542635658915,0.809446254071661,0.166394779771615,0.797448165869219,0.522727272727273,0.794585987261146,0.518333333333333,0.52093023255814,0.78343949044586,0.794212218649518,0.781733746130031,0.842105263157895,0.788732394366197,0.517080745341615,0.522012578616352,0.777952755905512,0.789389067524116,0.168269230769231,0.153846153846154,0.784345047923323,0.79153605015674,0.511961722488038,0.788491446345257,0.786482334869432,0.513302034428795,0.775974025974026,0.792393026941363,0.484423676012461,0.313971742543171,0.78743961352657,0.211077844311377,0.769475357710652,0.772151898734177,0.138413685847589,0.515772870662461,0.784440842787682,0.520634920634921,0.7952,0.818910256410256,0.775834658187599,0.911627906976744,0.78060413354531,0.527597402597403,0.781789638932496,0.779578606158833,0.801932367149758,0.202194357366771,0.515447154471545,0.79073482428115,0.77373417721519,0.465927099841521,0.771739130434783,0.534181240063593,0.583333333333333,0.545023696682464,0.778301886792453,0.792778649921507,0.75974025974026,0.139968895800933,0.504823151125402,0.143322475570033,0.792544570502431,0.513385826771654,0.504658385093168,0.578538102643857,0.193343898573693,0.777080062794348,0.8256,0.786729857819905,0.783076923076923,0.536585365853659,0.52418096723869,0.124600638977636,0.172684458398744,0.52931854199683,0.531645569620253,0.525984251968504,0.210272873194221,0.520504731861199,0.784375,0.207336523125997,0.529503105590062,0.793650793650794,0.784810126582278,0.791332263242376,0.533965244865719,0.521060842433697,0.151815181518152,0.776377952755905,0.5136,0.524256651017214,0.789889415481833,0.772870662460568,0.537480063795853,0.48111658456486,0.797124600638978,0.781299524564184,0.471061093247588,0.793798449612403,0.518691588785047,0.771704180064309,0.51033386327504,0.304615384615385,0.462025316455696,0.4640625,0.788553259141494,0.509404388714734,0.531446540880503,0.479430379746835,0.452950558213716,0.788461538461538,0.530805687203792,0.791530944625407,0.533646322378717,0.79902755267423,0.5328,0.514469453376206,0.57007874015748,0.540880503144654,0.530081300813008,0.493548387096774,0.461538461538462,0.531446540880503,0.13128038897893,0.789889415481833,0.209048361934477,0.787925696594427,0.512155591572123,0.776049766718507,0.208530805687204,0.52741935483871,0.515447154471545,0.78330658105939,0.14854517611026,0.788888888888889,0.142857142857143,0.562300319488818,0.802547770700637,0.164296998420221,0.463492063492064,0.776886035313002,0.79140127388535,0.783359497645212,0.515650741350906,0.169753086419753,0.783410138248848,0.65224358974359,0.144012944983819,0.569230769230769,0.52132701421801,0.530232558139535,0.778649921507064,0.811290322580645,0.778846153846154,0.789308176100629,0.784375,0.149922720247295,0.773082942097027,0.471518987341772,0.215926493108729,0.524720893141946,0.785714285714286,0.7728,0.782324058919804,0.780715396578538,0.142635658914729,0.518053375196232,0.799368088467615,0.790996784565916,0.807628524046434,0.790322580645161,0.776377952755905,0.769968051118211,0.271739130434783,0.188102893890675,0.774193548387097,0.137658227848101,0.5203125,0.229166666666667,0.783570300157978,0.625607779578606,0.50814332247557,0.520504731861199,0.778129952456418,0.163751987281399,0.51685393258427,0.780907668231612,0.763578274760383,0.589660743134087,0.534290271132376,0.517515923566879,0.522240527182867,0.80379746835443,0.525121555915721,0.528391167192429,0.461538461538462,0.52373417721519,0.810264385692068,0.529230769230769,0.13474025974026,0.522082018927445,0.218210361067504,0.7728,0.151612903225806,0.514285714285714,0.528938906752412,0.530744336569579,0.776377952755905,0.79746835443038,0.78052805280528,0.781990521327014,0.781402936378467,0.787781350482315,0.552,0.764984227129338,0.523885350318471,0.528619528619529,0.57753164556962,0.471153846153846,0.774294670846395,0.770542635658915,0.199052132701422,0.526315789473684,0.14951768488746,0.789877300613497,0.165341812400636,0.781789638932496,0.774299835255354,0.525641025641026,0.796445880452342,0.78428093645485,0.502415458937198,0.484702093397746,0.778963414634146,0.147909967845659,0.133545310015898,0.793103448275862,0.792822185970636,0.78060413354531,0.133858267716535,0.210691823899371,0.524922118380062,0.638977635782748,0.52112676056338,0.203791469194313,0.543548387096774,0.144230769230769,0.790064102564103,0.777235772357724,0.524767801857585,0.535433070866142,0.134165366614665,0.5248,0.511848341232227,0.519623233908948,0.785150078988942,0.781499202551834,0.529315960912052,0.789473684210526,0.205651491365777,0.792332268370607,0.126959247648903,0.786752827140549,0.477093206951027,0.777429467084639,0.511923688394277,0.53484602917342,0.147619047619048,0.4546875,0.80127186009539,0.780645161290323,0.585874799357945,0.6996699669967,0.521739130434783,0.515248796147673,0.783521809369952,0.542056074766355,0.137931034482759,0.530377668308703,0.779661016949153,0.140600315955766,0.777602523659306,0.793214862681745,0.534072900158479,0.470779220779221,0.516233766233766,0.769983686786297,0.784688995215311,0.507131537242472,0.519047619047619,0.527863777089783,0.704113924050633,0.536466774716369,0.781350482315113,0.155802861685215,0.788643533123028,0.779411764705882,0.487654320987654,0.423076923076923,0.522314049586777,0.152,0.5312,0.784688995215311,0.804674457429048,0.504746835443038,0.533653846153846,0.413793103448276,0.789147286821705,0.522691705790297,0.428125,0.518225039619651,0.764341085271318,0.27172195892575,0.215503875968992,0.507042253521127,0.533127889060092,0.532362459546926,0.516611295681063,0.514820592823713,0.748829953198128,0.775,0.516587677725118,0.33387358184765,0.470779220779221,0.151419558359621,0.480066445182724,0.800955414012739,0.530612244897959,0.208333333333333,0.536277602523659,0.521875,0.408163265306122,0.533546325878594,0.198425196850394,0.530232558139535,0.506430868167203,0.535073409461664,0.526148969889065
"31",0.291666666666667,0.309262166405024,0.3,0.318910256410256,0.302180685358255,0.29922480620155,0.0111464968152866,0.313479623824451,0.304953560371517,0.595238095238095,0.314900153609831,0.657407407407407,0.500782472613459,0.314285714285714,1,1,0.633996937212864,0,0.322734499205087,0.3046875,1,1,0.316846986089645,0.530864197530864,0.301223241590214,1,1,0.3248,0.301223241590214,0.512,1,0.573846153846154,0.352220520673813,0.995290423861852,0.673469387755102,0.306188925081433,0.149532710280374,0.307339449541284,1,0.294930875576037,0.00314465408805031,0,0,0.319685039370079,0.303459119496855,1,0.993680884676145,1,1,1,0.694656488549618,0.32120253164557,1,0.314641744548287,0.304615384615385,0.804140127388535,0.133122028526149,0.309262166405024,0.309815950920245,0.311526479750779,0.990769230769231,1,1,0.00623052959501558,0.303858520900322,0.307926829268293,0.66877971473851,0.311605723370429,0.62704309063893,1,0.311248073959938,1,1,0.274322169059011,0.174652241112828,0.312781954887218,1,0.993836671802773,0.317073170731707,1,0.616613418530351,1,1,0.314024390243902,1,0.314112291350531,0.307086614173228,0.316692667706708,0.305295950155763,0,0.308176100628931,0.313546423135464,0.697063369397218,0.599383667180277,0.304212168486739,0.650602409638554,0.684292379471229,0.304084720121029,0.137096774193548,0,0.302469135802469,0.628346456692913,1,0.304975922953451,1,0.307210031347962,0,0.319875776397516,1,1,1,0.296062992125984,0.995391705069124,0.311627906976744,0.217125382262997,0.296969696969697,1,0.4,1,1,0.216793893129771,0.307219662058372,1,1,0.320552147239264,1,0.303437967115097,0.304675716440422,0.384853168469861,0.770392749244713,0.310789049919485,1,0.318541996830428,0.644478063540091,0.327476038338658,1,0.00154798761609907,1,0.35981308411215,0.896,0.5953125,0.605590062111801,0.308641975308642,0.319620253164557,1,0.306853582554517,1,0.293103448275862,0.486024844720497,0.310911808669656,1,0.296529968454259,0.3078125,0.317535545023697,0.318181818181818,1,0.294670846394984,1,0.451463790446841,0.315384615384615,1,0.317700453857791,1,0.606918238993711,0.309748427672956,1,0.30564263322884,0.302752293577982,0.327073552425665,0.984567901234568,0.31875,1,0.314285714285714,1,0.312,1,0.614088820826952,0.287480680061824,0.0370967741935484,0.28892455858748,0.302003081664099,1,0.289269051321928,0.305164319248826,0.305900621118012,0.31974921630094,1,1,0.308306709265176,0.321592649310873,1,1,0.315151515151515,0.2484375,0.024024024024024,0.69170579029734,1,0.00306748466257669,0.307098765432099,1,0.310509554140127,0.299236641221374,0.301261829652997,0.996870109546166,1,1,0.318181818181818,0.308186195826645,0.311145510835913,0.688575899843505,0.297971918876755,1,0.326625386996904,1,1,0.453004622496148,0.32018927444795,0.304482225656878,0.309486780715397,0.294488188976378,0.301412872841444,0.653435114503817,1,1,0.305084745762712,0.00467289719626168,0.317411402157165,0.30804248861912,0.312302839116719,0.298325722983257,0.29153605015674,0.305722891566265,0.706708268330733,0.380517503805175,0.291411042944785,1,0.320754716981132,1,0.294385432473445,0.302325581395349,0.303076923076923,0.32182103610675,0.308917197452229,1,0.317972350230415,0.782677165354331,1,1,0.996835443037975,1,1,0.90527950310559,1,1,1,0.311349693251534,1,0.306320907617504,0,1,0.401826484018265,1,0.308176100628931,0.308641975308642,0.302507836990596,0.438184663536776,1,0.30757341576507,1,1,1,1,0,0.304075235109718,1,1,0.312401883830455,1,0.306870229007634,1,1,0.304552590266876,0.311811023622047,0.289719626168224,0.164319248826291,0.317610062893082,0,0.605740181268882,1,0.307692307692308,0.312989045383412,0.599378881987578,1,1,0.3125,0.31619937694704,1,0.66156202143951,0.709576138147567,0.29140127388535,0.312698412698413,0.993911719939117,0.3198127925117,0.295795795795796,1,0.303680981595092,0.293577981651376,1,0.299050632911392,0.315789473684211,0.306122448979592,0.311349693251534,1,1,1,0.296062992125984,0.309148264984227,0.00772797527047913,0.990697674418605,0.318681318681319,1,1,0.30030487804878,0.31832298136646,0.294851794071763,0.3015625,0.304281345565749,1,0.296583850931677,0.299843014128728,0.58664546899841,1,0.849765258215962,1,0,1,0.317220543806647,1,1,0.443425076452599,0.998473282442748,0.3125,1,0.302362204724409,0.305343511450382,0.299539170506912,1,1,0.312597200622084,0.388443017656501,0.632329635499208,0.292452830188679,1,1,1,0.315533980582524,1,0.221003134796238,1,1,1,1,0.320552147239264,1,0.310965630114566,0.319571865443425,0.684210526315789,0.295161290322581,1,0.315217391304348,0.308868501529052,0.295527156549521,1,0.303625377643505,1,0.309923664122137,0.46141975308642,0.311526479750779,0.317262830482115,0.30568356374808,1,0.3109375,0.29047619047619,1,1,0.308426073131955,0.303265940902022,1,0.493150684931507,0.302694136291601,0.32398753894081,0.320493066255778,0.6921875,1,0.291935483870968,1,0.440124416796268,0.298273155416013,0,0.872503840245776,0.306962025316456,0.307931570762053,0,0.03486529318542,0.976923076923077,0.30829420970266,1,0.302180685358255,0.3042071197411,1,0.313755795981453,0.313479623824451,0.68125,1,0.31619937694704,0.311004784688995,1,0.297380585516179,0.288244766505636,1,0.357798165137615,0.30564263322884,0.305555555555556,0.321711568938193,0.777604976671851,1,0.982785602503912,1,1,0.0015600624024961,1,0.992412746585736,1,0.450704225352113,0.996815286624204,0.304545454545455,0.992401215805471,0.3234375,0.99537750385208,0.617691154422789,0.647328244274809,0.314589665653495,0.300613496932515,0.656298600311042,0.313099041533546,0,0.644409937888199,0.692546583850932,0.313664596273292,0.00154320987654321,0.299689440993789,0.300925925925926,0.790551181102362,0.31441717791411,0.693251533742331,0.609324758842444,0.3109375,0.310030395136778,0.290519877675841,1,0.0313432835820895,0,0.311728395061728,0.31832298136646,0.323076923076923,1,0.356697819314642,0.310975609756098,1,0.29320987654321,0.934817170111288,0.591482649842271,1,1,0.991624790619765,0.315548780487805,0.62037037037037,0.319083969465649,0.306581059390048,0.310291858678955,0.442073170731707,1,0.301435406698565,1,0.311111111111111,0.309904153354633,1,0.308176100628931,1,0.308917197452229,1,1,0.30757341576507,0,1,0.310291858678955,1,0.541795665634675,1,0.524031007751938,1,0.534992223950233,1,0.301282051282051,1,1,1,0.298761609907121,0.310509554140127,0.300448430493274,0.336553945249597,0.356564019448947,0.309119010819165,1,0.3078125,1,1,0.315301391035549,0.30622009569378,0.303759398496241,0.373626373626374,0.31039755351682,1,1,0.32258064516129,0.305993690851735,0.639810426540284,0.6046875,0.317610062893082,0.307570977917981,1,0.304281345565749,0.306870229007634,0.995334370139969,0.307814992025518,0.303875968992248,0,0.152337858220211,0.3015625,0.692995529061103,0.298107255520505,0.31441717791411,0.608895705521472,0.998466257668712,0.30564263322884,1,0.30625,0.331738437001595,0.305900621118012,0.456086286594761,0.312788906009245,1,0.312111801242236,0.318181818181818,0.3232,0.696240601503759,1,0.32120253164557,0.309119010819165,0,0.324574961360124,0.998432601880878,0.950693374422188,1,0.314329738058552,0.317901234567901,0.3015625,0.602760736196319,1,0.611111111111111,0.324451410658307,1,1,0.959438377535101,0.69170579029734,0.313479623824451,0.338028169014085,0.306625577812018,0.309707241910632,1,1,0.529042386185243,0.655712050078247,1,1,0.998454404945904,0.7,1,0.311649016641452,0.684210526315789,1,0.319018404907975,0.309375,0.310664605873261,0.996941896024465,1,0.658064516129032,0.309707241910632,1,1,0.31619937694704,0.310606060606061,0.998452012383901,0,0.311216429699842,0.299212598425197,0.00773993808049536,0.306184012066365,1,0.299212598425197,1,0.158139534883721,0,0.910197869101979,0.31832298136646,1,1,0,0.00153139356814701,0.318818040435459,1,0.31139646869984,0.996965098634294,0.300157977883096,1,0.998435054773083,0.957613814756672,0.784496124031008,1,1,0.00619195046439629,1,0.540192926045016,0.314553990610329,0.683001531393568,0.31733746130031,1,0.294209702660407,0.684292379471229,1,1,0.307073954983923,0.629129129129129,0.32093023255814,0.602825745682888,0.970172684458399,0.3234375,0.617784711388456,0.0158478605388273,0.302325581395349,0.308755760368664,0.308623298033283,1,0.653030303030303,0.295902883156297,0.880248833592535,0.597133757961783,0.964831804281346,1,1,0.297839506172839,0.324367088607595,0.296529968454259,0.306027820710974,0.308166409861325,0.628398791540785,0.298621745788668,0,0.694029850746269,0.998439937597504,0.315548780487805,0.300314465408805,0.301109350237718,0.309559939301973,0.622848200312989,1,0.317411402157165,0.32182103610675,0.314845024469821,0.313572542901716,0.302469135802469,0.308049535603715,0.206471494607088,0.690966719492868,0.302795031055901,0.616692426584235,1,0.247678018575851,0.305900621118012,0.919047619047619,1,1,0.30077519379845,0.651702786377709,1,0.302611367127496,0.29874213836478,0.952229299363057,1,1,0.996835443037975,0.315384615384615,1,1,0.903481012658228,1,0.334365325077399,1,0.602848101265823,1,0.679447852760736,0.311728395061728,0.619426751592357,1,1,0.993690851735016,0.314329738058552,0.314728682170543,0.307814992025518,0.312597200622084,0.310015898251192,0.312893081761006,0.981012658227848,0.308755760368664,1,1,0.723338485316847,0,0.302795031055901,0.306278713629403,0.691472868217054,1,0.581395348837209,0.317557251908397,0.664050235478807,0.299684542586751,0.305863708399366,1,0.312111801242236,0.315533980582524,0.698412698412698,0.911575562700965,0.318385650224215,0.6125,0.588235294117647,0.318529862174579,0.315047021943574,0.295558958652374,0.610248447204969,0.693721286370597,1,0.884493670886076,1,0.671802773497689,0.996835443037975,0.604430379746835,0.308892355694228,0.319554848966614,1,1,0.446153846153846,0.992050874403816,0.996951219512195,1,0.303937007874016,0.315301391035549,1,0.308623298033283,0.688372093023256,0.311912225705329,0.473684210526316,0.294392523364486,0,0.295107033639144,1,1,0.615503875968992,0.00153609831029186,0.314329738058552,0.314241486068111,0.105678233438486,0.418679549114332,1,1,0.304953560371517,1,0.434439178515008,1,0.316030534351145,0.605873261205564,0.317757009345794,0.310618066561014,1,0,1,0.299363057324841,0.3140625,1,1,1,0.437898089171975,1,0.308049535603715,0.629800307219662,0.3203125,0.314285714285714,0.00153846153846154,0.0485133020344288,1,0.637770897832817,1,0.319508448540707,0.319354838709677,1,1,0.178018575851393,0.304347826086957,1,0.907120743034056,1,0.317629179331307,0.203442879499218,0.676425269645609,1,1,1,1,1,0.278713629402757,0.297637795275591,1,0.129392971246006,0.00157232704402516,0.463790446841294,0,0.316279069767442,1,0.692307692307692,1,1,0.893353941267388,1,0.688350983358548,1,1,1,1
"32",0.729857819905213,0.726283048211509,0.710122699386503,0.748807631160572,0.738058551617874,0.718944099378882,0.437001594896332,0.731319554848967,0.718223583460949,0.152755905511811,0.713629402756508,0.228787878787879,0.934065934065934,0.7328125,0.583987441130298,0.571428571428571,0.198776758409786,0.419614147909968,0.731554160125589,0.721617418351477,0.56786271450858,0.58125,0.723502304147465,0.124233128834356,0.706505295007564,0.601837672281776,0.599681020733652,0.732371794871795,0.725308641975309,0.930817610062893,0.573846153846154,1,0.782071097372488,0.581648522550544,0.253164556962025,0.73095623987034,0.269592476489028,0.743865030674847,0.565809379727685,0.72,0.387944358578053,0.407407407407407,0.412213740458015,0.731554160125589,0.731132075471698,0.580441640378549,0.578947368421053,0.593655589123867,0.594180704441041,0.601208459214502,0.278637770897833,0.735524256651017,0.581929555895865,0.738170347003155,0.72239263803681,0.784496124031008,0.29393468118196,0.742725880551302,0.713622291021672,0.737248840803709,0.596330275229358,0.597503900156006,0.572317262830482,0.389937106918239,0.721518987341772,0.716923076923077,0.234276729559748,0.730232558139535,0.194029850746269,0.594427244582043,0.721538461538462,0.60061919504644,0.597464342313788,0.680129240710824,0.256568778979907,0.731411229135053,0.571428571428571,0.608761329305136,0.73353751914242,0.592651757188498,0.170144462279294,0.599063962558502,0.600931677018634,0.736842105263158,0.614551083591331,0.73037037037037,0.708860759493671,0.732919254658385,0.733333333333333,0.407692307692308,0.73186119873817,0.723823975720789,0.269645608628659,0.166666666666667,0.728414442700157,0.211246200607903,0.27047913446677,0.730354391371341,0.292993630573248,0.401244167962675,0.730650154798762,0.201574803149606,0.573189522342065,0.727126805778491,0.57984496124031,0.725705329153605,0.397849462365591,0.727129337539432,0.5875,0.586314152410575,0.602150537634409,0.731481481481482,0.6046875,0.73374613003096,0.21765601217656,0.717522658610272,0.592879256965944,0.126911314984709,0.603007518796992,0.595611285266458,0.210769230769231,0.734157650695518,0.56859756097561,0.592833876221498,0.734567901234568,0.578461538461538,0.734121122599705,0.724397590361446,0.160741885625966,0.461654135338346,0.740095087163233,0.578947368421053,0.725429017160686,0.21203007518797,0.737421383647799,0.589665653495441,0.400309119010819,0.586583463338534,0.801251956181534,0.478468899521531,0.151702786377709,0.170046801872075,0.716486902927581,0.736,0.601574803149606,0.725429017160686,0.588588588588589,0.734789391575663,0.932515337423313,0.720789074355083,0.579778830963665,0.724884080370943,0.721362229102167,0.716300940438871,0.738170347003155,0.606481481481482,0.709119496855346,0.58712715855573,0.130030959752322,0.726153846153846,0.574766355140187,0.723880597014925,0.569640062597809,0.188383045525903,0.721153846153846,0.582018927444795,0.712732919254658,0.720858895705521,0.721439749608764,0.596006144393241,0.721362229102167,0.600313479623824,0.737678855325914,0.58125,0.731629392971246,0.590266875981162,0.171516079632466,0.727272727272727,0.359550561797753,0.736089030206677,0.713622291021672,0.574766355140187,0.728395061728395,0.732198142414861,0.718027734976888,0.726989079563182,0.577044025157233,0.586153846153846,0.73449920508744,0.737248840803709,0.600609756097561,0.575427682737169,0.737003058103975,0.246130030959752,0.387387387387387,0.275541795665635,0.576982892690513,0.389147286821705,0.734254992319508,0.59304084720121,0.722397476340694,0.723564954682779,0.730474732006126,0.584496124031008,0.570776255707763,0.602870813397129,0.731297709923664,0.721337579617834,0.738461538461539,0.254317111459969,0.718944099378882,0.572784810126582,0.761682242990654,0.589703588143526,0.592592592592593,0.499227202472952,0.731782945736434,0.730182926829268,0.738390092879257,0.72360248447205,0.73208722741433,0.21996879875195,0.590342679127726,0.591743119266055,0.720247295208655,0.404255319148936,0.734351145038168,0.719325153374233,0.711627906976744,0.735068912710567,0.716981132075472,0.737631184407796,0.276661514683153,0.146341463414634,0.721966205837174,0.599056603773585,0.7328125,0.587326120556414,0.73394495412844,0.741085271317829,0.73374613003096,0.731669266770671,0.725705329153605,0.59594383775351,0.726993865030675,0.782539682539683,0.611455108359133,0.596599690880989,0.584786053882726,0.582554517133956,0.589622641509434,0.490625,0.601226993865031,0.596923076923077,0.591679506933744,0.714285714285714,0.59717868338558,0.733226837060703,0.410958904109589,0.593457943925234,0.134556574923547,0.592767295597484,0.725,0.751962323390895,0.721617418351477,0.113178294573643,0.576687116564417,0.738998482549317,0.5921875,0.59480122324159,0.591772151898734,0.593272171253823,0.400621118012422,0.734597156398104,0.58,0.590909090909091,0.729102167182663,0.583732057416268,0.730593607305936,0.595419847328244,0.56832298136646,0.727414330218069,0.731012658227848,0.719188767550702,0.255451713395639,0.725677830940989,0.42457231726283,0.18796992481203,0.597503900156006,0.725,0.734059097978227,0.164133738601824,0.585218702865762,0.594637223974763,0.728867623604466,0.73094867807154,0.572093023255814,0.238244514106583,0.270735524256651,0.728414442700157,0.723370429252782,0.605740181268882,0.740279937791602,0.721556886227545,0.584758942457232,0.7425431711146,0.71889400921659,0.582298136645963,0.708074534161491,0.729001584786054,0.736517719568567,0.737082066869301,0.596875,0.581430745814307,0.60031847133758,0.732503888024883,0.733333333333333,0.391768292682927,0.585735963581184,0.736925515055468,0.582568807339449,0.578947368421053,0.72768532526475,0.743076923076923,0.730886850152905,0.741379310344828,0.729938271604938,0.58695652173913,0.729393468118196,0.71671826625387,0.142628205128205,0.597859327217125,0.482866043613707,0.579778830963665,0.410015649452269,0.590909090909091,0.726586102719033,0.5875,0.600313479623824,0.114678899082569,0.588325652841782,0.729984301412873,0.585735963581184,0.735433070866142,0.733124018838305,0.712074303405573,0.579192546583851,0.572948328267477,0.73497688751926,0.809448818897638,0.202194357366771,0.722397476340694,0.587057010785824,0.588328075709779,0.591482649842271,0.735668789808917,0.584848484848485,0.198127925117005,0.583975346687211,0.579192546583851,0.597133757961783,0.5953125,0.724085365853659,0.590266875981162,0.724919093851133,0.731554160125589,0.263565891472868,0.717908082408875,0.574534161490683,0.72281776416539,0.726726726726727,0.732371794871795,0.586206896551724,0.71841704718417,0.585326953748006,0.730593607305936,0.897239263803681,0.709428129829985,0.7234375,0.73587786259542,0.585889570552147,0.728971962616822,0.7140625,0.5895865237366,0.58641975308642,0.726708074534162,0.727975270479134,0.591049382716049,0.0952380952380952,0.72755905511811,0.735294117647059,0.73972602739726,0.261467889908257,0.575709779179811,0.717285945072698,0.58179012345679,0.118110236220472,0.740219092331768,0.4047976011994,0.716236722306525,0.727699530516432,0.725460122699387,0.410179640718563,0.43010752688172,0.622291021671827,0.728395061728395,0.588597842835131,0.729984301412873,0.739549839228296,0.602803738317757,0.727554179566563,0.725552050473186,0.258751902587519,0.5984375,0.729133858267716,0.727975270479134,0.603149606299213,0.723765432098765,0.736245954692557,0.584518167456556,0.162287480680062,0.727129337539432,0.725341426403642,0.728260869565217,0.785932721712538,0.585139318885449,0.562009419152276,0.57957957957958,0.593798449612403,0.39906103286385,0.6,0.595611285266458,0.580451127819549,0.129032258064516,0.595541401273885,0.7217125382263,0.590433482810164,0.74294670846395,0.603945371775417,0.174698795180723,0.203675344563553,0.728506787330317,0.721884498480243,0.225505443234837,0.734726688102894,0.413476263399694,0.203703703703704,0.258620689655172,0.726574500768049,0.40763358778626,0.731782945736434,0.726134585289515,0.444094488188976,0.729393468118196,0.263565891472868,0.178403755868545,0.735202492211838,0.723564954682779,0.705069124423963,0.584639498432602,0.365102639296188,0.42332268370607,0.712962962962963,0.731182795698925,0.769924812030075,0.575803981623277,0.136858475894246,0.725308641975309,0.577708006279435,0.72824427480916,0.648233486943164,0.1640625,0.582952815829528,0.587878787878788,0.60556464811784,0.720364741641337,0.183890577507599,0.729446935724963,0.731942215088282,0.730829420970266,0.121538461538462,0.601895734597156,0.7234375,0.5671875,0.713385826771654,0.726837060702875,0.583206106870229,0.725984251968504,0.579970104633782,0.719188767550702,0.58359133126935,0.59594383775351,0.746105919003115,0.40282131661442,0.569924812030075,0.735963581183611,0.5829307568438,0.926040061633282,0.576399394856278,0.112480739599384,0.586466165413534,0.967441860465116,0.582018927444795,0.722222222222222,0.590214067278288,0.602134146341463,0.56793893129771,0.72952086553323,0.7344,0.725190839694656,0.766881028938907,0.139384116693679,0.728260869565217,0.60031847133758,0.731066460587326,0.5936,0.573134328358209,0.726993865030675,0.735849056603774,0.727272727272727,0.80625,0.741301059001513,0.584592145015106,0.578386605783866,0.738931297709924,0.744479495268139,0.211598746081505,0.185358255451713,0.730232558139535,0.7328125,0.582938388625592,0.72386895475819,0.732223903177005,0.573872472783826,0.710862619808307,0.7298937784522,0.41820987654321,0.265842349304482,0.727699530516432,0.266766020864382,0.72386895475819,0.721792890262751,0.171779141104294,0.584496124031008,0.735202492211838,0.598449612403101,0.741433021806854,0.75625,0.724137931034483,0.896923076923077,0.737756714060032,0.585874799357945,0.727411944869832,0.725705329153605,0.735433070866142,0.268292682926829,0.576,0.739747634069401,0.716923076923077,0.406885758998435,0.713841368584759,0.585669781931464,0.638330757341577,0.610091743119266,0.721286370597244,0.73497688751926,0.716535433070866,0.168693009118541,0.580594679186229,0.167464114832536,0.742589703588144,0.579425113464448,0.578703703703704,0.626728110599078,0.262751159196291,0.729264475743349,0.78858024691358,0.71969696969697,0.717357910906298,0.603448275862069,0.586259541984733,0.109923664122137,0.229583975346687,0.588785046728972,0.595645412130638,0.590769230769231,0.276729559748428,0.588414634146341,0.728943338437979,0.261275272161742,0.583963691376702,0.735068912710567,0.727131782945736,0.736111111111111,0.592085235920852,0.583333333333333,0.20952380952381,0.716486902927581,0.581903276131045,0.586153846153846,0.720679012345679,0.719325153374233,0.592248062015504,0.42258064516129,0.734789391575663,0.726844583987441,0.404615384615385,0.733736762481089,0.569018404907976,0.717252396166134,0.575851393188854,0.251896813353566,0.400611620795107,0.475903614457831,0.729646697388633,0.57814871016692,0.587423312883436,0.422360248447205,0.397280966767372,0.737654320987654,0.603658536585366,0.7232,0.596385542168675,0.732171156893819,0.596625766871166,0.586921850079745,0.634674922600619,0.563467492260062,0.598425196850394,0.57345971563981,0.393700787401575,0.580152671755725,0.1232,0.734789391575663,0.256211180124224,0.732522796352584,0.58125,0.725429017160686,0.262015503875969,0.587227414330218,0.586206896551724,0.72408293460925,0.197309417040359,0.72360248447205,0.163551401869159,0.638095238095238,0.74806800618238,0.190108191653787,0.394321766561514,0.723172628304821,0.730474732006126,0.736681887366819,0.590322580645161,0.220877458396369,0.716440422322775,0.715179968701095,0.171428571428571,0.635528330781011,0.579754601226994,0.593846153846154,0.71937984496124,0.746434231378764,0.722397476340694,0.733128834355828,0.72884012539185,0.190045248868778,0.714069591527988,0.401244167962675,0.266766020864382,0.587786259541985,0.733846153846154,0.708588957055215,0.736421725239617,0.729198184568835,0.177847113884555,0.582568807339449,0.739663093415008,0.736176935229068,0.7408,0.727838258164852,0.719135802469136,0.714511041009464,0.222556390977444,0.250393700787402,0.73208722741433,0.18558282208589,0.591049382716049,0.209160305343511,0.720062208398134,0.679748822605965,0.583860759493671,0.591463414634146,0.725,0.216133942161339,0.5948406676783,0.726027397260274,0.712732919254658,0.64251968503937,0.590417310664606,0.58641975308642,0.589984350547731,0.75,0.592933947772657,0.594470046082949,0.482115085536547,0.58695652173913,0.766666666666667,0.585843373493976,0.166134185303514,0.581039755351682,0.263482280431433,0.725155279503106,0.1921875,0.570977917981073,0.58695652173913,0.595541401273885,0.724191063174114,0.739663093415008,0.727272727272727,0.732415902140673,0.713607594936709,0.734375,0.609250398724083,0.723076923076923,0.586750788643533,0.593023255813954,0.583841463414634,0.406593406593407,0.714503816793893,0.716279069767442,0.250759878419453,0.58751902587519,0.161993769470405,0.733532934131736,0.209119496855346,0.725118483412322,0.718849840255591,0.584905660377358,0.733438485804416,0.729903536977492,0.492913385826772,0.506369426751592,0.718518518518519,0.185126582278481,0.169278996865204,0.738794435857805,0.738317757009346,0.733644859813084,0.172573189522342,0.265116279069767,0.584876543209877,0.703703703703704,0.590769230769231,0.256060606060606,0.602167182662539,0.177952755905512,0.730232558139535,0.714733542319749,0.586890243902439,0.590288315629742,0.119195046439628,0.596850393700787,0.595744680851064,0.588325652841782,0.732594936708861,0.732006125574273,0.589257503949447,0.730486008836524,0.259659969088099,0.738317757009346,0.1203125,0.726114649681529,0.40393343419062,0.724770642201835,0.584639498432602,0.592592592592593,0.182380216383308,0.398763523956723,0.752336448598131,0.734276729559748,0.506230529595016,0.632165605095541,0.590909090909091,0.584496124031008,0.724031007751938,0.598736176935229,0.118195956454121,0.597464342313788,0.725903614457831,0.160990712074303,0.722650231124807,0.740279937791602,0.602782071097372,0.415094339622642,0.587955625990491,0.729299363057325,0.730232558139535,0.583586626139818,0.583586626139818,0.587706146926537,0.709320695102686,0.600315955766193,0.7171875,0.20392749244713,0.729393468118196,0.731942215088282,0.423312883435583,0.366771159874608,0.590982286634461,0.19815668202765,0.588785046728972,0.728110599078341,0.745222929936306,0.575851393188854,0.600917431192661,0.360730593607306,0.735294117647059,0.583333333333333,0.485496183206107,0.581143740340031,0.708206686930091,0.233070866141732,0.26502311248074,0.565749235474006,0.592760180995475,0.603803486529319,0.582258064516129,0.580451127819549,0.692780337941628,0.718068535825545,0.581903276131045,0.295055821371611,0.411949685534591,0.143297380585516,0.415458937198068,0.753968253968254,0.6,0.253164556962025,0.601236476043277,0.5895865237366,0.462365591397849,0.596850393700787,0.257621951219512,0.59375,0.5818759936407,0.597774244833068,0.594090202177294
"33",0.959871589085072,0.964506172839506,0.968503937007874,0.970219435736677,0.972222222222222,0.96583850931677,0.655448717948718,0.965625,0.962962962962963,0.0798722044728434,0.968085106382979,0.035548686244204,0.854199683042789,0.965354330708661,0.368012422360248,0.352850539291217,0.0524691358024691,0.626016260162602,0.966876971608833,0.967238689547582,0.3375,0.356807511737089,0.9629057187017,0.12111801242236,0.960725075528701,0.382716049382716,0.366129032258065,0.960567823343849,0.969834087481146,0.830427892234548,0.352220520673813,0.782071097372488,1,0.353582554517134,0.0356037151702786,0.962722852512156,0.495268138801262,0.966205837173579,0.343939393939394,0.958397534668721,0.611455108359133,0.625776397515528,0.640672782874618,0.961965134706815,0.963317384370016,0.371794871794872,0.361408882082695,0.350689127105666,0.369230769230769,0.376146788990826,0.0380517503805175,0.963836477987421,0.363358778625954,0.964396284829721,0.958333333333333,0.546603475513428,0.516587677725118,0.962616822429907,0.958715596330275,0.9734375,0.377845220030349,0.370716510903427,0.369255150554675,0.626582278481013,0.958466453674121,0.9671875,0.0315955766192733,0.963020030816641,0.045045045045045,0.371212121212121,0.967492260061919,0.364906832298137,0.378594249201278,0.928909952606635,0.470588235294118,0.96078431372549,0.360730593607306,0.398473282442748,0.964669738863287,0.358766233766234,0.0670926517571885,0.377358490566038,0.370139968895801,0.964777947932619,0.38785046728972,0.960665658093797,0.968944099378882,0.961119751166407,0.967441860465116,0.639570552147239,0.958925750394945,0.968421052631579,0.0342679127725857,0.0766871165644172,0.963549920760697,0.0289634146341463,0.0337941628264209,0.959876543209877,0.5104,0.636645962732919,0.962732919254658,0.0422535211267606,0.362928348909657,0.96,0.36608557844691,0.960753532182104,0.638036809815951,0.96551724137931,0.372488408037094,0.364906832298137,0.368340943683409,0.964341085271318,0.370030581039755,0.961240310077519,0.451219512195122,0.966817496229261,0.370139968895801,0.266666666666667,0.36036036036036,0.368670886075949,0.440809968847352,0.965785381026439,0.362951807228916,0.364217252396166,0.96319018404908,0.356164383561644,0.964017991004498,0.959028831562974,0.29922480620155,0.536253776435045,0.96984126984127,0.362637362637363,0.963779527559055,0.0374251497005988,0.968,0.366306027820711,0.626356589147287,0.371517027863777,0.9546875,0.434571890145396,0.0764430577223089,0.0747663551401869,0.957746478873239,0.969453376205788,0.383177570093458,0.96594427244582,0.368340943683409,0.964230171073095,0.847328244274809,0.962235649546828,0.3696,0.9629057187017,0.960629921259842,0.963665086887836,0.965408805031447,0.381987577639752,0.956386292834891,0.36734693877551,0.219512195121951,0.964992389649924,0.355623100303951,0.963414634146341,0.350387596899225,0.0654205607476635,0.962382445141066,0.366666666666667,0.9629057187017,0.966666666666667,0.959876543209877,0.375572519083969,0.969040247678019,0.383775351014041,0.968553459119497,0.35377358490566,0.964686998394864,0.374021909233177,0.0532724505327245,0.962848297213622,0.586709886547812,0.966292134831461,0.963949843260188,0.364928909952607,0.967692307692308,0.967840735068913,0.963076923076923,0.961832061068702,0.36517719568567,0.361240310077519,0.961965134706815,0.966101694915254,0.371165644171779,0.347619047619048,0.967741935483871,0.4140625,0.619469026548673,0.0369230769230769,0.361408882082695,0.620583717357911,0.96937212863706,0.366718027734977,0.964912280701754,0.96177370030581,0.964615384615385,0.360060514372163,0.370257966616085,0.368670886075949,0.966867469879518,0.966346153846154,0.970542635658915,0.033175355450237,0.965678627145086,0.355140186915888,0.978193146417445,0.366614664586583,0.362776025236593,0.717829457364341,0.963492063492064,0.961597542242704,0.967741935483871,0.962382445141066,0.966613672496025,0.0297805642633229,0.360374414976599,0.367534456355283,0.963581183611533,0.641653905053599,0.960426179604262,0.960365853658537,0.95679012345679,0.973643410852713,0.963779527559055,0.961890243902439,0.0418604651162791,0.278115501519757,0.9629057187017,0.363924050632911,0.963607594936709,0.359447004608295,0.966412213740458,0.963836477987421,0.971653543307087,0.962382445141066,0.966666666666667,0.369085173501577,0.964723926380368,0.552959501557632,0.375776397515528,0.370257966616085,0.359937402190923,0.372274143302181,0.371294851794072,0.41390205371248,0.388802488335925,0.359013867488444,0.36697247706422,0.965045592705167,0.365203761755486,0.963022508038585,0.640122511485452,0.368098159509202,0.271341463414634,0.375193798449612,0.962264150943396,0.974763406940063,0.965354330708661,0.224137931034483,0.356707317073171,0.964560862865948,0.367088607594937,0.376701966717095,0.361934477379095,0.36687306501548,0.63125,0.965732087227414,0.36,0.35625,0.962616822429907,0.343898573692552,0.963414634146341,0.352048558421851,0.367762128325509,0.963665086887836,0.967948717948718,0.96319018404908,0.482334869431644,0.9625,0.641304347826087,0.0629685157421289,0.365325077399381,0.961656441717791,0.962204724409449,0.0717557251908397,0.374414976599064,0.378335949764521,0.967793880837359,0.968798751950078,0.356143079315708,0.0371517027863777,0.0422535211267606,0.957142857142857,0.965189873417722,0.384848484848485,0.967391304347826,0.963855421686747,0.35660091047041,0.968895800933126,0.958268933539413,0.358346094946401,0.963893249607535,0.964506172839506,0.966867469879518,0.963246554364472,0.367534456355283,0.351963746223565,0.377207062600321,0.964006259780908,0.96551724137931,0.622900763358779,0.360062893081761,0.972843450479233,0.362385321100917,0.351937984496124,0.969650986342944,0.963525835866261,0.961948249619482,0.962264150943396,0.958588957055215,0.368827160493827,0.9609375,0.959814528593508,0.0780254777070064,0.381316998468606,0.474842767295597,0.356576862123613,0.6234375,0.370257966616085,0.961948249619482,0.360374414976599,0.378504672897196,0.221020092735703,0.363774733637747,0.965785381026439,0.370870870870871,0.968404423380727,0.963836477987421,0.967592592592593,0.36150234741784,0.359567901234568,0.97191887675507,0.945686900958466,0.0393700787401575,0.966453674121406,0.363354037267081,0.363924050632911,0.364485981308411,0.963258785942492,0.374045801526718,0.43343653250774,0.37037037037037,0.359567901234568,0.361904761904762,0.34984520123839,0.963302752293578,0.371653543307087,0.961538461538462,0.965463108320251,0.0329153605015674,0.961965134706815,0.356143079315708,0.96583850931677,0.96937212863706,0.966292134831461,0.369668246445498,0.963358778625954,0.36734693877551,0.96078431372549,0.86687306501548,0.964669738863287,0.956112852664577,0.958966565349544,0.355384615384615,0.966876971608833,0.959183673469388,0.363777089783282,0.356037151702786,0.96583850931677,0.959247648902821,0.369631901840491,0.160550458715596,0.959935897435897,0.965891472868217,0.960244648318043,0.0337941628264209,0.358044164037855,0.964458804523425,0.359013867488444,0.215408805031447,0.968798751950078,0.629402756508423,0.483383685800604,0.960191082802548,0.965785381026439,0.618834080717489,0.650769230769231,0.396604938271605,0.964885496183206,0.365891472868217,0.962264150943396,0.966453674121406,0.378335949764521,0.960183767228178,0.9640625,0.0373831775700935,0.376175548589342,0.964451313755796,0.968404423380727,0.37245696400626,0.959938366718028,0.96998420221169,0.361669242658423,0.312989045383412,0.962204724409449,0.964560862865948,0.965678627145086,0.582181259600614,0.358895705521472,0.381102362204724,0.366366366366366,0.375379939209726,0.639370078740157,0.382882882882883,0.376146788990826,0.367283950617284,0.207430340557276,0.373417721518987,0.963246554364472,0.364188163884674,0.964451313755796,0.35981308411215,0.0594512195121951,0.0410958904109589,0.961538461538462,0.963020030816641,0.0295031055900621,0.964856230031949,0.642089093701997,0.0373250388802488,0.0391236306729265,0.960183767228178,0.627906976744186,0.96594427244582,0.958397534668721,0.528481012658228,0.964560862865948,0.0346456692913386,0.0558213716108453,0.970219435736677,0.962349397590361,0.964230171073095,0.36817472698908,0.6,0.645528455284553,0.958461538461538,0.962848297213622,0.97542242703533,0.352307692307692,0.315457413249211,0.963020030816641,0.349761526232114,0.963020030816641,0.429892141756549,0.0716510903426791,0.353395061728395,0.365151515151515,0.377265238879736,0.968036529680365,0.0559757942511346,0.959398496240601,0.956591639871383,0.962732919254658,0.222052067381317,0.376395534290271,0.962264150943396,0.366771159874608,0.965023847376789,0.966719492868463,0.358346094946401,0.968404423380727,0.367164179104478,0.964560862865948,0.349453978159126,0.36875,0.969183359013868,0.626959247648903,0.359516616314199,0.961479198767334,0.364632237871674,0.807339449541284,0.363636363636364,0.127659574468085,0.361861861861862,0.82018927444795,0.359055118110236,0.962204724409449,0.374608150470219,0.37904468412943,0.347094801223242,0.969088098918083,0.967136150234742,0.965204236006051,0.9744,0.308681672025723,0.966101694915254,0.362776025236593,0.966101694915254,0.362179487179487,0.367781155015198,0.959438377535101,0.965299684542587,0.963525835866261,0.939721792890263,0.966309341500766,0.356060606060606,0.371875,0.96594427244582,0.973186119873817,0.040625,0.0646687697160883,0.962382445141066,0.960691823899371,0.367834394904459,0.964341085271318,0.964992389649924,0.367029548989114,0.966346153846154,0.961059190031153,0.634556574923547,0.490196078431373,0.970358814352574,0.0358744394618834,0.962848297213622,0.963246554364472,0.0682852807283763,0.368012422360248,0.967084639498433,0.371340523882897,0.969135802469136,0.9796875,0.967238689547582,0.858024691358025,0.969040247678019,0.371428571428571,0.964451313755796,0.968102073365231,0.961904761904762,0.0363086232980333,0.36038961038961,0.968253968253968,0.958966565349544,0.621495327102804,0.958715596330275,0.3625,0.41185647425897,0.368584758942457,0.969650986342944,0.969465648854962,0.960815047021944,0.0630769230769231,0.357594936708861,0.0638977635782748,0.975,0.357798165137615,0.346969696969697,0.403453689167975,0.0377952755905512,0.967032967032967,0.9796875,0.961538461538462,0.966205837173579,0.373626373626374,0.349013657056146,0.127329192546584,0.0282131661442006,0.371294851794072,0.360374414976599,0.378461538461538,0.0317460317460317,0.363494539781591,0.968036529680365,0.0350076103500761,0.365151515151515,0.96583850931677,0.961479198767334,0.965571205007825,0.36687306501548,0.364599092284418,0.022508038585209,0.966101694915254,0.366771159874608,0.357686453576865,0.959938366718028,0.962732919254658,0.367851622874807,0.650406504065041,0.966772151898734,0.961119751166407,0.640502354788069,0.966565349544073,0.355083459787557,0.958795562599049,0.35981308411215,0.474006116207951,0.628012048192771,0.391830559757943,0.966101694915254,0.346504559270517,0.361538461538462,0.63482280431433,0.620426829268293,0.962441314553991,0.368827160493827,0.962382445141066,0.36500754147813,0.967238689547582,0.36547433903577,0.362204724409449,0.3950233281493,0.522342064714946,0.3734375,0.358814352574103,0.622641509433962,0.366003062787136,0.120772946859903,0.968553459119497,0.029320987654321,0.966049382716049,0.344391785150079,0.965189873417722,0.036979969183359,0.368012422360248,0.368670886075949,0.957680250783699,0.0419790104947526,0.970542635658915,0.0660377358490566,0.385335413416537,0.967542503863988,0.0508474576271186,0.62111801242236,0.964506172839506,0.967391304347826,0.967889908256881,0.350961538461538,0.0346907993966818,0.964723926380368,0.477379095163807,0.0746031746031746,0.410138248847926,0.366564417177914,0.371165644171779,0.9629057187017,0.97007874015748,0.963665086887836,0.96937212863706,0.964669738863287,0.0515151515151515,0.955927051671733,0.637480798771121,0.039039039039039,0.372128637059724,0.96583850931677,0.965625,0.965408805031447,0.967741935483871,0.0633693972179289,0.368098159509202,0.971212121212121,0.968454258675079,0.966719492868463,0.96551724137931,0.963302752293578,0.962558502340094,0.443768996960486,0.0235478806907378,0.965678627145086,0.0591805766312595,0.363354037267081,0.401869158878505,0.964341085271318,0.443561208267091,0.353130016051364,0.364471669218989,0.961479198767334,0.0308166409861325,0.368340943683409,0.96319018404908,0.961059190031153,0.41692789968652,0.363076923076923,0.355038759689922,0.364365971107544,0.965204236006051,0.376377952755906,0.368258859784284,0.409090909090909,0.368992248062016,0.977134146341463,0.356269113149847,0.0600315955766193,0.372093023255814,0.0324074074074074,0.963020030816641,0.0677165354330709,0.35423197492163,0.368258859784284,0.369668246445498,0.970858895705521,0.968992248062015,0.960127591706539,0.965678627145086,0.961783439490446,0.966824644549763,0.378548895899054,0.964615384615385,0.365740740740741,0.361486486486487,0.595054095826893,0.628164556962025,0.96177370030581,0.959501557632399,0.0276073619631902,0.366261398176292,0.0900763358778626,0.969558599695586,0.0283464566929134,0.964230171073095,0.9648,0.361635220125786,0.957746478873239,0.961102106969206,0.615141955835962,0.414556962025316,0.958271236959762,0.0617088607594937,0.0717703349282297,0.966049382716049,0.965732087227414,0.965571205007825,0.0640625,0.0309119010819165,0.359877488514548,0.470588235294118,0.366412213740458,0.0358208955223881,0.381933438985737,0.0621019108280255,0.959627329192547,0.961965134706815,0.36280487804878,0.370942812982998,0.215748031496063,0.380503144654088,0.364471669218989,0.363076923076923,0.97045101088647,0.970769230769231,0.367924528301887,0.96551724137931,0.032258064516129,0.968798751950078,0.194267515923567,0.963722397476341,0.623255813953488,0.961360123647604,0.3625,0.3504,0.0474732006125574,0.629457364341085,0.966205837173579,0.968503937007874,0.742236024844721,0.862681744749596,0.363067292644757,0.360501567398119,0.965996908809892,0.365054602184087,0.224489795918367,0.369255150554675,0.96390977443609,0.0681114551083591,0.959501557632399,0.968652037617555,0.367283950617284,0.626749611197512,0.352574102964119,0.966453674121406,0.973478939157566,0.349013657056146,0.358895705521472,0.360482654600302,0.851330203442879,0.370542635658915,0.958588957055215,0.0353302611367127,0.967391304347826,0.96513470681458,0.650695517774343,0.59375,0.371610845295056,0.0387596899224806,0.373228346456693,0.966666666666667,0.969745222929936,0.350078492935636,0.37245696400626,0.583333333333333,0.965996908809892,0.353302611367127,0.376722817764165,0.356589147286822,0.943425076452599,0.443759630200308,0.0367534456355283,0.355283307810107,0.371428571428571,0.368839427662957,0.353312302839117,0.362951807228916,0.931818181818182,0.962848297213622,0.359253499222395,0.494435612082671,0.636220472440945,0.207430340557276,0.646203554119548,0.968102073365231,0.366459627329193,0.0390015600624025,0.375384615384615,0.357251908396947,0.351309707241911,0.376175548589342,0.0341614906832298,0.379256965944272,0.365625,0.371294851794072,0.356374807987711
"34",0.2914653784219,0.310725552050473,0.310126582278481,0.316535433070866,0.309968847352025,0.302547770700637,0.0176565008025682,0.318681318681319,0.3109375,0.581699346405229,0.313178294573643,0.643302180685358,0.512461059190031,0.315625,0.996810207336523,0.995297805642633,0.619195046439629,0.00494233937397035,0.321656050955414,0.295238095238095,0.995297805642633,0.995305164319249,0.315301391035549,0.52373417721519,0.308510638297872,0.996894409937888,0.996794871794872,0.333865814696486,0.298600311041991,0.513556618819777,0.995290423861852,0.581648522550544,0.353582554517134,1,0.674565560821485,0.316129032258064,0.135860979462875,0.320433436532508,0.995426829268293,0.303738317757009,0.00315457413249211,0.00314465408805031,0.00309597523219814,0.320754716981132,0.3104,0.995245641838352,0.998412698412698,0.995356037151703,0.996899224806202,0.996913580246914,0.690625,0.328571428571429,0.996908809891808,0.321316614420063,0.302003081664099,0.822222222222222,0.1171875,0.310832025117739,0.31201248049922,0.31924882629108,0.99375,0.996805111821086,0.995207667731629,0.00475435816164818,0.310177705977383,0.313664596273292,0.666666666666667,0.313385826771654,0.618618618618619,0.996932515337423,0.306027820710974,0.995334370139969,0.996768982229402,0.272873194221509,0.160377358490566,0.31306990881459,0.995334370139969,0.996937212863706,0.321372854914197,0.996774193548387,0.620578778135048,0.996805111821086,0.995275590551181,0.320987654320988,0.998439937597504,0.314329738058552,0.30829420970266,0.324492979719189,0.311111111111111,0.0046875,0.314375987361769,0.317484662576687,0.69435736677116,0.598755832037325,0.312399355877617,0.640791476407915,0.684952978056426,0.31055900621118,0.124595469255663,0.00156985871271586,0.308056872037915,0.626373626373626,0.996865203761755,0.313213703099511,0.995215311004785,0.315286624203822,0.00317965023847377,0.317829457364341,0.995260663507109,0.996894409937888,0.995305164319249,0.302066772655008,0.996884735202492,0.316037735849057,0.2,0.306625577812018,0.998430141287284,0.385448916408669,0.995391705069124,0.996825396825397,0.202194357366771,0.315457413249211,0.996908809891808,0.995290423861852,0.323529411764706,0.995341614906832,0.310240963855422,0.304675716440422,0.375786163522013,0.767228177641654,0.319218241042345,0.996865203761755,0.322734499205087,0.641025641025641,0.328502415458937,0.995356037151703,0.00461538461538462,0.998449612403101,0.368584758942457,0.880258899676375,0.596825396825397,0.611727416798732,0.315789473684211,0.321027287319422,0.995268138801262,0.305511811023622,0.996941896024465,0.301587301587302,0.505409582689335,0.317411402157165,0.996805111821086,0.29570747217806,0.316558441558442,0.312903225806452,0.317460317460317,0.9953125,0.303937007874016,0.995153473344103,0.43613707165109,0.317262830482115,0.996879875195008,0.314900153609831,0.995341614906832,0.595541401273885,0.310015898251192,0.995215311004785,0.313971742543171,0.313846153846154,0.32182103610675,0.990783410138249,0.31875,0.998420221169036,0.323151125401929,0.996825396825397,0.304838709677419,0.996810207336523,0.603125,0.294670846394984,0.0324149108589951,0.298107255520505,0.311501597444089,0.995245641838352,0.297674418604651,0.314873417721519,0.314152410575428,0.321316614420063,0.996825396825397,0.996923076923077,0.318770226537217,0.317535545023697,0.99537037037037,0.996860282574568,0.316118935837246,0.236024844720497,0.018018018018018,0.699367088607595,0.998430141287284,0.00315955766192733,0.310872894333844,0.995356037151703,0.325842696629214,0.306625577812018,0.30564263322884,0.995268138801262,0.998461538461539,0.996779388083736,0.32312404287902,0.311183144246353,0.307098765432099,0.682258064516129,0.304212168486739,0.995297805642633,0.332807570977918,0.99685534591195,0.99685534591195,0.445497630331754,0.318471337579618,0.313971742543171,0.321044546850998,0.295418641390205,0.31139646869984,0.648522550544324,0.996805111821086,0.996875,0.30568356374808,0.0046801872074883,0.318952234206472,0.30568356374808,0.314375987361769,0.30188679245283,0.300314465408805,0.307692307692308,0.699537750385208,0.38006230529595,0.296411856474259,0.9984,0.314696485623003,0.995297805642633,0.304482225656878,0.305511811023622,0.302003081664099,0.320512820512821,0.303514376996805,0.996860282574568,0.310664605873261,0.794628751974723,0.995283018867924,0.996937212863706,0.996794871794872,0.995245641838352,0.995297805642633,0.894651539708266,0.995268138801262,0.995334370139969,0.998439937597504,0.315870570107858,0.995245641838352,0.317230273752013,0.00311526479750779,0.995283018867924,0.390505359877489,0.995253164556962,0.322834645669291,0.32018927444795,0.300940438871473,0.426100628930818,0.995327102803738,0.312788906009245,0.995222929936306,0.996941896024465,0.996815286624204,0.995268138801262,0.0015552099533437,0.307692307692308,0.9953125,0.996835443037975,0.315286624203822,0.998387096774194,0.318952234206472,0.995384615384615,0.996865203761755,0.300314465408805,0.314194577352472,0.3,0.14576802507837,0.316211878009631,0.0046801872074883,0.604261796042618,0.99685534591195,0.320493066255778,0.315873015873016,0.587596899224806,0.9953125,0.995260663507109,0.323624595469256,0.330143540669856,0.996845425867508,0.659409020217729,0.705977382875606,0.290996784565916,0.307814992025518,0.992389649923896,0.32120253164557,0.305471124620061,0.995363214837713,0.31201248049922,0.299236641221374,0.998435054773083,0.300319488817891,0.312893081761006,0.311728395061728,0.315457413249211,0.996904024767802,0.996937212863706,0.998371335504886,0.30503144654088,0.319620253164557,0.0109717868338558,0.995290423861852,0.32,0.998463901689708,0.996835443037975,0.301857585139319,0.318952234206472,0.297339593114241,0.310618066561014,0.308777429467085,0.996860282574568,0.306477093206951,0.306962025316456,0.578025477707006,0.996913580246914,0.829307568438003,0.996820349761526,0.0047244094488189,0.996899224806202,0.318112633181126,0.995253164556962,0.996850393700787,0.422291993720565,0.996870109546166,0.313001605136437,0.996932515337423,0.304897314375987,0.302325581395349,0.305426356589147,0.996845425867508,0.995384615384615,0.316692667706708,0.393148450244698,0.6128,0.293739967897271,0.99537037037037,0.996784565916399,0.998417721518987,0.323717948717949,0.995412844036697,0.211180124223602,0.99685534591195,0.995348837209302,0.996763754045307,0.996774193548387,0.315217391304348,0.996820349761526,0.313408723747981,0.323854660347551,0.676609105180534,0.299840510366826,0.996825396825397,0.320373250388802,0.314674735249622,0.309562398703404,0.995222929936306,0.302891933028919,0.995222929936306,0.313846153846154,0.481366459627329,0.313479623824451,0.321951219512195,0.306976744186047,0.996884735202492,0.319620253164557,0.306581059390048,0.996835443037975,0.998427672955975,0.320813771517997,0.306477093206951,0.996870109546166,0.482758620689655,0.306581059390048,0.320813771517997,0.324074074074074,0.690513219284603,0.995184590690209,0.281967213114754,0.995305164319249,0.422893481717011,0.305379746835443,0.0031055900621118,0.872503840245776,0.315873015873016,0.315955766192733,0.00301659125188537,0.0346456692913386,0.984251968503937,0.31378763866878,0.995319812792512,0.311811023622047,0.301794453507341,0.996835443037975,0.319620253164557,0.306729264475743,0.672360248447205,0.998432601880878,0.314641744548287,0.320063694267516,0.996810207336523,0.313084112149533,0.3,0.99685534591195,0.347962382445141,0.3104,0.312788906009245,0.326498422712934,0.796850393700787,0.996879875195008,0.979559748427673,0.995440729483283,0.995348837209302,0.00627943485086342,0.996937212863706,0.996875,0.996894409937888,0.438985736925515,0.998405103668262,0.301684532924962,0.996932515337423,0.317460317460317,0.998459167950693,0.610687022900763,0.632398753894081,0.317757009345794,0.30568356374808,0.644094488188976,0.317307692307692,0.00460122699386503,0.628164556962025,0.684458398744113,0.322530864197531,0.00463678516228748,0.309148264984227,0.300157977883096,0.773162939297125,0.31974921630094,0.690993788819876,0.604575163398693,0.307448494453249,0.308166409861325,0.29393468118196,0.996820349761526,0.024024024024024,0.00485436893203883,0.306853582554517,0.32807570977918,0.323574730354391,0.996879875195008,0.3390625,0.308426073131955,0.995275590551181,0.306625577812018,0.936608557844691,0.576243980738363,0.996865203761755,0.996937212863706,0.998347107438017,0.316998468606432,0.619783616692427,0.317411402157165,0.311004784688995,0.308777429467085,0.429230769230769,0.995253164556962,0.300940438871473,0.995275590551181,0.311074918566775,0.317460317460317,0.995348837209302,0.311004784688995,0.995447647951442,0.31687898089172,0.996830427892235,0.995238095238095,0.322981366459627,0.0015748031496063,0.995405819295559,0.318885448916409,0.998394863563403,0.552922590837283,0.995447647951442,0.510172143974961,0.995495495495496,0.549141965678627,0.995222929936306,0.311501597444089,0.998432601880878,0.996879875195008,0.995348837209302,0.304897314375987,0.316211878009631,0.314503816793893,0.334943639291465,0.338333333333333,0.304075235109718,0.996794871794872,0.318818040435459,0.995073891625616,0.995363214837713,0.320251177394035,0.310789049919485,0.309968847352025,0.382945736434109,0.317073170731707,0.996889580093313,0.996894409937888,0.31974921630094,0.314873417721519,0.636650868878357,0.603833865814696,0.309486780715397,0.30379746835443,0.995145631067961,0.3,0.314503816793893,0.993690851735016,0.308319738988581,0.309968847352025,0.00470957613814757,0.137984496124031,0.310725552050473,0.689189189189189,0.308176100628931,0.318818040435459,0.602782071097372,0.993779160186625,0.307568438003221,0.998442367601246,0.305511811023622,0.348367029548989,0.310725552050473,0.473520249221184,0.31378763866878,0.995153473344103,0.316455696202532,0.319935691318328,0.324237560192616,0.686728395061728,0.996710526315789,0.322115384615385,0.314900153609831,0.00479233226837061,0.316692667706708,0.996845425867508,0.949843260188088,0.995260663507109,0.310344827586207,0.3198127925117,0.307073954983923,0.598145285935085,0.9953125,0.606451612903226,0.330658105939005,0.996875,0.99537037037037,0.967136150234742,0.685126582278481,0.316535433070866,0.352755905511811,0.313084112149533,0.312788906009245,0.996830427892235,0.996960486322188,0.511700468018721,0.640575079872205,0.995283018867924,0.995215311004785,0.996889580093313,0.689984101748808,0.995327102803738,0.32258064516129,0.689167974882261,0.995341614906832,0.31924882629108,0.304,0.309859154929577,0.998459167950693,0.996969696969697,0.647634584013051,0.316118935837246,0.995283018867924,0.996918335901387,0.313572542901716,0.307332293291732,0.998430141287284,0.00325732899022801,0.305863708399366,0.304416403785489,0.00469483568075117,0.307931570762053,0.996899224806202,0.309294871794872,0.995297805642633,0.141538461538462,0.0031104199066874,0.896604938271605,0.314873417721519,0.996941896024465,0.995341614906832,0.00467289719626168,0.00465116279069767,0.31875,0.995334370139969,0.317307692307692,0.996941896024465,0.299212598425197,0.996825396825397,0.995245641838352,0.961715160796325,0.775541795665635,0.998407643312102,0.996820349761526,0.0031496062992126,0.996889580093313,0.529215358931553,0.3184,0.677469135802469,0.317683881064163,0.996840442338073,0.30173775671406,0.68362480127186,0.998415213946117,0.998405103668262,0.302100161550889,0.629518072289157,0.325508607198748,0.596244131455399,0.971246006389776,0.325434439178515,0.611635220125786,0.0123456790123457,0.30829420970266,0.313479623824451,0.321044546850998,0.996732026143791,0.646604938271605,0.307692307692308,0.887658227848101,0.594637223974763,0.970588235294118,0.995319812792512,0.996923076923077,0.30829420970266,0.328455284552846,0.29951690821256,0.307086614173228,0.314152410575428,0.624233128834356,0.299382716049383,0.00312989045383412,0.680241327300151,0.998454404945904,0.326498422712934,0.305732484076433,0.316129032258064,0.318461538461538,0.613953488372093,0.995398773006135,0.32312404287902,0.333863275039746,0.326465927099842,0.31104199066874,0.3125,0.308306709265176,0.193893129770992,0.685714285714286,0.319620253164557,0.613846153846154,0.996870109546166,0.249612403100775,0.317610062893082,0.923809523809524,0.995121951219512,0.995319812792512,0.308056872037915,0.639876352395672,0.995356037151703,0.309119010819165,0.296178343949045,0.957345971563981,0.996865203761755,0.9953125,0.998384491114701,0.315789473684211,0.996820349761526,0.99537037037037,0.896440129449838,0.996870109546166,0.342064714946071,0.995363214837713,0.604838709677419,0.996870109546166,0.671296296296296,0.300632911392405,0.613458528951487,0.995268138801262,0.996830427892235,0.992163009404389,0.320121951219512,0.316770186335404,0.312,0.315955766192733,0.31687898089172,0.322222222222222,0.985645933014354,0.310236220472441,0.996879875195008,0.995008319467554,0.722480620155039,0.00480769230769231,0.316923076923077,0.312693498452012,0.687211093990755,0.996937212863706,0.576619273301738,0.317484662576687,0.6546875,0.307086614173228,0.311688311688312,0.996830427892235,0.302507836990596,0.306156405990017,0.690208667736758,0.904376012965964,0.321266968325792,0.619651347068146,0.586854460093897,0.327160493827161,0.320574162679426,0.298600311041991,0.602825745682888,0.682027649769585,0.998432601880878,0.900473933649289,0.995384615384615,0.674884437596302,0.99837925445705,0.6016,0.315457413249211,0.313915857605178,0.99537750385208,0.996904024767802,0.4375,0.99673735725938,0.996908809891808,0.996908809891808,0.305863708399366,0.319182389937107,0.9984,0.308510638297872,0.687010954616588,0.329635499207607,0.470774091627172,0.293929712460064,0.00313479623824451,0.305426356589147,0.995268138801262,0.995184590690209,0.608490566037736,0.0060790273556231,0.318110236220472,0.315873015873016,0.0993589743589744,0.418831168831169,0.996805111821086,0.995238095238095,0.302795031055901,0.99685534591195,0.427892234548336,0.996815286624204,0.32370820668693,0.591836734693878,0.319182389937107,0.315955766192733,0.995319812792512,0.00483870967741936,1,0.301612903225806,0.313291139240506,0.998452012383901,0.995319812792512,0.996927803379416,0.442675159235669,0.996779388083736,0.311811023622047,0.624413145539906,0.328025477707006,0.316045380875203,0.00473186119873817,0.0365079365079365,0.996747967479675,0.638932496075353,0.998412698412698,0.32093023255814,0.3248,0.995268138801262,0.996899224806202,0.164576802507837,0.310077519379845,0.995412844036697,0.892638036809816,0.996870109546166,0.318181818181818,0.198425196850394,0.670278637770898,0.995348837209302,0.998482549317147,0.995245641838352,0.996805111821086,0.995405819295559,0.280431432973806,0.299065420560748,0.9953125,0.115942028985507,0.00470957613814757,0.455538221528861,0.0033003300330033,0.319182389937107,0.996879875195008,0.681962025316456,0.996889580093313,0.996937212863706,0.894009216589862,0.996840442338073,0.683641975308642,0.996845425867508,0.995253164556962,0.9984,0.998430141287284
"35",0,0,0,0,0,0,0.303079416531605,0,0,0.915171288743883,0,0.960998439937597,0.169059011164274,0,0.668253968253968,0.6765625,0.948356807511737,0.327814569536424,0,0,0.695859872611465,0.675762439807384,0,0.8608,0,0.663507109004739,0.668284789644013,0,0,0.207395498392283,0.673469387755102,0.253164556962025,0.0356037151702786,0.674565560821485,1,0,0.477777777777778,0,0.689335394126739,0,0.349529780564263,0.332810047095761,0.32258064516129,0,0,0.669341894060995,0.668269230769231,0.673405909797823,0.660910518053375,0.658986175115207,1,0,0.672926447574335,0,0,0.486356340288925,0.453525641025641,0,0,0,0.647604327666152,0.66877971473851,0.666139240506329,0.328525641025641,0,0,0.968253968253968,0,0.954682779456193,0.6625,0,0.664012738853503,0.655394524959742,0.0304,0.510172143974961,0,0.680981595092024,0.644305772230889,0,0.666666666666667,0.92258064516129,0.649762282091918,0.655608214849921,0,0.6484375,0,0,0,0,0.319685039370079,0,0,1,0.908668730650155,0,0.961832061068702,1,0,0.446078431372549,0.339116719242902,0,0.956869009584665,0.670382165605096,0,0.674641148325359,0,0.331761006289308,0,0.673015873015873,0.664050235478807,0.6671875,0,0.661949685534591,0,0.533333333333333,0,0.677725118483412,0.70606531881804,0.659509202453988,0.671361502347418,0.536624203821656,0,0.660990712074303,0.67258064516129,0,0.677570093457944,0,0,0.677830940988836,0.452599388379205,0,0.671949286846276,0,0.966463414634146,0,0.672811059907834,0.339652448657188,0.655226209048362,0.0585443037974684,0.567434210526316,0.908227848101266,0.912420382165605,0,0,0.654516640253566,0,0.668188736681887,0,0.178125,0,0.66025641025641,0,0,0,0,0.654952076677316,0,0.666131621187801,0.753105590062112,0,0.679566563467492,0,0.677621283255086,0.9248,0,0.672077922077922,0,0,0,0.652307692307692,0,0.658227848101266,0,0.676056338028169,0,0.670866141732283,0.933753943217666,0,0.37156704361874,0,0,0.6645056726094,0,0,0,0,0.663492063492063,0.677966101694915,0,0,0.6671875,0.670364500792393,0,0.562998405103668,0.343939393939394,1,0.662519440124417,0.34585289514867,0,0.662519440124417,0,0,0,0.665086887835703,0.661490683229814,0.664516129032258,0,0,0,1,0,0.67862969004894,0.0187793427230047,0.663446054750403,0.670926517571885,0.2625,0,0,0,0,0,0.963949843260188,0.669329073482428,0.656200941915228,0,0.332307692307692,0,0,0.00158982511923688,0,0,0,1,0.693009118541033,0,0.682926829268293,0,0.683229813664596,0,0,0,0,0,0.660347551342812,0,0.478896103896104,0.665086887835703,0.652582159624413,0.669354838709677,0.666666666666667,0.658730158730159,0.565217391304348,0.654458598726115,0.675118858954041,0.670364500792393,0,0.66347687400319,0,0.327102803738318,0.667192429022082,0.6890625,0.6513470681458,0,0,0,0.742496050552923,0.673469387755102,0,0.662974683544304,0.657407407407407,0.676656151419558,0.660990712074303,0.330683624801272,0,0.666144200626959,0.669856459330144,0,0.683441558441558,0,0.675465838509317,0.670886075949367,0,0,0,0.477917981072555,0,0.327073552425665,0.929878048780488,0.661904761904762,0,0,0.916279069767442,0.664615384615385,0.650641025641026,0,0,0.684292379471229,0.984326018808777,1,0,0,0.656488549618321,0.00156985871271586,0,0.67192429022082,0,0,0.672413793103448,0,0,0,0,0.658227848101266,0.671802773497689,0.657980456026059,0,0,0.337480559875583,0.66877971473851,0,0.672360248447205,0.688888888888889,0,0,0,0,0,0.662480376766091,0,0,0.900641025641026,0.653250773993808,0.50547730829421,0.670988654781199,0.344339622641509,0.667185069984448,0,0.673015873015873,0.654028436018957,0.753125,0.667701863354037,0,0.6609375,0,0,0,0.6736,0.6609375,0,0.060655737704918,0.945161290322581,0,0.672897196261682,0.66131621187801,0.6768,0,0.659937888198758,0.547318611987382,0.665109034267913,0.678913738019169,0.672638436482085,0.674015748031496,0,0.661392405063291,0,0,1,0,0.668253968253968,0,0,0,0.655007949125596,0,0.677884615384615,0,0.156645569620253,0,0,0,0.666149068322981,0,0,0.675078864353312,0.672413793103448,0,0,0.674491392801252,0.819905213270142,0,0,0,1,0.671497584541063,0,0.677215189873418,0.762738853503185,0,0.337007874015748,0.54434250764526,0,0,0.337858220211161,0.304416403785489,0.637362637362637,0,0.667197452229299,0,0,0.652448657187994,0,0,0.9968,0.668769716088328,0,0,0.66504854368932,0,0,0.670418006430868,0.677469135802469,0,0,0,0.45511811023622,0.680124223602484,0.640502354788069,0.666666666666667,0.652037617554859,0.3264,0.660990712074303,0.661949685534591,0.66875,0.766823161189358,0.664526484751204,0,0.667687595712098,0,0.671339563862928,0.928462709284627,0.957680250783699,0,0,0.966719492868463,0,0.329754601226994,0.965023847376789,0.993548387096774,0,0.334883720930233,0,0,0.450079239302694,0,1,0.94408945686901,0,0,0,0.662884927066451,0.365413533834586,0.331136738056013,0.00783699059561128,0,0.0111464968152866,0.674491392801252,0.675675675675676,0,0.6957928802589,0,0.613707165109034,0.907766990291262,0.685534591194969,0.670788253477589,0.648739495798319,0,0.932515337423313,0,0,0,0.74922600619195,0.664546899841017,0,0.661367249602544,0,0,0.678627145085803,0,0.66156202143951,0,0.67205169628433,0.667726550079491,0,0.334905660377358,0.673343605546995,0,0.6672,0.210852713178295,0.676425269645609,0.855365474339036,0.669195751138088,0.209779179810726,0.680511182108626,0,0.661367249602544,0.646604938271605,0.693023255813954,0,0,0,0.0244299674267101,0.674917491749175,0,0.656910569105691,0,0.663907284768212,0.669724770642202,0,0,0,0.0713153724247227,0,0.676970633693972,0.669796557120501,0,0,0.96260162601626,0.933649289099526,0,0,0.678343949044586,0,0,0.679245283018868,0,0,0.335949764521193,0.483920367534456,0,1,0,0,0.914373088685015,0.667701863354037,0,0.667192429022082,0,0.028892455858748,0,0.170846394984326,0,0.656401944894652,0,0,0,1,0.67483660130719,0,0,0.343260188087774,0,0.67304625199362,0.627358490566038,0.672360248447205,0,0,0,0.916795069337442,0.662379421221865,0.925806451612903,0,0.676100628930818,0.677570093457944,0.627145085803432,1,0,0.0347003154574132,0,0,0.661835748792271,0.686028257456829,0.847376788553259,0.96551724137931,0.668238993710692,0.671361502347418,0.657320872274143,1,0.666141732283465,0,1,0.668217054263566,0,0,0,0.6640625,0.670769230769231,0.969205834683955,0,0.676100628930818,0.67398119122257,0,0,0.667194928684628,0.311897106109325,0,0,0.313880126182965,0,0.674922600619195,0,0.667711598746082,0.489859594383775,0.340490797546012,0.588325652841782,0,0.686153846153846,0.67244094488189,0.3328,0.345679012345679,0,0.661466458658346,0,0.666156202143951,0,0.666129032258065,0.676848874598071,0.623604465709729,0.471138845553822,0.6704,0.675806451612903,0.356466876971609,0.673405909797823,0.864686468646865,0,1,0,0.689710610932476,0,1,0.666666666666667,0.673633440514469,0,0.952815829528158,0,0.918918918918919,0.640449438202247,0,0.948194662480377,0.351648351648352,0,0,0,0.672667757774141,0.965571205007825,0,0.556618819776715,0.920711974110032,0.634108527131783,0.663608562691132,0.657320872274143,0,0,0,0,0,0.944869831546707,0.0031201248049922,0.327044025157233,1,0.667711598746082,0,0,0,0,0.92246835443038,0.667711598746082,0,0,0,0,0,0,0.531684698608965,1,0,0.927469135802469,0.660377358490566,0.570754716981132,0,0.583061889250814,0.672727272727273,0.67244094488189,0,0.968602825745683,0.672333848531685,0,0,0.614767255216693,0.673946957878315,0.679245283018868,0.666131621187801,0,0.659163987138264,0.67032967032967,0.579617834394904,0.670364500792393,0.0231839258114374,0.677966101694915,0.930194805194805,0.656200941915228,1,0,0.922098569157393,0.680129240710824,0.670866141732283,0.665605095541401,0,0,0,0,0,0,0.645669291338583,0,0.671474358974359,0.666107382550336,0.39047619047619,0.329563812600969,0,0,1,0.671779141104294,0.8890625,0,0.971428571428571,0,0,0.671361502347418,0,0,0.363779527559055,0.584935897435897,0.00300751879699248,0.931309904153355,0.912140575079872,0,0,0,0.924882629107981,1,0.667706708268331,0.566666666666667,0.673946957878315,1,0.654952076677316,0.9264,0,0,0.666666666666667,0.66403785488959,0.767036450079239,0.651273885350318,0.678571428571429,0.662519440124417,0,0,0.651757188498403,0,1,0,0.786283891547049,0,0.339563862928349,0,0.669291338582677,0.677367576243981,0.937402190923318,0.337519623233909,0,0,0.215873015873016,0.102141680395387,0.667741935483871,0.668810289389068,0,0.663446054750403,0.75,0.6704,0,0.906396255850234,0,0,0.665620094191523,0.338141025641026,0.673633440514469,0,0,0.685446009389671,0.68025078369906,0.66304347826087,0.139423076923077,0.673633440514469,0,0.952904238618524,0,0,0.319314641744548,0.365930599369085,0.660655737704918,0.955696202531646,0.662420382165605,0,0,0.675590551181102,0.658227848101266,0.390357698289269,0,0.671899529042386,0.629457364341085,0.673501577287066,0.0124804992199688,0.539837398373984,0.99685534591195,0.682316118935837,0.663594470046083,0.656451612903226,0.670988654781199,0.667697063369397,0.0293663060278207,0,0.669254658385093,0.466988727858293,0.332794830371567,0.770440251572327,0.332792207792208,0,0.658267716535433,0.996870109546166,0.655608214849921,0.66875,0.634945397815913,0.661927330173776,1,0.653061224489796,0.662939297124601,0.667197452229299,0.671428571428571
"36",1,1,1,1,1,1,0.710659898477157,1,1,0.106060606060606,1,0.0492610837438424,0.804311774461028,1,0.309364548494983,0.299342105263158,0.0704918032786885,0.688888888888889,1,1,0.28995057660626,0.305,1,0.15609756097561,1,0.322061191626409,0.30952380952381,1,1,0.782244556113903,0.306188925081433,0.73095623987034,0.962722852512156,0.316129032258064,0,1,0.544861337683524,1,0.297427652733119,1,0.674380165289256,0.687296416938111,0.691813804173355,1,1,0.320066334991708,0.312913907284768,0.306188925081433,0.318181818181818,0.310509554140127,0,1,0.310965630114566,1,1,0.491694352159468,0.554828150572831,1,1,1,0.330143540669856,0.319078947368421,0.311074918566775,0.681518151815181,1,1,0.0398671096345515,1,0.0615141955835962,0.316045380875203,1,0.319672131147541,0.323283082077052,0.967905405405405,0.516447368421053,1,0.302588996763754,0.32475884244373,1,0.310116086235489,0.0929054054054054,0.32843137254902,0.320785597381342,1,0.335473515248796,1,1,1,1,0.691437802907916,1,1,0.00164203612479475,0.112561174551387,1,0.0513643659711075,0,1,0.569468267581475,0.684474123539232,1,0.0607553366174056,0.306818181818182,1,0.315359477124183,1,0.692556634304207,1,0.311258278145695,0.308943089430894,0.314516129032258,1,0.313311688311688,1,0.491961414790997,1,0.30718954248366,0.303571428571429,0.32258064516129,0.313232830820771,0.487684729064039,1,0.315533980582524,0.313953488372093,1,0.300324675324675,1,1,0.330097087378641,0.546603475513428,1,0.313915857605178,1,0.046474358974359,1,0.319218241042345,0.677471636952998,0.325041459369818,0.924466338259442,0.425894378194208,0.111111111111111,0.102479338842975,1,1,0.325463743676223,1,0.304625199362041,1,0.800322061191626,1,0.317948717948718,1,1,1,1,0.331691297208539,1,0.313659359190556,0.251223491027732,1,0.304347826086957,1,0.300163132137031,0.0919540229885057,1,0.309364548494983,1,1,1,0.324104234527687,1,0.316225165562914,1,0.293924466338259,1,0.313014827018122,0.0837359098228663,1,0.640759930915371,1,1,0.314238952536825,1,1,1,1,0.321782178217822,0.317230273752013,1,1,0.307692307692308,0.301666666666667,1,0.444262295081967,0.680379746835443,0,0.310743801652893,0.67862969004894,1,0.319422150882825,1,1,1,0.303776683087028,0.315112540192926,0.31438127090301,1,1,1,0,1,0.313232830820771,0.971854304635762,0.317434210526316,0.3136,0.749174917491749,1,1,1,1,1,0.0474631751227496,0.307308970099668,0.315702479338843,1,0.685575364667747,1,1,0.998347107438017,1,1,1,0.00485436893203883,0.31139646869984,1,0.302479338842975,1,0.29016393442623,1,1,1,1,1,0.315024232633279,1,0.495065789473684,0.321782178217822,0.314009661835749,0.297520661157025,0.320723684210526,0.323432343234323,0.41722972972973,0.319672131147541,0.311258278145695,0.310064935064935,1,0.315447154471545,1,0.694533762057878,0.303776683087028,0.304487179487179,0.322847682119205,1,1,1,0.252854812398042,0.308702791461412,1,0.309484193011647,0.31629392971246,0.3003300330033,0.314238952536825,0.689034369885434,1,0.318327974276527,0.313531353135314,1,0.295109612141653,1,0.310789049919485,0.30718954248366,1,1,1,0.542949756888169,1,0.691558441558442,0.0917721518987342,0.32516339869281,1,1,0.101141924959217,0.315359477124183,0.315345699831366,1,1,0.298217179902755,0.0246710526315789,0.0033500837520938,1,1,0.332263242375602,1,1,0.304560260586319,1,1,0.304418985270049,1,1,1,1,0.326765188834154,0.306946688206785,0.323283082077052,1,1,0.679611650485437,0.311475409836066,1,0.3072,0.293729372937294,1,1,1,1,1,0.324414715719064,1,1,0.116472545757072,0.322528363047002,0.485809682804674,0.300826446280992,0.683523654159869,0.31139646869984,1,0.309882747068677,0.32396694214876,0.263327948303716,0.309061488673139,1,0.321259842519685,1,1,1,0.299835255354201,0.310897435897436,1,0.916382252559727,0.0743801652892562,1,0.308319738988581,0.313213703099511,0.306156405990017,1,0.323051948051948,0.474025974025974,0.326298701298701,0.313014827018122,0.311336717428088,0.304857621440536,1,0.318333333333333,1,1,0,1,0.316993464052288,1,1,1,0.319078947368421,1,0.316412859560068,1,0.831987075928918,1,1,1,0.308072487644152,1,1,0.308943089430894,0.308319738988581,1,1,0.318032786885246,0.184294871794872,1,1,1,0,0.305647840531561,1,0.311074918566775,0.248764415156507,1,0.673107890499195,0.435772357723577,1,1,0.683229813664596,0.707037643207856,0.340460526315789,1,0.312602291325696,1,1,0.325,1,1,0.00993377483443709,0.322368421052632,1,1,0.319078947368421,1,1,0.305785123966942,0.339256865912762,1,1,1,0.51869918699187,0.306188925081433,0.339344262295082,0.309904153354633,0.332797427652733,0.69485903814262,0.3184,0.323432343234323,0.3,0.240131578947368,0.302364864864865,1,0.308681672025723,1,0.304700162074554,0.094551282051282,0.0531400966183575,1,1,0.042483660130719,1,0.688,0.0511551155115512,0.0115321252059308,1,0.680194805194805,1,1,0.542570951585977,1,0,0.0791245791245791,1,1,1,0.318255250403877,0.648818897637795,0.698466780238501,0.991762767710049,1,0.983633387888707,0.297697368421053,0.328925619834711,1,0.299668874172185,1,0.361247947454844,0.109612141652614,0.302287581699346,0.314102564102564,0.330464716006885,1,0.0873015873015873,1,1,1,0.259319286871961,0.321252059308072,1,0.316309719934102,1,1,0.297077922077922,1,0.311111111111111,1,0.302013422818792,0.3125,1,0.683333333333333,0.314102564102564,1,0.3,0.755775577557756,0.305732484076433,0.15927750410509,0.318840579710145,0.765676567656766,0.303839732888147,1,0.315960912052117,0.334959349593496,0.288998357963875,1,1,1,0.966044142614601,0.33955857385399,1,0.311447811447811,1,0.313356164383562,0.312399355877617,1,1,1,0.913680781758958,1,0.299837925445705,0.314332247557003,1,1,0.0535117056856187,0.090311986863711,1,1,0.306156405990017,1,1,0.311475409836066,1,1,0.687296416938111,0.538338658146965,1,0,1,1,0.10983606557377,0.313014827018122,1,0.31869918699187,1,0.962295081967213,1,0.817292006525285,1,0.321858864027539,1,1,1,0,0.305172413793103,1,1,0.673805601317957,1,0.314332247557003,0.353322528363047,0.319148936170213,1,1,1,0.0954692556634304,0.315436241610738,0.0984974958263773,1,0.303370786516854,0.3042071197411,0.340356564019449,0,1,0.951585976627713,1,1,0.317647058823529,0.300319488817891,0.162866449511401,0.0412541254125413,0.308072487644152,0.306156405990017,0.322006472491909,0.00165562913907285,0.300813008130081,1,0,0.311897106109325,1,1,1,0.312,0.310789049919485,0.0349417637271215,1,0.31063122923588,0.3056,1,1,0.313114754098361,0.700516351118761,1,1,0.694719471947195,1,0.310126582278481,1,0.315875613747954,0.529886914378029,0.672025723472669,0.4048,1,0.293650793650794,0.309061488673139,0.689210950080515,0.670418006430868,1,0.311290322580645,1,0.318471337579618,1,0.317275747508306,0.307563025210084,0.345394736842105,0.508972267536705,0.306666666666667,0.303130148270181,0.672697368421053,0.307692307692308,0.147008547008547,1,0,1,0.294416243654822,1,0,0.310743801652893,0.312186978297162,1,0.0653907496012759,1,0.0904605263157895,0.327759197324415,1,0.0699186991869919,0.675895765472313,1,1,1,0.302675585284281,0.0446570972886762,1,0.414593698175788,0.106060606060606,0.342532467532468,0.323624595469256,0.31629392971246,1,1,1,1,1,0.0700636942675159,0.995098039215686,0.690671031096563,0.00475435816164818,0.315359477124183,1,1,1,1,0.0923824959481361,0.306089743589744,1,1,1,1,1,1,0.496774193548387,0.00168067226890756,1,0.0947712418300654,0.30983606557377,0.434210526315789,1,0.389632107023411,0.308998302207131,0.300826446280992,1,0.042833607907743,0.312297734627832,1,1,0.357859531772575,0.306818181818182,0.311475409836066,0.314907872696817,1,0.315702479338843,0.313725490196078,0.409618573797678,0.311258278145695,0.971014492753623,0.301587301587302,0.0930232558139535,0.324546952224053,0,1,0.0938023450586265,0.303482587064677,0.308196721311475,0.310743801652893,1,1,1,1,1,1,0.325581395348837,1,0.314424635332253,0.305410122164049,0.597063621533442,0.682274247491639,1,1,0,0.3072,0.122950819672131,1,0.0397350993377483,1,1,0.306666666666667,1,1,0.615257048092869,0.416382252559727,0.995275590551181,0.0909090909090909,0.102439024390244,1,1,1,0.0993377483443709,0,0.310177705977383,0.406666666666667,0.314516129032258,0,0.327212020033389,0.0946843853820598,1,1,0.314696485623003,0.310344827586207,0.238562091503268,0.325,0.298360655737705,0.316720257234727,1,1,0.326086956521739,1,0,1,0.21875,1,0.67536704730832,1,0.301794453507341,0.297297297297297,0.0849673202614379,0.684887459807074,1,1,0.7893864013267,0.894017094017094,0.316053511705686,0.306291390728477,1,0.309484193011647,0.257281553398058,0.30820770519263,1,0.104838709677419,1,1,0.309446254071661,0.687813021702838,0.307563025210084,1,1,0.303079416531605,0.306581059390048,0.312101910828025,0.850249584026622,0.307046979865772,1,0.0635179153094463,1,1,0.709836065573771,0.657851239669421,0.320945945945946,0.060556464811784,0.316139767054908,1,1,0.296849087893864,0.324503311258278,0.620294599018003,1,0.294788273615635,0.370550161812298,0.305331179321486,0.984051036682616,0.479338842975207,0.00483870967741936,0.300813008130081,0.322115384615385,0.3261231281198,0.307300509337861,0.3136,0.97092084006462,1,0.319148936170213,0.563667232597623,0.685245901639344,0.239482200647249,0.700692041522491,1,0.323481116584565,0.0033112582781457,0.323481116584565,0.304918032786885,0.37785016286645,0.315,0,0.32843137254902,0.308457711442786,0.315875613747954,0.30550918196995
"37",0.561904761904762,0.542635658914729,0.5453125,0.527733755942948,0.547581903276131,0.553323029366306,0.852380952380952,0.537360890302067,0.54953560371517,0.568,0.547226386806597,0.509230769230769,0.3504,0.545023696682464,0.139240506329114,0.145110410094637,0.535321821036107,0.871794871794872,0.543035993740219,0.550925925925926,0.141975308641975,0.149443561208267,0.54337899543379,0.629513343799058,0.551671732522796,0.136858475894246,0.134087237479806,0.530944625407166,0.562883435582822,0.321875,0.149532710280374,0.269592476489028,0.495268138801262,0.135860979462875,0.477777777777778,0.544861337683524,1,0.532208588957055,0.136157337367625,0.558139534883721,0.870109546165884,0.864485981308411,0.860429447852761,0.532915360501567,0.526479750778816,0.130434782608696,0.136577708006279,0.140458015267176,0.144171779141104,0.130970724191063,0.453846153846154,0.540540540540541,0.14175654853621,0.552755905511811,0.546564885496183,0.0907643312101911,0.982456140350877,0.540284360189573,0.561162079510703,0.532307692307692,0.134146341463415,0.145085803432137,0.151326053042122,0.875993640699523,0.552117263843648,0.550702028081123,0.489763779527559,0.536277602523659,0.537878787878788,0.13587786259542,0.546707503828484,0.138198757763975,0.133971291866029,0.579872204472843,0.979813664596273,0.553544494720965,0.140888208269525,0.124423963133641,0.53858024691358,0.138755980861244,0.562798092209857,0.127760252365931,0.151799687010955,0.534562211981567,0.12788906009245,0.536953242835596,0.544444444444444,0.527692307692308,0.525660964230171,0.855813953488372,0.541864139020537,0.542857142857143,0.452713178294574,0.563358778625954,0.547077922077922,0.505359877488515,0.457496136012365,0.542056074766355,0.987034035656402,0.87220447284345,0.552590266875981,0.54066985645933,0.1453125,0.541935483870968,0.133228840125392,0.531847133757962,0.8671875,0.54874213836478,0.124804992199688,0.13953488372093,0.147239263803681,0.536098310291859,0.132398753894081,0.545171339563863,0.941628264208909,0.552833078101072,0.143307086614173,0.768388106416275,0.141321044546851,0.136792452830189,0.941640378548896,0.547286821705426,0.138461538461538,0.140322580645161,0.534954407294833,0.143974960876369,0.542222222222222,0.542296072507553,0.78716744913928,0.375191424196018,0.531001589825119,0.144654088050314,0.550561797752809,0.507575757575758,0.539837398373984,0.131172839506173,0.871517027863777,0.137614678899083,0.465625,0.262560777957861,0.576862123613312,0.563380281690141,0.541732283464567,0.545893719806763,0.139968895800933,0.556765163297045,0.132218844984802,0.549141965678627,0.352395672333849,0.542553191489362,0.136,0.555031446540881,0.551834130781499,0.546474358974359,0.532385466034755,0.123222748815166,0.549295774647887,0.136075949367089,0.706521739130435,0.544049459041731,0.139784946236559,0.546707503828484,0.147515527950311,0.561708860759494,0.543720190779014,0.129337539432177,0.54858934169279,0.536547433903577,0.540412044374009,0.141538461538462,0.541085271317829,0.131172839506173,0.54858934169279,0.129082426127527,0.547967479674797,0.134069400630915,0.552307692307692,0.551401869158878,0.904065040650406,0.549763033175355,0.544323483670295,0.141732283464567,0.55379746835443,0.542635658914729,0.546296296296296,0.541795665634675,0.137285491419657,0.142201834862385,0.528571428571429,0.543887147335423,0.136503067484663,0.147909967845659,0.53416149068323,0.907378335949764,0.880121396054628,0.458860759493671,0.134165366614665,0.873831775700935,0.537404580152672,0.13302752293578,0.547049441786284,0.550387596899225,0.546728971962617,0.145962732919255,0.152073732718894,0.137440758293839,0.534351145038168,0.543720190779014,0.543478260869565,0.459459459459459,0.567441860465116,0.135566188197767,0.513343799058085,0.126582278481013,0.136577708006279,0.684210526315789,0.534072900158479,0.542056074766355,0.534775888717156,0.552959501557632,0.546325878594249,0.513260530421217,0.138801261829653,0.145285935085008,0.540372670807453,0.869431643625192,0.543511450381679,0.542600896860987,0.550387596899225,0.540123456790123,0.546875,0.527522935779816,0.439137134052388,0.795665634674923,0.546439628482972,0.13968253968254,0.531746031746032,0.139570552147239,0.546995377503852,0.543720190779014,0.540625,0.527910685805423,0.55448717948718,0.1359375,0.534456355283308,0.0691823899371069,0.130914826498423,0.13914373088685,0.1376,0.141732283464567,0.144904458598726,0.257648953301127,0.135303265940902,0.128125,0.138248847926267,0.548780487804878,0.129890453834116,0.540495867768595,0.861963190184049,0.138801261829653,0.773291925465838,0.135220125786164,0.542673107890499,0.527216174183515,0.544740973312402,0.731012658227848,0.143307086614173,0.535714285714286,0.144215530903328,0.150914634146341,0.137876386687797,0.140215716486903,0.871674491392801,0.535433070866142,0.131498470948012,0.138845553822153,0.541213063763608,0.141252006420546,0.533950617283951,0.138248847926267,0.15015479876161,0.545454545454545,0.534700315457413,0.556426332288401,0.9890625,0.550156739811912,0.853168469860896,0.560606060606061,0.130914826498423,0.54364471669219,0.525316455696203,0.5609375,0.141085271317829,0.127009646302251,0.528753993610224,0.535433070866142,0.148377125193199,0.483464566929134,0.447784810126582,0.555205047318612,0.536231884057971,0.127300613496933,0.537267080745342,0.552870090634441,0.139280125195618,0.543478260869565,0.556589147286822,0.140432098765432,0.552959501557632,0.54160125588697,0.549844236760125,0.533123028391167,0.1375,0.152567975830816,0.136436597110754,0.540625,0.545454545454545,0.863987635239567,0.124018838304553,0.542586750788643,0.136012364760433,0.143525741029641,0.53951367781155,0.536585365853659,0.555900621118012,0.529320987654321,0.54601226993865,0.144200626959248,0.540372670807453,0.558869701726845,0.581358609794629,0.12824427480916,0.304278922345483,0.145110410094637,0.855572998430141,0.14064914992272,0.540458015267176,0.134706814580032,0.1328125,0.733333333333333,0.137071651090343,0.541666666666667,0.148318042813456,0.542553191489362,0.550632911392405,0.534456355283308,0.127760252365931,0.143079315707621,0.5546875,0.454106280193237,0.536277602523659,0.555555555555556,0.136434108527132,0.138977635782748,0.133333333333333,0.528,0.140888208269525,0.93613707165109,0.140625,0.133647798742138,0.135135135135135,0.14018691588785,0.535493827160494,0.137658227848101,0.547657512116317,0.534775888717156,0.47758887171561,0.542056074766355,0.132716049382716,0.545878693623639,0.552352048558422,0.543408360128617,0.134281200631912,0.544072948328267,0.127591706539075,0.538812785388128,0.376360808709176,0.554179566563467,0.535101404056162,0.539170506912442,0.144838212634823,0.535545023696682,0.54858934169279,0.134883720930233,0.146153846153846,0.540958268933539,0.548895899053628,0.137007874015748,0.671253822629969,0.548543689320388,0.538699690402477,0.533742331288344,0.45679012345679,0.140822784810127,0.541195476575121,0.153488372093023,0.721183800623053,0.553291536050157,0.864485981308411,0.0521472392638037,0.534072900158479,0.541795665634675,0.867469879518072,0.832807570977918,0.130503144654088,0.542635658914729,0.131375579598145,0.544461778471139,0.542857142857143,0.134796238244514,0.55625,0.544323483670295,0.481308411214953,0.132605304212168,0.545736434108527,0.52931854199683,0.140127388535032,0.540958268933539,0.545741324921136,0.1359375,0.80030487804878,0.544881889763779,0.5359375,0.536050156739812,0.0748829953198128,0.134466769706337,0.167192429022082,0.138763197586727,0.142633228840125,0.871715610510046,0.135802469135802,0.134674922600619,0.142857142857143,0.727272727272727,0.13237639553429,0.546153846153846,0.140866873065015,0.541732283464567,0.140866873065015,0.544494720965309,0.518575851393189,0.546995377503852,0.553680981595092,0.500772797527048,0.552884615384615,0.858662613981763,0.509259259259259,0.466034755134281,0.539877300613497,0.87111801242236,0.551020408163265,0.555555555555556,0.371428571428571,0.546728971962617,0.456386292834891,0.56140350877193,0.545031055900621,0.540958268933539,0.568992248062016,0.141494435612083,0.887387387387387,0.857843137254902,0.54601226993865,0.540752351097179,0.522205206738132,0.143079315707621,0.807511737089202,0.536923076923077,0.135860979462875,0.550077041602465,0.0889235569422777,0.566510172143975,0.139318885448916,0.140030441400304,0.134328358208955,0.552307692307692,0.545454545454545,0.548048048048048,0.540584415584416,0.532710280373832,0.721109399075501,0.128164556962025,0.54773082942097,0.135725429017161,0.545893719806763,0.538338658146965,0.135303265940902,0.538827258320127,0.143074581430746,0.531446540880503,0.145339652448657,0.138674884437596,0.540625,0.855784469096672,0.145015105740181,0.545176110260337,0.130990415335463,0.324574961360124,0.153262518968134,0.637904468412943,0.147013782542113,0.290171606864275,0.144904458598726,0.541935483870968,0.139751552795031,0.132218844984802,0.152647975077882,0.551937984496124,0.538095238095238,0.545176110260337,0.501607717041801,0.824959481361426,0.545454545454545,0.121753246753247,0.529968454258675,0.145662847790507,0.139356814701378,0.539781591263651,0.543720190779014,0.532307692307692,0.455676516329705,0.541856925418569,0.150375939849624,0.144596651445967,0.527472527472527,0.529505582137161,0.52741935483871,0.571879936808847,0.549844236760125,0.536050156739812,0.145569620253165,0.549923195084485,0.545180722891566,0.149842271293375,0.55748031496063,0.554012345679012,0.854938271604938,0.987711213517665,0.539906103286385,0.457831325301205,0.543443917851501,0.533846153846154,0.568567026194145,0.142635658914729,0.549206349206349,0.125386996904025,0.54858934169279,0.515248796147673,0.56043956043956,0.369230769230769,0.547433903576983,0.138709677419355,0.545031055900621,0.545886075949367,0.530254777070064,0.445987654320988,0.144215530903328,0.536163522012579,0.54,0.865203761755486,0.543247344461305,0.143950995405819,0.0969230769230769,0.140432098765432,0.543778801843318,0.533026113671275,0.55205047318612,0.572078907435508,0.134375,0.559105431309904,0.524256651017214,0.148837209302326,0.141085271317829,0.114678899082569,0.472698907956318,0.53405572755418,0.485133020344288,0.543343653250774,0.546850998463902,0.13237639553429,0.141984732824427,0.636075949367089,0.503125,0.1421875,0.141065830721003,0.13914373088685,0.4576,0.132398753894081,0.530046224961479,0.459968602825746,0.137345679012346,0.528951486697966,0.537124802527646,0.547581903276131,0.126348228043143,0.141779788838612,0.505654281098546,0.537750385208012,0.141965678627145,0.143950995405819,0.541085271317829,0.563467492260062,0.138582677165354,0.859450726978998,0.536776212832551,0.54773082942097,0.874015748031496,0.543778801843318,0.148318042813456,0.558359621451104,0.13953488372093,0.984399375975039,0.871165644171779,0.253435114503817,0.54375,0.143292682926829,0.133748055987558,0.851622874806801,0.87211093990755,0.53323029366306,0.133738601823708,0.537337662337662,0.143074581430746,0.537124802527646,0.138582677165354,0.136075949367089,0.10062893081761,0.367127496159754,0.137876386687797,0.146189735614308,0.882170542635659,0.141975308641975,0.633825944170772,0.545454545454545,0.478593272171254,0.537065052950076,0.135135135135135,0.546021840873635,0.465007776049767,0.13953488372093,0.139423076923077,0.54746835443038,0.522189349112426,0.533123028391167,0.562305295950156,0.1125,0.514150943396226,0.532915360501567,0.87037037037037,0.538221528861154,0.54434250764526,0.542635658914729,0.137704918032787,0.516819571865443,0.552099533437014,0.0894819466248038,0.558730158730159,0.0971168437025797,0.135802469135802,0.149230769230769,0.543307086614173,0.512987012987013,0.5648,0.538699690402477,0.554160125588697,0.536697247706422,0.566412213740458,0.853810264385692,0.467261904761905,0.130970724191063,0.5390625,0.555729984301413,0.538834951456311,0.535987748851455,0.543613707165109,0.141104294478528,0.530581039755352,0.515673981191223,0.533333333333333,0.5390625,0.545038167938931,0.549606299212598,0.948170731707317,0.461783439490446,0.53448275862069,0.554868624420402,0.135303265940902,0.897674418604651,0.537124802527646,0.115015974440895,0.135048231511254,0.144634525660964,0.547021943573668,0.516975308641975,0.13914373088685,0.541085271317829,0.555382215288612,0.108490566037736,0.130568356374808,0.129890453834116,0.144,0.536434108527132,0.1456,0.143079315707621,0.254777070063694,0.139498432601881,0.514774494556765,0.1350531107739,0.569354838709677,0.137285491419657,0.467692307692308,0.553654743390358,0.543581616481775,0.143962848297214,0.137658227848101,0.129541864139021,0.534668721109399,0.524922118380062,0.537842190016103,0.541666666666667,0.549679487179487,0.5421875,0.127527216174184,0.564945226917058,0.132075471698113,0.131011608623549,0.418461538461538,0.859621451104101,0.542042042042042,0.541538461538462,0.471406491499227,0.138763197586727,0.584251968503937,0.531626506024096,0.495238095238095,0.555384615384615,0.55,0.126959247648903,0.541139240506329,0.531707317073171,0.463223787167449,0.229132569558101,0.543283582089552,0.546474358974359,0.577044025157233,0.540706605222734,0.533333333333333,0.53858024691358,0.559190031152648,0.457943925233645,0.137614678899083,0.0815047021943574,0.140458015267176,0.47581903276131,0.132911392405063,0.551020408163265,0.545454545454545,0.540284360189573,0.134052388289676,0.138888888888889,0.723270440251572,0.130573248407643,0.144796380090498,0.133540372670807,0.541864139020537,0.535603715170279,0.133870967741935,0.542899408284024,0.4671875,0.532915360501567,0.684867394695788,0.554675118858954,0.86687306501548,0.53951367781155,0.137071651090343,0.14968152866242,0.546564885496183,0.869431643625192,0.534375,0.542319749216301,0.76049766718507,0.601626016260163,0.136942675159236,0.142172523961661,0.544461778471139,0.121495327102804,0.731974921630094,0.146687697160883,0.547112462006079,0.569254185692542,0.545741324921136,0.547619047619048,0.142857142857143,0.858054226475279,0.137440758293839,0.546603475513428,0.542130365659777,0.14525993883792,0.135725429017161,0.131297709923664,0.560747663551402,0.13237639553429,0.544600938967136,0.523219814241486,0.542768273716952,0.536115569823435,0.856269113149847,0.914728682170543,0.133440514469453,0.529411764705882,0.1359375,0.541925465838509,0.530546623794212,0.144427001569859,0.125776397515528,0.907692307692308,0.538699690402477,0.141552511415525,0.23963133640553,0.144409937888199,0.573373676248109,0.940993788819876,0.465543644716692,0.148669796557121,0.130500758725341,0.126365054602184,0.144444444444444,0.140298507462687,0.570336391437309,0.558502340093604,0.137715179968701,0.988782051282051,0.863344051446945,0.704510108864697,0.858085808580858,0.53405572755418,0.134674922600619,0.468553459119497,0.125195618153365,0.135464231354642,0.265210608424337,0.128125,0.469040247678019,0.144393241167435,0.13946117274168,0.124006359300477,0.141065830721003
"38",1,1,1,1,1,1,0.69826224328594,1,1,0.10062893081761,1,0.0450310559006211,0.822429906542056,1,0.317757009345794,0.307926829268293,0.0651515151515152,0.681372549019608,1,1,0.288611544461778,0.313479623824451,1,0.147919876733436,1,0.332814930015552,0.320754716981132,1,1,0.789889415481833,0.307339449541284,0.743865030674847,0.966205837173579,0.320433436532508,0,1,0.532208588957055,1,0.299850074962519,1,0.658423493044822,0.68030303030303,0.683409436834094,1,1,0.31875,0.324074074074074,0.308510638297872,0.330815709969789,0.328746177370031,0,1,0.317557251908397,1,1,0.507936507936508,0.553259141494436,1,1,1,0.336874051593323,0.316846986089645,0.326625386996904,0.674809160305344,1,1,0.0388802488335925,1,0.0582959641255605,0.320610687022901,1,0.326594090202177,0.333333333333333,0.965463108320251,0.504601226993865,1,0.314674735249622,0.341867469879518,1,0.32018927444795,0.090625,0.333853354134165,0.328173374613003,1,0.343558282208589,1,1,1,1,0.690184049079755,1,1,0.00153374233128834,0.105504587155963,1,0.0481203007518797,0,1,0.552380952380952,0.669796557120501,1,0.0557275541795666,0.323574730354391,1,0.318181818181818,1,0.684532924961715,1,0.322981366459627,0.320493066255778,0.317972350230415,1,0.326656394453005,1,0.47218045112782,1,0.320493066255778,0.284403669724771,0.325264750378215,0.322378716744914,0.471494607087827,1,0.325115562403698,0.319620253164557,1,0.311827956989247,1,1,0.309006211180124,0.540212443095599,1,0.314900153609831,1,0.0421052631578947,1,0.323170731707317,0.664624808575804,0.334351145038168,0.932307692307692,0.429936305732484,0.105100463678516,0.0978260869565217,1,1,0.333850931677019,1,0.325337331334333,1,0.814701378254211,1,0.327073552425665,1,1,1,1,0.338983050847458,1,0.327586206896552,0.25193199381762,1,0.313271604938272,1,0.3,0.0870229007633588,1,0.320373250388802,1,1,1,0.337404580152672,1,0.329754601226994,1,0.311526479750779,1,0.320872274143302,0.0791476407914764,1,0.630573248407643,1,1,0.319938176197836,1,1,1,1,0.330232558139535,0.308623298033283,1,1,0.322678843226788,0.313880126182965,1,0.430534351145038,0.664688427299703,0,0.324655436447167,0.670769230769231,1,0.327188940092166,1,1,1,0.323076923076923,0.317910447761194,0.331746031746032,1,1,1,0,1,0.313385826771654,0.975232198142415,0.321928460342146,0.321483771251932,0.74079754601227,1,1,1,1,1,0.0417956656346749,0.316279069767442,0.320493066255778,1,0.677710843373494,1,1,0.998459167950693,1,1,1,0.00465116279069767,0.301801801801802,1,0.313291139240506,1,0.308892355694228,1,1,1,1,1,0.328660436137072,1,0.524844720496894,0.324574961360124,0.32469512195122,0.316118935837246,0.320373250388802,0.33641975308642,0.430141287284144,0.337480559875583,0.313546423135464,0.314329738058552,1,0.322932917316693,1,0.672672672672673,0.330218068535826,0.3,0.326656394453005,1,1,1,0.248840803709428,0.316998468606432,1,0.318037974683544,0.322822822822823,0.325077399380805,0.327188940092166,0.678018575851393,1,0.3202416918429,0.317683881064163,1,0.304075235109718,1,0.313636363636364,0.322981366459627,1,1,1,0.524105754276827,1,0.68062015503876,0.0819672131147541,0.333333333333333,1,1,0.0960365853658537,0.316030534351145,0.336492890995261,1,1,0.305343511450382,0.0257575757575758,0.0031104199066874,1,1,0.341353383458647,0.998461538461539,1,0.3125,1,1,0.317829457364341,1,1,1,1,0.328682170542636,0.310089020771513,0.324324324324324,1,1,0.66412213740458,0.322085889570552,1,0.318181818181818,0.301857585139319,1,1,1,1,1,0.330769230769231,1,1,0.107309486780715,0.332312404287902,0.490654205607477,0.312401883830455,0.670788253477589,0.316109422492401,1,0.311526479750779,0.337984496124031,0.248875562218891,0.325757575757576,1,0.326347305389222,1,1,1,0.308527131782946,0.327743902439024,1,0.920127795527157,0.0632716049382716,1,0.314112291350531,0.31832298136646,0.31924882629108,1,0.331818181818182,0.46046511627907,0.319634703196347,0.316279069767442,0.32018927444795,0.313084112149533,1,0.325471698113208,1,1,0,1,0.327639751552795,1,1,1,0.324574961360124,1,0.315625,1,0.834346504559271,1,1,1,0.31651376146789,1,1,0.31651376146789,0.315301391035549,1,1,0.313846153846154,0.1898355754858,1,1,1,0,0.318681318681319,1,0.315384615384615,0.235202492211838,1,0.674961119751166,0.449386503067485,1,1,0.671575846833579,0.699236641221374,0.349453978159126,1,0.322530864197531,1,1,0.328197226502311,1,1,0.0078003120124805,0.331269349845201,1,1,0.327044025157233,1,1,0.316037735849057,0.318112633181126,1,1,1,0.544753086419753,0.319634703196347,0.348909657320872,0.321428571428571,0.330781010719755,0.684375,0.326747720364742,0.325581395348837,0.31784107946027,0.238759689922481,0.321656050955414,1,0.324116743471582,1,0.313084112149533,0.082089552238806,0.0520673813169985,1,1,0.0396946564885496,1,0.675344563552833,0.0412213740458015,0.0107692307692308,1,0.675883256528418,1,1,0.54160125588697,1,0,0.0718849840255591,1,1,1,0.325508607198748,0.646359583952452,0.685990338164251,0.992343032159265,1,0.983180428134557,0.302147239263804,0.320433436532508,1,0.31104199066874,1,0.367127496159754,0.105015673981191,0.307098765432099,0.326347305389222,0.338187702265372,1,0.0803030303030303,1,1,1,0.248097412480974,0.329173166926677,1,0.332288401253919,1,1,0.305810397553517,1,0.329941860465116,1,0.3140625,0.321428571428571,1,0.67601246105919,0.31390134529148,1,0.314728682170543,0.764264264264264,0.317577548005908,0.155589123867069,0.326865671641791,0.776073619631902,0.312401883830455,1,0.319018404907975,0.343511450381679,0.301829268292683,1,1,1,0.968253968253968,0.320634920634921,1,0.319685039370079,1,0.319422150882825,0.320610687022901,1,1,1,0.92093023255814,1,0.314674735249622,0.320610687022901,1,1,0.0473186119873817,0.0818897637795276,1,1,0.306748466257669,1,1,0.316846986089645,1,1,0.673405909797823,0.530395136778115,1,0,1,1,0.105182926829268,0.33125,1,0.327639751552795,1,0.96417445482866,1,0.823529411764706,1,0.336492890995261,1,1,1,0,0.313001605136437,1,1,0.673312883435583,1,0.328220858895706,0.364885496183206,0.325688073394495,1,1,1,0.0910470409711684,0.321372854914197,0.0870917573872473,1,0.320121951219512,0.309341500765697,0.356814701378254,0,1,0.956923076923077,1,1,0.327586206896552,0.307228915662651,0.149842271293375,0.0403726708074534,0.329249617151608,0.318252730109204,0.324655436447167,0.0015600624024961,0.315132605304212,1,0,0.32469512195122,1,1,1,0.318042813455657,0.324773413897281,0.0363349131121643,1,0.317683881064163,0.30757341576507,1,1,0.314900153609831,0.686998394863563,1,1,0.689167974882261,1,0.316187594553706,1,0.316846986089645,0.521870286576169,0.663608562691132,0.409495548961424,1,0.302710843373494,0.31859756097561,0.679878048780488,0.670694864048338,1,0.329249617151608,1,0.326807228915663,1,0.316923076923077,0.3078125,0.354391371340524,0.513056835637481,0.313572542901716,0.310832025117739,0.657320872274143,0.316590563165906,0.143769968051118,1,0,1,0.299531981279251,1,0,0.324242424242424,0.324881141045959,1,0.0569715142428786,1,0.0841121495327103,0.34488188976378,1,0.0670731707317073,0.663109756097561,1,1,1,0.316211878009631,0.0393343419062027,1,0.4375,0.0971786833855799,0.359939759036145,0.324200913242009,0.331838565022422,1,1,1,1,1,0.0643712574850299,0.996955859969559,0.679389312977099,0.00443786982248521,0.331297709923664,1,1,1,1,0.0824427480916031,0.318796992481203,1,1,1,1,1,1,0.480243161094225,0.0015748031496063,1,0.0909090909090909,0.326153846153846,0.413476263399694,1,0.39906103286385,0.313099041533546,0.317073170731707,1,0.0384024577572965,0.327794561933535,1,1,0.37245696400626,0.312883435582822,0.315789473684211,0.320126782884311,1,0.327044025157233,0.322085889570552,0.416149068322981,0.317901234567901,0.971428571428571,0.314456035767511,0.0834645669291339,0.333843797856049,0,1,0.0873634945397816,0.302694136291601,0.320433436532508,0.332288401253919,1,1,1,1,1,1,0.335423197492163,1,0.320493066255778,0.321724709784411,0.596923076923077,0.67398119122257,1,1,0,0.324283559577677,0.113884555382215,1,0.0341085271317829,1,1,0.313479623824451,1,1,0.607751937984496,0.4192,0.995548961424332,0.0771653543307087,0.0995260663507109,1,1,1,0.086687306501548,0,0.320610687022901,0.438271604938272,0.314674735249622,0,0.329704510108865,0.087719298245614,1,1,0.323216995447648,0.318818040435459,0.236722306525038,0.34375,0.316998468606432,0.318885448916409,1,1,0.333333333333333,1,0,1,0.2125,1,0.670731707317073,1,0.318885448916409,0.309636650868878,0.0775075987841945,0.672811059907834,1,1,0.786707882534776,0.901116427432217,0.31924882629108,0.31937984496124,1,0.319875776397516,0.242902208201893,0.3234375,1,0.106870229007634,1,1,0.322981366459627,0.67879746835443,0.309262166405024,1,1,0.310872894333844,0.306501547987616,0.321212121212121,0.851851851851852,0.31875,1,0.0555555555555556,1,1,0.689024390243902,0.645211930926217,0.321027287319422,0.055045871559633,0.325153374233129,1,1,0.310185185185185,0.331288343558282,0.612462006079027,1,0.316265060240964,0.375565610859729,0.319083969465649,0.981679389312977,0.46676970633694,0.00458715596330275,0.303543913713405,0.3267776096823,0.332293291731669,0.31924882629108,0.318731117824773,0.970769230769231,1,0.316436251920123,0.542901716068643,0.68025078369906,0.227202472952087,0.6875,1,0.328220858895706,0,0.326186830015314,0.31441717791411,0.372519083969466,0.325471698113208,0,0.338461538461538,0.323390894819466,0.33489827856025,0.321928460342146
"39",0.279569892473118,0.298642533936652,0.299546142208775,0.314241486068111,0.299093655589124,0.292237442922374,0.0125195618153365,0.300763358778626,0.289193302891933,0.593700787401575,0.298350824587706,0.659056316590563,0.49537037037037,0.300613496932515,1,1,0.640834575260805,0,0.30757341576507,0.287878787878788,1,1,0.303892215568862,0.532526475037821,0.289120715350224,1,1,0.311424100156495,0.294910179640719,0.501552795031056,1,0.565809379727685,0.343939393939394,0.995426829268293,0.689335394126739,0.297427652733119,0.136157337367625,0.299850074962519,1,0.294117647058824,0.00307219662058372,0,0,0.310975609756098,0.296583850931677,1,0.99390243902439,1,1,1,0.712349397590361,0.311827956989247,1,0.297090352220521,0.299392097264438,0.819466248037677,0.118721461187215,0.300604229607251,0.29066265060241,0.30381679389313,0.992603550295858,1,1,0.00612557427258806,0.294573643410853,0.307228915662651,0.679012345679012,0.307219662058372,0.634218289085546,1,0.302222222222222,1,1,0.261682242990654,0.159879336349925,0.304221251819505,1,0.993920972644377,0.304154302670623,1,0.617693522906793,1,1,0.312024353120244,1,0.30791788856305,0.295731707317073,0.310030395136778,0.301538461538462,0,0.296583850931677,0.308823529411765,0.698484848484848,0.604615384615385,0.299065420560748,0.661698956780924,0.701062215477997,0.294294294294294,0.120556414219474,0,0.289393939393939,0.636923076923077,1,0.294025157232704,1,0.30441400304414,0,0.309559939301973,1,1,1,0.288549618320611,0.995488721804511,0.311450381679389,0.207352941176471,0.289120715350224,1,0.38863976083707,1,1,0.210687022900763,0.303625377643505,1,1,0.306766917293233,1,0.294032023289665,0.301775147928994,0.375757575757576,0.765486725663717,0.29874213836478,1,0.315467075038285,0.651403249630724,0.316436251920123,1,0.0015015015015015,1,0.354642313546423,0.890625,0.607361963190184,0.615151515151515,0.292944785276074,0.30077519379845,1,0.295795795795796,1,0.288549618320611,0.485842026825633,0.310911808669656,1,0.287234042553192,0.297339593114241,0.29984544049459,0.301684532924962,1,0.289833080424886,1,0.441754916792738,0.301801801801802,1,0.295252225519288,1,0.613050075872534,0.301710730948678,1,0.295731707317073,0.294910179640719,0.308641975308642,0.986404833836858,0.304147465437788,1,0.290715372907154,1,0.298107255520505,1,0.610942249240122,0.282477341389728,0.0316957210776545,0.285714285714286,0.303490136570561,1,0.288753799392097,0.303951367781155,0.299698795180723,0.312307692307692,1,1,0.308755760368664,0.309451219512195,1,1,0.308157099697885,0.238670694864048,0.0232896652110626,0.707951070336391,1,0.00303490136570561,0.297297297297297,1,0.302034428794992,0.294561933534743,0.298937784522003,0.996923076923077,1,1,0.304347826086957,0.296238244514107,0.29500756429652,0.692307692307692,0.282608695652174,1,0.317629179331307,1,1,0.430534351145038,0.304012345679012,0.3,0.301204819277108,0.289193302891933,0.292834890965732,0.659021406727829,1,1,0.302533532041729,0.00454545454545455,0.306306306306306,0.298816568047337,0.298937784522003,0.289592760180996,0.285053929121726,0.302985074626866,0.712328767123288,0.379671150971599,0.291729323308271,1,0.303680981595092,1,0.287650602409639,0.292307692307692,0.287234042553192,0.304953560371517,0.293563579277865,1,0.298642533936652,0.79320987654321,1,1,0.996941896024465,1,1,0.893416927899687,1,1,1,0.29745889387145,1,0.29874213836478,0,1,0.388724035608309,1,0.307926829268293,0.303353658536585,0.291793313069909,0.42572741194487,1,0.302848575712144,1,1,1,1,0,0.29922480620155,1,1,0.302003081664099,1,0.303625377643505,1,1,0.288819875776398,0.309486780715397,0.277862595419847,0.145705521472393,0.309486780715397,0,0.616959064327485,1,0.301659125188537,0.298780487804878,0.599695585996956,1,1,0.306477093206951,0.308527131782946,1,0.673282442748092,0.71606864274571,0.284615384615385,0.306477093206951,0.992570579494799,0.309451219512195,0.291970802919708,1,0.295352323838081,0.287202380952381,1,0.289634146341463,0.30030487804878,0.297176820208024,0.299546142208775,1,1,1,0.28978978978979,0.308049535603715,0.00898203592814371,0.990825688073395,0.3046875,1,1,0.294117647058824,0.300455235204856,0.283987915407855,0.306748466257669,0.298484848484848,1,0.296754250386399,0.28902627511592,0.58868501529052,1,0.840490797546012,1,0,1,0.305882352941176,1,1,0.42921686746988,0.998505231689088,0.305426356589147,1,0.289193302891933,0.285280728376328,0.299698795180723,1,1,0.303759398496241,0.376175548589342,0.62888198757764,0.28393135725429,1,1,1,0.295418641390205,1,0.209726443768997,1,1,1,1,0.305471124620061,1,0.301412872841444,0.309707241910632,0.695718654434251,0.290519877675841,1,0.301369863013699,0.301659125188537,0.299684542586751,1,0.292537313432836,1,0.310395314787701,0.465671641791045,0.30030487804878,0.304347826086957,0.3003003003003,1,0.294930875576037,0.287692307692308,1,1,0.307807807807808,0.290964777947933,1,0.491097922848665,0.305084745762712,0.311844077961019,0.304675716440422,0.695067264573991,1,0.278301886792453,1,0.430555555555556,0.298325722983257,0,0.882789317507418,0.2984375,0.29618320610687,0,0.0259146341463415,0.980152671755725,0.295107033639144,1,0.293577981651376,0.296875,1,0.306306306306306,0.294027565084227,0.683409436834094,1,0.298642533936652,0.302469135802469,1,0.296240601503759,0.293023255813953,1,0.351515151515152,0.296296296296296,0.304477611940298,0.316998468606432,0.793051359516616,1,0.978361669242658,1,1,0.00153846153846154,1,0.992526158445441,1,0.432973805855162,0.996865203761755,0.293494704992436,0.992537313432836,0.314984709480122,0.995475113122172,0.624447717231222,0.654135338345865,0.29806259314456,0.297176820208024,0.65210843373494,0.299382716049383,0,0.64339908952959,0.697852760736196,0.302571860816944,0.00151285930408472,0.294561933534743,0.287878787878788,0.763719512195122,0.307692307692308,0.708649468892261,0.615141955835962,0.293577981651376,0.305722891566265,0.28030303030303,1,0.0249266862170088,0,0.300448430493274,0.307458143074581,0.313161875945537,1,0.35258358662614,0.296352583586626,1,0.287856071964018,0.937972768532526,0.585516178736518,1,1,0.991735537190083,0.300448430493274,0.625187406296852,0.304606240713224,0.29635499207607,0.293051359516616,0.428785607196402,1,0.28902627511592,1,0.299531981279251,0.295238095238095,1,0.300623052959502,1,0.302147239263804,1,1,0.29742033383915,0,1,0.30030487804878,1,0.551051051051051,1,0.524737631184408,1,0.541085271317829,1,0.2976,1,1,1,0.290225563909774,0.311248073959938,0.299248120300752,0.330708661417323,0.342857142857143,0.290468986384266,1,0.302469135802469,1,1,0.304747320061256,0.299065420560748,0.303254437869822,0.36697247706422,0.304283604135894,1,1,0.312312312312312,0.300155520995334,0.648690292758089,0.615740740740741,0.297256097560976,0.299539170506912,1,0.287443267776097,0.301329394387001,0.993911719939117,0.293291731669267,0.3,0,0.136842105263158,0.297546012269939,0.703101920236337,0.296636085626911,0.301634472511144,0.617339312406577,0.998491704374057,0.299539170506912,1,0.294573643410853,0.322678843226788,0.301075268817204,0.464872944693572,0.296520423600605,1,0.298484848484848,0.296520423600605,0.304075235109718,0.708520179372197,1,0.305164319248826,0.298350824587706,0,0.302848575712144,0.998484848484849,0.948948948948949,1,0.301801801801802,0.302848575712144,0.295107033639144,0.601492537313433,1,0.614307931570762,0.3140625,1,1,0.962574850299401,0.691472868217054,0.303215926493109,0.341829085457271,0.304932735426009,0.299093655589124,1,1,0.52760736196319,0.651908396946565,1,1,0.998511904761905,0.713622291021672,1,0.302985074626866,0.703245749613601,1,0.303303303303303,0.297839506172839,0.305810397553517,0.996992481203008,1,0.669796557120501,0.304675716440422,1,1,0.309985096870343,0.298642533936652,0.998482549317147,0,0.29393468118196,0.300153139356815,0.00768049155145929,0.301349325337331,1,0.294027565084227,1,0.149925037481259,0,0.906389301634473,0.306990881458967,1,1,0,0.0014903129657228,0.302114803625378,1,0.297045101088647,0.997054491899853,0.287250384024578,1,0.998454404945904,0.962292609351433,0.773006134969325,1,1,0.0060882800608828,1,0.539432176656151,0.309923664122137,0.690119760479042,0.306766917293233,1,0.283559577677225,0.694992412746586,1,1,0.3,0.630969609261939,0.309559939301973,0.604294478527607,0.967889908256881,0.314503816793893,0.621052631578947,0.015015015015015,0.297090352220521,0.300751879699248,0.299248120300752,1,0.653030303030303,0.286995515695067,0.89041095890411,0.609907120743034,0.965824665676077,1,1,0.291981845688351,0.315707620528771,0.289433384379786,0.289592760180996,0.293413173652695,0.642228739002933,0.286144578313253,0,0.692982456140351,0.998500749625187,0.30421686746988,0.288315629742033,0.30298273155416,0.300595238095238,0.618618618618619,1,0.316417910447761,0.316998468606432,0.311912225705329,0.300925925925926,0.294736842105263,0.291158536585366,0.201192250372578,0.700310559006211,0.294298921417565,0.62125748502994,1,0.240853658536585,0.298780487804878,0.920560747663551,1,1,0.298953662182362,0.666160849772382,1,0.290909090909091,0.289433384379786,0.952160493827161,1,1,0.996879875195008,0.301515151515152,1,1,0.897196261682243,1,0.323880597014925,1,0.609794628751975,1,0.688059701492537,0.29607250755287,0.621329211746522,1,1,0.990769230769231,0.303437967115097,0.306646525679758,0.302507836990596,0.304281345565749,0.307210031347962,0.304147465437788,0.980061349693252,0.293413173652695,1,1,0.710606060606061,0,0.295180722891566,0.29742033383915,0.697885196374622,1,0.578866768759571,0.305514157973174,0.670788253477589,0.292424242424242,0.299689440993789,1,0.295774647887324,0.297339593114241,0.67981072555205,0.907086614173228,0.301169590643275,0.624806201550388,0.598461538461538,0.308383233532934,0.309341500765697,0.288109756097561,0.61236802413273,0.701219512195122,1,0.898617511520737,1,0.688922610015175,0.996923076923077,0.612244897959184,0.30030487804878,0.305084745762712,1,1,0.44954128440367,0.992236024844721,0.997010463378176,1,0.299236641221374,0.312217194570136,1,0.302325581395349,0.700149925037481,0.312111801242236,0.468118195956454,0.285276073619632,0,0.293674698795181,1,1,0.616191904047976,0.00150829562594268,0.307458143074581,0.303680981595092,0.0910493827160494,0.400630914826498,1,1,0.297014925373134,1,0.425925925925926,1,0.311377245508982,0.608433734939759,0.302710843373494,0.296803652968037,1,0,1,0.296124031007752,0.298761609907121,1,1,1,0.421461897356143,1,0.301223241590214,0.640060240963855,0.311278195488722,0.302652106084243,0.00151745068285281,0.0384024577572965,1,0.642201834862385,1,0.309559939301973,0.310236220472441,1,1,0.157185628742515,0.292424242424242,1,0.900452488687783,1,0.303437967115097,0.203675344563553,0.686274509803922,1,1,1,1,1,0.276276276276276,0.289393939393939,1,0.120879120879121,0.00152905198776758,0.45398773006135,0,0.311827956989247,1,0.696456086286595,1,1,0.892586989409985,1,0.701649175412294,1,1,1,1
"40",1,1,1,1,1,1,0.715408805031447,1,1,0.1015625,1,0.0476190476190476,0.815336463223787,1,0.30298273155416,0.290123456790123,0.0669710806697108,0.69983948635634,1,1,0.269470404984424,0.307931570762053,1,0.162790697674419,1,0.319571865443425,0.302839116719243,1,1,0.780952380952381,0.294930875576037,0.72,0.958397534668721,0.303738317757009,0,1,0.558139534883721,1,0.294117647058824,1,0.67817896389325,0.69242658423493,0.700607902735562,1,1,0.308917197452229,0.301538461538462,0.3003003003003,0.305084745762712,0.312688821752266,0,1,0.301059001512859,1,1,0.484227129337539,0.579277864992151,1,1,1,0.316998468606432,0.306027820710974,0.300155520995334,0.693146417445483,1,1,0.0376766091051805,1,0.0618401206636501,0.308157099697885,1,0.309230769230769,0.306709265175719,0.97196261682243,0.526073619631902,1,0.294478527607362,0.322239031770045,1,0.299679487179487,0.0894568690095847,0.314152410575428,0.311728395061728,1,0.32312404287902,1,1,1,1,0.711864406779661,1,1,0.00153609831029186,0.112977099236641,1,0.0495495495495495,0,1,0.571879936808847,0.690513219284603,1,0.0580847723704867,0.295839753466872,1,0.29595015576324,1,0.69618320610687,1,0.299065420560748,0.302652106084243,0.311450381679389,1,0.309451219512195,1,0.49618320610687,1,0.303405572755418,0.30521472392638,0.314199395770393,0.307931570762053,0.493108728943338,0.998461538461539,0.308845577211394,0.301261829652997,1,0.286153846153846,1,1,0.342679127725857,0.537065052950076,1,0.30077519379845,1,0.0446428571428571,1,0.303353658536585,0.685975609756098,0.314814814814815,0.928237129485179,0.42515923566879,0.109204368174727,0.105426356589147,1,1,0.318042813455657,1,0.311377245508982,1,0.807339449541284,1,0.310832025117739,1,1,1,1,0.31924882629108,1,0.310077519379845,0.266068759342302,1,0.306870229007634,1,0.290322580645161,0.088646967340591,1,0.29595015576324,1,1,1,0.320726172465961,1,0.310725552050473,1,0.289634146341463,1,0.305164319248826,0.0802469135802469,1,0.649762282091918,1,1,0.305246422893482,1,1,1,1,0.314641744548287,0.296969696969697,1,0.998459167950693,0.303353658536585,0.294025157232704,1,0.456883509833585,0.68685376661743,0,0.305007587253414,0.688922610015175,1,0.308623298033283,1,0.998484848484849,1,0.306027820710974,0.306990881458967,0.3168,1,1,1,0,1,0.301587301587302,0.968229954614221,0.317262830482115,0.298136645962733,0.753488372093023,1,1,1,1,1,0.0473282442748092,0.303738317757009,0.308845577211394,1,0.690402476780186,1,1,0.998447204968944,0.998468606431853,1,1,0.00305343511450382,0.330289193302892,1,0.29264475743349,1,0.290571870170015,1,1,1,1,1,0.312693498452012,1,0.506998444790047,0.31937984496124,0.310291858678955,0.303405572755418,0.31201248049922,0.313572542901716,0.41390205371248,0.319444444444444,0.302571860816944,0.295558958652374,1,0.308527131782946,1,0.688253012048193,0.306748466257669,0.324655436447167,0.316118935837246,1,1,1,0.262830482115086,0.30077519379845,1,0.310344827586207,0.31570996978852,0.303543913713405,0.3,0.702619414483821,1,0.316187594553706,0.306729264475743,1,0.289763779527559,1,0.301801801801802,0.3,1,1,1,0.552147239263804,1,0.701700154559505,0.0879284649776453,0.307098765432099,1,1,0.10260336906585,0.301538461538462,0.309748427672956,1,1,0.298642533936652,0.0232558139534884,0.00155038759689922,1,1,0.321321321321321,0.998449612403101,1,0.297709923664122,1,1,0.310872894333844,1,1,1,1,0.314241486068111,0.297297297297297,0.319554848966614,1,1,0.686544342507645,0.306501547987616,1,0.306525037936267,0.283720930232558,1,1,0.998456790123457,1,1,0.314728682170543,1,1,0.1140625,0.321156773211568,0.478461538461538,0.289099526066351,0.6828125,0.303303303303303,1,0.294117647058824,0.316358024691358,0.265060240963855,0.312121212121212,1,0.3125,1,1,1,0.292259083728278,0.304675716440422,0.998473282442748,0.918789808917197,0.0673981191222571,1,0.302003081664099,0.304953560371517,0.300314465408805,1,0.314674735249622,0.473926380368098,0.308282208588957,0.303076923076923,0.308544303797468,0.286163522012579,1,0.305511811023622,1,1,0,1,0.3078125,1,1,1,0.314285714285714,1,0.302034428794992,1,0.828967642526965,1,1,1,0.299093655589124,1,1,0.290571870170015,0.301684532924962,1,1,0.301684532924962,0.189024390243902,1,0.998454404945904,1,0,0.297805642633229,1,0.295839753466872,0.25194401244168,1,0.686153846153846,0.416918429003021,1,1,0.692878338278932,0.708141321044547,0.337920489296636,1,0.302936630602782,1,1,0.321875,1,0.998449612403101,0.00775193798449612,0.311627906976744,1,1,0.305900621118012,1,1,0.2875,0.351851851851852,1,1,1,0.51702786377709,0.297380585516179,0.334890965732087,0.305059523809524,0.317147192716237,0.702028081123245,0.308396946564885,0.313364055299539,0.297744360902256,0.248833592534992,0.299050632911392,1,0.315789473684211,0.998449612403101,0.294851794071763,0.0872781065088757,0.0557228915662651,1,1,0.0398773006134969,1,0.69431643625192,0.0455235204855842,0.0124804992199688,1,0.693498452012384,1,1,0.538338658146965,1,0,0.0798722044728434,1,1,1,0.309748427672956,0.654970760233918,0.696485623003195,0.993930197268589,1,0.980480480480481,0.296296296296296,0.343653250773994,1,0.284829721362229,1,0.356814701378254,0.1109375,0.298461538461538,0.302752293577982,0.323481116584565,1,0.0821917808219178,1,1,1,0.264880952380952,0.308892355694228,1,0.3171875,1,1,0.293577981651376,1,0.30952380952381,1,0.296062992125984,0.308166409861325,1,0.689655172413793,0.303030303030303,1,0.306853582554517,0.758139534883721,0.300898203592814,0.16289592760181,0.310240963855422,0.761102603369066,0.294117647058824,1,0.308527131782946,0.323216995447648,0.278963414634146,1,1,1,0.966613672496025,0.351910828025478,1,0.310236220472441,1,0.309409888357257,0.300604229607251,1,1,1,0.913713405238829,1,0.30030487804878,0.310606060606061,1,1,0.050314465408805,0.0865533230293663,1,1,0.289473684210526,1,1,0.30568356374808,1,1,0.691107644305772,0.54833836858006,1,0,1,1,0.104072398190045,0.315950920245399,1,0.311248073959938,0.998461538461539,0.960998439937597,0.998466257668712,0.822900763358779,1,0.317891373801917,1,1,1,0,0.296774193548387,1,1,0.684375,1,0.306501547987616,0.347496206373293,0.306625577812018,1,1,1,0.0968229954614221,0.308056872037915,0.0957613814756672,0.998452012383901,0.295625942684766,0.294656488549618,0.330275229357798,0,1,0.956923076923077,1,1,0.309968847352025,0.28657616892911,0.1625,0.0404984423676012,0.304821150855365,0.297674418604651,0.310769230769231,0.00156739811912226,0.302752293577982,1,0,0.301659125188537,1,1,1,0.3,0.30688622754491,0.0368,1,0.302325581395349,0.293129770992366,1,1,0.30381679389313,0.704,1,1,0.70846394984326,1,0.299698795180723,1,0.306748466257669,0.534638554216867,0.686186186186186,0.402402402402402,1,0.28310502283105,0.303543913713405,0.685325264750378,0.6797583081571,1,0.312210200927357,1,0.30688622754491,1,0.305084745762712,0.2921875,0.337920489296636,0.509984639016897,0.304821150855365,0.295665634674923,0.678627145085803,0.308510638297872,0.14968152866242,1,0,1,0.28125,1,0,0.30757341576507,0.301242236024845,1,0.0610119047619048,1,0.0919003115264797,0.3198127925117,1,0.0675883256528418,0.678955453149002,1,1,1,0.3008,0.0414201183431953,1,0.415765069551777,0.0995260663507109,0.33433734939759,0.314984709480122,0.310872894333844,1,1,1,1,1,0.0674662668665667,0.996992481203008,0.696048632218845,0.0029585798816568,0.305555555555556,1,1,1,1,0.0924499229583975,0.307922272047833,1,1,1,1,1,1,0.50521609538003,0.00154083204930663,1,0.0876923076923077,0.301857585139319,0.445300462249615,1,0.384375,0.296116504854369,0.300911854103343,1,0.043343653250774,0.308980213089802,1,1,0.362654320987654,0.297256097560976,0.29601226993865,0.306962025316456,0.998473282442748,0.307936507936508,0.306184012066365,0.410015649452269,0.309148264984227,0.972602739726027,0.300898203592814,0.0876369327073552,0.308755760368664,0,1,0.0984375,0.294952681388013,0.309006211180124,0.301538461538462,1,1,1,1,1,1,0.320251177394035,1,0.306278713629403,0.306451612903226,0.600614439324117,0.699685534591195,1,1,0,0.300604229607251,0.127131782945736,0.998487140695915,0.0372093023255814,1,1,0.305772230889236,1,1,0.620094191522763,0.405750798722045,0.995568685376662,0.0851735015772871,0.101721439749609,1,1,1,0.0939907550077042,0,0.306184012066365,0.417682926829268,0.296520423600605,0,0.309486780715397,0.0914826498422713,1,1,0.315233785822021,0.306278713629403,0.248826291079812,0.313971742543171,0.300153139356815,0.313364055299539,1,1,0.316770186335404,1,0,1,0.228748068006182,1,0.690076335877863,1,0.297045101088647,0.293103448275862,0.0819423368740516,0.69079939668175,1,1,0.792248062015504,0.902668759811617,0.304012345679012,0.306603773584906,1,0.309707241910632,0.262345679012346,0.300157977883096,1,0.103975535168196,1,1,0.304147465437788,0.694753577106518,0.288611544461778,1,1,0.302431610942249,0.302431610942249,0.304347826086957,0.85625,0.302839116719243,1,0.0579268292682927,1,1,0.708396946564885,0.661514683153014,0.311605723370429,0.0552995391705069,0.309968847352025,1,1,0.29375,0.304347826086957,0.628834355828221,1,0.29742033383915,0.371775417298938,0.29742033383915,0.98644578313253,0.486821705426357,0.00455927051671732,0.290519877675841,0.312217194570136,0.3171875,0.304897314375987,0.305847076461769,0.977409638554217,1,0.296923076923077,0.560250391236307,0.693877551020408,0.243410852713178,0.703525641025641,1,0.309006211180124,0.0031496062992126,0.314984709480122,0.294298921417565,0.361111111111111,0.311912225705329,0,0.318818040435459,0.299363057324841,0.311320754716981,0.299539170506912
"41",0.693418940609952,0.669796557120501,0.668759811616955,0.654952076677316,0.669781931464174,0.674603174603175,0.983660130718954,0.66304347826087,0.677115987460815,0.445528455284553,0.667701863354037,0.376971608832808,0.459069020866774,0.664536741214057,0.00159489633173844,0.00315457413249211,0.400311526479751,0.99836867862969,0.667711598746082,0.6734375,0.00312989045383412,0.00318471337579618,0.66046511627907,0.509375,0.670788253477589,0.00308166409861325,0.0032,0.646302250803859,0.670278637770898,0.449760765550239,0.00314465408805031,0.387944358578053,0.611455108359133,0.00315457413249211,0.349529780564263,0.674380165289256,0.870109546165884,0.658423493044822,0.00307219662058372,0.67817896389325,1,0.99685534591195,0.996978851963746,0.653968253968254,0.670926517571885,0.00162074554294976,0.00312989045383412,0.00306748466257669,0.0031104199066874,0.00309119010819165,0.3234375,0.656645569620253,0.00308166409861325,0.66403785488959,0.669207317073171,0.168789808917197,0.886035313001605,0.659777424483307,0.668217054263566,0.661971830985915,0.00622083981337481,0,0.00159235668789809,0.99685534591195,0.66131621187801,0.667185069984448,0.360501567398119,0.661927330173776,0.404287901990812,0.00153374233128834,0.668238993710692,0.00309597523219814,0.00161550888529887,0.701130856219709,0.851500789889415,0.661538461538462,0.00305810397553517,0.00613496932515337,0.6640625,0.0032626427406199,0.411382113821138,0.0015748031496063,0.0031496062992126,0.663522012578616,0.0015600624024961,0.658461538461538,0.673534072900158,0.660964230171073,0.6656,0.998452012383901,0.667197452229299,0.655487804878049,0.328638497652582,0.440677966101695,0.672523961661342,0.379785604900459,0.334360554699538,0.673946957878315,0.897727272727273,0.998420221169036,0.668238993710692,0.4016,0.00315457413249211,0.663974151857835,0.00317460317460317,0.656500802568218,0.99685534591195,0.666666666666667,0.00313479623824451,0.00159489633173844,0.00309597523219814,0.677115987460815,0.0015552099533437,0.655660377358491,0.813169984686064,0.67741935483871,0,0.643192488262911,0.00153609831029186,0.00316957210776545,0.813084112149533,0.6703125,0.003125,0.0016025641025641,0.65284178187404,0.00312989045383412,0.666666666666667,0.672333848531685,0.649921507064364,0.236111111111111,0.666136724960254,0.00316957210776545,0.654895666131621,0.384732824427481,0.651757188498403,0.00308166409861325,1,0,0.600633914421553,0.112179487179487,0.437299035369775,0.427432216905901,0.668769716088328,0.662866449511401,0.00316455696202532,0.671875,0.00301204819277108,0.679304897314376,0.472222222222222,0.665144596651446,0.0016025641025641,0.676100628930818,0.668238993710692,0.66131621187801,0.663507109004739,0.00156739811912226,0.675632911392405,0.00317965023847377,0.584496124031008,0.654320987654321,0.00156494522691706,0.665639445300462,0.00313479623824451,0.425196850393701,0.670947030497592,0.0032520325203252,0.660964230171073,0.665109034267913,0.656050955414013,0.0108527131782946,0.655226209048362,0,0.659305993690852,0.00313971742543171,0.6677471636953,0.00156739811912226,0.420401854714065,0.683307332293292,0.970394736842105,0.678972712680578,0.65990639625585,0.00322061191626409,0.679186228482003,0.666153846153846,0.661949685534591,0.648648648648649,0.003125,0.0015625,0.657467532467532,0.65625,0.00310077519379845,0.00160513643659711,0.662538699690402,0.787974683544304,0.983231707317073,0.325038880248834,0.00158478605388273,1,0.665094339622642,0.0031055900621118,0.667197452229299,0.671779141104294,0.673374613003096,0.00316455696202532,0.00306748466257669,0.00159489633173844,0.656488549618321,0.673107890499195,0.6640625,0.339622641509434,0.681818181818182,0.00322061191626409,0.644757433489828,0.00317460317460317,0.0031104199066874,0.576862123613312,0.658730158730159,0.6578125,0.653481012658228,0.682242990654206,0.666134185303514,0.371248025276461,0.00314465408805031,0.0031055900621118,0.667177914110429,0.996913580246914,0.659476117103236,0.670750382848392,0.669826224328594,0.674418604651163,0.683464566929134,0.665644171779141,0.322981366459627,0.66358024691358,0.673405909797823,0.00158730158730159,0.661367249602544,0.00154559505409583,0.676100628930818,0.674454828660436,0.668789808917197,0.649842271293375,0.675718849840256,0.00314465408805031,0.659937888198758,0.174193548387097,0.00313971742543171,0.00155763239875389,0,0.00157232704402516,0.00310077519379845,0.111111111111111,0.0031055900621118,0.0015625,0.00154559505409583,0.668711656441718,0.00309597523219814,0.660771704180064,0.996918335901387,0.00313971742543171,0.636222910216718,0.00159235668789809,0.662939297124601,0.661392405063291,0.667731629392971,0.597156398104265,0.00307219662058372,0.65987460815047,0.00315457413249211,0.00306278713629403,0.00156985871271586,0.00313479623824451,0.998412698412698,0.671875,0.0031201248049922,0,0.662974683544304,0.00164473684210526,0.661993769470405,0.00307692307692308,0.00317460317460317,0.673534072900158,0.659127625201939,0.68380062305296,0.869291338582677,0.659163987138264,0.996894409937888,0.425954198473282,0.00156985871271586,0.663109756097561,0.66984126984127,0.4421875,0.00313479623824451,0.00319488817891374,0.659163987138264,0.654028436018957,0.003125,0.359937402190923,0.317891373801917,0.674015748031496,0.663446054750403,0.00303490136570561,0.655555555555556,0.67921686746988,0.00309597523219814,0.671406003159558,0.679878048780488,0.00156494522691706,0.676100628930818,0.670364500792393,0.675925925925926,0.670295489891135,0.00316957210776545,0.00307219662058372,0,0.674528301886792,0.661367249602544,0.992125984251969,0.00473186119873817,0.660287081339713,0,0.00156739811912226,0.678516228748068,0.662576687116564,0.683641975308642,0.670295489891135,0.671875,0.0031055900621118,0.674603174603175,0.674015748031496,0.453808752025932,0,0.1671875,0.00157977883096367,0.998432601880878,0.00308166409861325,0.664634146341463,0.00320512820512821,0.00158227848101266,0.598461538461538,0.00155038759689922,0.661367249602544,0.00308641975308642,0.675590551181102,0.680314960629921,0.667706708268331,0.00158227848101266,0.00310077519379845,0.660347551342812,0.575121163166397,0.4064,0.684126984126984,0.00156494522691706,0.0015748031496063,0.00322061191626409,0.667194928684628,0.00156739811912226,0.811320754716981,0.00309119010819165,0.00314465408805031,0.00319488817891374,0.00159489633173844,0.663551401869159,0.00320512820512821,0.665064102564103,0.647709320695103,0.33693972179289,0.674050632911392,0.00157977883096367,0.6578125,0.666666666666667,0.666134185303514,0.00316455696202532,0.67175572519084,0.00317460317460317,0.659442724458204,0.4875,0.66046511627907,0.65818759936407,0.676470588235294,0.0031104199066874,0.665620094191523,0.677570093457944,0.00154559505409583,0.003125,0.664086687306502,0.673469387755102,0.00157977883096367,0.541411042944785,0.662358642972536,0.655172413793103,0.653250773993808,0.330745341614907,0.00315457413249211,0.68780487804878,0.00321543408360129,0.593406593406593,0.6752,0.996899224806202,0.115207373271889,0.667731629392971,0.6672,0.998493975903614,0.97191887675507,0.0156739811912226,0.666141732283465,0.0031104199066874,0.675675675675676,0.665040650406504,0.00158478605388273,0.65891472868217,0.667192429022082,0.340062111801242,0.0015625,0.667194928684628,0.663492063492063,0.00161290322580645,0.6734375,0.672638436482085,0.00158982511923688,0.669278996865204,0.667731629392971,0.667706708268331,0.652448657187994,0.186728395061728,0.00156985871271586,0.0223642172523962,0.00301659125188537,0.00313971742543171,0.998430141287284,0.00310077519379845,0.00470219435736677,0.00153374233128834,0.587579617834395,0.00316957210776545,0.668730650154799,0.00308641975308642,0.656645569620253,0.003125,0.412772585669782,0.381316998468606,0.66358024691358,0.670295489891135,0.381619937694704,0.659090909090909,0.996918335901387,0.390205371248025,0.329093799682035,0.667687595712098,0.9984375,0.67651632970451,0.670826833073323,0.23015873015873,0.659409020217729,0.325914149443561,0.424,0.669856459330144,0.665123456790123,0.686427457098284,0,0.977477477477477,0.996768982229402,0.665629860031104,0.658841940532081,0.661538461538462,0.00313479623824451,0.670886075949367,0.667185069984448,0.00319488817891374,0.673879443585781,0.0560747663551402,0.444976076555024,0.00155763239875389,0.00305343511450382,0.00664451827242525,0.663109756097561,0.417310664605873,0.664615384615385,0.669381107491857,0.665639445300462,0.594427244582043,0.00315955766192733,0.671451355661882,0.00316455696202532,0.664516129032258,0.669918699186992,0.00155763239875389,0.662420382165605,0.00301204819277108,0.66824644549763,0,0.00315955766192733,0.66304347826087,1,0.00303951367781155,0.664586583463339,0.00160513643659711,0.419906687402799,0.0015625,0.517665130568356,0.00302571860816944,0.418238993710692,0.0032,0.669329073482428,0.0031496062992126,0,0.00307692307692308,0.673566878980892,0.664556962025316,0.663594470046083,0.636952998379254,0.690671031096563,0.671899529042386,0.00160513643659711,0.663522012578616,0.0033167495854063,0.0015220700152207,0.658227848101266,0.671451355661882,0.669242658423493,0.593406593406593,0.666153846153846,0,0.00313971742543171,0.658385093167702,0.659340659340659,0.396496815286624,0.427672955974843,0.669291338582677,0.66131621187801,0.0032,0.672955974842767,0.671802773497689,0.00632911392405063,0.678513731825525,0.677966101694915,0.996860282574568,0.877300613496933,0.667706708268331,0.336890243902439,0.671428571428571,0.665629860031104,0.418856259659969,0.00626959247648903,0.673015873015873,0.0015748031496063,0.668253968253968,0.634645669291339,0.667197452229299,0.497674418604651,0.668231611893584,0.00162337662337662,0.663009404388715,0.665610142630745,0.647527910685805,0.327718223583461,0.0032626427406199,0.656451612903226,0.6625,0.998417721518987,0.656923076923077,0.00157728706624606,0.0481366459627329,0.0031055900621118,0.667697063369397,0.656200941915228,0.669811320754717,0.434984520123839,0.0032,0.429712460063898,0.653481012658228,0,0.00308641975308642,0.0327102803738318,0.343354430379747,0.658841940532081,0.625,0.660406885758998,0.664576802507837,0.00313971742543171,0.00308166409861325,0.5,0.3856,0.00313479623824451,0.00312989045383412,0.00154083204930663,0.322222222222222,0.0031104199066874,0.657407407407407,0.336463223787167,0.0030441400304414,0.6625,0.669316375198728,0.670826833073323,0.00308166409861325,0.00305343511450382,0.372990353697749,0.664596273291925,0.00313971742543171,0.00309597523219814,0.658423493044822,0.6703125,0.00154320987654321,0.996794871794872,0.670947030497592,0.676236044657097,0.995290423861852,0.665123456790123,0.00308166409861325,0.674603174603175,0.00315457413249211,0.86085626911315,0.996913580246914,0.103395061728395,0.663507109004739,0.00307692307692308,0.0031496062992126,0.996870109546166,1,0.657276995305164,0.0031104199066874,0.663430420711974,0,0.675675675675676,0.00316957210776545,0.00476947535771065,0.0309119010819165,0.217928902627512,0.00162074554294976,0.00320512820512821,0.995297805642633,0.0015527950310559,0.504966887417219,0.654458598726115,0.348297213622291,0.663076923076923,0.00315457413249211,0.674603174603175,0.34012539184953,0,0.00322061191626409,0.666666666666667,0.390317700453858,0.656298600311042,0.4384,0.0270700636942675,0.657187993680885,0.421875,0.988976377952756,0.663536776212833,0.658767772511848,0.665634674922601,0.00161550888529887,0.381761978361669,0.675,0.104928457869634,0.430599369085173,0.0306278713629403,0.00314465408805031,0.0015552099533437,0.674015748031496,0.6432,0.670988654781199,0.667185069984448,0.67817896389325,0.401515151515151,0.677469135802469,0.996899224806202,0.336336336336336,0.0015527950310559,0.658385093167702,0.680314960629921,0.668284789644013,0.66412213740458,0.414944356120827,0.00308641975308642,0.652241112828439,0.64573268921095,0.662379421221865,0.666666666666667,0.668224299065421,0.675590551181102,0.825273010920437,0.341772151898734,0.657051282051282,0.414746543778802,0.0031104199066874,0.7859375,0.660964230171073,0.0747967479674797,0.00326797385620915,0.00311526479750779,0.672926447574335,0.381102362204724,0.00153374233128834,0.667687595712098,0.682539682539683,0.0380952380952381,0.00156985871271586,0.0032258064516129,0.00161550888529887,0.664615384615385,0.0015748031496063,0.00309597523219814,0.108832807570978,0.00312989045383412,0.627906976744186,0.00308166409861325,0.429967426710098,0.0015625,0.341732283464567,0.674121405750799,0.418789808917197,0.00318979266347687,0.00311526479750779,0.00789889415481832,0.659969088098918,0.65414710485133,0.661764705882353,0.666666666666667,0.6672,0.658692185007974,0.014218009478673,0.671899529042386,0.00158227848101266,0.00168067226890756,0.27047913446677,0.998407643312102,0.659969088098918,0.663536776212833,0.334862385321101,0.00306278713629403,0.464788732394366,0.655332302936631,0.370486656200942,0.670846394984326,0.659643435980551,0.00317460317460317,0.6703125,0.665594855305466,0.321144674085851,0.0935483870967742,0.660740740740741,0.410628019323671,0.439873417721519,0.658423493044822,0.666666666666667,0.684952978056426,0.425233644859813,0.335925349922239,0.00154083204930663,0.0985915492957746,0.00308641975308642,0.355140186915888,0.00157977883096367,0.422893481717011,0.670347003154574,0.653846153846154,0.00307219662058372,0.0031201248049922,0.584496124031008,0.00478468899521531,0.0031055900621118,0.00308166409861325,0.674050632911392,0.658307210031348,0.00158730158730159,0.666165413533835,0.3359375,0.654088050314465,0.556942277691108,0.682888540031397,0.996884735202492,0.673374613003096,0.00157977883096367,0.00320512820512821,0.42457231726283,0.998463901689708,0.652037617554859,0.665071770334928,0.896389324960754,0.581320450885668,0.00315457413249211,0.0016025641025641,0.673879443585781,0.00312989045383412,0.60347551342812,0.00159235668789809,0.66,0.435458786936236,0.663009404388715,0.665610142630745,0.00158982511923688,0.998387096774194,0.00159235668789809,0.678571428571429,0.659235668789809,0.00155763239875389,0.0031104199066874,0.00151745068285281,0.554294975688817,0.00163398692810458,0.660883280757098,0.400309119010819,0.652996845425868,0.659163987138264,0.998447204968944,0.962145110410095,0.0032258064516129,0.392125984251968,0.00316455696202532,0.665109034267913,0.652173913043478,0.00161030595813205,0.00317460317460317,0.848159509202454,0.676609105180534,0.00309597523219814,0.10077519379845,0.0015527950310559,0.664615384615385,0.822966507177033,0.346875,0.00154559505409583,0.00154083204930663,0.00317965023847377,0.00161030595813205,0.00306748466257669,0.698757763975155,0.679245283018868,0.00157728706624606,0.889967637540453,1,0.577223088923557,0.998347107438017,0.651685393258427,0.00313971742543171,0.334384858044164,0.0015600624024961,0.0031055900621118,0.113564668769716,0,0.336463223787167,0.0031496062992126,0.00319488817891374,0.00157977883096367,0.0031104199066874
"42",0.698738170347003,0.688473520249221,0.688372093023256,0.664,0.684782608695652,0.693146417445483,0.988993710691824,0.681889763779528,0.695178849144635,0.424528301886792,0.676970633693972,0.360374414976599,0.483516483516484,0.679127725856698,0,0,0.38006230529595,1,0.679304897314376,0.692546583850932,0,0,0.674846625766871,0.477449455676516,0.682852807283763,0,0,0.658767772511848,0.691603053435115,0.465927099841521,0,0.407407407407407,0.625776397515528,0.00314465408805031,0.332810047095761,0.687296416938111,0.864485981308411,0.68030303030303,0,0.69242658423493,0.99685534591195,1,1,0.668789808917197,0.67981072555205,0,0.00469483568075117,0,0,0,0.321483771251932,0.666139240506329,0,0.674961119751166,0.680685358255452,0.179936305732484,0.8801261829653,0.677519379844961,0.678571428571429,0.678683385579937,0.00770416024653313,0,0,0.993788819875776,0.687096774193548,0.683153013910355,0.349378881987578,0.668769716088328,0.389140271493213,0,0.678955453149002,0,0,0.726837060702875,0.843797856049005,0.686453576864536,0,0.00461538461538462,0.676380368098159,0,0.393258426966292,0,0,0.666151468315301,0,0.679699248120301,0.684458398744113,0.670295489891135,0.687211093990755,1,0.677621283255086,0.673780487804878,0.319314641744548,0.409230769230769,0.685990338164251,0.363358778625954,0.3140625,0.68558282208589,0.882636655948553,1,0.680685358255452,0.376766091051805,0,0.683360258481422,0,0.682464454976303,1,0.687789799072643,0,0,0,0.691107644305772,0.00311526479750779,0.67687595712098,0.797564687975647,0.688350983358548,0,0.619783616692427,0,0,0.79874213836478,0.686728395061728,0,0,0.665123456790123,0,0.679640718562874,0.689759036144578,0.628705148205928,0.218461538461538,0.680445151033386,0,0.67246835443038,0.368580060422961,0.668276972624799,0,0.998461538461539,0,0.628125,0.107317073170732,0.419558359621451,0.403755868544601,0.690402476780186,0.670947030497592,0,0.693374422187982,0,0.697160883280757,0.500772797527048,0.67629179331307,0,0.691222570532915,0.680817610062893,0.68088467614534,0.673405909797823,0,0.69242658423493,0,0.558502340093604,0.672281776416539,0,0.674772036474164,0,0.408950617283951,0.683544303797468,0,0.68075117370892,0.687116564417178,0.66403785488959,0.0138888888888889,0.672413793103448,0,0.675590551181102,0,0.675895765472313,0,0.402476780185758,0.702492211838006,0.971246006389776,0.69811320754717,0.68062015503876,0,0.690031152647975,0.676470588235294,0.67817896389325,0.670261941448382,0,0,0.671451355661882,0.672868217054264,0,0,0.675883256528418,0.756172839506173,0.98355754857997,0.321372854914197,0,0.996870109546166,0.689814814814815,0,0.681458003169572,0.685325264750378,0.68380062305296,0.00310077519379845,0,0,0.672155688622755,0.686708860759494,0.681047765793529,0.321766561514196,0.694835680751174,0,0.653125,0,0,0.55607476635514,0.67817896389325,0.680491551459293,0.682027649769585,0.696875,0.682464454976303,0.358814352574103,0,0,0.687402799377916,0.996923076923077,0.678461538461538,0.687975646879756,0.681318681318681,0.685847589424572,0.704968944099379,0.672782874617737,0.309707241910632,0.627480916030534,0.684952978056426,0,0.683042789223455,0,0.690076335877863,0.689763779527559,0.681318681318681,0.675632911392405,0.690095846645367,0,0.673813169984686,0.20253164556962,0,0,0.00316957210776545,0,0,0.0962145110410095,0,0,0,0.678733031674208,0,0.680129240710824,1,0,0.610169491525424,0,0.670364500792393,0.676056338028169,0.682737169517885,0.574102964118565,0,0.68167701863354,0,0,0,0,1,0.688575899843505,0,0,0.681047765793529,0,0.683153013910355,0,0,0.685624012638231,0.677215189873418,0.699074074074074,0.858255451713396,0.671428571428571,1,0.411589895988113,0,0.68266253869969,0.677165354330709,0.419504643962848,0,0,0.676282051282051,0.66510172143975,0,0.342105263157895,0.307086614173228,0.689547581903276,0.667197452229299,0.00762195121951219,0.676425269645609,0.687687687687688,0,0.683962264150943,0.693009118541033,0,0.693037974683544,0.678740157480315,0.687022900763359,0.680124223602484,0,0,0,0.688679245283019,0.668261562998405,0.992319508448541,0.00788643533123028,0.666666666666667,0,0,0.686153846153846,0.668202764976959,0.684615384615385,0.68160741885626,0.689922480620155,0,0.693623639191291,0.691588785046729,0.423948220064725,0,0.153238546603476,0,1,0,0.674242424242424,0,0,0.573846153846154,0.00154559505409583,0.680511182108626,0,0.687598116169545,0.69826224328594,0.685271317829457,0,0,0.678018575851393,0.606060606060606,0.388976377952756,0.689984101748808,0,0,0,0.68,0,0.792834890965732,0,0,0,0,0.672839506172839,0,0.68189233278956,0.666666666666667,0.320813771517997,0.6992,0,0.675,0.685240963855422,0.688498402555911,0,0.691717791411043,0,0.678678678678679,0.524105754276827,0.67032967032967,0.676236044657097,0.688271604938272,0,0.675632911392405,0.692675159235669,0,0,0.685358255451713,0.684044233807267,0,0.514592933947773,0.685126582278481,0.672897196261682,0.673405909797823,0.316358024691358,0,0.708064516129032,0,0.572542901716069,0.690625,1,0.116207951070336,0.682692307692308,0.682098765432099,1,0.968701095461659,0.0186915887850467,0.676609105180534,0,0.690251572327044,0.678343949044586,0,0.673879443585781,0.683544303797468,0.332288401253919,0,0.673501577287066,0.680379746835443,0,0.687306501547988,0.6912,0,0.654320987654321,0.685714285714286,0.689335394126739,0.672386895475819,0.205007824726135,0,0.0173228346456693,0,0,0.998435054773083,0,0.00469483568075117,0,0.575,0.0016025641025641,0.69218989280245,0.0060790273556231,0.667189952904239,0.00311526479750779,0.388379204892966,0.368827160493827,0.676380368098159,0.68167701863354,0.36055469953775,0.681318681318681,1,0.372670807453416,0.316535433070866,0.676335877862595,0.998468606431853,0.6801872074883,0.694620253164557,0.219047619047619,0.67530487804878,0.309707241910632,0.39589905362776,0.677672955974843,0.676470588235294,0.69620253164557,0,0.97593984962406,1,0.684615384615385,0.666149068322981,0.664596273291925,0,0.658805031446541,0.67651632970451,0,0.691717791411043,0.0587326120556414,0.4288,0,0,0.00662251655629139,0.680365296803653,0.382262996941896,0.679817905918058,0.684126984126984,0.687010954616588,0.573846153846154,0,0.682888540031397,0,0.674679487179487,0.679549114331723,0,0.680445151033386,0,0.673534072900158,0,0,0.674961119751166,1,0,0.676470588235294,0,0.426356589147287,0,0.486821705426357,0,0.434579439252336,0,0.680129240710824,0,0,0,0.684210526315789,0.675039246467818,0.684451219512195,0.656,0.660655737704918,0.690993788819876,0,0.672413793103448,0,0,0.675507020280811,0.685714285714286,0.680428134556575,0.617054263565891,0.675344563552833,0,0,0.670769230769231,0.6796875,0.37239165329053,0.396875,0.689547581903276,0.67948717948718,0,0.686453576864536,0.681749622926094,0.00626959247648903,0.692185007974482,0.688679245283019,1,0.863914373088685,0.68621236133122,0.317365269461078,0.687797147385103,0.678627145085803,0.393893129770992,0.0015527950310559,0.687400318979266,0,0.681181959564541,0.6513470681458,0.687010954616588,0.526234567901235,0.690031152647975,0,0.683001531393568,0.674050632911392,0.67244094488189,0.30521472392638,0,0.675675675675676,0.678955453149002,1,0.675344563552833,0.00154559505409583,0.0431432973805855,0,0.684210526315789,0.674961119751166,0.692429022082019,0.412307692307692,0,0.409020217729393,0.668769716088328,0,0,0.0338461538461538,0.327102803738318,0.670866141732283,0.638888888888889,0.679506933744222,0.68266253869969,0,0,0.475968992248062,0.3671875,0,0,0.00153139356814701,0.3072,0,0.673846153846154,0.3140625,0,0.675465838509317,0.67817896389325,0.682737169517885,0.0015527950310559,0,0.358642972536349,0.670807453416149,0,0,0.672413793103448,0.693721286370597,0.00155038759689922,1,0.692429022082019,0.686821705426357,0.992211838006231,0.685496183206107,0,0.691823899371069,0,0.856488549618321,1,0.0876132930513595,0.665634674922601,0,0,1,0.998470948012232,0.674454828660436,0,0.684044233807267,0.00303951367781155,0.684210526315789,0,0,0.0362776025236593,0.212732919254658,0,0,0.993730407523511,0,0.479166666666667,0.669796557120501,0.326186830015314,0.674454828660436,0,0.69435736677116,0.328125,0,0,0.688188976377953,0.378176382660688,0.673312883435583,0.414826498422713,0.031055900621118,0.665615141955836,0.393188854489164,0.987538940809969,0.687203791469194,0.674961119751166,0.671779141104294,0,0.362252663622527,0.693251533742331,0.112324492979719,0.403453689167975,0.032258064516129,0,0,0.687888198757764,0.660855784469097,0.681020733652313,0.683641975308642,0.686064318529862,0.381954887218045,0.690440060698027,1,0.328313253012048,0,0.669254658385093,0.698890649762282,0.684466019417476,0.675925925925926,0.390697674418605,0,0.670694864048338,0.669871794871795,0.671474358974359,0.676100628930818,0.681747269890796,0.683464566929134,0.80370942812983,0.315047021943574,0.676100628930818,0.395770392749245,0,0.757341576506955,0.67879746835443,0.0845295055821372,0,0,0.681181959564541,0.36650868878357,0,0.685271317829457,0.69435736677116,0.0461049284578696,0,0,0.00159489633173844,0.674884437596302,0,0,0.0938967136150235,0,0.645705521472393,0,0.404153354632588,0,0.324242424242424,0.693498452012384,0.39375,0,0,0.00789889415481832,0.669781931464174,0.6734375,0.676328502415459,0.673469387755102,0.671474358974359,0.671949286846276,0.0157977883096366,0.692307692307692,0,0,0.285053929121726,1,0.675384615384615,0.686153846153846,0.325688073394495,0,0.433229813664596,0.67420814479638,0.349529780564263,0.685847589424572,0.682108626198083,0,0.691950464396285,0.680851063829787,0.297339593114241,0.0873015873015873,0.673621460506706,0.393026941362916,0.416012558869702,0.670694864048338,0.681747269890796,0.694968553459119,0.402208201892744,0.3140625,0,0.109204368174727,0,0.330781010719755,0.00159235668789809,0.406349206349206,0.67906976744186,0.676145339652449,0,0,0.561538461538462,0.00638977635782748,0.00153846153846154,0,0.68125,0.677469135802469,0,0.684131736526946,0.31937984496124,0.667189952904239,0.541666666666667,0.696,1,0.691131498470948,0,0,0.405487804878049,0.998447204968944,0.666144200626959,0.677115987460815,0.906103286384977,0.587579617834395,0,0,0.686153846153846,0,0.582802547770701,0,0.671212121212121,0.407692307692308,0.678461538461538,0.682539682539683,0,1,0,0.6928,0.67244094488189,0,0,0,0.55748031496063,0,0.682316118935837,0.380585516178737,0.67601246105919,0.672496025437202,0.998463901689708,0.959119496855346,0,0.384136858475894,0,0.673913043478261,0.672496025437202,0,0,0.841860465116279,0.689335394126739,0,0.0931297709923664,0,0.675384615384615,0.802215189873418,0.329211746522411,0,0,0,0,0,0.708206686930091,0.691338582677165,0,0.884430176565008,0.998407643312102,0.555382215288612,1,0.668231611893584,0,0.313291139240506,0,0,0.105828220858896,0,0.317972350230415,0,0,0,0
"43",0.708978328173375,0.694656488549618,0.693721286370597,0.681538461538462,0.698924731182796,0.701996927803379,0.987519500780031,0.68798751950078,0.696784073506891,0.427672955974843,0.695252679938744,0.356589147286822,0.481889763779528,0.690993788819876,0,0,0.377099236641221,1,0.683720930232558,0.697852760736196,0,0,0.688449848024316,0.489164086687306,0.702823179791976,0,0,0.677215189873418,0.697568389057751,0.475513428120063,0,0.412213740458015,0.640672782874618,0.00309597523219814,0.32258064516129,0.691813804173355,0.860429447852761,0.683409436834094,0,0.700607902735562,0.996978851963746,1,1,0.686728395061728,0.696124031007752,0,0.0060790273556231,0,0,0,0.295839753466872,0.689335394126739,0,0.687211093990755,0.694277108433735,0.183641975308642,0.873261205564142,0.697108066971081,0.692424242424242,0.690880989180835,0.00754147812971342,0,0,0.993874425727412,0.690966719492868,0.69359756097561,0.341049382716049,0.691131498470948,0.38622754491018,0,0.695852534562212,0,0,0.731554160125589,0.844274809160305,0.690936106983655,0,0.00601503759398496,0.695454545454545,0,0.39652448657188,0,0,0.686453576864536,0,0.69079939668175,0.693846153846154,0.681957186544342,0.692660550458716,1,0.69170579029734,0.681547619047619,0.306525037936267,0.415915915915916,0.697637795275591,0.355855855855856,0.308166409861325,0.703759398496241,0.878164556962025,1,0.693233082706767,0.380517503805175,0,0.695238095238095,0,0.684782608695652,1,0.690292758089368,0,0,0,0.701996927803379,0.00462249614791988,0.688650306748466,0.790977443609023,0.708270676691729,0,0.629007633587786,0,0,0.796352583586626,0.699088145896657,0,0,0.681887366818874,0,0.693667157584683,0.704097116843703,0.635528330781011,0.243283582089552,0.69375,0,0.689335394126739,0.355982274741507,0.679873217115689,0,0.998477929984779,0,0.62826420890937,0.116242038216561,0.414483821263482,0.402439024390244,0.700453857791225,0.689873417721519,0,0.698315467075038,0,0.70606531881804,0.497744360902256,0.685240963855422,0,0.697852760736196,0.693037974683544,0.686915887850467,0.687116564417178,0,0.70750382848392,0,0.566465256797583,0.690690690690691,0,0.685800604229607,0,0.407975460122699,0.691472868217054,0,0.694277108433735,0.703647416413374,0.675465838509317,0.0136157337367625,0.687405159332322,0,0.687402799377916,0,0.696825396825397,0,0.401515151515151,0.716030534351145,0.969648562300319,0.70679012345679,0.700460829493088,0,0.702453987730061,0.691244239631336,0.688549618320611,0.681047765793529,0,0,0.687203791469194,0.685185185185185,0,0,0.691019786910198,0.763888888888889,0.980712166172107,0.297546012269939,0,0.996965098634294,0.698027314112291,0,0.692307692307692,0.694029850746269,0.691717791411043,0.00303951367781155,0,0,0.687593423019432,0.695721077654517,0.700751879699248,0.314152410575428,0.69922480620155,0,0.676425269645609,0,0,0.568807339449541,0.692901234567901,0.692889561270802,0.681047765793529,0.702290076335878,0.69922480620155,0.346687211093991,0,0,0.6996996996997,0.995433789954338,0.684766214177979,0.696879643387816,0.686244204018547,0.70499243570348,0.713178294573643,0.687782805429864,0.291793313069909,0.646084337349398,0.705792682926829,0,0.69435736677116,0,0.703647416413374,0.702786377708978,0.698608964451314,0.68266253869969,0.699059561128527,0,0.685099846390169,0.200622083981337,0,0,0.0031055900621118,0,0,0.108527131782946,0,0,0,0.695393759286776,0,0.691935483870968,1,0,0.618975903614458,0,0.6875,0.68798751950078,0.693374422187982,0.580693815987934,0,0.689497716894977,0,0,0,0,1,0.697347893915757,0,0,0.683001531393568,0,0.693939393939394,0,0,0.700617283950617,0.693396226415094,0.703363914373089,0.856702619414484,0.685847589424572,1,0.406528189910979,0,0.691376701966717,0.694835680751174,0.419207317073171,0,0,0.682242990654206,0.675425038639876,0,0.332317073170732,0.293929712460064,0.700468018720749,0.694888178913738,0.00599700149925037,0.68558282208589,0.709251101321586,0,0.702453987730061,0.708898944193062,0,0.705882352941177,0.69218989280245,0.69218989280245,0.695517774343122,0,0,0,0.699544764795144,0.690625,0.993975903614458,0.00923076923076923,0.691588785046729,0,0,0.701046337817638,0.686453576864536,0.713004484304933,0.690769230769231,0.695121951219512,0,0.695987654320988,0.701219512195122,0.426100628930818,0,0.166666666666667,0,1,0,0.683109118086697,0,0,0.587155963302752,0.00151745068285281,0.688473520249221,0,0.697530864197531,0.702492211838006,0.704204204204204,0,0,0.702743902439024,0.603803486529319,0.385579937304075,0.702786377708978,0,0,0,0.692546583850932,0,0.792048929663609,0,0,0,0,0.687218045112782,0,0.6944,0.677966101694915,0.307098765432099,0.705607476635514,0,0.690332326283988,0.693215339233038,0.694620253164557,0,0.703479576399395,0,0.68955223880597,0.518181818181818,0.692307692307692,0.691950464396285,0.692889561270802,0,0.695178849144635,0.699537750385208,0,0,0.689497716894977,0.698630136986301,0,0.524242424242424,0.69701726844584,0.681887366818874,0.682852807283763,0.307339449541284,0,0.716300940438871,0,0.580398162327718,0.698484848484848,1,0.124054462934947,0.695447409733124,0.691603053435115,1,0.963020030816641,0.0199386503067485,0.697063369397218,0,0.696319018404908,0.69620253164557,0,0.692424242424242,0.699074074074074,0.316436251920123,0,0.690880989180835,0.691358024691358,0,0.697428139183056,0.700787401574803,0,0.659670164917541,0.699844479004666,0.696923076923077,0.682098765432099,0.203363914373089,0,0.0203761755485893,0,0,0.998452012383901,0,0.00609756097560976,0,0.573394495412844,0.00310077519379845,0.708206686930091,0.00596125186289121,0.6801872074883,0.00460122699386503,0.390977443609023,0.368024132730015,0.690076335877863,0.6996996996997,0.358778625954198,0.693650793650794,1,0.362363919129082,0.31055900621118,0.69079939668175,0.998475609756098,0.704892966360856,0.710365853658537,0.243451463790447,0.68140243902439,0.303951367781155,0.408668730650155,0.696594427244582,0.692653673163418,0.711009174311927,0,0.970544918998527,1,0.691489361702128,0.685496183206107,0.677224736048265,0,0.658986175115207,0.695987654320988,0,0.704097116843703,0.0613496932515337,0.418856259659969,0,0,0.0065252854812398,0.694736842105263,0.389221556886228,0.694736842105263,0.6890625,0.696594427244582,0.587183308494784,0,0.702325581395349,0,0.696969696969697,0.696969696969697,0,0.690140845070423,0,0.681957186544342,0,0,0.689393939393939,1,0,0.693251533742331,0,0.435114503816794,0,0.496240601503759,0,0.446153846153846,0,0.693396226415094,0,0,0,0.697709923664122,0.68503937007874,0.690014903129657,0.662480376766091,0.661341853035144,0.707055214723926,0,0.684049079754601,0,0,0.688549618320611,0.699367088607595,0.697289156626506,0.615267175572519,0.692653673163418,0,0,0.685410334346505,0.684292379471229,0.361934477379095,0.404651162790698,0.69683257918552,0.699530516431925,0,0.703076923076923,0.69578313253012,0.00614439324116743,0.701587301587302,0.703245749613601,1,0.860326894502229,0.697247706422018,0.306332842415317,0.703703703703704,0.694277108433735,0.392749244712991,0.00154798761609907,0.705426356589147,0,0.688073394495413,0.660493827160494,0.694915254237288,0.523520485584218,0.695652173913043,0,0.692541856925419,0.68895800933126,0.68380062305296,0.303215926493109,0,0.685126582278481,0.694402420574887,1,0.690440060698027,0.00153846153846154,0.0486322188449848,0,0.694736842105263,0.689863842662632,0.703076923076923,0.409365558912387,0,0.401244167962675,0.677519379844961,0,0,0.0338461538461538,0.308755760368664,0.674311926605505,0.646879756468798,0.694864048338369,0.694992412746586,0,0,0.482919254658385,0.361963190184049,0,0,0.00150829562594268,0.302652106084243,0,0.686274509803922,0.308282208588957,0,0.688271604938272,0.698757763975155,0.69218989280245,0.00301204819277108,0,0.345483359746434,0.692660550458716,0,0,0.693721286370597,0.706060606060606,0.00151285930408472,1,0.695987654320988,0.708333333333333,0.992283950617284,0.700301204819277,0,0.700920245398773,0,0.858858858858859,1,0.104947526236882,0.685325264750378,0,0,1,0.998487140695915,0.683641975308642,0,0.695447409733124,0.003003003003003,0.702619414483821,0,0,0.0397553516819572,0.230769230769231,0,0,0.993911719939117,0,0.490353697749196,0.687211093990755,0.314199395770393,0.688922610015175,0,0.705882352941177,0.316846986089645,0,0,0.694704049844237,0.375917767988253,0.679878048780488,0.406201550387597,0.0296411856474259,0.688073394495413,0.399082568807339,0.98613251155624,0.703125,0.684848484848485,0.692653673163418,0,0.356716417910448,0.703479576399395,0.111627906976744,0.407176287051482,0.0343283582089552,0,0,0.699544764795144,0.671339563862928,0.698924731182796,0.703363914373089,0.70196671709531,0.380740740740741,0.698365527488856,1,0.318114874815906,0.00151515151515152,0.691244239631336,0.695178849144635,0.697492163009404,0.691740412979351,0.391371340523883,0,0.68107302533532,0.680685358255452,0.68362480127186,0.690880989180835,0.698630136986301,0.696923076923077,0.803328290468986,0.308411214953271,0.686544342507645,0.395802098950525,0,0.764976958525346,0.691131498470948,0.0764430577223089,0,0,0.697674418604651,0.349013657056146,0,0.693353474320242,0.703533026113671,0.0456692913385827,0,0,0.00308166409861325,0.687593423019432,0,0,0.109567901234568,0,0.655487804878049,0,0.400313971742543,0,0.313636363636364,0.706708268330733,0.399075500770416,0,0,0.00769230769230769,0.68815592203898,0.687975646879756,0.687106918238994,0.692901234567901,0.69375,0.688087774294671,0.0173228346456693,0.698630136986301,0,0,0.287202380952381,1,0.689759036144578,0.701674277016743,0.315629742033384,0,0.430745814307458,0.68215892053973,0.344236760124611,0.697108066971081,0.69435736677116,0,0.695652173913043,0.69935691318328,0.322429906542056,0.0956937799043062,0.685672514619883,0.393364928909953,0.419753086419753,0.687311178247734,0.684782608695652,0.709923664122137,0.404024767801858,0.307926829268293,0,0.109923664122137,0,0.322775263951735,0.00305810397553517,0.404984423676012,0.7,0.679245283018868,0,0,0.570776255707763,0.00772797527047913,0.0030441400304414,0,0.691588785046729,0.685496183206107,0,0.687224669603524,0.306990881458967,0.678407350689127,0.542944785276074,0.702954898911353,1,0.703030303030303,0,0,0.399096385542169,0.998484848484849,0.682098765432099,0.688172043010753,0.902476780185758,0.593700787401575,0,0,0.704268292682927,0,0.589424572317263,0,0.680534918276374,0.411229135053111,0.691833590138675,0.702660406885759,0,1,0,0.705229793977813,0.692901234567901,0,0,0,0.578294573643411,0,0.690402476780186,0.378625954198473,0.684129429892142,0.680685358255452,0.998473282442748,0.953775038520801,0,0.373271889400922,0,0.68693009118541,0.687598116169545,0,0,0.837209302325581,0.701062215477997,0,0.0974124809741248,0,0.690332326283988,0.794712286158631,0.316590563165906,0,0,0,0,0,0.711940298507463,0.709627329192547,0,0.875598086124402,0.998444790046656,0.558421851289833,1,0.681181959564541,0,0.302936630602782,0,0,0.105504587155963,0,0.305471124620061,0,0,0,0
"44",1,1,1,1,1,1,0.692185007974482,1,1,0.0978792822185971,1,0.0461049284578696,0.82051282051282,1,0.330143540669856,0.32018927444795,0.0590979782270607,0.666129032258065,1,1,0.29635499207607,0.3248,1,0.1515625,1,0.339089481946625,0.330605564648118,1,1,0.791666666666667,0.319685039370079,0.731554160125589,0.961965134706815,0.320754716981132,0,1,0.532915360501567,1,0.310975609756098,1,0.653968253968254,0.668789808917197,0.686728395061728,1,1,0.324281150159744,0.321875,0.31839258114374,0.332814930015552,0.330203442879499,0,1,0.31911532385466,1,1,0.512155591572123,0.5488,1,1,1,0.34009360374415,0.327476038338658,0.327361563517915,0.67304625199362,1,1,0.0365659777424483,1,0.0564885496183206,0.329211746522411,1,0.329617834394904,0.333333333333333,0.966183574879227,0.497695852534562,1,0.317262830482115,0.344236760124611,1,0.32626427406199,0.0925324675324675,0.333865814696486,0.337620578778135,1,0.337519623233909,1,1,1,1,0.676056338028169,1,1,0,0.102964118564743,1,0.046583850931677,0,1,0.551724137931034,0.6672,1,0.0544871794871795,0.324237560192616,1,0.321086261980831,1,0.670364500792393,1,0.328571428571429,0.327613104524181,0.329704510108865,1,0.327014218009479,1,0.472266244057052,1,0.327073552425665,0.289514866979656,0.33693972179289,0.332258064516129,0.471875,0.998417721518987,0.326120556414219,0.328990228013029,1,0.308411214953271,1,1,0.313195548489666,0.541213063763608,1,0.322884012539185,1,0.0422960725075529,1,0.324031007751938,0.66820987654321,0.33968253968254,0.93125,0.439935064935065,0.102040816326531,0.0962145110410095,1,1,0.342356687898089,1,0.330757341576507,1,0.818611987381703,1,0.324281150159744,1,1,1,1,0.340189873417722,1,0.334928229665072,0.246056782334385,1,0.324031007751938,1,0.307324840764331,0.0841423948220065,1,0.323763955342903,1,1,1,0.347094801223242,1,0.332805071315372,1,0.321144674085851,1,0.324409448818898,0.0746500777604977,1,0.633116883116883,1,1,0.32484076433121,1,1,1,1,0.32807570977918,0.3198127925117,1,0.998410174880763,0.32348367029549,0.313408723747981,1,0.434850863422292,0.65284178187404,0,0.330173775671406,0.657232704402516,1,0.334869431643625,1,0.998456790123457,1,0.323763955342903,0.330246913580247,0.339774557165862,1,1,1,0,1,0.310789049919485,0.971473851030111,0.33175355450237,0.317817014446228,0.74481658692185,1,1,1,1,1,0.0423861852433281,0.319488817891374,0.328660436137072,1,0.669242658423493,1,1,0.998435054773083,0.998442367601246,1,1,0.00315457413249211,0.308166409861325,1,0.320325203252033,1,0.316614420062696,1,1,1,1,1,0.333858267716535,1,0.52132701421801,0.343598055105348,0.336463223787167,0.329032258064516,0.33868378812199,0.335473515248796,0.42671009771987,0.332807570977918,0.329153605015674,0.324409448818898,1,0.331230283911672,1,0.671317829457364,0.333333333333333,0.300787401574803,0.340255591054313,1,1,1,0.238546603475513,0.318037974683544,1,0.326923076923077,0.335889570552147,0.317535545023697,0.332293291731669,0.66984126984127,1,0.331804281345566,0.328025477707006,1,0.307317073170732,1,0.314329738058552,0.318037974683544,1,1,1,0.529968454258675,1,0.675675675675676,0.0802469135802469,0.327503974562798,1,1,0.0989180834621329,0.324960753532182,0.332792207792208,1,1,0.306603773584906,0.0249609984399376,0.00324675324675325,1,1,0.346333853354134,0.998420221169036,1,0.31974921630094,1,1,0.324921135646688,1,1,1,1,0.342767295597484,0.315548780487805,0.337133550488599,1,1,0.659937888198758,0.328571428571429,1,0.328746177370031,0.312302839116719,1,1,0.998417721518987,1,1,0.336990595611285,1,1,0.106280193236715,0.343260188087774,0.501582278481013,0.318840579710145,0.661417322834646,0.31924882629108,1,0.319554848966614,0.3424,0.244131455399061,0.33125,1,0.332824427480916,1,1,1,0.31924882629108,0.33641975308642,0.998430141287284,0.925445705024311,0.0608974358974359,1,0.326498422712934,0.338187702265372,0.33015873015873,1,0.334876543209877,0.455676516329705,0.336990595611285,0.316535433070866,0.325769854132901,0.3136,1,0.333333333333333,1,1,0,1,0.330143540669856,1,1,1,0.331210191082803,1,0.323101777059774,1,0.843505477308294,1,1,1,0.329113924050633,1,1,0.322834645669291,0.328100470957614,1,1,0.322169059011164,0.185647425897036,1,0.998415213946117,1,0,0.319354838709677,1,0.319182389937107,0.228571428571429,1,0.663026521060842,0.441358024691358,1,1,0.667678300455235,0.695238095238095,0.35031847133758,1,0.328616352201258,1,1,0.339228295819936,1,0.998402555910543,0.00634920634920635,0.33015873015873,1,1,0.335473515248796,1,1,0.324281150159744,0.325471698113208,1,1,1,0.541213063763608,0.325984251968504,0.355555555555556,0.324615384615385,0.344236760124611,0.673015873015873,0.332814930015552,0.33596214511041,0.328660436137072,0.232339089481947,0.325358851674641,1,0.325190839694657,0.998397435897436,0.321428571428571,0.0793893129770992,0.0497667185069984,1,1,0.0421875,1,0.68075117370892,0.0409448818897638,0.0111111111111111,1,0.677165354330709,1,1,0.544871794871795,1,0,0.0731707317073171,1,1,1,0.328571428571429,0.642215568862275,0.686985172981878,0.993720565149137,1,0.987577639751553,0.315789473684211,0.322222222222222,1,0.313195548489666,1,0.375196232339089,0.104501607717042,0.31637519872814,0.327160493827161,0.338926174496644,1,0.0784615384615385,1,1,1,0.241324921135647,0.32794830371567,1,0.341894060995185,1,1,0.315132605304212,1,0.327743902439024,1,0.327503974562798,0.328502415458937,1,0.667726550079491,0.332814930015552,1,0.316129032258064,0.755832037325039,0.327217125382263,0.156739811912226,0.329230769230769,0.774803149606299,0.317589576547231,1,0.336507936507937,0.345201238390093,0.302507836990596,1,1,1,0.973898858075041,0.339373970345964,1,0.333333333333333,1,0.33387358184765,0.327131782945736,1,1,1,0.918110236220472,1,0.319018404907975,0.328173374613003,1,1,0.0496794871794872,0.0775316455696203,1,1,0.317891373801917,1,1,0.324367088607595,1,1,0.670886075949367,0.51937984496124,1,0,1,1,0.0977917981072555,0.324409448818898,1,0.325434439178515,0.998412698412698,0.968304278922345,0.998430141287284,0.827856025039124,1,0.33442088091354,1,1,1,0,0.326765188834154,1,1,0.663522012578616,1,0.334405144694534,0.363349131121643,0.328050713153724,1,1,1,0.0933125972006221,0.326923076923077,0.0893141945773525,0.998389694041868,0.319314641744548,0.327131782945736,0.3640625,0,1,0.955905511811024,1,1,0.335974643423138,0.308166409861325,0.156299840510367,0.0379746835443038,0.323809523809524,0.325396825396825,0.334370139968896,0,0.326018808777429,1,0,0.326018808777429,1,1,1,0.324116743471582,0.325077399380805,0.0354838709677419,1,0.32475884244373,0.313971742543171,1,1,0.3265625,0.684039087947883,1,1,0.6816,1,0.321428571428571,1,0.326465927099842,0.512422360248447,0.661466458658346,0.417177914110429,1,0.308527131782946,0.323390894819466,0.667721518987342,0.661514683153014,1,0.331230283911672,1,0.333333333333333,1,0.331210191082803,0.32,0.367088607594937,0.527386541471048,0.32475884244373,0.321951219512195,0.657364341085271,0.327586206896552,0.142389525368249,1,0,1,0.305466237942122,1,0,0.332263242375602,0.329032258064516,1,0.0552147239263804,1,0.0854430379746835,0.353035143769968,1,0.0615141955835962,0.661858974358974,1,1,1,0.318481848184819,0.0390015600624025,1,0.442307692307692,0.0926829268292683,0.370942812982998,0.330188679245283,0.333333333333333,1,1,1,1,1,0.0660522273425499,0.996879875195008,0.683307332293292,0.00301659125188537,0.331738437001595,1,1,1,1,0.0876369327073552,0.315301391035549,1,1,1,1,1,1,0.479813664596273,0,1,0.0807453416149068,0.330097087378641,0.421553090332805,1,0.414075286415712,0.318936877076412,0.322734499205087,1,0.0421875,0.329133858267717,1,1,0.383252818035427,0.324116743471582,0.315541601255887,0.326366559485531,0.998422712933754,0.338658146964856,0.324451410658307,0.424960505529226,0.324367088607595,0.975232198142415,0.327769347496206,0.0821256038647343,0.343450479233227,0,1,0.088,0.313915857605178,0.324237560192616,0.326332794830372,1,1,1,1,1,1,0.337133550488599,1,0.318252730109204,0.321548821548822,0.599378881987578,0.666139240506329,1,1,0,0.326656394453005,0.1125,0.998449612403101,0.0336538461538462,1,1,0.323763955342903,1,1,0.62258064516129,0.431147540983607,0.996965098634294,0.0805152979066023,0.0987261146496815,1,1,1,0.0833333333333333,0,0.327160493827161,0.424483306836248,0.3203125,0,0.33063209076175,0.087719298245614,1,1,0.332326283987915,0.329133858267717,0.236133122028526,0.347402597402597,0.32018927444795,0.33015873015873,1,1,0.334394904458599,1,0,1,0.218700475435816,1,0.669278996865204,1,0.317034700315457,0.322368421052632,0.0717628705148206,0.658461538461538,1,1,0.78343949044586,0.892739273927393,0.330112721417069,0.321543408360129,1,0.319685039370079,0.238019169329073,0.318910256410256,1,0.100931677018634,1,1,0.320695102685624,0.660743134087238,0.315372424722662,1,1,0.315372424722662,0.314873417721519,0.324159021406728,0.851612903225806,0.32120253164557,1,0.0573643410852713,1,1,0.685446009389671,0.633647798742138,0.331699346405229,0.0544871794871795,0.332283464566929,1,1,0.320634920634921,0.339712918660287,0.604037267080745,1,0.316358024691358,0.38125,0.317111459968603,0.984350547730829,0.463492063492064,0.00157728706624606,0.315541601255887,0.334355828220859,0.340836012861736,0.325358851674641,0.328746177370031,0.96875,1,0.323899371069182,0.529411764705882,0.674085850556439,0.221690590111643,0.675850891410049,1,0.331761006289308,0.00317965023847377,0.340222575516693,0.3265625,0.370486656200942,0.327974276527331,0,0.347962382445141,0.327476038338658,0.329073482428115,0.327476038338658
"45",1,1,1,1,1,1,0.702746365105008,1,1,0.103618421052632,1,0.0488188976377953,0.813504823151125,1,0.321711568938193,0.298076923076923,0.0664556962025316,0.683333333333333,1,1,0.286624203821656,0.310289389067524,1,0.163009404388715,1,0.325434439178515,0.316558441558442,1,1,0.786407766990291,0.303459119496855,0.731132075471698,0.963317384370016,0.3104,0,1,0.526479750778816,1,0.296583850931677,1,0.670926517571885,0.67981072555205,0.696124031007752,1,1,0.323529411764706,0.31139646869984,0.315625,0.321711568938193,0.322274881516588,0,1,0.3078125,1,1,0.491171749598716,0.560386473429952,1,1,1,0.325545171339564,0.320512820512821,0.314102564102564,0.6832,1,1,0.0373983739837398,1,0.0629800307219662,0.317610062893082,1,0.319047619047619,0.327814569536424,0.965630114566285,0.497622820919176,1,0.305772230889236,0.325471698113208,1,0.320197044334975,0.0925324675324675,0.328,0.323763955342903,1,0.340255591054313,1,1,1,1,0.697637795275591,1,1,0.0015625,0.107981220657277,1,0.05,0,1,0.554828150572831,0.680194805194805,1,0.0559105431309904,0.311320754716981,1,0.307692307692308,1,0.687797147385103,1,0.315457413249211,0.320574162679426,0.318681318681319,1,0.322834645669291,1,0.481481481481481,1,0.308917197452229,0.289556962025316,0.320251177394035,0.314606741573034,0.469096671949287,0.998454404945904,0.314553990610329,0.321311475409836,1,0.30077519379845,1,1,0.319685039370079,0.544740973312402,1,0.312101910828025,1,0.0463678516228748,1,0.311320754716981,0.675548589341693,0.322274881516588,0.92755905511811,0.429276315789474,0.106349206349206,0.1008,1,1,0.3264,1,0.313636363636364,1,0.80564263322884,1,0.318032786885246,1,1,1,1,0.322632423756019,1,0.316455696202532,0.253943217665615,1,0.313291139240506,1,0.289644012944984,0.0910569105691057,1,0.314516129032258,1,1,1,0.335949764521193,1,0.328455284552846,1,0.315132605304212,1,0.317384370015949,0.0822784810126582,1,0.634146341463415,1,1,0.317152103559871,1,1,1,1,0.321144674085851,0.303405572755418,1,0.998394863563403,0.313479623824451,0.307073954983923,1,0.438985736925515,0.670731707317073,0,0.314285714285714,0.677165354330709,1,0.312883435582822,1,0.998452012383901,1,0.312,0.318952234206472,0.328478964401294,1,1,1,0,1,0.303715670436187,0.9712,0.312302839116719,0.307936507936508,0.73469387755102,1,1,1,1,1,0.0477707006369427,0.308562197092084,0.32182103610675,1,0.67244094488189,1,1,0.998402555910543,0.998435054773083,1,1,0.00315457413249211,0.311424100156495,1,0.315372424722662,1,0.298578199052133,1,1,1,1,1,0.325396825396825,1,0.517571884984026,0.31974921630094,0.322327044025157,0.301765650080257,0.318910256410256,0.3248,0.413848631239936,0.327503974562798,0.312893081761006,0.307448494453249,1,0.320574162679426,1,0.689127105666156,0.30952380952381,0.306625577812018,0.333333333333333,1,1,1,0.24685534591195,0.31139646869984,1,0.314194577352472,0.328173374613003,0.311688311688312,0.318611987381703,0.684975767366721,1,0.33125,0.315875613747954,1,0.299342105263158,1,0.309375,0.3152,1,1,1,0.525477707006369,1,0.686427457098284,0.0889570552147239,0.32120253164557,1,1,0.0995260663507109,0.309968847352025,0.324104234527687,1,1,0.3,0.028436018957346,0.00160771704180064,1,1,0.334883720930233,0.998410174880763,1,0.306122448979592,1,1,0.311526479750779,1,1,1,1,0.329635499207607,0.306976744186047,0.323481116584565,1,1,0.67244094488189,0.315024232633279,1,0.311424100156495,0.304140127388535,1,1,0.998432601880878,1,1,0.323899371069182,1,1,0.112745098039216,0.329704510108865,0.488888888888889,0.296650717703349,0.682034976152623,0.313664596273292,1,0.307317073170732,0.322834645669291,0.247678018575851,0.316535433070866,1,0.323574730354391,1,1,1,0.29951690821256,0.319875776397516,0.998410174880763,0.922705314009662,0.0624,1,0.310344827586207,0.324675324675325,0.304487179487179,1,0.324409448818898,0.457413249211356,0.325949367088608,0.302066772655008,0.315533980582524,0.305379746835443,1,0.3184,1,1,0,1,0.312698412698413,1,1,1,0.323717948717949,1,0.318481848184819,1,0.840189873417722,1,1,1,0.315457413249211,1,1,0.303317535545024,0.304416403785489,1,1,0.305164319248826,0.184834123222749,1,0.998425196850394,1,0,0.307073954983923,1,0.308176100628931,0.240384615384615,1,0.67651632970451,0.441860465116279,1,1,0.68348623853211,0.703349282296651,0.343402225755167,1,0.311811023622047,1,1,0.325984251968504,1,0.998397435897436,0.00792393026941363,0.32794830371567,1,1,0.318840579710145,1,1,0.307814992025518,0.333333333333333,1,1,1,0.528125,0.315705128205128,0.345218800648298,0.317484662576687,0.328050713153724,0.6896,0.316535433070866,0.324881141045959,0.308411214953271,0.23186119873817,0.315024232633279,1,0.31924882629108,0.998384491114701,0.311897106109325,0.0897832817337461,0.0519685039370079,1,1,0.0444444444444444,1,0.68125,0.0448,0.0126984126984127,1,0.68088467614534,1,1,0.541996830427892,1,0,0.077175697865353,1,1,1,0.323151125401929,0.652503793626707,0.693200663349917,0.9953125,1,0.982758620689655,0.306709265175719,0.329581993569132,1,0.300813008130081,1,0.369905956112853,0.106796116504854,0.310725552050473,0.316846986089645,0.328257191201354,1,0.0833333333333333,1,1,1,0.246130030959752,0.321711568938193,1,0.315789473684211,1,1,0.303459119496855,1,0.317757009345794,1,0.305111821086262,0.315024232633279,1,0.675895765472313,0.32093023255814,1,0.305691056910569,0.771293375394322,0.315548780487805,0.166139240506329,0.31839258114374,0.774244833068362,0.311183144246353,1,0.316037735849057,0.335413416536661,0.293185419968304,1,1,1,0.968903436988543,0.33605220228385,1,0.323101777059774,1,0.311582381729201,0.314553990610329,1,1,1,0.9136,1,0.30625,0.3216,1,1,0.0517799352750809,0.0854838709677419,1,1,0.300955414012739,1,1,0.3088,1,1,0.682965299684543,0.524332810047096,1,0,1,1,0.103076923076923,0.321766561514196,1,0.322115384615385,0.9984,0.962903225806452,0.998397435897436,0.822503961965135,1,0.332786885245902,1,1,1,0,0.312292358803987,1,1,0.677367576243981,1,0.32120253164557,0.370662460567823,0.316455696202532,1,1,1,0.0933125972006221,0.318032786885246,0.0985221674876847,0.998402555910543,0.299684542586751,0.308892355694228,0.3578125,0,1,0.954041204437401,1,1,0.315619967793881,0.306625577812018,0.157212317666126,0.041335453100159,0.318979266347687,0.310015898251192,0.322274881516588,0.00165289256198347,0.308426073131955,1,0,0.309375,1,1,1,0.314152410575428,0.317484662576687,0.0378289473684211,1,0.316455696202532,0.305295950155763,1,1,0.317683881064163,0.692307692307692,1,1,0.690590111642743,1,0.30568356374808,1,0.311605723370429,0.518867924528302,0.674418604651163,0.409230769230769,1,0.299843014128728,0.317535545023697,0.679748822605965,0.674015748031496,1,0.322274881516588,1,0.326153846153846,1,0.313694267515924,0.314606741573034,0.34887459807074,0.521462639109698,0.307443365695793,0.303514376996805,0.670364500792393,0.31733746130031,0.150729335494327,1,0,1,0.296650717703349,1,0,0.321711568938193,0.315447154471545,1,0.0581929555895865,1,0.0896,0.344391785150079,1,0.0652866242038217,0.675718849840256,1,1,1,0.313915857605178,0.0421875,1,0.424290220820189,0.100486223662885,0.354587869362364,0.316118935837246,0.313846153846154,1,1,1,1,1,0.0684931506849315,0.9984375,0.693163751987281,0.00301204819277108,0.320813771517997,1,1,1,1,0.0909090909090909,0.314329738058552,1,1,1,1,1,1,0.475155279503106,0.00161812297734628,1,0.0854037267080745,0.319554848966614,0.420886075949367,1,0.399673735725938,0.307692307692308,0.31378763866878,1,0.04375,0.31619937694704,1,1,0.371980676328502,0.310832025117739,0.309636650868878,0.314606741573034,0.998439937597504,0.319935691318328,0.318541996830428,0.420545746388443,0.316720257234727,0.972049689440994,0.309486780715397,0.0855263157894737,0.323671497584541,0,1,0.092948717948718,0.29951690821256,0.315873015873016,0.309562398703404,1,1,1,1,1,1,0.3322528363047,1,0.306603773584906,0.322469982847341,0.601837672281776,0.68,1,1,0,0.314728682170543,0.121835443037975,0.998454404945904,0.0368,1,1,0.310897435897436,1,1,0.612179487179487,0.417491749174917,0.996946564885496,0.0846645367412141,0.101123595505618,1,1,1,0.0922098569157393,0,0.317683881064163,0.425396825396825,0.320493066255778,0,0.329113924050633,0.0904684975767367,1,1,0.322429906542056,0.314465408805031,0.238759689922481,0.333333333333333,0.313084112149533,0.311320754716981,1,1,0.322632423756019,1,0,1,0.21474358974359,1,0.677725118483412,1,0.309791332263242,0.308441558441558,0.0805687203791469,0.67817896389325,1,1,0.78743961352657,0.888341543513957,0.319488817891374,0.308823529411765,1,0.316639741518578,0.242857142857143,0.316993464052288,1,0.107594936708861,1,1,0.318681318681319,0.678456591639871,0.306688417618271,1,1,0.305772230889236,0.301916932907348,0.323029366306028,0.864297253634895,0.309951060358891,1,0.0578125,1,1,0.695583596214511,0.656645569620253,0.318181818181818,0.0550314465408805,0.318840579710145,1,1,0.309636650868878,0.32741935483871,0.610410094637224,1,0.307453416149068,0.372488408037094,0.304212168486739,0.98297213622291,0.468699839486356,0.00469483568075117,0.305511811023622,0.321928460342146,0.325320512820513,0.310679611650485,0.325038880248834,0.97360248447205,1,0.322169059011164,0.54726368159204,0.681089743589744,0.233807266982622,0.693944353518822,1,0.323809523809524,0.00324675324675325,0.32120253164557,0.304625199362041,0.370486656200942,0.315789473684211,0,0.328149300155521,0.321428571428571,0.32484076433121,0.317230273752013
"46",0.292962356792144,0.313099041533546,0.308306709265176,0.336012861736334,0.309791332263242,0.304700162074554,0.00974025974025974,0.326194398682043,0.306729264475743,0.569078947368421,0.324324324324324,0.636650868878357,0.513957307060755,0.31687898089172,1,1,0.615873015873016,0,0.321086261980831,0.3,1,1,0.326498422712934,0.516535433070866,0.309119010819165,1,1,0.33993399339934,0.312302839116719,0.523349436392915,1,0.580441640378549,0.371794871794872,0.995245641838352,0.669341894060995,0.320066334991708,0.130434782608696,0.31875,1,0.308917197452229,0.00162074554294976,0,0,0.324281150159744,0.323529411764706,1,0.996784565916399,1,1,1,0.683788121990369,0.324058919803601,1,0.322834645669291,0.307073954983923,0.818780889621087,0.106109324758842,0.32137030995106,0.315132605304212,0.322061191626409,0.992175273865415,1,1,0.00162337662337662,0.313725490196078,0.322834645669291,0.656645569620253,0.32,0.603076923076923,1,0.320126782884311,1,1,0.270049099836334,0.154088050314465,0.316358024691358,1,0.996850393700787,0.314873417721519,1,0.6,1,1,0.324960753532182,1,0.320872274143302,0.304,0.323763955342903,0.31687898089172,0,0.314516129032258,0.317757009345794,0.688995215311005,0.584375,0.314606741573034,0.631415241057543,0.677777777777778,0.309262166405024,0.121163166397415,0,0.311216429699842,0.615883306320908,1,0.317880794701987,1,0.319218241042345,0,0.322222222222222,1,1,1,0.304625199362041,0.996784565916399,0.323763955342903,0.200622083981337,0.303265940902022,1,0.372641509433962,1,1,0.207936507936508,0.315873015873016,1,1,0.331230283911672,1,0.31441717791411,0.313971742543171,0.369426751592357,0.764615384615385,0.313531353135314,1,0.32843137254902,0.625382262996942,0.331723027375201,1,0,1,0.386581469648562,0.88758389261745,0.57784911717496,0.594202898550725,0.320512820512821,0.328382838283828,1,0.312101910828025,1,0.3042071197411,0.503961965134707,0.327586206896552,1,0.308544303797468,0.316211878009631,0.322528363047002,0.322222222222222,1,0.3088,1,0.42902711323764,0.324409448818898,1,0.326594090202177,1,0.580226904376013,0.31973898858075,1,0.312302839116719,0.304897314375987,0.328548644338118,0.990566037735849,0.327503974562798,1,0.315447154471545,1,0.31900826446281,1,0.592417061611374,0.29903536977492,0.0344827586206897,0.292079207920792,0.311183144246353,1,0.305466237942122,0.326433121019108,0.320634920634921,0.330696202531646,1,1,0.322115384615385,0.326332794830372,1,1,0.319488817891374,0.230031948881789,0.0198473282442748,0.689210950080515,1,0.00159744408945687,0.308426073131955,1,0.321311475409836,0.307570977917981,0.315024232633279,0.998402555910543,1,1,0.325688073394495,0.310965630114566,0.317757009345794,0.676282051282051,0.299363057324841,1,0.339256865912762,1,1,0.439749608763693,0.32300163132137,0.313084112149533,0.318910256410256,0.295638126009693,0.310064935064935,0.641269841269841,1,1,0.307453416149068,0.00158478605388273,0.321981424148607,0.31201248049922,0.313694267515924,0.301435406698565,0.299840510366826,0.316846986089645,0.69701726844584,0.360808709175739,0.300476947535771,1,0.314102564102564,1,0.309119010819165,0.308186195826645,0.308681672025723,0.327332242225859,0.314569536423841,1,0.319554848966614,0.803225806451613,1,1,0.998384491114701,1,1,0.888888888888889,1,1,1,0.314465408805031,1,0.315525876460768,0,1,0.383045525902669,1,0.321428571428571,0.320261437908497,0.308426073131955,0.414790996784566,1,0.318541996830428,1,1,1,1,0,0.318037974683544,1,1,0.315024232633279,1,0.322378716744914,1,1,0.305111821086262,0.323432343234323,0.297906602254428,0.141463414634146,0.329545454545455,0,0.586046511627907,1,0.317683881064163,0.32952691680261,0.579937304075235,1,1,0.326797385620915,0.324237560192616,1,0.654340836012862,0.697368421052632,0.305057096247961,0.314144736842105,0.993779160186625,0.32475884244373,0.306976744186047,1,0.313001605136437,0.300155520995334,1,0.307817589576547,0.320634920634921,0.313099041533546,0.314696485623003,1,1,1,0.307692307692308,0.320574162679426,0.00955414012738853,0.995192307692308,0.329508196721311,1,1,0.311424100156495,0.324960753532182,0.302215189873418,0.314424635332253,0.314285714285714,1,0.305057096247961,0.305331179321486,0.57328990228013,1,0.833333333333333,1,0,1,0.325115562403698,1,1,0.420886075949367,0.998417721518987,0.324193548387097,1,0.313001605136437,0.3042071197411,0.31637519872814,1,1,0.3232,0.406611570247934,0.607843137254902,0.305825242718447,1,1,1,0.321428571428571,1,0.207062600321027,1,1,1,1,0.324409448818898,1,0.32183908045977,0.329617834394904,0.674193548387097,0.305057096247961,1,0.3184,0.315870570107858,0.315789473684211,1,0.311424100156495,1,0.32348367029549,0.479299363057325,0.320450885668277,0.322950819672131,0.313385826771654,1,0.313408723747981,0.306188925081433,1,1,0.315372424722662,0.304761904761905,1,0.473767885532591,0.306055646481178,0.326984126984127,0.326530612244898,0.685714285714286,1,0.29159802306425,1,0.415857605177994,0.306451612903226,0,0.88785046728972,0.313531353135314,0.313385826771654,0,0.025518341307815,0.982428115015974,0.314516129032258,1,0.315960912052117,0.305921052631579,1,0.321316614420063,0.322784810126582,0.67524115755627,1,0.326465927099842,0.320512820512821,1,0.314285714285714,0.304918032786885,1,0.334920634920635,0.311290322580645,0.320126782884311,0.327974276527331,0.801901743264659,1,0.979299363057325,1,1,0,1,0.993769470404984,1,0.426517571884984,0.996747967479675,0.306122448979592,0.993846153846154,0.333333333333333,0.996810207336523,0.602484472049689,0.624605678233438,0.314728682170543,0.313195548489666,0.641148325358852,0.313014827018122,0,0.626003210272873,0.682034976152623,0.31875,0,0.311605723370429,0.309748427672956,0.764895330112721,0.323343848580442,0.687203791469194,0.591735537190083,0.313694267515924,0.320754716981132,0.297124600638978,1,0.027231467473525,0,0.316770186335404,0.325984251968504,0.332278481012658,1,0.334394904458599,0.31629392971246,1,0.305295950155763,0.944794952681388,0.56507413509061,1,1,0.99492385786802,0.324960753532182,0.601246105919003,0.324031007751938,0.312913907284768,0.315873015873016,0.422955974842767,1,0.312091503267974,1,0.313432835820896,0.322475570032573,1,0.322006472491909,1,0.324149108589951,1,1,0.314194577352472,0,1,0.319422150882825,1,0.561797752808989,1,0.511111111111111,1,0.557507987220447,1,0.322422258592471,1,1,1,0.31687898089172,0.319286871961102,0.320251177394035,0.355848434925865,0.331658291457286,0.311004784688995,1,0.321027287319422,1,1,0.322222222222222,0.314935064935065,0.320987654320988,0.394276629570747,0.321928460342146,1,1,0.328100470957614,0.317307692307692,0.621533442088091,0.58957654723127,0.314285714285714,0.313915857605178,1,0.304487179487179,0.31974921630094,0.995230524642289,0.307565789473684,0.312903225806452,0,0.133437990580848,0.312903225806452,0.683153013910355,0.306320907617504,0.32120253164557,0.596875,0.998397435897436,0.310965630114566,1,0.313880126182965,0.353225806451613,0.318255250403877,0.481717011128776,0.311501597444089,1,0.313099041533546,0.31973898858075,0.328455284552846,0.6859375,1,0.331707317073171,0.315457413249211,0,0.322784810126582,0.9984,0.957074721780604,1,0.315955766192733,0.319685039370079,0.313311688311688,0.57984496124031,1,0.590460526315789,0.33495145631068,1,1,0.971653543307087,0.683360258481422,0.32794830371567,0.35625,0.318979266347687,0.317384370015949,1,1,0.506389776357827,0.632165605095541,1,1,0.998420221169036,0.694078947368421,1,0.322327044025157,0.685214626391097,1,0.319620253164557,0.321486268174475,0.319422150882825,0.996835443037975,1,0.640650406504065,0.312698412698413,1,1,0.31924882629108,0.31201248049922,0.998407643312102,0,0.316045380875203,0.314785373608903,0.0016025641025641,0.30564263322884,1,0.314144736842105,1,0.140405616224649,0,0.898595943837754,0.326465927099842,1,1,0,0,0.322784810126582,1,0.312091503267974,0.998439937597504,0.309562398703404,1,0.99837925445705,0.960691823899371,0.772655007949126,1,1,0.00160513643659711,1,0.515650741350906,0.319604612850082,0.678343949044586,0.319554848966614,1,0.306320907617504,0.677367576243981,1,1,0.311367380560132,0.607476635514019,0.328548644338118,0.589660743134087,0.975922953451043,0.329563812600969,0.601587301587302,0.00955414012738853,0.300319488817891,0.323296354992076,0.312698412698413,1,0.630672926447574,0.306962025316456,0.896940418679549,0.584814216478191,0.971698113207547,1,1,0.310015898251192,0.333881578947368,0.300813008130081,0.31629392971246,0.307817589576547,0.609642301710731,0.30757341576507,0,0.683001531393568,0.998410174880763,0.326433121019108,0.302931596091205,0.317275747508306,0.322033898305085,0.59904912836767,1,0.333858267716535,0.336569579288026,0.328881469115192,0.323101777059774,0.315619967793881,0.310897435897436,0.193146417445483,0.688206785137318,0.318555008210181,0.592125984251968,1,0.234076433121019,0.315619967793881,0.929032258064516,1,1,0.309748427672956,0.634340222575517,1,0.313385826771654,0.2944,0.957166392092257,1,1,0.998357963875205,0.315541601255887,1,1,0.889430894308943,1,0.349529780564263,1,0.586319218241042,1,0.670826833073323,0.318471337579618,0.593192868719611,1,1,0.99184339314845,0.325878594249201,0.328593996840442,0.316912972085386,0.317384370015949,0.316476345840131,0.311183144246353,0.987096774193548,0.311004784688995,1,1,0.709728867623604,0,0.314102564102564,0.325077399380805,0.681528662420382,1,0.559618441971383,0.321875,0.643322475570033,0.318327974276527,0.317957166392092,1,0.316129032258064,0.313659359190556,0.692682926829268,0.90359477124183,0.325264750378215,0.597423510466989,0.571428571428571,0.321259842519685,0.319870759289176,0.298887122416534,0.585055643879173,0.679304897314376,1,0.903436988543372,1,0.667185069984448,0.996763754045307,0.583468395461912,0.316455696202532,0.320261437908497,1,1,0.424483306836248,0.996747967479675,0.998420221169036,1,0.310569105691057,0.324881141045959,1,0.31039755351682,0.681388012618297,0.33495145631068,0.457050243111831,0.304487179487179,0,0.309375,1,1,0.592476489028213,0,0.331723027375201,0.317891373801917,0.102439024390244,0.419568822553897,1,1,0.310679611650485,1,0.413461538461538,1,0.329704510108865,0.584786053882726,0.319554848966614,0.315960912052117,1,0,1,0.309602649006623,0.314606741573034,1,1,1,0.44336569579288,1,0.317741935483871,0.613924050632911,0.3248,0.3261231281198,0,0.0417335473515249,1,0.618122977346278,1,0.328571428571429,0.32569558101473,1,1,0.153968253968254,0.317891373801917,1,0.897271268057785,1,0.324921135646688,0.198717948717949,0.676656151419558,1,1,1,1,1,0.289968652037618,0.303715670436187,1,0.113300492610837,0,0.436018957345972,0,0.32520325203252,1,0.681159420289855,1,1,0.89792663476874,1,0.675548589341693,1,1,1,1
"47",0.3024,0.308411214953271,0.32018927444795,0.327390599675851,0.305993690851735,0.298722044728434,0.016025641025641,0.3184,0.30188679245283,0.589285714285714,0.315217391304348,0.648264984227129,0.511111111111111,0.3072,0.995161290322581,0.993710691823899,0.633385335413417,0.0048780487804878,0.31687898089172,0.30379746835443,0.995268138801262,0.995245641838352,0.323943661971831,0.527733755942948,0.301684532924962,0.995297805642633,0.993569131832797,0.32258064516129,0.295107033639144,0.515873015873016,0.993680884676145,0.578947368421053,0.361408882082695,0.998412698412698,0.668269230769231,0.312913907284768,0.136577708006279,0.324074074074074,0.99390243902439,0.301538461538462,0.00312989045383412,0.00469483568075117,0.0060790273556231,0.321875,0.31139646869984,0.996784565916399,1,0.993817619783617,0.993827160493827,0.995341614906832,0.703588143525741,0.319935691318328,0.993759750390016,0.315132605304212,0.306603773584906,0.823051948051948,0.118022328548644,0.312,0.309006211180124,0.308544303797468,0.996899224806202,0.996840442338073,0.995327102803738,0,0.308823529411765,0.3171875,0.669291338582677,0.324881141045959,0.618098159509202,0.998459167950693,0.308166409861325,0.995283018867924,0.995145631067961,0.269480519480519,0.159375,0.317484662576687,0.993817619783617,0.998456790123457,0.312693498452012,0.993569131832797,0.609120521172638,0.995275590551181,0.993710691823899,0.314873417721519,0.996894409937888,0.314503816793893,0.310177705977383,0.321766561514196,0.315132605304212,0.0046875,0.309148264984227,0.31651376146789,0.692307692307692,0.586583463338534,0.309294871794872,0.638888888888889,0.688271604938272,0.306729264475743,0.119935170178282,0.00319488817891374,0.306349206349206,0.621451104100946,0.995192307692308,0.315024232633279,0.993610223642173,0.320450885668277,0.00470219435736677,0.321086261980831,0.993720565149137,0.995238095238095,0.993769470404984,0.300623052959502,0.998430141287284,0.311912225705329,0.205246913580247,0.306525037936267,0.998407643312102,0.388036809815951,0.995363214837713,0.995215311004785,0.202852614896989,0.302325581395349,0.996932515337423,0.995169082125604,0.3198127925117,0.993827160493827,0.30920060331825,0.309559939301973,0.379471228615863,0.761904761904762,0.315372424722662,0.995260663507109,0.320512820512821,0.644916540212443,0.3264,0.993788819875776,0.00156494522691706,0.99685534591195,0.361736334405145,0.885993485342019,0.592063492063492,0.60377358490566,0.315047021943574,0.310679611650485,0.9936,0.308411214953271,0.993939393939394,0.300157977883096,0.491392801251956,0.320373250388802,0.996784565916399,0.299524564183835,0.311111111111111,0.322115384615385,0.322222222222222,0.995268138801262,0.297939778129952,0.993610223642173,0.435736677115987,0.3265625,0.995319812792512,0.317484662576687,0.993710691823899,0.593650793650794,0.313099041533546,0.99512987012987,0.311320754716981,0.3140625,0.326018808777429,0.993769470404984,0.317034700315457,0.998407643312102,0.321766561514196,0.996889580093313,0.311367380560132,0.995215311004785,0.599688473520249,0.298299845440495,0.0261437908496732,0.300319488817891,0.304416403785489,0.993650793650794,0.304897314375987,0.311811023622047,0.316692667706708,0.32093023255814,0.995260663507109,0.996870109546166,0.325842696629214,0.314785373608903,0.993827160493827,0.996763754045307,0.311912225705329,0.242138364779874,0.0138036809815951,0.695787831513261,0.996820349761526,0,0.3109375,0.993817619783617,0.314516129032258,0.300155520995334,0.313084112149533,0.992150706436421,0.996927803379416,0.9952,0.323076923076923,0.304625199362041,0.30568356374808,0.689873417721519,0.296238244514107,0.993569131832797,0.330683624801272,0.9952,0.996850393700787,0.428348909657321,0.315286624203822,0.31619937694704,0.323854660347551,0.300157977883096,0.299019607843137,0.6496,0.993548387096774,0.996913580246914,0.308282208588957,0,0.326656394453005,0.311349693251534,0.310236220472441,0.297507788161994,0.298555377207063,0.309230769230769,0.698587127158556,0.36697247706422,0.300469483568075,0.995169082125604,0.313001605136437,0.996899224806202,0.304953560371517,0.304416403785489,0.306603773584906,0.319422150882825,0.299509001636661,0.996805111821086,0.315047021943574,0.8,0.993620414673046,0.995327102803738,1,0.996845425867508,0.993660855784469,0.890127388535032,0.993640699523052,0.996879875195008,0.995363214837713,0.314728682170543,0.993660855784469,0.318840579710145,0.00461538461538462,0.993740219092332,0.389751552795031,0.995222929936306,0.314194577352472,0.313099041533546,0.304140127388535,0.422291993720565,0.993700787401575,0.311728395061728,0.993710691823899,0.993855606758833,0.9953125,0.993836671802773,0.00315955766192733,0.303370786516854,0.993836671802773,0.998410174880763,0.3136,0.995090016366612,0.313479623824451,0.995305164319249,0.99537037037037,0.3008,0.316558441558442,0.294392523364486,0.145996860282575,0.317817014446228,0.00473186119873817,0.597875569044006,0.996840442338073,0.315707620528771,0.315789473684211,0.588325652841782,0.993700787401575,0.993640699523052,0.329545454545455,0.320512820512821,0.995334370139969,0.670364500792393,0.70048309178744,0.293185419968304,0.307443365695793,0.993808049535604,0.321656050955414,0.299093655589124,0.993779160186625,0.30503144654088,0.308411214953271,0.996805111821086,0.304487179487179,0.315873015873016,0.305772230889236,0.313271604938272,0.996810207336523,0.996955859969559,0.996753246753247,0.30298273155416,0.325434439178515,0.015527950310559,0.998412698412698,0.316639741518578,0.998473282442748,0.995334370139969,0.298600311041991,0.324615384615385,0.291731669266771,0.31911532385466,0.301242236024845,0.993788819875776,0.3056,0.304416403785489,0.579545454545455,0.998432601880878,0.837025316455696,0.995230524642289,0.004739336492891,0.99537037037037,0.32093023255814,0.993640699523052,0.996845425867508,0.423963133640553,0.995283018867924,0.312698412698413,0.99388379204893,0.304821150855365,0.296296296296296,0.308777429467085,0.995253164556962,0.993759750390016,0.306122448979592,0.389337641357027,0.614035087719298,0.296998420221169,0.995305164319249,0.995230524642289,0.995169082125604,0.316476345840131,0.9953125,0.20414673046252,0.993650793650794,0.995305164319249,0.995215311004785,0.996779388083736,0.31924882629108,0.993640699523052,0.313821138211382,0.324451410658307,0.6796875,0.301916932907348,0.995283018867924,0.316037735849057,0.312688821752266,0.311582381729201,0.995238095238095,0.299531981279251,0.993680884676145,0.315950920245399,0.4858934169279,0.322274881516588,0.311688311688312,0.3125,0.995268138801262,0.305246422893482,0.301916932907348,0.995319812792512,0.995260663507109,0.31839258114374,0.305295950155763,0.996835443037975,0.485362095531587,0.312803889789303,0.319875776397516,0.32,0.68062015503876,0.9936,0.298217179902755,0.995297805642633,0.425632911392405,0.304278922345483,0.0047244094488189,0.887366818873668,0.307568438003221,0.310015898251192,0.0015220700152207,0.0283018867924528,0.987301587301587,0.309486780715397,0.993710691823899,0.304625199362041,0.307443365695793,0.995230524642289,0.326053042121685,0.311605723370429,0.672413793103448,0.996835443037975,0.311897106109325,0.318037974683544,0.995260663507109,0.311424100156495,0.300970873786408,0.995290423861852,0.351851851851852,0.316957210776545,0.31104199066874,0.320251177394035,0.79595015576324,0.995341614906832,0.979299363057325,0.993865030674847,0.995363214837713,0.00319488817891374,0.995319812792512,0.998435054773083,0.996927803379416,0.43171114599686,0.996779388083736,0.298136645962733,0.998461538461539,0.323390894819466,0.998442367601246,0.614551083591331,0.636792452830189,0.314241486068111,0.311145510835913,0.658878504672897,0.313099041533546,0.0062111801242236,0.633802816901408,0.689984101748808,0.308527131782946,0.00470219435736677,0.310832025117739,0.30188679245283,0.768621236133122,0.32398753894081,0.687797147385103,0.599041533546326,0.306581059390048,0.312788906009245,0.291731669266771,0.996850393700787,0.0195488721804511,0.00651465798045603,0.319314641744548,0.325508607198748,0.321928460342146,0.993690851735016,0.345368916797488,0.310344827586207,0.993610223642173,0.30298273155416,0.946957878315133,0.582938388625592,0.996845425867508,0.993846153846154,0.998327759197324,0.309119010819165,0.611963190184049,0.313455657492355,0.310344827586207,0.312893081761006,0.424615384615385,0.995184590690209,0.310236220472441,0.993670886075949,0.313408723747981,0.314009661835749,0.996865203761755,0.313099041533546,0.994038748137109,0.31911532385466,0.996850393700787,0.993630573248408,0.3140625,0.00159744408945687,0.993930197268589,0.318252730109204,0.996830427892235,0.554517133956386,0.995481927710843,0.52112676056338,0.99537750385208,0.543720190779014,0.9952,0.312703583061889,0.995268138801262,0.998459167950693,0.993788819875776,0.314241486068111,0.309904153354633,0.313364055299539,0.335526315789474,0.348684210526316,0.305295950155763,0.995161290322581,0.324921135646688,0.993421052631579,0.995433789954338,0.3234375,0.305732484076433,0.313455657492355,0.386792452830189,0.321372854914197,0.996899224806202,0.995334370139969,0.314329738058552,0.323671497584541,0.639423076923077,0.592709984152139,0.316614420062696,0.305331179321486,0.993610223642173,0.303265940902022,0.311450381679389,0.990625,0.300492610837438,0.300157977883096,0.00630914826498423,0.136434108527132,0.309748427672956,0.681547619047619,0.300955414012739,0.31937984496124,0.606758832565284,0.99375,0.303030303030303,0.996875,0.316037735849057,0.3456,0.306376360808709,0.471786833855799,0.305379746835443,0.995137763371151,0.312698412698413,0.316535433070866,0.321428571428571,0.687211093990755,0.995024875621891,0.316720257234727,0.313084112149533,0.00317965023847377,0.311912225705329,0.995245641838352,0.956454121306376,0.995305164319249,0.305900621118012,0.315217391304348,0.312302839116719,0.59472049689441,0.993690851735016,0.599025974025974,0.326018808777429,0.996904024767802,0.995391705069124,0.9734375,0.685534591194969,0.318979266347687,0.343898573692552,0.313178294573643,0.306376360808709,0.993506493506494,0.993874425727412,0.512658227848101,0.640253565768621,0.993660855784469,0.995305164319249,0.9953125,0.696969696969697,0.99375,0.317411402157165,0.688679245283019,0.993827160493827,0.3171875,0.313195548489666,0.315457413249211,0.996860282574568,0.993920972644377,0.660194174757282,0.321316614420063,0.995238095238095,0.993788819875776,0.313971742543171,0.302795031055901,0.996860282574568,0.00486223662884927,0.304975922953451,0.302362204724409,0.00161550888529887,0.315467075038285,0.993930197268589,0.298722044728434,0.995348837209302,0.145962732919255,0.0060882800608828,0.89739663093415,0.321372854914197,0.993788819875776,0.993720565149137,0.0062015503875969,0.0031201248049922,0.322834645669291,0.995305164319249,0.309677419354839,0.998461538461539,0.305863708399366,0.993730407523511,0.993620414673046,0.970219435736677,0.780757097791798,0.996779388083736,0.995207667731629,0.00158478605388273,0.995319812792512,0.52588996763754,0.316720257234727,0.679938744257274,0.317757009345794,0.993630573248408,0.300787401574803,0.681747269890796,0.998415213946117,0.995098039215686,0.311501597444089,0.629685157421289,0.316614420062696,0.596184419713832,0.976671850699845,0.322169059011164,0.609177215189873,0.0078740157480315,0.300476947535771,0.316118935837246,0.317557251908397,0.995176848874598,0.641653905053599,0.305772230889236,0.89171974522293,0.59967845659164,0.975270479134467,0.993769470404984,0.998447204968944,0.307570977917981,0.325949367088608,0.306709265175719,0.3140625,0.306027820710974,0.623277182235835,0.297256097560976,0.00462962962962963,0.684370257966616,0.998420221169036,0.32755905511811,0.303514376996805,0.310064935064935,0.313455657492355,0.608763693270736,0.993846153846154,0.328173374613003,0.320512820512821,0.317073170731707,0.317460317460317,0.303599374021909,0.307086614173228,0.198142414860681,0.690553745928339,0.31687898089172,0.604615384615385,0.996860282574568,0.2390625,0.310344827586207,0.9248,0.99349593495935,0.995305164319249,0.316957210776545,0.6484375,0.995348837209302,0.309006211180124,0.293375394321767,0.958532695374801,0.996865203761755,0.995268138801262,0.998371335504886,0.316030534351145,0.995176848874598,0.993700787401575,0.892234548335975,0.993690851735016,0.336434108527132,0.993948562783661,0.592063492063492,0.996860282574568,0.681047765793529,0.300319488817891,0.611111111111111,0.995192307692308,0.995184590690209,0.993610223642173,0.319938176197836,0.319620253164557,0.318255250403877,0.317034700315457,0.314873417721519,0.314606741573034,0.988835725677831,0.300623052959502,0.995290423861852,0.994991652754591,0.716923076923077,0.00318471337579618,0.3109375,0.310832025117739,0.6859375,0.993855606758833,0.569620253164557,0.315625,0.649532710280374,0.301282051282051,0.315447154471545,0.995253164556962,0.308306709265176,0.306799336650083,0.679549114331723,0.902640264026403,0.317700453857791,0.614634146341463,0.579967689822294,0.321372854914197,0.313694267515924,0.294952681388013,0.59594383775351,0.685446009389671,0.996884735202492,0.896988906497623,0.993911719939117,0.669781931464174,0.998387096774194,0.58908507223114,0.305466237942122,0.324149108589951,0.995363214837713,0.9953125,0.435054773082942,1,1,0.996860282574568,0.31619937694704,0.314873417721519,0.998412698412698,0.305135951661631,0.685271317829457,0.325396825396825,0.455555555555556,0.305732484076433,0.0046656298600311,0.305900621118012,0.995334370139969,0.993517017828201,0.603100775193798,0.00470957613814757,0.317683881064163,0.32120253164557,0.096,0.402912621359223,0.993650793650794,0.995230524642289,0.307692307692308,0.996840442338073,0.416796267496112,0.995184590690209,0.315151515151515,0.594637223974763,0.310832025117739,0.311811023622047,0.995260663507109,0.00488599348534202,0.996789727126806,0.302066772655008,0.312698412698413,0.996899224806202,0.99375,0.995405819295559,0.440514469453376,0.9952,0.309262166405024,0.632398753894081,0.330188679245283,0.313821138211382,0.0046801872074883,0.0349761526232114,0.995114006514658,0.627760252365931,0.995222929936306,0.3234375,0.321086261980831,0.9953125,0.995268138801262,0.14854517611026,0.30379746835443,0.993855606758833,0.899536321483771,0.996870109546166,0.316998468606432,0.206022187004754,0.670295489891135,0.995297805642633,0.995419847328244,0.993569131832797,0.9952,0.993846153846154,0.28393135725429,0.299212598425197,0.995283018867924,0.118589743589744,0.00317460317460317,0.440944881889764,0.00494233937397035,0.31974921630094,0.995334370139969,0.682539682539683,0.995327102803738,0.993759750390016,0.891679748822606,0.996815286624204,0.690402476780186,0.99537037037037,0.993579454253612,0.995192307692308,0.995222929936306
"48",0.289099526066351,0.308510638297872,0.301515151515152,0.316614420062696,0.302290076335878,0.296583850931677,0.0142630744849445,0.315384615384615,0.308157099697885,0.580441640378549,0.307692307692308,0.647590361445783,0.520249221183801,0.309341500765697,1,1,0.633281972265023,0,0.320813771517997,0.298003072196621,1,1,0.313725490196078,0.522935779816514,0.303759398496241,1,1,0.32695374800638,0.299236641221374,0.521060842433697,1,0.593655589123867,0.350689127105666,0.995356037151703,0.673405909797823,0.306188925081433,0.140458015267176,0.308510638297872,1,0.3003003003003,0.00306748466257669,0,0,0.31839258114374,0.315625,1,0.993817619783617,1,1,1,0.696509863429439,0.315301391035549,1,0.31201248049922,0.303303303303303,0.812792511700468,0.125786163522013,0.307210031347962,0.308868501529052,0.307210031347962,0.990936555891239,1,1,0.00618238021638331,0.307210031347962,0.307219662058372,0.666666666666667,0.309597523219814,0.617083946980854,1,0.306278713629403,1,1,0.273885350318471,0.163358778625954,0.304477611940298,1,0.993930197268589,0.309090909090909,1,0.604430379746835,1,1,0.310502283105023,1,0.316341829085457,0.304347826086957,0.314503816793893,0.312693498452012,0,0.309748427672956,0.317507418397626,0.69478527607362,0.585889570552147,0.302180685358255,0.646706586826347,0.693146417445483,0.303543913713405,0.12202852614897,0,0.308641975308642,0.624413145539906,1,0.311424100156495,1,0.304953560371517,0,0.317411402157165,1,1,1,0.297256097560976,0.995398773006135,0.312977099236641,0.20211161387632,0.295252225519288,1,0.376524390243902,1,1,0.203647416413374,0.297839506172839,1,1,0.315950920245399,1,0.310751104565538,0.304347826086957,0.366564417177914,0.753383458646616,0.315625,1,0.316846986089645,0.653333333333333,0.326498422712934,1,0.00153609831029186,1,0.368421052631579,0.886762360446571,0.588697017268446,0.604615384615385,0.307339449541284,0.314606741573034,1,0.306278713629403,1,0.284375,0.501519756838906,0.310030395136778,1,0.300613496932515,0.304953560371517,0.316614420062696,0.309375,1,0.296124031007752,1,0.433534743202417,0.317771084337349,1,0.304932735426009,1,0.605263157894737,0.307448494453249,1,0.310502283105023,0.303625377643505,0.332307692307692,0.984732824427481,0.317901234567901,1,0.308166409861325,1,0.300632911392405,1,0.604580152671756,0.294027565084227,0.0314465408805031,0.293838862559242,0.304147465437788,1,0.294753086419753,0.303076923076923,0.310664605873261,0.315950920245399,1,1,0.314873417721519,0.313271604938272,1,1,0.310708898944193,0.241221374045802,0.0207100591715976,0.7,1,0.00306748466257669,0.304347826086957,1,0.307931570762053,0.305343511450382,0.310664605873261,0.996927803379416,1,1,0.32185628742515,0.304140127388535,0.305343511450382,0.685670261941448,0.300155520995334,1,0.321538461538462,1,1,0.438461538461538,0.314814814814815,0.309341500765697,0.310664605873261,0.294027565084227,0.304821150855365,0.655864197530864,1,1,0.305263157894737,0.00454545454545455,0.321266968325792,0.305389221556886,0.311627906976744,0.301204819277108,0.290322580645161,0.31044776119403,0.700305810397553,0.359939759036145,0.298325722983257,1,0.321372854914197,1,0.295558958652374,0.298761609907121,0.303490136570561,0.312883435582822,0.297169811320755,1,0.306060606060606,0.79595015576324,1,1,0.99685534591195,1,1,0.892744479495268,1,1,1,0.305059523809524,1,0.319354838709677,0,1,0.380152671755725,1,0.311320754716981,0.312404287901991,0.307453416149068,0.420401854714065,1,0.312404287901991,1,1,1,1,0,0.298621745788668,1,1,0.313178294573643,1,0.313343328335832,1,1,0.303937007874016,0.312796208530806,0.293313069908815,0.149460708782743,0.319875776397516,0,0.605970149253731,1,0.30781010719755,0.309006211180124,0.589665653495441,1,1,0.319620253164557,0.323574730354391,1,0.669724770642202,0.710280373831776,0.295774647887324,0.305732484076433,0.992548435171386,0.316436251920123,0.294294294294294,1,0.29601226993865,0.289676425269646,1,0.292048929663609,0.304953560371517,0.308282208588957,0.306748466257669,1,1,1,0.299539170506912,0.319444444444444,0.00614439324116743,0.990740740740741,0.312401883830455,1,1,0.29803328290469,0.314674735249622,0.290076335877863,0.306625577812018,0.308396946564885,1,0.297971918876755,0.306625577812018,0.57007874015748,1,0.832288401253918,1,0,1,0.31314623338257,1,1,0.420333839150228,0.998491704374057,0.309748427672956,1,0.295839753466872,0.298780487804878,0.307692307692308,1,1,0.310872894333844,0.389240506329114,0.618973561430793,0.299382716049383,1,1,1,0.307570977917981,1,0.206686930091185,1,1,1,1,0.316265060240964,1,0.305246422893482,0.32258064516129,0.689335394126739,0.29393468118196,1,0.314589665653495,0.316742081447964,0.304761904761905,1,0.296407185628743,1,0.311278195488722,0.481707317073171,0.310291858678955,0.318110236220472,0.308980213089802,1,0.31201248049922,0.302752293577982,1,1,0.31651376146789,0.304147465437788,1,0.478063540090772,0.310725552050473,0.319508448540707,0.320182094081942,0.689024390243902,1,0.285939968404423,1,0.421538461538462,0.302795031055901,0,0.871833084947839,0.315789473684211,0.308396946564885,0,0.0370942812982998,0.980213089802131,0.30077519379845,1,0.3046875,0.305111821086262,1,0.31859756097561,0.304347826086957,0.678843226788432,1,0.311627906976744,0.317262830482115,1,0.299382716049383,0.297939778129952,1,0.346444780635401,0.300787401574803,0.313846153846154,0.321428571428571,0.79483282674772,1,0.976816074188563,1,1,0.00154083204930663,1,0.992272024729521,1,0.42457231726283,0.996805111821086,0.297090352220521,0.992592592592593,0.327639751552795,0.995481927710843,0.613905325443787,0.635811836115326,0.304023845007452,0.301349325337331,0.655384615384615,0.302547770700637,0,0.646153846153846,0.693498452012384,0.304281345565749,0.00154798761609907,0.307339449541284,0.295665634674923,0.761240310077519,0.311827956989247,0.690292758089368,0.601910828025478,0.305084745762712,0.309667673716012,0.288109756097561,1,0.0265486725663717,0,0.312883435582822,0.314503816793893,0.326251896813354,1,0.336923076923077,0.301684532924962,1,0.297709923664122,0.936825885978428,0.57427258805513,1,1,0.99194847020934,0.313455657492355,0.615499254843517,0.310240963855422,0.296238244514107,0.306027820710974,0.419062027231467,1,0.29922480620155,1,0.304075235109718,0.30952380952381,1,0.315625,1,0.310769230769231,1,1,0.312210200927357,0,1,0.314589665653495,1,0.566412213740458,1,0.512084592145015,1,0.562790697674419,1,0.310452418096724,1,1,1,0.30381679389313,0.313880126182965,0.309063893016345,0.333333333333333,0.331230283911672,0.297090352220521,1,0.31441717791411,1,1,0.313455657492355,0.30564263322884,0.304932735426009,0.384024577572965,0.314925373134328,1,1,0.321646341463415,0.31378763866878,0.643642072213501,0.599690880989181,0.301684532924962,0.305863708399366,1,0.297839506172839,0.312312312312312,0.993874425727412,0.29635499207607,0.306525037936267,0,0.142642642642643,0.309707241910632,0.683357879234168,0.302752293577982,0.311248073959938,0.604294478527607,0.996904024767802,0.298461538461538,1,0.314152410575428,0.33125,0.313364055299539,0.478851963746224,0.302795031055901,1,0.309451219512195,0.315301391035549,0.317683881064163,0.699248120300752,1,0.318181818181818,0.309774436090226,0,0.313725490196078,0.998493975903614,0.952671755725191,1,0.308396946564885,0.316590563165906,0.3046875,0.596096096096096,1,0.600953895071542,0.33125,1,1,0.958841463414634,0.683076923076923,0.321981424148607,0.350076103500761,0.310502283105023,0.306525037936267,1,1,0.515576323987539,0.644615384615385,1,1,0.998470948012232,0.700305810397553,1,0.320417287630402,0.692660550458716,1,0.319277108433735,0.305900621118012,0.311827956989247,0.996992481203008,1,0.650717703349282,0.308623298033283,1,1,0.312977099236641,0.305007587253414,0.998454404945904,0,0.310452418096724,0.296238244514107,0.00773993808049536,0.305343511450382,1,0.304821150855365,1,0.147640791476408,0,0.90327380952381,0.321100917431193,1,1,0,0.0014903129657228,0.319938176197836,1,0.30188679245283,0.997001499250375,0.300787401574803,1,0.998452012383901,0.963470319634703,0.774885145482389,1,1,0.00611620795107034,1,0.518110236220472,0.309486780715397,0.67629179331307,0.322727272727273,1,0.289968652037618,0.683409436834094,1,1,0.314553990610329,0.623145400593472,0.322678843226788,0.593406593406593,0.967441860465116,0.319444444444444,0.617151607963247,0.015552099533437,0.3,0.312024353120244,0.308623298033283,1,0.649624060150376,0.302710843373494,0.881172839506173,0.590769230769231,0.962349397590361,1,1,0.303680981595092,0.327131782945736,0.304075235109718,0.307458143074581,0.301075268817204,0.626865671641791,0.303490136570561,0,0.687315634218289,0.998461538461539,0.30804248861912,0.298461538461538,0.308306709265176,0.311649016641452,0.607692307692308,1,0.325757575757576,0.327613104524181,0.318541996830428,0.308049535603715,0.304747320061256,0.305900621118012,0.2,0.695787831513261,0.309090909090909,0.606334841628959,1,0.241960183767228,0.312111801242236,0.916271721958926,1,1,0.299694189602446,0.652777777777778,1,0.30421686746988,0.300623052959502,0.947772657450077,1,1,0.996875,0.316030534351145,1,1,0.893846153846154,1,0.336363636363636,1,0.601246105919003,1,0.683257918552036,0.293663060278207,0.613924050632911,1,1,0.992319508448541,0.316187594553706,0.31969696969697,0.311111111111111,0.303076923076923,0.312698412698413,0.320813771517997,0.9796875,0.300150829562594,1,1,0.711656441717791,0,0.315151515151515,0.309417040358744,0.688821752265861,1,0.561051004636785,0.321321321321321,0.654853620955316,0.299847792998478,0.314728682170543,1,0.310872894333844,0.306451612903226,0.684952978056426,0.911433172302738,0.311499272197962,0.615625,0.596330275229358,0.312883435582822,0.316535433070866,0.292048929663609,0.600614439324117,0.690658499234303,1,0.890076335877863,1,0.680916030534351,0.996879875195008,0.602503912363067,0.30568356374808,0.304761904761905,1,1,0.422187981510015,0.9921875,0.996937212863706,1,0.302180685358255,0.309707241910632,1,0.308605341246291,0.689024390243902,0.326687116564417,0.458588957055215,0.293023255813953,0,0.301972685887709,1,1,0.601208459214502,0.00151975683890578,0.319018404907975,0.306625577812018,0.103235747303544,0.393364928909953,1,1,0.309923664122137,1,0.406727828746177,1,0.316341829085457,0.597859327217125,0.311827956989247,0.30829420970266,1,0,1,0.293929712460064,0.313178294573643,1,1,1,0.434850863422292,1,0.311827956989247,0.631336405529954,0.314503816793893,0.31637519872814,0.00151975683890578,0.0381679389312977,1,0.627300613496933,1,0.313846153846154,0.318681318681319,1,1,0.162613981762918,0.302710843373494,1,0.907435508345979,1,0.306870229007634,0.199685534591195,0.682098765432099,1,1,1,1,1,0.287009063444109,0.294392523364486,1,0.114104595879556,0.00154320987654321,0.442748091603053,0,0.309486780715397,1,0.682242990654206,1,1,0.899082568807339,1,0.69218989280245,1,1,1,1
"49",0.309148264984227,0.315707620528771,0.324534161490683,0.334384858044164,0.313546423135464,0.309006211180124,0.00964630225080386,0.325984251968504,0.313636363636364,0.572567783094099,0.322137404580153,0.636923076923077,0.527131782945736,0.32807570977918,1,1,0.618401206636501,0,0.322932917316693,0.314152410575428,1,1,0.325190839694657,0.508500772797527,0.316890881913303,1,1,0.33868378812199,0.314024390243902,0.525660964230171,1,0.594180704441041,0.369230769230769,0.996899224806202,0.660910518053375,0.318181818181818,0.144171779141104,0.330815709969789,1,0.305084745762712,0.0031104199066874,0,0,0.332814930015552,0.321711568938193,1,0.993827160493827,1,1,1,0.685975609756098,0.331210191082803,1,0.327188940092166,0.317901234567901,0.817610062893082,0.12792511700468,0.3296875,0.317411402157165,0.318952234206472,0.993817619783617,1,1,0.00625978090766823,0.318471337579618,0.320493066255778,0.656346749226006,0.325581395348837,0.61044776119403,1,0.316265060240964,1,1,0.272583201267829,0.166409861325116,0.321212121212121,1,0.99390243902439,0.323029366306028,1,0.6032,1,1,0.326717557251908,1,0.325301204819277,0.322378716744914,0.332298136645963,0.324074074074074,0,0.323343848580442,0.333832335329341,0.676425269645609,0.584234930448223,0.312401883830455,0.637614678899083,0.681538461538462,0.316436251920123,0.127214170692432,0,0.316436251920123,0.619565217391304,1,0.323717948717949,1,0.325038880248834,0,0.331269349845201,1,1,1,0.309230769230769,0.995398773006135,0.325652841781874,0.202743902439024,0.308955223880597,1,0.371913580246914,1,1,0.204018547140649,0.319571865443425,1,1,0.330275229357798,1,0.324888226527571,0.31981981981982,0.362229102167183,0.761760242792109,0.327503974562798,1,0.331768388106416,0.632286995515695,0.330112721417069,1,0.00151975683890578,1,0.369631901840491,0.900813008130081,0.580893682588598,0.6015625,0.320610687022901,0.323343848580442,1,0.312597200622084,1,0.305164319248826,0.506787330316742,0.33030303030303,1,0.309707241910632,0.318611987381703,0.327044025157233,0.333848531684699,1,0.307332293291732,1,0.425954198473282,0.328197226502311,1,0.330275229357798,1,0.589905362776025,0.316770186335404,1,0.322981366459627,0.320610687022901,0.332814930015552,0.98780487804878,0.331288343558282,1,0.325545171339564,1,0.330658105939005,1,0.594512195121951,0.306990881458967,0.035031847133758,0.300155520995334,0.318818040435459,1,0.309006211180124,0.320493066255778,0.319634703196347,0.334355828220859,1,1,0.329635499207607,0.334370139968896,1,1,0.32,0.242990654205607,0.0223214285714286,0.685099846390169,1,0.00308166409861325,0.322678843226788,1,0.321259842519685,0.319634703196347,0.321592649310873,0.996927803379416,1,1,0.325337331334333,0.330128205128205,0.316030534351145,0.676100628930818,0.315707620528771,1,0.338983050847458,1,1,0.457317073170732,0.325434439178515,0.324574961360124,0.331775700934579,0.305164319248826,0.313364055299539,0.642857142857143,1,1,0.313636363636364,0.00458015267175573,0.331811263318113,0.316666666666667,0.328660436137072,0.315629742033384,0.304482225656878,0.320182094081942,0.694099378881988,0.361027190332326,0.309230769230769,1,0.328593996840442,1,0.313846153846154,0.306976744186047,0.314152410575428,0.329652996845426,0.315286624203822,1,0.331797235023041,0.805900621118012,1,1,0.996879875195008,1,1,0.904761904761905,1,1,1,0.31651376146789,1,0.326984126984127,0,1,0.381240544629349,1,0.324492979719189,0.327014218009479,0.316279069767442,0.415902140672783,1,0.330289193302892,1,1,1,1,0,0.318252730109204,1,1,0.32258064516129,1,0.32312404287902,1,1,0.317262830482115,0.323296354992076,0.307219662058372,0.160493827160494,0.333333333333333,0,0.594029850746269,1,0.331316187594554,0.322327044025157,0.584876543209877,1,1,0.322429906542056,0.327613104524181,1,0.655332302936631,0.692185007974482,0.307931570762053,0.317460317460317,0.992469879518072,0.334379905808477,0.307121661721068,1,0.311248073959938,0.309119010819165,1,0.308176100628931,0.330188679245283,0.313178294573643,0.321428571428571,1,1,1,0.311827956989247,0.327073552425665,0.0076103500761035,0.990654205607477,0.331269349845201,1,1,0.3202416918429,0.331797235023041,0.304615384615385,0.326656394453005,0.319938176197836,1,0.31496062992126,0.312302839116719,0.57753164556962,1,0.839563862928349,1,0,1,0.330357142857143,1,1,0.414893617021277,0.998477929984779,0.328100470957614,1,0.308176100628931,0.304212168486739,0.319634703196347,1,1,0.316109422492401,0.40095087163233,0.608087091757387,0.309636650868878,1,1,1,0.324409448818898,1,0.201574803149606,1,1,1,1,0.328746177370031,1,0.321027287319422,0.338028169014085,0.672307692307692,0.312401883830455,1,0.326120556414219,0.324283559577677,0.317307692307692,1,0.312312312312312,1,0.323795180722892,0.481762917933131,0.325617283950617,0.326656394453005,0.311349693251534,1,0.326018808777429,0.30379746835443,1,1,0.319938176197836,0.314728682170543,1,0.475113122171946,0.316535433070866,0.329770992366412,0.334360554699538,0.680124223602484,1,0.293739967897271,1,0.410216718266254,0.309486780715397,0,0.874051593323217,0.321928460342146,0.328220858895706,0,0.0283464566929134,0.978428351309707,0.31733746130031,1,0.3125,0.320388349514563,1,0.325153374233129,0.317111459968603,0.669767441860465,1,0.331782945736434,0.323029366306028,1,0.313546423135464,0.3104,1,0.341538461538462,0.317683881064163,0.320552147239264,0.328660436137072,0.795665634674923,1,0.978125,1,1,0.0015600624024961,1,0.993846153846154,1,0.418320610687023,0.996860282574568,0.310344827586207,0.993865030674847,0.327102803738318,0.995433789954338,0.603857566765579,0.630030959752322,0.322822822822823,0.317147192716237,0.642638036809816,0.314606741573034,0,0.626524390243902,0.678571428571429,0.319571865443425,0.00154320987654321,0.316923076923077,0.309707241910632,0.770932069510269,0.328173374613003,0.680981595092024,0.5952,0.312893081761006,0.32370820668693,0.304012345679012,1,0.0311111111111111,0,0.32262996941896,0.329704510108865,0.341085271317829,1,0.333848531684699,0.31832298136646,1,0.310975609756098,0.93603744149766,0.574568288854003,1,1,0.993377483443709,0.320610687022901,0.604327666151468,0.329850746268657,0.327974276527331,0.324534161490683,0.415267175572519,1,0.321981424148607,1,0.321316614420063,0.319620253164557,1,0.323854660347551,1,0.330721003134796,1,1,0.324159021406728,0,1,0.329754601226994,1,0.574766355140187,1,0.502318392581144,1,0.565625,1,0.321027287319422,1,1,1,0.317557251908397,0.325949367088608,0.328358208955224,0.344605475040258,0.320967741935484,0.314728682170543,1,0.324534161490683,1,1,0.328173374613003,0.315625,0.318318318318318,0.387096774193548,0.332326283987915,1,1,0.333333333333333,0.325984251968504,0.621835443037975,0.593059936908517,0.314728682170543,0.319554848966614,1,0.308641975308642,0.318731117824773,0.993808049535604,0.302215189873418,0.311424100156495,0,0.145896656534954,0.323029366306028,0.674041297935103,0.313755795981453,0.321804511278195,0.607575757575758,0.998466257668712,0.318681318681319,1,0.324074074074074,0.34789391575663,0.322932917316693,0.479820627802691,0.319571865443425,1,0.326625386996904,0.32262996941896,0.332298136645963,0.684451219512195,1,0.324921135646688,0.323170731707317,0,0.329230769230769,0.998449612403101,0.948249619482496,1,0.319444444444444,0.331297709923664,0.320872274143302,0.585626911314985,1,0.590909090909091,0.333333333333333,1,1,0.968085106382979,0.665634674922601,0.326625386996904,0.358934169278997,0.317972350230415,0.32089552238806,1,1,0.507177033492823,0.632237871674491,1,1,0.998475609756098,0.69047619047619,1,0.325301204819277,0.677570093457944,1,0.327718223583461,0.316614420062696,0.325617283950617,0.996978851963746,1,0.645007923930269,0.325227963525836,1,1,0.322530864197531,0.311728395061728,0.998452012383901,0,0.319314641744548,0.316692667706708,0.0078003120124805,0.320668693009119,1,0.314375987361769,1,0.157814871016692,0,0.909785932721712,0.334346504559271,1,1,0,0.00151515151515152,0.325581395348837,1,0.32,0.996987951807229,0.314375987361769,1,1,0.956656346749226,0.771956856702619,1,1,0.00628930817610063,1,0.5152,0.330708661417323,0.668188736681887,0.335384615384615,1,0.311926605504587,0.66358024691358,1,1,0.314465408805031,0.613670133729569,0.336810730253353,0.593114241001565,0.971875,0.328173374613003,0.597503900156006,0.013953488372093,0.315467075038285,0.324116743471582,0.327188940092166,1,0.643625192012289,0.319213313161876,0.887864823348694,0.589703588143526,0.969230769230769,1,1,0.315789473684211,0.337539432176656,0.310126582278481,0.315548780487805,0.324116743471582,0.61698956780924,0.314984709480122,0,0.671111111111111,0.998461538461539,0.327245053272451,0.312597200622084,0.316211878009631,0.32078313253012,0.60882800608828,1,0.333841463414634,0.335925349922239,0.332797427652733,0.316037735849057,0.313636363636364,0.313178294573643,0.198496240601504,0.675039246467818,0.317262830482115,0.596992481203008,1,0.235920852359209,0.329704510108865,0.923676012461059,1,1,0.311827956989247,0.635239567233385,1,0.31651376146789,0.305379746835443,0.954330708661417,1,1,0.996860282574568,0.318042813455657,1,1,0.905808477237049,1,0.349325337331334,1,0.590189873417722,1,0.667180277349769,0.318461538461538,0.601538461538462,1,1,0.992138364779874,0.32262996941896,0.324615384615385,0.332273449920509,0.326186830015314,0.328571428571429,0.326530612244898,0.981191222570533,0.320610687022901,1,1,0.723076923076923,0,0.31859756097561,0.325227963525836,0.670245398773006,1,0.569659442724458,0.328828828828829,0.649532710280374,0.317972350230415,0.320754716981132,1,0.312597200622084,0.324193548387097,0.69375,0.912420382165605,0.327459618208517,0.611023622047244,0.589341692789969,0.326747720364742,0.328682170542636,0.302469135802469,0.599071207430341,0.673312883435583,1,0.885448916408669,1,0.669150521609538,0.996894409937888,0.591836734693878,0.32398753894081,0.330683624801272,1,1,0.423017107309487,0.992199687987519,0.996923076923077,1,0.324031007751938,0.329721362229102,1,0.31784107946027,0.68348623853211,0.328746177370031,0.450155763239875,0.304416403785489,0,0.31651376146789,1,1,0.598765432098765,0.00151057401812689,0.3328125,0.330275229357798,0.106811145510836,0.426731078904992,1,1,0.315625,1,0.409375,1,0.333333333333333,0.585476550680787,0.32348367029549,0.3171875,1,0,1,0.310618066561014,0.320813771517997,1,1,1,0.45583596214511,1,0.336434108527132,0.617511520737327,0.331804281345566,0.33122028526149,0.00153846153846154,0.0421216848673947,1,0.619344773790952,1,0.327131782945736,0.339171974522293,1,1,0.168195718654434,0.316358024691358,1,0.904255319148936,1,0.330838323353293,0.203100775193798,0.665144596651446,1,1,1,1,1,0.288753799392097,0.310077519379845,1,0.128980891719745,0.00157728706624606,0.436055469953775,0,0.333333333333333,1,0.674528301886792,1,1,0.898176291793313,1,0.682098765432099,1,1,1,1
"50",0.307086614173228,0.318885448916409,0.324074074074074,0.340729001584786,0.326656394453005,0.31733746130031,0.0125391849529781,0.322429906542056,0.31859756097561,0.553945249597424,0.33026113671275,0.625954198473282,0.517295597484277,0.327131782945736,1,1,0.605828220858896,0,0.335403726708075,0.318529862174579,1,1,0.330316742081448,0.509316770186335,0.31784107946027,1,1,0.346518987341772,0.318181818181818,0.528391167192429,1,0.601208459214502,0.376146788990826,0.996913580246914,0.658986175115207,0.310509554140127,0.130970724191063,0.328746177370031,1,0.312688821752266,0.00309119010819165,0,0,0.330203442879499,0.322274881516588,1,0.995341614906832,1,1,1,0.682515337423313,0.329153605015674,1,0.328197226502311,0.321212121212121,0.820754716981132,0.115506329113924,0.3265625,0.323529411764706,0.331775700934579,0.992331288343558,1,1,0.0046656298600311,0.318979266347687,0.332307692307692,0.645412130637636,0.326594090202177,0.6,1,0.328746177370031,1,1,0.287519747235387,0.155725190839695,0.323529411764706,1,0.996969696969697,0.331297709923664,1,0.601910828025478,1,1,0.334855403348554,1,0.328869047619048,0.321428571428571,0.330792682926829,0.321592649310873,0,0.320754716981132,0.32781954887218,0.682779456193353,0.573619631901841,0.320634920634921,0.625373134328358,0.674418604651163,0.318042813455657,0.111290322580645,0,0.322480620155039,0.6078125,1,0.323763955342903,1,0.319314641744548,0,0.324574961360124,1,1,1,0.309486780715397,0.996908809891808,0.323262839879154,0.19969512195122,0.311844077961019,1,0.370030581039755,1,1,0.196923076923077,0.318952234206472,1,1,0.334855403348554,1,0.325408618127786,0.322822822822823,0.362790697674419,0.768882175226586,0.337539432176656,1,0.332298136645963,0.620689655172414,0.340764331210191,1,0.0015552099533437,1,0.387147335423198,0.893376413570275,0.572317262830482,0.586259541984733,0.322033898305085,0.332794830371567,1,0.324615384615385,1,0.306376360808709,0.507598784194529,0.331838565022422,1,0.319444444444444,0.317901234567901,0.333863275039746,0.334365325077399,1,0.31441717791411,1,0.428351309707242,0.329787234042553,1,0.32781954887218,1,0.57984496124031,0.329113924050633,1,0.321538461538462,0.322981366459627,0.337461300309598,0.987635239567233,0.332307692307692,1,0.331240188383046,1,0.330143540669856,1,0.586259541984733,0.306027820710974,0.0285261489698891,0.309375,0.325617283950617,1,0.316030534351145,0.327131782945736,0.324159021406728,0.336391437308869,1,1,0.333333333333333,0.335384615384615,1,1,0.327102803738318,0.231007751937985,0.0192878338278932,0.677115987460815,1,0.00307219662058372,0.316846986089645,1,0.329635499207607,0.318250377073906,0.31859756097561,0.996927803379416,1,1,0.336858006042296,0.320967741935484,0.319444444444444,0.676656151419558,0.319938176197836,1,0.3515625,1,1,0.438167938931298,0.333860759493671,0.330757341576507,0.334883720930233,0.309859154929577,0.321928460342146,0.634408602150538,1,1,0.320182094081942,0.00152905198776758,0.329286798179059,0.321266968325792,0.330757341576507,0.310185185185185,0.312307692307692,0.325301204819277,0.67737003058104,0.350531107738998,0.318042813455657,1,0.326594090202177,1,0.323619631901841,0.307339449541284,0.317757009345794,0.338533541341654,0.321711568938193,1,0.326687116564417,0.796557120500782,1,1,0.996904024767802,1,1,0.897356143079316,1,1,1,0.316265060240964,1,0.331715210355987,0,1,0.38109756097561,1,0.327073552425665,0.324451410658307,0.323574730354391,0.41131498470948,1,0.334360554699538,1,1,1,1,0,0.313385826771654,1,1,0.326625386996904,1,0.330792682926829,1,1,0.313084112149533,0.325396825396825,0.301857585139319,0.141965678627145,0.33175355450237,0,0.578078078078078,1,0.328220858895706,0.328125,0.568567026194145,1,1,0.334928229665072,0.335394126738794,1,0.6515625,0.689655172413793,0.312401883830455,0.3296,0.993948562783661,0.335384615384615,0.311475409836066,1,0.324116743471582,0.319018404907975,1,0.312893081761006,0.329173166926677,0.317972350230415,0.330218068535826,1,1,1,0.310769230769231,0.328616352201258,0.00764525993883792,0.993865030674847,0.334913112164297,1,1,0.315548780487805,0.332826747720365,0.311248073959938,0.322378716744914,0.317073170731707,1,0.31055900621118,0.316358024691358,0.564742589703588,1,0.838759689922481,1,0,1,0.332831325301205,1,1,0.405487804878049,0.998475609756098,0.326625386996904,1,0.316692667706708,0.31619937694704,0.315068493150685,1,1,0.327692307692308,0.412520064205457,0.599369085173502,0.307086614173228,1,1,1,0.330128205128205,1,0.201238390092879,1,1,1,1,0.335866261398176,1,0.3264,0.341576506955178,0.669242658423493,0.310725552050473,1,0.330769230769231,0.323795180722892,0.324409448818898,1,0.319148936170213,1,0.32579185520362,0.483920367534456,0.331797235023041,0.332810047095761,0.322137404580153,1,0.327613104524181,0.31378763866878,1,1,0.327245053272451,0.316998468606432,1,0.474732006125574,0.319685039370079,0.326717557251908,0.332826747720365,0.670769230769231,1,0.296,1,0.414173228346457,0.317034700315457,0,0.89209726443769,0.325396825396825,0.323619631901841,0,0.0290964777947933,0.983128834355828,0.330745341614907,1,0.315707620528771,0.3248,1,0.326186830015314,0.324074074074074,0.661514683153014,1,0.325508607198748,0.330218068535826,1,0.32,0.310832025117739,1,0.336906584992343,0.320872274143302,0.32469512195122,0.338533541341654,0.799079754601227,1,0.982919254658385,1,1,0.0015600624024961,1,0.995348837209302,1,0.428792569659443,0.998435054773083,0.312307692307692,0.995508982035928,0.339622641509434,0.998452012383901,0.595238095238095,0.625570776255708,0.326283987915408,0.312404287901991,0.634408602150538,0.322734499205087,0,0.61741835147745,0.677018633540373,0.32262996941896,0.00155038759689922,0.319314641744548,0.311248073959938,0.768025078369906,0.335413416536661,0.678461538461538,0.576138147566719,0.327131782945736,0.322137404580153,0.31055900621118,1,0.0278184480234261,0,0.328220858895706,0.337962962962963,0.343465045592705,1,0.336477987421384,0.324615384615385,1,0.311450381679389,0.940993788819876,0.566718995290424,1,1,0.99505766062603,0.333841463414634,0.591044776119403,0.32396449704142,0.320574162679426,0.326120556414219,0.420574886535552,1,0.3125,1,0.331746031746032,0.32695374800638,1,0.32182103610675,1,0.336492890995261,1,1,0.339477726574501,0,1,0.329230769230769,1,0.572755417956656,1,0.502283105022831,1,0.561728395061728,1,0.325984251968504,1,1,1,0.316846986089645,0.332805071315372,0.322188449848024,0.349761526232114,0.327447833065811,0.32093023255814,1,0.330733229329173,1,1,0.340458015267176,0.322981366459627,0.323308270676692,0.402777777777778,0.334855403348554,1,1,0.333333333333333,0.334384858044164,0.619344773790952,0.576377952755906,0.322085889570552,0.328616352201258,1,0.320610687022901,0.328849028400598,0.995245641838352,0.316720257234727,0.320987654320988,0,0.135746606334842,0.328682170542636,0.667669172932331,0.3171875,0.328220858895706,0.584474885844749,0.996889580093313,0.315955766192733,1,0.32182103610675,0.35126582278481,0.329192546583851,0.477726574500768,0.326656394453005,1,0.33026113671275,0.327014218009479,0.340157480314961,0.684848484848485,1,0.335443037974684,0.32312404287902,0,0.332822085889571,0.998466257668712,0.9558599695586,1,0.325038880248834,0.335347432024169,0.32398753894081,0.574018126888218,1,0.585326953748006,0.339622641509434,1,1,0.966309341500766,0.668740279937792,0.342679127725857,0.369969040247678,0.326219512195122,0.325190839694657,1,1,0.502325581395349,0.622083981337481,1,1,0.998466257668712,0.681388012618297,1,0.335866261398176,0.675507020280811,1,0.330246913580247,0.322834645669291,0.324492979719189,0.998477929984779,1,0.6384,0.326656394453005,1,1,0.33026113671275,0.317484662576687,0.998439937597504,0,0.318611987381703,0.316037735849057,0.00618238021638331,0.320552147239264,1,0.319685039370079,1,0.136503067484663,0,0.903560830860534,0.332302936630603,1,1,0,0.00151745068285281,0.339009287925697,1,0.32755905511811,0.997014925373134,0.317307692307692,1,0.998435054773083,0.962558502340094,0.768992248062015,1,1,0.00459418070444104,1,0.509677419354839,0.3328173374613,0.667687595712098,0.331297709923664,1,0.314152410575428,0.670278637770898,1,1,0.318541996830428,0.601783060921248,0.333848531684699,0.580343213728549,0.975270479134467,0.33695652173913,0.588597842835131,0.0123456790123457,0.31937984496124,0.327639751552795,0.330275229357798,1,0.623867069486405,0.312594840667678,0.897553516819572,0.571879936808847,0.968085106382979,1,1,0.327102803738318,0.343354430379747,0.318818040435459,0.317972350230415,0.326086956521739,0.602719033232628,0.317147192716237,0,0.666666666666667,1,0.331306990881459,0.316279069767442,0.320574162679426,0.335843373493976,0.598461538461538,1,0.340978593272171,0.339009287925697,0.341269841269841,0.330203442879499,0.316923076923077,0.327014218009479,0.193939393939394,0.667194928684628,0.31911532385466,0.585476550680787,1,0.23159509202454,0.329704510108865,0.923197492163009,1,1,0.320373250388802,0.617602427921093,1,0.321212121212121,0.308661417322835,0.952830188679245,1,1,0.998420221169036,0.328290468986384,1,1,0.896551724137931,1,0.362519201228879,1,0.585557299843014,1,0.662650602409639,0.321483771251932,0.586854460093897,1,1,0.995222929936306,0.32824427480916,0.335403726708075,0.330645161290323,0.330769230769231,0.328548644338118,0.329192546583851,0.984326018808777,0.322137404580153,1,1,0.719083969465649,0,0.327769347496206,0.329211746522411,0.674735249621785,1,0.555384615384615,0.334346504559271,0.626373626373626,0.321100917431193,0.323390894819466,1,0.321259842519685,0.3278955954323,0.699059561128527,0.907051282051282,0.327917282127031,0.584,0.572542901716069,0.337423312883436,0.328660436137072,0.313178294573643,0.582159624413146,0.67175572519084,1,0.896923076923077,1,0.661094224924012,0.998427672955975,0.5765625,0.32093023255814,0.335413416536661,1,1,0.429906542056075,0.995305164319249,1,1,0.31832298136646,0.328703703703704,1,0.318114874815906,0.672281776416539,0.335949764521193,0.460218408736349,0.312693498452012,0,0.31859756097561,1,1,0.578703703703704,0.00152439024390244,0.337423312883436,0.327666151468315,0.098613251155624,0.43042071197411,1,1,0.32348367029549,1,0.405616224648986,1,0.336890243902439,0.579352850539291,0.329230769230769,0.321428571428571,1,0,1,0.315789473684211,0.326120556414219,1,1,1,0.455259026687598,1,0.329173166926677,0.615501519756839,0.331797235023041,0.330670926517572,0.00152439024390244,0.0401854714064915,1,0.608895705521472,1,0.330781010719755,0.340189873417722,1,1,0.156105100463679,0.319571865443425,1,0.905053598774885,1,0.332335329341317,0.195046439628483,0.661016949152542,1,1,1,1,1,0.299847792998478,0.310725552050473,1,0.114779874213836,0.00157232704402516,0.438759689922481,0,0.333858267716535,1,0.673913043478261,1,1,0.899082568807339,1,0.66973886328725,1,1,1,1
"51",0,0,0,0,0,0,0.287519747235387,0,0,0.9024,0,0.960183767228178,0.179968701095462,0,0.690140845070423,0.698587127158556,0.938931297709924,0.310679611650485,0,0,0.712749615975422,0.697347893915757,0,0.845565749235474,0,0.678018575851393,0.688783570300158,0,0,0.216640502354788,0.694656488549618,0.278637770897833,0.0380517503805175,0.690625,1,0,0.453846153846154,0,0.712349397590361,0,0.3234375,0.321483771251932,0.295839753466872,0,0,0.683788121990369,0.703588143525741,0.696509863429439,0.685975609756098,0.682515337423313,1,0,0.7,0,0,0.522012578616352,0.447409733124019,0,0,0,0.67530487804878,0.691338582677165,0.694915254237288,0.317262830482115,0,0,0.965732087227414,0,0.94213649851632,0.693129770992366,0,0.684210526315789,0.682389937106918,0.0336,0.488514548238897,0,0.692660550458716,0.669195751138088,0,0.685303514376997,0.914556962025316,0.681818181818182,0.683962264150943,0,0.675265553869499,0,0,0,0,0.298780487804878,0,0,1,0.893915756630265,0,0.957767722473605,1,0,0.4336,0.309375,0,0.944532488114105,0.702194357366771,0,0.694136291600634,0,0.306976744186047,0,0.693023255813954,0.688854489164087,0.696319018404908,0,0.684698608964451,0,0.498470948012232,0,0.697530864197531,0.70606531881804,0.680722891566265,0.689873417721519,0.519500780031201,0.00153374233128834,0.685099846390169,0.690705128205128,0,0.704791344667697,0,0,0.675425038639876,0.458966565349544,0,0.699376947040498,0,0.962292609351433,0,0.692541856925419,0.320552147239264,0.677966101694915,0.0655487804878049,0.5712,0.896551724137931,0.902927580893683,0,0,0.674418604651163,0,0.687593423019432,0,0.19047619047619,0,0.685805422647528,0,0,0,0,0.67981072555205,0,0.684375,0.750764525993884,0,0.687878787878788,0,0.704510108864697,0.915492957746479,0,0.687697160883281,0,0,0,0.675344563552833,0,0.6796875,0,0.697492163009404,0,0.686335403726708,0.924615384615385,0,0.355305466237942,0,0,0.695102685624013,0,0,0,0,0.68895800933126,0.702160493827161,0,0.00155038759689922,0.695517774343122,0.699367088607595,0,0.556923076923077,0.32781954887218,1,0.688271604938272,0.320493066255778,0,0.687687687687688,0,0.0015220700152207,0,0.694189602446483,0.688073394495413,0.680511182108626,0,0,0,1,0,0.693290734824281,0.0234009360374415,0.680817610062893,0.695852534562212,0.248447204968944,0,0,0,0,0,0.961059190031153,0.693877551020408,0.682588597842835,0,0.307692307692308,0,0,0,0.00153139356814701,0,0,0.996899224806202,0.68429003021148,0,0.700934579439252,0,0.700460829493088,0,0,0,0,0,0.68025078369906,0,0.486821705426357,0.689167974882261,0.686274509803922,0.700636942675159,0.690292758089368,0.684627575277338,0.583465818759936,0.677469135802469,0.6953125,0.698315467075038,0,0.687697160883281,0,0.305597579425113,0.698630136986301,0.689291101055807,0.683385579937304,0,0,0,0.747286821705426,0.698757763975155,0,0.690402476780186,0.681887366818874,0.687306501547988,0.683001531393568,0.31055900621118,0,0.689497716894977,0.697262479871176,0,0.70952380952381,0,0.690909090909091,0.704225352112676,0,0,0,0.461059190031153,0,0.302469135802469,0.916918429003021,0.687116564417178,0,0,0.905426356589147,0.689127105666156,0.686305732484076,0,0,0.706521739130435,0.978328173374613,0.9968,0,0,0.673282442748092,0,0,0.694656488549618,0,0,0.690031152647975,0,0,0,0,0.679127725856698,0.697744360902256,0.682034976152623,0,0,0.320610687022901,0.686915887850467,0,0.694528875379939,0.709828393135725,0,0,0.00152439024390244,0,0,0.681747269890796,0,0,0.895161290322581,0.680491551459293,0.513385826771654,0.697965571205008,0.320695102685624,0.693374422187982,0,0.696923076923077,0.680817610062893,0.746543778801843,0.690184049079755,0,0.684053651266766,0,0,0,0.697530864197531,0.685410334346505,0.00152905198776758,0.0791599353796446,0.937791601866252,0,0.693270735524257,0.689873417721519,0.691338582677165,0,0.670750382848392,0.525502318392581,0.679506933744222,0.694444444444444,0.698717948717949,0.69811320754717,0,0.694136291600634,0,0,1,0,0.682316118935837,0,0,0,0.689167974882261,0,0.690851735015773,0,0.152777777777778,0,0,0,0.689230769230769,0,0,0.699059561128527,0.693023255813954,0,0,0.692068429237947,0.818873668188737,0,0.00154559505409583,0,1,0.694267515923567,0,0.693374422187982,0.756329113924051,0,0.315707620528771,0.567732115677321,0,0,0.315007429420505,0.285714285714286,0.661949685534591,0,0.687692307692308,0,0,0.682615629984051,0,0.0015748031496063,0.993759750390016,0.684375,0,0,0.684952978056426,0,0,0.7,0.671802773497689,0,0,0,0.47581903276131,0.70015455950541,0.666666666666667,0.690440060698027,0.676970633693972,0.298904538341158,0.687402799377916,0.683153013910355,0.692307692307692,0.762790697674419,0.688394276629571,0,0.681957186544342,0.00155763239875389,0.691472868217054,0.918276374442793,0.95144157814871,0,0,0.96594427244582,0,0.300455235204856,0.961300309597523,0.992211838006231,0,0.310185185185185,0,0,0.459752321981424,0,1,0.92822966507177,0,0,0,0.683385579937304,0.339791356184799,0.295345104333868,0.00619195046439629,0,0.0108864696734059,0.704791344667697,0.666666666666667,0,0.70859872611465,0,0.641104294478528,0.896875,0.703875968992248,0.688922610015175,0.672131147540984,0,0.917808219178082,0,0,0,0.742424242424242,0.681962025316456,0,0.687400318979266,0,0,0.699236641221374,0,0.691616766467066,0,0.702492211838006,0.691222570532915,0,0.312788906009245,0.69578313253012,0,0.699842022116904,0.242658423493045,0.698630136986301,0.836166924265842,0.683812405446294,0.231366459627329,0.708920187793427,0,0.685670261941448,0.667180277349769,0.71889400921659,0,0,0,0.0270700636942675,0.655063291139241,0,0.688,0,0.687400318979266,0.693815987933635,0,0,0,0.0815047021943574,0,0.698315467075038,0.689024390243902,0,0,0.955414012738854,0.917851500789889,0,0,0.697347893915757,0,0,0.693623639191291,0,0,0.310077519379845,0.46177370030581,0,1,0,0,0.901960784313726,0.68944099378882,0,0.674347158218126,0.0015527950310559,0.031496062992126,0.00155763239875389,0.166409861325116,0,0.677938808373591,0,0,0,1,0.699186991869919,0,0,0.318252730109204,0,0.690880989180835,0.653846153846154,0.680555555555556,0,0,0,0.907975460122699,0.691082802547771,0.909667194928685,0.00156985871271586,0.700305810397553,0.704097116843703,0.656967840735069,1,0,0.0388198757763975,0,0,0.690363349131122,0.709923664122137,0.841194968553459,0.966824644549763,0.6921875,0.695924764890282,0.691833590138675,1,0.693498452012384,0,1,0.686635944700461,0,0,0,0.696048632218845,0.694528875379939,0.971014492753623,0,0.695178849144635,0.697852760736196,0,0,0.68895800933126,0.302439024390244,0,0,0.294209702660407,0,0.693353474320242,0,0.691950464396285,0.462480857580398,0.322239031770045,0.603915662650602,0,0.709531013615734,0.694704049844237,0.300462249614792,0.325688073394495,0,0.691131498470948,0,0.680786686838124,0,0.700934579439252,0.6953125,0.661417322834646,0.483969465648855,0.68088467614534,0.703875968992248,0.3265625,0.691950464396285,0.8512,0,1,0,0.711598746081505,0,1,0.685847589424572,0.691338582677165,0,0.944693572496263,0,0.912636505460218,0.671383647798742,0,0.934049079754601,0.316279069767442,0,0,0,0.696,0.965256797583082,0,0.580343213728549,0.909090909090909,0.656967840735069,0.68266253869969,0.685887708649469,0,0,0,0,0,0.936555891238671,0.00307692307692308,0.303543913713405,0.996996996996997,0.684615384615385,0,0,0,0,0.915756630265211,0.695852534562212,0,0,0,0,0,0,0.509063444108761,1,0,0.913636363636364,0.684615384615385,0.563380281690141,0,0.626984126984127,0.692307692307692,0.698142414860681,0,0.963358778625954,0.688073394495413,0,0,0.633647798742138,0.7,0.694573643410853,0.691573926868045,0.00151745068285281,0.685214626391097,0.689497716894977,0.593004769475358,0.698289269051322,0.0226586102719033,0.698340874811463,0.916271721958926,0.679566563467492,1,0,0.9125,0.708860759493671,0.686544342507645,0.692068429237947,0,0,0,0,0,0,0.678233438485804,0,0.686728395061728,0.693843594009983,0.392638036809816,0.309636650868878,0,0,1,0.689497716894977,0.883435582822086,0.00150375939849624,0.96594427244582,0,0,0.698289269051322,0,0,0.376582278481013,0.588045234248788,0.00298507462686567,0.915470494417863,0.902362204724409,0,0,0,0.909375,1,0.688350983358548,0.581761006289308,0.688650306748466,1,0.690363349131122,0.91025641025641,0,0,0.682779456193353,0.690548780487805,0.762578616352201,0.67879746835443,0.691376701966717,0.687692307692308,0,0,0.681458003169572,0,1,0,0.777950310559006,0,0.322085889570552,0,0.697530864197531,0.701112877583466,0.925190839694657,0.31570996978852,0,0,0.19751166407465,0.109500805152979,0.682737169517885,0.691082802547771,0,0.692913385826772,0.745709828393136,0.691935483870968,0,0.895962732919255,0,0,0.69375,0.315286624203822,0.693037974683544,0,0,0.702362204724409,0.703588143525741,0.689291101055807,0.14937106918239,0.696774193548387,0,0.943076923076923,0,0,0.290519877675841,0.341121495327103,0.681020733652313,0.948598130841122,0.684292379471229,0,0,0.697996918335901,0.681747269890796,0.373088685015291,0,0.700763358778626,0.637462235649547,0.696875,0.0153374233128834,0.524564183835182,0.998456790123457,0.701863354037267,0.687593423019432,0.684375,0.687598116169545,0.688821752265861,0.0288315629742033,0,0.695046439628483,0.453658536585366,0.304821150855365,0.763693270735524,0.305466237942122,0,0.682170542635659,0.996870109546166,0.680124223602484,0.697852760736196,0.645990922844175,0.695178849144635,1,0.67651632970451,0.690737833594976,0.686804451510334,0.691472868217054
"52",1,1,1,1,1,1,0.702439024390244,1,1,0.0991735537190083,1,0.042654028436019,0.818330605564648,1,0.319422150882825,0.314696485623003,0.0673981191222571,0.677631578947368,1,1,0.29570747217806,0.3168,1,0.15506329113924,1,0.331746031746032,0.336569579288026,1,1,0.79454253611557,0.32120253164557,0.735524256651017,0.963836477987421,0.328571428571429,0,1,0.540540540540541,1,0.311827956989247,1,0.656645569620253,0.666139240506329,0.689335394126739,1,1,0.324058919803601,0.319935691318328,0.315301391035549,0.331210191082803,0.329153605015674,0,1,0.317034700315457,1,1,0.507293354943274,0.546474358974359,1,1,1,0.341772151898734,0.331189710610932,0.321656050955414,0.666136724960254,1,1,0.0398724082934609,1,0.0602782071097372,0.325508607198748,1,0.323854660347551,0.332231404958678,0.962962962962963,0.504731861198738,1,0.317683881064163,0.344391785150079,1,0.322314049586777,0.085667215815486,0.335453100158982,0.330683624801272,1,0.338582677165354,1,1,1,1,0.682965299684543,1,1,0.0015748031496063,0.102564102564103,1,0.0467289719626168,0,1,0.556280587275693,0.668284789644013,1,0.0564516129032258,0.318327974276527,1,0.321086261980831,1,0.677777777777778,1,0.322683706070288,0.320754716981132,0.326498422712934,1,0.333865814696486,1,0.485362095531587,1,0.321656050955414,0.293103448275862,0.328682170542636,0.318627450980392,0.469354838709677,0.998425196850394,0.324921135646688,0.321311475409836,1,0.309748427672956,1,1,0.315541601255887,0.562403697996918,1,0.323248407643312,1,0.0432766615146832,1,0.324492979719189,0.665094339622642,0.333333333333333,0.93312101910828,0.436482084690554,0.0992,0.0916271721958926,1,1,0.336553945249597,1,0.319508448540707,1,0.812982998454405,1,0.33063209076175,1,1,1,1,0.332797427652733,1,0.334415584415584,0.248427672955975,1,0.320872274143302,1,0.304838709677419,0.0857605177993527,1,0.319488817891374,1,1,1,0.347417840375587,1,0.333333333333333,1,0.313880126182965,1,0.325281803542673,0.0709779179810726,1,0.630182421227197,1,1,0.320261437908497,1,1,1,1,0.323101777059774,0.32120253164557,1,0.998425196850394,0.328682170542636,0.31869918699187,1,0.440381558028617,0.654434250764526,0,0.328502415458937,0.662379421221865,1,0.325545171339564,1,0.998466257668712,1,0.322061191626409,0.330232558139535,0.330065359477124,1,1,1,0,1,0.315960912052117,0.973983739837398,0.322683706070288,0.321144674085851,0.748807631160572,1,1,1,1,1,0.043338683788122,0.322528363047002,0.328,1,0.676609105180534,1,1,0.998430141287284,0.998435054773083,1,1,0.00476947535771065,0.3125,1,0.322528363047002,1,0.312796208530806,1,1,1,1,1,0.3354943273906,1,0.504065040650406,0.3296,0.327586206896552,0.315270935960591,0.325242718446602,0.342229199372057,0.423014586709887,0.336538461538462,0.325984251968504,0.316279069767442,1,0.325320512820513,1,0.680817610062893,0.318681318681319,0.3109375,0.337096774193548,1,1,1,0.256451612903226,0.317460317460317,1,0.32569558101473,0.328125,0.320388349514563,0.324451410658307,0.670926517571885,1,0.325984251968504,0.319354838709677,1,0.308970099667774,1,0.317111459968603,0.32120253164557,1,1,1,0.541062801932367,1,0.689763779527559,0.081377151799687,0.320634920634921,1,1,0.0944,0.325038880248834,0.325806451612903,1,1,0.307692307692308,0.0253164556962025,0.0032626427406199,1,1,0.339477726574501,1,1,0.314465408805031,1,1,0.318979266347687,1,1,1,1,0.331738437001595,0.315789473684211,0.33665008291874,1,1,0.661490683229814,0.322006472491909,1,0.323943661971831,0.305732484076433,1,1,0.998427672955975,1,1,0.330112721417069,1,1,0.102272727272727,0.335403726708075,0.504854368932039,0.315789473684211,0.669902912621359,0.320813771517997,1,0.319935691318328,0.333333333333333,0.262166405023548,0.321875,1,0.33693972179289,1,1,1,0.322115384615385,0.33125,0.998425196850394,0.926590538336052,0.0628019323671498,1,0.320967741935484,0.32300163132137,0.319935691318328,1,0.33125,0.469194312796209,0.331761006289308,0.3125,0.315960912052117,0.315789473684211,1,0.3312,1,1,0,1,0.326923076923077,1,1,1,0.335987261146497,1,0.31900826446281,1,0.838050314465409,1,1,1,0.32484076433121,1,1,0.316957210776545,0.320063694267516,1,1,0.323809523809524,0.183385579937304,1,0.998425196850394,1,0,0.318181818181818,1,0.321144674085851,0.25,1,0.675968992248062,0.446708463949843,1,1,0.667682926829268,0.696969696969697,0.351822503961965,1,0.31911532385466,1,1,0.345161290322581,1,0.998381877022654,0.00952380952380952,0.335443037974684,1,1,0.327390599675851,1,1,0.314785373608903,0.326018808777429,1,1,1,0.536891679748823,0.318979266347687,0.350961538461538,0.324574961360124,0.335423197492163,0.686591276252019,0.332810047095761,0.332797427652733,0.317683881064163,0.248012718600954,0.330049261083744,1,0.322480620155039,0.998392282958199,0.325358851674641,0.0838414634146342,0.050314465408805,1,1,0.0382165605095541,1,0.677215189873418,0.0415335463258786,0.0129032258064516,1,0.670906200317965,1,1,0.556270096463023,1,0,0.07085346215781,1,1,1,0.330097087378641,0.643292682926829,0.687394957983193,0.996850393700787,1,0.988924050632911,0.312599681020734,0.318181818181818,1,0.308943089430894,1,0.378980891719745,0.102728731942215,0.308056872037915,0.332293291731669,0.339011925042589,1,0.0775316455696203,1,1,1,0.255485893416928,0.331723027375201,1,0.325320512820513,1,1,0.325,1,0.327188940092166,1,0.318471337579618,0.328050713153724,1,0.662847790507365,0.325581395348837,1,0.321895424836601,0.778662420382166,0.324116743471582,0.154330708661417,0.330232558139535,0.772151898734177,0.31869918699187,1,0.329635499207607,0.345368916797488,0.306962025316456,1,1,1,0.973727422003284,0.324590163934426,1,0.32843137254902,1,0.328925619834711,0.329173166926677,1,1,1,0.921474358974359,1,0.318818040435459,0.325878594249201,1,1,0.0458265139116203,0.0848,1,1,0.311897106109325,1,1,0.320512820512821,1,1,0.677265500794913,0.532924961715161,1,0,1,1,0.094488188976378,0.3376,1,0.340222575516693,0.998407643312102,0.965189873417722,0.998381877022654,0.828298887122417,1,0.333876221498371,1,1,1,0,0.317880794701987,1,1,0.660225442834139,1,0.324367088607595,0.373626373626374,0.326433121019108,1,1,1,0.0883280757097792,0.32794830371567,0.0871710526315789,0.998389694041868,0.315870570107858,0.3109375,0.365506329113924,0,1,0.958664546899841,1,1,0.327332242225859,0.313084112149533,0.15689381933439,0.0369181380417336,0.324237560192616,0.317152103559871,0.331269349845201,0.0016260162601626,0.3234375,1,0,0.330721003134796,1,1,1,0.326465927099842,0.330733229329173,0.0324149108589951,1,0.330112721417069,0.317965023847377,1,1,0.314285714285714,0.691176470588235,1,1,0.686688311688312,1,0.317111459968603,1,0.328025477707006,0.512658227848101,0.661993769470405,0.414219474497682,1,0.303875968992248,0.319488817891374,0.676328502415459,0.658307210031348,1,0.332293291731669,1,0.331782945736434,1,0.320574162679426,0.317073170731707,0.360576923076923,0.534181240063593,0.322475570032573,0.3184,0.656200941915228,0.318681318681319,0.144736842105263,1,0,1,0.298555377207063,1,0,0.333863275039746,0.32258064516129,1,0.0570107858243451,1,0.0817307692307692,0.346774193548387,1,0.0633693972179289,0.662921348314607,1,1,1,0.32013201320132,0.0390015600624025,1,0.451816745655608,0.0969305331179321,0.368916797488226,0.328616352201258,0.332807570977918,1,1,1,1,1,0.065015479876161,0.996870109546166,0.681962025316456,0.00455235204855842,0.329635499207607,1,1,1,1,0.0854430379746835,0.320063694267516,1,1,1,1,1,1,0.480252764612954,0.00162337662337662,1,0.081377151799687,0.326433121019108,0.426517571884984,1,0.411003236245955,0.319397993311037,0.318611987381703,1,0.0409448818897638,0.32967032967033,1,1,0.377633711507293,0.309636650868878,0.322061191626409,0.32516339869281,0.998422712933754,0.330658105939005,0.332802547770701,0.421553090332805,0.324237560192616,0.975077881619938,0.32,0.0827922077922078,0.3392,0,1,0.0821256038647343,0.310897435897436,0.327974276527331,0.331707317073171,1,1,1,1,1,1,0.33652312599681,1,0.323296354992076,0.322033898305085,0.611544461778471,0.673534072900158,1,1,0,0.325617283950617,0.118210862619808,0.998452012383901,0.0383386581469649,1,1,0.322006472491909,1,1,0.620521172638437,0.425986842105263,0.996978851963746,0.0740740740740741,0.096,1,1,1,0.0853080568720379,0,0.325396825396825,0.436220472440945,0.321711568938193,0,0.3408,0.0843949044585987,1,1,0.33015873015873,0.328,0.2375,0.349025974025974,0.327503974562798,0.324451410658307,1,1,0.334920634920635,1,0,1,0.227786752827141,1,0.667189952904239,1,0.320512820512821,0.314332247557003,0.0738993710691824,0.6625,1,1,0.79153605015674,0.902640264026403,0.326829268292683,0.321428571428571,1,0.324237560192616,0.257234726688103,0.325806451612903,1,0.0996884735202492,1,1,0.327447833065811,0.669381107491857,0.317817014446228,1,1,0.3078125,0.313385826771654,0.325688073394495,0.856451612903226,0.323051948051948,1,0.0540540540540541,1,1,0.688888888888889,0.64251968503937,0.332775919732441,0.0513643659711075,0.33015873015873,1,1,0.319488817891374,0.343450479233227,0.6138147566719,1,0.314152410575428,0.375,0.323248407643312,0.9828125,0.466237942122186,0.0046875,0.324881141045959,0.331269349845201,0.340288924558588,0.321782178217822,0.326086956521739,0.968701095461659,1,0.328050713153724,0.545008183306056,0.6768,0.232594936708861,0.679661016949153,1,0.339622641509434,0.0016260162601626,0.333333333333333,0.314285714285714,0.374203821656051,0.322528363047002,0,0.339171974522293,0.325242718446602,0.332794830371567,0.32018927444795
"53",0.29153605015674,0.303215926493109,0.310185185185185,0.316770186335404,0.308049535603715,0.299382716049383,0.0110236220472441,0.313572542901716,0.311145510835913,0.58307210031348,0.311077389984825,0.647865853658537,0.506230529595016,0.312989045383412,1,1,0.621329211746522,0,0.315625,0.297380585516179,1,1,0.31866464339909,0.527522935779816,0.30030487804878,1,1,0.328616352201258,0.304147465437788,0.517940717628705,1,0.581929555895865,0.363358778625954,0.996908809891808,0.672926447574335,0.310965630114566,0.14175654853621,0.317557251908397,1,0.301059001512859,0.00308166409861325,0,0,0.31911532385466,0.3078125,1,0.993759750390016,1,1,1,0.7,0.317034700315457,1,0.314241486068111,0.30568356374808,0.8140625,0.12326656394453,0.309859154929577,0.310136157337368,0.319685039370079,0.992319508448541,1,1,0.00617283950617284,0.306451612903226,0.308868501529052,0.653846153846154,0.316770186335404,0.619822485207101,1,0.310872894333844,1,1,0.280448717948718,0.16380655226209,0.309774436090226,1,0.993920972644377,0.317771084337349,1,0.607936507936508,1,1,0.31784107946027,1,0.313161875945537,0.321372854914197,0.320433436532508,0.311320754716981,0,0.3125,0.315789473684211,0.690548780487805,0.592307692307692,0.301684532924962,0.65052950075643,0.691472868217054,0.307098765432099,0.124605678233438,0,0.304821150855365,0.625990491283677,1,0.303030303030303,1,0.309968847352025,0,0.313084112149533,1,1,1,0.30521472392638,0.995398773006135,0.3171875,0.210045662100457,0.305722891566265,1,0.394171779141104,1,1,0.21216848673947,0.302003081664099,1,1,0.321266968325792,1,0.312684365781711,0.312217194570136,0.377125193199382,0.775112443778111,0.312302839116719,1,0.3198127925117,0.645739910313901,0.324237560192616,1,0.00153139356814701,1,0.364341085271318,0.888709677419355,0.582554517133956,0.595348837209302,0.309486780715397,0.314873417721519,1,0.31104199066874,1,0.297971918876755,0.492378048780488,0.309774436090226,1,0.296703296703297,0.313755795981453,0.318181818181818,0.316358024691358,1,0.297380585516179,1,0.448012232415902,0.322188449848024,1,0.319213313161876,1,0.596273291925466,0.314785373608903,1,0.309006211180124,0.315467075038285,0.326018808777429,0.986301369863014,0.320433436532508,1,0.316118935837246,1,0.313001605136437,1,0.589506172839506,0.286604361370716,0.0316455696202532,0.297805642633229,0.314984709480122,1,0.307219662058372,0.308641975308642,0.312688821752266,0.326186830015314,1,1,0.309636650868878,0.315629742033384,1,1,0.311827956989247,0.241960183767228,0.0222551928783383,0.691717791411043,1,0.00310077519379845,0.311649016641452,1,0.311811023622047,0.306990881458967,0.308166409861325,0.998466257668712,1,1,0.315868263473054,0.306089743589744,0.307339449541284,0.688679245283019,0.295384615384615,1,0.333841463414634,1,1,0.45635528330781,0.320754716981132,0.309451219512195,0.322429906542056,0.297546012269939,0.306853582554517,0.649068322981366,1,1,0.308396946564885,0.00458715596330275,0.325227963525836,0.31044776119403,0.307453416149068,0.301684532924962,0.291472868217054,0.310344827586207,0.700607902735562,0.375572519083969,0.294753086419753,1,0.316957210776545,1,0.299694189602446,0.3078125,0.309148264984227,0.326018808777429,0.305863708399366,1,0.316666666666667,0.795562599049128,1,1,0.996865203761755,1,1,0.89540412044374,1,1,1,0.311550151975684,1,0.3168,0,1,0.393568147013783,1,0.313971742543171,0.317972350230415,0.304347826086957,0.42457231726283,1,0.314199395770393,1,1,1,1,0,0.313364055299539,1,1,0.313271604938272,1,0.312883435582822,1,1,0.30379746835443,0.310236220472441,0.293129770992366,0.15968992248062,0.320251177394035,0,0.609212481426449,1,0.315233785822021,0.31104199066874,0.581929555895865,1,1,0.320063694267516,0.324451410658307,1,0.660550458715596,0.700315457413249,0.29922480620155,0.311290322580645,0.992481203007519,0.320552147239264,0.29940119760479,1,0.309451219512195,0.303076923076923,1,0.29635499207607,0.31055900621118,0.315950920245399,0.315132605304212,1,1,1,0.296923076923077,0.31924882629108,0.00927357032457496,0.992401215805471,0.31924882629108,1,1,0.305597579425113,0.321156773211568,0.292424242424242,0.303405572755418,0.30640243902439,1,0.29375,0.306625577812018,0.578274760383387,1,0.837461300309598,1,0,1,0.321321321321321,1,1,0.434650455927052,0.998487140695915,0.31911532385466,1,0.299531981279251,0.304821150855365,0.308868501529052,1,1,0.313161875945537,0.4016,0.619496855345912,0.300314465408805,1,1,1,0.312202852614897,1,0.213622291021672,1,1,1,1,0.315068493150685,1,0.311004784688995,0.325,0.681470137825421,0.296875,1,0.31832298136646,0.310030395136778,0.30379746835443,1,0.302255639097744,1,0.312121212121212,0.480680061823802,0.31619937694704,0.320251177394035,0.313546423135464,1,0.308426073131955,0.299531981279251,1,1,0.312307692307692,0.307926829268293,1,0.478129713423831,0.310452418096724,0.325153374233129,0.324734446130501,0.68062015503876,1,0.293375394321767,1,0.43167701863354,0.310077519379845,0,0.877245508982036,0.309148264984227,0.310185185185185,0,0.0340557275541796,0.979591836734694,0.300462249614792,1,0.306501547987616,0.309178743961353,1,0.324615384615385,0.316614420062696,0.678071539657854,1,0.310769230769231,0.318037974683544,1,0.303215926493109,0.300157977883096,1,0.343511450381679,0.3078125,0.312594840667678,0.323390894819466,0.796042617960426,1,0.981279251170047,1,1,0.0015625,1,0.993836671802773,1,0.440993788819876,0.996899224806202,0.30030487804878,0.995475113122172,0.322327044025157,0.995419847328244,0.614583333333333,0.636225266362253,0.311178247734139,0.305007587253414,0.651090342679128,0.310015898251192,0,0.638591117917305,0.687888198757764,0.310502283105023,0.00153846153846154,0.308411214953271,0.305772230889236,0.777950310559006,0.315789473684211,0.689814814814815,0.606012658227848,0.308892355694228,0.309090909090909,0.288819875776398,1,0.0252225519287834,0,0.307692307692308,0.322530864197531,0.324159021406728,1,0.35062893081761,0.30757341576507,1,0.290519877675841,0.941807044410414,0.573643410852713,1,1,0.993431855500821,0.310708898944193,0.606382978723404,0.320839580209895,0.312,0.305900621118012,0.426605504587156,1,0.302147239263804,1,0.308426073131955,0.322061191626409,1,0.308661417322835,1,0.324074074074074,1,1,0.311349693251534,0,1,0.313178294573643,1,0.560675883256528,1,0.515197568389058,1,0.551342812006319,1,0.305164319248826,1,1,1,0.30077519379845,0.320813771517997,0.311178247734139,0.331730769230769,0.347402597402597,0.299847792998478,1,0.3140625,1,1,0.322480620155039,0.307570977917981,0.305936073059361,0.384136858475894,0.322188449848024,1,1,0.325617283950617,0.317757009345794,0.640378548895899,0.602825745682888,0.313755795981453,0.313572542901716,1,0.295384615384615,0.311649016641452,0.99537037037037,0.2921875,0.30521472392638,0,0.146747352496218,0.306853582554517,0.691376701966717,0.3078125,0.310502283105023,0.604229607250755,0.996927803379416,0.310077519379845,1,0.30757341576507,0.340590979782271,0.310975609756098,0.475037821482602,0.302652106084243,1,0.314503816793893,0.311111111111111,0.316455696202532,0.692541856925419,1,0.31619937694704,0.308868501529052,0,0.31570996978852,0.998449612403101,0.953488372093023,1,0.319634703196347,0.311145510835913,0.3125,0.595454545454545,1,0.602218700475436,0.323943661971831,1,1,0.96319018404908,0.686821705426357,0.319018404907975,0.358461538461538,0.315384615384615,0.307926829268293,1,1,0.519440124416796,0.6421875,1,1,0.998475609756098,0.702060221870048,1,0.322727272727273,0.684210526315789,1,0.312693498452012,0.31055900621118,0.315950920245399,0.996899224806202,1,0.650563607085346,0.316846986089645,1,1,0.313846153846154,0.305970149253731,0.998454404945904,0,0.308777429467085,0.305900621118012,0.0077639751552795,0.305426356589147,1,0.302362204724409,1,0.154779969650986,0,0.902548725637181,0.322981366459627,1,1,0,0.00151745068285281,0.323216995447648,1,0.312302839116719,0.996987951807229,0.302795031055901,1,0.998435054773083,0.963470319634703,0.772445820433437,1,1,0.0061633281972265,1,0.53525641025641,0.315789473684211,0.684848484848485,0.311926605504587,1,0.301391035548686,0.68798751950078,1,1,0.308056872037915,0.630563798219585,0.32370820668693,0.582689335394127,0.974803149606299,0.319938176197836,0.610852713178295,0.0138461538461538,0.307332293291732,0.314024390243902,0.307228915662651,1,0.645550527903469,0.301829268292683,0.890092879256966,0.595275590551181,0.966767371601209,1,1,0.301391035548686,0.340189873417722,0.302034428794992,0.304281345565749,0.307458143074581,0.623493975903614,0.303437967115097,0,0.685074626865672,0.998477929984779,0.319444444444444,0.301857585139319,0.314465408805031,0.310606060606061,0.603369065849923,1,0.32824427480916,0.323943661971831,0.328100470957614,0.315217391304348,0.301538461538462,0.3078125,0.203619909502262,0.6890625,0.310975609756098,0.604545454545454,1,0.242658423493045,0.314900153609831,0.921259842519685,1,1,0.298921417565485,0.641653905053599,1,0.307926829268293,0.297839506172839,0.954758190327613,1,1,0.996835443037975,0.312217194570136,1,1,0.8984375,1,0.341353383458647,1,0.599683544303797,1,0.681538461538462,0.304075235109718,0.601246105919003,1,1,0.990769230769231,0.31570996978852,0.317262830482115,0.312796208530806,0.316923076923077,0.317034700315457,0.319047619047619,0.97984496124031,0.314024390243902,1,1,0.716257668711656,0,0.30640243902439,0.308980213089802,0.684931506849315,1,0.570336391437309,0.320300751879699,0.655384615384615,0.308527131782946,0.307086614173228,1,0.301242236024845,0.314102564102564,0.697305863708399,0.907790143084261,0.32,0.609642301710731,0.577464788732394,0.316279069767442,0.317262830482115,0.29922480620155,0.599693251533742,0.687692307692308,1,0.895545314900154,1,0.674735249621785,0.996840442338073,0.596153846153846,0.303599374021909,0.311526479750779,1,1,0.434579439252336,0.992199687987519,0.996951219512195,1,0.31055900621118,0.323170731707317,1,0.302985074626866,0.687692307692308,0.315384615384615,0.469673405909798,0.294488188976378,0,0.305471124620061,1,1,0.601837672281776,0.00153374233128834,0.323574730354391,0.315870570107858,0.102964118564743,0.415605095541401,1,1,0.311926605504587,1,0.424336973478939,1,0.321266968325792,0.595419847328244,0.315870570107858,0.309262166405024,1,0,1,0.297939778129952,0.313572542901716,1,1,1,0.444270015698587,1,0.308049535603715,0.625382262996942,0.323216995447648,0.315705128205128,0.00154083204930663,0.0354391371340524,1,0.631007751937985,1,0.322981366459627,0.32120253164557,1,1,0.16793893129771,0.312307692307692,1,0.904833836858006,1,0.319148936170213,0.208978328173375,0.680916030534351,1,1,1,1,1,0.284848484848485,0.293674698795181,1,0.1248,0.00155763239875389,0.452566096423017,0,0.316692667706708,1,0.6859375,1,1,0.892141756548536,1,0.682370820668693,1,1,1,1
"54",1,1,1,1,1,1,0.698541329011345,1,1,0.0951612903225806,1,0.0475460122699387,0.816326530612245,1,0.317034700315457,0.309262166405024,0.0692307692307692,0.680194805194805,1,1,0.296529968454259,0.317535545023697,1,0.150943396226415,1,0.32258064516129,0.317384370015949,1,1,0.783653846153846,0.314641744548287,0.738170347003155,0.964396284829721,0.321316614420063,0,1,0.552755905511811,1,0.297090352220521,1,0.66403785488959,0.674961119751166,0.687211093990755,1,1,0.322834645669291,0.315132605304212,0.31201248049922,0.327188940092166,0.328197226502311,0,1,0.314241486068111,1,1,0.492012779552716,0.569400630914827,1,1,1,0.334855403348554,0.316957210776545,0.33015873015873,0.67398119122257,1,1,0.042654028436019,1,0.0590909090909091,0.330246913580247,1,0.319685039370079,0.33605220228385,0.959807073954984,0.521406727828746,1,0.309597523219814,0.336906584992343,1,0.319870759289176,0.0798045602605863,0.330188679245283,0.333333333333333,1,0.336434108527132,1,1,1,1,0.69170579029734,1,1,0.0015552099533437,0.101382488479263,1,0.0489296636085627,0,1,0.566775244299674,0.665079365079365,1,0.0579937304075235,0.316692667706708,1,0.321316614420063,1,0.674846625766871,1,0.3125,0.327639751552795,0.325984251968504,1,0.330733229329173,1,0.496960486322188,1,0.32398753894081,0.293663060278207,0.328725038402458,0.318541996830428,0.484326018808777,1,0.328682170542636,0.325949367088608,1,0.306870229007634,1,1,0.33179012345679,0.550077041602465,1,0.315955766192733,1,0.0438066465256798,1,0.317972350230415,0.670769230769231,0.333333333333333,0.930926216640502,0.42741935483871,0.0977917981072555,0.0936507936507937,1,1,0.3328173374613,1,0.321699544764795,1,0.800933125972006,1,0.333333333333333,1,1,1,1,0.335423197492163,1,0.321144674085851,0.254601226993865,1,0.315384615384615,1,0.301710730948678,0.0825545171339564,1,0.313479623824451,1,1,1,0.341463414634146,1,0.333863275039746,1,0.309375,1,0.32120253164557,0.0762052877138414,1,0.636952998379254,1,1,0.315955766192733,1,1,1,1,0.328173374613003,0.313755795981453,1,1,0.324242424242424,0.311501597444089,1,0.452012383900929,0.664179104477612,0,0.320813771517997,0.66358024691358,1,0.32258064516129,1,1,1,0.326498422712934,0.325153374233129,0.328593996840442,1,1,1,0,1,0.314873417721519,0.971786833855799,0.331768388106416,0.31839258114374,0.760629921259843,1,1,1,1,1,0.0453125,0.319047619047619,0.327718223583461,1,0.674418604651163,1,1,0.998442367601246,1,1,1,0.00462962962962963,0.321483771251932,1,0.312101910828025,1,0.310664605873261,1,1,1,1,1,0.324451410658307,1,0.506389776357827,0.341158059467919,0.327073552425665,0.314465408805031,0.31733746130031,0.334913112164297,0.420545746388443,0.336448598130841,0.319571865443425,0.316358024691358,1,0.321259842519685,1,0.685325264750378,0.319314641744548,0.309341500765697,0.329173166926677,1,1,1,0.258164852255054,0.314553990610329,1,0.323343848580442,0.332826747720365,0.314241486068111,0.317972350230415,0.67981072555205,1,0.3265625,0.31619937694704,1,0.298887122416534,1,0.316923076923077,0.315541601255887,1,1,1,0.543443917851501,1,0.684867394695788,0.0779816513761468,0.323029366306028,1,1,0.0897832817337461,0.317111459968603,0.329093799682035,1,1,0.301391035548686,0.0276497695852535,0.00317460317460317,1,1,0.339939024390244,0.998444790046656,1,0.317411402157165,1,1,0.324574961360124,1,1,1,1,0.329173166926677,0.310136157337368,0.331746031746032,1,1,0.671826625386997,0.318979266347687,1,0.323076923076923,0.297674418604651,1,1,1,1,1,0.31974921630094,1,1,0.106687898089172,0.332824427480916,0.4859375,0.308681672025723,0.668217054263566,0.31937984496124,1,0.314102564102564,0.334365325077399,0.251543209876543,0.321928460342146,1,0.331818181818182,1,1,1,0.316535433070866,0.325153374233129,1,0.928104575163399,0.0664556962025316,1,0.3140625,0.323390894819466,0.314375987361769,1,0.339393939393939,0.480438184663537,0.323529411764706,0.313755795981453,0.316211878009631,0.311216429699842,1,0.321766561514196,1,1,0,1,0.325508607198748,1,1,1,0.331230283911672,1,0.321144674085851,1,0.834890965732087,1,1,1,0.32312404287902,1,1,0.315047021943574,0.317535545023697,1,1,0.316692667706708,0.183076923076923,1,1,1,0,0.310126582278481,1,0.322530864197531,0.238993710691824,1,0.665625,0.425499231950845,1,1,0.672699849170437,0.69375,0.348909657320872,1,0.320433436532508,1,1,0.340659340659341,1,1,0.0094488188976378,0.329133858267717,1,1,0.328571428571429,1,1,0.316118935837246,0.336405529953917,1,1,1,0.523584905660377,0.317757009345794,0.346875,0.316341829085457,0.334876543209877,0.688888888888889,0.331804281345566,0.330721003134796,0.31733746130031,0.233542319749216,0.313694267515924,1,0.327188940092166,1,0.316436251920123,0.0786686838124055,0.052710843373494,1,1,0.0436817472698908,1,0.678300455235205,0.0472560975609756,0.0124610591900312,1,0.674454828660436,1,1,0.549920760697306,1,0,0.0718849840255591,1,1,1,0.33122028526149,0.641063515509601,0.678972712680578,0.993846153846154,1,0.986046511627907,0.314152410575428,0.333333333333333,1,0.309262166405024,1,0.362204724409449,0.10016155088853,0.304953560371517,0.324812030075188,0.336106489184692,1,0.0734375,1,1,1,0.2557781201849,0.323248407643312,1,0.322884012539185,1,1,0.312404287901991,1,0.32383808095952,1,0.3152,0.32398753894081,1,0.679127725856698,0.319148936170213,1,0.319554848966614,0.757009345794392,0.320182094081942,0.156985871271586,0.320182094081942,0.774294670846395,0.312698412698413,1,0.329230769230769,0.343167701863354,0.301092043681747,1,1,1,0.9696,0.344155844155844,1,0.322169059011164,1,0.324675324675325,0.323308270676692,1,1,1,0.923076923076923,1,0.314589665653495,0.325652841781874,1,1,0.0478468899521531,0.0786163522012579,1,1,0.3109375,1,1,0.32018927444795,1,1,0.680061823802164,0.536363636363636,1,0,1,1,0.0957446808510638,0.326053042121685,1,0.32755905511811,1,0.964006259780908,1,0.819295558958652,1,0.335473515248796,1,1,1,0,0.311582381729201,1,1,0.666666666666667,1,0.320813771517997,0.355345911949686,0.324492979719189,1,1,1,0.0863636363636364,0.325984251968504,0.0814696485623003,1,0.312693498452012,0.31441717791411,0.355038759689922,0,1,0.958333333333333,1,1,0.326053042121685,0.310975609756098,0.154205607476636,0.0429936305732484,0.317829457364341,0.322981366459627,0.325617283950617,0.0016,0.321928460342146,1,0,0.317484662576687,1,1,1,0.313178294573643,0.323664122137405,0.0388978930307942,1,0.317683881064163,0.308049535603715,1,1,0.321928460342146,0.688311688311688,1,1,0.686614173228347,1,0.315950920245399,1,0.31875,0.533536585365854,0.675716440422323,0.404287901990812,1,0.302469135802469,0.31924882629108,0.679245283018868,0.665130568356375,1,0.324574961360124,1,0.322678843226788,1,0.32093023255814,0.315286624203822,0.350237717908082,0.516329704510109,0.318327974276527,0.309968847352025,0.663536776212833,0.321538461538462,0.144012944983819,1,0,1,0.299363057324841,1,0,0.332283464566929,0.321086261980831,1,0.0581929555895865,1,0.0830721003134796,0.332814930015552,1,0.0661417322834646,0.668224299065421,1,1,1,0.317230273752013,0.0409711684370258,1,0.431496062992126,0.0917721518987342,0.36030534351145,0.326687116564417,0.320182094081942,1,1,1,1,1,0.0676691729323308,0.995341614906832,0.676056338028169,0.00452488687782805,0.3203125,1,1,1,1,0.0846394984326019,0.317972350230415,1,1,1,1,1,1,0.4890625,0.00158982511923688,1,0.0828220858895705,0.325115562403698,0.447244094488189,1,0.39589905362776,0.31869918699187,0.313084112149533,1,0.043613707165109,0.324116743471582,1,1,0.373205741626794,0.310452418096724,0.3140625,0.322734499205087,1,0.330683624801272,0.323529411764706,0.412238325281804,0.326120556414219,0.973765432098765,0.314112291350531,0.0859872611464968,0.328660436137072,0,1,0.0864779874213836,0.300314465408805,0.323899371069182,0.315705128205128,1,1,1,1,1,1,0.340288924558588,1,0.3198127925117,0.327731092436975,0.610591900311526,0.6736,1,1,0,0.328267477203647,0.109717868338558,1,0.0362776025236593,1,1,0.317460317460317,1,1,0.638977635782748,0.411575562700965,0.995529061102832,0.0750798722044728,0.0943396226415094,1,1,1,0.0806201550387597,0,0.319508448540707,0.418789808917197,0.319508448540707,0,0.324960753532182,0.0866141732283465,1,1,0.324116743471582,0.318952234206472,0.241758241758242,0.337620578778135,0.312883435582822,0.328125,1,1,0.328593996840442,1,0,1,0.219242902208202,1,0.669242658423493,1,0.31201248049922,0.317535545023697,0.0744186046511628,0.672307692307692,1,1,0.781499202551834,0.896103896103896,0.315457413249211,0.315955766192733,1,0.31937984496124,0.252747252747253,0.330670926517572,1,0.0947204968944099,1,1,0.326687116564417,0.682539682539683,0.318110236220472,1,1,0.310872894333844,0.309119010819165,0.326186830015314,0.860759493670886,0.317891373801917,1,0.0545171339563863,1,1,0.68895800933126,0.652647975077882,0.324717285945073,0.055205047318612,0.332814930015552,1,1,0.31619937694704,0.329153605015674,0.617283950617284,1,0.310872894333844,0.370597243491577,0.31441717791411,0.987767584097859,0.473015873015873,0.0046583850931677,0.31055900621118,0.325825825825826,0.331723027375201,0.316045380875203,0.322137404580153,0.967542503863988,1,0.318181818181818,0.552715654952077,0.676656151419558,0.233644859813084,0.687096774193548,1,0.329192546583851,0.00318471337579618,0.323076923076923,0.320754716981132,0.367692307692308,0.325396825396825,0,0.337480559875583,0.324717285945073,0.32484076433121,0.320813771517997
"55",1,1,1,1,1,1,0.714285714285714,1,1,0.101910828025478,1,0.0495356037151703,0.802839116719243,1,0.310077519379845,0.303738317757009,0.0649149922720247,0.694668820678514,1,1,0.290824261275272,0.313084112149533,1,0.165109034267913,1,0.318885448916409,0.308544303797468,1,1,0.777251184834123,0.304615384615385,0.72239263803681,0.958333333333333,0.302003081664099,0,1,0.546564885496183,1,0.299392097264438,1,0.669207317073171,0.680685358255452,0.694277108433735,1,1,0.307073954983923,0.306603773584906,0.303303303303303,0.317901234567901,0.321212121212121,0,1,0.30568356374808,1,1,0.49607535321821,0.558869701726845,1,1,1,0.329211746522411,0.30625,0.307324840764331,0.686028257456829,1,1,0.0393700787401575,1,0.057315233785822,0.314199395770393,1,0.312404287901991,0.313195548489666,0.966666666666667,0.517719568567026,1,0.299694189602446,0.331811263318113,1,0.312,0.0914927768860353,0.326465927099842,0.325617283950617,1,0.334876543209877,1,1,1,1,0.7,1,1,0.0015552099533437,0.112135176651306,1,0.0505359877488515,0,1,0.560509554140127,0.680314960629921,1,0.0546021840873635,0.31039755351682,1,0.304761904761905,1,0.691950464396285,1,0.312302839116719,0.319444444444444,0.309006211180124,1,0.316436251920123,1,0.494607087827427,1,0.308892355694228,0.307098765432099,0.316590563165906,0.315625,0.489953632148377,0.998422712933754,0.314984709480122,0.307073954983923,1,0.302795031055901,1,1,0.3328173374613,0.547256097560976,1,0.303174603174603,1,0.0464071856287425,1,0.313935681470138,0.684049079754601,0.320433436532508,0.92846034214619,0.425566343042071,0.1078125,0.105015673981191,1,1,0.323943661971831,1,0.308868501529052,1,0.796296296296296,1,0.322115384615385,1,1,1,1,0.332288401253919,1,0.320754716981132,0.257621951219512,1,0.306625577812018,1,0.295489891135303,0.0929133858267717,1,0.307570977917981,1,1,1,0.334355828220859,1,0.312597200622084,1,0.305295950155763,1,0.313880126182965,0.0787037037037037,1,0.644904458598726,1,1,0.311216429699842,1,1,1,1,0.314873417721519,0.305936073059361,1,0.998447204968944,0.310769230769231,0.307324840764331,1,0.449386503067485,0.673163418290855,0,0.31104199066874,0.674491392801252,1,0.312883435582822,1,0.998459167950693,1,0.312597200622084,0.315789473684211,0.320574162679426,1,1,1,0,1,0.304075235109718,0.968798751950078,0.320695102685624,0.300155520995334,0.743431221020093,1,1,1,1,1,0.0527131782945736,0.311912225705329,0.317901234567901,1,0.68160741885626,1,1,0.998456790123457,0.998487140695915,1,1,0.00467289719626168,0.320668693009119,1,0.304487179487179,1,0.299539170506912,1,1,1,1,1,0.316770186335404,1,0.497622820919176,0.318818040435459,0.323076923076923,0.306976744186047,0.320251177394035,0.3265625,0.42879746835443,0.320433436532508,0.312307692307692,0.306976744186047,1,0.317411402157165,1,0.693939393939394,0.31055900621118,0.316030534351145,0.323390894819466,1,1,1,0.258164852255054,0.313846153846154,1,0.310832025117739,0.320668693009119,0.307332293291732,0.315047021943574,0.688271604938272,1,0.322530864197531,0.310452418096724,1,0.298412698412698,1,0.303030303030303,0.301710730948678,1,1,1,0.551987767584098,1,0.695721077654517,0.0863636363636364,0.3198127925117,1,1,0.101851851851852,0.315217391304348,0.317535545023697,1,1,0.299382716049383,0.0234009360374415,0.00310077519379845,1,1,0.32824427480916,0.998452012383901,1,0.301391035548686,1,1,0.309451219512195,1,1,1,1,0.315541601255887,0.310502283105023,0.322683706070288,1,1,0.668730650154799,0.306990881458967,1,0.3125,0.292117465224111,1,1,0.998461538461539,1,1,0.322429906542056,1,1,0.110047846889952,0.322239031770045,0.489891135303266,0.305511811023622,0.67981072555205,0.31039755351682,1,0.31378763866878,0.324960753532182,0.254573170731707,0.317411402157165,1,0.321752265861027,1,1,1,0.300787401574803,0.311728395061728,0.998439937597504,0.922953451043339,0.0664556962025316,1,0.306625577812018,0.314553990610329,0.299684542586751,1,0.318885448916409,0.474921630094044,0.314152410575428,0.301092043681747,0.308917197452229,0.300787401574803,1,0.323296354992076,1,1,0,1,0.314465408805031,1,1,1,0.326018808777429,1,0.311811023622047,1,0.829192546583851,1,1,1,0.316846986089645,1,1,0.308411214953271,0.31104199066874,1,1,0.311248073959938,0.197226502311248,1,0.998449612403101,1,0,0.307570977917981,1,0.301412872841444,0.25,1,0.680916030534351,0.414523449319213,1,1,0.683035714285714,0.709320695102686,0.338485316846986,1,0.314152410575428,1,1,0.327586206896552,1,0.998432601880878,0.00927357032457496,0.323076923076923,1,1,0.311216429699842,1,1,0.295055821371611,0.333333333333333,1,1,1,0.522273425499232,0.305810397553517,0.339035769828927,0.311011904761905,0.327586206896552,0.700315457413249,0.315548780487805,0.313935681470138,0.310291858678955,0.243788819875776,0.318681318681319,1,0.31570996978852,0.998435054773083,0.306990881458967,0.0880597014925373,0.0512422360248447,1,1,0.0415384615384615,1,0.685800604229607,0.046801872074883,0.0140625,1,0.683229813664596,1,1,0.549206349206349,1,0,0.07223113964687,1,1,1,0.311145510835913,0.651651651651652,0.694805194805195,0.993874425727412,1,0.980213089802131,0.29264475743349,0.346273291925466,1,0.298107255520505,1,0.362790697674419,0.110410094637224,0.297213622291022,0.317073170731707,0.321131447587354,1,0.0833333333333333,1,1,1,0.262996941896024,0.310618066561014,1,0.313385826771654,1,1,0.303543913713405,1,0.315315315315315,1,0.302180685358255,0.322981366459627,1,0.688372093023256,0.311550151975684,1,0.303875968992248,0.7546875,0.306870229007634,0.16793893129771,0.313253012048193,0.762052877138414,0.308056872037915,1,0.322981366459627,0.331797235023041,0.290322580645161,1,1,1,0.96417445482866,0.340460526315789,1,0.318471337579618,1,0.313821138211382,0.310708898944193,1,1,1,0.912772585669782,1,0.303951367781155,0.320552147239264,1,1,0.050314465408805,0.081377151799687,1,1,0.306603773584906,1,1,0.310344827586207,1,1,0.685358255451713,0.540458015267176,1,0,1,1,0.106153846153846,0.318252730109204,1,0.318252730109204,0.998425196850394,0.963665086887836,0.998447204968944,0.818740399385561,1,0.328,1,1,1,0,0.308426073131955,1,1,0.67651632970451,1,0.311526479750779,0.346153846153846,0.314241486068111,1,1,1,0.0972644376899696,0.315286624203822,0.0955414012738854,0.998407643312102,0.304615384615385,0.302611367127496,0.344186046511628,0,1,0.956386292834891,1,1,0.325984251968504,0.295281582952816,0.166407465007776,0.0434782608695652,0.314814814814815,0.30077519379845,0.321483771251932,0.00159235668789809,0.310077519379845,1,0,0.305810397553517,1,1,1,0.313455657492355,0.305597579425113,0.0384615384615385,1,0.313271604938272,0.304545454545455,1,1,0.313385826771654,0.697749196141479,1,1,0.699059561128527,1,0.303076923076923,1,0.316770186335404,0.531297709923664,0.67741935483871,0.406906906906907,1,0.295731707317073,0.308282208588957,0.685015290519878,0.675840978593272,1,0.319083969465649,1,0.320610687022901,1,0.312111801242236,0.304212168486739,0.339506172839506,0.518518518518518,0.32120253164557,0.300955414012739,0.677115987460815,0.312307692307692,0.155948553054662,1,0,1,0.298107255520505,1,0,0.317411402157165,0.304625199362041,1,0.0578635014836795,1,0.0886075949367089,0.335413416536661,1,0.0651162790697674,0.675,1,1,1,0.312399355877617,0.0455927051671733,1,0.420560747663551,0.101721439749609,0.345399698340875,0.313455657492355,0.321156773211568,1,1,1,1,1,0.0656488549618321,0.996951219512195,0.692901234567901,0.00447093889716841,0.315132605304212,1,1,1,1,0.0935023771790808,0.316590563165906,1,1,1,1,1,1,0.494736842105263,0.00157728706624606,1,0.0849772382397572,0.318252730109204,0.443585780525502,1,0.389857369255151,0.308064516129032,0.308777429467085,1,0.0438184663536776,0.317411402157165,1,1,0.361635220125786,0.304212168486739,0.306027820710974,0.310509554140127,0.998452012383901,0.330683624801272,0.319938176197836,0.417061611374408,0.312307692307692,0.97360248447205,0.305471124620061,0.0853462157809984,0.314152410575428,0,1,0.0933544303797468,0.301109350237718,0.312401883830455,0.322932917316693,1,1,1,1,1,1,0.325914149443561,1,0.307332293291732,0.317880794701987,0.598774885145482,0.685126582278481,1,1,0,0.31306990881459,0.131782945736434,0.998500749625187,0.0409448818897638,1,1,0.309859154929577,1,1,0.626984126984127,0.408427876823339,0.99702823179792,0.0829346092503987,0.105919003115265,1,1,1,0.0925925925925926,0,0.312693498452012,0.40746500777605,0.308755760368664,0,0.318541996830428,0.0883280757097792,1,1,0.314674735249622,0.309006211180124,0.244992295839753,0.323296354992076,0.313161875945537,0.315950920245399,1,1,0.32018927444795,1,0,1,0.223420647149461,1,0.676923076923077,1,0.310664605873261,0.304487179487179,0.0784615384615385,0.678843226788432,1,1,0.793427230046948,0.889067524115756,0.312111801242236,0.314102564102564,1,0.318252730109204,0.256651017214397,0.310509554140127,1,0.110591900311526,1,1,0.310452418096724,0.6864,0.306603773584906,1,1,0.300462249614792,0.306501547987616,0.311077389984825,0.853968253968254,0.302884615384615,1,0.0570107858243451,1,1,0.702954898911353,0.65987460815047,0.317817014446228,0.0601851851851852,0.317034700315457,1,1,0.301242236024845,0.318681318681319,0.624615384615385,1,0.307228915662651,0.378461538461538,0.303543913713405,0.983180428134557,0.480190174326466,0.0046801872074883,0.296124031007752,0.322239031770045,0.324881141045959,0.300319488817891,0.307807807807808,0.972560975609756,1,0.308527131782946,0.550488599348534,0.694968553459119,0.236641221374046,0.689034369885434,1,0.318818040435459,0.0015748031496063,0.312111801242236,0.304878048780488,0.368584758942457,0.310832025117739,0,0.328149300155521,0.307692307692308,0.317965023847377,0.304482225656878
"56",0.488673139158576,0.488888888888889,0.505511811023622,0.510603588907015,0.494417862838915,0.483974358974359,0.20097244732577,0.494327390599676,0.490506329113924,0.391517128874388,0.486739469578783,0.454113924050633,0.6976,0.50392464678179,0.815112540192926,0.804416403785489,0.442006269592476,0.175122749590835,0.4928,0.483412322274882,0.801587301587302,0.824193548387097,0.498432601880878,0.337579617834395,0.477379095163807,0.824175824175824,0.819967266775777,0.501612903225806,0.478806907378336,0.738709677419355,0.804140127388535,0.784496124031008,0.546603475513428,0.822222222222222,0.486356340288925,0.491694352159468,0.0907643312101911,0.507936507936508,0.819466248037677,0.484227129337539,0.168789808917197,0.179936305732484,0.183641975308642,0.512155591572123,0.491171749598716,0.818780889621087,0.823051948051948,0.812792511700468,0.817610062893082,0.820754716981132,0.522012578616352,0.507293354943274,0.8140625,0.492012779552716,0.49607535321821,1,0.0768,0.509584664536741,0.474921630094044,0.504,0.8359375,0.815165876777251,0.811594202898551,0.172741679873217,0.483498349834984,0.485759493670886,0.470774091627172,0.5,0.422018348623853,0.821705426356589,0.5,0.822503961965135,0.823051948051948,0.458536585365854,0.0825545171339564,0.490045941807044,0.813374805598756,0.834375,0.502362204724409,0.830845771144279,0.40655737704918,0.818923327895595,0.804173354735153,0.503115264797508,0.838304552590267,0.487692307692308,0.488745980707395,0.512618296529968,0.507836990595611,0.185419968304279,0.493506493506494,0.5,0.495987158908507,0.394654088050314,0.489533011272142,0.45635528330781,0.48811410459588,0.495238095238095,0.0931372549019608,0.179902755267423,0.492753623188406,0.430176565008026,0.809148264984227,0.501633986928105,0.8192,0.510268562401264,0.172523961661342,0.488151658767773,0.825949367088608,0.826860841423948,0.817322834645669,0.496038034865293,0.833333333333333,0.497607655502392,0.0672926447574335,0.487538940809969,0.816720257234727,0.205564142194745,0.826153846153846,0.822222222222222,0.0665610142630745,0.492845786963434,0.815336463223787,0.826016260162602,0.496111975116641,0.803459119496855,0.499231950844854,0.501567398119122,0.189655172413793,0.591836734693878,0.507223113964687,0.819354838709677,0.487012987012987,0.445820433436532,0.50327868852459,0.822152886115445,0.175078864353312,0.811501597444089,0.567567567567568,0.698205546492659,0.388888888888889,0.41390205371248,0.493690851735016,0.499184339314845,0.814580031695721,0.475435816164818,0.82542113323124,0.495176848874598,0.686119873817035,0.484423676012461,0.822475570032573,0.480891719745223,0.495961227786753,0.486928104575163,0.495176848874598,0.828525641025641,0.481012658227848,0.820554649265905,0.271450858034321,0.494435612082671,0.8125,0.477519379844961,0.807692307692308,0.416666666666667,0.504105090311987,0.823151125401929,0.490566037735849,0.490595611285266,0.491935483870968,0.819466248037677,0.495238095238095,0.817447495961228,0.499197431781701,0.827258320126783,0.492512479201331,0.826860841423948,0.394321766561514,0.47626582278481,0.136288998357964,0.48314606741573,0.488188976377953,0.826860841423948,0.483306836248013,0.506329113924051,0.495283018867925,0.492868462757528,0.82753164556962,0.819776714513557,0.499176276771005,0.498412698412698,0.815286624203822,0.808130081300813,0.511923688394277,0.121212121212121,0.163884673748103,0.515055467511886,0.813479623824451,0.169572107765452,0.490536277602524,0.821981424148607,0.492706645056726,0.491499227202473,0.495297805642633,0.811819595645412,0.800623052959502,0.809061488673139,0.50384024577573,0.491803278688525,0.496875,0.48626817447496,0.488853503184713,0.812091503267974,0.518225039619651,0.82753164556962,0.811802232854864,0.330173775671406,0.501618122977346,0.500780031201248,0.499205087440382,0.487220447284345,0.5,0.451664025356577,0.824959481361426,0.817757009345794,0.488853503184713,0.173981191222571,0.510869565217391,0.488514548238897,0.496845425867508,0.484423676012461,0.484602917341977,0.507716049382716,0.517133956386293,0.182389937106918,0.499212598425197,0.825040128410915,0.502423263327948,0.81687898089172,0.491419656786271,0.488038277511962,0.494417862838915,0.506430868167203,0.49016393442623,0.832807570977918,0.496865203761755,0.92258064516129,0.830721003134796,0.823712948517941,0.823248407643312,0.810725552050473,0.803571428571429,0.717532467532468,0.823529411764706,0.835987261146497,0.817054263565892,0.486656200941915,0.813694267515924,0.487644151565074,0.166666666666667,0.83015873015873,0.198767334360555,0.81421647819063,0.479935794542536,0.505546751188589,0.492012779552716,0.240770465489567,0.813586097946288,0.499215070643642,0.804918032786885,0.817610062893082,0.829268292682927,0.81591263650546,0.172523961661342,0.495222929936306,0.819595645412131,0.822006472491909,0.502377179080824,0.81505728314239,0.510903426791277,0.80952380952381,0.806299212598425,0.479806138933764,0.502439024390244,0.475279106858054,0.0729001584786054,0.494327390599676,0.183279742765273,0.396578538102644,0.821484992101106,0.501592356687898,0.483922829581994,0.40952380952381,0.815336463223787,0.82516339869281,0.505709624796085,0.508856682769726,0.806552262090484,0.477987421383648,0.5072,0.472402597402597,0.499181669394435,0.837753510140406,0.489763779527559,0.484756097560976,0.815165876777251,0.496845425867508,0.47887323943662,0.813291139240506,0.484702093397746,0.492776886035313,0.49607535321821,0.506369426751592,0.822784810126582,0.797805642633229,0.819376026272578,0.484276729559748,0.502423263327948,0.186520376175549,0.830188679245283,0.496742671009772,0.826625386996904,0.810289389067524,0.496111975116641,0.506976744186047,0.49607535321821,0.499207606973059,0.487460815047022,0.822047244094488,0.480891719745223,0.481012658227848,0.384370015948963,0.819182389937107,0.672523961661342,0.814102564102564,0.188498402555911,0.812206572769953,0.5,0.805111821086262,0.824561403508772,0.247244094488189,0.818181818181818,0.501623376623377,0.816232771822358,0.5,0.492012779552716,0.481946624803768,0.825040128410915,0.809748427672956,0.494417862838915,0.570502431118314,0.4185667752443,0.488817891373802,0.811802232854864,0.82484076433121,0.825878594249201,0.496753246753247,0.804075235109718,0.0723270440251572,0.811410459587956,0.820224719101124,0.82051282051282,0.817460317460317,0.5,0.819935691318328,0.489291598023064,0.502423263327948,0.500805152979066,0.492890995260663,0.820388349514563,0.482758620689655,0.49613601236476,0.495961227786753,0.817460317460317,0.489922480620155,0.827361563517915,0.495341614906832,0.664566929133858,0.480438184663537,0.493569131832797,0.507020280811232,0.812206572769953,0.507269789983845,0.481540930979133,0.8176,0.807631160572337,0.4976,0.490506329113924,0.8234375,0.298600311041991,0.492682926829268,0.493548387096774,0.512738853503185,0.496062992125984,0.811897106109325,0.486970684039088,0.805111821086262,0.25,0.490291262135922,0.191522762951334,0.942989214175655,0.5,0.505511811023622,0.183206106870229,0.207936507936508,0.840510366826156,0.494470774091627,0.817749603803486,0.492913385826772,0.505785123966942,0.817891373801917,0.483306836248013,0.486223662884927,0.484944532488114,0.814814814814815,0.496,0.502415458937198,0.828525641025641,0.484520123839009,0.505728314238953,0.81629392971246,0.183254344391785,0.506472491909385,0.496875,0.505564387917329,0.936204146730462,0.804075235109718,0.792393026941363,0.822458270106222,0.808544303797468,0.182677165354331,0.825471698113208,0.8359375,0.820433436532508,0.259554140127389,0.831168831168831,0.49607535321821,0.819722650231125,0.5072,0.822222222222222,0.413740458015267,0.437694704049844,0.4859375,0.482866043613707,0.463722397476341,0.498381877022654,0.182242990654206,0.43968253968254,0.504051863857374,0.500794912559618,0.166134185303514,0.480952380952381,0.486614173228346,0.593900481540931,0.4896,0.499215070643642,0.408723747980614,0.498387096774194,0.4828125,0.478537360890302,0.829545454545455,0.148148148148148,0.187396351575456,0.487301587301587,0.495253164556962,0.529133858267717,0.818181818181818,0.161858974358974,0.495253164556962,0.815409309791332,0.478740157480315,0.89047619047619,0.392282958199357,0.81377151799687,0.816640986132512,0.825210084033613,0.486902927580894,0.431034482758621,0.485362095531587,0.489256198347107,0.503154574132492,0.236306729264476,0.833602584814216,0.483974358974359,0.817307692307692,0.481054365733114,0.501633986928105,0.818040435458787,0.503987240829346,0.813455657492355,0.502377179080824,0.814580031695721,0.808612440191388,0.50625,0.170418006430868,0.80030959752322,0.498417721518987,0.829268292682927,0.73449920508744,0.804651162790698,0.329721362229102,0.815950920245399,0.750798722044728,0.806873977086743,0.502431118314425,0.820754716981132,0.819047619047619,0.80248833592535,0.489566613162119,0.5024,0.492307692307692,0.536585365853659,0.164744645799012,0.5008,0.831973898858075,0.507911392405063,0.801313628899836,0.817757009345794,0.505582137161085,0.502446982055465,0.492211838006231,0.563981042654028,0.502354788069074,0.808777429467085,0.806656101426308,0.506309148264984,0.502392344497608,0.449180327868852,0.39349593495935,0.49047619047619,0.496784565916399,0.809983896940419,0.487341772151899,0.502332814930016,0.803827751196172,0.486885245901639,0.495268138801262,0.187599364069952,0.0715396578538103,0.493610223642172,0.500768049155146,0.4928,0.488188976377953,0.408950617283951,0.81259842519685,0.494290375203915,0.8288,0.505546751188589,0.540412044374009,0.488188976377953,0.6578125,0.485342019543974,0.81953642384106,0.496845425867508,0.495176848874598,0.50801282051282,0.511591962905719,0.803660565723794,0.506514657980456,0.499227202472952,0.184887459807074,0.493710691823899,0.82601880877743,0.874804381846635,0.812698412698413,0.489891135303266,0.505529225908373,0.488817891373802,0.395962732919255,0.808441558441558,0.400974025974026,0.509554140127389,0.804416403785489,0.809672386895476,0.862928348909657,0.491228070175439,0.493610223642172,0.552590266875981,0.492957746478873,0.491392801251956,0.82051282051282,0.823439878234399,0.328571428571429,0.447077409162717,0.813397129186603,0.815580286168522,0.813084112149533,0.505766062602965,0.811802232854864,0.5,0.506389776357827,0.814641744548287,0.498402555910543,0.501587301587302,0.496050552922591,0.830721003134796,0.819595645412131,0.44189852700491,0.497637795275591,0.808544303797468,0.817757009345794,0.481132075471698,0.473851030110935,0.820472440944882,0.188216039279869,0.498402555910543,0.482258064516129,0.165079365079365,0.499210110584518,0.815748031496063,0.474193548387097,0.816,0.0707692307692308,0.169278996865204,0.718223583460949,0.509375,0.808346213292117,0.823622047244094,0.183229813664596,0.177570093457944,0.499217527386541,0.831230283911672,0.491638795986622,0.826356589147287,0.4896,0.819047619047619,0.82258064516129,0.85781990521327,0.631083202511774,0.830917874396135,0.814696485623003,0.155802861685215,0.814756671899529,0.337096774193548,0.496805111821086,0.489763779527559,0.501587301587302,0.823717948717949,0.492890995260663,0.488038277511962,0.810509554140127,0.809061488673139,0.489533011272142,0.439137134052388,0.503961965134707,0.403536977491961,0.864077669902913,0.5184,0.425396825396825,0.168769716088328,0.481717011128776,0.495222929936306,0.491365777080063,0.823817292006525,0.433021806853583,0.487381703470032,0.940609951845907,0.411861614497529,0.8671875,0.823622047244094,0.81974921630094,0.492868462757528,0.517915309446254,0.478896103896104,0.492088607594937,0.484375,0.431432973805855,0.482059282371295,0.182103610675039,0.505311077389985,0.826224328593997,0.500794912559618,0.4912,0.489430894308943,0.496111975116641,0.422291993720565,0.81832298136646,0.510869565217391,0.504807692307692,0.504918032786885,0.496835443037975,0.496171516079632,0.474878444084279,0.0709876543209877,0.48705501618123,0.502377179080824,0.423137876386688,0.812302839116719,0.110223642172524,0.491255961844197,0.901612903225806,0.81953642384106,0.811232449297972,0.497652582159624,0.452229299363057,0.8171875,0.498447204968944,0.467948717948718,0.8608,0.821981424148607,0.823712948517941,0.81687898089172,0.499212598425197,0.817307692307692,0.818885448916409,0.70926517571885,0.820063694267516,0.52132701421801,0.825954198473282,0.401305057096248,0.815748031496063,0.497674418604651,0.481540930979133,0.418679549114332,0.810593900481541,0.813804173354735,0.837320574162679,0.499219968798752,0.516640253565769,0.495908346972177,0.497645211930926,0.490131578947368,0.496732026143791,0.838815789473684,0.490654205607477,0.821086261980831,0.836148648648649,0.588976377952756,0.174679487179487,0.481424148606811,0.481072555205047,0.486111111111111,0.826893353941267,0.389240506329114,0.496904024767802,0.463108320251177,0.493569131832797,0.488636363636364,0.823909531502423,0.488,0.489112227805695,0.512,0.725490196078431,0.493920972644377,0.414355628058728,0.400635930047695,0.510466988727858,0.515297906602254,0.484423676012461,0.408585055643879,0.499205087440382,0.824921135646688,0.939873417721519,0.817610062893082,0.482003129890454,0.825878594249201,0.413290113452188,0.5024,0.48626817447496,0.814352574102964,0.824367088607595,0.252380952380952,0.826645264847512,0.816037735849057,0.82753164556962,0.499186991869919,0.493769470404984,0.829821717990275,0.48936170212766,0.50392464678179,0.500794912559618,0.279742765273312,0.486088379705401,0.180124223602484,0.486697965571205,0.817307692307692,0.821256038647343,0.412974683544304,0.173501577287066,0.508771929824561,0.505511811023622,0.272,0.468646864686469,0.832,0.823624595469256,0.490740740740741,0.829073482428115,0.2368,0.826086956521739,0.501543209876543,0.391785150078989,0.484177215189873,0.498371335504886,0.825471698113208,0.191558441558442,0.814332247557003,0.487096774193548,0.491961414790997,0.801282051282051,0.810344827586207,0.829984544049459,0.515447154471545,0.829617834394904,0.475961538461538,0.429906542056075,0.505582137161085,0.497536945812808,0.186915887850467,0.133545310015898,0.836633663366337,0.437699680511182,0.816260162601626,0.49203821656051,0.500818330605565,0.822866344605475,0.834384858044164,0.138314785373609,0.503937007874016,0.817749603803486,0.708920187793427,0.812893081761006,0.492211838006231,0.0869565217391304,0.498417721518987,0.819334389857369,0.824261275272162,0.823343848580442,0.816129032258065,0.807339449541284,0.471138845553822,0.485849056603774,0.819182389937107,0.100977198697068,0.178743961352657,0.266355140186916,0.182119205298013,0.507246376811594,0.822605965463108,0.488958990536278,0.834658187599364,0.820063694267516,0.69701726844584,0.822966507177033,0.5015625,0.814580031695721,0.817589576547231,0.824476650563607,0.822047244094488
"57",0.577235772357724,0.554330708661417,0.559748427672956,0.552287581699346,0.562204724409449,0.576243980738363,0.864820846905538,0.557142857142857,0.572100313479624,0.541195476575121,0.560629921259843,0.489859594383775,0.36248012718601,0.559618441971383,0.125996810207337,0.132911392405063,0.502325581395349,0.886699507389163,0.566129032258065,0.578778135048232,0.126198083067093,0.129186602870813,0.561240310077519,0.590266875981162,0.58,0.118110236220472,0.12379421221865,0.541734860883797,0.576323987538941,0.339837398373984,0.133122028526149,0.29393468118196,0.516587677725118,0.1171875,0.453525641025641,0.554828150572831,0.982456140350877,0.553259141494436,0.118721461187215,0.579277864992151,0.886035313001605,0.8801261829653,0.873261205564142,0.5488,0.560386473429952,0.106109324758842,0.118022328548644,0.125786163522013,0.12792511700468,0.115506329113924,0.447409733124019,0.546474358974359,0.12326656394453,0.569400630914827,0.558869701726845,0.0768,1,0.559294871794872,0.575471698113208,0.556259904912837,0.117283950617284,0.124018838304553,0.130781499202552,0.895734597156398,0.578073089700997,0.565286624203822,0.467948717948718,0.563492063492063,0.510736196319018,0.120879120879121,0.565420560747664,0.122834645669291,0.113452188006483,0.607142857142857,0.973520249221184,0.565420560747664,0.126365054602184,0.108320251177394,0.555905511811024,0.115823817292007,0.531353135313531,0.1184,0.130365659777424,0.549450549450549,0.114779874213836,0.55895865237366,0.560581583198708,0.54746835443038,0.536277602523659,0.874804381846635,0.556818181818182,0.560790273556231,0.433333333333333,0.527950310559006,0.5625,0.49613601236476,0.446540880503145,0.551669316375199,0.981636060100167,0.88301282051282,0.565286624203822,0.505494505494505,0.125,0.566284779050736,0.122186495176849,0.561797752808989,0.879556259904913,0.564668769716088,0.117924528301887,0.129337539432177,0.128325508607199,0.557142857142857,0.110576923076923,0.556962025316456,0.927131782945736,0.568567026194145,0.127358490566038,0.75748031496063,0.118279569892473,0.116242038216561,0.926100628930818,0.560629921259843,0.1201248049922,0.123558484349259,0.559748427672956,0.128682170542636,0.552352048558422,0.564541213063764,0.770932069510269,0.359013867488444,0.549918166939444,0.1256038647343,0.566666666666667,0.483076923076923,0.558631921824104,0.110248447204969,0.8828125,0.124605678233438,0.498422712933754,0.242225859247136,0.54066985645933,0.524879614767255,0.56418383518225,0.565428109854604,0.130365659777424,0.574132492113565,0.119631901840491,0.571428571428571,0.381761978361669,0.560250391236307,0.122383252818035,0.586816720257235,0.558966074313409,0.571658615136876,0.556618819776715,0.109697933227345,0.5625,0.113964686998395,0.682737169517885,0.551242236024845,0.124409448818898,0.559748427672956,0.129186602870813,0.5264,0.553398058252427,0.116693679092382,0.569157392686804,0.555555555555556,0.552884615384615,0.125786163522013,0.565977742448331,0.115942028985507,0.562700964630225,0.114104595879556,0.559738134206219,0.126418152350081,0.540284360189573,0.575757575757576,0.927184466019418,0.584394904458599,0.570747217806041,0.123993558776167,0.574568288854003,0.556438791732909,0.559241706161137,0.563897763578275,0.12241653418124,0.11993769470405,0.554313099041534,0.547169811320755,0.12755905511811,0.134959349593496,0.540031397174254,0.887658227848101,0.900459418070444,0.434294871794872,0.120826709062003,0.895071542130366,0.559875583203733,0.117554858934169,0.566284779050736,0.569422776911076,0.563380281690141,0.137096774193548,0.134281200631912,0.117263843648208,0.555727554179567,0.564019448946515,0.56055900621118,0.45,0.571656050955414,0.121555915721232,0.536277602523659,0.115015974440895,0.126382306477093,0.698738170347003,0.554140127388535,0.566096423017107,0.556426332288401,0.57345971563981,0.570731707317073,0.492138364779874,0.126602564102564,0.130637636080871,0.563779527559055,0.889415481832543,0.559006211180124,0.561622464898596,0.571428571428571,0.559429477020602,0.566246056782334,0.551145038167939,0.429906542056075,0.776911076443058,0.5600624024961,0.118032786885246,0.556618819776715,0.126934984520124,0.563981042654028,0.556438791732909,0.561014263074485,0.546644844517185,0.569354838709677,0.120879120879121,0.552922590837283,0.0898876404494382,0.114649681528662,0.122065727699531,0.115942028985507,0.116883116883117,0.133757961783439,0.238325281803543,0.124409448818898,0.105180533751962,0.122641509433962,0.567901234567901,0.114104595879556,0.559738134206219,0.875968992248062,0.126782884310618,0.760432766615147,0.118210862619808,0.552117263843648,0.543548387096774,0.567260940032415,0.718849840255591,0.13015873015873,0.553488372093023,0.121019108280255,0.132605304212168,0.1184,0.118564742589704,0.888357256778309,0.553945249597424,0.115625,0.121163166397415,0.558359621451104,0.120717781402936,0.554517133956386,0.122861586314152,0.129952456418384,0.574603174603175,0.558441558441558,0.580696202531646,0.980922098569157,0.56,0.871224165341812,0.532924961715161,0.11198738170347,0.56298600311042,0.548701298701299,0.537124802527646,0.125588697017268,0.106451612903226,0.553366174055829,0.55663430420712,0.128526645768025,0.464454976303318,0.431118314424635,0.5744,0.559157212317666,0.105426356589147,0.568471337579618,0.572948328267477,0.125984251968504,0.557692307692308,0.572998430141287,0.125200642054575,0.573482428115016,0.561708860759494,0.559748427672956,0.548895899053628,0.123417721518987,0.133640552995392,0.12012987012987,0.571428571428571,0.558587479935794,0.86875,0.1078125,0.5616,0.116169544740973,0.128824476650564,0.56656346749226,0.55868544600939,0.575516693163752,0.555732484076433,0.560821484992101,0.117834394904459,0.566129032258065,0.572567783094099,0.542207792207792,0.111811023622047,0.274015748031496,0.1296,0.866242038216561,0.128482972136223,0.554868624420402,0.1232,0.110754414125201,0.717425431711146,0.115323854660348,0.562101910828026,0.124416796267496,0.558359621451104,0.567567567567568,0.564873417721519,0.115384615384615,0.129082426127527,0.561708860759494,0.497568881685575,0.512155591572123,0.573743922204214,0.118483412322275,0.123376623376623,0.115873015873016,0.551612903225806,0.12888198757764,0.920760697305864,0.119751166407465,0.114832535885167,0.111842105263158,0.119354838709677,0.559241706161137,0.126009693053312,0.564144736842105,0.552215189873418,0.45253164556962,0.5648,0.118210862619808,0.566302652106084,0.570121951219512,0.55702479338843,0.12214983713355,0.56055900621118,0.115072933549433,0.557120500782473,0.390697674418605,0.570300157977883,0.556270096463023,0.55868544600939,0.132283464566929,0.559485530546624,0.56031746031746,0.124605678233438,0.122641509433962,0.557507987220447,0.565560821484992,0.113564668769716,0.649068322981366,0.559485530546624,0.55784469096672,0.54416403785489,0.437990580847724,0.128824476650564,0.570962479608483,0.126382306477093,0.700159489633174,0.571879936808847,0.878548895899054,0.0390015600624025,0.548281505728314,0.55993690851735,0.884673748103187,0.859450726978998,0.1088,0.568938193343899,0.124605678233438,0.564593301435407,0.556291390728477,0.1198738170347,0.565079365079365,0.5584,0.464342313787639,0.115689381933439,0.574367088607595,0.554313099041534,0.113085621970921,0.570093457943925,0.572815533980582,0.118780096308186,0.792993630573248,0.556270096463023,0.566037735849057,0.552884615384615,0.0851735015772871,0.12924071082391,0.150316455696203,0.119448698315467,0.119426751592357,0.889789303079417,0.124416796267496,0.11198738170347,0.124006359300477,0.70926517571885,0.118210862619808,0.56298600311042,0.12037037037037,0.550161812297735,0.117647058823529,0.517080745341615,0.494607087827427,0.565217391304348,0.569018404907976,0.485086342229199,0.567699836867863,0.870917573872473,0.491987179487179,0.44496855345912,0.5600624024961,0.893141945773525,0.577106518282989,0.567567567567568,0.358184764991896,0.559429477020602,0.433281004709576,0.537459283387622,0.570063694267516,0.554179566563467,0.568720379146919,0.121212121212121,0.904109589041096,0.871287128712871,0.565830721003135,0.55993690851735,0.531545741324921,0.121069182389937,0.8,0.563291139240506,0.12,0.570977917981073,0.0621019108280255,0.5553772070626,0.123613312202853,0.125,0.112794612794613,0.572981366459627,0.5078125,0.568807339449541,0.559349593495935,0.555023923444976,0.706708268330733,0.1184,0.570300157977883,0.121642969984202,0.564648117839607,0.566993464052288,0.119195046439628,0.561904761904762,0.121765601217656,0.55205047318612,0.130781499202552,0.124409448818898,0.559561128526646,0.879173290937997,0.127272727272727,0.562401263823065,0.120967741935484,0.345425867507886,0.133846153846154,0.615748031496063,0.124804992199688,0.321086261980831,0.135922330097087,0.549593495934959,0.120634920634921,0.110248447204969,0.133858267716535,0.570300157977883,0.559241706161137,0.56055900621118,0.526916802610114,0.804347826086957,0.563380281690141,0.10586319218241,0.550079491255962,0.131011608623549,0.12326656394453,0.562300319488818,0.557692307692308,0.542452830188679,0.486486486486487,0.560185185185185,0.132075471698113,0.133437990580848,0.548136645962733,0.548231511254019,0.502415458937198,0.5344,0.565286624203822,0.555915721231767,0.12520325203252,0.579617834394904,0.572755417956656,0.131955484896661,0.57825370675453,0.559561128526646,0.869496855345912,0.981481481481482,0.554119547657512,0.435975609756098,0.563091482649842,0.564263322884012,0.534375,0.137007874015748,0.568659127625202,0.110223642172524,0.559618441971383,0.543548387096774,0.57741935483871,0.394080996884735,0.575277337559429,0.123333333333333,0.556782334384858,0.561708860759494,0.558441558441558,0.43167701863354,0.13477537437604,0.543408360128617,0.560675883256528,0.878594249201278,0.5609375,0.130573248407643,0.0815047021943574,0.125,0.56782334384858,0.553259141494436,0.572337042925278,0.538819875776398,0.125396825396825,0.536824877250409,0.540322580645161,0.130708661417323,0.121451104100946,0.0913385826771654,0.448553054662379,0.561290322580645,0.515007898894155,0.561514195583596,0.556414219474498,0.119354838709677,0.123076923076923,0.61198738170347,0.501582278481013,0.131621187800963,0.124203821656051,0.122641509433962,0.439542483660131,0.115506329113924,0.550077041602465,0.435897435897436,0.123824451410658,0.548183254344392,0.553054662379421,0.564387917329094,0.119631901840491,0.118012422360248,0.49672131147541,0.559241706161137,0.126582278481013,0.123244929797192,0.561128526645768,0.567441860465116,0.122641509433962,0.880523731587561,0.555732484076433,0.56120826709062,0.895330112721417,0.554699537750385,0.129230769230769,0.574433656957929,0.128930817610063,0.979813664596273,0.8875,0.221198156682028,0.556259904912837,0.12962962962963,0.121835443037975,0.869362363919129,0.885802469135803,0.555732484076433,0.118022328548644,0.559934318555008,0.122670807453416,0.56661316211878,0.12241653418124,0.11470113085622,0.082018927444795,0.343898573692552,0.128205128205128,0.119162640901771,0.900161030595813,0.120500782472613,0.598319327731092,0.562401263823065,0.456692913385827,0.54874213836478,0.12,0.568,0.4512,0.125806451612903,0.126009693053312,0.563725490196078,0.50229709035222,0.548031496062992,0.527070063694268,0.0881410256410256,0.527156549520767,0.514285714285714,0.88871473354232,0.559241706161137,0.555031446540881,0.5671875,0.120065789473684,0.487538940809969,0.565891472868217,0.0650793650793651,0.530351437699681,0.0815047021943574,0.121212121212121,0.125193199381762,0.558869701726845,0.527454242928453,0.576547231270358,0.561708860759494,0.566510172143975,0.50693374422188,0.576744186046512,0.874213836477987,0.446293494704992,0.115805946791862,0.5552,0.5696,0.564144736842105,0.55607476635514,0.510204081632653,0.126543209876543,0.542901716068643,0.537096774193548,0.552504038772213,0.553627760252366,0.566037735849057,0.5584,0.941176470588235,0.446054750402576,0.557993730407524,0.525660964230171,0.121019108280255,0.884310618066561,0.561488673139159,0.0903225806451613,0.116086235489221,0.127388535031847,0.566455696202532,0.492979719188768,0.126382306477093,0.559241706161137,0.576190476190476,0.0944625407166124,0.113744075829384,0.112877583465819,0.128410914927769,0.553090332805071,0.1264,0.1198738170347,0.232114467408585,0.127388535031847,0.525821596244131,0.117370892018779,0.530179445350734,0.118670886075949,0.444794952681388,0.570747217806041,0.520967741935484,0.128410914927769,0.126582278481013,0.118780096308186,0.546456692913386,0.551505546751189,0.55700325732899,0.558544303797468,0.568403908794788,0.552504038772213,0.110932475884244,0.582278481012658,0.117088607594937,0.114093959731544,0.401273885350318,0.87741935483871,0.572327044025157,0.55607476635514,0.445131375579598,0.115562403697997,0.559561128526646,0.548536209553159,0.473101265822785,0.564387917329094,0.576547231270358,0.112721417069243,0.55448717948718,0.561258278145695,0.450320512820513,0.214402618657938,0.560975609756098,0.512234910277325,0.548956661316212,0.557661927330174,0.550561797752809,0.560821484992101,0.532915360501567,0.447452229299363,0.125198098256735,0.0647709320695103,0.121495327102804,0.45583596214511,0.118971061093248,0.52520325203252,0.559241706161137,0.558823529411765,0.127131782945736,0.119685039370079,0.702229299363057,0.114192495921697,0.12755905511811,0.121835443037975,0.557142857142857,0.555729984301413,0.118210862619808,0.556561085972851,0.445669291338583,0.544728434504792,0.666141732283465,0.568144499178982,0.886255924170616,0.568503937007874,0.117088607594937,0.129449838187702,0.5260663507109,0.886115444617785,0.561014263074485,0.559241706161137,0.7696,0.600326264274062,0.115384615384615,0.119281045751634,0.565625,0.116316639741519,0.713365539452496,0.129449838187702,0.560490045941807,0.534072900158479,0.565560821484992,0.560192616372392,0.125391849529781,0.869494290375204,0.1216,0.564935064935065,0.56,0.125786163522013,0.120634920634921,0.123647604327666,0.558213716108453,0.111831442463533,0.562101910828026,0.498442367601246,0.552755905511811,0.55718954248366,0.876175548589342,0.933977455716586,0.113486842105263,0.496805111821086,0.121359223300971,0.558544303797468,0.545008183306056,0.125996810207337,0.109350237717908,0.926984126984127,0.552631578947368,0.122861586314152,0.226415094339623,0.128325508607199,0.563579277864992,0.921630094043887,0.441823899371069,0.126543209876543,0.112135176651306,0.117073170731707,0.130856219709208,0.121538461538462,0.587869362363919,0.570093457943925,0.125195618153365,0.97708674304419,0.885350318471338,0.695447409733124,0.868770764119601,0.550239234449761,0.1136,0.445880452342488,0.111635220125786,0.121259842519685,0.227987421383648,0.113268608414239,0.445141065830721,0.116242038216561,0.125,0.107717041800643,0.122448979591837
"58",1,1,1,1,1,1,0.705414012738854,1,1,0.0932475884244373,1,0.0435458786936236,0.82051282051282,1,0.319685039370079,0.303656597774245,0.0658307210031348,0.688816855753647,1,1,0.293375394321767,0.315372424722662,1,0.153726708074534,1,0.319444444444444,0.318910256410256,1,1,0.790584415584416,0.309262166405024,0.742725880551302,0.962616822429907,0.310832025117739,0,1,0.540284360189573,1,0.300604229607251,1,0.659777424483307,0.677519379844961,0.697108066971081,1,1,0.32137030995106,0.312,0.307210031347962,0.3296875,0.3265625,0,1,0.309859154929577,1,1,0.509584664536741,0.559294871794872,1,1,1,0.32469512195122,0.314152410575428,0.31637519872814,0.6704,1,1,0.0368589743589744,1,0.0577507598784195,0.319938176197836,1,0.319620253164557,0.321951219512195,0.963141025641026,0.510971786833856,1,0.312111801242236,0.339622641509434,1,0.309061488673139,0.0872374798061389,0.323809523809524,0.33015873015873,1,0.339593114241002,1,1,1,1,0.693270735524257,1,1,0.00157232704402516,0.10377358490566,1,0.0455927051671733,0,1,0.558484349258649,0.676282051282051,1,0.0519685039370079,0.317965023847377,1,0.316455696202532,1,0.680379746835443,1,0.317535545023697,0.323809523809524,0.31496062992126,1,0.330708661417323,1,0.475308641975309,1,0.31496062992126,0.293023255813953,0.32469512195122,0.316692667706708,0.474842767295597,0.998427672955975,0.3234375,0.314238952536825,1,0.297339593114241,1,1,0.326465927099842,0.55045871559633,1,0.31378763866878,1,0.0416024653312789,1,0.31733746130031,0.671339563862928,0.33175355450237,0.929356357927786,0.433441558441558,0.0974842767295598,0.0940438871473354,1,1,0.330188679245283,1,0.320300751879699,1,0.812403100775194,1,0.326465927099842,1,1,1,1,0.330203442879499,1,0.32018927444795,0.250778816199377,1,0.309968847352025,1,0.300787401574803,0.0870253164556962,1,0.310897435897436,1,1,1,0.332810047095761,1,0.323899371069182,1,0.306122448979592,1,0.318471337579618,0.0755905511811024,1,0.635332252836305,1,1,0.3184,1,1,1,1,0.322327044025157,0.311728395061728,1,0.998425196850394,0.319938176197836,0.303656597774245,1,0.448979591836735,0.665158371040724,0,0.324367088607595,0.669266770670827,1,0.323076923076923,1,0.998461538461539,1,0.322378716744914,0.322137404580153,0.330143540669856,1,1,1,0,1,0.312703583061889,0.971518987341772,0.326433121019108,0.312698412698413,0.735614307931571,1,1,1,1,1,0.0424528301886792,0.3125,0.32807570977918,1,0.677067082683307,1,1,0.9984,0.998435054773083,1,1,0.0031496062992126,0.319938176197836,1,0.311501597444089,1,0.300157977883096,1,1,1,1,1,0.331240188383046,1,0.512820512820513,0.331230283911672,0.328682170542636,0.316455696202532,0.322784810126582,0.329073482428115,0.420289855072464,0.336492890995261,0.312693498452012,0.30757341576507,1,0.324367088607595,1,0.686728395061728,0.311708860759494,0.310872894333844,0.34181240063593,1,1,1,0.253943217665615,0.312202852614897,1,0.316614420062696,0.325077399380805,0.310618066561014,0.315541601255887,0.68362480127186,1,0.3198127925117,0.318255250403877,1,0.308306709265176,1,0.31201248049922,0.313291139240506,1,1,1,0.530805687203792,1,0.690251572327044,0.0829493087557604,0.315541601255887,1,1,0.0938967136150235,0.3198127925117,0.326984126984127,1,1,0.30625,0.0278207109737249,0.00157977883096367,1,1,0.337899543378995,0.998420221169036,1,0.311526479750779,1,1,0.311912225705329,1,1,1,1,0.3296875,0.310077519379845,0.332784184514003,1,1,0.675968992248062,0.31687898089172,1,0.322480620155039,0.299679487179487,1,1,0.998432601880878,1,1,0.323899371069182,1,1,0.110932475884244,0.326625386996904,0.495283018867925,0.307568438003221,0.675548589341693,0.322932917316693,1,0.311708860759494,0.335949764521193,0.25314465408805,0.317484662576687,1,0.323664122137405,1,1,1,0.315112540192926,0.323574730354391,0.998422712933754,0.92914653784219,0.0652866242038217,1,0.309859154929577,0.323296354992076,0.315457413249211,1,0.328197226502311,0.471228615863142,0.319685039370079,0.308544303797468,0.315533980582524,0.30952380952381,1,0.314194577352472,1,1,0,1,0.316455696202532,1,1,1,0.331210191082803,1,0.3136,1,0.837837837837838,1,1,1,0.306976744186047,1,1,0.307692307692308,0.318818040435459,1,1,0.308176100628931,0.188854489164087,1,0.998444790046656,1,0,0.323717948717949,1,0.30625,0.2432,1,0.68062015503876,0.441497659906396,1,1,0.675840978593272,0.703470031545741,0.344444444444444,1,0.316692667706708,1,1,0.330708661417323,1,0.998412698412698,0.00791139240506329,0.3216,1,1,0.317817014446228,1,1,0.309294871794872,0.334370139968896,1,1,1,0.539308176100629,0.313178294573643,0.340255591054313,0.323574730354391,0.329113924050633,0.689490445859873,0.325471698113208,0.323854660347551,0.31619937694704,0.241324921135647,0.318327974276527,1,0.324159021406728,0.9984,0.316535433070866,0.0800604229607251,0.05,1,1,0.040625,1,0.68798751950078,0.0420560747663551,0.0126382306477093,1,0.677165354330709,1,1,0.550079491255962,1,0,0.0736,1,1,1,0.32,0.647147147147147,0.685950413223141,0.993827160493827,1,0.98310291858679,0.300314465408805,0.33125,1,0.3008,1,0.371069182389937,0.105263157894737,0.301710730948678,0.327300150829563,0.334442595673877,1,0.0737833594976452,1,1,1,0.252713178294574,0.3264,1,0.321027287319422,1,1,0.310077519379845,1,0.322289156626506,1,0.31637519872814,0.31924882629108,1,0.67948717948718,0.319083969465649,1,0.313694267515924,0.773291925465838,0.317411402157165,0.160883280757098,0.326251896813354,0.782334384858044,0.30952380952381,1,0.323943661971831,0.335925349922239,0.287735849056604,1,1,1,0.967637540453074,0.340909090909091,1,0.329617834394904,1,0.32137030995106,0.319571865443425,1,1,1,0.92246835443038,1,0.316846986089645,0.320813771517997,1,1,0.0483870967741935,0.0780254777070064,1,1,0.309294871794872,1,1,0.312989045383412,1,1,0.680314960629921,0.535384615384615,1,0,1,1,0.0993788819875776,0.331230283911672,1,0.324409448818898,0.9984,0.962264150943396,0.998432601880878,0.825273010920437,1,0.32794830371567,1,1,1,0,0.316476345840131,1,1,0.673076923076923,1,0.315047021943574,0.364779874213836,0.324492979719189,1,1,1,0.0906298003072197,0.323854660347551,0.0837282780410742,0.998425196850394,0.306376360808709,0.312693498452012,0.362068965517241,0,1,0.953198127925117,1,1,0.319685039370079,0.297839506172839,0.15689381933439,0.0394944707740916,0.316614420062696,0.314553990610329,0.327666151468315,0.00160771704180064,0.320872274143302,1,0,0.31974921630094,1,1,1,0.3203125,0.32093023255814,0.0368589743589744,1,0.307086614173228,0.307692307692308,1,1,0.321928460342146,0.69721767594108,1,1,0.684210526315789,1,0.309341500765697,1,0.313291139240506,0.524691358024691,0.661585365853659,0.406153846153846,1,0.301075268817204,0.315047021943574,0.684542586750789,0.666146645865835,1,0.327073552425665,1,0.324116743471582,1,0.320695102685624,0.31687898089172,0.356687898089172,0.530708661417323,0.313311688311688,0.3152,0.666666666666667,0.318885448916409,0.148450244698206,1,0,1,0.302215189873418,1,0,0.325984251968504,0.314785373608903,1,0.0572289156626506,1,0.0868167202572347,0.343799058084772,1,0.0676100628930818,0.667189952904239,1,1,1,0.316639741518578,0.0383435582822086,1,0.441823899371069,0.095389507154213,0.358139534883721,0.318461538461538,0.32312404287902,1,1,1,1,1,0.0648567119155355,0.996932515337423,0.6859375,0.00305810397553517,0.323809523809524,1,1,1,1,0.0853080568720379,0.312693498452012,1,1,1,1,1,1,0.487062404870624,0.00157232704402516,1,0.07981220657277,0.328125,0.433070866141732,1,0.406349206349206,0.31219512195122,0.314152410575428,1,0.0378548895899054,0.319875776397516,1,1,0.372424722662441,0.312989045383412,0.315457413249211,0.319422150882825,0.998442367601246,0.323296354992076,0.324031007751938,0.419303797468354,0.328548644338118,0.972049689440994,0.315467075038285,0.0846905537459283,0.323390894819466,0,1,0.0910518053375196,0.300955414012739,0.309409888357257,0.323248407643312,1,1,1,1,1,1,0.336553945249597,1,0.313291139240506,0.324829931972789,0.60093896713615,0.674565560821485,1,1,0,0.316923076923077,0.1171875,0.998487140695915,0.032967032967033,1,1,0.317666126418152,1,1,0.624203821656051,0.420967741935484,0.997005988023952,0.0789049919484702,0.0959349593495935,1,1,1,0.0855784469096672,0,0.317411402157165,0.429712460063898,0.309707241910632,0,0.337060702875399,0.0843949044585987,1,1,0.314503816793893,0.31911532385466,0.237639553429027,0.331730769230769,0.316846986089645,0.312111801242236,1,1,0.327974276527331,1,0,1,0.222047244094488,1,0.677621283255086,1,0.310452418096724,0.305691056910569,0.0735524256651017,0.674961119751166,1,1,0.788401253918495,0.896607431340872,0.31629392971246,0.318471337579618,1,0.321144674085851,0.25434439178515,0.320325203252033,1,0.100946372239748,1,1,0.322327044025157,0.681229773462783,0.318910256410256,1,1,0.302936630602782,0.30188679245283,0.320493066255778,0.868253968253968,0.318471337579618,1,0.0585516178736518,1,1,0.693146417445483,0.650793650793651,0.326829268292683,0.0566037735849057,0.321144674085851,1,1,0.309148264984227,0.334920634920635,0.615264797507788,1,0.310185185185185,0.378125,0.307219662058372,0.986003110419907,0.4704,0.00471698113207547,0.305900621118012,0.320987654320988,0.330081300813008,0.3232,0.31969696969697,0.973846153846154,1,0.318252730109204,0.553054662379421,0.673076923076923,0.234009360374415,0.683860232945091,1,0.330721003134796,0.00317965023847377,0.328638497652582,0.3171875,0.375579598145286,0.323899371069182,0,0.331259720062208,0.323101777059774,0.322784810126582,0.3234375
"59",1,1,1,1,1,1,0.703761755485893,1,1,0.101587301587302,1,0.0462962962962963,0.800316957210777,1,0.313479623824451,0.304012345679012,0.0702290076335878,0.688206785137318,1,1,0.285271317829457,0.305900621118012,1,0.169491525423729,1,0.320872274143302,0.318037974683544,1,1,0.776729559748428,0.309815950920245,0.713622291021672,0.958715596330275,0.31201248049922,0,1,0.561162079510703,1,0.29066265060241,1,0.668217054263566,0.678571428571429,0.692424242424242,1,1,0.315132605304212,0.309006211180124,0.308868501529052,0.317411402157165,0.323529411764706,0,1,0.310136157337368,1,1,0.474921630094044,0.575471698113208,1,1,1,0.32469512195122,0.3198127925117,0.314553990610329,0.67906976744186,1,1,0.0354391371340524,1,0.0632530120481928,0.313935681470138,1,0.307219662058372,0.326366559485531,0.969551282051282,0.531782945736434,1,0.303353658536585,0.329286798179059,1,0.310289389067524,0.0939490445859873,0.322429906542056,0.325545171339564,1,0.329738058551618,1,1,1,1,0.698924731182796,1,1,0,0.114155251141553,1,0.0467571644042232,0,1,0.57667731629393,0.675548589341693,1,0.0537124802527646,0.310185185185185,1,0.317111459968603,1,0.690031152647975,1,0.317411402157165,0.321538461538462,0.316692667706708,1,0.325688073394495,1,0.506079027355623,1,0.31619937694704,0.306646525679758,0.325115562403698,0.318885448916409,0.493001555209953,0.998442367601246,0.31832298136646,0.319935691318328,1,0.300613496932515,1,1,0.347962382445141,0.562883435582822,1,0.320493066255778,1,0.0434131736526946,1,0.316998468606432,0.686335403726708,0.324534161490683,0.927899686520376,0.440894568690096,0.109034267912773,0.102643856920684,1,1,0.328125,1,0.314842578710645,1,0.798496240601504,1,0.317460317460317,1,1,1,1,0.331259720062208,1,0.317535545023697,0.275968992248062,1,0.312111801242236,1,0.299065420560748,0.0941915227629513,1,0.312302839116719,1,1,1,0.326656394453005,1,0.318110236220472,1,0.31055900621118,1,0.310664605873261,0.0846153846153846,1,0.650717703349282,1,1,0.313385826771654,1,1,1,1,0.319444444444444,0.308980213089802,1,0.998459167950693,0.309230769230769,0.300955414012739,1,0.462848297213622,0.681614349775785,0,0.308527131782946,0.673312883435583,1,0.319571865443425,1,0.998493975903614,1,0.306501547987616,0.320121951219512,0.323854660347551,1,1,1,0,1,0.308544303797468,0.972265023112481,0.321428571428571,0.311145510835913,0.767550702028081,1,1,1,1,1,0.0463678516228748,0.318110236220472,0.321981424148607,1,0.688449848024316,1,1,1,0.998461538461539,1,1,0,0.339477726574501,1,0.305295950155763,1,0.297546012269939,1,1,1,1,1,0.323529411764706,1,0.484076433121019,0.324534161490683,0.328220858895706,0.305379746835443,0.31496062992126,0.327586206896552,0.424050632911392,0.325617283950617,0.309230769230769,0.30781010719755,1,0.319685039370079,1,0.69242658423493,0.311145510835913,0.332822085889571,0.326625386996904,1,1,1,0.27742946708464,0.305426356589147,1,0.313880126182965,0.323216995447648,0.309486780715397,0.311649016641452,0.686244204018547,1,0.325617283950617,0.31875,1,0.292407108239095,1,0.30804248861912,0.307210031347962,1,1,1,0.551617873651772,1,0.686244204018547,0.0915915915915916,0.313178294573643,1,1,0.101694915254237,0.312788906009245,0.322784810126582,1,1,0.305084745762712,0.0231839258114374,0,1,1,0.337858220211161,0.998439937597504,1,0.311450381679389,1,1,0.308777429467085,1,1,1,1,0.328638497652582,0.305007587253414,0.330645161290323,1,1,0.675883256528418,0.313755795981453,1,0.314925373134328,0.308166409861325,1,1,0.998452012383901,1,1,0.322981366459627,1,1,0.1152,0.324200913242009,0.507788161993769,0.306477093206951,0.671826625386997,0.313846153846154,1,0.311424100156495,0.328125,0.275700934579439,0.313455657492355,1,0.324242424242424,1,1,1,0.304075235109718,0.317557251908397,0.998452012383901,0.922953451043339,0.064873417721519,1,0.310664605873261,0.32120253164557,0.310126582278481,1,0.325227963525836,0.486902927580894,0.319314641744548,0.303599374021909,0.311912225705329,0.307931570762053,1,0.319685039370079,1,1,0,1,0.320552147239264,1,1,1,0.324074074074074,1,0.312101910828025,1,0.828006088280061,1,1,1,0.309230769230769,1,1,0.30781010719755,0.309707241910632,1,1,0.310452418096724,0.195384615384615,1,0.998454404945904,1,0,0.31055900621118,1,0.30381679389313,0.262166405023548,1,0.682737169517885,0.423963133640553,1,1,0.682352941176471,0.701515151515152,0.342592592592593,1,0.318461538461538,1,1,0.3296875,1,0.998435054773083,0.003125,0.320754716981132,1,1,0.325581395348837,1,1,0.294392523364486,0.352134146341463,1,1,1,0.509863429438543,0.304615384615385,0.342857142857143,0.317147192716237,0.33179012345679,0.695787831513261,0.31969696969697,0.318461538461538,0.312024353120244,0.260869565217391,0.313291139240506,1,0.31441717791411,0.998439937597504,0.313364055299539,0.0904907975460123,0.0519083969465649,1,1,0.0397553516819572,1,0.684451219512195,0.0429447852760736,0.00786163522012579,1,0.687888198757764,1,1,0.55625,1,0,0.0789049919484702,1,1,1,0.321875,0.65037037037037,0.697262479871176,0.993836671802773,1,0.984732824427481,0.304147465437788,0.349606299212598,1,0.297637795275591,1,0.348367029548989,0.112698412698413,0.305343511450382,0.317365269461078,0.335537190082645,1,0.081447963800905,1,1,1,0.271493212669683,0.314241486068111,1,0.312401883830455,1,1,0.303405572755418,1,0.31784107946027,1,0.307931570762053,0.320493066255778,1,0.682737169517885,0.30920060331825,1,0.308641975308642,0.744582043343653,0.313546423135464,0.173374613003096,0.313725490196078,0.75705329153605,0.314641744548287,1,0.3203125,0.333841463414634,0.294656488549618,1,1,1,0.967845659163987,0.358974358974359,1,0.319620253164557,1,0.313821138211382,0.319508448540707,1,1,1,0.910077519379845,1,0.308157099697885,0.315548780487805,1,1,0.0493630573248408,0.0846394984326019,1,1,0.303937007874016,1,1,0.307692307692308,1,1,0.685185185185185,0.552395209580838,1,0,1,1,0.104863221884498,0.325508607198748,1,0.322378716744914,0.998442367601246,0.961240310077519,0.998432601880878,0.808936825885978,1,0.323899371069182,1,1,1,0,0.314009661835749,1,1,0.675425038639876,1,0.311424100156495,0.347222222222222,0.31441717791411,1,1,1,0.0975609756097561,0.317460317460317,0.095389507154213,0.998454404945904,0.309559939301973,0.301515151515152,0.343032159264931,0,1,0.9578125,1,1,0.324921135646688,0.301659125188537,0.168769716088328,0.0386398763523957,0.320373250388802,0.309597523219814,0.320668693009119,0,0.315789473684211,1,0,0.321699544764795,1,1,1,0.313364055299539,0.31570996978852,0.0366826156299841,1,0.311926605504587,0.302571860816944,1,1,0.316358024691358,0.69377990430622,1,1,0.70125786163522,1,0.303030303030303,1,0.304212168486739,0.552995391705069,0.672699849170437,0.414670658682635,1,0.301204819277108,0.312788906009245,0.684931506849315,0.669218989280245,1,0.318042813455657,1,0.31437125748503,1,0.311912225705329,0.308892355694228,0.347758887171561,0.52824427480916,0.313694267515924,0.304075235109718,0.671317829457364,0.31832298136646,0.154704944178628,1,0,1,0.287713841368585,1,0,0.318181818181818,0.324409448818898,1,0.0582959641255605,1,0.0929133858267717,0.323343848580442,1,0.0684292379471229,0.676425269645609,1,1,1,0.304487179487179,0.039453717754173,1,0.410296411856474,0.102201257861635,0.345509893455099,0.320121951219512,0.323664122137405,1,1,1,1,1,0.0693815987933635,0.998487140695915,0.689497716894977,0,0.314329738058552,1,1,1,1,0.0925925925925926,0.309667673716012,1,1,1,1,1,1,0.503793626707132,0,1,0.0906298003072197,0.320987654320988,0.452713178294574,1,0.378164556962025,0.306188925081433,0.309707241910632,1,0.0383435582822086,0.31201248049922,1,1,0.35423197492163,0.310291858678955,0.31651376146789,0.31629392971246,0.998459167950693,0.328593996840442,0.318461538461538,0.432973805855162,0.312698412698413,0.972809667673716,0.308270676691729,0.089171974522293,0.324031007751938,0,1,0.0985691573926868,0.308396946564885,0.311912225705329,0.313846153846154,1,1,1,1,1,1,0.328660436137072,1,0.3109375,0.316139767054908,0.626524390243902,0.672413793103448,1,1,0,0.316187594553706,0.126168224299065,0.998500749625187,0.034375,1,1,0.311912225705329,1,1,0.636080870917574,0.42258064516129,1,0.0870253164556962,0.104,1,1,1,0.0934150076569678,0,0.313846153846154,0.403755868544601,0.311349693251534,0,0.324367088607595,0.0923317683881064,1,1,0.316436251920123,0.321044546850998,0.261829652996845,0.335443037974684,0.307692307692308,0.316923076923077,1,1,0.32348367029549,1,0,1,0.234741784037559,1,0.675925925925926,1,0.3125,0.304761904761905,0.0801232665639445,0.683969465648855,1,1,0.791666666666667,0.896774193548387,0.315625,0.3109375,1,0.315541601255887,0.281004709576138,0.322169059011164,1,0.109737248840804,1,1,0.312693498452012,0.69047619047619,0.309859154929577,1,1,0.306525037936267,0.297380585516179,0.312781954887218,0.861852433281005,0.315955766192733,1,0.0576323987538941,1,1,0.70679012345679,0.656298600311042,0.3125,0.0545171339563863,0.321259842519685,1,1,0.3078125,0.323529411764706,0.631659056316591,1,0.307692307692308,0.378048780487805,0.307692307692308,0.984917043740573,0.494470774091627,0.00306748466257669,0.295107033639144,0.316187594553706,0.322834645669291,0.317535545023697,0.320839580209895,0.974045801526718,1,0.304953560371517,0.569354838709677,0.682170542635659,0.255023183925811,0.683788121990369,1,0.317262830482115,0.0015600624024961,0.325545171339564,0.303951367781155,0.37173579109063,0.313572542901716,0,0.338533541341654,0.313880126182965,0.309968847352025,0.310769230769231
"60",1,1,1,1,1,1,0.6992,1,1,0.0969305331179321,1,0.046875,0.808988764044944,1,0.320063694267516,0.3125,0.0691244239631336,0.674958540630182,1,1,0.294117647058824,0.310789049919485,1,0.166929133858268,1,0.333855799373041,0.315533980582524,1,1,0.795527156549521,0.311526479750779,0.737248840803709,0.9734375,0.31924882629108,0,1,0.532307692307692,1,0.30381679389313,1,0.661971830985915,0.678683385579937,0.690880989180835,1,1,0.322061191626409,0.308544303797468,0.307210031347962,0.318952234206472,0.331775700934579,0,1,0.319685039370079,1,1,0.504,0.556259904912837,1,1,1,0.328173374613003,0.322327044025157,0.328025477707006,0.676145339652449,1,1,0.0365659777424483,1,0.0625954198473282,0.315467075038285,1,0.323943661971831,0.330670926517572,0.9616,0.503105590062112,1,0.309006211180124,0.334890965732087,1,0.324193548387097,0.0858995137763371,0.325358851674641,0.325508607198748,1,0.345971563981043,1,1,1,1,0.686614173228347,1,1,0.00159489633173844,0.103875968992248,1,0.0509259259259259,0,1,0.551554828150573,0.677215189873418,1,0.0591054313099042,0.315955766192733,1,0.318037974683544,1,0.6796875,1,0.321766561514196,0.3171875,0.328571428571429,1,0.326530612244898,1,0.484018264840183,1,0.318952234206472,0.298904538341158,0.327718223583461,0.323296354992076,0.479430379746835,1,0.32348367029549,0.317230273752013,1,0.303125,1,1,0.332802547770701,0.562596599690881,1,0.322378716744914,1,0.0443425076452599,1,0.320610687022901,0.680061823802164,0.328149300155521,0.927215189873418,0.439418416801292,0.102362204724409,0.0960629921259843,1,1,0.33175355450237,1,0.322678843226788,1,0.803100775193798,1,0.3322528363047,1,1,1,1,0.332273449920509,1,0.325320512820513,0.263157894736842,1,0.313178294573643,1,0.302362204724409,0.0860719874804382,1,0.3152,1,1,1,0.335925349922239,1,0.330683624801272,1,0.30829420970266,1,0.323343848580442,0.0724409448818898,1,0.626409017713366,1,1,0.314873417721519,1,1,1,1,0.322834645669291,0.312401883830455,1,1,0.324031007751938,0.313291139240506,1,0.435857805255023,0.657142857142857,0,0.318252730109204,0.662480376766091,1,0.323529411764706,1,1,1,0.315457413249211,0.319444444444444,0.323717948717949,1,1,1,0,1,0.313725490196078,0.973561430793157,0.321656050955414,0.311708860759494,0.746500777604977,1,1,1,1,1,0.0447284345047923,0.323343848580442,0.321928460342146,1,0.68075117370892,1,1,0.998410174880763,1,1,1,0.0031055900621118,0.312307692307692,1,0.319182389937107,1,0.306976744186047,1,1,1,1,1,0.321766561514196,1,0.51993620414673,0.329652996845426,0.333853354134165,0.309178743961353,0.326433121019108,0.34181240063593,0.413629160063391,0.33641975308642,0.313084112149533,0.310236220472441,1,0.327044025157233,1,0.68,0.3125,0.313935681470138,0.332268370607029,1,1,1,0.26148969889065,0.31832298136646,1,0.319488817891374,0.328725038402458,0.315372424722662,0.326594090202177,0.672413793103448,1,0.329704510108865,0.314102564102564,1,0.309951060358891,1,0.309815950920245,0.322784810126582,1,1,1,0.531645569620253,1,0.68380062305296,0.0833333333333333,0.317829457364341,1,1,0.0996884735202492,0.320987654320988,0.333860759493671,1,1,0.306122448979592,0.0279503105590062,0.00159744408945687,1,1,0.341085271317829,0.998442367601246,1,0.315789473684211,1,1,0.314553990610329,1,1,1,1,0.332283464566929,0.311077389984825,0.326332794830372,1,1,0.665625,0.319554848966614,1,0.321875,0.302066772655008,1,1,1,1,1,0.330128205128205,1,1,0.109149277688604,0.3390625,0.4944,0.314375987361769,0.67398119122257,0.31733746130031,1,0.312893081761006,0.331775700934579,0.2609375,0.3234375,1,0.33641975308642,1,1,1,0.311708860759494,0.323029366306028,1,0.92258064516129,0.0680379746835443,1,0.310291858678955,0.323763955342903,0.305732484076433,1,0.329721362229102,0.4688995215311,0.322480620155039,0.305379746835443,0.312297734627832,0.31496062992126,1,0.319488817891374,1,1,0,1,0.325508607198748,1,1,1,0.335949764521193,1,0.319354838709677,1,0.835913312693498,1,1,1,0.31875,1,1,0.314553990610329,0.312796208530806,1,1,0.312989045383412,0.190993788819876,1,1,1,0,0.313099041533546,1,0.312989045383412,0.246445497630332,1,0.672496025437202,0.442218798151002,1,1,0.67624810892587,0.704968944099379,0.349206349206349,1,0.316455696202532,1,1,0.332288401253919,1,1,0.00786163522012579,0.330683624801272,1,1,0.319935691318328,1,1,0.313195548489666,0.338957055214724,1,1,1,0.543613707165109,0.312302839116719,0.34991974317817,0.316265060240964,0.326120556414219,0.686900958466454,0.328149300155521,0.330188679245283,0.317411402157165,0.252365930599369,0.321027287319422,1,0.318042813455657,1,0.314641744548287,0.0829562594268477,0.0526315789473684,1,1,0.043613707165109,1,0.677519379844961,0.046031746031746,0.0124416796267496,1,0.671875,1,1,0.556962025316456,1,0,0.074313408723748,1,1,1,0.323390894819466,0.642642642642643,0.687908496732026,0.993730407523511,1,0.984496124031008,0.312401883830455,0.341269841269841,1,0.305246422893482,1,0.373250388802488,0.106623586429725,0.307086614173228,0.326717557251908,0.333333333333333,1,0.0801232665639445,1,1,1,0.264296754250386,0.32753164556962,1,0.326433121019108,1,1,0.31441717791411,1,0.328828828828829,1,0.308056872037915,0.323943661971831,1,0.676609105180534,0.320610687022901,1,0.313001605136437,0.767801857585139,0.320493066255778,0.162246489859594,0.317629179331307,0.779904306220096,0.3136,1,0.324451410658307,0.341121495327103,0.298600311041991,1,1,1,0.970540098199673,0.348949919224556,1,0.331189710610932,1,0.319218241042345,0.324534161490683,1,1,1,0.923566878980892,1,0.311526479750779,0.330769230769231,1,1,0.0513643659711075,0.080952380952381,1,1,0.317034700315457,1,1,0.316118935837246,1,1,0.679748822605965,0.521671826625387,1,0,1,1,0.0972644376899696,0.324492979719189,1,0.324921135646688,1,0.961414790996785,1,0.820919175911252,1,0.338709677419355,1,1,1,0,0.317589576547231,1,1,0.6688,1,0.32967032967033,0.371875,0.322429906542056,1,1,1,0.0902140672782875,0.31687898089172,0.0916398713826367,1,0.311145510835913,0.306501547987616,0.357585139318885,0,1,0.958397534668721,1,1,0.327922077922078,0.311349693251534,0.157894736842105,0.0408805031446541,0.325914149443561,0.315873015873016,0.327586206896552,0.00161030595813205,0.319685039370079,1,0,0.321981424148607,1,1,1,0.317034700315457,0.322530864197531,0.038961038961039,1,0.316957210776545,0.314241486068111,1,1,0.323343848580442,0.697068403908795,1,1,0.686028257456829,1,0.31055900621118,1,0.318252730109204,0.523148148148148,0.664605873261206,0.412576687116564,1,0.305426356589147,0.316692667706708,0.683881064162754,0.668202764976959,1,0.331230283911672,1,0.319508448540707,1,0.319554848966614,0.309178743961353,0.357030015797788,0.539308176100629,0.316211878009631,0.314553990610329,0.660910518053375,0.31937984496124,0.148450244698206,1,0,1,0.298245614035088,1,0,0.324451410658307,0.319935691318328,1,0.0591805766312595,1,0.0904761904761905,0.344992050874404,1,0.0725552050473186,0.660910518053375,1,1,1,0.316045380875203,0.0393939393939394,1,0.434645669291339,0.0932475884244373,0.359447004608295,0.331775700934579,0.326594090202177,1,1,1,1,1,0.0698027314112291,0.995348837209302,0.683229813664596,0.00302571860816944,0.330745341614907,1,1,1,1,0.0867507886435331,0.314728682170543,1,1,1,1,1,1,0.476923076923077,0.00160771704180064,1,0.0858034321372855,0.323029366306028,0.428792569659443,1,0.403785488958991,0.314332247557003,0.320433436532508,1,0.0427215189873418,0.327217125382263,1,1,0.376788553259142,0.314728682170543,0.313880126182965,0.326194398682043,1,0.333333333333333,0.327217125382263,0.418789808917197,0.330721003134796,0.97360248447205,0.318042813455657,0.0925324675324675,0.329153605015674,0,1,0.089171974522293,0.308056872037915,0.317034700315457,0.322683706070288,1,1,1,1,1,1,0.33974358974359,1,0.31974921630094,0.313559322033898,0.605633802816901,0.681458003169572,1,1,0,0.322033898305085,0.111111111111111,1,0.0330188679245283,1,1,0.321316614420063,1,1,0.635071090047393,0.416938110749186,0.995502248875562,0.0806451612903226,0.0984126984126984,1,1,1,0.0875,0,0.316770186335404,0.431962025316456,0.319938176197836,0,0.332807570977918,0.0888888888888889,1,1,0.325545171339564,0.321316614420063,0.243788819875776,0.34185303514377,0.320433436532508,0.31924882629108,1,1,0.330696202531646,1,0,1,0.226984126984127,1,0.670826833073323,1,0.31496062992126,0.312602291325696,0.0746500777604977,0.669767441860465,1,1,0.784469096671949,0.899186991869919,0.315789473684211,0.321144674085851,1,0.327503974562798,0.261829652996845,0.327332242225859,1,0.101694915254237,1,1,0.320063694267516,0.674085850556439,0.31687898089172,1,1,0.312597200622084,0.307692307692308,0.319938176197836,0.863708399366086,0.314194577352472,1,0.0559875583203732,1,1,0.693374422187982,0.640253565768621,0.328990228013029,0.0570522979397781,0.332802547770701,1,1,0.305900621118012,0.335433070866142,0.610328638497653,1,0.31104199066874,0.380585516178737,0.311912225705329,0.984544049459042,0.464678178963893,0.00465116279069767,0.31039755351682,0.32,0.331723027375201,0.316535433070866,0.324574961360124,0.967692307692308,1,0.317111459968603,0.537842190016103,0.68370607028754,0.241809672386895,0.677524429967427,1,0.325434439178515,0.00318471337579618,0.321928460342146,0.315047021943574,0.370716510903427,0.329133858267717,0,0.338028169014085,0.323248407643312,0.323101777059774,0.31974921630094
"61",0.315457413249211,0.323076923076923,0.331278890600925,0.346456692913386,0.327692307692308,0.318252730109204,0.0205696202531646,0.32753164556962,0.318461538461538,0.566510172143975,0.331306990881459,0.631419939577039,0.522620904836194,0.328197226502311,0.992211838006231,0.992295839753467,0.601515151515152,0.00644122383252818,0.337984496124031,0.324031007751938,0.990783410138249,0.990536277602524,0.332317073170732,0.508396946564886,0.320359281437126,0.992283950617284,0.995245641838352,0.346153846153846,0.316590563165906,0.541732283464567,0.990769230769231,0.596330275229358,0.377845220030349,0.99375,0.647604327666152,0.330143540669856,0.134146341463415,0.336874051593323,0.992603550295858,0.316998468606432,0.00622083981337481,0.00770416024653313,0.00754147812971342,0.34009360374415,0.325545171339564,0.992175273865415,0.996899224806202,0.990936555891239,0.993817619783617,0.992331288343558,0.67530487804878,0.341772151898734,0.992319508448541,0.334855403348554,0.329211746522411,0.8359375,0.117283950617284,0.32469512195122,0.32469512195122,0.328173374613003,1,0.992199687987519,0.992307692307692,0.00467289719626168,0.327974276527331,0.331804281345566,0.651632970451011,0.331775700934579,0.600299401197605,0.993911719939117,0.328220858895706,0.992295839753467,0.992163009404389,0.299050632911392,0.151376146788991,0.328869047619048,0.990922844175492,0.993984962406015,0.329305135951662,0.992088607594937,0.588050314465409,0.992307692307692,0.99075500770416,0.337442218798151,0.992447129909366,0.333832335329341,0.321875,0.344236760124611,0.33026113671275,0.00612557427258806,0.32967032967033,0.34077380952381,0.674382716049383,0.570992366412214,0.325581395348837,0.622727272727273,0.665634674922601,0.326747720364742,0.116504854368932,0.0078003120124805,0.326219512195122,0.605015673981191,0.992272024729521,0.3216,0.990683229813665,0.328125,0.00771604938271605,0.333848531684699,0.99075500770416,0.992295839753467,0.992424242424242,0.317972350230415,0.995426829268293,0.337349397590361,0.193984962406015,0.317771084337349,0.993846153846154,0.366306027820711,0.992435703479576,0.993779160186625,0.190258751902588,0.322085889570552,0.992447129909366,0.993730407523511,0.343419062027231,0.992354740061162,0.330396475770925,0.322775263951735,0.351766513056836,0.760968229954614,0.338072669826224,0.992260061919505,0.34488188976378,0.622388059701493,0.344391785150079,0.990909090909091,0.0060882800608828,0.995391705069124,0.384496124031008,0.882260596546311,0.569678407350689,0.577572964669739,0.326120556414219,0.335453100158982,0.990639625585023,0.324116743471582,0.992548435171386,0.320373250388802,0.51219512195122,0.340393343419062,0.995253164556962,0.322981366459627,0.326120556414219,0.333333333333333,0.331782945736434,0.992319508448541,0.317262830482115,0.992283950617284,0.419847328244275,0.333836858006042,0.990740740740741,0.334848484848485,0.990839694656489,0.565687789799073,0.325949367088608,0.990580847723705,0.329230769230769,0.324655436447167,0.346687211093991,0.998470948012232,0.334876543209877,0.995419847328244,0.327217125382263,0.993817619783617,0.323763955342903,0.993798449612403,0.57984496124031,0.311145510835913,0.0301109350237718,0.312796208530806,0.317484662576687,0.992272024729521,0.3202416918429,0.332819722650231,0.33587786259542,0.336405529953917,0.993836671802773,0.995481927710843,0.330173775671406,0.340458015267176,0.990811638591118,0.992125984251969,0.336923076923077,0.226993865030675,0.0163690476190476,0.672868217054264,0.995334370139969,0.00458715596330275,0.326186830015314,0.993827160493827,0.331240188383046,0.32078313253012,0.323216995447648,0.989197530864197,0.993984962406015,0.992088607594937,0.336858006042296,0.32755905511811,0.329787234042553,0.667706708268331,0.320373250388802,0.992138364779874,0.354938271604938,0.993798449612403,0.995305164319249,0.435779816513761,0.331768388106416,0.329770992366412,0.338957055214724,0.316037735849057,0.32182103610675,0.632307692307692,0.992260061919505,0.992447129909366,0.329803328290469,0.00457317073170732,0.33984962406015,0.332339791356185,0.337442218798151,0.316358024691358,0.311627906976744,0.330815709969789,0.681818181818182,0.348159509202454,0.321044546850998,0.992025518341308,0.337461300309598,0.992424242424242,0.319758672699849,0.326594090202177,0.330232558139535,0.342356687898089,0.322327044025157,0.992319508448541,0.338414634146341,0.814465408805031,0.995341614906832,0.992458521870287,0.995230524642289,0.992295839753467,0.99211356466877,0.889235569422777,0.992283950617284,0.993939393939394,0.993874425727412,0.32579185520362,0.992283950617284,0.334928229665072,0.00452488687782805,0.990811638591118,0.365705614567527,0.992283950617284,0.325471698113208,0.337007874015748,0.320754716981132,0.412213740458015,0.990769230769231,0.333843797856049,0.992199687987519,0.993957703927492,0.995363214837713,0.992343032159265,0.0046583850931677,0.3171875,0.990867579908676,0.993808049535604,0.334365325077399,0.992076069730586,0.331297709923664,0.992354740061162,0.992175273865415,0.317535545023697,0.341732283464567,0.316923076923077,0.145510835913313,0.327666151468315,0.00623052959501558,0.574814814814815,0.992248062015504,0.326687116564417,0.329113924050633,0.569018404907976,0.992389649923896,0.992175273865415,0.332273449920509,0.345425867507886,0.992424242424242,0.641975308641975,0.693037974683544,0.323390894819466,0.335483870967742,0.990950226244344,0.3421875,0.318518518518519,0.990769230769231,0.324031007751938,0.322530864197531,0.993836671802773,0.317757009345794,0.327639751552795,0.325757575757576,0.328725038402458,0.992223950233281,0.993975903614458,0.993710691823899,0.321875,0.326086956521739,0.0152671755725191,0.995341614906832,0.338028169014085,0.995461422087746,0.993855606758833,0.321156773211568,0.337878787878788,0.310769230769231,0.334351145038168,0.32258064516129,0.992307692307692,0.312401883830455,0.323029366306028,0.563981042654028,0.992389649923896,0.837461300309598,0.990683229813665,0.00769230769230769,0.992389649923896,0.336336336336336,0.993808049535604,0.992236024844721,0.409785932721713,0.990811638591118,0.331761006289308,0.992526158445441,0.318037974683544,0.321483771251932,0.326186830015314,0.992236024844721,0.992424242424242,0.322678843226788,0.406698564593301,0.5953125,0.315047021943574,0.992283950617284,0.990536277602524,0.993759750390016,0.331230283911672,0.992412746585736,0.191717791411043,0.992378048780488,0.992319508448541,0.993710691823899,0.993690851735016,0.336391437308869,0.993817619783617,0.332263242375602,0.344086021505376,0.671296296296296,0.3140625,0.990726429675425,0.332819722650231,0.322338830584708,0.325984251968504,0.992211838006231,0.315868263473054,0.9921875,0.334821428571429,0.482388973966309,0.330769230769231,0.32967032967033,0.329803328290469,0.992354740061162,0.324960753532182,0.313364055299539,0.992343032159265,0.993827160493827,0.330275229357798,0.321428571428571,0.990769230769231,0.47583081570997,0.32695374800638,0.335384615384615,0.333843797856049,0.670278637770898,0.99375,0.305057096247961,0.990922844175492,0.401253918495298,0.329230769230769,0.00777604976671851,0.897125567322239,0.324492979719189,0.330173775671406,0.00587371512481645,0.0352220520673813,0.989096573208723,0.328660436137072,0.992343032159265,0.324534161490683,0.32967032967033,0.990783410138249,0.333834586466165,0.322981366459627,0.649847094801223,0.996870109546166,0.329211746522411,0.334855403348554,0.995283018867924,0.327718223583461,0.318681318681319,0.993827160493827,0.324534161490683,0.325471698113208,0.329249617151608,0.342679127725857,0.819969742813918,0.990895295902883,0.976780185758514,0.992592592592593,0.992354740061162,0.00778816199376947,0.993893129770992,0.996951219512195,0.992378048780488,0.415241057542768,0.993640699523052,0.323076923076923,0.994038748137109,0.3484375,0.998466257668712,0.593373493975904,0.616793893129771,0.333834586466165,0.324655436447167,0.625386996904025,0.324324324324324,0.00606060606060606,0.617283950617284,0.673846153846154,0.323795180722892,0.00611620795107034,0.326086956521739,0.317901234567901,0.765163297045101,0.336434108527132,0.673282442748092,0.583201267828843,0.330769230769231,0.334862385321101,0.309375,0.993808049535604,0.0222222222222222,0.0095389507154213,0.331782945736434,0.341463414634146,0.341653666146646,0.992424242424242,0.325581395348837,0.330769230769231,0.993670886075949,0.312121212121212,0.954268292682927,0.558176100628931,0.993827160493827,0.992492492492492,0.99347471451876,0.333836858006042,0.598200899550225,0.329819277108434,0.318770226537217,0.326120556414219,0.411764705882353,0.993798449612403,0.324960753532182,0.992307692307692,0.329052969502408,0.332807570977918,0.993920972644377,0.329704510108865,0.992548435171386,0.333333333333333,0.993759750390016,0.992295839753467,0.330246913580247,0.0046583850931677,0.990909090909091,0.338368580060423,1,0.573394495412844,0.993957703927492,0.499234303215926,0.991017964071856,0.56418383518225,0.990654205607477,0.325984251968504,0.993798449612403,0.992492492492492,0.990895295902883,0.322429906542056,0.340694006309148,0.328725038402458,0.357710651828299,0.316720257234727,0.325227963525836,0.992088607594937,0.336434108527132,0.99185667752443,0.992526158445441,0.33843797856049,0.326530612244898,0.330289193302892,0.402457757296467,0.336842105263158,0.992401215805471,0.992412746585736,0.336874051593323,0.34384858044164,0.617322834645669,0.578866768759571,0.32469512195122,0.328660436137072,0.990639625585023,0.320668693009119,0.33037037037037,0.992260061919505,0.327503974562798,0.32262996941896,0.00924499229583975,0.131818181818182,0.332814930015552,0.658718330849478,0.331269349845201,0.330246913580247,0.582712369597616,0.989147286821705,0.319314641744548,0.99388379204893,0.3296875,0.356230031948882,0.325,0.483180428134557,0.322480620155039,0.993630573248408,0.330289193302892,0.333333333333333,0.346092503987241,0.672672672672673,0.99194847020934,0.34181240063593,0.332824427480916,0.00464396284829721,0.332831325301205,0.990769230769231,0.963358778625954,0.992378048780488,0.324200913242009,0.332822085889571,0.318461538461538,0.571646341463415,0.993740219092332,0.582677165354331,0.339563862928349,0.995488721804511,0.990769230769231,0.970858895705521,0.667706708268331,0.337984496124031,0.368501529051988,0.333333333333333,0.325264750378215,0.995275590551181,0.993939393939394,0.500784929356358,0.624413145539906,0.992199687987519,0.99079754601227,0.990839694656489,0.676190476190476,0.990783410138249,0.334834834834835,0.6734375,0.990936555891239,0.335901386748844,0.327743902439024,0.328638497652582,0.993920972644377,0.992481203007519,0.632237871674491,0.333836858006042,0.992248062015504,0.993865030674847,0.340943683409437,0.323029366306028,0.992248062015504,0.00632911392405063,0.32755905511811,0.3296875,0.0031055900621118,0.325227963525836,0.992458521870287,0.326594090202177,0.992150706436421,0.140030441400304,0.00606980273141123,0.891369047619048,0.338855421686747,0.993993993993994,0.992295839753467,0.0062015503875969,0.0060882800608828,0.333843797856049,0.992343032159265,0.323296354992076,0.995495495495496,0.3203125,0.993846153846154,0.990580847723705,0.968895800933126,0.765891472868217,0.993650793650794,0.99211356466877,0.00465116279069767,0.990839694656489,0.511961722488038,0.33489827856025,0.660060975609756,0.341463414634146,0.992199687987519,0.314728682170543,0.668711656441718,0.993779160186625,0.993690851735016,0.324960753532182,0.605341246290801,0.341389728096677,0.575851393188854,0.980030721966206,0.347417840375587,0.585516178736518,0.00765696784073507,0.325617283950617,0.330792682926829,0.325652841781874,0.9904,0.627272727272727,0.317972350230415,0.905718701700155,0.571428571428571,0.974320241691843,0.990769230769231,0.993975903614458,0.321981424148607,0.350793650793651,0.320695102685624,0.319444444444444,0.326687116564417,0.597922848664688,0.321592649310873,0.00611620795107034,0.675,0.996918335901387,0.337404580152672,0.313084112149533,0.331723027375201,0.33134328358209,0.587786259541985,0.990990990990991,0.341426403641882,0.338509316770186,0.341269841269841,0.339035769828927,0.331288343558282,0.31875,0.1797583081571,0.667189952904239,0.333333333333333,0.584474885844749,0.992331288343558,0.218604651162791,0.329704510108865,0.939157566302652,0.990338164251208,0.990881458966565,0.331259720062208,0.622900763358779,0.992378048780488,0.32572298325723,0.308868501529052,0.96551724137931,0.993836671802773,0.990625,0.995207667731629,0.335854765506808,0.996889580093313,0.990909090909091,0.894154818325434,0.995327102803738,0.358778625954198,0.990963855421687,0.572115384615385,0.993846153846154,0.659021406727829,0.318885448916409,0.590625,0.990683229813665,0.993788819875776,0.990625,0.337878787878788,0.332302936630603,0.331230283911672,0.326153846153846,0.335453100158982,0.339712918660287,0.9858934169279,0.321483771251932,0.992236024844721,0.993388429752066,0.71580547112462,0.00784929356357928,0.33030303030303,0.324242424242424,0.665144596651446,0.992481203007519,0.547286821705426,0.336322869955157,0.633540372670807,0.323170731707317,0.324921135646688,0.995283018867924,0.332283464566929,0.316720257234727,0.684627575277338,0.901116427432217,0.328467153284672,0.59047619047619,0.563467492260062,0.334848484848485,0.332807570977918,0.31651376146789,0.579352850539291,0.665123456790123,0.996946564885496,0.911214953271028,0.993957703927492,0.657099697885196,0.995283018867924,0.576862123613312,0.331278890600925,0.338658146964856,0.992469879518072,0.992319508448541,0.417310664605873,0.998412698412698,0.993975903614458,0.992469879518072,0.331278890600925,0.337480559875583,0.995341614906832,0.323880597014925,0.666666666666667,0.339009287925697,0.446345256609642,0.310185185185185,0.00768049155145929,0.321592649310873,0.993817619783617,0.990668740279938,0.577335375191424,0.00765696784073507,0.343465045592705,0.329133858267717,0.117004680187207,0.423566878980892,0.993808049535604,0.995253164556962,0.332317073170732,0.993779160186625,0.398162327718224,0.992138364779874,0.341389728096677,0.568835098335855,0.333333333333333,0.328100470957614,0.993855606758833,0.00628930817610063,0.993798449612403,0.319554848966614,0.333853354134165,0.992354740061162,0.992401215805471,0.993948562783661,0.453416149068323,0.992175273865415,0.329721362229102,0.609907120743034,0.342024539877301,0.336477987421384,0.00609756097560976,0.035548686244204,0.992050874403816,0.613458528951487,0.996889580093313,0.339939024390244,0.345541401273885,0.992050874403816,0.996879875195008,0.153609831029186,0.333843797856049,0.990867579908676,0.889226100151745,0.990769230769231,0.326717557251908,0.195618153364632,0.658646616541353,0.993808049535604,0.992458521870287,0.993630573248408,0.990521327014218,0.992537313432836,0.300604229607251,0.31839258114374,0.992272024729521,0.111111111111111,0.0062015503875969,0.430513595166163,0.00806451612903226,0.3390625,0.993865030674847,0.664586583463339,0.992319508448541,0.995327102803738,0.88135593220339,0.992378048780488,0.663594470046083,0.992272024729521,0.990521327014218,0.992260061919505,0.995363214837713
"62",0.28892455858748,0.308917197452229,0.313178294573643,0.32952691680261,0.308544303797468,0.301127214170692,0.0113085621970921,0.320574162679426,0.306976744186047,0.560386473429952,0.316118935837246,0.641975308641975,0.519108280254777,0.318110236220472,1,1,0.620528771384137,0,0.326465927099842,0.309375,1,1,0.32093023255814,0.517080745341615,0.318042813455657,1,1,0.338709677419355,0.306870229007634,0.53322528363047,1,0.597503900156006,0.370716510903427,0.996805111821086,0.66877971473851,0.319078947368421,0.145085803432137,0.316846986089645,1,0.306027820710974,0,0,0,0.327476038338658,0.320512820512821,1,0.996840442338073,1,1,1,0.691338582677165,0.331189710610932,1,0.316957210776545,0.30625,0.815165876777251,0.124018838304553,0.314152410575428,0.3198127925117,0.322327044025157,0.992199687987519,1,1,0.00313479623824451,0.315359477124183,0.318818040435459,0.66031746031746,0.320695102685624,0.613740458015267,1,0.31937984496124,1,1,0.271103896103896,0.153846153846154,0.315950920245399,1,0.995334370139969,0.317683881064163,1,0.597423510466989,1,1,0.325115562403698,1,0.326153846153846,0.308917197452229,0.328593996840442,0.320695102685624,0,0.32484076433121,0.317220543806647,0.690513219284603,0.577160493827161,0.313385826771654,0.636503067484663,0.682098765432099,0.312989045383412,0.120578778135048,0,0.306376360808709,0.621405750798722,1,0.317384370015949,1,0.31637519872814,0,0.322169059011164,1,1,1,0.305246422893482,0.998425196850394,0.326594090202177,0.196899224806202,0.309341500765697,1,0.378294573643411,1,1,0.2,0.308661417322835,1,1,0.333333333333333,1,0.314674735249622,0.315384615384615,0.365325077399381,0.773148148148148,0.323624595469256,1,0.327390599675851,0.634036144578313,0.323854660347551,1,0,1,0.375594294770206,0.891056910569106,0.572555205047319,0.593996840442338,0.313084112149533,0.324717285945073,1,0.3140625,1,0.301412872841444,0.50462962962963,0.322085889570552,1,0.30829420970266,0.313291139240506,0.321766561514196,0.322327044025157,1,0.299840510366826,1,0.435185185185185,0.323529411764706,1,0.31306990881459,1,0.596546310832025,0.322683706070288,1,0.312101910828025,0.312597200622084,0.330721003134796,0.987635239567233,0.320754716981132,1,0.317307692307692,1,0.310679611650485,1,0.590138674884438,0.303875968992248,0.0340356564019449,0.297427652733119,0.315457413249211,1,0.304212168486739,0.32018927444795,0.315625,0.325508607198748,1,1,0.331723027375201,0.321259842519685,1,1,0.312883435582822,0.234741784037559,0.0196374622356495,0.686028257456829,1,0,0.316846986089645,1,0.31637519872814,0.311627906976744,0.317034700315457,0.998430141287284,1,1,0.327217125382263,0.310509554140127,0.31875,0.678913738019169,0.297770700636943,1,0.342271293375394,1,1,0.43171114599686,0.313291139240506,0.325434439178515,0.323296354992076,0.306729264475743,0.309791332263242,0.642072213500785,1,1,0.313572542901716,0.00308641975308642,0.325190839694657,0.317557251908397,0.318611987381703,0.312307692307692,0.291798107255521,0.316666666666667,0.693498452012384,0.35968992248062,0.307332293291732,1,0.322884012539185,1,0.315217391304348,0.307073954983923,0.307936507936508,0.331189710610932,0.311708860759494,1,0.31839258114374,0.7984,1,1,1,1,1,0.893719806763285,1,1,1,0.312883435582822,1,0.320785597381342,0,1,0.377503852080123,1,0.3216,0.316720257234727,0.314152410575428,0.416666666666667,1,0.3203125,1,1,1,1,0,0.316535433070866,1,1,0.319620253164557,1,0.325617283950617,1,1,0.309904153354633,0.320634920634921,0.304075235109718,0.147151898734177,0.335473515248796,0,0.587786259541985,1,0.313755795981453,0.319182389937107,0.572769953051643,1,1,0.327922077922078,0.334379905808477,1,0.660883280757098,0.700636942675159,0.301916932907348,0.323051948051948,0.995391705069124,0.318541996830428,0.303030303030303,1,0.310126582278481,0.3078125,1,0.314553990610329,0.317111459968603,0.302362204724409,0.318611987381703,1,1,1,0.31619937694704,0.3264,0.00920245398773006,0.993730407523511,0.323624595469256,1,1,0.309707241910632,0.320433436532508,0.302507836990596,0.309748427672956,0.318818040435459,1,0.311811023622047,0.314375987361769,0.573248407643312,1,0.836734693877551,1,0,1,0.320552147239264,1,1,0.424764890282132,1,0.320574162679426,1,0.312202852614897,0.305164319248826,0.310725552050473,1,1,0.31911532385466,0.406148867313916,0.611727416798732,0.299684542586751,1,1,1,0.323151125401929,1,0.207221350078493,1,1,1,1,0.327217125382263,1,0.311881188118812,0.329721362229102,0.684458398744113,0.293460925039872,1,0.328125,0.308166409861325,0.311290322580645,1,0.309707241910632,1,0.31651376146789,0.48062015503876,0.322378716744914,0.321086261980831,0.316770186335404,1,0.323296354992076,0.306962025316456,1,1,0.3203125,0.308056872037915,1,0.474576271186441,0.315619967793881,0.319508448540707,0.328125,0.6859375,1,0.288524590163934,1,0.4185303514377,0.310618066561014,0,0.872894333843798,0.31378763866878,0.321428571428571,0,0.0280811232449298,0.981279251170047,0.320754716981132,1,0.315873015873016,0.314332247557003,1,0.319685039370079,0.320574162679426,0.671383647798742,1,0.31974921630094,0.318611987381703,1,0.313755795981453,0.302100161550889,1,0.333853354134165,0.310618066561014,0.313755795981453,0.333858267716535,0.808176100628931,1,0.982456140350877,1,1,0,1,0.99375,1,0.42512077294686,0.998394863563403,0.308049535603715,0.993865030674847,0.327044025157233,0.99685534591195,0.600303951367781,0.633956386292835,0.31832298136646,0.310077519379845,0.641955835962145,0.308943089430894,0,0.633070866141732,0.689381933438986,0.315301391035549,0,0.321316614420063,0.303125,0.767885532591415,0.324881141045959,0.681089743589744,0.593247588424437,0.3140625,0.318529862174579,0.304761904761905,1,0.0253731343283582,0,0.322932917316693,0.3296875,0.327160493827161,1,0.338095238095238,0.317262830482115,1,0.309119010819165,0.9390625,0.567307692307692,1,1,0.993311036789298,0.318529862174579,0.603395061728395,0.317972350230415,0.318627450980392,0.311811023622047,0.422187981510015,1,0.311793214862682,1,0.320907617504052,0.319488817891374,1,0.316720257234727,1,0.32967032967033,1,1,0.322834645669291,0,1,0.31619937694704,1,0.568720379146919,1,0.505409582689335,1,0.568535825545171,1,0.3125,1,1,1,0.313385826771654,0.322115384615385,0.323170731707317,0.344771241830065,0.332794830371567,0.307453416149068,1,0.325878594249201,1,1,0.322378716744914,0.316129032258064,0.315217391304348,0.389589905362776,0.324031007751938,1,1,0.32348367029549,0.317891373801917,0.632165605095541,0.590909090909091,0.31496062992126,0.316558441558442,1,0.310344827586207,0.315068493150685,0.995275590551181,0.30655737704918,0.315217391304348,0,0.139356814701378,0.320574162679426,0.67921686746988,0.316455696202532,0.317757009345794,0.600308641975309,0.998420221169036,0.310177705977383,1,0.309636650868878,0.347133757961783,0.31637519872814,0.473684210526316,0.317460317460317,1,0.320813771517997,0.317535545023697,0.329093799682035,0.689127105666156,1,0.325806451612903,0.311627906976744,0,0.322188449848024,1,0.955038759689922,1,0.315132605304212,0.319938176197836,0.299684542586751,0.579598145285935,1,0.591639871382637,0.331230283911672,1,1,0.965732087227414,0.675118858954041,0.332805071315372,0.357366771159875,0.321483771251932,0.321372854914197,1,1,0.5104,0.629570747217806,1,1,1,0.69620253164557,1,0.32262996941896,0.678855325914149,1,0.314152410575428,0.313385826771654,0.318910256410256,0.998444790046656,1,0.642394822006472,0.324451410658307,1,1,0.326018808777429,0.3125,1,0,0.313694267515924,0.313001605136437,0.00470957613814757,0.315384615384615,1,0.304761904761905,1,0.143079315707621,0,0.901365705614568,0.333333333333333,1,1,0,0,0.321981424148607,1,0.315112540192926,1,0.309791332263242,1,0.998407643312102,0.963492063492064,0.77151799687011,1,1,0.00470957613814757,1,0.516339869281046,0.32475884244373,0.672307692307692,0.31839258114374,1,0.304625199362041,0.676609105180534,1,1,0.310897435897436,0.615267175572519,0.327613104524181,0.583465818759936,0.973228346456693,0.331746031746032,0.603100775193798,0.0124416796267496,0.310897435897436,0.321928460342146,0.321592649310873,1,0.634556574923547,0.307453416149068,0.886292834890966,0.585483870967742,0.966101694915254,1,1,0.312893081761006,0.337078651685393,0.310126582278481,0.313572542901716,0.314553990610329,0.619119878603945,0.305555555555556,0,0.678678678678679,0.998442367601246,0.32807570977918,0.311111111111111,0.324149108589951,0.315950920245399,0.59904912836767,1,0.333843797856049,0.3312,0.326860841423948,0.31911532385466,0.316118935837246,0.3152,0.188271604938272,0.690821256038647,0.320373250388802,0.59472049689441,1,0.238689547581903,0.31619937694704,0.917460317460317,1,1,0.310344827586207,0.63452566096423,1,0.314900153609831,0.296825396825397,0.955414012738854,1,1,0.998384491114701,0.3125,1,1,0.898573692551506,1,0.349304482225657,1,0.586370839936609,1,0.672811059907834,0.307692307692308,0.594594594594595,1,1,0.993650793650794,0.327131782945736,0.3198127925117,0.322528363047002,0.323390894819466,0.329545454545455,0.3232,0.983974358974359,0.30757341576507,1,1,0.722397476340694,0,0.316998468606432,0.315707620528771,0.672386895475819,1,0.566302652106084,0.322137404580153,0.640253565768621,0.310509554140127,0.316639741518578,1,0.321316614420063,0.324546952224053,0.692063492063492,0.906752411575563,0.322338830584708,0.593851132686084,0.56984126984127,0.322378716744914,0.321144674085851,0.305426356589147,0.588607594936709,0.684375,1,0.892913385826772,1,0.669724770642202,0.998397435897436,0.586038961038961,0.315789473684211,0.315024232633279,1,1,0.429252782193959,0.995215311004785,0.996889580093313,1,0.312302839116719,0.325,1,0.31437125748503,0.682316118935837,0.32755905511811,0.454833597464342,0.302215189873418,0,0.30757341576507,1,1,0.593457943925234,0,0.328593996840442,0.320251177394035,0.105845181674566,0.41042345276873,1,1,0.307453416149068,1,0.409733124018838,1,0.327245053272451,0.585023400936037,0.317610062893082,0.31911532385466,1,0,1,0.298555377207063,0.327503974562798,1,1,1,0.450636942675159,1,0.315541601255887,0.615975422427035,0.319685039370079,0.329563812600969,0,0.0404354587869362,1,0.621236133122029,1,0.321316614420063,0.324717285945073,1,1,0.160883280757098,0.304075235109718,1,0.900473933649289,1,0.317757009345794,0.194006309148265,0.675465838509317,1,1,1,1,1,0.287901990811639,0.30379746835443,1,0.119617224880383,0,0.443585780525502,0,0.329652996845426,1,0.678456591639871,1,1,0.885220125786163,1,0.6801872074883,1,1,1,1
"63",0.299019607843137,0.314285714285714,0.308426073131955,0.331730769230769,0.316455696202532,0.306122448979592,0.00963081861958266,0.315619967793881,0.305863708399366,0.582113821138211,0.31924882629108,0.644200626959248,0.504012841091493,0.318327974276527,1,1,0.624420401854714,0,0.325396825396825,0.304897314375987,1,1,0.322378716744914,0.520249221183801,0.30781010719755,1,1,0.339774557165862,0.308892355694228,0.526315789473684,1,0.572317262830482,0.369255150554675,0.995207667731629,0.666139240506329,0.311074918566775,0.151326053042122,0.326625386996904,1,0.300155520995334,0.00159235668789809,0,0,0.327361563517915,0.314102564102564,1,0.995327102803738,1,1,1,0.694915254237288,0.321656050955414,1,0.33015873015873,0.307324840764331,0.811594202898551,0.130781499202552,0.31637519872814,0.314553990610329,0.328025477707006,0.992307692307692,1,1,0.00478468899521531,0.310743801652893,0.316455696202532,0.6592,0.32018927444795,0.616692426584235,1,0.312698412698413,1,1,0.274061990212072,0.167701863354037,0.321100917431193,1,0.993808049535604,0.324409448818898,1,0.601626016260163,1,1,0.320373250388802,1,0.313846153846154,0.314516129032258,0.330683624801272,0.312698412698413,0,0.314285714285714,0.32375189107413,0.693650793650794,0.582159624413146,0.31139646869984,0.639625585023401,0.683307332293292,0.307086614173228,0.129508196721311,0,0.308056872037915,0.623417721518987,1,0.318327974276527,1,0.314465408805031,0,0.31637519872814,1,1,1,0.304487179487179,0.996860282574568,0.328125,0.212634822804314,0.309375,1,0.3861852433281,1,1,0.2192,0.312401883830455,1,1,0.328125,1,0.315868263473054,0.3125,0.374407582938389,0.768875192604006,0.316558441558442,1,0.32258064516129,0.640909090909091,0.329545454545455,1,0,1,0.366043613707165,0.889250814332248,0.5814696485623,0.595576619273302,0.308777429467085,0.315286624203822,1,0.315955766192733,1,0.303656597774245,0.490712074303406,0.326086956521739,1,0.309748427672956,0.313694267515924,0.324193548387097,0.323671497584541,1,0.303459119496855,1,0.447244094488189,0.327073552425665,1,0.319083969465649,1,0.594202898550725,0.314935064935065,1,0.315457413249211,0.311605723370429,0.327476038338658,0.985645933014354,0.325471698113208,1,0.317307692307692,1,0.315270935960591,1,0.592767295597484,0.296703296703297,0.0322061191626409,0.295638126009693,0.312698412698413,1,0.309409888357257,0.318541996830428,0.316455696202532,0.330143540669856,1,1,0.32520325203252,0.323390894819466,1,1,0.320987654320988,0.250798722044728,0.0184049079754601,0.677777777777778,1,0.00159235668789809,0.311708860759494,1,0.322368421052632,0.309006211180124,0.306603773584906,0.996875,1,1,0.325652841781874,0.315619967793881,0.317111459968603,0.679425837320574,0.312202852614897,1,0.336507936507937,1,1,0.452418096723869,0.315873015873016,0.316118935837246,0.321144674085851,0.305900621118012,0.304838709677419,0.644549763033175,1,1,0.312111801242236,0.00315955766192733,0.326687116564417,0.314728682170543,0.322683706070288,0.299689440993789,0.292993630573248,0.315467075038285,0.697674418604651,0.379204892966361,0.307332293291732,1,0.321656050955414,1,0.305295950155763,0.3008,0.311004784688995,0.319422150882825,0.308306709265176,1,0.318611987381703,0.790660225442834,1,1,0.998405103668262,1,1,0.8992,1,1,1,0.315707620528771,1,0.313213703099511,0,1,0.390432098765432,1,0.318611987381703,0.314785373608903,0.3152,0.428343949044586,1,0.317829457364341,1,1,1,1,0,0.304625199362041,1,1,0.324409448818898,1,0.313479623824451,1,1,0.308917197452229,0.3168,0.296411856474259,0.15689381933439,0.321428571428571,0,0.593323216995448,1,0.32018927444795,0.317384370015949,0.579192546583851,1,1,0.325732899022801,0.320967741935484,1,0.65086887835703,0.70048309178744,0.301916932907348,0.316993464052288,0.996899224806202,0.32755905511811,0.296296296296296,1,0.317111459968603,0.308527131782946,1,0.307073954983923,0.313694267515924,0.320634920634921,0.319047619047619,1,1,1,0.299373040752351,0.324881141045959,0.00627943485086342,0.991974317817014,0.3264,1,1,0.308166409861325,0.325545171339564,0.300157977883096,0.314465408805031,0.306976744186047,1,0.309636650868878,0.309033280507132,0.576985413290113,1,0.842356687898089,1,0,1,0.313178294573643,1,1,0.428571428571429,0.998430141287284,0.322632423756019,1,0.307936507936508,0.299363057324841,0.312989045383412,1,1,0.323809523809524,0.397394136807818,0.609324758842444,0.296596434359805,1,1,1,0.318910256410256,1,0.218897637795276,1,1,1,1,0.320872274143302,1,0.323481116584565,0.329635499207607,0.68621236133122,0.306089743589744,1,0.317535545023697,0.314241486068111,0.306946688206785,1,0.30521472392638,1,0.316030534351145,0.471608832807571,0.323854660347551,0.326923076923077,0.308641975308642,1,0.311004784688995,0.307448494453249,1,1,0.320574162679426,0.30298273155416,1,0.486780715396579,0.308943089430894,0.322932917316693,0.325581395348837,0.684458398744113,1,0.2992,1,0.4304,0.305246422893482,0,0.883614088820827,0.3232,0.312401883830455,0,0.0269413629160063,0.9808,0.316211878009631,1,0.3104,0.312703583061889,1,0.330218068535826,0.31378763866878,0.672985781990521,1,0.321656050955414,0.320512820512821,1,0.309375,0.309061488673139,1,0.355905511811024,0.3056,0.318181818181818,0.323296354992076,0.792125984251968,1,0.982428115015974,1,1,0,1,0.993650793650794,1,0.432389937106918,0.996805111821086,0.3109375,0.992319508448541,0.329093799682035,0.995275590551181,0.6,0.628346456692913,0.3198127925117,0.305555555555556,0.644200626959248,0.317230273752013,0,0.627172195892575,0.67948717948718,0.322530864197531,0,0.314873417721519,0.304416403785489,0.779032258064516,0.326465927099842,0.690140845070423,0.598070739549839,0.320512820512821,0.317111459968603,0.296062992125984,1,0.0255255255255255,0,0.313084112149533,0.33125,0.324492979719189,1,0.355905511811024,0.314641744548287,1,0.308777429467085,0.944267515923567,0.57487922705314,1,1,0.991624790619765,0.31619937694704,0.601236476043277,0.319018404907975,0.303921568627451,0.312202852614897,0.431643625192012,1,0.307936507936508,1,0.318770226537217,0.320325203252033,1,0.321144674085851,1,0.32120253164557,1,1,0.321259842519685,0,1,0.314873417721519,1,0.561240310077519,1,0.511075949367089,1,0.548489666136725,1,0.317741935483871,1,1,1,0.307570977917981,0.328571428571429,0.316037735849057,0.343089430894309,0.349358974358974,0.307332293291732,1,0.317965023847377,1,1,0.324960753532182,0.318037974683544,0.312210200927357,0.385714285714286,0.320373250388802,1,1,0.328660436137072,0.319805194805195,0.635782747603834,0.594155844155844,0.310832025117739,0.321543408360129,1,0.305084745762712,0.31441717791411,0.993710691823899,0.306320907617504,0.312202852614897,0,0.142414860681115,0.310897435897436,0.679817905918058,0.311708860759494,0.327102803738318,0.598765432098765,0.996840442338073,0.309178743961353,1,0.310236220472441,0.345718901453958,0.310126582278481,0.462992125984252,0.319685039370079,1,0.318611987381703,0.314696485623003,0.325769854132901,0.683229813664596,1,0.328478964401294,0.31974921630094,0,0.321981424148607,0.998425196850394,0.9546875,1,0.320813771517997,0.322327044025157,0.316455696202532,0.585139318885449,1,0.584415584415584,0.332810047095761,1,1,0.965625,0.681458003169572,0.325434439178515,0.354330708661417,0.315955766192733,0.314728682170543,1,1,0.525396825396825,0.642172523961661,1,1,0.998439937597504,0.692682926829268,1,0.317411402157165,0.686305732484076,1,0.322834645669291,0.3248,0.318541996830428,0.996932515337423,1,0.645631067961165,0.320251177394035,1,1,0.323390894819466,0.30503144654088,0.998407643312102,0,0.308681672025723,0.304897314375987,0.00631911532385466,0.3203125,1,0.311290322580645,1,0.154929577464789,0,0.908256880733945,0.324367088607595,1,1,0,0,0.323854660347551,1,0.309951060358891,0.998459167950693,0.310897435897436,1,0.998387096774194,0.965244865718799,0.782608695652174,1,1,0.0063391442155309,1,0.523887973640857,0.325878594249201,0.66820987654321,0.32093023255814,1,0.306349206349206,0.682737169517885,1,1,0.311290322580645,0.625954198473282,0.322429906542056,0.590690208667737,0.97456279809221,0.331746031746032,0.609034267912773,0.0126182965299685,0.3125,0.318181818181818,0.311811023622047,1,0.647239263803681,0.302652106084243,0.885167464114832,0.588328075709779,0.967391304347826,1,1,0.308917197452229,0.338735818476499,0.308441558441558,0.313385826771654,0.313880126182965,0.622496147919877,0.304147465437788,0,0.682926829268293,0.998432601880878,0.33125,0.304700162074554,0.316129032258064,0.315217391304348,0.607594936708861,1,0.329211746522411,0.335974643423138,0.332258064516129,0.318327974276527,0.308892355694228,0.306089743589744,0.202764976958525,0.682182985553772,0.313195548489666,0.592307692307692,1,0.247634069400631,0.318471337579618,0.925925925925926,1,1,0.3168,0.640986132511556,1,0.309859154929577,0.292993630573248,0.956869009584665,1,1,0.99835255354201,0.31839258114374,1,1,0.898894154818325,1,0.341049382716049,1,0.598705501618123,1,0.675507020280811,0.316211878009631,0.606635071090047,1,1,0.992050874403816,0.32348367029549,0.320987654320988,0.31810766721044,0.316535433070866,0.322950819672131,0.328455284552846,0.984202211690363,0.309968847352025,1,1,0.719435736677116,0,0.312597200622084,0.31924882629108,0.683307332293292,1,0.569206842923795,0.321044546850998,0.65251572327044,0.30952380952381,0.314845024469821,1,0.313504823151125,0.314662273476112,0.698083067092652,0.915141430948419,0.31866464339909,0.599033816425121,0.579032258064516,0.321259842519685,0.322061191626409,0.297971918876755,0.58528951486698,0.681181959564541,1,0.891891891891892,1,0.671361502347418,0.996805111821086,0.589371980676328,0.307570977917981,0.323577235772358,1,1,0.434713375796178,0.993558776167472,0.996860282574568,1,0.317384370015949,0.332283464566929,1,0.309230769230769,0.688575899843505,0.325396825396825,0.459247648902821,0.304,0,0.309006211180124,1,1,0.603149606299213,0,0.329652996845426,0.317034700315457,0.0993690851735016,0.417207792207792,1,1,0.313195548489666,1,0.418897637795276,1,0.321212121212121,0.590979782270607,0.319620253164557,0.309294871794872,1,0,1,0.301587301587302,0.315789473684211,1,1,1,0.445141065830721,1,0.312302839116719,0.6234375,0.327073552425665,0.326332794830372,0,0.0429936305732484,1,0.624605678233438,1,0.324492979719189,0.325769854132901,1,1,0.176838810641628,0.313971742543171,1,0.900621118012422,1,0.320373250388802,0.212218649517685,0.6703125,1,1,1,1,1,0.290571870170015,0.302547770700637,1,0.123980424143556,0,0.441455696202532,0,0.320251177394035,1,0.680129240710824,1,1,0.89358372456964,1,0.680061823802164,1,1,1,1
"64",0.695161290322581,0.685185185185185,0.680952380952381,0.676703645007924,0.6896,0.69701726844584,0.985553772070626,0.677725118483412,0.687888198757764,0.438202247191011,0.688372093023256,0.370486656200942,0.465709728867624,0.685624012638231,0.00480769230769231,0.00631911532385466,0.390282131661442,0.995176848874598,0.671974522292994,0.690363349131122,0.0046801872074883,0.00482315112540193,0.684292379471229,0.5,0.687306501547988,0.00470957613814757,0.00643086816720257,0.662337662337662,0.690880989180835,0.464,0.00623052959501558,0.389937106918239,0.626582278481013,0.00475435816164818,0.328525641025641,0.681518151815181,0.875993640699523,0.674809160305344,0.00612557427258806,0.693146417445483,0.99685534591195,0.993788819875776,0.993874425727412,0.67304625199362,0.6832,0.00162337662337662,0,0.00618238021638331,0.00625978090766823,0.0046656298600311,0.317262830482115,0.666136724960254,0.00617283950617284,0.67398119122257,0.686028257456829,0.172741679873217,0.895734597156398,0.6704,0.67906976744186,0.676145339652449,0.00467289719626168,0.00313479623824451,0.00478468899521531,1,0.683279742765273,0.687306501547988,0.352848101265823,0.674603174603175,0.393343419062027,0.00307219662058372,0.68062015503876,0.0046656298600311,0.00323101777059774,0.719611021069692,0.860896445131376,0.685099846390169,0.0046656298600311,0.00153846153846154,0.68160741885626,0.0048780487804878,0.4144,0.00318471337579618,0.00632911392405063,0.677215189873418,0.00310077519379845,0.672307692307692,0.689490445859873,0.674961119751166,0.688783570300158,0.9953125,0.67981072555205,0.674809160305344,0.319182389937107,0.431432973805855,0.687702265372168,0.371165644171779,0.334375,0.683881064162754,0.888529886914378,0.995145631067961,0.681889763779528,0.388272583201268,0.00630914826498423,0.691935483870968,0.0064,0.680817610062893,0.996825396825397,0.677621283255086,0.00634920634920635,0.00475435816164818,0.0062111801242236,0.691472868217054,0.0015625,0.670926517571885,0.815217391304348,0.685410334346505,0.00319488817891374,0.639876352395672,0.00461538461538462,0.00476947535771065,0.813880126182965,0.685624012638231,0.00460122699386503,0.00318471337579618,0.672386895475819,0.0062402496099844,0.68140243902439,0.689230769230769,0.651090342679128,0.254658385093168,0.675850891410049,0.0062992125984252,0.66347687400319,0.372727272727273,0.669934640522876,0.0062402496099844,1,0.00312989045383412,0.614173228346457,0.125806451612903,0.432907348242812,0.411949685534591,0.681962025316456,0.679425837320574,0.00636942675159236,0.688679245283019,0.00604229607250755,0.694136291600634,0.472222222222222,0.678071539657854,0.00485436893203883,0.697637795275591,0.672955974842767,0.674157303370786,0.678233438485804,0.00480769230769231,0.68503937007874,0.00483870967741936,0.574102964118565,0.667175572519084,0.00462249614791988,0.6796875,0.00627943485086342,0.421303656597774,0.690363349131122,0.00484652665589661,0.679012345679012,0.687402799377916,0.66403785488959,0.00622083981337481,0.671949286846276,0.0016025641025641,0.672897196261682,0.00467289719626168,0.678571428571429,0.00481540930979133,0.41259842519685,0.697784810126582,0.980392156862745,0.698412698412698,0.678740157480315,0.0064,0.697965571205008,0.679245283018868,0.679748822605965,0.671875,0.00634920634920635,0.00313479623824451,0.675324675324675,0.674922600619195,0.00612557427258806,0.0032520325203252,0.675883256528418,0.777429467084639,0.989296636085627,0.317034700315457,0.003125,1,0.683307332293292,0.00623052959501558,0.676236044657097,0.693023255813954,0.690625,0.00627943485086342,0.0046801872074883,0.00479233226837061,0.667692307692308,0.682182985553772,0.68160741885626,0.325842696629214,0.694006309148265,0.00476190476190476,0.655063291139241,0.00480769230769231,0.00467289719626168,0.579029733959311,0.672552166934189,0.679012345679012,0.677519379844961,0.688575899843505,0.684126984126984,0.365231259968102,0.00483870967741936,0.00463678516228748,0.684375,1,0.674922600619195,0.684848484848485,0.683788121990369,0.688372093023256,0.70253164556962,0.684049079754601,0.305295950155763,0.649769585253456,0.688854489164087,0.00476190476190476,0.677884615384615,0.00314465408805031,0.691472868217054,0.690208667736758,0.688394276629571,0.672552166934189,0.689822294022617,0.00313971742543171,0.677672955974843,0.199683042789223,0.00642054574638844,0.00306748466257669,0,0.00313479623824451,0.00634920634920635,0.1168,0.0062402496099844,0.0031055900621118,0.00464396284829721,0.685271317829457,0.00476947535771065,0.672523961661342,0.993855606758833,0.00627943485086342,0.639016897081413,0.00483091787439614,0.672496025437202,0.6768,0.68621236133122,0.603803486529319,0.00623052959501558,0.673913043478261,0.00632911392405063,0.00458715596330275,0.00314465408805031,0.0062111801242236,0.996835443037975,0.6864,0.0062111801242236,0.00158730158730159,0.678972712680578,0.00478468899521531,0.679012345679012,0.00460829493087558,0.00470219435736677,0.684627575277338,0.675850891410049,0.699530516431925,0.86697965571205,0.669826224328594,0.995297805642633,0.420091324200913,0.0031496062992126,0.67906976744186,0.677830940988836,0.430577223088924,0.0062111801242236,0.00491803278688525,0.677524429967427,0.667726550079491,0.0062111801242236,0.352574102964119,0.298387096774194,0.693396226415094,0.683870967741935,0.00453172205438067,0.680314960629921,0.690548780487805,0.00625,0.679127725856698,0.686728395061728,0.00312989045383412,0.686614173228347,0.687598116169545,0.685271317829457,0.684542586750789,0.00474683544303797,0.00458015267175573,0.00158478605388273,0.6953125,0.681388012618297,0.98468606431853,0.0015625,0.666666666666667,0.00309119010819165,0.00476190476190476,0.690140845070423,0.673879443585781,0.692780337941628,0.688291139240506,0.679186228482003,0.00634920634920635,0.695238095238095,0.691573926868045,0.441033925686591,0.00153846153846154,0.181388012618297,0.0047244094488189,0.995184590690209,0.0062015503875969,0.672307692307692,0.00634920634920635,0.00319488817891374,0.598449612403101,0.00465116279069767,0.677316293929712,0.00454545454545455,0.696682464454976,0.690966719492868,0.68944099378882,0.00316957210776545,0.0062111801242236,0.67817896389325,0.597063621533442,0.393416927899687,0.690095846645367,0.0047244094488189,0.0048,0.0063391442155309,0.668269230769231,0.00458015267175573,0.805295950155763,0.00623052959501558,0.00470957613814757,0.00317460317460317,0.00470957613814757,0.680061823802164,0.00637958532695375,0.677685950413223,0.669291338582677,0.324409448818898,0.7,0.004739336492891,0.677165354330709,0.686728395061728,0.67948717948718,0.00475435816164818,0.693023255813954,0.00638977635782748,0.676425269645609,0.505511811023622,0.679365079365079,0.680952380952381,0.685847589424572,0.00627943485086342,0.677367576243981,0.696682464454976,0.00470957613814757,0.0062015503875969,0.675,0.686614173228347,0.00311526479750779,0.534883720930233,0.681818181818182,0.672926447574335,0.674015748031496,0.316279069767442,0.00643086816720257,0.702127659574468,0.00313971742543171,0.593949044585987,0.6896,0.993720565149137,0.10641627543036,0.680129240710824,0.683385579937304,0.996996996996997,0.962204724409449,0.0126782884310618,0.68362480127186,0.00630914826498423,0.6864,0.681444991789819,0.0046875,0.664576802507837,0.676751592356688,0.329652996845426,0.00467289719626168,0.678913738019169,0.677165354330709,0.0048,0.689814814814815,0.695439739413681,0.00477707006369427,0.668721109399075,0.687898089171974,0.684782608695652,0.667726550079491,0.190251572327044,0.00469483568075117,0.027027027027027,0.00460122699386503,0.004739336492891,0.998432601880878,0.00461538461538462,0.00317965023847377,0.00310077519379845,0.590111642743222,0.00484652665589661,0.684292379471229,0.00308166409861325,0.670926517571885,0.00156494522691706,0.404580152671756,0.380368098159509,0.674846625766871,0.68693009118541,0.36817472698908,0.684887459807074,0.993798449612403,0.378164556962025,0.3216,0.679748822605965,0.995305164319249,0.683962264150943,0.691588785046729,0.246445497630332,0.670886075949367,0.321259842519685,0.4176,0.682389937106918,0.67651632970451,0.698907956318253,0.00158982511923688,0.984984984984985,0.995098039215686,0.683307332293292,0.668224299065421,0.660910518053375,0.00627943485086342,0.673534072900158,0.683385579937304,0.00638977635782748,0.697063369397218,0.0466988727858293,0.441971383147854,0.00463678516228748,0.00617283950617284,0.00332778702163062,0.677067082683307,0.396923076923077,0.680786686838124,0.691680261011419,0.687797147385103,0.598449612403101,0.00478468899521531,0.68025078369906,0.00632911392405063,0.671497584541063,0.685575364667747,0.003125,0.680645161290323,0.00612557427258806,0.676190476190476,0.00318979266347687,0.00627943485086342,0.680124223602484,0.998415213946117,0.00612557427258806,0.6801872074883,0.0032,0.422535211267606,0.00460829493087558,0.507109004739337,0.00459418070444104,0.423756019261637,0.00474683544303797,0.6768,0.00625,0.0015600624024961,0.00623052959501558,0.688679245283019,0.669871794871795,0.682170542635659,0.63801652892562,0.683606557377049,0.695238095238095,0.00327332242225859,0.669811320754717,0.00657894736842105,0.00467289719626168,0.677777777777778,0.682108626198083,0.679012345679012,0.609448818897638,0.678461538461538,0.00310077519379845,0.00617283950617284,0.672955974842767,0.673107890499195,0.381933438985737,0.415605095541401,0.686915887850467,0.682464454976303,0.00638977635782748,0.7015625,0.684615384615385,0.00794912559618442,0.700325732899023,0.687203791469194,0.995230524642289,0.875389408099688,0.685805422647528,0.318181818181818,0.687106918238994,0.674884437596302,0.41358024691358,0.00778816199376947,0.68860353130016,0.00156739811912226,0.684542586750789,0.636942675159236,0.690251572327044,0.509316770186335,0.682108626198083,0.00325732899022801,0.682464454976303,0.671428571428571,0.667731629392971,0.3078125,0.00489396411092985,0.670418006430868,0.678955453149002,0.996840442338073,0.673913043478261,0.0047244094488189,0.0385802469135802,0.00473186119873817,0.683464566929134,0.674961119751166,0.690363349131122,0.421947449768161,0.00647249190938511,0.42443729903537,0.668269230769231,0.00155763239875389,0.0031201248049922,0.0234009360374415,0.322274881516588,0.669291338582677,0.624213836477987,0.672985781990521,0.679626749611198,0.00643086816720257,0.00617283950617284,0.505636070853462,0.376175548589342,0.00636942675159236,0.00473186119873817,0.00464396284829721,0.309409888357257,0.00469483568075117,0.673405909797823,0.315789473684211,0.00462962962962963,0.669781931464174,0.692068429237947,0.680445151033386,0.00462249614791988,0.00464396284829721,0.369706840390879,0.672386895475819,0.00471698113207547,0.00623052959501558,0.671899529042386,0.694573643410853,0.0046875,0.99344262295082,0.687898089171974,0.683788121990369,0.998410174880763,0.683641975308642,0.00617283950617284,0.688394276629571,0.00315457413249211,0.870229007633588,0.993827160493827,0.110429447852761,0.669254658385093,0.00612557427258806,0.00627943485086342,0.993788819875776,0.996860282574568,0.675118858954041,0.00470957613814757,0.675282714054927,0.00306748466257669,0.689381933438986,0.00477707006369427,0.00632911392405063,0.0234375,0.229329173166927,0.00317965023847377,0.00479233226837061,0.998410174880763,0.0046583850931677,0.495948136142626,0.667189952904239,0.327102803738318,0.675507020280811,0.00627943485086342,0.690590111642743,0.325077399380805,0.00311526479750779,0.00642054574638844,0.691943127962085,0.39209726443769,0.671339563862928,0.419303797468354,0.0210696920583468,0.667192429022082,0.4046875,0.996860282574568,0.682692307692308,0.677067082683307,0.680817610062893,0.00325732899022801,0.371913580246914,0.690402476780186,0.0957613814756672,0.430599369085173,0.0229357798165138,0.00630914826498423,0.0031104199066874,0.683229813664596,0.656401944894652,0.693522906793049,0.679748822605965,0.684698608964451,0.39509954058193,0.690076335877863,0.993730407523511,0.316816816816817,0.00311526479750779,0.673469387755102,0.688394276629571,0.687397708674304,0.679626749611198,0.399375975039002,0.00609756097560976,0.663565891472868,0.659744408945687,0.672025723472669,0.675590551181102,0.680314960629921,0.680379746835443,0.819875776397516,0.325434439178515,0.678740157480315,0.404024767801858,0.00313479623824451,0.78391167192429,0.680685358255452,0.0624,0.00494233937397035,0.00313479623824451,0.689490445859873,0.373228346456693,0.00463678516228748,0.678071539657854,0.6984375,0.035426731078905,0.00465116279069767,0.0047244094488189,0.0032520325203252,0.680685358255452,0.00474683544303797,0.00467289719626168,0.1168,0.00634920634920635,0.637795275590551,0.00614439324116743,0.422077922077922,0.0031055900621118,0.325508607198748,0.691455696202532,0.408,0.00478468899521531,0.00628930817610063,0.00794912559618442,0.67601246105919,0.6734375,0.678571428571429,0.684713375796178,0.679425837320574,0.67741935483871,0.00646203554119548,0.68167701863354,0.00479233226837061,0.00505050505050505,0.297971918876755,0.996825396825397,0.67629179331307,0.682737169517885,0.322932917316693,0.00612557427258806,0.437694704049844,0.675883256528418,0.364928909952607,0.68088467614534,0.676703645007924,0.00637958532695375,0.685624012638231,0.682565789473684,0.31911532385466,0.101941747572816,0.672106824925816,0.409090909090909,0.437096774193548,0.676056338028169,0.679365079365079,0.694620253164557,0.416403785488959,0.317610062893082,0.00465116279069767,0.0909090909090909,0.00622083981337481,0.330769230769231,0.00317460317460317,0.42215088282504,0.679748822605965,0.678513731825525,0.00309119010819165,0.00618238021638331,0.584251968503937,0,0,0.0031055900621118,0.684294871794872,0.670886075949367,0.00317460317460317,0.683890577507599,0.320251177394035,0.6688,0.565768621236133,0.697305863708399,0.99537037037037,0.690513219284603,0.00315457413249211,0.00642054574638844,0.409733124018838,0.995384615384615,0.668238993710692,0.680445151033386,0.892575039494471,0.59349593495935,0.00635930047694754,0.00487012987012987,0.688575899843505,0.00315457413249211,0.598425196850394,0.00486223662884927,0.675925925925926,0.42457231726283,0.681181959564541,0.675762439807384,0.0046656298600311,0.996742671009772,0.0048,0.690705128205128,0.682539682539683,0.00311526479750779,0.00625,0.00457317073170732,0.565977742448331,0.00483091787439614,0.679936305732484,0.393026941362916,0.670846394984326,0.669303797468354,0.99537037037037,0.973101265822785,0.00491803278688525,0.3936,0.00471698113207547,0.677777777777778,0.671544715447154,0.0046801872074883,0.00635930047694754,0.85179407176287,0.685714285714286,0.00611620795107034,0.104134762633997,0.00316957210776545,0.671274961597542,0.817307692307692,0.325,0.00470957613814757,0.00465116279069767,0.00638977635782748,0.00482315112540193,0.00613496932515337,0.706436420722135,0.696629213483146,0.00470957613814757,0.894568690095847,0.996815286624204,0.573228346456693,0.995121951219512,0.671899529042386,0.00634920634920635,0.320512820512821,0.00471698113207547,0.00627943485086342,0.111791730474732,0.0016,0.314814814814815,0.00313479623824451,0.00482315112540193,0.00482315112540193,0.00470957613814757
"65",1,1,1,1,1,1,0.711475409836066,1,1,0.100494233937397,1,0.0506329113924051,0.799003322259136,1,0.308823529411765,0.309677419354839,0.0666666666666667,0.692939244663383,1,1,0.281350482315113,0.305825242718447,1,0.154838709677419,1,0.321027287319422,0.31023102310231,1,1,0.77124183006536,0.303858520900322,0.721518987341772,0.958466453674121,0.310177705977383,0,1,0.552117263843648,1,0.294573643410853,1,0.66131621187801,0.687096774193548,0.690966719492868,1,1,0.313725490196078,0.308823529411765,0.307210031347962,0.318471337579618,0.318979266347687,0,1,0.306451612903226,1,1,0.483498349834984,0.578073089700997,1,1,1,0.327974276527331,0.315359477124183,0.310743801652893,0.683279742765273,1,1,0.0403225806451613,1,0.059375,0.313572542901716,1,0.313408723747981,0.325,0.966777408637874,0.526898734177215,1,0.305732484076433,0.330658105939005,1,0.310855263157895,0.0928689883913764,0.319148936170213,0.323101777059774,1,0.334943639291465,1,1,1,1,0.681020733652313,1,1,0,0.108626198083067,1,0.0520504731861199,0,1,0.573070607553366,0.670491803278689,1,0.0566343042071197,0.302250803858521,1,0.303571428571429,1,0.6848,1,0.311582381729201,0.315533980582524,0.308917197452229,1,0.322006472491909,1,0.490506329113924,1,0.31973898858075,0.306709265175719,0.316957210776545,0.316558441558442,0.490291262135922,0.998376623376623,0.313291139240506,0.308823529411765,1,0.304140127388535,1,1,0.334410339256866,0.551020408163265,1,0.312903225806452,1,0.046875,1,0.310015898251192,0.679425837320574,0.319935691318328,0.927884615384615,0.431666666666667,0.108589951377634,0.101777059773829,1,1,0.329011345218801,1,0.309262166405024,1,0.804416403785489,1,0.323333333333333,1,1,1,1,0.32794830371567,1,0.319078947368421,0.259493670886076,1,0.312796208530806,1,0.298555377207063,0.0935483870967742,1,0.301482701812191,1,1,1,0.326433121019108,1,0.320785597381342,1,0.302588996763754,1,0.311688311688312,0.0824088748019017,1,0.650082918739635,1,1,0.303079416531605,1,1,1,1,0.318770226537217,0.313195548489666,1,0.998373983739837,0.3125,0.305555555555556,1,0.44408945686901,0.679012345679012,0,0.312599681020734,0.67524115755627,1,0.319047619047619,1,0.998420221169036,1,0.31139646869984,0.316118935837246,0.32463295269168,1,1,1,0,1,0.3042071197411,0.969055374592834,0.314332247557003,0.308917197452229,0.746774193548387,1,1,1,1,1,0.0499194847020934,0.311688311688312,0.3152,1,0.683962264150943,1,1,0.998384491114701,0.998381877022654,1,1,0.0032626427406199,0.324881141045959,1,0.305466237942122,1,0.304975922953451,1,1,1,1,1,0.319286871961102,1,0.504,0.32569558101473,0.322222222222222,0.308943089430894,0.31219512195122,0.332247557003257,0.414023372287145,0.324281150159744,0.312903225806452,0.309033280507132,1,0.31810766721044,1,0.685714285714286,0.316211878009631,0.317965023847377,0.324717285945073,1,1,1,0.26461038961039,0.301587301587302,1,0.314424635332253,0.319047619047619,0.305691056910569,0.312796208530806,0.685761047463175,1,0.313971742543171,0.312297734627832,1,0.300492610837438,1,0.307936507936508,0.310679611650485,1,1,1,0.5504,1,0.69620253164557,0.0858034321372855,0.315024232633279,1,1,0.1,0.319286871961102,0.315270935960591,1,1,0.295345104333868,0.0272435897435897,0.00328407224958949,1,1,0.331775700934579,0.998387096774194,1,0.313291139240506,1,1,0.3104,1,1,1,1,0.320126782884311,0.303937007874016,0.324013157894737,1,1,0.677830940988836,0.304487179487179,1,0.315789473684211,0.293637846655791,1,1,0.998417721518987,1,1,0.323051948051948,1,1,0.111292962356792,0.32695374800638,0.483660130718954,0.308970099667774,0.672025723472669,0.315873015873016,1,0.300986842105263,0.336569579288026,0.264240506329114,0.308056872037915,1,0.311912225705329,1,1,1,0.300986842105263,0.321711568938193,0.998392282958199,0.920661157024793,0.0694214876033058,1,0.317111459968603,0.315359477124183,0.300653594771242,1,0.32753164556962,0.471819645732689,0.32484076433121,0.308064516129032,0.308970099667774,0.302134646962233,1,0.311688311688312,1,1,0,1,0.314845024469821,1,1,1,0.318770226537217,1,0.304635761589404,1,0.831460674157303,1,1,1,0.314285714285714,1,1,0.309061488673139,0.312599681020734,1,1,0.315619967793881,0.199372056514914,1,0.998405103668262,1,0,0.309210526315789,1,0.301765650080257,0.251215559157212,1,0.682333873581848,0.420886075949367,1,1,0.684867394695788,0.706539074960128,0.341346153846154,1,0.313291139240506,1,1,0.326229508196721,1,0.998389694041868,0.00801282051282051,0.313195548489666,1,1,0.310965630114566,1,1,0.307317073170732,0.334405144694534,1,1,1,0.5229793977813,0.308319738988581,0.33387358184765,0.317484662576687,0.323248407643312,0.691813804173355,0.324324324324324,0.325949367088608,0.31378763866878,0.249592169657423,0.319078947368421,1,0.321259842519685,0.998357963875205,0.312989045383412,0.0903426791277259,0.055379746835443,1,1,0.0443037974683544,1,0.695374800637959,0.0461783439490446,0.0128410914927769,1,0.677993527508091,1,1,0.543230016313214,1,0,0.0742574257425743,1,1,1,0.315181518151815,0.650695517774343,0.692436974789916,0.993730407523511,1,0.982428115015974,0.296,0.345659163987138,1,0.297520661157025,1,0.360128617363344,0.109634551495017,0.300955414012739,0.317535545023697,0.338461538461538,1,0.0878594249201278,1,1,1,0.261980830670927,0.318481848184819,1,0.319286871961102,1,1,0.3072,1,0.313572542901716,1,0.298217179902755,0.314935064935065,1,0.683087027914614,0.311708860759494,1,0.301980198019802,0.755233494363929,0.310618066561014,0.16,0.316279069767442,0.760450160771704,0.310457516339869,1,0.318910256410256,0.330143540669856,0.291666666666667,1,1,1,0.964646464646465,0.344594594594595,1,0.329470198675497,1,0.319256756756757,0.311912225705329,1,1,1,0.909238249594814,1,0.306122448979592,0.319286871961102,1,1,0.0542763157894737,0.0863192182410423,1,1,0.31023102310231,1,1,0.306320907617504,1,1,0.691680261011419,0.544600938967136,1,0,1,1,0.104166666666667,0.32300163132137,1,0.316129032258064,0.99837925445705,0.962479608482871,0.998381877022654,0.813291139240506,1,0.325041459369818,1,1,1,0,0.311973018549747,1,1,0.676703645007924,1,0.317741935483871,0.348242811501597,0.316129032258064,1,1,1,0.0970266040688576,0.317073170731707,0.0961857379767828,0.998387096774194,0.303514376996805,0.314465408805031,0.335443037974684,0,1,0.952,1,1,0.316393442622951,0.296998420221169,0.166394779771615,0.0456769983686786,0.311897106109325,0.314424635332253,0.31924882629108,0,0.3168,1,0,0.311320754716981,1,1,1,0.318681318681319,0.319182389937107,0.0373514431239389,1,0.310679611650485,0.303514376996805,1,1,0.319422150882825,0.696517412935323,1,1,0.692182410423453,1,0.301412872841444,1,0.316720257234727,0.534920634920635,0.670886075949367,0.410174880763116,1,0.289763779527559,0.307443365695793,0.687600644122383,0.669826224328594,1,0.31496062992126,1,0.318681318681319,1,0.307941653160454,0.309446254071661,0.346774193548387,0.512779552715655,0.31219512195122,0.304418985270049,0.667752442996743,0.325396825396825,0.155778894472362,1,0,1,0.299837925445705,1,0,0.312703583061889,0.309951060358891,1,0.0632911392405063,1,0.0909090909090909,0.329032258064516,1,0.0667726550079491,0.6677471636953,1,1,1,0.311864406779661,0.0488188976377953,1,0.426948051948052,0.0977198697068404,0.344773790951638,0.319488817891374,0.326332794830372,1,1,1,1,1,0.0686427457098284,0.995253164556962,0.703049759229534,0.0031055900621118,0.318627450980392,1,1,1,1,0.0919354838709677,0.311424100156495,1,1,1,1,1,1,0.498417721518987,0,1,0.0916398713826367,0.312399355877617,0.447325769854133,1,0.387312186978297,0.303986710963455,0.309294871794872,1,0.0438311688311688,0.3152,1,1,0.364842454394693,0.307324840764331,0.303571428571429,0.316912972085386,0.998412698412698,0.320325203252033,0.312903225806452,0.42339373970346,0.315024232633279,0.968503937007874,0.305164319248826,0.0867430441898527,0.323151125401929,0,1,0.086038961038961,0.303079416531605,0.31869918699187,0.305057096247961,1,1,1,1,1,1,0.327272727272727,1,0.312399355877617,0.315878378378378,0.60702875399361,0.681063122923588,1,1,0,0.308661417322835,0.123397435897436,0.998420221169036,0.0377049180327869,1,1,0.311688311688312,1,1,0.630541871921182,0.417910447761194,0.995341614906832,0.0853858784893268,0.106382978723404,1,1,1,0.0953150242326333,0,0.3125,0.412724306688418,0.307332293291732,0,0.319672131147541,0.0923824959481361,1,1,0.32018927444795,0.312,0.246753246753247,0.328382838283828,0.309904153354633,0.322683706070288,1,1,0.320967741935484,1,0,1,0.221864951768489,1,0.680194805194805,1,0.308064516129032,0.303425774877651,0.0816,0.679245283018868,1,1,0.790322580645161,0.906666666666667,0.30718954248366,0.313531353135314,1,0.313821138211382,0.252854812398042,0.311666666666667,1,0.107371794871795,1,1,0.314696485623003,0.681372549019608,0.311688311688312,1,1,0.29874213836478,0.301948051948052,0.318252730109204,0.85924713584288,0.306055646481178,1,0.0593900481540931,1,1,0.697749196141479,0.663987138263666,0.318333333333333,0.0581583198707593,0.312903225806452,1,1,0.305921052631579,0.325320512820513,0.635930047694754,1,0.303459119496855,0.373590982286634,0.301435406698565,0.984177215189873,0.48130081300813,0.00323101777059774,0.299840510366826,0.312401883830455,0.325041459369818,0.312913907284768,0.320634920634921,0.968,1,0.314696485623003,0.553719008264463,0.686084142394822,0.249190938511327,0.69814502529511,1,0.317307692307692,0.00165016501650165,0.3152,0.304347826086957,0.363784665579119,0.317512274959083,0,0.334928229665072,0.321070234113712,0.316912972085386,0.314935064935065
"66",1,1,1,1,1,1,0.699842022116904,1,1,0.107890499194847,1,0.0532915360501567,0.805337519623234,1,0.316614420062696,0.307692307692308,0.0679012345679012,0.684975767366721,1,1,0.286392405063291,0.3104,1,0.163833075734158,1,0.32093023255814,0.316535433070866,1,1,0.775834658187599,0.307926829268293,0.716923076923077,0.9671875,0.313664596273292,0,1,0.550702028081123,1,0.307228915662651,1,0.667185069984448,0.683153013910355,0.69359756097561,1,1,0.322834645669291,0.3171875,0.307219662058372,0.320493066255778,0.332307692307692,0,1,0.308868501529052,1,1,0.485759493670886,0.565286624203822,1,1,1,0.331804281345566,0.318818040435459,0.316455696202532,0.687306501547988,1,1,0.0418604651162791,1,0.0621212121212121,0.311926605504587,1,0.318529862174579,0.32348367029549,0.963375796178344,0.516228748068006,1,0.307339449541284,0.336874051593323,1,0.313001605136437,0.0961538461538462,0.325508607198748,0.325545171339564,1,0.335394126738794,1,1,1,1,0.691833590138675,1,1,0,0.118195956454121,1,0.0531914893617021,0,1,0.571197411003236,0.676470588235294,1,0.0630914826498423,0.305555555555556,1,0.317262830482115,1,0.684458398744113,1,0.313385826771654,0.320987654320988,0.318952234206472,1,0.324574961360124,1,0.493087557603687,1,0.316436251920123,0.30781010719755,0.315548780487805,0.313479623824451,0.49685534591195,0.998442367601246,0.31859756097561,0.310618066561014,1,0.303875968992248,1,1,0.33125,0.557575757575758,1,0.31201248049922,1,0.0479041916167665,1,0.311349693251534,0.681470137825421,0.332302936630603,0.924148606811146,0.4416,0.110764430577223,0.107644305772231,1,1,0.327639751552795,1,0.31570996978852,1,0.794117647058823,1,0.32182103610675,1,1,1,1,0.328638497652582,1,0.320754716981132,0.272588055130168,1,0.311248073959938,1,0.298761609907121,0.0924499229583975,1,0.308917197452229,1,1,1,0.336906584992343,1,0.323809523809524,1,0.306501547987616,1,0.30625,0.0829420970266041,1,0.640065146579805,1,1,0.311320754716981,1,1,1,1,0.321928460342146,0.305810397553517,1,0.998454404945904,0.313725490196078,0.305246422893482,1,0.450617283950617,0.672205438066465,0,0.324655436447167,0.672333848531685,1,0.326747720364742,1,0.998480243161094,1,0.31875,0.319758672699849,0.323899371069182,1,1,1,0,1,0.305511811023622,0.971742543171115,0.320695102685624,0.309262166405024,0.763239875389408,1,1,1,1,1,0.0498442367601246,0.320433436532508,0.328197226502311,1,0.686244204018547,1,1,1,0.998456790123457,1,1,0.00305810397553517,0.32824427480916,1,0.305900621118012,1,0.307219662058372,1,1,1,1,1,0.329192546583851,1,0.499212598425197,0.322981366459627,0.320552147239264,0.314696485623003,0.32398753894081,0.328660436137072,0.431034482758621,0.328125,0.309230769230769,0.311827956989247,1,0.319875776397516,1,0.689708141321045,0.314641744548287,0.322678843226788,0.333860759493671,1,1,1,0.275541795665635,0.314241486068111,1,0.309748427672956,0.323262839879154,0.309968847352025,0.321483771251932,0.684458398744113,1,0.315548780487805,0.318471337579618,1,0.306320907617504,1,0.309707241910632,0.306729264475743,1,1,1,0.5484375,1,0.686614173228347,0.0882800608828006,0.320373250388802,1,1,0.103975535168196,0.313846153846154,0.333333333333333,1,1,0.304012345679012,0.024390243902439,0.00316957210776545,1,1,0.340490797546012,0.998442367601246,1,0.316846986089645,1,1,0.31619937694704,1,1,1,1,0.31733746130031,0.306870229007634,0.330128205128205,1,1,0.675384615384615,0.311526479750779,1,0.314674735249622,0.302215189873418,1,1,0.998454404945904,1,1,0.324031007751938,1,1,0.119047619047619,0.334365325077399,0.507086614173228,0.311708860759494,0.665086887835703,0.321044546850998,1,0.311320754716981,0.32967032967033,0.265151515151515,0.324074074074074,1,0.331818181818182,1,1,1,0.303317535545024,0.317484662576687,0.998470948012232,0.917741935483871,0.069620253164557,1,0.316358024691358,0.327073552425665,0.307936507936508,1,0.329770992366412,0.48062015503876,0.322033898305085,0.308176100628931,0.314102564102564,0.30564263322884,1,0.324960753532182,1,1,0,1,0.323899371069182,1,1,1,0.330203442879499,1,0.315286624203822,1,0.826219512195122,1,1,1,0.308527131782946,1,1,0.303875968992248,0.314900153609831,1,1,0.317829457364341,0.207317073170732,1,0.998475609756098,1,0,0.317535545023697,1,0.312404287901991,0.259026687598116,1,0.673405909797823,0.429892141756549,1,1,0.679160419790105,0.699530516431925,0.338509316770186,1,0.320754716981132,1,1,0.334389857369255,1,0.9984375,0.00775193798449612,0.321316614420063,1,1,0.322834645669291,1,1,0.309636650868878,0.341576506955178,1,1,1,0.517133956386293,0.3046875,0.346394984326019,0.318181818181818,0.326625386996904,0.698608964451314,0.324074074074074,0.319444444444444,0.322137404580153,0.256692913385827,0.314873417721519,1,0.315233785822021,0.998442367601246,0.308755760368664,0.0917293233082707,0.0579268292682927,1,1,0.0451010886469673,1,0.685015290519878,0.0495356037151703,0.00949367088607595,1,0.6796875,1,1,0.551181102362205,1,0,0.082018927444795,1,1,1,0.322834645669291,0.64767616191904,0.690322580645161,0.992307692307692,1,0.983257229832572,0.303599374021909,0.348837209302326,1,0.300469483568075,1,0.363779527559055,0.111801242236025,0.31104199066874,0.319213313161876,0.334448160535117,1,0.0856269113149847,1,1,1,0.273716951788491,0.319182389937107,1,0.32967032967033,1,1,0.304953560371517,1,0.323308270676692,1,0.311912225705329,0.317829457364341,1,0.6796875,0.311649016641452,1,0.315707620528771,0.757296466973886,0.315467075038285,0.169230769230769,0.312781954887218,0.7609375,0.310618066561014,1,0.314728682170543,0.33179012345679,0.297839506172839,1,1,1,0.964401294498382,0.347266881028939,1,0.328025477707006,1,0.319870759289176,0.317771084337349,1,1,1,0.910355486862442,1,0.311926605504587,0.317557251908397,1,1,0.054140127388535,0.0854037267080745,1,1,0.309262166405024,1,1,0.314728682170543,1,1,0.67817896389325,0.540458015267176,1,0,1,1,0.112307692307692,0.316846986089645,1,0.322480620155039,0.998447204968944,0.963492063492064,0.998420221169036,0.813169984686064,1,0.330658105939005,1,1,1,0,0.311897106109325,1,1,0.67398119122257,1,0.31937984496124,0.350308641975309,0.321372854914197,1,1,1,0.0962406015037594,0.318681318681319,0.101123595505618,0.998439937597504,0.30640243902439,0.312121212121212,0.348623853211009,0,1,0.953488372093023,1,1,0.324921135646688,0.305847076461769,0.17425431711146,0.043613707165109,0.318885448916409,0.309707241910632,0.32572298325723,0,0.314814814814815,1,0,0.323619631901841,1,1,1,0.315068493150685,0.321212121212121,0.0390879478827362,1,0.313971742543171,0.304147465437788,1,1,0.316770186335404,0.689935064935065,1,1,0.69170579029734,1,0.307098765432099,1,0.31832298136646,0.544095665171898,0.670713201820941,0.417298937784522,1,0.302571860816944,0.309119010819165,0.686028257456829,0.670245398773006,1,0.324655436447167,1,0.316890881913303,1,0.312893081761006,0.310725552050473,0.345201238390093,0.529503105590062,0.31378763866878,0.309968847352025,0.665109034267913,0.311627906976744,0.159677419354839,1,0,1,0.292913385826772,1,0,0.319182389937107,0.316614420062696,1,0.0647590361445783,1,0.0948678071539658,0.330670926517572,1,0.0704225352112676,0.67601246105919,1,1,1,0.308186195826645,0.0453857791225416,1,0.422360248447205,0.1024,0.35187969924812,0.332317073170732,0.322137404580153,1,1,1,1,1,0.0706766917293233,0.998484848484849,0.688751926040062,0.0029940119760479,0.324074074074074,1,1,1,1,0.0923076923076923,0.316998468606432,1,1,1,1,1,1,0.497681607418856,0,1,0.0898021308980213,0.325581395348837,0.441679626749611,1,0.393364928909953,0.313408723747981,0.31055900621118,1,0.0465116279069767,0.318885448916409,1,1,0.363057324840764,0.311450381679389,0.308411214953271,0.310015898251192,0.998461538461539,0.323029366306028,0.31937984496124,0.421553090332805,0.322274881516588,0.970633693972179,0.316590563165906,0.0888529886914378,0.31839258114374,0,1,0.0981308411214953,0.308056872037915,0.314285714285714,0.316535433070866,1,1,1,1,1,1,0.329073482428115,1,0.317891373801917,0.315960912052117,0.611455108359133,0.679873217115689,1,1,0,0.309923664122137,0.132605304212168,0.998470948012232,0.0423861852433281,1,1,0.322378716744914,1,1,0.632492113564669,0.426494345718901,0.998516320474777,0.0851735015772871,0.109004739336493,1,1,1,0.0953125,0,0.3125,0.415360501567398,0.312788906009245,0,0.327044025157233,0.0921875,1,1,0.320121951219512,0.326186830015314,0.260596546310832,0.337007874015748,0.305597579425113,0.31832298136646,1,1,0.324409448818898,1,0,1,0.2398753894081,1,0.676380368098159,1,0.310185185185185,0.306962025316456,0.0838414634146342,0.683969465648855,1,1,0.79304897314376,0.892575039494471,0.316692667706708,0.312698412698413,1,0.313755795981453,0.264797507788162,0.3184,1,0.109230769230769,1,1,0.310185185185185,0.686804451510334,0.312202852614897,1,1,0.311145510835913,0.305295950155763,0.315548780487805,0.866141732283465,0.309148264984227,1,0.0611620795107034,1,1,0.699236641221374,0.650621118012422,0.31637519872814,0.0622083981337481,0.315625,1,1,0.305772230889236,0.333333333333333,0.624615384615385,1,0.310030395136778,0.376146788990826,0.309230769230769,0.986111111111111,0.480376766091052,0.00305343511450382,0.301369863013699,0.318250377073906,0.316535433070866,0.315372424722662,0.317293233082707,0.972434915773354,1,0.317073170731707,0.5488,0.681818181818182,0.247706422018349,0.689210950080515,1,0.32572298325723,0.00315955766192733,0.326086956521739,0.308282208588957,0.368258859784284,0.31839258114374,0,0.331797235023041,0.313291139240506,0.321259842519685,0.304482225656878
"67",0.0429936305732484,0.0364500792393027,0.0328125,0.0352564102564103,0.0352,0.0377952755905512,0.327014218009479,0.0379746835443038,0.0420560747663551,0.949180327868852,0.0327613104524181,0.998454404945904,0.144230769230769,0.0398089171974522,0.666131621187801,0.660406885758998,0.984276729559748,0.343137254901961,0.036741214057508,0.0363349131121643,0.681962025316456,0.663974151857835,0.0388198757763975,0.893915756630265,0.0398773006134969,0.643410852713178,0.651050080775444,0.0390243902439024,0.0432766615146832,0.17258064516129,0.66877971473851,0.234276729559748,0.0315955766192733,0.666666666666667,0.968253968253968,0.0398671096345515,0.489763779527559,0.0388802488335925,0.679012345679012,0.0376766091051805,0.360501567398119,0.349378881987578,0.341049382716049,0.0365659777424483,0.0373983739837398,0.656645569620253,0.669291338582677,0.666666666666667,0.656346749226006,0.645412130637636,0.965732087227414,0.0398724082934609,0.653846153846154,0.042654028436019,0.0393700787401575,0.470774091627172,0.467948717948718,0.0368589743589744,0.0354391371340524,0.0365659777424483,0.651632970451011,0.66031746031746,0.6592,0.352848101265823,0.0403225806451613,0.0418604651162791,1,0.0394321766561514,0.989214175654854,0.657975460122699,0.0312989045383412,0.658878504672897,0.64274322169059,0.0731707317073171,0.5203125,0.0424242424242424,0.657364341085271,0.63452566096423,0.036979969183359,0.657894736842105,0.957723577235772,0.646687697160883,0.655502392344498,0.0363349131121643,0.636075949367089,0.0396946564885496,0.0378548895899054,0.0454545454545455,0.0302066772655008,0.333333333333333,0.0348101265822785,0.0306278713629403,0.967542503863988,0.949685534591195,0.0332278481012658,1,0.966824644549763,0.0375586854460094,0.471358428805237,0.34789644012945,0.0390015600624025,0.9904,0.662460567823344,0.0359477124183007,0.663492063492063,0.0345911949685535,0.338658146964856,0.0393700787401575,0.648,0.657232704402516,0.648902821316614,0.0452418096723869,0.6513470681458,0.0360501567398119,0.54160125588697,0.0393343419062027,0.66403785488959,0.744945567651633,0.651840490797546,0.663507109004739,0.544025157232704,0.0396196513470681,0.656692913385827,0.649918962722853,0.0328638497652582,0.6640625,0.0385185185185185,0.0431432973805855,0.707278481012658,0.516923076923077,0.0356564019448947,0.659711075441412,0.0401929260450161,0.998470948012232,0.0340356564019449,0.661442006269592,0.352484472049689,0.653188180404355,0.0125984251968504,0.619967793880837,0.955484896661367,0.954041204437401,0.0425867507886435,0.037156704361874,0.637658227848101,0.0316957210776545,0.655913978494624,0.0380348652931854,0.152647975077882,0.0419906687402799,0.659643435980551,0.0402476780185759,0.0414673046251994,0.0368,0.0362204724409449,0.644549763033175,0.0425867507886435,0.65112540192926,0.7953125,0.043956043956044,0.662037037037037,0.0340557275541796,0.669826224328594,0.966666666666667,0.0333863275039746,0.658615136876006,0.0396196513470681,0.0348101265822785,0.0429252782193959,0.645061728395062,0.0337620578778135,0.641509433962264,0.0412044374009509,0.66984126984127,0.0374592833876222,0.649206349206349,0.971653543307087,0.0406885758998435,0.394039735099338,0.0382165605095541,0.03486529318542,0.660743134087238,0.031201248049922,0.0349206349206349,0.0325077399380805,0.0358814352574103,0.658227848101266,0.662480376766091,0.0407166123778502,0.0345911949685535,0.646511627906977,0.671451355661882,0.0342679127725857,0.582802547770701,0.355521936459909,0.955696202531646,0.654458598726115,0.36248012718601,0.0356037151702786,0.654205607476635,0.0369181380417336,0.0368663594470046,0.0376175548589342,0.663009404388715,0.656923076923077,0.642394822006472,0.0396341463414634,0.033003300330033,0.0326594090202177,0.967479674796748,0.0336538461538462,0.662921348314607,0.0140625,0.657004830917874,0.663522012578616,0.282334384858044,0.0349206349206349,0.0453834115805947,0.0345368916797488,0.03486529318542,0.0349206349206349,0.998432601880878,0.652733118971061,0.651898734177215,0.0403100775193798,0.338557993730408,0.0406885758998435,0.0429447852760736,0.0347551342812006,0.0362776025236593,0.0393700787401575,0.0385208012326656,0.960691823899371,0.729393468118196,0.0376766091051805,0.660743134087238,0.035031847133758,0.68025078369906,0.0322085889570552,0.0349761526232114,0.0345368916797488,0.0401284109149278,0.0422077922077922,0.6513470681458,0.0390015600624025,0.447284345047923,0.649122807017544,0.645608628659476,0.662884927066451,0.656101426307448,0.643086816720257,0.645056726094003,0.639370078740157,0.654028436018957,0.653061224489796,0.0385208012326656,0.652733118971061,0.0313531353135314,0.341984732824427,0.649921507064364,0.737248840803709,0.638095238095238,0.0369774919614148,0.0317965023847377,0.0353846153846154,0.793700787401575,0.66877971473851,0.0343213728549142,0.648780487804878,0.644716692189893,0.653968253968254,0.648985959438378,0.345368916797488,0.0381558028616852,0.646417445482866,0.651898734177215,0.0440251572327044,0.673170731707317,0.0404984423676012,0.661016949152542,0.658346333853354,0.0364500792393027,0.0391517128874388,0.0361635220125786,0.493730407523511,0.0414012738853503,0.342723004694836,0.964560862865948,0.65987460815047,0.0327102803738318,0.035031847133758,0.957943925233645,0.6484375,0.647909967845659,0.0272,0.0350877192982456,0.667185069984448,0.988941548183254,0.963081861958267,0.0396825396825397,0.0407166123778502,0.642089093701997,0.0364500792393027,0.0400616332819723,0.661927330173776,0.0347551342812006,0.0419254658385093,0.663026521060842,0.0416666666666667,0.0384,0.0416666666666667,0.0363349131121643,0.654028436018957,0.668188736681887,0.6557911908646,0.0384,0.0455259026687598,0.354489164086687,0.660347551342812,0.0432,0.663565891472868,0.672985781990521,0.0372093023255814,0.0310077519379845,0.0373250388802488,0.0415335463258786,0.0386996904024768,0.642072213500785,0.0421393841166937,0.0415335463258786,0.943181818181818,0.647239263803681,0.564102564102564,0.668810289389068,0.352755905511811,0.643856920684292,0.0290076335877863,0.674085850556439,0.6448,0.784711388455538,0.6578125,0.0304,0.644305772230889,0.0427892234548336,0.0350877192982456,0.0375,0.65625,0.658307210031348,0.0327613104524181,0.0279146141215107,0.990338164251208,0.0418679549114332,0.655172413793103,0.652665589660743,0.661835748792271,0.0335463258785942,0.648148148148148,0.559561128526646,0.648264984227129,0.660287081339713,0.659090909090909,0.665086887835703,0.0323574730354391,0.642512077294686,0.0392798690671031,0.0314465408805031,0.963492063492064,0.0428571428571429,0.657232704402516,0.0391236306729265,0.0373831775700935,0.0353697749196141,0.64873417721519,0.0342146189735614,0.668820678513732,0.0383435582822086,0.12037037037037,0.0408163265306122,0.04,0.0362776025236593,0.658767772511848,0.0318471337579618,0.037037037037037,0.669826224328594,0.668269230769231,0.0334394904458599,0.0393081761006289,0.656200941915228,0.854489164086687,0.0418006430868167,0.0313479623824451,0.0388802488335925,0.963375796178344,0.663987138263666,0.0352564102564103,0.662440570522979,0.7981220657277,0.0368,0.349056603773585,0.53582554517134,0.0384615384615385,0.0362776025236593,0.347094801223242,0.324881141045959,0.625199362041467,0.0332278481012658,0.655172413793103,0.0356564019448947,0.0355987055016181,0.651273885350318,0.0375,0.0353697749196141,0.971518987341772,0.648902821316614,0.041335453100159,0.0382775119617225,0.650238473767886,0.0361067503924647,0.040453074433657,0.666134185303514,0.702954898911353,0.0401929260450161,0.0360501567398119,0.0316455696202532,0.441860465116279,0.663536776212833,0.6656,0.646969696969697,0.647798742138365,0.3354943273906,0.647058823529412,0.644200626959248,0.66304347826087,0.802197802197802,0.648089171974522,0.037037037037037,0.656967840735069,0.0420711974110032,0.659442724458204,0.963358778625954,0.996894409937888,0.0403100775193798,0.0405616224648986,0.998402555910543,0.028892455858748,0.339035769828927,0.998449612403101,0.966507177033493,0.0388198757763975,0.342229199372057,0.0345368916797488,0.0410094637223975,0.519230769230769,0.0364500792393027,0.965678627145086,0.968,0.0363924050632911,0.0373250388802488,0.037914691943128,0.648562300319489,0.379727685325265,0.331168831168831,0.0518053375196232,0.0332805071315372,0.0232198142414861,0.668238993710692,0.699685534591195,0.0409448818897638,0.672552166934189,0.0375,0.608,0.943089430894309,0.667701863354037,0.649847094801223,0.6286701208981,0.0373250388802488,0.969040247678019,0.0428134556574924,0.0339805825242718,0.0381558028616852,0.787037037037037,0.639871382636656,0.0432692307692308,0.6608,0.0398089171974522,0.0388978930307942,0.668721109399075,0.0353697749196141,0.651908396946565,0.0398089171974522,0.662957074721781,0.647798742138365,0.0375586854460094,0.343354430379747,0.661042944785276,0.0360501567398119,0.665071770334928,0.202511773940345,0.655913978494624,0.890965732087227,0.652905198776758,0.193396226415094,0.672552166934189,0.0455284552845528,0.649206349206349,0.635514018691589,0.676609105180534,0.043338683788122,0.0337620578778135,0.0384615384615385,0.00978792822185971,0.69449081803005,0.0361635220125786,0.649434571890145,0.0380952380952381,0.659504132231405,0.654907975460123,0.0393081761006289,0.037156704361874,0.0337941628264209,0.0363924050632911,0.0341085271317829,0.663076923076923,0.652905198776758,0.0310077519379845,0.0335463258785942,0.993517017828201,0.9616,0.0408805031446541,0.0420711974110032,0.658105939004815,0.0423861852433281,0.0398773006134969,0.670846394984326,0.0429752066115702,0.0393700787401575,0.347003154574132,0.489891135303266,0.033175355450237,0.965204236006051,0.0398724082934609,0.042654028436019,0.956723338485317,0.654088050314465,0.036624203821656,0.647244094488189,0.0342146189735614,0.0063391442155309,0.0379746835443038,0.129485179407176,0.0383386581469649,0.648208469055375,0.034375,0.0304975922953451,0.0287539936102236,0.960061443932412,0.669407894736842,0.0290791599353796,0.0411392405063291,0.355661881977671,0.0385802469135802,0.650717703349282,0.610169491525424,0.648089171974522,0.0315955766192733,0.0374414976599064,0.0383386581469649,0.952307692307692,0.650717703349282,0.961661341853035,0.0352,0.664624808575804,0.66875,0.6234375,0.962204724409449,0.0335463258785942,0.0031201248049922,0.0377358490566038,0.0372093023255814,0.648867313915858,0.666153846153846,0.883386581469649,0.998427672955975,0.654516640253566,0.657643312101911,0.64375,0.971608832807571,0.664025356576862,0.0323574730354391,0.956451612903226,0.654853620955316,0.0421875,0.0429936305732484,0.0390625,0.66304347826087,0.659937888198758,1,0.0331230283911672,0.661417322834646,0.666141732283465,0.0341085271317829,0.043613707165109,0.652582159624413,0.32512315270936,0.0304487179487179,0.0404984423676012,0.329073482428115,0.0386996904024768,0.671317829457364,0.0338164251207729,0.655555555555556,0.503115264797508,0.362928348909657,0.643076923076923,0.0360501567398119,0.66412213740458,0.65414710485133,0.343260188087774,0.362654320987654,0.032967032967033,0.6515625,0.0338164251207729,0.658573596358118,0.0317460317460317,0.653968253968254,0.668810289389068,0.628389154704944,0.537984496124031,0.656957928802589,0.664526484751204,0.355345911949686,0.653726708074534,0.897180762852405,0.0332278481012658,0.965996908809892,0.0408805031446541,0.674718196457327,0.0373250388802488,0.968602825745683,0.656692913385827,0.65751211631664,0.0384,0.990839694656489,0.0401234567901235,0.956661316211878,0.635499207606973,0.0394321766561514,0.9858934169279,0.350157728706625,0.0348101265822785,0.0392464678178964,0.0346456692913386,0.666666666666667,1,0.0357142857142857,0.547504025764895,0.954471544715447,0.609302325581395,0.649921507064364,0.652241112828439,0.0377952755905512,0.0211038961038961,0.0435483870967742,0.0347003154574132,0.0310077519379845,0.986280487804878,0.0431432973805855,0.339593114241002,0.962686567164179,0.654798761609907,0.0391236306729265,0.0377358490566038,0.0368589743589744,0.0340557275541796,0.96411856474259,0.657853810264386,0.0282574568288854,0.0334394904458599,0.0357142857142857,0.0390625,0.037914691943128,0.0394944707740916,0.535603715170279,0.9808,0.0300632911392405,0.969088098918083,0.655172413793103,0.613458528951487,0.0363349131121643,0.579710144927536,0.666666666666667,0.667706708268331,0.0391849529780564,1,0.659375,0.0327102803738318,0.0397456279809221,0.607371794871795,0.661971830985915,0.661971830985915,0.663974151857835,0.0313479623824451,0.648562300319489,0.649762282091918,0.639810426540284,0.660287081339713,0.0062402496099844,0.664605873261206,0.967479674796748,0.652037617554859,0.965463108320251,0.0396196513470681,0.962962962962963,0.673015873015873,0.64873417721519,0.666134185303514,0.0280373831775701,0.0373250388802488,0.0403225806451613,0.0393081761006289,0.0401284109149278,0.0403877221324717,0.651685393258427,0.0294573643410853,0.653543307086614,0.659322033898305,0.441497659906396,0.346278317152104,0.0359937402190923,0.0407523510971787,0.960876369327074,0.657407407407407,0.922098569157393,0.0302571860816944,0.998415213946117,0.0334394904458599,0.0357142857142857,0.656351791530945,0.0368589743589744,0.0388349514563107,0.422647527910686,0.643548387096774,0.0424242424242424,0.962540716612378,0.951486697965571,0.0347551342812006,0.0369774919614148,0.0329153605015674,0.959501557632399,0.968798751950078,0.657407407407407,0.553090332805071,0.654205607476635,0.960815047021944,0.645933014354067,0.964458804523425,0.0455974842767296,0.0354838709677419,0.667711598746082,0.645608628659476,0.801872074882995,0.6416,0.658385093167702,0.655384615384615,0.0399361022364217,0.0341614906832298,0.654458598726115,0.0380517503805175,0.97007874015748,0.032,0.829888712241653,0.0401284109149278,0.34585289514867,0.0376766091051805,0.663461538461538,0.662903225806452,0.968701095461659,0.349378881987578,0.0365079365079365,0.0363349131121643,0.242472266244057,0.154351395730706,0.655608214849921,0.662974683544304,0.0358255451713396,0.659270998415214,0.784219001610306,0.650641025641026,0.0405616224648986,0.951104100946372,0.0347551342812006,0.0384615384615385,0.658307210031348,0.34887459807074,0.665056360708535,0.0357723577235772,0.036741214057508,0.6640625,0.673534072900158,0.656441717791411,0.197749196141479,0.6576,0.04,0.990712074303406,0.0397456279809221,0.0338709677419355,0.330757341576507,0.379365079365079,0.650246305418719,0.992012779552716,0.655394524959742,0.0346456692913386,0.0334928229665072,0.668759811616955,0.645468998410175,0.401574803149606,0.0327102803738318,0.665629860031104,0.68266253869969,0.665620094191523,0.0582822085889571,0.555379746835443,0.970266040688576,0.670846394984326,0.646417445482866,0.646964856230032,0.663446054750403,0.657450076804916,0.0661538461538462,0.0410094637223975,0.664050235478807,0.493548387096774,0.348314606741573,0.807511737089202,0.339403973509934,0.0271565495207668,0.645933014354067,0.959807073954984,0.64622641509434,0.6578125,0.696456086286595,0.648177496038035,0.9734375,0.64274322169059,0.653094462540717,0.64951768488746,0.665625
"68",1,1,1,1,1,1,0.69983948635634,1,1,0.0980707395498392,1,0.0453125,0.8128,1,0.320126782884311,0.30564263322884,0.0696594427244582,0.683006535947712,1,1,0.295133437990581,0.313880126182965,1,0.153605015673981,1,0.327666151468315,0.319488817891374,1,1,0.777777777777778,0.311605723370429,0.730232558139535,0.963020030816641,0.313385826771654,0,1,0.536277602523659,1,0.307219662058372,1,0.661927330173776,0.668769716088328,0.691131498470948,1,1,0.32,0.324881141045959,0.309597523219814,0.325581395348837,0.326594090202177,0,1,0.316770186335404,1,1,0.5,0.563492063492063,1,1,1,0.331775700934579,0.320695102685624,0.32018927444795,0.674603174603175,1,1,0.0394321766561514,1,0.0594512195121951,0.325227963525836,1,0.315047021943574,0.321543408360129,0.9696,0.517829457364341,1,0.313084112149533,0.338983050847458,1,0.318627450980392,0.0819672131147541,0.331738437001595,0.3359375,1,0.34375,1,1,1,1,0.693877551020408,1,1,0.00154083204930663,0.102040816326531,1,0.0476190476190476,0,1,0.555374592833876,0.666139240506329,1,0.0532915360501567,0.327073552425665,1,0.320574162679426,1,0.6765625,1,0.322632423756019,0.325038880248834,0.320813771517997,1,0.330188679245283,1,0.490712074303406,1,0.316535433070866,0.291993720565149,0.327769347496206,0.323763955342903,0.479495268138801,0.998430141287284,0.326053042121685,0.323671497584541,1,0.309119010819165,1,1,0.321086261980831,0.557632398753894,1,0.316770186335404,1,0.0453857791225416,1,0.31924882629108,0.665615141955836,0.326498422712934,0.9328125,0.427406199021207,0.106583072100313,0.0998415213946117,1,1,0.332802547770701,1,0.322727272727273,1,0.798751950078003,1,0.330097087378641,1,1,1,1,0.338141025641026,1,0.324717285945073,0.255485893416928,1,0.319875776397516,1,0.315132605304212,0.0833333333333333,1,0.31911532385466,1,1,1,0.342723004694836,1,0.331746031746032,1,0.313880126182965,1,0.3264,0.0795631825273011,1,0.62987012987013,1,1,0.321086261980831,1,1,1,1,0.321928460342146,0.317829457364341,1,0.998427672955975,0.321981424148607,0.313311688311688,1,0.435257410296412,0.660606060606061,0,0.33015873015873,0.666666666666667,1,0.32755905511811,1,0.998454404945904,1,0.32348367029549,0.327188940092166,0.338141025641026,1,1,1,0,1,0.3125,0.974921630094044,0.329113924050633,0.315955766192733,0.757433489827856,1,1,1,1,1,0.0456692913385827,0.315873015873016,0.327131782945736,1,0.683153013910355,1,1,0.998439937597504,0.998461538461539,1,1,0.00470219435736677,0.307931570762053,1,0.315112540192926,1,0.308426073131955,1,1,1,1,1,0.325358851674641,1,0.497622820919176,0.328100470957614,0.325688073394495,0.322169059011164,0.32695374800638,0.328548644338118,0.423014586709887,0.338557993730408,0.321316614420063,0.319875776397516,1,0.320872274143302,1,0.677469135802469,0.3171875,0.305295950155763,0.338709677419355,1,1,1,0.254746835443038,0.316037735849057,1,0.318471337579618,0.331278890600925,0.313880126182965,0.32967032967033,0.680379746835443,1,0.326594090202177,0.3232,1,0.306946688206785,1,0.320872274143302,0.318541996830428,1,1,1,0.536277602523659,1,0.682242990654206,0.0830815709969789,0.330173775671406,1,1,0.0962732919254658,0.33026113671275,0.324281150159744,1,1,0.310452418096724,0.0268562401263823,0.00321543408360129,1,1,0.33179012345679,0.998412698412698,1,0.31839258114374,1,1,0.32755905511811,1,1,1,1,0.3312,0.312024353120244,0.33495145631068,1,1,0.666153846153846,0.32753164556962,1,0.32258064516129,0.305246422893482,1,1,0.998444790046656,1,1,0.331210191082803,1,1,0.10207336523126,0.337480559875583,0.502384737678855,0.316535433070866,0.671428571428571,0.321875,1,0.319805194805195,0.330733229329173,0.253086419753086,0.322981366459627,1,0.334862385321101,1,1,1,0.317817014446228,0.316666666666667,0.998447204968944,0.923948220064725,0.0617088607594937,1,0.322734499205087,0.324237560192616,0.310126582278481,1,0.330218068535826,0.471608832807571,0.331761006289308,0.3140625,0.326498422712934,0.314194577352472,1,0.332273449920509,1,1,0,1,0.324409448818898,1,1,1,0.334394904458599,1,0.312,1,0.841692789968652,1,1,1,0.326530612244898,1,1,0.316358024691358,0.31911532385466,1,1,0.318681318681319,0.192604006163328,1,0.998422712933754,1,0,0.320907617504052,1,0.313572542901716,0.249206349206349,1,0.675,0.430793157076205,1,1,0.671171171171171,0.691943127962085,0.353312302839117,1,0.315541601255887,1,1,0.332805071315372,1,0.998410174880763,0.0078125,0.335987261146497,1,1,0.3264,1,1,0.3152,0.326530612244898,1,1,1,0.528125,0.321259842519685,0.34991974317817,0.326251896813354,0.339593114241002,0.680952380952381,0.336448598130841,0.331240188383046,0.321428571428571,0.242902208201893,0.323248407643312,1,0.323029366306028,0.998412698412698,0.324451410658307,0.0818181818181818,0.0559875583203732,1,1,0.0393700787401575,1,0.68160741885626,0.0425196850393701,0.0111821086261981,1,0.6765625,1,1,0.555374592833876,1,0,0.0736,1,1,1,0.326984126984127,0.639344262295082,0.685575364667747,0.992175273865415,1,0.986046511627907,0.309636650868878,0.329093799682035,1,0.306089743589744,1,0.378930817610063,0.103174603174603,0.308176100628931,0.325077399380805,0.346026490066225,1,0.0783410138248848,1,1,1,0.25585023400936,0.332797427652733,1,0.327044025157233,1,1,0.319444444444444,1,0.329286798179059,1,0.314553990610329,0.325038880248834,1,0.674121405750799,0.320987654320988,1,0.314935064935065,0.748043818466354,0.320121951219512,0.162538699690402,0.328682170542636,0.764612954186414,0.318541996830428,1,0.328125,0.351477449455676,0.294209702660407,1,1,1,0.972624798711755,0.34257748776509,1,0.32463295269168,1,0.319218241042345,0.317972350230415,1,1,1,0.918367346938776,1,0.313664596273292,0.327102803738318,1,1,0.0483091787439614,0.0792393026941363,1,1,0.3184,1,1,0.321259842519685,1,1,0.678740157480315,0.53680981595092,1,0,1,1,0.0996932515337423,0.326498422712934,1,0.330143540669856,0.998420221169036,0.965023847376789,0.998417721518987,0.824175824175824,1,0.331715210355987,1,1,1,0,0.315024232633279,1,1,0.659842519685039,1,0.31619937694704,0.367601246105919,0.332293291731669,1,1,1,0.0903426791277259,0.323809523809524,0.0888888888888889,0.9984,0.311145510835913,0.311912225705329,0.358255451713396,0,1,0.958795562599049,1,1,0.329073482428115,0.309486780715397,0.1568,0.0397456279809221,0.3203125,0.308661417322835,0.331278890600925,0.00164203612479475,0.31974921630094,1,0,0.324492979719189,1,1,1,0.312788906009245,0.326153846153846,0.0358306188925081,1,0.314873417721519,0.308641975308642,1,1,0.322327044025157,0.688013136288998,1,1,0.688498402555911,1,0.30441400304414,1,0.32695374800638,0.526234567901235,0.673846153846154,0.406153846153846,1,0.311145510835913,0.313084112149533,0.672839506172839,0.663076923076923,1,0.328125,1,0.328725038402458,1,0.322683706070288,0.319805194805195,0.355095541401274,0.528505392912173,0.3264,0.317666126418152,0.66510172143975,0.331768388106416,0.147540983606557,1,0,1,0.303715670436187,1,0,0.319620253164557,0.322115384615385,1,0.0581929555895865,1,0.0822784810126582,0.3408,1,0.0651162790697674,0.659340659340659,1,1,1,0.314424635332253,0.0388198757763975,1,0.427906976744186,0.0961538461538462,0.361963190184049,0.327044025157233,0.327666151468315,1,1,1,1,1,0.0669710806697108,0.998454404945904,0.677570093457944,0.00453172205438067,0.325508607198748,1,1,1,1,0.0829346092503987,0.32093023255814,1,1,1,1,1,1,0.486280487804878,0.00160513643659711,1,0.0878787878787879,0.322834645669291,0.438291139240506,1,0.393548387096774,0.316666666666667,0.311424100156495,1,0.0434782608695652,0.325471698113208,1,1,0.377567140600316,0.316455696202532,0.313880126182965,0.329635499207607,0.998463901689708,0.325806451612903,0.329153605015674,0.419303797468354,0.316455696202532,0.976599063962558,0.319314641744548,0.0853080568720379,0.329093799682035,0,1,0.0875796178343949,0.305331179321486,0.324367088607595,0.319620253164557,1,1,1,1,1,1,0.334943639291465,1,0.324031007751938,0.330522765598651,0.6,0.676190476190476,1,1,0,0.324074074074074,0.119236883942766,0.998477929984779,0.0368589743589744,1,1,0.319488817891374,1,1,0.616883116883117,0.423701298701299,0.996996996996997,0.0799347471451876,0.0954692556634304,1,1,1,0.0857142857142857,0,0.325617283950617,0.428346456692913,0.315384615384615,0,0.331210191082803,0.086677367576244,1,1,0.32572298325723,0.321981424148607,0.240566037735849,0.33652312599681,0.32093023255814,0.321428571428571,1,1,0.3264,1,0,1,0.222397476340694,1,0.66875,1,0.315372424722662,0.315112540192926,0.075968992248062,0.672360248447205,1,1,0.781055900621118,0.897727272727273,0.325732899022801,0.324367088607595,1,0.32182103610675,0.252764612954186,0.323717948717949,1,0.101088646967341,1,1,0.323343848580442,0.67741935483871,0.310177705977383,1,1,0.316037735849057,0.315873015873016,0.31859756097561,0.854430379746835,0.31687898089172,1,0.055205047318612,1,1,0.686520376175549,0.646781789638933,0.330658105939005,0.0519685039370079,0.330128205128205,1,1,0.311526479750779,0.333333333333333,0.613707165109034,1,0.309707241910632,0.383775351014041,0.318681318681319,0.984375,0.4704,0.00310077519379845,0.309006211180124,0.326747720364742,0.337078651685393,0.310569105691057,0.318042813455657,0.973478939157566,1,0.326594090202177,0.542207792207792,0.687697160883281,0.231124807395994,0.681444991789819,1,0.328616352201258,0.00317965023847377,0.325434439178515,0.31619937694704,0.376160990712074,0.325769854132901,0,0.336477987421384,0.322734499205087,0.327447833065811,0.31911532385466
"69",0.0637636080870918,0.0587349397590361,0.0503048780487805,0.0545171339563863,0.0612855007473842,0.0604229607250755,0.362385321100917,0.0612557427258806,0.0607407407407407,0.9734375,0.0521609538002981,0.980480480480481,0.112977099236641,0.0577507598784195,0.627692307692308,0.627871362940276,1,0.38390092879257,0.0612557427258806,0.0625,0.630075187969925,0.624036979969183,0.0600600600600601,0.916918429003021,0.0601173020527859,0.606927710843373,0.612654320987654,0.0590062111801242,0.0644677661169415,0.142638036809816,0.62704309063893,0.194029850746269,0.045045045045045,0.618618618618619,0.954682779456193,0.0615141955835962,0.537878787878788,0.0582959641255605,0.634218289085546,0.0618401206636501,0.404287901990812,0.389140271493213,0.38622754491018,0.0564885496183206,0.0629800307219662,0.603076923076923,0.618098159509202,0.617083946980854,0.61044776119403,0.6,0.94213649851632,0.0602782071097372,0.619822485207101,0.0590909090909091,0.057315233785822,0.422018348623853,0.510736196319018,0.0577507598784195,0.0632530120481928,0.0625954198473282,0.600299401197605,0.613740458015267,0.616692426584235,0.393343419062027,0.059375,0.0621212121212121,0.989214175654854,0.0594512195121951,1,0.610294117647059,0.0559757942511346,0.608370702541106,0.602184087363494,0.0957613814756672,0.56752655538695,0.0628654970760234,0.624242424242424,0.597305389221557,0.0568011958146487,0.6140625,0.978056426332288,0.603945371775417,0.603076923076923,0.0619335347432024,0.595488721804511,0.0582959641255605,0.0611620795107034,0.0561456752655539,0.0604229607250755,0.37219730941704,0.0583717357910906,0.051622418879056,0.946564885496183,0.974397590361446,0.0519877675840979,0.985228951255539,0.943338437978561,0.0590909090909091,0.504672897196262,0.393846153846154,0.0590909090909091,1,0.625,0.0609375,0.609090909090909,0.0549618320610687,0.385885885885886,0.060882800608828,0.605828220858896,0.60790273556231,0.606875934230194,0.0667678300455235,0.609090909090909,0.0547945205479452,0.593423019431988,0.0632352941176471,0.616692426584235,0.786363636363636,0.605654761904762,0.61608497723824,0.600903614457831,0.0664652567975831,0.611851851851852,0.608695652173913,0.0524737631184408,0.619190404797601,0.0566860465116279,0.0589970501474926,0.748475609756098,0.527245949926362,0.0560747663551402,0.620060790273556,0.0599078341013825,0.983870967741935,0.0552147239263804,0.619402985074627,0.399096385542169,0.596701649175412,0,0.620689655172414,0.975609756097561,0.978787878787879,0.0637329286798179,0.0623052959501558,0.602739726027397,0.0590015128593041,0.611436950146628,0.0605143721633888,0.120588235294118,0.0640834575260805,0.613003095975232,0.0529500756429652,0.0596330275229358,0.0590979782270607,0.0455927051671733,0.596330275229358,0.0669710806697108,0.604651162790698,0.828869047619048,0.0625,0.62407132243685,0.0579494799405646,0.625954198473282,0.986217457886677,0.0524691358024691,0.612055641421947,0.0700152207001522,0.0597907324364723,0.0630630630630631,0.593093093093093,0.0598159509202454,0.608761329305136,0.0568356374807988,0.620060790273556,0.0582677165354331,0.607963246554365,0.989457831325301,0.0592705167173252,0.43167701863354,0.0535987748851455,0.0614692653673163,0.608024691358025,0.0517503805175038,0.0565749235474006,0.0557228915662651,0.0542168674698795,0.605504587155963,0.622556390977444,0.0614439324116743,0.0555555555555556,0.610698365527489,0.627300613496933,0.0571428571428571,0.628571428571429,0.396778916544656,0.938805970149254,0.609682299546142,0.405775075987842,0.0544629349470499,0.607090103397341,0.0560747663551402,0.0583832335329341,0.0531107738998483,0.618181818181818,0.619259259259259,0.608024691358025,0.0632352941176471,0.0558139534883721,0.0496240601503759,0.947772657450077,0.0625,0.627480916030534,0.0275650842266462,0.605263157894737,0.611532625189681,0.320726172465961,0.0558139534883721,0.0630630630630631,0.0542986425339367,0.0620272314674735,0.0543478260869565,0.980273141122914,0.609494640122512,0.606334841628959,0.0601503759398496,0.387724550898204,0.0608308605341246,0.065597667638484,0.0591805766312595,0.0619335347432024,0.0598159509202454,0.0545722713864307,0.942942942942943,0.760059612518629,0.0614692653673163,0.612055641421947,0.0547112462006079,0.622926093514329,0.0540540540540541,0.0547112462006079,0.0572289156626506,0.0564885496183206,0.0590979782270607,0.601217656012177,0.0574018126888218,0.41304347826087,0.602760736196319,0.608047690014903,0.619631901840491,0.606656580937973,0.598774885145482,0.639318885448916,0.598187311178248,0.614114114114114,0.614803625377644,0.0625931445603577,0.606287425149701,0.0563380281690141,0.378338278931751,0.609939759036145,0.769001490312966,0.602465331278891,0.061633281972265,0.0505359877488515,0.0612557427258806,0.825688073394495,0.62178517397882,0.0534918276374443,0.61136712749616,0.601470588235294,0.620583717357911,0.612275449101796,0.384498480243161,0.0566615620214395,0.613095238095238,0.614197530864197,0.061633281972265,0.63482280431433,0.0629685157421289,0.618263473053892,0.62178517397882,0.0564024390243902,0.0590062111801242,0.0584707646176912,0.53951367781155,0.0557275541795666,0.383333333333333,0.98389458272328,0.609422492401216,0.0591715976331361,0.0545171339563863,0.977443609022556,0.613432835820895,0.613354037267081,0.0527131782945736,0.060790273556231,0.625373134328358,0.969788519637462,0.942457231726283,0.0654205607476635,0.0579937304075235,0.599704579025111,0.0604229607250755,0.0620384047267356,0.620178041543027,0.0568011958146487,0.0597907324364723,0.619190404797601,0.0587326120556414,0.0602409638554217,0.0597907324364723,0.0601503759398496,0.59726443768997,0.623145400593472,0.61136712749616,0.0586466165413534,0.0659509202453988,0.396731054977712,0.618045112781955,0.0599078341013825,0.616296296296296,0.630534351145038,0.0592592592592593,0.0552238805970149,0.0523952095808383,0.0579268292682927,0.0574018126888218,0.602739726027397,0.0649149922720247,0.0628834355828221,0.967289719626168,0.602962962962963,0.570776255707763,0.628086419753086,0.390505359877489,0.61178247734139,0.051698670605613,0.625,0.600614439324117,0.817365269461078,0.620328849028401,0.0530421216848674,0.600591715976331,0.0625954198473282,0.0582959641255605,0.0582089552238806,0.619047619047619,0.613670133729569,0.0557228915662651,0.00928792569659443,0.996918335901387,0.061633281972265,0.611195158850227,0.604615384615385,0.621165644171779,0.0510835913312693,0.603293413173653,0.600299401197605,0.602719033232628,0.619482496194825,0.617873651771957,0.624615384615385,0.0511278195488722,0.604294478527607,0.0524642289348172,0.0544629349470499,0.94856278366112,0.0632716049382716,0.608964451313756,0.0604229607250755,0.0599700149925037,0.056782334384858,0.610350076103501,0.0580357142857143,0.621664050235479,0.0623145400593472,0.0973053892215569,0.0653495440729483,0.060882800608828,0.0611028315946349,0.619482496194825,0.0509259259259259,0.0564885496183206,0.612708018154312,0.621823617339312,0.0542168674698795,0.0569715142428786,0.616207951070336,0.879821958456973,0.0590062111801242,0.0533536585365854,0.0595238095238095,0.940029985007496,0.618683001531394,0.0585443037974684,0.623688155922039,0.826219512195122,0.0545454545454545,0.387144992526158,0.485884101040119,0.062402496099844,0.0549618320610687,0.399416909620991,0.365151515151515,0.5790273556231,0.0502283105022831,0.601823708206687,0.0625954198473282,0.0514820592823713,0.613601236476043,0.057315233785822,0.0574534161490683,0.951367781155015,0.606106870229008,0.0633484162895928,0.0623100303951368,0.605828220858896,0.0542168674698795,0.0617088607594937,0.616692426584235,0.740356083086053,0.0589147286821705,0.0559757942511346,0.0545171339563863,0.407518796992481,0.622188905547226,0.626139817629179,0.613235294117647,0.614925373134328,0.384853168469861,0.599092284417549,0.603053435114504,0.617469879518072,0.83661119515885,0.604361370716511,0.0631578947368421,0.609467455621302,0.0612557427258806,0.616417910447761,0.986686390532544,0.994020926756353,0.0630630630630631,0.0608308605341246,0.983154670750383,0.0493827160493827,0.382753403933434,0.991004497751124,0.956989247311828,0.0597907324364723,0.394302848575712,0.0542168674698795,0.0620272314674735,0.525502318392581,0.0592705167173252,0.941265060240964,0.990625,0.0553846153846154,0.0612855007473842,0.0639269406392694,0.594470046082949,0.422125181950509,0.369668246445498,0.0723981900452489,0.0601503759398496,0.0274390243902439,0.631419939577039,0.731818181818182,0.0639269406392694,0.629402756508423,0.0585585585585586,0.55421686746988,0.969230769230769,0.625377643504532,0.62407132243685,0.596153846153846,0.0580357142857143,0.988023952095808,0.0646108663729809,0.0537974683544304,0.060882800608828,0.819969742813918,0.602465331278891,0.0658499234303216,0.617021276595745,0.0563380281690141,0.0601851851851852,0.623688155922039,0.0600924499229584,0.616417910447761,0.0578386605783866,0.618461538461539,0.609567901234568,0.0547112462006079,0.389147286821705,0.611521418020679,0.0590015128593041,0.624420401854714,0.171641791044776,0.612275449101796,0.920777279521674,0.618479880774963,0.16036308623298,0.620583717357911,0.06875,0.609756097560976,0.598496240601504,0.649175412293853,0.0606060606060606,0.0589147286821705,0.0593471810089021,0.0266875981161695,0.732371794871795,0.0586466165413534,0.6046875,0.0561456752655539,0.618973561430793,0.616191904047976,0.0634441087613293,0.0572755417956656,0.0537313432835821,0.013595166163142,0.0539730134932534,0.623893805309734,0.606875934230194,0.0522388059701493,0.0540958268933539,0.998447204968944,0.984709480122324,0.0548780487804878,0.0610687022900763,0.61608497723824,0.0619335347432024,0.0582241630276565,0.621374045801527,0.0659340659340659,0.0623100303951368,0.385074626865672,0.542042042042042,0.0568356374807988,0.942028985507246,0.0639269406392694,0.0653789004457652,0.977810650887574,0.614567526555387,0.0602782071097372,0.605783866057839,0.0570570570570571,0.0246153846153846,0.0644677661169415,0.100903614457831,0.0631741140215717,0.609717868338558,0.0538922155688623,0.0584615384615385,0.0521472392638037,0.938714499252616,0.623052959501558,0.0529595015576324,0.0643712574850299,0.389140271493213,0.062407132243685,0.613394216133942,0.56929955290611,0.609682299546142,0.0544629349470499,0.062874251497006,0.062402496099844,0.978915662650602,0.617511520737327,0.984615384615385,0.0522273425499232,0.623867069486405,0.628148148148148,0.582450832072617,0.941984732824428,0.0551301684532925,0.0151515151515152,0.0584707646176912,0.0596125186289121,0.608562691131499,0.615952732644018,0.911179173047473,0.986259541984733,0.615151515151515,0.618541033434651,0.607462686567164,0.950844854070661,0.625,0.0533333333333333,0.939024390243902,0.616191904047976,0.0624048706240487,0.0651515151515152,0.0547945205479452,0.609281437125748,0.612094395280236,0.990506329113924,0.052710843373494,0.618759455370651,0.630630630630631,0.0586466165413534,0.0645645645645646,0.610942249240122,0.369734789391576,0.0502283105022831,0.0618238021638331,0.373475609756098,0.0597907324364723,0.627627627627628,0.0608424336973479,0.619909502262443,0.554234769687964,0.397608370702541,0.655688622754491,0.0563165905631659,0.628185907046477,0.611872146118721,0.385432473444613,0.402694610778443,0.0552238805970149,0.609090909090909,0.0589147286821705,0.613333333333333,0.0568356374807988,0.606060606060606,0.622324159021407,0.575113808801214,0.546142208774584,0.604006163328197,0.615853658536585,0.395672333848532,0.614583333333333,0.931993817619784,0.049079754601227,0.943283582089552,0.0604229607250755,0.632558139534884,0.0628834355828221,0.947368421052632,0.611111111111111,0.618973561430793,0.06,1,0.0571428571428571,0.978527607361963,0.591962905718702,0.0548780487804878,1,0.396084337349398,0.0591805766312595,0.0586466165413534,0.054380664652568,0.620634920634921,0.983679525222552,0.056547619047619,0.497730711043873,0.976958525345622,0.571428571428571,0.609212481426449,0.606508875739645,0.0609756097560976,0.0426179604261796,0.0672782874617737,0.0590015128593041,0.0501519756838906,1,0.0682492581602374,0.386949924127466,0.941944847605225,0.612708018154312,0.0555555555555556,0.0601851851851852,0.0527950310559006,0.0515463917525773,0.986363636363636,0.61961367013373,0.0527859237536657,0.0533536585365854,0.0580847723704867,0.053680981595092,0.0622154779969651,0.0624048706240487,0.594395280235988,0.957120980091884,0.0531914893617021,0.988183161004431,0.617469879518072,0.646153846153846,0.0623100303951368,0.537151702786378,0.620094191522763,0.622356495468278,0.0681818181818182,0.984894259818731,0.614803625377644,0.0566318926974665,0.0619195046439628,0.56221198156682,0.618263473053892,0.622356495468278,0.613846153846154,0.0523952095808383,0.60708782742681,0.614925373134328,0.645801526717557,0.619335347432024,0.0193740685543964,0.616071428571429,0.987616099071207,0.607843137254902,0.946428571428571,0.0629800307219662,0.986301369863014,0.624615384615385,0.609422492401216,0.617910447761194,0.0558912386706949,0.0517503805175038,0.0600924499229584,0.0574018126888218,0.0551181102362205,0.0652173913043478,0.596573208722741,0.0595238095238095,0.613293051359517,0.616129032258064,0.457831325301205,0.388127853881279,0.0557228915662651,0.0641791044776119,0.951807228915663,0.619469026548673,0.950301204819277,0.0556368960468521,0.981651376146789,0.0580152671755725,0.0579029733959311,0.618320610687023,0.060882800608828,0.0576,0.443251533742331,0.646781789638933,0.0648414985590778,0.984615384615385,0.975535168195719,0.060882800608828,0.0596330275229358,0.0561456752655539,0.984848484848485,0.943368107302534,0.608761329305136,0.509316770186335,0.611607142857143,0.942392909896603,0.600311041990669,0.986238532110092,0.0636363636363636,0.0617283950617284,0.614814814814815,0.610606060606061,0.837423312883436,0.604261796042618,0.613533834586466,0.613193403298351,0.0590909090909091,0.0547945205479452,0.609494640122512,0.0599415204678363,0.947839046199702,0.0474732006125574,0.855403348554033,0.0618238021638331,0.393984962406015,0.0594353640416048,0.616863905325444,0.622820919175911,0.98955223880597,0.396396396396396,0.054380664652568,0.0545454545454545,0.264296754250386,0.16304347826087,0.606431852986217,0.62111801242236,0.0570570570570571,0.615030674846626,0.818873668188737,0.607963246554365,0.0653120464441219,0.972809667673716,0.0580152671755725,0.0595419847328244,0.616541353383459,0.390168970814132,0.615740740740741,0.0592823712948518,0.0590062111801242,0.625757575757576,0.622222222222222,0.603576751117735,0.207109737248841,0.624615384615385,0.0590909090909091,0.997001499250375,0.0641791044776119,0.0576323987538941,0.381024096385542,0.424886191198786,0.6138147566719,1,0.60490045941807,0.0562310030395137,0.0510835913312693,0.6289592760181,0.604863221884498,0.447647951441578,0.0535168195718654,0.617910447761194,0.686567164179104,0.624434389140271,0.0791044776119403,0.597222222222222,0.949253731343284,0.627092846270928,0.610044313146233,0.606153846153846,0.613354037267081,0.616519174041298,0.0861812778603269,0.0623100303951368,0.626139817629179,0.52755905511811,0.393846153846154,0.841945288753799,0.378812199036918,0.053030303030303,0.604261796042618,0.945288753799392,0.600609756097561,0.620328849028401,0.68562874251497,0.619335347432024,0.947604790419162,0.595166163141994,0.623475609756098,0.608628659476117,0.614329268292683
"70",0.3,0.315384615384615,0.32258064516129,0.327613104524181,0.31055900621118,0.305471124620061,0.0111111111111111,0.325038880248834,0.315950920245399,0.565977742448331,0.324734446130501,0.637747336377473,0.526729559748428,0.324031007751938,1,1,0.613740458015267,0,0.326625386996904,0.310452418096724,1,1,0.3202416918429,0.509923664122137,0.308623298033283,1,1,0.338632750397456,0.309880239520958,0.520061728395062,1,0.594427244582043,0.371212121212121,0.996932515337423,0.6625,0.316045380875203,0.13587786259542,0.320610687022901,1,0.308157099697885,0.00153374233128834,0,0,0.329211746522411,0.317610062893082,1,0.998459167950693,1,1,1,0.693129770992366,0.325508607198748,1,0.330246913580247,0.314199395770393,0.821705426356589,0.120879120879121,0.319938176197836,0.313935681470138,0.315467075038285,0.993911719939117,1,1,0.00307219662058372,0.313572542901716,0.311926605504587,0.657975460122699,0.325227963525836,0.610294117647059,1,0.313935681470138,1,1,0.285714285714286,0.158850226928896,0.31892697466468,1,0.996955859969559,0.320668693009119,1,0.599683544303797,1,1,0.32375189107413,1,0.326807228915663,0.315789473684211,0.326120556414219,0.315467075038285,0,0.317683881064163,0.322822822822823,0.690769230769231,0.577272727272727,0.311349693251534,0.640416047548291,0.680916030534351,0.320121951219512,0.120826709062003,0,0.316358024691358,0.615503875968992,1,0.310897435897436,1,0.31832298136646,0,0.317901234567901,1,1,1,0.309119010819165,0.998482549317147,0.325581395348837,0.204580152671756,0.311940298507463,1,0.363774733637747,1,1,0.203076923076923,0.313271604938272,1,1,0.332317073170732,1,0.319587628865979,0.310911808669656,0.351851851851852,0.756390977443609,0.320695102685624,1,0.329113924050633,0.635958395245171,0.337060702875399,1,0,1,0.379727685325265,0.886762360446571,0.575851393188854,0.588055130168453,0.316436251920123,0.3265625,1,0.312597200622084,1,0.305900621118012,0.509063444108761,0.332330827067669,1,0.310769230769231,0.317262830482115,0.320813771517997,0.323943661971831,1,0.309968847352025,1,0.420091324200913,0.32469512195122,1,0.325227963525836,1,0.590138674884438,0.317610062893082,1,0.310664605873261,0.31039755351682,0.329192546583851,0.989441930618401,0.322981366459627,1,0.323664122137405,1,0.310618066561014,1,0.58974358974359,0.302611367127496,0.0351437699680511,0.30188679245283,0.314503816793893,1,0.304482225656878,0.317073170731707,0.323262839879154,0.334346504559271,1,1,0.322169059011164,0.323170731707317,1,1,0.322085889570552,0.236280487804878,0.0206185567010309,0.691472868217054,1,0.00154320987654321,0.315629742033384,1,0.318252730109204,0.302255639097744,0.31859756097561,0.998480243161094,1,1,0.326378539493294,0.309904153354633,0.315548780487805,0.682242990654206,0.308980213089802,1,0.335913312693498,1,1,0.441578148710167,0.329230769230769,0.322188449848024,0.321928460342146,0.300925925925926,0.3140625,0.637209302325581,1,1,0.313343328335832,0.00151745068285281,0.331831831831832,0.320644216691069,0.321592649310873,0.300153139356815,0.302469135802469,0.312217194570136,0.698027314112291,0.351963746223565,0.305936073059361,1,0.323029366306028,1,0.307458143074581,0.307210031347962,0.3140625,0.331210191082803,0.317683881064163,1,0.318181818181818,0.799687010954617,1,1,0.998452012383901,1,1,0.888888888888889,1,1,1,0.313636363636364,1,0.322834645669291,0,1,0.372932330827068,1,0.31937984496124,0.324116743471582,0.314641744548287,0.401550387596899,1,0.32370820668693,1,1,1,1,0,0.311926605504587,1,1,0.322033898305085,1,0.32824427480916,1,1,0.311526479750779,0.32348367029549,0.306525037936267,0.149230769230769,0.329173166926677,0,0.585585585585586,1,0.3202416918429,0.31733746130031,0.580893682588598,1,1,0.320813771517997,0.327188940092166,1,0.654434250764526,0.697160883280757,0.308049535603715,0.31974921630094,0.992570579494799,0.326747720364742,0.305309734513274,1,0.320182094081942,0.310136157337368,1,0.307098765432099,0.320987654320988,0.309815950920245,0.316923076923077,1,1,1,0.301075268817204,0.326153846153846,0.00917431192660551,0.995454545454545,0.328173374613003,1,1,0.313725490196078,0.327769347496206,0.300604229607251,0.31619937694704,0.314112291350531,1,0.311526479750779,0.318731117824773,0.559505409582689,1,0.834365325077399,1,0,1,0.325892857142857,1,1,0.408602150537634,0.998484848484849,0.32348367029549,1,0.310664605873261,0.305084745762712,0.316030534351145,1,1,0.317411402157165,0.404120443740095,0.601550387596899,0.306027820710974,1,1,1,0.326053042121685,1,0.212213740458015,1,1,1,1,0.325301204819277,1,0.315286624203822,0.331297709923664,0.673252279635258,0.305295950155763,1,0.327245053272451,0.321266968325792,0.311216429699842,1,0.307458143074581,1,0.322916666666667,0.489263803680982,0.328220858895706,0.325581395348837,0.316890881913303,1,0.31832298136646,0.305772230889236,1,1,0.317411402157165,0.320552147239264,1,0.468892261001517,0.317034700315457,0.323308270676692,0.332321699544765,0.680555555555556,1,0.291139240506329,1,0.399684044233807,0.315467075038285,0,0.886056971514243,0.319875776397516,0.312977099236641,0,0.0338461538461538,0.981308411214953,0.317757009345794,1,0.314152410575428,0.31496062992126,1,0.321212121212121,0.322932917316693,0.670245398773006,1,0.324574961360124,0.320493066255778,1,0.313846153846154,0.310236220472441,1,0.326251896813354,0.309597523219814,0.317901234567901,0.328725038402458,0.799392097264438,1,0.981481481481482,1,1,0,1,0.993874425727412,1,0.42,0.998422712933754,0.306646525679758,0.993939393939394,0.33125,0.996965098634294,0.597285067873303,0.626888217522659,0.322188449848024,0.314674735249622,0.642967542503864,0.311216429699842,0,0.628834355828221,0.68125,0.318250377073906,0,0.315789473684211,0.315068493150685,0.758241758241758,0.319938176197836,0.67687595712098,0.585055643879173,0.315789473684211,0.320668693009119,0.298165137614679,1,0.0265486725663717,0,0.317771084337349,0.325264750378215,0.337423312883436,1,0.317683881064163,0.316187594553706,1,0.304084720121029,0.938837920489297,0.55968992248062,1,1,0.995114006514658,0.322338830584708,0.597875569044006,0.320474777448071,0.31687898089172,0.316998468606432,0.407350689127106,1,0.3198127925117,1,0.324367088607595,0.319182389937107,1,0.320872274143302,1,0.324031007751938,1,1,0.32262996941896,0,1,0.325153374233129,1,0.564341085271318,1,0.499234303215926,1,0.5671875,1,0.318110236220472,1,1,1,0.315384615384615,0.3140625,0.3125,0.349056603773585,0.323671497584541,0.313846153846154,1,0.32348367029549,1,1,0.32469512195122,0.3171875,0.324200913242009,0.394495412844037,0.323170731707317,1,1,0.326315789473684,0.328616352201258,0.625,0.583596214511041,0.325115562403698,0.317111459968603,1,0.297709923664122,0.319940476190476,0.995405819295559,0.305111821086262,0.309559939301973,0,0.136842105263158,0.317972350230415,0.676602086438152,0.316358024691358,0.319634703196347,0.591044776119403,0.996923076923077,0.313664596273292,1,0.310030395136778,0.353125,0.309230769230769,0.4884437596302,0.316358024691358,1,0.319148936170213,0.316846986089645,0.338533541341654,0.681749622926094,1,0.329113924050633,0.315315315315315,0,0.323262839879154,0.998463901689708,0.94954128440367,1,0.318181818181818,0.326865671641791,0.313479623824451,0.574242424242424,1,0.588785046728972,0.336434108527132,1,1,0.960061443932412,0.67906976744186,0.331775700934579,0.366003062787136,0.316998468606432,0.310240963855422,1,1,0.504702194357367,0.628482972136223,1,1,0.998482549317147,0.685446009389671,1,0.322727272727273,0.68,1,0.325153374233129,0.312693498452012,0.316998468606432,0.998477929984779,1,0.645468998410175,0.325757575757576,1,1,0.329787234042553,0.306990881458967,0.998482549317147,0,0.313084112149533,0.310344827586207,0.00470957613814757,0.308868501529052,1,0.309597523219814,1,0.142642642642643,0,0.9,0.329770992366412,1,1,0,0,0.328220858895706,1,0.320251177394035,0.998493975903614,0.312111801242236,1,0.998468606431853,0.961538461538462,0.765337423312883,1,1,0.00463678516228748,1,0.504,0.332298136645963,0.672645739910314,0.325190839694657,1,0.30640243902439,0.67175572519084,1,1,0.317034700315457,0.611940298507463,0.331811263318113,0.579192546583851,0.970404984423676,0.324615384615385,0.599393019726859,0.0107692307692308,0.309262166405024,0.318112633181126,0.316436251920123,1,0.635400907715582,0.311649016641452,0.88785046728972,0.582539682539683,0.965361445783133,1,1,0.315950920245399,0.340625,0.306603773584906,0.314503816793893,0.31039755351682,0.611111111111111,0.309309309309309,0,0.676991150442478,1,0.32824427480916,0.305810397553517,0.316535433070866,0.328290468986384,0.607963246554365,1,0.333839150227618,0.3390625,0.332810047095761,0.321044546850998,0.316109422492401,0.3202416918429,0.191679049034175,0.675590551181102,0.31924882629108,0.600609756097561,1,0.231950844854071,0.319213313161876,0.918083462132921,1,1,0.312977099236641,0.62962962962963,1,0.322775263951735,0.301391035548686,0.952453987730061,1,1,1,0.312781954887218,1,1,0.891167192429022,1,0.34841628959276,1,0.59375,1,0.678899082568807,0.313084112149533,0.600931677018634,1,1,0.99375,0.322678843226788,0.323170731707317,0.320754716981132,0.318952234206472,0.325,0.328197226502311,0.982785602503912,0.315151515151515,1,1,0.714285714285714,0,0.316030534351145,0.310872894333844,0.678247734138973,1,0.557603686635945,0.325859491778774,0.647604327666152,0.313178294573643,0.320813771517997,1,0.311526479750779,0.322061191626409,0.676970633693972,0.907378335949764,0.327459618208517,0.59717868338558,0.57345971563981,0.326687116564417,0.321316614420063,0.304281345565749,0.594135802469136,0.682442748091603,1,0.889580093312597,1,0.667678300455235,0.998422712933754,0.58528951486698,0.312883435582822,0.324960753532182,1,1,0.43206106870229,0.996835443037975,0.998477929984779,1,0.322530864197531,0.329305135951662,1,0.311011904761905,0.676380368098159,0.32824427480916,0.444270015698587,0.300623052959502,0,0.309667673716012,1,1,0.590563165905632,0,0.336363636363636,0.316846986089645,0.106153846153846,0.410742496050553,1,1,0.32078313253012,1,0.401225114854518,1,0.329835082458771,0.577812018489985,0.321646341463415,0.318681318681319,1,0,1,0.305426356589147,0.32093023255814,1,1,1,0.437598736176935,1,0.31619937694704,0.618320610687023,0.333333333333333,0.325396825396825,0,0.0399385560675883,1,0.614906832298137,1,0.323619631901841,0.334375,1,1,0.164634146341463,0.308623298033283,1,0.895770392749245,1,0.319148936170213,0.199066874027994,0.670261941448382,1,1,1,1,1,0.289156626506024,0.303215926493109,1,0.120443740095087,0,0.425531914893617,0,0.322480620155039,1,0.67906976744186,1,1,0.886056971514243,1,0.677760968229955,1,1,1,1
"71",1,1,1,1,1,1,0.697933227344992,1,1,0.0913461538461538,1,0.0412213740458015,0.81042654028436,1,0.318110236220472,0.30188679245283,0.0625954198473282,0.6912,1,1,0.29153605015674,0.316118935837246,1,0.157975460122699,1,0.325038880248834,0.315541601255887,1,1,0.781102362204724,0.311248073959938,0.721538461538462,0.967492260061919,0.306027820710974,0,1,0.546707503828484,1,0.302222222222222,1,0.668238993710692,0.678955453149002,0.695852534562212,1,1,0.320126782884311,0.308166409861325,0.306278713629403,0.316265060240964,0.328746177370031,0,1,0.310872894333844,1,1,0.5,0.565420560747664,1,1,1,0.328220858895706,0.31937984496124,0.312698412698413,0.68062015503876,1,1,0.0312989045383412,1,0.0559757942511346,0.313935681470138,1,0.315870570107858,0.324281150159744,0.969745222929936,0.502290076335878,1,0.312024353120244,0.334355828220859,1,0.307324840764331,0.087719298245614,0.31839258114374,0.325617283950617,1,0.331288343558282,1,1,1,1,0.691358024691358,1,1,0.0015552099533437,0.098159509202454,1,0.0422960725075529,0,1,0.554848966613672,0.675548589341693,1,0.0498442367601246,0.314241486068111,1,0.3046875,1,0.689230769230769,1,0.311827956989247,0.314241486068111,0.309707241910632,1,0.32258064516129,1,0.491628614916286,1,0.314241486068111,0.297709923664122,0.31969696969697,0.311912225705329,0.482388973966309,0.998444790046656,0.321156773211568,0.307210031347962,1,0.297546012269939,1,1,0.32469512195122,0.542168674698795,1,0.313664596273292,1,0.0402985074626866,1,0.309341500765697,0.674382716049383,0.32258064516129,0.934579439252336,0.427184466019417,0.0961240310077519,0.0900621118012422,1,1,0.329173166926677,1,0.318862275449102,1,0.799079754601227,1,0.326923076923077,1,1,1,1,0.323390894819466,1,0.320872274143302,0.257229832572298,1,0.316998468606432,1,0.300155520995334,0.0846394984326019,1,0.306976744186047,1,1,1,0.330316742081448,1,0.323390894819466,1,0.309486780715397,1,0.314873417721519,0.0702028081123245,1,0.640449438202247,1,1,0.313084112149533,1,1,1,1,0.322932917316693,0.306748466257669,1,0.9984375,0.315950920245399,0.302215189873418,1,0.439878234398782,0.668665667166417,0,0.319938176197836,0.672839506172839,1,0.316590563165906,1,0.998468606431853,1,0.31839258114374,0.31969696969697,0.317965023847377,1,1,1,0,1,0.306477093206951,0.972222222222222,0.320251177394035,0.306376360808709,0.753869969040248,1,1,1,1,1,0.0422535211267606,0.317965023847377,0.325652841781874,1,0.677966101694915,1,1,0.998447204968944,0.998459167950693,1,1,0.00455927051671732,0.316187594553706,1,0.305511811023622,1,0.297380585516179,1,1,1,1,1,0.319875776397516,1,0.504746835443038,0.327639751552795,0.32262996941896,0.308661417322835,0.319875776397516,0.32398753894081,0.41335453100159,0.329249617151608,0.3203125,0.301684532924962,1,0.320493066255778,1,0.686453576864536,0.309006211180124,0.306748466257669,0.325545171339564,1,1,1,0.258859784283513,0.306976744186047,1,0.312883435582822,0.323664122137405,0.307931570762053,0.318529862174579,0.684210526315789,1,0.319277108433735,0.309968847352025,1,0.299524564183835,1,0.316742081447964,0.310452418096724,1,1,1,0.535101404056162,1,0.691222570532915,0.0776119402985075,0.31441717791411,1,1,0.0902140672782875,0.327160493827161,0.317683881064163,1,1,0.303405572755418,0.0233644859813084,0.00318471337579618,1,1,0.337386018237082,0.998466257668712,1,0.303875968992248,1,1,0.317901234567901,1,1,1,1,0.321372854914197,0.307462686567164,0.33015873015873,1,1,0.668202764976959,0.322932917316693,1,0.31570996978852,0.300623052959502,1,1,0.998468606431853,1,1,0.329173166926677,1,1,0.101587301587302,0.333843797856049,0.481366459627329,0.312597200622084,0.675465838509317,0.314674735249622,1,0.311145510835913,0.332810047095761,0.260670731707317,0.317629179331307,1,0.327354260089686,1,1,1,0.30829420970266,0.321100917431193,0.998468606431853,0.931309904153355,0.0598425196850394,1,0.311349693251534,0.310725552050473,0.305295950155763,1,0.32824427480916,0.470404984423676,0.322480620155039,0.305511811023622,0.315873015873016,0.309230769230769,1,0.322378716744914,1,1,0,1,0.328149300155521,1,1,1,0.332293291731669,1,0.312302839116719,1,0.833846153846154,1,1,1,0.312788906009245,1,1,0.308641975308642,0.312210200927357,1,1,0.31733746130031,0.185298621745789,1,0.998449612403101,1,0,0.312989045383412,1,0.317262830482115,0.245283018867925,1,0.680851063829787,0.434848484848485,1,1,0.680119581464873,0.700460829493088,0.346875,1,0.31651376146789,1,1,0.331240188383046,1,0.998430141287284,0.00923076923076923,0.320610687022901,1,1,0.32182103610675,1,1,0.301587301587302,0.327188940092166,1,1,1,0.521538461538462,0.308755760368664,0.342679127725857,0.318318318318318,0.331278890600925,0.697247706422018,0.318042813455657,0.330733229329173,0.315068493150685,0.241960183767228,0.312893081761006,1,0.331316187594554,0.998425196850394,0.312307692307692,0.0785498489425982,0.0477657935285054,1,1,0.0369230769230769,1,0.685157421289355,0.0398773006134969,0.0141955835962145,1,0.682098765432099,1,1,0.535433070866142,1,0,0.06957928802589,1,1,1,0.318681318681319,0.651917404129793,0.692926045016077,0.992389649923896,1,0.981510015408321,0.302611367127496,0.339563862928349,1,0.29635499207607,1,0.369734789391576,0.10126582278481,0.30804248861912,0.317147192716237,0.329450915141431,1,0.0719754977029096,1,1,1,0.261724659606657,0.322932917316693,1,0.314465408805031,1,1,0.304281345565749,1,0.319465081723626,1,0.304552590266876,0.32182103610675,1,0.676656151419558,0.311844077961019,1,0.30625,0.757387247278383,0.314112291350531,0.153609831029186,0.319277108433735,0.765258215962441,0.306729264475743,1,0.321538461538462,0.334355828220859,0.289230769230769,1,1,1,0.970873786407767,0.336601307189543,1,0.322834645669291,1,0.317230273752013,0.318731117824773,1,1,1,0.922600619195046,1,0.30804248861912,0.31441717791411,1,1,0.0455259026687598,0.0828125,1,1,0.30564263322884,1,1,0.313271604938272,1,1,0.676056338028169,0.533232628398791,1,0,1,1,0.091324200913242,0.325652841781874,1,0.324159021406728,0.9984375,0.972136222910217,0.998461538461539,0.816232771822358,1,0.332805071315372,1,1,1,0,0.311004784688995,1,1,0.674347158218126,1,0.321372854914197,0.364329268292683,0.319508448540707,1,1,1,0.0866965620328849,0.312693498452012,0.0868878357030016,0.998435054773083,0.306153846153846,0.311349693251534,0.347826086956522,0,1,0.962616822429907,1,1,0.317411402157165,0.29742033383915,0.160377358490566,0.0344287949921753,0.316846986089645,0.307931570762053,0.323529411764706,0.00157728706624606,0.31441717791411,1,0,0.319148936170213,1,1,1,0.314241486068111,0.319213313161876,0.0323101777059774,1,0.314900153609831,0.307922272047833,1,1,0.310769230769231,0.697411003236246,1,1,0.695924764890282,1,0.311077389984825,1,0.315047021943574,0.532625189681335,0.672360248447205,0.397260273972603,1,0.298798798798799,0.317972350230415,0.677177177177177,0.663594470046083,1,0.323076923076923,1,0.326807228915663,1,0.318252730109204,0.310725552050473,0.351681957186544,0.513975155279503,0.317891373801917,0.306729264475743,0.669291338582677,0.312883435582822,0.146031746031746,1,0,1,0.297805642633229,1,0,0.322530864197531,0.315541601255887,1,0.0535714285714286,1,0.0787037037037037,0.342679127725857,1,0.0605590062111801,0.668711656441718,1,1,1,0.313099041533546,0.037821482602118,1,0.432307692307692,0.0911901081916538,0.356269113149847,0.319875776397516,0.32262996941896,1,1,1,1,1,0.0621212121212121,0.995529061102832,0.685800604229607,0.00445765230312036,0.321483771251932,1,1,1,1,0.08,0.308868501529052,1,1,1,1,1,1,0.478723404255319,0.0015600624024961,1,0.0814132104454685,0.312024353120244,0.443585780525502,1,0.394611727416799,0.3008,0.308777429467085,1,0.036979969183359,0.317901234567901,1,1,0.372670807453416,0.306870229007634,0.31039755351682,0.325396825396825,0.998461538461539,0.31974921630094,0.316923076923077,0.41259842519685,0.315047021943574,0.977238239757208,0.312406576980568,0.078125,0.317262830482115,0,1,0.0850393700787402,0.302507836990596,0.3171875,0.309748427672956,1,1,1,1,1,1,0.336990595611285,1,0.317411402157165,0.313821138211382,0.597542242703533,0.684375,1,1,0,0.317073170731707,0.112480739599384,0.998516320474777,0.0326086956521739,1,1,0.312893081761006,1,1,0.616588419405321,0.4048,0.995555555555556,0.0753532182103611,0.0934579439252336,1,1,1,0.0873634945397816,0,0.315950920245399,0.432307692307692,0.310240963855422,0,0.329133858267717,0.0825396825396825,1,1,0.315548780487805,0.316358024691358,0.242236024844721,0.336990595611285,0.315467075038285,0.316998468606432,1,1,0.328593996840442,1,0,1,0.222049689440994,1,0.677272727272727,1,0.311728395061728,0.305863708399366,0.0704441041347626,0.673716012084592,1,1,0.787692307692308,0.899521531100478,0.31974921630094,0.32120253164557,1,0.31104199066874,0.2546875,0.317965023847377,1,0.0978593272171254,1,1,0.31937984496124,0.677725118483412,0.310077519379845,1,1,0.306990881458967,0.304953560371517,0.315315315315315,0.853543307086614,0.318611987381703,1,0.0547112462006079,1,1,0.698461538461538,0.652647975077882,0.322061191626409,0.053030303030303,0.316770186335404,1,1,0.303265940902022,0.328149300155521,0.621745788667688,1,0.312594840667678,0.376132930513595,0.311349693251534,0.98340874811463,0.480680061823802,0.00462962962962963,0.306278713629403,0.324324324324324,0.321372854914197,0.313479623824451,0.317293233082707,0.969135802469136,1,0.316436251920123,0.553090332805071,0.681889763779528,0.238390092879257,0.690821256038647,1,0.325617283950617,0.00157232704402516,0.316436251920123,0.310769230769231,0.355384615384615,0.31832298136646,0,0.329704510108865,0.313694267515924,0.324451410658307,0.313755795981453
"72",0.298887122416534,0.314152410575428,0.311526479750779,0.328025477707006,0.319875776397516,0.308892355694228,0.0112359550561798,0.322734499205087,0.31104199066874,0.576243980738363,0.316109422492401,0.645412130637636,0.515723270440252,0.318252730109204,1,1,0.62,0,0.327613104524181,0.304821150855365,1,1,0.325077399380805,0.515479876160991,0.30568356374808,1,1,0.340222575516693,0.308755760368664,0.532051282051282,1,0.60061919504644,0.364906832298137,0.995334370139969,0.664012738853503,0.319672131147541,0.138198757763975,0.326594090202177,1,0.309230769230769,0.00309597523219814,0,0,0.329617834394904,0.319047619047619,1,0.995283018867924,1,1,1,0.684210526315789,0.323854660347551,1,0.319685039370079,0.312404287901991,0.822503961965135,0.122834645669291,0.319620253164557,0.307219662058372,0.323943661971831,0.992295839753467,1,1,0.0046656298600311,0.313408723747981,0.318529862174579,0.658878504672897,0.315047021943574,0.608370702541106,1,0.315870570107858,1,1,0.279809220985692,0.164576802507837,0.313253012048193,1,0.995356037151703,0.328703703703704,1,0.607085346215781,1,1,0.321538461538462,1,0.317700453857791,0.31974921630094,0.327044025157233,0.320251177394035,0,0.315372424722662,0.322388059701493,0.685358255451713,0.589622641509434,0.313880126182965,0.64339908952959,0.682242990654206,0.310185185185185,0.116693679092382,0,0.310618066561014,0.624413145539906,1,0.308319738988581,1,0.3125,0,0.322327044025157,1,1,1,0.307332293291732,0.995363214837713,0.327639751552795,0.196374622356495,0.302752293577982,1,0.37904468412943,1,1,0.203442879499218,0.313178294573643,1,1,0.33125,1,0.31866464339909,0.309090909090909,0.367851622874807,0.768181818181818,0.322222222222222,1,0.328050713153724,0.633738601823708,0.331210191082803,1,0.00154559505409583,1,0.371428571428571,0.894480519480519,0.583201267828843,0.603448275862069,0.316037735849057,0.323151125401929,1,0.315132605304212,1,0.306603773584906,0.50386398763524,0.31651376146789,1,0.306376360808709,0.315541601255887,0.320063694267516,0.322115384615385,1,0.306603773584906,1,0.435384615384615,0.326086956521739,1,0.31441717791411,1,0.593457943925234,0.3232,1,0.315789473684211,0.312597200622084,0.327073552425665,0.987730061349693,0.32753164556962,1,0.323296354992076,1,0.315960912052117,1,0.587869362363919,0.293291731669267,0.0308441558441558,0.306122448979592,0.315047021943574,1,0.304897314375987,0.317757009345794,0.322378716744914,0.333853354134165,1,1,0.315024232633279,0.330246913580247,1,1,0.328173374613003,0.23963133640553,0.0196671709531014,0.686520376175549,1,0.00308166409861325,0.319083969465649,1,0.314785373608903,0.311827956989247,0.309707241910632,0.99685534591195,1,1,0.323076923076923,0.310015898251192,0.321875,0.679873217115689,0.304897314375987,1,0.333850931677019,1,1,0.445820433436532,0.317111459968603,0.32182103610675,0.322834645669291,0.303599374021909,0.318541996830428,0.646781789638933,1,1,0.313364055299539,0.00455235204855842,0.326625386996904,0.317411402157165,0.319047619047619,0.312883435582822,0.294025157232704,0.318112633181126,0.7,0.366718027734977,0.303875968992248,1,0.325434439178515,1,0.304878048780488,0.311111111111111,0.30829420970266,0.322784810126582,0.306089743589744,1,0.321372854914197,0.805687203791469,1,1,0.996865203761755,1,1,0.89792663476874,1,1,1,0.315384615384615,1,0.319935691318328,0,1,0.385321100917431,1,0.315132605304212,0.324534161490683,0.312796208530806,0.416149068322981,1,0.31733746130031,1,1,1,1,0,0.308426073131955,1,1,0.312302839116719,1,0.31839258114374,1,1,0.315286624203822,0.323763955342903,0.297213622291022,0.1484375,0.331746031746032,0,0.593220338983051,1,0.320493066255778,0.319047619047619,0.590062111801242,1,1,0.32300163132137,0.3265625,1,0.65414710485133,0.699842022116904,0.30503144654088,0.322115384615385,0.993975903614458,0.32967032967033,0.308734939759036,1,0.308166409861325,0.314241486068111,1,0.306122448979592,0.314873417721519,0.317557251908397,0.320251177394035,1,1,1,0.311526479750779,0.325949367088608,0.00619195046439629,0.992223950233281,0.328,1,1,0.318112633181126,0.32,0.307453416149068,0.324409448818898,0.311728395061728,1,0.306477093206951,0.314553990610329,0.570731707317073,1,0.848200312989045,1,0,1,0.327718223583461,1,1,0.406779661016949,0.998435054773083,0.320754716981132,1,0.312599681020734,0.306376360808709,0.311349693251534,1,1,0.322932917316693,0.394184168012924,0.607655502392344,0.304625199362041,1,1,1,0.320388349514563,1,0.20404984423676,1,1,1,1,0.322033898305085,1,0.320512820512821,0.331240188383046,0.677672955974843,0.305863708399366,1,0.322530864197531,0.321483771251932,0.320574162679426,1,0.304482225656878,1,0.324200913242009,0.475968992248062,0.322378716744914,0.324367088607595,0.313271604938272,1,0.322378716744914,0.298578199052133,1,1,0.318611987381703,0.308411214953271,1,0.47581903276131,0.321543408360129,0.327160493827161,0.328660436137072,0.68160741885626,1,0.294871794871795,1,0.416275430359937,0.305164319248826,0,0.880184331797235,0.314285714285714,0.312989045383412,0,0.0327102803738318,0.979591836734694,0.3140625,1,0.316692667706708,0.314238952536825,1,0.330246913580247,0.313291139240506,0.669266770670827,1,0.327102803738318,0.318110236220472,1,0.31875,0.306451612903226,1,0.333853354134165,0.30379746835443,0.311145510835913,0.330696202531646,0.8,1,0.980982567353407,1,1,0.00158227848101266,1,0.993788819875776,1,0.422955974842767,0.996815286624204,0.304821150855365,0.992307692307692,0.336,0.99537750385208,0.614457831325301,0.632148377125193,0.319018404907975,0.315950920245399,0.641744548286604,0.314102564102564,0,0.63020030816641,0.684627575277338,0.320610687022901,0.00156985871271586,0.312401883830455,0.316436251920123,0.7744,0.325,0.686153846153846,0.605475040257649,0.313479623824451,0.324773413897281,0.296754250386399,1,0.0266272189349112,0,0.326086956521739,0.329173166926677,0.328682170542636,1,0.340659340659341,0.312693498452012,1,0.303875968992248,0.943396226415094,0.579778830963665,1,1,0.99327731092437,0.319148936170213,0.614220877458396,0.319634703196347,0.317307692307692,0.314375987361769,0.412037037037037,1,0.313694267515924,1,0.321711568938193,0.313099041533546,1,0.321086261980831,1,0.327014218009479,1,1,0.324960753532182,0,1,0.321044546850998,1,0.5703125,1,0.516975308641975,1,0.562599049128368,1,0.312302839116719,1,1,1,0.312597200622084,0.322274881516588,0.310030395136778,0.343548387096774,0.33063209076175,0.308049535603715,1,0.317829457364341,1,1,0.324451410658307,0.320126782884311,0.322775263951735,0.3859375,0.326747720364742,1,1,0.327245053272451,0.325806451612903,0.634069400630915,0.596214511041009,0.311424100156495,0.311111111111111,1,0.308411214953271,0.32262996941896,0.993759750390016,0.308681672025723,0.309033280507132,0,0.138931297709924,0.317683881064163,0.682370820668693,0.313385826771654,0.318461538461538,0.602760736196319,0.998422712933754,0.311708860759494,1,0.317034700315457,0.345104333868379,0.31637519872814,0.478328173374613,0.309748427672956,1,0.317683881064163,0.322834645669291,0.326984126984127,0.683563748079877,1,0.328548644338118,0.314503816793893,0,0.326186830015314,0.998452012383901,0.957943925233645,1,0.316118935837246,0.32348367029549,0.322274881516588,0.597542242703533,1,0.58974358974359,0.338118022328549,1,1,0.964831804281346,0.673501577287066,0.327102803738318,0.364615384615385,0.324534161490683,0.318461538461538,1,1,0.520634920634921,0.638932496075353,1,1,0.998447204968944,0.684210526315789,1,0.326656394453005,0.68125,1,0.32093023255814,0.322274881516588,0.322378716744914,0.996927803379416,1,0.642512077294686,0.329721362229102,1,1,0.322530864197531,0.314329738058552,0.998439937597504,0,0.312796208530806,0.306477093206951,0.00630914826498423,0.318042813455657,1,0.308064516129032,1,0.151702786377709,0,0.907435508345979,0.322429906542056,1,1,0,0.00154083204930663,0.321592649310873,1,0.314285714285714,0.996951219512195,0.305993690851735,1,0.998405103668262,0.964285714285714,0.772012578616352,1,1,0.00478468899521531,1,0.531300160513644,0.325471698113208,0.671826625386997,0.318461538461538,1,0.313694267515924,0.678461538461538,1,1,0.308661417322835,0.616417910447761,0.330218068535826,0.586206896551724,0.974643423137876,0.334379905808477,0.606918238993711,0.0125391849529781,0.304347826086957,0.320433436532508,0.321928460342146,1,0.638888888888889,0.30781010719755,0.897959183673469,0.588050314465409,0.967987804878049,1,1,0.309968847352025,0.340872374798061,0.30622009569378,0.310769230769231,0.314503816793893,0.619119878603945,0.302891933028919,0,0.678624813153961,0.998459167950693,0.329754601226994,0.304278922345483,0.310177705977383,0.314329738058552,0.614664586583463,1,0.329738058551618,0.335433070866142,0.336012861736334,0.312796208530806,0.316770186335404,0.304552590266876,0.196018376722818,0.682965299684543,0.312401883830455,0.608024691358025,1,0.23696682464455,0.319685039370079,0.932692307692308,1,1,0.311912225705329,0.642301710730949,1,0.315467075038285,0.302034428794992,0.952681388012618,1,1,0.996835443037975,0.318252730109204,1,1,0.900158478605388,1,0.351393188854489,1,0.596774193548387,1,0.665123456790123,0.3109375,0.608903020667727,1,1,0.990625,0.322480620155039,0.325688073394495,0.321951219512195,0.318461538461538,0.325358851674641,0.327613104524181,0.984025559105431,0.309597523219814,1,1,0.71671826625387,0,0.32398753894081,0.315870570107858,0.672782874617737,1,0.567441860465116,0.327327327327327,0.644757433489828,0.318252730109204,0.3168,1,0.30829420970266,0.316720257234727,0.693163751987281,0.911433172302738,0.316964285714286,0.609448818897638,0.587677725118483,0.3234375,0.33175355450237,0.304347826086957,0.591263650546022,0.683720930232558,1,0.90282131661442,1,0.668188736681887,0.996860282574568,0.597423510466989,0.323390894819466,0.32484076433121,1,1,0.424960505529226,0.9936,0.996969696969697,1,0.306027820710974,0.324960753532182,1,0.309667673716012,0.678516228748068,0.325434439178515,0.453125,0.299050632911392,0,0.310769230769231,1,1,0.597243491577335,0.0015600624024961,0.32807570977918,0.317262830482115,0.101910828025478,0.4128,1,1,0.311424100156495,1,0.4109375,1,0.328767123287671,0.591614906832298,0.325545171339564,0.315955766192733,1,0,1,0.313694267515924,0.318611987381703,1,1,1,0.445141065830721,1,0.319685039370079,0.618973561430793,0.323574730354391,0.323671497584541,0.00153139356814701,0.0393081761006289,1,0.6198738170347,1,0.326018808777429,0.332807570977918,1,1,0.163833075734158,0.30625,1,0.899691358024691,1,0.31441717791411,0.197767145135566,0.670278637770898,1,1,1,1,1,0.283076923076923,0.295665634674923,1,0.117174959871589,0.00158227848101266,0.439137134052388,0,0.325914149443561,1,0.679425837320574,1,1,0.893518518518518,1,0.681047765793529,1,1,1,1
"73",0.311475409836066,0.32,0.317741935483871,0.334431630971993,0.323854660347551,0.316720257234727,0.0148760330578512,0.322475570032573,0.314606741573034,0.553897180762852,0.324324324324324,0.629513343799058,0.513911620294599,0.326433121019108,1,1,0.601895734597156,0,0.324717285945073,0.315789473684211,1,1,0.328050713153724,0.512038523274478,0.322884012539185,1,1,0.344941956882255,0.32,0.541871921182266,1,0.597464342313788,0.378594249201278,0.996768982229402,0.655394524959742,0.323283082077052,0.133971291866029,0.333333333333333,1,0.306709265175719,0.00161550888529887,0,0,0.333333333333333,0.327814569536424,1,0.995145631067961,1,1,1,0.682389937106918,0.332231404958678,1,0.33605220228385,0.313195548489666,0.823051948051948,0.113452188006483,0.321951219512195,0.326366559485531,0.330670926517572,0.992163009404389,1,1,0.00323101777059774,0.325,0.32348367029549,0.64274322169059,0.321543408360129,0.602184087363494,1,0.324281150159744,1,1,0.28006589785832,0.152410575427683,0.324074074074074,1,0.99685534591195,0.326465927099842,1,0.587646076794658,1,1,0.331240188383046,1,0.330232558139535,0.32258064516129,0.336569579288026,0.323577235772358,0,0.318627450980392,0.326153846153846,0.676282051282051,0.572555205047319,0.316912972085386,0.619496855345912,0.672496025437202,0.322169059011164,0.115577889447236,0,0.310064935064935,0.602291325695581,1,0.323577235772358,1,0.324149108589951,0,0.321656050955414,1,1,1,0.306836248012719,0.996810207336523,0.331179321486268,0.199685534591195,0.315132605304212,1,0.372019077901431,1,1,0.197389885807504,0.314102564102564,1,1,0.338632750397456,1,0.319938176197836,0.318110236220472,0.367047308319739,0.764797507788162,0.327787021630616,1,0.321428571428571,0.62037037037037,0.33889816360601,1,0.00158478605388273,1,0.3952,0.893864013266998,0.5664,0.5888,0.323248407643312,0.328836424957841,1,0.3232,1,0.313694267515924,0.502392344497608,0.327217125382263,1,0.317460317460317,0.321486268174475,0.325769854132901,0.334410339256866,1,0.309178743961353,1,0.429699842022117,0.331746031746032,1,0.333333333333333,1,0.574638844301766,0.32396694214876,1,0.318110236220472,0.315960912052117,0.338735818476499,0.987301587301587,0.3354943273906,1,0.322899505766063,1,0.321008403361345,1,0.575806451612903,0.31139646869984,0.0287162162162162,0.301482701812191,0.31810766721044,1,0.31219512195122,0.322528363047002,0.321711568938193,0.335504885993485,1,1,0.330578512396694,0.325914149443561,1,1,0.324881141045959,0.238782051282051,0.0183767228177642,0.681672025723473,1,0.00161030595813205,0.319286871961102,1,0.320066334991708,0.313880126182965,0.3216,0.996784565916399,1,1,0.34012539184953,0.316225165562914,0.320634920634921,0.679738562091503,0.307073954983923,1,0.349593495934959,1,1,0.436507936507937,0.33115823817292,0.32,0.330128205128205,0.310569105691057,0.322950819672131,0.633440514469453,1,1,0.322222222222222,0.00313971742543171,0.328593996840442,0.317829457364341,0.329581993569132,0.306349206349206,0.307317073170732,0.324960753532182,0.6928,0.356807511737089,0.321656050955414,1,0.321951219512195,1,0.318818040435459,0.30327868852459,0.321428571428571,0.330618892508143,0.314238952536825,1,0.329652996845426,0.801916932907348,1,1,0.998341625207297,1,1,0.890522875816993,1,1,1,0.322834645669291,1,0.328881469115192,0,1,0.381329113924051,1,0.327922077922078,0.324104234527687,0.325281803542673,0.408427876823339,1,0.33495145631068,1,1,1,1,0,0.316912972085386,1,1,0.328502415458937,1,0.322274881516588,1,1,0.315789473684211,0.32843137254902,0.30622009569378,0.148969889064976,0.330578512396694,0,0.58,1,0.321711568938193,0.324013157894737,0.575471698113208,1,1,0.327302631578947,0.339228295819936,1,0.650717703349282,0.692307692307692,0.308319738988581,0.331691297208539,0.996889580093313,0.329581993569132,0.307453416149068,1,0.313195548489666,0.306836248012719,1,0.324149108589951,0.331179321486268,0.319286871961102,0.326892109500805,1,1,1,0.314516129032258,0.329563812600969,0.00786163522012579,0.993548387096774,0.33112582781457,1,1,0.3140625,0.326053042121685,0.3104,0.324237560192616,0.320634920634921,1,0.311605723370429,0.315270935960591,0.557377049180328,1,0.841680129240711,1,0,1,0.3328125,1,1,0.415360501567398,1,0.337133550488599,1,0.321895424836601,0.306188925081433,0.308917197452229,1,1,0.3248,0.415435139573071,0.59375,0.30794701986755,1,1,1,0.328382838283828,1,0.2032,1,1,1,1,0.334920634920635,1,0.327242524916944,0.34747145187602,0.670947030497592,0.315359477124183,1,0.3296,0.32398753894081,0.320598006644518,1,0.319314641744548,1,0.329721362229102,0.477564102564103,0.332802547770701,0.330578512396694,0.321766561514196,1,0.316476345840131,0.310569105691057,1,1,0.3216,0.313001605136437,1,0.472527472527473,0.315614617940199,0.337060702875399,0.330683624801272,0.676282051282051,1,0.299668874172185,1,0.411575562700965,0.313725490196078,0,0.887122416534181,0.319805194805195,0.322632423756019,0,0.0324149108589951,0.983660130718954,0.326298701298701,1,0.320574162679426,0.322259136212625,1,0.326498422712934,0.326229508196721,0.662939297124601,1,0.327974276527331,0.329508196721311,1,0.318471337579618,0.307438016528926,1,0.338072669826224,0.314424635332253,0.321259842519685,0.333333333333333,0.805732484076433,1,0.97708674304419,1,1,0.0016260162601626,1,0.995169082125604,1,0.421900161030596,0.998341625207297,0.3184,0.995297805642633,0.335504885993485,0.998392282958199,0.592879256965944,0.617834394904459,0.32475884244373,0.315047021943574,0.628617363344051,0.322475570032573,0,0.616242038216561,0.674757281553398,0.32018927444795,0.0016025641025641,0.323051948051948,0.309409888357257,0.768982229402262,0.332258064516129,0.673633440514469,0.582781456953642,0.323717948717949,0.332273449920509,0.3078125,1,0.0231839258114374,0,0.322683706070288,0.335413416536661,0.341894060995185,1,0.328,0.324367088607595,1,0.317891373801917,0.95,0.567961165048544,1,1,0.99492385786802,0.324921135646688,0.5859375,0.326594090202177,0.316831683168317,0.3248,0.411111111111111,1,0.315024232633279,1,0.326599326599327,0.317957166392092,1,0.324717285945073,1,0.325806451612903,1,1,0.322169059011164,0,1,0.325358851674641,1,0.571658615136876,1,0.5024,1,0.571658615136876,1,0.314754098360656,1,1,1,0.323151125401929,0.327974276527331,0.318681318681319,0.36046511627907,0.332231404958678,0.311897106109325,1,0.329545454545455,1,1,0.331761006289308,0.327841845140033,0.324324324324324,0.40194489465154,0.331230283911672,1,1,0.330670926517572,0.32512315270936,0.61525974025974,0.578861788617886,0.323624595469256,0.325281803542673,1,0.320063694267516,0.322429906542056,0.99349593495935,0.308457711442786,0.315457413249211,0,0.138845553822153,0.32569558101473,0.673846153846154,0.319805194805195,0.325434439178515,0.584664536741214,0.996753246753247,0.313213703099511,1,0.319935691318328,0.367909238249595,0.315447154471545,0.475279106858054,0.322327044025157,1,0.326860841423948,0.326332794830372,0.339869281045752,0.6801872074883,1,0.337726523887974,0.324409448818898,0,0.329073482428115,1,0.962843295638126,1,0.32182103610675,0.332797427652733,0.32475884244373,0.570532915360502,1,0.575320512820513,0.341021416803954,1,1,0.967032967032967,0.668276972624799,0.328990228013029,0.367507886435331,0.327476038338658,0.32348367029549,1,1,0.507246376811594,0.617124394184168,1,1,1,0.683523654159869,1,0.332283464566929,0.676898222940226,1,0.330670926517572,0.321027287319422,0.319286871961102,0.998417721518987,1,0.638655462184874,0.330683624801272,1,1,0.328025477707006,0.308681672025723,1,0,0.313311688311688,0.315875613747954,0.00490196078431373,0.32120253164557,1,0.314662273476112,1,0.14218009478673,0,0.893682588597843,0.33868378812199,1,1,0,0.00155763239875389,0.333868378812199,1,0.312602291325696,0.998430141287284,0.319805194805195,1,0.998402555910543,0.971107544141252,0.76537216828479,1,1,0.00320512820512821,1,0.507438016528926,0.337096774193548,0.666666666666667,0.333333333333333,1,0.312903225806452,0.668831168831169,1,1,0.318032786885246,0.601837672281776,0.3296,0.5776,0.977235772357724,0.342356687898089,0.589257503949447,0.0113636363636364,0.3184,0.335433070866142,0.32695374800638,1,0.621664050235479,0.313694267515924,0.897271268057785,0.574918566775244,0.968553459119497,1,1,0.317741935483871,0.344827586206897,0.315359477124183,0.323809523809524,0.322528363047002,0.604651162790698,0.30952380952381,0,0.673879443585781,0.998412698412698,0.329652996845426,0.315181518151815,0.327242524916944,0.330721003134796,0.590111642743222,1,0.341232227488152,0.341503267973856,0.336120401337793,0.326765188834154,0.32,0.316720257234727,0.187793427230047,0.67487684729064,0.329011345218801,0.582159624413146,1,0.233333333333333,0.323151125401929,0.925324675324675,1,1,0.31637519872814,0.622186495176849,1,0.322274881516588,0.305111821086262,0.955371900826446,1,1,0.996683250414594,0.328100470957614,1,1,0.891760904684976,1,0.353130016051364,1,0.570261437908497,1,0.662992125984252,0.321027287319422,0.583198707592892,1,1,0.99349593495935,0.326530612244898,0.330112721417069,0.326765188834154,0.326465927099842,0.322314049586777,0.330065359477124,0.986928104575163,0.316639741518578,1,1,0.712,0,0.326530612244898,0.321766561514196,0.671474358974359,1,0.54140127388535,0.328682170542636,0.637820512820513,0.325281803542673,0.326666666666667,1,0.31869918699187,0.323432343234323,0.68976897689769,0.903333333333333,0.330289193302892,0.584843492586491,0.566775244299674,0.333333333333333,0.332792207792208,0.306089743589744,0.578525641025641,0.66403785488959,1,0.902866242038217,1,0.656101426307448,0.99836867862969,0.570261437908497,0.324675324675325,0.335504885993485,1,1,0.425837320574163,0.99512987012987,0.998430141287284,1,0.320512820512821,0.330128205128205,1,0.324655436447167,0.675632911392405,0.337096774193548,0.450406504065041,0.310855263157895,0,0.323390894819466,1,1,0.577952755905512,0.00158478605388273,0.334920634920635,0.32626427406199,0.103392568659128,0.421666666666667,1,1,0.314194577352472,1,0.403225806451613,1,0.327131782945736,0.571656050955414,0.329581993569132,0.322422258592471,1,0,1,0.313014827018122,0.327361563517915,1,1,1,0.452922077922078,1,0.326829268292683,0.604761904761905,0.332273449920509,0.337770382695507,0.00158227848101266,0.037156704361874,1,0.600644122383253,1,0.3312,0.334448160535117,1,1,0.151857835218094,0.317152103559871,1,0.889763779527559,1,0.32120253164557,0.194805194805195,0.660194174757282,1,1,1,1,1,0.288888888888889,0.312,1,0.115,0.00161290322580645,0.438291139240506,0,0.330112721417069,1,0.675941080196399,1,1,0.887640449438202,1,0.680314960629921,1,1,1,1
"74",0.966722129783694,0.963022508038585,0.964686998394864,0.962356792144026,0.965244865718799,0.97007874015748,0.744262295081967,0.960975609756098,0.965023847376789,0.135313531353135,0.971246006389776,0.0852090032154341,0.761750405186386,0.967845659163987,0.269789983844911,0.270142180094787,0.0925039872408294,0.735537190082645,0.963141025641026,0.963779527559055,0.247191011235955,0.26797385620915,0.961965134706815,0.198083067092652,0.964968152866242,0.290220820189274,0.282136894824708,0.963696369636964,0.965463108320251,0.740619902120718,0.274322169059011,0.680129240710824,0.928909952606635,0.272873194221509,0.0304,0.967905405405405,0.579872204472843,0.965463108320251,0.261682242990654,0.97196261682243,0.701130856219709,0.726837060702875,0.731554160125589,0.966183574879227,0.965630114566285,0.270049099836334,0.269480519480519,0.273885350318471,0.272583201267829,0.287519747235387,0.0336,0.962962962962963,0.280448717948718,0.959807073954984,0.966666666666667,0.458536585365854,0.607142857142857,0.963141025641026,0.969551282051282,0.9616,0.299050632911392,0.271103896103896,0.274061990212072,0.719611021069692,0.966777408637874,0.963375796178344,0.0731707317073171,0.9696,0.0957613814756672,0.285714285714286,0.969745222929936,0.279809220985692,0.28006589785832,1,0.565354330708661,0.96583850931677,0.268562401263823,0.295527156549521,0.962204724409449,0.276948590381426,0.12214983713355,0.285481239804241,0.281847133757962,0.966929133858268,0.293460925039872,0.965244865718799,0.9584,0.964630225080386,0.960191082802548,0.72827804107425,0.96078431372549,0.965891472868217,0.0349761526232114,0.135860979462875,0.959083469721768,0.0778816199376947,0.0318979266347687,0.963492063492064,0.6,0.721498371335505,0.964686998394864,0.0919354838709677,0.271860095389507,0.962108731466227,0.26797385620915,0.958881578947368,0.731825525040388,0.959935897435897,0.277960526315789,0.275752773375594,0.273015873015873,0.966292134831461,0.286846275752773,0.964227642276423,0.531446540880503,0.975077881619938,0.268921095008052,0.347068145800317,0.283048211508554,0.276595744680851,0.528180354267311,0.961844197138315,0.280314960629921,0.279801324503311,0.963722397476341,0.267628205128205,0.973684210526316,0.967238689547582,0.368760064412238,0.508500772797527,0.970345963756178,0.273462783171521,0.96260162601626,0.077639751552795,0.961920529801324,0.265723270440252,0.721153846153846,0.276357827476038,0.893376413570275,0.385502471169687,0.137096774193548,0.126805778491172,0.966237942122186,0.963636363636364,0.28892455858748,0.963607594936709,0.2734375,0.963607594936709,0.767145135566188,0.965408805031447,0.288524590163934,0.966129032258065,0.969055374592834,0.964516129032258,0.964052287581699,0.290113452188006,0.969551282051282,0.275974025974026,0.308544303797468,0.962204724409449,0.277777777777778,0.966824644549763,0.260450160771704,0.124409448818898,0.967266775777414,0.268092105263158,0.968051118210863,0.97191887675507,0.966183574879227,0.2992,0.962204724409449,0.282258064516129,0.965798045602606,0.26517571884984,0.968698517298188,0.28130081300813,0.107594936708861,0.96474358974359,0.674958540630182,0.966129032258065,0.967845659163987,0.285714285714286,0.966129032258065,0.962783171521036,0.966237942122186,0.965853658536585,0.276143790849673,0.272151898734177,0.960848287112561,0.9648,0.269230769230769,0.274671052631579,0.963258785942492,0.486223662884927,0.706336939721793,0.0325732899022801,0.272583201267829,0.7140549273021,0.968253968253968,0.284126984126984,0.963875205254516,0.958990536277603,0.960443037974684,0.284345047923323,0.281645569620253,0.282679738562091,0.970358814352574,0.96523178807947,0.966346153846154,0.0338709677419355,0.969105691056911,0.273170731707317,0.938291139240506,0.277511961722488,0.275641025641026,0.7408,0.964285714285714,0.965023847376789,0.966507177033493,0.965023847376789,0.962722852512156,0.0782747603833866,0.281967213114754,0.28525641025641,0.971563981042654,0.727699530516432,0.9640625,0.966824644549763,0.961165048543689,0.963665086887836,0.974151857835218,0.964006259780908,0.0315955766192733,0.35625,0.970031545741325,0.262725779967159,0.964110929853181,0.262578616352201,0.973312401883831,0.965964343598055,0.963492063492064,0.967266775777414,0.965630114566285,0.283171521035599,0.961844197138315,0.472089314194577,0.27724358974359,0.285488958990536,0.282926829268293,0.282218597063622,0.2896,0.388429752066116,0.286168521462639,0.266666666666667,0.263578274760383,0.9640625,0.276252019386107,0.964467005076142,0.7234375,0.274636510500808,0.356012658227848,0.29126213592233,0.965630114566285,0.966237942122186,0.964630225080386,0.305194805194805,0.272151898734177,0.957413249211357,0.272875816993464,0.286384976525822,0.278219395866455,0.280952380952381,0.723300970873786,0.964458804523425,0.282296650717703,0.271241830065359,0.961290322580645,0.266222961730449,0.963665086887836,0.270186335403727,0.275590551181102,0.970636215334421,0.965909090909091,0.965909090909091,0.579872204472843,0.964630225080386,0.729335494327391,0.122448979591837,0.276190476190476,0.966981132075472,0.96260162601626,0.1296,0.28,0.283142389525368,0.960461285008237,0.964912280701754,0.2671875,0.0591054313099042,0.0424143556280587,0.969255663430421,0.967051070840198,0.293650793650794,0.9648,0.970266040688576,0.264150943396226,0.968051118210863,0.968454258675079,0.278041074249605,0.968051118210863,0.966507177033493,0.968701095461659,0.964573268921095,0.292880258899676,0.269645608628659,0.290215588723051,0.967948717948718,0.965853658536585,0.712918660287081,0.283630470016207,0.967159277504105,0.27244094488189,0.243941841680129,0.963949843260188,0.966666666666667,0.964912280701754,0.957996768982229,0.969745222929936,0.279742765273312,0.969105691056911,0.967793880837359,0.133550488599349,0.289308176100629,0.455271565495208,0.273021001615509,0.719551282051282,0.278740157480315,0.967238689547582,0.275526742301459,0.294685990338164,0.300155520995334,0.271860095389507,0.967793880837359,0.287267080745342,0.967479674796748,0.967845659163987,0.96998420221169,0.266666666666667,0.285261489698891,0.965964343598055,0.889802631578947,0.0991869918699187,0.970636215334421,0.269230769230769,0.273170731707317,0.262820512820513,0.967213114754098,0.28125,0.509708737864078,0.284345047923323,0.265700483091787,0.262642740619902,0.266233766233766,0.965354330708661,0.276699029126214,0.961794019933555,0.964630225080386,0.0322061191626409,0.964573268921095,0.276422764227642,0.972972972972973,0.962732919254658,0.965346534653465,0.286407766990291,0.970125786163522,0.272577996715928,0.966666666666667,0.794212218649518,0.961661341853035,0.962171052631579,0.963722397476341,0.277511961722488,0.966832504145937,0.964573268921095,0.272141706924316,0.278582930756844,0.967845659163987,0.96969696969697,0.270700636942675,0.241214057507987,0.968543046357616,0.959871589085072,0.967897271268058,0.0351437699680511,0.275806451612903,0.966887417218543,0.263754045307443,0.294117647058824,0.964573268921095,0.719242902208202,0.396255850234009,0.964052287581699,0.961722488038278,0.715396578538103,0.744783306581059,0.316129032258064,0.963492063492064,0.284109149277689,0.962962962962963,0.96523178807947,0.291530944625407,0.962264150943396,0.961414790996785,0.0452342487883683,0.277867528271405,0.966237942122186,0.966019417475728,0.282178217821782,0.965079365079365,0.965403624382208,0.262214983713355,0.381642512077295,0.968903436988543,0.96998420221169,0.960975609756098,0.48006379585327,0.266347687400319,0.321951219512195,0.280864197530864,0.2864,0.726837060702875,0.279106858054226,0.282747603833866,0.274725274725275,0.2912,0.281045751633987,0.961965134706815,0.270440251572327,0.958199356913183,0.281399046104928,0.124615384615385,0.0864,0.968152866242038,0.965299684542587,0.078740157480315,0.967213114754098,0.72626582278481,0.080952380952381,0.0414012738853503,0.966507177033493,0.730891719745223,0.966129032258065,0.965023847376789,0.520900321543408,0.965189873417722,0.0332278481012658,0.107438016528926,0.965023847376789,0.966666666666667,0.974603174603175,0.276252019386107,0.69218989280245,0.728187919463087,0.961965134706815,0.959742351046699,0.949286846275753,0.260096930533118,0.381877022653722,0.962783171521036,0.270358306188925,0.964912280701754,0.34185303514377,0.135313531353135,0.2576,0.274294670846395,0.287931034482759,0.966876971608833,0.105678233438486,0.9609375,0.960330578512397,0.971337579617834,0.296062992125984,0.273322422258592,0.968698517298188,0.277777777777778,0.96523178807947,0.966722129783694,0.277864992150706,0.970540098199673,0.282608695652174,0.964856230031949,0.273615635179153,0.274636510500808,0.961538461538462,0.720853858784893,0.269349845201238,0.968553459119497,0.278688524590164,0.72107765451664,0.272012578616352,0.201267828843106,0.279620853080569,0.725363489499192,0.265676567656766,0.968595041322314,0.283464566929134,0.303370786516854,0.26148969889065,0.966507177033493,0.964516129032258,0.963779527559055,0.931034482758621,0.383471074380165,0.961904761904762,0.283142389525368,0.969453376205788,0.279731993299833,0.274015748031496,0.963549920760697,0.964516129032258,0.965299684542587,0.882352941176471,0.963836477987421,0.271585557299843,0.280564263322884,0.9648,0.969255663430421,0.0795454545454545,0.119086460032626,0.964516129032258,0.965964343598055,0.276252019386107,0.97007874015748,0.96551724137931,0.272435897435897,0.97,0.967845659163987,0.723704866562009,0.580246913580247,0.967373572593801,0.0338461538461538,0.965909090909091,0.960629921259842,0.133956386292835,0.276252019386107,0.965686274509804,0.275039745627981,0.961661341853035,0.92671009771987,0.963081861958267,0.783699059561129,0.961227786752827,0.282430213464696,0.973143759873618,0.964343598055105,0.964169381107492,0.0347551342812006,0.278606965174129,0.967213114754098,0.9664,0.717285945072698,0.967845659163987,0.279874213836478,0.320695102685624,0.28436018957346,0.964856230031949,0.971291866028708,0.969305331179321,0.128930817610063,0.282009724473258,0.122749590834697,0.959216965742251,0.274760383386581,0.268330733229329,0.307448494453249,0.0387722132471729,0.962783171521036,0.923076923076923,0.966507177033493,0.96984126984127,0.280645161290323,0.259375,0.204180064308682,0.0745542949756888,0.278768233387358,0.261712439418417,0.283891547049442,0.0340356564019449,0.271860095389507,0.973478939157566,0.0318471337579618,0.274881516587678,0.964573268921095,0.960655737704918,0.967845659163987,0.284565916398714,0.278740157480315,0.0702341137123746,0.9664,0.2656,0.263823064770932,0.96984126984127,0.968253968253968,0.276699029126214,0.743801652892562,0.968903436988543,0.966183574879227,0.724919093851133,0.968253968253968,0.281200631911532,0.967585089141005,0.279742765273312,0.572337042925278,0.719435736677116,0.36741214057508,0.96551724137931,0.265940902021773,0.274038461538462,0.722397476340694,0.699059561128527,0.968051118210863,0.28436018957346,0.974025974025974,0.286833855799373,0.967585089141005,0.267100977198697,0.263071895424837,0.314332247557003,0.484751203852327,0.272727272727273,0.268092105263158,0.707667731629393,0.27027027027027,0.183501683501683,0.964169381107492,0.035031847133758,0.963779527559055,0.258116883116883,0.966292134831461,0.0352,0.277867528271405,0.269789983844911,0.96260162601626,0.0960629921259843,0.963492063492064,0.120578778135048,0.295345104333868,0.961352657004831,0.104838709677419,0.708333333333333,0.965299684542587,0.9664,0.961965134706815,0.27317880794702,0.0774091627172196,0.966666666666667,0.398073836276083,0.13136288998358,0.313479623824451,0.280507131537242,0.27373417721519,0.963317384370016,0.962108731466227,0.965909090909091,0.971246006389776,0.973143759873618,0.101246105919003,0.974763406940063,0.724409448818898,0.0416666666666667,0.280193236714976,0.961538461538462,0.968102073365231,0.966666666666667,0.971830985915493,0.118022328548644,0.27602523659306,0.962145110410095,0.959807073954984,0.968646864686469,0.9744,0.961538461538462,0.965964343598055,0.52931854199683,0.0275080906148867,0.964458804523425,0.119047619047619,0.282258064516129,0.475040257648953,0.9632,0.356340288924559,0.265993265993266,0.273301737756714,0.959742351046699,0.0727848101265823,0.274447949526814,0.963375796178344,0.964912280701754,0.330081300813008,0.276729559748428,0.263414634146341,0.273927392739274,0.965678627145086,0.285251215559157,0.278846153846154,0.379254457050243,0.279742765273312,0.940438871473354,0.271739130434783,0.111475409836066,0.287560581583199,0.0380952380952381,0.967948717948718,0.12741935483871,0.266775777414075,0.27741935483871,0.273021001615509,0.963607594936709,0.967637540453074,0.959083469721768,0.961102106969206,0.963576158940397,0.970873786407767,0.298850574712644,0.962441314553991,0.276972624798712,0.278246205733558,0.56031746031746,0.731270358306189,0.965079365079365,0.961290322580645,0.0428571428571429,0.274015748031496,0.144246353322528,0.962616822429907,0.0688,0.963081861958267,0.973597359735974,0.265573770491803,0.969155844155844,0.965753424657534,0.591572123176661,0.367892976588629,0.970903522205207,0.108943089430894,0.139573070607553,0.9648,0.966074313408724,0.963492063492064,0.123993558776167,0.0355411954765751,0.277602523659306,0.388349514563107,0.270735524256651,0.0377358490566038,0.285245901639344,0.121951219512195,0.967741935483871,0.966887417218543,0.281645569620253,0.276357827476038,0.2864,0.300813008130081,0.274447949526814,0.286624203821656,0.964052287581699,0.966129032258065,0.293159609120521,0.961715160796325,0.0336538461538462,0.967689822294023,0.268608414239482,0.970779220779221,0.723370429252782,0.968503937007874,0.284329563812601,0.265238879736409,0.110210696920583,0.711323763955343,0.966183574879227,0.963258785942492,0.824476650563607,0.869127516778524,0.27823240589198,0.266129032258065,0.965571205007825,0.271986970684039,0.301765650080257,0.277597402597403,0.965299684542587,0.135220125786164,0.969793322734499,0.969305331179321,0.275974025974026,0.726072607260726,0.269230769230769,0.970049916805324,0.960975609756098,0.265822784810127,0.268608414239482,0.283699059561129,0.828990228013029,0.277504105090312,0.963434022257552,0.0894568690095847,0.963317384370016,0.966666666666667,0.733017377567141,0.686495176848875,0.286415711947627,0.0904684975767367,0.281967213114754,0.963492063492064,0.962233169129721,0.255663430420712,0.282218597063622,0.642289348171701,0.9616,0.272300469483568,0.348982785602504,0.263578274760383,0.955625990491284,0.518518518518518,0.0391849529780564,0.26550079491256,0.276295133437991,0.287828947368421,0.277960526315789,0.273006134969325,0.951638065522621,0.968102073365231,0.268488745980707,0.591869918699187,0.726537216828479,0.282539682539683,0.718801996672213,0.957792207792208,0.276898734177215,0.0390879478827362,0.28391167192429,0.270833333333333,0.348726114649682,0.277324632952692,0.0410094637223975,0.282747603833866,0.278501628664495,0.281967213114754,0.269789983844911
"75",0.529695024077046,0.507020280811232,0.523148148148148,0.499212598425197,0.516329704510109,0.52276295133438,0.828525641025641,0.50788643533123,0.523219814241486,0.598705501618123,0.515981735159817,0.528417818740399,0.310509554140127,0.508527131782946,0.158555729984301,0.166924265842349,0.554878048780488,0.84775641025641,0.516431924882629,0.519440124416796,0.162974683544304,0.16304347826087,0.524316109422492,0.652373660030628,0.527522935779816,0.160493827160494,0.156050955414013,0.502407704654896,0.523882896764253,0.301435406698565,0.174652241112828,0.256568778979907,0.470588235294118,0.160377358490566,0.510172143974961,0.516447368421053,0.979813664596273,0.504601226993865,0.159879336349925,0.526073619631902,0.851500789889415,0.843797856049005,0.844274809160305,0.497695852534562,0.497622820919176,0.154088050314465,0.159375,0.163358778625954,0.166409861325116,0.155725190839695,0.488514548238897,0.504731861198738,0.16380655226209,0.521406727828746,0.517719568567026,0.0825545171339564,0.973520249221184,0.510971786833856,0.531782945736434,0.503105590062112,0.151376146788991,0.153846153846154,0.167701863354037,0.860896445131376,0.526898734177215,0.516228748068006,0.5203125,0.517829457364341,0.56752655538695,0.158850226928896,0.502290076335878,0.164576802507837,0.152410575427683,0.565354330708661,1,0.52781954887218,0.162826420890937,0.148936170212766,0.506912442396313,0.157232704402516,0.581320450885668,0.143974960876369,0.168238993710692,0.506191950464396,0.145736434108527,0.5,0.516380655226209,0.491472868217054,0.504643962848297,0.837920489296636,0.519623233908948,0.503793626707132,0.488514548238897,0.580398162327718,0.506269592476489,0.540785498489426,0.49618320610687,0.509923664122137,0.974481658692185,0.847113884555382,0.518691588785047,0.557632398753894,0.168486739469579,0.5216,0.1640625,0.511737089201878,0.847328244274809,0.519142419601838,0.148499210110585,0.164086687306502,0.165123456790123,0.509375,0.150769230769231,0.511591962905719,0.971080669710807,0.517910447761194,0.161538461538462,0.789954337899543,0.152694610778443,0.152755905511811,0.967592592592593,0.516871165644172,0.16236722306525,0.166144200626959,0.507716049382716,0.170769230769231,0.509516837481698,0.519938650306748,0.819032761310452,0.394126738794436,0.509493670886076,0.164576802507837,0.521806853582555,0.523880597014925,0.514469453376206,0.154670750382848,0.846625766871166,0.164341085271318,0.446841294298921,0.272727272727273,0.598145285935085,0.572307692307692,0.512383900928793,0.503961965134707,0.166666666666667,0.530864197530864,0.149847094801223,0.524922118380062,0.330745341614907,0.512084592145015,0.153238546603476,0.524332810047096,0.514913657770801,0.531001589825119,0.501582278481013,0.145736434108527,0.517940717628705,0.159810126582278,0.729357798165138,0.506153846153846,0.165378670788253,0.522658610271903,0.169278996865204,0.585253456221198,0.50801282051282,0.154929577464789,0.520865533230294,0.514728682170543,0.496875,0.162576687116564,0.522480620155039,0.146919431279621,0.512345679012346,0.145705521472393,0.517515923566879,0.155309033280507,0.572964669738863,0.527777777777778,0.8896,0.524564183835182,0.517665130568356,0.157977883096367,0.528505392912173,0.510015408320493,0.521472392638037,0.517774343122102,0.162327718223583,0.164615384615385,0.501572327044025,0.508580343213729,0.162079510703364,0.169811320754717,0.503030303030303,0.922480620155039,0.86377245508982,0.478193146417445,0.159264931087289,0.848909657320872,0.505359877488515,0.157492354740061,0.515873015873016,0.515197568389058,0.518053375196232,0.17457886676876,0.166919575113809,0.1648,0.507575757575758,0.525236593059937,0.512937595129376,0.482919254658385,0.521193092621664,0.153238546603476,0.485362095531587,0.153726708074534,0.149532710280374,0.717557251908397,0.50693374422188,0.509174311926605,0.508500772797527,0.523148148148148,0.519809825673534,0.538940809968847,0.1546875,0.164885496183206,0.5115562403698,0.848392036753446,0.517241379310345,0.511244377811094,0.516279069767442,0.516279069767442,0.535321821036107,0.502248875562219,0.46676970633694,0.822289156626506,0.515384615384615,0.162974683544304,0.507788161993769,0.1578125,0.521936459909228,0.510971786833856,0.507020280811232,0.493769470404984,0.51685393258427,0.154907975460123,0.510736196319018,0.0657276995305164,0.14488188976378,0.160246533127889,0.155905511811024,0.160436137071651,0.168730650154799,0.273010920436817,0.152276295133438,0.143950995405819,0.158778625954198,0.524464831804281,0.146788990825688,0.514331210191083,0.842266462480858,0.156773211567732,0.790909090909091,0.161741835147745,0.509433962264151,0.489028213166144,0.510236220472441,0.752721617418352,0.169491525423729,0.503828483920367,0.161993769470405,0.161676646706587,0.151840490797546,0.163109756097561,0.850234009360374,0.514018691588785,0.159332321699545,0.158385093167702,0.505426356589147,0.166666666666667,0.509174311926605,0.156862745098039,0.173708920187793,0.525984251968504,0.511961722488038,0.530046224961479,1,0.523364485981308,0.834621329211746,0.586259541984733,0.153013910355487,0.513178294573643,0.507064364207221,0.590769230769231,0.162079510703364,0.150943396226415,0.506389776357827,0.505494505494505,0.167682926829268,0.525660964230171,0.48006379585327,0.517940717628705,0.500797448165869,0.144817073170732,0.51937984496124,0.52623688155922,0.165390505359877,0.510769230769231,0.52824427480916,0.165634674922601,0.520569620253165,0.520673813169985,0.521060842433697,0.5,0.1640625,0.177611940298507,0.160125588697017,0.516380655226209,0.515479876160991,0.840182648401826,0.140845070422535,0.502392344497608,0.155963302752294,0.165634674922601,0.516228748068006,0.504545454545455,0.518518518518518,0.504658385093168,0.518237082066869,0.157320872274143,0.515384615384615,0.531782945736434,0.609794628751975,0.147465437788018,0.321372854914197,0.166139240506329,0.834633385335413,0.165137614678899,0.511976047904192,0.163009404388715,0.151326053042122,0.753424657534247,0.161585365853659,0.503154574132492,0.166167664670659,0.503875968992248,0.523584905660377,0.514592933947773,0.156494522691706,0.167673716012085,0.517241379310345,0.435897435897436,0.560821484992101,0.522620904836194,0.157650695517774,0.158555729984301,0.150621118012422,0.495207667731629,0.156626506024096,0.964506172839506,0.16358024691358,0.154446177847114,0.14785373608903,0.162790697674419,0.499241274658574,0.159305993690852,0.51461038961039,0.510077519379845,0.494590417310665,0.516693163751987,0.15987460815047,0.527777777777778,0.523952095808383,0.5104,0.155763239875389,0.515197568389058,0.157232704402516,0.51285930408472,0.346036585365854,0.523882896764253,0.507109004739337,0.50384024577573,0.169465648854962,0.516483516483517,0.513343799058085,0.1640625,0.167974882260597,0.510869565217391,0.523664122137405,0.161787365177196,0.683257918552036,0.508744038155803,0.515290519877676,0.498470948012232,0.491525423728814,0.161695447409733,0.51461038961039,0.170506912442396,0.747252747252747,0.517133956386293,0.841049382716049,0.0514372163388805,0.514774494556765,0.513302034428795,0.846038863976084,0.817619783616692,0.144859813084112,0.509230769230769,0.157894736842105,0.510971786833856,0.491987179487179,0.154205607476636,0.529051987767584,0.511006289308176,0.497695852534562,0.151937984496124,0.517405063291139,0.505511811023622,0.155448717948718,0.515197568389058,0.520440251572327,0.149206349206349,0.835637480798771,0.511773940345369,0.513677811550152,0.506269592476489,0.0689127105666156,0.158218125960061,0.191222570532915,0.159638554216867,0.160186625194401,0.849293563579278,0.153139356814701,0.146645865834633,0.162327718223583,0.755832037325039,0.15748031496063,0.515837104072398,0.155455904334828,0.514195583596215,0.158705701078582,0.573134328358209,0.54531490015361,0.516030534351145,0.521212121212121,0.528593508500773,0.514285714285714,0.842185128983308,0.54375,0.49452269170579,0.50229709035222,0.848392036753446,0.515673981191223,0.520123839009288,0.401244167962675,0.511591962905719,0.492307692307692,0.585326953748006,0.5140625,0.515479876160991,0.529320987654321,0.158805031446541,0.870967741935484,0.831442463533225,0.529051987767584,0.507668711656442,0.482115085536547,0.167441860465116,0.841940532081377,0.515243902439024,0.163232963549921,0.516030534351145,0.0965732087227414,0.600313479623824,0.162327718223583,0.16236722306525,0.152684563758389,0.531202435312024,0.570992366412214,0.513473053892216,0.511182108626198,0.513846153846154,0.757207890743551,0.154213036565978,0.518691588785047,0.161189358372457,0.512903225806452,0.508038585209003,0.166153846153846,0.509404388714734,0.164670658682635,0.508500772797527,0.167449139280125,0.156589147286822,0.506079027355623,0.844339622641509,0.159638554216867,0.519938650306748,0.159677419354839,0.308049535603715,0.173453996983409,0.661119515885023,0.165424739195231,0.273155416012559,0.171114599686028,0.5,0.158461538461538,0.154434250764526,0.172043010752688,0.524564183835182,0.511700468018721,0.505295007564297,0.472,0.845161290322581,0.517829457364341,0.14218009478673,0.499229583975347,0.1712,0.159879336349925,0.510802469135803,0.505546751188589,0.506870229007634,0.444790046656299,0.509146341463415,0.170437405731523,0.161094224924012,0.496923076923077,0.50547730829421,0.554313099041534,0.596546310832025,0.52,0.497607655502392,0.162974683544304,0.52418096723869,0.522522522522523,0.165094339622642,0.527910685805423,0.523882896764253,0.83969465648855,0.996927803379416,0.504702194357367,0.478518518518519,0.517133956386293,0.50920245398773,0.586206896551724,0.170542635658915,0.523584905660377,0.146604938271605,0.5171875,0.483516483516484,0.531684698608965,0.341013824884793,0.520504731861199,0.158908507223114,0.504643962848297,0.505529225908373,0.50402576489533,0.470499243570348,0.171701112877583,0.500794912559618,0.509118541033435,0.846511627906977,0.51468315301391,0.162079510703364,0.116030534351145,0.165123456790123,0.523882896764253,0.507668711656442,0.518518518518518,0.602427921092564,0.159305993690852,0.583596214511041,0.5015625,0.171339563862928,0.165390505359877,0.12824427480916,0.492236024844721,0.50314465408805,0.459041731066461,0.512461059190031,0.51219512195122,0.146687697160883,0.161631419939577,0.656298600311042,0.543171114599686,0.175,0.156441717791411,0.162576687116564,0.481832543443918,0.154083204930663,0.509803921568627,0.491419656786271,0.163884673748103,0.496171516079632,0.511848341232227,0.524844720496894,0.156773211567732,0.158295281582953,0.540064102564103,0.513097072419106,0.1703125,0.160493827160494,0.522935779816514,0.521806853582555,0.161240310077519,0.835748792270531,0.515772870662461,0.523125996810207,0.847352024922118,0.511415525114155,0.178353658536585,0.533333333333333,0.165378670788253,0.998463901689708,0.851851851851852,0.269578313253012,0.507645259938838,0.167420814479638,0.150855365474339,0.836702954898911,0.843939393939394,0.504658385093168,0.15668202764977,0.516693163751987,0.166917293233083,0.513343799058085,0.157320872274143,0.161648177496038,0.12037037037037,0.385321100917431,0.161904761904762,0.164296998420221,0.860429447852761,0.158054711246201,0.655448717948718,0.5171875,0.493171471927162,0.507645259938838,0.157977883096367,0.516483516483517,0.498442367601246,0.166666666666667,0.165354330708661,0.521462639109698,0.552238805970149,0.498447204968944,0.579598145285935,0.1265625,0.485133020344288,0.566820276497696,0.857805255023184,0.509287925696594,0.503793626707132,0.515384615384615,0.155339805825243,0.548238897396631,0.522342064714946,0.0855365474339036,0.586854460093897,0.116207951070336,0.157733537519142,0.167173252279635,0.517774343122102,0.488188976377953,0.527733755942948,0.507692307692308,0.524691358024691,0.5625,0.535987748851455,0.84080370942813,0.494047619047619,0.15625,0.506912442396313,0.524256651017214,0.513643659711075,0.506060606060606,0.576744186046512,0.160741885625966,0.48936170212766,0.492138364779874,0.508716323296355,0.517940717628705,0.516030534351145,0.516329704510109,0.974124809741248,0.4992,0.511627906976744,0.579908675799087,0.162287480680062,0.926267281105991,0.521472392638037,0.111287758346582,0.158576051779935,0.163833075734158,0.51617873651772,0.535603715170279,0.161387631975867,0.515243902439024,0.525660964230171,0.116169544740973,0.157099697885196,0.152073732718894,0.164835164835165,0.503875968992248,0.1640625,0.158631415241058,0.26791277258567,0.163833075734158,0.483720930232558,0.158778625954198,0.588516746411483,0.156832298136646,0.494720965309201,0.525078369905956,0.577464788732394,0.169278996865204,0.163522012578616,0.152276295133438,0.5,0.496875,0.509646302250804,0.504615384615385,0.525316455696203,0.513556618819777,0.149842271293375,0.529595015576324,0.165884194053208,0.160130718954248,0.427258805513017,0.832025117739403,0.516717325227964,0.514503816793893,0.496251874062969,0.161585365853659,0.611026033690659,0.5,0.516329704510109,0.516329704510109,0.5136,0.152037617554859,0.525,0.50983606557377,0.478806907378336,0.246732026143791,0.508196721311475,0.57007874015748,0.596850393700787,0.510736196319018,0.498427672955975,0.508500772797527,0.582298136645963,0.498480243161094,0.154434250764526,0.0769230769230769,0.158295281582953,0.495440729483283,0.158059467918623,0.576138147566719,0.519319938176198,0.509404388714734,0.161339421613394,0.161290322580645,0.745007680491551,0.15,0.161042944785276,0.152542372881356,0.510204081632653,0.511591962905719,0.146189735614308,0.513235294117647,0.493957703927492,0.5,0.709119496855346,0.509463722397476,0.849230769230769,0.516923076923077,0.153488372093023,0.161084529505582,0.575342465753425,0.849462365591398,0.506269592476489,0.506998444790047,0.737421383647799,0.583601286173633,0.156105100463679,0.161904761904762,0.525914634146341,0.144634525660964,0.760188087774295,0.167456556082148,0.51424287856072,0.594512195121951,0.518518518518518,0.515723270440252,0.159442724458204,0.831230283911672,0.159937888198758,0.519872813990461,0.511773940345369,0.160741885625966,0.158307210031348,0.154545454545455,0.52755905511811,0.148325358851675,0.516483516483517,0.549382716049383,0.505426356589147,0.506451612903226,0.833585476550681,0.8953125,0.1488,0.551401869158878,0.152996845425868,0.520186335403727,0.499197431781701,0.1625,0.150914634146341,0.904109589041096,0.506870229007634,0.167427701674277,0.261205564142195,0.15919629057187,0.528417818740399,0.957413249211357,0.493087557603687,0.166158536585366,0.153153153153153,0.151658767772512,0.164556962025316,0.155455904334828,0.537404580152672,0.518053375196232,0.164869029275809,0.96969696969697,0.847589424572317,0.73353751914242,0.8352,0.493001555209953,0.15668202764977,0.496124031007752,0.147640791476408,0.155145929339478,0.271056661562021,0.141085271317829,0.488549618320611,0.165634674922601,0.15955766192733,0.151658767772512,0.155624036979969
"76",1,1,1,1,1,1,0.705069124423963,1,1,0.102643856920684,1,0.0449775112443778,0.820940819423369,1,0.309815950920245,0.303076923076923,0.0659670164917541,0.687400318979266,1,1,0.283513097072419,0.3125,1,0.160606060606061,1,0.321156773211568,0.313178294573643,1,1,0.789954337899543,0.312781954887218,0.731411229135053,0.96078431372549,0.31306990881459,0,1,0.553544494720965,1,0.304221251819505,1,0.661538461538462,0.686453576864536,0.690936106983655,1,1,0.316358024691358,0.317484662576687,0.304477611940298,0.321212121212121,0.323529411764706,0,1,0.309774436090226,1,1,0.490045941807044,0.565420560747664,1,1,1,0.328869047619048,0.315950920245399,0.321100917431193,0.685099846390169,1,1,0.0424242424242424,1,0.0628654970760234,0.31892697466468,1,0.313253012048193,0.324074074074074,0.96583850931677,0.52781954887218,1,0.305389221556886,0.326836581709145,1,0.308777429467085,0.0914826498422713,0.328725038402458,0.326656394453005,1,0.331818181818182,1,1,1,1,0.692653673163418,1,1,0.00149925037481259,0.111111111111111,1,0.0469897209985316,0,1,0.569620253164557,0.679506933744222,1,0.0582822085889571,0.305936073059361,1,0.316030534351145,1,0.686186186186186,1,0.30781010719755,0.315629742033384,0.316417910447761,1,0.325688073394495,1,0.491827637444279,1,0.313161875945537,0.30421686746988,0.31892697466468,0.309559939301973,0.488095238095238,0.998480243161094,0.322338830584708,0.317757009345794,1,0.305722891566265,1,1,0.329770992366412,0.548148148148148,1,0.316436251920123,1,0.0436681222707424,1,0.306646525679758,0.672699849170437,0.32383808095952,0.926267281105991,0.44131455399061,0.108562691131498,0.1,1,1,0.325688073394495,1,0.316568047337278,1,0.805135951661631,1,0.327131782945736,1,1,1,1,0.335889570552147,1,0.316030534351145,0.256676557863501,1,0.311940298507463,1,0.296803652968037,0.0890937019969278,1,0.304482225656878,1,1,1,0.325373134328358,1,0.326687116564417,1,0.305970149253731,1,0.310769230769231,0.0784313725490196,1,0.645569620253165,1,1,0.309597523219814,1,1,1,1,0.313636363636364,0.307922272047833,1,0.998498498498498,0.321428571428571,0.304953560371517,1,0.455098934550989,0.665217391304348,0,0.318318318318318,0.670713201820941,1,0.320359281437126,1,0.998516320474777,1,0.314074074074074,0.321005917159763,0.32398753894081,1,1,1,0,1,0.306153846153846,0.967840735068913,0.3203125,0.304615384615385,0.755656108597285,1,1,1,1,1,0.0449101796407186,0.317972350230415,0.328335832083958,1,0.67814371257485,1,1,0.998496240601504,0.998482549317147,1,1,0.00448430493273543,0.320300751879699,1,0.306976744186047,1,0.301972685887709,1,1,1,1,1,0.319508448540707,1,0.509090909090909,0.327272727272727,0.325859491778774,0.316998468606432,0.312688821752266,0.329211746522411,0.426127527216174,0.325688073394495,0.307462686567164,0.309774436090226,1,0.321646341463415,1,0.695716395864106,0.311178247734139,0.312965722801788,0.332824427480916,1,1,1,0.255673222390318,0.314199395770393,1,0.317484662576687,0.325408618127786,0.305597579425113,0.317220543806647,0.691489361702128,1,0.324734446130501,0.316358024691358,1,0.307332293291732,1,0.307807807807808,0.312217194570136,1,1,1,0.546564885496183,1,0.690184049079755,0.0866372980910426,0.317700453857791,1,1,0.102255639097744,0.324812030075188,0.317901234567901,1,1,0.304023845007452,0.0258751902587519,0.00309119010819165,1,1,0.334795321637427,0.998475609756098,1,0.312781954887218,1,1,0.317436661698957,1,1,1,1,0.327188940092166,0.301914580265096,0.328149300155521,1,1,0.670212765957447,0.318042813455657,1,0.314456035767511,0.293577981651376,1,1,0.998480243161094,1,1,0.323619631901841,1,1,0.110077519379845,0.328402366863905,0.495398773006135,0.308641975308642,0.674772036474164,0.313725490196078,1,0.308282208588957,0.333841463414634,0.253753753753754,0.31784107946027,1,0.324850299401198,1,1,1,0.301538461538462,0.317979197622585,0.998484848484849,0.9234375,0.0680061823802164,1,0.313546423135464,0.321483771251932,0.301538461538462,1,0.327844311377246,0.478461538461538,0.321212121212121,0.311278195488722,0.312210200927357,0.309230769230769,1,0.316666666666667,1,1,0,1,0.322188449848024,1,1,1,0.329770992366412,1,0.3109375,1,0.842342342342342,1,1,1,0.316816816816817,1,1,0.309309309309309,0.312977099236641,1,1,0.307339449541284,0.193164933135215,1,0.998496240601504,1,0,0.313935681470138,1,0.302571860816944,0.246081504702194,1,0.677760968229955,0.426426426426426,1,1,0.683068017366136,0.704268292682927,0.346504559270517,1,0.318181818181818,1,1,0.330781010719755,1,0.998452012383901,0.00605143721633888,0.32572298325723,1,1,0.327639751552795,1,1,0.309230769230769,0.333836858006042,1,1,1,0.528358208955224,0.302222222222222,0.345509893455099,0.313868613138686,0.327354260089686,0.692541856925419,0.324850299401198,0.321266968325792,0.310549777117385,0.246616541353383,0.321100917431193,1,0.319054652880355,0.998463901689708,0.309451219512195,0.0894428152492669,0.0536512667660209,1,1,0.0382848392036753,1,0.683658170914543,0.0423600605143722,0.0108024691358025,1,0.688449848024316,1,1,0.545176110260337,1,0,0.0726698262243286,1,1,1,0.318461538461538,0.654124457308249,0.69435736677116,0.992581602373887,1,0.983508245877061,0.299546142208775,0.341984732824427,1,0.299392097264438,1,0.367534456355283,0.113003095975232,0.302255639097744,0.320531757754801,0.336038961038961,1,0.0830860534124629,1,1,1,0.264264264264264,0.324074074074074,1,0.319148936170213,1,1,0.308734939759036,1,0.317109144542773,1,0.308049535603715,0.322775263951735,1,0.681538461538462,0.315169366715758,1,0.309451219512195,0.761398176291793,0.310549777117385,0.169184290030211,0.32258064516129,0.774885145482389,0.306501547987616,1,0.324925816023739,0.340329835082459,0.288519637462236,1,1,1,0.967592592592593,0.338582677165354,1,0.322378716744914,1,0.324367088607595,0.316890881913303,1,1,1,0.921686746987952,1,0.31044776119403,0.312781954887218,1,1,0.0510046367851623,0.0830769230769231,1,1,0.302290076335878,1,1,0.313455657492355,1,1,0.681008902077151,0.54066265060241,1,0,1,1,0.106446776611694,0.327272727272727,1,0.316030534351145,0.998475609756098,0.964669738863287,0.998477929984779,0.818862275449102,1,0.320813771517997,1,1,1,0,0.307692307692308,1,1,0.669753086419753,1,0.310975609756098,0.355623100303951,0.324283559577677,1,1,1,0.0990990990990991,0.315870570107858,0.0970266040688576,0.998456790123457,0.314589665653495,0.305970149253731,0.350453172205438,0,1,0.95619335347432,1,1,0.324159021406728,0.302670623145401,0.162826420890937,0.0430769230769231,0.32262996941896,0.309230769230769,0.324404761904762,0.00153846153846154,0.311349693251534,1,0,0.312688821752266,1,1,1,0.312217194570136,0.319180087847731,0.0391236306729265,1,0.311926605504587,0.300911854103343,1,1,0.319277108433735,0.695374800637959,1,1,0.700453857791225,1,0.304804804804805,1,0.313935681470138,0.530280649926145,0.673684210526316,0.405970149253731,1,0.299248120300752,0.312307692307692,0.681614349775785,0.671091445427729,1,0.32375189107413,1,0.320588235294118,1,0.316187594553706,0.311926605504587,0.354887218045113,0.534743202416918,0.313455657492355,0.307098765432099,0.674772036474164,0.312874251497006,0.150706436420722,1,0,1,0.291666666666667,1,0,0.319571865443425,0.312788906009245,1,0.0595065312046444,1,0.0857580398162328,0.33693972179289,1,0.0684931506849315,0.6732223903177,1,1,1,0.307448494453249,0.0402384500745156,1,0.425981873111782,0.102964118564743,0.358630952380952,0.320359281437126,0.324850299401198,1,1,1,1,1,0.0662739322533137,0.995488721804511,0.689291101055807,0.00439882697947214,0.31570996978852,1,1,1,1,0.0893939393939394,0.311278195488722,1,1,1,1,1,1,0.491754122938531,0.00153846153846154,1,0.0885885885885886,0.31306990881459,0.434650455927052,1,0.390769230769231,0.30952380952381,0.30804248861912,1,0.040785498489426,0.310240963855422,1,1,0.363636363636364,0.309667673716012,0.305597579425113,0.313755795981453,0.998498498498498,0.3265625,0.313056379821958,0.422187981510015,0.313725490196078,0.970149253731343,0.31314623338257,0.084375,0.32370820668693,0,1,0.0916030534351145,0.316923076923077,0.312121212121212,0.3125,1,1,1,1,1,1,0.327188940092166,1,0.313935681470138,0.321766561514196,0.613432835820895,0.683563748079877,1,1,0,0.318518518518519,0.121951219512195,0.998533724340176,0.0380517503805175,1,1,0.315384615384615,1,1,0.623839009287926,0.425396825396825,0.995639534883721,0.0824261275272162,0.10105580693816,1,1,1,0.088855421686747,0,0.311572700296736,0.416923076923077,0.316187594553706,0,0.322085889570552,0.088785046728972,1,1,0.316493313521545,0.313813813813814,0.24886191198786,0.332819722650231,0.306784660766962,0.316187594553706,1,1,0.327692307692308,1,0,1,0.233846153846154,1,0.675265553869499,1,0.307575757575758,0.307926829268293,0.0802377414561664,0.677130044843049,1,1,0.795731707317073,0.90077519379845,0.31441717791411,0.313755795981453,1,0.314842578710645,0.254601226993865,0.31201248049922,1,0.108433734939759,1,1,0.315548780487805,0.684129429892142,0.308755760368664,1,1,0.300604229607251,0.31039755351682,0.316890881913303,0.865325077399381,0.309230769230769,1,0.0592705167173252,1,1,0.702255639097744,0.65296803652968,0.316770186335404,0.0570570570570571,0.323529411764706,1,1,0.302752293577982,0.324615384615385,0.625,1,0.308845577211394,0.368731563421829,0.308035714285714,0.986547085201794,0.478978978978979,0.00299850074962519,0.305389221556886,0.32258064516129,0.326120556414219,0.310502283105023,0.318047337278107,0.97317436661699,1,0.314589665653495,0.56269592476489,0.687211093990755,0.24287856071964,0.6896,1,0.32078313253012,0.00303951367781155,0.325227963525836,0.311278195488722,0.371814092953523,0.313455657492355,0,0.334834834834835,0.3109375,0.315467075038285,0.310606060606061
"77",0.294770206022187,0.307098765432099,0.305900621118012,0.313479623824451,0.304615384615385,0.3,0.00786163522012579,0.310725552050473,0.303680981595092,0.590111642743222,0.304878048780488,0.641975308641975,0.493001555209953,0.309341500765697,1,1,0.64,0,0.314152410575428,0.296466973886329,1,1,0.3125,0.522205206738132,0.298325722983257,1,1,0.321766561514196,0.296240601503759,0.505426356589147,1,0.571428571428571,0.360730593607306,0.995334370139969,0.680981595092024,0.302588996763754,0.140888208269525,0.314674735249622,1,0.294478527607362,0.00305810397553517,0,0,0.317262830482115,0.305772230889236,1,0.993817619783617,1,1,1,0.692660550458716,0.317683881064163,1,0.309597523219814,0.299694189602446,0.813374805598756,0.126365054602184,0.312111801242236,0.303353658536585,0.309006211180124,0.990922844175492,1,1,0.0046656298600311,0.305732484076433,0.307339449541284,0.657364341085271,0.313084112149533,0.624242424242424,1,0.312024353120244,1,1,0.268562401263823,0.162826420890937,0.305389221556886,1,0.995515695067265,0.311450381679389,1,0.620634920634921,1,1,0.311926605504587,1,0.309774436090226,0.309006211180124,0.314814814814815,0.31201248049922,0,0.313178294573643,0.316742081447964,0.69218989280245,0.600910470409712,0.308661417322835,0.650914634146341,0.686274509803922,0.297839506172839,0.124213836477987,0,0.3,0.63125,1,0.300632911392405,1,0.309230769230769,0,0.316770186335404,1,1,1,0.301075268817204,0.995426829268293,0.320433436532508,0.209969788519637,0.302395209580838,1,0.377300613496933,1,1,0.209876543209877,0.299539170506912,1,1,0.323076923076923,1,0.304023845007452,0.30316742081448,0.369230769230769,0.767019667170953,0.306122448979592,1,0.316455696202532,0.647321428571429,0.321144674085851,1,0.00153609831029186,1,0.36687306501548,0.888888888888889,0.588414634146341,0.61171032357473,0.310664605873261,0.314375987361769,1,0.298325722983257,1,0.29393468118196,0.49390243902439,0.312781954887218,1,0.298921417565485,0.30298273155416,0.31911532385466,0.321538461538462,1,0.295208655332303,1,0.443778110944528,0.320726172465961,1,0.313253012048193,1,0.602803738317757,0.305111821086262,1,0.305084745762712,0.306060606060606,0.318042813455657,0.986486486486487,0.312788906009245,1,0.314152410575428,1,0.312401883830455,1,0.603658536585366,0.288109756097561,0.0302066772655008,0.290372670807453,0.313364055299539,1,0.300455235204856,0.309230769230769,0.314984709480122,0.318529862174579,1,1,0.3125,0.318818040435459,1,1,0.310872894333844,0.24375,0.0193452380952381,0.700934579439252,1,0.00308641975308642,0.308623298033283,1,0.312302839116719,0.300751879699248,0.305426356589147,0.996894409937888,1,1,0.321321321321321,0.300632911392405,0.308157099697885,0.6890625,0.301391035548686,1,0.323216995447648,1,1,0.441221374045802,0.3125,0.310975609756098,0.313271604938272,0.295839753466872,0.305993690851735,0.654263565891473,1,1,0.310502283105023,0.00308166409861325,0.315868263473054,0.301634472511144,0.31104199066874,0.293394777265745,0.283489096573209,0.310344827586207,0.707646176911544,0.368740515933232,0.298325722983257,1,0.308661417322835,1,0.3,0.297546012269939,0.308396946564885,0.324074074074074,0.296825396825397,1,0.320668693009119,0.796583850931677,1,1,0.996870109546166,1,1,0.89873417721519,1,1,1,0.304545454545455,1,0.319488817891374,0,1,0.387878787878788,1,0.313084112149533,0.308868501529052,0.307458143074581,0.426127527216174,1,0.310240963855422,1,1,1,1,0,0.305900621118012,1,1,0.317262830482115,1,0.314112291350531,1,1,0.298107255520505,0.309294871794872,0.291021671826625,0.151001540832049,0.31937984496124,0,0.604790419161677,1,0.313364055299539,0.305511811023622,0.593323216995448,1,1,0.318541996830428,0.315541601255887,1,0.665653495440729,0.707472178060413,0.300155520995334,0.308917197452229,0.993948562783661,0.313664596273292,0.302806499261448,1,0.309119010819165,0.294207317073171,1,0.297169811320755,0.309006211180124,0.301829268292683,0.311526479750779,1,1,1,0.289833080424886,0.313271604938272,0.00610687022900763,0.992211838006231,0.314641744548287,1,1,0.298780487804878,0.318952234206472,0.299093655589124,0.306990881458967,0.308049535603715,1,0.302147239263804,0.306060606060606,0.581102362204724,1,0.839258114374034,1,0,1,0.318452380952381,1,1,0.421374045801527,0.998466257668712,0.312302839116719,1,0.292117465224111,0.294298921417565,0.305810397553517,1,1,0.307926829268293,0.392125984251968,0.629457364341085,0.294851794071763,1,1,1,0.303738317757009,1,0.215503875968992,1,1,1,1,0.308396946564885,1,0.308306709265176,0.324534161490683,0.69431643625192,0.296411856474259,1,0.313846153846154,0.298937784522003,0.305246422893482,1,0.3,1,0.312312312312312,0.461059190031153,0.3109375,0.312111801242236,0.299694189602446,1,0.302325581395349,0.293478260869565,1,1,0.307332293291732,0.304012345679012,1,0.491679273827534,0.305863708399366,0.318818040435459,0.316666666666667,0.691244239631336,1,0.286407766990291,1,0.4265625,0.302325581395349,0,0.880844645550528,0.305246422893482,0.307453416149068,0,0.0276073619631902,0.981481481481482,0.304012345679012,1,0.302180685358255,0.312599681020734,1,0.310502283105023,0.311811023622047,0.68125,1,0.320433436532508,0.313971742543171,1,0.307926829268293,0.295886075949367,1,0.351309707241911,0.306122448979592,0.310502283105023,0.324031007751938,0.792998477929985,1,0.979782270606532,1,1,0.00154559505409583,1,0.99537037037037,1,0.439628482972136,0.996860282574568,0.291858678955453,0.993984962406015,0.315132605304212,0.996937212863706,0.614475627769572,0.644817073170732,0.30640243902439,0.303353658536585,0.649923896499239,0.306349206349206,0,0.64,0.68944099378882,0.316923076923077,0.00153374233128834,0.303076923076923,0.293394777265745,0.769470404984424,0.314329738058552,0.698757763975155,0.607198748043818,0.303599374021909,0.310708898944193,0.291925465838509,1,0.028023598820059,0,0.310769230769231,0.314814814814815,0.32093023255814,1,0.349230769230769,0.304012345679012,1,0.30030487804878,0.942635658914729,0.584758942457232,1,1,0.993421052631579,0.309559939301973,0.62012012012012,0.312965722801788,0.297939778129952,0.30521472392638,0.42406015037594,1,0.304347826086957,1,0.308056872037915,0.314194577352472,1,0.313291139240506,1,0.316846986089645,1,1,0.305555555555556,0,1,0.317629179331307,1,0.539050535987749,1,0.525037936267071,1,0.543913713405239,1,0.311605723370429,1,1,1,0.298003072196621,0.309486780715397,0.310344827586207,0.33868378812199,0.340288924558588,0.302469135802469,1,0.315707620528771,1,1,0.31859756097561,0.310344827586207,0.304477611940298,0.372670807453416,0.318112633181126,1,1,0.323076923076923,0.309375,0.638801261829653,0.610410094637224,0.302469135802469,0.309262166405024,1,0.303030303030303,0.309417040358744,0.993846153846154,0.299684542586751,0.306625577812018,0,0.144992526158445,0.314329738058552,0.69150521609538,0.300469483568075,0.313935681470138,0.615151515151515,0.996913580246914,0.304347826086957,1,0.308411214953271,0.335403726708075,0.301242236024845,0.461305007587253,0.303875968992248,1,0.309815950920245,0.315047021943574,0.31924882629108,0.694063926940639,1,0.311605723370429,0.303353658536585,0,0.31570996978852,0.998447204968944,0.956127080181543,1,0.31306990881459,0.319083969465649,0.305084745762712,0.606875934230194,1,0.603503184713376,0.326086956521739,1,1,0.964723926380368,0.684698608964451,0.320373250388802,0.354642313546423,0.30441400304414,0.307926829268293,1,1,0.532507739938081,0.647951441578149,1,1,0.998468606431853,0.708920187793427,1,0.314199395770393,0.695924764890282,1,0.310185185185185,0.309815950920245,0.311450381679389,0.996941896024465,1,0.657643312101911,0.316030534351145,1,1,0.310769230769231,0.303215926493109,0.998473282442748,0,0.310769230769231,0.302325581395349,0.00626959247648903,0.308510638297872,1,0.296062992125984,1,0.153729071537291,0,0.909638554216867,0.32312404287902,1,1,0,0.00151515151515152,0.320433436532508,1,0.303317535545024,0.996978851963746,0.296583850931677,1,0.998422712933754,0.965891472868217,0.7673343605547,1,1,0.0046875,1,0.52520325203252,0.318952234206472,0.68429003021148,0.312883435582822,1,0.304147465437788,0.686728395061728,1,1,0.304212168486739,0.628148148148148,0.320061255742726,0.590417310664606,0.973520249221184,0.320552147239264,0.617511520737327,0.0124223602484472,0.304147465437788,0.310872894333844,0.309090909090909,1,0.63969465648855,0.300604229607251,0.887323943661972,0.607198748043818,0.96969696969697,1,1,0.304147465437788,0.325949367088608,0.302652106084243,0.303625377643505,0.304281345565749,0.629850746268657,0.303030303030303,0,0.682089552238806,0.998477929984779,0.312883435582822,0.302180685358255,0.309859154929577,0.311450381679389,0.611872146118721,1,0.321044546850998,0.327102803738318,0.320634920634921,0.306501547987616,0.30568356374808,0.30564263322884,0.205128205128205,0.696969696969697,0.310832025117739,0.613636363636364,1,0.246177370030581,0.306625577812018,0.922712933753943,1,1,0.301242236024845,0.651090342679128,1,0.309451219512195,0.30030959752322,0.956454121306376,1,1,0.996875,0.304482225656878,1,1,0.901253918495298,1,0.338931297709924,1,0.602503912363067,1,0.682442748091603,0.297674418604651,0.611635220125786,1,1,0.992138364779874,0.314503816793893,0.311627906976744,0.313408723747981,0.313755795981453,0.320251177394035,0.3140625,0.982785602503912,0.30521472392638,1,1,0.71583850931677,0,0.307807807807808,0.30781010719755,0.690332326283988,1,0.572530864197531,0.31969696969697,0.652307692307692,0.309486780715397,0.306477093206951,1,0.304212168486739,0.313504823151125,0.685358255451713,0.914556962025316,0.313696612665685,0.610759493670886,0.589703588143526,0.309667673716012,0.318952234206472,0.290964777947933,0.613251155624037,0.689814814814815,1,0.897239263803681,1,0.677862595419847,0.996865203761755,0.60596546310832,0.305426356589147,0.316455696202532,1,1,0.449230769230769,0.993700787401575,0.998461538461539,1,0.311912225705329,0.31839258114374,1,0.298662704309064,0.69242658423493,0.320493066255778,0.470948012232416,0.294209702660407,0,0.301223241590214,1,1,0.611532625189681,0.0015220700152207,0.32312404287902,0.310664605873261,0.101246105919003,0.409017713365539,1,1,0.302848575712144,1,0.41588785046729,1,0.320950965824666,0.6,0.314900153609831,0.313572542901716,1,0,1,0.299050632911392,0.31104199066874,1,1,1,0.440570522979398,1,0.307098765432099,0.627092846270928,0.322033898305085,0.31924882629108,0.0015220700152207,0.0416666666666667,1,0.637904468412943,1,0.314728682170543,0.322834645669291,1,1,0.161631419939577,0.30521472392638,1,0.908536585365854,1,0.314925373134328,0.208137715179969,0.683563748079877,1,1,1,1,1,0.281818181818182,0.296703296703297,1,0.117174959871589,0.0015625,0.446483180428135,0,0.316770186335404,1,0.687306501547988,1,1,0.898176291793313,1,0.694573643410853,1,1,1,1
"78",0.309262166405024,0.327188940092166,0.329268292682927,0.344287949921753,0.331782945736434,0.324534161490683,0.0108695652173913,0.333333333333333,0.329787234042553,0.561904761904762,0.334351145038168,0.618320610687023,0.528861154446178,0.340030911901082,0.995319812792512,0.993846153846154,0.604294478527607,0.00637958532695375,0.339563862928349,0.326594090202177,0.995319812792512,0.995268138801262,0.338931297709924,0.497695852534562,0.329770992366412,0.996960486322188,0.993740219092332,0.349206349206349,0.328703703703704,0.536163522012579,0.993836671802773,0.608761329305136,0.398473282442748,0.996937212863706,0.644305772230889,0.32475884244373,0.124423963133641,0.341867469879518,0.993920972644377,0.322239031770045,0.00613496932515337,0.00461538461538462,0.00601503759398496,0.344236760124611,0.325471698113208,0.996850393700787,0.998456790123457,0.993930197268589,0.99390243902439,0.996969696969697,0.669195751138088,0.344391785150079,0.993920972644377,0.336906584992343,0.331811263318113,0.834375,0.108320251177394,0.339622641509434,0.329286798179059,0.334890965732087,0.993984962406015,0.995334370139969,0.993808049535604,0.00153846153846154,0.330658105939005,0.336874051593323,0.63452566096423,0.338983050847458,0.597305389221557,0.996955859969559,0.334355828220859,0.995356037151703,0.99685534591195,0.295527156549521,0.148936170212766,0.326836581709145,0.995515695067265,1,0.33433734939759,0.995260663507109,0.585055643879173,0.996904024767802,0.993817619783617,0.343939393939394,0.998477929984779,0.338323353293413,0.329230769230769,0.346153846153846,0.341614906832298,0.00611620795107034,0.33693972179289,0.345808383233533,0.670769230769231,0.572078907435508,0.333855799373041,0.619482496194825,0.664615384615385,0.33026113671275,0.107936507936508,0.0031104199066874,0.323574730354391,0.601550387596899,0.995356037151703,0.337078651685393,0.993779160186625,0.336434108527132,0.00309119010819165,0.342635658914729,0.993779160186625,0.99537037037037,0.99388379204893,0.327692307692308,0.996960486322188,0.337404580152672,0.181954887218045,0.324850299401198,0.996884735202492,0.357473035439137,0.994020926756353,0.995356037151703,0.182795698924731,0.329230769230769,0.996969696969697,0.995207667731629,0.347222222222222,0.993911719939117,0.32992700729927,0.325301204819277,0.353941267387944,0.762481089258699,0.333863275039746,0.995356037151703,0.346333853354134,0.615037593984962,0.34913112164297,0.993893129770992,0.00307692307692308,0.995319812792512,0.399688958009331,0.882445141065831,0.562596599690881,0.574500768049155,0.332824427480916,0.335987261146497,0.993836671802773,0.333846153846154,0.99400299850075,0.318461538461538,0.526395173453997,0.337331334332834,0.995260663507109,0.316692667706708,0.329192546583851,0.343122102009274,0.335394126738794,0.993788819875776,0.322981366459627,0.995297805642633,0.410876132930514,0.340458015267176,0.995384615384615,0.342814371257485,0.993874425727412,0.56832298136646,0.334375,0.995260663507109,0.3375,0.324159021406728,0.342465753424658,0.992354740061162,0.343511450381679,0.996927803379416,0.338582677165354,0.996932515337423,0.33968253968254,0.995297805642633,0.572741194486983,0.317411402157165,0.0288461538461538,0.314329738058552,0.330733229329173,0.993730407523511,0.321428571428571,0.334360554699538,0.332321699544765,0.346687211093991,0.995363214837713,0.996946564885496,0.338072669826224,0.342592592592593,0.993939393939394,0.996850393700787,0.338461538461538,0.218654434250765,0.01620029455081,0.666151468315301,0.996927803379416,0.00151745068285281,0.325757575757576,0.993975903614458,0.341194968553459,0.323353293413174,0.332824427480916,0.996932515337423,0.996960486322188,0.995260663507109,0.343373493975904,0.332802547770701,0.332822085889571,0.65987460815047,0.317484662576687,0.995297805642633,0.363777089783282,0.9953125,0.996845425867508,0.429012345679012,0.341085271317829,0.338414634146341,0.3375,0.319444444444444,0.332810047095761,0.628834355828221,0.995341614906832,0.996969696969697,0.333333333333333,0.00153846153846154,0.344879518072289,0.329866270430906,0.328725038402458,0.32824427480916,0.312693498452012,0.332829046898638,0.676335877862595,0.340978593272171,0.319508448540707,0.99537037037037,0.339652448657188,0.995412844036697,0.32572298325723,0.326625386996904,0.331782945736434,0.350157728706625,0.324881141045959,0.998452012383901,0.336405529953917,0.819595645412131,0.993827160493827,0.996946564885496,0.998435054773083,0.995419847328244,0.993759750390016,0.889580093312597,0.993930197268589,0.995454545454545,0.995391705069124,0.330316742081448,0.995341614906832,0.338658146964856,0.00453172205438067,0.99388379204893,0.362385321100917,0.993769470404984,0.344186046511628,0.338028169014085,0.331782945736434,0.405572755417957,0.993769470404984,0.338957055214724,0.993846153846154,0.99554234769688,0.995412844036697,0.993948562783661,0.00152671755725191,0.327014218009479,0.993939393939394,0.996830427892235,0.3359375,0.995268138801262,0.335384615384615,0.995440729483283,0.996908809891808,0.322274881516588,0.338072669826224,0.320061255742726,0.133333333333333,0.338957055214724,0.00465116279069767,0.57593984962406,0.996908809891808,0.331316187594554,0.331782945736434,0.570776255707763,0.99388379204893,0.995297805642633,0.344,0.347286821705426,0.995334370139969,0.63482280431433,0.681818181818182,0.318541996830428,0.334935897435897,0.993920972644377,0.342507645259939,0.319880418535127,0.993930197268589,0.336923076923077,0.320121951219512,0.998466257668712,0.321372854914197,0.336448598130841,0.330246913580247,0.331804281345566,0.996946564885496,0.996960486322188,0.996899224806202,0.329721362229102,0.340625,0.00907715582450832,0.996923076923077,0.340659340659341,0.996978851963746,0.995341614906832,0.331325301204819,0.344360902255639,0.326717557251908,0.336434108527132,0.339421613394216,0.993836671802773,0.324451410658307,0.330769230769231,0.556782334384858,0.996987951807229,0.832822085889571,0.995297805642633,0.00613496932515337,0.995405819295559,0.341317365269461,0.99375,0.996918335901387,0.406201550387597,0.995426829268293,0.338509316770186,0.995488721804511,0.321981424148607,0.31733746130031,0.328746177370031,0.996978851963746,0.993846153846154,0.337941628264209,0.420382165605096,0.59253499222395,0.313755795981453,0.993893129770992,0.995268138801262,0.995305164319249,0.334384858044164,0.993911719939117,0.181395348837209,0.993911719939117,0.995348837209302,0.996830427892235,0.995327102803738,0.344461305007587,0.993690851735016,0.338735818476499,0.349768875192604,0.661442006269592,0.323943661971831,0.995356037151703,0.336858006042296,0.327354260089686,0.332288401253919,0.995305164319249,0.317771084337349,0.993740219092332,0.331851851851852,0.494590417310665,0.337404580152672,0.337480559875583,0.323795180722892,0.995391705069124,0.341772151898734,0.32182103610675,0.995419847328244,0.995297805642633,0.333846153846154,0.323529411764706,0.996951219512195,0.455792682926829,0.331210191082803,0.343558282208589,0.338880484114977,0.665123456790123,0.993710691823899,0.308917197452229,0.996932515337423,0.395993836671803,0.330745341614907,0.00461538461538462,0.889055472263868,0.335433070866142,0.34,0.0029585798816568,0.038109756097561,0.986280487804878,0.330232558139535,0.99388379204893,0.330733229329173,0.333865814696486,0.995334370139969,0.338414634146341,0.332807570977918,0.662613981762918,0.995334370139969,0.335394126738794,0.338485316846986,0.99375,0.329323308270677,0.323899371069182,0.993690851735016,0.325227963525836,0.334890965732087,0.336906584992343,0.344615384615385,0.82,0.995440729483283,0.979750778816199,0.995562130177515,0.995398773006135,0.0046583850931677,0.996960486322188,0.998452012383901,0.997005988023952,0.407692307692308,0.996860282574568,0.325757575757576,0.996978851963746,0.349606299212598,0.998456790123457,0.582712369597616,0.61144578313253,0.331818181818182,0.329819277108434,0.622699386503067,0.330143540669856,0.00597907324364723,0.612055641421947,0.66875,0.344461305007587,0.00758725341426404,0.330232558139535,0.325581395348837,0.762345679012346,0.345146379044684,0.667687595712098,0.575709779179811,0.331782945736434,0.337899543378995,0.316666666666667,0.996913580246914,0.0237037037037037,0.00480769230769231,0.332824427480916,0.341049382716049,0.350769230769231,0.993759750390016,0.326656394453005,0.332298136645963,0.99375,0.311550151975684,0.949618320610687,0.559748427672956,0.995363214837713,0.99406528189911,0.998381877022654,0.338391502276176,0.586989409984871,0.342261904761905,0.330173775671406,0.334360554699538,0.404545454545455,0.995268138801262,0.323664122137405,0.993798449612403,0.337025316455696,0.33489827856025,0.995461422087746,0.3359375,0.994038748137109,0.339477726574501,0.9953125,0.993798449612403,0.333333333333333,0.00306278713629403,0.994011976047904,0.342857142857143,0.996894409937888,0.580792682926829,0.993966817496229,0.490769230769231,0.995562130177515,0.584097859327217,0.995253164556962,0.332298136645963,0.995412844036697,0.996937212863706,0.993911719939117,0.337962962962963,0.342767295597484,0.335854765506808,0.360446570972887,0.310897435897436,0.326186830015314,0.996840442338073,0.34,0.993610223642173,0.993975903614458,0.33843797856049,0.338582677165354,0.334346504559271,0.403076923076923,0.336858006042296,0.995433789954338,0.995419847328244,0.345622119815668,0.343213728549142,0.612244897959184,0.576506955177743,0.336906584992343,0.332814930015552,0.993700787401575,0.324655436447167,0.339791356184799,0.993788819875776,0.315047021943574,0.326251896813354,0.00461538461538462,0.128787878787879,0.334370139968896,0.663703703703704,0.3234375,0.342064714946071,0.585218702865762,0.993769470404984,0.329704510108865,0.998452012383901,0.335901386748844,0.368916797488226,0.331297709923664,0.490196078431373,0.330721003134796,0.995222929936306,0.334869431643625,0.335384615384615,0.3390625,0.66969696969697,0.996820349761526,0.338141025641026,0.332826747720365,0.00464396284829721,0.340909090909091,0.995391705069124,0.96141975308642,0.995398773006135,0.334351145038168,0.341576506955178,0.33489827856025,0.56969696969697,0.993769470404984,0.574102964118565,0.358139534883721,0.996941896024465,0.996932515337423,0.966049382716049,0.663522012578616,0.348024316109422,0.376722817764165,0.334365325077399,0.335843373493976,0.993827160493827,0.993920972644377,0.50077519379845,0.612752721617418,0.993865030674847,0.995412844036697,0.995419847328244,0.680685358255452,0.995412844036697,0.343373493975904,0.6625,0.995454545454545,0.343032159264931,0.328125,0.332819722650231,0.996983408748115,0.995454545454545,0.629337539432177,0.338391502276176,0.995348837209302,0.993827160493827,0.335854765506808,0.331288343558282,0.996918335901387,0.00482315112540193,0.323854660347551,0.331240188383046,0.00152671755725191,0.331306990881459,0.993975903614458,0.326923076923077,0.996894409937888,0.136636636636637,0.00601503759398496,0.894419306184012,0.349544072948328,0.993966817496229,0.993817619783617,0.00604229607250755,0.00609756097560976,0.342064714946071,0.995454545454545,0.332797427652733,0.995468277945619,0.33175355450237,0.995341614906832,0.993759750390016,0.964506172839506,0.775384615384615,0.9984375,0.996860282574568,0,0.995419847328244,0.5,0.340062111801242,0.653905053598775,0.337962962962963,0.993730407523511,0.324200913242009,0.654320987654321,0.996913580246914,0.995245641838352,0.333860759493671,0.606774668630339,0.348765432098765,0.566096423017107,0.97626582278481,0.349529780564263,0.587692307692308,0.00766871165644172,0.326153846153846,0.338391502276176,0.340978593272171,0.996784565916399,0.626506024096386,0.325190839694657,0.904024767801858,0.575471698113208,0.974474474474474,0.993930197268589,0.996946564885496,0.327217125382263,0.353968253968254,0.330188679245283,0.33587786259542,0.335384615384615,0.602698650674663,0.321752265861027,0.0046583850931677,0.671575846833579,0.996946564885496,0.343032159264931,0.325,0.331230283911672,0.333333333333333,0.592024539877301,0.99405646359584,0.350453172205438,0.346875,0.338028169014085,0.334360554699538,0.329249617151608,0.330232558139535,0.177811550151976,0.664566929133858,0.335413416536661,0.580209895052474,0.998480243161094,0.224111282843895,0.335413416536661,0.927786499215071,0.995207667731629,0.996923076923077,0.327666151468315,0.619631901840491,0.994011976047904,0.337386018237082,0.313271604938272,0.964230171073095,0.995405819295559,0.995433789954338,0.995305164319249,0.337442218798151,0.993808049535604,0.995481927710843,0.890453834115806,0.993788819875776,0.368975903614458,0.993984962406015,0.572769953051643,0.996918335901387,0.658499234303216,0.316770186335404,0.587227414330218,0.995341614906832,0.995356037151703,0.993769470404984,0.339939024390244,0.344135802469136,0.34012539184953,0.331278890600925,0.338050314465409,0.339035769828927,0.990580847723705,0.33843797856049,0.995398773006135,0.993421052631579,0.714503816793893,0.00470957613814757,0.337367624810893,0.333333333333333,0.666158536585366,0.994011976047904,0.548238897396631,0.344311377245509,0.627329192546584,0.331782945736434,0.332810047095761,0.995305164319249,0.328703703703704,0.33596214511041,0.676470588235294,0.905448717948718,0.335766423357664,0.581730769230769,0.563182527301092,0.339421613394216,0.337962962962963,0.319508448540707,0.571651090342679,0.666156202143951,0.995447647951442,0.905631659056317,0.993930197268589,0.651127819548872,0.996894409937888,0.56828885400314,0.330218068535826,0.339089481946625,0.996996996996997,0.995481927710843,0.409861325115562,0.998442367601246,1,0.998480243161094,0.326120556414219,0.347560975609756,0.998432601880878,0.327893175074184,0.667682926829268,0.345201238390093,0.446511627906977,0.324492979719189,0.00455927051671732,0.324734446130501,0.995384615384615,0.993740219092332,0.575617283950617,0.00762195121951219,0.34472049689441,0.339622641509434,0.108864696734059,0.423380726698262,0.993740219092332,0.993730407523511,0.328787878787879,0.998432601880878,0.402457757296467,0.995275590551181,0.340807174887892,0.569018404907976,0.331269349845201,0.330246913580247,0.993865030674847,0.004739336492891,0.996899224806202,0.322222222222222,0.338461538461538,0.996969696969697,0.993846153846154,0.995475113122172,0.454976303317536,0.995305164319249,0.327666151468315,0.597542242703533,0.344615384615385,0.345425867507886,0.00764525993883792,0.0342679127725857,0.995230524642289,0.600308641975309,0.996908809891808,0.340030911901082,0.346031746031746,0.99375,0.99537750385208,0.160849772382398,0.333843797856049,0.993966817496229,0.892053973013493,0.996941896024465,0.332826747720365,0.186625194401244,0.656626506024096,0.993817619783617,0.995468277945619,0.993817619783617,0.995297805642633,0.993993993993994,0.302891933028919,0.316692667706708,0.99388379204893,0.107371794871795,0.0062402496099844,0.419062027231467,0.00473186119873817,0.342064714946071,0.995426829268293,0.663536776212833,0.995391705069124,0.99400299850075,0.886153846153846,0.996889580093313,0.666158536585366,0.996923076923077,0.995253164556962,0.995268138801262,0.996870109546166
"79",1,1,1,1,1,1,0.701754385964912,1,1,0.0963665086887836,1,0.0455235204855842,0.819620253164557,1,0.31619937694704,0.313271604938272,0.0630769230769231,0.681159420289855,1,1,0.293577981651376,0.312401883830455,1,0.149162861491629,1,0.327692307692308,0.321875,1,1,0.79746835443038,0.317073170731707,0.73353751914242,0.964669738863287,0.321372854914197,0,1,0.53858024691358,1,0.304154302670623,1,0.6640625,0.676380368098159,0.695454545454545,1,1,0.314873417721519,0.312693498452012,0.309090909090909,0.323029366306028,0.331297709923664,0,1,0.317771084337349,1,1,0.502362204724409,0.555905511811024,1,1,1,0.329305135951662,0.317683881064163,0.324409448818898,0.68160741885626,1,1,0.036979969183359,1,0.0568011958146487,0.320668693009119,1,0.328703703703704,0.326465927099842,0.962204724409449,0.506912442396313,1,0.311450381679389,0.33433734939759,1,0.319935691318328,0.0869565217391304,0.328125,0.328149300155521,1,0.333333333333333,1,1,1,1,0.683890577507599,1,1,0.00152439024390244,0.104294478527607,1,0.0492537313432836,0,1,0.553968253968254,0.673534072900158,1,0.0538827258320127,0.316358024691358,1,0.314641744548287,1,0.688372093023256,1,0.312977099236641,0.321044546850998,0.319938176197836,1,0.323076923076923,1,0.484066767830046,1,0.311627906976744,0.299392097264438,0.325190839694657,0.319685039370079,0.480559875583204,0.998459167950693,0.328220858895706,0.3136,1,0.303076923076923,1,1,0.323262839879154,0.554054054054054,1,0.315707620528771,1,0.0432190760059613,1,0.313935681470138,0.668683812405446,0.330275229357798,0.929555895865237,0.43581616481775,0.101404056162246,0.0941358024691358,1,1,0.33179012345679,1,0.318796992481203,1,0.815384615384615,1,0.322784810126582,1,1,1,1,0.332312404287902,1,0.332293291731669,0.256134969325153,1,0.315467075038285,1,0.298273155416013,0.0860719874804382,1,0.314641744548287,1,1,1,0.334848484848485,1,0.330745341614907,1,0.305555555555556,1,0.315132605304212,0.0719754977029096,1,0.636510500807754,1,1,0.316614420062696,1,1,1,1,0.320061255742726,0.317557251908397,1,0.998475609756098,0.322678843226788,0.308056872037915,1,0.454128440366972,0.670118343195266,0,0.324074074074074,0.667692307692308,1,0.323308270676692,1,0.998502994011976,1,0.321483771251932,0.321266968325792,0.316535433070866,1,1,1,0,1,0.314152410575428,0.969088098918083,0.324492979719189,0.311248073959938,0.750764525993884,1,1,1,1,1,0.044822256568779,0.3125,0.327769347496206,1,0.68,1,1,0.998447204968944,0.998473282442748,1,1,0.00454545454545455,0.320061255742726,1,0.313385826771654,1,0.304147465437788,1,1,1,1,1,0.325038880248834,1,0.500789889415482,0.3265625,0.331804281345566,0.314641744548287,0.323076923076923,0.332288401253919,0.417445482866044,0.328787878787879,0.318952234206472,0.310975609756098,1,0.321928460342146,1,0.686186186186186,0.315467075038285,0.309451219512195,0.333853354134165,1,1,1,0.252747252747253,0.313572542901716,1,0.321875,0.328335832083958,0.309815950920245,0.320493066255778,0.689127105666156,1,0.320061255742726,0.312202852614897,1,0.303514376996805,1,0.30568356374808,0.308868501529052,1,1,1,0.530674846625767,1,0.686335403726708,0.0818452380952381,0.325,1,1,0.0955993930197269,0.314503816793893,0.319875776397516,1,1,0.304084720121029,0.0263157894736842,0.00314465408805031,1,1,0.337837837837838,0.998449612403101,1,0.313935681470138,1,1,0.318112633181126,1,1,1,1,0.322274881516588,0.308157099697885,0.32755905511811,1,1,0.672672672672673,0.318461538461538,1,0.318042813455657,0.303875968992248,1,1,0.998454404945904,1,1,0.327188940092166,1,1,0.105678233438486,0.336377473363775,0.490769230769231,0.311424100156495,0.673343605546995,0.318112633181126,1,0.313084112149533,0.331775700934579,0.254931714719272,0.319758672699849,1,0.327354260089686,1,1,1,0.315625,0.320668693009119,0.998468606431853,0.930047694753577,0.0608424336973479,1,0.31441717791411,0.320754716981132,0.317384370015949,1,0.329286798179059,0.474732006125574,0.326687116564417,0.314152410575428,0.313099041533546,0.310077519379845,1,0.328616352201258,1,1,0,1,0.321928460342146,1,1,1,0.330203442879499,1,0.311004784688995,1,0.846153846153846,1,1,1,0.313935681470138,1,1,0.308411214953271,0.316279069767442,1,1,0.315151515151515,0.180576631259484,1,0.998482549317147,1,0,0.3140625,1,0.312404287901991,0.23943661971831,1,0.667692307692308,0.433990895295903,1,1,0.674521354933726,0.69922480620155,0.344086021505376,1,0.324492979719189,1,1,0.331768388106416,1,0.998442367601246,0.0078125,0.325038880248834,1,1,0.317757009345794,1,1,0.301092043681747,0.325373134328358,1,1,1,0.526717557251908,0.310077519379845,0.345794392523364,0.319465081723626,0.332819722650231,0.687697160883281,0.32258064516129,0.328660436137072,0.313546423135464,0.235658914728682,0.319620253164557,1,0.318112633181126,0.998422712933754,0.32258064516129,0.0833333333333333,0.0535987748851455,1,1,0.043010752688172,1,0.682634730538922,0.043343653250774,0.0123647604327666,1,0.683001531393568,1,1,0.548989113530327,1,0,0.0692913385826772,1,1,1,0.326594090202177,0.64306784660767,0.694805194805195,0.992424242424242,1,0.984732824427481,0.309707241910632,0.330792682926829,1,0.301710730948678,1,0.3796875,0.108832807570978,0.302469135802469,0.320359281437126,0.345637583892617,1,0.0748091603053435,1,1,1,0.254872563718141,0.31924882629108,1,0.31832298136646,1,1,0.309230769230769,1,0.318452380952381,1,0.315301391035549,0.322429906542056,1,0.679012345679012,0.319277108433735,1,0.310832025117739,0.774583963691377,0.318318318318318,0.153374233128834,0.321958456973294,0.77639751552795,0.310236220472441,1,0.329704510108865,0.342592592592593,0.296520423600605,1,1,1,0.970125786163522,0.336538461538462,1,0.31911532385466,1,0.3125,0.321804511278195,1,1,1,0.922480620155039,1,0.312688821752266,0.316358024691358,1,1,0.0507131537242472,0.0778816199376947,1,1,0.308411214953271,1,1,0.32120253164557,1,1,0.680124223602484,0.52833078101072,1,0,1,1,0.0988023952095808,0.323029366306028,1,0.320987654320988,0.998447204968944,0.962323390894819,0.998459167950693,0.828703703703704,1,0.325396825396825,1,1,1,0,0.311290322580645,1,1,0.667692307692308,1,0.324159021406728,0.367851622874807,0.323029366306028,1,1,1,0.0853658536585366,0.326625386996904,0.0900473933649289,0.998432601880878,0.309451219512195,0.314024390243902,0.364906832298137,0,1,0.954198473282443,1,1,0.322480620155039,0.308734939759036,0.148902821316614,0.0408163265306122,0.328173374613003,0.312597200622084,0.324200913242009,0.00155038759689922,0.315950920245399,1,0,0.324283559577677,1,1,1,0.31570996978852,0.323216995447648,0.037914691943128,1,0.309375,0.315301391035549,1,1,0.316998468606432,0.692307692307692,1,1,0.6875,1,0.308868501529052,1,0.318885448916409,0.524615384615385,0.673652694610778,0.408618127786033,1,0.297709923664122,0.32469512195122,0.676380368098159,0.660606060606061,1,0.323076923076923,1,0.326347305389222,1,0.315384615384615,0.313971742543171,0.360681114551084,0.528213166144201,0.32120253164557,0.310077519379845,0.667175572519084,0.313755795981453,0.144927536231884,1,0,1,0.29375,1,0,0.323574730354391,0.322429906542056,1,0.0550595238095238,1,0.0834621329211747,0.341732283464567,1,0.0638629283489097,0.676470588235294,1,1,1,0.310789049919485,0.0393343419062027,1,0.437888198757764,0.0916271721958926,0.358662613981763,0.321699544764795,0.325301204819277,1,1,1,1,1,0.0662650602409639,0.995440729483283,0.683969465648855,0.00442477876106195,0.324159021406728,1,1,1,1,0.0890937019969278,0.308868501529052,1,1,1,1,1,1,0.48030303030303,0.00157232704402516,1,0.0832072617246596,0.317411402157165,0.441538461538462,1,0.403174603174603,0.316211878009631,0.315301391035549,1,0.0428134556574924,0.321044546850998,1,1,0.372827804107425,0.313546423135464,0.319508448540707,0.31875,0.998477929984779,0.322378716744914,0.321752265861027,0.417701863354037,0.317829457364341,0.977029096477795,0.314842578710645,0.0828025477707006,0.324159021406728,0,1,0.0864779874213836,0.311248073959938,0.320552147239264,0.330203442879499,1,1,1,1,1,1,0.336990595611285,1,0.319938176197836,0.32183908045977,0.611872146118721,0.6828125,1,1,0,0.319277108433735,0.117465224111283,0.998500749625187,0.0344827586206897,1,1,0.320872274143302,1,1,0.619496855345912,0.414556962025316,0.995588235294118,0.0790697674418605,0.0970266040688576,1,1,1,0.084375,0,0.319444444444444,0.4399375975039,0.31981981981982,0,0.331761006289308,0.0859375,1,1,0.322085889570552,0.323076923076923,0.236111111111111,0.335987261146497,0.31866464339909,0.320300751879699,1,1,0.327586206896552,1,0,1,0.223765432098765,1,0.670769230769231,1,0.314814814814815,0.308917197452229,0.073394495412844,0.675968992248062,1,1,0.78416149068323,0.896496815286624,0.321928460342146,0.31875,1,0.321928460342146,0.251956181533646,0.329617834394904,1,0.0972222222222222,1,1,0.318461538461538,0.684044233807267,0.311424100156495,1,1,0.311077389984825,0.308510638297872,0.315629742033384,0.861852433281005,0.31496062992126,1,0.0579268292682927,1,1,0.697388632872504,0.652173913043478,0.325842696629214,0.0540123456790123,0.3265625,1,1,0.304953560371517,0.327639751552795,0.623076923076923,1,0.31570996978852,0.374242424242424,0.309707241910632,0.986342943854325,0.481366459627329,0.00304878048780488,0.305810397553517,0.322822822822823,0.331746031746032,0.3140625,0.322338830584708,0.969465648854962,1,0.316436251920123,0.537242472266244,0.680817610062893,0.242424242424242,0.684294871794872,1,0.325153374233129,0.00156739811912226,0.338557993730408,0.313935681470138,0.366261398176292,0.318885448916409,0,0.338006230529595,0.316455696202532,0.322429906542056,0.318885448916409
"80",0.302287581699346,0.314102564102564,0.315705128205128,0.326797385620915,0.316045380875203,0.308306709265176,0.012987012987013,0.317230273752013,0.3056,0.570247933884298,0.317965023847377,0.634304207119741,0.514657980456026,0.315270935960591,1,1,0.615755627009646,0,0.332792207792208,0.307941653160454,1,1,0.318471337579618,0.512738853503185,0.310126582278481,1,1,0.321724709784411,0.305379746835443,0.534426229508197,1,0.592651757188498,0.358766233766234,0.996774193548387,0.666666666666667,0.310116086235489,0.138755980861244,0.32018927444795,1,0.299679487179487,0.0032626427406199,0,0,0.32626427406199,0.320197044334975,1,0.993569131832797,1,1,1,0.685303514376997,0.322314049586777,1,0.319870759289176,0.312,0.830845771144279,0.115823817292007,0.309061488673139,0.310289389067524,0.324193548387097,0.992088607594937,1,1,0.0048780487804878,0.310855263157895,0.313001605136437,0.657894736842105,0.318627450980392,0.6140625,1,0.307324840764331,1,1,0.276948590381426,0.157232704402516,0.308777429467085,1,0.995260663507109,0.319935691318328,1,0.602368866328257,1,1,0.321543408360129,1,0.321656050955414,0.310569105691057,0.323624595469256,0.32484076433121,0,0.320063694267516,0.322981366459627,0.686900958466454,0.577352472089314,0.315359477124183,0.644549763033175,0.677884615384615,0.314375987361769,0.12751677852349,0,0.313504823151125,0.627831715210356,1,0.31438127090301,1,0.321486268174475,0,0.318110236220472,1,1,1,0.30622009569378,0.995176848874598,0.317965023847377,0.198098256735341,0.301412872841444,1,0.367149758454106,1,1,0.203852327447833,0.315447154471545,1,1,0.3216,1,0.311912225705329,0.311216429699842,0.354838709677419,0.7640625,0.321666666666667,1,0.325769854132901,0.635093167701863,0.336148648648649,1,0.00159744408945687,1,0.368078175895765,0.887603305785124,0.584142394822006,0.599348534201954,0.310289389067524,0.326086956521739,1,0.316045380875203,1,0.307941653160454,0.506269592476489,0.317460317460317,1,0.310177705977383,0.315789473684211,0.329581993569132,0.331699346405229,1,0.30655737704918,1,0.44264943457189,0.328502415458937,1,0.316118935837246,1,0.589371980676328,0.316053511705686,1,0.318327974276527,0.320512820512821,0.326298701298701,0.98876404494382,0.320967741935484,1,0.320325203252033,1,0.311036789297659,1,0.595846645367412,0.294685990338164,0.0290598290598291,0.301302931596091,0.311986863711002,1,0.302100161550889,0.310015898251192,0.316211878009631,0.322632423756019,1,1,0.322147651006711,0.32258064516129,1,1,0.326892109500805,0.234248788368336,0.0202492211838006,0.693548387096774,1,0.00322061191626409,0.308544303797468,1,0.321428571428571,0.299363057324841,0.315533980582524,0.998394863563403,1,1,0.321027287319422,0.311557788944724,0.311708860759494,0.682487725040916,0.296774193548387,1,0.341935483870968,1,1,0.427892234548336,0.317589576547231,0.318541996830428,0.316045380875203,0.302250803858521,0.307941653160454,0.639477977161501,1,1,0.320126782884311,0.00320512820512821,0.322429906542056,0.320373250388802,0.3216,0.303174603174603,0.292407108239095,0.316692667706708,0.706349206349206,0.366826156299841,0.307814992025518,1,0.320450885668277,1,0.306836248012719,0.309061488673139,0.312803889789303,0.321782178217822,0.306666666666667,1,0.31637519872814,0.803252032520325,1,1,0.996742671009772,1,1,0.892384105960265,1,1,1,0.307936507936508,1,0.317195325542571,0,1,0.389147286821705,1,0.312803889789303,0.315619967793881,0.316639741518578,0.414634146341463,1,0.317460317460317,1,1,1,1,0,0.313001605136437,1,1,0.310965630114566,1,0.318681318681319,1,1,0.307443365695793,0.32013201320132,0.298869143780291,0.149425287356322,0.323529411764706,0,0.593220338983051,1,0.323248407643312,0.320325203252033,0.57753164556962,1,1,0.319467554076539,0.325769854132901,1,0.650974025974026,0.700657894736842,0.304418985270049,0.318481848184819,0.99685534591195,0.3248,0.304212168486739,1,0.311688311688312,0.305111821086262,1,0.305555555555556,0.314845024469821,0.317589576547231,0.314424635332253,1,1,1,0.302250803858521,0.320261437908497,0.00807754442649435,0.992025518341308,0.332236842105263,1,1,0.30952380952381,0.318541996830428,0.299679487179487,0.321428571428571,0.31911532385466,1,0.306425041186161,0.310569105691057,0.566775244299674,1,0.836304700162075,1,0,1,0.323390894819466,1,1,0.423510466988728,0.998402555910543,0.321782178217822,1,0.305331179321486,0.306946688206785,0.314194577352472,1,1,0.318840579710145,0.396290050590219,0.605519480519481,0.297560975609756,1,1,1,0.31953642384106,1,0.208469055374593,1,1,1,1,0.324237560192616,1,0.320404721753794,0.324237560192616,0.683954619124797,0.306688417618271,1,0.320907617504052,0.312597200622084,0.312292358803987,1,0.304,1,0.317683881064163,0.479166666666667,0.319488817891374,0.314845024469821,0.308917197452229,1,0.322475570032573,0.308319738988581,1,1,0.315619967793881,0.312698412698413,1,0.477848101265823,0.311258278145695,0.32484076433121,0.322169059011164,0.68370607028754,1,0.287625418060201,1,0.409309791332263,0.311290322580645,0,0.893081761006289,0.32463295269168,0.322006472491909,0,0.0274193548387097,0.98538961038961,0.311793214862682,1,0.31219512195122,0.309364548494983,1,0.321316614420063,0.319935691318328,0.670947030497592,1,0.322734499205087,0.32258064516129,1,0.30503144654088,0.306425041186161,1,0.346031746031746,0.320661157024793,0.321144674085851,0.332794830371567,0.796474358974359,1,0.985294117647059,1,1,0.00162866449511401,1,0.995161290322581,1,0.422764227642276,0.996694214876033,0.309904153354633,0.995305164319249,0.331707317073171,0.996810207336523,0.601574803149606,0.626391096979332,0.319875776397516,0.316720257234727,0.637987012987013,0.313758389261745,0,0.633279483037157,0.67986798679868,0.312399355877617,0.0016025641025641,0.310679611650485,0.303079416531605,0.767710049423394,0.323763955342903,0.690095846645367,0.589108910891089,0.312703583061889,0.319620253164557,0.302884615384615,1,0.0308166409861325,0,0.321656050955414,0.323671497584541,0.332794830371567,1,0.332802547770701,0.309033280507132,1,0.29951690821256,0.944983818770227,0.567699836867863,1,1,0.994845360824742,0.310832025117739,0.6,0.322274881516588,0.31438127090301,0.312,0.419047619047619,1,0.318255250403877,1,0.312605042016807,0.320723684210526,1,0.31973898858075,1,0.322475570032573,1,1,0.319286871961102,0,1,0.322006472491909,1,0.565916398713826,1,0.505672609400324,1,0.563812600969305,1,0.322847682119205,1,1,1,0.307324840764331,0.327361563517915,0.312989045383412,0.346153846153846,0.334442595673877,0.306709265175719,1,0.322115384615385,1,1,0.31687898089172,0.314754098360656,0.317891373801917,0.384863123993559,0.323296354992076,1,1,0.32182103610675,0.320785597381342,0.625,0.587064676616915,0.311605723370429,0.315181518151815,1,0.306089743589744,0.317111459968603,0.995121951219512,0.304276315789474,0.310569105691057,0,0.139280125195618,0.320907617504052,0.677519379844961,0.312091503267974,0.311320754716981,0.591772151898734,0.998357963875205,0.310344827586207,1,0.320450885668277,0.339344262295082,0.3168,0.483974358974359,0.307443365695793,1,0.318910256410256,0.316476345840131,0.322950819672131,0.681889763779528,1,0.3278955954323,0.31687898089172,0,0.326892109500805,0.998384491114701,0.960380348652932,1,0.313694267515924,0.324281150159744,0.319870759289176,0.584905660377358,1,0.591133004926108,0.326229508196721,1,1,0.9728,0.679674796747967,0.325242718446602,0.368,0.315457413249211,0.317111459968603,1,1,0.51559934318555,0.635772357723577,1,1,0.9984375,0.701149425287356,1,0.326498422712934,0.678048780487805,1,0.3248,0.315359477124183,0.312703583061889,0.996810207336523,1,0.649586776859504,0.323248407643312,1,1,0.32137030995106,0.304761904761905,0.998360655737705,0,0.319604612850082,0.307941653160454,0.00655737704918033,0.312202852614897,1,0.314424635332253,1,0.147619047619048,0,0.894984326018809,0.332805071315372,1,1,0,0.00158730158730159,0.328525641025641,1,0.320598006644518,0.996805111821086,0.300492610837438,1,0.998371335504886,0.969354838709677,0.7808,1,1,0.00481540930979133,1,0.51541095890411,0.327868852459016,0.672985781990521,0.326498422712934,1,0.302588996763754,0.68099173553719,1,1,0.31438127090301,0.61993769470405,0.3312,0.584415584415584,0.978583196046129,0.333333333333333,0.604166666666667,0.0128824476650564,0.299509001636661,0.320574162679426,0.321543408360129,1,0.648985959438378,0.300469483568075,0.900651465798046,0.57843137254902,0.970219435736677,1,1,0.313915857605178,0.335559265442404,0.306320907617504,0.307941653160454,0.311688311688312,0.615023474178404,0.30622009569378,0,0.675465838509317,0.998415213946117,0.320063694267516,0.310457516339869,0.308072487644152,0.325471698113208,0.6048,1,0.333865814696486,0.338235294117647,0.328947368421053,0.320967741935484,0.3125,0.308306709265176,0.190031152647975,0.677100494233937,0.311897106109325,0.596850393700787,1,0.234726688102894,0.321486268174475,0.934210526315789,1,1,0.314009661835749,0.642394822006472,1,0.312599681020734,0.298045602605863,0.957095709570957,1,1,0.996677740863787,0.316720257234727,1,1,0.894480519480519,1,0.352380952380952,1,0.592409240924092,1,0.675590551181102,0.307317073170732,0.607142857142857,1,1,0.995114006514658,0.33015873015873,0.326829268292683,0.323481116584565,0.318979266347687,0.321548821548822,0.31973898858075,0.988673139158576,0.313099041533546,1,1,0.7168,0,0.315789473684211,0.31924882629108,0.679873217115689,1,0.5632,0.326594090202177,0.642857142857143,0.313821138211382,0.315345699831366,1,0.309061488673139,0.311643835616438,0.680395387149918,0.903654485049834,0.313935681470138,0.604234527687296,0.582381729200653,0.323763955342903,0.317589576547231,0.301765650080257,0.590982286634461,0.680445151033386,1,0.898360655737705,1,0.66877971473851,0.996694214876033,0.59349593495935,0.319935691318328,0.31900826446281,1,1,0.429260450160772,0.99344262295082,0.998420221169036,1,0.314424635332253,0.326892109500805,1,0.310725552050473,0.691943127962085,0.327447833065811,0.452768729641694,0.294019933554817,0,0.306349206349206,1,1,0.60126582278481,0.00158478605388273,0.324675324675325,0.327922077922078,0.106969205834684,0.414593698175788,1,1,0.309677419354839,1,0.403225806451613,1,0.327073552425665,0.583732057416268,0.318770226537217,0.310177705977383,1,0,1,0.307565789473684,0.316476345840131,1,1,1,0.440261865793781,1,0.312903225806452,0.623809523809524,0.326465927099842,0.317647058823529,0.0016,0.0422077922077922,1,0.622977346278317,1,0.32475884244373,0.327242524916944,1,1,0.157556270096463,0.305331179321486,1,0.901116427432217,1,0.325396825396825,0.19672131147541,0.664025356576862,1,1,1,1,1,0.29073482428115,0.307568438003221,1,0.12396694214876,0.00164203612479475,0.441412520064205,0,0.324149108589951,1,0.682410423452769,1,1,0.897151898734177,1,0.692185007974482,1,1,1,1
"81",0.0871710526315789,0.0858995137763371,0.0853462157809984,0.0804597701149425,0.0854838709677419,0.0894308943089431,0.368333333333333,0.0872374798061389,0.0903225806451613,1,0.0888888888888889,0.954113924050633,0.0918032786885246,0.0870279146141215,0.609120521172638,0.619354838709677,0.974317817014446,0.399665551839465,0.0923824959481361,0.0858995137763371,0.616129032258064,0.607201309328969,0.0936507936507937,0.944715447154472,0.0981012658227848,0.597133757961783,0.604304635761589,0.0846023688663283,0.0957613814756672,0.133004926108374,0.616613418530351,0.170144462279294,0.0670926517571885,0.620578778135048,0.92258064516129,0.0929054054054054,0.562798092209857,0.090625,0.617693522906793,0.0894568690095847,0.411382113821138,0.393258426966292,0.39652448657188,0.0925324675324675,0.0925324675324675,0.6,0.609120521172638,0.604430379746835,0.6032,0.601910828025478,0.914556962025316,0.085667215815486,0.607936507936508,0.0798045602605863,0.0914927768860353,0.40655737704918,0.531353135313531,0.0872374798061389,0.0939490445859873,0.0858995137763371,0.588050314465409,0.597423510466989,0.601626016260163,0.4144,0.0928689883913764,0.0961538461538462,0.957723577235772,0.0819672131147541,0.978056426332288,0.599683544303797,0.087719298245614,0.607085346215781,0.587646076794658,0.12214983713355,0.581320450885668,0.0914826498422713,0.620634920634921,0.585055643879173,0.0869565217391304,0.602368866328257,1,0.594155844155844,0.602272727272727,0.0937996820349762,0.584814216478191,0.0863422291993721,0.0931372549019608,0.0834670947030498,0.0857142857142857,0.395161290322581,0.0825082508250825,0.0794392523364486,0.915064102564103,1,0.0755336617405583,0.958795562599049,0.915064102564103,0.086677367576244,0.533661740558292,0.404220779220779,0.0887096774193548,0.969004893964111,0.607491856677524,0.0934891485809683,0.610662358642973,0.0868852459016393,0.387358184764992,0.0889967637540453,0.594462540716612,0.5984,0.596184419713832,0.0919354838709677,0.591549295774648,0.0878048780487805,0.605304212168487,0.0913385826771654,0.605263157894737,0.808917197452229,0.594339622641509,0.597087378640777,0.618739903069467,0.0936995153473344,0.603174603174603,0.598347107438017,0.0812101910828025,0.616613418530351,0.0844854070660522,0.0887480190174326,0.776872964169381,0.566037735849057,0.079734219269103,0.59775641025641,0.0813953488372093,0.955555555555556,0.0793918918918919,0.601910828025478,0.414790996784566,0.593247588424437,0.0275526742301459,0.669463087248322,1,1,0.0892857142857143,0.0851419031719533,0.593800978792822,0.0884244372990354,0.6046875,0.0868852459016393,0.0904761904761905,0.0954616588419405,0.602310231023102,0.0779220779220779,0.0922330097087379,0.0922330097087379,0.0755336617405583,0.586991869918699,0.0982286634460548,0.60129659643436,0.852272727272727,0.0873015873015873,0.615015974440895,0.0920634920634921,0.617977528089888,0.996699669966997,0.0868852459016393,0.60983606557377,0.0942492012779553,0.0962145110410095,0.0901771336553945,0.589257503949447,0.0925324675324675,0.585924713584288,0.0901639344262295,0.604838709677419,0.0859504132231405,0.59672131147541,0.990415335463259,0.0817307692307692,0.452145214521452,0.0879478827361563,0.0947030497592295,0.610305958132045,0.0842787682333874,0.0858995137763371,0.0920840064620355,0.0884244372990354,0.599358974358974,0.600946372239748,0.0951585976627713,0.0861244019138756,0.602523659305994,0.615131578947368,0.0899053627760252,0.652380952380952,0.417177914110429,0.908496732026144,0.602272727272727,0.415986949429038,0.0907643312101911,0.592709984152139,0.0894039735099338,0.0884244372990354,0.0791599353796446,0.607843137254902,0.617554858934169,0.589490968801314,0.0894819466248038,0.0922818791946309,0.0828025477707006,0.91900826446281,0.090311986863711,0.612850082372323,0.0694668820678514,0.598684210526316,0.605519480519481,0.363784665579119,0.0841423948220065,0.0885668276972625,0.0834670947030498,0.0923566878980892,0.0838815789473684,0.947626841243863,0.600969305331179,0.600321027287319,0.0913385826771654,0.409162717219589,0.0940438871473354,0.0953125,0.0892857142857143,0.0950871632329636,0.0887096774193548,0.0910518053375196,0.913875598086124,0.784469096671949,0.0897435897435897,0.602605863192182,0.0833333333333333,0.618971061093248,0.0874403815580286,0.0851063829787234,0.0830618892508143,0.0868852459016393,0.0925619834710744,0.586261980830671,0.0872374798061389,0.390243902439024,0.597087378640777,0.594594594594595,0.606260296540362,0.590909090909091,0.593851132686084,0.675850891410049,0.582258064516129,0.605723370429253,0.607655502392344,0.098256735340729,0.596774193548387,0.0819397993311037,0.391785150078989,0.600977198697068,0.794025157232704,0.592833876221498,0.0921052631578947,0.0833333333333333,0.0892857142857143,0.839024390243902,0.6176,0.0790322580645161,0.605220228384992,0.598425196850394,0.59967585089141,0.600953895071542,0.398692810457516,0.0798045602605863,0.594249201277955,0.592039800995025,0.0790322580645161,0.620338983050847,0.0884676145339652,0.602523659305994,0.614147909967846,0.0858995137763371,0.0885245901639344,0.0858505564387917,0.559677419354839,0.0830618892508143,0.386991869918699,0.993660855784469,0.601626016260163,0.0907643312101911,0.0898876404494382,1,0.600321027287319,0.602941176470588,0.0877483443708609,0.0910569105691057,0.605136436597111,0.932475884244373,0.912251655629139,0.0931372549019608,0.0944350758853288,0.585669781931464,0.0880913539967374,0.0927672955974843,0.6112,0.0870967741935484,0.0926517571884984,0.605136436597111,0.0866013071895425,0.0925324675324675,0.0888888888888889,0.0897226753670473,0.591572123176661,0.613354037267081,0.601351351351351,0.0841423948220065,0.0909090909090909,0.405616224648986,0.590243902439024,0.0805921052631579,0.611727416798732,0.621710526315789,0.0870253164556962,0.0843949044585987,0.0858505564387917,0.0816993464052288,0.078525641025641,0.593900481540931,0.0904605263157895,0.0919354838709677,0.991830065359477,0.587579617834395,0.59935379644588,0.608130081300813,0.408064516129032,0.603174603174603,0.0824088748019017,0.613008130081301,0.597381342062193,0.8416,0.605136436597111,0.0866013071895425,0.590551181102362,0.0882825040128411,0.0907617504051864,0.0893141945773525,0.607491856677524,0.608214849921011,0.090032154340836,0.0167785234899329,0.965686274509804,0.0912106135986733,0.605769230769231,0.599001663893511,0.613976705490849,0.0751633986928105,0.599041533546326,0.630818619582664,0.592233009708738,0.604538087520259,0.6,0.606796116504854,0.0845295055821372,0.6,0.0792580101180438,0.0789049919484702,0.92443729903537,0.0901639344262295,0.597063621533442,0.090032154340836,0.0953125,0.0888157894736842,0.59344262295082,0.0940988835725678,0.608910891089109,0.0854037267080745,0.067524115755627,0.0954692556634304,0.0879478827361563,0.0832025117739403,0.602254428341385,0.082258064516129,0.0916530278232406,0.60650406504065,0.606451612903226,0.0912,0.0825242718446602,0.609756097560976,0.910236220472441,0.0952380952380952,0.0841423948220065,0.0817307692307692,0.908653846153846,0.609195402298851,0.0881863560732113,0.607717041800643,0.845901639344262,0.0858995137763371,0.4016,0.474015748031496,0.0910596026490066,0.0848,0.404354587869362,0.370786516853933,0.559677419354839,0.0932896890343699,0.604200323101777,0.0954692556634304,0.085427135678392,0.589869281045752,0.0886075949367089,0.0934426229508197,0.922204213938412,0.595081967213115,0.0934426229508197,0.0861788617886179,0.60495867768595,0.0826580226904376,0.0831946755407654,0.615008156606852,0.764895330112721,0.088379705400982,0.0933977455716586,0.0829268292682927,0.371794871794872,0.618819776714514,0.622366288492707,0.598449612403101,0.605136436597111,0.407936507936508,0.591639871382637,0.591503267973856,0.602848101265823,0.858064516129032,0.607201309328969,0.0952380952380952,0.597791798107255,0.0848287112561175,0.601941747572815,0.990551181102362,0.961783439490446,0.0813397129186603,0.0979462875197472,0.952768729641694,0.0799319727891157,0.393312101910828,0.956239870340357,0.924071082390953,0.0910518053375196,0.391585760517799,0.0889967637540453,0.0914927768860353,0.56957928802589,0.0907643312101911,0.911717495987159,0.996655518394649,0.0856219709208401,0.0906200317965024,0.100164203612479,0.600985221674877,0.43944099378882,0.369491525423729,0.1024,0.088,0.0592948717948718,0.620578778135048,0.758064516129032,0.0894308943089431,0.611021069692058,0.080824088748019,0.543230016313214,0.991909385113269,0.611916264090177,0.606299212598425,0.596521739130435,0.0904761904761905,0.990430622009569,0.0929133858267717,0.0827814569536424,0.092948717948718,0.849206349206349,0.588429752066116,0.0970873786407767,0.609046849757674,0.0834724540901502,0.0838815789473684,0.606109324758842,0.0900163666121113,0.605633802816901,0.0923824959481361,0.611382113821138,0.602564102564103,0.0886075949367089,0.398387096774194,0.608695652173913,0.0859872611464968,0.616393442622951,0.15569823434992,0.605633802816901,0.947452229299363,0.611544461778471,0.128246753246753,0.605263157894737,0.105348460291734,0.59344262295082,0.577777777777778,0.633440514469453,0.0940032414910859,0.0915032679738562,0.0850393700787402,0.0632279534109817,0.756345177664975,0.0932475884244373,0.59327731092437,0.0823909531502423,0.596638655462185,0.605678233438486,0.0917874396135266,0.0872374798061389,0.0854430379746835,0.00813008130081301,0.0864,0.606973058637084,0.610576923076923,0.0801282051282051,0.0870967741935484,0.970826580226904,0.990291262135922,0.0862619808306709,0.0841423948220065,0.604538087520259,0.0947867298578199,0.0875796178343949,0.616260162601626,0.0966666666666667,0.0890302066772655,0.398058252427184,0.55993690851735,0.0891410048622366,0.913446676970634,0.0904684975767367,0.0909090909090909,1,0.603803486529319,0.0834724540901502,0.590322580645161,0.0850722311396469,0.0604575163398693,0.0957792207792208,0.0769230769230769,0.0903225806451613,0.602023608768971,0.0848,0.0827814569536424,0.0859504132231405,0.92246835443038,0.602368866328257,0.076158940397351,0.0882825040128411,0.401305057096248,0.0841269841269841,0.604200323101777,0.551505546751189,0.588996763754045,0.0917874396135266,0.0890302066772655,0.0940032414910859,1,0.600985221674877,0.990033222591362,0.0833333333333333,0.611374407582938,0.611650485436893,0.557165861513688,0.91653290529695,0.0858995137763371,0.0439024390243902,0.0920840064620355,0.0894568690095847,0.598673300165838,0.602825745682888,0.932454695222405,0.951060358890702,0.599681020733652,0.608695652173913,0.584935897435897,0.909531502423263,0.608766233766234,0.0868217054263566,0.911620294599018,0.598070739549839,0.0894568690095847,0.0910569105691057,0.0868852459016393,0.603531300160514,0.607655502392344,0.957095709570957,0.0859872611464968,0.6112,0.612540192926045,0.0930979133226324,0.0957792207792208,0.605769230769231,0.383701188455009,0.0849673202614379,0.0894308943089431,0.393890675241158,0.0913385826771654,0.613672496025437,0.0957095709570957,0.614262560777958,0.570300157977883,0.411764705882353,0.688995215311005,0.0942492012779553,0.615748031496063,0.609120521172638,0.388625592417062,0.423510466988728,0.0878594249201278,0.60062893081761,0.0897009966777409,0.605590062111801,0.0813008130081301,0.59771986970684,0.611382113821138,0.566993464052288,0.571197411003236,0.596091205211726,0.609756097560976,0.413290113452188,0.604501607717042,0.959527824620573,0.0851063829787234,0.917057902973396,0.0906200317965024,0.629508196721312,0.0942492012779553,0.920127795527157,0.597087378640777,0.605769230769231,0.0821018062397373,0.967289719626168,0.0892857142857143,1,0.56507413509061,0.0770465489566613,0.969745222929936,0.409756097560976,0.0868167202572347,0.098705501618123,0.0873015873015873,0.60530679933665,0.95125786163522,0.0864779874213836,0.491114701130856,1,0.565560821484992,0.60031847133758,0.596850393700787,0.0856219709208401,0.0666666666666667,0.0935960591133005,0.0855784469096672,0.0868167202572347,0.976599063962558,0.0869565217391304,0.399355877616747,0.916403785488959,0.598412698412698,0.0889967637540453,0.0923824959481361,0.0784313725490196,0.0854430379746835,0.996768982229402,0.60347551342812,0.0866141732283465,0.0871710526315789,0.0881863560732113,0.0858995137763371,0.094551282051282,0.0972886762360447,0.608695652173913,0.93517017828201,0.0857605177993527,0.990461049284579,0.607779578606159,0.668261562998405,0.0912,0.521172638436482,0.616040955631399,0.603225806451613,0.0963081861958267,0.9568,0.602848101265823,0.078525641025641,0.0898692810457516,0.552805280528053,0.606109324758842,0.617263843648209,0.605263157894737,0.082018927444795,0.606907894736842,0.600321027287319,0.687908496732026,0.605177993527508,0.0575079872204473,0.608490566037736,0.993322203672788,0.599033816425121,0.908653846153846,0.0909090909090909,0.998360655737705,0.616393442622951,0.592409240924092,0.602649006622517,0.0911949685534591,0.0766773162939297,0.0831946755407654,0.086677367576244,0.0934891485809683,0.0897009966777409,0.586264656616415,0.0923566878980892,0.604501607717042,0.60695652173913,0.48966613672496,0.40133779264214,0.0893141945773525,0.0912,0.917197452229299,0.603803486529319,0.975688816855754,0.0893682588597843,0.95114006514658,0.0865384615384615,0.0888157894736842,0.600328947368421,0.0910569105691057,0.087248322147651,0.475409836065574,0.678868552412646,0.0932721712538226,0.990228013029316,1,0.0849358974358974,0.0855263157894737,0.0832,0.995114006514658,0.913385826771654,0.605095541401274,0.501618122977346,0.600315955766193,0.918367346938776,0.586429725363489,0.99344262295082,0.0858995137763371,0.0898502495840266,0.602523659305994,0.5936,0.861066235864297,0.591133004926108,0.599041533546326,0.597464342313788,0.0972447325769854,0.0885668276972625,0.600660066006601,0.0892018779342723,0.92,0.0796747967479675,0.88780487804878,0.0959349593495935,0.402866242038217,0.0810810810810811,0.602254428341385,0.59935379644588,0.991974317817014,0.408874801901743,0.0802568218298555,0.0822368421052632,0.280645161290323,0.208754208754209,0.604575163398693,0.609271523178808,0.086677367576244,0.597063621533442,0.848,0.600671140939597,0.0940438871473354,0.998384491114701,0.0912052117263844,0.0863192182410423,0.597402597402597,0.391447368421053,0.611382113821138,0.0918196994991653,0.0792079207920792,0.610223642172524,0.61244019138756,0.594679186228482,0.236928104575163,0.613559322033898,0.0901771336553945,0.968203497615262,0.0938511326860841,0.0838926174496644,0.381260096930533,0.446254071661238,0.598319327731092,0.96984126984127,0.596463022508039,0.0907643312101911,0.0785953177257525,0.608837970540098,0.591869918699187,0.457278481012658,0.0854838709677419,0.600315955766193,0.699842022116904,0.607717041800643,0.108452950558214,0.618892508143323,0.926948051948052,0.616129032258064,0.593949044585987,0.592775041050903,0.608482871125612,0.605678233438486,0.108626198083067,0.0910569105691057,0.611821086261981,0.545454545454545,0.40327868852459,0.86031746031746,0.394295302013423,0.0904684975767367,0.600321027287319,0.924342105263158,0.590111642743222,0.595505617977528,0.712698412698413,0.598006644518272,0.916271721958926,0.586816720257235,0.612377850162866,0.593698175787728,0.604501607717042
"82",0.307814992025518,0.31924882629108,0.321875,0.338709677419355,0.3203125,0.311501597444089,0.0129032258064516,0.32794830371567,0.311912225705329,0.567961165048544,0.330769230769231,0.630030959752322,0.5248,0.331738437001595,1,1,0.613707165109034,0,0.332797427652733,0.314375987361769,1,1,0.325581395348837,0.504716981132076,0.315548780487805,1,1,0.345541401273885,0.320872274143302,0.525477707006369,1,0.599063962558502,0.377358490566038,0.996805111821086,0.649762282091918,0.32843137254902,0.127760252365931,0.333853354134165,1,0.314152410575428,0.0015748031496063,0,0,0.333865814696486,0.328,1,0.995275590551181,1,1,1,0.681818181818182,0.335453100158982,1,0.330188679245283,0.326465927099842,0.818923327895595,0.1184,0.323809523809524,0.322429906542056,0.325358851674641,0.992307692307692,1,1,0.00318471337579618,0.319148936170213,0.325508607198748,0.646687697160883,0.331738437001595,0.603945371775417,1,0.31839258114374,1,1,0.285481239804241,0.143974960876369,0.328725038402458,1,0.996904024767802,0.328125,1,0.594155844155844,1,1,0.328100470957614,1,0.320121951219512,0.322734499205087,0.335974643423138,0.324451410658307,0,0.32741935483871,0.334341906202723,0.677570093457944,0.576862123613312,0.315789473684211,0.627692307692308,0.67246835443038,0.322834645669291,0.120915032679739,0,0.321766561514196,0.610576923076923,1,0.318032786885246,1,0.31687898089172,0,0.328050713153724,1,1,1,0.316279069767442,0.996865203761755,0.337519623233909,0.194144838212635,0.319875776397516,1,0.372239747634069,1,1,0.196825396825397,0.32120253164557,1,1,0.34748427672956,1,0.32375189107413,0.321044546850998,0.369668246445498,0.774539877300613,0.323624595469256,1,0.330203442879499,0.630862329803328,0.343548387096774,1,0.00155763239875389,1,0.382911392405063,0.887973640856672,0.571653543307087,0.591772151898734,0.323248407643312,0.328990228013029,1,0.322784810126582,1,0.311811023622047,0.515576323987539,0.327188940092166,1,0.315873015873016,0.329052969502408,0.326366559485531,0.3376,1,0.312698412698413,1,0.434579439252336,0.332810047095761,1,0.331278890600925,1,0.5888,0.325769854132901,1,0.322834645669291,0.321316614420063,0.3376,0.989230769230769,0.330658105939005,1,0.330618892508143,1,0.316912972085386,1,0.589622641509434,0.303030303030303,0.0293637846655791,0.308917197452229,0.32484076433121,1,0.319047619047619,0.328548644338118,0.321766561514196,0.341121495327103,1,1,0.332786885245902,0.3375,1,1,0.332293291731669,0.236507936507937,0.0153609831029186,0.684952978056426,1,0.00158227848101266,0.325984251968504,1,0.327922077922078,0.317262830482115,0.325396825396825,0.998420221169036,1,1,0.336434108527132,0.325358851674641,0.324324324324324,0.670967741935484,0.314285714285714,1,0.349378881987578,1,1,0.433697347893916,0.338607594936709,0.327160493827161,0.338072669826224,0.31104199066874,0.319488817891374,0.635499207606973,1,1,0.325077399380805,0.00309119010819165,0.340490797546012,0.329704510108865,0.329173166926677,0.308892355694228,0.306349206349206,0.325652841781874,0.690251572327044,0.362363919129082,0.316614420062696,1,0.336,1,0.320126782884311,0.320634920634921,0.320063694267516,0.333333333333333,0.317589576547231,1,0.326530612244898,0.806089743589744,1,1,0.998384491114701,1,1,0.900158478605388,1,1,1,0.328197226502311,1,0.333333333333333,0,1,0.376543209876543,1,0.334410339256866,0.324324324324324,0.32120253164557,0.414442700156986,1,0.335949764521193,1,1,1,1,0,0.32695374800638,1,1,0.325358851674641,1,0.326656394453005,1,1,0.315619967793881,0.333333333333333,0.309636650868878,0.142405063291139,0.33652312599681,0,0.593373493975904,1,0.329704510108865,0.328,0.575899843505477,1,1,0.327841845140033,0.336012861736334,1,0.644904458598726,0.694078947368421,0.313821138211382,0.32952691680261,0.996904024767802,0.333333333333333,0.312594840667678,1,0.328100470957614,0.311320754716981,1,0.321086261980831,0.327014218009479,0.324409448818898,0.326332794830372,1,1,1,0.322274881516588,0.333333333333333,0.00618238021638331,0.993620414673046,0.334920634920635,1,1,0.315870570107858,0.336434108527132,0.309006211180124,0.328638497652582,0.325545171339564,1,0.317460317460317,0.323763955342903,0.566993464052288,1,0.834645669291339,1,0,1,0.327188940092166,1,1,0.414746543778802,1,0.329073482428115,1,0.323717948717949,0.307073954983923,0.324574961360124,1,1,0.322327044025157,0.40194489465154,0.601587301587302,0.313099041533546,1,1,1,0.331179321486268,1,0.199362041467305,1,1,1,1,0.331240188383046,1,0.320785597381342,0.335443037974684,0.671361502347418,0.319047619047619,1,0.330188679245283,0.332819722650231,0.328455284552846,1,0.309707241910632,1,0.328197226502311,0.489763779527559,0.333850931677019,0.33063209076175,0.3203125,1,0.326366559485531,0.309791332263242,1,1,0.331230283911672,0.311926605504587,1,0.465116279069767,0.32300163132137,0.331775700934579,0.33489827856025,0.670846394984326,1,0.300955414012739,1,0.425431711145997,0.317535545023697,0,0.884615384615385,0.329093799682035,0.31911532385466,0,0.0328125,0.982758620689655,0.325320512820513,1,0.319182389937107,0.32569558101473,1,0.333850931677019,0.325242718446602,0.661949685534591,1,0.323809523809524,0.326465927099842,1,0.315457413249211,0.312599681020734,1,0.342229199372057,0.315112540192926,0.32398753894081,0.340729001584786,0.804953560371517,1,0.982371794871795,1,1,0.00158982511923688,1,0.995245641838352,1,0.420382165605096,0.99837925445705,0.313971742543171,0.995356037151703,0.34384858044164,0.998430141287284,0.601226993865031,0.618461538461539,0.327160493827161,0.328149300155521,0.630094043887147,0.323671497584541,0,0.621069182389937,0.688291139240506,0.331797235023041,0.0015625,0.322378716744914,0.309262166405024,0.772435897435897,0.330173775671406,0.675507020280811,0.588709677419355,0.326465927099842,0.331269349845201,0.30503144654088,1,0.0238805970149254,0,0.318529862174579,0.336434108527132,0.346333853354134,1,0.34488188976378,0.32120253164557,1,0.317829457364341,0.942006269592476,0.562700964630225,1,1,0.994949494949495,0.329192546583851,0.592933947772657,0.327217125382263,0.329032258064516,0.315873015873016,0.418604651162791,1,0.325320512820513,1,0.324590163934426,0.325242718446602,1,0.328593996840442,1,0.33122028526149,1,1,0.332805071315372,0,1,0.328725038402458,1,0.573667711598746,1,0.499219968798752,1,0.5728,1,0.32396694214876,1,1,1,0.315541601255887,0.339171974522293,0.32348367029549,0.358208955223881,0.329450915141431,0.3140625,1,0.327503974562798,1,1,0.331210191082803,0.322734499205087,0.327160493827161,0.390822784810127,0.332810047095761,1,1,0.332283464566929,0.338632750397456,0.61525974025974,0.590111642743222,0.322734499205087,0.32475884244373,1,0.310832025117739,0.331288343558282,0.995222929936306,0.315112540192926,0.312989045383412,0,0.131045241809672,0.328502415458937,0.676737160120846,0.321656050955414,0.32753164556962,0.596006144393241,0.998412698412698,0.312599681020734,1,0.323343848580442,0.36,0.31875,0.481191222570533,0.3232,1,0.328638497652582,0.33015873015873,0.332797427652733,0.672360248447205,1,0.325984251968504,0.332819722650231,0,0.329738058551618,1,0.954041204437401,1,0.324492979719189,0.332283464566929,0.327974276527331,0.574303405572755,1,0.5888,0.34185303514377,1,1,0.967441860465116,0.666139240506329,0.3344,0.371294851794072,0.327044025157233,0.321928460342146,1,1,0.495222929936306,0.621451104100946,1,1,1,0.690095846645367,1,0.3328173374613,0.675118858954041,1,0.328660436137072,0.321086261980831,0.326465927099842,0.998468606431853,1,0.634768740031898,0.325508607198748,1,1,0.328660436137072,0.321766561514196,1,0,0.319488817891374,0.317111459968603,0.00475435816164818,0.328125,1,0.314516129032258,1,0.141321044546851,0,0.903875968992248,0.336434108527132,1,1,0,0.00156494522691706,0.324921135646688,1,0.320325203252033,0.998449612403101,0.318181818181818,1,0.99837925445705,0.965463108320251,0.784711388455538,1,1,0.00316455696202532,1,0.516181229773463,0.334920634920635,0.664634146341463,0.331230283911672,1,0.305246422893482,0.666666666666667,1,1,0.320388349514563,0.609090909090909,0.339116719242902,0.5744,0.973143759873618,0.333858267716535,0.593354430379747,0.00782472613458529,0.321144674085851,0.333858267716535,0.329153605015674,1,0.630030959752322,0.315217391304348,0.886255924170616,0.584126984126984,0.965996908809892,1,1,0.3248,0.342948717948718,0.314606741573034,0.318110236220472,0.319685039370079,0.609160305343511,0.308527131782946,0,0.673192771084337,0.998412698412698,0.335413416536661,0.315955766192733,0.32520325203252,0.331278890600925,0.600315955766193,1,0.33641975308642,0.336492890995261,0.341503267973856,0.3264,0.315372424722662,0.316535433070866,0.187596899224806,0.679611650485437,0.325949367088608,0.590062111801242,1,0.232963549920761,0.328,0.922953451043339,1,1,0.320695102685624,0.628571428571429,1,0.32398753894081,0.307324840764331,0.952229299363057,1,1,0.99673735725938,0.334370139968896,1,1,0.900958466453674,1,0.358255451713396,1,0.587275693311582,1,0.657853810264386,0.314465408805031,0.585209003215434,1,1,0.995207667731629,0.333846153846154,0.332283464566929,0.325281803542673,0.334905660377358,0.326829268292683,0.333333333333333,0.988835725677831,0.313971742543171,1,1,0.722741433021807,0,0.325652841781874,0.327131782945736,0.670382165605096,1,0.55188679245283,0.337367624810893,0.638801261829653,0.321316614420063,0.332236842105263,1,0.325914149443561,0.322259136212625,0.695161290322581,0.909531502423263,0.327844311377246,0.595161290322581,0.578864353312303,0.330721003134796,0.333865814696486,0.304552590266876,0.583465818759936,0.674015748031496,1,0.898251192368839,1,0.66304347826087,0.998394863563403,0.59170653907496,0.322932917316693,0.34094616639478,1,1,0.42472266244057,0.995260663507109,0.9984375,1,0.3171875,0.330173775671406,1,0.319634703196347,0.673374613003096,0.340729001584786,0.45253164556962,0.315533980582524,0,0.316030534351145,1,1,0.590625,0.00156494522691706,0.340836012861736,0.3296,0.109149277688604,0.416666666666667,1,1,0.324324324324324,1,0.405362776025237,1,0.331306990881459,0.584905660377358,0.330173775671406,0.323248407643312,1,0,1,0.32,0.330658105939005,1,1,1,0.446570972886762,1,0.331230283911672,0.6109375,0.341653666146646,0.341423948220065,0.00154320987654321,0.0380348652931854,1,0.6171875,1,0.335987261146497,0.336012861736334,1,1,0.159126365054602,0.320872274143302,1,0.900311526479751,1,0.329721362229102,0.198067632850242,0.665079365079365,1,1,1,1,1,0.298136645962733,0.314553990610329,1,0.110749185667752,0.00159489633173844,0.433281004709576,0,0.334905660377358,1,0.669887278582931,1,1,0.894080996884735,1,0.672897196261682,1,1,1,1
"83",0.308056872037915,0.323943661971831,0.32398753894081,0.332797427652733,0.323390894819466,0.311111111111111,0.011400651465798,0.334405144694534,0.313664596273292,0.5718901453958,0.325688073394495,0.637658227848101,0.530448717948718,0.325914149443561,1,1,0.61189358372457,0,0.333333333333333,0.322784810126582,1,1,0.327639751552795,0.501592356687898,0.313364055299539,1,1,0.343042071197411,0.323029366306028,0.532182103610675,1,0.600931677018634,0.370139968895801,0.995275590551181,0.655608214849921,0.320785597381342,0.151799687010955,0.328173374613003,1,0.311728395061728,0.0031496062992126,0,0,0.337620578778135,0.323763955342903,1,0.993710691823899,1,1,1,0.683962264150943,0.330683624801272,1,0.333333333333333,0.325617283950617,0.804173354735153,0.130365659777424,0.33015873015873,0.325545171339564,0.325508607198748,0.99075500770416,1,1,0.00632911392405063,0.323101777059774,0.325545171339564,0.655502392344498,0.3359375,0.603076923076923,1,0.325617283950617,1,1,0.281847133757962,0.168238993710692,0.326656394453005,1,0.993817619783617,0.328149300155521,1,0.602272727272727,1,1,0.323076923076923,1,0.330246913580247,0.318110236220472,0.334905660377358,0.3203125,0,0.322274881516588,0.332330827067669,0.6801872074883,0.581903276131045,0.321086261980831,0.63677811550152,0.675,0.322429906542056,0.129449838187702,0,0.31974921630094,0.614649681528662,1,0.319218241042345,1,0.320512820512821,0,0.327586206896552,1,1,1,0.310832025117739,0.995305164319249,0.341232227488152,0.213622291021672,0.316030534351145,1,0.368012422360248,1,1,0.207874015748031,0.32182103610675,1,1,0.340523882896764,1,0.33034379671151,0.327217125382263,0.3625,0.774885145482389,0.323248407643312,1,0.336569579288026,0.637614678899083,0.337662337662338,1,0.0015748031496063,1,0.373205741626794,0.888888888888889,0.577952755905512,0.588888888888889,0.319314641744548,0.337620578778135,1,0.322932917316693,1,0.312796208530806,0.513178294573643,0.331797235023041,1,0.316037735849057,0.3232,0.340222575516693,0.32807570977918,1,0.316118935837246,1,0.426791277258567,0.334370139968896,1,0.331775700934579,1,0.591549295774648,0.325320512820513,1,0.323529411764706,0.316358024691358,0.338607594936709,0.984520123839009,0.329113924050633,1,0.337579617834395,1,0.32569558101473,1,0.594339622641509,0.305511811023622,0.0356564019448947,0.315112540192926,0.318611987381703,1,0.309636650868878,0.329133858267717,0.331259720062208,0.337461300309598,1,1,0.330143540669856,0.337042925278219,1,1,0.330721003134796,0.241433021806854,0.0211480362537764,0.677777777777778,1,0.00314465408805031,0.318885448916409,1,0.324324324324324,0.314984709480122,0.318181818181818,0.998417721518987,1,1,0.333333333333333,0.32484076433121,0.318611987381703,0.67205169628433,0.309148264984227,1,0.34984520123839,1,1,0.452418096723869,0.326465927099842,0.324074074074074,0.338607594936709,0.306349206349206,0.318840579710145,0.638801261829653,1,1,0.31875,0.00469483568075117,0.331825037707391,0.323664122137405,0.327639751552795,0.3202416918429,0.302839116719243,0.327131782945736,0.684867394695788,0.360681114551084,0.310344827586207,1,0.328593996840442,1,0.312693498452012,0.3136,0.316535433070866,0.344551282051282,0.316720257234727,1,0.330218068535826,0.792270531400966,1,1,0.996768982229402,1,1,0.901771336553945,1,1,1,0.324242424242424,1,0.330605564648118,0,1,0.37984496124031,1,0.325358851674641,0.329652996845426,0.316118935837246,0.408163265306122,1,0.335384615384615,1,1,1,1,0,0.31911532385466,1,1,0.32695374800638,1,0.332822085889571,1,1,0.317535545023697,0.332797427652733,0.311912225705329,0.157728706624606,0.340288924558588,0,0.592424242424242,1,0.329787234042553,0.326433121019108,0.574961360123648,1,1,0.328050713153724,0.334389857369255,1,0.650546021840874,0.695238095238095,0.308056872037915,0.320450885668277,0.992283950617284,0.328125,0.30640243902439,1,0.322429906542056,0.315707620528771,1,0.318611987381703,0.327044025157233,0.317901234567901,0.320493066255778,1,1,1,0.311605723370429,0.329093799682035,0.00606060606060606,0.990506329113924,0.3376,1,1,0.315384615384615,0.332819722650231,0.306729264475743,0.326530612244898,0.324451410658307,1,0.312599681020734,0.32018927444795,0.565079365079365,1,0.84044233807267,1,0,1,0.332831325301205,1,1,0.411490683229814,0.998442367601246,0.327014218009479,1,0.318037974683544,0.31201248049922,0.32,1,1,0.323809523809524,0.405537459283388,0.604724409448819,0.305466237942122,1,1,1,0.330081300813008,1,0.21978021978022,1,1,1,1,0.332819722650231,1,0.314144736842105,0.347551342812006,0.672985781990521,0.303858520900322,1,0.335949764521193,0.328173374613003,0.320450885668277,1,0.316358024691358,1,0.32469512195122,0.493023255813954,0.333855799373041,0.3328,0.322222222222222,1,0.323899371069182,0.314606741573034,1,1,0.330769230769231,0.320634920634921,1,0.469767441860465,0.320512820512821,0.333333333333333,0.333850931677019,0.675507020280811,1,0.301639344262295,1,0.413078149920255,0.314194577352472,0,0.86286594761171,0.328,0.32398753894081,0,0.0301587301587302,0.978021978021978,0.32967032967033,1,0.320126782884311,0.324675324675325,1,0.328682170542636,0.327044025157233,0.657276995305164,1,0.33175355450237,0.334389857369255,1,0.316118935837246,0.31637519872814,1,0.348367029548989,0.3232,0.316692667706708,0.332807570977918,0.791666666666667,1,0.9808,1,1,0.00157728706624606,1,0.9921875,1,0.424960505529226,0.996779388083736,0.308396946564885,0.992331288343558,0.341232227488152,0.99537750385208,0.600303951367781,0.628304821150855,0.327102803738318,0.318681318681319,0.628164556962025,0.32569558101473,0,0.617924528301887,0.67981072555205,0.327131782945736,0.00158982511923688,0.31911532385466,0.310236220472441,0.769716088328076,0.330246913580247,0.677672955974843,0.599681020733652,0.326018808777429,0.31937984496124,0.312989045383412,1,0.0284005979073244,0,0.32258064516129,0.335949764521193,0.341653666146646,1,0.331230283911672,0.325508607198748,1,0.310344827586207,0.935534591194969,0.567524115755627,1,1,0.991680532445923,0.328173374613003,0.608628659476117,0.328267477203647,0.318181818181818,0.314375987361769,0.412576687116564,1,0.317384370015949,1,0.327044025157233,0.325878594249201,1,0.319047619047619,1,0.329652996845426,1,1,0.331240188383046,0,1,0.3328173374613,1,0.581102362204724,1,0.496894409937888,1,0.575899843505477,1,0.322528363047002,1,1,1,0.322429906542056,0.32348367029549,0.330316742081448,0.352365415986949,0.331189710610932,0.312401883830455,1,0.334379905808477,1,1,0.333853354134165,0.323671497584541,0.326656394453005,0.388802488335925,0.333333333333333,1,1,0.334876543209877,0.33122028526149,0.622186495176849,0.595645412130638,0.330721003134796,0.32484076433121,1,0.318818040435459,0.319277108433735,0.995297805642633,0.31219512195122,0.312796208530806,0,0.147640791476408,0.329652996845426,0.668154761904762,0.3234375,0.331761006289308,0.596625766871166,1,0.325949367088608,1,0.314375987361769,0.347619047619048,0.324409448818898,0.493001555209953,0.322884012539185,1,0.325581395348837,0.329635499207607,0.339805825242718,0.674347158218126,1,0.333863275039746,0.323574730354391,0,0.330745341614907,0.998412698412698,0.951638065522621,1,0.324534161490683,0.329173166926677,0.325984251968504,0.588325652841782,1,0.594155844155844,0.338095238095238,1,1,0.962382445141066,0.667721518987342,0.345794392523364,0.351477449455676,0.329754601226994,0.324074074074074,1,1,0.506451612903226,0.63391442155309,1,1,0.998452012383901,0.686804451510334,1,0.328267477203647,0.674603174603175,1,0.330218068535826,0.328571428571429,0.330708661417323,0.996879875195008,1,0.645631067961165,0.328660436137072,1,1,0.335925349922239,0.3203125,0.998425196850394,0,0.313385826771654,0.312101910828025,0.00792393026941363,0.32258064516129,1,0.320695102685624,1,0.154929577464789,0,0.911901081916538,0.334905660377358,1,1,0,0.00153609831029186,0.333333333333333,1,0.320388349514563,0.996992481203008,0.324717285945073,1,0.998405103668262,0.962382445141066,0.790625,1,1,0.00638977635782748,1,0.508223684210526,0.3312,0.66358024691358,0.330745341614907,1,0.31201248049922,0.668217054263566,1,1,0.32258064516129,0.611872146118721,0.336477987421384,0.580286168521463,0.968304278922345,0.337025316455696,0.607198748043818,0.0156985871271586,0.316535433070866,0.332293291731669,0.325038880248834,1,0.632716049382716,0.31651376146789,0.882911392405063,0.588516746411483,0.963893249607535,1,1,0.321875,0.338164251207729,0.323101777059774,0.31875,0.328100470957614,0.613636363636364,0.317901234567901,0,0.665667166416792,0.998447204968944,0.332814930015552,0.313479623824451,0.328502415458937,0.328725038402458,0.604724409448819,1,0.339009287925697,0.338533541341654,0.333333333333333,0.324960753532182,0.320695102685624,0.317965023847377,0.2,0.67515923566879,0.330745341614907,0.60625,1,0.246130030959752,0.330203442879499,0.919558359621451,1,1,0.31104199066874,0.621705426356589,1,0.320552147239264,0.307448494453249,0.948717948717949,1,1,0.996753246753247,0.32093023255814,1,1,0.902208201892745,1,0.351226993865031,1,0.58664546899841,1,0.665116279069767,0.3125,0.602825745682888,1,1,0.9904,0.330769230769231,0.329192546583851,0.336569579288026,0.32967032967033,0.328525641025641,0.327922077922078,0.9808,0.322274881516588,1,1,0.733542319749216,0,0.326120556414219,0.324534161490683,0.668711656441718,1,0.5600624024961,0.335384615384615,0.64274322169059,0.316535433070866,0.314785373608903,1,0.322169059011164,0.330049261083744,0.698587127158556,0.913961038961039,0.332326283987915,0.607371794871795,0.581320450885668,0.333853354134165,0.329093799682035,0.311145510835913,0.594090202177294,0.677469135802469,1,0.885895404120444,1,0.665130568356375,0.996860282574568,0.587378640776699,0.31937984496124,0.338164251207729,1,1,0.43343653250774,0.99194847020934,0.996875,1,0.327073552425665,0.327613104524181,1,0.32383808095952,0.673913043478261,0.331230283911672,0.45324881141046,0.311111111111111,0,0.314728682170543,1,1,0.595054095826893,0.00154798761609907,0.32967032967033,0.331761006289308,0.104430379746835,0.423701298701299,1,1,0.314728682170543,1,0.408736349453978,1,0.333839150227618,0.583333333333333,0.332814930015552,0.323296354992076,1,0,1,0.316129032258064,0.327613104524181,1,1,1,0.453674121405751,1,0.328703703703704,0.622291021671827,0.335925349922239,0.333333333333333,0.0015527950310559,0.043956043956044,1,0.617924528301887,1,0.333858267716535,0.338211382113821,1,1,0.171826625386997,0.318252730109204,1,0.909090909090909,1,0.325508607198748,0.214968152866242,0.66358024691358,1,1,1,1,1,0.295384615384615,0.309033280507132,1,0.130148270181219,0.0015552099533437,0.435257410296412,0,0.335433070866142,1,0.670886075949367,1,1,0.892913385826772,1,0.672897196261682,1,1,1,1
"84",1,1,1,1,1,1,0.698564593301435,1,1,0.105095541401274,1,0.043343653250774,0.810810810810811,1,0.318110236220472,0.309375,0.0668693009118541,0.681744749596123,1,1,0.291079812206573,0.31924882629108,1,0.158139534883721,1,0.33641975308642,0.320063694267516,1,1,0.78021978021978,0.314024390243902,0.736842105263158,0.964777947932619,0.320987654320988,0,1,0.534562211981567,1,0.312024353120244,1,0.663522012578616,0.666151468315301,0.686453576864536,1,1,0.324960753532182,0.314873417721519,0.310502283105023,0.326717557251908,0.334855403348554,0,1,0.31784107946027,1,1,0.503115264797508,0.549450549450549,1,1,1,0.337442218798151,0.325115562403698,0.320373250388802,0.677215189873418,1,1,0.0363349131121643,1,0.0619335347432024,0.32375189107413,1,0.321538461538462,0.331240188383046,0.966929133858268,0.506191950464396,1,0.311926605504587,0.343939393939394,1,0.321543408360129,0.0937996820349762,0.328100470957614,0.323076923076923,1,0.345679012345679,1,1,1,1,0.693846153846154,1,1,0.0015552099533437,0.112654320987654,1,0.0458015267175573,0,1,0.558359621451104,0.672360248447205,1,0.0560747663551402,0.308755760368664,1,0.320695102685624,1,0.68140243902439,1,0.321981424148607,0.322033898305085,0.321100917431193,1,0.331259720062208,1,0.490881458966565,1,0.313755795981453,0.303076923076923,0.33030303030303,0.321372854914197,0.482919254658385,0.998449612403101,0.324200913242009,0.31911532385466,1,0.309451219512195,1,1,0.336990595611285,0.561538461538462,1,0.319620253164557,1,0.0419790104947526,1,0.319213313161876,0.674242424242424,0.337962962962963,0.926332288401254,0.435772357723577,0.113207547169811,0.105919003115265,1,1,0.333860759493671,1,0.329787234042553,1,0.811926605504587,1,0.33015873015873,1,1,1,1,0.34009360374415,1,0.326984126984127,0.257668711656442,1,0.319634703196347,1,0.303599374021909,0.0916149068322981,1,0.319314641744548,1,1,1,0.344563552833078,1,0.334394904458599,1,0.311424100156495,1,0.32018927444795,0.0795107033639144,1,0.634340222575517,1,1,0.312893081761006,1,1,1,1,0.325581395348837,0.31859756097561,1,0.998461538461539,0.321100917431193,0.312401883830455,1,0.444444444444444,0.6602658788774,0,0.317557251908397,0.668740279937792,1,0.321592649310873,1,0.998477929984779,1,0.323574730354391,0.322137404580153,0.327073552425665,1,1,1,0,1,0.310344827586207,0.973805855161787,0.327586206896552,0.304147465437788,0.753445635528331,1,1,1,1,1,0.0420560747663551,0.319314641744548,0.334355828220859,1,0.678353658536585,1,1,0.998435054773083,0.998480243161094,1,1,0.00152671755725191,0.321752265861027,1,0.312210200927357,1,0.308049535603715,1,1,1,1,1,0.331288343558282,1,0.515822784810127,0.330769230769231,0.332829046898638,0.318818040435459,0.328125,0.329770992366412,0.429936305732484,0.332819722650231,0.322085889570552,0.317901234567901,1,0.327073552425665,1,0.673252279635258,0.319018404907975,0.312688821752266,0.343653250773994,1,1,1,0.265210608424337,0.318529862174579,1,0.323343848580442,0.322822822822823,0.321316614420063,0.324074074074074,0.680314960629921,1,0.328220858895706,0.31924882629108,1,0.315286624203822,1,0.309341500765697,0.31839258114374,1,1,1,0.533646322378717,1,0.680685358255452,0.0904977375565611,0.327188940092166,1,1,0.104776579352851,0.32572298325723,0.328616352201258,1,1,0.306184012066365,0.0215716486902928,0,1,1,0.344461305007587,0.998444790046656,1,0.319083969465649,1,1,0.321875,1,1,1,1,0.332288401253919,0.319083969465649,0.328571428571429,1,1,0.662058371735791,0.316692667706708,1,0.312312312312312,0.309262166405024,1,1,0.998468606431853,1,1,0.3328173374613,1,1,0.111111111111111,0.338414634146341,0.509433962264151,0.309262166405024,0.670846394984326,0.316590563165906,1,0.32018927444795,0.339035769828927,0.259090909090909,0.329230769230769,1,0.331334332833583,1,1,1,0.315955766192733,0.32262996941896,0.998484848484849,0.921725239616613,0.0650793650793651,1,0.321928460342146,0.326465927099842,0.3171875,1,0.331278890600925,0.46656298600311,0.328197226502311,0.313385826771654,0.322222222222222,0.31637519872814,1,0.324409448818898,1,1,0,1,0.324492979719189,1,1,1,0.333333333333333,1,0.315873015873016,1,0.842592592592593,1,1,1,0.319938176197836,1,1,0.319083969465649,0.321316614420063,1,1,0.318461538461538,0.191780821917808,1,0.998461538461539,1,0,0.317535545023697,1,0.314329738058552,0.245669291338583,1,0.670769230769231,0.432880844645551,1,1,0.674041297935103,0.695046439628483,0.355590062111801,1,0.319508448540707,1,1,0.34375,1,0.998449612403101,0.0060882800608828,0.333333333333333,1,1,0.335987261146497,1,1,0.310344827586207,0.333333333333333,1,1,1,0.541284403669725,0.318112633181126,0.350157728706625,0.324812030075188,0.336923076923077,0.686614173228347,0.331259720062208,0.332819722650231,0.317411402157165,0.24922600619195,0.324281150159744,1,0.330275229357798,0.998432601880878,0.324031007751938,0.0915915915915916,0.0517503805175038,1,1,0.0358814352574103,1,0.681203007518797,0.0435458786936236,0.00938967136150235,1,0.670295489891135,1,1,0.555205047318612,1,0,0.0786516853932584,1,1,1,0.325508607198748,0.641791044776119,0.685393258426966,0.99236641221374,1,0.984709480122324,0.311912225705329,0.330696202531646,1,0.30625,1,0.371913580246914,0.110419906687403,0.312883435582822,0.326283987915408,0.34375,1,0.0832072617246596,1,1,1,0.269113149847095,0.325545171339564,1,0.325,1,1,0.309815950920245,1,0.332326283987915,1,0.315384615384615,0.328149300155521,1,0.676470588235294,0.315315315315315,1,0.314873417721519,0.768273716951788,0.321752265861027,0.160550458715596,0.322338830584708,0.783359497645212,0.314785373608903,1,0.33026113671275,0.341013824884793,0.298136645962733,1,1,1,0.971383147853736,0.339171974522293,1,0.329093799682035,1,0.324149108589951,0.328220858895706,1,1,1,0.914596273291925,1,0.30920060331825,0.327188940092166,1,1,0.0475435816164818,0.089622641509434,1,1,0.312202852614897,1,1,0.316770186335404,1,1,0.681181959564541,0.527272727272727,1,0,1,1,0.105182926829268,0.330769230769231,1,0.325115562403698,0.998449612403101,0.966824644549763,0.998447204968944,0.830045523520486,1,0.335453100158982,1,1,1,0,0.316476345840131,1,1,0.665109034267913,1,0.322033898305085,0.360248447204969,0.323029366306028,1,1,1,0.100151745068285,0.329133858267717,0.0990566037735849,0.998432601880878,0.313935681470138,0.311827956989247,0.361280487804878,0,1,0.95800933125972,1,1,0.335913312693498,0.306525037936267,0.161695447409733,0.0364500792393027,0.326687116564417,0.319685039370079,0.32572298325723,0.0016025641025641,0.313935681470138,1,0,0.318952234206472,1,1,1,0.327718223583461,0.321699544764795,0.0334928229665072,1,0.322834645669291,0.314112291350531,1,1,0.321981424148607,0.688816855753647,1,1,0.6953125,1,0.314984709480122,1,0.320987654320988,0.522273425499232,0.667673716012085,0.423880597014925,1,0.30381679389313,0.326186830015314,0.673780487804878,0.660633484162896,1,0.322085889570552,1,0.332829046898638,1,0.324534161490683,0.317535545023697,0.3578125,0.546728971962617,0.326625386996904,0.316279069767442,0.659937888198758,0.321100917431193,0.157212317666126,1,0,1,0.304278922345483,1,0,0.329153605015674,0.320126782884311,1,0.0584707646176912,1,0.09375,0.346394984326019,1,0.0659509202453988,0.666666666666667,1,1,1,0.310679611650485,0.037821482602118,1,0.445839874411303,0.103448275862069,0.355725190839695,0.329803328290469,0.327692307692308,1,1,1,1,1,0.0677710843373494,0.995454545454545,0.678571428571429,0.00147492625368732,0.328149300155521,1,1,1,1,0.0948678071539658,0.324200913242009,1,1,1,1,1,1,0.481818181818182,0.00157977883096367,1,0.0920245398773006,0.323574730354391,0.435257410296412,1,0.395833333333333,0.32794830371567,0.315068493150685,1,0.0389408099688473,0.324116743471582,1,1,0.377358490566038,0.310664605873261,0.316846986089645,0.323248407643312,0.998456790123457,0.332273449920509,0.322188449848024,0.421705426356589,0.3198127925117,0.974397590361446,0.321699544764795,0.088,0.327666151468315,0,1,0.0971786833855799,0.309375,0.320813771517997,0.317829457364341,1,1,1,1,1,1,0.339563862928349,1,0.322480620155039,0.318407960199005,0.617647058823529,0.68167701863354,1,1,0,0.324655436447167,0.122887864823349,0.998489425981873,0.034375,1,1,0.318181818181818,1,1,0.631083202511774,0.423137876386688,0.997076023391813,0.089622641509434,0.106180665610143,1,1,1,0.0934579439252336,0,0.321266968325792,0.430793157076205,0.316109422492401,0,0.327044025157233,0.0923317683881064,1,1,0.32781954887218,0.319018404907975,0.244204018547141,0.334935897435897,0.321592649310873,0.324574961360124,1,1,0.329173166926677,1,0,1,0.229938271604938,1,0.673252279635258,1,0.322429906542056,0.312698412698413,0.0829493087557604,0.67687595712098,1,1,0.78416149068323,0.89297124600639,0.3232,0.323899371069182,1,0.324116743471582,0.262910798122066,0.324921135646688,1,0.108231707317073,1,1,0.326086956521739,0.669918699186992,0.312202852614897,1,1,0.317972350230415,0.311827956989247,0.3202416918429,0.870716510903427,0.317384370015949,1,0.0582822085889571,1,1,0.694444444444444,0.648148148148148,0.327014218009479,0.0554699537750385,0.329173166926677,1,1,0.317111459968603,0.333333333333333,0.622119815668203,1,0.312977099236641,0.381538461538462,0.316109422492401,0.983333333333333,0.474418604651163,0.0045662100456621,0.310291858678955,0.325264750378215,0.338072669826224,0.321766561514196,0.321212121212121,0.971168437025797,1,0.319875776397516,0.544728434504792,0.682737169517885,0.245112781954887,0.676328502415459,1,0.327666151468315,0.003125,0.328703703703704,0.314728682170543,0.383307573415765,0.318181818181818,0,0.33693972179289,0.325038880248834,0.322932917316693,0.322033898305085
"85",0.321372854914197,0.330246913580247,0.334365325077399,0.341158059467919,0.335403726708075,0.323943661971831,0.0141287284144427,0.341232227488152,0.332293291731669,0.549363057324841,0.341500765696784,0.625386996904025,0.542586750788643,0.340659340659341,1,1,0.602118003025719,0,0.343701399688958,0.325508607198748,1,1,0.340490797546012,0.488299531981279,0.323353293413174,1,1,0.35,0.326219512195122,0.533858267716535,1,0.614551083591331,0.38785046728972,0.998439937597504,0.6484375,0.335473515248796,0.12788906009245,0.343558282208589,1,0.32312404287902,0.0015600624024961,0,0,0.337519623233909,0.340255591054313,1,0.996894409937888,1,1,1,0.675265553869499,0.338582677165354,1,0.336434108527132,0.334876543209877,0.838304552590267,0.114779874213836,0.339593114241002,0.329738058551618,0.345971563981043,0.992447129909366,1,1,0.00310077519379845,0.334943639291465,0.335394126738794,0.636075949367089,0.34375,0.595488721804511,1,0.331288343558282,1,1,0.293460925039872,0.145736434108527,0.331818181818182,1,0.998477929984779,0.333333333333333,1,0.584814216478191,1,1,0.345679012345679,1,0.339285714285714,0.327014218009479,0.345911949685535,0.333333333333333,0,0.331746031746032,0.343283582089552,0.666146645865835,0.565891472868217,0.329133858267717,0.623880597014925,0.657975460122699,0.332298136645963,0.1088,0,0.330745341614907,0.601880877742947,1,0.333868378812199,1,0.335423197492163,0,0.342635658914729,1,1,1,0.321428571428571,0.998456790123457,0.341653666146646,0.184496124031008,0.325757575757576,1,0.364188163884674,1,1,0.181538461538462,0.3375,1,1,0.346036585365854,1,0.335809806835067,0.330316742081448,0.347417840375587,0.765601217656012,0.338658146964856,1,0.347068145800317,0.613293051359517,0.355661881977671,1,0.00152905198776758,1,0.3875,0.884927066450567,0.566358024691358,0.585403726708075,0.335403726708075,0.33652312599681,1,0.330218068535826,1,0.320695102685624,0.520610687022901,0.340393343419062,1,0.330733229329173,0.332819722650231,0.335413416536661,0.3390625,1,0.318181818181818,1,0.406542056074766,0.346094946401225,1,0.33843797856049,1,0.573667711598746,0.338164251207729,1,0.33695652173913,0.333333333333333,0.351648351648352,0.989164086687306,0.344287949921753,1,0.3421875,1,0.3354943273906,1,0.575663026521061,0.312401883830455,0.0273311897106109,0.318611987381703,0.329738058551618,1,0.320813771517997,0.332298136645963,0.334355828220859,0.351851851851852,1,1,0.33652312599681,0.3390625,1,1,0.343799058084772,0.227414330218069,0.0181543116490166,0.667185069984448,1,0.00154083204930663,0.330781010719755,1,0.342271293375394,0.328220858895706,0.336973478939158,0.996946564885496,1,1,0.338855421686747,0.3312,0.333333333333333,0.662957074721781,0.32258064516129,1,0.359746434231379,1,1,0.43343653250774,0.344444444444444,0.332826747720365,0.34375,0.32398753894081,0.338072669826224,0.62754303599374,1,1,0.332822085889571,0.00154798761609907,0.346153846153846,0.334341906202723,0.339593114241002,0.321592649310873,0.320373250388802,0.333333333333333,0.675384615384615,0.343939393939394,0.323619631901841,1,0.344339622641509,1,0.323076923076923,0.325396825396825,0.3296875,0.35048231511254,0.331210191082803,1,0.338485316846986,0.813880126182965,1,1,0.998432601880878,1,1,0.895498392282958,1,1,1,0.336405529953917,1,0.3424,0,1,0.360429447852761,1,0.338095238095238,0.344339622641509,0.332298136645963,0.398449612403101,1,0.340523882896764,1,1,1,1,0,0.332283464566929,1,1,0.333855799373041,1,0.342024539877301,1,1,0.328660436137072,0.350877192982456,0.326053042121685,0.130298273155416,0.348726114649682,0,0.578787878787879,1,0.337962962962963,0.341772151898734,0.564491654021244,1,1,0.336,0.355905511811024,1,0.637636080870918,0.682034976152623,0.327073552425665,0.341346153846154,0.993948562783661,0.340523882896764,0.317147192716237,1,0.326656394453005,0.328220858895706,1,0.318818040435459,0.338557993730408,0.331259720062208,0.334890965732087,1,1,1,0.326018808777429,0.341194968553459,0.00778816199376947,0.995297805642633,0.3453125,1,1,0.333333333333333,0.345146379044684,0.324116743471582,0.332298136645963,0.331297709923664,1,0.326984126984127,0.336448598130841,0.551342812006319,1,0.834905660377358,1,0,1,0.340874811463047,1,1,0.393893129770992,1,0.340189873417722,1,0.329192546583851,0.326018808777429,0.332824427480916,1,1,0.334890965732087,0.415185783521809,0.598746081504702,0.321144674085851,1,1,1,0.338632750397456,1,0.18266253869969,1,1,1,1,0.341538461538462,1,0.333863275039746,0.352395672333849,0.653188180404355,0.321259842519685,1,0.34715821812596,0.337404580152672,0.335483870967742,1,0.322289156626506,1,0.33987915407855,0.499227202472952,0.338461538461538,0.346333853354134,0.330804248861912,1,0.341772151898734,0.317610062893082,1,1,0.328197226502311,0.325581395348837,1,0.462709284627093,0.326923076923077,0.348367029548989,0.348623853211009,0.662557781201849,1,0.308306709265176,1,0.394904458598726,0.332278481012658,0,0.889057750759878,0.338658146964856,0.338509316770186,0,0.0388802488335925,0.982866043613707,0.337480559875583,1,0.333333333333333,0.328525641025641,1,0.333333333333333,0.331775700934579,0.651632970451011,1,0.336990595611285,0.342812006319115,1,0.328220858895706,0.319935691318328,1,0.325153374233129,0.333863275039746,0.334862385321101,0.346811819595645,0.821316614420063,1,0.98256735340729,1,1,0.00156985871271586,1,0.996889580093313,1,0.406593406593407,1,0.331288343558282,0.996923076923077,0.349378881987578,1,0.591591591591592,0.607692307692308,0.334355828220859,0.329286798179059,0.624610591900312,0.3344,0,0.610769230769231,0.662460567823344,0.330781010719755,0.00155038759689922,0.330696202531646,0.327666151468315,0.758675078864353,0.347826086956522,0.669767441860465,0.5814696485623,0.333855799373041,0.342987804878049,0.319875776397516,1,0.0221565731166913,0,0.334869431643625,0.352574102964119,0.347826086956522,1,0.323529411764706,0.338509316770186,1,0.319875776397516,0.944444444444444,0.553125,1,1,0.996710526315789,0.333333333333333,0.590015128593041,0.344410876132931,0.331210191082803,0.339622641509434,0.4,1,0.328682170542636,1,0.34181240063593,0.33868378812199,1,0.341732283464567,1,0.341194968553459,1,1,0.33693972179289,0,1,0.337442218798151,1,0.591263650546022,1,0.486111111111111,1,0.58359133126935,1,0.340189873417722,1,1,1,0.324960753532182,0.34012539184953,0.337878787878788,0.36231884057971,0.319870759289176,0.331269349845201,1,0.341121495327103,1,1,0.345736434108527,0.33968253968254,0.339506172839506,0.410174880763116,0.342987804878049,1,1,0.349768875192604,0.341772151898734,0.615384615384615,0.574803149606299,0.329192546583851,0.332805071315372,1,0.318461538461538,0.334355828220859,0.995363214837713,0.322734499205087,0.325038880248834,0,0.124233128834356,0.3359375,0.664179104477612,0.330733229329173,0.345679012345679,0.578866768759571,0.998463901689708,0.332283464566929,1,0.3328125,0.363067292644757,0.33125,0.496217851739788,0.332302936630603,1,0.331804281345566,0.3359375,0.349056603773585,0.672281776416539,1,0.340729001584786,0.335901386748844,0,0.345565749235474,1,0.956856702619414,1,0.337404580152672,0.341984732824427,0.34009360374415,0.562883435582822,1,0.572337042925278,0.355905511811024,1,1,0.967791411042945,0.65527950310559,0.343653250773994,0.377329192546584,0.332819722650231,0.330815709969789,1,1,0.489795918367347,0.614896988906498,1,1,1,0.674121405750799,1,0.33535660091047,0.663522012578616,1,0.346811819595645,0.333333333333333,0.339089481946625,1,1,0.637958532695375,0.338414634146341,1,1,0.338461538461538,0.325153374233129,1,0,0.337025316455696,0.324881141045959,0.00473186119873817,0.335866261398176,1,0.329173166926677,1,0.12824427480916,0,0.903963414634146,0.341049382716049,1,1,0,0.00154083204930663,0.338983050847458,1,0.3344,0.998493975903614,0.329617834394904,1,1,0.962674961119751,0.782208588957055,1,1,0.00308641975308642,1,0.496,0.344563552833078,0.653435114503817,0.340523882896764,1,0.330232558139535,0.658950617283951,1,1,0.329093799682035,0.601492537313433,0.346564885496183,0.574534161490683,0.97339593114241,0.347962382445141,0.587326120556414,0.0109034267912773,0.330708661417323,0.341049382716049,0.340590979782271,1,0.614439324116744,0.323664122137405,0.9015625,0.559241706161137,0.96937212863706,1,1,0.331278890600925,0.355905511811024,0.327447833065811,0.328197226502311,0.329230769230769,0.602134146341463,0.321646341463415,0,0.657777777777778,1,0.345679012345679,0.325434439178515,0.3312,0.341945288753799,0.587227414330218,1,0.348091603053435,0.3515625,0.355987055016181,0.339593114241002,0.334862385321101,0.327692307692308,0.169724770642202,0.656549520766773,0.340625,0.583460949464012,1,0.226851851851852,0.33695652173913,0.9234375,1,1,0.325984251968504,0.62557781201849,1,0.332317073170732,0.310185185185185,0.957413249211357,1,1,0.998405103668262,0.338957055214724,1,1,0.898753894080997,1,0.36687306501548,1,0.57097288676236,1,0.656832298136646,0.330696202531646,0.582792207792208,1,1,0.995334370139969,0.336826347305389,0.346273291925466,0.347687400318979,0.340189873417722,0.340222575516693,0.347133757961783,0.985781990521327,0.336405529953917,1,1,0.715179968701095,0,0.333333333333333,0.334869431643625,0.661016949152542,1,0.543478260869565,0.346444780635401,0.627575277337559,0.329192546583851,0.332278481012658,1,0.331240188383046,0.338211382113821,0.688783570300158,0.905537459283388,0.343195266272189,0.5824,0.569875776397516,0.348694316436252,0.348031496062992,0.322530864197531,0.582945736434109,0.664098613251156,1,0.902325581395349,1,0.646341463414634,1,0.571428571428571,0.332810047095761,0.349683544303797,1,1,0.408385093167702,0.996860282574568,1,1,0.331269349845201,0.342679127725857,1,0.325859491778774,0.662037037037037,0.349529780564263,0.425897035881435,0.326465927099842,0,0.33026113671275,1,1,0.582043343653251,0.00152671755725191,0.344036697247706,0.329704510108865,0.114678899082569,0.428802588996764,1,1,0.332822085889571,1,0.390092879256966,1,0.341829085457271,0.572093023255814,0.342271293375394,0.329211746522411,1,0,1,0.325914149443561,0.339593114241002,1,1,1,0.466876971608833,1,0.335403726708075,0.602782071097372,0.345201238390093,0.345483359746434,0.00155038759689922,0.0295031055900621,1,0.6078125,1,0.347826086956522,0.34775641025641,1,1,0.163358778625954,0.326053042121685,1,0.902627511591963,1,0.343605546995377,0.184952978056426,0.651975683890577,1,1,1,1,1,0.302611367127496,0.317829457364341,1,0.10828025477707,0.00156739811912226,0.424427480916031,0,0.339593114241002,1,0.663536776212833,1,1,0.889400921658986,1,0.662613981762918,1,1,1,1
"86",1,1,1,1,1,1,0.699074074074074,1,1,0.0973724884080371,1,0.0440729483282675,0.810477657935285,1,0.322480620155039,0.311550151975684,0.0625,0.686119873817035,1,1,0.295558958652374,0.31937984496124,1,0.158371040723982,1,0.332335329341317,0.316846986089645,1,1,0.788819875776398,0.314112291350531,0.73037037037037,0.960665658093797,0.314329738058552,0,1,0.536953242835596,1,0.30791788856305,1,0.658461538461538,0.679699248120301,0.69079939668175,1,1,0.320872274143302,0.314503816793893,0.316341829085457,0.325301204819277,0.328869047619048,0,1,0.313161875945537,1,1,0.487692307692308,0.55895865237366,1,1,1,0.333832335329341,0.326153846153846,0.313846153846154,0.672307692307692,1,1,0.0396946564885496,1,0.0582959641255605,0.326807228915663,1,0.317700453857791,0.330232558139535,0.965244865718799,0.5,1,0.309774436090226,0.338323353293413,1,0.321656050955414,0.0863422291993721,0.320121951219512,0.330246913580247,1,0.339285714285714,1,1,1,1,0.681749622926094,1,1,0,0.104229607250755,1,0.0464071856287425,0,1,0.554858934169279,0.673879443585781,1,0.0591805766312595,0.313364055299539,1,0.31441717791411,1,0.687125748502994,1,0.31937984496124,0.324242424242424,0.320359281437126,1,0.32579185520362,1,0.48948948948949,1,0.320121951219512,0.303437967115097,0.324888226527571,0.314503816793893,0.478915662650602,0.998480243161094,0.320417287630402,0.322480620155039,1,0.307110438729198,1,1,0.331818181818182,0.538575667655786,1,0.318318318318318,1,0.0398818316100443,1,0.315946348733234,0.674242424242424,0.333333333333333,0.930555555555556,0.43171114599686,0.101978691019787,0.0958904109589041,1,1,0.334346504559271,1,0.325,1,0.800604229607251,1,0.326594090202177,1,1,1,1,0.337349397590361,1,0.324574961360124,0.250374812593703,1,0.315007429420505,1,0.307926829268293,0.0847457627118644,1,0.31733746130031,1,1,1,0.339366515837104,1,0.338414634146341,1,0.30781010719755,1,0.321044546850998,0.0726172465960666,1,0.635071090047393,1,1,0.312404287901991,1,1,1,1,0.329268292682927,0.315233785822021,1,0.998480243161094,0.317771084337349,0.307453416149068,1,0.448795180722892,0.659883720930233,0,0.326687116564417,0.66156202143951,1,0.327844311377246,1,0.998507462686567,1,0.319340329835082,0.326378539493294,0.329192546583851,1,1,1,0,1,0.308755760368664,0.973886328725038,0.325617283950617,0.311728395061728,0.758358662613982,1,1,1,1,1,0.0408472012102874,0.324200913242009,0.328849028400598,1,0.675675675675676,1,1,0.998489425981873,0.998493975903614,1,1,0.003003003003003,0.320359281437126,1,0.312111801242236,1,0.308510638297872,1,1,1,1,1,0.326717557251908,1,0.509287925696594,0.328267477203647,0.330396475770925,0.3234375,0.333333333333333,0.3328173374613,0.427244582043344,0.331811263318113,0.318731117824773,0.318042813455657,1,0.324773413897281,1,0.680059523809524,0.324655436447167,0.313253012048193,0.336448598130841,1,1,1,0.259541984732824,0.321752265861027,1,0.329211746522411,0.334328358208955,0.316109422492401,0.330849478390462,0.674846625766871,1,0.326923076923077,0.321044546850998,1,0.31104199066874,1,0.318731117824773,0.315789473684211,1,1,1,0.536098310291859,1,0.677224736048265,0.0797636632200886,0.319148936170213,1,1,0.0925644916540212,0.321752265861027,0.332302936630603,1,1,0.305597579425113,0.0240963855421687,0.00305810397553517,1,1,0.339312406576981,1,1,0.31570996978852,1,1,0.324773413897281,1,1,1,1,0.327300150829563,0.310650887573964,0.329093799682035,1,1,0.670212765957447,0.322239031770045,1,0.319758672699849,0.302290076335878,1,1,0.998496240601504,1,1,0.326717557251908,1,1,0.106976744186047,0.33532041728763,0.497695852534562,0.324655436447167,0.672256097560976,0.321804511278195,1,0.318461538461538,0.336890243902439,0.259036144578313,0.325301204819277,1,0.332344213649852,1,1,1,0.320726172465961,0.325408618127786,0.998496240601504,0.931962025316456,0.0646153846153846,1,0.32185628742515,0.321428571428571,0.315467075038285,1,0.331352154531946,0.472560975609756,0.334355828220859,0.30804248861912,0.310452418096724,0.308868501529052,1,0.321100917431193,1,1,0,1,0.328267477203647,1,1,1,0.331818181818182,1,0.315047021943574,1,0.834586466165414,1,1,1,0.318862275449102,1,1,0.316265060240964,0.322085889570552,1,1,0.31859756097561,0.185128983308042,1,0.998489425981873,1,0,0.31839258114374,1,0.316742081447964,0.240061162079511,1,0.67218045112782,0.438518518518519,1,1,0.67741935483871,0.696319018404908,0.352760736196319,1,0.321266968325792,1,1,0.33587786259542,1,0.998459167950693,0.00764525993883792,0.325190839694657,1,1,0.323574730354391,1,1,0.315217391304348,0.324404761904762,1,1,1,0.529411764705882,0.31441717791411,0.340361445783133,0.32069970845481,0.339312406576981,0.686728395061728,0.327300150829563,0.331825037707391,0.32396449704142,0.238095238095238,0.31875,1,0.324850299401198,0.998473282442748,0.318112633181126,0.0804769001490313,0.0524737631184408,1,1,0.0374812593703148,1,0.683357879234168,0.0424886191198786,0.00924499229583975,1,0.680786686838124,1,1,0.539657853810264,1,0,0.0698757763975155,1,1,1,0.327102803738318,0.65123010130246,0.688783570300158,0.992435703479576,1,0.98796992481203,0.305597579425113,0.331288343558282,1,0.307098765432099,1,0.378787878787879,0.104037267080745,0.311940298507463,0.320058997050148,0.344444444444444,1,0.075,1,1,1,0.261261261261261,0.322429906542056,1,0.325077399380805,1,1,0.31390134529148,1,0.32561505065123,1,0.316770186335404,0.32262996941896,1,0.670261941448382,0.314456035767511,1,0.3140625,0.758308157099698,0.316493313521545,0.157099697885196,0.318991097922849,0.77557251908397,0.310077519379845,1,0.33026113671275,0.340329835082459,0.296520423600605,1,1,1,0.969936708860759,0.334913112164297,1,0.330203442879499,1,0.327476038338658,0.318649045521292,1,1,1,0.920852359208524,1,0.310240963855422,0.319634703196347,1,1,0.048062015503876,0.0787037037037037,1,1,0.310769230769231,1,1,0.313546423135464,1,1,0.682228915662651,0.527736131934033,1,0,1,1,0.0982142857142857,0.338345864661654,1,0.327743902439024,0.998456790123457,0.966153846153846,0.998447204968944,0.82051282051282,1,0.328571428571429,1,1,1,0,0.316720257234727,1,1,0.671732522796353,1,0.317771084337349,0.365963855421687,0.324655436447167,1,1,1,0.0880597014925373,0.322981366459627,0.0870917573872473,0.998461538461539,0.315868263473054,0.313813813813814,0.357566765578635,0,1,0.957120980091884,1,1,0.325545171339564,0.310344827586207,0.158536585365854,0.0366412213740458,0.324655436447167,0.318529862174579,0.330827067669173,0,0.316187594553706,1,0,0.318385650224215,1,1,1,0.319277108433735,0.32,0.0345911949685535,1,0.31651376146789,0.309667673716012,1,1,0.325190839694657,0.696062992125984,1,1,0.683001531393568,1,0.318385650224215,1,0.321100917431193,0.533632286995516,0.667170953101362,0.413075780089153,1,0.306092124814265,0.315548780487805,0.681203007518797,0.664179104477612,1,0.324283559577677,1,0.320117474302496,1,0.323076923076923,0.31201248049922,0.36687306501548,0.521276595744681,0.326687116564417,0.317073170731707,0.661042944785276,0.316590563165906,0.1453125,1,0,1,0.299539170506912,1,0,0.324116743471582,0.32,1,0.0559646539027982,1,0.0826952526799387,0.347222222222222,1,0.0642750373692078,0.669218989280245,1,1,1,0.309262166405024,0.0374812593703148,1,0.428134556574924,0.0967741935483871,0.362146050670641,0.330815709969789,0.327868852459016,1,1,1,1,1,0.0652818991097923,0.995495495495496,0.686567164179104,0.00292825768667643,0.329323308270677,1,1,1,1,0.0863636363636364,0.315233785822021,1,1,1,1,1,1,0.48868778280543,0,1,0.0832072617246596,0.3267776096823,0.430955993930197,1,0.398461538461538,0.315217391304348,0.311649016641452,1,0.0411585365853659,0.323353293413174,1,1,0.376923076923077,0.310810810810811,0.311550151975684,0.3203125,0.998484848484849,0.333333333333333,0.325688073394495,0.414373088685015,0.319083969465649,0.973013493253373,0.308823529411765,0.0821705426356589,0.331297709923664,0,1,0.088785046728972,0.306625577812018,0.325652841781874,0.323076923076923,1,1,1,1,1,1,0.334890965732087,1,0.312883435582822,0.314332247557003,0.602118003025719,0.675425038639876,1,1,0,0.321005917159763,0.114977307110439,0.998525073746313,0.0361990950226244,1,1,0.314984709480122,1,1,0.626543209876543,0.4109375,0.997097242380261,0.0746500777604977,0.0976744186046512,1,1,1,0.0871559633027523,0,0.322289156626506,0.424886191198786,0.322916666666667,0,0.323029366306028,0.0804953560371517,1,1,0.324888226527571,0.322822822822823,0.234756097560976,0.335925349922239,0.318796992481203,0.319402985074627,1,1,0.331768388106416,1,0,1,0.221538461538462,1,0.674107142857143,1,0.320182094081942,0.313971742543171,0.075187969924812,0.66467958271237,1,1,0.783866057838661,0.888540031397174,0.315068493150685,0.316998468606432,1,0.320493066255778,0.25114854517611,0.325508607198748,1,0.101071975497703,1,1,0.322188449848024,0.673374613003096,0.31104199066874,1,1,0.30920060331825,0.311746987951807,0.31784107946027,0.849693251533742,0.315217391304348,1,0.0574886535552194,1,1,0.691964285714286,0.648062015503876,0.321538461538462,0.0549618320610687,0.331297709923664,1,1,0.316109422492401,0.332317073170732,0.614692653673163,1,0.315233785822021,0.376681614349776,0.313161875945537,0.985029940119761,0.468606431852986,0.00306278713629403,0.308734939759036,0.328402366863905,0.335925349922239,0.313755795981453,0.319465081723626,0.966817496229261,1,0.319340329835082,0.545454545454545,0.679012345679012,0.232732732732733,0.673469387755102,1,0.327769347496206,0.00310077519379845,0.329787234042553,0.318731117824773,0.366218236173393,0.32398753894081,0,0.336349924585219,0.318252730109204,0.328703703703704,0.312307692307692
"87",1,1,1,1,1,1,0.7085346215781,1,1,0.101351351351351,1,0.0473186119873817,0.803827751196172,1,0.31687898089172,0.306962025316456,0.0641627543035994,0.690789473684211,1,1,0.289308176100629,0.309033280507132,1,0.158555729984301,1,0.322932917316693,0.308196721311475,1,1,0.778135048231511,0.307086614173228,0.708860759493671,0.968944099378882,0.30829420970266,0,1,0.544444444444444,1,0.295731707317073,1,0.673534072900158,0.684458398744113,0.693846153846154,1,1,0.304,0.310177705977383,0.304347826086957,0.322378716744914,0.321428571428571,0,1,0.321372854914197,1,1,0.488745980707395,0.560581583198708,1,1,1,0.321875,0.308917197452229,0.314516129032258,0.689490445859873,1,1,0.0378548895899054,1,0.0611620795107034,0.315789473684211,1,0.31974921630094,0.32258064516129,0.9584,0.516380655226209,1,0.309006211180124,0.329230769230769,1,0.310569105691057,0.0931372549019608,0.322734499205087,0.318110236220472,1,0.327014218009479,1,1,1,1,0.697819314641745,1,1,0,0.109204368174727,1,0.048062015503876,0,1,0.559677419354839,0.683788121990369,1,0.0572337042925278,0.306853582554517,1,0.309409888357257,1,0.684542586750789,1,0.31687898089172,0.314814814814815,0.31039755351682,1,0.3265625,1,0.495327102803738,1,0.309375,0.312202852614897,0.323076923076923,0.308544303797468,0.498422712933754,0.998412698412698,0.318952234206472,0.306946688206785,1,0.304897314375987,1,1,0.331768388106416,0.549467275494673,1,0.305993690851735,1,0.0432766615146832,1,0.308527131782946,0.674961119751166,0.325434439178515,0.928684627575277,0.429276315789474,0.103668261562998,0.0935023771790808,1,1,0.326984126984127,1,0.311827956989247,1,0.798107255520505,1,0.316139767054908,1,1,1,1,0.323763955342903,1,0.32475884244373,0.265723270440252,1,0.31441717791411,1,0.29984544049459,0.0869565217391304,1,0.315457413249211,1,1,1,0.332283464566929,1,0.322115384615385,1,0.298107255520505,1,0.318611987381703,0.0753532182103611,1,0.631921824104234,1,1,0.312803889789303,1,1,1,1,0.318541996830428,0.306122448979592,1,0.998412698412698,0.313846153846154,0.305331179321486,1,0.451713395638629,0.671709531013616,0,0.309748427672956,0.674491392801252,1,0.321372854914197,1,0.998477929984779,1,0.308176100628931,0.317411402157165,0.323671497584541,1,1,1,0,1,0.302547770700637,0.970266040688576,0.320695102685624,0.302652106084243,0.759112519809826,1,1,1,1,1,0.0441640378548896,0.308943089430894,0.323343848580442,1,0.692307692307692,1,1,0.998420221169036,0.998444790046656,1,1,0.00156494522691706,0.327073552425665,1,0.30952380952381,1,0.303937007874016,1,1,1,1,1,0.31637519872814,1,0.508744038155803,0.323854660347551,0.3198127925117,0.31687898089172,0.319935691318328,0.323671497584541,0.419934640522876,0.31911532385466,0.313755795981453,0.306477093206951,1,0.314375987361769,1,0.694656488549618,0.309375,0.317829457364341,0.329093799682035,1,1,1,0.268057784911718,0.314873417721519,1,0.317152103559871,0.323664122137405,0.308661417322835,0.310344827586207,0.693396226415094,1,0.318952234206472,0.312599681020734,1,0.299186991869919,1,0.302469135802469,0.312698412698413,1,1,1,0.5472,1,0.694006309148265,0.0820433436532508,0.313385826771654,1,1,0.0969230769230769,0.319314641744548,0.320450885668277,1,1,0.300632911392405,0.0265210608424337,0.00159235668789809,1,1,0.326120556414219,0.998430141287284,1,0.314329738058552,1,1,0.309748427672956,1,1,1,1,0.322429906542056,0.307339449541284,0.316639741518578,1,1,0.670826833073323,0.310015898251192,1,0.309262166405024,0.297971918876755,1,1,0.998425196850394,1,1,0.3248,1,1,0.110032362459547,0.328100470957614,0.487220447284345,0.304278922345483,0.680314960629921,0.314728682170543,1,0.315372424722662,0.329652996845426,0.269470404984424,0.3109375,1,0.321483771251932,1,1,1,0.306836248012719,0.314814814814815,0.998427672955975,0.927272727272727,0.0663430420711974,1,0.303317535545024,0.31637519872814,0.3072,1,0.32348367029549,0.483253588516746,0.322429906542056,0.3104,0.309791332263242,0.300319488817891,1,0.3104,1,1,0,1,0.313099041533546,1,1,1,0.320512820512821,1,0.309178743961353,1,0.833594976452119,1,1,1,0.309859154929577,1,1,0.300476947535771,0.304552590266876,1,1,0.307332293291732,0.198449612403101,1,0.9984375,1,0,0.3088,1,0.30564263322884,0.251592356687898,1,0.682888540031397,0.433021806853583,1,1,0.68018018018018,0.707936507936508,0.33968253968254,1,0.319685039370079,1,1,0.323854660347551,1,0.998425196850394,0.00625,0.319047619047619,1,1,0.326332794830372,1,1,0.304487179487179,0.342271293375394,1,1,1,0.529780564263323,0.305863708399366,0.341423948220065,0.316923076923077,0.32753164556962,0.686305732484076,0.316923076923077,0.326530612244898,0.308411214953271,0.248833592534992,0.314238952536825,1,0.31733746130031,0.998397435897436,0.31496062992126,0.0840978593272171,0.0510046367851623,1,1,0.0425196850393701,1,0.688854489164087,0.0445151033386327,0.0112,1,0.680817610062893,1,1,0.554119547657512,1,0,0.0703764320785597,1,1,1,0.315619967793881,0.664167916041979,0.699013157894737,0.99375,1,0.984567901234568,0.301261829652997,0.34887459807074,1,0.297427652733119,1,0.358609794628752,0.106109324758842,0.302652106084243,0.320373250388802,0.3248730964467,1,0.0773993808049536,1,1,1,0.271450858034321,0.319354838709677,1,0.318611987381703,1,1,0.307453416149068,1,0.323574730354391,1,0.30064308681672,0.322734499205087,1,0.682316118935837,0.315068493150685,1,0.314696485623003,0.75748031496063,0.307098765432099,0.160990712074303,0.323262839879154,0.759170653907496,0.302931596091205,1,0.329153605015674,0.334905660377358,0.290220820189274,1,1,1,0.970540098199673,0.342019543973941,1,0.315286624203822,1,0.309446254071661,0.312401883830455,1,1,1,0.920382165605096,1,0.304878048780488,0.3203125,1,1,0.0492845786963434,0.0852090032154341,1,1,0.298701298701299,1,1,0.311111111111111,1,1,0.691823899371069,0.544891640866873,1,0,1,1,0.0984615384615385,0.311605723370429,1,0.319047619047619,0.998435054773083,0.966772151898734,0.998425196850394,0.81377151799687,1,0.324149108589951,1,1,1,0,0.307565789473684,1,1,0.674565560821485,1,0.317610062893082,0.351181102362205,0.305863708399366,1,1,1,0.0904836193447738,0.3125,0.0917874396135266,0.998422712933754,0.30625,0.305732484076433,0.342767295597484,0,1,0.958925750394945,1,1,0.317683881064163,0.301391035548686,0.162118780096308,0.0398724082934609,0.310725552050473,0.304278922345483,0.31496062992126,0,0.306581059390048,1,0,0.312893081761006,1,1,1,0.315047021943574,0.319444444444444,0.0344262295081967,1,0.312599681020734,0.3109375,1,1,0.313479623824451,0.695081967213115,1,1,0.700156985871272,1,0.309375,1,0.311216429699842,0.530232558139535,0.678683385579937,0.403076923076923,1,0.295031055900621,0.311501597444089,0.678233438485804,0.672307692307692,1,0.324615384615385,1,0.321592649310873,1,0.313195548489666,0.310897435897436,0.343402225755167,0.514866979655712,0.313001605136437,0.30622009569378,0.673534072900158,0.311526479750779,0.153973509933775,1,0,1,0.283630470016207,1,0,0.321656050955414,0.312698412698413,1,0.0583717357910906,1,0.0871632329635499,0.328616352201258,1,0.0641627543035994,0.68,1,1,1,0.30794701986755,0.0401854714064915,1,0.424242424242424,0.0956937799043062,0.343167701863354,0.314900153609831,0.317829457364341,1,1,1,1,1,0.067175572519084,0.99537037037037,0.687203791469194,0.00153139356814701,0.326053042121685,1,1,1,1,0.0893141945773525,0.310185185185185,1,1,1,1,1,1,0.496111975116641,0,1,0.0821705426356589,0.311811023622047,0.441130298273155,1,0.382495948136143,0.309090909090909,0.313178294573643,1,0.0393700787401575,0.316770186335404,1,1,0.365384615384615,0.310185185185185,0.30622009569378,0.317512274959083,0.998432601880878,0.311004784688995,0.313572542901716,0.415481832543444,0.306477093206951,0.97196261682243,0.309707241910632,0.0865384615384615,0.323943661971831,0,1,0.0911949685534591,0.30016051364366,0.316535433070866,0.312599681020734,1,1,1,1,1,1,0.321543408360129,1,0.310509554140127,0.311447811447811,0.59717868338558,0.6752,1,1,0,0.308166409861325,0.115264797507788,0.998449612403101,0.0334928229665072,1,1,0.307692307692308,1,1,0.624600638977636,0.405186385737439,0.995433789954338,0.0827922077922078,0.0993589743589744,1,1,1,0.090032154340836,0,0.31839258114374,0.414173228346457,0.312111801242236,0,0.321086261980831,0.0864,1,1,0.321928460342146,0.313880126182965,0.247226624405705,0.333333333333333,0.311912225705329,0.3140625,1,1,0.320574162679426,1,0,1,0.229903536977492,1,0.672413793103448,1,0.304975922953451,0.299837925445705,0.078740157480315,0.679012345679012,1,1,0.78594249201278,0.895934959349593,0.317891373801917,0.310789049919485,1,0.308544303797468,0.267942583732057,0.317307692307692,1,0.101748807631161,1,1,0.309148264984227,0.679674796747967,0.308186195826645,1,1,0.300940438871473,0.301261829652997,0.319571865443425,0.852512155591572,0.3088,1,0.0568356374807988,1,1,0.685271317829457,0.648818897637795,0.319805194805195,0.0586370839936609,0.315286624203822,1,1,0.301302931596091,0.323343848580442,0.625585023400936,1,0.3,0.371913580246914,0.305511811023622,0.984520123839009,0.48,0.00308641975308642,0.305295950155763,0.317411402157165,0.323717948717949,0.311688311688312,0.318529862174579,0.973643410852713,1,0.308056872037915,0.548123980424144,0.687702265372168,0.249612403100775,0.692058346839546,1,0.312202852614897,0.00313971742543171,0.321766561514196,0.30564263322884,0.364500792393027,0.32018927444795,0,0.329153605015674,0.31687898089172,0.3184,0.30952380952381
"88",1,1,1,1,1,1,0.693650793650794,1,1,0.0970873786407767,1,0.0499219968798752,0.814580031695721,1,0.320634920634921,0.322378716744914,0.0615384615384615,0.67862969004894,1,1,0.303656597774245,0.31687898089172,1,0.153364632237872,1,0.332330827067669,0.326923076923077,1,1,0.79140127388535,0.316692667706708,0.732919254658385,0.961119751166407,0.324492979719189,0,1,0.527692307692308,1,0.310030395136778,1,0.660964230171073,0.670295489891135,0.681957186544342,1,1,0.323763955342903,0.321766561514196,0.314503816793893,0.332298136645963,0.330792682926829,0,1,0.320433436532508,1,1,0.512618296529968,0.54746835443038,1,1,1,0.344236760124611,0.328593996840442,0.330683624801272,0.674961119751166,1,1,0.0454545454545455,1,0.0561456752655539,0.326120556414219,1,0.327044025157233,0.336569579288026,0.964630225080386,0.491472868217054,1,0.314814814814815,0.346153846153846,1,0.323624595469256,0.0834670947030498,0.335974643423138,0.334905660377358,1,0.345911949685535,1,1,1,1,0.682027649769585,1,1,0.0015625,0.106707317073171,1,0.05,0,1,0.551612903225806,0.665064102564103,1,0.0537974683544304,0.324409448818898,1,0.318471337579618,1,0.669796557120501,1,0.323296354992076,0.325038880248834,0.320373250388802,1,0.333848531684699,1,0.476635514018692,1,0.315047021943574,0.304482225656878,0.333333333333333,0.329652996845426,0.463678516228748,0.998417721518987,0.328149300155521,0.325842696629214,1,0.317111459968603,1,1,0.329153605015674,0.548780487804878,1,0.321875,1,0.0451127819548872,1,0.324031007751938,0.663551401869159,0.335403726708075,0.933333333333333,0.448220064724919,0.0992125984251968,0.094488188976378,1,1,0.337025316455696,1,0.323795180722892,1,0.807098765432099,1,0.335515548281506,1,1,1,1,0.335925349922239,1,0.329635499207607,0.253918495297806,1,0.319083969465649,1,0.313755795981453,0.0904761904761905,1,0.327447833065811,1,1,1,0.342105263157895,1,0.337559429477021,1,0.314375987361769,1,0.320373250388802,0.0723270440251572,1,0.625199362041467,1,1,0.323763955342903,1,1,1,1,0.325984251968504,0.319938176197836,1,0.998439937597504,0.330232558139535,0.315286624203822,1,0.432389937106918,0.652430044182622,0,0.328100470957614,0.659375,1,0.328100470957614,1,0.998466257668712,1,0.323390894819466,0.324574961360124,0.330188679245283,1,1,1,0,1,0.312698412698413,0.969889064976228,0.333333333333333,0.316957210776545,0.729393468118196,1,1,1,1,1,0.0463678516228748,0.322784810126582,0.336448598130841,1,0.66358024691358,1,1,0.998425196850394,0.9984375,1,1,0.0046875,0.312121212121212,1,0.320512820512821,1,0.305772230889236,1,1,1,1,1,0.329133858267717,1,0.525477707006369,0.338533541341654,0.33026113671275,0.323343848580442,0.329093799682035,0.33596214511041,0.426771653543307,0.337480559875583,0.326594090202177,0.315047021943574,1,0.33125,1,0.677469135802469,0.323899371069182,0.306748466257669,0.343307086614173,1,1,1,0.253125,0.323574730354391,1,0.323671497584541,0.337962962962963,0.318681318681319,0.329192546583851,0.680124223602484,1,0.333333333333333,0.323899371069182,1,0.315359477124183,1,0.317411402157165,0.317683881064163,1,1,1,0.522222222222222,1,0.672955974842767,0.0816944024205749,0.331259720062208,1,1,0.0965732087227414,0.324615384615385,0.3296,1,1,0.314329738058552,0.0248833592534992,0.00318471337579618,1,1,0.349157733537519,0.998417721518987,1,0.316614420062696,1,1,0.323529411764706,1,1,1,1,0.333846153846154,0.320182094081942,0.333333333333333,1,1,0.667697063369397,0.328593996840442,1,0.324534161490683,0.303317535545024,1,1,0.998435054773083,1,1,0.333333333333333,1,1,0.107371794871795,0.338485316846986,0.503164556962025,0.319685039370079,0.664025356576862,0.32093023255814,1,0.323854660347551,0.344444444444444,0.253086419753086,0.325115562403698,1,0.334365325077399,1,1,1,0.312401883830455,0.330757341576507,0.998439937597504,0.928,0.0623003194888179,1,0.322981366459627,0.3216,0.323248407643312,1,0.33693972179289,0.456656346749226,0.331768388106416,0.311912225705329,0.321543408360129,0.320813771517997,1,0.331746031746032,1,1,0,1,0.325471698113208,1,1,1,0.338072669826224,1,0.319488817891374,1,0.845553822152886,1,1,1,0.326053042121685,1,1,0.322429906542056,0.321428571428571,1,1,0.316118935837246,0.183641975308642,1,0.998452012383901,1,0,0.327014218009479,1,0.315541601255887,0.237421383647799,1,0.66820987654321,0.450980392156863,1,1,0.673192771084337,0.683042789223455,0.355242566510172,1,0.329635499207607,1,1,0.339622641509434,1,0.998410174880763,0.00625978090766823,0.335423197492163,1,1,0.331738437001595,1,1,0.312796208530806,0.313572542901716,1,1,1,0.544049459041731,0.315301391035549,0.346394984326019,0.328767123287671,0.346213292117465,0.687402799377916,0.330757341576507,0.330708661417323,0.31839258114374,0.2375,0.322784810126582,1,0.326656394453005,0.998412698412698,0.323029366306028,0.0853293413173653,0.0555555555555556,1,1,0.0421875,1,0.685496183206107,0.0484375,0.00946372239747634,1,0.666144200626959,1,1,0.560897435897436,1,0,0.0710823909531502,1,1,1,0.332807570977918,0.635276532137519,0.67741935483871,0.993865030674847,1,0.984520123839009,0.306603773584906,0.330757341576507,1,0.307936507936508,1,0.394321766561514,0.111464968152866,0.311526479750779,0.326747720364742,0.33889816360601,1,0.0769230769230769,1,1,1,0.256211180124224,0.330112721417069,1,0.329133858267717,1,1,0.313846153846154,1,0.332824427480916,1,0.318541996830428,0.327586206896552,1,0.66877971473851,0.328746177370031,1,0.317891373801917,0.7625,0.327272727272727,0.155038759689922,0.32572298325723,0.769953051643192,0.321543408360129,1,0.340062111801242,0.349453978159126,0.297805642633229,1,1,1,0.967266775777414,0.338762214983713,1,0.333333333333333,1,0.330143540669856,0.330246913580247,1,1,1,0.920760697305864,1,0.318529862174579,0.329211746522411,1,1,0.0436893203883495,0.0783699059561129,1,1,0.320512820512821,1,1,0.32398753894081,1,1,0.673469387755102,0.516079632465544,1,0,1,1,0.0995334370139969,0.332814930015552,1,0.341653666146646,0.998435054773083,0.96031746031746,0.998422712933754,0.825077399380805,1,0.339712918660287,1,1,1,0,0.323577235772358,1,1,0.666139240506329,1,0.325581395348837,0.364615384615385,0.320813771517997,1,1,1,0.0848484848484849,0.329032258064516,0.0859872611464968,0.998405103668262,0.319938176197836,0.311349693251534,0.367029548989114,0,1,0.954545454545455,1,1,0.334920634920635,0.31055900621118,0.158307210031348,0.0455259026687598,0.324031007751938,0.320126782884311,0.328197226502311,0.00157728706624606,0.326594090202177,1,0,0.326153846153846,1,1,1,0.324615384615385,0.33179012345679,0.0394088669950739,1,0.32348367029549,0.314329738058552,1,1,0.323343848580442,0.685575364667747,1,1,0.689490445859873,1,0.313084112149533,1,0.324451410658307,0.516329704510109,0.661631419939577,0.412746585735964,1,0.312404287901991,0.320872274143302,0.670788253477589,0.662100456621005,1,0.335394126738794,1,0.327272727272727,1,0.327586206896552,0.314285714285714,0.366771159874608,0.5265625,0.325984251968504,0.319047619047619,0.658346333853354,0.32967032967033,0.145867098865478,1,0,1,0.3,1,0,0.332810047095761,0.32741935483871,1,0.0588235294117647,1,0.0810810810810811,0.361464968152866,1,0.0618238021638331,0.664098613251156,1,1,1,0.322475570032573,0.0430769230769231,1,0.440570522979398,0.0906200317965024,0.361240310077519,0.332302936630603,0.335443037974684,1,1,1,1,1,0.0626911314984709,0.995419847328244,0.669278996865204,0.00455235204855842,0.322085889570552,1,1,1,1,0.086687306501548,0.326186830015314,1,1,1,1,1,1,0.470046082949309,0.00159235668789809,1,0.0819165378670788,0.322429906542056,0.420807453416149,1,0.40952380952381,0.314935064935065,0.31619937694704,1,0.043343653250774,0.324031007751938,1,1,0.387096774193548,0.320610687022901,0.319182389937107,0.32741935483871,0.998454404945904,0.332805071315372,0.324534161490683,0.421383647798742,0.331240188383046,0.970588235294118,0.329770992366412,0.0812101910828025,0.327073552425665,0,1,0.0886075949367089,0.313694267515924,0.324921135646688,0.326984126984127,1,1,1,1,1,1,0.349840255591054,1,0.32967032967033,0.326666666666667,0.603715170278638,0.6736,1,1,0,0.320493066255778,0.115085536547434,0.998468606431853,0.0406885758998435,1,1,0.322784810126582,1,1,0.63265306122449,0.4208,0.995508982035928,0.0793650793650794,0.0963665086887836,1,1,1,0.0876369327073552,0,0.330733229329173,0.433753943217666,0.320433436532508,0,0.333333333333333,0.0859872611464968,1,1,0.329721362229102,0.322033898305085,0.236196319018405,0.344551282051282,0.324159021406728,0.324492979719189,1,1,0.337539432176656,1,0,1,0.21993670886076,1,0.660377358490566,1,0.317683881064163,0.321144674085851,0.0791925465838509,0.669266770670827,1,1,0.781645569620253,0.887640449438202,0.32695374800638,0.318910256410256,1,0.320695102685624,0.250793650793651,0.326298701298701,1,0.0990712074303406,1,1,0.329704510108865,0.673107890499195,0.318910256410256,1,1,0.314984709480122,0.308049535603715,0.322239031770045,0.866141732283465,0.323854660347551,1,0.0527950310559006,1,1,0.686821705426357,0.643533123028391,0.322274881516588,0.0544323483670296,0.333853354134165,1,1,0.315372424722662,0.333858267716535,0.604395604395604,1,0.322530864197531,0.371340523882897,0.320433436532508,0.986111111111111,0.46129541864139,0.00306278713629403,0.314241486068111,0.328220858895706,0.337042925278219,0.325949367088608,0.325688073394495,0.970903522205207,1,0.322932917316693,0.535885167464115,0.683279742765273,0.228748068006182,0.679032258064516,1,0.330188679245283,0.00158478605388273,0.3375,0.329738058551618,0.368258859784284,0.330143540669856,0,0.338509316770186,0.325281803542673,0.331210191082803,0.324451410658307
"89",1,1,1,1,1,1,0.705977382875606,1,1,0.0981996726677578,1,0.0404354587869362,0.819354838709677,1,0.314696485623003,0.308892355694228,0.0652173913043478,0.682333873581848,1,1,0.288216560509554,0.311708860759494,1,0.161392405063291,1,0.326498422712934,0.324281150159744,1,1,0.793269230769231,0.305295950155763,0.733333333333333,0.967441860465116,0.311111111111111,0,1,0.525660964230171,1,0.301538461538462,1,0.6656,0.687211093990755,0.692660550458716,1,1,0.31687898089172,0.315132605304212,0.312693498452012,0.324074074074074,0.321592649310873,0,1,0.311320754716981,1,1,0.507836990595611,0.536277602523659,1,1,1,0.33026113671275,0.320695102685624,0.312698412698413,0.688783570300158,1,1,0.0302066772655008,1,0.0604229607250755,0.315467075038285,1,0.320251177394035,0.323577235772358,0.960191082802548,0.504643962848297,1,0.31201248049922,0.341614906832298,1,0.32484076433121,0.0857142857142857,0.324451410658307,0.3203125,1,0.333333333333333,1,1,1,1,0.694704049844237,1,1,0.00155763239875389,0.102009273570325,1,0.0442748091603053,0,1,0.551282051282051,0.67244094488189,1,0.054858934169279,0.30829420970266,1,0.318181818181818,1,0.684952978056426,1,0.315047021943574,0.31937984496124,0.314900153609831,1,0.327014218009479,1,0.483870967741935,1,0.310832025117739,0.294117647058824,0.325688073394495,0.32182103610675,0.471337579617834,0.998435054773083,0.314589665653495,0.310569105691057,1,0.304012345679012,1,1,0.326018808777429,0.540247678018576,1,0.310725552050473,1,0.0411585365853659,1,0.314241486068111,0.674491392801252,0.323343848580442,0.931962025316456,0.427406199021207,0.105431309904153,0.0987261146496815,1,1,0.326892109500805,1,0.320552147239264,1,0.815668202764977,1,0.322061191626409,1,1,1,1,0.328100470957614,1,0.315286624203822,0.252713178294574,1,0.310452418096724,1,0.304552590266876,0.0859872611464968,1,0.314606741573034,1,1,1,0.333333333333333,1,0.325545171339564,1,0.311811023622047,1,0.314009661835749,0.078125,1,0.627831715210356,1,1,0.31687898089172,1,1,1,1,0.326498422712934,0.31104199066874,1,0.998435054773083,0.3171875,0.305958132045089,1,0.446153846153846,0.667168674698795,0,0.320813771517997,0.66877971473851,1,0.323619631901841,1,0.998466257668712,1,0.31201248049922,0.315068493150685,0.32475884244373,1,1,1,0,1,0.303030303030303,0.977952755905512,0.323809523809524,0.305993690851735,0.733124018838305,1,1,1,1,1,0.0409448818897638,0.315286624203822,0.316923076923077,1,0.676470588235294,1,1,0.998449612403101,0.998473282442748,1,1,0.00470219435736677,0.307219662058372,1,0.307073954983923,1,0.303599374021909,1,1,1,1,1,0.327044025157233,1,0.512658227848101,0.315625,0.323899371069182,0.314873417721519,0.317535545023697,0.3234375,0.417460317460317,0.329153605015674,0.313880126182965,0.306625577812018,1,0.322274881516588,1,0.686244204018547,0.311627906976744,0.310185185185185,0.327476038338658,1,1,1,0.248427672955975,0.308892355694228,1,0.322115384615385,0.321044546850998,0.309262166405024,0.320493066255778,0.68075117370892,1,0.324534161490683,0.312796208530806,1,0.292483660130719,1,0.313455657492355,0.316118935837246,1,1,1,0.526479750778816,1,0.687598116169545,0.0882800608828006,0.316614420062696,1,1,0.0970266040688576,0.315789473684211,0.324237560192616,1,1,0.302003081664099,0.0248833592534992,0.0032,1,1,0.334869431643625,0.998461538461539,1,0.305993690851735,1,1,0.319444444444444,1,1,1,1,0.329173166926677,0.306525037936267,0.328990228013029,1,1,0.6734375,0.318110236220472,1,0.317972350230415,0.294117647058824,1,1,0.998444790046656,1,1,0.32398753894081,1,1,0.0996784565916399,0.329704510108865,0.493710691823899,0.296411856474259,0.669303797468354,0.317757009345794,1,0.305246422893482,0.33015873015873,0.248073959938367,0.317972350230415,1,0.325153374233129,1,1,1,0.311111111111111,0.315217391304348,0.998461538461539,0.922204213938412,0.0605095541401274,1,0.3140625,0.318181818181818,0.305958132045089,1,0.319938176197836,0.46551724137931,0.323899371069182,0.303030303030303,0.315705128205128,0.308056872037915,1,0.325471698113208,1,1,0,1,0.32807570977918,1,1,1,0.334920634920635,1,0.307448494453249,1,0.839813374805599,1,1,1,0.317683881064163,1,1,0.308777429467085,0.321316614420063,1,1,0.322327044025157,0.185534591194969,1,0.998447204968944,1,0,0.315112540192926,1,0.313664596273292,0.235109717868339,1,0.675,0.454823889739663,1,1,0.67921686746988,0.702362204724409,0.350931677018634,1,0.30625,1,1,0.325,1,0.998402555910543,0.00772797527047913,0.322981366459627,1,1,0.320512820512821,1,1,0.302507836990596,0.326086956521739,1,1,1,0.543035993740219,0.308411214953271,0.346518987341772,0.316109422492401,0.331761006289308,0.69377990430622,0.316109422492401,0.324367088607595,0.306153846153846,0.238390092879257,0.314935064935065,1,0.322678843226788,0.998412698412698,0.312796208530806,0.0839580209895052,0.0453125,1,1,0.0356589147286822,1,0.68558282208589,0.0376175548589342,0.0125984251968504,1,0.677018633540373,1,1,0.536858974358974,1,0,0.0743670886075949,1,1,1,0.319685039370079,0.644677661169415,0.691680261011419,0.992175273865415,1,0.984423676012461,0.302652106084243,0.328100470957614,1,0.30503144654088,1,0.378335949764521,0.0995184590690209,0.304212168486739,0.324200913242009,0.33889816360601,1,0.0770416024653313,1,1,1,0.251170046801872,0.322884012539185,1,0.329635499207607,1,1,0.308166409861325,1,0.325227963525836,1,0.308661417322835,0.321656050955414,1,0.682464454976303,0.315301391035549,1,0.317817014446228,0.77007874015748,0.318250377073906,0.165634674922601,0.320061255742726,0.785150078988942,0.31378763866878,1,0.31937984496124,0.331782945736434,0.289676425269646,1,1,1,0.97258064516129,0.329545454545455,1,0.321543408360129,1,0.3232,0.315707620528771,1,1,1,0.918876755070203,1,0.307458143074581,0.319444444444444,1,1,0.0479233226837061,0.0786163522012579,1,1,0.3104,1,1,0.308661417322835,1,1,0.684952978056426,0.525914634146341,1,0,1,1,0.0934150076569678,0.321372854914197,1,0.326594090202177,0.998447204968944,0.966824644549763,0.998427672955975,0.829953198127925,1,0.327922077922078,1,1,1,0,0.307817589576547,1,1,0.675078864353312,1,0.318979266347687,0.370892018779343,0.313572542901716,1,1,1,0.0942812982998454,0.320754716981132,0.0888529886914378,0.998407643312102,0.304953560371517,0.304212168486739,0.357698289269051,0,1,0.962441314553991,1,1,0.321027287319422,0.304281345565749,0.15748031496063,0.0347003154574132,0.318979266347687,0.311424100156495,0.327102803738318,0.00160513643659711,0.319314641744548,1,0,0.315384615384615,1,1,1,0.327131782945736,0.318461538461538,0.0322061191626409,1,0.323763955342903,0.307692307692308,1,1,0.318611987381703,0.68780487804878,1,1,0.700949367088608,1,0.309707241910632,1,0.314873417721519,0.516129032258065,0.6703125,0.403076923076923,1,0.296520423600605,0.309748427672956,0.676056338028169,0.669278996865204,1,0.325471698113208,1,0.321044546850998,1,0.323809523809524,0.313099041533546,0.360446570972887,0.519685039370079,0.313099041533546,0.3056,0.663522012578616,0.315384615384615,0.149671052631579,1,0,1,0.293650793650794,1,0,0.318541996830428,0.311501597444089,1,0.0526315789473684,1,0.0868878357030016,0.339652448657188,1,0.0684931506849315,0.6703125,1,1,1,0.31810766721044,0.0354391371340524,1,0.44496855345912,0.0917874396135266,0.366564417177914,0.323619631901841,0.321044546850998,1,1,1,1,1,0.0637329286798179,0.996908809891808,0.684867394695788,0.00457317073170732,0.32182103610675,1,1,1,1,0.0835913312693498,0.322137404580153,1,1,1,1,1,1,0.478328173374613,0.00157977883096367,1,0.0814132104454685,0.318110236220472,0.422118380062305,1,0.4016,0.309061488673139,0.305993690851735,1,0.0389408099688473,0.309119010819165,1,1,0.379421221864952,0.304482225656878,0.310452418096724,0.324324324324324,0.998461538461539,0.321486268174475,0.319047619047619,0.406299212598425,0.315457413249211,0.976415094339623,0.31055900621118,0.086677367576244,0.314814814814815,0,1,0.0879120879120879,0.30564263322884,0.316118935837246,0.3232,1,1,1,1,1,1,0.331738437001595,1,0.317891373801917,0.319932998324958,0.603076923076923,0.684210526315789,1,1,0,0.318818040435459,0.11128526645768,0.998487140695915,0.031496062992126,1,1,0.318979266347687,1,1,0.6192,0.411764705882353,0.996987951807229,0.088,0.0947030497592295,1,1,1,0.0876369327073552,0,0.322530864197531,0.443217665615142,0.31055900621118,0,0.328050713153724,0.0857142857142857,1,1,0.328767123287671,0.322784810126582,0.2359375,0.3312,0.311728395061728,0.319444444444444,1,1,0.323763955342903,1,0,1,0.213036565977742,1,0.673374613003096,1,0.313880126182965,0.307692307692308,0.0748829953198128,0.678125,1,1,0.793103448275862,0.881967213114754,0.320126782884311,0.314516129032258,1,0.315873015873016,0.257097791798107,0.319685039370079,1,0.0967238689547582,1,1,0.314873417721519,0.687196110210697,0.308306709265176,1,1,0.303405572755418,0.29922480620155,0.318181818181818,0.8608,0.3152,1,0.0514018691588785,1,1,0.696124031007752,0.640699523052464,0.323051948051948,0.0537974683544304,0.322222222222222,1,1,0.303459119496855,0.326433121019108,0.611197511664075,1,0.310769230769231,0.376947040498442,0.313084112149533,0.98613251155624,0.465709728867624,0.00312989045383412,0.302507836990596,0.321646341463415,0.328100470957614,0.312703583061889,0.312977099236641,0.973846153846154,1,0.31924882629108,0.53525641025641,0.684380032206119,0.22257053291536,0.68976897689769,1,0.322734499205087,0.00316455696202532,0.327613104524181,0.317262830482115,0.366043613707165,0.315286624203822,0,0.334905660377358,0.3136,0.323671497584541,0.309262166405024
"90",0.709119496855346,0.698170731707317,0.690993788819876,0.684210526315789,0.692901234567901,0.700934579439252,0.989045383411581,0.68503937007874,0.697347893915757,0.426731078904992,0.690440060698027,0.350769230769231,0.489698890649762,0.687888198757764,0,0,0.372881355932203,1,0.6890625,0.693972179289026,0,0,0.692901234567901,0.477308294209703,0.698776758409786,0,0,0.676190476190476,0.701378254211332,0.480127186009539,0,0.407692307692308,0.639570552147239,0.0046875,0.319685039370079,0.691437802907916,0.855813953488372,0.690184049079755,0,0.711864406779661,0.998452012383901,1,1,0.676056338028169,0.697637795275591,0,0.0046875,0,0,0,0.298780487804878,0.682965299684543,0,0.69170579029734,0.7,0.185419968304279,0.874804381846635,0.693270735524257,0.698924731182796,0.686614173228347,0.00612557427258806,0,0,0.9953125,0.681020733652313,0.691833590138675,0.333333333333333,0.693877551020408,0.37219730941704,0,0.691358024691358,0,0,0.72827804107425,0.837920489296636,0.692653673163418,0,0.00611620795107034,0.683890577507599,0,0.395161290322581,0,0,0.693846153846154,0,0.681749622926094,0.697819314641745,0.682027649769585,0.694704049844237,1,0.694488188976378,0.683812405446294,0.294573643410853,0.410769230769231,0.690737833594976,0.351796407185629,0.317901234567901,0.70077519379845,0.875598086124402,1,0.694835680751174,0.37111801242236,0,0.70048309178744,0,0.690402476780186,1,0.693270735524257,0,0,0,0.70404984423676,0.0031055900621118,0.687888198757764,0.797235023041475,0.70392749244713,0,0.614439324116744,0,0,0.797822706065319,0.7,0,0,0.674347158218126,0,0.694152923538231,0.691729323308271,0.628482972136223,0.231354642313546,0.687203791469194,0,0.682539682539683,0.356164383561644,0.673633440514469,0,1,0,0.629860031104199,0.113782051282051,0.416275430359937,0.397476340694006,0.697063369397218,0.686305732484076,0,0.692546583850932,0,0.703703703703704,0.506891271056662,0.684848484848485,0,0.693146417445483,0.690031152647975,0.685534591194969,0.691107644305772,0,0.702660406885759,0,0.551617873651772,0.684451219512195,0,0.686363636363636,0,0.405660377358491,0.692913385826772,0,0.690513219284603,0.693972179289026,0.68266253869969,0.0123647604327666,0.687301587301587,0,0.691943127962085,0,0.686084142394822,0,0.404024767801858,0.706521739130435,0.967793880837359,0.722397476340694,0.694099378881988,0,0.71141975308642,0.692546583850932,0.691131498470948,0.681181959564541,0,0,0.682108626198083,0.6859375,0,0,0.682737169517885,0.753488372093023,0.983630952380952,0.294753086419753,0,0.998452012383901,0.695454545454545,0,0.691813804173355,0.698484848484848,0.693023255813954,0.0015600624024961,0,0,0.689393939393939,0.694267515923567,0.69431643625192,0.314152410575428,0.70820189274448,0,0.675425038639876,0,0,0.574961360123648,0.683464566929134,0.690769230769231,0.6890625,0.705701078582434,0.698738170347003,0.349768875192604,0,0,0.701219512195122,0.996904024767802,0.687116564417178,0.692307692307692,0.692789968652038,0.700920245398773,0.712749615975422,0.694277108433735,0.291925465838509,0.63134328358209,0.696509863429439,0,0.684627575277338,0,0.698170731707317,0.700310559006211,0.696734059097978,0.687789799072643,0.697674418604651,0,0.690769230769231,0.20094191522763,0,0,0.00156739811912226,0,0,0.10989010989011,0,0,0,0.693353474320242,0,0.685393258426966,1,0,0.6,0,0.686708860759494,0.68380062305296,0.695787831513261,0.5734375,0,0.683720930232558,0,0,0,0,1,0.688575899843505,0,0,0.6859375,0,0.686728395061728,0,0,0.702362204724409,0.684713375796178,0.714064914992272,0.846875,0.682242990654206,1,0.398773006134969,0,0.69431643625192,0.682888540031397,0.408037094281298,0,0,0.686804451510334,0.683962264150943,0,0.339009287925697,0.289308176100629,0.704,0.693498452012384,0.00454545454545455,0.684952978056426,0.711278195488722,0,0.694573643410853,0.709428129829985,0,0.69170579029734,0.693374422187982,0.69922480620155,0.689814814814815,0,0,0,0.705972434915773,0.687106918238994,0.992319508448541,0.00622083981337481,0.686119873817035,0,0,0.700607902735562,0.685099846390169,0.701834862385321,0.693396226415094,0.694189602446483,0,0.704225352112676,0.698587127158556,0.421474358974359,0,0.159375,0,1,0,0.686274509803922,0,0,0.579268292682927,0.00154559505409583,0.6801872074883,0,0.698461538461538,0.70404984423676,0.697063369397218,0,0,0.688271604938272,0.608346709470305,0.375786163522013,0.707936507936508,0,0,0,0.687203791469194,0,0.792626728110599,0,0,0,0,0.680241327300151,0,0.697933227344992,0.675039246467818,0.309597523219814,0.700949367088608,0,0.682588597842835,0.689497716894977,0.694753577106518,0,0.702702702702703,0,0.691154422788606,0.527950310559006,0.687692307692308,0.68266253869969,0.693721286370597,0,0.691573926868045,0.703416149068323,0,0,0.694444444444444,0.698924731182796,0,0.509833585476551,0.693037974683544,0.68,0.679447852760736,0.306853582554517,0,0.717948717948718,0,0.567353407290016,0.697637795275591,1,0.117378048780488,0.6976,0.687692307692308,1,0.973058637083994,0.0172955974842767,0.693146417445483,0,0.690363349131122,0.686804451510334,0,0.683890577507599,0.690625,0.320433436532508,0,0.689763779527559,0.6859375,0,0.707055214723926,0.704838709677419,0,0.648401826484018,0.703174603174603,0.694189602446483,0.675968992248062,0.201834862385321,0,0.0207006369426752,0,0,1,0,0.00777604976671851,0,0.558320373250389,0.0031496062992126,0.698170731707317,0.00615384615384615,0.683464566929134,0.00461538461538462,0.384384384384384,0.363914373088685,0.691842900302115,0.695252679938744,0.353488372093023,0.69620253164557,1,0.359133126934985,0.304012345679012,0.69242658423493,1,0.697674418604651,0.701996927803379,0.232558139534884,0.684782608695652,0.301075268817204,0.397745571658615,0.688087774294671,0.683890577507599,0.706605222734255,0,0.976296296296296,1,0.692780337941628,0.673846153846154,0.681047765793529,0,0.6515625,0.692068429237947,0,0.70257966616085,0.0569230769230769,0.41838351822504,0,0,0.00823723228995058,0.692889561270802,0.382039573820396,0.687782805429864,0.701277955271565,0.696124031007752,0.567732115677321,0,0.705148205928237,0,0.686520376175549,0.693181818181818,0,0.697305863708399,0,0.687402799377916,0,0,0.695384615384615,1,0,0.692789968652038,0,0.436728395061728,0,0.482388973966309,0,0.446540880503145,0,0.691082802547771,0,0,0,0.695046439628483,0.691082802547771,0.696107784431138,0.659270998415214,0.659090909090909,0.69969040247678,0,0.685758513931889,0,0,0.684049079754601,0.686915887850467,0.700152207001522,0.615146831530139,0.68609865470852,0,0,0.685015290519878,0.6912,0.363207547169811,0.400621118012422,0.700934579439252,0.687106918238994,0,0.702492211838006,0.690440060698027,0.00469483568075117,0.697452229299363,0.69558599695586,1,0.859969558599696,0.6921875,0.30920060331825,0.701726844583987,0.686453576864536,0.389984825493171,0.00154320987654321,0.693146417445483,0,0.691222570532915,0.659810126582278,0.694488188976378,0.535660091047041,0.700468018720749,0,0.685496183206107,0.678627145085803,0.678683385579937,0.301538461538462,0,0.688291139240506,0.692307692307692,1,0.683563748079877,0.00152439024390244,0.0428134556574924,0,0.685670261941448,0.684458398744113,0.688473520249221,0.414634146341463,0,0.40032154340836,0.680817610062893,0,0,0.0292758089368259,0.311627906976744,0.689708141321045,0.64576802507837,0.687595712098009,0.687595712098009,0,0,0.4765625,0.355590062111801,0,0,0.00151975683890578,0.299679487179487,0,0.686453576864536,0.304953560371517,0,0.679186228482003,0.695787831513261,0.693623639191291,0.00304878048780488,0,0.346153846153846,0.682852807283763,0,0,0.679012345679012,0.698757763975155,0.00153846153846154,1,0.699376947040498,0.698315467075038,0.993700787401575,0.693474962063733,0,0.70440251572327,0,0.850152905198777,1,0.0981873111782477,0.685410334346505,0,0,1,1,0.684867394695788,0,0.697784810126582,0.00152439024390244,0.692546583850932,0,0.00162337662337662,0.033587786259542,0.216589861751152,0,0,0.993769470404984,0,0.479806138933764,0.68503937007874,0.31441717791411,0.679938744257274,0,0.705047318611987,0.310077519379845,0,0,0.692675159235669,0.37125748502994,0.676335877862595,0.409090909090909,0.0217054263565891,0.678071539657854,0.392912172573189,0.989147286821705,0.695652173913043,0.686821705426357,0.685975609756098,0,0.355725190839695,0.699074074074074,0.1078125,0.401913875598086,0.0290076335877863,0,0,0.701238390092879,0.680952380952381,0.707936507936508,0.694704049844237,0.698289269051322,0.370481927710843,0.702255639097744,1,0.316890881913303,0.00153609831029186,0.692307692307692,0.698890649762282,0.691693290734824,0.683183183183183,0.393188854489164,0,0.676923076923077,0.672386895475819,0.683881064162754,0.692667706708268,0.693721286370597,0.697965571205008,0.802147239263804,0.307814992025518,0.688783570300158,0.393893129770992,0,0.750392464678179,0.688854489164087,0.0770440251572327,0,0,0.695046439628483,0.349378881987578,0,0.69683257918552,0.702660406885759,0.0396196513470681,0,0,0.0016,0.689230769230769,0,0,0.103610675039246,0,0.665165165165165,0,0.405023547880691,0,0.318885448916409,0.6984375,0.396551724137931,0,0,0.00925925925925926,0.686363636363636,0.68075117370892,0.689490445859873,0.687306501547988,0.691318327974277,0.688,0.0157232704402516,0.694915254237288,0,0,0.273570324574961,1,0.691131498470948,0.698170731707317,0.308282208588957,0,0.431852986217458,0.680365296803653,0.343653250773994,0.7015625,0.688783570300158,0,0.690993788819876,0.689542483660131,0.305246422893482,0.0930979133226324,0.692421991084695,0.391653290529695,0.415605095541401,0.687306501547988,0.68503937007874,0.705607476635514,0.394080996884735,0.316358024691358,0,0.107361963190184,0,0.321538461538462,0.00313479623824451,0.398412698412698,0.687789799072643,0.688291139240506,0,0,0.558282208588957,0.00632911392405063,0.00306748466257669,0,0.6984375,0.685185185185185,0,0.687125748502994,0.301223241590214,0.672926447574335,0.534591194968553,0.709728867623604,1,0.701834862385321,0,0,0.401215805471125,1,0.675425038639876,0.69375,0.909509202453988,0.588045234248788,0,0,0.699074074074074,0,0.57984496124031,0,0.681268882175227,0.409509202453988,0.686244204018547,0.690993788819876,0,1,0,0.699680511182109,0.690031152647975,0,0,0,0.561708860759494,0,0.686244204018547,0.369465648854962,0.68,0.686520376175549,1,0.963665086887836,0,0.367283950617284,0,0.682464454976303,0.679873217115689,0,0,0.836641221374046,0.69922480620155,0,0.10381679389313,0,0.690658499234303,0.793427230046948,0.32,0,0,0,0,0,0.729198184568835,0.702160493827161,0,0.877813504823151,1,0.542901716068643,1,0.686614173228347,0,0.308527131782946,0,0,0.11280487804878,0,0.312210200927357,0,0,0,0
"91",1,1,1,1,1,1,0.699680511182109,1,1,0.0935483870967742,1,0.0491283676703645,0.816164817749604,1,0.314332247557003,0.307936507936508,0.0642633228840125,0.686567164179104,1,1,0.296,0.314516129032258,1,0.155555555555556,1,0.320695102685624,0.32258064516129,1,1,0.79140127388535,0.308176100628931,0.73186119873817,0.958925750394945,0.314375987361769,0,1,0.541864139020537,1,0.296583850931677,1,0.667197452229299,0.677621283255086,0.69170579029734,1,1,0.314516129032258,0.309148264984227,0.309748427672956,0.323343848580442,0.320754716981132,0,1,0.3125,1,1,0.493506493506494,0.556818181818182,1,1,1,0.32967032967033,0.32484076433121,0.314285714285714,0.67981072555205,1,1,0.0348101265822785,1,0.0583717357910906,0.317683881064163,1,0.315372424722662,0.318627450980392,0.96078431372549,0.519623233908948,1,0.313178294573643,0.33693972179289,1,0.320063694267516,0.0825082508250825,0.32741935483871,0.322274881516588,1,0.331746031746032,1,1,1,1,0.694488188976378,1,1,0,0.103668261562998,1,0.049079754601227,0,1,0.569331158238173,0.67699836867863,1,0.0532258064516129,0.310289389067524,1,0.317460317460317,1,0.682389937106918,1,0.320063694267516,0.319685039370079,0.320433436532508,1,0.325396825396825,1,0.489028213166144,1,0.316614420062696,0.298245614035088,0.328149300155521,0.327447833065811,0.482539682539683,0.998439937597504,0.325115562403698,0.315619967793881,1,0.308661417322835,1,1,0.333870967741935,0.555209953343701,1,0.318471337579618,1,0.0461538461538462,1,0.315217391304348,0.6704,0.331768388106416,0.930645161290323,0.428571428571429,0.0990415335463259,0.0935023771790808,1,1,0.328593996840442,1,0.321483771251932,1,0.805946791862285,1,0.320325203252033,1,1,1,1,0.329093799682035,1,0.320634920634921,0.255520504731861,1,0.3203125,1,0.305993690851735,0.0839936608557845,1,0.313001605136437,1,1,1,0.332288401253919,1,0.322274881516588,1,0.303937007874016,1,0.315619967793881,0.0752351097178683,1,0.646666666666667,1,1,0.314102564102564,1,1,1,1,0.3248,0.317683881064163,1,0.998412698412698,0.318818040435459,0.31139646869984,1,0.450858034321373,0.679566563467492,0,0.316614420062696,0.66824644549763,1,0.320433436532508,1,0.998461538461539,1,0.313694267515924,0.317683881064163,0.337096774193548,1,1,1,0,1,0.310509554140127,0.96984126984127,0.326829268292683,0.304625199362041,0.755485893416928,1,1,1,1,1,0.0507131537242472,0.31687898089172,0.320251177394035,1,0.675039246467818,1,1,0.998422712933754,0.998422712933754,1,1,0,0.316614420062696,1,0.310897435897436,1,0.306729264475743,1,1,1,1,1,0.328050713153724,1,0.511217948717949,0.330143540669856,0.324921135646688,0.312803889789303,0.320574162679426,0.33387358184765,0.416932907348243,0.33125,0.323296354992076,0.307210031347962,1,0.322006472491909,1,0.682316118935837,0.316455696202532,0.315625,0.336065573770492,1,1,1,0.2656,0.310126582278481,1,0.314606741573034,0.325115562403698,0.311216429699842,0.315707620528771,0.678740157480315,1,0.331240188383046,0.312101910828025,1,0.303079416531605,1,0.313084112149533,0.312101910828025,1,1,1,0.542857142857143,1,0.692551505546751,0.0793157076205288,0.31911532385466,1,1,0.0924764890282132,0.3234375,0.330683624801272,1,1,0.306477093206951,0.0238095238095238,0,1,1,0.334370139968896,0.998425196850394,1,0.311320754716981,1,1,0.323943661971831,1,1,1,1,0.322784810126582,0.319508448540707,0.329508196721311,1,1,0.671949286846276,0.318471337579618,1,0.321483771251932,0.306836248012719,1,1,0.998410174880763,1,1,0.329617834394904,1,1,0.109120521172638,0.332293291731669,0.494470774091627,0.304347826086957,0.666134185303514,0.317535545023697,1,0.314785373608903,0.329093799682035,0.260731319554849,0.315372424722662,1,0.327160493827161,1,1,1,0.311111111111111,0.324960753532182,0.998410174880763,0.925986842105263,0.0595813204508857,1,0.313099041533546,0.318840579710145,0.307324840764331,1,0.328638497652582,0.479365079365079,0.322222222222222,0.308186195826645,0.318255250403877,0.315789473684211,1,0.317741935483871,1,1,0,1,0.314785373608903,1,1,1,0.32475884244373,1,0.312599681020734,1,0.845425867507886,1,1,1,0.308661417322835,1,1,0.308426073131955,0.315955766192733,1,1,0.312302839116719,0.180555555555556,1,0.998425196850394,1,0,0.318979266347687,1,0.308661417322835,0.246875,1,0.676609105180534,0.430817610062893,1,1,0.67530487804878,0.705229793977813,0.35048231511254,1,0.312202852614897,1,1,0.337539432176656,1,0.998384491114701,0.00478468899521531,0.32807570977918,1,1,0.325806451612903,1,1,0.305732484076433,0.336463223787167,1,1,1,0.526645768025078,0.314589665653495,0.339805825242718,0.317411402157165,0.332268370607029,0.684380032206119,0.330188679245283,0.325878594249201,0.317901234567901,0.234645669291339,0.324675324675325,1,0.324031007751938,0.998384491114701,0.312698412698413,0.0770416024653313,0.0514820592823713,1,1,0.0412044374009509,1,0.687888198757764,0.0441640378548896,0.00963081861958266,1,0.675507020280811,1,1,0.552547770700637,1,0,0.0705128205128205,1,1,1,0.320325203252033,0.655436447166922,0.689655172413793,0.993798449612403,1,0.982892690513219,0.305732484076433,0.342356687898089,1,0.307324840764331,1,0.368088467614534,0.101941747572816,0.30503144654088,0.316279069767442,0.333898305084746,1,0.0754716981132075,1,1,1,0.257410296411856,0.325732899022801,1,0.32,1,1,0.310832025117739,1,0.326656394453005,1,0.312796208530806,0.322061191626409,1,0.678456591639871,0.316358024691358,1,0.317307692307692,0.771065182829889,0.319571865443425,0.163009404388715,0.322981366459627,0.773940345368917,0.315457413249211,1,0.323248407643312,0.3390625,0.287974683544304,1,1,1,0.96551724137931,0.347611202635914,1,0.327447833065811,1,0.325619834710744,0.320373250388802,1,1,1,0.918918918918919,1,0.302795031055901,0.313364055299539,1,1,0.0486223662884927,0.0694668820678514,1,1,0.296950240770466,1,1,0.306477093206951,1,1,0.6796875,0.530959752321981,1,0,1,1,0.0957613814756672,0.323717948717949,1,0.329133858267717,0.998381877022654,0.962025316455696,0.998420221169036,0.827371695178849,1,0.333333333333333,1,1,1,0,0.315270935960591,1,1,0.667721518987342,1,0.314102564102564,0.360759493670886,0.320634920634921,1,1,1,0.0904836193447738,0.320063694267516,0.0836012861736334,0.998394863563403,0.317535545023697,0.304761904761905,0.347003154574132,0,1,0.957210776545166,1,1,0.325242718446602,0.305295950155763,0.161341853035144,0.0420032310177706,0.314424635332253,0.308917197452229,0.331230283911672,0,0.3152,1,0,0.315301391035549,1,1,1,0.312796208530806,0.31859756097561,0.0394088669950739,1,0.321086261980831,0.307448494453249,1,1,0.30952380952381,0.691542288557214,1,1,0.690553745928339,1,0.313755795981453,1,0.3216,0.533646322378717,0.667192429022082,0.407914764079148,1,0.301538461538462,0.320813771517997,0.675039246467818,0.664596273291925,1,0.32967032967033,1,0.321428571428571,1,0.323717948717949,0.30622009569378,0.3504,0.526645768025078,0.318770226537217,0.307814992025518,0.667716535433071,0.317610062893082,0.152709359605911,1,0,1,0.293548387096774,1,0,0.325281803542673,0.317817014446228,1,0.0555555555555556,1,0.0903328050713154,0.340764331210191,1,0.0636942675159236,0.675632911392405,1,1,1,0.318407960199005,0.0421216848673947,1,0.4170692431562,0.0922330097087379,0.35377358490566,0.322884012539185,0.332283464566929,1,1,1,1,1,0.0632716049382716,0.995356037151703,0.683544303797468,0,0.327503974562798,1,1,1,1,0.0843949044585987,0.312788906009245,1,1,1,1,1,1,0.4890625,0,1,0.0783699059561129,0.322169059011164,0.438095238095238,1,0.388349514563107,0.315,0.313084112149533,1,0.0412698412698413,0.318252730109204,1,1,0.368336025848142,0.30757341576507,0.312401883830455,0.323101777059774,0.998420221169036,0.321027287319422,0.320695102685624,0.420032310177706,0.315705128205128,0.9734375,0.316436251920123,0.0779220779220779,0.321259842519685,0,1,0.0850722311396469,0.314194577352472,0.322734499205087,0.311501597444089,1,1,1,1,1,1,0.331738437001595,1,0.314102564102564,0.318104906937394,0.615015974440895,0.675675675675676,1,1,0,0.316923076923077,0.118022328548644,0.998470948012232,0.0393700787401575,1,1,0.320512820512821,1,1,0.631832797427653,0.414634146341463,0.99537750385208,0.0738916256157636,0.0923566878980892,1,1,1,0.0868878357030016,0,0.317262830482115,0.412974683544304,0.322480620155039,0,0.321428571428571,0.0858995137763371,1,1,0.31974921630094,0.322378716744914,0.236883942766296,0.337115072933549,0.31619937694704,0.318611987381703,1,1,0.331723027375201,1,0,1,0.219551282051282,1,0.677725118483412,1,0.312796208530806,0.302931596091205,0.0727848101265823,0.669254658385093,1,1,0.780410742496051,0.901315789473684,0.322784810126582,0.31973898858075,1,0.322222222222222,0.255591054313099,0.3216,1,0.0992125984251968,1,1,0.318611987381703,0.683788121990369,0.309791332263242,1,1,0.302034428794992,0.30298273155416,0.32348367029549,0.865912762520194,0.318255250403877,1,0.0550314465408805,1,1,0.699059561128527,0.660287081339713,0.318032786885246,0.0519685039370079,0.318471337579618,1,1,0.307073954983923,0.33122028526149,0.624803767660911,1,0.312989045383412,0.369565217391304,0.311145510835913,0.98297213622291,0.483091787439614,0.00309119010819165,0.309375,0.318529862174579,0.3322528363047,0.318840579710145,0.314152410575428,0.97360248447205,1,0.315047021943574,0.545751633986928,0.683870967741935,0.237795275590551,0.683168316831683,1,0.322784810126582,0.0031496062992126,0.330173775671406,0.315707620528771,0.367924528301887,0.317073170731707,0,0.342857142857143,0.32120253164557,0.325806451612903,0.317891373801917
"92",1,1,1,1,1,1,0.697852760736196,1,1,0.0872274143302181,1,0.038863976083707,0.819295558958652,1,0.320987654320988,0.311077389984825,0.0558069381598793,0.677777777777778,1,1,0.290123456790123,0.325652841781874,1,0.146084337349398,1,0.328313253012048,0.32348367029549,1,1,0.785824345146379,0.313546423135464,0.723823975720789,0.968421052631579,0.317484662576687,0,1,0.542857142857143,1,0.308823529411765,1,0.655487804878049,0.673780487804878,0.681547619047619,1,1,0.317757009345794,0.31651376146789,0.317507418397626,0.333832335329341,0.32781954887218,0,1,0.315789473684211,1,1,0.5,0.560790273556231,1,1,1,0.34077380952381,0.317220543806647,0.32375189107413,0.674809160305344,1,1,0.0306278713629403,1,0.051622418879056,0.322822822822823,1,0.322388059701493,0.326153846153846,0.965891472868217,0.503793626707132,1,0.316742081447964,0.345808383233533,1,0.322981366459627,0.0794392523364486,0.334341906202723,0.332330827067669,1,0.343283582089552,1,1,1,1,0.683812405446294,1,1,0.00151515151515152,0.0953101361573374,1,0.0417910447761194,0,1,0.561240310077519,0.668721109399075,1,0.0431432973805855,0.316923076923077,1,0.321156773211568,1,0.679389312977099,1,0.321699544764795,0.322239031770045,0.326807228915663,1,0.331325301204819,1,0.486526946107784,1,0.320300751879699,0.289985052316891,0.333333333333333,0.325688073394495,0.48411497730711,0.998502994011976,0.330383480825959,0.315789473684211,1,0.309667673716012,1,1,0.32572298325723,0.551470588235294,1,0.323170731707317,1,0.0370919881305638,1,0.324812030075188,0.674735249621785,0.337878787878788,0.937308868501529,0.441679626749611,0.0906298003072197,0.0805471124620061,1,1,0.338391502276176,1,0.325958702064897,1,0.811940298507463,1,0.334365325077399,1,1,1,1,0.337858220211161,1,0.322530864197531,0.24813153961136,1,0.321321321321321,1,0.309559939301973,0.0745814307458143,1,0.31859756097561,1,1,1,0.338278931750742,1,0.333333333333333,1,0.312217194570136,1,0.328703703703704,0.0718654434250764,1,0.632465543644717,1,1,0.321592649310873,1,1,1,1,0.332824427480916,0.318250377073906,1,0.998480243161094,0.320359281437126,0.314728682170543,1,0.440060698027314,0.657018813314038,0,0.331316187594554,0.666666666666667,1,0.331838565022422,1,0.998493975903614,1,0.327272727272727,0.330815709969789,0.340694006309148,1,1,1,0,1,0.319938176197836,0.976958525345622,0.329770992366412,0.319018404907975,0.75531914893617,1,1,1,1,1,0.0395136778115502,0.327718223583461,0.332326283987915,1,0.673621460506706,1,1,1,0.998496240601504,1,1,0.00455235204855842,0.30849478390462,1,0.314553990610329,1,0.309880239520958,1,1,1,1,1,0.327217125382263,1,0.518292682926829,0.33641975308642,0.340298507462687,0.313755795981453,0.329192546583851,0.336890243902439,0.421461897356143,0.337837837837838,0.31437125748503,0.321321321321321,1,0.327217125382263,1,0.678624813153961,0.322188449848024,0.308383233532934,0.343511450381679,1,1,1,0.258308157099698,0.3202416918429,1,0.323574730354391,0.334821428571429,0.319571865443425,0.329341317365269,0.671274961597542,1,0.330396475770925,0.31859756097561,1,0.308892355694228,1,0.321804511278195,0.318250377073906,1,1,1,0.545592705167173,1,0.685714285714286,0.0756914119359534,0.327769347496206,1,1,0.0858433734939759,0.320359281437126,0.340425531914894,1,1,0.315315315315315,0.0228658536585366,0.00308641975308642,1,1,0.342647058823529,1,1,0.314589665653495,1,1,0.31969696969697,1,1,1,1,0.339908952959029,0.312130177514793,0.32967032967033,1,1,0.664167916041979,0.321699544764795,1,0.324404761904762,0.305471124620061,1,1,0.998475609756098,1,1,0.333846153846154,1,1,0.0964230171073095,0.341791044776119,0.496960486322188,0.319938176197836,0.665151515151515,0.321958456973294,1,0.315789473684211,0.334869431643625,0.257918552036199,0.328313253012048,1,0.336309523809524,1,1,1,0.317972350230415,0.326865671641791,0.998493975903614,0.933858267716535,0.0546875,1,0.317629179331307,0.32824427480916,0.315707620528771,1,0.332838038632987,0.465857359635812,0.328849028400598,0.31866464339909,0.319182389937107,0.308868501529052,1,0.325077399380805,1,1,0,1,0.331804281345566,1,1,1,0.337404580152672,1,0.322932917316693,1,0.844645550527903,1,1,1,0.321266968325792,1,1,0.313161875945537,0.321212121212121,1,1,0.319340329835082,0.186746987951807,1,0.998487140695915,1,0,0.316358024691358,1,0.313725490196078,0.235920852359209,1,0.665667166416792,0.439577039274924,1,1,0.672438672438672,0.6996996996997,0.357798165137615,1,0.332312404287902,1,1,0.335889570552147,1,0.998456790123457,0.00917431192660551,0.331818181818182,1,1,0.325153374233129,1,1,0.312883435582822,0.332321699544765,1,1,1,0.527736131934033,0.309923664122137,0.348694316436252,0.320588235294118,0.334328358208955,0.680365296803653,0.332326283987915,0.331825037707391,0.32579185520362,0.235747303543914,0.325153374233129,1,0.330838323353293,0.998475609756098,0.31981981981982,0.0790629575402635,0.0458579881656805,1,1,0.0344827586206897,1,0.675716440422323,0.0361990950226244,0.0122137404580153,1,0.68133535660091,1,1,0.55521472392638,1,0,0.0655226209048362,1,1,1,0.326687116564417,0.644793152639087,0.688783570300158,0.992469879518072,1,0.984802431610942,0.310606060606061,0.328149300155521,1,0.309090909090909,1,0.378947368421053,0.0992248062015504,0.312874251497006,0.331858407079646,0.34257748776509,1,0.0696296296296296,1,1,1,0.251506024096386,0.33026113671275,1,0.327217125382263,1,1,0.318318318318318,1,0.332848837209302,1,0.311450381679389,0.32375189107413,1,0.675799086757991,0.325443786982249,1,0.320433436532508,0.759455370650529,0.317577548005908,0.153030303030303,0.332842415316642,0.77217125382263,0.314728682170543,1,0.328313253012048,0.343328335832084,0.300148588410104,1,1,1,0.974763406940063,0.334890965732087,1,0.331768388106416,1,0.329093799682035,0.325892857142857,1,1,1,0.925190839694657,1,0.316176470588235,0.329323308270677,1,1,0.046583850931677,0.0775193798449612,1,1,0.310077519379845,1,1,0.324734446130501,1,1,0.676783004552352,0.540740740740741,1,0,1,1,0.0917293233082707,0.337878787878788,1,0.332317073170732,0.998487140695915,0.969558599695586,0.998480243161094,0.828571428571429,1,0.329173166926677,1,1,1,0,0.315372424722662,1,1,0.671212121212121,1,0.317629179331307,0.371212121212121,0.324812030075188,1,1,1,0.0791044776119403,0.321981424148607,0.0809968847352025,0.998439937597504,0.319465081723626,0.311377245508982,0.366111951588502,0,1,0.96078431372549,1,1,0.330733229329173,0.307922272047833,0.154083204930663,0.0352760736196319,0.322429906542056,0.320610687022901,0.333832335329341,0.00154083204930663,0.322239031770045,1,0,0.327327327327327,1,1,1,0.323880597014925,0.329376854599407,0.0296875,1,0.318529862174579,0.315548780487805,1,1,0.321699544764795,0.691588785046729,1,1,0.686153846153846,1,0.323442136498516,1,0.322822822822823,0.53037037037037,0.664156626506024,0.397626112759644,1,0.301349325337331,0.31969696969697,0.675635276532138,0.658246656760773,1,0.334341906202723,1,0.324888226527571,1,0.327743902439024,0.311450381679389,0.354103343465046,0.525602409638554,0.319314641744548,0.32,0.657407407407407,0.323262839879154,0.142857142857143,1,0,1,0.304821150855365,1,0,0.330289193302892,0.3198127925117,1,0.05,1,0.0784615384615385,0.342507645259939,1,0.0544629349470499,0.66412213740458,1,1,1,0.321766561514196,0.0342261904761905,1,0.429007633587786,0.0858895705521472,0.366366366366366,0.331325301204819,0.328335832083958,1,1,1,1,1,0.0601173020527859,0.995568685376662,0.676204819277108,0.00437956204379562,0.337349397590361,1,1,1,1,0.0779816513761468,0.327327327327327,1,1,1,1,1,1,0.48575712143928,0.00153374233128834,1,0.075187969924812,0.327743902439024,0.434451219512195,1,0.400309119010819,0.315286624203822,0.319880418535127,1,0.0345345345345345,0.329770992366412,1,1,0.385448916408669,0.317507418397626,0.316109422492401,0.326053042121685,0.998487140695915,0.331797235023041,0.321752265861027,0.4209726443769,0.328267477203647,0.975903614457831,0.315396113602392,0.0771604938271605,0.328173374613003,0,1,0.0801232665639445,0.311912225705329,0.325264750378215,0.329211746522411,1,1,1,1,1,1,0.335913312693498,1,0.327692307692308,0.318255250403877,0.609939759036145,0.671802773497689,1,1,0,0.325958702064897,0.114630467571644,0.998525073746313,0.0309597523219814,1,1,0.316846986089645,1,1,0.630602782071097,0.41259842519685,0.995633187772926,0.0728682170542636,0.0856269113149847,1,1,1,0.0833333333333333,0,0.32383808095952,0.419753086419753,0.31858407079646,0,0.332819722650231,0.0760869565217391,1,1,0.327893175074184,0.321156773211568,0.237160120845921,0.342064714946071,0.317365269461078,0.325227963525836,1,1,0.331278890600925,1,0,1,0.218989280245023,1,0.670180722891566,1,0.312883435582822,0.310077519379845,0.0660660660660661,0.665676077265973,1,1,0.789312977099237,0.905511811023622,0.327769347496206,0.314329738058552,1,0.326153846153846,0.248466257668712,0.335913312693498,1,0.0889894419306184,1,1,0.31969696969697,0.668702290076336,0.312111801242236,1,1,0.316109422492401,0.315151515151515,0.327893175074184,0.851851851851852,0.320493066255778,1,0.0503048780487805,1,1,0.697014925373134,0.646604938271605,0.325508607198748,0.0487062404870624,0.331297709923664,1,1,0.308166409861325,0.335889570552147,0.619119878603945,1,0.316100443131462,0.370314842578711,0.325373134328358,0.985163204747775,0.473200612557427,0.00451127819548872,0.308734939759036,0.327485380116959,0.335394126738794,0.3234375,0.327485380116959,0.971684053651267,1,0.320121951219512,0.552380952380952,0.679566563467492,0.236722306525038,0.674050632911392,1,0.327245053272451,0.00154320987654321,0.333333333333333,0.321266968325792,0.357357357357357,0.329230769230769,0,0.343891402714932,0.321428571428571,0.328746177370031,0.322678843226788
"93",0.00157232704402516,0,0.0015600624024961,0.00158227848101266,0,0.0015552099533437,0.289348171701113,0,0.00155763239875389,0.9088,0.00154320987654321,0.958461538461538,0.179487179487179,0.00155763239875389,0.686614173228347,0.699059561128527,0.940717628705148,0.3072,0,0.00156739811912226,0.721439749608764,0.690851735015773,0.00153846153846154,0.854070660522273,0.00153374233128834,0.680817610062893,0.693053311793215,0.0016025641025641,0.00152439024390244,0.211111111111111,0.697063369397218,0.269645608628659,0.0342679127725857,0.69435736677116,1,0.00164203612479475,0.452713178294574,0.00153374233128834,0.698484848484848,0.00153609831029186,0.328638497652582,0.319314641744548,0.306525037936267,0,0.0015625,0.688995215311005,0.692307692307692,0.69478527607362,0.676425269645609,0.682779456193353,1,0.0015748031496063,0.690548780487805,0.0015552099533437,0.0015552099533437,0.495987158908507,0.433333333333333,0.00157232704402516,0,0.00159489633173844,0.674382716049383,0.690513219284603,0.693650793650794,0.319182389937107,0,0,0.967542503863988,0.00154083204930663,0.946564885496183,0.690769230769231,0.0015552099533437,0.685358255451713,0.676282051282051,0.0349761526232114,0.488514548238897,0.00149925037481259,0.69218989280245,0.670769230769231,0.00152439024390244,0.686900958466454,0.915064102564103,0.677570093457944,0.6801872074883,0.0015552099533437,0.666146645865835,0,0,0.0015625,0.00155763239875389,0.294573643410853,0,0.00151515151515152,1,0.901869158878505,0.00161290322580645,0.957639939485628,0.998454404945904,0,0.440650406504065,0.318471337579618,0.00154798761609907,0.947784810126582,0.700934579439252,0.00162866449511401,0.688372093023256,0,0.309597523219814,0,0.687106918238994,0.688575899843505,0.685099846390169,0.00156494522691706,0.680555555555556,0.00157977883096367,0.518348623853211,0.00151745068285281,0.690513219284603,0.702492211838006,0.675265553869499,0.686708860759494,0.516380655226209,0.0015552099533437,0.679447852760736,0.691437802907916,0.00153609831029186,0.698608964451314,0.00148809523809524,0.00152439024390244,0.669796557120501,0.463636363636364,0.00161812297734628,0.689763779527559,0.00158982511923688,0.958778625954198,0.00161812297734628,0.681538461538462,0.324615384615385,0.675968992248062,0.0640625,0.579804560260586,0.903726708074534,0.907523510971787,0.00156739811912226,0.00161030595813205,0.678125,0,0.686274509803922,0,0.191424196018377,0.00152439024390244,0.680445151033386,0,0.00158982511923688,0,0,0.67981072555205,0.00157977883096367,0.68075117370892,0.748079877112135,0.00155038759689922,0.693972179289026,0,0.702325581395349,0.924148606811146,0.00159744408945687,0.696682464454976,0.00153846153846154,0.00155038759689922,0.00158227848101266,0.675465838509317,0.00156494522691706,0.677777777777778,0.00157977883096367,0.689814814814815,0.00158982511923688,0.686614173228347,0.92846034214619,0.00154798761609907,0.358730158730159,0.00159235668789809,0.0015552099533437,0.689381933438986,0.00154798761609907,0,0.0015527950310559,0.00154320987654321,0.682389937106918,0.696594427244582,0.00159744408945687,0.0015625,0.684848484848485,0.698890649762282,0.00156985871271586,0.564945226917058,0.332326283987915,0.998430141287284,0.690851735015773,0.325115562403698,0.00154083204930663,0.682588597842835,0.00157232704402516,0.00154798761609907,0.0015527950310559,0.697492163009404,0.681957186544342,0.67192429022082,0.00152439024390244,0.00159744408945687,0.00156494522691706,1,0,0.70364500792393,0.0251177394034537,0.688783570300158,0.696682464454976,0.259316770186335,0.0016,0.0015527950310559,0.00154559505409583,0,0.0015625,0.960876369327074,0.688783570300158,0.677067082683307,0.0015220700152207,0.313084112149533,0.00153139356814701,0,0.00157728706624606,0.00154083204930663,0.00158227848101266,0.00150602409638554,0.996923076923077,0.692901234567901,0.00154559505409583,0.693650793650794,0.0015625,0.700617283950617,0.0015552099533437,0.0015748031496063,0.00156739811912226,0.00158982511923688,0.0016025641025641,0.682242990654206,0.00153374233128834,0.485714285714286,0.675039246467818,0.68062015503876,0.690322580645161,0.685446009389671,0.679245283018868,0.595541401273885,0.67244094488189,0.693270735524257,0.698461538461538,0.0015220700152207,0.687203791469194,0.00161030595813205,0.304147465437788,0.694136291600634,0.694992412746586,0.671899529042386,0.00157977883096367,0.0015625,0,0.74488188976378,0.692789968652038,0.00153609831029186,0.6828125,0.677321156773212,0.690251572327044,0.686064318529862,0.3125,0,0.682170542635659,0.691943127962085,0.00158478605388273,0.7056,0.00153846153846154,0.693251533742331,0.697637795275591,0.00157232704402516,0,0.0015552099533437,0.466353677621283,0,0.307098765432099,0.921686746987952,0.688575899843505,0,0.00157977883096367,0.91131498470948,0.680124223602484,0.68312101910828,0,0.00157232704402516,0.702909647779479,0.979559748427673,0.996865203761755,0.0015600624024961,0.00160513643659711,0.667682926829268,0.00313479623824451,0,0.692901234567901,0.00154083204930663,0,0.691588785046729,0.00158227848101266,0,0.00153139356814701,0,0.681318681318681,0.697852760736196,0.678456591639871,0.0015600624024961,0.00160771704180064,0.326153846153846,0.696734059097978,0.00157977883096367,0.684615384615385,0.705426356589147,0.00152671755725191,0,0.00154320987654321,0.00159235668789809,0.00154083204930663,0.677777777777778,0,0.0015748031496063,0.897314375987362,0.68266253869969,0.523882896764253,0.701277955271565,0.323943661971831,0.685099846390169,0,0.694136291600634,0.669826224328594,0.747303543913713,0.683641975308642,0,0.675840978593272,0.00155763239875389,0.0015527950310559,0.00156739811912226,0.692429022082019,0.690769230769231,0.00155038759689922,0.0686900958466454,0.936908517350158,0.00158982511923688,0.692307692307692,0.678125,0.700159489633174,0.00158730158730159,0.678955453149002,0.53125,0.686244204018547,0.697388632872504,0.684126984126984,0.692307692307692,0.00150602409638554,0.688575899843505,0.0016260162601626,0.0015552099533437,0.998444790046656,0.00159489633173844,0.679748822605965,0.00157232704402516,0.00152671755725191,0,0.677115987460815,0.00153846153846154,0.697784810126582,0.00150829562594268,0.164852255054432,0.00154083204930663,0.00159235668789809,0.00154083204930663,0.692901234567901,0.00157728706624606,0.00158730158730159,0.697160883280757,0.69478527607362,0.00156985871271586,0,0.699376947040498,0.808282208588957,0.00159744408945687,0.0015625,0.00155038759689922,0.998442367601246,0.69551282051282,0,0.693972179289026,0.751962323390895,0,0.317901234567901,0.56656346749226,0.00158982511923688,0,0.321212121212121,0.288611544461778,0.660436137071651,0,0.690513219284603,0.0015600624024961,0,0.676703645007924,0,0.00157977883096367,0.993670886075949,0.673913043478261,0.00158227848101266,0.00155763239875389,0.683042789223455,0.00151745068285281,0.00158982511923688,0.699376947040498,0.666156202143951,0,0.00153846153846154,0.00158982511923688,0.47112462006079,0.7015625,0.664556962025316,0.688449848024316,0.675925925925926,0.30016051364366,0.682737169517885,0.671875,0.696319018404908,0.759811616954474,0.690363349131122,0.00152439024390244,0.685240963855422,0.00159489633173844,0.686915887850467,0.924698795180723,0.949152542372881,0,0.00154798761609907,0.96411856474259,0.00160513643659711,0.30757341576507,0.961300309597523,0.990580847723705,0.0015527950310559,0.309597523219814,0,0.00156739811912226,0.462616822429907,0.0015600624024961,1,0.928,0.00157232704402516,0,0.00156985871271586,0.679936305732484,0.35207100591716,0.296416938110749,0.00771604938271605,0,0.0138461538461538,0.700617283950617,0.67032967032967,0.00157232704402516,0.699842022116904,0.00156985871271586,0.62888198757764,0.903328050713154,0.697965571205008,0.684370257966616,0.666666666666667,0.00151745068285281,0.925644916540212,0.00151515151515152,0,0.00153846153846154,0.743511450381679,0.680952380952381,0.00158227848101266,0.690140845070423,0.0016025641025641,0.00158982511923688,0.698315467075038,0,0.681681681681682,0.00158730158730159,0.695859872611465,0.683229813664596,0,0.320433436532508,0.687022900763359,0.00152671755725191,0.694006309148265,0.244992295839753,0.691265060240964,0.843797856049005,0.689024390243902,0.225,0.691573926868045,0.00162074554294976,0.68380062305296,0.664624808575804,0.709480122324159,0.0015552099533437,0.00156985871271586,0,0.0256,0.663920922570016,0.00156494522691706,0.67741935483871,0.00156494522691706,0.689542483660131,0.688751926040062,0.0015625,0,0,0.0748829953198128,0,0.697388632872504,0.686153846153846,0.00152905198776758,0.00158478605388273,0.951026856240126,0.924528301886792,0.00156985871271586,0.00159744408945687,0.694006309148265,0.0015600624024961,0.00153374233128834,0.691943127962085,0.00161030595813205,0.00156494522691706,0.317557251908397,0.465857359635812,0.00155763239875389,0.998491704374057,0.00155038759689922,0.00153374233128834,0.905487804878049,0.68062015503876,0.00156985871271586,0.684292379471229,0.00157728706624606,0.0268987341772152,0.0015625,0.176651305683564,0.0015527950310559,0.677316293929712,0.00154798761609907,0.00158982511923688,0,0.998461538461539,0.692185007974482,0.0016025641025641,0.00154798761609907,0.320813771517997,0.00152905198776758,0.68944099378882,0.644067796610169,0.684049079754601,0.00153374233128834,0.00153609831029186,0.00157728706624606,0.919753086419753,0.690140845070423,0.916666666666667,0,0.691154422788606,0.688271604938272,0.652173913043478,0.998439937597504,0.00156739811912226,0.0374414976599064,0.0015552099533437,0.00153846153846154,0.681818181818182,0.706240487062405,0.847376788553259,0.966981132075472,0.690513219284603,0.6953125,0.68,1,0.69170579029734,0.00150829562594268,0.998420221169036,0.690184049079755,0.00153139356814701,0.00159744408945687,0.00154320987654321,0.696923076923077,0.68798751950078,0.967532467532468,0.00157977883096367,0.696,0.692780337941628,0,0,0.68160741885626,0.302287581699346,0,0.00158478605388273,0.305164319248826,0.00151975683890578,0.694864048338369,0,0.693522906793049,0.471228615863142,0.325115562403698,0.61203007518797,0.00153846153846154,0.706686930091185,0.685847589424572,0.316279069767442,0.324734446130501,0.00155038759689922,0.683641975308642,0.0016260162601626,0.682370820668693,0.00158982511923688,0.68895800933126,0.694488188976378,0.647058823529412,0.488299531981279,0.690095846645367,0.699680511182109,0.31974921630094,0.691358024691358,0.85924713584288,0.00156739811912226,0.998482549317147,0.00152671755725191,0.714511041009464,0.00157977883096367,0.998447204968944,0.689167974882261,0.687697160883281,0,0.946107784431138,0.0015600624024961,0.920436817472699,0.675078864353312,0,0.9390625,0.326018808777429,0.00158227848101266,0.00154320987654321,0.00153374233128834,0.684713375796178,0.964506172839506,0.00152671755725191,0.566096423017107,0.913112164296998,0.646153846153846,0.684049079754601,0.682515337423313,0.00154083204930663,0.00158982511923688,0.00157728706624606,0.00156985871271586,0.00155763239875389,0.93993993993994,0.0060882800608828,0.304075235109718,0.997005988023952,0.683720930232558,0.00153609831029186,0,0.00161550888529887,0.00154083204930663,0.919629057187017,0.686635944700461,0,0.00159235668789809,0.00160771704180064,0.00158478605388273,0.00154083204930663,0.00158730158730159,0.5220700152207,1,0.00156494522691706,0.920731707317073,0.686244204018547,0.565015479876161,0.0015527950310559,0.605678233438486,0.686998394863563,0.691950464396285,0.00153846153846154,0.960365853658537,0.687789799072643,0.00155038759689922,0,0.637239165329053,0.69478527607362,0.698608964451314,0.684044233807267,0.00155763239875389,0.682182985553772,0.68798751950078,0.601574803149606,0.684952978056426,0.0262345679012346,0.693009118541033,0.926517571884984,0.6765625,0.998468606431853,0,0.918110236220472,0.69826224328594,0.687898089171974,0.688679245283019,0.00153139356814701,0.0015527950310559,0.00160513643659711,0.0015600624024961,0.00160771704180064,0.00160513643659711,0.672307692307692,0.00154559505409583,0.692667706708268,0.683774834437086,0.404354587869362,0.316957210776545,0,0.00154320987654321,0.998459167950693,0.690440060698027,0.886970172684458,0,0.967032967032967,0.00155038759689922,0,0.696400625978091,0,0.00165016501650165,0.387045813586098,0.585326953748006,0.00448430493273543,0.926984126984127,0.906349206349206,0.00154798761609907,0.00157232704402516,0.0015552099533437,0.919685039370079,0.998454404945904,0.685271317829457,0.572317262830482,0.692307692307692,1,0.669278996865204,0.917851500789889,0.0015625,0.00161290322580645,0.686838124054463,0.687595712098009,0.759750390015601,0.662957074721781,0.689708141321045,0.684210526315789,0.00156985871271586,0.0015527950310559,0.677165354330709,0.00150829562594268,0.998466257668712,0,0.786392405063291,0.00158730158730159,0.326086956521739,0,0.695924764890282,0.705128205128205,0.930340557275542,0.317901234567901,0.00154798761609907,0.0015552099533437,0.211598746081505,0.111290322580645,0.681818181818182,0.680817610062893,0.0015527950310559,0.686028257456829,0.749606299212598,0.68312101910828,0.00152671755725191,0.903225806451613,0,0,0.692307692307692,0.306603773584906,0.7056,0.00161550888529887,0,0.696509863429439,0.70606531881804,0.685800604229607,0.146496815286624,0.688888888888889,0.00157232704402516,0.946401225114854,0.00155763239875389,0,0.295031055900621,0.345201238390093,0.6816,0.946117274167987,0.678683385579937,0.00153609831029186,0,0.696734059097978,0.681889763779528,0.378254211332312,0,0.695121951219512,0.645061728395062,0.697247706422018,0.0185471406491499,0.526984126984127,0.998461538461539,0.699074074074074,0.679878048780488,0.684380032206119,0.6912,0.684053651266766,0.0262345679012346,0.0015748031496063,0.690031152647975,0.446570972886762,0.310236220472441,0.763239875389408,0.309951060358891,0.00156985871271586,0.681747269890796,0.996840442338073,0.672897196261682,0.690031152647975,0.645510835913313,0.682034976152623,1,0.675425038639876,0.686708860759494,0.683544303797468,0.691107644305772
"94",0.111290322580645,0.103076923076923,0.0989180834621329,0.100156494522692,0.1015625,0.105828220858896,0.394944707740916,0.104928457869634,0.105100463678516,1,0.104776579352851,0.944444444444444,0.0854430379746835,0.102167182662539,0.591772151898734,0.595975232198142,0.97360248447205,0.412238325281804,0.1109375,0.102290076335878,0.605015673981191,0.581504702194357,0.108231707317073,0.943251533742331,0.116843702579666,0.569465648854962,0.586538461538462,0.1024,0.114329268292683,0.134796238244514,0.599383667180277,0.166666666666667,0.0766871165644172,0.598755832037325,0.908668730650155,0.112561174551387,0.563358778625954,0.105504587155963,0.604615384615385,0.112977099236641,0.440677966101695,0.409230769230769,0.415915915915916,0.102964118564743,0.107981220657277,0.584375,0.586583463338534,0.585889570552147,0.584234930448223,0.573619631901841,0.893915756630265,0.102564102564103,0.592307692307692,0.101382488479263,0.112135176651306,0.394654088050314,0.527950310559006,0.10377358490566,0.114155251141553,0.103875968992248,0.570992366412214,0.577160493827161,0.582159624413146,0.431432973805855,0.108626198083067,0.118195956454121,0.949685534591195,0.102040816326531,0.974397590361446,0.577272727272727,0.098159509202454,0.589622641509434,0.572555205047319,0.135860979462875,0.580398162327718,0.111111111111111,0.600910470409712,0.572078907435508,0.104294478527607,0.577352472089314,1,0.576862123613312,0.581903276131045,0.112654320987654,0.565891472868217,0.104229607250755,0.109204368174727,0.106707317073171,0.102009273570325,0.410769230769231,0.103668261562998,0.0953101361573374,0.901869158878505,1,0.0995260663507109,0.950151057401813,0.899691358024691,0.104454685099846,0.541996830427892,0.418897637795276,0.105022831050228,0.960691823899371,0.588325652841782,0.113237639553429,0.588785046728972,0.107644305772231,0.414330218068536,0.106317411402157,0.579109062980031,0.579029733959311,0.578866768759571,0.114728682170543,0.577572964669739,0.106153846153846,0.617511520737327,0.108955223880597,0.580893682588598,0.815267175572519,0.579185520361991,0.583203732503888,0.622670807453416,0.108024691358025,0.582568807339449,0.576619273301738,0.0993788819875776,0.597243491577335,0.104166666666667,0.107088989441931,0.786377708978328,0.574730354391371,0.0983870967741935,0.580495356037152,0.105095541401274,0.945864661654135,0.0958466453674121,0.591743119266055,0.424615384615385,0.571207430340557,0.0323574730354391,0.661927330173776,1,1,0.104615384615385,0.106858054226475,0.577464788732394,0.102803738317757,0.582959641255605,0.109923664122137,0.0871559633027523,0.110942249240122,0.587955625990491,0.0996884735202492,0.108490566037736,0.110062893081761,0.0947204968944099,0.574102964118565,0.114551083591331,0.577639751552795,0.862385321100917,0.105504587155963,0.592085235920852,0.1089258698941,0.599688473520249,0.993720565149137,0.0982839313572543,0.588235294117647,0.114854517611026,0.105504587155963,0.1112828438949,0.563358778625954,0.113003095975232,0.579937304075235,0.103125,0.573415765069552,0.107317073170732,0.584375,0.987480438184664,0.0970724191063174,0.464968152866242,0.103448275862069,0.112307692307692,0.594339622641509,0.101880877742947,0.102167182662539,0.108231707317073,0.10377358490566,0.578369905956113,0.582831325301205,0.11216429699842,0.105015673981191,0.581325301204819,0.598130841121495,0.104615384615385,0.654853620955316,0.436764705882353,0.89010989010989,0.592307692307692,0.438569206842924,0.100917431192661,0.58030303030303,0.107936507936508,0.104704097116844,0.093167701863354,0.595015576323987,0.59606656580938,0.579113924050633,0.108108108108108,0.106180665610143,0.0958904109589041,0.908805031446541,0.105919003115265,0.6,0.0770416024653313,0.587962962962963,0.582043343653251,0.367692307692308,0.105678233438486,0.1089258698941,0.0995334370139969,0.10939907550077,0.102848101265823,0.943251533742331,0.584786053882726,0.583081570996979,0.108562691131498,0.424242424242424,0.109256449165402,0.113293051359517,0.108191653786708,0.107197549770291,0.105666156202144,0.106766917293233,0.896024464831804,0.801829268292683,0.107197549770291,0.587596899224806,0.104037267080745,0.597222222222222,0.10105580693816,0.106349206349206,0.101404056162246,0.10625,0.10828025477707,0.572100313479624,0.104615384615385,0.393081761006289,0.574961360123648,0.572964669738863,0.591549295774648,0.572769953051643,0.563779527559055,0.67192429022082,0.565284178187404,0.577160493827161,0.578461538461538,0.110773899848255,0.582066869300912,0.101941747572816,0.408602150537634,0.581039755351682,0.804545454545455,0.578783151326053,0.107424960505529,0.104265402843602,0.108864696734059,0.854037267080745,0.599690880989181,0.0945121951219512,0.576138147566719,0.584218512898331,0.583975346687211,0.585403726708075,0.416539050535988,0.105590062111801,0.582689335394127,0.580495356037152,0.106084243369735,0.607535321821036,0.112480739599384,0.578947368421053,0.598449612403101,0.102362204724409,0.106687898089172,0.108695652173913,0.559139784946237,0.106858054226475,0.412130637636081,0.989536621823617,0.577639751552795,0.10960960960961,0.0982839313572543,1,0.577572964669739,0.575899843505477,0.10410094637224,0.107086614173228,0.589939024390244,0.925925925925926,0.890995260663507,0.111459968602826,0.106180665610143,0.560121765601218,0.100931677018634,0.112443778110945,0.595129375951294,0.104037267080745,0.107033639143731,0.583975346687211,0.10459587955626,0.10410094637224,0.106153846153846,0.1078125,0.578125,0.590163934426229,0.58712715855573,0.101382488479263,0.103875968992248,0.423076923076923,0.580996884735203,0.103610675039246,0.581183611532625,0.601526717557252,0.106382978723404,0.103030303030303,0.106317411402157,0.103235747303544,0.104454685099846,0.581039755351682,0.108024691358025,0.111801242236025,0.988941548183254,0.575803981623277,0.613354037267081,0.595611285266458,0.427906976744186,0.568181818181818,0.103343465045593,0.597809076682316,0.580745341614907,0.855161787365177,0.584097859327217,0.100787401574803,0.577912254160363,0.107361963190184,0.1046875,0.110599078341014,0.59375,0.590839694656489,0.104134762633997,0.0211726384364821,0.960443037974684,0.113924050632911,0.586523736600306,0.580745341614907,0.593406593406593,0.092948717948718,0.572530864197531,0.636923076923077,0.568147013782542,0.590979782270607,0.582018927444795,0.594679186228482,0.099388379204893,0.575471698113208,0.0933977455716586,0.0984615384615385,0.905053598774885,0.111635220125786,0.571651090342679,0.109923664122137,0.101492537313433,0.106687898089172,0.576138147566719,0.104704097116844,0.580188679245283,0.104387291981846,0.0681114551083591,0.113178294573643,0.105180533751962,0.105828220858896,0.578866768759571,0.0950871632329636,0.106976744186047,0.583975346687211,0.580495356037152,0.101694915254237,0.104361370716511,0.591194968553459,0.915407854984894,0.110935023771791,0.102009273570325,0.101382488479263,0.890937019969278,0.594976452119309,0.104333868378812,0.578461538461538,0.857142857142857,0.102325581395349,0.417565485362096,0.452773613193403,0.110584518167457,0.103448275862069,0.420821114369501,0.400621118012422,0.546995377503852,0.108864696734059,0.582952815829528,0.112676056338028,0.10016155088853,0.573846153846154,0.110260336906585,0.110248447204969,0.906832298136646,0.578052550231839,0.110419906687403,0.102643856920684,0.574132492113565,0.101515151515152,0.103286384976526,0.584935897435897,0.764525993883792,0.105426356589147,0.107250755287009,0.102040816326531,0.37442218798151,0.597842835130971,0.596244131455399,0.580409356725146,0.583203732503888,0.419558359621451,0.569044006069803,0.561240310077519,0.587692307692308,0.875192604006163,0.584639498432602,0.110769230769231,0.579666160849772,0.103715170278638,0.581288343558282,0.986301369863014,0.95398773006135,0.101515151515152,0.113846153846154,0.946153846153846,0.0972886762360447,0.40273556231003,0.948194662480377,0.913178294573643,0.10590015128593,0.408668730650155,0.104524180967239,0.105182926829268,0.573667711598746,0.104294478527607,0.896713615023474,0.995238095238095,0.106646058732612,0.112480739599384,0.1201248049922,0.580696202531646,0.451994091580502,0.398412698412698,0.120795107033639,0.105754276827372,0.0743034055727554,0.605590062111801,0.767080745341615,0.110939907550077,0.591482649842271,0.102134146341463,0.526479750778816,0.993769470404984,0.590769230769231,0.594180704441041,0.577557755775578,0.10790273556231,0.989280245022971,0.11144578313253,0.100813008130081,0.10752688172043,0.858678955453149,0.580031695721078,0.118564742589704,0.59190031152648,0.105431309904153,0.112341772151899,0.584097859327217,0.110759493670886,0.584683357879234,0.1078125,0.58887171561051,0.591614906832298,0.103235747303544,0.41875,0.596701649175412,0.100308641975309,0.59190031152648,0.154083204930663,0.584848484848485,0.945038167938931,0.586567164179104,0.12888198757764,0.589456869009585,0.125786163522013,0.574303405572755,0.563165905631659,0.61280487804878,0.111111111111111,0.108490566037736,0.102719033232628,0.0675039246467818,0.75974025974026,0.110077519379845,0.572567783094099,0.102009273570325,0.592,0.584474885844749,0.110606060606061,0.106858054226475,0.100609756097561,0.0093603744149766,0.10590015128593,0.58974358974359,0.587057010785824,0.0975232198142415,0.102803738317757,0.964230171073095,0.987261146496815,0.105100463678516,0.103286384976526,0.580847723704867,0.113671274961598,0.101669195751138,0.591614906832298,0.1198738170347,0.106153846153846,0.414860681114551,0.573596358118361,0.100463678516229,0.897626112759644,0.1078125,0.110091743119266,1,0.594427244582043,0.104199066874028,0.574102964118565,0.101823708206687,0.0634674922600619,0.112480739599384,0.0757341576506955,0.103715170278638,0.580031695721078,0.0982839313572543,0.098256735340729,0.10126582278481,0.905343511450382,0.583870967741935,0.0942492012779553,0.10806697108067,0.419656786271451,0.103076923076923,0.585780525502318,0.541213063763608,0.581039755351682,0.102918586789555,0.104294478527607,0.111455108359133,1,0.579527559055118,0.985714285714286,0.0962145110410095,0.58599695585997,0.596946564885496,0.547140649149923,0.893846153846154,0.102040816326531,0.0495356037151703,0.105990783410138,0.10752688172043,0.579277864992151,0.589939024390244,0.934375,0.944869831546707,0.583333333333333,0.583724569640063,0.570776255707763,0.89873417721519,0.596302003081664,0.102409638554217,0.89644513137558,0.586626139817629,0.107361963190184,0.110077519379845,0.101246105919003,0.585889570552147,0.593655589123867,0.95253164556962,0.101538461538462,0.585139318885449,0.595092024539877,0.112462006079027,0.115805946791862,0.586314152410575,0.397058823529412,0.0972886762360447,0.10625,0.409020217729393,0.1089258698941,0.593655589123867,0.117739403453689,0.591263650546022,0.570561456752656,0.427051671732523,0.688253012048193,0.105666156202144,0.592760180995475,0.591331269349845,0.406542056074766,0.428139183055976,0.101382488479263,0.58179012345679,0.104851330203443,0.583963691376702,0.0941358024691358,0.574102964118565,0.592476489028213,0.547169811320755,0.576036866359447,0.580093312597201,0.586314152410575,0.432766615146832,0.577981651376147,0.964630225080386,0.0959119496855346,0.902290076335878,0.103658536585366,0.6078125,0.113354037267081,0.903576982892691,0.578220858895706,0.583860759493671,0.103174603174603,0.960902255639098,0.108728943338438,1,0.554517133956386,0.0973724884080371,0.964939024390244,0.437978560490046,0.10410094637224,0.10958904109589,0.103076923076923,0.589825119236884,0.942249240121581,0.0975232198142415,0.472049689440994,1,0.545180722891566,0.583975346687211,0.580937972768533,0.104615384615385,0.0771704180064309,0.113385826771654,0.0996884735202492,0.100463678516229,0.971385542168675,0.111963190184049,0.418569254185693,0.899700598802395,0.580495356037152,0.107142857142857,0.1078125,0.101910828025478,0.0990853658536585,0.995341614906832,0.579666160849772,0.0921450151057402,0.1015625,0.10207336523126,0.0992248062015504,0.110769230769231,0.116459627329193,0.616541353383459,0.919431279620853,0.102484472049689,0.990825688073395,0.588055130168453,0.679447852760736,0.109034267912773,0.500792393026941,0.605095541401274,0.582945736434109,0.11402157164869,0.949230769230769,0.585253456221198,0.0981873111782477,0.111455108359133,0.530805687203792,0.584732824427481,0.601851851851852,0.588976377952756,0.0961832061068702,0.58609794628752,0.588509316770186,0.674884437596302,0.590266875981162,0.0644171779141104,0.593093093093093,0.990461049284579,0.584992343032159,0.89409984871407,0.109034267912773,0.995348837209302,0.590909090909091,0.573872472783826,0.582938388625592,0.103343465045593,0.0984615384615385,0.108974358974359,0.111975116640746,0.107936507936508,0.105678233438486,0.567353407290016,0.109567901234568,0.58887171561051,0.589490968801314,0.50076103500761,0.422047244094488,0.104294478527607,0.11280487804878,0.898176291793313,0.593093093093093,0.978361669242658,0.102564102564103,0.948275862068966,0.103395061728395,0.106451612903226,0.585557299843014,0.105426356589147,0.103059581320451,0.484126984126984,0.681528662420382,0.114583333333333,0.988888888888889,1,0.101823708206687,0.101880877742947,0.0989180834621329,0.990639625585023,0.89739663093415,0.578386605783866,0.480559875583204,0.581081081081081,0.904545454545455,0.562204724409449,0.99211356466877,0.101538461538462,0.107371794871795,0.595166163141994,0.578783151326053,0.872841444270016,0.567092651757188,0.585106382978723,0.584876543209877,0.112135176651306,0.107644305772231,0.581761006289308,0.106824925816024,0.906976744186046,0.0933125972006221,0.891640866873065,0.114467408585056,0.412746585735964,0.103658536585366,0.596625766871166,0.579527559055118,0.989329268292683,0.423076923076923,0.102803738317757,0.10061919504644,0.30829420970266,0.218649517684887,0.584876543209877,0.586583463338534,0.101246105919003,0.577160493827161,0.858255451713396,0.583465818759936,0.116766467065868,0.9984375,0.104199066874028,0.101721439749609,0.588325652841782,0.4128,0.59047619047619,0.107594936708861,0.0973724884080371,0.588414634146341,0.602465331278891,0.567771084337349,0.257142857142857,0.589783281733746,0.110260336906585,0.961832061068702,0.108895705521472,0.103174603174603,0.404320987654321,0.463678516228748,0.587479935794542,0.9629057187017,0.571207430340557,0.105590062111801,0.0936507936507937,0.602825745682888,0.569422776911076,0.490825688073394,0.106811145510836,0.596969696969697,0.679878048780488,0.59236641221374,0.124423963133641,0.625978090766823,0.90726429675425,0.598774885145482,0.569924812030075,0.582677165354331,0.586477987421384,0.588323353293413,0.127659574468085,0.109546165884194,0.598130841121495,0.548644338118022,0.414442700156986,0.870570107858243,0.413848631239936,0.10062893081761,0.577399380804954,0.905132192846034,0.573208722741433,0.586583463338534,0.722560975609756,0.571875,0.90077519379845,0.569465648854962,0.589257503949447,0.580343213728549,0.580246913580247
"95",1,1,1,1,1,1,0.702265372168285,1,1,0.0915032679738562,1,0.0361635220125786,0.816720257234727,1,0.314285714285714,0.307570977917981,0.0565149136577708,0.690635451505017,1,1,0.28343949044586,0.308186195826645,1,0.152276295133438,1,0.322274881516588,0.314606741573034,1,1,0.785483870967742,0.304212168486739,0.728414442700157,0.963549920760697,0.312399355877617,0,1,0.547077922077922,1,0.299065420560748,1,0.672523961661342,0.685990338164251,0.697637795275591,1,1,0.314606741573034,0.309294871794872,0.302180685358255,0.312401883830455,0.320634920634921,0,1,0.301684532924962,1,1,0.489533011272142,0.5625,1,1,1,0.325581395348837,0.313385826771654,0.31139646869984,0.687702265372168,1,1,0.0332278481012658,1,0.0519877675840979,0.311349693251534,1,0.313880126182965,0.316912972085386,0.959083469721768,0.506269592476489,1,0.308661417322835,0.333855799373041,1,0.315359477124183,0.0755336617405583,0.315789473684211,0.321086261980831,1,0.329133858267717,1,1,1,1,0.690737833594976,1,1,0.00161290322580645,0.0995260663507109,1,0.0375,0,1,0.561576354679803,0.681089743589744,1,0.0456026058631922,0.303030303030303,1,0.313504823151125,1,0.694620253164557,1,0.317034700315457,0.315873015873016,0.316037735849057,1,0.315873015873016,1,0.496865203761755,1,0.307814992025518,0.297507788161994,0.318818040435459,0.314696485623003,0.492868462757528,0.998430141287284,0.319444444444444,0.30718954248366,1,0.3,1,1,0.334405144694534,0.540123456790123,1,0.312698412698413,1,0.0369230769230769,1,0.310344827586207,0.677621283255086,0.320634920634921,0.937799043062201,0.427168576104746,0.0962145110410095,0.0903225806451613,1,1,0.321027287319422,1,0.31104199066874,1,0.811320754716981,1,0.312903225806452,1,1,1,1,0.320450885668277,1,0.316045380875203,0.2574568288854,1,0.302652106084243,1,0.292993630573248,0.0786516853932584,1,0.306451612903226,1,1,1,0.336990595611285,1,0.32520325203252,1,0.301282051282051,1,0.306581059390048,0.0672,1,0.644371941272431,1,1,0.309677419354839,1,1,1,1,0.315789473684211,0.30503144654088,1,0.998417721518987,0.315707620528771,0.3072,1,0.434920634920635,0.67687595712098,0,0.32120253164557,0.670926517571885,1,0.321928460342146,1,0.998456790123457,1,0.303937007874016,0.31201248049922,0.314845024469821,1,1,1,0,1,0.301916932907348,0.9744,0.32137030995106,0.304975922953451,0.749601275917065,1,1,1,1,1,0.037156704361874,0.306451612903226,0.31924882629108,1,0.688291139240506,1,1,0.998407643312102,0.998420221169036,1,1,0.0031496062992126,0.317610062893082,1,0.296052631578947,1,0.298578199052133,1,1,1,1,1,0.321711568938193,1,0.503215434083601,0.312989045383412,0.319182389937107,0.309951060358891,0.320574162679426,0.3216,0.41091492776886,0.328,0.312202852614897,0.304347826086957,1,0.315955766192733,1,0.693146417445483,0.308056872037915,0.311811023622047,0.322222222222222,1,1,1,0.261290322580645,0.29559748427673,1,0.305194805194805,0.315625,0.311290322580645,0.31496062992126,0.688995215311005,1,0.318952234206472,0.306188925081433,1,0.302931596091205,1,0.300314465408805,0.308426073131955,1,1,1,0.538087520259319,1,0.696284329563813,0.0694006309148265,0.315873015873016,1,1,0.0883280757097792,0.315541601255887,0.315705128205128,1,1,0.29093799682035,0.0188679245283019,0.00161550888529887,1,1,0.328593996840442,1,1,0.310509554140127,1,1,0.308681672025723,1,1,1,1,0.312698412698413,0.298299845440495,0.322314049586777,1,1,0.681747269890796,0.308544303797468,1,0.312302839116719,0.29635499207607,1,1,0.998461538461539,1,1,0.31637519872814,1,1,0.0998389694041868,0.332273449920509,0.485668789808917,0.3,0.678456591639871,0.308777429467085,1,0.304975922953451,0.322683706070288,0.248456790123457,0.315132605304212,1,0.322480620155039,1,1,1,0.304487179487179,0.31924882629108,0.998432601880878,0.935855263157895,0.0533117932148627,1,0.304416403785489,0.324237560192616,0.308306709265176,1,0.321259842519685,0.469745222929936,0.313479623824451,0.301127214170692,0.307692307692308,0.305111821086262,1,0.32,1,1,0,1,0.317891373801917,1,1,1,0.325358851674641,1,0.306188925081433,1,0.842105263157895,1,1,1,0.309636650868878,1,1,0.3,0.307210031347962,1,1,0.30564263322884,0.188589540412044,1,0.998405103668262,1,0,0.306962025316456,1,0.305732484076433,0.241987179487179,1,0.688888888888889,0.421875,1,1,0.686821705426357,0.707006369426752,0.3472,1,0.312599681020734,1,1,0.327476038338658,1,0.998387096774194,0.0031496062992126,0.316720257234727,1,1,0.312,1,1,0.302588996763754,0.328,1,1,1,0.525902668759812,0.30503144654088,0.333333333333333,0.309230769230769,0.319620253164557,0.691437802907916,0.312401883830455,0.321144674085851,0.315541601255887,0.238325281803543,0.312903225806452,1,0.317034700315457,0.998384491114701,0.3125,0.0745814307458143,0.0453125,1,1,0.0290322580645161,1,0.684126984126984,0.0373831775700935,0.00322061191626409,1,0.687400318979266,1,1,0.529790660225443,1,0,0.065252854812398,1,1,1,0.314009661835749,0.649769585253456,0.698360655737705,0.992175273865415,1,0.987220447284345,0.292134831460674,0.335443037974684,1,0.289430894308943,1,0.366559485530547,0.10016155088853,0.300632911392405,0.310185185185185,0.325938566552901,1,0.0701754385964912,1,1,1,0.253499222395023,0.322061191626409,1,0.318770226537217,1,1,0.308176100628931,1,0.315870570107858,1,0.309636650868878,0.315789473684211,1,0.6864,0.306153846153846,1,0.301612903225806,0.7664,0.311424100156495,0.158478605388273,0.315467075038285,0.774193548387097,0.305691056910569,1,0.320634920634921,0.33122028526149,0.281200631911532,1,1,1,0.973856209150327,0.340531561461794,1,0.322368421052632,1,0.308580858085809,0.309597523219814,1,1,1,0.92845786963434,1,0.304953560371517,0.311320754716981,1,1,0.0405844155844156,0.0700636942675159,1,1,0.303370786516854,1,1,0.313291139240506,1,1,0.68860353130016,0.537151702786378,1,0,1,1,0.0920245398773006,0.316720257234727,1,0.321086261980831,0.998402555910543,0.966019417475728,0.998407643312102,0.8328125,1,0.320388349514563,1,1,1,0,0.306666666666667,1,1,0.67205169628433,1,0.317307692307692,0.355769230769231,0.31687898089172,1,1,1,0.0828125,0.315789473684211,0.0783034257748776,0.998387096774194,0.304821150855365,0.298412698412698,0.345971563981043,0,1,0.963022508038585,1,1,0.320907617504052,0.296124031007752,0.163097199341021,0.0317460317460317,0.315112540192926,0.306836248012719,0.323943661971831,0.00162074554294976,0.306853582554517,1,0,0.314465408805031,1,1,1,0.313971742543171,0.314728682170543,0.0295566502463054,1,0.3125,0.300632911392405,1,1,0.312101910828025,0.689883913764511,1,1,0.693548387096774,1,0.301261829652997,1,0.306962025316456,0.533646322378717,0.677067082683307,0.393893129770992,1,0.296825396825397,0.312101910828025,0.687203791469194,0.675344563552833,1,0.313880126182965,1,0.319083969465649,1,0.309148264984227,0.297906602254428,0.34991974317817,0.515248796147673,0.320388349514563,0.302588996763754,0.668769716088328,0.305379746835443,0.143780290791599,1,0,1,0.285251215559157,1,0,0.318541996830428,0.304838709677419,1,0.0519877675840979,1,0.0806451612903226,0.333333333333333,1,0.0555555555555556,0.674085850556439,1,1,1,0.300492610837438,0.0315457413249211,1,0.424193548387097,0.0879478827361563,0.348837209302326,0.316455696202532,0.317111459968603,1,1,1,1,1,0.0588235294117647,0.995283018867924,0.6890625,0.00306278713629403,0.312202852614897,1,1,1,1,0.0763116057233704,0.304552590266876,1,1,1,1,1,1,0.4859375,0.00161030595813205,1,0.0751173708920188,0.314194577352472,0.43879173290938,1,0.383386581469649,0.30278232405892,0.307086614173228,1,0.0339256865912763,0.321316614420063,1,1,0.366129032258065,0.305772230889236,0.309294871794872,0.310743801652893,0.998417721518987,0.318840579710145,0.316535433070866,0.406148867313916,0.307324840764331,0.974842767295597,0.314553990610329,0.0695364238410596,0.31974921630094,0,1,0.0858995137763371,0.30016051364366,0.3125,0.310679611650485,1,1,1,1,1,1,0.32741935483871,1,0.314606741573034,0.308219178082192,0.602254428341385,0.683870967741935,1,1,0,0.309148264984227,0.121069182389937,0.998454404945904,0.0315457413249211,1,1,0.314102564102564,1,1,0.618357487922705,0.407224958949097,0.995419847328244,0.0700325732899023,0.088,1,1,1,0.0753205128205128,0,0.31875,0.4144,0.308049535603715,0,0.315533980582524,0.0775577557755776,1,1,0.3171875,0.317683881064163,0.239549839228296,0.320846905537459,0.3046875,0.310126582278481,1,1,0.320846905537459,1,0,1,0.221864951768489,1,0.682464454976303,1,0.311897106109325,0.297385620915033,0.0685805422647528,0.683464566929134,1,1,0.8048,0.891447368421053,0.315533980582524,0.320325203252033,1,0.3125,0.252380952380952,0.312602291325696,1,0.0926216640502355,1,1,0.3152,0.684975767366721,0.302588996763754,1,1,0.300476947535771,0.3,0.313084112149533,0.86547811993517,0.305691056910569,1,0.0487421383647799,1,1,0.701095461658842,0.649837133550489,0.322950819672131,0.0489396411092985,0.317666126418152,1,1,0.303225806451613,0.328548644338118,0.626182965299685,1,0.300314465408805,0.352290679304897,0.30298273155416,0.984202211690363,0.477491961414791,0.00158227848101266,0.292452830188679,0.3140625,0.326797385620915,0.309446254071661,0.309815950920245,0.96875,1,0.306122448979592,0.541734860883797,0.688925081433225,0.2390625,0.6875,1,0.321259842519685,0.00318471337579618,0.318110236220472,0.3024,0.346709470304976,0.314935064935065,0,0.329093799682035,0.313915857605178,0.313001605136437,0.307324840764331
"96",0.0529595015576324,0.0474732006125574,0.0397553516819572,0.0482866043613707,0.0440060698027314,0.0524691358024691,0.334379905808477,0.0481366459627329,0.05,0.9484375,0.043026706231454,1,0.129082426127527,0.0474732006125574,0.641975308641975,0.653435114503817,0.981900452488688,0.356357927786499,0.0479134466769706,0.0455235204855842,0.658536585365854,0.644716692189893,0.0477611940298507,0.898484848484848,0.0509745127436282,0.630862329803328,0.64031007751938,0.0499219968798752,0.0523168908819133,0.161290322580645,0.650602409638554,0.211246200607903,0.0289634146341463,0.640791476407915,0.961832061068702,0.0513643659711075,0.505359877488515,0.0481203007518797,0.661698956780924,0.0495495495495495,0.379785604900459,0.363358778625954,0.355855855855856,0.046583850931677,0.05,0.631415241057543,0.638888888888889,0.646706586826347,0.637614678899083,0.625373134328358,0.957767722473605,0.0467289719626168,0.65052950075643,0.0489296636085627,0.0505359877488515,0.45635528330781,0.49613601236476,0.0455927051671733,0.0467571644042232,0.0509259259259259,0.622727272727273,0.636503067484663,0.639625585023401,0.371165644171779,0.0520504731861199,0.0531914893617021,1,0.0476190476190476,0.985228951255539,0.640416047548291,0.0422960725075529,0.64339908952959,0.619496855345912,0.0778816199376947,0.540785498489426,0.0469897209985316,0.650914634146341,0.619482496194825,0.0492537313432836,0.644549763033175,0.958795562599049,0.627692307692308,0.63677811550152,0.0458015267175573,0.623880597014925,0.0464071856287425,0.048062015503876,0.05,0.0442748091603053,0.351796407185629,0.049079754601227,0.0417910447761194,0.957639939485628,0.950151057401813,0.0375,1,0.956259426847662,0.047112462006079,0.483516483516484,0.366352201257862,0.048062015503876,0.987878787878788,0.652439024390244,0.0497667185069984,0.64,0.0460829493087558,0.358231707317073,0.0491551459293395,0.640672782874618,0.639393939393939,0.637878787878788,0.0516717325227964,0.640672782874618,0.0459418070444104,0.561270801815431,0.0497076023391813,0.638888888888889,0.756060606060606,0.633823529411765,0.642857142857143,0.569044006069803,0.0518292682926829,0.635542168674699,0.630769230769231,0.0421686746987952,0.646879756468798,0.0450581395348837,0.0508982035928144,0.723502304147465,0.518628912071535,0.0455259026687598,0.649230769230769,0.044822256568779,0.998525073746313,0.0412698412698413,0.647147147147147,0.365853658536585,0.627450980392157,0.0182370820668693,0.622848200312989,0.953917050691244,0.952599388379205,0.0526315789473684,0.0473933649289099,0.626524390243902,0.0392749244712991,0.636094674556213,0.0477657935285054,0.136363636363636,0.0520059435364042,0.639937106918239,0.0442073170731707,0.0509259259259259,0.04375,0.0412844036697248,0.62111801242236,0.0537634408602151,0.636505460218409,0.800302571860817,0.0496987951807229,0.649700598802395,0.0478325859491779,0.654377880184332,0.966817496229261,0.0442338072669826,0.641744548286604,0.0520673813169985,0.0486322188449848,0.0537634408602151,0.62125748502994,0.0460829493087558,0.632465543644717,0.0479134466769706,0.642965204236006,0.0509554140127389,0.638888888888889,0.972307692307692,0.0503048780487805,0.411671924290221,0.0497667185069984,0.0471841704718417,0.642414860681115,0.0393939393939394,0.0386996904024768,0.0436746987951807,0.0458715596330275,0.637480798771121,0.642424242424242,0.0490506329113924,0.0442748091603053,0.638680659670165,0.661442006269592,0.0493827160493827,0.596358118361153,0.37592867756315,0.951293759512938,0.640483383685801,0.375951293759513,0.0422960725075529,0.631736526946108,0.046656298600311,0.0486725663716814,0.0468277945619335,0.645454545454546,0.638930163447251,0.632075471698113,0.0490341753343239,0.0441640378548896,0.0419790104947526,0.958074534161491,0.0458015267175573,0.649612403100775,0.0168970814132104,0.642526964560863,0.647239263803681,0.309774436090226,0.0434108527131783,0.0517503805175038,0.0422960725075529,0.0454545454545455,0.0438871473354232,0.998468606431853,0.638230647709321,0.629909365558912,0.0486322188449848,0.364188163884674,0.0494011976047904,0.0551415797317437,0.0460829493087558,0.0468277945619335,0.0444104134762634,0.0474777448071217,0.953383458646617,0.746646795827124,0.0453857791225416,0.6421875,0.0435458786936236,0.655487804878049,0.0421052631578947,0.0447530864197531,0.040785498489426,0.0467289719626168,0.048062015503876,0.631172839506173,0.0495495495495495,0.437403400309119,0.625192012288787,0.633233532934132,0.637071651090343,0.635384615384615,0.626728110599078,0.634069400630915,0.619195046439629,0.634703196347032,0.64750378214826,0.0515151515151515,0.629969418960245,0.0397456279809221,0.348281016442451,0.639016897081413,0.754147812971342,0.62826420890937,0.0503937007874016,0.0393939393939394,0.0474006116207951,0.800933125972006,0.658536585365854,0.0439393939393939,0.639876352395672,0.629685157421289,0.642526964560863,0.641221374045801,0.353302611367127,0.0474006116207951,0.641566265060241,0.642301710730949,0.0488549618320611,0.658307210031348,0.0500758725341426,0.641255605381166,0.64339908952959,0.0482866043613707,0.0482866043613707,0.0487804878048781,0.515432098765432,0.0494590417310665,0.35832083958021,0.966076696165192,0.638167938931298,0.0434131736526946,0.0457317073170732,0.954682779456193,0.639097744360902,0.630602782071097,0.0375586854460094,0.0476923076923077,0.645357686453577,0.983076923076923,0.954898911353033,0.0508474576271186,0.046031746031746,0.628398791540785,0.0476190476190476,0.0491803278688525,0.650986342943854,0.0455927051671733,0.0512048192771084,0.633587786259542,0.046801872074883,0.0474006116207951,0.0526315789473684,0.045662100456621,0.623475609756098,0.647234678624813,0.634920634920635,0.0497737556561086,0.0556414219474498,0.366818873668189,0.641768292682927,0.0499219968798752,0.643072289156627,0.657364341085271,0.0451807228915663,0.0423600605143722,0.0451807228915663,0.0478395061728395,0.0471841704718417,0.629283489096573,0.0517503805175038,0.0540958268933539,0.945652173913043,0.623493975903614,0.569422776911076,0.653786707882535,0.368827160493827,0.634586466165414,0.0402384500745156,0.65144596651446,0.62691131498471,0.795795795795796,0.642857142857143,0.0407523510971787,0.629080118694362,0.0518292682926829,0.0475460122699387,0.048411497730711,0.647779479326187,0.64381520119225,0.0411585365853659,0.029595015576324,0.986175115207373,0.0496894409937888,0.639939485627837,0.636923076923077,0.644305772230889,0.0395569620253165,0.626323751891074,0.580547112462006,0.632776934749621,0.652439024390244,0.641627543035994,0.645412130637636,0.0423600605143722,0.626543209876543,0.0428571428571429,0.0412844036697248,0.955792682926829,0.0527131782945736,0.642414860681115,0.0500758725341426,0.0476900149031297,0.0422535211267606,0.63944530046225,0.0461997019374069,0.644409937888199,0.0526315789473684,0.116666666666667,0.0529500756429652,0.0510046367851623,0.048411497730711,0.642965204236006,0.0431432973805855,0.0451010886469673,0.648567119155354,0.642201834862385,0.0412844036697248,0.0442748091603053,0.650914634146341,0.865963855421687,0.0501567398119122,0.0427480916030534,0.0484848484848485,0.953030303030303,0.639751552795031,0.0423197492163009,0.646969696969697,0.807153965785381,0.0447530864197531,0.358974358974359,0.512048192771084,0.0475460122699387,0.0439393939393939,0.365527488855869,0.344827586206897,0.596923076923077,0.0401854714064915,0.63719512195122,0.0477657935285054,0.043956043956044,0.629573170731707,0.0426179604261796,0.0443425076452599,0.966412213740458,0.631659056316591,0.0509259259259259,0.0469483568075117,0.637770897832817,0.0455235204855842,0.0482115085536547,0.65015479876161,0.715372907153729,0.0465116279069767,0.0455235204855842,0.0431432973805855,0.424012158054711,0.65144596651446,0.649230769230769,0.635820895522388,0.629179331306991,0.354642313546423,0.630467571644042,0.628834355828221,0.64424514200299,0.8125,0.639318885448916,0.0493273542600897,0.633633633633634,0.0500782472613459,0.640909090909091,0.962630792227205,0.995488721804511,0.048048048048048,0.047976011994003,0.998466257668712,0.0403100775193798,0.352592592592593,1,0.966309341500766,0.0465465465465465,0.365030674846626,0.047112462006079,0.0506912442396313,0.516228748068006,0.0453857791225416,0.954407294832827,0.967032967032967,0.0464396284829721,0.0476900149031297,0.0519083969465649,0.632558139534884,0.403508771929825,0.342271293375394,0.0634441087613293,0.0414746543778802,0.0242057488653555,0.656534954407295,0.722222222222222,0.0552147239263804,0.655763239875389,0.0432190760059613,0.581929555895865,0.947449768160742,0.655963302752294,0.648203592814371,0.623376623376623,0.0471976401179941,0.968515742128936,0.0545722713864307,0.0458860759493671,0.0490045941807044,0.796992481203007,0.635384615384615,0.0546021840873635,0.632621951219512,0.0471698113207547,0.0485133020344288,0.653153153153153,0.0449612403100775,0.640532544378698,0.0473282442748092,0.654907975460123,0.63452566096423,0.0471841704718417,0.365030674846626,0.638766519823789,0.0455927051671733,0.64624808575804,0.190332326283988,0.639221556886228,0.900602409638554,0.642750373692078,0.182098765432099,0.649149922720247,0.0579937304075235,0.636500754147813,0.613846153846154,0.670788253477589,0.0520673813169985,0.0425867507886435,0.0445765230312036,0.0124804992199688,0.704225352112676,0.047112462006079,0.632911392405063,0.0471841704718417,0.652312599681021,0.635958395245171,0.0481927710843374,0.046801872074883,0.0433482810164425,0.0336906584992343,0.0445765230312036,0.652173913043478,0.636913767019667,0.0412213740458015,0.0407523510971787,0.990625,0.962558502340094,0.0462962962962963,0.0524691358024691,0.64451313755796,0.0525525525525526,0.050520059435364,0.652905198776758,0.0540540540540541,0.0516717325227964,0.362940275650842,0.512937595129376,0.0383435582822086,0.955817378497791,0.0478395061728395,0.0531107738998483,0.955752212389381,0.636503067484663,0.0462962962962963,0.640243902439024,0.0460122699386503,0.010752688172043,0.0492307692307692,0.126888217522659,0.0471841704718417,0.625592417061611,0.0425531914893617,0.04,0.0387596899224806,0.952451708766716,0.649289099526066,0.0406885758998435,0.0526315789473684,0.364329268292683,0.0518292682926829,0.641221374045801,0.596036585365854,0.636363636363636,0.0442073170731707,0.0468277945619335,0.0497667185069984,0.955089820359281,0.637209302325581,0.9625,0.0416666666666667,0.650914634146341,0.655223880597015,0.603603603603604,0.958397534668721,0.0417310664605873,0.0045045045045045,0.048411497730711,0.0479041916167665,0.632621951219512,0.653673163418291,0.893023255813953,0.998473282442748,0.645801526717557,0.646153846153846,0.623318385650224,0.964230171073095,0.642201834862385,0.0409356725146199,0.951070336391437,0.635276532137519,0.0515151515151515,0.0532915360501567,0.0477657935285054,0.634586466165414,0.641369047619048,0.998432601880878,0.0421052631578947,0.646788990825688,0.651975683890577,0.0453172205438066,0.0538116591928251,0.636363636363636,0.340189873417722,0.044822256568779,0.0490045941807044,0.3390625,0.0494011976047904,0.651197604790419,0.0449612403100775,0.649468892261001,0.520958083832335,0.371428571428571,0.645305514157973,0.0428134556574924,0.657228017883756,0.646969696969697,0.363496932515337,0.378539493293592,0.039453717754173,0.632776934749621,0.043613707165109,0.638109305760709,0.0419254658385093,0.63914373088685,0.640672782874618,0.599085365853659,0.53393665158371,0.645569620253165,0.643730886850153,0.370199692780338,0.632218844984802,0.916403785488959,0.0381679389312977,0.954819277108434,0.0498489425981873,0.663565891472868,0.0501519756838906,0.959938366718028,0.634146341463415,0.640746500777605,0.0499219968798752,0.98813056379822,0.0485584218512898,0.956723338485317,0.621165644171779,0.0474006116207951,0.980273141122914,0.379154078549849,0.0458715596330275,0.0490045941807044,0.046969696969697,0.647244094488189,0.998493975903614,0.0479041916167665,0.521739130434783,0.953917050691244,0.586567164179104,0.637048192771084,0.632683658170915,0.0455927051671733,0.0294573643410853,0.0510046367851623,0.0453857791225416,0.0429447852760736,0.980421686746988,0.0538922155688623,0.354103343465046,0.952592592592593,0.643072289156627,0.0518292682926829,0.0462249614791988,0.0406885758998435,0.0416666666666667,0.962349397590361,0.634472511144131,0.0405405405405405,0.0446153846153846,0.0427892234548336,0.0445468509984639,0.048411497730711,0.0519083969465649,0.560357675111773,0.97045101088647,0.0399385560675883,0.965361445783133,0.64339908952959,0.617511520737327,0.0474006116207951,0.558823529411765,0.6544,0.652631578947368,0.0500758725341426,0.998500749625187,0.644716692189893,0.0406015037593985,0.049079754601227,0.589783281733746,0.640364188163885,0.660060975609756,0.6453125,0.0392156862745098,0.62888198757764,0.637747336377473,0.635239567233385,0.648318042813456,0.00602409638554217,0.651851851851852,0.96583850931677,0.633484162895928,0.957957957957958,0.0511627906976744,0.95625,0.662519440124417,0.640432098765432,0.642967542503864,0.0392749244712991,0.0458015267175573,0.047244094488189,0.050381679389313,0.0454545454545455,0.0489296636085627,0.627511591962906,0.0446153846153846,0.642414860681115,0.643207855973813,0.449319213313162,0.361240310077519,0.0468277945619335,0.0498489425981873,0.955927051671733,0.637037037037037,0.932411674347158,0.0385756676557863,1,0.0430769230769231,0.0434782608695652,0.646129541864139,0.049079754601227,0.0470016207455429,0.438184663536776,0.639553429027113,0.053935860058309,0.962264150943396,0.951588502269289,0.0468277945619335,0.046875,0.0426179604261796,0.964451313755796,0.958715596330275,0.635542168674699,0.533333333333333,0.64381520119225,0.950151057401813,0.627725856697819,0.965732087227414,0.0517503805175038,0.0467289719626168,0.648036253776435,0.632776934749621,0.811836115326252,0.621875,0.64767616191904,0.63595166163142,0.0488549618320611,0.0440729483282675,0.6375,0.0498533724340176,0.959090909090909,0.0415384615384615,0.831804281345566,0.0522273425499232,0.361153262518968,0.0494752623688156,0.644171779141104,0.650546021840874,0.967840735068913,0.36793893129771,0.0442073170731707,0.0412844036697248,0.255742725880551,0.155038759689922,0.640822784810127,0.649068322981366,0.0455235204855842,0.640432098765432,0.794207317073171,0.635367762128325,0.0524737631184408,0.95166163141994,0.0479134466769706,0.0476190476190476,0.634441087613293,0.371875,0.650621118012422,0.0452418096723869,0.0414746543778802,0.640791476407915,0.65052950075643,0.633633633633634,0.200622083981337,0.637480798771121,0.0485584218512898,0.98796992481203,0.0542168674698795,0.0424528301886792,0.341829085457271,0.397534668721109,0.62754303599374,0.989312977099237,0.632558139534884,0.0441400304414003,0.0412044374009509,0.653786707882535,0.633996937212864,0.432973805855162,0.0409711684370258,0.648648648648649,0.669184290030212,0.648567119155354,0.0696296296296296,0.578220858895706,0.958966565349544,0.648484848484848,0.632352941176471,0.636923076923077,0.644757433489828,0.645833333333333,0.06797583081571,0.0500758725341426,0.651515151515151,0.50229709035222,0.362940275650842,0.820395738203957,0.360890302066773,0.0365853658536585,0.634703196347032,0.955927051671733,0.622154779969651,0.640179910044978,0.681681681681682,0.632237871674491,0.960902255639098,0.624233128834356,0.633435582822086,0.637931034482759,0.636785162287481
"97",0,0,0,0,0,0,0.292063492063492,0,0,0.905901116427432,0,0.959564541213064,0.184419713831479,0,0.679365079365079,0.693146417445483,0.940184049079755,0.312703583061889,0,0,0.706436420722135,0.681020733652313,0,0.844961240310077,0,0.672897196261682,0.681672025723473,0,0,0.21259842519685,0.684292379471229,0.27047913446677,0.0337941628264209,0.684952978056426,1,0,0.457496136012365,0,0.701062215477997,0,0.334360554699538,0.3140625,0.308166409861325,0,0,0.677777777777778,0.688271604938272,0.693146417445483,0.681538461538462,0.674418604651163,1,0,0.691472868217054,0,0,0.48811410459588,0.446540880503145,0,0,0,0.665634674922601,0.682098765432099,0.683307332293292,0.334375,0,0,0.966824644549763,0,0.943338437978561,0.680916030534351,0,0.682242990654206,0.672496025437202,0.0318979266347687,0.49618320610687,0,0.686274509803922,0.664615384615385,0,0.677884615384615,0.915064102564103,0.67246835443038,0.675,0,0.657975460122699,0,0,0,0,0.317901234567901,0,0,0.998454404945904,0.899691358024691,0,0.956259426847662,1,0,0.436893203883495,0.327014218009479,0,0.944968553459119,0.683962264150943,0,0.684292379471229,0,0.315870570107858,0,0.68312101910828,0.678125,0.683153013910355,0,0.681047765793529,0,0.513677811550152,0,0.677672955974843,0.711213517665131,0.668188736681887,0.6816,0.524105754276827,0,0.679012345679012,0.684627575277338,0,0.694915254237288,0,0,0.679127725856698,0.451908396946565,0,0.679304897314376,0,0.960960960960961,0,0.680981595092024,0.326219512195122,0.675548589341693,0.0678233438485804,0.576985413290113,0.901253918495298,0.902208201892745,0,0,0.673374613003096,0,0.678353658536585,0,0.189814814814815,0,0.670926517571885,0,0,0,0,0.669329073482428,0,0.682888540031397,0.751926040061633,0,0.688854489164087,0,0.701700154559505,0.916271721958926,0,0.684627575277338,0,0,0,0.662037037037037,0,0.673501577287066,0,0.689547581903276,0,0.681818181818182,0.926153846153846,0,0.368078175895765,0,0,0.680379746835443,0,0,0,0,0.681181959564541,0.685847589424572,0,0,0.678516228748068,0.693418940609952,0,0.562596599690881,0.327769347496206,1,0.677115987460815,0.334890965732087,0,0.67737003058104,0,0,0,0.684129429892142,0.679331306990882,0.671428571428571,0,0,0,1,0,0.690966719492868,0.0233644859813084,0.6784,0.684867394695788,0.264525993883792,0,0,0,0,0,0.957345971563981,0.68075117370892,0.677469135802469,0,0.317411402157165,0,0,0.0015625,0,0,0,0.996908809891808,0.691244239631336,0,0.688888888888889,0,0.68960244648318,0,0,0,0,0,0.670866141732283,0,0.488958990536278,0.671317829457364,0.675425038639876,0.68312101910828,0.672926447574335,0.668231611893584,0.5776,0.66875,0.684952978056426,0.688650306748466,0,0.677570093457944,0,0.314900153609831,0.686335403726708,0.694915254237288,0.669811320754717,0,0,0,0.74294670846395,0.689814814814815,0,0.680314960629921,0.672839506172839,0.684375,0.677811550151976,0.317262830482115,0,0.670788253477589,0.68503937007874,0,0.694805194805195,0,0.689230769230769,0.689655172413793,0,0,0,0.451713395638629,0,0.311912225705329,0.920852359208524,0.678018575851393,0,0,0.90519877675841,0.680491551459293,0.664012738853503,0,0,0.69922480620155,0.981220657276995,0.998412698412698,0,0,0.661042944785276,0,0,0.693721286370597,0,0,0.675548589341693,0,0,0,0,0.667706708268331,0.693251533742331,0.67258064516129,0,0,0.334890965732087,0.680685358255452,0,0.680428134556575,0.702830188679245,0,0,0,0,0,0.671974522292994,0,0,0.894736842105263,0.673252279635258,0.514195583596215,0.688291139240506,0.333333333333333,0.678407350689127,0,0.693270735524257,0.669291338582677,0.747663551401869,0.683720930232558,0,0.664145234493192,0,0,0,0.694227769110764,0.680061823802164,0,0.069620253164557,0.935126582278481,0,0.684129429892142,0.684952978056426,0.684713375796178,0,0.673879443585781,0.534883720930233,0.673913043478261,0.690251572327044,0.68370607028754,0.688783570300158,0,0.671949286846276,0,0,1,0,0.67192429022082,0,0,0,0.67192429022082,0,0.688188976377953,0,0.163076923076923,0,0,0,0.684129429892142,0,0,0.68895800933126,0.684782608695652,0,0,0.685534591194969,0.821752265861027,0,0,0,1,0.689490445859873,0,0.688650306748466,0.7632,0,0.323529411764706,0.559815950920245,0,0,0.324773413897281,0.295886075949367,0.657232704402516,0,0.684375,0,0,0.671850699844479,0,0,0.993788819875776,0.678071539657854,0,0,0.67981072555205,0,0,0.689873417721519,0.662538699690402,0,0,0,0.468652037617555,0.690292758089368,0.65086887835703,0.678247734138973,0.669242658423493,0.314873417721519,0.671253822629969,0.672985781990521,0.682170542635659,0.765990639625585,0.67398119122257,0,0.678516228748068,0,0.685185185185185,0.917541229385307,0.952160493827161,0,0,0.966463414634146,0,0.312883435582822,0.960753532182104,0.990566037735849,0,0.321044546850998,0,0,0.452713178294574,0,1,0.930533117932149,0,0,0,0.678233438485804,0.356390977443609,0.302631578947368,0.00458015267175573,0,0.0108191653786708,0.69435736677116,0.674491392801252,0,0.693037974683544,0,0.627692307692308,0.903481012658228,0.695517774343122,0.679878048780488,0.669394435351882,0,0.922480620155039,0,0,0,0.74922600619195,0.674528301886792,0,0.674491392801252,0,0,0.689922480620155,0,0.68133535660091,0,0.689655172413793,0.68167701863354,0,0.325984251968504,0.685714285714286,0,0.692675159235669,0.230524642289348,0.686838124054463,0.84399375975039,0.680916030534351,0.227987421383648,0.686305732484076,0,0.674846625766871,0.661585365853659,0.712074303405573,0,0,0,0.0255591054313099,0.666666666666667,0,0.671451355661882,0,0.684124386252046,0.68380062305296,0,0,0,0.0764331210191083,0,0.693023255813954,0.683563748079877,0,0,0.955342902711324,0.919303797468354,0,0,0.68503937007874,0,0,0.681181959564541,0,0,0.3203125,0.475113122171946,0,1,0,0,0.903225806451613,0.6734375,0,0.677672955974843,0,0.032967032967033,0,0.171296296296296,0,0.674085850556439,0,0,0,1,0.684729064039409,0,0,0.328149300155521,0,0.685099846390169,0.640746500777605,0.677018633540373,0,0,0,0.914503816793893,0.684542586750789,0.914691943127962,0,0.682027649769585,0.697388632872504,0.643518518518518,1,0,0.0386996904024768,0,0,0.677471636952998,0.696456086286595,0.845070422535211,0.965354330708661,0.678071539657854,0.682316118935837,0.665144596651446,0.998405103668262,0.6875,0,1,0.681470137825421,0,0,0,0.680061823802164,0.674846625766871,0.967793880837359,0,0.687598116169545,0.696734059097978,0,0,0.674311926605505,0.310177705977383,0,0,0.304140127388535,0,0.693251533742331,0,0.684210526315789,0.475,0.333333333333333,0.593655589123867,0,0.700763358778626,0.684782608695652,0.317484662576687,0.336890243902439,0,0.676470588235294,0,0.672256097560976,0,0.683962264150943,0.687797147385103,0.646322378716745,0.476851851851852,0.6864,0.693163751987281,0.338095238095238,0.685185185185185,0.855973813420622,0,1,0,0.70625,0,1,0.676703645007924,0.679549114331723,0,0.94578313253012,0,0.914691943127962,0.655172413793103,0,0.93603744149766,0.329211746522411,0,0,0,0.681159420289855,0.96206373292868,0,0.553968253968254,0.907496012759171,0.643185298621746,0.679626749611198,0.671779141104294,0,0,0,0,0,0.934947049924357,0.00306748466257669,0.309006211180124,0.997014925373134,0.669242658423493,0,0,0,0,0.912908242612753,0.688073394495413,0,0,0,0,0,0,0.52073732718894,0.998405103668262,0,0.921898928024502,0.676609105180534,0.572100313479624,0,0.592709984152139,0.693811074918567,0.690993788819876,0,0.961180124223602,0.68075117370892,0,0,0.62754303599374,0.685099846390169,0.687697160883281,0.678233438485804,0,0.680445151033386,0.680981595092024,0.584786053882726,0.687306501547988,0.0217054263565891,0.684684684684685,0.915470494417863,0.672333848531685,1,0,0.915470494417863,0.695517774343122,0.684458398744113,0.68503937007874,0,0,0,0,0,0,0.670846394984326,0,0.6801872074883,0.681444991789819,0.402157164869029,0.317111459968603,0,0,1,0.690548780487805,0.884615384615385,0,0.965408805031447,0,0,0.67981072555205,0,0,0.367088607594937,0.581847649918963,0.00301204819277108,0.919937205651491,0.901587301587302,0,0,0,0.913249211356467,1,0.682515337423313,0.575471698113208,0.687116564417178,1,0.673667205169628,0.915873015873016,0,0,0.675384615384615,0.684375,0.760188087774295,0.668759811616955,0.686064318529862,0.670295489891135,0,0,0.672552166934189,0,1,0,0.778294573643411,0,0.324200913242009,0,0.695517774343122,0.693910256410256,0.931993817619784,0.326747720364742,0,0,0.205607476635514,0.101941747572816,0.678288431061807,0.677367576243981,0,0.68798751950078,0.745709828393136,0.683441558441558,0,0.90015600624025,0,0,0.683229813664596,0.316639741518578,0.692675159235669,0,0,0.691717791411043,0.693270735524257,0.673192771084337,0.148969889064976,0.687203791469194,0,0.946070878274268,0,0,0.303875968992248,0.348580441640379,0.674679487179487,0.94679186228482,0.674050632911392,0,0,0.697933227344992,0.675039246467818,0.390577507598784,0,0.691588785046729,0.629969418960245,0.691107644305772,0.0153139356814701,0.539432176656151,0.996941896024465,0.690184049079755,0.676737160120846,0.674679487179487,0.685303514376997,0.675757575757576,0.030441400304414,0,0.680555555555556,0.458333333333333,0.323899371069182,0.764890282131661,0.315533980582524,0,0.673913043478261,0.99685534591195,0.671339563862928,0.686821705426357,0.63302752293578,0.677165354330709,1,0.665625,0.68362480127186,0.67515923566879,0.690513219284603
"98",1,1,1,1,1,1,0.713615023474178,1,1,0.0964230171073095,1,0.0484375,0.823161189358372,1,0.302795031055901,0.306729264475743,0.0639625585023401,0.688417618270799,1,1,0.283720930232558,0.306603773584906,1,0.154434250764526,1,0.31832298136646,0.312796208530806,1,1,0.789719626168224,0.304084720121029,0.730354391371341,0.959876543209877,0.31055900621118,0,1,0.542056074766355,1,0.294294294294294,1,0.673946957878315,0.68558282208589,0.703759398496241,1,1,0.309262166405024,0.306729264475743,0.303543913713405,0.316436251920123,0.318042813455657,0,1,0.307098765432099,1,1,0.495238095238095,0.551669316375199,1,1,1,0.326747720364742,0.312989045383412,0.307086614173228,0.683881064162754,1,1,0.0375586854460094,1,0.0590909090909091,0.320121951219512,1,0.310185185185185,0.322169059011164,0.963492063492064,0.509923664122137,1,0.297839506172839,0.33026113671275,1,0.314375987361769,0.086677367576244,0.322834645669291,0.322429906542056,1,0.332298136645963,1,1,1,1,0.70077519379845,1,1,0,0.104454685099846,1,0.047112462006079,0,1,0.55877616747182,0.67981072555205,1,0.0569230769230769,0.303543913713405,1,0.314152410575428,1,0.684698608964451,1,0.310664605873261,0.30757341576507,0.314814814814815,1,0.32370820668693,1,0.475187969924812,1,0.310185185185185,0.290519877675841,0.321804511278195,0.305993690851735,0.474576271186441,0.998477929984779,0.318250377073906,0.310015898251192,1,0.290769230769231,1,1,0.319875776397516,0.544764795144158,1,0.316666666666667,1,0.0421052631578947,1,0.316187594553706,0.682588597842835,0.325617283950617,0.93167701863354,0.424242424242424,0.100463678516229,0.0992248062015504,1,1,0.320373250388802,1,0.306092124814265,1,0.810687022900763,1,0.31496062992126,1,1,1,1,0.3296875,1,0.312989045383412,0.258064516129032,1,0.305555555555556,1,0.289230769230769,0.0846394984326019,1,0.309033280507132,1,1,1,0.332312404287902,1,0.311811023622047,1,0.295489891135303,1,0.314241486068111,0.0750382848392037,1,0.641025641025641,1,1,0.311248073959938,1,1,1,1,0.320987654320988,0.306060606060606,1,0.998461538461539,0.3125,0.3046875,1,0.432766615146832,0.674591381872214,0,0.311349693251534,0.671296296296296,1,0.315548780487805,1,0.998489425981873,1,0.308755760368664,0.306748466257669,0.31687898089172,1,1,1,0,1,0.291798107255521,0.973765432098765,0.318681318681319,0.299382716049383,0.738058551617874,1,1,1,1,1,0.0435458786936236,0.312989045383412,0.309230769230769,1,0.684129429892142,1,1,0.998447204968944,0.998487140695915,1,1,0.00154559505409583,0.305343511450382,1,0.302507836990596,1,0.300613496932515,1,1,1,1,1,0.322480620155039,1,0.511737089201878,0.321981424148607,0.31866464339909,0.300469483568075,0.314641744548287,0.326594090202177,0.406593406593407,0.316436251920123,0.313755795981453,0.311248073959938,1,0.309486780715397,1,0.7,0.30757341576507,0.297583081570997,0.328660436137072,1,1,1,0.255417956656347,0.301538461538462,1,0.308411214953271,0.315233785822021,0.311248073959938,0.314984709480122,0.684615384615385,1,0.317484662576687,0.304897314375987,1,0.294770206022187,1,0.303030303030303,0.3015625,1,1,1,0.536050156739812,1,0.691455696202532,0.0796992481203008,0.311248073959938,1,1,0.0960365853658537,0.310185185185185,0.31974921630094,1,1,0.296352583586626,0.0263565891472868,0.00157232704402516,1,1,0.328808446455505,0.998422712933754,1,0.301857585139319,1,1,0.309119010819165,1,1,1,1,0.316692667706708,0.301223241590214,0.317230273752013,1,1,0.678899082568807,0.315707620528771,1,0.31039755351682,0.297213622291022,1,1,0.998480243161094,1,1,0.312893081761006,1,1,0.108108108108108,0.327718223583461,0.4890625,0.303317535545024,0.677115987460815,0.310185185185185,1,0.30298273155416,0.328125,0.255417956656347,0.314199395770393,1,0.316890881913303,1,1,1,0.309006211180124,0.313636363636364,0.998463901689708,0.926517571884984,0.0625,1,0.304747320061256,0.321316614420063,0.302034428794992,1,0.317557251908397,0.462132921174652,0.319444444444444,0.304212168486739,0.307570977917981,0.304212168486739,1,0.318681318681319,1,1,0,1,0.317757009345794,1,1,1,0.319685039370079,1,0.307814992025518,1,0.842592592592593,1,1,1,0.30757341576507,1,1,0.301538461538462,0.305555555555556,1,1,0.306625577812018,0.179723502304147,1,0.998466257668712,1,0,0.307453416149068,1,0.303738317757009,0.235384615384615,1,0.684129429892142,0.425757575757576,1,1,0.682422451994092,0.702160493827161,0.339035769828927,1,0.321538461538462,1,1,0.321981424148607,1,0.998427672955975,0.00603318250377074,0.316535433070866,1,1,0.320695102685624,1,1,0.307086614173228,0.325190839694657,1,1,1,0.534883720930233,0.304482225656878,0.341732283464567,0.311844077961019,0.329230769230769,0.69435736677116,0.317557251908397,0.316666666666667,0.307692307692308,0.235478806907378,0.311688311688312,1,0.315789473684211,0.998417721518987,0.312111801242236,0.0794602698650675,0.0518292682926829,1,1,0.0413476263399694,1,0.694063926940639,0.0450310559006211,0.00943396226415094,1,0.689024390243902,1,1,0.542586750788643,1,0,0.0763116057233704,1,1,1,0.31201248049922,0.646449704142012,0.698083067092652,0.993874425727412,1,0.986089644513138,0.297213622291022,0.327586206896552,1,0.295238095238095,1,0.368827160493827,0.102362204724409,0.301391035548686,0.310708898944193,0.330564784053156,1,0.0785498489425982,1,1,1,0.258461538461538,0.3152,1,0.309486780715397,1,1,0.303215926493109,1,0.315868263473054,1,0.300613496932515,0.311728395061728,1,0.684375,0.310240963855422,1,0.30829420970266,0.769113149847095,0.307692307692308,0.155624036979969,0.313056379821958,0.7765625,0.297971918876755,1,0.309486780715397,0.332298136645963,0.289230769230769,1,1,1,0.969745222929936,0.331730769230769,1,0.328050713153724,1,0.310789049919485,0.311844077961019,1,1,1,0.922137404580153,1,0.299847792998478,0.317411402157165,1,1,0.0495207667731629,0.0754716981132075,1,1,0.309148264984227,1,1,0.309119010819165,1,1,0.688650306748466,0.526555386949924,1,0,1,1,0.0966767371601208,0.317901234567901,1,0.313271604938272,0.998452012383901,0.966824644549763,0.998430141287284,0.825227963525836,1,0.323763955342903,1,1,1,0,0.307073954983923,1,1,0.668730650154799,1,0.304347826086957,0.361538461538462,0.307098765432099,1,1,1,0.0914634146341463,0.31496062992126,0.087719298245614,0.998432601880878,0.310606060606061,0.305936073059361,0.350769230769231,0,1,0.956318252730109,1,1,0.310185185185185,0.296686746987952,0.162460567823344,0.0408163265306122,0.308176100628931,0.31104199066874,0.319148936170213,0,0.306625577812018,1,0,0.314674735249622,1,1,1,0.30781010719755,0.312312312312312,0.0350877192982456,1,0.309375,0.303680981595092,1,1,0.314814814814815,0.692431561996779,1,1,0.693522906793049,1,0.303030303030303,1,0.307931570762053,0.522796352583587,0.671232876712329,0.400297619047619,1,0.291540785498489,0.310077519379845,0.690184049079755,0.670731707317073,1,0.310291858678955,1,0.321266968325792,1,0.311627906976744,0.307210031347962,0.351851851851852,0.516871165644172,0.306349206349206,0.295886075949367,0.675384615384615,0.311728395061728,0.144694533762058,1,0,1,0.286384976525822,1,0,0.31441717791411,0.3140625,1,0.0582959641255605,1,0.0879120879120879,0.33122028526149,1,0.0641221374045802,0.6703125,1,1,1,0.312,0.0392749244712991,1,0.427469135802469,0.0916271721958926,0.356707317073171,0.310291858678955,0.31866464339909,1,1,1,1,1,0.0647590361445783,0.996960486322188,0.696594427244582,0.00147492625368732,0.310077519379845,1,1,1,1,0.0824261275272162,0.312594840667678,1,1,1,1,1,1,0.48103186646434,0,1,0.081039755351682,0.312781954887218,0.42967542503864,1,0.39622641509434,0.305466237942122,0.305555555555556,1,0.0426179604261796,0.311349693251534,1,1,0.369085173501577,0.303543913713405,0.302611367127496,0.308544303797468,0.998477929984779,0.323899371069182,0.30640243902439,0.411023622047244,0.309636650868878,0.972307692307692,0.308383233532934,0.0796178343949045,0.32262996941896,0,1,0.0880503144654088,0.301412872841444,0.309597523219814,0.309148264984227,1,1,1,1,1,1,0.333333333333333,1,0.304953560371517,0.30550918196995,0.597560975609756,0.679186228482003,1,1,0,0.310240963855422,0.115085536547434,0.998491704374057,0.0359937402190923,1,1,0.310832025117739,1,1,0.610410094637224,0.406050955414013,0.997067448680352,0.0800627943485086,0.0960629921259843,1,1,1,0.0840978593272171,0,0.308868501529052,0.424100156494523,0.306525037936267,0,0.315457413249211,0.0850393700787402,1,1,0.3125,0.314024390243902,0.234567901234568,0.325878594249201,0.298937784522003,0.311248073959938,1,1,0.323854660347551,1,0,1,0.220472440944882,1,0.678461538461538,1,0.304821150855365,0.296825396825397,0.0765696784073507,0.68215892053973,1,1,0.787267080745342,0.889952153110048,0.308661417322835,0.31201248049922,1,0.3125,0.247295208655332,0.314785373608903,1,0.0987654320987654,1,1,0.309375,0.689984101748808,0.310452418096724,1,1,0.298325722983257,0.302034428794992,0.311649016641452,0.860681114551084,0.30188679245283,1,0.0541795665634675,1,1,0.70015455950541,0.649612403100775,0.311004784688995,0.0544323483670296,0.324031007751938,1,1,0.297339593114241,0.321875,0.614791987673344,1,0.30781010719755,0.361280487804878,0.302431610942249,0.984732824427481,0.476415094339623,0.00305810397553517,0.302611367127496,0.316341829085457,0.328025477707006,0.303514376996805,0.310606060606061,0.971080669710807,1,0.311627906976744,0.5472,0.692429022082019,0.23780487804878,0.692429022082019,1,0.312788906009245,0.0015552099533437,0.318042813455657,0.308282208588957,0.352307692307692,0.312893081761006,0,0.328220858895706,0.315873015873016,0.309636650868878,0.307219662058372
"99",0.584307178631052,0.555194805194805,0.568910256410256,0.547231270358306,0.569354838709677,0.568144499178982,0.875415282392027,0.553571428571429,0.556270096463023,0.560200668896321,0.5718901453958,0.487012987012987,0.35632183908046,0.55448717948718,0.126853377265239,0.130225080385852,0.512116316639742,0.881188118811881,0.570502431118314,0.575079872204473,0.13474025974026,0.126229508196721,0.564387917329094,0.604761904761905,0.571428571428571,0.11470113085622,0.123152709359606,0.548922056384743,0.581903276131045,0.353225806451613,0.137096774193548,0.292993630573248,0.5104,0.124595469255663,0.446078431372549,0.569468267581475,0.987034035656402,0.552380952380952,0.120556414219474,0.571879936808847,0.897727272727273,0.882636655948553,0.878164556962025,0.551724137931034,0.554828150572831,0.121163166397415,0.119935170178282,0.12202852614897,0.127214170692432,0.111290322580645,0.4336,0.556280587275693,0.124605678233438,0.566775244299674,0.560509554140127,0.0931372549019608,0.981636060100167,0.558484349258649,0.57667731629393,0.551554828150573,0.116504854368932,0.120578778135048,0.129508196721311,0.888529886914378,0.573070607553366,0.571197411003236,0.471358428805237,0.555374592833876,0.504672897196262,0.120826709062003,0.554848966613672,0.116693679092382,0.115577889447236,0.6,0.974481658692185,0.569620253164557,0.124213836477987,0.107936507936508,0.553968253968254,0.12751677852349,0.533661740558292,0.120915032679739,0.129449838187702,0.558359621451104,0.1088,0.554858934169279,0.559677419354839,0.551612903225806,0.551282051282051,0.875598086124402,0.569331158238173,0.561240310077519,0.440650406504065,0.541996830427892,0.561576354679803,0.483516483516484,0.436893203883495,0.55877616747182,1,0.888535031847134,0.572593800978793,0.512738853503185,0.128617363344051,0.558872305140962,0.121163166397415,0.558292282430213,0.886217948717949,0.561904761904762,0.110749185667752,0.12540192926045,0.128038897893031,0.559485530546624,0.119426751592357,0.559870550161812,0.928684627575277,0.573872472783826,0.122950819672131,0.746815286624204,0.113029827315542,0.116129032258065,0.925039872408293,0.56682769726248,0.120689655172414,0.121911037891269,0.55784469096672,0.128824476650564,0.571653543307087,0.570754716981132,0.763843648208469,0.368992248062016,0.55794701986755,0.124797406807131,0.57001647446458,0.484276729559748,0.567164179104478,0.110410094637224,0.885220125786163,0.121794871794872,0.491961414790997,0.243654822335025,0.558966074313409,0.527597402597403,0.559677419354839,0.556105610561056,0.126418152350081,0.566718995290424,0.117647058823529,0.570261437908497,0.368589743589744,0.563579277864992,0.116883116883117,0.578274760383387,0.568181818181818,0.567524115755627,0.561174551386623,0.111292962356792,0.568690095846645,0.113636363636364,0.688709677419355,0.559618441971383,0.125596184419714,0.567651632970451,0.129032258064516,0.53484602917342,0.563426688632619,0.117073170731707,0.568503937007874,0.568720379146919,0.557692307692308,0.122611464968153,0.568881685575365,0.114192495921697,0.565008025682183,0.114516129032258,0.569306930693069,0.119086460032626,0.536741214057508,0.577170418006431,0.924623115577889,0.5810147299509,0.564593301435407,0.117549668874172,0.573529411764706,0.560064935064935,0.564593301435407,0.572123176661264,0.119547657512116,0.117174959871589,0.552287581699346,0.567524115755627,0.123809523809524,0.127450980392157,0.557692307692308,0.906497622820919,0.900153609831029,0.431855500821018,0.1232,0.883306320907618,0.562009419152276,0.115873015873016,0.570261437908497,0.569620253164557,0.561996779388084,0.132075471698113,0.137658227848101,0.118043844856661,0.5546875,0.572847682119205,0.565149136577708,0.446254071661238,0.566775244299674,0.124394184168013,0.535598705501618,0.109120521172638,0.117834394904459,0.676328502415459,0.551088777219431,0.561996779388084,0.557692307692308,0.579454253611557,0.568627450980392,0.488562091503268,0.12379421221865,0.130081300813008,0.564102564102564,0.893650793650794,0.554160125588697,0.565149136577708,0.55877616747182,0.563091482649842,0.582113821138211,0.552262090483619,0.424679487179487,0.771875,0.572784810126582,0.12621359223301,0.569131832797428,0.118589743589744,0.564945226917058,0.557755775577558,0.557536466774716,0.542949756888169,0.570491803278689,0.113782051282051,0.565079365079365,0.0801963993453355,0.120443740095087,0.123376623376623,0.114942528735632,0.127625201938611,0.134426229508197,0.235392320534224,0.119162640901771,0.1104,0.12,0.569400630914827,0.119354838709677,0.562913907284768,0.8801261829653,0.1264,0.75516693163752,0.12012987012987,0.557911908646003,0.554649265905383,0.558966074313409,0.71264367816092,0.126602564102564,0.556259904912837,0.119741100323625,0.127186009538951,0.107544141252006,0.120826709062003,0.877650897226754,0.556650246305419,0.120879120879121,0.124386252045827,0.554471544715447,0.115511551155116,0.560126582278481,0.122611464968153,0.133545310015898,0.573770491803279,0.558677685950413,0.579804560260586,0.983739837398374,0.570491803278689,0.873581847649919,0.537735849056604,0.111470113085622,0.563091482649842,0.556280587275693,0.541062801932367,0.125996810207337,0.108196721311475,0.555183946488294,0.548701298701299,0.1328,0.461912479740681,0.437086092715232,0.574225122349103,0.560530679933665,0.110584518167457,0.566775244299674,0.576138147566719,0.131045241809672,0.567092651757188,0.578947368421053,0.12199036918138,0.564019448946515,0.566558441558442,0.569354838709677,0.562197092084006,0.120967741935484,0.133228840125392,0.119601328903654,0.568181818181818,0.560457516339869,0.880763116057234,0.11038961038961,0.558139534883721,0.113564668769716,0.135265700483092,0.568253968253968,0.555555555555556,0.580385852090032,0.550724637681159,0.564668769716088,0.119741100323625,0.568852459016393,0.579378068739771,0.554455445544555,0.108452950558214,0.289430894308943,0.126644736842105,0.869918699186992,0.12755905511811,0.564945226917058,0.119547657512116,0.115384615384615,0.713831478537361,0.113782051282051,0.566993464052288,0.122065727699531,0.562197092084006,0.572815533980582,0.568471337579618,0.111292962356792,0.128367670364501,0.570063694267516,0.478991596638655,0.511627906976744,0.576354679802956,0.121794871794872,0.11869918699187,0.114617940199336,0.552631578947368,0.128775834658188,0.922222222222222,0.123993558776167,0.116316639741519,0.112929623567921,0.118892508143322,0.5648,0.123152709359606,0.566445182724252,0.5504,0.452648475120385,0.569558101472995,0.115072933549433,0.569858712715856,0.567610062893082,0.554817275747508,0.11869918699187,0.566246056782334,0.12379421221865,0.562305295950156,0.383012820512821,0.570048309178744,0.561688311688312,0.55784469096672,0.129337539432177,0.555374592833876,0.558064516129032,0.12379421221865,0.13452188006483,0.558966074313409,0.5718901453958,0.124006359300477,0.64576802507837,0.563934426229508,0.553968253968254,0.544,0.429699842022117,0.119205298013245,0.566386554621849,0.132471728594507,0.709470304975923,0.566129032258065,0.880191693290735,0.0550314465408805,0.563333333333333,0.558441558441558,0.88785046728972,0.85,0.107371794871795,0.558441558441558,0.122186495176849,0.559870550161812,0.557404326123128,0.11869918699187,0.573248407643312,0.56514657980456,0.445512820512821,0.117073170731707,0.564437194127243,0.551155115511551,0.127035830618893,0.573051948051948,0.570247933884298,0.113636363636364,0.788888888888889,0.561576354679803,0.555031446540881,0.54983922829582,0.0817307692307692,0.125,0.152209492635025,0.121451104100946,0.123595505617978,0.885668276972625,0.111642743221691,0.109854604200323,0.121259842519685,0.712698412698413,0.11900826446281,0.568037974683544,0.123222748815166,0.553772070626003,0.120443740095087,0.531545741324921,0.487220447284345,0.567353407290016,0.573268921095008,0.4768,0.574918566775244,0.872037914691943,0.49185667752443,0.437908496732026,0.559429477020602,0.886762360446571,0.569354838709677,0.573692551505547,0.367213114754098,0.5648,0.435562805872757,0.533996683250415,0.562398703403566,0.561128526645768,0.582381729200653,0.116086235489221,0.906441717791411,0.871621621621622,0.566455696202532,0.555374592833876,0.533011272141707,0.122549019607843,0.798013245033113,0.569131832797428,0.124394184168013,0.579365079365079,0.0859872611464968,0.557565789473684,0.118780096308186,0.118858954041204,0.108247422680412,0.57097288676236,0.524486571879937,0.559748427672956,0.562604340567613,0.562700964630225,0.717703349282297,0.11219512195122,0.57641196013289,0.123355263157895,0.566164154103853,0.559405940594059,0.118022328548644,0.556280587275693,0.12326656394453,0.550888529886914,0.116693679092382,0.126229508196721,0.565079365079365,0.880131362889984,0.129746835443038,0.563607085346216,0.11437908496732,0.344497607655502,0.1312,0.617693522906793,0.121495327102804,0.315960912052117,0.127062706270627,0.569078947368421,0.122383252818035,0.112519809825674,0.132911392405063,0.578696343402226,0.567921440261866,0.563579277864992,0.524207011686144,0.799003322259136,0.56260162601626,0.102479338842975,0.564387917329094,0.129194630872483,0.121835443037975,0.5616,0.570951585976628,0.554330708661417,0.486042692939245,0.558730158730159,0.12597200622084,0.121794871794872,0.549050632911392,0.556836902800659,0.496710526315789,0.536065573770492,0.566129032258065,0.558292282430213,0.126009693053312,0.572567783094099,0.57007874015748,0.122977346278317,0.565943238731219,0.578616352201258,0.871335504885994,0.984301412872841,0.563311688311688,0.434579439252336,0.571428571428571,0.56120826709062,0.537480063795853,0.127831715210356,0.562189054726368,0.116987179487179,0.56260162601626,0.536824877250409,0.576489533011272,0.396551724137931,0.5632,0.116013071895425,0.555023923444976,0.557911908646003,0.553719008264463,0.431528662420382,0.127731092436975,0.548387096774194,0.565705128205128,0.886217948717949,0.5648,0.122611464968153,0.0849358974358974,0.119935170178282,0.555379746835443,0.551282051282051,0.553745928338762,0.543443917851501,0.128246753246753,0.553119730185497,0.541598694942904,0.125396825396825,0.122834645669291,0.0984126984126984,0.449511400651466,0.561093247588424,0.520259319286872,0.5616,0.569131832797428,0.110927152317881,0.120879120879121,0.624390243902439,0.495081967213115,0.126418152350081,0.120967741935484,0.125996810207337,0.435139573070608,0.112179487179487,0.549606299212598,0.438003220611916,0.120192307692308,0.55,0.55718954248366,0.561488673139159,0.120826709062003,0.128980891719745,0.494214876033058,0.5504,0.131795716639209,0.124600638977636,0.573717948717949,0.5664,0.123397435897436,0.868113522537563,0.567213114754098,0.576736672051696,0.893790849673203,0.5625,0.132911392405063,0.583881578947368,0.121951219512195,0.977952755905512,0.890822784810127,0.232704402515723,0.559157212317666,0.122641509433962,0.112540192926045,0.874801901743265,0.889423076923077,0.554098360655738,0.1152,0.569558101472995,0.120634920634921,0.559870550161812,0.124193548387097,0.112769485903814,0.0884244372990354,0.358851674641148,0.115702479338843,0.124595469255663,0.894480519480519,0.12,0.605610561056106,0.566993464052288,0.445337620578778,0.5568,0.121163166397415,0.563607085346216,0.437699680511182,0.130081300813008,0.123152709359606,0.57166392092257,0.50077519379845,0.548956661316212,0.542622950819672,0.0996732026143791,0.536065573770492,0.515007898894155,0.89047619047619,0.554294975688817,0.5632,0.567353407290016,0.123745819397993,0.493670886075949,0.572107765451664,0.072463768115942,0.536585365853659,0.089622641509434,0.1184,0.12199036918138,0.569805194805195,0.540584415584416,0.572357723577236,0.558213716108453,0.56984126984127,0.510971786833856,0.582298136645963,0.878594249201278,0.44945567651633,0.122383252818035,0.562091503267974,0.573051948051948,0.559210526315789,0.559055118110236,0.51869918699187,0.125786163522013,0.547619047619048,0.544715447154472,0.548172757475083,0.567921440261866,0.563106796116505,0.565217391304348,0.936608557844691,0.445350734094617,0.563311688311688,0.522834645669291,0.121753246753247,0.894991922455573,0.569182389937107,0.108196721311475,0.12248322147651,0.119547657512116,0.57484076433121,0.487844408427877,0.12280701754386,0.558966074313409,0.574638844301766,0.0918032786885246,0.111821086261981,0.106687898089172,0.126262626262626,0.554313099041534,0.126229508196721,0.1248,0.237179487179487,0.123778501628664,0.534290271132376,0.1198738170347,0.545008183306056,0.119086460032626,0.441082802547771,0.578525641025641,0.521739130434783,0.119476268412439,0.127214170692432,0.113821138211382,0.559561128526646,0.549763033175355,0.55794701986755,0.566068515497553,0.569078947368421,0.566284779050736,0.110929853181077,0.572784810126582,0.117263843648208,0.117147707979626,0.407467532467532,0.878246753246753,0.567140600315956,0.558730158730159,0.4464,0.116427432216906,0.570967741935484,0.554313099041534,0.4752,0.558252427184466,0.570480928689884,0.114147909967846,0.567656765676568,0.560810810810811,0.460526315789474,0.213689482470785,0.56043956043956,0.527687296416938,0.552287581699346,0.56140350877193,0.554119547657512,0.561797752808989,0.538461538461538,0.439935064935065,0.121405750798722,0.0658105939004815,0.121835443037975,0.454258675078864,0.119402985074627,0.539473684210526,0.576797385620915,0.57,0.121405750798722,0.119935170178282,0.710823909531502,0.110569105691057,0.12280701754386,0.118210862619808,0.560655737704918,0.557877813504823,0.121753246753247,0.559505409582689,0.443017656500803,0.545901639344262,0.660130718954248,0.574013157894737,0.8921875,0.5648,0.119354838709677,0.131147540983607,0.531300160513644,0.879936808846761,0.555016181229773,0.55810147299509,0.780844155844156,0.591973244147157,0.1248,0.122349102773246,0.5728,0.107142857142857,0.711538461538462,0.12214983713355,0.561815336463224,0.539325842696629,0.565008025682183,0.55718954248366,0.115755627009646,0.873146622734761,0.12106135986733,0.569306930693069,0.564308681672026,0.127214170692432,0.1152,0.118670886075949,0.551894563426689,0.11437908496732,0.559618441971383,0.499215070643642,0.550561797752809,0.56507413509061,0.882165605095541,0.928571428571429,0.113861386138614,0.50487012987013,0.123376623376623,0.562903225806452,0.543513957307061,0.117073170731707,0.113268608414239,0.89171974522293,0.558823529411765,0.124006359300477,0.232,0.12258064516129,0.588328075709779,0.932896890343699,0.439418416801292,0.126782884310618,0.112877583465819,0.112582781456954,0.13109243697479,0.121259842519685,0.600644122383253,0.57487922705314,0.128571428571429,0.996649916247906,0.883495145631068,0.6957928802589,0.877076411960133,0.554276315789474,0.112359550561798,0.441747572815534,0.117073170731707,0.118210862619808,0.251192368839428,0.106732348111658,0.438679245283019,0.114192495921697,0.125816993464052,0.110749185667752,0.12540192926045
"100",0.694668820678514,0.676236044657097,0.679365079365079,0.66347687400319,0.678125,0.686305732484076,0.990243902439024,0.668284789644013,0.673501577287066,0.432739059967585,0.671949286846276,0.364353312302839,0.476499189627229,0.668261562998405,0,0,0.382306477093207,1,0.669934640522876,0.684294871794872,0,0,0.675548589341693,0.5,0.675968992248062,0,0,0.656198347107438,0.689274447949527,0.469354838709677,0,0.401244167962675,0.636645962732919,0.00156985871271586,0.339116719242902,0.684474123539232,0.87220447284345,0.669796557120501,0,0.690513219284603,0.998420221169036,1,1,0.6672,0.680194805194805,0,0.00319488817891374,0,0,0,0.309375,0.668284789644013,0,0.665079365079365,0.680314960629921,0.179902755267423,0.88301282051282,0.676282051282051,0.675548589341693,0.677215189873418,0.0078003120124805,0,0,0.995145631067961,0.670491803278689,0.676470588235294,0.34789644012945,0.666139240506329,0.393846153846154,0,0.675548589341693,0,0,0.721498371335505,0.847113884555382,0.679506933744222,0,0.0031104199066874,0.673534072900158,0,0.404220779220779,0,0,0.672360248447205,0,0.673879443585781,0.683788121990369,0.665064102564103,0.67244094488189,1,0.67699836867863,0.668721109399075,0.318471337579618,0.418897637795276,0.681089743589744,0.366352201257862,0.327014218009479,0.67981072555205,0.888535031847134,1,0.676236044657097,0.381410256410256,0,0.679276315789474,0,0.683042789223455,1,0.674641148325359,0,0,0,0.681388012618297,0.00158227848101266,0.671949286846276,0.807453416149068,0.686153846153846,0,0.6328125,0,0,0.809448818897638,0.680445151033386,0,0,0.661490683229814,0,0.67420814479638,0.684782608695652,0.639423076923077,0.244929797191888,0.680064308681672,0,0.674565560821485,0.366153846153846,0.668810289389068,0,0.998417721518987,0,0.628526645768025,0.112211221122112,0.421553090332805,0.400316455696203,0.674050632911392,0.667731629392971,0,0.678683385579937,0,0.68860353130016,0.488993710691824,0.667706708268331,0,0.68370607028754,0.6784,0.664536741214057,0.663461538461538,0,0.686305732484076,0,0.581504702194357,0.667197452229299,0,0.673405909797823,0,0.403785488958991,0.682410423452769,0,0.675675675675676,0.689102564102564,0.667731629392971,0.0122511485451761,0.6765625,0,0.673566878980892,0,0.670967741935484,0,0.408805031446541,0.692429022082019,0.965909090909091,0.695299837925446,0.681458003169572,0,0.688,0.669291338582677,0.683544303797468,0.661881977671451,0,0,0.678048780487805,0.663507109004739,0,0,0.677215189873418,0.772585669781931,0.980122324159021,0.312202852614897,0,0.998417721518987,0.682316118935837,0,0.680194805194805,0.684292379471229,0.678288431061807,0.0015625,0,0,0.673716012084592,0.685393258426966,0.683962264150943,0.331179321486268,0.689381933438986,0,0.659163987138264,0,0,0.552590266875981,0.673139158576052,0.678125,0.661341853035144,0.692063492063492,0.680645161290323,0.358642972536349,0,0,0.683385579937304,0.996894409937888,0.665625,0.675548589341693,0.673633440514469,0.691338582677165,0.690095846645367,0.678018575851393,0.306477093206951,0.649691358024691,0.691107644305772,0,0.671521035598705,0,0.680555555555556,0.682258064516129,0.682034976152623,0.664495114006515,0.681818181818182,0,0.666666666666667,0.193236714975845,0,0,0.00162866449511401,0,0,0.104,0,0,0,0.676425269645609,0,0.67816091954023,1,0,0.6265625,0,0.671974522292994,0.67258064516129,0.68,0.587025316455696,0,0.667185069984448,0,0,0,0,1,0.680577849117175,0,0,0.667194928684628,0,0.668224299065421,0,0,0.687296416938111,0.66884176182708,0.693877551020408,0.862179487179487,0.670926517571885,1,0.407751937984496,0,0.67246835443038,0.671451355661882,0.428571428571429,0,0,0.6645056726094,0.666129032258065,0,0.352664576802508,0.301639344262295,0.68189233278956,0.681372549019608,0.00462249614791988,0.674121405750799,0.689497716894977,0,0.679873217115689,0.688394276629571,0,0.693910256410256,0.675675675675676,0.679304897314376,0.677265500794913,0,0,0,0.686305732484076,0.662939297124601,0.995290423861852,0.00645161290322581,0.669887278582931,0,0,0.690402476780186,0.670886075949367,0.686915887850467,0.678913738019169,0.685358255451713,0,0.688816855753647,0.690363349131122,0.432739059967585,0,0.167202572347267,0,1,0,0.676380368098159,0,0,0.58528951486698,0,0.671974522292994,0,0.682965299684543,0.692431561996779,0.684627575277338,0,0,0.676056338028169,0.604269293924466,0.397106109324759,0.698541329011345,0,0,0,0.666666666666667,0,0.799058084772371,0,0,0,0,0.667180277349769,0,0.682487725040916,0.661392405063291,0.328571428571429,0.687096774193548,0,0.672985781990521,0.674922600619195,0.679214402618658,0,0.683001531393568,0,0.675344563552833,0.5141065830721,0.671383647798742,0.671497584541063,0.689547581903276,0,0.675282714054927,0.687301587301587,0,0,0.6734375,0.67879746835443,0,0.533333333333333,0.682119205298013,0.666666666666667,0.659409020217729,0.322834645669291,0,0.702127659574468,0,0.601926163723916,0.685303514376997,1,0.122257053291536,0.681020733652313,0.674121405750799,1,0.965785381026439,0.0161030595813204,0.6816,0,0.680064308681672,0.675895765472313,0,0.670295489891135,0.676703645007924,0.3296,0,0.675718849840256,0.670926517571885,0,0.684044233807267,0.692058346839546,0,0.672955974842767,0.686119873817035,0.67817896389325,0.657643312101911,0.196513470681458,0,0.0162074554294976,0,0,0.998407643312102,0,0.00474683544303797,0,0.5824,0,0.686427457098284,0.00462962962962963,0.666666666666667,0.00155763239875389,0.394495412844037,0.374414976599064,0.677165354330709,0.683385579937304,0.3625,0.677993527508091,1,0.373608903020668,0.321486268174475,0.672413793103448,0.998435054773083,0.687301587301587,0.688995215311005,0.231012658227848,0.671899529042386,0.318681318681319,0.407108239095315,0.668810289389068,0.68380062305296,0.690851735015773,0,0.974320241691843,1,0.683042789223455,0.664556962025316,0.658423493044822,0,0.678288431061807,0.673946957878315,0,0.688783570300158,0.0605095541401274,0.426731078904992,0,0,0.0050761421319797,0.673469387755102,0.400943396226415,0.67192429022082,0.682410423452769,0.682692307692308,0.5875,0,0.684126984126984,0,0.669934640522876,0.678104575163399,0,0.677471636952998,0,0.67304625199362,0,0,0.674085850556439,1,0,0.678740157480315,0,0.429699842022117,0,0.505494505494505,0,0.441640378548896,0,0.673139158576052,0,0,0,0.684627575277338,0.675850891410049,0.675925925925926,0.648026315789474,0.682274247491639,0.69047619047619,0,0.666666666666667,0,0,0.6734375,0.679092382495948,0.68167701863354,0.613057324840764,0.672897196261682,0,0,0.671406003159558,0.674193548387097,0.367149758454106,0.414125200642055,0.679425837320574,0.680129240710824,0,0.695583596214511,0.672926447574335,0.00321543408360129,0.687603305785124,0.688291139240506,1,0.868217054263566,0.674603174603175,0.32572298325723,0.685624012638231,0.673501577287066,0.408450704225352,0.00318979266347687,0.679153094462541,0,0.67879746835443,0.652866242038217,0.6784,0.522292993630573,0.682108626198083,0,0.67601246105919,0.6677471636953,0.663987138263666,0.321259842519685,0,0.6645056726094,0.681047765793529,1,0.667706708268331,0,0.0461783439490446,0,0.685847589424572,0.675,0.678343949044586,0.415360501567398,0,0.408866995073892,0.659777424483307,0,0,0.0347551342812006,0.337060702875399,0.66347687400319,0.638668779714738,0.675632911392405,0.67906976744186,0,0,0.493610223642172,0.3744,0,0,0,0.315619967793881,0,0.664098613251156,0.322115384615385,0,0.671361502347418,0.671474358974359,0.672552166934189,0,0,0.361525704809287,0.675548589341693,0,0,0.678683385579937,0.686708860759494,0,1,0.683006535947712,0.684466019417476,0.993680884676145,0.679127725856698,0,0.686998394863563,0,0.862229102167183,1,0.09375,0.662957074721781,0,0,1,0.998444790046656,0.669341894060995,0,0.680851063829787,0.00155038759689922,0.677884615384615,0,0.00161030595813205,0.040625,0.234930448222566,0,0,0.995230524642289,0,0.494176372712146,0.669341894060995,0.323943661971831,0.665615141955836,0,0.686998394863563,0.334920634920635,0,0,0.677884615384615,0.383561643835616,0.666666666666667,0.414173228346457,0.0289389067524116,0.668269230769231,0.394984326018809,0.987441130298273,0.682108626198083,0.677265500794913,0.67192429022082,0,0.370716510903427,0.691222570532915,0.10952380952381,0.411003236245955,0.0326086956521739,0,0,0.678740157480315,0.664484451718494,0.684039087947883,0.682034976152623,0.682464454976303,0.388973966309342,0.683229813664596,1,0.32370820668693,0,0.67304625199362,0.686804451510334,0.67483660130719,0.661993769470405,0.3968,0,0.666151468315301,0.66031746031746,0.663414634146341,0.674157303370786,0.677672955974843,0.687797147385103,0.812982998454405,0.328,0.677672955974843,0.400625978090767,0,0.769475357710652,0.680445151033386,0.0839936608557845,0,0,0.683881064162754,0.367088607594937,0,0.68062015503876,0.697452229299363,0.0479233226837061,0,0,0.00159744408945687,0.674491392801252,0,0,0.103503184713376,0,0.653726708074534,0,0.411764705882353,0,0.329113924050633,0.681020733652313,0.407643312101911,0,0,0.00322061191626409,0.671850699844479,0.670807453416149,0.667205169628433,0.676656151419558,0.668284789644013,0.669381107491857,0.0147783251231527,0.680314960629921,0,0,0.284345047923323,1,0.679127725856698,0.672386895475819,0.329153605015674,0,0.444794952681388,0.670807453416149,0.360128617363344,0.686708860759494,0.672609400324149,0,0.6848,0.683417085427136,0.31629392971246,0.0940032414910859,0.669710806697108,0.4,0.418006430868167,0.663522012578616,0.668820678513732,0.687203791469194,0.412903225806452,0.322834645669291,0,0.110576923076923,0,0.340490797546012,0,0.409888357256778,0.687106918238994,0.66884176182708,0,0,0.577352472089314,0.00474683544303797,0.00157728706624606,0,0.679873217115689,0.67032967032967,0,0.6732223903177,0.325153374233129,0.6672,0.550955414012739,0.696485623003195,1,0.685446009389671,0,0,0.404984423676012,0.998444790046656,0.666139240506329,0.680511182108626,0.901929260450161,0.577557755775578,0,0,0.681889763779528,0,0.60031847133758,0,0.666666666666667,0.417322834645669,0.667197452229299,0.676751592356688,0,1,0,0.690671031096563,0.669856459330144,0,0,0,0.552166934189406,0,0.676056338028169,0.386046511627907,0.668224299065421,0.675806451612903,0.998435054773083,0.963081861958267,0,0.376582278481013,0,0.665605095541401,0.661835748792271,0,0,0.840764331210191,0.681318681318681,0,0.0919003115264797,0,0.680124223602484,0.804761904761905,0.330733229329173,0,0,0,0,0,0.698907956318253,0.689655172413793,0,0.891268533772652,0.998397435897436,0.574367088607595,1,0.665056360708535,0,0.322734499205087,0,0,0.103174603174603,0,0.32753164556962,0,0,0,0
"101",1,1,1,1,1,1,0.711356466876972,1,1,0.098546042003231,1,0.0454545454545455,0.812206572769953,1,0.310618066561014,0.30188679245283,0.0636645962732919,0.683523654159869,1,1,0.2875,0.306320907617504,1,0.152886115444618,1,0.322884012539185,0.308823529411765,1,1,0.775641025641026,0.302469135802469,0.730650154798762,0.962732919254658,0.308056872037915,0,1,0.552590266875981,1,0.289393939393939,1,0.668238993710692,0.680685358255452,0.693233082706767,1,1,0.311216429699842,0.306349206349206,0.308641975308642,0.316436251920123,0.322480620155039,0,1,0.304821150855365,1,1,0.492753623188406,0.565286624203822,1,1,1,0.326219512195122,0.306376360808709,0.308056872037915,0.681889763779528,1,1,0.0390015600624025,1,0.0590909090909091,0.316358024691358,1,0.310618066561014,0.310064935064935,0.964686998394864,0.518691588785047,1,0.3,0.323574730354391,1,0.313504823151125,0.0887096774193548,0.321766561514196,0.31974921630094,1,0.330745341614907,1,1,1,1,0.694835680751174,1,1,0.00154798761609907,0.105022831050228,1,0.048062015503876,0,1,0.572593800978793,0.676236044657097,1,0.0537974683544304,0.308661417322835,1,0.310452418096724,1,0.688575899843505,1,0.314553990610329,0.312202852614897,0.306027820710974,1,0.312693498452012,1,0.487062404870624,1,0.307814992025518,0.29984544049459,0.315789473684211,0.308544303797468,0.490825688073394,0.998442367601246,0.314814814814815,0.306709265175719,1,0.298136645962733,1,1,0.325617283950617,0.54601226993865,1,0.306122448979592,1,0.0409090909090909,1,0.3125,0.68167701863354,0.318037974683544,0.93026941362916,0.430441898527005,0.103448275862069,0.0966719492868463,1,1,0.323390894819466,1,0.31441717791411,1,0.801538461538462,1,0.3152,1,1,1,1,0.321711568938193,1,0.313385826771654,0.254290171606864,1,0.30030959752322,1,0.293375394321767,0.0851735015772871,1,0.309409888357257,1,1,1,0.324116743471582,1,0.320634920634921,1,0.295418641390205,1,0.312101910828025,0.0784929356357928,1,0.647727272727273,1,1,0.309262166405024,1,1,1,1,0.315541601255887,0.301829268292683,1,0.998422712933754,0.311450381679389,0.303656597774245,1,0.452950558213716,0.671150971599402,0,0.312,0.6734375,1,0.31733746130031,1,0.998461538461539,1,0.309119010819165,0.320433436532508,0.319935691318328,1,1,1,0,1,0.296650717703349,0.970219435736677,0.31637519872814,0.30564263322884,0.758566978193146,1,1,1,1,1,0.0416024653312789,0.300623052959502,0.313084112149533,1,0.687789799072643,1,1,0.998422712933754,0.998439937597504,1,1,0.00469483568075117,0.311349693251534,1,0.309791332263242,1,0.29559748427673,1,1,1,1,1,0.3203125,1,0.511182108626198,0.319685039370079,0.313846153846154,0.308661417322835,0.317111459968603,0.325396825396825,0.40506329113924,0.325471698113208,0.306853582554517,0.305343511450382,1,0.311111111111111,1,0.699386503067485,0.309375,0.309451219512195,0.322932917316693,1,1,1,0.254716981132075,0.302839116719243,1,0.319314641744548,0.317484662576687,0.303174603174603,0.313271604938272,0.6921875,1,0.310664605873261,0.311004784688995,1,0.293354943273906,1,0.306625577812018,0.306836248012719,1,1,1,0.539657853810264,1,0.700159489633174,0.0840978593272171,0.315047021943574,1,1,0.0962732919254658,0.313479623824451,0.316455696202532,1,1,0.301092043681747,0.0249609984399376,0.00319488817891374,1,1,0.334365325077399,0.998415213946117,1,0.301391035548686,1,1,0.311248073959938,1,1,1,1,0.319685039370079,0.308868501529052,0.325242718446602,1,1,0.677067082683307,0.313880126182965,1,0.314152410575428,0.289514866979656,1,1,0.998442367601246,1,1,0.318181818181818,1,1,0.107717041800643,0.320373250388802,0.482758620689655,0.3056,0.677265500794913,0.310452418096724,1,0.303656597774245,0.333333333333333,0.255384615384615,0.315870570107858,1,0.319018404907975,1,1,1,0.302066772655008,0.317972350230415,0.998439937597504,0.925081433224756,0.0632911392405063,1,0.303076923076923,0.312,0.304416403785489,1,0.321592649310873,0.477987421383648,0.3198127925117,0.305511811023622,0.3088,0.303030303030303,1,0.313694267515924,1,1,0,1,0.314465408805031,1,1,1,0.325396825396825,1,0.304,1,0.841194968553459,1,1,1,0.304147465437788,1,1,0.304552590266876,0.307692307692308,1,1,0.301587301587302,0.190402476780186,1,0.998425196850394,1,0,0.303656597774245,1,0.298299845440495,0.248025276461295,1,0.689335394126739,0.426829268292683,1,1,0.68452380952381,0.711111111111111,0.3359375,1,0.306625577812018,1,1,0.328025477707006,1,0.9984,0.00789889415481832,0.319182389937107,1,1,0.318979266347687,1,1,0.304897314375987,0.338485316846986,1,1,1,0.521060842433697,0.305426356589147,0.343898573692552,0.30640243902439,0.325545171339564,0.696682464454976,0.321538461538462,0.321372854914197,0.304953560371517,0.237048665620094,0.313195548489666,1,0.314814814814815,0.998417721518987,0.307931570762053,0.0853658536585366,0.0548780487804878,1,1,0.0375,1,0.696734059097978,0.0412044374009509,0.0124804992199688,1,0.683153013910355,1,1,0.545310015898251,1,0,0.0700636942675159,1,1,1,0.315789473684211,0.65345080763583,0.6976,0.992272024729521,1,0.982892690513219,0.301242236024845,0.338050314465409,1,0.289099526066351,1,0.359375,0.106518282988871,0.309006211180124,0.306625577812018,0.325,1,0.0784929356357928,1,1,1,0.263076923076923,0.320634920634921,1,0.313291139240506,1,1,0.302936630602782,1,0.314589665653495,1,0.309148264984227,0.306477093206951,1,0.681458003169572,0.310606060606061,1,0.304140127388535,0.763693270735524,0.309451219512195,0.165109034267913,0.313455657492355,0.774091627172196,0.295819935691318,1,0.313479623824451,0.331782945736434,0.285491419656786,1,1,1,0.97092084006462,0.348387096774194,1,0.319488817891374,1,0.306818181818182,0.306976744186047,1,1,1,0.917316692667707,1,0.302752293577982,0.313664596273292,1,1,0.0492063492063492,0.0857142857142857,1,1,0.309791332263242,1,1,0.309486780715397,1,1,0.68798751950078,0.535168195718654,1,0,1,1,0.0990853658536585,0.313291139240506,1,0.320126782884311,0.998427672955975,0.966876971608833,0.998430141287284,0.823529411764706,1,0.321543408360129,1,1,1,0,0.305691056910569,1,1,0.681889763779528,1,0.3109375,0.355694227769111,0.311912225705329,1,1,1,0.0885496183206107,0.3104,0.090032154340836,0.998407643312102,0.29618320610687,0.305426356589147,0.344135802469136,0,1,0.957210776545166,1,1,0.315541601255887,0.29483282674772,0.158478605388273,0.0398089171974522,0.312302839116719,0.309148264984227,0.316358024691358,0.00158478605388273,0.307453416149068,1,0,0.312883435582822,1,1,1,0.311248073959938,0.308868501529052,0.0372168284789644,1,0.306349206349206,0.298921417565485,1,1,0.305426356589147,0.69721767594108,1,1,0.687697160883281,1,0.305426356589147,1,0.308176100628931,0.529953917050691,0.675344563552833,0.402140672782875,1,0.296636085626911,0.3088,0.689335394126739,0.68,1,0.312883435582822,1,0.316358024691358,1,0.311627906976744,0.3024,0.345911949685535,0.519685039370079,0.312903225806452,0.297297297297297,0.670866141732283,0.307453416149068,0.149425287356322,1,0,1,0.2896,1,0,0.313755795981453,0.306709265175719,1,0.0564885496183206,1,0.0846394984326019,0.333860759493671,1,0.0637636080870918,0.674382716049383,1,1,1,0.305111821086262,0.0383435582822086,1,0.420382165605096,0.0961538461538462,0.349230769230769,0.318818040435459,0.315467075038285,1,1,1,1,1,0.0640243902439024,0.996908809891808,0.689655172413793,0.00460122699386503,0.317757009345794,1,1,1,1,0.0892018779342723,0.30521472392638,1,1,1,1,1,1,0.495341614906832,0.00158730158730159,1,0.0870917573872473,0.314553990610329,0.446372239747634,1,0.384370015948963,0.307317073170732,0.301857585139319,1,0.0419906687402799,0.303937007874016,1,1,0.365231259968102,0.306122448979592,0.299065420560748,0.316720257234727,0.998456790123457,0.32475884244373,0.311526479750779,0.416666666666667,0.313099041533546,0.976887519260401,0.304675716440422,0.0833333333333333,0.321372854914197,0,1,0.0900473933649289,0.298412698412698,0.313195548489666,0.305379746835443,1,1,1,1,1,1,0.32755905511811,1,0.304278922345483,0.311148086522463,0.605263157894737,0.680511182108626,1,1,0,0.302752293577982,0.115444617784711,0.998482549317147,0.0352564102564103,1,1,0.310725552050473,1,1,0.623028391167192,0.413290113452188,0.996978851963746,0.0791139240506329,0.097331240188383,1,1,1,0.0886075949367089,0,0.306153846153846,0.409375,0.310664605873261,0,0.323809523809524,0.0850722311396469,1,1,0.318952234206472,0.312893081761006,0.242138364779874,0.330128205128205,0.306976744186047,0.312989045383412,1,1,0.320251177394035,1,0,1,0.221169036334913,1,0.679127725856698,1,0.303317535545024,0.3056,0.0799373040752351,0.687595712098009,1,1,0.7952,0.890499194847021,0.322327044025157,0.315619967793881,1,0.307324840764331,0.257142857142857,0.318541996830428,1,0.104851330203443,1,1,0.3198127925117,0.68860353130016,0.309148264984227,1,1,0.302795031055901,0.29922480620155,0.31651376146789,0.85553772070626,0.308186195826645,1,0.0606531881804044,1,1,0.703416149068323,0.655608214849921,0.314516129032258,0.0578125,0.318910256410256,1,1,0.308056872037915,0.326018808777429,0.628526645768025,1,0.30781010719755,0.365740740740741,0.307931570762053,0.984615384615385,0.487577639751553,0.00312989045383412,0.29922480620155,0.314112291350531,0.317230273752013,0.300813008130081,0.308157099697885,0.97360248447205,1,0.31201248049922,0.549679487179487,0.69047619047619,0.244648318042813,0.698083067092652,1,0.320251177394035,0.00318979266347687,0.321875,0.303599374021909,0.360681114551084,0.317817014446228,0,0.327131782945736,0.309904153354633,0.318611987381703,0.309859154929577
"102",0.0563607085346216,0.053968253968254,0.0478468899521531,0.0538336052202284,0.0590111642743222,0.0588235294117647,0.350565428109855,0.0569620253164557,0.0615141955835962,0.962171052631579,0.053125,0.982677165354331,0.128617363344051,0.0589171974522293,0.630818619582664,0.63166144200627,0.996860282574568,0.372168284789644,0.0558213716108453,0.0557324840764331,0.6528,0.629807692307692,0.0581039755351682,0.900787401574803,0.0576323987538941,0.615264797507788,0.62540192926045,0.0560131795716639,0.0601851851851852,0.16,0.628346456692913,0.201574803149606,0.0422535211267606,0.626373626373626,0.956869009584665,0.0607553366174056,0.54066985645933,0.0557275541795666,0.636923076923077,0.0580847723704867,0.4016,0.376766091051805,0.380517503805175,0.0544871794871795,0.0559105431309904,0.615883306320908,0.621451104100946,0.624413145539906,0.619565217391304,0.6078125,0.944532488114105,0.0564516129032258,0.625990491283677,0.0579937304075235,0.0546021840873635,0.430176565008026,0.505494505494505,0.0519685039370079,0.0537124802527646,0.0591054313099042,0.605015673981191,0.621405750798722,0.623417721518987,0.388272583201268,0.0566343042071197,0.0630914826498423,0.9904,0.0532915360501567,1,0.615503875968992,0.0498442367601246,0.624413145539906,0.602291325695581,0.0919354838709677,0.557632398753894,0.0582822085889571,0.63125,0.601550387596899,0.0538827258320127,0.627831715210356,0.969004893964111,0.610576923076923,0.614649681528662,0.0560747663551402,0.601880877742947,0.0591805766312595,0.0572337042925278,0.0537974683544304,0.054858934169279,0.37111801242236,0.0532258064516129,0.0431432973805855,0.947784810126582,0.960691823899371,0.0456026058631922,0.987878787878788,0.944968553459119,0.0569230769230769,0.512738853503185,0.381410256410256,0.0537974683544304,1,0.635367762128325,0.0558292282430213,0.622820919175911,0.0522151898734177,0.381846635367762,0.0603174603174603,0.624203821656051,0.620094191522763,0.616954474097331,0.0626959247648903,0.610675039246468,0.0542635658914729,0.58359133126935,0.0574018126888218,0.625196850393701,0.771739130434783,0.616207951070336,0.625990491283677,0.584905660377358,0.0638629283489097,0.616923076923077,0.613526570048309,0.0456692913385827,0.634375,0.0545454545454545,0.0565749235474006,0.748031496062992,0.515432098765432,0.0531400966183575,0.622047244094488,0.0565428109854604,0.989247311827957,0.0468497576736672,0.625391849529781,0.391705069124424,0.604395604395604,0.0015748031496063,0.616144975288303,0.966719492868463,0.968253968253968,0.0598425196850394,0.0552845528455285,0.606918238993711,0.0533751962323391,0.628659476117103,0.0565149136577708,0.136222910216718,0.0601851851851852,0.617363344051447,0.05,0.0595813204508857,0.0547504025764895,0.0473933649289099,0.588235294117647,0.0590111642743222,0.618066561014263,0.820433436532508,0.0622083981337481,0.627329192546584,0.055379746835443,0.638801261829653,0.980861244019139,0.0530546623794212,0.619354838709677,0.0634920634920635,0.0535433070866142,0.0581761006289308,0.602184087363494,0.0554675118858954,0.606299212598425,0.0576323987538941,0.624012638230648,0.0535714285714286,0.619047619047619,0.985849056603774,0.0587301587301587,0.432078559738134,0.0556438791732909,0.0576,0.630818619582664,0.0494417862838915,0.0524642289348172,0.053125,0.0534591194968553,0.618296529968454,0.622496147919877,0.0576923076923077,0.0520504731861199,0.611455108359133,0.642394822006472,0.0544323483670296,0.626182965299685,0.396369137670197,0.941176470588235,0.616224648985959,0.394984326018809,0.0515625,0.613354037267081,0.0522875816993464,0.0569230769230769,0.0529595015576324,0.625585023400936,0.625,0.61525974025974,0.0568356374807988,0.0518638573743922,0.0479134466769706,0.948717948717949,0.0583596214511041,0.6304,0.0302547770700637,0.62200956937799,0.629570747217806,0.315457413249211,0.0540540540540541,0.0570107858243451,0.0511627906976744,0.0550314465408805,0.0480769230769231,0.984177215189873,0.612540192926045,0.614307931570762,0.0609375,0.380585516178737,0.06,0.0627871362940276,0.0518053375196232,0.0576323987538941,0.0544,0.0525502318392581,0.947867298578199,0.766718506998445,0.0578125,0.625396825396825,0.0522151898734177,0.625592417061611,0.0515625,0.05,0.0537974683544304,0.0529695024077047,0.0560897435897436,0.614533965244866,0.0529595015576324,0.421052631578947,0.611544461778471,0.611197511664075,0.622611464968153,0.608557844690967,0.604761904761905,0.627228525121556,0.60347551342812,0.616242038216561,0.615625,0.0585516178736518,0.62085308056872,0.0476973684210526,0.370542635658915,0.615023474178404,0.769349845201238,0.609872611464968,0.0613207547169811,0.0483619344773791,0.0551181102362205,0.816455696202532,0.63849765258216,0.0483619344773791,0.618670886075949,0.61214953271028,0.620414673046252,0.613104524180967,0.382677165354331,0.0496794871794872,0.6140625,0.6208,0.0555555555555556,0.630645161290323,0.0577223088923557,0.625776397515528,0.623028391167192,0.0542264752791069,0.0565428109854604,0.0520504731861199,0.5328125,0.0535433070866142,0.3776,0.975572519083969,0.614533965244866,0.0540540540540541,0.0516962843295638,0.967238689547582,0.62402496099844,0.615755627009646,0.0531400966183575,0.0536277602523659,0.625592417061611,0.971428571428571,0.949675324675325,0.0625,0.0536585365853659,0.609302325581395,0.0534591194968553,0.0580152671755725,0.6296875,0.0514018691588785,0.0565149136577708,0.624605678233438,0.0550161812297735,0.0604133545310016,0.0561622464898596,0.0569620253164557,0.611374407582938,0.625766871165644,0.621578099838969,0.0537124802527646,0.0608974358974359,0.3875,0.6176,0.0564516129032258,0.622119815668203,0.646964856230032,0.0569230769230769,0.0505359877488515,0.0526315789473684,0.0540540540540541,0.0507131537242472,0.610492845786963,0.0589171974522293,0.0584518167456556,0.952691680261011,0.614664586583463,0.562998405103668,0.622222222222222,0.388272583201268,0.618012422360248,0.0436746987951807,0.629984051036683,0.599063962558502,0.809748427672956,0.622257053291536,0.0501618122977346,0.614916286149163,0.0576,0.0533751962323391,0.0555555555555556,0.624203821656051,0.626728110599078,0.055205047318612,0.0147058823529412,0.996805111821086,0.0610932475884244,0.614307931570762,0.612903225806452,0.626409017713366,0.0505709624796085,0.615146831530139,0.597156398104265,0.608832807570978,0.626391096979332,0.616613418530351,0.636650868878357,0.0481366459627329,0.615384615384615,0.0485436893203883,0.046656298600311,0.952380952380952,0.0606060606060606,0.620414673046252,0.0554699537750385,0.0553846153846154,0.0483091787439614,0.612179487179487,0.0537634408602151,0.622977346278317,0.0599078341013825,0.104524180967239,0.0634920634920635,0.0561797752808989,0.0558139534883721,0.612055641421947,0.0505529225908373,0.0522151898734177,0.624223602484472,0.626391096979332,0.0518867924528302,0.0566929133858268,0.630573248407643,0.882170542635659,0.0563607085346216,0.0501567398119122,0.05320813771518,0.946957878315133,0.627575277337559,0.053484602917342,0.626182965299685,0.825040128410915,0.0525477707006369,0.381846635367762,0.499229583975347,0.0619047619047619,0.0480769230769231,0.383333333333333,0.351524879614767,0.591263650546022,0.0470957613814757,0.61875,0.0597738287560582,0.0510708401976936,0.60952380952381,0.0504731861198738,0.0540540540540541,0.958795562599049,0.617460317460317,0.0605095541401274,0.055205047318612,0.615508885298869,0.0485133020344288,0.0571895424836601,0.625199362041467,0.742138364779874,0.0559105431309904,0.0528771384136858,0.0512,0.403125,0.62992125984252,0.637958532695375,0.621580547112462,0.615748031496063,0.375987361769352,0.607594936708861,0.608150470219436,0.620689655172414,0.823529411764706,0.615755627009646,0.0549618320610687,0.615384615384615,0.0583596214511041,0.619195046439629,0.977099236641221,0.9953125,0.0559875583203732,0.0602782071097372,0.984350547730829,0.0466237942122186,0.377329192546584,0.990521327014218,0.957345971563981,0.0589147286821705,0.378378378378378,0.0506329113924051,0.0603174603174603,0.514423076923077,0.0559875583203732,0.945945945945946,0.983739837398374,0.053968253968254,0.0544323483670296,0.0599369085173502,0.614767255216693,0.417168674698795,0.361386138613861,0.0690737833594976,0.0529695024077047,0.033175355450237,0.63166144200627,0.739549839228296,0.0613207547169811,0.628617363344051,0.0521472392638037,0.557142857142857,0.957792207792208,0.634493670886076,0.629457364341085,0.599664991624791,0.0604651162790698,0.978328173374613,0.0613496932515337,0.0487804878048781,0.0551181102362205,0.816358024691358,0.607085346215781,0.0605095541401274,0.628164556962025,0.0551053484602917,0.0551053484602917,0.626749611197512,0.0544,0.612708018154312,0.05625,0.629213483146067,0.6192,0.0519685039370079,0.386217948717949,0.627300613496933,0.055205047318612,0.627642276422764,0.181818181818182,0.623853211009174,0.902973395931142,0.619195046439629,0.171701112877583,0.629032258064516,0.0652866242038217,0.608150470219436,0.594976452119309,0.650793650793651,0.0590979782270607,0.0568181818181818,0.0516717325227964,0.0277324632952692,0.734323432343234,0.0551181102362205,0.61637239165329,0.0523809523809524,0.627062706270627,0.621538461538461,0.0550314465408805,0.0544,0.0506912442396313,0.0253565768621236,0.0494590417310665,0.62962962962963,0.620253164556962,0.0479876160990712,0.0487012987012987,0.998405103668262,0.974235104669887,0.0487421383647799,0.0556438791732909,0.628617363344051,0.0594679186228482,0.0567484662576687,0.63265306122449,0.0639344262295082,0.059748427672956,0.379365079365079,0.544072948328267,0.05320813771518,0.946319018404908,0.0605095541401274,0.0615384615384615,0.966309341500766,0.617693522906793,0.0571428571428571,0.617363344051447,0.0538827258320127,0.0272435897435897,0.0569620253164557,0.114779874213836,0.0570522979397781,0.611111111111111,0.0500782472613459,0.055379746835443,0.0495207667731629,0.940625,0.629032258064516,0.0467741935483871,0.0582822085889571,0.388888888888889,0.0545171339563863,0.616954474097331,0.575471698113208,0.615873015873016,0.054858934169279,0.06,0.057784911717496,0.96594427244582,0.614006514657981,0.975728155339806,0.05229793977813,0.631741140215716,0.63182527301092,0.581504702194357,0.947284345047923,0.0525477707006369,0.0125786163522013,0.0538827258320127,0.0559875583203732,0.611023622047244,0.629230769230769,0.895569620253165,0.984025559105431,0.621236133122029,0.614285714285714,0.598765432098765,0.95016077170418,0.623417721518987,0.0509259259259259,0.941269841269841,0.620795107033639,0.0569620253164557,0.0575079872204473,0.0534591194968553,0.609375,0.618461538461539,0.990243902439024,0.0518867924528302,0.623604465709729,0.63849765258216,0.0522151898734177,0.059748427672956,0.620689655172414,0.367986798679868,0.0444444444444444,0.0618066561014263,0.363782051282051,0.0553846153846154,0.641221374045801,0.0558213716108453,0.626959247648903,0.542944785276074,0.395569620253165,0.644171779141104,0.0544323483670296,0.637480798771121,0.621069182389937,0.372274143302181,0.392912172573189,0.0476947535771065,0.621664050235479,0.0551053484602917,0.624223602484472,0.0476947535771065,0.618296529968454,0.628019323671498,0.5875,0.547880690737834,0.621533442088091,0.624398073836276,0.39047619047619,0.614664586583463,0.913539967373573,0.0494417862838915,0.945904173106646,0.0609375,0.635350318471338,0.0542264752791069,0.95440251572327,0.61648177496038,0.618971061093248,0.0574712643678161,1,0.0546021840873635,0.969453376205788,0.599364069952305,0.0532915360501567,1,0.394944707740916,0.0530421216848674,0.0595611285266458,0.0514018691588785,0.625806451612903,0.987577639751553,0.05320813771518,0.505529225908373,0.963492063492064,0.571207430340557,0.617554858934169,0.614791987673344,0.055379746835443,0.0385852090032154,0.0634920634920635,0.0546021840873635,0.0498442367601246,1,0.0602782071097372,0.378504672897196,0.945454545454545,0.610687022900763,0.0521327014218009,0.0546623794212219,0.0503246753246753,0.0512422360248447,0.974723538704581,0.62557781201849,0.0529595015576324,0.0522151898734177,0.0542264752791069,0.0488958990536278,0.059190031152648,0.0583596214511041,0.574766355140187,0.961538461538462,0.0447284345047923,0.979813664596273,0.625391849529781,0.644305772230889,0.0551181102362205,0.540540540540541,0.626229508196721,0.624605678233438,0.061128526645768,0.985959438377535,0.621495327102804,0.0492845786963434,0.0561797752808989,0.559870550161812,0.624801271860095,0.634645669291339,0.620294599018003,0.0484375,0.621187800963082,0.619718309859155,0.630914826498423,0.629213483146067,0.0217054263565891,0.624233128834356,0.979133226324238,0.617924528301887,0.945652173913043,0.060702875399361,0.973312401883831,0.632850241545894,0.614147909967846,0.628571428571429,0.0514820592823713,0.0477657935285054,0.053921568627451,0.0543130990415335,0.0517799352750809,0.0563607085346216,0.606299212598425,0.0529595015576324,0.621069182389937,0.626465661641541,0.4609375,0.384737678855326,0.0528771384136858,0.0610328638497653,0.951863354037267,0.624420401854714,0.938967136150235,0.0509259259259259,0.984399375975039,0.0524642289348172,0.0544,0.613418530351438,0.0557324840764331,0.054726368159204,0.438003220611916,0.629084967320261,0.0604229607250755,0.97258064516129,0.9648,0.0565149136577708,0.0585443037974684,0.0512422360248447,0.97275641025641,0.948275862068966,0.616459627329193,0.50392464678179,0.619414483821264,0.948517940717629,0.600633914421553,0.976190476190476,0.062992125984252,0.0533117932148627,0.627725856697819,0.623052959501558,0.830696202531646,0.609951845906902,0.624605678233438,0.619718309859155,0.0570107858243451,0.0535433070866142,0.622641509433962,0.0565749235474006,0.95125786163522,0.0445151033386327,0.842356687898089,0.0585365853658537,0.380726698262243,0.0559875583203732,0.621664050235479,0.627009646302251,0.982758620689655,0.390697674418605,0.0502354788069074,0.050314465408805,0.267405063291139,0.165845648604269,0.618589743589744,0.625796178343949,0.0528771384136858,0.614173228346457,0.814580031695721,0.619902120717781,0.0595419847328244,0.959311424100156,0.0544,0.0576923076923077,0.616954474097331,0.383252818035427,0.631493506493506,0.0561797752808989,0.053125,0.641065830721003,0.628751974723539,0.621329211746522,0.2032,0.628849270664506,0.0524642289348172,0.996815286624204,0.0606531881804044,0.0494417862838915,0.365325077399381,0.422535211267606,0.623188405797101,1,0.607717041800643,0.054773082942097,0.0531400966183575,0.638668779714738,0.608,0.441823899371069,0.0482866043613707,0.6296875,0.679626749611198,0.630744849445325,0.0746500777604977,0.596774193548387,0.955342902711324,0.635367762128325,0.613394216133942,0.608626198083067,0.625204582651391,0.622464898595944,0.081039755351682,0.0605095541401274,0.634375,0.52411575562701,0.376413570274637,0.830721003134796,0.378466557911909,0.0487421383647799,0.614035087719298,0.946945337620579,0.611455108359133,0.622083981337481,0.68266253869969,0.621236133122029,0.952307692307692,0.604651162790698,0.623003194888179,0.613636363636364,0.630841121495327
"103",0.297770700636943,0.30625,0.313385826771654,0.323854660347551,0.311912225705329,0.304897314375987,0.0111642743221691,0.311004784688995,0.299843014128728,0.587479935794542,0.309486780715397,0.645110410094637,0.502384737678855,0.310725552050473,1,1,0.635093167701863,0,0.318037974683544,0.311424100156495,1,1,0.31839258114374,0.53343701399689,0.311526479750779,1,1,0.3278955954323,0.305343511450382,0.505426356589147,1,0.573189522342065,0.362928348909657,0.996865203761755,0.670382165605096,0.306818181818182,0.1453125,0.323574730354391,1,0.295839753466872,0.00315457413249211,0,0,0.324237560192616,0.311320754716981,1,0.995192307692308,1,1,1,0.702194357366771,0.318327974276527,1,0.316692667706708,0.31039755351682,0.809148264984227,0.125,0.317965023847377,0.310185185185185,0.315955766192733,0.992272024729521,1,1,0.00630914826498423,0.302250803858521,0.305555555555556,0.662460567823344,0.327073552425665,0.625,1,0.314241486068111,1,1,0.271860095389507,0.168486739469579,0.305936073059361,1,0.995356037151703,0.316358024691358,1,0.607491856677524,1,1,0.308755760368664,1,0.313364055299539,0.306853582554517,0.324409448818898,0.30829420970266,0,0.310289389067524,0.316923076923077,0.700934579439252,0.588325652841782,0.303030303030303,0.652439024390244,0.683962264150943,0.303543913713405,0.128617363344051,0,0.308661417322835,0.635367762128325,1,0.304838709677419,1,0.305900621118012,0,0.318681318681319,1,1,1,0.294392523364486,0.996860282574568,0.316692667706708,0.214175654853621,0.301659125188537,1,0.394366197183099,1,1,0.2140625,0.302215189873418,1,1,0.324655436447167,1,0.309309309309309,0.306184012066365,0.380585516178737,0.784073506891271,0.3125,1,0.319554848966614,0.647149460708783,0.324193548387097,1,0.00154320987654321,1,0.357366771159875,0.899186991869919,0.589341692789969,0.613057324840764,0.302694136291601,0.3088,1,0.311912225705329,1,0.29874213836478,0.485086342229199,0.31201248049922,1,0.311912225705329,0.311501597444089,0.31496062992126,0.317610062893082,1,0.308661417322835,1,0.462732919254658,0.313971742543171,1,0.31733746130031,1,0.6,0.319554848966614,1,0.31201248049922,0.303543913713405,0.321259842519685,0.987577639751553,0.317610062893082,1,0.322834645669291,1,0.308056872037915,1,0.597542242703533,0.287051482059282,0.0304975922953451,0.298412698412698,0.314465408805031,1,0.295133437990581,0.3198127925117,0.31201248049922,0.323899371069182,1,1,0.31869918699187,0.320813771517997,1,1,0.31832298136646,0.255054432348367,0.0180995475113122,0.698234349919743,1,0.003125,0.305084745762712,1,0.320574162679426,0.301857585139319,0.30625,0.998432601880878,1,1,0.318042813455657,0.307568438003221,0.306027820710974,0.695652173913043,0.294851794071763,1,0.331240188383046,1,1,0.445669291338583,0.312202852614897,0.310185185185185,0.321428571428571,0.297045101088647,0.308661417322835,0.655332302936631,1,1,0.30503144654088,0.00306748466257669,0.317557251908397,0.309815950920245,0.322327044025157,0.299531981279251,0.298107255520505,0.311550151975684,0.707430340557275,0.375963020030817,0.293663060278207,1,0.316535433070866,1,0.312307692307692,0.297637795275591,0.303459119496855,0.321711568938193,0.30016051364366,1,0.315132605304212,0.781446540880503,1,1,0.996830427892235,1,1,0.901771336553945,1,1,1,0.308527131782946,1,0.316720257234727,0,1,0.40527950310559,1,0.308681672025723,0.312698412698413,0.30503144654088,0.445669291338583,1,0.317484662576687,1,1,1,1,0,0.300940438871473,1,1,0.313178294573643,1,0.308755760368664,1,1,0.303656597774245,0.317152103559871,0.294025157232704,0.15748031496063,0.320450885668277,0,0.602409638554217,1,0.313935681470138,0.314785373608903,0.590138674884438,1,1,0.320126782884311,0.323296354992076,1,0.66824644549763,0.706451612903226,0.303656597774245,0.314009661835749,0.993865030674847,0.31378763866878,0.298325722983257,1,0.302839116719243,0.30521472392638,1,0.298722044728434,0.310618066561014,0.310077519379845,0.311145510835913,1,1,1,0.303317535545024,0.323343848580442,0.00783699059561128,0.992125984251969,0.323899371069182,1,1,0.311526479750779,0.321266968325792,0.294117647058824,0.310344827586207,0.307453416149068,1,0.29635499207607,0.301587301587302,0.581993569131833,1,0.8464,1,0,1,0.315233785822021,1,1,0.441176470588235,0.998410174880763,0.314424635332253,1,0.311811023622047,0.295133437990581,0.311912225705329,1,1,0.308661417322835,0.390599675850891,0.622820919175911,0.296529968454259,1,1,1,0.310897435897436,1,0.225196850393701,1,1,1,1,0.322289156626506,1,0.306688417618271,0.327586206896552,0.687106918238994,0.302884615384615,1,0.319938176197836,0.309597523219814,0.307936507936508,1,0.303543913713405,1,0.311827956989247,0.468553459119497,0.325471698113208,0.312401883830455,0.305084745762712,1,0.313099041533546,0.303514376996805,1,1,0.3171875,0.30503144654088,1,0.498442367601246,0.309178743961353,0.315789473684211,0.322981366459627,0.690993788819876,1,0.294975688816856,1,0.443561208267091,0.298299845440495,0,0.877708978328173,0.318255250403877,0.311912225705329,0,0.0282131661442006,0.981220657276995,0.30829420970266,1,0.29874213836478,0.315960912052117,1,0.326656394453005,0.310618066561014,0.673501577287066,1,0.313572542901716,0.310618066561014,1,0.302325581395349,0.297124600638978,1,0.360374414976599,0.3056,0.313271604938272,0.320251177394035,0.780185758513932,1,0.984025559105431,1,1,0.00159235668789809,1,0.993798449612403,1,0.444270015698587,0.998402555910543,0.304281345565749,0.993836671802773,0.322784810126582,0.996908809891808,0.610015174506829,0.646153846153846,0.315467075038285,0.304747320061256,0.658841940532081,0.315705128205128,0,0.636080870917574,0.696540880503145,0.31619937694704,0.00156494522691706,0.304552590266876,0.299212598425197,0.788216560509554,0.315132605304212,0.704225352112676,0.605475040257649,0.306603773584906,0.309859154929577,0.295886075949367,1,0.0303030303030303,0,0.311424100156495,0.3171875,0.322378716744914,1,0.357366771159875,0.308527131782946,1,0.303076923076923,0.941640378548896,0.581059390048154,1,1,0.993344425956739,0.309486780715397,0.615267175572519,0.310185185185185,0.303858520900322,0.302507836990596,0.439628482972136,1,0.306836248012719,1,0.313099041533546,0.309148264984227,1,0.309294871794872,1,0.314465408805031,1,1,0.310344827586207,0,1,0.3140625,1,0.552099533437014,1,0.52241112828439,1,0.544881889763779,1,0.315619967793881,1,1,1,0.300157977883096,0.310064935064935,0.316666666666667,0.341346153846154,0.352159468438538,0.304416403785489,1,0.316118935837246,1,1,0.320373250388802,0.311708860759494,0.31055900621118,0.381102362204724,0.314984709480122,1,1,0.324534161490683,0.314194577352472,0.649289099526066,0.604430379746835,0.309262166405024,0.316720257234727,1,0.301710730948678,0.303215926493109,0.996830427892235,0.296474358974359,0.306603773584906,0,0.145285935085008,0.30568356374808,0.692653673163418,0.309375,0.323619631901841,0.611455108359133,0.998427672955975,0.30188679245283,1,0.305511811023622,0.334389857369255,0.306122448979592,0.456521739130435,0.311811023622047,1,0.315625,0.317460317460317,0.321144674085851,0.69170579029734,1,0.321027287319422,0.312693498452012,0,0.316436251920123,0.998432601880878,0.952453987730061,1,0.314553990610329,0.313479623824451,0.311811023622047,0.598159509202454,1,0.6,0.323248407643312,1,1,0.970125786163522,0.679245283018868,0.314194577352472,0.34585289514867,0.311248073959938,0.310769230769231,1,1,0.527733755942948,0.643642072213501,1,1,0.998444790046656,0.697411003236246,1,0.321100917431193,0.692307692307692,1,0.318611987381703,0.313572542901716,0.317111459968603,0.998442367601246,1,0.65210355987055,0.3203125,1,1,0.319875776397516,0.302325581395349,0.998452012383901,0,0.311111111111111,0.302250803858521,0.00625978090766823,0.304012345679012,1,0.3046875,1,0.153139356814701,0,0.909509202453988,0.32182103610675,1,1,0,0.00154798761609907,0.325,1,0.304975922953451,0.996937212863706,0.305246422893482,1,0.998397435897436,0.960753532182104,0.7859375,1,1,0.00474683544303797,1,0.533442088091354,0.321259842519685,0.68160741885626,0.315870570107858,1,0.302795031055901,0.682242990654206,1,1,0.3042071197411,0.63206106870229,0.316614420062696,0.595879556259905,0.973186119873817,0.318110236220472,0.612244897959184,0.0110584518167457,0.310077519379845,0.309033280507132,0.315870570107858,1,0.649310872894334,0.300925925925926,0.885532591414944,0.6,0.969135802469136,1,1,0.30503144654088,0.323101777059774,0.3056,0.3078125,0.310077519379845,0.63013698630137,0.296583850931677,0,0.680786686838124,1,0.312893081761006,0.30173775671406,0.312903225806452,0.314241486068111,0.622874806800618,1,0.322033898305085,0.327503974562798,0.320450885668277,0.310618066561014,0.310725552050473,0.30173775671406,0.207055214723926,0.687600644122383,0.314194577352472,0.608895705521472,1,0.253918495297806,0.315372424722662,0.920840064620355,1,1,0.305900621118012,0.648985959438378,1,0.301538461538462,0.296998420221169,0.957278481012658,1,1,0.998389694041868,0.310344827586207,1,1,0.907668231611894,1,0.341538461538462,1,0.6,1,0.679626749611198,0.305511811023622,0.607874015748031,1,1,0.992101105845182,0.323343848580442,0.324031007751938,0.3216,0.318181818181818,0.320512820512821,0.318327974276527,0.984202211690363,0.309341500765697,1,1,0.721617418351477,0,0.309597523219814,0.309262166405024,0.679012345679012,1,0.581761006289308,0.322085889570552,0.662460567823344,0.304625199362041,0.302250803858521,1,0.304487179487179,0.315181518151815,0.696343402225755,0.915447154471545,0.314674735249622,0.615629984051037,0.595911949685535,0.323029366306028,0.310897435897436,0.304821150855365,0.599063962558502,0.690363349131122,1,0.884735202492212,1,0.665644171779141,0.998412698412698,0.606741573033708,0.309409888357257,0.316535433070866,1,1,0.453100158982512,0.993620414673046,0.998442367601246,1,0.306603773584906,0.320126782884311,1,0.305936073059361,0.68798751950078,0.315873015873016,0.475,0.292259083728278,0,0.298780487804878,1,1,0.601866251944012,0.00154083204930663,0.315457413249211,0.311145510835913,0.0985915492957746,0.412828947368421,1,1,0.301857585139319,1,0.436420722135008,1,0.319508448540707,0.596244131455399,0.309859154929577,0.303656597774245,1,0,1,0.297124600638978,0.312698412698413,1,1,1,0.445497630331754,1,0.3203125,0.630434782608696,0.322429906542056,0.316639741518578,0.0015527950310559,0.0440251572327044,1,0.636792452830189,1,0.318110236220472,0.320450885668277,1,1,0.163833075734158,0.303875968992248,1,0.910798122065728,1,0.315950920245399,0.208137715179969,0.682242990654206,1,1,1,1,1,0.284603421461897,0.297339593114241,1,0.12258064516129,0.00159489633173844,0.456521739130435,0,0.319182389937107,1,0.684044233807267,1,1,0.901081916537867,1,0.691472868217054,1,1,1,1
"104",1,1,1,1,1,1,0.709784411276949,1,1,0.107260726072607,1,0.046474358974359,0.802588996763754,1,0.305194805194805,0.292993630573248,0.0713153724247227,0.694630872483222,1,1,0.289855072463768,0.305691056910569,1,0.169303797468354,1,0.317589576547231,0.312913907284768,1,1,0.776337115072934,0.304975922953451,0.727126805778491,0.96,0.313213703099511,0,1,0.541935483870968,1,0.294025157232704,1,0.663974151857835,0.683360258481422,0.695238095238095,1,1,0.317880794701987,0.315024232633279,0.311424100156495,0.323717948717949,0.323763955342903,0,1,0.303030303030303,1,1,0.501633986928105,0.566284779050736,1,1,1,0.3216,0.317384370015949,0.318327974276527,0.691935483870968,1,1,0.0359477124183007,1,0.0609375,0.310897435897436,1,0.308319738988581,0.323577235772358,0.962108731466227,0.5216,1,0.300632911392405,0.337078651685393,1,0.31438127090301,0.0934891485809683,0.318032786885246,0.319218241042345,1,0.333868378812199,1,1,1,1,0.70048309178744,1,1,0.00162866449511401,0.113237639553429,1,0.0497667185069984,0,1,0.558872305140962,0.679276315789474,1,0.0558292282430213,0.304838709677419,1,0.311986863711002,1,0.689210950080515,1,0.310236220472441,0.315619967793881,0.313915857605178,1,0.315619967793881,1,0.489731437598736,1,0.305691056910569,0.308056872037915,0.317683881064163,0.30794701986755,0.4864,0.998376623376623,0.317034700315457,0.311258278145695,1,0.301612903225806,1,1,0.343089430894309,0.549206349206349,1,0.304560260586319,1,0.0434108527131783,1,0.30952380952381,0.680577849117175,0.323151125401929,0.92891760904685,0.435726210350584,0.115072933549433,0.102564102564103,1,1,0.32843137254902,1,0.317262830482115,1,0.799050632911392,1,0.320197044334975,1,1,1,1,0.331691297208539,1,0.321951219512195,0.2578125,1,0.311897106109325,1,0.293159609120521,0.0950819672131148,1,0.305418719211823,1,1,1,0.321144674085851,1,0.326332794830372,1,0.305863708399366,1,0.323051948051948,0.0823909531502423,1,0.646766169154229,1,1,0.314569536423841,1,1,1,1,0.3216,0.3072,1,0.998349834983498,0.306477093206951,0.306188925081433,1,0.453808752025932,0.676470588235294,0,0.306836248012719,0.674193548387097,1,0.322115384615385,1,0.998417721518987,1,0.3152,0.317307692307692,0.331147540983607,1,1,1,0,1,0.302479338842975,0.97427652733119,0.319148936170213,0.306320907617504,0.7456,1,1,1,1,1,0.0484652665589661,0.312091503267974,0.317666126418152,1,0.678913738019169,1,1,0.99837925445705,0.998392282958199,1,1,0.00316957210776545,0.325396825396825,1,0.303571428571429,1,0.299363057324841,1,1,1,1,1,0.315447154471545,1,0.504105090311987,0.318979266347687,0.325434439178515,0.306946688206785,0.31810766721044,0.323529411764706,0.410048622366288,0.320388349514563,0.307324840764331,0.309791332263242,1,0.315447154471545,1,0.694006309148265,0.304560260586319,0.320634920634921,0.3232,1,1,1,0.263754045307443,0.301916932907348,1,0.315447154471545,0.324324324324324,0.30718954248366,0.3232,0.690437601296596,1,0.320126782884311,0.30983606557377,1,0.296052631578947,1,0.312202852614897,0.307936507936508,1,1,1,0.543269230769231,1,0.686495176848875,0.0869565217391304,0.305111821086262,1,1,0.105511811023622,0.317965023847377,0.330049261083744,1,1,0.3008,0.0256,0.00162866449511401,1,1,0.336477987421384,1,1,0.311605723370429,1,1,0.312101910828025,1,1,1,1,0.325242718446602,0.306603773584906,0.323873121869783,1,1,0.673076923076923,0.306818181818182,1,0.31629392971246,0.303370786516854,1,1,0.998402555910543,1,1,0.320325203252033,1,1,0.115321252059308,0.334389857369255,0.49016393442623,0.302134646962233,0.676470588235294,0.314285714285714,1,0.302931596091205,0.330081300813008,0.263406940063092,0.317965023847377,1,0.323854660347551,1,1,1,0.307941653160454,0.317965023847377,0.998407643312102,0.918196994991653,0.065252854812398,1,0.313479623824451,0.314516129032258,0.293046357615894,1,0.31924882629108,0.474878444084279,0.313694267515924,0.304838709677419,0.305785123966942,0.303715670436187,1,0.315705128205128,1,1,0,1,0.323671497584541,1,1,1,0.321027287319422,1,0.308943089430894,1,0.8224,1,1,1,0.3152,1,1,0.306581059390048,0.307814992025518,1,1,0.301612903225806,0.195892575039494,1,0.998405103668262,1,0,0.306818181818182,1,0.307443365695793,0.252045826513912,1,0.680194805194805,0.436018957345972,1,1,0.686915887850467,0.71107544141252,0.334405144694534,1,0.31810766721044,1,1,0.330049261083744,1,0.998381877022654,0.00822368421052632,0.322061191626409,1,1,0.321428571428571,1,1,0.306930693069307,0.348726114649682,1,1,1,0.519354838709677,0.307324840764331,0.33868378812199,0.3109375,0.328,0.689935064935065,0.320695102685624,0.321875,0.316957210776545,0.241935483870968,0.309210526315789,1,0.311320754716981,0.998373983739837,0.315789473684211,0.0902021772939347,0.0521327014218009,1,1,0.0400641025641026,1,0.688888888888889,0.0444810543657331,0.011437908496732,1,0.676848874598071,1,1,0.539967373572594,1,0,0.0823529411764706,1,1,1,0.313821138211382,0.660964230171073,0.694158075601375,0.992,1,0.983948635634029,0.304,0.352941176470588,1,0.298217179902755,1,0.364077669902913,0.118506493506494,0.296825396825397,0.318541996830428,0.335034013605442,1,0.080824088748019,1,1,1,0.266457680250784,0.320388349514563,1,0.311688311688312,1,1,0.307936507936508,1,0.313846153846154,1,0.311793214862682,0.307438016528926,1,0.68780487804878,0.303875968992248,1,0.302100161550889,0.760765550239234,0.3088,0.166666666666667,0.313572542901716,0.768608414239482,0.305785123966942,1,0.320574162679426,0.334405144694534,0.289389067524116,1,1,1,0.964941569282137,0.340604026845638,1,0.32279534109817,1,0.311367380560132,0.315955766192733,1,1,1,0.909677419354839,1,0.307210031347962,0.31496062992126,1,1,0.0495049504950495,0.0875202593192869,1,1,0.29903536977492,1,1,0.312803889789303,1,1,0.682182985553772,0.535433070866142,1,0,1,1,0.1046875,0.319935691318328,1,0.315619967793881,0.9984375,0.961165048543689,0.998389694041868,0.813099041533546,1,0.325581395348837,1,1,1,0,0.304347826086957,1,1,0.669887278582931,1,0.317152103559871,0.359677419354839,0.3184,1,1,1,0.103610675039246,0.313821138211382,0.0929853181076672,0.998373983739837,0.302547770700637,0.303317535545024,0.338118022328549,0,1,0.952153110047847,1,1,0.320846905537459,0.300632911392405,0.169686985172982,0.042483660130719,0.313628899835796,0.303571428571429,0.322683706070288,0.00165837479270315,0.312803889789303,1,0,0.312401883830455,1,1,1,0.318327974276527,0.322274881516588,0.0397350993377483,1,0.305331179321486,0.297906602254428,1,1,0.310897435897436,0.701168614357262,1,1,0.702746365105008,1,0.308892355694228,1,0.312101910828025,0.534181240063593,0.670886075949367,0.41287284144427,1,0.293375394321767,0.305331179321486,0.686305732484076,0.670347003154574,1,0.317111459968603,1,0.322327044025157,1,0.3136,0.312297734627832,0.347334410339257,0.527070063694268,0.317275747508306,0.301612903225806,0.666666666666667,0.306581059390048,0.155629139072848,1,0,1,0.287337662337662,1,0,0.314845024469821,0.316993464052288,1,0.0590062111801242,1,0.0959349593495935,0.332786885245902,1,0.0704,0.678343949044586,1,1,1,0.305227655986509,0.0417956656346749,1,0.429725363489499,0.104746317512275,0.345911949685535,0.318979266347687,0.314873417721519,1,1,1,1,1,0.0677165354330709,0.995207667731629,0.695238095238095,0.0031055900621118,0.317230273752013,1,1,1,1,0.0947030497592295,0.310126582278481,1,1,1,1,1,1,0.491255961844197,0.00164473684210526,1,0.0886075949367089,0.310679611650485,0.442834138486312,1,0.384742951907131,0.31,0.309061488673139,1,0.0420032310177706,0.316211878009631,1,1,0.367213114754098,0.307814992025518,0.315024232633279,0.313531353135314,0.998397435897436,0.325581395348837,0.321656050955414,0.43042071197411,0.30983606557377,0.970779220779221,0.308426073131955,0.0942148760330579,0.315533980582524,0,1,0.0955518945634267,0.305057096247961,0.310679611650485,0.320325203252033,1,1,1,1,1,1,0.327302631578947,1,0.310289389067524,0.309644670050761,0.607142857142857,0.684039087947883,1,1,0,0.317111459968603,0.128617363344051,0.998435054773083,0.0368,1,1,0.303921568627451,1,1,0.62847790507365,0.41887417218543,0.996941896024465,0.0849673202614379,0.104065040650407,1,1,1,0.0947030497592295,0,0.311004784688995,0.413114754098361,0.311501597444089,0,0.330605564648118,0.0924092409240924,1,1,0.317535545023697,0.315873015873016,0.252836304700162,0.330564784053156,0.312903225806452,0.310015898251192,1,1,0.316476345840131,1,0,1,0.236065573770492,1,0.690705128205128,1,0.311004784688995,0.306156405990017,0.0816,0.68312101910828,1,1,0.795454545454545,0.894824707846411,0.310965630114566,0.30718954248366,1,0.310679611650485,0.264847512038523,0.325,1,0.112698412698413,1,1,0.317230273752013,0.685761047463175,0.306055646481178,1,1,0.303370786516854,0.302100161550889,0.311111111111111,0.857610474631751,0.315270935960591,1,0.0570522979397781,1,1,0.70364500792393,0.652032520325203,0.320338983050847,0.0580645161290323,0.317741935483871,1,1,0.309061488673139,0.314785373608903,0.619512195121951,1,0.306962025316456,0.37914691943128,0.306709265175719,0.984326018808777,0.478896103896104,0.00478468899521531,0.302362204724409,0.322169059011164,0.322368421052632,0.311475409836066,0.311708860759494,0.972886762360447,1,0.311897106109325,0.548657718120805,0.686985172981878,0.240384615384615,0.69485903814262,1,0.323809523809524,0.00327332242225859,0.326860841423948,0.307814992025518,0.366129032258065,0.314935064935065,0,0.322734499205087,0.318555008210181,0.318032786885246,0.313694267515924
"105",0.292993630573248,0.311501597444089,0.310452418096724,0.314696485623003,0.30379746835443,0.2992,0.0112,0.313821138211382,0.306853582554517,0.570962479608483,0.313664596273292,0.636222910216718,0.5168,0.318541996830428,1,1,0.625786163522013,0,0.322327044025157,0.305379746835443,1,1,0.317757009345794,0.508580343213729,0.311926605504587,1,1,0.330049261083744,0.304615384615385,0.523052464228935,1,0.57984496124031,0.36608557844691,0.995215311004785,0.674641148325359,0.315359477124183,0.133228840125392,0.318181818181818,1,0.29595015576324,0.00317460317460317,0,0,0.321086261980831,0.307692307692308,1,0.993610223642173,1,1,1,0.694136291600634,0.321086261980831,1,0.321316614420063,0.304761904761905,0.8192,0.122186495176849,0.316455696202532,0.317111459968603,0.318037974683544,0.990683229813665,1,1,0.0064,0.303571428571429,0.317262830482115,0.663492063492063,0.320574162679426,0.609090909090909,1,0.3046875,1,1,0.26797385620915,0.1640625,0.316030534351145,1,0.993779160186625,0.314641744548287,1,0.610662358642973,1,1,0.320695102685624,1,0.31441717791411,0.309409888357257,0.318471337579618,0.318181818181818,0,0.317460317460317,0.321156773211568,0.688372093023256,0.588785046728972,0.313504823151125,0.64,0.684292379471229,0.314152410575428,0.121163166397415,0,0.310452418096724,0.622820919175911,1,0.311986863711002,1,0.311605723370429,0,0.3136,1,1,1,0.296583850931677,0.995283018867924,0.316455696202532,0.206422018348624,0.304615384615385,1,0.368916797488226,1,1,0.209048361934477,0.305993690851735,1,1,0.329173166926677,1,0.316109422492401,0.307453416149068,0.361198738170347,0.76793893129771,0.315533980582524,1,0.328525641025641,0.640909090909091,0.331730769230769,1,0.00157232704402516,1,0.372641509433962,0.88562091503268,0.585326953748006,0.602523659305994,0.3140625,0.318979266347687,1,0.302839116719243,1,0.304897314375987,0.496111975116641,0.31832298136646,1,0.312399355877617,0.310126582278481,0.314935064935065,0.323899371069182,1,0.30064308681672,1,0.426100628930818,0.326656394453005,1,0.316692667706708,1,0.591572123176661,0.323671497584541,1,0.309033280507132,0.306836248012719,0.32695374800638,0.984447900466563,0.320695102685624,1,0.310509554140127,1,0.317073170731707,1,0.590551181102362,0.293291731669267,0.0388349514563107,0.289389067524116,0.315541601255887,1,0.300469483568075,0.322784810126582,0.314873417721519,0.328,1,1,0.318840579710145,0.314375987361769,1,1,0.321928460342146,0.233070866141732,0.0245022970903522,0.694488188976378,1,0.00315457413249211,0.308527131782946,1,0.307073954983923,0.300155520995334,0.31496062992126,0.996840442338073,1,1,0.324615384615385,0.315789473684211,0.311912225705329,0.68362480127186,0.303656597774245,1,0.337519623233909,1,1,0.444617784711388,0.311897106109325,0.319182389937107,0.317384370015949,0.302215189873418,0.304975922953451,0.651017214397496,1,1,0.301261829652997,0.00467289719626168,0.31866464339909,0.31733746130031,0.312202852614897,0.303125,0.296,0.314024390243902,0.692307692307692,0.358461538461538,0.300314465408805,1,0.319620253164557,1,0.3046875,0.301612903225806,0.313971742543171,0.320512820512821,0.312,1,0.310344827586207,0.800319488817891,1,1,0.996789727126806,1,1,0.891760904684976,1,1,1,0.310664605873261,1,0.315270935960591,0,1,0.386996904024768,1,0.319182389937107,0.310897435897436,0.312796208530806,0.423380726698262,1,0.314152410575428,1,1,1,1,0,0.315541601255887,1,1,0.312893081761006,1,0.315301391035549,1,1,0.307073954983923,0.320126782884311,0.297339593114241,0.147487844408428,0.332797427652733,0,0.596385542168675,1,0.316614420062696,0.312698412698413,0.582298136645963,1,1,0.324324324324324,0.325842696629214,1,0.656,0.704730831973899,0.297297297297297,0.316393442622951,0.993817619783617,0.322222222222222,0.306990881458967,1,0.309375,0.296923076923077,1,0.303656597774245,0.318541996830428,0.307692307692308,0.3125,1,1,1,0.302362204724409,0.321086261980831,0.00630914826498423,0.992012779552716,0.320251177394035,1,1,0.308166409861325,0.321592649310873,0.297805642633229,0.315286624203822,0.309486780715397,1,0.3072,0.308426073131955,0.572357723577236,1,0.8432,1,0,1,0.31055900621118,1,1,0.421947449768161,0.998439937597504,0.319286871961102,1,0.30379746835443,0.299684542586751,0.3046875,1,1,0.30503144654088,0.393841166936791,0.605815831987076,0.297906602254428,1,1,1,0.314102564102564,1,0.220472440944882,1,1,1,1,0.317111459968603,1,0.313821138211382,0.327586206896552,0.680445151033386,0.29903536977492,1,0.320872274143302,0.310664605873261,0.306688417618271,1,0.3,1,0.315467075038285,0.474497681607419,0.316846986089645,0.320785597381342,0.30625,1,0.306836248012719,0.300940438871473,1,1,0.315132605304212,0.302839116719243,1,0.482225656877898,0.306581059390048,0.321144674085851,0.324031007751938,0.682098765432099,1,0.293159609120521,1,0.427215189873418,0.306853582554517,0,0.875195007800312,0.312399355877617,0.314194577352472,0,0.0361067503924647,0.977564102564103,0.315286624203822,1,0.311216429699842,0.310965630114566,1,0.320373250388802,0.310064935064935,0.674193548387097,1,0.312401883830455,0.314285714285714,1,0.310452418096724,0.303858520900322,1,0.336448598130841,0.302737520128824,0.309748427672956,0.329093799682035,0.799382716049383,1,0.977777777777778,1,1,0.00158982511923688,1,0.993650793650794,1,0.426073131955485,0.996789727126806,0.304075235109718,0.993788819875776,0.318181818181818,0.995297805642633,0.608231707317073,0.629107981220657,0.315625,0.308176100628931,0.642969984202212,0.312703583061889,0,0.6296875,0.684294871794872,0.309486780715397,0.00156494522691706,0.304761904761905,0.303317535545024,0.76984126984127,0.31832298136646,0.683464566929134,0.606741573033708,0.315457413249211,0.312111801242236,0.296411856474259,1,0.031866464339909,0,0.317757009345794,0.321316614420063,0.333863275039746,1,0.342229199372057,0.315047021943574,1,0.297971918876755,0.930926216640502,0.575516693163752,1,1,0.991582491582492,0.313846153846154,0.603715170278638,0.31832298136646,0.318255250403877,0.304552590266876,0.414976599063963,1,0.308544303797468,1,0.317152103559871,0.320450885668277,1,0.314009661835749,1,0.323151125401929,1,1,0.31496062992126,0,1,0.318541996830428,1,0.557120500782473,1,0.510204081632653,1,0.554140127388535,1,0.31139646869984,1,1,1,0.315625,0.324193548387097,0.31201248049922,0.346972176759411,0.331103678929766,0.307086614173228,1,0.311708860759494,1,1,0.32182103610675,0.304,0.312404287901991,0.383886255924171,0.316118935837246,1,1,0.319182389937107,0.314696485623003,0.633757961783439,0.592,0.305863708399366,0.312399355877617,1,0.303125,0.309707241910632,0.993690851735016,0.296596434359805,0.311708860759494,0,0.139968895800933,0.306836248012719,0.685410334346505,0.301412872841444,0.313479623824451,0.605590062111801,0.99685534591195,0.306477093206951,1,0.308777429467085,0.337539432176656,0.307448494453249,0.474339035769829,0.312693498452012,1,0.314728682170543,0.321656050955414,0.321428571428571,0.698924731182796,1,0.3216,0.320695102685624,0,0.321538461538462,0.998425196850394,0.946708463949843,1,0.309486780715397,0.306729264475743,0.31139646869984,0.589230769230769,1,0.596434359805511,0.32120253164557,1,1,0.957413249211357,0.676236044657097,0.322734499205087,0.357594936708861,0.312111801242236,0.311526479750779,1,1,0.52,0.639810426540284,1,1,0.998449612403101,0.693290734824281,1,0.322085889570552,0.690737833594976,1,0.322378716744914,0.314785373608903,0.308544303797468,0.996845425867508,1,0.645056726094003,0.315625,1,1,0.319938176197836,0.304953560371517,0.998442367601246,0,0.317535545023697,0.306962025316456,0.00794912559618442,0.308049535603715,1,0.304700162074554,1,0.152671755725191,0,0.901065449010654,0.315467075038285,1,1,0,0.00156739811912226,0.316957210776545,1,0.302588996763754,0.996913580246914,0.308306709265176,1,0.998407643312102,0.955414012738854,0.767080745341615,1,1,0.00630914826498423,1,0.513957307060755,0.32741935483871,0.671317829457364,0.324031007751938,1,0.302066772655008,0.680314960629921,1,1,0.309294871794872,0.620426829268293,0.323390894819466,0.585483870967742,0.967897271268058,0.330218068535826,0.602218700475436,0.0142857142857143,0.304552590266876,0.31911532385466,0.316118935837246,1,0.638759689922481,0.297507788161994,0.879614767255217,0.595432300163132,0.9609375,1,1,0.309859154929577,0.32794830371567,0.302066772655008,0.306853582554517,0.311320754716981,0.617824773413897,0.29984544049459,0,0.675840978593272,0.998452012383901,0.318611987381703,0.302737520128824,0.317741935483871,0.313084112149533,0.611635220125786,1,0.329652996845426,0.328571428571429,0.331168831168831,0.316129032258064,0.304953560371517,0.307332293291732,0.198757763975155,0.693418940609952,0.312796208530806,0.598746081504702,1,0.236677115987461,0.313880126182965,0.917329093799682,1,1,0.307210031347962,0.634920634920635,1,0.306625577812018,0.300314465408805,0.951026856240126,1,1,0.9967585089141,0.306976744186047,1,1,0.895238095238095,1,0.342229199372057,1,0.592356687898089,1,0.672386895475819,0.304347826086957,0.606109324758842,1,1,0.992025518341308,0.321372854914197,0.320512820512821,0.317741935483871,0.317683881064163,0.320388349514563,0.325281803542673,0.980738362760835,0.307692307692308,1,1,0.708722741433022,0,0.308176100628931,0.309486780715397,0.677966101694915,1,0.56140350877193,0.317972350230415,0.640822784810127,0.309148264984227,0.312399355877617,1,0.303656597774245,0.315436241610738,0.676375404530744,0.908196721311475,0.315151515151515,0.603503184713376,0.578947368421053,0.319182389937107,0.320907617504052,0.298273155416013,0.592592592592593,0.693396226415094,1,0.891547049441786,1,0.670347003154574,0.996763754045307,0.598726114649682,0.308176100628931,0.32300163132137,1,1,0.432646592709984,0.992150706436421,0.996879875195008,1,0.309006211180124,0.32753164556962,1,0.309880239520958,0.687888198757764,0.319422150882825,0.46129541864139,0.298217179902755,0,0.308980213089802,1,1,0.598746081504702,0.0015625,0.322784810126582,0.323899371069182,0.106109324758842,0.413680781758958,1,1,0.307210031347962,1,0.412130637636081,1,0.318952234206472,0.586314152410575,0.31911532385466,0.307936507936508,1,0,1,0.299840510366826,0.309178743961353,1,1,1,0.437699680511182,1,0.31378763866878,0.621875,0.328050713153724,0.326298701298701,0.00155763239875389,0.0476947535771065,1,0.619273301737757,1,0.320695102685624,0.320846905537459,1,1,0.172741679873217,0.313291139240506,1,0.895865237366003,1,0.31055900621118,0.206022187004754,0.678740157480315,1,1,1,1,1,0.288401253918495,0.302215189873418,1,0.118421052631579,0.00162074554294976,0.438485804416404,0,0.320754716981132,1,0.678855325914149,1,1,0.8921875,1,0.683307332293292,1,1,1,1
"106",1,1,1,1,1,1,0.694888178913738,1,1,0.0995184590690209,1,0.043956043956044,0.80824088748019,1,0.315372424722662,0.305900621118012,0.0595611285266458,0.684210526315789,1,1,0.296825396825397,0.321711568938193,1,0.15962441314554,1,0.321928460342146,0.310789049919485,1,1,0.784911717495987,0.307210031347962,0.725705329153605,0.960753532182104,0.315286624203822,0,1,0.531847133757962,1,0.30441400304414,1,0.656500802568218,0.682464454976303,0.684782608695652,1,1,0.319218241042345,0.320450885668277,0.304953560371517,0.325038880248834,0.319314641744548,0,1,0.309968847352025,1,1,0.510268562401264,0.561797752808989,1,1,1,0.328125,0.31637519872814,0.314465408805031,0.680817610062893,1,1,0.0345911949685535,1,0.0549618320610687,0.31832298136646,1,0.3125,0.324149108589951,0.958881578947368,0.511737089201878,1,0.309230769230769,0.336434108527132,1,0.321486268174475,0.0868852459016393,0.31687898089172,0.320512820512821,1,0.335423197492163,1,1,1,1,0.690402476780186,1,1,0,0.107644305772231,1,0.0460829493087558,0,1,0.558292282430213,0.683042789223455,1,0.0522151898734177,0.305900621118012,1,0.311605723370429,1,0.688679245283019,1,0.321928460342146,0.317460317460317,0.313971742543171,1,0.322222222222222,1,0.480559875583204,1,0.311526479750779,0.310077519379845,0.325190839694657,0.322222222222222,0.474763406940063,0.998442367601246,0.32,0.313408723747981,1,0.306853582554517,1,1,0.3390625,0.554012345679012,1,0.310618066561014,1,0.0427480916030534,1,0.312693498452012,0.671826625386997,0.33489827856025,0.937402190923318,0.432956381260097,0.103833865814696,0.0932069510268562,1,1,0.331723027375201,1,0.314503816793893,1,0.805946791862285,1,0.316720257234727,1,1,1,1,0.332278481012658,1,0.314641744548287,0.259720062208398,1,0.307453416149068,1,0.306962025316456,0.0796178343949045,1,0.312202852614897,1,1,1,0.327718223583461,1,0.329052969502408,1,0.310618066561014,1,0.317610062893082,0.0702028081123245,1,0.641479099678457,1,1,0.312698412698413,1,1,1,1,0.317034700315457,0.304482225656878,1,0.998430141287284,0.319444444444444,0.306089743589744,1,0.447040498442368,0.663650075414781,0,0.314873417721519,0.66877971473851,1,0.32093023255814,1,0.998480243161094,1,0.313385826771654,0.315301391035549,0.322683706070288,1,1,1,0,1,0.312,0.972886762360447,0.322115384615385,0.305511811023622,0.75195007800312,1,1,1,1,1,0.0440944881889764,0.316211878009631,0.321766561514196,1,0.682316118935837,1,1,0.998425196850394,0.998417721518987,1,1,0.00317965023847377,0.328220858895706,1,0.312,1,0.305993690851735,1,1,1,1,1,0.319488817891374,1,0.510500807754443,0.330721003134796,0.31937984496124,0.310015898251192,0.320754716981132,0.32475884244373,0.4176,0.324324324324324,0.321875,0.314375987361769,1,0.31911532385466,1,0.684210526315789,0.318181818181818,0.315870570107858,0.334394904458599,1,1,1,0.26148969889065,0.3140625,1,0.313099041533546,0.323619631901841,0.313572542901716,0.321928460342146,0.67879746835443,1,0.317901234567901,0.3136,1,0.307814992025518,1,0.3140625,0.317683881064163,1,1,1,0.541341653666147,1,0.690363349131122,0.0769230769230769,0.308176100628931,1,1,0.0951638065522621,0.325508607198748,0.323529411764706,1,1,0.3015625,0.0234375,0.0032,1,1,0.336405529953917,1,1,0.308892355694228,1,1,0.317111459968603,1,1,1,1,0.319620253164557,0.306748466257669,0.319805194805195,1,1,0.672386895475819,0.319314641744548,1,0.313084112149533,0.303937007874016,1,1,0.998439937597504,1,1,0.333865814696486,1,1,0.108766233766234,0.3328173374613,0.493610223642172,0.311501597444089,0.675039246467818,0.316279069767442,1,0.303225806451613,0.337078651685393,0.269890795631825,0.31924882629108,1,0.317147192716237,1,1,1,0.310509554140127,0.3198127925117,0.998420221169036,0.931596091205212,0.0600315955766193,1,0.315625,0.319488817891374,0.307814992025518,1,0.326186830015314,0.463722397476341,0.324492979719189,0.302362204724409,0.312101910828025,0.309409888357257,1,0.318327974276527,1,1,0,1,0.324451410658307,1,1,1,0.329617834394904,1,0.313408723747981,1,0.83596214511041,1,1,1,0.310344827586207,1,1,0.30829420970266,0.309859154929577,1,1,0.308777429467085,0.188854489164087,1,0.998442367601246,1,0,0.309791332263242,1,0.307086614173228,0.252782193958665,1,0.671875,0.436619718309859,1,1,0.680365296803653,0.703470031545741,0.343354430379747,1,0.325320512820513,1,1,0.323854660347551,1,0.998387096774194,0.00469483568075117,0.329153605015674,1,1,0.313694267515924,1,1,0.311501597444089,0.339563862928349,1,1,1,0.532407407407407,0.309262166405024,0.333855799373041,0.317629179331307,0.329093799682035,0.692926045016077,0.318818040435459,0.320872274143302,0.309341500765697,0.251177394034537,0.323529411764706,1,0.318818040435459,0.998392282958199,0.313572542901716,0.0763473053892216,0.0476190476190476,1,1,0.0365079365079365,1,0.689547581903276,0.0412698412698413,0.008,1,0.672926447574335,1,1,0.550079491255962,1,0,0.0689102564102564,1,1,1,0.322327044025157,0.652905198776758,0.701149425287356,0.992125984251969,1,0.984326018808777,0.3008,0.338050314465409,1,0.307936507936508,1,0.373626373626374,0.1056,0.303514376996805,0.319508448540707,0.338308457711443,1,0.0745341614906832,1,1,1,0.269470404984424,0.321711568938193,1,0.321086261980831,1,1,0.30625,1,0.318796992481203,1,0.311111111111111,0.328571428571429,1,0.678343949044586,0.315068493150685,1,0.311793214862682,0.758998435054773,0.311827956989247,0.161741835147745,0.326251896813354,0.771428571428571,0.306349206349206,1,0.322429906542056,0.331768388106416,0.2859375,1,1,1,0.9696,0.347753743760399,1,0.320197044334975,1,0.32137030995106,0.312307692307692,1,1,1,0.923076923076923,1,0.303265940902022,0.320373250388802,1,1,0.0483870967741935,0.074313408723748,1,1,0.298887122416534,1,1,0.310897435897436,1,1,0.683464566929134,0.531587057010786,1,0,1,1,0.0980091883614089,0.319554848966614,1,0.32348367029549,0.9984375,0.963836477987421,0.998422712933754,0.814701378254211,1,0.330097087378641,1,1,1,0,0.317589576547231,1,1,0.677725118483412,1,0.315457413249211,0.361635220125786,0.318611987381703,1,1,1,0.088785046728972,0.323624595469256,0.0834670947030498,0.998415213946117,0.305295950155763,0.30564263322884,0.352664576802508,0,1,0.959055118110236,1,1,0.31496062992126,0.302936630602782,0.159420289855072,0.0360501567398119,0.323343848580442,0.310509554140127,0.32093023255814,0,0.313880126182965,1,0,0.314728682170543,1,1,1,0.31733746130031,0.320433436532508,0.0359477124183007,1,0.303174603174603,0.312893081761006,1,1,0.318110236220472,0.690789473684211,1,1,0.688291139240506,1,0.308049535603715,1,0.323248407643312,0.522273425499232,0.672839506172839,0.403348554033486,1,0.301538461538462,0.314375987361769,0.67906976744186,0.667711598746082,1,0.322932917316693,1,0.320182094081942,1,0.315457413249211,0.315112540192926,0.351014040561622,0.529225908372828,0.321543408360129,0.302839116719243,0.664025356576862,0.320872274143302,0.146774193548387,1,0,1,0.290322580645161,1,0,0.315457413249211,0.31629392971246,1,0.0546282245827011,1,0.0853462157809984,0.344497607655502,1,0.0581761006289308,0.6703125,1,1,1,0.309061488673139,0.0388802488335925,1,0.425196850393701,0.0944,0.353941267387944,0.317757009345794,0.321699544764795,1,1,1,1,1,0.0600924499229584,0.995356037151703,0.693023255813954,0.00303951367781155,0.322530864197531,1,1,1,1,0.0859375,0.30757341576507,1,1,1,1,1,1,0.482059282371295,0,1,0.080188679245283,0.319182389937107,0.435054773082942,1,0.393203883495146,0.316749585406302,0.311811023622047,1,0.0390625,0.318885448916409,1,1,0.371473354231975,0.305379746835443,0.316770186335404,0.313504823151125,0.998447204968944,0.323624595469256,0.32398753894081,0.413249211356467,0.321711568938193,0.973805855161787,0.315301391035549,0.086038961038961,0.3203125,0,1,0.0852090032154341,0.304140127388535,0.318541996830428,0.312903225806452,1,1,1,1,1,1,0.335515548281506,1,0.315955766192733,0.317032040472175,0.610675039246468,0.676751592356688,1,1,0,0.316436251920123,0.118670886075949,0.998452012383901,0.0333863275039746,1,1,0.319047619047619,1,1,0.629449838187702,0.424342105263158,0.995440729483283,0.0752864157119476,0.0972886762360447,1,1,1,0.0838607594936709,0,0.317829457364341,0.415213946117274,0.317484662576687,0,0.32475884244373,0.0817307692307692,1,1,0.315384615384615,0.325,0.2496,0.336,0.312597200622084,0.314728682170543,1,1,0.3248,1,0,1,0.225755166931638,1,0.678018575851393,1,0.305295950155763,0.305194805194805,0.0728682170542636,0.675925925925926,1,1,0.778471138845554,0.891056910569106,0.316639741518578,0.308562197092084,1,0.314873417721519,0.266773162939297,0.312703583061889,1,0.0990566037735849,1,1,0.318181818181818,0.686084142394822,0.307324840764331,1,1,0.299373040752351,0.306729264475743,0.316770186335404,0.85829307568438,0.312698412698413,1,0.0513219284603421,1,1,0.687595712098009,0.651898734177215,0.320846905537459,0.053125,0.315457413249211,1,1,0.306477093206951,0.329652996845426,0.614664586583463,1,0.30521472392638,0.36979969183359,0.311145510835913,0.98297213622291,0.458990536277603,0.00157232704402516,0.305993690851735,0.31859756097561,0.326892109500805,0.315533980582524,0.308755760368664,0.970948012232416,1,0.319938176197836,0.541062801932367,0.682847896440129,0.24375,0.691056910569106,1,0.331230283911672,0.00318979266347687,0.326433121019108,0.312302839116719,0.35968992248062,0.314285714285714,0,0.333855799373041,0.317230273752013,0.322683706070288,0.316037735849057
"107",0.706539074960128,0.687106918238994,0.694099378881988,0.676751592356688,0.686520376175549,0.7,0.987158908507223,0.687797147385103,0.695517774343122,0.421974522292994,0.686064318529862,0.359877488514548,0.473354231974922,0.6801872074883,0,0,0.376744186046512,1,0.678855325914149,0.701399688958009,0,0,0.682098765432099,0.487538940809969,0.692077727952167,0,0,0.665589660743134,0.69558599695586,0.469483568075117,0,0.397849462365591,0.638036809815951,0.00317965023847377,0.331761006289308,0.692556634304207,0.8671875,0.684532924961715,0,0.69618320610687,0.99685534591195,1,1,0.670364500792393,0.687797147385103,0,0.00470219435736677,0,0,0,0.306976744186047,0.677777777777778,0,0.674846625766871,0.691950464396285,0.172523961661342,0.879556259904913,0.680379746835443,0.690031152647975,0.6796875,0.00771604938271605,0,0,0.996825396825397,0.6848,0.684458398744113,0.338658146964856,0.6765625,0.385885885885886,0,0.689230769230769,0,0,0.731825525040388,0.847328244274809,0.686186186186186,0,0.00309119010819165,0.688372093023256,0,0.387358184764992,0,0,0.68140243902439,0,0.687125748502994,0.684542586750789,0.669796557120501,0.684952978056426,1,0.682389937106918,0.679389312977099,0.309597523219814,0.414330218068536,0.694620253164557,0.358231707317073,0.315870570107858,0.684698608964451,0.886217948717949,1,0.688575899843505,0.381846635367762,0,0.689210950080515,0,0.688679245283019,1,0.684458398744113,0,0,0,0.698907956318253,0.00467289719626168,0.682464454976303,0.806451612903226,0.69578313253012,0,0.62826420890937,0,0,0.814241486068111,0.689922480620155,0,0,0.677519379844961,0,0.690119760479042,0.685714285714286,0.642301710730949,0.246969696969697,0.687203791469194,0,0.678071539657854,0.363636363636364,0.672552166934189,0,0.998466257668712,0,0.630602782071097,0.11869918699187,0.4234375,0.402496099843994,0.687402799377916,0.675675675675676,0,0.695924764890282,0,0.696875,0.487616099071207,0.680851063829787,0,0.682888540031397,0.681818181818182,0.679304897314376,0.678233438485804,0,0.691472868217054,0,0.57469512195122,0.682852807283763,0,0.685975609756098,0,0.403785488958991,0.688995215311005,0,0.687697160883281,0.691603053435115,0.668740279937792,0.0107858243451464,0.681318681318681,0,0.677165354330709,0,0.691056910569106,0,0.404984423676012,0.705426356589147,0.966129032258065,0.705882352941177,0.687402799377916,0,0.694968553459119,0.68960244648318,0.683307332293292,0.677966101694915,0,0,0.681962025316456,0.678461538461538,0,0,0.691244239631336,0.76625386996904,0.977611940298508,0.309119010819165,0,0.996904024767802,0.689922480620155,0,0.680952380952381,0.691358024691358,0.68380062305296,0.00304878048780488,0,0,0.6797583081571,0.685897435897436,0.684292379471229,0.313572542901716,0.69375,0,0.663522012578616,0,0,0.573872472783826,0.680952380952381,0.682779456193353,0.674418604651163,0.70404984423676,0.687106918238994,0.352664576802508,0,0,0.68558282208589,0.996955859969559,0.678407350689127,0.68609865470852,0.685185185185185,0.70015455950541,0.705329153605016,0.689497716894977,0.297971918876755,0.638330757341577,0.695652173913043,0,0.677067082683307,0,0.694656488549618,0.697305863708399,0.689655172413793,0.676100628930818,0.688188976377953,0,0.681538461538462,0.190251572327044,0,0,0.00315955766192733,0,0,0.115569823434992,0,0,0,0.690658499234303,0,0.681229773462783,1,0,0.623076923076923,0,0.68312101910828,0.682965299684543,0.6875,0.595238095238095,0,0.683409436834094,0,0,0,0,1,0.691823899371069,0,0,0.682170542635659,0,0.6797583081571,0,0,0.694488188976378,0.681818181818182,0.704791344667697,0.856702619414484,0.6768,1,0.403030303030303,0,0.684451219512195,0.683881064162754,0.421461897356143,0,0,0.682258064516129,0.675632911392405,0,0.342064714946071,0.302737520128824,0.695238095238095,0.678972712680578,0.00768049155145929,0.671850699844479,0.698340874811463,0,0.685358255451713,0.696923076923077,0,0.692667706708268,0.682737169517885,0.692068429237947,0.686244204018547,0,0,0,0.702325581395349,0.676703645007924,0.992223950233281,0.00622083981337481,0.676190476190476,0,0,0.690076335877863,0.673813169984686,0.699844479004666,0.686915887850467,0.686244204018547,0,0.691222570532915,0.694835680751174,0.433281004709576,0,0.170111287758347,0,1,0,0.675925925925926,0,0,0.591962905718702,0.00153846153846154,0.683544303797468,0,0.695447409733124,0.702954898911353,0.693023255813954,0,0,0.691950464396285,0.599025974025974,0.383540372670807,0.699523052464229,0,0,0,0.682615629984051,0,0.808049535603715,0,0,0,0,0.6828125,0,0.686591276252019,0.668195718654434,0.314728682170543,0.705128205128205,0,0.682316118935837,0.692541856925419,0.681744749596123,0,0.69431643625192,0,0.684848484848485,0.507064364207221,0.683307332293292,0.68362480127186,0.69218989280245,0,0.686915887850467,0.702830188679245,0,0,0.682098765432099,0.697063369397218,0,0.531393568147014,0.692667706708268,0.679506933744222,0.678627145085803,0.312989045383412,0,0.713592233009709,0,0.596244131455399,0.691338582677165,1,0.110438729198185,0.681089743589744,0.685185185185185,1,0.968553459119497,0.0191082802547771,0.694099378881988,0,0.693396226415094,0.686708860759494,0,0.678516228748068,0.685214626391097,0.3234375,0,0.681318681318681,0.676236044657097,0,0.691950464396285,0.691082802547771,0,0.674961119751166,0.688888888888889,0.686119873817035,0.676100628930818,0.184331797235023,0,0.0203761755485893,0,0,0.998430141287284,0,0.00470957613814757,0,0.586477987421384,0.00324675324675325,0.693251533742331,0.00458015267175573,0.67032967032967,0.00308641975308642,0.393393393393393,0.370030581039755,0.689393939393939,0.694992412746586,0.35423197492163,0.685303514376997,1,0.363494539781591,0.311424100156495,0.692073170731707,0.998466257668712,0.692901234567901,0.693721286370597,0.233644859813084,0.685670261941448,0.311728395061728,0.4016,0.689922480620155,0.687211093990755,0.7015625,0,0.973013493253373,1,0.690184049079755,0.680061823802164,0.671296296296296,0,0.671899529042386,0.683076923076923,0,0.693498452012384,0.0623052959501558,0.424920127795527,0,0,0.00330578512396694,0.680786686838124,0.392156862745098,0.68429003021148,0.692307692307692,0.683962264150943,0.588325652841782,0,0.696875,0,0.679611650485437,0.680952380952381,0,0.681020733652313,0,0.681388012618297,0,0,0.68266253869969,1,0,0.678516228748068,0,0.425269645608629,0,0.488549618320611,0,0.426356589147287,0,0.6832,0,0,0,0.696875,0.674603174603175,0.685887708649469,0.655896607431341,0.676375404530744,0.698289269051322,0,0.684542586750789,0,0,0.67817896389325,0.690590111642743,0.690548780487805,0.625786163522013,0.675968992248062,0,0,0.680981595092024,0.679936305732484,0.366771159874608,0.404761904761905,0.687598116169545,0.691823899371069,0,0.691131498470948,0.684931506849315,0.00623052959501558,0.69377990430622,0.690184049079755,1,0.870229007633588,0.684867394695788,0.325373134328358,0.687402799377916,0.680555555555556,0.405120481927711,0.00315457413249211,0.698412698412698,0,0.688679245283019,0.66031746031746,0.688172043010753,0.515432098765432,0.684952978056426,0,0.68,0.68362480127186,0.666136724960254,0.313455657492355,0,0.680817610062893,0.684292379471229,1,0.680916030534351,0.0015527950310559,0.0483619344773791,0,0.691107644305772,0.684210526315789,0.691943127962085,0.420647149460709,0,0.413738019169329,0.665605095541401,0,0,0.0372093023255814,0.31687898089172,0.673879443585781,0.641744548286604,0.686335403726708,0.692546583850932,0,0,0.492163009404389,0.364207221350078,0,0,0.0015220700152207,0.300314465408805,0,0.682299546142209,0.311811023622047,0,0.680685358255452,0.685534591194969,0.684292379471229,0.00305810397553517,0,0.346278317152104,0.684049079754601,0,0,0.674311926605505,0.693146417445483,0.00153609831029186,1,0.696,0.695859872611465,0.995268138801262,0.694656488549618,0,0.691455696202532,0,0.858447488584475,1,0.099388379204893,0.66820987654321,0,0,1,0.998461538461539,0.6765625,0,0.696920583468395,0.00303030303030303,0.694704049844237,0,0,0.0342679127725857,0.23208722741433,0,0,0.996884735202492,0,0.481481481481481,0.68075117370892,0.323029366306028,0.67651632970451,0,0.700636942675159,0.320987654320988,0,0,0.685393258426966,0.380368098159509,0.679878048780488,0.410459587955626,0.0266457680250784,0.670866141732283,0.390243902439024,0.987692307692308,0.70015455950541,0.684867394695788,0.682515337423313,0,0.360182370820669,0.698924731182796,0.105095541401274,0.413249211356467,0.0349013657056146,0,0,0.694006309148265,0.666666666666667,0.688,0.687116564417178,0.695987654320988,0.383458646616541,0.702325581395349,1,0.321428571428571,0.00155763239875389,0.666151468315301,0.699530516431925,0.694888178913738,0.684931506849315,0.393798449612403,0,0.673252279635258,0.667716535433071,0.67205169628433,0.682615629984051,0.689922480620155,0.690363349131122,0.814307458143075,0.321766561514196,0.686614173228347,0.400611620795107,0,0.771028037383178,0.682242990654206,0.0791139240506329,0,0,0.689274447949527,0.364632237871674,0,0.692068429237947,0.706436420722135,0.04858934169279,0,0,0.00317965023847377,0.683076923076923,0,0,0.107936507936508,0,0.654907975460123,0,0.400630914826498,0,0.319634703196347,0.690031152647975,0.399684044233807,0,0,0.00796178343949045,0.675840978593272,0.679626749611198,0.677471636952998,0.680981595092024,0.670906200317965,0.679873217115689,0.0173501577287066,0.689335394126739,0,0,0.293838862559242,1,0.685185185185185,0.687116564417178,0.315132605304212,0,0.43730407523511,0.681957186544342,0.353582554517134,0.693623639191291,0.6848,0,0.687898089171974,0.685761047463175,0.316957210776545,0.0933544303797468,0.672106824925816,0.382911392405063,0.424878836833603,0.68062015503876,0.679873217115689,0.700460829493088,0.400928792569659,0.316692667706708,0,0.103448275862069,0,0.332302936630603,0.00316957210776545,0.403785488958991,0.6890625,0.677672955974843,0,0,0.585780525502318,0.00476190476190476,0.00152671755725191,0,0.690993788819876,0.685358255451713,0,0.682563338301043,0.314241486068111,0.6734375,0.55608214849921,0.697784810126582,1,0.693498452012384,0,0,0.404320987654321,0.998444790046656,0.676056338028169,0.687402799377916,0.902325581395349,0.59775641025641,0,0,0.688473520249221,0,0.602218700475436,0,0.678733031674208,0.414860681114551,0.676609105180534,0.6828125,0,1,0,0.696,0.683464566929134,0,0,0,0.546021840873635,0,0.68503937007874,0.382352941176471,0.67651632970451,0.684466019417476,0.998475609756098,0.957547169811321,0,0.372093023255814,0,0.680061823802164,0.676145339652449,0,0,0.839563862928349,0.6859375,0,0.0924499229583975,0,0.681887366818874,0.8109375,0.329738058551618,0,0,0,0,0,0.715396578538103,0.699088145896657,0,0.882075471698113,0.998402555910543,0.570121951219512,1,0.672868217054264,0,0.312401883830455,0,0,0.109062980030722,0,0.316770186335404,0,0,0,0
"108",1,1,1,1,1,1,0.700636942675159,1,1,0.105519480519481,1,0.048062015503876,0.812006319115324,1,0.318110236220472,0.313385826771654,0.0708782742681048,0.683360258481422,1,1,0.295418641390205,0.311605723370429,1,0.166666666666667,1,0.327131782945736,0.324881141045959,1,1,0.7872,0.319875776397516,0.727129337539432,0.96551724137931,0.317829457364341,0,1,0.54874213836478,1,0.309559939301973,1,0.666666666666667,0.687789799072643,0.690292758089368,1,1,0.322222222222222,0.321086261980831,0.317411402157165,0.331269349845201,0.324574961360124,0,1,0.313084112149533,1,1,0.488151658767773,0.564668769716088,1,1,1,0.333848531684699,0.322169059011164,0.31637519872814,0.677621283255086,1,1,0.0393700787401575,1,0.060882800608828,0.317901234567901,1,0.322327044025157,0.321656050955414,0.959935897435897,0.519142419601838,1,0.316770186335404,0.342635658914729,1,0.318110236220472,0.0889967637540453,0.328050713153724,0.327586206896552,1,0.342635658914729,1,1,1,1,0.693270735524257,1,1,0,0.106317411402157,1,0.0491551459293395,0,1,0.561904761904762,0.674641148325359,1,0.0603174603174603,0.318681318681319,1,0.3136,1,0.684458398744113,1,0.320574162679426,0.317262830482115,0.321372854914197,1,0.331775700934579,1,0.492378048780488,1,0.314641744548287,0.302652106084243,0.323529411764706,0.324367088607595,0.4828125,0.998420221169036,0.319508448540707,0.317230273752013,1,0.308892355694228,1,1,0.338050314465409,0.559505409582689,1,0.31875,1,0.0437405731523379,1,0.315384615384615,0.675883256528418,0.328660436137072,0.928012519561815,0.442338072669826,0.10641627543036,0.101426307448494,1,1,0.333855799373041,1,0.31981981981982,1,0.8,1,0.323151125401929,1,1,1,1,0.332807570977918,1,0.329617834394904,0.257009345794392,1,0.321428571428571,1,0.303656597774245,0.0909090909090909,1,0.312796208530806,1,1,1,0.349378881987578,1,0.328571428571429,1,0.314873417721519,1,0.319182389937107,0.0783410138248848,1,0.637846655791191,1,1,0.319488817891374,1,1,1,1,0.327073552425665,0.31441717791411,1,0.998442367601246,0.313455657492355,0.308186195826645,1,0.468944099378882,0.667175572519084,0,0.321428571428571,0.6624,1,0.322378716744914,1,0.998470948012232,1,0.321928460342146,0.317629179331307,0.326366559485531,1,1,1,0,1,0.309636650868878,0.975039001560062,0.325434439178515,0.31733746130031,0.754303599374022,1,1,1,1,1,0.0432766615146832,0.320126782884311,0.329192546583851,1,0.670769230769231,1,1,0.998452012383901,0.998452012383901,1,1,0.003125,0.324574961360124,1,0.314285714285714,1,0.303265940902022,1,1,1,1,1,0.319875776397516,1,0.506309148264984,0.326018808777429,0.332302936630603,0.323809523809524,0.325949367088608,0.333333333333333,0.424483306836248,0.330203442879499,0.316358024691358,0.313572542901716,1,0.319444444444444,1,0.685975609756098,0.320063694267516,0.315384615384615,0.333865814696486,1,1,1,0.263074484944533,0.31974921630094,1,0.325984251968504,0.329770992366412,0.318611987381703,0.322480620155039,0.676751592356688,1,0.324451410658307,0.3152,1,0.304838709677419,1,0.314024390243902,0.316358024691358,1,1,1,0.553968253968254,1,0.681388012618297,0.086232980332829,0.322932917316693,1,1,0.102009273570325,0.321928460342146,0.337559429477021,1,1,0.310185185185185,0.0261136712749616,0.00318471337579618,1,1,0.335365853658537,0.998452012383901,1,0.31619937694704,1,1,0.319508448540707,1,1,1,1,0.327613104524181,0.310136157337368,0.329073482428115,1,1,0.671826625386997,0.32484076433121,1,0.317411402157165,0.295774647887324,1,1,0.998410174880763,1,1,0.326594090202177,1,1,0.114832535885167,0.337962962962963,0.504731861198738,0.311708860759494,0.665620094191523,0.320872274143302,1,0.308056872037915,0.336463223787167,0.264385692068429,0.324615384615385,1,0.328290468986384,1,1,1,0.309748427672956,0.317557251908397,0.998456790123457,0.918138041733547,0.0666666666666667,1,0.320987654320988,0.322222222222222,0.309409888357257,1,0.331269349845201,0.472868217054264,0.32348367029549,0.313479623824451,0.32183908045977,0.3140625,1,0.327073552425665,1,1,0,1,0.323343848580442,1,1,1,0.337539432176656,1,0.315789473684211,1,0.830275229357798,1,1,1,0.317972350230415,1,1,0.308411214953271,0.316692667706708,1,1,0.315301391035549,0.192955589586524,1,0.9984375,1,0,0.3184,1,0.313755795981453,0.253543307086614,1,0.674347158218126,0.430769230769231,1,1,0.676646706586826,0.693522906793049,0.356466876971609,1,0.315047021943574,1,1,0.328616352201258,1,0.998425196850394,0.00782472613458529,0.32807570977918,1,1,0.323763955342903,1,1,0.317535545023697,0.335403726708075,1,1,1,0.527301092043682,0.311320754716981,0.353312302839117,0.323795180722892,0.333850931677019,0.686305732484076,0.325652841781874,0.332288401253919,0.319571865443425,0.242236024844721,0.318910256410256,1,0.328767123287671,0.998425196850394,0.315707620528771,0.0870229007633588,0.0540123456790123,1,1,0.0423197492163009,1,0.673879443585781,0.0422535211267606,0.0110935023771791,1,0.68025078369906,1,1,0.557692307692308,1,0,0.080824088748019,1,1,1,0.323943661971831,0.648967551622419,0.6848,0.993865030674847,1,0.984520123839009,0.308527131782946,0.344287949921753,1,0.306709265175719,1,0.371428571428571,0.106012658227848,0.309119010819165,0.328746177370031,0.341666666666667,1,0.086687306501548,1,1,1,0.261467889908257,0.328050713153724,1,0.322480620155039,1,1,0.307453416149068,1,0.326186830015314,1,0.31637519872814,0.319620253164557,1,0.676703645007924,0.321699544764795,1,0.315541601255887,0.758675078864353,0.315301391035549,0.16820987654321,0.318796992481203,0.766025641025641,0.309791332263242,1,0.328616352201258,0.338485316846986,0.301075268817204,1,1,1,0.973058637083994,0.3442088091354,1,0.320907617504052,1,0.318627450980392,0.316030534351145,1,1,1,0.91692789968652,1,0.313935681470138,0.322480620155039,1,1,0.053484602917342,0.0806962025316456,1,1,0.312399355877617,1,1,0.321766561514196,1,1,0.676145339652449,0.543511450381679,1,0,1,1,0.105504587155963,0.326594090202177,1,0.327639751552795,0.998430141287284,0.966981132075472,0.9984375,0.818604651162791,1,0.330618892508143,1,1,1,0,0.315270935960591,1,1,0.670886075949367,1,0.324451410658307,0.361669242658423,0.323343848580442,1,1,1,0.0953846153846154,0.321543408360129,0.0917721518987342,0.998425196850394,0.308049535603715,0.311450381679389,0.355140186915888,0,1,0.954545454545455,1,1,0.32753164556962,0.308282208588957,0.167987321711569,0.0423197492163009,0.322834645669291,0.316455696202532,0.328149300155521,0,0.309968847352025,1,0,0.320373250388802,1,1,1,0.325038880248834,0.326186830015314,0.0354838709677419,1,0.315789473684211,0.3125,1,1,0.32807570977918,0.69281045751634,1,1,0.687697160883281,1,0.310185185185185,1,0.318181818181818,0.53323029366306,0.667180277349769,0.415902140672783,1,0.308510638297872,0.321372854914197,0.677621283255086,0.666156202143951,1,0.320987654320988,1,0.321699544764795,1,0.315541601255887,0.315372424722662,0.347286821705426,0.528682170542636,0.311320754716981,0.308306709265176,0.664050235478807,0.331269349845201,0.152845528455285,1,0,1,0.297339593114241,1,0,0.325396825396825,0.317965023847377,1,0.0603318250377074,1,0.0916271721958926,0.340157480314961,1,0.0723270440251572,0.669242658423493,1,1,1,0.309061488673139,0.039039039039039,1,0.4203125,0.102893890675241,0.359567901234568,0.325077399380805,0.330275229357798,1,1,1,1,1,0.0690184049079755,0.996879875195008,0.67906976744186,0.00302114803625378,0.320872274143302,1,1,1,1,0.0874403815580286,0.318952234206472,1,1,1,1,1,1,0.490015360983103,0,1,0.0888208269525268,0.32398753894081,0.448062015503876,1,0.398073836276083,0.311986863711002,0.316535433070866,1,0.0425867507886435,0.321428571428571,1,1,0.3712,0.313846153846154,0.3203125,0.329581993569132,0.998435054773083,0.327503974562798,0.322530864197531,0.427892234548336,0.320574162679426,0.970633693972179,0.315629742033384,0.0885668276972625,0.331230283911672,0,1,0.089171974522293,0.309409888357257,0.326053042121685,0.3234375,1,1,1,1,1,1,0.333863275039746,1,0.318252730109204,0.316558441558442,0.618012422360248,0.678288431061807,1,1,0,0.319083969465649,0.122448979591837,0.998463901689708,0.0361635220125786,1,1,0.320754716981132,1,1,0.64171974522293,0.427876823338736,0.997014925373134,0.0812101910828025,0.0998415213946117,1,1,1,0.0870917573872473,0,0.316770186335404,0.416534181240064,0.319938176197836,0,0.326433121019108,0.0886075949367089,1,1,0.326594090202177,0.323574730354391,0.247261345852895,0.339652448657188,0.319314641744548,0.31924882629108,1,1,0.332283464566929,1,0,1,0.227848101265823,1,0.673946957878315,1,0.310236220472441,0.311183144246353,0.0822981366459627,0.672256097560976,1,1,0.7953125,0.891935483870968,0.310618066561014,0.31629392971246,1,0.322884012539185,0.264240506329114,0.322528363047002,1,0.105919003115265,1,1,0.317683881064163,0.680851063829787,0.310236220472441,1,1,0.308777429467085,0.309375,0.321212121212121,0.869218500797448,0.31687898089172,1,0.0589147286821705,1,1,0.69218989280245,0.655172413793103,0.327476038338658,0.059748427672956,0.322327044025157,1,1,0.313195548489666,0.334379905808477,0.622670807453416,1,0.310185185185185,0.381619937694704,0.313846153846154,0.987786259541985,0.482059282371295,0.0031201248049922,0.305772230889236,0.329754601226994,0.332278481012658,0.319870759289176,0.320182094081942,0.975193798449612,1,0.329721362229102,0.553921568627451,0.680952380952381,0.241809672386895,0.687196110210697,1,0.320251177394035,0.0015748031496063,0.333848531684699,0.309597523219814,0.375776397515528,0.323296354992076,0,0.332288401253919,0.322683706070288,0.328616352201258,0.317683881064163
"109",0.301458670988655,0.307570977917981,0.31619937694704,0.325878594249201,0.307931570762053,0.300314465408805,0.00970873786407767,0.319047619047619,0.308176100628931,0.567479674796748,0.318252730109204,0.64375,0.512903225806452,0.313178294573643,1,1,0.622496147919877,0,0.321086261980831,0.313291139240506,1,1,0.31832298136646,0.514913657770801,0.319018404907975,1,1,0.340322580645161,0.303738317757009,0.530448717948718,1,0.5875,0.372488408037094,0.995260663507109,0.673015873015873,0.311258278145695,0.124804992199688,0.322981366459627,1,0.299065420560748,0.00313479623824451,0,0,0.328571428571429,0.315457413249211,1,0.993720565149137,1,1,1,0.693023255813954,0.322683706070288,1,0.3125,0.312302839116719,0.825949367088608,0.117924528301887,0.317535545023697,0.317411402157165,0.321766561514196,0.99075500770416,1,1,0.00634920634920635,0.311582381729201,0.313385826771654,0.648,0.322632423756019,0.605828220858896,1,0.311827956989247,1,1,0.277960526315789,0.148499210110585,0.30781010719755,1,0.993779160186625,0.312977099236641,1,0.594462540716612,1,1,0.321981424148607,1,0.31937984496124,0.31687898089172,0.323296354992076,0.315047021943574,0,0.320063694267516,0.321699544764795,0.687106918238994,0.579109062980031,0.317034700315457,0.640672782874618,0.68312101910828,0.310664605873261,0.110749185667752,0,0.314553990610329,0.624203821656051,1,0.310236220472441,1,0.321928460342146,0,0.320574162679426,1,1,1,0.30757341576507,0.995283018867924,0.320126782884311,0.198767334360555,0.306748466257669,1,0.379416282642089,1,1,0.196540880503145,0.303317535545024,1,1,0.328682170542636,1,0.317629179331307,0.310769230769231,0.362928348909657,0.758725341426404,0.320574162679426,1,0.324881141045959,0.625954198473282,0.3344,1,0.00154798761609907,1,0.378716744913928,0.87741935483871,0.571428571428571,0.588888888888889,0.3125,0.319870759289176,1,0.309262166405024,1,0.299843014128728,0.49613601236476,0.317901234567901,1,0.313479623824451,0.309148264984227,0.327974276527331,0.321656050955414,1,0.305379746835443,1,0.432766615146832,0.322834645669291,1,0.320061255742726,1,0.587301587301587,0.320907617504052,1,0.312989045383412,0.309748427672956,0.329133858267717,0.984662576687117,0.3265625,1,0.321086261980831,1,0.314144736842105,1,0.582554517133956,0.299539170506912,0.0308441558441558,0.304278922345483,0.314785373608903,1,0.306603773584906,0.31974921630094,0.308641975308642,0.329173166926677,1,1,0.325320512820513,0.320126782884311,1,1,0.317262830482115,0.22848200312989,0.0225225225225225,0.686520376175549,1,0.00314465408805031,0.311248073959938,1,0.310897435897436,0.304482225656878,0.311320754716981,0.996845425867508,1,1,0.324200913242009,0.310679611650485,0.312989045383412,0.679425837320574,0.311526479750779,1,0.3375,1,1,0.43213728549142,0.315286624203822,0.31619937694704,0.323390894819466,0.296923076923077,0.311793214862682,0.644444444444444,1,1,0.31201248049922,0.00470957613814757,0.328173374613003,0.316436251920123,0.321144674085851,0.304625199362041,0.306349206349206,0.320182094081942,0.700920245398773,0.35474006116208,0.305426356589147,1,0.315447154471545,1,0.303875968992248,0.2992,0.311004784688995,0.329052969502408,0.306089743589744,1,0.326086956521739,0.8,1,1,0.996845425867508,1,1,0.887122416534181,1,1,1,0.326656394453005,1,0.31810766721044,0,1,0.377916018662519,1,0.324921135646688,0.316957210776545,0.320433436532508,0.42654028436019,1,0.32,1,1,1,1,0,0.313311688311688,1,1,0.319182389937107,1,0.318885448916409,1,1,0.304761904761905,0.318327974276527,0.30564263322884,0.143081761006289,0.320634920634921,0,0.584848484848485,1,0.318885448916409,0.316957210776545,0.576271186440678,1,1,0.32794830371567,0.327014218009479,1,0.657770800627943,0.697899838449112,0.302884615384615,0.317073170731707,0.992412746585736,0.331240188383046,0.304615384615385,1,0.3078125,0.300155520995334,1,0.302839116719243,0.315286624203822,0.308426073131955,0.317262830482115,1,1,1,0.308306709265176,0.318471337579618,0.00313479623824451,0.990461049284579,0.317965023847377,1,1,0.312210200927357,0.326120556414219,0.299843014128728,0.312202852614897,0.311145510835913,1,0.305993690851735,0.312693498452012,0.572347266881029,1,0.834645669291339,1,0,1,0.323619631901841,1,1,0.414976599063963,0.998442367601246,0.325281803542673,1,0.304761904761905,0.300157977883096,0.315467075038285,1,1,0.313971742543171,0.40655737704918,0.600961538461538,0.307324840764331,1,1,1,0.316558441558442,1,0.196875,1,1,1,1,0.327692307692308,1,0.315875613747954,0.331746031746032,0.684627575277338,0.305466237942122,1,0.32018927444795,0.319508448540707,0.311183144246353,1,0.300925925925926,1,0.319508448540707,0.473186119873817,0.318681318681319,0.315619967793881,0.309119010819165,1,0.31629392971246,0.302066772655008,1,1,0.314728682170543,0.315132605304212,1,0.483024691358025,0.303514376996805,0.323943661971831,0.330203442879499,0.685534591194969,1,0.297734627831715,1,0.421630094043887,0.314375987361769,0,0.886328725038402,0.322683706070288,0.3198127925117,0,0.029320987654321,0.977917981072555,0.309636650868878,1,0.303656597774245,0.308562197092084,1,0.31974921630094,0.31139646869984,0.672,1,0.318818040435459,0.31875,1,0.3140625,0.304838709677419,1,0.329738058551618,0.312101910828025,0.316037735849057,0.330173775671406,0.80521472392638,1,0.980769230769231,1,1,0.0016025641025641,1,0.993817619783617,1,0.425867507886435,0.996875,0.30564263322884,0.992260061919505,0.324534161490683,0.995290423861852,0.602134146341463,0.633181126331811,0.318885448916409,0.307098765432099,0.641509433962264,0.308064516129032,0,0.631496062992126,0.686900958466454,0.308641975308642,0.00154083204930663,0.308661417322835,0.306122448979592,0.7734375,0.314465408805031,0.684698608964451,0.585089141004862,0.320754716981132,0.319875776397516,0.299212598425197,1,0.0284431137724551,0,0.318181818181818,0.325396825396825,0.330708661417323,1,0.335987261146497,0.310452418096724,1,0.3046875,0.937205651491366,0.562300319488818,1,1,0.991680532445923,0.320552147239264,0.610510046367852,0.321646341463415,0.315960912052117,0.303405572755418,0.418320610687023,1,0.302547770700637,1,0.31973898858075,0.314696485623003,1,0.316455696202532,1,0.322932917316693,1,1,0.313385826771654,0,1,0.318818040435459,1,0.558461538461538,1,0.509287925696594,1,0.56031746031746,1,0.319554848966614,1,1,1,0.310664605873261,0.319422150882825,0.320610687022901,0.343598055105348,0.324503311258278,0.300940438871473,1,0.324451410658307,1,1,0.323529411764706,0.312796208530806,0.312693498452012,0.396196513470681,0.324534161490683,1,1,0.329192546583851,0.325320512820513,0.629337539432177,0.590189873417722,0.314465408805031,0.314285714285714,1,0.303405572755418,0.311728395061728,0.995334370139969,0.310289389067524,0.307692307692308,0,0.13125,0.316957210776545,0.682852807283763,0.306581059390048,0.31832298136646,0.594761171032357,0.996835443037975,0.313099041533546,1,0.31378763866878,0.34488188976378,0.3125,0.470404984423676,0.306477093206951,1,0.324281150159744,0.317965023847377,0.327476038338658,0.686728395061728,1,0.323671497584541,0.317972350230415,0,0.31937984496124,0.998422712933754,0.951334379905808,1,0.316846986089645,0.3198127925117,0.31378763866878,0.582568807339449,1,0.590243902439024,0.335987261146497,1,1,0.960815047021944,0.684044233807267,0.328050713153724,0.351014040561622,0.31839258114374,0.315301391035549,1,1,0.516025641025641,0.634645669291339,1,1,0.998444790046656,0.694805194805195,1,0.323664122137405,0.682539682539683,1,0.322222222222222,0.311424100156495,0.31687898089172,0.996923076923077,1,0.647249190938511,0.320251177394035,1,1,0.321483771251932,0.309262166405024,0.998430141287284,0,0.318910256410256,0.30503144654088,0.00797448165869218,0.314900153609831,1,0.300813008130081,1,0.134052388289676,0,0.895927601809955,0.321100917431193,1,1,0,0.00154320987654321,0.320695102685624,1,0.315024232633279,0.996937212863706,0.302547770700637,1,0.998420221169036,0.9578125,0.755102040816326,1,1,0.00625,1,0.515297906602254,0.324881141045959,0.678571428571429,0.327586206896552,1,0.300787401574803,0.673879443585781,1,1,0.32,0.614916286149163,0.327586206896552,0.580286168521463,0.966019417475728,0.331240188383046,0.6,0.0141287284144427,0.306962025316456,0.31832298136646,0.314589665653495,1,0.634375,0.309375,0.889776357827476,0.590032154340836,0.962848297213622,1,1,0.305772230889236,0.337078651685393,0.3088,0.302325581395349,0.312893081761006,0.616793893129771,0.30441400304414,0,0.675799086757991,0.998452012383901,0.321316614420063,0.304975922953451,0.3168,0.31832298136646,0.598145285935085,1,0.329704510108865,0.329073482428115,0.325769854132901,0.3168,0.314728682170543,0.312101910828025,0.183076923076923,0.679032258064516,0.319685039370079,0.5921875,1,0.225856697819315,0.319620253164557,0.919224555735057,1,1,0.314375987361769,0.6390625,1,0.310291858678955,0.296650717703349,0.94888178913738,1,1,0.996753246753247,0.318885448916409,1,1,0.891167192429022,1,0.348228043143297,1,0.586319218241042,1,0.666666666666667,0.310725552050473,0.594551282051282,1,1,0.990506329113924,0.321100917431193,0.3198127925117,0.317741935483871,0.3171875,0.325842696629214,0.323577235772358,0.979462875197472,0.302507836990596,1,1,0.698289269051322,0,0.317034700315457,0.311627906976744,0.684049079754601,1,0.558461538461538,0.32258064516129,0.646592709984152,0.312202852614897,0.314238952536825,1,0.309904153354633,0.309090909090909,0.687301587301587,0.900813008130081,0.320726172465961,0.59904912836767,0.572567783094099,0.321316614420063,0.32475884244373,0.298273155416013,0.585669781931464,0.682242990654206,1,0.899212598425197,1,0.666149068322981,0.996810207336523,0.589171974522293,0.308411214953271,0.318471337579618,1,1,0.434294871794872,0.99198717948718,0.996899224806202,1,0.312202852614897,0.315541601255887,1,0.31390134529148,0.690140845070423,0.33015873015873,0.463607594936709,0.298245614035088,0,0.308527131782946,1,1,0.593354430379747,0.00156985871271586,0.321428571428571,0.325281803542673,0.0899053627760252,0.415584415584416,1,1,0.308176100628931,1,0.414012738853503,1,0.327245053272451,0.582159624413146,0.318110236220472,0.313915857605178,1,0,1,0.301948051948052,0.317230273752013,1,1,1,0.421135646687697,1,0.32,0.618238021638331,0.321259842519685,0.326366559485531,0.00154559505409583,0.0405616224648986,1,0.623233908948195,1,0.321428571428571,0.3278955954323,1,1,0.149842271293375,0.306349206349206,1,0.895223420647149,1,0.315548780487805,0.186413902053712,0.677165354330709,1,1,1,1,1,0.285932721712538,0.30564263322884,1,0.103225806451613,0.00159744408945687,0.443057722308892,0,0.32018927444795,1,0.678288431061807,1,1,0.880763116057234,1,0.678571428571429,1,1,1,1
"110",0.300319488817891,0.312599681020734,0.3198127925117,0.328616352201258,0.31496062992126,0.305379746835443,0.0128205128205128,0.31924882629108,0.31937984496124,0.574603174603175,0.321592649310873,0.646153846153846,0.520504731861199,0.318037974683544,1,1,0.61890243902439,0,0.322734499205087,0.310832025117739,1,1,0.320493066255778,0.520801232665639,0.313455657492355,1,1,0.327922077922078,0.305597579425113,0.519685039370079,1,0.586314152410575,0.364906832298137,0.996894409937888,0.664050235478807,0.308943089430894,0.13953488372093,0.320493066255778,1,0.302652106084243,0.00159489633173844,0,0,0.327613104524181,0.320574162679426,1,0.995238095238095,1,1,1,0.688854489164087,0.320754716981132,1,0.327639751552795,0.319444444444444,0.826860841423948,0.129337539432177,0.323809523809524,0.321538461538462,0.3171875,0.992295839753467,1,1,0.00475435816164818,0.315533980582524,0.320987654320988,0.657232704402516,0.325038880248834,0.60790273556231,1,0.314241486068111,1,1,0.275752773375594,0.164086687306502,0.315629742033384,1,0.99537037037037,0.321044546850998,1,0.5984,1,1,0.322033898305085,1,0.324242424242424,0.314814814814815,0.325038880248834,0.31937984496124,0,0.319685039370079,0.322239031770045,0.688575899843505,0.579029733959311,0.315873015873016,0.639393939393939,0.678125,0.30757341576507,0.12540192926045,0,0.312202852614897,0.620094191522763,1,0.315619967793881,1,0.317460317460317,0,0.317262830482115,1,1,1,0.30564263322884,0.996899224806202,0.319875776397516,0.199074074074074,0.309309309309309,1,0.375963020030817,1,1,0.195892575039494,0.307210031347962,1,1,0.330289193302892,1,0.319465081723626,0.311278195488722,0.362928348909657,0.764885496183206,0.318327974276527,1,0.325984251968504,0.634036144578313,0.328548644338118,1,0.00155763239875389,1,0.375766871165644,0.886914378029079,0.583463338533541,0.591117917304747,0.311424100156495,0.322683706070288,1,0.314728682170543,1,0.30379746835443,0.500777604976672,0.323529411764706,1,0.310077519379845,0.318037974683544,0.322222222222222,0.325949367088608,1,0.313084112149533,1,0.431464174454829,0.321372854914197,1,0.321592649310873,1,0.584518167456556,0.324409448818898,1,0.314728682170543,0.317972350230415,0.328125,0.986153846153846,0.328593996840442,1,0.316692667706708,1,0.320512820512821,1,0.595645412130638,0.306976744186047,0.0304,0.294025157232704,0.313572542901716,1,0.304347826086957,0.326120556414219,0.324074074074074,0.3328125,1,1,0.32258064516129,0.319620253164557,1,1,0.322378716744914,0.239197530864198,0.019578313253012,0.690851735015773,1,0.00156739811912226,0.315068493150685,1,0.3168,0.309815950920245,0.32182103610675,0.996923076923077,1,1,0.335329341317365,0.3136,0.311550151975684,0.680445151033386,0.307210031347962,1,0.333855799373041,1,1,0.439370078740157,0.321486268174475,0.326186830015314,0.326625386996904,0.298600311041991,0.315047021943574,0.641065830721003,1,1,0.315301391035549,0.00461538461538462,0.322289156626506,0.319340329835082,0.326018808777429,0.306153846153846,0.302362204724409,0.31784107946027,0.692780337941628,0.358346094946401,0.298003072196621,1,0.325949367088608,1,0.310291858678955,0.305379746835443,0.3046875,0.323390894819466,0.311111111111111,1,0.324074074074074,0.801261829652997,1,1,0.998407643312102,1,1,0.895071542130366,1,1,1,0.311077389984825,1,0.317666126418152,0,1,0.385802469135802,1,0.318840579710145,0.323296354992076,0.314728682170543,0.418897637795276,1,0.325581395348837,1,1,1,1,0,0.315789473684211,1,1,0.318181818181818,1,0.319571865443425,1,1,0.314785373608903,0.317230273752013,0.302034428794992,0.148499210110585,0.324367088607595,0,0.593984962406015,1,0.322085889570552,0.31733746130031,0.576323987538941,1,1,0.327503974562798,0.32348367029549,1,0.651840490797546,0.698234349919743,0.308306709265176,0.324193548387097,0.998461538461539,0.326687116564417,0.298484848484848,1,0.322327044025157,0.311248073959938,1,0.300314465408805,0.320251177394035,0.312401883830455,0.3171875,1,1,1,0.314465408805031,0.326086956521739,0.00920245398773006,0.993650793650794,0.334935897435897,1,1,0.309341500765697,0.328290468986384,0.303738317757009,0.317460317460317,0.316998468606432,1,0.311111111111111,0.312111801242236,0.567783094098884,1,0.842679127725857,1,0,1,0.325373134328358,1,1,0.416923076923077,1,0.326498422712934,1,0.315625,0.303125,0.313364055299539,1,1,0.321981424148607,0.392063492063492,0.61875,0.304838709677419,1,1,1,0.3232,1,0.202808112324493,1,1,1,1,0.325508607198748,1,0.316558441558442,0.330781010719755,0.674491392801252,0.299373040752351,1,0.326086956521739,0.326687116564417,0.306581059390048,1,0.307098765432099,1,0.321646341463415,0.48062015503876,0.326498422712934,0.325949367088608,0.315384615384615,1,0.320063694267516,0.306603773584906,1,1,0.32018927444795,0.3125,1,0.478328173374613,0.316129032258064,0.328725038402458,0.330769230769231,0.683229813664596,1,0.294498381877023,1,0.419303797468354,0.3078125,0,0.88030303030303,0.317965023847377,0.318529862174579,0,0.0297339593114241,0.981220657276995,0.314873417721519,1,0.308306709265176,0.316614420062696,1,0.320493066255778,0.317111459968603,0.667189952904239,1,0.322480620155039,0.324409448818898,1,0.316923076923077,0.307814992025518,1,0.335889570552147,0.31496062992126,0.31924882629108,0.330721003134796,0.808411214953271,1,0.977883096366509,1,1,0.0015600624024961,1,0.993779160186625,1,0.425038639876352,0.998415213946117,0.314589665653495,0.995412844036697,0.329635499207607,0.996899224806202,0.602134146341463,0.62596599690881,0.320668693009119,0.314728682170543,0.644859813084112,0.317460317460317,0,0.625786163522013,0.682464454976303,0.323529411764706,0.00154559505409583,0.314285714285714,0.3078125,0.765822784810127,0.323574730354391,0.683881064162754,0.593949044585987,0.31201248049922,0.315068493150685,0.297507788161994,1,0.029673590504451,0,0.315870570107858,0.329230769230769,0.337461300309598,1,0.331230283911672,0.317829457364341,1,0.312883435582822,0.946624803767661,0.567307692307692,1,1,0.993464052287582,0.32312404287902,0.603715170278638,0.325825825825826,0.308681672025723,0.312401883830455,0.416024653312789,1,0.31496062992126,1,0.316037735849057,0.320695102685624,1,0.314465408805031,1,0.324492979719189,1,1,0.325,0,1,0.331782945736434,1,0.562596599690881,1,0.511664074650078,1,0.560250391236307,1,0.315286624203822,1,1,1,0.311424100156495,0.321144674085851,0.311926605504587,0.349840255591054,0.33442088091354,0.307931570762053,1,0.330218068535826,1,1,0.325581395348837,0.322834645669291,0.314900153609831,0.381703470031546,0.314674735249622,1,1,0.328660436137072,0.326984126984127,0.63275039745628,0.590909090909091,0.316614420062696,0.318979266347687,1,0.310077519379845,0.314984709480122,0.993710691823899,0.305331179321486,0.310344827586207,0,0.141779788838612,0.316923076923077,0.676204819277108,0.314465408805031,0.314814814814815,0.599388379204893,0.996860282574568,0.312399355877617,1,0.319182389937107,0.340189873417722,0.318110236220472,0.482334869431644,0.307086614173228,1,0.319314641744548,0.324281150159744,0.329617834394904,0.686635944700461,1,0.32741935483871,0.321428571428571,0,0.327131782945736,1,0.961597542242704,1,0.315870570107858,0.320813771517997,0.312893081761006,0.581039755351682,1,0.595541401273885,0.33175355450237,1,1,0.972179289026275,0.678125,0.325038880248834,0.351014040561622,0.316279069767442,0.323664122137405,1,1,0.509493670886076,0.633228840125392,1,1,1,0.691588785046729,1,0.321699544764795,0.686915887850467,1,0.325617283950617,0.317034700315457,0.321981424148607,0.998452012383901,1,0.65224358974359,0.319444444444444,1,1,0.326153846153846,0.309968847352025,1,0,0.315047021943574,0.311216429699842,0.00627943485086342,0.316358024691358,1,0.31201248049922,1,0.145061728395062,0,0.901664145234493,0.329754601226994,1,1,0,0.00154083204930663,0.332293291731669,1,0.315705128205128,0.998466257668712,0.3125,1,0.998425196850394,0.965189873417722,0.769706336939722,1,1,0.00465116279069767,1,0.509031198686371,0.316614420062696,0.672754946727549,0.329211746522411,1,0.306278713629403,0.666144200626959,1,1,0.317230273752013,0.619335347432024,0.326153846153846,0.58528951486698,0.976340694006309,0.329721362229102,0.608628659476117,0.0109375,0.313572542901716,0.325545171339564,0.326656394453005,1,0.646153846153846,0.312111801242236,0.891679748822606,0.586921850079745,0.969040247678019,1,1,0.312111801242236,0.341346153846154,0.310832025117739,0.311145510835913,0.313455657492355,0.618098159509202,0.311827956989247,0,0.674662668665667,0.998452012383901,0.329211746522411,0.300155520995334,0.320907617504052,0.324200913242009,0.601246105919003,1,0.337941628264209,0.335443037974684,0.333333333333333,0.326018808777429,0.322480620155039,0.316455696202532,0.18989280245023,0.682539682539683,0.317757009345794,0.596946564885496,1,0.232919254658385,0.323076923076923,0.930817610062893,1,1,0.315870570107858,0.63206106870229,1,0.310664605873261,0.298107255520505,0.957074721780604,1,1,0.996820349761526,0.315132605304212,1,1,0.892744479495268,1,0.350230414746544,1,0.592767295597484,1,0.674454828660436,0.304821150855365,0.598736176935229,1,1,0.99685534591195,0.327188940092166,0.321483771251932,0.328025477707006,0.321316614420063,0.326923076923077,0.317111459968603,0.984177215189873,0.317972350230415,1,1,0.713395638629283,0,0.319314641744548,0.314984709480122,0.67741935483871,1,0.562021439509954,0.322239031770045,0.635514018691589,0.313178294573643,0.3232,1,0.310126582278481,0.322314049586777,0.685805422647528,0.906300484652666,0.321266968325792,0.606060606060606,0.578199052132701,0.325115562403698,0.3264,0.304552590266876,0.596850393700787,0.681957186544342,1,0.901273885350318,1,0.667175572519084,0.998417721518987,0.589171974522293,0.318681318681319,0.324921135646688,1,1,0.437694704049844,0.993630573248408,0.996937212863706,1,0.314553990610329,0.329173166926677,1,0.315946348733234,0.678516228748068,0.323899371069182,0.458135860979463,0.30173775671406,0,0.306625577812018,1,1,0.593798449612403,0.0015625,0.332283464566929,0.321766561514196,0.102643856920684,0.422512234910277,1,1,0.317683881064163,1,0.412403100775194,1,0.331825037707391,0.589147286821705,0.330188679245283,0.315873015873016,1,0,1,0.303174603174603,0.32753164556962,1,1,1,0.449044585987261,1,0.31911532385466,0.614307931570762,0.331738437001595,0.329073482428115,0.00153609831029186,0.04375,1,0.627300613496933,1,0.325545171339564,0.334943639291465,1,1,0.161787365177196,0.308411214953271,1,0.90273556231003,1,0.322033898305085,0.201277955271566,0.66820987654321,1,1,1,1,1,0.295208655332303,0.305732484076433,1,0.119741100323625,0.00156985871271586,0.437403400309119,0,0.323943661971831,1,0.681181959564541,1,1,0.892307692307692,1,0.683969465648855,1,1,1,1
"111",0.297124600638978,0.308777429467085,0.312693498452012,0.323943661971831,0.309748427672956,0.3078125,0.0125984251968504,0.322834645669291,0.307931570762053,0.563607085346216,0.322033898305085,0.637059724349158,0.522012578616352,0.321766561514196,1,1,0.615267175572519,0,0.326465927099842,0.3078125,1,1,0.319018404907975,0.500784929356358,0.306870229007634,1,1,0.33652312599681,0.309923664122137,0.527386541471048,1,0.602150537634409,0.368340943683409,0.995305164319249,0.6671875,0.314516129032258,0.147239263803681,0.317972350230415,1,0.311450381679389,0.00309597523219814,0,0,0.329704510108865,0.318681318681319,1,0.993769470404984,1,1,1,0.696319018404908,0.326498422712934,1,0.325984251968504,0.309006211180124,0.817322834645669,0.128325508607199,0.31496062992126,0.316692667706708,0.328571428571429,0.992424242424242,1,1,0.0062111801242236,0.308917197452229,0.318952234206472,0.648902821316614,0.320813771517997,0.606875934230194,1,0.309707241910632,1,1,0.273015873015873,0.165123456790123,0.316417910447761,1,0.99388379204893,0.319938176197836,1,0.596184419713832,1,1,0.321100917431193,1,0.320359281437126,0.31039755351682,0.320373250388802,0.314900153609831,0,0.320433436532508,0.326807228915663,0.685099846390169,0.578866768759571,0.316037735849057,0.637878787878788,0.683153013910355,0.314814814814815,0.128038897893031,0,0.306027820710974,0.616954474097331,1,0.313915857605178,1,0.313971742543171,0,0.321372854914197,1,1,1,0.308049535603715,0.995384615384615,0.330232558139535,0.207261724659607,0.301659125188537,1,0.351309707241911,1,1,0.205564142194745,0.309119010819165,1,1,0.333848531684699,1,0.315007429420505,0.30688622754491,0.357251908396947,0.757207890743551,0.317891373801917,1,0.324921135646688,0.630467571644042,0.340729001584786,1,0.0015527950310559,1,0.382352941176471,0.882352941176471,0.576323987538941,0.584496124031008,0.314241486068111,0.32120253164557,1,0.313479623824451,1,0.308892355694228,0.503828483920367,0.324812030075188,1,0.315301391035549,0.316118935837246,0.323343848580442,0.323390894819466,1,0.304552590266876,1,0.420245398773006,0.321592649310873,1,0.327769347496206,1,0.580847723704867,0.317535545023697,1,0.317901234567901,0.315068493150685,0.32967032967033,0.986322188449848,0.327102803738318,1,0.316279069767442,1,0.317034700315457,1,0.584097859327217,0.297213622291022,0.0310965630114566,0.298904538341158,0.312111801242236,1,0.301242236024845,0.32348367029549,0.316846986089645,0.327102803738318,1,1,0.323854660347551,0.330721003134796,1,1,0.329787234042553,0.237209302325581,0.0207715133531157,0.685670261941448,1,0.00307692307692308,0.313935681470138,1,0.320251177394035,0.305343511450382,0.317262830482115,0.998466257668712,1,1,0.33030303030303,0.315457413249211,0.315950920245399,0.67879746835443,0.307332293291732,1,0.349157733537519,1,1,0.445141065830721,0.325434439178515,0.321316614420063,0.319314641744548,0.300763358778626,0.306122448979592,0.641304347826087,1,1,0.311550151975684,0.00464396284829721,0.324159021406728,0.31866464339909,0.325471698113208,0.305936073059361,0.293478260869565,0.316265060240964,0.695252679938744,0.348024316109422,0.311077389984825,1,0.326498422712934,1,0.307458143074581,0.306349206349206,0.315047021943574,0.321259842519685,0.315286624203822,1,0.32093023255814,0.799373040752351,1,1,0.996860282574568,1,1,0.885895404120444,1,1,1,0.316265060240964,1,0.314935064935065,0,1,0.368580060422961,1,0.321428571428571,0.324574961360124,0.312883435582822,0.402208201892744,1,0.316030534351145,1,1,1,1,0,0.31832298136646,1,1,0.322378716744914,1,0.325652841781874,1,1,0.304552590266876,0.326984126984127,0.303405572755418,0.155864197530864,0.329635499207607,0,0.583710407239819,1,0.31651376146789,0.317757009345794,0.56786271450858,1,1,0.318979266347687,0.325984251968504,1,0.648606811145511,0.694267515923567,0.301109350237718,0.321086261980831,0.995454545454545,0.329721362229102,0.304675716440422,1,0.311627906976744,0.29922480620155,1,0.303265940902022,0.31974921630094,0.319148936170213,0.313455657492355,1,1,1,0.3,0.323390894819466,0.00916030534351145,0.990566037735849,0.325806451612903,1,1,0.311450381679389,0.323076923076923,0.304878048780488,0.318952234206472,0.312307692307692,1,0.3078125,0.314375987361769,0.565768621236133,1,0.824534161490683,1,0,1,0.325337331334333,1,1,0.401225114854518,0.998477929984779,0.317034700315457,1,0.305900621118012,0.305084745762712,0.312977099236641,1,1,0.314589665653495,0.406349206349206,0.602523659305994,0.305863708399366,1,1,1,0.323854660347551,1,0.206842923794712,1,1,1,1,0.327188940092166,1,0.317230273752013,0.331288343558282,0.680685358255452,0.3046875,1,0.323170731707317,0.321212121212121,0.310725552050473,1,0.309090909090909,1,0.327844311377246,0.485451761102603,0.314900153609831,0.32120253164557,0.314024390243902,1,0.31937984496124,0.297507788161994,1,1,0.322085889570552,0.309006211180124,1,0.464012251148545,0.319620253164557,0.326656394453005,0.324574961360124,0.677018633540373,1,0.294685990338164,1,0.406003159557662,0.302795031055901,0,0.88030303030303,0.317535545023697,0.308892355694228,0,0.028436018957346,0.979813664596273,0.3140625,1,0.315705128205128,0.312599681020734,1,0.322727272727273,0.319875776397516,0.6640625,1,0.320872274143302,0.31839258114374,1,0.309923664122137,0.307448494453249,1,0.326594090202177,0.316211878009631,0.324615384615385,0.336477987421384,0.797839506172839,1,0.977952755905512,1,1,0.00154559505409583,1,0.992138364779874,1,0.412576687116564,0.996850393700787,0.310872894333844,0.992458521870287,0.333333333333333,0.99537750385208,0.597560975609756,0.617378048780488,0.320668693009119,0.31306990881459,0.643962848297214,0.3216,0,0.624806201550388,0.683962264150943,0.321100917431193,0.00153139356814701,0.312883435582822,0.310185185185185,0.752365930599369,0.323390894819466,0.680124223602484,0.590837282780411,0.315541601255887,0.318529862174579,0.298461538461538,1,0.0267062314540059,0,0.317220543806647,0.326687116564417,0.332822085889571,1,0.322033898305085,0.312404287901991,1,0.310291858678955,0.935837245696401,0.561622464898596,1,1,0.991680532445923,0.319018404907975,0.601538461538462,0.31859756097561,0.311501597444089,0.31839258114374,0.408037094281298,1,0.310452418096724,1,0.317034700315457,0.312302839116719,1,0.321259842519685,1,0.320373250388802,1,1,0.31651376146789,0,1,0.323619631901841,1,0.574468085106383,1,0.495398773006135,1,0.571428571428571,1,0.313694267515924,1,1,1,0.311145510835913,0.322378716744914,0.312121212121212,0.348726114649682,0.321086261980831,0.312977099236641,1,0.325153374233129,1,1,0.327131782945736,0.32120253164557,0.318112633181126,0.401225114854518,0.328787878787879,1,1,0.321592649310873,0.327613104524181,0.62754303599374,0.579937304075235,0.31201248049922,0.313291139240506,1,0.312597200622084,0.318250377073906,0.99537750385208,0.310509554140127,0.312693498452012,0,0.143074581430746,0.316692667706708,0.682020802377415,0.311627906976744,0.318461538461538,0.593655589123867,0.996955859969559,0.309262166405024,1,0.319938176197836,0.353677621283255,0.314814814814815,0.480916030534351,0.306853582554517,1,0.315217391304348,0.325984251968504,0.326984126984127,0.685410334346505,1,0.327503974562798,0.320061255742726,0,0.329249617151608,0.9984375,0.951293759512938,1,0.317972350230415,0.321981424148607,0.309748427672956,0.580152671755725,1,0.579778830963665,0.332278481012658,1,1,0.966817496229261,0.679245283018868,0.327102803738318,0.367601246105919,0.322137404580153,0.313725490196078,1,1,0.503937007874016,0.62962962962963,1,1,0.998459167950693,0.690140845070423,1,0.325757575757576,0.68,1,0.328703703703704,0.320987654320988,0.315625,0.996946564885496,1,0.646129541864139,0.323619631901841,1,1,0.327613104524181,0.313935681470138,0.998475609756098,0,0.317460317460317,0.315870570107858,0.00782472613458529,0.311649016641452,1,0.313291139240506,1,0.157012195121951,0,0.893778452200303,0.329230769230769,1,1,0,0.00150829562594268,0.327188940092166,1,0.310177705977383,0.996974281391831,0.308056872037915,1,0.998422712933754,0.965785381026439,0.761978361669243,1,1,0.0062992125984252,1,0.504051863857374,0.322327044025157,0.667678300455235,0.332829046898638,1,0.301261829652997,0.676970633693972,1,1,0.312698412698413,0.612518628912072,0.32312404287902,0.577881619937695,0.97191887675507,0.326153846153846,0.595015576323987,0.014018691588785,0.311526479750779,0.323529411764706,0.321981424148607,1,0.632465543644717,0.308510638297872,0.888372093023256,0.5818759936407,0.969465648854962,1,1,0.312307692307692,0.33125,0.311216429699842,0.316998468606432,0.311349693251534,0.614114114114114,0.314199395770393,0,0.674107142857143,0.998466257668712,0.327131782945736,0.300940438871473,0.3125,0.31859756097561,0.602134146341463,1,0.326807228915663,0.331768388106416,0.325806451612903,0.328638497652582,0.305084745762712,0.308755760368664,0.198795180722892,0.680445151033386,0.321428571428571,0.594180704441041,1,0.234567901234568,0.315707620528771,0.919175911251981,1,1,0.317411402157165,0.635514018691589,1,0.317484662576687,0.297674418604651,0.958860759493671,1,1,0.996840442338073,0.317557251908397,1,1,0.891679748822606,1,0.348159509202454,1,0.582664526484751,1,0.671779141104294,0.313385826771654,0.585023400936037,1,1,0.990610328638498,0.327718223583461,0.321592649310873,0.323577235772358,0.317901234567901,0.320634920634921,0.324960753532182,0.984326018808777,0.305084745762712,1,1,0.701863354037267,0,0.319634703196347,0.316770186335404,0.6797583081571,1,0.557781201848998,0.327354260089686,0.645110410094637,0.317901234567901,0.321656050955414,1,0.316037735849057,0.320325203252033,0.667716535433071,0.902711323763955,0.319587628865979,0.592356687898089,0.570093457943925,0.321538461538462,0.329113924050633,0.30077519379845,0.58641975308642,0.685015290519878,1,0.893249607535322,1,0.668195718654434,0.996870109546166,0.590111642743222,0.317829457364341,0.321086261980831,1,1,0.410852713178295,0.992163009404389,0.996932515337423,1,0.311627906976744,0.324615384615385,1,0.313432835820896,0.678018575851393,0.326053042121685,0.445324881141046,0.307936507936508,0,0.309230769230769,1,1,0.58868501529052,0.00151745068285281,0.327639751552795,0.321538461538462,0.0924764890282132,0.40453074433657,1,1,0.309341500765697,1,0.397239263803681,1,0.332330827067669,0.58,0.329286798179059,0.317829457364341,1,0,1,0.307324840764331,0.316614420062696,1,1,1,0.455271565495208,1,0.31201248049922,0.60882800608828,0.32824427480916,0.324409448818898,0.00155763239875389,0.0404984423676012,1,0.617283950617284,1,0.332814930015552,0.328502415458937,1,1,0.175115207373272,0.315870570107858,1,0.889230769230769,1,0.327718223583461,0.197160883280757,0.664605873261206,1,1,1,1,1,0.288753799392097,0.304212168486739,1,0.125796178343949,0.00158227848101266,0.426605504587156,0,0.327160493827161,1,0.679873217115689,1,1,0.878048780487805,1,0.674418604651163,1,1,1,1
"112",1,1,1,1,1,1,0.708268330733229,1,1,0.107371794871795,1,0.0506912442396313,0.808544303797468,1,0.305772230889236,0.291925465838509,0.0705521472392638,0.698387096774194,1,1,0.279937791601866,0.298722044728434,1,0.164596273291925,1,0.308411214953271,0.309178743961353,1,1,0.782193958664547,0.296062992125984,0.731481481481482,0.964341085271318,0.302066772655008,0,1,0.536098310291859,1,0.288549618320611,1,0.677115987460815,0.691107644305772,0.701996927803379,1,1,0.304625199362041,0.300623052959502,0.297256097560976,0.309230769230769,0.309486780715397,0,1,0.30521472392638,1,1,0.496038034865293,0.557142857142857,1,1,1,0.317972350230415,0.305246422893482,0.304487179487179,0.691472868217054,1,1,0.0452418096723869,1,0.0667678300455235,0.309119010819165,1,0.307332293291732,0.306836248012719,0.966292134831461,0.509375,1,0.301075268817204,0.327692307692308,1,0.30622009569378,0.0919354838709677,0.316279069767442,0.310832025117739,1,0.321428571428571,1,1,1,1,0.70404984423676,1,1,0.00156494522691706,0.114728682170543,1,0.0516717325227964,0,1,0.559485530546624,0.681388012618297,1,0.0626959247648903,0.294392523364486,1,0.296583850931677,1,0.698907956318253,1,0.30757341576507,0.30564263322884,0.308049535603715,1,0.311145510835913,1,0.484662576687117,1,0.296062992125984,0.313455657492355,0.30640243902439,0.311424100156495,0.48936170212766,0.9984375,0.310077519379845,0.303858520900322,1,0.296466973886329,1,1,0.347826086956522,0.545871559633027,1,0.30298273155416,1,0.0468277945619335,1,0.304212168486739,0.690031152647975,0.317972350230415,0.923556942277691,0.420545746388443,0.110236220472441,0.102803738317757,1,1,0.315707620528771,1,0.308383233532934,1,0.800613496932515,1,0.313099041533546,1,1,1,1,0.323854660347551,1,0.310344827586207,0.272307692307692,1,0.307098765432099,1,0.285266457680251,0.0926517571884984,1,0.300157977883096,1,1,1,0.319571865443425,1,0.310664605873261,1,0.294573643410853,1,0.306122448979592,0.0821705426356589,1,0.64573268921095,1,1,0.309033280507132,1,1,1,1,0.310664605873261,0.298003072196621,1,0.998444790046656,0.304147465437788,0.296178343949045,1,0.458074534161491,0.678195488721804,0,0.306376360808709,0.67737003058104,1,0.309341500765697,1,0.998468606431853,1,0.305900621118012,0.312404287901991,0.314285714285714,1,1,1,0,1,0.301587301587302,0.969135802469136,0.314873417721519,0.296238244514107,0.74414976599064,1,1,1,1,1,0.0482115085536547,0.305246422893482,0.308049535603715,1,0.687116564417178,1,1,0.998422712933754,0.998435054773083,1,1,0.00462962962962963,0.326717557251908,1,0.304897314375987,1,0.284603421461897,1,1,1,1,1,0.307210031347962,1,0.5,0.31201248049922,0.315132605304212,0.300314465408805,0.312893081761006,0.311912225705329,0.413522012578616,0.317262830482115,0.301242236024845,0.295384615384615,1,0.308641975308642,1,0.690332326283988,0.306853582554517,0.327692307692308,0.317535545023697,1,1,1,0.265822784810127,0.295665634674923,1,0.299684542586751,0.31866464339909,0.298904538341158,0.302325581395349,0.698289269051322,1,0.308282208588957,0.310015898251192,1,0.288709677419355,1,0.298937784522003,0.2984375,1,1,1,0.53416149068323,1,0.701078582434515,0.0893939393939394,0.308049535603715,1,1,0.10355486862442,0.309341500765697,0.3152,1,1,0.286594761171032,0.0277777777777778,0.00317460317460317,1,1,0.326747720364742,0.998422712933754,1,0.298761609907121,1,1,0.303405572755418,1,1,1,1,0.32018927444795,0.29483282674772,0.316720257234727,1,1,0.688854489164087,0.307210031347962,1,0.305343511450382,0.287692307692308,1,1,0.998449612403101,1,1,0.315217391304348,1,1,0.115569823434992,0.318461538461538,0.488262910798122,0.295133437990581,0.682170542635659,0.307453416149068,1,0.301710730948678,0.317610062893082,0.264931087289433,0.30781010719755,1,0.315548780487805,1,1,1,0.296529968454259,0.308980213089802,0.998432601880878,0.92258064516129,0.0702875399361022,1,0.295281582952816,0.309262166405024,0.299531981279251,1,0.31306990881459,0.477449455676516,0.308411214953271,0.297674418604651,0.307814992025518,0.295489891135303,1,0.307814992025518,1,1,0,1,0.305511811023622,1,1,1,0.317683881064163,1,0.293838862559242,1,0.827272727272727,1,1,1,0.304615384615385,1,1,0.295031055900621,0.306501547987616,1,1,0.29984544049459,0.19969512195122,1,0.998456790123457,1,0,0.307324840764331,1,0.295384615384615,0.24922600619195,1,0.690140845070423,0.439509954058193,1,1,0.684131736526946,0.708527131782946,0.333848531684699,1,0.307219662058372,1,1,0.327102803738318,1,0.998430141287284,0.00784929356357928,0.31974921630094,1,1,0.308917197452229,1,1,0.29559748427673,0.341576506955178,1,1,1,0.52833078101072,0.29984544049459,0.337480559875583,0.303951367781155,0.3198127925117,0.697965571205008,0.312024353120244,0.316770186335404,0.310769230769231,0.253846153846154,0.309148264984227,1,0.317700453857791,0.998422712933754,0.300469483568075,0.0887218045112782,0.0583717357910906,1,1,0.043010752688172,1,0.69431643625192,0.0465116279069767,0.0124416796267496,1,0.6921875,1,1,0.540412044374009,1,0,0.078525641025641,1,1,1,0.307210031347962,0.656804733727811,0.704545454545455,0.993920972644377,1,0.98145285935085,0.297213622291022,0.345679012345679,1,0.283464566929134,1,0.366459627329193,0.11216429699842,0.297380585516179,0.304878048780488,0.327814569536424,1,0.0848484848484849,1,1,1,0.268996960486322,0.3072,1,0.30173775671406,1,1,0.298299845440495,1,0.307807807807808,1,0.293375394321767,0.3078125,1,0.694835680751174,0.298642533936652,1,0.302215189873418,0.76,0.30381679389313,0.172143974960876,0.313725490196078,0.769953051643192,0.298273155416013,1,0.311320754716981,0.321699544764795,0.293577981651376,1,1,1,0.964573268921095,0.343089430894309,1,0.311811023622047,1,0.306188925081433,0.309451219512195,1,1,1,0.916666666666667,1,0.303076923076923,0.299382716049383,1,1,0.0524642289348172,0.0852713178294574,1,1,0.301412872841444,1,1,0.30030959752322,1,1,0.68895800933126,0.523809523809524,1,0,1,1,0.10958904109589,0.309262166405024,1,0.316535433070866,0.998459167950693,0.961965134706815,0.998435054773083,0.808282208588957,1,0.312399355877617,1,1,1,0,0.296296296296296,1,1,0.68380062305296,1,0.303076923076923,0.34984520123839,0.310832025117739,1,1,1,0.0925644916540212,0.307936507936508,0.0947867298578199,0.998439937597504,0.295665634674923,0.29595015576324,0.344036697247706,0,1,0.953846153846154,1,1,0.311111111111111,0.288343558282209,0.167197452229299,0.0455974842767296,0.305164319248826,0.300314465408805,0.308755760368664,0.00158730158730159,0.297169811320755,1,0,0.303875968992248,1,1,1,0.308868501529052,0.310030395136778,0.0414673046251994,1,0.308176100628931,0.295731707317073,1,1,0.303599374021909,0.704545454545455,1,1,0.699367088607595,1,0.29742033383915,1,0.306376360808709,0.524539877300613,0.684698608964451,0.399390243902439,1,0.292609351432881,0.304953560371517,0.69431643625192,0.679566563467492,1,0.312111801242236,1,0.316109422492401,1,0.3078125,0.298904538341158,0.350931677018634,0.52,0.313195548489666,0.297805642633229,0.676470588235294,0.310664605873261,0.15609756097561,1,0,1,0.284820031298905,1,0,0.306501547987616,0.301458670988655,1,0.0633484162895928,1,0.087719298245614,0.328593996840442,1,0.071875,0.682242990654206,1,1,1,0.298045602605863,0.0426829268292683,1,0.420970266040689,0.107371794871795,0.350230414746544,0.307692307692308,0.312788906009245,1,1,1,1,1,0.0707831325301205,0.998477929984779,0.697204968944099,0.0045045045045045,0.307692307692308,1,1,1,1,0.0934579439252336,0.298621745788668,1,1,1,1,1,1,0.484848484848485,0.00156985871271586,1,0.0953846153846154,0.311320754716981,0.44954128440367,1,0.390048154093098,0.293548387096774,0.302034428794992,1,0.046583850931677,0.310664605873261,1,1,0.370892018779343,0.304953560371517,0.302839116719243,0.309677419354839,0.998449612403101,0.317683881064163,0.3046875,0.403785488958991,0.3125,0.967441860465116,0.295558958652374,0.0893141945773525,0.315625,0,1,0.0981012658227848,0.292993630573248,0.307332293291732,0.311111111111111,1,1,1,1,1,1,0.322169059011164,1,0.300623052959502,0.309719934102142,0.597809076682316,0.688783570300158,1,1,0,0.306525037936267,0.123052959501558,0.998482549317147,0.0422535211267606,1,1,0.296062992125984,1,1,0.619651347068146,0.414012738853503,0.997054491899853,0.0849358974358974,0.105095541401274,1,1,1,0.0947204968944099,0,0.305084745762712,0.414442700156986,0.301223241590214,0,0.311811023622047,0.096,1,1,0.307926829268293,0.309119010819165,0.25705329153605,0.328050713153724,0.293846153846154,0.305295950155763,1,1,0.314553990610329,1,0,1,0.239811912225705,1,0.691358024691358,1,0.29746835443038,0.293185419968304,0.0817901234567901,0.688821752265861,1,1,0.793375394321767,0.888168557536467,0.301412872841444,0.301109350237718,1,0.311424100156495,0.2625,0.306089743589744,1,0.109546165884194,1,1,0.310344827586207,0.695924764890282,0.298887122416534,1,1,0.294207317073171,0.291731669266771,0.302891933028919,0.867283950617284,0.298107255520505,1,0.0596330275229358,1,1,0.704819277108434,0.654028436018957,0.307941653160454,0.0607476635514019,0.309262166405024,1,1,0.291021671826625,0.321316614420063,0.615384615384615,1,0.298621745788668,0.369397217928903,0.297839506172839,0.98159509202454,0.477917981072555,0.0046583850931677,0.286594761171032,0.30441400304414,0.316957210776545,0.304625199362041,0.302985074626866,0.97191887675507,1,0.305772230889236,0.55188679245283,0.698738170347003,0.247706422018349,0.693053311793215,1,0.309230769230769,0.00314465408805031,0.311912225705329,0.299373040752351,0.361370716510903,0.301261829652997,0,0.318818040435459,0.305993690851735,0.315541601255887,0.301710730948678
"113",0.304625199362041,0.319938176197836,0.326018808777429,0.336990595611285,0.317111459968603,0.317111459968603,0.0160513643659711,0.331259720062208,0.315047021943574,0.561688311688312,0.323664122137405,0.634408602150538,0.527070063694268,0.324409448818898,0.996860282574568,0.995327102803738,0.611801242236025,0.00325732899022801,0.330203442879499,0.316436251920123,0.995283018867924,0.995215311004785,0.328703703703704,0.509287925696594,0.31441717791411,0.996923076923077,0.995253164556962,0.346153846153846,0.312977099236641,0.546325878594249,0.995391705069124,0.6046875,0.370030581039755,0.996884735202492,0.661949685534591,0.313311688311688,0.132398753894081,0.326656394453005,0.995488721804511,0.309451219512195,0.0015552099533437,0.00311526479750779,0.00462249614791988,0.327014218009479,0.322834645669291,0.996784565916399,0.998430141287284,0.995398773006135,0.995398773006135,0.996908809891808,0.684698608964451,0.333865814696486,0.995398773006135,0.330733229329173,0.316436251920123,0.833333333333333,0.110576923076923,0.330708661417323,0.325688073394495,0.326530612244898,0.995426829268293,0.998425196850394,0.996860282574568,0.0015625,0.322006472491909,0.324574961360124,0.6513470681458,0.330188679245283,0.609090909090909,0.998482549317147,0.32258064516129,0.995363214837713,0.996810207336523,0.286846275752773,0.150769230769231,0.325688073394495,0.995426829268293,0.996960486322188,0.323076923076923,0.995176848874598,0.591549295774648,0.996865203761755,0.995305164319249,0.331259720062208,0.998456790123457,0.32579185520362,0.3265625,0.333848531684699,0.327014218009479,0.0031055900621118,0.325396825396825,0.331325301204819,0.680555555555556,0.577572964669739,0.315873015873016,0.640672782874618,0.681047765793529,0.32370820668693,0.119426751592357,0.00158227848101266,0.312693498452012,0.610675039246468,0.996860282574568,0.315619967793881,0.995283018867924,0.322222222222222,0.00467289719626168,0.331775700934579,0.995283018867924,0.996899224806202,0.995384615384615,0.311145510835913,1,0.326053042121685,0.194233687405159,0.314759036144578,1,0.371340523882897,0.996960486322188,0.995245641838352,0.19188767550702,0.320433436532508,0.996927803379416,0.996810207336523,0.342146189735614,0.995334370139969,0.321428571428571,0.319571865443425,0.35981308411215,0.767477203647416,0.331189710610932,0.996894409937888,0.337519623233909,0.630075187969925,0.339228295819936,0.995391705069124,0.00153374233128834,0.998452012383901,0.383886255924171,0.88529886914378,0.573667711598746,0.587596899224806,0.320813771517997,0.325914149443561,0.995260663507109,0.316846986089645,0.995468277945619,0.317610062893082,0.507716049382716,0.327794561933535,0.998407643312102,0.314152410575428,0.326594090202177,0.33125,0.321372854914197,0.996865203761755,0.317111459968603,0.995268138801262,0.429663608562691,0.330757341576507,0.996932515337423,0.321752265861027,0.995283018867924,0.583201267828843,0.317535545023697,0.995245641838352,0.333333333333333,0.315789473684211,0.333333333333333,0.993798449612403,0.33175355450237,0.998415213946117,0.322530864197531,0.996899224806202,0.327503974562798,0.996815286624204,0.591331269349845,0.305900621118012,0.028436018957346,0.303656597774245,0.325508607198748,0.9953125,0.310664605873261,0.324031007751938,0.322530864197531,0.339144215530903,0.996918335901387,0.998473282442748,0.328025477707006,0.329173166926677,0.99537037037037,0.996820349761526,0.325153374233129,0.225352112676056,0.0134529147982063,0.68125,0.996913580246914,0,0.323619631901841,0.995334370139969,0.330683624801272,0.312210200927357,0.320813771517997,0.993779160186625,0.996932515337423,0.996835443037975,0.328290468986384,0.313694267515924,0.315132605304212,0.678740157480315,0.308411214953271,0.995334370139969,0.347826086956522,0.995356037151703,0.99685534591195,0.434375,0.330708661417323,0.324074074074074,0.332807570977918,0.314728682170543,0.31687898089172,0.636932707355243,0.9953125,0.996908809891808,0.32312404287902,0,0.330804248861912,0.326315789473684,0.32755905511811,0.315950920245399,0.302507836990596,0.325688073394495,0.694444444444444,0.35375191424196,0.313271604938272,0.996810207336523,0.326053042121685,0.996899224806202,0.318461538461538,0.315372424722662,0.314814814814815,0.335443037974684,0.319875776397516,0.996850393700787,0.33693972179289,0.812400635930048,0.995305164319249,0.996969696969697,1,0.996879875195008,0.995275590551181,0.894060995184591,0.995363214837713,0.996904024767802,0.996946564885496,0.327692307692308,0.995363214837713,0.328502415458937,0.00307219662058372,0.995348837209302,0.375,0.996884735202492,0.328025477707006,0.33122028526149,0.317535545023697,0.415625,0.995290423861852,0.335889570552147,0.995245641838352,0.995419847328244,0.996870109546166,0.995384615384615,0.0015600624024961,0.320063694267516,0.995398773006135,0.998412698412698,0.327586206896552,0.996768982229402,0.326717557251908,0.995447647951442,0.996899224806202,0.319047619047619,0.32753164556962,0.309341500765697,0.142201834862385,0.330721003134796,0.00462962962962963,0.582822085889571,0.996884735202492,0.326120556414219,0.322784810126582,0.58,0.99537037037037,0.995268138801262,0.332263242375602,0.337559429477021,0.996923076923077,0.648062015503876,0.692675159235669,0.306729264475743,0.32794830371567,0.995405819295559,0.335423197492163,0.310708898944193,0.995475113122172,0.321538461538462,0.31039755351682,0.998468606431853,0.31687898089172,0.324921135646688,0.31832298136646,0.325038880248834,0.996875,0.996937212863706,0.998412698412698,0.315789473684211,0.329093799682035,0.0124031007751938,0.996889580093313,0.332278481012658,1,0.996870109546166,0.312977099236641,0.334862385321101,0.315467075038285,0.324031007751938,0.319444444444444,0.995290423861852,0.309148264984227,0.315707620528771,0.557324840764331,0.998459167950693,0.837753510140406,0.996865203761755,0.00316455696202532,0.996941896024465,0.326283987915408,0.995283018867924,0.996894409937888,0.413312693498452,0.996904024767802,0.329093799682035,0.99537037037037,0.314553990610329,0.309033280507132,0.316109422492401,0.996884735202492,0.995327102803738,0.31832298136646,0.406199021207178,0.605015673981191,0.312302839116719,0.996884735202492,0.996889580093313,0.996865203761755,0.325842696629214,0.996937212863706,0.192901234567901,0.995341614906832,0.995334370139969,0.995215311004785,0.998432601880878,0.337461300309598,0.995192307692308,0.323151125401929,0.340659340659341,0.664566929133858,0.316614420062696,0.996875,0.324116743471582,0.322188449848024,0.320695102685624,0.995305164319249,0.306060606060606,0.995305164319249,0.329835082458771,0.49079754601227,0.328616352201258,0.32120253164557,0.326747720364742,0.996884735202492,0.318611987381703,0.308426073131955,0.996889580093313,0.996870109546166,0.330188679245283,0.323899371069182,0.996904024767802,0.469230769230769,0.320634920634921,0.337404580152672,0.337442218798151,0.678740157480315,0.995327102803738,0.298045602605863,0.995327102803738,0.403815580286169,0.31733746130031,0.00306278713629403,0.894736842105263,0.331189710610932,0.321928460342146,0.00150375939849624,0.0308641975308642,0.989028213166144,0.325508607198748,0.995283018867924,0.315372424722662,0.321543408360129,0.996845425867508,0.3328173374613,0.321766561514196,0.658385093167702,0.998442367601246,0.324451410658307,0.323296354992076,0.996825396825397,0.313755795981453,0.315533980582524,0.996840442338073,0.335913312693498,0.3198127925117,0.323029366306028,0.338118022328549,0.812307692307692,0.996889580093313,0.975116640746501,0.99554234769688,0.995363214837713,0.00314465408805031,0.996923076923077,0.998435054773083,0.996923076923077,0.423622047244094,0.998412698412698,0.310708898944193,0.996932515337423,0.338607594936709,1,0.596412556053812,0.621913580246914,0.326747720364742,0.319018404907975,0.634674922600619,0.318327974276527,0.00459418070444104,0.6203125,0.676056338028169,0.334869431643625,0.00307692307692308,0.315372424722662,0.314900153609831,0.76303317535545,0.327131782945736,0.675,0.585483870967742,0.322480620155039,0.32258064516129,0.304212168486739,0.998417721518987,0.0191740412979351,0.0048780487804878,0.323216995447648,0.338072669826224,0.341121495327103,0.995398773006135,0.331240188383046,0.322834645669291,0.995260663507109,0.31441717791411,0.947692307692308,0.566302652106084,0.998447204968944,0.995426829268293,0.995024875621891,0.332317073170732,0.603369065849923,0.327354260089686,0.317152103559871,0.321928460342146,0.410958904109589,0.995260663507109,0.317535545023697,0.995222929936306,0.318255250403877,0.321711568938193,0.996946564885496,0.323899371069182,0.995481927710843,0.32807570977918,0.998435054773083,0.995305164319249,0.326186830015314,0.00157728706624606,0.995433789954338,0.331288343558282,0.998417721518987,0.572998430141287,0.996904024767802,0.50611620795107,0.995508982035928,0.565830721003135,0.995215311004785,0.323717948717949,0.996884735202492,0.998461538461539,0.99537750385208,0.3171875,0.322274881516588,0.321646341463415,0.346153846153846,0.326298701298701,0.314641744548287,0.996820349761526,0.327102803738318,0.995169082125604,0.996932515337423,0.334883720930233,0.326433121019108,0.320300751879699,0.390282131661442,0.325077399380805,0.998475609756098,0.996918335901387,0.330769230769231,0.334389857369255,0.619496855345912,0.576138147566719,0.320872274143302,0.324881141045959,0.995268138801262,0.309119010819165,0.32262996941896,0.990697674418605,0.316720257234727,0.322480620155039,0.00462962962962963,0.133738601823708,0.318681318681319,0.675149700598802,0.31924882629108,0.326219512195122,0.589041095890411,0.993779160186625,0.325949367088608,0.996908809891808,0.316118935837246,0.352664576802508,0.314728682170543,0.485133020344288,0.318818040435459,0.996825396825397,0.325077399380805,0.326465927099842,0.331738437001595,0.676970633693972,0.996768982229402,0.335463258785943,0.325153374233129,0.00310077519379845,0.332317073170732,0.996908809891808,0.961300309597523,0.995319812792512,0.32262996941896,0.324615384615385,0.324881141045959,0.58,0.995238095238095,0.585987261146497,0.334375,0.998470948012232,0.995440729483283,0.967592592592593,0.670382165605096,0.335433070866142,0.35981308411215,0.331269349845201,0.328220858895706,0.995245641838352,0.995419847328244,0.507086614173228,0.622848200312989,0.995260663507109,0.99537750385208,0.996904024767802,0.6896,0.995268138801262,0.328767123287671,0.670769230769231,0.995405819295559,0.331269349845201,0.319554848966614,0.330745341614907,0.998473282442748,0.995419847328244,0.644230769230769,0.330757341576507,0.995319812792512,0.995447647951442,0.332819722650231,0.313178294573643,0.998427672955975,0.00323624595469256,0.320695102685624,0.317460317460317,0.00313479623824451,0.317829457364341,0.995405819295559,0.309748427672956,0.995268138801262,0.142419601837672,0.00455927051671732,0.895770392749245,0.327692307692308,0.995433789954338,0.995356037151703,0.00459418070444104,0.00152439024390244,0.322981366459627,0.995412844036697,0.319047619047619,1,0.320754716981132,0.995363214837713,0.995290423861852,0.971830985915493,0.77639751552795,0.998392282958199,0.996860282574568,0.00314465408805031,0.996894409937888,0.513776337115073,0.333858267716535,0.666158536585366,0.335889570552147,0.995297805642633,0.308661417322835,0.664050235478807,1,0.996835443037975,0.322683706070288,0.61377245508982,0.330733229329173,0.579277864992151,0.974603174603175,0.337007874015748,0.597503900156006,0.00796178343949045,0.3234375,0.332819722650231,0.335901386748844,0.996753246753247,0.629800307219662,0.314241486068111,0.902021772939347,0.588976377952756,0.969558599695586,0.995384615384615,0.998454404945904,0.316692667706708,0.349358974358974,0.307936507936508,0.311424100156495,0.320433436532508,0.601217656012177,0.311627906976744,0.00304878048780488,0.675675675675676,1,0.328746177370031,0.315047021943574,0.32484076433121,0.320182094081942,0.596573208722741,0.995440729483283,0.340978593272171,0.340189873417722,0.33652312599681,0.322378716744914,0.320813771517997,0.319182389937107,0.188736681887367,0.672496025437202,0.325471698113208,0.593607305936073,0.996904024767802,0.231839258114374,0.326219512195122,0.928115015974441,0.995137763371151,0.9953125,0.321928460342146,0.629230769230769,0.996908809891808,0.325190839694657,0.314641744548287,0.964968152866242,0.998454404945904,0.99537037037037,1,0.334351145038168,0.996850393700787,0.995275590551181,0.889952153110048,0.9953125,0.350467289719626,0.995440729483283,0.5872,0.998466257668712,0.665109034267913,0.320872274143302,0.591125198098257,0.9953125,0.996913580246914,0.995207667731629,0.334355828220859,0.333848531684699,0.331738437001595,0.325581395348837,0.327974276527331,0.329704510108865,0.990476190476191,0.325077399380805,0.99685534591195,0.996666666666667,0.724770642201835,0.00313479623824451,0.317901234567901,0.321538461538462,0.678353658536585,0.995398773006135,0.553846153846154,0.329787234042553,0.637362637362637,0.318110236220472,0.320574162679426,0.996860282574568,0.320126782884311,0.313213703099511,0.685214626391097,0.902555910543131,0.326409495548961,0.59717868338558,0.573015873015873,0.326656394453005,0.330733229329173,0.309923664122137,0.583203732503888,0.679012345679012,0.998466257668712,0.906976744186046,0.99537750385208,0.659509202453988,1,0.579365079365079,0.320063694267516,0.325842696629214,0.995398773006135,0.996899224806202,0.429245283018868,0.998417721518987,1,0.996889580093313,0.315541601255887,0.334365325077399,0.998425196850394,0.323922734026746,0.677067082683307,0.335423197492163,0.456140350877193,0.30829420970266,0.00459418070444104,0.316846986089645,0.996946564885496,0.995230524642289,0.587869362363919,0.00306278713629403,0.335413416536661,0.326498422712934,0.101105845181675,0.414910858995138,0.995319812792512,0.996815286624204,0.326687116564417,0.996899224806202,0.41287284144427,0.996789727126806,0.333333333333333,0.582417582417582,0.328616352201258,0.324921135646688,0.996835443037975,0.0032,0.998415213946117,0.310789049919485,0.325396825396825,0.996904024767802,0.995341614906832,0.996946564885496,0.444620253164557,0.996835443037975,0.329738058551618,0.615384615384615,0.342229199372057,0.333333333333333,0.00311526479750779,0.0364500792393027,0.995161290322581,0.621495327102804,0.996894409937888,0.326018808777429,0.334410339256866,0.996825396825397,0.996875,0.152777777777778,0.32258064516129,0.995384615384615,0.899082568807339,0.996875,0.326656394453005,0.194312796208531,0.661971830985915,0.996927803379416,0.996965098634294,0.995268138801262,0.996830427892235,0.995488721804511,0.29922480620155,0.314641744548287,0.996923076923077,0.117073170731707,0.00156739811912226,0.434451219512195,0.0032626427406199,0.328593996840442,0.996865203761755,0.670886075949367,0.996884735202492,0.995363214837713,0.891271056661562,0.998412698412698,0.675465838509317,0.995334370139969,0.995245641838352,0.996875,0.996875
"114",1,1,1,1,1,1,0.7008,1,1,0.103174603174603,1,0.0423861852433281,0.815873015873016,1,0.31687898089172,0.309636650868878,0.0661538461538462,0.678104575163399,1,1,0.2953125,0.313385826771654,1,0.151468315301391,1,0.327160493827161,0.320907617504052,1,1,0.782334384858044,0.311627906976744,0.73374613003096,0.961240310077519,0.316037735849057,0,1,0.545171339563863,1,0.311450381679389,1,0.655660377358491,0.67687595712098,0.688650306748466,1,1,0.323763955342903,0.311912225705329,0.312977099236641,0.325652841781874,0.323262839879154,0,1,0.3171875,1,1,0.497607655502392,0.556962025316456,1,1,1,0.337349397590361,0.326594090202177,0.328125,0.670926517571885,1,1,0.0360501567398119,1,0.0547945205479452,0.325581395348837,1,0.327639751552795,0.331179321486268,0.964227642276423,0.511591962905719,1,0.320433436532508,0.337404580152672,1,0.317965023847377,0.0878048780487805,0.337519623233909,0.341232227488152,1,0.341653666146646,1,1,1,1,0.687888198757764,1,1,0.00157977883096367,0.106153846153846,1,0.0459418070444104,0,1,0.559870550161812,0.671949286846276,1,0.0542635658914729,0.316692667706708,1,0.316455696202532,1,0.682464454976303,1,0.320126782884311,0.319875776397516,0.330232558139535,1,0.326053042121685,1,0.484756097560976,1,0.325153374233129,0.2890625,0.335901386748844,0.318818040435459,0.47581903276131,0.998432601880878,0.324615384615385,0.32695374800638,1,0.311728395061728,1,1,0.317901234567901,0.549167927382753,1,0.323943661971831,1,0.0422322775263952,1,0.31866464339909,0.672413793103448,0.336448598130841,0.932601880877743,0.446774193548387,0.10828025477707,0.0992125984251968,1,1,0.336463223787167,1,0.31969696969697,1,0.802773497688752,1,0.329113924050633,1,1,1,1,0.341732283464567,1,0.322884012539185,0.251920122887865,1,0.317484662576687,1,0.306976744186047,0.0875796178343949,1,0.321086261980831,1,1,1,0.342105263157895,1,0.325581395348837,1,0.319938176197836,1,0.31619937694704,0.0773993808049536,1,0.632686084142395,1,1,0.32182103610675,1,1,1,1,0.329652996845426,0.315870570107858,1,0.998444790046656,0.323574730354391,0.304278922345483,1,0.433281004709576,0.667669172932331,0,0.329153605015674,0.665123456790123,1,0.328100470957614,1,0.998466257668712,1,0.321981424148607,0.324734446130501,0.332794830371567,1,1,1,0,1,0.311501597444089,0.974842767295597,0.329635499207607,0.31733746130031,0.760061919504644,1,1,1,1,1,0.043956043956044,0.32807570977918,0.3328173374613,1,0.674311926605505,1,1,0.998427672955975,0.998449612403101,1,1,0.00309597523219814,0.315132605304212,1,0.315457413249211,1,0.307210031347962,1,1,1,1,1,0.329652996845426,1,0.519872813990461,0.331240188383046,0.326656394453005,0.312893081761006,0.329635499207607,0.338658146964856,0.427230046948357,0.338050314465409,0.317901234567901,0.313755795981453,1,0.329192546583851,1,0.684766214177979,0.317901234567901,0.3,0.331230283911672,1,1,1,0.250783699059561,0.318252730109204,1,0.322683706070288,0.331804281345566,0.318461538461538,0.328660436137072,0.684044233807267,1,0.332312404287902,0.322932917316693,1,0.299363057324841,1,0.323029366306028,0.320373250388802,1,1,1,0.536891679748823,1,0.679365079365079,0.086232980332829,0.33179012345679,1,1,0.0993788819875776,0.317610062893082,0.333865814696486,1,1,0.315301391035549,0.0219435736677116,0.0016,1,1,0.342507645259939,0.998415213946117,1,0.319444444444444,1,1,0.321981424148607,1,1,1,1,0.331240188383046,0.319634703196347,0.337060702875399,1,1,0.659937888198758,0.319182389937107,1,0.328197226502311,0.306729264475743,1,1,0.998463901689708,1,1,0.336463223787167,1,1,0.109872611464968,0.337349397590361,0.492845786963434,0.315789473684211,0.665620094191523,0.322429906542056,1,0.32120253164557,0.334370139968896,0.25115562403698,0.327692307692308,1,0.333836858006042,1,1,1,0.313971742543171,0.325652841781874,0.998477929984779,0.922953451043339,0.0624,1,0.315707620528771,0.3232,0.318110236220472,1,0.329787234042553,0.459247648902821,0.328767123287671,0.313479623824451,0.319488817891374,0.312302839116719,1,0.325914149443561,1,1,0,1,0.328571428571429,1,1,1,0.32755905511811,1,0.317307692307692,1,0.841538461538462,1,1,1,0.317683881064163,1,1,0.318181818181818,0.319620253164557,1,1,0.316846986089645,0.182926829268293,1,0.998447204968944,1,0,0.316037735849057,1,0.321928460342146,0.238546603475513,1,0.66820987654321,0.440729483282675,1,1,0.678195488721804,0.697204968944099,0.344186046511628,1,0.323943661971831,1,1,0.329738058551618,1,0.998425196850394,0.0062111801242236,0.331768388106416,1,1,0.332805071315372,1,1,0.313971742543171,0.327014218009479,1,1,1,0.534992223950233,0.31201248049922,0.340659340659341,0.317700453857791,0.340030911901082,0.682965299684543,0.33641975308642,0.32093023255814,0.316436251920123,0.231611893583725,0.317666126418152,1,0.3202416918429,0.998442367601246,0.318885448916409,0.086890243902439,0.0495356037151703,1,1,0.0374414976599064,1,0.678461538461538,0.0420560747663551,0.00958466453674121,1,0.677115987460815,1,1,0.542130365659777,1,0,0.0789049919484702,1,1,1,0.336990595611285,0.639221556886228,0.687196110210697,0.995334370139969,1,0.987616099071207,0.309486780715397,0.33175355450237,1,0.315955766192733,1,0.376175548589342,0.108320251177394,0.313846153846154,0.328267477203647,0.336120401337793,1,0.0792682926829268,1,1,1,0.245022970903522,0.326498422712934,1,0.331761006289308,1,1,0.315625,1,0.32383808095952,1,0.315955766192733,0.325984251968504,1,0.6703125,0.327743902439024,1,0.322222222222222,0.764150943396226,0.326717557251908,0.153139356814701,0.327743902439024,0.772797527047913,0.3104,1,0.328616352201258,0.344615384615385,0.29393468118196,1,1,1,0.970684039087948,0.332794830371567,1,0.328,1,0.32843137254902,0.322727272727273,1,1,1,0.917445482866044,1,0.315384615384615,0.32348367029549,1,1,0.046474358974359,0.082670906200318,1,1,0.310618066561014,1,1,0.317610062893082,1,1,0.671317829457364,0.531587057010786,1,0,1,1,0.103076923076923,0.334365325077399,1,0.32755905511811,0.998447204968944,0.96513470681458,0.998425196850394,0.819444444444444,1,0.337620578778135,1,1,1,0,0.318181818181818,1,1,0.671361502347418,1,0.317757009345794,0.36405529953917,0.321316614420063,1,1,1,0.100154083204931,0.325396825396825,0.0907643312101911,0.998412698412698,0.324031007751938,0.315950920245399,0.354938271604938,0,1,0.956723338485317,1,1,0.334394904458599,0.310185185185185,0.16380655226209,0.0378548895899054,0.326498422712934,0.318818040435459,0.329230769230769,0.00158227848101266,0.3198127925117,1,0,0.326625386996904,1,1,1,0.326086956521739,0.32185628742515,0.0352564102564103,1,0.31974921630094,0.316923076923077,1,1,0.3198127925117,0.692307692307692,1,1,0.694136291600634,1,0.314984709480122,1,0.325471698113208,0.524256651017214,0.664605873261206,0.41969696969697,1,0.30757341576507,0.321044546850998,0.674961119751166,0.664615384615385,1,0.326687116564417,1,0.330792682926829,1,0.322932917316693,0.320634920634921,0.357142857142857,0.522480620155039,0.318979266347687,0.308544303797468,0.662480376766091,0.322033898305085,0.152979066022544,1,0,1,0.300476947535771,1,0,0.322834645669291,0.328548644338118,1,0.0548148148148148,1,0.0877742946708464,0.335433070866142,1,0.0660522273425499,0.666149068322981,1,1,1,0.316393442622951,0.0364741641337386,1,0.436908517350158,0.0998415213946117,0.359877488514548,0.332807570977918,0.331278890600925,1,1,1,1,1,0.0636363636363636,0.995419847328244,0.675344563552833,0.0029940119760479,0.327131782945736,1,1,1,1,0.0870917573872473,0.325153374233129,1,1,1,1,1,1,0.480739599383667,0.00160513643659711,1,0.0914728682170543,0.322480620155039,0.426332288401254,1,0.39589905362776,0.322683706070288,0.320251177394035,1,0.0376766091051805,0.321428571428571,1,1,0.377952755905512,0.316279069767442,0.320872274143302,0.320574162679426,0.998449612403101,0.329617834394904,0.334370139968896,0.42566510172144,0.322784810126582,0.977168949771689,0.321156773211568,0.0853462157809984,0.324534161490683,0,1,0.0880503144654088,0.313291139240506,0.320251177394035,0.322222222222222,1,1,1,1,1,1,0.327974276527331,1,0.325038880248834,0.316831683168317,0.601823708206687,0.671406003159558,1,1,0,0.323076923076923,0.122670807453416,0.998487140695915,0.0360501567398119,1,1,0.321144674085851,1,1,0.616719242902208,0.425806451612903,0.995495495495496,0.0846645367412141,0.096875,1,1,1,0.0909090909090909,0,0.32262996941896,0.435331230283912,0.318529862174579,0,0.333333333333333,0.0875796178343949,1,1,0.323574730354391,0.319938176197836,0.239130434782609,0.336507936507937,0.316279069767442,0.327613104524181,1,1,0.332288401253919,1,0,1,0.215962441314554,1,0.67687595712098,1,0.317610062893082,0.320574162679426,0.0807453416149068,0.671274961597542,1,1,0.792452830188679,0.895161290322581,0.324237560192616,0.322632423756019,1,0.323529411764706,0.254658385093168,0.325358851674641,1,0.109204368174727,1,1,0.322834645669291,0.676236044657097,0.311004784688995,1,1,0.31733746130031,0.311627906976744,0.328787878787879,0.8496,0.320126782884311,1,0.0522273425499232,1,1,0.688473520249221,0.644305772230889,0.322528363047002,0.0527950310559006,0.327073552425665,1,1,0.310618066561014,0.3328173374613,0.62095531587057,1,0.3198127925117,0.375579598145286,0.324159021406728,0.986217457886677,0.46583850931677,0.00312989045383412,0.307219662058372,0.326315789473684,0.339712918660287,0.324324324324324,0.32312404287902,0.971080669710807,1,0.320872274143302,0.537842190016103,0.680314960629921,0.227272727272727,0.683788121990369,1,0.329721362229102,0.00317460317460317,0.330769230769231,0.320433436532508,0.37442218798151,0.322274881516588,0,0.335901386748844,0.318471337579618,0.336990595611285,0.3234375
"115",0.507020280811232,0.483870967741935,0.504573170731707,0.475894245723173,0.487692307692308,0.501519756838906,0.782334384858044,0.479134466769706,0.502269288956127,0.627575277337559,0.502269288956127,0.561643835616438,0.279434850863422,0.490769230769231,0.203732503888025,0.20679012345679,0.580547112462006,0.805510534846029,0.4890625,0.505327245053272,0.21505376344086,0.208137715179969,0.496229260935143,0.67737003058104,0.504504504504504,0.202472952086553,0.212732919254658,0.480314960629921,0.498493975903614,0.276995305164319,0.217125382262997,0.21765601217656,0.451219512195122,0.2,0.533333333333333,0.491961414790997,0.941628264208909,0.47218045112782,0.207352941176471,0.49618320610687,0.813169984686064,0.797564687975647,0.790977443609023,0.472266244057052,0.481481481481481,0.200622083981337,0.205246913580247,0.20211161387632,0.202743902439024,0.19969512195122,0.498470948012232,0.485362095531587,0.210045662100457,0.496960486322188,0.494607087827427,0.0672926447574335,0.927131782945736,0.475308641975309,0.506079027355623,0.484018264840183,0.193984962406015,0.196899224806202,0.212634822804314,0.815217391304348,0.490506329113924,0.493087557603687,0.54160125588697,0.490712074303406,0.593423019431988,0.204580152671756,0.491628614916286,0.196374622356495,0.199685534591195,0.531446540880503,0.971080669710807,0.491827637444279,0.209969788519637,0.181954887218045,0.484066767830046,0.198098256735341,0.605304212168487,0.194144838212635,0.213622291021672,0.490881458966565,0.184496124031008,0.48948948948949,0.495327102803738,0.476635514018692,0.483870967741935,0.797235023041475,0.489028213166144,0.486526946107784,0.518348623853211,0.617511520737327,0.496865203761755,0.561270801815431,0.513677811550152,0.475187969924812,0.928684627575277,0.807453416149068,0.487062404870624,0.58359133126935,0.214175654853621,0.489731437598736,0.206422018348624,0.480559875583204,0.806451612903226,0.492378048780488,0.198767334360555,0.199074074074074,0.207261724659607,0.484662576687117,0.194233687405159,0.484756097560976,1,0.492603550295858,0.206948640483384,0.823262839879154,0.196428571428571,0.205882352941176,0.998461538461539,0.493023255813954,0.206015037593985,0.2018779342723,0.482602118003026,0.215596330275229,0.499274310595065,0.491754122938531,0.847201210287443,0.445112781954887,0.483619344773791,0.208909370199693,0.498452012383901,0.554733727810651,0.484126984126984,0.198786039453718,0.805513016845329,0.204930662557781,0.4234375,0.330683624801272,0.63206106870229,0.610852713178295,0.490015360983103,0.4770206022187,0.208074534161491,0.497723823975721,0.201192250372578,0.482170542635659,0.288721804511278,0.48955223880597,0.202511773940345,0.503095975232198,0.4921875,0.501552795031056,0.474497681607419,0.184170471841705,0.5,0.205837173579109,0.765069551777434,0.48714069591528,0.207951070336391,0.495481927710843,0.221879815100154,0.60410094637224,0.487421383647799,0.203125,0.488514548238897,0.484662576687117,0.48297213622291,0.202435312024353,0.497702909647779,0.197802197802198,0.4859375,0.197247706422018,0.478537360890302,0.205329153605016,0.606106870229008,0.5,0.841346153846154,0.5,0.495440729483283,0.202177293934681,0.49768875192604,0.48382126348228,0.496171516079632,0.493108728943338,0.201863354037267,0.208395802098951,0.482704402515723,0.484756097560976,0.212213740458015,0.218408736349454,0.482388973966309,0.934650455927052,0.814055636896047,0.498442367601246,0.205564142194745,0.811059907834101,0.493087557603687,0.202416918429003,0.497667185069984,0.495548961424332,0.496941896024465,0.210365853658537,0.222556390977444,0.205651491365777,0.482089552238806,0.496875,0.486196319018405,0.517829457364341,0.493788819875776,0.206201550387597,0.465151515151515,0.186708860759494,0.196923076923077,0.736024844720497,0.482919254658385,0.481481481481481,0.472868217054264,0.498466257668712,0.492260061919505,0.559090909090909,0.200920245398773,0.208012326656394,0.486363636363636,0.801213960546282,0.484066767830046,0.496206373292868,0.496147919876733,0.486363636363636,0.50386398763524,0.473214285714286,0.493023255813954,0.864253393665158,0.490853658536585,0.202492211838006,0.490654205607477,0.201848998459168,0.48948948948949,0.486821705426357,0.493865030674847,0.482919254658385,0.492913385826772,0.189312977099237,0.484066767830046,0.0545171339563863,0.195384615384615,0.205792682926829,0.205607476635514,0.20679012345679,0.205882352941176,0.313178294573643,0.203030303030303,0.186646433990895,0.207317073170732,0.498480243161094,0.197836166924266,0.486529318541997,0.794336810730253,0.196969696969697,0.836826347305389,0.202143950995406,0.478260869565217,0.480798771121352,0.492979719188768,0.790697674418605,0.224270353302611,0.488514548238897,0.207488299531981,0.207207207207207,0.199088145896657,0.209895052473763,0.802469135802469,0.483670295489891,0.202764976958525,0.198449612403101,0.485225505443235,0.214516129032258,0.478787878787879,0.201526717557252,0.219325153374233,0.490625,0.487460815047022,0.509833585476551,0.967391304347826,0.489922480620155,0.797507788161994,0.614583333333333,0.199381761978362,0.487878787878788,0.489096573208723,0.623853211009174,0.200301204819277,0.194704049844237,0.476190476190476,0.486024844720497,0.212893553223388,0.539634146341463,0.503974562798092,0.489827856025039,0.4896331738437,0.1898355754858,0.490654205607477,0.497784342688331,0.207951070336391,0.487022900763359,0.507598784194529,0.206738131699847,0.508500772797527,0.5,0.498489425981873,0.481651376146789,0.207751937984496,0.220088626292467,0.203149606299213,0.487101669195751,0.481132075471698,0.794251134644478,0.19375,0.481366459627329,0.199697428139183,0.214067278287462,0.492469879518072,0.485540334855403,0.491577335375191,0.478939157566303,0.498489425981873,0.201863354037267,0.499227202472952,0.504615384615385,0.630818619582664,0.194528875379939,0.361801242236025,0.213622291021672,0.796636085626911,0.204819277108434,0.498493975903614,0.209702660406886,0.19236641221374,0.786585365853659,0.206636500754148,0.492211838006231,0.208888888888889,0.488408037094281,0.493808049535604,0.48,0.195007800312012,0.21092564491654,0.484615384615385,0.409733124018838,0.586583463338534,0.487692307692308,0.212538226299694,0.196232339089482,0.2,0.463565891472868,0.2,0.998459167950693,0.211332312404288,0.202702702702703,0.193498452012384,0.2018779342723,0.48103186646434,0.208333333333333,0.48811410459588,0.484567901234568,0.516768292682927,0.496904024767802,0.205438066465257,0.499236641221374,0.490312965722802,0.488076311605723,0.193302891933029,0.5,0.191222570532915,0.486607142857143,0.318529862174579,0.504615384615385,0.493001555209953,0.485714285714286,0.217325227963526,0.479938271604938,0.490566037735849,0.208841463414634,0.207373271889401,0.493827160493827,0.5,0.205479452054795,0.726858877086495,0.485668789808917,0.482442748091603,0.470948012232416,0.512307692307692,0.20125786163522,0.496062992125984,0.220700152207002,0.782608695652174,0.497674418604651,0.798771121351767,0.0783132530120482,0.48062015503876,0.48780487804878,0.807121661721068,0.775914634146341,0.186046511627907,0.491577335375191,0.189147286821705,0.489164086687306,0.477165354330709,0.203100775193798,0.497716894977169,0.487654320987654,0.518461538461538,0.203703703703704,0.493129770992366,0.466458658346334,0.204334365325077,0.495412844036697,0.492913385826772,0.2,0.871559633027523,0.478939157566303,0.483282674772036,0.482170542635659,0.0516717325227964,0.214395099540582,0.237129485179407,0.205663189269747,0.207055214723926,0.801857585139319,0.194864048338369,0.193199381761978,0.204511278195489,0.785604900459418,0.210443037974684,0.484162895927602,0.204172876304024,0.4859375,0.206153846153846,0.598518518518519,0.559270516717325,0.494768310911809,0.500749625187406,0.546282245827011,0.505511811023622,0.794294294294294,0.56441717791411,0.514548238897397,0.481089258698941,0.805855161787365,0.490825688073394,0.497709923664122,0.450076804915515,0.5,0.505343511450382,0.60062893081761,0.495253164556962,0.490936555891239,0.51301684532925,0.189147286821705,0.826023391812866,0.787301587301587,0.506060606060606,0.493920972644377,0.464723926380368,0.218266253869969,0.888198757763975,0.486821705426357,0.202472952086553,0.499252615844544,0.143939393939394,0.622641509433962,0.213313161875946,0.203007518796992,0.196110210696921,0.506787330316742,0.590288315629742,0.490254872563718,0.485623003194888,0.484162895927602,0.794871794871795,0.198757763975155,0.496111975116641,0.207165109034268,0.496038034865293,0.498427672955975,0.206373292867982,0.480376766091052,0.213235294117647,0.484615384615385,0.207951070336391,0.216923076923077,0.480974124809741,0.798771121351767,0.20353982300885,0.486322188449848,0.205329153605016,0.276497695852535,0.219033232628399,0.696784073506891,0.202941176470588,0.242703533026114,0.2140625,0.493788819875776,0.2,0.201210287443268,0.221385542168675,0.500768049155146,0.488262910798122,0.489583333333333,0.454113924050633,0.88301282051282,0.486068111455108,0.184419713831479,0.472952086553323,0.216129032258065,0.207261724659607,0.483920367534456,0.483076923076923,0.475699558173785,0.417818740399386,0.48411497730711,0.213636363636364,0.208909370199693,0.47209653092006,0.479134466769706,0.564263322884012,0.616692426584235,0.494640122511485,0.482704402515723,0.21483771251932,0.500772797527048,0.493233082706767,0.213740458015267,0.506369426751592,0.493846153846154,0.796946564885496,0.964125560538117,0.480061349693252,0.511045655375552,0.49922480620155,0.490166414523449,0.605067064083458,0.209553158705701,0.493023255813954,0.188854489164087,0.495412844036697,0.468944099378882,0.50231124807396,0.318529862174579,0.495398773006135,0.211023622047244,0.485451761102603,0.489953632148377,0.481717011128776,0.495440729483283,0.210776545166403,0.486656200941915,0.484257871064468,0.804043545878694,0.490936555891239,0.202416918429003,0.140243902439024,0.207951070336391,0.501529051987768,0.483969465648855,0.495398773006135,0.616541353383459,0.20253164556962,0.614173228346457,0.46594427244582,0.216867469879518,0.208523592085236,0.163109756097561,0.513137557959815,0.49609984399376,0.430955993930197,0.4884437596302,0.490045941807044,0.202511773940345,0.201192250372578,0.686153846153846,0.56298600311042,0.211093990755008,0.205246913580247,0.209653092006033,0.501552795031056,0.203957382039574,0.477996965098634,0.512307692307692,0.203619909502262,0.472477064220183,0.486068111455108,0.491525423728814,0.20516717325228,0.209267563527653,0.560821484992101,0.491577335375191,0.213395638629283,0.209580838323353,0.493212669683258,0.498489425981873,0.204268292682927,0.792993630573248,0.483619344773791,0.493975903614458,0.811638591117917,0.48411497730711,0.218236173393124,0.5078125,0.210445468509985,0.968277945619335,0.802114803625378,0.317979197622585,0.478395061728395,0.203030303030303,0.198767334360555,0.790346907993967,0.809741248097412,0.483771251931994,0.1996996996997,0.47887323943662,0.204204204204204,0.486943164362519,0.205837173579109,0.209302325581395,0.161290322580645,0.41358024691358,0.205371248025276,0.209048361934477,0.82225656877898,0.202702702702703,0.677265500794913,0.490712074303406,0.528700906344411,0.483483483483483,0.201238390092879,0.5,0.520610687022901,0.208722741433022,0.203416149068323,0.5,0.576023391812866,0.472477064220183,0.611111111111111,0.17638036809816,0.468412942989214,0.584355828220859,0.822727272727273,0.486363636363636,0.488479262672811,0.493150684931507,0.200631911532385,0.578241430700447,0.48948948948949,0.1078125,0.603744149765991,0.165919282511211,0.20763358778626,0.206106870229008,0.485584218512898,0.469578783151326,0.500784929356358,0.491628614916286,0.490196078431373,0.586567164179104,0.51270553064275,0.796992481203007,0.516272189349112,0.201210287443268,0.474242424242424,0.505359877488515,0.493630573248408,0.485671191553544,0.601866251944012,0.213313161875946,0.475037821482602,0.467391304347826,0.477093206951027,0.498432601880878,0.487915407854985,0.496171516079632,0.995461422087746,0.527777777777778,0.483024691358025,0.594268476621418,0.207373271889401,0.950769230769231,0.48780487804878,0.134883720930233,0.215654952076677,0.212863705972435,0.493957703927492,0.565891472868217,0.207317073170732,0.48948948948949,0.508474576271186,0.157650695517774,0.202435312024353,0.201228878648233,0.211930926216641,0.481203007518797,0.205007824726135,0.211161387631976,0.318818040435459,0.200617283950617,0.458966565349544,0.20627802690583,0.609717868338558,0.202786377708978,0.523449319213313,0.496171516079632,0.596899224806202,0.201526717557252,0.207692307692308,0.197530864197531,0.485540334855403,0.468892261001517,0.484375,0.480421686746988,0.500789889415482,0.48503937007874,0.186915887850467,0.506766917293233,0.206521739130435,0.201639344262295,0.46142208774584,0.798151001540832,0.503770739064857,0.491778774289985,0.524390243902439,0.199697428139183,0.631818181818182,0.480825958702065,0.541925465838509,0.498470948012232,0.48966613672496,0.191063174114022,0.49768875192604,0.480769230769231,0.537984496124031,0.291993720565149,0.489736070381232,0.58712715855573,0.621069182389937,0.480974124809741,0.476708074534161,0.487767584097859,0.613354037267081,0.519142419601838,0.197268588770865,0.106646058732612,0.208459214501511,0.521212121212121,0.19751166407465,0.601246105919003,0.485496183206107,0.495297805642633,0.209267563527653,0.208523592085236,0.782542113323124,0.19375,0.216463414634146,0.196374622356495,0.478328173374613,0.486322188449848,0.197204968944099,0.482300884955752,0.512937595129376,0.486068111455108,0.746522411128284,0.49768875192604,0.798771121351767,0.494720965309201,0.202143950995406,0.214511041009464,0.598484848484849,0.802710843373494,0.47926267281106,0.48297213622291,0.68798751950078,0.586921850079745,0.201248049921997,0.205047318611987,0.50231124807396,0.187888198757764,0.796610169491525,0.204081632653061,0.487481590574374,0.617246596066566,0.49768875192604,0.493710691823899,0.203389830508475,0.786729857819905,0.1953125,0.503134796238245,0.489230769230769,0.210287443267776,0.211656441717791,0.19640179910045,0.50855365474339,0.205696202531646,0.49306625577812,0.57469512195122,0.486322188449848,0.477777777777778,0.791158536585366,0.848531684698609,0.200636942675159,0.576923076923077,0.206471494607088,0.496951219512195,0.474654377880184,0.208398133748056,0.19629057187017,0.862537764350453,0.483433734939759,0.203957382039574,0.309090909090909,0.20763358778626,0.513595166163142,0.972136222910217,0.51468315301391,0.206373292867982,0.200899550224888,0.195046439628483,0.210691823899371,0.202723146747353,0.512084592145015,0.501538461538461,0.201210287443268,0.924679487179487,0.80370942812983,0.762996941896025,0.7872,0.475384615384615,0.192604006163328,0.519142419601838,0.186363636363636,0.200913242009132,0.310136157337368,0.193447737909516,0.515290519877676,0.207890743550835,0.202229299363057,0.192846034214619,0.201219512195122
"116",1,1,1,1,1,1,0.716049382716049,1,1,0.10410094637224,1,0.0464767616191904,0.807751937984496,1,0.299079754601227,0.299392097264438,0.0692771084337349,0.700626959247649,1,1,0.273972602739726,0.301242236024845,1,0.16,1,0.322137404580153,0.308755760368664,1,1,0.773006134969325,0.296969696969697,0.717522658610272,0.966817496229261,0.306625577812018,0,1,0.552833078101072,1,0.289120715350224,1,0.67741935483871,0.688350983358548,0.708270676691729,1,1,0.303265940902022,0.306525037936267,0.295252225519288,0.308955223880597,0.311844077961019,0,1,0.305722891566265,1,1,0.487538940809969,0.568567026194145,1,1,1,0.317771084337349,0.309341500765697,0.309375,0.685410334346505,1,1,0.0393343419062027,1,0.0632352941176471,0.311940298507463,1,0.302752293577982,0.315132605304212,0.975077881619938,0.517910447761194,1,0.302395209580838,0.324850299401198,1,0.301412872841444,0.0913385826771654,0.319875776397516,0.316030534351145,1,0.325757575757576,1,1,1,1,0.70392749244713,1,1,0.00151745068285281,0.108955223880597,1,0.0497076023391813,0,1,0.573872472783826,0.686153846153846,1,0.0574018126888218,0.301659125188537,1,0.304615384615385,1,0.69578313253012,1,0.306748466257669,0.309309309309309,0.301659125188537,1,0.314759036144578,1,0.492603550295858,1,0.301829268292683,0.301801801801802,0.307132459970888,0.303738317757009,0.491679273827534,0.998470948012232,0.305263157894737,0.309119010819165,1,0.298192771084337,1,1,0.327245053272451,0.541543026706231,1,0.298780487804878,1,0.0436046511627907,1,0.304606240713224,0.682370820668693,0.316742081447964,0.926426426426426,0.426332288401254,0.107692307692308,0.101361573373676,1,1,0.31859756097561,1,0.30791788856305,1,0.80359820089955,1,0.313178294573643,1,1,1,1,0.321100917431193,1,0.314984709480122,0.262443438914027,1,0.303625377643505,1,0.291350531107739,0.0880989180834621,1,0.307931570762053,1,1,1,0.325443786982249,1,0.318042813455657,1,0.295180722891566,1,0.305936073059361,0.0819423368740516,1,0.650393700787402,1,1,0.301829268292683,1,1,1,1,0.308282208588957,0.298529411764706,1,0.998477929984779,0.311940298507463,0.2953125,1,0.451807228915663,0.677325581395349,0,0.306060606060606,0.685240963855422,1,0.312684365781711,1,0.998500749625187,1,0.306306306306306,0.309774436090226,0.317411402157165,1,1,1,0,1,0.293846153846154,0.974085365853659,0.314984709480122,0.300150829562594,0.753012048192771,1,1,1,1,1,0.0468277945619335,0.308411214953271,0.311475409836066,1,0.686363636363636,1,1,0.998473282442748,0.998507462686567,1,1,0.00449775112443778,0.320474777448071,1,0.303076923076923,1,0.293591654247392,1,1,1,1,1,0.309559939301973,1,0.503012048192771,0.315068493150685,0.318991097922849,0.302936630602782,0.309451219512195,0.327666151468315,0.406542056074766,0.320300751879699,0.301659125188537,0.305514157973174,1,0.311248073959938,1,0.694362017804154,0.305847076461769,0.31314623338257,0.321592649310873,1,1,1,0.263318112633181,0.30030487804878,1,0.309707241910632,0.313988095238095,0.310810810810811,0.311940298507463,0.692073170731707,1,0.309985096870343,0.309090909090909,1,0.287284144427002,1,0.304347826086957,0.306060606060606,1,1,1,0.549467275494673,1,0.698027314112291,0.0857988165680473,0.312781954887218,1,1,0.103139013452915,0.307807807807808,0.320668693009119,1,1,0.294294294294294,0.0241691842900302,0.00309597523219814,1,1,0.331360946745562,0.998480243161094,1,0.302533532041729,1,1,0.302114803625378,1,1,1,1,0.316187594553706,0.302052785923754,0.315047021943574,1,1,0.675635276532138,0.304545454545455,1,0.310549777117385,0.285060975609756,1,1,0.998502994011976,1,1,0.309559939301973,1,1,0.108527131782946,0.319880418535127,0.482496194824962,0.290964777947933,0.678461538461538,0.307575757575758,1,0.29483282674772,0.319277108433735,0.258594917787743,0.305389221556886,1,0.317251461988304,1,1,1,0.304482225656878,0.312406576980568,0.998493975903614,0.919937205651491,0.0696594427244582,1,0.301659125188537,0.305810397553517,0.302147239263804,1,0.316493313521545,0.4779299847793,0.310708898944193,0.310708898944193,0.2984375,0.289393939393939,1,0.313455657492355,1,1,0,1,0.308755760368664,1,1,1,0.314112291350531,1,0.309119010819165,1,0.831594634873323,1,1,1,0.304281345565749,1,1,0.299093655589124,0.3,1,1,0.301223241590214,0.195195195195195,1,0.998498498498498,1,0,0.295031055900621,1,0.305936073059361,0.250384024577573,1,0.686838124054463,0.423423423423423,1,1,0.688235294117647,0.716923076923077,0.331818181818182,1,0.30521472392638,1,1,0.316666666666667,1,0.998466257668712,0.00753012048192771,0.31651376146789,1,1,0.31733746130031,1,1,0.291731669266771,0.340298507462687,1,1,1,0.533033033033033,0.304477611940298,0.335866261398176,0.309143686502177,0.31570996978852,0.699386503067485,0.314199395770393,0.319277108433735,0.303703703703704,0.249621785173979,0.301538461538462,1,0.311940298507463,0.998473282442748,0.305389221556886,0.0905109489051095,0.0540540540540541,1,1,0.0407239819004525,1,0.697466467958271,0.0438066465256798,0.0122699386503067,1,0.692541856925419,1,1,0.53953488372093,1,0,0.07981220657277,1,1,1,0.312788906009245,0.664748201438849,0.696400625978091,0.992503748125937,1,0.984894259818731,0.297256097560976,0.345509893455099,1,0.284829721362229,1,0.365413533834586,0.108761329305136,0.291479820627803,0.308605341246291,0.325320512820513,1,0.0839580209895052,1,1,1,0.263079222720478,0.313364055299539,1,0.309341500765697,1,1,0.298350824587706,1,0.307467057101025,1,0.30030487804878,0.311550151975684,1,0.695178849144635,0.308029197080292,1,0.300155520995334,0.761398176291793,0.306427503736921,0.166163141993958,0.309838472834068,0.764525993883792,0.300613496932515,1,0.317220543806647,0.329850746268657,0.285500747384155,1,1,1,0.967391304347826,0.34012539184953,1,0.313846153846154,1,0.3078125,0.307807807807808,1,1,1,0.916030534351145,1,0.304154302670623,0.310136157337368,1,1,0.0498442367601246,0.08649468892261,1,1,0.297546012269939,1,1,0.306625577812018,1,1,0.69359756097561,0.547723935389134,1,0,1,1,0.102985074626866,0.311827956989247,1,0.314503816793893,0.998466257668712,0.963636363636364,0.998489425981873,0.817220543806647,1,0.32398753894081,1,1,1,0,0.294770206022187,1,1,0.685975609756098,1,0.310502283105023,0.35249621785174,0.308510638297872,1,1,1,0.0950965824665676,0.308049535603715,0.0975232198142415,0.998430141287284,0.299703264094956,0.293853073463268,0.342424242424242,0,1,0.953383458646617,1,1,0.310077519379845,0.28955223880597,0.166921898928025,0.0428134556574924,0.310975609756098,0.305722891566265,0.317293233082707,0.00154798761609907,0.304545454545455,1,0,0.305059523809524,1,1,1,0.306646525679758,0.312781954887218,0.0390015600624025,1,0.304747320061256,0.296352583586626,1,1,0.310344827586207,0.708661417322835,1,1,0.704791344667697,1,0.297337278106509,1,0.311844077961019,0.533033033033033,0.678247734138973,0.400293255131965,1,0.289512555391433,0.30421686746988,0.690440060698027,0.683357879234168,1,0.305847076461769,1,0.312406576980568,1,0.304878048780488,0.296754250386399,0.344984802431611,0.519519519519519,0.305772230889236,0.295208655332303,0.67737003058104,0.307922272047833,0.153125,1,0,1,0.281345565749235,1,0,0.311077389984825,0.310185185185185,1,0.0625,1,0.0890937019969278,0.329286798179059,1,0.0694864048338369,0.674698795180723,1,1,1,0.305379746835443,0.0427728613569322,1,0.420814479638009,0.0989180834621329,0.347181008902077,0.304347826086957,0.312781954887218,1,1,1,1,1,0.0717423133235725,0.995515695067265,0.6996996996997,0.00439882697947214,0.314674735249622,1,1,1,1,0.0924242424242424,0.304675716440422,1,1,1,1,1,1,0.497041420118343,0.00154320987654321,1,0.0875370919881306,0.314456035767511,0.439209726443769,1,0.391371340523883,0.300476947535771,0.302431610942249,1,0.043609022556391,0.302985074626866,1,1,0.370426829268293,0.300604229607251,0.300763358778626,0.305295950155763,0.998507462686567,0.311450381679389,0.307575757575758,0.415007656967841,0.301059001512859,0.974397590361446,0.299410029498525,0.0891238670694864,0.316436251920123,0,1,0.0943683409436834,0.294930875576037,0.306060606060606,0.310769230769231,1,1,1,1,1,1,0.31937984496124,1,0.304281345565749,0.29746835443038,0.6,0.691833590138675,1,1,0,0.304477611940298,0.122356495468278,0.998522895125554,0.0363636363636364,1,1,0.303543913713405,1,1,0.622083981337481,0.419968304278922,0.995645863570392,0.0850077279752705,0.103235747303544,1,1,1,0.0922844175491679,0,0.308035714285714,0.412121212121212,0.30849478390462,0,0.319018404907975,0.0911901081916538,1,1,0.312130177514793,0.305263157894737,0.253435114503817,0.32093023255814,0.303892215568862,0.314285714285714,1,1,0.315789473684211,1,0,1,0.226100151745068,1,0.684848484848485,1,0.301515151515152,0.296296296296296,0.0810810810810811,0.6875,1,1,0.800604229607251,0.897832817337461,0.304281345565749,0.313935681470138,1,0.307110438729198,0.25609756097561,0.313755795981453,1,0.107088989441931,1,1,0.307110438729198,0.689547581903276,0.301857585139319,1,1,0.295795795795796,0.298192771084337,0.307017543859649,0.862654320987654,0.303125,1,0.061377245508982,1,1,0.705089820359281,0.663093415007657,0.309597523219814,0.0578386605783866,0.316666666666667,1,1,0.297297297297297,0.315384615384615,0.627659574468085,1,0.30576070901034,0.370149253731343,0.292353823088456,0.983941605839416,0.48103186646434,0.00302571860816944,0.292609351432881,0.308383233532934,0.313846153846154,0.310291858678955,0.312954876273654,0.969924812030075,1,0.310240963855422,0.553822152886115,0.694915254237288,0.241430700447094,0.697204968944099,1,0.315151515151515,0.00153374233128834,0.308396946564885,0.297297297297297,0.359635811836115,0.312121212121212,0,0.31859756097561,0.306625577812018,0.313846153846154,0.307692307692308
"117",0.289269051321928,0.313178294573643,0.313755795981453,0.328593996840442,0.311320754716981,0.3046875,0.0112903225806452,0.312302839116719,0.296238244514107,0.567741935483871,0.314152410575428,0.645211930926217,0.526984126984127,0.319554848966614,1,1,0.624808575803982,0,0.314285714285714,0.306122448979592,1,1,0.320493066255778,0.506955177743431,0.303353658536585,1,1,0.331738437001595,0.308868501529052,0.525396825396825,1,0.592879256965944,0.370139968895801,0.998430141287284,0.677725118483412,0.30718954248366,0.143307086614173,0.320493066255778,1,0.303405572755418,0,0,0,0.327073552425665,0.308917197452229,1,0.998407643312102,1,1,1,0.697530864197531,0.321656050955414,1,0.32398753894081,0.308892355694228,0.816720257234727,0.127358490566038,0.31496062992126,0.31619937694704,0.318952234206472,0.993846153846154,1,1,0.00319488817891374,0.31973898858075,0.316436251920123,0.66403785488959,0.316535433070866,0.616692426584235,1,0.314241486068111,1,1,0.268921095008052,0.161538461538462,0.313161875945537,1,0.996884735202492,0.311627906976744,1,0.605263157894737,1,1,0.313755795981453,1,0.320121951219512,0.309375,0.315047021943574,0.310832025117739,0,0.316614420062696,0.320300751879699,0.690513219284603,0.580893682588598,0.307814992025518,0.638888888888889,0.677672955974843,0.310185185185185,0.122950819672131,0,0.307814992025518,0.625196850393701,1,0.305691056910569,1,0.311526479750779,0,0.314641744548287,1,1,1,0.296062992125984,1,0.325153374233129,0.206948640483384,0.301829268292683,1,0.364341085271318,1,1,0.203732503888025,0.303125,1,1,0.321538461538462,1,0.311844077961019,0.302290076335878,0.363067292644757,0.759146341463415,0.318910256410256,1,0.322327044025157,0.640483383685801,0.324881141045959,1,0,1,0.3703125,0.885350318471338,0.5859375,0.596825396825397,0.3078125,0.315047021943574,1,0.315301391035549,1,0.30173775671406,0.507716049382716,0.323076923076923,1,0.307086614173228,0.311424100156495,0.320754716981132,0.314465408805031,1,0.308282208588957,1,0.437106918238994,0.315132605304212,1,0.31651376146789,1,0.588235294117647,0.313880126182965,1,0.313664596273292,0.312597200622084,0.330143540669856,0.989180834621329,0.317683881064163,1,0.31911532385466,1,0.315024232633279,1,0.596244131455399,0.295774647887324,0.032520325203252,0.293929712460064,0.313694267515924,1,0.300940438871473,0.317535545023697,0.313755795981453,0.32348367029549,1,1,0.312599681020734,0.317757009345794,1,1,0.312989045383412,0.241960183767228,0.018018018018018,0.689873417721519,1,0,0.310452418096724,1,0.316957210776545,0.305936073059361,0.313755795981453,0.996875,1,1,0.319508448540707,0.3088,0.304482225656878,0.688087774294671,0.30030959752322,1,0.341121495327103,1,1,0.432558139534884,0.314785373608903,0.31839258114374,0.323248407643312,0.294670846394984,0.308777429467085,0.640502354788069,1,1,0.308049535603715,0.0015625,0.320061255742726,0.317073170731707,0.318181818181818,0.302469135802469,0.297169811320755,0.314112291350531,0.711450381679389,0.363358778625954,0.301092043681747,1,0.319620253164557,1,0.301857585139319,0.30016051364366,0.302694136291601,0.320251177394035,0.310126582278481,1,0.319875776397516,0.793929712460064,1,1,1,1,1,0.89776357827476,1,1,1,0.310502283105023,1,0.31973898858075,0,1,0.373860182370821,1,0.30952380952381,0.3152,0.311912225705329,0.4234375,1,0.313935681470138,1,1,1,1,0,0.308166409861325,1,1,0.317829457364341,1,0.313755795981453,1,1,0.306946688206785,0.312101910828025,0.296124031007752,0.151898734177215,0.320063694267516,0,0.593703148425787,1,0.317757009345794,0.312302839116719,0.577399380804954,1,1,0.318181818181818,0.319182389937107,1,0.660522273425499,0.69951534733441,0.293838862559242,0.314102564102564,0.996937212863706,0.325038880248834,0.29803328290469,1,0.305555555555556,0.3,1,0.296238244514107,0.316535433070866,0.310452418096724,0.308917197452229,1,1,1,0.307931570762053,0.323343848580442,0.00461538461538462,0.996884735202492,0.325914149443561,1,1,0.306153846153846,0.317073170731707,0.295774647887324,0.317111459968603,0.307453416149068,1,0.299679487179487,0.307332293291732,0.560897435897436,1,0.828885400313972,1,0,1,0.319277108433735,1,1,0.421947449768161,1,0.31378763866878,1,0.305511811023622,0.292379471228616,0.311248073959938,1,1,0.312401883830455,0.399673735725938,0.6192,0.296950240770466,1,1,1,0.313504823151125,1,0.208791208791209,1,1,1,1,0.323574730354391,1,0.320907617504052,0.322429906542056,0.683385579937304,0.3008,1,0.323574730354391,0.317220543806647,0.308562197092084,1,0.302431610942249,1,0.322289156626506,0.488299531981279,0.319314641744548,0.319286871961102,0.309597523219814,1,0.313385826771654,0.296650717703349,1,1,0.3203125,0.30503144654088,1,0.476923076923077,0.304625199362041,0.321428571428571,0.317073170731707,0.686614173228347,1,0.290322580645161,1,0.418238993710692,0.306122448979592,0,0.876335877862595,0.31139646869984,0.31496062992126,0,0.0299212598425197,0.982484076433121,0.314329738058552,1,0.305379746835443,0.317817014446228,1,0.323076923076923,0.314873417721519,0.678740157480315,1,0.315707620528771,0.322683706070288,1,0.30781010719755,0.3024,1,0.34585289514867,0.305863708399366,0.309815950920245,0.327044025157233,0.796899224806202,1,0.979430379746835,1,1,0,1,0.995341614906832,1,0.427215189873418,1,0.306748466257669,0.996965098634294,0.333333333333333,0.998430141287284,0.606875934230194,0.626543209876543,0.315132605304212,0.315870570107858,0.638629283489097,0.311004784688995,0,0.637770897832817,0.688188976377953,0.315625,0,0.30503144654088,0.296238244514107,0.7625,0.317829457364341,0.688888888888889,0.594507269789984,0.307448494453249,0.320433436532508,0.293291731669267,1,0.0251851851851852,0,0.306976744186047,0.324921135646688,0.325581395348837,1,0.334379905808477,0.307692307692308,1,0.304615384615385,0.942457231726283,0.568720379146919,1,1,0.995016611295681,0.316923076923077,0.614916286149163,0.318731117824773,0.29903536977492,0.310832025117739,0.416796267496112,1,0.309409888357257,1,0.310789049919485,0.313725490196078,1,0.307936507936508,1,0.31937984496124,1,1,0.314375987361769,0,1,0.319938176197836,1,0.566455696202532,1,0.506955177743431,1,0.567353407290016,1,0.310289389067524,1,1,1,0.30173775671406,0.318979266347687,0.312883435582822,0.344992050874404,0.326332794830372,0.299065420560748,1,0.3140625,1,1,0.319875776397516,0.31139646869984,0.310502283105023,0.384012539184953,0.317771084337349,1,1,0.324159021406728,0.322632423756019,0.630818619582664,0.595505617977528,0.3056,0.313099041533546,1,0.305555555555556,0.312977099236641,0.9953125,0.307448494453249,0.308527131782946,0,0.144634525660964,0.315047021943574,0.688253012048193,0.305772230889236,0.315301391035549,0.598473282442748,0.998447204968944,0.314465408805031,1,0.308166409861325,0.35031847133758,0.309968847352025,0.483076923076923,0.309968847352025,1,0.315132605304212,0.316211878009631,0.326433121019108,0.691244239631336,1,0.323101777059774,0.302147239263804,0,0.320061255742726,1,0.953125,1,0.309815950920245,0.318037974683544,0.303514376996805,0.590839694656489,1,0.596091205211726,0.329617834394904,1,1,0.968847352024922,0.686915887850467,0.324960753532182,0.35625,0.31201248049922,0.309486780715397,1,1,0.5141065830721,0.634222919937206,1,1,1,0.696682464454976,1,0.325190839694657,0.686520376175549,1,0.318252730109204,0.306729264475743,0.306477093206951,1,1,0.642857142857143,0.313271604938272,1,1,0.319314641744548,0.308755760368664,1,0,0.304347826086957,0.306349206349206,0.00471698113207547,0.305471124620061,1,0.303656597774245,1,0.14900153609831,0,0.901812688821752,0.32348367029549,1,1,0,0,0.324960753532182,1,0.30173775671406,1,0.303459119496855,1,0.998427672955975,0.96583850931677,0.782071097372488,1,1,0.0047244094488189,1,0.517184942716858,0.319620253164557,0.679389312977099,0.320668693009119,1,0.30077519379845,0.682242990654206,1,1,0.305511811023622,0.629685157421289,0.326120556414219,0.587677725118483,0.97339593114241,0.322932917316693,0.602484472049689,0.00940438871473354,0.304821150855365,0.321259842519685,0.313271604938272,1,0.643185298621746,0.303543913713405,0.891338582677165,0.587096774193548,0.969183359013868,1,1,0.308166409861325,0.337662337662338,0.305732484076433,0.299373040752351,0.310344827586207,0.624620060790274,0.29742033383915,0,0.677130044843049,1,0.3171875,0.300955414012739,0.310789049919485,0.31441717791411,0.600931677018634,1,0.333333333333333,0.322222222222222,0.324281150159744,0.317111459968603,0.309006211180124,0.30625,0.19969040247678,0.684627575277338,0.316957210776545,0.607692307692308,1,0.23950233281493,0.311320754716981,0.920508744038156,1,1,0.311320754716981,0.64031007751938,1,0.308641975308642,0.304212168486739,0.96,1,1,1,0.312788906009245,1,1,0.897798742138365,1,0.345092024539877,1,0.594462540716612,1,0.677067082683307,0.309375,0.59717868338558,1,1,0.9936,0.321875,0.321428571428571,0.318840579710145,0.31619937694704,0.317152103559871,0.3184,0.984177215189873,0.311320754716981,1,1,0.726708074534162,0,0.313271604938272,0.317262830482115,0.684532924961715,1,0.572530864197531,0.318112633181126,0.649921507064364,0.314152410575428,0.306946688206785,1,0.3078125,0.314845024469821,0.682108626198083,0.905660377358491,0.316265060240964,0.602870813397129,0.582539682539683,0.315384615384615,0.321144674085851,0.296124031007752,0.592063492063492,0.6875,1,0.89375,1,0.670807453416149,1,0.59967845659164,0.311912225705329,0.323671497584541,1,1,0.427682737169518,0.996825396825397,0.998468606431853,1,0.302325581395349,0.3203125,1,0.306427503736921,0.686821705426357,0.324324324324324,0.460218408736349,0.30016051364366,0,0.308166409861325,1,1,0.598449612403101,0,0.326018808777429,0.320373250388802,0.100787401574803,0.395498392282958,1,1,0.315217391304348,1,0.40952380952381,1,0.325301204819277,0.58695652173913,0.308527131782946,0.31687898089172,1,0,1,0.297427652733119,0.311320754716981,1,1,1,0.43879173290938,1,0.313291139240506,0.625766871165644,0.327102803738318,0.320325203252033,0,0.0421875,1,0.626771653543307,1,0.317683881064163,0.320450885668277,1,1,0.164615384615385,0.311349693251534,1,0.894899536321484,1,0.31839258114374,0.209375,0.676425269645609,1,1,1,1,1,0.274809160305344,0.306853582554517,1,0.124401913875598,0,0.443057722308892,0,0.318037974683544,1,0.682034976152623,1,1,0.887692307692308,1,0.688549618320611,1,1,1,1
"118",0.308176100628931,0.296062992125984,0.304821150855365,0.288401253918495,0.292117465224111,0.30503144654088,0.605678233438486,0.295489891135303,0.305810397553517,0.816164817749604,0.306184012066365,0.758139534883721,0.0995260663507109,0.290171606864275,0.3828125,0.384615384615385,0.774539877300613,0.628246753246753,0.303125,0.304821150855365,0.395931142410016,0.381987577639752,0.303215926493109,0.88390092879257,0.319018404907975,0.36817472698908,0.374800637958533,0.3072,0.309559939301973,0.151658767772512,0.4,0.126911314984709,0.266666666666667,0.385448916408669,0.70606531881804,0.303571428571429,0.768388106416275,0.284403669724771,0.38863976083707,0.30521472392638,0.643192488262911,0.619783616692427,0.629007633587786,0.289514866979656,0.289556962025316,0.372641509433962,0.388036809815951,0.376524390243902,0.371913580246914,0.370030581039755,0.70606531881804,0.293103448275862,0.394171779141104,0.293663060278207,0.307098765432099,0.205564142194745,0.75748031496063,0.293023255813953,0.306646525679758,0.298904538341158,0.366306027820711,0.378294573643411,0.3861852433281,0.639876352395672,0.306709265175719,0.30781010719755,0.744945567651633,0.291993720565149,0.786363636363636,0.363774733637747,0.297709923664122,0.37904468412943,0.372019077901431,0.347068145800317,0.789954337899543,0.30421686746988,0.377300613496933,0.357473035439137,0.299392097264438,0.367149758454106,0.808917197452229,0.372239747634069,0.368012422360248,0.303076923076923,0.364188163884674,0.303437967115097,0.312202852614897,0.304482225656878,0.294117647058824,0.614439324116744,0.298245614035088,0.289985052316891,0.702492211838006,0.815267175572519,0.297507788161994,0.756060606060606,0.711213517665131,0.290519877675841,0.746815286624204,0.6328125,0.29984544049459,0.771739130434783,0.394366197183099,0.308056872037915,0.368916797488226,0.310077519379845,0.62826420890937,0.302652106084243,0.379416282642089,0.375963020030817,0.351309707241911,0.313455657492355,0.371340523882897,0.2890625,0.823262839879154,0.301801801801802,0.364341085271318,1,0.367069486404834,0.376360808709176,0.829984544049459,0.29375,0.377099236641221,0.368421052631579,0.291858678955453,0.38863287250384,0.301634472511144,0.29618320610687,0.980182926829268,0.614220877458396,0.286634460547504,0.388198757763975,0.305511811023622,0.75480059084195,0.285939968404423,0.373250388802488,0.646153846153846,0.374613003095975,0.227769110764431,0.512698412698413,0.808777429467085,0.810852713178295,0.297507788161994,0.29093799682035,0.375,0.300455235204856,0.382882882882883,0.3046875,0.11969696969697,0.30441400304414,0.380877742946708,0.305426356589147,0.299684542586751,0.299050632911392,0.292913385826772,0.357910906298003,0.304212168486739,0.361067503924647,0.956589147286822,0.298761609907121,0.384853168469861,0.307807807807808,0.392125984251968,0.79874213836478,0.299524564183835,0.372093023255814,0.313755795981453,0.31306990881459,0.303459119496855,0.356707317073171,0.311912225705329,0.356466876971609,0.29635499207607,0.368258859784284,0.283849918433931,0.363636363636364,0.7859375,0.297839506172839,0.677884615384615,0.293838862559242,0.30564263322884,0.381558028616852,0.3,0.301412872841444,0.307453416149068,0.30030959752322,0.379256965944272,0.382126348228043,0.2912,0.291472868217054,0.36687306501548,0.392464678178964,0.290769230769231,0.845553822152886,0.644873699851412,0.696319018404908,0.370942812982998,0.641627543035994,0.294930875576037,0.373111782477341,0.310236220472441,0.304147465437788,0.301538461538462,0.380733944954128,0.387442572741194,0.370839936608558,0.299410029498525,0.295886075949367,0.296923076923077,0.716744913928013,0.303875968992248,0.384615384615385,0.283076923076923,0.374223602484472,0.374045801526718,0.556240369799692,0.295238095238095,0.301684532924962,0.293663060278207,0.307098765432099,0.296703296703297,0.746913580246914,0.367029548989114,0.375384615384615,0.303215926493109,0.635239567233385,0.295454545454545,0.297904191616766,0.31039755351682,0.298461538461538,0.307692307692308,0.292719167904903,0.693721286370597,0.984756097560976,0.309341500765697,0.373817034700315,0.294670846394984,0.373846153846154,0.304147465437788,0.297637795275591,0.295489891135303,0.289514866979656,0.295345104333868,0.352574102964119,0.301684532924962,0.177777777777778,0.364906832298137,0.36322188449848,0.373015873015873,0.36984126984127,0.370716510903427,0.481717011128776,0.361801242236025,0.364760432766615,0.367127496159754,0.317147192716237,0.365891472868217,0.294498381877023,0.615853658536585,0.369230769230769,0.996946564885496,0.374407582938389,0.3015625,0.290519877675841,0.303599374021909,0.973354231974922,0.385093167701863,0.290519877675841,0.36248012718601,0.377245508982036,0.362790697674419,0.375191424196018,0.624420401854714,0.29595015576324,0.372128637059724,0.375987361769352,0.294392523364486,0.383627608346709,0.300763358778626,0.373271889400922,0.3875,0.299684542586751,0.297253634894992,0.306027820710974,0.770769230769231,0.287974683544304,0.62095531587057,0.795795795795796,0.364341085271318,0.304281345565749,0.297674418604651,0.814132104454685,0.376543209876543,0.3671875,0.295055821371611,0.2953125,0.386153846153846,0.728395061728395,0.69620253164557,0.307448494453249,0.287735849056604,0.369137670196672,0.298136645962733,0.298798798798799,0.377473363774734,0.304953560371517,0.30757341576507,0.370942812982998,0.30503144654088,0.296124031007752,0.29984544049459,0.297805642633229,0.375776397515528,0.392424242424242,0.383012820512821,0.299539170506912,0.306027820710974,0.633693972179289,0.378461538461538,0.300157977883096,0.379204892966361,0.387596899224806,0.308166409861325,0.293663060278207,0.300613496932515,0.291858678955453,0.299694189602446,0.377503852080123,0.30379746835443,0.311912225705329,0.818611987381703,0.371559633027523,0.534591194968553,0.390015600624025,0.617647058823529,0.373111782477341,0.296851574212894,0.380726698262243,0.373817034700315,0.972519083969466,0.375384615384615,0.304140127388535,0.381818181818182,0.307210031347962,0.301242236024845,0.296520423600605,0.378716744913928,0.387442572741194,0.305084745762712,0.2224,0.777070063694268,0.315286624203822,0.373643410852713,0.369565217391304,0.375594294770206,0.30048465266559,0.371951219512195,0.832565284178187,0.372854914196568,0.378125,0.377952755905512,0.3765625,0.294027565084227,0.372056514913658,0.296774193548387,0.305084745762712,0.702492211838006,0.30564263322884,0.375196232339089,0.303265940902022,0.291793313069909,0.286846275752773,0.372854914196568,0.302431610942249,0.3734375,0.303759398496241,0.133846153846154,0.3140625,0.305379746835443,0.296969696969697,0.387596899224806,0.289968652037618,0.304212168486739,0.38,0.374223602484472,0.297674418604651,0.295665634674923,0.378461538461538,0.920731707317073,0.301261829652997,0.29922480620155,0.289193302891933,0.696456086286595,0.3936,0.30064308681672,0.380585516178737,0.969793322734499,0.305511811023622,0.61890243902439,0.256880733944954,0.289389067524116,0.292117465224111,0.62852897473997,0.601226993865031,0.352395672333849,0.302469135802469,0.381987577639752,0.294488188976378,0.281098546042003,0.370662460567823,0.302752293577982,0.310344827586207,0.716923076923077,0.363777089783282,0.303738317757009,0.288888888888889,0.379905808477237,0.312210200927357,0.290679304897314,0.379095163806552,0.950540958268934,0.294025157232704,0.302290076335878,0.299531981279251,0.18,0.387944358578053,0.409937888198758,0.373692077727952,0.379416282642089,0.630434782608696,0.360983102918587,0.361370716510903,0.379727685325265,0.962732919254658,0.371610845295056,0.306525037936267,0.377099236641221,0.289719626168224,0.380216383307573,0.79940119760479,0.754198473282443,0.300763358778626,0.311649016641452,0.757341576506955,0.3,0.628787878787879,0.75195007800312,0.707936507936508,0.293129770992366,0.624420401854714,0.307692307692308,0.297971918876755,0.615748031496063,0.298921417565485,0.698608964451314,0.799363057324841,0.289719626168224,0.307926829268293,0.319018404907975,0.376360808709176,0.662241887905605,0.604878048780488,0.320493066255778,0.287692307692308,0.258513931888545,0.394126738794436,0.955589586523737,0.300925925925926,0.389671361502347,0.300911854103343,0.327131782945736,0.808777429467085,0.386398763523957,0.371951219512195,0.371859296482412,0.300150829562594,0.790199081163859,0.304675716440422,0.294585987261146,0.290571870170015,0.975794251134644,0.367762128325509,0.308411214953271,0.383647798742138,0.303715670436187,0.29903536977492,0.371951219512195,0.294488188976378,0.389380530973451,0.311248073959938,0.392801251956182,0.36833855799373,0.291858678955453,0.628659476117103,0.372372372372372,0.303265940902022,0.382677165354331,0.1875,0.390060240963855,0.88597842835131,0.375189107413011,0.127725856697819,0.384012539184953,0.307210031347962,0.379785604900459,0.356269113149847,0.409436834094368,0.31201248049922,0.30829420970266,0.301943198804185,0.2608,0.951612903225806,0.294298921417565,0.354430379746835,0.291021671826625,0.385852090032154,0.381381381381381,0.288135593220339,0.293650793650794,0.291044776119403,0.217527386541471,0.294930875576037,0.386466165413534,0.393241167434716,0.291793313069909,0.293375394321767,0.763693270735524,0.786833855799373,0.293103448275862,0.286604361370716,0.386075949367089,0.313846153846154,0.302395209580838,0.374807987711214,0.311111111111111,0.291666666666667,0.628086419753086,0.776096822995461,0.297213622291022,0.698507462686567,0.305295950155763,0.309815950920245,0.800904977375566,0.380216383307573,0.29874213836478,0.36405529953917,0.293478260869565,0.259842519685039,0.309707241910632,0.121351766513057,0.310344827586207,0.371428571428571,0.297971918876755,0.307210031347962,0.297124600638978,0.702127659574468,0.380875202593193,0.280952380952381,0.299694189602446,0.627329192546584,0.300455235204856,0.373271889400922,0.329230769230769,0.378086419753086,0.303738317757009,0.294117647058824,0.301684532924962,0.809815950920245,0.370253164556962,0.793977812995246,0.28149300155521,0.38145896656535,0.385670731707317,0.337858220211161,0.710323574730354,0.303405572755418,0.247328244274809,0.290571870170015,0.314329738058552,0.365354330708661,0.38821752265861,0.876755070202808,0.748043818466354,0.394817073170732,0.371340523882897,0.36144578313253,0.694136291600634,0.374233128834356,0.301059001512859,0.703937007874016,0.376327769347496,0.295384615384615,0.309968847352025,0.294670846394984,0.370597243491577,0.38109756097561,0.751602564102564,0.296411856474259,0.3984375,0.389570552147239,0.29320987654321,0.310872894333844,0.379573170731707,0.613526570048309,0.294303797468354,0.29984544049459,0.629746835443038,0.303353658536585,0.394216133942161,0.309486780715397,0.37962962962963,0.796352583586626,0.638167938931298,0.490106544901065,0.302469135802469,0.379727685325265,0.383206106870229,0.616564417177914,0.63969465648855,0.296124031007752,0.377300613496933,0.306709265175719,0.369369369369369,0.285939968404423,0.370486656200942,0.391575663026521,0.344086021505376,0.537867078825348,0.377567140600316,0.384737678855326,0.642967542503864,0.377880184331797,0.865506329113924,0.294209702660407,0.715151515151515,0.287022900763359,0.3861852433281,0.305555555555556,0.712538226299694,0.376947040498442,0.372056514913658,0.309033280507132,0.769115442278861,0.297546012269939,0.804381846635368,0.341269841269841,0.28062015503876,0.782874617737003,0.648606811145511,0.298299845440495,0.288109756097561,0.292048929663609,0.383012820512821,0.757621951219512,0.298621745788668,0.278816199376947,0.808306709265176,0.331804281345566,0.370426829268293,0.376146788990826,0.30625,0.275641025641026,0.297637795275591,0.296754250386399,0.297045101088647,0.777443609022556,0.322085889570552,0.63302752293578,0.703427719821162,0.384853168469861,0.291993720565149,0.3234375,0.297906602254428,0.294029850746269,0.78680981595092,0.383792048929664,0.28,0.287051482059282,0.295161290322581,0.306376360808709,0.308755760368664,0.303459119496855,0.813740458015267,0.730283911671924,0.283489096573209,0.792682926829268,0.376923076923077,0.884437596302003,0.307931570762053,0.304761904761905,0.402889245585875,0.371212121212121,0.301538461538462,0.754601226993865,0.368992248062016,0.292682926829268,0.31619937694704,0.325545171339564,0.367534456355283,0.388802488335925,0.386942675159236,0.287461773700306,0.381558028616852,0.377125193199382,0.479495268138801,0.380804953560372,0.257621951219512,0.380029806259314,0.801916932907348,0.377535101404056,0.705972434915773,0.309597523219814,0.791925465838509,0.387247278382582,0.3875,0.377916018662519,0.290854572713643,0.297546012269939,0.304278922345483,0.307453416149068,0.301282051282051,0.291600633914422,0.350237717908082,0.304615384615385,0.386398763523957,0.371475953565506,0.525581395348837,0.618670886075949,0.310975609756098,0.304084720121029,0.701219512195122,0.379154078549849,0.826625386996904,0.283969465648855,0.751181102362205,0.301684532924962,0.292993630573248,0.370015948963317,0.299843014128728,0.287112561174551,0.648264984227129,0.464630225080386,0.302806499261448,0.793322734499205,0.815580286168522,0.297674418604651,0.287974683544304,0.303490136570561,0.800618238021638,0.696923076923077,0.379416282642089,0.27742946708464,0.380517503805175,0.710122699386503,0.372854914196568,0.785714285714286,0.29922480620155,0.29393468118196,0.387442572741194,0.371165644171779,0.969040247678019,0.381846635367762,0.382488479262673,0.369397217928903,0.306122448979592,0.302652106084243,0.381987577639752,0.309171597633136,0.715384615384615,0.292452830188679,0.944620253164557,0.313291139240506,0.622670807453416,0.302652106084243,0.378294573643411,0.377742946708464,0.794753086419753,0.637059724349158,0.290909090909091,0.288372093023256,0.519623233908948,0.408,0.373831775700935,0.380655226209048,0.30077519379845,0.371517027863777,0.976635514018692,0.372019077901431,0.303759398496241,0.812111801242236,0.305772230889236,0.3,0.370542635658915,0.61198738170347,0.373608903020668,0.304075235109718,0.299065420560748,0.372128637059724,0.387692307692308,0.375565610859729,0.420062695924765,0.36650868878357,0.303265940902022,0.76416539050536,0.296754250386399,0.295345104333868,0.623456790123457,0.66824644549763,0.367576243980738,0.767550702028081,0.356012658227848,0.298299845440495,0.273155416012559,0.380877742946708,0.35062893081761,0.669218989280245,0.295031055900621,0.377675840978593,0.482225656877898,0.388127853881279,0.320182094081942,0.827315541601256,0.711009174311927,0.37904468412943,0.371775417298938,0.374603174603175,0.381703470031546,0.380451127819549,0.330804248861912,0.314814814814815,0.380152671755725,0.75,0.631496062992126,0.951070336391437,0.633279483037157,0.2875,0.353395061728395,0.708006279434851,0.356037151702786,0.375389408099688,0.502304147465438,0.373417721518987,0.708206686930091,0.361240310077519,0.384863123993559,0.364928909952607,0.367127496159754
"119",0.305993690851735,0.309559939301973,0.316998468606432,0.331775700934579,0.312977099236641,0.311627906976744,0.014018691588785,0.318952234206472,0.319402985074627,0.563981042654028,0.322239031770045,0.636085626911315,0.539170506912442,0.327272727272727,1,1,0.613251155624037,0,0.33030303030303,0.306990881458967,1,1,0.333333333333333,0.502283105022831,0.311278195488722,1,1,0.336990595611285,0.318731117824773,0.530959752321981,1,0.603007518796992,0.36036036036036,0.995391705069124,0.659509202453988,0.32258064516129,0.141321044546851,0.325264750378215,1,0.314199395770393,0.00153609831029186,0,0,0.33693972179289,0.320251177394035,1,0.995363214837713,1,1,1,0.680722891566265,0.328682170542636,1,0.328725038402458,0.316590563165906,0.826153846153846,0.118279569892473,0.32469512195122,0.325115562403698,0.327718223583461,0.992435703479576,1,1,0.00461538461538462,0.316957210776545,0.315548780487805,0.651840490797546,0.327769347496206,0.605654761904762,1,0.31969696969697,1,1,0.283048211508554,0.152694610778443,0.31892697466468,1,0.994020926756353,0.325190839694657,1,0.594339622641509,1,1,0.33030303030303,1,0.324888226527571,0.323076923076923,0.333333333333333,0.325688073394495,0,0.328149300155521,0.333333333333333,0.675265553869499,0.579185520361991,0.318818040435459,0.633823529411765,0.668188736681887,0.321804511278195,0.113029827315542,0,0.315789473684211,0.616207951070336,1,0.317683881064163,1,0.325190839694657,0,0.323529411764706,1,1,1,0.30640243902439,0.996960486322188,0.335901386748844,0.196428571428571,0.307132459970888,1,0.367069486404834,1,1,0.201210287443268,0.320061255742726,1,1,0.334869431643625,1,0.327459618208517,0.317910447761194,0.357910906298003,0.761904761904762,0.326366559485531,1,0.329249617151608,0.628148148148148,0.336492890995261,1,0,1,0.377880184331797,0.885400313971743,0.567026194144838,0.59577677224736,0.319571865443425,0.327131782945736,1,0.321646341463415,1,0.302147239263804,0.510510510510511,0.332330827067669,1,0.319083969465649,0.320668693009119,0.327613104524181,0.329738058551618,1,0.312121212121212,1,0.419847328244275,0.332317073170732,1,0.323922734026746,1,0.58599695585997,0.320813771517997,1,0.320552147239264,0.315233785822021,0.334365325077399,0.986322188449848,0.325227963525836,1,0.326656394453005,1,0.324960753532182,1,0.583206106870229,0.298003072196621,0.0335463258785942,0.29984544049459,0.316187594553706,1,0.309923664122137,0.323664122137405,0.333333333333333,0.330815709969789,1,1,0.32967032967033,0.329754601226994,1,1,0.33030303030303,0.22972972972973,0.0220913107511046,0.685847589424572,1,0.00151745068285281,0.320839580209895,1,0.327586206896552,0.315868263473054,0.324734446130501,0.996927803379416,1,1,0.333830104321908,0.317535545023697,0.325301204819277,0.671850699844479,0.303543913713405,1,0.345509893455099,1,1,0.44969512195122,0.330757341576507,0.326836581709145,0.337920489296636,0.312217194570136,0.321538461538462,0.638167938931298,1,1,0.315789473684211,0.00303030303030303,0.336349924585219,0.319465081723626,0.330218068535826,0.312977099236641,0.306990881458967,0.326894502228826,0.686728395061728,0.353731343283582,0.308157099697885,1,0.331259720062208,1,0.311011904761905,0.314984709480122,0.315870570107858,0.334360554699538,0.31875,1,0.324773413897281,0.80370942812983,1,1,0.998461538461539,1,1,0.890769230769231,1,1,1,0.320839580209895,1,0.325878594249201,0,1,0.366766467065868,1,0.326120556414219,0.322085889570552,0.325190839694657,0.409230769230769,1,0.3267776096823,1,1,1,1,0,0.316846986089645,1,1,0.323619631901841,1,0.33037037037037,1,1,0.308892355694228,0.331775700934579,0.303625377643505,0.144409937888199,0.334370139968896,0,0.591654247391952,1,0.320359281437126,0.324074074074074,0.576168929110106,1,1,0.333333333333333,0.330218068535826,1,0.642748091603053,0.692307692307692,0.308641975308642,0.319938176197836,0.992559523809524,0.326687116564417,0.305637982195846,1,0.316590563165906,0.312217194570136,1,0.306153846153846,0.328746177370031,0.3202416918429,0.321100917431193,1,1,1,0.312883435582822,0.330218068535826,0.00449101796407186,0.993874425727412,0.329787234042553,1,1,0.318047337278107,0.329850746268657,0.308383233532934,0.324031007751938,0.320121951219512,1,0.319314641744548,0.314152410575428,0.571651090342679,1,0.835913312693498,1,0,1,0.329394387001477,1,1,0.407518796992481,0.998487140695915,0.330781010719755,1,0.322033898305085,0.310136157337368,0.31866464339909,1,1,0.321699544764795,0.419713831478537,0.611197511664075,0.306853582554517,1,1,1,0.320872274143302,1,0.206373292867982,1,1,1,1,0.330827067669173,1,0.320634920634921,0.340490797546012,0.674418604651163,0.312210200927357,1,0.324200913242009,0.320950965824666,0.319554848966614,1,0.312035661218425,1,0.328849028400598,0.484939759036145,0.33535660091047,0.334360554699538,0.318250377073906,1,0.320373250388802,0.308166409861325,1,1,0.321592649310873,0.318885448916409,1,0.465671641791045,0.325949367088608,0.329787234042553,0.331804281345566,0.675716440422323,1,0.300623052959502,1,0.41131498470948,0.311145510835913,0,0.885245901639344,0.322033898305085,0.325227963525836,0,0.0306278713629403,0.981679389312977,0.322033898305085,1,0.3140625,0.328100470957614,1,0.327217125382263,0.319508448540707,0.66464339908953,1,0.326219512195122,0.328125,1,0.317293233082707,0.306027820710974,1,0.333841463414634,0.31839258114374,0.323262839879154,0.332317073170732,0.799086757990868,1,0.980030721966206,1,1,0,1,0.992389649923896,1,0.429447852760736,0.996875,0.310810810810811,0.99406528189911,0.334883720930233,0.995502248875562,0.597633136094675,0.625187406296852,0.318796992481203,0.311178247734139,0.638426626323752,0.3234375,0,0.630602782071097,0.678516228748068,0.3267776096823,0,0.317901234567901,0.313636363636364,0.768160741885626,0.328746177370031,0.68030303030303,0.586854460093897,0.317757009345794,0.316964285714286,0.300153139356815,1,0.0273381294964029,0,0.318181818181818,0.328746177370031,0.332826747720365,1,0.33179012345679,0.324812030075188,1,0.309985096870343,0.935384615384615,0.569230769230769,1,1,0.991909385113269,0.325264750378215,0.602373887240356,0.32781954887218,0.31687898089172,0.31651376146789,0.407350689127106,1,0.312788906009245,1,0.325581395348837,0.323343848580442,1,0.326120556414219,1,0.326120556414219,1,1,0.324324324324324,0,1,0.327300150829563,1,0.576452599388379,1,0.496194824961948,1,0.562974203338392,1,0.320872274143302,1,1,1,0.312312312312312,0.334876543209877,0.324888226527571,0.34913112164297,0.319422150882825,0.313364055299539,1,0.323216995447648,1,1,0.334341906202723,0.32,0.315315315315315,0.390432098765432,0.326378539493294,1,1,0.331825037707391,0.327073552425665,0.616954474097331,0.586523736600306,0.322289156626506,0.320987654320988,1,0.314112291350531,0.319880418535127,0.993865030674847,0.317034700315457,0.319634703196347,0,0.136431784107946,0.319083969465649,0.675,0.315068493150685,0.32781954887218,0.591928251121076,0.996951219512195,0.31974921630094,1,0.316590563165906,0.349693251533742,0.32312404287902,0.496194824961948,0.32312404287902,1,0.330781010719755,0.321981424148607,0.332293291731669,0.686656671664168,1,0.332283464566929,0.322388059701493,0,0.337386018237082,0.998468606431853,0.949771689497717,1,0.323308270676692,0.330781010719755,0.323076923076923,0.581183611532625,1,0.584097859327217,0.339506172839506,1,1,0.965045592705167,0.667175572519084,0.329754601226994,0.362940275650842,0.318731117824773,0.322239031770045,1,1,0.5,0.633385335413417,1,1,0.998496240601504,0.685358255451713,1,0.333825701624815,0.675840978593272,1,0.32781954887218,0.320987654320988,0.325581395348837,0.996983408748115,1,0.638095238095238,0.320417287630402,1,1,0.326315789473684,0.316187594553706,0.998459167950693,0,0.316692667706708,0.313084112149533,0.00617283950617284,0.326347305389222,1,0.31875,1,0.147590361445783,0,0.898658718330849,0.338414634146341,1,1,0,0,0.327718223583461,1,0.320695102685624,0.998518518518518,0.31306990881459,1,1,0.960365853658537,0.768292682926829,1,1,0.00610687022900763,1,0.507223113964687,0.33026113671275,0.672645739910314,0.328267477203647,1,0.317147192716237,0.670261941448382,1,1,0.321144674085851,0.61119293078056,0.332822085889571,0.574074074074074,0.969325153374233,0.336890243902439,0.595712098009188,0.0122887864823349,0.316666666666667,0.325077399380805,0.323170731707317,1,0.639221556886228,0.313343328335832,0.895295902883156,0.583850931677019,0.963855421686747,1,1,0.32078313253012,0.342679127725857,0.319314641744548,0.318731117824773,0.322188449848024,0.609538002980626,0.311178247734139,0,0.674008810572687,0.998484848484849,0.328787878787879,0.317147192716237,0.321259842519685,0.324324324324324,0.599092284417549,1,0.337878787878788,0.341049382716049,0.337539432176656,0.325,0.317629179331307,0.316436251920123,0.193984962406015,0.666158536585366,0.317484662576687,0.594311377245509,1,0.231578947368421,0.324615384615385,0.921296296296296,1,1,0.317147192716237,0.635400907715582,1,0.316109422492401,0.313455657492355,0.950387596899225,1,1,0.998447204968944,0.323076923076923,1,1,0.894977168949772,1,0.354009077155825,1,0.584876543209877,1,0.673282442748092,0.320061255742726,0.602782071097372,1,1,0.990697674418605,0.329770992366412,0.327743902439024,0.323943661971831,0.330838323353293,0.325077399380805,0.326594090202177,0.979623824451411,0.321699544764795,1,1,0.716666666666667,0,0.322775263951735,0.323308270676692,0.678247734138973,1,0.560490045941807,0.327893175074184,0.643185298621746,0.31619937694704,0.321428571428571,1,0.321538461538462,0.318681318681319,0.679566563467492,0.910518053375196,0.32992700729927,0.602803738317757,0.570762052877138,0.333333333333333,0.334876543209877,0.30781010719755,0.588055130168453,0.676737160120846,1,0.898928024502297,1,0.665165165165165,0.996889580093313,0.582298136645963,0.317484662576687,0.326530612244898,1,1,0.420245398773006,0.993788819875776,0.99702380952381,1,0.314329738058552,0.329787234042553,1,0.322108345534407,0.677224736048265,0.332307692307692,0.445300462249615,0.309968847352025,0,0.311077389984825,1,1,0.588414634146341,0,0.332822085889571,0.329268292682927,0.103076923076923,0.422360248447205,1,1,0.31859756097561,1,0.408882082695253,1,0.33532041728763,0.580893682588598,0.330792682926829,0.321538461538462,1,0,1,0.310832025117739,0.33026113671275,1,1,1,0.437596302003082,1,0.321044546850998,0.617117117117117,0.336890243902439,0.329133858267717,0,0.0416024653312789,1,0.615501519756839,1,0.326747720364742,0.337559429477021,1,1,0.163636363636364,0.315946348733234,1,0.900900900900901,1,0.326283987915408,0.205246913580247,0.668181818181818,1,1,1,1,1,0.302985074626866,0.306748466257669,1,0.113564668769716,0,0.431372549019608,0,0.333333333333333,1,0.66875,1,1,0.895295902883156,1,0.677811550151976,1,1,1,1
"120",0.301916932907348,0.315457413249211,0.315457413249211,0.330143540669856,0.316037735849057,0.308056872037915,0.0112540192926045,0.3216,0.305900621118012,0.573033707865168,0.325077399380805,0.645061728395062,0.516693163751987,0.312698412698413,1,1,0.625,0,0.317965023847377,0.30622009569378,1,1,0.316455696202532,0.515772870662461,0.311926605504587,1,1,0.336012861736334,0.309119010819165,0.528571428571429,1,0.595611285266458,0.368670886075949,0.996825396825397,0.671361502347418,0.313232830820771,0.136792452830189,0.322378716744914,1,0.307931570762053,0.00316957210776545,0,0,0.332258064516129,0.314606741573034,1,0.995215311004785,1,1,1,0.689873417721519,0.318627450980392,1,0.318541996830428,0.315625,0.822222222222222,0.116242038216561,0.316692667706708,0.318885448916409,0.323296354992076,0.993779160186625,1,1,0.00476947535771065,0.316558441558442,0.313479623824451,0.663507109004739,0.323763955342903,0.61608497723824,1,0.311912225705329,1,1,0.276595744680851,0.152755905511811,0.309559939301973,1,0.995356037151703,0.319685039370079,1,0.597087378640777,1,1,0.321372854914197,1,0.314503816793893,0.308544303797468,0.329652996845426,0.32182103610675,0,0.327447833065811,0.325688073394495,0.686708860759494,0.583203732503888,0.314696485623003,0.642857142857143,0.6816,0.305993690851735,0.116129032258065,0,0.308544303797468,0.625990491283677,1,0.30794701986755,1,0.322222222222222,0,0.324367088607595,1,1,1,0.311424100156495,0.995245641838352,0.318818040435459,0.205882352941176,0.303738317757009,1,0.376360808709176,1,1,0.205974842767296,0.313694267515924,1,1,0.330246913580247,1,0.317073170731707,0.311248073959938,0.363492063492063,0.764341085271318,0.328593996840442,1,0.327447833065811,0.635802469135803,0.33063209076175,1,0.00156985871271586,1,0.3712,0.88529886914378,0.583601286173633,0.594936708860759,0.311320754716981,0.318255250403877,1,0.314728682170543,1,0.304140127388535,0.505460218408736,0.316436251920123,1,0.304761904761905,0.314516129032258,0.323809523809524,0.319554848966614,1,0.3140625,1,0.441640378548896,0.327073552425665,1,0.320552147239264,1,0.592063492063492,0.315024232633279,1,0.317757009345794,0.31924882629108,0.3312,0.988958990536278,0.325471698113208,1,0.320695102685624,1,0.319286871961102,1,0.588976377952756,0.300940438871473,0.0307941653160454,0.302547770700637,0.323809523809524,1,0.300955414012739,0.3152,0.324960753532182,0.326656394453005,1,1,0.326366559485531,0.325949367088608,1,1,0.32258064516129,0.235109717868339,0.0214395099540582,0.68503937007874,1,0.00318471337579618,0.313479623824451,1,0.317817014446228,0.310077519379845,0.31875,0.996894409937888,1,1,0.324116743471582,0.311183144246353,0.317262830482115,0.670436187399031,0.311526479750779,1,0.342271293375394,1,1,0.432766615146832,0.31637519872814,0.318252730109204,0.3171875,0.30298273155416,0.317307692307692,0.64375,1,1,0.312597200622084,0.00460829493087558,0.329192546583851,0.316279069767442,0.321656050955414,0.313971742543171,0.3,0.323574730354391,0.702954898911353,0.365740740740741,0.309262166405024,1,0.324281150159744,1,0.301857585139319,0.305466237942122,0.308064516129032,0.330645161290323,0.310855263157895,1,0.323076923076923,0.807754442649435,1,1,0.996794871794872,1,1,0.892455858747994,1,1,1,0.317262830482115,1,0.312399355877617,0,1,0.380434782608696,1,0.3184,0.318681318681319,0.306349206349206,0.426282051282051,1,0.324492979719189,1,1,1,1,0,0.307936507936508,1,1,0.31637519872814,1,0.314241486068111,1,1,0.303317535545024,0.316993464052288,0.295055821371611,0.142630744849445,0.327390599675851,0,0.599085365853659,1,0.320373250388802,0.317307692307692,0.585557299843014,1,1,0.324237560192616,0.328025477707006,1,0.644654088050314,0.697452229299363,0.302839116719243,0.319604612850082,0.995419847328244,0.327014218009479,0.294298921417565,1,0.315457413249211,0.311526479750779,1,0.301765650080257,0.320063694267516,0.315132605304212,0.318181818181818,1,1,1,0.3125,0.328525641025641,0.0093603744149766,0.993817619783617,0.3264,1,1,0.311424100156495,0.322932917316693,0.297339593114241,0.311708860759494,0.317683881064163,1,0.306089743589744,0.319047619047619,0.562903225806452,1,0.842271293375394,1,0,1,0.318818040435459,1,1,0.420062695924765,0.998439937597504,0.317891373801917,1,0.312302839116719,0.295774647887324,0.315870570107858,1,1,0.316455696202532,0.395799676898223,0.59967845659164,0.296998420221169,1,1,1,0.32137030995106,1,0.20919175911252,1,1,1,1,0.322981366459627,1,0.321428571428571,0.325471698113208,0.684126984126984,0.303370786516854,1,0.318181818181818,0.316770186335404,0.308064516129032,1,0.305295950155763,1,0.313161875945537,0.475743348982786,0.319620253164557,0.32695374800638,0.316358024691358,1,0.320450885668277,0.3056,1,1,0.322784810126582,0.312893081761006,1,0.477449455676516,0.315705128205128,0.326120556414219,0.328660436137072,0.685534591194969,1,0.296116504854369,1,0.420886075949367,0.314465408805031,0,0.889230769230769,0.310897435897436,0.323809523809524,0,0.0302066772655008,0.98116169544741,0.311605723370429,1,0.31496062992126,0.317957166392092,1,0.321316614420063,0.317610062893082,0.670295489891135,1,0.320126782884311,0.31629392971246,1,0.309006211180124,0.304065040650407,1,0.3424,0.308426073131955,0.316118935837246,0.332302936630603,0.807874015748032,1,0.982511923688394,1,1,0.00160771704180064,1,0.993640699523052,1,0.429699842022117,0.996763754045307,0.310077519379845,0.995348837209302,0.327974276527331,0.995253164556962,0.606106870229008,0.634108527131783,0.322429906542056,0.313084112149533,0.641390205371248,0.31139646869984,0,0.635792778649921,0.680577849117175,0.318110236220472,0.00157977883096367,0.305863708399366,0.307448494453249,0.772292993630573,0.323390894819466,0.68895800933126,0.594813614262561,0.31496062992126,0.3198127925117,0.298245614035088,1,0.0256797583081571,0,0.318181818181818,0.3296875,0.334379905808477,1,0.337007874015748,0.313880126182965,1,0.303875968992248,0.946456692913386,0.562197092084006,1,1,0.99490662139219,0.31733746130031,0.605345911949686,0.32348367029549,0.317434210526316,0.312597200622084,0.417054263565891,1,0.311605723370429,1,0.317817014446228,0.318979266347687,1,0.314606741573034,1,0.327044025157233,1,1,0.320251177394035,0,1,0.32093023255814,1,0.566246056782334,1,0.507064364207221,1,0.563291139240506,1,0.317741935483871,1,1,1,0.313099041533546,0.322528363047002,0.320493066255778,0.349593495934959,0.338788870703764,0.311320754716981,1,0.324367088607595,1,1,0.317111459968603,0.319935691318328,0.313178294573643,0.391167192429022,0.325153374233129,1,1,0.328125,0.324409448818898,0.631663974151858,0.592356687898089,0.318541996830428,0.3136,1,0.306729264475743,0.322085889570552,0.993660855784469,0.298045602605863,0.313880126182965,0,0.134466769706337,0.319554848966614,0.679447852760736,0.309409888357257,0.320813771517997,0.598187311178248,0.996870109546166,0.311004784688995,1,0.315541601255887,0.343042071197411,0.314465408805031,0.47360248447205,0.315132605304212,1,0.321656050955414,0.314424635332253,0.326892109500805,0.68266253869969,1,0.321311475409836,0.309748427672956,0,0.313271604938272,0.998405103668262,0.959311424100156,1,0.317891373801917,0.329133858267717,0.318910256410256,0.580893682588598,1,0.588996763754045,0.332278481012658,1,1,0.967840735068913,0.681020733652313,0.328593996840442,0.353677621283255,0.31733746130031,0.315384615384615,1,1,0.511961722488038,0.626003210272873,1,1,0.9984375,0.702265372168285,1,0.31937984496124,0.684713375796178,1,0.327131782945736,0.311111111111111,0.311501597444089,0.996845425867508,1,0.652317880794702,0.3234375,1,1,0.322378716744914,0.309968847352025,0.998410174880763,0,0.315047021943574,0.306477093206951,0.00630914826498423,0.317034700315457,1,0.3125,1,0.141085271317829,0,0.902927580893683,0.322834645669291,1,1,0,0.0015527950310559,0.320813771517997,1,0.311074918566775,0.996923076923077,0.305958132045089,1,0.998394863563403,0.966824644549763,0.777952755905512,1,1,0.0047244094488189,1,0.508090614886731,0.325949367088608,0.670278637770898,0.327666151468315,1,0.302936630602782,0.675118858954041,1,1,0.3184,0.628787878787879,0.324031007751938,0.589660743134087,0.982511923688394,0.329093799682035,0.6046875,0.010989010989011,0.306089743589744,0.318885448916409,0.317111459968603,1,0.64018691588785,0.304615384615385,0.899361022364217,0.592709984152139,0.975384615384615,1,1,0.318037974683544,0.334920634920635,0.304347826086957,0.304897314375987,0.3078125,0.622874806800618,0.304821150855365,0,0.675344563552833,0.998439937597504,0.325396825396825,0.310509554140127,0.316393442622951,0.325508607198748,0.601895734597156,1,0.327639751552795,0.336,0.330618892508143,0.316455696202532,0.311627906976744,0.313694267515924,0.197226502311248,0.684466019417476,0.310236220472441,0.602782071097372,1,0.240944881889764,0.316614420062696,0.924558587479936,1,1,0.308544303797468,0.641390205371248,1,0.311526479750779,0.29746835443038,0.964401294498382,1,1,0.996742671009772,0.324031007751938,1,1,0.898894154818325,1,0.356143079315708,1,0.594462540716612,1,0.676470588235294,0.313195548489666,0.602803738317757,1,1,0.992063492063492,0.323943661971831,0.322378716744914,0.322632423756019,0.320695102685624,0.324013157894737,0.319870759289176,0.98389694041868,0.311912225705329,1,1,0.718266253869969,0,0.317901234567901,0.310077519379845,0.677115987460815,1,0.565149136577708,0.325190839694657,0.649122807017544,0.314285714285714,0.309446254071661,1,0.313001605136437,0.320197044334975,0.691338582677165,0.907766990291262,0.323216995447648,0.606109324758842,0.5856,0.323899371069182,0.320063694267516,0.304212168486739,0.588976377952756,0.686614173228347,1,0.903328050713154,1,0.67032967032967,0.996789727126806,0.588709677419355,0.312202852614897,0.3168,1,1,0.429245283018868,0.993650793650794,0.996884735202492,1,0.310897435897436,0.322734499205087,1,0.313725490196078,0.691943127962085,0.323763955342903,0.45859872611465,0.304487179487179,0,0.305555555555556,1,1,0.594383775351014,0.0015625,0.329113924050633,0.319047619047619,0.101910828025478,0.419249592169657,1,1,0.315217391304348,1,0.417582417582418,1,0.326625386996904,0.585826771653543,0.319554848966614,0.315955766192733,1,0,1,0.306188925081433,0.321259842519685,1,1,1,0.457735247208931,1,0.312302839116719,0.623824451410658,0.327044025157233,0.32137030995106,0.0015748031496063,0.0365079365079365,1,0.614906832298137,1,0.327044025157233,0.326797385620915,1,1,0.160686427457098,0.309968847352025,1,0.898119122257053,1,0.325471698113208,0.203821656050955,0.667706708268331,1,1,1,1,1,0.285271317829457,0.305863708399366,1,0.115635179153094,0.00159489633173844,0.441455696202532,0,0.323899371069182,1,0.68,1,1,0.888888888888889,1,0.6828125,1,1,1,1
"121",0.504746835443038,0.477848101265823,0.486656200941915,0.4703125,0.478125,0.497622820919176,0.78060413354531,0.478605388272583,0.489263803680982,0.645933014354067,0.485179407176287,0.561051004636785,0.262090483619345,0.481308411214953,0.204113924050633,0.207278481012658,0.583724569640063,0.814449917898194,0.474683544303797,0.491255961844197,0.208398133748056,0.207395498392283,0.490712074303406,0.690292758089368,0.499243570347958,0.200312989045383,0.2064,0.472039473684211,0.501510574018127,0.269413629160063,0.216793893129771,0.210769230769231,0.440809968847352,0.202194357366771,0.536624203821656,0.487684729064039,0.941640378548896,0.471494607087827,0.210687022900763,0.493108728943338,0.813084112149533,0.79874213836478,0.796352583586626,0.471875,0.469096671949287,0.207936507936508,0.202852614896989,0.203647416413374,0.204018547140649,0.196923076923077,0.519500780031201,0.469354838709677,0.21216848673947,0.484326018808777,0.489953632148377,0.0665610142630745,0.926100628930818,0.474842767295597,0.493001555209953,0.479430379746835,0.190258751902588,0.2,0.2192,0.813880126182965,0.490291262135922,0.49685534591195,0.544025157232704,0.479495268138801,0.600903614457831,0.203076923076923,0.482388973966309,0.203442879499218,0.197389885807504,0.528180354267311,0.967592592592593,0.488095238095238,0.209876543209877,0.182795698924731,0.480559875583204,0.203852327447833,0.618739903069467,0.196825396825397,0.207874015748031,0.482919254658385,0.181538461538462,0.478915662650602,0.498422712933754,0.463678516228748,0.471337579617834,0.797822706065319,0.482539682539683,0.48411497730711,0.516380655226209,0.622670807453416,0.492868462757528,0.569044006069803,0.524105754276827,0.474576271186441,0.925039872408293,0.809448818897638,0.490825688073394,0.584905660377358,0.2140625,0.4864,0.209048361934477,0.474763406940063,0.814241486068111,0.4828125,0.196540880503145,0.195892575039494,0.205564142194745,0.48936170212766,0.19188767550702,0.47581903276131,0.998461538461539,0.491679273827534,0.203732503888025,0.829984544049459,0.201210287443268,0.205974842767296,1,0.480314960629921,0.201848998459168,0.196172248803828,0.474258970358814,0.218125960061444,0.488855869242199,0.483383685800604,0.856920684292379,0.444615384615385,0.474683544303797,0.211690363349131,0.488188976377953,0.564296520423601,0.478119935170178,0.19969040247678,0.80625,0.210443037974684,0.41471048513302,0.331723027375201,0.635528330781011,0.628705148205928,0.481132075471698,0.466666666666667,0.207165109034268,0.499219968798752,0.197568389057751,0.482704402515723,0.279816513761468,0.489329268292683,0.2048,0.489922480620155,0.481774960380349,0.492088607594937,0.466876971608833,0.1859375,0.489096573208723,0.2015625,0.782945736434108,0.474006116207951,0.208333333333333,0.490166414523449,0.217322834645669,0.608832807570978,0.48006379585327,0.20032310177706,0.496875,0.484756097560976,0.478056426332288,0.205564142194745,0.496875,0.189873417721519,0.476635514018692,0.19375,0.482871125611745,0.201907790143084,0.608359133126935,0.49375,0.84,0.496805111821086,0.480499219968799,0.200949367088608,0.492283950617284,0.477449455676516,0.493827160493827,0.490654205607477,0.2078125,0.202743902439024,0.477491961414791,0.478605388272583,0.209090909090909,0.213607594936709,0.480376766091052,0.9484375,0.818318318318318,0.508607198748044,0.211023622047244,0.815503875968992,0.478328173374613,0.204368174726989,0.494470774091627,0.48780487804878,0.486024844720497,0.215408805031447,0.219284603421462,0.205741626794258,0.486404833836858,0.487096774193548,0.481308411214953,0.526645768025078,0.488958990536278,0.20440251572327,0.45511811023622,0.183574879227053,0.196232339089482,0.727131782945736,0.469096671949287,0.486902927580894,0.469578783151326,0.498452012383901,0.484126984126984,0.564742589703588,0.199052132701422,0.208909370199693,0.492957746478873,0.807153965785381,0.478461538461538,0.485627836611195,0.485225505443235,0.484326018808777,0.501557632398754,0.470676691729323,0.505376344086022,0.867175572519084,0.486111111111111,0.204113924050633,0.481774960380349,0.198767334360555,0.4884437596302,0.482649842271293,0.484423676012461,0.479299363057325,0.491935483870968,0.18944099378882,0.482388973966309,0.0564516129032258,0.191222570532915,0.203732503888025,0.19811320754717,0.203821656050955,0.204081632653061,0.319620253164557,0.202194357366771,0.18910741301059,0.200920245398773,0.494688922610015,0.200305810397554,0.488709677419355,0.791793313069909,0.198748043818466,0.836391437308868,0.197819314641745,0.4768,0.467817896389325,0.488958990536278,0.797191887675507,0.211746522411128,0.477794793261868,0.208267090620032,0.204819277108434,0.197784810126582,0.208722741433022,0.801251956181534,0.479495268138801,0.201848998459168,0.200636942675159,0.471228615863142,0.203525641025641,0.471582181259601,0.198170731707317,0.218897637795276,0.484025559105431,0.474763406940063,0.498427672955975,0.966824644549763,0.485759493670886,0.797788309636651,0.630534351145038,0.192733017377567,0.482758620689655,0.482484076433121,0.629283489096573,0.198461538461538,0.192675159235669,0.483306836248013,0.478672985781991,0.212307692307692,0.550387596899225,0.507936507936508,0.491228070175439,0.479871175523349,0.186830015313936,0.484326018808777,0.496978851963746,0.208655332302937,0.479623824451411,0.498466257668712,0.205521472392638,0.494435612082671,0.491392801251956,0.482866043613707,0.481308411214953,0.199059561128527,0.224924012158055,0.197452229299363,0.475667189952904,0.479623824451411,0.804381846635368,0.188679245283019,0.466453674121406,0.197549770290965,0.2140625,0.482334869431644,0.473118279569892,0.480798771121352,0.468944099378882,0.483619344773791,0.203100775193798,0.489566613162119,0.489028213166144,0.644904458598726,0.195121951219512,0.366771159874608,0.210191082802548,0.793427230046948,0.207373271889401,0.474809160305344,0.2078125,0.193396226415094,0.803328290468986,0.206471494607088,0.4796875,0.210122699386503,0.479365079365079,0.486024844720497,0.4734375,0.197472353870458,0.211981566820276,0.484423676012461,0.403877221324717,0.59170653907496,0.477917981072555,0.208588957055215,0.2,0.192488262910798,0.45859872611465,0.198484848484848,0.998452012383901,0.208074534161491,0.199381761978362,0.200949367088608,0.205651491365777,0.473684210526316,0.2112,0.481054365733114,0.476415094339623,0.532488114104596,0.496794871794872,0.200315457413249,0.493001555209953,0.481203007518797,0.483870967741935,0.194053208137715,0.495412844036697,0.190705128205128,0.481538461538462,0.304821150855365,0.490712074303406,0.488958990536278,0.479326186830015,0.214175654853621,0.478806907378336,0.485849056603774,0.206471494607088,0.207606973058637,0.479813664596273,0.49144634525661,0.207547169811321,0.746522411128284,0.487341772151899,0.475308641975309,0.472049689440994,0.518518518518518,0.207278481012658,0.478260869565217,0.215503875968992,0.792393026941363,0.491338582677165,0.799079754601227,0.0735068912710567,0.484025559105431,0.47360248447205,0.805722891566265,0.76875,0.18266253869969,0.484472049689441,0.196899224806202,0.481132075471698,0.4704,0.203497615262321,0.496111975116641,0.481832543443918,0.528125,0.2018779342723,0.491419656786271,0.4625,0.199362041467305,0.498461538461538,0.479806138933764,0.199677938808374,0.881538461538461,0.481132075471698,0.482003129890454,0.474921630094044,0.0504587155963303,0.208655332302937,0.230647709320695,0.2052067381317,0.203389830508475,0.8060413354531,0.193447737909516,0.18740157480315,0.204615384615385,0.798761609907121,0.205414012738854,0.483670295489891,0.200305810397554,0.475357710651828,0.203416149068323,0.612951807228916,0.575987841945289,0.487654320987654,0.487730061349693,0.56055900621118,0.49445324881141,0.792307692307692,0.566770186335404,0.52132701421801,0.483720930232558,0.812982998454405,0.488262910798122,0.4875,0.452229299363057,0.484423676012461,0.523449319213313,0.614886731391586,0.47906976744186,0.491525423728814,0.50314465408805,0.187301587301587,0.832585949177877,0.783171521035599,0.500758725341426,0.4703125,0.451162790697674,0.209876543209877,0.891849529780564,0.480122324159021,0.200622083981337,0.490045941807044,0.137007874015748,0.639423076923077,0.210122699386503,0.202723146747353,0.193069306930693,0.5,0.603343465045593,0.484662576687117,0.477491961414791,0.475743348982786,0.801232665639445,0.1888,0.492063492063492,0.194099378881988,0.491027732463295,0.486656200941915,0.206201550387597,0.476340694006309,0.219033232628399,0.481366459627329,0.21256038647343,0.20919175911252,0.468944099378882,0.799373040752351,0.201820940819423,0.480559875583204,0.201587301587302,0.268633540372671,0.21319018404908,0.71183800623053,0.202453987730061,0.234375,0.209375,0.483870967741935,0.210608424336973,0.198449612403101,0.221879815100154,0.494556765163297,0.47626582278481,0.484848484848485,0.453225806451613,0.89672131147541,0.471317829457364,0.187399030694669,0.470866141732283,0.219312602291326,0.203363914373089,0.472644376899696,0.47444089456869,0.480122324159021,0.4125,0.478527607361963,0.207692307692308,0.20679012345679,0.4640625,0.472843450479233,0.573926868044515,0.618897637795276,0.483464566929134,0.470588235294118,0.213716108452951,0.494590417310665,0.49390243902439,0.214733542319749,0.495114006514658,0.489891135303266,0.800623052959502,0.962962962962963,0.473354231974922,0.509774436090226,0.485179407176287,0.479198767334361,0.625,0.205607476635514,0.480190174326466,0.190031152647975,0.486614173228346,0.462639109697933,0.490683229813665,0.308868501529052,0.496062992125984,0.205787781350482,0.486068111455108,0.475279106858054,0.476725521669342,0.515479876160991,0.208400646203554,0.478468899521531,0.480857580398162,0.799373040752351,0.48531684698609,0.200626959247649,0.142635658914729,0.209779179810726,0.487616099071207,0.476780185758514,0.488958990536278,0.633181126331811,0.196513470681458,0.6176,0.46984126984127,0.213063763608087,0.21183800623053,0.171826625386997,0.528481012658228,0.482428115015974,0.418604651162791,0.481308411214953,0.489130434782609,0.197115384615385,0.203619909502262,0.698907956318253,0.56782334384858,0.208137715179969,0.198098256735341,0.21183800623053,0.51510333863275,0.204368174726989,0.474320241691843,0.523125996810207,0.206422018348624,0.468509984639017,0.477917981072555,0.490506329113924,0.201515151515152,0.208841463414634,0.560581583198708,0.476635514018692,0.209375,0.213292117465224,0.488262910798122,0.497681607418856,0.203125,0.790660225442834,0.486529318541997,0.484992101105845,0.816614420062696,0.482442748091603,0.219178082191781,0.503194888178914,0.208860759493671,0.966412213740458,0.804381846635368,0.32262996941896,0.475155279503106,0.201526717557252,0.198098256735341,0.798449612403101,0.812213740458015,0.471786833855799,0.202492211838006,0.485804416403785,0.208206686930091,0.479623824451411,0.210445468509985,0.201923076923077,0.164596273291925,0.413416536661466,0.198098256735341,0.201923076923077,0.814352574102964,0.202472952086553,0.701468189233279,0.485225505443235,0.531055900621118,0.482442748091603,0.211356466876972,0.486614173228346,0.528125,0.209375,0.205128205128205,0.493569131832797,0.589123867069486,0.470496894409938,0.616954474097331,0.162974683544304,0.455696202531646,0.591263650546022,0.8234375,0.47887323943662,0.478461538461538,0.486943164362519,0.200642054574639,0.576631259484067,0.490740740740741,0.105015673981191,0.618441971383148,0.164869029275809,0.201863354037267,0.204301075268817,0.489984591679507,0.457928802588997,0.481717011128776,0.48297213622291,0.485271317829457,0.593607305936073,0.501547987616099,0.795069337442219,0.522590361445783,0.199381761978362,0.468944099378882,0.499215070643642,0.479233226837061,0.484066767830046,0.611197511664075,0.207055214723926,0.473035439137134,0.471428571428571,0.476499189627229,0.488151658767773,0.486024844720497,0.493670886075949,0.998487140695915,0.5344,0.47723704866562,0.604006163328197,0.208791208791209,0.95679012345679,0.483720930232558,0.147435897435897,0.209415584415584,0.213728549141966,0.486196319018405,0.568535825545171,0.208588957055215,0.490853658536585,0.5,0.158059467918623,0.202764976958525,0.193798449612403,0.20820189274448,0.468944099378882,0.201923076923077,0.202453987730061,0.318252730109204,0.199074074074074,0.445482866043614,0.2023988005997,0.619651347068146,0.2,0.523956723338485,0.488151658767773,0.603174603174603,0.217322834645669,0.210691823899371,0.194928684627575,0.48062015503876,0.462732919254658,0.48538961038961,0.488299531981279,0.496815286624204,0.481889763779528,0.179080824088748,0.497652582159624,0.20625,0.199677938808374,0.46141975308642,0.789049919484702,0.493001555209953,0.484567901234568,0.527439024390244,0.198170731707317,0.651017214397496,0.474962063732929,0.557661927330174,0.490566037735849,0.487261146496815,0.195892575039494,0.488299531981279,0.476345840130506,0.538095238095238,0.297560975609756,0.477409638554217,0.606012658227848,0.626356589147287,0.479134466769706,0.4592,0.489197530864198,0.61741835147745,0.520376175548589,0.201550387596899,0.101088646967341,0.201210287443268,0.525345622119816,0.195924764890282,0.610492845786963,0.480376766091052,0.482428115015974,0.215716486902928,0.200622083981337,0.795981452859351,0.202211690363349,0.213292117465224,0.192546583850932,0.489130434782609,0.486614173228346,0.19496855345912,0.477409638554217,0.528593508500773,0.478939157566303,0.752738654147105,0.486656200941915,0.806201550387597,0.488408037094281,0.203761755485893,0.207729468599034,0.605919003115265,0.801526717557252,0.471494607087827,0.473270440251572,0.702160493827161,0.564516129032258,0.193037974683544,0.2016,0.485271317829457,0.19811320754717,0.804107424960506,0.205371248025276,0.487022900763359,0.629107981220657,0.488226059654631,0.485668789808917,0.197204968944099,0.790064102564103,0.1984,0.481421647819063,0.480127186009539,0.201228878648233,0.207165109034268,0.19634703196347,0.504716981132076,0.2032,0.486656200941915,0.584758942457232,0.481132075471698,0.4784,0.787136294027565,0.850556438791733,0.199680511182109,0.584639498432602,0.2046875,0.479750778816199,0.464516129032258,0.196850393700787,0.1953125,0.84375,0.4703125,0.204615384615385,0.309597523219814,0.207751937984496,0.513097072419106,0.976635514018692,0.517884914463453,0.213622291021672,0.193645990922844,0.189792663476874,0.213247172859451,0.199697428139183,0.519260400616333,0.491338582677165,0.200927357032458,0.92156862745098,0.80824088748019,0.769230769230769,0.784313725490196,0.472,0.195046439628483,0.518053375196232,0.181395348837209,0.2,0.328173374613003,0.194312796208531,0.525502318392581,0.204651162790698,0.198098256735341,0.196825396825397,0.197492163009404
"122",0.998412698412698,0.998456790123457,1,1,0.998435054773083,1,0.7056,1,0.998452012383901,0.100478468899522,1,0.0510835913312693,0.821939586645469,0.998442367601246,0.312202852614897,0.295208655332303,0.0718654434250764,0.694942903752039,0.998449612403101,0.998422712933754,0.279874213836478,0.307086614173228,0.998454404945904,0.153968253968254,0.998470948012232,0.3203125,0.3136,0.99836867862969,0.998463901689708,0.797147385103011,0.307219662058372,0.734157650695518,0.965785381026439,0.315457413249211,0,1,0.547286821705426,1,0.303625377643505,0.998461538461539,0.6703125,0.686728395061728,0.699088145896657,0.998417721518987,0.998454404945904,0.315873015873016,0.302325581395349,0.297839506172839,0.319571865443425,0.318952234206472,0.00153374233128834,0.998425196850394,0.302003081664099,1,0.998422712933754,0.492845786963434,0.560629921259843,0.998427672955975,0.998442367601246,1,0.322085889570552,0.308661417322835,0.312401883830455,0.685624012638231,0.998376623376623,0.998442367601246,0.0396196513470681,0.998430141287284,0.0664652567975831,0.313271604938272,0.998444790046656,0.313178294573643,0.314102564102564,0.961844197138315,0.516871165644172,0.998480243161094,0.299539170506912,0.329230769230769,0.998459167950693,0.315447154471545,0.0936995153473344,0.32120253164557,0.32182103610675,0.998449612403101,0.3375,0.998480243161094,0.998412698412698,0.998417721518987,0.998435054773083,0.7,0.998439937597504,0.998502994011976,0.0015552099533437,0.108024691358025,0.998430141287284,0.0518292682926829,0,0.998477929984779,0.56682769726248,0.680445151033386,0.998442367601246,0.0638629283489097,0.302215189873418,0.998376623376623,0.305993690851735,0.998442367601246,0.689922480620155,0.998420221169036,0.303317535545024,0.307210031347962,0.309119010819165,0.9984375,0.320433436532508,0.998432601880878,0.493023255813954,0.998470948012232,0.303125,0.29375,0.320061255742726,0.313694267515924,0.480314960629921,1,0.320552147239264,0.306349206349206,0.998449612403101,0.2953125,0.998491704374057,0.998487140695915,0.324534161490683,0.536098310291859,0.9984,0.314641744548287,0.998415213946117,0.0483383685800604,0.998389694041868,0.305900621118012,0.687022900763359,0.32093023255814,0.923556942277691,0.426256077795786,0.107981220657277,0.101246105919003,0.998432601880878,0.998420221169036,0.32398753894081,0.998444790046656,0.316187594553706,0.998442367601246,0.819722650231125,0.998468606431853,0.313291139240506,0.998442367601246,0.998412698412698,0.998392282958199,0.998439937597504,0.325471698113208,0.998435054773083,0.303317535545024,0.248097412480974,0.998459167950693,0.311827956989247,0.998473282442748,0.288643533123028,0.0867507886435331,0.998410174880763,0.306376360808709,0.998439937597504,0.998468606431853,0.998442367601246,0.326086956521739,0.998447204968944,0.322932917316693,0.998420221169036,0.297507788161994,1,0.313195548489666,0.0783699059561129,1,0.643086816720257,0.998412698412698,0.998439937597504,0.307692307692308,1,0.998430141287284,0.998442367601246,0.998430141287284,0.308411214953271,0.302325581395349,0.998387096774194,1,0.316923076923077,0.29874213836478,1,0.445131375579598,0.676646706586826,0.00157232704402516,0.314814814814815,0.679012345679012,1,0.311728395061728,0.998417721518987,1,1,0.313084112149533,0.317972350230415,0.321543408360129,0.998487140695915,1,1,0.00157728706624606,0.998430141287284,0.304625199362041,0.970031545741325,0.31104199066874,0.304212168486739,0.760432766615147,0.998442367601246,0.998461538461539,1,0.998442367601246,0.998427672955975,0.0496124031007752,0.3072,0.315789473684211,0.998456790123457,0.687595712098009,1,0.998470948012232,0.996850393700787,1,0.998420221169036,0.998473282442748,0.0062402496099844,0.314984709480122,0.998461538461539,0.311320754716981,1,0.294298921417565,0.998449612403101,0.998442367601246,0.998415213946117,0.998405103668262,0.99837925445705,0.3171875,1,0.502392344497608,0.317610062893082,0.322480620155039,0.303514376996805,0.314465408805031,0.31974921630094,0.413249211356467,0.324116743471582,0.313178294573643,0.308623298033283,1,0.307814992025518,1,0.691244239631336,0.306027820710974,0.305471124620061,0.32182103610675,1,0.9984375,1,0.246105919003115,0.3015625,0.998482549317147,0.315541601255887,0.316590563165906,0.301710730948678,0.313364055299539,0.686708860759494,0.998430141287284,0.316846986089645,0.303174603174603,0.998420221169036,0.297427652733119,0.998452012383901,0.309451219512195,0.305295950155763,0.998397435897436,0.998432601880878,0.998432601880878,0.546165884194053,0.998422712933754,0.695046439628483,0.0858895705521472,0.31974921630094,0.998480243161094,0.998394863563403,0.0990712074303406,0.315384615384615,0.322784810126582,1,0.998412698412698,0.286604361370716,0.0296875,0.00482315112540193,0.998422712933754,0.998397435897436,0.327245053272451,0.996850393700787,0.998500749625187,0.302469135802469,1,0.998452012383901,0.307453416149068,0.998425196850394,0.998444790046656,0.998454404945904,0.9984375,0.318181818181818,0.298937784522003,0.328525641025641,0.998435054773083,0.998415213946117,0.680061823802164,0.314375987361769,0.998430141287284,0.31044776119403,0.288401253918495,1,0.998473282442748,1,0.998427672955975,0.998444790046656,0.315132605304212,0.998459167950693,0.9984375,0.113564668769716,0.325077399380805,0.477093206951027,0.304953560371517,0.677115987460815,0.30640243902439,0.998466257668712,0.30173775671406,0.32967032967033,0.244961240310078,0.312788906009245,1,0.322188449848024,0.998430141287284,0.998432601880878,1,0.306376360808709,0.319444444444444,1,0.923824959481361,0.0702028081123245,0.998387096774194,0.305900621118012,0.308917197452229,0.305111821086262,0.998405103668262,0.330757341576507,0.475077881619938,0.32093023255814,0.2984375,0.3136,0.299373040752351,0.998459167950693,0.3152,0.998371335504886,0.998422712933754,0.00156985871271586,0.998412698412698,0.316037735849057,0.998447204968944,1,0.998397435897436,0.317610062893082,0.998461538461539,0.302547770700637,0.998498498498498,0.844827586206897,0.998427672955975,0.998430141287284,0.998439937597504,0.310872894333844,1,0.998442367601246,0.30625,0.309748427672956,1,0.998452012383901,0.308641975308642,0.18,0.998387096774194,1,0.998461538461539,0.00157232704402516,0.303459119496855,0.998376623376623,0.304615384615385,0.236760124610592,1,0.688271604938272,0.422018348623853,1,0.998459167950693,0.684131736526946,0.701726844583987,0.344339622641509,0.998449612403101,0.31201248049922,0.998427672955975,1,0.322734499205087,0.998459167950693,1,0.0110410094637224,0.323529411764706,0.998444790046656,0.998415213946117,0.32120253164557,0.998456790123457,0.998422712933754,0.298107255520505,0.338957055214724,1,1,1,0.533541341653666,0.312404287901991,0.34185303514377,0.306990881458967,0.327666151468315,0.693877551020408,0.322033898305085,0.323619631901841,0.312024353120244,0.237366003062787,0.316037735849057,0.998468606431853,0.309451219512195,1,0.30625,0.0855855855855856,0.0582822085889571,0.998456790123457,1,0.043010752688172,1,0.693374422187982,0.0479134466769706,0.0158478605388273,0.998475609756098,0.687010954616588,0.998439937597504,0.998444790046656,0.530769230769231,0.998459167950693,0.0015527950310559,0.0777777777777778,1,0.998477929984779,1,0.3140625,0.655223880597015,0.696141479099678,0.992272024729521,0.998456790123457,0.981366459627329,0.3,0.331230283911672,0.998461538461539,0.3,0.998449612403101,0.354938271604938,0.105511811023622,0.30030959752322,0.30804248861912,0.324459234608985,1,0.0817901234567901,0.998496240601504,0.998373983739837,1,0.252307692307692,0.314375987361769,0.998442367601246,0.310832025117739,0.998381877022654,0.998405103668262,0.310502283105023,0.998410174880763,0.31570996978852,1,0.295774647887324,0.311912225705329,0.998459167950693,0.684126984126984,0.305471124620061,1,0.305825242718447,0.766823161189358,0.309451219512195,0.158218125960061,0.307692307692308,0.781395348837209,0.299531981279251,0.998407643312102,0.307692307692308,0.327217125382263,0.285046728971963,0.998435054773083,1,0.998454404945904,0.96551724137931,0.343089430894309,0.998447204968944,0.316211878009631,0.998444790046656,0.311183144246353,0.306278713629403,0.998442367601246,0.998415213946117,1,0.91499227202473,0.998468606431853,0.30441400304414,0.313755795981453,0.998461538461539,1,0.0546875,0.0834645669291339,0.998456790123457,0.998415213946117,0.299212598425197,0.998444790046656,0.998498498498498,0.312989045383412,0.998410174880763,0.998459167950693,0.691950464396285,0.536098310291859,1,0.00150375939849624,0.9984375,0.998459167950693,0.102564102564103,0.3203125,1,0.329211746522411,1,0.962323390894819,1,0.831029185867896,0.9984375,0.32,0.998439937597504,1,0.998420221169036,0,0.303079416531605,0.998415213946117,0.998439937597504,0.680817610062893,0.998459167950693,0.315789473684211,0.35303265940902,0.309006211180124,1,1,0.998412698412698,0.0914634146341463,0.306836248012719,0.0904761904761905,1,0.30521472392638,0.309486780715397,0.348909657320872,0.00155763239875389,1,0.953125,0.998461538461539,0.998463901689708,0.317460317460317,0.298003072196621,0.150554675118859,0.0436817472698908,0.307210031347962,0.306853582554517,0.31306990881459,0.0016025641025641,0.306976744186047,0.998459167950693,0.00154798761609907,0.311145510835913,0.998456790123457,0.998447204968944,0.998452012383901,0.309230769230769,0.308623298033283,0.0387096774193548,0.9984375,0.310832025117739,0.304747320061256,0.998435054773083,0.998432601880878,0.311912225705329,0.698051948051948,0.9984,1,0.702229299363057,0.998461538461539,0.300613496932515,0.998435054773083,0.309262166405024,0.534668721109399,0.678516228748068,0.392749244712991,0.998449612403101,0.299392097264438,0.310077519379845,0.68380062305296,0.674846625766871,0.998422712933754,0.310872894333844,1,0.317629179331307,0.998402555910543,0.306376360808709,0.304416403785489,0.342635658914729,0.528125,0.305958132045089,0.300632911392405,0.675590551181102,0.310664605873261,0.145187601957586,1,0.00152905198776758,1,0.282988871224165,0.998439937597504,0.00154083204930663,0.322981366459627,0.311526479750779,0.998405103668262,0.0629685157421289,0.998456790123457,0.0888888888888889,0.330721003134796,0.998412698412698,0.071875,0.68062015503876,0.998442367601246,1,1,0.3,0.0479134466769706,0.998461538461539,0.41471048513302,0.0979462875197472,0.352760736196319,0.310291858678955,0.311649016641452,0.998427672955975,1,0.998412698412698,1,1,0.0711043872919818,0.995398773006135,0.69478527607362,0.00590841949778434,0.311248073959938,0.998432601880878,0.998432601880878,0.99837925445705,0.998466257668712,0.088646967340591,0.309341500765697,1,0.998432601880878,0.998389694041868,0.998417721518987,1,0.998415213946117,0.489984591679507,0.00320512820512821,0.9984375,0.0880989180834621,0.315789473684211,0.434375,1,0.383012820512821,0.303370786516854,0.308755760368664,0.998444790046656,0.0463678516228748,0.308755760368664,0.998454404945904,1,0.367149758454106,0.301538461538462,0.300155520995334,0.32120253164557,1,0.31637519872814,0.310077519379845,0.407120743034056,0.308056872037915,0.972350230414747,0.307339449541284,0.0873015873015873,0.315789473684211,0,0.998449612403101,0.0886075949367089,0.298245614035088,0.308641975308642,0.306836248012719,0.998442367601246,0.998444790046656,0.998373983739837,0.998466257668712,0.998384491114701,0.998392282958199,0.327073552425665,1,0.308527131782946,0.311447811447811,0.6,0.683544303797468,1,0.998447204968944,0.00153374233128834,0.312307692307692,0.115085536547434,1,0.0393081761006289,0.998425196850394,0.9984,0.312401883830455,0.998430141287284,0.998387096774194,0.610932475884244,0.409017713365539,0.995508982035928,0.0804416403785489,0.105678233438486,0.998466257668712,1,0.998452012383901,0.0923317683881064,0,0.309559939301973,0.412772585669782,0.309090909090909,0.00151975683890578,0.3168,0.0914826498422713,0.998435054773083,0.998397435897436,0.312307692307692,0.310291858678955,0.238021638330757,0.326892109500805,0.30568356374808,0.313364055299539,0.998449612403101,1,0.3184,0.998500749625187,0.00156494522691706,0.998449612403101,0.217322834645669,0.998427672955975,0.687789799072643,0.998468606431853,0.299382716049383,0.308562197092084,0.0782208588957055,0.681538461538462,0.998442367601246,0.998417721518987,0.798107255520505,0.892628205128205,0.316118935837246,0.311004784688995,0.998444790046656,0.30503144654088,0.244444444444444,0.319488817891374,0.998491704374057,0.101851851851852,0.998439937597504,0.998425196850394,0.309748427672956,0.684044233807267,0.307086614173228,1,0.9984375,0.30077519379845,0.303875968992248,0.310769230769231,0.867507886435331,0.310126582278481,0.998449612403101,0.0633693972179289,0.998454404945904,0.998381877022654,0.709428129829985,0.6609375,0.314009661835749,0.0613207547169811,0.311708860759494,0.998454404945904,1,0.302507836990596,0.322085889570552,0.626543209876543,0.998447204968944,0.307575757575758,0.378048780487805,0.31039755351682,0.982945736434109,0.480891719745223,0.0061633281972265,0.297507788161994,0.321752265861027,0.323101777059774,0.307073954983923,0.315548780487805,0.975270479134467,0.998410174880763,0.306153846153846,0.552884615384615,0.693290734824281,0.231839258114374,0.687600644122383,1,0.316279069767442,0.00476947535771065,0.320813771517997,0.308411214953271,0.363914373088685,0.3168,0.00152439024390244,0.328660436137072,0.316957210776545,0.322784810126582,0.307692307692308
"123",0.294488188976378,0.315301391035549,0.314900153609831,0.322932917316693,0.312989045383412,0.303680981595092,0.00943396226415094,0.32398753894081,0.32,0.571884984025559,0.320726172465961,0.640746500777605,0.516329704510109,0.326625386996904,1,1,0.621004566210046,0,0.328660436137072,0.312594840667678,1,1,0.334355828220859,0.513719512195122,0.312781954887218,1,1,0.338607594936709,0.311940298507463,0.512578616352201,1,0.56859756097561,0.362951807228916,0.996908809891808,0.660990712074303,0.315533980582524,0.138461538461538,0.325115562403698,1,0.308845577211394,0.003125,0,0,0.326120556414219,0.314553990610329,1,0.996932515337423,1,1,1,0.685099846390169,0.324921135646688,1,0.328682170542636,0.314984709480122,0.815336463223787,0.1201248049922,0.3234375,0.31832298136646,0.32348367029549,0.992447129909366,1,1,0.00460122699386503,0.313291139240506,0.31859756097561,0.656692913385827,0.326053042121685,0.611851851851852,1,0.321156773211568,1,1,0.280314960629921,0.16236722306525,0.322338830584708,1,0.996969696969697,0.328220858895706,1,0.603174603174603,1,1,0.324200913242009,1,0.320417287630402,0.318952234206472,0.328149300155521,0.314589665653495,0,0.325115562403698,0.330383480825959,0.679447852760736,0.582568807339449,0.319444444444444,0.635542168674699,0.679012345679012,0.318250377073906,0.120689655172414,0,0.314814814814815,0.616923076923077,1,0.317034700315457,1,0.32,0,0.319508448540707,1,1,1,0.310077519379845,0.996927803379416,0.324615384615385,0.206015037593985,0.305263157894737,1,0.377099236641221,1,1,0.201848998459168,0.320552147239264,1,1,0.327188940092166,1,0.32258064516129,0.310708898944193,0.37037037037037,0.774289985052317,0.321259842519685,1,0.332278481012658,0.636498516320475,0.331230283911672,1,0.00152671755725191,1,0.369969040247678,0.896940418679549,0.582434514637905,0.598173515981735,0.320373250388802,0.328125,1,0.316846986089645,1,0.30568356374808,0.496194824961948,0.325337331334333,1,0.315217391304348,0.321428571428571,0.321316614420063,0.331782945736434,1,0.312111801242236,1,0.434848484848485,0.328290468986384,1,0.323262839879154,1,0.592592592592593,0.327073552425665,1,0.320121951219512,0.313455657492355,0.339969372128637,0.98780487804878,0.328725038402458,1,0.328703703703704,1,0.315541601255887,1,0.596946564885496,0.301515151515152,0.0330188679245283,0.296583850931677,0.31441717791411,1,0.313846153846154,0.320610687022901,0.317683881064163,0.331269349845201,1,1,0.318611987381703,0.327586206896552,1,1,0.322727272727273,0.231950844854071,0.0191740412979351,0.685185185185185,1,0.00306278713629403,0.317972350230415,1,0.321259842519685,0.308980213089802,0.317972350230415,0.996955859969559,1,1,0.330316742081448,0.322530864197531,0.312024353120244,0.67244094488189,0.312989045383412,1,0.344563552833078,1,1,0.451612903225806,0.328638497652582,0.323262839879154,0.325115562403698,0.30757341576507,0.31875,0.648233486943164,1,1,0.311349693251534,0.00303951367781155,0.325859491778774,0.323795180722892,0.32258064516129,0.321212121212121,0.298904538341158,0.322239031770045,0.696319018404908,0.367164179104478,0.300763358778626,1,0.333333333333333,1,0.306870229007634,0.304212168486739,0.311926605504587,0.331746031746032,0.315047021943574,1,0.326283987915408,0.784375,1,1,0.996884735202492,1,1,0.903328050713154,1,1,1,0.314759036144578,1,0.326923076923077,0,1,0.38368580060423,1,0.321538461538462,0.323529411764706,0.314984709480122,0.419003115264797,1,0.322239031770045,1,1,1,1,0,0.320373250388802,1,1,0.32398753894081,1,0.320182094081942,1,1,0.315707620528771,0.3296875,0.301684532924962,0.153125,0.332822085889571,0,0.59577677224736,1,0.321044546850998,0.323899371069182,0.588502269288956,1,1,0.33122028526149,0.329153605015674,1,0.655436447166922,0.695583596214511,0.303875968992248,0.324881141045959,0.992481203007519,0.328725038402458,0.312965722801788,1,0.316998468606432,0.310291858678955,1,0.310452418096724,0.317629179331307,0.309090909090909,0.320061255742726,1,1,1,0.316358024691358,0.326053042121685,0.00904977375565611,0.99537750385208,0.325508607198748,1,1,0.318796992481203,0.329323308270677,0.30381679389313,0.315384615384615,0.310030395136778,1,0.311728395061728,0.316279069767442,0.574132492113565,1,0.837423312883436,1,0,1,0.327300150829563,1,1,0.416289592760181,0.998456790123457,0.318252730109204,1,0.309486780715397,0.305900621118012,0.316590563165906,1,1,0.32312404287902,0.405448717948718,0.605590062111801,0.31201248049922,1,1,1,0.325,1,0.204301075268817,1,1,1,1,0.322775263951735,1,0.318979266347687,0.336434108527132,0.672839506172839,0.308892355694228,1,0.329249617151608,0.321646341463415,0.318541996830428,1,0.310136157337368,1,0.321958456973294,0.481707317073171,0.321483771251932,0.321981424148607,0.312121212121212,1,0.322884012539185,0.3,1,1,0.320987654320988,0.312977099236641,1,0.471212121212121,0.318037974683544,0.330792682926829,0.330792682926829,0.682926829268293,1,0.303858520900322,1,0.424382716049383,0.310077519379845,0,0.876506024096386,0.321928460342146,0.317829457364341,0,0.0354391371340524,0.986280487804878,0.320552147239264,1,0.314241486068111,0.315372424722662,1,0.322188449848024,0.317757009345794,0.674884437596302,1,0.319938176197836,0.325545171339564,1,0.313455657492355,0.307086614173228,1,0.340393343419062,0.316455696202532,0.317757009345794,0.332317073170732,0.794435857805255,1,0.982839313572543,1,1,0.00155763239875389,1,0.993836671802773,1,0.424382716049383,0.998427672955975,0.308980213089802,0.995529061102832,0.333848531684699,0.996932515337423,0.608108108108108,0.630075187969925,0.32375189107413,0.317293233082707,0.645801526717557,0.314375987361769,0,0.627480916030534,0.682316118935837,0.321266968325792,0.00151285930408472,0.320987654320988,0.311827956989247,0.777089783281734,0.333848531684699,0.685496183206107,0.5984,0.323574730354391,0.314674735249622,0.299847792998478,1,0.0248901903367496,0,0.328267477203647,0.333846153846154,0.330781010719755,1,0.338461538461538,0.319018404907975,1,0.302891933028919,0.941984732824428,0.576323987538941,1,1,0.995049504950495,0.321212121212121,0.602118003025719,0.319758672699849,0.31496062992126,0.321538461538462,0.42089552238806,1,0.317484662576687,1,0.325434439178515,0.325,1,0.321766561514196,1,0.333850931677019,1,1,0.327300150829563,0,1,0.322727272727273,1,0.55045871559633,1,0.515981735159817,1,0.542901716068643,1,0.318037974683544,1,1,1,0.317411402157165,0.330733229329173,0.32572298325723,0.352472089314195,0.342356687898089,0.309451219512195,1,0.320987654320988,1,1,0.328703703703704,0.316614420062696,0.318181818181818,0.387345679012346,0.322188449848024,1,1,0.324734446130501,0.326018808777429,0.629107981220657,0.594383775351014,0.322033898305085,0.316535433070866,1,0.311349693251534,0.316187594553706,0.996889580093313,0.314194577352472,0.309923664122137,0,0.140060240963855,0.315132605304212,0.674626865671642,0.314553990610329,0.325688073394495,0.601809954751131,0.998466257668712,0.311627906976744,1,0.321981424148607,0.34715821812596,0.311178247734139,0.477134146341463,0.326656394453005,1,0.319083969465649,0.327639751552795,0.330188679245283,0.688073394495413,1,0.331230283911672,0.319083969465649,0,0.328267477203647,0.998459167950693,0.951293759512938,1,0.321428571428571,0.323619631901841,0.317262830482115,0.590015128593041,1,0.593059936908517,0.338006230529595,1,1,0.966309341500766,0.673846153846154,0.335925349922239,0.355083459787557,0.322678843226788,0.31866464339909,1,1,0.518691588785047,0.637636080870918,1,1,0.998482549317147,0.68075117370892,1,0.334332833583208,0.675968992248062,1,0.32579185520362,0.327692307692308,0.319018404907975,0.998475609756098,1,0.642289348171701,0.325115562403698,1,1,0.327217125382263,0.316998468606432,0.998454404945904,0,0.309375,0.312989045383412,0.00625,0.318318318318318,1,0.304212168486739,1,0.15015015015015,0,0.906344410876133,0.328787878787879,1,1,0,0.00150829562594268,0.324074074074074,1,0.315372424722662,0.997032640949555,0.31496062992126,1,0.998432601880878,0.963246554364472,0.767801857585139,1,1,0.0046656298600311,1,0.511217948717949,0.331278890600925,0.670212765957447,0.322137404580153,1,0.31104199066874,0.668702290076336,1,1,0.314285714285714,0.61890694239291,0.329803328290469,0.587155963302752,0.970125786163522,0.329230769230769,0.60763358778626,0.0108191653786708,0.3125,0.327692307692308,0.321646341463415,1,0.635542168674699,0.310240963855422,0.888024883359253,0.58695652173913,0.966767371601209,1,1,0.313455657492355,0.335403726708075,0.3125,0.322085889570552,0.318042813455657,0.618694362017804,0.30316742081448,0,0.676557863501484,1,0.336890243902439,0.307332293291732,0.322683706070288,0.320300751879699,0.610091743119266,1,0.333333333333333,0.3328125,0.327476038338658,0.321428571428571,0.316998468606432,0.310664605873261,0.202143950995406,0.67398119122257,0.322480620155039,0.598793363499246,1,0.233128834355828,0.326153846153846,0.925581395348837,1,1,0.314329738058552,0.635811836115326,1,0.317147192716237,0.304615384615385,0.953271028037383,1,1,0.998394863563403,0.319148936170213,1,1,0.901716068642746,1,0.342814371257485,1,0.593059936908517,1,0.667687595712098,0.304747320061256,0.603715170278638,1,1,0.993808049535604,0.325264750378215,0.329230769230769,0.325434439178515,0.32572298325723,0.323296354992076,0.322378716744914,0.984567901234568,0.319083969465649,1,1,0.707762557077626,0,0.314024390243902,0.317147192716237,0.677760968229955,1,0.56875,0.328313253012048,0.6484375,0.317757009345794,0.322222222222222,1,0.314900153609831,0.320574162679426,0.688751926040062,0.911290322580645,0.330871491875923,0.605388272583201,0.574102964118565,0.325153374233129,0.330203442879499,0.306153846153846,0.596625766871166,0.680491551459293,1,0.890769230769231,1,0.665667166416792,0.998427672955975,0.592767295597484,0.316923076923077,0.324367088607595,1,1,0.432348367029549,0.995319812792512,0.998489425981873,1,0.317073170731707,0.325190839694657,1,0.312684365781711,0.6797583081571,0.331782945736434,0.456086286594761,0.307931570762053,0,0.317147192716237,1,1,0.594761171032357,0.00151745068285281,0.327217125382263,0.328746177370031,0.1046875,0.420634920634921,1,1,0.31733746130031,1,0.416923076923077,1,0.324444444444444,0.587423312883436,0.324116743471582,0.314553990610329,1,0,1,0.31104199066874,0.326153846153846,1,1,1,0.440124416796268,1,0.326086956521739,0.611280487804878,0.331297709923664,0.329113924050633,0.00153139356814701,0.0386996904024768,1,0.621374045801527,1,0.325227963525836,0.323296354992076,1,1,0.167427701674277,0.315870570107858,1,0.90381679389313,1,0.320668693009119,0.199692780337942,0.66973886328725,1,1,1,1,1,0.294656488549618,0.302936630602782,1,0.123613312202853,0.00156739811912226,0.440184049079755,0,0.328725038402458,1,0.677519379844961,1,1,0.894333843797856,1,0.68133535660091,1,1,1,1
"124",0.292642140468227,0.312803889789303,0.317965023847377,0.318840579710145,0.3125,0.301612903225806,0.0131578947368421,0.322528363047002,0.306581059390048,0.574043261231281,0.321766561514196,0.639423076923077,0.524271844660194,0.313408723747981,1,1,0.61698717948718,0,0.323101777059774,0.302884615384615,1,1,0.321144674085851,0.514331210191083,0.301261829652997,1,1,0.338259441707718,0.307210031347962,0.531045751633987,1,0.592833876221498,0.364217252396166,0.995290423861852,0.67258064516129,0.313953488372093,0.140322580645161,0.319620253164557,1,0.301261829652997,0.0016025641025641,0,0,0.328990228013029,0.321311475409836,1,0.995169082125604,1,1,1,0.690705128205128,0.321311475409836,1,0.325949367088608,0.307073954983923,0.826016260162602,0.123558484349259,0.314238952536825,0.319935691318328,0.317230273752013,0.993730407523511,1,1,0.00318471337579618,0.308823529411765,0.310618066561014,0.649918962722853,0.323671497584541,0.608695652173913,1,0.307210031347962,1,1,0.279801324503311,0.166144200626959,0.317757009345794,1,0.995207667731629,0.3136,1,0.598347107438017,1,1,0.31911532385466,1,0.322480620155039,0.306946688206785,0.325842696629214,0.310569105691057,0,0.315619967793881,0.315789473684211,0.691437802907916,0.576619273301738,0.30718954248366,0.630769230769231,0.684627575277338,0.310015898251192,0.121911037891269,0,0.306709265175719,0.613526570048309,1,0.311258278145695,1,0.313408723747981,0,0.317230273752013,1,1,1,0.303858520900322,0.996810207336523,0.32695374800638,0.2018779342723,0.309119010819165,1,0.368421052631579,1,1,0.196172248803828,0.306349206349206,1,1,0.3264,1,0.315548780487805,0.303405572755418,0.365695792880259,0.75705329153605,0.319148936170213,1,0.31973898858075,0.628048780487805,0.330016583747927,1,0,1,0.383252818035427,0.88628762541806,0.577170418006431,0.603225806451613,0.315112540192926,0.324590163934426,1,0.311004784688995,1,0.305958132045089,0.49607535321821,0.318681318681319,1,0.314102564102564,0.318255250403877,0.313915857605178,0.324717285945073,1,0.304347826086957,1,0.431561996779388,0.318110236220472,1,0.318471337579618,1,0.592651757188498,0.306688417618271,1,0.315112540192926,0.310897435897436,0.333333333333333,0.988976377952756,0.3184,1,0.322006472491909,1,0.304418985270049,1,0.592651757188498,0.300787401574803,0.0301507537688442,0.294892915980231,0.310679611650485,1,0.303656597774245,0.319935691318328,0.3184,0.322222222222222,1,1,0.317275747508306,0.319870759289176,1,1,0.322169059011164,0.231012658227848,0.0171875,0.695721077654517,1,0.00158227848101266,0.314285714285714,1,0.318840579710145,0.308049535603715,0.30952380952381,0.996845425867508,1,1,0.321538461538462,0.308072487644152,0.312796208530806,0.683606557377049,0.303370786516854,1,0.334943639291465,1,1,0.43312101910828,0.326229508196721,0.316535433070866,0.324281150159744,0.3008,0.303425774877651,0.637958532695375,1,1,0.311216429699842,0.00157728706624606,0.3203125,0.310236220472441,0.3168,0.292527821939587,0.301127214170692,0.3171875,0.702702702702703,0.358609794628752,0.305164319248826,1,0.319354838709677,1,0.308426073131955,0.299679487179487,0.307317073170732,0.3278955954323,0.311183144246353,1,0.313694267515924,0.802568218298555,1,1,0.998376623376623,1,1,0.895934959349593,1,1,1,0.311605723370429,1,0.321895424836601,0,1,0.3801261829653,1,0.316129032258064,0.317307692307692,0.304347826086957,0.412520064205457,1,0.319182389937107,1,1,1,1,0,0.308681672025723,1,1,0.322784810126582,1,0.316957210776545,1,1,0.309446254071661,0.318255250403877,0.302737520128824,0.146919431279621,0.318627450980392,0,0.590769230769231,1,0.3136,0.317512274959083,0.584905660377358,1,1,0.320066334991708,0.326860841423948,1,0.655284552845528,0.708126036484245,0.301612903225806,0.30983606557377,0.993720565149137,0.323051948051948,0.303125,1,0.306122448979592,0.302034428794992,1,0.306581059390048,0.30952380952381,0.308306709265176,0.306089743589744,1,1,1,0.3042071197411,0.322115384615385,0.00801282051282051,0.995137763371151,0.322368421052632,1,1,0.313195548489666,0.3203125,0.301435406698565,0.317817014446228,0.318252730109204,1,0.303571428571429,0.306451612903226,0.570967741935484,1,0.828150572831424,1,0,1,0.324960753532182,1,1,0.414442700156986,0.998397435897436,0.31810766721044,1,0.309904153354633,0.299679487179487,0.307692307692308,1,1,0.31637519872814,0.397009966777409,0.600977198697068,0.30278232405892,1,1,1,0.322847682119205,1,0.200636942675159,1,1,1,1,0.323899371069182,1,0.313953488372093,0.337620578778135,0.677938808373591,0.294975688816856,1,0.330696202531646,0.313178294573643,0.309364548494983,1,0.299373040752351,1,0.316279069767442,0.492012779552716,0.317460317460317,0.32137030995106,0.307448494453249,1,0.319354838709677,0.301458670988655,1,1,0.318471337579618,0.305466237942122,1,0.483464566929134,0.318627450980392,0.324324324324324,0.324409448818898,0.687697160883281,1,0.294701986754967,1,0.421824104234528,0.304347826086957,0,0.883540372670807,0.31219512195122,0.322115384615385,0,0.0308441558441558,0.985436893203884,0.313725490196078,1,0.304278922345483,0.30718954248366,1,0.325914149443561,0.3072,0.669354838709677,1,0.312703583061889,0.31973898858075,1,0.306122448979592,0.302631578947368,1,0.330173775671406,0.305057096247961,0.3104,0.3322528363047,0.807936507936508,1,0.978930307941653,1,1,0,1,0.993548387096774,1,0.428571428571429,0.996742671009772,0.312302839116719,0.995253164556962,0.332247557003257,0.99685534591195,0.60347551342812,0.621069182389937,0.311708860759494,0.3109375,0.64251968503937,0.315789473684211,0,0.621138211382114,0.686985172981878,0.323296354992076,0,0.308681672025723,0.302884615384615,0.765472312703583,0.331723027375201,0.690705128205128,0.601639344262295,0.308186195826645,0.31637519872814,0.293460925039872,1,0.0227617602427921,0,0.306836248012719,0.326433121019108,0.332797427652733,1,0.336012861736334,0.3056,1,0.313572542901716,0.949919224555735,0.571194762684124,1,1,0.993162393162393,0.314375987361769,0.604430379746835,0.316692667706708,0.31404958677686,0.308186195826645,0.415094339622642,1,0.302134646962233,1,0.317275747508306,0.312811980033278,1,0.313432835820896,1,0.321486268174475,1,1,0.313385826771654,0,1,0.3125,1,0.57097288676236,1,0.5,1,0.558917197452229,1,0.308848080133556,1,1,1,0.298722044728434,0.324058919803601,0.309262166405024,0.350498338870432,0.328282828282828,0.3042071197411,1,0.3171875,1,1,0.317817014446228,0.317230273752013,0.3109375,0.386473429951691,0.326465927099842,1,1,0.32753164556962,0.317666126418152,0.619902120717781,0.591572123176661,0.318910256410256,0.314238952536825,1,0.302547770700637,0.309486780715397,0.995230524642289,0.310855263157895,0.310569105691057,0,0.14018691588785,0.313504823151125,0.684049079754601,0.310509554140127,0.31924882629108,0.60347551342812,0.996789727126806,0.307814992025518,1,0.314102564102564,0.350649350649351,0.308426073131955,0.47427652733119,0.30622009569378,1,0.316957210776545,0.31953642384106,0.32569558101473,0.691222570532915,1,0.325041459369818,0.312202852614897,0,0.318181818181818,0.998387096774194,0.957746478873239,1,0.314606741573034,0.3232,0.308441558441558,0.586477987421384,1,0.588429752066116,0.32794830371567,1,1,0.969551282051282,0.674230145867099,0.320846905537459,0.3609375,0.315286624203822,0.311526479750779,1,1,0.512820512820513,0.62760834670947,1,1,0.998435054773083,0.696920583468395,1,0.32093023255814,0.686495176848875,1,0.327503974562798,0.305863708399366,0.3152,0.996870109546166,1,0.637123745819398,0.322169059011164,1,1,0.319935691318328,0.303174603174603,0.998415213946117,0,0.309562398703404,0.307073954983923,0.00494233937397035,0.312101910828025,1,0.312703583061889,1,0.149136577708006,0,0.9015625,0.324324324324324,1,1,0,0,0.322632423756019,1,0.314332247557003,0.998447204968944,0.303571428571429,1,0.998373983739837,0.968652037617555,0.767772511848341,1,1,0.00483870967741936,1,0.510815307820299,0.324675324675325,0.669811320754717,0.319620253164557,1,0.308064516129032,0.683954619124797,1,1,0.308072487644152,0.617151607963247,0.324324324324324,0.591572123176661,0.975845410628019,0.322061191626409,0.597444089456869,0.0110236220472441,0.301127214170692,0.312101910828025,0.325914149443561,1,0.629570747217806,0.302839116719243,0.896607431340872,0.589285714285714,0.967238689547582,1,1,0.303514376996805,0.331691297208539,0.301980198019802,0.304975922953451,0.3046875,0.610062893081761,0.30188679245283,0,0.679331306990882,0.998407643312102,0.318770226537217,0.299524564183835,0.316749585406302,0.321483771251932,0.60223642172524,1,0.325508607198748,0.330128205128205,0.321951219512195,0.3232,0.304,0.307324840764331,0.196232339089482,0.681372549019608,0.310289389067524,0.595541401273885,1,0.226324237560193,0.3168,0.936482084690554,1,1,0.305958132045089,0.642405063291139,1,0.305993690851735,0.301587301587302,0.957996768982229,1,1,0.998327759197324,0.31687898089172,1,1,0.896103896103896,1,0.351181102362205,1,0.585808580858086,1,0.6752,0.306089743589744,0.601307189542484,1,1,0.995192307692308,0.324409448818898,0.322683706070288,0.313014827018122,0.314785373608903,0.316993464052288,0.31869918699187,0.985221674876847,0.307692307692308,1,1,0.706624605678233,0,0.319620253164557,0.30952380952381,0.685303514376997,1,0.562599049128368,0.31619937694704,0.649434571890145,0.306089743589744,0.322847682119205,1,0.301765650080257,0.310286677908938,0.684975767366721,0.905073649754501,0.320182094081942,0.603896103896104,0.576923076923077,0.313385826771654,0.321252059308072,0.293838862559242,0.590243902439024,0.681528662420382,1,0.9008,1,0.677165354330709,0.99673735725938,0.594462540716612,0.307814992025518,0.320598006644518,1,1,0.429967426710098,0.995121951219512,0.998422712933754,1,0.307568438003221,0.323671497584541,1,0.315625,0.6816,0.322475570032573,0.455737704918033,0.301612903225806,0,0.306853582554517,1,1,0.593114241001565,0,0.323671497584541,0.318327974276527,0.0947030497592295,0.411475409836066,1,1,0.310618066561014,1,0.406148867313916,1,0.326656394453005,0.58974358974359,0.324367088607595,0.316993464052288,1,0,1,0.305647840531561,0.313311688311688,1,1,1,0.437802907915994,1,0.316211878009631,0.609794628751975,0.321656050955414,0.320661157024793,0,0.0369774919614148,1,0.6208,1,0.325806451612903,0.326666666666667,1,1,0.1568,0.302884615384615,1,0.890302066772655,1,0.320695102685624,0.194762684124386,0.674157303370786,1,1,1,1,1,0.277602523659306,0.300324675324675,1,0.121911037891269,0,0.437201907790143,0,0.324149108589951,1,0.684466019417476,1,1,0.887301587301587,1,0.681089743589744,1,1,1,1
"125",1,1,1,1,1,1,0.697160883280757,1,1,0.0903328050713154,1,0.0382262996941896,0.8208,1,0.326530612244898,0.31733746130031,0.0599078341013825,0.678513731825525,1,1,0.303353658536585,0.321711568938193,1,0.155384615384615,1,0.339506172839506,0.333860759493671,1,1,0.790220820189274,0.320552147239264,0.734567901234568,0.96319018404908,0.323529411764706,0,1,0.534954407294833,1,0.306766917293233,1,0.65284178187404,0.665123456790123,0.681887366818874,1,1,0.331230283911672,0.3198127925117,0.315950920245399,0.330275229357798,0.334855403348554,0,1,0.321266968325792,1,1,0.496111975116641,0.559748427672956,1,1,1,0.343419062027231,0.333333333333333,0.328125,0.672386895475819,1,1,0.0328638497652582,1,0.0524737631184408,0.332317073170732,1,0.33125,0.338632750397456,0.963722397476341,0.507716049382716,1,0.323076923076923,0.347222222222222,1,0.3216,0.0812101910828025,0.34748427672956,0.340523882896764,1,0.346036585365854,1,1,1,1,0.674347158218126,1,1,0.00153609831029186,0.0993788819875776,1,0.0421686746987952,0,1,0.55784469096672,0.661490683229814,1,0.0456692913385827,0.324655436447167,1,0.329173166926677,1,0.677519379844961,1,0.328682170542636,0.330289193302892,0.333848531684699,1,0.342146189735614,1,0.482602118003026,1,0.321538461538462,0.291858678955453,0.334869431643625,0.330246913580247,0.474258970358814,0.998449612403101,0.327188940092166,0.3264,1,0.312788906009245,1,1,0.316923076923077,0.55521472392638,1,0.322932917316693,1,0.037821482602118,1,0.328290468986384,0.663594470046083,0.338957055214724,0.93953488372093,0.42654028436019,0.0973724884080371,0.0902021772939347,1,1,0.336973478939158,1,0.327868852459016,1,0.81733746130031,1,0.334920634920635,1,1,1,1,0.342723004694836,1,0.333333333333333,0.254160363086233,1,0.323076923076923,1,0.31055900621118,0.083596214511041,1,0.317484662576687,1,1,1,0.341984732824427,1,0.333846153846154,1,0.308411214953271,1,0.320373250388802,0.0687022900763359,1,0.631911532385466,1,1,0.322378716744914,1,1,1,1,0.328703703703704,0.320121951219512,1,0.998468606431853,0.326186830015314,0.310015898251192,1,0.442396313364055,0.665185185185185,0,0.330769230769231,0.655763239875389,1,0.326315789473684,1,0.99851411589896,1,0.31969696969697,0.330357142857143,0.341307814992026,1,1,1,0,1,0.322884012539185,0.976993865030675,0.336477987421384,0.319444444444444,0.758942457231726,1,1,1,1,1,0.0386996904024768,0.325396825396825,0.336363636363636,1,0.668174962292609,1,1,0.998439937597504,0.998461538461539,1,1,0.00153846153846154,0.30568356374808,1,0.319620253164557,1,0.311728395061728,1,1,1,1,1,0.334346504559271,1,0.515625,0.338557993730408,0.332330827067669,0.327503974562798,0.329635499207607,0.343799058084772,0.423622047244094,0.337442218798151,0.325038880248834,0.320552147239264,1,0.336973478939158,1,0.678787878787879,0.320433436532508,0.302752293577982,0.342271293375394,1,1,1,0.259780907668232,0.323076923076923,1,0.3265625,0.335854765506808,0.318181818181818,0.3328173374613,0.675344563552833,1,0.341906202723147,0.328125,1,0.312202852614897,1,0.324116743471582,0.325,1,1,1,0.531782945736434,1,0.68133535660091,0.0763473053892216,0.329230769230769,1,1,0.0888208269525268,0.327743902439024,0.334370139968896,1,1,0.313935681470138,0.0172143974960876,0,1,1,0.345864661654135,1,1,0.321156773211568,1,1,0.325617283950617,1,1,1,1,0.342635658914729,0.324850299401198,0.342902711323764,1,1,0.661608497723824,0.328149300155521,1,0.321699544764795,0.313664596273292,1,1,0.998470948012232,1,1,0.338509316770186,1,1,0.0952380952380952,0.341426403641882,0.493846153846154,0.317757009345794,0.662037037037037,0.325688073394495,1,0.323029366306028,0.339563862928349,0.251896813353566,0.319634703196347,1,0.334319526627219,1,1,1,0.321428571428571,0.325688073394495,0.998470948012232,0.929577464788732,0.0536277602523659,1,0.325617283950617,0.327586206896552,0.31937984496124,1,0.334351145038168,0.46551724137931,0.332822085889571,0.315217391304348,0.323296354992076,0.319182389937107,1,0.329153605015674,1,1,0,1,0.338006230529595,1,1,1,0.339593114241002,1,0.325038880248834,1,0.851226993865031,1,1,1,0.326717557251908,1,1,0.318952234206472,0.319444444444444,1,1,0.320668693009119,0.178678678678679,1,0.998470948012232,1,0,0.324881141045959,1,0.323664122137405,0.242236024844721,1,0.665116279069767,0.441754916792738,1,1,0.665676077265973,0.68798751950078,0.355140186915888,1,0.330757341576507,1,1,0.344287949921753,1,0.998422712933754,0.00303951367781155,0.33693972179289,1,1,0.339593114241002,1,1,0.316279069767442,0.324074074074074,1,1,1,0.535276073619632,0.321538461538462,0.349304482225657,0.333832335329341,0.342507645259939,0.686915887850467,0.333843797856049,0.332307692307692,0.322678843226788,0.234472049689441,0.326530612244898,1,0.327272727272727,0.998439937597504,0.320987654320988,0.0779610194902549,0.0454545454545455,1,1,0.0307692307692308,1,0.667669172932331,0.0363086232980333,0.0062111801242236,1,0.669724770642202,1,1,0.546899841017488,1,0,0.0627943485086342,1,1,1,0.334905660377358,0.637573964497041,0.681744749596123,0.993827160493827,1,0.986466165413534,0.311424100156495,0.334365325077399,1,0.30757341576507,1,0.373271889400922,0.101088646967341,0.316923076923077,0.334332833583208,0.347540983606557,1,0.0691244239631336,1,1,1,0.25226586102719,0.337025316455696,1,0.329230769230769,1,1,0.318818040435459,1,0.326500732064422,1,0.321981424148607,0.325984251968504,1,0.669266770670827,0.326378539493294,1,0.323763955342903,0.764430577223089,0.318862275449102,0.156202143950995,0.329341317365269,0.777950310559006,0.321875,1,0.335375191424196,0.346094946401225,0.304878048780488,1,1,1,0.973015873015873,0.3354943273906,1,0.339116719242902,1,0.325769854132901,0.326347305389222,1,1,1,0.927580893682589,1,0.326687116564417,0.329268292682927,1,1,0.0377952755905512,0.0766823161189358,1,1,0.318611987381703,1,1,0.31832298136646,1,1,0.669767441860465,0.524962178517398,1,0,1,1,0.0886850152905199,0.337442218798151,1,0.342105263157895,0.998447204968944,0.96551724137931,0.998449612403101,0.836193447737909,1,0.342812006319115,1,1,1,0,0.320846905537459,1,1,0.662079510703364,1,0.333846153846154,0.36979969183359,0.330781010719755,1,1,1,0.081203007518797,0.334375,0.0792393026941363,0.998449612403101,0.325688073394495,0.319018404907975,0.360902255639098,0,1,0.96319018404908,1,1,0.331782945736434,0.314759036144578,0.15600624024961,0.0344287949921753,0.333333333333333,0.325984251968504,0.338414634146341,0.00158227848101266,0.321699544764795,1,0,0.327692307692308,1,1,1,0.329770992366412,0.330827067669173,0.0336,1,0.319314641744548,0.319277108433735,1,1,0.324074074074074,0.685126582278481,1,1,0.686915887850467,1,0.322530864197531,1,0.328149300155521,0.528417818740399,0.660633484162896,0.419306184012066,1,0.312688821752266,0.330792682926829,0.671732522796353,0.653495440729483,1,0.338905775075988,1,0.333834586466165,1,0.330218068535826,0.322884012539185,0.3671875,0.529953917050691,0.328050713153724,0.31832298136646,0.660060975609756,0.323529411764706,0.143780290791599,1,0,1,0.301391035548686,1,0,0.330218068535826,0.330745341614907,1,0.0523168908819133,1,0.0788253477588872,0.346031746031746,1,0.0559006211180124,0.658461538461538,1,1,1,0.32258064516129,0.0363636363636364,1,0.442367601246106,0.0875796178343949,0.361801242236025,0.334869431643625,0.338391502276176,1,1,1,1,1,0.0570570570570571,0.998480243161094,0.669218989280245,0.00149476831091181,0.339969372128637,1,1,1,1,0.0793157076205288,0.325227963525836,1,1,1,1,1,1,0.476479514415782,0.00157977883096367,1,0.0765696784073507,0.327217125382263,0.433489827856025,1,0.410828025477707,0.318979266347687,0.314984709480122,1,0.0371517027863777,0.327769347496206,1,1,0.379365079365079,0.328220858895706,0.322378716744914,0.326433121019108,0.998470948012232,0.336538461538462,0.333333333333333,0.423137876386688,0.324534161490683,0.97869101978691,0.322239031770045,0.0755627009646302,0.336448598130841,0,1,0.0832025117739403,0.316118935837246,0.324960753532182,0.325545171339564,1,1,1,1,1,1,0.342271293375394,1,0.328197226502311,0.326194398682043,0.607142857142857,0.668231611893584,1,1,0,0.327272727272727,0.115740740740741,0.998484848484849,0.0311526479750779,1,1,0.323029366306028,1,1,0.630914826498423,0.422893481717011,0.99851411589896,0.071656050955414,0.0892018779342723,1,1,1,0.0797546012269939,0,0.330289193302892,0.438356164383562,0.328746177370031,0,0.338557993730408,0.0786163522012579,1,1,0.327718223583461,0.330246913580247,0.234108527131783,0.34913112164297,0.319444444444444,0.3328173374613,1,1,0.334876543209877,1,0,1,0.220657276995305,1,0.668730650154799,1,0.321928460342146,0.320695102685624,0.0723076923076923,0.670750382848392,1,1,0.782608695652174,0.904761904761905,0.324960753532182,0.335453100158982,1,0.326086956521739,0.251533742331288,0.33175355450237,1,0.0929878048780488,1,1,0.331269349845201,0.67304625199362,0.318979266347687,1,1,0.318529862174579,0.310291858678955,0.329787234042553,0.864353312302839,0.325471698113208,1,0.0474732006125574,1,1,0.684049079754601,0.649149922720247,0.334935897435897,0.0434108527131783,0.336463223787167,1,1,0.312893081761006,0.334360554699538,0.619847328244275,1,0.319508448540707,0.365591397849462,0.328197226502311,0.986384266263237,0.472613458528951,0.00303490136570561,0.317411402157165,0.330815709969789,0.335433070866142,0.329113924050633,0.324324324324324,0.968229954614221,1,0.321483771251932,0.541996830427892,0.666666666666667,0.229483282674772,0.677830940988836,1,0.33693972179289,0.00308641975308642,0.337941628264209,0.322137404580153,0.367127496159754,0.330232558139535,0,0.341013824884793,0.332283464566929,0.338028169014085,0.328173374613003
"126",0.293838862559242,0.30829420970266,0.29984544049459,0.3136,0.30030959752322,0.291600633914422,0.0128205128205128,0.312401883830455,0.299373040752351,0.594896331738437,0.302469135802469,0.646788990825688,0.499215070643642,0.297339593114241,1,1,0.626339969372129,0,0.307692307692308,0.295489891135303,1,1,0.305900621118012,0.5320813771518,0.301801801801802,1,1,0.320634920634921,0.297256097560976,0.515772870662461,1,0.578461538461538,0.356164383561644,0.995341614906832,0.677570093457944,0.300324675324675,0.143974960876369,0.311827956989247,1,0.286153846153846,0.00312989045383412,0,0,0.308411214953271,0.30077519379845,1,0.993827160493827,1,1,1,0.704791344667697,0.309748427672956,1,0.306870229007634,0.302795031055901,0.803459119496855,0.128682170542636,0.297339593114241,0.300613496932515,0.303125,0.992354740061162,1,1,0.0062402496099844,0.304140127388535,0.303875968992248,0.6640625,0.309119010819165,0.619190404797601,1,0.297546012269939,1,1,0.267628205128205,0.170769230769231,0.305722891566265,1,0.993911719939117,0.303076923076923,1,0.616613418530351,1,1,0.309451219512195,1,0.307110438729198,0.304897314375987,0.317111459968603,0.304012345679012,0,0.308661417322835,0.309667673716012,0.698608964451314,0.597243491577335,0.3,0.646879756468798,0.694915254237288,0.290769230769231,0.128824476650564,0,0.298136645962733,0.634375,1,0.301612903225806,1,0.306853582554517,0,0.308892355694228,1,1,1,0.296466973886329,0.995334370139969,0.311728395061728,0.215596330275229,0.298192771084337,1,0.38863287250384,1,1,0.218125960061444,0.2953125,1,1,0.312788906009245,1,0.304154302670623,0.297297297297297,0.381475667189953,0.765506807866868,0.309294871794872,1,0.313084112149533,0.640909090909091,0.310897435897436,1,0.00153374233128834,1,0.365325077399381,0.889245585874799,0.598425196850394,0.609375,0.303543913713405,0.306089743589744,1,0.299373040752351,1,0.29153605015674,0.493023255813954,0.308980213089802,1,0.290964777947933,0.302507836990596,0.309148264984227,0.315457413249211,1,0.298600311041991,1,0.452453987730061,0.310606060606061,1,0.312977099236641,1,0.6078125,0.313099041533546,1,0.303405572755418,0.296923076923077,0.3171875,0.986280487804878,0.308176100628931,1,0.313755795981453,1,0.304838709677419,1,0.600931677018634,0.286594761171032,0.0337078651685393,0.290423861852433,0.301538461538462,1,0.297805642633229,0.308176100628931,0.309006211180124,0.319444444444444,1,1,0.317384370015949,0.312693498452012,1,1,0.304747320061256,0.245426829268293,0.0238805970149254,0.704866562009419,1,0.00309119010819165,0.297546012269939,1,0.301916932907348,0.292609351432881,0.31104199066874,0.998454404945904,1,1,0.312121212121212,0.308544303797468,0.303215926493109,0.696969696969697,0.303738317757009,1,0.328703703703704,1,1,0.433641975308642,0.312401883830455,0.30640243902439,0.313846153846154,0.293394777265745,0.300787401574803,0.65990639625585,1,1,0.29601226993865,0.00459418070444104,0.313935681470138,0.301492537313433,0.307453416149068,0.287051482059282,0.293563579277865,0.305847076461769,0.708782742681048,0.379204892966361,0.301538461538462,1,0.314465408805031,1,0.295839753466872,0.292379471228616,0.294209702660407,0.32182103610675,0.299840510366826,1,0.315467075038285,0.789968652037618,1,1,0.996884735202492,1,1,0.896389324960754,1,1,1,0.303030303030303,1,0.303514376996805,0,1,0.393939393939394,1,0.305511811023622,0.314375987361769,0.295774647887324,0.429237947122862,1,0.315384615384615,1,1,1,1,0,0.29874213836478,1,1,0.312401883830455,1,0.310077519379845,1,1,0.300314465408805,0.307814992025518,0.291217257318952,0.15541601255887,0.31637519872814,0,0.600301659125189,1,0.308868501529052,0.302034428794992,0.595054095826893,1,1,0.313001605136437,0.312401883830455,1,0.665116279069767,0.714511041009464,0.288643533123028,0.303225806451613,0.993993993993994,0.318818040435459,0.289355322338831,1,0.292569659442724,0.297045101088647,1,0.296124031007752,0.298107255520505,0.303490136570561,0.308049535603715,1,1,1,0.297805642633229,0.312989045383412,0.00615384615384615,0.990521327014218,0.307324840764331,1,1,0.301223241590214,0.315233785822021,0.292048929663609,0.303937007874016,0.292682926829268,1,0.29559748427673,0.302694136291601,0.585987261146497,1,0.845070422535211,1,0,1,0.315548780487805,1,1,0.435384615384615,0.998442367601246,0.303459119496855,1,0.288401253918495,0.294573643410853,0.299236641221374,1,1,0.308641975308642,0.380417335473515,0.627358490566038,0.287519747235387,1,1,1,0.306836248012719,1,0.221350078492936,1,1,1,1,0.31055900621118,1,0.302250803858521,0.312307692307692,0.689547581903276,0.300157977883096,1,0.306625577812018,0.305135951661631,0.301435406698565,1,0.297256097560976,1,0.307110438729198,0.463678516228748,0.309341500765697,0.302362204724409,0.295107033639144,1,0.303656597774245,0.287301587301587,1,1,0.306990881458967,0.299531981279251,1,0.5,0.297939778129952,0.313455657492355,0.311926605504587,0.690880989180835,1,0.281889763779528,1,0.43171114599686,0.297674418604651,0,0.87062404870624,0.30503144654088,0.298299845440495,0,0.0325077399380805,0.98,0.301391035548686,1,0.297507788161994,0.3008,1,0.308641975308642,0.306962025316456,0.682027649769585,1,0.306729264475743,0.309006211180124,1,0.300462249614792,0.286392405063291,1,0.347286821705426,0.296998420221169,0.302936630602782,0.318952234206472,0.786707882534776,1,0.9796875,1,1,0.0015748031496063,1,0.992272024729521,1,0.442040185471406,0.9968,0.296686746987952,0.992354740061162,0.313479623824451,0.995334370139969,0.618098159509202,0.643730886850153,0.3,0.305471124620061,0.654907975460123,0.304140127388535,0,0.636222910216718,0.691588785046729,0.307110438729198,0.00152439024390244,0.292379471228616,0.297674418604651,0.777251184834123,0.31441717791411,0.699074074074074,0.614285714285714,0.300925925925926,0.303951367781155,0.287901990811639,1,0.0312035661218425,0,0.30568356374808,0.318181818181818,0.319018404907975,1,0.357142857142857,0.302325581395349,1,0.293846153846154,0.935384615384615,0.582278481012658,1,1,0.991680532445923,0.309230769230769,0.617378048780488,0.303759398496241,0.30016051364366,0.299382716049383,0.437308868501529,1,0.299065420560748,1,0.306089743589744,0.304975922953451,1,0.3088,1,0.314641744548287,1,1,0.30381679389313,0,1,0.311145510835913,1,0.550925925925926,1,0.519319938176198,1,0.550387596899225,1,0.307324840764331,1,1,1,0.296466973886329,0.309262166405024,0.299093655589124,0.333870967741935,0.3504,0.296466973886329,1,0.310725552050473,1,1,0.311526479750779,0.303937007874016,0.307110438729198,0.376160990712074,0.309341500765697,1,1,0.310872894333844,0.312893081761006,0.646322378716745,0.6,0.297839506172839,0.311708860759494,1,0.292758089368259,0.30316742081448,0.995275590551181,0.297427652733119,0.290571870170015,0,0.151285930408472,0.309597523219814,0.693572496263079,0.300155520995334,0.300153139356815,0.60882800608828,0.998452012383901,0.292913385826772,1,0.306278713629403,0.3390625,0.303599374021909,0.463525835866261,0.298761609907121,1,0.311627906976744,0.308661417322835,0.313880126182965,0.697530864197531,1,0.314194577352472,0.303353658536585,0,0.308641975308642,0.998439937597504,0.948916408668731,1,0.297674418604651,0.312693498452012,0.309748427672956,0.599078341013825,1,0.595846645367412,0.312302839116719,1,1,0.963358778625954,0.693270735524257,0.314900153609831,0.346687211093991,0.311178247734139,0.302290076335878,1,1,0.532695374800638,0.649612403100775,1,1,0.998461538461539,0.705882352941177,1,0.310975609756098,0.690363349131122,1,0.306525037936267,0.294117647058824,0.304212168486739,0.996960486322188,1,0.664526484751204,0.308049535603715,1,1,0.315301391035549,0.300153139356815,0.998454404945904,0,0.300157977883096,0.298600311041991,0.00786163522012579,0.301515151515152,1,0.299050632911392,1,0.154083204930663,0,0.904400606980273,0.316358024691358,1,1,0,0.00153139356814701,0.312307692307692,1,0.3024,0.996974281391831,0.290880503144654,1,0.998405103668262,0.957878315132605,0.769585253456221,1,1,0.00614439324116743,1,0.532591414944356,0.316279069767442,0.687022900763359,0.310769230769231,1,0.285266457680251,0.6875,1,1,0.300314465408805,0.633484162895928,0.312210200927357,0.601226993865031,0.971698113207547,0.314465408805031,0.612752721617418,0.015527950310559,0.300155520995334,0.304147465437788,0.302891933028919,1,0.65158371040724,0.290030211480363,0.879936808846761,0.601275917065391,0.966616084977238,1,1,0.295133437990581,0.317384370015949,0.287539936102236,0.29595015576324,0.303030303030303,0.62202380952381,0.29618320610687,0,0.69047619047619,0.998444790046656,0.316358024691358,0.294585987261146,0.3,0.306278713629403,0.621538461538461,1,0.317629179331307,0.318611987381703,0.314873417721519,0.300155520995334,0.299382716049383,0.301242236024845,0.206373292867982,0.691455696202532,0.310664605873261,0.608895705521472,1,0.248833592534992,0.302325581395349,0.913928012519562,1,1,0.298003072196621,0.650306748466258,1,0.302752293577982,0.288643533123028,0.95260663507109,1,1,0.9968,0.307219662058372,1,1,0.897637795275591,1,0.337349397590361,1,0.600961538461538,1,0.687789799072643,0.29264475743349,0.613707165109034,1,1,0.992063492063492,0.307926829268293,0.304347826086957,0.30952380952381,0.306976744186047,0.306836248012719,0.306962025316456,0.980830670926518,0.297380585516179,1,1,0.717357910906298,0,0.303076923076923,0.300613496932515,0.692073170731707,1,0.582554517133956,0.311077389984825,0.659305993690852,0.296466973886329,0.306349206349206,1,0.293838862559242,0.306818181818182,0.694888178913738,0.905448717948718,0.309838472834068,0.614779874213837,0.593114241001565,0.307098765432099,0.303656597774245,0.294392523364486,0.605015673981191,0.691358024691358,1,0.884914463452566,1,0.680786686838124,0.996870109546166,0.6015625,0.29984544049459,0.307814992025518,1,1,0.449074074074074,0.992175273865415,0.996904024767802,1,0.30757341576507,0.3078125,1,0.302083333333333,0.697108066971081,0.313291139240506,0.4765625,0.297637795275591,0,0.294573643410853,1,1,0.614551083591331,0.00153846153846154,0.314984709480122,0.305426356589147,0.0926216640502355,0.403225806451613,1,1,0.29984544049459,1,0.425233644859813,1,0.31437125748503,0.598765432098765,0.305900621118012,0.306122448979592,1,0,1,0.293460925039872,0.30625,1,1,1,0.446009389671362,1,0.307210031347962,0.633333333333333,0.312977099236641,0.313195548489666,0.00154320987654321,0.0421875,1,0.6328125,1,0.317484662576687,0.317891373801917,1,1,0.171826625386997,0.293129770992366,1,0.895612708018154,1,0.310185185185185,0.209702660406886,0.688922610015175,1,1,1,1,1,0.27760736196319,0.290322580645161,1,0.123003194888179,0.0015748031496063,0.456923076923077,0,0.311526479750779,1,0.691222570532915,1,1,0.888379204892966,1,0.693251533742331,1,1,1,1
"127",1,1,1,1,1,1,0.708396946564885,1,1,0.0930232558139535,1,0.0417910447761194,0.810185185185185,1,0.317073170731707,0.308270676691729,0.0596125186289121,0.688575899843505,1,1,0.295180722891566,0.308755760368664,1,0.157037037037037,1,0.327354260089686,0.314024390243902,1,1,0.788432267884323,0.303437967115097,0.734121122599705,0.964017991004498,0.310240963855422,0,1,0.542222222222222,1,0.294032023289665,1,0.666666666666667,0.679640718562874,0.693667157584683,1,1,0.31441717791411,0.30920060331825,0.310751104565538,0.324888226527571,0.325408618127786,0,1,0.312684365781711,1,1,0.499231950844854,0.552352048558422,1,1,1,0.330396475770925,0.314674735249622,0.315868263473054,0.68140243902439,1,1,0.0385185185185185,1,0.0566860465116279,0.319587628865979,1,0.31866464339909,0.319938176197836,0.973684210526316,0.509516837481698,1,0.304023845007452,0.32992700729927,1,0.311912225705329,0.0844854070660522,0.32375189107413,0.33034379671151,1,0.335809806835067,1,1,1,1,0.694152923538231,1,1,0.00148809523809524,0.104166666666667,1,0.0450581395348837,0,1,0.571653543307087,0.67420814479638,1,0.0545454545454545,0.309309309309309,1,0.316109422492401,1,0.690119760479042,1,0.317629179331307,0.319465081723626,0.315007429420505,1,0.321428571428571,1,0.499274310595065,1,0.311844077961019,0.301634472511144,0.327459618208517,0.317073170731707,0.488855869242199,0.998491704374057,0.32258064516129,0.315548780487805,1,0.304154302670623,1,1,0.329305135951662,0.541850220264317,1,0.317220543806647,1,0.0389048991354467,1,0.312965722801788,0.682563338301043,0.32383808095952,0.930197268588771,0.433229813664596,0.0993975903614458,0.0944527736131934,1,1,0.327794561933535,1,0.318443804034582,1,0.800884955752212,1,0.324615384615385,1,1,1,1,0.329268292682927,1,0.314112291350531,0.25408618127786,1,0.311011904761905,1,0.307692307692308,0.0842105263157895,1,0.306427503736921,1,1,1,0.331369661266568,1,0.325190839694657,1,0.305637982195846,1,0.317557251908397,0.0687593423019432,1,0.635528330781011,1,1,0.31651376146789,1,1,1,1,0.32078313253012,0.310650887573964,1,0.998491704374057,0.317365269461078,0.29984544049459,1,0.452773613193403,0.66957787481805,0,0.3202416918429,0.666666666666667,1,0.317436661698957,1,0.998527245949926,1,0.312874251497006,0.325478645066274,0.328725038402458,1,1,1,0,1,0.307575757575758,0.974512743628186,0.325153374233129,0.309559939301973,0.758518518518518,1,1,1,1,1,0.0421052631578947,0.322916666666667,0.328402366863905,1,0.687964338781575,1,1,1,0.998498498498498,1,1,0.00442477876106195,0.316023738872404,1,0.310185185185185,1,0.294469357249626,1,1,1,1,1,0.32370820668693,1,0.513636363636364,0.326315789473684,0.325036603221083,0.312404287901991,0.316341829085457,0.334332833583208,0.417298937784522,0.327407407407407,0.31547619047619,0.308955223880597,1,0.327743902439024,1,0.687224669603524,0.30962962962963,0.309941520467836,0.331825037707391,1,1,1,0.257530120481928,0.312781954887218,1,0.314674735249622,0.326530612244898,0.31437125748503,0.319213313161876,0.682852807283763,1,0.323485967503693,0.318250377073906,1,0.291666666666667,1,0.31424375917768,0.313521545319465,1,1,1,0.543674698795181,1,0.687311178247734,0.0794117647058823,0.322289156626506,1,1,0.0911764705882353,0.317979197622585,0.326836581709145,1,1,0.301914580265096,0.0210526315789474,0.00303490136570561,1,1,0.343567251461988,0.998487140695915,1,0.311669128508124,1,1,0.316341829085457,1,1,1,1,0.3267776096823,0.307132459970888,0.325545171339564,1,1,0.67438494934877,0.31570996978852,1,0.317037037037037,0.298484848484848,1,1,0.998522895125554,1,1,0.324404761904762,1,1,0.105343511450382,0.331369661266568,0.496263079222721,0.302891933028919,0.677177177177177,0.317365269461078,1,0.306278713629403,0.3267776096823,0.248888888888889,0.32396449704142,1,0.326023391812865,1,1,1,0.301659125188537,0.3215859030837,0.998493975903614,0.929121725731895,0.060790273556231,1,0.30849478390462,0.313253012048193,0.308166409861325,1,0.329411764705882,0.470764617691154,0.320417287630402,0.303120356612184,0.314900153609831,0.309774436090226,1,0.322188449848024,1,1,0,1,0.321804511278195,1,1,1,0.330815709969789,1,0.314589665653495,1,0.836795252225519,1,1,1,0.316890881913303,1,1,0.312688821752266,0.310708898944193,1,1,0.312312312312312,0.195230998509687,1,0.998507462686567,1,0,0.31866464339909,1,0.312965722801788,0.246177370030581,1,0.671597633136095,0.433823529411765,1,1,0.678832116788321,0.700906344410876,0.343796711509716,1,0.315151515151515,1,1,0.334848484848485,1,0.998491704374057,0.00745156482861401,0.326836581709145,1,1,0.320493066255778,1,1,0.304878048780488,0.339791356184799,1,1,1,0.524517087667162,0.305847076461769,0.346210995542348,0.317784256559767,0.334834834834835,0.693474962063733,0.321005917159763,0.321804511278195,0.312592592592593,0.242105263157895,0.314984709480122,1,0.320644216691069,0.998480243161094,0.316493313521545,0.0813953488372093,0.0497076023391813,1,1,0.0375375375375375,1,0.68451519536903,0.0421052631578947,0.0105105105105105,1,0.686838124054463,1,1,0.545180722891566,1,0,0.0652173913043478,1,1,1,0.323880597014925,0.646638054363376,0.684782608695652,0.992548435171386,1,0.985185185185185,0.301801801801802,0.343373493975904,1,0.302710843373494,1,0.367069486404834,0.106544901065449,0.307237813884786,0.321114369501466,0.337579617834395,1,0.0719530102790015,1,1,1,0.251479289940828,0.319083969465649,1,0.31969696969697,1,1,0.313235294117647,1,0.321167883211679,1,0.305263157894737,0.321699544764795,1,0.677760968229955,0.321325648414986,1,0.310291858678955,0.759342301943199,0.312316715542522,0.163934426229508,0.322206095791001,0.772455089820359,0.309815950920245,1,0.317507418397626,0.333827893175074,0.288059701492537,1,1,1,0.971036585365854,0.343898573692552,1,0.31441717791411,1,0.319875776397516,0.318713450292398,1,1,1,0.924924924924925,1,0.307352941176471,0.321167883211679,1,1,0.0432766615146832,0.0785498489425982,1,1,0.30521472392638,1,1,0.309774436090226,1,1,0.684684684684685,0.535502958579882,1,0,1,1,0.0945347119645495,0.322289156626506,1,0.316341829085457,0.998477929984779,0.966360856269113,0.998489425981873,0.819940476190476,1,0.324655436447167,1,1,1,0,0.309486780715397,1,1,0.67427701674277,1,0.318796992481203,0.355982274741507,0.315007429420505,1,1,1,0.089311859443631,0.315629742033384,0.0839813374805599,0.998480243161094,0.310294117647059,0.309838472834068,0.352765321375187,0,1,0.959821428571429,1,1,0.324812030075188,0.30307467057101,0.166917293233083,0.0393343419062027,0.321752265861027,0.315007429420505,0.324444444444444,0.00151515151515152,0.312775330396476,1,0,0.315555555555556,1,1,1,0.317910447761194,0.323572474377745,0.0356037151702786,1,0.31437125748503,0.307462686567164,1,1,0.31547619047619,0.696456086286595,1,1,0.695324283559578,1,0.310294117647059,1,0.316187594553706,0.532738095238095,0.673559822747415,0.406203840472674,1,0.292753623188406,0.311572700296736,0.679049034175334,0.670553935860058,1,0.322962962962963,1,0.321167883211679,1,0.322137404580153,0.302611367127496,0.349397590361446,0.521674140508221,0.317901234567901,0.311550151975684,0.671686746987952,0.316100443131462,0.155038759689922,1,0,1,0.298003072196621,1,0,0.322869955156951,0.324200913242009,1,0.0571428571428571,1,0.0835866261398176,0.336874051593323,1,0.0625931445603577,0.673590504451039,1,1,1,0.310236220472441,0.039647577092511,1,0.428571428571429,0.0920245398773006,0.352855051244509,0.323442136498516,0.3215859030837,1,1,1,1,1,0.0611353711790393,0.997054491899853,0.686567164179104,0.00431034482758621,0.319648093841642,1,1,1,1,0.0807174887892377,0.316493313521545,1,1,1,1,1,1,0.495562130177515,0.00152905198776758,1,0.0778267254038179,0.319402985074627,0.443946188340807,1,0.392307692307692,0.306027820710974,0.308270676691729,1,0.037147102526003,0.313521545319465,1,1,0.36906584992343,0.306666666666667,0.314199395770393,0.308396946564885,0.998505231689088,0.32258064516129,0.318518518518519,0.408132530120482,0.314842578710645,0.977678571428571,0.316100443131462,0.0782208588957055,0.322869955156951,0,1,0.0840978593272171,0.305597579425113,0.319634703196347,0.318112633181126,1,1,1,1,1,1,0.32824427480916,1,0.312312312312312,0.313291139240506,0.609281437125748,0.680722891566265,1,1,0,0.312408759124088,0.117910447761194,0.998561151079137,0.0346907993966818,1,1,0.313636363636364,1,1,0.632218844984802,0.417701863354037,0.997122302158273,0.0766871165644172,0.0966257668711656,1,1,1,0.0833333333333333,0,0.315634218289086,0.42530487804878,0.312684365781711,0,0.32824427480916,0.0825688073394495,1,1,0.320117474302496,0.316493313521545,0.240487062404871,0.333839150227618,0.314410480349345,0.31314623338257,1,1,0.323664122137405,1,0,1,0.2178517397882,1,0.68215892053973,1,0.311475409836066,0.308282208588957,0.0737463126843658,0.683035714285714,1,1,0.793984962406015,0.896551724137931,0.317073170731707,0.312977099236641,1,0.31306990881459,0.254545454545455,0.321372854914197,1,0.100299401197605,1,1,0.317771084337349,0.685975609756098,0.308282208588957,1,1,0.308139534883721,0.310344827586207,0.323529411764706,0.86,0.313846153846154,1,0.0549777117384844,1,1,0.704647676161919,0.657142857142857,0.327102803738318,0.0511278195488722,0.330804248861912,1,1,0.307110438729198,0.324242424242424,0.614243323442137,1,0.313988095238095,0.369436201780415,0.312035661218425,0.985250737463127,0.478063540090772,0.00447093889716841,0.297496318114875,0.319767441860465,0.327794561933535,0.319508448540707,0.319767441860465,0.973490427098675,1,0.315007429420505,0.551083591331269,0.677914110429448,0.232937685459941,0.687306501547988,1,0.323922734026746,0.00303030303030303,0.328358208955224,0.309063893016345,0.365527488855869,0.3202416918429,0,0.329881656804734,0.317901234567901,0.32469512195122,0.311746987951807
"128",1,1,1,1,1,1,0.7109375,1,1,0.100946372239748,1,0.0485584218512898,0.806153846153846,1,0.313084112149533,0.299546142208775,0.0670731707317073,0.69435736677116,1,1,0.282843894899536,0.307931570762053,1,0.164652567975831,1,0.323170731707317,0.313664596273292,1,1,0.789147286821705,0.304675716440422,0.724397590361446,0.959028831562974,0.304675716440422,0,1,0.542296072507553,1,0.301775147928994,1,0.672333848531685,0.689759036144578,0.704097116843703,1,1,0.313971742543171,0.309559939301973,0.304347826086957,0.31981981981982,0.322822822822823,0,1,0.312217194570136,1,1,0.501567398119122,0.564541213063764,1,1,1,0.322775263951735,0.315384615384615,0.3125,0.689230769230769,1,1,0.0431432973805855,1,0.0589970501474926,0.310911808669656,1,0.309090909090909,0.318110236220472,0.967238689547582,0.519938650306748,1,0.30316742081448,0.325301204819277,1,0.311216429699842,0.0887480190174326,0.321044546850998,0.327217125382263,1,0.330316742081448,1,1,1,1,0.691729323308271,1,1,0.00152439024390244,0.107088989441931,1,0.0508982035928144,0,1,0.570754716981132,0.684782608695652,1,0.0565749235474006,0.306184012066365,1,0.307453416149068,1,0.685714285714286,1,0.310769230769231,0.311278195488722,0.30688622754491,1,0.319571865443425,1,0.491754122938531,1,0.302290076335878,0.29618320610687,0.317910447761194,0.311248073959938,0.483383685800604,0.998487140695915,0.310708898944193,0.303405572755418,1,0.297297297297297,1,1,0.327769347496206,0.553571428571429,1,0.312024353120244,1,0.0474777448071217,1,0.30952380952381,0.681749622926094,0.320668693009119,0.930408472012103,0.424483306836248,0.102290076335878,0.0965309200603318,1,1,0.323795180722892,1,0.312130177514793,1,0.798484848484848,1,0.315047021943574,1,1,1,1,0.325153374233129,1,0.317972350230415,0.258698940998487,1,0.304675716440422,1,0.293577981651376,0.086286594761171,1,0.306153846153846,1,1,1,0.322775263951735,1,0.322239031770045,1,0.293674698795181,1,0.313846153846154,0.0749625187406297,1,0.63849765258216,1,1,0.308282208588957,1,1,1,1,0.315950920245399,0.305722891566265,1,0.998475609756098,0.312965722801788,0.300623052959502,1,0.449165402124431,0.669603524229075,0,0.314199395770393,0.683409436834094,1,0.314456035767511,1,0.998509687034277,1,0.314984709480122,0.307807807807808,0.321928460342146,1,1,1,0,1,0.305295950155763,0.969604863221885,0.321483771251932,0.300613496932515,0.754573170731707,1,1,1,1,1,0.0473282442748092,0.3109375,0.313253012048193,1,0.688622754491018,1,1,0.998452012383901,0.998484848484849,1,1,0.00453172205438067,0.323353293413174,1,0.300623052959502,1,0.297709923664122,1,1,1,1,1,0.317972350230415,1,0.496147919876733,0.32,0.32078313253012,0.308755760368664,0.31839258114374,0.326656394453005,0.412225705329154,0.327692307692308,0.307575757575758,0.306278713629403,1,0.310975609756098,1,0.687218045112782,0.309707241910632,0.316265060240964,0.331288343558282,1,1,1,0.263719512195122,0.306184012066365,1,0.311827956989247,0.319758672699849,0.299694189602446,0.314199395770393,0.688650306748466,1,0.311746987951807,0.306853582554517,1,0.290571870170015,1,0.30316742081448,0.304747320061256,1,1,1,0.546153846153846,1,0.69218989280245,0.0816023738872404,0.314984709480122,1,1,0.0989505247376312,0.313813813813814,0.317829457364341,1,1,0.29483282674772,0.0288753799392097,0.00306748466257669,1,1,0.327917282127031,0.998466257668712,1,0.311178247734139,1,1,0.312024353120244,1,1,1,1,0.32312404287902,0.304606240713224,0.317460317460317,1,1,0.676691729323308,0.320433436532508,1,0.312406576980568,0.299079754601227,1,1,0.998484848484849,1,1,0.323076923076923,1,1,0.110939907550077,0.325301204819277,0.495341614906832,0.306853582554517,0.676425269645609,0.31508875739645,1,0.306060606060606,0.325757575757576,0.264179104477612,0.314285714285714,1,0.324483775811209,1,1,1,0.309923664122137,0.314285714285714,0.998470948012232,0.922834645669291,0.0659509202453988,1,0.305936073059361,0.3125,0.303875968992248,1,0.32185628742515,0.482388973966309,0.319083969465649,0.307575757575758,0.305511811023622,0.30640243902439,1,0.319314641744548,1,1,0,1,0.31201248049922,1,1,1,0.320373250388802,1,0.313846153846154,1,0.829787234042553,1,1,1,0.305722891566265,1,1,0.312121212121212,0.305471124620061,1,1,0.313546423135464,0.191265060240964,1,0.998475609756098,1,0,0.309119010819165,1,0.312594840667678,0.244239631336406,1,0.682442748091603,0.438152011922504,1,1,0.686390532544379,0.708527131782946,0.341013824884793,1,0.313546423135464,1,1,0.325227963525836,1,0.998442367601246,0.00916030534351145,0.319508448540707,1,1,0.323619631901841,1,1,0.311728395061728,0.333333333333333,1,1,1,0.525037936267071,0.306060606060606,0.335433070866142,0.310192023633678,0.325190839694657,0.700305810397553,0.318318318318318,0.320061255742726,0.319571865443425,0.24390243902439,0.308892355694228,1,0.3202416918429,0.998487140695915,0.311844077961019,0.0835820895522388,0.0572289156626506,1,1,0.0414110429447853,1,0.691394658753709,0.0486322188449848,0.0121580547112462,1,0.685496183206107,1,1,0.547286821705426,1,0,0.0751173708920188,1,1,1,0.322884012539185,0.654970760233918,0.695652173913043,0.994029850746269,1,0.983483483483483,0.29601226993865,0.339477726574501,1,0.298299845440495,1,0.363774733637747,0.105754276827372,0.29803328290469,0.313521545319465,0.325769854132901,1,0.0804769001490313,1,1,1,0.262443438914027,0.31651376146789,1,0.320493066255778,1,1,0.303303303303303,1,0.317507418397626,1,0.310664605873261,0.313364055299539,1,0.682098765432099,0.311764705882353,1,0.302325581395349,0.759878419452888,0.317507418397626,0.162861491628615,0.315007429420505,0.76103500761035,0.305810397553517,1,0.320182094081942,0.328828828828829,0.288519637462236,1,1,1,0.965354330708661,0.343260188087774,1,0.321592649310873,1,0.317460317460317,0.314285714285714,1,1,1,0.919254658385093,1,0.306184012066365,0.31437125748503,1,1,0.0505359877488515,0.0785824345146379,1,1,0.307098765432099,1,1,0.31733746130031,1,1,0.682852807283763,0.536512667660209,1,0,1,1,0.0990990990990991,0.322188449848024,1,0.319277108433735,0.998459167950693,0.96,0.998484848484849,0.82406015037594,1,0.318611987381703,1,1,1,0,0.312401883830455,1,1,0.67687595712098,1,0.31441717791411,0.357575757575758,0.31859756097561,1,1,1,0.09375,0.31832298136646,0.0916149068322981,0.998447204968944,0.305597579425113,0.304932735426009,0.353474320241692,0,1,0.951145038167939,1,1,0.317829457364341,0.295522388059701,0.164383561643836,0.0432098765432099,0.312693498452012,0.302431610942249,0.318181818181818,0.00156739811912226,0.309667673716012,1,0,0.312121212121212,1,1,1,0.308157099697885,0.307004470938897,0.0363924050632911,1,0.308641975308642,0.300751879699248,1,1,0.307110438729198,0.700159489633174,1,1,0.689922480620155,1,0.309309309309309,1,0.312788906009245,0.535127055306427,0.673716012084592,0.403614457831325,1,0.293413173652695,0.310030395136778,0.680365296803653,0.672205438066465,1,0.31547619047619,1,0.321375186846039,1,0.316030534351145,0.309006211180124,0.350769230769231,0.513677811550152,0.307453416149068,0.311349693251534,0.668721109399075,0.318181818181818,0.155309033280507,1,0,1,0.29249617151608,1,0,0.316358024691358,0.313755795981453,1,0.0585651537335286,1,0.0860215053763441,0.336874051593323,1,0.0660522273425499,0.676646706586826,1,1,1,0.305863708399366,0.043026706231454,1,0.439024390243902,0.0978260869565217,0.346846846846847,0.320300751879699,0.319880418535127,1,1,1,1,1,0.0665680473372781,0.997014925373134,0.697289156626506,0.00436681222707424,0.318112633181126,1,1,1,1,0.0858895705521472,0.309063893016345,1,1,1,1,1,1,0.482861400894188,0.00156494522691706,1,0.0887218045112782,0.315629742033384,0.432721712538226,1,0.392248062015504,0.302250803858521,0.308396946564885,1,0.0440729483282675,0.317700453857791,1,1,0.364341085271318,0.307922272047833,0.307926829268293,0.317262830482115,0.998489425981873,0.321592649310873,0.312688821752266,0.419106317411402,0.315950920245399,0.968609865470852,0.314623338257016,0.0830769230769231,0.318529862174579,0,1,0.0880989180834621,0.303265940902022,0.31306990881459,0.302003081664099,1,1,1,1,1,1,0.325,1,0.310502283105023,0.312297734627832,0.606980273141123,0.690292758089368,1,1,0,0.310911808669656,0.123287671232877,0.99851411589896,0.0412213740458015,1,1,0.306501547987616,1,1,0.627725856697819,0.411023622047244,0.998550724637681,0.0793157076205288,0.100308641975309,1,1,1,0.087962962962963,0,0.307110438729198,0.422664624808576,0.305514157973174,0,0.324074074074074,0.0874233128834356,1,1,0.312688821752266,0.313636363636364,0.23969465648855,0.326530612244898,0.308035714285714,0.315396113602392,1,1,0.322085889570552,1,0,1,0.230652503793627,1,0.67737003058104,1,0.303030303030303,0.296411856474259,0.0755287009063444,0.689450222882615,1,1,0.797564687975647,0.904238618524333,0.317683881064163,0.307936507936508,1,0.313546423135464,0.262751159196291,0.315217391304348,1,0.105022831050228,1,1,0.318112633181126,0.680314960629921,0.301538461538462,1,1,0.298484848484848,0.302114803625378,0.313813813813814,0.851162790697674,0.309597523219814,1,0.0576631259484067,1,1,0.701357466063348,0.654743390357698,0.3125,0.0542986425339367,0.3125,1,1,0.30781010719755,0.321981424148607,0.629909365558912,1,0.301349325337331,0.367223065250379,0.303951367781155,0.988077496274218,0.477657935285054,0.00449101796407186,0.30381679389313,0.316642120765832,0.322932917316693,0.311424100156495,0.310948905109489,0.96865671641791,1,0.310030395136778,0.559055118110236,0.696124031007752,0.239757207890744,0.69377990430622,1,0.317220543806647,0.00153374233128834,0.325153374233129,0.311178247734139,0.361481481481481,0.311728395061728,0,0.33030303030303,0.306060606060606,0.316846986089645,0.308734939759036
"129",0.337042925278219,0.327160493827161,0.333333333333333,0.321656050955414,0.31875,0.330188679245283,0.607085346215781,0.330128205128205,0.342146189735614,0.780448717948718,0.341049382716049,0.724299065420561,0.129485179407176,0.32182103610675,0.375987361769352,0.374805598755832,0.752721617418352,0.63768115942029,0.330696202531646,0.333850931677019,0.384735202492212,0.364928909952607,0.331297709923664,0.849612403100775,0.342549923195084,0.351735015772871,0.3632,0.335473515248796,0.348297213622291,0.170926517571885,0.384853168469861,0.160741885625966,0.29922480620155,0.375786163522013,0.677830940988836,0.330097087378641,0.78716744913928,0.309006211180124,0.375757575757576,0.342679127725857,0.649921507064364,0.628705148205928,0.635528330781011,0.313195548489666,0.319685039370079,0.369426751592357,0.379471228615863,0.366564417177914,0.362229102167183,0.362790697674419,0.675425038639876,0.315541601255887,0.377125193199382,0.33179012345679,0.3328173374613,0.189655172413793,0.770932069510269,0.326465927099842,0.347962382445141,0.332802547770701,0.351766513056836,0.365325077399381,0.374407582938389,0.651090342679128,0.334410339256866,0.33125,0.707278481012658,0.321086261980831,0.748475609756098,0.351851851851852,0.32469512195122,0.367851622874807,0.367047308319739,0.368760064412238,0.819032761310452,0.329770992366412,0.369230769230769,0.353941267387944,0.323262839879154,0.354838709677419,0.776872964169381,0.369668246445498,0.3625,0.336990595611285,0.347417840375587,0.331818181818182,0.331768388106416,0.329153605015674,0.326018808777429,0.628482972136223,0.333870967741935,0.32572298325723,0.669796557120501,0.786377708978328,0.334405144694534,0.723502304147465,0.679127725856698,0.319875776397516,0.763843648208469,0.639423076923077,0.325617283950617,0.748031496062992,0.380585516178737,0.343089430894309,0.361198738170347,0.3390625,0.642301710730949,0.338050314465409,0.362928348909657,0.362928348909657,0.357251908396947,0.347826086956522,0.35981308411215,0.317901234567901,0.847201210287443,0.327245053272451,0.363067292644757,0.980182926829268,0.357910906298003,0.363492063492063,0.856920684292379,0.324534161490683,0.37037037037037,0.365695792880259,0.316923076923077,0.381475667189953,0.329305135951662,0.327769347496206,1,0.617246596066566,0.3168,0.367924528301887,0.330188679245283,0.723308270676692,0.314285714285714,0.362095531587057,0.651908396946565,0.36547433903577,0.250393700787402,0.497584541062802,0.7824,0.784929356357928,0.324960753532182,0.330658105939005,0.358161648177496,0.33489827856025,0.358461538461538,0.339622641509434,0.146379044684129,0.339939024390244,0.371150729335494,0.325984251968504,0.332273449920509,0.329052969502408,0.3312,0.335463258785943,0.330721003134796,0.347551342812006,0.932411674347158,0.332807570977918,0.376744186046512,0.334869431643625,0.390894819466248,0.776337115072934,0.321086261980831,0.360189573459716,0.338028169014085,0.34,0.332288401253919,0.352760736196319,0.335443037974684,0.363067292644757,0.328548644338118,0.356037151702786,0.32569558101473,0.352,0.761978361669243,0.332288401253919,0.688311688311688,0.31637519872814,0.338557993730408,0.371610845295056,0.331782945736434,0.34,0.330232558139535,0.3328173374613,0.36875,0.38,0.325949367088608,0.318252730109204,0.362068965517241,0.379807692307692,0.322033898305085,0.88062015503876,0.649175412293853,0.662015503875969,0.35423197492163,0.647335423197492,0.328703703703704,0.367378048780488,0.343548387096774,0.331804281345566,0.329704510108865,0.373846153846154,0.382126348228043,0.357371794871795,0.331288343558282,0.335483870967742,0.325617283950617,0.680379746835443,0.329635499207607,0.377179080824089,0.311216429699842,0.354788069073783,0.360374414976599,0.579527559055118,0.325358851674641,0.322775263951735,0.31924882629108,0.333333333333333,0.32753164556962,0.726134585289515,0.35828025477707,0.370942812982998,0.331269349845201,0.63944530046225,0.33026113671275,0.331804281345566,0.336477987421384,0.318885448916409,0.337007874015748,0.324773413897281,0.660436137071651,0.996908809891808,0.34,0.364069952305246,0.321766561514196,0.361801242236025,0.329738058551618,0.323943661971831,0.334379905808477,0.318541996830428,0.3312,0.343307086614173,0.327586206896552,0.149206349206349,0.3536,0.361370716510903,0.367670364500792,0.360374414976599,0.363494539781591,0.477987421383648,0.357927786499215,0.351309707241911,0.35625,0.347560975609756,0.349922239502333,0.325281803542673,0.634146341463415,0.362637362637363,0.983282674772036,0.365203761755486,0.331730769230769,0.317683881064163,0.326687116564417,0.946287519747235,0.377125193199382,0.332288401253919,0.355661881977671,0.36405529953917,0.365203761755486,0.365891472868217,0.635071090047393,0.32967032967033,0.361408882082695,0.370486656200942,0.325,0.373590982286634,0.338957055214724,0.367851622874807,0.379527559055118,0.322932917316693,0.325242718446602,0.339035769828927,0.796557120500782,0.323854660347551,0.631578947368421,0.776934749620637,0.351910828025478,0.335403726708075,0.324881141045959,0.784496124031008,0.363354037267081,0.37156704361874,0.336012861736334,0.322274881516588,0.366306027820711,0.701095461658842,0.667197452229299,0.34009360374415,0.324921135646688,0.36055469953775,0.33122028526149,0.336842105263158,0.368012422360248,0.337060702875399,0.334365325077399,0.364471669218989,0.333858267716535,0.332805071315372,0.327613104524181,0.322429906542056,0.365354330708661,0.372340425531915,0.374203821656051,0.327014218009479,0.338632750397456,0.640866873065015,0.356807511737089,0.32484076433121,0.367851622874807,0.384615384615385,0.33953488372093,0.315870570107858,0.330781010719755,0.331259720062208,0.329192546583851,0.3671875,0.329704510108865,0.341692789968652,0.78743961352657,0.364471669218989,0.534591194968553,0.383775351014041,0.630503144654088,0.366003062787136,0.321212121212121,0.368670886075949,0.365777080062794,0.950844854070661,0.371340523882897,0.335974643423138,0.372163388804841,0.338050314465409,0.330246913580247,0.32,0.373608903020668,0.37442218798151,0.335403726708075,0.250403877221325,0.745682888540031,0.346092503987241,0.3703125,0.372168284789644,0.3552,0.326366559485531,0.356037151702786,0.85981308411215,0.352484472049689,0.360808709175739,0.364077669902913,0.37007874015748,0.327160493827161,0.363779527559055,0.317589576547231,0.338509316770186,0.67879746835443,0.334920634920635,0.367507886435331,0.336990595611285,0.317972350230415,0.323809523809524,0.360890302066773,0.33026113671275,0.3552,0.338414634146341,0.160493827160494,0.345425867507886,0.339171974522293,0.311248073959938,0.377742946708464,0.322429906542056,0.333333333333333,0.367029548989114,0.365777080062794,0.328149300155521,0.331782945736434,0.361769352290679,0.888372093023256,0.333860759493671,0.33693972179289,0.317411402157165,0.66306027820711,0.36984126984127,0.32741935483871,0.358346094946401,0.949685534591195,0.343499197431782,0.633846153846154,0.239757207890744,0.318471337579618,0.325471698113208,0.638680659670165,0.614533965244866,0.343260188087774,0.3328125,0.362776025236593,0.330173775671406,0.321428571428571,0.36650868878357,0.332298136645963,0.339116719242902,0.687888198757764,0.353407290015848,0.3296875,0.315047021943574,0.363779527559055,0.335403726708075,0.32753164556962,0.370662460567823,0.972179289026275,0.325,0.311827956989247,0.321766561514196,0.153846153846154,0.374213836477987,0.40809968847352,0.370870870870871,0.370542635658915,0.641065830721003,0.35375191424196,0.356576862123613,0.371165644171779,0.938388625592417,0.368336025848142,0.339939024390244,0.371913580246914,0.321766561514196,0.3765625,0.768421052631579,0.71937984496124,0.341500765696784,0.335889570552147,0.724727838258165,0.328050713153724,0.642638036809816,0.725274725274725,0.685534591194969,0.32093023255814,0.628304821150855,0.33695652173913,0.327666151468315,0.616719242902208,0.329173166926677,0.667192429022082,0.774603174603175,0.329652996845426,0.332824427480916,0.346153846153846,0.36031746031746,0.662704309063893,0.620915032679739,0.347286821705426,0.31875,0.292452830188679,0.384735202492212,0.974842767295597,0.326656394453005,0.36724960254372,0.329738058551618,0.307936507936508,0.781446540880503,0.375766871165644,0.361408882082695,0.364842454394693,0.332819722650231,0.763076923076923,0.341013824884793,0.317965023847377,0.323854660347551,0.949479940564636,0.34913112164297,0.342723004694836,0.370839936608558,0.334959349593496,0.330143540669856,0.37037037037037,0.325949367088608,0.382621951219512,0.341732283464567,0.378125,0.363636363636364,0.330745341614907,0.641390205371248,0.362670713201821,0.327639751552795,0.369085173501577,0.209876543209877,0.386706948640483,0.853125,0.355725190839695,0.169303797468354,0.379746835443038,0.331230283911672,0.371294851794072,0.355182926829268,0.398773006134969,0.3421875,0.335473515248796,0.332822085889571,0.282679738562091,0.970540098199673,0.329230769230769,0.353420195439739,0.31378763866878,0.376835236541599,0.359447004608295,0.317901234567901,0.330708661417323,0.321156773211568,0.245341614906832,0.324116743471582,0.375384615384615,0.381026438569207,0.318252730109204,0.321316614420063,0.748792270531401,0.763578274760383,0.332283464566929,0.314873417721519,0.375586854460094,0.344667697063369,0.339908952959029,0.366929133858268,0.34094616639478,0.324492979719189,0.636650868878357,0.802147239263804,0.325545171339564,0.669172932330827,0.334379905808477,0.33953488372093,0.767584097859327,0.36547433903577,0.324921135646688,0.350157728706625,0.329652996845426,0.298412698412698,0.346394984326019,0.152671755725191,0.330721003134796,0.36525974025974,0.32182103610675,0.329113924050633,0.326892109500805,0.668217054263566,0.374392220421394,0.322632423756019,0.323170731707317,0.644094488188976,0.327692307692308,0.360501567398119,0.317484662576687,0.372056514913658,0.334883720930233,0.328638497652582,0.341194968553459,0.779299847792998,0.351735015772871,0.767366720516963,0.320126782884311,0.384496124031008,0.373643410852713,0.330203442879499,0.683464566929134,0.329211746522411,0.272161741835148,0.325115562403698,0.341158059467919,0.354430379746835,0.373111782477341,0.85243328100471,0.724299065420561,0.382352941176471,0.373228346456693,0.358461538461538,0.668810289389068,0.362654320987654,0.321646341463415,0.667706708268331,0.361408882082695,0.327073552425665,0.329173166926677,0.314553990610329,0.366818873668189,0.366412213740458,0.724193548387097,0.322932917316693,0.388888888888889,0.379471228615863,0.337962962962963,0.341121495327103,0.37173579109063,0.623778501628665,0.325434439178515,0.333860759493671,0.644094488188976,0.328703703703704,0.392694063926941,0.340729001584786,0.362790697674419,0.811145510835913,0.644067796610169,0.478851963746224,0.329230769230769,0.367223065250379,0.376766091051805,0.62015503875969,0.653188180404355,0.323029366306028,0.366153846153846,0.325320512820513,0.35474006116208,0.3312,0.359621451104101,0.384737678855326,0.32967032967033,0.585023400936037,0.365814696485623,0.372854914196568,0.653125,0.367692307692308,0.842787682333874,0.324324324324324,0.683153013910355,0.3359375,0.374603174603175,0.333860759493671,0.689763779527559,0.374407582938389,0.368088467614534,0.337042925278219,0.743939393939394,0.328746177370031,0.78003120124805,0.338050314465409,0.309375,0.743348982785602,0.658227848101266,0.326086956521739,0.322884012539185,0.319018404907975,0.37620578778135,0.724191063174114,0.329133858267717,0.265940902021773,0.774244833068362,0.328173374613003,0.37111801242236,0.359133126934985,0.327613104524181,0.307448494453249,0.339652448657188,0.324615384615385,0.327102803738318,0.748466257668712,0.345509893455099,0.631007751937985,0.66965620328849,0.374223602484472,0.323943661971831,0.345483359746434,0.332792207792208,0.325153374233129,0.765069551777434,0.374429223744292,0.312307692307692,0.324881141045959,0.328478964401294,0.339144215530903,0.333848531684699,0.343354430379747,0.841538461538462,0.696,0.323390894819466,0.768273716951788,0.3734375,0.911901081916538,0.333333333333333,0.299212598425197,0.391803278688525,0.376160990712074,0.340157480314961,0.72884012539185,0.362928348909657,0.318885448916409,0.345368916797488,0.309294871794872,0.360248447204969,0.37597503900156,0.379032258064516,0.314814814814815,0.382775119617225,0.37962962962963,0.468553459119497,0.376602564102564,0.292682926829268,0.368975903614458,0.767515923566879,0.366771159874608,0.677914110429448,0.335453100158982,0.760252365930599,0.36650868878357,0.381619937694704,0.376766091051805,0.324574961360124,0.318181818181818,0.332263242375602,0.340062111801242,0.323671497584541,0.322274881516588,0.348242811501597,0.337962962962963,0.380877742946708,0.360655737704918,0.570552147239264,0.624203821656051,0.337480559875583,0.335403726708075,0.674382716049383,0.375379939209726,0.797822706065319,0.318181818181818,0.716981132075472,0.340222575516693,0.33015873015873,0.357927786499215,0.332805071315372,0.320785597381342,0.662939297124601,0.46839546191248,0.338830584707646,0.770700636942675,0.788461538461538,0.3328173374613,0.314785373608903,0.335394126738794,0.771028037383178,0.665094339622642,0.363496932515337,0.254716981132075,0.373292867981791,0.683153013910355,0.364649681528662,0.764240506329114,0.326594090202177,0.335483870967742,0.371913580246914,0.368258859784284,0.942675159235669,0.356340288924559,0.372519083969466,0.358814352574103,0.332283464566929,0.334883720930233,0.363924050632911,0.338414634146341,0.670295489891135,0.330708661417323,0.919937205651491,0.338095238095238,0.636222910216718,0.326717557251908,0.359621451104101,0.357827476038339,0.758190327613105,0.642748091603053,0.32753164556962,0.327014218009479,0.533858267716535,0.430622009569378,0.362776025236593,0.369529983792545,0.334375,0.360629921259843,0.9578125,0.36724960254372,0.335854765506808,0.77639751552795,0.340729001584786,0.335443037974684,0.360501567398119,0.618892508143323,0.358851674641148,0.332258064516129,0.325358851674641,0.36734693877551,0.372670807453416,0.36979969183359,0.452950558213716,0.358161648177496,0.338028169014085,0.737984496124031,0.322784810126582,0.329011345218801,0.633647798742138,0.677672955974843,0.363192182410423,0.738170347003155,0.358161648177496,0.325949367088608,0.313001605136437,0.36734693877551,0.348101265822785,0.688172043010753,0.325545171339564,0.36986301369863,0.486780715396579,0.380281690140845,0.355957767722474,0.855784469096672,0.676145339652449,0.369734789391576,0.364188163884674,0.366197183098592,0.373205741626794,0.362519201228879,0.359756097560976,0.342105263157895,0.367601246105919,0.773828756058158,0.637931034482759,0.929012345679012,0.639344262295082,0.317034700315457,0.345736434108527,0.682034976152623,0.345794392523364,0.365777080062794,0.488479262672811,0.364353312302839,0.679012345679012,0.367441860465116,0.383147853736089,0.3504,0.348909657320872
"130",0.534591194968553,0.536321483771252,0.55030487804878,0.550387596899225,0.541856925418569,0.541666666666667,0.2328125,0.555038759689922,0.550834597875569,0.557299843014129,0.541856925418569,0.513761467889908,0.417818740399386,0.544901065449011,0.7782874617737,0.767019667170953,0.529680365296804,0.230519480519481,0.554012345679012,0.53857791225416,0.754573170731707,0.760432766615147,0.554054054054054,0.621212121212121,0.561561561561562,0.766312594840668,0.758620689655172,0.571428571428571,0.557206537890045,0.477519379844961,0.770392749244713,0.461654135338346,0.536253776435045,0.767228177641654,0.452599388379205,0.546603475513428,0.375191424196018,0.540212443095599,0.765486725663717,0.537065052950076,0.236111111111111,0.218461538461538,0.243283582089552,0.541213063763608,0.544740973312402,0.764615384615385,0.761904761904762,0.753383458646616,0.761760242792109,0.768882175226586,0.458966565349544,0.562403697996918,0.775112443778111,0.550077041602465,0.547256097560976,0.591836734693878,0.359013867488444,0.55045871559633,0.562883435582822,0.562596599690881,0.760968229954614,0.773148148148148,0.768875192604006,0.254658385093168,0.551020408163265,0.557575757575758,0.516923076923077,0.557632398753894,0.527245949926362,0.756390977443609,0.542168674698795,0.768181818181818,0.764797507788162,0.508500772797527,0.394126738794436,0.548148148148148,0.767019667170953,0.762481089258699,0.554054054054054,0.7640625,0.566037735849057,0.774539877300613,0.774885145482389,0.561538461538462,0.765601217656012,0.538575667655786,0.549467275494673,0.548780487804878,0.540247678018576,0.231354642313546,0.555209953343701,0.551470588235294,0.463636363636364,0.574730354391371,0.540123456790123,0.518628912071535,0.451908396946565,0.544764795144158,0.368992248062016,0.244929797191888,0.54601226993865,0.515432098765432,0.784073506891271,0.549206349206349,0.76793893129771,0.554012345679012,0.246969696969697,0.559505409582689,0.758725341426404,0.764885496183206,0.757207890743551,0.545871559633027,0.767477203647416,0.549167927382753,0.445112781954887,0.541543026706231,0.759146341463415,0.614220877458396,0.761904761904762,0.764341085271318,0.444615384615385,0.536098310291859,0.774289985052317,0.75705329153605,0.55521472392638,0.765506807866868,0.541850220264317,0.553571428571429,0.617246596066566,1,0.545741324921136,0.76840490797546,0.561430793157076,0.498507462686567,0.554502369668246,0.759398496240602,0.247747747747748,0.774583963691377,0.466049382716049,0.915335463258786,0.567651632970451,0.573394495412844,0.543511450381679,0.549689440993789,0.765069551777434,0.540458015267176,0.75748502994012,0.541284403669725,0.412746585735964,0.559701492537313,0.782677165354331,0.543913713405239,0.551401869158878,0.551459293394777,0.545878693623639,0.754946727549467,0.547400611620795,0.754276827371695,0.654600301659125,0.546546546546547,0.769230769230769,0.552592592592593,0.766871165644172,0.549689440993789,0.549689440993789,0.759316770186335,0.558778625954198,0.546827794561934,0.561349693251534,0.754545454545455,0.568778979907264,0.765069551777434,0.551937984496124,0.754172989377845,0.5328,0.756965944272446,0.526636225266362,0.532208588957055,0.272,0.521943573667712,0.547140649149923,0.770186335403727,0.529411764705882,0.549618320610687,0.547945205479452,0.559815950920245,0.772445820433437,0.762258543833581,0.54953560371517,0.553158705701079,0.76355421686747,0.771739130434783,0.551459293394777,0.471927162367223,0.266961651917404,0.446319018404908,0.755760368663594,0.238239757207891,0.542042042042042,0.766917293233083,0.546165884194053,0.542986425339366,0.543511450381679,0.770061728395062,0.77593984962406,0.764890282131661,0.550074738415546,0.547880690737834,0.544478527607362,0.467692307692308,0.541411042944785,0.768388106416275,0.526315789473684,0.770186335403727,0.754198473282443,0.667682926829268,0.548286604361371,0.547945205479452,0.549770290964778,0.551204819277108,0.539877300613497,0.507668711656442,0.76,0.77557251908397,0.549698795180723,0.24468085106383,0.548048048048048,0.551569506726457,0.554364471669219,0.53587786259542,0.533333333333333,0.55,0.462006079027356,0.602391629297459,0.542424242424242,0.7609375,0.542242703533026,0.754857997010463,0.537993920972644,0.531684698608965,0.525914634146341,0.543613707165109,0.541471048513302,0.746932515337423,0.555052790346908,0.546165884194053,0.758725341426404,0.771771771771772,0.756630265210608,0.750769230769231,0.764341085271318,0.869029275808937,0.767019667170953,0.765432098765432,0.746564885496183,0.561194029850746,0.758725341426404,0.550473186119874,0.227067669172932,0.754250386398764,0.637593984962406,0.779661016949153,0.552795031055901,0.542682926829268,0.541729893778452,0.649390243902439,0.774193548387097,0.542682926829268,0.76056338028169,0.761689291101056,0.756172839506173,0.767019667170953,0.234206471494607,0.537993920972644,0.770029673590504,0.76661514683153,0.551145038167939,0.767550702028081,0.557228915662651,0.757164404223228,0.768049155145929,0.536434108527132,0.551617873651772,0.529770992366412,0.397239263803681,0.555379746835443,0.239329268292683,0.55290611028316,0.762917933130699,0.544776119402985,0.537267080745342,0.558912386706949,0.759512937595129,0.763322884012539,0.555205047318612,0.560490045941807,0.757207890743551,0.473282442748092,0.469040247678019,0.542503863987635,0.553291536050157,0.771641791044776,0.551204819277108,0.541791044776119,0.76390977443609,0.54337899543379,0.533639143730887,0.754172989377845,0.548632218844985,0.550077041602465,0.541856925418569,0.536953242835596,0.765696784073507,0.771641791044776,0.782334384858044,0.536209553158706,0.563076923076923,0.244343891402715,0.758358662613982,0.553125,0.769687964338782,0.770642201834862,0.543964232488823,0.552193645990923,0.534743202416918,0.54531490015361,0.539877300613497,0.766871165644172,0.532608695652174,0.547256097560976,0.562401263823065,0.772247360482655,0.944530046224962,0.763239875389408,0.22360248447205,0.762839879154079,0.556221889055472,0.770061728395062,0.774193548387097,0.65210843373494,0.765601217656012,0.552795031055901,0.778603268945022,0.543913713405239,0.532307692307692,0.544494720965309,0.770542635658915,0.773211567732116,0.550680786686838,0.470774091627172,0.511664074650078,0.542452830188679,0.751145038167939,0.764252696456086,0.7578125,0.551020408163265,0.763993948562784,0.443768996960486,0.771604938271605,0.766975308641975,0.769716088328076,0.763975155279503,0.550989345509893,0.769349845201238,0.541009463722397,0.574500768049155,0.446319018404908,0.540625,0.770290964777948,0.554033485540335,0.537202380952381,0.527386541471048,0.76,0.530827067669173,0.763888888888889,0.54940119760479,0.432267884322679,0.565548780487805,0.555038759689922,0.538922155688623,0.765337423312883,0.543478260869565,0.525502318392581,0.763993948562784,0.759455370650529,0.542424242424242,0.534743202416918,0.760180995475113,0.594594594594595,0.541666666666667,0.561162079510703,0.552036199095023,0.451367781155015,0.775729646697389,0.52418096723869,0.753822629969419,0.635258358662614,0.542553191489362,0.231003039513678,0.644873699851412,0.544461778471139,0.534456355283308,0.241176470588235,0.275914634146341,0.744615384615385,0.549079754601227,0.763523956723339,0.530487804878049,0.536277602523659,0.775351014040562,0.557721139430285,0.555555555555556,0.460587326120556,0.76271186440678,0.558778625954198,0.544615384615385,0.7673343605547,0.53857791225416,0.540540540540541,0.750769230769231,0.570561456752656,0.5375,0.541158536585366,0.557750759878419,0.556923076923077,0.769465648854962,0.802180685358255,0.767751479289941,0.778801843317972,0.248840803709428,0.751131221719457,0.762121212121212,0.769578313253012,0.638719512195122,0.773790951638066,0.555389221556886,0.770614692653673,0.557781201848998,0.761904761904762,0.557548579970105,0.497737556561086,0.545180722891566,0.544629349470499,0.503852080123267,0.550702028081123,0.245801526717557,0.495398773006135,0.474497681607419,0.535060975609756,0.231240428790199,0.546686746987952,0.532407407407407,0.984825493171472,0.557603686635945,0.451612903225806,0.547770700636943,0.540581929555896,0.547904191616767,0.556390977443609,0.769953051643192,0.25904486251809,0.2288,0.560422960725076,0.545871559633027,0.507692307692308,0.776923076923077,0.576864535768645,0.555555555555556,0.761467889908257,0.528700906344411,0.71580547112462,0.5609375,0.766917293233083,0.760416666666667,0.77175697865353,0.548192771084337,0.543154761904762,0.55290611028316,0.537974683544304,0.542813455657492,0.65321375186846,0.763975155279503,0.555209953343701,0.772797527047913,0.54858934169279,0.543171114599686,0.760180995475113,0.548989113530327,0.782544378698225,0.562406015037594,0.769349845201238,0.765069551777434,0.547655068078669,0.234567901234568,0.763392857142857,0.555891238670695,0.7601246105919,0.494720965309201,0.763473053892216,0.620272314674735,0.762962962962963,0.475460122699386,0.759259259259259,0.555209953343701,0.765957446808511,0.770739064856712,0.769115442278861,0.55895865237366,0.554364471669219,0.546827794561934,0.506329113924051,0.574162679425837,0.535060975609756,0.758675078864353,0.538343558282209,0.774960380348653,0.769345238095238,0.552671755725191,0.549770290964778,0.535338345864662,0.447166921898928,0.54434250764526,0.763636363636364,0.780152671755725,0.542424242424242,0.549295774647887,0.530805687203792,0.543343653250774,0.539755351681957,0.541666666666667,0.773846153846154,0.548632218844985,0.543283582089552,0.756880733944954,0.545166402535658,0.543511450381679,0.222222222222222,0.384843982169391,0.54364471669219,0.449253731343284,0.54434250764526,0.552083333333333,0.566066066066066,0.759630200308166,0.53416149068323,0.766214177978884,0.539050535987749,0.510736196319018,0.55177743431221,0.40422322775264,0.548632218844985,0.777952755905512,0.545176110260337,0.553822152886115,0.546995377503852,0.452631578947368,0.761075949367089,0.538102643856921,0.547655068078669,0.227554179566563,0.540909090909091,0.765601217656012,0.724924012158055,0.773211567732116,0.54833836858006,0.556231003039514,0.537267080745342,0.556221889055472,0.759316770186335,0.554347826086957,0.545454545454545,0.765321375186846,0.772932330827068,0.73780487804878,0.448698315467075,0.563271604938272,0.484520123839009,0.550375939849624,0.548872180451128,0.755038759689923,0.752623688155922,0.629230769230769,0.5,0.775914634146341,0.763358778625954,0.758258258258258,0.461778471138846,0.76840490797546,0.549925484351714,0.456488549618321,0.769347496206373,0.559939301972686,0.557251908396947,0.546282245827011,0.766666666666667,0.772932330827068,0.499219968798752,0.546564885496183,0.787925696594427,0.773556231003039,0.563636363636364,0.551515151515152,0.759571209800919,0.227488151658768,0.540752351097179,0.543613707165109,0.245022970903522,0.542042042042042,0.772382397572079,0.555209953343701,0.76793893129771,0.392537313432836,0.230421686746988,0.878923766816143,0.551051051051051,0.748878923766816,0.771689497716895,0.228310502283105,0.230538922155689,0.544901065449011,0.768181818181818,0.5421875,0.773472429210134,0.53582554517134,0.759571209800919,0.770186335403727,0.724924012158055,0.899543378995434,0.761682242990654,0.755832037325039,0.240853658536585,0.768532526475038,0.601246105919003,0.545871559633027,0.453435114503817,0.55690440060698,0.746500777604977,0.545595054095827,0.464339908952959,0.769938650306748,0.760061919504644,0.55054432348367,0.517037037037037,0.562874251497006,0.542056074766355,0.732919254658385,0.53822629969419,0.513097072419106,0.256880733944954,0.53587786259542,0.548632218844985,0.545454545454545,0.764521193092622,0.495508982035928,0.531013615733737,0.66358024691358,0.554531490015361,0.736762481089259,0.769924812030075,0.772382397572079,0.541411042944785,0.537383177570093,0.549079754601227,0.541033434650456,0.534351145038168,0.529325513196481,0.544360902255639,0.245481927710843,0.448680351906158,0.786910197869102,0.544629349470499,0.550077041602465,0.547839506172839,0.544227886056971,0.55,0.762917933130699,0.541729893778452,0.544049459041731,0.561514195583596,0.550925925925926,0.545180722891566,0.540123456790123,0.43202416918429,0.47758887171561,0.552307692307692,0.547511312217195,0.771121351766513,0.496171516079632,0.553516819571865,0.698142414860681,0.78740157480315,0.759146341463415,0.548238897396631,0.505263157894737,0.764264264264264,0.526555386949924,0.541213063763608,0.723004694835681,0.762839879154079,0.766513056835638,0.770206022187005,0.536953242835596,0.782270606531882,0.765243902439024,0.876543209876543,0.767584097859327,0.514970059880239,0.766519823788546,0.547433903576983,0.778963414634146,0.446969696969697,0.542901716068643,0.549382716049383,0.766823161189358,0.765527950310559,0.770542635658915,0.549317147192716,0.542944785276074,0.548136645962733,0.548091603053435,0.548989113530327,0.549382716049383,0.744615384615385,0.538343558282209,0.773899848254932,0.764423076923077,0.889226100151745,0.22848200312989,0.554380664652568,0.540090771558245,0.452887537993921,0.768202080237742,0.581039755351682,0.544117647058823,0.505359877488515,0.552147239263804,0.550314465408805,0.751926040061633,0.554179566563467,0.53484602917342,0.923076923076923,0.87758346581876,0.565789473684211,0.549141965678627,0.552833078101072,0.547945205479452,0.538699690402477,0.535768645357686,0.556748466257669,0.450381679389313,0.76355421686747,0.661490683229814,0.76602086438152,0.444780635400908,0.769470404984424,0.538221528861154,0.551829268292683,0.54531490015361,0.772590361445783,0.76036866359447,0.642857142857143,0.770061728395062,0.77027027027027,0.764795144157815,0.547546012269939,0.551204819277108,0.771251931993818,0.547197640117994,0.460269865067466,0.55177743431221,0.635239567233385,0.54531490015361,0.218512898330804,0.526395173453997,0.754977029096478,0.748043818466354,0.534456355283308,0.239520958083832,0.549467275494673,0.540625,0.336391437308869,0.645468998410175,0.767441860465116,0.768633540372671,0.534638554216867,0.757387247278383,0.637747336377473,0.767441860465116,0.56203288490284,0.567119155354449,0.553323029366306,0.548837209302326,0.752307692307692,0.225196850393701,0.753822629969419,0.540752351097179,0.537867078825348,0.757894736842105,0.765337423312883,0.75699558173785,0.666144200626959,0.761755485893417,0.543511450381679,0.517087667161961,0.569908814589666,0.547318611987382,0.242009132420091,0.287218045112782,0.765354330708661,0.515432098765432,0.760802469135803,0.55045871559633,0.538827258320127,0.757716049382716,0.759630200308166,0.38030303030303,0.543778801843318,0.75187969924812,0.825227963525836,0.767830045523521,0.560240963855422,0.429237947122862,0.44947209653092,0.759090909090909,0.760119940029985,0.772585669781931,0.777251184834123,0.772321428571429,0.52623688155922,0.550151975683891,0.769817073170732,0.34850863422292,0.242283950617284,0.652439024390244,0.248387096774194,0.544753086419753,0.759878419452888,0.458267716535433,0.754518072289157,0.767511177347243,0.833333333333333,0.767692307692308,0.462349397590361,0.773413897280967,0.772727272727273,0.757763975155279,0.758461538461538
"131",1,1,1,1,1,1,0.701149425287356,1,1,0.0907590759075908,1,0.0443037974683544,0.832512315270936,1,0.313213703099511,0.302250803858521,0.062200956937799,0.685092127303183,1,1,0.292880258899676,0.315619967793881,1,0.154340836012862,1,0.32484076433121,0.320261437908497,1,1,0.802610114192496,0.310789049919485,0.740095087163233,0.96984126984127,0.319218241042345,0,1,0.531001589825119,1,0.29874213836478,1,0.666136724960254,0.680445151033386,0.69375,1,1,0.313531353135314,0.315372424722662,0.315625,0.327503974562798,0.337539432176656,0,1,0.312302839116719,1,1,0.507223113964687,0.549918166939444,1,1,1,0.338072669826224,0.323624595469256,0.316558441558442,0.675850891410049,1,1,0.0356564019448947,1,0.0560747663551402,0.320695102685624,1,0.322222222222222,0.327787021630616,0.970345963756178,0.509493670886076,1,0.306122448979592,0.333863275039746,1,0.321666666666667,0.079734219269103,0.323624595469256,0.323248407643312,1,0.338658146964856,1,1,1,1,0.687203791469194,1,1,0.00161812297734628,0.0983870967741935,1,0.0455259026687598,0,1,0.55794701986755,0.680064308681672,1,0.0531400966183575,0.3125,1,0.315533980582524,1,0.687203791469194,1,0.320574162679426,0.318327974276527,0.317891373801917,1,0.331189710610932,1,0.483619344773791,1,0.318910256410256,0.286634460547504,0.326366559485531,0.328593996840442,0.474683544303797,0.9984,0.321259842519685,0.319148936170213,1,0.309294871794872,1,1,0.3168,0.545741324921136,1,0.312202852614897,1,0.0413476263399694,1,0.313479623824451,0.67258064516129,0.325842696629214,0.931818181818182,0.427642276422764,0.0996784565916399,0.0925039872408294,1,1,0.330645161290323,1,0.322378716744914,1,0.82120253164557,1,0.31973898858075,1,1,1,1,0.333333333333333,1,0.3248,0.248397435897436,1,0.320512820512821,1,0.3056,0.0769230769230769,1,0.314569536423841,1,1,1,0.332278481012658,1,0.325732899022801,1,0.302547770700637,1,0.322632423756019,0.0744186046511628,1,0.632279534109817,1,1,0.322061191626409,1,1,1,1,0.323717948717949,0.308426073131955,1,0.998427672955975,0.318037974683544,0.307817589576547,1,0.441412520064205,0.660493827160494,0,0.3184,0.669902912621359,1,0.321316614420063,1,0.998402555910543,1,0.313385826771654,0.314465408805031,0.328990228013029,1,1,1,0,1,0.308580858085809,0.979462875197472,0.325657894736842,0.314516129032258,0.746478873239437,1,1,1,1,1,0.0429936305732484,0.320907617504052,0.32120253164557,1,0.685805422647528,1,1,0.998394863563403,0.998435054773083,1,1,0.00318471337579618,0.299843014128728,1,0.310569105691057,1,0.301109350237718,1,1,1,1,1,0.320450885668277,1,0.518638573743922,0.326332794830372,0.32807570977918,0.316720257234727,0.325914149443561,0.331189710610932,0.416938110749186,0.334920634920635,0.313479623824451,0.314194577352472,1,0.317891373801917,1,0.686244204018547,0.312599681020734,0.300955414012739,0.344262295081967,1,1,1,0.247974068071313,0.311216429699842,1,0.321252059308072,0.328125,0.3125,0.320126782884311,0.680713128038898,1,0.320251177394035,0.30983606557377,1,0.298850574712644,1,0.311216429699842,0.314696485623003,1,1,1,0.541734860883797,1,0.682258064516129,0.078003120124805,0.318255250403877,1,1,0.0893141945773525,0.320126782884311,0.322528363047002,1,1,0.309375,0.0255591054313099,0.00162074554294976,1,1,0.335423197492163,1,1,0.305466237942122,1,1,0.322683706070288,1,1,1,1,0.332263242375602,0.317757009345794,0.330016583747927,1,1,0.66877971473851,0.32520325203252,1,0.309375,0.296774193548387,1,1,0.998405103668262,1,1,0.328502415458937,1,1,0.102605863192182,0.329192546583851,0.495145631067961,0.318770226537217,0.662903225806452,0.31911532385466,1,0.3152,0.34621578099839,0.246467817896389,0.325984251968504,1,0.324116743471582,1,1,1,0.314332247557003,0.327131782945736,0.998392282958199,0.930578512396694,0.0591054313099042,1,0.310897435897436,0.323481116584565,0.314845024469821,1,0.328616352201258,0.466034755134281,0.325949367088608,0.313694267515924,0.312396694214876,0.310177705977383,1,0.325082508250825,1,1,0,1,0.31629392971246,1,1,1,0.330645161290323,1,0.31810766721044,1,0.847512038523275,1,1,1,0.319182389937107,1,1,0.314606741573034,0.311004784688995,1,1,0.307317073170732,0.188679245283019,1,0.998435054773083,1,0,0.316720257234727,1,0.310509554140127,0.231766612641815,1,0.676236044657097,0.447784810126582,1,1,0.675925925925926,0.698083067092652,0.354166666666667,1,0.324324324324324,1,1,0.331707317073171,1,0.998366013071895,0.00638977635782748,0.319488817891374,1,1,0.324058919803601,1,1,0.312091503267974,0.323296354992076,1,1,1,0.541009463722397,0.306709265175719,0.344155844155844,0.322932917316693,0.329093799682035,0.683441558441558,0.333858267716535,0.325949367088608,0.317610062893082,0.238019169329073,0.322314049586777,1,0.315955766192733,0.998357963875205,0.320574162679426,0.0785824345146379,0.0476190476190476,1,1,0.0382165605095541,1,0.688575899843505,0.0388349514563107,0.00963081861958266,1,0.678972712680578,1,1,0.547385620915033,1,0,0.0716666666666667,1,1,1,0.322950819672131,0.647865853658537,0.686046511627907,0.995230524642289,1,0.987321711568938,0.301282051282051,0.32569558101473,1,0.300163132137031,1,0.373040752351097,0.100328947368421,0.307448494453249,0.31937984496124,0.326565143824027,1,0.0735524256651017,1,1,1,0.251177394034537,0.330592105263158,1,0.321252059308072,1,1,0.309859154929577,1,0.331278890600925,1,0.30655737704918,0.323671497584541,1,0.683441558441558,0.3140625,1,0.317073170731707,0.767515923566879,0.311216429699842,0.15987460815047,0.327188940092166,0.779220779220779,0.298187808896211,1,0.322683706070288,0.33868378812199,0.29570747217806,1,1,1,0.971666666666667,0.336106489184692,1,0.321311475409836,1,0.319327731092437,0.321372854914197,1,1,1,0.921725239616613,1,0.309636650868878,0.32475884244373,1,1,0.0454545454545455,0.0718954248366013,1,1,0.313408723747981,1,1,0.320907617504052,1,1,0.683464566929134,0.528481012658228,1,0,1,1,0.09375,0.326433121019108,1,0.322734499205087,0.998402555910543,0.965964343598055,0.998417721518987,0.82120253164557,1,0.334437086092715,1,1,1,0,0.319327731092437,1,1,0.6721044045677,1,0.329563812600969,0.366666666666667,0.325358851674641,1,1,1,0.0854430379746835,0.320846905537459,0.0806451612903226,0.998389694041868,0.305164319248826,0.30077519379845,0.358161648177496,0,1,0.956381260096931,1,1,0.323051948051948,0.30188679245283,0.1620294599018,0.0402576489533011,0.323529411764706,0.308562197092084,0.322734499205087,0.00164203612479475,0.309033280507132,1,0,0.319314641744548,1,1,1,0.31637519872814,0.3203125,0.0347682119205298,1,0.325769854132901,0.310725552050473,1,1,0.316455696202532,0.691927512355848,1,1,0.689542483660131,1,0.317757009345794,1,0.314516129032258,0.519685039370079,0.671875,0.398753894080997,1,0.300314465408805,0.316692667706708,0.68125,0.665094339622642,1,0.32182103610675,1,0.327073552425665,1,0.315359477124183,0.308580858085809,0.358642972536349,0.52112676056338,0.318979266347687,0.314516129032258,0.667726550079491,0.320574162679426,0.142620232172471,1,0,1,0.29672131147541,1,0,0.325806451612903,0.31973898858075,1,0.0508474576271186,1,0.082258064516129,0.33605220228385,1,0.0651828298887122,0.665594855305466,1,1,1,0.306532663316583,0.0410742496050553,1,0.445528455284553,0.0887096774193548,0.357254290171607,0.325434439178515,0.323296354992076,1,1,1,1,1,0.0590979782270607,0.996870109546166,0.682615629984051,0.00306278713629403,0.33122028526149,1,1,1,1,0.0858505564387917,0.327014218009479,1,1,1,1,1,1,0.47723704866562,0.00160771704180064,1,0.0772946859903382,0.320574162679426,0.435691318327974,1,0.397708674304419,0.309484193011647,0.311605723370429,1,0.0378548895899054,0.325358851674641,1,1,0.379032258064516,0.310236220472441,0.3152,0.317434210526316,0.998425196850394,0.32463295269168,0.319314641744548,0.419713831478537,0.32,0.975116640746501,0.312401883830455,0.0807754442649435,0.329011345218801,0,1,0.0789049919484702,0.318840579710145,0.318541996830428,0.314935064935065,1,1,1,1,1,1,0.335537190082645,1,0.317307692307692,0.321367521367521,0.599358974358974,0.681372549019608,1,1,0,0.326086956521739,0.112903225806452,0.998449612403101,0.0335463258785942,1,1,0.321486268174475,1,1,0.617124394184168,0.409698996655518,0.996941896024465,0.0762987012987013,0.0914927768860353,1,1,1,0.082670906200318,0,0.317965023847377,0.441747572815534,0.312401883830455,0,0.325242718446602,0.0853858784893268,1,1,0.322327044025157,0.320634920634921,0.236593059936909,0.33768352365416,0.320634920634921,0.318979266347687,1,1,0.330097087378641,1,0,1,0.22061191626409,1,0.670347003154574,1,0.315447154471545,0.303715670436187,0.0694006309148265,0.670347003154574,1,1,0.78343949044586,0.892436974789916,0.318770226537217,0.316993464052288,1,0.321428571428571,0.244732576985413,0.323051948051948,1,0.0937996820349762,1,1,0.328571428571429,0.672609400324149,0.310289389067524,1,1,0.307814992025518,0.31496062992126,0.315870570107858,0.856451612903226,0.315359477124183,1,0.0552922590837283,1,1,0.697784810126582,0.651685393258427,0.320325203252033,0.0525477707006369,0.325242718446602,1,1,0.305691056910569,0.321086261980831,0.621019108280255,1,0.313971742543171,0.369085173501577,0.311004784688995,0.9875,0.474631751227496,0.00319488817891374,0.306836248012719,0.326465927099842,0.326194398682043,0.317957166392092,0.317683881064163,0.968152866242038,1,0.316129032258064,0.543046357615894,0.688013136288998,0.235576923076923,0.690117252931323,1,0.321086261980831,0.00158227848101266,0.32741935483871,0.315705128205128,0.367507886435331,0.32512315270936,0,0.342271293375394,0.323920265780731,0.325281803542673,0.314102564102564
"132",0.296774193548387,0.312111801242236,0.308411214953271,0.3264,0.308426073131955,0.305511811023622,0.012779552715655,0.320126782884311,0.316455696202532,0.568910256410256,0.313572542901716,0.647244094488189,0.495222929936306,0.322169059011164,1,1,0.623052959501558,0,0.320967741935484,0.305993690851735,1,1,0.320373250388802,0.528861154446178,0.304615384615385,1,1,0.334415584415584,0.306027820710974,0.515772870662461,1,0.578947368421053,0.362637362637363,0.996865203761755,0.671949286846276,0.313915857605178,0.144654088050314,0.314900153609831,1,0.30077519379845,0.00316957210776545,0,0,0.322884012539185,0.312101910828025,1,0.995260663507109,1,1,1,0.699376947040498,0.323248407643312,1,0.315955766192733,0.303174603174603,0.819354838709677,0.1256038647343,0.31378763866878,0.320493066255778,0.322378716744914,0.992260061919505,1,1,0.0062992125984252,0.312903225806452,0.31201248049922,0.659711075441412,0.316770186335404,0.620060790273556,1,0.313664596273292,1,1,0.273462783171521,0.164576802507837,0.316436251920123,1,0.995356037151703,0.315707620528771,1,0.59775641025641,1,1,0.319620253164557,1,0.318318318318318,0.305993690851735,0.321875,0.310725552050473,0,0.318471337579618,0.323170731707317,0.689763779527559,0.580495356037152,0.312698412698413,0.649230769230769,0.679304897314376,0.316666666666667,0.124797406807131,0,0.306122448979592,0.622047244094488,1,0.304560260586319,1,0.310618066561014,0,0.31875,1,1,1,0.30298273155416,0.996894409937888,0.323943661971831,0.208909370199693,0.298780487804878,1,0.388198757763975,1,1,0.211690363349131,0.314641744548287,1,1,0.322932917316693,1,0.317220543806647,0.312024353120244,0.367924528301887,0.76840490797546,0.312202852614897,1,0.323943661971831,0.64741641337386,0.328525641025641,1,0.00157232704402516,1,0.364906832298137,0.887438825448613,0.580952380952381,0.594383775351014,0.310618066561014,0.322274881516588,1,0.307332293291732,1,0.30379746835443,0.5,0.32258064516129,1,0.313084112149533,0.311526479750779,0.325396825396825,0.318110236220472,1,0.301435406698565,1,0.441679626749611,0.330745341614907,1,0.314241486068111,1,0.596184419713832,0.320907617504052,1,0.310344827586207,0.313385826771654,0.330143540669856,0.986089644513138,0.318979266347687,1,0.317535545023697,1,0.318255250403877,1,0.598086124401914,0.301587301587302,0.0307941653160454,0.289430894308943,0.310126582278481,1,0.302362204724409,0.315132605304212,0.315047021943574,0.329617834394904,1,1,0.32137030995106,0.323343848580442,1,1,0.3234375,0.233070866141732,0.0196374622356495,0.690251572327044,1,0.0031104199066874,0.303265940902022,1,0.318110236220472,0.303405572755418,0.314465408805031,0.998425196850394,1,1,0.323574730354391,0.305111821086262,0.309636650868878,0.678288431061807,0.296650717703349,1,0.330173775671406,1,1,0.440438871473354,0.321766561514196,0.316436251920123,0.318037974683544,0.307936507936508,0.315457413249211,0.650393700787402,1,1,0.309968847352025,0.00311526479750779,0.326086956521739,0.314589665653495,0.318541996830428,0.304482225656878,0.29746835443038,0.316187594553706,0.700934579439252,0.372307692307692,0.30564263322884,1,0.320251177394035,1,0.307931570762053,0.303937007874016,0.3046875,0.321711568938193,0.317307692307692,1,0.31924882629108,0.791732909379968,1,1,0.996810207336523,1,1,0.892628205128205,1,1,1,0.313271604938272,1,0.324104234527687,0,1,0.395705521472393,1,0.322274881516588,0.316211878009631,0.315625,0.437201907790143,1,0.316358024691358,1,1,1,1,0,0.307931570762053,1,1,0.320634920634921,1,0.321875,1,1,0.308064516129032,0.314785373608903,0.302507836990596,0.157051282051282,0.325949367088608,0,0.601837672281776,1,0.31832298136646,0.322632423756019,0.575899843505477,1,1,0.317817014446228,0.329113924050633,1,0.659969088098918,0.7024,0.3024,0.316639741518578,0.99388379204893,0.323390894819466,0.294736842105263,1,0.3109375,0.296296296296296,1,0.298887122416534,0.311216429699842,0.307448494453249,0.320813771517997,1,1,1,0.305426356589147,0.322683706070288,0.009375,0.992163009404389,0.315286624203822,1,1,0.310077519379845,0.322981366459627,0.2953125,0.304897314375987,0.304821150855365,1,0.307324840764331,0.314553990610329,0.572337042925278,1,0.840189873417722,1,0,1,0.317629179331307,1,1,0.429457364341085,0.998463901689708,0.319554848966614,1,0.304416403785489,0.302066772655008,0.311526479750779,1,1,0.317683881064163,0.392446633825944,0.627943485086342,0.298245614035088,1,1,1,0.322683706070288,1,0.207874015748031,1,1,1,1,0.314984709480122,1,0.316639741518578,0.328125,0.686821705426357,0.29746835443038,1,0.320695102685624,0.317411402157165,0.309791332263242,1,0.299382716049383,1,0.320726172465961,0.479623824451411,0.321766561514196,0.318979266347687,0.311145510835913,1,0.319554848966614,0.304416403785489,1,1,0.323529411764706,0.306976744186047,1,0.488549618320611,0.307692307692308,0.317757009345794,0.326594090202177,0.685446009389671,1,0.289473684210526,1,0.4208,0.304897314375987,0,0.879443585780526,0.310789049919485,0.316614420062696,0,0.0311526479750779,0.982919254658385,0.3109375,1,0.309748427672956,0.312297734627832,1,0.321592649310873,0.313195548489666,0.678288431061807,1,0.321144674085851,0.317965023847377,1,0.312893081761006,0.306451612903226,1,0.35,0.310344827586207,0.31055900621118,0.326465927099842,0.794992175273865,1,0.985691573926868,1,1,0.00157977883096367,1,0.993740219092332,1,0.435126582278481,0.998405103668262,0.307219662058372,0.99375,0.327476038338658,0.996865203761755,0.610169491525424,0.638629283489097,0.317411402157165,0.30757341576507,0.6484375,0.302066772655008,0,0.633802816901408,0.687697160883281,0.31875,0.0015600624024961,0.309033280507132,0.307448494453249,0.772655007949126,0.32120253164557,0.694573643410853,0.595505617977528,0.307086614173228,0.311349693251534,0.29393468118196,1,0.0285285285285285,0,0.314553990610329,0.325471698113208,0.328149300155521,1,0.350078492935636,0.313479623824451,1,0.300469483568075,0.941640378548896,0.580952380952381,1,1,0.993377483443709,0.310769230769231,0.606382978723404,0.312217194570136,0.305691056910569,0.307692307692308,0.426356589147287,1,0.304487179487179,1,0.312,0.317741935483871,1,0.313504823151125,1,0.319554848966614,1,1,0.315132605304212,0,1,0.318181818181818,1,0.563981042654028,1,0.51468315301391,1,0.552380952380952,1,0.318770226537217,1,1,1,0.309968847352025,0.317230273752013,0.312788906009245,0.340909090909091,0.34257748776509,0.3046875,1,0.3234375,1,1,0.31637519872814,0.308562197092084,0.310185185185185,0.384858044164038,0.319508448540707,1,1,0.318611987381703,0.315789473684211,0.634894991922456,0.6,0.309375,0.305732484076433,1,0.303317535545024,0.312121212121212,0.995245641838352,0.307443365695793,0.309262166405024,0,0.145482388973966,0.310725552050473,0.679447852760736,0.312101910828025,0.316358024691358,0.600917431192661,0.996889580093313,0.309375,1,0.307814992025518,0.341269841269841,0.316118935837246,0.469578783151326,0.313291139240506,1,0.325545171339564,0.3125,0.31911532385466,0.693023255813954,1,0.325320512820513,0.309597523219814,0,0.320493066255778,0.998430141287284,0.952904238618524,1,0.31937984496124,0.317111459968603,0.314194577352472,0.592248062015504,1,0.604200323101777,0.327476038338658,1,1,0.965571205007825,0.675675675675676,0.324881141045959,0.348242811501597,0.313291139240506,0.315707620528771,1,1,0.520634920634921,0.636363636363636,1,1,0.998444790046656,0.6944,1,0.322188449848024,0.686119873817035,1,0.321981424148607,0.312302839116719,0.316957210776545,0.998427672955975,1,0.651612903225806,0.311320754716981,1,1,0.321928460342146,0.302034428794992,0.998425196850394,0,0.308426073131955,0.303225806451613,0.00796178343949045,0.314589665653495,1,0.308917197452229,1,0.154670750382848,0,0.904761904761905,0.32807570977918,1,1,0,0.00154083204930663,0.3140625,1,0.305331179321486,0.996913580246914,0.310126582278481,1,1,0.964006259780908,0.774494556765163,1,1,0.00623052959501558,1,0.516447368421053,0.314785373608903,0.678955453149002,0.321372854914197,1,0.305863708399366,0.679186228482003,1,1,0.309409888357257,0.627092846270928,0.323076923076923,0.593059936908517,0.968304278922345,0.328050713153724,0.6125,0.0140845070422535,0.310725552050473,0.31974921630094,0.307931570762053,1,0.64451313755796,0.304347826086957,0.886970172684458,0.596491228070175,0.962732919254658,1,1,0.310344827586207,0.329545454545455,0.30064308681672,0.306729264475743,0.308527131782946,0.622699386503067,0.302147239263804,0,0.675265553869499,1,0.317535545023697,0.307324840764331,0.315112540192926,0.316109422492401,0.609642301710731,1,0.3328125,0.328638497652582,0.332797427652733,0.317111459968603,0.313880126182965,0.314194577352472,0.204651162790698,0.687096774193548,0.319554848966614,0.602825745682888,1,0.243285939968404,0.32120253164557,0.93026941362916,1,1,0.311320754716981,0.643410852713178,1,0.30625,0.290996784565916,0.950871632329635,1,1,0.998402555910543,0.319018404907975,1,1,0.896496815286624,1,0.343167701863354,1,0.599041533546326,1,0.681047765793529,0.308306709265176,0.598412698412698,1,1,0.993640699523052,0.321316614420063,0.326018808777429,0.322061191626409,0.31875,0.321543408360129,0.314102564102564,0.984,0.313572542901716,1,1,0.719626168224299,0,0.304147465437788,0.32,0.683563748079877,1,0.574132492113565,0.317484662576687,0.647058823529412,0.308056872037915,0.314696485623003,1,0.315132605304212,0.312399355877617,0.698083067092652,0.905996758508914,0.323529411764706,0.609951845906902,0.5814696485623,0.319938176197836,0.322683706070288,0.305863708399366,0.595275590551181,0.693396226415094,1,0.891849529780564,1,0.667692307692308,0.998420221169036,0.593900481540931,0.316692667706708,0.315875613747954,1,1,0.43730407523511,0.993589743589744,0.998425196850394,1,0.311912225705329,0.31629392971246,1,0.315068493150685,0.686028257456829,0.325358851674641,0.463258785942492,0.302215189873418,0,0.302936630602782,1,1,0.601226993865031,0.00154559505409583,0.323390894819466,0.312989045383412,0.0982839313572543,0.420792079207921,1,1,0.309748427672956,1,0.420634920634921,1,0.325227963525836,0.599374021909233,0.312302839116719,0.318037974683544,1,0,1,0.300324675324675,0.317111459968603,1,1,1,0.452076677316294,1,0.315873015873016,0.628526645768025,0.32753164556962,0.31629392971246,0.0015527950310559,0.0451010886469673,1,0.632492113564669,1,0.32755905511811,0.326366559485531,1,1,0.163636363636364,0.309636650868878,1,0.911076443057722,1,0.320987654320988,0.198083067092652,0.682098765432099,1,1,1,1,1,0.284375,0.304075235109718,1,0.123577235772358,0.00159744408945687,0.44794952681388,0,0.327503974562798,1,0.681388012618297,1,1,0.890795631825273,1,0.68380062305296,1,1,1,1
"133",1,1,1,1,1,1,0.700657894736842,1,1,0.0901502504173623,1,0.0441640378548896,0.816,1,0.327447833065811,0.316614420062696,0.0643642072213501,0.682042833607908,1,1,0.298887122416534,0.316211878009631,1,0.156985871271586,1,0.336477987421384,0.32475884244373,1,1,0.776357827476038,0.318541996830428,0.725429017160686,0.963779527559055,0.322734499205087,0,1,0.550561797752809,1,0.315467075038285,1,0.654895666131621,0.67246835443038,0.689335394126739,1,1,0.32843137254902,0.320512820512821,0.316846986089645,0.331768388106416,0.332298136645963,0,1,0.3198127925117,1,1,0.487012987012987,0.566666666666667,1,1,1,0.34488188976378,0.327390599675851,0.32258064516129,0.66347687400319,1,1,0.0401929260450161,1,0.0599078341013825,0.329113924050633,1,0.328050713153724,0.321428571428571,0.96260162601626,0.521806853582555,1,0.316455696202532,0.346333853354134,1,0.325769854132901,0.0813953488372093,0.330203442879499,0.336569579288026,1,0.347068145800317,1,1,1,1,0.682539682539683,1,1,0.00158982511923688,0.105095541401274,1,0.044822256568779,0,1,0.57001647446458,0.674565560821485,1,0.0565428109854604,0.319554848966614,1,0.328525641025641,1,0.678071539657854,1,0.324881141045959,0.325984251968504,0.324921135646688,1,0.337519623233909,1,0.498452012383901,1,0.322327044025157,0.305511811023622,0.329249617151608,0.327447833065811,0.488188976377953,0.998415213946117,0.332278481012658,0.31973898858075,1,0.313084112149533,1,1,0.330188679245283,0.561430793157076,1,0.323943661971831,1,0.0413476263399694,1,0.326594090202177,0.662992125984252,0.335987261146497,0.931962025316456,0.446982055464927,0.0985691573926868,0.094488188976378,1,1,0.332807570977918,1,0.327160493827161,1,0.805295950155763,1,0.336617405582923,1,1,1,1,0.33652312599681,1,0.331168831168831,0.25511811023622,1,0.318252730109204,1,0.310126582278481,0.0806451612903226,1,0.320574162679426,1,1,1,0.3421875,1,0.336025848142165,1,0.314375987361769,1,0.326923076923077,0.0752351097178683,1,0.62987012987013,1,1,0.332263242375602,1,1,1,1,0.325358851674641,0.316692667706708,1,0.998420221169036,0.329652996845426,0.317307692307692,1,0.449685534591195,0.665653495440729,0,0.324367088607595,0.661417322834646,1,0.327160493827161,1,0.998444790046656,1,0.322169059011164,0.324451410658307,0.334959349593496,1,1,1,0,1,0.318979266347687,0.974683544303797,0.331168831168831,0.31974921630094,0.762204724409449,1,1,1,1,1,0.0419354838709677,0.329073482428115,0.329133858267717,1,0.677165354330709,1,1,0.998394863563403,0.9984,1,1,0.00473186119873817,0.321428571428571,1,0.320754716981132,1,0.312796208530806,1,1,1,1,1,0.327613104524181,1,0.508744038155803,0.32753164556962,0.337539432176656,0.322632423756019,0.330128205128205,0.340157480314961,0.421138211382114,0.342356687898089,0.320251177394035,0.326530612244898,1,0.328548644338118,1,0.674418604651163,0.328593996840442,0.321372854914197,0.34185303514377,1,1,1,0.26517571884984,0.322274881516588,1,0.326366559485531,0.334862385321101,0.3216,0.332293291731669,0.671406003159558,1,0.3265625,0.321486268174475,1,0.311688311688312,1,0.320373250388802,0.315789473684211,1,1,1,0.556270096463023,1,0.678125,0.0779816513761468,0.33015873015873,1,1,0.0933125972006221,0.327639751552795,0.32695374800638,1,1,0.312796208530806,0.0253565768621236,0.0032520325203252,1,1,0.344135802469136,0.998417721518987,1,0.315132605304212,1,1,0.325396825396825,1,1,1,1,0.334384858044164,0.313271604938272,0.342062193126023,1,1,0.671383647798742,0.322734499205087,1,0.323029366306028,0.307692307692308,1,1,0.998420221169036,1,1,0.34185303514377,1,1,0.1,0.3390625,0.503184713375796,0.319870759289176,0.660828025477707,0.329133858267717,1,0.313099041533546,0.338118022328549,0.256965944272446,0.327586206896552,1,0.334876543209877,1,1,1,0.322222222222222,0.333333333333333,0.998449612403101,0.925081433224756,0.061389337641357,1,0.322169059011164,0.326984126984127,0.323151125401929,1,0.336492890995261,0.483306836248013,0.333333333333333,0.324367088607595,0.322475570032573,0.321711568938193,1,0.33605220228385,1,1,0,1,0.328125,1,1,1,0.333868378812199,1,0.317073170731707,1,0.836734693877551,1,1,1,0.325914149443561,1,1,0.318611987381703,0.32755905511811,1,1,0.32484076433121,0.190031152647975,1,0.998435054773083,1,0,0.321895424836601,1,0.319554848966614,0.244444444444444,1,0.668231611893584,0.427001569858713,1,1,0.666666666666667,0.689167974882261,0.35426731078905,1,0.325769854132901,1,1,0.331189710610932,1,0.998381877022654,0.00470219435736677,0.337519623233909,1,1,0.331723027375201,1,1,0.314696485623003,0.346875,1,1,1,0.529411764705882,0.317891373801917,0.357827476038339,0.330232558139535,0.334913112164297,0.682464454976303,0.333333333333333,0.342271293375394,0.325077399380805,0.246794871794872,0.328548644338118,1,0.331775700934579,0.998384491114701,0.322327044025157,0.0796324655436447,0.0482115085536547,1,1,0.0396196513470681,1,0.68167701863354,0.0408163265306122,0.00967741935483871,1,0.68503937007874,1,1,0.560975609756098,1,0,0.0717781402936378,1,1,1,0.337662337662338,0.643504531722054,0.682565789473684,0.993788819875776,1,0.98740157480315,0.314375987361769,0.352564102564103,1,0.304838709677419,1,0.376,0.104928457869634,0.311526479750779,0.32781954887218,0.343383584589615,1,0.073094867807154,1,1,1,0.257410296411856,0.332797427652733,1,0.32516339869281,1,1,0.309707241910632,1,0.328746177370031,1,0.315789473684211,0.330173775671406,1,0.670947030497592,0.329268292682927,1,0.321782178217822,0.753554502369668,0.321928460342146,0.156645569620253,0.338485316846986,0.760904684975767,0.3168,1,0.334928229665072,0.348297213622291,0.307210031347962,1,1,1,0.970636215334421,0.343906510851419,1,0.330645161290323,1,0.331683168316832,0.324492979719189,1,1,1,0.92515923566879,1,0.312788906009245,0.332288401253919,1,1,0.0487012987012987,0.074313408723748,1,1,0.32,1,1,0.325806451612903,1,1,0.672985781990521,0.542901716068643,1,0,1,1,0.0990566037735849,0.337060702875399,1,0.330188679245283,0.998387096774194,0.964458804523425,0.998392282958199,0.822884012539185,1,0.336079077429984,1,1,1,0,0.32013201320132,1,1,0.657187993680885,1,0.322632423756019,0.357927786499215,0.323296354992076,1,1,1,0.0845070422535211,0.327361563517915,0.0856219709208401,0.998394863563403,0.322327044025157,0.316770186335404,0.34789391575663,0,1,0.957345971563981,1,1,0.3376,0.314728682170543,0.165584415584416,0.0416,0.323101777059774,0.317891373801917,0.334928229665072,0.0016025641025641,0.3198127925117,1,0,0.326625386996904,1,1,1,0.31974921630094,0.329704510108865,0.0378912685337726,1,0.317891373801917,0.318110236220472,1,1,0.330708661417323,0.681444991789819,1,1,0.6875,1,0.31832298136646,1,0.325320512820513,0.535321821036107,0.660377358490566,0.405909797822706,1,0.30625,0.326498422712934,0.675548589341693,0.660964230171073,1,0.326018808777429,1,0.331269349845201,1,0.332268370607029,0.321428571428571,0.356576862123613,0.535714285714286,0.321543408360129,0.318627450980392,0.656597774244833,0.321316614420063,0.143094841930116,1,0,1,0.299679487179487,1,0,0.332258064516129,0.321543408360129,1,0.0549618320610687,1,0.0819935691318328,0.33868378812199,1,0.0671875,0.658227848101266,1,1,1,0.31810766721044,0.0377358490566038,1,0.433281004709576,0.0884244372990354,0.361111111111111,0.330188679245283,0.336448598130841,1,1,1,1,1,0.0641221374045802,0.995348837209302,0.686119873817035,0.00460122699386503,0.326984126984127,1,1,1,1,0.0788643533123028,0.322834645669291,1,1,1,1,1,1,0.50390015600624,0.00160513643659711,1,0.0807453416149068,0.333333333333333,0.444267515923567,1,0.394524959742351,0.319672131147541,0.32182103610675,1,0.0397456279809221,0.328571428571429,1,1,0.375404530744337,0.310236220472441,0.317460317460317,0.324237560192616,0.998432601880878,0.3312,0.329635499207607,0.42512077294686,0.323763955342903,0.974960876369327,0.329704510108865,0.0816993464052288,0.334389857369255,0,1,0.0879120879120879,0.3168,0.323854660347551,0.32475884244373,1,1,1,1,1,1,0.340356564019449,1,0.324237560192616,0.321666666666667,0.6198738170347,0.668253968253968,1,1,0,0.324031007751938,0.110759493670886,0.998475609756098,0.0317965023847377,1,1,0.322632423756019,1,1,0.640322580645161,0.420967741935484,0.995475113122172,0.0792880258899676,0.092948717948718,1,1,1,0.0784,0,0.322378716744914,0.4185303514377,0.316846986089645,0,0.336012861736334,0.0814696485623003,1,1,0.329704510108865,0.322884012539185,0.248788368336026,0.346534653465347,0.32182103610675,0.327073552425665,1,1,0.344103392568659,1,0,1,0.22488038277512,1,0.66510172143975,1,0.322834645669291,0.310679611650485,0.0735524256651017,0.669242658423493,1,1,0.775316455696203,0.907766990291262,0.330658105939005,0.322169059011164,1,0.329093799682035,0.2592,0.323151125401929,1,0.0949367088607595,1,1,0.317535545023697,0.668810289389068,0.321027287319422,1,1,0.312599681020734,0.312989045383412,0.326687116564417,0.863708399366086,0.324058919803601,1,0.0534591194968553,1,1,0.690625,0.646496815286624,0.33442088091354,0.0540540540540541,0.335949764521193,1,1,0.315789473684211,0.339712918660287,0.618012422360248,1,0.319875776397516,0.37888198757764,0.310126582278481,0.989079563182527,0.492753623188406,0.00158982511923688,0.312597200622084,0.33026113671275,0.334405144694534,0.324104234527687,0.332312404287902,0.97196261682243,1,0.317683881064163,0.553398058252427,0.682539682539683,0.24,0.677100494233937,1,0.328100470957614,0.00157728706624606,0.32753164556962,0.327102803738318,0.369158878504673,0.3312,0,0.350237717908082,0.325358851674641,0.329073482428115,0.328593996840442
"134",0.0482115085536547,0.0423600605143722,0.039039039039039,0.0426179604261796,0.04047976011994,0.0467571644042232,0.337984496124031,0.044478527607362,0.0440060698027314,0.947040498442368,0.0391566265060241,1,0.136294027565084,0.0427480916030534,0.643835616438356,0.642324888226528,0.980597014925373,0.355799373040752,0.0424886191198786,0.0407239819004525,0.664133738601824,0.648648648648649,0.0431547619047619,0.893016344725111,0.0459259259259259,0.629129129129129,0.639498432601881,0.0425867507886435,0.0474074074074074,0.171471927162367,0.644478063540091,0.21203007518797,0.0374251497005988,0.641025641025641,0.966463414634146,0.046474358974359,0.507575757575758,0.0421052631578947,0.651403249630724,0.0446428571428571,0.384732824427481,0.368580060422961,0.355982274741507,0.0422960725075529,0.0463678516228748,0.625382262996942,0.644916540212443,0.653333333333333,0.632286995515695,0.620689655172414,0.962292609351433,0.0432766615146832,0.645739910313901,0.0438066465256798,0.0464071856287425,0.445820433436532,0.483076923076923,0.0416024653312789,0.0434131736526946,0.0443425076452599,0.622388059701493,0.634036144578313,0.640909090909091,0.372727272727273,0.046875,0.0479041916167665,0.998470948012232,0.0453857791225416,0.983870967741935,0.635958395245171,0.0402985074626866,0.633738601823708,0.62037037037037,0.077639751552795,0.523880597014925,0.0436681222707424,0.647321428571429,0.615037593984962,0.0432190760059613,0.635093167701863,0.955555555555556,0.630862329803328,0.637614678899083,0.0419790104947526,0.613293051359517,0.0398818316100443,0.0432766615146832,0.0451127819548872,0.0411585365853659,0.356164383561644,0.0461538461538462,0.0370919881305638,0.958778625954198,0.945864661654135,0.0369230769230769,0.998525073746313,0.960960960960961,0.0421052631578947,0.484276729559748,0.366153846153846,0.0409090909090909,0.989247311827957,0.647149460708783,0.0434108527131783,0.640909090909091,0.0427480916030534,0.363636363636364,0.0437405731523379,0.625954198473282,0.634036144578313,0.630467571644042,0.0468277945619335,0.630075187969925,0.0422322775263952,0.554733727810651,0.0436046511627907,0.640483383685801,0.75480059084195,0.628148148148148,0.635802469135803,0.564296520423601,0.0483383685800604,0.636498516320475,0.628048780487805,0.037821482602118,0.640909090909091,0.0389048991354467,0.0474777448071217,0.723308270676692,0.498507462686567,0.0413476263399694,0.64741641337386,0.0413476263399694,1,0.0373831775700935,0.642105263157895,0.366218236173393,0.625377643504532,0.0197268588770865,0.597826086956522,0.948484848484848,0.950524737631184,0.0464767616191904,0.0435458786936236,0.623298033282905,0.0365296803652968,0.634361233480176,0.0412213740458015,0.140762463343109,0.0489614243323442,0.633956386292835,0.0434131736526946,0.0487062404870624,0.0393939393939394,0.0397553516819572,0.622727272727273,0.0481203007518797,0.629230769230769,0.792537313432836,0.0436746987951807,0.644017725258493,0.042962962962963,0.648854961832061,0.964885496183206,0.0371517027863777,0.634259259259259,0.048411497730711,0.0453857791225416,0.0459418070444104,0.623145400593472,0.0409711684370258,0.625954198473282,0.044478527607362,0.639817629179331,0.0451713395638629,0.634848484848485,0.971428571428571,0.0466867469879518,0.404761904761905,0.046656298600311,0.0442748091603053,0.636222910216718,0.0376506024096386,0.0379362670713202,0.038863976083707,0.0406626506024096,0.630534351145038,0.652567975830816,0.0472560975609756,0.0422322775263952,0.633781763826607,0.661016949152542,0.0447761194029851,0.590563165905632,0.381656804733728,0.956651718983557,0.643072289156627,0.377643504531722,0.0402985074626866,0.62852897473997,0.044478527607362,0.0435435435435435,0.0434131736526946,0.644916540212443,0.635416666666667,0.62888198757764,0.0444444444444444,0.0386996904024768,0.0368731563421829,0.961656441717791,0.04047976011994,0.645061728395062,0.0151285930408472,0.632218844984802,0.644478063540091,0.294029850746269,0.0385208012326656,0.0474074074074074,0.038109756097561,0.0424242424242424,0.037593984962406,1,0.633435582822086,0.622727272727273,0.0447093889716841,0.365671641791045,0.0442477876106195,0.0500736377025037,0.0437405731523379,0.0430906389301634,0.0409090909090909,0.0456553755522828,0.956651718983557,0.737463126843658,0.0419161676646707,0.644615384615385,0.0398773006134969,0.655172413793103,0.0401188707280832,0.0431432973805855,0.0368098159509202,0.043010752688172,0.048062015503876,0.631498470948012,0.0462686567164179,0.438271604938272,0.627871362940276,0.626666666666667,0.636785162287481,0.6289592760181,0.625563909774436,0.622324159021407,0.626126126126126,0.635400907715582,0.636094674556213,0.0460624071322437,0.636500754147813,0.0407523510971787,0.357566765578635,0.632683658170915,0.738938053097345,0.627480916030534,0.0446153846153846,0.0363636363636364,0.0424242424242424,0.795180722891566,0.647147147147147,0.0401785714285714,0.633281972265023,0.624815361890694,0.645357686453577,0.635555555555556,0.351432880844646,0.0410958904109589,0.639344262295082,0.636363636363636,0.0454545454545455,0.658346333853354,0.0448430493273543,0.639344262295082,0.648401826484018,0.04375,0.0461538461538462,0.043609022556391,0.513432835820895,0.0446841294298921,0.367069486404834,0.963503649635037,0.632530120481928,0.0417287630402385,0.0417310664605873,0.950375939849624,0.63622754491018,0.624808575803982,0.0307219662058372,0.0442073170731707,0.638930163447251,0.987897125567322,0.958715596330275,0.0460829493087558,0.0421216848673947,0.624815361890694,0.0421686746987952,0.0436046511627907,0.649175412293853,0.0439393939393939,0.0476900149031297,0.633633633633634,0.0439393939393939,0.0434131736526946,0.0462686567164179,0.0428790199081164,0.624620060790274,0.65288035450517,0.635792778649921,0.0449101796407186,0.0519877675840979,0.37444279346211,0.641337386018237,0.0459418070444104,0.645588235294118,0.652439024390244,0.0451127819548872,0.0388059701492537,0.0403587443946188,0.0439393939393939,0.0424886191198786,0.634294385432473,0.047112462006079,0.0509259259259259,0.941915227629513,0.625920471281296,0.546423135464231,0.646525679758308,0.377272727272727,0.625187406296852,0.035036496350365,0.645259938837921,0.626339969372129,0.796992481203007,0.635276532137519,0.0382848392036753,0.629575402635432,0.0500758725341426,0.0426829268292683,0.0449775112443778,0.650306748466258,0.637853949329359,0.037821482602118,0.0326086956521739,0.986259541984733,0.0451010886469673,0.631659056316591,0.631741140215716,0.642301710730949,0.0357142857142857,0.627218934911243,0.57593984962406,0.627450980392157,0.651651651651652,0.633385335413417,0.645161290322581,0.0405405405405405,0.628659476117103,0.0402476780185759,0.0379939209726444,0.959028831562974,0.0483383685800604,0.636225266362253,0.0454545454545455,0.0443131462333826,0.0414746543778802,0.629685157421289,0.0398818316100443,0.637904468412943,0.0465116279069767,0.123308270676692,0.0472560975609756,0.0474732006125574,0.0434782608695652,0.63499245852187,0.0363086232980333,0.0418604651162791,0.637724550898204,0.633484162895928,0.0405405405405405,0.0379362670713202,0.637747336377473,0.863905325443787,0.0453834115805947,0.0386329866270431,0.0446428571428571,0.957251908396947,0.642414860681115,0.0395569620253165,0.644478063540091,0.810318664643399,0.040785498489426,0.364723467862481,0.519345238095238,0.043010752688172,0.0417910447761194,0.372634643377001,0.350531107738998,0.610859728506787,0.0384024577572965,0.634146341463415,0.0425531914893617,0.0427215189873418,0.625,0.0401188707280832,0.04,0.965620328849028,0.638426626323752,0.0454545454545455,0.0423600605143722,0.630602782071097,0.0424242424242424,0.0467289719626168,0.647149460708783,0.710879284649776,0.0431432973805855,0.0418535127055306,0.038109756097561,0.425787106446777,0.646616541353383,0.639269406392694,0.63150289017341,0.634328358208955,0.361832061068702,0.624251497005988,0.623277182235835,0.646706586826347,0.809451219512195,0.635239567233385,0.0427098674521355,0.632047477744807,0.0454545454545455,0.643504531722054,0.957352941176471,0.992548435171386,0.0441176470588235,0.0445103857566766,1,0.0337423312883436,0.358208955223881,1,0.969604863221885,0.0435435435435435,0.364864864864865,0.0406626506024096,0.0452488687782805,0.500765696784073,0.0393939393939394,0.95852534562212,0.967340590979782,0.039453717754173,0.0445103857566766,0.0465465465465465,0.63020030816641,0.402031930333817,0.351014040561622,0.0577777777777778,0.0358208955223881,0.0225563909774436,0.650224215246637,0.70257966616085,0.0492537313432836,0.651305683563748,0.0430906389301634,0.578947368421053,0.944954128440367,0.65321375186846,0.636496350364964,0.61637239165329,0.0427728613569322,0.964338781575037,0.0502215657311669,0.0416666666666667,0.0434131736526946,0.788690476190476,0.635239567233385,0.0524691358024691,0.633693972179289,0.0423861852433281,0.0434108527131783,0.644444444444444,0.0416024653312789,0.630882352941176,0.0443425076452599,0.646341463414634,0.638009049773756,0.0405405405405405,0.36687306501548,0.644216691068814,0.0434131736526946,0.637614678899083,0.187028657616893,0.634472511144131,0.890060240963855,0.630116959064328,0.17737003058104,0.644409937888199,0.0515625,0.628224582701062,0.61961367013373,0.660633484162896,0.048411497730711,0.0386996904024768,0.0412979351032448,0.0111287758346582,0.697492163009404,0.0449101796407186,0.62962962962963,0.0442073170731707,0.639498432601881,0.638360175695461,0.0435435435435435,0.0458015267175573,0.0381231671554252,0.0347432024169184,0.0415430267062315,0.637313432835821,0.636904761904762,0.037147102526003,0.0367534456355283,0.99079754601227,0.960244648318043,0.0432835820895522,0.0487062404870624,0.63944530046225,0.0491803278688525,0.0455882352941176,0.650602409638554,0.0488958990536278,0.0477611940298507,0.367867867867868,0.510385756676558,0.0395738203957382,0.962373371924747,0.0490045941807044,0.0479041916167665,0.950965824665676,0.631024096385542,0.0415384615384615,0.635542168674699,0.0413476263399694,0.0108359133126935,0.045662100456621,0.129323308270677,0.0468986384266263,0.634408602150538,0.04047976011994,0.0371517027863777,0.0368663594470046,0.955489614243323,0.6513470681458,0.0358255451713396,0.0483383685800604,0.3710407239819,0.0474777448071217,0.631419939577039,0.594879518072289,0.630792227204783,0.039039039039039,0.0421686746987952,0.0455235204855842,0.952592592592593,0.625194401244168,0.961240310077519,0.0381679389312977,0.646616541353383,0.65321375186846,0.598784194528875,0.961019490254873,0.0384615384615385,0.00600600600600601,0.0466165413533835,0.0434131736526946,0.629800307219662,0.6513353115727,0.887022900763359,1,0.628398791540785,0.642965204236006,0.621621621621622,0.966205837173579,0.641452344931921,0.0387481371087928,0.954337899543379,0.636764705882353,0.0464767616191904,0.0486322188449848,0.0425531914893617,0.630177514792899,0.641176470588235,1,0.0393343419062027,0.635400907715582,0.646449704142012,0.0422322775263952,0.0494011976047904,0.644578313253012,0.347551342812006,0.0399385560675883,0.0463678516228748,0.346036585365854,0.0435435435435435,0.64540059347181,0.0390015600624025,0.638426626323752,0.516417910447761,0.37370753323486,0.638392857142857,0.0405405405405405,0.650817236255572,0.64167916041979,0.362146050670641,0.375558867362146,0.0381679389312977,0.632440476190476,0.0400616332819723,0.640117994100295,0.0387596899224806,0.634294385432473,0.647515527950311,0.604826546003017,0.517189835575486,0.635802469135803,0.645061728395062,0.375766871165644,0.628358208955224,0.903125,0.0345864661654135,0.956716417910448,0.0447093889716841,0.657099697885196,0.0455235204855842,0.961890243902439,0.633633633633634,0.640746500777605,0.0462249614791988,0.987012987012987,0.0440729483282675,0.950995405819296,0.618461538461539,0.0409711684370258,0.983483483483483,0.385074626865672,0.0409711684370258,0.0434131736526946,0.0432835820895522,0.648264984227129,1,0.0434782608695652,0.528963414634146,0.950995405819296,0.593796159527326,0.630239520958084,0.632835820895522,0.0454545454545455,0.0250783699059561,0.0474732006125574,0.0404191616766467,0.0363086232980333,0.980769230769231,0.0534918276374443,0.365963855421687,0.958883994126285,0.635135135135135,0.0466867469879518,0.0441400304414003,0.0375,0.0412371134020619,0.956127080181543,0.634756995581738,0.0344311377245509,0.0388802488335925,0.0377358490566038,0.0428790199081164,0.0451127819548872,0.0462249614791988,0.555223880597015,0.972350230414747,0.0379939209726444,0.965875370919881,0.640060240963855,0.617691154422789,0.0436746987951807,0.559815950920245,0.646687697160883,0.649546827794562,0.0468986384266263,1,0.637878787878788,0.0373692077727952,0.0453857791225416,0.583460949464012,0.644970414201183,0.653092006033183,0.645412130637636,0.0340740740740741,0.624036979969183,0.63568215892054,0.628614916286149,0.639269406392694,0.00599700149925037,0.646359583952452,0.964777947932619,0.634441087613293,0.962686567164179,0.0454545454545455,0.959627329192547,0.653905053598775,0.629349470499244,0.640483383685801,0.0385185185185185,0.0409090909090909,0.0432098765432099,0.0466867469879518,0.043343653250774,0.047112462006079,0.624233128834356,0.0404191616766467,0.640672782874618,0.637380191693291,0.42965204236006,0.369465648854962,0.0419161676646707,0.0463378176382661,0.958208955223881,0.632743362831858,0.924471299093656,0.0353982300884956,1,0.0410334346504559,0.0387596899224806,0.641975308641975,0.0460122699386503,0.0427892234548336,0.417054263565891,0.627575277337559,0.0520231213872832,0.958966565349544,0.948484848484848,0.043609022556391,0.0413476263399694,0.0403587443946188,0.961890243902439,0.961136023916293,0.631656804733728,0.540458015267176,0.63677130044843,0.954678362573099,0.626543209876543,0.96177370030581,0.0466867469879518,0.0448916408668731,0.641141141141141,0.6274217585693,0.808801213960546,0.621165644171779,0.638138138138138,0.631419939577039,0.0446153846153846,0.0363086232980333,0.635114503816794,0.0434782608695652,0.963855421686747,0.0395738203957382,0.821100917431193,0.0458715596330275,0.372372372372372,0.043026706231454,0.639939485627837,0.646781789638933,0.968515742128936,0.367407407407407,0.0419790104947526,0.0364188163884674,0.258015267175572,0.151181102362205,0.631987577639752,0.641860465116279,0.0424242424242424,0.63855421686747,0.789554531490015,0.631498470948012,0.0481751824817518,0.944277108433735,0.0435435435435435,0.044822256568779,0.634703196347032,0.376160990712074,0.642089093701997,0.0438184663536776,0.0400616332819723,0.646176911544228,0.63914373088685,0.631811487481591,0.191717791411043,0.641304347826087,0.045662100456621,0.986547085201794,0.0481203007518797,0.0390625,0.350375939849624,0.393617021276596,0.635093167701863,0.990963855421687,0.632375189107413,0.0392749244712991,0.0342679127725857,0.65052950075643,0.629179331306991,0.426229508196721,0.0373692077727952,0.643387815750372,0.671111111111111,0.651197604790419,0.0618556701030928,0.570992366412214,0.961019490254873,0.646268656716418,0.631964809384164,0.623839009287926,0.639876352395672,0.630116959064328,0.0718562874251497,0.0459418070444104,0.646084337349398,0.502340093603744,0.36986301369863,0.814092953523238,0.357032457496136,0.0304878048780488,0.624242424242424,0.958841463414634,0.626524390243902,0.640298507462687,0.671664167916042,0.63093415007657,0.965568862275449,0.621621621621622,0.63969465648855,0.625,0.639817629179331
"135",1,1,1,1,1,1,0.687908496732026,1,1,0.0931372549019608,1,0.0394321766561514,0.8192,1,0.332247557003257,0.31629392971246,0.0645669291338583,0.672185430463576,1,1,0.302250803858521,0.335987261146497,1,0.145800316957211,1,0.341384863123994,0.338141025641026,1,1,0.792079207920792,0.327476038338658,0.737421383647799,0.968,0.328502415458937,0,1,0.539837398373984,1,0.316436251920123,1,0.651757188498403,0.668276972624799,0.679873217115689,1,1,0.331723027375201,0.3264,0.326498422712934,0.330112721417069,0.340764331210191,0,1,0.324237560192616,1,1,0.50327868852459,0.558631921824104,1,1,1,0.344391785150079,0.323854660347551,0.329545454545455,0.669934640522876,1,1,0.0340356564019449,1,0.0552147239263804,0.337060702875399,1,0.331210191082803,0.33889816360601,0.961920529801324,0.514469453376206,1,0.321144674085851,0.34913112164297,1,0.336148648648649,0.0793918918918919,0.343548387096774,0.337662337662338,1,0.355661881977671,1,1,1,1,0.673633440514469,1,1,0.00161812297734628,0.0958466453674121,1,0.0412698412698413,0,1,0.567164179104478,0.668810289389068,1,0.0468497576736672,0.324193548387097,1,0.331730769230769,1,0.672552166934189,1,0.3344,0.328548644338118,0.340729001584786,1,0.339228295819936,1,0.484126984126984,1,0.324881141045959,0.285939968404423,0.336492890995261,0.33063209076175,0.478119935170178,0.998389694041868,0.331230283911672,0.330016583747927,1,0.310897435897436,1,1,0.314285714285714,0.554502369668246,1,0.328525641025641,1,0.0373831775700935,1,0.326018808777429,0.6640625,0.337559429477021,0.9344,0.434210526315789,0.0941558441558442,0.0897435897435897,1,1,0.349025974025974,1,0.3390625,1,0.826984126984127,1,0.330605564648118,1,1,1,1,0.34860883797054,1,0.33605220228385,0.241214057507987,1,0.325320512820513,1,0.309178743961353,0.0801282051282051,1,0.32569558101473,1,1,1,0.354838709677419,1,0.342532467532468,1,0.326829268292683,1,0.3296,0.0704,1,0.624161073825503,1,1,0.328455284552846,1,1,1,1,0.332268370607029,0.324237560192616,1,0.998402555910543,0.330708661417323,0.321486268174475,1,0.44,0.654961832061069,0,0.338095238095238,0.6608,1,0.343653250773994,1,0.998417721518987,1,0.33063209076175,0.335443037974684,0.334959349593496,1,1,1,0,1,0.324013157894737,0.974603174603175,0.332794830371567,0.325842696629214,0.752025931928687,1,1,1,1,1,0.0376432078559738,0.321428571428571,0.340288924558588,1,0.674641148325359,1,1,1,0.998402555910543,1,1,0.00317460317460317,0.312893081761006,1,0.320261437908497,1,0.320695102685624,1,1,1,1,1,0.341935483870968,1,0.520193861066236,0.337641357027464,0.338072669826224,0.327272727272727,0.331723027375201,0.339228295819936,0.42174629324547,0.339228295819936,0.323763955342903,0.333865814696486,1,0.337133550488599,1,0.678683385579937,0.333333333333333,0.3024,0.347402597402597,1,1,1,0.245954692556634,0.328571428571429,1,0.336601307189543,0.342723004694836,0.324237560192616,0.336477987421384,0.664495114006515,1,0.332278481012658,0.326829268292683,1,0.309090909090909,1,0.322784810126582,0.3216,1,1,1,0.544283413848631,1,0.672496025437202,0.0738993710691824,0.331179321486268,1,1,0.087378640776699,0.328050713153724,0.337704918032787,1,1,0.318037974683544,0.0208333333333333,0.00164744645799012,1,1,0.344391785150079,1,1,0.32258064516129,1,1,0.33278955954323,1,1,1,1,0.338141025641026,0.323763955342903,0.332792207792208,1,1,0.660828025477707,0.330128205128205,1,0.33596214511041,0.32,1,1,0.998407643312102,1,1,0.347402597402597,1,1,0.0922570016474465,0.347551342812006,0.500805152979066,0.323624595469256,0.654895666131621,0.330696202531646,1,0.32300163132137,0.339805825242718,0.243670886075949,0.332263242375602,1,0.335423197492163,1,1,1,0.326860841423948,0.344605475040258,0.998417721518987,0.933554817275748,0.057660626029654,1,0.33015873015873,0.340425531914894,0.323577235772358,1,0.348367029548989,0.467511885895404,0.339774557165862,0.316720257234727,0.324503311258278,0.320197044334975,1,0.344316309719934,1,1,0,1,0.333333333333333,1,1,1,0.340390879478827,1,0.325769854132901,1,0.845047923322684,1,1,1,0.329545454545455,1,1,0.326366559485531,0.33063209076175,1,1,0.330143540669856,0.178515007898894,1,0.998412698412698,1,0,0.325769854132901,1,0.323151125401929,0.233660130718954,1,0.663492063492063,0.4484375,1,1,0.669230769230769,0.693522906793049,0.360975609756098,1,0.337060702875399,1,1,0.337133550488599,1,0.998387096774194,0.00480769230769231,0.342019543973941,1,1,0.331723027375201,1,1,0.316912972085386,0.32753164556962,1,1,1,0.535483870967742,0.320063694267516,0.357827476038339,0.333333333333333,0.347068145800317,0.67741935483871,0.338557993730408,0.334384858044164,0.33122028526149,0.235772357723577,0.3354943273906,1,0.330128205128205,0.998420221169036,0.325984251968504,0.0829420970266041,0.0461783439490446,1,1,0.0352,1,0.673501577287066,0.0370967741935484,0.00657894736842105,1,0.673667205169628,1,1,0.552845528455285,1,0,0.066884176182708,1,1,1,0.33974358974359,0.643185298621746,0.677852348993289,0.992012779552716,1,0.988924050632911,0.319935691318328,0.317817014446228,1,0.319148936170213,1,0.380417335473515,0.0993485342019544,0.323248407643312,0.335394126738794,0.342465753424658,1,0.069620253164557,1,1,1,0.245192307692308,0.327868852459016,1,0.336025848142165,1,1,0.323899371069182,1,0.345368916797488,1,0.319935691318328,0.333333333333333,1,0.666666666666667,0.329133858267717,1,0.325806451612903,0.777059773828756,0.332283464566929,0.145135566188198,0.334876543209877,0.777957860615883,0.327868852459016,1,0.339256865912762,0.3536,0.308426073131955,1,1,1,0.97682119205298,0.327787021630616,1,0.340390879478827,1,0.32998324958124,0.328682170542636,1,1,1,0.928802588996764,1,0.321316614420063,0.331210191082803,1,1,0.0439024390243902,0.0759289176090469,1,1,0.327242524916944,1,1,0.332247557003257,1,1,0.6624,0.534181240063593,1,0,1,1,0.088785046728972,0.33868378812199,1,0.3392,0.998412698412698,0.969155844155844,0.998392282958199,0.836990595611285,1,0.343283582089552,1,1,1,0,0.325041459369818,1,1,0.658576051779935,1,0.331168831168831,0.369354838709677,0.340255591054313,1,1,1,0.0818897637795276,0.337704918032787,0.0845771144278607,0.998392282958199,0.322834645669291,0.322169059011164,0.367576243980738,0,1,0.959935897435897,1,1,0.338211382113821,0.318110236220472,0.146774193548387,0.0361247947454844,0.32695374800638,0.324149108589951,0.33652312599681,0.00160771704180064,0.328050713153724,1,0,0.337539432176656,1,1,1,0.330143540669856,0.338658146964856,0.0347682119205298,1,0.32741935483871,0.321656050955414,1,1,0.3312,0.674496644295302,1,1,0.681672025723473,1,0.324324324324324,1,0.3216,0.525477707006369,0.652448657187994,0.409582689335394,1,0.309262166405024,0.329581993569132,0.669871794871795,0.654574132492114,1,0.339116719242902,1,0.337519623233909,1,0.32741935483871,0.323624595469256,0.370192307692308,0.529411764705882,0.327361563517915,0.322528363047002,0.650974025974026,0.325358851674641,0.13838550247117,1,0,1,0.308319738988581,1,0,0.336553945249597,0.32843137254902,1,0.0527131782945736,1,0.078525641025641,0.348684210526316,1,0.0598425196850394,0.665605095541401,1,1,1,0.327272727272727,0.0315955766192733,1,0.438906752411576,0.0851063829787234,0.369905956112853,0.343898573692552,0.334384858044164,1,1,1,1,1,0.0657276995305164,0.995297805642633,0.678913738019169,0.00308166409861325,0.335974643423138,1,1,1,1,0.0774193548387097,0.326984126984127,1,1,1,1,1,1,0.478740157480315,0.00161030595813205,1,0.082670906200318,0.334389857369255,0.430645161290323,1,0.404605263157895,0.325,0.325806451612903,1,0.0352564102564103,0.331210191082803,1,1,0.381107491856678,0.327447833065811,0.325842696629214,0.330065359477124,0.998405103668262,0.334389857369255,0.333860759493671,0.422829581993569,0.332792207792208,0.977635782747604,0.328125,0.0783034257748776,0.334920634920635,0,1,0.0796747967479675,0.325732899022801,0.335473515248796,0.329581993569132,1,1,1,1,1,1,0.34094616639478,1,0.329581993569132,0.332214765100671,0.611821086261981,0.667207792207792,1,1,0,0.32753164556962,0.106180665610143,0.998427672955975,0.0308441558441558,1,1,0.328,1,1,0.633663366336634,0.416252072968491,0.995433789954338,0.0789049919484702,0.0904605263157895,1,1,1,0.0823909531502423,0,0.328638497652582,0.437194127243067,0.329652996845426,0,0.337171052631579,0.0819672131147541,1,1,0.337559429477021,0.341307814992026,0.233226837060703,0.342105263157895,0.322632423756019,0.336538461538462,1,1,0.343598055105348,1,0,1,0.214170692431562,1,0.664566929133858,1,0.321543408360129,0.315091210613599,0.0699523052464229,0.665079365079365,1,1,0.777777777777778,0.906821963394343,0.335515548281506,0.331147540983607,1,0.32741935483871,0.2432,0.341543513957307,1,0.0922330097087379,1,1,0.329052969502408,0.663920922570016,0.326732673267327,1,1,0.325396825396825,0.321027287319422,0.336973478939158,0.861563517915309,0.325732899022801,1,0.0528,1,1,0.685393258426966,0.645468998410175,0.334991708126036,0.0531400966183575,0.344103392568659,1,1,0.326332794830372,0.34248788368336,0.615384615384615,1,0.317683881064163,0.385103011093502,0.3216,0.984177215189873,0.465798045602606,0.00315457413249211,0.31139646869984,0.339009287925697,0.33993399339934,0.334431630971993,0.335403726708075,0.971518987341772,1,0.325769854132901,0.541528239202658,0.67483660130719,0.22488038277512,0.677852348993289,1,0.344,0.0016260162601626,0.337078651685393,0.321144674085851,0.371019108280255,0.32741935483871,0,0.35725677830941,0.33442088091354,0.33931484502447,0.3232
"136",0.29874213836478,0.306748466257669,0.314984709480122,0.323943661971831,0.307339449541284,0.301391035548686,0.0141732283464567,0.314465408805031,0.31055900621118,0.566978193146417,0.312217194570136,0.645896656534954,0.513260530421217,0.309968847352025,1,1,0.619631901840491,0,0.321875,0.30568356374808,1,1,0.314503816793893,0.5220700152207,0.309309309309309,1,1,0.3344,0.307228915662651,0.513260530421217,1,0.589665653495441,0.366306027820711,0.995356037151703,0.672811059907834,0.319218241042345,0.131172839506173,0.323170731707317,1,0.303353658536585,0.00308166409861325,0,0,0.324031007751938,0.311320754716981,1,0.993788819875776,1,1,1,0.692541856925419,0.324492979719189,1,0.317972350230415,0.313935681470138,0.822152886115445,0.110248447204969,0.31733746130031,0.316998468606432,0.320610687022901,0.990909090909091,1,1,0.0062402496099844,0.310015898251192,0.311349693251534,0.661442006269592,0.31924882629108,0.619402985074627,1,0.309341500765697,1,1,0.265723270440252,0.154670750382848,0.306646525679758,1,0.993893129770992,0.313935681470138,1,0.601910828025478,1,1,0.319213313161876,1,0.315946348733234,0.308527131782946,0.324031007751938,0.314241486068111,0,0.315217391304348,0.324812030075188,0.681538461538462,0.591743119266055,0.310344827586207,0.647147147147147,0.680981595092024,0.316187594553706,0.110410094637224,0,0.3125,0.625391849529781,1,0.30952380952381,1,0.312693498452012,0,0.315384615384615,1,1,1,0.304212168486739,0.995391705069124,0.31866464339909,0.198786039453718,0.304606240713224,1,0.373250388802488,1,1,0.19969040247678,0.305900621118012,1,1,0.328290468986384,1,0.312965722801788,0.30952380952381,0.362095531587057,0.759398496240602,0.313479623824451,1,0.326594090202177,0.642105263157895,0.326018808777429,1,0.00151515151515152,1,0.369631901840491,0.892455858747994,0.578125,0.609494640122512,0.309597523219814,0.31496062992126,1,0.309923664122137,1,0.298003072196621,0.498480243161094,0.321699544764795,1,0.309006211180124,0.310185185185185,0.320433436532508,0.32182103610675,1,0.303875968992248,1,0.436641221374046,0.318385650224215,1,0.321266968325792,1,0.592476489028213,0.319182389937107,1,0.317700453857791,0.306184012066365,0.321044546850998,0.984894259818731,0.320061255742726,1,0.318252730109204,1,0.317891373801917,1,0.593272171253823,0.298299845440495,0.0333333333333333,0.289968652037618,0.303951367781155,1,0.305471124620061,0.310606060606061,0.317484662576687,0.32258064516129,1,1,0.3184,0.320061255742726,1,1,0.318731117824773,0.23896499238965,0.023598820058997,0.69359756097561,1,0.00306748466257669,0.31039755351682,1,0.314465408805031,0.308383233532934,0.316666666666667,1,1,1,0.31547619047619,0.308777429467085,0.309559939301973,0.68380062305296,0.303738317757009,1,0.339449541284404,1,1,0.43140243902439,0.3198127925117,0.309559939301973,0.31651376146789,0.304878048780488,0.315217391304348,0.653846153846154,1,1,0.311926605504587,0.00455927051671732,0.321156773211568,0.320417287630402,0.318818040435459,0.308734939759036,0.295839753466872,0.327917282127031,0.70381679389313,0.361607142857143,0.308868501529052,1,0.31496062992126,1,0.304545454545455,0.309597523219814,0.3046875,0.326530612244898,0.312302839116719,1,0.311550151975684,0.80248833592535,1,1,0.996850393700787,1,1,0.892063492063492,1,1,1,0.308510638297872,1,0.319354838709677,0,1,0.384615384615385,1,0.31924882629108,0.316037735849057,0.303543913713405,0.415902140672783,1,0.314112291350531,1,1,1,1,0,0.315625,1,1,0.31619937694704,1,0.316816816816817,1,1,0.30625,0.31733746130031,0.295839753466872,0.136085626911315,0.327586206896552,0,0.596750369276219,1,0.317700453857791,0.3203125,0.5790273556231,1,1,0.317384370015949,0.328149300155521,1,0.663594470046083,0.701095461658842,0.30564263322884,0.31924882629108,0.995502248875562,0.322085889570552,0.300595238095238,1,0.304953560371517,0.302891933028919,1,0.310975609756098,0.308755760368664,0.316590563165906,0.313364055299539,1,1,1,0.301391035548686,0.321372854914197,0.00763358778625954,0.990654205607477,0.325434439178515,1,1,0.306766917293233,0.323262839879154,0.300613496932515,0.314152410575428,0.305343511450382,1,0.303875968992248,0.306501547987616,0.577639751552795,1,0.832822085889571,1,0,1,0.31784107946027,1,1,0.415915915915916,0.998482549317147,0.3234375,1,0.308868501529052,0.305084745762712,0.309341500765697,1,1,0.311077389984825,0.397456279809221,0.621664050235479,0.30188679245283,1,1,1,0.320634920634921,1,0.202764976958525,1,1,1,1,0.31859756097561,1,0.303030303030303,0.322429906542056,0.68160741885626,0.296062992125984,1,0.321100917431193,0.310911808669656,0.307570977917981,1,0.303303303303303,1,0.315233785822021,0.473363774733638,0.326747720364742,0.321259842519685,0.316109422492401,1,0.315132605304212,0.30077519379845,1,1,0.313455657492355,0.309119010819165,1,0.477996965098634,0.309033280507132,0.315068493150685,0.324734446130501,0.685975609756098,1,0.296998420221169,1,0.416275430359937,0.309230769230769,0,0.884673748103187,0.30952380952381,0.312024353120244,0,0.0295031055900621,0.978361669242658,0.320552147239264,1,0.304552590266876,0.305511811023622,1,0.318385650224215,0.315870570107858,0.675840978593272,1,0.31201248049922,0.320872274143302,1,0.306990881458967,0.29874213836478,1,0.34597875569044,0.302936630602782,0.312977099236641,0.321156773211568,0.802413273001508,1,0.9859375,1,1,0.00154559505409583,1,0.992354740061162,1,0.425038639876352,0.996840442338073,0.301515151515152,0.992458521870287,0.325038880248834,0.995341614906832,0.605067064083458,0.638297872340426,0.314925373134328,0.305343511450382,0.638719512195122,0.317535545023697,0,0.635114503816794,0.690513219284603,0.314024390243902,0.00151975683890578,0.310708898944193,0.303076923076923,0.764705882352941,0.31651376146789,0.690184049079755,0.598116169544741,0.312401883830455,0.310502283105023,0.292307692307692,1,0.028023598820059,0,0.309923664122137,0.319444444444444,0.327718223583461,1,0.339009287925697,0.314900153609831,1,0.299093655589124,0.942249240121581,0.572555205047319,1,1,0.991869918699187,0.316187594553706,0.606382978723404,0.321428571428571,0.311912225705329,0.307453416149068,0.420333839150228,1,0.302469135802469,1,0.316455696202532,0.317384370015949,1,0.317111459968603,1,0.316358024691358,1,1,0.31866464339909,0,1,0.316358024691358,1,0.55690440060698,1,0.50748502994012,1,0.565015479876161,1,0.31378763866878,1,1,1,0.312788906009245,0.3203125,0.317293233082707,0.347133757961783,0.33122028526149,0.298461538461538,1,0.327160493827161,1,1,0.316998468606432,0.312210200927357,0.312121212121212,0.386748844375963,0.318862275449102,1,1,0.322239031770045,0.318611987381703,0.626182965299685,0.593406593406593,0.312210200927357,0.311424100156495,1,0.302936630602782,0.315007429420505,0.998461538461539,0.307448494453249,0.303405572755418,0,0.134036144578313,0.31055900621118,0.681952662721893,0.310664605873261,0.315384615384615,0.600903614457831,0.996960486322188,0.305732484076433,1,0.316770186335404,0.347003154574132,0.309119010819165,0.474164133738602,0.312210200927357,1,0.317771084337349,0.316614420062696,0.322981366459627,0.692889561270802,1,0.322222222222222,0.317629179331307,0,0.322033898305085,0.998461538461539,0.952743902439024,1,0.311728395061728,0.319571865443425,0.314465408805031,0.580547112462006,1,0.596214511041009,0.327160493827161,1,1,0.966360856269113,0.683076923076923,0.327666151468315,0.339366515837104,0.314759036144578,0.315629742033384,1,1,0.513975155279503,0.635514018691589,1,1,0.998493975903614,0.6953125,1,0.31981981981982,0.689814814814815,1,0.317972350230415,0.312302839116719,0.31201248049922,0.996951219512195,1,0.64937106918239,0.310136157337368,1,1,0.314674735249622,0.308396946564885,0.998463901689708,0,0.308892355694228,0.312210200927357,0.00778816199376947,0.311178247734139,1,0.308544303797468,1,0.141337386018237,0,0.896296296296296,0.324200913242009,1,1,0,0.00151515151515152,0.318885448916409,1,0.3140625,0.996965098634294,0.304761904761905,1,0.998432601880878,0.960061443932412,0.768996960486322,1,1,0.00612557427258806,1,0.5184,0.317111459968603,0.675757575757576,0.320552147239264,1,0.299079754601227,0.68160741885626,1,1,0.306477093206951,0.62848751835536,0.327718223583461,0.592307692307692,0.972136222910217,0.329230769230769,0.608964451313756,0.0153846153846154,0.315301391035549,0.317901234567901,0.317484662576687,1,0.645550527903469,0.3003003003003,0.896923076923077,0.592476489028213,0.968181818181818,1,1,0.312024353120244,0.331259720062208,0.30503144654088,0.306990881458967,0.303076923076923,0.622727272727273,0.303120356612184,0,0.679049034175334,0.998466257668712,0.314728682170543,0.303405572755418,0.3168,0.312594840667678,0.604327666151468,1,0.31969696969697,0.324574961360124,0.324921135646688,0.313572542901716,0.309119010819165,0.300462249614792,0.189189189189189,0.67879746835443,0.31875,0.603343465045593,1,0.237654320987654,0.315467075038285,0.921996879875195,1,1,0.312883435582822,0.640552995391705,1,0.305810397553517,0.3,0.954968944099379,1,1,0.996860282574568,0.312312312312312,1,1,0.896124031007752,1,0.344931921331316,1,0.599056603773585,1,0.67687595712098,0.305900621118012,0.603421461897356,1,1,0.993855606758833,0.322188449848024,0.31937984496124,0.322784810126582,0.316846986089645,0.316455696202532,0.319182389937107,0.981279251170047,0.306060606060606,1,1,0.702909647779479,0,0.311077389984825,0.316187594553706,0.684131736526946,1,0.56298600311042,0.321321321321321,0.65891472868217,0.311550151975684,0.313971742543171,1,0.310664605873261,0.308562197092084,0.679245283018868,0.905901116427432,0.312590448625181,0.608490566037736,0.582822085889571,0.321044546850998,0.31911532385466,0.294656488549618,0.596006144393241,0.685099846390169,1,0.888036809815951,1,0.671732522796353,0.996918335901387,0.594043887147335,0.316923076923077,0.315625,1,1,0.43558282208589,0.992076069730586,0.996937212863706,1,0.305772230889236,0.319508448540707,1,0.319940476190476,0.689291101055807,0.330188679245283,0.460708782742681,0.298273155416013,0,0.308270676691729,1,1,0.598473282442748,0.00151515151515152,0.325077399380805,0.314641744548287,0.0995405819295559,0.411483253588517,1,1,0.30521472392638,1,0.412942989214176,1,0.326315789473684,0.58678955453149,0.321981424148607,0.3125,1,0,1,0.3024,0.313755795981453,1,1,1,0.443217665615142,1,0.319444444444444,0.621951219512195,0.322727272727273,0.322327044025157,0.00153139356814701,0.0397553516819572,1,0.627906976744186,1,0.318952234206472,0.323899371069182,1,1,0.151285930408472,0.31306990881459,1,0.89618320610687,1,0.322775263951735,0.192789968652038,0.677321156773212,1,1,1,1,1,0.283159463487332,0.301223241590214,1,0.115569823434992,0.00156494522691706,0.442040185471406,0,0.319938176197836,1,0.684292379471229,1,1,0.880774962742176,1,0.688449848024316,1,1,1,1
"137",0.6928,0.683076923076923,0.680555555555556,0.669781931464174,0.681538461538462,0.684210526315789,0.985668789808917,0.674050632911392,0.68125,0.449044585987261,0.676783004552352,0.367029548989114,0.46993670886076,0.670788253477589,0.0015625,0.00154320987654321,0.389908256880734,1,0.674922600619195,0.684375,0.00155038759689922,0.00156985871271586,0.675840978593272,0.500777604976672,0.679273827534039,0.00152671755725191,0.00158227848101266,0.659711075441412,0.687405159332322,0.467084639498433,0.00154798761609907,0.400309119010819,0.626356589147287,0.00461538461538462,0.339652448657188,0.677471636952998,0.871517027863777,0.664624808575804,0.0015015015015015,0.685975609756098,1,0.998461538461539,0.998477929984779,0.66820987654321,0.675548589341693,0,0.00156494522691706,0.00153609831029186,0.00151975683890578,0.0015552099533437,0.320552147239264,0.665094339622642,0.00153139356814701,0.670769230769231,0.684049079754601,0.175078864353312,0.8828125,0.671339563862928,0.686335403726708,0.680061823802164,0.0060882800608828,0,0,1,0.679425837320574,0.681470137825421,0.352484472049689,0.665615141955836,0.399096385542169,0,0.674382716049383,0.00154559505409583,0.00158478605388273,0.721153846153846,0.846625766871166,0.672699849170437,0.00153609831029186,0.00307692307692308,0.668683812405446,0.00159744408945687,0.414790996784566,0.00155763239875389,0.0015748031496063,0.674242424242424,0.00152905198776758,0.674242424242424,0.674961119751166,0.663551401869159,0.674491392801252,1,0.6704,0.674735249621785,0.324615384615385,0.424615384615385,0.677621283255086,0.365853658536585,0.326219512195122,0.682588597842835,0.885220125786163,0.998417721518987,0.68167701863354,0.391705069124424,0.00154320987654321,0.680577849117175,0.00157232704402516,0.671826625386997,0.998466257668712,0.675883256528418,0.00154798761609907,0.00155763239875389,0.0015527950310559,0.690031152647975,0.00153374233128834,0.672413793103448,0.805513016845329,0.682370820668693,0,0.646153846153846,0,0.00156985871271586,0.80625,0.687022900763359,0.00152671755725191,0,0.663594470046083,0.00153374233128834,0.682563338301043,0.681749622926094,0.651908396946565,0.247747747747748,0.67258064516129,0.00157232704402516,0.662992125984252,0.366218236173393,0.6640625,0.00151515151515152,1,0,0.615023474178404,0.117932148626817,0.430359937402191,0.416012558869702,0.677469135802469,0.679365079365079,0.00156739811912226,0.680685358255452,0.00149925037481259,0.688473520249221,0.484018264840183,0.674626865671642,0,0.685975609756098,0.676470588235294,0.674491392801252,0.677165354330709,0,0.685670261941448,0.00156494522691706,0.583333333333333,0.667701863354037,0.00153139356814701,0.67420814479638,0.00154320987654321,0.41838351822504,0.673501577287066,0.0015552099533437,0.680555555555556,0.682370820668693,0.666149068322981,0.0076103500761035,0.67687595712098,0,0.673501577287066,0.00155038759689922,0.671009771986971,0.0015748031496063,0.410334346504559,0.695046439628483,0.971153846153846,0.696682464454976,0.68075117370892,0.00158478605388273,0.686153846153846,0.681047765793529,0.679878048780488,0.667180277349769,0.0015600624024961,0,0.6703125,0.675384615384615,0.00151057401812689,0.00158478605388273,0.6732223903177,0.768992248062015,0.981927710843373,0.309968847352025,0.00151745068285281,1,0.677469135802469,0.00151057401812689,0.671428571428571,0.68693009118541,0.67530487804878,0.00469483568075117,0.00151975683890578,0.00158227848101266,0.66965620328849,0.675675675675676,0.679331306990882,0.324367088607595,0.684867394695788,0.00156494522691706,0.655763239875389,0.00154798761609907,0.00153846153846154,0.563748079877112,0.672897196261682,0.679878048780488,0.668721109399075,0.694099378881988,0.678516228748068,0.36687306501548,0.0015600624024961,0.00153374233128834,0.680491551459293,0.998449612403101,0.666666666666667,0.676119402985075,0.669254658385093,0.688549618320611,0.697965571205008,0.678247734138973,0.314553990610329,0.644916540212443,0.698608964451314,0.00159235668789809,0.671317829457364,0,0.689024390243902,0.686708860759494,0.678071539657854,0.661392405063291,0.681962025316456,0.00153374233128834,0.670750382848392,0.191290824261275,0.0015625,0.0015527950310559,0,0,0.00157728706624606,0.109872611464968,0.00155038759689922,0,0.00154798761609907,0.675883256528418,0.0015527950310559,0.669303797468354,0.998484848484849,0.0015527950310559,0.639939485627837,0,0.674015748031496,0.67192429022082,0.677469135802469,0.6015625,0.00154559505409583,0.670750382848392,0.00158730158730159,0.0015220700152207,0,0.00155763239875389,0.998447204968944,0.68125,0.00153374233128834,0,0.672413793103448,0.00156739811912226,0.672205438066465,0.00151515151515152,0.00154559505409583,0.684129429892142,0.672496025437202,0.696400625978091,0.864696734059098,0.669796557120501,0.998449612403101,0.418429003021148,0.00155038759689922,0.678353658536585,0.670866141732283,0.435045317220544,0.00154083204930663,0.00158478605388273,0.677367576243981,0.666666666666667,0.00156494522691706,0.351851851851852,0.304140127388535,0.685670261941448,0.676703645007924,0.00452488687782805,0.668721109399075,0.684603886397608,0.00152905198776758,0.681047765793529,0.692546583850932,0.00153609831029186,0.687888198757764,0.677672955974843,0.675968992248062,0.668721109399075,0.0015552099533437,0.0014792899408284,0,0.684782608695652,0.667706708268331,0.990697674418605,0.00312989045383412,0.65987460815047,0,0.00153846153846154,0.675925925925926,0.663650075414781,0.69431643625192,0.6734375,0.678407350689127,0.00155763239875389,0.690095846645367,0.679012345679012,0.441269841269841,0,0.167711598746081,0.00157977883096367,1,0.00152439024390244,0.668181818181818,0.0015748031496063,0.00155038759689922,0.592085235920852,0.00154083204930663,0.681818181818182,0.00150602409638554,0.681889763779528,0.686520376175549,0.682588597842835,0.00154083204930663,0.0015220700152207,0.668711656441718,0.593900481540931,0.397196261682243,0.691823899371069,0,0.00156985871271586,0.00157232704402516,0.68312101910828,0,0.80030959752322,0.00152905198776758,0.00152671755725191,0.00158982511923688,0,0.673312883435583,0.00159489633173844,0.678456591639871,0.661971830985915,0.33535660091047,0.68621236133122,0.00155038759689922,0.666666666666667,0.672754946727549,0.6768,0.00158227848101266,0.691729323308271,0.00155038759689922,0.671732522796353,0.505359877488515,0.673913043478261,0.669856459330144,0.67741935483871,0.00152905198776758,0.672386895475819,0.691573926868045,0.00153139356814701,0.00158982511923688,0.669242658423493,0.682242990654206,0.0015527950310559,0.534848484848485,0.682170542635659,0.666156202143951,0.664605873261206,0.329738058551618,0.00155763239875389,0.69551282051282,0.00153374233128834,0.601255886970173,0.680555555555556,0.998461538461539,0.108396946564885,0.67879746835443,0.680916030534351,1,0.966929133858268,0.0154798761609907,0.671850699844479,0.00156739811912226,0.6828125,0.679674796747967,0.00157728706624606,0.670694864048338,0.677115987460815,0.333850931677019,0,0.673913043478261,0.671274961597542,0,0.68558282208589,0.683544303797468,0,0.669184290030212,0.681747269890796,0.67175572519084,0.664605873261206,0.186728395061728,0.00156494522691706,0.020440251572327,0.00148809523809524,0.00154083204930663,1,0.00152439024390244,0.00465116279069767,0.00153609831029186,0.586153846153846,0.00316455696202532,0.686746987951807,0.00455927051671732,0.66973886328725,0.00154559505409583,0.401785714285714,0.382175226586103,0.669195751138088,0.677862595419847,0.362095531587057,0.677725118483412,0.998487140695915,0.376160990712074,0.321875,0.676380368098159,1,0.678627145085803,0.682588597842835,0.2421875,0.672333848531685,0.321044546850998,0.413848631239936,0.681047765793529,0.672205438066465,0.691472868217054,0,0.974702380952381,0.998381877022654,0.67687595712098,0.666666666666667,0.665123456790123,0.00153846153846154,0.677215189873418,0.683720930232558,0.00157977883096367,0.691717791411043,0.0494590417310665,0.446740858505564,0,0.00151285930408472,0.00490998363338789,0.672256097560976,0.401225114854518,0.668195718654434,0.675282714054927,0.678571428571429,0.599393019726859,0.0015625,0.681318681318681,0.00157728706624606,0.669871794871795,0.6734375,0,0.674085850556439,0.00150829562594268,0.672333848531685,0,0.0015552099533437,0.669230769230769,1,0.00149700598802395,0.676425269645609,0,0.429457364341085,0,0.506787330316742,0.00149476831091181,0.432389937106918,0.00158982511923688,0.67246835443038,0.00156985871271586,0,0.00155038759689922,0.680685358255452,0.671949286846276,0.673684210526316,0.6432,0.685483870967742,0.687402799377916,0.00157728706624606,0.669230769230769,0.00159489633173844,0,0.669230769230769,0.677725118483412,0.68133535660091,0.604651162790698,0.675757575757576,0,0.00154798761609907,0.664596273291925,0.671451355661882,0.379365079365079,0.41838351822504,0.678571428571429,0.6768,0.0016,0.690769230769231,0.679273827534039,0.0062111801242236,0.684713375796178,0.683890577507599,0.998442367601246,0.87211093990755,0.676056338028169,0.323485967503693,0.682098765432099,0.677862595419847,0.414414414414414,0.0015527950310559,0.681889763779528,0.00154798761609907,0.679506933744222,0.647798742138365,0.678516228748068,0.511485451761103,0.681181959564541,0,0.670750382848392,0.674528301886792,0.66824644549763,0.313546423135464,0.00161550888529887,0.669826224328594,0.679817905918058,1,0.672360248447205,0.0015527950310559,0.0416666666666667,0.00153846153846154,0.683076923076923,0.66820987654321,0.673946957878315,0.423780487804878,0.00157977883096367,0.422712933753943,0.658423493044822,0,0.0015220700152207,0.0311526479750779,0.330218068535826,0.665625,0.632398753894081,0.670788253477589,0.679938744257274,0.00158730158730159,0.00151975683890578,0.505494505494505,0.370486656200942,0.00156739811912226,0.00156985871271586,0.00150602409638554,0.3104,0.00154320987654321,0.667673716012085,0.324031007751938,0.0015015015015015,0.668721109399075,0.6734375,0.672897196261682,0.00305343511450382,0.00151057401812689,0.36231884057971,0.672811059907834,0.00157232704402516,0.0015220700152207,0.667185069984448,0.683641975308642,0.00154083204930663,0.998373983739837,0.683042789223455,0.68125,0.998435054773083,0.675384615384615,0.00153609831029186,0.68362480127186,0.00154083204930663,0.861027190332326,0.998482549317147,0.103603603603604,0.6732223903177,0.00152439024390244,0.0015552099533437,0.998461538461539,1,0.66875,0.00153374233128834,0.682692307692308,0,0.685758513931889,0.00155038759689922,0.00315457413249211,0.0326086956521739,0.236111111111111,0.00155763239875389,0.0015600624024961,0.9984375,0.00154320987654321,0.495222929936306,0.664566929133858,0.331306990881459,0.671296296296296,0.00155763239875389,0.688172043010753,0.328638497652582,0,0.00157977883096367,0.674603174603175,0.388971684053651,0.668168168168168,0.426771653543307,0.0250783699059561,0.658307210031348,0.405616224648986,0.993779160186625,0.67906976744186,0.679389312977099,0.67427701674277,0.00159489633173844,0.364885496183206,0.682588597842835,0.0965732087227414,0.427230046948357,0.029320987654321,0.00153139356814701,0,0.682737169517885,0.660855784469097,0.687697160883281,0.686153846153846,0.681114551083591,0.401799100449775,0.689024390243902,0.998461538461539,0.327868852459016,0.00153139356814701,0.665123456790123,0.682242990654206,0.670364500792393,0.668202764976959,0.410493827160494,0.00154083204930663,0.665648854961832,0.660406885758998,0.662440570522979,0.675,0.680491551459293,0.678627145085803,0.815987933634992,0.332273449920509,0.672386895475819,0.423135464231355,0.0015600624024961,0.774045801526718,0.684698608964451,0.0697305863708399,0.00158982511923688,0.0015552099533437,0.675384615384615,0.369969040247678,0,0.682098765432099,0.696400625978091,0.0425196850393701,0,0.00152671755725191,0.00159489633173844,0.677570093457944,0,0.00153139356814701,0.105511811023622,0.0015625,0.646417445482866,0.00150829562594268,0.4185303514377,0,0.331278890600925,0.687789799072643,0.4125,0.00155763239875389,0.0015625,0.00782472613458529,0.668195718654434,0.667697063369397,0.669303797468354,0.671361502347418,0.672,0.67032967032967,0.0139751552795031,0.678353658536585,0.00155038759689922,0,0.289877300613497,1,0.67530487804878,0.681957186544342,0.323574730354391,0.00151285930408472,0.44822256568779,0.667664670658683,0.363636363636364,0.683720930232558,0.678288431061807,0.0015748031496063,0.682108626198083,0.677524429967427,0.327503974562798,0.0966183574879227,0.674140508221226,0.410459587955626,0.438985736925515,0.664605873261206,0.672985781990521,0.690184049079755,0.413685847589425,0.32258064516129,0,0.093167701863354,0.00151515151515152,0.341538461538462,0.00158982511923688,0.409582689335394,0.682737169517885,0.669303797468354,0.0015220700152207,0.00154559505409583,0.592125984251968,0.00158730158730159,0.0015220700152207,0.00153139356814701,0.684210526315789,0.668231611893584,0.0015552099533437,0.681547619047619,0.322085889570552,0.666666666666667,0.564945226917058,0.691823899371069,0.998456790123457,0.67737003058104,0,0.00160513643659711,0.412213740458015,1,0.659409020217729,0.67879746835443,0.896923076923077,0.577170418006431,0.00156739811912226,0,0.680124223602484,0.0015748031496063,0.602825745682888,0.00159489633173844,0.670164917541229,0.423963133640553,0.673374613003096,0.679186228482003,0,1,0.00157728706624606,0.690705128205128,0.672897196261682,0.00154320987654321,0.00154083204930663,0.00150375939849624,0.558869701726845,0.00157232704402516,0.669811320754717,0.386850152905199,0.661608497723824,0.663414634146341,1,0.963358778625954,0.00157977883096367,0.389589905362776,0.0015600624024961,0.669242658423493,0.657556270096463,0,0.00157232704402516,0.845201238390093,0.684129429892142,0.00151975683890578,0.105263157894737,0.00153139356814701,0.670229007633588,0.807210031347962,0.339563862928349,0,0.00151745068285281,0.00158982511923688,0.0016025641025641,0.00153139356814701,0.714932126696833,0.682242990654206,0,0.8896,1,0.568807339449541,0.998363338788871,0.671361502347418,0.00152905198776758,0.32753164556962,0.00155038759689922,0.00152905198776758,0.114854517611026,0,0.32572298325723,0.00153609831029186,0.00157728706624606,0.00157728706624606,0.00153846153846154
"138",0.310177705977383,0.323529411764706,0.328571428571429,0.334905660377358,0.31974921630094,0.316535433070866,0.0128,0.326892109500805,0.324159021406728,0.565560821484992,0.330757341576507,0.631496062992126,0.518282988871224,0.331259720062208,1,1,0.601236476043277,0,0.330218068535826,0.31924882629108,1,1,0.334360554699538,0.503125,0.330275229357798,1,1,0.347266881028939,0.319018404907975,0.528753993610224,1,0.586583463338534,0.371517027863777,0.998449612403101,0.655226209048362,0.325041459369818,0.137614678899083,0.334351145038168,1,0.314814814814815,0,0,0,0.33968253968254,0.322274881516588,1,0.99685534591195,1,1,1,0.677966101694915,0.333333333333333,1,0.333333333333333,0.320433436532508,0.811501597444089,0.124605678233438,0.33175355450237,0.324534161490683,0.328149300155521,0.995391705069124,1,1,0.00312989045383412,0.319935691318328,0.332302936630603,0.653188180404355,0.326498422712934,0.596701649175412,1,0.32258064516129,1,1,0.276357827476038,0.164341085271318,0.32383808095952,1,0.995319812792512,0.330275229357798,1,0.593247588424437,1,1,0.337962962962963,1,0.333333333333333,0.325434439178515,0.335403726708075,0.323343848580442,0,0.331768388106416,0.337878787878788,0.675968992248062,0.571207430340557,0.320634920634921,0.627450980392157,0.675548589341693,0.325617283950617,0.121794871794872,0,0.318037974683544,0.604395604395604,1,0.323151125401929,1,0.33489827856025,0,0.328660436137072,1,1,1,0.317972350230415,0.998452012383901,0.336448598130841,0.204930662557781,0.316742081447964,1,0.374613003095975,1,1,0.210443037974684,0.32093023255814,1,1,0.338957055214724,1,0.32383808095952,0.320668693009119,0.36547433903577,0.774583963691377,0.325842696629214,1,0.335987261146497,0.625377643504532,0.337559429477021,1,0,1,0.384136858475894,0.895498392282958,0.570754716981132,0.58740157480315,0.323854660347551,0.32753164556962,1,0.317757009345794,1,0.314285714285714,0.50693374422188,0.333333333333333,1,0.324492979719189,0.328593996840442,0.33122028526149,0.336990595611285,1,0.317901234567901,1,0.430321592649311,0.330289193302892,1,0.324159021406728,1,0.583201267828843,0.325949367088608,1,0.330173775671406,0.320610687022901,0.340062111801242,0.990839694656489,0.335423197492163,1,0.326498422712934,1,0.323624595469256,1,0.582945736434109,0.305164319248826,0.032051282051282,0.304,0.325077399380805,1,0.316692667706708,0.322530864197531,0.32348367029549,0.338509316770186,1,1,0.330696202531646,0.334375,1,1,0.333333333333333,0.241809672386895,0.0196078431372549,0.678683385579937,1,0,0.322085889570552,1,0.330143540669856,0.321646341463415,0.324492979719189,0.996870109546166,1,1,0.330316742081448,0.323809523809524,0.328703703703704,0.67246835443038,0.311526479750779,1,0.346273291925466,1,1,0.457627118644068,0.337559429477021,0.328682170542636,0.3328173374613,0.312111801242236,0.325914149443561,0.636505460218409,1,1,0.32312404287902,0.00305810397553517,0.332312404287902,0.327769347496206,0.333333333333333,0.317757009345794,0.311145510835913,0.328767123287671,0.688854489164087,0.367534456355283,0.312307692307692,1,0.333858267716535,1,0.318952234206472,0.320634920634921,0.318818040435459,0.34181240063593,0.31637519872814,1,0.328682170542636,0.782677165354331,1,1,1,1,1,0.89792663476874,1,1,1,0.328746177370031,1,0.334935897435897,0,1,0.383076923076923,1,0.331189710610932,0.337025316455696,0.32398753894081,0.421875,1,0.328746177370031,1,1,1,1,0,0.320373250388802,1,1,0.324492979719189,1,0.327743902439024,1,1,0.318681318681319,0.331189710610932,0.312111801242236,0.147798742138365,0.335433070866142,0,0.583710407239819,1,0.316923076923077,0.33175355450237,0.574242424242424,1,1,0.334935897435897,0.340659340659341,1,0.649612403100775,0.686084142394822,0.314465408805031,0.326366559485531,0.995454545454545,0.335901386748844,0.318112633181126,1,0.325508607198748,0.315870570107858,1,0.309262166405024,0.326120556414219,0.317972350230415,0.321428571428571,1,1,1,0.319875776397516,0.333855799373041,0.00943396226415094,0.993700787401575,0.332278481012658,1,1,0.322137404580153,0.334876543209877,0.313971742543171,0.326923076923077,0.320373250388802,1,0.319620253164557,0.320251177394035,0.55608214849921,1,0.835987261146497,1,0,1,0.330792682926829,1,1,0.418711656441718,1,0.324324324324324,1,0.314553990610329,0.316614420062696,0.326594090202177,1,1,0.324534161490683,0.410714285714286,0.6015625,0.307570977917981,1,1,1,0.32753164556962,1,0.211981566820276,1,1,1,1,0.331288343558282,1,0.325878594249201,0.342723004694836,0.670295489891135,0.305511811023622,1,0.332814930015552,0.323619631901841,0.326860841423948,1,0.318461538461538,1,0.333333333333333,0.486567164179104,0.3234375,0.3312,0.326153846153846,1,0.324960753532182,0.312401883830455,1,1,0.330745341614907,0.315625,1,0.473926380368098,0.317460317460317,0.335925349922239,0.329738058551618,0.672897196261682,1,0.30048465266559,1,0.422047244094488,0.318252730109204,0,0.882352941176471,0.327447833065811,0.328125,0,0.0360501567398119,0.982594936708861,0.328149300155521,1,0.315047021943574,0.321951219512195,1,0.336923076923077,0.327073552425665,0.65414710485133,1,0.330745341614907,0.330218068535826,1,0.328660436137072,0.31924882629108,1,0.339477726574501,0.321086261980831,0.328638497652582,0.339652448657188,0.7947932618683,1,0.978021978021978,1,1,0,1,0.995327102803738,1,0.427444794952681,0.998405103668262,0.315467075038285,0.995433789954338,0.335925349922239,0.996908809891808,0.590015128593041,0.619047619047619,0.329721362229102,0.329754601226994,0.625194401244168,0.330128205128205,0,0.621069182389937,0.67246835443038,0.330232558139535,0,0.3171875,0.321981424148607,0.774091627172196,0.330203442879499,0.678516228748068,0.589257503949447,0.329133858267717,0.327743902439024,0.309006211180124,1,0.0268256333830104,0,0.326594090202177,0.341121495327103,0.336973478939158,1,0.33693972179289,0.326086956521739,1,0.316998468606432,0.934477379095164,0.559241706161137,1,1,0.994991652754591,0.330289193302892,0.589393939393939,0.330289193302892,0.326298701298701,0.319685039370079,0.417177914110429,1,0.321144674085851,1,0.325842696629214,0.322115384615385,1,0.328593996840442,1,0.335949764521193,1,1,0.327160493827161,0,1,0.330188679245283,1,0.56786271450858,1,0.49537037037037,1,0.56386292834891,1,0.328050713153724,1,1,1,0.322222222222222,0.334384858044164,0.323216995447648,0.363929146537842,0.337190082644628,0.318681318681319,1,0.327073552425665,1,1,0.337984496124031,0.327014218009479,0.333843797856049,0.399075500770416,0.333333333333333,1,1,0.334360554699538,0.332283464566929,0.6120826709062,0.579365079365079,0.318181818181818,0.328548644338118,1,0.318110236220472,0.322289156626506,0.993730407523511,0.313504823151125,0.321928460342146,0,0.137557959814529,0.325434439178515,0.668674698795181,0.318252730109204,0.332302936630603,0.591867469879518,0.996850393700787,0.319488817891374,1,0.322530864197531,0.35828025477707,0.323899371069182,0.478806907378336,0.327102803738318,1,0.32398753894081,0.33122028526149,0.342902711323764,0.680916030534351,1,0.334913112164297,0.324574961360124,0,0.337423312883436,1,0.948678071539658,1,0.3234375,0.334351145038168,0.325949367088608,0.583206106870229,1,0.580441640378549,0.341772151898734,1,1,0.967642526964561,0.66510172143975,0.340659340659341,0.370769230769231,0.324116743471582,0.320061255742726,1,1,0.511075949367089,0.622641509433962,1,1,1,0.678233438485804,1,0.338414634146341,0.676470588235294,1,0.34012539184953,0.322327044025157,0.322981366459627,0.998454404945904,1,0.6368,0.327639751552795,1,1,0.337519623233909,0.326186830015314,1,0,0.322115384615385,0.321766561514196,0.00475435816164818,0.3234375,1,0.327447833065811,1,0.152886115444618,0,0.902290076335878,0.332307692307692,1,1,0,0,0.331768388106416,1,0.321486268174475,1,0.314375987361769,1,1,0.95800933125972,0.781733746130031,1,1,0.0046801872074883,1,0.509771986970684,0.340189873417722,0.663608562691132,0.336448598130841,1,0.315132605304212,0.668740279937792,1,1,0.33015873015873,0.608370702541106,0.340458015267176,0.585055643879173,0.971830985915493,0.338006230529595,0.5890625,0.0109034267912773,0.316692667706708,0.329704510108865,0.331768388106416,1,0.622874806800618,0.315789473684211,0.891891891891892,0.57395498392283,0.966463414634146,1,1,0.327102803738318,0.349436392914654,0.318181818181818,0.32018927444795,0.32120253164557,0.599085365853659,0.310606060606061,0,0.66566265060241,0.998461538461539,0.33695652173913,0.311111111111111,0.317230273752013,0.332824427480916,0.596599690880989,1,0.335375191424196,0.344497607655502,0.338658146964856,0.330708661417323,0.326086956521739,0.32182103610675,0.198767334360555,0.676145339652449,0.3296875,0.584097859327217,1,0.2421875,0.324960753532182,0.918918918918919,1,1,0.32469512195122,0.622526636225266,1,0.326717557251908,0.314696485623003,0.953821656050955,1,1,0.998402555910543,0.32312404287902,1,1,0.895238095238095,1,0.362252663622527,1,0.588141025641026,1,0.657728706624606,0.322884012539185,0.592651757188498,1,1,0.993788819875776,0.337962962962963,0.338983050847458,0.33063209076175,0.329704510108865,0.332283464566929,0.334384858044164,0.982511923688394,0.314728682170543,1,1,0.728943338437979,0,0.327188940092166,0.326687116564417,0.670212765957447,1,0.552425665101721,0.334351145038168,0.629107981220657,0.325077399380805,0.3232,1,0.321928460342146,0.32516339869281,0.706539074960128,0.912479740680713,0.330383480825959,0.596491228070175,0.570982839313573,0.339563862928349,0.329635499207607,0.310452418096724,0.581143740340031,0.670807453416149,1,0.891338582677165,1,0.654377880184332,0.998407643312102,0.578446909667195,0.325581395348837,0.336,1,1,0.429892141756549,0.995192307692308,0.996889580093313,1,0.324960753532182,0.332278481012658,1,0.31892697466468,0.672811059907834,0.335384615384615,0.455676516329705,0.311708860759494,0,0.319571865443425,1,1,0.582689335394127,0,0.3328173374613,0.3265625,0.104851330203443,0.426751592356688,1,1,0.322085889570552,1,0.408517350157729,1,0.336363636363636,0.578616352201258,0.33641975308642,0.324409448818898,1,0,1,0.322061191626409,0.332293291731669,1,1,1,0.440758293838863,1,0.331230283911672,0.609090909090909,0.340557275541796,0.341463414634146,0,0.0404354587869362,1,0.615625,1,0.341121495327103,0.340255591054313,1,1,0.161490683229814,0.320493066255778,1,0.905572755417957,1,0.334862385321101,0.203442879499218,0.659937888198758,1,1,1,1,1,0.29601226993865,0.312597200622084,1,0.118122977346278,0,0.43206106870229,0,0.345971563981043,1,0.6671875,1,1,0.896124031007752,1,0.674382716049383,1,1,1,1
"139",0.926163723916533,0.931357254290172,0.9390625,0.933753943217666,0.932496075353218,0.927899686520376,0.639553429027113,0.929467084639498,0.928348909657321,0.0324149108589951,0.937888198757764,0.0217391304347826,0.870662460567823,0.931142410015649,0.362916006339144,0.355905511811024,0.0062402496099844,0.633279483037157,0.928343949044586,0.926905132192846,0.355095541401274,0.361022364217252,0.930981595092024,0.0917431192660551,0.926940639269406,0.38740157480315,0.371248025276461,0.929032258064516,0.924031007751938,0.848242811501597,0.35981308411215,0.801251956181534,0.9546875,0.368584758942457,0.0585443037974684,0.924466338259442,0.465625,0.932307692307692,0.354642313546423,0.928237129485179,0.600633914421553,0.628125,0.62826420890937,0.93125,0.92755905511811,0.386581469648562,0.361736334405145,0.368421052631579,0.369631901840491,0.387147335423198,0.0655487804878049,0.93312101910828,0.364341085271318,0.930926216640502,0.92846034214619,0.567567567567568,0.498422712933754,0.929356357927786,0.927899686520376,0.927215189873418,0.384496124031008,0.375594294770206,0.366043613707165,0.614173228346457,0.927884615384615,0.924148606811146,0.0125984251968504,0.9328125,0,0.379727685325265,0.934579439252336,0.371428571428571,0.3952,0.893376413570275,0.446841294298921,0.926267281105991,0.36687306501548,0.399688958009331,0.929555895865237,0.368078175895765,0.0275526742301459,0.382911392405063,0.373205741626794,0.926332288401254,0.3875,0.930555555555556,0.928684627575277,0.933333333333333,0.931962025316456,0.629860031104199,0.930645161290323,0.937308868501529,0.0640625,0.0323574730354391,0.937799043062201,0.0182370820668693,0.0678233438485804,0.93167701863354,0.491961414790997,0.628526645768025,0.93026941362916,0.0015748031496063,0.357366771159875,0.92891760904685,0.372641509433962,0.937402190923318,0.630602782071097,0.928012519561815,0.378716744913928,0.375766871165644,0.382352941176471,0.923556942277691,0.383886255924171,0.932601880877743,0.4234375,0.926426426426426,0.3703125,0.227769110764431,0.377880184331797,0.3712,0.41471048513302,0.923556942277691,0.369969040247678,0.383252818035427,0.93953488372093,0.365325077399381,0.930197268588771,0.930408472012103,0.250393700787402,0.466049382716049,0.931818181818182,0.364906832298137,0.931962025316456,0.0197268588770865,0.9344,0.369631901840491,0.615023474178404,0.384136858475894,1,0.363192182410423,0.0298273155416013,0.028125,0.925117004680187,0.933438985736926,0.387658227848101,0.935023771790808,0.368501529051988,0.928571428571429,0.873634945397816,0.923676012461059,0.364365971107544,0.934984520123839,0.924920127795527,0.92776886035313,0.940609951845907,0.385103011093502,0.922098569157393,0.376788553259142,0.186728395061728,0.927244582043344,0.360374414976599,0.929663608562691,0.351910828025478,0.017515923566879,0.939778129952456,0.377388535031847,0.920062695924765,0.927672955974843,0.927099841521395,0.393568147013783,0.929133858267717,0.377535101404056,0.933753943217666,0.376766091051805,0.929260450160772,0.373040752351097,0.0124223602484472,0.927899686520376,0.579032258064516,0.934609250398724,0.926791277258567,0.376,0.936908517350158,0.936630602782071,0.934782608695652,0.936708860759494,0.38351822503962,0.37173579109063,0.924959216965742,0.932069510268562,0.383435582822086,0.357594936708861,0.931888544891641,0.379905808477237,0.604580152671756,0.0721003134796238,0.373271889400922,0.610062893081761,0.9359375,0.384259259259259,0.9312,0.930124223602484,0.934375,0.364632237871674,0.370942812982998,0.382875605815832,0.928464977645306,0.935587761674718,0.938461538461538,0.0604133545310016,0.928012519561815,0.353322528363047,0.965023847376789,0.372641509433962,0.362637362637363,0.670826833073323,0.934817170111288,0.925925925925926,0.935331230283912,0.925465838509317,0.93522906793049,0.021875,0.375796178343949,0.380952380952381,0.925925925925926,0.622291021671827,0.9258114374034,0.92156862745098,0.9312,0.928348909657321,0.93125,0.931714719271624,0.0695517774343122,0.243531202435312,0.928792569659443,0.370839936608558,0.934083601286174,0.364341085271318,0.93563579277865,0.93354943273906,0.933858267716535,0.93042071197411,0.928687196110211,0.375196232339089,0.928348909657321,0.583860759493671,0.384012539184953,0.375579598145286,0.368589743589744,0.385714285714286,0.394611727416799,0.346278317152104,0.389240506329114,0.381395348837209,0.378461538461538,0.924961715160796,0.377358490566038,0.940129449838188,0.638591117917305,0.37007874015748,0.235747303543914,0.383411580594679,0.924679487179487,0.941082802547771,0.929577464788732,0.186335403726708,0.364197530864198,0.939346811819596,0.377388535031847,0.387291981845688,0.369496855345912,0.384735202492212,0.625391849529781,0.934272300469484,0.368258859784284,0.373205741626794,0.926100628930818,0.353968253968254,0.9258114374034,0.370716510903427,0.365354330708661,0.932692307692308,0.930379746835443,0.928348909657321,0.465732087227414,0.9312,0.628482972136223,0.0225903614457831,0.373817034700315,0.93125,0.931746031746032,0.0296411856474259,0.375,0.381877022653722,0.937096774193548,0.929260450160772,0.362519201228879,0.0368663594470046,0.0672,0.923930269413629,0.928571428571429,0.388036809815951,0.928909952606635,0.923538230884558,0.368663594470046,0.93125,0.930232558139535,0.369327073552426,0.93015873015873,0.926984126984127,0.929245283018868,0.929797191887676,0.389671361502347,0.361538461538462,0.372990353697749,0.928237129485179,0.924170616113744,0.609984399375975,0.3765625,0.929936305732484,0.371340523882897,0.356012658227848,0.931087289433384,0.937116564417178,0.93167701863354,0.929936305732484,0.9328125,0.379746835443038,0.922222222222222,0.922834645669291,0.0386473429951691,0.393135725429017,0.419003115264797,0.360128617363344,0.614307931570762,0.377535101404056,0.933933933933934,0.363779527559055,0.382911392405063,0.189735614307932,0.36547433903577,0.935794542536116,0.379573170731707,0.927444794952681,0.932496075353218,0.932098765432099,0.369426751592357,0.367283950617284,0.933229813664596,0.985221674876847,0.00478468899521531,0.926216640502355,0.376360808709176,0.385466034755134,0.362619808306709,0.940514469453376,0.384259259259259,0.398744113029827,0.381619937694704,0.364069952305246,0.374798061389338,0.369565217391304,0.938080495356037,0.389154704944179,0.936585365853659,0.938679245283019,0.0590062111801242,0.927444794952681,0.371835443037975,0.923794712286159,0.928353658536585,0.933656957928803,0.384493670886076,0.931714719271624,0.376,0.925190839694657,0.893987341772152,0.924528301886792,0.928,0.929230769230769,0.370992366412214,0.938095238095238,0.931637519872814,0.369734789391576,0.370716510903427,0.9359375,0.932283464566929,0.370892018779343,0.126153846153846,0.931637519872814,0.933229813664596,0.927018633540373,0.0706436420722135,0.366720516962843,0.929260450160772,0.361198738170347,0.1875,0.935023771790808,0.626373626373626,0.498466257668712,0.927330173775671,0.934782608695652,0.610778443113772,0.639810426540284,0.407582938388626,0.937799043062201,0.374414976599064,0.927099841521395,0.936893203883495,0.376971608832808,0.934681181959565,0.927444794952681,0.0582677165354331,0.372854914196568,0.928682170542636,0.931854199683043,0.374193548387097,0.934375,0.928,0.374800637958533,0.272024729520866,0.9296,0.932203389830508,0.935126582278481,0.597542242703533,0.361370716510903,0.356918238993711,0.376132930513595,0.3734375,0.626984126984127,0.381761978361669,0.379095163806552,0.367851622874807,0.176838810641628,0.385964912280702,0.926493108728943,0.38,0.928571428571429,0.37442218798151,0.0199081163859112,0.00765696784073507,0.926905132192846,0.924846625766871,0.020440251572327,0.942122186495177,0.627145085803432,0.010989010989011,0.0534591194968553,0.930448222565688,0.6265625,0.934375,0.923556942277691,0.463607594936709,0.932203389830508,0.0676100628930818,0.0161030595813204,0.930708661417323,0.929770992366412,0.926216640502355,0.384493670886076,0.585438335809807,0.649501661129568,0.915514592933948,0.933125972006221,0.962145110410095,0.363067292644757,0.278041074249605,0.922600619195046,0.353968253968254,0.936630602782071,0.432646592709984,0.0368589743589744,0.361702127659574,0.373292867981791,0.400990099009901,0.931506849315068,0.0186625194401244,0.922374429223744,0.933333333333333,0.930926216640502,0.190769230769231,0.387987012987013,0.921850079744817,0.370892018779343,0.933764135702746,0.930489731437599,0.366153846153846,0.931528662420382,0.368740515933232,0.932584269662921,0.361198738170347,0.380877742946708,0.935736677115988,0.625,0.36969696969697,0.931087289433384,0.365384615384615,0.827426810477658,0.373475609756098,0.0938967136150235,0.375191424196018,0.843601895734597,0.362916006339144,0.918138041733547,0.382215288611544,0.394366197183099,0.345256609642302,0.926677067082683,0.9296,0.930769230769231,0.966019417475728,0.273322422258592,0.929797191887676,0.370786516853933,0.931464174454829,0.37152209492635,0.372128637059724,0.926605504587156,0.932148626817447,0.934351145038168,0.976489028213166,0.935779816513762,0.363777089783282,0.363636363636364,0.936434108527132,0.932584269662921,0.0016,0.0223642172523962,0.932283464566929,0.930708661417323,0.365384615384615,0.925867507886435,0.931087289433384,0.36624203821656,0.925324675324675,0.927018633540373,0.626984126984127,0.466463414634146,0.935534591194969,0.0652503793626707,0.924646781789639,0.923076923076923,0.0290519877675841,0.374608150470219,0.928343949044586,0.382945736434109,0.93217665615142,0.971563981042654,0.925632911392405,0.885802469135803,0.924646781789639,0.381578947368421,0.932917316692668,0.932601880877743,0.9375,0.0712074303405573,0.367647058823529,0.940226171243942,0.923076923076923,0.621621621621622,0.928125,0.375,0.420807453416149,0.382911392405063,0.933229813664596,0.928792569659443,0.927215189873418,0.0278207109737249,0.379421221864952,0.0225806451612903,0.936204146730462,0.361963190184049,0.357910906298003,0.41185647425897,0.0642633228840125,0.93730407523511,0.984447900466563,0.930708661417323,0.931464174454829,0.373608903020668,0.364885496183206,0.101105845181675,0.015748031496063,0.38125,0.381026438569207,0.386748844375963,0.0614173228346457,0.369565217391304,0.937019969278034,0.0758293838862559,0.377125193199382,0.926791277258567,0.925039872408293,0.932283464566929,0.371913580246914,0.369969040247678,0.014446227929374,0.931993817619784,0.369668246445498,0.361111111111111,0.930232558139535,0.922239502332815,0.374608150470219,0.632090761750405,0.938095238095238,0.924050632911392,0.63968253968254,0.931782945736434,0.352307692307692,0.926517571884984,0.36875,0.46177370030581,0.606758832565284,0.333841463414634,0.933229813664596,0.364329268292683,0.368663594470046,0.632237871674491,0.606153846153846,0.936608557844691,0.372670807453416,0.932258064516129,0.370769230769231,0.939490445859873,0.371069182389937,0.365079365079365,0.407523510971787,0.443932411674347,0.373801916932907,0.379905808477237,0.607476635514019,0.38390092879257,0.077175697865353,0.936,0.0664605873261206,0.926040061633282,0.352472089314195,0.925984251968504,0.0572755417956656,0.379527559055118,0.367507886435331,0.931637519872814,0.00150829562594268,0.930555555555556,0.0236220472440945,0.409810126582278,0.937597503900156,0.00155038759689922,0.617784711388456,0.933962264150943,0.929447852760736,0.934579439252336,0.363192182410423,0.0201550387596899,0.930769230769231,0.4858934169279,0.0288461538461538,0.428571428571429,0.374233128834356,0.374617737003058,0.931142410015649,0.945072697899838,0.920840064620355,0.932203389830508,0.936532507739938,0.00302114803625378,0.922018348623853,0.626934984520124,0.0683890577507599,0.377567140600316,0.929356357927786,0.928571428571429,0.936378466557912,0.939721792890263,0.0234741784037559,0.364615384615385,0.938080495356037,0.930599369085173,0.936065573770492,0.938095238095238,0.926380368098159,0.926100628930818,0.430091185410334,0.053484602917342,0.939490445859873,0.0184899845916795,0.368012422360248,0.360374414976599,0.925696594427245,0.455555555555556,0.364516129032258,0.367088607594937,0.919685039370079,0.0172143974960876,0.370716510903427,0.933846153846154,0.927786499215071,0.428115015974441,0.366771159874608,0.356697819314642,0.376788553259142,0.939873417721519,0.387459807073955,0.371517027863777,0.34185303514377,0.3671875,0.976851851851852,0.368663594470046,0.0207006369426752,0.377358490566038,0.0633693972179289,0.928,0.0235849056603774,0.364217252396166,0.38,0.369255150554675,0.934065934065934,0.934984520123839,0.929373996789727,0.930708661417323,0.93354943273906,0.924193548387097,0.391785150078989,0.928792569659443,0.368916797488226,0.369747899159664,0.514866979655712,0.6192,0.932721712538226,0.927131782945736,0.0607476635514019,0.369230769230769,0.0563380281690141,0.937116564417178,0.0205371248025276,0.931782945736434,0.932367149758454,0.375,0.930047694753577,0.930081300813008,0.54066985645933,0.345047923322684,0.918674698795181,0.0218408736349454,0.0288,0.927018633540373,0.929824561403509,0.935126582278481,0.0235478806907378,0.0606531881804044,0.375,0.473101265822785,0.379416282642089,0.0662557781201849,0.389507154213037,0.0220125786163522,0.927244582043344,0.928104575163399,0.364485981308411,0.377675840978593,0.177115987460815,0.392,0.373643410852713,0.376344086021505,0.928909952606635,0.935534591194969,0.375796178343949,0.926204819277108,0.0641627543035994,0.938967136150235,0.158730158730159,0.924170616113744,0.6203125,0.931782945736434,0.362776025236593,0.370192307692308,0.0123456790123457,0.621004566210046,0.933539412673879,0.934169278996865,0.722397476340694,0.823338735818476,0.376582278481013,0.371610845295056,0.93125,0.380348652931854,0.188976377952756,0.3744,0.923312883435583,0.0343213728549142,0.930599369085173,0.929577464788732,0.377567140600316,0.614516129032258,0.368589743589744,0.933115823817292,0.935534591194969,0.369905956112853,0.361331220285261,0.378834355828221,0.784345047923323,0.37597503900156,0.930489731437599,0.00470219435736677,0.923317683881064,0.936507936507937,0.630265210608424,0.588697017268446,0.378289473684211,0.00158730158730159,0.379256965944272,0.932707355242567,0.938906752411576,0.365203761755486,0.386792452830189,0.555038759689922,0.936236391912908,0.363354037267081,0.293023255813953,0.359133126934985,0.904615384615385,0.403755868544601,0.056782334384858,0.361669242658423,0.383076923076923,0.383627608346709,0.370015948963317,0.371814092953523,0.902627511591963,0.924646781789639,0.365625,0.483766233766234,0.624012638230648,0.169811320754717,0.631067961165049,0.942675159235669,0.374805598755832,0.0668789808917197,0.387147335423198,0.366043613707165,0.290322580645161,0.382775119617225,0.062111801242236,0.394654088050314,0.365506329113924,0.376602564102564,0.367924528301887
"140",0.42200328407225,0.429508196721311,0.4304,0.430693069306931,0.432,0.432520325203252,0.122778675282714,0.429508196721311,0.431781701444623,0.650741350906096,0.432,0.625199362041467,0.413008130081301,0.448051948051948,0.896103896103896,0.893964110929853,0.62962962962963,0.113902847571189,0.444262295081967,0.421311475409836,0.884176182707993,0.889430894308943,0.44391785150079,0.624398073836276,0.441269841269841,0.884126984126984,0.887959866220736,0.45546218487395,0.437299035369775,0.466129032258065,0.896,0.478468899521531,0.434571890145396,0.880258899676375,0.567434210526316,0.425894378194208,0.262560777957861,0.429936305732484,0.890625,0.42515923566879,0.112179487179487,0.107317073170732,0.116242038216561,0.439935064935065,0.429276315789474,0.88758389261745,0.885993485342019,0.886762360446571,0.900813008130081,0.893376413570275,0.5712,0.436482084690554,0.888709677419355,0.42741935483871,0.425566343042071,0.698205546492659,0.242225859247136,0.433441558441558,0.440894568690096,0.439418416801292,0.882260596546311,0.891056910569106,0.889250814332248,0.125806451612903,0.431666666666667,0.4416,0.619967793880837,0.427406199021207,0.620689655172414,0.886762360446571,0.427184466019417,0.894480519480519,0.893864013266998,0.385502471169687,0.272727272727273,0.44131455399061,0.888888888888889,0.882445141065831,0.43581616481775,0.887603305785124,0.669463087248322,0.887973640856672,0.888888888888889,0.435772357723577,0.884927066450567,0.43171114599686,0.429276315789474,0.448220064724919,0.427406199021207,0.113782051282051,0.428571428571429,0.441679626749611,0.579804560260586,0.661927330173776,0.427168576104746,0.622848200312989,0.576985413290113,0.424242424242424,0.243654822335025,0.112211221122112,0.430441898527005,0.616144975288303,0.899186991869919,0.435726210350584,0.88562091503268,0.432956381260097,0.11869918699187,0.442338072669826,0.87741935483871,0.886914378029079,0.882352941176471,0.420545746388443,0.88529886914378,0.446774193548387,0.330683624801272,0.426332288401254,0.885350318471338,0.512698412698413,0.885400313971743,0.88529886914378,0.331723027375201,0.426256077795786,0.896940418679549,0.88628762541806,0.42654028436019,0.889245585874799,0.433229813664596,0.424483306836248,0.497584541062802,0.915335463258786,0.427642276422764,0.887438825448613,0.446982055464927,0.597826086956522,0.434210526315789,0.892455858747994,0.117932148626817,0.895498392282958,0.363192182410423,1,0.663430420711974,0.669381107491857,0.431340872374798,0.435643564356436,0.888709677419355,0.42215088282504,0.886292834890966,0.419249592169657,0.398073836276083,0.43956043956044,0.89672131147541,0.425531914893617,0.433006535947712,0.431177446102819,0.435562805872757,0.886178861788618,0.437194127243067,0.886138613861386,0.572815533980582,0.430842607313196,0.8912,0.433489827856025,0.888349514563107,0.645320197044335,0.434426229508197,0.893267651888342,0.445880452342488,0.433224755700326,0.45016077170418,0.876404494382023,0.446054750402576,0.8896,0.431596091205212,0.878836833602585,0.430693069306931,0.890522875816993,0.638573743922204,0.4048,0.155290102389079,0.410801963993453,0.429967426710098,0.898026315789474,0.414355628058728,0.435064935064935,0.437299035369775,0.446601941747573,0.895595432300163,0.883870967741936,0.450915141430948,0.434991974317817,0.882725832012678,0.884678747940692,0.432038834951456,0.353996737357259,0.141304347826087,0.567260940032415,0.891373801916933,0.116883116883117,0.428346456692913,0.889776357827476,0.435855263157895,0.422047244094488,0.419968304278922,0.897893030794165,0.89622641509434,0.889802631578947,0.440758293838863,0.425956738768719,0.423263327948304,0.582922824302135,0.419249592169657,0.894736842105263,0.410130718954248,0.894909688013136,0.88562091503268,0.577170418006431,0.439024390243902,0.431924882629108,0.42512077294686,0.422893481717011,0.422697368421053,0.61437908496732,0.880258899676375,0.884430176565008,0.441786283891547,0.119047619047619,0.443381180223285,0.438184663536776,0.439868204283361,0.424920127795527,0.413961038961039,0.438184663536776,0.601957585644372,0.504012841091493,0.423756019261637,0.881107491856677,0.434571890145396,0.879365079365079,0.425431711145997,0.420880913539967,0.427184466019417,0.446982055464927,0.425956738768719,0.878836833602585,0.436102236421725,0.6875,0.883031301482702,0.895071542130366,0.882160392798691,0.882544861337684,0.884488448844885,0.981788079470199,0.880452342487884,0.87620578778135,0.872408293460925,0.439222042139384,0.88474025974026,0.43,0.103833865814696,0.877850162866449,0.526898734177215,0.903814262023217,0.426446280991736,0.436392914653784,0.434640522875817,0.560855263157895,0.9008,0.437106918238994,0.883913764510779,0.896875,0.885483870967742,0.895833333333333,0.116883116883117,0.419141914191419,0.891547049441786,0.886138613861386,0.432786885245902,0.892976588628763,0.440129449838188,0.877358490566038,0.908943089430894,0.421311475409836,0.438625204582651,0.414556962025316,0.27491961414791,0.446457990115321,0.112721417069243,0.641975308641975,0.885714285714286,0.4384,0.424793388429752,0.659711075441412,0.8864,0.881578947368421,0.448445171849427,0.444983818770227,0.885167464114832,0.583870967741935,0.59567387687188,0.424590163934426,0.437603993344426,0.88801261829653,0.435772357723577,0.427899686520376,0.890127388535032,0.425566343042071,0.414944356120827,0.88529886914378,0.42200328407225,0.42483660130719,0.434782608695652,0.435126582278481,0.884364820846905,0.892857142857143,0.898527004909984,0.420711974110032,0.441558441558442,0.121212121212121,0.878444084278768,0.434494195688226,0.896713615023474,0.895934959349593,0.411764705882353,0.443561208267091,0.409309791332263,0.435275080906149,0.424390243902439,0.87987012987013,0.423701298701299,0.434426229508197,0.661666666666667,0.895071542130366,0.972357723577236,0.887096774193548,0.108974358974359,0.879614767255217,0.436018957345972,0.897727272727273,0.888709677419355,0.557661927330174,0.892628205128205,0.441127694859038,0.896713615023474,0.423645320197044,0.416666666666667,0.436392914653784,0.892332789559543,0.900158478605388,0.43042071197411,0.369205298013245,0.608130081300813,0.420032310177706,0.880064829821718,0.889621087314662,0.899835796387521,0.427868852459016,0.891509433962264,0.328548644338118,0.88529886914378,0.88780487804878,0.888146911519199,0.888888888888889,0.431528662420382,0.882838283828383,0.419898819561551,0.441935483870968,0.566775244299674,0.424193548387097,0.892682926829268,0.439613526570048,0.421303656597774,0.42620232172471,0.892682926829268,0.426307448494453,0.890909090909091,0.436908517350158,0.396496815286624,0.453047775947282,0.441515650741351,0.426517571884984,0.895253682487725,0.425774877650897,0.42443729903537,0.886581469648562,0.882636655948553,0.429497568881686,0.424193548387097,0.892628205128205,0.600633914421553,0.425986842105263,0.445723684210526,0.432739059967585,0.5664,0.887459807073955,0.397350993377483,0.879807692307692,0.538461538461538,0.424092409240924,0.1072,0.752396166134185,0.435562805872757,0.425806451612903,0.119565217391304,0.148148148148148,0.868852459016393,0.432078559738134,0.88562091503268,0.430441898527005,0.424749163879599,0.89344262295082,0.440570522979398,0.435351882160393,0.5696,0.889789303079417,0.442463533225284,0.428802588996764,0.893548387096774,0.424483306836248,0.427860696517413,0.886178861788618,0.462279293739968,0.415857605177994,0.4375,0.439613526570048,0.681089743589744,0.893203883495146,0.913680781758958,0.888364779874214,0.900481540930979,0.114192495921697,0.883757961783439,0.879227053140097,0.8921875,0.55700325732899,0.890547263681592,0.427892234548336,0.882165605095541,0.443910256410256,0.883572567783094,0.645669291338583,0.610845295055821,0.431528662420382,0.441640378548896,0.609677419354839,0.421666666666667,0.108974358974359,0.603531300160514,0.6,0.426307448494453,0.109298531810767,0.431818181818182,0.4256,0.916393442622951,0.435483870967742,0.571428571428571,0.644844517184943,0.431147540983607,0.438003220611916,0.418416801292407,0.894480519480519,0.140866873065015,0.0983333333333333,0.437802907915994,0.435562805872757,0.395833333333333,0.885167464114832,0.463414634146341,0.437299035369775,0.886138613861386,0.4112,0.828200972447326,0.655683690280066,0.878980891719745,0.893249607535322,0.887372013651877,0.43581616481775,0.645833333333333,0.450079239302694,0.417376490630324,0.424878836833603,0.559429477020602,0.886855241264559,0.438625204582651,0.896607431340872,0.440677966101695,0.427609427609428,0.883647798742138,0.435855263157895,0.893416927899687,0.436392914653784,0.884244372990354,0.895867768595041,0.438311688311688,0.107142857142857,0.892913385826772,0.448553054662379,0.887070376432079,0.490384615384615,0.886435331230284,0.630990415335463,0.888888888888889,0.485294117647059,0.889983579638752,0.447882736156352,0.884430176565008,0.891547049441786,0.892455858747994,0.431340872374798,0.427631578947368,0.431496062992126,0.400332225913621,0.446843853820598,0.43317230273752,0.881578947368421,0.436988543371522,0.893653516295026,0.898894154818325,0.436507936507937,0.430441898527005,0.421303656597774,0.351701782820097,0.425196850393701,0.89297124600639,0.905144694533762,0.42902711323764,0.439344262295082,0.626029654036244,0.63953488372093,0.422697368421053,0.442434210526316,0.883223684210526,0.428343949044586,0.423963133640553,0.8816,0.433673469387755,0.426073131955485,0.112903225806452,0.26517571884984,0.436392914653784,0.565420560747664,0.429497568881686,0.439739413680782,0.667189952904239,0.894651539708266,0.420454545454545,0.888349514563107,0.425837320574163,0.395799676898223,0.437704918032787,0.370662460567823,0.427406199021207,0.899505766062603,0.431561996779388,0.430194805194805,0.451986754966887,0.578864353312303,0.887563884156729,0.436454849498328,0.436220472440945,0.0985221674876847,0.436908517350158,0.893030794165316,0.840510366826156,0.892682926829268,0.432646592709984,0.428571428571429,0.431147540983607,0.648264984227129,0.883031301482702,0.651239669421488,0.434359805510535,0.889763779527559,0.890850722311397,0.858974358974359,0.555555555555556,0.438003220611916,0.380573248407643,0.43879173290938,0.438985736925515,0.891089108910891,0.878787878787879,0.622764227642276,0.595846645367412,0.896272285251216,0.884552845528455,0.8864,0.579901153212521,0.894904458598726,0.429906542056075,0.570032573289902,0.89540412044374,0.447665056360709,0.440983606557377,0.430645161290323,0.889952153110048,0.894154818325434,0.610648918469218,0.430868167202572,0.894651539708266,0.894991922455573,0.44336569579288,0.428343949044586,0.887987012987013,0.110552763819095,0.4185667752443,0.425774877650897,0.115894039735099,0.426307448494453,0.899521531100478,0.435215946843854,0.891233766233766,0.273015873015873,0.115323854660348,0.982731554160126,0.447495961227787,0.884984025559105,0.892063492063492,0.0988654781199352,0.118780096308186,0.4336,0.895161290322581,0.42713567839196,0.8875,0.423701298701299,0.882160392798691,0.892508143322476,0.847790507364975,0.886581469648562,0.887043189368771,0.88562091503268,0.10586319218241,0.882725832012678,0.647058823529412,0.429967426710098,0.570747217806041,0.440381558028617,0.885807504078303,0.420454545454545,0.567353407290016,0.888707037643208,0.891447368421053,0.432343234323432,0.612752721617418,0.446570972886762,0.65210355987055,0.850406504065041,0.434571890145396,0.611464968152866,0.128455284552846,0.416531604538088,0.436305732484076,0.4304,0.884422110552764,0.603744149765991,0.418006430868167,0.778140293637847,0.657284768211921,0.859399684044234,0.892857142857143,0.893819334389857,0.42443729903537,0.423333333333333,0.433224755700326,0.420382165605096,0.423510466988728,0.633228840125392,0.413629160063391,0.112,0.569230769230769,0.886255924170616,0.431596091205212,0.426446280991736,0.429042904290429,0.430359937402191,0.646592709984152,0.883386581469649,0.434920634920635,0.436187399030695,0.442953020134228,0.434146341463415,0.437001594896332,0.429725363489499,0.31911532385466,0.595,0.428341384863124,0.6464,0.889067524115756,0.367313915857605,0.435772357723577,0.812709030100334,0.898502495840266,0.888529886914378,0.440514469453376,0.605431309904153,0.888535031847134,0.426127527216174,0.419249592169657,0.85172981878089,0.888349514563107,0.890701468189233,0.889075630252101,0.421221864951768,0.905785123966942,0.884430176565008,0.981967213114754,0.899505766062603,0.411671924290221,0.887480190174326,0.638935108153078,0.896440129449838,0.55877616747182,0.431372549019608,0.660098522167488,0.893267651888342,0.883306320907618,0.894736842105263,0.437699680511182,0.428115015974441,0.440199335548173,0.436305732484076,0.438625204582651,0.438511326860841,0.871287128712871,0.419672131147541,0.887459807073955,0.886363636363636,0.852564102564103,0.108019639934534,0.439807383627608,0.437299035369775,0.57007874015748,0.891167192429022,0.649180327868852,0.441269841269841,0.610305958132045,0.425806451612903,0.438127090301003,0.882160392798691,0.420195439739414,0.427609427609428,0.820846905537459,0.974916387959866,0.438271604938272,0.645424836601307,0.640983606557377,0.438003220611916,0.445705024311183,0.419773095623987,0.640776699029126,0.560702875399361,0.886363636363636,0.786296900489396,0.883647798742138,0.552166934189406,0.877049180327869,0.640132669983416,0.436392914653784,0.440065681444992,0.90224358974359,0.878164556962025,0.567567567567568,0.889072847682119,0.881064162754304,0.8864,0.432565789473684,0.440514469453376,0.899022801302932,0.425465838509317,0.576243980738363,0.436781609195402,0.589951377633712,0.42339373970346,0.105939004815409,0.412044374009509,0.885057471264368,0.881773399014778,0.63474025974026,0.117088607594937,0.436392914653784,0.43042071197411,0.213938411669368,0.536544850498339,0.891980360065466,0.885057471264368,0.429252782193959,0.884552845528455,0.546191247974068,0.892739273927393,0.45125786163522,0.664,0.435691318327974,0.429276315789474,0.888349514563107,0.10981697171381,0.880794701986755,0.420529801324503,0.433224755700326,0.884057971014493,0.884430176565008,0.882445141065831,0.5625,0.889250814332248,0.441033925686591,0.6032,0.45,0.443333333333333,0.115015974440895,0.171009771986971,0.895253682487725,0.619902120717781,0.885245901639344,0.436893203883495,0.429284525790349,0.887417218543046,0.885245901639344,0.286858974358974,0.427884615384615,0.890649762282092,0.936708860759494,0.888535031847134,0.441786283891547,0.32516339869281,0.566129032258065,0.88529886914378,0.883280757097792,0.899022801302932,0.88780487804878,0.894819466248038,0.402912621359223,0.416531604538088,0.89776357827476,0.235785953177258,0.115635179153094,0.577922077922078,0.108474576271186,0.428802588996764,0.887278582930757,0.572815533980582,0.880064829821718,0.890649762282092,0.938808373590982,0.883223684210526,0.57484076433121,0.88780487804878,0.894295302013423,0.885113268608414,0.887820512820513
"141",0.106858054226475,0.103338632750397,0.0972886762360447,0.0961538461538462,0.0976744186046512,0.1078125,0.395461912479741,0.101426307448494,0.103286384976526,1,0.100470957613815,0.94912559618442,0.0879120879120879,0.106518282988871,0.58974358974359,0.602184087363494,0.978090766823161,0.416938110749186,0.106349206349206,0.102848101265823,0.6,0.591772151898734,0.107309486780715,0.943573667711599,0.115444617784711,0.5734375,0.583870967741935,0.100323624595469,0.112480739599384,0.135220125786164,0.5953125,0.151702786377709,0.0764430577223089,0.596825396825397,0.908227848101266,0.111111111111111,0.576862123613312,0.105100463678516,0.607361963190184,0.109204368174727,0.437299035369775,0.419558359621451,0.414483821263482,0.102040816326531,0.106349206349206,0.57784911717496,0.592063492063492,0.588697017268446,0.580893682588598,0.572317262830482,0.896551724137931,0.0992,0.582554517133956,0.0977917981072555,0.1078125,0.388888888888889,0.54066985645933,0.0974842767295598,0.109034267912773,0.102362204724409,0.569678407350689,0.572555205047319,0.5814696485623,0.432907348242812,0.108589951377634,0.110764430577223,0.955484896661367,0.106583072100313,0.975609756097561,0.575851393188854,0.0961240310077519,0.583201267828843,0.5664,0.137096774193548,0.598145285935085,0.108562691131498,0.588414634146341,0.562596599690881,0.101404056162246,0.584142394822006,1,0.571653543307087,0.577952755905512,0.113207547169811,0.566358024691358,0.101978691019787,0.103668261562998,0.0992125984251968,0.105431309904153,0.416275430359937,0.0990415335463259,0.0906298003072197,0.903726708074534,1,0.0962145110410095,0.953917050691244,0.901253918495298,0.100463678516229,0.558966074313409,0.421553090332805,0.103448275862069,0.966719492868463,0.589341692789969,0.115072933549433,0.585326953748006,0.103833865814696,0.4234375,0.10641627543036,0.571428571428571,0.583463338533541,0.576323987538941,0.110236220472441,0.573667711598746,0.10828025477707,0.63206106870229,0.107692307692308,0.5859375,0.808777429467085,0.567026194144838,0.583601286173633,0.635528330781011,0.107981220657277,0.582434514637905,0.577170418006431,0.0973724884080371,0.598425196850394,0.0993975903614458,0.102290076335878,0.7824,0.567651632970451,0.0996784565916399,0.580952380952381,0.0985691573926868,0.948484848484848,0.0941558441558442,0.578125,0.430359937402191,0.570754716981132,0.0298273155416013,0.663430420711974,1,1,0.106451612903226,0.102439024390244,0.571428571428571,0.0982839313572543,0.585106382978723,0.105180533751962,0.0882352941176471,0.111280487804878,0.588709677419355,0.0944,0.1104,0.106858054226475,0.0886075949367089,0.574367088607595,0.113207547169811,0.576433121019108,0.853582554517134,0.105180533751962,0.5828125,0.107033639143731,0.593059936908517,0.996805111821086,0.0954692556634304,0.591414944356121,0.112519809825674,0.108661417322835,0.106918238993711,0.564945226917058,0.111287758346582,0.57753164556962,0.101426307448494,0.576862123613312,0.104918032786885,0.581504702194357,0.992236024844721,0.0947204968944099,0.477124183006536,0.101449275362319,0.110236220472441,0.591414944356121,0.0996835443037975,0.105511811023622,0.106811145510836,0.100787401574803,0.577464788732394,0.580893682588598,0.112179487179487,0.104851330203443,0.576138147566719,0.592,0.101880877742947,0.671850699844479,0.436641221374046,0.891679748822606,0.586314152410575,0.440758293838863,0.102167182662539,0.574074074074074,0.105769230769231,0.100456621004566,0.0934579439252336,0.594679186228482,0.587596899224806,0.573717948717949,0.104454685099846,0.104065040650407,0.0965732087227414,0.90952380952381,0.103503184713376,0.594249201277955,0.0749601275917065,0.5808,0.582417582417582,0.374803149606299,0.0996784565916399,0.109567901234568,0.0957613814756672,0.106646058732612,0.0988835725677831,0.947784810126582,0.577287066246057,0.576036866359447,0.106153846153846,0.423017107309487,0.10806697108067,0.109230769230769,0.105754276827372,0.110077519379845,0.104928457869634,0.104229607250755,0.899068322981366,0.796923076923077,0.110077519379845,0.588607594936709,0.0992,0.595911949685535,0.100917431192661,0.10031847133758,0.0965189873417722,0.1056,0.108064516129032,0.573692551505547,0.103286384976526,0.373801916932907,0.565560821484992,0.568567026194145,0.580286168521463,0.57051282051282,0.57120253164557,0.6768,0.565420560747664,0.583463338533541,0.583987441130298,0.110419906687403,0.573667711598746,0.0985221674876847,0.41640866873065,0.582554517133956,0.803738317757009,0.569157392686804,0.10410094637224,0.100158982511924,0.10410094637224,0.846153846153846,0.59717868338558,0.0947204968944099,0.581102362204724,0.575572519083969,0.582417582417582,0.580398162327718,0.418096723868955,0.100478468899522,0.580594679186229,0.58161648177496,0.103174603174603,0.607431340872375,0.109230769230769,0.588235294117647,0.599686028257457,0.0993589743589744,0.104669887278583,0.107255520504732,0.570300157977883,0.107544141252006,0.41185647425897,0.992458521870287,0.580696202531646,0.107309486780715,0.0980707395498392,1,0.575193798449612,0.580645161290323,0.101777059773829,0.105008077544426,0.582945736434109,0.9258114374034,0.894060995184591,0.105263157894737,0.105090311986864,0.573415765069552,0.0998415213946117,0.111280487804878,0.591263650546022,0.10355486862442,0.105100463678516,0.584518167456556,0.100638977635783,0.101748807631161,0.10377358490566,0.105845181674566,0.574534161490683,0.599388379204893,0.579545454545455,0.104199066874028,0.105180533751962,0.428571428571429,0.579288025889968,0.0995184590690209,0.584615384615385,0.60126582278481,0.101851851851852,0.0987460815047022,0.100156494522692,0.101748807631161,0.100946372239748,0.567140600315956,0.110935023771791,0.112852664576803,0.99025974025974,0.566510172143975,0.604465709728868,0.585760517799353,0.424920127795527,0.575851393188854,0.100303951367781,0.5984,0.573248407643312,0.847723704866562,0.582298136645963,0.100158982511924,0.578052550231839,0.1056,0.101748807631161,0.106481481481481,0.592063492063492,0.588419405320814,0.105754276827372,0.0158730158730159,0.96984126984127,0.106349206349206,0.576036866359447,0.579710144927536,0.584664536741214,0.0888888888888889,0.567233384853168,0.642969984202212,0.572769953051643,0.587774294670846,0.588709677419355,0.593650793650794,0.0964230171073095,0.573015873015873,0.0910569105691057,0.0950871632329636,0.904238618524333,0.106180665610143,0.580696202531646,0.103395061728395,0.104037267080745,0.104918032786885,0.578446909667195,0.102325581395349,0.591276252019386,0.103076923076923,0.0735524256651017,0.111635220125786,0.103174603174603,0.102325581395349,0.590909090909091,0.0922330097087379,0.106451612903226,0.585023400936037,0.591482649842271,0.102643856920684,0.0993788819875776,0.588328075709779,0.917829457364341,0.110047846889952,0.0998415213946117,0.0976744186046512,0.889589905362776,0.585760517799353,0.10016155088853,0.58411214953271,0.853932584269663,0.0995184590690209,0.4234375,0.457364341085271,0.10702875399361,0.0993690851735016,0.425787106446777,0.407936507936508,0.547880690737834,0.101910828025478,0.578616352201258,0.115323854660348,0.0925324675324675,0.568471337579618,0.104928457869634,0.109872611464968,0.9072,0.582018927444795,0.110062893081761,0.100313479623824,0.575806451612903,0.0979782270606532,0.100486223662885,0.582417582417582,0.762790697674419,0.105095541401274,0.105754276827372,0.0985915492957746,0.357698289269051,0.593798449612403,0.600638977635783,0.581288343558282,0.58678955453149,0.414012738853503,0.569230769230769,0.563579277864992,0.580495356037152,0.86053882725832,0.585089141004862,0.104615384615385,0.577335375191424,0.102685624012638,0.58125,0.990963855421687,0.964723926380368,0.101382488479263,0.111801242236025,0.950871632329635,0.0965630114566285,0.417818740399386,0.956318252730109,0.909379968203498,0.105100463678516,0.413416536661466,0.0985915492957746,0.1046875,0.566666666666667,0.1046875,0.896875,0.998387096774194,0.103174603174603,0.113707165109034,0.117460317460317,0.585173501577287,0.453996983408748,0.396103896103896,0.114374034003091,0.1046875,0.0690737833594976,0.591549295774648,0.761904761904762,0.108150470219436,0.594896331738437,0.103610675039246,0.522834645669291,0.990461049284579,0.596244131455399,0.592933947772657,0.572390572390572,0.106317411402157,0.990712074303406,0.109923664122137,0.0975609756097561,0.103610675039246,0.854517611026034,0.5776,0.117647058823529,0.595541401273885,0.103109656301146,0.103174603174603,0.590697674418605,0.104265402843602,0.584848484848485,0.104199066874028,0.5829307568438,0.585987261146497,0.0970266040688576,0.421725239616613,0.592424242424242,0.101246105919003,0.596153846153846,0.144427001569859,0.589041095890411,0.947122861586314,0.589147286821705,0.127591706539075,0.594855305466238,0.123176661264182,0.576138147566719,0.561430793157076,0.604724409448819,0.106583072100313,0.107142857142857,0.101669195751138,0.06645056726094,0.762135922330097,0.107255520504732,0.572815533980582,0.105095541401274,0.585,0.586890243902439,0.107309486780715,0.103833865814696,0.0966257668711656,0.00949367088607595,0.101694915254237,0.585516178736518,0.593167701863354,0.0955315870570108,0.100470957613815,0.968253968253968,0.990430622009569,0.105845181674566,0.10126582278481,0.577777777777778,0.110248447204969,0.0987841945288754,0.587025316455696,0.112179487179487,0.108150470219436,0.415503875968992,0.574961360123648,0.0971786833855799,0.90210843373494,0.109004739336493,0.111811023622047,1,0.584664536741214,0.10031847133758,0.577287066246057,0.101286173633441,0.0635930047694754,0.111459968602826,0.0782472613458529,0.102803738317757,0.578864353312303,0.0974842767295598,0.0940032414910859,0.0988835725677831,0.902021772939347,0.587275693311582,0.0914927768860353,0.108359133126935,0.418789808917197,0.0995334370139969,0.580031695721078,0.53198127925117,0.5734375,0.103715170278638,0.105754276827372,0.109204368174727,1,0.5776,0.988745980707395,0.0953125,0.595054095826893,0.597200622083981,0.553125,0.897476340694006,0.101123595505618,0.0423861852433281,0.107309486780715,0.100308641975309,0.572337042925278,0.586153846153846,0.934272300469484,0.9504,0.58528951486698,0.583732057416268,0.5671875,0.900813008130081,0.596923076923077,0.101694915254237,0.893141945773525,0.582554517133956,0.107424960505529,0.106518282988871,0.100478468899522,0.580093312597201,0.584992343032159,0.957792207792208,0.10126582278481,0.591194968553459,0.594090202177294,0.111801242236025,0.111111111111111,0.572555205047319,0.405492730210016,0.096,0.1072,0.408945686900958,0.1046875,0.588597842835131,0.111464968152866,0.589905362776025,0.584518167456556,0.438759689922481,0.690184049079755,0.103448275862069,0.592024539877301,0.58307210031348,0.413953488372093,0.436923076923077,0.0977917981072555,0.579277864992151,0.101612903225806,0.576271186440678,0.097444089456869,0.5828125,0.591935483870968,0.544740973312402,0.566037735849057,0.568910256410256,0.582938388625592,0.431309904153355,0.573248407643312,0.965798045602606,0.09375,0.905487804878049,0.101404056162246,0.6016,0.109204368174727,0.906940063091483,0.57784911717496,0.582664526484751,0.0976,0.965465465465465,0.107644305772231,1,0.550156739811912,0.0946372239747634,0.968602825745683,0.431279620853081,0.100787401574803,0.105345911949686,0.103125,0.585924713584288,0.944272445820433,0.0959752321981424,0.462757527733756,1,0.543478260869565,0.580542264752791,0.575427682737169,0.102362204724409,0.0754098360655738,0.112359550561798,0.100470957613815,0.101721439749609,0.975646879756469,0.108527131782946,0.422600619195046,0.897435897435897,0.5765625,0.102803738317757,0.108832807570978,0.0977198697068404,0.0989180834621329,0.99537750385208,0.574534161490683,0.0925925925925926,0.0998415213946117,0.0972447325769854,0.095389507154213,0.11353032659409,0.1078125,0.633738601823708,0.9232,0.0998415213946117,0.992248062015504,0.584786053882726,0.685446009389671,0.108150470219436,0.503184713375796,0.595394736842105,0.577708006279435,0.113057324840764,0.953271028037383,0.578783151326053,0.0947867298578199,0.109546165884194,0.5311004784689,0.58712715855573,0.591263650546022,0.573482428115016,0.0976377952755905,0.591414944356121,0.575663026521061,0.671474358974359,0.586538461538462,0.0595611285266458,0.590214067278288,0.993453355155483,0.582159624413146,0.896389324960754,0.110759493670886,0.998384491114701,0.594551282051282,0.566037735849057,0.587859424920128,0.1046875,0.0906200317965024,0.104501607717042,0.10377358490566,0.106451612903226,0.106969205834684,0.563897763578275,0.106750392464678,0.584518167456556,0.583892617449664,0.491365777080063,0.423701298701299,0.103286384976526,0.1078125,0.901869158878505,0.582181259600614,0.976780185758514,0.0958904109589041,0.947452229299363,0.102848101265823,0.106209150326797,0.579617834394904,0.107424960505529,0.101328903654485,0.472353870458136,0.666121112929624,0.109445277361319,0.993537964458804,1,0.101088646967341,0.104333868378812,0.0984375,0.993660855784469,0.904388714733542,0.580745341614907,0.474921630094044,0.576271186440678,0.903522205206738,0.560702875399361,0.99203821656051,0.103011093502377,0.104404567699837,0.590342679127726,0.578369905956113,0.866877971473851,0.572107765451664,0.582945736434109,0.584375,0.105015673981191,0.102325581395349,0.572567783094099,0.102874432677761,0.904088050314465,0.0904836193447738,0.882911392405063,0.112519809825674,0.430793157076205,0.0990712074303406,0.587227414330218,0.591572123176661,0.993620414673046,0.421875,0.100313479623824,0.0968253968253968,0.308426073131955,0.20949263502455,0.578525641025641,0.586921850079745,0.101246105919003,0.583732057416268,0.849683544303797,0.583732057416268,0.114854517611026,0.996884735202492,0.105345911949686,0.0984126984126984,0.581395348837209,0.422077922077922,0.593949044585987,0.110032362459547,0.0962145110410095,0.586314152410575,0.58609794628752,0.572530864197531,0.243630573248408,0.580542264752791,0.112,0.966049382716049,0.106646058732612,0.100486223662885,0.409582689335394,0.457869634340223,0.579967689822294,0.968553459119497,0.56782334384858,0.103448275862069,0.0898876404494382,0.594294770206022,0.564593301435407,0.482059282371295,0.101880877742947,0.587326120556414,0.689547581903276,0.591194968553459,0.125776397515528,0.640253565768621,0.910518053375196,0.595879556259905,0.577812018489985,0.576489533011272,0.58252427184466,0.582701062215478,0.12888198757764,0.106349206349206,0.590837282780411,0.54983922829582,0.418006430868167,0.864274570982839,0.413961038961039,0.0943396226415094,0.572093023255814,0.909810126582278,0.575427682737169,0.587774294670846,0.714953271028037,0.563779527559055,0.905132192846034,0.568535825545171,0.586370839936609,0.57667731629393,0.590979782270607
"142",0.0969793322734499,0.0971337579617834,0.0916271721958926,0.0851735015772871,0.0921875,0.0981012658227848,0.38610662358643,0.0969793322734499,0.0953125,1,0.0914728682170543,0.953343701399689,0.0861788617886179,0.0988835725677831,0.605095541401274,0.614173228346457,0.97542242703533,0.40194489465154,0.0980707395498392,0.0938967136150235,0.613207547169811,0.610576923076923,0.0990712074303406,0.947286821705426,0.107858243451464,0.57984496124031,0.603559870550162,0.0980392156862745,0.105022831050228,0.138314785373609,0.605590062111801,0.170046801872075,0.0747663551401869,0.611727416798732,0.912420382165605,0.102479338842975,0.563380281690141,0.0978260869565217,0.615151515151515,0.105426356589147,0.427432216905901,0.403755868544601,0.402439024390244,0.0962145110410095,0.1008,0.594202898550725,0.60377358490566,0.604615384615385,0.6015625,0.586259541984733,0.902927580893683,0.0916271721958926,0.595348837209302,0.0936507936507937,0.105015673981191,0.41390205371248,0.524879614767255,0.0940438871473354,0.102643856920684,0.0960629921259843,0.577572964669739,0.593996840442338,0.595576619273302,0.411949685534591,0.101777059773829,0.107644305772231,0.954041204437401,0.0998415213946117,0.978787878787879,0.588055130168453,0.0900621118012422,0.603448275862069,0.5888,0.126805778491172,0.572307692307692,0.1,0.61171032357473,0.574500768049155,0.0941358024691358,0.599348534201954,1,0.591772151898734,0.588888888888889,0.105919003115265,0.585403726708075,0.0958904109589041,0.0935023771790808,0.094488188976378,0.0987261146496815,0.397476340694006,0.0935023771790808,0.0805471124620061,0.907523510971787,1,0.0903225806451613,0.952599388379205,0.902208201892745,0.0992248062015504,0.527597402597403,0.400316455696203,0.0966719492868463,0.968253968253968,0.613057324840764,0.102564102564103,0.602523659305994,0.0932069510268562,0.402496099843994,0.101426307448494,0.588888888888889,0.591117917304747,0.584496124031008,0.102803738317757,0.587596899224806,0.0992125984251968,0.610852713178295,0.101361573373676,0.596825396825397,0.810852713178295,0.59577677224736,0.594936708860759,0.628705148205928,0.101246105919003,0.598173515981735,0.603225806451613,0.0902021772939347,0.609375,0.0944527736131934,0.0965309200603318,0.784929356357928,0.573394495412844,0.0925039872408294,0.594383775351014,0.094488188976378,0.950524737631184,0.0897435897435897,0.609494640122512,0.416012558869702,0.58740157480315,0.028125,0.669381107491857,1,1,0.0985691573926868,0.0958466453674121,0.586261980830671,0.089644513137558,0.60790273556231,0.10062893081761,0.0930232558139535,0.102643856920684,0.593192868719611,0.0904836193447738,0.103610675039246,0.0993690851735016,0.0881889763779528,0.587301587301587,0.102523659305994,0.5824,0.854489164086687,0.0989180834621329,0.608424336973479,0.107033639143731,0.609448818897638,0.995283018867924,0.0897435897435897,0.600315955766193,0.105511811023622,0.0993788819875776,0.0989010989010989,0.586314152410575,0.103610675039246,0.587025316455696,0.0956112852664577,0.593798449612403,0.0996784565916399,0.596491228070175,0.988993710691824,0.0883280757097792,0.456168831168831,0.0959119496855346,0.0993788819875776,0.603531300160514,0.0950155763239875,0.0956112852664577,0.0981308411214953,0.0957613814756672,0.599063962558502,0.600308641975309,0.105348460291734,0.0973724884080371,0.595054095826893,0.605769230769231,0.0953125,0.652380952380952,0.423135464231355,0.899212598425197,0.602825745682888,0.42472266244057,0.093603744149766,0.594427244582043,0.100323624595469,0.0973724884080371,0.0880503144654088,0.609375,0.595092024539877,0.591572123176661,0.104134762633997,0.094551282051282,0.0863422291993721,0.917591125198098,0.0998389694041868,0.6144,0.0737833594976452,0.592417061611374,0.593996840442338,0.3640625,0.0958466453674121,0.101721439749609,0.0911949685534591,0.0996884735202492,0.0916271721958926,0.948356807511737,0.593354430379747,0.593457943925234,0.10355486862442,0.409375,0.0967741935483871,0.104387291981846,0.1024,0.0987460815047022,0.0981012658227848,0.0995405819295559,0.909797822706065,0.794992175273865,0.102167182662539,0.596491228070175,0.0950080515297907,0.6046875,0.0962732919254658,0.0917721518987342,0.0899053627760252,0.0968253968253968,0.101449275362319,0.588607594936709,0.0956112852664577,0.394321766561514,0.577952755905512,0.583333333333333,0.592948717948718,0.584518167456556,0.580128205128205,0.68,0.585023400936037,0.59472049689441,0.593798449612403,0.100308641975309,0.589424572317263,0.0939044481054366,0.396341463414634,0.594383775351014,0.804347826086957,0.584518167456556,0.0961538461538462,0.094488188976378,0.0967238689547582,0.846275752773376,0.614664586583463,0.0842433697347894,0.594594594594595,0.589665653495441,0.60377358490566,0.604361370716511,0.406299212598425,0.0919175911251981,0.595419847328244,0.596825396825397,0.0943396226415094,0.616747181964573,0.103235747303544,0.595348837209302,0.614533965244866,0.0944,0.0979133226324237,0.0993788819875776,0.552547770700637,0.098256735340729,0.391371340523883,0.992412746585736,0.59717868338558,0.10077519379845,0.0926517571884984,1,0.594383775351014,0.598715890850722,0.100323624595469,0.0977917981072555,0.599693251533742,0.926332288401254,0.903691813804173,0.0990415335463259,0.099025974025974,0.581395348837209,0.09375,0.103658536585366,0.603715170278638,0.096875,0.0981308411214953,0.604395604395604,0.0989010989010989,0.0927672955974843,0.0981308411214953,0.097331240188383,0.587955625990491,0.608562691131499,0.597402597402597,0.0946372239747634,0.0977917981072555,0.412942989214176,0.587227414330218,0.0910569105691057,0.598449612403101,0.615625,0.0946564885496183,0.0910493827160494,0.0987654320987654,0.0953125,0.0930232558139535,0.580594679186229,0.0996835443037975,0.106646058732612,0.990322580645161,0.582554517133956,0.611727416798732,0.611111111111111,0.415873015873016,0.591263650546022,0.0932721712538226,0.607255520504732,0.589540412044374,0.847589424572317,0.593846153846154,0.0987261146496815,0.590839694656489,0.100158982511924,0.0971786833855799,0.102325581395349,0.607936507936508,0.601226993865031,0.0977917981072555,0.0195439739413681,0.965463108320251,0.1088,0.599690880989181,0.600638977635783,0.610932475884244,0.0882825040128411,0.588597842835131,0.634645669291339,0.59375,0.607535321821036,0.600315955766193,0.611635220125786,0.0914728682170543,0.584664536741214,0.0889967637540453,0.0911949685534591,0.910658307210031,0.1024,0.597791798107255,0.101880877742947,0.0942249240121581,0.101286173633441,0.592356687898089,0.098310291858679,0.600961538461538,0.0949464012251149,0.0686427457098284,0.104851330203443,0.097444089456869,0.0967238689547582,0.605055292259084,0.0873015873015873,0.0988835725677831,0.598449612403101,0.598726114649682,0.093603744149766,0.0929133858267717,0.6,0.91499227202473,0.0996784565916399,0.0948678071539658,0.0953125,0.901081916537867,0.598086124401914,0.0958466453674121,0.603395061728395,0.856459330143541,0.0947030497592295,0.407407407407407,0.463565891472868,0.105345911949686,0.0910518053375196,0.417933130699088,0.384735202492212,0.559561128526646,0.0942492012779553,0.5921875,0.1046875,0.0875202593192869,0.584639498432602,0.0984615384615385,0.106750392464678,0.907378335949764,0.587774294670846,0.102523659305994,0.0939490445859873,0.585209003215434,0.0919003115264797,0.0971337579617834,0.604430379746835,0.766823161189358,0.101105845181675,0.0973724884080371,0.0923317683881064,0.377329192546584,0.612752721617418,0.613782051282051,0.601823708206687,0.589703588143526,0.40506329113924,0.583724569640063,0.575899843505477,0.601236476043277,0.860062893081761,0.598726114649682,0.0992248062015504,0.58887171561051,0.0967238689547582,0.600311041990669,0.98937784522003,0.962732919254658,0.0949464012251149,0.104134762633997,0.95,0.0885668276972625,0.400611620795107,0.954258675078864,0.92,0.0979782270606532,0.39589905362776,0.089622641509434,0.0977917981072555,0.577708006279435,0.0947204968944099,0.904538341158059,0.995245641838352,0.0979462875197472,0.10077519379845,0.106646058732612,0.588328075709779,0.43202416918429,0.377076411960133,0.111459968602826,0.0941915227629513,0.0714285714285714,0.607874015748031,0.764240506329114,0.102918586789555,0.608214849921011,0.097331240188383,0.54160125588697,0.991974317817014,0.606299212598425,0.609831029185868,0.586440677966102,0.100154083204931,0.990783410138249,0.102446483180428,0.0864600326264274,0.0981012658227848,0.852760736196319,0.589371980676328,0.108490566037736,0.601286173633441,0.0954692556634304,0.10223642172524,0.606481481481482,0.1,0.598802395209581,0.10031847133758,0.605388272583201,0.595611285266458,0.0949367088607595,0.4064,0.60546282245827,0.0925925925925926,0.599041533546326,0.152886115444618,0.598755832037325,0.948598130841122,0.594761171032357,0.139717425431711,0.606060606060606,0.118314424635332,0.593406593406593,0.576923076923077,0.625585023400936,0.0977917981072555,0.0990415335463259,0.09375,0.0709677419354839,0.754471544715447,0.0998463901689708,0.589371980676328,0.0962732919254658,0.602893890675241,0.598774885145482,0.103235747303544,0.0963081861958267,0.0914728682170543,0.0094488188976378,0.100463678516229,0.602150537634409,0.602825745682888,0.0923317683881064,0.098256735340729,0.9696,0.990369181380417,0.0956112852664577,0.094551282051282,0.604465709728868,0.101851851851852,0.096969696969697,0.60347551342812,0.104838709677419,0.1015625,0.405320813771518,0.565284178187404,0.0927672955974843,0.904833836858006,0.101748807631161,0.102964118564743,1,0.596273291925466,0.0944,0.589341692789969,0.0949367088607595,0.0614173228346457,0.109204368174727,0.0796875,0.0993690851735016,0.592169657422512,0.0894819466248038,0.0893141945773525,0.0919354838709677,0.906584992343032,0.596774193548387,0.0851063829787234,0.100931677018634,0.409090909090909,0.093167701863354,0.6,0.554517133956386,0.586750788643533,0.0938461538461538,0.0995260663507109,0.1056,1,0.595779220779221,0.987281399046105,0.0868878357030016,0.608087091757387,0.606811145510836,0.5609375,0.90251572327044,0.0937996820349762,0.0479134466769706,0.102167182662539,0.0978260869565217,0.584394904458599,0.60490045941807,0.937799043062201,0.952153110047847,0.602218700475436,0.598449612403101,0.58307210031348,0.908360128617363,0.611635220125786,0.0960365853658537,0.900316455696203,0.595712098009188,0.0992248062015504,0.1015625,0.0968253968253968,0.601226993865031,0.602503912363067,0.95417348608838,0.0958268933539413,0.60093896713615,0.609642301710731,0.101538461538462,0.102643856920684,0.603744149765991,0.379310344827586,0.087719298245614,0.0992,0.395534290271132,0.098613251155624,0.608294930875576,0.107371794871795,0.605388272583201,0.567441860465116,0.41820987654321,0.68960244648318,0.0962145110410095,0.60882800608828,0.596546310832025,0.393416927899687,0.423780487804878,0.0889235569422777,0.594470046082949,0.0972447325769854,0.599695585996956,0.0871632329635499,0.597464342313788,0.605095541401274,0.556618819776715,0.578703703703704,0.587859424920128,0.59717868338558,0.41390205371248,0.596273291925466,0.961227786752827,0.0873015873015873,0.909647779479326,0.0965732087227414,0.622848200312989,0.103610675039246,0.909937888198758,0.6,0.599041533546326,0.0972447325769854,0.965465465465465,0.10377358490566,1,0.563492063492063,0.0873634945397816,0.97045101088647,0.418897637795276,0.0892018779342723,0.0990712074303406,0.0953125,0.609046849757674,0.947530864197531,0.089922480620155,0.485225505443235,1,0.555555555555556,0.596651445966514,0.595054095826893,0.0963665086887836,0.0682539682539682,0.102685624012638,0.0907668231611894,0.0948678071539658,0.974203338391502,0.100303951367781,0.404945904173107,0.908408408408408,0.5921875,0.0959119496855346,0.101105845181675,0.0901639344262295,0.0978593272171254,0.995305164319249,0.599085365853659,0.0829493087557604,0.0954616588419405,0.09688013136289,0.0906200317965024,0.103235747303544,0.0982839313572543,0.610510046367852,0.9264,0.0919175911251981,0.990839694656489,0.601866251944012,0.675,0.0984375,0.523349436392915,0.605911330049261,0.597842835130971,0.106180665610143,0.950387596899225,0.593114241001565,0.0866141732283465,0.1024,0.54281098546042,0.606106870229008,0.603125,0.59904912836767,0.0892307692307692,0.6,0.596573208722741,0.683042789223455,0.600315955766193,0.0613207547169811,0.601809954751131,0.991961414790997,0.591263650546022,0.902325581395349,0.0979462875197472,0.996810207336523,0.604724409448819,0.584905660377358,0.607874015748031,0.096875,0.0883280757097792,0.0972886762360447,0.0990712074303406,0.0967741935483871,0.0993690851735016,0.581059390048154,0.0982839313572543,0.599374021909233,0.594108019639935,0.489953632148377,0.406003159557662,0.097331240188383,0.103395061728395,0.90809968847352,0.6,0.971742543171115,0.0937019969278034,0.949526813880126,0.0981012658227848,0.0988654781199352,0.597133757961783,0.0959119496855346,0.0963081861958267,0.48792270531401,0.686567164179104,0.101978691019787,0.990430622009569,1,0.0977917981072555,0.0955414012738854,0.0954616588419405,0.993640699523052,0.90625,0.59375,0.490506329113924,0.596302003081664,0.910077519379845,0.579778830963665,0.993670886075949,0.098256735340729,0.1008,0.597842835130971,0.593167701863354,0.863636363636364,0.59047619047619,0.595054095826893,0.59472049689441,0.0977917981072555,0.0976377952755905,0.5818759936407,0.0950226244343891,0.913446676970634,0.088,0.876971608832808,0.105769230769231,0.4046875,0.0911901081916538,0.5984375,0.600321027287319,0.992199687987519,0.406201550387597,0.0974842767295598,0.0943396226415094,0.299840510366826,0.210873146622735,0.597464342313788,0.604133545310016,0.093167701863354,0.586477987421384,0.84984520123839,0.597423510466989,0.109230769230769,0.998439937597504,0.0969793322734499,0.0910543130990415,0.60093896713615,0.41025641025641,0.599358974358974,0.0982286634460548,0.0937996820349762,0.605263157894737,0.604037267080745,0.58695652173913,0.25,0.594594594594595,0.100156494522692,0.963893249607535,0.10207336523126,0.0938511326860841,0.386895475819033,0.447077409162717,0.599673202614379,0.968454258675079,0.586261980830671,0.10077519379845,0.0863192182410423,0.612852664576803,0.586261980830671,0.46551724137931,0.0965732087227414,0.614664586583463,0.694704049844237,0.602825745682888,0.122670807453416,0.618897637795276,0.915756630265211,0.6171875,0.590909090909091,0.592063492063492,0.58974358974359,0.598473282442748,0.121538461538462,0.101612903225806,0.607874015748031,0.535598705501618,0.413078149920255,0.861635220125786,0.38961038961039,0.0868878357030016,0.593167701863354,0.914556962025316,0.5818759936407,0.596214511041009,0.727963525835866,0.589703588143526,0.909657320872274,0.584496124031008,0.59775641025641,0.594855305466238,0.594249201277955
"143",1,1,1,1,1,1,0.705882352941177,1,1,0.0991869918699187,1,0.0502354788069074,0.808306709265176,1,0.303656597774245,0.30625,0.0708782742681048,0.688417618270799,1,1,0.287301587301587,0.315457413249211,1,0.15748031496063,1,0.31924882629108,0.315873015873016,1,1,0.769968051118211,0.308641975308642,0.716486902927581,0.957746478873239,0.315789473684211,0,1,0.541732283464567,1,0.292944785276074,1,0.668769716088328,0.690402476780186,0.700453857791225,1,1,0.320512820512821,0.315047021943574,0.307339449541284,0.320610687022901,0.322033898305085,0,1,0.309486780715397,1,1,0.493690851735016,0.56418383518225,1,1,1,0.326120556414219,0.313084112149533,0.308777429467085,0.681962025316456,1,1,0.0425867507886435,1,0.0637329286798179,0.316436251920123,1,0.316037735849057,0.323248407643312,0.966237942122186,0.512383900928793,1,0.310664605873261,0.332824427480916,1,0.310289389067524,0.0892857142857143,0.323248407643312,0.319314641744548,1,0.335403726708075,1,1,1,1,0.697063369397218,1,1,0.00156739811912226,0.104615384615385,1,0.0526315789473684,0,1,0.559677419354839,0.674050632911392,1,0.0598425196850394,0.302694136291601,1,0.3140625,1,0.687402799377916,1,0.3125,0.311424100156495,0.314241486068111,1,0.320813771517997,1,0.490015360983103,1,0.3078125,0.297507788161994,0.319571865443425,0.311320754716981,0.481132075471698,0.998432601880878,0.320373250388802,0.315112540192926,1,0.303543913713405,1,1,0.324960753532182,0.543511450381679,1,0.310618066561014,1,0.0464767616191904,1,0.309597523219814,0.677469135802469,0.323854660347551,0.925117004680187,0.431340872374798,0.106451612903226,0.0985691573926868,1,1,0.330188679245283,1,0.314589665653495,1,0.79595015576324,1,0.317741935483871,1,1,1,1,0.327476038338658,1,0.322683706070288,0.257668711656442,1,0.311827956989247,1,0.299212598425197,0.090625,1,0.305863708399366,1,1,1,0.341013824884793,1,0.326498422712934,1,0.303738317757009,1,0.313385826771654,0.0765696784073507,1,0.640322580645161,1,1,0.305246422893482,1,1,1,1,0.316770186335404,0.310664605873261,1,0.998420221169036,0.322480620155039,0.306349206349206,1,0.4484375,0.674174174174174,0,0.314553990610329,0.673469387755102,1,0.317073170731707,1,0.998473282442748,1,0.312989045383412,0.31937984496124,0.31637519872814,1,1,1,0,1,0.296,0.969793322734499,0.319620253164557,0.303174603174603,0.750390015600624,1,1,1,1,1,0.0486656200941915,0.318471337579618,0.325545171339564,1,0.680555555555556,1,1,0.998384491114701,0.9984375,1,1,0.0046656298600311,0.312594840667678,1,0.306122448979592,1,0.294753086419753,1,1,1,1,1,0.324921135646688,1,0.498407643312102,0.324960753532182,0.31937984496124,0.308306709265176,0.317610062893082,0.318110236220472,0.421303656597774,0.324574961360124,0.314241486068111,0.310077519379845,1,0.319182389937107,1,0.693129770992366,0.310452418096724,0.311649016641452,0.325358851674641,1,1,1,0.258164852255054,0.312597200622084,1,0.325077399380805,0.324615384615385,0.309119010819165,0.315548780487805,0.69047619047619,1,0.319444444444444,0.315541601255887,1,0.306477093206951,1,0.312307692307692,0.30829420970266,1,1,1,0.544600938967136,1,0.691588785046729,0.0837138508371385,0.31875,1,1,0.0962732919254658,0.315707620528771,0.325396825396825,1,1,0.294117647058824,0.0278207109737249,0.00315955766192733,1,1,0.33843797856049,0.998435054773083,1,0.308980213089802,1,1,0.309859154929577,1,1,1,1,0.322429906542056,0.307575757575758,0.322169059011164,1,1,0.674382716049383,0.31937984496124,1,0.319571865443425,0.292913385826772,1,1,0.998473282442748,1,1,0.320813771517997,1,1,0.112179487179487,0.333333333333333,0.477794793261868,0.301282051282051,0.679127725856698,0.311728395061728,1,0.308777429467085,0.328593996840442,0.25609756097561,0.32258064516129,1,0.321266968325792,1,1,1,0.299684542586751,0.32093023255814,0.998442367601246,0.918138041733547,0.0688,1,0.306477093206951,0.32018927444795,0.302547770700637,1,0.324116743471582,0.475,0.327639751552795,0.306729264475743,0.309562398703404,0.308411214953271,1,0.31687898089172,1,1,0,1,0.321428571428571,1,1,1,0.32967032967033,1,0.307324840764331,1,0.826952526799387,1,1,1,0.313271604938272,1,1,0.303937007874016,0.311320754716981,1,1,0.310236220472441,0.19047619047619,1,0.998447204968944,1,0,0.31378763866878,1,0.315217391304348,0.246056782334385,1,0.682098765432099,0.432515337423313,1,1,0.683890577507599,0.710443037974684,0.338509316770186,1,0.311912225705329,1,1,0.327503974562798,1,0.998402555910543,0.00938967136150235,0.322932917316693,1,1,0.32,1,1,0.30298273155416,0.327102803738318,1,1,1,0.524256651017214,0.310664605873261,0.340694006309148,0.309667673716012,0.330246913580247,0.696,0.327131782945736,0.327014218009479,0.30381679389313,0.238021638330757,0.316455696202532,1,0.320610687022901,0.998422712933754,0.313572542901716,0.085972850678733,0.0539291217257319,1,1,0.0424528301886792,1,0.687595712098009,0.0479876160990712,0.0125,1,0.680061823802164,1,1,0.548489666136725,1,0,0.0754414125200642,1,1,1,0.317152103559871,0.65321375186846,0.697411003236246,0.993874425727412,1,0.981424148606811,0.300314465408805,0.328100470957614,1,0.299843014128728,1,0.356012658227848,0.10702875399361,0.303405572755418,0.31570996978852,0.33389544688027,1,0.0850077279752705,1,1,1,0.26791277258567,0.32,1,0.325,1,1,0.298761609907121,1,0.316187594553706,1,0.306603773584906,0.313291139240506,1,0.678740157480315,0.309923664122137,1,0.305993690851735,0.745627980922099,0.31866464339909,0.1671826625387,0.307228915662651,0.768633540372671,0.304278922345483,1,0.317411402157165,0.331259720062208,0.286153846153846,1,1,1,0.964856230031949,0.337662337662338,1,0.322115384615385,1,0.317073170731707,0.30781010719755,1,1,1,0.919937205651491,1,0.307453416149068,0.310769230769231,1,1,0.0528846153846154,0.081377151799687,1,1,0.303937007874016,1,1,0.315541601255887,1,1,0.689167974882261,0.533950617283951,1,0,1,1,0.101382488479263,0.31637519872814,1,0.320754716981132,0.998439937597504,0.960876369327074,0.998422712933754,0.812883435582822,1,0.326892109500805,1,1,1,0,0.307317073170732,1,1,0.668253968253968,1,0.311424100156495,0.359013867488444,0.315950920245399,1,1,1,0.0893682588597843,0.315286624203822,0.0914927768860353,0.998435054773083,0.307931570762053,0.304747320061256,0.353395061728395,0,1,0.949685534591195,1,1,0.318611987381703,0.298325722983257,0.159305993690852,0.0444444444444444,0.316535433070866,0.305295950155763,0.320493066255778,0.00158982511923688,0.306376360808709,1,0,0.311248073959938,1,1,1,0.310769230769231,0.31832298136646,0.0372168284789644,1,0.315457413249211,0.298299845440495,1,1,0.315217391304348,0.6957928802589,1,1,0.702194357366771,1,0.309006211180124,1,0.319182389937107,0.526964560862866,0.673780487804878,0.409160305343511,1,0.296803652968037,0.308777429467085,0.688372093023256,0.675384615384615,1,0.322085889570552,1,0.322085889570552,1,0.312202852614897,0.307210031347962,0.349606299212598,0.510172143974961,0.309409888357257,0.310509554140127,0.667716535433071,0.311248073959938,0.154220779220779,1,0,1,0.286833855799373,1,0,0.318252730109204,0.315873015873016,1,0.060790273556231,1,0.0842607313195548,0.340659340659341,1,0.0691244239631336,0.673469387755102,1,1,1,0.309409888357257,0.0440060698027314,1,0.424764890282132,0.0990415335463259,0.355384615384615,0.319314641744548,0.320182094081942,1,1,1,1,1,0.0677710843373494,0.996913580246914,0.690031152647975,0.00453857791225416,0.321928460342146,1,1,1,1,0.086286594761171,0.307219662058372,1,1,1,1,1,1,0.494573643410853,0.00159489633173844,1,0.086286594761171,0.314641744548287,0.435126582278481,1,0.397798742138365,0.307073954983923,0.305295950155763,1,0.04375,0.312111801242236,1,1,0.366826156299841,0.309451219512195,0.309859154929577,0.310618066561014,0.998444790046656,0.319870759289176,0.316998468606432,0.416403785488959,0.306962025316456,0.967791411042945,0.313546423135464,0.0855784469096672,0.322378716744914,0,1,0.0885668276972625,0.310509554140127,0.310832025117739,0.30952380952381,1,1,1,1,1,1,0.3328,1,0.313880126182965,0.318333333333333,0.585826771653543,0.677777777777778,1,1,0,0.310664605873261,0.12210200927357,0.998484848484849,0.0425867507886435,1,1,0.317535545023697,1,1,0.615262321144674,0.40829346092504,0.996996996996997,0.0832,0.0964630225080386,1,1,1,0.0886075949367089,0,0.312404287901991,0.420722135007849,0.312597200622084,0,0.322884012539185,0.0919175911251981,1,1,0.314241486068111,0.307931570762053,0.25,0.332810047095761,0.308049535603715,0.312893081761006,1,1,0.324921135646688,1,0,1,0.228070175438596,1,0.673374613003096,1,0.303125,0.304625199362041,0.0775193798449612,0.682170542635659,1,1,0.797191887675507,0.894651539708266,0.312399355877617,0.3152,1,0.319685039370079,0.258785942492013,0.317741935483871,1,0.103875968992248,1,1,0.310344827586207,0.686305732484076,0.301261829652997,1,1,0.299065420560748,0.302936630602782,0.319508448540707,0.856,0.313099041533546,1,0.0572755417956656,1,1,0.701700154559505,0.652582159624413,0.322683706070288,0.0588235294117647,0.326530612244898,1,1,0.308426073131955,0.325914149443561,0.626168224299065,1,0.302290076335878,0.372907153729072,0.300462249614792,0.987748851454824,0.478806907378336,0.00464396284829721,0.299212598425197,0.329268292682927,0.330683624801272,0.314606741573034,0.309090909090909,0.973805855161787,1,0.308777429467085,0.549114331723027,0.687301587301587,0.242566510172144,0.687196110210697,1,0.315541601255887,0.00155763239875389,0.321428571428571,0.309859154929577,0.3671875,0.313385826771654,0,0.327586206896552,0.308681672025723,0.320063694267516,0.312788906009245
"144",1,1,1,1,1,1,0.699013157894737,1,1,0.101307189542484,1,0.0453074433656958,0.82018927444795,1,0.321311475409836,0.308426073131955,0.0669856459330144,0.678275290215589,1,1,0.294975688816856,0.312913907284768,1,0.158982511923688,1,0.328025477707006,0.321951219512195,1,1,0.784665579119086,0.319620253164557,0.736,0.969453376205788,0.321027287319422,0,1,0.545893719806763,1,0.30077519379845,1,0.662866449511401,0.670947030497592,0.689873417721519,1,1,0.328382838283828,0.310679611650485,0.314606741573034,0.323343848580442,0.332794830371567,0,1,0.314873417721519,1,1,0.499184339314845,0.565428109854604,1,1,1,0.335453100158982,0.324717285945073,0.315286624203822,0.679425837320574,1,1,0.037156704361874,1,0.0623052959501558,0.3265625,1,0.323151125401929,0.328836424957841,0.963636363636364,0.503961965134707,1,0.314375987361769,0.335987261146497,1,0.326086956521739,0.0851419031719533,0.328990228013029,0.337620578778135,1,0.33652312599681,1,1,1,1,0.686305732484076,1,1,0.00161030595813205,0.106858054226475,1,0.0473933649289099,0,1,0.556105610561056,0.667731629392971,1,0.0552845528455285,0.3088,1,0.318979266347687,1,0.675675675675676,1,0.319870759289176,0.322683706070288,0.32120253164557,1,0.325914149443561,1,0.4770206022187,1,0.315047021943574,0.29093799682035,0.327131782945736,0.318255250403877,0.466666666666667,0.998420221169036,0.328125,0.324590163934426,1,0.306089743589744,1,1,0.330658105939005,0.549689440993789,1,0.322274881516588,1,0.0435458786936236,1,0.31496062992126,0.679365079365079,0.32753164556962,0.933438985736926,0.435643564356436,0.102439024390244,0.0958466453674121,1,1,0.334928229665072,1,0.31832298136646,1,0.811501597444089,1,0.32013201320132,1,1,1,1,0.336553945249597,1,0.32300163132137,0.262903225806452,1,0.313195548489666,1,0.304975922953451,0.0836065573770492,1,0.309061488673139,1,1,1,0.332273449920509,1,0.336012861736334,1,0.31139646869984,1,0.325842696629214,0.0761904761904762,1,0.628951747088186,1,1,0.315359477124183,1,1,1,1,0.328548644338118,0.315372424722662,1,0.998389694041868,0.323296354992076,0.315875613747954,1,0.440894568690096,0.666666666666667,0,0.316211878009631,0.665056360708535,1,0.323943661971831,1,0.998432601880878,1,0.323717948717949,0.322274881516588,0.322422258592471,1,1,1,0,1,0.313213703099511,0.973101265822785,0.322061191626409,0.317073170731707,0.751602564102564,1,1,1,1,1,0.0434083601286174,0.317073170731707,0.330696202531646,1,0.67981072555205,1,1,1,0.998397435897436,1,1,0.00476190476190476,0.31378763866878,1,0.319078947368421,1,0.303174603174603,1,1,1,1,1,0.323671497584541,1,0.51888341543514,0.325242718446602,0.319620253164557,0.319148936170213,0.322683706070288,0.338735818476499,0.419672131147541,0.336025848142165,0.324409448818898,0.314606741573034,1,0.319286871961102,1,0.683307332293292,0.32137030995106,0.303459119496855,0.337190082644628,1,1,1,0.258481421647819,0.316211878009631,1,0.32475884244373,0.32807570977918,0.316558441558442,0.323899371069182,0.683006535947712,1,0.322222222222222,0.316558441558442,1,0.30327868852459,1,0.3140625,0.320967741935484,1,1,1,0.543269230769231,1,0.689710610932476,0.07981220657277,0.319354838709677,1,1,0.0965189873417722,0.325914149443561,0.330065359477124,1,1,0.306581059390048,0.0304487179487179,0.0033112582781457,1,1,0.339009287925697,0.998387096774194,1,0.309748427672956,1,1,0.31974921630094,1,1,1,1,0.322632423756019,0.316770186335404,0.333333333333333,1,1,0.670906200317965,0.31810766721044,1,0.324881141045959,0.303370786516854,1,1,0.998402555910543,1,1,0.326923076923077,1,1,0.104918032786885,0.333860759493671,0.48705501618123,0.308823529411765,0.665584415584416,0.321486268174475,1,0.316476345840131,0.334410339256866,0.259842519685039,0.321656050955414,1,0.330757341576507,1,1,1,0.315359477124183,0.323809523809524,0.998410174880763,0.92809364548495,0.0604575163398693,1,0.314696485623003,0.320261437908497,0.308917197452229,1,0.3265625,0.463884430176565,0.325358851674641,0.311897106109325,0.324546952224053,0.312903225806452,1,0.329563812600969,1,1,0,1,0.319354838709677,1,1,1,0.333333333333333,1,0.313725490196078,1,0.832012678288431,1,1,1,0.324324324324324,1,1,0.313694267515924,0.317307692307692,1,1,0.314516129032258,0.187004754358162,1,0.998407643312102,1,0,0.319805194805195,1,0.3104,0.238636363636364,1,0.666666666666667,0.436507936507937,1,1,0.671339563862928,0.698717948717949,0.352180936995153,1,0.319935691318328,1,1,0.338235294117647,1,0.998392282958199,0.0096,0.330683624801272,1,1,0.327302631578947,1,1,0.316393442622951,0.323809523809524,1,1,1,0.538338658146965,0.321086261980831,0.352845528455285,0.320987654320988,0.341346153846154,0.683788121990369,0.32755905511811,0.328,0.315047021943574,0.236714975845411,0.323577235772358,1,0.331230283911672,0.998384491114701,0.32018927444795,0.0828220858895705,0.0506329113924051,1,1,0.0384,1,0.690737833594976,0.0416666666666667,0.0145631067961165,1,0.673534072900158,1,1,0.543548387096774,1,0,0.0742574257425743,1,1,1,0.328407224958949,0.640364188163885,0.696869851729819,0.992,1,0.982945736434109,0.310509554140127,0.328525641025641,1,0.300163132137031,1,0.377207062600321,0.103109656301146,0.315286624203822,0.319047619047619,0.345299145299145,1,0.0756843800322061,1,1,1,0.257911392405063,0.328502415458937,1,0.320967741935484,1,1,0.311424100156495,1,0.325581395348837,1,0.311183144246353,0.3278955954323,1,0.676518883415435,0.316770186335404,1,0.318555008210181,0.754777070063694,0.320433436532508,0.164012738853503,0.328703703703704,0.769230769230769,0.317741935483871,1,0.328525641025641,0.3392,0.296650717703349,1,1,1,0.970443349753695,0.328282828282828,1,0.324590163934426,1,0.320066334991708,0.317757009345794,1,1,1,0.920065252854812,1,0.315789473684211,0.322169059011164,1,1,0.0509031198686371,0.0766773162939297,1,1,0.308064516129032,1,1,0.319047619047619,1,1,0.674230145867099,0.527733755942948,1,0,1,1,0.1015625,0.331210191082803,1,0.3264,0.998394863563403,0.966237942122186,0.998410174880763,0.823622047244094,1,0.324675324675325,1,1,1,0,0.31438127090301,1,1,0.671406003159558,1,0.323717948717949,0.366987179487179,0.322632423756019,1,1,1,0.0909090909090909,0.317891373801917,0.0846905537459283,0.998371335504886,0.312401883830455,0.320634920634921,0.35031847133758,0,1,0.959871589085072,1,1,0.32463295269168,0.303656597774245,0.162866449511401,0.0387722132471729,0.326298701298701,0.309904153354633,0.331738437001595,0.00163132137030995,0.318770226537217,1,0,0.324881141045959,1,1,1,0.317610062893082,0.322834645669291,0.0348258706467662,1,0.317460317460317,0.315457413249211,1,1,0.31687898089172,0.686567164179104,1,1,0.696574225122349,1,0.30952380952381,1,0.314696485623003,0.5296875,0.674418604651163,0.411302982731554,1,0.306349206349206,0.321086261980831,0.669856459330144,0.665605095541401,1,0.322222222222222,1,0.324451410658307,1,0.32475884244373,0.310344827586207,0.351219512195122,0.530063291139241,0.319935691318328,0.317741935483871,0.66612641815235,0.325,0.149501661129568,1,0,1,0.29126213592233,1,0,0.327476038338658,0.322950819672131,1,0.0555555555555556,1,0.0891410048622366,0.345104333868379,1,0.0637958532695375,0.6645056726094,1,1,1,0.314814814814815,0.0392464678178964,1,0.429497568881686,0.0957792207792208,0.365777080062794,0.329073482428115,0.33015873015873,1,1,1,1,1,0.065015479876161,0.996870109546166,0.680379746835443,0.00454545454545455,0.323151125401929,1,1,1,1,0.0843949044585987,0.31496062992126,1,1,1,1,1,1,0.481889763779528,0.00164744645799012,1,0.0828125,0.317307692307692,0.439418416801292,1,0.405537459283388,0.310743801652893,0.310509554140127,1,0.0394944707740916,0.319422150882825,1,1,0.3744,0.320574162679426,0.3104,0.324546952224053,0.998422712933754,0.324058919803601,0.3232,0.417763157894737,0.317589576547231,0.972972972972973,0.323076923076923,0.0795454545454545,0.3264,0,1,0.0906148867313916,0.316558441558442,0.324281150159744,0.321252059308072,1,1,1,1,1,1,0.332242225859247,1,0.319286871961102,0.321305841924399,0.601286173633441,0.677993527508091,1,1,0,0.31937984496124,0.1184,0.998432601880878,0.032520325203252,1,1,0.325769854132901,1,1,0.632686084142395,0.423645320197044,0.996955859969559,0.0745542949756888,0.0970873786407767,1,1,1,0.0806451612903226,0,0.325434439178515,0.429276315789474,0.320813771517997,0,0.320907617504052,0.0813008130081301,1,1,0.32807570977918,0.322115384615385,0.239747634069401,0.329545454545455,0.3198127925117,0.325320512820513,1,1,0.33442088091354,1,0,1,0.227564102564103,1,0.66824644549763,1,0.307443365695793,0.301948051948052,0.0746031746031746,0.673501577287066,1,1,0.780487804878049,0.900332225913621,0.320450885668277,0.324590163934426,1,0.323671497584541,0.247974068071313,0.33112582781457,1,0.0990415335463259,1,1,0.3216,0.682769726247987,0.313628899835796,1,1,0.308661417322835,0.3152,0.325077399380805,0.864820846905538,0.314102564102564,1,0.0515625,1,1,0.695374800637959,0.6416,0.326158940397351,0.053484602917342,0.325281803542673,1,1,0.313291139240506,0.340288924558588,0.627980922098569,1,0.309748427672956,0.372488408037094,0.314785373608903,0.985736925515055,0.463884430176565,0.00478468899521531,0.320063694267516,0.329133858267717,0.332247557003257,0.316129032258064,0.315047021943574,0.969745222929936,1,0.31378763866878,0.539735099337748,0.680129240710824,0.230769230769231,0.679401993355482,1,0.326892109500805,0.00326797385620915,0.3344,0.316720257234727,0.3632,0.318255250403877,0,0.332792207792208,0.32626427406199,0.326797385620915,0.315024232633279
"145",0.3104,0.327044025157233,0.320754716981132,0.333870967741935,0.325434439178515,0.322429906542056,0.0143312101910828,0.341346153846154,0.329093799682035,0.563402889245586,0.33026113671275,0.629860031104199,0.52276295133438,0.332810047095761,1,1,0.601851851851852,0,0.3408,0.319314641744548,1,1,0.334890965732087,0.507131537242472,0.325581395348837,1,1,0.345104333868379,0.320061255742726,0.51993620414673,1,0.601574803149606,0.383177570093458,0.995268138801262,0.654516640253566,0.325463743676223,0.139968895800933,0.333850931677019,1,0.318042813455657,0.00316455696202532,0,0,0.342356687898089,0.3264,1,0.9936,1,1,1,0.674418604651163,0.336553945249597,1,0.3328173374613,0.323943661971831,0.814580031695721,0.130365659777424,0.330188679245283,0.328125,0.33175355450237,0.990639625585023,1,1,0.00636942675159236,0.329011345218801,0.327639751552795,0.637658227848101,0.332802547770701,0.602739726027397,1,0.329173166926677,1,1,0.28892455858748,0.166666666666667,0.325688073394495,1,0.993836671802773,0.33179012345679,1,0.593800978792822,1,1,0.333860759493671,1,0.334346504559271,0.326984126984127,0.337025316455696,0.326892109500805,0,0.328593996840442,0.338391502276176,0.678125,0.577464788732394,0.321027287319422,0.626524390243902,0.673374613003096,0.320373250388802,0.126418152350081,0,0.323390894819466,0.606918238993711,1,0.32843137254902,1,0.331723027375201,0,0.333855799373041,1,1,1,0.315707620528771,0.995260663507109,0.336463223787167,0.208074534161491,0.31859756097561,1,0.375,1,1,0.207165109034268,0.32398753894081,1,1,0.336973478939158,1,0.327794561933535,0.323795180722892,0.358161648177496,0.765069551777434,0.330645161290323,1,0.332807570977918,0.623298033282905,0.349025974025974,1,0.00156739811912226,1,0.387658227848101,0.888709677419355,0.571428571428571,0.586261980830671,0.330188679245283,0.334928229665072,1,0.322378716744914,1,0.309033280507132,0.508527131782946,0.333333333333333,1,0.319620253164557,0.32475884244373,0.333870967741935,0.333860759493671,1,0.315541601255887,1,0.438271604938272,0.3359375,1,0.332819722650231,1,0.588516746411483,0.323899371069182,1,0.337480559875583,0.324409448818898,0.341194968553459,0.984350547730829,0.339144215530903,1,0.33015873015873,1,0.328990228013029,1,0.577044025157233,0.310126582278481,0.0339256865912763,0.312698412698413,0.331240188383046,1,0.316957210776545,0.333860759493671,0.329192546583851,0.34,1,1,0.33495145631068,0.333858267716535,1,1,0.33489827856025,0.24251968503937,0.0196374622356495,0.677018633540373,1,0.00307219662058372,0.326120556414219,1,0.334415584415584,0.32262996941896,0.33125,0.996865203761755,1,1,0.334360554699538,0.32794830371567,0.327613104524181,0.67515923566879,0.321259842519685,1,0.355450236966825,1,1,0.45625,0.339144215530903,0.330721003134796,0.328616352201258,0.308755760368664,0.326433121019108,0.638230647709321,1,1,0.32755905511811,0.00469483568075117,0.33179012345679,0.326219512195122,0.323343848580442,0.31651376146789,0.310725552050473,0.325688073394495,0.69218989280245,0.359133126934985,0.318110236220472,1,0.334928229665072,1,0.31733746130031,0.315024232633279,0.323343848580442,0.337007874015748,0.320325203252033,1,0.331797235023041,0.799363057324841,1,1,0.996820349761526,1,1,0.895330112721417,1,1,1,0.323029366306028,1,0.327868852459016,0,1,0.382716049382716,1,0.33596214511041,0.341085271317829,0.325508607198748,0.41747572815534,1,0.334876543209877,1,1,1,1,0,0.323343848580442,1,1,0.330173775671406,1,0.33179012345679,1,1,0.322115384615385,0.3328,0.311216429699842,0.146189735614308,0.343402225755167,0,0.581430745814307,1,0.334370139968896,0.328525641025641,0.566358024691358,1,1,0.333333333333333,0.343499197431782,1,0.638198757763975,0.689984101748808,0.313385826771654,0.330112721417069,0.99388379204893,0.341692789968652,0.308527131782946,1,0.324031007751938,0.314553990610329,1,0.317610062893082,0.327586206896552,0.332302936630603,0.329617834394904,1,1,1,0.316535433070866,0.336538461538462,0.00782472613458529,0.992050874403816,0.338658146964856,1,1,0.315548780487805,0.330781010719755,0.317111459968603,0.33122028526149,0.326120556414219,1,0.320574162679426,0.327014218009479,0.551834130781499,1,0.8336,1,0,1,0.337367624810893,1,1,0.422776911076443,0.9984375,0.330658105939005,1,0.323763955342903,0.318611987381703,0.326053042121685,1,1,0.328149300155521,0.4048,0.593406593406593,0.317384370015949,1,1,1,0.335443037974684,1,0.205651491365777,1,1,1,1,0.33535660091047,1,0.325732899022801,0.34012539184953,0.671361502347418,0.311605723370429,1,0.335974643423138,0.332822085889571,0.32475884244373,1,0.323529411764706,1,0.331306990881459,0.482866043613707,0.342229199372057,0.336477987421384,0.319685039370079,1,0.33122028526149,0.3125,1,1,0.341772151898734,0.32348367029549,1,0.474732006125574,0.326332794830372,0.342723004694836,0.3390625,0.674922600619195,1,0.305921052631579,1,0.421216848673947,0.316957210776545,0,0.874811463046757,0.335453100158982,0.331775700934579,0,0.0349206349206349,0.982892690513219,0.323390894819466,1,0.327014218009479,0.32484076433121,1,0.3328173374613,0.33015873015873,0.658805031446541,1,0.335453100158982,0.333863275039746,1,0.324451410658307,0.324324324324324,1,0.335901386748844,0.317610062893082,0.333333333333333,0.339712918660287,0.800627943485086,1,0.977883096366509,1,1,0.00158982511923688,1,0.9921875,1,0.433903576982893,0.996820349761526,0.321044546850998,0.993808049535604,0.34185303514377,0.995334370139969,0.593093093093093,0.612307692307692,0.328682170542636,0.321592649310873,0.6234375,0.332268370607029,0,0.624036979969183,0.668789808917197,0.328660436137072,0.00157232704402516,0.326018808777429,0.320754716981132,0.774244833068362,0.341614906832298,0.675548589341693,0.576243980738363,0.330203442879499,0.332302936630603,0.313664596273292,1,0.0254110612855007,0,0.32469512195122,0.336463223787167,0.344287949921753,1,0.333333333333333,0.3296875,1,0.31733746130031,0.941915227629513,0.547923322683706,1,1,0.991652754590985,0.330769230769231,0.598145285935085,0.336377473363775,0.325769854132901,0.321766561514196,0.418070444104135,1,0.322884012539185,1,0.33768352365416,0.326892109500805,1,0.322169059011164,1,0.333333333333333,1,1,0.325545171339564,0,1,0.336990595611285,1,0.566510172143975,1,0.490566037735849,1,0.566770186335404,1,0.33868378812199,1,1,1,0.32348367029549,0.334935897435897,0.328725038402458,0.367213114754098,0.3376,0.31924882629108,1,0.326053042121685,1,1,0.335413416536661,0.333333333333333,0.327131782945736,0.397435897435897,0.336906584992343,1,1,0.335384615384615,0.337579617834395,0.618971061093248,0.575471698113208,0.327014218009479,0.330143540669856,1,0.318541996830428,0.322188449848024,0.993630573248408,0.317073170731707,0.323390894819466,0,0.143950995405819,0.329704510108865,0.666666666666667,0.322784810126582,0.331297709923664,0.587962962962963,0.99685534591195,0.3264,1,0.332273449920509,0.35828025477707,0.328616352201258,0.482334869431644,0.327974276527331,1,0.331278890600925,0.328548644338118,0.340157480314961,0.677570093457944,1,0.338788870703764,0.33179012345679,0,0.329211746522411,0.998427672955975,0.951334379905808,1,0.328593996840442,0.339477726574501,0.32753164556962,0.573596358118361,1,0.582677165354331,0.34384858044164,1,1,0.962145110410095,0.664576802507837,0.349056603773585,0.370139968895801,0.328149300155521,0.326594090202177,1,1,0.507861635220126,0.618819776714514,1,1,0.998442367601246,0.678288431061807,1,0.331259720062208,0.667189952904239,1,0.332814930015552,0.328050713153724,0.326053042121685,0.996894409937888,1,0.635922330097087,0.33489827856025,1,1,0.333853354134165,0.323343848580442,0.998442367601246,0,0.323809523809524,0.314194577352472,0.00796178343949045,0.327188940092166,1,0.322115384615385,1,0.15015479876161,0,0.900153609831029,0.340625,1,1,0,0.00153609831029186,0.332807570977918,1,0.3248,0.996937212863706,0.321486268174475,1,0.998412698412698,0.965244865718799,0.778461538461538,1,1,0.00627943485086342,1,0.506472491909385,0.338607594936709,0.66304347826087,0.334883720930233,1,0.31496062992126,0.655226209048362,1,1,0.325769854132901,0.614457831325301,0.337461300309598,0.571428571428571,0.97444089456869,0.340189873417722,0.590189873417722,0.0140405616224649,0.316770186335404,0.331775700934579,0.336434108527132,1,0.627692307692308,0.32262996941896,0.880573248407643,0.574675324675325,0.964777947932619,1,1,0.321875,0.348242811501597,0.319554848966614,0.327102803738318,0.321372854914197,0.60882800608828,0.320987654320988,0,0.661676646706587,0.998452012383901,0.337007874015748,0.321711568938193,0.330645161290323,0.326717557251908,0.592125984251968,1,0.343653250773994,0.342902711323764,0.340983606557377,0.325396825396825,0.328173374613003,0.319620253164557,0.19969040247678,0.672955974842767,0.334890965732087,0.58887171561051,1,0.242566510172144,0.333855799373041,0.922705314009662,1,1,0.3198127925117,0.628346456692913,1,0.323529411764706,0.309033280507132,0.950871632329635,1,1,0.996768982229402,0.326656394453005,1,1,0.891025641025641,1,0.368827160493827,1,0.577170418006431,1,0.672281776416539,0.3216,0.588607594936709,1,1,0.993610223642173,0.335375191424196,0.334905660377358,0.337096774193548,0.332283464566929,0.34185303514377,0.335974643423138,0.982649842271293,0.326053042121685,1,1,0.719874804381847,0,0.328173374613003,0.3265625,0.665123456790123,1,0.5515625,0.334855403348554,0.638095238095238,0.317610062893082,0.32695374800638,1,0.321711568938193,0.328925619834711,0.694006309148265,0.910714285714286,0.331352154531946,0.592295345104334,0.568910256410256,0.331761006289308,0.333333333333333,0.306376360808709,0.576862123613312,0.667194928684628,1,0.887323943661972,1,0.649921507064364,0.996835443037975,0.576433121019108,0.325581395348837,0.334394904458599,1,1,0.427444794952681,0.992025518341308,0.996913580246914,1,0.322784810126582,0.340222575516693,1,0.326347305389222,0.679127725856698,0.345911949685535,0.454121306376361,0.309409888357257,0,0.320695102685624,1,1,0.58359133126935,0.00154798761609907,0.338050314465409,0.330733229329173,0.106858054226475,0.414790996784566,1,1,0.3296875,1,0.413078149920255,1,0.345509893455099,0.579439252336449,0.341307814992026,0.325949367088608,1,0,1,0.319870759289176,0.334384858044164,1,1,1,0.463022508038585,1,0.332810047095761,0.60062893081761,0.338028169014085,0.339285714285714,0.00156739811912226,0.0420560747663551,1,0.61128526645768,1,0.335949764521193,0.339712918660287,1,1,0.173106646058733,0.318252730109204,1,0.90381679389313,1,0.333850931677019,0.20859872611465,0.65891472868217,1,1,1,1,1,0.297839506172839,0.31974921630094,1,0.12540192926045,0.00158982511923688,0.437888198757764,0,0.334379905808477,1,0.667726550079491,1,1,0.892018779342723,1,0.673405909797823,1,1,1,1
"146",1,1,1,1,1,1,0.706645056726094,1,1,0.0987261146496815,1,0.0420560747663551,0.809220985691574,1,0.307324840764331,0.30503144654088,0.0615384615384615,0.693418940609952,1,1,0.28169014084507,0.300314465408805,1,0.161787365177196,1,0.325,0.308544303797468,1,1,0.775477707006369,0.306853582554517,0.725429017160686,0.96594427244582,0.305511811023622,0,1,0.556765163297045,1,0.295795795795796,1,0.671875,0.693374422187982,0.698315467075038,1,1,0.312101910828025,0.308411214953271,0.306278713629403,0.312597200622084,0.324615384615385,0,1,0.31104199066874,1,1,0.475435816164818,0.574132492113565,1,1,1,0.324116743471582,0.3140625,0.315955766192733,0.688679245283019,1,1,0.0316957210776545,1,0.0590015128593041,0.312597200622084,1,0.315132605304212,0.3232,0.963607594936709,0.530864197530864,1,0.298325722983257,0.333846153846154,1,0.316045380875203,0.0884244372990354,0.322784810126582,0.322932917316693,1,0.330218068535826,1,1,1,1,0.692546583850932,1,1,0,0.102803738317757,1,0.0392749244712991,0,1,0.566718995290424,0.678683385579937,1,0.0533751962323391,0.311912225705329,1,0.302839116719243,1,0.695924764890282,1,0.309262166405024,0.314728682170543,0.313479623824451,1,0.316846986089645,1,0.497723823975721,1,0.315301391035549,0.300455235204856,0.321646341463415,0.314728682170543,0.499219968798752,0.998444790046656,0.316846986089645,0.311004784688995,1,0.299373040752351,1,1,0.33489827856025,0.540458015267176,1,0.307332293291732,1,0.0365296803652968,1,0.309923664122137,0.680685358255452,0.317757009345794,0.935023771790808,0.42215088282504,0.0982839313572543,0.089644513137558,1,1,0.322378716744914,1,0.312688821752266,1,0.80184331797235,1,0.319488817891374,1,1,1,1,0.332288401253919,1,0.31687898089172,0.257318952234206,1,0.302180685358255,1,0.29393468118196,0.0846394984326019,1,0.312202852614897,1,1,1,0.329704510108865,1,0.324409448818898,1,0.307931570762053,1,0.312202852614897,0.0748829953198128,1,0.646302250803859,1,1,0.311004784688995,1,1,1,1,0.314873417721519,0.311827956989247,1,0.998417721518987,0.313935681470138,0.300632911392405,1,0.457098283931357,0.677272727272727,0,0.310077519379845,0.679304897314376,1,0.316279069767442,1,0.998461538461539,1,0.313271604938272,0.315467075038285,0.318037974683544,1,1,1,0,1,0.298107255520505,0.979655712050078,0.31496062992126,0.304953560371517,0.756172839506173,1,1,1,1,1,0.037914691943128,0.313664596273292,0.324074074074074,1,0.680685358255452,1,1,0.998447204968944,0.998466257668712,1,1,0.00155038759689922,0.316590563165906,1,0.30173775671406,1,0.302936630602782,1,1,1,1,1,0.315873015873016,1,0.502340093603744,0.320433436532508,0.324159021406728,0.305246422893482,0.315132605304212,0.331240188383046,0.405405405405405,0.328173374613003,0.315950920245399,0.305084745762712,1,0.31974921630094,1,0.693474962063733,0.310344827586207,0.309341500765697,0.3296875,1,1,1,0.257142857142857,0.304615384615385,1,0.311424100156495,0.318318318318318,0.31201248049922,0.32,0.688751926040062,1,0.320300751879699,0.3140625,1,0.292721518987342,1,0.305295950155763,0.313572542901716,1,1,1,0.556782334384858,1,0.691107644305772,0.0835866261398176,0.312307692307692,1,1,0.0948012232415902,0.31937984496124,0.319047619047619,1,1,0.304615384615385,0.0184899845916795,0.0016025641025641,1,1,0.328125,1,1,0.312404287901991,1,1,0.32093023255814,1,1,1,1,0.316614420062696,0.301369863013699,0.322632423756019,1,1,0.669254658385093,0.308049535603715,1,0.30640243902439,0.291731669266771,1,1,0.998439937597504,1,1,0.31875,1,1,0.102685624012638,0.326687116564417,0.479365079365079,0.308056872037915,0.675,0.32258064516129,1,0.297939778129952,0.324921135646688,0.257229832572298,0.323664122137405,1,0.325757575757576,1,1,1,0.302325581395349,0.309119010819165,0.998449612403101,0.923566878980892,0.0588235294117647,1,0.312111801242236,0.315457413249211,0.298722044728434,1,0.32469512195122,0.484423676012461,0.320373250388802,0.302795031055901,0.303317535545024,0.304761904761905,1,0.321372854914197,1,1,0,1,0.309148264984227,1,1,1,0.321656050955414,1,0.30952380952381,1,0.832317073170732,1,1,1,0.312788906009245,1,1,0.307453416149068,0.309033280507132,1,1,0.312111801242236,0.182795698924731,1,0.9984375,1,0,0.309148264984227,1,0.306027820710974,0.24483306836248,1,0.676425269645609,0.430745814307458,1,1,0.683333333333333,0.706349206349206,0.338028169014085,1,0.310452418096724,1,1,0.326053042121685,1,0.998432601880878,0.00474683544303797,0.318885448916409,1,1,0.312401883830455,1,1,0.309262166405024,0.338461538461538,1,1,1,0.509984639016897,0.299382716049383,0.330721003134796,0.312307692307692,0.3234375,0.699376947040498,0.319314641744548,0.32018927444795,0.31039755351682,0.238244514106583,0.310509554140127,1,0.314984709480122,0.998439937597504,0.31201248049922,0.0818181818181818,0.043613707165109,1,1,0.0359937402190923,1,0.683890577507599,0.0344287949921753,0.00631911532385466,1,0.688751926040062,1,1,0.542056074766355,1,0,0.0774193548387097,1,1,1,0.319685039370079,0.653902798232695,0.692185007974482,0.992236024844721,1,0.985915492957746,0.296875,0.336477987421384,1,0.2992,1,0.366003062787136,0.101426307448494,0.29922480620155,0.311550151975684,0.329411764705882,1,0.0775075987841945,1,1,1,0.263636363636364,0.320813771517997,1,0.313880126182965,1,1,0.302290076335878,1,0.316964285714286,1,0.309968847352025,0.3198127925117,1,0.68798751950078,0.312688821752266,1,0.309597523219814,0.759630200308166,0.310872894333844,0.159442724458204,0.316742081447964,0.754777070063694,0.297939778129952,1,0.31687898089172,0.332293291731669,0.29320987654321,1,1,1,0.971107544141252,0.343137254901961,1,0.319935691318328,1,0.312,0.318112633181126,1,1,1,0.92246835443038,1,0.303405572755418,0.318252730109204,1,1,0.0445151033386327,0.0757097791798107,1,1,0.302839116719243,1,1,0.309148264984227,1,1,0.680061823802164,0.54434250764526,1,0,1,1,0.098159509202454,0.319875776397516,1,0.315625,0.998427672955975,0.971107544141252,0.998417721518987,0.817901234567901,1,0.326860841423948,1,1,1,0,0.309328968903437,1,1,0.674491392801252,1,0.3109375,0.344615384615385,0.324492979719189,1,1,1,0.0870229007633588,0.313099041533546,0.0873015873015873,0.998454404945904,0.299689440993789,0.300462249614792,0.344186046511628,0,1,0.962616822429907,1,1,0.31687898089172,0.302255639097744,0.165884194053208,0.0357142857142857,0.312893081761006,0.304212168486739,0.325652841781874,0,0.306376360808709,1,0,0.313455657492355,1,1,1,0.310769230769231,0.314759036144578,0.0309446254071661,1,0.314553990610329,0.301075268817204,1,1,0.313084112149533,0.688816855753647,1,1,0.69826224328594,1,0.30781010719755,1,0.309968847352025,0.538343558282209,0.672333848531685,0.396992481203008,1,0.3,0.31039755351682,0.681818181818182,0.673780487804878,1,0.32,1,0.315068493150685,1,0.3125,0.311111111111111,0.346811819595645,0.521472392638037,0.313195548489666,0.301261829652997,0.6734375,0.314984709480122,0.142857142857143,1,0,1,0.283676703645008,1,0,0.314194577352472,0.309636650868878,1,0.0529500756429652,1,0.0869565217391304,0.328173374613003,1,0.0641627543035994,0.671339563862928,1,1,1,0.303514376996805,0.032258064516129,1,0.423861852433281,0.0910518053375196,0.351598173515982,0.31832298136646,0.320493066255778,1,1,1,1,1,0.061633281972265,0.996918335901387,0.686728395061728,0.00151285930408472,0.321428571428571,1,1,1,1,0.0834645669291339,0.309667673716012,1,1,1,1,1,1,0.493957703927492,0,1,0.081039755351682,0.316923076923077,0.44794952681388,1,0.386435331230284,0.314606741573034,0.316118935837246,1,0.0343213728549142,0.318885448916409,1,1,0.365231259968102,0.307575757575758,0.302034428794992,0.315705128205128,0.998468606431853,0.317384370015949,0.319314641744548,0.411111111111111,0.318252730109204,0.972685887708649,0.306990881458967,0.082670906200318,0.318181818181818,0,1,0.0833333333333333,0.307210031347962,0.31104199066874,0.312302839116719,1,1,1,1,1,1,0.320634920634921,1,0.316770186335404,0.306666666666667,0.597826086956522,0.68312101910828,1,1,0,0.311278195488722,0.116822429906542,0.998493975903614,0.0354391371340524,1,1,0.309636650868878,1,1,0.627980922098569,0.405891980360065,0.995475113122172,0.0780254777070064,0.0968253968253968,1,1,1,0.0903426791277259,0,0.311627906976744,0.404651162790698,0.316590563165906,0,0.320754716981132,0.0859872611464968,1,1,0.3125,0.310664605873261,0.2398753894081,0.3264,0.31441717791411,0.314241486068111,1,1,0.326984126984127,1,0,1,0.222397476340694,1,0.684210526315789,1,0.305295950155763,0.300632911392405,0.0712074303405573,0.679878048780488,1,1,0.794628751974723,0.898222940226171,0.317683881064163,0.306122448979592,1,0.314814814814815,0.258970358814353,0.320450885668277,1,0.0996884735202492,1,1,0.32,0.682108626198083,0.302066772655008,1,1,0.305084745762712,0.306027820710974,0.309341500765697,0.859424920127795,0.304897314375987,1,0.0523076923076923,1,1,0.698924731182796,0.664596273291925,0.31637519872814,0.0514018691588785,0.318818040435459,1,1,0.30622009569378,0.322274881516588,0.641538461538462,1,0.308755760368664,0.364906832298137,0.31104199066874,0.981538461538462,0.49445324881141,0.00308166409861325,0.293577981651376,0.312024353120244,0.319047619047619,0.302884615384615,0.319083969465649,0.969558599695586,1,0.312693498452012,0.560581583198708,0.695721077654517,0.229559748427673,0.694444444444444,1,0.315707620528771,0.003125,0.324074074074074,0.307453416149068,0.358461538461538,0.315955766192733,0,0.331775700934579,0.311290322580645,0.319685039370079,0.310126582278481
"147",0.301391035548686,0.314900153609831,0.31039755351682,0.323574730354391,0.313546423135464,0.303951367781155,0.0108191653786708,0.318529862174579,0.309923664122137,0.578369905956113,0.318250377073906,0.633781763826607,0.527216174183515,0.325652841781874,1,1,0.627627627627628,0,0.325652841781874,0.308980213089802,1,1,0.321481481481481,0.51588502269289,0.310751104565538,1,1,0.333850931677019,0.306092124814265,0.530674846625767,1,0.588588588588589,0.368340943683409,0.996941896024465,0.668188736681887,0.304625199362041,0.132218844984802,0.325337331334333,1,0.311377245508982,0.00301204819277108,0,0,0.330757341576507,0.313636363636364,1,0.993939393939394,1,1,1,0.687593423019432,0.319508448540707,1,0.321699544764795,0.308868501529052,0.82542113323124,0.119631901840491,0.320300751879699,0.314842578710645,0.322678843226788,0.992548435171386,1,1,0.00604229607250755,0.309262166405024,0.31570996978852,0.655913978494624,0.322727272727273,0.611436950146628,1,0.318862275449102,1,1,0.2734375,0.149847094801223,0.316568047337278,1,0.99400299850075,0.318796992481203,1,0.6046875,1,1,0.329787234042553,1,0.325,0.311827956989247,0.323795180722892,0.320552147239264,0,0.321483771251932,0.325958702064897,0.686274509803922,0.582959641255605,0.31104199066874,0.636094674556213,0.678353658536585,0.306092124814265,0.117647058823529,0,0.31441717791411,0.628659476117103,1,0.317262830482115,1,0.314503816793893,0,0.31981981981982,1,1,1,0.308383233532934,0.995468277945619,0.31969696969697,0.201192250372578,0.30791788856305,1,0.382882882882883,1,1,0.197568389057751,0.316187594553706,1,1,0.327868852459016,1,0.318443804034582,0.312130177514793,0.358461538461538,0.75748502994012,0.322378716744914,1,0.327160493827161,0.634361233480176,0.3390625,1,0.00149925037481259,1,0.368501529051988,0.886292834890966,0.585106382978723,0.60790273556231,0.314589665653495,0.31832298136646,1,0.312688821752266,1,0.299847792998478,0.506706408345753,0.320950965824666,1,0.31039755351682,0.313935681470138,0.324492979719189,0.318796992481203,1,0.309309309309309,1,0.430955993930197,0.329286798179059,1,0.318991097922849,1,0.591049382716049,0.318529862174579,1,0.319758672699849,0.314589665653495,0.32824427480916,0.986404833836858,0.323076923076923,1,0.321156773211568,1,0.316770186335404,1,0.59304084720121,0.299392097264438,0.02660406885759,0.296754250386399,0.320359281437126,1,0.30421686746988,0.313935681470138,0.316030534351145,0.325227963525836,1,1,0.328660436137072,0.315233785822021,1,1,0.314674735249622,0.235114503816794,0.0192023633677991,0.686746987951807,1,0.00310077519379845,0.313813813813814,1,0.32,0.311844077961019,0.311550151975684,0.997001499250375,1,1,0.329881656804734,0.311627906976744,0.319277108433735,0.684210526315789,0.304675716440422,1,0.349544072948328,1,1,0.4375,0.316590563165906,0.31981981981982,0.326186830015314,0.298325722983257,0.313664596273292,0.640791476407915,1,1,0.320417287630402,0.00453172205438067,0.327844311377246,0.314456035767511,0.319634703196347,0.30640243902439,0.293577981651376,0.314623338257016,0.693233082706767,0.358744394618834,0.302891933028919,1,0.322530864197531,1,0.309880239520958,0.302795031055901,0.315950920245399,0.332298136645963,0.307692307692308,1,0.323170731707317,0.804281345565749,1,1,0.996927803379416,1,1,0.893353941267388,1,1,1,0.30952380952381,1,0.327014218009479,0,1,0.389955686853767,1,0.324159021406728,0.317484662576687,0.317700453857791,0.413273001508296,1,0.324850299401198,1,1,1,1,0,0.313455657492355,1,1,0.321752265861027,1,0.318452380952381,1,1,0.315384615384615,0.321981424148607,0.300455235204856,0.146118721461187,0.322085889570552,0,0.595238095238095,1,0.317365269461078,0.325688073394495,0.583458646616541,1,1,0.322834645669291,0.321100917431193,1,0.65296803652968,0.697247706422018,0.30640243902439,0.317034700315457,0.994020926756353,0.324242424242424,0.297810218978102,1,0.30804248861912,0.308035714285714,1,0.303680981595092,0.321212121212121,0.309880239520958,0.322727272727273,1,1,1,0.297904191616766,0.320610687022901,0.00748502994011976,0.990881458966565,0.326120556414219,1,1,0.311111111111111,0.328808446455505,0.299093655589124,0.315068493150685,0.313813813813814,1,0.310872894333844,0.315151515151515,0.583460949464012,1,0.836115326251897,1,0,1,0.321958456973294,1,1,0.415292353823088,0.998493975903614,0.321100917431193,1,0.311649016641452,0.299236641221374,0.312024353120244,1,1,0.317365269461078,0.4,0.60741885625966,0.300153139356815,1,1,1,0.315870570107858,1,0.195419847328244,1,1,1,1,0.324850299401198,1,0.315707620528771,0.329787234042553,0.680241327300151,0.298921417565485,1,0.315868263473054,0.316265060240964,0.311145510835913,1,0.305970149253731,1,0.314787701317716,0.485671191553544,0.321752265861027,0.32258064516129,0.311572700296736,1,0.318181818181818,0.305936073059361,1,1,0.324242424242424,0.31306990881459,1,0.474626865671642,0.309815950920245,0.331325301204819,0.322289156626506,0.678300455235205,1,0.296998420221169,1,0.417047184170472,0.311827956989247,0,0.883755588673621,0.312111801242236,0.317771084337349,0,0.0287878787878788,0.980243161094225,0.310872894333844,1,0.309341500765697,0.314641744548287,1,0.325301204819277,0.312883435582822,0.667678300455235,1,0.320121951219512,0.314503816793893,1,0.316890881913303,0.30564263322884,1,0.328787878787879,0.311827956989247,0.311278195488722,0.326717557251908,0.806646525679758,1,0.977134146341463,1,1,0.00151975683890578,1,0.993966817496229,1,0.428351309707242,0.996894409937888,0.305263157894737,0.994091580502216,0.331269349845201,0.995475113122172,0.616519174041298,0.628358208955224,0.317037037037037,0.315007429420505,0.636363636363636,0.311827956989247,0,0.626323751891074,0.676783004552352,0.322338830584708,0.0015015015015015,0.30804248861912,0.301972685887709,0.756923076923077,0.317293233082707,0.688622754491018,0.598736176935229,0.315548780487805,0.319213313161876,0.295665634674923,1,0.0246734397677794,0,0.311746987951807,0.325825825825826,0.328808446455505,1,0.330769230769231,0.319508448540707,1,0.308623298033283,0.941877794336811,0.574961360123648,1,1,0.993569131832797,0.322338830584708,0.603007518796992,0.320058997050148,0.311216429699842,0.319634703196347,0.417287630402384,1,0.30640243902439,1,0.321928460342146,0.325038880248834,1,0.315870570107858,1,0.320552147239264,1,1,0.318318318318318,0,1,0.319277108433735,1,0.56859756097561,1,0.509893455098935,1,0.554531490015361,1,0.324574961360124,1,1,1,0.311278195488722,0.324574961360124,0.321428571428571,0.3486529318542,0.329073482428115,0.309815950920245,1,0.320668693009119,1,1,0.323308270676692,0.314641744548287,0.32078313253012,0.383435582822086,0.317910447761194,1,1,0.321266968325792,0.320552147239264,0.628659476117103,0.590288315629742,0.311278195488722,0.314728682170543,1,0.308035714285714,0.3215859030837,0.993939393939394,0.3015625,0.314759036144578,0,0.13037037037037,0.320061255742726,0.676470588235294,0.31039755351682,0.321266968325792,0.603293413173653,0.998487140695915,0.314728682170543,1,0.310975609756098,0.344036697247706,0.321100917431193,0.480243161094225,0.312217194570136,1,0.321212121212121,0.314900153609831,0.327102803738318,0.688721804511278,1,0.326153846153846,0.319940476190476,0,0.32185628742515,0.998511904761905,0.95414201183432,1,0.314024390243902,0.324283559577677,0.311926605504587,0.591251885369532,1,0.593457943925234,0.330804248861912,1,1,0.966966966966967,0.679878048780488,0.326656394453005,0.359090909090909,0.324200913242009,0.314674735249622,1,1,0.506153846153846,0.624242424242424,1,1,0.998502994011976,0.691472868217054,1,0.327380952380952,0.682779456193353,1,0.325859491778774,0.320061255742726,0.321212121212121,0.996969696969697,1,0.644200626959248,0.3267776096823,1,1,0.321804511278195,0.303303303303303,0.998493975903614,0,0.31651376146789,0.30521472392638,0.00762195121951219,0.319880418535127,1,0.301857585139319,1,0.137931034482759,0,0.906110283159464,0.330804248861912,1,1,0,0.0015015015015015,0.323262839879154,1,0.317111459968603,0.99702823179792,0.302936630602782,1,0.998461538461539,0.96793893129771,0.769578313253012,1,1,0.00606980273141123,1,0.51875,0.32312404287902,0.671641791044776,0.319880418535127,1,0.305343511450382,0.672699849170437,1,1,0.312307692307692,0.619533527696793,0.330792682926829,0.592879256965944,0.972727272727273,0.328767123287671,0.600896860986547,0.0137614678899083,0.311827956989247,0.317700453857791,0.319880418535127,1,0.62780269058296,0.310240963855422,0.9,0.591549295774648,0.968609865470852,1,1,0.317557251908397,0.339563862928349,0.311349693251534,0.314674735249622,0.31437125748503,0.622418879056047,0.307004470938897,0,0.675912408759124,0.998493975903614,0.329835082458771,0.304615384615385,0.317460317460317,0.322962962962963,0.601809954751131,1,0.331316187594554,0.3359375,0.324409448818898,0.315629742033384,0.314112291350531,0.308980213089802,0.195845697329377,0.67741935483871,0.318112633181126,0.598811292719168,1,0.238670694864048,0.320061255742726,0.921898928024502,1,1,0.313253012048193,0.637181409295352,1,0.316742081447964,0.302290076335878,0.954128440366973,1,1,0.996927803379416,0.31784107946027,1,1,0.902021772939347,1,0.354449472096531,1,0.593457943925234,1,0.672256097560976,0.312883435582822,0.604938271604938,1,1,0.992354740061162,0.318862275449102,0.322289156626506,0.324031007751938,0.318385650224215,0.330232558139535,0.321483771251932,0.981651376146789,0.305597579425113,1,1,0.71021021021021,0,0.315396113602392,0.316816816816817,0.683812405446294,1,0.561933534743202,0.327407407407407,0.637878787878788,0.310502283105023,0.314285714285714,1,0.315068493150685,0.321372854914197,0.681318681318681,0.911392405063291,0.329512893982808,0.606583072100313,0.585365853658537,0.324850299401198,0.327718223583461,0.302848575712144,0.590015128593041,0.680241327300151,1,0.900763358778626,1,0.667660208643815,0.996879875195008,0.596599690880989,0.311926605504587,0.325545171339564,1,1,0.428134556574924,0.992248062015504,0.996987951807229,1,0.316742081447964,0.32579185520362,1,0.316176470588235,0.687218045112782,0.329754601226994,0.449010654490107,0.308396946564885,0,0.30952380952381,1,1,0.600299401197605,0.00148809523809524,0.323262839879154,0.32375189107413,0.105263157894737,0.407751937984496,1,1,0.314112291350531,1,0.410334346504559,1,0.327485380116959,0.589665653495441,0.317771084337349,0.307692307692308,1,0,1,0.30173775671406,0.322530864197531,1,1,1,0.443932411674347,1,0.319571865443425,0.615733736762481,0.329754601226994,0.325471698113208,0.0015015015015015,0.0354391371340524,1,0.618759455370651,1,0.328290468986384,0.325153374233129,1,1,0.152798789712557,0.310136157337368,1,0.902548725637181,1,0.32396449704142,0.196899224806202,0.670133729569094,1,1,1,1,1,0.289592760180996,0.303490136570561,1,0.108695652173913,0.00153374233128834,0.432432432432432,0,0.324159021406728,1,0.679566563467492,1,1,0.898638426626324,1,0.676602086438152,1,1,1,1
"148",1,1,1,1,1,1,0.719298245614035,1,1,0.101612903225806,1,0.0451713395638629,0.813694267515924,1,0.302066772655008,0.289269051321928,0.0664605873261206,0.703764320785597,1,1,0.271450858034321,0.298722044728434,1,0.157894736842105,1,0.31055900621118,0.3008,1,1,0.7888,0.293103448275862,0.734789391575663,0.964230171073095,0.301587301587302,0,1,0.549141965678627,1,0.288549618320611,1,0.679304897314376,0.697160883280757,0.70606531881804,1,1,0.3042071197411,0.300157977883096,0.284375,0.305164319248826,0.306376360808709,0,1,0.297971918876755,1,1,0.495176848874598,0.571428571428571,1,1,1,0.320373250388802,0.301412872841444,0.303656597774245,0.694136291600634,1,1,0.0380348652931854,1,0.0605143721633888,0.305900621118012,1,0.306603773584906,0.313694267515924,0.963607594936709,0.524922118380062,1,0.29393468118196,0.318461538461538,1,0.307941653160454,0.0868852459016393,0.311811023622047,0.312796208530806,1,0.320695102685624,1,1,1,1,0.703703703703704,1,1,0,0.109923664122137,1,0.0477657935285054,0,1,0.570261437908497,0.68860353130016,1,0.0565149136577708,0.29874213836478,1,0.304897314375987,1,0.696875,1,0.299843014128728,0.30379746835443,0.308892355694228,1,0.317610062893082,1,0.482170542635659,1,0.30173775671406,0.3046875,0.302147239263804,0.304140127388535,0.482704402515723,0.998442367601246,0.30568356374808,0.305958132045089,1,0.29153605015674,1,1,0.339622641509434,0.541284403669725,1,0.30379746835443,1,0.0412213740458015,1,0.298003072196621,0.688473520249221,0.314285714285714,0.928571428571429,0.419249592169657,0.105180533751962,0.10062893081761,1,1,0.309033280507132,1,0.299847792998478,1,0.806853582554517,1,0.30278232405892,1,1,1,1,0.320634920634921,1,0.3024,0.260802469135802,1,0.29984544049459,1,0.2875,0.0901898734177215,1,0.294975688816856,1,1,1,0.322932917316693,1,0.315789473684211,1,0.291338582677165,1,0.297297297297297,0.0801232665639445,1,0.64926590538336,1,1,0.306709265175719,1,1,1,1,0.312202852614897,0.296296296296296,1,0.998405103668262,0.301242236024845,0.298701298701299,1,0.450769230769231,0.678678678678679,0,0.304347826086957,0.686028257456829,1,0.310664605873261,1,0.998454404945904,1,0.302652106084243,0.30030959752322,0.310289389067524,1,1,1,0,1,0.291866028708134,0.9734375,0.304,0.293185419968304,0.738724727838258,1,1,1,1,1,0.0444444444444444,0.3046875,0.30503144654088,1,0.699212598425197,1,1,0.998432601880878,0.998439937597504,1,1,0.0031104199066874,0.32,1,0.287096774193548,1,0.293103448275862,1,1,1,1,1,0.307448494453249,1,0.505546751188589,0.301916932907348,0.309815950920245,0.300955414012739,0.297939778129952,0.309409888357257,0.4,0.315789473684211,0.302034428794992,0.297507788161994,1,0.300314465408805,1,0.700310559006211,0.293460925039872,0.31733746130031,0.320634920634921,1,1,1,0.2660406885759,0.292721518987342,1,0.298076923076923,0.308411214953271,0.293838862559242,0.302611367127496,0.70364500792393,1,0.314814814814815,0.291600633914422,1,0.276629570747218,1,0.294753086419753,0.29375,1,1,1,0.541341653666147,1,0.703761755485893,0.0843558282208589,0.302507836990596,1,1,0.0996884735202492,0.30564263322884,0.307443365695793,1,1,0.285271317829457,0.0221870047543582,0.00323624595469256,1,1,0.32258064516129,0.998444790046656,1,0.295208655332303,1,1,0.297507788161994,1,1,1,1,0.310832025117739,0.29618320610687,0.304838709677419,1,1,0.682515337423313,0.2992,1,0.304482225656878,0.288611544461778,1,1,0.998452012383901,1,1,0.310126582278481,1,1,0.104166666666667,0.320061255742726,0.478056426332288,0.295238095238095,0.689763779527559,0.308049535603715,1,0.292993630573248,0.317460317460317,0.264797507788162,0.306027820710974,1,0.309341500765697,1,1,1,0.29874213836478,0.296583850931677,0.998417721518987,0.91869918699187,0.0661290322580645,1,0.295208655332303,0.308306709265176,0.296998420221169,1,0.308641975308642,0.470125786163522,0.313664596273292,0.294209702660407,0.301948051948052,0.296529968454259,1,0.311708860759494,1,1,0,1,0.303459119496855,1,1,1,0.312989045383412,1,0.296950240770466,1,0.839009287925697,1,1,1,0.282608695652174,1,1,0.302839116719243,0.297637795275591,1,1,0.299065420560748,0.193498452012384,1,0.998456790123457,1,0,0.294212218649518,1,0.2953125,0.254372019077901,1,0.689873417721519,0.426810477657935,1,1,0.693474962063733,0.716108452950558,0.330708661417323,1,0.299363057324841,1,1,0.318910256410256,1,0.998427672955975,0.0064,0.30503144654088,1,1,0.306089743589744,1,1,0.287319422150883,0.336391437308869,1,1,1,0.530769230769231,0.297674418604651,0.324324324324324,0.3003003003003,0.308892355694228,0.7,0.316692667706708,0.313385826771654,0.302936630602782,0.247261345852895,0.301458670988655,1,0.304482225656878,0.998427672955975,0.307692307692308,0.0838414634146342,0.0501519756838906,1,1,0.0392464678178964,1,0.695121951219512,0.0440251572327044,0.00963081861958266,1,0.693146417445483,1,1,0.54066985645933,1,0,0.0747967479674797,1,1,1,0.303656597774245,0.661218424962853,0.705314009661836,0.992163009404389,1,0.984520123839009,0.2944,0.333863275039746,1,0.28594249201278,1,0.363349131121643,0.107890499194847,0.292117465224111,0.302290076335878,0.315345699831366,1,0.080370942812983,1,1,1,0.266975308641975,0.313195548489666,1,0.30173775671406,1,1,0.290171606864275,1,0.301204819277108,1,0.301261829652997,0.307570977917981,1,0.690590111642743,0.300925925925926,1,0.293460925039872,0.761682242990654,0.295839753466872,0.166926677067083,0.298780487804878,0.771565495207668,0.297297297297297,1,0.304552590266876,0.317610062893082,0.275700934579439,1,1,1,0.970826580226904,0.343801652892562,1,0.311793214862682,1,0.309602649006623,0.297213622291022,1,1,1,0.916535433070866,1,0.294573643410853,0.304552590266876,1,1,0.0512820512820513,0.0812101910828025,1,1,0.294585987261146,1,1,0.302362204724409,1,1,0.699059561128527,0.53953488372093,1,0,1,1,0.101246105919003,0.310126582278481,1,0.304761904761905,0.998425196850394,0.965244865718799,0.998447204968944,0.815503875968992,1,0.310965630114566,1,1,1,0,0.296116504854369,1,1,0.675,1,0.302362204724409,0.355038759689922,0.309748427672956,1,1,1,0.0992248062015504,0.304347826086957,0.0887480190174326,0.998420221169036,0.299689440993789,0.29320987654321,0.340659340659341,0,1,0.955905511811024,1,1,0.305863708399366,0.287925696594427,0.166931637519873,0.0402476780185759,0.302362204724409,0.294770206022187,0.310769230769231,0,0.301261829652997,1,0,0.297213622291022,1,1,1,0.301075268817204,0.308755760368664,0.0357142857142857,1,0.299684542586751,0.298273155416013,1,1,0.311827956989247,0.701130856219709,1,1,0.700787401574803,1,0.296636085626911,1,0.294952681388013,0.531393568147014,0.686728395061728,0.399390243902439,1,0.280916030534351,0.304552590266876,0.696124031007752,0.689708141321045,1,0.309262166405024,1,0.314589665653495,1,0.305379746835443,0.298245614035088,0.340189873417722,0.520249221183801,0.302066772655008,0.285488958990536,0.6796875,0.306729264475743,0.157212317666126,1,0,1,0.272873194221509,1,0,0.296529968454259,0.304347826086957,1,0.0575757575757576,1,0.0913385826771654,0.32755905511811,1,0.0698757763975155,0.680379746835443,1,1,1,0.303225806451613,0.0386398763523957,1,0.421383647798742,0.1,0.351766513056836,0.311145510835913,0.306122448979592,1,1,1,1,1,0.0675675675675676,0.998444790046656,0.699530516431925,0.0029940119760479,0.307692307692308,1,1,1,1,0.0901898734177215,0.299382716049383,1,1,1,1,1,1,0.487022900763359,0,1,0.0900621118012422,0.305511811023622,0.4421875,1,0.395833333333333,0.294308943089431,0.297971918876755,1,0.0391236306729265,0.31201248049922,1,1,0.359805510534846,0.297971918876755,0.293838862559242,0.303030303030303,0.998432601880878,0.3088,0.300925925925926,0.400318979266348,0.299524564183835,0.97045101088647,0.300462249614792,0.0834670947030498,0.309006211180124,0,1,0.0950871632329636,0.294303797468354,0.305111821086262,0.296,1,1,1,1,1,1,0.324281150159744,1,0.294770206022187,0.299668874172185,0.603395061728395,0.697115384615385,1,1,0,0.294117647058824,0.125786163522013,0.998470948012232,0.0332278481012658,1,1,0.302362204724409,1,1,0.624801271860095,0.408427876823339,0.997014925373134,0.0842607313195548,0.0988835725677831,1,1,1,0.0892018779342723,0,0.301092043681747,0.417981072555205,0.297709923664122,0,0.310897435897436,0.0857605177993527,1,1,0.307098765432099,0.309859154929577,0.250788643533123,0.320695102685624,0.298921417565485,0.313664596273292,1,1,0.313385826771654,1,0,1,0.221169036334913,1,0.692068429237947,1,0.295774647887324,0.293075684380032,0.0834621329211747,0.700310559006211,1,1,0.804451510333863,0.891410048622366,0.306477093206951,0.304897314375987,1,0.2992,0.26038338658147,0.308681672025723,1,0.1046875,1,1,0.301538461538462,0.692185007974482,0.291139240506329,1,1,0.296238244514107,0.290171606864275,0.304482225656878,0.865814696485623,0.294871794871795,1,0.0551181102362205,1,1,0.706422018348624,0.665094339622642,0.309791332263242,0.0568720379146919,0.306477093206951,1,1,0.287974683544304,0.31496062992126,0.621283255086072,1,0.292048929663609,0.35981308411215,0.28816199376947,0.989312977099237,0.476114649681529,0.0031201248049922,0.290171606864275,0.304878048780488,0.3125,0.2912,0.302710843373494,0.969278033794163,1,0.299843014128728,0.56507413509061,0.701923076923077,0.247663551401869,0.705787781350482,1,0.3125,0.00315457413249211,0.309636650868878,0.293023255813953,0.354587869362364,0.302547770700637,0,0.31924882629108,0.301282051282051,0.308056872037915,0.292527821939587
"149",0.800940438871473,0.80030487804878,0.8,0.81259842519685,0.815384615384615,0.797527047913447,0.52803738317757,0.799689440993789,0.79483282674772,0.0774193548387097,0.791021671826625,0.144171779141104,0.985826771653543,0.811145510835913,0.497645211930926,0.485271317829457,0.119083969465649,0.496012759170654,0.797507788161994,0.803680981595092,0.479198767334361,0.49922480620155,0.796352583586626,0.0593607305936073,0.785714285714286,0.514866979655712,0.5008,0.8032,0.794520547945205,0.926332288401254,0.486024844720497,0.932515337423313,0.847328244274809,0.505409582689335,0.178125,0.800322061191626,0.352395672333849,0.814701378254211,0.485842026825633,0.807339449541284,0.472222222222222,0.500772797527048,0.497744360902256,0.818611987381703,0.80564263322884,0.503961965134707,0.491392801251956,0.501519756838906,0.506787330316742,0.507598784194529,0.19047619047619,0.812982998454405,0.492378048780488,0.800933125972006,0.796296296296296,0.686119873817035,0.381761978361669,0.812403100775194,0.798496240601504,0.803100775193798,0.51219512195122,0.50462962962963,0.490712074303406,0.472222222222222,0.804416403785489,0.794117647058823,0.152647975077882,0.798751950078003,0.120588235294118,0.509063444108761,0.799079754601227,0.50386398763524,0.502392344497608,0.767145135566188,0.330745341614907,0.805135951661631,0.49390243902439,0.526395173453997,0.815384615384615,0.506269592476489,0.0904761904761905,0.515576323987539,0.513178294573643,0.811926605504587,0.520610687022901,0.800604229607251,0.798107255520505,0.807098765432099,0.815668202764977,0.506891271056662,0.805946791862285,0.811940298507463,0.191424196018377,0.0871559633027523,0.811320754716981,0.136363636363636,0.189814814814815,0.810687022900763,0.368589743589744,0.488993710691824,0.801538461538462,0.136222910216718,0.485086342229199,0.799050632911392,0.496111975116641,0.805946791862285,0.487616099071207,0.8,0.49613601236476,0.500777604976672,0.503828483920367,0.800613496932515,0.507716049382716,0.802773497688752,0.288721804511278,0.80359820089955,0.507716049382716,0.11969696969697,0.510510510510511,0.505460218408736,0.279816513761468,0.819722650231125,0.496194824961948,0.49607535321821,0.81733746130031,0.493023255813954,0.800884955752212,0.798484848484848,0.146379044684129,0.412746585735964,0.82120253164557,0.5,0.805295950155763,0.140762463343109,0.826984126984127,0.498480243161094,0.484018264840183,0.50693374422188,0.873634945397816,0.398073836276083,0.0882352941176471,0.0930232558139535,0.79595015576324,0.811501597444089,0.508527131782946,0.80184331797235,0.506706408345753,0.806853582554517,1,0.79940119760479,0.501607717041801,0.803100775193798,0.804075235109718,0.805031446540881,0.808282208588957,0.512461059190031,0.790123456790123,0.496875,0.099236641221374,0.80517503805175,0.490136570561457,0.798179059180577,0.480559875583204,0.111627906976744,0.803125,0.497622820919176,0.790769230769231,0.799093655589124,0.797822706065319,0.519142419601838,0.803405572755418,0.510971786833856,0.820592823712949,0.510835913312694,0.814992025518341,0.5109375,0.109567901234568,0.812792511700468,0.445859872611465,0.806656101426308,0.798151001540832,0.481946624803768,0.81651376146789,0.806853582554517,0.800613496932515,0.796969696969697,0.489891135303266,0.503030303030303,0.796529968454259,0.818181818181818,0.509174311926605,0.490566037735849,0.810852713178295,0.272307692307692,0.483483483483483,0.207430340557276,0.498466257668712,0.485225505443235,0.810318664643399,0.507530120481928,0.798761609907121,0.807044410413476,0.810185185185185,0.502318392581144,0.48698315467075,0.517684887459807,0.8,0.798761609907121,0.821875,0.175911251980983,0.810344827586207,0.488262910798122,0.838006230529595,0.502362204724409,0.503067484662577,0.554711246200608,0.810047095761381,0.804314329738058,0.807153965785381,0.803030303030303,0.811912225705329,0.145061728395062,0.507064364207221,0.504573170731707,0.802130898021309,0.497709923664122,0.808446455505279,0.798507462686567,0.800307219662058,0.81010719754977,0.791862284820031,0.816816816816817,0.193939393939394,0.145896656534954,0.793528505392912,0.501567398119122,0.807153965785381,0.501519756838906,0.808510638297872,0.807098765432099,0.81055900621118,0.806603773584906,0.80188679245283,0.509984639016897,0.802773497688752,0.697347893915757,0.514774494556765,0.509923664122137,0.501543209876543,0.494435612082671,0.505409582689335,0.410377358490566,0.517665130568356,0.506870229007634,0.508448540706605,0.788059701492537,0.510172143974961,0.807631160572337,0.502994011976048,0.512307692307692,0.132835820895522,0.499212598425197,0.8,0.820031298904538,0.807098765432099,0.0917573872472784,0.47926267281106,0.811178247734139,0.510268562401264,0.5,0.502325581395349,0.497702909647779,0.4913112164297,0.809006211180124,0.496923076923077,0.510172143974961,0.802795031055901,0.493650793650794,0.80640243902439,0.503828483920367,0.489922480620155,0.806552262090484,0.807266982622433,0.799382716049383,0.341984732824427,0.803432137285491,0.507668711656442,0.113122171945701,0.504672897196262,0.796946564885496,0.807453416149068,0.0889570552147239,0.50381679389313,0.50796178343949,0.80127186009539,0.812893081761006,0.494640122511485,0.172307692307692,0.202194357366771,0.7981220657277,0.806349206349206,0.514285714285714,0.805810397553517,0.800891530460624,0.500758725341426,0.810769230769231,0.795454545454545,0.507716049382716,0.803125,0.80564263322884,0.80521472392638,0.808575803981623,0.516129032258065,0.494720965309201,0.511254019292605,0.804651162790698,0.8,0.489263803680982,0.506172839506173,0.820872274143302,0.487915407854985,0.493808049535604,0.801815431164902,0.815431164901664,0.801872074882995,0.803981623277182,0.796946564885496,0.506998444790047,0.808544303797468,0.789719626168224,0.0819165378670788,0.514459665144597,0.422187981510015,0.489795918367347,0.495297805642633,0.502304147465438,0.80952380952381,0.48503937007874,0.511773940345369,0.0925925925925926,0.500763358778626,0.805031446540881,0.495481927710843,0.802507836990596,0.806201550387597,0.796969696969697,0.49306625577812,0.490136570561457,0.812121212121212,0.885852090032154,0.132398753894081,0.805993690851735,0.507645259938838,0.509316770186335,0.506211180124224,0.807453416149068,0.50076103500761,0.293846153846154,0.515384615384615,0.494640122511485,0.497615262321145,0.502347417840376,0.808868501529052,0.519500780031201,0.809677419354839,0.801242236024845,0.184210526315789,0.790297339593114,0.503134796238245,0.805555555555556,0.808669656203288,0.813186813186813,0.503115264797508,0.802413273001508,0.504761904761905,0.812312312312312,0.971080669710807,0.794117647058823,0.802527646129542,0.811059907834101,0.49768875192604,0.814756671899529,0.801872074882995,0.499219968798752,0.503048780487805,0.811349693251534,0.80952380952381,0.5,0.0496987951807229,0.805337519623234,0.813664596273292,0.812982998454405,0.191950464396285,0.48489666136725,0.806089743589744,0.505295007564297,0.0892307692307692,0.801872074882995,0.490853658536585,0.625,0.803514376996805,0.808936825885978,0.497764530551416,0.510015408320493,0.535101404056162,0.801857585139319,0.498456790123457,0.801872074882995,0.816745655608215,0.515723270440252,0.802773497688752,0.803149606299213,0.184049079754601,0.510140405616225,0.795348837209302,0.809302325581395,0.5109375,0.802431610942249,0.818471337579618,0.503076923076923,0.164634146341463,0.802861685214626,0.803125,0.80625,0.714503816793893,0.495356037151703,0.482170542635659,0.490284005979073,0.502325581395349,0.492957746478873,0.519461077844311,0.511520737327189,0.49618320610687,0.0947204968944099,0.506329113924051,0.790273556231003,0.494640122511485,0.8078125,0.510769230769231,0.105421686746988,0.136503067484663,0.80640243902439,0.792048929663609,0.13677811550152,0.81629392971246,0.497730711043873,0.139937106918239,0.180685358255452,0.807575757575758,0.499227202472952,0.81651376146789,0.801242236024845,0.403755868544601,0.796899224806202,0.1921875,0.0933977455716586,0.811437403400309,0.799696509863429,0.785046728971963,0.507064364207221,0.458579881656805,0.514563106796116,0.79236641221374,0.80625,0.841704718417047,0.489296636085627,0.161442006269592,0.796557120500782,0.496087636932707,0.8,0.553353658536585,0.087962962962963,0.498466257668712,0.505970149253731,0.513866231647635,0.798461538461538,0.107088989441931,0.799107142857143,0.804140127388535,0.805255023183926,0.0902140672782875,0.513385826771654,0.788906009244992,0.49306625577812,0.796502384737679,0.804451510333863,0.497709923664122,0.807874015748032,0.494720965309201,0.796636085626911,0.493108728943338,0.505511811023622,0.817629179331307,0.491365777080063,0.494047619047619,0.805255023183926,0.496875,0.921174652241113,0.493171471927162,0.0601851851851852,0.495495495495495,0.941915227629513,0.503949447077409,0.792452830188679,0.5,0.523809523809524,0.48036253776435,0.802795031055901,0.808477237048666,0.798496240601504,0.8496,0.170178282009724,0.805513016845329,0.509523809523809,0.813374805598756,0.484751203852327,0.500758725341426,0.798449612403101,0.812893081761006,0.813455657492355,0.87906976744186,0.806015037593985,0.491603053435115,0.502304147465438,0.814307458143075,0.810126582278481,0.133437990580848,0.114420062695925,0.80521472392638,0.807511737089202,0.499227202472952,0.797235023041475,0.801195814648729,0.5,0.792721518987342,0.808575803981623,0.494573643410853,0.349397590361446,0.809148264984227,0.196136701337296,0.8,0.799392097264438,0.0936555891238671,0.508527131782946,0.811526479750779,0.512307692307692,0.815384615384615,0.835913312693498,0.797872340425532,0.981762917933131,0.814814814814815,0.501597444089457,0.803625377643505,0.807210031347962,0.812018489984592,0.18562874251497,0.498397435897436,0.822503961965135,0.793846153846154,0.488408037094281,0.803328290468986,0.504658385093168,0.542944785276074,0.521604938271605,0.801526717557252,0.807633587786259,0.786833855799373,0.0972644376899696,0.508634222919937,0.1,0.808777429467085,0.497723823975721,0.494688922610015,0.544753086419753,0.191424196018377,0.806501547987616,0.856488549618321,0.800613496932515,0.796636085626911,0.517295597484277,0.498484848484848,0.0636645962732919,0.151090342679128,0.496913580246914,0.501543209876543,0.506912442396313,0.185126582278481,0.507716049382716,0.806990881458967,0.191950464396285,0.507507507507508,0.808049535603715,0.799377916018662,0.8125,0.51219512195122,0.501506024096386,0.133540372670807,0.803981623277182,0.491338582677165,0.491628614916286,0.8,0.793939393939394,0.500768049155146,0.509584664536741,0.809748427672956,0.803432137285491,0.501567398119122,0.807283763277693,0.487179487179487,0.798425196850394,0.493710691823899,0.326687116564417,0.487915407854985,0.398791540785498,0.806451612903226,0.48575712143928,0.49613601236476,0.505343511450382,0.481927710843373,0.811059907834101,0.502304147465438,0.807936507936508,0.504491017964072,0.808477237048666,0.513931888544892,0.490712074303406,0.548929663608563,0.505327245053272,0.500792393026941,0.485981308411215,0.486024844720497,0.5,0.0666666666666667,0.810641627543036,0.178787878787879,0.805855161787365,0.491419656786271,0.796267496111975,0.190327613104524,0.502304147465438,0.508634222919937,0.803486529318542,0.127753303964758,0.804580152671756,0.0993690851735016,0.52803738317757,0.814641744548287,0.128048780487805,0.477794793261868,0.804915514592934,0.806501547987616,0.805555555555556,0.496805111821086,0.148318042813456,0.803951367781155,0.616692426584235,0.0949367088607595,0.541284403669725,0.501524390243902,0.506891271056662,0.796042617960426,0.831210191082803,0.79874213836478,0.803951367781155,0.799396681749623,0.119581464872945,0.794294294294294,0.492283950617284,0.191458026509573,0.499227202472952,0.810852713178295,0.794117647058823,0.805466237942122,0.804841149773071,0.107692307692308,0.507462686567164,0.81969696969697,0.825,0.808612440191388,0.799065420560748,0.801232665639445,0.799377916018662,0.307807807807808,0.167449139280125,0.808868501529052,0.113464447806354,0.509923664122137,0.245801526717557,0.80184331797235,0.58814352574103,0.48705501618123,0.50231124807396,0.790446841294299,0.14064914992272,0.509230769230769,0.813740458015267,0.797805642633229,0.549689440993789,0.50384024577573,0.498461538461538,0.505529225908373,0.820395738203957,0.508607198748044,0.507645259938838,0.409375,0.496894409937888,0.843373493975904,0.49777117384844,0.106012658227848,0.49615975422427,0.192133131618759,0.794712286158631,0.109034267912773,0.4858934169279,0.509230769230769,0.515432098765432,0.802130898021309,0.803379416282642,0.800955414012739,0.80184331797235,0.799363057324841,0.799684542586751,0.519500780031201,0.797564687975647,0.500770416024653,0.50814332247557,0.541284403669725,0.496062992125984,0.790697674418605,0.795069337442219,0.179447852760736,0.493212669683258,0.0880121396054628,0.809239940387481,0.141524105754277,0.804651162790698,0.803459119496855,0.506976744186047,0.801538461538462,0.815960912052117,0.477308294209703,0.42215088282504,0.794721407624633,0.10062893081761,0.0913385826771654,0.812693498452012,0.814528593508501,0.811926605504587,0.101226993865031,0.19236641221374,0.490136570561457,0.607255520504732,0.492401215805471,0.186646433990895,0.523291925465838,0.113029827315542,0.809891808346213,0.796529968454259,0.500768049155146,0.516566265060241,0.0882352941176471,0.508607198748044,0.5,0.51063829787234,0.806153846153846,0.803981623277182,0.498461538461538,0.810089020771513,0.188650306748466,0.810047095761381,0.0822981366459627,0.799689440993789,0.494640122511485,0.797583081570997,0.49144634525661,0.507911392405063,0.110599078341014,0.491551459293395,0.81859756097561,0.811437403400309,0.608763693270736,0.695238095238095,0.49445324881141,0.496845425867508,0.804615384615385,0.51875,0.0962732919254658,0.507246376811594,0.801503759398496,0.0952380952380952,0.800312012480499,0.816923076923077,0.512269938650307,0.5046875,0.497659906396256,0.802232854864434,0.81377151799687,0.497730711043873,0.49390243902439,0.502242152466368,0.710691823899371,0.503164556962025,0.8,0.126738794435858,0.801538461538462,0.804451510333863,0.507668711656442,0.457757296466974,0.494417862838915,0.126959247648903,0.503134796238245,0.80248833592535,0.821766561514196,0.496111975116641,0.518808777429467,0.445112781954887,0.805555555555556,0.500765696784073,0.399082568807339,0.498456790123457,0.787556904400607,0.288401253918495,0.195419847328244,0.48382126348228,0.503748125937031,0.512618296529968,0.498427672955975,0.496263079222721,0.768292682926829,0.799382716049383,0.489296636085627,0.362153344208809,0.482059282371295,0.115562403697997,0.497615262321145,0.812206572769953,0.506998444790047,0.183385579937304,0.515432098765432,0.502318392581144,0.376146788990826,0.50077519379845,0.179447852760736,0.516279069767442,0.496894409937888,0.501577287066246,0.503086419753086
"150",1,1,1,1,1,1,0.700787401574803,1,1,0.0987460815047022,1,0.0504587155963303,0.805855161787365,1,0.323029366306028,0.31866464339909,0.0693815987933635,0.681962025316456,1,1,0.287901990811639,0.312883435582822,1,0.174436090225564,1,0.330316742081448,0.315707620528771,1,1,0.780564263322884,0.310911808669656,0.720789074355083,0.962235649546828,0.317411402157165,0,1,0.542553191489362,1,0.310911808669656,1,0.665144596651446,0.67629179331307,0.685240963855422,1,1,0.327586206896552,0.320373250388802,0.310030395136778,0.33030303030303,0.331838565022422,0,1,0.309774436090226,1,1,0.484423676012461,0.560250391236307,1,1,1,0.340393343419062,0.322085889570552,0.326086956521739,0.678071539657854,1,1,0.0419906687402799,1,0.0640834575260805,0.332330827067669,1,0.31651376146789,0.327217125382263,0.965408805031447,0.512084592145015,1,0.312781954887218,0.337331334332834,1,0.317460317460317,0.0954616588419405,0.327188940092166,0.331797235023041,1,0.340393343419062,1,1,1,1,0.684848484848485,1,1,0.00152439024390244,0.110942249240122,1,0.0520059435364042,0,1,0.563579277864992,0.667706708268331,1,0.0601851851851852,0.31201248049922,1,0.31832298136646,1,0.680851063829787,1,0.317901234567901,0.323529411764706,0.324812030075188,1,0.327794561933535,1,0.48955223880597,1,0.323076923076923,0.30441400304414,0.332330827067669,0.316436251920123,0.489329268292683,0.998468606431853,0.325337331334333,0.318681318681319,1,0.308980213089802,1,1,0.339939024390244,0.559701492537313,1,0.32258064516129,1,0.0489614243323442,1,0.321699544764795,0.674626865671642,0.333333333333333,0.923676012461059,0.43956043956044,0.111280487804878,0.102643856920684,1,1,0.333333333333333,1,0.320950965824666,1,0.79940119760479,1,0.331210191082803,1,1,1,1,0.335413416536661,1,0.32824427480916,0.261654135338346,1,0.316030534351145,1,0.300911854103343,0.0955315870570108,1,0.31441717791411,1,1,1,0.338391502276176,1,0.331782945736434,1,0.314589665653495,1,0.326656394453005,0.0823170731707317,1,0.630841121495327,1,1,0.323076923076923,1,1,1,1,0.329770992366412,0.312024353120244,1,0.998459167950693,0.318181818181818,0.319875776397516,1,0.438356164383562,0.663716814159292,0,0.326120556414219,0.664624808575804,1,0.324850299401198,1,0.998507462686567,1,0.321592649310873,0.3267776096823,0.326018808777429,1,1,1,0,1,0.308892355694228,0.967791411042945,0.325617283950617,0.30781010719755,0.753048780487805,1,1,1,1,1,0.0491551459293395,0.313755795981453,0.33030303030303,1,0.676646706586826,1,1,0.998466257668712,0.998489425981873,1,1,0.0045662100456621,0.327327327327327,1,0.312111801242236,1,0.308510638297872,1,1,1,1,1,0.325115562403698,1,0.502283105022831,0.336405529953917,0.331325301204819,0.316998468606432,0.326120556414219,0.333333333333333,0.432558139534884,0.331811263318113,0.324200913242009,0.316187594553706,1,0.323076923076923,1,0.682563338301043,0.318112633181126,0.318862275449102,0.338461538461538,1,1,1,0.264797507788162,0.316358024691358,1,0.323076923076923,0.333333333333333,0.321100917431193,0.320300751879699,0.68160741885626,1,0.327354260089686,0.31733746130031,1,0.306729264475743,1,0.318385650224215,0.321699544764795,1,1,1,0.544207317073171,1,0.685496183206107,0.0850746268656716,0.327718223583461,1,1,0.100299401197605,0.321646341463415,0.334890965732087,1,1,0.305936073059361,0.0300751879699248,0.0031104199066874,1,1,0.336283185840708,0.998454404945904,1,0.317147192716237,1,1,0.321156773211568,1,1,1,1,0.330275229357798,0.316023738872404,0.330696202531646,1,1,0.667669172932331,0.319018404907975,1,0.324773413897281,0.312024353120244,1,1,0.998470948012232,1,1,0.328725038402458,1,1,0.113207547169811,0.335843373493976,0.502318392581144,0.319182389937107,0.670245398773006,0.317577548005908,1,0.307098765432099,0.33693972179289,0.268476621417798,0.329323308270677,1,0.328888888888889,1,1,1,0.312594840667678,0.32375189107413,0.998475609756098,0.915756630265211,0.0714285714285714,1,0.315068493150685,0.320493066255778,0.31937984496124,1,0.328787878787879,0.463636363636364,0.328787878787879,0.313271604938272,0.31924882629108,0.310291858678955,1,0.325077399380805,1,1,0,1,0.331804281345566,1,1,1,0.325688073394495,1,0.316770186335404,1,0.832572298325723,1,1,1,0.322678843226788,1,1,0.311450381679389,0.321212121212121,1,1,0.316436251920123,0.194074074074074,1,0.998470948012232,1,0,0.320987654320988,1,0.314503816793893,0.254992319508449,1,0.671732522796353,0.435897435897436,1,1,0.675872093023256,0.700617283950617,0.351309707241911,1,0.325190839694657,1,1,0.337442218798151,1,0.9984375,0.0076103500761035,0.325581395348837,1,1,0.329230769230769,1,1,0.314241486068111,0.340909090909091,1,1,1,0.531437125748503,0.314589665653495,0.350230414746544,0.320474777448071,0.333333333333333,0.682170542635659,0.323795180722892,0.330289193302892,0.311844077961019,0.241486068111455,0.323529411764706,1,0.326807228915663,0.998452012383901,0.327692307692308,0.0861812778603269,0.057315233785822,1,1,0.0422960725075529,1,0.677130044843049,0.0487062404870624,0.0122699386503067,1,0.680981595092024,1,1,0.564814814814815,1,0,0.0771653543307087,1,1,1,0.321928460342146,0.646627565982405,0.690437601296596,0.993984962406015,1,0.981900452488688,0.308980213089802,0.34984520123839,1,0.302795031055901,1,0.368827160493827,0.112654320987654,0.307339449541284,0.325859491778774,0.340288924558588,1,0.08649468892261,1,1,1,0.26355421686747,0.326120556414219,1,0.331797235023041,1,1,0.315315315315315,1,0.325925925925926,1,0.31839258114374,0.327666151468315,1,0.673343605546995,0.314842578710645,1,0.309968847352025,0.757251908396947,0.315946348733234,0.174506828528073,0.326865671641791,0.764615384615385,0.317683881064163,1,0.329738058551618,0.337837837837838,0.299539170506912,1,1,1,0.96551724137931,0.346518987341772,1,0.33641975308642,1,0.322061191626409,0.314842578710645,1,1,1,0.916413373860182,1,0.311377245508982,0.321592649310873,1,1,0.057542768273717,0.0845070422535211,1,1,0.313178294573643,1,1,0.314728682170543,1,1,0.677914110429448,0.532330827067669,1,0,1,1,0.101949025487256,0.33030303030303,1,0.324655436447167,0.998477929984779,0.959501557632399,0.998454404945904,0.815315315315315,1,0.340157480314961,1,1,1,0,0.318541996830428,1,1,0.664634146341463,1,0.327666151468315,0.366666666666667,0.321646341463415,1,1,1,0.0943952802359882,0.325038880248834,0.0933544303797468,0.998456790123457,0.319634703196347,0.310606060606061,0.349924585218703,0,1,0.950844854070661,1,1,0.328660436137072,0.308734939759036,0.171253822629969,0.0446153846153846,0.331288343558282,0.313846153846154,0.342383107088989,0.00156494522691706,0.315950920245399,1,0,0.326865671641791,1,1,1,0.324404761904762,0.32,0.0381558028616852,1,0.323619631901841,0.313846153846154,1,1,0.322137404580153,0.690705128205128,1,1,0.683563748079877,1,0.317771084337349,1,0.313935681470138,0.523809523809524,0.671686746987952,0.416047548291233,1,0.298816568047337,0.326687116564417,0.678300455235205,0.669172932330827,1,0.32185628742515,1,0.333827893175074,1,0.323574730354391,0.316358024691358,0.351598173515982,0.528158295281583,0.317757009345794,0.315870570107858,0.660578386605784,0.324283559577677,0.1546875,1,0,1,0.297839506172839,1,0,0.326656394453005,0.327666151468315,1,0.0628654970760234,1,0.0892307692307692,0.341013824884793,1,0.0714285714285714,0.661514683153014,1,1,1,0.322784810126582,0.0457902511078287,1,0.425531914893617,0.101404056162246,0.353550295857988,0.326153846153846,0.323308270676692,1,1,1,1,1,0.0698365527488856,0.997014925373134,0.683183183183183,0.00437956204379562,0.329341317365269,1,1,1,1,0.0906298003072197,0.32383808095952,1,1,1,1,1,1,0.490936555891239,0.00155038759689922,1,0.0883233532934132,0.321592649310873,0.436251920122888,1,0.404287901990812,0.315789473684211,0.324734446130501,1,0.0454545454545455,0.323262839879154,1,1,0.375579598145286,0.316417910447761,0.312693498452012,0.324492979719189,0.998500749625187,0.329153605015674,0.324773413897281,0.424764890282132,0.321483771251932,0.968277945619335,0.31892697466468,0.0864779874213836,0.331297709923664,0,1,0.0934579439252336,0.309707241910632,0.321044546850998,0.31733746130031,1,1,1,1,1,1,0.335365853658537,1,0.315870570107858,0.318840579710145,0.620328849028401,0.672386895475819,1,1,0,0.322338830584708,0.128834355828221,0.998505231689088,0.0387596899224806,1,1,0.320373250388802,1,1,0.642414860681115,0.427432216905901,0.997093023255814,0.0838607594936709,0.101246105919003,1,1,1,0.0931297709923664,0,0.323795180722892,0.422664624808576,0.320058997050148,0,0.330757341576507,0.0890937019969278,1,1,0.325264750378215,0.318042813455657,0.248456790123457,0.337519623233909,0.319213313161876,0.317771084337349,1,1,0.328149300155521,1,0,1,0.229583975346687,1,0.675757575757576,1,0.315384615384615,0.3046875,0.0799396681749623,0.672205438066465,1,1,0.787786259541985,0.89622641509434,0.327131782945736,0.321766561514196,1,0.325190839694657,0.255813953488372,0.318681318681319,1,0.104229607250755,1,1,0.318181818181818,0.678683385579937,0.310077519379845,1,1,0.311450381679389,0.30781010719755,0.318518518518519,0.848765432098765,0.322429906542056,1,0.0615615615615616,1,1,0.68815592203898,0.650986342943854,0.327014218009479,0.0629800307219662,0.322033898305085,1,1,0.315789473684211,0.332312404287902,0.625942684766214,1,0.309667673716012,0.381954887218045,0.313161875945537,0.983532934131736,0.47758887171561,0.00307219662058372,0.316816816816817,0.32185628742515,0.32807570977918,0.31839258114374,0.321907600596125,0.973254086181278,1,0.318250377073906,0.542721518987342,0.683229813664596,0.240909090909091,0.683881064162754,1,0.327794561933535,0.00307219662058372,0.329268292682927,0.31570996978852,0.375757575757576,0.324492979719189,0,0.336874051593323,0.321928460342146,0.325115562403698,0.315301391035549
"151",0.30655737704918,0.315619967793881,0.315533980582524,0.334975369458128,0.31637519872814,0.314935064935065,0.0132450331125828,0.32626427406199,0.318979266347687,0.579967689822294,0.324281150159744,0.642172523961661,0.504838709677419,0.327447833065811,1,1,0.613312202852615,0,0.323577235772358,0.319935691318328,1,1,0.328149300155521,0.52411575562701,0.3184,1,1,0.339901477832512,0.315047021943574,0.52520325203252,1,0.579778830963665,0.3696,0.996805111821086,0.66025641025641,0.317948717948718,0.136,0.327073552425665,1,0.310832025117739,0.0016025641025641,0,0,0.324281150159744,0.318032786885246,1,0.996784565916399,1,1,1,0.685805422647528,0.33063209076175,1,0.333333333333333,0.322115384615385,0.822475570032573,0.122383252818035,0.326465927099842,0.317460317460317,0.3322528363047,0.995253164556962,1,1,0.00485436893203883,0.323333333333333,0.32182103610675,0.659643435980551,0.330097087378641,0.613003095975232,1,0.326923076923077,1,1,0.288524590163934,0.153238546603476,0.327131782945736,1,0.995260663507109,0.322784810126582,1,0.602310231023102,1,1,0.33015873015873,1,0.326594090202177,0.316139767054908,0.335515548281506,0.322061191626409,0,0.320325203252033,0.334365325077399,0.680445151033386,0.587955625990491,0.312903225806452,0.639937106918239,0.670926517571885,0.31496062992126,0.116883116883117,0,0.3152,0.617363344051447,1,0.320197044334975,1,0.316720257234727,0,0.323151125401929,1,1,1,0.313099041533546,0.998407643312102,0.329113924050633,0.202511773940345,0.313178294573643,1,0.380877742946708,1,1,0.2048,0.313291139240506,1,1,0.334920634920635,1,0.324615384615385,0.315047021943574,0.371150729335494,0.782677165354331,0.31973898858075,1,0.336617405582923,0.633956386292835,0.330605564648118,1,0,1,0.364365971107544,0.89672131147541,0.588709677419355,0.593192868719611,0.317741935483871,0.32013201320132,1,0.319488817891374,1,0.30278232405892,0.501607717041801,0.331210191082803,1,0.311183144246353,0.321951219512195,0.329052969502408,0.321027287319422,1,0.308186195826645,1,0.440570522979398,0.328571428571429,1,0.326053042121685,1,0.594507269789984,0.32137030995106,1,0.3344,0.310832025117739,0.333333333333333,0.990430622009569,0.324881141045959,1,0.329545454545455,1,0.330592105263158,1,0.592063492063492,0.293650793650794,0.0329489291598023,0.303079416531605,0.324237560192616,1,0.313099041533546,0.319554848966614,0.32484076433121,0.331707317073171,1,1,0.338762214983713,0.325769854132901,1,1,0.32755905511811,0.23482428115016,0.0184899845916795,0.67981072555205,1,0.00159489633173844,0.325581395348837,1,0.321895424836601,0.318979266347687,0.320063694267516,0.998420221169036,1,1,0.328197226502311,0.316666666666667,0.322884012539185,0.68189233278956,0.3104,1,0.338164251207729,1,1,0.443381180223285,0.333878887070376,0.323717948717949,0.332273449920509,0.313099041533546,0.316045380875203,0.644122383252818,1,1,0.314375987361769,0.00162074554294976,0.338072669826224,0.326053042121685,0.32258064516129,0.310725552050473,0.300319488817891,0.321316614420063,0.693522906793049,0.360629921259843,0.307086614173228,1,0.328478964401294,1,0.314102564102564,0.314424635332253,0.317073170731707,0.346905537459283,0.309061488673139,1,0.32753164556962,0.79349593495935,1,1,0.99836867862969,1,1,0.905383360522023,1,1,1,0.316037735849057,1,0.322259136212625,0,1,0.389507154213037,1,0.326797385620915,0.327922077922078,0.319488817891374,0.431118314424635,1,0.339116719242902,1,1,1,1,0,0.32463295269168,1,1,0.32516339869281,1,0.32120253164557,1,1,0.310289389067524,0.322632423756019,0.307448494453249,0.1456,0.32741935483871,0,0.600624024960998,1,0.329093799682035,0.327390599675851,0.58712715855573,1,1,0.325657894736842,0.331168831168831,1,0.656050955414013,0.691803278688525,0.312903225806452,0.321782178217822,0.992211838006231,0.331730769230769,0.313572542901716,1,0.317307692307692,0.303656597774245,1,0.317589576547231,0.321086261980831,0.322884012539185,0.322115384615385,1,1,1,0.310679611650485,0.330081300813008,0.00646203554119548,0.993589743589744,0.326829268292683,1,1,0.31619937694704,0.332278481012658,0.309148264984227,0.32695374800638,0.323296354992076,1,0.30718954248366,0.323151125401929,0.568144499178982,1,0.847266881028939,1,0,1,0.3265625,1,1,0.432646592709984,0.998389694041868,0.331723027375201,1,0.3136,0.30655737704918,0.315047021943574,1,1,0.325949367088608,0.398671096345515,0.610197368421053,0.302884615384615,1,1,1,0.325657894736842,1,0.205501618122977,1,1,1,1,0.333333333333333,1,0.318104906937394,0.345718901453958,0.662884927066451,0.306818181818182,1,0.327044025157233,0.320872274143302,0.318555008210181,1,0.314465408805031,1,0.333333333333333,0.486356340288925,0.332263242375602,0.325281803542673,0.320634920634921,1,0.327868852459016,0.308306709265176,1,1,0.331189710610932,0.316455696202532,1,0.479495268138801,0.321131447587354,0.3408,0.330721003134796,0.676190476190476,1,0.300492610837438,1,0.428341384863124,0.309061488673139,0,0.88390092879257,0.317666126418152,0.317741935483871,0,0.0273752012882448,0.982484076433121,0.322632423756019,1,0.310457516339869,0.32952691680261,1,0.327014218009479,0.326829268292683,0.66025641025641,1,0.326332794830372,0.326298701298701,1,0.314785373608903,0.310743801652893,1,0.339256865912762,0.320967741935484,0.321428571428571,0.340322580645161,0.79903536977492,1,0.982456140350877,1,1,0,1,0.995176848874598,1,0.438906752411576,0.998384491114701,0.324960753532182,0.993700787401575,0.332792207792208,0.996805111821086,0.604006163328197,0.632165605095541,0.322327044025157,0.316957210776545,0.640699523052464,0.323920265780731,0,0.633279483037157,0.674603174603175,0.324367088607595,0,0.315619967793881,0.314009661835749,0.783870967741935,0.325434439178515,0.682615629984051,0.594417077175698,0.323577235772358,0.325,0.30952380952381,1,0.0274390243902439,0,0.325949367088608,0.332797427652733,0.332283464566929,1,0.338709677419355,0.318979266347687,1,0.312893081761006,0.938193343898574,0.564860426929392,1,1,0.993197278911565,0.332288401253919,0.610328638497653,0.33125,0.318481848184819,0.31687898089172,0.42472266244057,1,0.308319738988581,1,0.324459234608985,0.328382838283828,1,0.329052969502408,1,0.326332794830372,1,1,0.325914149443561,0,1,0.32695374800638,1,0.562998405103668,1,0.510268562401264,1,0.554662379421222,1,0.328947368421053,1,1,1,0.314696485623003,0.333333333333333,0.3328125,0.344827586206897,0.32996632996633,0.314696485623003,1,0.327476038338658,1,1,0.325545171339564,0.329545454545455,0.3234375,0.391167192429022,0.322033898305085,1,1,0.328616352201258,0.32516339869281,0.630718954248366,0.593301435406699,0.317741935483871,0.32516339869281,1,0.314375987361769,0.317757009345794,0.998402555910543,0.313856427378965,0.315873015873016,0,0.130708661417323,0.317965023847377,0.671779141104294,0.307568438003221,0.328,0.592767295597484,1,0.315286624203822,1,0.312803889789303,0.34094616639478,0.321486268174475,0.474097331240188,0.318840579710145,1,0.321144674085851,0.319870759289176,0.332784184514003,0.685897435897436,1,0.330592105263158,0.316535433070866,0,0.325358851674641,0.998410174880763,0.951026856240126,1,0.323717948717949,0.329635499207607,0.3136,0.588697017268446,1,0.600985221674877,0.33495145631068,1,1,0.96998420221169,0.670510708401977,0.331730769230769,0.346645367412141,0.319554848966614,0.327476038338658,1,1,0.516181229773463,0.638126009693053,1,1,0.998432601880878,0.685950413223141,1,0.330696202531646,0.67483660130719,1,0.328571428571429,0.319286871961102,0.3216,0.998412698412698,1,0.645107794361526,0.328548644338118,1,1,0.331189710610932,0.32018927444795,0.998387096774194,0,0.323151125401929,0.310289389067524,0.00647249190938511,0.328025477707006,1,0.309951060358891,1,0.148902821316614,0,0.912772585669782,0.33122028526149,1,1,0,0,0.333333333333333,1,0.323529411764706,0.998435054773083,0.317152103559871,1,0.998363338788871,0.961414790996785,0.784911717495987,1,1,0.00630914826498423,1,0.513513513513513,0.330081300813008,0.67246835443038,0.333333333333333,1,0.310618066561014,0.673015873015873,1,1,0.314424635332253,0.622496147919877,0.332258064516129,0.578352180936995,0.970588235294118,0.330670926517572,0.603833865814696,0.0095389507154213,0.315875613747954,0.329153605015674,0.330745341614907,1,0.637380191693291,0.314785373608903,0.891373801916933,0.586709886547812,0.968454258675079,1,1,0.312698412698413,0.346839546191248,0.309328968903437,0.318910256410256,0.308186195826645,0.617054263565891,0.3109375,0,0.673846153846154,1,0.3296,0.317589576547231,0.322368421052632,0.325,0.602870813397129,1,0.340157480314961,0.338709677419355,0.332775919732441,0.327476038338658,0.317965023847377,0.3216,0.193700787401575,0.684640522875817,0.317817014446228,0.597200622083981,1,0.233870967741935,0.3264,0.919141914191419,1,1,0.318627450980392,0.636650868878357,1,0.320251177394035,0.305555555555556,0.954397394136808,1,1,1,0.329617834394904,1,1,0.906300484652666,1,0.34009360374415,1,0.595709570957096,1,0.665056360708535,0.312599681020734,0.602272727272727,1,1,0.991935483870968,0.327503974562798,0.322683706070288,0.327759197324415,0.322784810126582,0.326797385620915,0.327361563517915,0.985623003194888,0.317666126418152,1,1,0.7376,0,0.32120253164557,0.324921135646688,0.671383647798742,1,0.560509554140127,0.332293291731669,0.646592709984152,0.319554848966614,0.324104234527687,1,0.309294871794872,0.315345699831366,0.693944353518822,0.917218543046358,0.330757341576507,0.606796116504854,0.574433656957929,0.32182103610675,0.337641357027464,0.302100161550889,0.5952,0.675039246467818,1,0.890995260663507,1,0.660883280757098,0.99836867862969,0.586991869918699,0.318770226537217,0.333333333333333,1,1,0.437802907915994,0.995137763371151,0.998417721518987,1,0.319078947368421,0.329617834394904,1,0.325688073394495,0.670364500792393,0.33063209076175,0.470304975922953,0.307817589576547,0,0.313291139240506,1,1,0.598736176935229,0,0.335987261146497,0.322632423756019,0.101941747572816,0.418604651162791,1,1,0.3232,1,0.41871921182266,1,0.332307692307692,0.585443037974684,0.327476038338658,0.315447154471545,1,0,1,0.306799336650083,0.322169059011164,1,1,1,0.451718494271686,1,0.326923076923077,0.625592417061611,0.329617834394904,0.327272727272727,0,0.0420711974110032,1,0.629268292682927,1,0.329073482428115,0.333333333333333,1,1,0.159235668789809,0.314873417721519,1,0.912974683544304,1,0.325914149443561,0.20259319286872,0.664556962025316,1,1,1,1,1,0.296411856474259,0.309061488673139,1,0.113486842105263,0,0.453525641025641,0,0.331683168316832,1,0.679611650485437,1,1,0.894904458598726,1,0.677725118483412,1,1,1,1
"152",1,1,1,1,1,1,0.714052287581699,1,1,0.0941558441558442,1,0.0457413249211356,0.817170111287758,1,0.31496062992126,0.304821150855365,0.0649149922720247,0.692058346839546,1,1,0.286163522012579,0.305111821086262,1,0.156494522691706,1,0.31733746130031,0.307568438003221,1,1,0.782747603833866,0.296529968454259,0.724884080370943,0.9629057187017,0.29570747217806,0,1,0.555031446540881,1,0.287234042553192,1,0.676100628930818,0.691222570532915,0.697852760736196,1,1,0.308544303797468,0.299524564183835,0.300613496932515,0.309707241910632,0.319444444444444,0,1,0.296703296703297,1,1,0.480891719745223,0.586816720257235,1,1,1,0.322981366459627,0.30829420970266,0.309748427672956,0.697637795275591,1,1,0.0402476780185759,1,0.0529500756429652,0.310769230769231,1,0.306376360808709,0.317460317460317,0.966129032258065,0.524332810047096,1,0.298921417565485,0.316692667706708,1,0.310177705977383,0.0779220779220779,0.315873015873016,0.316037735849057,1,0.330733229329173,1,1,1,1,0.693146417445483,1,1,0,0.0996884735202492,1,0.0442073170731707,0,1,0.578274760383387,0.68370607028754,1,0.05,0.311912225705329,1,0.312399355877617,1,0.682888540031397,1,0.313479623824451,0.310077519379845,0.315301391035549,1,0.314152410575428,1,0.503095975232198,1,0.307086614173228,0.305426356589147,0.319083969465649,0.304761904761905,0.489922480620155,0.998442367601246,0.315217391304348,0.314102564102564,1,0.290964777947933,1,1,0.325984251968504,0.543913713405239,1,0.313084112149533,1,0.0434131736526946,1,0.309006211180124,0.685975609756098,0.324492979719189,0.934984520123839,0.425531914893617,0.0944,0.0904836193447738,1,1,0.319620253164557,1,0.31039755351682,1,0.803100775193798,1,0.311183144246353,1,1,1,1,0.321144674085851,1,0.306836248012719,0.252679938744257,1,0.301710730948678,1,0.291139240506329,0.0825396825396825,1,0.30173775671406,1,1,1,0.316692667706708,1,0.319314641744548,1,0.296703296703297,1,0.31104199066874,0.065015479876161,1,0.647727272727273,1,1,0.312796208530806,1,1,1,1,0.307931570762053,0.300925925925926,1,0.998425196850394,0.312788906009245,0.302547770700637,1,0.454976303317536,0.673621460506706,0,0.310344827586207,0.679566563467492,1,0.315870570107858,1,0.998456790123457,1,0.307453416149068,0.313455657492355,0.306709265175719,1,1,1,0,1,0.2944,0.974921630094044,0.315619967793881,0.302034428794992,0.755451713395639,1,1,1,1,1,0.0424528301886792,0.301261829652997,0.311912225705329,1,0.693023255813954,1,1,1,0.998427672955975,1,1,0.0031055900621118,0.319018404907975,1,0.303174603174603,1,0.292307692307692,1,1,1,1,1,0.308176100628931,1,0.496,0.318611987381703,0.320061255742726,0.296825396825397,0.308544303797468,0.31637519872814,0.402889245585875,0.311912225705329,0.310452418096724,0.306976744186047,1,0.310509554140127,1,0.695517774343122,0.315457413249211,0.321483771251932,0.320695102685624,1,1,1,0.261417322834646,0.29984544049459,1,0.300319488817891,0.325688073394495,0.303125,0.307453416149068,0.688888888888889,1,0.315217391304348,0.299524564183835,1,0.298722044728434,1,0.299531981279251,0.302034428794992,1,1,1,0.555555555555556,1,0.693877551020408,0.0737327188940092,0.30298273155416,1,1,0.0859375,0.313178294573643,0.314102564102564,1,1,0.288431061806656,0.021875,0.0032520325203252,1,1,0.324574961360124,1,1,0.303265940902022,1,1,0.311450381679389,1,1,1,1,0.318181818181818,0.300613496932515,0.309409888357257,1,1,0.68125,0.30298273155416,1,0.316436251920123,0.294117647058824,1,1,0.998463901689708,1,1,0.315047021943574,1,1,0.102728731942215,0.326687116564417,0.482594936708861,0.299679487179487,0.677672955974843,0.313664596273292,1,0.294117647058824,0.318471337579618,0.2557781201849,0.3078125,1,0.316109422492401,1,1,1,0.298761609907121,0.313664596273292,0.9984375,0.93719806763285,0.0627009646302251,1,0.305426356589147,0.310725552050473,0.296178343949045,1,0.321538461538462,0.480499219968799,0.317111459968603,0.296875,0.309178743961353,0.302795031055901,1,0.319488817891374,1,1,0,1,0.314375987361769,1,1,1,0.319554848966614,1,0.305732484076433,1,0.845794392523365,1,1,1,0.311248073959938,1,1,0.306376360808709,0.307324840764331,1,1,0.300623052959502,0.182527301092044,1,0.998439937597504,1,0,0.303425774877651,1,0.299840510366826,0.23950233281493,1,0.682737169517885,0.4171875,1,1,0.681203007518797,0.711811023622047,0.326053042121685,1,0.304821150855365,1,1,0.3232,1,0.998412698412698,0.00470219435736677,0.317535545023697,1,1,0.313694267515924,1,1,0.306709265175719,0.332810047095761,1,1,1,0.520249221183801,0.30568356374808,0.3359375,0.30804248861912,0.3234375,0.695238095238095,0.315541601255887,0.316037735849057,0.303680981595092,0.243710691823899,0.317307692307692,1,0.306748466257669,0.998425196850394,0.306748466257669,0.0735735735735736,0.0475460122699387,1,1,0.0385208012326656,1,0.696734059097978,0.0450310559006211,0.00630914826498423,1,0.691588785046729,1,1,0.5376,1,0,0.0663430420711974,1,1,1,0.313694267515924,0.658682634730539,0.698541329011345,0.995334370139969,1,0.987577639751553,0.299539170506912,0.334375,1,0.291734197730956,1,0.351097178683386,0.100961538461538,0.296411856474259,0.309451219512195,0.320066334991708,1,0.0712074303405573,1,1,1,0.258114374034003,0.320126782884311,1,0.315372424722662,1,1,0.298461538461538,1,0.311077389984825,1,0.301391035548686,0.313385826771654,1,0.692185007974482,0.303490136570561,1,0.304,0.758190327613105,0.310769230769231,0.161240310077519,0.309559939301973,0.760188087774295,0.301282051282051,1,0.308777429467085,0.326747720364742,0.282131661442006,1,1,1,0.972222222222222,0.347402597402597,1,0.313504823151125,1,0.314144736842105,0.306748466257669,1,1,1,0.929245283018868,1,0.299382716049383,0.308641975308642,1,1,0.0446570972886762,0.0700636942675159,1,1,0.30298273155416,1,1,0.305164319248826,1,1,0.695924764890282,0.544049459041731,1,0,1,1,0.0945736434108527,0.312302839116719,1,0.310236220472441,0.998407643312102,0.963607594936709,0.998427672955975,0.825545171339564,1,0.325732899022801,1,1,1,0,0.309178743961353,1,1,0.67398119122257,1,0.3015625,0.342679127725857,0.314728682170543,1,1,1,0.0809160305343511,0.313099041533546,0.0816,0.9984,0.308049535603715,0.301223241590214,0.339009287925697,0,1,0.959183673469388,1,1,0.313694267515924,0.290769230769231,0.166666666666667,0.0396825396825397,0.306122448979592,0.305426356589147,0.316846986089645,0,0.302839116719243,1,0,0.312307692307692,1,1,1,0.306625577812018,0.307692307692308,0.0345394736842105,1,0.309636650868878,0.296923076923077,1,1,0.306729264475743,0.702791461412151,1,1,0.703470031545741,1,0.301684532924962,1,0.3078125,0.536434108527132,0.6801872074883,0.388719512195122,1,0.285493827160494,0.308176100628931,0.693146417445483,0.67530487804878,1,0.312307692307692,1,0.312977099236641,1,0.304821150855365,0.2976,0.334384858044164,0.510108864696734,0.305958132045089,0.304761904761905,0.677165354330709,0.316279069767442,0.151162790697674,1,0,1,0.280757097791798,1,0,0.313971742543171,0.309791332263242,1,0.0575757575757576,1,0.0759493670886076,0.332805071315372,1,0.0602782071097372,0.679012345679012,1,1,1,0.307443365695793,0.0366412213740458,1,0.412974683544304,0.090032154340836,0.349013657056146,0.3125,0.311728395061728,1,1,1,1,1,0.0609756097560976,0.995412844036697,0.6953125,0.00300751879699248,0.311728395061728,1,1,1,1,0.0766823161189358,0.299079754601227,1,1,1,1,1,1,0.499222395023328,0,1,0.0765696784073507,0.312693498452012,0.446708463949843,1,0.371794871794872,0.303225806451613,0.305295950155763,1,0.0390015600624025,0.312989045383412,1,1,0.355661881977671,0.295384615384615,0.299531981279251,0.307941653160454,0.998444790046656,0.318471337579618,0.307931570762053,0.406003159557662,0.311145510835913,0.970496894409938,0.305810397553517,0.0760517799352751,0.322378716744914,0,1,0.0805687203791469,0.288709677419355,0.307086614173228,0.303514376996805,1,1,1,1,1,1,0.314785373608903,1,0.306027820710974,0.306156405990017,0.597200622083981,0.693396226415094,1,1,0,0.306278713629403,0.113178294573643,0.998470948012232,0.0363924050632911,1,1,0.299840510366826,1,1,0.618589743589744,0.401913875598086,0.995475113122172,0.0674157303370786,0.0879120879120879,1,1,1,0.080188679245283,0,0.304747320061256,0.405750798722045,0.30757341576507,0,0.309636650868878,0.0803858520900322,1,1,0.307926829268293,0.311248073959938,0.238095238095238,0.319047619047619,0.304012345679012,0.312693498452012,1,1,0.3168,1,0,1,0.220125786163522,1,0.678461538461538,1,0.303125,0.299679487179487,0.0729483282674772,0.686544342507645,1,1,0.792125984251968,0.89672131147541,0.309409888357257,0.305246422893482,1,0.30829420970266,0.249607535321821,0.302066772655008,1,0.0959119496855346,1,1,0.311424100156495,0.691082802547771,0.295819935691318,1,1,0.294656488549618,0.29393468118196,0.312788906009245,0.867088607594937,0.304140127388535,1,0.0510835913312693,1,1,0.706153846153846,0.658385093167702,0.313821138211382,0.0524642289348172,0.317111459968603,1,1,0.305164319248826,0.316535433070866,0.637931034482759,1,0.294753086419753,0.355283307810107,0.299373040752351,0.982892690513219,0.487261146496815,0.00156739811912226,0.290571870170015,0.312977099236641,0.319554848966614,0.304975922953451,0.312977099236641,0.973846153846154,1,0.30568356374808,0.566068515497553,0.696540880503145,0.234836702954899,0.701782820097245,1,0.316037735849057,0.00320512820512821,0.317460317460317,0.304012345679012,0.3484375,0.303599374021909,0,0.323343848580442,0.312698412698413,0.312101910828025,0.306122448979592
"153",1,1,1,1,1,1,0.710569105691057,1,1,0.102106969205835,1,0.0481366459627329,0.807754442649435,1,0.31378763866878,0.302652106084243,0.0668740279937792,0.686371100164204,1,1,0.288888888888889,0.309791332263242,1,0.163492063492063,1,0.326594090202177,0.313504823151125,1,1,0.78513731825525,0.3078125,0.721362229102167,0.960629921259842,0.316558441558442,0,1,0.551834130781499,1,0.297339593114241,1,0.668238993710692,0.680817610062893,0.693037974683544,1,1,0.316211878009631,0.311111111111111,0.304953560371517,0.318611987381703,0.317901234567901,0,1,0.313755795981453,1,1,0.495961227786753,0.558966074313409,1,1,1,0.326120556414219,0.313291139240506,0.313694267515924,0.672955974842767,1,1,0.0414673046251994,1,0.0596330275229358,0.317262830482115,1,0.315541601255887,0.321486268174475,0.969055374592834,0.514913657770801,1,0.30298273155416,0.329192546583851,1,0.315789473684211,0.0922330097087379,0.329052969502408,0.3232,1,0.332819722650231,1,1,1,1,0.690031152647975,1,1,0.00158982511923688,0.108490566037736,1,0.0509259259259259,0,1,0.568181818181818,0.6784,1,0.0595813204508857,0.311501597444089,1,0.310126582278481,1,0.681818181818182,1,0.309148264984227,0.318037974683544,0.316118935837246,1,0.326594090202177,1,0.4921875,1,0.311424100156495,0.299684542586751,0.320668693009119,0.314516129032258,0.481774960380349,0.998412698412698,0.321428571428571,0.318255250403877,1,0.302507836990596,1,1,0.332273449920509,0.551401869158878,1,0.311526479750779,1,0.0487062404870624,1,0.310185185185185,0.676470588235294,0.328593996840442,0.924920127795527,0.433006535947712,0.1104,0.103610675039246,1,1,0.32475884244373,1,0.313935681470138,1,0.804075235109718,1,0.321951219512195,1,1,1,1,0.337042925278219,1,0.325878594249201,0.258970358814353,1,0.3140625,1,0.292721518987342,0.0935483870967742,1,0.311501597444089,1,1,1,0.337007874015748,1,0.324409448818898,1,0.305993690851735,1,0.314102564102564,0.083596214511041,1,0.647819063004846,1,1,0.318979266347687,1,1,1,1,0.324409448818898,0.306122448979592,1,0.998435054773083,0.315132605304212,0.303571428571429,1,0.456964006259781,0.67530487804878,0,0.319314641744548,0.674565560821485,1,0.323390894819466,1,0.998459167950693,1,0.308056872037915,0.323574730354391,0.323248407643312,1,1,1,0,1,0.310679611650485,0.972929936305732,0.329052969502408,0.307086614173228,0.747634069400631,1,1,1,1,1,0.0476190476190476,0.308544303797468,0.322932917316693,1,0.685534591194969,1,1,0.998407643312102,0.998439937597504,1,1,0.00473186119873817,0.319571865443425,1,0.307814992025518,1,0.2984375,1,1,1,1,1,0.317460317460317,1,0.5088,0.315372424722662,0.327639751552795,0.304700162074554,0.315873015873016,0.325842696629214,0.421393841166937,0.322932917316693,0.313385826771654,0.30564263322884,1,0.323809523809524,1,0.686728395061728,0.309791332263242,0.309968847352025,0.323763955342903,1,1,1,0.259141494435612,0.302694136291601,1,0.316476345840131,0.325581395348837,0.308064516129032,0.315047021943574,0.686804451510334,1,0.31924882629108,0.30952380952381,1,0.297872340425532,1,0.312307692307692,0.307936507936508,1,1,1,0.54416403785489,1,0.688188976377953,0.086687306501548,0.318541996830428,1,1,0.102201257861635,0.316535433070866,0.325281803542673,1,1,0.294209702660407,0.0266457680250784,0.00323101777059774,1,1,0.328725038402458,0.998394863563403,1,0.307332293291732,1,1,0.311811023622047,1,1,1,1,0.322169059011164,0.306501547987616,0.323577235772358,1,1,0.666144200626959,0.317034700315457,1,0.319314641744548,0.29635499207607,1,1,0.998444790046656,1,1,0.322683706070288,1,1,0.109656301145663,0.331240188383046,0.492822966507177,0.301127214170692,0.680952380952381,0.315625,1,0.306451612903226,0.326984126984127,0.2546875,0.318181818181818,1,0.327160493827161,1,1,1,0.310236220472441,0.316436251920123,0.998412698412698,0.916530278232406,0.0709677419354839,1,0.304897314375987,0.315619967793881,0.314696485623003,1,0.327613104524181,0.47626582278481,0.326498422712934,0.304278922345483,0.318181818181818,0.30622009569378,1,0.318770226537217,1,1,0,1,0.323343848580442,1,1,1,0.32484076433121,1,0.309562398703404,1,0.8375,1,1,1,0.309262166405024,1,1,0.3078125,0.320813771517997,1,1,0.3109375,0.189814814814815,1,0.998432601880878,1,0,0.305825242718447,1,0.309033280507132,0.250401284109149,1,0.678740157480315,0.43343653250774,1,1,0.676204819277108,0.708268330733229,0.343450479233227,1,0.317965023847377,1,1,0.322378716744914,1,0.998397435897436,0.00797448165869218,0.323671497584541,1,1,0.319148936170213,1,1,0.303921568627451,0.338632750397456,1,1,1,0.530805687203792,0.3015625,0.342443729903537,0.320610687022901,0.322884012539185,0.6864,0.323809523809524,0.328593996840442,0.303875968992248,0.245614035087719,0.319554848966614,1,0.329738058551618,0.998407643312102,0.315217391304348,0.0882800608828006,0.0543478260869565,1,1,0.0438871473354232,1,0.691358024691358,0.046801872074883,0.0112179487179487,1,0.684542586750789,1,1,0.547049441786284,1,0,0.0781758957654723,1,1,1,0.316957210776545,0.65402124430956,0.689144736842105,0.995297805642633,1,0.984177215189873,0.299065420560748,0.346153846153846,1,0.301916932907348,1,0.363349131121643,0.109677419354839,0.30564263322884,0.318885448916409,0.318864774624374,1,0.0868217054263566,1,1,1,0.258566978193146,0.321027287319422,1,0.320967741935484,1,1,0.308892355694228,1,0.311728395061728,1,0.310725552050473,0.314785373608903,1,0.682539682539683,0.315789473684211,1,0.308562197092084,0.7625,0.310077519379845,0.164596273291925,0.32262996941896,0.765472312703583,0.310177705977383,1,0.320754716981132,0.33125,0.291993720565149,1,1,1,0.966996699669967,0.343234323432343,1,0.317817014446228,1,0.313114754098361,0.313364055299539,1,1,1,0.918962722852512,1,0.305164319248826,0.31496062992126,1,1,0.0528,0.0821484992101106,1,1,0.308681672025723,1,1,0.314785373608903,1,1,0.681528662420382,0.53343701399689,1,0,1,1,0.102643856920684,0.322222222222222,1,0.31687898089172,0.9984,0.963375796178344,0.998422712933754,0.826625386996904,1,0.32516339869281,1,1,1,0,0.308970099667774,1,1,0.680445151033386,1,0.31378763866878,0.352574102964119,0.315873015873016,1,1,1,0.0903426791277259,0.315960912052117,0.0944,0.998415213946117,0.312401883830455,0.301391035548686,0.343799058084772,0,1,0.952978056426332,1,1,0.32258064516129,0.3,0.167207792207792,0.0415335463258786,0.315286624203822,0.309409888357257,0.320493066255778,0.0016025641025641,0.314194577352472,1,0,0.315541601255887,1,1,1,0.309968847352025,0.3171875,0.0377668308702791,1,0.311004784688995,0.306976744186047,1,1,0.320433436532508,0.69672131147541,1,1,0.697749196141479,1,0.306976744186047,1,0.310236220472441,0.530674846625767,0.672782874617737,0.407751937984496,1,0.297507788161994,0.308917197452229,0.681470137825421,0.665116279069767,1,0.316692667706708,1,0.316923076923077,1,0.315873015873016,0.305466237942122,0.355555555555556,0.534267912772586,0.313001605136437,0.306581059390048,0.671406003159558,0.309262166405024,0.154859967051071,1,0,1,0.294851794071763,1,0,0.313195548489666,0.315112540192926,1,0.0613496932515337,1,0.0888529886914378,0.338709677419355,1,0.0704225352112676,0.67948717948718,1,1,1,0.309951060358891,0.0452418096723869,1,0.42902711323764,0.0958466453674121,0.357698289269051,0.312989045383412,0.31924882629108,1,1,1,1,1,0.0684931506849315,0.995341614906832,0.687598116169545,0.00462962962962963,0.318611987381703,1,1,1,1,0.0864779874213836,0.30757341576507,1,1,1,1,1,1,0.491472868217054,0.00162337662337662,1,0.0893416927899686,0.319182389937107,0.450636942675159,1,0.386217948717949,0.306799336650083,0.307086614173228,1,0.0461783439490446,0.325038880248834,1,1,0.37037037037037,0.306603773584906,0.311708860759494,0.323481116584565,0.998459167950693,0.325358851674641,0.315873015873016,0.415730337078652,0.3136,0.972972972972973,0.313178294573643,0.0865384615384615,0.32967032967033,0,1,0.0920840064620355,0.303030303030303,0.31637519872814,0.3152,1,1,1,1,1,1,0.33278955954323,1,0.310126582278481,0.307952622673435,0.611023622047244,0.677938808373591,1,1,0,0.313572542901716,0.124600638977636,0.998468606431853,0.0396825396825397,1,1,0.307568438003221,1,1,0.6368,0.413398692810457,0.995508982035928,0.087378640776699,0.1056,1,1,1,0.0900473933649289,0,0.313572542901716,0.420062695924765,0.313846153846154,0,0.313504823151125,0.0923824959481361,1,1,0.316998468606432,0.322429906542056,0.243589743589744,0.331730769230769,0.305426356589147,0.323151125401929,1,1,0.32,1,0,1,0.22168284789644,1,0.675465838509317,1,0.309636650868878,0.290584415584416,0.080188679245283,0.672386895475819,1,1,0.786499215070644,0.901960784313726,0.323248407643312,0.313291139240506,1,0.310509554140127,0.250778816199377,0.322475570032573,1,0.105015673981191,1,1,0.319620253164557,0.678343949044586,0.302694136291601,1,1,0.304552590266876,0.301242236024845,0.317411402157165,0.862179487179487,0.310064935064935,1,0.062015503875969,1,1,0.701399688958009,0.658692185007974,0.317891373801917,0.0617088607594937,0.317384370015949,1,1,0.303370786516854,0.3232,0.62888198757764,1,0.308641975308642,0.366459627329193,0.30077519379845,0.984447900466563,0.487179487179487,0.0031496062992126,0.307692307692308,0.320373250388802,0.318840579710145,0.317152103559871,0.315950920245399,0.96875,1,0.318181818181818,0.561488673139159,0.674085850556439,0.243328100470958,0.697560975609756,1,0.321711568938193,0.00159489633173844,0.313880126182965,0.308661417322835,0.36875,0.311501597444089,0,0.33596214511041,0.317230273752013,0.319422150882825,0.312
"154",1,1,1,1,1,1,0.700490998363339,1,1,0.099510603588907,1,0.0440944881889764,0.815235008103728,1,0.318471337579618,0.305379746835443,0.0690737833594976,0.681592039800995,1,1,0.291666666666667,0.317307692307692,1,0.16403785488959,1,0.331775700934579,0.317512274959083,1,1,0.785714285714286,0.317535545023697,0.716300940438871,0.963665086887836,0.312903225806452,0,1,0.546474358974359,1,0.29984544049459,1,0.66131621187801,0.68088467614534,0.686915887850467,1,1,0.322528363047002,0.322115384615385,0.316614420062696,0.327044025157233,0.333863275039746,0,1,0.318181818181818,1,1,0.486928104575163,0.571658615136876,1,1,1,0.333333333333333,0.321766561514196,0.324193548387097,0.674157303370786,1,1,0.0368,1,0.0590979782270607,0.320813771517997,1,0.320063694267516,0.325769854132901,0.964516129032258,0.531001589825119,1,0.31911532385466,0.343122102009274,1,0.329581993569132,0.0922330097087379,0.326366559485531,0.340222575516693,1,0.335413416536661,1,1,1,1,0.685534591194969,1,1,0,0.110062893081761,1,0.04375,0,1,0.567524115755627,0.664536741214057,1,0.0547504025764895,0.31496062992126,1,0.314935064935065,1,0.679304897314376,1,0.327974276527331,0.322222222222222,0.323343848580442,1,0.33125,1,0.501552795031056,1,0.320754716981132,0.299050632911392,0.327613104524181,0.323809523809524,0.492088607594937,0.998392282958199,0.321316614420063,0.313915857605178,1,0.309148264984227,1,1,0.329052969502408,0.551459293394777,1,0.325396825396825,1,0.0393939393939394,1,0.320433436532508,0.674491392801252,0.33122028526149,0.92776886035313,0.431177446102819,0.106858054226475,0.0993690851735016,1,1,0.333870967741935,1,0.324492979719189,1,0.805031446540881,1,0.329052969502408,1,1,1,1,0.345161290322581,1,0.330658105939005,0.259842519685039,1,0.314785373608903,1,0.311216429699842,0.087378640776699,1,0.314424635332253,1,1,1,0.33175355450237,1,0.3232,1,0.308661417322835,1,0.325320512820513,0.07981220657277,1,0.637540453074434,1,1,0.323577235772358,1,1,1,1,0.328,0.31201248049922,1,0.998405103668262,0.318110236220472,0.307317073170732,1,0.447204968944099,0.670212765957447,0,0.324451410658307,0.671428571428571,1,0.320121951219512,1,0.998452012383901,1,0.3232,0.322429906542056,0.330065359477124,1,1,1,0,1,0.311688311688312,0.9765625,0.324281150159744,0.3072,0.755591054313099,1,1,1,1,1,0.0432692307692308,0.317230273752013,0.330143540669856,1,0.680685358255452,1,1,1,0.998435054773083,1,1,0.0015748031496063,0.315217391304348,1,0.312297734627832,1,0.311627906976744,1,1,1,1,1,0.322061191626409,1,0.498381877022654,0.322274881516588,0.332283464566929,0.313195548489666,0.329073482428115,0.328548644338118,0.429268292682927,0.328660436137072,0.31733746130031,0.31104199066874,1,0.321656050955414,1,0.685099846390169,0.31637519872814,0.318037974683544,0.3376,1,1,1,0.259968102073365,0.310509554140127,1,0.315705128205128,0.329704510108865,0.309148264984227,0.324367088607595,0.682539682539683,1,0.328100470957614,0.322006472491909,1,0.310965630114566,1,0.313084112149533,0.322429906542056,1,1,1,0.552715654952077,1,0.6928,0.0834621329211747,0.330683624801272,1,1,0.101721439749609,0.320251177394035,0.3296,1,1,0.311708860759494,0.0207667731629393,0.00159489633173844,1,1,0.333843797856049,0.9984,1,0.32018927444795,1,1,0.317034700315457,1,1,1,1,0.333868378812199,0.315870570107858,0.331715210355987,1,1,0.667189952904239,0.312101910828025,1,0.321372854914197,0.305246422893482,1,1,0.998430141287284,1,1,0.328571428571429,1,1,0.113673805601318,0.34012539184953,0.503184713375796,0.317817014446228,0.675039246467818,0.326498422712934,1,0.312903225806452,0.330188679245283,0.255555555555556,0.3296875,1,0.329230769230769,1,1,1,0.313195548489666,0.324492979719189,0.998417721518987,0.923577235772358,0.0630048465266559,1,0.320695102685624,0.322528363047002,0.317230273752013,1,0.326086956521739,0.4768,0.330721003134796,0.307568438003221,0.320661157024793,0.313001605136437,1,0.326860841423948,1,1,0,1,0.324921135646688,1,1,1,0.333868378812199,1,0.314009661835749,1,0.833333333333333,1,1,1,0.315541601255887,1,1,0.320063694267516,0.3125,1,1,0.3198127925117,0.195583596214511,1,0.998435054773083,1,0,0.320388349514563,1,0.310618066561014,0.240770465489567,1,0.672523961661342,0.422047244094488,1,1,0.672230652503794,0.69620253164557,0.341772151898734,1,0.323717948717949,1,1,0.3296,1,0.998410174880763,0.004739336492891,0.327476038338658,1,1,0.328025477707006,1,1,0.308426073131955,0.339652448657188,1,1,1,0.5234375,0.31201248049922,0.353796445880452,0.326717557251908,0.332810047095761,0.688417618270799,0.330232558139535,0.331761006289308,0.31733746130031,0.249594813614263,0.316045380875203,1,0.3234375,0.998405103668262,0.318110236220472,0.0856697819314642,0.0489731437598736,1,1,0.0381558028616852,1,0.678571428571429,0.0420711974110032,0.0095389507154213,1,0.672496025437202,1,1,0.559294871794872,1,0,0.0801963993453355,1,1,1,0.327447833065811,0.650306748466258,0.686567164179104,0.993759750390016,1,0.985959438377535,0.308306709265176,0.343548387096774,1,0.307814992025518,1,0.36231884057971,0.110927152317881,0.307936507936508,0.327666151468315,0.338383838383838,1,0.0832025117739403,1,1,1,0.258215962441315,0.326332794830372,1,0.32520325203252,1,1,0.308056872037915,1,0.326219512195122,1,0.312698412698413,0.325471698113208,1,0.676236044657097,0.319508448540707,1,0.32120253164557,0.755980861244019,0.318885448916409,0.170579029733959,0.324615384615385,0.764705882352941,0.314845024469821,1,0.321144674085851,0.33953488372093,0.3,1,1,1,0.972312703583062,0.33442088091354,1,0.326797385620915,1,0.325581395348837,0.325545171339564,1,1,1,0.914421553090333,1,0.315789473684211,0.328571428571429,1,1,0.0520325203252033,0.0837359098228663,1,1,0.314516129032258,1,1,0.318840579710145,1,1,0.674603174603175,0.545595054095827,1,0,1,1,0.106084243369735,0.331746031746032,1,0.3184,0.998430141287284,0.969255663430421,0.998407643312102,0.822884012539185,1,0.3278955954323,1,1,1,0,0.318032786885246,1,1,0.666666666666667,1,0.317965023847377,0.356012658227848,0.323296354992076,1,1,1,0.0959752321981424,0.324590163934426,0.0953150242326333,0.998405103668262,0.312893081761006,0.310185185185185,0.3408,0,1,0.958795562599049,1,1,0.326860841423948,0.305084745762712,0.163987138263666,0.0398089171974522,0.32120253164557,0.314102564102564,0.324451410658307,0,0.319685039370079,1,0,0.320695102685624,1,1,1,0.316692667706708,0.321766561514196,0.0345394736842105,1,0.328525641025641,0.308527131782946,1,1,0.320063694267516,0.689883913764511,1,1,0.693418940609952,1,0.317901234567901,1,0.317817014446228,0.538819875776398,0.666666666666667,0.418604651162791,1,0.296636085626911,0.3184,0.67651632970451,0.667189952904239,1,0.327639751552795,1,0.322981366459627,1,0.324409448818898,0.319805194805195,0.345971563981043,0.53125,0.320846905537459,0.318979266347687,0.665615141955836,0.319685039370079,0.155115511551155,1,0,1,0.290271132376396,1,0,0.330721003134796,0.323717948717949,1,0.06,1,0.0878594249201278,0.329052969502408,1,0.0678233438485804,0.660855784469097,1,1,1,0.310569105691057,0.0401854714064915,1,0.426307448494453,0.1,0.351477449455676,0.322932917316693,0.329192546583851,1,1,1,1,1,0.0682170542635659,0.995341614906832,0.682098765432099,0.00154083204930663,0.326984126984127,1,1,1,1,0.0875796178343949,0.324492979719189,1,1,1,1,1,1,0.5,0,1,0.0846394984326019,0.318471337579618,0.437990580847724,1,0.386991869918699,0.312703583061889,0.324281150159744,1,0.0364500792393027,0.323390894819466,1,1,0.356451612903226,0.311216429699842,0.31378763866878,0.320967741935484,0.998422712933754,0.333863275039746,0.316614420062696,0.427457098283931,0.321656050955414,0.972093023255814,0.321044546850998,0.0848287112561175,0.330708661417323,0,1,0.0922330097087379,0.310457516339869,0.3232,0.319870759289176,1,1,1,1,1,1,0.3322528363047,1,0.31629392971246,0.31063122923588,0.604395604395604,0.67479674796748,1,1,0,0.321044546850998,0.126198083067093,0.998470948012232,0.0318979266347687,1,1,0.325242718446602,1,1,0.638888888888889,0.426229508196721,0.995440729483283,0.0838709677419355,0.101941747572816,1,1,1,0.0894568690095847,0,0.322033898305085,0.412974683544304,0.312404287901991,0,0.334405144694534,0.0915032679738562,1,1,0.321316614420063,0.316129032258064,0.241214057507987,0.336507936507937,0.3125,0.32753164556962,1,1,0.328478964401294,1,0,1,0.232371794871795,1,0.666144200626959,1,0.320695102685624,0.315270935960591,0.083596214511041,0.669781931464174,1,1,0.78391167192429,0.909688013136289,0.31629392971246,0.319935691318328,1,0.319620253164557,0.255924170616114,0.326860841423948,1,0.105015673981191,1,1,0.321766561514196,0.6784,0.314516129032258,1,1,0.30829420970266,0.316614420062696,0.32,0.857371794871795,0.31629392971246,1,0.054858934169279,1,1,0.69375,0.658227848101266,0.324590163934426,0.0555555555555556,0.3296,1,1,0.312903225806452,0.325914149443561,0.630331753554502,1,0.31937984496124,0.386792452830189,0.310126582278481,0.982892690513219,0.48130081300813,0.0031496062992126,0.306853582554517,0.325984251968504,0.33063209076175,0.318471337579618,0.320373250388802,0.974921630094044,1,0.318471337579618,0.556280587275693,0.676422764227642,0.241809672386895,0.679153094462541,1,0.327044025157233,0.00321027287319422,0.329635499207607,0.31839258114374,0.370429252782194,0.321543408360129,0,0.342948717948718,0.326366559485531,0.323763955342903,0.308306709265176
"155",1,1,1,1,1,1,0.698083067092652,1,1,0.0853858784893268,1,0.0432766615146832,0.820678513731826,1,0.31924882629108,0.315457413249211,0.0545171339563863,0.676470588235294,1,1,0.295238095238095,0.319422150882825,1,0.15,1,0.328149300155521,0.32626427406199,1,1,0.796529968454259,0.318181818181818,0.738170347003155,0.965408805031447,0.317460317460317,0,1,0.532385466034755,1,0.301684532924962,1,0.663507109004739,0.673405909797823,0.687116564417178,1,1,0.322222222222222,0.322222222222222,0.309375,0.333848531684699,0.334365325077399,0,1,0.316358024691358,1,1,0.495176848874598,0.556618819776715,1,1,1,0.331782945736434,0.322327044025157,0.323671497584541,0.678233438485804,1,1,0.0362204724409449,1,0.0455927051671733,0.323943661971831,1,0.322115384615385,0.334410339256866,0.964052287581699,0.501582278481013,1,0.321538461538462,0.335394126738794,1,0.331699346405229,0.0755336617405583,0.3376,0.32807570977918,1,0.3390625,1,1,1,1,0.691107644305772,1,1,0,0.0947204968944099,1,0.0412844036697248,0,1,0.561174551386623,0.663461538461538,1,0.0473933649289099,0.317610062893082,1,0.323899371069182,1,0.678233438485804,1,0.321656050955414,0.325949367088608,0.323390894819466,1,0.321372854914197,1,0.474497681607419,1,0.314465408805031,0.292913385826772,0.329738058551618,0.319554848966614,0.466876971608833,0.998439937597504,0.331782945736434,0.324717285945073,1,0.315457413249211,1,1,0.3312,0.545878693623639,1,0.318110236220472,1,0.0397553516819572,1,0.32182103610675,0.677165354330709,0.336990595611285,0.940609951845907,0.435562805872757,0.0886075949367089,0.0881889763779528,1,1,0.333860759493671,1,0.318796992481203,1,0.808282208588957,1,0.321027287319422,1,1,1,1,0.340222575516693,1,0.33175355450237,0.252747252747253,1,0.318112633181126,1,0.304416403785489,0.0748407643312102,1,0.320063694267516,1,1,1,0.338028169014085,1,0.333333333333333,1,0.31378763866878,1,0.325320512820513,0.0644654088050314,1,0.631921824104234,1,1,0.321543408360129,1,1,1,1,0.333865814696486,0.315301391035549,1,0.998442367601246,0.321538461538462,0.309791332263242,1,0.443217665615142,0.667173252279635,0,0.325984251968504,0.661417322834646,1,0.326530612244898,1,0.998442367601246,1,0.31974921630094,0.328197226502311,0.342443729903537,1,1,1,0,1,0.313915857605178,0.976415094339623,0.326332794830372,0.315789473684211,0.754716981132076,1,1,1,1,1,0.0410742496050553,0.3125,0.335974643423138,1,0.675590551181102,1,1,1,0.998432601880878,1,1,0.00313479623824451,0.318818040435459,1,0.317307692307692,1,0.310832025117739,1,1,1,1,1,0.332258064516129,1,0.507269789983845,0.328025477707006,0.329173166926677,0.31687898089172,0.322784810126582,0.333863275039746,0.411382113821138,0.338533541341654,0.31924882629108,0.311728395061728,1,0.322274881516588,1,0.687022900763359,0.312698412698413,0.315870570107858,0.338118022328549,1,1,1,0.261829652996845,0.321144674085851,1,0.319422150882825,0.331804281345566,0.320251177394035,0.320872274143302,0.679365079365079,1,0.327613104524181,0.317817014446228,1,0.298701298701299,1,0.316998468606432,0.318681318681319,1,1,1,0.531545741324921,1,0.685393258426966,0.0705521472392638,0.322480620155039,1,1,0.0868217054263566,0.3312,0.337115072933549,1,1,0.315217391304348,0.0203761755485893,0.00324149108589951,1,1,0.343167701863354,0.998407643312102,1,0.317111459968603,1,1,0.322169059011164,1,1,1,1,0.328100470957614,0.319938176197836,0.329073482428115,1,1,0.666149068322981,0.3184,1,0.319314641744548,0.307814992025518,1,1,0.998432601880878,1,1,0.326498422712934,1,1,0.102439024390244,0.337461300309598,0.486571879936809,0.312101910828025,0.669303797468354,0.324960753532182,1,0.314375987361769,0.336507936507937,0.258114374034003,0.3234375,1,0.3328173374613,1,1,1,0.316455696202532,0.330733229329173,0.998407643312102,0.939739413680782,0.0573248407643312,1,0.31924882629108,0.326860841423948,0.326465927099842,1,0.335925349922239,0.465927099841521,0.323899371069182,0.311912225705329,0.318327974276527,0.321316614420063,1,0.3312,1,1,0,1,0.335463258785943,1,1,1,0.333333333333333,1,0.316558441558442,1,0.839874411302983,1,1,1,0.315541601255887,1,1,0.32120253164557,0.31974921630094,1,1,0.313572542901716,0.182380216383308,1,0.998430141287284,1,0,0.316129032258064,1,0.316279069767442,0.251582278481013,1,0.673469387755102,0.4375,1,1,0.668188736681887,0.690363349131122,0.352848101265823,1,0.325984251968504,1,1,0.335974643423138,1,0.998407643312102,0.00783699059561128,0.328025477707006,1,1,0.332278481012658,1,1,0.302066772655008,0.341653666146646,1,1,1,0.533751962323391,0.314641744548287,0.34493670886076,0.31859756097561,0.334375,0.684210526315789,0.328125,0.330173775671406,0.318681318681319,0.242088607594937,0.320063694267516,1,0.325227963525836,0.998417721518987,0.325508607198748,0.0703363914373089,0.0465116279069767,1,1,0.0378548895899054,1,0.677469135802469,0.0394321766561514,0.012779552715655,1,0.680445151033386,1,1,0.555555555555556,1,0,0.0635179153094463,1,1,1,0.329113924050633,0.644916540212443,0.690322580645161,0.992236024844721,1,0.986068111455108,0.311728395061728,0.333333333333333,1,0.308441558441558,1,0.372274143302181,0.0938511326860841,0.310664605873261,0.322678843226788,0.338983050847458,1,0.0677966101694915,1,1,1,0.252336448598131,0.327974276527331,1,0.32753164556962,1,1,0.307332293291732,1,0.332321699544765,1,0.318541996830428,0.32807570977918,1,0.672496025437202,0.321483771251932,1,0.312297734627832,0.766295707472178,0.321372854914197,0.149765990639626,0.322678843226788,0.77602523659306,0.321144674085851,1,0.333860759493671,0.341653666146646,0.299382716049383,1,1,1,0.972972972972973,0.345963756177924,1,0.332268370607029,1,0.325657894736842,0.318181818181818,1,1,1,0.928012519561815,1,0.314152410575428,0.327044025157233,1,1,0.0401284109149278,0.0710900473933649,1,1,0.311501597444089,1,1,0.310015898251192,1,1,0.6765625,0.522620904836194,1,0,1,1,0.0864779874213836,0.328125,1,0.331230283911672,0.998417721518987,0.969745222929936,0.998422712933754,0.823712948517941,1,0.3392,1,1,1,0,0.319672131147541,1,1,0.67192429022082,1,0.322884012539185,0.369668246445498,0.322784810126582,1,1,1,0.0770440251572327,0.3232,0.076555023923445,0.998397435897436,0.318611987381703,0.311320754716981,0.35748031496063,0,1,0.9640625,1,1,0.328616352201258,0.299531981279251,0.15112540192926,0.0361635220125786,0.326498422712934,0.321144674085851,0.326594090202177,0,0.318541996830428,1,0,0.327073552425665,1,1,1,0.321928460342146,0.327188940092166,0.0328407224958949,1,0.327447833065811,0.317262830482115,1,1,0.33015873015873,0.688632619439868,1,1,0.696,1,0.320610687022901,1,0.319488817891374,0.526315789473684,0.66875,0.402140672782875,1,0.308980213089802,0.322274881516588,0.667189952904239,0.666144200626959,1,0.324451410658307,1,0.334855403348554,1,0.322274881516588,0.319620253164557,0.362204724409449,0.52755905511811,0.325806451612903,0.3136,0.664050235478807,0.325545171339564,0.136876006441224,1,0,1,0.294871794871795,1,0,0.326923076923077,0.324237560192616,1,0.05,1,0.0814332247557003,0.345161290322581,1,0.05229793977813,0.666666666666667,1,1,1,0.32569558101473,0.0383435582822086,1,0.426751592356688,0.0861244019138756,0.369327073552426,0.326530612244898,0.328682170542636,1,1,1,1,1,0.0510835913312693,0.995341614906832,0.677215189873418,0.00300751879699248,0.324492979719189,1,1,1,1,0.0764430577223089,0.321428571428571,1,1,1,1,1,1,0.475077881619938,0,1,0.0710900473933649,0.322274881516588,0.425431711145997,1,0.400966183574879,0.322950819672131,0.31911532385466,1,0.0393081761006289,0.327131782945736,1,1,0.375796178343949,0.312111801242236,0.324921135646688,0.321027287319422,0.998425196850394,0.327922077922078,0.324492979719189,0.408874801901743,0.323248407643312,0.976851851851852,0.325617283950617,0.0710823909531502,0.331259720062208,0,1,0.0784,0.310126582278481,0.323717948717949,0.323717948717949,1,1,1,1,1,1,0.345047923322684,1,0.321656050955414,0.328282828282828,0.611801242236025,0.676282051282051,1,1,0,0.320433436532508,0.11353032659409,0.998449612403101,0.032967032967033,1,1,0.320450885668277,1,1,0.635332252836305,0.418300653594771,0.996965098634294,0.0684039087947883,0.0868878357030016,1,1,1,0.0740740740740741,0,0.324534161490683,0.425196850393701,0.322480620155039,0,0.3232,0.0784,1,1,0.327131782945736,0.325984251968504,0.241758241758242,0.333333333333333,0.310077519379845,0.32182103610675,1,1,0.3312,1,0,1,0.213946117274168,1,0.671361502347418,1,0.318885448916409,0.316129032258064,0.0647709320695103,0.669278996865204,1,1,0.788368336025848,0.886217948717949,0.32967032967033,0.326892109500805,1,0.319620253164557,0.260450160771704,0.327272727272727,1,0.0919003115264797,1,1,0.322429906542056,0.684380032206119,0.314606741573034,1,1,0.313084112149533,0.308056872037915,0.328638497652582,0.864217252396166,0.317891373801917,1,0.0482866043613707,1,1,0.691358024691358,0.649762282091918,0.323624595469256,0.0462519936204147,0.3232,1,1,0.31496062992126,0.332283464566929,0.616352201257862,1,0.315625,0.369565217391304,0.315870570107858,0.98297213622291,0.46474358974359,0.0031104199066874,0.308661417322835,0.329249617151608,0.334928229665072,0.328990228013029,0.321156773211568,0.972560975609756,1,0.321875,0.544701986754967,0.678048780487805,0.22992125984252,0.673202614379085,1,0.33175355450237,0.00315457413249211,0.338095238095238,0.320251177394035,0.3578125,0.328050713153724,0,0.335423197492163,0.329563812600969,0.329113924050633,0.313880126182965
"156",0.310509554140127,0.33175355450237,0.333855799373041,0.342443729903537,0.326923076923077,0.324960753532182,0.0145161290322581,0.333333333333333,0.325038880248834,0.55735056542811,0.338509316770186,0.632329635499208,0.531948881789137,0.331738437001595,1,1,0.604068857589984,0,0.33596214511041,0.325914149443561,1,1,0.340590979782271,0.499215070643642,0.327245053272451,1,1,0.351132686084142,0.327666151468315,0.541533546325879,1,0.606481481481482,0.381987577639752,0.9953125,0.654952076677316,0.331691297208539,0.123222748815166,0.338983050847458,1,0.31924882629108,0.00156739811912226,0,0,0.340189873417722,0.322632423756019,1,0.995268138801262,1,1,1,0.67981072555205,0.332797427652733,1,0.335423197492163,0.332288401253919,0.828525641025641,0.109697933227345,0.330203442879499,0.331259720062208,0.332273449920509,0.992319508448541,1,1,0.00480769230769231,0.32794830371567,0.328638497652582,0.644549763033175,0.338141025641026,0.596330275229358,1,0.323390894819466,1,1,0.290113452188006,0.145736434108527,0.335889570552147,1,0.993788819875776,0.332312404287902,1,0.586991869918699,1,1,0.34009360374415,1,0.337349397590361,0.323763955342903,0.335925349922239,0.328100470957614,0,0.329093799682035,0.337858220211161,0.67981072555205,0.574102964118565,0.320450885668277,0.62111801242236,0.669329073482428,0.3296875,0.111292962356792,0,0.321711568938193,0.588235294117647,1,0.331691297208539,1,0.332278481012658,0,0.332807570977918,1,1,1,0.323854660347551,0.996865203761755,0.341732283464567,0.184170471841705,0.321100917431193,1,0.357910906298003,1,1,0.1859375,0.325471698113208,1,1,0.342723004694836,1,0.329268292682927,0.325153374233129,0.335463258785943,0.754946727549467,0.333333333333333,1,0.33652312599681,0.622727272727273,0.34860883797054,1,0,1,0.385103011093502,0.886178861788618,0.574367088607595,0.587301587301587,0.327476038338658,0.336553945249597,1,0.332288401253919,1,0.320634920634921,0.512461059190031,0.335413416536661,1,0.321144674085851,0.337042925278219,0.345161290322581,0.340222575516693,1,0.317891373801917,1,0.401574803149606,0.338931297709924,1,0.333843797856049,1,0.578947368421053,0.329617834394904,1,0.332278481012658,0.329635499207607,0.345971563981043,0.985849056603774,0.333333333333333,1,0.337025316455696,1,0.335537190082645,1,0.577708006279435,0.30625,0.0321027287319422,0.313001605136437,0.329704510108865,1,0.320872274143302,0.334920634920635,0.3375,0.344287949921753,1,1,0.345218800648298,0.347551342812006,1,1,0.344086021505376,0.218897637795276,0.0212443095599393,0.676609105180534,1,0.00159489633173844,0.329173166926677,1,0.337078651685393,0.324534161490683,0.325949367088608,0.9984375,1,1,0.33953488372093,0.322734499205087,0.334883720930233,0.6704,0.311912225705329,1,0.350237717908082,1,1,0.428346456692913,0.338607594936709,0.331768388106416,0.3421875,0.312698412698413,0.328548644338118,0.637658227848101,1,1,0.322033898305085,0.0031055900621118,0.345201238390093,0.329268292682927,0.33175355450237,0.3265625,0.310725552050473,0.329738058551618,0.690031152647975,0.332302936630603,0.321875,1,0.337060702875399,1,0.321981424148607,0.321711568938193,0.326018808777429,0.346581875993641,0.327814569536424,1,0.334890965732087,0.805152979066023,1,1,0.998384491114701,1,1,0.897893030794165,1,1,1,0.331297709923664,1,0.336617405582923,0,1,0.354198473282443,1,0.332794830371567,0.340189873417722,0.332273449920509,0.393081761006289,1,0.332814930015552,1,1,1,1,0,0.326984126984127,1,1,0.333863275039746,1,0.336434108527132,1,1,0.318327974276527,0.339116719242902,0.312202852614897,0.132605304212168,0.34094616639478,0,0.576864535768645,1,0.32967032967033,0.3328125,0.562893081761006,1,1,0.343354430379747,0.340659340659341,1,0.64696734059098,0.682258064516129,0.3216,0.33063209076175,0.992272024729521,0.33968253968254,0.31651376146789,1,0.331738437001595,0.31875,1,0.32484076433121,0.331738437001595,0.329721362229102,0.332273449920509,1,1,1,0.319685039370079,0.340222575516693,0.00627943485086342,0.993730407523511,0.336,1,1,0.324655436447167,0.344667697063369,0.323943661971831,0.332263242375602,0.332298136645963,1,0.318770226537217,0.323343848580442,0.550888529886914,1,0.825396825396825,1,0,1,0.336890243902439,1,1,0.389408099688474,0.998461538461539,0.333333333333333,1,0.32120253164557,0.319554848966614,0.328025477707006,1,1,0.333333333333333,0.415584415584416,0.590614886731392,0.314102564102564,1,1,1,0.33931484502447,1,0.184375,1,1,1,1,0.332819722650231,1,0.325732899022801,0.348297213622291,0.660828025477707,0.315024232633279,1,0.333848531684699,0.327692307692308,0.338788870703764,1,0.329704510108865,1,0.336874051593323,0.499222395023328,0.342146189735614,0.341384863123994,0.324031007751938,1,0.334389857369255,0.323763955342903,1,1,0.329704510108865,0.31924882629108,1,0.465007776049767,0.330645161290323,0.338509316770186,0.337461300309598,0.652996845425868,1,0.313114754098361,1,0.395866454689984,0.328525641025641,0,0.891975308641975,0.327476038338658,0.324451410658307,0,0.0328638497652582,0.979495268138801,0.329173166926677,1,0.325949367088608,0.334410339256866,1,0.339009287925697,0.330683624801272,0.65086887835703,1,0.333865814696486,0.33652312599681,1,0.319685039370079,0.317589576547231,1,0.311424100156495,0.32520325203252,0.334384858044164,0.338072669826224,0.80370942812983,1,0.982286634460548,1,1,0,1,0.992101105845182,1,0.402535657686212,0.996789727126806,0.327160493827161,0.993808049535604,0.348171701112878,0.995253164556962,0.596330275229358,0.614906832298137,0.329704510108865,0.324534161490683,0.633333333333333,0.330658105939005,0,0.62015503875969,0.6656,0.333333333333333,0,0.324881141045959,0.322327044025157,0.760975609756098,0.334379905808477,0.6765625,0.575806451612903,0.332797427652733,0.33695652173913,0.313971742543171,1,0.0256797583081571,0,0.334384858044164,0.338582677165354,0.351937984496124,1,0.302215189873418,0.332278481012658,1,0.318952234206472,0.940625,0.56260162601626,1,1,0.991568296795953,0.328682170542636,0.584496124031008,0.333333333333333,0.32626427406199,0.32182103610675,0.396604938271605,1,0.320574162679426,1,0.3344,0.330016583747927,1,0.335987261146497,1,0.345541401273885,1,1,0.33125,0,1,0.332807570977918,1,0.574961360123648,1,0.4858934169279,1,0.571428571428571,1,0.333870967741935,1,1,1,0.322834645669291,0.335453100158982,0.332298136645963,0.357495881383855,0.296900489396411,0.328125,1,0.331761006289308,1,1,0.3390625,0.328025477707006,0.329738058551618,0.406645569620253,0.342635658914729,1,1,0.339563862928349,0.33931484502447,0.622222222222222,0.570739549839228,0.333333333333333,0.331746031746032,1,0.320754716981132,0.332307692307692,0.996860282574568,0.32520325203252,0.333860759493671,0,0.121951219512195,0.330128205128205,0.661194029850746,0.318910256410256,0.335949764521193,0.58125,0.996884735202492,0.329093799682035,1,0.326530612244898,0.357710651828299,0.323248407643312,0.494505494505495,0.325434439178515,1,0.335423197492163,0.331746031746032,0.344103392568659,0.679012345679012,1,0.34185303514377,0.335433070866142,0,0.33953488372093,0.998412698412698,0.949685534591195,1,0.333853354134165,0.3328173374613,0.330683624801272,0.568965517241379,1,0.574193548387097,0.34488188976378,1,1,0.963722397476341,0.668769716088328,0.342271293375394,0.369734789391576,0.328660436137072,0.327102803738318,1,1,0.491338582677165,0.62200956937799,1,1,0.998447204968944,0.677830940988836,1,0.337461300309598,0.66824644549763,1,0.344773790951638,0.331230283911672,0.332283464566929,0.996884735202492,1,0.632090761750405,0.342723004694836,1,1,0.334375,0.31875,0.998435054773083,0,0.32695374800638,0.32120253164557,0.00634920634920635,0.326625386996904,1,0.317891373801917,1,0.12597200622084,0,0.903374233128834,0.339593114241002,1,1,0,0,0.340694006309148,1,0.323671497584541,0.998459167950693,0.323763955342903,1,0.998415213946117,0.957613814756672,0.766718506998445,1,1,0.00630914826498423,1,0.490878938640133,0.338632750397456,0.658878504672897,0.340557275541796,1,0.318181818181818,0.66824644549763,1,1,0.331707317073171,0.597859327217125,0.340659340659341,0.56984126984127,0.973186119873817,0.34384858044164,0.591194968553459,0.0125984251968504,0.329617834394904,0.334379905808477,0.33693972179289,1,0.622670807453416,0.322932917316693,0.892628205128205,0.572815533980582,0.965732087227414,1,1,0.323809523809524,0.343450479233227,0.329052969502408,0.326053042121685,0.325984251968504,0.602698650674663,0.320433436532508,0,0.662141779788839,0.998435054773083,0.34012539184953,0.324921135646688,0.332794830371567,0.337461300309598,0.590837282780411,1,0.344773790951638,0.35048231511254,0.336538461538462,0.338072669826224,0.33015873015873,0.32120253164557,0.177018633540373,0.668261562998405,0.332268370607029,0.582554517133956,1,0.226059654631083,0.335949764521193,0.921974522292994,1,1,0.322222222222222,0.626959247648903,1,0.328660436137072,0.320634920634921,0.955414012738854,1,1,0.998357963875205,0.338983050847458,1,1,0.896825396825397,1,0.363494539781591,1,0.582664526484751,1,0.659375,0.3184,0.589371980676328,1,1,0.990445859872611,0.344773790951638,0.336477987421384,0.330128205128205,0.337519623233909,0.340222575516693,0.338658146964856,0.9792663476874,0.32967032967033,1,1,0.694227769110764,0,0.334360554699538,0.327613104524181,0.663026521060842,1,0.548183254344392,0.338957055214724,0.634493670886076,0.323390894819466,0.329052969502408,1,0.32741935483871,0.333887043189369,0.678972712680578,0.909235668789809,0.336842105263158,0.592948717948718,0.563402889245586,0.335925349922239,0.340909090909091,0.322274881516588,0.572107765451664,0.673913043478261,1,0.894736842105263,1,0.656786271450858,0.996810207336523,0.585326953748006,0.328050713153724,0.334405144694534,1,1,0.417445482866044,0.99341021416804,0.996870109546166,1,0.324409448818898,0.339593114241002,1,0.331334332833583,0.674961119751166,0.346774193548387,0.438679245283019,0.312903225806452,0,0.317972350230415,1,1,0.578947368421053,0,0.340030911901082,0.334394904458599,0.103174603174603,0.418300653594771,1,1,0.333333333333333,1,0.382306477093207,1,0.346625766871166,0.573926868044515,0.335433070866142,0.326433121019108,1,0,1,0.319422150882825,0.337096774193548,1,1,1,0.432475884244373,1,0.334394904458599,0.605590062111801,0.342064714946071,0.339837398373984,0,0.0400641025641026,1,0.606060606060606,1,0.343260188087774,0.337060702875399,1,1,0.155905511811024,0.327073552425665,1,0.900763358778626,1,0.333333333333333,0.180511182108626,0.659056316590563,1,1,1,1,1,0.302936630602782,0.318181818181818,1,0.105348460291734,0,0.413416536661466,0,0.339712918660287,1,0.658576051779935,1,1,0.894245723172628,1,0.666666666666667,1,1,1,1
"157",1,1,1,1,1,1,0.7085346215781,1,1,0.10702875399361,1,0.0519685039370079,0.803076923076923,1,0.307324840764331,0.296998420221169,0.071097372488408,0.689430894308943,1,1,0.280864197530864,0.300157977883096,1,0.16796267496112,1,0.318952234206472,0.303656597774245,1,1,0.770800627943485,0.294670846394984,0.709119496855346,0.956386292834891,0.303937007874016,0,1,0.549295774647887,1,0.289833080424886,1,0.675632911392405,0.69242658423493,0.70750382848392,1,1,0.3088,0.297939778129952,0.296124031007752,0.307332293291732,0.31441717791411,0,1,0.297380585516179,1,1,0.481012658227848,0.5625,1,1,1,0.317262830482115,0.299840510366826,0.303459119496855,0.68503937007874,1,1,0.0425867507886435,1,0.0669710806697108,0.309968847352025,1,0.306603773584906,0.309178743961353,0.969551282051282,0.517940717628705,1,0.295208655332303,0.322981366459627,1,0.30655737704918,0.0982286634460548,0.312698412698413,0.316118935837246,1,0.318181818181818,1,1,1,1,0.702660406885759,1,1,0.00157977883096367,0.114551083591331,1,0.0537634408602151,0,1,0.568690095846645,0.686305732484076,1,0.0590111642743222,0.308661417322835,1,0.30064308681672,1,0.691472868217054,1,0.305379746835443,0.313084112149533,0.304552590266876,1,0.317111459968603,1,0.5,1,0.308282208588957,0.304212168486739,0.312121212121212,0.3140625,0.489096573208723,0.998435054773083,0.312111801242236,0.304347826086957,1,0.298600311041991,1,1,0.330721003134796,0.547400611620795,1,0.301435406698565,1,0.0481203007518797,1,0.303875968992248,0.685670261941448,0.317901234567901,0.922098569157393,0.437194127243067,0.113207547169811,0.102523659305994,1,1,0.315541601255887,1,0.309309309309309,1,0.790123456790123,1,0.308186195826645,1,1,1,1,0.317891373801917,1,0.304278922345483,0.258675078864353,1,0.295384615384615,1,0.292379471228616,0.0942492012779553,1,0.304897314375987,1,1,1,0.314728682170543,1,0.313099041533546,1,0.29595015576324,1,0.300157977883096,0.0856697819314642,1,0.647727272727273,1,1,0.304625199362041,1,1,1,1,0.308917197452229,0.29393468118196,1,0.9984375,0.305343511450382,0.289902280130293,1,0.451070336391437,0.68018018018018,0,0.308777429467085,0.687106918238994,1,0.314241486068111,1,0.998459167950693,1,0.310452418096724,0.305295950155763,0.307443365695793,1,1,1,0,1,0.301109350237718,0.966772151898734,0.318910256410256,0.303738317757009,0.746500777604977,1,1,1,1,1,0.0496124031007752,0.304140127388535,0.317262830482115,1,0.689167974882261,1,1,1,0.998456790123457,1,1,0.00465116279069767,0.318042813455657,1,0.29951690821256,1,0.2953125,1,1,1,1,1,0.31629392971246,1,0.503134796238245,0.315625,0.311145510835913,0.299689440993789,0.310618066561014,0.317034700315457,0.413078149920255,0.314553990610329,0.307219662058372,0.300940438871473,1,0.306603773584906,1,0.702290076335878,0.30379746835443,0.319314641744548,0.315372424722662,1,1,1,0.264150943396226,0.301092043681747,1,0.307936507936508,0.315068493150685,0.299684542586751,0.311627906976744,0.704761904761905,1,0.312788906009245,0.300940438871473,1,0.296650717703349,1,0.30077519379845,0.29874213836478,1,1,1,0.548286604361371,1,0.690140845070423,0.0907715582450832,0.314641744548287,1,1,0.108661417322835,0.311216429699842,0.312796208530806,1,1,0.291858678955453,0.0276923076923077,0.00321543408360129,1,1,0.326594090202177,1,1,0.302180685358255,1,1,0.306376360808709,1,1,1,1,0.313572542901716,0.301829268292683,0.321428571428571,1,1,0.677914110429448,0.313084112149533,1,0.31055900621118,0.282780410742496,1,1,0.9984375,1,1,0.308411214953271,1,1,0.116242038216561,0.32093023255814,0.49452269170579,0.303656597774245,0.684698608964451,0.303680981595092,1,0.302547770700637,0.31629392971246,0.267993874425727,0.305555555555556,1,0.314024390243902,1,1,1,0.298245614035088,0.308411214953271,0.998449612403101,0.913539967373573,0.0708661417322835,1,0.297169811320755,0.305863708399366,0.294117647058824,1,0.314241486068111,0.475077881619938,0.314553990610329,0.294952681388013,0.301127214170692,0.302034428794992,1,0.316957210776545,1,1,0,1,0.312101910828025,1,1,1,0.314696485623003,1,0.300319488817891,1,0.825545171339564,1,1,1,0.304347826086957,1,1,0.296703296703297,0.300469483568075,1,1,0.297805642633229,0.192604006163328,1,0.998447204968944,1,0,0.299524564183835,1,0.29874213836478,0.252365930599369,1,0.686427457098284,0.417298937784522,1,1,0.694402420574887,0.710031347962382,0.327666151468315,1,0.309859154929577,1,1,0.320967741935484,1,0.998420221169036,0.00786163522012579,0.31974921630094,1,1,0.311320754716981,1,1,0.298555377207063,0.33695652173913,1,1,1,0.523364485981308,0.290372670807453,0.3375,0.308510638297872,0.324960753532182,0.702093397745572,0.316436251920123,0.309968847352025,0.30030959752322,0.236306729264476,0.305732484076433,1,0.305343511450382,0.998425196850394,0.302180685358255,0.0932330827067669,0.058641975308642,1,1,0.0435458786936236,1,0.69922480620155,0.0497667185069984,0.0109717868338558,1,0.6859375,1,1,0.546178343949045,1,0,0.0816993464052288,1,1,1,0.313099041533546,0.664167916041979,0.696428571428571,0.992248062015504,1,0.982945736434109,0.284591194968553,0.350078492935636,1,0.29264475743349,1,0.359177215189873,0.1184,0.292379471228616,0.30521472392638,0.321976149914821,1,0.0844854070660522,1,1,1,0.261136712749616,0.308056872037915,1,0.311424100156495,1,1,0.293103448275862,1,0.310708898944193,1,0.299373040752351,0.303317535545024,1,0.6859375,0.303437967115097,1,0.299363057324841,0.743710691823899,0.306853582554517,0.169781931464174,0.309451219512195,0.755038759689923,0.291935483870968,1,0.308176100628931,0.330275229357798,0.281733746130031,1,1,1,0.964573268921095,0.34094616639478,1,0.308064516129032,1,0.30327868852459,0.302936630602782,1,1,1,0.908227848101266,1,0.302180685358255,0.311145510835913,1,1,0.0579710144927536,0.0894568690095847,1,1,0.28892455858748,1,1,0.301109350237718,1,1,0.692307692307692,0.540123456790123,1,0,1,1,0.108562691131498,0.312893081761006,1,0.307936507936508,0.998447204968944,0.955414012738854,0.998442367601246,0.814241486068111,1,0.314194577352472,1,1,1,0,0.29951690821256,1,1,0.681388012618297,1,0.305379746835443,0.356697819314642,0.310832025117739,1,1,1,0.101851851851852,0.31687898089172,0.0977564102564103,0.998387096774194,0.301075268817204,0.298299845440495,0.341576506955178,0,1,0.946875,1,1,0.310618066561014,0.295107033639144,0.176287051482059,0.0455974842767296,0.303459119496855,0.291993720565149,0.315132605304212,0.0016,0.309968847352025,1,0,0.309486780715397,1,1,1,0.305900621118012,0.301391035548686,0.0403225806451613,1,0.296296296296296,0.29375,1,1,0.301412872841444,0.702127659574468,1,1,0.70735524256651,1,0.297674418604651,1,0.302362204724409,0.536776212832551,0.682588597842835,0.395705521472393,1,0.287692307692308,0.308411214953271,0.690292758089368,0.680124223602484,1,0.316358024691358,1,0.312024353120244,1,0.300940438871473,0.30188679245283,0.335403726708075,0.515673981191223,0.307936507936508,0.299363057324841,0.675507020280811,0.296124031007752,0.157392686804452,1,0,1,0.287974683544304,1,0,0.315707620528771,0.3125,1,0.0636363636363636,1,0.092948717948718,0.321086261980831,1,0.073094867807154,0.677621283255086,1,1,1,0.297385620915033,0.0458015267175573,1,0.407523510971787,0.1008,0.340978593272171,0.3171875,0.318529862174579,1,1,1,1,1,0.0736196319018405,0.996923076923077,0.696875,0.00446428571428571,0.308527131782946,1,1,1,1,0.0978260869565217,0.305007587253414,1,1,1,1,1,1,0.489953632148377,0.0015748031496063,1,0.093558282208589,0.308892355694228,0.439178515007899,1,0.377179080824089,0.293637846655791,0.303459119496855,1,0.0450310559006211,0.306501547987616,1,1,0.359746434231379,0.296411856474259,0.304416403785489,0.29951690821256,0.998442367601246,0.309904153354633,0.303543913713405,0.410742496050553,0.312302839116719,0.967441860465116,0.299694189602446,0.0942492012779553,0.306603773584906,0,1,0.0990566037735849,0.294308943089431,0.307086614173228,0.2992,1,1,1,1,1,1,0.322683706070288,1,0.30829420970266,0.311367380560132,0.597859327217125,0.692913385826772,1,1,0,0.304615384615385,0.12755905511811,0.998470948012232,0.0410094637223975,1,1,0.294025157232704,1,1,0.614896988906498,0.413114754098361,0.996987951807229,0.087719298245614,0.109177215189873,1,1,1,0.0967238689547582,0,0.302003081664099,0.403755868544601,0.304347826086957,0,0.321766561514196,0.0972447325769854,1,1,0.316846986089645,0.310618066561014,0.246056782334385,0.32258064516129,0.299694189602446,0.306853582554517,1,1,0.31637519872814,1,0,1,0.232919254658385,1,0.68062015503876,1,0.304075235109718,0.300157977883096,0.0822981366459627,0.693623639191291,1,1,0.783699059561129,0.897106109324759,0.313001605136437,0.304487179487179,1,0.307086614173228,0.261904761904762,0.314606741573034,1,0.113029827315542,1,1,0.307086614173228,0.692058346839546,0.294117647058824,1,1,0.296411856474259,0.297339593114241,0.307219662058372,0.848,0.303030303030303,1,0.065015479876161,1,1,0.713178294573643,0.676656151419558,0.310897435897436,0.0622083981337481,0.305379746835443,1,1,0.296529968454259,0.312796208530806,0.626959247648903,1,0.305343511450382,0.377675840978593,0.299539170506912,0.981538461538462,0.475435816164818,0.00309597523219814,0.292379471228616,0.310240963855422,0.315873015873016,0.302588996763754,0.305555555555556,0.976851851851852,1,0.302180685358255,0.555555555555556,0.689381933438986,0.241486068111455,0.700162074554295,1,0.312401883830455,0.00316455696202532,0.312796208530806,0.297674418604651,0.361963190184049,0.305379746835443,0,0.318818040435459,0.307941653160454,0.309791332263242,0.309707241910632
"158",0.295638126009693,0.318255250403877,0.320126782884311,0.33442088091354,0.317307692307692,0.309178743961353,0.00980392156862745,0.32258064516129,0.318611987381703,0.563517915309446,0.3265625,0.635514018691589,0.511182108626198,0.317535545023697,1,1,0.610492845786963,0,0.328478964401294,0.305863708399366,1,1,0.322530864197531,0.510172143974961,0.313271604938272,1,1,0.344941956882255,0.309262166405024,0.522508038585209,1,0.58712715855573,0.36734693877551,0.995153473344103,0.666131621187801,0.313659359190556,0.136075949367089,0.327586206896552,1,0.310077519379845,0.00317965023847377,0,0,0.334928229665072,0.316455696202532,1,0.993610223642173,1,1,1,0.684375,0.334415584415584,1,0.321144674085851,0.320754716981132,0.820554649265905,0.113964686998395,0.32018927444795,0.317535545023697,0.325320512820513,0.992283950617284,1,1,0.00483870967741936,0.319078947368421,0.320754716981132,0.65112540192926,0.324717285945073,0.604651162790698,1,0.320872274143302,1,1,0.275974025974026,0.159810126582278,0.316030534351145,1,0.995297805642633,0.332293291731669,1,0.60129659643436,1,1,0.326984126984127,1,0.324574961360124,0.32475884244373,0.329635499207607,0.315286624203822,0,0.320634920634921,0.322530864197531,0.68075117370892,0.577639751552795,0.316045380875203,0.636505460218409,0.682888540031397,0.312989045383412,0.113636363636364,0,0.313385826771654,0.618066561014263,1,0.321951219512195,1,0.314641744548287,0,0.329617834394904,1,1,1,0.310344827586207,0.995268138801262,0.322884012539185,0.205837173579109,0.314984709480122,1,0.361067503924647,1,1,0.2015625,0.303317535545024,1,1,0.333333333333333,1,0.314112291350531,0.317972350230415,0.347551342812006,0.754276827371695,0.3248,1,0.331168831168831,0.629230769230769,0.33605220228385,1,0.00156494522691706,1,0.376788553259142,0.886138613861386,0.576433121019108,0.5824,0.322683706070288,0.32300163132137,1,0.31687898089172,1,0.3024,0.496875,0.32824427480916,1,0.306836248012719,0.325878594249201,0.330658105939005,0.33175355450237,1,0.304278922345483,1,0.426307448494453,0.325984251968504,1,0.331761006289308,1,0.586038961038961,0.32258064516129,1,0.320695102685624,0.315132605304212,0.336569579288026,0.987519500780031,0.321259842519685,1,0.324193548387097,1,0.32952691680261,1,0.587025316455696,0.301282051282051,0.0297029702970297,0.305555555555556,0.323343848580442,1,0.305246422893482,0.325320512820513,0.33015873015873,0.333850931677019,1,1,0.330128205128205,0.328593996840442,1,1,0.321766561514196,0.21978021978022,0.0212443095599393,0.686305732484076,1,0.0031496062992126,0.32807570977918,1,0.319935691318328,0.3140625,0.321928460342146,0.996835443037975,1,1,0.329230769230769,0.317230273752013,0.315217391304348,0.677367576243981,0.304487179487179,1,0.345425867507886,1,1,0.436018957345972,0.321086261980831,0.31911532385466,0.328548644338118,0.301587301587302,0.317535545023697,0.630744849445325,1,1,0.321316614420063,0.00314465408805031,0.329704510108865,0.320610687022901,0.329581993569132,0.309748427672956,0.30952380952381,0.319018404907975,0.693877551020408,0.347068145800317,0.305511811023622,1,0.330081300813008,1,0.3078125,0.3088,0.312599681020734,0.333333333333333,0.315447154471545,1,0.325,0.805510534846029,1,1,0.996768982229402,1,1,0.890879478827362,1,1,1,0.317829457364341,1,0.320846905537459,0,1,0.375389408099688,1,0.323624595469256,0.319554848966614,0.317460317460317,0.419152276295133,1,0.323529411764706,1,1,1,1,0,0.312903225806452,1,1,0.32258064516129,1,0.320872274143302,1,1,0.308306709265176,0.323101777059774,0.301765650080257,0.1472,0.333870967741935,0,0.590625,1,0.323899371069182,0.331730769230769,0.574803149606299,1,1,0.329011345218801,0.331746031746032,1,0.648985959438378,0.69672131147541,0.304,0.32300163132137,0.993779160186625,0.33015873015873,0.306870229007634,1,0.313504823151125,0.3104,1,0.309562398703404,0.32,0.315707620528771,0.320450885668277,1,1,1,0.308661417322835,0.33175355450237,0.0078003120124805,0.992,0.323101777059774,1,1,0.318252730109204,0.332293291731669,0.308544303797468,0.327073552425665,0.319554848966614,1,0.307692307692308,0.321766561514196,0.558823529411765,1,0.83596214511041,1,0,1,0.328197226502311,1,1,0.413249211356467,0.998444790046656,0.323151125401929,1,0.314424635332253,0.308917197452229,0.310452418096724,1,1,0.317460317460317,0.401294498381877,0.594507269789984,0.306946688206785,1,1,1,0.32626427406199,1,0.197138314785374,1,1,1,1,0.323390894819466,1,0.314144736842105,0.33175355450237,0.672955974842767,0.306688417618271,1,0.323809523809524,0.316279069767442,0.314845024469821,1,0.311827956989247,1,0.322981366459627,0.479495268138801,0.321875,0.3296,0.318037974683544,1,0.318037974683544,0.31139646869984,1,1,0.327044025157233,0.317965023847377,1,0.479198767334361,0.323717948717949,0.333850931677019,0.325581395348837,0.680952380952381,1,0.3,1,0.405103668261563,0.307443365695793,0,0.886970172684458,0.32626427406199,0.321086261980831,0,0.0287539936102236,0.9776,0.312101910828025,1,0.315112540192926,0.326860841423948,1,0.329153605015674,0.324237560192616,0.665594855305466,1,0.322528363047002,0.331738437001595,1,0.308661417322835,0.310789049919485,1,0.327586206896552,0.317384370015949,0.322784810126582,0.337060702875399,0.796610169491525,1,0.983818770226537,1,1,0.00160771704180064,1,0.993710691823899,1,0.429467084639498,0.996742671009772,0.304552590266876,0.993855606758833,0.333333333333333,0.996815286624204,0.603945371775417,0.630094043887147,0.3234375,0.313479623824451,0.636507936507936,0.322950819672131,0,0.63751987281399,0.685064935064935,0.316692667706708,0.0015748031496063,0.312893081761006,0.312796208530806,0.762057877813505,0.33175355450237,0.68621236133122,0.582258064516129,0.3248,0.318110236220472,0.304347826086957,1,0.0254491017964072,0,0.327102803738318,0.329635499207607,0.336923076923077,1,0.321086261980831,0.319047619047619,1,0.305772230889236,0.941176470588235,0.568,1,1,0.99327731092437,0.32348367029549,0.604037267080745,0.326625386996904,0.317512274959083,0.313694267515924,0.411580594679186,1,0.302362204724409,1,0.327302631578947,0.319935691318328,1,0.318327974276527,1,0.322784810126582,1,1,0.33179012345679,0,1,0.32807570977918,1,0.549763033175355,1,0.4953125,1,0.550561797752809,1,0.3264,1,1,1,0.321543408360129,0.324281150159744,0.320872274143302,0.359271523178808,0.315091210613599,0.31378763866878,1,0.326923076923077,1,1,0.3296875,0.323101777059774,0.314152410575428,0.389423076923077,0.3328173374613,1,1,0.330696202531646,0.325806451612903,0.619354838709677,0.588330632090762,0.315112540192926,0.313099041533546,1,0.311111111111111,0.322085889570552,0.995297805642633,0.318032786885246,0.317034700315457,0,0.132921174652241,0.316535433070866,0.677914110429448,0.313001605136437,0.3203125,0.585403726708075,0.996794871794872,0.316720257234727,1,0.322115384615385,0.349840255591054,0.319554848966614,0.48125,0.311811023622047,1,0.324881141045959,0.3296,0.3328,0.682737169517885,1,0.334426229508197,0.318818040435459,0,0.328682170542636,0.998432601880878,0.951334379905808,1,0.319620253164557,0.322274881516588,0.32,0.577399380804954,1,0.594462540716612,0.338788870703764,1,1,0.961904761904762,0.67817896389325,0.337060702875399,0.366197183098592,0.3198127925117,0.32182103610675,1,1,0.503949447077409,0.627831715210356,1,1,0.998456790123457,0.692307692307692,1,0.322932917316693,0.677884615384615,1,0.32398753894081,0.314424635332253,0.322061191626409,0.996840442338073,1,0.640522875816993,0.328548644338118,1,1,0.326530612244898,0.308661417322835,0.998412698412698,0,0.320063694267516,0.312401883830455,0.00635930047694754,0.320126782884311,1,0.311183144246353,1,0.143079315707621,0,0.902439024390244,0.329153605015674,1,1,0,0.0015625,0.334928229665072,1,0.313504823151125,0.996941896024465,0.318327974276527,1,0.998384491114701,0.962145110410095,0.751987281399046,1,1,0.00475435816164818,1,0.51077943615257,0.329032258064516,0.672985781990521,0.323343848580442,1,0.307570977917981,0.671428571428571,1,1,0.323051948051948,0.610942249240122,0.330232558139535,0.575079872204473,0.971786833855799,0.331210191082803,0.598726114649682,0.0125984251968504,0.3152,0.32695374800638,0.321483771251932,1,0.629969418960245,0.306477093206951,0.895330112721417,0.58252427184466,0.964451313755796,1,1,0.312893081761006,0.346469622331691,0.310789049919485,0.314465408805031,0.314465408805031,0.607692307692308,0.307098765432099,0,0.672256097560976,0.998415213946117,0.327044025157233,0.312,0.322683706070288,0.324492979719189,0.592948717948718,1,0.339035769828927,0.338658146964856,0.339256865912762,0.328,0.318252730109204,0.317152103559871,0.1890625,0.68,0.323763955342903,0.59717868338558,1,0.226209048361934,0.320754716981132,0.922455573505654,1,1,0.31974921630094,0.631496062992126,1,0.314375987361769,0.305111821086262,0.951768488745981,1,1,0.996763754045307,0.322932917316693,1,1,0.89540412044374,1,0.35,1,0.590322580645161,1,0.673501577287066,0.322327044025157,0.588617886178862,1,1,0.991922455573506,0.3328125,0.325949367088608,0.322847682119205,0.323854660347551,0.326829268292683,0.329032258064516,0.983686786296901,0.314152410575428,1,1,0.699367088607595,0,0.31974921630094,0.318181818181818,0.68075117370892,1,0.55608214849921,0.323664122137405,0.638095238095238,0.315457413249211,0.32475884244373,1,0.320634920634921,0.310517529215359,0.675762439807384,0.903814262023217,0.321156773211568,0.602272727272727,0.573482428115016,0.321428571428571,0.322528363047002,0.309375,0.590764331210191,0.683544303797468,1,0.901587301587302,1,0.667711598746082,0.996805111821086,0.581730769230769,0.318181818181818,0.32952691680261,1,1,0.418679549114332,0.993453355155483,0.998425196850394,1,0.309409888357257,0.325914149443561,1,0.320182094081942,0.682389937106918,0.336507936507937,0.461172741679873,0.303715670436187,0,0.313479623824451,1,1,0.589703588143526,0.00154798761609907,0.332302936630603,0.317460317460317,0.0990415335463259,0.425566343042071,1,1,0.313385826771654,1,0.3968,1,0.330757341576507,0.579778830963665,0.332283464566929,0.322632423756019,1,0,1,0.305691056910569,0.321086261980831,1,1,1,0.433224755700326,1,0.325242718446602,0.611023622047244,0.330670926517572,0.32843137254902,0.00154320987654321,0.0414673046251994,1,0.6140625,1,0.324281150159744,0.341894060995185,1,1,0.155763239875389,0.320251177394035,1,0.897515527950311,1,0.325545171339564,0.191318327974277,0.66877971473851,1,1,1,1,1,0.28328173374613,0.308306709265176,1,0.109854604200323,0.00159744408945687,0.43125,0,0.32794830371567,1,0.675850891410049,1,1,0.884080370942813,1,0.676609105180534,1,1,1,1
"159",0.261217948717949,0.250386398763524,0.259720062208398,0.245222929936306,0.253499222395023,0.261075949367089,0.531545741324921,0.257763975155279,0.269113149847095,0.862341772151899,0.2557781201849,0.806153846153846,0.0858505564387917,0.249235474006116,0.44392523364486,0.4484375,0.824615384615385,0.565217391304348,0.263823064770932,0.251524390243902,0.4484375,0.438569206842924,0.264705882352941,0.930124223602484,0.279141104294479,0.430981595092025,0.433544303797468,0.267090620031797,0.269230769230769,0.147798742138365,0.451463790446841,0.130030959752322,0.219512195121951,0.43613707165109,0.753105590062112,0.251223491027732,0.706521739130435,0.25193199381762,0.441754916792738,0.266068759342302,0.584496124031008,0.558502340093604,0.566465256797583,0.246056782334385,0.253943217665615,0.42902711323764,0.435736677115987,0.433534743202417,0.425954198473282,0.428351309707242,0.750764525993884,0.248427672955975,0.448012232415902,0.254601226993865,0.257621951219512,0.271450858034321,0.682737169517885,0.250778816199377,0.275968992248062,0.263157894736842,0.419847328244275,0.435185185185185,0.447244094488189,0.574102964118565,0.259493670886076,0.272588055130168,0.7953125,0.255485893416928,0.828869047619048,0.420091324200913,0.257229832572298,0.435384615384615,0.429699842022117,0.308544303797468,0.729357798165138,0.256676557863501,0.443778110944528,0.410876132930514,0.256134969325153,0.44264943457189,0.852272727272727,0.434579439252336,0.426791277258567,0.257668711656442,0.406542056074766,0.250374812593703,0.265723270440252,0.253918495297806,0.252713178294574,0.551617873651772,0.255520504731861,0.24813153961136,0.748079877112135,0.862385321100917,0.2574568288854,0.800302571860817,0.751926040061633,0.258064516129032,0.688709677419355,0.581504702194357,0.254290171606864,0.820433436532508,0.462732919254658,0.2578125,0.426100628930818,0.259720062208398,0.57469512195122,0.257009345794392,0.432766615146832,0.431464174454829,0.420245398773006,0.272307692307692,0.429663608562691,0.251920122887865,0.765069551777434,0.262443438914027,0.437106918238994,0.956589147286822,0.419847328244275,0.441640378548896,0.782945736434108,0.248097412480974,0.434848484848485,0.431561996779388,0.254160363086233,0.452453987730061,0.25408618127786,0.258698940998487,0.932411674347158,0.654600301659125,0.248397435897436,0.441679626749611,0.25511811023622,0.792537313432836,0.241214057507987,0.436641221374046,0.583333333333333,0.430321592649311,0.186728395061728,0.572815533980582,0.853582554517134,0.854489164086687,0.257668711656442,0.262903225806452,0.438271604938272,0.257318952234206,0.430955993930197,0.260802469135802,0.099236641221374,0.261654135338346,0.440570522979398,0.252679938744257,0.258970358814353,0.259842519685039,0.252747252747253,0.401574803149606,0.258675078864353,0.426307448494453,1,0.259938837920489,0.440677966101695,0.264437689969605,0.443410852713178,0.8375,0.253588516746411,0.437106918238994,0.26905132192846,0.26646248085758,0.254658385093168,0.415407854984894,0.261682242990654,0.429906542056075,0.262090483619345,0.426380368098159,0.250798722044728,0.419152276295133,0.835164835164835,0.258015267175572,0.620031796502385,0.25314465408805,0.258461538461538,0.440251572327044,0.258513931888545,0.261275272161742,0.260061919504644,0.251533742331288,0.444617784711388,0.439393939393939,0.259083728278041,0.248073959938367,0.433179723502304,0.4546875,0.248854961832061,0.798473282442748,0.585798816568047,0.741935483870968,0.425954198473282,0.573619631901841,0.253456221198157,0.431372549019608,0.266666666666667,0.26179604261796,0.255742725880551,0.441497659906396,0.444444444444444,0.427432216905901,0.257918552036199,0.260663507109005,0.250388802488336,0.764984227129338,0.258215962441315,0.443573667711599,0.2359375,0.430842607313196,0.442006269592476,0.493865030674847,0.249607535321821,0.25115562403698,0.258461538461538,0.265432098765432,0.256692913385827,0.7859375,0.4203125,0.437116564417178,0.267884322678843,0.569465648854962,0.246596066565809,0.26395173453997,0.268933539412674,0.253086419753086,0.267584097859327,0.256488549618321,0.740061162079511,0.944193061840121,0.267692307692308,0.440809968847352,0.247244094488189,0.433130699088146,0.253105590062112,0.253477588871716,0.252713178294574,0.245614035087719,0.2544,0.417565485362096,0.263157894736842,0.233542319749216,0.411580594679186,0.43161094224924,0.444270015698587,0.427244582043344,0.420062695924765,0.551401869158878,0.427469135802469,0.427018633540373,0.411585365853659,0.270769230769231,0.424806201550388,0.256410256410256,0.551301684532925,0.428351309707242,0.954198473282443,0.433697347893916,0.252730109204368,0.24251968503937,0.260530421216849,0.993808049535604,0.452713178294574,0.243531202435312,0.425233644859813,0.422900763358779,0.423913043478261,0.427035330261137,0.567026194144838,0.254372019077901,0.42967542503864,0.433962264150943,0.253918495297806,0.440758293838863,0.254573170731707,0.430555555555556,0.454828660436137,0.2515625,0.255961844197138,0.265745007680492,0.713622291021672,0.246835443037975,0.5600624024961,0.842424242424242,0.426605504587156,0.26027397260274,0.241706161137441,0.854765506807867,0.423135464231355,0.434504792332268,0.260032102728732,0.25625,0.434250764525994,0.763608087091757,0.736263736263736,0.26040061633282,0.256,0.440909090909091,0.252321981424149,0.261724659606657,0.434250764525994,0.260530421216849,0.265116279069767,0.429230769230769,0.26905132192846,0.259659969088099,0.258805513016845,0.252730109204368,0.435458786936236,0.444954128440367,0.441786283891547,0.253894080996885,0.266770670826833,0.576687116564417,0.432558139534884,0.250398724082935,0.437308868501529,0.440993788819876,0.257966616084977,0.245454545454545,0.254992319508449,0.258970358814353,0.256488549618321,0.433962264150943,0.250783699059561,0.26791277258567,0.855555555555556,0.43140243902439,0.595911949685535,0.443573667711599,0.562009419152276,0.431164901664145,0.253776435045317,0.452830188679245,0.428125,0.995398773006135,0.433990895295903,0.266770670826833,0.440779610194903,0.257097791798107,0.2557781201849,0.257716049382716,0.451863354037267,0.446293494704992,0.259316770186335,0.170926517571885,0.808846761453397,0.26984126984127,0.428571428571429,0.434579439252336,0.437598736176935,0.253543307086614,0.42185128983308,0.777777777777778,0.425499231950845,0.434108527131783,0.427884615384615,0.445652173913043,0.254573170731707,0.43125,0.251215559157212,0.262422360248447,0.748829953198128,0.259433962264151,0.434579439252336,0.262422360248447,0.248085758039816,0.2496,0.425867507886435,0.259878419452888,0.437400950871632,0.254491017964072,0.103658536585366,0.265527950310559,0.265402843601896,0.253846153846154,0.447900466562986,0.255924170616114,0.254716981132075,0.433846153846154,0.440944881889764,0.255742725880551,0.252663622526636,0.440184049079755,0.956259426847662,0.263578274760383,0.258015267175572,0.245426829268293,0.744292237442922,0.445141065830721,0.25,0.437403400309119,0.992248062015504,0.266770670826833,0.559875583203733,0.316436251920123,0.251980982567353,0.246153846153846,0.584084084084084,0.548686244204019,0.41185647425897,0.263076923076923,0.4421875,0.25115562403698,0.248387096774194,0.433544303797468,0.263157894736842,0.263736263736264,0.749221183800623,0.423913043478261,0.272445820433437,0.252713178294574,0.444794952681388,0.259938837920489,0.25625,0.43213728549142,0.907120743034056,0.25705329153605,0.250764525993884,0.25,0.227554179566563,0.435857805255023,0.464678178963893,0.441930618401207,0.434514637904468,0.569858712715856,0.420647149460709,0.420489296636086,0.439324116743472,1,0.431279620853081,0.268588770864947,0.439509954058193,0.2574568288854,0.436641221374046,0.843195266272189,0.798165137614679,0.26046511627907,0.265460030165913,0.803379416282642,0.251215559157212,0.577160493827161,0.801550387596899,0.753510140405616,0.249240121580547,0.560490045941807,0.255451713395639,0.263482280431433,0.655963302752294,0.255813953488372,0.745736434108527,0.849025974025974,0.247244094488189,0.262917933130699,0.2782874617737,0.42992125984252,0.598200899550225,0.549755301794454,0.28,0.25585023400936,0.213622291021672,0.449230769230769,0.911490683229814,0.25462962962963,0.429252782193959,0.25625,0.389830508474576,0.856687898089172,0.459293394777266,0.433734939759036,0.42833607907743,0.262917933130699,0.838709677419355,0.262121212121212,0.240770465489567,0.251177394034537,0.990922844175492,0.415748031496063,0.268445839874411,0.448598130841121,0.259259259259259,0.260731319554849,0.43328335832084,0.251956181533646,0.44527736131934,0.264797507788162,0.446177847113885,0.434169278996865,0.250778816199377,0.569659442724458,0.4375,0.261868300153139,0.439807383627608,0.171253822629969,0.448328267477204,0.920489296636086,0.432267884322679,0.133956386292835,0.443573667711599,0.278041074249605,0.433179723502304,0.421705426356589,0.457627118644068,0.255417956656347,0.256735340729002,0.257186081694402,0.220285261489699,0.906451612903226,0.258114374034003,0.417721518987342,0.246894409937888,0.446601941747573,0.437878787878788,0.256211180124224,0.25511811023622,0.249235474006116,0.167711598746081,0.250759878419453,0.444108761329305,0.440860215053763,0.242331288343558,0.25,0.815873015873016,0.830188679245283,0.254185692541857,0.245222929936306,0.449526813880126,0.268933539412674,0.260479041916168,0.418604651162791,0.2752,0.251543209876543,0.557098765432099,0.720965309200603,0.25625,0.735905044510386,0.273010920436817,0.261868300153139,0.841389728096677,0.434375,0.252747252747253,0.422427035330261,0.251170046801872,0.223101265822785,0.2642089093702,0.0917431192660551,0.263565891472868,0.43338683788122,0.252713178294574,0.260188087774295,0.248025276461295,0.752279635258359,0.428571428571429,0.245980707395498,0.257318952234206,0.572981366459627,0.252663622526636,0.437888198757764,0.401550387596899,0.432307692307692,0.254658385093168,0.25462962962963,0.262166405023548,0.84984984984985,0.421725239616613,0.835483870967742,0.244897959183673,0.437116564417178,0.445966514459665,0.399693721286371,0.744186046511628,0.265210608424337,0.19751166407465,0.251162790697674,0.263399693721286,0.4171875,0.433534743202417,0.927018633540373,0.792778649921507,0.452160493827161,0.429230769230769,0.424657534246575,0.741626794258373,0.435257410296412,0.254185692541857,0.7339593114241,0.434514637904468,0.255451713395639,0.255451713395639,0.246130030959752,0.439209726443769,0.437216338880484,0.79349593495935,0.248847926267281,0.459041731066461,0.447488584474886,0.260530421216849,0.267801857585139,0.43206106870229,0.55205047318612,0.244514106583072,0.258620689655172,0.55968992248062,0.256449165402124,0.454407294832827,0.271585557299843,0.439749608763693,0.728658536585366,0.581430745814307,0.550151975683891,0.262595419847328,0.439759036144578,0.436532507739938,0.554531490015361,0.578386605783866,0.248447204968944,0.437116564417178,0.256,0.436363636363636,0.243670886075949,0.428792569659443,0.443057722308892,0.402476780185758,0.599388379204893,0.431279620853081,0.441455696202532,0.589905362776025,0.435384615384615,0.901929260450161,0.240683229813665,0.759512937595129,0.249612403100775,0.446841294298921,0.262830482115086,0.750788643533123,0.44,0.430555555555556,0.260188087774295,0.816023738872404,0.256923076923077,0.842767295597484,0.405660377358491,0.244865718799368,0.818885448916409,0.581648522550544,0.260869565217391,0.248475609756098,0.243410852713178,0.442122186495177,0.8,0.245749613601236,0.338050314465409,0.857142857142857,0.403669724770642,0.43010752688172,0.440548780487805,0.261345852895149,0.224,0.259026687598116,0.254992319508449,0.253086419753086,0.818181818181818,0.273425499231951,0.566096423017107,0.744807121661721,0.440625,0.246875,0.276995305164319,0.249602543720191,0.255988023952096,0.831029185867896,0.437689969604863,0.244204018547141,0.239130434782609,0.260032102728732,0.257009345794392,0.263076923076923,0.260596546310832,0.754887218045113,0.764984227129338,0.253499222395023,0.833590138674884,0.440860215053763,0.833592534992224,0.266982622432859,0.373608903020668,0.446031746031746,0.429892141756549,0.265432098765432,0.799065420560748,0.44478527607362,0.241167434715822,0.271028037383178,0.388364779874214,0.442073170731707,0.446177847113885,0.438291139240506,0.246951219512195,0.43859649122807,0.427692307692308,0.546899841017488,0.433697347893916,0.2178517397882,0.435240963855422,0.843700159489633,0.429230769230769,0.74390243902439,0.266875981161695,0.839936608557845,0.436220472440945,0.444961240310077,0.444790046656299,0.252293577981651,0.24,0.262057877813505,0.263482280431433,0.256778309409888,0.264659270998415,0.425196850393701,0.25948406676783,0.446345256609642,0.429508196721311,0.554347826086957,0.555379746835443,0.269938650306748,0.251552795031056,0.75,0.436363636363636,0.880989180834621,0.241960183767228,0.79595015576324,0.265527950310559,0.256289308176101,0.42879746835443,0.262422360248447,0.25,0.62992125984252,0.54066985645933,0.26401179941003,0.839427662957075,0.852201257861635,0.252307692307692,0.239747634069401,0.259259259259259,0.840557275541796,0.741935483870968,0.438729198184569,0.335423197492163,0.440860215053763,0.743202416918429,0.433229813664596,0.835703001579779,0.2515625,0.249609984399376,0.45046439628483,0.438356164383562,1,0.427892234548336,0.433333333333333,0.442073170731707,0.263322884012539,0.253105590062112,0.436018957345972,0.258208955223881,0.755725190839695,0.251552795031056,0.984591679506934,0.271450858034321,0.565015479876161,0.252663622526636,0.439252336448598,0.42515923566879,0.842835130970724,0.573394495412844,0.260596546310832,0.247678018575851,0.466458658346334,0.358161648177496,0.441497659906396,0.434294871794872,0.259878419452888,0.427018633540373,0.992199687987519,0.436507936507937,0.257186081694402,0.855161787365177,0.261538461538462,0.2574568288854,0.425038639876352,0.563779527559055,0.42992125984252,0.2576,0.244167962674961,0.436641221374046,0.446153846153846,0.418429003021148,0.393650793650794,0.435406698564593,0.25585023400936,0.807987711213518,0.25193199381762,0.239747634069401,0.543511450381679,0.599378881987578,0.427215189873418,0.8078125,0.42015503875969,0.248456790123457,0.236883942766296,0.445141065830721,0.419906687402799,0.605304212168487,0.260336906584992,0.425113464447806,0.536585365853659,0.437308868501529,0.285280728376328,0.770800627943485,0.739329268292683,0.443251533742331,0.430930930930931,0.435612082670906,0.444444444444444,0.434782608695652,0.286798179059181,0.269525267993874,0.450381679389313,0.695102685624013,0.574102964118565,0.984709480122324,0.567961165048544,0.242472266244057,0.418461538461538,0.763239875389408,0.414110429447853,0.438759689922481,0.575193798449612,0.42967542503864,0.7546875,0.424382716049383,0.445497630331754,0.428125,0.4328125
"160",1,1,1,1,1,1,0.696485623003195,1,1,0.100478468899522,1,0.0462249614791988,0.815625,1,0.327102803738318,0.312693498452012,0.0674846625766871,0.678456591639871,1,1,0.301538461538462,0.3203125,1,0.15968992248062,1,0.343213728549142,0.325434439178515,1,1,0.786499215070644,0.315384615384615,0.726153846153846,0.964992389649924,0.317262830482115,0,1,0.544049459041731,1,0.301801801801802,1,0.654320987654321,0.672281776416539,0.690690690690691,1,1,0.324409448818898,0.3265625,0.317771084337349,0.328197226502311,0.329787234042553,0,1,0.322188449848024,1,1,0.494435612082671,0.551242236024845,1,1,1,0.333836858006042,0.323529411764706,0.327073552425665,0.667175572519084,1,1,0.043956043956044,1,0.0625,0.32469512195122,1,0.326086956521739,0.331746031746032,0.962204724409449,0.506153846153846,1,0.320726172465961,0.340458015267176,1,0.328502415458937,0.0873015873015873,0.332810047095761,0.334370139968896,1,0.346094946401225,1,1,1,1,0.684451219512195,1,1,0.00155038759689922,0.105504587155963,1,0.0496987951807229,0,1,0.559618441971383,0.667197452229299,1,0.0622083981337481,0.313971742543171,1,0.326656394453005,1,0.682852807283763,1,0.322834645669291,0.321372854914197,0.321592649310873,1,0.330757341576507,1,0.48714069591528,1,0.315132605304212,0.298761609907121,0.332317073170732,0.327073552425665,0.474006116207951,0.998459167950693,0.328290468986384,0.318110236220472,1,0.310606060606061,1,1,0.332807570977918,0.546546546546547,1,0.330745341614907,1,0.0436746987951807,1,0.318385650224215,0.667701863354037,0.330289193302892,0.927244582043344,0.430842607313196,0.105180533751962,0.0989180834621329,1,1,0.3359375,1,0.329286798179059,1,0.80517503805175,1,0.328571428571429,1,1,1,1,0.338931297709924,1,0.325984251968504,0.259938837920489,1,0.314112291350531,1,0.312210200927357,0.0877742946708464,1,0.3234375,1,1,1,0.340590979782271,1,0.335433070866142,1,0.315707620528771,1,0.322480620155039,0.0791476407914764,1,0.6304,1,1,0.327131782945736,1,1,1,1,0.338509316770186,0.318042813455657,1,0.998470948012232,0.325757575757576,0.310832025117739,1,0.449386503067485,0.664697193500739,0,0.321044546850998,0.659476117103236,1,0.325190839694657,1,0.998470948012232,1,0.31839258114374,0.323619631901841,0.32967032967033,1,1,1,0,1,0.315132605304212,0.971786833855799,0.331259720062208,0.320987654320988,0.756508422664625,1,1,1,1,1,0.0450310559006211,0.3171875,0.327300150829563,1,0.674772036474164,1,1,0.9984375,0.998470948012232,1,1,0.00303951367781155,0.318862275449102,1,0.317111459968603,1,0.302290076335878,1,1,1,1,1,0.333850931677019,1,0.522480620155039,0.324031007751938,0.335365853658537,0.319554848966614,0.324960753532182,0.341653666146646,0.416798732171157,0.327217125382263,0.324074074074074,0.314503816793893,1,0.326053042121685,1,0.680786686838124,0.320610687022901,0.312024353120244,0.340062111801242,1,1,1,0.261275272161742,0.310664605873261,1,0.330721003134796,0.33033033033033,0.3171875,0.329211746522411,0.676470588235294,1,0.324773413897281,0.329113924050633,1,0.305246422893482,1,0.314285714285714,0.316770186335404,1,1,1,0.540832049306626,1,0.674418604651163,0.0814814814814815,0.325077399380805,1,1,0.101823708206687,0.326186830015314,0.33489827856025,1,1,0.313546423135464,0.0234009360374415,0.0015552099533437,1,1,0.351598173515982,0.9984375,1,0.312307692307692,1,1,0.322530864197531,1,1,1,1,0.333333333333333,0.317220543806647,0.335473515248796,1,1,0.662595419847328,0.322530864197531,1,0.328808446455505,0.309859154929577,1,1,0.998484848484849,1,1,0.3296875,1,1,0.101105845181675,0.341463414634146,0.497667185069984,0.3198127925117,0.664050235478807,0.329754601226994,1,0.321372854914197,0.3421875,0.256060606060606,0.329770992366412,1,0.329866270430906,1,1,1,0.315301391035549,0.327245053272451,0.998473282442748,0.920634920634921,0.0688575899843505,1,0.31937984496124,0.326018808777429,0.311811023622047,1,0.337404580152672,0.464788732394366,0.329754601226994,0.317262830482115,0.328125,0.316692667706708,1,0.326594090202177,1,1,0,1,0.335949764521193,1,1,1,0.3359375,1,0.319554848966614,1,0.836166924265842,1,1,1,0.326687116564417,1,1,0.310769230769231,0.321928460342146,1,1,0.319875776397516,0.190839694656489,1,0.998459167950693,1,0,0.321875,1,0.32262996941896,0.241057542768274,1,0.671274961597542,0.438066465256798,1,1,0.670571010248902,0.6953125,0.357585139318885,1,0.325688073394495,1,1,0.338582677165354,1,0.998442367601246,0.00615384615384615,0.334375,1,1,0.327044025157233,1,1,0.306729264475743,0.33641975308642,1,1,1,0.534668721109399,0.310185185185185,0.35303265940902,0.324773413897281,0.335913312693498,0.677469135802469,0.328290468986384,0.340062111801242,0.323619631901841,0.247278382581649,0.322222222222222,1,0.333832335329341,0.998439937597504,0.322085889570552,0.0858433734939759,0.0552995391705069,1,1,0.04,1,0.679817905918058,0.0462249614791988,0.00941915227629513,1,0.675925925925926,1,1,0.549606299212598,1,0,0.0766773162939297,1,1,1,0.328660436137072,0.641063515509601,0.6832,0.992389649923896,1,0.987654320987654,0.310769230769231,0.335925349922239,1,0.30379746835443,1,0.376947040498442,0.105511811023622,0.319508448540707,0.327300150829563,0.333884297520661,1,0.078907435508346,1,1,1,0.255351681957187,0.328682170542636,1,0.323763955342903,1,1,0.316109422492401,1,0.327354260089686,1,0.309486780715397,0.33125,1,0.668238993710692,0.323353293413174,1,0.316037735849057,0.768875192604006,0.326656394453005,0.162406015037594,0.326836581709145,0.770670826833073,0.313479623824451,1,0.331259720062208,0.34715821812596,0.301223241590214,1,1,1,0.970873786407767,0.336507936507937,1,0.32484076433121,1,0.321951219512195,0.324116743471582,1,1,1,0.921658986175115,1,0.31859756097561,0.32312404287902,1,1,0.0516431924882629,0.0803149606299213,1,1,0.316614420062696,1,1,0.319938176197836,1,1,0.667177914110429,0.532824427480916,1,0,1,1,0.0978915662650602,0.338485316846986,1,0.331269349845201,0.998435054773083,0.960505529225908,0.998452012383901,0.822085889570552,1,0.332268370607029,1,1,1,0,0.317307692307692,1,1,0.665634674922601,1,0.323170731707317,0.369631901840491,0.335394126738794,1,1,1,0.0922844175491679,0.328025477707006,0.0897435897435897,0.998444790046656,0.319213313161876,0.313846153846154,0.358895705521472,0,1,0.954128440366973,1,1,0.333333333333333,0.310975609756098,0.164596273291925,0.0421875,0.3203125,0.315541601255887,0.332317073170732,0.00157977883096367,0.317411402157165,1,0,0.32370820668693,1,1,1,0.320668693009119,0.326836581709145,0.0396825396825397,1,0.320373250388802,0.316436251920123,1,1,0.328682170542636,0.689710610932476,1,1,0.690993788819876,1,0.326747720364742,1,0.322834645669291,0.530674846625767,0.663663663663664,0.409022556390977,1,0.306306306306306,0.319148936170213,0.666158536585366,0.661094224924012,1,0.327743902439024,1,0.326836581709145,1,0.320552147239264,0.322981366459627,0.359327217125382,0.521739130434783,0.322429906542056,0.312893081761006,0.657276995305164,0.318112633181126,0.151368760064412,1,0,1,0.304552590266876,1,0,0.326687116564417,0.322274881516588,1,0.0597907324364723,1,0.0890625,0.344186046511628,1,0.073394495412844,0.659442724458204,1,1,1,0.319870759289176,0.0404191616766467,1,0.444094488188976,0.0956112852664577,0.361832061068702,0.327160493827161,0.326283987915408,1,1,1,1,1,0.0716417910447761,0.995447647951442,0.677321156773212,0.0029585798816568,0.324116743471582,1,1,1,1,0.0874233128834356,0.320552147239264,1,1,1,1,1,1,0.482442748091603,0.00156494522691706,1,0.0869565217391304,0.323619631901841,0.436532507739938,1,0.398104265402844,0.311897106109325,0.320061255742726,1,0.0432098765432099,0.329249617151608,1,1,0.3801261829653,0.314984709480122,0.316923076923077,0.328025477707006,0.998493975903614,0.334913112164297,0.318952234206472,0.419656786271451,0.323529411764706,0.974085365853659,0.319634703196347,0.0863422291993721,0.333848531684699,0,1,0.096875,0.320987654320988,0.324074074074074,0.328703703703704,1,1,1,1,1,1,0.340222575516693,1,0.317262830482115,0.320846905537459,0.605105105105105,0.669826224328594,1,1,0,0.330804248861912,0.115919629057187,0.998480243161094,0.0384615384615385,1,1,0.316614420062696,1,1,0.634796238244514,0.417721518987342,0.995601173020528,0.0839936608557845,0.0975232198142415,1,1,1,0.0868217054263566,0,0.316590563165906,0.431888544891641,0.324734446130501,0,0.330745341614907,0.0880503144654088,1,1,0.332321699544765,0.326120556414219,0.238167938931298,0.338582677165354,0.315548780487805,0.324283559577677,1,1,0.331761006289308,1,0,1,0.220657276995305,1,0.668693009118541,1,0.316846986089645,0.312,0.0757575757575758,0.665653495440729,1,1,0.778294573643411,0.898713826366559,0.328125,0.322834645669291,1,0.322429906542056,0.253894080996885,0.331230283911672,1,0.105182926829268,1,1,0.324074074074074,0.677115987460815,0.316118935837246,1,1,0.313664596273292,0.315950920245399,0.333333333333333,0.868131868131868,0.319685039370079,1,0.0595419847328244,1,1,0.689814814814815,0.642414860681115,0.328571428571429,0.0590979782270607,0.328682170542636,1,1,0.314553990610329,0.332302936630603,0.617960426179604,1,0.312594840667678,0.385448916408669,0.315950920245399,0.986111111111111,0.477987421383648,0.00307219662058372,0.311077389984825,0.327868852459016,0.334384858044164,0.319422150882825,0.324773413897281,0.966717095310136,1,0.323664122137405,0.550724637681159,0.678683385579937,0.233846153846154,0.676375404530744,1,0.326687116564417,0.00310077519379845,0.324116743471582,0.322239031770045,0.378995433789954,0.326498422712934,0,0.34789391575663,0.32018927444795,0.332810047095761,0.323029366306028
"161",0.282988871224165,0.310077519379845,0.30381679389313,0.320251177394035,0.303317535545024,0.302652106084243,0.0125588697017268,0.3171875,0.308166409861325,0.579365079365079,0.316590563165906,0.64451313755796,0.50788643533123,0.315625,1,1,0.629969418960245,0,0.31974921630094,0.297507788161994,1,1,0.315384615384615,0.528682170542636,0.305263157894737,1,1,0.328050713153724,0.300911854103343,0.513219284603421,1,0.574766355140187,0.355623100303951,0.996879875195008,0.679566563467492,0.304347826086957,0.139784946236559,0.313271604938272,1,0.306870229007634,0.00156494522691706,0,0,0.324031007751938,0.313291139240506,1,0.995319812792512,1,1,1,0.687878787878788,0.320872274143302,1,0.315384615384615,0.306625577812018,0.8125,0.124409448818898,0.309968847352025,0.312111801242236,0.313178294573643,0.990740740740741,1,1,0.00462249614791988,0.312796208530806,0.311248073959938,0.662037037037037,0.319875776397516,0.62407132243685,1,0.316998468606432,1,1,0.277777777777778,0.165378670788253,0.311940298507463,1,0.995384615384615,0.315467075038285,1,0.615015974440895,1,1,0.319634703196347,1,0.315007429420505,0.31441717791411,0.319083969465649,0.310452418096724,0,0.3203125,0.321321321321321,0.693972179289026,0.592085235920852,0.302652106084243,0.649700598802395,0.688854489164087,0.305555555555556,0.125596184419714,0,0.30030959752322,0.627329192546584,1,0.311897106109325,1,0.307453416149068,0,0.321428571428571,1,1,1,0.307098765432099,0.996932515337423,0.317484662576687,0.207951070336391,0.303625377643505,1,0.384853168469861,1,1,0.208333333333333,0.311827956989247,1,1,0.323076923076923,1,0.311011904761905,0.304675716440422,0.376744186046512,0.769230769230769,0.320512820512821,1,0.318252730109204,0.644017725258493,0.325320512820513,1,0.00153139356814701,1,0.360374414976599,0.8912,0.5828125,0.608424336973479,0.311827956989247,0.313195548489666,1,0.302180685358255,1,0.29984544049459,0.490136570561457,0.316030534351145,1,0.301710730948678,0.3140625,0.314785373608903,0.318112633181126,1,0.295384615384615,1,0.440677966101695,0.314112291350531,1,0.3125,1,0.602465331278891,0.314873417721519,1,0.314641744548287,0.305810397553517,0.328173374613003,0.987823439878234,0.32093023255814,1,0.318181818181818,1,0.319488817891374,1,0.600308641975309,0.295558958652374,0.03486529318542,0.296124031007752,0.309597523219814,1,0.296754250386399,0.306625577812018,0.315467075038285,0.328173374613003,1,1,0.3168,0.314900153609831,1,1,0.316358024691358,0.248447204968944,0.0207100591715976,0.70015455950541,1,0.00155038759689922,0.306646525679758,1,0.317610062893082,0.303353658536585,0.317972350230415,0.996923076923077,1,1,0.323795180722892,0.316535433070866,0.3109375,0.691107644305772,0.29595015576324,1,0.340557275541796,1,1,0.44392523364486,0.3125,0.315950920245399,0.314329738058552,0.294298921417565,0.301391035548686,0.65015479876161,1,1,0.311450381679389,0.00462962962962963,0.319213313161876,0.30804248861912,0.320813771517997,0.30640243902439,0.290372670807453,0.306990881458967,0.706060606060606,0.376524390243902,0.298165137614679,1,0.315789473684211,1,0.301972685887709,0.300314465408805,0.303543913713405,0.314465408805031,0.3088,1,0.319571865443425,0.793650793650794,1,1,0.998439937597504,1,1,0.901898734177215,1,1,1,0.311746987951807,1,0.310126582278481,0,1,0.390532544378698,1,0.316118935837246,0.317757009345794,0.309230769230769,0.42457231726283,1,0.315068493150685,1,1,1,1,0,0.303875968992248,1,1,0.308777429467085,1,0.317073170731707,1,1,0.304278922345483,0.316279069767442,0.295489891135303,0.155864197530864,0.317111459968603,0,0.599393019726859,1,0.311926605504587,0.317829457364341,0.590769230769231,1,1,0.310618066561014,0.328100470957614,1,0.666153846153846,0.709320695102686,0.300157977883096,0.309791332263242,0.993920972644377,0.317829457364341,0.301943198804185,1,0.307219662058372,0.306153846153846,1,0.302469135802469,0.315625,0.30781010719755,0.307098765432099,1,1,1,0.306376360808709,0.321711568938193,0.00911854103343465,0.993720565149137,0.314465408805031,1,1,0.305263157894737,0.316666666666667,0.299093655589124,0.316923076923077,0.311349693251534,1,0.303937007874016,0.302795031055901,0.573015873015873,1,0.835658914728682,1,0,1,0.318796992481203,1,1,0.425531914893617,1,0.313385826771654,1,0.301075268817204,0.297213622291022,0.299694189602446,1,1,0.309341500765697,0.392914653784219,0.618380062305296,0.3046875,1,1,1,0.315873015873016,1,0.21483771251932,1,1,1,1,0.3125,1,0.312599681020734,0.321981424148607,0.685758513931889,0.301092043681747,1,0.321699544764795,0.316187594553706,0.30622009569378,1,0.302611367127496,1,0.319758672699849,0.472307692307692,0.308166409861325,0.317411402157165,0.302752293577982,1,0.315789473684211,0.297169811320755,1,1,0.31651376146789,0.304482225656878,1,0.48780487804878,0.3088,0.322137404580153,0.319508448540707,0.688073394495413,1,0.286846275752773,1,0.429467084639498,0.30030959752322,0,0.873873873873874,0.30503144654088,0.314728682170543,0,0.0328638497652582,0.982839313572543,0.309341500765697,1,0.307086614173228,0.306122448979592,1,0.316109422492401,0.3140625,0.679012345679012,1,0.312111801242236,0.315789473684211,1,0.310872894333844,0.304416403785489,1,0.347758887171561,0.314465408805031,0.309815950920245,0.325545171339564,0.797564687975647,1,0.981308411214953,1,1,0.00156985871271586,1,0.993920972644377,1,0.433697347893916,0.998430141287284,0.301075268817204,0.995475113122172,0.3265625,0.996913580246914,0.613193403298351,0.627272727272727,0.318731117824773,0.305810397553517,0.648690292758089,0.315625,0,0.637904468412943,0.687106918238994,0.315629742033384,0.00155763239875389,0.31104199066874,0.300604229607251,0.76813880126183,0.318112633181126,0.686244204018547,0.600946372239748,0.309341500765697,0.311349693251534,0.291021671826625,1,0.0297619047619048,0,0.312121212121212,0.319571865443425,0.325190839694657,1,0.35548686244204,0.311926605504587,1,0.30441400304414,0.937694704049844,0.581102362204724,1,1,0.99341021416804,0.311077389984825,0.620426829268293,0.309309309309309,0.307814992025518,0.305772230889236,0.430321592649311,1,0.308777429467085,1,0.317610062893082,0.306729264475743,1,0.306349206349206,1,0.309486780715397,1,1,0.314503816793893,0,1,0.322480620155039,1,0.56055900621118,1,0.519817073170732,1,0.548686244204019,1,0.310289389067524,1,1,1,0.305471124620061,0.321259842519685,0.315151515151515,0.347687400318979,0.339171974522293,0.303738317757009,1,0.313455657492355,1,1,0.322137404580153,0.312599681020734,0.312121212121212,0.384259259259259,0.317147192716237,1,1,0.312121212121212,0.314873417721519,0.634796238244514,0.594383775351014,0.310185185185185,0.310832025117739,1,0.303543913713405,0.316666666666667,0.99375,0.305863708399366,0.303405572755418,0,0.142424242424242,0.312989045383412,0.688330871491876,0.304482225656878,0.315467075038285,0.610429447852761,0.996889580093313,0.302839116719243,1,0.315384615384615,0.34012539184953,0.313935681470138,0.464339908952959,0.305295950155763,1,0.311349693251534,0.313971742543171,0.325434439178515,0.690548780487805,1,0.326923076923077,0.312597200622084,0,0.320121951219512,1,0.954819277108434,1,0.307692307692308,0.310664605873261,0.312111801242236,0.5948406676783,1,0.597791798107255,0.330203442879499,1,1,0.965098634294385,0.683153013910355,0.325545171339564,0.351393188854489,0.321646341463415,0.310502283105023,1,1,0.517884914463453,0.640986132511556,1,1,1,0.699530516431925,1,0.316341829085457,0.680685358255452,1,0.317901234567901,0.306625577812018,0.309119010819165,0.998475609756098,1,0.657051282051282,0.317484662576687,1,1,0.314329738058552,0.308166409861325,1,0,0.308426073131955,0.30379746835443,0.00626959247648903,0.304545454545455,1,0.306349206349206,1,0.152073732718894,0,0.909638554216867,0.321100917431193,1,1,0,0.00153374233128834,0.316998468606432,1,0.29746835443038,0.998509687034277,0.304416403785489,1,0.998420221169036,0.964777947932619,0.781055900621118,1,1,0.00470219435736677,1,0.529133858267717,0.317610062893082,0.677272727272727,0.318112633181126,1,0.302469135802469,0.684698608964451,1,1,0.309033280507132,0.622781065088757,0.323619631901841,0.594976452119309,0.971786833855799,0.322429906542056,0.619482496194825,0.0125,0.301857585139319,0.317683881064163,0.315068493150685,1,0.639817629179331,0.300763358778626,0.886645962732919,0.587774294670846,0.962406015037594,1,1,0.308396946564885,0.3296,0.308777429467085,0.311450381679389,0.309923664122137,0.630075187969925,0.301829268292683,0,0.683109118086697,0.998466257668712,0.319938176197836,0.298904538341158,0.308777429467085,0.316030534351145,0.61171032357473,1,0.328787878787879,0.322932917316693,0.325320512820513,0.312693498452012,0.309597523219814,0.301710730948678,0.202160493827161,0.683042789223455,0.313971742543171,0.610852713178295,1,0.246489859594384,0.310077519379845,0.924646781789639,1,1,0.30757341576507,0.645061728395062,1,0.301369863013699,0.300153139356815,0.95447409733124,1,1,0.996810207336523,0.316590563165906,1,1,0.902973395931142,1,0.343032159264931,1,0.597464342313788,1,0.680365296803653,0.310344827586207,0.603744149765991,1,1,0.993690851735016,0.321646341463415,0.315467075038285,0.314194577352472,0.317972350230415,0.311004784688995,0.316692667706708,0.984447900466563,0.302325581395349,1,1,0.725731895223421,0,0.312121212121212,0.3125,0.685015290519878,1,0.579598145285935,0.317220543806647,0.651771956856703,0.306376360808709,0.32120253164557,1,0.30625,0.309951060358891,0.688291139240506,0.912,0.318518518518519,0.616113744075829,0.585403726708075,0.317411402157165,0.322981366459627,0.288372093023256,0.604068857589984,0.692073170731707,1,0.892141756548536,1,0.678461538461538,0.998427672955975,0.603149606299213,0.309230769230769,0.323296354992076,1,1,0.436923076923077,0.993817619783617,0.996969696969697,1,0.301857585139319,0.320061255742726,1,0.308734939759036,0.684698608964451,0.326530612244898,0.463836477987421,0.300157977883096,0,0.310975609756098,1,1,0.603975535168196,0.00153139356814701,0.313846153846154,0.324116743471582,0.102040816326531,0.41025641025641,1,1,0.311248073959938,1,0.427899686520376,1,0.323308270676692,0.597560975609756,0.32258064516129,0.312307692307692,1,0,1,0.301261829652997,0.309262166405024,1,1,1,0.440124416796268,1,0.308661417322835,0.624233128834356,0.326086956521739,0.325842696629214,0.00150602409638554,0.0446841294298921,1,0.625,1,0.320373250388802,0.3232,1,1,0.173716012084592,0.301391035548686,1,0.906584992343032,1,0.31859756097561,0.210361067503925,0.673780487804878,1,1,1,1,1,0.281626506024096,0.291731669266771,1,0.1264,0.00157977883096367,0.449074074074074,0,0.316614420062696,1,0.683153013910355,1,1,0.889908256880734,1,0.681957186544342,1,1,1,1
"162",1,1,1,1,1,1,0.697347893915757,1,1,0.101088646967341,1,0.048411497730711,0.814132104454685,1,0.315541601255887,0.311349693251534,0.0653495440729483,0.685393258426966,1,1,0.297709923664122,0.309968847352025,1,0.161585365853659,1,0.323664122137405,0.321259842519685,1,1,0.775700934579439,0.317700453857791,0.723880597014925,0.963414634146341,0.314900153609831,0,1,0.546707503828484,1,0.295252225519288,1,0.665639445300462,0.674772036474164,0.685800604229607,1,1,0.326594090202177,0.317484662576687,0.304932735426009,0.330275229357798,0.32781954887218,0,1,0.319213313161876,1,1,0.477519379844961,0.559748427672956,1,1,1,0.334848484848485,0.31306990881459,0.319083969465649,0.6796875,1,1,0.0340557275541796,1,0.0579494799405646,0.325227963525836,1,0.31441717791411,0.333333333333333,0.966824644549763,0.522658610271903,1,0.313253012048193,0.342814371257485,1,0.316118935837246,0.0920634920634921,0.331278890600925,0.331775700934579,1,0.33843797856049,1,1,1,1,0.686363636363636,1,1,0,0.1089258698941,1,0.0478325859491779,0,1,0.567651632970451,0.673405909797823,1,0.055379746835443,0.31733746130031,1,0.316692667706708,1,0.685975609756098,1,0.320061255742726,0.321592649310873,0.327769347496206,1,0.321752265861027,1,0.495481927710843,1,0.31651376146789,0.307807807807808,0.323922734026746,0.320552147239264,0.490166414523449,0.998473282442748,0.323262839879154,0.318471337579618,1,0.312977099236641,1,1,0.334869431643625,0.552592592592593,1,0.314241486068111,1,0.042962962962963,1,0.321266968325792,0.67420814479638,0.324159021406728,0.929663608562691,0.433489827856025,0.107033639143731,0.107033639143731,1,1,0.332819722650231,1,0.318991097922849,1,0.798179059180577,1,0.326053042121685,1,1,1,1,0.333843797856049,1,0.331761006289308,0.264437689969605,1,0.3125,1,0.303215926493109,0.0928792569659443,1,0.3198127925117,1,1,1,0.33843797856049,1,0.326186830015314,1,0.305810397553517,1,0.32,0.0787878787878788,1,0.631410256410256,1,1,0.31859756097561,1,1,1,1,0.320493066255778,0.313725490196078,1,0.998470948012232,0.319018404907975,0.310664605873261,1,0.457142857142857,0.665198237885463,0,0.319571865443425,0.665634674922601,1,0.324850299401198,1,0.998489425981873,1,0.317411402157165,0.32370820668693,0.328593996840442,1,1,1,0,1,0.306853582554517,0.972602739726027,0.32258064516129,0.307453416149068,0.766768292682927,1,1,1,1,1,0.0474006116207951,0.321044546850998,0.32375189107413,1,0.675799086757991,1,1,0.998477929984779,0.998475609756098,1,1,0.00304878048780488,0.326347305389222,1,0.309119010819165,1,0.300462249614792,1,1,1,1,1,0.323529411764706,1,0.49613601236476,0.327245053272451,0.327769347496206,0.311349693251534,0.318885448916409,0.330275229357798,0.422018348623853,0.334869431643625,0.323262839879154,0.316666666666667,1,0.319634703196347,1,0.682422451994092,0.322530864197531,0.31784107946027,0.335413416536661,1,1,1,0.265116279069767,0.311728395061728,1,0.32398753894081,0.331858407079646,0.318731117824773,0.324242424242424,0.680916030534351,1,0.320474777448071,0.317411402157165,1,0.302362204724409,1,0.314456035767511,0.317411402157165,1,1,1,0.556240369799692,1,0.689708141321045,0.0879284649776453,0.324200913242009,1,1,0.102874432677761,0.324773413897281,0.32398753894081,1,1,0.315629742033384,0.0228658536585366,0.00313971742543171,1,1,0.329341317365269,0.998470948012232,1,0.313253012048193,1,1,0.319571865443425,1,1,1,1,0.316436251920123,0.315868263473054,0.330733229329173,1,1,0.668683812405446,0.313455657492355,1,0.315007429420505,0.300925925925926,1,1,0.998461538461539,1,1,0.327692307692308,1,1,0.11216429699842,0.333333333333333,0.486153846153846,0.308411214953271,0.671317829457364,0.316770186335404,1,0.316436251920123,0.333333333333333,0.264661654135338,0.32089552238806,1,0.328869047619048,1,1,1,0.309707241910632,0.322239031770045,0.998477929984779,0.920760697305864,0.0657276995305164,1,0.318529862174579,0.323029366306028,0.31055900621118,1,0.331825037707391,0.478527607361963,0.322727272727273,0.312977099236641,0.315541601255887,0.308282208588957,1,0.330769230769231,1,1,0,1,0.318042813455657,1,1,1,0.330769230769231,1,0.308777429467085,1,0.830508474576271,1,1,1,0.323076923076923,1,1,0.313935681470138,0.316846986089645,1,1,0.314503816793893,0.19311377245509,1,0.998500749625187,1,0,0.317262830482115,1,0.307926829268293,0.255054432348367,1,0.67218045112782,0.427719821162444,1,1,0.670623145400593,0.697063369397218,0.346094946401225,1,0.326687116564417,1,1,0.335889570552147,1,0.998463901689708,0.00763358778625954,0.329249617151608,1,1,0.324574961360124,1,1,0.31055900621118,0.34597875569044,1,1,1,0.525267993874426,0.312121212121212,0.349529780564263,0.317109144542773,0.338931297709924,0.691107644305772,0.324773413897281,0.321100917431193,0.321375186846039,0.250759878419453,0.315047021943574,1,0.326347305389222,0.998468606431853,0.322727272727273,0.0892857142857143,0.0514372163388805,1,1,0.0427480916030534,1,0.683257918552036,0.042042042042042,0.0124223602484472,1,0.67427701674277,1,1,0.558823529411765,1,0,0.0776545166402536,1,1,1,0.328125,0.644314868804665,0.685126582278481,0.992435703479576,1,0.983231707317073,0.297090352220521,0.346036585365854,1,0.310185185185185,1,0.367781155015198,0.111111111111111,0.306646525679758,0.325373134328358,0.33605220228385,1,0.0801815431164902,1,1,1,0.26395173453997,0.32348367029549,1,0.326086956521739,1,1,0.306525037936267,1,0.3240058910162,1,0.309341500765697,0.324615384615385,1,0.675384615384615,0.318991097922849,1,0.31733746130031,0.751902587519026,0.31784107946027,0.162079510703364,0.320644216691069,0.761609907120743,0.302936630602782,1,0.327718223583461,0.340361445783133,0.295625942684766,1,1,1,0.96875,0.3424,1,0.326018808777429,1,0.321766561514196,0.323353293413174,1,1,1,0.911719939117199,1,0.309667673716012,0.324773413897281,1,1,0.0485133020344288,0.0821705426356589,1,1,0.31201248049922,1,1,0.318885448916409,1,1,0.67624810892587,0.54337899543379,1,0,1,1,0.104545454545455,0.326625386996904,1,0.326186830015314,0.998473282442748,0.967492260061919,0.998461538461539,0.817091454272864,1,0.336448598130841,1,1,1,0,0.311290322580645,1,1,0.665130568356375,1,0.314674735249622,0.36085626911315,0.321592649310873,1,1,1,0.0965309200603318,0.32258064516129,0.0909090909090909,0.998461538461539,0.313432835820896,0.309923664122137,0.34789156626506,0,1,0.957317073170732,1,1,0.328682170542636,0.308035714285714,0.15919629057187,0.0415384615384615,0.329268292682927,0.306870229007634,0.327743902439024,0,0.314984709480122,1,0,0.322775263951735,1,1,1,0.317147192716237,0.328849028400598,0.0363349131121643,1,0.315151515151515,0.304084720121029,1,1,0.316923076923077,0.683385579937304,1,1,0.688172043010753,1,0.308734939759036,1,0.315301391035549,0.535338345864662,0.663173652694611,0.412721893491124,1,0.304477611940298,0.318181818181818,0.678461538461538,0.665676077265973,1,0.327272727272727,1,0.327407407407407,1,0.313455657492355,0.31733746130031,0.356143079315708,0.529500756429652,0.322981366459627,0.313971742543171,0.660091047040971,0.321699544764795,0.148499210110585,1,0,1,0.30030959752322,1,0,0.326656394453005,0.314152410575428,1,0.0592592592592593,1,0.0962732919254658,0.337461300309598,1,0.0668693009118541,0.670788253477589,1,1,1,0.310618066561014,0.0415430267062315,1,0.423312883435583,0.0984375,0.349924585218703,0.327327327327327,0.328290468986384,1,1,1,1,1,0.0675675675675676,0.99702380952381,0.681749622926094,0.00294985250737463,0.322289156626506,1,1,1,1,0.0900763358778626,0.313725490196078,1,1,1,1,1,1,0.494752623688156,0,1,0.0871559633027523,0.322033898305085,0.446130500758725,1,0.4015625,0.314785373608903,0.310136157337368,1,0.0426179604261796,0.321699544764795,1,1,0.370942812982998,0.311649016641452,0.315151515151515,0.322274881516588,0.998482549317147,0.331775700934579,0.316265060240964,0.425,0.319938176197836,0.974320241691843,0.311669128508124,0.0868878357030016,0.326656394453005,0,1,0.0897832817337461,0.311827956989247,0.320493066255778,0.314900153609831,1,1,1,1,1,1,0.334905660377358,1,0.321100917431193,0.314516129032258,0.600917431192661,0.680061823802164,1,1,0,0.31981981981982,0.121951219512195,0.998502994011976,0.0357142857142857,1,1,0.313935681470138,1,1,0.631172839506173,0.418940609951846,0.995607613469985,0.084375,0.104938271604938,1,1,1,0.0904907975460123,0,0.318112633181126,0.412942989214176,0.326378539493294,0,0.324031007751938,0.0865533230293663,1,1,0.322188449848024,0.315233785822021,0.24773413897281,0.331230283911672,0.316890881913303,0.318461538461538,1,1,0.327639751552795,1,0,1,0.230529595015576,1,0.671253822629969,1,0.316109422492401,0.309486780715397,0.0795795795795796,0.680722891566265,1,1,0.788253477588872,0.90521327014218,0.315950920245399,0.317901234567901,1,0.318042813455657,0.26,0.321928460342146,1,0.107033639143731,1,1,0.321156773211568,0.679365079365079,0.312597200622084,1,1,0.315548780487805,0.303353658536585,0.313056379821958,0.858695652173913,0.316998468606432,1,0.0578386605783866,1,1,0.693846153846154,0.656923076923077,0.32018927444795,0.0548780487804878,0.330246913580247,1,1,0.312883435582822,0.327718223583461,0.624810892586989,1,0.314674735249622,0.380451127819549,0.307458143074581,0.986486486486487,0.486697965571205,0.00305810397553517,0.303076923076923,0.326440177252585,0.328197226502311,0.312989045383412,0.322916666666667,0.974588938714499,1,0.317484662576687,0.541996830427892,0.686335403726708,0.241221374045802,0.673501577287066,1,0.324159021406728,0.00155038759689922,0.338391502276176,0.316666666666667,0.375572519083969,0.321044546850998,0,0.337423312883436,0.324492979719189,0.326120556414219,0.31619937694704
"163",0.284109149277689,0.297637795275591,0.294117647058824,0.306349206349206,0.297939778129952,0.296703296703297,0.00964630225080386,0.304278922345483,0.297939778129952,0.584142394822006,0.304615384615385,0.654743390357698,0.503115264797508,0.311424100156495,1,1,0.642414860681115,0,0.30625,0.284126984126984,1,1,0.302507836990596,0.538095238095238,0.296636085626911,1,1,0.317666126418152,0.299694189602446,0.516483516483517,1,0.569640062597809,0.350387596899225,0.995341614906832,0.677621283255086,0.300163132137031,0.147515527950311,0.3,1,0.290322580645161,0.00313479623824451,0,0,0.307324840764331,0.289644012944984,1,0.993710691823899,1,1,1,0.704510108864697,0.304838709677419,1,0.301710730948678,0.295489891135303,0.807692307692308,0.129186602870813,0.300787401574803,0.299065420560748,0.302362204724409,0.990839694656489,1,1,0.00627943485086342,0.298555377207063,0.298761609907121,0.669826224328594,0.315132605304212,0.625954198473282,1,0.300155520995334,1,1,0.260450160771704,0.169278996865204,0.296803652968037,1,0.993874425727412,0.298273155416013,1,0.617977528089888,1,1,0.303599374021909,1,0.307926829268293,0.29984544049459,0.313755795981453,0.304552590266876,0,0.305993690851735,0.309559939301973,0.702325581395349,0.599688473520249,0.292993630573248,0.654377880184332,0.701700154559505,0.289230769230769,0.129032258064516,0,0.293375394321767,0.638801261829653,1,0.293159609120521,1,0.306962025316456,0,0.303656597774245,1,1,1,0.285266457680251,0.995283018867924,0.306976744186047,0.221879815100154,0.291350531107739,1,0.392125984251968,1,1,0.217322834645669,0.288643533123028,1,1,0.31055900621118,1,0.307692307692308,0.293577981651376,0.390894819466248,0.766871165644172,0.3056,1,0.310126582278481,0.648854961832061,0.309178743961353,1,0.00154320987654321,1,0.351910828025478,0.888349514563107,0.593059936908517,0.609448818897638,0.299212598425197,0.304975922953451,1,0.29393468118196,1,0.2875,0.480559875583204,0.300911854103343,1,0.291139240506329,0.292721518987342,0.311216429699842,0.304416403785489,1,0.292379471228616,1,0.443410852713178,0.312210200927357,1,0.303215926493109,1,0.607535321821036,0.307448494453249,1,0.299363057324841,0.295839753466872,0.309262166405024,0.987519500780031,0.305379746835443,1,0.308411214953271,1,0.298869143780291,1,0.606531881804043,0.290571870170015,0.0354838709677419,0.28006329113924,0.292913385826772,1,0.286158631415241,0.299689440993789,0.308892355694228,0.317610062893082,1,1,0.303656597774245,0.309968847352025,1,1,0.308641975308642,0.2546875,0.0209580838323353,0.705974842767296,1,0.0031201248049922,0.302147239263804,1,0.297124600638978,0.291021671826625,0.302034428794992,0.996899224806202,1,1,0.31441717791411,0.296416938110749,0.306990881458967,0.707472178060413,0.29264475743349,1,0.320987654320988,1,1,0.438291139240506,0.301412872841444,0.30757341576507,0.305426356589147,0.27742946708464,0.298107255520505,0.655660377358491,1,1,0.290123456790123,0.00458015267175573,0.309923664122137,0.300455235204856,0.302694136291601,0.295384615384615,0.281200631911532,0.295902883156297,0.710280373831776,0.382581648522551,0.287735849056604,1,0.309904153354633,1,0.296636085626911,0.286846275752773,0.297637795275591,0.3056,0.289644012944984,1,0.308892355694228,0.779714738510301,1,1,0.996810207336523,1,1,0.894230769230769,1,1,1,0.300153139356815,1,0.307941653160454,0,1,0.401515151515151,1,0.3,0.304278922345483,0.305555555555556,0.432216905901116,1,0.309486780715397,1,1,1,1,0,0.297169811320755,1,1,0.30173775671406,1,0.306501547987616,1,1,0.294770206022187,0.310897435897436,0.281004709576138,0.16031746031746,0.308681672025723,0,0.60708782742681,1,0.299079754601227,0.295055821371611,0.593220338983051,1,1,0.305466237942122,0.313291139240506,1,0.678740157480315,0.70846394984326,0.288676236044657,0.304777594728171,0.993893129770992,0.304212168486739,0.280916030534351,1,0.306122448979592,0.285271317829457,1,0.288431061806656,0.306603773584906,0.296923076923077,0.302652106084243,1,1,1,0.299524564183835,0.316037735849057,0.00623052959501558,0.992012779552716,0.309033280507132,1,1,0.293759512937595,0.311077389984825,0.297971918876755,0.304416403785489,0.294209702660407,1,0.287758346581876,0.29559748427673,0.584935897435897,1,0.836990595611285,1,0,1,0.30640243902439,1,1,0.429457364341085,0.998452012383901,0.299363057324841,1,0.295886075949367,0.287949921752739,0.291858678955453,1,1,0.301242236024845,0.37987012987013,0.62888198757764,0.28548644338118,1,1,1,0.298245614035088,1,0.220496894409938,1,1,1,1,0.309815950920245,1,0.298531810766721,0.314641744548287,0.69922480620155,0.285261489698891,1,0.306729264475743,0.297839506172839,0.300970873786408,1,0.294930875576037,1,0.31039755351682,0.463949843260188,0.308411214953271,0.303514376996805,0.29264475743349,1,0.3024,0.29264475743349,1,1,0.300462249614792,0.295665634674923,1,0.496960486322188,0.297939778129952,0.307332293291732,0.309341500765697,0.703245749613601,1,0.278846153846154,1,0.434850863422292,0.295418641390205,0,0.866261398176292,0.296,0.307692307692308,0,0.031201248049922,0.982785602503912,0.295489891135303,1,0.290679304897314,0.300319488817891,1,0.303125,0.299843014128728,0.68895800933126,1,0.303937007874016,0.303738317757009,1,0.297380585516179,0.285024154589372,1,0.358255451713396,0.293650793650794,0.300925925925926,0.314465408805031,0.782071097372488,1,0.979527559055118,1,1,0.00158227848101266,1,0.992260061919505,1,0.451968503937008,0.996820349761526,0.293394777265745,0.993993993993994,0.314375987361769,0.995348837209302,0.619119878603945,0.648522550544324,0.298003072196621,0.298003072196621,0.658950617283951,0.302439024390244,0,0.649149922720247,0.702702702702703,0.302469135802469,0.00156739811912226,0.29874213836478,0.294392523364486,0.770967741935484,0.307692307692308,0.695046439628483,0.610223642172524,0.304212168486739,0.30521472392638,0.278740157480315,1,0.0312035661218425,0,0.297674418604651,0.30757341576507,0.311248073959938,1,0.353218210361067,0.3015625,1,0.288135593220339,0.934375,0.59047619047619,1,1,0.991816693944354,0.300925925925926,0.619047619047619,0.3,0.298217179902755,0.299382716049383,0.436923076923077,1,0.295133437990581,1,0.303079416531605,0.290996784565916,1,0.298722044728434,1,0.307448494453249,1,1,0.299079754601227,0,1,0.307692307692308,1,0.540752351097179,1,0.518691588785047,1,0.543720190779014,1,0.296116504854369,1,1,1,0.291798107255521,0.305863708399366,0.307110438729198,0.330112721417069,0.355263157894737,0.295208655332303,1,0.307692307692308,1,1,0.3125,0.294952681388013,0.297971918876755,0.374213836477987,0.304615384615385,1,1,0.304552590266876,0.311501597444089,0.648177496038035,0.604430379746835,0.295774647887324,0.296703296703297,1,0.296754250386399,0.292792792792793,0.993650793650794,0.292604501607717,0.299382716049383,0,0.150306748466258,0.302507836990596,0.695652173913043,0.29570747217806,0.308282208588957,0.610429447852761,0.996840442338073,0.295238095238095,1,0.296703296703297,0.324921135646688,0.292452830188679,0.466872110939908,0.296062992125984,1,0.302362204724409,0.310509554140127,0.315705128205128,0.70015455950541,1,0.311605723370429,0.297045101088647,0,0.300462249614792,0.998439937597504,0.952681388012618,1,0.299065420560748,0.307931570762053,0.298245614035088,0.59480122324159,1,0.614035087719298,0.313099041533546,1,1,0.9629057187017,0.692429022082019,0.311320754716981,0.340590979782271,0.304347826086957,0.309451219512195,1,1,0.523809523809524,0.647058823529412,1,1,0.998459167950693,0.713607594936709,1,0.306060606060606,0.698289269051322,1,0.307210031347962,0.304482225656878,0.299050632911392,0.996946564885496,1,0.669902912621359,0.30568356374808,1,1,0.306477093206951,0.296703296703297,0.998439937597504,0,0.295055821371611,0.29047619047619,0.00631911532385466,0.299079754601227,1,0.292006525285481,1,0.161993769470405,0,0.901049475262369,0.304747320061256,1,1,0,0.00153609831029186,0.30503144654088,1,0.298387096774194,0.996908809891808,0.294488188976378,1,0.998415213946117,0.961722488038278,0.775888717156105,1,1,0.00470219435736677,1,0.531707317073171,0.312698412698413,0.692660550458716,0.308527131782946,1,0.29320987654321,0.696540880503145,1,1,0.297906602254428,0.629909365558912,0.311728395061728,0.594637223974763,0.971383147853736,0.318818040435459,0.619344773790952,0.0124223602484472,0.288372093023256,0.307453416149068,0.302611367127496,1,0.660964230171073,0.297546012269939,0.873015873015873,0.608557844690967,0.963525835866261,1,1,0.30568356374808,0.323624595469256,0.29570747217806,0.296703296703297,0.29922480620155,0.633633633633634,0.288819875776398,0,0.695195195195195,0.998449612403101,0.304897314375987,0.291139240506329,0.298555377207063,0.303215926493109,0.616588419405321,1,0.310344827586207,0.317535545023697,0.320388349514563,0.30188679245283,0.301242236024845,0.292527821939587,0.208841463414634,0.70440251572327,0.302694136291601,0.614088820826952,1,0.25,0.306122448979592,0.924764890282132,1,1,0.287480680061824,0.648606811145511,1,0.291666666666667,0.28343949044586,0.951026856240126,1,1,0.996742671009772,0.302611367127496,1,1,0.898573692551506,1,0.336405529953917,1,0.606687898089172,1,0.693721286370597,0.292063492063492,0.615987460815047,1,1,0.993610223642173,0.304347826086957,0.30564263322884,0.3104,0.303543913713405,0.30379746835443,0.303030303030303,0.985623003194888,0.306153846153846,1,1,0.71875,0,0.297045101088647,0.294392523364486,0.69359756097561,1,0.5814696485623,0.306646525679758,0.658227848101266,0.296875,0.296774193548387,1,0.296650717703349,0.301127214170692,0.6890625,0.905844155844156,0.305514157973174,0.615629984051037,0.591054313099042,0.298904538341158,0.308306709265176,0.286614173228346,0.612341772151899,0.702660406885759,1,0.8801261829653,1,0.691244239631336,0.9968,0.606635071090047,0.294670846394984,0.305331179321486,1,1,0.456386292834891,0.991935483870968,0.996923076923077,1,0.291925465838509,0.30564263322884,1,0.292719167904903,0.695924764890282,0.313880126182965,0.468847352024922,0.287539936102236,0,0.291731669266771,1,1,0.602184087363494,0.00155038759689922,0.309748427672956,0.308777429467085,0.1,0.403877221324717,1,1,0.300623052959502,1,0.429906542056075,1,0.311827956989247,0.603125,0.307086614173228,0.297169811320755,1,0,1,0.29635499207607,0.306962025316456,1,1,1,0.438184663536776,1,0.296529968454259,0.633385335413417,0.311708860759494,0.312599681020734,0.0015552099533437,0.0452418096723869,1,0.633228840125392,1,0.31104199066874,0.306055646481178,1,1,0.176744186046512,0.286821705426357,1,0.902439024390244,1,0.31104199066874,0.215748031496063,0.690076335877863,1,1,1,1,1,0.275650842266462,0.289514866979656,1,0.120578778135048,0.00159744408945687,0.446511627906977,0,0.308661417322835,1,0.692675159235669,1,1,0.888024883359253,1,0.696594427244582,1,1,1,1
"164",0.0892857142857143,0.0817610062893082,0.0796875,0.082258064516129,0.0805687203791469,0.0913385826771654,0.388178913738019,0.0869565217391304,0.0850393700787402,0.995090016366612,0.0851735015772871,0.965408805031447,0.104501607717042,0.0871632329635499,0.6032,0.608214849921011,0.982919254658385,0.401626016260163,0.0933977455716586,0.0880503144654088,0.6096,0.601626016260163,0.0894819466248038,0.931142410015649,0.097331240188383,0.582554517133956,0.588996763754045,0.0880913539967374,0.0995260663507109,0.140575079872204,0.606918238993711,0.188383045525903,0.0654205607476635,0.595541401273885,0.9248,0.0919540229885057,0.561708860759494,0.0870229007633588,0.613050075872534,0.088646967340591,0.425196850393701,0.408950617283951,0.407975460122699,0.0841423948220065,0.0910569105691057,0.580226904376013,0.593650793650794,0.605263157894737,0.589905362776025,0.57984496124031,0.915492957746479,0.0857605177993527,0.596273291925466,0.0825545171339564,0.0929133858267717,0.416666666666667,0.5264,0.0870253164556962,0.0941915227629513,0.0860719874804382,0.565687789799073,0.596546310832025,0.594202898550725,0.421303656597774,0.0935483870967742,0.0924499229583975,0.966666666666667,0.0833333333333333,0.986217457886677,0.590138674884438,0.0846394984326019,0.593457943925234,0.574638844301766,0.124409448818898,0.585253456221198,0.0890937019969278,0.602803738317757,0.56832298136646,0.0860719874804382,0.589371980676328,0.996699669966997,0.5888,0.591549295774648,0.0916149068322981,0.573667711598746,0.0847457627118644,0.0869565217391304,0.0904761904761905,0.0859872611464968,0.405660377358491,0.0839936608557845,0.0745814307458143,0.924148606811146,0.993720565149137,0.0786516853932584,0.966817496229261,0.916271721958926,0.0846394984326019,0.53484602917342,0.403785488958991,0.0851735015772871,0.980861244019139,0.6,0.0950819672131148,0.591572123176661,0.0796178343949045,0.403785488958991,0.0909090909090909,0.587301587301587,0.584518167456556,0.580847723704867,0.0926517571884984,0.583201267828843,0.0875796178343949,0.60410094637224,0.0880989180834621,0.588235294117647,0.79874213836478,0.58599695585997,0.592063492063492,0.608832807570978,0.0867507886435331,0.592592592592593,0.592651757188498,0.083596214511041,0.6078125,0.0842105263157895,0.086286594761171,0.776337115072934,0.549689440993789,0.0769230769230769,0.596184419713832,0.0806451612903226,0.964885496183206,0.0801282051282051,0.592476489028213,0.41838351822504,0.583201267828843,0.017515923566879,0.645320197044335,0.996805111821086,0.995283018867924,0.090625,0.0836065573770492,0.588516746411483,0.0846394984326019,0.591049382716049,0.0901898734177215,0.111627906976744,0.0955315870570108,0.594507269789984,0.0825396825396825,0.0935483870967742,0.087378640776699,0.0748407643312102,0.578947368421053,0.0942492012779553,0.586038961038961,0.8375,0.0877742946708464,0.602465331278891,0.0928792569659443,0.607535321821036,1,0.0766721044045677,0.6,0.0946372239747634,0.088646967340591,0.0925039872408294,0.580847723704867,0.0920634920634921,0.583601286173633,0.0841269841269841,0.590982286634461,0.0941558441558442,0.593548387096774,0.996825396825397,0.0805687203791469,0.459546925566343,0.0807754442649435,0.0929133858267717,0.598070739549839,0.0812101910828025,0.0825396825396825,0.0880503144654088,0.083596214511041,0.588607594936709,0.593457943925234,0.0943089430894309,0.0837282780410742,0.591549295774648,0.605177993527508,0.0862068965517241,0.653846153846154,0.428790199081164,0.90894819466248,0.589825119236884,0.426984126984127,0.0817901234567901,0.586687306501548,0.0875796178343949,0.0880503144654088,0.080824088748019,0.59717868338558,0.585780525502318,0.580906148867314,0.089644513137558,0.0878048780487805,0.0815047021943574,0.924679487179487,0.0944,0.603225806451613,0.0578125,0.590189873417722,0.593996840442338,0.345679012345679,0.0805152979066023,0.095679012345679,0.0769230769230769,0.0871632329635499,0.0836012861736334,0.9632,0.5952,0.590909090909091,0.0910518053375196,0.415123456790123,0.0892018779342723,0.0913173652694611,0.0901898734177215,0.0913385826771654,0.0874403815580286,0.087962962962963,0.919129082426128,0.790199081163859,0.0876369327073552,0.598387096774194,0.0816,0.599374021909233,0.0804416403785489,0.0856219709208401,0.0812101910828025,0.0848,0.0922330097087379,0.581210191082803,0.0855365474339036,0.396468699839486,0.579967689822294,0.582554517133956,0.593851132686084,0.582018927444795,0.572337042925278,0.66877971473851,0.573899371069182,0.5875,0.595015576323987,0.0907692307692308,0.584518167456556,0.0814332247557003,0.405864197530864,0.591414944356121,0.78494623655914,0.579710144927536,0.0878048780487805,0.0834670947030498,0.0878594249201278,0.825949367088608,0.607255520504732,0.0727554179566563,0.593301435406699,0.586314152410575,0.594339622641509,0.59253499222395,0.417061611374408,0.0810372771474878,0.591962905718702,0.594551282051282,0.0881889763779528,0.617263843648209,0.0911949685534591,0.592823712948518,0.610223642172524,0.0850722311396469,0.0882825040128411,0.0843949044585987,0.553968253968254,0.0868167202572347,0.39622641509434,1,0.583732057416268,0.0890625,0.087719298245614,0.996865203761755,0.592709984152139,0.58974358974359,0.0819672131147541,0.0927672955974843,0.5984375,0.944794952681388,0.918138041733547,0.0881410256410256,0.0863192182410423,0.581903276131045,0.0845070422535211,0.0913312693498452,0.606864274570983,0.0837282780410742,0.0893416927899686,0.598101265822785,0.0853080568720379,0.089171974522293,0.088785046728972,0.0867507886435331,0.584,0.606106870229008,0.591503267973856,0.0818897637795276,0.090032154340836,0.411580594679186,0.590625,0.0876623376623377,0.605919003115265,0.609400324149109,0.0856269113149847,0.0832025117739403,0.0864779874213836,0.0859872611464968,0.0821705426356589,0.575949367088608,0.0932475884244373,0.092948717948718,0.983870967741935,0.576190476190476,0.590764331210191,0.601286173633441,0.415335463258786,0.592823712948518,0.0775075987841945,0.596774193548387,0.580286168521463,0.833075734157651,0.592879256965944,0.0810810810810811,0.582181259600614,0.0901898734177215,0.084375,0.0897637795275591,0.597110754414125,0.600315955766193,0.0863422291993721,0.00970873786407767,0.976190476190476,0.0932475884244373,0.589171974522293,0.5968,0.601255886970173,0.076158940397351,0.581903276131045,0.619426751592357,0.584394904458599,0.599683544303797,0.594813614262561,0.602893890675241,0.0755007704160247,0.584,0.0772946859903382,0.0813397129186603,0.923076923076923,0.0882825040128411,0.591772151898734,0.0922098569157393,0.086890243902439,0.0877483443708609,0.584518167456556,0.0860215053763441,0.602870813397129,0.0907692307692308,0.0881889763779528,0.0946372239747634,0.0868167202572347,0.0851393188854489,0.588976377952756,0.0715447154471545,0.0850393700787402,0.592823712948518,0.599358974358974,0.088785046728972,0.0830670926517572,0.601246105919003,0.895148669796557,0.0919540229885057,0.0821484992101106,0.0864779874213836,0.91283676703645,0.601612903225806,0.0849673202614379,0.596153846153846,0.835725677830941,0.0851735015772871,0.412130637636081,0.469387755102041,0.0893141945773525,0.080952380952381,0.412213740458015,0.388364779874214,0.546178343949045,0.080824088748019,0.589905362776025,0.0943396226415094,0.0795454545454545,0.5829307568438,0.086687306501548,0.0888529886914378,0.927099841521395,0.582802547770701,0.0887480190174326,0.0830670926517572,0.593301435406699,0.0808709175738725,0.0881410256410256,0.59047619047619,0.755520504731861,0.087719298245614,0.0902021772939347,0.0814696485623003,0.375987361769352,0.602201257861635,0.609046849757674,0.592705167173252,0.590189873417722,0.401587301587302,0.575949367088608,0.578052550231839,0.594383775351014,0.835725677830941,0.592295345104334,0.0868217054263566,0.585780525502318,0.0857605177993527,0.588697017268446,0.995348837209302,0.972222222222222,0.0869565217391304,0.0930599369085174,0.958860759493671,0.0829268292682927,0.40282131661442,0.964968152866242,0.924290220820189,0.0873634945397816,0.402799377916019,0.0803149606299213,0.0906200317965024,0.546178343949045,0.0825545171339564,0.916666666666667,0.99837925445705,0.0914826498422713,0.0910518053375196,0.0950871632329636,0.583333333333333,0.443946188340807,0.391803278688525,0.0967238689547582,0.0855365474339036,0.0529595015576324,0.604724409448819,0.756410256410256,0.0887480190174326,0.605475040257649,0.0807453416149068,0.545310015898251,0.990353697749196,0.60347551342812,0.6046875,0.568527918781726,0.0875576036866359,0.996908809891808,0.0960365853658537,0.0861788617886179,0.0857142857142857,0.834633385335413,0.585874799357945,0.0947030497592295,0.583601286173633,0.0810372771474878,0.0844155844155844,0.6015625,0.0901771336553945,0.592987804878049,0.0847723704866562,0.605633802816901,0.590189873417722,0.0868878357030016,0.409235668789809,0.598473282442748,0.0852713178294574,0.596825396825397,0.183098591549296,0.594470046082949,0.931034482758621,0.590138674884438,0.158227848101266,0.609872611464968,0.105263157894737,0.589257503949447,0.575709779179811,0.62402496099844,0.0909090909090909,0.0874403815580286,0.083969465648855,0.0610932475884244,0.743882544861338,0.0897435897435897,0.585245901639344,0.0833333333333333,0.599667774086379,0.602465331278891,0.0892018779342723,0.0866013071895425,0.0819165378670788,0.00631911532385466,0.0861538461538462,0.602167182662539,0.590342679127726,0.0789473684210526,0.0870967741935484,0.978861788617886,0.995238095238095,0.0858505564387917,0.0837282780410742,0.588709677419355,0.0965732087227414,0.0851393188854489,0.60223642172524,0.0941558441558442,0.0903328050713154,0.403815580286169,0.555727554179567,0.0836012861736334,0.919452887537994,0.0894308943089431,0.0927357032457496,0.99375,0.593548387096774,0.0791139240506329,0.59375,0.0849358974358974,0.0470016207455429,0.0959119496855346,0.0984375,0.0864779874213836,0.588429752066116,0.080188679245283,0.080824088748019,0.0805152979066023,0.917573872472784,0.603559870550162,0.0805152979066023,0.088785046728972,0.414285714285714,0.0873634945397816,0.59472049689441,0.551181102362205,0.594339622641509,0.0839936608557845,0.0825545171339564,0.0925039872408294,0.995334370139969,0.586991869918699,0.995114006514658,0.0807754442649435,0.60062893081761,0.615030674846626,0.553990610328638,0.915993537964459,0.0833333333333333,0.0380348652931854,0.0868878357030016,0.0857580398162328,0.588516746411483,0.599690880989181,0.928802588996764,0.964630225080386,0.598425196850394,0.588419405320814,0.574367088607595,0.918138041733547,0.601587301587302,0.086687306501548,0.913738019169329,0.591397849462366,0.0904836193447738,0.0944,0.0845295055821372,0.59594383775351,0.6,0.965573770491803,0.082018927444795,0.595541401273885,0.605919003115265,0.0917721518987342,0.0923317683881064,0.588328075709779,0.388524590163934,0.0797448165869219,0.0913461538461538,0.400318979266348,0.0863422291993721,0.600931677018634,0.092948717948718,0.60062893081761,0.56786271450858,0.424148606811146,0.682098765432099,0.0880503144654088,0.605546995377504,0.598116169544741,0.399053627760252,0.422360248447205,0.0804953560371517,0.590764331210191,0.0868852459016393,0.597523219814242,0.0819672131147541,0.590690208667737,0.614516129032258,0.553627760252366,0.57007874015748,0.598070739549839,0.590982286634461,0.42515923566879,0.588419405320814,0.952302631578947,0.0754414125200642,0.919129082426128,0.0854037267080745,0.610032362459547,0.0963665086887836,0.92515923566879,0.588697017268446,0.602218700475436,0.0851063829787234,0.976958525345622,0.0884676145339652,0.993690851735016,0.568690095846645,0.0786163522012579,0.976377952755906,0.422222222222222,0.0863422291993721,0.0897637795275591,0.0850393700787402,0.605960264900662,0.9578125,0.0815384615384615,0.484177215189873,0.993620414673046,0.55177743431221,0.587774294670846,0.5921875,0.0837282780410742,0.0587275693311582,0.0925324675324675,0.0860719874804382,0.0784929356357928,0.983333333333333,0.0930232558139535,0.405362776025237,0.916030534351145,0.584905660377358,0.0886075949367089,0.0917721518987342,0.06957928802589,0.0808709175738725,1,0.586206896551724,0.0787037037037037,0.0803858520900322,0.0833333333333333,0.082670906200318,0.0897637795275591,0.0893141945773525,0.609642301710731,0.936995153473344,0.0806962025316456,0.995348837209302,0.592823712948518,0.661858974358974,0.0910543130990415,0.523349436392915,0.603678929765886,0.593406593406593,0.0910518053375196,0.965785381026439,0.593798449612403,0.0811232449297972,0.0897637795275591,0.542264752791069,0.6,0.610328638497653,0.60291734197731,0.078125,0.583860759493671,0.591414944356121,0.667197452229299,0.599681020733652,0.0438871473354232,0.593508500772797,0.996794871794872,0.584518167456556,0.913178294573643,0.090032154340836,1,0.605177993527508,0.582664526484751,0.600321027287319,0.0876369327073552,0.0770440251572327,0.0894568690095847,0.0888888888888889,0.0866013071895425,0.0870253164556962,0.57395498392283,0.0872274143302181,0.598425196850394,0.589225589225589,0.498422712933754,0.408360128617363,0.0877742946708464,0.0892018779342723,0.9234375,0.597200622083981,0.969502407704655,0.0844854070660522,0.961965134706815,0.0850393700787402,0.0852090032154341,0.596774193548387,0.0881410256410256,0.0869565217391304,0.477198697068404,0.663414634146341,0.0906344410876133,0.995184590690209,0.993620414673046,0.0869565217391304,0.0854838709677419,0.07981220657277,1,0.922834645669291,0.584639498432602,0.481717011128776,0.593167701863354,0.912908242612753,0.582258064516129,0.998371335504886,0.0875796178343949,0.0884244372990354,0.598765432098765,0.578616352201258,0.84748427672956,0.583333333333333,0.596244131455399,0.594679186228482,0.0913385826771654,0.0837282780410742,0.585089141004862,0.0852359208523592,0.9234375,0.0747217806041336,0.862903225806452,0.0928338762214984,0.410852713178295,0.0832025117739403,0.598715890850722,0.599681020733652,0.996860282574568,0.41259842519685,0.0809968847352025,0.0776545166402536,0.294212218649518,0.192495921696574,0.594594594594595,0.599033816425121,0.0806962025316456,0.583067092651757,0.836276083467095,0.597087378640777,0.0928792569659443,0.993720565149137,0.0862068965517241,0.0796178343949045,0.598736176935229,0.404494382022472,0.601910828025478,0.0917874396135266,0.078525641025641,0.6078125,0.598746081504702,0.589861751152074,0.240710823909531,0.595813204508857,0.0913461538461538,0.976340694006309,0.0921875,0.0845528455284553,0.398763523956723,0.448,0.588138385502471,0.976452119309262,0.585089141004862,0.0855784469096672,0.0786885245901639,0.605177993527508,0.576923076923077,0.464898595943838,0.0860719874804382,0.608964451313756,0.688473520249221,0.603448275862069,0.108490566037736,0.621019108280255,0.927914110429448,0.615023474178404,0.584876543209877,0.588907014681892,0.590032154340836,0.598159509202454,0.107086614173228,0.0914826498422713,0.607936507936508,0.543230016313214,0.41091492776886,0.847003154574132,0.408637873754153,0.0764331210191083,0.58609794628752,0.921348314606742,0.5796875,0.593167701863354,0.708860759493671,0.576051779935275,0.921135646687697,0.56984126984127,0.601286173633441,0.58908507223114,0.598715890850722
"165",1,1,1,1,1,1,0.703583061889251,1,1,0.0921052631578947,1,0.0393700787401575,0.804878048780488,1,0.316129032258064,0.312698412698413,0.0572337042925278,0.686241610738255,1,1,0.300632911392405,0.315447154471545,1,0.15955766192733,1,0.31875,0.314332247557003,1,1,0.787928221859706,0.309748427672956,0.721153846153846,0.962382445141066,0.310015898251192,0,1,0.543720190779014,1,0.301710730948678,1,0.670947030497592,0.683544303797468,0.691472868217054,1,1,0.31973898858075,0.313099041533546,0.307448494453249,0.316770186335404,0.329113924050633,0,1,0.314785373608903,1,1,0.504105090311987,0.553398058252427,1,1,1,0.325949367088608,0.322683706070288,0.314935064935065,0.690363349131122,1,1,0.0333863275039746,1,0.0524691358024691,0.317610062893082,1,0.3232,0.32396694214876,0.967266775777414,0.50801282051282,1,0.305111821086262,0.334375,1,0.316053511705686,0.0868852459016393,0.325769854132901,0.325320512820513,1,0.338164251207729,1,1,1,1,0.692913385826772,1,1,0.00159744408945687,0.0982839313572543,1,0.0442338072669826,0,1,0.563426688632619,0.682410423452769,1,0.0530546623794212,0.319554848966614,1,0.323671497584541,1,0.688995215311005,1,0.320907617504052,0.324409448818898,0.317535545023697,1,0.317535545023697,1,0.487421383647799,1,0.313880126182965,0.299524564183835,0.320813771517997,0.315024232633279,0.48006379585327,0.998410174880763,0.327073552425665,0.306688417618271,1,0.313099041533546,1,1,0.321086261980831,0.549689440993789,1,0.320907617504052,1,0.0371517027863777,1,0.319182389937107,0.673501577287066,0.325949367088608,0.939778129952456,0.434426229508197,0.0954692556634304,0.0897435897435897,1,1,0.323899371069182,1,0.318529862174579,1,0.803125,1,0.32137030995106,1,1,1,1,0.329617834394904,1,0.32258064516129,0.253588516746411,1,0.314873417721519,1,0.307448494453249,0.0766721044045677,1,0.308072487644152,1,1,1,0.336990595611285,1,0.321543408360129,1,0.308186195826645,1,0.323671497584541,0.0729001584786054,1,0.635179153094462,1,1,0.315960912052117,1,1,1,1,0.325242718446602,0.314785373608903,1,0.998387096774194,0.319620253164557,0.304838709677419,1,0.442492012779553,0.668730650154799,0,0.317034700315457,0.672523961661342,1,0.325396825396825,1,0.998447204968944,1,0.309033280507132,0.317901234567901,0.322061191626409,1,1,1,0,1,0.308823529411765,0.973058637083994,0.325281803542673,0.310126582278481,0.733652312599681,1,1,1,1,1,0.0379746835443038,0.313001605136437,0.322834645669291,1,0.684542586750789,1,1,1,0.998430141287284,1,1,0.00316957210776545,0.312210200927357,1,0.308562197092084,1,0.299684542586751,1,1,1,1,1,0.322683706070288,1,0.510466988727858,0.319935691318328,0.323248407643312,0.313694267515924,0.322115384615385,0.32516339869281,0.409756097560976,0.3296,0.317460317460317,0.309033280507132,1,0.318770226537217,1,0.6875,0.312796208530806,0.312210200927357,0.337152209492635,1,1,1,0.251612903225806,0.313880126182965,1,0.324717285945073,0.326120556414219,0.309904153354633,0.317535545023697,0.682539682539683,1,0.326018808777429,0.318327974276527,1,0.301612903225806,1,0.308411214953271,0.312599681020734,1,1,1,0.538216560509554,1,0.690095846645367,0.0755007704160247,0.322169059011164,1,1,0.0935023771790808,0.321259842519685,0.33015873015873,1,1,0.305379746835443,0.0250391236306729,0.00160513643659711,1,1,0.339652448657188,0.998402555910543,1,0.3171875,1,1,0.322378716744914,1,1,1,1,0.324409448818898,0.310769230769231,0.325082508250825,1,1,0.671406003159558,0.317307692307692,1,0.323943661971831,0.297427652733119,1,1,0.998410174880763,1,1,0.325949367088608,1,1,0.100660066006601,0.330745341614907,0.492822966507177,0.299674267100977,0.667194928684628,0.313291139240506,1,0.312297734627832,0.329508196721311,0.262578616352201,0.320574162679426,1,0.321483771251932,1,1,1,0.317535545023697,0.329113924050633,0.998407643312102,0.927868852459016,0.0547504025764895,1,0.306976744186047,0.319805194805195,0.306320907617504,1,0.329133858267717,0.470774091627172,0.322169059011164,0.304975922953451,0.310965630114566,0.306836248012719,1,0.32475884244373,1,1,0,1,0.322378716744914,1,1,1,0.332805071315372,1,0.313504823151125,1,0.838141025641026,1,1,1,0.309859154929577,1,1,0.307448494453249,0.313099041533546,1,1,0.313195548489666,0.187004754358162,1,0.998415213946117,1,0,0.311074918566775,1,0.310126582278481,0.241545893719807,1,0.677265500794913,0.430793157076205,1,1,0.674772036474164,0.707667731629393,0.343450479233227,1,0.314785373608903,1,1,0.331746031746032,1,0.998405103668262,0.00806451612903226,0.323671497584541,1,1,0.326765188834154,1,1,0.305466237942122,0.3328125,1,1,1,0.538095238095238,0.31201248049922,0.346839546191248,0.32312404287902,0.32755905511811,0.6912,0.328149300155521,0.325434439178515,0.314553990610329,0.23696682464455,0.326298701298701,1,0.3198127925117,0.998397435897436,0.310725552050473,0.0778816199376947,0.0470957613814757,1,1,0.0344287949921753,1,0.681318681318681,0.0394321766561514,0.0126782884310618,1,0.68312101910828,1,1,0.544,1,0,0.0718954248366013,1,1,1,0.324237560192616,0.649769585253456,0.694352159468439,0.993779160186625,1,0.985736925515055,0.3024,0.334935897435897,1,0.3056,1,0.36741214057508,0.100649350649351,0.302547770700637,0.321428571428571,0.332764505119454,1,0.0714285714285714,1,1,1,0.253918495297806,0.318255250403877,1,0.328571428571429,1,1,0.309375,1,0.319938176197836,1,0.3125,0.321711568938193,1,0.670454545454545,0.321100917431193,1,0.316720257234727,0.751188589540412,0.310077519379845,0.15955766192733,0.319571865443425,0.773675762439807,0.311290322580645,1,0.331746031746032,0.332298136645963,0.296703296703297,1,1,1,0.970873786407767,0.338842975206612,1,0.322422258592471,1,0.317512274959083,0.326594090202177,1,1,1,0.926868044515103,1,0.303459119496855,0.32348367029549,1,1,0.0465489566613162,0.0766773162939297,1,1,0.308064516129032,1,1,0.312101910828025,1,1,0.681388012618297,0.53405572755418,1,0,1,1,0.0919003115264797,0.322061191626409,1,0.322683706070288,0.998417721518987,0.9712,0.998417721518987,0.821875,1,0.326229508196721,1,1,1,0,0.317275747508306,1,1,0.674679487179487,1,0.3184,0.355345911949686,0.313291139240506,1,1,1,0.0841121495327103,0.320907617504052,0.0818330605564648,0.998376623376623,0.312302839116719,0.307210031347962,0.34775641025641,0,1,0.961844197138315,1,1,0.327361563517915,0.314553990610329,0.159744408945687,0.035426731078905,0.3232,0.304975922953451,0.323809523809524,0.00162074554294976,0.307073954983923,1,0,0.316535433070866,1,1,1,0.314553990610329,0.319314641744548,0.032626427406199,1,0.3088,0.303656597774245,1,1,0.316037735849057,0.693708609271523,1,1,0.691082802547771,1,0.304552590266876,1,0.314935064935065,0.528771384136858,0.665086887835703,0.400309119010819,1,0.3046875,0.313479623824451,0.6859375,0.666144200626959,1,0.323899371069182,1,0.315132605304212,1,0.318840579710145,0.308681672025723,0.34991974317817,0.515673981191223,0.312297734627832,0.310177705977383,0.661835748792271,0.320063694267516,0.145424836601307,1,0,1,0.290322580645161,1,0,0.318471337579618,0.316558441558442,1,0.049079754601227,1,0.0817307692307692,0.330112721417069,1,0.0565149136577708,0.677215189873418,1,1,1,0.319467554076539,0.0343213728549142,1,0.42604501607717,0.0919540229885057,0.35625,0.321372854914197,0.325038880248834,1,1,1,1,1,0.0592823712948518,0.996860282574568,0.690208667736758,0.00301204819277108,0.325434439178515,1,1,1,1,0.0783034257748776,0.307086614173228,1,1,1,1,1,1,0.481072555205047,0.0016025641025641,1,0.0774091627172196,0.319620253164557,0.436018957345972,1,0.398089171974522,0.308457711442786,0.308544303797468,1,0.0393081761006289,0.318611987381703,1,1,0.368336025848142,0.312202852614897,0.315789473684211,0.315789473684211,0.998447204968944,0.323577235772358,0.322327044025157,0.411954765751212,0.319870759289176,0.978090766823161,0.314241486068111,0.0773026315789474,0.321486268174475,0,1,0.0794912559618442,0.303571428571429,0.316129032258064,0.315960912052117,1,1,1,1,1,1,0.329032258064516,1,0.315024232633279,0.329310344827586,0.6,0.678972712680578,1,1,0,0.316455696202532,0.116427432216906,0.998439937597504,0.0313971742543171,1,1,0.314102564102564,1,1,0.621533442088091,0.400662251655629,0.996955859969559,0.0729335494327391,0.0889967637540453,1,1,1,0.0812101910828025,0,0.318181818181818,0.419457735247209,0.3171875,0,0.325806451612903,0.0808580858085809,1,1,0.325617283950617,0.318818040435459,0.238249594813614,0.336601307189543,0.309486780715397,0.318181818181818,1,1,0.330618892508143,1,0,1,0.213938411669368,1,0.682965299684543,1,0.311111111111111,0.304838709677419,0.0673076923076923,0.676056338028169,1,1,0.7872,0.903814262023217,0.317741935483871,0.319354838709677,1,0.318770226537217,0.246753246753247,0.32569558101473,1,0.0950871632329636,1,1,0.324193548387097,0.684975767366721,0.310177705977383,1,1,0.310769230769231,0.3008,0.313971742543171,0.858520900321543,0.318840579710145,1,0.0490506329113924,1,1,0.69826224328594,0.650563607085346,0.323383084577114,0.0466988727858293,0.3216,1,1,0.310126582278481,0.32569558101473,0.619651347068146,1,0.309033280507132,0.35748031496063,0.314375987361769,0.984301412872841,0.4704,0.00476190476190476,0.306122448979592,0.322932917316693,0.325806451612903,0.315112540192926,0.319488817891374,0.972136222910217,1,0.309262166405024,0.53960396039604,0.685245901639344,0.228070175438596,0.685761047463175,1,0.322632423756019,0.00324149108589951,0.325914149443561,0.314785373608903,0.354037267080745,0.323717948717949,0,0.333860759493671,0.319047619047619,0.318910256410256,0.31629392971246
"166",0.288998357963875,0.306349206349206,0.306349206349206,0.318471337579618,0.301587301587302,0.30016051364366,0.00970873786407767,0.3152,0.307814992025518,0.581548599670511,0.314641744548287,0.646687697160883,0.509677419354839,0.318910256410256,1,1,0.618897637795276,0,0.319805194805195,0.299679487179487,1,1,0.319875776397516,0.514376996805112,0.305772230889236,1,1,0.318627450980392,0.304821150855365,0.509646302250804,1,0.582018927444795,0.366666666666667,0.995215311004785,0.672077922077922,0.309364548494983,0.129337539432177,0.320373250388802,1,0.29595015576324,0.0032520325203252,0,0,0.323763955342903,0.314516129032258,1,0.99512987012987,1,1,1,0.687697160883281,0.319488817891374,1,0.313479623824451,0.307570977917981,0.823151125401929,0.116693679092382,0.310897435897436,0.312302839116719,0.3152,0.990580847723705,1,1,0.00484652665589661,0.301482701812191,0.308917197452229,0.658615136876006,0.31911532385466,0.612055641421947,1,0.306976744186047,1,1,0.268092105263158,0.154929577464789,0.304482225656878,1,0.995260663507109,0.314641744548287,1,0.60983606557377,1,1,0.319314641744548,1,0.31733746130031,0.315457413249211,0.327447833065811,0.314606741573034,0,0.313001605136437,0.31859756097561,0.696682464454976,0.588235294117647,0.306451612903226,0.641744548286604,0.684627575277338,0.309033280507132,0.117073170731707,0,0.309409888357257,0.619354838709677,1,0.305418719211823,1,0.312202852614897,0,0.312796208530806,1,1,1,0.300157977883096,0.995245641838352,0.321086261980831,0.203125,0.307931570762053,1,0.372093023255814,1,1,0.20032310177706,0.306376360808709,1,1,0.317484662576687,1,0.306427503736921,0.306153846153846,0.360189573459716,0.759316770186335,0.314569536423841,1,0.320574162679426,0.634259259259259,0.32569558101473,1,0.0015552099533437,1,0.377388535031847,0.893267651888342,0.591414944356121,0.600315955766193,0.305863708399366,0.309061488673139,1,0.312202852614897,1,0.294975688816856,0.497622820919176,0.31441717791411,1,0.30173775671406,0.311501597444089,0.314424635332253,0.320063694267516,1,0.304897314375987,1,0.437106918238994,0.3234375,1,0.3198127925117,1,0.6,0.308072487644152,1,0.31637519872814,0.305295950155763,0.318840579710145,0.98740157480315,0.317741935483871,1,0.312101910828025,1,0.315359477124183,1,0.597464342313788,0.279620853080569,0.0330578512396694,0.296650717703349,0.311004784688995,1,0.303317535545024,0.310897435897436,0.311811023622047,0.320063694267516,1,1,0.313001605136437,0.319488817891374,1,1,0.3234375,0.229559748427673,0.0185185185185185,0.686708860759494,1,0.00316957210776545,0.312101910828025,1,0.311074918566775,0.305555555555556,0.309409888357257,0.996870109546166,1,1,0.321592649310873,0.3125,0.308661417322835,0.685575364667747,0.292993630573248,1,0.334394904458599,1,1,0.433811802232855,0.3216,0.314465408805031,0.31733746130031,0.295133437990581,0.308186195826645,0.638977635782748,1,1,0.306603773584906,0.00474683544303797,0.320987654320988,0.312404287901991,0.322115384615385,0.297939778129952,0.296950240770466,0.30757341576507,0.702194357366771,0.360501567398119,0.29559748427673,1,0.316993464052288,1,0.302507836990596,0.2992,0.308186195826645,0.328,0.304065040650407,1,0.317460317460317,0.808373590982287,1,1,0.996815286624204,1,1,0.894822006472492,1,1,1,0.311111111111111,1,0.317725752508361,0,1,0.38006230529595,1,0.311793214862682,0.314285714285714,0.310832025117739,0.418940609951846,1,0.315132605304212,1,1,1,1,0,0.312101910828025,1,1,0.309562398703404,1,0.312302839116719,1,1,0.309178743961353,0.317589576547231,0.29559748427673,0.1408,0.327361563517915,0,0.595975232198142,1,0.307086614173228,0.318327974276527,0.58678955453149,1,1,0.320197044334975,0.3216,1,0.6512,0.701782820097245,0.299352750809061,0.310344827586207,0.996875,0.314375987361769,0.304821150855365,1,0.300955414012739,0.296062992125984,1,0.29903536977492,0.309791332263242,0.307448494453249,0.306603773584906,1,1,1,0.296825396825397,0.314696485623003,0.00469483568075117,0.99203821656051,0.324058919803601,1,1,0.309006211180124,0.319314641744548,0.301710730948678,0.311501597444089,0.313195548489666,1,0.306709265175719,0.299840510366826,0.576190476190476,1,0.833860759493671,1,0,1,0.321428571428571,1,1,0.413793103448276,0.998427672955975,0.319672131147541,1,0.304140127388535,0.291600633914422,0.311627906976744,1,1,0.311811023622047,0.391735537190083,0.614262560777958,0.301302931596091,1,1,1,0.316476345840131,1,0.199680511182109,1,1,1,1,0.311912225705329,1,0.30718954248366,0.321656050955414,0.680445151033386,0.2976,1,0.3168,0.316118935837246,0.304777594728171,1,0.3109375,1,0.312307692307692,0.475,0.309033280507132,0.312297734627832,0.307324840764331,1,0.312101910828025,0.301612903225806,1,1,0.310618066561014,0.307324840764331,1,0.475667189952904,0.307073954983923,0.320126782884311,0.31619937694704,0.687301587301587,1,0.289473684210526,1,0.409677419354839,0.296950240770466,0,0.891304347826087,0.313114754098361,0.311897106109325,0,0.0304,0.985714285714286,0.318979266347687,1,0.3152,0.306818181818182,1,0.311605723370429,0.3216,0.661341853035144,1,0.31687898089172,0.315619967793881,1,0.308176100628931,0.300324675324675,1,0.331746031746032,0.309791332263242,0.313385826771654,0.330128205128205,0.804107424960506,1,0.977671451355662,1,1,0.00157728706624606,1,0.993569131832797,1,0.420967741935484,0.996789727126806,0.299531981279251,0.992223950233281,0.324237560192616,0.995238095238095,0.612307692307692,0.6359375,0.312401883830455,0.305900621118012,0.640575079872205,0.311367380560132,0,0.636942675159236,0.683954619124797,0.314553990610329,0.00159235668789809,0.306089743589744,0.308056872037915,0.762057877813505,0.31687898089172,0.694041867954911,0.601941747572815,0.308562197092084,0.313971742543171,0.290015847860539,1,0.0257966616084977,0,0.322327044025157,0.327613104524181,0.3312,1,0.332273449920509,0.310236220472441,1,0.293460925039872,0.949606299212598,0.573268921095008,1,1,0.993265993265993,0.318252730109204,0.609794628751975,0.315870570107858,0.304418985270049,0.310618066561014,0.419656786271451,1,0.306349206349206,1,0.31219512195122,0.326229508196721,1,0.321486268174475,1,0.317891373801917,1,1,0.308306709265176,0,1,0.311811023622047,1,0.558730158730159,1,0.516535433070866,1,0.557692307692308,1,0.311688311688312,1,1,1,0.305732484076433,0.317307692307692,0.311728395061728,0.344941956882255,0.328925619834711,0.304761904761905,1,0.310289389067524,1,1,0.315457413249211,0.307568438003221,0.312597200622084,0.387820512820513,0.312796208530806,1,1,0.321875,0.315447154471545,0.628571428571429,0.595121951219512,0.309677419354839,0.304838709677419,1,0.302839116719243,0.309451219512195,0.993589743589744,0.306946688206785,0.306477093206951,0,0.131578947368421,0.310789049919485,0.688172043010753,0.292962356792144,0.311320754716981,0.599688473520249,0.998422712933754,0.308562197092084,1,0.302884615384615,0.344444444444444,0.308056872037915,0.473186119873817,0.303858520900322,1,0.318327974276527,0.313311688311688,0.328925619834711,0.696734059097978,1,0.315359477124183,0.308892355694228,0,0.321316614420063,0.998427672955975,0.965023847376789,1,0.318541996830428,0.316614420062696,0.309951060358891,0.597523219814242,1,0.597402597402597,0.328548644338118,1,1,0.966929133858268,0.6768,0.3232,0.361635220125786,0.315047021943574,0.306729264475743,1,1,0.514516129032258,0.639871382636656,1,1,0.998439937597504,0.7,1,0.317262830482115,0.697160883280757,1,0.314194577352472,0.314009661835749,0.317666126418152,0.996850393700787,1,0.645590682196339,0.319935691318328,1,1,0.322274881516588,0.308527131782946,0.998407643312102,0,0.304838709677419,0.295527156549521,0.00645161290322581,0.308777429467085,1,0.3104,1,0.14375,0,0.90077519379845,0.315286624203822,1,1,0,0.00156739811912226,0.313084112149533,1,0.308457711442786,0.996884735202492,0.303715670436187,1,0.998405103668262,0.971383147853736,0.766091051805338,1,1,0.00473186119873817,1,0.52520325203252,0.319935691318328,0.682242990654206,0.310618066561014,1,0.301109350237718,0.684294871794872,1,1,0.313114754098361,0.615975422427035,0.317610062893082,0.592833876221498,0.977491961414791,0.331210191082803,0.600946372239748,0.0112359550561798,0.307448494453249,0.310015898251192,0.316614420062696,1,0.638330757341577,0.291277258566978,0.898251192368839,0.593137254901961,0.971875,1,1,0.300970873786408,0.337115072933549,0.300324675324675,0.300787401574803,0.302884615384615,0.62095531587057,0.300157977883096,0,0.683641975308642,0.998425196850394,0.322784810126582,0.2953125,0.31810766721044,0.3171875,0.611821086261981,1,0.327131782945736,0.325949367088608,0.32952691680261,0.314194577352472,0.305511811023622,0.312401883830455,0.191290824261275,0.691437802907916,0.313821138211382,0.604006163328197,1,0.234349919743178,0.307692307692308,0.926108374384236,1,1,0.308917197452229,0.639498432601881,1,0.31378763866878,0.297770700636943,0.965964343598055,1,1,0.996710526315789,0.30952380952381,1,1,0.898222940226171,1,0.347286821705426,1,0.603225806451613,1,0.677115987460815,0.311811023622047,0.607085346215781,1,1,0.9952,0.316358024691358,0.316118935837246,0.313856427378965,0.319047619047619,0.321724709784411,0.313408723747981,0.99021207177814,0.30188679245283,1,1,0.714285714285714,0,0.311912225705329,0.308049535603715,0.687301587301587,1,0.570048309178744,0.3198127925117,0.6496,0.302839116719243,0.304418985270049,1,0.311793214862682,0.309882747068677,0.677049180327869,0.900651465798046,0.313636363636364,0.606611570247934,0.584814216478191,0.3234375,0.324503311258278,0.292452830188679,0.599686028257457,0.687203791469194,1,0.906349206349206,1,0.670807453416149,0.996789727126806,0.597087378640777,0.30379746835443,0.318910256410256,1,1,0.425632911392405,0.993485342019544,0.996927803379416,1,0.306451612903226,0.318611987381703,1,0.305597579425113,0.6875,0.328525641025641,0.459069020866774,0.294788273615635,0,0.304821150855365,1,1,0.601880877742947,0.00156739811912226,0.324324324324324,0.310177705977383,0.0940032414910859,0.400656814449918,1,1,0.30564263322884,1,0.412140575079872,1,0.323029366306028,0.6,0.314785373608903,0.310064935064935,1,0,1,0.302439024390244,0.311793214862682,1,1,1,0.439102564102564,1,0.317307692307692,0.617554858934169,0.319935691318328,0.32183908045977,0.00156985871271586,0.0397456279809221,1,0.625196850393701,1,0.323248407643312,0.332778702163062,1,1,0.157894736842105,0.307210031347962,1,0.897637795275591,1,0.305863708399366,0.19935691318328,0.674565560821485,1,1,1,1,1,0.284820031298905,0.302066772655008,1,0.113300492610837,0.00163132137030995,0.434375,0,0.317965023847377,1,0.676948051948052,1,1,0.888540031397174,1,0.690251572327044,1,1,1,1
"167",1,1,1,1,1,1,0.708333333333333,1,1,0.104065040650407,1,0.0506912442396313,0.796178343949045,1,0.320634920634921,0.304821150855365,0.0755007704160247,0.6875,1,1,0.286168521462639,0.313504823151125,1,0.165898617511521,1,0.328616352201258,0.314009661835749,1,1,0.777080062794348,0.30564263322884,0.712732919254658,0.9629057187017,0.313971742543171,0,1,0.54858934169279,1,0.295731707317073,1,0.660964230171073,0.68075117370892,0.694277108433735,1,1,0.312302839116719,0.311320754716981,0.310502283105023,0.322981366459627,0.321538461538462,0,1,0.309006211180124,1,1,0.490566037735849,0.569157392686804,1,1,1,0.329230769230769,0.312101910828025,0.315457413249211,0.679012345679012,1,1,0.0396196513470681,1,0.0700152207001522,0.310664605873261,1,0.315789473684211,0.318110236220472,0.968051118210863,0.520865533230294,1,0.305084745762712,0.3375,1,0.318327974276527,0.0942492012779553,0.322834645669291,0.323529411764706,1,0.33695652173913,1,1,1,1,0.690513219284603,1,1,0.00153846153846154,0.114854517611026,1,0.0520673813169985,0,1,0.568503937007874,0.675675675675676,1,0.0634920634920635,0.31201248049922,1,0.309033280507132,1,0.687697160883281,1,0.312989045383412,0.314728682170543,0.317901234567901,1,0.333333333333333,1,0.488514548238897,1,0.313664596273292,0.313755795981453,0.320552147239264,0.317757009345794,0.496875,0.998439937597504,0.320121951219512,0.315112540192926,1,0.303405572755418,1,1,0.338028169014085,0.558778625954198,1,0.310344827586207,1,0.048411497730711,1,0.317700453857791,0.680555555555556,0.330173775671406,0.920062695924765,0.445880452342488,0.112519809825674,0.105511811023622,1,1,0.337480559875583,1,0.319758672699849,1,0.790769230769231,1,0.3344,1,1,1,1,0.332278481012658,1,0.320695102685624,0.26905132192846,1,0.314641744548287,1,0.299363057324841,0.0946372239747634,1,0.31637519872814,1,1,1,0.327160493827161,1,0.324921135646688,1,0.313755795981453,1,0.318611987381703,0.0833333333333333,1,0.645901639344262,1,1,0.315286624203822,1,1,1,1,0.320574162679426,0.305343511450382,1,0.998427672955975,0.314112291350531,0.309409888357257,1,0.466353677621283,0.666666666666667,0,0.31619937694704,0.675078864353312,1,0.325115562403698,1,0.998466257668712,1,0.318252730109204,0.322188449848024,0.327014218009479,1,1,1,0,1,0.309636650868878,0.9703125,0.323390894819466,0.311627906976744,0.746894409937888,1,1,1,1,1,0.0504731861198738,0.322834645669291,0.317829457364341,1,0.683229813664596,1,1,0.998454404945904,0.998477929984779,1,1,0.00471698113207547,0.327794561933535,1,0.308176100628931,1,0.299694189602446,1,1,1,1,1,0.325,1,0.510172143974961,0.318818040435459,0.3296875,0.308426073131955,0.326498422712934,0.334375,0.4288,0.329192546583851,0.315950920245399,0.312989045383412,1,0.323529411764706,1,0.682926829268293,0.308777429467085,0.32262996941896,0.335453100158982,1,1,1,0.268633540372671,0.314152410575428,1,0.325545171339564,0.328746177370031,0.315707620528771,0.322085889570552,0.681458003169572,1,0.320433436532508,0.312796208530806,1,0.298555377207063,1,0.307098765432099,0.31496062992126,1,1,1,0.547433903576983,1,0.692901234567901,0.088455772113943,0.315625,1,1,0.105590062111801,0.32,0.323943661971831,1,1,0.30441400304414,0.028169014084507,0.0032520325203252,1,1,0.331818181818182,0.998447204968944,1,0.307692307692308,1,1,0.310769230769231,1,1,1,1,0.322784810126582,0.312121212121212,0.333865814696486,1,1,0.667177914110429,0.316118935837246,1,0.319634703196347,0.289763779527559,1,1,0.998461538461539,1,1,0.320251177394035,1,1,0.119808306709265,0.331269349845201,0.502362204724409,0.3109375,0.667721518987342,0.320987654320988,1,0.311111111111111,0.332298136645963,0.272024729520866,0.322932917316693,1,0.328290468986384,1,1,1,0.311111111111111,0.318112633181126,0.998439937597504,0.917341977309562,0.073015873015873,1,0.312597200622084,0.317460317460317,0.310015898251192,1,0.326186830015314,0.470496894409938,0.330745341614907,0.3125,0.31139646869984,0.308411214953271,1,0.322784810126582,1,1,0,1,0.322274881516588,1,1,1,0.335913312693498,1,0.314785373608903,1,0.818604651162791,1,1,1,0.312788906009245,1,1,0.31104199066874,0.3125,1,1,0.316037735849057,0.20516717325228,1,0.998454404945904,1,0,0.313385826771654,1,0.308777429467085,0.258914728682171,1,0.676470588235294,0.434312210200927,1,1,0.679160419790105,0.708661417322835,0.348297213622291,1,0.314641744548287,1,1,0.333333333333333,1,0.998422712933754,0.00946372239747634,0.32755905511811,1,1,0.319047619047619,1,1,0.302362204724409,0.347692307692308,1,1,1,0.52,0.30564263322884,0.346456692913386,0.314112291350531,0.327131782945736,0.688087774294671,0.325688073394495,0.322834645669291,0.313364055299539,0.2546875,0.320634920634921,1,0.318952234206472,0.998427672955975,0.311526479750779,0.0910470409711684,0.0568356374807988,1,1,0.0435458786936236,1,0.686635944700461,0.0482866043613707,0.0125786163522013,1,0.678516228748068,1,1,0.56120826709062,1,0,0.0842607313195548,1,1,1,0.323763955342903,0.654357459379616,0.695439739413681,0.993865030674847,1,0.979655712050078,0.304482225656878,0.34789391575663,1,0.300469483568075,1,0.35968992248062,0.112877583465819,0.303076923076923,0.320610687022901,0.332773109243697,1,0.0851393188854489,1,1,1,0.269113149847095,0.325,1,0.317965023847377,1,1,0.312883435582822,1,0.323880597014925,1,0.30625,0.317683881064163,1,0.678683385579937,0.314842578710645,1,0.314285714285714,0.7625,0.311728395061728,0.168711656441718,0.321100917431193,0.757097791798107,0.303317535545024,1,0.325545171339564,0.339009287925697,0.29249617151608,1,1,1,0.965964343598055,0.34910277324633,1,0.322061191626409,1,0.320325203252033,0.320182094081942,1,1,1,0.908805031446541,1,0.304347826086957,0.321981424148607,1,1,0.0579029733959311,0.0850393700787402,1,1,0.309148264984227,1,1,0.314152410575428,1,1,0.683076923076923,0.537177541729894,1,0,1,1,0.112828438948995,0.321766561514196,1,0.313755795981453,0.998425196850394,0.960876369327074,0.998420221169036,0.799694189602447,1,0.3296,1,1,1,0,0.314516129032258,1,1,0.673469387755102,1,0.313479623824451,0.355345911949686,0.326717557251908,1,1,1,0.0995405819295559,0.318541996830428,0.0983870967741935,0.998402555910543,0.310291858678955,0.30640243902439,0.346273291925466,0,1,0.952904238618524,1,1,0.322274881516588,0.304545454545455,0.169572107765452,0.04375,0.3140625,0.309148264984227,0.328660436137072,0.00158227848101266,0.311627906976744,1,0,0.320987654320988,1,1,1,0.317829457364341,0.315068493150685,0.0402576489533011,1,0.313099041533546,0.310975609756098,1,1,0.322327044025157,0.700325732899023,1,1,0.69435736677116,1,0.309815950920245,1,0.318252730109204,0.540334855403349,0.674347158218126,0.4051593323217,1,0.296969696969697,0.310452418096724,0.6765625,0.667177914110429,1,0.328638497652582,1,0.31859756097561,1,0.3140625,0.304897314375987,0.344827586206897,0.536776212832551,0.315619967793881,0.307692307692308,0.668740279937792,0.32,0.161812297734628,1,0,1,0.296825396825397,1,0,0.322327044025157,0.315457413249211,1,0.0651515151515152,1,0.0944272445820433,0.337519623233909,1,0.0768025078369906,0.678071539657854,1,1,1,0.311183144246353,0.0444104134762634,1,0.423913043478261,0.106583072100313,0.344086021505376,0.314728682170543,0.323170731707317,1,1,1,1,1,0.0754147812971342,0.995488721804511,0.682737169517885,0.00449775112443778,0.322932917316693,1,1,1,1,0.0949367088607595,0.317557251908397,1,1,1,1,1,1,0.483969465648855,0.00158478605388273,1,0.0904907975460123,0.326018808777429,0.451010886469673,1,0.384491114701131,0.304487179487179,0.316535433070866,1,0.0451010886469673,0.323076923076923,1,1,0.362916006339144,0.306976744186047,0.30568356374808,0.315024232633279,0.998456790123457,0.322274881516588,0.31875,0.43217665615142,0.325984251968504,0.969325153374233,0.309451219512195,0.092948717948718,0.323899371069182,0,1,0.0996884735202492,0.313479623824451,0.316279069767442,0.322169059011164,1,1,1,1,1,1,0.326498422712934,1,0.322884012539185,0.313014827018122,0.611111111111111,0.678343949044586,1,1,0,0.316109422492401,0.1287284144427,0.998473282442748,0.0389408099688473,1,1,0.314873417721519,1,1,0.639109697933227,0.426229508196721,0.995502248875562,0.087719298245614,0.105345911949686,1,1,1,0.0946372239747634,0,0.3198127925117,0.411671924290221,0.308868501529052,0,0.331230283911672,0.0910518053375196,1,1,0.32370820668693,0.314241486068111,0.253125,0.334905660377358,0.316358024691358,0.323029366306028,1,1,0.324367088607595,1,0,1,0.228615863141524,1,0.672868217054264,1,0.314329738058552,0.308917197452229,0.0833333333333333,0.669172932330827,1,1,0.791139240506329,0.90453074433657,0.322480620155039,0.314102564102564,1,0.323943661971831,0.26530612244898,0.322169059011164,1,0.109546165884194,1,1,0.314241486068111,0.679936305732484,0.313099041533546,1,1,0.303875968992248,0.312597200622084,0.324734446130501,0.864139020537125,0.313001605136437,1,0.0630769230769231,1,1,0.694704049844237,0.65987460815047,0.321656050955414,0.0664556962025316,0.316535433070866,1,1,0.305863708399366,0.322834645669291,0.637345679012346,1,0.315301391035549,0.387878787878788,0.313664596273292,0.981510015408321,0.4848,0.0046583850931677,0.298904538341158,0.321592649310873,0.322834645669291,0.314102564102564,0.321212121212121,0.978193146417445,1,0.316118935837246,0.552117263843648,0.677621283255086,0.250783699059561,0.686274509803922,1,0.3203125,0.003125,0.325984251968504,0.308527131782946,0.386748844375963,0.323343848580442,0,0.326594090202177,0.311290322580645,0.321766561514196,0.314152410575428
"168",1,1,1,1,1,1,0.700787401574803,1,1,0.100158982511924,1,0.0445468509984639,0.804615384615385,1,0.310725552050473,0.301829268292683,0.0681114551083591,0.697068403908795,1,1,0.289230769230769,0.308411214953271,1,0.164086687306502,1,0.321428571428571,0.316118935837246,1,1,0.777080062794348,0.302752293577982,0.720858895705521,0.966666666666667,0.313846153846154,0,1,0.536547433903577,1,0.294910179640719,1,0.665109034267913,0.687116564417178,0.703647416413374,1,1,0.304897314375987,0.3140625,0.303625377643505,0.320610687022901,0.322981366459627,0,1,0.315467075038285,1,1,0.490595611285266,0.555555555555556,1,1,1,0.324655436447167,0.312597200622084,0.311605723370429,0.687402799377916,1,1,0.0348101265822785,1,0.0597907324364723,0.31039755351682,1,0.312597200622084,0.315960912052117,0.97191887675507,0.514728682170543,1,0.306060606060606,0.324159021406728,1,0.320512820512821,0.0962145110410095,0.321316614420063,0.316358024691358,1,0.333333333333333,1,1,1,1,0.693972179289026,1,1,0.00155038759689922,0.105504587155963,1,0.0486322188449848,0,1,0.568720379146919,0.689102564102564,1,0.0535433070866142,0.303543913713405,1,0.306836248012719,1,0.691603053435115,1,0.309748427672956,0.317972350230415,0.315068493150685,1,0.315789473684211,1,0.484662576687117,1,0.312597200622084,0.31306990881459,0.315233785822021,0.31924882629108,0.484756097560976,0.998468606431853,0.313455657492355,0.310897435897436,1,0.296923076923077,1,1,0.34,0.546827794561934,1,0.313385826771654,1,0.0453857791225416,1,0.306184012066365,0.682370820668693,0.320610687022901,0.927672955974843,0.433224755700326,0.108661417322835,0.0993788819875776,1,1,0.324409448818898,1,0.314589665653495,1,0.799093655589124,1,0.310832025117739,1,1,1,1,0.329635499207607,1,0.315132605304212,0.26646248085758,1,0.305810397553517,1,0.295839753466872,0.088646967340591,1,0.305295950155763,1,1,1,0.327217125382263,1,0.326433121019108,1,0.303738317757009,1,0.310236220472441,0.0773993808049536,1,0.641815235008104,1,1,0.309748427672956,1,1,1,1,0.31619937694704,0.306625577812018,1,0.998444790046656,0.306625577812018,0.298722044728434,1,0.446676970633694,0.677514792899408,0,0.3198127925117,0.676056338028169,1,0.317629179331307,1,0.998475609756098,1,0.310185185185185,0.321646341463415,0.316535433070866,1,1,1,0,1,0.303937007874016,0.973561430793157,0.317683881064163,0.303543913713405,0.743827160493827,1,1,1,1,1,0.0461538461538462,0.3046875,0.317484662576687,1,0.688073394495413,1,1,0.998439937597504,0.998466257668712,1,1,0.00458015267175573,0.326251896813354,1,0.307568438003221,1,0.297090352220521,1,1,1,1,1,0.321428571428571,1,0.502347417840376,0.309119010819165,0.318112633181126,0.30298273155416,0.309148264984227,0.31832298136646,0.426984126984127,0.323029366306028,0.308396946564885,0.3015625,1,0.323899371069182,1,0.694402420574887,0.304953560371517,0.324734446130501,0.326530612244898,1,1,1,0.265337423312883,0.303215926493109,1,0.30622009569378,0.322085889570552,0.306603773584906,0.3140625,0.687106918238994,1,0.322678843226788,0.311216429699842,1,0.295238095238095,1,0.307110438729198,0.307210031347962,1,1,1,0.5359375,1,0.690993788819876,0.0857142857142857,0.314465408805031,1,1,0.0975232198142415,0.313755795981453,0.315541601255887,1,1,0.300763358778626,0.0274809160305344,0.003125,1,1,0.333333333333333,0.998439937597504,1,0.302003081664099,1,1,0.308282208588957,1,1,1,1,0.319938176197836,0.308270676691729,0.3264,1,1,0.678018575851393,0.319938176197836,1,0.309341500765697,0.296238244514107,1,1,0.998456790123457,1,1,0.324031007751938,1,1,0.113564668769716,0.321592649310873,0.492211838006231,0.30173775671406,0.679245283018868,0.30441400304414,1,0.316037735849057,0.325984251968504,0.262996941896024,0.311450381679389,1,0.320300751879699,1,1,1,0.303599374021909,0.324734446130501,0.998466257668712,0.92443729903537,0.064873417721519,1,0.305555555555556,0.314641744548287,0.304347826086957,1,0.324615384615385,0.469673405909798,0.31832298136646,0.300623052959502,0.303174603174603,0.299524564183835,1,0.320695102685624,1,1,0,1,0.311811023622047,1,1,1,0.324960753532182,1,0.305379746835443,1,0.832298136645963,1,1,1,0.307453416149068,1,1,0.306748466257669,0.30521472392638,1,1,0.309707241910632,0.199692780337942,1,0.998447204968944,1,0,0.303174603174603,1,0.303875968992248,0.260530421216849,1,0.684210526315789,0.435240963855422,1,1,0.682089552238806,0.715625,0.340523882896764,1,0.312788906009245,1,1,0.325984251968504,1,0.998415213946117,0.0093167701863354,0.322429906542056,1,1,0.306836248012719,1,1,0.301261829652997,0.335394126738794,1,1,1,0.530139103554869,0.306278713629403,0.335433070866142,0.313813813813814,0.3296875,0.689167974882261,0.320610687022901,0.31619937694704,0.306153846153846,0.253846153846154,0.313291139240506,1,0.312788906009245,0.998447204968944,0.305900621118012,0.08649468892261,0.0523076923076923,1,1,0.0397553516819572,1,0.693233082706767,0.0423197492163009,0.0125391849529781,1,0.681318681318681,1,1,0.546439628482972,1,0,0.0743670886075949,1,1,1,0.321372854914197,0.655325443786982,0.690322580645161,0.99236641221374,1,0.979907264296754,0.295031055900621,0.346094946401225,1,0.297169811320755,1,0.369397217928903,0.109350237717908,0.303680981595092,0.317700453857791,0.326158940397351,1,0.0764525993883792,1,1,1,0.272036474164134,0.313971742543171,1,0.311320754716981,1,1,0.300763358778626,1,0.31437125748503,1,0.304075235109718,0.316770186335404,1,0.6828125,0.306092124814265,1,0.313195548489666,0.7609375,0.310872894333844,0.170769230769231,0.318862275449102,0.770542635658915,0.305863708399366,1,0.318885448916409,0.330275229357798,0.287692307692308,1,1,1,0.966237942122186,0.347826086956522,1,0.312893081761006,1,0.313504823151125,0.311827956989247,1,1,1,0.914241960183767,1,0.304545454545455,0.315384615384615,1,1,0.0517241379310345,0.0791139240506329,1,1,0.302839116719243,1,1,0.312597200622084,1,1,0.681047765793529,0.536363636363636,1,0,1,1,0.100449775112444,0.31733746130031,1,0.318818040435459,0.998444790046656,0.9629057187017,0.998466257668712,0.819148936170213,1,0.316720257234727,1,1,1,0,0.297427652733119,1,1,0.673946957878315,1,0.312893081761006,0.355140186915888,0.310769230769231,1,1,1,0.0917431192660551,0.317535545023697,0.0922330097087379,0.998417721518987,0.306027820710974,0.305810397553517,0.350230414746544,0,1,0.955246913580247,1,1,0.315789473684211,0.295281582952816,0.171114599686028,0.0391849529780564,0.314152410575428,0.302652106084243,0.314241486068111,0.0015748031496063,0.312307692307692,1,0,0.30804248861912,1,1,1,0.313455657492355,0.315068493150685,0.0352564102564103,1,0.314152410575428,0.298136645962733,1,1,0.315132605304212,0.697749196141479,1,1,0.697347893915757,1,0.307922272047833,1,0.312302839116719,0.52824427480916,0.679817905918058,0.400302114803625,1,0.292048929663609,0.309375,0.679938744257274,0.670676691729323,1,0.317411402157165,1,0.314674735249622,1,0.307098765432099,0.312202852614897,0.354489164086687,0.520249221183801,0.3109375,0.303656597774245,0.664596273291925,0.306027820710974,0.152979066022544,1,0,1,0.287949921752739,1,0,0.315789473684211,0.303937007874016,1,0.0583832335329341,1,0.0883280757097792,0.3421875,1,0.0665634674922601,0.677672955974843,1,1,1,0.298555377207063,0.0426829268292683,1,0.438461538461538,0.0954616588419405,0.34984984984985,0.311627906976744,0.318112633181126,1,1,1,1,1,0.0648567119155355,0.995426829268293,0.691717791411043,0.00445103857566766,0.315707620528771,1,1,1,1,0.0918836140888208,0.305936073059361,1,1,1,1,1,1,0.489425981873112,0.00157977883096367,1,0.0847457627118644,0.311728395061728,0.433544303797468,1,0.397129186602871,0.308186195826645,0.304212168486739,1,0.0401854714064915,0.317557251908397,1,1,0.370139968895801,0.304147465437788,0.306976744186047,0.308306709265176,0.998463901689708,0.318110236220472,0.314152410575428,0.4078125,0.312111801242236,0.972644376899696,0.311746987951807,0.0859872611464968,0.319083969465649,0,1,0.089622641509434,0.302034428794992,0.31496062992126,0.312693498452012,1,1,1,1,1,1,0.323943661971831,1,0.31104199066874,0.313628899835796,0.593798449612403,0.689547581903276,1,1,0,0.308980213089802,0.12210200927357,0.998480243161094,0.0341085271317829,1,1,0.311004784688995,1,1,0.630914826498423,0.415335463258786,0.995508982035928,0.0794912559618442,0.0995260663507109,1,1,1,0.0907668231611894,0,0.310872894333844,0.4296875,0.31039755351682,0,0.311912225705329,0.0890302066772655,1,1,0.318112633181126,0.310185185185185,0.251552795031056,0.327503974562798,0.305555555555556,0.312404287901991,1,1,0.325434439178515,1,0,1,0.238828967642527,1,0.68693009118541,1,0.31441717791411,0.296178343949045,0.0724191063174114,0.683153013910355,1,1,0.78806907378336,0.897151898734177,0.309375,0.30829420970266,1,0.30952380952381,0.260869565217391,0.3136,1,0.103715170278638,1,1,0.307453416149068,0.682539682539683,0.305772230889236,1,1,0.301223241590214,0.302652106084243,0.311550151975684,0.858044164037855,0.303599374021909,1,0.06,1,1,0.705701078582434,0.646781789638933,0.31629392971246,0.0595611285266458,0.314375987361769,1,1,0.300314465408805,0.328125,0.622496147919877,1,0.303625377643505,0.368827160493827,0.306060606060606,0.984779299847793,0.476635514018692,0.00460122699386503,0.297090352220521,0.318250377073906,0.319314641744548,0.304416403785489,0.31306990881459,0.968229954614221,1,0.309090909090909,0.550324675324675,0.689274447949527,0.247706422018349,0.689822294022617,1,0.319314641744548,0.00316957210776545,0.323529411764706,0.303738317757009,0.361669242658423,0.312796208530806,0,0.329230769230769,0.316129032258064,0.315625,0.304953560371517
"169",1,1,1,1,1,1,0.69047619047619,1,1,0.102439024390244,1,0.0485133020344288,0.819334389857369,1,0.325949367088608,0.313291139240506,0.0668789808917197,0.673633440514469,1,1,0.303030303030303,0.317307692307692,1,0.157076205287714,1,0.333333333333333,0.331168831168831,1,1,0.774760383386581,0.327073552425665,0.721439749608764,0.959876543209877,0.32182103610675,0,1,0.540412044374009,1,0.308641975308642,1,0.656050955414013,0.66403785488959,0.675465838509317,1,1,0.328548644338118,0.326018808777429,0.332307692307692,0.332814930015552,0.337461300309598,0,1,0.326018808777429,1,1,0.491935483870968,0.552884615384615,1,1,1,0.346687211093991,0.330721003134796,0.327476038338658,0.66403785488959,1,1,0.0429252782193959,1,0.0630630630630631,0.329192546583851,1,0.327073552425665,0.338735818476499,0.966183574879227,0.496875,1,0.318042813455657,0.342465753424658,1,0.326298701298701,0.0901771336553945,0.3376,0.338607594936709,1,0.351648351648352,1,1,1,1,0.68266253869969,1,1,0.00158227848101266,0.1112828438949,1,0.0537634408602151,0,1,0.557692307692308,0.667731629392971,1,0.0581761006289308,0.321259842519685,1,0.32695374800638,1,0.668740279937792,1,0.329133858267717,0.328125,0.32967032967033,1,0.333333333333333,1,0.48297213622291,1,0.330143540669856,0.303459119496855,0.334365325077399,0.3312,0.478056426332288,0.998442367601246,0.339969372128637,0.333333333333333,1,0.3171875,1,1,0.332288401253919,0.561349693251534,1,0.330143540669856,1,0.0459418070444104,1,0.321044546850998,0.666149068322981,0.340062111801242,0.927099841521395,0.45016077170418,0.106918238993711,0.0989010989010989,1,1,0.341194968553459,1,0.32824427480916,1,0.797822706065319,1,0.333333333333333,1,1,1,1,0.345971563981043,1,0.336569579288026,0.254658385093168,1,0.328173374613003,1,0.309262166405024,0.0925039872408294,1,0.318840579710145,1,1,1,0.338485316846986,1,0.337579617834395,1,0.322884012539185,1,0.333860759493671,0.0816640986132511,1,0.630225080385852,1,1,0.326984126984127,1,1,1,1,0.33596214511041,0.317411402157165,1,0.998427672955975,0.326656394453005,0.315705128205128,1,0.434713375796178,0.654078549848943,0,0.32755905511811,0.660436137071651,1,0.334370139968896,1,0.998449612403101,1,0.326530612244898,0.335375191424196,0.341463414634146,1,1,1,0,1,0.3232,0.971786833855799,0.332805071315372,0.31687898089172,0.752365930599369,1,1,1,1,1,0.0501567398119122,0.322834645669291,0.337480559875583,1,0.669230769230769,1,1,0.998420221169036,0.998430141287284,1,1,0.0047244094488189,0.321592649310873,1,0.321711568938193,1,0.3140625,1,1,1,1,1,0.331230283911672,1,0.502392344497608,0.330721003134796,0.339009287925697,0.323899371069182,0.34181240063593,0.338607594936709,0.432692307692308,0.337025316455696,0.329173166926677,0.326018808777429,1,0.329052969502408,1,0.678353658536585,0.321766561514196,0.321372854914197,0.34384858044164,1,1,1,0.263823064770932,0.31875,1,0.333333333333333,0.346444780635401,0.327014218009479,0.334379905808477,0.67515923566879,1,0.32967032967033,0.325949367088608,1,0.312602291325696,1,0.325115562403698,0.323809523809524,1,1,1,0.535101404056162,1,0.682737169517885,0.0856269113149847,0.329133858267717,1,1,0.101851851851852,0.33179012345679,0.341935483870968,1,1,0.31839258114374,0.0253164556962025,0.00323101777059774,1,1,0.344615384615385,0.998415213946117,1,0.326594090202177,1,1,0.329173166926677,1,1,1,1,0.330708661417323,0.321428571428571,0.341307814992026,1,1,0.66304347826087,0.322683706070288,1,0.327217125382263,0.308544303797468,1,1,0.998435054773083,1,1,0.336507936507937,1,1,0.11219512195122,0.343653250773994,0.508607198748044,0.322683706070288,0.658730158730159,0.329211746522411,1,0.327503974562798,0.345425867507886,0.257364341085271,0.334883720930233,1,0.338983050847458,1,1,1,0.320754716981132,0.336434108527132,0.998435054773083,0.916256157635468,0.0686900958466454,1,0.330708661417323,0.339116719242902,0.322222222222222,1,0.343511450381679,0.463790446841294,0.339035769828927,0.321259842519685,0.334928229665072,0.319047619047619,1,0.332258064516129,1,1,0,1,0.333333333333333,1,1,1,0.341692789968652,1,0.325434439178515,1,0.836193447737909,1,1,1,0.327586206896552,1,1,0.320754716981132,0.326465927099842,1,1,0.320754716981132,0.188562596599691,1,0.9984375,1,0,0.328593996840442,1,0.3234375,0.246006389776358,1,0.663522012578616,0.440993788819876,1,1,0.666666666666667,0.691833590138675,0.35303265940902,1,0.333860759493671,1,1,0.346092503987241,1,0.998394863563403,0.00791139240506329,0.337519623233909,1,1,0.334913112164297,1,1,0.32695374800638,0.340590979782271,1,1,1,0.52276295133438,0.321428571428571,0.358490566037736,0.33030303030303,0.344667697063369,0.682965299684543,0.341158059467919,0.333333333333333,0.330769230769231,0.245283018867925,0.327447833065811,1,0.33587786259542,0.998456790123457,0.326594090202177,0.0891238670694864,0.0543478260869565,1,1,0.0425867507886435,1,0.677067082683307,0.0458135860979463,0.0126782884310618,1,0.669266770670827,1,1,0.560126582278481,1,0,0.074313408723748,1,1,1,0.332278481012658,0.640834575260805,0.675986842105263,0.993788819875776,1,0.982785602503912,0.325545171339564,0.333333333333333,1,0.312401883830455,1,0.382677165354331,0.110591900311526,0.318885448916409,0.325227963525836,0.343383584589615,1,0.0816640986132511,1,1,1,0.258064516129032,0.332278481012658,1,0.328571428571429,1,1,0.314329738058552,1,0.336377473363775,1,0.31687898089172,0.33015873015873,1,0.661927330173776,0.323216995447648,1,0.330097087378641,0.762345679012346,0.323943661971831,0.157320872274143,0.333333333333333,0.765432098765432,0.314696485623003,1,0.336463223787167,0.353302611367127,0.306853582554517,1,1,1,0.963993453355156,0.334975369458128,1,0.33495145631068,1,0.332792207792208,0.336973478939158,1,1,1,0.91304347826087,1,0.321044546850998,0.334883720930233,1,1,0.0481540930979133,0.0864779874213836,1,1,0.322683706070288,1,1,0.328616352201258,1,1,0.665629860031104,0.518348623853211,1,0,1,1,0.101226993865031,0.334913112164297,1,0.332298136645963,0.998420221169036,0.959311424100156,0.998425196850394,0.822706065318818,1,0.334928229665072,1,1,1,0,0.326829268292683,1,1,0.660883280757098,1,0.331259720062208,0.36875,0.335423197492163,1,1,1,0.0955315870570108,0.327476038338658,0.0930599369085174,0.998425196850394,0.318110236220472,0.324074074074074,0.360189573459716,0,1,0.953198127925117,1,1,0.339144215530903,0.318885448916409,0.167974882260597,0.046031746031746,0.330696202531646,0.323809523809524,0.336990595611285,0.00162074554294976,0.324409448818898,1,0,0.325652841781874,1,1,1,0.3296875,0.333333333333333,0.0407166123778502,1,0.323343848580442,0.318252730109204,1,1,0.327586206896552,0.686178861788618,1,1,0.679873217115689,1,0.327160493827161,1,0.321259842519685,0.513803680981595,0.658461538461538,0.423963133640553,1,0.312693498452012,0.324367088607595,0.666666666666667,0.655963302752294,1,0.330721003134796,1,0.333843797856049,1,0.331230283911672,0.327974276527331,0.370662460567823,0.538827258320127,0.330658105939005,0.324881141045959,0.650159744408946,0.331259720062208,0.146302250803859,1,0,1,0.308306709265176,1,0,0.334384858044164,0.334920634920635,1,0.0622154779969651,1,0.0893416927899686,0.345161290322581,1,0.0705329153605016,0.656597774244833,1,1,1,0.319870759289176,0.0442748091603053,1,0.434850863422292,0.0964630225080386,0.358461538461538,0.332298136645963,0.333333333333333,1,1,1,1,1,0.0696594427244582,0.99537750385208,0.675968992248062,0.0045045045045045,0.334379905808477,1,1,1,1,0.0911949685534591,0.326594090202177,1,1,1,1,1,1,0.492307692307692,0.0016025641025641,1,0.088785046728972,0.330708661417323,0.428346456692913,1,0.402261712439418,0.330049261083744,0.327073552425665,1,0.0445859872611465,0.328660436137072,1,1,0.379585326953748,0.316358024691358,0.321766561514196,0.329073482428115,0.998444790046656,0.33974358974359,0.331768388106416,0.436507936507937,0.330173775671406,0.972093023255814,0.322678843226788,0.0935023771790808,0.335403726708075,0,1,0.0920634920634921,0.319554848966614,0.323899371069182,0.323854660347551,1,1,1,1,1,1,0.341307814992026,1,0.325949367088608,0.326599326599327,0.6140625,0.660910518053375,1,1,0,0.332298136645963,0.122641509433962,0.998461538461539,0.0396196513470681,1,1,0.324960753532182,1,1,0.648177496038035,0.433870967741936,0.995522388059702,0.0838607594936709,0.106349206349206,1,1,1,0.0938967136150235,0,0.334876543209877,0.43125,0.330733229329173,0,0.341307814992026,0.0907643312101911,1,1,0.334375,0.332288401253919,0.237341772151899,0.348949919224556,0.319875776397516,0.330232558139535,1,1,0.339171974522293,1,0,1,0.227129337539432,1,0.664624808575804,1,0.324492979719189,0.318471337579618,0.08125,0.665109034267913,1,1,0.779714738510301,0.90359477124183,0.330683624801272,0.325320512820513,1,0.327014218009479,0.265625,0.3312,1,0.107142857142857,1,1,0.330708661417323,0.6656,0.319554848966614,1,1,0.318818040435459,0.3198127925117,0.333333333333333,0.850556438791733,0.330112721417069,1,0.0581761006289308,1,1,0.683385579937304,0.637083993660856,0.334431630971993,0.0580847723704867,0.333863275039746,1,1,0.31687898089172,0.340222575516693,0.613707165109034,1,0.31619937694704,0.391104294478528,0.323029366306028,0.986259541984733,0.4679186228482,0.00474683544303797,0.318681318681319,0.333333333333333,0.337579617834395,0.323717948717949,0.328703703703704,0.976599063962558,1,0.323943661971831,0.53484602917342,0.677265500794913,0.241379310344828,0.673770491803279,1,0.33596214511041,0.00313479623824451,0.345911949685535,0.323854660347551,0.392248062015504,0.328571428571429,0,0.341158059467919,0.333865814696486,0.333865814696486,0.326465927099842
"170",0.315955766192733,0.324200913242009,0.335384615384615,0.341194968553459,0.33535660091047,0.32182103610675,0.0253164556962025,0.329704510108865,0.331297709923664,0.562998405103668,0.330757341576507,0.618320610687023,0.523882896764253,0.334365325077399,0.987361769352291,0.986089644513138,0.613394216133942,0.0111111111111111,0.336990595611285,0.321483771251932,0.98740157480315,0.985759493670886,0.335889570552147,0.505376344086022,0.326283987915408,0.989247311827957,0.989028213166144,0.353677621283255,0.322239031770045,0.52276295133438,0.984567901234568,0.596006144393241,0.375572519083969,0.990783410138249,0.652307692307692,0.324104234527687,0.141538461538462,0.337404580152672,0.986404833836858,0.320726172465961,0.0108527131782946,0.0138888888888889,0.0136157337367625,0.347094801223242,0.335949764521193,0.990566037735849,0.993769470404984,0.984732824427481,0.98780487804878,0.987635239567233,0.675344563552833,0.347417840375587,0.986301369863014,0.341463414634146,0.334355828220859,0.819466248037677,0.125786163522013,0.332810047095761,0.326656394453005,0.335925349922239,0.998470948012232,0.987635239567233,0.985645933014354,0.00622083981337481,0.326433121019108,0.336906584992343,0.645061728395062,0.342723004694836,0.593093093093093,0.989441930618401,0.330316742081448,0.987730061349693,0.987301587301587,0.2992,0.162576687116564,0.325373134328358,0.986486486486487,0.992354740061162,0.334848484848485,0.98876404494382,0.589257503949447,0.989230769230769,0.984520123839009,0.344563552833078,0.989164086687306,0.339366515837104,0.332283464566929,0.342105263157895,0.333333333333333,0.0123647604327666,0.332288401253919,0.338278931750742,0.675465838509317,0.563358778625954,0.336990595611285,0.62125748502994,0.662037037037037,0.332312404287902,0.122611464968153,0.0122511485451761,0.324116743471582,0.602184087363494,0.987577639751553,0.321144674085851,0.984447900466563,0.327718223583461,0.0107858243451464,0.349378881987578,0.984662576687117,0.986153846153846,0.986322188449848,0.319571865443425,0.993798449612403,0.342105263157895,0.202435312024353,0.325443786982249,0.989180834621329,0.356707317073171,0.986322188449848,0.988958990536278,0.205564142194745,0.326086956521739,0.98780487804878,0.988976377952756,0.341984732824427,0.986280487804878,0.331369661266568,0.322775263951735,0.352760736196319,0.754545454545455,0.332278481012658,0.986089644513138,0.3421875,0.623145400593472,0.354838709677419,0.984894259818731,0.0076103500761035,0.990839694656489,0.393568147013783,0.876404494382023,0.564945226917058,0.586314152410575,0.341013824884793,0.332273449920509,0.984350547730829,0.329704510108865,0.986404833836858,0.322932917316693,0.519142419601838,0.338391502276176,0.990430622009569,0.316692667706708,0.337007874015748,0.33175355450237,0.338028169014085,0.985849056603774,0.314728682170543,0.987519500780031,0.415407854984894,0.340590979782271,0.987823439878234,0.33843797856049,0.987519500780031,0.580847723704867,0.336990595611285,0.98740157480315,0.327160493827161,0.327217125382263,0.338485316846986,1,0.343076923076923,0.992223950233281,0.3359375,0.989096573208723,0.339285714285714,0.989096573208723,0.584615384615385,0.32093023255814,0.0287081339712919,0.316118935837246,0.3328125,0.987441130298273,0.320061255742726,0.342064714946071,0.337349397590361,0.341121495327103,0.989247311827957,0.990922844175492,0.334389857369255,0.337442218798151,0.98644578313253,0.987361769352291,0.333333333333333,0.230534351145038,0.0165413533834586,0.672782874617737,0.990963855421687,0.0046656298600311,0.338391502276176,0.986506746626687,0.338006230529595,0.328313253012048,0.330289193302892,0.986196319018405,0.989312977099237,0.987240829346092,0.338301043219076,0.332283464566929,0.333848531684699,0.665086887835703,0.321928460342146,0.987240829346092,0.354587869362364,0.989010989010989,0.989230769230769,0.451863354037267,0.339593114241002,0.340490797546012,0.342064714946071,0.322981366459627,0.328100470957614,0.632621951219512,0.987480438184664,0.987786259541985,0.332826747720365,0.00610687022900763,0.346969696969697,0.325825825825826,0.334883720930233,0.318529862174579,0.315457413249211,0.334834834834835,0.684698608964451,0.355855855855856,0.319571865443425,0.989130434782609,0.333848531684699,0.987823439878234,0.32185628742515,0.328616352201258,0.332307692307692,0.35062893081761,0.3232,0.989180834621329,0.332826747720365,0.800312012480499,0.989130434782609,0.989345509893455,0.995290423861852,0.989197530864197,0.984177215189873,0.886942675159236,0.984544049459042,0.992283950617284,0.98936170212766,0.332317073170732,0.987538940809969,0.337641357027464,0.0106382978723404,0.986238532110092,0.36890243902439,0.985781990521327,0.340659340659341,0.338533541341654,0.323529411764706,0.406441717791411,0.984520123839009,0.344615384615385,0.987692307692308,0.989409984871407,0.990683229813665,0.987897125567322,0.0093167701863354,0.322981366459627,0.984615384615385,0.990740740740741,0.337461300309598,0.987240829346092,0.33587786259542,0.987878787878788,0.989180834621329,0.322784810126582,0.346092503987241,0.323943661971831,0.152542372881356,0.340557275541796,0.0108191653786708,0.575485799701046,0.990783410138249,0.327844311377246,0.325545171339564,0.566615620214395,0.987673343605547,0.988976377952756,0.352472089314195,0.347417840375587,0.986259541984733,0.639570552147239,0.674641148325359,0.322378716744914,0.32695374800638,0.989489489489489,0.346153846153846,0.322916666666667,0.984848484848485,0.328746177370031,0.326153846153846,0.992331288343558,0.313664596273292,0.333333333333333,0.326656394453005,0.33693972179289,0.987692307692308,0.98956780923994,0.991883116883117,0.330188679245283,0.341049382716049,0.0214395099540582,0.995305164319249,0.345256609642302,0.990867579908676,0.989180834621329,0.321212121212121,0.341049382716049,0.315548780487805,0.332822085889571,0.331811263318113,0.987616099071207,0.315950920245399,0.326153846153846,0.55993690851735,0.989345509893455,0.826086956521739,0.9858934169279,0.014018691588785,0.986238532110092,0.341791044776119,0.9875,0.987361769352291,0.404580152671756,0.986153846153846,0.331230283911672,0.987878787878788,0.31937984496124,0.323619631901841,0.322727272727273,0.987421383647799,0.987786259541985,0.3328173374613,0.414516129032258,0.604938271604938,0.318611987381703,0.986238532110092,0.986089644513138,0.987480438184664,0.336,0.988095238095238,0.206422018348624,0.989263803680982,0.987654320987654,0.990521327014218,0.98755832037325,0.342987804878049,0.98755832037325,0.330658105939005,0.3515625,0.668711656441718,0.32093023255814,0.986046511627907,0.337941628264209,0.334346504559271,0.328125,0.9858934169279,0.320300751879699,0.984375,0.33987915407855,0.4884437596302,0.336874051593323,0.338557993730408,0.329268292682927,0.987823439878234,0.336973478939158,0.328100470957614,0.986217457886677,0.989096573208723,0.343465045592705,0.335394126738794,0.987767584097859,0.466153846153846,0.32695374800638,0.336923076923077,0.342507645259939,0.659056316590563,0.985804416403785,0.311111111111111,0.989296636085627,0.403755868544601,0.322378716744914,0.0137614678899083,0.881278538812785,0.335433070866142,0.333843797856049,0.00900900900900901,0.0411585365853659,0.990683229813665,0.324655436447167,0.984591679506934,0.3328125,0.331738437001595,0.985959438377535,0.337899543378995,0.332278481012658,0.646697388632873,0.990769230769231,0.336448598130841,0.339035769828927,0.987480438184664,0.329819277108434,0.332810047095761,0.989028213166144,0.331825037707391,0.32182103610675,0.330757341576507,0.346875,0.80365296803653,0.986111111111111,0.970125786163522,0.989660265878877,0.986046511627907,0.00775193798449612,0.98936170212766,0.993817619783617,0.990881458966565,0.408320493066256,0.990536277602524,0.324812030075188,0.993939393939394,0.338533541341654,0.996955859969559,0.591251885369532,0.617824773413897,0.334351145038168,0.337920489296636,0.62037037037037,0.337025316455696,0.00906344410876133,0.609494640122512,0.669218989280245,0.332326283987915,0.0123456790123457,0.321212121212121,0.32348367029549,0.752721617418352,0.345201238390093,0.660990712074303,0.587677725118483,0.330745341614907,0.333333333333333,0.322480620155039,0.990580847723705,0.0237388724035608,0.0143540669856459,0.328220858895706,0.342679127725857,0.34984520123839,0.987673343605547,0.33641975308642,0.329738058551618,0.989010989010989,0.316030534351145,0.94392523364486,0.556942277691108,0.989247311827957,0.986486486486487,0.991749174917492,0.327794561933535,0.594180704441041,0.344360902255639,0.338118022328549,0.328173374613003,0.400914634146341,0.987381703470032,0.330232558139535,0.984423676012461,0.322683706070288,0.324960753532182,0.98936170212766,0.331230283911672,0.985029940119761,0.343799058084772,0.989130434782609,0.987538940809969,0.330769230769231,0.0077639751552795,0.985119047619048,0.336874051593323,0.995253164556962,0.574923547400612,0.986301369863014,0.493846153846154,0.987897125567322,0.557098765432099,0.985781990521327,0.327586206896552,0.987767584097859,0.989345509893455,0.984732824427481,0.328125,0.334379905808477,0.334828101644245,0.3648,0.319422150882825,0.325617283950617,0.990476190476191,0.337984496124031,0.98538961038961,0.986466165413534,0.340490797546012,0.338557993730408,0.339449541284404,0.402457757296467,0.341945288753799,0.987897125567322,0.986259541984733,0.348484848484849,0.34012539184953,0.615141955835962,0.579113924050633,0.331278890600925,0.336434108527132,0.98740157480315,0.321428571428571,0.331316187594554,0.987519500780031,0.323151125401929,0.326086956521739,0.0136986301369863,0.141993957703928,0.330769230769231,0.665676077265973,0.333333333333333,0.335384615384615,0.580838323353293,0.982866043613707,0.3234375,0.993846153846154,0.330757341576507,0.363636363636364,0.332283464566929,0.489230769230769,0.333333333333333,0.990521327014218,0.338485316846986,0.340157480314961,0.343307086614173,0.660606060606061,0.987240829346092,0.340764331210191,0.328746177370031,0.0108695652173913,0.339449541284404,0.985981308411215,0.95679012345679,0.986175115207373,0.334365325077399,0.337941628264209,0.327586206896552,0.566666666666667,0.987480438184664,0.580031695721078,0.34789391575663,0.993893129770992,0.98937784522003,0.975572519083969,0.658986175115207,0.347352024922118,0.376146788990826,0.340943683409437,0.336377473363775,0.989079563182527,0.986404833836858,0.495283018867925,0.611023622047244,0.984276729559748,0.9875,0.987878787878788,0.682464454976303,0.986003110419907,0.34789156626506,0.6703125,0.986404833836858,0.339477726574501,0.319571865443425,0.33695652173913,0.987823439878234,0.989345509893455,0.629513343799058,0.335365853658537,0.987673343605547,0.987767584097859,0.338905775075988,0.326687116564417,0.987711213517665,0.0129032258064516,0.333853354134165,0.321928460342146,0.00156739811912226,0.329249617151608,0.986363636363636,0.326530612244898,0.987692307692308,0.148936170212766,0.0121580547112462,0.892053973013493,0.341463414634146,0.987860394537178,0.986003110419907,0.0109034267912773,0.0106544901065449,0.342105263157895,0.987767584097859,0.330696202531646,0.98956780923994,0.3171875,0.987692307692308,0.987577639751553,0.963358778625954,0.765432098765432,0.990595611285266,0.987361769352291,0.00465116279069767,0.986238532110092,0.508856682769726,0.3421875,0.656060606060606,0.334862385321101,0.9875,0.322137404580153,0.658986175115207,0.989079563182527,0.987361769352291,0.329192546583851,0.6,0.342064714946071,0.574074074074074,0.979527559055118,0.342635658914729,0.586314152410575,0.00615384615384615,0.326625386996904,0.338931297709924,0.334341906202723,0.9888,0.615384615384615,0.330804248861912,0.897832817337461,0.576086956521739,0.974358974358974,0.984591679506934,0.989329268292683,0.331797235023041,0.352564102564103,0.324921135646688,0.331804281345566,0.334862385321101,0.599702380952381,0.317220543806647,0.0106221547799697,0.663189269746647,0.990881458966565,0.337984496124031,0.323574730354391,0.3312,0.335866261398176,0.591743119266055,0.986342943854325,0.349085365853659,0.352664576802508,0.347687400318979,0.339009287925697,0.332307692307692,0.32824427480916,0.197604790419162,0.665605095541401,0.336448598130841,0.587423312883436,0.989164086687306,0.238021638330757,0.332824427480916,0.924646781789639,0.987012987012987,0.989214175654854,0.325581395348837,0.623456790123457,0.987767584097859,0.337442218798151,0.315625,0.964396284829721,0.987951807228916,0.986003110419907,0.990536277602524,0.335854765506808,0.988958990536278,0.987841945288754,0.889060092449923,0.989130434782609,0.361153262518968,0.985096870342772,0.578369905956113,0.99075500770416,0.660550458715596,0.321428571428571,0.579439252336449,0.985804416403785,0.987654320987654,0.9859375,0.340458015267176,0.33843797856049,0.341692789968652,0.329721362229102,0.3408,0.338006230529595,0.988871224165342,0.325617283950617,0.98755832037325,0.988448844884488,0.707317073170732,0.0125786163522013,0.339421613394216,0.328746177370031,0.657975460122699,0.986280487804878,0.547400611620795,0.336826347305389,0.63125,0.329704510108865,0.3359375,0.989164086687306,0.321981424148607,0.331179321486268,0.673501577287066,0.891547049441786,0.336749633967789,0.590189873417722,0.560747663551402,0.336405529953917,0.342679127725857,0.324655436447167,0.581039755351682,0.660633484162896,0.990936555891239,0.900943396226415,0.986238532110092,0.651127819548872,0.990491283676704,0.582677165354331,0.332302936630603,0.342229199372057,0.989393939393939,0.987673343605547,0.413685847589425,0.995238095238095,0.992389649923896,0.98937784522003,0.332822085889571,0.34375,0.992063492063492,0.323397913561848,0.665144596651446,0.344186046511628,0.442006269592476,0.309597523219814,0.0109034267912773,0.332321699544765,0.989130434782609,0.985759493670886,0.584615384615385,0.0121396054628225,0.343260188087774,0.34009360374415,0.117924528301887,0.438202247191011,0.989045383411581,0.988906497622821,0.33026113671275,0.992272024729521,0.396604938271605,0.985736925515055,0.342857142857143,0.570552147239264,0.334862385321101,0.334375,0.98755832037325,0.0126984126984127,0.989010989010989,0.324921135646688,0.332810047095761,0.992424242424242,0.986003110419907,0.989505247376312,0.448657187993681,0.988993710691824,0.331278890600925,0.60790273556231,0.347222222222222,0.342857142857143,0.0121212121212121,0.036979969183359,0.987138263665595,0.61171032357473,0.992319508448541,0.339035769828927,0.350877192982456,0.986046511627907,0.989230769230769,0.158610271903323,0.330792682926829,0.986425339366516,0.890243902439024,0.990811638591118,0.33984962406015,0.200934579439252,0.654853620955316,0.987767584097859,0.988059701492537,0.987421383647799,0.987261146496815,0.986607142857143,0.302431610942249,0.32,0.989312977099237,0.123003194888179,0.0110759493670886,0.420245398773006,0.0095389507154213,0.347222222222222,0.986068111455108,0.658385093167702,0.987577639751553,0.98936170212766,0.875190258751903,0.990580847723705,0.662079510703364,0.990769230769231,0.986024844720497,0.989113530326594,0.990697674418605
"171",1,1,1,1,1,1,0.694267515923567,1,1,0.106035889070147,1,0.0436817472698908,0.806138933764136,1,0.319685039370079,0.314285714285714,0.0653188180404355,0.684210526315789,1,1,0.296411856474259,0.321711568938193,1,0.172093023255814,1,0.332810047095761,0.322632423756019,1,1,0.782747603833866,0.31875,0.721362229102167,0.969040247678019,0.31875,0,1,0.541085271317829,1,0.304147465437788,1,0.655226209048362,0.672413793103448,0.687405159332322,1,1,0.327503974562798,0.317034700315457,0.317901234567901,0.331288343558282,0.332307692307692,0,1,0.320433436532508,1,1,0.495238095238095,0.565977742448331,1,1,1,0.334876543209877,0.320754716981132,0.325471698113208,0.671949286846276,1,1,0.0337620578778135,1,0.0598159509202454,0.322981366459627,1,0.32753164556962,0.3354943273906,0.962204724409449,0.522480620155039,1,0.312788906009245,0.343511450381679,1,0.320967741935484,0.0925324675324675,0.330658105939005,0.329113924050633,1,0.344287949921753,1,1,1,1,0.687301587301587,1,1,0.00156494522691706,0.113003095975232,1,0.0460829493087558,0,1,0.568881685575365,0.6765625,1,0.0554675118858954,0.317610062893082,1,0.320695102685624,1,0.681318681318681,1,0.3265625,0.328593996840442,0.327102803738318,1,0.33175355450237,1,0.497702909647779,1,0.317683881064163,0.311912225705329,0.325227963525836,0.325471698113208,0.496875,0.998447204968944,0.328725038402458,0.3184,1,0.308176100628931,1,1,0.335443037974684,0.568778979907264,1,0.318979266347687,1,0.0409711684370258,1,0.320061255742726,0.67687595712098,0.335423197492163,0.929133858267717,0.446054750402576,0.111287758346582,0.103610675039246,1,1,0.339144215530903,1,0.323076923076923,1,0.803405572755418,1,0.324881141045959,1,1,1,1,0.333333333333333,1,0.321259842519685,0.261682242990654,1,0.32093023255814,1,0.305379746835443,0.0920634920634921,1,0.317741935483871,1,1,1,0.343076923076923,1,0.339089481946625,1,0.314553990610329,1,0.330683624801272,0.0783699059561129,1,0.634146341463415,1,1,0.330696202531646,1,1,1,1,0.322884012539185,0.319444444444444,1,0.998417721518987,0.321646341463415,0.31629392971246,1,0.457278481012658,0.659574468085106,0,0.328638497652582,0.667697063369397,1,0.327131782945736,1,0.998480243161094,1,0.321766561514196,0.325115562403698,0.33868378812199,1,1,1,0,1,0.313408723747981,0.971786833855799,0.328525641025641,0.317262830482115,0.758241758241758,1,1,1,1,1,0.0453834115805947,0.319488817891374,0.32967032967033,1,0.673879443585781,1,1,0.998430141287284,0.998454404945904,1,1,0.00309597523219814,0.322033898305085,1,0.316455696202532,1,0.311526479750779,1,1,1,1,1,0.328660436137072,1,0.503184713375796,0.335443037974684,0.334869431643625,0.314785373608903,0.330721003134796,0.335453100158982,0.435897435897436,0.341732283464567,0.315789473684211,0.31733746130031,1,0.324921135646688,1,0.683890577507599,0.322734499205087,0.319875776397516,0.340222575516693,1,1,1,0.268867924528302,0.317610062893082,1,0.322784810126582,0.33030303030303,0.3265625,0.329721362229102,0.681318681318681,1,0.328703703703704,0.320063694267516,1,0.303370786516854,1,0.31055900621118,0.31911532385466,1,1,1,0.546603475513428,1,0.677621283255086,0.0872894333843798,0.328050713153724,1,1,0.103286384976526,0.324534161490683,0.330670926517572,1,1,0.308777429467085,0.0207006369426752,0.00158982511923688,1,1,0.340978593272171,1,1,0.319508448540707,1,1,0.31875,1,1,1,1,0.32348367029549,0.318461538461538,0.333863275039746,1,1,0.665634674922601,0.320813771517997,1,0.315548780487805,0.306729264475743,1,1,0.998449612403101,1,1,0.335463258785943,1,1,0.112359550561798,0.335403726708075,0.506349206349206,0.317307692307692,0.666144200626959,0.320493066255778,1,0.316770186335404,0.342723004694836,0.261006289308176,0.328197226502311,1,0.332312404287902,1,1,1,0.315372424722662,0.332822085889571,0.998447204968944,0.918962722852512,0.0651828298887122,1,0.322932917316693,0.322734499205087,0.312599681020734,1,0.332822085889571,0.481308411214953,0.330246913580247,0.313971742543171,0.322169059011164,0.314696485623003,1,0.326433121019108,1,1,0,1,0.323151125401929,1,1,1,0.336492890995261,1,0.320695102685624,1,0.830985915492958,1,1,1,0.316770186335404,1,1,0.319875776397516,0.31974921630094,1,1,0.316692667706708,0.197226502311248,1,0.998439937597504,1,0,0.331230283911672,1,0.315870570107858,0.252365930599369,1,0.674454828660436,0.433229813664596,1,1,0.671709531013616,0.690140845070423,0.351181102362205,1,0.318110236220472,1,1,0.339144215530903,1,0.998417721518987,0.00783699059561128,0.332283464566929,1,1,0.331189710610932,1,1,0.314516129032258,0.345256609642302,1,1,1,0.521193092621664,0.317829457364341,0.35,0.319634703196347,0.330757341576507,0.675590551181102,0.330721003134796,0.333333333333333,0.325688073394495,0.246835443037975,0.325842696629214,1,0.323529411764706,0.998412698412698,0.321875,0.086890243902439,0.0498442367601246,1,1,0.0376175548589342,1,0.67601246105919,0.0429252782193959,0.0095389507154213,1,0.674418604651163,1,1,0.563091482649842,1,0,0.0784,1,1,1,0.331730769230769,0.644144144144144,0.682487725040916,0.993779160186625,1,0.984520123839009,0.312989045383412,0.338072669826224,1,0.307086614173228,1,0.375594294770206,0.110754414125201,0.308544303797468,0.323216995447648,0.339527027027027,1,0.0826833073322933,1,1,1,0.263399693721286,0.326433121019108,1,0.324193548387097,1,1,0.321592649310873,1,0.328267477203647,1,0.322222222222222,0.320063694267516,1,0.670906200317965,0.319083969465649,1,0.314194577352472,0.761829652996845,0.320610687022901,0.169781931464174,0.319634703196347,0.771428571428571,0.309791332263242,1,0.332805071315372,0.339506172839506,0.300469483568075,1,1,1,0.969793322734499,0.353618421052632,1,0.332797427652733,1,0.328990228013029,0.330757341576507,1,1,1,0.9140625,1,0.319875776397516,0.331768388106416,1,1,0.0499194847020934,0.0850722311396469,1,1,0.318910256410256,1,1,0.3234375,1,1,0.673534072900158,0.538343558282209,1,0,1,1,0.107858243451464,0.325,1,0.328593996840442,0.998432601880878,0.965408805031447,0.998412698412698,0.818466353677621,1,0.339228295819936,1,1,1,0,0.31869918699187,1,1,0.666666666666667,1,0.327613104524181,0.36875,0.329153605015674,1,1,1,0.099236641221374,0.326433121019108,0.0920634920634921,0.998432601880878,0.316846986089645,0.320373250388802,0.362940275650842,0,1,0.95800933125972,1,1,0.335423197492163,0.308282208588957,0.171428571428571,0.0383386581469649,0.320251177394035,0.3171875,0.329173166926677,0.00161030595813205,0.325471698113208,1,0,0.32093023255814,1,1,1,0.3234375,0.329211746522411,0.0359477124183007,1,0.317891373801917,0.31619937694704,1,1,0.32018927444795,0.690909090909091,1,1,0.6912,1,0.317557251908397,1,0.3203125,0.53323029366306,0.668202764976959,0.415915915915916,1,0.303405572755418,0.3171875,0.672333848531685,0.661585365853659,1,0.336923076923077,1,0.331818181818182,1,0.324367088607595,0.321144674085851,0.357254290171607,0.53582554517134,0.323717948717949,0.317535545023697,0.65511811023622,0.320754716981132,0.154471544715447,1,0,1,0.302884615384615,1,0,0.323899371069182,0.321086261980831,1,0.0577507598784195,1,0.0911949685534591,0.339652448657188,1,0.0686427457098284,0.664566929133858,1,1,1,0.314424635332253,0.0383435582822086,1,0.432432432432432,0.104333868378812,0.361111111111111,0.329704510108865,0.332307692307692,1,1,1,1,1,0.0685975609756098,0.995447647951442,0.679938744257274,0.00305343511450382,0.330721003134796,1,1,1,1,0.0962145110410095,0.321928460342146,1,1,1,1,1,1,0.501538461538461,0.00157977883096367,1,0.0882352941176471,0.328660436137072,0.440809968847352,1,0.392125984251968,0.318555008210181,0.321316614420063,1,0.0395569620253165,0.323529411764706,1,1,0.37220447284345,0.317262830482115,0.314728682170543,0.325842696629214,0.998454404945904,0.334928229665072,0.328197226502311,0.438485804416404,0.317965023847377,0.972350230414747,0.323574730354391,0.0858995137763371,0.3328125,0,1,0.0963665086887836,0.316614420062696,0.32755905511811,0.326053042121685,1,1,1,1,1,1,0.340764331210191,1,0.323390894819466,0.315270935960591,0.625585023400936,0.6703125,1,1,0,0.327718223583461,0.125391849529781,0.998466257668712,0.0377952755905512,1,1,0.319685039370079,1,1,0.640253565768621,0.426256077795786,0.995481927710843,0.0857142857142857,0.105095541401274,1,1,1,0.0938967136150235,0,0.326053042121685,0.415605095541401,0.31733746130031,0,0.339256865912762,0.0863422291993721,1,1,0.328682170542636,0.323899371069182,0.251956181533646,0.340872374798061,0.324242424242424,0.330218068535826,1,1,0.329093799682035,1,0,1,0.235759493670886,1,0.666666666666667,1,0.31875,0.309178743961353,0.0811232449297972,0.674772036474164,1,1,0.784565916398714,0.892282958199357,0.317965023847377,0.323151125401929,1,0.324881141045959,0.26645264847512,0.330128205128205,1,0.111975116640746,1,1,0.321538461538462,0.67205169628433,0.317965023847377,1,1,0.314814814814815,0.317034700315457,0.329770992366412,0.868589743589744,0.321316614420063,1,0.057542768273717,1,1,0.691131498470948,0.646781789638933,0.325242718446602,0.0570522979397781,0.329192546583851,1,1,0.31629392971246,0.332298136645963,0.618153364632238,1,0.315301391035549,0.389570552147239,0.31832298136646,0.984423676012461,0.48125,0.00467289719626168,0.307692307692308,0.330781010719755,0.339228295819936,0.32,0.322727272727273,0.972434915773354,1,0.319938176197836,0.552166934189406,0.671521035598705,0.244131455399061,0.67816091954023,1,0.325688073394495,0.00158478605388273,0.33175355450237,0.316770186335404,0.384858044164038,0.330112721417069,0,0.341614906832298,0.330658105939005,0.332288401253919,0.320695102685624
"172",0.307936507936508,0.322274881516588,0.321766561514196,0.331723027375201,0.324615384615385,0.318611987381703,0.00963081861958266,0.32741935483871,0.310452418096724,0.569131832797428,0.324074074074074,0.628751974723539,0.52411575562701,0.324921135646688,1,1,0.607535321821036,0,0.332263242375602,0.31496062992126,1,1,0.330733229329173,0.500792393026941,0.317073170731707,1,1,0.340872374798061,0.322429906542056,0.534959349593496,1,0.600313479623824,0.383775351014041,0.998420221169036,0.658227848101266,0.316225165562914,0.131172839506173,0.329754601226994,1,0.310725552050473,0,0,0,0.332805071315372,0.328455284552846,1,0.998407643312102,1,1,1,0.6796875,0.333333333333333,1,0.333863275039746,0.312597200622084,0.817447495961228,0.115942028985507,0.323899371069182,0.318110236220472,0.330683624801272,0.995419847328244,1,1,0.0016025641025641,0.320785597381342,0.323809523809524,0.641509433962264,0.331746031746032,0.608761329305136,1,0.323390894819466,1,1,0.282258064516129,0.146919431279621,0.326687116564417,1,0.996927803379416,0.330745341614907,1,0.585924713584288,1,1,0.334394904458599,1,0.338414634146341,0.322115384615385,0.337559429477021,0.325545171339564,0,0.322274881516588,0.333333333333333,0.677777777777778,0.579937304075235,0.32520325203252,0.632465543644717,0.673501577287066,0.311811023622047,0.114192495921697,0,0.320634920634921,0.606299212598425,1,0.326332794830372,1,0.329052969502408,0,0.328571428571429,1,1,1,0.310664605873261,0.998415213946117,0.325581395348837,0.197802197802198,0.318042813455657,1,0.356466876971609,1,1,0.189873417721519,0.322932917316693,1,1,0.333846153846154,1,0.325190839694657,0.322239031770045,0.363067292644757,0.765069551777434,0.325732899022801,1,0.336025848142165,0.625954198473282,0.342532467532468,1,0,1,0.377535101404056,0.8896,0.57753164556962,0.587025316455696,0.326498422712934,0.336012861736334,1,0.324409448818898,1,0.315789473684211,0.510971786833856,0.331782945736434,1,0.319314641744548,0.324409448818898,0.3232,0.333333333333333,1,0.313099041533546,1,0.429906542056075,0.335433070866142,1,0.326186830015314,1,0.583601286173633,0.321543408360129,1,0.324921135646688,0.326433121019108,0.337579617834395,0.992223950233281,0.339089481946625,1,0.325878594249201,1,0.331168831168831,1,0.583850931677019,0.304897314375987,0.0258899676375405,0.308544303797468,0.324367088607595,1,0.307448494453249,0.32348367029549,0.324031007751938,0.333333333333333,1,1,0.329581993569132,0.333863275039746,1,1,0.338050314465409,0.23444976076555,0.0121951219512195,0.673405909797823,1,0,0.321875,1,0.321486268174475,0.316770186335404,0.318252730109204,0.996884735202492,1,1,0.333333333333333,0.317741935483871,0.325581395348837,0.666666666666667,0.309033280507132,1,0.352564102564103,1,1,0.433281004709576,0.326984126984127,0.329192546583851,0.336,0.30379746835443,0.327922077922078,0.633440514469453,1,1,0.316614420062696,0.00308641975308642,0.319758672699849,0.321538461538462,0.325396825396825,0.314553990610329,0.311708860759494,0.322480620155039,0.693972179289026,0.354391371340524,0.310452418096724,1,0.328,1,0.311728395061728,0.317460317460317,0.320813771517997,0.340288924558588,0.313821138211382,1,0.327073552425665,0.808988764044944,1,1,1,1,1,0.899521531100478,1,1,1,0.324534161490683,1,0.333333333333333,0,1,0.367601246105919,1,0.330645161290323,0.330188679245283,0.325984251968504,0.413078149920255,1,0.328660436137072,1,1,1,1,0,0.321656050955414,1,1,0.323343848580442,1,0.325508607198748,1,1,0.317230273752013,0.329032258064516,0.317384370015949,0.144200626959248,0.331230283911672,0,0.58599695585997,1,0.324492979719189,0.322683706070288,0.564742589703588,1,1,0.333333333333333,0.336538461538462,1,0.645569620253165,0.689102564102564,0.315372424722662,0.326229508196721,0.99388379204893,0.337559429477021,0.309090909090909,1,0.321981424148607,0.316118935837246,1,0.313291139240506,0.330696202531646,0.316770186335404,0.322274881516588,1,1,1,0.309636650868878,0.326433121019108,0.00622083981337481,0.996805111821086,0.343450479233227,1,1,0.319083969465649,0.328725038402458,0.316770186335404,0.324324324324324,0.322530864197531,1,0.314194577352472,0.319047619047619,0.564019448946515,1,0.841017488076312,1,0,1,0.329249617151608,1,1,0.406593406593407,1,0.32695374800638,1,0.32120253164557,0.30564263322884,0.322981366459627,1,1,0.325984251968504,0.408723747980614,0.605136436597111,0.30064308681672,1,1,1,0.328478964401294,1,0.198083067092652,1,1,1,1,0.33489827856025,1,0.324546952224053,0.34384858044164,0.671949286846276,0.314102564102564,1,0.334384858044164,0.324074074074074,0.327447833065811,1,0.315384615384615,1,0.327188940092166,0.492211838006231,0.332288401253919,0.3328,0.319444444444444,1,0.323101777059774,0.317741935483871,1,1,0.328100470957614,0.320063694267516,1,0.471138845553822,0.322950819672131,0.336973478939158,0.337480559875583,0.667189952904239,1,0.304560260586319,1,0.420722135007849,0.313195548489666,0,0.881638846737481,0.326892109500805,0.331179321486268,0,0.0333863275039746,0.985759493670886,0.330128205128205,1,0.319620253164557,0.321027287319422,1,0.331797235023041,0.322734499205087,0.660883280757098,1,0.321428571428571,0.329652996845426,1,0.320813771517997,0.318255250403877,1,0.3265625,0.317741935483871,0.325,0.337579617834395,0.813880126182965,1,0.985645933014354,1,1,0,1,0.996865203761755,1,0.416139240506329,0.998373983739837,0.323529411764706,0.996927803379416,0.333333333333333,0.996884735202492,0.596330275229358,0.614173228346457,0.330203442879499,0.326625386996904,0.632329635499208,0.323577235772358,0,0.623824451410658,0.673534072900158,0.322480620155039,0,0.312401883830455,0.317111459968603,0.77258064516129,0.331240188383046,0.675118858954041,0.587662337662338,0.327014218009479,0.328220858895706,0.31055900621118,1,0.0199692780337942,0,0.315541601255887,0.337539432176656,0.333333333333333,1,0.332288401253919,0.327639751552795,1,0.318885448916409,0.943127962085308,0.560777957860616,1,1,0.996644295302013,0.327639751552795,0.604294478527607,0.333846153846154,0.320907617504052,0.318979266347687,0.417956656346749,1,0.321711568938193,1,0.3278955954323,0.322115384615385,1,0.321144674085851,1,0.330658105939005,1,1,0.3248,0,1,0.329704510108865,1,0.571870170015456,1,0.498456790123457,1,0.571653543307087,1,0.326892109500805,1,1,1,0.323717948717949,0.331189710610932,0.322033898305085,0.348460291734198,0.326765188834154,0.321259842519685,1,0.326530612244898,1,1,0.330173775671406,0.326923076923077,0.324615384615385,0.391785150078989,0.325652841781874,1,1,0.339089481946625,0.332792207792208,0.618296529968454,0.588141025641026,0.321766561514196,0.3312,1,0.313084112149533,0.326153846153846,0.996875,0.305555555555556,0.318681318681319,0,0.13312693498452,0.322327044025157,0.677272727272727,0.32755905511811,0.3265625,0.585139318885449,0.9968,0.319620253164557,1,0.323717948717949,0.357371794871795,0.329052969502408,0.486529318541997,0.321656050955414,1,0.326053042121685,0.330112721417069,0.335473515248796,0.6734375,1,0.330143540669856,0.32967032967033,0,0.331259720062208,1,0.956454121306376,1,0.326594090202177,0.334370139968896,0.32484076433121,0.57427258805513,1,0.58664546899841,0.341307814992026,1,1,0.973684210526316,0.66877971473851,0.33868378812199,0.374213836477987,0.324960753532182,0.327102803738318,1,1,0.504761904761905,0.627388535031847,1,1,1,0.687702265372168,1,0.3296875,0.68312101910828,1,0.333333333333333,0.329093799682035,0.327044025157233,0.998435054773083,1,0.63915857605178,0.329738058551618,1,1,0.332814930015552,0.313694267515924,1,0,0.318979266347687,0.318541996830428,0.0032,0.328616352201258,1,0.323248407643312,1,0.141984732824427,0,0.901386748844376,0.332283464566929,1,1,0,0,0.328660436137072,1,0.314009661835749,1,0.319935691318328,1,1,0.968203497615262,0.784711388455538,1,1,0.00313479623824451,1,0.499165275459099,0.333333333333333,0.664576802507837,0.333333333333333,1,0.312399355877617,0.667189952904239,1,1,0.317666126418152,0.613636363636364,0.330246913580247,0.5776,0.973058637083994,0.344051446945338,0.591194968553459,0.00634920634920635,0.326018808777429,0.329173166926677,0.324492979719189,1,0.624806201550388,0.312893081761006,0.897151898734177,0.57784911717496,0.972006220839813,1,1,0.316614420062696,0.352365415986949,0.313504823151125,0.324960753532182,0.325984251968504,0.609160305343511,0.315950920245399,0,0.672256097560976,0.998447204968944,0.336507936507937,0.312101910828025,0.32569558101473,0.326219512195122,0.596184419713832,1,0.339035769828927,0.346092503987241,0.340356564019449,0.328,0.319875776397516,0.325471698113208,0.180967238689548,0.676848874598071,0.321766561514196,0.590490797546012,1,0.232227488151659,0.329032258064516,0.921725239616613,1,1,0.322115384615385,0.63265306122449,1,0.324409448818898,0.304487179487179,0.95859872611465,1,1,0.998381877022654,0.332810047095761,1,1,0.898573692551506,1,0.357366771159875,1,0.590322580645161,1,0.676470588235294,0.320126782884311,0.5968,1,1,0.992199687987519,0.3359375,0.337007874015748,0.33442088091354,0.325914149443561,0.329563812600969,0.330658105939005,0.987138263665595,0.322327044025157,1,1,0.7234375,0,0.330188679245283,0.324451410658307,0.668730650154799,1,0.555555555555556,0.33026113671275,0.63349131121643,0.321144674085851,0.3278955954323,1,0.320063694267516,0.332225913621262,0.689102564102564,0.912828947368421,0.332829046898638,0.594249201277955,0.570287539936102,0.333855799373041,0.331210191082803,0.310126582278481,0.5859375,0.672386895475819,1,0.901771336553945,1,0.660964230171073,0.998376623376623,0.585209003215434,0.323296354992076,0.33974358974359,1,1,0.424290220820189,0.996784565916399,0.996918335901387,1,0.319620253164557,0.33125,1,0.322137404580153,0.676656151419558,0.337025316455696,0.445337620578778,0.315789473684211,0,0.3140625,1,1,0.583987441130298,0,0.340189873417722,0.321656050955414,0.108452950558214,0.417763157894737,1,1,0.327160493827161,1,0.407290015847861,1,0.332317073170732,0.572784810126582,0.332263242375602,0.325396825396825,1,0,1,0.314845024469821,0.322734499205087,1,1,1,0.44,1,0.32182103610675,0.615264797507788,0.340694006309148,0.336012861736334,0,0.0351437699680511,1,0.619047619047619,1,0.336463223787167,0.339869281045752,1,1,0.166929133858268,0.322378716744914,1,0.906687402799378,1,0.328682170542636,0.192125984251969,0.661442006269592,1,1,1,1,1,0.295489891135303,0.313694267515924,1,0.110749185667752,0,0.421875,0,0.335463258785943,1,0.674085850556439,1,1,0.890795631825273,1,0.671274961597542,1,1,1,1
"173",1,1,1,1,1,1,0.705501618122977,1,1,0.09688013136289,1,0.0446841294298921,0.832797427652733,1,0.317535545023697,0.310126582278481,0.0639625585023401,0.687908496732026,1,1,0.294392523364486,0.318910256410256,1,0.149136577708006,1,0.332810047095761,0.32463295269168,1,1,0.794952681388013,0.314285714285714,0.737678855325914,0.968553459119497,0.323151125401929,0,1,0.54858934169279,1,0.290715372907154,1,0.659305993690852,0.675590551181102,0.687402799377916,1,1,0.315447154471545,0.321766561514196,0.308166409861325,0.325545171339564,0.331240188383046,0,1,0.316118935837246,1,1,0.499197431781701,0.562700964630225,1,1,1,0.327217125382263,0.317307692307692,0.317307692307692,0.672897196261682,1,1,0.0412044374009509,1,0.0568356374807988,0.323664122137405,1,0.323296354992076,0.322899505766063,0.965798045602606,0.512345679012346,1,0.314152410575428,0.338582677165354,1,0.320325203252033,0.0901639344262295,0.330618892508143,0.337579617834395,1,0.3421875,1,1,1,1,0.691943127962085,1,1,0.00157977883096367,0.103125,1,0.0479134466769706,0,1,0.565008025682183,0.673566878980892,1,0.0576323987538941,0.322834645669291,1,0.310509554140127,1,0.677165354330709,1,0.321086261980831,0.316692667706708,0.316279069767442,1,0.322530864197531,1,0.4859375,1,0.31911532385466,0.29635499207607,0.326656394453005,0.320695102685624,0.476635514018692,0.998420221169036,0.328703703703704,0.322006472491909,1,0.313755795981453,1,1,0.328548644338118,0.551937984496124,1,0.317535545023697,1,0.044478527607362,1,0.318252730109204,0.673501577287066,0.326498422712934,0.933753943217666,0.431596091205212,0.101426307448494,0.0956112852664577,1,1,0.33015873015873,1,0.321156773211568,1,0.820592823712949,1,0.329545454545455,1,1,1,1,0.337025316455696,1,0.324193548387097,0.262090483619345,1,0.318181818181818,1,0.308411214953271,0.0841269841269841,1,0.312101910828025,1,1,1,0.3359375,1,0.325878594249201,1,0.307570977917981,1,0.318910256410256,0.0746031746031746,1,0.641571194762684,1,1,0.319422150882825,1,1,1,1,0.328050713153724,0.320872274143302,1,0.998407643312102,0.326086956521739,0.312903225806452,1,0.446540880503145,0.668702290076336,0,0.322274881516588,0.667189952904239,1,0.328593996840442,1,0.998456790123457,1,0.318818040435459,0.326120556414219,0.334410339256866,1,1,1,0,1,0.306089743589744,0.971786833855799,0.3344,0.3184,0.752351097178683,1,1,1,1,1,0.0467741935483871,0.319488817891374,0.325,1,0.681818181818182,1,1,0.998402555910543,0.998430141287284,1,1,0.00463678516228748,0.30829420970266,1,0.317817014446228,1,0.304552590266876,1,1,1,1,1,0.3344,1,0.491909385113269,0.325842696629214,0.333848531684699,0.317817014446228,0.323899371069182,0.337641357027464,0.419934640522876,0.330696202531646,0.322480620155039,0.316037735849057,1,0.325949367088608,1,0.686427457098284,0.317535545023697,0.306853582554517,0.338557993730408,1,1,1,0.248397435897436,0.309968847352025,1,0.320574162679426,0.328197226502311,0.313291139240506,0.32182103610675,0.684887459807074,1,0.324074074074074,0.31629392971246,1,0.307941653160454,1,0.316279069767442,0.322734499205087,1,1,1,0.540284360189573,1,0.684126984126984,0.0822981366459627,0.326498422712934,1,1,0.0985915492957746,0.323943661971831,0.32794830371567,1,1,0.309597523219814,0.0259319286871961,0.00321027287319422,1,1,0.349453978159126,0.998412698412698,1,0.317610062893082,1,1,0.323809523809524,1,1,1,1,0.330143540669856,0.311077389984825,0.331723027375201,1,1,0.671826625386997,0.324921135646688,1,0.31839258114374,0.300476947535771,1,1,0.998449612403101,1,1,0.322169059011164,1,1,0.105263157894737,0.338557993730408,0.489028213166144,0.314606741573034,0.674050632911392,0.311526479750779,1,0.30622009569378,0.34384858044164,0.250391236306729,0.322981366459627,1,0.328220858895706,1,1,1,0.310289389067524,0.326625386996904,0.998430141287284,0.926470588235294,0.0623003194888179,1,0.3234375,0.318910256410256,0.318840579710145,1,0.326594090202177,0.469745222929936,0.329652996845426,0.308777429467085,0.320967741935484,0.316720257234727,1,0.3312,1,1,0,1,0.320634920634921,1,1,1,0.333860759493671,1,0.312,1,0.840625,1,1,1,0.317757009345794,1,1,0.317610062893082,0.317535545023697,1,1,0.314873417721519,0.185298621745789,1,0.9984375,1,0,0.313408723747981,1,0.313572542901716,0.243630573248408,1,0.675039246467818,0.424148606811146,1,1,0.671686746987952,0.695102685624013,0.354430379746835,1,0.324451410658307,1,1,0.333863275039746,1,0.998410174880763,0.00786163522012579,0.330683624801272,1,1,0.32258064516129,1,1,0.309636650868878,0.325471698113208,1,1,1,0.523584905660377,0.311811023622047,0.35426731078905,0.323664122137405,0.333333333333333,0.69047619047619,0.338028169014085,0.330708661417323,0.316692667706708,0.239234449760766,0.321486268174475,1,0.327160493827161,0.998394863563403,0.319047619047619,0.0830769230769231,0.0529595015576324,1,1,0.0407523510971787,1,0.683307332293292,0.0428571428571429,0.0128410914927769,1,0.676190476190476,1,1,0.5456,1,0,0.0726978998384491,1,1,1,0.332794830371567,0.639939485627837,0.678513731825525,0.992307692307692,1,0.9858934169279,0.306729264475743,0.345483359746434,1,0.301916932907348,1,0.365930599369085,0.107717041800643,0.31441717791411,0.325227963525836,0.334991708126036,1,0.0803149606299213,1,1,1,0.253869969040248,0.330128205128205,1,0.322683706070288,1,1,0.310344827586207,1,0.329787234042553,1,0.307324840764331,0.324367088607595,1,0.66984126984127,0.323664122137405,1,0.317891373801917,0.764521193092622,0.32,0.150554675118859,0.32312404287902,0.778846153846154,0.310509554140127,1,0.329652996845426,0.341049382716049,0.297507788161994,1,1,1,0.970540098199673,0.342762063227953,1,0.318032786885246,1,0.318627450980392,0.319875776397516,1,1,1,0.923930269413629,1,0.317484662576687,0.321372854914197,1,1,0.0480769230769231,0.0838709677419355,1,1,0.305331179321486,1,1,0.319047619047619,1,1,0.677830940988836,0.534668721109399,1,0,1,1,0.0959752321981424,0.32967032967033,1,0.325984251968504,0.998425196850394,0.966772151898734,0.998394863563403,0.834905660377358,1,0.333333333333333,1,1,1,0,0.313014827018122,1,1,0.671899529042386,1,0.310344827586207,0.364632237871674,0.3203125,1,1,1,0.0890625,0.328025477707006,0.0901771336553945,0.998394863563403,0.316279069767442,0.319685039370079,0.354134165366615,0,1,0.955905511811024,1,1,0.337115072933549,0.310291858678955,0.154589371980676,0.0416666666666667,0.321086261980831,0.31875,0.3296875,0.00161290322580645,0.321259842519685,1,0,0.323854660347551,1,1,1,0.322429906542056,0.324492979719189,0.037156704361874,1,0.318037974683544,0.313084112149533,1,1,0.324960753532182,0.688632619439868,1,1,0.686998394863563,1,0.316770186335404,1,0.324237560192616,0.524332810047096,0.671779141104294,0.40625,1,0.302003081664099,0.319422150882825,0.681181959564541,0.664576802507837,1,0.323854660347551,1,0.33596214511041,1,0.324409448818898,0.317535545023697,0.359872611464968,0.537151702786378,0.321951219512195,0.314606741573034,0.660910518053375,0.321875,0.143322475570033,1,0,1,0.301261829652997,1,0,0.321259842519685,0.323624595469256,1,0.0574886535552194,1,0.0852090032154341,0.337060702875399,1,0.0650793650793651,0.665615141955836,1,1,1,0.315875613747954,0.0418604651162791,1,0.427906976744186,0.0919354838709677,0.359877488514548,0.318818040435459,0.322480620155039,1,1,1,1,1,0.0628834355828221,0.996865203761755,0.68266253869969,0.00460122699386503,0.319047619047619,1,1,1,1,0.0858034321372855,0.317757009345794,1,1,1,1,1,1,0.485981308411215,0.00161812297734628,1,0.083596214511041,0.324960753532182,0.437795275590551,1,0.40224358974359,0.313725490196078,0.3125,1,0.0421216848673947,0.325508607198748,1,1,0.381107491856678,0.31496062992126,0.317034700315457,0.320907617504052,0.998425196850394,0.33387358184765,0.322429906542056,0.427662957074722,0.319620253164557,0.97339593114241,0.312693498452012,0.0829268292682927,0.331240188383046,0,1,0.087719298245614,0.309904153354633,0.315789473684211,0.323151125401929,1,1,1,1,1,1,0.341346153846154,1,0.316045380875203,0.317880794701987,0.613104524180967,0.6752,1,1,0,0.325227963525836,0.113782051282051,0.998466257668712,0.0397456279809221,1,1,0.315789473684211,1,1,0.626602564102564,0.419512195121951,0.99554234769688,0.0813397129186603,0.092948717948718,1,1,1,0.0856697819314642,0,0.319314641744548,0.429022082018927,0.318252730109204,0,0.338118022328549,0.0893141945773525,1,1,0.324451410658307,0.314873417721519,0.239370078740157,0.343042071197411,0.31496062992126,0.321259842519685,1,1,0.327447833065811,1,0,1,0.221003134796238,1,0.677621283255086,1,0.317262830482115,0.313915857605178,0.0724409448818898,0.673946957878315,1,1,0.789223454833597,0.893030794165316,0.322115384615385,0.320907617504052,1,0.318037974683544,0.254372019077901,0.326829268292683,1,0.103448275862069,1,1,0.322429906542056,0.679674796747967,0.3104,1,1,0.3125,0.307692307692308,0.317629179331307,0.853736089030207,0.326433121019108,1,0.05320813771518,1,1,0.688751926040062,0.643086816720257,0.325242718446602,0.0511182108626198,0.328616352201258,1,1,0.311708860759494,0.326498422712934,0.615262321144674,1,0.312883435582822,0.37403400309119,0.32755905511811,0.985959438377535,0.470494417862839,0.0031201248049922,0.309748427672956,0.324574961360124,0.330143540669856,0.311290322580645,0.317411402157165,0.9734375,1,0.325471698113208,0.552,0.684294871794872,0.238317757009346,0.681518151815181,1,0.316957210776545,0.00316957210776545,0.322274881516588,0.315047021943574,0.365625,0.325949367088608,0,0.329173166926677,0.32258064516129,0.323151125401929,0.315457413249211
"174",0.289137380191693,0.300314465408805,0.303875968992248,0.319620253164557,0.3015625,0.296529968454259,0.0110410094637224,0.305379746835443,0.302003081664099,0.567699836867863,0.306625577812018,0.64576802507837,0.514376996805112,0.308056872037915,1,1,0.619344773790952,0,0.311811023622047,0.300925925925926,1,1,0.305810397553517,0.507861635220126,0.298325722983257,1,1,0.32,0.303625377643505,0.513385826771654,1,0.58125,0.35377358490566,0.996825396825397,0.676056338028169,0.293924466338259,0.129082426127527,0.311526479750779,1,0.289634146341463,0.00313971742543171,0,0,0.321144674085851,0.315132605304212,1,0.996889580093313,1,1,1,0.697492163009404,0.313880126182965,1,0.309375,0.305295950155763,0.827258320126783,0.114104595879556,0.306122448979592,0.31055900621118,0.30829420970266,0.993817619783617,1,1,0.00467289719626168,0.302588996763754,0.306501547987616,0.66984126984127,0.313880126182965,0.620060790273556,1,0.309486780715397,1,1,0.26517571884984,0.145705521472393,0.305970149253731,1,0.996932515337423,0.305555555555556,1,0.604838709677419,1,1,0.311424100156495,1,0.30781010719755,0.298107255520505,0.314375987361769,0.311811023622047,0,0.303937007874016,0.312217194570136,0.689814814814815,0.573415765069552,0.301282051282051,0.642965204236006,0.689547581903276,0.295489891135303,0.114516129032258,0,0.295418641390205,0.624012638230648,1,0.305863708399366,1,0.310618066561014,0,0.314873417721519,1,1,1,0.294573643410853,0.996899224806202,0.319938176197836,0.197247706422018,0.295180722891566,1,0.368258859784284,1,1,0.19375,0.297507788161994,1,1,0.308411214953271,1,0.305637982195846,0.293674698795181,0.356037151702786,0.754172989377845,0.302547770700637,1,0.314375987361769,0.639817629179331,0.326829268292683,1,0.00155038759689922,1,0.376766091051805,0.878836833602585,0.576862123613312,0.593798449612403,0.303738317757009,0.31139646869984,1,0.307931570762053,1,0.291338582677165,0.510835913312694,0.314589665653495,1,0.296703296703297,0.305993690851735,0.308661417322835,0.31378763866878,1,0.29595015576324,1,0.426380368098159,0.315707620528771,1,0.305810397553517,1,0.590982286634461,0.308186195826645,1,0.313755795981453,0.303738317757009,0.322884012539185,0.989096573208723,0.314553990610329,1,0.307570977917981,1,0.307324840764331,1,0.594976452119309,0.2875,0.022508038585209,0.281004709576138,0.304953560371517,1,0.289719626168224,0.309707241910632,0.310769230769231,0.314465408805031,1,1,0.314785373608903,0.30564263322884,1,1,0.313178294573643,0.228125,0.0151515151515152,0.70364500792393,1,0.00311526479750779,0.307098765432099,1,0.312101910828025,0.301391035548686,0.306501547987616,0.996860282574568,1,1,0.315629742033384,0.304975922953451,0.306976744186047,0.691693290734824,0.287066246056782,1,0.322834645669291,1,1,0.427682737169518,0.304140127388535,0.313084112149533,0.315707620528771,0.291277258566978,0.301765650080257,0.646687697160883,1,1,0.304281345565749,0.00308641975308642,0.314024390243902,0.304084720121029,0.313479623824451,0.29595015576324,0.280507131537242,0.307926829268293,0.703533026113671,0.349768875192604,0.287925696594427,1,0.306581059390048,1,0.296466973886329,0.294670846394984,0.298107255520505,0.323763955342903,0.296474358974359,1,0.312893081761006,0.801251956181534,1,1,0.996794871794872,1,1,0.886942675159236,1,1,1,0.301857585139319,1,0.309446254071661,0,1,0.377125193199382,1,0.310509554140127,0.304212168486739,0.301391035548686,0.408163265306122,1,0.315467075038285,1,1,1,1,0,0.304953560371517,1,1,0.298887122416534,1,0.310452418096724,1,1,0.296,0.313001605136437,0.28416149068323,0.141509433962264,0.31637519872814,0,0.593893129770992,1,0.30781010719755,0.303937007874016,0.582434514637905,1,1,0.312302839116719,0.313479623824451,1,0.6640625,0.711568938193344,0.295489891135303,0.309178743961353,0.993939393939394,0.31496062992126,0.298507462686567,1,0.296466973886329,0.295107033639144,1,0.292332268370607,0.305772230889236,0.296754250386399,0.302325581395349,1,1,1,0.293478260869565,0.319182389937107,0.00460122699386503,0.995297805642633,0.324921135646688,1,1,0.297839506172839,0.314900153609831,0.289473684210526,0.313178294573643,0.30077519379845,1,0.300632911392405,0.2984375,0.568253968253968,1,0.823343848580442,1,0,1,0.31306990881459,1,1,0.414483821263482,0.998459167950693,0.305379746835443,1,0.301109350237718,0.288888888888889,0.304147465437788,1,1,0.306976744186047,0.40064620355412,0.611801242236025,0.295527156549521,1,1,1,0.310015898251192,1,0.19435736677116,1,1,1,1,0.311728395061728,1,0.305418719211823,0.316692667706708,0.685534591194969,0.291139240506329,1,0.305772230889236,0.309451219512195,0.307692307692308,1,0.295107033639144,1,0.313546423135464,0.496904024767802,0.30757341576507,0.306477093206951,0.297839506172839,1,0.312401883830455,0.303317535545024,1,1,0.309486780715397,0.302507836990596,1,0.469953775038521,0.308441558441558,0.314814814814815,0.315301391035549,0.691833590138675,1,0.288244766505636,1,0.413249211356467,0.293838862559242,0,0.886877828054299,0.308562197092084,0.304075235109718,0,0.02660406885759,0.9828125,0.305164319248826,1,0.296062992125984,0.305466237942122,1,0.320493066255778,0.311424100156495,0.681458003169572,1,0.308917197452229,0.30829420970266,1,0.302795031055901,0.30016051364366,1,0.326186830015314,0.296062992125984,0.309341500765697,0.317965023847377,0.803405572755418,1,0.977777777777778,1,1,0.00156739811912226,1,0.993798449612403,1,0.42246835443038,0.998412698412698,0.306748466257669,0.995433789954338,0.32182103610675,0.996875,0.599697885196375,0.631336405529954,0.308166409861325,0.301204819277108,0.646322378716745,0.3056,0,0.637071651090343,0.694136291600634,0.302936630602782,0.0015552099533437,0.299531981279251,0.299531981279251,0.753554502369668,0.315625,0.696540880503145,0.592651757188498,0.30298273155416,0.302891933028919,0.285491419656786,1,0.0209580838323353,0,0.308641975308642,0.311728395061728,0.325,1,0.330683624801272,0.304552590266876,1,0.292379471228616,0.945482866043614,0.566188197767145,1,1,0.995008319467554,0.308755760368664,0.604580152671756,0.311278195488722,0.3072,0.296998420221169,0.416417910447761,1,0.30298273155416,1,0.300813008130081,0.313880126182965,1,0.312202852614897,1,0.312202852614897,1,1,0.315707620528771,0,1,0.308176100628931,1,0.557993730407524,1,0.506191950464396,1,0.555727554179567,1,0.30188679245283,1,1,1,0.300155520995334,0.316535433070866,0.308734939759036,0.347826086956522,0.32516339869281,0.298761609907121,1,0.313846153846154,1,1,0.315132605304212,0.306962025316456,0.30030959752322,0.38755980861244,0.315950920245399,1,1,0.322378716744914,0.3088,0.62843295638126,0.59170653907496,0.3046875,0.307568438003221,1,0.291079812206573,0.298798798798799,0.993730407523511,0.292134831460674,0.298273155416013,0,0.134441087613293,0.311708860759494,0.692077727952167,0.297507788161994,0.309230769230769,0.593939393939394,0.996889580093313,0.298600311041991,1,0.306962025316456,0.339563862928349,0.303459119496855,0.487577639751553,0.3,1,0.303265940902022,0.309006211180124,0.317817014446228,0.705521472392638,1,0.316129032258064,0.305555555555556,0,0.312597200622084,0.998422712933754,0.957055214723926,1,0.307453416149068,0.308411214953271,0.308056872037915,0.586523736600306,1,0.594813614262561,0.323296354992076,1,1,0.968503937007874,0.690031152647975,0.315873015873016,0.360248447204969,0.310185185185185,0.305900621118012,1,1,0.511773940345369,0.641627543035994,1,1,0.998480243161094,0.710144927536232,1,0.314984709480122,0.696062992125984,1,0.31839258114374,0.309262166405024,0.309375,0.998470948012232,1,0.652032520325203,0.310452418096724,1,1,0.311728395061728,0.301391035548686,0.9984375,0,0.296124031007752,0.296529968454259,0.00627943485086342,0.300911854103343,1,0.304,1,0.147239263803681,0,0.890743550834598,0.313364055299539,1,1,0,0.0015600624024961,0.315047021943574,1,0.298387096774194,0.996955859969559,0.302737520128824,1,0.998466257668712,0.969793322734499,0.756211180124224,1,1,0.00467289719626168,1,0.517460317460318,0.315873015873016,0.685271317829457,0.309006211180124,1,0.298904538341158,0.689873417721519,1,1,0.3024,0.615384615384615,0.310872894333844,0.587025316455696,0.976377952755906,0.31139646869984,0.603744149765991,0.00782472613458529,0.298600311041991,0.314641744548287,0.30757341576507,1,0.648233486943164,0.293663060278207,0.89589905362776,0.5824,0.969418960244648,1,1,0.294670846394984,0.330112721417069,0.300787401574803,0.303738317757009,0.299694189602446,0.624427480916031,0.303215926493109,0,0.685240963855422,1,0.313755795981453,0.297805642633229,0.301458670988655,0.308641975308642,0.610591900311526,1,0.3198127925117,0.324960753532182,0.320967741935484,0.311811023622047,0.304821150855365,0.299684542586751,0.187596899224806,0.694620253164557,0.308056872037915,0.593846153846154,1,0.22015503875969,0.298761609907121,0.924409448818898,1,1,0.303125,0.646058732612056,1,0.298136645962733,0.295031055900621,0.96031746031746,1,1,0.998397435897436,0.300925925925926,1,1,0.880763116057234,1,0.338957055214724,1,0.593949044585987,1,0.692307692307692,0.298107255520505,0.606349206349206,1,1,0.995305164319249,0.314728682170543,0.318461538461538,0.312399355877617,0.305164319248826,0.31139646869984,0.311111111111111,0.987281399046105,0.306027820710974,1,1,0.697530864197531,0,0.303875968992248,0.308980213089802,0.689230769230769,1,0.558823529411765,0.312977099236641,0.644305772230889,0.302795031055901,0.305379746835443,1,0.306122448979592,0.299019607843137,0.666666666666667,0.894480519480519,0.305722891566265,0.608,0.579277864992151,0.315789473684211,0.307692307692308,0.290880503144654,0.594679186228482,0.692913385826772,1,0.900943396226415,1,0.68075117370892,0.998430141287284,0.59047619047619,0.296466973886329,0.308681672025723,1,1,0.420221169036335,0.995260663507109,0.998470948012232,1,0.2984375,0.31104199066874,1,0.301943198804185,0.690909090909091,0.316957210776545,0.44215530903328,0.295418641390205,0,0.300153139356815,1,1,0.590769230769231,0.00154320987654321,0.310077519379845,0.314375987361769,0.093603744149766,0.399678972712681,1,1,0.307098765432099,1,0.408668730650155,1,0.313636363636364,0.58641975308642,0.311627906976744,0.301412872841444,1,0,1,0.297906602254428,0.307086614173228,1,1,1,0.415605095541401,1,0.309968847352025,0.622874806800618,0.318252730109204,0.311183144246353,0.00153139356814701,0.034375,1,0.618066561014263,1,0.304821150855365,0.316476345840131,1,1,0.154083204930663,0.304953560371517,1,0.898928024502297,1,0.307926829268293,0.201248049921997,0.686427457098284,1,1,1,1,1,0.279816513761468,0.289922480620155,1,0.114886731391586,0.00156985871271586,0.430359937402191,0,0.316455696202532,1,0.687010954616588,1,1,0.885093167701863,1,0.693498452012384,1,1,1,1
"175",1,1,1,1,1,1,0.704620462046205,1,1,0.0957983193277311,1,0.0477707006369427,0.818780889621087,1,0.317073170731707,0.305331179321486,0.0666666666666667,0.688225538971808,1,1,0.292604501607717,0.315181518151815,1,0.149206349206349,1,0.320695102685624,0.317152103559871,1,1,0.8003300330033,0.312,0.731629392971246,0.964686998394864,0.304838709677419,0,1,0.547967479674797,1,0.298107255520505,1,0.6677471636953,0.675895765472313,0.696825396825397,1,1,0.31900826446281,0.311367380560132,0.300632911392405,0.330658105939005,0.330143540669856,0,1,0.313001605136437,1,1,0.492512479201331,0.559738134206219,1,1,1,0.323763955342903,0.310679611650485,0.315270935960591,0.678571428571429,1,1,0.0374592833876222,1,0.0582677165354331,0.310618066561014,1,0.315960912052117,0.321008403361345,0.968698517298188,0.517515923566879,1,0.312401883830455,0.33968253968254,1,0.311036789297659,0.0859504132231405,0.316912972085386,0.32569558101473,1,0.3354943273906,1,1,1,1,0.686084142394822,1,1,0.00158982511923688,0.107317073170732,1,0.0509554140127389,0,1,0.569306930693069,0.670967741935484,1,0.0535714285714286,0.308056872037915,1,0.317073170731707,1,0.691056910569106,1,0.314144736842105,0.320512820512821,0.317034700315457,1,0.327503974562798,1,0.478537360890302,1,0.315024232633279,0.283849918433931,0.324960753532182,0.319286871961102,0.482871125611745,1,0.315541601255887,0.304418985270049,1,0.304838709677419,1,1,0.32569558101473,0.5328,1,0.318255250403877,1,0.0451713395638629,1,0.317891373801917,0.671009771986971,0.323624595469256,0.929260450160772,0.430693069306931,0.104918032786885,0.0996784565916399,1,1,0.328990228013029,1,0.316770186335404,1,0.814992025518341,1,0.330592105263158,1,1,1,1,0.335537190082645,1,0.32952691680261,0.250798722044728,1,0.319488817891374,1,0.298869143780291,0.0941558441558442,1,0.315359477124183,1,1,1,0.339285714285714,1,0.331168831168831,1,0.307324840764331,1,0.314238952536825,0.0798722044728434,1,0.637271214642263,1,1,0.310344827586207,1,1,1,1,0.315789473684211,0.305732484076433,1,1,0.311811023622047,0.311183144246353,1,0.453525641025641,0.663507109004739,0,0.31637519872814,0.675806451612903,1,0.318840579710145,1,1,1,0.317152103559871,0.328050713153724,0.330065359477124,1,1,1,0,1,0.302134646962233,0.969205834683955,0.319604612850082,0.308186195826645,0.747603833865815,1,1,1,1,1,0.0490998363338789,0.314935064935065,0.323101777059774,1,0.681458003169572,1,1,0.998376623376623,1,1,1,0.0032258064516129,0.304761904761905,1,0.30655737704918,1,0.301458670988655,1,1,1,1,1,0.321027287319422,1,0.51063829787234,0.323717948717949,0.323854660347551,0.312396694214876,0.319604612850082,0.326829268292683,0.421052631578947,0.332258064516129,0.307443365695793,0.317307692307692,1,0.318555008210181,1,0.694704049844237,0.309178743961353,0.303656597774245,0.332231404958678,1,1,1,0.254934210526316,0.304487179487179,1,0.322528363047002,0.325358851674641,0.315875613747954,0.327974276527331,0.683279742765273,1,0.319554848966614,0.321131447587354,1,0.304492512479201,1,0.317230273752013,0.316129032258064,1,1,1,0.533762057877814,1,0.691935483870968,0.0845070422535211,0.317073170731707,1,1,0.0995184590690209,0.318471337579618,0.322899505766063,1,1,0.299840510366826,0.0243506493506494,0.00165562913907285,1,1,0.337519623233909,0.99837925445705,1,0.319354838709677,1,1,0.311074918566775,1,1,1,1,0.324149108589951,0.310126582278481,0.326633165829146,1,1,0.679365079365079,0.321428571428571,1,0.305246422893482,0.292483660130719,1,1,1,1,1,0.322899505766063,1,1,0.104404567699837,0.3232,0.496774193548387,0.303986710963455,0.670491803278689,0.311793214862682,1,0.305280528052805,0.322061191626409,0.243980738362761,0.314285714285714,1,0.323899371069182,1,1,1,0.313821138211382,0.310618066561014,1,0.92436974789916,0.0675453047775947,1,0.310679611650485,0.324546952224053,0.306451612903226,1,0.324960753532182,0.469354838709677,0.321656050955414,0.302737520128824,0.312709030100334,0.306188925081433,1,0.308943089430894,1,1,0,1,0.312903225806452,1,1,1,0.323432343234323,1,0.312292358803987,1,0.835748792270531,1,1,1,0.314696485623003,1,1,0.303715670436187,0.314754098360656,1,1,0.309677419354839,0.189490445859873,1,1,1,0,0.308196721311475,1,0.310569105691057,0.239344262295082,1,0.684887459807074,0.429245283018868,1,1,0.678516228748068,0.706260032102729,0.350649350649351,1,0.30718954248366,1,1,0.3354943273906,1,1,0.00815660685154975,0.327390599675851,1,1,0.314845024469821,1,1,0.311688311688312,0.327390599675851,1,1,1,0.530351437699681,0.310289389067524,0.338308457711443,0.325949367088608,0.330658105939005,0.693811074918567,0.32695374800638,0.324193548387097,0.312297734627832,0.240196078431373,0.320598006644518,1,0.318611987381703,1,0.308681672025723,0.0832025117739403,0.0540540540540541,1,1,0.0418679549114332,1,0.686119873817035,0.0469255663430421,0.0130932896890344,1,0.688995215311005,1,1,0.540849673202614,1,0,0.0719063545150502,1,1,1,0.321252059308072,0.645865834633385,0.688963210702341,0.992076069730586,1,0.98256735340729,0.305194805194805,0.324193548387097,1,0.3042071197411,1,0.368678629690049,0.10655737704918,0.299352750809061,0.323296354992076,0.33800350262697,1,0.0830670926517572,1,1,1,0.253164556962025,0.320469798657718,1,0.322422258592471,1,1,0.314194577352472,1,0.322327044025157,1,0.313213703099511,0.321486268174475,1,0.67483660130719,0.312893081761006,1,0.310569105691057,0.768852459016393,0.317817014446228,0.157556270096463,0.32018927444795,0.786991869918699,0.311881188118812,1,0.3232,0.336012861736334,0.290113452188006,1,1,1,0.966996699669967,0.330522765598651,1,0.318481848184819,1,0.31438127090301,0.317034700315457,1,1,1,0.918433931484502,1,0.312796208530806,0.31687898089172,1,1,0.0485762144053601,0.0823909531502423,1,1,0.3,1,1,0.306818181818182,1,1,0.685064935064935,0.528213166144201,1,0,1,1,0.10031847133758,0.323432343234323,1,0.319672131147541,1,0.962479608482871,1,0.831460674157303,1,0.327787021630616,1,1,1,0,0.313758389261745,1,1,0.667763157894737,1,0.313114754098361,0.355661881977671,0.316639741518578,1,1,1,0.0926517571884984,0.321782178217822,0.0970394736842105,1,0.318471337579618,0.303030303030303,0.357827476038339,0,1,0.955414012738854,1,1,0.316393442622951,0.3,0.15359477124183,0.0403877221324717,0.315270935960591,0.3088,0.3278955954323,0.00164473684210526,0.308681672025723,1,0,0.313099041533546,1,1,1,0.320967741935484,0.317817014446228,0.038655462184874,1,0.30114566284779,0.307570977917981,1,1,0.315873015873016,0.694352159468439,1,1,0.694444444444444,1,0.304140127388535,1,0.309328968903437,0.529886914378029,0.681818181818182,0.409448818897638,1,0.299524564183835,0.303370786516854,0.682769726247987,0.66984126984127,1,0.319870759289176,1,0.32018927444795,1,0.318555008210181,0.30655737704918,0.35426731078905,0.532488114104596,0.312186978297162,0.305647840531561,0.670454545454545,0.314873417721519,0.150592216582064,1,0,1,0.290849673202614,1,0,0.320846905537459,0.319218241042345,1,0.0612244897959184,1,0.0907590759075908,0.34375,1,0.0665610142630745,0.673202614379085,1,1,1,0.305227655986509,0.0443037974683544,1,0.431561996779388,0.0960264900662252,0.35377358490566,0.321144674085851,0.321144674085851,1,1,1,1,1,0.0683229813664596,0.995192307692308,0.690048939641109,0.00313479623824451,0.326433121019108,1,1,1,1,0.086038961038961,0.31637519872814,1,1,1,1,1,1,0.487381703470032,0.0016366612111293,1,0.0841269841269841,0.319935691318328,0.431340872374798,1,0.397708674304419,0.314285714285714,0.31219512195122,1,0.0416,0.321086261980831,1,1,0.37,0.309033280507132,0.315091210613599,0.318555008210181,1,0.317434210526316,0.322061191626409,0.4189852700491,0.30718954248366,0.972447325769854,0.312796208530806,0.0801335559265442,0.321951219512195,0,1,0.0885668276972625,0.302439024390244,0.319805194805195,0.3125,1,1,1,1,1,1,0.333876221498371,1,0.314754098360656,0.311224489795918,0.609324758842444,0.677993527508091,1,1,0,0.316957210776545,0.122977346278317,1,0.037156704361874,1,1,0.314424635332253,1,1,0.615131578947368,0.419463087248322,0.996923076923077,0.0808580858085809,0.100660066006601,1,1,1,0.0885668276972625,0,0.316720257234727,0.412724306688418,0.315457413249211,0,0.331147540983607,0.088379705400982,1,1,0.31911532385466,0.317817014446228,0.238709677419355,0.336079077429984,0.305331179321486,0.31629392971246,1,1,0.321252059308072,1,0,1,0.220032840722496,1,0.679032258064516,1,0.317512274959083,0.299173553719008,0.0772946859903382,0.681458003169572,1,1,0.787682333873582,0.884745762711864,0.311986863711002,0.310855263157895,1,0.316639741518578,0.248,0.311774461028192,1,0.102272727272727,1,1,0.318770226537217,0.681818181818182,0.306156405990017,1,1,0.2976,0.308943089430894,0.318979266347687,0.868292682926829,0.30794701986755,1,0.0600649350649351,1,1,0.695721077654517,0.652459016393443,0.32220367278798,0.0567260940032415,0.320661157024793,1,1,0.304975922953451,0.328478964401294,0.624,1,0.314696485623003,0.36724960254372,0.318327974276527,0.988976377952756,0.477124183006536,0.00483870967741936,0.2976,0.324409448818898,0.324058919803601,0.316393442622951,0.314728682170543,0.972712680577849,1,0.319870759289176,0.551839464882943,0.68780487804878,0.23186119873817,0.684297520661157,1,0.320388349514563,0.00322061191626409,0.328,0.302931596091205,0.364069952305246,0.312913907284768,0,0.333876221498371,0.315789473684211,0.317073170731707,0.314606741573034
"176",0.295934959349594,0.305863708399366,0.3088,0.333333333333333,0.311605723370429,0.310177705977383,0.012987012987013,0.320695102685624,0.31619937694704,0.569105691056911,0.31924882629108,0.639240506329114,0.520700636942675,0.322734499205087,1,1,0.61214953271028,0,0.329113924050633,0.304975922953451,1,1,0.315301391035549,0.501582278481013,0.306376360808709,1,1,0.327390599675851,0.310452418096724,0.529790660225443,1,0.590266875981162,0.374021909233177,0.996810207336523,0.670866141732283,0.313014827018122,0.134069400630915,0.320872274143302,1,0.305164319248826,0.00156739811912226,0,0,0.324409448818898,0.317384370015949,1,0.995215311004785,1,1,1,0.686335403726708,0.325281803542673,1,0.32120253164557,0.313880126182965,0.826860841423948,0.126418152350081,0.318471337579618,0.310664605873261,0.323343848580442,0.993798449612403,1,1,0.00481540930979133,0.311688311688312,0.30625,0.649206349206349,0.3264,0.607963246554365,1,0.314873417721519,1,1,0.28130081300813,0.155309033280507,0.310769230769231,1,0.995297805642633,0.315132605304212,1,0.59672131147541,1,1,0.32018927444795,1,0.321044546850998,0.318611987381703,0.320373250388802,0.314009661835749,0,0.315619967793881,0.328703703703704,0.686614173228347,0.584375,0.306581059390048,0.638888888888889,0.681818181818182,0.314241486068111,0.119086460032626,0,0.312101910828025,0.619047619047619,1,0.323051948051948,1,0.317610062893082,0,0.319182389937107,1,1,1,0.306122448979592,0.996815286624204,0.31619937694704,0.205329153605016,0.305936073059361,1,0.363636363636364,1,1,0.201907790143084,0.313195548489666,1,1,0.320373250388802,1,0.317557251908397,0.313846153846154,0.352,0.756965944272446,0.322632423756019,1,0.326923076923077,0.634848484848485,0.3296,1,0.0015748031496063,1,0.373040752351097,0.890522875816993,0.581504702194357,0.596491228070175,0.313385826771654,0.325842696629214,1,0.312202852614897,1,0.297297297297297,0.5109375,0.326656394453005,1,0.31104199066874,0.314102564102564,0.325320512820513,0.325320512820513,1,0.300157977883096,1,0.419152276295133,0.322480620155039,1,0.32,1,0.593548387096774,0.323671497584541,1,0.318611987381703,0.310236220472441,0.333860759493671,0.989096573208723,0.330683624801272,1,0.318910256410256,1,0.314238952536825,1,0.593114241001565,0.299212598425197,0.0292682926829268,0.29951690821256,0.30952380952381,1,0.305732484076433,0.318681318681319,0.318110236220472,0.335453100158982,1,1,0.317307692307692,0.321711568938193,1,1,0.320872274143302,0.230524642289348,0.0182926829268293,0.689763779527559,1,0.00156739811912226,0.320251177394035,1,0.318110236220472,0.306748466257669,0.326530612244898,0.998415213946117,1,1,0.335384615384615,0.315960912052117,0.314465408805031,0.68362480127186,0.30503144654088,1,0.338607594936709,1,1,0.436420722135008,0.319488817891374,0.315132605304212,0.323809523809524,0.301261829652997,0.309061488673139,0.647527910685805,1,1,0.316692667706708,0.0046875,0.329230769230769,0.323076923076923,0.324409448818898,0.308176100628931,0.299212598425197,0.314329738058552,0.702492211838006,0.357698289269051,0.304953560371517,1,0.315873015873016,1,0.311912225705329,0.309061488673139,0.309262166405024,0.325281803542673,0.313915857605178,1,0.319182389937107,0.804451510333863,1,1,0.998394863563403,1,1,0.896774193548387,1,1,1,0.312307692307692,1,0.317512274959083,0,1,0.369969040247678,1,0.322784810126582,0.320634920634921,0.308917197452229,0.416012558869702,1,0.321875,1,1,1,1,0,0.306709265175719,1,1,0.323809523809524,1,0.324409448818898,1,1,0.313915857605178,0.323624595469256,0.303125,0.145800316957211,0.323809523809524,0,0.595419847328244,1,0.319620253164557,0.317891373801917,0.579029733959311,1,1,0.319218241042345,0.328050713153724,1,0.653481012658228,0.6957928802589,0.307568438003221,0.317512274959083,0.993759750390016,0.3216,0.298621745788668,1,0.307814992025518,0.307692307692308,1,0.308426073131955,0.319805194805195,0.31875,0.321316614420063,1,1,1,0.30952380952381,0.324451410658307,0.00772797527047913,0.992088607594937,0.328525641025641,1,1,0.306853582554517,0.329211746522411,0.30298273155416,0.312,0.315541601255887,1,0.308306709265176,0.304761904761905,0.571197411003236,1,0.837025316455696,1,0,1,0.320121951219512,1,1,0.41259842519685,1,0.322222222222222,1,0.302694136291601,0.304416403785489,0.3140625,1,1,0.31875,0.402261712439418,0.611745513866232,0.301765650080257,1,1,1,0.328502415458937,1,0.202875399361022,1,1,1,1,0.325434439178515,1,0.310569105691057,0.326018808777429,0.679748822605965,0.3,1,0.318037974683544,0.313755795981453,0.318840579710145,1,0.308777429467085,1,0.325617283950617,0.482919254658385,0.319875776397516,0.327447833065811,0.315286624203822,1,0.3184,0.314285714285714,1,1,0.319182389937107,0.311912225705329,1,0.469578783151326,0.313291139240506,0.328149300155521,0.329754601226994,0.679425837320574,1,0.297253634894992,1,0.410543130990415,0.3104,0,0.87906976744186,0.317891373801917,0.319620253164557,0,0.0346456692913386,0.982945736434109,0.320063694267516,1,0.303225806451613,0.316720257234727,1,0.316846986089645,0.3125,0.668253968253968,1,0.315457413249211,0.314696485623003,1,0.30188679245283,0.31219512195122,1,0.339035769828927,0.311708860759494,0.317262830482115,0.32484076433121,0.799065420560748,1,0.982428115015974,1,1,0.00158730158730159,1,0.9953125,1,0.413848631239936,0.998376623376623,0.310077519379845,0.993836671802773,0.33015873015873,0.996879875195008,0.601538461538462,0.627871362940276,0.320813771517997,0.308056872037915,0.640822784810127,0.307443365695793,0,0.628346456692913,0.684713375796178,0.3140625,0.00158730158730159,0.313664596273292,0.306729264475743,0.75974025974026,0.318037974683544,0.677316293929712,0.595394736842105,0.322169059011164,0.320251177394035,0.295345104333868,1,0.0273972602739726,0,0.315955766192733,0.323390894819466,0.332807570977918,1,0.335987261146497,0.320813771517997,1,0.30298273155416,0.944620253164557,0.572337042925278,1,1,0.993333333333333,0.32093023255814,0.601574803149606,0.318529862174579,0.307073954983923,0.315873015873016,0.406542056074766,1,0.308917197452229,1,0.323151125401929,0.314424635332253,1,0.3264,1,0.317965023847377,1,1,0.32398753894081,0,1,0.321428571428571,1,0.567233384853168,1,0.501552795031056,1,0.559294871794872,1,0.316639741518578,1,1,1,0.308661417322835,0.312903225806452,0.316030534351145,0.357377049180328,0.330605564648118,0.309262166405024,1,0.323717948717949,1,1,0.322378716744914,0.31629392971246,0.31104199066874,0.393026941362916,0.319083969465649,1,1,0.320813771517997,0.325806451612903,0.62379421221865,0.593247588424437,0.31875,0.313099041533546,1,0.311320754716981,0.31733746130031,0.995260663507109,0.305194805194805,0.308544303797468,0,0.137557959814529,0.310618066561014,0.677811550151976,0.311708860759494,0.322834645669291,0.583203732503888,1,0.309409888357257,1,0.314553990610329,0.35126582278481,0.316455696202532,0.488299531981279,0.317384370015949,1,0.320373250388802,0.318255250403877,0.333868378812199,0.685271317829457,1,0.325878594249201,0.316770186335404,0,0.32967032967033,1,0.955555555555556,1,0.317829457364341,0.317683881064163,0.315286624203822,0.580495356037152,1,0.595779220779221,0.334943639291465,1,1,0.965299684542587,0.677672955974843,0.328025477707006,0.354632587859425,0.317829457364341,0.314728682170543,1,1,0.504807692307692,0.639240506329114,1,1,1,0.69377990430622,1,0.329652996845426,0.6859375,1,0.327073552425665,0.31629392971246,0.320634920634921,0.998420221169036,1,0.645056726094003,0.320872274143302,1,1,0.326018808777429,0.306603773584906,1,0,0.311793214862682,0.303514376996805,0.00474683544303797,0.31937984496124,1,0.310897435897436,1,0.151702786377709,0,0.903374233128834,0.32348367029549,1,1,0,0.00154320987654321,0.321543408360129,1,0.314845024469821,0.998454404945904,0.307692307692308,1,0.9984,0.960191082802548,0.769592476489028,1,1,0.00315457413249211,1,0.502463054187192,0.322061191626409,0.668730650154799,0.321259842519685,1,0.312796208530806,0.6784,1,1,0.317891373801917,0.613740458015267,0.330232558139535,0.586991869918699,0.973228346456693,0.323854660347551,0.600946372239748,0.0112721417069243,0.312796208530806,0.315047021943574,0.320251177394035,1,0.636222910216718,0.307692307692308,0.896825396825397,0.581993569131833,0.970679012345679,1,1,0.310832025117739,0.331179321486268,0.315112540192926,0.312111801242236,0.317262830482115,0.612557427258805,0.306748466257669,0,0.674735249621785,0.998447204968944,0.328100470957614,0.305111821086262,0.315447154471545,0.326086956521739,0.601880877742947,1,0.332298136645963,0.328050713153724,0.326892109500805,0.318110236220472,0.307931570762053,0.312,0.196567862714509,0.677777777777778,0.321543408360129,0.595679012345679,1,0.2359375,0.321711568938193,0.924193548387097,1,1,0.313971742543171,0.634375,1,0.315955766192733,0.307814992025518,0.958199356913183,1,1,0.9967585089141,0.325617283950617,1,1,0.89937106918239,1,0.347826086956522,1,0.591639871382637,1,0.67244094488189,0.310289389067524,0.5968,1,1,0.995184590690209,0.327613104524181,0.32398753894081,0.322061191626409,0.317111459968603,0.3216,0.328,0.982200647249191,0.316279069767442,1,1,0.715179968701095,0,0.318885448916409,0.316535433070866,0.674418604651163,1,0.55868544600939,0.328149300155521,0.644338118022329,0.309748427672956,0.326366559485531,1,0.315372424722662,0.310855263157895,0.68,0.906862745098039,0.322289156626506,0.602584814216478,0.577106518282989,0.32755905511811,0.329073482428115,0.299212598425197,0.599369085173502,0.682316118935837,1,0.897106109324759,1,0.670826833073323,0.998394863563403,0.586429725363489,0.313572542901716,0.322950819672131,1,1,0.422955974842767,0.993517017828201,0.996884735202492,1,0.323248407643312,0.330721003134796,1,0.308270676691729,0.687106918238994,0.33122028526149,0.454113924050633,0.300319488817891,0,0.313572542901716,1,1,0.59748427672956,0.00155038759689922,0.321766561514196,0.324881141045959,0.0976,0.415584415584416,1,1,0.308527131782946,1,0.40506329113924,1,0.32824427480916,0.579872204472843,0.322222222222222,0.310618066561014,1,0,1,0.307692307692308,0.317965023847377,1,1,1,0.44264943457189,1,0.317535545023697,0.618973561430793,0.328050713153724,0.320450885668277,0.0015748031496063,0.0392464678178964,1,0.623604465709729,1,0.326530612244898,0.333870967741935,1,1,0.16875,0.307332293291732,1,0.896923076923077,1,0.324615384615385,0.20450885668277,0.671850699844479,1,1,1,1,1,0.2796875,0.300476947535771,1,0.115447154471545,0.00160513643659711,0.441082802547771,0,0.323671497584541,1,0.679365079365079,1,1,0.885758998435055,1,0.68380062305296,1,1,1,1
"177",0.0776545166402536,0.0790697674418605,0.0714285714285714,0.0661417322834646,0.076103500761035,0.0796875,0.38740157480315,0.0757097791798107,0.0770416024653313,0.987158908507223,0.0747663551401869,0.967391304347826,0.102848101265823,0.0829420970266041,0.59748427672956,0.609717868338558,0.993779160186625,0.401612903225806,0.0744849445324881,0.0776545166402536,0.608763693270736,0.60828025477707,0.0802469135802469,0.927692307692308,0.086890243902439,0.577881619937695,0.586370839936609,0.073482428115016,0.0851063829787234,0.130573248407643,0.614088820826952,0.171516079632466,0.0532724505327245,0.603125,0.933753943217666,0.0837359098228663,0.552307692307692,0.0791476407914764,0.610942249240122,0.0802469135802469,0.420401854714065,0.402476780185758,0.401515151515151,0.0746500777604977,0.0822784810126582,0.592417061611374,0.599688473520249,0.604580152671756,0.594512195121951,0.586259541984733,0.924615384615385,0.0709779179810726,0.589506172839506,0.0762052877138414,0.0787037037037037,0.394321766561514,0.540284360189573,0.0755905511811024,0.0846153846153846,0.0724409448818898,0.57984496124031,0.590138674884438,0.592767295597484,0.41259842519685,0.0824088748019017,0.0829420970266041,0.971653543307087,0.0795631825273011,0.989457831325301,0.58974358974359,0.0702028081123245,0.587869362363919,0.575806451612903,0.107594936708861,0.572964669738863,0.0784313725490196,0.603658536585366,0.572741194486983,0.0719754977029096,0.595846645367412,0.990415335463259,0.589622641509434,0.594339622641509,0.0795107033639144,0.575663026521061,0.0726172465960666,0.0753532182103611,0.0723270440251572,0.078125,0.404024767801858,0.0752351097178683,0.0718654434250764,0.92846034214619,0.987480438184664,0.0672,0.972307692307692,0.926153846153846,0.0750382848392037,0.536741214057508,0.408805031446541,0.0784929356357928,0.985849056603774,0.597542242703533,0.0823909531502423,0.590551181102362,0.0702028081123245,0.404984423676012,0.0783410138248848,0.582554517133956,0.595645412130638,0.584097859327217,0.0821705426356589,0.591331269349845,0.0773993808049536,0.606106870229008,0.0819423368740516,0.596244131455399,0.7859375,0.583206106870229,0.588976377952756,0.608359133126935,0.0783699059561129,0.596946564885496,0.592651757188498,0.0687022900763359,0.600931677018634,0.0687593423019432,0.0749625187406297,0.761978361669243,0.526636225266362,0.0744186046511628,0.598086124401914,0.0752351097178683,0.971428571428571,0.0704,0.593272171253823,0.410334346504559,0.582945736434109,0.0124223602484472,0.638573743922204,0.992236024844721,0.988993710691824,0.0765696784073507,0.0761904761904762,0.577044025157233,0.0748829953198128,0.59304084720121,0.0801232665639445,0.109567901234568,0.0823170731707317,0.592063492063492,0.065015479876161,0.083596214511041,0.07981220657277,0.0644654088050314,0.577708006279435,0.0856697819314642,0.587025316455696,0.835164835164835,0.0791476407914764,0.600308641975309,0.0787878787878788,0.606531881804043,0.996825396825397,0.0729001584786054,0.597464342313788,0.0833333333333333,0.0773993808049536,0.0816640986132511,0.584615384615385,0.0783699059561129,0.583850931677019,0.0746031746031746,0.594976452119309,0.0798722044728434,0.593114241001565,1,0.0775193798449612,0.452495974235105,0.0770440251572327,0.0821705426356589,0.598130841121495,0.0704225352112676,0.0744186046511628,0.08,0.0736196319018405,0.595384615384615,0.598784194528875,0.0794912559618442,0.0771604938271605,0.591117917304747,0.607936507936508,0.0764525993883792,0.64031007751938,0.42089552238806,0.920807453416149,0.587326120556414,0.4171875,0.0738461538461539,0.584876543209877,0.0769230769230769,0.0782208588957055,0.0679012345679012,0.598159509202454,0.602427921092564,0.590625,0.0762195121951219,0.0737179487179487,0.071097372488408,0.931962025316456,0.078125,0.616852146263911,0.0476923076923077,0.588976377952756,0.597503900156006,0.334360554699538,0.0788643533123028,0.0785824345146379,0.0752688172043011,0.0791925465838509,0.0729001584786054,0.965732087227414,0.588328075709779,0.584474885844749,0.0752688172043011,0.407975460122699,0.0818181818181818,0.0861027190332326,0.0729813664596273,0.0784615384615385,0.0736677115987461,0.0801815431164902,0.924265842349305,0.764976958525346,0.0781010719754977,0.60031847133758,0.0726698262243286,0.604938271604938,0.0738461538461539,0.0702028081123245,0.0740157480314961,0.0765625,0.0812101910828025,0.582539682539683,0.0809160305343511,0.402173913043478,0.578864353312303,0.585889570552147,0.599686028257457,0.584758942457232,0.581903276131045,0.652312599681021,0.579192546583851,0.588509316770186,0.596546310832025,0.0815384615384615,0.589341692789969,0.0670926517571885,0.400914634146341,0.590979782270607,0.77639751552795,0.581102362204724,0.0784929356357928,0.0704225352112676,0.0752351097178683,0.831746031746032,0.599378881987578,0.071875,0.587774294670846,0.586890243902439,0.599063962558502,0.597875569044006,0.408805031446541,0.0754716981132075,0.590062111801242,0.593004769475358,0.080824088748019,0.61637239165329,0.0792682926829268,0.597542242703533,0.605263157894737,0.0722135007849294,0.0776545166402536,0.0747663551401869,0.556414219474498,0.0777604976671851,0.405023547880691,0.995454545454545,0.592879256965944,0.0816944024205749,0.0736677115987461,0.990668740279938,0.583460949464012,0.588141025641026,0.0698051948051948,0.0761904761904762,0.601526717557252,0.947368421052632,0.922098569157393,0.0816326530612245,0.0749601275917065,0.579598145285935,0.0760869565217391,0.0808383233532934,0.612055641421947,0.0723270440251572,0.0779816513761468,0.599388379204893,0.0764331210191083,0.0753532182103611,0.0765625,0.0747663551401869,0.576086956521739,0.608169440242057,0.585987261146497,0.0748829953198128,0.0817610062893082,0.423076923076923,0.593996840442338,0.0723472668810289,0.596651445966514,0.617554858934169,0.0796324655436447,0.073959938366718,0.0723076923076923,0.0762052877138414,0.073394495412844,0.578616352201258,0.084375,0.0824261275272162,0.980676328502415,0.582317073170732,0.577464788732394,0.598101265822785,0.4109375,0.590769230769231,0.0743550834597876,0.607936507936508,0.581504702194357,0.827906976744186,0.598473282442748,0.071656050955414,0.588588588588589,0.0829420970266041,0.0737833594976452,0.0784615384615385,0.601246105919003,0.602134146341463,0.077639751552795,0.00160513643659711,0.989045383411581,0.0816326530612245,0.590138674884438,0.596518987341772,0.597156398104265,0.0682539682539682,0.58974358974359,0.624213836477987,0.58641975308642,0.598746081504702,0.598715890850722,0.606973058637084,0.0706605222734255,0.585326953748006,0.0716612377850163,0.0702028081123245,0.932203389830508,0.0780254777070064,0.59375,0.0814132104454685,0.075642965204236,0.0774193548387097,0.595879556259905,0.0729483282674772,0.590189873417722,0.0775075987841945,0.0822981366459627,0.0820433436532508,0.0792393026941363,0.075968992248062,0.593272171253823,0.0646687697160883,0.0806962025316456,0.595679012345679,0.603421461897356,0.075968992248062,0.0757341576506955,0.598449612403101,0.898484848484848,0.0772870662460568,0.0736196319018405,0.0798771121351766,0.919504643962848,0.602503912363067,0.0750407830342577,0.598145285935085,0.835164835164835,0.0760869565217391,0.414976599063963,0.462006079027356,0.0793650793650794,0.075,0.418777943368107,0.394366197183099,0.571870170015456,0.0748829953198128,0.5895865237366,0.083596214511041,0.0706260032102729,0.586477987421384,0.0746500777604977,0.0817610062893082,0.936608557844691,0.585403726708075,0.08,0.0771604938271605,0.588976377952756,0.0702290076335878,0.0794912559618442,0.599063962558502,0.747336377473364,0.080188679245283,0.0757341576506955,0.0752351097178683,0.373088685015291,0.60763358778626,0.60377358490566,0.58974358974359,0.591117917304747,0.394654088050314,0.57427258805513,0.579598145285935,0.599388379204893,0.842679127725857,0.590322580645161,0.0806697108066971,0.588673621460507,0.0807453416149068,0.593846153846154,0.996965098634294,0.980243161094225,0.0798771121351766,0.0809968847352025,0.97045101088647,0.0662358642972536,0.403963414634146,0.972307692307692,0.936204146730462,0.0798771121351766,0.402173913043478,0.071875,0.0824261275272162,0.535657686212361,0.0796875,0.921052631578947,0.996835443037975,0.0758293838862559,0.0782208588957055,0.0842433697347894,0.587301587301587,0.438988095238095,0.384370015948963,0.0893939393939394,0.0735524256651017,0.0532724505327245,0.606531881804043,0.744945567651633,0.0801232665639445,0.607535321821036,0.0692307692307692,0.537984496124031,0.987321711568938,0.603975535168196,0.600910470409712,0.579034941763727,0.0782208588957055,0.996937212863706,0.0871559633027523,0.0754414125200642,0.0764430577223089,0.835098335854766,0.585714285714286,0.0879120879120879,0.59748427672956,0.0747217806041336,0.0763116057233704,0.60061919504644,0.0752,0.591527987897126,0.0751173708920188,0.601880877742947,0.5890625,0.077639751552795,0.401898734177215,0.602102102102102,0.0765696784073507,0.600953895071542,0.163551401869159,0.592085235920852,0.934451219512195,0.595488721804511,0.133956386292835,0.608557844690967,0.0901898734177215,0.582554517133956,0.56859756097561,0.618320610687023,0.0758293838862559,0.0748407643312102,0.0709969788519638,0.0453808752025932,0.739059967585089,0.0764430577223089,0.590764331210191,0.0735524256651017,0.596434359805511,0.595744680851064,0.0783410138248848,0.0737833594976452,0.0709969788519638,0.00464396284829721,0.0729483282674772,0.604580152671756,0.599690880989181,0.0715372907153729,0.069620253164557,0.9858934169279,0.998420221169036,0.0783410138248848,0.0752351097178683,0.597791798107255,0.0807453416149068,0.0759878419452888,0.600624024960998,0.0884244372990354,0.0856269113149847,0.408602150537634,0.562021439509954,0.0685358255451713,0.931547619047619,0.0766823161189358,0.0824427480916031,0.987860394537178,0.598755832037325,0.0746500777604977,0.591049382716049,0.0729001584786054,0.0424528301886792,0.0815047021943574,0.0944272445820433,0.0777604976671851,0.6,0.0702290076335878,0.0678233438485804,0.0752351097178683,0.930197268588771,0.604918032786885,0.0634920634920635,0.0826952526799387,0.411214953271028,0.0785824345146379,0.590266875981162,0.546850998463902,0.584758942457232,0.0751533742331288,0.075642965204236,0.0842433697347894,0.992331288343558,0.584639498432602,0.996850393700787,0.0727554179566563,0.604615384615385,0.610091743119266,0.555382215288612,0.92822966507177,0.0749601275917065,0.027906976744186,0.0775193798449612,0.0782472613458529,0.587677725118483,0.595054095826893,0.919129082426128,0.973228346456693,0.588976377952756,0.593996840442338,0.578703703703704,0.936204146730462,0.603448275862069,0.0745814307458143,0.922600619195046,0.602134146341463,0.0819165378670788,0.0822784810126582,0.0736196319018405,0.594180704441041,0.597579425113464,0.974522292993631,0.0709876543209877,0.597809076682316,0.604615384615385,0.0819165378670788,0.0875,0.585139318885449,0.403908794788274,0.0697674418604651,0.0805687203791469,0.393939393939394,0.0764525993883792,0.603686635944701,0.0793650793650794,0.600946372239748,0.562883435582822,0.425954198473282,0.664110429447853,0.0768025078369906,0.608562691131499,0.590417310664606,0.405819295558959,0.418960244648318,0.0666666666666667,0.587596899224806,0.0755627009646302,0.597875569044006,0.0710900473933649,0.58528951486698,0.613564668769716,0.556942277691108,0.547839506172839,0.589622641509434,0.590909090909091,0.415094339622642,0.592879256965944,0.950980392156863,0.0688575899843505,0.930875576036866,0.0756172839506173,0.608626198083067,0.0791925465838509,0.934477379095164,0.589540412044374,0.605136436597111,0.0760697305863708,0.986425339366516,0.0764430577223089,0.990625,0.565830721003135,0.0654205607476635,0.987421383647799,0.419152276295133,0.078003120124805,0.0822981366459627,0.074468085106383,0.605475040257649,0.967889908256881,0.0658499234303216,0.483568075117371,0.988941548183254,0.552671755725191,0.593167701863354,0.587962962962963,0.075968992248062,0.0574162679425837,0.0858505564387917,0.0735068912710567,0.0719754977029096,0.990936555891239,0.0865533230293663,0.404287901990812,0.923652694610778,0.58359133126935,0.0760869565217391,0.0795631825273011,0.0710823909531502,0.0715396578538103,0.992248062015504,0.594180704441041,0.0662557781201849,0.0709779179810726,0.0701754385964912,0.0748829953198128,0.0822981366459627,0.0834645669291339,0.610942249240122,0.938291139240506,0.0727848101265823,0.998484848484849,0.597826086956522,0.659409020217729,0.0804953560371517,0.504,0.605136436597111,0.593457943925234,0.0819165378670788,0.970358814352574,0.588597842835131,0.0707692307692308,0.0829420970266041,0.546165884194053,0.599388379204893,0.60062893081761,0.597791798107255,0.0649149922720247,0.593354430379747,0.590697674418605,0.656,0.595015576323987,0.038109756097561,0.603343465045593,0.996840442338073,0.58695652173913,0.925465838509317,0.0764430577223089,0.992150706436421,0.598116169544741,0.586046511627907,0.596214511041009,0.0750382848392037,0.0648148148148148,0.0806962025316456,0.0789473684210526,0.0800627943485086,0.078740157480315,0.583732057416268,0.0798771121351766,0.601866251944012,0.594370860927152,0.466049382716049,0.409967845659164,0.0793157076205288,0.0773993808049536,0.929447852760736,0.599693251533742,0.9703125,0.0703363914373089,0.967032967032967,0.0775193798449612,0.0750798722044728,0.601880877742947,0.0803149606299213,0.0776699029126214,0.440124416796268,0.640322580645161,0.0818452380952381,0.996835443037975,0.988906497622821,0.08,0.0741324921135647,0.0681114551083591,0.996884735202492,0.929012345679012,0.590563165905632,0.486024844720497,0.589230769230769,0.931297709923664,0.577777777777778,0.996879875195008,0.0820433436532508,0.0784929356357928,0.597542242703533,0.589984350547731,0.845440494590417,0.582938388625592,0.593558282208589,0.591962905718702,0.0761904761904762,0.0709876543209877,0.589341692789969,0.0757800891530461,0.935085007727975,0.071097372488408,0.863708399366086,0.0815047021943574,0.422900763358779,0.0745814307458143,0.603744149765991,0.596153846153846,1,0.40519877675841,0.0734375,0.0721003134796238,0.290423861852433,0.184466019417476,0.591194968553459,0.599364069952305,0.0725308641975309,0.583596214511041,0.828660436137072,0.585987261146497,0.0849772382397572,0.989130434782609,0.0815047021943574,0.0763116057233704,0.5890625,0.414012738853503,0.600313479623824,0.0772946859903382,0.0642633228840125,0.611280487804878,0.601550387596899,0.588957055214724,0.20846394984326,0.597464342313788,0.0756172839506173,0.986046511627907,0.0814132104454685,0.0728155339805825,0.39258114374034,0.441221374045802,0.57784911717496,0.987538940809969,0.590189873417722,0.0743034055727554,0.0718849840255591,0.6046875,0.58307210031348,0.460708782742681,0.0762052877138414,0.604294478527607,0.684698608964451,0.609642301710731,0.100917431192661,0.615748031496063,0.937402190923318,0.604006163328197,0.587155963302752,0.582298136645963,0.592356687898089,0.594268476621418,0.102290076335878,0.0784929356357928,0.615023474178404,0.542264752791069,0.403174603174603,0.843410852713178,0.399022801302932,0.0683229813664596,0.58641975308642,0.934477379095164,0.582434514637905,0.602150537634409,0.690184049079755,0.585557299843014,0.931993817619784,0.574074074074074,0.599369085173502,0.591836734693878,0.598116169544741
"178",1,1,1,1,1,1,0.72,1,1,0.0904684975767367,1,0.0479134466769706,0.809076682316119,1,0.298578199052133,0.289269051321928,0.0659509202453988,0.698717948717949,1,1,0.281004709576138,0.295133437990581,1,0.15625,1,0.307086614173228,0.300163132137031,1,1,0.781645569620253,0.287480680061824,0.727272727272727,0.962848297213622,0.294670846394984,0,1,0.551401869158878,1,0.282477341389728,1,0.683307332293292,0.702492211838006,0.716030534351145,1,1,0.29903536977492,0.298299845440495,0.294027565084227,0.306990881458967,0.306027820710974,0,1,0.286604361370716,1,1,0.47626582278481,0.575757575757576,1,1,1,0.311145510835913,0.303875968992248,0.296703296703297,0.697784810126582,1,1,0.0406885758998435,1,0.0592705167173252,0.302611367127496,1,0.293291731669267,0.31139646869984,0.96474358974359,0.527777777777778,1,0.288109756097561,0.317411402157165,1,0.294685990338164,0.0817307692307692,0.303030303030303,0.305511811023622,1,0.312401883830455,1,1,1,1,0.706521739130435,1,1,0.00154798761609907,0.0970724191063174,1,0.0503048780487805,0,1,0.577170418006431,0.692429022082019,1,0.0587301587301587,0.287051482059282,1,0.293291731669267,1,0.705426356589147,1,0.299539170506912,0.306976744186047,0.297213622291022,1,0.305900621118012,1,0.5,1,0.295774647887324,0.297839506172839,0.298003072196621,0.300940438871473,0.49375,1,0.301515151515152,0.300787401574803,1,0.286594761171032,1,1,0.332288401253919,0.532208588957055,1,0.301587301587302,1,0.0466867469879518,1,0.298299845440495,0.695046439628483,0.305164319248826,0.927899686520376,0.4048,0.0947204968944099,0.0883280757097792,1,1,0.310126582278481,1,0.299392097264438,1,0.812792511700468,1,0.293650793650794,1,1,1,1,0.30625,1,0.301282051282051,0.258015267175572,1,0.295558958652374,1,0.290571870170015,0.0805687203791469,1,0.279620853080569,1,1,1,0.32093023255814,1,0.304897314375987,1,0.2875,1,0.299212598425197,0.0775193798449612,1,0.65210355987055,1,1,0.295774647887324,1,1,1,1,0.30625,0.295107033639144,1,1,0.302936630602782,0.288216560509554,1,0.454828660436137,0.684131736526946,0,0.295665634674923,0.688575899843505,1,0.303543913713405,1,1,1,0.298299845440495,0.3,0.310344827586207,1,1,1,0,1,0.29922480620155,0.973478939157566,0.3,0.28503937007874,0.752704791344668,1,1,1,1,1,0.04858934169279,0.29595015576324,0.300455235204856,1,0.70015455950541,1,1,0.998430141287284,1,1,1,0.00308166409861325,0.320552147239264,1,0.304416403785489,1,0.283969465648855,1,1,1,1,1,0.303459119496855,1,0.503095975232198,0.310664605873261,0.304953560371517,0.294770206022187,0.299531981279251,0.313291139240506,0.386473429951691,0.315625,0.297213622291022,0.302936630602782,1,0.300632911392405,1,0.708841463414634,0.293023255813953,0.318885448916409,0.320813771517997,1,1,1,0.268518518518519,0.28858024691358,1,0.297770700636943,0.308396946564885,0.296875,0.295839753466872,0.703001579778831,1,0.307926829268293,0.294488188976378,1,0.283171521035599,1,0.28902627511592,0.295208655332303,1,1,1,0.550231839258114,1,0.69969040247678,0.0764525993883792,0.300469483568075,1,1,0.0882352941176471,0.297213622291022,0.306836248012719,1,1,0.289473684210526,0.0250783699059561,0.00161550888529887,1,1,0.31441717791411,0.998456790123457,1,0.294385432473445,1,1,0.301538461538462,1,1,1,1,0.303599374021909,0.290273556231003,0.304140127388535,1,1,0.687888198757764,0.29559748427673,1,0.305084745762712,0.279620853080569,1,1,1,1,1,0.309262166405024,1,1,0.103503184713376,0.314900153609831,0.468118195956454,0.282091917591125,0.689274447949527,0.299382716049383,1,0.291600633914422,0.306962025316456,0.257668711656442,0.302752293577982,1,0.306990881458967,1,1,1,0.289099526066351,0.310872894333844,1,0.927184466019418,0.0670926517571885,1,0.290625,0.303174603174603,0.295055821371611,1,0.309119010819165,0.477165354330709,0.311349693251534,0.293563579277865,0.293739967897271,0.285714285714286,1,0.301916932907348,1,1,0,1,0.300632911392405,1,1,1,0.3,1,0.292452830188679,1,0.841121495327103,1,1,1,0.297971918876755,1,1,0.297971918876755,0.291925465838509,1,1,0.292259083728278,0.189522342064715,1,1,1,0,0.291079812206573,1,0.297213622291022,0.247278382581649,1,0.694835680751174,0.417933130699088,1,1,0.702985074626866,0.71496062992126,0.325471698113208,1,0.29922480620155,1,1,0.320754716981132,1,1,0.00783699059561128,0.303125,1,1,0.299843014128728,1,1,0.289514866979656,0.340030911901082,1,1,1,0.519440124416796,0.295489891135303,0.323763955342903,0.297256097560976,0.308892355694228,0.702194357366771,0.304281345565749,0.306501547987616,0.296923076923077,0.247311827956989,0.297939778129952,1,0.301857585139319,1,0.291666666666667,0.0845921450151057,0.0546021840873635,1,1,0.0417956656346749,1,0.703245749613601,0.0462962962962963,0.0126782884310618,1,0.705882352941177,1,1,0.528213166144201,1,0,0.0715421303656598,1,1,1,0.303317535545024,0.666165413533835,0.712903225806452,0.992307692307692,1,0.987616099071207,0.277258566978193,0.340157480314961,1,0.286392405063291,1,0.346153846153846,0.101286173633441,0.29393468118196,0.296686746987952,0.309364548494983,1,0.081039755351682,1,1,1,0.266153846153846,0.303317535545024,1,0.297770700636943,1,1,0.284839203675345,1,0.309880239520958,1,0.287284144427002,0.302180685358255,1,0.701892744479495,0.299847792998478,1,0.289855072463768,0.762870514820593,0.299236641221374,0.160741885625966,0.295902883156297,0.77567140600316,0.288216560509554,1,0.302362204724409,0.314900153609831,0.26905132192846,1,1,1,0.968051118210863,0.351612903225806,1,0.307692307692308,1,0.30327868852459,0.290322580645161,1,1,1,0.919254658385093,1,0.290123456790123,0.299539170506912,1,1,0.0516431924882629,0.078525641025641,1,1,0.287539936102236,1,1,0.294209702660407,1,1,0.698757763975155,0.554699537750385,1,0,1,1,0.0923076923076923,0.296875,1,0.30564263322884,1,0.967084639498433,1,0.824806201550388,1,0.310789049919485,1,1,1,0,0.298555377207063,1,1,0.687789799072643,1,0.302936630602782,0.34472049689441,0.297507788161994,1,1,1,0.0852359208523592,0.296650717703349,0.0904761904761905,1,0.296124031007752,0.287267080745342,0.337442218798151,0,1,0.955974842767296,1,1,0.307936507936508,0.287037037037037,0.157728706624606,0.0427215189873418,0.29393468118196,0.288854003139717,0.314241486068111,0.0015748031496063,0.297045101088647,1,0,0.287692307692308,1,1,1,0.302571860816944,0.303353658536585,0.0372771474878444,1,0.29746835443038,0.295208655332303,1,1,0.304347826086957,0.712903225806452,1,1,0.709119496855346,1,0.289592760180996,1,0.293460925039872,0.543076923076923,0.684049079754601,0.381165919282511,1,0.280060882800609,0.290769230769231,0.69478527607362,0.690880989180835,1,0.302469135802469,1,0.312977099236641,1,0.299843014128728,0.294488188976378,0.333858267716535,0.505376344086022,0.292259083728278,0.297339593114241,0.681889763779528,0.297674418604651,0.144715447154472,1,0,1,0.267295597484277,1,0,0.297297297297297,0.298076923076923,1,0.0581222056631893,1,0.0850393700787402,0.321259842519685,1,0.0665634674922601,0.687789799072643,1,1,1,0.287112561174551,0.045662100456621,1,0.411671924290221,0.0865384615384615,0.333333333333333,0.3015625,0.306027820710974,1,1,1,1,1,0.0665658093797277,0.995356037151703,0.70750382848392,0.00296296296296296,0.302936630602782,1,1,1,1,0.0864197530864197,0.293394777265745,1,1,1,1,1,1,0.499229583975347,0.0015748031496063,1,0.0801232665639445,0.297045101088647,0.438759689922481,1,0.377952755905512,0.287319422150883,0.297971918876755,1,0.0417956656346749,0.306153846153846,1,1,0.354992076069731,0.296124031007752,0.294573643410853,0.301282051282051,1,0.298904538341158,0.302003081664099,0.3904,0.2984375,0.973684210526316,0.293577981651376,0.0775316455696203,0.300157977883096,0,1,0.0771653543307087,0.293185419968304,0.303265940902022,0.29153605015674,1,1,1,1,1,1,0.306962025316456,1,0.299050632911392,0.293831168831169,0.589665653495441,0.695102685624013,1,1,0,0.3,0.114241001564945,1,0.0383435582822086,1,1,0.298412698412698,1,1,0.611727416798732,0.391096979332273,0.995508982035928,0.0782747603833866,0.097331240188383,1,1,1,0.0858034321372855,0,0.301369863013699,0.402190923317684,0.302147239263804,0,0.308176100628931,0.0923566878980892,1,1,0.302795031055901,0.302003081664099,0.249607535321821,0.314194577352472,0.3,0.301710730948678,1,1,0.303656597774245,1,0,1,0.22397476340694,1,0.693623639191291,1,0.291925465838509,0.281847133757962,0.0717628705148206,0.696594427244582,1,1,0.79595015576324,0.898858075040783,0.30564263322884,0.295345104333868,1,0.298904538341158,0.26038338658147,0.298887122416534,1,0.0964230171073095,1,1,0.296124031007752,0.700949367088608,0.288216560509554,1,1,0.291350531107739,0.291731669266771,0.302891933028919,0.852895148669797,0.287974683544304,1,0.0599078341013825,1,1,0.710566615620214,0.667189952904239,0.308186195826645,0.0546021840873635,0.307570977917981,1,1,0.286168521462639,0.316455696202532,0.638330757341577,1,0.287671232876712,0.34715821812596,0.289473684210526,0.984544049459042,0.4858934169279,0.0046583850931677,0.286153846153846,0.3,0.314696485623003,0.298245614035088,0.299539170506912,0.971299093655589,1,0.295839753466872,0.562903225806452,0.707547169811321,0.244961240310078,0.703099510603589,1,0.306122448979592,0.00157977883096367,0.306625577812018,0.294753086419753,0.341121495327103,0.302034428794992,0,0.316770186335404,0.296,0.304821150855365,0.291731669266771
"179",0.651888341543514,0.646302250803859,0.637820512820513,0.623140495867769,0.631921824104234,0.650819672131148,0.965058236272879,0.64026402640264,0.640449438202247,0.47,0.641390205371248,0.4064,0.434276206322795,0.638573743922204,0.0340909090909091,0.0366826156299841,0.424,0.966442953020134,0.633223684210526,0.653094462540717,0.0357142857142857,0.0339256865912763,0.633440514469453,0.534290271132376,0.650316455696203,0.0305958132045089,0.03,0.633825944170772,0.644654088050314,0.415,0.0370967741935484,0.359550561797753,0.586709886547812,0.0324149108589951,0.37156704361874,0.640759930915371,0.904065040650406,0.630573248407643,0.0316957210776545,0.649762282091918,0.970394736842105,0.971246006389776,0.969648562300319,0.633116883116883,0.634146341463415,0.0344827586206897,0.0261437908496732,0.0314465408805031,0.035031847133758,0.0285261489698891,0.355305466237942,0.630182421227197,0.0316455696202532,0.636952998379254,0.644904458598726,0.136288998357964,0.927184466019418,0.635332252836305,0.650717703349282,0.626409017713366,0.0301109350237718,0.0340356564019449,0.0322061191626409,0.980392156862745,0.650082918739635,0.640065146579805,0.394039735099338,0.62987012987013,0.43167701863354,0.0351437699680511,0.640449438202247,0.0308441558441558,0.0287162162162162,0.674958540630182,0.8896,0.645569620253165,0.0302066772655008,0.0288461538461538,0.636510500807754,0.0290598290598291,0.452145214521452,0.0293637846655791,0.0356564019448947,0.634340222575517,0.0273311897106109,0.635071090047393,0.631921824104234,0.625199362041467,0.627831715210356,0.967793880837359,0.646666666666667,0.632465543644717,0.358730158730159,0.464968152866242,0.644371941272431,0.411671924290221,0.368078175895765,0.641025641025641,0.924623115577889,0.965909090909091,0.647727272727273,0.432078559738134,0.0304975922953451,0.646766169154229,0.0388349514563107,0.641479099678457,0.966129032258065,0.637846655791191,0.0308441558441558,0.0304,0.0310965630114566,0.64573268921095,0.028436018957346,0.632686084142395,0.841346153846154,0.650393700787402,0.032520325203252,0.677884615384615,0.0335463258785942,0.0307941653160454,0.84,0.643086816720257,0.0330188679245283,0.0301507537688442,0.631911532385466,0.0337078651685393,0.635528330781011,0.63849765258216,0.688311688311688,0.272,0.632279534109817,0.0307941653160454,0.62987012987013,0.404761904761905,0.624161073825503,0.0333333333333333,0.971153846153846,0.032051282051282,0.579032258064516,0.155290102389079,0.477124183006536,0.456168831168831,0.640322580645161,0.628951747088186,0.0339256865912763,0.646302250803859,0.02660406885759,0.64926590538336,0.445859872611465,0.630841121495327,0.0329489291598023,0.647727272727273,0.647819063004846,0.637540453074434,0.631921824104234,0.0321027287319422,0.647727272727273,0.0297029702970297,0.620031796502385,0.6304,0.03486529318542,0.631410256410256,0.0354838709677419,0.459546925566343,0.635179153094462,0.0330578512396694,0.645901639344262,0.641815235008104,0.630225080385852,0.0287081339712919,0.634146341463415,0.0258899676375405,0.641571194762684,0.022508038585209,0.637271214642263,0.0292682926829268,0.452495974235105,0.65210355987055,1,0.657331136738056,0.646302250803859,0.0314569536423841,0.642512077294686,0.633440514469453,0.646774193548387,0.635179153094462,0.0308441558441558,0.028892455858748,0.635313531353135,0.629690048939641,0.035031847133758,0.0341463414634146,0.63768115942029,0.803542673107891,0.986024844720497,0.360522022838499,0.0318979266347687,0.971061093247588,0.638535031847134,0.0304487179487179,0.639072847682119,0.637658227848101,0.640650406504065,0.0359477124183007,0.0318979266347687,0.0295081967213115,0.62402496099844,0.63681592039801,0.638977635782748,0.367720465890183,0.64951768488746,0.0264900662251656,0.617886178861789,0.0298507462686567,0.0342019543973941,0.603225806451613,0.636363636363636,0.642172523961661,0.634185303514377,0.647249190938511,0.65016501650165,0.400641025641026,0.0328407224958949,0.0323624595469256,0.642857142857143,0.971337579617834,0.630914826498423,0.639498432601881,0.63961038961039,0.638436482084691,0.649006622516556,0.631496062992126,0.344605475040258,0.696682464454976,0.646003262642741,0.0298013245033113,0.633387888707038,0.0355987055016181,0.6368,0.639669421487603,0.652312599681021,0.631229235880399,0.655683690280066,0.0277777777777778,0.633116883116883,0.165032679738562,0.0276422764227642,0.0303030303030303,0.0229508196721311,0.0344827586206897,0.0373376623376623,0.136894824707846,0.0337078651685393,0.0241157556270096,0.0271132376395534,0.636792452830189,0.0347107438016529,0.640336134453781,0.971698113207547,0.029126213592233,0.675590551181102,0.0329489291598023,0.624382207578254,0.631493506493506,0.63258785942492,0.629449838187702,0.035426731078905,0.635634028892456,0.034257748776509,0.0284810126582278,0.0263591433278418,0.0303030303030303,0.971014492753623,0.651888341543514,0.0350877192982456,0.033112582781457,0.633870967741936,0.03,0.630841121495327,0.0283018867924528,0.0308943089430894,0.64367816091954,0.631666666666667,0.654281098546042,0.895595432300163,0.640856672158155,0.972624798711755,0.457680250783699,0.0318471337579618,0.632258064516129,0.635914332784185,0.464454976303318,0.0336,0.0297520661157025,0.640599001663893,0.630718954248366,0.0380952380952381,0.3856,0.344481605351171,0.657377049180328,0.633613445378151,0.0224719101123595,0.624796084828711,0.661490683229814,0.0345911949685535,0.636807817589576,0.646592709984152,0.0274636510500808,0.656765676567657,0.650406504065041,0.642740619902121,0.636070853462158,0.0324675324675325,0.0361635220125786,0.0319327731092437,0.646302250803859,0.632279534109817,0.959935897435897,0.0240770465489567,0.627257799671593,0.0290791599353796,0.0326797385620915,0.645933014354067,0.632,0.645631067961165,0.642622950819672,0.6384,0.0310457516339869,0.65139116202946,0.654781199351702,0.482758620689655,0.0315457413249211,0.210016155088853,0.0346534653465347,0.962722852512156,0.0333333333333333,0.631496062992126,0.0345963756177924,0.0296052631578947,0.63265306122449,0.0289389067524116,0.645424836601307,0.0304,0.644844517184943,0.65089722675367,0.651050080775444,0.0309951060358891,0.0288,0.639291465378422,0.561779242174629,0.43163097199341,0.663920922570016,0.036624203821656,0.0279146141215107,0.0244698205546493,0.631229235880399,0.0284810126582278,0.834935897435897,0.032051282051282,0.0305466237942122,0.0330578512396694,0.0313531353135314,0.6352,0.0290791599353796,0.634064080944351,0.629084967320261,0.37012987012987,0.644891122278057,0.0274636510500808,0.640449438202247,0.641148325358852,0.641541038525963,0.0358306188925081,0.659270998415214,0.0298013245033113,0.63125,0.465489566613162,0.638263665594855,0.634426229508197,0.641955835962145,0.032258064516129,0.635467980295567,0.646579804560261,0.0357723577235772,0.0323624595469256,0.63739837398374,0.634460547504026,0.0353697749196141,0.5792,0.646381578947368,0.630645161290323,0.631160572337043,0.366288492706645,0.0278688524590164,0.652027027027027,0.0304,0.628289473684211,0.650485436893204,0.968,0.0753532182103611,0.633499170812604,0.636510500807754,0.972307692307692,0.93900481540931,0.0181518151815182,0.6512,0.034257748776509,0.645695364238411,0.643333333333333,0.0343698854337152,0.631578947368421,0.634390651085142,0.378246753246753,0.0306451612903226,0.642512077294686,0.634426229508197,0.0354838709677419,0.646031746031746,0.645973154362416,0.0309951060358891,0.719412724306688,0.639072847682119,0.6336,0.626644736842105,0.157392686804452,0.0339256865912763,0.0508196721311475,0.0317965023847377,0.0304487179487179,0.96742671009772,0.0258899676375405,0.0299684542586751,0.0254372019077901,0.62843295638126,0.0231404958677686,0.65818759936407,0.0301109350237718,0.628951747088186,0.0253565768621236,0.445652173913043,0.414673046251994,0.630744849445325,0.644904458598726,0.402576489533011,0.643697478991597,0.972843450479233,0.4170692431562,0.367741935483871,0.635782747603834,0.96969696969697,0.640650406504065,0.652032520325203,0.269736842105263,0.632423756019262,0.353796445880452,0.454545454545455,0.635922330097087,0.637820512820513,0.651539708265802,0.0264462809917355,0.989010989010989,0.962328767123288,0.6416,0.635483870967742,0.616,0.032258064516129,0.712871287128713,0.640322580645161,0.0310965630114566,0.651968503937008,0.0209339774557166,0.476112026359143,0.0313014827018122,0.0330708661417323,0.0256410256410256,0.639553429027113,0.437898089171975,0.636505460218409,0.642016806722689,0.640394088669951,0.629513343799058,0.0296052631578947,0.643435980551053,0.0341463414634146,0.641196013289037,0.638474295190713,0.0331230283911672,0.642740619902121,0.0342146189735614,0.623762376237624,0.0307941653160454,0.0342019543973941,0.635483870967742,0.969155844155844,0.0314465408805031,0.643086816720257,0.0246710526315789,0.379478827361564,0.0363349131121643,0.547049441786284,0.0371517027863777,0.394088669950739,0.0347682119205298,0.633333333333333,0.0272873194221509,0.0299212598425197,0.0337078651685393,0.645161290322581,0.634266886326194,0.641838351822504,0.601990049751244,0.731666666666667,0.642054574638844,0.028099173553719,0.636807817589576,0.0348837209302326,0.0317965023847377,0.634615384615385,0.637254901960784,0.638535031847134,0.562300319488818,0.628705148205928,0.0305466237942122,0.0344287949921753,0.623778501628665,0.632952691680261,0.417218543046358,0.454248366013072,0.643548387096774,0.631578947368421,0.0328947368421053,0.650563607085346,0.638198757763975,0.0335463258785942,0.653465346534653,0.645631067961165,0.969055374592834,0.901098901098901,0.640449438202247,0.366306027820711,0.641693811074919,0.634028892455859,0.45933014354067,0.0392798690671031,0.651960784313726,0.0273752012882448,0.637987012987013,0.615131578947368,0.647342995169082,0.470113085621971,0.65089722675367,0.0282861896838602,0.63301282051282,0.63961038961039,0.631932773109244,0.350793650793651,0.0302521008403361,0.632450331125828,0.639553429027113,0.963258785942492,0.633440514469453,0.0351437699680511,0.0256821829855538,0.0309446254071661,0.646203554119548,0.624390243902439,0.64297253634895,0.463768115942029,0.0366056572379368,0.449251247920133,0.617647058823529,0.0317460317460317,0.0287539936102236,0.0146103896103896,0.363338788870704,0.621487603305785,0.595161290322581,0.640065146579805,0.63015873015873,0.0276872964169381,0.0345911949685535,0.542949756888169,0.409967845659164,0.0361247947454844,0.0354838709677419,0.032,0.354409317803661,0.0307443365695793,0.62992125984252,0.354943273905997,0.0337620578778135,0.619354838709677,0.6384,0.630573248407643,0.0317965023847377,0.0286624203821656,0.402684563758389,0.636070853462158,0.0342019543973941,0.0290322580645161,0.637540453074434,0.653225806451613,0.0337620578778135,0.966832504145937,0.648475120385233,0.656814449917898,0.97708674304419,0.635782747603834,0.0333863275039746,0.648117839607201,0.0342019543973941,0.896166134185304,0.972886762360447,0.135646687697161,0.63015873015873,0.0284810126582278,0.0324149108589951,0.966292134831461,0.973101265822785,0.633870967741936,0.0319488817891374,0.651315789473684,0.0315955766192733,0.645056726094003,0.0324149108589951,0.0321027287319422,0.0191693290734824,0.2576,0.0351170568561873,0.0330578512396694,0.977346278317152,0.0304,0.539763113367174,0.631578947368421,0.378763866877971,0.630573248407643,0.0261865793780687,0.639291465378422,0.369181380417335,0.0278688524590164,0.0358306188925081,0.644262295081967,0.423861852433281,0.628389154704944,0.460655737704918,0.0197044334975369,0.621970920840065,0.445705024311183,0.977124183006536,0.636952998379254,0.640194489465154,0.637239165329053,0.0268456375838926,0.416,0.64390243902439,0.0694668820678514,0.464696223316913,0.0222222222222222,0.0258481421647819,0.0313971742543171,0.6384,0.610084033613445,0.641447368421053,0.639291465378422,0.639871382636656,0.43730407523511,0.649289099526066,0.971246006389776,0.363067292644757,0.0307941653160454,0.634185303514377,0.647058823529412,0.63728813559322,0.638668779714738,0.447495961227787,0.0332805071315372,0.623604465709729,0.618657937806874,0.629382303839733,0.641479099678457,0.642036124794745,0.647058823529412,0.851674641148325,0.368333333333333,0.642857142857143,0.448330683624801,0.0305958132045089,0.815960912052117,0.637096774193548,0.0544554455445545,0.0255536626916525,0.035426731078905,0.636510500807754,0.408360128617363,0.0337620578778135,0.635499207606973,0.656862745098039,0.037953795379538,0.0303514376996805,0.0309951060358891,0.0328947368421053,0.640253565768621,0.0315614617940199,0.0305466237942122,0.146537842190016,0.024390243902439,0.605055292259084,0.0268987341772152,0.458333333333333,0.0273311897106109,0.373801916932907,0.652317880794702,0.440705128205128,0.0360655737704918,0.0308441558441558,0.0326797385620915,0.630048465266559,0.626623376623377,0.635607321131448,0.633279483037157,0.626689189189189,0.640522875816993,0.0229132569558101,0.65224358974359,0.0324149108589951,0.0292096219931271,0.314873417721519,0.965630114566285,0.641148325358852,0.637239165329053,0.370967741935484,0.0288,0.484552845528455,0.637636080870918,0.39672131147541,0.63884430176565,0.649006622516556,0.0277777777777778,0.648026315789474,0.643952299829642,0.360790774299835,0.129194630872483,0.626749611197512,0.441666666666667,0.475247524752475,0.630990415335463,0.630894308943089,0.642276422764228,0.461038961038961,0.370967741935484,0.0304975922953451,0.0684039087947883,0.0318979266347687,0.375198728139905,0.0275974025974026,0.450331125827815,0.636510500807754,0.640132669983416,0.0313479623824451,0.0259319286871961,0.631321370309951,0.0234113712374582,0.0321027287319422,0.0337078651685393,0.647435897435897,0.626016260162602,0.0248344370860927,0.644305772230889,0.366826156299841,0.6224,0.599018003273322,0.655683690280066,0.972536348949919,0.645264847512038,0.0274636510500808,0.0367278797996661,0.454833597464342,0.969404186795491,0.6352,0.631663974151858,0.865384615384615,0.587646076794658,0.0327868852459016,0.0267111853088481,0.64171974522293,0.0289855072463768,0.640522875816993,0.0316139767054908,0.64018691588785,0.461912479740681,0.632352941176471,0.645214521452145,0.0275080906148867,0.965346534653465,0.0276872964169381,0.640132669983416,0.633387888707038,0.029126213592233,0.0339805825242718,0.0282574568288854,0.543513957307061,0.0324675324675325,0.638126009693053,0.420382165605096,0.619672131147541,0.631490787269682,0.971428571428571,0.9967585089141,0.0368509212730318,0.423140495867769,0.0245901639344262,0.62847790507365,0.624161073825503,0.0328407224958949,0.0290791599353796,0.875796178343949,0.640449438202247,0.0334928229665072,0.13258785942492,0.0290791599353796,0.636070853462158,0.842880523731588,0.367834394904459,0.032,0.0300632911392405,0.0263591433278418,0.0325732899022801,0.0362776025236593,0.664,0.640856672158155,0.0327332242225859,0.92671009771987,0.969155844155844,0.618506493506494,0.971476510067114,0.630541871921182,0.0275526742301459,0.366883116883117,0.0273752012882448,0.0261011419249592,0.147011308562197,0.0325732899022801,0.362179487179487,0.0325732899022801,0.0295566502463054,0.0280528052805281,0.0310965630114566
"180",1,1,1,1,1,1,0.728455284552846,1,1,0.0993265993265993,1,0.0475435816164818,0.819063004846527,1,0.293075684380032,0.285483870967742,0.0626959247648903,0.706362153344209,1,1,0.271565495207668,0.290584415584416,1,0.155802861685215,1,0.313880126182965,0.294685990338164,1,1,0.794212218649518,0.28892455858748,0.736089030206677,0.966292134831461,0.298107255520505,0,1,0.549763033175355,1,0.285714285714286,1,0.678972712680578,0.69811320754717,0.70679012345679,1,1,0.292079207920792,0.300319488817891,0.293838862559242,0.300155520995334,0.309375,0,1,0.297805642633229,1,1,0.48314606741573,0.584394904458599,1,1,1,0.312796208530806,0.297427652733119,0.295638126009693,0.698412698412698,1,1,0.0382165605095541,1,0.0535987748851455,0.30188679245283,1,0.306122448979592,0.301482701812191,0.966129032258065,0.524564183835182,1,0.290372670807453,0.314329738058552,1,0.301302931596091,0.0879478827361563,0.308917197452229,0.315112540192926,1,0.318611987381703,1,1,1,1,0.722397476340694,1,1,0.00159235668789809,0.103448275862069,1,0.0497667185069984,0,1,0.5810147299509,0.695299837925446,1,0.0556438791732909,0.298412698412698,1,0.289389067524116,1,0.705882352941177,1,0.304278922345483,0.294025157232704,0.298904538341158,1,0.303656597774245,1,0.5,1,0.293929712460064,0.293838862559242,0.29984544049459,0.302547770700637,0.496805111821086,0.998412698412698,0.296583850931677,0.294892915980231,1,0.290423861852433,1,1,0.31637519872814,0.521943573667712,1,0.289430894308943,1,0.046656298600311,1,0.289968652037618,0.696682464454976,0.304,0.934609250398724,0.410801963993453,0.101449275362319,0.0959119496855346,1,1,0.312698412698413,1,0.296754250386399,1,0.806656101426308,1,0.303079416531605,1,1,1,1,0.313001605136437,1,0.305555555555556,0.25314465408805,1,0.296124031007752,1,0.28006329113924,0.0807754442649435,1,0.296650717703349,1,1,1,0.316118935837246,1,0.308544303797468,1,0.281004709576138,1,0.29951690821256,0.0770440251572327,1,0.657331136738056,1,1,0.296596434359805,1,1,1,1,0.298578199052133,0.289763779527559,1,0.998412698412698,0.293103448275862,0.291935483870968,1,0.444267515923567,0.689708141321045,0,0.298273155416013,0.696141479099678,1,0.297805642633229,1,0.998432601880878,1,0.300157977883096,0.30298273155416,0.303571428571429,1,1,1,0,1,0.287560581583199,0.974723538704581,0.303858520900322,0.290220820189274,0.739268680445151,1,1,1,1,1,0.0464,0.291935483870968,0.299050632911392,1,0.69983948635634,1,1,0.998389694041868,0.998420221169036,1,1,0.00471698113207547,0.316957210776545,1,0.2914653784219,1,0.28343949044586,1,1,1,1,1,0.298722044728434,1,0.504078303425775,0.302694136291601,0.299689440993789,0.291666666666667,0.299840510366826,0.314606741573034,0.40655737704918,0.315372424722662,0.297213622291022,0.290064102564103,1,0.312698412698413,1,0.706521739130435,0.28548644338118,0.304552590266876,0.3125,1,1,1,0.255591054313099,0.294770206022187,1,0.302884615384615,0.309859154929577,0.294871794871795,0.302066772655008,0.706451612903226,1,0.302034428794992,0.294022617124394,1,0.273905996758509,1,0.295208655332303,0.297971918876755,1,1,1,0.548335974643423,1,0.705882352941177,0.0819165378670788,0.309148264984227,1,1,0.0953125,0.300623052959502,0.299674267100977,1,1,0.28414442700157,0.027027027027027,0.00325732899022801,1,1,0.315625,0.9984,1,0.292527821939587,1,1,0.287758346581876,1,1,1,1,0.305863708399366,0.290076335877863,0.312602291325696,1,1,0.6875,0.294303797468354,1,0.29264475743349,0.280193236714976,1,1,0.998432601880878,1,1,0.298869143780291,1,1,0.102773246329527,0.308176100628931,0.467511885895404,0.286168521462639,0.691693290734824,0.296825396825397,1,0.288961038961039,0.319182389937107,0.262090483619345,0.296411856474259,1,0.302325581395349,1,1,1,0.281350482315113,0.302034428794992,0.998407643312102,0.924342105263158,0.0593900481540931,1,0.289348171701113,0.298701298701299,0.286871961102107,1,0.310126582278481,0.4784,0.305993690851735,0.288431061806656,0.291056910569106,0.2816,1,0.286644951140065,1,1,0,1,0.2912,1,1,1,0.303858520900322,1,0.294308943089431,1,0.837539432176656,1,1,1,0.293739967897271,1,1,0.287301587301587,0.2944,1,1,0.291666666666667,0.183962264150943,1,0.998417721518987,1,0,0.289855072463768,1,0.285939968404423,0.24203821656051,1,0.696969696969697,0.419106317411402,1,1,0.698940998487141,0.714738510301109,0.325914149443561,1,0.298412698412698,1,1,0.310289389067524,1,0.998363338788871,0.00947867298578199,0.304625199362041,1,1,0.308319738988581,1,1,0.288524590163934,0.339144215530903,1,1,1,0.517350157728707,0.2832,0.32695374800638,0.301223241590214,0.312796208530806,0.714968152866242,0.30173775671406,0.312,0.290220820189274,0.247226624405705,0.297734627831715,1,0.297674418604651,0.998397435897436,0.290171606864275,0.081039755351682,0.04858934169279,1,1,0.0440251572327044,1,0.704866562009419,0.0425196850393701,0.0146103896103896,1,0.704472843450479,1,1,0.525040387722132,1,0,0.0723472668810289,1,1,1,0.298869143780291,0.666666666666667,0.710264900662252,0.992138364779874,1,0.984101748807631,0.287974683544304,0.332794830371567,1,0.281553398058252,1,0.347826086956522,0.102439024390244,0.276190476190476,0.30030959752322,0.314189189189189,1,0.078125,1,1,1,0.254263565891473,0.303225806451613,1,0.305111821086262,1,1,0.289308176100629,1,0.300455235204856,1,0.279742765273312,0.303514376996805,1,0.697115384615385,0.295208655332303,1,0.293269230769231,0.766295707472178,0.306501547987616,0.15541601255887,0.297971918876755,0.778481012658228,0.292880258899676,1,0.300319488817891,0.314375987361769,0.275752773375594,1,1,1,0.970731707317073,0.337268128161889,1,0.293637846655791,1,0.302134646962233,0.294851794071763,1,1,1,0.92109500805153,1,0.28858024691358,0.3015625,1,1,0.0487012987012987,0.076797385620915,1,1,0.285024154589372,1,1,0.295886075949367,1,1,0.70952380952381,0.543171114599686,1,0,1,1,0.0987460815047022,0.302250803858521,1,0.301282051282051,0.9984,0.967479674796748,0.998412698412698,0.831210191082803,1,0.302134646962233,1,1,1,0,0.287603305785124,1,1,0.691318327974277,1,0.302215189873418,0.342635658914729,0.306581059390048,1,1,1,0.0927357032457496,0.3,0.0953150242326333,0.998397435897436,0.286168521462639,0.2859375,0.329133858267717,0,1,0.955905511811024,1,1,0.300813008130081,0.28129829984544,0.158908507223114,0.0416666666666667,0.298722044728434,0.288709677419355,0.30077519379845,0.00161812297734628,0.293103448275862,1,0,0.294303797468354,1,1,1,0.298299845440495,0.301710730948678,0.0394736842105263,1,0.290064102564103,0.291731669266771,1,1,0.2944,0.706467661691542,1,1,0.712680577849117,1,0.279937791601866,1,0.299363057324841,0.541996830427892,0.690031152647975,0.378504672897196,1,0.286158631415241,0.293375394321767,0.70253164556962,0.691813804173355,1,0.307086614173228,1,0.303599374021909,1,0.293929712460064,0.284345047923323,0.324281150159744,0.506309148264984,0.294117647058824,0.288643533123028,0.680445151033386,0.3,0.148692810457516,1,0,1,0.279552715654952,1,0,0.301612903225806,0.294498381877023,1,0.0524691358024691,1,0.0846645367412141,0.311475409836066,1,0.0628930817610063,0.691338582677165,1,1,1,0.289735099337748,0.0390015600624025,1,0.4112,0.0942492012779553,0.327044025157233,0.304212168486739,0.301412872841444,1,1,1,1,1,0.0633693972179289,0.995275590551181,0.710443037974684,0.00460122699386503,0.301435406698565,1,1,1,1,0.0797448165869219,0.291666666666667,1,1,1,1,1,1,0.496875,0.00161550888529887,1,0.084375,0.304761904761905,0.440570522979398,1,0.381642512077295,0.289297658862876,0.304975922953451,1,0.0415335463258786,0.306709265175719,1,1,0.354471544715447,0.292913385826772,0.288,0.289176090468498,0.998442367601246,0.295819935691318,0.300319488817891,0.398073836276083,0.293375394321767,0.973478939157566,0.287949921752739,0.0807754442649435,0.309262166405024,0,1,0.0848,0.287781350482315,0.290791599353796,0.297427652733119,1,1,1,1,1,1,0.314009661835749,1,0.293739967897271,0.298456260720412,0.593354430379747,0.703525641025641,1,1,0,0.290824261275272,0.115873015873016,0.998454404945904,0.0369181380417336,1,1,0.296596434359805,1,1,0.609195402298851,0.389438943894389,0.995426829268293,0.0814332247557003,0.0975609756097561,1,1,1,0.0864,0,0.30077519379845,0.406050955414013,0.295133437990581,0,0.307324840764331,0.0866013071895425,1,1,0.297971918876755,0.294117647058824,0.237639553429027,0.314194577352472,0.29559748427673,0.3,1,1,0.307817589576547,1,0,1,0.218152866242038,1,0.700636942675159,1,0.284090909090909,0.284126984126984,0.0770465489566613,0.70404984423676,1,1,0.80448717948718,0.884552845528455,0.2864,0.289644012944984,1,0.299050632911392,0.252818035426731,0.300970873786408,1,0.104430379746835,1,1,0.296596434359805,0.701130856219709,0.285251215559157,1,1,0.289763779527559,0.288188976377953,0.298600311041991,0.848242811501597,0.289389067524116,1,0.053968253968254,1,1,0.706896551724138,0.669354838709677,0.304132231404959,0.0526315789473684,0.301794453507341,1,1,0.281803542673108,0.310289389067524,0.638230647709321,1,0.290171606864275,0.344827586206897,0.286392405063291,0.982758620689655,0.481658692185008,0.00470957613814757,0.288372093023256,0.302469135802469,0.301282051282051,0.303858520900322,0.298136645962733,0.97339593114241,1,0.29559748427673,0.554098360655738,0.698412698412698,0.233438485804416,0.710482529118136,1,0.301282051282051,0.00316957210776545,0.312101910828025,0.290880503144654,0.352484472049689,0.300476947535771,0,0.3109375,0.298076923076923,0.306581059390048,0.291666666666667
"181",1,1,1,1,1,1,0.703470031545741,1,1,0.105095541401274,1,0.0444104134762634,0.812297734627832,1,0.317111459968603,0.300157977883096,0.071875,0.684380032206119,1,1,0.286163522012579,0.3109375,1,0.16,1,0.323574730354391,0.309904153354633,1,1,0.777424483306836,0.302003081664099,0.713622291021672,0.963949843260188,0.311501597444089,0,1,0.544323483670295,1,0.303490136570561,1,0.65990639625585,0.68062015503876,0.700460829493088,1,1,0.311183144246353,0.304416403785489,0.304147465437788,0.318818040435459,0.325617283950617,0,1,0.314984709480122,1,1,0.488188976377953,0.570747217806041,1,1,1,0.317484662576687,0.315457413249211,0.312698412698413,0.678740157480315,1,1,0.03486529318542,1,0.0614692653673163,0.314503816793893,1,0.315047021943574,0.31810766721044,0.967845659163987,0.517665130568356,1,0.313364055299539,0.330733229329173,1,0.311986863711002,0.0947030497592295,0.32484076433121,0.318611987381703,1,0.329738058551618,1,1,1,1,0.694099378881988,1,1,0.0015552099533437,0.112307692307692,1,0.0471841704718417,0,1,0.564593301435407,0.681458003169572,1,0.0576,0.314465408805031,1,0.315541601255887,1,0.687402799377916,1,0.314785373608903,0.313572542901716,0.312111801242236,1,0.325508607198748,1,0.495440729483283,1,0.313694267515924,0.30564263322884,0.316187594553706,0.323809523809524,0.480499219968799,0.998439937597504,0.31441717791411,0.310679611650485,1,0.301538461538462,1,1,0.338557993730408,0.547140649149923,1,0.310126582278481,1,0.0442748091603053,1,0.303951367781155,0.68075117370892,0.325077399380805,0.926791277258567,0.429967426710098,0.110236220472441,0.0993788819875776,1,1,0.331240188383046,1,0.320359281437126,1,0.798151001540832,1,0.324237560192616,1,1,1,1,0.329704510108865,1,0.323343848580442,0.258461538461538,1,0.309597523219814,1,0.292913385826772,0.0929133858267717,1,0.311004784688995,1,1,1,0.3328125,1,0.324367088607595,1,0.304953560371517,1,0.30952380952381,0.0821705426356589,1,0.646302250803859,1,1,0.309294871794872,1,1,1,1,0.32182103610675,0.30568356374808,1,0.998422712933754,0.314503816793893,0.295527156549521,1,0.446511627906977,0.672205438066465,0,0.319875776397516,0.680817610062893,1,0.319314641744548,1,0.998475609756098,1,0.316279069767442,0.319148936170213,0.330143540669856,1,1,1,0,1,0.311897106109325,0.971830985915493,0.323248407643312,0.30952380952381,0.751166407465008,1,1,1,1,1,0.0455974842767296,0.310832025117739,0.326219512195122,1,0.684129429892142,1,1,0.998415213946117,0.998449612403101,1,1,0.00313971742543171,0.324200913242009,1,0.312,1,0.296754250386399,1,1,1,1,1,0.322834645669291,1,0.509493670886076,0.318681318681319,0.321538461538462,0.307936507936508,0.316614420062696,0.325949367088608,0.411483253588517,0.325617283950617,0.309006211180124,0.305555555555556,1,0.322327044025157,1,0.69218989280245,0.311424100156495,0.316770186335404,0.328616352201258,1,1,1,0.262658227848101,0.310664605873261,1,0.321259842519685,0.322137404580153,0.308661417322835,0.314241486068111,0.685534591194969,1,0.323529411764706,0.309148264984227,1,0.301127214170692,1,0.311627906976744,0.306376360808709,1,1,1,0.541471048513302,1,0.684867394695788,0.0895295902883156,0.321711568938193,1,1,0.1015625,0.32,0.329032258064516,1,1,0.303353658536585,0.0251177394034537,0.00159235668789809,1,1,0.333846153846154,0.998435054773083,1,0.31055900621118,1,1,0.320373250388802,1,1,1,1,0.325,0.307110438729198,0.322061191626409,1,1,0.677469135802469,0.32018927444795,1,0.321646341463415,0.288188976377953,1,1,0.998454404945904,1,1,0.328125,1,1,0.115015974440895,0.335901386748844,0.488188976377953,0.306349206349206,0.668740279937792,0.315789473684211,1,0.305772230889236,0.3296875,0.258164852255054,0.310872894333844,1,0.321752265861027,1,1,1,0.304278922345483,0.32370820668693,0.998449612403101,0.921474358974359,0.0644654088050314,1,0.314641744548287,0.320754716981132,0.303656597774245,1,0.331278890600925,0.475384615384615,0.3234375,0.304897314375987,0.313195548489666,0.303317535545024,1,0.319047619047619,1,1,0,1,0.319182389937107,1,1,1,0.323343848580442,1,0.311708860759494,1,0.823802163833076,1,1,1,0.314329738058552,1,1,0.309006211180124,0.315625,1,1,0.303875968992248,0.189024390243902,1,0.998430141287284,1,0,0.308426073131955,1,0.302325581395349,0.251177394034537,1,0.67906976744186,0.432766615146832,1,1,0.683035714285714,0.70735524256651,0.350157728706625,1,0.31924882629108,1,1,0.329133858267717,1,0.9984375,0.00784929356357928,0.327073552425665,1,1,0.313971742543171,1,1,0.305863708399366,0.35202492211838,1,1,1,0.51702786377709,0.304761904761905,0.345425867507886,0.321804511278195,0.324031007751938,0.692063492063492,0.31937984496124,0.327692307692308,0.315384615384615,0.237048665620094,0.31496062992126,1,0.317972350230415,0.998407643312102,0.312210200927357,0.0874811463046757,0.0539291217257319,1,1,0.0388802488335925,1,0.685975609756098,0.0458135860979463,0.0108864696734059,1,0.681747269890796,1,1,0.558917197452229,1,0,0.0764331210191083,1,1,1,0.32,0.64767616191904,0.693548387096774,0.995327102803738,1,0.98125,0.300157977883096,0.343898573692552,1,0.299212598425197,1,0.366197183098592,0.108832807570978,0.310344827586207,0.316109422492401,0.333333333333333,1,0.0815384615384615,1,1,1,0.264036418816388,0.312698412698413,1,0.323763955342903,1,1,0.307332293291732,1,0.320417287630402,1,0.301092043681747,0.315047021943574,1,0.685214626391097,0.313455657492355,1,0.3088,0.749611197511664,0.310291858678955,0.162538699690402,0.320061255742726,0.755905511811024,0.304,1,0.325581395348837,0.334869431643625,0.289676425269646,1,1,1,0.964573268921095,0.346972176759411,1,0.324324324324324,1,0.31869918699187,0.313846153846154,1,1,1,0.914826498422713,1,0.310872894333844,0.317757009345794,1,1,0.0506329113924051,0.0864779874213836,1,1,0.303514376996805,1,1,0.31496062992126,1,1,0.683464566929134,0.534848484848485,1,0,1,1,0.105990783410138,0.322932917316693,1,0.323809523809524,0.998420221169036,0.965189873417722,0.998417721518987,0.815503875968992,1,0.324675324675325,1,1,1,0,0.304838709677419,1,1,0.67981072555205,1,0.321928460342146,0.351766513056836,0.322033898305085,1,1,1,0.101088646967341,0.321543408360129,0.0926517571884984,0.998417721518987,0.304482225656878,0.308755760368664,0.346687211093991,0,1,0.95800933125972,1,1,0.321259842519685,0.297256097560976,0.159163987138264,0.037914691943128,0.316037735849057,0.308892355694228,0.319875776397516,0.0016,0.313178294573643,1,0,0.311424100156495,1,1,1,0.315384615384615,0.320493066255778,0.0356564019448947,1,0.306962025316456,0.308527131782946,1,1,0.317757009345794,0.7,1,1,0.688888888888889,1,0.304281345565749,1,0.311424100156495,0.535603715170279,0.670229007633588,0.409436834094368,1,0.297256097560976,0.315870570107858,0.676335877862595,0.672782874617737,1,0.325077399380805,1,0.321428571428571,1,0.312693498452012,0.3078125,0.345425867507886,0.52099533437014,0.3168,0.311912225705329,0.672839506172839,0.314728682170543,0.153970826580227,1,0,1,0.295774647887324,1,0,0.315625,0.313694267515924,1,0.0592705167173252,1,0.0899053627760252,0.338557993730408,1,0.0698757763975155,0.671361502347418,1,1,1,0.309791332263242,0.039453717754173,1,0.427215189873418,0.103937007874016,0.354938271604938,0.319875776397516,0.321592649310873,1,1,1,1,1,0.0673813169984686,0.996951219512195,0.687402799377916,0.00296296296296296,0.315132605304212,1,1,1,1,0.0933544303797468,0.308755760368664,1,1,1,1,1,1,0.492307692307692,0.0016,1,0.0910493827160494,0.31937984496124,0.445820433436532,1,0.384737678855326,0.303715670436187,0.309968847352025,1,0.0410094637223975,0.318885448916409,1,1,0.363924050632911,0.313178294573643,0.306122448979592,0.317230273752013,0.998461538461539,0.325358851674641,0.31839258114374,0.412420382165605,0.321316614420063,0.970814132104455,0.309341500765697,0.0872374798061389,0.327586206896552,0,1,0.0936507936507937,0.3109375,0.316614420062696,0.311320754716981,1,1,1,1,1,1,0.32741935483871,1,0.311526479750779,0.319604612850082,0.612055641421947,0.690363349131122,1,1,0,0.313364055299539,0.126382306477093,0.998487140695915,0.0372093023255814,1,1,0.311501597444089,1,1,0.630990415335463,0.420545746388443,0.997032640949555,0.0818897637795276,0.102848101265823,1,1,1,0.0933125972006221,0,0.314728682170543,0.419303797468354,0.312977099236641,0,0.319554848966614,0.0916398713826367,1,1,0.318181818181818,0.31839258114374,0.248818897637795,0.328050713153724,0.311827956989247,0.316692667706708,1,1,0.321144674085851,1,0,1,0.212264150943396,1,0.678071539657854,1,0.306853582554517,0.308056872037915,0.0791925465838509,0.677469135802469,1,1,0.784929356357928,0.89873417721519,0.313572542901716,0.314785373608903,1,0.315625,0.259720062208398,0.320063694267516,1,0.110764430577223,1,1,0.315625,0.68088467614534,0.300632911392405,1,1,0.304482225656878,0.307339449541284,0.317484662576687,0.852380952380952,0.311074918566775,1,0.0581761006289308,1,1,0.702619414483821,0.655608214849921,0.322632423756019,0.0563380281690141,0.322429906542056,1,1,0.302839116719243,0.323390894819466,0.62596599690881,1,0.308510638297872,0.375,0.30298273155416,0.983050847457627,0.477987421383648,0.00471698113207547,0.299212598425197,0.32262996941896,0.318181818181818,0.317741935483871,0.3125,0.967692307692308,1,0.31104199066874,0.556464811783961,0.677777777777778,0.240249609984399,0.687702265372168,1,0.319685039370079,0.00312989045383412,0.324409448818898,0.305164319248826,0.368012422360248,0.317111459968603,0,0.33026113671275,0.318979266347687,0.321711568938193,0.3109375
"182",0.301639344262295,0.313880126182965,0.314696485623003,0.327447833065811,0.313195548489666,0.310897435897436,0.00656814449917898,0.3168,0.310015898251192,0.575806451612903,0.327160493827161,0.65251572327044,0.497568881685575,0.311111111111111,1,1,0.616588419405321,0,0.319870759289176,0.308943089430894,1,1,0.31496062992126,0.523052464228935,0.309859154929577,1,1,0.333333333333333,0.305900621118012,0.517915309446254,1,0.574766355140187,0.364928909952607,0.995245641838352,0.6645056726094,0.314238952536825,0.141732283464567,0.319938176197836,1,0.305246422893482,0.00322061191626409,0,0,0.32484076433121,0.317152103559871,1,0.993650793650794,1,1,1,0.695102685624013,0.320261437908497,1,0.315955766192733,0.311216429699842,0.826860841423948,0.123993558776167,0.3184,0.313385826771654,0.314873417721519,0.992272024729521,1,1,0.0064,0.303079416531605,0.311320754716981,0.660743134087238,0.321086261980831,0.608024691358025,1,0.313084112149533,1,1,0.285714285714286,0.157977883096367,0.309597523219814,1,0.993730407523511,0.316614420062696,1,0.610305958132045,1,1,0.312893081761006,1,0.312404287901991,0.312803889789303,0.323763955342903,0.31687898089172,0,0.314102564102564,0.321592649310873,0.689381933438986,0.594339622641509,0.309677419354839,0.642414860681115,0.680379746835443,0.311248073959938,0.117549668874172,0,0.309262166405024,0.630818619582664,1,0.314569536423841,1,0.312698412698413,0,0.319488817891374,1,1,1,0.309033280507132,0.9953125,0.32182103610675,0.202177293934681,0.301829268292683,1,0.381558028616852,1,1,0.200949367088608,0.307692307692308,1,1,0.322378716744914,1,0.31651376146789,0.308282208588957,0.371610845295056,0.770186335403727,0.322061191626409,1,0.332263242375602,0.636222910216718,0.328455284552846,1,0.00158478605388273,1,0.376,0.898026315789474,0.591414944356121,0.603531300160514,0.305246422893482,0.315359477124183,1,0.311004784688995,1,0.306709265175719,0.481946624803768,0.323076923076923,1,0.312796208530806,0.318979266347687,0.323577235772358,0.321543408360129,1,0.304625199362041,1,0.440251572327044,0.327131782945736,1,0.31859756097561,1,0.598070739549839,0.315960912052117,1,0.315286624203822,0.309748427672956,0.326984126984127,0.987441130298273,0.330696202531646,1,0.319422150882825,1,0.310344827586207,1,0.598130841121495,0.295774647887324,0.0314569536423841,0.296596434359805,0.309294871794872,1,0.302250803858521,0.315286624203822,0.317384370015949,0.325949367088608,1,1,0.327302631578947,0.3184,1,1,0.3203125,0.236593059936909,0.0197869101978691,0.6848,1,0.00315457413249211,0.313479623824451,1,0.315024232633279,0.302003081664099,0.310832025117739,0.996794871794872,1,1,0.328682170542636,0.314845024469821,0.318037974683544,0.679674796747967,0.312101910828025,1,0.327476038338658,1,1,0.427682737169518,0.319488817891374,0.315707620528771,0.319935691318328,0.302694136291601,0.309562398703404,0.650159744408946,1,1,0.311627906976744,0.0047244094488189,0.317829457364341,0.314241486068111,0.317512274959083,0.30298273155416,0.301587301587302,0.32,0.701399688958009,0.360808709175739,0.3015625,1,0.318541996830428,1,0.309748427672956,0.306962025316456,0.306962025316456,0.320512820512821,0.305921052631579,1,0.31832298136646,0.802884615384615,1,1,0.99673735725938,1,1,0.903536977491961,1,1,1,0.30757341576507,1,0.317355371900826,0,1,0.38785046728972,1,0.321486268174475,0.31869918699187,0.313099041533546,0.432432432432432,1,0.316037735849057,1,1,1,1,0,0.309791332263242,1,1,0.320512820512821,1,0.318681318681319,1,1,0.311216429699842,0.313001605136437,0.29874213836478,0.14785373608903,0.328502415458937,0,0.599078341013825,1,0.320695102685624,0.318910256410256,0.590266875981162,1,1,0.322475570032573,0.329032258064516,1,0.657556270096463,0.6944,0.301612903225806,0.318181818181818,0.992211838006231,0.322784810126582,0.296466973886329,1,0.310344827586207,0.311424100156495,1,0.311897106109325,0.313099041533546,0.309791332263242,0.32,1,1,1,0.305379746835443,0.32,0.00794912559618442,0.9904,0.321428571428571,1,1,0.314241486068111,0.330708661417323,0.302694136291601,0.307814992025518,0.311605723370429,1,0.303174603174603,0.310015898251192,0.578947368421053,1,0.84329563812601,1,0,1,0.315625,1,1,0.43125,0.998427672955975,0.319422150882825,1,0.302250803858521,0.299684542586751,0.309597523219814,1,1,0.310236220472441,0.392976588628763,0.611556982343499,0.307568438003221,1,1,1,0.321951219512195,1,0.210862619808307,1,1,1,1,0.320251177394035,1,0.306425041186161,0.328593996840442,0.682769726247987,0.296900489396411,1,0.316535433070866,0.308892355694228,0.313531353135314,1,0.297971918876755,1,0.31839258114374,0.465299684542587,0.321711568938193,0.316558441558442,0.309904153354633,1,0.308306709265176,0.305331179321486,1,1,0.318181818181818,0.315789473684211,1,0.494470774091627,0.314935064935065,0.3264,0.334360554699538,0.680314960629921,1,0.299342105263158,1,0.434294871794872,0.308681672025723,0,0.882995319812793,0.316211878009631,0.317683881064163,0,0.0299684542586751,0.981012658227848,0.315372424722662,1,0.313195548489666,0.311774461028192,1,0.321711568938193,0.311793214862682,0.673534072900158,1,0.318037974683544,0.314785373608903,1,0.307570977917981,0.303630363036304,1,0.346938775510204,0.307568438003221,0.314285714285714,0.32695374800638,0.802839116719243,1,0.9808,1,1,0.00161812297734628,1,0.992050874403816,1,0.435406698564593,0.996835443037975,0.3046875,0.992163009404389,0.322222222222222,0.995297805642633,0.616207951070336,0.626373626373626,0.31974921630094,0.308176100628931,0.642405063291139,0.304276315789474,0,0.636507936507936,0.688,0.310725552050473,0.0015600624024961,0.31139646869984,0.29903536977492,0.774193548387097,0.322734499205087,0.687797147385103,0.604538087520259,0.320126782884311,0.31974921630094,0.296,1,0.0257575757575758,0,0.315047021943574,0.332805071315372,0.325434439178515,1,0.340872374798061,0.312989045383412,1,0.302507836990596,0.940251572327044,0.579710144927536,1,1,0.991496598639456,0.311627906976744,0.610492845786963,0.314152410575428,0.311258278145695,0.307692307692308,0.421216848673947,1,0.315541601255887,1,0.317434210526316,0.311183144246353,1,0.306451612903226,1,0.326465927099842,1,1,0.320126782884311,0,1,0.321766561514196,1,0.556603773584906,1,0.515974440894569,1,0.544728434504792,1,0.315359477124183,1,1,1,0.308426073131955,0.324104234527687,0.314814814814815,0.340425531914894,0.339901477832512,0.306603773584906,1,0.313880126182965,1,1,0.319685039370079,0.317666126418152,0.31055900621118,0.377742946708464,0.324492979719189,1,1,0.324960753532182,0.3216,0.634460547504026,0.592651757188498,0.310618066561014,0.312,1,0.307570977917981,0.31733746130031,0.995169082125604,0.305057096247961,0.302362204724409,0,0.143525741029641,0.316211878009631,0.679878048780488,0.313385826771654,0.316535433070866,0.604327666151468,0.996810207336523,0.306962025316456,1,0.314553990610329,0.338187702265372,0.31629392971246,0.45511811023622,0.306836248012719,1,0.32018927444795,0.319870759289176,0.3312,0.691222570532915,1,0.329011345218801,0.319182389937107,0,0.322884012539185,0.998389694041868,0.951104100946372,1,0.311912225705329,0.322884012539185,0.313311688311688,0.595712098009188,1,0.596091205211726,0.321027287319422,1,1,0.963607594936709,0.67862969004894,0.328525641025641,0.3578125,0.32018927444795,0.315541601255887,1,1,0.523424878836834,0.6416,1,1,0.998439937597504,0.694444444444444,1,0.320987654320988,0.68621236133122,1,0.320695102685624,0.323763955342903,0.32,0.996908809891808,1,0.652597402597403,0.311004784688995,1,1,0.31937984496124,0.310452418096724,0.9984,0,0.314285714285714,0.305900621118012,0.00806451612903226,0.310725552050473,1,0.311708860759494,1,0.143525741029641,0,0.909090909090909,0.318181818181818,1,1,0,0.00154559505409583,0.32,1,0.318255250403877,0.996932515337423,0.305057096247961,1,0.998373983739837,0.961352657004831,0.773082942097027,1,1,0.00627943485086342,1,0.518272425249169,0.317307692307692,0.675425038639876,0.318252730109204,1,0.297124600638978,0.676236044657097,1,1,0.312297734627832,0.618461538461539,0.331746031746032,0.593851132686084,0.966074313408724,0.326923076923077,0.605723370429253,0.0158982511923688,0.309033280507132,0.31832298136646,0.311811023622047,1,0.639191290824261,0.30625,0.891025641025641,0.600644122383253,0.9625,1,1,0.3072,0.328990228013029,0.305194805194805,0.300157977883096,0.308056872037915,0.611026033690659,0.300314465408805,0,0.679878048780488,0.998439937597504,0.322429906542056,0.309904153354633,0.313628899835796,0.319875776397516,0.613057324840764,1,0.324409448818898,0.332807570977918,0.327332242225859,0.321144674085851,0.314285714285714,0.313001605136437,0.193199381761978,0.68026101141925,0.309262166405024,0.598425196850394,1,0.244514106583072,0.317307692307692,0.926163723916533,1,1,0.311111111111111,0.647335423197492,1,0.307931570762053,0.296474358974359,0.951845906902087,1,1,0.996699669966997,0.317683881064163,1,1,0.902912621359223,1,0.336973478939158,1,0.596747967479675,1,0.677519379844961,0.304487179487179,0.608414239482201,1,1,0.99344262295082,0.322834645669291,0.322274881516588,0.321895424836601,0.320695102685624,0.321311475409836,0.320907617504052,0.983766233766234,0.312101910828025,1,1,0.707740916271722,0,0.31875,0.31687898089172,0.679186228482003,1,0.578696343402226,0.31937984496124,0.652312599681021,0.306349206349206,0.30655737704918,1,0.309409888357257,0.30655737704918,0.6896,0.912828947368421,0.317700453857791,0.608626198083067,0.582018927444795,0.320251177394035,0.313195548489666,0.297339593114241,0.600633914421553,0.69047619047619,1,0.893481717011129,1,0.66820987654321,0.996784565916399,0.594249201277955,0.323943661971831,0.319078947368421,1,1,0.446945337620579,0.991896272285251,0.996879875195008,1,0.314102564102564,0.321144674085851,1,0.302891933028919,0.691823899371069,0.326984126984127,0.467948717948718,0.302134646962233,0,0.309375,1,1,0.598736176935229,0.00156494522691706,0.321766561514196,0.315112540192926,0.104265402843602,0.420195439739414,1,1,0.307086614173228,1,0.428120063191153,1,0.326086956521739,0.595275590551181,0.311708860759494,0.313915857605178,1,0,1,0.304132231404959,0.31637519872814,1,1,1,0.440191387559809,1,0.321144674085851,0.62111801242236,0.326433121019108,0.32626427406199,0.00159235668789809,0.04,1,0.63349131121643,1,0.326465927099842,0.328502415458937,1,1,0.161240310077519,0.311605723370429,1,0.908661417322835,1,0.313572542901716,0.198387096774194,0.671949286846276,1,1,1,1,1,0.291925465838509,0.299050632911392,1,0.11900826446281,0.00161030595813205,0.449843260188088,0,0.322528363047002,1,0.680064308681672,1,1,0.906497622820919,1,0.681388012618297,1,1,1,1
"183",1,1,1,1,1,1,0.715890850722311,1,1,0.09375,1,0.0388198757763975,0.820967741935484,1,0.30564263322884,0.298107255520505,0.058641975308642,0.693181818181818,1,1,0.281446540880503,0.303656597774245,1,0.161741835147745,1,0.316692667706708,0.294975688816856,1,1,0.789137380191693,0.289269051321928,0.728395061728395,0.967692307692308,0.297674418604651,0,1,0.55379746835443,1,0.288753799392097,1,0.679186228482003,0.690031152647975,0.702453987730061,1,1,0.305466237942122,0.304897314375987,0.294753086419753,0.309006211180124,0.316030534351145,0,1,0.307219662058372,1,1,0.483306836248013,0.574568288854003,1,1,1,0.3202416918429,0.304212168486739,0.309409888357257,0.697965571205008,1,1,0.031201248049922,1,0.0517503805175038,0.304482225656878,1,0.304897314375987,0.31219512195122,0.966129032258065,0.528505392912173,1,0.300455235204856,0.321428571428571,1,0.302100161550889,0.0842787682333874,0.319047619047619,0.309636650868878,1,0.320813771517997,1,1,1,1,0.71141975308642,1,1,0.00154798761609907,0.101880877742947,1,0.0393939393939394,0,1,0.573529411764706,0.688,1,0.0494417862838915,0.295133437990581,1,0.300469483568075,1,0.694968553459119,1,0.306603773584906,0.304347826086957,0.301242236024845,1,0.310664605873261,1,0.49768875192604,1,0.300940438871473,0.3,0.309923664122137,0.300955414012739,0.492283950617284,1,0.313846153846154,0.303656597774245,1,0.297805642633229,1,1,0.331782945736434,0.529411764705882,1,0.302362204724409,1,0.0376506024096386,1,0.305471124620061,0.686153846153846,0.316692667706708,0.936908517350158,0.414355628058728,0.0996835443037975,0.0950155763239875,1,1,0.316957210776545,1,0.30421686746988,1,0.81651376146789,1,0.313099041533546,1,1,1,1,0.320872274143302,1,0.305246422893482,0.258513931888545,1,0.296754250386399,1,0.286158631415241,0.0812101910828025,1,0.303317535545024,1,1,1,0.320061255742726,1,0.307448494453249,1,0.289719626168224,1,0.305732484076433,0.0704225352112676,1,0.642512077294686,1,1,0.302250803858521,1,1,1,1,0.307086614173228,0.295454545454545,1,1,0.308641975308642,0.294685990338164,1,0.460093896713615,0.677611940298507,0,0.303599374021909,0.677215189873418,1,0.311526479750779,1,1,1,0.29874213836478,0.311248073959938,0.307073954983923,1,1,1,0,1,0.293650793650794,0.974882260596546,0.313385826771654,0.298107255520505,0.752336448598131,1,1,1,1,1,0.0411392405063291,0.298578199052133,0.310502283105023,1,0.694573643410853,1,1,0.998417721518987,1,1,1,0.00153139356814701,0.322137404580153,1,0.30379746835443,1,0.290769230769231,1,1,1,1,1,0.3109375,1,0.506369426751592,0.314465408805031,0.30757341576507,0.3,0.308426073131955,0.319488817891374,0.402208201892744,0.324451410658307,0.307339449541284,0.292913385826772,1,0.311111111111111,1,0.699544764795144,0.295133437990581,0.312883435582822,0.321086261980831,1,1,1,0.253918495297806,0.306153846153846,1,0.3056,0.317484662576687,0.294488188976378,0.309707241910632,0.697492163009404,1,0.304821150855365,0.299843014128728,1,0.287539936102236,1,0.297256097560976,0.302180685358255,1,1,1,0.549844236760125,1,0.699074074074074,0.0763358778625954,0.297169811320755,1,1,0.0924499229583975,0.310769230769231,0.315625,1,1,0.293291731669267,0.0172143974960876,0,1,1,0.32262996941896,0.998459167950693,1,0.304953560371517,1,1,0.304953560371517,1,1,1,1,0.3046875,0.295107033639144,0.307317073170732,1,1,0.68944099378882,0.303265940902022,1,0.305007587253414,0.293023255813953,1,1,1,1,1,0.310236220472441,1,1,0.0968253968253968,0.317262830482115,0.4796875,0.28548644338118,0.686305732484076,0.301242236024845,1,0.297939778129952,0.318471337579618,0.255813953488372,0.302891933028919,1,0.310872894333844,1,1,1,0.290220820189274,0.305810397553517,1,0.92891760904685,0.0571428571428571,1,0.298299845440495,0.307692307692308,0.293563579277865,1,0.312977099236641,0.481308411214953,0.312597200622084,0.297971918876755,0.302362204724409,0.288431061806656,1,0.309904153354633,1,1,0,1,0.316692667706708,1,1,1,0.311708860759494,1,0.304278922345483,1,0.835658914728682,1,1,1,0.297045101088647,1,1,0.293375394321767,0.300787401574803,1,1,0.308166409861325,0.187116564417178,1,1,1,0,0.300314465408805,1,0.301242236024845,0.243328100470958,1,0.680555555555556,0.420807453416149,1,1,0.688350983358548,0.709779179810726,0.337060702875399,1,0.307692307692308,1,1,0.321711568938193,1,1,0.00467289719626168,0.308777429467085,1,1,0.306836248012719,1,1,0.297169811320755,0.337962962962963,1,1,1,0.529862174578867,0.292569659442724,0.329113924050633,0.301943198804185,0.320493066255778,0.700949367088608,0.314814814814815,0.315217391304348,0.306153846153846,0.245669291338583,0.306089743589744,1,0.305084745762712,1,0.2984375,0.0793893129770992,0.0438184663536776,1,1,0.0316455696202532,1,0.694528875379939,0.040625,0.00631911532385466,1,0.696875,1,1,0.530903328050713,1,0,0.0728155339805825,1,1,1,0.312597200622084,0.662704309063893,0.700657894736842,0.993827160493827,1,0.985871271585557,0.299382716049383,0.340764331210191,1,0.285714285714286,1,0.353870458135861,0.101286173633441,0.294753086419753,0.304281345565749,0.324590163934426,1,0.0739064856711916,1,1,1,0.255742725880551,0.303858520900322,1,0.307814992025518,1,1,0.29742033383915,1,0.311450381679389,1,0.296650717703349,0.309262166405024,1,0.683307332293292,0.310136157337368,1,0.297169811320755,0.767441860465116,0.299694189602446,0.150537634408602,0.301515151515152,0.776377952755905,0.298412698412698,1,0.312796208530806,0.320433436532508,0.287480680061824,1,1,1,0.970684039087948,0.33993399339934,1,0.311793214862682,1,0.304418985270049,0.307458143074581,1,1,1,0.920807453416149,1,0.298325722983257,0.311424100156495,1,1,0.0429936305732484,0.0763116057233704,1,1,0.297297297297297,1,1,0.2984375,1,1,0.696734059097978,0.550077041602465,1,0,1,1,0.0963302752293578,0.306729264475743,1,0.307453416149068,1,0.969745222929936,1,0.829721362229102,1,0.316558441558442,1,1,1,0,0.291734197730956,1,1,0.689873417721519,1,0.303599374021909,0.339969372128637,0.309262166405024,1,1,1,0.0892307692307692,0.310015898251192,0.0848,1,0.303543913713405,0.288372093023256,0.341194968553459,0,1,0.96551724137931,1,1,0.311501597444089,0.293759512937595,0.157728706624606,0.0330708661417323,0.309859154929577,0.295031055900621,0.313178294573643,0.00157728706624606,0.30298273155416,1,0,0.301829268292683,1,1,1,0.306027820710974,0.310975609756098,0.0305958132045089,1,0.303459119496855,0.294392523364486,1,1,0.304761904761905,0.704,1,1,0.701700154559505,1,0.293577981651376,1,0.304212168486739,0.542635658914729,0.689655172413793,0.389649923896499,1,0.285493827160494,0.297339593114241,0.693146417445483,0.684615384615385,1,0.307332293291732,1,0.306990881458967,1,0.306729264475743,0.296650717703349,0.338582677165354,0.508580343213729,0.304140127388535,0.299684542586751,0.684952978056426,0.303738317757009,0.144,1,0,1,0.280448717948718,1,0,0.312597200622084,0.305111821086262,1,0.0516717325227964,1,0.082670906200318,0.31924882629108,1,0.0585443037974684,0.678683385579937,1,1,1,0.301948051948052,0.037037037037037,1,0.414442700156986,0.0928338762214984,0.337461300309598,0.309968847352025,0.315870570107858,1,1,1,1,1,0.0604229607250755,0.995412844036697,0.69375,0.00150602409638554,0.303543913713405,1,1,1,1,0.07981220657277,0.302936630602782,1,1,1,1,1,1,0.495398773006135,0.00156985871271586,1,0.0777439024390244,0.306853582554517,0.448598130841121,1,0.38375796178344,0.28921568627451,0.301391035548686,1,0.035548686244204,0.305772230889236,1,1,0.346581875993641,0.295208655332303,0.297805642633229,0.305825242718447,1,0.310236220472441,0.306625577812018,0.394480519480519,0.29635499207607,0.978260869565217,0.306990881458967,0.0786516853932584,0.309859154929577,0,1,0.0868878357030016,0.296875,0.299840510366826,0.302180685358255,1,1,1,1,1,1,0.318541996830428,1,0.304897314375987,0.298507462686567,0.588957055214724,0.687797147385103,1,1,0,0.307926829268293,0.113029827315542,1,0.0325581395348837,1,1,0.304625199362041,1,1,0.616747181964573,0.395833333333333,0.99554234769688,0.0760697305863708,0.0941358024691358,1,1,1,0.0815047021943574,0,0.307332293291732,0.408163265306122,0.296636085626911,0,0.310015898251192,0.0825396825396825,1,1,0.313664596273292,0.308527131782946,0.242472266244057,0.318770226537217,0.305426356589147,0.302795031055901,1,1,0.312796208530806,1,0,1,0.222047244094488,1,0.690513219284603,1,0.302652106084243,0.296178343949045,0.0680061823802164,0.690658499234303,1,1,0.789889415481833,0.891233766233766,0.302884615384615,0.303514376996805,1,0.300319488817891,0.255150554675119,0.307443365695793,1,0.0963665086887836,1,1,0.308777429467085,0.693053311793215,0.292913385826772,1,1,0.296754250386399,0.297674418604651,0.301710730948678,0.862559241706161,0.299363057324841,1,0.0470957613814757,1,1,0.712286158631415,0.661949685534591,0.307568438003221,0.0492063492063492,0.307692307692308,1,1,0.29874213836478,0.314375987361769,0.622119815668203,1,0.294573643410853,0.36,0.300155520995334,0.984662576687117,0.480127186009539,0.00313479623824451,0.287267080745342,0.308868501529052,0.314606741573034,0.299679487179487,0.305471124620061,0.972049689440994,1,0.298600311041991,0.558587479935794,0.697262479871176,0.238828967642527,0.687301587301587,1,0.309262166405024,0.00316957210776545,0.31911532385466,0.301242236024845,0.359013867488444,0.31496062992126,0,0.316692667706708,0.306349206349206,0.307936507936508,0.295031055900621
"184",1,1,1,1,1,1,0.703225806451613,1,1,0.0972886762360447,1,0.0390015600624025,0.805071315372425,1,0.322683706070288,0.309341500765697,0.0657276995305164,0.686178861788618,1,1,0.295774647887324,0.312,1,0.157320872274143,1,0.327073552425665,0.317307692307692,1,1,0.788976377952756,0.305164319248826,0.732198142414861,0.967840735068913,0.314873417721519,0,1,0.542635658914729,1,0.303951367781155,1,0.666153846153846,0.676470588235294,0.691244239631336,1,1,0.326433121019108,0.311811023622047,0.303076923076923,0.320493066255778,0.327131782945736,0,1,0.308641975308642,1,1,0.506329113924051,0.556438791732909,1,1,1,0.332819722650231,0.32018927444795,0.318541996830428,0.679245283018868,1,1,0.0349206349206349,1,0.0565749235474006,0.317073170731707,1,0.317757009345794,0.322528363047002,0.962783171521036,0.510015408320493,1,0.309230769230769,0.334360554699538,1,0.310015898251192,0.0858995137763371,0.328548644338118,0.329133858267717,1,0.332298136645963,1,1,1,1,0.692546583850932,1,1,0,0.102167182662539,1,0.0386996904024768,0,1,0.560064935064935,0.669291338582677,1,0.0524642289348172,0.3198127925117,1,0.322784810126582,1,0.68960244648318,1,0.31974921630094,0.326120556414219,0.32348367029549,1,0.324031007751938,1,0.48382126348228,1,0.317535545023697,0.301412872841444,0.323664122137405,0.3152,0.477449455676516,0.998430141287284,0.320610687022901,0.319935691318328,1,0.308176100628931,1,1,0.34,0.549618320610687,1,0.315132605304212,1,0.0379362670713202,1,0.310606060606061,0.681047765793529,0.322530864197531,0.936630602782071,0.435064935064935,0.105511811023622,0.0956112852664577,1,1,0.333860759493671,1,0.313935681470138,1,0.806853582554517,1,0.319554848966614,1,1,1,1,0.334920634920635,1,0.325320512820513,0.261275272161742,1,0.306625577812018,1,0.299689440993789,0.0825396825396825,1,0.310897435897436,1,1,1,0.342064714946071,1,0.32348367029549,1,0.309707241910632,1,0.318681318681319,0.0744186046511628,1,0.633440514469453,1,1,0.315286624203822,1,1,1,1,0.325508607198748,0.301391035548686,1,0.998422712933754,0.316358024691358,0.308777429467085,1,0.444094488188976,0.664652567975831,0,0.31875,0.667185069984448,1,0.321592649310873,1,0.998461538461539,1,0.32182103610675,0.3203125,0.322632423756019,1,1,1,0,1,0.313504823151125,0.978294573643411,0.31974921630094,0.314641744548287,0.747678018575851,1,1,1,1,1,0.0364500792393027,0.313084112149533,0.317972350230415,1,0.686153846153846,1,1,0.998420221169036,0.998449612403101,1,1,0,0.319938176197836,1,0.314465408805031,1,0.3,1,1,1,1,1,0.323343848580442,1,0.524642289348172,0.322378716744914,0.331259720062208,0.315873015873016,0.31924882629108,0.334920634920635,0.415064102564103,0.330218068535826,0.321592649310873,0.314814814814815,1,0.3171875,1,0.683812405446294,0.316358024691358,0.316846986089645,0.324492979719189,1,1,1,0.264566929133858,0.311248073959938,1,0.318181818181818,0.326219512195122,0.309148264984227,0.324492979719189,0.68503937007874,1,0.325077399380805,0.309409888357257,1,0.302100161550889,1,0.305555555555556,0.3125,1,1,1,0.53015873015873,1,0.687306501547988,0.0786686838124055,0.315541601255887,1,1,0.0914634146341463,0.317757009345794,0.324675324675325,1,1,0.306278713629403,0.0232558139534884,0,1,1,0.338957055214724,0.998425196850394,1,0.312307692307692,1,1,0.319018404907975,1,1,1,1,0.330203442879499,0.307692307692308,0.332794830371567,1,1,0.666141732283465,0.323390894819466,1,0.323529411764706,0.30379746835443,1,1,0.998456790123457,1,1,0.3296875,1,1,0.103174603174603,0.335413416536661,0.491338582677165,0.304278922345483,0.669291338582677,0.317262830482115,1,0.310509554140127,0.332288401253919,0.261609907120743,0.3234375,1,0.329268292682927,1,1,1,0.30829420970266,0.322033898305085,0.9984375,0.926350245499182,0.0594679186228482,1,0.309486780715397,0.317460317460317,0.30829420970266,1,0.331811263318113,0.470774091627172,0.32398753894081,0.308527131782946,0.319554848966614,0.304897314375987,1,0.32755905511811,1,1,0,1,0.320373250388802,1,1,1,0.33122028526149,1,0.303174603174603,1,0.826086956521739,1,1,1,0.321372854914197,1,1,0.311349693251534,0.30952380952381,1,1,0.315625,0.194444444444444,1,0.9984375,1,0,0.315705128205128,1,0.315625,0.248803827751196,1,0.674491392801252,0.437025796661609,1,1,0.677710843373494,0.701095461658842,0.352755905511811,1,0.319508448540707,1,1,0.336463223787167,1,0.998417721518987,0.0031104199066874,0.324451410658307,1,1,0.3264,1,1,0.310618066561014,0.334365325077399,1,1,1,0.540880503144654,0.307692307692308,0.336012861736334,0.320300751879699,0.328100470957614,0.689763779527559,0.327188940092166,0.332288401253919,0.308282208588957,0.244131455399061,0.322061191626409,1,0.32469512195122,0.998417721518987,0.31832298136646,0.0852359208523592,0.046875,1,1,0.0326594090202177,1,0.687789799072643,0.0371517027863777,0.00630914826498423,1,0.674565560821485,1,1,0.548489666136725,1,0,0.07223113964687,1,1,1,0.324367088607595,0.644144144144144,0.693053311793215,1,1,0.990697674418605,0.304821150855365,0.344391785150079,1,0.302694136291601,1,0.371653543307087,0.105431309904153,0.31201248049922,0.319213313161876,0.3261231281198,1,0.0811638591117917,1,1,1,0.261068702290076,0.329635499207607,1,0.320574162679426,1,1,0.30781010719755,1,0.31981981981982,1,0.310344827586207,0.321086261980831,1,0.677725118483412,0.31570996978852,1,0.315955766192733,0.769230769230769,0.308755760368664,0.163076923076923,0.318731117824773,0.766929133858268,0.309409888357257,1,0.327586206896552,0.337423312883436,0.291472868217054,1,1,1,0.97752808988764,0.341625207296849,1,0.319935691318328,1,0.319148936170213,0.321981424148607,1,1,1,0.918495297805643,1,0.308396946564885,0.319875776397516,1,1,0.0475435816164818,0.0772870662460568,1,1,0.310289389067524,1,1,0.314641744548287,1,1,0.679127725856698,0.526717557251908,1,0,1,1,0.0961832061068702,0.324960753532182,1,0.320433436532508,0.998402555910543,0.96984126984127,0.998442367601246,0.81733746130031,1,0.327361563517915,1,1,1,0,0.3125,1,1,0.668224299065421,1,0.310344827586207,0.366043613707165,0.3234375,1,1,1,0.0889570552147239,0.318681318681319,0.0872374798061389,0.998415213946117,0.319083969465649,0.3125,0.357254290171607,0,1,0.96551724137931,1,1,0.333860759493671,0.304147465437788,0.162754303599374,0.0316455696202532,0.316770186335404,0.313572542901716,0.319938176197836,0,0.315217391304348,1,0,0.316109422492401,1,1,1,0.320987654320988,0.312883435582822,0.0259319286871961,1,0.310725552050473,0.311550151975684,1,1,0.319314641744548,0.695299837925446,1,1,0.683962264150943,1,0.306853582554517,1,0.30564263322884,0.518575851393189,0.670769230769231,0.402714932126697,1,0.299694189602446,0.312989045383412,0.683385579937304,0.671732522796353,1,0.326625386996904,1,0.324734446130501,1,0.3171875,0.32484076433121,0.354134165366615,0.530139103554869,0.3168,0.314375987361769,0.657894736842105,0.316998468606432,0.148692810457516,1,0,1,0.292993630573248,1,0,0.31924882629108,0.319554848966614,1,0.0531914893617021,1,0.0829420970266041,0.346031746031746,1,0.0639625585023401,0.666666666666667,1,1,1,0.307317073170732,0.0346385542168675,1,0.436817472698908,0.0926517571884984,0.358778625954198,0.327131782945736,0.32312404287902,1,1,1,1,1,0.0653495440729483,0.996983408748115,0.684615384615385,0,0.326120556414219,1,1,1,1,0.0876369327073552,0.312111801242236,1,1,1,1,1,1,0.484066767830046,0,1,0.0848765432098765,0.321044546850998,0.43343653250774,1,0.400635930047695,0.306688417618271,0.316614420062696,1,0.0326086956521739,0.322784810126582,1,1,0.380348652931854,0.311627906976744,0.3109375,0.318979266347687,0.998456790123457,0.332283464566929,0.319938176197836,0.417582417582418,0.322784810126582,0.975308641975309,0.316742081447964,0.0791139240506329,0.320813771517997,0,1,0.0858034321372855,0.308661417322835,0.31832298136646,0.3152,1,1,1,1,1,1,0.333333333333333,1,0.32120253164557,0.310344827586207,0.601236476043277,0.672523961661342,1,1,0,0.314024390243902,0.118195956454121,0.998468606431853,0.0298273155416013,1,1,0.318181818181818,1,1,0.626391096979332,0.419773095623987,0.998493975903614,0.0781499202551834,0.0972886762360447,1,1,1,0.0829420970266041,0,0.312788906009245,0.427444794952681,0.314984709480122,0,0.332802547770701,0.0824088748019017,1,1,0.320552147239264,0.315707620528771,0.2453125,0.336538461538462,0.31104199066874,0.3203125,1,1,0.331738437001595,1,0,1,0.22257053291536,1,0.671802773497689,1,0.315541601255887,0.307086614173228,0.0723076923076923,0.671826625386997,1,1,0.784810126582278,0.902960526315789,0.322784810126582,0.311501597444089,1,0.31937984496124,0.252336448598131,0.323248407643312,1,0.0976744186046512,1,1,0.315457413249211,0.6768,0.305246422893482,1,1,0.303875968992248,0.307692307692308,0.322188449848024,0.859842519685039,0.309748427672956,1,0.0513219284603421,1,1,0.691717791411043,0.640062597809077,0.32137030995106,0.050314465408805,0.321259842519685,1,1,0.30564263322884,0.330733229329173,0.623475609756098,1,0.307219662058372,0.37442218798151,0.308411214953271,0.98613251155624,0.471337579617834,0.00156739811912226,0.306153846153846,0.329754601226994,0.328025477707006,0.316957210776545,0.316436251920123,0.972265023112481,1,0.312693498452012,0.543548387096774,0.680817610062893,0.240683229813665,0.681818181818182,1,0.325581395348837,0.00315955766192733,0.326625386996904,0.311627906976744,0.364341085271318,0.319620253164557,0,0.332814930015552,0.3216,0.3265625,0.311526479750779
"185",1,1,1,1,1,1,0.701112877583466,1,1,0.0982286634460548,1,0.0398162327718224,0.806349206349206,1,0.30952380952381,0.307219662058372,0.062015503875969,0.687702265372168,1,1,0.287267080745342,0.316455696202532,1,0.157894736842105,1,0.3328125,0.317965023847377,1,1,0.778301886792453,0.305900621118012,0.718027734976888,0.963076923076923,0.314152410575428,0,1,0.546296296296296,1,0.299698795180723,1,0.661949685534591,0.67817896389325,0.688549618320611,1,1,0.320634920634921,0.316692667706708,0.310664605873261,0.319634703196347,0.324159021406728,0,1,0.312688821752266,1,1,0.495283018867925,0.559241706161137,1,1,1,0.33587786259542,0.315625,0.316455696202532,0.679748822605965,1,1,0.0325077399380805,1,0.0557228915662651,0.323262839879154,1,0.322378716744914,0.321711568938193,0.966237942122186,0.521472392638037,1,0.314984709480122,0.332321699544765,1,0.316211878009631,0.0920840064620355,0.321766561514196,0.331259720062208,1,0.334355828220859,1,1,1,1,0.691131498470948,1,1,0.0015527950310559,0.108231707317073,1,0.0436746987951807,0,1,0.564593301435407,0.683544303797468,1,0.053125,0.31201248049922,1,0.314873417721519,1,0.683307332293292,1,0.308641975308642,0.324074074074074,0.316846986089645,1,0.322530864197531,1,0.496171516079632,1,0.313755795981453,0.307453416149068,0.333333333333333,0.324960753532182,0.493827160493827,0.998442367601246,0.317683881064163,0.3184,1,0.309006211180124,1,1,0.330232558139535,0.547945205479452,1,0.315047021943574,1,0.038863976083707,1,0.317484662576687,0.679878048780488,0.32348367029549,0.934782608695652,0.437299035369775,0.106811145510836,0.0981308411214953,1,1,0.329192546583851,1,0.316030534351145,1,0.800613496932515,1,0.32484076433121,1,1,1,1,0.3375,1,0.33015873015873,0.260061919504644,1,0.315467075038285,1,0.308892355694228,0.0880503144654088,1,0.311811023622047,1,1,1,0.337349397590361,1,0.324031007751938,1,0.310769230769231,1,0.318110236220472,0.08,1,0.646774193548387,1,1,0.317384370015949,1,1,1,1,0.317757009345794,0.31039755351682,1,0.998425196850394,0.317411402157165,0.307210031347962,1,0.4484375,0.6732223903177,0,0.320872274143302,0.671802773497689,1,0.324116743471582,1,0.998461538461539,1,0.324655436447167,0.317557251908397,0.330143540669856,1,1,1,0,1,0.303514376996805,0.973520249221184,0.32484076433121,0.315789473684211,0.76416539050536,1,1,1,1,1,0.0403100775193798,0.312989045383412,0.32258064516129,1,0.685410334346505,1,1,0.9984375,0.998444790046656,1,1,0.00308641975308642,0.320668693009119,1,0.314553990610329,1,0.307219662058372,1,1,1,1,1,0.326594090202177,1,0.502354788069074,0.318952234206472,0.32370820668693,0.311811023622047,0.323343848580442,0.332273449920509,0.426751592356688,0.332278481012658,0.317411402157165,0.302469135802469,1,0.320373250388802,1,0.689969604863222,0.314503816793893,0.313546423135464,0.335423197492163,1,1,1,0.253869969040248,0.319634703196347,1,0.320695102685624,0.327743902439024,0.315625,0.328125,0.6875,1,0.323619631901841,0.315047021943574,1,0.302737520128824,1,0.306525037936267,0.307210031347962,1,1,1,0.546439628482972,1,0.686728395061728,0.0852017937219731,0.32755905511811,1,1,0.0943683409436834,0.324116743471582,0.325508607198748,1,1,0.303215926493109,0.0217391304347826,0.00158227848101266,1,1,0.336377473363775,0.998447204968944,1,0.321646341463415,1,1,0.31839258114374,1,1,1,1,0.325545171339564,0.306766917293233,0.330173775671406,1,1,0.672205438066465,0.31832298136646,1,0.320061255742726,0.30173775671406,1,1,0.998463901689708,1,1,0.330218068535826,1,1,0.108626198083067,0.325652841781874,0.5,0.30379746835443,0.669278996865204,0.313455657492355,1,0.310618066561014,0.331797235023041,0.264296754250386,0.321538461538462,1,0.320726172465961,1,1,1,0.3046875,0.318181818181818,0.998459167950693,0.921348314606742,0.0584518167456556,1,0.309707241910632,0.325949367088608,0.311424100156495,1,0.329770992366412,0.480376766091052,0.324534161490683,0.312210200927357,0.316957210776545,0.305772230889236,1,0.322784810126582,1,1,0,1,0.323943661971831,1,1,1,0.327044025157233,1,0.313572542901716,1,0.828967642526965,1,1,1,0.314814814814815,1,1,0.303738317757009,0.315955766192733,1,1,0.314728682170543,0.193939393939394,1,0.998452012383901,1,0,0.313479623824451,1,0.314241486068111,0.259026687598116,1,0.674846625766871,0.428787878787879,1,1,0.675036927621861,0.70015455950541,0.343701399688958,1,0.31839258114374,1,1,0.3359375,1,0.998435054773083,0.00469483568075117,0.320754716981132,1,1,0.326086956521739,1,1,0.30188679245283,0.340557275541796,1,1,1,0.518575851393189,0.309375,0.338632750397456,0.321481481481481,0.331269349845201,0.683881064162754,0.323170731707317,0.327692307692308,0.317700453857791,0.245723172628305,0.31637519872814,1,0.319213313161876,0.998415213946117,0.315384615384615,0.0834597875569044,0.0506912442396313,1,1,0.0324574961360124,1,0.684451219512195,0.0372670807453416,0.0078003120124805,1,0.682242990654206,1,1,0.54858934169279,1,0,0.0766823161189358,1,1,1,0.328593996840442,0.649851632047478,0.683360258481422,0.995412844036697,1,0.984447900466563,0.306976744186047,0.345971563981043,1,0.300314465408805,1,0.376360808709176,0.108320251177394,0.308411214953271,0.32089552238806,0.333884297520661,1,0.0790273556231003,1,1,1,0.261538461538462,0.318611987381703,1,0.323943661971831,1,1,0.309486780715397,1,0.324773413897281,1,0.316614420062696,0.323943661971831,1,0.675548589341693,0.316742081447964,1,0.315286624203822,0.756965944272446,0.312977099236641,0.160849772382398,0.3202416918429,0.76049766718507,0.3056,1,0.329721362229102,0.338983050847458,0.293394777265745,1,1,1,0.966666666666667,0.349514563106796,1,0.320872274143302,1,0.314606741573034,0.322137404580153,1,1,1,0.913978494623656,1,0.310344827586207,0.316770186335404,1,1,0.0470957613814757,0.0815047021943574,1,1,0.306603773584906,1,1,0.313271604938272,1,1,0.683307332293292,0.534954407294833,1,0,1,1,0.100456621004566,0.333855799373041,1,0.31974921630094,0.998430141287284,0.966876971608833,0.998422712933754,0.8125,1,0.330203442879499,1,1,1,0,0.312202852614897,1,1,0.666146645865835,1,0.319182389937107,0.363496932515337,0.321428571428571,1,1,1,0.0920060331825038,0.321766561514196,0.0900473933649289,0.998422712933754,0.311926605504587,0.308868501529052,0.350931677018634,0,1,0.960753532182104,1,1,0.326530612244898,0.31039755351682,0.167987321711569,0.0363349131121643,0.325471698113208,0.310077519379845,0.327718223583461,0.00158730158730159,0.308892355694228,1,0,0.314112291350531,1,1,1,0.315467075038285,0.326747720364742,0.0339256865912763,1,0.317262830482115,0.303875968992248,1,1,0.317111459968603,0.69983948635634,1,1,0.692429022082019,1,0.308166409861325,1,0.321316614420063,0.539657853810264,0.675265553869499,0.411940298507463,1,0.301515151515152,0.316998468606432,0.676783004552352,0.670713201820941,1,0.323170731707317,1,0.326865671641791,1,0.319444444444444,0.317111459968603,0.348982785602504,0.521739130434783,0.3203125,0.311424100156495,0.664576802507837,0.325115562403698,0.146964856230032,1,0,1,0.301092043681747,1,0,0.31201248049922,0.314194577352472,1,0.051698670605613,1,0.0873634945397816,0.341013824884793,1,0.0642633228840125,0.669218989280245,1,1,1,0.305194805194805,0.0372093023255814,1,0.431888544891641,0.0944,0.355384615384615,0.32,0.32824427480916,1,1,1,1,1,0.0611620795107034,0.996965098634294,0.677811550151976,0.00300751879699248,0.319444444444444,1,1,1,1,0.0846153846153846,0.320668693009119,1,1,1,1,1,1,0.504545454545455,0.00158227848101266,1,0.0844854070660522,0.321428571428571,0.438837920489297,1,0.404088050314465,0.304625199362041,0.315950920245399,1,0.0388802488335925,0.322429906542056,1,1,0.374021909233177,0.315548780487805,0.315301391035549,0.322734499205087,0.998480243161094,0.33175355450237,0.325617283950617,0.41390205371248,0.315541601255887,0.977307110438729,0.315315315315315,0.0855784469096672,0.32348367029549,0,1,0.0907643312101911,0.31201248049922,0.315047021943574,0.3203125,1,1,1,1,1,1,0.326018808777429,1,0.3198127925117,0.318257956448911,0.597542242703533,0.675675675675676,1,1,0,0.318731117824773,0.12326656394453,0.998482549317147,0.0344827586206897,1,1,0.314152410575428,1,1,0.628346456692913,0.4192,0.995548961424332,0.0843949044585987,0.0993690851735016,1,1,1,0.0913312693498452,0,0.320552147239264,0.421383647798742,0.314589665653495,0,0.322834645669291,0.089171974522293,1,1,0.316590563165906,0.315132605304212,0.250391236306729,0.327586206896552,0.318529862174579,0.314503816793893,1,1,0.335913312693498,1,0,1,0.22397476340694,1,0.673343605546995,1,0.31832298136646,0.305993690851735,0.0765625,0.673913043478261,1,1,0.785488958990536,0.903069466882068,0.318541996830428,0.32120253164557,1,0.310185185185185,0.258513931888545,0.323248407643312,1,0.0995334370139969,1,1,0.31839258114374,0.677777777777778,0.309148264984227,1,1,0.304147465437788,0.30298273155416,0.31651376146789,0.8496,0.314375987361769,1,0.0537634408602151,1,1,0.698924731182796,0.658267716535433,0.323577235772358,0.0527950310559006,0.329133858267717,1,1,0.310452418096724,0.333333333333333,0.619047619047619,1,0.308868501529052,0.379204892966361,0.311627906976744,0.984848484848485,0.485981308411215,0.00308641975308642,0.301684532924962,0.321646341463415,0.336492890995261,0.320063694267516,0.322239031770045,0.969742813918306,1,0.310185185185185,0.55700325732899,0.684210526315789,0.237730061349693,0.678513731825525,1,0.321875,0.0015552099533437,0.328125,0.311248073959938,0.367283950617284,0.323390894819466,0,0.328725038402458,0.320754716981132,0.330203442879499,0.312597200622084
"186",1,1,1,1,1,1,0.695721077654517,1,1,0.0935483870967742,1,0.0434108527131783,0.809825673534073,1,0.321428571428571,0.315217391304348,0.0553846153846154,0.676518883415435,1,1,0.302507836990596,0.32398753894081,1,0.155145929339478,1,0.336477987421384,0.337115072933549,1,1,0.78003120124805,0.31974921630094,0.726989079563182,0.961832061068702,0.321316614420063,0,1,0.541795665634675,1,0.312307692307692,1,0.648648648648649,0.670261941448382,0.681047765793529,1,1,0.330696202531646,0.32093023255814,0.315950920245399,0.334355828220859,0.336391437308869,0,1,0.326186830015314,1,1,0.492868462757528,0.563897763578275,1,1,1,0.336405529953917,0.325508607198748,0.330143540669856,0.671875,1,1,0.0358814352574103,1,0.0542168674698795,0.334346504559271,1,0.333853354134165,0.335504885993485,0.965853658536585,0.517774343122102,1,0.318529862174579,0.346687211093991,1,0.322632423756019,0.0884244372990354,0.341121495327103,0.337461300309598,1,0.351851851851852,1,1,1,1,0.681181959564541,1,1,0.00154320987654321,0.10377358490566,1,0.0458715596330275,0,1,0.572123176661264,0.661881977671451,1,0.0534591194968553,0.323899371069182,1,0.328,1,0.677966101694915,1,0.329173166926677,0.3328125,0.327102803738318,1,0.339144215530903,1,0.493108728943338,1,0.32348367029549,0.30030959752322,0.330815709969789,0.326656394453005,0.490654205607477,0.998430141287284,0.331269349845201,0.322222222222222,1,0.319444444444444,1,1,0.3328173374613,0.559815950920245,1,0.329617834394904,1,0.0406626506024096,1,0.32258064516129,0.667180277349769,0.338509316770186,0.936708860759494,0.446601941747573,0.100787401574803,0.0957613814756672,1,1,0.34,1,0.325227963525836,1,0.796969696969697,1,0.331707317073171,1,1,1,1,0.344287949921753,1,0.333850931677019,0.251533742331288,1,0.328173374613003,1,0.317610062893082,0.083596214511041,1,0.320063694267516,1,1,1,0.341121495327103,1,0.333333333333333,1,0.314465408805031,1,0.335453100158982,0.0736196319018405,1,0.635179153094462,1,1,0.325949367088608,1,1,1,1,0.335949764521193,0.324116743471582,1,0.998432601880878,0.330218068535826,0.315286624203822,1,0.459752321981424,0.658646616541353,0,0.327014218009479,0.664566929133858,1,0.3328125,1,0.998459167950693,1,0.329754601226994,0.329211746522411,0.338118022328549,1,1,1,0,1,0.311216429699842,0.971875,0.333858267716535,0.313880126182965,0.761171032357473,1,1,1,1,1,0.0440944881889764,0.323343848580442,0.33179012345679,1,0.672307692307692,1,1,0.998420221169036,0.998452012383901,1,1,0.00460122699386503,0.3198127925117,1,0.333333333333333,1,0.311526479750779,1,1,1,1,1,0.335433070866142,1,0.4992,0.337559429477021,0.337404580152672,0.322784810126582,0.330203442879499,0.342767295597484,0.424920127795527,0.343167701863354,0.328725038402458,0.323390894819466,1,0.332293291731669,1,0.672782874617737,0.3265625,0.313271604938272,0.34181240063593,1,1,1,0.25511811023622,0.325077399380805,1,0.333865814696486,0.342549923195084,0.321483771251932,0.331259720062208,0.674922600619195,1,0.335394126738794,0.32807570977918,1,0.31139646869984,1,0.319938176197836,0.324534161490683,1,1,1,0.540498442367601,1,0.67601246105919,0.0838414634146342,0.331738437001595,1,1,0.0952380952380952,0.333333333333333,0.333333333333333,1,1,0.31974921630094,0.0247295208655332,0.00317460317460317,1,1,0.346153846153846,0.998459167950693,1,0.321928460342146,1,1,0.328125,1,1,1,1,0.336434108527132,0.321100917431193,0.349761526232114,1,1,0.664605873261206,0.326053042121685,1,0.330792682926829,0.30829420970266,1,1,0.998442367601246,1,1,0.336507936507937,1,1,0.108626198083067,0.339969372128637,0.506369426751592,0.325984251968504,0.664586583463339,0.325153374233129,1,0.320063694267516,0.347286821705426,0.255351681957187,0.32469512195122,1,0.337837837837838,1,1,1,0.317034700315457,0.332819722650231,0.998454404945904,0.929824561403509,0.0580847723704867,1,0.326625386996904,0.328,0.3152,1,0.342064714946071,0.478740157480315,0.335423197492163,0.317610062893082,0.327503974562798,0.314465408805031,1,0.330683624801272,1,1,0,1,0.335473515248796,1,1,1,0.338050314465409,1,0.323390894819466,1,0.832307692307692,1,1,1,0.324574961360124,1,1,0.322932917316693,0.321981424148607,1,1,0.324960753532182,0.191424196018377,1,0.998439937597504,1,0,0.320251177394035,1,0.316998468606432,0.245283018867925,1,0.665629860031104,0.433990895295903,1,1,0.66464339908953,0.690140845070423,0.355140186915888,1,0.32967032967033,1,1,0.34012539184953,1,0.998422712933754,0.00949367088607595,0.339089481946625,1,1,0.338632750397456,1,1,0.317965023847377,0.333333333333333,1,1,1,0.529953917050691,0.321372854914197,0.349683544303797,0.328808446455505,0.338957055214724,0.675039246467818,0.336906584992343,0.335889570552147,0.329211746522411,0.238244514106583,0.318979266347687,1,0.328267477203647,0.9984375,0.324655436447167,0.0792682926829268,0.0523882896764253,1,1,0.0362776025236593,1,0.675968992248062,0.0402476780185759,0.0127388535031847,1,0.672413793103448,1,1,0.555555555555556,1,0,0.0709677419354839,1,1,1,0.343307086614173,0.647407407407407,0.68,0.99388379204893,1,0.981366459627329,0.31974921630094,0.337007874015748,1,0.315457413249211,1,0.374803149606299,0.1072,0.320987654320988,0.326315789473684,0.341584158415842,1,0.0717557251908397,1,1,1,0.256134969325153,0.327639751552795,1,0.334370139968896,1,1,0.316436251920123,1,0.328313253012048,1,0.320813771517997,0.332283464566929,1,0.67398119122257,0.328767123287671,1,0.317384370015949,0.75748031496063,0.339421613394216,0.16,0.328767123287671,0.764240506329114,0.320373250388802,1,0.340625,0.349157733537519,0.306376360808709,1,1,1,0.964401294498382,0.336617405582923,1,0.331761006289308,1,0.325358851674641,0.329819277108434,1,1,1,0.922360248447205,1,0.320493066255778,0.329754601226994,1,1,0.0445859872611465,0.0784929356357928,1,1,0.317535545023697,1,1,0.328660436137072,1,1,0.673312883435583,0.540334855403349,1,0,1,1,0.0972644376899696,0.33641975308642,1,0.335949764521193,0.9984375,0.966666666666667,0.998456790123457,0.812982998454405,1,0.335463258785943,1,1,1,0,0.321252059308072,1,1,0.663565891472868,1,0.329721362229102,0.362654320987654,0.3296875,1,1,1,0.0884146341463415,0.330143540669856,0.082258064516129,0.998415213946117,0.315789473684211,0.315950920245399,0.358255451713396,0,1,0.956181533646322,1,1,0.336463223787167,0.318042813455657,0.161904761904762,0.0403100775193798,0.330232558139535,0.321144674085851,0.337442218798151,0.00160513643659711,0.32755905511811,1,0,0.327102803738318,1,1,1,0.328787878787879,0.337404580152672,0.0339256865912763,1,0.331768388106416,0.322981366459627,1,1,0.328682170542636,0.679276315789474,1,1,0.68362480127186,1,0.317484662576687,1,0.326625386996904,0.532507739938081,0.66,0.414110429447853,1,0.311827956989247,0.32398753894081,0.659409020217729,0.660030627871363,1,0.331782945736434,1,0.329803328290469,1,0.331768388106416,0.316614420062696,0.3578125,0.518867924528302,0.32967032967033,0.320251177394035,0.65625,0.337461300309598,0.151658767772512,1,0,1,0.311912225705329,1,0,0.32398753894081,0.329635499207607,1,0.0531914893617021,1,0.0841269841269841,0.341576506955178,1,0.0578125,0.666666666666667,1,1,1,0.326860841423948,0.0424886191198786,1,0.42992125984252,0.0936995153473344,0.36,0.328725038402458,0.332822085889571,1,1,1,1,1,0.0565749235474006,0.99537750385208,0.672839506172839,0.00445765230312036,0.332819722650231,1,1,1,1,0.0828125,0.324159021406728,1,1,1,1,1,1,0.49079754601227,0.00157232704402516,1,0.0815384615384615,0.330203442879499,0.436728395061728,1,0.406299212598425,0.313821138211382,0.321928460342146,1,0.0406885758998435,0.341085271317829,1,1,0.379365079365079,0.323170731707317,0.317610062893082,0.335473515248796,0.998444790046656,0.346153846153846,0.327217125382263,0.426751592356688,0.332810047095761,0.969135802469136,0.324655436447167,0.0775316455696203,0.334379905808477,0,1,0.082670906200318,0.315457413249211,0.333333333333333,0.325471698113208,1,1,1,1,1,1,0.338709677419355,1,0.327073552425665,0.334431630971993,0.607874015748031,0.670347003154574,1,1,0,0.326186830015314,0.12111801242236,0.998489425981873,0.0375,1,1,0.325471698113208,1,1,0.635499207606973,0.422222222222222,0.995529061102832,0.0750798722044728,0.094488188976378,1,1,1,0.0859375,0,0.331768388106416,0.422047244094488,0.329268292682927,0,0.338607594936709,0.0815047021943574,1,1,0.330792682926829,0.326687116564417,0.246105919003115,0.332805071315372,0.320373250388802,0.328197226502311,1,1,0.34012539184953,1,0,1,0.21978021978022,1,0.66510172143975,1,0.32398753894081,0.315024232633279,0.0713178294573643,0.668202764976959,1,1,0.7859375,0.904912836767036,0.328571428571429,0.328,1,0.332302936630603,0.258730158730159,0.340255591054313,1,0.100931677018634,1,1,0.327160493827161,0.6752,0.317535545023697,1,1,0.314112291350531,0.316279069767442,0.329803328290469,0.866141732283465,0.325396825396825,1,0.0529595015576324,1,1,0.686244204018547,0.649452269170579,0.3312,0.0509554140127389,0.335463258785943,1,1,0.31637519872814,0.338028169014085,0.627906976744186,1,0.321538461538462,0.373271889400922,0.31832298136646,0.986322188449848,0.484076433121019,0.00469483568075117,0.319875776397516,0.332824427480916,0.340255591054313,0.3232,0.324615384615385,0.970679012345679,1,0.325508607198748,0.551342812006319,0.677884615384615,0.240683229813665,0.680194805194805,1,0.326656394453005,0.00316455696202532,0.33489827856025,0.325077399380805,0.376744186046512,0.330203442879499,0,0.347222222222222,0.324367088607595,0.337559429477021,0.329133858267717
"187",0.303514376996805,0.312989045383412,0.315955766192733,0.33015873015873,0.318611987381703,0.312893081761006,0.011400651465798,0.317460317460317,0.320872274143302,0.568659127625202,0.319875776397516,0.63482280431433,0.510268562401264,0.323248407643312,1,1,0.619047619047619,0,0.332283464566929,0.311320754716981,1,1,0.332810047095761,0.518575851393189,0.317411402157165,1,1,0.333868378812199,0.309923664122137,0.527156549520767,1,0.577044025157233,0.36517719568567,0.996825396825397,0.663492063492063,0.321782178217822,0.137285491419657,0.330232558139535,1,0.314641744548287,0.003125,0,0,0.32807570977918,0.321144674085851,1,0.995260663507109,1,1,1,0.68895800933126,0.323101777059774,1,0.328173374613003,0.314873417721519,0.82753164556962,0.12241653418124,0.322327044025157,0.319444444444444,0.322834645669291,0.993836671802773,1,1,0.00634920634920635,0.318770226537217,0.321928460342146,0.658227848101266,0.321928460342146,0.605504587155963,1,0.322932917316693,1,1,0.276143790849673,0.162327718223583,0.313636363636364,1,0.995363214837713,0.320061255742726,1,0.599358974358974,1,1,0.325581395348837,1,0.329268292682927,0.318541996830428,0.325984251968504,0.326498422712934,0,0.3248,0.332824427480916,0.682389937106918,0.578369905956113,0.315789473684211,0.637480798771121,0.681181959564541,0.320987654320988,0.119547657512116,0,0.315541601255887,0.618296529968454,1,0.3216,1,0.317034700315457,0,0.327073552425665,1,1,1,0.310664605873261,0.996918335901387,0.329652996845426,0.201863354037267,0.308282208588957,1,0.379256965944272,1,1,0.2078125,0.308411214953271,1,1,0.328703703703704,1,0.32078313253012,0.315950920245399,0.36875,0.772445820433437,0.323717948717949,1,0.325358851674641,0.630534351145038,0.332268370607029,1,0.0015600624024961,1,0.38351822503962,0.895595432300163,0.577464788732394,0.599063962558502,0.316770186335404,0.328548644338118,1,0.314873417721519,1,0.312202852614897,0.489891135303266,0.329770992366412,1,0.307931570762053,0.324409448818898,0.328,0.333865814696486,1,0.308917197452229,1,0.444617784711388,0.338509316770186,1,0.320493066255778,1,0.588607594936709,0.325242718446602,1,0.320574162679426,0.31619937694704,0.33596214511041,0.989247311827957,0.322884012539185,1,0.328050713153724,1,0.315789473684211,1,0.595384615384615,0.30625,0.0308441558441558,0.298578199052133,0.32182103610675,1,0.307086614173228,0.325508607198748,0.317757009345794,0.335949764521193,1,1,0.325320512820513,0.328660436137072,1,1,0.325,0.243328100470958,0.0184331797235023,0.682965299684543,1,0.00316455696202532,0.320668693009119,1,0.326366559485531,0.313271604938272,0.320754716981132,0.996870109546166,1,1,0.335384615384615,0.314424635332253,0.31839258114374,0.674757281553398,0.313195548489666,1,0.34585289514867,1,1,0.44031007751938,0.325914149443561,0.324492979719189,0.32695374800638,0.300469483568075,0.32484076433121,0.636655948553055,1,1,0.322378716744914,0.00309119010819165,0.326717557251908,0.319508448540707,0.325914149443561,0.314152410575428,0.301261829652997,0.317557251908397,0.692913385826772,0.37245696400626,0.315707620528771,1,0.328571428571429,1,0.316846986089645,0.309409888357257,0.317111459968603,0.331738437001595,0.313915857605178,1,0.329153605015674,0.801587301587302,1,1,0.996850393700787,1,1,0.90224358974359,1,1,1,0.32,1,0.326860841423948,0,1,0.392523364485981,1,0.31687898089172,0.318611987381703,0.318681318681319,0.428571428571429,1,0.331259720062208,1,1,1,1,0,0.321144674085851,1,1,0.325984251968504,1,0.327160493827161,1,1,0.308681672025723,0.3354943273906,0.305993690851735,0.143307086614173,0.331240188383046,0,0.589861751152074,1,0.32,0.321711568938193,0.584639498432602,1,1,0.330143540669856,0.33015873015873,1,0.650393700787402,0.687697160883281,0.303937007874016,0.324590163934426,0.993865030674847,0.328616352201258,0.312404287901991,1,0.3125,0.318042813455657,1,0.304761904761905,0.322884012539185,0.318110236220472,0.317610062893082,1,1,1,0.314553990610329,0.331761006289308,0.00772797527047913,0.993630573248408,0.3264,1,1,0.315217391304348,0.325153374233129,0.313479623824451,0.323343848580442,0.321044546850998,1,0.306501547987616,0.312210200927357,0.576489533011272,1,0.853697749196141,1,0,1,0.324655436447167,1,1,0.42472266244057,0.998447204968944,0.331179321486268,1,0.318541996830428,0.311811023622047,0.316436251920123,1,1,0.324409448818898,0.410714285714286,0.60223642172524,0.309636650868878,1,1,1,0.329581993569132,1,0.21216848673947,1,1,1,1,0.327613104524181,1,0.316993464052288,0.33596214511041,0.674454828660436,0.308426073131955,1,0.323029366306028,0.32258064516129,0.323151125401929,1,0.312597200622084,1,0.324734446130501,0.464678178963893,0.320987654320988,0.331715210355987,0.318252730109204,1,0.322784810126582,0.311501597444089,1,1,0.327073552425665,0.316770186335404,1,0.484662576687117,0.322115384615385,0.331269349845201,0.335889570552147,0.678125,1,0.296296296296296,1,0.431496062992126,0.315705128205128,0,0.884792626728111,0.320634920634921,0.32807570977918,0,0.0314465408805031,0.982892690513219,0.318181818181818,1,0.308544303797468,0.317817014446228,1,0.326656394453005,0.323809523809524,0.667192429022082,1,0.319047619047619,0.326498422712934,1,0.314152410575428,0.311793214862682,1,0.343122102009274,0.321766561514196,0.321981424148607,0.338072669826224,0.794670846394984,1,0.980891719745223,1,1,0.0016,1,0.993769470404984,1,0.42992125984252,0.998392282958199,0.313846153846154,0.995391705069124,0.335473515248796,0.996865203761755,0.606431852986217,0.624048706240487,0.325652841781874,0.316279069767442,0.640378548895899,0.315619967793881,0,0.626959247648903,0.672496025437202,0.319182389937107,0.00156985871271586,0.310126582278481,0.3125,0.782608695652174,0.327044025157233,0.684375,0.593548387096774,0.326498422712934,0.3171875,0.301412872841444,1,0.027027027027027,0,0.320754716981132,0.329173166926677,0.333850931677019,1,0.348580441640379,0.325038880248834,1,0.308755760368664,0.944620253164557,0.576862123613312,1,1,0.993299832495812,0.321316614420063,0.605263157894737,0.32572298325723,0.317535545023697,0.318611987381703,0.427469135802469,1,0.310897435897436,1,0.322061191626409,0.318840579710145,1,0.321543408360129,1,0.330670926517572,1,1,0.324655436447167,0,1,0.323943661971831,1,0.561240310077519,1,0.513975155279503,1,0.549363057324841,1,0.326298701298701,1,1,1,0.316037735849057,0.322734499205087,0.319444444444444,0.353130016051364,0.328502415458937,0.312597200622084,1,0.324324324324324,1,1,0.334379905808477,0.324717285945073,0.324492979719189,0.384136858475894,0.329211746522411,1,1,0.329153605015674,0.328571428571429,0.628205128205128,0.5888,0.31733746130031,0.321543408360129,1,0.30503144654088,0.31969696969697,0.995275590551181,0.311475409836066,0.311708860759494,0,0.143076923076923,0.327044025157233,0.671664167916042,0.316614420062696,0.327639751552795,0.593558282208589,1,0.314873417721519,1,0.318037974683544,0.357927786499215,0.322378716744914,0.473035439137134,0.321428571428571,1,0.321316614420063,0.324881141045959,0.336012861736334,0.683076923076923,1,0.328548644338118,0.324655436447167,0,0.330232558139535,0.998412698412698,0.956723338485317,1,0.317262830482115,0.320610687022901,0.317384370015949,0.581570996978852,1,0.599033816425121,0.337579617834395,1,1,0.964506172839506,0.673534072900158,0.331761006289308,0.360374414976599,0.321981424148607,0.320987654320988,1,1,0.52555910543131,0.633173843700159,1,1,0.998461538461539,0.689542483660131,1,0.326251896813354,0.678288431061807,1,0.329249617151608,0.324367088607595,0.319620253164557,0.998452012383901,1,0.640394088669951,0.324574961360124,1,1,0.331782945736434,0.312893081761006,0.998456790123457,0,0.325949367088608,0.312698412698413,0.00782472613458529,0.314589665653495,1,0.314785373608903,1,0.145962732919255,0,0.908952959028832,0.326086956521739,1,1,0,0.00155038759689922,0.328660436137072,1,0.311793214862682,0.996941896024465,0.3072,1,0.998432601880878,0.962204724409449,0.765625,1,1,0.00625978090766823,1,0.516447368421053,0.327503974562798,0.671339563862928,0.329192546583851,1,0.308056872037915,0.673946957878315,1,1,0.324104234527687,0.615615615615616,0.330203442879499,0.58664546899841,0.972972972972973,0.340157480314961,0.598130841121495,0.0109717868338558,0.307453416149068,0.329133858267717,0.328173374613003,1,0.626888217522659,0.306748466257669,0.902866242038217,0.58609794628752,0.964615384615385,1,1,0.312698412698413,0.3424,0.312101910828025,0.309375,0.31619937694704,0.608761329305136,0.31104199066874,0,0.673813169984686,1,0.33026113671275,0.313694267515924,0.320723684210526,0.327160493827161,0.606864274570983,1,0.333333333333333,0.334379905808477,0.332794830371567,0.325434439178515,0.317484662576687,0.318252730109204,0.193939393939394,0.674085850556439,0.326366559485531,0.603715170278638,1,0.238170347003155,0.329113924050633,0.922705314009662,1,1,0.312302839116719,0.633802816901408,1,0.318885448916409,0.306603773584906,0.95859872611465,1,1,0.998373983739837,0.323076923076923,1,1,0.904761904761905,1,0.345679012345679,1,0.588996763754045,1,0.669781931464174,0.316692667706708,0.603559870550162,1,1,0.995268138801262,0.329230769230769,0.323390894819466,0.326892109500805,0.323248407643312,0.330097087378641,0.331746031746032,0.984276729559748,0.31875,1,1,0.716300940438871,0,0.328125,0.323943661971831,0.679331306990882,1,0.570977917981073,0.332822085889571,0.641627543035994,0.322327044025157,0.321428571428571,1,0.319554848966614,0.325657894736842,0.698412698412698,0.911620294599018,0.324364723467862,0.602564102564103,0.57487922705314,0.331259720062208,0.330203442879499,0.308411214953271,0.593059936908517,0.678740157480315,1,0.901408450704225,1,0.661949685534591,0.998405103668262,0.599056603773585,0.32018927444795,0.328,1,1,0.440625,0.993569131832797,0.998432601880878,1,0.313479623824451,0.330188679245283,1,0.317629179331307,0.681957186544342,0.337042925278219,0.468051118210863,0.306089743589744,0,0.319444444444444,1,1,0.59253499222395,0.00154083204930663,0.33179012345679,0.325434439178515,0.100470957613815,0.428571428571429,1,1,0.315870570107858,1,0.419003115264797,1,0.334341906202723,0.585669781931464,0.321259842519685,0.321711568938193,1,0,1,0.308562197092084,0.320634920634921,1,1,1,0.4453125,1,0.321875,0.619631901840491,0.330708661417323,0.32952691680261,0.00153139356814701,0.0414012738853503,1,0.619122257053291,1,0.338582677165354,0.336,1,1,0.164596273291925,0.312111801242236,1,0.898894154818325,1,0.326086956521739,0.199685534591195,0.66510172143975,1,1,1,1,1,0.291079812206573,0.311501597444089,1,0.126418152350081,0.00161550888529887,0.442006269592476,0,0.324031007751938,1,0.671899529042386,1,1,0.890262751159196,1,0.677115987460815,1,1,1,1
"188",0.296529968454259,0.310769230769231,0.30757341576507,0.32182103610675,0.304147465437788,0.29153605015674,0.010989010989011,0.313385826771654,0.307692307692308,0.576,0.305084745762712,0.649847094801223,0.50625,0.308892355694228,1,1,0.622699386503067,0,0.314553990610329,0.304953560371517,1,1,0.316923076923077,0.515432098765432,0.305007587253414,1,1,0.324149108589951,0.301059001512859,0.523510971786834,1,0.586153846153846,0.361240310077519,0.996923076923077,0.677966101694915,0.317230273752013,0.142201834862385,0.308623298033283,1,0.296969696969697,0.0015625,0,0,0.3198127925117,0.303405572755418,1,0.996870109546166,1,1,1,0.702160493827161,0.32120253164557,1,0.313755795981453,0.305936073059361,0.819776714513557,0.11993769470405,0.311728395061728,0.308980213089802,0.312401883830455,0.995481927710843,1,1,0.00313479623824451,0.313195548489666,0.305810397553517,0.662480376766091,0.317829457364341,0.622556390977444,1,0.306748466257669,1,1,0.272151898734177,0.164615384615385,0.307922272047833,1,0.996946564885496,0.317557251908397,1,0.600946372239748,1,1,0.31859756097561,1,0.315233785822021,0.306122448979592,0.319938176197836,0.31104199066874,0,0.317683881064163,0.318250377073906,0.696594427244582,0.582831325301205,0.30503144654088,0.642424242424242,0.685847589424572,0.306060606060606,0.117174959871589,0,0.301829268292683,0.622496147919877,1,0.3072,1,0.304482225656878,0,0.31441717791411,1,1,1,0.298003072196621,0.998473282442748,0.315870570107858,0.208395802098951,0.298529411764706,1,0.382126348228043,1,1,0.202743902439024,0.302325581395349,1,1,0.320121951219512,1,0.310650887573964,0.305722891566265,0.38,0.762258543833581,0.308426073131955,1,0.316692667706708,0.652567975830816,0.324237560192616,1,0,1,0.37173579109063,0.883870967741936,0.580893682588598,0.600308641975309,0.310664605873261,0.315372424722662,1,0.311827956989247,1,0.296296296296296,0.503030303030303,0.312024353120244,1,0.300925925925926,0.306122448979592,0.31201248049922,0.315301391035549,1,0.29393468118196,1,0.439393939393939,0.318042813455657,1,0.313725490196078,1,0.593457943925234,0.314785373608903,1,0.305343511450382,0.306625577812018,0.317411402157165,0.990922844175492,0.319444444444444,1,0.320872274143302,1,0.305732484076433,1,0.598784194528875,0.295107033639144,0.028892455858748,0.289763779527559,0.30568356374808,1,0.295454545454545,0.301391035548686,0.31039755351682,0.324116743471582,1,1,0.307570977917981,0.319875776397516,1,1,0.310502283105023,0.243865030674847,0.0178041543026706,0.70125786163522,1,0.00153609831029186,0.312594840667678,1,0.310832025117739,0.297904191616766,0.304953560371517,1,1,1,0.314540059347181,0.309748427672956,0.31441717791411,0.690966719492868,0.299531981279251,1,0.329787234042553,1,1,0.434389140271493,0.318952234206472,0.30757341576507,0.318818040435459,0.290123456790123,0.306729264475743,0.656786271450858,1,1,0.305471124620061,0,0.322239031770045,0.307922272047833,0.312693498452012,0.308282208588957,0.292307692307692,0.311377245508982,0.707575757575758,0.370426829268293,0.304084720121029,1,0.31441717791411,1,0.302431610942249,0.301092043681747,0.306853582554517,0.319685039370079,0.29746835443038,1,0.312594840667678,0.784711388455538,1,1,0.9984375,1,1,0.89358372456964,1,1,1,0.307110438729198,1,0.313001605136437,0,1,0.381598793363499,1,0.310452418096724,0.312111801242236,0.309707241910632,0.422360248447205,1,0.313846153846154,1,1,1,1,0,0.309597523219814,1,1,0.31875,1,0.31866464339909,1,1,0.302034428794992,0.317683881064163,0.286594761171032,0.155384615384615,0.31839258114374,0,0.592814371257485,1,0.311926605504587,0.317757009345794,0.580693815987934,1,1,0.306962025316456,0.32182103610675,1,0.673879443585781,0.704866562009419,0.29559748427673,0.306089743589744,0.993957703927492,0.320987654320988,0.299559471365639,1,0.302652106084243,0.294478527607362,1,0.297339593114241,0.309597523219814,0.307219662058372,0.307931570762053,1,1,1,0.296754250386399,0.321428571428571,0.00778816199376947,0.995283018867924,0.31637519872814,1,1,0.304084720121029,0.31866464339909,0.293129770992366,0.312893081761006,0.302752293577982,1,0.3015625,0.302180685358255,0.576190476190476,1,0.830246913580247,1,0,1,0.3125,1,1,0.42530487804878,0.998468606431853,0.306278713629403,1,0.306278713629403,0.299382716049383,0.300911854103343,1,1,0.310136157337368,0.4,0.617322834645669,0.299684542586751,1,1,1,0.316720257234727,1,0.212863705972435,1,1,1,1,0.322188449848024,1,0.3088,0.325545171339564,0.68380062305296,0.294025157232704,1,0.314112291350531,0.308383233532934,0.307692307692308,1,0.304675716440422,1,0.314112291350531,0.486280487804878,0.314814814814815,0.31924882629108,0.305263157894737,1,0.315625,0.30030959752322,1,1,0.312210200927357,0.304615384615385,1,0.476335877862595,0.306122448979592,0.321592649310873,0.315301391035549,0.690769230769231,1,0.286846275752773,1,0.429022082018927,0.304615384615385,0,0.881638846737481,0.315384615384615,0.315217391304348,0,0.024653312788906,0.986089644513138,0.305900621118012,1,0.296754250386399,0.306581059390048,1,0.31866464339909,0.311216429699842,0.678683385579937,1,0.311627906976744,0.31733746130031,1,0.299392097264438,0.29570747217806,1,0.345622119815668,0.302469135802469,0.307926829268293,0.318885448916409,0.78517397881997,1,0.984423676012461,1,1,0,1,0.996937212863706,1,0.430555555555556,0.998427672955975,0.303951367781155,0.995419847328244,0.324074074074074,0.998470948012232,0.612612612612613,0.634969325153374,0.321375186846039,0.303030303030303,0.657364341085271,0.310725552050473,0,0.643185298621746,0.693623639191291,0.310502283105023,0,0.308641975308642,0.289719626168224,0.768867924528302,0.319938176197836,0.690880989180835,0.601574803149606,0.313364055299539,0.316964285714286,0.294027565084227,1,0.0206185567010309,0,0.309667673716012,0.318885448916409,0.324574961360124,1,0.34,0.307098765432099,1,0.299694189602446,0.941807044410414,0.575384615384615,1,1,0.99504132231405,0.310136157337368,0.608169440242057,0.310810810810811,0.307692307692308,0.301242236024845,0.424471299093656,1,0.305772230889236,1,0.315789473684211,0.3072,1,0.312893081761006,1,0.315789473684211,1,1,0.310769230769231,0,1,0.3125,1,0.564615384615385,1,0.503828483920367,1,0.568356374807988,1,0.303317535545024,1,1,1,0.310664605873261,0.311320754716981,0.308955223880597,0.338632750397456,0.342443729903537,0.29922480620155,1,0.316770186335404,1,1,0.315151515151515,0.314873417721519,0.311649016641452,0.387442572741194,0.318042813455657,1,1,0.316923076923077,0.309748427672956,0.637362637362637,0.594135802469136,0.30568356374808,0.304897314375987,1,0.295281582952816,0.307807807807808,0.998444790046656,0.297805642633229,0.302003081664099,0,0.141337386018237,0.308527131782946,0.684603886397608,0.301710730948678,0.312977099236641,0.6,0.996927803379416,0.306853582554517,1,0.3125,0.338461538461538,0.30568356374808,0.475609756097561,0.311248073959938,1,0.311550151975684,0.314553990610329,0.31974921630094,0.685800604229607,1,0.32755905511811,0.306060606060606,0,0.3125,0.998468606431853,0.950995405819296,1,0.311827956989247,0.31839258114374,0.307692307692308,0.591527987897126,1,0.599374021909233,0.322784810126582,1,1,0.969558599695586,0.683720930232558,0.316037735849057,0.3515625,0.309667673716012,0.308510638297872,1,1,0.514820592823713,0.640822784810127,1,1,0.998480243161094,0.69435736677116,1,0.319340329835082,0.689335394126739,1,0.31839258114374,0.308641975308642,0.312788906009245,0.998480243161094,1,0.6528,0.310502283105023,1,1,0.318181818181818,0.300613496932515,0.998468606431853,0,0.302652106084243,0.300940438871473,0.00473186119873817,0.309815950920245,1,0.306729264475743,1,0.151745068285281,0,0.895988112927192,0.319018404907975,1,1,0,0,0.318461538461538,1,0.30625,0.998491704374057,0.30188679245283,1,0.998456790123457,0.961300309597523,0.775384615384615,1,1,0.00460829493087558,1,0.517571884984026,0.315625,0.676783004552352,0.312404287901991,1,0.295208655332303,0.6875,1,1,0.305511811023622,0.620384047267356,0.319938176197836,0.589230769230769,0.972049689440994,0.329704510108865,0.615146831530139,0.0108695652173913,0.306501547987616,0.309230769230769,0.311450381679389,1,0.639393939393939,0.30316742081448,0.893353941267388,0.59047619047619,0.971036585365854,1,1,0.297090352220521,0.334913112164297,0.306853582554517,0.30568356374808,0.303738317757009,0.616863905325444,0.295281582952816,0,0.688888888888889,1,0.314241486068111,0.305555555555556,0.3171875,0.314112291350531,0.606811145510836,1,0.32572298325723,0.325038880248834,0.321766561514196,0.309119010819165,0.300613496932515,0.301538461538462,0.2,0.691823899371069,0.310664605873261,0.604261796042618,1,0.254237288135593,0.307339449541284,0.922239502332815,1,1,0.306748466257669,0.653786707882535,1,0.303076923076923,0.297213622291022,0.957413249211357,1,1,1,0.305007587253414,1,1,0.895475819032761,1,0.33535660091047,1,0.595576619273302,1,0.677760968229955,0.303543913713405,0.604651162790698,1,1,0.9953125,0.314503816793893,0.323529411764706,0.315372424722662,0.30781010719755,0.315955766192733,0.31911532385466,0.985759493670886,0.309230769230769,1,1,0.721884498480243,0,0.312217194570136,0.315151515151515,0.686838124054463,1,0.561538461538462,0.316417910447761,0.652173913043478,0.302936630602782,0.304625199362041,1,0.306501547987616,0.3088,0.690966719492868,0.902711323763955,0.313323572474378,0.602184087363494,0.575663026521061,0.320182094081942,0.316118935837246,0.296296296296296,0.600614439324117,0.696319018404908,1,0.894573643410853,1,0.674311926605505,0.998447204968944,0.588419405320814,0.309119010819165,0.314375987361769,1,1,0.434782608695652,0.996840442338073,1,1,0.311248073959938,0.320493066255778,1,0.30688622754491,0.68558282208589,0.320251177394035,0.450769230769231,0.282539682539683,0,0.302710843373494,1,1,0.600306278713629,0,0.317972350230415,0.312307692307692,0.104776579352851,0.405103668261563,1,1,0.30640243902439,1,0.418960244648318,1,0.322289156626506,0.588957055214724,0.312307692307692,0.31201248049922,1,0,1,0.294303797468354,0.309968847352025,1,1,1,0.442879499217527,1,0.314241486068111,0.622727272727273,0.32312404287902,0.314285714285714,0,0.0342146189735614,1,0.635384615384615,1,0.327639751552795,0.322222222222222,1,1,0.162861491628615,0.304347826086957,1,0.896969696969697,1,0.317629179331307,0.208398133748056,0.683153013910355,1,1,1,1,1,0.278963414634146,0.300155520995334,1,0.120578778135048,0,0.442073170731707,0,0.323943661971831,1,0.687116564417178,1,1,0.891271056661562,1,0.685496183206107,1,1,1,1
"189",1,1,1,1,1,1,0.699335548172757,1,1,0.104918032786885,1,0.0470219435736677,0.805194805194805,1,0.326229508196721,0.307814992025518,0.0697305863708399,0.67563025210084,1,1,0.289137380191693,0.315875613747954,1,0.168012924071082,1,0.33175355450237,0.321724709784411,1,1,0.7792,0.308306709265176,0.73449920508744,0.961965134706815,0.318770226537217,0,1,0.528571428571429,1,0.308755760368664,1,0.657467532467532,0.671451355661882,0.687203791469194,1,1,0.322115384615385,0.325842696629214,0.314873417721519,0.329635499207607,0.333333333333333,0,1,0.309636650868878,1,1,0.499176276771005,0.554313099041534,1,1,1,0.330173775671406,0.331723027375201,0.32520325203252,0.675324675324675,1,1,0.0407166123778502,1,0.0614439324116743,0.322169059011164,1,0.315024232633279,0.330578512396694,0.960848287112561,0.501572327044025,1,0.3125,0.338072669826224,1,0.322147651006711,0.0951585976627713,0.332786885245902,0.330143540669856,1,0.33652312599681,1,1,1,1,0.682108626198083,1,1,0.00159744408945687,0.11216429699842,1,0.0490506329113924,0,1,0.552287581699346,0.678048780487805,1,0.0576923076923077,0.31869918699187,1,0.318840579710145,1,0.681962025316456,1,0.325320512820513,0.32258064516129,0.323854660347551,1,0.328025477707006,1,0.482704402515723,1,0.312599681020734,0.2912,0.32967032967033,0.326366559485531,0.477491961414791,0.998387096774194,0.318611987381703,0.317275747508306,1,0.317384370015949,1,1,0.325949367088608,0.54953560371517,1,0.32137030995106,1,0.0472560975609756,1,0.3184,0.6703125,0.330696202531646,0.924959216965742,0.450915141430948,0.112179487179487,0.105348460291734,1,1,0.33495145631068,1,0.328660436137072,1,0.796529968454259,1,0.338762214983713,1,1,1,1,0.345218800648298,1,0.330128205128205,0.259083728278041,1,0.3168,1,0.303656597774245,0.0943089430894309,1,0.313001605136437,1,1,1,0.334389857369255,1,0.329581993569132,1,0.314785373608903,1,0.317307692307692,0.0794912559618442,1,0.635313531353135,1,1,0.327302631578947,1,1,1,1,0.325320512820513,0.307570977917981,1,0.998397435897436,0.323763955342903,0.309446254071661,1,0.442675159235669,0.6578125,0,0.322683706070288,0.67258064516129,1,0.328638497652582,1,0.998417721518987,1,0.319422150882825,0.327014218009479,0.331691297208539,1,1,1,0,1,0.308580858085809,0.972536348949919,0.327922077922078,0.311501597444089,0.733333333333333,1,1,1,1,1,0.0465489566613162,0.311582381729201,0.334405144694534,1,0.677265500794913,1,1,0.998384491114701,0.998417721518987,1,1,0.00481540930979133,0.315707620528771,1,0.308441558441558,1,0.2976,1,1,1,1,1,0.325842696629214,1,0.521172638436482,0.3312,0.332807570977918,0.319286871961102,0.324237560192616,0.331738437001595,0.4375,0.332802547770701,0.323296354992076,0.315457413249211,1,0.32695374800638,1,0.683385579937304,0.321144674085851,0.313479623824451,0.334943639291465,1,1,1,0.256410256410256,0.314009661835749,1,0.315024232633279,0.330173775671406,0.31973898858075,0.318681318681319,0.676190476190476,1,0.326984126984127,0.318627450980392,1,0.309210526315789,1,0.3140625,0.313821138211382,1,1,1,0.533333333333333,1,0.679611650485437,0.0907668231611894,0.325358851674641,1,1,0.105345911949686,0.323248407643312,0.329508196721311,1,1,0.310618066561014,0.0256821829855538,0.00329489291598023,1,1,0.344287949921753,0.998381877022654,1,0.3125,1,1,0.316614420062696,1,1,1,1,0.3296,0.312111801242236,0.330592105263158,1,1,0.669329073482428,0.325914149443561,1,0.325508607198748,0.3024,1,1,0.998412698412698,1,1,0.329093799682035,1,1,0.115511551155116,0.338632750397456,0.491085899513776,0.314935064935065,0.676236044657097,0.324409448818898,1,0.313311688311688,0.336025848142165,0.258012820512821,0.324960753532182,1,0.326594090202177,1,1,1,0.311004784688995,0.32182103610675,0.998410174880763,0.916802610114193,0.0669934640522876,1,0.315619967793881,0.329545454545455,0.316211878009631,1,0.33489827856025,0.47427652733119,0.325396825396825,0.3088,0.324104234527687,0.31139646869984,1,0.323101777059774,1,1,0,1,0.330097087378641,1,1,1,0.333333333333333,1,0.315619967793881,1,0.831230283911672,1,1,1,0.319554848966614,1,1,0.316455696202532,0.323151125401929,1,1,0.306349206349206,0.184952978056426,1,0.998397435897436,1,0,0.321027287319422,1,0.310126582278481,0.247603833865815,1,0.673015873015873,0.442040185471406,1,1,0.677469135802469,0.694174757281553,0.355305466237942,1,0.317741935483871,1,1,0.328525641025641,1,0.998360655737705,0.00806451612903226,0.3322528363047,1,1,0.332784184514003,1,1,0.311793214862682,0.335987261146497,1,1,1,0.534181240063593,0.317460317460317,0.34887459807074,0.317484662576687,0.333868378812199,0.689822294022617,0.328593996840442,0.328455284552846,0.323763955342903,0.232371794871795,0.317589576547231,1,0.322981366459627,0.99836867862969,0.315705128205128,0.0889235569422777,0.0544,1,1,0.0414673046251994,1,0.682034976152623,0.043956043956044,0.012924071082391,1,0.681159420289855,1,1,0.55663430420712,1,0,0.0827814569536424,1,1,1,0.330112721417069,0.646341463414634,0.687086092715232,0.996850393700787,1,0.983792544570502,0.303370786516854,0.343499197431782,1,0.301302931596091,1,0.380573248407643,0.11219512195122,0.307814992025518,0.323943661971831,0.331641285956007,1,0.0864779874213836,1,1,1,0.258320126782884,0.327332242225859,1,0.326860841423948,1,1,0.31201248049922,1,0.328125,1,0.330097087378641,0.330097087378641,1,0.677471636952998,0.322378716744914,1,0.320450885668277,0.76,0.318181818181818,0.173015873015873,0.326086956521739,0.766129032258065,0.309328968903437,1,0.333876221498371,0.343799058084772,0.296825396825397,1,1,1,0.969849246231156,0.341216216216216,1,0.330605564648118,1,0.325542570951586,0.322932917316693,1,1,1,0.914516129032258,1,0.315541601255887,0.32753164556962,1,1,0.0536585365853659,0.0846905537459283,1,1,0.315960912052117,1,1,0.320574162679426,1,1,0.667192429022082,0.517350157728707,1,0,1,1,0.107765451664025,0.333865814696486,1,0.323717948717949,0.998397435897436,0.965573770491803,0.998397435897436,0.818181818181818,1,0.335537190082645,1,1,1,0,0.311986863711002,1,1,0.674757281553398,1,0.319935691318328,0.364649681528662,0.326465927099842,1,1,1,0.0923076923076923,0.327476038338658,0.0962479608482871,0.998373983739837,0.312796208530806,0.311501597444089,0.356012658227848,0,1,0.956521739130435,1,1,0.325806451612903,0.306122448979592,0.169105691056911,0.040650406504065,0.323101777059774,0.304140127388535,0.333333333333333,0.00164203612479475,0.318979266347687,1,0,0.31924882629108,1,1,1,0.325949367088608,0.325581395348837,0.0370994940978078,1,0.313628899835796,0.307086614173228,1,1,0.320967741935484,0.695507487520799,1,1,0.694041867954911,1,0.3078125,1,0.324590163934426,0.514150943396226,0.66031746031746,0.409090909090909,1,0.30379746835443,0.325242718446602,0.68088467614534,0.669278996865204,1,0.326465927099842,1,0.32967032967033,1,0.315286624203822,0.318255250403877,0.358730158730159,0.54066985645933,0.325806451612903,0.314696485623003,0.659127625201939,0.31832298136646,0.153846153846154,1,0,1,0.296596434359805,1,0,0.325281803542673,0.315112540192926,1,0.0599078341013825,1,0.0923824959481361,0.34789644012945,1,0.0702875399361022,0.663492063492063,1,1,1,0.312605042016807,0.0420560747663551,1,0.42512077294686,0.102605863192182,0.357254290171607,0.323671497584541,0.328638497652582,1,1,1,1,1,0.0659509202453988,0.995348837209302,0.6768,0.00462962962962963,0.320634920634921,1,1,1,1,0.0896,0.3140625,1,1,1,1,1,1,0.475590551181102,0.00163398692810458,1,0.090625,0.330658105939005,0.444976076555024,1,0.392914653784219,0.315702479338843,0.3152,1,0.0461049284578696,0.327102803738318,1,1,0.372742200328407,0.3152,0.311501597444089,0.323481116584565,0.998435054773083,0.3322528363047,0.318471337579618,0.427652733118971,0.322169059011164,0.973228346456693,0.320695102685624,0.0870279146141215,0.329563812600969,0,1,0.0956239870340357,0.316476345840131,0.322528363047002,0.314754098360656,1,1,1,1,1,1,0.337171052631579,1,0.323151125401929,0.320205479452055,0.614896988906498,0.670510708401977,1,1,0,0.32018927444795,0.123397435897436,0.998439937597504,0.0391517128874388,1,1,0.316993464052288,1,1,0.632520325203252,0.437603993344426,0.995384615384615,0.0882352941176471,0.106907894736842,1,1,1,0.0917721518987342,0,0.317411402157165,0.426256077795786,0.318611987381703,0,0.320967741935484,0.0954692556634304,1,1,0.322932917316693,0.321711568938193,0.238853503184713,0.338187702265372,0.311811023622047,0.320967741935484,1,1,0.329581993569132,1,0,1,0.22168284789644,1,0.666666666666667,1,0.319488817891374,0.310569105691057,0.0798722044728434,0.671383647798742,1,1,0.784789644012945,0.895522388059702,0.327332242225859,0.319148936170213,1,0.312599681020734,0.247226624405705,0.32279534109817,1,0.11216429699842,1,1,0.3184,0.675282714054927,0.30655737704918,1,1,0.311501597444089,0.306477093206951,0.322884012539185,0.856913183279743,0.313953488372093,1,0.0608,1,1,0.686708860759494,0.657051282051282,0.324590163934426,0.0605095541401274,0.330112721417069,1,1,0.320512820512821,0.333333333333333,0.605678233438486,1,0.310618066561014,0.379095163806552,0.313880126182965,0.982649842271293,0.463651050080775,0.00319488817891374,0.314375987361769,0.330188679245283,0.330592105263158,0.326194398682043,0.321875,0.973312401883831,1,0.320450885668277,0.533996683250415,0.679674796747967,0.2359375,0.685154975530179,1,0.337579617834395,0.00322061191626409,0.326984126984127,0.322784810126582,0.37220447284345,0.322061191626409,0,0.338607594936709,0.323432343234323,0.330670926517572,0.317152103559871
"190",0.998405103668262,0.998439937597504,1,1,0.9984375,1,0.686614173228347,1,0.998432601880878,0.10207336523126,1,0.0415384615384615,0.824476650563607,0.998417721518987,0.321372854914197,0.309968847352025,0.0638629283489097,0.678688524590164,0.998397435897436,0.998417721518987,0.295208655332303,0.314194577352472,0.998468606431853,0.152886115444618,0.998473282442748,0.328660436137072,0.325914149443561,0.998392282958199,0.998449612403101,0.802507836990596,0.321592649310873,0.737248840803709,0.966101694915254,0.317535545023697,0,1,0.543887147335423,1,0.309451219512195,0.998459167950693,0.65625,0.672868217054264,0.685185185185185,0.998410174880763,0.998394863563403,0.326332794830372,0.314785373608903,0.313271604938272,0.334370139968896,0.335384615384615,0.00155038759689922,0.998425196850394,0.315629742033384,1,0.998447204968944,0.498412698412698,0.547169811320755,0.998425196850394,0.998459167950693,1,0.340458015267176,0.321259842519685,0.323390894819466,0.674922600619195,0.998373983739837,0.998454404945904,0.0345911949685535,0.998427672955975,0.0555555555555556,0.323170731707317,0.9984375,0.330246913580247,0.325914149443561,0.9648,0.508580343213729,0.998498498498498,0.318818040435459,0.342592592592593,0.998475609756098,0.32258064516129,0.0861244019138756,0.3375,0.337042925278219,0.998461538461539,0.3390625,0.998480243161094,0.998412698412698,0.998439937597504,0.998435054773083,0.6859375,0.998412698412698,0.998480243161094,0.0015625,0.105015673981191,0.998417721518987,0.0442748091603053,0,0.998461538461539,0.567524115755627,0.663507109004739,0.998422712933754,0.0520504731861199,0.320813771517997,0.998349834983498,0.314375987361769,0.998430141287284,0.678461538461538,0.998442367601246,0.320126782884311,0.319620253164557,0.330721003134796,0.998444790046656,0.329173166926677,0.998444790046656,0.484756097560976,0.998477929984779,0.317757009345794,0.291472868217054,0.329754601226994,0.325949367088608,0.478605388272583,1,0.327586206896552,0.319870759289176,0.998468606431853,0.312693498452012,0.998491704374057,0.998475609756098,0.318252730109204,0.553158705701079,0.998427672955975,0.323343848580442,0.998420221169036,0.0422322775263952,0.998402555910543,0.320061255742726,0.675384615384615,0.334375,0.932069510268562,0.434991974317817,0.104851330203443,0.0973724884080371,0.998420221169036,0.998389694041868,0.333858267716535,0.998417721518987,0.315233785822021,0.998405103668262,0.818181818181818,0.998459167950693,0.325769854132901,0.998425196850394,0.998435054773083,0.998405103668262,0.998442367601246,0.347551342812006,0.9984375,0.328593996840442,0.248073959938367,0.998470948012232,0.314900153609831,0.998470948012232,0.309968847352025,0.0837282780410742,0.998387096774194,0.319488817891374,0.998427672955975,0.998444790046656,0.998427672955975,0.337442218798151,0.998417721518987,0.333863275039746,0.998407643312102,0.30564263322884,1,0.321711568938193,0.0771604938271605,1,0.629690048939641,0.998412698412698,0.998422712933754,0.3184,1,0.998422712933754,0.998425196850394,0.998432601880878,0.328660436137072,0.319875776397516,0.998397435897436,1,0.324159021406728,0.311290322580645,1,0.455108359133127,0.66965620328849,0.00155038759689922,0.328616352201258,0.660377358490566,1,0.325617283950617,0.998402555910543,1,1,0.320872274143302,0.324655436447167,0.326892109500805,0.998470948012232,1,1,0.00158982511923688,0.998417721518987,0.31687898089172,0.973520249221184,0.328,0.313572542901716,0.7484375,0.998412698412698,0.998454404945904,1,0.998432601880878,0.998435054773083,0.0438871473354232,0.325914149443561,0.328703703703704,0.998454404945904,0.676970633693972,1,0.998463901689708,0.996860282574568,1,0.998412698412698,0.998444790046656,0.0062015503875969,0.310664605873261,0.998454404945904,0.321543408360129,1,0.306853582554517,0.998470948012232,0.998412698412698,0.998422712933754,0.998410174880763,0.998392282958199,0.324492979719189,1,0.510236220472441,0.328173374613003,0.332307692307692,0.319488817891374,0.32120253164557,0.337007874015748,0.42332268370607,0.338533541341654,0.32,0.318461538461538,1,0.329635499207607,1,0.679447852760736,0.32967032967033,0.305810397553517,0.341269841269841,1,0.998412698412698,1,0.253943217665615,0.315870570107858,0.998452012383901,0.331730769230769,0.333839150227618,0.324451410658307,0.324116743471582,0.675590551181102,0.998405103668262,0.328703703703704,0.325878594249201,0.998425196850394,0.305331179321486,0.998459167950693,0.30757341576507,0.3125,0.998427672955975,0.998405103668262,0.998442367601246,0.537124802527646,0.998410174880763,0.675507020280811,0.0809595202398801,0.322932917316693,0.998447204968944,0.998422712933754,0.0978260869565217,0.316279069767442,0.3232,1,0.998435054773083,0.310185185185185,0.0202177293934681,0.00474683544303797,0.998402555910543,0.998381877022654,0.335843373493976,0.996820349761526,0.998482549317147,0.317683881064163,1,0.998466257668712,0.32093023255814,0.9984375,0.998435054773083,0.998461538461539,0.998420221169036,0.332810047095761,0.312404287901991,0.333333333333333,0.998444790046656,0.998415213946117,0.667706708268331,0.321766561514196,0.9984,0.318112633181126,0.305511811023622,1,0.998422712933754,1,0.998439937597504,0.998456790123457,0.340694006309148,0.998425196850394,0.998442367601246,0.108239095315024,0.33953488372093,0.496111975116641,0.314285714285714,0.664566929133858,0.322033898305085,0.998477929984779,0.321316614420063,0.341307814992026,0.251552795031056,0.327769347496206,1,0.329754601226994,0.998422712933754,0.998427672955975,1,0.316455696202532,0.328682170542636,1,0.9216,0.0634920634920635,0.998405103668262,0.315132605304212,0.319422150882825,0.321316614420063,0.998412698412698,0.333333333333333,0.468553459119497,0.334890965732087,0.315047021943574,0.31810766721044,0.311111111111111,0.998435054773083,0.332263242375602,0.99837925445705,0.9984375,0.0015552099533437,0.998387096774194,0.333863275039746,0.998417721518987,1,0.998394863563403,0.327014218009479,0.998500749625187,0.322169059011164,0.998487140695915,0.85202492211838,0.9984375,0.998392282958199,0.998459167950693,0.314641744548287,1,0.998394863563403,0.3125,0.315625,1,0.998427672955975,0.317972350230415,0.186259541984733,0.998415213946117,1,0.998459167950693,0.0015625,0.317307692307692,0.99836867862969,0.318952234206472,0.237717908082409,1,0.665130568356375,0.430321592649311,1,0.998417721518987,0.671709531013616,0.687010954616588,0.345971563981043,0.998435054773083,0.3203125,0.998407643312102,1,0.33175355450237,0.998454404945904,1,0.00938967136150235,0.333865814696486,0.998435054773083,0.998405103668262,0.332802547770701,0.998449612403101,0.998373983739837,0.317817014446228,0.335925349922239,1,1,1,0.533333333333333,0.314641744548287,0.346456692913386,0.320668693009119,0.342271293375394,0.682769726247987,0.332307692307692,0.326687116564417,0.321981424148607,0.236677115987461,0.319870759289176,0.998454404945904,0.326747720364742,1,0.31937984496124,0.0858433734939759,0.0525502318392581,0.998470948012232,1,0.034375,1,0.678516228748068,0.0414746543778802,0.0125,0.998444790046656,0.6796875,0.998412698412698,0.9984375,0.554313099041534,0.998461538461539,0.0015552099533437,0.0746031746031746,1,0.9984375,1,0.330188679245283,0.63963963963964,0.687397708674304,0.990536277602524,0.998442367601246,0.986046511627907,0.309375,0.3328,0.998430141287284,0.301127214170692,0.998456790123457,0.372854914196568,0.1072,0.312594840667678,0.323529411764706,0.333889816360601,1,0.081039755351682,0.998468606431853,0.99837925445705,1,0.25194401244168,0.321144674085851,0.998427672955975,0.325434439178515,0.998360655737705,0.998371335504886,0.314152410575428,0.998387096774194,0.329819277108434,1,0.307210031347962,0.32398753894081,0.998435054773083,0.669856459330144,0.325264750378215,1,0.311501597444089,0.777777777777778,0.316923076923077,0.152173913043478,0.329835082458771,0.785031847133758,0.311897106109325,0.998417721518987,0.328660436137072,0.343213728549142,0.304482225656878,0.998442367601246,1,0.998468606431853,0.973941368078176,0.344155844155844,0.998452012383901,0.32794830371567,0.998454404945904,0.318555008210181,0.324734446130501,0.998444790046656,0.998407643312102,1,0.919811320754717,0.998475609756098,0.31733746130031,0.325471698113208,0.998466257668712,1,0.0479233226837061,0.0822784810126582,0.998454404945904,0.998410174880763,0.318471337579618,0.998468606431853,0.998468606431853,0.328125,0.998389694041868,0.998461538461539,0.674454828660436,0.529141104294479,1,0.00150375939849624,0.998425196850394,0.998442367601246,0.0970724191063174,0.330733229329173,1,0.33125,1,0.969155844155844,1,0.8359375,0.998435054773083,0.336538461538462,0.998449612403101,1,0.998402555910543,0,0.314144736842105,0.998394863563403,0.998456790123457,0.665615141955836,0.998463901689708,0.323943661971831,0.363214837712519,0.326984126984127,1,1,0.998407643312102,0.0942812982998454,0.32182103610675,0.0909090909090909,1,0.312693498452012,0.311827956989247,0.361240310077519,0.00156985871271586,1,0.959876543209877,0.998432601880878,0.998459167950693,0.332273449920509,0.309090909090909,0.154088050314465,0.0345368916797488,0.330696202531646,0.314375987361769,0.327160493827161,0.00161290322580645,0.316692667706708,0.998463901689708,0.00158227848101266,0.327217125382263,0.998430141287284,0.998412698412698,0.998430141287284,0.328682170542636,0.325190839694657,0.0333333333333333,0.998442367601246,0.321875,0.313271604938272,0.998454404945904,0.998449612403101,0.321928460342146,0.684975767366721,0.998405103668262,1,0.681747269890796,0.998477929984779,0.317262830482115,0.998410174880763,0.316535433070866,0.532507739938081,0.664596273291925,0.42185128983308,0.998435054773083,0.306027820710974,0.31924882629108,0.681181959564541,0.657770800627943,0.9984375,0.326120556414219,1,0.325227963525836,0.998420221169036,0.320126782884311,0.315873015873016,0.358814352574103,0.533751962323391,0.323809523809524,0.318611987381703,0.663009404388715,0.327073552425665,0.147619047619048,1,0.0015552099533437,1,0.298107255520505,0.998412698412698,0.00155038759689922,0.32018927444795,0.323390894819466,0.998405103668262,0.0555555555555556,0.998456790123457,0.0855784469096672,0.348726114649682,0.998432601880878,0.0639625585023401,0.668238993710692,0.998422712933754,1,1,0.314606741573034,0.0365853658536585,0.998444790046656,0.427215189873418,0.0961538461538462,0.361153262518968,0.322530864197531,0.330246913580247,0.998439937597504,1,0.998425196850394,1,1,0.0663650075414781,0.99390243902439,0.679186228482003,0.00604229607250755,0.328125,0.998420221169036,0.998435054773083,0.998381877022654,0.998473282442748,0.0848765432098765,0.314900153609831,1,0.998407643312102,0.998389694041868,0.998432601880878,1,0.998397435897436,0.47166921898928,0.00313971742543171,0.998420221169036,0.0851393188854489,0.324031007751938,0.448757763975155,1,0.394184168012924,0.314662273476112,0.314329738058552,0.998417721518987,0.040625,0.323619631901841,0.998444790046656,1,0.376175548589342,0.315132605304212,0.321875,0.318327974276527,1,0.336538461538462,0.328197226502311,0.42332268370607,0.3234375,0.976993865030675,0.327245053272451,0.0829346092503987,0.326625386996904,0,0.9984375,0.0883280757097792,0.31911532385466,0.321875,0.314375987361769,0.998459167950693,0.998435054773083,0.998402555910543,0.998447204968944,0.998381877022654,0.998412698412698,0.332805071315372,1,0.328149300155521,0.321548821548822,0.621069182389937,0.669811320754717,1,0.998454404945904,0.00154320987654321,0.324655436447167,0.113003095975232,1,0.0368,0.998444790046656,0.998392282958199,0.31974921630094,0.998425196850394,0.99836867862969,0.636510500807754,0.416531604538088,0.995508982035928,0.0857605177993527,0.101748807631161,0.998444790046656,1,0.998432601880878,0.0856697819314642,0,0.325077399380805,0.427662957074722,0.317972350230415,0.00156494522691706,0.328525641025641,0.0887480190174326,0.998439937597504,0.998389694041868,0.326625386996904,0.333333333333333,0.238170347003155,0.336507936507937,0.310872894333844,0.321875,0.998432601880878,1,0.338072669826224,0.998493975903614,0.00155763239875389,0.998394863563403,0.220472440944882,0.998417721518987,0.666156202143951,0.998449612403101,0.314641744548287,0.317152103559871,0.0740740740740741,0.664615384615385,0.998444790046656,0.998405103668262,0.78060413354531,0.880952380952381,0.329704510108865,0.31911532385466,0.998442367601246,0.332278481012658,0.251162790697674,0.323101777059774,0.998477929984779,0.103125,0.998430141287284,0.998454404945904,0.321372854914197,0.670947030497592,0.313385826771654,1,0.998422712933754,0.310291858678955,0.312597200622084,0.326687116564417,0.866877971473851,0.321543408360129,0.998432601880878,0.0543478260869565,0.998444790046656,0.99836867862969,0.695046439628483,0.642745709828393,0.330670926517572,0.0556438791732909,0.326984126984127,0.998454404945904,1,0.31104199066874,0.333860759493671,0.606531881804043,0.998459167950693,0.312307692307692,0.366043613707165,0.3171875,0.984709480122324,0.483359746434231,0.00467289719626168,0.311424100156495,0.329230769230769,0.341346153846154,0.320388349514563,0.324159021406728,0.970724191063174,0.998456790123457,0.318110236220472,0.550239234449761,0.68,0.234567901234568,0.68,1,0.327014218009479,0.00477707006369427,0.327102803738318,0.320552147239264,0.375191424196018,0.329153605015674,0.00153609831029186,0.343307086614173,0.322784810126582,0.329581993569132,0.31974921630094
"191",0.300623052959502,0.316923076923077,0.3125,0.329635499207607,0.30625,0.299065420560748,0.0125391849529781,0.316358024691358,0.314503816793893,0.56687898089172,0.31866464339909,0.640364188163885,0.527863777089783,0.321875,1,1,0.617873651771957,0,0.322530864197531,0.304482225656878,1,1,0.320668693009119,0.509923664122137,0.316642120765832,1,1,0.335463258785943,0.307346326836582,0.535603715170279,1,0.600609756097561,0.371165644171779,0.99537037037037,0.6671875,0.307692307692308,0.136503067484663,0.322678843226788,1,0.303353658536585,0.00310077519379845,0,0,0.32348367029549,0.313479623824451,1,0.993827160493827,1,1,1,0.695517774343122,0.328682170542636,1,0.324242424242424,0.310769230769231,0.815286624203822,0.12755905511811,0.319938176197836,0.309230769230769,0.324031007751938,0.990811638591118,1,1,0.00612557427258806,0.3125,0.313725490196078,0.646511627906977,0.321981424148607,0.610698365527489,1,0.315950920245399,1,1,0.269230769230769,0.162079510703364,0.321428571428571,1,0.993939393939394,0.322678843226788,1,0.602523659305994,1,1,0.321100917431193,1,0.317771084337349,0.313846153846154,0.330232558139535,0.3171875,0,0.318818040435459,0.320359281437126,0.684848484848485,0.581325301204819,0.315707620528771,0.638680659670165,0.678516228748068,0.3125,0.123809523809524,0,0.311450381679389,0.611455108359133,1,0.306477093206951,1,0.319444444444444,0,0.313455657492355,1,1,1,0.304147465437788,0.99537037037037,0.323574730354391,0.212213740458015,0.311940298507463,1,0.36687306501548,1,1,0.209090909090909,0.316923076923077,1,1,0.326186830015314,1,0.317365269461078,0.312965722801788,0.362068965517241,0.76355421686747,0.318037974683544,1,0.329652996845426,0.633781763826607,0.330708661417323,1,0.00151057401812689,1,0.383435582822086,0.882725832012678,0.576138147566719,0.595054095826893,0.322480620155039,0.323296354992076,1,0.313935681470138,1,0.301242236024845,0.509174311926605,0.318181818181818,1,0.312788906009245,0.315132605304212,0.318110236220472,0.321538461538462,1,0.305343511450382,1,0.433179723502304,0.325757575757576,1,0.319018404907975,1,0.591549295774648,0.319620253164557,1,0.314112291350531,0.306625577812018,0.326656394453005,0.98644578313253,0.321646341463415,1,0.326086956521739,1,0.311811023622047,1,0.591117917304747,0.302936630602782,0.035031847133758,0.293103448275862,0.314503816793893,1,0.308641975308642,0.316358024691358,0.317411402157165,0.330218068535826,1,1,0.323763955342903,0.324159021406728,1,1,0.318250377073906,0.241112828438949,0.0208955223880597,0.687402799377916,1,0.00307219662058372,0.315467075038285,1,0.316957210776545,0.308734939759036,0.31832298136646,0.996932515337423,1,1,0.322775263951735,0.312202852614897,0.320121951219512,0.687598116169545,0.309119010819165,1,0.341500765696784,1,1,0.443425076452599,0.331259720062208,0.317484662576687,0.323029366306028,0.303680981595092,0.312989045383412,0.644067796610169,1,1,0.30804248861912,0.00460122699386503,0.319277108433735,0.319465081723626,0.323076923076923,0.30757341576507,0.295489891135303,0.318731117824773,0.700920245398773,0.362406015037594,0.303625377643505,1,0.321928460342146,1,0.30781010719755,0.306853582554517,0.321592649310873,0.332293291731669,0.306836248012719,1,0.321212121212121,0.796875,1,1,0.996840442338073,1,1,0.893141945773525,1,1,1,0.317147192716237,1,0.3232,0,1,0.386706948640483,1,0.31875,0.322033898305085,0.315217391304348,0.410852713178295,1,0.325688073394495,1,1,1,1,0,0.317757009345794,1,1,0.314984709480122,1,0.315384615384615,1,1,0.300787401574803,0.31832298136646,0.298921417565485,0.144409937888199,0.335925349922239,0,0.587797619047619,1,0.313935681470138,0.320433436532508,0.573596358118361,1,1,0.329133858267717,0.322530864197531,1,0.651305683563748,0.692789968652038,0.306976744186047,0.323296354992076,0.993930197268589,0.33179012345679,0.301659125188537,1,0.31733746130031,0.304281345565749,1,0.306122448979592,0.3198127925117,0.317901234567901,0.316770186335404,1,1,1,0.301829268292683,0.321592649310873,0.00768049155145929,0.992175273865415,0.320251177394035,1,1,0.308282208588957,0.322239031770045,0.304747320061256,0.31937984496124,0.312788906009245,1,0.316692667706708,0.309119010819165,0.565354330708661,1,0.826893353941267,1,0,1,0.322822822822823,1,1,0.419207317073171,0.998487140695915,0.320813771517997,1,0.302611367127496,0.304482225656878,0.309309309309309,1,1,0.323076923076923,0.4064,0.604327666151468,0.30188679245283,1,1,1,0.31637519872814,1,0.208588957055215,1,1,1,1,0.318796992481203,1,0.315873015873016,0.331775700934579,0.679938744257274,0.300940438871473,1,0.31866464339909,0.315233785822021,0.318471337579618,1,0.304347826086957,1,0.321321321321321,0.489164086687306,0.320610687022901,0.325,0.314199395770393,1,0.31619937694704,0.30503144654088,1,1,0.315950920245399,0.310872894333844,1,0.474397590361446,0.311811023622047,0.333843797856049,0.323529411764706,0.675465838509317,1,0.294117647058824,1,0.416149068322981,0.304821150855365,0,0.885496183206107,0.315132605304212,0.315625,0,0.0356037151702786,0.98,0.31201248049922,1,0.3140625,0.3168,1,0.325757575757576,0.315707620528771,0.664086687306502,1,0.313084112149533,0.321372854914197,1,0.314759036144578,0.304140127388535,1,0.344360902255639,0.30829420970266,0.311450381679389,0.323574730354391,0.803328290468986,1,0.978227060653188,1,1,0.00157977883096367,1,0.993759750390016,1,0.429012345679012,0.996894409937888,0.309774436090226,0.993975903614458,0.33175355450237,0.995419847328244,0.598496240601504,0.627092846270928,0.32089552238806,0.308270676691729,0.641104294478528,0.317535545023697,0,0.623076923076923,0.684210526315789,0.315629742033384,0.00154559505409583,0.313271604938272,0.308282208588957,0.770542635658915,0.320182094081942,0.689969604863222,0.593004769475358,0.308282208588957,0.32262996941896,0.302147239263804,1,0.0308823529411765,0,0.314112291350531,0.330246913580247,0.330804248861912,1,0.331804281345566,0.31651376146789,1,0.303951367781155,0.938461538461538,0.566246056782334,1,1,0.991869918699187,0.316742081447964,0.602134146341463,0.31981981981982,0.315541601255887,0.312401883830455,0.411674347158218,1,0.311827956989247,1,0.327503974562798,0.317460317460317,1,0.318818040435459,1,0.322884012539185,1,1,0.318885448916409,0,1,0.320182094081942,1,0.570992366412214,1,0.505231689088191,1,0.5703125,1,0.314553990610329,1,1,1,0.316265060240964,0.314152410575428,0.312024353120244,0.345659163987138,0.332802547770701,0.30640243902439,1,0.326153846153846,1,1,0.327743902439024,0.31496062992126,0.315868263473054,0.386259541984733,0.324200913242009,1,1,0.3265625,0.319685039370079,0.621705426356589,0.587962962962963,0.314641744548287,0.309486780715397,1,0.30521472392638,0.322289156626506,0.993846153846154,0.304552590266876,0.320610687022901,0,0.141141141141141,0.316770186335404,0.674556213017751,0.307453416149068,0.316030534351145,0.595808383233533,0.998452012383901,0.3125,1,0.303951367781155,0.350850077279753,0.308049535603715,0.48531684698609,0.308049535603715,1,0.321483771251932,0.327044025157233,0.328616352201258,0.681818181818182,1,0.330708661417323,0.318112633181126,0,0.324200913242009,0.998463901689708,0.955038759689922,1,0.320061255742726,0.32469512195122,0.31619937694704,0.584097859327217,1,0.584758942457232,0.331259720062208,1,1,0.963746223564955,0.672868217054264,0.327131782945736,0.360182370820669,0.317147192716237,0.312594840667678,1,1,0.502332814930016,0.637614678899083,1,1,0.998484848484849,0.6890625,1,0.314285714285714,0.684698608964451,1,0.321266968325792,0.312989045383412,0.320987654320988,0.996941896024465,1,0.646774193548387,0.321266968325792,1,1,0.320552147239264,0.308282208588957,0.998470948012232,0,0.310077519379845,0.310344827586207,0.00625,0.321100917431193,1,0.30952380952381,1,0.143928035982009,0,0.904191616766467,0.327245053272451,1,1,0,0.00152671755725191,0.32348367029549,1,0.311605723370429,0.997001499250375,0.30829420970266,1,0.998435054773083,0.959876543209877,0.777099236641221,1,1,0.00461538461538462,1,0.508771929824561,0.327692307692308,0.672754946727549,0.321646341463415,1,0.303875968992248,0.677570093457944,1,1,0.313084112149533,0.614008941877794,0.324655436447167,0.581504702194357,0.975039001560062,0.326186830015314,0.597243491577335,0.0123456790123457,0.306976744186047,0.319571865443425,0.316265060240964,1,0.637181409295352,0.302290076335878,0.890092879256966,0.591836734693878,0.966917293233083,1,1,0.304747320061256,0.335949764521193,0.311627906976744,0.308282208588957,0.312788906009245,0.612855007473842,0.306646525679758,0,0.673590504451039,0.998454404945904,0.319148936170213,0.307453416149068,0.321259842519685,0.322239031770045,0.589861751152074,1,0.327217125382263,0.333853354134165,0.331730769230769,0.312788906009245,0.308396946564885,0.310872894333844,0.200906344410876,0.680817610062893,0.322033898305085,0.593323216995448,1,0.233486943164363,0.315301391035549,0.917829457364341,1,1,0.319083969465649,0.638759689922481,1,0.311746987951807,0.300155520995334,0.959375,1,1,0.996815286624204,0.317073170731707,1,1,0.890795631825273,1,0.350903614457831,1,0.589341692789969,1,0.6797583081571,0.303738317757009,0.596850393700787,1,1,0.990811638591118,0.328290468986384,0.325652841781874,0.324281150159744,0.319444444444444,0.333855799373041,0.320872274143302,0.981538461538462,0.30757341576507,1,1,0.711684370257967,0,0.318318318318318,0.313636363636364,0.676923076923077,1,0.555555555555556,0.326409495548961,0.639318885448916,0.310344827586207,0.314553990610329,1,0.310452418096724,0.316129032258064,0.690625,0.906200317965024,0.320058997050148,0.592476489028213,0.570982839313573,0.327718223583461,0.316614420062696,0.302752293577982,0.590563165905632,0.685496183206107,1,0.896124031007752,1,0.666666666666667,0.996913580246914,0.588419405320814,0.309486780715397,0.320754716981132,1,1,0.43010752688172,0.992050874403816,0.996955859969559,1,0.315151515151515,0.321100917431193,1,0.317647058823529,0.683969465648855,0.32753164556962,0.452566096423017,0.299363057324841,0,0.306990881458967,1,1,0.5948406676783,0.00150829562594268,0.333848531684699,0.314241486068111,0.102803738317757,0.420722135007849,1,1,0.312883435582822,1,0.4104134762634,1,0.327769347496206,0.582181259600614,0.325617283950617,0.314814814814815,1,0,1,0.309904153354633,0.317757009345794,1,1,1,0.441823899371069,1,0.311450381679389,0.60882800608828,0.328746177370031,0.329093799682035,0.00153139356814701,0.0464396284829721,1,0.61609907120743,1,0.327769347496206,0.326433121019108,1,1,0.177914110429448,0.315870570107858,1,0.896551724137931,1,0.321699544764795,0.204968944099379,0.667687595712098,1,1,1,1,1,0.288288288288288,0.304147465437788,1,0.116613418530351,0.00156494522691706,0.434049079754601,0,0.325115562403698,1,0.689922480620155,1,1,0.886018237082067,1,0.672811059907834,1,1,1,1
"192",0.288961038961039,0.300319488817891,0.302215189873418,0.319354838709677,0.303937007874016,0.302507836990596,0.00981996726677578,0.308562197092084,0.295819935691318,0.593137254901961,0.303937007874016,0.665071770334928,0.504,0.311811023622047,1,1,0.635930047694754,0,0.318181818181818,0.295055821371611,1,1,0.312893081761006,0.528846153846154,0.294670846394984,1,1,0.321252059308072,0.3015625,0.497560975609756,1,0.575427682737169,0.347619047619048,0.996860282574568,0.670364500792393,0.301666666666667,0.147909967845659,0.313880126182965,1,0.294025157232704,0.00160513643659711,0,0,0.313408723747981,0.307073954983923,1,0.996763754045307,1,1,1,0.699367088607595,0.31869918699187,1,0.311501597444089,0.307324840764331,0.808130081300813,0.134959349593496,0.303656597774245,0.300955414012739,0.313291139240506,0.992125984251969,1,1,0.0032520325203252,0.305555555555556,0.305246422893482,0.671451355661882,0.313311688311688,0.627300613496933,1,0.302215189873418,1,1,0.274671052631579,0.169811320754717,0.304953560371517,1,0.996850393700787,0.308056872037915,1,0.615131578947368,1,1,0.312401883830455,1,0.307453416149068,0.305331179321486,0.315286624203822,0.305958132045089,0,0.31139646869984,0.314728682170543,0.698890649762282,0.598130841121495,0.3072,0.661442006269592,0.693418940609952,0.3046875,0.127450980392157,0,0.303656597774245,0.642394822006472,1,0.306188925081433,1,0.306089743589744,0,0.308186195826645,1,1,1,0.296178343949045,0.996820349761526,0.304278922345483,0.218408736349454,0.2953125,1,0.392464678178964,1,1,0.213607594936709,0.29874213836478,1,1,0.310015898251192,1,0.29984544049459,0.300623052959502,0.379807692307692,0.771739130434783,0.307817589576547,1,0.317307692307692,0.661016949152542,0.321486268174475,1,0.00158478605388273,1,0.357594936708861,0.884678747940692,0.592,0.605769230769231,0.306349206349206,0.315875613747954,1,0.300632911392405,1,0.298701298701299,0.490566037735849,0.319875776397516,1,0.302547770700637,0.303571428571429,0.307317073170732,0.309791332263242,1,0.289902280130293,1,0.4546875,0.310832025117739,1,0.310664605873261,1,0.605177993527508,0.304838709677419,1,0.309409888357257,0.298722044728434,0.315705128205128,0.987361769352291,0.31629392971246,1,0.312903225806452,1,0.311183144246353,1,0.607936507936508,0.288216560509554,0.0341463414634146,0.291935483870968,0.295527156549521,1,0.294685990338164,0.308777429467085,0.307210031347962,0.315286624203822,1,1,0.309446254071661,0.311290322580645,1,1,0.305511811023622,0.252782193958665,0.0214067278287462,0.7056,1,0.0016,0.303317535545024,1,0.308196721311475,0.300925925925926,0.304552590266876,0.998410174880763,1,1,0.315301391035549,0.304700162074554,0.305379746835443,0.686495176848875,0.301435406698565,1,0.325320512820513,1,1,0.43581616481775,0.315533980582524,0.301435406698565,0.307692307692308,0.29093799682035,0.302100161550889,0.665610142630745,1,1,0.308777429467085,0.00469483568075117,0.31924882629108,0.30564263322884,0.309409888357257,0.291139240506329,0.295238095238095,0.304821150855365,0.706624605678233,0.378716744913928,0.300469483568075,1,0.311688311688312,1,0.296178343949045,0.295161290322581,0.30048465266559,0.310679611650485,0.302479338842975,1,0.3109375,0.780290791599354,1,1,0.998360655737705,1,1,0.895161290322581,1,1,1,0.30188679245283,1,0.301666666666667,0,1,0.399688958009331,1,0.312297734627832,0.3056,0.305732484076433,0.434294871794872,1,0.309119010819165,1,1,1,1,0,0.292604501607717,1,1,0.309294871794872,1,0.309748427672956,1,1,0.294498381877023,0.310679611650485,0.290015847860539,0.156985871271586,0.311897106109325,0,0.616564417177914,1,0.307936507936508,0.308681672025723,0.589257503949447,1,1,0.312602291325696,0.318840579710145,1,0.673946957878315,0.709886547811994,0.294022617124394,0.306688417618271,0.993759750390016,0.324881141045959,0.287713841368585,1,0.303858520900322,0.291139240506329,1,0.296774193548387,0.309148264984227,0.301127214170692,0.311004784688995,1,1,1,0.295238095238095,0.31629392971246,0.00792393026941363,0.9936,0.313311688311688,1,1,0.292913385826772,0.31619937694704,0.289808917197452,0.312202852614897,0.30064308681672,1,0.300476947535771,0.305466237942122,0.581548599670511,1,0.829581993569132,1,0,1,0.3140625,1,1,0.437990580847724,1,0.312803889789303,1,0.3,0.297906602254428,0.304140127388535,1,1,0.302215189873418,0.382594417077176,0.633387888707038,0.291530944625407,1,1,1,0.311688311688312,1,0.221690590111643,1,1,1,1,0.311526479750779,1,0.309882747068677,0.318910256410256,0.6896,0.290322580645161,1,0.305732484076433,0.29874213836478,0.297029702970297,1,0.294573643410853,1,0.313084112149533,0.4656,0.313099041533546,0.307073954983923,0.291139240506329,1,0.307941653160454,0.295454545454545,1,1,0.307448494453249,0.298887122416534,1,0.488924050632911,0.303079416531605,0.316455696202532,0.318181818181818,0.688783570300158,1,0.28665568369028,1,0.431309904153355,0.291666666666667,0,0.874223602484472,0.314845024469821,0.307936507936508,0,0.033175355450237,0.979299363057325,0.301261829652997,1,0.303858520900322,0.305280528052805,1,0.314873417721519,0.306946688206785,0.682034976152623,1,0.3136,0.304,1,0.302884615384615,0.294407894736842,1,0.353035143769968,0.301612903225806,0.308641975308642,0.319422150882825,0.784251968503937,1,0.980613893376414,1,1,0.00159489633173844,1,0.993680884676145,1,0.445151033386327,0.998394863563403,0.290171606864275,0.993788819875776,0.319870759289176,0.996840442338073,0.621913580246914,0.655172413793103,0.309904153354633,0.290423861852433,0.659235668789809,0.309210526315789,0,0.65112540192926,0.700325732899023,0.305111821086262,0.00158227848101266,0.299363057324841,0.294303797468354,0.782113821138211,0.315789473684211,0.69170579029734,0.611111111111111,0.314102564102564,0.315873015873016,0.288643533123028,1,0.0290519877675841,0,0.313971742543171,0.314873417721519,0.323296354992076,1,0.3486529318542,0.303514376996805,1,0.296411856474259,0.939393939393939,0.584690553745928,1,1,0.994818652849741,0.305993690851735,0.625194401244168,0.304212168486739,0.298679867986799,0.299050632911392,0.444617784711388,1,0.299524564183835,1,0.308072487644152,0.301458670988655,1,0.31139646869984,1,0.310509554140127,1,1,0.313572542901716,0,1,0.313880126182965,1,0.553627760252366,1,0.528301886792453,1,0.549679487179487,1,0.299679487179487,1,1,1,0.305111821086262,0.312399355877617,0.305772230889236,0.334437086092715,0.355108877721943,0.289348171701113,1,0.304975922953451,1,1,0.310725552050473,0.306946688206785,0.296529968454259,0.369327073552426,0.30952380952381,1,1,0.319554848966614,0.310064935064935,0.643322475570033,0.610223642172524,0.3125,0.308562197092084,1,0.297939778129952,0.310291858678955,0.996768982229402,0.309951060358891,0.303174603174603,0,0.151799687010955,0.302100161550889,0.6875,0.30048465266559,0.307936507936508,0.612341772151899,0.996768982229402,0.303030303030303,1,0.307448494453249,0.339774557165862,0.304838709677419,0.458990536277603,0.308064516129032,1,0.312599681020734,0.311183144246353,0.323051948051948,0.693146417445483,1,0.315270935960591,0.306376360808709,0,0.304075235109718,1,0.952076677316294,1,0.301261829652997,0.311320754716981,0.310177705977383,0.600624024960998,1,0.59967845659164,0.319422150882825,1,1,0.963022508038585,0.694753577106518,0.317152103559871,0.337007874015748,0.311708860759494,0.306603773584906,1,1,0.523885350318471,0.650485436893204,1,1,1,0.694041867954911,1,0.3140625,0.690208667736758,1,0.314285714285714,0.31637519872814,0.304838709677419,0.998417721518987,1,0.661764705882353,0.316957210776545,1,1,0.30829420970266,0.30016051364366,1,0,0.297560975609756,0.294117647058824,0.00478468899521531,0.302034428794992,1,0.297253634894992,1,0.1578125,0,0.902021772939347,0.315286624203822,1,1,0,0.00155763239875389,0.307814992025518,1,0.304065040650407,0.998454404945904,0.295819935691318,1,0.998376623376623,0.963022508038585,0.784037558685446,1,1,0.00318979266347687,1,0.53476821192053,0.313001605136437,0.676656151419558,0.303656597774245,1,0.294770206022187,0.692429022082019,1,1,0.305691056910569,0.637059724349158,0.320126782884311,0.599369085173502,0.970967741935484,0.316129032258064,0.628751974723539,0.0128617363344051,0.299840510366826,0.309636650868878,0.304552590266876,1,0.655608214849921,0.298107255520505,0.884176182707993,0.605519480519481,0.965244865718799,1,1,0.303079416531605,0.320846905537459,0.305691056910569,0.299843014128728,0.302066772655008,0.630841121495327,0.292721518987342,0,0.696923076923077,0.998427672955975,0.318541996830428,0.288461538461538,0.310743801652893,0.31441717791411,0.618897637795276,1,0.319182389937107,0.325732899022801,0.31973898858075,0.312903225806452,0.302215189873418,0.305331179321486,0.202786377708978,0.685154975530179,0.3088,0.608214849921011,1,0.252351097178683,0.302215189873418,0.920529801324503,1,1,0.30298273155416,0.651828298887122,1,0.29635499207607,0.289308176100629,0.949429037520392,1,1,0.996763754045307,0.306603773584906,1,1,0.901587301587302,1,0.325471698113208,1,0.607553366174056,1,0.690363349131122,0.302066772655008,0.613924050632911,1,1,0.991883116883117,0.312597200622084,0.313385826771654,0.310965630114566,0.311320754716981,0.315181518151815,0.313213703099511,0.984051036682616,0.298412698412698,1,1,0.714285714285714,0,0.307086614173228,0.301587301587302,0.695447409733124,1,0.5744,0.315870570107858,0.668276972624799,0.300955414012739,0.305057096247961,1,0.2992,0.309719934102142,0.692182410423453,0.910743801652893,0.315467075038285,0.615262321144674,0.587662337662338,0.309636650868878,0.317384370015949,0.293460925039872,0.605723370429253,0.688995215311005,1,0.885350318471338,1,0.680817610062893,0.99837925445705,0.604838709677419,0.301435406698565,0.305825242718447,1,1,0.451768488745981,0.995176848874598,0.996884735202492,1,0.302066772655008,0.309178743961353,1,0.301684532924962,0.69811320754717,0.320634920634921,0.4688,0.285251215559157,0,0.300940438871473,1,1,0.607874015748031,0.00158982511923688,0.316211878009631,0.307443365695793,0.0960912052117264,0.415973377703827,1,1,0.299840510366826,1,0.430176565008026,1,0.31104199066874,0.597444089456869,0.314785373608903,0.298360655737705,1,0,1,0.300826446280992,0.313694267515924,1,1,1,0.443729903536977,1,0.306962025316456,0.641065830721003,0.313880126182965,0.309210526315789,0.00157977883096367,0.0448717948717949,1,0.642289348171701,1,0.306962025316456,0.311688311688312,1,1,0.171701112877583,0.299684542586751,1,0.9,1,0.3078125,0.214634146341463,0.685393258426966,1,1,1,1,1,0.279937791601866,0.297124600638978,1,0.125619834710744,0.00160771704180064,0.462145110410095,0,0.3104,1,0.692926045016077,1,1,0.887323943661972,1,0.694968553459119,1,1,1,1
"193",1,1,1,1,1,1,0.696343402225755,1,1,0.0966183574879227,1,0.0446153846153846,0.816037735849057,1,0.316279069767442,0.307931570762053,0.0622154779969651,0.683870967741935,1,1,0.29393468118196,0.310236220472441,1,0.153965785381026,1,0.327272727272727,0.319554848966614,1,1,0.788888888888889,0.315151515151515,0.737003058103975,0.967741935483871,0.316118935837246,0,1,0.53416149068323,1,0.308157099697885,1,0.662538699690402,0.675883256528418,0.691019786910198,1,1,0.319488817891374,0.311912225705329,0.310708898944193,0.32,0.327102803738318,0,1,0.311827956989247,1,1,0.511923688394277,0.540031397174254,1,1,1,0.336923076923077,0.312883435582822,0.320987654320988,0.675883256528418,1,1,0.0342679127725857,1,0.0571428571428571,0.322085889570552,1,0.328173374613003,0.324881141045959,0.963258785942492,0.503030303030303,1,0.310872894333844,0.338461538461538,1,0.326892109500805,0.0899053627760252,0.332293291731669,0.330721003134796,1,0.343799058084772,1,1,1,1,0.682737169517885,1,1,0.00156985871271586,0.104615384615385,1,0.0493827160493827,0,1,0.557692307692308,0.677215189873418,1,0.0544323483670296,0.31832298136646,1,0.321928460342146,1,0.691244239631336,1,0.317262830482115,0.322378716744914,0.329787234042553,1,0.325153374233129,1,0.482388973966309,1,0.312989045383412,0.290769230769231,0.33030303030303,0.32258064516129,0.480376766091052,1,0.322727272727273,0.322169059011164,1,0.304747320061256,1,1,0.322033898305085,0.551459293394777,1,0.3234375,1,0.0447761194029851,1,0.318731117824773,0.6732223903177,0.333333333333333,0.931888544891641,0.432038834951456,0.101880877742947,0.0953125,1,1,0.33489827856025,1,0.314674735249622,1,0.810852713178295,1,0.32755905511811,1,1,1,1,0.344086021505376,1,0.321766561514196,0.248854961832061,1,0.316358024691358,1,0.308641975308642,0.0862068965517241,1,0.3234375,1,1,1,0.333333333333333,1,0.338050314465409,1,0.313178294573643,1,0.320872274143302,0.0764525993883792,1,0.63768115942029,1,1,0.3203125,1,1,1,1,0.325,0.310502283105023,1,1,0.318250377073906,0.305511811023622,1,0.436055469953775,0.667164179104478,0,0.325688073394495,0.665137614678899,1,0.323170731707317,1,1,1,0.314152410575428,0.330792682926829,0.323717948717949,1,1,1,0,1,0.313291139240506,0.97196261682243,0.325077399380805,0.313455657492355,0.73497688751926,1,1,1,1,1,0.0432098765432099,0.315625,0.327666151468315,1,0.673879443585781,1,1,0.998420221169036,1,1,1,0.00305810397553517,0.308623298033283,1,0.3088,1,0.296466973886329,1,1,1,1,1,0.320872274143302,1,0.515007898894155,0.325471698113208,0.328267477203647,0.313385826771654,0.325984251968504,0.331746031746032,0.418897637795276,0.327160493827161,0.320552147239264,0.31832298136646,1,0.321875,1,0.687595712098009,0.31937984496124,0.305343511450382,0.335453100158982,1,1,1,0.251552795031056,0.319938176197836,1,0.316037735849057,0.329286798179059,0.320251177394035,0.328173374613003,0.684129429892142,1,0.332824427480916,0.322327044025157,1,0.295161290322581,1,0.312404287901991,0.3171875,1,1,1,0.536434108527132,1,0.683333333333333,0.0827067669172932,0.327666151468315,1,1,0.0973724884080371,0.325617283950617,0.331738437001595,1,1,0.307219662058372,0.0244274809160305,0.00158227848101266,1,1,0.339421613394216,0.998420221169036,1,0.308527131782946,1,1,0.31866464339909,1,1,1,1,0.324031007751938,0.307339449541284,0.327974276527331,1,1,0.670731707317073,0.315217391304348,1,0.31969696969697,0.302652106084243,1,1,1,1,1,0.333850931677019,1,1,0.108452950558214,0.331797235023041,0.493710691823899,0.313694267515924,0.669254658385093,0.321100917431193,1,0.31496062992126,0.337539432176656,0.254160363086233,0.322085889570552,1,0.328267477203647,1,1,1,0.320433436532508,0.321212121212121,1,0.924713584288052,0.0632911392405063,1,0.317829457364341,0.315625,0.315384615384615,1,0.340393343419062,0.462249614791988,0.321428571428571,0.30564263322884,0.324281150159744,0.308544303797468,1,0.325984251968504,1,1,0,1,0.327160493827161,1,1,1,0.327613104524181,1,0.317965023847377,1,0.847094801223242,1,1,1,0.315548780487805,1,1,0.313271604938272,0.321592649310873,1,1,0.322480620155039,0.183206106870229,1,1,1,0,0.3171875,1,0.315132605304212,0.242472266244057,1,0.672811059907834,0.437216338880484,1,1,0.66865671641791,0.698289269051322,0.350308641975309,1,0.322033898305085,1,1,0.3359375,1,1,0.00623052959501558,0.323343848580442,1,1,0.321711568938193,1,1,0.32,0.330246913580247,1,1,1,0.531393568147014,0.315467075038285,0.354889589905363,0.320417287630402,0.332302936630603,0.685805422647528,0.326656394453005,0.32967032967033,0.320493066255778,0.234375,0.32794830371567,1,0.327300150829563,1,0.31201248049922,0.081203007518797,0.0496987951807229,1,1,0.0385208012326656,1,0.682779456193353,0.0427480916030534,0.0109375,1,0.68167701863354,1,1,0.544740973312402,1,0,0.0721153846153846,1,1,1,0.327102803738318,0.644776119402985,0.692556634304207,0.993817619783617,1,0.983180428134557,0.309748427672956,0.334351145038168,1,0.304278922345483,1,0.370139968895801,0.104166666666667,0.312977099236641,0.3202416918429,0.332778702163062,1,0.0807926829268293,1,1,1,0.252279635258359,0.323343848580442,1,0.328050713153724,1,1,0.314728682170543,1,0.327844311377246,1,0.311526479750779,0.327586206896552,1,0.676656151419558,0.316341829085457,1,0.312101910828025,0.783742331288344,0.319083969465649,0.158778625954198,0.323922734026746,0.782270606531882,0.315619967793881,1,0.326625386996904,0.345565749235474,0.29483282674772,1,1,1,0.972624798711755,0.341269841269841,1,0.3232,1,0.325842696629214,0.316742081447964,1,1,1,0.91937984496124,1,0.311077389984825,0.317557251908397,1,1,0.0503937007874016,0.0783699059561129,1,1,0.30952380952381,1,1,0.318681318681319,1,1,0.671383647798742,0.524316109422492,1,0,1,1,0.0972644376899696,0.326120556414219,1,0.322429906542056,1,0.967238689547582,1,0.829457364341085,1,0.329581993569132,1,1,1,0,0.31629392971246,1,1,0.670846394984326,1,0.321928460342146,0.365030674846626,0.322378716744914,1,1,1,0.0867579908675799,0.322169059011164,0.0916271721958926,1,0.309090909090909,0.313755795981453,0.364485981308411,0,1,0.959814528593508,1,1,0.328660436137072,0.308510638297872,0.152996845425868,0.0378548895899054,0.323574730354391,0.315625,0.331797235023041,0.00156985871271586,0.318181818181818,1,0,0.31306990881459,1,1,1,0.321212121212121,0.32572298325723,0.0361635220125786,1,0.317683881064163,0.312883435582822,1,1,0.318461538461538,0.688206785137318,1,1,0.691107644305772,1,0.310030395136778,1,0.314728682170543,0.516768292682927,0.666163141993958,0.409022556390977,1,0.303759398496241,0.319444444444444,0.684210526315789,0.664605873261206,1,0.328197226502311,1,0.320668693009119,1,0.317829457364341,0.313971742543171,0.35981308411215,0.527950310559006,0.319554848966614,0.306836248012719,0.66046511627907,0.316590563165906,0.149038461538462,1,0,1,0.298273155416013,1,0,0.321316614420063,0.311605723370429,1,0.0528700906344411,1,0.0862068965517241,0.343307086614173,1,0.0629800307219662,0.66875,1,1,1,0.312101910828025,0.0396341463414634,1,0.422360248447205,0.0933125972006221,0.362095531587057,0.320987654320988,0.327692307692308,1,1,1,1,1,0.0643712574850299,0.995440729483283,0.672360248447205,0.00296296296296296,0.330232558139535,1,1,1,1,0.0830721003134796,0.314900153609831,1,1,1,1,1,1,0.477203647416413,0.0015748031496063,1,0.0852359208523592,0.324574961360124,0.434984520123839,1,0.402843601895735,0.317307692307692,0.317262830482115,1,0.0419254658385093,0.327188940092166,1,1,0.378205128205128,0.3125,0.312401883830455,0.325358851674641,1,0.327044025157233,0.324574961360124,0.411949685534591,0.32182103610675,0.975346687211094,0.317411402157165,0.0834645669291339,0.326086956521739,0,1,0.0914826498422713,0.306122448979592,0.31937984496124,0.328125,1,1,1,1,1,1,0.330683624801272,1,0.320373250388802,0.31986531986532,0.60490045941807,0.671383647798742,1,1,0,0.318461538461538,0.117647058823529,1,0.0329153605015674,1,1,0.31619937694704,1,1,0.62402496099844,0.41025641025641,0.995522388059702,0.0803149606299213,0.0965189873417722,1,1,1,0.0882352941176471,0,0.318318318318318,0.427906976744186,0.319083969465649,0,0.330128205128205,0.0871632329635499,1,1,0.32572298325723,0.326120556414219,0.240566037735849,0.333333333333333,0.314900153609831,0.317972350230415,1,1,0.32753164556962,1,0,1,0.21996879875195,1,0.670229007633588,1,0.316279069767442,0.312698412698413,0.0735068912710567,0.669218989280245,1,1,0.790951638065523,0.886914378029079,0.3198127925117,0.322683706070288,1,0.31832298136646,0.250783699059561,0.320967741935484,1,0.103975535168196,1,1,0.314728682170543,0.677830940988836,0.313479623824451,1,1,0.311248073959938,0.308166409861325,0.319634703196347,0.862284820031299,0.315955766192733,1,0.0577507598784195,1,1,0.691358024691358,0.637904468412943,0.328502415458937,0.0558139534883721,0.322981366459627,1,1,0.308777429467085,0.334890965732087,0.6046875,1,0.3125,0.375951293759513,0.315629742033384,0.987951807228916,0.474763406940063,0.00308641975308642,0.30781010719755,0.329738058551618,0.332278481012658,0.316455696202532,0.319277108433735,0.971212121212121,1,0.322981366459627,0.543720190779014,0.681318681318681,0.235474006116208,0.685303514376997,1,0.324655436447167,0.00158478605388273,0.335403726708075,0.317411402157165,0.369631901840491,0.326465927099842,0,0.336448598130841,0.322884012539185,0.334905660377358,0.316846986089645
"194",0.471153846153846,0.445820433436532,0.457496136012365,0.451104100946372,0.441679626749611,0.457757296466974,0.745542949756888,0.4578125,0.452566096423017,0.66984126984127,0.451863354037267,0.598173515981735,0.264240506329114,0.445652173913043,0.238095238095238,0.2453125,0.626153846153846,0.770731707317073,0.450949367088608,0.459627329192547,0.243710691823899,0.243670886075949,0.453149001536098,0.70625,0.467175572519084,0.237654320987654,0.238924050632911,0.425287356321839,0.461656441717791,0.2752,0.2484375,0.246130030959752,0.4140625,0.236024844720497,0.562998405103668,0.444262295081967,0.907378335949764,0.430534351145038,0.238670694864048,0.456883509833585,0.787974683544304,0.756172839506173,0.763888888888889,0.434850863422292,0.438985736925515,0.230031948881789,0.242138364779874,0.241221374045802,0.242990654205607,0.231007751937985,0.556923076923077,0.440381558028617,0.241960183767228,0.452012383900929,0.449386503067485,0.121212121212121,0.887658227848101,0.448979591836735,0.462848297213622,0.435857805255023,0.226993865030675,0.234741784037559,0.250798722044728,0.777429467084639,0.44408945686901,0.450617283950617,0.582802547770701,0.435257410296412,0.628571428571429,0.236280487804878,0.439878234398782,0.23963133640553,0.238782051282051,0.486223662884927,0.922480620155039,0.455098934550989,0.24375,0.218654434250765,0.454128440366972,0.234248788368336,0.652380952380952,0.236507936507937,0.241433021806854,0.444444444444444,0.227414330218069,0.448795180722892,0.451713395638629,0.432389937106918,0.446153846153846,0.753488372093023,0.450858034321373,0.440060698027314,0.564945226917058,0.654853620955316,0.434920634920635,0.596358118361153,0.562596599690881,0.432766615146832,0.906497622820919,0.772585669781931,0.452950558213716,0.626182965299685,0.255054432348367,0.453808752025932,0.233070866141732,0.447040498442368,0.76625386996904,0.468944099378882,0.22848200312989,0.239197530864198,0.237209302325581,0.458074534161491,0.225352112676056,0.433281004709576,0.934650455927052,0.451807228915663,0.241960183767228,0.845553822152886,0.22972972972973,0.235109717868339,0.9484375,0.445131375579598,0.231950844854071,0.231012658227848,0.442396313364055,0.245426829268293,0.452773613193403,0.449165402124431,0.88062015503876,0.471927162367223,0.441412520064205,0.233070866141732,0.449685534591195,0.590563165905632,0.44,0.23896499238965,0.768992248062015,0.241809672386895,0.379905808477237,0.353996737357259,0.671850699844479,0.652380952380952,0.4484375,0.440894568690096,0.24251968503937,0.457098283931357,0.235114503816794,0.450769230769231,0.272307692307692,0.438356164383562,0.23482428115016,0.454976303317536,0.456964006259781,0.447204968944099,0.443217665615142,0.218897637795276,0.451070336391437,0.21978021978022,0.798473282442748,0.449386503067485,0.248447204968944,0.457142857142857,0.2546875,0.653846153846154,0.442492012779553,0.229559748427673,0.466353677621283,0.446676970633694,0.434713375796178,0.230534351145038,0.457278481012658,0.23444976076555,0.446540880503145,0.228125,0.453525641025641,0.230524642289348,0.64031007751938,0.454828660436137,0.803542673107891,0.444267515923567,0.446511627906977,0.236593059936909,0.460093896713615,0.444094488188976,0.4484375,0.459752321981424,0.243328100470958,0.243865030674847,0.442675159235669,0.455108359133127,0.241112828438949,0.252782193958665,0.436055469953775,1,0.786466165413534,0.545454545454545,0.233128834355828,0.768388106416275,0.445112781954887,0.238601823708207,0.467741935483871,0.448854961832061,0.443234836702955,0.255813953488372,0.246177370030581,0.238782051282051,0.44812030075188,0.454838709677419,0.449922958397535,0.553090332805071,0.450310559006211,0.235015772870662,0.428125,0.226984126984127,0.238170347003155,0.666666666666667,0.431061806656101,0.45046439628483,0.436619718309859,0.468944099378882,0.45253164556962,0.60093896713615,0.228346456692913,0.241860465116279,0.445468509984639,0.769110764430577,0.438461538461538,0.442748091603053,0.452566096423017,0.452418096723869,0.453125,0.432228915662651,0.545038167938931,0.884498480243161,0.457757296466974,0.238546603475513,0.446708463949843,0.235384615384615,0.449165402124431,0.444099378881988,0.45440251572327,0.425196850393701,0.456730769230769,0.226917057902973,0.448062015503876,0.0799373040752351,0.2375,0.240369799691834,0.238993710691824,0.234741784037559,0.240249609984399,0.341232227488152,0.229709035222052,0.224806201550388,0.236024844720497,0.470948012232416,0.23208722741433,0.453821656050955,0.763888888888889,0.237717908082409,0.850837138508371,0.236024844720497,0.447284345047923,0.439749608763693,0.451104100946372,0.810047095761381,0.25462962962963,0.436532507739938,0.25,0.237878787878788,0.235114503816794,0.245749613601236,0.75625,0.447737909516381,0.231707317073171,0.244408945686901,0.437699680511182,0.233494363929147,0.439137134052388,0.231950844854071,0.245696400625978,0.446909667194929,0.449206349206349,0.457231726283048,0.918110236220472,0.431061806656101,0.764797507788162,0.654545454545455,0.221705426356589,0.460829493087558,0.4390625,0.66820987654321,0.233587786259542,0.236421725239617,0.443548387096774,0.449920508744038,0.243788819875776,0.581143740340031,0.5453125,0.454253611556982,0.44620253164557,0.234398782343988,0.447409733124019,0.460960960960961,0.241538461538462,0.456086286594761,0.461897356143079,0.233542319749216,0.452418096723869,0.447204968944099,0.452160493827161,0.447784810126582,0.231839258114374,0.250379362670713,0.238095238095238,0.451968503937008,0.437598736176935,0.769938650306748,0.227707006369427,0.451043338683788,0.234567901234568,0.246894409937888,0.454407294832827,0.4375,0.452566096423017,0.4515625,0.45046439628483,0.2326656394453,0.452950558213716,0.458267716535433,0.674121405750799,0.223583460949464,0.393700787401575,0.250393700787402,0.755485893416928,0.247311827956989,0.446293494704992,0.248025276461295,0.231974921630094,0.816770186335404,0.238828967642527,0.442675159235669,0.241691842900302,0.448062015503876,0.448698315467075,0.443932411674347,0.227554179566563,0.242331288343558,0.445300462249615,0.361290322580645,0.629337539432177,0.459069020866774,0.241379310344828,0.238317757009346,0.235015772870662,0.438985736925515,0.234848484848485,0.950078003120125,0.241486068111455,0.228878648233487,0.234920634920635,0.234548335974643,0.437694704049844,0.245669291338583,0.444991789819376,0.44375,0.560185185185185,0.456279809220986,0.230889235569423,0.45565749235474,0.446153846153846,0.445880452342488,0.237341772151899,0.450076804915515,0.23208722741433,0.449848024316109,0.289676425269646,0.456692913385827,0.451355661881978,0.434108527131783,0.245454545454545,0.440758293838863,0.454545454545455,0.240683229813665,0.243451463790447,0.437596302003082,0.451010886469673,0.234567901234568,0.745839636913767,0.455128205128205,0.449230769230769,0.433990895295903,0.546850998463902,0.236044657097289,0.441786283891547,0.24,0.821316614420063,0.46129541864139,0.764976958525346,0.120980091883614,0.450393700787402,0.445300462249615,0.770614692653673,0.744945567651633,0.222222222222222,0.453560371517028,0.233644859813084,0.441679626749611,0.441747572815534,0.243328100470958,0.44031007751938,0.450310559006211,0.567901234567901,0.230889235569423,0.458730158730159,0.42654028436019,0.246467817896389,0.451713395638629,0.448330683624801,0.234920634920635,0.886153846153846,0.436220472440945,0.432515337423313,0.443234836702955,0.0741885625965997,0.246913580246914,0.270061728395062,0.238601823708207,0.247278382581649,0.761904761904762,0.231124807395994,0.2203125,0.236722306525038,0.8078125,0.241653418124006,0.450920245398773,0.237442922374429,0.446031746031746,0.242283950617284,0.646176911544228,0.605546995377504,0.459541984732824,0.458204334365325,0.590417310664606,0.461049284578696,0.764079147640791,0.600614439324117,0.570754716981132,0.439324116743472,0.771293375394322,0.45625,0.456521739130435,0.468847352024922,0.442040185471406,0.542056074766355,0.650717703349282,0.444094488188976,0.457886676875957,0.466049382716049,0.231139646869984,0.797058823529412,0.756756756756757,0.46048632218845,0.434108527131783,0.418960244648318,0.248037676609105,0.891304347826087,0.44375,0.236677115987461,0.462249614791988,0.182527301092044,0.6672,0.235747303543914,0.23583460949464,0.23489932885906,0.45662100456621,0.639817629179331,0.449010654490107,0.442088091353997,0.449297971918877,0.81055900621118,0.24,0.466353677621283,0.240369799691834,0.450479233226837,0.432907348242812,0.245775729646697,0.443037974683544,0.248875562218891,0.438871473354232,0.234276729559748,0.248818897637795,0.439749608763693,0.760869565217391,0.243076923076923,0.436728395061728,0.22992125984252,0.284820031298905,0.256060606060606,0.725038402457757,0.233687405159332,0.273291925465839,0.253543307086614,0.460191082802548,0.240683229813665,0.226244343891403,0.2660406885759,0.45141065830721,0.451923076923077,0.451761102603369,0.403225806451613,0.902800658978583,0.453689167974882,0.215070643642072,0.44496855345912,0.25518341307815,0.225656877897991,0.449139280125196,0.441497659906396,0.442073170731707,0.3734375,0.451274362818591,0.25077399380805,0.238828967642527,0.430981595092025,0.441269841269841,0.614896988906498,0.65615141955836,0.462365591397849,0.43879173290938,0.247244094488189,0.460708782742681,0.459214501510574,0.248037676609105,0.454838709677419,0.448916408668731,0.762052877138414,0.92412746585736,0.442724458204334,0.558734939759036,0.45583596214511,0.451863354037267,0.655384615384615,0.241653418124006,0.444094488188976,0.222047244094488,0.454545454545455,0.429477020602219,0.460218408736349,0.287692307692308,0.451968503937008,0.248397435897436,0.445141065830721,0.441269841269841,0.441640378548896,0.540458015267176,0.253658536585366,0.436507936507937,0.453435114503817,0.764890282131661,0.440366972477064,0.235478806907378,0.187981510015408,0.245641838351823,0.455538221528861,0.443234836702955,0.454258675078864,0.662595419847328,0.239747634069401,0.656,0.441176470588235,0.255384615384615,0.243491577335375,0.214953271028037,0.554160125588697,0.446177847113885,0.403726708074534,0.444104134762634,0.448540706605223,0.229329173166927,0.237313432835821,0.719492868462758,0.603174603174603,0.25,0.232339089481947,0.23159509202454,0.5424,0.23374613003096,0.43030303030303,0.559875583203733,0.234930448222566,0.439509954058193,0.450236966824645,0.449685534591195,0.235023041474654,0.238461538461538,0.588330632090762,0.446676970633694,0.256692913385827,0.244548286604361,0.459293394777266,0.461300309597523,0.242612752721617,0.756843800322061,0.448494453248811,0.444444444444444,0.784469096671949,0.450381679389313,0.25531914893617,0.468553459119497,0.244131455399061,0.914764079147641,0.772865853658537,0.356060606060606,0.44392523364486,0.241221374045802,0.238461538461538,0.754601226993865,0.770992366412214,0.43613707165109,0.240566037735849,0.43968253968254,0.231818181818182,0.4484375,0.241433021806854,0.23861852433281,0.200617283950617,0.47900466562986,0.238170347003155,0.244897959183673,0.7859375,0.247648902821317,0.726537216828479,0.447619047619048,0.576036866359447,0.447166921898928,0.244479495268139,0.450949367088608,0.562009419152276,0.247261345852895,0.237717908082409,0.454976303317536,0.621621621621622,0.43730407523511,0.662480376766091,0.218009478672986,0.435054773082942,0.622119815668203,0.789147286821705,0.43956043956044,0.44822256568779,0.443234836702955,0.237942122186495,0.608169440242057,0.444099378881988,0.140157480314961,0.646592709984152,0.208841463414634,0.23159509202454,0.237730061349693,0.455108359133127,0.4192,0.458990536277603,0.447368421052632,0.442396313364055,0.620845921450151,0.464506172839506,0.768875192604006,0.555389221556886,0.241112828438949,0.437990580847724,0.470957613814757,0.4446227929374,0.448757763975155,0.643302180685358,0.249240121580547,0.436055469953775,0.436220472440945,0.438709677419355,0.447409733124019,0.440993788819876,0.453834115805947,0.939117199391172,0.560821484992101,0.450549450549451,0.642526964560863,0.24191063174114,0.963358778625954,0.448916408668731,0.187993680884676,0.250401284109149,0.233128834355828,0.453703703703704,0.602803738317757,0.235474006116208,0.441176470588235,0.469325153374233,0.19872813990461,0.226851851851852,0.235015772870662,0.240770465489567,0.442367601246106,0.250798722044728,0.238461538461538,0.352664576802508,0.241057542768274,0.405529953917051,0.239819004524887,0.656101426307448,0.236111111111111,0.553158705701079,0.450549450549451,0.637795275590551,0.247648902821317,0.251956181533646,0.244479495268139,0.446676970633694,0.442546583850932,0.4544,0.436447166921899,0.45933014354067,0.451612903225806,0.230524642289348,0.450532724505327,0.2421875,0.230769230769231,0.515337423312883,0.761006289308176,0.453560371517028,0.447204968944099,0.553680981595092,0.238601823708207,0.681818181818182,0.442942942942943,0.587677725118483,0.450704225352113,0.451612903225806,0.230407523510972,0.464506172839506,0.453376205787781,0.562300319488818,0.338118022328549,0.451564828614009,0.630914826498423,0.668253968253968,0.45125786163522,0.43968253968254,0.448916408668731,0.65987460815047,0.555727554179567,0.235384615384615,0.136434108527132,0.253414264036419,0.553544494720965,0.227129337539432,0.647798742138365,0.459119496855346,0.448,0.243202416918429,0.245341614906832,0.816326530612245,0.229032258064516,0.242658423493045,0.235384615384615,0.453978159126365,0.448598130841121,0.240126382306477,0.454680534918276,0.567233384853168,0.447784810126582,0.776729559748428,0.457231726283048,0.775,0.455384615384615,0.231124807395994,0.246794871794872,0.641653905053599,0.76661514683153,0.448657187993681,0.43701399688958,0.665620094191523,0.518225039619651,0.229329173166927,0.238782051282051,0.453292496171516,0.23015873015873,0.81974921630094,0.248012718600954,0.434049079754601,0.655384615384615,0.456086286594761,0.45859872611465,0.222741433021807,0.7508038585209,0.236677115987461,0.454833597464342,0.447784810126582,0.24,0.242612752721617,0.229483282674772,0.519747235387046,0.230283911671924,0.457278481012658,0.621913580246914,0.448916408668731,0.448387096774194,0.760242792109256,0.810344827586207,0.229903536977492,0.615625,0.23208722741433,0.453416149068323,0.437699680511182,0.232449297971919,0.225856697819315,0.824534161490683,0.44,0.24054462934947,0.349618320610687,0.24537037037037,0.479326186830015,0.960380348652932,0.552795031055901,0.243451463790447,0.235649546827795,0.228571428571429,0.245614035087719,0.230182926829268,0.483282674772036,0.463414634146341,0.245723172628305,0.901116427432217,0.774091627172196,0.787692307692308,0.753246753246753,0.442338072669826,0.225114854517611,0.567307692307692,0.222734254992319,0.235294117647059,0.361934477379095,0.231496062992126,0.562883435582822,0.236842105263158,0.250388802488336,0.224358974358974,0.244514106583072
"195",0.692660550458716,0.671232876712329,0.669150521609538,0.661585365853659,0.674242424242424,0.67427701674277,0.973724884080371,0.670212765957447,0.674735249621785,0.45046439628483,0.667682926829268,0.375748502994012,0.469418960244648,0.673559822747415,0.0196374622356495,0.0242424242424242,0.403587443946188,0.980982567353407,0.660522273425499,0.670713201820941,0.0226586102719033,0.0196078431372549,0.663677130044843,0.505279034690799,0.683357879234168,0.0193164933135215,0.0201863354037267,0.65615141955836,0.680534918276374,0.457627118644068,0.024024024024024,0.387387387387387,0.619469026548673,0.018018018018018,0.343939393939394,0.680379746835443,0.880121396054628,0.664688427299703,0.0232896652110626,0.68685376661743,0.983231707317073,0.98355754857997,0.980712166172107,0.65284178187404,0.670731707317073,0.0198473282442748,0.0138036809815951,0.0207100591715976,0.0223214285714286,0.0192878338278932,0.32781954887218,0.654434250764526,0.0222551928783383,0.664179104477612,0.673163418290855,0.163884673748103,0.900459418070444,0.665158371040724,0.681614349775785,0.657142857142857,0.0163690476190476,0.0196374622356495,0.0184049079754601,0.989296636085627,0.679012345679012,0.672205438066465,0.355521936459909,0.660606060606061,0.396778916544656,0.0206185567010309,0.668665667166417,0.0196671709531014,0.0183767228177642,0.706336939721793,0.86377245508982,0.665217391304348,0.0193452380952381,0.01620029455081,0.670118343195266,0.0202492211838006,0.417177914110429,0.0153609831029186,0.0211480362537764,0.6602658788774,0.0181543116490166,0.659883720930233,0.671709531013616,0.652430044182622,0.667168674698795,0.983630952380952,0.679566563467492,0.657018813314038,0.332326283987915,0.436764705882353,0.67687595712098,0.37592867756315,0.327769347496206,0.674591381872214,0.900153609831029,0.980122324159021,0.671150971599402,0.396369137670197,0.0180995475113122,0.676470588235294,0.0245022970903522,0.663650075414781,0.977611940298508,0.667175572519084,0.0225225225225225,0.019578313253012,0.0207715133531157,0.678195488721804,0.0134529147982063,0.667669172932331,0.814055636896047,0.677325581395349,0.018018018018018,0.644873699851412,0.0220913107511046,0.0214395099540582,0.818318318318318,0.676646706586826,0.0191740412979351,0.0171875,0.665185185185185,0.0238805970149254,0.66957787481805,0.669603524229075,0.649175412293853,0.266961651917404,0.660493827160494,0.0196374622356495,0.665653495440729,0.381656804733728,0.654961832061069,0.023598820058997,0.981927710843373,0.0196078431372549,0.604580152671756,0.141304347826087,0.436641221374046,0.423135464231355,0.674174174174174,0.666666666666667,0.0196374622356495,0.677272727272727,0.0192023633677991,0.678678678678679,0.483483483483483,0.663716814159292,0.0184899845916795,0.673621460506706,0.67530487804878,0.670212765957447,0.667173252279635,0.0212443095599393,0.68018018018018,0.0212443095599393,0.585798816568047,0.664697193500739,0.0207100591715976,0.665198237885463,0.0209580838323353,0.428790199081164,0.668730650154799,0.0185185185185185,0.666666666666667,0.677514792899408,0.654078549848943,0.0165413533834586,0.659574468085106,0.0121951219512195,0.668702290076336,0.0151515151515152,0.663507109004739,0.0182926829268293,0.42089552238806,0.684131736526946,0.986024844720497,0.689708141321045,0.672205438066465,0.0197869101978691,0.677611940298507,0.664652567975831,0.6732223903177,0.658646616541353,0.0184331797235023,0.0178041543026706,0.6578125,0.66965620328849,0.0208955223880597,0.0214067278287462,0.667164179104478,0.786466165413534,1,0.324324324324324,0.0212121212121212,0.98644578313253,0.670694864048338,0.023598820058997,0.671274961597542,0.68,0.668674698795181,0.0209895052473763,0.0192592592592593,0.02,0.655882352941176,0.672386895475819,0.673621460506706,0.33641975308642,0.684129429892142,0.018348623853211,0.644578313253012,0.0184331797235023,0.0213414634146341,0.580060422960725,0.666158536585366,0.664670658682635,0.662141779788839,0.678092399403875,0.674884437596302,0.379154078549849,0.0196671709531014,0.0209267563527653,0.676077265973254,0.985119047619048,0.666666666666667,0.669096209912536,0.670229007633588,0.672592592592593,0.688073394495413,0.666666666666667,0.310650887573964,0.663716814159292,0.679582712369598,0.0167173252279635,0.671212121212121,0.0210526315789474,0.678678678678679,0.676783004552352,0.678353658536585,0.656012176560122,0.683881064162754,0.0166666666666667,0.666666666666667,0.188650306748466,0.0179372197309417,0.0179372197309417,0.0138461538461538,0.0196374622356495,0.0245398773006135,0.127329192546584,0.0225225225225225,0.0163204747774481,0.016566265060241,0.66962962962963,0.0226928895612708,0.66403785488959,0.983847283406755,0.0180451127819549,0.63946587537092,0.0197268588770865,0.658093797276853,0.660578386605784,0.666163141993958,0.602719033232628,0.0226244343891403,0.662739322533137,0.0230414746543779,0.0146842878120411,0.0149925037481259,0.0224550898203593,0.983333333333333,0.678407350689127,0.0210526315789474,0.0185185185185185,0.661676646706587,0.0186335403726708,0.660237388724036,0.0177514792899408,0.017910447761194,0.674809160305344,0.665130568356375,0.678733031674208,0.864583333333333,0.670278637770898,0.978658536585366,0.424817518248175,0.019578313253012,0.670623145400593,0.669207317073171,0.43609022556391,0.0207715133531157,0.0215384615384615,0.659442724458204,0.659509202453988,0.022189349112426,0.36144578313253,0.313455657492355,0.678353658536585,0.671339563862928,0.0176211453744493,0.668202764976959,0.67489114658926,0.0207100591715976,0.670180722891566,0.67910447761194,0.0179910044977511,0.675265553869499,0.674347158218126,0.67616191904048,0.670196671709531,0.0197268588770865,0.0220264317180617,0.0158227848101266,0.682852807283763,0.673780487804878,0.974889217134417,0.0106060606060606,0.657364341085271,0.0133333333333333,0.0196969696969697,0.676557863501484,0.663204747774481,0.680597014925373,0.670788253477589,0.673134328358209,0.0214395099540582,0.68140243902439,0.681957186544342,0.453416149068323,0.0193452380952381,0.18910741301059,0.0214067278287462,0.977477477477477,0.0223214285714286,0.664705882352941,0.0197268588770865,0.0211161387631976,0.599702380952381,0.0207715133531157,0.660550458715596,0.0177514792899408,0.675384615384615,0.677321156773212,0.680534918276374,0.0181818181818182,0.017910447761194,0.669128508124077,0.586583463338534,0.401515151515151,0.690658499234303,0.0207715133531157,0.0184331797235023,0.0167682926829268,0.665116279069767,0.0163447251114413,0.816944024205749,0.0209895052473763,0.0242792109256449,0.0216049382716049,0.0197869101978691,0.667166416791604,0.0231124807395994,0.669278996865204,0.655589123867069,0.340361445783133,0.671232876712329,0.0182094081942337,0.667166416791604,0.667159763313609,0.671274961597542,0.0227617602427921,0.67910447761194,0.0231839258114374,0.660818713450292,0.504504504504504,0.668665667166417,0.667173252279635,0.674626865671642,0.0211800302571861,0.671732522796353,0.671232876712329,0.0239880059970015,0.0196078431372549,0.660633484162896,0.671191553544495,0.0209267563527653,0.547864506627393,0.668711656441718,0.661169415292354,0.667655786350148,0.330815709969789,0.0201550387596899,0.692307692307692,0.0211800302571861,0.595744680851064,0.670694864048338,0.978947368421053,0.104874446085672,0.666151468315301,0.665667166416792,0.984057971014493,0.94969512195122,0.0075187969924812,0.670180722891566,0.0209895052473763,0.672281776416539,0.6765625,0.0213414634146341,0.663677130044843,0.670245398773006,0.346268656716418,0.0181543116490166,0.665130568356375,0.663622526636225,0.0213089802130898,0.67218045112782,0.673846153846154,0.0183767228177642,0.686478454680535,0.669724770642202,0.670180722891566,0.659606656580938,0.173590504451039,0.0192307692307692,0.0393939393939394,0.0190058479532164,0.0239880059970015,0.981707317073171,0.0162481536189069,0.015015015015015,0.0177514792899408,0.585218702865762,0.0138461538461538,0.678571428571429,0.0147710487444609,0.661608497723824,0.0134328358208955,0.41726618705036,0.383703703703704,0.666666666666667,0.671554252199413,0.373692077727952,0.671802773497689,0.983606557377049,0.384615384615385,0.323795180722892,0.665178571428571,0.983458646616541,0.6732223903177,0.681137724550898,0.258859784283513,0.661169415292354,0.331334332833583,0.421779141104294,0.672230652503794,0.672082717872969,0.685714285714286,0.0152671755725191,0.991341991341991,0.977883096366509,0.666666666666667,0.661144578313253,0.652694610778443,0.018018018018018,0.682962962962963,0.675635276532138,0.0201238390092879,0.687964338781575,0.0390977443609023,0.454268292682927,0.0179910044977511,0.0205882352941176,0.0162074554294976,0.664688427299703,0.400593471810089,0.669161676646707,0.675384615384615,0.667678300455235,0.591654247391952,0.0213740458015267,0.680365296803653,0.0229007633587786,0.66306027820711,0.666666666666667,0.0209267563527653,0.673252279635258,0.021551724137931,0.667170953101362,0.0181543116490166,0.0226586102719033,0.673590504451039,0.981845688350983,0.0206185567010309,0.661169415292354,0.0107692307692308,0.415915915915916,0.0219298245614035,0.514074074074074,0.0244956772334294,0.413010590015129,0.0216383307573416,0.667692307692308,0.0178837555886736,0.0207715133531157,0.020497803806735,0.671171171171171,0.663608562691132,0.668141592920354,0.638888888888889,0.689167974882261,0.673684210526316,0.0152905198776758,0.66464339908953,0.0247295208655332,0.0221565731166913,0.666666666666667,0.668730650154799,0.664705882352941,0.599695585996956,0.662721893491124,0.0192307692307692,0.0226586102719033,0.661721068249258,0.666666666666667,0.389230769230769,0.420647149460709,0.672230652503794,0.667692307692308,0.0214723926380368,0.681547619047619,0.675036927621861,0.0226928895612708,0.68380062305296,0.667164179104478,0.980243161094225,0.882440476190476,0.673282442748092,0.334306569343066,0.676783004552352,0.661266568483063,0.424153166421208,0.0222551928783383,0.67530487804878,0.0164917541229385,0.672205438066465,0.634703196347032,0.671732522796353,0.515555555555556,0.668195718654434,0.0200617283950617,0.665667166416792,0.666666666666667,0.657935285053929,0.325337331334333,0.0217391304347826,0.661514683153014,0.668161434977579,0.978915662650602,0.666167664670659,0.0196671709531014,0.036144578313253,0.0195488721804511,0.665165165165165,0.666666666666667,0.667687595712098,0.430249632892805,0.0229709035222052,0.416282642089094,0.653188180404355,0.0192023633677991,0.0208643815201192,0.0178041543026706,0.338905775075988,0.654490106544901,0.626686656671664,0.671130952380952,0.672082717872969,0.0198473282442748,0.0220588235294118,0.504545454545455,0.382621951219512,0.0226244343891403,0.0256797583081571,0.0237037037037037,0.326687116564417,0.0196374622356495,0.664723032069971,0.326251896813354,0.0224550898203593,0.658170914542729,0.672754946727549,0.665667166416792,0.0192592592592593,0.0177514792899408,0.3765625,0.662632375189107,0.024024024024024,0.0164179104477612,0.666666666666667,0.683257918552036,0.021021021021021,0.97626582278481,0.672307692307692,0.682370820668693,0.98937784522003,0.677941176470588,0.0238095238095238,0.676380368098159,0.0213414634146341,0.878299120234604,0.980825958702065,0.128654970760234,0.656716417910448,0.0164424514200299,0.0183206106870229,0.980509745127436,0.982169390787519,0.66969696969697,0.0206794682422452,0.675840978593272,0.0176730486008837,0.668683812405446,0.0197268588770865,0.0214723926380368,0.027355623100304,0.241641337386018,0.0197268588770865,0.0213089802130898,0.989312977099237,0.0177514792899408,0.503134796238245,0.665144596651446,0.34020618556701,0.65922619047619,0.0166919575113809,0.677661169415292,0.337331334332834,0.0179910044977511,0.0216049382716049,0.675465838509317,0.400291120815138,0.661242603550296,0.436555891238671,0.0226244343891403,0.653905053598775,0.414561664190193,0.989489489489489,0.675595238095238,0.659670164917541,0.66865671641791,0.0170807453416149,0.377581120943953,0.678092399403875,0.0936555891238671,0.43558282208589,0.0263543191800878,0.0222882615156018,0.0192592592592593,0.672106824925816,0.651162790697674,0.676923076923077,0.66969696969697,0.674174174174174,0.402349486049927,0.685212298682284,0.982008995502249,0.34149855907781,0.0193740685543964,0.666666666666667,0.677760968229955,0.675925925925926,0.665676077265973,0.407462686567164,0.0220264317180617,0.649776453055142,0.653153153153153,0.658950617283951,0.667682926829268,0.674626865671642,0.685410334346505,0.824224519940916,0.337367624810893,0.665158371040724,0.414307004470939,0.0209895052473763,0.784313725490196,0.671709531013616,0.0623052959501558,0.0155038759689922,0.0208643815201192,0.667651403249631,0.379671150971599,0.0191740412979351,0.667638483965015,0.685410334346505,0.0350609756097561,0.0196671709531014,0.0209580838323353,0.0184049079754601,0.659763313609467,0.0199386503067485,0.0207407407407407,0.130500758725341,0.0180995475113122,0.642433234421365,0.0205882352941176,0.43206106870229,0.0164670658682635,0.345080763582966,0.680916030534351,0.425339366515837,0.0226244343891403,0.0180451127819549,0.0229709035222052,0.659701492537313,0.656156156156156,0.663551401869159,0.667664670658683,0.670278637770898,0.66358024691358,0.0122324159021407,0.676557863501484,0.0212121212121212,0.0192616372391653,0.301659125188537,0.98297213622291,0.662222222222222,0.672619047619048,0.333333333333333,0.0192307692307692,0.454682779456193,0.664723032069971,0.366515837104072,0.669195751138088,0.679506933744222,0.0199386503067485,0.674846625766871,0.673469387755102,0.338983050847458,0.118461538461538,0.667146974063401,0.418569254185693,0.449386503067485,0.667161961367013,0.658093797276853,0.680365296803653,0.426179604261796,0.332335329341317,0.0164670658682635,0.0928462709284627,0.0207407407407407,0.33920704845815,0.0138461538461538,0.427035330261137,0.672672672672673,0.666160849772382,0.0206489675516224,0.0193452380952381,0.586726998491704,0.0107692307692308,0.0178041543026706,0.0209267563527653,0.680428134556575,0.656716417910448,0.0168195718654434,0.667630057803468,0.335820895522388,0.649175412293853,0.559939301972686,0.691603053435115,0.982300884955752,0.674107142857143,0.0180995475113122,0.0214723926380368,0.427719821162444,0.980712166172107,0.659670164917541,0.661016949152542,0.876899696048632,0.587692307692308,0.0198170731707317,0.0169230769230769,0.667168674698795,0.0182926829268293,0.601526717557252,0.0218068535825545,0.663250366032211,0.427934621099554,0.661218424962853,0.673879443585781,0.0176991150442478,0.980182926829268,0.0183767228177642,0.679012345679012,0.66358024691358,0.0196374622356495,0.0210526315789474,0.0177514792899408,0.552995391705069,0.0199081163859112,0.662141779788839,0.395833333333333,0.656203288490284,0.656441717791411,0.982142857142857,0.980480480480481,0.0244274809160305,0.391768292682927,0.0151745068285281,0.658646616541353,0.659442724458204,0.0211480362537764,0.0165912518853695,0.852187028657617,0.675635276532138,0.0205882352941176,0.125,0.0206794682422452,0.673163418290855,0.82370820668693,0.336322869955157,0.0194029850746269,0.0190615835777126,0.0198473282442748,0.0217054263565891,0.023598820058997,0.706056129985229,0.678843226788432,0.0181543116490166,0.903426791277259,0.983206106870229,0.57593984962406,0.979782270606532,0.662121212121212,0.0180722891566265,0.330289193302892,0.0182094081942337,0.0150375939849624,0.132243684992571,0.0199386503067485,0.327868852459016,0.0196969696969697,0.0185185185185185,0.0152439024390244,0.0179640718562874
"196",0,0,0,0,0,0,0.297427652733119,0,0,0.898876404494382,0,0.950793650793651,0.199367088607595,0,0.68621236133122,0.705047318611987,0.932098765432099,0.305418719211823,0,0,0.712680577849117,0.695721077654517,0,0.836671802773498,0,0.673374613003096,0.6944,0,0,0.221350078492936,0.69170579029734,0.275541795665635,0.0369230769230769,0.699367088607595,1,0,0.458860759493671,0,0.707951070336391,0,0.325038880248834,0.321372854914197,0.297546012269939,0,0,0.689210950080515,0.695787831513261,0.7,0.685099846390169,0.677115987460815,1,0,0.691717791411043,0,0,0.515055467511886,0.434294871794872,0,0,0,0.672868217054264,0.686028257456829,0.677777777777778,0.317034700315457,0,0,0.955696202531646,0,0.938805970149254,0.691472868217054,0,0.686520376175549,0.681672025723473,0.0325732899022801,0.478193146417445,0,0.700934579439252,0.666151468315301,0,0.693548387096774,0.908496732026144,0.684952978056426,0.677777777777778,0,0.667185069984448,0,0,0,0,0.294753086419753,0,0,0.998430141287284,0.89010989010989,0,0.951293759512938,1,0,0.431855500821018,0.312202852614897,0,0.941176470588235,0.698234349919743,0,0.694488188976378,0,0.309119010819165,0,0.686520376175549,0.690851735015773,0.685670261941448,0,0.68125,0,0.498442367601246,0,0.689873417721519,0.696319018404908,0.685847589424572,0.68503937007874,0.508607198748044,0.00157232704402516,0.685185185185185,0.695721077654517,0,0.704866562009419,0,0,0.662015503875969,0.446319018404908,0,0.690251572327044,0,0.956651718983557,0,0.69359756097561,0.309968847352025,0.678683385579937,0.0721003134796238,0.567260940032415,0.891679748822606,0.899212598425197,0,0,0.677018633540373,0,0.686746987951807,0,0.207430340557276,0,0.67981072555205,0,0,0,0,0.676609105180534,0,0.686305732484076,0.741935483870968,0,0.70015455950541,0,0.705974842767296,0.90894819466248,0,0.686708860759494,0,0,0,0.672782874617737,0,0.673405909797823,0,0.70364500792393,0,0.689763779527559,0.920807453416149,0,0.360522022838499,0,0,0.6848,0,0,0,0,0.682965299684543,0.70125786163522,0,0.00155038759689922,0.687402799377916,0.7056,0,0.545454545454545,0.324324324324324,1,0.691107644305772,0.327102803738318,0,0.680555555555556,0,0.00155038759689922,0,0.686335403726708,0.678955453149002,0.678343949044586,0,0,0,1,0,0.6976,0.0293663060278207,0.685624012638231,0.700156985871272,0.245669291338583,0,0,0,0,0,0.954616588419405,0.688783570300158,0.686728395061728,0,0.306501547987616,0,0,0.00158982511923688,0.00153374233128834,0,0,0.996913580246914,0.673748103186646,0,0.69826224328594,0,0.703588143525741,0,0,0,0,0,0.68125,0,0.503194888178914,0.68125,0.678407350689127,0.696343402225755,0.688575899843505,0.675,0.580952380952381,0.674454828660436,0.693972179289026,0.696261682242991,0,0.681962025316456,0,0.306184012066365,0.691107644305772,0.686544342507645,0.671406003159558,0,0,0,0.735614307931571,0.695178849144635,0,0.685990338164251,0.677966101694915,0.697492163009404,0.686821705426357,0.304347826086957,0,0.685271317829457,0.694136291600634,0,0.7,0,0.691358024691358,0.7,0,0,0,0.44392523364486,0,0.302795031055901,0.914503816793893,0.683229813664596,0,0,0.897990726429675,0.6890625,0.681089743589744,0,0,0.69701726844584,0.975193798449612,0.998417721518987,0,0,0.674382716049383,0.00155038759689922,0,0.70077519379845,0,0,0.689335394126739,0,0,0,0,0.68025078369906,0.697852760736196,0.679611650485437,0,0,0.325077399380805,0.690625,0,0.690993788819876,0.706624605678233,0,0,0.0015600624024961,0,0,0.682034976152623,0,0,0.890499194847021,0.670826833073323,0.507177033492823,0.695924764890282,0.315625,0.688575899843505,0,0.697115384615385,0.67304625199362,0.727692307692308,0.683969465648855,0,0.679699248120301,0,0,0,0.701863354037267,0.688372093023256,0.00152905198776758,0.0763116057233704,0.93312101910828,0,0.685847589424572,0.6848,0.696875,0,0.678461538461538,0.519623233908948,0.68167701863354,0.7088,0.694041867954911,0.689984101748808,0,0.691693290734824,0,0,1,0,0.684126984126984,0,0,0,0.682389937106918,0,0.697115384615385,0,0.171779141104294,0,0,0,0.691107644305772,0,0,0.698289269051322,0.693037974683544,0,0,0.693877551020408,0.802163833075734,0,0.0015527950310559,0,1,0.687196110210697,0,0.699376947040498,0.74685534591195,0,0.30781010719755,0.568835098335855,0,0,0.314759036144578,0.294117647058824,0.66403785488959,0,0.687797147385103,0,0,0.680817610062893,0,0.00158227848101266,0.993710691823899,0.680314960629921,0,0,0.6896,0,0,0.69620253164557,0.659509202453988,0,0,0,0.474576271186441,0.695787831513261,0.661971830985915,0.697151424287856,0.677519379844961,0.309636650868878,0.683229813664596,0.68798751950078,0.693129770992366,0.751188589540412,0.688206785137318,0,0.688854489164087,0.00158227848101266,0.688473520249221,0.91044776119403,0.947286821705426,0,0,0.959375,0,0.314241486068111,0.955905511811024,0.988958990536278,0,0.312210200927357,0,0,0.449920508744038,0,1,0.922077922077922,0,0,0,0.687106918238994,0.348281016442451,0.300492610837438,0.0061633281972265,0,0.015552099533437,0.702492211838006,0.652448657187994,0,0.705128205128205,0,0.634945397815913,0.889067524115756,0.697819314641745,0.688650306748466,0.678807947019868,0,0.911901081916538,0,0,0,0.73159509202454,0.686305732484076,0,0.68860353130016,0,0,0.695852534562212,0,0.685410334346505,0,0.697492163009404,0.682034976152623,0,0.31924882629108,0.689497716894977,0,0.696141479099678,0.245426829268293,0.689024390243902,0.834609494640122,0.686064318529862,0.240506329113924,0.693910256410256,0,0.687106918238994,0.671850699844479,0.718027734976888,0,0,0,0.0278688524590164,0.650974025974026,0,0.680194805194805,0,0.680645161290323,0.685015290519878,0,0,0,0.0846394984326019,0,0.698776758409786,0.686915887850467,0,0,0.94896331738437,0.913461538461538,0,0,0.699523052464229,0,0,0.689922480620155,0,0,0.306748466257669,0.457886676875957,0,1,0,0,0.897435897435897,0.683969465648855,0,0.684292379471229,0.00159744408945687,0.0363349131121643,0.00158478605388273,0.182945736434109,0,0.672609400324149,0,0,0,1,0.688709677419355,0,0,0.318818040435459,0,0.687402799377916,0.647058823529412,0.693846153846154,0,0,0,0.903726708074534,0.6896,0.904838709677419,0.00158478605388273,0.689922480620155,0.70257966616085,0.658385093167702,1,0,0.0448916408668731,0,0,0.685714285714286,0.703703703703704,0.832543443917852,0.956454121306376,0.686821705426357,0.694488188976378,0.686614173228347,0.998394863563403,0.693396226415094,0,1,0.692307692307692,0,0,0,0.6875,0.686274509803922,0.961661341853035,0,0.689763779527559,0.705882352941177,0,0,0.68895800933126,0.311501597444089,0,0,0.299843014128728,0,0.696594427244582,0,0.691823899371069,0.461897356143079,0.325115562403698,0.594879518072289,0,0.702290076335878,0.694227769110764,0.313479623824451,0.323170731707317,0,0.683881064162754,0,0.684698608964451,0,0.691472868217054,0.6976,0.656832298136646,0.483076923076923,0.686708860759494,0.697784810126582,0.325471698113208,0.691222570532915,0.846526655896607,0,1,0,0.717425431711146,0,1,0.678740157480315,0.692682926829268,0,0.93993993993994,0,0.906200317965024,0.666666666666667,0,0.931888544891641,0.3171875,0,0,0,0.693311582381729,0.956589147286822,0,0.573899371069182,0.900630914826498,0.653905053598775,0.687692307692308,0.689230769230769,0,0,0,0,0,0.930408472012103,0.00460829493087558,0.304147465437788,0.996996996996997,0.6801872074883,0,0,0,0,0.907407407407407,0.698315467075038,0,0,0,0,0,0,0.503048780487805,0.998373983739837,0,0.911490683229814,0.687975646879756,0.565354330708661,0,0.618739903069467,0.693037974683544,0.688372093023256,0,0.957278481012658,0.68062015503876,0,0,0.629160063391442,0.702786377708978,0.69811320754717,0.694174757281553,0.00152905198776758,0.68362480127186,0.684782608695652,0.591125198098257,0.69170579029734,0.028169014084507,0.694189602446483,0.913322632423756,0.675,1,0,0.904761904761905,0.703225806451613,0.686520376175549,0.690625,0,0,0,0,0,0,0.669826224328594,0,0.693037974683544,0.692821368948247,0.402173913043478,0.314285714285714,0,0,1,0.69218989280245,0.879746835443038,0.00152905198776758,0.960876369327074,0,0,0.693650793650794,0,0,0.372827804107425,0.588330632090762,0.00445765230312036,0.9136,0.898089171974522,0,0,0,0.90625,1,0.688854489164087,0.581648522550544,0.696319018404908,1,0.68362480127186,0.908653846153846,0,0,0.688172043010753,0.6859375,0.752336448598131,0.674641148325359,0.691244239631336,0.690769230769231,0,0,0.680645161290323,0,1,0,0.768867924528302,0,0.321538461538462,0,0.6921875,0.700320512820513,0.921417565485362,0.325,0,0,0.203470031545741,0.105939004815409,0.684542586750789,0.690590111642743,0,0.683881064162754,0.733974358974359,0.68362480127186,0,0.893518518518518,0,0,0.6875,0.319182389937107,0.7,0,0,0.693023255813954,0.693023255813954,0.69242658423493,0.147385103011094,0.692926045016077,0,0.939157566302652,0,0,0.291021671826625,0.341576506955178,0.679674796747967,0.942901234567901,0.682242990654206,0,0,0.69811320754717,0.678233438485804,0.370769230769231,0,0.69618320610687,0.633846153846154,0.695384615384615,0.016793893129771,0.5216,0.996937212863706,0.705521472392638,0.681047765793529,0.685126582278481,0.689984101748808,0.685496183206107,0.0331825037707391,0,0.693270735524257,0.445337620578778,0.304416403785489,0.759630200308166,0.313311688311688,0,0.682888540031397,0.998415213946117,0.679748822605965,0.692307692307692,0.6421875,0.68503937007874,1,0.665634674922601,0.687898089171974,0.68312101910828,0.689655172413793
"197",0.304761904761905,0.31875,0.311811023622047,0.322784810126582,0.31619937694704,0.303459119496855,0.0111642743221691,0.314873417721519,0.317901234567901,0.572347266881029,0.318461538461538,0.638198757763975,0.50855365474339,0.318252730109204,1,1,0.614088820826952,0,0.324960753532182,0.302469135802469,1,1,0.319508448540707,0.513219284603421,0.313455657492355,1,1,0.335504885993485,0.308734939759036,0.515873015873016,1,0.576982892690513,0.361408882082695,0.998430141287284,0.662519440124417,0.310743801652893,0.134165366614665,0.324655436447167,1,0.305007587253414,0.00158478605388273,0,0,0.330173775671406,0.314285714285714,1,0.996820349761526,1,1,1,0.688271604938272,0.328502415458937,1,0.320813771517997,0.31104199066874,0.813479623824451,0.120826709062003,0.324367088607595,0.308527131782946,0.318252730109204,0.995334370139969,1,1,0.003125,0.312599681020734,0.324655436447167,0.654458598726115,0.33015873015873,0.609682299546142,1,0.319938176197836,1,1,0.272583201267829,0.159264931087289,0.318318318318318,1,0.996927803379416,0.324074074074074,1,0.602272727272727,1,1,0.317557251908397,1,0.326687116564417,0.309748427672956,0.328100470957614,0.320813771517997,0,0.316614420062696,0.331316187594554,0.690851735015773,0.592307692307692,0.32120253164557,0.640483383685801,0.677115987460815,0.311349693251534,0.1232,0,0.312,0.616224648985959,1,0.306836248012719,1,0.314873417721519,0,0.321428571428571,1,1,1,0.306376360808709,0.996913580246914,0.329153605015674,0.205564142194745,0.306060606060606,1,0.370942812982998,1,1,0.211023622047244,0.314814814814815,1,1,0.330769230769231,1,0.3202416918429,0.314199395770393,0.35423197492163,0.755760368663594,0.3184,1,0.324367088607595,0.643072289156627,0.338095238095238,1,0.00151745068285281,1,0.373271889400922,0.891373801916933,0.586314152410575,0.602825745682888,0.314553990610329,0.316211878009631,1,0.310077519379845,1,0.304347826086957,0.498466257668712,0.326120556414219,1,0.310344827586207,0.319314641744548,0.324451410658307,0.325984251968504,1,0.308777429467085,1,0.425954198473282,0.321044546850998,1,0.319571865443425,1,0.589825119236884,0.317034700315457,1,0.31619937694704,0.3198127925117,0.32755905511811,0.990963855421687,0.328638497652582,1,0.322274881516588,1,0.31637519872814,1,0.587326120556414,0.295665634674923,0.0318979266347687,0.298273155416013,0.319875776397516,1,0.303599374021909,0.31875,0.320872274143302,0.327014218009479,1,1,0.322683706070288,0.328616352201258,1,1,0.325688073394495,0.233128834355828,0.0212121212121212,0.691107644305772,1,0.0015625,0.314900153609831,1,0.32120253164557,0.315870570107858,0.316846986089645,0.998461538461539,1,1,0.33026113671275,0.317230273752013,0.309707241910632,0.679425837320574,0.301412872841444,1,0.335925349922239,1,1,0.447040498442368,0.325434439178515,0.31924882629108,0.330769230769231,0.301242236024845,0.3125,0.648351648351648,1,1,0.32312404287902,0.00458015267175573,0.323664122137405,0.314285714285714,0.324492979719189,0.311728395061728,0.297971918876755,0.313813813813814,0.697204968944099,0.361027190332326,0.30568356374808,1,0.325842696629214,1,0.310872894333844,0.3088,0.31839258114374,0.334928229665072,0.31629392971246,1,0.317901234567901,0.797788309636651,1,1,0.998407643312102,1,1,0.894904458598726,1,1,1,0.318818040435459,1,0.316720257234727,0,1,0.376899696048632,1,0.320695102685624,0.3203125,0.310344827586207,0.408320493066256,1,0.323170731707317,1,1,1,1,0,0.311424100156495,1,1,0.318181818181818,1,0.324116743471582,1,1,0.315286624203822,0.329113924050633,0.295489891135303,0.146417445482866,0.330733229329173,0,0.592987804878049,1,0.316998468606432,0.317111459968603,0.582952815829528,1,1,0.326829268292683,0.325949367088608,1,0.659409020217729,0.694006309148265,0.302795031055901,0.32,0.995341614906832,0.326018808777429,0.307228915662651,1,0.313479623824451,0.306027820710974,1,0.303317535545024,0.314641744548287,0.31201248049922,0.319508448540707,1,1,1,0.307332293291732,0.318818040435459,0.00772797527047913,0.993759750390016,0.329113924050633,1,1,0.313455657492355,0.31859756097561,0.306027820710974,0.31839258114374,0.316770186335404,1,0.30952380952381,0.31496062992126,0.570063694267516,1,0.831230283911672,1,0,1,0.326836581709145,1,1,0.411042944785276,1,0.31924882629108,1,0.303937007874016,0.300157977883096,0.313664596273292,1,1,0.319938176197836,0.405448717948718,0.610142630744849,0.3072,1,1,1,0.313099041533546,1,0.208655332302937,1,1,1,1,0.321044546850998,1,0.315705128205128,0.335949764521193,0.680124223602484,0.309375,1,0.319508448540707,0.31859756097561,0.321086261980831,1,0.308157099697885,1,0.320121951219512,0.478328173374613,0.322480620155039,0.323248407643312,0.312597200622084,1,0.32120253164557,0.304212168486739,1,1,0.327639751552795,0.305295950155763,1,0.47926267281106,0.313001605136437,0.325652841781874,0.329211746522411,0.682098765432099,1,0.2944,1,0.407643312101911,0.306376360808709,0,0.881278538812785,0.318471337579618,0.316770186335404,0,0.0293663060278207,0.982484076433121,0.309597523219814,1,0.308777429467085,0.314516129032258,1,0.322327044025157,0.31911532385466,0.670866141732283,1,0.323343848580442,0.32807570977918,1,0.311728395061728,0.305863708399366,1,0.33179012345679,0.315286624203822,0.31875,0.330203442879499,0.796267496111975,1,0.982731554160126,1,1,0.00157977883096367,1,0.996894409937888,1,0.425499231950845,0.998435054773083,0.310872894333844,0.995398773006135,0.328682170542636,0.996923076923077,0.607250755287009,0.629742033383915,0.313935681470138,0.305426356589147,0.639876352395672,0.316639741518578,0,0.6265625,0.676656151419558,0.31937984496124,0.00155038759689922,0.305164319248826,0.303353658536585,0.770542635658915,0.317557251908397,0.685670261941448,0.597110754414125,0.318037974683544,0.317972350230415,0.304147465437788,1,0.0267459138187221,0,0.321100917431193,0.325,0.327613104524181,1,0.341653666146646,0.315132605304212,1,0.301242236024845,0.94383775351014,0.572769953051643,1,1,0.996638655462185,0.320493066255778,0.606980273141123,0.324925816023739,0.319286871961102,0.313479623824451,0.410060975609756,1,0.309262166405024,1,0.32,0.32120253164557,1,0.317535545023697,1,0.329113924050633,1,1,0.318181818181818,0,1,0.324615384615385,1,0.555555555555556,1,0.51301684532925,1,0.544585987261146,1,0.324193548387097,1,1,1,0.309597523219814,0.320512820512821,0.314199395770393,0.347334410339257,0.336477987421384,0.30757341576507,1,0.3203125,1,1,0.331782945736434,0.31687898089172,0.317972350230415,0.38871473354232,0.328746177370031,1,1,0.329704510108865,0.317965023847377,0.625592417061611,0.593301435406699,0.317034700315457,0.316720257234727,1,0.30521472392638,0.318731117824773,0.996894409937888,0.306477093206951,0.308527131782946,0,0.136294027565084,0.3078125,0.675716440422323,0.314152410575428,0.318885448916409,0.601837672281776,0.996904024767802,0.319685039370079,1,0.313664596273292,0.341158059467919,0.319182389937107,0.476043276661515,0.31201248049922,1,0.318818040435459,0.317460317460317,0.331738437001595,0.682779456193353,1,0.325434439178515,0.319571865443425,0,0.325190839694657,1,0.958074534161491,1,0.320987654320988,0.3265625,0.31832298136646,0.585106382978723,1,0.587096774193548,0.328660436137072,1,1,0.967542503863988,0.675078864353312,0.333848531684699,0.357910906298003,0.321372854914197,0.314329738058552,1,1,0.514820592823713,0.630818619582664,1,1,1,0.698541329011345,1,0.324116743471582,0.68380062305296,1,0.31937984496124,0.317683881064163,0.314465408805031,0.998435054773083,1,0.651465798045603,0.325038880248834,1,1,0.323029366306028,0.305426356589147,1,0,0.311912225705329,0.3109375,0.00467289719626168,0.312693498452012,1,0.311708860759494,1,0.14854517611026,0,0.909090909090909,0.323574730354391,1,1,0,0.0015220700152207,0.325471698113208,1,0.306709265175719,0.998477929984779,0.308892355694228,1,1,0.966101694915254,0.759630200308166,1,1,0.00313479623824451,1,0.51461038961039,0.327586206896552,0.675465838509317,0.32348367029549,1,0.30564263322884,0.675548589341693,1,1,0.322327044025157,0.61178247734139,0.326086956521739,0.584615384615385,0.976114649681529,0.329704510108865,0.602150537634409,0.0108695652173913,0.312989045383412,0.321538461538462,0.325581395348837,1,0.63594470046083,0.309451219512195,0.892063492063492,0.593700787401575,0.975535168195719,1,1,0.308049535603715,0.333865814696486,0.314641744548287,0.310185185185185,0.310291858678955,0.617378048780488,0.307458143074581,0,0.681137724550898,0.998459167950693,0.31875,0.308777429467085,0.314516129032258,0.321981424148607,0.596875,1,0.328220858895706,0.342812006319115,0.330081300813008,0.319938176197836,0.317972350230415,0.316279069767442,0.20211161387632,0.679245283018868,0.310664605873261,0.605182926829268,1,0.236111111111111,0.312883435582822,0.923930269413629,1,1,0.317757009345794,0.640986132511556,1,0.320433436532508,0.297637795275591,0.962025316455696,1,1,0.996835443037975,0.317901234567901,1,1,0.905808477237049,1,0.35202492211838,1,0.588996763754045,1,0.681470137825421,0.311424100156495,0.596244131455399,1,1,0.992088607594937,0.325077399380805,0.328125,0.325769854132901,0.322932917316693,0.323151125401929,0.32755905511811,0.984076433121019,0.318181818181818,1,1,0.69922480620155,0,0.315707620528771,0.318252730109204,0.67530487804878,1,0.571428571428571,0.32370820668693,0.645962732919255,0.317901234567901,0.322169059011164,1,0.311811023622047,0.316720257234727,0.680445151033386,0.912621359223301,0.321060382916053,0.602523659305994,0.574638844301766,0.328682170542636,0.325508607198748,0.306122448979592,0.594383775351014,0.678461538461538,1,0.895223420647149,1,0.667175572519084,0.998402555910543,0.592125984251968,0.321711568938193,0.326530612244898,1,1,0.424764890282132,0.995260663507109,0.996946564885496,1,0.31496062992126,0.33026113671275,1,0.317910447761194,0.681114551083591,0.326086956521739,0.454545454545455,0.300476947535771,0,0.313846153846154,1,1,0.593798449612403,0.0015552099533437,0.326625386996904,0.314873417721519,0.103011093502377,0.413078149920255,1,1,0.314900153609831,1,0.404388714733542,1,0.329249617151608,0.590979782270607,0.320813771517997,0.3125,1,0,1,0.307324840764331,0.314465408805031,1,1,1,0.436220472440945,1,0.32398753894081,0.611111111111111,0.333333333333333,0.325878594249201,0.00153609831029186,0.0403726708074534,1,0.621283255086072,1,0.325038880248834,0.331746031746032,1,1,0.164086687306502,0.312788906009245,1,0.905426356589147,1,0.318952234206472,0.198767334360555,0.673405909797823,1,1,1,1,1,0.284839203675345,0.307332293291732,1,0.118022328548644,0.00157232704402516,0.42967542503864,0,0.328050713153724,1,0.676656151419558,1,1,0.895545314900154,1,0.679506933744222,1,1,1,1
"198",0.6896,0.674528301886792,0.672496025437202,0.669316375198728,0.680124223602484,0.6801872074883,0.98740157480315,0.665605095541401,0.67651632970451,0.448165869218501,0.670245398773006,0.373643410852713,0.467511885895404,0.666666666666667,0.0015748031496063,0.00311526479750779,0.39938080495356,0.998384491114701,0.658730158730159,0.680817610062893,0.00311526479750779,0.00315457413249211,0.668711656441718,0.496087636932707,0.675840978593272,0.00310077519379845,0.00319488817891374,0.656451612903226,0.67629179331307,0.461783439490446,0.00306748466257669,0.389147286821705,0.620583717357911,0.00315955766192733,0.34585289514867,0.67862969004894,0.873831775700935,0.670769230769231,0.00303490136570561,0.688922610015175,1,0.996870109546166,0.996965098634294,0.657232704402516,0.677165354330709,0.00159744408945687,0,0.00306748466257669,0.00308166409861325,0.00307219662058372,0.320493066255778,0.662379421221865,0.00310077519379845,0.66358024691358,0.674491392801252,0.169572107765452,0.895071542130366,0.669266770670827,0.673312883435583,0.662480376766091,0.00458715596330275,0,0.00159235668789809,1,0.67524115755627,0.672333848531685,0.36248012718601,0.666666666666667,0.405775075987842,0.00154320987654321,0.672839506172839,0.00308166409861325,0.00161030595813205,0.7140549273021,0.848909657320872,0.670713201820941,0.00308641975308642,0.00151745068285281,0.667692307692308,0.00322061191626409,0.415986949429038,0.00158227848101266,0.00314465408805031,0.668740279937792,0.00154083204930663,0.66156202143951,0.674491392801252,0.659375,0.66877971473851,0.998452012383901,0.66824644549763,0.666666666666667,0.325115562403698,0.438569206842924,0.670926517571885,0.375951293759513,0.334890965732087,0.671296296296296,0.883306320907618,0.998417721518987,0.6734375,0.394984326018809,0.003125,0.674193548387097,0.00315457413249211,0.66877971473851,0.996904024767802,0.6624,0.00314465408805031,0.00156739811912226,0.00307692307692308,0.67737003058104,0,0.665123456790123,0.811059907834101,0.685240963855422,0,0.641627543035994,0.00151745068285281,0.00318471337579618,0.815503875968992,0.679012345679012,0.00306278713629403,0.00158227848101266,0.655763239875389,0.00309119010819165,0.666666666666667,0.683409436834094,0.647335423197492,0.238239757207891,0.669902912621359,0.0031104199066874,0.661417322834646,0.377643504531722,0.6608,0.00306748466257669,1,0,0.610062893081761,0.116883116883117,0.440758293838863,0.42472266244057,0.673469387755102,0.665056360708535,0.00307219662058372,0.679304897314376,0.00310077519379845,0.686028257456829,0.485225505443235,0.664624808575804,0.00159489633173844,0.679566563467492,0.674565560821485,0.671428571428571,0.661417322834646,0.00159489633173844,0.687106918238994,0.0031496062992126,0.573619631901841,0.659476117103236,0.00155038759689922,0.665634674922601,0.0031201248049922,0.426984126984127,0.672523961661342,0.00316957210776545,0.675078864353312,0.676056338028169,0.660436137071651,0.0046656298600311,0.667697063369397,0,0.667189952904239,0.00311526479750779,0.675806451612903,0.00156739811912226,0.4171875,0.688575899843505,0.971061093247588,0.696141479099678,0.680817610062893,0.00315457413249211,0.677215189873418,0.667185069984448,0.671802773497689,0.664566929133858,0.00316455696202532,0.00153609831029186,0.67258064516129,0.660377358490566,0.00307219662058372,0.0016,0.665137614678899,0.768388106416275,0.98644578313253,0.327102803738318,0.0015625,1,0.674922600619195,0.00310077519379845,0.670436187399031,0.679012345679012,0.672811059907834,0.00467289719626168,0.00308641975308642,0.00158227848101266,0.662613981762918,0.676328502415459,0.671339563862928,0.325878594249201,0.686305732484076,0.00318471337579618,0.644859813084112,0.00313479623824451,0.00313479623824451,0.5734375,0.658767772511848,0.670750382848392,0.666666666666667,0.680685358255452,0.676145339652449,0.378335949764521,0.00314465408805031,0.0031104199066874,0.679506933744222,1,0.669184290030212,0.679447852760736,0.67246835443038,0.677519379844961,0.691455696202532,0.670713201820941,0.318885448916409,0.65284178187404,0.687010954616588,0.00156985871271586,0.662420382165605,0.00153609831029186,0.675384615384615,0.67601246105919,0.68088467614534,0.666139240506329,0.676145339652449,0.00313479623824451,0.660990712074303,0.18622848200313,0.00310077519379845,0.00154083204930663,0,0.0015748031496063,0.0031496062992126,0.113057324840764,0.003125,0.00153609831029186,0.00155038759689922,0.671296296296296,0.00310077519379845,0.670926517571885,0.996951219512195,0.00312989045383412,0.635802469135803,0.00159235668789809,0.6672,0.66877971473851,0.674528301886792,0.59594383775351,0.00319488817891374,0.665634674922601,0.00309597523219814,0.00305343511450382,0.00157232704402516,0.00308641975308642,0.9984375,0.677672955974843,0.00307692307692308,0,0.667194928684628,0.00159744408945687,0.670261941448382,0.00308166409861325,0.00314465408805031,0.678855325914149,0.661367249602544,0.686821705426357,0.855555555555556,0.662420382165605,0.996889580093313,0.417168674698795,0.00156494522691706,0.670807453416149,0.676703645007924,0.440124416796268,0.00307692307692308,0.00318979266347687,0.672609400324149,0.656298600311042,0.00304878048780488,0.364779874213836,0.312698412698413,0.686821705426357,0.67304625199362,0.0060882800608828,0.665079365079365,0.6797583081571,0.00310077519379845,0.674961119751166,0.684698608964451,0.00155763239875389,0.682615629984051,0.670295489891135,0.675384615384615,0.670245398773006,0.00311526479750779,0.00306278713629403,0,0.682389937106918,0.669303797468354,0.989197530864197,0.00156494522691706,0.659270998415214,0,0.0015552099533437,0.672926447574335,0.661538461538462,0.683229813664596,0.677672955974843,0.673405909797823,0.0031201248049922,0.68621236133122,0.68025078369906,0.450949367088608,0,0.169014084507042,0.00161290322580645,0.998427672955975,0.00307219662058372,0.666158536585366,0.0031201248049922,0.0015625,0.596625766871166,0.00152905198776758,0.67192429022082,0.00304878048780488,0.678233438485804,0.685126582278481,0.682170542635659,0.0015748031496063,0.00308166409861325,0.669242658423493,0.593851132686084,0.404761904761905,0.686804451510334,0.0015600624024961,0.00158730158730159,0.00312989045383412,0.666136724960254,0.00151285930408472,0.814173228346457,0.0031201248049922,0.00309119010819165,0.00321543408360129,0.00156985871271586,0.666153846153846,0.00315955766192733,0.663414634146341,0.653605015673981,0.3359375,0.681458003169572,0.0015625,0.665116279069767,0.668195718654434,0.673469387755102,0.00313971742543171,0.683969465648855,0.00319488817891374,0.672619047619048,0.502325581395349,0.66358024691358,0.662974683544304,0.669781931464174,0.00306748466257669,0.66403785488959,0.68503937007874,0.00157977883096367,0.00317460317460317,0.6640625,0.673879443585781,0.0015552099533437,0.53858024691358,0.677830940988836,0.662015503875969,0.665109034267913,0.330708661417323,0.00318471337579618,0.698205546492659,0.00307692307692308,0.591194968553459,0.677115987460815,0.996908809891808,0.113149847094801,0.672985781990521,0.672386895475819,0.998507462686567,0.971518987341772,0.0123647604327666,0.67032967032967,0.0031055900621118,0.677725118483412,0.670418006430868,0.0015600624024961,0.659509202453988,0.675078864353312,0.345971563981043,0.0015625,0.669278996865204,0.666666666666667,0.00158730158730159,0.680916030534351,0.683870967741935,0.00158730158730159,0.675384615384615,0.67192429022082,0.675968992248062,0.662974683544304,0.188271604938272,0.00157232704402516,0.0241157556270096,0.00305343511450382,0.00311526479750779,0.998430141287284,0.00309119010819165,0.00306748466257669,0.00154798761609907,0.585889570552147,0.00159489633173844,0.673252279635258,0.00309119010819165,0.659777424483307,0,0.40990990990991,0.383561643835616,0.670229007633588,0.683812405446294,0.375572519083969,0.665589660743134,0.996927803379416,0.388802488335925,0.326984126984127,0.671253822629969,0.998442367601246,0.684292379471229,0.674347158218126,0.22432859399684,0.660377358490566,0.327613104524181,0.423510466988728,0.669767441860465,0.666160849772382,0.686915887850467,0,0.980712166172107,0.996779388083736,0.669230769230769,0.65987460815047,0.654798761609907,0.00310077519379845,0.678343949044586,0.671826625386997,0.00316455696202532,0.686244204018547,0.0515625,0.441640378548896,0.00154320987654321,0.00304878048780488,0.00324675324675325,0.669218989280245,0.40393343419062,0.666160849772382,0.670988654781199,0.678683385579937,0.592823712948518,0.00318979266347687,0.683229813664596,0.00317460317460317,0.670947030497592,0.676100628930818,0.00151515151515152,0.675675675675676,0.00302114803625378,0.66984126984127,0,0.00313971742543171,0.667697063369397,1,0.00303951367781155,0.663565891472868,0.00161550888529887,0.432515337423313,0.00152439024390244,0.504658385093168,0.00303490136570561,0.424764890282132,0.00323624595469256,0.676328502415459,0.003125,0,0.00311526479750779,0.677469135802469,0.670436187399031,0.670769230769231,0.634304207119741,0.686688311688312,0.680981595092024,0.00160771704180064,0.659340659340659,0.00321027287319422,0.00155038759689922,0.659442724458204,0.66984126984127,0.676783004552352,0.60031847133758,0.668217054263566,0,0.00309119010819165,0.666153846153846,0.655502392344498,0.384737678855326,0.421383647798742,0.67192429022082,0.667726550079491,0.00316455696202532,0.678018575851393,0.672281776416539,0.00625,0.68621236133122,0.679127725856698,0.996894409937888,0.866459627329193,0.673913043478261,0.331325301204819,0.671383647798742,0.668721109399075,0.424846625766871,0.0046875,0.675675675675676,0.0015527950310559,0.675,0.639370078740157,0.677067082683307,0.517940717628705,0.679127725856698,0.00160771704180064,0.66875,0.659270998415214,0.66031746031746,0.324534161490683,0.00321543408360129,0.662974683544304,0.667180277349769,0.998444790046656,0.662037037037037,0.00157977883096367,0.0450310559006211,0.0031104199066874,0.673374613003096,0.659375,0.668769716088328,0.431643625192012,0.00322061191626409,0.425837320574163,0.659810126582278,0,0.0031055900621118,0.0313479623824451,0.335423197492163,0.664586583463339,0.622670807453416,0.669753086419753,0.672811059907834,0.00316455696202532,0.00306278713629403,0.493670886075949,0.38351822503962,0.00311526479750779,0.00309119010819165,0.00151057401812689,0.324237560192616,0.003125,0.668683812405446,0.332298136645963,0.00303490136570561,0.665639445300462,0.668238993710692,0.671974522292994,0.0015600624024961,0.0030441400304414,0.368078175895765,0.668224299065421,0.00314465408805031,0.00306748466257669,0.657935285053929,0.677672955974843,0.00152671755725191,0.996715927750411,0.680445151033386,0.681962025316456,1,0.67398119122257,0.00303951367781155,0.674015748031496,0.0031496062992126,0.855828220858896,0.996946564885496,0.106221547799697,0.657894736842105,0.00305343511450382,0.003125,0.996955859969559,1,0.672386895475819,0.0031055900621118,0.678513731825525,0,0.687797147385103,0.00313971742543171,0.00318979266347687,0.0341614906832298,0.223255813953488,0.00158478605388273,0.00313971742543171,1,0.00154320987654321,0.492706645056726,0.660347551342812,0.343653250773994,0.660522273425499,0.00315955766192733,0.678125,0.339622641509434,0,0.00317965023847377,0.680511182108626,0.395833333333333,0.659969088098918,0.434231378763867,0.0224719101123595,0.661341853035144,0.411302982731554,0.995327102803738,0.672985781990521,0.674884437596302,0.668721109399075,0.00159489633173844,0.375757575757576,0.686635944700461,0.101088646967341,0.434439178515008,0.0243531202435312,0.00309597523219814,0.0015552099533437,0.6703125,0.656500802568218,0.674641148325359,0.67817896389325,0.677621283255086,0.401826484018265,0.683076923076923,0.996965098634294,0.334828101644245,0,0.660406885758998,0.682888540031397,0.673633440514469,0.667678300455235,0.416282642089094,0.00302571860816944,0.653666146645866,0.657320872274143,0.662273476112026,0.675118858954041,0.678125,0.681020733652313,0.823348694316436,0.326465927099842,0.675675675675676,0.415267175572519,0.00310077519379845,0.782945736434108,0.676609105180534,0.0738362760834671,0.00323101777059774,0.00309119010819165,0.68,0.373831775700935,0.00154559505409583,0.679447852760736,0.688888888888889,0.0398724082934609,0.0015625,0.0031201248049922,0,0.673846153846154,0.00158227848101266,0.00310077519379845,0.117004680187207,0.00315457413249211,0.636923076923077,0.00305343511450382,0.420711974110032,0.00156494522691706,0.3328173374613,0.686119873817035,0.412225705329154,0.00316957210776545,0.0031104199066874,0.00794912559618442,0.660436137071651,0.657935285053929,0.661858974358974,0.672926447574335,0.671451355661882,0.66131621187801,0.00952380952380952,0.67651632970451,0.00156494522691706,0.00168634064080944,0.285491419656786,0.998415213946117,0.674382716049383,0.672839506172839,0.330792682926829,0.00307692307692308,0.455246913580247,0.666666666666667,0.369255150554675,0.6801872074883,0.675,0.00316957210776545,0.670382165605096,0.671641791044776,0.313572542901716,0.105431309904153,0.670149253731343,0.4144,0.448,0.663594470046083,0.664025356576862,0.689167974882261,0.422118380062305,0.325,0.00154559505409583,0.0923317683881064,0.00306748466257669,0.342465753424658,0,0.428120063191153,0.658805031446541,0.667189952904239,0.00303951367781155,0.00310077519379845,0.580696202531646,0,0,0.0030441400304414,0.673946957878315,0.668238993710692,0.00156494522691706,0.677177177177177,0.331269349845201,0.661367249602544,0.548136645962733,0.684458398744113,0.996860282574568,0.673374613003096,0.00156494522691706,0.00321027287319422,0.427682737169518,0.998466257668712,0.6671875,0.669291338582677,0.902668759811617,0.59771986970684,0.00316455696202532,0.00159235668789809,0.67175572519084,0.00311526479750779,0.595879556259905,0.0016,0.663663663663664,0.416541353383459,0.665123456790123,0.66875,0.0015552099533437,0.998405103668262,0.00157977883096367,0.680129240710824,0.664576802507837,0.00154798761609907,0.00312989045383412,0.00153374233128834,0.568690095846645,0.0016025641025641,0.672926447574335,0.398473282442748,0.663009404388715,0.667194928684628,0.9984375,0.968944099378882,0.00320512820512821,0.389937106918239,0.00312989045383412,0.65891472868217,0.651828298887122,0.0015748031496063,0.0031104199066874,0.851330203442879,0.675425038639876,0.00304878048780488,0.104037267080745,0.00152671755725191,0.67175572519084,0.808544303797468,0.34472049689441,0.0015552099533437,0.00150602409638554,0.00318471337579618,0.00159744408945687,0.00303030303030303,0.707882534775889,0.68075117370892,0.00156494522691706,0.89297124600639,1,0.573643410852713,0.99837925445705,0.661949685534591,0.00313479623824451,0.331768388106416,0.0015527950310559,0.00313479623824451,0.11402157164869,0,0.327131782945736,0.00308641975308642,0.00317965023847377,0.0015600624024961,0.00311526479750779
"199",1,1,1,1,1,1,0.710031347962382,1,1,0.0909090909090909,1,0.0402476780185759,0.823899371069182,1,0.310185185185185,0.303543913713405,0.0610687022900763,0.689210950080515,1,1,0.288854003139717,0.313178294573643,1,0.150621118012422,1,0.319444444444444,0.31139646869984,1,1,0.789968652037618,0.307098765432099,0.734254992319508,0.96937212863706,0.310872894333844,0,1,0.537404580152672,1,0.297297297297297,1,0.665094339622642,0.689814814814815,0.698027314112291,1,1,0.308426073131955,0.3109375,0.304347826086957,0.322678843226788,0.316846986089645,0,1,0.311649016641452,1,1,0.490536277602524,0.559875583203733,1,1,1,0.326186830015314,0.316846986089645,0.311708860759494,0.683307332293292,1,1,0.0356037151702786,1,0.0544629349470499,0.315629742033384,1,0.319083969465649,0.319286871961102,0.968253968253968,0.505359877488515,1,0.308623298033283,0.325757575757576,1,0.308544303797468,0.0907643312101911,0.325984251968504,0.318885448916409,1,0.330781010719755,1,1,1,1,0.695454545454545,1,1,0.00154083204930663,0.100917431192661,1,0.0422960725075529,0,1,0.562009419152276,0.682316118935837,1,0.0515625,0.305084745762712,1,0.308527131782946,1,0.689922480620155,1,0.311248073959938,0.315068493150685,0.313935681470138,1,0.323619631901841,1,0.493087557603687,1,0.310452418096724,0.294930875576037,0.320839580209895,0.313479623824451,0.478328173374613,1,0.317972350230415,0.314285714285714,1,0.297546012269939,1,1,0.328703703703704,0.542042042042042,1,0.303265940902022,1,0.0402985074626866,1,0.31039755351682,0.677469135802469,0.322085889570552,0.9359375,0.428346456692913,0.102167182662539,0.093603744149766,1,1,0.326120556414219,1,0.313813813813814,1,0.810318664643399,1,0.325581395348837,1,1,1,1,0.329173166926677,1,0.32807570977918,0.253456221198157,1,0.306646525679758,1,0.302147239263804,0.0817901234567901,1,0.312101910828025,1,1,1,0.338391502276176,1,0.321875,1,0.307098765432099,1,0.320251177394035,0.0738461538461539,1,0.638535031847134,1,1,0.313479623824451,1,1,1,1,0.320668693009119,0.312594840667678,1,1,0.315467075038285,0.303317535545024,1,0.445112781954887,0.670694864048338,0,0.314900153609831,0.674922600619195,1,0.322137404580153,1,1,1,0.313271604938272,0.316998468606432,0.327014218009479,1,1,1,0,1,0.309033280507132,0.975116640746501,0.323529411764706,0.30503144654088,0.749235474006116,1,1,1,1,1,0.0417310664605873,0.313271604938272,0.325153374233129,1,0.685410334346505,1,1,0.998444790046656,1,1,1,0.00460829493087558,0.316666666666667,1,0.307332293291732,1,0.300911854103343,1,1,1,1,1,0.324074074074074,1,0.503134796238245,0.322429906542056,0.318112633181126,0.312101910828025,0.324574961360124,0.322429906542056,0.418641390205371,0.326656394453005,0.309486780715397,0.30757341576507,1,0.313846153846154,1,0.689393939393939,0.307332293291732,0.315068493150685,0.333848531684699,1,1,1,0.258164852255054,0.314329738058552,1,0.315955766192733,0.322727272727273,0.31104199066874,0.315950920245399,0.684210526315789,1,0.31969696969697,0.3109375,1,0.300469483568075,1,0.307926829268293,0.310452418096724,1,1,1,0.535211267605634,1,0.692307692307692,0.0790273556231003,0.312788906009245,1,1,0.0967741935483871,0.311450381679389,0.328050713153724,1,1,0.304147465437788,0.0230061349693252,0.00308166409861325,1,1,0.336377473363775,0.998454404945904,1,0.306060606060606,1,1,0.314900153609831,1,1,1,1,0.329249617151608,0.306306306306306,0.326433121019108,1,1,0.672868217054264,0.311912225705329,1,0.309667673716012,0.294573643410853,1,1,1,1,1,0.326053042121685,1,1,0.110047846889952,0.327769347496206,0.499222395023328,0.310452418096724,0.678407350689127,0.314112291350531,1,0.312302839116719,0.329211746522411,0.251533742331288,0.312788906009245,1,0.33034379671151,1,1,1,0.307453416149068,0.315233785822021,1,0.927215189873418,0.0634920634920635,1,0.313271604938272,0.321316614420063,0.309148264984227,1,0.326251896813354,0.472136222910217,0.320987654320988,0.301242236024845,0.313971742543171,0.305511811023622,1,0.31629392971246,1,1,0,1,0.314814814814815,1,1,1,0.325,1,0.306603773584906,1,0.840557275541796,1,1,1,0.310769230769231,1,1,0.302891933028919,0.317484662576687,1,1,0.309341500765697,0.192424242424242,1,1,1,0,0.314285714285714,1,0.31201248049922,0.24653312788906,1,0.677862595419847,0.433333333333333,1,1,0.684053651266766,0.705148205928237,0.348837209302326,1,0.307692307692308,1,1,0.326625386996904,1,1,0.00768049155145929,0.322033898305085,1,1,0.318181818181818,1,1,0.310236220472441,0.332317073170732,1,1,1,0.531490015360983,0.305772230889236,0.341614906832298,0.315007429420505,0.329211746522411,0.69826224328594,0.322775263951735,0.327692307692308,0.313253012048193,0.237654320987654,0.3171875,1,0.317629179331307,1,0.310975609756098,0.0800604229607251,0.049079754601227,1,1,0.0326086956521739,1,0.691265060240964,0.0408805031446541,0.0108191653786708,1,0.684698608964451,1,1,0.5375,1,0,0.0729001584786054,1,1,1,0.31496062992126,0.647845468053492,0.697749196141479,0.995412844036697,1,0.98468606431853,0.298136645962733,0.339035769828927,1,0.298904538341158,1,0.374617737003058,0.102040816326531,0.301223241590214,0.322188449848024,0.329052969502408,1,0.0780780780780781,1,1,1,0.258751902587519,0.321711568938193,1,0.319314641744548,1,1,0.312217194570136,1,0.320474777448071,1,0.308661417322835,0.313479623824451,1,0.686427457098284,0.313343328335832,1,0.30298273155416,0.757716049382716,0.309090909090909,0.161875945537065,0.320417287630402,0.775193798449612,0.308661417322835,1,0.321592649310873,0.332831325301205,0.288372093023256,1,1,1,0.971291866028708,0.338762214983713,1,0.322222222222222,1,0.312,0.315548780487805,1,1,1,0.923317683881064,1,0.303951367781155,0.327188940092166,1,1,0.0493630573248408,0.0783699059561129,1,1,0.302362204724409,1,1,0.308527131782946,1,1,0.684698608964451,0.532233883058471,1,0,1,1,0.0964777947932619,0.322429906542056,1,0.31839258114374,1,0.968701095461659,1,0.828483920367534,1,0.331738437001595,1,1,1,0,0.303858520900322,1,1,0.682389937106918,1,0.314900153609831,0.36,0.316118935837246,1,1,1,0.086890243902439,0.316692667706708,0.0846645367412141,1,0.312693498452012,0.308641975308642,0.349544072948328,0,1,0.962558502340094,1,1,0.3168,0.307346326836582,0.161240310077519,0.0375,0.319875776397516,0.310452418096724,0.324159021406728,0.00158982511923688,0.309968847352025,1,0,0.311649016641452,1,1,1,0.314112291350531,0.318250377073906,0.0318471337579618,1,0.309486780715397,0.307926829268293,1,1,0.316279069767442,0.693910256410256,1,1,0.697160883280757,1,0.303030303030303,1,0.315217391304348,0.533639143730887,0.671232876712329,0.40210843373494,1,0.299392097264438,0.310769230769231,0.686363636363636,0.67420814479638,1,0.319083969465649,1,0.318385650224215,1,0.316614420062696,0.312202852614897,0.35303265940902,0.52073732718894,0.310344827586207,0.305164319248826,0.668224299065421,0.312693498452012,0.146302250803859,1,0,1,0.286163522012579,1,0,0.323390894819466,0.31378763866878,1,0.0548148148148148,1,0.0824261275272162,0.3375,1,0.0581929555895865,0.66875,1,1,1,0.304,0.0396946564885496,1,0.433021806853583,0.0927672955974843,0.353030303030303,0.3171875,0.32,1,1,1,1,1,0.0606060606060606,0.995433789954338,0.689127105666156,0.0045045045045045,0.32,1,1,1,1,0.0830815709969789,0.304747320061256,1,1,1,1,1,1,0.490196078431373,0.00158227848101266,1,0.0782208588957055,0.321156773211568,0.434514637904468,1,0.396255850234009,0.303715670436187,0.311349693251534,1,0.0367534456355283,0.317700453857791,1,1,0.369230769230769,0.310872894333844,0.310077519379845,0.316957210776545,1,0.316957210776545,0.320121951219512,0.412844036697248,0.312788906009245,0.972560975609756,0.306646525679758,0.0849056603773585,0.322530864197531,0,1,0.0864779874213836,0.301242236024845,0.314329738058552,0.315707620528771,1,1,1,1,1,1,0.328616352201258,1,0.315132605304212,0.309602649006623,0.605263157894737,0.685624012638231,1,1,0,0.318318318318318,0.12210200927357,1,0.0329153605015674,1,1,0.311424100156495,1,1,0.618670886075949,0.413461538461538,0.995535714285714,0.0772870662460568,0.0916149068322981,1,1,1,0.0873634945397816,0,0.314199395770393,0.418070444104135,0.315950920245399,0,0.326465927099842,0.086687306501548,1,1,0.314984709480122,0.312989045383412,0.241486068111455,0.332807570977918,0.312883435582822,0.324534161490683,1,1,0.325396825396825,1,0,1,0.226993865030675,1,0.679506933744222,1,0.307453416149068,0.30503144654088,0.0689127105666156,0.675344563552833,1,1,0.79153605015674,0.887459807073955,0.313479623824451,0.310832025117739,1,0.310452418096724,0.251552795031056,0.314465408805031,1,0.0986342943854325,1,1,0.307110438729198,0.680379746835443,0.303543913713405,1,1,0.301538461538462,0.299531981279251,0.311550151975684,0.847003154574132,0.307936507936508,1,0.0500758725341426,1,1,0.694528875379939,0.64375,0.320813771517997,0.0505359877488515,0.317901234567901,1,1,0.30173775671406,0.321752265861027,0.615501519756839,1,0.304804804804805,0.36969696969697,0.302290076335878,0.983333333333333,0.471875,0.00303951367781155,0.294478527607362,0.315233785822021,0.329652996845426,0.31496062992126,0.31892697466468,0.96937212863706,1,0.315789473684211,0.536115569823435,0.68503937007874,0.237577639751553,0.692185007974482,1,0.316279069767442,0.0031104199066874,0.319508448540707,0.308166409861325,0.358231707317073,0.32182103610675,0,0.33026113671275,0.319685039370079,0.316535433070866,0.3078125
"200",0.302839116719243,0.316692667706708,0.322775263951735,0.330745341614907,0.320987654320988,0.312111801242236,0.00940438871473354,0.326053042121685,0.3202416918429,0.563579277864992,0.317557251908397,0.637059724349158,0.51617873651772,0.324534161490683,1,1,0.612903225806452,0,0.32348367029549,0.307098765432099,1,1,0.320182094081942,0.510703363914373,0.315233785822021,1,1,0.34185303514377,0.314674735249622,0.533018867924528,1,0.59304084720121,0.366718027734977,0.995356037151703,0.662519440124417,0.319422150882825,0.13302752293578,0.327188940092166,1,0.308623298033283,0.0031055900621118,0,0,0.334869431643625,0.312883435582822,1,0.993817619783617,1,1,1,0.687687687687688,0.325545171339564,1,0.32258064516129,0.312883435582822,0.821981424148607,0.117554858934169,0.323076923076923,0.319571865443425,0.323529411764706,0.993827160493827,1,1,0.00623052959501558,0.319047619047619,0.326747720364742,0.654205607476635,0.32755905511811,0.607090103397341,1,0.316590563165906,1,1,0.284126984126984,0.157492354740061,0.320359281437126,1,0.993975903614458,0.323308270676692,1,0.592709984152139,1,1,0.321592649310873,1,0.327844311377246,0.321372854914197,0.328100470957614,0.323619631901841,0,0.320433436532508,0.331838565022422,0.682588597842835,0.58030303030303,0.321928460342146,0.631736526946108,0.67737003058104,0.315548780487805,0.115873015873016,0,0.31733746130031,0.613354037267081,1,0.322115384615385,1,0.32093023255814,0,0.322378716744914,1,1,1,0.309341500765697,0.995334370139969,0.328100470957614,0.202416918429003,0.312684365781711,1,0.373111782477341,1,1,0.204368174726989,0.311728395061728,1,1,0.326315789473684,1,0.317436661698957,0.314456035767511,0.367378048780488,0.766917293233083,0.321316614420063,1,0.327160493827161,0.62852897473997,0.343653250773994,1,0.00151057401812689,1,0.384259259259259,0.889776357827476,0.574074074074074,0.594427244582043,0.317073170731707,0.323943661971831,1,0.316279069767442,1,0.310664605873261,0.507530120481928,0.324850299401198,1,0.315870570107858,0.323390894819466,0.320121951219512,0.326530612244898,1,0.314241486068111,1,0.431372549019608,0.325190839694657,1,0.324850299401198,1,0.586687306501548,0.325396825396825,1,0.325115562403698,0.317629179331307,0.334370139968896,0.986506746626687,0.327131782945736,1,0.328593996840442,1,0.318840579710145,1,0.584876543209877,0.303543913713405,0.0304487179487179,0.297805642633229,0.319314641744548,1,0.311526479750779,0.321592649310873,0.324116743471582,0.3328125,1,1,0.328638497652582,0.325617283950617,1,1,0.323170731707317,0.238601823708207,0.023598820058997,0.680555555555556,1,0.00310077519379845,0.322137404580153,1,0.324881141045959,0.311746987951807,0.321156773211568,0.998489425981873,1,1,0.330357142857143,0.327073552425665,0.321321321321321,0.667716535433071,0.306976744186047,1,0.340978593272171,1,1,0.443251533742331,0.324451410658307,0.324734446130501,0.33026113671275,0.300462249614792,0.319875776397516,0.6421875,1,1,0.320061255742726,0.00455927051671732,0.332339791356185,0.316890881913303,0.321592649310873,0.313161875945537,0.31201248049922,0.317771084337349,0.689127105666156,0.363774733637747,0.304878048780488,1,0.32120253164557,1,0.305810397553517,0.302795031055901,0.316037735849057,0.330203442879499,0.311111111111111,1,0.322480620155039,0.804075235109718,1,1,0.996825396825397,1,1,0.892018779342723,1,1,1,0.321100917431193,1,0.335453100158982,0,1,0.383206106870229,1,0.324031007751938,0.320872274143302,0.318112633181126,0.41588785046729,1,0.327217125382263,1,1,1,1,0,0.317683881064163,1,1,0.325077399380805,1,0.325264750378215,1,1,0.314241486068111,0.321144674085851,0.303405572755418,0.144615384615385,0.330173775671406,0,0.584707646176912,1,0.319277108433735,0.325077399380805,0.575528700906344,1,1,0.33125,0.334379905808477,1,0.655487804878049,0.703470031545741,0.306376360808709,0.317034700315457,0.995508982035928,0.330769230769231,0.312035661218425,1,0.311248073959938,0.309451219512195,1,0.313971742543171,0.321928460342146,0.318529862174579,0.317972350230415,1,1,1,0.315047021943574,0.328703703703704,0.00457317073170732,0.990783410138249,0.329173166926677,1,1,0.315151515151515,0.326315789473684,0.310030395136778,0.325,0.321100917431193,1,0.303543913713405,0.312989045383412,0.561514195583596,1,0.840062111801242,1,0,1,0.328358208955224,1,1,0.422388059701493,0.998468606431853,0.326530612244898,1,0.3140625,0.301710730948678,0.317073170731707,1,1,0.32375189107413,0.402208201892744,0.609375,0.307086614173228,1,1,1,0.326984126984127,1,0.201848998459168,1,1,1,1,0.320300751879699,1,0.326433121019108,0.341013824884793,0.672926447574335,0.304347826086957,1,0.332321699544765,0.319402985074627,0.324409448818898,1,0.309559939301973,1,0.324324324324324,0.486862442040185,0.324116743471582,0.3296875,0.318461538461538,1,0.321875,0.306962025316456,1,1,0.327743902439024,0.313546423135464,1,0.470676691729323,0.32182103610675,0.327188940092166,0.334862385321101,0.677811550151976,1,0.311627906976744,1,0.423017107309487,0.315217391304348,0,0.8763197586727,0.322784810126582,0.32469512195122,0,0.031104199066874,0.97984496124031,0.318461538461538,1,0.312307692307692,0.317891373801917,1,0.324159021406728,0.325471698113208,0.669230769230769,1,0.326153846153846,0.3265625,1,0.314900153609831,0.310126582278481,1,0.332326283987915,0.314329738058552,0.325408618127786,0.336434108527132,0.798484848484848,1,0.981424148606811,1,1,0.0015625,1,0.992175273865415,1,0.428571428571429,0.99685534591195,0.314674735249622,0.992401215805471,0.323899371069182,0.995405819295559,0.598802395209581,0.627272727272727,0.31784107946027,0.31981981981982,0.633540372670807,0.3203125,0,0.627906976744186,0.674922600619195,0.317484662576687,0.00154559505409583,0.316923076923077,0.310030395136778,0.7673343605547,0.326656394453005,0.682442748091603,0.588607594936709,0.327613104524181,0.327794561933535,0.304878048780488,1,0.0279411764705882,0,0.325652841781874,0.331288343558282,0.330246913580247,1,0.342146189735614,0.317901234567901,1,0.308282208588957,0.942901234567901,0.562596599690881,1,1,0.99184339314845,0.327844311377246,0.6,0.325373134328358,0.313880126182965,0.315301391035549,0.417047184170472,1,0.305084745762712,1,0.325508607198748,0.317262830482115,1,0.31619937694704,1,0.329738058551618,1,1,0.331297709923664,0,1,0.328767123287671,1,0.571648690292758,1,0.507575757575758,1,0.554364471669219,1,0.315541601255887,1,1,1,0.32,0.335901386748844,0.326378539493294,0.349206349206349,0.338118022328549,0.312210200927357,1,0.322033898305085,1,1,0.327188940092166,0.325545171339564,0.318796992481203,0.393241167434716,0.32781954887218,1,1,0.335365853658537,0.328125,0.6234375,0.587596899224806,0.326219512195122,0.321981424148607,1,0.311827956989247,0.323353293413174,0.995341614906832,0.3056,0.317972350230415,0,0.13767019667171,0.313971742543171,0.676991150442478,0.313664596273292,0.319148936170213,0.588855421686747,0.9984375,0.313846153846154,1,0.315870570107858,0.33953488372093,0.320610687022901,0.475968992248062,0.312024353120244,1,0.321538461538462,0.322884012539185,0.332288401253919,0.686363636363636,1,0.332278481012658,0.314503816793893,0,0.327718223583461,0.998439937597504,0.955453149001536,1,0.317484662576687,0.322727272727273,0.320813771517997,0.576751117734724,1,0.583732057416268,0.33695652173913,1,1,0.966666666666667,0.671317829457364,0.329770992366412,0.358461538461538,0.324655436447167,0.321212121212121,1,1,0.518633540372671,0.628304821150855,1,1,0.998500749625187,0.690363349131122,1,0.332326283987915,0.677570093457944,1,0.332307692307692,0.321372854914197,0.323390894819466,0.997014925373134,1,0.63849765258216,0.325688073394495,1,1,0.325264750378215,0.315950920245399,0.998461538461539,0,0.325,0.312111801242236,0.00768049155145929,0.316187594553706,1,0.315541601255887,1,0.143074581430746,0,0.899550224887556,0.32572298325723,1,1,0,0.00151745068285281,0.319875776397516,1,0.321766561514196,0.997045790251108,0.311526479750779,1,1,0.961832061068702,0.780674846625767,1,1,0.00612557427258806,1,0.512618296529968,0.32967032967033,0.669683257918552,0.328267477203647,1,0.310291858678955,0.667697063369397,1,1,0.318611987381703,0.605612998522895,0.333333333333333,0.580893682588598,0.97191887675507,0.331804281345566,0.598461538461538,0.0155038759689922,0.309451219512195,0.329286798179059,0.318250377073906,1,0.631975867269985,0.314285714285714,0.889922480620155,0.578369905956113,0.968181818181818,1,1,0.319444444444444,0.341307814992026,0.3125,0.321592649310873,0.320610687022901,0.608433734939759,0.310240963855422,0,0.669642857142857,0.998456790123457,0.326687116564417,0.312883435582822,0.320695102685624,0.327354260089686,0.595454545454545,1,0.328849028400598,0.333333333333333,0.331738437001595,0.321372854914197,0.317771084337349,0.316923076923077,0.193645990922844,0.675548589341693,0.31937984496124,0.591867469879518,1,0.238390092879257,0.312788906009245,0.925,1,1,0.315384615384615,0.635542168674699,1,0.31039755351682,0.303875968992248,0.956656346749226,1,1,0.996908809891808,0.323216995447648,1,1,0.897637795275591,1,0.345509893455099,1,0.583596214511041,1,0.671232876712329,0.309923664122137,0.595054095826893,1,1,0.992199687987519,0.328767123287671,0.328767123287671,0.329113924050633,0.31839258114374,0.322834645669291,0.327014218009479,0.980982567353407,0.314503816793893,1,1,0.711890243902439,0,0.320182094081942,0.316109422492401,0.675925925925926,1,0.560422960725076,0.3267776096823,0.645412130637636,0.322033898305085,0.323296354992076,1,0.314900153609831,0.315112540192926,0.692063492063492,0.905296950240771,0.326500732064422,0.592823712948518,0.571428571428571,0.325688073394495,0.330721003134796,0.30421686746988,0.584097859327217,0.674242424242424,1,0.887345679012346,1,0.66156202143951,0.996923076923077,0.576377952755906,0.326086956521739,0.325545171339564,1,1,0.422118380062305,0.99203821656051,0.996941896024465,1,0.314728682170543,0.329754601226994,1,0.321958456973294,0.676783004552352,0.333333333333333,0.453846153846154,0.30829420970266,0,0.316742081447964,1,1,0.585735963581184,0.00150829562594268,0.331269349845201,0.3296875,0.0992248062015504,0.419303797468354,1,1,0.314112291350531,1,0.410852713178295,1,0.332831325301205,0.583076923076923,0.331278890600925,0.316923076923077,1,0,1,0.310015898251192,0.326656394453005,1,1,1,0.447040498442368,1,0.322480620155039,0.618618618618619,0.332312404287902,0.327073552425665,0.0015220700152207,0.0411585365853659,1,0.624808575803982,1,0.326086956521739,0.338028169014085,1,1,0.168195718654434,0.322530864197531,1,0.898791540785498,1,0.321804511278195,0.196540880503145,0.673252279635258,1,1,1,1,1,0.289193302891933,0.306748466257669,1,0.116427432216906,0.00152905198776758,0.439209726443769,0,0.33179012345679,1,0.675384615384615,1,1,0.884792626728111,1,0.684532924961715,1,1,1,1
"201",1,1,1,1,1,1,0.701468189233279,1,1,0.099009900990099,1,0.0463258785942492,0.807817589576547,1,0.317666126418152,0.304625199362041,0.0642633228840125,0.687813021702838,1,1,0.295751633986928,0.315619967793881,1,0.160883280757098,1,0.324324324324324,0.319805194805195,1,1,0.7808,0.310509554140127,0.722397476340694,0.964912280701754,0.325842696629214,0,1,0.547049441786284,1,0.302034428794992,1,0.667197452229299,0.681458003169572,0.692307692307692,1,1,0.321311475409836,0.314516129032258,0.307931570762053,0.321259842519685,0.329635499207607,0,1,0.311811023622047,1,1,0.492706645056726,0.566284779050736,1,1,1,0.331240188383046,0.31637519872814,0.322368421052632,0.676236044657097,1,1,0.0369181380417336,1,0.0560747663551402,0.318252730109204,1,0.314785373608903,0.320066334991708,0.963875205254516,0.515873015873016,1,0.312302839116719,0.341194968553459,1,0.321428571428571,0.0894039735099338,0.327922077922078,0.324324324324324,1,0.342271293375394,1,1,1,1,0.691813804173355,1,1,0.00157232704402516,0.107936507936508,1,0.046656298600311,0,1,0.570261437908497,0.680194805194805,1,0.0522875816993464,0.320574162679426,1,0.307073954983923,1,0.680952380952381,1,0.310897435897436,0.3168,0.320251177394035,1,0.330683624801272,1,0.497667185069984,1,0.316957210776545,0.310236220472441,0.327586206896552,0.317817014446228,0.494470774091627,0.998417721518987,0.321259842519685,0.318840579710145,1,0.301916932907348,1,1,0.343548387096774,0.546165884194053,1,0.318110236220472,1,0.044478527607362,1,0.314465408805031,0.671428571428571,0.330143540669856,0.9312,0.435855263157895,0.105769230769231,0.100323624595469,1,1,0.334415584415584,1,0.32,1,0.798761609907121,1,0.321895424836601,1,1,1,1,0.337078651685393,1,0.319935691318328,0.266666666666667,1,0.317610062893082,1,0.297124600638978,0.0875796178343949,1,0.311074918566775,1,1,1,0.338006230529595,1,0.321486268174475,1,0.312101910828025,1,0.318110236220472,0.0769230769230769,1,0.639072847682119,1,1,0.315024232633279,1,1,1,1,0.326366559485531,0.310832025117739,1,0.998402555910543,0.316957210776545,0.308196721311475,1,0.467741935483871,0.671274961597542,0,0.32120253164557,0.670436187399031,1,0.324881141045959,1,0.998432601880878,1,0.322222222222222,0.319182389937107,0.328478964401294,1,1,1,0,1,0.307817589576547,0.973015873015873,0.322006472491909,0.307073954983923,0.764240506329114,1,1,1,1,1,0.0434083601286174,0.314696485623003,0.324367088607595,1,0.680314960629921,1,1,0.998397435897436,0.998420221169036,1,1,0.0031496062992126,0.331746031746032,1,0.309178743961353,1,0.299524564183835,1,1,1,1,1,0.317965023847377,1,0.488673139158576,0.327044025157233,0.326984126984127,0.315619967793881,0.317965023847377,0.333865814696486,0.40453074433657,0.331738437001595,0.315217391304348,0.313099041533546,1,0.322169059011164,1,0.684698608964451,0.314873417721519,0.3265625,0.333333333333333,1,1,1,0.264423076923077,0.307936507936508,1,0.322006472491909,0.330188679245283,0.31637519872814,0.321316614420063,0.675718849840256,1,0.321259842519685,0.312803889789303,1,0.303225806451613,1,0.315047021943574,0.316957210776545,1,1,1,0.545310015898251,1,0.684713375796178,0.0824261275272162,0.317965023847377,1,1,0.0996835443037975,0.321144674085851,0.323624595469256,1,1,0.301109350237718,0.0239234449760766,0.0016260162601626,1,1,0.339116719242902,0.998405103668262,1,0.309636650868878,1,1,0.317535545023697,1,1,1,1,0.3264,0.306376360808709,0.32626427406199,1,1,0.67246835443038,0.322115384615385,1,0.317757009345794,0.300476947535771,1,1,0.998410174880763,1,1,0.327974276527331,1,1,0.111480865224626,0.337007874015748,0.496012759170654,0.311897106109325,0.674085850556439,0.321086261980831,1,0.309328968903437,0.339256865912762,0.258785942492013,0.317683881064163,1,0.330188679245283,1,1,1,0.316639741518578,0.322429906542056,0.998420221169036,0.925986842105263,0.0633116883116883,1,0.319554848966614,0.329508196721311,0.314102564102564,1,0.330696202531646,0.486529318541997,0.325471698113208,0.314102564102564,0.315447154471545,0.307073954983923,1,0.326860841423948,1,1,0,1,0.323101777059774,1,1,1,0.330112721417069,1,0.313725490196078,1,0.82992125984252,1,1,1,0.321144674085851,1,1,0.312,0.314009661835749,1,1,0.310015898251192,0.198738170347003,1,0.998405103668262,1,0,0.313014827018122,1,0.310618066561014,0.254019292604502,1,0.67192429022082,0.433333333333333,1,1,0.675507020280811,0.694753577106518,0.350877192982456,1,0.317460317460317,1,1,0.328502415458937,1,0.9984,0.00317965023847377,0.325358851674641,1,1,0.326892109500805,1,1,0.315960912052117,0.354992076069731,1,1,1,0.50547730829421,0.308917197452229,0.345718901453958,0.321428571428571,0.331746031746032,0.689102564102564,0.332814930015552,0.333333333333333,0.309486780715397,0.245980707395498,0.314754098360656,1,0.319018404907975,0.998415213946117,0.317460317460317,0.0849056603773585,0.0485133020344288,1,1,0.0414673046251994,1,0.682316118935837,0.0415335463258786,0.00655737704918033,1,0.675632911392405,1,1,0.55609756097561,1,0,0.0774299835255354,1,1,1,0.329073482428115,0.647779479326187,0.682410423452769,0.99194847020934,1,0.984076433121019,0.304761904761905,0.355519480519481,1,0.302737520128824,1,0.357594936708861,0.106280193236715,0.309006211180124,0.323076923076923,0.340640809443508,1,0.0817610062893082,1,1,1,0.263074484944533,0.315873015873016,1,0.323051948051948,1,1,0.31496062992126,1,0.318252730109204,1,0.313099041533546,0.320967741935484,1,0.675850891410049,0.31924882629108,1,0.312,0.753205128205128,0.315873015873016,0.169303797468354,0.31937984496124,0.761750405186386,0.30983606557377,1,0.323763955342903,0.34012539184953,0.292721518987342,1,1,1,0.971428571428571,0.348408710217755,1,0.318255250403877,1,0.316053511705686,0.317757009345794,1,1,1,0.927099841521395,1,0.306027820710974,0.321711568938193,1,1,0.0488599348534202,0.0768,1,1,0.311074918566775,1,1,0.320450885668277,1,1,0.6752,0.542319749216301,1,0,1,1,0.10077519379845,0.321766561514196,1,0.32182103610675,0.998384491114701,0.964573268921095,0.998389694041868,0.813586097946288,1,0.328925619834711,1,1,1,0,0.313432835820896,1,1,0.667731629392971,1,0.3216,0.371069182389937,0.318181818181818,1,1,1,0.0903426791277259,0.320907617504052,0.0875202593192869,0.998397435897436,0.313195548489666,0.308544303797468,0.352201257861635,0,1,0.956239870340357,1,1,0.326298701298701,0.308411214953271,0.158833063209076,0.0420032310177706,0.31496062992126,0.315447154471545,0.330188679245283,0.00163398692810458,0.3168,1,0,0.322734499205087,1,1,1,0.318471337579618,0.321875,0.0391517128874388,1,0.315024232633279,0.306122448979592,1,1,0.325358851674641,0.694078947368421,1,1,0.68312101910828,1,0.309033280507132,1,0.320634920634921,0.53448275862069,0.667716535433071,0.409657320872274,1,0.300787401574803,0.313694267515924,0.678288431061807,0.66510172143975,1,0.31974921630094,1,0.329738058551618,1,0.314606741573034,0.3104,0.35426731078905,0.541269841269841,0.317880794701987,0.307817589576547,0.661264181523501,0.324492979719189,0.153719008264463,1,0,1,0.291866028708134,1,0,0.3216,0.32258064516129,1,0.0557275541795666,1,0.0894308943089431,0.341463414634146,1,0.0642054574638844,0.668789808917197,1,1,1,0.311557788944724,0.0376766091051805,1,0.420454545454545,0.0972447325769854,0.359133126934985,0.319620253164557,0.319182389937107,1,1,1,1,1,0.0667701863354037,0.995341614906832,0.687301587301587,0.0030441400304414,0.323248407643312,1,1,1,1,0.0896,0.322480620155039,1,1,1,1,1,1,0.489028213166144,0.0016025641025641,1,0.0860719874804382,0.326366559485531,0.454253611556982,1,0.384,0.312393887945671,0.3152,1,0.0410094637223975,0.324881141045959,1,1,0.372357723577236,0.306603773584906,0.31637519872814,0.320197044334975,0.998415213946117,0.324058919803601,0.320574162679426,0.417335473515249,0.317666126418152,0.971830985915493,0.319314641744548,0.0867430441898527,0.323809523809524,0,1,0.0951612903225806,0.307936507936508,0.320063694267516,0.317230273752013,1,1,1,1,1,1,0.33868378812199,1,0.320126782884311,0.319397993311037,0.610142630744849,0.676282051282051,1,1,0,0.313084112149533,0.124006359300477,0.998432601880878,0.0340909090909091,1,1,0.321486268174475,1,1,0.642394822006472,0.4281098546042,0.995468277945619,0.0865384615384615,0.0963081861958267,1,1,1,0.0878048780487805,0,0.321372854914197,0.40952380952381,0.319182389937107,0,0.330081300813008,0.0878048780487805,1,1,0.321372854914197,0.3265625,0.251980982567353,0.331723027375201,0.317535545023697,0.322169059011164,1,1,0.323624595469256,1,0,1,0.230273752012882,1,0.671899529042386,1,0.3072,0.313114754098361,0.0761904761904762,0.6801872074883,1,1,0.78330658105939,0.900662251655629,0.321027287319422,0.318032786885246,1,0.315873015873016,0.259615384615385,0.31953642384106,1,0.1072,1,1,0.319422150882825,0.68026101141925,0.302439024390244,1,1,0.312796208530806,0.31104199066874,0.320493066255778,0.870550161812298,0.31900826446281,1,0.053968253968254,1,1,0.684292379471229,0.666666666666667,0.319805194805195,0.0566343042071197,0.318327974276527,1,1,0.301765650080257,0.325878594249201,0.622848200312989,1,0.304897314375987,0.373205741626794,0.307692307692308,0.982919254658385,0.488853503184713,0.00157232704402516,0.306603773584906,0.330721003134796,0.3322528363047,0.314238952536825,0.316998468606432,0.973143759873618,1,0.32755905511811,0.548760330578512,0.683360258481422,0.247603833865815,0.682967959527825,1,0.325,0.00324149108589951,0.329093799682035,0.312302839116719,0.374407582938389,0.326860841423948,0,0.330696202531646,0.319870759289176,0.325396825396825,0.308306709265176
"202",0.998439937597504,0.998452012383901,1,1,0.998477929984779,1,0.713385826771654,1,0.998475609756098,0.0995260663507109,1,0.0462962962962963,0.813374805598756,0.998463901689708,0.309375,0.308868501529052,0.0654490106544901,0.694753577106518,0.998444790046656,0.998463901689708,0.283076923076923,0.29874213836478,0.998484848484849,0.161538461538462,0.998505231689088,0.323664122137405,0.302215189873418,0.998410174880763,0.998507462686567,0.77337559429477,0.299236641221374,0.723564954682779,0.96177370030581,0.306625577812018,0,1,0.550387596899225,1,0.294561933534743,0.998484848484849,0.671779141104294,0.685325264750378,0.694029850746269,0.998456790123457,0.998452012383901,0.307570977917981,0.300155520995334,0.305343511450382,0.319634703196347,0.318250377073906,0.0015220700152207,0.998466257668712,0.306990881458967,1,0.998459167950693,0.491499227202473,0.569422776911076,0.998461538461539,0.998493975903614,1,0.32078313253012,0.311627906976744,0.309006211180124,0.693023255813954,0.998420221169036,0.998480243161094,0.0368663594470046,0.998454404945904,0.0583832335329341,0.302255639097744,0.998468606431853,0.311827956989247,0.313880126182965,0.958990536277603,0.515197568389058,0.998516320474777,0.300751879699248,0.323353293413174,0.998502994011976,0.299363057324841,0.0884244372990354,0.317262830482115,0.314984709480122,0.998477929984779,0.328220858895706,0.998507462686567,0.998477929984779,0.998466257668712,0.998466257668712,0.698484848484848,0.998461538461539,0.998493975903614,0.00154798761609907,0.104704097116844,0.998456790123457,0.0486725663716814,0,0.998489425981873,0.569620253164557,0.684292379471229,0.998461538461539,0.0569230769230769,0.301857585139319,0.998417721518987,0.300155520995334,0.998480243161094,0.691358024691358,0.998470948012232,0.304482225656878,0.309815950920245,0.305343511450382,0.998468606431853,0.312210200927357,0.998466257668712,0.495548961424332,0.998500749625187,0.305936073059361,0.304147465437788,0.315868263473054,0.310077519379845,0.48780487804878,1,0.308980213089802,0.308049535603715,0.99851411589896,0.292609351432881,0.998527245949926,0.998509687034277,0.331804281345566,0.542986425339366,0.998402555910543,0.303405572755418,0.998444790046656,0.0435435435435435,0.998417721518987,0.308383233532934,0.68693009118541,0.321646341463415,0.930124223602484,0.422047244094488,0.100456621004566,0.0973724884080371,0.998473282442748,0.998432601880878,0.32262996941896,0.998461538461539,0.311844077961019,0.998454404945904,0.807044410413476,0.998507462686567,0.318979266347687,0.998456790123457,0.998459167950693,0.998452012383901,0.998442367601246,0.324534161490683,0.998459167950693,0.3140625,0.26179604261796,0.998470948012232,0.303353658536585,0.998489425981873,0.291021671826625,0.0880503144654088,0.998447204968944,0.305555555555556,0.998466257668712,0.998475609756098,0.998449612403101,0.328313253012048,0.998480243161094,0.316770186335404,0.998456790123457,0.301391035548686,1,0.306748466257669,0.0782208588957055,1,0.637658227848101,0.998432601880878,0.998475609756098,0.302003081664099,1,0.998461538461539,0.998461538461539,0.998459167950693,0.313271604938272,0.297904191616766,0.998417721518987,1,0.308734939759036,0.300925925925926,1,0.448854961832061,0.68,0.00155038759689922,0.315870570107858,0.679012345679012,1,0.311746987951807,0.998432601880878,1,1,0.305597579425113,0.31044776119403,0.315541601255887,0.998502994011976,1,1,0.0015748031496063,0.998470948012232,0.297507788161994,0.975155279503106,0.315541601255887,0.296923076923077,0.74885145482389,0.998447204968944,0.998489425981873,1,0.998475609756098,0.998435054773083,0.0447530864197531,0.306748466257669,0.312781954887218,0.998459167950693,0.689497716894977,1,0.998500749625187,0.996918335901387,1,0.998454404945904,0.998509687034277,0.00307692307692308,0.312217194570136,0.998477929984779,0.302936630602782,1,0.293577981651376,0.998493975903614,0.998425196850394,0.998468606431853,0.998432601880878,0.998422712933754,0.310030395136778,1,0.502347417840376,0.31651376146789,0.31306990881459,0.299373040752351,0.308282208588957,0.318461538461538,0.407751937984496,0.314984709480122,0.310291858678955,0.296520423600605,1,0.312883435582822,1,0.697744360902256,0.311827956989247,0.315151515151515,0.323943661971831,1,0.998456790123457,1,0.2601246105919,0.304147465437788,0.998477929984779,0.303405572755418,0.316417910447761,0.302469135802469,0.306184012066365,0.694189602446483,0.998454404945904,0.313935681470138,0.30568356374808,0.998447204968944,0.29093799682035,0.998484848484849,0.29940119760479,0.308396946564885,0.9984375,0.998447204968944,0.998461538461539,0.544049459041731,0.998439937597504,0.696734059097978,0.0828313253012048,0.308157099697885,0.998475609756098,0.998425196850394,0.1,0.305597579425113,0.319875776397516,1,0.998470948012232,0.289433384379786,0.0229709035222052,0.00153846153846154,0.998442367601246,0.998415213946117,0.329323308270677,0.996908809891808,0.998518518518518,0.303030303030303,1,0.998482549317147,0.306278713629403,0.998452012383901,0.998444790046656,0.998463901689708,0.998459167950693,0.319938176197836,0.300295857988166,0.314375987361769,0.998456790123457,0.998452012383901,0.684931506849315,0.299531981279251,0.998432601880878,0.305810397553517,0.295839753466872,1,0.998500749625187,1,0.998463901689708,0.998454404945904,0.321538461538462,0.998470948012232,0.998447204968944,0.108490566037736,0.32370820668693,0.481538461538462,0.294298921417565,0.687789799072643,0.305936073059361,0.998498498498498,0.307098765432099,0.318529862174579,0.261068702290076,0.314759036144578,1,0.31892697466468,0.998454404945904,0.998456790123457,1,0.302469135802469,0.311011904761905,1,0.921507064364207,0.0660377358490566,0.998449612403101,0.300604229607251,0.306603773584906,0.302936630602782,0.998442367601246,0.318112633181126,0.474885844748858,0.318250377073906,0.3,0.306836248012719,0.295133437990581,0.998505231689088,0.311145510835913,0.998432601880878,0.998456790123457,0.00154320987654321,0.998439937597504,0.311827956989247,0.998466257668712,1,0.998425196850394,0.31875,0.998470948012232,0.30188679245283,0.998500749625187,0.842185128983308,0.998477929984779,0.998439937597504,0.998466257668712,0.302431610942249,1,0.998435054773083,0.297872340425532,0.300613496932515,1,0.998449612403101,0.304675716440422,0.187214611872146,0.998427672955975,1,0.998480243161094,0.00152671755725191,0.30521472392638,0.998415213946117,0.305471124620061,0.247692307692308,1,0.680555555555556,0.428139183055976,1,0.998468606431853,0.68575624082232,0.71319018404908,0.339477726574501,0.998466257668712,0.312883435582822,0.998456790123457,1,0.321538461538462,0.998468606431853,1,0.0076103500761035,0.315870570107858,0.998463901689708,0.998454404945904,0.314241486068111,0.998500749625187,0.998422712933754,0.305426356589147,0.332824427480916,1,1,1,0.533333333333333,0.302290076335878,0.3328173374613,0.305847076461769,0.31839258114374,0.702028081123245,0.315315315315315,0.312788906009245,0.302571860816944,0.247295208655332,0.310832025117739,0.998491704374057,0.30920060331825,1,0.300462249614792,0.082962962962963,0.0505952380952381,0.998500749625187,1,0.0396341463414634,1,0.693693693693694,0.0459418070444104,0.00927357032457496,0.998491704374057,0.689497716894977,0.998449612403101,0.998480243161094,0.546728971962617,0.998489425981873,0.00151285930408472,0.0763239875389408,1,0.998498498498498,1,0.307210031347962,0.664705882352941,0.703525641025641,0.990922844175492,0.998447204968944,0.986384266263237,0.29320987654321,0.332298136645963,0.998470948012232,0.289269051321928,0.998484848484849,0.353941267387944,0.103610675039246,0.294027565084227,0.311844077961019,0.321724709784411,1,0.0819423368740516,0.998509687034277,0.998405103668262,1,0.26497005988024,0.308777429467085,0.9984375,0.316436251920123,0.998407643312102,0.998417721518987,0.29803328290469,0.998459167950693,0.306451612903226,1,0.304953560371517,0.305343511450382,0.998489425981873,0.681538461538462,0.308148148148148,1,0.304212168486739,0.768992248062015,0.301204819277108,0.165905631659056,0.307346326836582,0.76219512195122,0.296754250386399,0.998417721518987,0.32,0.326283987915408,0.28129829984544,0.998463901689708,1,0.998507462686567,0.968404423380727,0.333868378812199,0.998444790046656,0.316770186335404,0.998454404945904,0.305466237942122,0.308035714285714,0.998487140695915,0.998432601880878,1,0.922256097560976,0.998502994011976,0.30952380952381,0.312977099236641,0.998502994011976,1,0.0483619344773791,0.0808709175738725,0.998454404945904,0.998449612403101,0.294573643410853,0.998468606431853,0.998500749625187,0.302147239263804,0.998422712933754,0.998461538461539,0.688854489164087,0.541106128550075,1,0.00147058823529412,0.998432601880878,0.998473282442748,0.100890207715134,0.314152410575428,1,0.314152410575428,1,0.964831804281346,1,0.825563909774436,0.998456790123457,0.322734499205087,0.998466257668712,1,0.998439937597504,0,0.304897314375987,0.998397435897436,0.998480243161094,0.683307332293292,0.998470948012232,0.309707241910632,0.349693251533742,0.308396946564885,1,1,0.998466257668712,0.0870870870870871,0.320813771517997,0.093167701863354,1,0.30421686746988,0.300455235204856,0.340298507462687,0.0015600624024961,1,0.95565749235474,0.998484848484849,0.998477929984779,0.320552147239264,0.299107142857143,0.15668202764977,0.0384615384615385,0.30640243902439,0.302469135802469,0.312883435582822,0.0015625,0.305810397553517,0.998482549317147,0.00155038759689922,0.309667673716012,0.998491704374057,0.998454404945904,0.998470948012232,0.310708898944193,0.307926829268293,0.0377952755905512,0.998482549317147,0.306376360808709,0.298484848484848,0.998470948012232,0.998480243161094,0.29984544049459,0.706070287539936,0.998415213946117,1,0.698315467075038,0.998493975903614,0.295180722891566,0.998435054773083,0.30568356374808,0.534246575342466,0.680851063829787,0.403249630723781,0.998477929984779,0.293494704992436,0.308396946564885,0.685975609756098,0.675226586102719,0.998459167950693,0.321699544764795,1,0.316964285714286,0.998444790046656,0.307332293291732,0.302325581395349,0.344563552833078,0.516030534351145,0.30298273155416,0.301092043681747,0.67629179331307,0.30316742081448,0.151757188498403,1,0.00151285930408472,1,0.283513097072419,0.998477929984779,0.00152439024390244,0.309119010819165,0.314728682170543,0.998442367601246,0.0576070901033973,0.998493975903614,0.087962962962963,0.332824427480916,0.998435054773083,0.0638297872340425,0.679626749611198,0.998468606431853,1,1,0.301587301587302,0.04047976011994,0.998466257668712,0.429457364341085,0.0914728682170543,0.347560975609756,0.315548780487805,0.321907600596125,0.998466257668712,1,0.998425196850394,1,1,0.0686567164179104,0.996946564885496,0.695915279878971,0.00294117647058824,0.312594840667678,0.998477929984779,0.998456790123457,0.998420221169036,0.998507462686567,0.0847457627118644,0.304804804804805,1,0.998452012383901,0.998430141287284,0.998449612403101,1,0.998444790046656,0.490225563909774,0.00314465408805031,0.998454404945904,0.0873493975903614,0.30781010719755,0.434108527131783,1,0.386435331230284,0.301435406698565,0.306153846153846,0.998459167950693,0.0426829268292683,0.308868501529052,0.998466257668712,1,0.357710651828299,0.301059001512859,0.305343511450382,0.311912225705329,1,0.316279069767442,0.314199395770393,0.408256880733945,0.302795031055901,0.974664679582712,0.300295857988166,0.0870253164556962,0.319571865443425,0,0.998463901689708,0.0889235569422777,0.302795031055901,0.311349693251534,0.315707620528771,0.998475609756098,0.998463901689708,0.998412698412698,0.998470948012232,0.998444790046656,0.998442367601246,0.313385826771654,1,0.30568356374808,0.307060755336617,0.593893129770992,0.684375,1,0.998477929984779,0.00151285930408472,0.316742081447964,0.119448698315467,1,0.0367534456355283,0.998447204968944,0.998425196850394,0.310077519379845,0.998456790123457,0.998407643312102,0.615987460815047,0.4032,0.997071742313324,0.0818897637795276,0.0974842767295598,0.998475609756098,1,0.998463901689708,0.0878787878787879,0,0.309559939301973,0.4209726443769,0.302255639097744,0.00151285930408472,0.31619937694704,0.0904836193447738,0.998459167950693,0.998432601880878,0.306990881458967,0.307692307692308,0.243161094224924,0.329704510108865,0.306766917293233,0.312788906009245,0.998456790123457,1,0.312796208530806,0.998527245949926,0.0015220700152207,0.998461538461539,0.231481481481481,0.998439937597504,0.688922610015175,0.998482549317147,0.298165137614679,0.295238095238095,0.0721966205837174,0.688449848024316,0.998463901689708,0.998447204968944,0.801857585139319,0.896875,0.311811023622047,0.299050632911392,0.998482549317147,0.312210200927357,0.262345679012346,0.308892355694228,0.998507462686567,0.099236641221374,0.998452012383901,0.998417721518987,0.302431610942249,0.688188976377953,0.297213622291022,1,0.998475609756098,0.29803328290469,0.294656488549618,0.308623298033283,0.853080568720379,0.303875968992248,0.998473282442748,0.0558069381598793,0.998468606431853,0.998430141287284,0.698776758409786,0.660550458715596,0.31496062992126,0.0563165905631659,0.317411402157165,0.998444790046656,1,0.300155520995334,0.324074074074074,0.62178517397882,0.998466257668712,0.300911854103343,0.370702541106129,0.302255639097744,0.985074626865672,0.4765625,0.00610687022900763,0.29803328290469,0.312406576980568,0.3203125,0.309148264984227,0.309309309309309,0.973013493253373,0.998447204968944,0.306278713629403,0.552715654952077,0.688372093023256,0.243609022556391,0.691222570532915,1,0.319508448540707,0.00463678516228748,0.319444444444444,0.303030303030303,0.358433734939759,0.314984709480122,0.00151745068285281,0.323262839879154,0.313572542901716,0.309597523219814,0.306278713629403
"203",1,1,1,1,1,1,0.695924764890282,1,1,0.0888888888888889,1,0.0444104134762634,0.822047244094488,1,0.310509554140127,0.305295950155763,0.0598159509202454,0.685393258426966,1,1,0.286384976525822,0.310618066561014,1,0.155864197530864,1,0.320433436532508,0.3088,1,1,0.781102362204724,0.301261829652997,0.730474732006126,0.964615384615385,0.30564263322884,0,1,0.546728971962617,1,0.298937784522003,1,0.673374613003096,0.68380062305296,0.691717791411043,1,1,0.315024232633279,0.313084112149533,0.310664605873261,0.321592649310873,0.31859756097561,0,1,0.308166409861325,1,1,0.495297805642633,0.563380281690141,1,1,1,0.323216995447648,0.317034700315457,0.306603773584906,0.690625,1,1,0.0376175548589342,1,0.0531107738998483,0.31859756097561,1,0.309707241910632,0.3216,0.960443037974684,0.518053375196232,1,0.305426356589147,0.332824427480916,1,0.315533980582524,0.0791599353796446,0.325396825396825,0.318181818181818,1,0.336973478939158,1,1,1,1,0.693023255813954,1,1,0.0015527950310559,0.093167701863354,1,0.0468277945619335,0,1,0.561996779388084,0.678288431061807,1,0.0529595015576324,0.30625,1,0.31496062992126,1,0.68380062305296,1,0.311320754716981,0.32182103610675,0.317262830482115,1,0.320813771517997,1,0.496941896024465,1,0.313755795981453,0.301538461538462,0.324734446130501,0.31875,0.486024844720497,1,0.317972350230415,0.30952380952381,1,0.31104199066874,1,1,0.329704510108865,0.543511450381679,1,0.314465408805031,1,0.0434131736526946,1,0.316666666666667,0.67530487804878,0.324492979719189,0.934375,0.419968304278922,0.0934579439252336,0.0880503144654088,1,1,0.33125,1,0.311550151975684,1,0.810185185185185,1,0.320063694267516,1,1,1,1,0.325949367088608,1,0.321928460342146,0.255742725880551,1,0.317972350230415,1,0.302034428794992,0.080824088748019,1,0.309409888357257,1,1,1,0.330289193302892,1,0.318252730109204,1,0.306501547987616,1,0.326530612244898,0.0679012345679012,1,0.640650406504065,1,1,0.310832025117739,1,1,1,1,0.320754716981132,0.304953560371517,1,1,0.31832298136646,0.304552590266876,1,0.443234836702955,0.668674698795181,0,0.316846986089645,0.672811059907834,1,0.321156773211568,1,1,1,0.313935681470138,0.322188449848024,0.3216,1,1,1,0,1,0.298555377207063,0.976923076923077,0.317034700315457,0.301092043681747,0.738724727838258,1,1,1,1,1,0.0454545454545455,0.314465408805031,0.321372854914197,1,0.684049079754601,1,1,0.998432601880878,1,1,1,0.00460829493087558,0.312307692307692,1,0.311811023622047,1,0.295731707317073,1,1,1,1,1,0.311811023622047,1,0.503134796238245,0.323076923076923,0.320726172465961,0.303030303030303,0.321372854914197,0.324367088607595,0.403785488958991,0.325038880248834,0.320061255742726,0.3,1,0.321428571428571,1,0.687116564417178,0.307098765432099,0.316030534351145,0.326498422712934,1,1,1,0.2574568288854,0.304347826086957,1,0.313664596273292,0.326836581709145,0.305555555555556,0.319875776397516,0.684867394695788,1,0.323170731707317,0.315047021943574,1,0.297770700636943,1,0.303490136570561,0.306729264475743,1,1,1,0.540958268933539,1,0.694227769110764,0.0691729323308271,0.309859154929577,1,1,0.0895061728395062,0.317972350230415,0.320574162679426,1,1,0.304012345679012,0.0231481481481481,0.00317965023847377,1,1,0.334848484848485,1,1,0.303543913713405,1,1,0.315301391035549,1,1,1,1,0.32967032967033,0.301829268292683,0.324281150159744,1,1,0.674454828660436,0.3078125,1,0.315548780487805,0.289719626168224,1,1,1,1,1,0.326594090202177,1,1,0.094551282051282,0.328725038402458,0.478806907378336,0.3,0.675632911392405,0.318529862174579,1,0.310185185185185,0.328125,0.254263565891473,0.31651376146789,1,0.31866464339909,1,1,1,0.307210031347962,0.31441717791411,1,0.93192868719611,0.0641025641025641,1,0.314241486068111,0.315047021943574,0.304897314375987,1,0.325688073394495,0.477308294209703,0.325545171339564,0.307210031347962,0.304278922345483,0.303125,1,0.315955766192733,1,1,0,1,0.325545171339564,1,1,1,0.326625386996904,1,0.309033280507132,1,0.844615384615385,1,1,1,0.309815950920245,1,1,0.3109375,0.304212168486739,1,1,0.303875968992248,0.181114551083591,1,1,1,0,0.30952380952381,1,0.307453416149068,0.245696400625978,1,0.684375,0.433846153846154,1,1,0.688059701492537,0.706436420722135,0.343799058084772,1,0.319938176197836,1,1,0.325545171339564,1,1,0.00947867298578199,0.320754716981132,1,1,0.312302839116719,1,1,0.300787401574803,0.329704510108865,1,1,1,0.532824427480916,0.303738317757009,0.33968253968254,0.313725490196078,0.325617283950617,0.696540880503145,0.331240188383046,0.32348367029549,0.306748466257669,0.235747303543914,0.313971742543171,1,0.31859756097561,1,0.303265940902022,0.0778443113772455,0.0508221225710015,1,1,0.0395738203957382,1,0.686064318529862,0.043343653250774,0.0125984251968504,1,0.68944099378882,1,1,0.541864139020537,1,0,0.0651828298887122,1,1,1,0.31974921630094,0.651651651651652,0.691437802907916,0.993846153846154,1,0.9890625,0.309707241910632,0.343898573692552,1,0.297637795275591,1,0.369230769230769,0.092948717948718,0.303265940902022,0.315151515151515,0.326699834162521,1,0.0748091603053435,1,1,1,0.256923076923077,0.315286624203822,1,0.32182103610675,1,1,0.306748466257669,1,0.322822822822823,1,0.310236220472441,0.320433436532508,1,0.678571428571429,0.309230769230769,1,0.306709265175719,0.771121351766513,0.311649016641452,0.155763239875389,0.318181818181818,0.767036450079239,0.30379746835443,1,0.321100917431193,0.329249617151608,0.289099526066351,1,1,1,0.971107544141252,0.349358974358974,1,0.317965023847377,1,0.314845024469821,0.31892697466468,1,1,1,0.927899686520376,1,0.303490136570561,0.315789473684211,1,1,0.045958795562599,0.0772870662460568,1,1,0.315047021943574,1,1,0.308411214953271,1,1,0.686520376175549,0.540581929555896,1,0,1,1,0.087218045112782,0.318110236220472,1,0.317683881064163,1,0.96656050955414,1,0.831530139103555,1,0.326433121019108,1,1,1,0,0.313195548489666,1,1,0.674015748031496,1,0.310236220472441,0.355384615384615,0.317972350230415,1,1,1,0.0753846153846154,0.321543408360129,0.0850722311396469,1,0.305555555555556,0.300925925925926,0.343167701863354,0,1,0.95679012345679,1,1,0.323248407643312,0.30381679389313,0.15,0.0391849529780564,0.313880126182965,0.313572542901716,0.322530864197531,0.00157977883096367,0.304212168486739,1,0,0.31859756097561,1,1,1,0.310769230769231,0.319571865443425,0.032626427406199,1,0.313178294573643,0.30781010719755,1,1,0.317411402157165,0.701298701298701,1,1,0.686335403726708,1,0.30441400304414,1,0.320813771517997,0.531107738998483,0.6734375,0.396423248882265,1,0.303303303303303,0.305426356589147,0.687595712098009,0.673343605546995,1,0.317757009345794,1,0.320061255742726,1,0.314553990610329,0.306477093206951,0.347758887171561,0.512461059190031,0.318327974276527,0.304552590266876,0.671361502347418,0.313364055299539,0.135922330097087,1,0,1,0.294488188976378,1,0,0.317111459968603,0.310126582278481,1,0.0552238805970149,1,0.0762052877138414,0.336463223787167,1,0.0598159509202454,0.679447852760736,1,1,1,0.31219512195122,0.0439393939393939,1,0.428571428571429,0.0818897637795276,0.345622119815668,0.32398753894081,0.316590563165906,1,1,1,1,1,0.0619335347432024,0.995447647951442,0.687306501547988,0.00446428571428571,0.328725038402458,1,1,1,1,0.0751533742331288,0.310664605873261,1,1,1,1,1,1,0.485451761102603,0.00158227848101266,1,0.0781010719754977,0.317683881064163,0.43167701863354,1,0.392464678178964,0.310679611650485,0.307098765432099,1,0.0386398763523957,0.313271604938272,1,1,0.371653543307087,0.311827956989247,0.311216429699842,0.310618066561014,1,0.318252730109204,0.3203125,0.400936037441498,0.313664596273292,0.973926380368098,0.302891933028919,0.0737179487179487,0.317111459968603,0,1,0.0738993710691824,0.306349206349206,0.313291139240506,0.311216429699842,1,1,1,1,1,1,0.3203125,1,0.328149300155521,0.308080808080808,0.598449612403101,0.678740157480315,1,1,0,0.309341500765697,0.111111111111111,1,0.0373831775700935,1,1,0.316211878009631,1,1,0.624801271860095,0.396774193548387,0.99554234769688,0.073482428115016,0.0936507936507937,1,1,1,0.08125,0,0.313455657492355,0.413953488372093,0.305007587253414,0,0.324281150159744,0.0867507886435331,1,1,0.310291858678955,0.311248073959938,0.243328100470958,0.330173775671406,0.303875968992248,0.315151515151515,1,1,0.321259842519685,1,0,1,0.22360248447205,1,0.678018575851393,1,0.309006211180124,0.30173775671406,0.0669781931464174,0.676829268292683,1,1,0.791601866251944,0.891233766233766,0.313880126182965,0.3125,1,0.315047021943574,0.253125,0.314285714285714,1,0.0909090909090909,1,1,0.309006211180124,0.681962025316456,0.300940438871473,1,1,0.296923076923077,0.304347826086957,0.316923076923077,0.856692913385827,0.310509554140127,1,0.0564024390243902,1,1,0.697709923664122,0.650470219435737,0.321656050955414,0.0492845786963434,0.32182103610675,1,1,0.301412872841444,0.32182103610675,0.62596599690881,1,0.301075268817204,0.361963190184049,0.304012345679012,0.984544049459042,0.482539682539683,0.00469483568075117,0.30077519379845,0.31969696969697,0.329581993569132,0.312903225806452,0.31866464339909,0.972477064220184,1,0.313971742543171,0.554140127388535,0.689655172413793,0.2328125,0.68860353130016,1,0.320373250388802,0.00314465408805031,0.320813771517997,0.306153846153846,0.351851851851852,0.311605723370429,0,0.334360554699538,0.310015898251192,0.320695102685624,0.3046875
"204",0.297124600638978,0.307936507936508,0.3198127925117,0.327503974562798,0.3109375,0.304416403785489,0.00950871632329636,0.319047619047619,0.31055900621118,0.582802547770701,0.316279069767442,0.651771956856703,0.50788643533123,0.322327044025157,0.996830427892235,0.996870109546166,0.630769230769231,0.00163398692810458,0.325320512820513,0.308661417322835,0.996840442338073,0.996845425867508,0.326120556414219,0.51875,0.306278713629403,0.998439937597504,0.996845425867508,0.332797427652733,0.307926829268293,0.522012578616352,0.996870109546166,0.584496124031008,0.360060514372163,0.995268138801262,0.665086887835703,0.303776683087028,0.145962732919255,0.323076923076923,0.996923076923077,0.306027820710974,0.00316455696202532,0.00310077519379845,0.00303951367781155,0.323763955342903,0.312,0.998402555910543,0.992150706436421,0.996927803379416,0.996927803379416,0.996927803379416,0.694189602446483,0.322061191626409,0.998466257668712,0.326498422712934,0.312597200622084,0.811819595645412,0.137096774193548,0.322378716744914,0.306501547987616,0.315457413249211,0.989197530864197,0.998430141287284,0.996875,0.00627943485086342,0.31139646869984,0.31875,0.663009404388715,0.32348367029549,0.618181818181818,0.998480243161094,0.31839258114374,0.99685534591195,0.996784565916399,0.284345047923323,0.17457886676876,0.314074074074074,0.996894409937888,0.996932515337423,0.321483771251932,0.998394863563403,0.607843137254902,0.998420221169036,0.998417721518987,0.323574730354391,0.996946564885496,0.319340329835082,0.308176100628931,0.323390894819466,0.31201248049922,0.0015600624024961,0.313694267515924,0.327272727272727,0.697492163009404,0.595015576323987,0.303937007874016,0.645454545454546,0.684129429892142,0.308755760368664,0.132075471698113,0.0015625,0.309119010819165,0.625585023400936,0.998432601880878,0.3152,0.996840442338073,0.313385826771654,0.00304878048780488,0.321928460342146,0.996845425867508,0.996923076923077,0.998466257668712,0.305900621118012,0.993779160186625,0.321981424148607,0.210365853658537,0.306306306306306,0.996875,0.380733944954128,0.996927803379416,0.996894409937888,0.215408805031447,0.313084112149533,0.996955859969559,0.996845425867508,0.31969696969697,0.998454404945904,0.312874251497006,0.314984709480122,0.373846153846154,0.770061728395062,0.313385826771654,0.998425196850394,0.322169059011164,0.644916540212443,0.33063209076175,1,0.00469483568075117,0.996870109546166,0.364632237871674,0.897893030794165,0.594679186228482,0.609375,0.312989045383412,0.323717948717949,0.996865203761755,0.313271604938272,0.997001499250375,0.302652106084243,0.502318392581144,0.321592649310873,0.998420221169036,0.307453416149068,0.308056872037915,0.3232,0.31974921630094,0.9984375,0.310452418096724,0.996835443037975,0.441497659906396,0.31839258114374,0.996923076923077,0.317411402157165,0.996899224806202,0.59717868338558,0.309033280507132,0.996870109546166,0.318252730109204,0.310185185185185,0.326530612244898,0.986196319018405,0.321766561514196,0.996884735202492,0.318818040435459,0.996860282574568,0.317152103559871,0.998415213946117,0.598159509202454,0.298299845440495,0.0359477124183007,0.300157977883096,0.316279069767442,0.996794871794872,0.29874213836478,0.32182103610675,0.324655436447167,0.329754601226994,0.996870109546166,1,0.319422150882825,0.320872274143302,0.996932515337423,0.998410174880763,0.314152410575428,0.255813953488372,0.0209895052473763,0.686335403726708,0.998461538461539,0.00467289719626168,0.313271604938272,0.998489425981873,0.322222222222222,0.305597579425113,0.313935681470138,1,0.996941896024465,0.996810207336523,0.321156773211568,0.312803889789303,0.315301391035549,0.683042789223455,0.298273155416013,0.998432601880878,0.336507936507937,0.996810207336523,0.998415213946117,0.454121306376361,0.319554848966614,0.327666151468315,0.324534161490683,0.30077519379845,0.311111111111111,0.647058823529412,0.99685534591195,0.996908809891808,0.312883435582822,0.00619195046439629,0.323619631901841,0.315068493150685,0.321428571428571,0.306027820710974,0.293185419968304,0.317220543806647,0.703875968992248,0.37403400309119,0.303265940902022,0.998407643312102,0.322327044025157,0.996923076923077,0.306990881458967,0.303370786516854,0.315625,0.330696202531646,0.310015898251192,0.998459167950693,0.314728682170543,0.789719626168224,0.996865203761755,0.996951219512195,0.995222929936306,0.996860282574568,0.998415213946117,0.90521327014218,0.9984375,0.996889580093313,0.998456790123457,0.310502283105023,0.996840442338073,0.32258064516129,0.00152905198776758,0.996937212863706,0.395136778115502,0.996815286624204,0.31911532385466,0.31924882629108,0.30952380952381,0.42332268370607,0.996918335901387,0.323574730354391,0.998407643312102,0.996932515337423,0.996899224806202,0.996923076923077,0.00308166409861325,0.310236220472441,0.996941896024465,0.9968,0.321316614420063,0.996820349761526,0.314241486068111,0.996927803379416,0.996918335901387,0.316358024691358,0.318979266347687,0.298136645962733,0.159375,0.317757009345794,0.00314465408805031,0.606334841628959,0.998449612403101,0.315870570107858,0.315625,0.589147286821705,0.996913580246914,0.996805111821086,0.322528363047002,0.330203442879499,0.996918335901387,0.6609375,0.703821656050955,0.306477093206951,0.3125,0.993874425727412,0.324492979719189,0.30381679389313,0.996918335901387,0.312989045383412,0.31306990881459,0.998435054773083,0.298412698412698,0.3109375,0.315707620528771,0.313479623824451,0.998447204968944,0.996974281391831,0.998392282958199,0.305900621118012,0.322378716744914,0.0108191653786708,0.992125984251969,0.326923076923077,0.996894409937888,0.996835443037975,0.3125,0.326153846153846,0.298003072196621,0.314641744548287,0.317073170731707,0.99685534591195,0.301261829652997,0.305511811023622,0.5796875,0.996913580246914,0.844936708860759,0.998410174880763,0.0031104199066874,0.996904024767802,0.321752265861027,1,0.996884735202492,0.42572741194487,0.996904024767802,0.318979266347687,0.996996996996997,0.305863708399366,0.302034428794992,0.316770186335404,0.998420221169036,0.998468606431853,0.320433436532508,0.385852090032154,0.620689655172414,0.302884615384615,0.996889580093313,0.996845425867508,1,0.317307692307692,0.996918335901387,0.210691823899371,0.996927803379416,0.996850393700787,0.996830427892235,0.99685534591195,0.320433436532508,1,0.311793214862682,0.328197226502311,0.6796875,0.3078125,0.998427672955975,0.325581395348837,0.314759036144578,0.314696485623003,0.996815286624204,0.302147239263804,0.996835443037975,0.315789473684211,0.475460122699386,0.321044546850998,0.322327044025157,0.309923664122137,0.998461538461539,0.32484076433121,0.308056872037915,0.996899224806202,0.996865203761755,0.315384615384615,0.300155520995334,0.996889580093313,0.483076923076923,0.312101910828025,0.316923076923077,0.322137404580153,0.682888540031397,0.996815286624204,0.2928,0.996951219512195,0.425233644859813,0.30625,0.00310077519379845,0.871951219512195,0.313385826771654,0.310832025117739,0.00302114803625378,0.0344287949921753,0.978021978021978,0.309968847352025,0.996927803379416,0.309033280507132,0.314785373608903,0.998415213946117,0.320373250388802,0.316037735849057,0.677621283255086,0.998439937597504,0.323854660347551,0.315873015873016,0.998415213946117,0.315467075038285,0.303571428571429,0.996835443037975,0.34009360374415,0.306349206349206,0.310664605873261,0.322834645669291,0.784615384615385,1,0.985714285714286,0.996978851963746,0.996875,0.0046801872074883,0.996932515337423,0.992175273865415,0.998484848484849,0.440124416796268,0.995230524642289,0.304747320061256,0.992295839753467,0.331210191082803,0.995334370139969,0.609422492401216,0.640552995391705,0.306153846153846,0.317484662576687,0.649612403100775,0.316535433070866,0.00305810397553517,0.6390625,0.691107644305772,0.314329738058552,0.0031055900621118,0.313479623824451,0.313271604938272,0.776545166402536,0.325038880248834,0.688783570300158,0.609794628751975,0.3125,0.311827956989247,0.301412872841444,0.9968,0.0328358208955224,0.00162074554294976,0.321100917431193,0.31924882629108,0.323619631901841,0.996889580093313,0.342767295597484,0.31055900621118,0.996840442338073,0.305426356589147,0.936825885978428,0.579617834394904,0.996951219512195,0.998480243161094,0.991735537190083,0.319018404907975,0.609230769230769,0.318250377073906,0.308441558441558,0.309748427672956,0.42967542503864,0.996850393700787,0.302795031055901,0.996789727126806,0.324281150159744,0.315024232633279,0.996904024767802,0.318681318681319,0.996992481203008,0.323854660347551,0.998447204968944,0.996884735202492,0.314728682170543,0.003125,0.996978851963746,0.31619937694704,0.996830427892235,0.561622464898596,0.996941896024465,0.509345794392523,1,0.563981042654028,0.996840442338073,0.312796208530806,1,0.996918335901387,0.998442367601246,0.309597523219814,0.316957210776545,0.317557251908397,0.340909090909091,0.337620578778135,0.308176100628931,0.996825396825397,0.315541601255887,0.996763754045307,0.996969696969697,0.318461538461538,0.312202852614897,0.317293233082707,0.381026438569207,0.321044546850998,0.996978851963746,0.996860282574568,0.329173166926677,0.319182389937107,0.639625585023401,0.601910828025478,0.313971742543171,0.310618066561014,0.996805111821086,0.30298273155416,0.315467075038285,1,0.304838709677419,0.304821150855365,0.00311526479750779,0.148318042813456,0.312796208530806,0.677177177177177,0.31201248049922,0.313178294573643,0.606382978723404,0.996870109546166,0.313971742543171,0.996889580093313,0.310452418096724,0.344287949921753,0.31201248049922,0.472222222222222,0.310126582278481,0.996794871794872,0.319314641744548,0.321766561514196,0.326366559485531,0.686153846153846,0.998397435897436,0.323854660347551,0.313664596273292,0.00309597523219814,0.323574730354391,0.996870109546166,0.947286821705426,0.998456790123457,0.316770186335404,0.325617283950617,0.314641744548287,0.592933947772657,0.998402555910543,0.600315955766193,0.327586206896552,0.998447204968944,0.996918335901387,0.964396284829721,0.677672955974843,0.326530612244898,0.357142857142857,0.313971742543171,0.308396946564885,0.996830427892235,0.996918335901387,0.517460317460318,0.631496062992126,0.998430141287284,0.996860282574568,0.996937212863706,0.700320512820513,0.996913580246914,0.316590563165906,0.684126984126984,0.998468606431853,0.322429906542056,0.311708860759494,0.317535545023697,0.996923076923077,0.998461538461539,0.65415986949429,0.323076923076923,0.996820349761526,0.998452012383901,0.320872274143302,0.305164319248826,0.998439937597504,0.00325732899022801,0.304897314375987,0.300940438871473,0.0062992125984252,0.313935681470138,0.996955859969559,0.311004784688995,0.996865203761755,0.156441717791411,0.00309597523219814,0.90785498489426,0.326086956521739,0.998482549317147,0.996904024767802,0.00303030303030303,0.00453172205438067,0.31832298136646,0.996923076923077,0.309904153354633,0.995515695067265,0.30952380952381,0.998439937597504,0.996865203761755,0.957613814756672,0.778471138845554,0.998430141287284,0.998435054773083,0.00467289719626168,0.996927803379416,0.52724358974359,0.325545171339564,0.679626749611198,0.320433436532508,0.998427672955975,0.311627906976744,0.670769230769231,0.996899224806202,0.998392282958199,0.309262166405024,0.626307922272048,0.329249617151608,0.58740157480315,0.966719492868463,0.323943661971831,0.610852713178295,0.0141065830721003,0.310832025117739,0.3140625,0.321483771251932,0.996768982229402,0.638591117917305,0.305471124620061,0.880573248407643,0.597444089456869,0.964723926380368,0.998456790123457,0.998468606431853,0.315047021943574,0.338141025641026,0.308306709265176,0.317411402157165,0.312693498452012,0.63013698630137,0.310769230769231,0.00309597523219814,0.683183183183183,0.995356037151703,0.324116743471582,0.304278922345483,0.312399355877617,0.324200913242009,0.616822429906542,0.996960486322188,0.321752265861027,0.324921135646688,0.325878594249201,0.32018927444795,0.308049535603715,0.315955766192733,0.204615384615385,0.685624012638231,0.316118935837246,0.604327666151468,0.996904024767802,0.25434439178515,0.314241486068111,0.917065390749601,0.996768982229402,0.998461538461539,0.308527131782946,0.643856920684292,0.996904024767802,0.311728395061728,0.300623052959502,0.95253164556962,0.998477929984779,0.998444790046656,0.993620414673046,0.317972350230415,0.998397435897436,1,0.905063291139241,0.996860282574568,0.342987804878049,0.996941896024465,0.604761904761905,0.996870109546166,0.674961119751166,0.304953560371517,0.606583072100313,1,0.996860282574568,0.993740219092332,0.322480620155039,0.322981366459627,0.32258064516129,0.316118935837246,0.326465927099842,0.322834645669291,0.984025559105431,0.313364055299539,0.996899224806202,0.996683250414594,0.722049689440994,0.00315955766192733,0.315384615384615,0.318461538461538,0.680124223602484,0.998452012383901,0.574303405572755,0.321538461538462,0.65251572327044,0.312597200622084,0.318037974683544,1,0.309636650868878,0.323432343234323,0.699530516431925,0.912621359223301,0.326440177252585,0.604166666666667,0.586370839936609,0.329173166926677,0.322784810126582,0.299539170506912,0.596006144393241,0.68062015503876,0.996918335901387,0.881329113924051,0.996913580246914,0.675925925925926,0.9952,0.59935379644588,0.31201248049922,0.325434439178515,0.996923076923077,0.996894409937888,0.435458786936236,0.992088607594937,0.996927803379416,0.996918335901387,0.308661417322835,0.327160493827161,0.996850393700787,0.311377245508982,0.684049079754601,0.3265625,0.454258675078864,0.297507788161994,0.0031055900621118,0.3003003003003,0.996850393700787,0.9968,0.603125,0.00309597523219814,0.333333333333333,0.323390894819466,0.101748807631161,0.415458937198068,0.998425196850394,0.9968,0.314152410575428,0.996879875195008,0.413249211356467,0.996815286624204,0.327743902439024,0.598116169544741,0.322884012539185,0.312101910828025,0.9984375,0.00324149108589951,0.996805111821086,0.304487179487179,0.31496062992126,0.996889580093313,0.9984375,0.996969696969697,0.449526813880126,0.998392282958199,0.311526479750779,0.62596599690881,0.32398753894081,0.320063694267516,0.0045662100456621,0.0475435816164818,0.996753246753247,0.627760252365931,0.996825396825397,0.324074074074074,0.330173775671406,0.996825396825397,0.996845425867508,0.1796875,0.313664596273292,0.996884735202492,0.901065449010654,0.998449612403101,0.320121951219512,0.210526315789474,0.671826625386997,0.998442367601246,0.996941896024465,0.996820349761526,0.998415213946117,0.996927803379416,0.284839203675345,0.300623052959502,1,0.12540192926045,0.00473186119873817,0.446808510638298,0.00318471337579618,0.32348367029549,0.998459167950693,0.684375,0.996884735202492,0.998449612403101,0.893353941267388,0.998442367601246,0.685446009389671,0.996932515337423,0.996835443037975,1,0.996884735202492
"205",0.296529968454259,0.309707241910632,0.313755795981453,0.327131782945736,0.311627906976744,0.308049535603715,0.0141287284144427,0.315047021943574,0.313755795981453,0.576138147566719,0.328787878787879,0.643625192012289,0.503105590062112,0.322884012539185,1,1,0.622324159021407,0,0.32398753894081,0.31104199066874,1,1,0.32572298325723,0.516819571865443,0.309880239520958,1,1,0.341732283464567,0.311278195488722,0.506269592476489,1,0.570776255707763,0.370257966616085,0.998461538461539,0.661490683229814,0.315112540192926,0.152073732718894,0.317910447761194,1,0.306990881458967,0.00306748466257669,0,0,0.330246913580247,0.318952234206472,1,0.996927803379416,1,1,1,0.688073394495413,0.330232558139535,1,0.325153374233129,0.315789473684211,0.800623052959502,0.134281200631912,0.322137404580153,0.320121951219512,0.319444444444444,0.993984962406015,1,1,0.0046801872074883,0.316118935837246,0.319758672699849,0.656923076923077,0.327188940092166,0.619259259259259,1,0.31969696969697,1,1,0.281645569620253,0.166919575113809,0.321005917159763,1,0.996960486322188,0.321266968325792,1,0.617554858934169,1,1,0.322137404580153,1,0.326378539493294,0.317411402157165,0.324574961360124,0.315068493150685,0,0.317683881064163,0.330815709969789,0.681957186544342,0.59606656580938,0.31201248049922,0.638930163447251,0.679331306990882,0.306748466257669,0.137658227848101,0,0.320433436532508,0.625,1,0.317307692307692,1,0.315301391035549,0,0.317629179331307,1,1,1,0.312404287901991,0.996932515337423,0.324734446130501,0.222556390977444,0.309774436090226,1,0.387442572741194,1,1,0.219284603421462,0.317972350230415,1,1,0.330357142857143,1,0.325478645066274,0.307807807807808,0.382126348228043,0.77593984962406,0.314465408805031,1,0.324451410658307,0.635416666666667,0.335443037974684,1,0.00151975683890578,1,0.370942812982998,0.89622641509434,0.587596899224806,0.595092024539877,0.31937984496124,0.322274881516588,1,0.315467075038285,1,0.30030959752322,0.48698315467075,0.3267776096823,1,0.313455657492355,0.323574730354391,0.322429906542056,0.328197226502311,1,0.305295950155763,1,0.444444444444444,0.323619631901841,1,0.32370820668693,1,0.585780525502318,0.317901234567901,1,0.322188449848024,0.321646341463415,0.335375191424196,0.989312977099237,0.325115562403698,1,0.326120556414219,1,0.328050713153724,1,0.602427921092564,0.3,0.0318979266347687,0.30298273155416,0.319148936170213,1,0.311248073959938,0.3203125,0.317557251908397,0.329211746522411,1,1,0.327014218009479,0.324655436447167,1,1,0.330792682926829,0.246177370030581,0.0192592592592593,0.678955453149002,1,0.00308641975308642,0.316998468606432,1,0.319182389937107,0.31044776119403,0.322188449848024,0.996941896024465,1,1,0.331838565022422,0.317535545023697,0.314842578710645,0.678125,0.310291858678955,1,0.332302936630603,1,1,0.464615384615385,0.335433070866142,0.323619631901841,0.32469512195122,0.308166409861325,0.317411402157165,0.646058732612056,1,1,0.316109422492401,0.00306278713629403,0.326283987915408,0.321907600596125,0.324574961360124,0.306060606060606,0.296998420221169,0.325373134328358,0.694189602446483,0.378947368421053,0.310975609756098,1,0.326625386996904,1,0.304675716440422,0.309968847352025,0.316846986089645,0.3359375,0.315873015873016,1,0.325301204819277,0.778996865203762,1,1,0.996870109546166,1,1,0.898894154818325,1,1,1,0.322188449848024,1,0.323671497584541,0,1,0.399700598802395,1,0.319182389937107,0.323029366306028,0.316998468606432,0.432973805855162,1,0.326687116564417,1,1,1,1,0,0.314553990610329,1,1,0.324534161490683,1,0.32262996941896,1,1,0.318461538461538,0.324534161490683,0.302752293577982,0.158878504672897,0.3265625,0,0.599702380952381,1,0.317220543806647,0.325617283950617,0.578220858895706,1,1,0.324881141045959,0.326086956521739,1,0.656441717791411,0.698738170347003,0.313572542901716,0.322169059011164,0.992492492492492,0.33179012345679,0.301186943620178,1,0.312404287901991,0.303543913713405,1,0.310664605873261,0.31839258114374,0.317557251908397,0.321646341463415,1,1,1,0.313364055299539,0.326086956521739,0.00909090909090909,0.993759750390016,0.325545171339564,1,1,0.316265060240964,0.329305135951662,0.309063893016345,0.319018404907975,0.31859756097561,1,0.31104199066874,0.314728682170543,0.573667711598746,1,0.847352024922118,1,0,1,0.324404761904762,1,1,0.430321592649311,0.998487140695915,0.3296875,1,0.307219662058372,0.303875968992248,0.318250377073906,1,1,0.322480620155039,0.399686520376176,0.612055641421947,0.309815950920245,1,1,1,0.323390894819466,1,0.221036585365854,1,1,1,1,0.32781954887218,1,0.315372424722662,0.331797235023041,0.679506933744222,0.310344827586207,1,0.326186830015314,0.321321321321321,0.317384370015949,1,0.303759398496241,1,0.325373134328358,0.469418960244648,0.327718223583461,0.325949367088608,0.315629742033384,1,0.320251177394035,0.30564263322884,1,1,0.319148936170213,0.318529862174579,1,0.491754122938531,0.320813771517997,0.33587786259542,0.333333333333333,0.678899082568807,1,0.297297297297297,1,0.430555555555556,0.310077519379845,0,0.865871833084948,0.322981366459627,0.32398753894081,0,0.0367534456355283,0.983154670750383,0.317972350230415,1,0.306501547987616,0.313694267515924,1,0.329835082458771,0.314641744548287,0.673374613003096,1,0.315217391304348,0.323029366306028,1,0.312024353120244,0.309968847352025,1,0.359635811836115,0.321044546850998,0.315151515151515,0.33641975308642,0.784496124031008,1,0.982945736434109,1,1,0.00157232704402516,1,0.995384615384615,1,0.439628482972136,0.998435054773083,0.309417040358744,0.995461422087746,0.334883720930233,0.996932515337423,0.607196401799101,0.623867069486405,0.331818181818182,0.312594840667678,0.647779479326187,0.315955766192733,0,0.631901840490798,0.68062015503876,0.321699544764795,0.00153846153846154,0.315301391035549,0.306278713629403,0.785381026438569,0.326251896813354,0.676425269645609,0.59047619047619,0.318042813455657,0.324773413897281,0.299694189602446,1,0.025,0,0.313546423135464,0.326251896813354,0.336363636363636,1,0.35548686244204,0.320121951219512,1,0.309774436090226,0.936236391912908,0.574766355140187,1,1,0.996699669966997,0.31981981981982,0.609090909090909,0.31981981981982,0.321144674085851,0.314984709480122,0.431818181818182,1,0.316614420062696,1,0.323343848580442,0.321259842519685,1,0.321483771251932,1,0.326018808777429,1,1,0.324159021406728,0,1,0.326717557251908,1,0.554531490015361,1,0.51896813353566,1,0.550077041602465,1,0.319685039370079,1,1,1,0.309119010819165,0.332293291731669,0.322775263951735,0.340694006309148,0.351014040561622,0.309090909090909,1,0.325617283950617,1,1,0.326283987915408,0.316279069767442,0.315068493150685,0.382945736434109,0.326219512195122,1,1,0.32824427480916,0.321483771251932,0.633693972179289,0.591331269349845,0.314814814814815,0.317757009345794,1,0.306870229007634,0.31547619047619,0.996894409937888,0.311811023622047,0.313455657492355,0,0.150227617602428,0.318952234206472,0.6784140969163,0.312307692307692,0.321044546850998,0.598200899550225,0.996904024767802,0.316923076923077,1,0.311728395061728,0.343701399688958,0.311728395061728,0.466767371601208,0.316279069767442,1,0.321699544764795,0.322530864197531,0.325471698113208,0.687218045112782,1,0.326498422712934,0.320610687022901,0,0.323664122137405,0.998468606431853,0.947932618683001,1,0.321156773211568,0.324812030075188,0.316118935837246,0.589041095890411,1,0.601255886970173,0.332298136645963,1,1,0.964723926380368,0.678407350689127,0.333333333333333,0.356814701378254,0.316923076923077,0.324283559577677,1,1,0.525,0.629969418960245,1,1,0.998482549317147,0.684698608964451,1,0.322916666666667,0.677519379844961,1,0.327692307692308,0.32,0.319508448540707,0.998468606431853,1,0.653968253968254,0.31651376146789,1,1,0.323262839879154,0.317411402157165,0.998475609756098,0,0.318181818181818,0.30298273155416,0.00617283950617284,0.321907600596125,1,0.310344827586207,1,0.154887218045113,0,0.905120481927711,0.32824427480916,1,1,0,0.0015220700152207,0.326219512195122,1,0.311708860759494,0.99702380952381,0.307570977917981,1,0.998415213946117,0.961597542242704,0.784522003034901,1,1,0.00459418070444104,1,0.525477707006369,0.323619631901841,0.672205438066465,0.326186830015314,1,0.303490136570561,0.673813169984686,1,1,0.313971742543171,0.622058823529412,0.328220858895706,0.583841463414634,0.97045101088647,0.329738058551618,0.609230769230769,0.0124031007751938,0.309559939301973,0.323574730354391,0.325859491778774,1,0.641566265060241,0.305343511450382,0.879310344827586,0.586314152410575,0.967065868263473,1,1,0.312404287901991,0.344827586206897,0.313572542901716,0.307926829268293,0.316590563165906,0.620328849028401,0.310344827586207,0,0.671091445427729,1,0.325190839694657,0.307931570762053,0.321656050955414,0.32383808095952,0.607305936073059,1,0.329787234042553,0.334370139968896,0.330670926517572,0.329153605015674,0.312210200927357,0.319875776397516,0.21092564491654,0.68075117370892,0.323664122137405,0.601208459214502,1,0.250381679389313,0.319571865443425,0.915384615384615,1,1,0.3125,0.641860465116279,1,0.315068493150685,0.299382716049383,0.954828660436137,1,1,0.9984,0.318250377073906,1,1,0.895962732919255,1,0.34789156626506,1,0.590837282780411,1,0.673716012084592,0.317901234567901,0.609302325581395,1,1,0.992199687987519,0.3202416918429,0.32469512195122,0.31911532385466,0.324615384615385,0.326053042121685,0.324574961360124,0.985959438377535,0.315467075038285,1,1,0.734662576687117,0,0.320121951219512,0.318042813455657,0.678787878787879,1,0.570769230769231,0.334323922734027,0.645061728395062,0.312210200927357,0.318181818181818,1,0.314728682170543,0.320846905537459,0.705790297339593,0.909667194928685,0.321060382916053,0.604327666151468,0.580594679186229,0.329268292682927,0.325077399380805,0.302147239263804,0.594761171032357,0.682442748091603,1,0.888888888888889,1,0.66566265060241,0.998444790046656,0.590266875981162,0.316279069767442,0.328502415458937,1,1,0.442901234567901,0.9953125,0.998487140695915,1,0.309597523219814,0.33026113671275,1,0.316568047337278,0.681470137825421,0.329754601226994,0.471406491499227,0.305164319248826,0,0.308845577211394,1,1,0.59789156626506,0.00150602409638554,0.330232558139535,0.3203125,0.103875968992248,0.422222222222222,1,1,0.312977099236641,1,0.428134556574924,1,0.326378539493294,0.589147286821705,0.324074074074074,0.321428571428571,1,0,1,0.305511811023622,0.319444444444444,1,1,1,0.455108359133127,1,0.325617283950617,0.622727272727273,0.330757341576507,0.334379905808477,0.00151515151515152,0.0402476780185759,1,0.63109756097561,1,0.32469512195122,0.331230283911672,1,1,0.166414523449319,0.305597579425113,1,0.906441717791411,1,0.330316742081448,0.213292117465224,0.674242424242424,1,1,1,1,1,0.291479820627803,0.30757341576507,1,0.13015873015873,0.00154083204930663,0.453703703703704,0,0.324116743471582,1,0.680685358255452,1,1,0.895545314900154,1,0.682563338301043,1,1,1,1
"206",0.305825242718447,0.321656050955414,0.324675324675325,0.325842696629214,0.320126782884311,0.311183144246353,0.0114942528735632,0.324590163934426,0.319554848966614,0.564569536423841,0.327044025157233,0.626373626373626,0.531400966183575,0.327361563517915,1,1,0.615141955835962,0,0.330618892508143,0.312803889789303,1,1,0.325984251968504,0.508716323296355,0.316037735849057,1,1,0.347107438016529,0.312401883830455,0.537216828478964,1,0.602870813397129,0.368670886075949,0.996779388083736,0.664516129032258,0.31438127090301,0.137440758293839,0.331746031746032,1,0.3168,0.00159489633173844,0,0,0.339774557165862,0.328478964401294,1,0.9952,1,1,1,0.680511182108626,0.330065359477124,1,0.328593996840442,0.320574162679426,0.809061488673139,0.117263843648208,0.330143540669856,0.323854660347551,0.323717948717949,0.992088607594937,1,1,0.00479233226837061,0.32463295269168,0.323899371069182,0.642394822006472,0.338141025641026,0.608024691358025,1,0.317965023847377,1,1,0.282679738562091,0.1648,0.32398753894081,1,0.995260663507109,0.316535433070866,1,0.589490968801314,1,1,0.327073552425665,1,0.329192546583851,0.323671497584541,0.330188679245283,0.32475884244373,0,0.337096774193548,0.340694006309148,0.67192429022082,0.579113924050633,0.314845024469821,0.632075471698113,0.671428571428571,0.31687898089172,0.118043844856661,0,0.319935691318328,0.61525974025974,1,0.331147540983607,1,0.322683706070288,0,0.326366559485531,1,1,1,0.314285714285714,0.996835443037975,0.332794830371567,0.205651491365777,0.317411402157165,1,0.370839936608558,1,1,0.205741626794258,0.321543408360129,1,1,0.341307814992026,1,0.328725038402458,0.321928460342146,0.357371794871795,0.764890282131661,0.328990228013029,1,0.334959349593496,0.62888198757764,0.334959349593496,1,0.00158227848101266,1,0.382875605815832,0.889802631578947,0.573717948717949,0.591572123176661,0.31637519872814,0.322422258592471,1,0.318037974683544,1,0.310289389067524,0.517684887459807,0.326018808777429,1,0.306709265175719,0.323248407643312,0.330065359477124,0.342443729903537,1,0.307443365695793,1,0.427432216905901,0.32967032967033,1,0.328593996840442,1,0.580906148867314,0.322061191626409,1,0.327014218009479,0.316535433070866,0.341463414634146,0.987240829346092,0.33868378812199,1,0.334410339256866,1,0.330065359477124,1,0.590625,0.310344827586207,0.0295081967213115,0.303571428571429,0.330143540669856,1,0.307073954983923,0.322632423756019,0.330143540669856,0.338118022328549,1,1,0.331691297208539,0.326892109500805,1,1,0.323717948717949,0.238782051282051,0.02,0.678343949044586,1,0.00158227848101266,0.327014218009479,1,0.328478964401294,0.315541601255887,0.3216,0.996810207336523,1,1,0.337442218798151,0.329545454545455,0.319938176197836,0.671521035598705,0.306709265175719,1,0.350793650793651,1,1,0.45324881141046,0.338141025641026,0.324960753532182,0.3312,0.305993690851735,0.315789473684211,0.63768115942029,1,1,0.320251177394035,0.00475435816164818,0.330721003134796,0.318181818181818,0.32843137254902,0.318327974276527,0.302100161550889,0.325545171339564,0.685214626391097,0.356466876971609,0.311811023622047,1,0.326194398682043,1,0.313084112149533,0.314102564102564,0.32,0.335504885993485,0.318481848184819,1,0.33175355450237,0.797077922077922,1,1,0.998373983739837,1,1,0.892682926829268,1,1,1,0.322683706070288,1,0.334975369458128,0,1,0.3796875,1,0.32794830371567,0.319935691318328,0.319870759289176,0.410339256865913,1,0.331240188383046,1,1,1,1,0,0.314606741573034,1,1,0.330658105939005,1,0.330188679245283,1,1,0.320907617504052,0.333878887070376,0.304,0.154952076677316,0.332258064516129,0,0.589341692789969,1,0.333333333333333,0.321086261980831,0.569157392686804,1,1,0.327361563517915,0.3322528363047,1,0.649289099526066,0.693311582381729,0.3136,0.327302631578947,0.993730407523511,0.339256865912762,0.309006211180124,1,0.316639741518578,0.316639741518578,1,0.3125,0.319685039370079,0.330112721417069,0.329032258064516,1,1,1,0.310509554140127,0.338762214983713,0.00947867298578199,0.991922455573506,0.333333333333333,1,1,0.321766561514196,0.336492890995261,0.310725552050473,0.326860841423948,0.325878594249201,1,0.311183144246353,0.319354838709677,0.576985413290113,1,0.840836012861736,1,0,1,0.332810047095761,1,1,0.41259842519685,1,0.327332242225859,1,0.314194577352472,0.308562197092084,0.318327974276527,1,1,0.323248407643312,0.400651465798046,0.599009900990099,0.3125,1,1,1,0.331147540983607,1,0.212121212121212,1,1,1,1,0.330708661417323,1,0.323333333333333,0.338050314465409,0.662903225806452,0.317741935483871,1,0.327476038338658,0.326498422712934,0.313311688311688,1,0.313084112149533,1,0.3328173374613,0.485668789808917,0.336025848142165,0.333333333333333,0.320574162679426,1,0.32516339869281,0.313213703099511,1,1,0.33122028526149,0.330143540669856,1,0.472783825816485,0.318032786885246,0.332278481012658,0.333860759493671,0.677165354330709,1,0.304777594728171,1,0.415185783521809,0.307814992025518,0,0.881329113924051,0.327272727272727,0.337579617834395,0,0.0351437699680511,0.982456140350877,0.32258064516129,1,0.319286871961102,0.322847682119205,1,0.333858267716535,0.320450885668277,0.655502392344498,1,0.317891373801917,0.325914149443561,1,0.320063694267516,0.317666126418152,1,0.340764331210191,0.317512274959083,0.326018808777429,0.336553945249597,0.797770700636943,1,0.978688524590164,1,1,0.00159235668789809,1,0.993569131832797,1,0.425632911392405,0.998341625207297,0.310769230769231,0.993720565149137,0.327447833065811,0.996835443037975,0.597826086956522,0.616719242902208,0.319182389937107,0.320695102685624,0.634340222575517,0.321724709784411,0,0.625,0.673170731707317,0.328025477707006,0.0016,0.321428571428571,0.3168,0.77724358974359,0.329652996845426,0.676145339652449,0.585,0.3264,0.326498422712934,0.309294871794872,1,0.0244648318042813,0,0.320872274143302,0.333868378812199,0.342948717948718,1,0.329563812600969,0.331715210355987,1,0.314194577352472,0.943307086614173,0.566284779050736,1,1,0.993197278911565,0.32807570977918,0.60126582278481,0.331768388106416,0.318481848184819,0.322683706070288,0.416139240506329,1,0.323717948717949,1,0.319218241042345,0.330128205128205,1,0.316476345840131,1,0.328502415458937,1,1,0.331230283911672,0,1,0.334389857369255,1,0.572567783094099,1,0.503961965134707,1,0.556818181818182,1,0.32626427406199,1,1,1,0.317034700315457,0.329617834394904,0.323390894819466,0.36241610738255,0.32943143812709,0.316957210776545,1,0.33387358184765,1,1,0.338095238095238,0.330658105939005,0.320251177394035,0.390322580645161,0.329173166926677,1,1,0.333860759493671,0.333333333333333,0.623973727422003,0.589456869009585,0.323899371069182,0.331210191082803,1,0.318541996830428,0.31733746130031,0.995161290322581,0.310344827586207,0.319047619047619,0,0.142405063291139,0.322006472491909,0.672811059907834,0.326298701298701,0.331746031746032,0.592767295597484,0.996820349761526,0.320325203252033,1,0.325769854132901,0.353225806451613,0.320574162679426,0.484992101105845,0.32516339869281,1,0.323763955342903,0.323624595469256,0.334928229665072,0.68362480127186,1,0.330065359477124,0.323296354992076,0,0.33175355450237,1,0.950793650793651,1,0.318840579710145,0.321144674085851,0.32475884244373,0.58125,1,0.588045234248788,0.336012861736334,1,1,0.963549920760697,0.674157303370786,0.336538461538462,0.365105008077544,0.321711568938193,0.321711568938193,1,1,0.504823151125402,0.6272,1,1,1,0.684380032206119,1,0.327160493827161,0.67258064516129,1,0.330203442879499,0.321951219512195,0.330645161290323,0.998410174880763,1,0.635024549918167,0.332792207792208,1,1,0.337078651685393,0.31378763866878,1,0,0.329563812600969,0.317073170731707,0.00645161290322581,0.328571428571429,1,0.318936877076412,1,0.150078988941548,0,0.90625,0.334394904458599,1,1,0,0.00156739811912226,0.332263242375602,1,0.320723684210526,0.998452012383901,0.308562197092084,1,0.99835255354201,0.962025316455696,0.780254777070064,1,1,0.00482315112540193,1,0.517412935323383,0.333870967741935,0.667192429022082,0.32755905511811,1,0.318471337579618,0.669291338582677,1,1,0.326797385620915,0.609642301710731,0.328548644338118,0.57516339869281,0.969502407704655,0.340836012861736,0.595161290322581,0.0128824476650564,0.325281803542673,0.329093799682035,0.333333333333333,1,0.630672926447574,0.319488817891374,0.883464566929134,0.587761674718196,0.967084639498433,1,1,0.3168,0.345963756177924,0.311582381729201,0.3203125,0.323854660347551,0.609375,0.318110236220472,0,0.669767441860465,0.998376623376623,0.333868378812199,0.312602291325696,0.32279534109817,0.324921135646688,0.596825396825397,1,0.343354430379747,0.341935483870968,0.334975369458128,0.329093799682035,0.316692667706708,0.322475570032573,0.20440251572327,0.676898222940226,0.331730769230769,0.594043887147335,1,0.232744783306581,0.3248,0.916118421052632,1,1,0.313504823151125,0.62779552715655,1,0.320634920634921,0.315112540192926,0.958064516129032,1,1,0.99673735725938,0.32807570977918,1,1,0.90228013029316,1,0.357927786499215,1,0.586038961038961,1,0.670866141732283,0.316993464052288,0.600644122383253,1,1,0.991922455573506,0.3265625,0.325878594249201,0.333333333333333,0.323248407643312,0.325581395348837,0.328407224958949,0.983818770226537,0.320126782884311,1,1,0.717495987158908,0,0.327613104524181,0.325842696629214,0.675118858954041,1,0.56682769726248,0.34,0.634304207119741,0.318840579710145,0.317355371900826,1,0.325806451612903,0.335,0.689210950080515,0.913764510779436,0.331288343558282,0.59344262295082,0.574918566775244,0.326465927099842,0.32741935483871,0.313099041533546,0.57784911717496,0.665605095541401,1,0.89047619047619,1,0.65625,0.998371335504886,0.587561374795417,0.32258064516129,0.329563812600969,1,1,0.42215088282504,0.993517017828201,0.996894409937888,1,0.316211878009631,0.333333333333333,1,0.32093023255814,0.671451355661882,0.338735818476499,0.449920508744038,0.313001605136437,0,0.324881141045959,1,1,0.582802547770701,0.00157232704402516,0.342948717948718,0.327447833065811,0.105263157894737,0.423140495867769,1,1,0.317460317460317,1,0.409756097560976,1,0.331278890600925,0.582539682539683,0.33015873015873,0.32183908045977,1,0,1,0.308823529411765,0.331715210355987,1,1,1,0.453957996768982,1,0.320388349514563,0.606299212598425,0.337579617834395,0.338187702265372,0.0015748031496063,0.038961038961039,1,0.6096,1,0.336012861736334,0.33665008291874,1,1,0.169303797468354,0.317817014446228,1,0.896875,1,0.330696202531646,0.189014539579968,0.665086887835703,1,1,1,1,1,0.2953125,0.314516129032258,1,0.117355371900826,0.0016,0.435736677115987,0,0.323854660347551,1,0.66936790923825,1,1,0.88783570300158,1,0.672985781990521,1,1,1,1
"207",1,1,1,1,1,1,0.694006309148265,1,1,0.0990712074303406,1,0.0464071856287425,0.805255023183926,1,0.322085889570552,0.312977099236641,0.0643712574850299,0.678233438485804,1,1,0.301829268292683,0.317610062893082,1,0.165402124430956,1,0.333836858006042,0.321483771251932,1,1,0.784929356357928,0.318181818181818,0.731297709923664,0.966867469879518,0.32312404287902,0,1,0.534351145038168,1,0.304347826086957,1,0.656488549618321,0.672155688622755,0.687593423019432,1,1,0.325688073394495,0.323076923076923,0.32185628742515,0.325337331334333,0.336858006042296,0,1,0.315868263473054,1,1,0.50384024577573,0.555727554179567,1,1,1,0.336858006042296,0.327217125382263,0.325652841781874,0.667692307692308,1,1,0.0396341463414634,1,0.0632352941176471,0.326378539493294,1,0.323076923076923,0.34012539184953,0.970358814352574,0.507575757575758,1,0.321321321321321,0.343373493975904,1,0.321027287319422,0.0894819466248038,0.336434108527132,0.333333333333333,1,0.338855421686747,1,1,1,1,0.689393939393939,1,1,0.00152439024390244,0.108108108108108,1,0.0490341753343239,0,1,0.5546875,0.673716012084592,1,0.0568356374807988,0.318042813455657,1,0.324615384615385,1,0.6797583081571,1,0.324200913242009,0.335329341317365,0.33030303030303,1,0.328290468986384,1,0.482089552238806,1,0.319508448540707,0.299410029498525,0.333830104321908,0.324116743471582,0.486404833836858,0.998487140695915,0.330316742081448,0.321538461538462,1,0.312121212121212,1,1,0.331288343558282,0.550074738415546,1,0.323574730354391,1,0.0444444444444444,1,0.31547619047619,0.66965620328849,0.330316742081448,0.928464977645306,0.440758293838863,0.104454685099846,0.104134762633997,1,1,0.334360554699538,1,0.329881656804734,1,0.8,1,0.328197226502311,1,1,1,1,0.33953488372093,1,0.329230769230769,0.257918552036199,1,0.323795180722892,1,0.31441717791411,0.089644513137558,1,0.321592649310873,1,1,1,0.338301043219076,1,0.333333333333333,1,0.315629742033384,1,0.335384615384615,0.0762195121951219,1,0.62402496099844,1,1,0.328682170542636,1,1,1,1,0.335384615384615,0.314540059347181,1,0.998470948012232,0.322775263951735,0.315301391035549,1,0.44812030075188,0.655882352941176,0,0.33026113671275,0.662613981762918,1,0.330357142857143,1,0.998502994011976,1,0.321156773211568,0.331838565022422,0.337442218798151,1,1,1,0,1,0.31875,0.971168437025797,0.332307692307692,0.314503816793893,0.746543778801843,1,1,1,1,1,0.0453172205438066,0.317073170731707,0.333333333333333,1,0.671686746987952,1,1,0.998475609756098,0.998493975903614,1,1,0.00455927051671732,0.321907600596125,1,0.320668693009119,1,0.308734939759036,1,1,1,1,1,0.326153846153846,1,0.509316770186335,0.332829046898638,0.333834586466165,0.314814814814815,0.325153374233129,0.337899543378995,0.4296875,0.333333333333333,0.318250377073906,0.317771084337349,1,0.323664122137405,1,0.676602086438152,0.325688073394495,0.316666666666667,0.33843797856049,1,1,1,0.257668711656442,0.318181818181818,1,0.329230769230769,0.333823529411765,0.319213313161876,0.32781954887218,0.67530487804878,1,0.331825037707391,0.322188449848024,1,0.304278922345483,1,0.313521545319465,0.326283987915408,1,1,1,0.53951367781155,1,0.678300455235205,0.0860058309037901,0.329754601226994,1,1,0.0965309200603318,0.329803328290469,0.329738058551618,1,1,0.312688821752266,0.0225225225225225,0.00311526479750779,1,1,0.342222222222222,1,1,0.318862275449102,1,1,0.317771084337349,1,1,1,1,0.332326283987915,0.317109144542773,0.334890965732087,1,1,0.658054711246201,0.321592649310873,1,0.326378539493294,0.307926829268293,1,1,0.998484848484849,1,1,0.330792682926829,1,1,0.112324492979719,0.345399698340875,0.505409582689335,0.314900153609831,0.666666666666667,0.322775263951735,1,0.316692667706708,0.342549923195084,0.256296296296296,0.327300150829563,1,0.334795321637427,1,1,1,0.314112291350531,0.328828828828829,0.998491704374057,0.925,0.0679012345679012,1,0.319634703196347,0.332819722650231,0.308980213089802,1,0.334821428571429,0.466867469879518,0.336363636363636,0.316590563165906,0.320872274143302,0.316923076923077,1,0.330769230769231,1,1,0,1,0.330769230769231,1,1,1,0.335384615384615,1,0.316358024691358,1,0.830815709969788,1,1,1,0.322289156626506,1,1,0.30920060331825,0.320610687022901,1,1,0.320610687022901,0.195488721804511,1,0.998484848484849,1,0,0.318461538461538,1,0.317365269461078,0.246913580246914,1,0.670731707317073,0.439642324888227,1,1,0.666174298375185,0.691603053435115,0.359567901234568,1,0.325264750378215,1,1,0.342507645259939,1,0.998454404945904,0.00763358778625954,0.330804248861912,1,1,0.338461538461538,1,1,0.31839258114374,0.338855421686747,1,1,1,0.53680981595092,0.315946348733234,0.353211009174312,0.317784256559767,0.339449541284404,0.681957186544342,0.329359165424739,0.330275229357798,0.32375189107413,0.241741741741742,0.324574961360124,1,0.322916666666667,0.998468606431853,0.324655436447167,0.0899705014749263,0.0531914893617021,1,1,0.039453717754173,1,0.679049034175334,0.0462249614791988,0.0108024691358025,1,0.673282442748092,1,1,0.55045871559633,1,0,0.0747217806041336,1,1,1,0.330781010719755,0.63901018922853,0.6832,0.99400299850075,1,0.984917043740573,0.313725490196078,0.342024539877301,1,0.307458143074581,1,0.372128637059724,0.109034267912773,0.317220543806647,0.324963072378139,0.342995169082126,1,0.0816944024205749,1,1,1,0.256371814092954,0.334876543209877,1,0.326186830015314,1,1,0.317507418397626,1,0.329866270430906,1,0.315467075038285,0.327718223583461,1,0.667173252279635,0.324404761904762,1,0.320872274143302,0.764437689969605,0.32383808095952,0.16566265060241,0.323485967503693,0.769113149847095,0.315707620528771,1,0.329803328290469,0.347305389221557,0.299093655589124,1,1,1,0.968895800933126,0.340322580645161,1,0.334365325077399,1,0.326984126984127,0.322485207100592,1,1,1,0.91324200913242,1,0.319880418535127,0.328290468986384,1,1,0.0497667185069984,0.0842266462480858,1,1,0.310664605873261,1,1,0.319083969465649,1,1,0.670676691729323,0.527941176470588,1,0,1,1,0.100890207715134,0.336363636363636,1,0.330316742081448,0.998493975903614,0.961300309597523,0.998489425981873,0.819571865443425,1,0.333333333333333,1,1,1,0,0.320063694267516,1,1,0.669724770642202,1,0.322916666666667,0.366818873668189,0.33695652173913,1,1,1,0.0948148148148148,0.321875,0.09375,0.998480243161094,0.317365269461078,0.316023738872404,0.361963190184049,0,1,0.953313253012048,1,1,0.327718223583461,0.313056379821958,0.166414523449319,0.0412844036697248,0.330792682926829,0.323529411764706,0.328849028400598,0.00154320987654321,0.320121951219512,1,0,0.328849028400598,1,1,1,0.324242424242424,0.328380386329866,0.0378548895899054,1,0.324242424242424,0.311649016641452,1,1,0.326186830015314,0.682769726247987,1,1,0.682442748091603,1,0.313813813813814,1,0.31859756097561,0.523168908819133,0.666165413533835,0.416909620991254,1,0.307462686567164,0.316341829085457,0.674626865671642,0.657657657657658,1,0.337920489296636,1,0.335329341317365,1,0.320552147239264,0.327188940092166,0.356374807987711,0.525914634146341,0.327073552425665,0.316279069767442,0.658536585365854,0.327769347496206,0.148606811145511,1,0,1,0.295208655332303,1,0,0.330275229357798,0.325190839694657,1,0.06158357771261,1,0.0848765432098765,0.348837209302326,1,0.0694864048338369,0.660550458715596,1,1,1,0.322222222222222,0.0417910447761194,1,0.438837920489297,0.0979782270606532,0.359398496240601,0.334828101644245,0.332833583208396,1,1,1,1,1,0.0683506686478455,0.997041420118343,0.679160419790105,0.0043859649122807,0.325757575757576,1,1,1,1,0.0871559633027523,0.321533923303835,1,1,1,1,1,1,0.479041916167665,0.00155038759689922,1,0.0850746268656716,0.3267776096823,0.435185185185185,1,0.398449612403101,0.315457413249211,0.324734446130501,1,0.0423600605143722,0.331804281345566,1,1,0.376923076923077,0.32375189107413,0.317073170731707,0.331259720062208,0.998496240601504,0.330246913580247,0.327769347496206,0.433179723502304,0.328787878787879,0.973013493253373,0.322533136966127,0.0850077279752705,0.32579185520362,0,1,0.0925925925925926,0.314503816793893,0.327718223583461,0.326186830015314,1,1,1,1,1,1,0.341085271317829,1,0.329211746522411,0.322006472491909,0.616417910447761,0.676970633693972,1,1,0,0.326409495548961,0.120663650075415,0.998511904761905,0.038109756097561,1,1,0.328703703703704,1,1,0.631172839506173,0.427672955974843,0.995614035087719,0.0829493087557604,0.106084243369735,1,1,1,0.0903522205206738,0,0.323308270676692,0.4337899543379,0.322436849925706,0,0.330769230769231,0.0876369327073552,1,1,0.328869047619048,0.323308270676692,0.25,0.338983050847458,0.327844311377246,0.328808446455505,1,1,0.333333333333333,1,0,1,0.227134146341463,1,0.668174962292609,1,0.319758672699849,0.315301391035549,0.0789865871833085,0.67218045112782,1,1,0.787234042553192,0.900473933649289,0.323664122137405,0.324574961360124,1,0.320121951219512,0.257274119448698,0.328173374613003,1,0.104229607250755,1,1,0.326219512195122,0.671875,0.316358024691358,1,1,0.318318318318318,0.315548780487805,0.324483775811209,0.8625,0.320987654320988,1,0.0597014925373134,1,1,0.688059701492537,0.641452344931921,0.335443037974684,0.0564885496183206,0.328313253012048,1,1,0.313178294573643,0.335913312693498,0.622188905547226,1,0.321752265861027,0.383107088989442,0.316187594553706,0.983483483483483,0.468412942989214,0.00300751879699248,0.309815950920245,0.334828101644245,0.332288401253919,0.32348367029549,0.327893175074184,0.973094170403587,1,0.31981981981982,0.542503863987635,0.676970633693972,0.239940387481371,0.674565560821485,1,0.332824427480916,0.00153846153846154,0.340393343419062,0.317293233082707,0.378048780487805,0.325077399380805,0,0.339421613394216,0.325688073394495,0.335925349922239,0.321321321321321
"208",1,1,1,1,1,1,0.694630872483222,1,1,0.101160862354892,1,0.0418679549114332,0.811570247933884,1,0.317355371900826,0.30622009569378,0.0638977635782748,0.685092127303183,1,1,0.29016393442623,0.309446254071661,1,0.164516129032258,1,0.32741935483871,0.314845024469821,1,1,0.781967213114754,0.308186195826645,0.721337579617834,0.966346153846154,0.311183144246353,0,1,0.543720190779014,1,0.296238244514107,1,0.673107890499195,0.686708860759494,0.695721077654517,1,1,0.310965630114566,0.304625199362041,0.304140127388535,0.330128205128205,0.320967741935484,0,1,0.306089743589744,1,1,0.491803278688525,0.564019448946515,1,1,1,0.32755905511811,0.310509554140127,0.315619967793881,0.682182985553772,1,1,0.033003300330033,1,0.0558139534883721,0.309904153354633,1,0.310015898251192,0.316225165562914,0.96523178807947,0.525236593059937,1,0.300632911392405,0.332802547770701,1,0.311557788944724,0.0922818791946309,0.325358851674641,0.32484076433121,1,0.3312,1,1,1,1,0.694267515923567,1,1,0.00159744408945687,0.106180665610143,1,0.0441640378548896,0,1,0.572847682119205,0.685393258426966,1,0.0518638573743922,0.307568438003221,1,0.315789473684211,1,0.685897435897436,1,0.310679611650485,0.3136,0.315457413249211,1,0.313694267515924,1,0.496875,1,0.3088,0.295886075949367,0.317535545023697,0.311183144246353,0.487096774193548,1,0.322530864197531,0.308072487644152,1,0.308544303797468,1,1,0.335483870967742,0.547880690737834,1,0.305111821086262,1,0.0386996904024768,1,0.308777429467085,0.675675675675676,0.323809523809524,0.935587761674718,0.425956738768719,0.104065040650407,0.094551282051282,1,1,0.32794830371567,1,0.311627906976744,1,0.798761609907121,1,0.316666666666667,1,1,1,1,0.322734499205087,1,0.317230273752013,0.260663507109005,1,0.316535433070866,1,0.296416938110749,0.0878048780487805,1,0.3125,1,1,1,0.332283464566929,1,0.317741935483871,1,0.304975922953451,1,0.315960912052117,0.0737179487179487,1,0.63681592039801,1,1,0.314845024469821,1,1,1,1,0.314424635332253,0.309748427672956,1,1,0.312202852614897,0.304700162074554,1,0.454838709677419,0.672386895475819,0,0.317230273752013,0.676328502415459,1,0.327073552425665,1,1,1,0.312803889789303,0.317535545023697,0.329545454545455,1,1,1,0,1,0.308457711442786,0.9744,0.31810766721044,0.305825242718447,0.752411575562701,1,1,1,1,1,0.0397456279809221,0.3104,0.324324324324324,1,0.685483870967742,1,1,1,1,1,1,0.00317460317460317,0.31629392971246,1,0.304418985270049,1,0.298555377207063,1,1,1,1,1,0.315705128205128,1,0.508196721311475,0.325657894736842,0.327073552425665,0.303921568627451,0.315875613747954,0.32741935483871,0.414309484193012,0.32520325203252,0.310126582278481,0.309636650868878,1,0.31219512195122,1,0.691222570532915,0.310064935064935,0.309904153354633,0.32300163132137,1,1,1,0.259141494435612,0.310897435897436,1,0.313408723747981,0.316037735849057,0.296,0.316720257234727,0.6896,1,0.317610062893082,0.309951060358891,1,0.304276315789474,1,0.305863708399366,0.309562398703404,1,1,1,0.55111821086262,1,0.688925081433225,0.0826833073322933,0.313099041533546,1,1,0.0977917981072555,0.3136,0.320723684210526,1,1,0.297770700636943,0.0227272727272727,0.00166666666666667,1,1,0.332810047095761,1,1,0.305511811023622,1,1,0.309033280507132,1,1,1,1,0.32484076433121,0.299531981279251,0.319604612850082,1,1,0.673076923076923,0.306055646481178,1,0.312893081761006,0.296950240770466,1,1,1,1,1,0.32258064516129,1,1,0.109271523178808,0.321656050955414,0.492659053833605,0.309061488673139,0.674718196457327,0.313694267515924,1,0.309061488673139,0.325842696629214,0.264150943396226,0.316129032258064,1,0.324921135646688,1,1,1,0.307317073170732,0.316692667706708,1,0.927852348993289,0.0635179153094463,1,0.312297734627832,0.317741935483871,0.310569105691057,1,0.324960753532182,0.478190630048465,0.322784810126582,0.298555377207063,0.307060755336617,0.304625199362041,1,0.317152103559871,1,1,0,1,0.325769854132901,1,1,1,0.325806451612903,1,0.307565789473684,1,0.831210191082803,1,1,1,0.313504823151125,1,1,0.310618066561014,0.319488817891374,1,1,0.303079416531605,0.195583596214511,1,1,1,0,0.313821138211382,1,0.301587301587302,0.248387096774194,1,0.675282714054927,0.436305732484076,1,1,0.67601246105919,0.709003215434084,0.350237717908082,1,0.31139646869984,1,1,0.325242718446602,1,1,0.00801282051282051,0.316045380875203,1,1,0.320325203252033,1,1,0.303425774877651,0.336538461538462,1,1,1,0.524564183835182,0.306089743589744,0.340322580645161,0.307453416149068,0.323151125401929,0.691318327974277,0.321711568938193,0.321543408360129,0.3046875,0.241100323624595,0.323333333333333,1,0.321875,1,0.315024232633279,0.0842433697347894,0.0476190476190476,1,1,0.0363924050632911,1,0.690363349131122,0.0385852090032154,0.0113821138211382,1,0.689710610932476,1,1,0.544117647058823,1,0,0.0717863105175292,1,1,1,0.319148936170213,0.653963414634146,0.708191126279863,0.995161290322581,1,0.983948635634029,0.298555377207063,0.344103392568659,1,0.293245469522241,1,0.368589743589744,0.102819237147595,0.303459119496855,0.3203125,0.324137931034483,1,0.078125,1,1,1,0.262830482115086,0.321895424836601,1,0.318555008210181,1,1,0.304278922345483,1,0.31875,1,0.301765650080257,0.318840579710145,1,0.680327868852459,0.315047021943574,1,0.311774461028192,0.75801282051282,0.317610062893082,0.160063391442155,0.317901234567901,0.762987012987013,0.304487179487179,1,0.31378763866878,0.331746031746032,0.286624203821656,1,1,1,0.97319932998325,0.345117845117845,1,0.31900826446281,1,0.311036789297659,0.310344827586207,1,1,1,0.918138041733547,1,0.305993690851735,0.318541996830428,1,1,0.0451612903225806,0.0842787682333874,1,1,0.304918032786885,1,1,0.310569105691057,1,1,0.686998394863563,0.535321821036107,1,0,1,1,0.100470957613815,0.317307692307692,1,0.316129032258064,1,0.966074313408724,1,0.818471337579618,1,0.319932998324958,1,1,1,0,0.31063122923588,1,1,0.675762439807384,1,0.313408723747981,0.35748031496063,0.3232,1,1,1,0.0940438871473354,0.315533980582524,0.086522462562396,1,0.3056,0.307332293291732,0.351181102362205,0,1,0.959807073954984,1,1,0.321895424836601,0.296998420221169,0.168810289389068,0.0355411954765751,0.3125,0.303079416531605,0.3248,0.00163398692810458,0.3136,1,0,0.310832025117739,1,1,1,0.317610062893082,0.3140625,0.0318791946308725,1,0.307317073170732,0.302034428794992,1,1,0.315024232633279,0.696517412935323,1,1,0.699029126213592,1,0.307448494453249,1,0.314009661835749,0.533646322378717,0.676656151419558,0.400316455696203,1,0.296411856474259,0.307936507936508,0.681744749596123,0.665079365079365,1,0.318541996830428,1,0.321372854914197,1,0.314606741573034,0.305921052631579,0.357487922705314,0.520440251572327,0.315960912052117,0.309677419354839,0.662358642972536,0.311111111111111,0.152823920265781,1,0,1,0.30048465266559,1,0,0.325242718446602,0.312396694214876,1,0.0522273425499232,1,0.0914927768860353,0.334967320261438,1,0.0624,0.673667205169628,1,1,1,0.303630363036304,0.0376766091051805,1,0.426494345718901,0.0962479608482871,0.352941176470588,0.321543408360129,0.321656050955414,1,1,1,1,1,0.0637636080870918,0.996918335901387,0.686591276252019,0.00308641975308642,0.317384370015949,1,1,1,1,0.0864600326264274,0.314285714285714,1,1,1,1,1,1,0.4992,0.00163132137030995,1,0.0842607313195548,0.320063694267516,0.451768488745981,1,0.396468699839486,0.303691275167785,0.311897106109325,1,0.0352,0.318611987381703,1,1,0.370731707317073,0.303030303030303,0.307817589576547,0.306397306397306,1,0.322475570032573,0.317666126418152,0.413114754098361,0.319805194805195,0.973186119873817,0.311424100156495,0.0815660685154976,0.318181818181818,0,1,0.0870967741935484,0.299835255354201,0.312297734627832,0.31139646869984,1,1,1,1,1,1,0.337190082644628,1,0.308562197092084,0.317114093959732,0.598726114649682,0.675941080196399,1,1,0,0.313880126182965,0.119354838709677,1,0.0344262295081967,1,1,0.306688417618271,1,1,0.629324546952224,0.420608108108108,0.998444790046656,0.0774299835255354,0.105610561056106,1,1,1,0.0919354838709677,0,0.315955766192733,0.424590163934426,0.310344827586207,0,0.324590163934426,0.0859504132231405,1,1,0.323809523809524,0.314009661835749,0.2416,0.326860841423948,0.306709265175719,0.317384370015949,1,1,0.32626427406199,1,0,1,0.219354838709677,1,0.676145339652449,1,0.310509554140127,0.301458670988655,0.0726698262243286,0.680817610062893,1,1,0.78921568627451,0.897822445561139,0.319218241042345,0.311881188118812,1,0.308681672025723,0.262321144674086,0.318627450980392,1,0.103174603174603,1,1,0.306709265175719,0.680781758957655,0.300500834724541,1,1,0.301127214170692,0.302215189873418,0.321316614420063,0.862295081967213,0.305647840531561,1,0.0557324840764331,1,1,0.696485623003195,0.659711075441412,0.310344827586207,0.0544871794871795,0.313821138211382,1,1,0.302547770700637,0.321895424836601,0.63275039745628,1,0.300476947535771,0.363636363636364,0.314102564102564,0.984227129337539,0.474631751227496,0.00480769230769231,0.301109350237718,0.323343848580442,0.32516339869281,0.304635761589404,0.313084112149533,0.966981132075472,1,0.317384370015949,0.558333333333333,0.690208667736758,0.2384,0.690355329949239,1,0.3248,0.00163132137030995,0.317152103559871,0.309061488673139,0.36248012718601,0.316558441558442,0,0.329113924050633,0.313821138211382,0.319422150882825,0.314516129032258
"209",1,1,1,1,1,1,0.703174603174603,1,1,0.0922330097087379,1,0.0390625,0.822429906542056,1,0.307692307692308,0.30568356374808,0.0612557427258806,0.696284329563813,1,1,0.288372093023256,0.314728682170543,1,0.151607963246554,1,0.32469512195122,0.30952380952381,1,1,0.787301587301587,0.311145510835913,0.738461538461539,0.970542635658915,0.307098765432099,0,1,0.543478260869565,1,0.29500756429652,1,0.6640625,0.681047765793529,0.700751879699248,1,1,0.317757009345794,0.30568356374808,0.305343511450382,0.316030534351145,0.319444444444444,0,1,0.307339449541284,1,1,0.496875,0.56055900621118,1,1,1,0.329787234042553,0.31875,0.317111459968603,0.68160741885626,1,1,0.0326594090202177,1,0.0496240601503759,0.315548780487805,1,0.321875,0.320634920634921,0.966346153846154,0.512937595129376,1,0.308157099697885,0.332822085889571,1,0.311708860759494,0.0828025477707006,0.324324324324324,0.318611987381703,1,0.333333333333333,1,1,1,1,0.69431643625192,1,1,0.00156494522691706,0.0958904109589041,1,0.0419790104947526,0,1,0.565149136577708,0.683962264150943,1,0.0479134466769706,0.306027820710974,1,0.311912225705329,1,0.684292379471229,1,0.312989045383412,0.311550151975684,0.315950920245399,1,0.315132605304212,1,0.486196319018405,1,0.304482225656878,0.296923076923077,0.325301204819277,0.317262830482115,0.481308411214953,1,0.312024353120244,0.312796208530806,1,0.303215926493109,1,1,0.325617283950617,0.544478527607362,1,0.309636650868878,1,0.0368731563421829,1,0.309559939301973,0.679331306990882,0.328703703703704,0.938461538461538,0.423263327948304,0.0965732087227414,0.0863422291993721,1,1,0.327613104524181,1,0.319277108433735,1,0.821875,1,0.322884012539185,1,1,1,1,0.334883720930233,1,0.315217391304348,0.250388802488336,1,0.3109375,1,0.306990881458967,0.0815047021943574,1,0.308661417322835,1,1,1,0.333848531684699,1,0.325581395348837,1,0.306976744186047,1,0.314465408805031,0.071097372488408,1,0.638977635782748,1,1,0.318037974683544,1,1,1,1,0.31839258114374,0.31441717791411,1,1,0.320121951219512,0.305379746835443,1,0.449922958397535,0.673621460506706,0,0.309707241910632,0.671339563862928,1,0.321321321321321,1,1,1,0.315301391035549,0.314842578710645,0.319938176197836,1,1,1,0,1,0.305993690851735,0.976958525345622,0.316118935837246,0.31055900621118,0.741984732824427,1,1,1,1,1,0.0388802488335925,0.3109375,0.326219512195122,1,0.683969465648855,1,1,0.998442367601246,1,1,1,0.00306748466257669,0.31969696969697,1,0.309033280507132,1,0.295031055900621,1,1,1,1,1,0.321928460342146,1,0.509345794392523,0.327666151468315,0.322085889570552,0.312302839116719,0.31924882629108,0.319620253164557,0.405705229793978,0.324451410658307,0.320552147239264,0.304482225656878,1,0.317901234567901,1,0.690658499234303,0.311145510835913,0.308396946564885,0.332810047095761,1,1,1,0.256172839506173,0.313755795981453,1,0.32018927444795,0.324200913242009,0.309597523219814,0.31651376146789,0.6953125,1,0.318529862174579,0.312989045383412,1,0.303459119496855,1,0.319213313161876,0.311145510835913,1,1,1,0.537854889589905,1,0.685271317829457,0.0733532934131736,0.324615384615385,1,1,0.086890243902439,0.316846986089645,0.32755905511811,1,1,0.301515151515152,0.0230061349693252,0.00158478605388273,1,1,0.334841628959276,0.998444790046656,1,0.309667673716012,1,1,0.323029366306028,1,1,1,1,0.322530864197531,0.308270676691729,0.3264,1,1,0.676923076923077,0.31733746130031,1,0.309880239520958,0.294025157232704,1,1,1,1,1,0.32093023255814,1,1,0.0993589743589744,0.3267776096823,0.479938271604938,0.300476947535771,0.673343605546995,0.318181818181818,1,0.306603773584906,0.327639751552795,0.256568778979907,0.308980213089802,1,0.321804511278195,1,1,1,0.30298273155416,0.31969696969697,1,0.929906542056075,0.060126582278481,1,0.31651376146789,0.313385826771654,0.3046875,1,0.320610687022901,0.468606431852986,0.321592649310873,0.306625577812018,0.318611987381703,0.301092043681747,1,0.320634920634921,1,1,0,1,0.317484662576687,1,1,1,0.31875,1,0.310832025117739,1,0.844274809160305,1,1,1,0.313546423135464,1,1,0.307219662058372,0.310185185185185,1,1,0.312693498452012,0.181543116490166,1,1,1,0,0.315541601255887,1,0.310452418096724,0.250388802488336,1,0.680365296803653,0.4337899543379,1,1,0.676602086438152,0.699685534591195,0.34715821812596,1,0.315132605304212,1,1,0.327131782945736,1,1,0.00622083981337481,0.322530864197531,1,1,0.32120253164557,1,1,0.30564263322884,0.345509893455099,1,1,1,0.526881720430108,0.303076923076923,0.34597875569044,0.322108345534407,0.325581395348837,0.692667706708268,0.322188449848024,0.326053042121685,0.3125,0.240061162079511,0.311708860759494,1,0.312965722801788,1,0.309707241910632,0.0792682926829268,0.0417310664605873,1,1,0.0351681957186544,1,0.695324283559578,0.0386398763523957,0.00946372239747634,1,0.679626749611198,1,1,0.539906103286385,1,0,0.0688,1,1,1,0.321372854914197,0.652616279069767,0.686688311688312,0.995327102803738,1,0.984591679506934,0.297674418604651,0.340590979782271,1,0.301109350237718,1,0.371695178849145,0.0941915227629513,0.303405572755418,0.315548780487805,0.326797385620915,1,0.0766917293233083,1,1,1,0.260736196319018,0.313880126182965,1,0.32093023255814,1,1,0.302795031055901,1,0.316265060240964,1,0.308544303797468,0.329211746522411,1,0.68088467614534,0.318318318318318,1,0.30564263322884,0.773291925465838,0.307575757575758,0.149390243902439,0.319340329835082,0.778471138845554,0.302215189873418,1,0.325115562403698,0.33535660091047,0.285493827160494,1,1,1,0.96969696969697,0.341463414634146,1,0.317384370015949,1,0.313001605136437,0.318796992481203,1,1,1,0.925349922239502,1,0.311926605504587,0.314329738058552,1,1,0.0456692913385827,0.0738993710691824,1,1,0.298245614035088,1,1,0.307453416149068,1,1,0.681818181818182,0.537404580152672,1,0,1,1,0.0907692307692308,0.321981424148607,1,0.320373250388802,1,0.968701095461659,1,0.834101382488479,1,0.328525641025641,1,1,1,0,0.302588996763754,1,1,0.68380062305296,1,0.316436251920123,0.357251908396947,0.326053042121685,1,1,1,0.0847201210287443,0.31875,0.0832,1,0.304615384615385,0.30030487804878,0.356374807987711,0,1,0.961832061068702,1,1,0.315870570107858,0.303303303303303,0.153965785381026,0.0359375,0.323529411764706,0.30503144654088,0.326251896813354,0.00156739811912226,0.308527131782946,1,0,0.31441717791411,1,1,1,0.314589665653495,0.315151515151515,0.0318471337579618,1,0.314241486068111,0.300455235204856,1,1,0.315707620528771,0.694620253164557,1,1,0.702194357366771,1,0.303625377643505,1,0.314641744548287,0.528963414634146,0.677811550151976,0.400900900900901,1,0.3003003003003,0.314112291350531,0.682170542635659,0.672727272727273,1,0.324159021406728,1,0.319758672699849,1,0.312302839116719,0.30952380952381,0.35,0.519260400616333,0.313664596273292,0.308176100628931,0.666666666666667,0.318529862174579,0.133333333333333,1,0,1,0.290625,1,0,0.313178294573643,0.31687898089172,1,0.0519287833827893,1,0.078125,0.342723004694836,1,0.0587326120556414,0.663594470046083,1,1,1,0.306451612903226,0.0369230769230769,1,0.431464174454829,0.0870253164556962,0.352048558421851,0.318529862174579,0.327245053272451,1,1,1,1,1,0.0576631259484067,0.996932515337423,0.68266253869969,0.00298953662182362,0.318952234206472,1,1,1,1,0.0835913312693498,0.312883435582822,1,1,1,1,1,1,0.490076335877863,0.0015552099533437,1,0.0777439024390244,0.313846153846154,0.438080495356037,1,0.399068322981366,0.3088,0.315047021943574,1,0.0341085271317829,0.312693498452012,1,1,0.369496855345912,0.306976744186047,0.306729264475743,0.313195548489666,1,0.318541996830428,0.315789473684211,0.402496099843994,0.312597200622084,0.974045801526718,0.305597579425113,0.0799373040752351,0.314984709480122,0,1,0.0800627943485086,0.309968847352025,0.312302839116719,0.312989045383412,1,1,1,1,1,1,0.331738437001595,1,0.310664605873261,0.316129032258064,0.591679506933744,0.68370607028754,1,1,0,0.311746987951807,0.104294478527607,1,0.0279503105590062,1,1,0.314553990610329,1,1,0.615384615384615,0.409677419354839,0.995581737849779,0.0752351097178683,0.0872274143302181,1,1,1,0.0814132104454685,0,0.320061255742726,0.41358024691358,0.317700453857791,0,0.320574162679426,0.0805687203791469,1,1,0.320121951219512,0.316770186335404,0.235015772870662,0.3296,0.308980213089802,0.31733746130031,1,1,0.325396825396825,1,0,1,0.219284603421462,1,0.684451219512195,1,0.306027820710974,0.304278922345483,0.0701219512195122,0.679938744257274,1,1,0.78816199376947,0.890145395799677,0.3078125,0.317034700315457,1,0.310185185185185,0.253499222395023,0.313694267515924,1,0.0948678071539658,1,1,0.311926605504587,0.684126984126984,0.309033280507132,1,1,0.306501547987616,0.304821150855365,0.316742081447964,0.856466876971609,0.315372424722662,1,0.0486322188449848,1,1,0.701996927803379,0.651017214397496,0.321144674085851,0.049079754601227,0.321372854914197,1,1,0.303265940902022,0.326053042121685,0.610248447204969,1,0.306525037936267,0.367534456355283,0.308282208588957,0.986322188449848,0.477379095163807,0.00457317073170732,0.303951367781155,0.315629742033384,0.329093799682035,0.315372424722662,0.30849478390462,0.972644376899696,1,0.31619937694704,0.551834130781499,0.682242990654206,0.230886850152905,0.691318327974277,1,0.321156773211568,0.00312989045383412,0.321981424148607,0.312111801242236,0.356495468277946,0.320126782884311,0,0.330757341576507,0.317683881064163,0.323854660347551,0.309230769230769
"210",0,0,0,0,0,0,0.29344262295082,0,0,0.913461538461538,0,0.960505529225908,0.173354735152488,0,0.684975767366721,0.694835680751174,0.943396226415094,0.312913907284768,0,0,0.70952380952381,0.686495176848875,0,0.862559241706161,0,0.679245283018868,0.674641148325359,0,0,0.195826645264847,0.688575899843505,0.254317111459969,0.033175355450237,0.682258064516129,1,0,0.459459459459459,0,0.692307692307692,0,0.339622641509434,0.321766561514196,0.314152410575428,0,0,0.676282051282051,0.689873417721519,0.685670261941448,0.676100628930818,0.676656151419558,1,0,0.688679245283019,0,0,0.48626817447496,0.45,0,0,0,0.667706708268331,0.678913738019169,0.679425837320574,0.325842696629214,0,0,0.967479674796748,0,0.947772657450077,0.682242990654206,0,0.679873217115689,0.679738562091503,0.0338709677419355,0.482919254658385,0,0.6890625,0.65987460815047,0,0.682487725040916,0.91900826446281,0.670967741935484,0.67205169628433,0,0.662957074721781,0,0,0,0,0.314152410575428,0,0,1,0.908805031446541,0,0.958074534161491,1,0,0.446254071661238,0.331179321486268,0,0.948717948717949,0.695652173913043,0,0.68362480127186,0,0.313572542901716,0,0.679425837320574,0.680445151033386,0.67879746835443,0,0.678740157480315,0,0.517829457364341,0,0.688087774294671,0.716744913928013,0.671850699844479,0.670436187399031,0.526645768025078,0.00157728706624606,0.67244094488189,0.683606557377049,0,0.696969696969697,0,0,0.680379746835443,0.467692307692308,0,0.678288431061807,0,0.961656441717791,0,0.68380062305296,0.324367088607595,0.67246835443038,0.0604133545310016,0.582922824302135,0.90952380952381,0.917591125198098,0,0,0.67515923566879,0,0.684210526315789,0,0.175911251980983,0,0.68189233278956,0,0,0,0,0.6704,0,0.677367576243981,0.764984227129338,0,0.691107644305772,0,0.707472178060413,0.924679487179487,0,0.685575364667747,0,0,0,0.665086887835703,0,0.666666666666667,0,0.691693290734824,0,0.68362480127186,0.931962025316456,0,0.367720465890183,0,0,0.679674796747967,0,0,0,0,0.674757281553398,0.690966719492868,0,0.00158982511923688,0.687598116169545,0.686495176848875,0,0.553090332805071,0.33641975308642,1,0.679425837320574,0.325878594249201,0,0.667716535433071,0,0.0015748031496063,0,0.683042789223455,0.678125,0.671521035598705,0,0,0,1,0,0.698872785829308,0.0256821829855538,0.67948717948718,0.691813804173355,0.251184834123223,0,0,0,0,0,0.960380348652932,0.687196110210697,0.678683385579937,0,0.3203125,0,0,0,0.0015600624024961,0,0,0.99685534591195,0.690031152647975,0,0.6864,0,0.699044585987261,0,0,0,0,0,0.677524429967427,0,0.486088379705401,0.676328502415459,0.666666666666667,0.687096774193548,0.680445151033386,0.663934426229508,0.596091205211726,0.6704,0.68025078369906,0.676656151419558,0,0.683385579937304,0,0.318952234206472,0.684126984126984,0.703125,0.669291338582677,0,0,0,0.751987281399046,0.687301587301587,0,0.67524115755627,0.677519379844961,0.685990338164251,0.671899529042386,0.322683706070288,0,0.683307332293292,0.686178861788618,0,0.697712418300654,0,0.687400318979266,0.683042789223455,0,0,0,0.462157809983897,0,0.3136,0.927357032457496,0.684044233807267,0,0,0.91496062992126,0.674015748031496,0.671592775041051,0,0,0.697819314641745,0.976452119309262,0.996688741721854,0,0,0.656346749226006,0.00157728706624606,0,0.688679245283019,0,0,0.680817610062893,0,0,0,0,0.666666666666667,0.695384615384615,0.66557911908646,0,0,0.328050713153724,0.684713375796178,0,0.678955453149002,0.69826224328594,0,0,0.00157977883096367,0,0,0.666139240506329,0,0,0.903069466882068,0.664596273291925,0.5232,0.688783570300158,0.330670926517572,0.684867394695788,0,0.689210950080515,0.661341853035144,0.754716981132076,0.6734375,0,0.67687595712098,0,0,0,0.688783570300158,0.674454828660436,0.00156494522691706,0.0638297872340425,0.941558441558442,0,0.682108626198083,0.68189233278956,0.696,0,0.670245398773006,0.526232114467409,0.671850699844479,0.689490445859873,0.690821256038647,0.684975767366721,0,0.677367576243981,0,0,1,0,0.677316293929712,0,0,0,0.665079365079365,0,0.694581280788177,0,0.151033386327504,0,0,0,0.678288431061807,0,0,0.682965299684543,0.681528662420382,0,0,0.683881064162754,0.830985915492958,0,0.00158227848101266,0,1,0.688206785137318,0,0.690437601296596,0.768488745980707,0,0.322274881516588,0.556414219474498,0,0,0.329770992366412,0.293650793650794,0.648902821316614,0,0.679425837320574,0,0,0.665056360708535,0,0.00161030595813205,0.995184590690209,0.674015748031496,0,0,0.678972712680578,0,0,0.692926045016077,0.672926447574335,0,0,0,0.458333333333333,0.688679245283019,0.665071770334928,0.684370257966616,0.66877971473851,0.312796208530806,0.671383647798742,0.676190476190476,0.684049079754601,0.771565495207668,0.676422764227642,0,0.686153846153846,0.00160513643659711,0.67981072555205,0.920731707317073,0.956181533646322,0,0,0.966929133858268,0,0.315217391304348,0.963549920760697,0.990415335463259,0,0.325914149443561,0,0,0.460547504025765,0,1,0.93517017828201,0,0,0,0.677884615384615,0.35258358662614,0.304276315789474,0.00470957613814757,0,0.0139103554868624,0.688995215311005,0.667731629392971,0,0.702127659574468,0,0.623211446740858,0.909967845659164,0.695102685624013,0.676470588235294,0.662207357859532,0,0.925349922239502,0,0,0,0.759316770186335,0.677938808373591,0,0.6752,0,0,0.691573926868045,0,0.680365296803653,0,0.686804451510334,0.676236044657097,0,0.32137030995106,0.687789799072643,0,0.68780487804878,0.2171875,0.68798751950078,0.855555555555556,0.674884437596302,0.224522292993631,0.685897435897436,0,0.677884615384615,0.658805031446541,0.699059561128527,0,0,0,0.0261437908496732,0.675496688741722,0,0.676567656765677,0,0.683333333333333,0.684615384615385,0,0,0,0.0760697305863708,0,0.68944099378882,0.681388012618297,0,0,0.952768729641694,0.9296,0,0,0.688498402555911,0,0,0.685303514376997,0,0,0.31974921630094,0.469325153374233,0,1,0,0,0.914556962025316,0.669856459330144,0,0.674157303370786,0.00156494522691706,0.0324675324675325,0.00159235668789809,0.165615141955836,0,0.669918699186992,0,0,0,1,0.686985172981878,0,0,0.332268370607029,0,0.688291139240506,0.641390205371248,0.681020733652313,0,0,0,0.916279069767442,0.679092382495948,0.918433931484502,0.00156494522691706,0.693396226415094,0.696261682242991,0.64576802507837,1,0,0.0377952755905512,0,0,0.677830940988836,0.696261682242991,0.85828025477707,0.966719492868463,0.672523961661342,0.688394276629571,0.668730650154799,1,0.682888540031397,0,1,0.675425038639876,0,0,0,0.68025078369906,0.684532924961715,0.970684039087948,0,0.678855325914149,0.694006309148265,0,0,0.678683385579937,0.314662273476112,0,0,0.303174603174603,0,0.681818181818182,0,0.686900958466454,0.486656200941915,0.334375,0.608628659476117,0,0.693846153846154,0.678456591639871,0.314873417721519,0.333853354134165,0,0.678233438485804,0,0.67687595712098,0,0.681089743589744,0.688311688311688,0.639240506329114,0.479365079365079,0.679425837320574,0.686998394863563,0.33968253968254,0.676703645007924,0.871125611745514,0,1,0,0.7085346215781,0,1,0.685990338164251,0.682258064516129,0,0.949308755760369,0,0.926282051282051,0.655555555555556,0,0.942766295707472,0.326923076923077,0,0,0,0.696428571428571,0.964341085271318,0,0.552715654952077,0.91219512195122,0.642638036809816,0.678913738019169,0.672955974842767,0,0,0,0,0,0.941717791411043,0.00307692307692308,0.317460317460317,0.996918335901387,0.66824644549763,0,0,0,0,0.919811320754717,0.686028257456829,0,0,0,0,0,0,0.514820592823713,1,0,0.925515055467512,0.678343949044586,0.568471337579618,0,0.601612903225806,0.692307692307692,0.688498402555911,0,0.965408805031447,0.682098765432099,0,0,0.625201938610662,0.68125,0.682034976152623,0.674121405750799,0.0015527950310559,0.670364500792393,0.670807453416149,0.587859424920128,0.686900958466454,0.0234741784037559,0.690658499234303,0.92443729903537,0.674528301886792,1,0,0.919224555735057,0.685483870967742,0.676328502415459,0.675762439807384,0,0,0,0,0,0,0.668810289389068,0,0.680511182108626,0.686666666666667,0.400309119010819,0.326860841423948,0,0,1,0.683229813664596,0.895071542130366,0.00155763239875389,0.972843450479233,0,0,0.68130081300813,0,0,0.384863123993559,0.592775041050903,0.00303030303030303,0.924920127795527,0.911717495987159,0,0,0,0.922834645669291,1,0.68025078369906,0.572555205047319,0.677914110429448,1,0.670988654781199,0.926163723916533,0,0,0.675425038639876,0.679365079365079,0.76875,0.664526484751204,0.684458398744113,0.671406003159558,0,0,0.670967741935484,0,1,0,0.792393026941363,0,0.328125,0,0.684458398744113,0.697411003236246,0.931993817619784,0.332802547770701,0,0,0.201288244766506,0.0965630114566285,0.674718196457327,0.684729064039409,0,0.688783570300158,0.758842443729904,0.675324675324675,0,0.914012738853503,0,0,0.690140845070423,0.323577235772358,0.693811074918567,0,0,0.696682464454976,0.684713375796178,0.686614173228347,0.143790849673203,0.680781758957655,0,0.952978056426332,0,0,0.309486780715397,0.35,0.679214402618658,0.950636942675159,0.676282051282051,0,0,0.682108626198083,0.666666666666667,0.383647798742138,0,0.689167974882261,0.631083202511774,0.694227769110764,0.0109546165884194,0.5328,1,0.692307692307692,0.677519379844961,0.673170731707317,0.681592039800995,0.681538461538462,0.0295489891135303,0,0.681962025316456,0.452459016393443,0.311897106109325,0.780063291139241,0.306320907617504,0,0.67651632970451,0.996763754045307,0.674528301886792,0.688087774294671,0.644444444444444,0.679549114331723,1,0.666139240506329,0.681089743589744,0.6704,0.687301587301587
"211",1,1,1,1,1,1,0.721417069243156,1,1,0.0966719492868463,1,0.0453125,0.810897435897436,1,0.302066772655008,0.2953125,0.065625,0.702791461412151,1,1,0.280757097791798,0.3008,1,0.167464114832536,1,0.310344827586207,0.295055821371611,1,1,0.777777777777778,0.297971918876755,0.718944099378882,0.965678627145086,0.304212168486739,0,1,0.567441860465116,1,0.282608695652174,1,0.681818181818182,0.694835680751174,0.69922480620155,1,1,0.299363057324841,0.296238244514107,0.300155520995334,0.315707620528771,0.319938176197836,0,1,0.295384615384615,1,1,0.488853503184713,0.571656050955414,1,1,1,0.320373250388802,0.297770700636943,0.312202852614897,0.694006309148265,1,1,0.0336538461538462,1,0.0625,0.308980213089802,1,0.304897314375987,0.307073954983923,0.969105691056911,0.521193092621664,1,0.301391035548686,0.317484662576687,1,0.296774193548387,0.090311986863711,0.314285714285714,0.309148264984227,1,0.32258064516129,1,1,1,1,0.70820189274448,1,1,0,0.105919003115265,1,0.0458015267175573,0,1,0.566775244299674,0.689381933438986,1,0.0583596214511041,0.294851794071763,1,0.303656597774245,1,0.69375,1,0.311526479750779,0.307210031347962,0.307332293291732,1,0.308411214953271,1,0.493788819875776,1,0.30030959752322,0.303875968992248,0.303543913713405,0.311526479750779,0.488958990536278,0.998430141287284,0.312989045383412,0.303370786516854,1,0.303738317757009,1,1,0.329635499207607,0.541411042944785,1,0.296650717703349,1,0.04047976011994,1,0.303738317757009,0.684867394695788,0.311526479750779,0.928012519561815,0.419249592169657,0.103503184713376,0.0998389694041868,1,1,0.321259842519685,1,0.304675716440422,1,0.810344827586207,1,0.3104,1,1,1,1,0.311912225705329,1,0.304487179487179,0.258215962441315,1,0.29595015576324,1,0.29264475743349,0.0944,1,0.292993630573248,1,1,1,0.321928460342146,1,0.309033280507132,1,0.287066246056782,1,0.30503144654088,0.078125,1,0.64951768488746,1,1,0.312101910828025,1,1,1,1,0.313195548489666,0.299531981279251,1,0.998417721518987,0.309119010819165,0.301435406698565,1,0.450310559006211,0.684129429892142,0,0.301412872841444,0.686305732484076,1,0.306976744186047,1,0.998470948012232,1,0.298273155416013,0.310291858678955,0.306709265175719,1,1,1,0,1,0.304278922345483,0.973101265822785,0.309636650868878,0.2984375,0.751181102362205,1,1,1,1,1,0.0443740095087163,0.302215189873418,0.3109375,1,0.69375,1,1,0.998427672955975,0.998447204968944,1,1,0.0031201248049922,0.317829457364341,1,0.295345104333868,1,0.294851794071763,1,1,1,1,1,0.312,1,0.495222929936306,0.31619937694704,0.321044546850998,0.3056,0.310725552050473,0.319554848966614,0.414826498422713,0.315955766192733,0.303599374021909,0.298761609907121,1,0.307692307692308,1,0.704791344667697,0.306477093206951,0.316279069767442,0.317817014446228,1,1,1,0.259141494435612,0.298299845440495,1,0.307692307692308,0.313935681470138,0.298107255520505,0.302325581395349,0.703174603174603,1,0.306122448979592,0.305958132045089,1,0.294788273615635,1,0.299689440993789,0.298904538341158,1,1,1,0.55205047318612,1,0.701277955271565,0.0906344410876133,0.311811023622047,1,1,0.0969230769230769,0.299531981279251,0.312599681020734,1,1,0.295489891135303,0.0220472440944882,0.0032,1,1,0.325115562403698,0.998449612403101,1,0.297674418604651,1,1,0.306477093206951,1,1,1,1,0.315047021943574,0.296636085626911,0.313408723747981,1,1,0.682464454976303,0.3,1,0.301391035548686,0.287081339712919,1,1,0.998449612403101,1,1,0.304075235109718,1,1,0.110932475884244,0.316846986089645,0.486312399355878,0.292063492063492,0.685214626391097,0.297380585516179,1,0.295418641390205,0.320251177394035,0.2660406885759,0.298904538341158,1,0.317411402157165,1,1,1,0.291139240506329,0.310077519379845,0.998447204968944,0.919224555735057,0.0647709320695103,1,0.30625,0.311501597444089,0.295418641390205,1,0.315789473684211,0.47626582278481,0.312302839116719,0.294670846394984,0.301948051948052,0.290015847860539,1,0.305466237942122,1,1,0,1,0.314285714285714,1,1,1,0.323763955342903,1,0.297637795275591,1,0.830985915492958,1,1,1,0.301857585139319,1,1,0.294753086419753,0.304416403785489,1,1,0.295208655332303,0.195046439628483,1,0.998420221169036,1,0,0.3008,1,0.301587301587302,0.25625,1,0.688575899843505,0.419601837672282,1,1,0.689189189189189,0.724409448818898,0.339712918660287,1,0.301242236024845,1,1,0.32018927444795,1,0.998425196850394,0.00784929356357928,0.307086614173228,1,1,0.312,1,1,0.298555377207063,0.340062111801242,1,1,1,0.526645768025078,0.301075268817204,0.333333333333333,0.303680981595092,0.316279069767442,0.707006369426752,0.311827956989247,0.311708860759494,0.295208655332303,0.247648902821317,0.306349206349206,1,0.310291858678955,0.998407643312102,0.300314465408805,0.0911854103343465,0.0513219284603421,1,1,0.0377358490566038,1,0.702194357366771,0.0423861852433281,0.0111642743221691,1,0.688372093023256,1,1,0.537242472266244,1,0,0.0770465489566613,1,1,1,0.308186195826645,0.662650602409639,0.694942903752039,0.996875,1,0.981538461538462,0.294573643410853,0.341732283464567,1,0.295133437990581,1,0.35625,0.109149277688604,0.295731707317073,0.308157099697885,0.313559322033898,1,0.0864197530864197,1,1,1,0.263482280431433,0.314696485623003,1,0.304897314375987,1,1,0.296583850931677,1,0.311248073959938,1,0.294488188976378,0.305246422893482,1,0.69435736677116,0.303543913713405,1,0.30173775671406,0.761006289308176,0.303215926493109,0.167449139280125,0.306990881458967,0.766091051805338,0.300970873786408,1,0.308777429467085,0.325,0.276827371695179,1,1,1,0.967637540453074,0.347107438016529,1,0.313213703099511,1,0.302439024390244,0.303738317757009,1,1,1,0.914196567862715,1,0.295665634674923,0.309375,1,1,0.0514469453376206,0.0839936608557845,1,1,0.2928,1,1,0.303174603174603,1,1,0.695102685624013,0.548929663608563,1,0,1,1,0.101071975497703,0.310126582278481,1,0.311320754716981,0.998427672955975,0.966237942122186,0.998410174880763,0.818040435458787,1,0.315024232633279,1,1,1,0,0.298013245033113,1,1,0.684627575277338,1,0.306477093206951,0.349606299212598,0.302694136291601,1,1,1,0.0939907550077042,0.313099041533546,0.0936507936507937,0.998412698412698,0.299065420560748,0.297045101088647,0.343799058084772,0,1,0.956112852664577,1,1,0.31496062992126,0.29320987654321,0.164012738853503,0.0378548895899054,0.302839116719243,0.301412872841444,0.30521472392638,0,0.300787401574803,1,0,0.304482225656878,1,1,1,0.308049535603715,0.307219662058372,0.03125,1,0.300940438871473,0.295031055900621,1,1,0.302839116719243,0.708674304418985,1,1,0.704944178628389,1,0.29320987654321,1,0.303875968992248,0.537519142419602,0.684292379471229,0.392966360856269,1,0.289877300613497,0.3046875,0.695787831513261,0.684049079754601,1,0.313572542901716,1,0.305471124620061,1,0.309748427672956,0.297906602254428,0.335433070866142,0.513260530421217,0.308306709265176,0.292332268370607,0.679245283018868,0.308049535603715,0.148450244698206,1,0,1,0.284389489953632,1,0,0.307086614173228,0.296474358974359,1,0.0594512195121951,1,0.0870253164556962,0.321766561514196,1,0.0670826833073323,0.684627575277338,1,1,1,0.295081967213115,0.036979969183359,1,0.426307448494453,0.0987261146496815,0.343653250773994,0.309006211180124,0.314152410575428,1,1,1,1,1,0.0658499234303216,0.996904024767802,0.703001579778831,0.00302571860816944,0.309597523219814,1,1,1,1,0.0855784469096672,0.302752293577982,1,1,1,1,1,1,0.496904024767802,0,1,0.0851393188854489,0.304075235109718,0.43217665615142,1,0.3888,0.295566502463054,0.30298273155416,1,0.0410094637223975,0.306027820710974,1,1,0.352180936995153,0.299382716049383,0.29093799682035,0.308441558441558,0.998447204968944,0.307073954983923,0.303265940902022,0.401587301587302,0.3140625,0.970769230769231,0.30030487804878,0.0852090032154341,0.302362204724409,0,1,0.087719298245614,0.299363057324841,0.304552590266876,0.306709265175719,1,1,1,1,1,1,0.321711568938193,1,0.300632911392405,0.308080808080808,0.591549295774648,0.691823899371069,1,1,0,0.303951367781155,0.1234375,0.998489425981873,0.0379746835443038,1,1,0.307814992025518,1,1,0.619496855345912,0.395081967213115,0.998480243161094,0.083596214511041,0.0990415335463259,1,1,1,0.095389507154213,0,0.301242236024845,0.410459587955626,0.297546012269939,0,0.307568438003221,0.0890302066772655,1,1,0.302611367127496,0.30379746835443,0.248037676609105,0.325806451612903,0.300153139356815,0.308661417322835,1,1,0.314009661835749,1,0,1,0.223832528180354,1,0.691588785046729,1,0.298578199052133,0.290113452188006,0.0796875,0.690140845070423,1,1,0.802547770700637,0.901453957996769,0.302694136291601,0.295934959349594,1,0.300940438871473,0.259493670886076,0.311897106109325,1,0.105095541401274,1,1,0.311004784688995,0.693181818181818,0.300319488817891,1,1,0.28902627511592,0.292452830188679,0.305810397553517,0.855784469096672,0.300955414012739,1,0.0559006211180124,1,1,0.71319018404908,0.671899529042386,0.303858520900322,0.0586370839936609,0.315467075038285,1,1,0.296,0.317034700315457,0.638198757763975,1,0.298904538341158,0.362229102167183,0.302936630602782,0.981707317073171,0.4752,0.00313479623824451,0.29375,0.313364055299539,0.3104,0.292880258899676,0.30381679389313,0.973643410852713,1,0.302215189873418,0.55784469096672,0.69983948635634,0.241379310344828,0.697560975609756,1,0.312401883830455,0,0.310832025117739,0.299065420560748,0.362776025236593,0.302694136291601,0,0.319685039370079,0.305732484076433,0.309148264984227,0.296238244514107
"212",0.293729372937294,0.302215189873418,0.298887122416534,0.314424635332253,0.301282051282051,0.3,0.0114192495921697,0.308943089430894,0.302362204724409,0.584690553745928,0.304416403785489,0.6544,0.5,0.311216429699842,1,1,0.627943485086342,0,0.3125,0.296998420221169,1,1,0.304075235109718,0.5344,0.300314465408805,1,1,0.328407224958949,0.306853582554517,0.510673234811166,1,0.572784810126582,0.355140186915888,0.995297805642633,0.67862969004894,0.313232830820771,0.135566188197767,0.313385826771654,1,0.301587301587302,0.00322061191626409,0,0,0.310789049919485,0.303715670436187,1,0.993569131832797,1,1,1,0.693290734824281,0.315960912052117,1,0.314873417721519,0.304075235109718,0.812091503267974,0.121555915721232,0.312703583061889,0.308544303797468,0.313725490196078,0.992138364779874,1,1,0.00476190476190476,0.3042071197411,0.305511811023622,0.662921348314607,0.3125,0.627480916030534,1,0.306477093206951,1,1,0.273170731707317,0.153238546603476,0.306153846153846,1,0.995297805642633,0.314152410575428,1,0.612850082372323,1,1,0.310344827586207,1,0.308755760368664,0.302547770700637,0.312698412698413,0.303030303030303,0,0.310509554140127,0.319938176197836,0.70364500792393,0.6,0.301916932907348,0.649612403100775,0.690966719492868,0.291798107255521,0.124394184168013,0,0.296650717703349,0.6304,1,0.302479338842975,1,0.312,0,0.309636650868878,1,1,1,0.301587301587302,0.995334370139969,0.311501597444089,0.206201550387597,0.293846153846154,1,0.384615384615385,1,1,0.20440251572327,0.304625199362041,1,1,0.322884012539185,1,0.307575757575758,0.305295950155763,0.377179080824089,0.768388106416275,0.308580858085809,1,0.318979266347687,0.645061728395062,0.324013157894737,1,0.00156494522691706,1,0.353322528363047,0.894736842105263,0.594249201277955,0.6144,0.296,0.313213703099511,1,0.298107255520505,1,0.291866028708134,0.488262910798122,0.308892355694228,1,0.2944,0.310679611650485,0.311688311688312,0.313915857605178,1,0.301109350237718,1,0.443573667711599,0.315132605304212,1,0.306853582554517,1,0.603225806451613,0.308823529411765,1,0.309636650868878,0.303937007874016,0.3232,0.987240829346092,0.313408723747981,1,0.306089743589744,1,0.302134646962233,1,0.616852146263911,0.29922480620155,0.0264900662251656,0.287560581583199,0.311897106109325,1,0.293650793650794,0.313504823151125,0.303514376996805,0.311216429699842,1,1,0.308580858085809,0.31687898089172,1,1,0.313291139240506,0.235015772870662,0.018348623853211,0.6976,1,0.00318471337579618,0.309033280507132,1,0.307817589576547,0.297507788161994,0.298555377207063,0.998432601880878,1,1,0.31875,0.308457711442786,0.305993690851735,0.698872785829308,0.304278922345483,1,0.329581993569132,1,1,0.436018957345972,0.323101777059774,0.307324840764331,0.315372424722662,0.294585987261146,0.304625199362041,0.656549520766773,1,1,0.304212168486739,0.00319488817891374,0.318110236220472,0.302147239263804,0.313195548489666,0.29264475743349,0.2896,0.308527131782946,0.712698412698413,0.372239747634069,0.289348171701113,1,0.303715670436187,1,0.300940438871473,0.297770700636943,0.303225806451613,0.32137030995106,0.295055821371611,1,0.308777429467085,0.805111821086262,1,1,0.996763754045307,1,1,0.902120717781403,1,1,1,0.30564263322884,1,0.30550918196995,0,1,0.390015600624025,1,0.311688311688312,0.307570977917981,0.301612903225806,0.431561996779388,1,0.310725552050473,1,1,1,1,0,0.306451612903226,1,1,0.306818181818182,1,0.309006211180124,1,1,0.298412698412698,0.315447154471545,0.291993720565149,0.145367412140575,0.312599681020734,0,0.613496932515337,1,0.309148264984227,0.309951060358891,0.600308641975309,1,1,0.309951060358891,0.321027287319422,1,0.660771704180064,0.705977382875606,0.294308943089431,0.312803889789303,0.993730407523511,0.316129032258064,0.294930875576037,1,0.298887122416534,0.290171606864275,1,0.295454545454545,0.307448494453249,0.31201248049922,0.307073954983923,1,1,1,0.29903536977492,0.306581059390048,0.00789889415481832,0.992163009404389,0.315705128205128,1,1,0.300940438871473,0.316037735849057,0.294488188976378,0.298555377207063,0.303937007874016,1,0.295345104333868,0.29570747217806,0.584142394822006,1,0.834670947030498,1,0,1,0.315132605304212,1,1,0.432646592709984,0.998427672955975,0.309562398703404,1,0.303656597774245,0.294488188976378,0.306962025316456,1,1,0.3088,0.378289473684211,0.625,0.295934959349594,1,1,1,0.30983606557377,1,0.210862619808307,1,1,1,1,0.310077519379845,1,0.308970099667774,0.311605723370429,0.681962025316456,0.302737520128824,1,0.310236220472441,0.306870229007634,0.308943089430894,1,0.298107255520505,1,0.311827956989247,0.462757527733756,0.31378763866878,0.313628899835796,0.304953560371517,1,0.308562197092084,0.29073482428115,1,1,0.314241486068111,0.299684542586751,1,0.485981308411215,0.298045602605863,0.314553990610329,0.320813771517997,0.691573926868045,1,0.281923714759536,1,0.427876823338736,0.298412698412698,0,0.880989180834621,0.312091503267974,0.3056,0,0.036741214057508,0.980982567353407,0.30829420970266,1,0.305958132045089,0.298531810766721,1,0.313385826771654,0.307443365695793,0.679873217115689,1,0.306089743589744,0.312698412698413,1,0.297971918876755,0.293548387096774,1,0.34488188976378,0.302066772655008,0.306122448979592,0.3168,0.796875,1,0.979032258064516,1,1,0.00159744408945687,1,0.9936,1,0.443017656500803,0.99672131147541,0.297674418604651,0.993700787401575,0.319935691318328,0.996830427892235,0.621705426356589,0.645412130637636,0.310185185185185,0.301710730948678,0.646592709984152,0.297385620915033,0,0.641269841269841,0.696,0.305772230889236,0.00157232704402516,0.299186991869919,0.30188679245283,0.773615635179153,0.308917197452229,0.690737833594976,0.619281045751634,0.312599681020734,0.310344827586207,0.286624203821656,1,0.0257575757575758,0,0.304278922345483,0.320126782884311,0.321766561514196,1,0.336492890995261,0.301282051282051,1,0.29153605015674,0.9456,0.583468395461912,1,1,0.993197278911565,0.306853582554517,0.619496855345912,0.307453416149068,0.304560260586319,0.302839116719243,0.428794992175274,1,0.300970873786408,1,0.311881188118812,0.310064935064935,1,0.304560260586319,1,0.315705128205128,1,1,0.307324840764331,0,1,0.312796208530806,1,0.54746835443038,1,0.520440251572327,1,0.540540540540541,1,0.308196721311475,1,1,1,0.296703296703297,0.316129032258064,0.302325581395349,0.337704918032787,0.335570469798658,0.296998420221169,1,0.315457413249211,1,1,0.31619937694704,0.3,0.300632911392405,0.377567140600316,0.311320754716981,1,1,0.319685039370079,0.319620253164557,0.638297872340426,0.6,0.302215189873418,0.306089743589744,1,0.294303797468354,0.3078125,0.995145631067961,0.297560975609756,0.30016051364366,0,0.140405616224649,0.299840510366826,0.69195751138088,0.303425774877651,0.307814992025518,0.611801242236025,0.996840442338073,0.303030303030303,1,0.297427652733119,0.334935897435897,0.310509554140127,0.461180124223602,0.3008,1,0.307692307692308,0.307817589576547,0.318181818181818,0.70253164556962,1,0.319935691318328,0.311424100156495,0,0.309262166405024,0.998422712933754,0.951334379905808,1,0.308917197452229,0.311216429699842,0.306451612903226,0.59748427672956,1,0.606907894736842,0.31973898858075,1,1,0.96998420221169,0.69377990430622,0.311111111111111,0.343499197431782,0.313291139240506,0.312302839116719,1,1,0.526742301458671,0.642054574638844,1,1,0.998444790046656,0.701923076923077,1,0.312883435582822,0.693522906793049,1,0.316957210776545,0.305246422893482,0.301109350237718,0.996879875195008,1,0.649586776859504,0.313694267515924,1,1,0.312599681020734,0.302034428794992,0.9984,0,0.301127214170692,0.297253634894992,0.00646203554119548,0.303405572755418,1,0.302287581699346,1,0.142857142857143,0,0.904836193447738,0.312202852614897,1,1,0,0.00156494522691706,0.317965023847377,1,0.308848080133556,0.996865203761755,0.297734627831715,1,1,0.963607594936709,0.767255216693419,1,1,0.00476947535771065,1,0.527272727272727,0.318910256410256,0.691107644305772,0.314785373608903,1,0.290322580645161,0.68370607028754,1,1,0.306688417618271,0.635384615384615,0.324281150159744,0.596153846153846,0.973143759873618,0.313291139240506,0.622611464968153,0.0111821086261981,0.3,0.308892355694228,0.313271604938272,1,0.646417445482866,0.295418641390205,0.889423076923077,0.605177993527508,0.96875,1,1,0.30952380952381,0.32843137254902,0.302100161550889,0.3,0.30379746835443,0.638198757763975,0.298107255520505,0,0.6875,0.998410174880763,0.313880126182965,0.297297297297297,0.303630363036304,0.311320754716981,0.621664050235479,1,0.318681318681319,0.321543408360129,0.320261437908497,0.311320754716981,0.306603773584906,0.304975922953451,0.2,0.692926045016077,0.312399355877617,0.610248447204969,1,0.237560192616372,0.309904153354633,0.923327895595432,1,1,0.298722044728434,0.65,1,0.297169811320755,0.290113452188006,0.951456310679612,1,1,0.996747967479675,0.311912225705329,1,1,0.900489396411093,1,0.341732283464567,1,0.616776315789474,1,0.684375,0.304278922345483,0.613376835236542,1,1,0.993517017828201,0.3203125,0.314194577352472,0.317307692307692,0.308917197452229,0.313213703099511,0.315112540192926,0.983922829581994,0.3015625,1,1,0.71585557299843,0,0.297971918876755,0.30173775671406,0.693146417445483,1,0.58161648177496,0.317111459968603,0.659711075441412,0.309904153354633,0.3125,1,0.301916932907348,0.302170283806344,0.680194805194805,0.914191419141914,0.310502283105023,0.613008130081301,0.593900481540931,0.3140625,0.304761904761905,0.290322580645161,0.606687898089172,0.695859872611465,1,0.890649762282092,1,0.673946957878315,0.996742671009772,0.607779578606159,0.310236220472441,0.316211878009631,1,1,0.4375,0.99341021416804,0.998461538461539,1,0.298869143780291,0.312101910828025,1,0.304482225656878,0.695583596214511,0.318471337579618,0.472,0.288709677419355,0,0.297971918876755,1,1,0.610410094637224,0.00156985871271586,0.318327974276527,0.303656597774245,0.0942492012779553,0.402298850574713,1,1,0.301587301587302,1,0.423510466988728,1,0.320373250388802,0.601275917065391,0.31637519872814,0.308943089430894,1,0,1,0.294407894736842,0.311290322580645,1,1,1,0.426256077795786,1,0.310509554140127,0.632237871674491,0.31619937694704,0.313531353135314,0.00158730158730159,0.0354838709677419,1,0.62843295638126,1,0.321259842519685,0.318840579710145,1,1,0.167192429022082,0.296474358974359,1,0.909090909090909,1,0.313385826771654,0.20259319286872,0.680445151033386,1,1,1,1,1,0.278301886792453,0.302215189873418,1,0.123355263157895,0.00161812297734628,0.450949367088608,0,0.315619967793881,1,0.689984101748808,1,1,0.897798742138365,1,0.692551505546751,1,1,1,1
"213",0.967897271268058,0.973058637083994,0.973684210526316,0.977564102564103,0.974643423137876,0.971246006389776,0.677830940988836,0.97444089456869,0.973354231974922,0.0769230769230769,0.972350230414747,0.015625,0.8390625,0.971563981042654,0.330645161290323,0.325,0.0356589147286822,0.66557911908646,0.971742543171115,0.97045101088647,0.322480620155039,0.329093799682035,0.972136222910217,0.135725429017161,0.971080669710807,0.349529780564263,0.345161290322581,0.972222222222222,0.972307692307692,0.809825673534073,0.326625386996904,0.761682242990654,0.978193146417445,0.332807570977918,0.0187793427230047,0.971854304635762,0.513343799058085,0.975232198142415,0.317629179331307,0.968229954614221,0.644757433489828,0.653125,0.676425269645609,0.971473851030111,0.9712,0.339256865912762,0.330683624801272,0.321538461538462,0.338983050847458,0.3515625,0.0234009360374415,0.973983739837398,0.333841463414634,0.971786833855799,0.968798751950078,0.518225039619651,0.536277602523659,0.971518987341772,0.972265023112481,0.973561430793157,0.354938271604938,0.342271293375394,0.336507936507937,0.655063291139241,0.969055374592834,0.971742543171115,0.0140625,0.974921630094044,0.0275650842266462,0.335913312693498,0.972222222222222,0.333850931677019,0.349593495934959,0.938291139240506,0.485362095531587,0.967840735068913,0.323216995447648,0.363777089783282,0.969088098918083,0.341935483870968,0.0694668820678514,0.349378881987578,0.34984520123839,0.973805855161787,0.359746434231379,0.973886328725038,0.970266040688576,0.969889064976228,0.977952755905512,0.675425038639876,0.96984126984127,0.976958525345622,0.0251177394034537,0.0770416024653313,0.9744,0.0168970814132104,0.0233644859813084,0.973765432098765,0.535598705501618,0.659163987138264,0.970219435736677,0.0302547770700637,0.331240188383046,0.97427652733119,0.337519623233909,0.972886762360447,0.663522012578616,0.975039001560062,0.3375,0.333855799373041,0.349157733537519,0.969135802469136,0.347826086956522,0.974842767295597,0.465151515151515,0.974085365853659,0.341121495327103,0.283076923076923,0.345509893455099,0.342271293375394,0.45511811023622,0.970031545741325,0.344563552833078,0.334943639291465,0.976993865030675,0.328703703703704,0.974512743628186,0.969604863221885,0.311216429699842,0.526315789473684,0.979462875197472,0.330173775671406,0.974683544303797,0.0151285930408472,0.974603174603175,0.339449541284404,0.655763239875389,0.346273291925466,0.965023847376789,0.410130718954248,0.0749601275917065,0.0737833594976452,0.969793322734499,0.973101265822785,0.355450236966825,0.979655712050078,0.349544072948328,0.9734375,0.838006230529595,0.967791411042945,0.338164251207729,0.974921630094044,0.972929936305732,0.9765625,0.976415094339623,0.350237717908082,0.966772151898734,0.345425867507886,0.2359375,0.971786833855799,0.340557275541796,0.972602739726027,0.320987654320988,0.0578125,0.973058637083994,0.334394904458599,0.9703125,0.973561430793157,0.971786833855799,0.354587869362364,0.971786833855799,0.352564102564103,0.971786833855799,0.322834645669291,0.969205834683955,0.338607594936709,0.0476923076923077,0.973478939157566,0.617886178861789,0.974723538704581,0.971830985915493,0.327476038338658,0.974882260596546,0.978294573643411,0.973520249221184,0.971875,0.34585289514867,0.329787234042553,0.972536348949919,0.973520249221184,0.341500765696784,0.325320512820513,0.97196261682243,0.428125,0.644578313253012,0.0293663060278207,0.335925349922239,0.644859813084112,0.975116640746501,0.340978593272171,0.973015873015873,0.975155279503106,0.976923076923077,0.336507936507937,0.332302936630603,0.350793650793651,0.971168437025797,0.9744,0.976958525345622,0.0256821829855538,0.973101265822785,0.329581993569132,1,0.333333333333333,0.331240188383046,0.7046875,0.974683544303797,0.968701095461659,0.975039001560062,0.97007874015748,0.971608832807571,0.0140625,0.341232227488152,0.338485316846986,0.970588235294118,0.662058371735791,0.970496894409938,0.96937212863706,0.969936708860759,0.975346687211094,0.9703125,0.971080669710807,0.0310077519379845,0.298461538461538,0.973643410852713,0.331730769230769,0.976,0.323899371069182,0.978294573643411,0.976114649681529,0.976489028213166,0.973312401883831,0.975961538461538,0.335949764521193,0.972049689440994,0.543581616481775,0.34009360374415,0.34,0.338582677165354,0.334379905808477,0.346518987341772,0.385964912280702,0.353218210361067,0.334869431643625,0.33693972179289,0.972265023112481,0.343354430379747,0.977272727272727,0.672754946727549,0.335443037974684,0.292117465224111,0.342313787638669,0.96984126984127,0.975116640746501,0.97007874015748,0.240887480190174,0.325434439178515,0.972179289026275,0.341307814992026,0.344984802431611,0.32348367029549,0.344773790951638,0.663492063492063,0.973228346456693,0.345622119815668,0.335987261146497,0.97007874015748,0.324237560192616,0.970992366412214,0.333333333333333,0.33122028526149,0.971563981042654,0.97588424437299,0.970496894409938,0.504807692307692,0.972886762360447,0.667716535433071,0.0532724505327245,0.342271293375394,0.976923076923077,0.972886762360447,0.066358024691358,0.337941628264209,0.3456,0.980582524271845,0.974723538704581,0.328746177370031,0.0124416796267496,0.0271132376395534,0.967585089141005,0.974358974358974,0.350230414746544,0.970125786163522,0.972809667673716,0.325153374233129,0.971742543171115,0.972049689440994,0.345794392523364,0.973101265822785,0.9734375,0.97360248447205,0.973101265822785,0.353312302839117,0.328220858895706,0.344103392568659,0.973354231974922,0.967136150234742,0.650231124807396,0.334928229665072,0.973058637083994,0.337962962962963,0.330203442879499,0.975,0.978294573643411,0.976635514018692,0.971428571428571,0.970496894409938,0.338582677165354,0.971153846153846,0.9703125,0.0779014308426073,0.355038759689922,0.461417322834646,0.317384370015949,0.646031746031746,0.337461300309598,0.975535168195719,0.332278481012658,0.356012658227848,0.23963133640553,0.3328173374613,0.976303317535545,0.341906202723147,0.971698113207547,0.973312401883831,0.972350230414747,0.333863275039746,0.331269349845201,0.978227060653188,0.949838187702265,0.0286624203821656,0.971337579617834,0.339477726574501,0.34748427672956,0.330683624801272,0.973143759873618,0.346213292117465,0.443573667711599,0.349056603773585,0.3328125,0.335504885993485,0.327014218009479,0.972179289026275,0.339171974522293,0.978512396694215,0.972006220839813,0.0235109717868339,0.968152866242038,0.332273449920509,0.972136222910217,0.970858895705521,0.97456279809221,0.340659340659341,0.969834087481146,0.339774557165862,0.970948012232416,0.861198738170347,0.968652037617555,0.966292134831461,0.9671875,0.334370139968896,0.980830670926518,0.9728,0.333850931677019,0.330733229329173,0.973186119873817,0.973228346456693,0.332814930015552,0.162327718223583,0.970967741935484,0.9765625,0.970358814352574,0.0283018867924528,0.32695374800638,0.974025974025974,0.32755905511811,0.226771653543307,0.97339593114241,0.659442724458204,0.457886676875957,0.972536348949919,0.973143759873618,0.653030303030303,0.678627145085803,0.36833855799373,0.975077881619938,0.338028169014085,0.968354430379747,0.97258064516129,0.346875,0.975193798449612,0.97339593114241,0.0189274447949527,0.340659340659341,0.968652037617555,0.971830985915493,0.344051446945338,0.9734375,0.972843450479233,0.326465927099842,0.322932917316693,0.973143759873618,0.974921630094044,0.976228209191759,0.560862865947612,0.324031007751938,0.346031746031746,0.33987915407855,0.349529780564263,0.673566878980892,0.355384615384615,0.355590062111801,0.337404580152672,0.21993670886076,0.336507936507937,0.969465648854962,0.351681957186544,0.974603174603175,0.332298136645963,0.0610687022900763,0.0169491525423729,0.970992366412214,0.972350230414747,0.013953488372093,0.9776,0.666158536585366,0.0125391849529781,0.0204724409448819,0.970992366412214,0.656346749226006,0.970172684458399,0.971653543307087,0.509584664536741,0.976415094339623,0.0248447204968944,0.0504065040650407,0.974603174603175,0.971875,0.9734375,0.342356687898089,0.625920471281296,0.66557911908646,0.959938366718028,0.973478939157566,0.990740740740741,0.328638497652582,0.319047619047619,0.970358814352574,0.319554848966614,0.975155279503106,0.39622641509434,0.0736,0.328100470957614,0.342507645259939,0.35303776683087,0.977064220183486,0.0528771384136858,0.968036529680365,0.971383147853736,0.973643410852713,0.24079754601227,0.345425867507886,0.968304278922345,0.337579617834395,0.971246006389776,0.974193548387097,0.322429906542056,0.977382875605816,0.343939393939394,0.9734375,0.320126782884311,0.343402225755167,0.970496894409938,0.657728706624606,0.334841628959276,0.97542242703533,0.332283464566929,0.791469194312796,0.338957055214724,0.134259259259259,0.338368580060423,0.798136645962733,0.332263242375602,0.967689822294023,0.343799058084772,0.359133126934985,0.314241486068111,0.973058637083994,0.976452119309262,0.974242424242424,0.996794871794872,0.32952691680261,0.972136222910217,0.346709470304976,0.977812995245642,0.333333333333333,0.342465753424658,0.968895800933126,0.97444089456869,0.975794251134644,0.948356807511737,0.975384615384615,0.328267477203647,0.340557275541796,0.976303317535545,0.971337579617834,0.0189274447949527,0.0595611285266458,0.972049689440994,0.971473851030111,0.339712918660287,0.970724191063174,0.970948012232416,0.319685039370079,0.969502407704655,0.968992248062015,0.659442724458204,0.513888888888889,0.976228209191759,0.0255255255255255,0.973101265822785,0.967391304347826,0.0697674418604651,0.3421875,0.974803149606299,0.344667697063369,0.978056426332288,0.993670886075949,0.970769230769231,0.858267716535433,0.97339593114241,0.340909090909091,0.978159126365055,0.976228209191759,0.975961538461538,0.0261538461538462,0.327922077922078,0.97588424437299,0.967592592592593,0.648522550544324,0.968553459119497,0.337559429477021,0.382716049382716,0.342679127725857,0.977917981072555,0.974882260596546,0.972972972972973,0.0660522273425499,0.347003154574132,0.0616113744075829,0.97588424437299,0.328703703703704,0.321928460342146,0.380434782608696,0.0268987341772152,0.979527559055118,0.987538940809969,0.967642526964561,0.972350230414747,0.341732283464567,0.320552147239264,0.140600315955766,0.0141955835962145,0.340764331210191,0.341732283464567,0.353941267387944,0.0207667731629393,0.332288401253919,0.974045801526718,0.0283464566929134,0.34,0.969230769230769,0.96656050955414,0.970358814352574,0.335394126738794,0.336890243902439,0.0113268608414239,0.979813664596273,0.334890965732087,0.318529862174579,0.975308641975309,0.967289719626168,0.33953488372093,0.679338842975207,0.974803149606299,0.974882260596546,0.679365079365079,0.972434915773354,0.322678843226788,0.97588424437299,0.330246913580247,0.496124031007752,0.654377880184332,0.376119402985075,0.975308641975309,0.317484662576687,0.333853354134165,0.658805031446541,0.649847094801223,0.970724191063174,0.341692789968652,0.975728155339806,0.343605546995377,0.976303317535545,0.337042925278219,0.335453100158982,0.365506329113924,0.506849315068493,0.33122028526149,0.33122028526149,0.6464,0.335403726708075,0.12012987012987,0.98116169544741,0.0293663060278207,0.973805855161787,0.321711568938193,0.971518987341772,0.0250391236306729,0.33974358974359,0.330658105939005,0.970588235294118,0.0244648318042813,0.970769230769231,0.062992125984252,0.35725677830941,0.975039001560062,0.0343213728549142,0.644615384615385,0.971653543307087,0.972222222222222,0.975155279503106,0.31973898858075,0.0136570561456753,0.970948012232416,0.457098283931357,0.0697305863708399,0.378254211332312,0.339939024390244,0.341013824884793,0.973520249221184,0.977635782747604,0.969648562300319,0.973312401883831,0.976851851851852,0.0354938271604938,0.964396284829721,0.667177914110429,0.0239520958083832,0.345794392523364,0.975155279503106,0.971875,0.974643423137876,0.979813664596273,0.0608424336973479,0.332822085889571,0.977029096477795,0.973058637083994,0.972491909385113,0.971473851030111,0.970219435736677,0.96998420221169,0.462595419847328,0.014308426073132,0.973186119873817,0.0527950310559006,0.334883720930233,0.412403100775194,0.972307692307692,0.420221169036335,0.328968903436989,0.332312404287902,0.970404984423676,0.0125195618153365,0.34,0.978260869565217,0.973186119873817,0.395569620253165,0.335394126738794,0.328660436137072,0.332797427652733,0.975384615384615,0.349606299212598,0.334355828220859,0.389324960753532,0.335423197492163,0.995341614906832,0.327743902439024,0.0558213716108453,0.341772151898734,0.0234741784037559,0.972972972972973,0.0630914826498423,0.324921135646688,0.340729001584786,0.336463223787167,0.978395061728395,0.973520249221184,0.9728,0.96998420221169,0.975806451612903,0.971428571428571,0.359746434231379,0.975039001560062,0.336405529953917,0.334431630971993,0.574534161490683,0.660855784469097,0.972093023255814,0.969512195121951,0.024653312788906,0.331297709923664,0.0953125,0.977099236641221,0.0110236220472441,0.978090766823161,0.975845410628019,0.328525641025641,0.973520249221184,0.973597359735974,0.600953895071542,0.390243902439024,0.965671641791045,0.0571428571428571,0.0750798722044728,0.973684210526316,0.976415094339623,0.975039001560062,0.0607476635514019,0.0236593059936909,0.339506172839506,0.443573667711599,0.338931297709924,0.0297805642633229,0.347619047619048,0.0562700964630225,0.970588235294118,0.971246006389776,0.337461300309598,0.34585289514867,0.220125786163522,0.354066985645933,0.330232558139535,0.33953488372093,0.971830985915493,0.974921630094044,0.348171701112878,0.971471471471472,0.0233644859813084,0.9824,0.197204968944099,0.9712,0.66304347826087,0.968895800933126,0.342723004694836,0.323763955342903,0.0497667185069984,0.65284178187404,0.976671850699845,0.976599063962558,0.763322884012539,0.865912762520194,0.329617834394904,0.340557275541796,0.975384615384615,0.347003154574132,0.242612752721617,0.340764331210191,0.969418960244648,0.0752688172043011,0.973520249221184,0.973228346456693,0.336990595611285,0.6528,0.325320512820513,0.977309562398703,0.976415094339623,0.333333333333333,0.330203442879499,0.334351145038168,0.824921135646688,0.331730769230769,0.968354430379747,0.0263975155279503,0.967542503863988,0.975806451612903,0.66973886328725,0.625786163522013,0.338735818476499,0.0222222222222222,0.348101265822785,0.972972972972973,0.980645161290323,0.318110236220472,0.346875,0.593798449612403,0.975346687211094,0.318112633181126,0.336906584992343,0.325508607198748,0.954828660436137,0.456,0.0231124807395994,0.320610687022901,0.342064714946071,0.345104333868379,0.337539432176656,0.336890243902439,0.945904173106646,0.970266040688576,0.330218068535826,0.520766773162939,0.66347687400319,0.2203125,0.670988654781199,0.978159126365055,0.338509316770186,0.0268562401263823,0.35,0.337519623233909,0.330232558139535,0.346031746031746,0.0231839258114374,0.353125,0.341732283464567,0.340157480314961,0.3359375
"214",0.301794453507341,0.324960753532182,0.323296354992076,0.333855799373041,0.318541996830428,0.313195548489666,0.0128410914927769,0.325806451612903,0.325,0.5792,0.324074074074074,0.63751987281399,0.519230769230769,0.325984251968504,1,1,0.610591900311526,0,0.326984126984127,0.307692307692308,1,1,0.326086956521739,0.518053375196232,0.315047021943574,1,1,0.33768352365416,0.312693498452012,0.537720706260032,1,0.589703588143526,0.366614664586583,0.99685534591195,0.663446054750403,0.317434210526316,0.126582278481013,0.321928460342146,1,0.317262830482115,0.00317460317460317,0,0,0.33175355450237,0.312302839116719,1,0.9952,1,1,1,0.680817610062893,0.322683706070288,1,0.331768388106416,0.320695102685624,0.82753164556962,0.115015974440895,0.326433121019108,0.321428571428571,0.321656050955414,0.993798449612403,1,1,0.00480769230769231,0.314332247557003,0.320695102685624,0.657004830917874,0.329113924050633,0.605263157894737,1,0.320251177394035,1,1,0.277511961722488,0.153726708074534,0.3203125,1,0.9953125,0.324492979719189,1,0.598684210526316,1,1,0.327586206896552,1,0.325617283950617,0.320695102685624,0.333333333333333,0.323809523809524,0,0.326829268292683,0.329770992366412,0.688783570300158,0.587962962962963,0.32137030995106,0.642526964560863,0.6784,0.318681318681319,0.109120521172638,0,0.31637519872814,0.62200956937799,1,0.319148936170213,1,0.322115384615385,0,0.325434439178515,1,1,1,0.314873417721519,0.995356037151703,0.329635499207607,0.186708860759494,0.314984709480122,1,0.374223602484472,1,1,0.183574879227053,0.31104199066874,1,1,0.336477987421384,1,0.325153374233129,0.321483771251932,0.354788069073783,0.770186335403727,0.325657894736842,1,0.331168831168831,0.632218844984802,0.332794830371567,1,0.00154798761609907,1,0.372641509433962,0.894909688013136,0.5808,0.592417061611374,0.319620253164557,0.322061191626409,1,0.31496062992126,1,0.304,0.502362204724409,0.325617283950617,1,0.315619967793881,0.329052969502408,0.324281150159744,0.326332794830372,1,0.318910256410256,1,0.430842607313196,0.331259720062208,1,0.32258064516129,1,0.590189873417722,0.325281803542673,1,0.323390894819466,0.317683881064163,0.332805071315372,0.989010989010989,0.328525641025641,1,0.3344,1,0.319604612850082,1,0.588976377952756,0.3,0.0298507462686567,0.303858520900322,0.323248407643312,1,0.313385826771654,0.31974921630094,0.32484076433121,0.333858267716535,1,1,0.327922077922078,0.328,1,1,0.325077399380805,0.226984126984127,0.0184331797235023,0.685624012638231,1,0.00313479623824451,0.323529411764706,1,0.322006472491909,0.315541601255887,0.317034700315457,0.996810207336523,1,1,0.332307692307692,0.31810766721044,0.316118935837246,0.67948717948718,0.309636650868878,1,0.333333333333333,1,1,0.431924882629108,0.3312,0.328173374613003,0.329133858267717,0.30622009569378,0.324921135646688,0.640575079872205,1,1,0.321316614420063,0.0046801872074883,0.328220858895706,0.323619631901841,0.320695102685624,0.309119010819165,0.300476947535771,0.320552147239264,0.694227769110764,0.357473035439137,0.310832025117739,1,0.320967741935484,1,0.30829420970266,0.313408723747981,0.314696485623003,0.334959349593496,0.317817014446228,1,0.330218068535826,0.81259842519685,1,1,0.996784565916399,1,1,0.896272285251216,1,1,1,0.322884012539185,1,0.326298701298701,0,1,0.370139968895801,1,0.323101777059774,0.322734499205087,0.320754716981132,0.414790996784566,1,0.327613104524181,1,1,1,1,0,0.3152,1,1,0.320126782884311,1,0.324492979719189,1,1,0.314935064935065,0.326892109500805,0.305164319248826,0.141045958795563,0.32807570977918,0,0.588055130168453,1,0.326053042121685,0.321711568938193,0.577881619937695,1,1,0.330081300813008,0.34185303514377,1,0.653666146645866,0.68860353130016,0.313001605136437,0.329545454545455,0.992272024729521,0.334913112164297,0.302469135802469,1,0.315372424722662,0.319620253164557,1,0.31629392971246,0.317817014446228,0.317535545023697,0.32398753894081,1,1,1,0.31378763866878,0.329113924050633,0.0063391442155309,0.993700787401575,0.3296,1,1,0.320373250388802,0.33641975308642,0.307210031347962,0.317535545023697,0.322222222222222,1,0.310725552050473,0.314696485623003,0.572567783094099,1,0.839370078740157,1,0,1,0.329738058551618,1,1,0.418641390205371,0.998461538461539,0.3296,1,0.316614420062696,0.306836248012719,0.323390894819466,1,1,0.322784810126582,0.396747967479675,0.607371794871795,0.304625199362041,1,1,1,0.322006472491909,1,0.195548489666137,1,1,1,1,0.325471698113208,1,0.320785597381342,0.336,0.671451355661882,0.307692307692308,1,0.325,0.323529411764706,0.324193548387097,1,0.307098765432099,1,0.32262996941896,0.482758620689655,0.331746031746032,0.329073482428115,0.3203125,1,0.325806451612903,0.317111459968603,1,1,0.317610062893082,0.323899371069182,1,0.478056426332288,0.326923076923077,0.3265625,0.332298136645963,0.679304897314376,1,0.298850574712644,1,0.408360128617363,0.309636650868878,0,0.888036809815951,0.325878594249201,0.3248,0,0.035031847133758,0.984101748807631,0.325434439178515,1,0.312401883830455,0.319467554076539,1,0.33641975308642,0.315286624203822,0.666141732283465,1,0.325914149443561,0.330128205128205,1,0.314152410575428,0.305732484076433,1,0.322884012539185,0.31629392971246,0.322429906542056,0.332807570977918,0.803432137285491,1,0.979066022544283,1,1,0.00159235668789809,1,0.993710691823899,1,0.427892234548336,0.996774193548387,0.306976744186047,0.995327102803738,0.336463223787167,0.995268138801262,0.604006163328197,0.630331753554502,0.321428571428571,0.314241486068111,0.641838351822504,0.319870759289176,0,0.622047244094488,0.676282051282051,0.329192546583851,0.00157977883096367,0.318541996830428,0.31378763866878,0.769354838709677,0.324534161490683,0.67879746835443,0.59375,0.31637519872814,0.326153846153846,0.300955414012739,1,0.0194319880418535,0,0.328100470957614,0.326530612244898,0.334905660377358,1,0.321656050955414,0.325949367088608,1,0.306122448979592,0.943217665615142,0.570287539936102,1,1,0.994991652754591,0.327160493827161,0.604651162790698,0.326120556414219,0.316476345840131,0.318471337579618,0.41358024691358,1,0.318840579710145,1,0.3248,0.324058919803601,1,0.32794830371567,1,0.322169059011164,1,1,0.325038880248834,0,1,0.328660436137072,1,0.557453416149068,1,0.504658385093168,1,0.558213716108453,1,0.326332794830372,1,1,1,0.322834645669291,0.324675324675325,0.327131782945736,0.354200988467875,0.322899505766063,0.315372424722662,1,0.324921135646688,1,1,0.327639751552795,0.3248,0.318885448916409,0.389324960753532,0.330203442879499,1,1,0.334375,0.329052969502408,0.62779552715655,0.590111642743222,0.315873015873016,0.3168,1,0.31104199066874,0.31875,0.993710691823899,0.309446254071661,0.312101910828025,0,0.122641509433962,0.315873015873016,0.680365296803653,0.313479623824451,0.327586206896552,0.592307692307692,0.996835443037975,0.319620253164557,1,0.313971742543171,0.34185303514377,0.322784810126582,0.475513428120063,0.317384370015949,1,0.328616352201258,0.323671497584541,0.342443729903537,0.686915887850467,1,0.325878594249201,0.324409448818898,0,0.325508607198748,0.998412698412698,0.952978056426332,1,0.329133858267717,0.325,0.322683706070288,0.57984496124031,1,0.585245901639344,0.340222575516693,1,1,0.968203497615262,0.671451355661882,0.33015873015873,0.362204724409449,0.324409448818898,0.321259842519685,1,1,0.512779552715655,0.628389154704944,1,1,0.998444790046656,0.688498402555911,1,0.332302936630603,0.6671875,1,0.32967032967033,0.326433121019108,0.330128205128205,0.996870109546166,1,0.647727272727273,0.3203125,1,1,0.328220858895706,0.324367088607595,0.998415213946117,0,0.319354838709677,0.310289389067524,0.00631911532385466,0.318529862174579,1,0.308186195826645,1,0.134674922600619,0,0.89922480620155,0.332293291731669,1,1,0,0.00154559505409583,0.3265625,1,0.317230273752013,0.996932515337423,0.305958132045089,1,0.998381877022654,0.960127591706539,0.767660910518053,1,1,0.00473186119873817,1,0.515,0.333863275039746,0.672333848531685,0.323899371069182,1,0.307814992025518,0.6734375,1,1,0.32,0.612903225806452,0.334928229665072,0.589257503949447,0.974481658692185,0.33122028526149,0.60625,0.00949367088607595,0.32967032967033,0.319314641744548,0.325652841781874,1,0.63020030816641,0.310452418096724,0.896166134185304,0.588607594936709,0.967340590979782,1,1,0.313291139240506,0.33868378812199,0.311290322580645,0.316118935837246,0.317757009345794,0.6156202143951,0.309859154929577,0,0.671732522796353,0.998430141287284,0.332807570977918,0.312698412698413,0.325769854132901,0.330757341576507,0.599056603773585,1,0.333333333333333,0.343354430379747,0.331723027375201,0.327014218009479,0.319444444444444,0.315789473684211,0.179289026275116,0.669918699186992,0.324921135646688,0.597842835130971,1,0.2304,0.324921135646688,0.923076923076923,1,1,0.316535433070866,0.641185647425897,1,0.322429906542056,0.305993690851735,0.953451043338684,1,1,0.996732026143791,0.323899371069182,1,1,0.900158478605388,1,0.351477449455676,1,0.59640522875817,1,0.670731707317073,0.310126582278481,0.60129659643436,1,1,0.990353697749196,0.32182103610675,0.327102803738318,0.33442088091354,0.325508607198748,0.325769854132901,0.334410339256866,0.983870967741935,0.3171875,1,1,0.7140625,0,0.316535433070866,0.320251177394035,0.670245398773006,1,0.56782334384858,0.328682170542636,0.645569620253165,0.315112540192926,0.32258064516129,1,0.321144674085851,0.320534223706177,0.689710610932476,0.913961038961039,0.33030303030303,0.600638977635783,0.569105691056911,0.326625386996904,0.330645161290323,0.303937007874016,0.584126984126984,0.681889763779528,1,0.904088050314465,1,0.659409020217729,0.9968,0.589371980676328,0.322784810126582,0.329545454545455,1,1,0.434022257551669,0.99349593495935,0.996865203761755,1,0.321259842519685,0.326984126984127,1,0.316030534351145,0.672926447574335,0.333333333333333,0.446740858505564,0.303079416531605,0,0.320813771517997,1,1,0.594043887147335,0.0015552099533437,0.338118022328549,0.323151125401929,0.0990566037735849,0.417207792207792,1,1,0.317829457364341,1,0.404153354632588,1,0.334351145038168,0.578616352201258,0.323296354992076,0.32182103610675,1,0,1,0.3168,0.320695102685624,1,1,1,0.446054750402576,1,0.32753164556962,0.619496855345912,0.331761006289308,0.32512315270936,0.00155763239875389,0.0317460317460317,1,0.627760252365931,1,0.327044025157233,0.339869281045752,1,1,0.160377358490566,0.316535433070866,1,0.900621118012422,1,0.328173374613003,0.195238095238095,0.66407465007776,1,1,1,1,1,0.287925696594427,0.314375987361769,1,0.110932475884244,0.00156494522691706,0.43730407523511,0,0.32753164556962,1,0.677725118483412,1,1,0.889589905362776,1,0.681747269890796,1,1,1,1
"215",0.294670846394984,0.310344827586207,0.307332293291732,0.318910256410256,0.299531981279251,0.296998420221169,0.012924071082391,0.308544303797468,0.303875968992248,0.576547231270358,0.314814814814815,0.645468998410175,0.51685393258427,0.312698412698413,1,1,0.62402496099844,0,0.312599681020734,0.307453416149068,1,1,0.30757341576507,0.521739130434783,0.297839506172839,1,1,0.323051948051948,0.305810397553517,0.523809523809524,1,0.592592592592593,0.362776025236593,0.99685534591195,0.670926517571885,0.3136,0.136577708006279,0.321483771251932,1,0.298136645962733,0.0031104199066874,0,0,0.317817014446228,0.307936507936508,1,0.996850393700787,1,1,1,0.695852534562212,0.321144674085851,1,0.31839258114374,0.300155520995334,0.811802232854864,0.126382306477093,0.312698412698413,0.311145510835913,0.311708860759494,0.995305164319249,1,1,0.00467289719626168,0.308917197452229,0.309262166405024,0.663522012578616,0.315955766192733,0.611532625189681,1,0.306376360808709,1,1,0.275641025641026,0.149532710280374,0.304615384615385,1,0.996845425867508,0.311248073959938,1,0.605519480519481,1,1,0.304147465437788,1,0.311728395061728,0.302652106084243,0.316957210776545,0.305993690851735,0,0.304625199362041,0.319018404907975,0.696682464454976,0.582043343653251,0.304975922953451,0.647239263803681,0.684867394695788,0.299382716049383,0.117834394904459,0,0.30564263322884,0.629570747217806,1,0.306320907617504,1,0.305511811023622,0,0.31733746130031,1,1,1,0.296238244514107,0.99685534591195,0.31733746130031,0.196923076923077,0.300150829562594,1,0.374045801526718,1,1,0.196232339089482,0.304212168486739,1,1,0.319444444444444,1,0.309559939301973,0.300613496932515,0.360374414976599,0.754198473282443,0.314516129032258,1,0.31974921630094,0.644478063540091,0.325842696629214,1,0.00153846153846154,1,0.362637362637363,0.88562091503268,0.582417582417582,0.593996840442338,0.303174603174603,0.317073170731707,1,0.304953560371517,1,0.293185419968304,0.503067484662577,0.30781010719755,1,0.302034428794992,0.307086614173228,0.3072,0.315789473684211,1,0.303738317757009,1,0.442006269592476,0.320987654320988,1,0.307453416149068,1,0.593996840442338,0.310126582278481,1,0.311627906976744,0.303543913713405,0.31687898089172,0.989230769230769,0.317262830482115,1,0.3184,1,0.308186195826645,1,0.597503900156006,0.28503937007874,0.0342019543973941,0.290220820189274,0.30952380952381,1,0.298107255520505,0.314641744548287,0.315789473684211,0.313880126182965,1,1,0.311501597444089,0.313572542901716,1,1,0.313455657492355,0.238170347003155,0.0213414634146341,0.700156985871272,1,0.00313479623824451,0.30503144654088,1,0.307073954983923,0.296923076923077,0.301092043681747,0.998415213946117,1,1,0.314503816793893,0.305825242718447,0.31055900621118,0.691813804173355,0.2984375,1,0.331240188383046,1,1,0.430599369085173,0.307086614173228,0.300462249614792,0.3125,0.294025157232704,0.302547770700637,0.649691358024691,1,1,0.302795031055901,0.00306278713629403,0.325115562403698,0.305343511450382,0.314465408805031,0.294930875576037,0.289763779527559,0.306870229007634,0.7046875,0.362519201228879,0.29393468118196,1,0.305511811023622,1,0.305084745762712,0.302547770700637,0.303656597774245,0.324367088607595,0.302439024390244,1,0.315950920245399,0.808477237048666,1,1,0.996825396825397,1,1,0.888,1,1,1,0.305007587253414,1,0.315024232633279,0,1,0.386850152905199,1,0.303174603174603,0.315873015873016,0.304953560371517,0.419254658385093,1,0.314814814814815,1,1,1,1,0,0.305993690851735,1,1,0.302066772655008,1,0.308049535603715,1,1,0.29746835443038,0.315789473684211,0.29375,0.137440758293839,0.32,0,0.593607305936073,1,0.311077389984825,0.312399355877617,0.581903276131045,1,1,0.313915857605178,0.317111459968603,1,0.662037037037037,0.712439418416801,0.3,0.3104,0.993930197268589,0.309033280507132,0.30316742081448,1,0.302507836990596,0.295665634674923,1,0.298904538341158,0.313694267515924,0.305900621118012,0.308527131782946,1,1,1,0.301412872841444,0.312893081761006,0.00617283950617284,0.995319812792512,0.318471337579618,1,1,0.301684532924962,0.316358024691358,0.295489891135303,0.31055900621118,0.3078125,1,0.297297297297297,0.304761904761905,0.573717948717949,1,0.835987261146497,1,0,1,0.315396113602392,1,1,0.417565485362096,0.998430141287284,0.313001605136437,1,0.300469483568075,0.288643533123028,0.312597200622084,1,1,0.306729264475743,0.393548387096774,0.614533965244866,0.295133437990581,1,1,1,0.309904153354633,1,0.199372056514914,1,1,1,1,0.319938176197836,1,0.307941653160454,0.319938176197836,0.684458398744113,0.291079812206573,1,0.311627906976744,0.30757341576507,0.303656597774245,1,0.299539170506912,1,0.312307692307692,0.475894245723173,0.312210200927357,0.313195548489666,0.301391035548686,1,0.315372424722662,0.30016051364366,1,1,0.309148264984227,0.299373040752351,1,0.48780487804878,0.308562197092084,0.317757009345794,0.319444444444444,0.687106918238994,1,0.280844155844156,1,0.428125,0.305111821086262,0,0.878971255673222,0.306818181818182,0.301412872841444,0,0.0300157977883096,0.984375,0.312597200622084,1,0.307570977917981,0.303858520900322,1,0.311627906976744,0.309486780715397,0.678683385579937,1,0.313084112149533,0.305993690851735,1,0.307210031347962,0.289855072463768,1,0.339563862928349,0.298887122416534,0.310077519379845,0.323809523809524,0.80188679245283,1,0.98116169544741,1,1,0.0015748031496063,1,0.993769470404984,1,0.422955974842767,0.998394863563403,0.300462249614792,0.99537750385208,0.320063694267516,0.996904024767802,0.606106870229008,0.645161290322581,0.310769230769231,0.3078125,0.6453125,0.310789049919485,0,0.63125,0.69375,0.308166409861325,0.0015527950310559,0.310344827586207,0.29746835443038,0.75748031496063,0.311424100156495,0.698564593301435,0.603149606299213,0.306853582554517,0.310077519379845,0.296875,1,0.0253731343283582,0,0.307931570762053,0.319508448540707,0.325545171339564,1,0.33652312599681,0.307098765432099,1,0.299236641221374,0.938679245283019,0.581320450885668,1,1,0.99492385786802,0.307931570762053,0.607963246554365,0.314900153609831,0.301948051948052,0.306501547987616,0.413373860182371,1,0.304278922345483,1,0.308681672025723,0.305732484076433,1,0.306122448979592,1,0.318181818181818,1,1,0.311320754716981,0,1,0.313846153846154,1,0.56782334384858,1,0.5109375,1,0.560126582278481,1,0.308562197092084,1,1,1,0.299065420560748,0.313099041533546,0.307110438729198,0.337641357027464,0.333333333333333,0.30077519379845,1,0.310344827586207,1,1,0.316692667706708,0.304975922953451,0.306376360808709,0.389324960753532,0.313935681470138,1,1,0.320373250388802,0.310618066561014,0.636070853462158,0.594594594594595,0.302362204724409,0.311688311688312,1,0.29595015576324,0.305135951661631,0.996830427892235,0.302100161550889,0.302694136291601,0,0.130769230769231,0.31104199066874,0.691964285714286,0.306581059390048,0.313755795981453,0.600308641975309,0.998427672955975,0.302066772655008,1,0.30298273155416,0.346031746031746,0.300157977883096,0.474339035769829,0.305993690851735,1,0.314553990610329,0.321766561514196,0.315619967793881,0.695987654320988,1,0.310789049919485,0.309119010819165,0,0.310077519379845,0.998422712933754,0.952307692307692,1,0.315047021943574,0.314329738058552,0.312302839116719,0.592307692307692,1,0.588141025641026,0.325806451612903,1,1,0.966101694915254,0.682539682539683,0.316957210776545,0.345911949685535,0.318461538461538,0.308892355694228,1,1,0.52132701421801,0.643312101910828,1,1,0.998459167950693,0.703703703703704,1,0.313664596273292,0.691693290734824,1,0.316692667706708,0.315132605304212,0.307210031347962,0.998452012383901,1,0.658576051779935,0.3109375,1,1,0.3109375,0.295031055900621,0.998439937597504,0,0.307568438003221,0.303317535545024,0.00634920634920635,0.307219662058372,1,0.301916932907348,1,0.142635658914729,0,0.894009216589862,0.316692667706708,1,1,0,0.0015527950310559,0.321372854914197,1,0.306320907617504,0.996904024767802,0.305511811023622,1,0.998394863563403,0.962441314553991,0.763322884012539,1,1,0.00471698113207547,1,0.523731587561375,0.318611987381703,0.680491551459293,0.312597200622084,1,0.300623052959502,0.684542586750789,1,1,0.301765650080257,0.622356495468278,0.31875,0.584518167456556,0.971608832807571,0.323390894819466,0.610062893081761,0.00934579439252336,0.309148264984227,0.318252730109204,0.311450381679389,1,0.647865853658537,0.301242236024845,0.889235569422777,0.591482649842271,0.967592592592593,1,1,0.308777429467085,0.321027287319422,0.29903536977492,0.306376360808709,0.302795031055901,0.618320610687023,0.291666666666667,0,0.68429003021148,1,0.31911532385466,0.294585987261146,0.315619967793881,0.315629742033384,0.601255886970173,1,0.32398753894081,0.323809523809524,0.323151125401929,0.308056872037915,0.302180685358255,0.302547770700637,0.191717791411043,0.694888178913738,0.3078125,0.598774885145482,1,0.234108527131783,0.311145510835913,0.920127795527157,1,1,0.300940438871473,0.642301710730949,1,0.307210031347962,0.29140127388535,0.961844197138315,1,1,0.998402555910543,0.307332293291732,1,1,0.897314375987362,1,0.343799058084772,1,0.594507269789984,1,0.6801872074883,0.298107255520505,0.596214511041009,1,1,0.993700787401575,0.318461538461538,0.316998468606432,0.317589576547231,0.310077519379845,0.309409888357257,0.316211878009631,0.9859375,0.29595015576324,1,1,0.703416149068323,0,0.308777429467085,0.305295950155763,0.690993788819876,1,0.571651090342679,0.317557251908397,0.653907496012759,0.303076923076923,0.302931596091205,1,0.300476947535771,0.304418985270049,0.680445151033386,0.902555910543131,0.314842578710645,0.604761904761905,0.582278481012658,0.319875776397516,0.3168,0.289968652037618,0.593700787401575,0.69170579029734,1,0.896661367249603,1,0.674884437596302,0.998425196850394,0.596153846153846,0.3078125,0.313001605136437,1,1,0.43015873015873,0.995145631067961,0.998449612403101,1,0.306836248012719,0.313385826771654,1,0.305597579425113,0.682316118935837,0.322378716744914,0.463607594936709,0.295055821371611,0,0.303405572755418,1,1,0.600931677018634,0.00154320987654321,0.315372424722662,0.307692307692308,0.0958466453674121,0.399022801302932,1,1,0.303317535545024,1,0.419811320754717,1,0.321212121212121,0.593406593406593,0.306376360808709,0.311811023622047,1,0,1,0.296650717703349,0.304761904761905,1,1,1,0.443037974683544,1,0.315873015873016,0.627871362940276,0.315707620528771,0.3104,0.00156494522691706,0.0423197492163009,1,0.628705148205928,1,0.31839258114374,0.314102564102564,1,1,0.159375,0.303599374021909,1,0.894409937888199,1,0.305810397553517,0.201277955271566,0.675465838509317,1,1,1,1,1,0.276234567901235,0.294952681388013,1,0.112012987012987,0.00158227848101266,0.439252336448598,0,0.320695102685624,1,0.689984101748808,1,1,0.884615384615385,1,0.695178849144635,1,1,1,1
"216",0.753205128205128,0.744582043343653,0.751962323390895,0.747634069400631,0.743034055727554,0.762870514820593,0.567092651757188,0.736925515055468,0.747692307692308,0.343949044585987,0.75808936825886,0.304482225656878,0.568037974683544,0.751552795031056,0.434231378763867,0.444961240310077,0.31839258114374,0.563725490196078,0.764984227129338,0.74565560821485,0.419656786271451,0.440993788819876,0.7601246105919,0.408450704225352,0.757207890743551,0.454121306376361,0.445859872611465,0.753993610223642,0.753067484662577,0.538216560509554,0.453004622496148,0.499227202472952,0.717829457364341,0.445497630331754,0.2625,0.749174917491749,0.684210526315789,0.74079754601227,0.430534351145038,0.753488372093023,0.576862123613312,0.55607476635514,0.568807339449541,0.74481658692185,0.73469387755102,0.439749608763693,0.428348909657321,0.438461538461538,0.457317073170732,0.438167938931298,0.248447204968944,0.748807631160572,0.45635528330781,0.760629921259843,0.743431221020093,0.330173775671406,0.698738170347003,0.735614307931571,0.767550702028081,0.746500777604977,0.435779816513761,0.43171114599686,0.452418096723869,0.579029733959311,0.746774193548387,0.763239875389408,0.282334384858044,0.757433489827856,0.320726172465961,0.441578148710167,0.753869969040248,0.445820433436532,0.436507936507937,0.7408,0.717557251908397,0.755656108597285,0.441221374045802,0.429012345679012,0.750764525993884,0.427892234548336,0.363784665579119,0.433697347893916,0.452418096723869,0.753445635528331,0.43343653250774,0.758358662613982,0.759112519809826,0.729393468118196,0.733124018838305,0.574961360123648,0.755485893416928,0.75531914893617,0.259316770186335,0.367692307692308,0.749601275917065,0.309774436090226,0.264525993883792,0.738058551617874,0.676328502415459,0.552590266875981,0.758566978193146,0.315457413249211,0.445669291338583,0.7456,0.444617784711388,0.75195007800312,0.573872472783826,0.754303599374022,0.43213728549142,0.439370078740157,0.445141065830721,0.74414976599064,0.434375,0.760061919504644,0.736024844720497,0.753012048192771,0.432558139534884,0.556240369799692,0.44969512195122,0.432766615146832,0.727131782945736,0.760432766615147,0.451612903225806,0.43312101910828,0.758942457231726,0.433641975308642,0.758518518518518,0.754573170731707,0.579527559055118,0.667682926829268,0.746478873239437,0.440438871473354,0.762204724409449,0.294029850746269,0.752025931928687,0.43140243902439,0.563748079877112,0.457627118644068,0.670826833073323,0.577170418006431,0.374803149606299,0.3640625,0.750390015600624,0.751602564102564,0.45625,0.756172839506173,0.4375,0.738724727838258,0.554711246200608,0.753048780487805,0.443381180223285,0.755451713395639,0.747634069400631,0.755591054313099,0.754716981132076,0.428346456692913,0.746500777604977,0.436018957345972,0.493865030674847,0.756508422664625,0.44392523364486,0.766768292682927,0.438291139240506,0.345679012345679,0.733652312599681,0.433811802232855,0.746894409937888,0.743827160493827,0.752365930599369,0.451863354037267,0.758241758241758,0.433281004709576,0.752351097178683,0.427682737169518,0.747603833865815,0.436420722135008,0.334360554699538,0.752704791344668,0.603225806451613,0.739268680445151,0.751166407465008,0.427682737169518,0.752336448598131,0.747678018575851,0.76416539050536,0.761171032357473,0.44031007751938,0.434389140271493,0.733333333333333,0.7484375,0.443425076452599,0.43581616481775,0.73497688751926,0.666666666666667,0.580060422960725,0.245669291338583,0.447040498442368,0.5734375,0.749235474006116,0.443251533742331,0.764240506329114,0.74885145482389,0.738724727838258,0.454121306376361,0.464615384615385,0.45324881141046,0.746543778801843,0.752411575562701,0.741984732824427,0.251184834123223,0.751181102362205,0.436018957345972,0.7046875,0.431924882629108,0.430599369085173,1,0.75,0.748466257668712,0.745283018867924,0.750769230769231,0.743710691823899,0.305511811023622,0.445497630331754,0.442396313364055,0.748475609756098,0.575342465753425,0.761467889908257,0.74390243902439,0.7515625,0.724458204334365,0.756211180124224,0.738601823708207,0.245053272450533,0.586102719033233,0.740458015267176,0.441823899371069,0.75314465408805,0.430321592649311,0.744292237442922,0.741835147744946,0.751181102362205,0.7488,0.748387096774194,0.430359937402191,0.752321981424149,0.327014218009479,0.44131455399061,0.447692307692308,0.429477020602219,0.446708463949843,0.461897356143079,0.555555555555556,0.435054773082942,0.419906687402799,0.4399375975039,0.760061919504644,0.435257410296412,0.759170653907496,0.561162079510703,0.422600619195046,0.56468797564688,0.44620253164557,0.744075829383886,0.741379310344828,0.747286821705426,0.518808777429467,0.457627118644068,0.754545454545455,0.443573667711599,0.446841294298921,0.431924882629108,0.444444444444444,0.569422776911076,0.742138364779874,0.448062015503876,0.444094488188976,0.746456692913386,0.431309904153355,0.741538461538462,0.440860215053763,0.446511627906977,0.762204724409449,0.755233494363929,0.755868544600939,0.723704866562009,0.759433962264151,0.564742589703588,0.363636363636364,0.426332288401254,0.755351681957186,0.750392464678179,0.355384615384615,0.44392523364486,0.430817610062893,0.749211356466877,0.75516693163752,0.445468509984639,0.275,0.264150943396226,0.748019017432647,0.740322580645161,0.439509954058193,0.761240310077519,0.761261261261261,0.439137134052388,0.742681047765794,0.7515625,0.461180124223602,0.738095238095238,0.759493670886076,0.759630200308166,0.749216300940439,0.44251968503937,0.458966565349544,0.450479233226837,0.734472049689441,0.750788643533123,0.554517133956386,0.423493044822257,0.755102040816326,0.426810477657935,0.429252782193959,0.747320061255743,0.754198473282443,0.7398753894081,0.742902208201893,0.748456790123457,0.447204968944099,0.747619047619048,0.759811616954474,0.357927786499215,0.442572741194487,0.601880877742947,0.436420722135008,0.544461778471139,0.432766615146832,0.756797583081571,0.435658914728682,0.445497630331754,0.510736196319018,0.44104134762634,0.746456692913386,0.453453453453453,0.735524256651017,0.743076923076923,0.743161094224924,0.432389937106918,0.46177370030581,0.748427672955975,0.672025723472669,0.309636650868878,0.746411483253589,0.434782608695652,0.433753943217666,0.43968253968254,0.736925515055468,0.458074534161491,0.716510903426791,0.455246913580247,0.439370078740157,0.4336,0.432601880877743,0.751524390243902,0.45839874411303,0.746365105008078,0.758513931888545,0.246489859594384,0.749206349206349,0.435257410296412,0.763322884012539,0.752688172043011,0.741214057507987,0.448757763975155,0.741590214067278,0.427215189873418,0.764530551415797,0.575193798449612,0.761609907120743,0.75705329153605,0.735384615384615,0.447204968944099,0.749206349206349,0.733229329173167,0.442879499217527,0.44391785150079,0.750387596899225,0.760061919504644,0.436923076923077,0.43969465648855,0.749206349206349,0.756134969325153,0.747336377473364,0.247278382581649,0.43171114599686,0.726247987117552,0.448062015503876,0.500787401574803,0.753532182103611,0.546439628482972,0.328725038402458,0.740566037735849,0.74537037037037,0.555052790346908,0.584375,0.429906542056075,0.7515625,0.441823899371069,0.745283018867924,0.745513866231648,0.450079239302694,0.773700305810398,0.741379310344828,0.241001564945227,0.446372239747634,0.759375,0.737169517884914,0.445324881141046,0.75808936825886,0.746056782334385,0.425196850393701,0.579908675799087,0.745007680491551,0.749620637329287,0.748043818466354,0.341121495327103,0.441538461538462,0.478740157480315,0.443778110944528,0.459715639810427,0.568075117370892,0.43969465648855,0.436817472698908,0.44,0.5,0.438485804416404,0.735384615384615,0.440548780487805,0.751181102362205,0.443057722308892,0.347957639939486,0.309815950920245,0.760670731707317,0.755451713395639,0.295665634674923,0.7616,0.561430793157076,0.297971918876755,0.2609375,0.756508422664625,0.568356374807988,0.744582043343653,0.75314465408805,0.679186228482003,0.755832037325039,0.241706161137441,0.338141025641026,0.751552795031056,0.755690440060698,0.753086419753086,0.44496855345912,0.583086053412463,0.564935064935065,0.755417956656347,0.75195007800312,0.723270440251572,0.449768160741886,0.61198738170347,0.75531914893617,0.429252782193959,0.744548286604361,0.361963190184049,0.362041467304625,0.434782608695652,0.437593984962406,0.437810945273632,0.777089783281734,0.346625766871166,0.766975308641975,0.749603803486529,0.736517719568567,0.517611026033691,0.436619718309859,0.753554502369668,0.433229813664596,0.764516129032258,0.764516129032258,0.438759689922481,0.746056782334385,0.454135338345865,0.740219092331768,0.455259026687598,0.438184663536776,0.743076923076923,0.562300319488818,0.437025796661609,0.75609756097561,0.436018957345972,0.553125,0.445966514459665,0.425076452599388,0.449319213313162,0.527301092043682,0.448,0.739549839228296,0.4515625,0.449612403100775,0.434579439252336,0.743390357698289,0.753993610223642,0.747368421052632,0.70327868852459,0.610932475884244,0.727414330218069,0.419713831478537,0.7390625,0.439418416801292,0.441221374045802,0.758513931888545,0.734375,0.741641337386018,0.670769230769231,0.753445635528331,0.453292496171516,0.450920245398773,0.749615975422427,0.740916271721959,0.312599681020734,0.35625,0.746456692913386,0.735668789808917,0.428346456692913,0.750387596899225,0.751515151515151,0.447409733124019,0.759615384615385,0.746105919003115,0.563271604938272,0.710365853658537,0.740916271721959,0.251488095238095,0.7453125,0.74884437596302,0.356923076923077,0.460567823343849,0.74375,0.437400950871632,0.749221183800623,0.7085346215781,0.756172839506173,0.569640062597809,0.7601246105919,0.455414012738854,0.753067484662577,0.746056782334385,0.74685534591195,0.245426829268293,0.451355661881978,0.749601275917065,0.748079877112135,0.549141965678627,0.751926040061633,0.441538461538462,0.388544891640867,0.448916408668731,0.765258215962441,0.743827160493827,0.744548286604361,0.366261398176292,0.4328125,0.356576862123613,0.752351097178683,0.442367601246106,0.438167938931298,0.398133748055988,0.249216300940439,0.749211356466877,0.680817610062893,0.749235474006116,0.744615384615385,0.433333333333333,0.441538461538462,0.415094339622642,0.28414442700157,0.456112852664577,0.432348367029549,0.44031007751938,0.248803827751196,0.433021806853583,0.741935483870968,0.25705329153605,0.449848024316109,0.734059097978227,0.748815165876777,0.759433962264151,0.43206106870229,0.443939393939394,0.28892455858748,0.757296466973886,0.457098283931357,0.440184049079755,0.755795981452859,0.757716049382716,0.443573667711599,0.560855263157895,0.746522411128284,0.747269890795632,0.574603174603175,0.737169517884914,0.455370650529501,0.771704180064309,0.446875,0.723076923076923,0.552671755725191,0.548725637181409,0.752721617418352,0.429003021148036,0.426810477657935,0.543778801843318,0.565809379727685,0.747678018575851,0.439324116743472,0.756410256410256,0.458715596330275,0.727707006369427,0.445141065830721,0.438291139240506,0.396255850234009,0.624615384615385,0.445652173913043,0.434504792332268,0.566037735849057,0.443076923076923,0.412520064205457,0.749608763693271,0.267993874425727,0.742681047765794,0.423809523809524,0.752365930599369,0.247648902821317,0.441860465116279,0.434645669291339,0.761904761904762,0.302848575712144,0.757341576506955,0.338632750397456,0.399053627760252,0.733333333333333,0.320872274143302,0.582181259600614,0.736089030206677,0.74885145482389,0.755351681957186,0.425324675324675,0.310769230769231,0.742725880551302,0.352574102964119,0.352201257861635,0.410687022900763,0.449768160741886,0.436363636363636,0.7453125,0.731825525040388,0.747634069400631,0.745341614906832,0.752351097178683,0.327844311377246,0.772445820433437,0.574961360123648,0.254814814814815,0.438679245283019,0.738244514106583,0.7578125,0.755267423014587,0.748079877112135,0.341576506955178,0.445468509984639,0.747678018575851,0.749606299212598,0.753646677471637,0.762282091917591,0.739263803680982,0.74565560821485,0.731818181818182,0.261562998405104,0.748043818466354,0.355828220858896,0.443057722308892,0.657894736842105,0.745283018867924,0.375198728139905,0.438625204582651,0.438271604938272,0.748815165876777,0.300925925925926,0.436728395061728,0.751533742331288,0.748043818466354,0.41838351822504,0.429892141756549,0.4265625,0.4432,0.739938080495356,0.448494453248811,0.442724458204334,0.541213063763608,0.444270015698587,0.718027734976888,0.434389140271493,0.341772151898734,0.441176470588235,0.248484848484848,0.755905511811024,0.34493670886076,0.44375,0.433229813664596,0.426256077795786,0.747320061255743,0.73469387755102,0.7408,0.747692307692308,0.769354838709677,0.747235387045814,0.42472266244057,0.764341085271318,0.438569206842924,0.436482084690554,0.698924731182796,0.54416403785489,0.756508422664625,0.757575757575758,0.253477588871716,0.438356164383562,0.374223602484472,0.742033383915023,0.283255086071987,0.757387247278383,0.758785942492013,0.43015873015873,0.741324921135647,0.75,0.752396166134185,0.53160453808752,0.75811209439528,0.353870458135861,0.34850863422292,0.754276827371695,0.746056782334385,0.734662576687117,0.345794392523364,0.246105919003115,0.427492447129909,0.353312302839117,0.455098934550989,0.242283950617284,0.437001594896332,0.342812006319115,0.7484375,0.7648,0.447004608294931,0.451219512195122,0.49144634525661,0.453225806451613,0.447004608294931,0.431888544891641,0.74294670846395,0.7609375,0.433544303797468,0.741017964071856,0.261275272161742,0.749608763693271,0.477308294209703,0.739967897271268,0.563467492260062,0.743161094224924,0.4328125,0.435612082670906,0.325153374233129,0.564814814814815,0.750392464678179,0.746500777604977,0.641538461538462,0.846278317152104,0.435054773082942,0.435126582278481,0.76036866359447,0.434108527131783,0.52373417721519,0.442857142857143,0.768882175226586,0.36517719568567,0.769828926905132,0.75516693163752,0.443585780525502,0.548644338118022,0.431034482758621,0.744749596122779,0.753943217665615,0.438271604938272,0.434375,0.435779816513761,0.769352290679305,0.430817610062893,0.757341576506955,0.307339449541284,0.755007704160247,0.760586319218241,0.568535825545171,0.615264797507788,0.447495961227787,0.30625,0.426984126984127,0.7484375,0.7508038585209,0.437990580847724,0.443932411674347,0.73208722741433,0.743827160493827,0.448170731707317,0.516129032258065,0.437116564417178,0.753445635528331,0.686028257456829,0.236476043276662,0.435384615384615,0.436170212765957,0.44336569579288,0.435406698564593,0.434451219512195,0.721286370597244,0.74565560821485,0.438377535101404,0.663974151857835,0.569422776911076,0.484662576687117,0.542673107890499,0.73469387755102,0.4375,0.25511811023622,0.423197492163009,0.426810477657935,0.505376344086022,0.436908517350158,0.252679938744257,0.455521472392638,0.43581616481775,0.443396226415094,0.425
"217",1,1,1,1,1,1,0.69951534733441,1,1,0.100649350649351,1,0.04375,0.812091503267974,1,0.318979266347687,0.308777429467085,0.0635658914728682,0.685950413223141,1,1,0.289389067524116,0.319047619047619,1,0.153125,1,0.338607594936709,0.319354838709677,1,1,0.786644951140065,0.32018927444795,0.731782945736434,0.963492063492064,0.318471337579618,0,1,0.534072900158479,1,0.304012345679012,1,0.658730158730159,0.67817896389325,0.692901234567901,1,1,0.32300163132137,0.315286624203822,0.314814814814815,0.325434439178515,0.333860759493671,0,1,0.320754716981132,1,1,0.501618122977346,0.554140127388535,1,1,1,0.331768388106416,0.313291139240506,0.315873015873016,0.672552166934189,1,1,0.0349206349206349,1,0.0558139534883721,0.329230769230769,1,0.317111459968603,0.33115823817292,0.964285714285714,0.50693374422188,1,0.3125,0.341085271317829,1,0.317589576547231,0.0841423948220065,0.338607594936709,0.326465927099842,1,0.344444444444444,1,1,1,1,0.683464566929134,1,1,0.0016,0.105678233438486,1,0.0434108527131783,0,1,0.551088777219431,0.673139158576052,1,0.0540540540540541,0.312202852614897,1,0.311897106109325,1,0.680952380952381,1,0.315286624203822,0.321486268174475,0.325434439178515,1,0.330708661417323,1,0.482919254658385,1,0.314785373608903,0.295238095238095,0.330757341576507,0.31637519872814,0.469096671949287,0.998442367601246,0.328638497652582,0.326229508196721,1,0.312401883830455,1,1,0.325358851674641,0.548286604361371,1,0.321766561514196,1,0.0385208012326656,1,0.3198127925117,0.672897196261682,0.337559429477021,0.934817170111288,0.439024390243902,0.0996784565916399,0.0958466453674121,1,1,0.339144215530903,1,0.316590563165906,1,0.810047095761381,1,0.333878887070376,1,1,1,1,0.338607594936709,1,0.321086261980831,0.249607535321821,1,0.3125,1,0.301412872841444,0.0805152979066023,1,0.3216,1,1,1,0.339593114241002,1,0.326984126984127,1,0.304140127388535,1,0.319488817891374,0.0788643533123028,1,0.636363636363636,1,1,0.319488817891374,1,1,1,1,0.325914149443561,0.318952234206472,1,0.998412698412698,0.331259720062208,0.315533980582524,1,0.431061806656101,0.666158536585366,0,0.325434439178515,0.658767772511848,1,0.324451410658307,1,0.998447204968944,1,0.319554848966614,0.335433070866142,0.338141025641026,1,1,1,0,1,0.323101777059774,0.974683544303797,0.3312,0.307086614173228,0.75,1,1,1,1,1,0.0422535211267606,0.3264,0.331259720062208,1,0.687010954616588,1,1,1,0.998415213946117,1,1,0.00316455696202532,0.305426356589147,1,0.317152103559871,1,0.302215189873418,1,1,1,1,1,0.320512820512821,1,0.517915309446254,0.330173775671406,0.34009360374415,0.317230273752013,0.322632423756019,0.334410339256866,0.41335453100159,0.3359375,0.322033898305085,0.311320754716981,1,0.32484076433121,1,0.686728395061728,0.322784810126582,0.304012345679012,0.344051446945338,1,1,1,0.245614035087719,0.316614420062696,1,0.31637519872814,0.330757341576507,0.312597200622084,0.325508607198748,0.685126582278481,1,0.332283464566929,0.319488817891374,1,0.306818181818182,1,0.316846986089645,0.311004784688995,1,1,1,0.529968454258675,1,0.68362480127186,0.0808709175738725,0.331230283911672,1,1,0.0956112852664577,0.322932917316693,0.333870967741935,1,1,0.3140625,0.0223285486443381,0.0016260162601626,1,1,0.341013824884793,0.9984375,1,0.313291139240506,1,1,0.32182103610675,1,1,1,1,0.32484076433121,0.314900153609831,0.332231404958678,1,1,0.674454828660436,0.334905660377358,1,0.324492979719189,0.300787401574803,1,1,0.998435054773083,1,1,0.326984126984127,1,1,0.1056,0.337984496124031,0.487220447284345,0.311501597444089,0.667197452229299,0.327014218009479,1,0.3168,0.341232227488152,0.253543307086614,0.321372854914197,1,0.327718223583461,1,1,1,0.311708860759494,0.327586206896552,0.998417721518987,0.920195439739414,0.0621931260229133,1,0.322932917316693,0.32741935483871,0.309791332263242,1,0.330246913580247,0.461904761904762,0.329635499207607,0.316957210776545,0.314102564102564,0.3125,1,0.32952691680261,1,1,0,1,0.328,1,1,1,0.327503974562798,1,0.3168,1,0.844236760124611,1,1,1,0.317610062893082,1,1,0.310618066561014,0.318471337579618,1,1,0.320251177394035,0.190402476780186,1,0.998449612403101,1,0,0.319870759289176,1,0.309748427672956,0.232142857142857,1,0.663507109004739,0.440677966101695,1,1,0.672230652503794,0.702060221870048,0.351910828025478,1,0.32807570977918,1,1,0.336507936507937,1,0.998397435897436,0.00782472613458529,0.331746031746032,1,1,0.321543408360129,1,1,0.307443365695793,0.3234375,1,1,1,0.538341158059468,0.3136,0.352180936995153,0.321538461538462,0.341194968553459,0.680511182108626,0.330203442879499,0.325984251968504,0.324574961360124,0.229299363057325,0.317741935483871,1,0.327666151468315,0.998417721518987,0.311145510835913,0.0822981366459627,0.0516431924882629,1,1,0.0375586854460094,1,0.67737003058104,0.0405616224648986,0.0111464968152866,1,0.676145339652449,1,1,0.546191247974068,1,0,0.0772946859903382,1,1,1,0.323248407643312,0.64167916041979,0.679933665008292,0.995305164319249,1,0.986003110419907,0.307692307692308,0.335423197492163,1,0.3088,1,0.368503937007874,0.103392568659128,0.3109375,0.324159021406728,0.343003412969283,1,0.0709876543209877,1,1,1,0.252747252747253,0.325769854132901,1,0.329581993569132,1,1,0.314553990610329,1,0.326219512195122,1,0.310679611650485,0.332288401253919,1,0.684044233807267,0.317972350230415,1,0.312399355877617,0.7640625,0.316923076923077,0.158631415241058,0.32262996941896,0.767295597484277,0.316476345840131,1,0.329652996845426,0.344667697063369,0.299531981279251,1,1,1,0.972131147540984,0.338870431893688,1,0.326332794830372,1,0.326332794830372,0.323390894819466,1,1,1,0.921011058451817,1,0.312111801242236,0.32120253164557,1,1,0.0496794871794872,0.0780254777070064,1,1,0.313213703099511,1,1,0.31687898089172,1,1,0.678288431061807,0.529874213836478,1,0,1,1,0.0975609756097561,0.33596214511041,1,0.337559429477021,0.998415213946117,0.971153846153846,0.998394863563403,0.824644549763033,1,0.331746031746032,1,1,1,0,0.318407960199005,1,1,0.665079365079365,1,0.318611987381703,0.365659777424483,0.322378716744914,1,1,1,0.0913312693498452,0.3232,0.0838709677419355,0.998394863563403,0.318252730109204,0.310832025117739,0.359497645211931,0,1,0.962323390894819,1,1,0.327447833065811,0.307210031347962,0.161084529505582,0.0369181380417336,0.326892109500805,0.318037974683544,0.333853354134165,0.00162074554294976,0.318541996830428,1,0,0.317610062893082,1,1,1,0.3203125,0.323076923076923,0.032520325203252,1,0.317965023847377,0.314553990610329,1,1,0.3264,0.689935064935065,1,1,0.69551282051282,1,0.317111459968603,1,0.324409448818898,0.520249221183801,0.666144200626959,0.405238828967643,1,0.302469135802469,0.320813771517997,0.673501577287066,0.664086687306502,1,0.33489827856025,1,0.327639751552795,1,0.323248407643312,0.316129032258064,0.35725677830941,0.515723270440252,0.322115384615385,0.314696485623003,0.661367249602544,0.325,0.142620232172471,1,0,1,0.298555377207063,1,0,0.324324324324324,0.326332794830372,1,0.0540958268933539,1,0.0868167202572347,0.344339622641509,1,0.0666666666666667,0.671406003159558,1,1,1,0.318032786885246,0.0357142857142857,1,0.437001594896332,0.0896,0.355038759689922,0.324960753532182,0.320433436532508,1,1,1,1,1,0.0644171779141104,0.998454404945904,0.681818181818182,0.00303951367781155,0.321875,1,1,1,1,0.0845295055821372,0.321875,1,1,1,1,1,1,0.476635514018692,0.00159489633173844,1,0.0824261275272162,0.329073482428115,0.423380726698262,1,0.398373983739837,0.309446254071661,0.311708860759494,1,0.0391236306729265,0.32093023255814,1,1,0.376602564102564,0.316037735849057,0.314465408805031,0.33063209076175,0.998425196850394,0.322632423756019,0.330696202531646,0.405797101449275,0.320695102685624,0.979591836734694,0.311248073959938,0.0796747967479675,0.325508607198748,0,1,0.0853462157809984,0.307073954983923,0.325842696629214,0.324324324324324,1,1,1,1,1,1,0.333870967741935,1,0.3264,0.32088285229202,0.589424572317263,0.676898222940226,1,1,0,0.318818040435459,0.110062893081761,0.998475609756098,0.0365079365079365,1,1,0.319218241042345,1,1,0.624801271860095,0.416393442622951,0.996937212863706,0.0805152979066023,0.0998415213946117,1,1,1,0.0861244019138756,0,0.320373250388802,0.433544303797468,0.315870570107858,0,0.32475884244373,0.0848287112561175,1,1,0.322932917316693,0.310872894333844,0.235478806907378,0.338187702265372,0.324031007751938,0.321259842519685,1,1,0.326860841423948,1,0,1,0.207667731629393,1,0.671875,1,0.3125,0.307073954983923,0.0747217806041336,0.673946957878315,1,1,0.78330658105939,0.902439024390244,0.317965023847377,0.318979266347687,1,0.315873015873016,0.244479495268139,0.327868852459016,1,0.101748807631161,1,1,0.319047619047619,0.679611650485437,0.31687898089172,1,1,0.308176100628931,0.312401883830455,0.325508607198748,0.854632587859425,0.314845024469821,1,0.0544323483670296,1,1,0.6890625,0.6496,0.331691297208539,0.0540540540540541,0.332268370607029,1,1,0.308681672025723,0.334394904458599,0.622874806800618,1,0.315384615384615,0.368584758942457,0.322884012539185,0.984276729559748,0.463836477987421,0.00474683544303797,0.311728395061728,0.330769230769231,0.326829268292683,0.315181518151815,0.32258064516129,0.96937212863706,1,0.3203125,0.53960396039604,0.680194805194805,0.226059654631083,0.684640522875817,1,0.32484076433121,0.0032520325203252,0.327073552425665,0.317411402157165,0.362637362637363,0.320450885668277,0,0.334375,0.31973898858075,0.323717948717949,0.318979266347687
"218",1,1,1,1,1,1,0.699523052464229,1,1,0.10062893081761,1,0.0520673813169985,0.803459119496855,1,0.312893081761006,0.309230769230769,0.0720858895705521,0.688709677419355,1,1,0.298621745788668,0.31937984496124,1,0.158950617283951,1,0.329211746522411,0.32182103610675,1,1,0.78003120124805,0.304482225656878,0.730182926829268,0.961597542242704,0.313971742543171,0,1,0.542056074766355,1,0.3,1,0.6578125,0.680491551459293,0.692889561270802,1,1,0.313084112149533,0.31619937694704,0.309341500765697,0.324574961360124,0.330757341576507,0,1,0.309451219512195,1,1,0.500780031201248,0.566096423017107,1,1,1,0.329770992366412,0.325434439178515,0.316118935837246,0.679012345679012,1,1,0.0453834115805947,1,0.0630630630630631,0.322188449848024,1,0.32182103610675,0.32,0.965023847376789,0.509174311926605,1,0.310975609756098,0.338414634146341,1,0.318541996830428,0.0885668276972625,0.327160493827161,0.324074074074074,1,0.332826747720365,1,1,1,1,0.690769230769231,1,1,0.0015527950310559,0.1089258698941,1,0.0517503805175038,0,1,0.561996779388084,0.678125,1,0.0570107858243451,0.310185185185185,1,0.319182389937107,1,0.682779456193353,1,0.31619937694704,0.326186830015314,0.321316614420063,1,0.324074074074074,1,0.481481481481481,1,0.31839258114374,0.301684532924962,0.326836581709145,0.318252730109204,0.486902927580894,0.998461538461539,0.323262839879154,0.316535433070866,1,0.30640243902439,1,1,0.322775263951735,0.547945205479452,1,0.316436251920123,1,0.0474074074074074,1,0.309559939301973,0.679878048780488,0.328682170542636,0.925925925925926,0.431924882629108,0.109567901234568,0.101721439749609,1,1,0.330721003134796,1,0.31981981981982,1,0.804314329738058,1,0.323717948717949,1,1,1,1,0.331768388106416,1,0.31911532385466,0.25115562403698,1,0.315950920245399,1,0.30757341576507,0.095679012345679,1,0.314465408805031,1,1,1,0.340490797546012,1,0.329192546583851,1,0.313084112149533,1,0.315132605304212,0.0785824345146379,1,0.642172523961661,1,1,0.315707620528771,1,1,1,1,0.324492979719189,0.30757341576507,1,0.998454404945904,0.317484662576687,0.301435406698565,1,0.45046439628483,0.664670658682635,0,0.31924882629108,0.670750382848392,1,0.324734446130501,1,0.998489425981873,1,0.327666151468315,0.323619631901841,0.324960753532182,1,1,1,0,1,0.307324840764331,0.968701095461659,0.328173374613003,0.300462249614792,0.748466257668712,1,1,1,1,1,0.0496894409937888,0.313084112149533,0.326153846153846,1,0.684766214177979,1,1,0.998447204968944,0.998466257668712,1,1,0.00462249614791988,0.315068493150685,1,0.309597523219814,1,0.303076923076923,1,1,1,1,1,0.319938176197836,1,0.502325581395349,0.321372854914197,0.327718223583461,0.313178294573643,0.326153846153846,0.328100470957614,0.427899686520376,0.328197226502311,0.314152410575428,0.310291858678955,1,0.32,1,0.684532924961715,0.315789473684211,0.310810810810811,0.334360554699538,1,1,1,0.257503949447077,0.313935681470138,1,0.309636650868878,0.325373134328358,0.308166409861325,0.323619631901841,0.689335394126739,1,0.31969696969697,0.315625,1,0.298722044728434,1,0.306870229007634,0.313664596273292,1,1,1,0.534668721109399,1,0.684867394695788,0.0855855855855856,0.319938176197836,1,1,0.100609756097561,0.322530864197531,0.326594090202177,1,1,0.303951367781155,0.0292307692307692,0.00313479623824451,1,1,0.331811263318113,0.998470948012232,1,0.307926829268293,1,1,0.315467075038285,1,1,1,1,0.324492979719189,0.307807807807808,0.319875776397516,1,1,0.669218989280245,0.32348367029549,1,0.322188449848024,0.298600311041991,1,1,0.998482549317147,1,1,0.32348367029549,1,1,0.110584518167457,0.328767123287671,0.487692307692308,0.309597523219814,0.667180277349769,0.318529862174579,1,0.316846986089645,0.330246913580247,0.259818731117825,0.321044546850998,1,0.328313253012048,1,1,1,0.311526479750779,0.323795180722892,0.998461538461539,0.919614147909968,0.0686427457098284,1,0.305135951661631,0.31875,0.315625,1,0.330316742081448,0.467592592592593,0.325617283950617,0.304212168486739,0.317307692307692,0.311728395061728,1,0.324534161490683,1,1,0,1,0.324451410658307,1,1,1,0.329192546583851,1,0.313385826771654,1,0.83206106870229,1,1,1,0.316358024691358,1,1,0.31441717791411,0.312693498452012,1,1,0.313364055299539,0.183890577507599,1,0.998452012383901,1,0,0.311811023622047,1,0.311926605504587,0.248840803709428,1,0.674884437596302,0.441441441441441,1,1,0.681137724550898,0.69922480620155,0.345256609642302,1,0.319444444444444,1,1,0.332814930015552,1,0.998454404945904,0.00927357032457496,0.323029366306028,1,1,0.32120253164557,1,1,0.30829420970266,0.326186830015314,1,1,1,0.537867078825348,0.315707620528771,0.3453125,0.313056379821958,0.3328173374613,0.6890625,0.324773413897281,0.326120556414219,0.317411402157165,0.238897396630934,0.318541996830428,1,0.325190839694657,0.998439937597504,0.316846986089645,0.0881913303437967,0.0576631259484067,1,1,0.0449612403100775,1,0.681470137825421,0.0505359877488515,0.012326656394453,1,0.682027649769585,1,1,0.552922590837283,1,0,0.0765625,1,1,1,0.323076923076923,0.650957290132548,0.690737833594976,0.993874425727412,1,0.981308411214953,0.306027820710974,0.329230769230769,1,0.30173775671406,1,0.373250388802488,0.110764430577223,0.30781010719755,0.320121951219512,0.339901477832512,1,0.0870229007633588,1,1,1,0.257142857142857,0.324881141045959,1,0.318181818181818,1,1,0.312217194570136,1,0.322338830584708,1,0.311708860759494,0.319620253164557,1,0.672868217054264,0.316742081447964,1,0.307448494453249,0.759630200308166,0.313432835820896,0.161538461538462,0.322775263951735,0.762128325508607,0.308544303797468,1,0.327666151468315,0.338368580060423,0.292307692307692,1,1,1,0.96656050955414,0.3392,1,0.324237560192616,1,0.317891373801917,0.318385650224215,1,1,1,0.914196567862715,1,0.308623298033283,0.318952234206472,1,1,0.0506329113924051,0.0830721003134796,1,1,0.30379746835443,1,1,0.312989045383412,1,1,0.679447852760736,0.533033033033033,1,0,1,1,0.103030303030303,0.328149300155521,1,0.327743902439024,0.998452012383901,0.960629921259842,0.998459167950693,0.817204301075269,1,0.328025477707006,1,1,1,0,0.317666126418152,1,1,0.673374613003096,1,0.319875776397516,0.362519201228879,0.314329738058552,1,1,1,0.0934150076569678,0.321259842519685,0.0955414012738854,0.998427672955975,0.308396946564885,0.308282208588957,0.358024691358025,0,1,0.955246913580247,1,1,0.319182389937107,0.29803328290469,0.166924265842349,0.0450310559006211,0.322378716744914,0.31924882629108,0.323170731707317,0.0015748031496063,0.315151515151515,1,0,0.317147192716237,1,1,1,0.317771084337349,0.321266968325792,0.0378548895899054,1,0.319875776397516,0.310291858678955,1,1,0.314814814814815,0.691935483870968,1,1,0.688751926040062,1,0.304878048780488,1,0.314241486068111,0.525757575757576,0.677862595419847,0.414781297134238,1,0.299093655589124,0.312883435582822,0.681957186544342,0.668693009118541,1,0.32262996941896,1,0.325825825825826,1,0.323943661971831,0.311912225705329,0.353488372093023,0.512307692307692,0.316614420062696,0.304075235109718,0.658986175115207,0.311827956989247,0.152733118971061,1,0,1,0.300157977883096,1,0,0.321428571428571,0.322327044025157,1,0.0625931445603577,1,0.0920245398773006,0.331782945736434,1,0.0674846625766871,0.6734375,1,1,1,0.306818181818182,0.0438729198184569,1,0.424336973478939,0.0990566037735849,0.352409638554217,0.321044546850998,0.319213313161876,1,1,1,1,1,0.068452380952381,0.995391705069124,0.680916030534351,0.00443131462333826,0.321592649310873,1,1,1,1,0.0928462709284627,0.312121212121212,1,1,1,1,1,1,0.485671191553544,0.00157977883096367,1,0.0921658986175115,0.320493066255778,0.433021806853583,1,0.393026941362916,0.315372424722662,0.308892355694228,1,0.0458715596330275,0.322033898305085,1,1,0.373228346456693,0.315950920245399,0.314814814814815,0.315873015873016,0.998475609756098,0.330188679245283,0.320121951219512,0.415360501567398,0.320121951219512,0.969558599695586,0.313253012048193,0.0880503144654088,0.32258064516129,0,1,0.0924764890282132,0.305511811023622,0.321372854914197,0.313572542901716,1,1,1,1,1,1,0.327044025157233,1,0.308166409861325,0.311881188118812,0.607575757575758,0.679365079365079,1,1,0,0.320726172465961,0.121913580246914,0.998500749625187,0.0414746543778802,1,1,0.31832298136646,1,1,0.623824451410658,0.4192,0.995548961424332,0.0847723704866562,0.101426307448494,1,1,1,0.093558282208589,0,0.327718223583461,0.425269645608629,0.316265060240964,0,0.326530612244898,0.0962145110410095,1,1,0.32312404287902,0.319508448540707,0.246913580246914,0.334913112164297,0.316030534351145,0.317147192716237,1,1,0.325545171339564,1,0,1,0.226415094339623,1,0.672333848531685,1,0.315625,0.310126582278481,0.0812883435582822,0.681957186544342,1,1,0.789147286821705,0.895498392282958,0.328682170542636,0.312401883830455,1,0.311627906976744,0.250393700787402,0.32120253164557,1,0.105504587155963,1,1,0.314900153609831,0.676100628930818,0.314375987361769,1,1,0.31039755351682,0.305426356589147,0.323262839879154,0.8640625,0.315132605304212,1,0.0609756097560976,1,1,0.697568389057751,0.65149136577708,0.325949367088608,0.061633281972265,0.324031007751938,1,1,0.303265940902022,0.329192546583851,0.622699386503067,1,0.314589665653495,0.379573170731707,0.30757341576507,0.984939759036145,0.473186119873817,0.00462249614791988,0.301075268817204,0.3267776096823,0.331210191082803,0.311111111111111,0.318731117824773,0.972519083969466,1,0.317262830482115,0.544585987261146,0.683464566929134,0.23206106870229,0.684887459807074,1,0.32258064516129,0.00310077519379845,0.321646341463415,0.312788906009245,0.381172839506173,0.315047021943574,0,0.333839150227618,0.314465408805031,0.322834645669291,0.320373250388802
"219",1,1,1,1,1,1,0.699842022116904,1,1,0.0875796178343949,1,0.0406885758998435,0.820349761526232,1,0.3216,0.307332293291732,0.0570107858243451,0.679153094462541,1,1,0.296529968454259,0.31496062992126,1,0.146687697160883,1,0.331259720062208,0.3152,1,1,0.7904,0.309486780715397,0.738390092879257,0.967741935483871,0.321044546850998,0,1,0.534775888717156,1,0.301204819277108,1,0.653481012658228,0.682027649769585,0.681047765793529,1,1,0.318910256410256,0.323854660347551,0.310664605873261,0.331775700934579,0.334883720930233,0,1,0.322429906542056,1,1,0.499205087440382,0.556426332288401,1,1,1,0.338957055214724,0.323296354992076,0.321144674085851,0.677519379844961,1,1,0.0345368916797488,1,0.0542986425339367,0.321928460342146,1,0.322834645669291,0.330128205128205,0.966507177033493,0.508500772797527,1,0.313271604938272,0.3375,1,0.316045380875203,0.0834670947030498,0.338072669826224,0.338607594936709,1,0.34375,1,1,1,1,0.6890625,1,1,0.00154559505409583,0.0995334370139969,1,0.0422960725075529,0,1,0.557692307692308,0.661341853035144,1,0.0511627906976744,0.321428571428571,1,0.317384370015949,1,0.674418604651163,1,0.323390894819466,0.326625386996904,0.319314641744548,1,0.332807570977918,1,0.472868217054264,1,0.323248407643312,0.293663060278207,0.337920489296636,0.3171875,0.469578783151326,1,0.325115562403698,0.324281150159744,1,0.313846153846154,1,1,0.31924882629108,0.549770290964778,1,0.318037974683544,1,0.038109756097561,1,0.31651376146789,0.668721109399075,0.3328173374613,0.935331230283912,0.42512077294686,0.0957613814756672,0.0911949685534591,1,1,0.328616352201258,1,0.326186830015314,1,0.807153965785381,1,0.332273449920509,1,1,1,1,0.3421875,1,0.328548644338118,0.258461538461538,1,0.314329738058552,1,0.305426356589147,0.0769230769230769,1,0.31733746130031,1,1,1,0.342064714946071,1,0.336,1,0.315707620528771,1,0.323809523809524,0.0752688172043011,1,0.634185303514377,1,1,0.319935691318328,1,1,1,1,0.32695374800638,0.318818040435459,1,1,0.323029366306028,0.307692307692308,1,0.436619718309859,0.662141779788839,0,0.330769230769231,0.666666666666667,1,0.33026113671275,1,1,1,0.324534161490683,0.32469512195122,0.3312,1,1,1,0,1,0.315372424722662,0.975039001560062,0.329133858267717,0.3125,0.745283018867924,1,1,1,1,1,0.0408163265306122,0.319182389937107,0.335925349922239,1,0.674846625766871,1,1,0.998432601880878,1,1,1,0.00307692307692308,0.305936073059361,1,0.315372424722662,1,0.309968847352025,1,1,1,1,1,0.329635499207607,1,0.519747235387046,0.335913312693498,0.326656394453005,0.318840579710145,0.322327044025157,0.32807570977918,0.413848631239936,0.334375,0.322784810126582,0.319314641744548,1,0.335949764521193,1,0.68140243902439,0.317111459968603,0.301075268817204,0.338485316846986,1,1,1,0.253184713375796,0.3234375,1,0.323809523809524,0.328787878787879,0.315873015873016,0.327692307692308,0.680952380952381,1,0.328197226502311,0.324881141045959,1,0.312599681020734,1,0.321428571428571,0.321483771251932,1,1,1,0.528951486697966,1,0.683385579937304,0.0785498489425982,0.327102803738318,1,1,0.0917573872472784,0.323574730354391,0.333333333333333,1,1,0.314900153609831,0.0202808112324493,0.0016,1,1,0.343328335832084,0.998420221169036,1,0.31733746130031,1,1,0.319018404907975,1,1,1,1,0.335433070866142,0.310502283105023,0.325878594249201,1,1,0.661993769470405,0.3234375,1,0.322033898305085,0.304552590266876,1,1,1,1,1,0.333333333333333,1,1,0.103338632750397,0.33641975308642,0.484227129337539,0.314285714285714,0.66824644549763,0.322085889570552,1,0.31911532385466,0.331738437001595,0.258914728682171,0.32,1,0.325757575757576,1,1,1,0.313099041533546,0.325115562403698,1,0.931818181818182,0.0568720379146919,1,0.321981424148607,0.324237560192616,0.312101910828025,1,0.33641975308642,0.453978159126365,0.325153374233129,0.319182389937107,0.318255250403877,0.308917197452229,1,0.32484076433121,1,1,0,1,0.328149300155521,1,1,1,0.337060702875399,1,0.317817014446228,1,0.846270928462709,1,1,1,0.318252730109204,1,1,0.319182389937107,0.319938176197836,1,1,0.320754716981132,0.186153846153846,1,1,1,0,0.3125,1,0.317262830482115,0.246031746031746,1,0.669242658423493,0.440494590417311,1,1,0.667664670658683,0.695583596214511,0.355140186915888,1,0.321875,1,1,0.344391785150079,1,1,0.0078740157480315,0.329133858267717,1,1,0.328616352201258,1,1,0.313084112149533,0.329192546583851,1,1,1,0.536050156739812,0.315132605304212,0.343898573692552,0.322289156626506,0.335889570552147,0.68798751950078,0.333843797856049,0.334890965732087,0.318461538461538,0.246894409937888,0.328502415458937,1,0.322085889570552,1,0.318461538461538,0.0770416024653313,0.0475460122699387,1,1,0.0357142857142857,1,0.681887366818874,0.040625,0.0111111111111111,1,0.678571428571429,1,1,0.540540540540541,1,0,0.0681818181818182,1,1,1,0.327503974562798,0.639517345399698,0.684887459807074,0.993846153846154,1,0.986111111111111,0.306122448979592,0.328593996840442,1,0.306709265175719,1,0.375389408099688,0.0980707395498392,0.309968847352025,0.324200913242009,0.334991708126036,1,0.0698027314112291,1,1,1,0.258805513016845,0.316535433070866,1,0.326018808777429,1,1,0.309006211180124,1,0.327354260089686,1,0.311912225705329,0.328682170542636,1,0.673469387755102,0.329286798179059,1,0.320063694267516,0.767550702028081,0.320987654320988,0.149691358024691,0.323076923076923,0.777080062794348,0.318541996830428,1,0.327639751552795,0.341013824884793,0.295665634674923,1,1,1,0.970967741935484,0.3354943273906,1,0.3322528363047,1,0.325242718446602,0.32312404287902,1,1,1,0.919558359621451,1,0.312594840667678,0.325581395348837,1,1,0.0414012738853503,0.0761904761904762,1,1,0.313099041533546,1,1,0.322327044025157,1,1,0.668231611893584,0.526964560862866,1,0,1,1,0.0933125972006221,0.32967032967033,1,0.321711568938193,1,0.96998420221169,1,0.827743902439024,1,0.331147540983607,1,1,1,0,0.313001605136437,1,1,0.675,1,0.323899371069182,0.368503937007874,0.324492979719189,1,1,1,0.0846153846153846,0.321144674085851,0.0858505564387917,1,0.316358024691358,0.31441717791411,0.357585139318885,0,1,0.960998439937597,1,1,0.324492979719189,0.310502283105023,0.155555555555556,0.0363349131121643,0.324921135646688,0.312401883830455,0.337423312883436,0.00160771704180064,0.31859756097561,1,0,0.318042813455657,1,1,1,0.328173374613003,0.326153846153846,0.0360065466448445,1,0.320634920634921,0.317683881064163,1,1,0.329133858267717,0.690938511326861,1,1,0.6859375,1,0.313455657492355,1,0.3203125,0.527863777089783,0.664086687306502,0.400611620795107,1,0.300925925925926,0.31875,0.675968992248062,0.662557781201849,1,0.324031007751938,1,0.324200913242009,1,0.322378716744914,0.323717948717949,0.354037267080745,0.529230769230769,0.322274881516588,0.314696485623003,0.65615141955836,0.32093023255814,0.142625607779579,1,0,1,0.301587301587302,1,0,0.324324324324324,0.325545171339564,1,0.0498489425981873,1,0.0835913312693498,0.33968253968254,1,0.0579937304075235,0.661514683153014,1,1,1,0.318327974276527,0.0368663594470046,1,0.438871473354232,0.0906200317965024,0.357142857142857,0.322429906542056,0.330815709969789,1,1,1,1,1,0.0574018126888218,0.995426829268293,0.684129429892142,0.00297619047619048,0.326086956521739,1,1,1,1,0.081039755351682,0.310975609756098,1,1,1,1,1,1,0.476043276661515,0.00158227848101266,1,0.0779816513761468,0.329133858267717,0.422047244094488,1,0.410339256865913,0.315789473684211,0.317757009345794,1,0.0358255451713396,0.329721362229102,1,1,0.379644588045234,0.319508448540707,0.31832298136646,0.328,1,0.332273449920509,0.316923076923077,0.418641390205371,0.324492979719189,0.976780185758514,0.31937984496124,0.0771704180064309,0.332814930015552,0,1,0.0881889763779528,0.310015898251192,0.316037735849057,0.32120253164557,1,1,1,1,1,1,0.333860759493671,1,0.324367088607595,0.327242524916944,0.6049766718507,0.677830940988836,1,1,0,0.324159021406728,0.110236220472441,1,0.0296875,1,1,0.320634920634921,1,1,0.630331753554502,0.424143556280587,0.995568685376662,0.0797448165869219,0.089171974522293,1,1,1,0.0809968847352025,0,0.316279069767442,0.42515923566879,0.326747720364742,0,0.333868378812199,0.0850722311396469,1,1,0.330275229357798,0.326530612244898,0.24685534591195,0.345659163987138,0.315384615384615,0.3296875,1,1,0.33015873015873,1,0,1,0.217460317460317,1,0.667692307692308,1,0.318181818181818,0.309033280507132,0.0696594427244582,0.665116279069767,1,1,0.783359497645212,0.895934959349593,0.315789473684211,0.319422150882825,1,0.31924882629108,0.246489859594384,0.320063694267516,1,0.095679012345679,1,1,0.315789473684211,0.671383647798742,0.312101910828025,1,1,0.311728395061728,0.312307692307692,0.320552147239264,0.857142857142857,0.317965023847377,1,0.0518053375196232,1,1,0.690402476780186,0.651017214397496,0.331179321486268,0.0519685039370079,0.326433121019108,1,1,0.307936507936508,0.333333333333333,0.61189358372457,1,0.316436251920123,0.370820668693009,0.314152410575428,0.986111111111111,0.467817896389325,0.0046583850931677,0.310452418096724,0.332321699544765,0.332273449920509,0.316957210776545,0.322033898305085,0.970858895705521,1,0.326625386996904,0.549273021001615,0.678740157480315,0.238390092879257,0.684039087947883,1,0.3296875,0.00313971742543171,0.335423197492163,0.31937984496124,0.369565217391304,0.323943661971831,0,0.338485316846986,0.330658105939005,0.3264,0.314465408805031
"220",1,1,1,1,1,1,0.709728867623604,1,1,0.101777059773829,1,0.0450310559006211,0.805732484076433,1,0.305511811023622,0.291925465838509,0.0659340659340659,0.705691056910569,1,1,0.27244094488189,0.290220820189274,1,0.1609375,1,0.3078125,0.299186991869919,1,1,0.786392405063291,0.294488188976378,0.72360248447205,0.962382445141066,0.295418641390205,0,1,0.552959501557632,1,0.289193302891933,1,0.682242990654206,0.696875,0.702290076335878,1,1,0.295638126009693,0.300157977883096,0.294027565084227,0.305164319248826,0.309859154929577,0,1,0.297546012269939,1,1,0.487220447284345,0.57345971563981,1,1,1,0.316037735849057,0.306729264475743,0.305900621118012,0.688575899843505,1,1,0.03486529318542,1,0.0620272314674735,0.300925925925926,1,0.303599374021909,0.310569105691057,0.965023847376789,0.523148148148148,1,0.295839753466872,0.319444444444444,1,0.302250803858521,0.0923566878980892,0.31104199066874,0.306349206349206,1,0.32398753894081,1,1,1,1,0.705701078582434,1,1,0,0.10939907550077,1,0.0454545454545455,0,1,0.579454253611557,0.692063492063492,1,0.0550314465408805,0.297045101088647,1,0.302215189873418,1,0.70404984423676,1,0.296923076923077,0.298600311041991,0.300763358778626,1,0.314728682170543,1,0.498466257668712,1,0.294670846394984,0.307098765432099,0.312217194570136,0.30298273155416,0.498452012383901,0.998442367601246,0.30757341576507,0.3008,1,0.293394777265745,1,1,0.333333333333333,0.551204819277108,1,0.307936507936508,1,0.0424242424242424,1,0.304878048780488,0.694099378881988,0.312111801242236,0.925465838509317,0.422893481717011,0.106646058732612,0.0996884735202492,1,1,0.308755760368664,1,0.298325722983257,1,0.803030303030303,1,0.313099041533546,1,1,1,1,0.312698412698413,1,0.301587301587302,0.265432098765432,1,0.294298921417565,1,0.27742946708464,0.0871632329635499,1,0.295133437990581,1,1,1,0.322981366459627,1,0.30379746835443,1,0.291277258566978,1,0.301261829652997,0.0791925465838509,1,0.647249190938511,1,1,0.302694136291601,1,1,1,1,0.300469483568075,0.290123456790123,1,0.998432601880878,0.303680981595092,0.29093799682035,1,0.468944099378882,0.678092399403875,0,0.301242236024845,0.680685358255452,1,0.300462249614792,1,0.998475609756098,1,0.30077519379845,0.308166409861325,0.305993690851735,1,1,1,0,1,0.294585987261146,0.97007874015748,0.30622009569378,0.294025157232704,0.750769230769231,1,1,1,1,1,0.0436817472698908,0.3046875,0.314329738058552,1,0.699386503067485,1,1,0.998442367601246,0.998432601880878,1,1,0.00152671755725191,0.32579185520362,1,0.286392405063291,1,0.290824261275272,1,1,1,1,1,0.3140625,1,0.486356340288925,0.307692307692308,0.310077519379845,0.297939778129952,0.309859154929577,0.30757341576507,0.406995230524642,0.309859154929577,0.31104199066874,0.294573643410853,1,0.304212168486739,1,0.698757763975155,0.30173775671406,0.323170731707317,0.314465408805031,1,1,1,0.276190476190476,0.29320987654321,1,0.304761904761905,0.306525037936267,0.309486780715397,0.306625577812018,0.691358024691358,1,0.30568356374808,0.297297297297297,1,0.276422764227642,1,0.300153139356815,0.298299845440495,1,1,1,0.548286604361371,1,0.702028081123245,0.0847201210287443,0.302180685358255,1,1,0.0992248062015504,0.309597523219814,0.318681318681319,1,1,0.291793313069909,0.025,0.0015748031496063,1,1,0.320493066255778,0.998427672955975,1,0.300613496932515,1,1,0.306976744186047,1,1,1,1,0.311912225705329,0.292682926829268,0.307568438003221,1,1,0.690292758089368,0.312893081761006,1,0.301223241590214,0.290220820189274,1,1,0.998470948012232,1,1,0.31496062992126,1,1,0.111821086261981,0.30640243902439,0.484326018808777,0.291666666666667,0.686028257456829,0.30781010719755,1,0.294488188976378,0.314606741573034,0.265842349304482,0.305084745762712,1,0.311178247734139,1,1,1,0.290679304897314,0.301075268817204,0.998454404945904,0.923948220064725,0.0632911392405063,1,0.298921417565485,0.302547770700637,0.295238095238095,1,0.309230769230769,0.488372093023256,0.308892355694228,0.297213622291022,0.308306709265176,0.29093799682035,1,0.307570977917981,1,1,0,1,0.306349206349206,1,1,1,0.310452418096724,1,0.302066772655008,1,0.832558139534884,1,1,1,0.290964777947933,1,1,0.297971918876755,0.291858678955453,1,1,0.29984544049459,0.19634703196347,1,0.998442367601246,1,0,0.293838862559242,1,0.287051482059282,0.255591054313099,1,0.688473520249221,0.422427035330261,1,1,0.694402420574887,0.719188767550702,0.333333333333333,1,0.301261829652997,1,1,0.32120253164557,1,0.998430141287284,0.00310077519379845,0.312401883830455,1,1,0.307692307692308,1,1,0.29559748427673,0.348367029548989,1,1,1,0.507716049382716,0.29393468118196,0.326498422712934,0.305722891566265,0.31055900621118,0.70125786163522,0.310030395136778,0.305379746835443,0.304615384615385,0.250386398763524,0.303317535545024,1,0.306153846153846,0.998432601880878,0.296583850931677,0.0840840840840841,0.049306625577812,1,1,0.0407523510971787,1,0.705972434915773,0.0408805031446541,0.00801282051282051,1,0.693270735524257,1,1,0.548335974643423,1,0,0.0760517799352751,1,1,1,0.313694267515924,0.660237388724036,0.708943089430894,0.993808049535604,1,0.985981308411215,0.292307692307692,0.345425867507886,1,0.28343949044586,1,0.357585139318885,0.109177215189873,0.304012345679012,0.297090352220521,0.321608040201005,1,0.081039755351682,1,1,1,0.267477203647416,0.308426073131955,1,0.30757341576507,1,1,0.294117647058824,1,0.304347826086957,1,0.307931570762053,0.305511811023622,1,0.695102685624013,0.299698795180723,1,0.290271132376396,0.750778816199377,0.295384615384615,0.161189358372457,0.301515151515152,0.759811616954474,0.289099526066351,1,0.303265940902022,0.327217125382263,0.281972265023112,1,1,1,0.971153846153846,0.343949044585987,1,0.306349206349206,1,0.311074918566775,0.298325722983257,1,1,1,0.915756630265211,1,0.291925465838509,0.299847792998478,1,1,0.0477707006369427,0.0800627943485086,1,1,0.298107255520505,1,1,0.29570747217806,1,1,0.695987654320988,0.54601226993865,1,0,1,1,0.104387291981846,0.306976744186047,1,0.311320754716981,0.998412698412698,0.965463108320251,0.998439937597504,0.81733746130031,1,0.320388349514563,1,1,1,0,0.307073954983923,1,1,0.689547581903276,1,0.299212598425197,0.355283307810107,0.306962025316456,1,1,1,0.0906298003072197,0.301261829652997,0.0900473933649289,0.998417721518987,0.296686746987952,0.288401253918495,0.336448598130841,0,1,0.956386292834891,1,1,0.304761904761905,0.287461773700306,0.163009404388715,0.0395569620253165,0.302325581395349,0.299684542586751,0.310664605873261,0,0.297213622291022,1,0,0.302936630602782,1,1,1,0.30030959752322,0.305343511450382,0.0352,1,0.297637795275591,0.295208655332303,1,1,0.306376360808709,0.706467661691542,1,1,0.708920187793427,1,0.294478527607362,1,0.298273155416013,0.542553191489362,0.681470137825421,0.394216133942161,1,0.281155015197568,0.298107255520505,0.696923076923077,0.68,1,0.308868501529052,1,0.30757341576507,1,0.297169811320755,0.291666666666667,0.347758887171561,0.520061728395062,0.301587301587302,0.287758346581876,0.672955974842767,0.30077519379845,0.151612903225806,1,0,1,0.27602523659306,1,0,0.309409888357257,0.300319488817891,1,0.0560606060606061,1,0.0936507936507937,0.323248407643312,1,0.0653188180404355,0.684292379471229,1,1,1,0.288709677419355,0.0380517503805175,1,0.419811320754717,0.0979133226324237,0.341013824884793,0.301684532924962,0.310030395136778,1,1,1,1,1,0.0680786686838124,0.995384615384615,0.700310559006211,0.00150829562594268,0.3078125,1,1,1,1,0.0913312693498452,0.302147239263804,1,1,1,1,1,1,0.503828483920367,0,1,0.0825688073394495,0.305511811023622,0.444790046656299,1,0.382165605095541,0.296900489396411,0.29264475743349,1,0.0401234567901235,0.299531981279251,1,1,0.34887459807074,0.300623052959502,0.301242236024845,0.307814992025518,0.998442367601246,0.307448494453249,0.301829268292683,0.406349206349206,0.300314465408805,0.973926380368098,0.30441400304414,0.0857605177993527,0.313084112149533,0,1,0.0911949685534591,0.296411856474259,0.305900621118012,0.302839116719243,1,1,1,1,1,1,0.313001605136437,1,0.297805642633229,0.296540362438221,0.605304212168487,0.692307692307692,1,1,0,0.299093655589124,0.120500782472613,0.998484848484849,0.0328125,1,1,0.2953125,1,1,0.627575277337559,0.409756097560976,0.99554234769688,0.0825396825396825,0.100313479623824,1,1,1,0.0885093167701863,0,0.304615384615385,0.408385093167702,0.293663060278207,0,0.31629392971246,0.087719298245614,1,1,0.301684532924962,0.301242236024845,0.25,0.327044025157233,0.301223241590214,0.309968847352025,1,1,0.314375987361769,1,0,1,0.231496062992126,1,0.693846153846154,1,0.2921875,0.292527821939587,0.0807453416149068,0.695718654434251,1,1,0.800632911392405,0.893890675241158,0.301261829652997,0.296474358974359,1,0.300314465408805,0.266982622432859,0.307073954983923,1,0.105180533751962,1,1,0.297674418604651,0.698564593301435,0.295774647887324,1,1,0.28902627511592,0.297380585516179,0.304747320061256,0.848580441640379,0.303514376996805,1,0.0582822085889571,1,1,0.710122699386503,0.667189952904239,0.3088,0.0579937304075235,0.303459119496855,1,1,0.290679304897314,0.312893081761006,0.623255813953488,1,0.294656488549618,0.368663594470046,0.299694189602446,0.98755832037325,0.488853503184713,0,0.287925696594427,0.301684532924962,0.311424100156495,0.298387096774194,0.297709923664122,0.981566820276498,1,0.301242236024845,0.56661316211878,0.697305863708399,0.251956181533646,0.700980392156863,1,0.304147465437788,0.00159235668789809,0.315789473684211,0.294573643410853,0.365325077399381,0.309636650868878,0,0.315384615384615,0.298722044728434,0.310509554140127,0.298273155416013
"221",1,1,1,1,1,1,0.705400981996727,1,1,0.0920840064620355,1,0.0427215189873418,0.817034700315457,1,0.3056,0.30064308681672,0.0612244897959184,0.696666666666667,1,1,0.2896,0.3042071197411,1,0.151799687010955,1,0.324409448818898,0.312703583061889,1,1,0.78743961352657,0.301412872841444,0.73208722741433,0.966613672496025,0.31139646869984,0,1,0.546325878594249,1,0.292834890965732,1,0.666134185303514,0.682464454976303,0.69922480620155,1,1,0.310064935064935,0.299019607843137,0.304821150855365,0.313364055299539,0.321928460342146,0,1,0.306853582554517,1,1,0.5,0.570731707317073,1,1,1,0.32182103610675,0.309791332263242,0.304838709677419,0.684126984126984,1,1,0.0349206349206349,1,0.0543478260869565,0.3140625,1,0.318541996830428,0.322950819672131,0.962722852512156,0.519809825673534,1,0.305993690851735,0.332810047095761,1,0.307941653160454,0.0838815789473684,0.319488817891374,0.318840579710145,1,0.338072669826224,1,1,1,1,0.698738170347003,1,1,0.0015625,0.102848101265823,1,0.0438871473354232,0,1,0.568627450980392,0.680645161290323,1,0.0480769230769231,0.308661417322835,1,0.304975922953451,1,0.687106918238994,1,0.311793214862682,0.315047021943574,0.306122448979592,1,0.31687898089172,1,0.492260061919505,1,0.308777429467085,0.296703296703297,0.321538461538462,0.317307692307692,0.484126984126984,0.998427672955975,0.31875,0.303425774877651,1,0.300787401574803,1,1,0.32753164556962,0.539877300613497,1,0.315457413249211,1,0.037593984962406,1,0.315217391304348,0.678516228748068,0.325914149443561,0.93522906793049,0.422697368421053,0.0988835725677831,0.0916271721958926,1,1,0.326433121019108,1,0.313664596273292,1,0.811912225705329,1,0.316045380875203,1,1,1,1,0.328548644338118,1,0.317535545023697,0.256692913385827,1,0.301391035548686,1,0.298107255520505,0.0836012861736334,1,0.308186195826645,1,1,1,0.328100470957614,1,0.327922077922078,1,0.301765650080257,1,0.309061488673139,0.0729001584786054,1,0.65016501650165,1,1,0.309562398703404,1,1,1,1,0.32484076433121,0.306729264475743,1,0.998435054773083,0.312989045383412,0.302100161550889,1,0.45253164556962,0.674884437596302,0,0.3125,0.676145339652449,1,0.319875776397516,1,0.998435054773083,1,0.311111111111111,0.317411402157165,0.315789473684211,1,1,1,0,1,0.304625199362041,0.971608832807571,0.324921135646688,0.302547770700637,0.743710691823899,1,1,1,1,1,0.0412044374009509,0.311501597444089,0.323854660347551,1,0.682389937106918,1,1,0.998402555910543,0.998439937597504,1,1,0.00315457413249211,0.32182103610675,1,0.305466237942122,1,0.293460925039872,1,1,1,1,1,0.320063694267516,1,0.505728314238953,0.322222222222222,0.31937984496124,0.306055646481178,0.313001605136437,0.323151125401929,0.418679549114332,0.332810047095761,0.316614420062696,0.299524564183835,1,0.314375987361769,1,0.687211093990755,0.300632911392405,0.312883435582822,0.322475570032573,1,1,1,0.256735340729002,0.298076923076923,1,0.313408723747981,0.319875776397516,0.3072,0.314873417721519,0.686591276252019,1,0.319875776397516,0.306836248012719,1,0.298701298701299,1,0.313084112149533,0.310015898251192,1,1,1,0.543689320388349,1,0.691573926868045,0.0802469135802469,0.317034700315457,1,1,0.0940988835725678,0.322378716744914,0.328478964401294,1,1,0.294670846394984,0.021978021978022,0.00158982511923688,1,1,0.3359375,0.998402555910543,1,0.301261829652997,1,1,0.312202852614897,1,1,1,1,0.317307692307692,0.304615384615385,0.329508196721311,1,1,0.674603174603175,0.31378763866878,1,0.315301391035549,0.2896,1,1,0.9984375,1,1,0.323343848580442,1,1,0.101472995090016,0.326120556414219,0.487341772151899,0.2992,0.676848874598071,0.312893081761006,1,0.311897106109325,0.32475884244373,0.253894080996885,0.311526479750779,1,0.32262996941896,1,1,1,0.301587301587302,0.314728682170543,0.998432601880878,0.928455284552846,0.0629032258064516,1,0.307814992025518,0.309951060358891,0.300476947535771,1,0.31924882629108,0.468152866242038,0.31637519872814,0.299843014128728,0.308562197092084,0.303370786516854,1,0.319935691318328,1,1,0,1,0.317965023847377,1,1,1,0.327390599675851,1,0.299352750809061,1,0.84310618066561,1,1,1,0.307086614173228,1,1,0.307210031347962,0.306946688206785,1,1,0.306962025316456,0.184952978056426,1,0.998425196850394,1,0,0.305958132045089,1,0.302215189873418,0.251592356687898,1,0.68062015503876,0.418856259659969,1,1,0.680981595092024,0.711111111111111,0.346031746031746,1,0.310509554140127,1,1,0.328525641025641,1,0.998394863563403,0.00643086816720257,0.318611987381703,1,1,0.317589576547231,1,1,0.299674267100977,0.327586206896552,1,1,1,0.535885167464115,0.307692307692308,0.334935897435897,0.31570996978852,0.324324324324324,0.688995215311005,0.327102803738318,0.33015873015873,0.306376360808709,0.239302694136292,0.3184,1,0.318681318681319,0.998387096774194,0.30564263322884,0.08,0.0485133020344288,1,1,0.0351437699680511,1,0.687402799377916,0.0409448818897638,0.0113821138211382,1,0.682108626198083,1,1,0.543548387096774,1,0,0.0724876441515651,1,1,1,0.31629392971246,0.656534954407295,0.697829716193656,0.993670886075949,1,0.982594936708861,0.300940438871473,0.340288924558588,1,0.296900489396411,1,0.36,0.103059581320451,0.30625,0.318611987381703,0.325463743676223,1,0.0737833594976452,1,1,1,0.260663507109005,0.316129032258064,1,0.312,1,1,0.30829420970266,1,0.316030534351145,1,0.3104,0.31687898089172,1,0.687898089171974,0.310185185185185,1,0.310177705977383,0.772511848341232,0.311627906976744,0.164319248826291,0.323170731707317,0.784126984126984,0.306320907617504,1,0.312302839116719,0.333333333333333,0.288401253918495,1,1,1,0.973898858075041,0.342532467532468,1,0.309677419354839,1,0.306666666666667,0.311627906976744,1,1,1,0.927099841521395,1,0.305772230889236,0.312401883830455,1,1,0.0488599348534202,0.0775444264943457,1,1,0.306946688206785,1,1,0.308544303797468,1,1,0.693877551020408,0.542901716068643,1,0,1,1,0.0930599369085174,0.325434439178515,1,0.314102564102564,0.998412698412698,0.96656050955414,0.998430141287284,0.832049306625578,1,0.318481848184819,1,1,1,0,0.303839732888147,1,1,0.67515923566879,1,0.310452418096724,0.350793650793651,0.313971742543171,1,1,1,0.0894819466248038,0.318327974276527,0.0846905537459283,0.998394863563403,0.30625,0.300314465408805,0.341772151898734,0,1,0.960380348652932,1,1,0.32300163132137,0.301075268817204,0.163961038961039,0.0377952755905512,0.318327974276527,0.305111821086262,0.322378716744914,0.00162866449511401,0.300155520995334,1,0,0.314728682170543,1,1,1,0.312698412698413,0.317683881064163,0.0360655737704918,1,0.314606741573034,0.303265940902022,1,1,0.309006211180124,0.697520661157025,1,1,0.694174757281553,1,0.299065420560748,1,0.317666126418152,0.530805687203792,0.6796875,0.399082568807339,1,0.29984544049459,0.320126782884311,0.678740157480315,0.667185069984448,1,0.319182389937107,1,0.314553990610329,1,0.306122448979592,0.304487179487179,0.343307086614173,0.522508038585209,0.311582381729201,0.303571428571429,0.671474358974359,0.310769230769231,0.149108589951378,1,0,1,0.294871794871795,1,0,0.314785373608903,0.308306709265176,1,0.055045871559633,1,0.0824088748019017,0.340288924558588,1,0.0600315955766193,0.6816,1,1,1,0.313628899835796,0.0338461538461538,1,0.416129032258065,0.0920840064620355,0.348909657320872,0.317891373801917,0.318461538461538,1,1,1,1,1,0.0597243491577335,0.996875,0.6921875,0.00303030303030303,0.315789473684211,1,1,1,1,0.0850393700787402,0.30829420970266,1,1,1,1,1,1,0.492283950617284,0.00161550888529887,1,0.0783410138248848,0.310126582278481,0.436018957345972,1,0.384370015948963,0.300653594771242,0.299363057324841,1,0.0375586854460094,0.31104199066874,1,1,0.365971107544141,0.303459119496855,0.307086614173228,0.318840579710145,0.998427672955975,0.318840579710145,0.311811023622047,0.405448717948718,0.310789049919485,0.97626582278481,0.308282208588957,0.0821018062397373,0.3152,0,1,0.0894568690095847,0.301612903225806,0.317384370015949,0.315447154471545,1,1,1,1,1,1,0.32,1,0.314606741573034,0.314091680814941,0.603503184713376,0.678972712680578,1,1,0,0.309341500765697,0.116987179487179,0.998447204968944,0.0332805071315372,1,1,0.304278922345483,1,1,0.62200956937799,0.411475409836066,0.996941896024465,0.0831973898858075,0.0940988835725678,1,1,1,0.0909090909090909,0,0.309486780715397,0.410742496050553,0.3140625,0,0.320574162679426,0.0840064620355412,1,1,0.318952234206472,0.317610062893082,0.241157556270096,0.326923076923077,0.313755795981453,0.318681318681319,1,1,0.321895424836601,1,0,1,0.2224,1,0.678288431061807,1,0.306709265175719,0.300986842105263,0.0763116057233704,0.685358255451713,1,1,0.788976377952756,0.893203883495146,0.319488817891374,0.31378763866878,1,0.311501597444089,0.258730158730159,0.315112540192926,1,0.098256735340729,1,1,0.315955766192733,0.687296416938111,0.302884615384615,1,1,0.306962025316456,0.305511811023622,0.31104199066874,0.862459546925566,0.305691056910569,1,0.0554675118858954,1,1,0.700949367088608,0.662440570522979,0.321782178217822,0.0532915360501567,0.3216,1,1,0.304625199362041,0.330658105939005,0.627725856697819,1,0.311827956989247,0.361669242658423,0.299843014128728,0.984326018808777,0.476345840130506,0.00315457413249211,0.299373040752351,0.31832298136646,0.318979266347687,0.310457516339869,0.315301391035549,0.973101265822785,1,0.308777429467085,0.550653594771242,0.685393258426966,0.234741784037559,0.701812191103789,1,0.329617834394904,0.00161550888529887,0.316957210776545,0.311526479750779,0.359177215189873,0.3168,0,0.3234375,0.316720257234727,0.3136,0.314873417721519
"222",0.0497592295345104,0.0461783439490446,0.0412044374009509,0.0442338072669826,0.0440944881889764,0.04858934169279,0.333333333333333,0.0462519936204147,0.046801872074883,0.946341463414634,0.0410334346504559,1,0.141945773524721,0.0453125,0.645007923930269,0.652647975077882,0.979938271604938,0.353996737357259,0.0443740095087163,0.0444444444444444,0.669303797468354,0.655948553054662,0.0476923076923077,0.899843505477308,0.0493827160493827,0.636505460218409,0.638263665594855,0.0447284345047923,0.0489296636085627,0.169303797468354,0.653435114503817,0.21996879875195,0.0297805642633229,0.648522550544324,0.963949843260188,0.0474631751227496,0.513260530421217,0.0417956656346749,0.659021406727829,0.0473282442748092,0.371248025276461,0.358814352574103,0.346687211093991,0.0423861852433281,0.0477707006369427,0.641269841269841,0.6496,0.655864197530864,0.642857142857143,0.634408602150538,0.961059190031153,0.043338683788122,0.649068322981366,0.0453125,0.0527131782945736,0.451664025356577,0.492138364779874,0.0424528301886792,0.0463678516228748,0.0447284345047923,0.632307692307692,0.642072213500785,0.644549763033175,0.365231259968102,0.0499194847020934,0.0498442367601246,0.998432601880878,0.0456692913385827,0.980273141122914,0.637209302325581,0.0422535211267606,0.646781789638933,0.633440514469453,0.0782747603833866,0.538940809968847,0.0449101796407186,0.654263565891473,0.628834355828221,0.044822256568779,0.639477977161501,0.947626841243863,0.635499207606973,0.638801261829653,0.0420560747663551,0.62754303599374,0.0408472012102874,0.0441640378548896,0.0463678516228748,0.0409448818897638,0.349768875192604,0.0507131537242472,0.0395136778115502,0.960876369327074,0.943251533742331,0.037156704361874,0.998468606431853,0.957345971563981,0.0435458786936236,0.488562091503268,0.358642972536349,0.0416024653312789,0.984177215189873,0.655332302936631,0.0484652665589661,0.651017214397496,0.0440944881889764,0.352664576802508,0.0432766615146832,0.644444444444444,0.641065830721003,0.641304347826087,0.0482115085536547,0.636932707355243,0.043956043956044,0.559090909090909,0.0468277945619335,0.640502354788069,0.746913580246914,0.638167938931298,0.64375,0.564742589703588,0.0496124031007752,0.648233486943164,0.637958532695375,0.0386996904024768,0.65990639625585,0.0421052631578947,0.0473282442748092,0.726134585289515,0.507668711656442,0.0429936305732484,0.650393700787402,0.0419354838709677,1,0.0376432078559738,0.653846153846154,0.36687306501548,0.636505460218409,0.021875,0.61437908496732,0.947784810126582,0.948356807511737,0.0486656200941915,0.0434083601286174,0.638230647709321,0.037914691943128,0.640791476407915,0.0444444444444444,0.145061728395062,0.0491551459293395,0.644122383252818,0.0424528301886792,0.0476190476190476,0.0432692307692308,0.0410742496050553,0.637658227848101,0.0496124031007752,0.630744849445325,0.7859375,0.0450310559006211,0.65015479876161,0.0474006116207951,0.655660377358491,0.9632,0.0379746835443038,0.638977635782748,0.0504731861198738,0.0461538461538462,0.0501567398119122,0.632621951219512,0.0453834115805947,0.633440514469453,0.0467741935483871,0.646687697160883,0.0490998363338789,0.647527910685805,0.965732087227414,0.04858934169279,0.400641025641026,0.0464,0.0455974842767296,0.650159744408946,0.0411392405063291,0.0364500792393027,0.0403100775193798,0.0440944881889764,0.636655948553055,0.656786271450858,0.0465489566613162,0.0438871473354232,0.644067796610169,0.665610142630745,0.0432098765432099,0.60093896713615,0.379154078549849,0.954616588419405,0.648351648351648,0.378335949764521,0.0417310664605873,0.6421875,0.0434083601286174,0.0447530864197531,0.0454545454545455,0.647058823529412,0.646058732612056,0.63768115942029,0.0453172205438066,0.0397456279809221,0.0388802488335925,0.960380348652932,0.0443740095087163,0.656549520766773,0.0140625,0.640575079872205,0.649691358024691,0.305511811023622,0.0422535211267606,0.0496894409937888,0.0408163265306122,0.0436817472698908,0.0412044374009509,1,0.640699523052464,0.63482280431433,0.0445468509984639,0.358346094946401,0.0479134466769706,0.0515933232169954,0.04858934169279,0.0462962962962963,0.0410742496050553,0.047040971168437,0.954113924050633,0.737404580152672,0.0454545454545455,0.647909967845659,0.0429936305732484,0.658346333853354,0.0398162327718224,0.0406885758998435,0.0376766091051805,0.0432692307692308,0.0481540930979133,0.646129541864139,0.0458015267175573,0.430842607313196,0.634222919937206,0.638036809815951,0.646781789638933,0.640822784810127,0.633279483037157,0.630818619582664,0.62754303599374,0.64576802507837,0.646781789638933,0.048411497730711,0.647058823529412,0.0396694214876033,0.346687211093991,0.632237871674491,0.744648318042814,0.635499207606973,0.0500807754442649,0.0399361022364217,0.0438184663536776,0.789719626168224,0.653418124006359,0.0415384615384615,0.634028892455859,0.640672782874618,0.65086887835703,0.634222919937206,0.351648351648352,0.0431309904153355,0.643192488262911,0.650717703349282,0.0469483568075117,0.667205169628433,0.046656298600311,0.645705521472393,0.658307210031348,0.0435458786936236,0.0445151033386327,0.0455259026687598,0.514866979655712,0.0452418096723869,0.359497645211931,0.956390977443609,0.634493670886076,0.0431432973805855,0.0414673046251994,0.951937984496124,0.641955835962145,0.63884430176565,0.032626427406199,0.0446570972886762,0.6484375,0.98468606431853,0.957345971563981,0.0497592295345104,0.0417335473515249,0.634674922600619,0.0474683544303797,0.0475460122699387,0.653726708074534,0.0455259026687598,0.0475460122699387,0.644067796610169,0.0449438202247191,0.0434108527131783,0.0504731861198738,0.043613707165109,0.636363636363636,0.655487804878049,0.637096774193548,0.0487421383647799,0.05229793977813,0.36687306501548,0.636650868878357,0.0471698113207547,0.646417445482866,0.661993769470405,0.0427480916030534,0.0415384615384615,0.0429936305732484,0.0453125,0.0451713395638629,0.637071651090343,0.0511182108626198,0.0507131537242472,0.9376,0.632465543644717,0.553429027113238,0.659810126582278,0.365506329113924,0.639498432601881,0.0393939393939394,0.643642072213501,0.624801271860095,0.786377708978328,0.648818897637795,0.0384,0.638846737481032,0.0507131537242472,0.046031746031746,0.0463678516228748,0.647244094488189,0.645705521472393,0.0373250388802488,0.0355411954765751,0.985668789808917,0.0489731437598736,0.649532710280374,0.637958532695375,0.657051282051282,0.0402576489533011,0.635658914728682,0.579277864992151,0.626356589147287,0.650546021840874,0.647435897435897,0.647335423197492,0.0403100775193798,0.641955835962145,0.0407830342577488,0.0391849529780564,0.956589147286822,0.0512820512820513,0.644654088050314,0.0495356037151703,0.0448916408668731,0.0418006430868167,0.641838351822504,0.0428790199081164,0.642628205128205,0.047040971168437,0.117103235747304,0.04858934169279,0.0495207667731629,0.0461538461538462,0.651632970451011,0.0368,0.0457413249211356,0.651017214397496,0.648818897637795,0.0390015600624025,0.0427215189873418,0.645569620253165,0.858231707317073,0.045016077170418,0.0408163265306122,0.0484375,0.95440251572327,0.649038461538462,0.0421393841166937,0.653312788906009,0.8,0.042654028436019,0.3515625,0.515290519877676,0.0444444444444444,0.0438184663536776,0.360119047619048,0.330721003134796,0.622291021671827,0.0406885758998435,0.644757433489828,0.0470957613814757,0.0439739413680782,0.634069400630915,0.0405616224648986,0.042654028436019,0.966824644549763,0.635367762128325,0.0473186119873817,0.0443037974683544,0.631160572337043,0.046801872074883,0.0443037974683544,0.646869983948636,0.714733542319749,0.0428571428571429,0.043613707165109,0.0392464678178964,0.418461538461538,0.653250773993808,0.657770800627943,0.641255605381166,0.633956386292835,0.346031746031746,0.636363636363636,0.63182527301092,0.649149922720247,0.800314465408805,0.640901771336554,0.0445468509984639,0.635114503816794,0.0485133020344288,0.654907975460123,0.954476479514416,0.993855606758833,0.0492307692307692,0.0470219435736677,1,0.0353697749196141,0.348765432098765,1,0.968847352024922,0.0442073170731707,0.35981308411215,0.0458135860979463,0.0473186119873817,0.507177033492823,0.0416666666666667,0.957943925233645,0.9648,0.0416,0.0450310559006211,0.0482115085536547,0.641955835962145,0.397608370702541,0.348111658456486,0.0607476635514019,0.0391236306729265,0.0216049382716049,0.652713178294574,0.711598746081505,0.0514018691588785,0.658227848101266,0.0419254658385093,0.591772151898734,0.943729903536977,0.657728706624606,0.647779479326187,0.623115577889447,0.0430769230769231,0.962848297213622,0.0535168195718654,0.0453074433656958,0.0449612403100775,0.787365177195686,0.642969984202212,0.0522151898734177,0.645669291338583,0.0461783439490446,0.043338683788122,0.653786707882535,0.0410742496050553,0.643939393939394,0.0445859872611465,0.653418124006359,0.639937106918239,0.0421875,0.357371794871795,0.645259938837921,0.0440251572327044,0.651685393258427,0.197160883280757,0.650306748466258,0.890769230769231,0.642642642642643,0.187697160883281,0.658105939004815,0.0526315789473684,0.634375,0.618098159509202,0.665109034267913,0.0485133020344288,0.0402576489533011,0.0414110429447853,0.00969305331179321,0.701612903225806,0.0450310559006211,0.6336,0.043613707165109,0.647154471544715,0.647692307692308,0.046656298600311,0.0444444444444444,0.0385802469135802,0.0436817472698908,0.0428790199081164,0.652241112828439,0.643185298621746,0.0374414976599064,0.0380348652931854,0.990415335463259,0.952978056426332,0.0441640378548896,0.0494417862838915,0.6496,0.0500782472613459,0.0474732006125574,0.657187993680885,0.0507131537242472,0.0502354788069074,0.365054602184087,0.505343511450382,0.0362204724409449,0.961077844311377,0.045958795562599,0.050314465408805,0.94969512195122,0.64251968503937,0.0463258785942492,0.6359375,0.0422535211267606,0.00782472613458529,0.0458135860979463,0.12788906009245,0.0455259026687598,0.639291465378422,0.0418604651162791,0.0398089171974522,0.0429936305732484,0.955521472392638,0.650819672131148,0.0392156862745098,0.0524691358024691,0.365203761755486,0.0493827160493827,0.649532710280374,0.597222222222222,0.641955835962145,0.0393081761006289,0.0435458786936236,0.0473186119873817,0.949771689497717,0.640322580645161,0.953968253968254,0.0401284109149278,0.656441717791411,0.660990712074303,0.6140625,0.96031746031746,0.0380348652931854,0.00465116279069767,0.0481366459627329,0.0451713395638629,0.636942675159236,0.658423493044822,0.888024883359253,1,0.642857142857143,0.644654088050314,0.633281972265023,0.967793880837359,0.643302180685358,0.0399385560675883,0.953198127925117,0.645357686453577,0.0477657935285054,0.0501567398119122,0.0438871473354232,0.642414860681115,0.647865853658537,1,0.0386398763523957,0.649842271293375,0.658950617283951,0.0432766615146832,0.0525502318392581,0.642745709828393,0.333876221498371,0.042654028436019,0.0470957613814757,0.334928229665072,0.043010752688172,0.655864197530864,0.0410742496050553,0.64968152866242,0.523956723338485,0.37403400309119,0.637614678899083,0.0406885758998435,0.657975460122699,0.647149460708783,0.358578052550232,0.371340523882897,0.0390625,0.638065522620905,0.0411392405063291,0.644716692189893,0.0380348652931854,0.6352,0.647527910685805,0.609717868338558,0.535603715170279,0.636220472440945,0.650563607085346,0.3640625,0.637770897832817,0.901315789473684,0.0362204724409449,0.957878315132605,0.0464396284829721,0.660287081339713,0.0458860759493671,0.962558502340094,0.644094488188976,0.647819063004846,0.0484652665589661,0.987841945288754,0.0453125,0.952380952380952,0.626602564102564,0.0424528301886792,0.979495268138801,0.3703125,0.0440251572327044,0.0453125,0.0448916408668731,0.661788617886179,1,0.044822256568779,0.517405063291139,0.949675324675325,0.604651162790698,0.64451313755796,0.63969465648855,0.0456692913385827,0.0273311897106109,0.0492845786963434,0.0417956656346749,0.0387596899224806,0.978658536585366,0.0531914893617021,0.352664576802508,0.957894736842105,0.635658914728682,0.048062015503876,0.0473933649289099,0.038961038961039,0.0393939393939394,0.955696202531646,0.639876352395672,0.035548686244204,0.0399361022364217,0.0388978930307942,0.0445859872611465,0.0447530864197531,0.048,0.561832061068702,0.971473851030111,0.0414673046251994,0.963076923076923,0.649532710280374,0.612244897959184,0.0442338072669826,0.569131832797428,0.653721682847896,0.657276995305164,0.0478395061728395,1,0.644757433489828,0.0388198757763975,0.0470219435736677,0.5936,0.64797507788162,0.659305993690852,0.646592709984152,0.0356589147286822,0.637380191693291,0.644409937888199,0.631410256410256,0.64622641509434,0.00463678516228748,0.649390243902439,0.957278481012658,0.634796238244514,0.961479198767334,0.0475435816164818,0.955625990491284,0.660883280757098,0.632492113564669,0.655007949125596,0.0373250388802488,0.0440251572327044,0.0452342487883683,0.0498442367601246,0.0421393841166937,0.0479233226837061,0.639240506329114,0.0432098765432099,0.643987341772152,0.639669421487603,0.446319018404908,0.355305466237942,0.04375,0.0478395061728395,0.956521739130435,0.644171779141104,0.929133858267717,0.0353302611367127,1,0.0440251572327044,0.0388978930307942,0.643659711075441,0.0453834115805947,0.0445544554455446,0.417721518987342,0.62258064516129,0.05,0.9536,0.948275862068966,0.0459418070444104,0.0431309904153355,0.0421216848673947,0.952681388012618,0.959375,0.642201834862385,0.528951486697966,0.643518518518518,0.953703703703704,0.630331753554502,0.959935897435897,0.0481366459627329,0.0492063492063492,0.653312788906009,0.64031007751938,0.803125,0.63258785942492,0.651162790697674,0.644200626959248,0.0458135860979463,0.0390015600624025,0.640699523052464,0.047112462006079,0.962674961119751,0.0361067503924647,0.828298887122417,0.0457413249211356,0.363777089783282,0.0462249614791988,0.649068322981366,0.652448657187994,0.964341085271318,0.357142857142857,0.0425867507886435,0.0427892234548336,0.2464,0.158833063209076,0.640822784810127,0.646592709984152,0.0434782608695652,0.646592709984152,0.786729857819905,0.645367412140575,0.0498489425981873,0.947122861586314,0.0475435816164818,0.0442338072669826,0.644859813084112,0.369009584664537,0.65149136577708,0.0419354838709677,0.0397456279809221,0.656394453004623,0.654516640253566,0.645061728395062,0.209003215434084,0.647619047619048,0.0474683544303797,0.983076923076923,0.0517241379310345,0.0403225806451613,0.344287949921753,0.397196261682243,0.640194489465154,0.990726429675425,0.643081761006289,0.0404354587869362,0.037037037037037,0.654516640253566,0.643081761006289,0.4265625,0.0420560747663551,0.655913978494624,0.681114551083591,0.653666146645866,0.0657492354740061,0.575079872204473,0.962558502340094,0.65284178187404,0.633846153846154,0.642857142857143,0.64573268921095,0.647865853658537,0.0717557251908397,0.0473933649289099,0.655763239875389,0.51373182552504,0.357710651828299,0.803100775193798,0.35609756097561,0.0313971742543171,0.64018691588785,0.955905511811024,0.628705148205928,0.654743390357698,0.671826625386997,0.640449438202247,0.964006259780908,0.633693972179289,0.642512077294686,0.640253565768621,0.641509433962264
"223",0.30016051364366,0.305732484076433,0.307814992025518,0.324324324324324,0.312302839116719,0.3088,0.0113452188006483,0.317610062893082,0.316535433070866,0.569105691056911,0.308544303797468,0.640822784810127,0.528753993610224,0.322784810126582,1,1,0.61214953271028,0,0.3296,0.302839116719243,1,1,0.317111459968603,0.507911392405063,0.305295950155763,1,1,0.329489291598023,0.309090909090909,0.530744336569579,1,0.590342679127726,0.360374414976599,0.996805111821086,0.669329073482428,0.307308970099668,0.138801261829653,0.316279069767442,1,0.303738317757009,0.00314465408805031,0,0,0.319488817891374,0.308562197092084,1,0.993548387096774,1,1,1,0.693877551020408,0.322528363047002,1,0.319047619047619,0.311912225705329,0.824959481361426,0.126602564102564,0.3125,0.318110236220472,0.323343848580442,0.992260061919505,1,1,0.00483870967741936,0.311688311688312,0.320433436532508,0.652733118971061,0.315873015873016,0.609494640122512,1,0.317965023847377,1,1,0.281967213114754,0.1546875,0.317972350230415,1,0.995341614906832,0.3125,1,0.600969305331179,1,1,0.319314641744548,1,0.324200913242009,0.308943089430894,0.322784810126582,0.315286624203822,0,0.31687898089172,0.327718223583461,0.688783570300158,0.584786053882726,0.306451612903226,0.638230647709321,0.68075117370892,0.312989045383412,0.12379421221865,0,0.300623052959502,0.612540192926045,1,0.312091503267974,1,0.316211878009631,0,0.320126782884311,1,1,1,0.305246422893482,0.9953125,0.32807570977918,0.200920245398773,0.308411214953271,1,0.367029548989114,1,1,0.199052132701422,0.3072,1,1,0.325396825396825,1,0.322916666666667,0.3109375,0.35828025477707,0.76,0.320907617504052,1,0.329073482428115,0.633435582822086,0.321428571428571,1,0.0015600624024961,1,0.375796178343949,0.880258899676375,0.577287066246057,0.593354430379747,0.318471337579618,0.317073170731707,1,0.313664596273292,1,0.3046875,0.507064364207221,0.313755795981453,1,0.301261829652997,0.308544303797468,0.317230273752013,0.3125,1,0.304140127388535,1,0.4203125,0.3171875,1,0.321044546850998,1,0.5952,0.313001605136437,1,0.322834645669291,0.3046875,0.322834645669291,0.987480438184664,0.319488817891374,1,0.319488817891374,1,0.314935064935065,1,0.588328075709779,0.29595015576324,0.0328407224958949,0.291935483870968,0.310832025117739,1,0.298578199052133,0.313084112149533,0.312989045383412,0.323343848580442,1,1,0.311582381729201,0.325914149443561,1,1,0.315625,0.228346456692913,0.0196671709531014,0.688783570300158,1,0.00314465408805031,0.313271604938272,1,0.314696485623003,0.306748466257669,0.314465408805031,0.99685534591195,1,1,0.317073170731707,0.3104,0.3109375,0.687196110210697,0.302215189873418,1,0.341232227488152,1,1,0.445497630331754,0.3264,0.313084112149533,0.319182389937107,0.3046875,0.311501597444089,0.640699523052464,1,1,0.309636650868878,0.00313479623824451,0.321428571428571,0.311145510835913,0.32484076433121,0.300787401574803,0.300314465408805,0.312883435582822,0.701421800947867,0.364615384615385,0.304212168486739,1,0.320574162679426,1,0.308411214953271,0.3088,0.307692307692308,0.33605220228385,0.312703583061889,1,0.320872274143302,0.810126582278481,1,1,0.996779388083736,1,1,0.89171974522293,1,1,1,0.3140625,1,0.316393442622951,0,1,0.372488408037094,1,0.32,0.314553990610329,0.307692307692308,0.410828025477707,1,0.326053042121685,1,1,1,1,0,0.317152103559871,1,1,0.325471698113208,1,0.320251177394035,1,1,0.308426073131955,0.32475884244373,0.303459119496855,0.151273885350318,0.324237560192616,0,0.590839694656489,1,0.315541601255887,0.312,0.577223088923557,1,1,0.321311475409836,0.320574162679426,1,0.65527950310559,0.69951534733441,0.304625199362041,0.314754098360656,0.992307692307692,0.327044025157233,0.303680981595092,1,0.310618066561014,0.305164319248826,1,0.302066772655008,0.313291139240506,0.314785373608903,0.316535433070866,1,1,1,0.30379746835443,0.323809523809524,0.00778816199376947,0.993660855784469,0.3264,1,1,0.307453416149068,0.322834645669291,0.302362204724409,0.304625199362041,0.31055900621118,1,0.299837925445705,0.310618066561014,0.567043618739903,1,0.829383886255924,1,0,1,0.320433436532508,1,1,0.412772585669782,0.998444790046656,0.315619967793881,1,0.302694136291601,0.303514376996805,0.318110236220472,1,1,0.322884012539185,0.405228758169935,0.613418530351438,0.297906602254428,1,1,1,0.319488817891374,1,0.193396226415094,1,1,1,1,0.32967032967033,1,0.31219512195122,0.324281150159744,0.674603174603175,0.305466237942122,1,0.31201248049922,0.316279069767442,0.311183144246353,1,0.302611367127496,1,0.318318318318318,0.479623824451411,0.321875,0.314424635332253,0.310126582278481,1,0.316129032258064,0.298887122416534,1,1,0.320251177394035,0.316455696202532,1,0.4625,0.310965630114566,0.328149300155521,0.331269349845201,0.683881064162754,1,0.291734197730956,1,0.408653846153846,0.298076923076923,0,0.889751552795031,0.313504823151125,0.3104,0,0.0316455696202532,0.980830670926518,0.313880126182965,1,0.309294871794872,0.31637519872814,1,0.315541601255887,0.314194577352472,0.670347003154574,1,0.311605723370429,0.314606741573034,1,0.312989045383412,0.304487179487179,1,0.336463223787167,0.304487179487179,0.3171875,0.323390894819466,0.811410459587956,1,0.976228209191759,1,1,0.00161030595813205,1,0.996820349761526,1,0.4185303514377,0.996789727126806,0.315301391035549,0.996941896024465,0.324367088607595,0.996840442338073,0.602150537634409,0.630368098159509,0.306603773584906,0.319314641744548,0.633228840125392,0.315533980582524,0,0.629392971246006,0.676190476190476,0.314641744548287,0.00156985871271586,0.304897314375987,0.306027820710974,0.76038338658147,0.319685039370079,0.679626749611198,0.596434359805511,0.315625,0.315870570107858,0.302507836990596,1,0.0286144578313253,0,0.313479623824451,0.3232,0.333855799373041,1,0.33015873015873,0.317683881064163,1,0.307448494453249,0.940809968847352,0.570967741935484,1,1,0.995024875621891,0.31875,0.593798449612403,0.322033898305085,0.31023102310231,0.316037735849057,0.415007656967841,1,0.309904153354633,1,0.313628899835796,0.313628899835796,1,0.320450885668277,1,0.323763955342903,1,1,0.322222222222222,0,1,0.319685039370079,1,0.554858934169279,1,0.506912442396313,1,0.562101910828026,1,0.312399355877617,1,1,1,0.304761904761905,0.313694267515924,0.3125,0.355737704918033,0.332784184514003,0.304278922345483,1,0.321027287319422,1,1,0.321875,0.314102564102564,0.314241486068111,0.392744479495268,0.31733746130031,1,1,0.32398753894081,0.316211878009631,0.629690048939641,0.593996840442338,0.315372424722662,0.325434439178515,1,0.300940438871473,0.307692307692308,0.993710691823899,0.3,0.310344827586207,0,0.137931034482759,0.315286624203822,0.680981595092024,0.3104,0.314553990610329,0.596923076923077,0.996889580093313,0.306581059390048,1,0.309636650868878,0.349529780564263,0.304347826086957,0.480438184663537,0.310126582278481,1,0.318181818181818,0.316211878009631,0.322061191626409,0.691833590138675,1,0.328,0.311708860759494,0,0.316770186335404,0.998425196850394,0.954828660436137,1,0.309968847352025,0.316535433070866,0.317965023847377,0.58740157480315,1,0.589285714285714,0.330128205128205,1,1,0.965625,0.674641148325359,0.31911532385466,0.359621451104101,0.316037735849057,0.311627906976744,1,1,0.509584664536741,0.627980922098569,1,1,0.998468606431853,0.693679092382496,1,0.324074074074074,0.69047619047619,1,0.317901234567901,0.312599681020734,0.317891373801917,0.996918335901387,1,0.635772357723577,0.317683881064163,1,1,0.323943661971831,0.309968847352025,0.998430141287284,0,0.316720257234727,0.311004784688995,0.00636942675159236,0.314728682170543,1,0.305246422893482,1,0.152173913043478,0,0.894656488549618,0.321086261980831,1,1,0,0.00153139356814701,0.324367088607595,1,0.302439024390244,0.996965098634294,0.302250803858521,1,0.998394863563403,0.960567823343849,0.757575757575758,1,1,0.00478468899521531,1,0.512355848434926,0.327476038338658,0.675425038639876,0.321981424148607,1,0.304278922345483,0.6784,1,1,0.316720257234727,0.616892911010558,0.327613104524181,0.581358609794629,0.97275641025641,0.334384858044164,0.606531881804043,0.0110759493670886,0.309294871794872,0.321316614420063,0.313880126182965,1,0.631578947368421,0.309859154929577,0.894060995184591,0.585089141004862,0.963020030816641,1,1,0.307098765432099,0.330645161290323,0.304347826086957,0.30173775671406,0.314152410575428,0.613496932515337,0.303543913713405,0,0.680241327300151,0.998425196850394,0.325984251968504,0.299840510366826,0.310965630114566,0.321428571428571,0.602825745682888,1,0.323664122137405,0.335974643423138,0.329563812600969,0.326530612244898,0.308049535603715,0.307936507936508,0.19188767550702,0.677884615384615,0.310897435897436,0.596006144393241,1,0.228706624605678,0.312202852614897,0.919484702093398,1,1,0.306836248012719,0.636932707355243,1,0.314152410575428,0.299840510366826,0.954838709677419,1,1,0.996726677577741,0.310452418096724,1,1,0.891025641025641,1,0.348031496062992,1,0.591276252019386,1,0.676100628930818,0.310509554140127,0.5952,1,1,0.990430622009569,0.311145510835913,0.323943661971831,0.324149108589951,0.314641744548287,0.323529411764706,0.317384370015949,0.980769230769231,0.311728395061728,1,1,0.7,0,0.313664596273292,0.313935681470138,0.672360248447205,1,0.56031746031746,0.326053042121685,0.640699523052464,0.313880126182965,0.317230273752013,1,0.308306709265176,0.312803889789303,0.684210526315789,0.897893030794165,0.321752265861027,0.6,0.574638844301766,0.31832298136646,0.324281150159744,0.302694136291601,0.591125198098257,0.68062015503876,1,0.894654088050314,1,0.671232876712329,0.9968,0.583468395461912,0.315132605304212,0.327476038338658,1,1,0.429252782193959,0.993650793650794,0.998447204968944,1,0.317891373801917,0.323943661971831,1,0.314759036144578,0.685099846390169,0.325320512820513,0.447452229299363,0.2992,0,0.306729264475743,1,1,0.595611285266458,0.0015600624024961,0.325471698113208,0.317034700315457,0.0998415213946117,0.417207792207792,1,1,0.3109375,1,0.402843601895735,1,0.329268292682927,0.585557299843014,0.322327044025157,0.305825242718447,1,0,1,0.297734627831715,0.319620253164557,1,1,1,0.443017656500803,1,0.32018927444795,0.615740740740741,0.323248407643312,0.323481116584565,0.0015600624024961,0.0428571428571429,1,0.621283255086072,1,0.31911532385466,0.326765188834154,1,1,0.163522012578616,0.306477093206951,1,0.893416927899687,1,0.31104199066874,0.196485623003195,0.673469387755102,1,1,1,1,1,0.285491419656786,0.304897314375987,1,0.116504854368932,0.00159235668789809,0.436817472698908,0,0.317307692307692,1,0.678972712680578,1,1,0.881987577639752,1,0.686520376175549,1,1,1,1
"224",0.308306709265176,0.315870570107858,0.311248073959938,0.333333333333333,0.317757009345794,0.317757009345794,0.0126382306477093,0.32807570977918,0.32258064516129,0.573899371069182,0.324200913242009,0.63182527301092,0.511737089201878,0.325545171339564,1,1,0.606060606060606,0,0.334384858044164,0.312597200622084,1,1,0.329230769230769,0.508422664624809,0.316666666666667,1,1,0.337559429477021,0.312594840667678,0.528951486697966,1,0.591743119266055,0.367534456355283,0.996875,0.656200941915228,0.315702479338843,0.145285935085008,0.320493066255778,1,0.308845577211394,0.0031055900621118,0,0,0.328660436137072,0.32182103610675,1,0.996913580246914,1,1,1,0.682588597842835,0.328,1,0.327718223583461,0.317901234567901,0.817757009345794,0.130637636080871,0.32807570977918,0.321981424148607,0.321928460342146,0.992447129909366,1,1,0.00463678516228748,0.3152,0.328197226502311,0.651898734177215,0.327131782945736,0.606334841628959,1,0.325652841781874,1,1,0.28525641025641,0.164885496183206,0.328335832083958,1,0.996969696969697,0.327769347496206,1,0.600321027287319,1,1,0.334355828220859,1,0.328849028400598,0.323343848580442,0.336448598130841,0.316923076923077,0,0.320251177394035,0.332326283987915,0.677067082683307,0.583081570996979,0.31924882629108,0.629909365558912,0.677469135802469,0.309230769230769,0.130081300813008,0,0.313084112149533,0.614307931570762,1,0.317666126418152,1,0.321766561514196,0,0.329192546583851,1,1,1,0.308049535603715,0.996908809891808,0.3328173374613,0.208012326656394,0.311475409836066,1,0.375384615384615,1,1,0.208909370199693,0.315789473684211,1,1,0.336363636363636,1,0.328402366863905,0.313253012048193,0.370942812982998,0.77557251908397,0.32120253164557,1,0.329133858267717,0.622727272727273,0.340288924558588,1,0.00153374233128834,1,0.380952380952381,0.884430176565008,0.576036866359447,0.593457943925234,0.325545171339564,0.330696202531646,1,0.324074074074074,1,0.30503144654088,0.504573170731707,0.33030303030303,1,0.311912225705329,0.322932917316693,0.330143540669856,0.335974643423138,1,0.317262830482115,1,0.437116564417178,0.327300150829563,1,0.32375189107413,1,0.590909090909091,0.322834645669291,1,0.317829457364341,0.317484662576687,0.337480559875583,0.987786259541985,0.32967032967033,1,0.325,1,0.323101777059774,1,0.584474885844749,0.300455235204856,0.0323624595469256,0.299050632911392,0.326219512195122,1,0.310502283105023,0.317972350230415,0.32258064516129,0.33179012345679,1,1,0.334405144694534,0.328703703703704,1,1,0.327666151468315,0.241860465116279,0.0209267563527653,0.686728395061728,1,0.0031104199066874,0.325153374233129,1,0.324367088607595,0.312781954887218,0.321372854914197,0.996908809891808,1,1,0.333333333333333,0.324324324324324,0.326219512195122,0.678683385579937,0.3109375,1,0.338485316846986,1,1,0.442396313364055,0.331259720062208,0.326153846153846,0.335925349922239,0.314329738058552,0.323854660347551,0.63482280431433,1,1,0.319018404907975,0.00305810397553517,0.330804248861912,0.321375186846039,0.325688073394495,0.312781954887218,0.303738317757009,0.31892697466468,0.690880989180835,0.369465648854962,0.309341500765697,1,0.332278481012658,1,0.319213313161876,0.317034700315457,0.318252730109204,0.339652448657188,0.319620253164557,1,0.330289193302892,0.793478260869565,1,1,0.996870109546166,1,1,0.8953125,1,1,1,0.323216995447648,1,0.328455284552846,0,1,0.38109756097561,1,0.318611987381703,0.329704510108865,0.323619631901841,0.425233644859813,1,0.32469512195122,1,1,1,1,0,0.320754716981132,1,1,0.327102803738318,1,0.329249617151608,1,1,0.315457413249211,0.332278481012658,0.302469135802469,0.154907975460123,0.331775700934579,0,0.588855421686747,1,0.324200913242009,0.325949367088608,0.574923547400612,1,1,0.334928229665072,0.328616352201258,1,0.649230769230769,0.68125,0.314553990610329,0.326465927099842,0.992389649923896,0.332302936630603,0.302255639097744,1,0.32093023255814,0.309597523219814,1,0.317683881064163,0.333333333333333,0.3203125,0.32,1,1,1,0.312693498452012,0.327102803738318,0.0060790273556231,0.993788819875776,0.326018808777429,1,1,0.318181818181818,0.329770992366412,0.316998468606432,0.325508607198748,0.316923076923077,1,0.311526479750779,0.317411402157165,0.570300157977883,1,0.833592534992224,1,0,1,0.331334332833583,1,1,0.422727272727273,0.998459167950693,0.330173775671406,1,0.313664596273292,0.30625,0.314900153609831,1,1,0.327769347496206,0.410628019323671,0.604395604395604,0.309262166405024,1,1,1,0.325471698113208,1,0.212074303405573,1,1,1,1,0.330792682926829,1,0.32475884244373,0.340062111801242,0.668740279937792,0.318110236220472,1,0.328725038402458,0.32579185520362,0.313291139240506,1,0.312688821752266,1,0.332330827067669,0.480122324159021,0.329738058551618,0.329617834394904,0.321752265861027,1,0.325545171339564,0.302652106084243,1,1,0.320552147239264,0.322033898305085,1,0.479326186830015,0.317384370015949,0.331297709923664,0.333333333333333,0.678516228748068,1,0.300955414012739,1,0.426771653543307,0.310725552050473,0,0.87856071964018,0.326433121019108,0.320872274143302,0,0.0313971742543171,0.979655712050078,0.325038880248834,1,0.312693498452012,0.319620253164557,1,0.33693972179289,0.32967032967033,0.665634674922601,1,0.326656394453005,0.326219512195122,1,0.318952234206472,0.304625199362041,1,0.343260188087774,0.312796208530806,0.32579185520362,0.339009287925697,0.799072642967543,1,0.981337480559876,1,1,0.00156494522691706,1,0.995398773006135,1,0.4140625,0.998410174880763,0.316666666666667,0.993893129770992,0.325077399380805,0.996904024767802,0.597305389221557,0.624434389140271,0.31981981981982,0.316692667706708,0.635514018691589,0.326923076923077,0,0.62596599690881,0.6765625,0.32375189107413,0.00154083204930663,0.315625,0.31937984496124,0.775862068965517,0.329754601226994,0.682737169517885,0.587025316455696,0.327014218009479,0.326251896813354,0.308282208588957,1,0.029806259314456,0,0.319571865443425,0.33693972179289,0.340030911901082,1,0.348228043143297,0.324655436447167,1,0.31570996978852,0.937402190923318,0.568075117370892,1,1,0.995073891625616,0.32185628742515,0.594512195121951,0.321533923303835,0.316129032258064,0.318471337579618,0.422492401215805,1,0.314728682170543,1,0.322683706070288,0.323343848580442,1,0.322734499205087,1,0.326120556414219,1,1,0.327666151468315,0,1,0.328725038402458,1,0.562596599690881,1,0.504615384615385,1,0.557299843014129,1,0.3264,1,1,1,0.317262830482115,0.3296,0.321699544764795,0.354066985645933,0.334943639291465,0.320987654320988,1,0.330218068535826,1,1,0.336377473363775,0.332302936630603,0.326219512195122,0.38863287250384,0.332312404287902,1,1,0.331811263318113,0.324409448818898,0.627906976744186,0.587227414330218,0.316692667706708,0.328149300155521,1,0.309230769230769,0.321752265861027,0.995283018867924,0.315625,0.31839258114374,0,0.147013782542113,0.327188940092166,0.676557863501484,0.31839258114374,0.330246913580247,0.592705167173252,0.998452012383901,0.320754716981132,1,0.317460317460317,0.352380952380952,0.323076923076923,0.48,0.312989045383412,1,0.322981366459627,0.323943661971831,0.332810047095761,0.684931506849315,1,0.3328125,0.326747720364742,0,0.329305135951662,0.998442367601246,0.950617283950617,1,0.320668693009119,0.329286798179059,0.325581395348837,0.584084084084084,1,0.581210191082803,0.339035769828927,1,1,0.963133640552995,0.66877971473851,0.338533541341654,0.359567901234568,0.320552147239264,0.3267776096823,1,1,0.514592933947773,0.626771653543307,1,1,0.998470948012232,0.6864,1,0.329787234042553,0.673405909797823,1,0.329770992366412,0.31924882629108,0.31875,0.998470948012232,1,0.647909967845659,0.329230769230769,1,1,0.332824427480916,0.31866464339909,0.998459167950693,0,0.319685039370079,0.3198127925117,0.00627943485086342,0.321100917431193,1,0.320251177394035,1,0.156534954407295,0,0.901215805471125,0.335365853658537,1,1,0,0.00150602409638554,0.329721362229102,1,0.318541996830428,0.996983408748115,0.31378763866878,1,0.998422712933754,0.957878315132605,0.777434312210201,1,1,0.0046656298600311,1,0.519872813990461,0.334375,0.671779141104294,0.334355828220859,1,0.309748427672956,0.672256097560976,1,1,0.320574162679426,0.607843137254902,0.329721362229102,0.580188679245283,0.967289719626168,0.338557993730408,0.594679186228482,0.0108191653786708,0.32,0.327131782945736,0.328767123287671,1,0.632218844984802,0.316742081447964,0.888544891640867,0.582278481012658,0.964451313755796,1,1,0.321044546850998,0.342902711323764,0.3198127925117,0.317829457364341,0.321483771251932,0.613432835820895,0.307926829268293,0,0.679882525697504,1,0.326656394453005,0.314814814814815,0.31911532385466,0.325264750378215,0.595679012345679,1,0.333333333333333,0.3375,0.333870967741935,0.323943661971831,0.316998468606432,0.31974921630094,0.197885196374622,0.675507020280811,0.323943661971831,0.594268476621418,1,0.243827160493827,0.322884012539185,0.916535433070866,1,1,0.316770186335404,0.62691131498471,1,0.321538461538462,0.308176100628931,0.951181102362205,1,1,0.998415213946117,0.326186830015314,1,1,0.901430842607313,1,0.352134146341463,1,0.584126984126984,1,0.665144596651446,0.315132605304212,0.595275590551181,1,1,0.992101105845182,0.336874051593323,0.329211746522411,0.33175355450237,0.32093023255814,0.328050713153724,0.327102803738318,0.982785602503912,0.315950920245399,1,1,0.718654434250764,0,0.320552147239264,0.323664122137405,0.673716012084592,1,0.564615384615385,0.341906202723147,0.635802469135803,0.31055900621118,0.327447833065811,1,0.321928460342146,0.326923076923077,0.691082802547771,0.904088050314465,0.32396449704142,0.598736176935229,0.578538102643857,0.328197226502311,0.328125,0.311627906976744,0.585253456221198,0.674311926605505,1,0.889751552795031,1,0.660060975609756,0.9984375,0.588050314465409,0.318818040435459,0.328638497652582,1,1,0.432098765432099,0.995283018867924,0.998475609756098,1,0.317411402157165,0.326656394453005,1,0.322916666666667,0.680981595092024,0.33596214511041,0.457098283931357,0.313572542901716,0,0.316030534351145,1,1,0.584496124031008,0.00152439024390244,0.332307692307692,0.326530612244898,0.100156494522692,0.424050632911392,1,1,0.320552147239264,1,0.415765069551777,1,0.340807174887892,0.58712715855573,0.330757341576507,0.328125,1,0,1,0.31496062992126,0.32258064516129,1,1,1,0.452380952380952,1,0.328616352201258,0.609494640122512,0.327666151468315,0.333860759493671,0.00154320987654321,0.0448916408668731,1,0.613953488372093,1,0.337962962962963,0.337042925278219,1,1,0.170471841704718,0.324574961360124,1,0.897081413210445,1,0.31969696969697,0.198757763975155,0.670769230769231,1,1,1,1,1,0.29483282674772,0.307332293291732,1,0.123809523809524,0.00156985871271586,0.432926829268293,0,0.327639751552795,1,0.670886075949367,1,1,0.886328725038402,1,0.673846153846154,1,1,1,1
"225",1,1,1,1,1,1,0.705229793977813,1,1,0.102523659305994,1,0.0464396284829721,0.805946791862285,1,0.318037974683544,0.307219662058372,0.0700152207001522,0.6875,1,1,0.2828125,0.308049535603715,1,0.170015455950541,1,0.323664122137405,0.31496062992126,1,1,0.782472613458529,0.305084745762712,0.720247295208655,0.963581183611533,0.30568356374808,0,1,0.540372670807453,1,0.302533532041729,1,0.667177914110429,0.687402799377916,0.6996996996997,1,1,0.307453416149068,0.308282208588957,0.305263157894737,0.313636363636364,0.320182094081942,0,1,0.308396946564885,1,1,0.488853503184713,0.563779527559055,1,1,1,0.329803328290469,0.313572542901716,0.312111801242236,0.684375,1,1,0.0403100775193798,1,0.0601503759398496,0.313343328335832,1,0.313364055299539,0.322222222222222,0.971563981042654,0.5115562403698,1,0.310502283105023,0.333333333333333,1,0.320126782884311,0.0913385826771654,0.325077399380805,0.31875,1,0.332822085889571,1,1,1,1,0.701219512195122,1,1,0.0015220700152207,0.108562691131498,1,0.0486322188449848,0,1,0.564102564102564,0.683385579937304,1,0.0609375,0.30503144654088,1,0.301261829652997,1,0.68558282208589,1,0.31201248049922,0.315301391035549,0.311550151975684,1,0.32312404287902,1,0.486363636363636,1,0.308049535603715,0.303215926493109,0.315789473684211,0.312597200622084,0.492957746478873,0.998456790123457,0.311349693251534,0.311216429699842,1,0.29601226993865,1,1,0.331269349845201,0.549698795180723,1,0.309968847352025,1,0.0447093889716841,1,0.311926605504587,0.680491551459293,0.32312404287902,0.925925925925926,0.441786283891547,0.106153846153846,0.10355486862442,1,1,0.32755905511811,1,0.320417287630402,1,0.802130898021309,1,0.314375987361769,1,1,1,1,0.322033898305085,1,0.321316614420063,0.267884322678843,1,0.311450381679389,1,0.290123456790123,0.0910518053375196,1,0.306603773584906,1,1,1,0.332826747720365,1,0.316614420062696,1,0.304281345565749,1,0.316692667706708,0.0752688172043011,1,0.642857142857143,1,1,0.311627906976744,1,1,1,1,0.322378716744914,0.305471124620061,1,0.998454404945904,0.30804248861912,0.308777429467085,1,0.445468509984639,0.676077265973254,0,0.32312404287902,0.679506933744222,1,0.320061255742726,1,0.998459167950693,1,0.312883435582822,0.316109422492401,0.320251177394035,1,1,1,0,1,0.304212168486739,0.970588235294118,0.321316614420063,0.302795031055901,0.748475609756098,1,1,1,1,1,0.0445468509984639,0.309636650868878,0.319018404907975,1,0.688449848024316,1,1,1,0.998473282442748,1,1,0.00460829493087558,0.32579185520362,1,0.306603773584906,1,0.296923076923077,1,1,1,1,1,0.316118935837246,1,0.509316770186335,0.321428571428571,0.321100917431193,0.302034428794992,0.31832298136646,0.325545171339564,0.422222222222222,0.330769230769231,0.306278713629403,0.316030534351145,1,0.313664596273292,1,0.691842900302115,0.313271604938272,0.311940298507463,0.32755905511811,1,1,1,0.260802469135802,0.308755760368664,1,0.32093023255814,0.323353293413174,0.310975609756098,0.323262839879154,0.683563748079877,1,0.317972350230415,0.308777429467085,1,0.289308176100629,1,0.307339449541284,0.316692667706708,1,1,1,0.53858024691358,1,0.686915887850467,0.0846953937592868,0.317629179331307,1,1,0.100917431192661,0.322085889570552,0.321259842519685,1,1,0.29922480620155,0.0262751159196291,0.00318979266347687,1,1,0.326378539493294,0.998452012383901,1,0.305555555555556,1,1,0.313084112149533,1,1,1,1,0.324200913242009,0.310708898944193,0.329133858267717,1,1,0.679389312977099,0.309597523219814,1,0.314112291350531,0.29393468118196,1,1,0.998454404945904,1,1,0.325652841781874,1,1,0.11128526645768,0.328787878787879,0.501557632398754,0.317111459968603,0.670846394984326,0.309559939301973,1,0.305295950155763,0.325434439178515,0.264525993883792,0.321321321321321,1,0.316964285714286,1,1,1,0.308661417322835,0.311746987951807,0.998456790123457,0.9248,0.0710900473933649,1,0.315068493150685,0.312989045383412,0.312302839116719,1,0.32469512195122,0.467791411042945,0.322530864197531,0.305426356589147,0.307086614173228,0.312597200622084,1,0.316037735849057,1,1,0,1,0.321981424148607,1,1,1,0.323529411764706,1,0.313099041533546,1,0.828220858895706,1,1,1,0.309815950920245,1,1,0.310769230769231,0.311827956989247,1,1,0.308166409861325,0.193893129770992,1,0.998475609756098,1,0,0.309262166405024,1,0.297839506172839,0.247278382581649,1,0.67687595712098,0.423780487804878,1,1,0.680597014925373,0.697388632872504,0.331278890600925,1,0.317757009345794,1,1,0.328125,1,0.998459167950693,0.00925925925925926,0.318461538461538,1,1,0.314641744548287,1,1,0.304821150855365,0.337480559875583,1,1,1,0.531684698608965,0.306153846153846,0.342679127725857,0.312874251497006,0.327743902439024,0.689814814814815,0.324200913242009,0.316923076923077,0.316030534351145,0.250769230769231,0.315047021943574,1,0.314674735249622,0.998456790123457,0.316998468606432,0.0863095238095238,0.0540123456790123,1,1,0.0416024653312789,1,0.688721804511278,0.046656298600311,0.0125,1,0.69478527607362,1,1,0.551617873651772,1,0,0.0786163522012579,1,1,1,0.312893081761006,0.657817109144543,0.700320512820513,0.992354740061162,1,0.981707317073171,0.29618320610687,0.339506172839506,1,0.29559748427673,1,0.368258859784284,0.108452950558214,0.298937784522003,0.317700453857791,0.326699834162521,1,0.0824587706146927,1,1,1,0.263719512195122,0.315541601255887,1,0.312302839116719,1,1,0.30441400304414,1,0.31784107946027,1,0.301391035548686,0.313084112149533,1,0.68798751950078,0.316341829085457,1,0.307570977917981,0.76625386996904,0.313725490196078,0.170015455950541,0.315315315315315,0.7734375,0.301587301587302,1,0.326656394453005,0.332321699544765,0.291411042944785,1,1,1,0.968354430379747,0.3408,1,0.316614420062696,1,0.314009661835749,0.309774436090226,1,1,1,0.919629057187017,1,0.306184012066365,0.312111801242236,1,1,0.0521327014218009,0.083596214511041,1,1,0.303599374021909,1,1,0.309707241910632,1,1,0.678899082568807,0.539969834087481,1,0,1,1,0.102719033232628,0.316846986089645,1,0.320987654320988,0.998456790123457,0.964285714285714,0.998449612403101,0.815950920245399,1,0.322784810126582,1,1,1,0,0.307443365695793,1,1,0.678071539657854,1,0.308641975308642,0.349768875192604,0.320552147239264,1,1,1,0.0909090909090909,0.315625,0.0926216640502355,0.9984375,0.310030395136778,0.307458143074581,0.349693251533742,0,1,0.955725190839695,1,1,0.317610062893082,0.295902883156297,0.17219589257504,0.0398773006134969,0.309119010819165,0.303543913713405,0.326747720364742,0.00156494522691706,0.318952234206472,1,0,0.315068493150685,1,1,1,0.312024353120244,0.313725490196078,0.0351437699680511,1,0.313178294573643,0.306748466257669,1,1,0.323574730354391,0.697068403908795,1,1,0.698289269051322,1,0.308845577211394,1,0.306153846153846,0.540212443095599,0.675716440422323,0.409711684370258,1,0.291158536585366,0.314024390243902,0.682588597842835,0.675265553869499,1,0.314674735249622,1,0.317037037037037,1,0.315789473684211,0.309597523219814,0.343605546995377,0.517611026033691,0.313971742543171,0.312302839116719,0.670826833073323,0.312307692307692,0.154093097913323,1,0,1,0.289514866979656,1,0,0.316614420062696,0.31201248049922,1,0.0625931445603577,1,0.0887480190174326,0.327666151468315,1,0.0698757763975155,0.673374613003096,1,1,1,0.309061488673139,0.0419790104947526,1,0.417701863354037,0.1,0.348159509202454,0.321592649310873,0.3267776096823,1,1,1,1,1,0.068452380952381,0.996941896024465,0.686363636363636,0.00449775112443778,0.317557251908397,1,1,1,1,0.0903522205206738,0.314199395770393,1,1,1,1,1,1,0.489425981873112,0.00156985871271586,1,0.0876132930513595,0.313846153846154,0.433179723502304,1,0.382581648522551,0.304838709677419,0.312594840667678,1,0.0410334346504559,0.314152410575428,1,1,0.364353312302839,0.308510638297872,0.305900621118012,0.311811023622047,0.998477929984779,0.318681318681319,0.320552147239264,0.42472266244057,0.31832298136646,0.972727272727273,0.313725490196078,0.0845295055821372,0.318461538461538,0,1,0.0913385826771654,0.306477093206951,0.315789473684211,0.308411214953271,1,1,1,1,1,1,0.328125,1,0.318952234206472,0.31139646869984,0.600924499229584,0.684615384615385,1,1,0,0.310708898944193,0.120795107033639,0.998500749625187,0.0354938271604938,1,1,0.313385826771654,1,1,0.624223602484472,0.4144,0.995575221238938,0.0846645367412141,0.100313479623824,1,1,1,0.0885093167701863,0,0.313813813813814,0.40746500777605,0.309559939301973,0,0.31911532385466,0.0863422291993721,1,1,0.315233785822021,0.315548780487805,0.248062015503876,0.322834645669291,0.304281345565749,0.314112291350531,1,1,0.328682170542636,1,0,1,0.23208722741433,1,0.68140243902439,1,0.309006211180124,0.30173775671406,0.0820668693009119,0.6797583081571,1,1,0.794478527607362,0.888535031847134,0.321928460342146,0.311320754716981,1,0.307931570762053,0.26046511627907,0.314465408805031,1,0.103658536585366,1,1,0.317972350230415,0.684044233807267,0.30298273155416,1,1,0.300613496932515,0.309597523219814,0.319277108433735,0.867601246105919,0.313479623824451,1,0.0595419847328244,1,1,0.700920245398773,0.656200941915228,0.317535545023697,0.0583717357910906,0.319875776397516,1,1,0.303405572755418,0.3234375,0.619414483821264,1,0.303490136570561,0.369532428355958,0.304147465437788,0.983282674772036,0.478260869565217,0.00458715596330275,0.300925925925926,0.32383808095952,0.326530612244898,0.312693498452012,0.314842578710645,0.97583081570997,1,0.311728395061728,0.553822152886115,0.681889763779528,0.24537037037037,0.688498402555911,1,0.316923076923077,0.0015600624024961,0.31937984496124,0.311827956989247,0.368258859784284,0.315132605304212,0,0.325190839694657,0.308056872037915,0.31839258114374,0.309968847352025
"226",0.70125786163522,0.683563748079877,0.68558282208589,0.670906200317965,0.681818181818182,0.689167974882261,0.984350547730829,0.6796875,0.684049079754601,0.434231378763867,0.681470137825421,0.359516616314199,0.483922829581994,0.68075117370892,0.00476190476190476,0.00462249614791988,0.378670788253478,0.996779388083736,0.677018633540373,0.695517774343122,0.00470219435736677,0.0046875,0.672281776416539,0.48159509202454,0.686186186186186,0.00153374233128834,0.0046875,0.656500802568218,0.693129770992366,0.471048513302034,0.00467289719626168,0.404255319148936,0.641653905053599,0.0046801872074883,0.332307692307692,0.685575364667747,0.869431643625192,0.677710843373494,0.00454545454545455,0.690402476780186,0.996913580246914,0.996923076923077,0.995433789954338,0.669242658423493,0.67244094488189,0.00158478605388273,0,0.00454545454545455,0.00458015267175573,0.00152905198776758,0.307692307692308,0.676609105180534,0.00458715596330275,0.674418604651163,0.68160741885626,0.173981191222571,0.889415481832543,0.677067082683307,0.688449848024316,0.68075117370892,0.00457317073170732,0.00308641975308642,0.00315955766192733,1,0.683962264150943,0.686244204018547,0.338557993730408,0.683153013910355,0.387724550898204,0.00151745068285281,0.677966101694915,0.00455235204855842,0.00313971742543171,0.727699530516432,0.848392036753446,0.67814371257485,0.00308166409861325,0.00153846153846154,0.68,0.00320512820512821,0.409162717219589,0.00309119010819165,0.00469483568075117,0.678353658536585,0.00154798761609907,0.675675675675676,0.692307692307692,0.66358024691358,0.676470588235294,0.996904024767802,0.675039246467818,0.673621460506706,0.313084112149533,0.424242424242424,0.688291139240506,0.364188163884674,0.317411402157165,0.684129429892142,0.893650793650794,0.996894409937888,0.687789799072643,0.380585516178737,0.00306748466257669,0.678913738019169,0.00467289719626168,0.682316118935837,0.996955859969559,0.670769230769231,0.00470957613814757,0.00461538461538462,0.00464396284829721,0.687116564417178,0,0.674311926605505,0.801213960546282,0.686363636363636,0.0015625,0.635239567233385,0.00303030303030303,0.00460829493087558,0.807153965785381,0.687595712098009,0.00303951367781155,0.00157728706624606,0.668174962292609,0.00459418070444104,0.687964338781575,0.688622754491018,0.63944530046225,0.24468085106383,0.685805422647528,0.00311526479750779,0.677165354330709,0.365671641791045,0.674641148325359,0.00455927051671732,0.998449612403101,0.00305810397553517,0.622291021671827,0.119047619047619,0.423017107309487,0.409375,0.680555555555556,0.67981072555205,0.00469483568075117,0.680685358255452,0.00453172205438067,0.699212598425197,0.497709923664122,0.676646706586826,0.00162074554294976,0.693023255813954,0.685534591194969,0.680685358255452,0.675590551181102,0.0031055900621118,0.689167974882261,0.00314465408805031,0.569465648854962,0.674772036474164,0.00462962962962963,0.675799086757991,0.00458015267175573,0.415123456790123,0.684542586750789,0.00474683544303797,0.683229813664596,0.688073394495413,0.669230769230769,0.00610687022900763,0.673879443585781,0.00308641975308642,0.681818181818182,0.00308641975308642,0.681458003169572,0.0046875,0.407975460122699,0.70015455950541,0.971337579617834,0.69983948635634,0.684129429892142,0.0047244094488189,0.694573643410853,0.686153846153846,0.685410334346505,0.672307692307692,0.00309119010819165,0,0.677265500794913,0.676970633693972,0.00460122699386503,0.00469483568075117,0.673879443585781,0.769110764430577,0.985119047619048,0.306501547987616,0.00458015267175573,1,0.685410334346505,0.00455927051671732,0.680314960629921,0.689497716894977,0.684049079754601,0.00619195046439629,0.00306278713629403,0.00475435816164818,0.671686746987952,0.685483870967742,0.683969465648855,0.3203125,0.69375,0.00319488817891374,0.662058371735791,0.0046801872074883,0.00306278713629403,0.575342465753425,0.687010954616588,0.684766214177979,0.674846625766871,0.699386503067485,0.682389937106918,0.358346094946401,0.00313479623824451,0.00305810397553517,0.688449848024316,1,0.668195718654434,0.694610778443114,0.678955453149002,0.69359756097561,0.700315457413249,0.680722891566265,0.302003081664099,0.641993957703928,0.68558282208589,0.00463678516228748,0.67981072555205,0.00307692307692308,0.687975646879756,0.692913385826772,0.6890625,0.661993769470405,0.695161290322581,0.00156985871271586,0.680491551459293,0.194099378881988,0.00465116279069767,0.00307219662058372,0,0.0031104199066874,0.0046583850931677,0.108832807570978,0.00462249614791988,0.00305343511450382,0.00459418070444104,0.675757575757576,0.00308166409861325,0.676282051282051,0.996969696969697,0.00462249614791988,0.619847328244275,0.00316455696202532,0.675632911392405,0.683229813664596,0.684292379471229,0.580594679186229,0.00461538461538462,0.668174962292609,0.0046656298600311,0.00303490136570561,0.00154798761609907,0.00458715596330275,0.998449612403101,0.687306501547988,0.00461538461538462,0.00309597523219814,0.68,0.00476190476190476,0.683734939759036,0.00452488687782805,0.00153609831029186,0.695238095238095,0.674121405750799,0.698630136986301,0.856049004594181,0.668759811616955,0.99537750385208,0.40990990990991,0.0046583850931677,0.682926829268293,0.682170542635659,0.417177914110429,0.00459418070444104,0.00315955766192733,0.664025356576862,0.672868217054264,0.00305810397553517,0.347094801223242,0.306836248012719,0.6984375,0.678288431061807,0.00606060606060606,0.676056338028169,0.692192192192192,0.00462962962962963,0.686821705426357,0.691950464396285,0.00153374233128834,0.696062992125984,0.678571428571429,0.687692307692308,0.678627145085803,0.00311526479750779,0.00301204819277108,0.00159235668789809,0.686915887850467,0.674491392801252,0.989263803680982,0.00156494522691706,0.6703125,0.00153139356814701,0.00464396284829721,0.689863842662632,0.671191553544495,0.690658499234303,0.679626749611198,0.68348623853211,0.00470219435736677,0.688372093023256,0.687697160883281,0.431061806656101,0.00305343511450382,0.172093023255814,0.004739336492891,0.996875,0.00308641975308642,0.674174174174174,0.00467289719626168,0.00467289719626168,0.585365853658537,0.00458715596330275,0.671875,0.00304878048780488,0.68380062305296,0.696594427244582,0.686453576864536,0.0031104199066874,0.00459418070444104,0.683409436834094,0.594637223974763,0.390894819466248,0.699212598425197,0.00307219662058372,0.004739336492891,0.00315955766192733,0.677777777777778,0.00306748466257669,0.800925925925926,0.00457317073170732,0.0046656298600311,0.00318471337579618,0.00156985871271586,0.67629179331307,0.00470957613814757,0.680511182108626,0.667692307692308,0.321259842519685,0.68125,0.00467289719626168,0.676970633693972,0.676829268292683,0.68503937007874,0.00461538461538462,0.695121951219512,0.00475435816164818,0.686363636363636,0.516129032258065,0.670807453416149,0.672413793103448,0.686544342507645,0.00302571860816944,0.679245283018868,0.689547581903276,0.00463678516228748,0.00307219662058372,0.674382716049383,0.689922480620155,0.00460829493087558,0.519938650306748,0.684126984126984,0.672868217054264,0.675925925925926,0.319571865443425,0.0047244094488189,0.710610932475884,0.00303951367781155,0.588509316770186,0.686728395061728,0.996946564885496,0.114854517611026,0.682316118935837,0.673846153846154,0.99851411589896,0.97045101088647,0.0124223602484472,0.683641975308642,0.00470957613814757,0.686335403726708,0.682615629984051,0.0046801872074883,0.674311926605505,0.683153013910355,0.330232558139535,0.00155763239875389,0.678955453149002,0.681470137825421,0.0031201248049922,0.683641975308642,0.694620253164557,0.00308166409861325,0.664050235478807,0.691588785046729,0.679566563467492,0.671383647798742,0.190769230769231,0.00464396284829721,0.0236220472440945,0.00295420974889217,0.0045662100456621,0.998456790123457,0.00153846153846154,0.00309597523219814,0.00458715596330275,0.573846153846154,0.00317460317460317,0.69079939668175,0.00302571860816944,0.668224299065421,0,0.400602409638554,0.368663594470046,0.681957186544342,0.685240963855422,0.364197530864198,0.685805422647528,0.995481927710843,0.367692307692308,0.318885448916409,0.677321156773212,0.996946564885496,0.686153846153846,0.693023255813954,0.244131455399061,0.678407350689127,0.311526479750779,0.40952380952381,0.684292379471229,0.67629179331307,0.699074074074074,0.00156985871271586,0.979351032448378,0.996763754045307,0.68140243902439,0.670788253477589,0.664086687306502,0.00458715596330275,0.666666666666667,0.68025078369906,0.0047244094488189,0.688922610015175,0.05625,0.423380726698262,0.00152905198776758,0.00461538461538462,0.00322061191626409,0.68215892053973,0.399089529590288,0.676691729323308,0.677884615384615,0.6890625,0.583206106870229,0.00469483568075117,0.68621236133122,0.00465116279069767,0.681528662420382,0.68621236133122,0.00302571860816944,0.678071539657854,0.00453172205438067,0.667189952904239,0.0031104199066874,0.00469483568075117,0.68348623853211,0.996865203761755,0.00451127819548872,0.674846625766871,0,0.432558139534884,0.003003003003003,0.494672754946728,0.00455235204855842,0.435779816513761,0.00475435816164818,0.684044233807267,0.00308641975308642,0.00307219662058372,0.00465116279069767,0.67906976744186,0.675039246467818,0.680059523809524,0.654458598726115,0.671949286846276,0.68944099378882,0.00311526479750779,0.676609105180534,0.00478468899521531,0.003003003003003,0.669230769230769,0.68503937007874,0.682370820668693,0.611801242236025,0.671253822629969,0.00301204819277108,0.00306278713629403,0.668693009118541,0.677165354330709,0.375,0.410015649452269,0.688473520249221,0.6801872074883,0.00467289719626168,0.690880989180835,0.683257918552036,0.0078125,0.684044233807267,0.679938744257274,0.996904024767802,0.868460388639761,0.678461538461538,0.320950965824666,0.686915887850467,0.670245398773006,0.397865853658537,0.00623052959501558,0.686427457098284,0.00309119010819165,0.682170542635659,0.648522550544324,0.688271604938272,0.517665130568356,0.687306501547988,0.00156494522691706,0.680491551459293,0.674454828660436,0.673501577287066,0.319213313161876,0.00158227848101266,0.667189952904239,0.684532924961715,0.996899224806202,0.681887366818874,0.00463678516228748,0.0431432973805855,0.00459418070444104,0.680555555555556,0.674347158218126,0.676970633693972,0.417298937784522,0.00471698113207547,0.4046875,0.669781931464174,0.00154320987654321,0.0029940119760479,0.0320610687022901,0.318252730109204,0.670278637770898,0.641221374045801,0.68348623853211,0.68030303030303,0.00470957613814757,0.00454545454545455,0.496913580246914,0.370716510903427,0.00463678516228748,0.00459418070444104,0.00460122699386503,0.303656597774245,0.00306278713629403,0.679389312977099,0.30781010719755,0.00303490136570561,0.674884437596302,0.687010954616588,0.688650306748466,0.00308166409861325,0.00301204819277108,0.350877192982456,0.675344563552833,0.00464396284829721,0.00460122699386503,0.674347158218126,0.694915254237288,0.0031055900621118,0.996794871794872,0.682389937106918,0.694227769110764,1,0.691833590138675,0.00457317073170732,0.690590111642743,0.00310077519379845,0.859327217125382,0.995440729483283,0.105105105105105,0.671779141104294,0.00451807228915663,0.00458715596330275,0.995461422087746,0.996955859969559,0.673282442748092,0.00458015267175573,0.693163751987281,0.00151057401812689,0.68944099378882,0.00306748466257669,0.0031104199066874,0.0313479623824451,0.228658536585366,0.00158982511923688,0.00158227848101266,1,0.00458715596330275,0.487179487179487,0.675425038639876,0.33026113671275,0.672230652503794,0.00470957613814757,0.697347893915757,0.329738058551618,0.00155038759689922,0.0031496062992126,0.686804451510334,0.383333333333333,0.674347158218126,0.414219474497682,0.0247678018575851,0.670788253477589,0.403641881638847,0.993893129770992,0.68895800933126,0.682588597842835,0.677966101694915,0.00324149108589951,0.365296803652968,0.69359756097561,0.10625,0.414556962025316,0.0319148936170213,0.00460829493087558,0.00150829562594268,0.6859375,0.666139240506329,0.686028257456829,0.690658499234303,0.682588597842835,0.390243902439024,0.694992412746586,0.996941896024465,0.318991097922849,0.00154559505409583,0.676470588235294,0.692667706708268,0.679304897314376,0.680851063829787,0.396946564885496,0.00451807228915663,0.670196671709531,0.658805031446541,0.669303797468354,0.676056338028169,0.69242658423493,0.685446009389671,0.81306990881459,0.32120253164557,0.681318681318681,0.409984871406959,0.00155763239875389,0.771251931993818,0.678516228748068,0.0763239875389408,0.00322061191626409,0.00305343511450382,0.693146417445483,0.358895705521472,0.00308166409861325,0.680428134556575,0.697247706422018,0.0393700787401575,0.00152671755725191,0.00463678516228748,0.0015748031496063,0.684848484848485,0.0031201248049922,0.00309119010819165,0.103715170278638,0.0046583850931677,0.650914634146341,0.00451807228915663,0.406645569620253,0,0.324324324324324,0.690513219284603,0.411490683229814,0.00475435816164818,0.00311526479750779,0.00777604976671851,0.670212765957447,0.671253822629969,0.674085850556439,0.678899082568807,0.677316293929712,0.672413793103448,0.0110236220472441,0.687878787878788,0.00470219435736677,0.0032258064516129,0.294027565084227,0.996830427892235,0.677914110429448,0.67737003058104,0.322678843226788,0.00455235204855842,0.433489827856025,0.676602086438152,0.358934169278997,0.688172043010753,0.68370607028754,0.00316455696202532,0.686708860759494,0.679549114331723,0.321428571428571,0.0976377952755905,0.679525222551929,0.394366197183099,0.427457098283931,0.668195718654434,0.674491392801252,0.688172043010753,0.410658307210031,0.315301391035549,0.00151975683890578,0.0992248062015504,0.00449101796407186,0.327743902439024,0.00158227848101266,0.41588785046729,0.688172043010753,0.6734375,0.0030441400304414,0.00307219662058372,0.568111455108359,0,0,0.0015527950310559,0.685758513931889,0.670750382848392,0.0031055900621118,0.68475073313783,0.311145510835913,0.668224299065421,0.539906103286385,0.70253164556962,0.995398773006135,0.692307692307692,0.00153609831029186,0.00467289719626168,0.409509202453988,0.996946564885496,0.667189952904239,0.678071539657854,0.895800933125972,0.58974358974359,0.0047244094488189,0.0031201248049922,0.691358024691358,0.00151745068285281,0.589939024390244,0.00473186119873817,0.673192771084337,0.413740458015267,0.681318681318681,0.683881064162754,0.00311526479750779,0.998430141287284,0.00313479623824451,0.694968553459119,0.682965299684543,0.00457317073170732,0.00465116279069767,0.00453172205438067,0.557993730407524,0.00470219435736677,0.685758513931889,0.379785604900459,0.675840978593272,0.6752,0.996955859969559,0.9671875,0.00475435816164818,0.381538461538462,0.00156985871271586,0.673282442748092,0.668820678513732,0.00309597523219814,0.00308641975308642,0.83969465648855,0.685325264750378,0.00452488687782805,0.102290076335878,0.0045662100456621,0.684129429892142,0.809968847352025,0.328149300155521,0.00309597523219814,0.0045045045045045,0.00471698113207547,0.0046801872074883,0.00451127819548872,0.714939024390244,0.691833590138675,0.00306278713629403,0.890127388535032,0.996865203761755,0.561643835616438,0.995137763371151,0.669266770670827,0.00307692307692308,0.320754716981132,0.00460829493087558,0.00458015267175573,0.115264797507788,0.00158730158730159,0.321592649310873,0.00313479623824451,0.0031104199066874,0.0047244094488189,0.00153374233128834
"227",1,1,1,1,1,1,0.702786377708978,1,1,0.0977917981072555,1,0.0475460122699387,0.813084112149533,1,0.325581395348837,0.313846153846154,0.0684931506849315,0.67817896389325,1,1,0.289230769230769,0.32312404287902,1,0.154670750382848,1,0.333333333333333,0.325949367088608,1,1,0.78516228748068,0.317411402157165,0.734351145038168,0.960426179604262,0.318952234206472,0,1,0.543511450381679,1,0.306306306306306,1,0.659476117103236,0.678461538461538,0.684766214177979,1,1,0.321981424148607,0.326656394453005,0.321266968325792,0.331811263318113,0.329286798179059,0,1,0.325227963525836,1,1,0.510869565217391,0.559006211180124,1,1,1,0.33984962406015,0.325190839694657,0.326687116564417,0.674922600619195,1,1,0.0406885758998435,1,0.0608308605341246,0.331831831831832,1,0.326625386996904,0.328593996840442,0.9640625,0.517241379310345,1,0.315868263473054,0.344879518072289,1,0.322429906542056,0.0940438871473354,0.340490797546012,0.331825037707391,1,0.346153846153846,1,1,1,1,0.687116564417178,1,1,0.00153139356814701,0.109256449165402,1,0.0494011976047904,0,1,0.554160125588697,0.665625,1,0.06,0.317557251908397,1,0.31866464339909,1,0.678407350689127,1,0.328173374613003,0.322289156626506,0.324159021406728,1,0.330804248861912,1,0.484066767830046,1,0.320061255742726,0.295454545454545,0.336349924585219,0.329192546583851,0.478461538461538,1,0.325859491778774,0.3203125,1,0.313935681470138,1,1,0.33026113671275,0.548048048048048,1,0.326086956521739,1,0.0442477876106195,1,0.321156773211568,0.666666666666667,0.332312404287902,0.9258114374034,0.443381180223285,0.10806697108067,0.0967741935483871,1,1,0.33179012345679,1,0.327844311377246,1,0.808446455505279,1,0.338072669826224,1,1,1,1,0.345201238390093,1,0.329704510108865,0.246596066565809,1,0.319213313161876,1,0.309923664122137,0.0892018779342723,1,0.320987654320988,1,1,1,0.346969696969697,1,0.319758672699849,1,0.314024390243902,1,0.329230769230769,0.0818181818181818,1,0.630914826498423,1,1,0.317829457364341,1,1,1,1,0.326717557251908,0.322239031770045,1,1,0.319277108433735,0.31924882629108,1,0.438461538461538,0.666666666666667,0,0.323664122137405,0.669184290030212,1,0.332339791356185,1,1,1,0.323619631901841,0.326283987915408,0.330721003134796,1,1,1,0,1,0.318110236220472,0.970496894409938,0.328220858895706,0.325115562403698,0.761467889908257,1,1,1,1,1,0.0479134466769706,0.321428571428571,0.330804248861912,1,0.668195718654434,1,1,0.998477929984779,1,1,1,0.00302114803625378,0.315548780487805,1,0.321592649310873,1,0.309923664122137,1,1,1,1,1,0.33693972179289,1,0.50390015600624,0.332819722650231,0.326283987915408,0.321372854914197,0.329211746522411,0.335913312693498,0.425897035881435,0.332312404287902,0.325652841781874,0.315315315315315,1,0.330289193302892,1,0.677130044843049,0.321156773211568,0.304154302670623,0.333843797856049,1,1,1,0.256609642301711,0.320726172465961,1,0.325077399380805,0.328828828828829,0.324074074074074,0.327868852459016,0.684931506849315,1,0.330827067669173,0.321483771251932,1,0.309033280507132,1,0.316964285714286,0.323664122137405,1,1,1,0.533536585365854,1,0.684451219512195,0.0859259259259259,0.326717557251908,1,1,0.102446483180428,0.322678843226788,0.336463223787167,1,1,0.306547619047619,0.0232198142414861,0.00156739811912226,1,1,0.345921450151057,0.998459167950693,1,0.32078313253012,1,1,0.322530864197531,1,1,1,1,0.336434108527132,0.313056379821958,0.338607594936709,1,1,0.664145234493192,0.32370820668693,1,0.323353293413174,0.30521472392638,1,1,1,1,1,0.337442218798151,1,1,0.108864696734059,0.334834834834835,0.503105590062112,0.306976744186047,0.671253822629969,0.32375189107413,1,0.312788906009245,0.334876543209877,0.248854961832061,0.330289193302892,1,0.333832335329341,1,1,1,0.315870570107858,0.322869955156951,1,0.922118380062305,0.0679012345679012,1,0.319571865443425,0.334379905808477,0.311912225705329,1,0.328888888888889,0.46969696969697,0.331306990881459,0.312883435582822,0.318181818181818,0.317262830482115,1,0.33641975308642,1,1,0,1,0.330246913580247,1,1,1,0.33641975308642,1,0.3171875,1,0.841317365269461,1,1,1,0.321156773211568,1,1,0.316666666666667,0.324074074074074,1,1,0.319148936170213,0.18208516886931,1,1,1,0,0.312307692307692,1,0.318112633181126,0.2375,1,0.672699849170437,0.438253012048193,1,1,0.66957787481805,0.688271604938272,0.349544072948328,1,0.320121951219512,1,1,0.337899543378995,1,1,0.00604229607250755,0.328746177370031,1,1,0.334370139968896,1,1,0.316436251920123,0.340393343419062,1,1,1,0.526475037821483,0.315789473684211,0.354938271604938,0.323353293413174,0.33987915407855,0.676970633693972,0.339820359281437,0.332321699544765,0.321752265861027,0.239329268292683,0.327586206896552,1,0.322436849925706,1,0.320987654320988,0.0861313868613139,0.0548780487804878,1,1,0.0413476263399694,1,0.675716440422323,0.0460122699386503,0.0108359133126935,1,0.673282442748092,1,1,0.554347826086957,1,0,0.0749601275917065,1,1,1,0.330232558139535,0.639941690962099,0.683870967741935,0.993930197268589,1,0.986259541984733,0.309341500765697,0.343032159264931,1,0.305084745762712,1,0.375565610859729,0.109546165884194,0.311550151975684,0.329286798179059,0.337096774193548,1,0.0829562594268477,1,1,1,0.248502994011976,0.3375,1,0.325,1,1,0.318731117824773,1,0.330860534124629,1,0.322932917316693,0.324574961360124,1,0.671296296296296,0.324444444444444,1,0.324574961360124,0.76605504587156,0.318862275449102,0.157099697885196,0.325408618127786,0.767080745341615,0.317965023847377,1,0.336391437308869,0.345921450151057,0.302571860816944,1,1,1,0.966292134831461,0.346581875993641,1,0.322834645669291,1,0.323717948717949,0.324812030075188,1,1,1,0.917304747320061,1,0.323216995447648,0.32375189107413,1,1,0.0490506329113924,0.0860215053763441,1,1,0.321483771251932,1,1,0.32398753894081,1,1,0.676425269645609,0.528358208955224,1,0,1,1,0.1,0.329704510108865,1,0.331804281345566,1,0.963076923076923,1,0.824427480916031,1,0.342356687898089,1,1,1,0,0.325396825396825,1,1,0.666666666666667,1,0.32312404287902,0.36404833836858,0.326153846153846,1,1,1,0.092814371257485,0.324409448818898,0.0962145110410095,1,0.31866464339909,0.313161875945537,0.355623100303951,0,1,0.95405819295559,1,1,0.328173374613003,0.316816816816817,0.157650695517774,0.0415384615384615,0.329192546583851,0.318252730109204,0.332831325301205,0.00156739811912226,0.321100917431193,1,0,0.325264750378215,1,1,1,0.32579185520362,0.328869047619048,0.0393700787401575,1,0.324574961360124,0.312781954887218,1,1,0.326717557251908,0.690251572327044,1,1,0.685847589424572,1,0.314759036144578,1,0.315548780487805,0.527272727272727,0.660633484162896,0.416167664670659,1,0.304477611940298,0.326251896813354,0.678678678678679,0.665165165165165,1,0.331316187594554,1,0.331831831831832,1,0.335384615384615,0.320987654320988,0.354938271604938,0.531107738998483,0.325038880248834,0.314641744548287,0.654853620955316,0.325264750378215,0.146687697160883,1,0,1,0.29984544049459,1,0,0.328682170542636,0.326465927099842,1,0.0592592592592593,1,0.086687306501548,0.343167701863354,1,0.0692307692307692,0.665644171779141,1,1,1,0.311708860759494,0.0434782608695652,1,0.4375,0.0965732087227414,0.357466063348416,0.333836858006042,0.328767123287671,1,1,1,1,1,0.0668647845468053,0.997005988023952,0.677177177177177,0.00297176820208024,0.327300150829563,1,1,1,1,0.0928462709284627,0.32383808095952,1,1,1,1,1,1,0.488721804511278,0.0015625,1,0.0899550224887556,0.332307692307692,0.430981595092025,1,0.402173913043478,0.317965023847377,0.322188449848024,1,0.0412844036697248,0.321100917431193,1,1,0.38006230529595,0.318250377073906,0.324200913242009,0.333858267716535,1,0.330757341576507,0.325264750378215,0.424846625766871,0.32258064516129,0.977203647416413,0.318318318318318,0.0880503144654088,0.329268292682927,0,1,0.0920436817472699,0.31104199066874,0.323574730354391,0.327666151468315,1,1,1,1,1,1,0.336434108527132,1,0.320121951219512,0.31810766721044,0.613876319758673,0.673312883435583,1,1,0,0.326378539493294,0.116743471582181,1,0.0379362670713202,1,1,0.323029366306028,1,1,0.630434782608696,0.434294871794872,0.995645863570392,0.0880989180834621,0.10410094637224,1,1,1,0.0929878048780488,0,0.327769347496206,0.419601837672282,0.322338830584708,0,0.337461300309598,0.0937019969278034,1,1,0.334341906202723,0.32572298325723,0.234567901234568,0.340625,0.321646341463415,0.333839150227618,1,1,0.336391437308869,1,0,1,0.219662058371736,1,0.663157894736842,1,0.322981366459627,0.3140625,0.0791476407914764,0.674662668665667,1,1,0.786153846153846,0.907086614173228,0.323943661971831,0.320373250388802,1,0.32312404287902,0.258064516129032,0.327073552425665,1,0.104863221884498,1,1,0.327217125382263,0.675039246467818,0.313364055299539,1,1,0.315950920245399,0.312404287901991,0.324404761904762,0.861325115562404,0.323529411764706,1,0.0584707646176912,1,1,0.687311178247734,0.640122511485452,0.329652996845426,0.0595419847328244,0.328173374613003,1,1,0.313755795981453,0.338414634146341,0.620426829268293,1,0.320121951219512,0.385432473444613,0.325227963525836,0.986280487804878,0.466360856269113,0.00305810397553517,0.312594840667678,0.328358208955224,0.334379905808477,0.322222222222222,0.32396449704142,0.968796433878158,1,0.323216995447648,0.537124802527646,0.674382716049383,0.233333333333333,0.680511182108626,1,0.333846153846154,0.00303490136570561,0.334351145038168,0.319083969465649,0.368181818181818,0.329211746522411,0,0.339969372128637,0.319508448540707,0.3328173374613,0.314674735249622
"228",1,1,1,1,1,1,0.709627329192547,1,1,0.103448275862069,1,0.0546282245827011,0.807395993836672,1,0.315467075038285,0.307926829268293,0.0736842105263158,0.691472868217054,1,1,0.287878787878788,0.312693498452012,1,0.165413533834586,1,0.326836581709145,0.311912225705329,1,1,0.782407407407407,0.30804248861912,0.719325153374233,0.960365853658537,0.30568356374808,0,1,0.542600896860987,1,0.298816568047337,1,0.670750382848392,0.687975646879756,0.696879643387816,1,1,0.31201248049922,0.311349693251534,0.305389221556886,0.316666666666667,0.321266968325792,0,1,0.31044776119403,1,1,0.488514548238897,0.561622464898596,1,1,1,0.332339791356185,0.317557251908397,0.314728682170543,0.684848484848485,1,1,0.0429447852760736,1,0.065597667638484,0.320644216691069,1,0.317411402157165,0.317829457364341,0.966824644549763,0.511244377811094,1,0.301634472511144,0.329866270430906,1,0.320373250388802,0.0953125,0.329704510108865,0.323664122137405,1,0.334341906202723,1,1,1,1,0.692307692307692,1,1,0,0.113293051359517,1,0.0551415797317437,0,1,0.565149136577708,0.675548589341693,1,0.0627871362940276,0.309815950920245,1,0.31733746130031,1,0.68609865470852,1,0.316436251920123,0.319340329835082,0.31866464339909,1,0.326315789473684,1,0.496206373292868,1,0.317073170731707,0.297904191616766,0.319465081723626,0.316279069767442,0.485627836611195,0.998470948012232,0.323795180722892,0.310236220472441,1,0.301492537313433,1,1,0.331804281345566,0.551569506726457,1,0.314589665653495,1,0.0500736377025037,1,0.320417287630402,0.676119402985075,0.327769347496206,0.92156862745098,0.438184663536776,0.109230769230769,0.104387291981846,1,1,0.326219512195122,1,0.314456035767511,1,0.798507462686567,1,0.326053042121685,1,1,1,1,0.329268292682927,1,0.320610687022901,0.26395173453997,1,0.30804248861912,1,0.300455235204856,0.0913173652694611,1,0.312404287901991,1,1,1,0.325825825825826,1,0.321538461538462,1,0.304084720121029,1,0.323076923076923,0.0861027190332326,1,0.639498432601881,1,1,0.314241486068111,1,1,1,1,0.319508448540707,0.307922272047833,1,0.998463901689708,0.319465081723626,0.30564263322884,1,0.442748091603053,0.669096209912536,0,0.314285714285714,0.679447852760736,1,0.316890881913303,1,0.998500749625187,1,0.315068493150685,0.321907600596125,0.318181818181818,1,1,1,0,1,0.302147239263804,0.96937212863706,0.323619631901841,0.305343511450382,0.74390243902439,1,1,1,1,1,0.0515933232169954,0.311145510835913,0.321375186846039,1,0.694610778443114,1,1,1,0.998491704374057,1,1,0.00300751879699248,0.320531757754801,1,0.301538461538462,1,0.298798798798799,1,1,1,1,1,0.317557251908397,1,0.508527131782946,0.325227963525836,0.324324324324324,0.313271604938272,0.32258064516129,0.328173374613003,0.427469135802469,0.325264750378215,0.316590563165906,0.303215926493109,1,0.322085889570552,1,0.686567164179104,0.311178247734139,0.319340329835082,0.330289193302892,1,1,1,0.264525993883792,0.312121212121212,1,0.315384615384615,0.318114874815906,0.310136157337368,0.314285714285714,0.685410334346505,1,0.325892857142857,0.309451219512195,1,0.300155520995334,1,0.308270676691729,0.310872894333844,1,1,1,0.537065052950076,1,0.697247706422018,0.0890207715133531,0.324283559577677,1,1,0.103139013452915,0.310810810810811,0.316998468606432,1,1,0.304084720121029,0.0270676691729323,0.0031104199066874,1,1,0.335311572700297,0.998477929984779,1,0.30920060331825,1,1,0.312688821752266,1,1,1,1,0.326153846153846,0.307237813884786,0.32,1,1,0.676602086438152,0.311278195488722,1,0.31508875739645,0.293577981651376,1,1,0.998484848484849,1,1,0.323574730354391,1,1,0.112480739599384,0.327844311377246,0.49923896499239,0.303405572755418,0.67175572519084,0.316187594553706,1,0.313178294573643,0.326656394453005,0.26395173453997,0.314540059347181,1,0.319587628865979,1,1,1,0.310975609756098,0.318385650224215,0.998500749625187,0.914330218068536,0.0724191063174114,1,0.314503816793893,0.31937984496124,0.308510638297872,1,0.322289156626506,0.473604826546003,0.317629179331307,0.304012345679012,0.314241486068111,0.31039755351682,1,0.314728682170543,1,1,0,1,0.319938176197836,1,1,1,0.326153846153846,1,0.30640243902439,1,0.834346504559271,1,1,1,0.311746987951807,1,1,0.310502283105023,0.308868501529052,1,1,0.31306990881459,0.192878338278932,1,0.998491704374057,1,0,0.309968847352025,1,0.302891933028919,0.253086419753086,1,0.67420814479638,0.437313432835821,1,1,0.682080924855491,0.709876543209877,0.340943683409437,1,0.321646341463415,1,1,0.320987654320988,1,0.998463901689708,0.00764525993883792,0.322085889570552,1,1,0.320493066255778,1,1,0.302936630602782,0.331831831831832,1,1,1,0.533834586466165,0.310502283105023,0.341463414634146,0.316176470588235,0.324773413897281,0.697108066971081,0.32370820668693,0.317629179331307,0.309309309309309,0.25,0.320493066255778,1,0.313343328335832,0.998477929984779,0.309880239520958,0.0888888888888889,0.0583832335329341,1,1,0.0466867469879518,1,0.68609865470852,0.0493273542600897,0.010752688172043,1,0.687687687687688,1,1,0.551617873651772,1,0,0.0821705426356589,1,1,1,0.320987654320988,0.650724637681159,0.689873417721519,0.99400299850075,1,0.981818181818182,0.305810397553517,0.337941628264209,1,0.302611367127496,1,0.371987951807229,0.108359133126935,0.304281345565749,0.323054331864905,0.330670926517572,1,0.0843195266272189,1,1,1,0.261976047904192,0.325115562403698,1,0.323619631901841,1,1,0.303759398496241,1,0.323529411764706,1,0.30521472392638,0.330792682926829,1,0.685099846390169,0.311669128508124,1,0.306625577812018,0.753363228699552,0.314159292035398,0.162650602409639,0.31858407079646,0.759878419452888,0.298461538461538,1,0.323308270676692,0.338830584707646,0.288956127080182,1,1,1,0.9640625,0.342229199372057,1,0.31875,1,0.318541996830428,0.313432835820896,1,1,1,0.912121212121212,1,0.309417040358744,0.316642120765832,1,1,0.054858934169279,0.0832049306625578,1,1,0.309707241910632,1,1,0.308157099697885,1,1,0.684370257966616,0.539143279172821,1,0,1,1,0.105812220566319,0.318181818181818,1,0.321266968325792,0.998463901689708,0.96,0.998489425981873,0.815592203898051,1,0.325581395348837,1,1,1,0,0.310236220472441,1,1,0.678353658536585,1,0.314199395770393,0.359090909090909,0.315068493150685,1,1,1,0.0988023952095808,0.316846986089645,0.0950155763239875,0.998463901689708,0.312874251497006,0.303120356612184,0.352048558421851,0,1,0.949848024316109,1,1,0.3234375,0.29745889387145,0.171032357473035,0.0458715596330275,0.316187594553706,0.306990881458967,0.325373134328358,0,0.307110438729198,1,0,0.310911808669656,1,1,1,0.312781954887218,0.319402985074627,0.0407523510971787,1,0.310769230769231,0.307228915662651,1,1,0.317147192716237,0.698289269051322,1,1,0.695987654320988,1,0.304023845007452,1,0.307692307692308,0.529411764705882,0.670694864048338,0.413843888070692,1,0.296572280178838,0.31044776119403,0.682779456193353,0.672131147540984,1,0.31784107946027,1,0.311111111111111,1,0.314589665653495,0.298136645962733,0.353030303030303,0.52623688155922,0.318885448916409,0.306625577812018,0.670229007633588,0.31570996978852,0.150234741784038,1,0,1,0.287022900763359,1,0,0.320610687022901,0.311450381679389,1,0.0648967551622419,1,0.0950920245398773,0.331782945736434,1,0.0732436472346786,0.67530487804878,1,1,1,0.3152,0.0464767616191904,1,0.436834094368341,0.102523659305994,0.35207100591716,0.31969696969697,0.317293233082707,1,1,1,1,1,0.0739644970414201,0.995535714285714,0.687975646879756,0.00291120815138282,0.32375189107413,1,1,1,1,0.0927051671732523,0.31547619047619,1,1,1,1,1,1,0.484398216939079,0,1,0.0892857142857143,0.317073170731707,0.435508345978756,1,0.399075500770416,0.312202852614897,0.316265060240964,1,0.0466165413533835,0.315629742033384,1,1,0.362095531587057,0.309880239520958,0.30804248861912,0.306853582554517,0.998487140695915,0.321372854914197,0.310606060606061,0.422535211267606,0.310975609756098,0.967065868263473,0.311209439528024,0.0872274143302181,0.3267776096823,0,1,0.0948012232415902,0.303353658536585,0.313846153846154,0.317972350230415,1,1,1,1,1,1,0.330769230769231,1,0.311077389984825,0.311793214862682,0.608108108108108,0.683720930232558,1,1,0,0.310650887573964,0.123100303951368,0.998531571218796,0.0423600605143722,1,1,0.313755795981453,1,1,0.623655913978495,0.419303797468354,0.99568345323741,0.0850077279752705,0.106976744186047,1,1,1,0.0896860986547085,0,0.316642120765832,0.427258805513017,0.310911808669656,0,0.321646341463415,0.0958268933539413,1,1,0.318181818181818,0.312121212121212,0.246951219512195,0.329192546583851,0.311377245508982,0.323262839879154,1,1,0.327718223583461,1,0,1,0.228177641653905,1,0.671664167916042,1,0.309559939301973,0.311912225705329,0.0832072617246596,0.681681681681682,1,1,0.7947932618683,0.903426791277259,0.315629742033384,0.316614420062696,1,0.316998468606432,0.262996941896024,0.3171875,1,0.1089258698941,1,1,0.314674735249622,0.682027649769585,0.302180685358255,1,1,0.305722891566265,0.303759398496241,0.315868263473054,0.854294478527607,0.311728395061728,1,0.0638297872340425,1,1,0.699551569506726,0.645801526717557,0.315457413249211,0.0643185298621746,0.31441717791411,1,1,0.303353658536585,0.322033898305085,0.632835820895522,1,0.303571428571429,0.370870870870871,0.30804248861912,0.987951807228916,0.470769230769231,0.00303951367781155,0.303490136570561,0.324404761904762,0.328682170542636,0.312883435582822,0.313235294117647,0.970282317979198,1,0.309090909090909,0.547581903276131,0.691244239631336,0.245827010622155,0.686305732484076,1,0.31866464339909,0.00152905198776758,0.326153846153846,0.31306990881459,0.371641791044776,0.314814814814815,0,0.33987915407855,0.311450381679389,0.319444444444444,0.308396946564885
"229",0.998410174880763,0.998422712933754,0.998430141287284,0.998387096774194,0.998435054773083,0.998415213946117,0.701112877583466,0.998425196850394,0.998442367601246,0.100961538461538,1,0.046656298600311,0.809748427672956,1,0.322274881516588,0.307692307692308,0.0631741140215717,0.679214402618658,1,1,0.295238095238095,0.315705128205128,0.998454404945904,0.164086687306502,0.998468606431853,0.326053042121685,0.32520325203252,0.998387096774194,1,0.7744,0.312302839116719,0.711627906976744,0.95679012345679,0.314375987361769,0.00158982511923688,0.998347107438017,0.550387596899225,0.998459167950693,0.298937784522003,0.998447204968944,0.669826224328594,0.681318681318681,0.686244204018547,0.998435054773083,0.998402555910543,0.313694267515924,0.310236220472441,0.311627906976744,0.328660436137072,0.330757341576507,0,0.998430141287284,0.307453416149068,0.998442367601246,0.998456790123457,0.496845425867508,0.571428571428571,0.9984,1,0.998410174880763,0.337442218798151,0.318611987381703,0.322683706070288,0.683788121990369,0.998384491114701,1,0.0347551342812006,0.998439937597504,0.0591805766312595,0.321592649310873,0.998447204968944,0.319047619047619,0.329581993569132,0.961165048543689,0.516279069767442,0.998496240601504,0.31104199066874,0.328725038402458,0.998447204968944,0.3216,0.0892857142857143,0.329173166926677,0.327639751552795,0.998435054773083,0.339593114241002,0.998489425981873,0.998420221169036,0.998425196850394,0.998449612403101,0.692789968652038,0.998422712933754,1,0.00157728706624606,0.108191653786708,0.998407643312102,0.0460829493087558,0.0015625,0.998447204968944,0.55877616747182,0.673633440514469,0.998422712933754,0.0518053375196232,0.322327044025157,0.99837925445705,0.312202852614897,0.998425196850394,0.685185185185185,0.998452012383901,0.321144674085851,0.326018808777429,0.325471698113208,0.998422712933754,0.32755905511811,0.998427672955975,0.496147919876733,0.998473282442748,0.318181818181818,0.31039755351682,0.330218068535826,0.321656050955414,0.485225505443235,0.996850393700787,0.32258064516129,0.3168,0.998439937597504,0.307453416149068,1,0.998452012383901,0.336477987421384,0.554364471669219,0.998394863563403,0.318541996830428,0.998394863563403,0.0437405731523379,1,0.318818040435459,0.669254658385093,0.333333333333333,0.9312,0.439868204283361,0.105754276827372,0.1024,0.998384491114701,1,0.323343848580442,0.998447204968944,0.319634703196347,0.998432601880878,0.800307219662058,0.998466257668712,0.32258064516129,1,0.998407643312102,1,1,0.33175355450237,1,0.329581993569132,0.268933539412674,0.9984375,0.320813771517997,0.998477929984779,0.302694136291601,0.0901898734177215,1,0.322115384615385,0.998454404945904,0.998439937597504,0.998420221169036,0.334883720930233,0.998430141287284,0.325396825396825,0.998402555910543,0.313479623824451,0.998376623376623,0.324409448818898,0.0729813664596273,0.998430141287284,0.63961038961039,0.998389694041868,0.998415213946117,0.317512274959083,0.998417721518987,0.998420221169036,0.9984375,0.998420221169036,0.325914149443561,0.312693498452012,0.998384491114701,0.996860282574568,0.323076923076923,0.309409888357257,0.998420221169036,0.452566096423017,0.670229007633588,0.00158982511923688,0.324492979719189,0.67246835443038,0.998444790046656,0.321592649310873,0.998397435897436,0.996918335901387,0.998432601880878,0.321428571428571,0.324574961360124,0.32843137254902,0.998475609756098,1,0.998442367601246,0,0.998427672955975,0.313195548489666,0.969936708860759,0.320695102685624,0.314465408805031,0.7515625,1,0.998447204968944,0.998432601880878,0.998442367601246,0.998402555910543,0.04858934169279,0.32484076433121,0.325688073394495,1,0.678955453149002,0.998477929984779,1,1,0.996875,1,0.998484848484849,0.00461538461538462,0.328660436137072,1,0.304487179487179,0.998435054773083,0.308892355694228,0.998447204968944,0.998397435897436,0.998425196850394,0.998394863563403,0.998384491114701,0.323854660347551,0.998430141287284,0.498412698412698,0.331259720062208,0.32258064516129,0.323296354992076,0.322327044025157,0.333863275039746,0.434920634920635,0.329704510108865,0.31839258114374,0.312693498452012,0.998477929984779,0.320813771517997,0.998363338788871,0.685185185185185,0.318611987381703,0.322429906542056,0.32967032967033,0.998384491114701,0.998412698412698,0.998420221169036,0.27172195892575,0.311708860759494,0.998444790046656,0.324921135646688,0.331797235023041,0.31496062992126,0.324116743471582,0.68125,1,0.327160493827161,0.315286624203822,0.998439937597504,0.306451612903226,0.998473282442748,0.317901234567901,0.325508607198748,1,0.998397435897436,0.998447204968944,0.54773082942097,1,0.682034976152623,0.0858433734939759,0.3203125,0.998459167950693,1,0.0996835443037975,0.325115562403698,0.326984126984127,0.998363338788871,0.998432601880878,0.305863708399366,0.0234741784037559,0.00477707006369427,0.9984,1,0.329754601226994,1,0.998482549317147,0.316436251920123,0.998417721518987,0.998452012383901,0.321538461538462,0.998412698412698,1,0.998442367601246,0.998430141287284,0.325471698113208,0.316590563165906,0.331715210355987,0.998432601880878,1,0.65891472868217,0.312989045383412,0.998412698412698,0.321212121212121,0.303738317757009,0.998454404945904,0.998473282442748,0.996860282574568,0.998442367601246,1,0.328125,0.998397435897436,1,0.1088,0.329192546583851,0.504777070063694,0.308562197092084,0.67304625199362,0.322378716744914,0.998480243161094,0.310725552050473,0.333860759493671,0.26502311248074,0.322429906542056,0.998412698412698,0.326747720364742,1,0.998430141287284,0.998452012383901,0.317111459968603,0.327131782945736,0.996884735202492,0.920840064620355,0.0612244897959184,0.998407643312102,0.3125,0.329073482428115,0.314516129032258,0.9984,0.323574730354391,0.474097331240188,0.324960753532182,0.313971742543171,0.311708860759494,0.30622009569378,1,0.332278481012658,0.998376623376623,0.998417721518987,0.00156985871271586,0.998435054773083,0.32182103610675,1,1,0.998381877022654,0.332273449920509,0.998456790123457,0.317230273752013,0.998447204968944,0.829652996845426,0.998430141287284,0.9984,0.998477929984779,0.327613104524181,1,0.998415213946117,0.311320754716981,0.311216429699842,0.998454404945904,0.998449612403101,0.316957210776545,0.202177293934681,0.998405103668262,0.998456790123457,1,0.0015527950310559,0.314696485623003,0.998381877022654,0.316118935837246,0.256369426751592,0.998422712933754,0.676056338028169,0.437888198757764,0.998402555910543,0.998439937597504,0.67921686746988,0.697492163009404,0.346333853354134,0.9984375,0.315789473684211,0.998417721518987,0.998389694041868,0.335433070866142,0.998435054773083,0.996820349761526,0.00934579439252336,0.323343848580442,1,0.998405103668262,0.325949367088608,0.998454404945904,0.998397435897436,0.317535545023697,0.339035769828927,0.998397435897436,0.998425196850394,1,0.520249221183801,0.313178294573643,0.342812006319115,0.322239031770045,0.335394126738794,0.695447409733124,0.335394126738794,0.328149300155521,0.316358024691358,0.257142857142857,0.323717948717949,0.998435054773083,0.322033898305085,0.996879875195008,0.315047021943574,0.0876923076923077,0.0529595015576324,0.998466257668712,0.998452012383901,0.0380952380952381,0.998392282958199,0.685099846390169,0.0451713395638629,0.0111821086261981,0.998444790046656,0.687010954616588,1,0.998442367601246,0.55448717948718,0.998442367601246,0.00156739811912226,0.074313408723748,0.998415213946117,0.998439937597504,0.998439937597504,0.323763955342903,0.649253731343284,0.686688311688312,0.993827160493827,0.9984375,0.984227129337539,0.313084112149533,0.346456692913386,0.998430141287284,0.306603773584906,1,0.365506329113924,0.108832807570978,0.307931570762053,0.320121951219512,0.346218487394958,0.998477929984779,0.0801232665639445,0.998461538461539,0.99836867862969,0.998422712933754,0.271604938271605,0.325949367088608,0.998402555910543,0.332283464566929,1,0.998394863563403,0.310291858678955,1,0.326251896813354,0.9984375,0.312599681020734,0.321316614420063,1,0.68312101910828,0.315384615384615,1,0.316211878009631,0.75195007800312,0.313178294573643,0.165123456790123,0.323170731707317,0.768621236133122,0.304140127388535,0.998392282958199,0.327014218009479,0.345092024539877,0.290880503144654,0.998420221169036,0.998412698412698,0.998482549317147,0.969105691056911,0.344103392568659,0.998427672955975,0.324717285945073,0.998430141287284,0.317073170731707,0.317411402157165,0.998422712933754,0.998407643312102,0.998466257668712,0.912772585669782,0.998444790046656,0.31441717791411,0.32018927444795,1,0.998412698412698,0.0512,0.0771653543307087,1,0.998405103668262,0.315789473684211,1,1,0.310015898251192,0.998381877022654,0.998442367601246,0.672386895475819,0.541666666666667,1,0.00150829562594268,0.998420221169036,0.998435054773083,0.101404056162246,0.332278481012658,0.998427672955975,0.319182389937107,0.998407643312102,0.961661341853035,0.996884735202492,0.816770186335404,1,0.328502415458937,1,0.998397435897436,0.998394863563403,0.00154083204930663,0.32183908045977,0.998422712933754,0.998459167950693,0.666666666666667,0.998456790123457,0.327044025157233,0.367441860465116,0.321372854914197,0.9984375,0.9984375,0.998410174880763,0.0967238689547582,0.326433121019108,0.0907643312101911,0.998420221169036,0.308641975308642,0.309230769230769,0.35625,0.00158227848101266,0.998442367601246,0.959055118110236,0.998447204968944,0.998454404945904,0.325396825396825,0.308166409861325,0.166666666666667,0.0382165605095541,0.329173166926677,0.310725552050473,0.331782945736434,0.00160513643659711,0.31733746130031,0.998466257668712,0,0.320373250388802,0.998427672955975,0.998410174880763,1,0.322378716744914,0.322239031770045,0.0337078651685393,0.998459167950693,0.31924882629108,0.306027820710974,0.998449612403101,0.998449612403101,0.319875776397516,0.6928,0.998425196850394,0.998412698412698,0.696774193548387,0.998454404945904,0.310452418096724,0.998407643312102,0.312101910828025,0.537383177570093,0.670788253477589,0.411402157164869,0.998447204968944,0.300613496932515,0.317034700315457,0.681747269890796,0.667692307692308,1,0.3234375,0.998381877022654,0.316030534351145,1,0.322981366459627,0.309033280507132,0.351351351351351,0.529595015576324,0.323717948717949,0.318327974276527,0.66875,0.323943661971831,0.151219512195122,0.998407643312102,0.00154320987654321,0.998454404945904,0.296950240770466,1,0.00156985871271586,0.324492979719189,0.323151125401929,0.998405103668262,0.0576631259484067,0.998420221169036,0.089171974522293,0.340659340659341,0.998420221169036,0.0639625585023401,0.678683385579937,0.998432601880878,0.998432601880878,0.998449612403101,0.30983606557377,0.0399385560675883,0.998470948012232,0.428346456692913,0.0976,0.359013867488444,0.326656394453005,0.324031007751938,0.998417721518987,0.998410174880763,0.998394863563403,0.998420221169036,0.998444790046656,0.0643185298621746,0.995356037151703,0.678233438485804,0.00300751879699248,0.321766561514196,0.9984375,0.9984375,0.998387096774194,0.998463901689708,0.0894819466248038,0.322678843226788,0.998452012383901,0.998412698412698,1,0.998427672955975,0.998435054773083,1,0.491499227202473,0.00161030595813205,0.998427672955975,0.0840978593272171,0.316770186335404,0.440944881889764,0.998435054773083,0.396551724137931,0.316393442622951,0.315301391035549,0.998435054773083,0.0413476263399694,0.319508448540707,0.998463901689708,0.998430141287284,0.369009584664537,0.303265940902022,0.312401883830455,0.322222222222222,0.996875,0.326298701298701,0.320373250388802,0.426307448494453,0.316614420062696,0.973520249221184,0.315068493150685,0.0806451612903226,0.330721003134796,0.00154083204930663,1,0.0923317683881064,0.304700162074554,0.326498422712934,0.318611987381703,0.998435054773083,0.998430141287284,0.998376623376623,1,1,0.998381877022654,0.3344,0.998439937597504,0.319182389937107,0.320066334991708,0.625,0.679873217115689,0.998459167950693,0.998442367601246,0.00154320987654321,0.318529862174579,0.1203125,0.996951219512195,0.0411392405063291,0.998435054773083,0.998381877022654,0.325949367088608,0.998417721518987,0.998347107438017,0.638801261829653,0.425324675324675,0.995495495495496,0.0818619582664527,0.1008,0.998444790046656,0.998415213946117,0.998442367601246,0.0913385826771654,0.00154798761609907,0.326120556414219,0.425361155698234,0.321044546850998,0.00153139356814701,0.329093799682035,0.087719298245614,1,0.998417721518987,0.326086956521739,0.320251177394035,0.252365930599369,0.3296,0.314329738058552,0.323943661971831,0.998427672955975,0.998442367601246,0.33125,0.998493975903614,0,0.998415213946117,0.235955056179775,0.998373983739837,0.673312883435583,0.998461538461539,0.3140625,0.319047619047619,0.0765625,0.677018633540373,0.998425196850394,0.998412698412698,0.780063291139241,0.904065040650406,0.320695102685624,0.315955766192733,0.998439937597504,0.318181818181818,0.264752791068581,0.32258064516129,1,0.105754276827372,0.998422712933754,0.998415213946117,0.31937984496124,0.673534072900158,0.317307692307692,1,0.998407643312102,0.309119010819165,0.309006211180124,0.32469512195122,0.857369255150555,0.315789473684211,0.998425196850394,0.0546875,0.998456790123457,0.998360655737705,0.701834862385321,0.645865834633385,0.318979266347687,0.0543130990415335,0.32484076433121,0.998407643312102,0.998373983739837,0.308544303797468,0.337042925278219,0.627943485086342,0.998439937597504,0.311526479750779,0.371340523882897,0.313664596273292,0.981481481481482,0.479299363057325,0.0046656298600311,0.3109375,0.326186830015314,0.338141025641026,0.315112540192926,0.321100917431193,0.97191887675507,0.998427672955975,0.318818040435459,0.554294975688817,0.68370607028754,0.25,0.691935483870968,0.9984,0.3328125,0.00473186119873817,0.325581395348837,0.313084112149533,0.370253164556962,0.326433121019108,0.00155038759689922,0.337519623233909,0.32484076433121,0.320063694267516,0.311708860759494
"230",0.998425196850394,0.998477929984779,1,1,0.998449612403101,1,0.714285714285714,1,0.998473282442748,0.0988835725677831,1,0.0452418096723869,0.819466248037677,0.9984375,0.308056872037915,0.298780487804878,0.0669710806697108,0.70048309178744,0.998447204968944,0.998473282442748,0.283255086071987,0.304212168486739,0.998466257668712,0.161290322580645,0.998491704374057,0.319018404907975,0.306477093206951,0.998394863563403,0.998475609756098,0.783699059561129,0.298325722983257,0.735068912710567,0.973643410852713,0.30188679245283,0,1,0.540123456790123,1,0.289592760180996,0.998468606431853,0.674418604651163,0.685847589424572,0.70499243570348,0.998442367601246,0.998435054773083,0.301435406698565,0.297507788161994,0.301204819277108,0.315629742033384,0.310185185185185,0.00153139356814701,0.998435054773083,0.301684532924962,1,0.998487140695915,0.484423676012461,0.559429477020602,0.998435054773083,0.998461538461539,1,0.316358024691358,0.312307692307692,0.299689440993789,0.688372093023256,0.998381877022654,0.998456790123457,0.0362776025236593,0.998461538461539,0.0619335347432024,0.300153139356815,0.998459167950693,0.312883435582822,0.306349206349206,0.963665086887836,0.516279069767442,0.998482549317147,0.293394777265745,0.32824427480916,0.998473282442748,0.303174603174603,0.0950871632329636,0.308892355694228,0.3202416918429,0.998480243161094,0.321592649310873,0.998493975903614,0.998444790046656,0.9984375,0.998473282442748,0.700920245398773,0.998422712933754,0.998496240601504,0.00154083204930663,0.107197549770291,0.998420221169036,0.0468277945619335,0,0.998487140695915,0.563091482649842,0.691338582677165,0.998439937597504,0.0576323987538941,0.299531981279251,0.998392282958199,0.303125,0.998417721518987,0.70015455950541,0.998452012383901,0.304625199362041,0.306153846153846,0.305936073059361,0.998435054773083,0.315950920245399,0.998449612403101,0.486363636363636,0.998507462686567,0.302469135802469,0.298461538461538,0.312977099236641,0.313971742543171,0.484326018808777,1,0.321212121212121,0.292527821939587,0.998461538461539,0.287051482059282,0.998498498498498,0.998484848484849,0.318885448916409,0.53587786259542,0.998435054773083,0.304482225656878,0.9984,0.0430906389301634,0.998402555910543,0.308734939759036,0.688549618320611,0.317757009345794,0.928348909657321,0.424920127795527,0.110077519379845,0.0987460815047022,0.9984375,0.998397435897436,0.31651376146789,0.998466257668712,0.30640243902439,0.998439937597504,0.81010719754977,0.998489425981873,0.310725552050473,0.998427672955975,0.998439937597504,0.998435054773083,0.998432601880878,0.3265625,0.998456790123457,0.309748427672956,0.253086419753086,0.998470948012232,0.30640243902439,0.998475609756098,0.295384615384615,0.0913385826771654,0.998430141287284,0.297939778129952,0.998477929984779,0.998466257668712,0.998430141287284,0.318529862174579,0.998454404945904,0.314553990610329,0.998430141287284,0.29595015576324,1,0.308176100628931,0.0784615384615385,1,0.638436482084691,0.998420221169036,0.998449612403101,0.30298273155416,1,0.998449612403101,0.998444790046656,0.998452012383901,0.314152410575428,0.308282208588957,0.998417721518987,1,0.30757341576507,0.291139240506329,1,0.452418096723869,0.672592592592593,0.00153374233128834,0.311728395061728,0.677519379844961,1,0.313161875945537,0.998420221169036,1,1,0.306027820710974,0.306060606060606,0.318327974276527,0.998493975903614,1,1,0.0015600624024961,0.998447204968944,0.29264475743349,0.975346687211094,0.309119010819165,0.294930875576037,0.724458204334365,0.998415213946117,0.998466257668712,1,0.998432601880878,0.998439937597504,0.0462962962962963,0.300787401574803,0.312781954887218,0.998473282442748,0.69359756097561,1,0.998491704374057,0.996875,1,0.998430141287284,0.998489425981873,0.0062111801242236,0.316816816816817,0.998468606431853,0.295238095238095,1,0.287925696594427,0.998475609756098,0.998432601880878,0.998435054773083,0.998420221169036,0.998415213946117,0.316037735849057,1,0.496835443037975,0.313364055299539,0.316187594553706,0.299373040752351,0.31201248049922,0.311424100156495,0.408585055643879,0.32,0.299539170506912,0.301857585139319,1,0.307453416149068,1,0.698198198198198,0.299079754601227,0.302571860816944,0.319875776397516,1,0.998427672955975,1,0.261417322834646,0.303875968992248,0.998459167950693,0.307448494453249,0.307926829268293,0.301092043681747,0.306990881458967,0.689335394126739,0.998442367601246,0.310502283105023,0.308056872037915,0.998420221169036,0.2912,0.998480243161094,0.301515151515152,0.295489891135303,0.998444790046656,0.9984,0.998447204968944,0.53953488372093,0.998415213946117,0.690880989180835,0.086232980332829,0.313935681470138,0.998484848484849,0.998410174880763,0.104294478527607,0.298165137614679,0.317460317460317,1,0.998430141287284,0.287461773700306,0.0233281493001555,0.00470219435736677,0.998425196850394,0.998402555910543,0.322188449848024,0.996927803379416,0.998518518518518,0.292307692307692,1,0.998459167950693,0.302795031055901,0.998444790046656,0.998439937597504,0.998449612403101,0.9984375,0.316692667706708,0.298350824587706,0.315112540192926,0.998461538461539,0.998427672955975,0.676829268292683,0.3046875,0.9984375,0.305722891566265,0.291472868217054,1,0.998491704374057,1,0.998456790123457,0.998470948012232,0.306976744186047,0.9984375,0.998435054773083,0.110759493670886,0.322480620155039,0.484709480122324,0.296875,0.67981072555205,0.303490136570561,0.998511904761905,0.300157977883096,0.323529411764706,0.254601226993865,0.312883435582822,1,0.315555555555556,0.998454404945904,0.9984375,1,0.305810397553517,0.304615384615385,1,0.9232,0.0651162790697674,0.998420221169036,0.304482225656878,0.309262166405024,0.300314465408805,0.998387096774194,0.312883435582822,0.468217054263566,0.312404287901991,0.289308176100629,0.301435406698565,0.296583850931677,0.998477929984779,0.312302839116719,0.998412698412698,0.998444790046656,0.00155763239875389,0.9984375,0.309375,0.998463901689708,1,0.998425196850394,0.3171875,0.998496240601504,0.299363057324841,0.998491704374057,0.839753466872111,0.998452012383901,0.998422712933754,0.998444790046656,0.3015625,1,0.998435054773083,0.296296296296296,0.306976744186047,1,0.998456790123457,0.301223241590214,0.19482496194825,0.998405103668262,1,0.998463901689708,0.00153846153846154,0.304278922345483,0.998417721518987,0.296296296296296,0.2453125,1,0.685670261941448,0.429878048780488,1,0.998466257668712,0.69047619047619,0.703761755485893,0.343032159264931,0.998444790046656,0.305900621118012,0.998454404945904,1,0.319875776397516,0.998477929984779,1,0.0108864696734059,0.306853582554517,0.998447204968944,0.998452012383901,0.314285714285714,0.998463901689708,0.998371335504886,0.293103448275862,0.330815709969789,1,1,1,0.523736600306279,0.295281582952816,0.334913112164297,0.303303303303303,0.317262830482115,0.7046875,0.316923076923077,0.314241486068111,0.306646525679758,0.242283950617284,0.3024,0.998475609756098,0.306427503736921,1,0.301857585139319,0.0872781065088757,0.0521472392638037,0.998493975903614,1,0.037037037037037,1,0.691603053435115,0.0444104134762634,0.0139968895800933,0.998477929984779,0.691833590138675,0.998456790123457,0.998452012383901,0.544461778471139,0.998452012383901,0.00153609831029186,0.0748407643312102,1,0.998477929984779,1,0.310832025117739,0.65727002967359,0.703225806451613,0.990853658536585,0.998461538461539,0.981623277182236,0.291472868217054,0.334360554699538,0.998466257668712,0.288854003139717,0.998468606431853,0.363919129082426,0.108490566037736,0.287713841368585,0.3125,0.322368421052632,1,0.0840840840840841,0.998487140695915,0.9984,1,0.258409785932722,0.31201248049922,0.998427672955975,0.311912225705329,0.998422712933754,0.998397435897436,0.298484848484848,0.998425196850394,0.309063893016345,1,0.298136645962733,0.302795031055901,0.998475609756098,0.691717791411043,0.301204819277108,1,0.29635499207607,0.774193548387097,0.301634472511144,0.167420814479638,0.304932735426009,0.774844720496894,0.300787401574803,0.998397435897436,0.309230769230769,0.328725038402458,0.283969465648855,0.998459167950693,1,0.998502994011976,0.968152866242038,0.330696202531646,0.998470948012232,0.310897435897436,0.998459167950693,0.30048465266559,0.311077389984825,0.998456790123457,0.998422712933754,1,0.913312693498452,0.998491704374057,0.302255639097744,0.309597523219814,0.998470948012232,1,0.0508744038155803,0.0860719874804382,0.998447204968944,0.998427672955975,0.299065420560748,0.998463901689708,0.998473282442748,0.302795031055901,0.998381877022654,0.998452012383901,0.693374422187982,0.536953242835596,1,0.00145985401459854,0.998452012383901,0.998482549317147,0.103658536585366,0.314814814814815,1,0.309262166405024,1,0.96513470681458,1,0.829787234042553,0.998447204968944,0.315789473684211,0.998468606431853,1,0.9984375,0,0.307814992025518,0.998410174880763,0.998468606431853,0.680124223602484,0.998459167950693,0.306027820710974,0.359447004608295,0.310769230769231,1,1,0.9984375,0.094311377245509,0.309148264984227,0.0916271721958926,1,0.300911854103343,0.298642533936652,0.346444780635401,0.00157728706624606,1,0.956723338485317,0.998459167950693,0.998468606431853,0.312302839116719,0.292609351432881,0.163265306122449,0.0410094637223975,0.306376360808709,0.301092043681747,0.321212121212121,0.00159744408945687,0.307931570762053,0.998477929984779,0.00153846153846154,0.308383233532934,0.998468606431853,0.998444790046656,0.998449612403101,0.308980213089802,0.311278195488722,0.0318471337579618,0.998452012383901,0.300940438871473,0.29500756429652,0.998447204968944,0.998452012383901,0.306646525679758,0.712195121951219,0.998407643312102,1,0.699376947040498,0.998473282442748,0.289634146341463,0.998456790123457,0.306962025316456,0.533434650455927,0.685325264750378,0.396992481203008,0.998452012383901,0.283969465648855,0.308980213089802,0.687692307692308,0.680365296803653,0.998447204968944,0.310769230769231,1,0.31570996978852,0.998452012383901,0.311349693251534,0.296583850931677,0.336990595611285,0.518633540372671,0.303125,0.289968652037618,0.68160741885626,0.298299845440495,0.153968253968254,1,0.00151057401812689,1,0.281446540880503,0.998470948012232,0.00153609831029186,0.308411214953271,0.305379746835443,0.998402555910543,0.0596125186289121,0.998463901689708,0.0842433697347894,0.332278481012658,0.998456790123457,0.065015479876161,0.680124223602484,0.998468606431853,1,1,0.295454545454545,0.0455235204855842,0.998487140695915,0.424806201550388,0.102040816326531,0.346625766871166,0.307692307692308,0.312594840667678,0.998452012383901,1,0.998430141287284,1,1,0.0668693009118541,0.995419847328244,0.6875,0.00597014925373134,0.312404287901991,0.998466257668712,0.998456790123457,0.998425196850394,0.998482549317147,0.0933125972006221,0.301972685887709,1,0.998435054773083,0.998392282958199,0.998415213946117,1,0.998432601880878,0.490909090909091,0.0031201248049922,0.998442367601246,0.0866261398176292,0.310769230769231,0.43701399688958,1,0.387247278382582,0.301282051282051,0.30568356374808,0.998461538461539,0.0385802469135802,0.309341500765697,0.998459167950693,1,0.361067503924647,0.298325722983257,0.306278713629403,0.306349206349206,1,0.317034700315457,0.311450381679389,0.407582938388626,0.300940438871473,0.971212121212121,0.300448430493274,0.0858505564387917,0.311627906976744,0,0.998430141287284,0.0938967136150235,0.294770206022187,0.308411214953271,0.312597200622084,0.998468606431853,0.998459167950693,0.998402555910543,0.998435054773083,0.998412698412698,0.998430141287284,0.324367088607595,1,0.309707241910632,0.297029702970297,0.598765432098765,0.693877551020408,1,0.998473282442748,0.00152905198776758,0.310136157337368,0.124233128834356,1,0.0340030911901082,0.998439937597504,0.998384491114701,0.302839116719243,0.998459167950693,0.998402555910543,0.615987460815047,0.407936507936508,0.995575221238938,0.082670906200318,0.104265402843602,0.998454404945904,1,0.998459167950693,0.0911949685534591,0,0.309090909090909,0.425499231950845,0.294930875576037,0.00154320987654321,0.31875,0.0876369327073552,0.998454404945904,0.998405103668262,0.309923664122137,0.309119010819165,0.249617151607963,0.322274881516588,0.30441400304414,0.312404287901991,0.998430141287284,1,0.312302839116719,0.998511904761905,0.00153609831029186,0.998427672955975,0.226209048361934,0.998425196850394,0.682442748091603,0.998480243161094,0.298600311041991,0.299524564183835,0.0796324655436447,0.683969465648855,0.998425196850394,0.998435054773083,0.797822706065319,0.884430176565008,0.310452418096724,0.31104199066874,0.998459167950693,0.309707241910632,0.250391236306729,0.3109375,0.998500749625187,0.106481481481481,0.998449612403101,0.9984375,0.300155520995334,0.691318327974277,0.299050632911392,1,0.998470948012232,0.298461538461538,0.291472868217054,0.298642533936652,0.854430379746835,0.303174603174603,0.998435054773083,0.0563165905631659,0.998461538461539,0.998425196850394,0.707241910631741,0.652241112828439,0.304897314375987,0.053680981595092,0.31201248049922,0.998447204968944,1,0.292452830188679,0.309486780715397,0.618683001531394,0.998475609756098,0.295281582952816,0.366003062787136,0.300604229607251,0.980243161094225,0.479299363057325,0.0061633281972265,0.290715372907154,0.309923664122137,0.315955766192733,0.311708860759494,0.30804248861912,0.974242424242424,0.998442367601246,0.298136645962733,0.544871794871795,0.698587127158556,0.240683229813665,0.70096463022508,1,0.307453416149068,0.00312989045383412,0.315457413249211,0.304878048780488,0.355932203389831,0.306477093206951,0.0015220700152207,0.320493066255778,0.305863708399366,0.309636650868878,0.308641975308642
"231",1,1,1,1,1,1,0.732371794871795,1,1,0.100323624595469,1,0.0438871473354232,0.804451510333863,1,0.29874213836478,0.291731669266771,0.0628930817610063,0.704730831973899,1,1,0.266666666666667,0.296998420221169,1,0.154929577464789,1,0.30757341576507,0.293739967897271,1,1,0.767036450079239,0.29153605015674,0.716981132075472,0.963779527559055,0.300314465408805,0,1,0.546875,1,0.285053929121726,1,0.683464566929134,0.704968944099379,0.713178294573643,1,1,0.299840510366826,0.298555377207063,0.290322580645161,0.304482225656878,0.312307692307692,0,1,0.291472868217054,1,1,0.484602917341977,0.566246056782334,1,1,1,0.311627906976744,0.291798107255521,0.292993630573248,0.70253164556962,1,1,0.0393700787401575,1,0.0598159509202454,0.302469135802469,1,0.294025157232704,0.307317073170732,0.974151857835218,0.535321821036107,1,0.283489096573209,0.312693498452012,1,0.292407108239095,0.0887096774193548,0.306349206349206,0.302839116719243,1,0.320373250388802,1,1,1,1,0.712749615975422,1,1,0.00158227848101266,0.105666156202144,1,0.0444104134762634,0,1,0.582113821138211,0.690095846645367,1,0.0544,0.298107255520505,1,0.296,1,0.705329153605016,1,0.306349206349206,0.302362204724409,0.293478260869565,1,0.302507836990596,1,0.50386398763524,1,0.297169811320755,0.307692307692308,0.306990881458967,0.3,0.501557632398754,0.998420221169036,0.298904538341158,0.301127214170692,1,0.293563579277865,1,1,0.337007874015748,0.533333333333333,1,0.29746835443038,1,0.0409090909090909,1,0.295839753466872,0.697965571205008,0.311145510835913,0.93125,0.413961038961039,0.104928457869634,0.0981012658227848,1,1,0.310725552050473,1,0.293577981651376,1,0.791862284820031,1,0.300319488817891,1,1,1,1,0.310725552050473,1,0.30952380952381,0.267584097859327,1,0.290372670807453,1,0.281200631911532,0.0874403815580286,1,0.296950240770466,1,1,1,0.315457413249211,1,0.311708860759494,1,0.280507131537242,1,0.299212598425197,0.0736677115987461,1,0.649006622516556,1,1,0.301587301587302,1,1,1,1,0.301261829652997,0.292307692307692,1,0.998412698412698,0.295489891135303,0.295238095238095,1,0.453125,0.688073394495413,0,0.297971918876755,0.691455696202532,1,0.31201248049922,1,0.998454404945904,1,0.293185419968304,0.296998420221169,0.302100161550889,1,1,1,0,1,0.2896,0.9703125,0.300476947535771,0.289763779527559,0.756211180124224,1,1,1,1,1,0.0410742496050553,0.300314465408805,0.303738317757009,1,0.700315457413249,1,1,1,0.998430141287284,1,1,0.0031055900621118,0.320987654320988,1,0.289855072463768,1,0.285493827160494,1,1,1,1,1,0.307570977917981,1,0.496815286624204,0.308661417322835,0.311248073959938,0.294117647058824,0.30298273155416,0.31104199066874,0.400630914826498,0.309006211180124,0.295839753466872,0.296583850931677,1,0.30173775671406,1,0.708206686930091,0.294670846394984,0.321928460342146,0.315541601255887,1,1,1,0.270531400966184,0.287301587301587,1,0.295055821371611,0.305343511450382,0.291021671826625,0.304416403785489,0.705974842767296,1,0.305426356589147,0.29559748427673,1,0.285488958990536,1,0.291858678955453,0.296998420221169,1,1,1,0.556782334384858,1,0.703296703296703,0.0809160305343511,0.304953560371517,1,1,0.100463678516229,0.303738317757009,0.307568438003221,1,1,0.285271317829457,0.0234375,0.00159235668789809,1,1,0.320493066255778,0.998417721518987,1,0.296296296296296,1,1,0.298107255520505,1,1,1,1,0.306603773584906,0.29601226993865,0.311897106109325,1,1,0.689922480620155,0.304075235109718,1,0.300925925925926,0.28393135725429,1,1,0.998456790123457,1,1,0.302547770700637,1,1,0.107717041800643,0.315301391035549,0.470588235294118,0.300476947535771,0.693037974683544,0.300940438871473,1,0.292527821939587,0.3104,0.263076923076923,0.304281345565749,1,0.308868501529052,1,1,1,0.299212598425197,0.299382716049383,0.998442367601246,0.922950819672131,0.0641025641025641,1,0.297507788161994,0.308056872037915,0.291666666666667,1,0.30829420970266,0.484472049689441,0.304012345679012,0.298600311041991,0.29570747217806,0.289348171701113,1,0.302100161550889,1,1,0,1,0.307814992025518,1,1,1,0.306962025316456,1,0.2976,1,0.828346456692913,1,1,1,0.30030959752322,1,1,0.288401253918495,0.306122448979592,1,1,0.297169811320755,0.204018547140649,1,0.998447204968944,1,0,0.296474358974359,1,0.29153605015674,0.250798722044728,1,0.688291139240506,0.42,1,1,0.696240601503759,0.7232,0.323529411764706,1,0.30298273155416,1,1,0.312698412698413,1,0.998417721518987,0.00467289719626168,0.300476947535771,1,1,0.3056,1,1,0.283653846153846,0.346749226006192,1,1,1,0.52112676056338,0.281055900621118,0.32967032967033,0.296352583586626,0.311627906976744,0.706260032102729,0.302652106084243,0.310832025117739,0.295208655332303,0.251184834123223,0.302694136291601,1,0.304281345565749,0.998417721518987,0.299065420560748,0.0878787878787879,0.046801872074883,1,1,0.0379746835443038,1,0.711388455538221,0.0393700787401575,0.00956937799043062,1,0.69826224328594,1,1,0.535143769968051,1,0,0.0680713128038898,1,1,1,0.30298273155416,0.666666666666667,0.702746365105008,0.992283950617284,1,0.982866043613707,0.278560250391236,0.34850863422292,1,0.290679304897314,1,0.354330708661417,0.105691056910569,0.278560250391236,0.297872340425532,0.3125,1,0.0834621329211747,1,1,1,0.268217054263566,0.311708860759494,1,0.309636650868878,1,1,0.287250384024578,1,0.302431610942249,1,0.298578199052133,0.30173775671406,1,0.701277955271565,0.299546142208775,1,0.287974683544304,0.748427672955975,0.29595015576324,0.163297045101089,0.298780487804878,0.756289308176101,0.287337662337662,1,0.303656597774245,0.321316614420063,0.280811232449298,1,1,1,0.970779220779221,0.360065466448445,1,0.301765650080257,1,0.302631578947368,0.297090352220521,1,1,1,0.924409448818898,1,0.288819875776398,0.308166409861325,1,1,0.05,0.0776545166402536,1,1,0.297124600638978,1,1,0.3,1,1,0.694099378881988,0.551145038167939,1,0,1,1,0.101246105919003,0.315047021943574,1,0.299524564183835,0.998430141287284,0.963607594936709,0.998422712933754,0.813271604938272,1,0.310457516339869,1,1,1,0,0.297077922077922,1,1,0.689763779527559,1,0.29595015576324,0.34472049689441,0.302034428794992,1,1,1,0.0916149068322981,0.299684542586751,0.0919354838709677,0.998397435897436,0.295208655332303,0.284389489953632,0.333858267716535,0,1,0.955905511811024,1,1,0.299840510366826,0.284389489953632,0.166144200626959,0.0422535211267606,0.300314465408805,0.289099526066351,0.309486780715397,0.00156494522691706,0.299684542586751,1,0,0.297546012269939,1,1,1,0.297045101088647,0.303738317757009,0.0355411954765751,1,0.291139240506329,0.29393468118196,1,1,0.296650717703349,0.706840390879479,1,1,0.710236220472441,1,0.297090352220521,1,0.300623052959502,0.547021943573668,0.684867394695788,0.38828967642527,1,0.280674846625767,0.29153605015674,0.699376947040498,0.68266253869969,1,0.309006211180124,1,0.313935681470138,1,0.29746835443038,0.295527156549521,0.333855799373041,0.506172839506173,0.295345104333868,0.299524564183835,0.677672955974843,0.304482225656878,0.147058823529412,1,0,1,0.282780410742496,1,0,0.302362204724409,0.301612903225806,1,0.0547112462006079,1,0.0878594249201278,0.32,1,0.0625978090766823,0.691244239631336,1,1,1,0.290584415584416,0.037037037037037,1,0.417061611374408,0.0976,0.345622119815668,0.3078125,0.308868501529052,1,1,1,1,1,0.0644171779141104,0.996889580093313,0.703761755485893,0.00303490136570561,0.300623052959502,1,1,1,1,0.0884676145339652,0.297839506172839,1,1,1,1,1,1,0.510077519379845,0.00158227848101266,1,0.0839813374805599,0.30625,0.448598130841121,1,0.388443017656501,0.288524590163934,0.294025157232704,1,0.0362204724409449,0.303875968992248,1,1,0.353896103896104,0.292569659442724,0.296238244514107,0.3,0.998459167950693,0.30379746835443,0.302795031055901,0.406299212598425,0.302839116719243,0.970679012345679,0.299539170506912,0.0827922077922078,0.31104199066874,0,1,0.0913461538461538,0.286624203821656,0.291798107255521,0.30622009569378,1,1,1,1,1,1,0.316957210776545,1,0.298578199052133,0.292153589315526,0.587301587301587,0.696969696969697,1,1,0,0.29601226993865,0.118858954041204,0.998456790123457,0.0348101265822785,1,1,0.300476947535771,1,1,0.618441971383148,0.398387096774194,0.995508982035928,0.0813397129186603,0.0981012658227848,1,1,1,0.0899053627760252,0,0.294851794071763,0.404388714733542,0.296352583586626,0,0.305825242718447,0.0857142857142857,1,1,0.3,0.297169811320755,0.251572327044025,0.304487179487179,0.300925925925926,0.307210031347962,1,1,0.312399355877617,1,0,1,0.234177215189873,1,0.693877551020408,1,0.293478260869565,0.286858974358974,0.0746500777604977,0.697492163009404,1,1,0.797488226059655,0.895833333333333,0.303514376996805,0.294975688816856,1,0.3056,0.270142180094787,0.3008,1,0.103937007874016,1,1,0.30188679245283,0.703703703703704,0.291600633914422,1,1,0.291139240506329,0.29153605015674,0.300462249614792,0.8528,0.296474358974359,1,0.0561622464898596,1,1,0.716981132075472,0.668269230769231,0.301948051948052,0.05625,0.305164319248826,1,1,0.286614173228346,0.314375987361769,0.636505460218409,1,0.294753086419753,0.351851851851852,0.2953125,0.984544049459042,0.487301587301587,0.00311526479750779,0.278996865203762,0.310664605873261,0.313694267515924,0.299186991869919,0.302290076335878,0.967492260061919,1,0.298761609907121,0.565217391304348,0.69935691318328,0.241809672386895,0.706362153344209,1,0.305555555555556,0.00316455696202532,0.304552590266876,0.294117647058824,0.346153846153846,0.30048465266559,0,0.316770186335404,0.297253634894992,0.304625199362041,0.286392405063291
"232",1,1,1,1,1,1,0.709576138147567,1,1,0.0972222222222222,1,0.0467571644042232,0.815267175572519,1,0.313271604938272,0.307926829268293,0.0611940298507463,0.688783570300158,1,1,0.293663060278207,0.311728395061728,1,0.159574468085106,1,0.324242424242424,0.308527131782946,1,1,0.785604900459418,0.305722891566265,0.737631184407796,0.961890243902439,0.307692307692308,0,1,0.527522935779816,1,0.302985074626866,1,0.665644171779141,0.672782874617737,0.687782805429864,1,1,0.316846986089645,0.309230769230769,0.31044776119403,0.320182094081942,0.325301204819277,0,1,0.310344827586207,1,1,0.507716049382716,0.551145038167939,1,1,1,0.330815709969789,0.316666666666667,0.315467075038285,0.684049079754601,1,1,0.0385208012326656,1,0.0545722713864307,0.312217194570136,1,0.318112633181126,0.324960753532182,0.964006259780908,0.502248875562219,1,0.310344827586207,0.332829046898638,1,0.316692667706708,0.0910518053375196,0.325652841781874,0.327131782945736,1,0.333333333333333,1,1,1,1,0.694277108433735,1,1,0.00150602409638554,0.106766917293233,1,0.0474777448071217,0,1,0.552262090483619,0.678018575851393,1,0.0525502318392581,0.311550151975684,1,0.314024390243902,1,0.689497716894977,1,0.320182094081942,0.31784107946027,0.316265060240964,1,0.325688073394495,1,0.473214285714286,1,0.314112291350531,0.292719167904903,0.326894502228826,0.323574730354391,0.470676691729323,0.998473282442748,0.322239031770045,0.3171875,1,0.305847076461769,1,1,0.324773413897281,0.55,1,0.316187594553706,1,0.0456553755522828,1,0.327917282127031,0.678247734138973,0.328767123287671,0.931714719271624,0.438184663536776,0.104229607250755,0.0995405819295559,1,1,0.325688073394495,1,0.314623338257016,1,0.816816816816817,1,0.321316614420063,1,1,1,1,0.329738058551618,1,0.319018404907975,0.256488549618321,1,0.306990881458967,1,0.295902883156297,0.087962962962963,1,0.30757341576507,1,1,1,0.334834834834835,1,0.322480620155039,1,0.307926829268293,1,0.314329738058552,0.0801815431164902,1,0.631496062992126,1,1,0.32,1,1,1,1,0.317557251908397,0.311377245508982,1,0.998444790046656,0.318731117824773,0.304821150855365,1,0.432228915662651,0.666666666666667,0,0.313813813813814,0.670713201820941,1,0.317771084337349,1,0.998509687034277,1,0.317220543806647,0.325373134328358,0.325545171339564,1,1,1,0,1,0.308527131782946,0.971080669710807,0.320552147239264,0.306870229007634,0.738601823708207,1,1,1,1,1,0.047040971168437,0.312883435582822,0.31892697466468,1,0.680722891566265,1,1,0.998484848484849,0.998489425981873,1,1,0.00454545454545455,0.317037037037037,1,0.302936630602782,1,0.305185185185185,1,1,1,1,1,0.324159021406728,1,0.52073732718894,0.325581395348837,0.324812030075188,0.30030959752322,0.318112633181126,0.327692307692308,0.41820987654321,0.327666151468315,0.323262839879154,0.309559939301973,1,0.316590563165906,1,0.689291101055807,0.314984709480122,0.306547619047619,0.326687116564417,1,1,1,0.255707762557078,0.312121212121212,1,0.310872894333844,0.326378539493294,0.317972350230415,0.318250377073906,0.682370820668693,1,0.324773413897281,0.314329738058552,1,0.299050632911392,1,0.309667673716012,0.316666666666667,1,1,1,0.523219814241486,1,0.690440060698027,0.0887573964497041,0.32312404287902,1,1,0.0962406015037594,0.314842578710645,0.329230769230769,1,1,0.302985074626866,0.0245398773006135,0.00309119010819165,1,1,0.33034379671151,1,1,0.315233785822021,1,1,0.312121212121212,1,1,1,1,0.321592649310873,0.301914580265096,0.322378716744914,1,1,0.676119402985075,0.314329738058552,1,0.319277108433735,0.29618320610687,1,1,0.998482549317147,1,1,0.326717557251908,1,1,0.111111111111111,0.33433734939759,0.501543209876543,0.30521472392638,0.671253822629969,0.321428571428571,1,0.306748466257669,0.332819722650231,0.254135338345865,0.315868263473054,1,0.32396449704142,1,1,1,0.309597523219814,0.314925373134328,0.998489425981873,0.924050632911392,0.062015503875969,1,0.31784107946027,0.320813771517997,0.316436251920123,1,0.32396449704142,0.458270106221548,0.322775263951735,0.310502283105023,0.31619937694704,0.306376360808709,1,0.326656394453005,1,1,0,1,0.323619631901841,1,1,1,0.327692307692308,1,0.312883435582822,1,0.843226788432268,1,1,1,0.313546423135464,1,1,0.30952380952381,0.310136157337368,1,1,0.31390134529148,0.188427299703264,1,0.998487140695915,1,0,0.309230769230769,1,0.310240963855422,0.245723172628305,1,0.676646706586826,0.441441441441441,1,1,0.682539682539683,0.707575757575758,0.342465753424658,1,0.317073170731707,1,1,0.3267776096823,1,0.998459167950693,0.00614439324116743,0.321646341463415,1,1,0.320552147239264,1,1,0.315384615384615,0.326283987915408,1,1,1,0.536036036036036,0.305597579425113,0.338485316846986,0.319587628865979,0.32824427480916,0.690076335877863,0.32572298325723,0.319571865443425,0.311278195488722,0.237442922374429,0.312989045383412,1,0.322916666666667,0.998477929984779,0.315233785822021,0.0852941176470588,0.0509745127436282,1,1,0.0414746543778802,1,0.691044776119403,0.0440729483282675,0.00766871165644172,1,0.675187969924812,1,1,0.542242703533026,1,0,0.0737833594976452,1,1,1,0.326186830015314,0.646888567293777,0.6928,0.992412746585736,1,0.98644578313253,0.302891933028919,0.329819277108434,1,0.290123456790123,1,0.380152671755725,0.1089258698941,0.3125,0.317979197622585,0.329032258064516,1,0.0784313725490196,1,1,1,0.255255255255255,0.322429906542056,1,0.319018404907975,1,1,0.306547619047619,1,0.32,1,0.321212121212121,0.317557251908397,1,0.682852807283763,0.31424375917768,1,0.309707241910632,0.767228177641654,0.315555555555556,0.166167664670659,0.318452380952381,0.776416539050536,0.303656597774245,1,0.320182094081942,0.342857142857143,0.28955223880597,1,1,1,0.968404423380727,0.3359375,1,0.3203125,1,0.323248407643312,0.321375186846039,1,1,1,0.917808219178082,1,0.304347826086957,0.32370820668693,1,1,0.0489296636085627,0.0787037037037037,1,1,0.301092043681747,1,1,0.310975609756098,1,1,0.684451219512195,0.520485584218513,1,0,1,1,0.103857566765579,0.323397913561848,1,0.318529862174579,0.998463901689708,0.961656441717791,0.998470948012232,0.829596412556054,1,0.328638497652582,1,1,1,0,0.313880126182965,1,1,0.676380368098159,1,0.314112291350531,0.368421052631579,0.316666666666667,1,1,1,0.0902366863905325,0.314152410575428,0.0897832817337461,0.998461538461539,0.307922272047833,0.30688622754491,0.35187969924812,0,1,0.954407294832827,1,1,0.322884012539185,0.308035714285714,0.168711656441718,0.0410334346504559,0.31839258114374,0.312307692307692,0.32370820668693,0.00154320987654321,0.311178247734139,1,0,0.318731117824773,1,1,1,0.317557251908397,0.316964285714286,0.0365079365079365,1,0.309451219512195,0.308845577211394,1,1,0.313455657492355,0.700475435816165,1,1,0.694099378881988,1,0.310192023633678,1,0.31866464339909,0.517910447761194,0.669150521609538,0.411242603550296,1,0.297619047619048,0.311844077961019,0.678624813153961,0.66965620328849,1,0.31969696969697,1,0.319465081723626,1,0.312121212121212,0.309119010819165,0.350903614457831,0.530827067669173,0.313271604938272,0.309119010819165,0.669207317073171,0.31866464339909,0.152996845425868,1,0,1,0.288990825688073,1,0,0.317901234567901,0.313178294573643,1,0.0534124629080119,1,0.0843558282208589,0.335901386748844,1,0.060882800608828,0.67420814479638,1,1,1,0.308661417322835,0.0401188707280832,1,0.434915773353752,0.0954616588419405,0.361319340329835,0.316187594553706,0.326315789473684,1,1,1,1,1,0.0621301775147929,0.99702823179792,0.686363636363636,0.00437956204379562,0.31651376146789,1,1,1,1,0.0886850152905199,0.315396113602392,1,1,1,1,1,1,0.479940564635958,0.00155763239875389,1,0.0846953937592868,0.318885448916409,0.42406015037594,1,0.398449612403101,0.307448494453249,0.308510638297872,1,0.0424886191198786,0.318250377073906,1,1,0.374608150470219,0.306646525679758,0.311728395061728,0.316358024691358,0.998482549317147,0.325508607198748,0.316666666666667,0.421133231240429,0.317073170731707,0.973053892215569,0.314327485380117,0.0839813374805599,0.321212121212121,0,1,0.089922480620155,0.309597523219814,0.316998468606432,0.319083969465649,1,1,1,1,1,1,0.326625386996904,1,0.318042813455657,0.311074918566775,0.606287425149701,0.684129429892142,1,1,0,0.313988095238095,0.125190839694656,0.998535871156662,0.0398162327718224,1,1,0.313846153846154,1,1,0.620583717357911,0.424528301886792,0.997105643994211,0.0842266462480858,0.100463678516229,1,1,1,0.0914634146341463,0,0.315315315315315,0.429878048780488,0.312688821752266,0,0.320610687022901,0.0890625,1,1,0.318991097922849,0.313432835820896,0.238897396630934,0.332814930015552,0.313988095238095,0.321156773211568,1,1,0.324159021406728,1,0,1,0.225806451612903,1,0.677760968229955,1,0.318042813455657,0.298761609907121,0.0750750750750751,0.680722891566265,1,1,0.788109756097561,0.887301587301587,0.319508448540707,0.321646341463415,1,0.32262996941896,0.251134644478064,0.32348367029549,1,0.105263157894737,1,1,0.320668693009119,0.686335403726708,0.308166409861325,1,1,0.311278195488722,0.306766917293233,0.316715542521994,0.849462365591398,0.318181818181818,1,0.0556390977443609,1,1,0.699248120300752,0.650381679389313,0.327044025157233,0.0561456752655539,0.322085889570552,1,1,0.304878048780488,0.324534161490683,0.603369065849923,1,0.308035714285714,0.370090634441088,0.312965722801788,0.985029940119761,0.460829493087558,0.00153139356814701,0.301659125188537,0.320474777448071,0.329192546583851,0.309859154929577,0.315315315315315,0.971428571428571,1,0.313988095238095,0.535657686212361,0.6875,0.240181268882175,0.690966719492868,1,0.325373134328358,0.00154320987654321,0.326251896813354,0.306870229007634,0.361861861861862,0.321538461538462,0,0.331325301204819,0.319508448540707,0.321538461538462,0.314285714285714
"233",0.0047244094488189,0.00156494522691706,0.00463678516228748,0.00473186119873817,0.0015625,0.0047244094488189,0.288643533123028,0.0031201248049922,0.0046801872074883,0.910543130990415,0.0031201248049922,0.952234206471495,0.185419968304279,0.00461538461538462,0.697204968944099,0.70606531881804,0.935384615384615,0.301765650080257,0.0031104199066874,0.00469483568075117,0.721966205837174,0.697530864197531,0.00457317073170732,0.8484375,0.00459418070444104,0.688172043010753,0.693163751987281,0.00483870967741936,0.00459418070444104,0.212025316455696,0.706708268330733,0.276661514683153,0.0418604651162791,0.699537750385208,1,0.00485436893203883,0.439137134052388,0.00465116279069767,0.712328767123288,0.00305343511450382,0.322981366459627,0.309707241910632,0.291793313069909,0.00315457413249211,0.00315457413249211,0.69701726844584,0.698587127158556,0.700305810397553,0.694099378881988,0.67737003058104,0.996899224806202,0.00476947535771065,0.700607902735562,0.00462962962962963,0.00467289719626168,0.517133956386293,0.429906542056075,0.0031496062992126,0,0.0031055900621118,0.681818181818182,0.693498452012384,0.697674418604651,0.305295950155763,0.0032626427406199,0.00305810397553517,0.960691823899371,0.00470219435736677,0.942942942942943,0.698027314112291,0.00455927051671732,0.7,0.6928,0.0315955766192733,0.46676970633694,0.00448430493273543,0.707646176911544,0.676335877862595,0.00454545454545455,0.706349206349206,0.913875598086124,0.690251572327044,0.684867394695788,0.00152671755725191,0.675384615384615,0.003003003003003,0.00156494522691706,0.0046875,0.00470219435736677,0.291925465838509,0,0.00455235204855842,0.996923076923077,0.896024464831804,0.0031496062992126,0.953383458646617,0.996908809891808,0.00154559505409583,0.424679487179487,0.306477093206951,0.00469483568075117,0.947867298578199,0.707430340557275,0.00316957210776545,0.692307692307692,0.00317965023847377,0.297971918876755,0.003125,0.700920245398773,0.692780337941628,0.695252679938744,0.00462962962962963,0.694444444444444,0.00309597523219814,0.493023255813954,0.00449775112443778,0.711450381679389,0.693721286370597,0.686728395061728,0.702954898911353,0.505376344086022,0.0062402496099844,0.696319018404908,0.702702702702703,0.00153846153846154,0.708782742681048,0.00442477876106195,0.00453172205438067,0.660436137071651,0.462006079027356,0.00318471337579618,0.700934579439252,0.00473186119873817,0.956651718983557,0.00317460317460317,0.70381679389313,0.314553990610329,0.688854489164087,0.0695517774343122,0.601957585644372,0.899068322981366,0.909797822706065,0.0046656298600311,0.00476190476190476,0.69218989280245,0.00155038759689922,0.693233082706767,0.0031104199066874,0.193939393939394,0.0045662100456621,0.693522906793049,0.0031055900621118,0.00473186119873817,0.0015748031496063,0.00313479623824451,0.690031152647975,0.00465116279069767,0.693877551020408,0.740061162079511,0.00303951367781155,0.706060606060606,0.00304878048780488,0.710280373831776,0.919129082426128,0.00316957210776545,0.702194357366771,0.00471698113207547,0.00458015267175573,0.0047244094488189,0.684698608964451,0.00309597523219814,0.693972179289026,0.00463678516228748,0.703533026113671,0.0032258064516129,0.702492211838006,0.924265842349305,0.00308166409861325,0.344605475040258,0.00471698113207547,0.00313971742543171,0.701399688958009,0.00153139356814701,0,0.00308641975308642,0.00460122699386503,0.692913385826772,0.707575757575758,0.00481540930979133,0.0062015503875969,0.700920245398773,0.706624605678233,0.00305810397553517,0.545038167938931,0.310650887573964,0.996913580246914,0.697204968944099,0.318885448916409,0.00460829493087558,0.689127105666156,0.0031496062992126,0.00307692307692308,0.00460829493087558,0.703875968992248,0.694189602446483,0.685214626391097,0.00455927051671732,0.00317460317460317,0.00306748466257669,0.99685534591195,0.0031201248049922,0.712698412698413,0.0310077519379845,0.694227769110764,0.7046875,0.245053272450533,0.00316455696202532,0.00462249614791988,0.00307692307692308,0.00152671755725191,0.00315457413249211,0.954113924050633,0.701421800947867,0.690880989180835,0.00460829493087558,0.302003081664099,0.00302114803625378,0.00300751879699248,0.00461538461538462,0.0062111801242236,0.0031055900621118,0.00454545454545455,1,0.666158536585366,0.00462249614791988,0.708860759493671,0.00474683544303797,0.70381679389313,0.00457317073170732,0.00477707006369427,0.00471698113207547,0.00471698113207547,0.0046801872074883,0.695046439628483,0.00308166409861325,0.51207729468599,0.68798751950078,0.691489361702128,0.699212598425197,0.692789968652038,0.68025078369906,0.596850393700787,0.683881064162754,0.698315467075038,0.703875968992248,0.00455235204855842,0.692667706708268,0.00483870967741936,0.298165137614679,0.7046875,0.67741935483871,0.6828125,0.00316957210776545,0.0046875,0.00151975683890578,0.732394366197183,0.701238390092879,0.00306278713629403,0.692551505546751,0.688622754491018,0.70679012345679,0.693972179289026,0.301075268817204,0.00309597523219814,0.684848484848485,0.695102685624013,0.003125,0.70859872611465,0.0045662100456621,0.700152207001522,0.701538461538462,0.004739336492891,0.00159235668789809,0.00312989045383412,0.440809968847352,0.00156739811912226,0.297339593114241,0.919452887537994,0.692068429237947,0.00154798761609907,0.00464396284829721,0.908536585365854,0.691358024691358,0.679245283018868,0.0016025641025641,0.0047244094488189,0.711656441717791,0.975535168195719,1,0.00467289719626168,0.00479233226837061,0.676923076923077,0.00627943485086342,0.00300751879699248,0.707055214723926,0.0046656298600311,0.00309597523219814,0.696784073506891,0.00313971742543171,0.00312989045383412,0.00459418070444104,0.0015527950310559,0.683385579937304,0.703647416413374,0.690705128205128,0.0031055900621118,0.0031104199066874,0.313455657492355,0.704510108864697,0.00319488817891374,0.697568389057751,0.712948517940718,0.00457317073170732,0.00154083204930663,0.00613496932515337,0.00310077519379845,0.00462249614791988,0.682170542635659,0.0015748031496063,0.00469483568075117,0.892913385826772,0.682370820668693,0.525316455696203,0.70820189274448,0.3109375,0.698608964451314,0.00151057401812689,0.704968944099379,0.68798751950078,0.739663093415008,0.697428139183056,0.00159489633173844,0.688721804511278,0.0046801872074883,0.00460829493087558,0.00459418070444104,0.704866562009419,0.695852534562212,0.00615384615384615,0.073015873015873,0.934817170111288,0.00478468899521531,0.702194357366771,0.694488188976378,0.705329153605016,0.00158478605388273,0.688549618320611,0.513178294573643,0.68944099378882,0.70735524256651,0.697115384615385,0.707936507936508,0.00463678516228748,0.688783570300158,0.00489396411092985,0.00155763239875389,0.995341614906832,0.00474683544303797,0.6921875,0.00308166409861325,0.0015220700152207,0,0.684375,0.00454545454545455,0.691082802547771,0.00451807228915663,0.157164869029276,0.0046656298600311,0.004739336492891,0.00307692307692308,0.697852760736196,0.0047244094488189,0.00465116279069767,0.707547169811321,0.702160493827161,0.0031055900621118,0.0015625,0.701378254211332,0.806451612903226,0.0048,0.00470219435736677,0.00154083204930663,0.995327102803738,0.708920187793427,0.00319488817891374,0.708527131782946,0.750798722044728,0.00154559505409583,0.316770186335404,0.579666160849772,0.00317460317460317,0.00154798761609907,0.309063893016345,0.296754250386399,0.671317829457364,0.00153846153846154,0.691472868217054,0.00470957613814757,0,0.68167701863354,0.00307219662058372,0.00627943485086342,0.996889580093313,0.689167974882261,0.00156494522691706,0.00313479623824451,0.696969696969697,0.00462962962962963,0.00478468899521531,0.708006279434851,0.650769230769231,0.00315457413249211,0.0046656298600311,0.00310077519379845,0.487616099071207,0.707241910631741,0.674418604651163,0.69683257918552,0.685758513931889,0.30077519379845,0.692073170731707,0.685271317829457,0.698630136986301,0.752351097178683,0.696825396825397,0.00458715596330275,0.69431643625192,0.00628930817610063,0.702660406885759,0.918796992481203,0.948328267477204,0.00307692307692308,0.00460829493087558,0.9578125,0.00317965023847377,0.312217194570136,0.95405819295559,0.992125984251969,0.00306278713629403,0.299065420560748,0.00308641975308642,0.0031104199066874,0.473851030110935,0.00304878048780488,0.996879875195008,0.92776886035313,0.00460829493087558,0.00305810397553517,0.00467289719626168,0.691338582677165,0.336283185840708,0.291530944625407,0.00909090909090909,0.00154083204930663,0.015552099533437,0.706686930091185,0.642633228840125,0.0046656298600311,0.715179968701095,0.0046583850931677,0.648985959438378,0.89622641509434,0.699844479004666,0.698027314112291,0.679338842975207,0.00451127819548872,0.92412746585736,0.00453857791225416,0.00161550888529887,0.00460829493087558,0.736600306278714,0.694227769110764,0.00470219435736677,0.69375,0.00475435816164818,0.00471698113207547,0.702909647779479,0.0015748031496063,0.692537313432836,0.00460829493087558,0.699530516431925,0.695652173913043,0.00304878048780488,0.312788906009245,0.697604790419162,0.00154798761609907,0.699530516431925,0.247706422018349,0.698170731707317,0.846625766871166,0.695915279878971,0.229199372056515,0.704472843450479,0.00479233226837061,0.694227769110764,0.680428134556575,0.717829457364341,0.00461538461538462,0.00465116279069767,0.00301659125188537,0.0335463258785942,0.6416,0.00462249614791988,0.695924764890282,0.00467289719626168,0.691558441558442,0.69558599695586,0.00459418070444104,0.00316455696202532,0.00305343511450382,0.0832025117739403,0.0030441400304414,0.704892966360856,0.701834862385321,0.00306748466257669,0.00315955766192733,0.949367088607595,0.925396825396825,0.00460122699386503,0.00476947535771065,0.70440251572327,0.00453172205438067,0.00302114803625378,0.70735524256651,0.00323101777059774,0.00470219435736677,0.308166409861325,0.449848024316109,0.00469483568075117,0.995481927710843,0.0046801872074883,0.00306278713629403,0.905631659056317,0.697852760736196,0.00471698113207547,0.691950464396285,0.0062111801242236,0.0411392405063291,0.00612557427258806,0.172307692307692,0.0046583850931677,0.685897435897436,0.0046583850931677,0.00475435816164818,0.00316455696202532,0.99537750385208,0.707395498392283,0.00323101777059774,0.00455235204855842,0.311728395061728,0.00459418070444104,0.697819314641745,0.65144596651446,0.693498452012384,0.00458015267175573,0.003125,0.00314465408805031,0.911987860394537,0.68798751950078,0.912420382165605,0.00316455696202532,0.701219512195122,0.698170731707317,0.669753086419753,0.996875,0.0046801872074883,0.0449612403100775,0.00304878048780488,0.00463678516228748,0.689922480620155,0.70516717325228,0.838557993730408,0.959501557632399,0.691472868217054,0.702786377708978,0.681818181818182,0.998410174880763,0.697674418604651,0.00457317073170732,0.995384615384615,0.694189602446483,0.00461538461538462,0.0046875,0.00313971742543171,0.701538461538462,0.694277108433735,0.959481361426256,0.00153846153846154,0.695046439628483,0.710485133020344,0.00304878048780488,0.00307219662058372,0.693374422187982,0.2914653784219,0.0031496062992126,0.00462249614791988,0.293291731669267,0.0045662100456621,0.703647416413374,0.00313971742543171,0.69969040247678,0.450381679389313,0.312977099236641,0.613636363636364,0.00309119010819165,0.712349397590361,0.699074074074074,0.306976744186047,0.317484662576687,0.0031055900621118,0.694656488549618,0.00315457413249211,0.690184049079755,0.00476190476190476,0.69969040247678,0.707278481012658,0.660436137071651,0.498452012383901,0.696774193548387,0.697388632872504,0.321766561514196,0.694573643410853,0.853658536585366,0.00313479623824451,0.996932515337423,0.00303030303030303,0.716510903426791,0.00312989045383412,0.996865203761755,0.689547581903276,0.697933227344992,0.00313479623824451,0.942942942942943,0.00309119010819165,0.915360501567398,0.672413793103448,0.0031201248049922,0.936825885978428,0.312693498452012,0.00464396284829721,0.00303490136570561,0.00465116279069767,0.707006369426752,0.96030534351145,0.00460122699386503,0.586687306501548,0.909822866344606,0.663636363636364,0.685758513931889,0.697388632872504,0.0031055900621118,0.00321543408360129,0.0046801872074883,0.00464396284829721,0.00307692307692308,0.937878787878788,0.00755287009063444,0.301684532924962,1,0.693374422187982,0.00464396284829721,0.00314465408805031,0.00473186119873817,0.00460122699386503,0.910741301059002,0.701515151515152,0.00307219662058372,0.00470957613814757,0.00319488817891374,0.0046656298600311,0.00464396284829721,0.00473186119873817,0.491525423728814,1,0.0046656298600311,0.917557251908397,0.689922480620155,0.554347826086957,0.00313479623824451,0.614906832298137,0.698360655737705,0.699074074074074,0.00463678516228748,0.959752321981424,0.690076335877863,0.00307219662058372,0.00313479623824451,0.642289348171701,0.703196347031963,0.705426356589147,0.684210526315789,0.00457317073170732,0.687697160883281,0.700763358778626,0.608832807570978,0.704581358609795,0.0292758089368259,0.699544764795144,0.918918918918919,0.689547581903276,0.99537750385208,0.00313971742543171,0.90795631825273,0.707086614173228,0.691472868217054,0.699059561128527,0.00312989045383412,0.00463678516228748,0.00322061191626409,0.00460829493087558,0.00317460317460317,0.00477707006369427,0.679127725856698,0.00462249614791988,0.695652173913043,0.691297208538588,0.405320813771518,0.308892355694228,0,0.00464396284829721,0.996932515337423,0.700453857791225,0.891437308868501,0.00453172205438067,0.965625,0.00462962962962963,0.00318979266347687,0.700636942675159,0.0031201248049922,0.00481540930979133,0.390822784810127,0.612954186413902,0.0087719298245614,0.919937205651491,0.908805031446541,0.0031201248049922,0.00480769230769231,0.00462249614791988,0.91601866251944,0.99537750385208,0.694189602446483,0.590266875981162,0.706686930091185,0.998456790123457,0.692063492063492,0.910658307210031,0.0046583850931677,0.00478468899521531,0.693846153846154,0.694444444444444,0.758293838862559,0.68621236133122,0.703647416413374,0.692541856925419,0.00312989045383412,0.00467289719626168,0.687010954616588,0.00445765230312036,0.995384615384615,0.00157728706624606,0.765625,0.0031201248049922,0.30757341576507,0.00151975683890578,0.697965571205008,0.707165109034268,0.923664122137405,0.308755760368664,0.00153609831029186,0.00464396284829721,0.218553459119497,0.100158982511924,0.699530516431925,0.702028081123245,0.00461538461538462,0.698608964451314,0.735433070866142,0.696540880503145,0.00453172205438067,0.898617511520737,0.00154320987654321,0.00313479623824451,0.695852534562212,0.30173775671406,0.708006279434851,0.00477707006369427,0.00156985871271586,0.701538461538462,0.708333333333333,0.69359756097561,0.149606299212598,0.701892744479495,0.00313479623824451,0.942901234567901,0.0046656298600311,0.00321027287319422,0.287461773700306,0.337519623233909,0.691573926868045,0.945141065830721,0.688372093023256,0.0031055900621118,0.00322061191626409,0.701399688958009,0.685446009389671,0.381026438569207,0.00308166409861325,0.706422018348624,0.638036809815951,0.707762557077626,0.0151975683890578,0.511111111111111,0.998454404945904,0.703363914373089,0.692889561270802,0.686708860759494,0.701277955271565,0.695976154992548,0.0287878787878788,0.00307692307692308,0.704160246533128,0.435064935064935,0.304278922345483,0.756134969325153,0.298722044728434,0.00315457413249211,0.688372093023256,0.993720565149137,0.688473520249221,0.70077519379845,0.642748091603053,0.69435736677116,0.998493975903614,0.682737169517885,0.697637795275591,0.699367088607595,0.707882534775889
"234",0.329113924050633,0.318042813455657,0.326153846153846,0.306376360808709,0.309090909090909,0.324574961360124,0.607874015748031,0.316535433070866,0.333333333333333,0.797169811320755,0.318731117824773,0.744648318042814,0.123647604327666,0.312597200622084,0.361934477379095,0.36986301369863,0.761398176291793,0.638095238095238,0.321428571428571,0.319634703196347,0.378125,0.364341085271318,0.331297709923664,0.86286594761171,0.335338345864662,0.350453172205438,0.369565217391304,0.315625,0.327743902439024,0.172143974960876,0.380517503805175,0.146341463414634,0.278115501519757,0.38006230529595,0.693009118541033,0.31139646869984,0.795665634674923,0.301801801801802,0.379671150971599,0.330289193302892,0.66358024691358,0.627480916030534,0.646084337349398,0.308166409861325,0.311424100156495,0.360808709175739,0.36697247706422,0.359939759036145,0.361027190332326,0.350531107738998,0.68429003021148,0.3125,0.375572519083969,0.321483771251932,0.320668693009119,0.182389937106918,0.776911076443058,0.319938176197836,0.339477726574501,0.312307692307692,0.348159509202454,0.35968992248062,0.379204892966361,0.649769585253456,0.324881141045959,0.32824427480916,0.729393468118196,0.307931570762053,0.760059612518629,0.351963746223565,0.316187594553706,0.366718027734977,0.356807511737089,0.35625,0.822289156626506,0.320300751879699,0.368740515933232,0.340978593272171,0.320061255742726,0.366826156299841,0.784469096671949,0.362363919129082,0.360681114551084,0.321752265861027,0.343939393939394,0.320359281437126,0.327073552425665,0.312121212121212,0.307219662058372,0.63134328358209,0.316614420062696,0.30849478390462,0.692901234567901,0.801829268292683,0.317610062893082,0.746646795827124,0.691244239631336,0.305343511450382,0.771875,0.649691358024691,0.311349693251534,0.766718506998445,0.375963020030817,0.325396825396825,0.358461538461538,0.328220858895706,0.638330757341577,0.324574961360124,0.35474006116208,0.358346094946401,0.348024316109422,0.326717557251908,0.35375191424196,0.315132605304212,0.864253393665158,0.320474777448071,0.363358778625954,0.984756097560976,0.353731343283582,0.365740740740741,0.867175572519084,0.314984709480122,0.367164179104478,0.358609794628752,0.30568356374808,0.379204892966361,0.316023738872404,0.323353293413174,0.996908809891808,0.602391629297459,0.299843014128728,0.372307692307692,0.321428571428571,0.737463126843658,0.312893081761006,0.361607142857143,0.644916540212443,0.367534456355283,0.243531202435312,0.504012841091493,0.796923076923077,0.794992175273865,0.312594840667678,0.31378763866878,0.359133126934985,0.316590563165906,0.358744394618834,0.32,0.145896656534954,0.327327327327327,0.360629921259843,0.319018404907975,0.319571865443425,0.315217391304348,0.318818040435459,0.332302936630603,0.318042813455657,0.347068145800317,0.944193061840121,0.318862275449102,0.376524390243902,0.326347305389222,0.382581648522551,0.790199081163859,0.312210200927357,0.360501567398119,0.327794561933535,0.326251896813354,0.321592649310873,0.355855855855856,0.322033898305085,0.354391371340524,0.30829420970266,0.349768875192604,0.304761904761905,0.357698289269051,0.764976958525346,0.320552147239264,0.696682464454976,0.316957210776545,0.324200913242009,0.360808709175739,0.322137404580153,0.319938176197836,0.320668693009119,0.3198127925117,0.37245696400626,0.370426829268293,0.315707620528771,0.310664605873261,0.362406015037594,0.378716744913928,0.308623298033283,0.884498480243161,0.663716814159292,0.673748103186646,0.361027190332326,0.65284178187404,0.316666666666667,0.363774733637747,0.331746031746032,0.312217194570136,0.312307692307692,0.37403400309119,0.378947368421053,0.356466876971609,0.321907600596125,0.31629392971246,0.31969696969697,0.690031152647975,0.317829457364341,0.372239747634069,0.298461538461538,0.357473035439137,0.362519201228879,0.586102719033233,0.305426356589147,0.315068493150685,0.305936073059361,0.32579185520362,0.32182103610675,0.737404580152672,0.364615384615385,0.369465648854962,0.32579185520362,0.641993957703928,0.315548780487805,0.320531757754801,0.328660436137072,0.316816816816817,0.320987654320988,0.317037037037037,0.666158536585366,1,0.326807228915663,0.364906832298137,0.3078125,0.36969696969697,0.313253012048193,0.314152410575428,0.316358024691358,0.315384615384615,0.32018927444795,0.335913312693498,0.315233785822021,0.139498432601881,0.351393188854489,0.357466063348416,0.375384615384615,0.351766513056836,0.357032457496136,0.47581903276131,0.352850539291217,0.350152905198777,0.357686453576865,0.343373493975904,0.351309707241911,0.314465408805031,0.634848484848485,0.353030303030303,0.983582089552239,0.366043613707165,0.322033898305085,0.3,0.323216995447648,0.954476479514416,0.383435582822086,0.308270676691729,0.359133126934985,0.359467455621302,0.355828220858896,0.354545454545455,0.637480798771121,0.314728682170543,0.364457831325301,0.362363919129082,0.320552147239264,0.372056514913658,0.329881656804734,0.368815592203898,0.378254211332312,0.313572542901716,0.316118935837246,0.331797235023041,0.803738317757009,0.303937007874016,0.636085626911315,0.786861313868613,0.351432880844646,0.321592649310873,0.317262830482115,0.803053435114504,0.354103343465046,0.358490566037736,0.324367088607595,0.314900153609831,0.363076923076923,0.715582450832073,0.683307332293292,0.326153846153846,0.312302839116719,0.36036036036036,0.320061255742726,0.333333333333333,0.364471669218989,0.325190839694657,0.323216995447648,0.362252663622527,0.325652841781874,0.31839258114374,0.317829457364341,0.315467075038285,0.36405529953917,0.381656804733728,0.37111801242236,0.318461538461538,0.329192546583851,0.642533936651584,0.355384615384615,0.312893081761006,0.357466063348416,0.379905808477237,0.328335832083958,0.30688622754491,0.320726172465961,0.32093023255814,0.319277108433735,0.370199692780338,0.312693498452012,0.329704510108865,0.801901743264659,0.352048558421851,0.531684698608965,0.370942812982998,0.628526645768025,0.358433734939759,0.320359281437126,0.3734375,0.358024691358025,0.956973293768546,0.362940275650842,0.316590563165906,0.37151248164464,0.321266968325792,0.321044546850998,0.313636363636364,0.36697247706422,0.375565610859729,0.320061255742726,0.234548335974643,0.763239875389408,0.328682170542636,0.36,0.36517719568567,0.356807511737089,0.308527131782946,0.357357357357357,0.866153846153846,0.357251908396947,0.361801242236025,0.355905511811024,0.371165644171779,0.314674735249622,0.362928348909657,0.309748427672956,0.32258064516129,0.689922480620155,0.322429906542056,0.359447004608295,0.324200913242009,0.31306990881459,0.314785373608903,0.349085365853659,0.315946348733234,0.364485981308411,0.322388059701493,0.151607963246554,0.333846153846154,0.329211746522411,0.30316742081448,0.371601208459215,0.3198127925117,0.324031007751938,0.360983102918587,0.362385321100917,0.32,0.320182094081942,0.361832061068702,0.898791540785498,0.322378716744914,0.319148936170213,0.300911854103343,0.686453576864536,0.370892018779343,0.310509554140127,0.366153846153846,0.950540958268934,0.329704510108865,0.641221374045801,0.237593984962406,0.313971742543171,0.309774436090226,0.646017699115044,0.622670807453416,0.343605546995377,0.325652841781874,0.369734789391576,0.313572542901716,0.30379746835443,0.358695652173913,0.319148936170213,0.326186830015314,0.699074074074074,0.353120243531202,0.327666151468315,0.304347826086957,0.36875,0.327743902439024,0.313291139240506,0.363067292644757,0.969650986342944,0.315625,0.304747320061256,0.315132605304212,0.145896656534954,0.36906584992343,0.39938080495356,0.367164179104478,0.369631901840491,0.643302180685358,0.352409638554217,0.357361963190184,0.371775417298938,0.944272445820433,0.353488372093023,0.32781954887218,0.372549019607843,0.32,0.371775417298938,0.777117384843982,0.743939393939394,0.328313253012048,0.334332833583208,0.740625,0.320754716981132,0.645645645645646,0.737003058103975,0.699074074074074,0.3125,0.63719512195122,0.328767123287671,0.318112633181126,0.605182926829268,0.32370820668693,0.67687595712098,0.781789638932496,0.313271604938272,0.326315789473684,0.331278890600925,0.357254290171607,0.673020527859237,0.624801271860095,0.338905775075988,0.302936630602782,0.272727272727273,0.380585516178737,0.975646879756469,0.321100917431193,0.365054602184087,0.31651376146789,0.303353658536585,0.78783151326053,0.380368098159509,0.361702127659574,0.353719008264463,0.322775263951735,0.77910447761194,0.332833583208396,0.3125,0.311827956989247,0.957575757575758,0.341653666146646,0.327131782945736,0.3578125,0.321875,0.319182389937107,0.362121212121212,0.317411402157165,0.373887240356083,0.333333333333333,0.378504672897196,0.370199692780338,0.324655436447167,0.640432098765432,0.353982300884956,0.318112633181126,0.369734789391576,0.198184568835098,0.38763197586727,0.861702127659574,0.351632047477745,0.15600624024961,0.373817034700315,0.334905660377358,0.36322188449848,0.342900302114804,0.387878787878788,0.325190839694657,0.326018808777429,0.32383808095952,0.265079365079365,0.968503937007874,0.32572298325723,0.341158059467919,0.309815950920245,0.3728,0.357357357357357,0.311450381679389,0.321928460342146,0.307121661721068,0.227202472952087,0.314285714285714,0.374436090225564,0.374057315233786,0.304084720121029,0.3125,0.752336448598131,0.776049766718507,0.318885448916409,0.303265940902022,0.3640625,0.334848484848485,0.327327327327327,0.358578052550232,0.332273449920509,0.312788906009245,0.644274809160305,0.811746987951807,0.321592649310873,0.679468242245199,0.329192546583851,0.327300150829563,0.775757575757576,0.361111111111111,0.315625,0.349157733537519,0.317901234567901,0.280564263322884,0.332293291731669,0.147465437788018,0.323619631901841,0.355038759689922,0.306525037936267,0.316770186335404,0.314152410575428,0.680786686838124,0.367088607594937,0.308306709265176,0.309341500765697,0.645161290322581,0.311550151975684,0.360182370820669,0.313546423135464,0.370992366412214,0.321100917431193,0.3125,0.3234375,0.785714285714286,0.349453978159126,0.786271450858034,0.303125,0.373313343328336,0.375565610859729,0.337941628264209,0.683563748079877,0.31441717791411,0.26840490797546,0.320061255742726,0.325301204819277,0.350850077279753,0.366366366366366,0.86875,0.737654320987654,0.373643410852713,0.36055469953775,0.356060606060606,0.678233438485804,0.361408882082695,0.318181818181818,0.67420814479638,0.357686453576865,0.314984709480122,0.320552147239264,0.312788906009245,0.366412213740458,0.371775417298938,0.741269841269841,0.315950920245399,0.381761978361669,0.374622356495468,0.318529862174579,0.328267477203647,0.364197530864198,0.619047619047619,0.313084112149533,0.322429906542056,0.637480798771121,0.320182094081942,0.382440476190476,0.333333333333333,0.36405529953917,0.824508320726172,0.650224215246637,0.487951807228916,0.326219512195122,0.369436201780415,0.36986301369863,0.627450980392157,0.650914634146341,0.310291858678955,0.366111951588502,0.322033898305085,0.360239162929746,0.311145510835913,0.36405529953917,0.376766091051805,0.324655436447167,0.579908675799087,0.373250388802488,0.374021909233177,0.657320872274143,0.355623100303951,0.853543307086614,0.31201248049922,0.699849170437406,0.319083969465649,0.367441860465116,0.324615384615385,0.69969040247678,0.370716510903427,0.3640625,0.326594090202177,0.757942511346445,0.310606060606061,0.794712286158631,0.331768388106416,0.305426356589147,0.761689291101056,0.66306027820711,0.312111801242236,0.312594840667678,0.312594840667678,0.368421052631579,0.744011976047904,0.315870570107858,0.253869969040248,0.79746835443038,0.323262839879154,0.361702127659574,0.361194029850746,0.315548780487805,0.289763779527559,0.328682170542636,0.31969696969697,0.32093023255814,0.75887573964497,0.33433734939759,0.642313546423135,0.679640718562874,0.366818873668189,0.310185185185185,0.340523882896764,0.323809523809524,0.307575757575758,0.776758409785933,0.367624810892587,0.299698795180723,0.309859154929577,0.314285714285714,0.32348367029549,0.322137404580153,0.328703703703704,0.849315068493151,0.713405238828968,0.317484662576687,0.779456193353474,0.369230769230769,0.916795069337442,0.328746177370031,0.29595015576324,0.391025641025641,0.357142857142857,0.322137404580153,0.742033383915023,0.356495468277946,0.312594840667678,0.32572298325723,0.31104199066874,0.363086232980333,0.375951293759513,0.36875,0.311746987951807,0.373228346456693,0.367223065250379,0.478461538461538,0.37037037037037,0.280120481927711,0.367713004484305,0.786936236391913,0.359133126934985,0.683734939759036,0.327217125382263,0.777434312210201,0.3671875,0.373846153846154,0.372488408037094,0.310708898944193,0.303353658536585,0.316535433070866,0.324655436447167,0.31629392971246,0.315217391304348,0.346273291925466,0.324655436447167,0.375579598145286,0.360197368421053,0.582952815829528,0.62754303599374,0.324242424242424,0.318250377073906,0.692780337941628,0.368975903614458,0.813455657492355,0.300595238095238,0.737654320987654,0.325652841781874,0.315132605304212,0.355932203389831,0.320610687022901,0.311605723370429,0.665094339622642,0.469096671949287,0.336764705882353,0.776898734177215,0.79153605015674,0.314024390243902,0.303543913713405,0.319018404907975,0.785932721712538,0.685271317829457,0.361319340329835,0.253846153846154,0.372549019607843,0.689759036144578,0.355590062111801,0.776545166402536,0.318952234206472,0.318037974683544,0.371385083713851,0.364599092284418,0.952307692307692,0.34850863422292,0.378787878787879,0.361963190184049,0.323529411764706,0.316998468606432,0.360629921259843,0.325,0.687975646879756,0.320987654320988,0.928792569659443,0.330232558139535,0.637059724349158,0.318250377073906,0.360060514372163,0.365625,0.774436090225564,0.643712574850299,0.32093023255814,0.312307692307692,0.538221528861154,0.427662957074722,0.354838709677419,0.368916797488226,0.323664122137405,0.353395061728395,0.95679012345679,0.36734693877551,0.319465081723626,0.794435857805255,0.324159021406728,0.321875,0.352760736196319,0.633070866141732,0.365891472868217,0.320754716981132,0.308755760368664,0.363914373088685,0.368663594470046,0.359635811836115,0.442546583850932,0.357827476038339,0.320610687022901,0.753403933434191,0.312404287901991,0.312698412698413,0.625954198473282,0.679566563467492,0.356012658227848,0.758358662613982,0.349924585218703,0.313935681470138,0.303030303030303,0.363919129082426,0.346273291925466,0.704718417047184,0.318461538461538,0.369597615499255,0.475975975975976,0.360182370820669,0.352048558421851,0.862654320987654,0.691244239631336,0.367534456355283,0.358974358974359,0.360759493670886,0.36650868878357,0.367624810892587,0.34703196347032,0.341906202723147,0.361280487804878,0.780952380952381,0.645110410094637,0.936728395061728,0.6432,0.3046875,0.348872180451128,0.694227769110764,0.34375,0.356927710843373,0.498470948012232,0.350078492935636,0.681268882175227,0.360983102918587,0.373846153846154,0.354788069073783,0.359253499222395
"235",1,1,1,1,1,1,0.715873015873016,1,1,0.100638977635783,1,0.0446841294298921,0.801232665639445,1,0.304552590266876,0.292758089368259,0.0647149460708783,0.703225806451613,1,1,0.276827371695179,0.301092043681747,1,0.163328197226502,1,0.318461538461538,0.305246422893482,1,1,0.784283513097072,0.291411042944785,0.721966205837174,0.9629057187017,0.296411856474259,0,1,0.546439628482972,1,0.291729323308271,1,0.673405909797823,0.684952978056426,0.705792682926829,1,1,0.300476947535771,0.300469483568075,0.298325722983257,0.309230769230769,0.318042813455657,0,1,0.294753086419753,1,1,0.499212598425197,0.5600624024961,1,1,1,0.321044546850998,0.307332293291732,0.307332293291732,0.688854489164087,1,1,0.0376766091051805,1,0.0614692653673163,0.305936073059361,1,0.303875968992248,0.321656050955414,0.970031545741325,0.515384615384615,1,0.298325722983257,0.319508448540707,1,0.307814992025518,0.0897435897435897,0.316614420062696,0.310344827586207,1,0.323619631901841,1,1,1,1,0.696509863429439,1,1,0.00154559505409583,0.107197549770291,1,0.0453857791225416,0,1,0.572784810126582,0.691107644305772,1,0.0578125,0.293663060278207,1,0.300314465408805,1,0.695652173913043,1,0.305426356589147,0.298003072196621,0.311077389984825,1,0.313271604938272,1,0.490853658536585,1,0.301092043681747,0.309341500765697,0.308157099697885,0.309262166405024,0.486111111111111,0.998461538461539,0.300763358778626,0.305164319248826,1,0.301538461538462,1,1,0.34,0.542424242424242,1,0.30564263322884,1,0.0419161676646707,1,0.308868501529052,0.698608964451314,0.312307692307692,0.928792569659443,0.423756019261637,0.110077519379845,0.102167182662539,1,1,0.318110236220472,1,0.302891933028919,1,0.793528505392912,1,0.307086614173228,1,1,1,1,0.321875,1,0.305511811023622,0.267692307692308,1,0.298165137614679,1,0.287735849056604,0.0876369327073552,1,0.29559748427673,1,1,1,0.319571865443425,1,0.310452418096724,1,0.287925696594427,1,0.304953560371517,0.0781010719754977,1,0.646003262642741,1,1,0.3015625,1,1,1,1,0.315707620528771,0.304084720121029,1,0.998454404945904,0.303625377643505,0.300469483568075,1,0.457757296466974,0.679582712369598,0,0.30568356374808,0.687010954616588,1,0.304878048780488,1,0.998477929984779,1,0.303265940902022,0.310975609756098,0.311811023622047,1,1,1,0,1,0.289348171701113,0.973643410852713,0.310832025117739,0.29393468118196,0.740458015267176,1,1,1,1,1,0.0454545454545455,0.304212168486739,0.309341500765697,1,0.68558282208589,1,1,1,0.998468606431853,1,1,0.00462249614791988,0.326807228915663,1,0.299524564183835,1,0.286377708978328,1,1,1,1,1,0.308176100628931,1,0.509433962264151,0.311424100156495,0.321646341463415,0.302215189873418,0.307332293291732,0.318252730109204,0.414173228346457,0.313664596273292,0.30441400304414,0.305426356589147,1,0.3109375,1,0.694992412746586,0.301538461538462,0.324734446130501,0.323854660347551,1,1,1,0.27047913446677,0.297045101088647,1,0.315047021943574,0.309451219512195,0.298904538341158,0.31039755351682,0.694573643410853,1,0.311550151975684,0.300157977883096,1,0.288643533123028,1,0.298621745788668,0.296923076923077,1,1,1,0.534562211981567,1,0.695852534562212,0.0864381520119225,0.305426356589147,1,1,0.0989180834621329,0.303405572755418,0.307692307692308,1,1,0.294656488549618,0.0234009360374415,0.00314465408805031,1,1,0.319148936170213,0.998454404945904,1,0.297546012269939,1,1,0.297546012269939,1,1,1,1,0.316692667706708,0.302891933028919,0.32018927444795,1,1,0.680555555555556,0.303738317757009,1,0.306766917293233,0.281645569620253,1,1,0.998463901689708,1,1,0.318181818181818,1,1,0.115015974440895,0.321752265861027,0.48297213622291,0.297169811320755,0.681388012618297,0.301829268292683,1,0.298107255520505,0.317972350230415,0.262595419847328,0.308868501529052,1,0.313725490196078,1,1,1,0.292452830188679,0.311550151975684,0.998449612403101,0.92604501607717,0.0663507109004739,1,0.299847792998478,0.309033280507132,0.302066772655008,1,0.311178247734139,0.477308294209703,0.309341500765697,0.297839506172839,0.304897314375987,0.293563579277865,1,0.311216429699842,1,1,0,1,0.30564263322884,1,1,1,0.322327044025157,1,0.295238095238095,1,0.8234375,1,1,1,0.303680981595092,1,1,0.30030487804878,0.300155520995334,1,1,0.304147465437788,0.200913242009132,1,0.998447204968944,1,0,0.2921875,1,0.294670846394984,0.256651017214397,1,0.687692307692308,0.427051671732523,1,1,0.687964338781575,0.711388455538221,0.333333333333333,1,0.310185185185185,1,1,0.322784810126582,1,0.998452012383901,0.00930232558139535,0.309341500765697,1,1,0.309033280507132,1,1,0.293375394321767,0.340523882896764,1,1,1,0.521739130434783,0.297674418604651,0.338050314465409,0.303759398496241,0.319634703196347,0.697347893915757,0.312883435582822,0.3125,0.304615384615385,0.255451713395639,0.302066772655008,1,0.31390134529148,0.998432601880878,0.298165137614679,0.0866965620328849,0.053030303030303,1,1,0.0376175548589342,1,0.694992412746586,0.0431432973805855,0.0125195618153365,1,0.695178849144635,1,1,0.53582554517134,1,0,0.0760697305863708,1,1,1,0.3046875,0.656760772659733,0.705882352941177,0.99390243902439,1,0.983076923076923,0.297045101088647,0.342146189735614,1,0.283699059561129,1,0.356466876971609,0.113057324840764,0.30441400304414,0.30316742081448,0.325082508250825,1,0.0811638591117917,1,1,1,0.274809160305344,0.306349206349206,1,0.309636650868878,1,1,0.297090352220521,1,0.312594840667678,1,0.296583850931677,0.305511811023622,1,0.692551505546751,0.302114803625378,1,0.296825396825397,0.761467889908257,0.308396946564885,0.172782874617737,0.309309309309309,0.771384136858476,0.293650793650794,1,0.313572542901716,0.324074074074074,0.278963414634146,1,1,1,0.971061093247588,0.348387096774194,1,0.317307692307692,1,0.304975922953451,0.300150829562594,1,1,1,0.917829457364341,1,0.299539170506912,0.301391035548686,1,1,0.0473186119873817,0.0889235569422777,1,1,0.294209702660407,1,1,0.299684542586751,1,1,0.694099378881988,0.549467275494673,1,0,1,1,0.104454685099846,0.30757341576507,1,0.305900621118012,0.998444790046656,0.9671875,0.998442367601246,0.808936825885978,1,0.320126782884311,1,1,1,0,0.298701298701299,1,1,0.68895800933126,1,0.302469135802469,0.35375191424196,0.303680981595092,1,1,1,0.0920060331825038,0.307086614173228,0.0950080515297907,0.998427672955975,0.30030487804878,0.294930875576037,0.345622119815668,0,1,0.959627329192547,1,1,0.310077519379845,0.288519637462236,0.167701863354037,0.0370942812982998,0.304821150855365,0.297045101088647,0.314814814814815,0.00157232704402516,0.299065420560748,1,0,0.303625377643505,1,1,1,0.309559939301973,0.308157099697885,0.0351437699680511,1,0.300632911392405,0.300911854103343,1,1,0.305772230889236,0.706840390879479,1,1,0.703416149068323,1,0.304804804804805,1,0.30521472392638,0.53030303030303,0.684370257966616,0.4,1,0.293233082706767,0.306153846153846,0.686153846153846,0.683409436834094,1,0.307339449541284,1,0.305847076461769,1,0.3109375,0.297169811320755,0.34984520123839,0.514018691588785,0.300940438871473,0.302652106084243,0.672926447574335,0.305084745762712,0.159744408945687,1,0,1,0.279365079365079,1,0,0.309262166405024,0.3024,1,0.0597014925373134,1,0.0872274143302181,0.3328173374613,1,0.0642201834862385,0.678461538461538,1,1,1,0.295454545454545,0.0379362670713202,1,0.408602150537634,0.101721439749609,0.339908952959029,0.309667673716012,0.307339449541284,1,1,1,1,1,0.0664652567975831,0.995412844036697,0.696646341463415,0.00448430493273543,0.308049535603715,1,1,1,1,0.0924499229583975,0.301515151515152,1,1,1,1,1,1,0.487951807228916,0.00158730158730159,1,0.0876923076923077,0.298600311041991,0.447900466562986,1,0.394321766561514,0.300163132137031,0.305471124620061,1,0.0432766615146832,0.307219662058372,1,1,0.361331220285261,0.296636085626911,0.294478527607362,0.302362204724409,0.998470948012232,0.3109375,0.3,0.41185647425897,0.304347826086957,0.976923076923077,0.309090909090909,0.0860719874804382,0.313572542901716,0,1,0.094488188976378,0.301092043681747,0.30173775671406,0.3046875,1,1,1,1,1,1,0.325434439178515,1,0.30521472392638,0.305691056910569,0.605263157894737,0.687301587301587,1,1,0,0.30441400304414,0.12824427480916,0.998477929984779,0.0376175548589342,1,1,0.294025157232704,1,1,0.629984051036683,0.409677419354839,0.99702380952381,0.0864779874213836,0.101426307448494,1,1,1,0.0916149068322981,0,0.306184012066365,0.41358024691358,0.297090352220521,0,0.315541601255887,0.0873015873015873,1,1,0.30441400304414,0.306027820710974,0.257009345794392,0.321372854914197,0.293394777265745,0.31104199066874,1,1,0.319182389937107,1,0,1,0.236559139784946,1,0.697247706422018,1,0.296923076923077,0.298722044728434,0.0788253477588872,0.688350983358548,1,1,0.793478260869565,0.891935483870968,0.310126582278481,0.306122448979592,1,0.308641975308642,0.2642089093702,0.305111821086262,1,0.107197549770291,1,1,0.304212168486739,0.689490445859873,0.292134831460674,1,1,0.294930875576037,0.293577981651376,0.303030303030303,0.863636363636364,0.2953125,1,0.0554699537750385,1,1,0.708396946564885,0.660522273425499,0.308917197452229,0.053680981595092,0.303125,1,1,0.294209702660407,0.315707620528771,0.627480916030534,1,0.296969696969697,0.363214837712519,0.292307692307692,0.984779299847793,0.482003129890454,0.0046656298600311,0.295839753466872,0.313813813813814,0.32398753894081,0.3,0.306766917293233,0.972602739726027,1,0.302180685358255,0.553772070626003,0.701726844583987,0.244582043343653,0.69951534733441,1,0.309815950920245,0.0031201248049922,0.312989045383412,0.297709923664122,0.354587869362364,0.309597523219814,0,0.322530864197531,0.307086614173228,0.307086614173228,0.301412872841444
"236",0.290322580645161,0.305246422893482,0.306729264475743,0.312,0.305732484076433,0.296825396825397,0.00983606557377049,0.312202852614897,0.309748427672956,0.583468395461912,0.311320754716981,0.636222910216718,0.520325203252033,0.317230273752013,1,1,0.628482972136223,0,0.321486268174475,0.294303797468354,1,1,0.315955766192733,0.515822784810127,0.297971918876755,1,1,0.328947368421053,0.301242236024845,0.525316455696203,1,0.599056603773585,0.363924050632911,0.9984,0.682926829268293,0.302479338842975,0.13968253968254,0.313291139240506,1,0.29264475743349,0.00158730158730159,0,0,0.320325203252033,0.315372424722662,1,0.995169082125604,1,1,1,0.700934579439252,0.322528363047002,1,0.312101910828025,0.304487179487179,0.825040128410915,0.118032786885246,0.311501597444089,0.305295950155763,0.319182389937107,0.992025518341308,1,1,0.00476190476190476,0.305466237942122,0.305900621118012,0.660743134087238,0.315112540192926,0.612055641421947,1,0.305511811023622,1,1,0.262725779967159,0.162974683544304,0.306976744186047,1,0.99537037037037,0.313385826771654,1,0.602605863192182,1,1,0.312210200927357,1,0.312111801242236,0.30952380952381,0.320512820512821,0.307073954983923,0,0.310897435897436,0.314553990610329,0.693650793650794,0.587596899224806,0.296052631578947,0.6421875,0.688888888888889,0.302507836990596,0.12621359223301,0,0.309791332263242,0.625396825396825,1,0.303571428571429,1,0.312,0,0.314285714285714,1,1,1,0.304897314375987,0.996810207336523,0.315457413249211,0.202492211838006,0.303076923076923,1,0.373817034700315,1,1,0.204113924050633,0.311320754716981,1,1,0.319620253164557,1,0.310185185185185,0.300623052959502,0.364069952305246,0.7609375,0.310569105691057,1,0.320754716981132,0.644615384615385,0.320261437908497,1,0.00159235668789809,1,0.370839936608558,0.881107491856677,0.588607594936709,0.596491228070175,0.306122448979592,0.319078947368421,1,0.30173775671406,1,0.287096774193548,0.501567398119122,0.312111801242236,1,0.303174603174603,0.307814992025518,0.312297734627832,0.317307692307692,1,0.29951690821256,1,0.440809968847352,0.317111459968603,1,0.309119010819165,1,0.598387096774194,0.308562197092084,1,0.308176100628931,0.307568438003221,0.321711568938193,0.989130434782609,0.316455696202532,1,0.317817014446228,1,0.30655737704918,1,0.60031847133758,0.304416403785489,0.0298013245033113,0.2914653784219,0.312,1,0.30379746835443,0.314465408805031,0.314553990610329,0.333333333333333,1,1,0.308441558441558,0.321543408360129,1,1,0.3088,0.238546603475513,0.0167173252279635,0.69826224328594,1,0.00156985871271586,0.307332293291732,1,0.309178743961353,0.302936630602782,0.311811023622047,0.998407643312102,1,1,0.320668693009119,0.304418985270049,0.309033280507132,0.6864,0.295345104333868,1,0.331730769230769,1,1,0.441823899371069,0.317152103559871,0.309597523219814,0.315372424722662,0.286392405063291,0.305466237942122,0.647909967845659,1,1,0.306603773584906,0.00463678516228748,0.321592649310873,0.301538461538462,0.304487179487179,0.295238095238095,0.289855072463768,0.302936630602782,0.708860759493671,0.364906832298137,0.299524564183835,1,0.313311688311688,1,0.295418641390205,0.301282051282051,0.301282051282051,0.320512820512821,0.302134646962233,1,0.3109375,0.800319488817891,1,1,0.998387096774194,1,1,0.892508143322476,1,1,1,0.3015625,1,0.314238952536825,0,1,0.388544891640867,1,0.316720257234727,0.3104,0.306709265175719,0.421474358974359,1,0.326594090202177,1,1,1,1,0,0.307324840764331,1,1,0.310832025117739,1,0.315541601255887,1,1,0.301458670988655,0.312703583061889,0.29874213836478,0.148264984227129,0.320388349514563,0,0.603975535168196,1,0.311627906976744,0.305863708399366,0.577708006279435,1,1,0.317957166392092,0.318181818181818,1,0.655063291139241,0.709677419354839,0.300157977883096,0.305921052631579,0.995319812792512,0.319554848966614,0.296466973886329,1,0.311320754716981,0.299524564183835,1,0.293929712460064,0.315789473684211,0.303030303030303,0.310126582278481,1,1,1,0.302066772655008,0.32484076433121,0.0063391442155309,0.992063492063492,0.317817014446228,1,1,0.294573643410853,0.312210200927357,0.298107255520505,0.3088,0.308166409861325,1,0.300632911392405,0.305993690851735,0.572131147540984,1,0.83968253968254,1,0,1,0.314814814814815,1,1,0.421383647798742,1,0.3125,1,0.300955414012739,0.296,0.297169811320755,1,1,0.303937007874016,0.392446633825944,0.617224880382775,0.289389067524116,1,1,1,0.314238952536825,1,0.207278481012658,1,1,1,1,0.317757009345794,1,0.304418985270049,0.32753164556962,0.681889763779528,0.294498381877023,1,0.310618066561014,0.30829420970266,0.306188925081433,1,0.298600311041991,1,0.308868501529052,0.473015873015873,0.314553990610329,0.314606741573034,0.304552590266876,1,0.312803889789303,0.3008,1,1,0.317384370015949,0.299843014128728,1,0.4828125,0.314935064935065,0.3203125,0.320126782884311,0.687598116169545,1,0.285714285714286,1,0.423566878980892,0.292993630573248,0,0.877138413685848,0.3072,0.313479623824451,0,0.0361067503924647,0.983844911147011,0.303370786516854,1,0.296875,0.305555555555556,1,0.320634920634921,0.311216429699842,0.675718849840256,1,0.316211878009631,0.312903225806452,1,0.30298273155416,0.304777594728171,1,0.339089481946625,0.305246422893482,0.302507836990596,0.3216,0.80127186009539,1,0.982200647249191,1,1,0.00156739811912226,1,0.9952,1,0.434782608695652,0.998389694041868,0.2984375,0.9953125,0.317307692307692,0.996810207336523,0.610769230769231,0.627358490566038,0.313084112149533,0.306501547987616,0.647335423197492,0.305194805194805,0,0.6336,0.688311688311688,0.313572542901716,0.00159235668789809,0.297939778129952,0.302839116719243,0.772292993630573,0.319182389937107,0.689655172413793,0.595813204508857,0.314375987361769,0.310185185185185,0.286392405063291,1,0.027190332326284,0,0.308056872037915,0.31378763866878,0.330696202531646,1,0.3354943273906,0.312101910828025,1,0.292913385826772,0.941455696202532,0.577922077922078,1,1,0.994983277591973,0.311912225705329,0.609105180533752,0.312693498452012,0.306946688206785,0.314285714285714,0.422291993720565,1,0.310289389067524,1,0.313725490196078,0.316045380875203,1,0.312399355877617,1,0.314102564102564,1,1,0.318110236220472,0,1,0.309968847352025,1,0.5578125,1,0.509493670886076,1,0.564593301435407,1,0.303571428571429,1,1,1,0.304075235109718,0.316211878009631,0.310291858678955,0.343648208469055,0.332236842105263,0.3024,1,0.3136,1,1,0.311708860759494,0.305921052631579,0.305772230889236,0.383252818035427,0.321259842519685,1,1,0.324492979719189,0.312803889789303,0.626198083067093,0.606741573033708,0.303656597774245,0.308064516129032,1,0.290625,0.311811023622047,0.9952,0.297906602254428,0.305732484076433,0,0.147058823529412,0.314285714285714,0.68348623853211,0.302884615384615,0.312302839116719,0.602503912363067,0.996810207336523,0.307941653160454,1,0.311912225705329,0.345161290322581,0.308917197452229,0.467614533965245,0.307324840764331,1,0.315789473684211,0.31219512195122,0.325769854132901,0.701112877583466,1,0.323481116584565,0.311811023622047,0,0.313479623824451,1,0.955625990491284,1,0.308426073131955,0.312,0.306477093206951,0.585139318885449,1,0.599041533546326,0.318471337579618,1,1,0.967084639498433,0.684542586750789,0.317460317460317,0.360189573459716,0.314375987361769,0.303265940902022,1,1,0.518225039619651,0.636507936507936,1,1,1,0.697411003236246,1,0.3125,0.689873417721519,1,0.324367088607595,0.304347826086957,0.315789473684211,0.998432601880878,1,0.658022690437601,0.312302839116719,1,1,0.318611987381703,0.299212598425197,1,0,0.313725490196078,0.301282051282051,0.00470957613814757,0.304075235109718,1,0.304487179487179,1,0.144186046511628,0,0.901234567901235,0.316118935837246,1,1,0,0.00158227848101266,0.3125,1,0.303425774877651,0.998463901689708,0.3042071197411,1,0.998417721518987,0.960191082802548,0.763239875389408,1,1,0.00319488817891374,1,0.527363184079602,0.317965023847377,0.68960244648318,0.314285714285714,1,0.300476947535771,0.67948717948718,1,1,0.305958132045089,0.62015503875969,0.325,0.593949044585987,0.97427652733119,0.325242718446602,0.606973058637084,0.0110759493670886,0.297734627831715,0.311320754716981,0.310725552050473,1,0.639876352395672,0.294303797468354,0.884126984126984,0.591205211726384,0.969088098918083,1,1,0.301587301587302,0.33442088091354,0.306188925081433,0.304552590266876,0.303656597774245,0.619266055045872,0.297971918876755,0,0.681268882175227,0.998422712933754,0.317535545023697,0.300787401574803,0.305825242718447,0.313385826771654,0.610576923076923,1,0.327613104524181,0.330658105939005,0.326797385620915,0.311501597444089,0.30829420970266,0.3046875,0.190697674418605,0.685990338164251,0.309033280507132,0.607198748043818,1,0.232114467408585,0.315457413249211,0.92368839427663,1,1,0.29874213836478,0.64171974522293,1,0.302180685358255,0.296,0.954983922829582,1,1,0.996779388083736,0.316614420062696,1,1,0.892109500805153,1,0.338533541341654,1,0.593900481540931,1,0.684542586750789,0.30503144654088,0.609324758842444,1,1,0.99375,0.307453416149068,0.316770186335404,0.323529411764706,0.311708860759494,0.314754098360656,0.321311475409836,0.983686786296901,0.305810397553517,1,1,0.702194357366771,0,0.314728682170543,0.31441717791411,0.683307332293292,1,0.566510172143975,0.315950920245399,0.65086887835703,0.304761904761905,0.314516129032258,1,0.299840510366826,0.311666666666667,0.676328502415459,0.906862745098039,0.317220543806647,0.605815831987076,0.577741407528642,0.312101910828025,0.3184,0.292259083728278,0.598070739549839,0.686305732484076,1,0.890127388535032,1,0.68062015503876,0.998410174880763,0.600321027287319,0.308426073131955,0.311897106109325,1,1,0.436420722135008,0.993485342019544,0.996879875195008,1,0.307324840764331,0.314785373608903,1,0.30640243902439,0.689873417721519,0.323763955342903,0.459715639810427,0.296950240770466,0,0.299050632911392,1,1,0.595611285266458,0.00158227848101266,0.320695102685624,0.313694267515924,0.108108108108108,0.407528641571195,1,1,0.310015898251192,1,0.412520064205457,1,0.319571865443425,0.600315955766193,0.312903225806452,0.311501597444089,1,0,1,0.300492610837438,0.307814992025518,1,1,1,0.439807383627608,1,0.306477093206951,0.621875,0.317535545023697,0.315533980582524,0.00154798761609907,0.0377952755905512,1,0.624605678233438,1,0.319182389937107,0.321192052980132,1,1,0.170579029733959,0.298107255520505,1,0.900153609831029,1,0.311320754716981,0.204545454545455,0.679626749611198,1,1,1,1,1,0.279937791601866,0.297637795275591,1,0.119205298013245,0.00159235668789809,0.439178515007899,0,0.321766561514196,1,0.698564593301435,1,1,0.888540031397174,1,0.686821705426357,1,1,1,1
"237",1,1,1,1,1,1,0.7072,1,1,0.0967213114754098,1,0.0425196850393701,0.817307692307692,1,0.319554848966614,0.314785373608903,0.062402496099844,0.682847896440129,1,1,0.304552590266876,0.319218241042345,1,0.153125,1,0.330218068535826,0.320261437908497,1,1,0.786283891547049,0.320754716981132,0.7328125,0.963607594936709,0.314696485623003,0,1,0.531746031746032,1,0.303680981595092,1,0.661367249602544,0.683042789223455,0.69435736677116,1,1,0.314102564102564,0.313001605136437,0.321372854914197,0.328593996840442,0.326594090202177,0,1,0.316957210776545,1,1,0.502423263327948,0.556618819776715,1,1,1,0.337461300309598,0.322884012539185,0.321656050955414,0.677884615384615,1,1,0.035031847133758,1,0.0547112462006079,0.323029366306028,1,0.325434439178515,0.321951219512195,0.964110929853181,0.507788161993769,1,0.308661417322835,0.339652448657188,1,0.320450885668277,0.0833333333333333,0.336,0.328593996840442,1,0.344339622641509,1,1,1,1,0.684627575277338,1,1,0.0015625,0.104037267080745,1,0.0435458786936236,0,1,0.569131832797428,0.671521035598705,1,0.0522151898734177,0.316535433070866,1,0.319620253164557,1,0.677067082683307,1,0.315447154471545,0.325949367088608,0.326498422712934,1,0.326053042121685,1,0.490654205607477,1,0.319620253164557,0.294670846394984,0.331259720062208,0.324281150159744,0.481774960380349,1,0.333333333333333,0.319354838709677,1,0.314465408805031,1,1,0.321766561514196,0.542242703533026,1,0.320251177394035,1,0.0398773006134969,1,0.31496062992126,0.671317829457364,0.333858267716535,0.934083601286174,0.434571890145396,0.0992,0.0950080515297907,1,1,0.334928229665072,1,0.322530864197531,1,0.807153965785381,1,0.328478964401294,1,1,1,1,0.337060702875399,1,0.330081300813008,0.247244094488189,1,0.315789473684211,1,0.309904153354633,0.0816,1,0.316993464052288,1,1,1,0.333848531684699,1,0.328,1,0.306581059390048,1,0.315873015873016,0.0726698262243286,1,0.633387888707038,1,1,0.318541996830428,1,1,1,1,0.328571428571429,0.31441717791411,1,1,0.321928460342146,0.311688311688312,1,0.446708463949843,0.671212121212121,0,0.325842696629214,0.662420382165605,1,0.32120253164557,1,1,1,0.322327044025157,0.326625386996904,0.326194398682043,1,1,1,0,1,0.303715670436187,0.976,0.320967741935484,0.305511811023622,0.75314465408805,1,1,1,1,1,0.0429936305732484,0.320574162679426,0.332278481012658,1,0.67981072555205,1,1,0.998435054773083,1,1,1,0.00474683544303797,0.3078125,1,0.313311688311688,1,0.305993690851735,1,1,1,1,1,0.328502415458937,1,0.506369426751592,0.3296,0.332288401253919,0.31687898089172,0.322632423756019,0.3328,0.412724306688418,0.335453100158982,0.31974921630094,0.320813771517997,1,0.328638497652582,1,0.684129429892142,0.315541601255887,0.305426356589147,0.337060702875399,1,1,1,0.254019292604502,0.32182103610675,1,0.329032258064516,0.332814930015552,0.317965023847377,0.332283464566929,0.677215189873418,1,0.325617283950617,0.312599681020734,1,0.309677419354839,1,0.312597200622084,0.315286624203822,1,1,1,0.536741214057508,1,0.680379746835443,0.0784313725490196,0.321711568938193,1,1,0.0921875,0.330188679245283,0.322528363047002,1,1,0.302507836990596,0.0238095238095238,0.00323101777059774,1,1,0.335403726708075,0.998410174880763,1,0.31619937694704,1,1,0.319685039370079,1,1,1,1,0.334384858044164,0.310452418096724,0.326923076923077,1,1,0.661949685534591,0.32120253164557,1,0.320754716981132,0.306603773584906,1,1,1,1,1,0.331738437001595,1,1,0.109149277688604,0.335949764521193,0.485668789808917,0.313880126182965,0.669826224328594,0.323248407643312,1,0.314935064935065,0.3344,0.248826291079812,0.322784810126582,1,0.327743902439024,1,1,1,0.310289389067524,0.325077399380805,1,0.923948220064725,0.0617088607594937,1,0.32120253164557,0.32018927444795,0.315619967793881,1,0.333333333333333,0.477165354330709,0.33122028526149,0.313001605136437,0.316558441558442,0.31911532385466,1,0.3278955954323,1,1,0,1,0.333333333333333,1,1,1,0.331738437001595,1,0.312399355877617,1,0.8375,1,1,1,0.32182103610675,1,1,0.315457413249211,0.318611987381703,1,1,0.316118935837246,0.183229813664596,1,1,1,0,0.317589576547231,1,0.317111459968603,0.239549839228296,1,0.670846394984326,0.439137134052388,1,1,0.674311926605505,0.694753577106518,0.349206349206349,1,0.32484076433121,1,1,0.326984126984127,1,1,0.0094488188976378,0.329113924050633,1,1,0.321711568938193,1,1,0.315457413249211,0.322274881516588,1,1,1,0.517829457364341,0.317891373801917,0.350157728706625,0.324615384615385,0.337007874015748,0.689102564102564,0.334375,0.33596214511041,0.319444444444444,0.230647709320695,0.331691297208539,1,0.323529411764706,1,0.321259842519685,0.0797546012269939,0.0497667185069984,1,1,0.0368,1,0.680685358255452,0.0428571428571429,0.012779552715655,1,0.675078864353312,1,1,0.551219512195122,1,0,0.073482428115016,1,1,1,0.329032258064516,0.638719512195122,0.684297520661157,0.995275590551181,1,0.984227129337539,0.309748427672956,0.330696202531646,1,0.307568438003221,1,0.380348652931854,0.106451612903226,0.309375,0.324451410658307,0.342327150084317,1,0.0760869565217391,1,1,1,0.255886970172684,0.327476038338658,1,0.323809523809524,1,1,0.31832298136646,1,0.322085889570552,1,0.318471337579618,0.321766561514196,1,0.67156862745098,0.320493066255778,1,0.3024,0.75796178343949,0.315467075038285,0.157977883096367,0.328746177370031,0.765822784810127,0.309791332263242,1,0.322834645669291,0.347826086956522,0.292913385826772,1,1,1,0.971900826446281,0.334991708126036,1,0.325281803542673,1,0.316139767054908,0.322378716744914,1,1,1,0.922834645669291,1,0.30564263322884,0.32755905511811,1,1,0.0471544715447154,0.0764331210191083,1,1,0.312,1,1,0.319488817891374,1,1,0.676970633693972,0.530326594090202,1,0,1,1,0.0993788819875776,0.332802547770701,1,0.328548644338118,1,0.967479674796748,1,0.82398753894081,1,0.331691297208539,1,1,1,0,0.315,1,1,0.671428571428571,1,0.319047619047619,0.368421052631579,0.31619937694704,1,1,1,0.0892018779342723,0.32258064516129,0.0827922077922078,1,0.309486780715397,0.3171875,0.358255451713396,0,1,0.959055118110236,1,1,0.328478964401294,0.307453416149068,0.150485436893204,0.03486529318542,0.325878594249201,0.318037974683544,0.330203442879499,0.00161812297734628,0.318037974683544,1,0,0.3203125,1,1,1,0.320813771517997,0.323529411764706,0.0310965630114566,1,0.321144674085851,0.308661417322835,1,1,0.321428571428571,0.692307692307692,1,1,0.689710610932476,1,0.320872274143302,1,0.319554848966614,0.530959752321981,0.668224299065421,0.406392694063927,1,0.304347826086957,0.322327044025157,0.68125,0.659476117103236,1,0.320126782884311,1,0.322085889570552,1,0.322274881516588,0.3136,0.3625,0.518053375196232,0.318840579710145,0.312101910828025,0.662420382165605,0.325115562403698,0.147487844408428,1,0,1,0.304625199362041,1,0,0.317230273752013,0.319870759289176,1,0.0568356374807988,1,0.0814696485623003,0.346581875993641,1,0.062015503875969,0.661367249602544,1,1,1,0.313915857605178,0.0376766091051805,1,0.424528301886792,0.100158982511924,0.363214837712519,0.330721003134796,0.322429906542056,1,1,1,1,1,0.0596330275229358,0.995384615384615,0.684867394695788,0.00464396284829721,0.32348367029549,1,1,1,1,0.0817307692307692,0.317610062893082,1,1,1,1,1,1,0.493730407523511,0.00161550888529887,1,0.0820433436532508,0.334905660377358,0.432646592709984,1,0.405405405405405,0.314332247557003,0.317683881064163,1,0.0378548895899054,0.324409448818898,1,1,0.365384615384615,0.318681318681319,0.315457413249211,0.322006472491909,1,0.325878594249201,0.326086956521739,0.419656786271451,0.327586206896552,0.974723538704581,0.318731117824773,0.0747967479674797,0.329093799682035,0,1,0.0848,0.313001605136437,0.314696485623003,0.319286871961102,1,1,1,1,1,1,0.330112721417069,1,0.325878594249201,0.322847682119205,0.600313479623824,0.674157303370786,1,1,0,0.316358024691358,0.113418530351438,1,0.03486529318542,1,1,0.322222222222222,1,1,0.628617363344051,0.412052117263844,0.995447647951442,0.0753205128205128,0.0938511326860841,1,1,1,0.0833333333333333,0,0.323343848580442,0.424679487179487,0.318529862174579,0,0.328478964401294,0.0789049919484702,1,1,0.329704510108865,0.327044025157233,0.241758241758242,0.336569579288026,0.312796208530806,0.323390894819466,1,1,0.333868378812199,1,0,1,0.215311004784689,1,0.670347003154574,1,0.316211878009631,0.318255250403877,0.0760869565217391,0.6765625,1,1,0.782958199356913,0.891447368421053,0.3184,0.321543408360129,1,0.319554848966614,0.241214057507987,0.320388349514563,1,0.102201257861635,1,1,0.322222222222222,0.676282051282051,0.312703583061889,1,1,0.307086614173228,0.311811023622047,0.320552147239264,0.855325914149444,0.311290322580645,1,0.0530421216848674,1,1,0.69435736677116,0.643086816720257,0.321428571428571,0.053968253968254,0.326433121019108,1,1,0.317460317460317,0.330708661417323,0.613564668769716,1,0.306376360808709,0.3671875,0.308661417322835,0.984447900466563,0.48,0.00469483568075117,0.309375,0.328703703703704,0.335473515248796,0.320907617504052,0.322033898305085,0.967340590979782,1,0.323390894819466,0.543230016313214,0.679611650485437,0.223622047244094,0.685524126455907,1,0.325949367088608,0.00317965023847377,0.330683624801272,0.313971742543171,0.36150234741784,0.327974276527331,0,0.344339622641509,0.329032258064516,0.325281803542673,0.316455696202532
"238",0.281645569620253,0.298165137614679,0.297045101088647,0.3125,0.291666666666667,0.2890625,0.0063391442155309,0.313084112149533,0.293494704992436,0.587761674718196,0.293394777265745,0.657450076804916,0.512820512820513,0.305810397553517,1,1,0.627692307692308,0,0.30503144654088,0.291731669266771,1,1,0.303215926493109,0.517080745341615,0.3003003003003,1,1,0.31629392971246,0.288288288288288,0.520249221183801,1,0.587326120556414,0.359447004608295,0.995297805642633,0.683229813664596,0.29016393442623,0.139570552147239,0.308892355694228,1,0.290571870170015,0.00154559505409583,0,0,0.316614420062696,0.298578199052133,1,0.996899224806202,1,1,1,0.700460829493088,0.312796208530806,1,0.310664605873261,0.299539170506912,0.81687898089172,0.126934984520124,0.300157977883096,0.297546012269939,0.306976744186047,0.992424242424242,1,1,0.00314465408805031,0.304975922953451,0.307219662058372,0.68025078369906,0.308426073131955,0.622926093514329,1,0.297380585516179,1,1,0.262578616352201,0.1578125,0.301972685887709,1,0.995412844036697,0.304147465437788,1,0.618971061093248,1,1,0.308049535603715,1,0.308510638297872,0.303937007874016,0.305772230889236,0.303599374021909,0,0.306729264475743,0.309880239520958,0.700617283950617,0.597222222222222,0.298578199052133,0.655487804878049,0.68960244648318,0.300613496932515,0.118589743589744,0,0.29559748427673,0.625592417061611,1,0.299363057324841,1,0.305993690851735,0,0.303265940902022,1,1,1,0.284603421461897,0.996899224806202,0.307210031347962,0.201848998459168,0.293591654247392,1,0.373846153846154,1,1,0.198767334360555,0.294298921417565,1,1,0.311728395061728,1,0.294469357249626,0.297709923664122,0.361801242236025,0.754857997010463,0.301109350237718,1,0.312796208530806,0.655172413793103,0.320695102685624,1,0,1,0.364341085271318,0.879365079365079,0.595911949685535,0.6046875,0.294753086419753,0.303174603174603,1,0.302936630602782,1,0.293103448275862,0.501519756838906,0.308510638297872,1,0.292307692307692,0.2984375,0.311627906976744,0.310832025117739,1,0.2953125,1,0.433130699088146,0.302290076335878,1,0.300462249614792,1,0.599374021909233,0.299684542586751,1,0.299694189602446,0.297090352220521,0.3140625,0.987823439878234,0.311526479750779,1,0.304552590266876,1,0.301458670988655,1,0.604938271604938,0.283969465648855,0.0355987055016181,0.28343949044586,0.296754250386399,1,0.290769230769231,0.3,0.307219662058372,0.311526479750779,1,1,0.2976,0.306853582554517,1,1,0.296466973886329,0.235384615384615,0.0210526315789474,0.703588143525741,1,0.00153609831029186,0.300911854103343,1,0.299524564183835,0.293577981651376,0.295731707317073,0.996923076923077,1,1,0.308734939759036,0.298555377207063,0.295031055900621,0.699044585987261,0.294851794071763,1,0.323899371069182,1,1,0.430321592649311,0.302215189873418,0.303076923076923,0.309968847352025,0.290824261275272,0.293460925039872,0.658346333853354,1,1,0.296923076923077,0.00307692307692308,0.309923664122137,0.298798798798799,0.308892355694228,0.287925696594427,0.285493827160494,0.305185185185185,0.70381679389313,0.36969696969697,0.286377708978328,1,0.305993690851735,1,0.284178187403994,0.285939968404423,0.299212598425197,0.309409888357257,0.298722044728434,1,0.300153139356815,0.800940438871473,1,1,0.998422712933754,1,1,0.888,1,1,1,0.294478527607362,1,0.303858520900322,0,1,0.384024577572965,1,0.301412872841444,0.307448494453249,0.293103448275862,0.4203125,1,0.302325581395349,1,1,1,1,0,0.299212598425197,1,1,0.303459119496855,1,0.306027820710974,1,1,0.288401253918495,0.307570977917981,0.287480680061824,0.143081761006289,0.303459119496855,0,0.606334841628959,1,0.298761609907121,0.302034428794992,0.589230769230769,1,1,0.310897435897436,0.315047021943574,1,0.669242658423493,0.706624605678233,0.283048211508554,0.299840510366826,0.99388379204893,0.315789473684211,0.28422619047619,1,0.298600311041991,0.281345565749235,1,0.288819875776398,0.296875,0.296466973886329,0.294392523364486,1,1,1,0.28902627511592,0.304347826086957,0.00617283950617284,0.993817619783617,0.313694267515924,1,1,0.294478527607362,0.311248073959938,0.280864197530864,0.297339593114241,0.296296296296296,1,0.291079812206573,0.293291731669267,0.579113924050633,1,0.834101382488479,1,0,1,0.30920060331825,1,1,0.41640866873065,0.998456790123457,0.302839116719243,1,0.2859375,0.291472868217054,0.295839753466872,1,1,0.304482225656878,0.380032206119163,0.624801271860095,0.28341384863124,1,1,1,0.299050632911392,1,0.208791208791209,1,1,1,1,0.306501547987616,1,0.30048465266559,0.315217391304348,0.693023255813954,0.288643533123028,1,0.306153846153846,0.304347826086957,0.291338582677165,1,0.29249617151608,1,0.305135951661631,0.46875,0.308411214953271,0.305379746835443,0.29393468118196,1,0.301092043681747,0.292307692307692,1,1,0.30503144654088,0.29393468118196,1,0.487767584097859,0.302884615384615,0.306870229007634,0.307332293291732,0.69375,1,0.277511961722488,1,0.428346456692913,0.290625,0,0.879389312977099,0.301587301587302,0.299689440993789,0,0.0298273155416013,0.982866043613707,0.303125,1,0.296529968454259,0.30064308681672,1,0.307458143074581,0.30381679389313,0.683464566929134,1,0.305900621118012,0.312401883830455,1,0.296923076923077,0.294025157232704,1,0.336363636363636,0.295774647887324,0.302180685358255,0.317111459968603,0.796296296296296,1,0.980738362760835,1,1,0,1,0.992272024729521,1,0.428794992175274,0.996830427892235,0.28902627511592,0.992307692307692,0.313880126182965,0.995356037151703,0.610271903323263,0.64624808575804,0.296923076923077,0.295384615384615,0.646604938271605,0.298887122416534,0,0.644409937888199,0.699212598425197,0.29595015576324,0,0.289473684210526,0.28328173374613,0.757387247278383,0.308049535603715,0.703588143525741,0.603531300160514,0.3046875,0.306278713629403,0.287692307692308,1,0.0282738095238095,0,0.301659125188537,0.308166409861325,0.312210200927357,1,0.339009287925697,0.300623052959502,1,0.287480680061824,0.943338437978561,0.577352472089314,1,1,0.993377483443709,0.302891933028919,0.62,0.305597579425113,0.290584415584416,0.2921875,0.423493044822257,1,0.297805642633229,1,0.3,0.304625199362041,1,0.299524564183835,1,0.307936507936508,1,1,0.302034428794992,0,1,0.311450381679389,1,0.555555555555556,1,0.519083969465649,1,0.557098765432099,1,0.304,1,1,1,0.297546012269939,0.304761904761905,0.298484848484848,0.333870967741935,0.324104234527687,0.288819875776398,1,0.302694136291601,1,1,0.306870229007634,0.304625199362041,0.298761609907121,0.377535101404056,0.302431610942249,1,1,0.303215926493109,0.307814992025518,0.634185303514377,0.60377358490566,0.302034428794992,0.293375394321767,1,0.292307692307692,0.303703703703704,0.996870109546166,0.288461538461538,0.290123456790123,0,0.133633633633634,0.300787401574803,0.700740740740741,0.301710730948678,0.300763358778626,0.612951807228916,0.996860282574568,0.298107255520505,1,0.301242236024845,0.328025477707006,0.299684542586751,0.467592592592593,0.296411856474259,1,0.301829268292683,0.300319488817891,0.31378763866878,0.699088145896657,1,0.313385826771654,0.305426356589147,0,0.304012345679012,0.998444790046656,0.95405819295559,1,0.304821150855365,0.306853582554517,0.301412872841444,0.6,1,0.606349206349206,0.315457413249211,1,1,0.96417445482866,0.696540880503145,0.316037735849057,0.346273291925466,0.302936630602782,0.298621745788668,1,1,0.519561815336463,0.647058823529412,1,1,0.998477929984779,0.704944178628389,1,0.313546423135464,0.69701726844584,1,0.298136645962733,0.307692307692308,0.300623052959502,0.996918335901387,1,0.657643312101911,0.305722891566265,1,1,0.311145510835913,0.295489891135303,0.998442367601246,0,0.2912,0.299382716049383,0.00476947535771065,0.293846153846154,1,0.296703296703297,1,0.143730886850153,0,0.899082568807339,0.314728682170543,1,1,0,0,0.306853582554517,1,0.301109350237718,0.998491704374057,0.289514866979656,1,0.998442367601246,0.964396284829721,0.76049766718507,1,1,0.00463678516228748,1,0.517017828200972,0.312893081761006,0.694189602446483,0.309451219512195,1,0.286821705426357,0.690625,1,1,0.299843014128728,0.631975867269985,0.317411402157165,0.597503900156006,0.973101265822785,0.31911532385466,0.614906832298137,0.012326656394453,0.299531981279251,0.308282208588957,0.307931570762053,1,0.651057401812689,0.284403669724771,0.895734597156398,0.599056603773585,0.966360856269113,1,1,0.293023255813953,0.323671497584541,0.303317535545024,0.293577981651376,0.290625,0.627067669172932,0.286798179059181,0,0.687407407407407,0.998468606431853,0.314329738058552,0.289719626168224,0.299837925445705,0.300613496932515,0.614664586583463,1,0.313364055299539,0.322784810126582,0.309061488673139,0.2984375,0.298003072196621,0.300462249614792,0.19047619047619,0.7,0.299531981279251,0.60790273556231,1,0.234009360374415,0.305084745762712,0.921725239616613,1,1,0.294851794071763,0.657450076804916,1,0.292307692307692,0.28169014084507,0.95,1,1,0.998397435897436,0.300763358778626,1,1,0.892913385826772,1,0.337920489296636,1,0.6048,1,0.695987654320988,0.289514866979656,0.611464968152866,1,1,0.990639625585023,0.304147465437788,0.304747320061256,0.308306709265176,0.300314465408805,0.30952380952381,0.301391035548686,0.981308411214953,0.295208655332303,1,1,0.698757763975155,0,0.301538461538462,0.304012345679012,0.695852534562212,1,0.574303405572755,0.303759398496241,0.658950617283951,0.303076923076923,0.301127214170692,1,0.302839116719243,0.297872340425532,0.670382165605096,0.905901116427432,0.303120356612184,0.618524332810047,0.59748427672956,0.302469135802469,0.305993690851735,0.282608695652174,0.608087091757387,0.70398773006135,1,0.898305084745763,1,0.685758513931889,0.99685534591195,0.60062893081761,0.3046875,0.308426073131955,1,1,0.440993788819876,0.995230524642289,0.996951219512195,1,0.299531981279251,0.302325581395349,1,0.296851574212894,0.696124031007752,0.310344827586207,0.463836477987421,0.28006329113924,0,0.290076335877863,1,1,0.616207951070336,0,0.317535545023697,0.303599374021909,0.0910493827160494,0.387987012987013,1,1,0.293846153846154,1,0.418096723868955,1,0.311649016641452,0.603945371775417,0.304482225656878,0.302652106084243,1,0,1,0.293650793650794,0.303599374021909,1,1,1,0.422647527910686,1,0.304953560371517,0.634586466165414,0.315467075038285,0.304761904761905,0,0.0430769230769231,1,0.634645669291339,1,0.305555555555556,0.321144674085851,1,1,0.165137614678899,0.289719626168224,1,0.894817073170732,1,0.309451219512195,0.2,0.685271317829457,1,1,1,1,1,0.272588055130168,0.297045101088647,1,0.121212121212121,0,0.447166921898928,0,0.304897314375987,1,0.696540880503145,1,1,0.88646967340591,1,0.698170731707317,1,1,1,1
"239",1,1,1,1,1,1,0.706708268330733,1,1,0.0941915227629513,1,0.0401854714064915,0.822047244094488,1,0.30625,0.297839506172839,0.0611620795107034,0.697262479871176,1,1,0.284403669724771,0.303937007874016,1,0.155384615384615,1,0.317411402157165,0.30564263322884,1,1,0.782608695652174,0.294385432473445,0.73394495412844,0.966412213740458,0.304482225656878,0,1,0.546995377503852,1,0.287650602409639,1,0.676100628930818,0.690076335877863,0.703647416413374,1,1,0.309119010819165,0.304953560371517,0.295558958652374,0.313846153846154,0.323619631901841,0,1,0.299694189602446,1,1,0.491419656786271,0.563981042654028,1,1,1,0.319758672699849,0.315217391304348,0.305295950155763,0.691472868217054,1,1,0.0322085889570552,1,0.0540540540540541,0.307458143074581,1,0.304878048780488,0.318818040435459,0.973312401883831,0.521936459909228,1,0.3,0.32572298325723,1,0.306836248012719,0.0874403815580286,0.320126782884311,0.312693498452012,1,0.323076923076923,1,1,1,1,0.698170731707317,1,1,0.0015552099533437,0.10105580693816,1,0.0421052631578947,0,1,0.564945226917058,0.680555555555556,1,0.0515625,0.312307692307692,1,0.3046875,1,0.694656488549618,1,0.303875968992248,0.310291858678955,0.307458143074581,1,0.318461538461538,1,0.48948948948949,1,0.301857585139319,0.304147465437788,0.311011904761905,0.301857585139319,0.4884437596302,0.998449612403101,0.306870229007634,0.308426073131955,1,0.295839753466872,1,1,0.329738058551618,0.537993920972644,1,0.307931570762053,1,0.0401188707280832,1,0.304545454545455,0.689024390243902,0.318952234206472,0.93563579277865,0.425431711145997,0.100917431192661,0.0962732919254658,1,1,0.31733746130031,1,0.309880239520958,1,0.808510638297872,1,0.314102564102564,1,1,1,1,0.321981424148607,1,0.3078125,0.253105590062112,1,0.301972685887709,1,0.296636085626911,0.0804416403785489,1,0.302507836990596,1,1,1,0.32185628742515,1,0.311728395061728,1,0.296466973886329,1,0.311912225705329,0.0738461538461539,1,0.6368,1,1,0.309748427672956,1,1,1,1,0.316846986089645,0.302431610942249,1,0.998470948012232,0.30781010719755,0.296178343949045,1,0.449165402124431,0.678678678678679,0,0.310872894333844,0.675384615384615,1,0.305810397553517,1,0.998493975903614,1,0.306990881458967,0.304675716440422,0.313084112149533,1,1,1,0,1,0.300940438871473,0.978294573643411,0.30829420970266,0.305084745762712,0.744292237442922,1,1,1,1,1,0.0398162327718224,0.308411214953271,0.319213313161876,1,0.687975646879756,1,1,0.998447204968944,0.998475609756098,1,1,0.00457317073170732,0.313253012048193,1,0.295418641390205,1,0.284178187403994,1,1,1,1,1,0.310452418096724,1,0.510077519379845,0.315707620528771,0.314842578710645,0.301857585139319,0.310077519379845,0.317757009345794,0.415064102564103,0.325688073394495,0.302147239263804,0.3015625,1,0.312693498452012,1,0.696646341463415,0.301538461538462,0.309667673716012,0.319875776397516,1,1,1,0.255451713395639,0.297971918876755,1,0.311926605504587,0.315151515151515,0.302325581395349,0.312977099236641,0.691107644305772,1,0.313546423135464,0.305084745762712,1,0.292063492063492,1,0.296240601503759,0.303543913713405,1,1,1,0.542635658914729,1,0.694915254237288,0.0784023668639053,0.310975609756098,1,1,0.0954545454545455,0.314024390243902,0.321372854914197,1,1,0.294656488549618,0.0247678018575851,0.00316957210776545,1,1,0.324283559577677,1,1,0.296803652968037,1,1,0.30521472392638,1,1,1,1,0.314241486068111,0.297619047619048,0.316639741518578,1,1,0.682588597842835,0.311349693251534,1,0.309230769230769,0.289230769230769,1,1,0.998466257668712,1,1,0.311627906976744,1,1,0.1078125,0.318529862174579,0.475743348982786,0.295839753466872,0.684782608695652,0.310708898944193,1,0.3046875,0.318885448916409,0.26040061633282,0.306870229007634,1,0.315868263473054,1,1,1,0.302180685358255,0.315548780487805,0.998487140695915,0.93217665615142,0.0582677165354331,1,0.302469135802469,0.303405572755418,0.301391035548686,1,0.31651376146789,0.471212121212121,0.317411402157165,0.292758089368259,0.303030303030303,0.3015625,1,0.308641975308642,1,1,0,1,0.318252730109204,1,1,1,0.31875,1,0.3,1,0.84331797235023,1,1,1,0.302795031055901,1,1,0.301391035548686,0.304012345679012,1,1,0.303265940902022,0.18989280245023,1,0.998493975903614,1,0,0.308049535603715,1,0.300153139356815,0.241860465116279,1,0.684532924961715,0.418290854572714,1,1,0.688988095238095,0.702954898911353,0.3390625,1,0.301857585139319,1,1,0.320373250388802,1,0.998430141287284,0.00773993808049536,0.31839258114374,1,1,0.317965023847377,1,1,0.30503144654088,0.331797235023041,1,1,1,0.53343701399689,0.296969696969697,0.333853354134165,0.313782991202346,0.323529411764706,0.700310559006211,0.319634703196347,0.311248073959938,0.302431610942249,0.242283950617284,0.303937007874016,1,0.307110438729198,0.998444790046656,0.308868501529052,0.0824587706146927,0.0473282442748092,1,1,0.0356589147286822,1,0.695067264573991,0.0365853658536585,0.0108864696734059,1,0.687789799072643,1,1,0.529411764705882,1,0,0.069620253164557,1,1,1,0.305863708399366,0.654357459379616,0.6928,0.992307692307692,1,0.986466165413534,0.290769230769231,0.338509316770186,1,0.29264475743349,1,0.369631901840491,0.102685624012638,0.296520423600605,0.311746987951807,0.321895424836601,1,0.0721804511278196,1,1,1,0.254237288135593,0.316037735849057,1,0.31055900621118,1,1,0.295281582952816,1,0.310240963855422,1,0.306376360808709,0.316358024691358,1,0.685847589424572,0.303519061583578,1,0.301261829652997,0.774691358024691,0.304747320061256,0.155864197530864,0.306427503736921,0.768759571209801,0.291079812206573,1,0.315870570107858,0.321752265861027,0.286149162861492,1,1,1,0.971563981042654,0.3472,1,0.311811023622047,1,0.303225806451613,0.310502283105023,1,1,1,0.920807453416149,1,0.299093655589124,0.311827956989247,1,1,0.0453125,0.0771604938271605,1,1,0.301857585139319,1,1,0.302795031055901,1,1,0.689230769230769,0.540581929555896,1,0,1,1,0.0975975975975976,0.313755795981453,1,0.313178294573643,0.998456790123457,0.966876971608833,0.998452012383901,0.833078101071976,1,0.318979266347687,1,1,1,0,0.301765650080257,1,1,0.677914110429448,1,0.309341500765697,0.358461538461538,0.314900153609831,1,1,1,0.0895295902883156,0.3109375,0.0890302066772655,0.998461538461539,0.30381679389313,0.298780487804878,0.343465045592705,0,1,0.959752321981424,1,1,0.310126582278481,0.294027565084227,0.157650695517774,0.033434650455927,0.309119010819165,0.298273155416013,0.321100917431193,0.00157728706624606,0.308868501529052,1,0,0.301684532924962,1,1,1,0.30781010719755,0.302255639097744,0.0304975922953451,1,0.300940438871473,0.29803328290469,1,1,0.310975609756098,0.702093397745572,1,1,0.708722741433022,1,0.294561933534743,1,0.299065420560748,0.53323029366306,0.672727272727273,0.391566265060241,1,0.295795795795796,0.305471124620061,0.686453576864536,0.675716440422323,1,0.317557251908397,1,0.314285714285714,1,0.309597523219814,0.30298273155416,0.344086021505376,0.524390243902439,0.303738317757009,0.298621745788668,0.679626749611198,0.303759398496241,0.146964856230032,1,0,1,0.284820031298905,1,0,0.310344827586207,0.30829420970266,1,0.0525525525525526,1,0.0834621329211747,0.333333333333333,1,0.0584615384615385,0.680491551459293,1,1,1,0.305466237942122,0.04047976011994,1,0.422360248447205,0.0927672955974843,0.342900302114804,0.309451219512195,0.315384615384615,1,1,1,1,1,0.0605143721633888,0.996987951807229,0.69478527607362,0.00449101796407186,0.312597200622084,1,1,1,1,0.0833333333333333,0.309090909090909,1,1,1,1,1,1,0.489393939393939,0.00154798761609907,1,0.0775075987841945,0.305810397553517,0.435185185185185,1,0.390894819466248,0.301612903225806,0.300623052959502,1,0.0371517027863777,0.304281345565749,1,1,0.364069952305246,0.294736842105263,0.301857585139319,0.316279069767442,0.998466257668712,0.307931570762053,0.308282208588957,0.405616224648986,0.303076923076923,0.978428351309707,0.302533532041729,0.0825396825396825,0.315151515151515,0,1,0.0837209302325581,0.299689440993789,0.314152410575428,0.301092043681747,1,1,1,1,1,1,0.31974921630094,1,0.309486780715397,0.300986842105263,0.604261796042618,0.696062992125984,1,1,0,0.308980213089802,0.114197530864198,0.998502994011976,0.031055900621118,1,1,0.308892355694228,1,1,0.620689655172414,0.399053627760252,0.998522895125554,0.0788643533123028,0.0998439937597504,1,1,1,0.0838509316770186,0,0.307098765432099,0.415625,0.301972685887709,0,0.317610062893082,0.0817610062893082,1,1,0.305343511450382,0.314024390243902,0.24390243902439,0.333333333333333,0.299546142208775,0.305810397553517,1,1,0.3140625,1,0,1,0.2296875,1,0.684615384615385,1,0.299382716049383,0.292259083728278,0.0688073394495413,0.689393939393939,1,1,0.786833855799373,0.886731391585761,0.305295950155763,0.307453416149068,1,0.303875968992248,0.254263565891473,0.312101910828025,1,0.0977099236641221,1,1,0.309815950920245,0.690590111642743,0.304075235109718,1,1,0.298461538461538,0.300925925925926,0.309667673716012,0.851735015772871,0.306122448979592,1,0.0561456752655539,1,1,0.711509715994021,0.653374233128834,0.313479623824451,0.0510046367851623,0.31619937694704,1,1,0.302936630602782,0.31875,0.616588419405321,1,0.299847792998478,0.360730593607306,0.296923076923077,0.986363636363636,0.483464566929134,0.00305343511450382,0.291858678955453,0.316109422492401,0.317757009345794,0.3078125,0.303490136570561,0.974045801526718,1,0.302255639097744,0.5552,0.691222570532915,0.234303215926493,0.691823899371069,1,0.307339449541284,0.00155763239875389,0.318112633181126,0.301059001512859,0.355083459787557,0.313178294573643,0,0.322137404580153,0.305772230889236,0.312401883830455,0.303215926493109
"240",1,1,1,1,1,1,0.710569105691057,1,1,0.0969305331179321,1,0.0427892234548336,0.811501597444089,1,0.302884615384615,0.294952681388013,0.065625,0.691680261011419,1,1,0.276190476190476,0.308306709265176,1,0.154818325434439,1,0.312597200622084,0.314845024469821,1,1,0.798711755233494,0.302325581395349,0.741085271317829,0.963836477987421,0.305511811023622,0,1,0.543720190779014,1,0.292307692307692,1,0.674454828660436,0.689763779527559,0.702786377708978,1,1,0.308186195826645,0.304416403785489,0.298761609907121,0.306976744186047,0.307339449541284,0,1,0.3078125,1,1,0.488038277511962,0.556438791732909,1,1,1,0.326594090202177,0.307073954983923,0.3008,0.690208667736758,1,1,0.0349761526232114,1,0.0547112462006079,0.307210031347962,1,0.311111111111111,0.30327868852459,0.965964343598055,0.510971786833856,1,0.297546012269939,0.326625386996904,1,0.309061488673139,0.0851063829787234,0.320634920634921,0.3136,1,0.325396825396825,1,1,1,1,0.700310559006211,1,1,0.0015748031496063,0.106349206349206,1,0.0447530864197531,0,1,0.557755775577558,0.682258064516129,1,0.05,0.297637795275591,1,0.301612903225806,1,0.697305863708399,1,0.2992,0.305379746835443,0.306349206349206,1,0.315372424722662,1,0.486821705426357,1,0.30016051364366,0.297637795275591,0.314984709480122,0.305466237942122,0.482649842271293,0.998442367601246,0.304212168486739,0.299679487179487,1,0.292379471228616,1,1,0.323943661971831,0.531684698608965,1,0.303937007874016,1,0.0431432973805855,1,0.309597523219814,0.686708860759494,0.320634920634921,0.93354943273906,0.420880913539967,0.10031847133758,0.0917721518987342,1,1,0.315024232633279,1,0.302795031055901,1,0.807098765432099,1,0.314424635332253,1,1,1,1,0.321711568938193,1,0.3088,0.253477588871716,1,0.300314465408805,1,0.286846275752773,0.0856219709208401,1,0.2992,1,1,1,0.328616352201258,1,0.317460317460317,1,0.294670846394984,1,0.309061488673139,0.0702028081123245,1,0.639669421487603,1,1,0.306962025316456,1,1,1,1,0.309409888357257,0.301092043681747,1,0.998412698412698,0.306853582554517,0.295161290322581,1,0.444099378881988,0.676783004552352,0,0.3088,0.67601246105919,1,0.302795031055901,1,0.998425196850394,1,0.303370786516854,0.309968847352025,0.314102564102564,1,1,1,0,1,0.297770700636943,0.976114649681529,0.313408723747981,0.302547770700637,0.741835147744946,1,1,1,1,1,0.0406885758998435,0.3088,0.317034700315457,1,0.692913385826772,1,1,0.998397435897436,0.998432601880878,1,1,0.00477707006369427,0.314152410575428,1,0.301282051282051,1,0.285939968404423,1,1,1,1,1,0.307570977917981,1,0.513643659711075,0.311501597444089,0.318252730109204,0.301612903225806,0.31139646869984,0.314194577352472,0.402912621359223,0.313971742543171,0.303459119496855,0.301109350237718,1,0.30379746835443,1,0.695178849144635,0.3056,0.306501547987616,0.32258064516129,1,1,1,0.251184834123223,0.308892355694228,1,0.311111111111111,0.314152410575428,0.293739967897271,0.307931570762053,0.6944,1,0.308892355694228,0.311708860759494,1,0.287128712871287,1,0.301092043681747,0.298412698412698,1,1,1,0.535031847133758,1,0.698890649762282,0.0840978593272171,0.3104,1,1,0.0929133858267717,0.311424100156495,0.311897106109325,1,1,0.300925925925926,0.028391167192429,0.00316455696202532,1,1,0.317484662576687,0.998384491114701,1,0.297805642633229,1,1,0.306153846153846,1,1,1,1,0.311605723370429,0.300155520995334,0.316639741518578,1,1,0.681889763779528,0.306349206349206,1,0.308777429467085,0.289137380191693,1,1,0.998427672955975,1,1,0.314553990610329,1,1,0.105008077544426,0.31924882629108,0.4671875,0.295055821371611,0.680314960629921,0.309486780715397,1,0.298701298701299,0.315286624203822,0.249216300940439,0.313364055299539,1,0.310975609756098,1,1,1,0.299679487179487,0.303937007874016,0.998415213946117,0.924217462932455,0.0631067961165049,1,0.305900621118012,0.301282051282051,0.294685990338164,1,0.317111459968603,0.466981132075472,0.313479623824451,0.293838862559242,0.307817589576547,0.29746835443038,1,0.314696485623003,1,1,0,1,0.31496062992126,1,1,1,0.312,1,0.3042071197411,1,0.836734693877551,1,1,1,0.297169811320755,1,1,0.297124600638978,0.305164319248826,1,1,0.305511811023622,0.182527301092044,1,0.998432601880878,1,0,0.3024,1,0.304075235109718,0.24203821656051,1,0.682316118935837,0.431464174454829,1,1,0.683890577507599,0.7056,0.34009360374415,1,0.305993690851735,1,1,0.319620253164557,1,0.9984,0.00947867298578199,0.322222222222222,1,1,0.310289389067524,1,1,0.294498381877023,0.330218068535826,1,1,1,0.534181240063593,0.29635499207607,0.327503974562798,0.304615384615385,0.32120253164557,0.701112877583466,0.315625,0.318110236220472,0.304347826086957,0.238244514106583,0.309677419354839,1,0.312210200927357,0.998420221169036,0.312111801242236,0.0885496183206107,0.0464396284829721,1,1,0.0373831775700935,1,0.699537750385208,0.0397456279809221,0.0143769968051118,1,0.684713375796178,1,1,0.53198127925117,1,0,0.0746753246753247,1,1,1,0.314285714285714,0.654708520179372,0.708674304418985,0.993680884676145,1,0.982785602503912,0.290880503144654,0.335443037974684,1,0.292332268370607,1,0.374613003095975,0.104575163398693,0.292259083728278,0.302936630602782,0.319796954314721,1,0.0802469135802469,1,1,1,0.251543209876543,0.307692307692308,1,0.310618066561014,1,1,0.294025157232704,1,0.313546423135464,1,0.297939778129952,0.306089743589744,1,0.685393258426966,0.304147465437788,1,0.298217179902755,0.766773162939297,0.30521472392638,0.15919629057187,0.308641975308642,0.776527331189711,0.29570747217806,1,0.309636650868878,0.322274881516588,0.28816199376947,1,1,1,0.972447325769854,0.333887043189369,1,0.313725490196078,1,0.307317073170732,0.3046875,1,1,1,0.9168,1,0.298136645962733,0.312893081761006,1,1,0.0511182108626198,0.080952380952381,1,1,0.292407108239095,1,1,0.301916932907348,1,1,0.691472868217054,0.535768645357686,1,0,1,1,0.0959752321981424,0.319488817891374,1,0.320126782884311,0.998420221169036,0.9648,0.998397435897436,0.822981366459627,1,0.314845024469821,1,1,1,0,0.302479338842975,1,1,0.687697160883281,1,0.306349206349206,0.355694227769111,0.313385826771654,1,1,1,0.0952380952380952,0.303571428571429,0.0894308943089431,0.998397435897436,0.299212598425197,0.300925925925926,0.34488188976378,0,1,0.955696202531646,1,1,0.310289389067524,0.294656488549618,0.158730158730159,0.0381558028616852,0.308661417322835,0.293269230769231,0.317610062893082,0.00161812297734628,0.305900621118012,1,0,0.304212168486739,1,1,1,0.311526479750779,0.302611367127496,0.0309951060358891,1,0.305772230889236,0.297507788161994,1,1,0.304897314375987,0.705211726384365,1,1,0.69951534733441,1,0.296754250386399,1,0.311320754716981,0.527131782945736,0.684292379471229,0.394453004622496,1,0.289230769230769,0.303317535545024,0.687010954616588,0.687306501547988,1,0.313291139240506,1,0.31104199066874,1,0.315873015873016,0.294788273615635,0.349453978159126,0.503164556962025,0.3056,0.296650717703349,0.678740157480315,0.300469483568075,0.146864686468647,1,0,1,0.282467532467532,1,0,0.305111821086262,0.304487179487179,1,0.0561456752655539,1,0.0850722311396469,0.334379905808477,1,0.0664556962025316,0.674454828660436,1,1,1,0.308943089430894,0.0387596899224806,1,0.43312101910828,0.0966183574879227,0.34715821812596,0.307931570762053,0.312693498452012,1,1,1,1,1,0.0597243491577335,0.995341614906832,0.694704049844237,0.00462249614791988,0.308056872037915,1,1,1,1,0.0868878357030016,0.300462249614792,1,1,1,1,1,1,0.484567901234568,0.00160771704180064,1,0.0833333333333333,0.306836248012719,0.435612082670906,1,0.38599348534202,0.294407894736842,0.30298273155416,1,0.0349206349206349,0.30379746835443,1,1,0.362619808306709,0.301261829652997,0.303656597774245,0.314935064935065,0.998427672955975,0.314465408805031,0.310236220472441,0.408360128617363,0.307448494453249,0.970633693972179,0.302752293577982,0.0829268292682927,0.3152,0,1,0.0866013071895425,0.300955414012739,0.306709265175719,0.303858520900322,1,1,1,1,1,1,0.325281803542673,1,0.309748427672956,0.302521008403361,0.591194968553459,0.692185007974482,1,1,0,0.299539170506912,0.121019108280255,0.998477929984779,0.0329153605015674,1,1,0.310897435897436,1,1,0.609872611464968,0.403654485049834,0.996960486322188,0.0805152979066023,0.0924764890282132,1,1,1,0.0873015873015873,0,0.303937007874016,0.416666666666667,0.302325581395349,0,0.314102564102564,0.0869565217391304,1,1,0.308527131782946,0.304075235109718,0.230529595015576,0.319354838709677,0.300469483568075,0.307086614173228,1,1,0.318611987381703,1,0,1,0.213375796178344,1,0.686119873817035,1,0.301261829652997,0.297253634894992,0.078740157480315,0.6890625,1,1,0.792,0.894563426688633,0.311708860759494,0.308064516129032,1,0.308681672025723,0.248803827751196,0.307443365695793,1,0.102040816326531,1,1,0.30622009569378,0.700162074554295,0.303514376996805,1,1,0.287284144427002,0.3015625,0.301857585139319,0.852750809061489,0.3008,1,0.0515625,1,1,0.714508580343214,0.650316455696203,0.313001605136437,0.054773082942097,0.309904153354633,1,1,0.29746835443038,0.31378763866878,0.620094191522763,1,0.30757341576507,0.360374414976599,0.304212168486739,0.984544049459042,0.472843450479233,0.0046583850931677,0.284591194968553,0.312977099236641,0.314935064935065,0.298217179902755,0.308166409861325,0.968895800933126,1,0.3015625,0.553921568627451,0.695299837925446,0.239811912225705,0.698854337152209,1,0.312399355877617,0.00321027287319422,0.31378763866878,0.304897314375987,0.351735015772871,0.307941653160454,0,0.3140625,0.307317073170732,0.311216429699842,0.304416403785489
"241",1,1,1,1,1,1,0.712918660287081,1,1,0.0970873786407767,1,0.0405616224648986,0.817460317460317,1,0.310509554140127,0.297297297297297,0.0622083981337481,0.684552845528455,1,1,0.288643533123028,0.302547770700637,1,0.152647975077882,1,0.325396825396825,0.316720257234727,1,1,0.787638668779715,0.303076923076923,0.73374613003096,0.971653543307087,0.302003081664099,0,1,0.540625,1,0.287234042553192,1,0.668789808917197,0.681318681318681,0.698608964451314,1,1,0.308681672025723,0.306603773584906,0.303490136570561,0.314152410575428,0.317757009345794,0,1,0.309148264984227,1,1,0.494417862838915,0.561014263074485,1,1,1,0.330232558139535,0.307936507936508,0.311004784688995,0.688394276629571,1,1,0.0345368916797488,1,0.0572289156626506,0.3140625,1,0.30829420970266,0.321428571428571,0.963492063492064,0.507020280811232,1,0.308396946564885,0.331782945736434,1,0.312803889789303,0.0830618892508143,0.320063694267516,0.316535433070866,1,0.3296875,1,1,1,1,0.696734059097978,1,1,0.00156739811912226,0.101404056162246,1,0.040785498489426,0,1,0.557536466774716,0.682034976152623,1,0.0537974683544304,0.303459119496855,1,0.313971742543171,1,0.689655172413793,1,0.311004784688995,0.3046875,0.315047021943574,1,0.314814814814815,1,0.493865030674847,1,0.302694136291601,0.295489891135303,0.315870570107858,0.308064516129032,0.484423676012461,0.998415213946117,0.311926605504587,0.307317073170732,1,0.294209702660407,1,1,0.334379905808477,0.525914634146341,1,0.3046875,1,0.0368098159509202,1,0.3046875,0.678071539657854,0.318818040435459,0.933858267716535,0.427184466019417,0.0965189873417722,0.0899053627760252,1,1,0.323343848580442,1,0.315950920245399,1,0.81055900621118,1,0.317073170731707,1,1,1,1,0.326018808777429,1,0.312599681020734,0.252713178294574,1,0.303543913713405,1,0.297637795275591,0.0812101910828025,1,0.308186195826645,1,1,1,0.332307692307692,1,0.320813771517997,1,0.298107255520505,1,0.309262166405024,0.0740157480314961,1,0.652312599681021,1,1,0.306962025316456,1,1,1,1,0.317111459968603,0.306853582554517,1,0.998422712933754,0.321592649310873,0.30048465266559,1,0.45440251572327,0.678353658536585,0,0.31839258114374,0.68088467614534,1,0.316037735849057,1,0.998468606431853,1,0.315625,0.316846986089645,0.32,1,1,1,0,1,0.303225806451613,0.976489028213166,0.314696485623003,0.303656597774245,0.751181102362205,1,1,1,1,1,0.0376766091051805,0.307692307692308,0.318252730109204,1,0.6890625,1,1,0.998425196850394,0.998435054773083,1,1,0.00471698113207547,0.316358024691358,1,0.301282051282051,1,0.299212598425197,1,1,1,1,1,0.31687898089172,1,0.503154574132492,0.322734499205087,0.320373250388802,0.301282051282051,0.314696485623003,0.318110236220472,0.414910858995138,0.329617834394904,0.313271604938272,0.303265940902022,1,0.314465408805031,1,0.695178849144635,0.309636650868878,0.313664596273292,0.321656050955414,1,1,1,0.24804992199688,0.29570747217806,1,0.314194577352472,0.320061255742726,0.308917197452229,0.315707620528771,0.687797147385103,1,0.31619937694704,0.317384370015949,1,0.2928,1,0.309451219512195,0.30379746835443,1,1,1,0.538950715421304,1,0.694835680751174,0.0791476407914764,0.306729264475743,1,1,0.0948678071539658,0.313755795981453,0.314009661835749,1,1,0.300925925925926,0.0206022187004754,0.00315457413249211,1,1,0.330218068535826,0.998405103668262,1,0.30625,1,1,0.312111801242236,1,1,1,1,0.315873015873016,0.299698795180723,0.319935691318328,1,1,0.681538461538462,0.306709265175719,1,0.311728395061728,0.292379471228616,1,1,0.998454404945904,1,1,0.318611987381703,1,1,0.106209150326797,0.328682170542636,0.48006379585327,0.297124600638978,0.686614173228347,0.307219662058372,1,0.305246422893482,0.324881141045959,0.253869969040248,0.315457413249211,1,0.321483771251932,1,1,1,0.304761904761905,0.315870570107858,0.998432601880878,0.925081433224756,0.0608,1,0.300155520995334,0.314102564102564,0.305246422893482,1,0.319634703196347,0.471786833855799,0.324031007751938,0.308056872037915,0.304761904761905,0.301127214170692,1,0.317817014446228,1,1,0,1,0.304278922345483,1,1,1,0.323854660347551,1,0.304975922953451,1,0.839009287925697,1,1,1,0.30829420970266,1,1,0.301109350237718,0.300157977883096,1,1,0.302652106084243,0.183229813664596,1,0.998432601880878,1,0,0.304625199362041,1,0.307086614173228,0.241269841269841,1,0.684782608695652,0.431643625192012,1,1,0.683812405446294,0.708860759493671,0.343402225755167,1,0.312597200622084,1,1,0.316957210776545,1,0.998394863563403,0.00794912559618442,0.319182389937107,1,1,0.313694267515924,1,1,0.2976,0.325688073394495,1,1,1,0.524332810047096,0.299684542586751,0.334389857369255,0.313161875945537,0.328616352201258,0.684713375796178,0.32398753894081,0.309968847352025,0.312210200927357,0.236507936507937,0.313504823151125,1,0.312210200927357,0.998430141287284,0.307453416149068,0.0821917808219178,0.0493827160493827,1,1,0.0342679127725857,1,0.684698608964451,0.040625,0.0095389507154213,1,0.686915887850467,1,1,0.540412044374009,1,0,0.0718954248366013,1,1,1,0.320695102685624,0.661654135338346,0.704132231404959,0.99375,1,0.986003110419907,0.3,0.338072669826224,1,0.291600633914422,1,0.367670364500792,0.10207336523126,0.300469483568075,0.312883435582822,0.325,1,0.0733229329173167,1,1,1,0.253477588871716,0.318255250403877,1,0.308426073131955,1,1,0.305295950155763,1,0.314285714285714,1,0.308306709265176,0.308056872037915,1,0.6816,0.30521472392638,1,0.30379746835443,0.763866877971474,0.309341500765697,0.15552099533437,0.316923076923077,0.771293375394322,0.303174603174603,1,0.317460317460317,0.326594090202177,0.291472868217054,1,1,1,0.975288303130148,0.341977309562399,1,0.315619967793881,1,0.308319738988581,0.304675716440422,1,1,1,0.928012519561815,1,0.303680981595092,0.3125,1,1,0.048,0.0777777777777778,1,1,0.297253634894992,1,1,0.304416403785489,1,1,0.687106918238994,0.530769230769231,1,0,1,1,0.0973724884080371,0.320574162679426,1,0.312796208530806,0.998412698412698,0.971246006389776,0.998410174880763,0.827586206896552,1,0.324675324675325,1,1,1,0,0.307817589576547,1,1,0.672985781990521,1,0.306853582554517,0.359253499222395,0.316923076923077,1,1,1,0.0850077279752705,0.309409888357257,0.0844155844155844,0.998422712933754,0.3,0.298299845440495,0.348982785602504,0,1,0.961180124223602,1,1,0.319354838709677,0.290769230769231,0.154458598726115,0.03486529318542,0.308426073131955,0.304278922345483,0.318181818181818,0.00158730158730159,0.308176100628931,1,0,0.315707620528771,1,1,1,0.307210031347962,0.315467075038285,0.0294599018003273,1,0.307692307692308,0.300613496932515,1,1,0.312302839116719,0.7,1,1,0.702875399361022,1,0.309006211180124,1,0.30829420970266,0.528951486697966,0.678955453149002,0.394777265745008,1,0.300613496932515,0.307086614173228,0.684292379471229,0.671232876712329,1,0.318181818181818,1,0.314024390243902,1,0.31378763866878,0.3008,0.34384858044164,0.521739130434783,0.311793214862682,0.304625199362041,0.669278996865204,0.305295950155763,0.143317230273752,1,0,1,0.288461538461538,1,0,0.312399355877617,0.312297734627832,1,0.0551301684532925,1,0.0810810810810811,0.3344,1,0.0630769230769231,0.680379746835443,1,1,1,0.305555555555556,0.0328125,1,0.423076923076923,0.0969793322734499,0.352850539291217,0.31924882629108,0.314241486068111,1,1,1,1,1,0.0637329286798179,0.996894409937888,0.695046439628483,0.00458715596330275,0.312693498452012,1,1,1,1,0.0817610062893082,0.303680981595092,1,1,1,1,1,1,0.492236024844721,0.00161290322580645,1,0.0816640986132511,0.315372424722662,0.434169278996865,1,0.388535031847134,0.30718954248366,0.303937007874016,1,0.0376175548589342,0.314873417721519,1,1,0.36624203821656,0.301261829652997,0.302325581395349,0.319354838709677,0.998447204968944,0.321543408360129,0.309486780715397,0.406752411575563,0.307692307692308,0.976993865030675,0.301972685887709,0.0764227642276423,0.31911532385466,0,1,0.0909090909090909,0.302839116719243,0.312796208530806,0.312599681020734,1,1,1,1,1,1,0.329073482428115,1,0.313479623824451,0.311666666666667,0.601255886970173,0.688394276629571,1,1,0,0.310664605873261,0.114649681528662,0.998463901689708,0.032967032967033,1,1,0.302547770700637,1,1,0.624405705229794,0.405271828665568,0.996969696969697,0.0796747967479675,0.0896,1,1,1,0.0821484992101106,0,0.311349693251534,0.413249211356467,0.306153846153846,0,0.322327044025157,0.0792880258899676,1,1,0.310077519379845,0.309859154929577,0.236476043276662,0.338095238095238,0.303265940902022,0.326018808777429,1,1,0.317034700315457,1,0,1,0.217322834645669,1,0.683464566929134,1,0.302362204724409,0.298531810766721,0.0724409448818898,0.685185185185185,1,1,0.799363057324841,0.893548387096774,0.308426073131955,0.305379746835443,1,0.307570977917981,0.25,0.315372424722662,1,0.0982839313572543,1,1,0.310725552050473,0.679674796747967,0.295638126009693,1,1,0.300155520995334,0.302362204724409,0.315301391035549,0.860128617363344,0.307692307692308,1,0.0543478260869565,1,1,0.694968553459119,0.652173913043478,0.314102564102564,0.0555555555555556,0.319488817891374,1,1,0.301587301587302,0.315625,0.626543209876543,1,0.302469135802469,0.3625,0.300940438871473,0.987616099071207,0.484126984126984,0.0031496062992126,0.304747320061256,0.317073170731707,0.322683706070288,0.303715670436187,0.306153846153846,0.9671875,1,0.311526479750779,0.548543689320388,0.693650793650794,0.23125,0.698517298187809,1,0.327044025157233,0.00315955766192733,0.315541601255887,0.30030959752322,0.349378881987578,0.322683706070288,0,0.326530612244898,0.315372424722662,0.317741935483871,0.311216429699842
"242",1,1,1,1,1,1,0.696428571428571,1,1,0.09688013136289,1,0.0450310559006211,0.813804173354735,1,0.327974276527331,0.314152410575428,0.0641627543035994,0.67479674796748,1,1,0.298387096774194,0.320634920634921,1,0.1488,1,0.336990595611285,0.326765188834154,1,1,0.786991869918699,0.32182103610675,0.731669266770671,0.962382445141066,0.320512820512821,0,1,0.527910685805423,1,0.304953560371517,1,0.649842271293375,0.675632911392405,0.68266253869969,1,1,0.327332242225859,0.319422150882825,0.312883435582822,0.329652996845426,0.338533541341654,0,1,0.326018808777429,1,1,0.506430868167203,0.546644844517185,1,1,1,0.342356687898089,0.331189710610932,0.319422150882825,0.672552166934189,1,1,0.0401284109149278,1,0.0564885496183206,0.331210191082803,1,0.322784810126582,0.330618892508143,0.967266775777414,0.493769470404984,1,0.324074074074074,0.350157728706625,1,0.321782178217822,0.0868852459016393,0.333333333333333,0.344551282051282,1,0.35048231511254,1,1,1,1,0.687789799072643,1,1,0.00158982511923688,0.10625,1,0.0467289719626168,0,1,0.542949756888169,0.664495114006515,1,0.0529695024077047,0.321711568938193,1,0.320512820512821,1,0.676100628930818,1,0.329052969502408,0.323390894819466,0.321259842519685,1,0.335443037974684,1,0.482919254658385,1,0.320251177394035,0.289514866979656,0.334360554699538,0.330645161290323,0.479299363057325,0.998405103668262,0.331746031746032,0.3278955954323,1,0.32182103610675,1,1,0.318541996830428,0.543613707165109,1,0.321711568938193,1,0.043010752688172,1,0.326530612244898,0.661392405063291,0.34181240063593,0.93042071197411,0.446982055464927,0.1056,0.0968253968253968,1,1,0.337007874015748,1,0.332298136645963,1,0.806603773584906,1,0.346905537459283,1,1,1,1,0.346581875993641,1,0.333333333333333,0.245614035087719,1,0.314465408805031,1,0.3056,0.0848,1,0.328,1,1,1,0.35062893081761,1,0.340288924558588,1,0.323763955342903,1,0.325281803542673,0.0765625,1,0.631229235880399,1,1,0.320512820512821,1,1,1,1,0.331738437001595,0.319685039370079,1,0.998410174880763,0.332293291731669,0.310679611650485,1,0.425196850393701,0.656012176560122,0,0.334928229665072,0.666139240506329,1,0.330203442879499,1,0.998432601880878,1,0.330696202531646,0.3359375,0.335504885993485,1,1,1,0,1,0.32137030995106,0.973312401883831,0.334959349593496,0.324367088607595,0.7488,1,1,1,1,1,0.0432692307692308,0.33605220228385,0.339652448657188,1,0.661993769470405,1,1,0.998394863563403,0.998420221169036,1,1,0.00471698113207547,0.315384615384615,1,0.320512820512821,1,0.309409888357257,1,1,1,1,1,0.340872374798061,1,0.523349436392915,0.336553945249597,0.332283464566929,0.323248407643312,0.333870967741935,0.332278481012658,0.428343949044586,0.342271293375394,0.319314641744548,0.32484076433121,1,0.335974643423138,1,0.674922600619195,0.33122028526149,0.302362204724409,0.345218800648298,1,1,1,0.25,0.325434439178515,1,0.325806451612903,0.337442218798151,0.325434439178515,0.332278481012658,0.678972712680578,1,0.326625386996904,0.3248,1,0.314935064935065,1,0.326053042121685,0.323343848580442,1,1,1,0.5248,1,0.682615629984051,0.0817901234567901,0.333858267716535,1,1,0.0949367088607595,0.329113924050633,0.335463258785943,1,1,0.310832025117739,0.025,0.0032258064516129,1,1,0.343558282208589,0.998381877022654,1,0.322884012539185,1,1,0.325984251968504,1,1,1,1,0.3376,0.318952234206472,0.338283828382838,1,1,0.6625,0.329032258064516,1,0.324492979719189,0.306188925081433,1,1,0.998417721518987,1,1,0.330708661417323,1,1,0.105090311986864,0.336973478939158,0.5056,0.314785373608903,0.664025356576862,0.3265625,1,0.322169059011164,0.339144215530903,0.246875,0.333848531684699,1,0.327160493827161,1,1,1,0.317891373801917,0.332822085889571,0.998432601880878,0.924193548387097,0.0632090761750405,1,0.325358851674641,0.328478964401294,0.323671497584541,1,0.334360554699538,0.459119496855346,0.329652996845426,0.31139646869984,0.318032786885246,0.3232,1,0.332263242375602,1,1,0,1,0.329052969502408,1,1,1,0.33122028526149,1,0.322632423756019,1,0.839622641509434,1,1,1,0.326594090202177,1,1,0.321656050955414,0.32182103610675,1,1,0.322115384615385,0.185534591194969,1,0.998432601880878,1,0,0.32741935483871,1,0.318681318681319,0.231766612641815,1,0.668231611893584,0.448818897637795,1,1,0.668721109399075,0.692429022082019,0.352472089314195,1,0.332273449920509,1,1,0.337579617834395,1,0.998412698412698,0.00479233226837061,0.335463258785943,1,1,0.337152209492635,1,1,0.326860841423948,0.323390894819466,1,1,1,0.543171114599686,0.315457413249211,0.35031847133758,0.328660436137072,0.339652448657188,0.686305732484076,0.336990595611285,0.332797427652733,0.328638497652582,0.240063593004769,0.326923076923077,1,0.330745341614907,0.998405103668262,0.32182103610675,0.085972850678733,0.0524642289348172,1,1,0.0398724082934609,1,0.674382716049383,0.041335453100159,0.00967741935483871,1,0.664,1,1,0.549114331723027,1,0,0.072463768115942,1,1,1,0.330658105939005,0.638167938931298,0.673333333333333,0.992163009404389,1,0.984447900466563,0.307324840764331,0.323717948717949,1,0.306188925081433,1,0.385964912280702,0.103503184713376,0.311111111111111,0.331240188383046,0.354237288135593,1,0.0800627943485086,1,1,1,0.244582043343653,0.330618892508143,1,0.329581993569132,1,1,0.320754716981132,1,0.332822085889571,1,0.321486268174475,0.331189710610932,1,0.666666666666667,0.329173166926677,1,0.321086261980831,0.753968253968254,0.325038880248834,0.149606299212598,0.329787234042553,0.76984126984127,0.31810766721044,1,0.336507936507937,0.348909657320872,0.303599374021909,1,1,1,0.970636215334421,0.323577235772358,1,0.34257748776509,1,0.330605564648118,0.329153605015674,1,1,1,0.919093851132686,1,0.317411402157165,0.325434439178515,1,1,0.0516129032258065,0.0775444264943457,1,1,0.316455696202532,1,1,0.326332794830372,1,1,0.676609105180534,0.517829457364341,1,0,1,1,0.10062893081761,0.3359375,1,0.334935897435897,0.998392282958199,0.963022508038585,0.998425196850394,0.825,1,0.342019543973941,1,1,1,0,0.322368421052632,1,1,0.669329073482428,1,0.326465927099842,0.362068965517241,0.329153605015674,1,1,1,0.0920436817472699,0.328548644338118,0.0909090909090909,0.998387096774194,0.322932917316693,0.317829457364341,0.365506329113924,0,1,0.954113924050633,1,1,0.34094616639478,0.316118935837246,0.155555555555556,0.0428571428571429,0.325949367088608,0.322834645669291,0.337519623233909,0.00161812297734628,0.32182103610675,1,0,0.327586206896552,1,1,1,0.329133858267717,0.333333333333333,0.0363636363636364,1,0.323854660347551,0.320251177394035,1,1,0.332263242375602,0.683006535947712,1,1,0.679549114331723,1,0.320813771517997,1,0.326433121019108,0.514150943396226,0.655172413793103,0.421133231240429,1,0.301242236024845,0.323899371069182,0.676190476190476,0.658841940532081,1,0.331782945736434,1,0.337962962962963,1,0.323809523809524,0.323671497584541,0.356687898089172,0.516975308641975,0.325878594249201,0.3168,0.654838709677419,0.330696202531646,0.143092105263158,1,0,1,0.300476947535771,1,0,0.338632750397456,0.325242718446602,1,0.0566615620214395,1,0.0875796178343949,0.342857142857143,1,0.0655226209048362,0.654516640253566,1,1,1,0.320388349514563,0.0401234567901235,1,0.444267515923567,0.0950819672131148,0.361934477379095,0.330733229329173,0.333858267716535,1,1,1,1,1,0.0628834355828221,0.996870109546166,0.673501577287066,0.00458015267175573,0.331761006289308,1,1,1,1,0.089622641509434,0.325984251968504,1,1,1,1,1,1,0.477519379844961,0.00161030595813205,1,0.0795631825273011,0.331230283911672,0.413078149920255,1,0.40359477124183,0.314569536423841,0.322734499205087,1,0.041335453100159,0.331240188383046,1,1,0.386217948717949,0.319554848966614,0.324324324324324,0.326194398682043,0.998425196850394,0.333868378812199,0.331761006289308,0.428341384863124,0.323763955342903,0.973354231974922,0.319018404907975,0.0811688311688312,0.340764331210191,0,1,0.0891410048622366,0.323529411764706,0.329581993569132,0.3328,1,1,1,1,1,1,0.342532467532468,1,0.33175355450237,0.319932998324958,0.602848101265823,0.670347003154574,1,1,0,0.324116743471582,0.110236220472441,0.998473282442748,0.0334928229665072,1,1,0.323671497584541,1,1,0.622977346278317,0.428571428571429,0.996969696969697,0.0789049919484702,0.099510603588907,1,1,1,0.0853080568720379,0,0.332288401253919,0.439490445859873,0.322981366459627,0,0.334405144694534,0.0841423948220065,1,1,0.3328125,0.326498422712934,0.233704292527822,0.344155844155844,0.328100470957614,0.325545171339564,1,1,0.33974358974359,1,0,1,0.2192,1,0.6671826625387,1,0.318471337579618,0.328990228013029,0.0743034055727554,0.664566929133858,1,1,0.784469096671949,0.892156862745098,0.32484076433121,0.322683706070288,1,0.334943639291465,0.242765273311897,0.32516339869281,1,0.101105845181675,1,1,0.333863275039746,0.676422764227642,0.322006472491909,1,1,0.315873015873016,0.317034700315457,0.327639751552795,0.845659163987138,0.330097087378641,1,0.0576323987538941,1,1,0.682464454976303,0.643879173290938,0.340460526315789,0.0537974683544304,0.338632750397456,1,1,0.32182103610675,0.338632750397456,0.609984399375975,1,0.32018927444795,0.3859375,0.31911532385466,0.985849056603774,0.453074433656958,0.00161030595813205,0.3109375,0.331775700934579,0.334935897435897,0.335463258785943,0.328725038402458,0.97007874015748,1,0.326018808777429,0.534201954397394,0.670382165605096,0.22626582278481,0.668885191347754,1,0.328050713153724,0.00321027287319422,0.339228295819936,0.327014218009479,0.376175548589342,0.328,0,0.342767295597484,0.333333333333333,0.336038961038961,0.32753164556962
"243",1,1,1,1,1,1,0.704918032786885,1,1,0.105090311986864,1,0.0495207667731629,0.815660685154976,1,0.303030303030303,0.298076923076923,0.0707547169811321,0.701842546063652,1,1,0.288709677419355,0.300492610837438,1,0.155948553054662,1,0.317307692307692,0.304132231404959,1,1,0.784911717495987,0.308917197452229,0.725705329153605,0.966666666666667,0.303514376996805,0,1,0.55448717948718,1,0.293563579277865,1,0.675718849840256,0.690095846645367,0.699059561128527,1,1,0.314569536423841,0.299509001636661,0.297169811320755,0.315286624203822,0.321711568938193,0,1,0.305863708399366,1,1,0.49016393442623,0.569354838709677,1,1,1,0.322327044025157,0.311708860759494,0.308306709265176,0.689822294022617,1,1,0.0422077922077922,1,0.0590979782270607,0.317683881064163,1,0.306089743589744,0.314238952536825,0.965630114566285,0.51685393258427,1,0.296825396825397,0.324881141045959,1,0.306666666666667,0.0925619834710744,0.317589576547231,0.316720257234727,1,0.331210191082803,1,1,1,1,0.697674418604651,1,1,0.0016025641025641,0.10828025477707,1,0.048062015503876,0,1,0.570491803278689,0.681818181818182,1,0.0560897435897436,0.30016051364366,1,0.312,1,0.688188976377953,1,0.306089743589744,0.311111111111111,0.315286624203822,1,0.319875776397516,1,0.492913385826772,1,0.310126582278481,0.295345104333868,0.31875,0.310855263157895,0.491935483870968,0.99837925445705,0.315047021943574,0.311183144246353,1,0.299840510366826,1,1,0.3312,0.541471048513302,1,0.317307692307692,1,0.048062015503876,1,0.312302839116719,0.681962025316456,0.31637519872814,0.928687196110211,0.425956738768719,0.108064516129032,0.101449275362319,1,1,0.320325203252033,1,0.307692307692308,1,0.80188679245283,1,0.309061488673139,1,1,1,1,0.327814569536424,1,0.315447154471545,0.2544,1,0.3088,1,0.289644012944984,0.0922330097087379,1,0.304065040650407,1,1,1,0.3232,1,0.313821138211382,1,0.296474358974359,1,0.313915857605178,0.0812101910828025,1,0.655683690280066,1,1,0.305921052631579,1,1,1,1,0.313915857605178,0.29746835443038,1,0.998392282958199,0.306836248012719,0.302479338842975,1,0.456730769230769,0.683881064162754,0,0.31629392971246,0.676145339652449,1,0.311111111111111,1,0.998422712933754,1,0.310015898251192,0.315873015873016,0.318481848184819,1,1,1,0,1,0.295055821371611,0.975961538461538,0.317817014446228,0.302439024390244,0.748387096774194,1,1,1,1,1,0.0481540930979133,0.312703583061889,0.319620253164557,1,0.695161290322581,1,1,0.998384491114701,0.998415213946117,1,1,0.0046801872074883,0.32018927444795,1,0.302134646962233,1,0.298722044728434,1,1,1,1,1,0.319488817891374,1,0.500813008130081,0.323051948051948,0.311708860759494,0.31219512195122,0.317073170731707,0.324104234527687,0.418416801292407,0.322006472491909,0.306836248012719,0.310015898251192,1,0.313915857605178,1,0.694488188976378,0.312202852614897,0.305863708399366,0.331730769230769,1,1,1,0.264847512038523,0.3104,1,0.310965630114566,0.320754716981132,0.307073954983923,0.317741935483871,0.689210950080515,1,0.311320754716981,0.306055646481178,1,0.3,1,0.303656597774245,0.306320907617504,1,1,1,0.547811993517018,1,0.694533762057878,0.0845070422535211,0.309636650868878,1,1,0.102040816326531,0.312893081761006,0.316912972085386,1,1,0.300955414012739,0.0272,0.00323624595469256,1,1,0.329173166926677,0.998387096774194,1,0.303514376996805,1,1,0.312796208530806,1,1,1,1,0.317307692307692,0.299373040752351,0.316225165562914,1,1,0.677265500794913,0.3104,1,0.306603773584906,0.29047619047619,1,1,0.998392282958199,1,1,0.3184,1,1,0.11219512195122,0.323809523809524,0.482371794871795,0.304065040650407,0.676282051282051,0.312302839116719,1,0.308196721311475,0.319286871961102,0.258675078864353,0.324324324324324,1,0.317535545023697,1,1,1,0.298701298701299,0.309409888357257,0.998425196850394,0.919803600654664,0.0678807947019868,1,0.306836248012719,0.316393442622951,0.304347826086957,1,0.325545171339564,0.481421647819063,0.317384370015949,0.303858520900322,0.31063122923588,0.306451612903226,1,0.314935064935065,1,1,0,1,0.314696485623003,1,1,1,0.321895424836601,1,0.304065040650407,1,0.835725677830941,1,1,1,0.317111459968603,1,1,0.305863708399366,0.305825242718447,1,1,0.302737520128824,0.192982456140351,1,0.998407643312102,1,0,0.308441558441558,1,0.305732484076433,0.245499181669394,1,0.680445151033386,0.422535211267606,1,1,0.683307332293292,0.70873786407767,0.337096774193548,1,0.307814992025518,1,1,0.326298701298701,1,0.99835255354201,0.0095389507154213,0.31219512195122,1,1,0.317589576547231,1,1,0.311004784688995,0.335453100158982,1,1,1,0.521394611727417,0.300319488817891,0.334928229665072,0.311627906976744,0.320967741935484,0.696343402225755,0.32018927444795,0.322274881516588,0.305331179321486,0.239165329052969,0.312803889789303,1,0.306477093206951,0.998405103668262,0.311320754716981,0.0880989180834621,0.0519685039370079,1,1,0.0429936305732484,1,0.694006309148265,0.0457516339869281,0.0128205128205128,1,0.68312101910828,1,1,0.531810766721044,1,0,0.0818030050083473,1,1,1,0.310743801652893,0.666158536585366,0.692561983471074,0.993670886075949,1,0.982484076433121,0.299837925445705,0.338735818476499,1,0.293075684380032,1,0.362903225806452,0.106280193236715,0.298578199052133,0.311526479750779,0.31986531986532,1,0.0815047021943574,1,1,1,0.259493670886076,0.317666126418152,1,0.310064935064935,1,1,0.302066772655008,1,0.312111801242236,1,0.312101910828025,0.315270935960591,1,0.682410423452769,0.308527131782946,1,0.304838709677419,0.753968253968254,0.31104199066874,0.15814696485623,0.317484662576687,0.770597738287561,0.303425774877651,1,0.318181818181818,0.33122028526149,0.281399046104928,1,1,1,0.969354838709677,0.341708542713568,1,0.316476345840131,1,0.31438127090301,0.313291139240506,1,1,1,0.9152,1,0.299050632911392,0.311811023622047,1,1,0.0518638573743922,0.0833333333333333,1,1,0.304700162074554,1,1,0.314102564102564,1,1,0.682615629984051,0.532488114104596,1,0,1,1,0.103125,0.319047619047619,1,0.3152,0.998392282958199,0.965630114566285,0.998389694041868,0.827476038338658,1,0.315789473684211,1,1,1,0,0.307565789473684,1,1,0.680952380952381,1,0.302362204724409,0.347619047619048,0.319870759289176,1,1,1,0.0974842767295598,0.320785597381342,0.0939044481054366,0.99836867862969,0.307570977917981,0.303656597774245,0.33974358974359,0,1,0.954838709677419,1,1,0.314845024469821,0.29635499207607,0.163398692810458,0.0434083601286174,0.317307692307692,0.302884615384615,0.316535433070866,0.00164203612479475,0.303514376996805,1,0,0.311424100156495,1,1,1,0.303599374021909,0.314285714285714,0.0361842105263158,1,0.303370786516854,0.301587301587302,1,1,0.309636650868878,0.705387205387205,1,1,0.697749196141479,1,0.301261829652997,1,0.306836248012719,0.534591194968553,0.678627145085803,0.406832298136646,1,0.290220820189274,0.321316614420063,0.6875,0.675548589341693,1,0.312302839116719,1,0.320634920634921,1,0.307817589576547,0.302479338842975,0.346031746031746,0.511146496815287,0.313628899835796,0.298076923076923,0.671474358974359,0.310289389067524,0.14983164983165,1,0,1,0.287337662337662,1,0,0.315286624203822,0.311475409836066,1,0.059375,1,0.0907590759075908,0.329581993569132,1,0.0690208667736758,0.6832,1,1,1,0.298657718120805,0.0424528301886792,1,0.423701298701299,0.103109656301146,0.346518987341772,0.316037735849057,0.31974921630094,1,1,1,1,1,0.0659340659340659,0.996845425867508,0.692675159235669,0.00461538461538462,0.317891373801917,1,1,1,1,0.092948717948718,0.306603773584906,1,1,1,1,1,1,0.503154574132492,0.00162337662337662,1,0.0914826498422713,0.312599681020734,0.451768488745981,1,0.387722132471729,0.306020066889632,0.304700162074554,1,0.0425867507886435,0.309178743961353,1,1,0.364392678868552,0.304761904761905,0.305958132045089,0.301482701812191,0.998394863563403,0.319805194805195,0.314285714285714,0.416531604538088,0.305466237942122,0.967136150234742,0.307692307692308,0.087248322147651,0.322222222222222,0,1,0.0916530278232406,0.301639344262295,0.31629392971246,0.303130148270181,1,1,1,1,1,1,0.321724709784411,1,0.319935691318328,0.315789473684211,0.590032154340836,0.685154975530179,1,1,0,0.310618066561014,0.126182965299685,0.998444790046656,0.0420032310177706,1,1,0.314424635332253,1,1,0.627642276422764,0.412541254125413,0.997001499250375,0.0808580858085809,0.103618421052632,1,1,1,0.0929853181076672,0,0.31378763866878,0.41335453100159,0.304212168486739,0,0.322422258592471,0.0942148760330579,1,1,0.316535433070866,0.313479623824451,0.240829346092504,0.325732899022801,0.298412698412698,0.313001605136437,1,1,0.32183908045977,1,0,1,0.230031948881789,1,0.6784,1,0.308441558441558,0.302588996763754,0.0769230769230769,0.681159420289855,1,1,0.787096774193548,0.894824707846411,0.313628899835796,0.307817589576547,1,0.309904153354633,0.263665594855305,0.304635761589404,1,0.112519809825674,1,1,0.308777429467085,0.690163934426229,0.298045602605863,1,1,0.293460925039872,0.309409888357257,0.317757009345794,0.849180327868852,0.302287581699346,1,0.0555555555555556,1,1,0.704944178628389,0.660743134087238,0.309484193011647,0.0606060606060606,0.31810766721044,1,1,0.294498381877023,0.317152103559871,0.625199362041467,1,0.297770700636943,0.373205741626794,0.299524564183835,0.98613251155624,0.484025559105431,0.00479233226837061,0.294871794871795,0.31839258114374,0.317666126418152,0.309719934102142,0.306153846153846,0.973015873015873,1,0.308681672025723,0.54635761589404,0.694942903752039,0.23444976076555,0.695652173913043,1,0.315955766192733,0.00160771704180064,0.318471337579618,0.304625199362041,0.362916006339144,0.313213703099511,0,0.328,0.303425774877651,0.319805194805195,0.310509554140127
"244",0.302100161550889,0.315372424722662,0.322981366459627,0.330696202531646,0.318471337579618,0.318541996830428,0.0112,0.322327044025157,0.318181818181818,0.557692307692308,0.322981366459627,0.633385335413417,0.531502423263328,0.325581395348837,1,1,0.619344773790952,0,0.33122028526149,0.316614420062696,1,1,0.328725038402458,0.497652582159624,0.317829457364341,1,1,0.338762214983713,0.3109375,0.540540540540541,1,0.59594383775351,0.369085173501577,0.996860282574568,0.660347551342812,0.315024232633279,0.1359375,0.328660436137072,1,0.312693498452012,0.00314465408805031,0,0,0.333858267716535,0.325396825396825,1,0.996805111821086,1,1,1,0.68025078369906,0.3354943273906,1,0.324451410658307,0.316770186335404,0.832807570977918,0.120879120879121,0.331240188383046,0.323529411764706,0.321766561514196,0.992319508448541,1,1,0.00313971742543171,0.319286871961102,0.329192546583851,0.6513470681458,0.325358851674641,0.601217656012177,1,0.319875776397516,1,1,0.283171521035599,0.154907975460123,0.319508448540707,1,0.998452012383901,0.325038880248834,1,0.586261980830671,1,1,0.331288343558282,1,0.326717557251908,0.31637519872814,0.329133858267717,0.327044025157233,0,0.328050713153724,0.327217125382263,0.682242990654206,0.572100313479624,0.321711568938193,0.631172839506173,0.670866141732283,0.322480620155039,0.113782051282051,0,0.3203125,0.614533965244866,1,0.315447154471545,1,0.319488817891374,0,0.319875776397516,1,1,1,0.307210031347962,0.996850393700787,0.329652996845426,0.189312977099237,0.309559939301973,1,0.352574102964119,1,1,0.18944099378882,0.3171875,1,1,0.334346504559271,1,0.32370820668693,0.317972350230415,0.343307086614173,0.746932515337423,0.320450885668277,1,0.327613104524181,0.631498470948012,0.341935483870968,1,0.00153374233128834,1,0.375196232339089,0.878836833602585,0.573692551505547,0.588607594936709,0.324921135646688,0.323671497584541,1,0.315873015873016,1,0.307448494453249,0.509984639016897,0.325115562403698,1,0.308176100628931,0.317460317460317,0.322061191626409,0.332258064516129,1,0.31629392971246,1,0.417565485362096,0.333850931677019,1,0.323529411764706,1,0.581210191082803,0.322683706070288,1,0.325,0.321428571428571,0.331230283911672,0.989180834621329,0.328660436137072,1,0.3344,1,0.321027287319422,1,0.582539682539683,0.303459119496855,0.0277777777777778,0.298722044728434,0.322834645669291,1,0.3109375,0.323343848580442,0.326594090202177,0.335433070866142,1,1,0.325842696629214,0.324492979719189,1,1,0.320872274143302,0.226917057902973,0.0166666666666667,0.68125,1,0.00313479623824451,0.324074074074074,1,0.317965023847377,0.310030395136778,0.311811023622047,0.998459167950693,1,1,0.326153846153846,0.315705128205128,0.321928460342146,0.677524429967427,0.312,1,0.335949764521193,1,1,0.430359937402191,0.320512820512821,0.319938176197836,0.329635499207607,0.3140625,0.320063694267516,0.646129541864139,1,1,0.316118935837246,0.00156985871271586,0.33693972179289,0.317557251908397,0.323854660347551,0.316037735849057,0.307570977917981,0.324159021406728,0.695046439628483,0.335913312693498,0.308176100628931,1,0.328502415458937,1,0.310452418096724,0.307570977917981,0.31687898089172,0.340872374798061,0.319488817891374,1,0.322480620155039,0.806349206349206,1,1,0.9968,1,1,0.892109500805153,1,1,1,0.31832298136646,1,0.3354943273906,0,1,0.361538461538462,1,0.330112721417069,0.327476038338658,0.325396825396825,0.398412698412698,1,0.327639751552795,1,1,1,1,0,0.3248,1,1,0.319685039370079,1,0.317411402157165,1,1,0.317535545023697,0.326498422712934,0.303459119496855,0.140600315955766,0.33015873015873,0,0.583975346687211,1,0.322429906542056,0.33122028526149,0.575617283950617,1,1,0.328525641025641,0.337060702875399,1,0.646875,0.698083067092652,0.316455696202532,0.325878594249201,0.996955859969559,0.33125,0.312404287901991,1,0.32182103610675,0.311526479750779,1,0.311424100156495,0.315873015873016,0.318681318681319,0.313664596273292,1,1,1,0.310015898251192,0.330173775671406,0.00470219435736677,0.996840442338073,0.327503974562798,1,1,0.313364055299539,0.327160493827161,0.310725552050473,0.32018927444795,0.324031007751938,1,0.310126582278481,0.317610062893082,0.562401263823065,1,0.828616352201258,1,0,1,0.321699544764795,1,1,0.394984326018809,0.998444790046656,0.315873015873016,1,0.31496062992126,0.309968847352025,0.321044546850998,1,1,0.3234375,0.411861614497529,0.604838709677419,0.304,1,1,1,0.327476038338658,1,0.188767550702028,1,1,1,1,0.321100917431193,1,0.32300163132137,0.347352024922118,0.67192429022082,0.312297734627832,1,0.332810047095761,0.322822822822823,0.318627450980392,1,0.314641744548287,1,0.32370820668693,0.486024844720497,0.324492979719189,0.331730769230769,0.315384615384615,1,0.321711568938193,0.307568438003221,1,1,0.322834645669291,0.313479623824451,1,0.46417445482866,0.316211878009631,0.333858267716535,0.341576506955178,0.677621283255086,1,0.303079416531605,1,0.409810126582278,0.312202852614897,0,0.883076923076923,0.324149108589951,0.323809523809524,0,0.0327613104524181,0.987381703470032,0.321928460342146,1,0.312989045383412,0.310289389067524,1,0.330232558139535,0.320512820512821,0.65990639625585,1,0.328593996840442,0.323899371069182,1,0.313935681470138,0.314238952536825,1,0.314728682170543,0.320967741935484,0.321928460342146,0.330173775671406,0.8015625,1,0.980952380952381,1,1,0.00158478605388273,1,0.995260663507109,1,0.408227848101266,0.998417721518987,0.317683881064163,0.996884735202492,0.336012861736334,0.998435054773083,0.597842835130971,0.629230769230769,0.321646341463415,0.31839258114374,0.632148377125193,0.32258064516129,0,0.624413145539906,0.676190476190476,0.320987654320988,0.0015600624024961,0.314465408805031,0.313084112149533,0.744408945686901,0.325471698113208,0.683307332293292,0.588617886178862,0.320634920634921,0.320987654320988,0.300632911392405,1,0.0253353204172876,0,0.328197226502311,0.329173166926677,0.341158059467919,1,0.317034700315457,0.315457413249211,1,0.303543913713405,0.954186413902054,0.553259141494436,1,1,0.996661101836394,0.324574961360124,0.595348837209302,0.329249617151608,0.319805194805195,0.317610062893082,0.393893129770992,1,0.311111111111111,1,0.327841845140033,0.32137030995106,1,0.325842696629214,1,0.324921135646688,1,1,0.324574961360124,0,1,0.327613104524181,1,0.566037735849057,1,0.489130434782609,1,0.565286624203822,1,0.323051948051948,1,1,1,0.311248073959938,0.322115384615385,0.327160493827161,0.341463414634146,0.308702791461412,0.311728395061728,1,0.328571428571429,1,1,0.326465927099842,0.321144674085851,0.32093023255814,0.397476340694006,0.332293291731669,1,1,0.331804281345566,0.324881141045959,0.623003194888179,0.580031695721078,0.317034700315457,0.32475884244373,1,0.309375,0.319508448540707,0.995275590551181,0.305691056910569,0.316614420062696,0,0.134556574923547,0.317460317460317,0.674809160305344,0.308661417322835,0.323076923076923,0.585889570552147,0.998420221169036,0.31629392971246,1,0.312,0.3486529318542,0.319182389937107,0.489984591679507,0.318681318681319,1,0.328703703703704,0.328025477707006,0.33652312599681,0.682888540031397,1,0.329052969502408,0.316846986089645,0,0.3265625,0.998412698412698,0.959501557632399,1,0.31911532385466,0.329704510108865,0.314285714285714,0.578461538461538,1,0.5824,0.335974643423138,1,1,0.976887519260401,0.675632911392405,0.338607594936709,0.363492063492063,0.31937984496124,0.319018404907975,1,1,0.498412698412698,0.629984051036683,1,1,0.998432601880878,0.688995215311005,1,0.324655436447167,0.672985781990521,1,0.325581395348837,0.321766561514196,0.326433121019108,0.9984375,1,0.647909967845659,0.329153605015674,1,1,0.3296875,0.318461538461538,0.998435054773083,0,0.321086261980831,0.31496062992126,0.00476947535771065,0.31859756097561,1,0.315789473684211,1,0.138674884437596,0,0.894495412844037,0.322378716744914,1,1,0,0.00153609831029186,0.326530612244898,1,0.318181818181818,0.996946564885496,0.31637519872814,1,1,0.971383147853736,0.761682242990654,1,1,0.00318979266347687,1,0.495840266222962,0.333333333333333,0.667692307692308,0.333333333333333,1,0.312111801242236,0.670295489891135,1,1,0.326366559485531,0.61178247734139,0.335423197492163,0.576862123613312,0.975922953451043,0.339622641509434,0.595015576323987,0.00782472613458529,0.32018927444795,0.322378716744914,0.327743902439024,1,0.637480798771121,0.313385826771654,0.901587301587302,0.578025477707006,0.973765432098765,1,1,0.315217391304348,0.346278317152104,0.313213703099511,0.317262830482115,0.317683881064163,0.608628659476117,0.311248073959938,0,0.672754946727549,1,0.332293291731669,0.312796208530806,0.325396825396825,0.324615384615385,0.595275590551181,1,0.336463223787167,0.339712918660287,0.330097087378641,0.324324324324324,0.308282208588957,0.3234375,0.177469135802469,0.675806451612903,0.32182103610675,0.580495356037152,1,0.217729393468118,0.320987654320988,0.935691318327974,1,1,0.310618066561014,0.636932707355243,1,0.314900153609831,0.301109350237718,0.959871589085072,1,1,0.998360655737705,0.319182389937107,1,1,0.889776357827476,1,0.361538461538462,1,0.589660743134087,1,0.677966101694915,0.313880126182965,0.589456869009585,1,1,0.9953125,0.32398753894081,0.332283464566929,0.32794830371567,0.317411402157165,0.32137030995106,0.326433121019108,0.988906497622821,0.314375987361769,1,1,0.696261682242991,0,0.31839258114374,0.31619937694704,0.675384615384615,1,0.552959501557632,0.335384615384615,0.635646687697161,0.31201248049922,0.322475570032573,1,0.316211878009631,0.317195325542571,0.669902912621359,0.905228758169935,0.328869047619048,0.590982286634461,0.56687898089172,0.333333333333333,0.332268370607029,0.307692307692308,0.582018927444795,0.677672955974843,1,0.896496815286624,1,0.664050235478807,0.998392282958199,0.585326953748006,0.323854660347551,0.325878594249201,1,1,0.415094339622642,0.996742671009772,1,1,0.31637519872814,0.328100470957614,1,0.32312404287902,0.672839506172839,0.332805071315372,0.442492012779553,0.302547770700637,0,0.312210200927357,1,1,0.582417582417582,0.00151975683890578,0.334375,0.323809523809524,0.10702875399361,0.415458937198068,1,1,0.32093023255814,1,0.394736842105263,1,0.327743902439024,0.576377952755906,0.327639751552795,0.316720257234727,1,0,1,0.315619967793881,0.326984126984127,1,1,1,0.441971383147854,1,0.329073482428115,0.6125,0.332810047095761,0.330049261083744,0.00156985871271586,0.0345368916797488,1,0.620689655172414,1,0.333333333333333,0.332263242375602,1,1,0.153846153846154,0.31496062992126,1,0.897515527950311,1,0.324074074074074,0.19496855345912,0.665620094191523,1,1,1,1,1,0.296583850931677,0.308544303797468,1,0.120578778135048,0.00157232704402516,0.423963133640553,0,0.328025477707006,1,0.675039246467818,1,1,0.889235569422777,1,0.675925925925926,1,1,1,1
"245",1,1,1,1,1,1,0.693522906793049,1,1,0.0987261146496815,1,0.0496894409937888,0.810047095761381,1,0.324960753532182,0.309341500765697,0.0673813169984686,0.6752,1,1,0.285271317829457,0.315707620528771,1,0.154078549848943,1,0.329230769230769,0.320251177394035,1,1,0.778996865203762,0.317972350230415,0.726993865030675,0.964723926380368,0.310664605873261,0,1,0.534456355283308,1,0.298642533936652,1,0.659937888198758,0.673813169984686,0.685099846390169,1,1,0.319554848966614,0.315047021943574,0.306060606060606,0.331797235023041,0.326687116564417,0,1,0.316666666666667,1,1,0.496865203761755,0.552922590837283,1,1,1,0.338414634146341,0.31839258114374,0.318611987381703,0.677672955974843,1,1,0.0390015600624025,1,0.0574018126888218,0.318181818181818,1,0.321372854914197,0.329652996845426,0.961844197138315,0.510736196319018,1,0.320668693009119,0.336405529953917,1,0.31637519872814,0.0872374798061389,0.326530612244898,0.330218068535826,1,0.338485316846986,1,1,1,1,0.690769230769231,1,1,0.00153374233128834,0.104615384615385,1,0.0495495495495495,0,1,0.565079365079365,0.666666666666667,1,0.0529595015576324,0.315132605304212,1,0.310344827586207,1,0.681538461538462,1,0.326086956521739,0.324074074074074,0.32093023255814,1,0.33693972179289,1,0.484066767830046,1,0.319875776397516,0.301684532924962,0.324773413897281,0.323076923076923,0.482388973966309,1,0.326283987915408,0.313694267515924,1,0.315467075038285,1,1,0.327586206896552,0.555052790346908,1,0.31924882629108,1,0.0462686567164179,1,0.311550151975684,0.670750382848392,0.328682170542636,0.928348909657321,0.436102236421725,0.103286384976526,0.0956112852664577,1,1,0.331797235023041,1,0.323170731707317,1,0.802773497688752,1,0.32753164556962,1,1,1,1,0.334890965732087,1,0.325,0.263157894736842,1,0.319571865443425,1,0.308892355694228,0.0855365474339036,1,0.317460317460317,1,1,1,0.332826747720365,1,0.327073552425665,1,0.312893081761006,1,0.319182389937107,0.0809160305343511,1,0.633116883116883,1,1,0.31832298136646,1,1,1,1,0.329153605015674,0.312594840667678,1,1,0.321212121212121,0.3109375,1,0.448062015503876,0.666666666666667,0,0.317901234567901,0.660990712074303,1,0.322480620155039,1,1,1,0.314728682170543,0.325301204819277,0.33175355450237,1,1,1,0,1,0.308777429467085,0.972049689440994,0.330218068535826,0.315950920245399,0.752321981424149,1,1,1,1,1,0.0458015267175573,0.320872274143302,0.330289193302892,1,0.680491551459293,1,1,0.998430141287284,1,1,1,0.00308166409861325,0.315233785822021,1,0.3109375,1,0.300153139356815,1,1,1,1,1,0.322480620155039,1,0.511848341232227,0.328725038402458,0.328767123287671,0.317460317460317,0.322932917316693,0.3359375,0.422222222222222,0.334883720930233,0.329230769230769,0.315950920245399,1,0.31937984496124,1,0.677710843373494,0.32,0.314285714285714,0.336973478939158,1,1,1,0.268330733229329,0.317901234567901,1,0.319182389937107,0.330804248861912,0.320373250388802,0.322480620155039,0.678125,1,0.325153374233129,0.316358024691358,1,0.300955414012739,1,0.319277108433735,0.309597523219814,1,1,1,0.54320987654321,1,0.680817610062893,0.0808383233532934,0.323529411764706,1,1,0.0929878048780488,0.322932917316693,0.337559429477021,1,1,0.304482225656878,0.0261941448382126,0.0015600624024961,1,1,0.342424242424242,0.998447204968944,1,0.321646341463415,1,1,0.324615384615385,1,1,1,1,0.327639751552795,0.314842578710645,0.337096774193548,1,1,0.669230769230769,0.317111459968603,1,0.32,0.30781010719755,1,1,1,1,1,0.33125,1,1,0.106687898089172,0.334351145038168,0.493788819875776,0.308176100628931,0.670295489891135,0.318042813455657,1,0.316037735849057,0.332822085889571,0.266666666666667,0.321044546850998,1,0.330357142857143,1,1,1,0.310452418096724,0.321699544764795,1,0.920760697305864,0.0644654088050314,1,0.315870570107858,0.328682170542636,0.311320754716981,1,0.334351145038168,0.464723926380368,0.327131782945736,0.305772230889236,0.32753164556962,0.312307692307692,1,0.325949367088608,1,1,0,1,0.3203125,1,1,1,0.333855799373041,1,0.315625,1,0.831546707503829,1,1,1,0.318529862174579,1,1,0.314329738058552,0.316923076923077,1,1,0.31839258114374,0.191904047976012,1,1,1,0,0.319182389937107,1,0.310291858678955,0.246489859594384,1,0.677966101694915,0.433179723502304,1,1,0.675438596491228,0.693129770992366,0.346213292117465,1,0.325115562403698,1,1,0.337480559875583,1,1,0.00783699059561128,0.332288401253919,1,1,0.327014218009479,1,1,0.308544303797468,0.329738058551618,1,1,1,0.53587786259542,0.31651376146789,0.339563862928349,0.321321321321321,0.329211746522411,0.682316118935837,0.329305135951662,0.329211746522411,0.318042813455657,0.246105919003115,0.325471698113208,1,0.32078313253012,1,0.313455657492355,0.0864381520119225,0.0504587155963303,1,1,0.0417310664605873,1,0.675344563552833,0.0461538461538462,0.0124610591900312,1,0.678071539657854,1,1,0.558320373250389,1,0,0.0744849445324881,1,1,1,0.324960753532182,0.645588235294118,0.685245901639344,0.993817619783617,1,0.983180428134557,0.303875968992248,0.344339622641509,1,0.300476947535771,1,0.376923076923077,0.108490566037736,0.311248073959938,0.32383808095952,0.334967320261438,1,0.0842105263157895,1,1,1,0.267175572519084,0.321259842519685,1,0.321316614420063,1,1,0.316923076923077,1,0.33037037037037,1,0.312401883830455,0.3234375,1,0.669781931464174,0.313813813813814,1,0.313385826771654,0.762269938650307,0.316666666666667,0.16030534351145,0.324925816023739,0.770542635658915,0.309262166405024,1,0.328638497652582,0.340943683409437,0.30381679389313,1,1,1,0.971246006389776,0.347334410339257,1,0.33015873015873,1,0.318840579710145,0.321538461538462,1,1,1,0.917573872472784,1,0.314589665653495,0.316436251920123,1,1,0.0503937007874016,0.0834645669291339,1,1,0.314285714285714,1,1,0.316279069767442,1,1,0.678571428571429,0.528700906344411,1,0,1,1,0.0986547085201794,0.32807570977918,1,0.324116743471582,1,0.964006259780908,1,0.817629179331307,1,0.334935897435897,1,1,1,0,0.314785373608903,1,1,0.673913043478261,1,0.317411402157165,0.368258859784284,0.327188940092166,1,1,1,0.0929878048780488,0.321259842519685,0.0913385826771654,1,0.317484662576687,0.308396946564885,0.358346094946401,0,1,0.953560371517028,1,1,0.326498422712934,0.305722891566265,0.161993769470405,0.0419906687402799,0.327160493827161,0.312401883830455,0.329819277108434,0.0016025641025641,0.311145510835913,1,0,0.317147192716237,1,1,1,0.321538461538462,0.328725038402458,0.0388978930307942,1,0.313971742543171,0.313725490196078,1,1,0.321372854914197,0.695299837925446,1,1,0.690737833594976,1,0.315151515151515,1,0.317111459968603,0.528787878787879,0.669710806697108,0.415037593984962,1,0.300604229607251,0.319508448540707,0.669724770642202,0.672699849170437,1,0.326186830015314,1,0.3202416918429,1,0.321928460342146,0.311605723370429,0.352941176470588,0.522273425499232,0.318110236220472,0.3125,0.667189952904239,0.319018404907975,0.148562300319489,1,0,1,0.304416403785489,1,0,0.31911532385466,0.3234375,1,0.0568862275449102,1,0.0893682588597843,0.341653666146646,1,0.0672782874617737,0.669753086419753,1,1,1,0.317965023847377,0.0424242424242424,1,0.431221020092736,0.0977917981072555,0.362951807228916,0.320610687022901,0.325337331334333,1,1,1,1,1,0.0675675675675676,0.995488721804511,0.682852807283763,0.00300751879699248,0.326717557251908,1,1,1,1,0.0846153846153846,0.318112633181126,1,1,1,1,1,1,0.480061349693252,0.00157232704402516,1,0.0890937019969278,0.329192546583851,0.432926829268293,1,0.397129186602871,0.3056,0.311728395061728,1,0.0415384615384615,0.322033898305085,1,1,0.381846635367762,0.309815950920245,0.320433436532508,0.3216,1,0.333853354134165,0.320552147239264,0.420722135007849,0.31733746130031,0.967542503863988,0.312312312312312,0.0804416403785489,0.329153605015674,0,1,0.0901898734177215,0.307086614173228,0.322932917316693,0.317683881064163,1,1,1,1,1,1,0.34375,1,0.324492979719189,0.322950819672131,0.604327666151468,0.6671875,1,1,0,0.328313253012048,0.125588697017268,1,0.0387596899224806,1,1,0.317034700315457,1,1,0.637931034482759,0.421393841166937,0.99702380952381,0.0832025117739403,0.0957613814756672,1,1,1,0.0889570552147239,0,0.322085889570552,0.425696594427245,0.3125,0,0.336463223787167,0.089622641509434,1,1,0.322033898305085,0.322727272727273,0.244897959183673,0.34009360374415,0.319571865443425,0.323574730354391,1,1,0.334384858044164,1,0,1,0.225196850393701,1,0.670196671709531,1,0.317610062893082,0.306477093206951,0.0801232665639445,0.668683812405446,1,1,0.775193798449612,0.89047619047619,0.325508607198748,0.321316614420063,1,0.326498422712934,0.267605633802817,0.321372854914197,1,0.103658536585366,1,1,0.317683881064163,0.673501577287066,0.312302839116719,1,1,0.306870229007634,0.310344827586207,0.317700453857791,0.856240126382307,0.315625,1,0.0555555555555556,1,1,0.695384615384615,0.644615384615385,0.318770226537217,0.0601851851851852,0.327639751552795,1,1,0.312597200622084,0.334360554699538,0.612121212121212,1,0.310344827586207,0.376146788990826,0.314024390243902,0.984756097560976,0.470496894409938,0.00462962962962963,0.305597579425113,0.323262839879154,0.327073552425665,0.322169059011164,0.321752265861027,0.970858895705521,1,0.314112291350531,0.538585209003215,0.681528662420382,0.242748091603053,0.689542483660131,1,0.327188940092166,0.00154320987654321,0.326219512195122,0.31441717791411,0.364906832298137,0.324409448818898,0,0.331818181818182,0.325396825396825,0.325949367088608,0.318952234206472
"246",0.484602917341977,0.515007898894155,0.495192307692308,0.519230769230769,0.503949447077409,0.508744038155803,0.224390243902439,0.507936507936508,0.499212598425197,0.383252818035427,0.503154574132492,0.436708860759494,0.716346153846154,0.520833333333333,0.8042071197411,0.791469194312796,0.410296411856474,0.188006482982172,0.5,0.498422712933754,0.79080824088748,0.800319488817891,0.503134796238245,0.316770186335404,0.489953632148377,0.807210031347962,0.807443365695793,0.507364975450082,0.496124031007752,0.730645161290323,0.782677165354331,0.782539682539683,0.552959501557632,0.794628751974723,0.478896103896104,0.495065789473684,0.0691823899371069,0.524844720496894,0.79320987654321,0.506998444790047,0.174193548387097,0.20253164556962,0.200622083981337,0.52132701421801,0.517571884984026,0.803225806451613,0.8,0.79595015576324,0.805900621118012,0.796557120500782,0.486821705426357,0.504065040650406,0.795562599049128,0.506389776357827,0.497622820919176,0.92258064516129,0.0898876404494382,0.512820512820513,0.484076433121019,0.51993620414673,0.814465408805031,0.7984,0.790660225442834,0.199683042789223,0.504,0.499212598425197,0.447284345047923,0.497622820919176,0.41304347826087,0.799687010954617,0.504746835443038,0.805687203791469,0.801916932907348,0.472089314194577,0.0657276995305164,0.509090909090909,0.796583850931677,0.819595645412131,0.500789889415482,0.803252032520325,0.390243902439024,0.806089743589744,0.792270531400966,0.515822784810127,0.813880126182965,0.509287925696594,0.508744038155803,0.525477707006369,0.512658227848101,0.20094191522763,0.511217948717949,0.518292682926829,0.485714285714286,0.393081761006289,0.503215434083601,0.437403400309119,0.488958990536278,0.511737089201878,0.0801963993453355,0.193236714975845,0.511182108626198,0.421052631578947,0.781446540880503,0.504105090311987,0.800319488817891,0.510500807754443,0.190251572327044,0.506309148264984,0.8,0.801261829652997,0.799373040752351,0.5,0.812400635930048,0.519872813990461,0.0545171339563863,0.503012048192771,0.793929712460064,0.177777777777778,0.80370942812983,0.807754442649435,0.0564516129032258,0.502392344497608,0.784375,0.802568218298555,0.515625,0.789968652037618,0.513636363636364,0.496147919876733,0.149206349206349,0.546165884194053,0.518638573743922,0.791732909379968,0.508744038155803,0.438271604938272,0.520193861066236,0.80248833592535,0.191290824261275,0.782677165354331,0.583860759493671,0.6875,0.373801916932907,0.394321766561514,0.498407643312102,0.51888341543514,0.799363057324841,0.502340093603744,0.804281345565749,0.505546751188589,0.697347893915757,0.502283105022831,0.79349593495935,0.496,0.5088,0.498381877022654,0.507269789983845,0.805152979066023,0.503134796238245,0.805510534846029,0.233542319749216,0.522480620155039,0.793650793650794,0.49613601236476,0.779714738510301,0.396468699839486,0.510466988727858,0.808373590982287,0.510172143974961,0.502347417840376,0.502392344497608,0.800312012480499,0.503184713375796,0.808988764044944,0.491909385113269,0.801251956181534,0.51063829787234,0.804451510333863,0.402173913043478,0.503095975232198,0.165032679738562,0.504078303425775,0.509493670886076,0.802884615384615,0.506369426751592,0.524642289348172,0.502354788069074,0.4992,0.801587301587302,0.784711388455538,0.521172638436482,0.510236220472441,0.796875,0.780290791599354,0.515007898894155,0.0799373040752351,0.188650306748466,0.503194888178914,0.797788309636651,0.18622848200313,0.503134796238245,0.804075235109718,0.488673139158576,0.502347417840376,0.503134796238245,0.789719626168224,0.778996865203762,0.797077922077922,0.509316770186335,0.508196721311475,0.509345794392523,0.486088379705401,0.495222929936306,0.805111821086262,0.543581616481775,0.81259842519685,0.808477237048666,0.327014218009479,0.517915309446254,0.502325581395349,0.519747235387046,0.486356340288925,0.505728314238953,0.430842607313196,0.810126582278481,0.793478260869565,0.509316770186335,0.194099378881988,0.50390015600624,0.508527131782946,0.498412698412698,0.496835443037975,0.496815286624204,0.52073732718894,0.51207729468599,0.139498432601881,0.509433962264151,0.800319488817891,0.506369426751592,0.800940438871473,0.510077519379845,0.513643659711075,0.503154574132492,0.523349436392915,0.500813008130081,0.806349206349206,0.511848341232227,1,0.802547770700637,0.80188679245283,0.79549114331723,0.792993630573248,0.7952,0.684210526315789,0.812995245641838,0.812893081761006,0.795631825273011,0.494590417310665,0.819620253164557,0.506514657980456,0.19811320754717,0.802527646129542,0.164341085271318,0.799363057324841,0.507269789983845,0.522364217252396,0.5103668261563,0.211111111111111,0.785031847133758,0.524486571879937,0.802232854864434,0.792307692307692,0.802861685214626,0.800632911392405,0.193037974683544,0.506349206349206,0.804381846635368,0.803225806451613,0.517628205128205,0.798373983739837,0.511664074650078,0.794392523364486,0.790220820189274,0.509615384615385,0.514657980456026,0.49047619047619,0.0525477707006369,0.5103668261563,0.204334365325077,0.399696048632219,0.793977812995246,0.5,0.5136,0.367924528301887,0.794992175273865,0.803889789303079,0.515497553017945,0.518225039619651,0.794670846394984,0.447784810126582,0.501623376623377,0.494308943089431,0.514657980456026,0.801232665639445,0.510268562401264,0.494672754946728,0.795031055900621,0.500784929356358,0.498442367601246,0.794071762870515,0.506430868167203,0.519747235387046,0.502354788069074,0.510236220472441,0.79746835443038,0.790199081163859,0.798722044728435,0.499210110584518,0.5152,0.19620253164557,0.807631160572337,0.510534846029173,0.806451612903226,0.788216560509554,0.496062992125984,0.514728682170543,0.506309148264984,0.515248796147673,0.5078125,0.803827751196172,0.495253164556962,0.503937007874016,0.366776315789474,0.803459119496855,0.635634028892456,0.789727126805779,0.210191082802548,0.802469135802469,0.498456790123457,0.79874213836478,0.808544303797468,0.206624605678233,0.803125,0.514657980456026,0.788819875776398,0.506329113924051,0.502392344497608,0.506329113924051,0.805111821086262,0.78858024691358,0.513556618819777,0.583061889250814,0.411483253588517,0.498381877022654,0.79047619047619,0.806818181818182,0.801282051282051,0.508943089430894,0.792626728110599,0.0570522979397781,0.791277258566978,0.809448818897638,0.809677419354839,0.797752808988764,0.51496062992126,0.798722044728435,0.512315270935961,0.5088,0.477917981072555,0.500802568218299,0.798425196850394,0.500780031201248,0.50625,0.504918032786885,0.806451612903226,0.496111975116641,0.808988764044944,0.509893455098935,0.675590551181102,0.497652582159624,0.505691056910569,0.523219814241486,0.78125,0.512738853503185,0.498402555910543,0.798412698412698,0.792125984251968,0.511848341232227,0.507086614173228,0.7921875,0.274418604651163,0.503246753246753,0.514240506329114,0.528951486697966,0.493730407523511,0.793929712460064,0.508223684210526,0.789638932496075,0.210776545166403,0.498392282958199,0.200626959247649,0.909657320872274,0.512234910277325,0.507861635220126,0.2,0.231139646869984,0.815112540192926,0.507987220447284,0.803827751196172,0.514018691588785,0.514754098360656,0.803174603174603,0.492138364779874,0.5056,0.483922829581994,0.799058084772371,0.497652582159624,0.526315789473684,0.797488226059655,0.501557632398754,0.510569105691057,0.806763285024155,0.143759873617694,0.503225806451613,0.5171875,0.516025641025641,0.9875,0.791469194312796,0.76,0.803053435114504,0.794258373205742,0.196485623003195,0.805031446540881,0.811320754716981,0.795631825273011,0.218897637795276,0.801612903225806,0.491365777080063,0.796875,0.504823151125402,0.794670846394984,0.388544891640867,0.42654028436019,0.496111975116641,0.504643962848297,0.442724458204334,0.497592295345104,0.200310559006211,0.422893481717011,0.483306836248013,0.510971786833856,0.188498402555911,0.501582278481013,0.503164556962025,0.549114331723027,0.496774193548387,0.491283676703645,0.396411092985318,0.510268562401264,0.507020280811232,0.492138364779874,0.800322061191626,0.18018018018018,0.203583061889251,0.502340093603744,0.5103668261563,0.543307086614173,0.787781350482315,0.129746835443038,0.513260530421217,0.796502384737679,0.504672897196262,0.864649681528662,0.386217948717949,0.794992175273865,0.795384615384615,0.809931506849315,0.5,0.405320813771518,0.499236641221374,0.521172638436482,0.513470681458003,0.213953488372093,0.807383627608347,0.503184713375796,0.800637958532695,0.497584541062802,0.514705882352941,0.790297339593114,0.510673234811166,0.793478260869565,0.507936507936508,0.793929712460064,0.801916932907348,0.512539184952978,0.196110210696921,0.790909090909091,0.512383900928793,0.805194805194805,0.735340729001585,0.784283513097072,0.299212598425197,0.803076923076923,0.764423076923077,0.783034257748777,0.507987220447284,0.800314465408805,0.808777429467085,0.78716744913928,0.50788643533123,0.519417475728155,0.50547730829421,0.551948051948052,0.114238410596026,0.508828250401284,0.8125,0.519747235387046,0.789735099337748,0.8,0.516535433070866,0.521394611727417,0.510869565217391,0.589984350547731,0.500772797527048,0.8,0.79080824088748,0.5203125,0.516962843295638,0.42879746835443,0.386731391585761,0.498432601880878,0.517571884984026,0.788709677419355,0.495283018867925,0.502318392581144,0.794871794871795,0.492659053833605,0.498427672955975,0.204761904761905,0.0595611285266458,0.516483516483517,0.493939393939394,0.496794871794872,0.503095975232198,0.393700787401575,0.802884615384615,0.511041009463722,0.813586097946288,0.513470681458003,0.54066985645933,0.504777070063694,0.675968992248062,0.511182108626198,0.802653399668325,0.506230529595016,0.504777070063694,0.513687600644122,0.495297805642633,0.782894736842105,0.514657980456026,0.512345679012346,0.195238095238095,0.50386398763524,0.809220985691574,0.851330203442879,0.807017543859649,0.490506329113924,0.515673981191223,0.504761904761905,0.377742946708464,0.804560260586319,0.387358184764992,0.5216,0.782131661442006,0.789473684210526,0.824644549763033,0.480891719745223,0.497568881685575,0.56782334384858,0.509433962264151,0.507836990595611,0.808752025931929,0.8,0.293739967897271,0.437699680511182,0.795819935691318,0.803542673107891,0.800627943485086,0.487179487179487,0.810725552050473,0.517080745341615,0.482649842271293,0.801574803149606,0.5140625,0.5056,0.517241379310345,0.805946791862285,0.801251956181534,0.437704918032787,0.507042253521127,0.788216560509554,0.800623052959502,0.496825396825397,0.489795918367347,0.795275590551181,0.206322795341098,0.5104,0.504,0.192,0.503095975232198,0.789877300613497,0.488673139158576,0.788888888888889,0.0651162790697674,0.185358255451713,0.679626749611198,0.512658227848101,0.795918367346939,0.797788309636651,0.203732503888025,0.194144838212635,0.514240506329114,0.816455696202532,0.50990099009901,0.794753086419753,0.511290322580645,0.798722044728435,0.792,0.834394904458599,0.573415765069552,0.799674267100977,0.786858974358974,0.183835182250396,0.797488226059655,0.327242524916944,0.509523809523809,0.477449455676516,0.508634222919937,0.80127186009539,0.503164556962025,0.476874003189793,0.795238095238095,0.786516853932584,0.496845425867508,0.422322775263952,0.520569620253165,0.376190476190476,0.828571428571429,0.52931854199683,0.415605095541401,0.183962264150943,0.514240506329114,0.503086419753086,0.511773940345369,0.801313628899836,0.424148606811146,0.49922480620155,0.89776357827476,0.39708265802269,0.835913312693498,0.799373040752351,0.805555555555556,0.513428120063191,0.532338308457711,0.493527508090615,0.510236220472441,0.502384737678855,0.412942989214176,0.497659906396256,0.187301587301587,0.496978851963746,0.789719626168224,0.518341307814992,0.494435612082671,0.509001636661211,0.507645259938838,0.404388714733542,0.801538461538462,0.513302034428795,0.524642289348172,0.51980198019802,0.504854368932039,0.511006289308176,0.502369668246445,0.0597243491577335,0.470873786407767,0.519230769230769,0.39906103286385,0.796502384737679,0.0709779179810726,0.507911392405063,0.845161290322581,0.791390728476821,0.802839116719243,0.513302034428795,0.429252782193959,0.797805642633229,0.517405063291139,0.481540930979133,0.846153846153846,0.80811232449298,0.8060413354531,0.792604501607717,0.515625,0.789049919484702,0.798092209856916,0.680129240710824,0.798751950078003,0.545031055900621,0.807153965785381,0.385483870967742,0.796178343949045,0.483412322274882,0.502354788069074,0.399046104928458,0.793214862681745,0.790220820189274,0.798076923076923,0.517241379310345,0.5171875,0.51685393258427,0.509493670886076,0.506493506493506,0.5136,0.811688311688312,0.488888888888889,0.801587301587302,0.801963993453355,0.548031496062992,0.206451612903226,0.5,0.514150943396226,0.483568075117371,0.804992199687988,0.359375,0.528417818740399,0.447784810126582,0.497630331753554,0.497568881685575,0.8064,0.499197431781701,0.507438016528926,0.473101265822785,0.710264900662252,0.493108728943338,0.403252032520325,0.37741935483871,0.510236220472441,0.526058631921824,0.497652582159624,0.3856,0.4858934169279,0.796875,0.901430842607313,0.798461538461538,0.483920367534456,0.793269230769231,0.398713826366559,0.518927444794953,0.506410256410256,0.8046875,0.79746835443038,0.205371248025276,0.80650406504065,0.800627943485086,0.809748427672956,0.506410256410256,0.510301109350238,0.809220985691574,0.497716894977169,0.474097331240188,0.5104,0.248397435897436,0.505654281098546,0.203125,0.507692307692308,0.799684542586751,0.791869918699187,0.397798742138365,0.195046439628483,0.513556618819777,0.515248796147673,0.300940438871473,0.45514950166113,0.804724409448819,0.796774193548387,0.503125,0.813186813186813,0.201892744479495,0.803921568627451,0.50625,0.385220125786164,0.50390015600624,0.509646302250804,0.805337519623234,0.207855973813421,0.798076923076923,0.499181669394435,0.508744038155803,0.798751950078003,0.8016,0.813846153846154,0.499197431781701,0.80577849117175,0.501582278481013,0.418238993710692,0.51496062992126,0.511363636363636,0.208137715179969,0.158478605388273,0.809756097560976,0.422222222222222,0.79073482428115,0.510204081632653,0.520458265139116,0.795562599049128,0.807324840764331,0.165876777251185,0.525902668759812,0.796923076923077,0.677018633540373,0.798425196850394,0.475968992248062,0.0651828298887122,0.485981308411215,0.7859375,0.799072642967543,0.808064516129032,0.801916932907348,0.801538461538462,0.478056426332288,0.486529318541997,0.797488226059655,0.086677367576244,0.2,0.244444444444444,0.20949263502455,0.522364217252396,0.808917197452229,0.485759493670886,0.803459119496855,0.803149606299213,0.670866141732283,0.8125,0.490415335463259,0.795918367346939,0.790923824959481,0.815705128205128,0.811616954474097
"247",0.308681672025723,0.324921135646688,0.322169059011164,0.335463258785943,0.317384370015949,0.314285714285714,0.00796178343949045,0.324492979719189,0.3198127925117,0.565008025682183,0.323390894819466,0.630094043887147,0.527156549520767,0.327586206896552,1,1,0.606811145510836,0,0.328025477707006,0.317111459968603,1,1,0.331269349845201,0.500777604976672,0.320987654320988,1,1,0.344103392568659,0.320061255742726,0.539325842696629,1,0.611455108359133,0.375776397515528,0.995283018867924,0.665086887835703,0.321782178217822,0.130914826498423,0.324574961360124,1,0.31937984496124,0.00313971742543171,0,0,0.343598055105348,0.31974921630094,1,0.993620414673046,1,1,1,0.689167974882261,0.3296,1,0.341158059467919,0.318818040435459,0.830721003134796,0.114649681528662,0.331230283911672,0.324534161490683,0.329652996845426,0.995341614906832,1,1,0.00642054574638844,0.32569558101473,0.322981366459627,0.649122807017544,0.328100470957614,0.602760736196319,1,0.327639751552795,1,1,0.27724358974359,0.14488188976378,0.327272727272727,1,0.993827160493827,0.3265625,1,0.597087378640777,1,1,0.330769230769231,1,0.328267477203647,0.323854660347551,0.338533541341654,0.315625,0,0.330143540669856,0.33641975308642,0.675039246467818,0.574961360123648,0.312989045383412,0.625192012288787,0.671317829457364,0.321981424148607,0.120443740095087,0,0.319685039370079,0.611544461778471,1,0.318979266347687,1,0.330721003134796,0,0.326018808777429,1,1,1,0.31201248049922,0.995305164319249,0.331240188383046,0.195384615384615,0.315068493150685,1,0.364906832298137,1,1,0.191222570532915,0.317610062893082,1,1,0.338557993730408,1,0.326315789473684,0.32,0.3536,0.758725341426404,0.326332794830372,1,0.32753164556962,0.627871362940276,0.337641357027464,1,0.0015625,1,0.384012539184953,0.883031301482702,0.565560821484992,0.577952755905512,0.324960753532182,0.325242718446602,1,0.320433436532508,1,0.301916932907348,0.514774494556765,0.336405529953917,1,0.318611987381703,0.315372424722662,0.322274881516588,0.328025477707006,1,0.315625,1,0.411580594679186,0.324031007751938,1,0.327245053272451,1,0.579967689822294,0.319935691318328,1,0.318818040435459,0.309119010819165,0.330721003134796,0.989130434782609,0.335443037974684,1,0.325842696629214,1,0.323717948717949,1,0.578864353312303,0.310664605873261,0.0276422764227642,0.302694136291601,0.318681318681319,1,0.314465408805031,0.322378716744914,0.318952234206472,0.337559429477021,1,1,0.3312,0.328173374613003,1,1,0.325471698113208,0.2375,0.0179372197309417,0.68125,1,0.00310077519379845,0.322429906542056,1,0.327044025157233,0.31651376146789,0.323076923076923,0.996865203761755,1,1,0.332829046898638,0.325657894736842,0.327666151468315,0.676328502415459,0.31619937694704,1,0.34009360374415,1,1,0.44131455399061,0.330173775671406,0.321372854914197,0.335913312693498,0.307692307692308,0.322222222222222,0.634222919937206,1,1,0.321428571428571,0.00465116279069767,0.332819722650231,0.325227963525836,0.331259720062208,0.313364055299539,0.308661417322835,0.325581395348837,0.68798751950078,0.351393188854489,0.311424100156495,1,0.3296,1,0.315707620528771,0.311501597444089,0.322734499205087,0.336553945249597,0.323051948051948,1,0.328725038402458,0.802547770700637,1,1,0.996784565916399,1,1,0.888535031847134,1,1,1,0.323076923076923,1,0.3278955954323,0,1,0.377503852080123,1,0.327044025157233,0.328525641025641,0.321316614420063,0.400313971742543,1,0.336463223787167,1,1,1,1,0,0.321766561514196,1,1,0.327014218009479,1,0.329721362229102,1,1,0.3072,0.327476038338658,0.317829457364341,0.140127388535032,0.338141025641026,0,0.585218702865762,1,0.327613104524181,0.325358851674641,0.565830721003135,1,1,0.328502415458937,0.332283464566929,1,0.654263565891473,0.686119873817035,0.309178743961353,0.323151125401929,0.99236641221374,0.330696202531646,0.312688821752266,1,0.315541601255887,0.3078125,1,0.31637519872814,0.325508607198748,0.316923076923077,0.323343848580442,1,1,1,0.314641744548287,0.331210191082803,0.00471698113207547,0.992163009404389,0.332273449920509,1,1,0.315233785822021,0.335384615384615,0.316692667706708,0.320063694267516,0.323076923076923,1,0.318471337579618,0.313971742543171,0.564308681672026,1,0.830721003134796,1,0,1,0.337878787878788,1,1,0.405909797822706,0.998461538461539,0.33122028526149,1,0.315372424722662,0.301916932907348,0.316358024691358,1,1,0.325617283950617,0.41025641025641,0.607655502392344,0.308917197452229,1,1,1,0.325242718446602,1,0.2015625,1,1,1,1,0.327666151468315,1,0.32516339869281,0.337559429477021,0.66306027820711,0.309904153354633,1,0.327692307692308,0.332312404287902,0.323671497584541,1,0.319083969465649,1,0.330781010719755,0.498422712933754,0.329153605015674,0.3344,0.3198127925117,1,0.32753164556962,0.313099041533546,1,1,0.334379905808477,0.32398753894081,1,0.46594427244582,0.323809523809524,0.338006230529595,0.332283464566929,0.672955974842767,1,0.301458670988655,1,0.402843601895735,0.317610062893082,0,0.885145482388974,0.328478964401294,0.326053042121685,0,0.028391167192429,0.984472049689441,0.326465927099842,1,0.322932917316693,0.326298701298701,1,0.333333333333333,0.32018927444795,0.666666666666667,1,0.324881141045959,0.324921135646688,1,0.324574961360124,0.313628899835796,1,0.330232558139535,0.321259842519685,0.319444444444444,0.333860759493671,0.804043545878694,1,0.979066022544283,1,1,0.00159235668789809,1,0.99375,1,0.41185647425897,0.996835443037975,0.317829457364341,0.993827160493827,0.330708661417323,0.995275590551181,0.594224924012158,0.618380062305296,0.327217125382263,0.3234375,0.631083202511774,0.319422150882825,0,0.617322834645669,0.68362480127186,0.329192546583851,0.0015600624024961,0.318541996830428,0.314465408805031,0.760765550239234,0.323529411764706,0.68025078369906,0.589660743134087,0.320695102685624,0.329192546583851,0.305772230889236,1,0.0266272189349112,0,0.325153374233129,0.334375,0.343213728549142,1,0.314194577352472,0.317829457364341,1,0.310975609756098,0.942492012779553,0.556089743589744,1,1,0.991624790619765,0.327272727272727,0.593846153846154,0.331818181818182,0.31973898858075,0.323899371069182,0.40405616224649,1,0.317965023847377,1,0.324149108589951,0.327503974562798,1,0.324881141045959,1,0.326018808777429,1,1,0.327044025157233,0,1,0.324534161490683,1,0.571651090342679,1,0.494573643410853,1,0.579527559055118,1,0.317152103559871,1,1,1,0.316279069767442,0.325320512820513,0.319148936170213,0.357723577235772,0.321311475409836,0.308892355694228,1,0.3328125,1,1,0.332288401253919,0.325396825396825,0.312788906009245,0.40251572327044,0.339477726574501,1,1,0.337539432176656,0.332278481012658,0.618122977346278,0.588697017268446,0.319685039370079,0.315457413249211,1,0.313971742543171,0.328267477203647,0.993720565149137,0.311897106109325,0.31924882629108,0,0.125574272588055,0.326984126984127,0.675226586102719,0.3171875,0.324615384615385,0.58868501529052,0.996913580246914,0.317111459968603,1,0.320872274143302,0.36031746031746,0.325949367088608,0.485981308411215,0.31911532385466,1,0.33125,0.327390599675851,0.332792207792208,0.682098765432099,1,0.333870967741935,0.325652841781874,0,0.325,0.998405103668262,0.960380348652932,1,0.325545171339564,0.329721362229102,0.31629392971246,0.571870170015456,1,0.578778135048232,0.3408,1,1,0.968944099378882,0.677777777777778,0.331761006289308,0.362637362637363,0.326086956521739,0.325581395348837,1,1,0.496825396825397,0.628571428571429,1,1,0.998452012383901,0.687600644122383,1,0.331811263318113,0.67817896389325,1,0.333333333333333,0.326892109500805,0.329073482428115,0.996875,1,0.640650406504065,0.331240188383046,1,1,0.332822085889571,0.313755795981453,0.998412698412698,0,0.323671497584541,0.309904153354633,0.0063391442155309,0.3198127925117,1,0.315873015873016,1,0.136434108527132,0,0.898484848484848,0.333333333333333,1,1,0,0.00152671755725191,0.333333333333333,1,0.317384370015949,0.996899224806202,0.311708860759494,1,0.998405103668262,0.966876971608833,0.756671899529042,1,1,0.0046875,1,0.501628664495114,0.332807570977918,0.664086687306502,0.333850931677019,1,0.313880126182965,0.671383647798742,1,1,0.322632423756019,0.615269461077844,0.339009287925697,0.572784810126582,0.973101265822785,0.329635499207607,0.586583463338534,0.00933125972006221,0.322115384615385,0.331775700934579,0.321981424148607,1,0.626749611197512,0.31832298136646,0.896496815286624,0.575516693163752,0.970633693972179,1,1,0.318541996830428,0.340288924558588,0.313099041533546,0.321766561514196,0.322932917316693,0.606153846153846,0.317147192716237,0,0.661654135338346,0.998456790123457,0.331240188383046,0.318110236220472,0.3184,0.329738058551618,0.597809076682316,1,0.337941628264209,0.337042925278219,0.337096774193548,0.325434439178515,0.316358024691358,0.315541601255887,0.193146417445483,0.669341894060995,0.322274881516588,0.589230769230769,1,0.236842105263158,0.325434439178515,0.92259083728278,1,1,0.31911532385466,0.629283489096573,1,0.318818040435459,0.2992,0.958730158730159,1,1,0.996794871794872,0.323076923076923,1,1,0.888357256778309,1,0.349230769230769,1,0.57741935483871,1,0.66304347826087,0.31496062992126,0.589825119236884,1,1,0.990275526742301,0.327613104524181,0.336463223787167,0.324367088607595,0.326053042121685,0.332258064516129,0.33063209076175,0.984639016897081,0.324492979719189,1,1,0.707740916271722,0,0.326120556414219,0.320433436532508,0.667177914110429,1,0.555727554179567,0.335901386748844,0.637636080870918,0.322834645669291,0.329073482428115,1,0.318611987381703,0.323873121869783,0.683962264150943,0.901771336553945,0.325859491778774,0.590322580645161,0.568438003220612,0.334370139968896,0.329617834394904,0.305863708399366,0.584905660377358,0.674528301886792,1,0.903633491311216,1,0.66306027820711,0.996830427892235,0.580542264752791,0.32182103610675,0.336,1,1,0.419558359621451,0.992125984251969,0.996865203761755,1,0.322834645669291,0.333858267716535,1,0.324364723467862,0.672868217054264,0.324492979719189,0.449367088607595,0.304625199362041,0,0.324116743471582,1,1,0.580188679245283,0.00155038759689922,0.3390625,0.328502415458937,0.102803738317757,0.421138211382114,1,1,0.31201248049922,1,0.401253918495298,1,0.335889570552147,0.566455696202532,0.328025477707006,0.325878594249201,1,0,1,0.309562398703404,0.325471698113208,1,1,1,0.439807383627608,1,0.32807570977918,0.6156202143951,0.327586206896552,0.330049261083744,0.00156494522691706,0.0394321766561514,1,0.612698412698413,1,0.333333333333333,0.3376,1,1,0.157076205287714,0.319875776397516,1,0.895865237366003,1,0.326625386996904,0.194620253164557,0.670788253477589,1,1,1,1,1,0.294656488549618,0.31832298136646,1,0.106969205834684,0.00158478605388273,0.423197492163009,0,0.33015873015873,1,0.670347003154574,1,1,0.881889763779528,1,0.673374613003096,1,1,1,1
"248",0.297906602254428,0.319508448540707,0.321928460342146,0.32755905511811,0.319083969465649,0.313271604938272,0.00934579439252336,0.330721003134796,0.32,0.561014263074485,0.325757575757576,0.632218844984802,0.523219814241486,0.326656394453005,1,1,0.613251155624037,0,0.332283464566929,0.307098765432099,1,1,0.327272727272727,0.50920245398773,0.315789473684211,1,1,0.348580441640379,0.315467075038285,0.540752351097179,1,0.596599690880989,0.370257966616085,0.996937212863706,0.652582159624413,0.314009661835749,0.13914373088685,0.32469512195122,1,0.310291858678955,0.00155763239875389,0,0,0.336463223787167,0.322327044025157,1,0.995327102803738,1,1,1,0.686274509803922,0.327586206896552,1,0.327073552425665,0.323076923076923,0.823712948517941,0.122065727699531,0.328682170542636,0.328220858895706,0.333853354134165,0.992458521870287,1,1,0.00306748466257669,0.322222222222222,0.320552147239264,0.645608628659476,0.325688073394495,0.608047690014903,1,0.32262996941896,1,1,0.285488958990536,0.160246533127889,0.325859491778774,1,0.996946564885496,0.331804281345566,1,0.594594594594595,1,1,0.332829046898638,1,0.330396475770925,0.3198127925117,0.33026113671275,0.323899371069182,0,0.324921135646688,0.340298507462687,0.68062015503876,0.572964669738863,0.319182389937107,0.633233532934132,0.675425038639876,0.31866464339909,0.123376623376623,0,0.313846153846154,0.611197511664075,1,0.325434439178515,1,0.31937984496124,0,0.332302936630603,1,1,1,0.315132605304212,0.996969696969697,0.326656394453005,0.205792682926829,0.318991097922849,1,0.36322188449848,1,1,0.203732503888025,0.322480620155039,1,1,0.332330827067669,1,0.325036603221083,0.32078313253012,0.361370716510903,0.771771771771772,0.32807570977918,1,0.337539432176656,0.626666666666667,0.338072669826224,1,0.0015527950310559,1,0.375579598145286,0.895071542130366,0.568567026194145,0.583333333333333,0.31937984496124,0.319620253164557,1,0.324159021406728,1,0.309815950920245,0.509923664122137,0.331325301204819,1,0.320061255742726,0.327639751552795,0.332283464566929,0.329173166926677,1,0.311145510835913,1,0.43161094224924,0.335365853658537,1,0.327769347496206,1,0.582554517133956,0.323248407643312,1,0.3296875,0.318112633181126,0.339009287925697,0.989345509893455,0.334869431643625,1,0.333848531684699,1,0.323854660347551,1,0.585889570552147,0.304953560371517,0.0303030303030303,0.299689440993789,0.321538461538462,1,0.30757341576507,0.331259720062208,0.32370820668693,0.337404580152672,1,1,0.332807570977918,0.332307692307692,1,1,0.328267477203647,0.240369799691834,0.0179372197309417,0.678407350689127,1,0.00154083204930663,0.318112633181126,1,0.326984126984127,0.31306990881459,0.320726172465961,0.996951219512195,1,1,0.333834586466165,0.327073552425665,0.322085889570552,0.666666666666667,0.321044546850998,1,0.34,1,1,0.447692307692308,0.34009360374415,0.327718223583461,0.326656394453005,0.310077519379845,0.31937984496124,0.638036809815951,1,1,0.321100917431193,0.00307219662058372,0.326283987915408,0.324324324324324,0.32258064516129,0.316187594553706,0.311248073959938,0.324812030075188,0.691489361702128,0.357466063348416,0.321646341463415,1,0.332288401253919,1,0.314842578710645,0.318252730109204,0.320373250388802,0.332283464566929,0.311708860759494,1,0.328767123287671,0.80188679245283,1,1,0.9984375,1,1,0.891849529780564,1,1,1,0.322239031770045,1,0.330670926517572,0,1,0.378787878787879,1,0.332278481012658,0.333333333333333,0.315789473684211,0.414860681114551,1,0.327354260089686,1,1,1,1,0,0.312111801242236,1,1,0.333333333333333,1,0.329286798179059,1,1,0.324534161490683,0.331230283911672,0.308166409861325,0.152886115444618,0.334384858044164,0,0.584454409566517,1,0.327272727272727,0.324534161490683,0.571212121212121,1,1,0.336,0.333333333333333,1,0.649452269170579,0.694099378881988,0.313291139240506,0.32484076433121,0.993975903614458,0.333850931677019,0.310136157337368,1,0.323076923076923,0.313161875945537,1,0.313084112149533,0.325617283950617,0.31859756097561,0.329211746522411,1,1,1,0.31104199066874,0.326086956521739,0.00911854103343465,0.993836671802773,0.328050713153724,1,1,0.316568047337278,0.341538461538462,0.312977099236641,0.323574730354391,0.319018404907975,1,0.313846153846154,0.320433436532508,0.563579277864992,1,0.845070422535211,1,0,1,0.329323308270677,1,1,0.41248097412481,1,0.330203442879499,1,0.313664596273292,0.30568356374808,0.317073170731707,1,1,0.32375189107413,0.403536977491961,0.612752721617418,0.313385826771654,1,1,1,0.331230283911672,1,0.208523592085236,1,1,1,1,0.337386018237082,1,0.322222222222222,0.334351145038168,0.677018633540373,0.311111111111111,1,0.331288343558282,0.320300751879699,0.313084112149533,1,0.310344827586207,1,0.330357142857143,0.485540334855403,0.333333333333333,0.328616352201258,0.319148936170213,1,0.32753164556962,0.309006211180124,1,1,0.327769347496206,0.316770186335404,1,0.472477064220183,0.318979266347687,0.329770992366412,0.336923076923077,0.673879443585781,1,0.296650717703349,1,0.413685847589425,0.307453416149068,0,0.876506024096386,0.328100470957614,0.321483771251932,0,0.027906976744186,0.981395348837209,0.323574730354391,1,0.32398753894081,0.322932917316693,1,0.333333333333333,0.324534161490683,0.662015503875969,1,0.329704510108865,0.329704510108865,1,0.315548780487805,0.312796208530806,1,0.339939024390244,0.319685039370079,0.319758672699849,0.336923076923077,0.797235023041475,1,0.981395348837209,1,1,0.0015625,1,0.995419847328244,1,0.424764890282132,0.9984,0.316109422492401,0.995475113122172,0.336434108527132,0.998477929984779,0.593093093093093,0.624242424242424,0.327769347496206,0.316742081447964,0.631007751937985,0.322222222222222,0,0.625978090766823,0.677672955974843,0.330289193302892,0.00154798761609907,0.31875,0.309597523219814,0.773584905660377,0.335913312693498,0.674772036474164,0.588516746411483,0.32093023255814,0.322239031770045,0.310291858678955,1,0.0250737463126844,0,0.323619631901841,0.335901386748844,0.336405529953917,1,0.341576506955178,0.326153846153846,1,0.313161875945537,0.9390625,0.57032457496136,1,1,0.99510603588907,0.326315789473684,0.593703148425787,0.333333333333333,0.320967741935484,0.325,0.413010590015129,1,0.309968847352025,1,0.326433121019108,0.322734499205087,1,0.322884012539185,1,0.32093023255814,1,1,0.328703703703704,0,1,0.326120556414219,1,0.569230769230769,1,0.509923664122137,1,0.5609375,1,0.32484076433121,1,1,1,0.315301391035549,0.329173166926677,0.327300150829563,0.346709470304976,0.320063694267516,0.316666666666667,1,0.326153846153846,1,1,0.332814930015552,0.323664122137405,0.315233785822021,0.405909797822706,0.328849028400598,1,1,0.329268292682927,0.3312,0.624801271860095,0.5796875,0.326120556414219,0.326687116564417,1,0.321483771251932,0.330316742081448,0.993855606758833,0.319422150882825,0.314900153609831,0,0.14567526555387,0.320061255742726,0.670133729569094,0.31839258114374,0.327188940092166,0.587253414264036,0.996899224806202,0.323390894819466,1,0.319314641744548,0.355242566510172,0.32398753894081,0.482334869431644,0.321372854914197,1,0.333333333333333,0.327586206896552,0.33641975308642,0.672699849170437,1,0.334883720930233,0.32469512195122,0,0.337899543378995,1,0.953453453453453,1,0.327718223583461,0.3328173374613,0.321928460342146,0.57469512195122,1,0.587227414330218,0.335423197492163,1,1,0.97125567322239,0.674382716049383,0.328703703703704,0.361801242236025,0.328220858895706,0.327794561933535,1,1,0.500780031201248,0.619565217391304,1,1,1,0.683153013910355,1,0.329341317365269,0.67741935483871,1,0.326219512195122,0.319938176197836,0.326625386996904,0.998484848484849,1,0.638709677419355,0.325153374233129,1,1,0.324655436447167,0.313364055299539,1,0,0.316692667706708,0.318681318681319,0.0046656298600311,0.32383808095952,1,0.315132605304212,1,0.150227617602428,0,0.900302114803625,0.333843797856049,1,1,0,0.0014903129657228,0.333333333333333,1,0.32182103610675,0.998489425981873,0.320695102685624,1,0.998439937597504,0.966205837173579,0.774390243902439,1,1,0.00308641975308642,1,0.502407704654896,0.334869431643625,0.670212765957447,0.332317073170732,1,0.311145510835913,0.669781931464174,1,1,0.326465927099842,0.611607142857143,0.330781010719755,0.580093312597201,0.968944099378882,0.338485316846986,0.601538461538462,0.0108359133126935,0.320061255742726,0.335384615384615,0.327692307692308,1,0.632835820895522,0.320726172465961,0.891304347826087,0.572784810126582,0.96793893129771,1,1,0.320987654320988,0.33968253968254,0.31974921630094,0.320552147239264,0.321044546850998,0.609281437125748,0.320121951219512,0,0.668647845468053,0.998470948012232,0.325190839694657,0.312693498452012,0.319620253164557,0.326836581709145,0.589312977099237,1,0.337386018237082,0.337920489296636,0.338141025641026,0.332312404287902,0.320182094081942,0.324074074074074,0.192481203007519,0.668217054263566,0.326086956521739,0.589205397301349,1,0.235384615384615,0.327666151468315,0.925278219395866,1,1,0.324960753532182,0.630534351145038,1,0.321156773211568,0.302652106084243,0.954041204437401,1,1,0.99685534591195,0.328725038402458,1,1,0.894171779141104,1,0.353211009174312,1,0.585557299843014,1,0.663109756097561,0.321428571428571,0.589230769230769,1,1,0.993720565149137,0.329787234042553,0.331818181818182,0.325471698113208,0.328220858895706,0.325508607198748,0.334384858044164,0.9875,0.311248073959938,1,1,0.721109399075501,0,0.330289193302892,0.327718223583461,0.676737160120846,1,0.563944530046225,0.337858220211161,0.638888888888889,0.318461538461538,0.330218068535826,1,0.31924882629108,0.322006472491909,0.689873417721519,0.904306220095694,0.332842415316642,0.585557299843014,0.56782334384858,0.331804281345566,0.332288401253919,0.302752293577982,0.578052550231839,0.670750382848392,1,0.893129770992366,1,0.661631419939577,0.998427672955975,0.57984496124031,0.326186830015314,0.32967032967033,1,1,0.426605504587156,0.995334370139969,0.998496240601504,1,0.31875,0.326153846153846,1,0.324364723467862,0.684615384615385,0.338509316770186,0.44945567651633,0.304212168486739,0,0.310606060606061,1,1,0.586523736600306,0.00151057401812689,0.329230769230769,0.329173166926677,0.0980091883614089,0.421974522292994,1,1,0.315789473684211,1,0.404024767801858,1,0.328888888888889,0.574500768049155,0.333846153846154,0.324031007751938,1,0,1,0.31911532385466,0.332312404287902,1,1,1,0.453149001536098,1,0.324534161490683,0.603686635944701,0.329738058551618,0.329093799682035,0.00152439024390244,0.0386996904024768,1,0.617873651771957,1,0.333333333333333,0.337060702875399,1,1,0.161787365177196,0.317901234567901,1,0.901960784313726,1,0.332335329341317,0.204368174726989,0.668195718654434,1,1,1,1,1,0.294561933534743,0.311728395061728,1,0.126805778491172,0.0015625,0.435384615384615,0,0.329192546583851,1,0.672955974842767,1,1,0.880733944954128,1,0.667687595712098,1,1,1,1
"249",0.29016393442623,0.307936507936508,0.309375,0.318255250403877,0.307692307692308,0.303656597774245,0.0147299509001637,0.320967741935484,0.303514376996805,0.579378068739771,0.306853582554517,0.645669291338583,0.514563106796116,0.3152,0.998392282958199,0.996794871794872,0.623233908948195,0.00167224080267559,0.32,0.306836248012719,0.996779388083736,0.996768982229402,0.322222222222222,0.517405063291139,0.301391035548686,0.996860282574568,0.996768982229402,0.32512315270936,0.302652106084243,0.520700636942675,0.996835443037975,0.584786053882726,0.359937402190923,0.996794871794872,0.669354838709677,0.297520661157025,0.1376,0.316118935837246,0.996941896024465,0.303405572755418,0,0.00316957210776545,0.0031055900621118,0.329032258064516,0.301765650080257,0.998384491114701,1,0.99685534591195,0.996879875195008,0.996904024767802,0.700636942675159,0.315270935960591,0.996865203761755,0.314465408805031,0.306976744186047,0.823248407643312,0.115942028985507,0.316455696202532,0.305379746835443,0.309178743961353,0.995230524642289,1,0.998405103668262,0,0.308943089430894,0.314696485623003,0.662884927066451,0.322169059011164,0.619631901840491,0.998452012383901,0.308661417322835,0.996865203761755,0.998341625207297,0.282926829268293,0.155905511811024,0.316998468606432,0.996870109546166,0.998435054773083,0.314641744548287,0.996742671009772,0.606260296540362,0.998384491114701,0.996768982229402,0.318818040435459,0.998432601880878,0.3234375,0.31687898089172,0.323343848580442,0.314873417721519,0.00156739811912226,0.312803889789303,0.313755795981453,0.690322580645161,0.591549295774648,0.309951060358891,0.637071651090343,0.68312101910828,0.300469483568075,0.114942528735632,0.00162866449511401,0.308661417322835,0.622611464968153,0.996830427892235,0.306946688206785,0.996789727126806,0.310015898251192,0.00315955766192733,0.323809523809524,0.996845425867508,0.998407643312102,0.996860282574568,0.300314465408805,1,0.312893081761006,0.205607476635514,0.302936630602782,1,0.373015873015873,0.998461538461539,0.996794871794872,0.19811320754717,0.303514376996805,0.996884735202492,0.998376623376623,0.327503974562798,0.996884735202492,0.312404287901991,0.308755760368664,0.367670364500792,0.756630265210608,0.316720257234727,0.996810207336523,0.322632423756019,0.636785162287481,0.327272727272727,0.996850393700787,0,1,0.368589743589744,0.882160392798691,0.580286168521463,0.592948717948718,0.308306709265176,0.319148936170213,0.996820349761526,0.305246422893482,0.996927803379416,0.300955414012739,0.501543209876543,0.316998468606432,0.99836867862969,0.296825396825397,0.304700162074554,0.313195548489666,0.31687898089172,0.998384491114701,0.299689440993789,0.996768982229402,0.444270015698587,0.319554848966614,0.998439937597504,0.311349693251534,0.996810207336523,0.593851132686084,0.313694267515924,0.996815286624204,0.308426073131955,0.30298273155416,0.323899371069182,0.995290423861852,0.314785373608903,1,0.317817014446228,0.996794871794872,0.312396694214876,0.998394863563403,0.599686028257457,0.294770206022187,0.0229508196721311,0.291666666666667,0.307936507936508,0.99673735725938,0.3,0.315873015873016,0.311811023622047,0.322784810126582,0.996850393700787,0.9984375,0.319286871961102,0.319488817891374,0.996840442338073,0.998360655737705,0.313385826771654,0.238993710691824,0.0138461538461538,0.696343402225755,0.998407643312102,0,0.312101910828025,0.996825396825397,0.315619967793881,0.299373040752351,0.303030303030303,0.995222929936306,0.996870109546166,0.998373983739837,0.314814814814815,0.303921568627451,0.312302839116719,0.687096774193548,0.3056,0.996763754045307,0.338582677165354,0.996784565916399,0.996825396825397,0.429477020602219,0.317230273752013,0.313178294573643,0.318840579710145,0.297939778129952,0.306055646481178,0.646781789638933,0.996779388083736,0.996870109546166,0.302034428794992,0,0.321372854914197,0.313271604938272,0.323296354992076,0.299373040752351,0.294117647058824,0.30030959752322,0.699212598425197,0.375384615384615,0.302215189873418,0.998387096774194,0.31687898089172,0.998422712933754,0.301857585139319,0.301612903225806,0.301282051282051,0.323248407643312,0.31219512195122,0.9968,0.317460317460317,0.79549114331723,0.996784565916399,0.9984375,1,0.998394863563403,0.9968,0.894736842105263,0.9968,0.9984375,0.998422712933754,0.308411214953271,0.996830427892235,0.31063122923588,0.00312989045383412,0.996825396825397,0.382581648522551,0.998394863563403,0.315270935960591,0.3184,0.308186195826645,0.430645161290323,0.996850393700787,0.316770186335404,0.996810207336523,0.996927803379416,0.998405103668262,0.996830427892235,0.0016025641025641,0.310897435897436,0.996904024767802,1,0.314285714285714,0.998412698412698,0.308544303797468,0.996899224806202,0.996825396825397,0.302737520128824,0.316639741518578,0.2921875,0.148562300319489,0.313001605136437,0.00316455696202532,0.590697674418605,0.998412698412698,0.313694267515924,0.3072,0.583596214511041,0.996840442338073,0.996784565916399,0.317957166392092,0.321543408360129,0.99685534591195,0.660828025477707,0.701298701298701,0.291734197730956,0.310289389067524,0.995341614906832,0.3136,0.296923076923077,0.996870109546166,0.308426073131955,0.300623052959502,0.998449612403101,0.294770206022187,0.313694267515924,0.310618066561014,0.312202852614897,0.996840442338073,0.996923076923077,1,0.303459119496855,0.318910256410256,0.0110236220472441,0.998412698412698,0.323051948051948,1,0.998432601880878,0.30503144654088,0.316770186335404,0.3,0.317307692307692,0.307448494453249,0.996820349761526,0.306451612903226,0.309791332263242,0.568181818181818,1,0.832012678288431,0.998371335504886,0.00158478605388273,0.996825396825397,0.316998468606432,0.996810207336523,0.998392282958199,0.42015503875969,0.998430141287284,0.313291139240506,0.996937212863706,0.2992,0.292332268370607,0.305426356589147,0.998405103668262,0.996908809891808,0.310725552050473,0.398347107438017,0.62085308056872,0.301435406698565,0.998420221169036,0.998415213946117,0.996784565916399,0.317589576547231,0.998444790046656,0.205087440381558,0.996850393700787,0.996825396825397,0.996747967479675,0.9984,0.321086261980831,0.996784565916399,0.313213703099511,0.326433121019108,0.681528662420382,0.3008,0.998387096774194,0.3265625,0.307931570762053,0.313213703099511,0.996810207336523,0.305555555555556,0.996715927750411,0.31104199066874,0.479750778816199,0.318181818181818,0.315705128205128,0.307692307692308,0.996845425867508,0.317817014446228,0.286407766990291,0.998402555910543,0.996794871794872,0.315955766192733,0.3136,0.998422712933754,0.498452012383901,0.307443365695793,0.3203125,0.318818040435459,0.682965299684543,0.996805111821086,0.285016286644951,0.996830427892235,0.424878836833603,0.309409888357257,0.00316957210776545,0.892018779342723,0.311320754716981,0.314194577352472,0.0015220700152207,0.0300632911392405,0.993690851735016,0.312599681020734,0.996805111821086,0.3056,0.307692307692308,0.9984,0.316957210776545,0.311897106109325,0.668261562998405,0.9984,0.308186195826645,0.314332247557003,0.998402555910543,0.301587301587302,0.304700162074554,0.99837925445705,0.339089481946625,0.301282051282051,0.310126582278481,0.328478964401294,0.794628751974723,0.998430141287284,0.975767366720517,0.996923076923077,0.996845425867508,0.00159235668789809,0.996870109546166,0.99685534591195,0.998452012383901,0.432859399684044,0.998360655737705,0.301391035548686,0.996875,0.322632423756019,1,0.609160305343511,0.635499207606973,0.31104199066874,0.3171875,0.645007923930269,0.308196721311475,0.00312989045383412,0.630094043887147,0.684975767366721,0.321316614420063,0.00158227848101266,0.302694136291601,0.295527156549521,0.768233387358185,0.310897435897436,0.690590111642743,0.591133004926108,0.307936507936508,0.311811023622047,0.294770206022187,1,0.0197869101978691,0.00332778702163062,0.310077519379845,0.318110236220472,0.324492979719189,0.996835443037975,0.346839546191248,0.313694267515924,0.996805111821086,0.29559748427673,0.954330708661417,0.572567783094099,0.998417721518987,0.996913580246914,0.996644295302013,0.31924882629108,0.608628659476117,0.315301391035549,0.306930693069307,0.315955766192733,0.421553090332805,0.996789727126806,0.2976,0.996805111821086,0.315875613747954,0.308970099667774,0.998420221169036,0.316558441558442,0.996918335901387,0.32120253164557,1,0.996835443037975,0.31974921630094,0,0.996937212863706,0.314285714285714,0.998415213946117,0.555732484076433,0.998456790123457,0.512618296529968,0.996951219512195,0.558064516129032,0.996794871794872,0.315447154471545,0.996889580093313,1,0.996845425867508,0.303030303030303,0.319805194805195,0.312597200622084,0.342019543973941,0.334437086092715,0.310832025117739,0.99837925445705,0.308186195826645,0.996661101836394,0.998417721518987,0.323763955342903,0.307568438003221,0.307931570762053,0.382022471910112,0.31441717791411,1,0.996840442338073,0.317111459968603,0.314102564102564,0.636510500807754,0.5904,0.3072,0.315024232633279,0.996789727126806,0.300632911392405,0.307692307692308,0.992101105845182,0.309446254071661,0.307073954983923,0.00314465408805031,0.136792452830189,0.310177705977383,0.690292758089368,0.307570977917981,0.317757009345794,0.602782071097372,0.993690851735016,0.313915857605178,0.998417721518987,0.3056,0.341935483870968,0.317683881064163,0.477519379844961,0.303225806451613,0.998373983739837,0.315873015873016,0.315533980582524,0.317666126418152,0.69922480620155,0.996715927750411,0.319078947368421,0.307086614173228,0.0016025641025641,0.3234375,0.998422712933754,0.962204724409449,0.996850393700787,0.314465408805031,0.322274881516588,0.307443365695793,0.583724569640063,0.996763754045307,0.594855305466238,0.32794830371567,1,0.996899224806202,0.979397781299525,0.678972712680578,0.323343848580442,0.35377358490566,0.315625,0.309707241910632,0.996820349761526,0.996865203761755,0.525040387722132,0.640449438202247,0.996784565916399,0.996779388083736,0.998427672955975,0.689144736842105,0.996820349761526,0.319314641744548,0.691338582677165,0.996835443037975,0.314641744548287,0.302215189873418,0.322222222222222,0.998442367601246,0.996918335901387,0.649180327868852,0.318541996830428,0.996763754045307,0.99685534591195,0.323248407643312,0.304075235109718,0.998412698412698,0.0033003300330033,0.309904153354633,0.298387096774194,0.00162074554294976,0.309375,0.996899224806202,0.305331179321486,0.996805111821086,0.146964856230032,0.00313479623824451,0.900611620795107,0.322784810126582,0.99685534591195,0.996875,0.00312989045383412,0,0.317683881064163,0.996820349761526,0.311793214862682,1,0.300319488817891,0.996845425867508,0.995137763371151,0.973228346456693,0.775316455696203,0.998366013071895,0.996840442338073,0.00159235668789809,0.998439937597504,0.520458265139116,0.31629392971246,0.678627145085803,0.324451410658307,0.996747967479675,0.302066772655008,0.682615629984051,1,0.99673735725938,0.305466237942122,0.62691131498471,0.320754716981132,0.593004769475358,0.977917981072555,0.321086261980831,0.607874015748031,0.00481540930979133,0.301916932907348,0.317307692307692,0.315625,0.998360655737705,0.63944530046225,0.302325581395349,0.901771336553945,0.596375617792422,0.973765432098765,0.996865203761755,0.998449612403101,0.305732484076433,0.332247557003257,0.298555377207063,0.298273155416013,0.313084112149533,0.623052959501558,0.302936630602782,0.00313971742543171,0.679817905918058,1,0.322274881516588,0.301282051282051,0.311688311688312,0.314728682170543,0.606349206349206,0.996894409937888,0.327073552425665,0.323624595469256,0.320261437908497,0.308064516129032,0.308777429467085,0.305466237942122,0.196567862714509,0.688888888888889,0.3136,0.5984375,0.9968,0.234248788368336,0.315372424722662,0.938311688311688,0.996699669966997,0.996840442338073,0.303125,0.639625585023401,0.998417721518987,0.306853582554517,0.297253634894992,0.967689822294023,0.998427672955975,0.996784565916399,1,0.310618066561014,0.998381877022654,0.996865203761755,0.894568690095847,0.996810207336523,0.346273291925466,0.996965098634294,0.600654664484452,0.998427672955975,0.67601246105919,0.305466237942122,0.604166666666667,0.996742671009772,0.996815286624204,0.9952,0.320695102685624,0.312796208530806,0.316831683168317,0.314465408805031,0.316639741518578,0.318181818181818,0.991974317817014,0.309859154929577,0.998422712933754,0.998313659359191,0.711388455538221,0.00158227848101266,0.308681672025723,0.301435406698565,0.685271317829457,0.996894409937888,0.570532915360502,0.314024390243902,0.643769968051118,0.300476947535771,0.314935064935065,0.996794871794872,0.304700162074554,0.306799336650083,0.687397708674304,0.907166123778502,0.311550151975684,0.6048,0.5810147299509,0.321656050955414,0.315705128205128,0.301412872841444,0.595879556259905,0.695447409733124,0.998439937597504,0.909090909090909,0.996879875195008,0.675425038639876,1,0.592295345104334,0.308681672025723,0.31687898089172,0.996860282574568,0.996879875195008,0.442675159235669,1,1,0.996908809891808,0.301612903225806,0.323343848580442,0.998397435897436,0.301391035548686,0.696875,0.321027287319422,0.465927099841521,0.298869143780291,0.00312989045383412,0.303174603174603,0.998415213946117,0.996763754045307,0.605345911949686,0.00156494522691706,0.327014218009479,0.317460317460317,0.0959349593495935,0.408940397350993,0.996789727126806,0.998355263157895,0.313385826771654,0.996835443037975,0.420382165605096,0.998357963875205,0.314984709480122,0.588888888888889,0.308056872037915,0.3088,0.9984375,0.00164473684210526,0.998387096774194,0.294975688816856,0.318327974276527,0.998444790046656,0.996845425867508,0.998444790046656,0.434504792332268,0.998376623376623,0.309904153354633,0.627943485086342,0.323899371069182,0.317355371900826,0.00156739811912226,0.028892455858748,0.99672131147541,0.629160063391442,0.996789727126806,0.315873015873016,0.32463295269168,0.998392282958199,0.996820349761526,0.152276295133438,0.30298273155416,0.996845425867508,0.897959183673469,0.998422712933754,0.316692667706708,0.197138314785374,0.673469387755102,0.998444790046656,0.998452012383901,0.996774193548387,0.998363338788871,0.996904024767802,0.277519379844961,0.300632911392405,0.998412698412698,0.117174959871589,0,0.444620253164557,0.00165016501650165,0.3184,0.996830427892235,0.680577849117175,0.998430141287284,0.996884735202492,0.890822784810127,1,0.67981072555205,0.996825396825397,0.996789727126806,0.998397435897436,0.996825396825397
"250",0.301282051282051,0.3203125,0.31911532385466,0.333333333333333,0.312698412698413,0.312,0.00978792822185971,0.328638497652582,0.3140625,0.564019448946515,0.320872274143302,0.643081761006289,0.507936507936508,0.322683706070288,1,1,0.612403100775194,0,0.325434439178515,0.311216429699842,1,1,0.323529411764706,0.511700468018721,0.315789473684211,1,1,0.334394904458599,0.307453416149068,0.515772870662461,1,0.582554517133956,0.372274143302181,0.995245641838352,0.666666666666667,0.320723684210526,0.141732283464567,0.320373250388802,1,0.31201248049922,0.00157232704402516,0,0,0.33868378812199,0.318910256410256,1,0.996845425867508,1,1,1,0.690292758089368,0.325242718446602,1,0.31733746130031,0.320251177394035,0.810725552050473,0.116883116883117,0.322784810126582,0.31496062992126,0.326433121019108,0.992295839753467,1,1,0.00313479623824451,0.31219512195122,0.32398753894081,0.656101426307448,0.32695374800638,0.606656580937973,1,0.319875776397516,1,1,0.282218597063622,0.160436137071651,0.312688821752266,1,0.995419847328244,0.323076923076923,1,0.590909090909091,1,1,0.328125,1,0.333333333333333,0.319935691318328,0.329093799682035,0.317535545023697,0,0.320574162679426,0.329192546583851,0.685446009389671,0.572769953051643,0.320574162679426,0.635384615384615,0.672926447574335,0.314641744548287,0.127625201938611,0,0.317111459968603,0.608557844690967,1,0.31810766721044,1,0.320754716981132,0,0.325949367088608,1,1,1,0.312893081761006,0.996879875195008,0.329635499207607,0.20679012345679,0.309451219512195,1,0.36984126984127,1,1,0.203821656050955,0.314465408805031,1,1,0.329635499207607,1,0.316341829085457,0.31839258114374,0.360374414976599,0.750769230769231,0.325914149443561,1,0.330128205128205,0.6289592760181,0.331723027375201,1,0,1,0.385714285714286,0.882544861337684,0.57051282051282,0.584518167456556,0.317610062893082,0.322683706070288,1,0.315132605304212,1,0.297939778129952,0.494435612082671,0.326120556414219,1,0.308544303797468,0.315873015873016,0.329073482428115,0.322784810126582,1,0.310618066561014,1,0.427244582043344,0.324960753532182,1,0.318885448916409,1,0.582018927444795,0.322115384615385,1,0.326498422712934,0.309148264984227,0.34181240063593,0.989197530864197,0.330721003134796,1,0.323899371069182,1,0.319604612850082,1,0.584758942457232,0.299531981279251,0.0344827586206897,0.299840510366826,0.316614420062696,1,0.308426073131955,0.31924882629108,0.323343848580442,0.330203442879499,1,1,0.324237560192616,0.32120253164557,1,1,0.325984251968504,0.234741784037559,0.0196374622356495,0.688575899843505,1,0.0015748031496063,0.324574961360124,1,0.317965023847377,0.308282208588957,0.321372854914197,0.996860282574568,1,1,0.325153374233129,0.315875613747954,0.31924882629108,0.680445151033386,0.310725552050473,1,0.334379905808477,1,1,0.446708463949843,0.322632423756019,0.326153846153846,0.322327044025157,0.309859154929577,0.313001605136437,0.640822784810127,1,1,0.31832298136646,0.0031104199066874,0.329211746522411,0.32258064516129,0.322327044025157,0.31201248049922,0.30298273155416,0.318112633181126,0.692789968652038,0.351766513056836,0.307332293291732,1,0.322632423756019,1,0.310077519379845,0.31139646869984,0.314696485623003,0.333870967741935,0.317073170731707,1,0.322932917316693,0.792993630573248,1,1,0.998394863563403,1,1,0.892744479495268,1,1,1,0.314152410575428,1,0.33278955954323,0,1,0.378086419753086,1,0.328525641025641,0.318181818181818,0.314873417721519,0.412420382165605,1,0.324960753532182,1,1,1,1,0,0.322274881516588,1,1,0.327014218009479,1,0.3203125,1,1,0.3136,0.325806451612903,0.306376360808709,0.156398104265403,0.329617834394904,0,0.581538461538462,1,0.320373250388802,0.322274881516588,0.571428571428571,1,1,0.326018808777429,0.33015873015873,1,0.647619047619048,0.685805422647528,0.302737520128824,0.320785597381342,0.993759750390016,0.335443037974684,0.30568356374808,1,0.311216429699842,0.311216429699842,1,0.306962025316456,0.312202852614897,0.314641744548287,0.320126782884311,1,1,1,0.314194577352472,0.330112721417069,0.0093603744149766,0.993680884676145,0.324281150159744,1,1,0.317829457364341,0.330815709969789,0.301710730948678,0.314873417721519,0.318110236220472,1,0.3088,0.320574162679426,0.567479674796748,1,0.836538461538462,1,0,1,0.328682170542636,1,1,0.412772585669782,0.998456790123457,0.320634920634921,1,0.308661417322835,0.307692307692308,0.309968847352025,1,1,0.323029366306028,0.403973509933775,0.60952380952381,0.307692307692308,1,1,1,0.322115384615385,1,0.207874015748031,1,1,1,1,0.33125,1,0.31973898858075,0.333860759493671,0.674528301886792,0.305379746835443,1,0.324492979719189,0.318461538461538,0.317152103559871,1,0.311728395061728,1,0.320182094081942,0.477308294209703,0.322981366459627,0.332273449920509,0.318818040435459,1,0.325984251968504,0.310509554140127,1,1,0.329704510108865,0.315457413249211,1,0.482280431432974,0.318770226537217,0.330188679245283,0.330246913580247,0.679245283018868,1,0.302737520128824,1,0.4128,0.315955766192733,0,0.876923076923077,0.32,0.326530612244898,0,0.0286624203821656,0.98256735340729,0.314375987361769,1,0.310832025117739,0.320598006644518,1,0.328660436137072,0.317384370015949,0.670826833073323,1,0.324960753532182,0.318541996830428,1,0.316118935837246,0.308186195826645,1,0.338461538461538,0.317817014446228,0.319018404907975,0.330143540669856,0.796850393700787,1,0.977952755905512,1,1,0,1,0.992101105845182,1,0.4234375,0.996820349761526,0.316358024691358,0.992223950233281,0.335974643423138,0.995260663507109,0.602427921092564,0.623233908948195,0.319508448540707,0.315707620528771,0.63751987281399,0.318471337579618,0,0.627943485086342,0.679873217115689,0.319938176197836,0,0.317034700315457,0.313572542901716,0.755980861244019,0.322834645669291,0.679365079365079,0.587096774193548,0.318037974683544,0.3328125,0.298887122416534,1,0.0255639097744361,0,0.324200913242009,0.336434108527132,0.335433070866142,1,0.341307814992026,0.320251177394035,1,0.306729264475743,0.941176470588235,0.556270096463023,1,1,0.993311036789298,0.327188940092166,0.591263650546022,0.32262996941896,0.3125,0.320695102685624,0.41304347826087,1,0.317965023847377,1,0.324675324675325,0.318181818181818,1,0.314696485623003,1,0.31911532385466,1,1,0.321875,0,1,0.327188940092166,1,0.561815336463224,1,0.498442367601246,1,0.549679487179487,1,0.318979266347687,1,1,1,0.316535433070866,0.316211878009631,0.32348367029549,0.345659163987138,0.326860841423948,0.311111111111111,1,0.324921135646688,1,1,0.331259720062208,0.324281150159744,0.31832298136646,0.39776357827476,0.326594090202177,1,1,0.330218068535826,0.32695374800638,0.628849270664506,0.579967689822294,0.316118935837246,0.317034700315457,1,0.305993690851735,0.314984709480122,0.993640699523052,0.305057096247961,0.316614420062696,0,0.140432098765432,0.318471337579618,0.679878048780488,0.317034700315457,0.318818040435459,0.588055130168453,0.996845425867508,0.311004784688995,1,0.315132605304212,0.3504,0.31911532385466,0.471317829457364,0.315372424722662,1,0.322884012539185,0.319047619047619,0.3296,0.690625,1,0.33652312599681,0.321538461538462,0,0.328125,0.998430141287284,0.953198127925117,1,0.320251177394035,0.329192546583851,0.318110236220472,0.5765625,1,0.5856,0.337060702875399,1,1,0.963779527559055,0.677725118483412,0.327044025157233,0.361904761904762,0.325508607198748,0.318681318681319,1,1,0.505582137161085,0.63258785942492,1,1,0.998444790046656,0.693650793650794,1,0.323076923076923,0.677215189873418,1,0.320813771517997,0.315873015873016,0.323248407643312,0.996937212863706,1,0.632686084142395,0.325545171339564,1,1,0.329738058551618,0.314241486068111,0.998417721518987,0,0.320512820512821,0.312903225806452,0.00316957210776545,0.31832298136646,1,0.317741935483871,1,0.15015479876161,0,0.898773006134969,0.325,1,1,0,0,0.324881141045959,1,0.316720257234727,0.998477929984779,0.304347826086957,1,0.9984,0.965408805031447,0.763239875389408,1,1,0.00315457413249211,1,0.508090614886731,0.331730769230769,0.66875,0.322834645669291,1,0.314285714285714,0.668769716088328,1,1,0.314285714285714,0.615030674846626,0.337461300309598,0.571428571428571,0.974481658692185,0.337620578778135,0.595879556259905,0.0094488188976378,0.31378763866878,0.320754716981132,0.325115562403698,1,0.638759689922481,0.306853582554517,0.884012539184953,0.578446909667195,0.96875,1,1,0.312101910828025,0.342948717948718,0.301916932907348,0.315541601255887,0.316037735849057,0.615030674846626,0.308527131782946,0,0.67616191904048,0.998444790046656,0.332283464566929,0.312698412698413,0.322422258592471,0.323029366306028,0.597200622083981,1,0.338461538461538,0.330696202531646,0.337060702875399,0.322115384615385,0.321981424148607,0.314375987361769,0.193146417445483,0.675324675324675,0.32018927444795,0.59190031152648,1,0.240944881889764,0.326530612244898,0.91866028708134,1,1,0.313291139240506,0.63166144200627,1,0.313572542901716,0.302547770700637,0.955056179775281,1,1,0.998384491114701,0.31924882629108,1,1,0.896825396825397,1,0.3484375,1,0.585714285714286,1,0.674491392801252,0.305379746835443,0.594249201277955,1,1,0.991896272285251,0.327160493827161,0.333850931677019,0.320450885668277,0.321711568938193,0.330605564648118,0.322683706070288,0.985576923076923,0.323076923076923,1,1,0.703001579778831,0,0.317757009345794,0.321928460342146,0.676470588235294,1,0.554330708661417,0.323529411764706,0.636932707355243,0.315372424722662,0.319805194805195,1,0.310618066561014,0.323920265780731,0.680577849117175,0.902960526315789,0.322239031770045,0.599358974358974,0.573248407643312,0.322480620155039,0.320512820512821,0.304212168486739,0.588607594936709,0.678627145085803,1,0.889415481832543,1,0.664098613251156,0.996810207336523,0.585987261146497,0.320872274143302,0.31810766721044,1,1,0.423809523809524,0.995283018867924,0.996951219512195,1,0.317535545023697,0.332293291731669,1,0.315384615384615,0.677018633540373,0.331738437001595,0.453821656050955,0.303858520900322,0,0.313385826771654,1,1,0.589825119236884,0,0.32967032967033,0.322734499205087,0.0976377952755905,0.413008130081301,1,1,0.313084112149533,1,0.410714285714286,1,0.332312404287902,0.580745341614907,0.330203442879499,0.316639741518578,1,0,1,0.307443365695793,0.32695374800638,1,1,1,0.436597110754414,1,0.32807570977918,0.602503912363067,0.332814930015552,0.321428571428571,0,0.0384,1,0.615141955835962,1,0.328616352201258,0.334928229665072,1,1,0.163779527559055,0.313479623824451,1,0.896084337349398,1,0.321981424148607,0.20125786163522,0.669278996865204,1,1,1,1,1,0.287735849056604,0.305863708399366,1,0.12379421221865,0,0.430359937402191,0,0.32753164556962,1,0.675632911392405,1,1,0.890965732087227,1,0.675968992248062,1,1,1,1
"251",0.3056,0.324367088607595,0.327044025157233,0.341307814992026,0.328571428571429,0.313099041533546,0.0130293159609121,0.330683624801272,0.317535545023697,0.561174551386623,0.326053042121685,0.628164556962025,0.52411575562701,0.331723027375201,1,1,0.605015673981191,0,0.336507936507937,0.317384370015949,1,1,0.332307692307692,0.502354788069074,0.322480620155039,1,1,0.345218800648298,0.31974921630094,0.532488114104596,1,0.589622641509434,0.371294851794072,0.995297805642633,0.658730158730159,0.323432343234323,0.144904458598726,0.33641975308642,1,0.313572542901716,0.00310077519379845,0,0,0.335473515248796,0.3248,1,0.993660855784469,1,1,1,0.684627575277338,0.342229199372057,1,0.334913112164297,0.3265625,0.803571428571429,0.133757961783439,0.329073482428115,0.327586206896552,0.34181240063593,0.99211356466877,1,1,0.00634920634920635,0.332247557003257,0.328660436137072,0.643086816720257,0.328548644338118,0.598774885145482,1,0.32398753894081,1,1,0.2896,0.168730650154799,0.329211746522411,1,0.993759750390016,0.332288401253919,1,0.593851132686084,1,1,0.329770992366412,1,0.3328173374613,0.323671497584541,0.33596214511041,0.3234375,0,0.33387358184765,0.336890243902439,0.679245283018868,0.563779527559055,0.3216,0.626728110599078,0.668231611893584,0.326594090202177,0.134426229508197,0,0.325396825396825,0.604761904761905,1,0.323529411764706,1,0.32475884244373,0,0.333333333333333,1,1,1,0.311912225705329,0.995275590551181,0.338658146964856,0.205882352941176,0.327666151468315,1,0.370716510903427,1,1,0.204081632653061,0.31974921630094,1,1,0.343799058084772,1,0.334332833583208,0.326656394453005,0.363494539781591,0.764341085271318,0.331189710610932,1,0.340157480314961,0.625563909774436,0.339228295819936,1,0.00157728706624606,1,0.394611727416799,0.884488448844885,0.57120253164557,0.580128205128205,0.318110236220472,0.338735818476499,1,0.331240188383046,1,0.309409888357257,0.505409582689335,0.333333333333333,1,0.31637519872814,0.325842696629214,0.328548644338118,0.333863275039746,1,0.317034700315457,1,0.420062695924765,0.341653666146646,1,0.330275229357798,1,0.572337042925278,0.32516339869281,1,0.334375,0.31832298136646,0.338607594936709,0.984177215189873,0.335453100158982,1,0.337641357027464,1,0.326829268292683,1,0.581903276131045,0.313291139240506,0.0373376623376623,0.314606741573034,0.325949367088608,1,0.319488817891374,0.334920634920635,0.332273449920509,0.342767295597484,1,1,0.331738437001595,0.337007874015748,1,1,0.331746031746032,0.240249609984399,0.0245398773006135,0.675,1,0.0031496062992126,0.322429906542056,1,0.333865814696486,0.318461538461538,0.324367088607595,0.998415213946117,1,1,0.337899543378995,0.32741935483871,0.319620253164557,0.663934426229508,0.319554848966614,1,0.346518987341772,1,1,0.461897356143079,0.334410339256866,0.328100470957614,0.32807570977918,0.30757341576507,0.323151125401929,0.633279483037157,1,1,0.325545171339564,0.0046583850931677,0.335913312693498,0.328173374613003,0.333863275039746,0.311424100156495,0.31104199066874,0.327692307692308,0.68025078369906,0.357032457496136,0.318252730109204,1,0.3328,1,0.317757009345794,0.314194577352472,0.318110236220472,0.332278481012658,0.324104234527687,1,0.3359375,0.7952,1,1,0.9968,1,1,0.893548387096774,1,1,1,0.327692307692308,1,0.331147540983607,0,1,0.388544891640867,1,0.339652448657188,0.339144215530903,0.326433121019108,0.405405405405405,1,0.331738437001595,1,1,1,1,0,0.324451410658307,1,1,0.331210191082803,1,0.330733229329173,1,1,0.324281150159744,0.338762214983713,0.315541601255887,0.159489633173844,0.334935897435897,0,0.582568807339449,1,0.33125,0.333863275039746,0.563779527559055,1,1,0.331707317073171,0.340872374798061,1,0.640822784810127,0.694533762057878,0.315447154471545,0.338235294117647,0.992283950617284,0.343799058084772,0.314024390243902,1,0.323899371069182,0.321711568938193,1,0.316455696202532,0.326530612244898,0.322932917316693,0.329133858267717,1,1,1,0.327503974562798,0.33868378812199,0.00623052959501558,0.990384615384615,0.334389857369255,1,1,0.323899371069182,0.332302936630603,0.315301391035549,0.328025477707006,0.327613104524181,1,0.320634920634921,0.325914149443561,0.549679487179487,1,0.833855799373041,1,0,1,0.333841463414634,1,1,0.41321044546851,0.998468606431853,0.333860759493671,1,0.323343848580442,0.311501597444089,0.328149300155521,1,1,0.326530612244898,0.415857605177994,0.598705501618123,0.3136,1,1,1,0.331707317073171,1,0.212698412698413,1,1,1,1,0.332288401253919,1,0.33278955954323,0.346092503987241,0.6704,0.314516129032258,1,0.332278481012658,0.333853354134165,0.317152103559871,1,0.316846986089645,1,0.33179012345679,0.490595611285266,0.33974358974359,0.336569579288026,0.321766561514196,1,0.3264,0.315112540192926,1,1,0.3328,0.318252730109204,1,0.46875,0.329508196721311,0.344827586206897,0.340625,0.67192429022082,1,0.301302931596091,1,0.416932907348243,0.320695102685624,0,0.872274143302181,0.337559429477021,0.323943661971831,0,0.0319488817891374,0.977917981072555,0.321144674085851,1,0.317535545023697,0.329489291598023,1,0.333333333333333,0.326984126984127,0.655555555555556,1,0.330645161290323,0.325358851674641,1,0.326498422712934,0.319286871961102,1,0.3484375,0.324367088607595,0.329173166926677,0.344,0.794025157232704,1,0.979430379746835,1,1,0.0016025641025641,1,0.992101105845182,1,0.41692789968652,0.996840442338073,0.31937984496124,0.992211838006231,0.337579617834395,0.995290423861852,0.596330275229358,0.621664050235479,0.333333333333333,0.31875,0.636932707355243,0.328947368421053,0,0.618897637795276,0.66824644549763,0.333333333333333,0.00156494522691706,0.325434439178515,0.317683881064163,0.767036450079239,0.33489827856025,0.671406003159558,0.580906148867314,0.325471698113208,0.328660436137072,0.30564263322884,1,0.0316265060240964,0,0.331775700934579,0.34012539184953,0.343799058084772,1,0.344103392568659,0.326018808777429,1,0.326594090202177,0.934609250398724,0.560777957860616,1,1,0.991539763113367,0.335413416536661,0.586687306501548,0.338461538461538,0.318255250403877,0.324451410658307,0.415503875968992,1,0.320251177394035,1,0.331168831168831,0.329563812600969,1,0.335483870967742,1,0.333863275039746,1,1,0.330218068535826,0,1,0.335423197492163,1,0.572100313479624,1,0.5,1,0.554848966613672,1,0.323671497584541,1,1,1,0.322327044025157,0.339144215530903,0.329754601226994,0.360330578512397,0.337133550488599,0.321766561514196,1,0.334905660377358,1,1,0.337042925278219,0.3296,0.317901234567901,0.403815580286169,0.336405529953917,1,1,0.336463223787167,0.331746031746032,0.615629984051037,0.577777777777778,0.321766561514196,0.327974276527331,1,0.313385826771654,0.333846153846154,0.995238095238095,0.323481116584565,0.322932917316693,0,0.146604938271605,0.328571428571429,0.669683257918552,0.316118935837246,0.330203442879499,0.579439252336449,0.996794871794872,0.330658105939005,1,0.325434439178515,0.347068145800317,0.323296354992076,0.486821705426357,0.326498422712934,1,0.328638497652582,0.331738437001595,0.33652312599681,0.677519379844961,1,0.3354943273906,0.332288401253919,0,0.33695652173913,0.998394863563403,0.952456418383518,1,0.332278481012658,0.340659340659341,0.325914149443561,0.575617283950617,1,0.573051948051948,0.34181240063593,1,1,0.959311424100156,0.667189952904239,0.339622641509434,0.369668246445498,0.332278481012658,0.328616352201258,1,1,0.504792332268371,0.623397435897436,1,1,0.998435054773083,0.677367576243981,1,0.338509316770186,0.668789808917197,1,0.332288401253919,0.325878594249201,0.328050713153724,0.996899224806202,1,0.633499170812604,0.336463223787167,1,1,0.339116719242902,0.322327044025157,0.998412698412698,0,0.333333333333333,0.319047619047619,0.00805152979066022,0.324492979719189,1,0.320967741935484,1,0.158631415241058,0,0.902325581395349,0.329704510108865,1,1,0,0.0015600624024961,0.338050314465409,1,0.32741935483871,0.996923076923077,0.321086261980831,1,0.998384491114701,0.957680250783699,0.774603174603175,1,1,0.0063391442155309,1,0.505728314238953,0.339171974522293,0.658307210031348,0.334890965732087,1,0.31974921630094,0.666134185303514,1,1,0.324717285945073,0.611195158850227,0.342313787638669,0.575949367088608,0.972491909385113,0.343402225755167,0.598755832037325,0.0157977883096366,0.3216,0.332810047095761,0.333853354134165,1,0.629800307219662,0.31974921630094,0.876386687797147,0.575235109717868,0.96583850931677,1,1,0.319620253164557,0.3488,0.314102564102564,0.321483771251932,0.325984251968504,0.605783866057839,0.319018404907975,0,0.665137614678899,0.998422712933754,0.342313787638669,0.315457413249211,0.329011345218801,0.334876543209877,0.589984350547731,1,0.344773790951638,0.343949044585987,0.346774193548387,0.325358851674641,0.328616352201258,0.317891373801917,0.206471494607088,0.671949286846276,0.329073482428115,0.584758942457232,1,0.237795275590551,0.339563862928349,0.92109500805153,1,1,0.317384370015949,0.62754303599374,1,0.323529411764706,0.310126582278481,0.954838709677419,1,1,0.9967585089141,0.333333333333333,1,1,0.895734597156398,1,0.36547433903577,1,0.57516339869281,1,0.659375,0.319488817891374,0.582278481012658,1,1,0.9904,0.332822085889571,0.337042925278219,0.324013157894737,0.334905660377358,0.331715210355987,0.336569579288026,0.980487804878049,0.322429906542056,1,1,0.714508580343214,0,0.32967032967033,0.3328125,0.672413793103448,1,0.556426332288401,0.34009360374415,0.633647798742138,0.322784810126582,0.334943639291465,1,0.32,0.333887043189369,0.695374800637959,0.903973509933775,0.333834586466165,0.58974358974359,0.561488673139159,0.337984496124031,0.336025848142165,0.30952380952381,0.582278481012658,0.669781931464174,1,0.882165605095541,1,0.659969088098918,0.996810207336523,0.5814696485623,0.326465927099842,0.337133550488599,1,1,0.410015649452269,0.992088607594937,0.996923076923077,1,0.323763955342903,0.334913112164297,1,0.32469512195122,0.672360248447205,0.343307086614173,0.445151033386327,0.313504823151125,0,0.324451410658307,1,1,0.580847723704867,0.00157728706624606,0.343799058084772,0.329093799682035,0.101748807631161,0.435562805872757,1,1,0.322981366459627,1,0.409810126582278,1,0.337984496124031,0.578220858895706,0.33122028526149,0.321766561514196,1,0,1,0.322006472491909,0.328548644338118,1,1,1,0.444267515923567,1,0.329581993569132,0.603744149765991,0.339116719242902,0.339373970345964,0.00157728706624606,0.0461783439490446,1,0.609034267912773,1,0.333865814696486,0.341384863123994,1,1,0.170245398773006,0.321875,1,0.896284829721362,1,0.328682170542636,0.196141479099678,0.657232704402516,1,1,1,1,1,0.290171606864275,0.313099041533546,1,0.121163166397415,0.00158730158730159,0.423380726698262,0,0.336477987421384,1,0.668253968253968,1,1,0.887147335423197,1,0.668224299065421,1,1,1,1
"252",0.409017713365539,0.424242424242424,0.412420382165605,0.425806451612903,0.41838351822504,0.413848631239936,0.114192495921697,0.424878836833603,0.411392405063291,0.658374792703151,0.41838351822504,0.634069400630915,0.425566343042071,0.427892234548336,0.8992,0.897637795275591,0.647151898734177,0.103505843071786,0.433811802232855,0.415605095541401,0.885113268608414,0.899038461538462,0.429699842022117,0.611821086261981,0.421800947867299,0.892744479495268,0.897058823529412,0.43687707641196,0.419968304278922,0.464516129032258,0.90527950310559,0.490625,0.41390205371248,0.894651539708266,0.565217391304348,0.41722972972973,0.257648953301127,0.430141287284144,0.893416927899687,0.41390205371248,0.111111111111111,0.0962145110410095,0.108527131782946,0.42671009771987,0.413848631239936,0.888888888888889,0.890127388535032,0.892744479495268,0.904761904761905,0.897356143079316,0.583465818759936,0.423014586709887,0.89540412044374,0.420545746388443,0.42879746835443,0.717532467532468,0.238325281803543,0.420289855072464,0.424050632911392,0.413629160063391,0.889235569422777,0.893719806763285,0.8992,0.1168,0.414023372287145,0.431034482758621,0.645056726094003,0.423014586709887,0.639318885448916,0.888888888888889,0.41335453100159,0.89792663476874,0.890522875816993,0.388429752066116,0.273010920436817,0.426127527216174,0.89873417721519,0.889580093312597,0.417445482866044,0.892384105960265,0.675850891410049,0.900158478605388,0.901771336553945,0.429936305732484,0.895498392282958,0.427244582043344,0.419934640522876,0.426771653543307,0.417460317460317,0.10989010989011,0.416932907348243,0.421461897356143,0.595541401273885,0.67192429022082,0.41091492776886,0.634069400630915,0.5776,0.406593406593407,0.235392320534224,0.104,0.40506329113924,0.627228525121556,0.901771336553945,0.410048622366288,0.891760904684976,0.4176,0.115569823434992,0.424483306836248,0.887122416534181,0.895071542130366,0.885895404120444,0.413522012578616,0.894060995184591,0.427230046948357,0.313178294573643,0.406542056074766,0.89776357827476,0.481717011128776,0.890769230769231,0.892455858747994,0.319620253164557,0.413249211356467,0.903328050713154,0.895934959349593,0.423622047244094,0.896389324960754,0.417298937784522,0.412225705329154,0.477987421383648,0.869029275808937,0.416938110749186,0.892628205128205,0.421138211382114,0.622324159021407,0.42174629324547,0.892063492063492,0.109872611464968,0.89792663476874,0.346278317152104,0.981788079470199,0.6768,0.68,0.421303656597774,0.419672131147541,0.895330112721417,0.405405405405405,0.893353941267388,0.4,0.410377358490566,0.432558139534884,0.905383360522023,0.402889245585875,0.421393841166937,0.429268292682927,0.411382113821138,0.897893030794165,0.413078149920255,0.890879478827362,0.551401869158878,0.416798732171157,0.901898734177215,0.422018348623853,0.894230769230769,0.66877971473851,0.409756097560976,0.894822006472492,0.4288,0.426984126984127,0.432692307692308,0.886942675159236,0.435897435897436,0.899521531100478,0.419934640522876,0.886942675159236,0.421052631578947,0.896774193548387,0.652312599681021,0.386473429951691,0.136894824707846,0.40655737704918,0.411483253588517,0.903536977491961,0.402208201892744,0.415064102564103,0.426751592356688,0.424920127795527,0.90224358974359,0.89358372456964,0.4375,0.42332268370607,0.893141945773525,0.895161290322581,0.418897637795276,0.341232227488152,0.127329192546584,0.580952380952381,0.894904458598726,0.113057324840764,0.418641390205371,0.892018779342723,0.40453074433657,0.407751937984496,0.403785488958991,0.90521327014218,0.898894154818325,0.892682926829268,0.4296875,0.414309484193012,0.405705229793978,0.596091205211726,0.414826498422713,0.902120717781403,0.385964912280702,0.896272285251216,0.888,0.555555555555556,0.41335453100159,0.427899686520376,0.413848631239936,0.406995230524642,0.418679549114332,0.630818619582664,0.89171974522293,0.8953125,0.422222222222222,0.108832807570978,0.425897035881435,0.427469135802469,0.434920634920635,0.408585055643879,0.400630914826498,0.41820987654321,0.596850393700787,0.47581903276131,0.414173228346457,0.892508143322476,0.412724306688418,0.888,0.415064102564103,0.402912621359223,0.414910858995138,0.428343949044586,0.418416801292407,0.892109500805153,0.422222222222222,0.684210526315789,0.888535031847134,0.891849529780564,0.894736842105263,0.892744479495268,0.893548387096774,1,0.889763779527559,0.889064976228209,0.884493670886076,0.424100156494523,0.891373801916933,0.415156507413509,0.0967238689547582,0.893141945773525,0.49306625577812,0.89983844911147,0.412238325281804,0.422764227642276,0.424483306836248,0.521669341894061,0.90032154340836,0.419558359621451,0.888709677419355,0.9046875,0.894321766561514,0.89937106918239,0.1104,0.409677419354839,0.898573692551506,0.889245585874799,0.424242424242424,0.90311986863711,0.421303656597774,0.8890625,0.909677419354839,0.405492730210016,0.4281098546042,0.40809968847352,0.2688,0.42258064516129,0.104,0.65990639625585,0.893650793650794,0.430379746835443,0.410714285714286,0.667194928684628,0.892913385826772,0.895666131621188,0.440594059405941,0.42472266244057,0.888712241653418,0.5936,0.592651757188498,0.409385113268608,0.41871921182266,0.894819466248038,0.431781701444623,0.419003115264797,0.901743264659271,0.416801292407108,0.41259842519685,0.896661367249603,0.410628019323671,0.421725239616613,0.412698412698413,0.4272,0.895498392282958,0.898773006134969,0.903436988543372,0.40829346092504,0.428571428571429,0.1078125,0.876996805111821,0.426256077795786,0.898894154818325,0.900481540930979,0.40763358778626,0.422647527910686,0.407523510971787,0.417335473515249,0.403225806451613,0.892628205128205,0.411669367909238,0.417322834645669,0.673234811165846,0.897674418604651,0.936204146730462,0.901134521880065,0.106109324758842,0.886762360446571,0.427230046948357,0.89968152866242,0.899186991869919,0.52093023255814,0.90015600624025,0.42258064516129,0.905864197530864,0.4185303514377,0.408945686900958,0.414012738853503,0.894822006472492,0.902668759811617,0.419811320754717,0.353618421052632,0.641109298531811,0.414634146341463,0.890127388535032,0.894822006472492,0.897271268057785,0.413961038961039,0.897035881435257,0.322274881516588,0.896166134185304,0.890322580645161,0.894909688013136,0.895071542130366,0.424764890282132,0.888168557536467,0.41,0.431528662420382,0.587301587301587,0.412621359223301,0.894991922455573,0.42515923566879,0.4171875,0.419512195121951,0.894488188976378,0.406593406593407,0.890701468189233,0.422535211267606,0.404423380726698,0.42992125984252,0.426073131955485,0.41692789968652,0.898251192368839,0.406148867313916,0.403565640194489,0.889415481832543,0.892455858747994,0.414944356120827,0.417840375586854,0.897314375987362,0.575663026521061,0.422885572139304,0.427662957074722,0.419152276295133,0.57007874015748,0.897106109324759,0.397670549084859,0.89047619047619,0.518167456556082,0.411290322580645,0.106858054226475,0.771653543307087,0.411003236245955,0.421553090332805,0.109230769230769,0.135922330097087,0.87741935483871,0.4128,0.895071542130366,0.4170692431562,0.412151067323481,0.896661367249603,0.418897637795276,0.423510466988728,0.587579617834395,0.895071542130366,0.433656957928803,0.416666666666667,0.898360655737705,0.408517350157729,0.402960526315789,0.895330112721417,0.437795275590551,0.4170692431562,0.417840375586854,0.430379746835443,0.682965299684543,0.897435897435897,0.919614147909968,0.89644513137558,0.90952380952381,0.106280193236715,0.889240506329114,0.882447665056361,0.900787401574803,0.527156549520767,0.898387096774194,0.4125,0.891679748822606,0.429487179487179,0.89171974522293,0.670826833073323,0.63391442155309,0.421974522292994,0.421383647798742,0.631578947368421,0.412724306688418,0.102523659305994,0.623586429725363,0.608064516129032,0.416139240506329,0.101587301587302,0.412420382165605,0.404494382022472,0.880258899676375,0.42472266244057,0.579617834394904,0.655115511551155,0.419614147909968,0.431924882629108,0.410828025477707,0.893890675241158,0.134848484848485,0.09688013136289,0.432389937106918,0.437990580847724,0.381642512077295,0.893481717011129,0.443910256410256,0.424920127795527,0.8928,0.407582938388626,0.833870967741935,0.663446054750403,0.892744479495268,0.9015625,0.89267461669506,0.432348367029549,0.666666666666667,0.434049079754601,0.412828947368421,0.413629160063391,0.535714285714286,0.899186991869919,0.429725363489499,0.898387096774194,0.425774877650897,0.418451400329489,0.894154818325434,0.422512234910277,0.903076923076923,0.427215189873418,0.896661367249603,0.899350649350649,0.417460317460317,0.103668261562998,0.898119122257053,0.421303656597774,0.902866242038217,0.511182108626198,0.893518518518518,0.604761904761905,0.895475819032761,0.482315112540193,0.898387096774194,0.435855263157895,0.888178913738019,0.897476340694006,0.898573692551506,0.419614147909968,0.425324675324675,0.412772585669782,0.395348837209302,0.433110367892977,0.4208,0.888707037643208,0.416267942583732,0.903814262023217,0.898278560250391,0.427662957074722,0.42741935483871,0.41304347826087,0.329581993569132,0.427018633540373,0.893987341772152,0.907790143084261,0.424100156494523,0.423014586709887,0.637704918032787,0.653721682847896,0.410828025477707,0.419249592169657,0.892332789559543,0.410094637223975,0.41875,0.890145395799677,0.415156507413509,0.408585055643879,0.103011093502377,0.259026687598116,0.41786283891547,0.586583463338534,0.414673046251994,0.426332288401254,0.684375,0.905660377358491,0.40194489465154,0.895330112721417,0.410543130990415,0.380645161290323,0.422712933753943,0.387658227848101,0.419354838709677,0.911764705882353,0.410742496050553,0.413680781758958,0.426929392446634,0.600313479623824,0.897520661157025,0.420880913539967,0.4234375,0.0996732026143791,0.417197452229299,0.896331738437002,0.845425867507886,0.89776357827476,0.418351477449456,0.429467084639498,0.413848631239936,0.665109034267913,0.886731391585761,0.665040650406504,0.423263327948304,0.896389324960754,0.899521531100478,0.8672,0.57258064516129,0.425361155698234,0.366666666666667,0.418940609951846,0.418897637795276,0.894909688013136,0.889751552795031,0.610662358642973,0.615015974440895,0.899529042386185,0.885350318471338,0.887301587301587,0.594155844155844,0.898894154818325,0.420472440944882,0.581993569131833,0.897959183673469,0.423622047244094,0.421135646687697,0.409967845659164,0.896551724137931,0.903276131045242,0.627906976744186,0.428115015974441,0.903381642512077,0.90302066772655,0.43171114599686,0.425196850393701,0.895666131621188,0.102177554438861,0.414239482200647,0.416932907348243,0.108239095315024,0.423017107309487,0.899521531100478,0.42512077294686,0.89776357827476,0.266141732283465,0.113418530351438,0.992211838006231,0.430379746835443,0.891849529780564,0.9008,0.0946372239747634,0.107594936708861,0.417197452229299,0.89589905362776,0.414355628058728,0.904024767801858,0.413008130081301,0.888535031847134,0.902960526315789,0.8624,0.883386581469649,0.892857142857143,0.894568690095847,0.10223642172524,0.887122416534181,0.623762376237624,0.414910858995138,0.576377952755906,0.427672955974843,0.89047619047619,0.415335463258786,0.593851132686084,0.900481540930979,0.896039603960396,0.410130718954248,0.635093167701863,0.427215189873418,0.658615136876006,0.864297253634895,0.419871794871795,0.626198083067093,0.121212121212121,0.411483253588517,0.429032258064516,0.417322834645669,0.898193760262726,0.616588419405321,0.403125,0.787878787878788,0.675850891410049,0.861635220125786,0.899686520376176,0.89589905362776,0.4112,0.423645320197044,0.415986949429038,0.408517350157729,0.416666666666667,0.65210608424337,0.416666666666667,0.106349206349206,0.589665653495441,0.888188976377953,0.428115015974441,0.412903225806452,0.410714285714286,0.421216848673947,0.673633440514469,0.892913385826772,0.419656786271451,0.427642276422764,0.43485342019544,0.413570274636511,0.423809523809524,0.424679487179487,0.31911532385466,0.605220228384992,0.4170692431562,0.660287081339713,0.902711323763955,0.353870458135861,0.423137876386688,0.819512195121951,0.903878583473862,0.8976,0.418152350081037,0.625796178343949,0.8953125,0.411764705882353,0.405750798722045,0.859934853420195,0.895071542130366,0.900641025641026,0.896039603960396,0.409090909090909,0.908507223113965,0.891891891891892,0.988617886178862,0.902597402597403,0.389857369255151,0.894245723172628,0.655058043117745,0.899521531100478,0.571428571428571,0.423756019261637,0.677367576243981,0.895424836601307,0.891760904684976,0.901294498381877,0.42246835443038,0.421303656597774,0.431372549019608,0.418238993710692,0.421647819063005,0.423645320197044,0.880064829821718,0.415873015873016,0.894736842105263,0.887959866220736,0.828885400313972,0.102272727272727,0.426984126984127,0.418641390205371,0.581210191082803,0.895962732919255,0.659842519685039,0.418604651162791,0.633870967741936,0.411764705882353,0.417886178861789,0.885350318471338,0.410742496050553,0.419627749576988,0.791599353796446,0.988429752066116,0.423368740515933,0.66394779771615,0.66394779771615,0.426307448494453,0.422647527910686,0.401587301587302,0.661858974358974,0.582018927444795,0.890795631825273,0.79080824088748,0.891808346213292,0.572769953051643,0.886547811993517,0.654098360655738,0.4112,0.423263327948304,0.902208201892745,0.884615384615385,0.538338658146965,0.891373801916933,0.886115444617785,0.897151898734177,0.426100628930818,0.428571428571429,0.9024,0.416923076923077,0.593457943925234,0.412052117263844,0.557536466774716,0.4144,0.0996835443037975,0.404388714733542,0.891547049441786,0.896890343698854,0.654895666131621,0.114104595879556,0.434231378763867,0.416393442622951,0.207006369426752,0.526143790849673,0.894991922455573,0.899022801302932,0.414944356120827,0.891585760517799,0.528180354267311,0.897560975609756,0.435658914728682,0.68362480127186,0.422647527910686,0.419934640522876,0.894736842105263,0.102941176470588,0.890499194847021,0.407894736842105,0.42258064516129,0.892744479495268,0.892744479495268,0.890262751159196,0.552504038772213,0.892156862745098,0.413290113452188,0.640127388535032,0.434713375796178,0.415986949429038,0.104761904761905,0.151368760064412,0.892561983471074,0.634222919937206,0.888712241653418,0.420886075949367,0.415309446254072,0.897151898734177,0.894568690095847,0.270866141732283,0.406698564593301,0.896875,0.94811320754717,0.899841017488076,0.431496062992126,0.315447154471545,0.585714285714286,0.89873417721519,0.893081761006289,0.902755267423015,0.890522875816993,0.900928792569659,0.386792452830189,0.4096,0.908945686900958,0.232558139534884,0.111831442463533,0.54160125588697,0.100494233937397,0.419614147909968,0.89358372456964,0.586092715231788,0.888888888888889,0.893141945773525,0.95859872611465,0.886363636363636,0.589540412044374,0.894321766561514,0.905691056910569,0.889423076923077,0.896661367249603
"253",0.3125,0.335413416536661,0.322981366459627,0.332288401253919,0.319875776397516,0.324492979719189,0.00642054574638844,0.326594090202177,0.319508448540707,0.556270096463023,0.330781010719755,0.61993769470405,0.528662420382166,0.331230283911672,1,1,0.587423312883436,0,0.329133858267717,0.316770186335404,1,1,0.330769230769231,0.49922480620155,0.325688073394495,1,1,0.349514563106796,0.32262996941896,0.530708661417323,1,0.601226993865031,0.388802488335925,0.995268138801262,0.654458598726115,0.319672131147541,0.135303265940902,0.337480559875583,1,0.319444444444444,0.0031055900621118,0,0,0.332807570977918,0.327503974562798,1,0.993640699523052,1,1,1,0.677469135802469,0.336538461538462,1,0.336448598130841,0.320433436532508,0.823529411764706,0.124409448818898,0.336492890995261,0.325617283950617,0.33641975308642,0.992283950617284,1,1,0.0062402496099844,0.324281150159744,0.328125,0.639370078740157,0.338557993730408,0.598187311178248,1,0.329249617151608,1,1,0.286168521462639,0.152276295133438,0.325688073394495,1,0.993930197268589,0.328787878787879,1,0.582258064516129,1,1,0.332819722650231,1,0.331811263318113,0.31911532385466,0.337480559875583,0.329153605015674,0,0.33125,0.337837837837838,0.67244094488189,0.565284178187404,0.328,0.619195046439629,0.66875,0.316436251920123,0.119162640901771,0,0.325471698113208,0.60347551342812,1,0.320388349514563,1,0.324324324324324,0,0.330203442879499,1,1,1,0.317262830482115,0.995363214837713,0.338050314465409,0.203030303030303,0.320300751879699,1,0.361801242236025,1,1,0.202194357366771,0.324116743471582,1,1,0.337442218798151,1,0.327407407407407,0.327692307692308,0.357927786499215,0.767019667170953,0.334920634920635,1,0.342356687898089,0.626126126126126,0.339228295819936,1,0.00155038759689922,1,0.389240506329114,0.880452342487884,0.565420560747664,0.585023400936037,0.324574961360124,0.336025848142165,1,0.328173374613003,1,0.315789473684211,0.517665130568356,0.331811263318113,1,0.311912225705329,0.322932917316693,0.328660436137072,0.338533541341654,1,0.314553990610329,1,0.427469135802469,0.327217125382263,1,0.334869431643625,1,0.573899371069182,0.3296,1,0.329192546583851,0.323029366306028,0.337025316455696,0.984544049459042,0.341732283464567,1,0.330696202531646,1,0.332258064516129,1,0.579192546583851,0.315625,0.0337078651685393,0.315372424722662,0.325617283950617,1,0.324451410658307,0.330218068535826,0.332278481012658,0.343167701863354,1,1,0.332802547770701,0.338533541341654,1,1,0.327160493827161,0.229709035222052,0.0225225225225225,0.674454828660436,1,0.003125,0.326656394453005,1,0.331738437001595,0.314984709480122,0.325038880248834,0.9984375,1,1,0.333333333333333,0.32520325203252,0.324451410658307,0.6704,0.315955766192733,1,0.353218210361067,1,1,0.435054773082942,0.3359375,0.328197226502311,0.334375,0.309859154929577,0.332810047095761,0.62754303599374,1,1,0.330769230769231,0.00462249614791988,0.332312404287902,0.325264750378215,0.329704510108865,0.32,0.309006211180124,0.327666151468315,0.683881064162754,0.352850539291217,0.313664596273292,1,0.335453100158982,1,0.325688073394495,0.313971742543171,0.329617834394904,0.342271293375394,0.322006472491909,1,0.334883720930233,0.812995245641838,1,1,0.9968,1,1,0.889763779527559,1,1,1,0.321100917431193,1,0.3322528363047,0,1,0.364615384615385,1,0.334384858044164,0.337539432176656,0.327014218009479,0.404724409448819,1,0.332307692307692,1,1,1,1,0,0.322834645669291,1,1,0.327014218009479,1,0.326687116564417,1,1,0.319182389937107,0.330128205128205,0.313178294573643,0.146153846153846,0.3359375,0,0.579185520361991,1,0.329770992366412,0.338095238095238,0.563664596273292,1,1,0.335463258785943,0.336492890995261,1,0.647425897035881,0.680445151033386,0.319620253164557,0.32843137254902,0.993975903614458,0.34009360374415,0.312217194570136,1,0.327639751552795,0.31839258114374,1,0.316118935837246,0.328100470957614,0.321483771251932,0.325038880248834,1,1,1,0.31924882629108,0.340694006309148,0.00770416024653313,0.990683229813665,0.333868378812199,1,1,0.320061255742726,0.333333333333333,0.314641744548287,0.326625386996904,0.328660436137072,1,0.315457413249211,0.330721003134796,0.548956661316212,1,0.831007751937984,1,0,1,0.333846153846154,1,1,0.402476780185758,0.998468606431853,0.335473515248796,1,0.315286624203822,0.30952380952381,0.323076923076923,1,1,0.327666151468315,0.418006430868167,0.594594594594595,0.313195548489666,1,1,1,0.33974358974359,1,0.206201550387597,1,1,1,1,0.336973478939158,1,0.330049261083744,0.344287949921753,0.668231611893584,0.312698412698413,1,0.335394126738794,0.323664122137405,0.3248,1,0.323029366306028,1,0.330781010719755,0.492260061919505,0.330733229329173,0.329113924050633,0.321538461538462,1,0.332805071315372,0.312893081761006,1,1,0.337461300309598,0.324615384615385,1,0.465331278890601,0.329113924050633,0.338983050847458,0.343032159264931,0.674015748031496,1,0.301612903225806,1,0.4140625,0.31733746130031,0,0.886996904024768,0.332263242375602,0.329192546583851,0,0.0315955766192733,0.978056426332288,0.325396825396825,1,0.320754716981132,0.330670926517572,1,0.336405529953917,0.333333333333333,0.662480376766091,1,0.329133858267717,0.331230283911672,1,0.321538461538462,0.307448494453249,1,0.333333333333333,0.322734499205087,0.328660436137072,0.343260188087774,0.805255023183926,1,0.9792663476874,1,1,0.00160513643659711,1,0.992163009404389,1,0.415625,0.996840442338073,0.325077399380805,0.992283950617284,0.338050314465409,0.995319812792512,0.591867469879518,0.61136712749616,0.332822085889571,0.319148936170213,0.622670807453416,0.329073482428115,0,0.616822429906542,0.673469387755102,0.326717557251908,0.00160513643659711,0.322884012539185,0.312111801242236,0.764612954186414,0.333855799373041,0.673501577287066,0.579967689822294,0.324534161490683,0.332307692307692,0.313178294573643,1,0.0311572700296736,0,0.335384615384615,0.336434108527132,0.346153846153846,1,0.334883720930233,0.324534161490683,1,0.317757009345794,0.94556765163297,0.553259141494436,1,1,0.991694352159468,0.329192546583851,0.584992343032159,0.337404580152672,0.325769854132901,0.325508607198748,0.410334346504559,1,0.32753164556962,1,0.330128205128205,0.328548644338118,1,0.32182103610675,1,0.340189873417722,1,1,0.328660436137072,0,1,0.335375191424196,1,0.572100313479624,1,0.494623655913978,1,0.56828885400314,1,0.325949367088608,1,1,1,0.322327044025157,0.330143540669856,0.326153846153846,0.3664,0.325806451612903,0.317829457364341,1,0.328638497652582,1,1,0.337559429477021,0.333333333333333,0.324655436447167,0.404423380726698,0.335375191424196,1,1,0.337984496124031,0.333333333333333,0.610845295055821,0.569823434991974,0.324960753532182,0.31924882629108,1,0.31104199066874,0.330316742081448,0.995260663507109,0.313504823151125,0.325581395348837,0,0.135176651305684,0.325545171339564,0.669642857142857,0.3232,0.331230283911672,0.579352850539291,0.996884735202492,0.330683624801272,1,0.32967032967033,0.361022364217252,0.324031007751938,0.493001555209953,0.321928460342146,1,0.332822085889571,0.330173775671406,0.337984496124031,0.675344563552833,1,0.333863275039746,0.332814930015552,0,0.338414634146341,0.998444790046656,0.955589586523737,1,0.333333333333333,0.333855799373041,0.328571428571429,0.569678407350689,1,0.5696,0.3421875,1,1,0.9629057187017,0.661904761904762,0.343701399688958,0.369969040247678,0.333850931677019,0.335403726708075,1,1,0.499210110584518,0.613564668769716,1,1,0.998463901689708,0.681159420289855,1,0.333843797856049,0.673469387755102,1,0.336990595611285,0.325,0.328125,0.996978851963746,1,0.634146341463415,0.328725038402458,1,1,0.33596214511041,0.3171875,0.998430141287284,0,0.32018927444795,0.3234375,0.00789889415481832,0.325153374233129,1,0.322169059011164,1,0.142638036809816,0,0.896764252696456,0.335913312693498,1,1,0,0.00153609831029186,0.338557993730408,1,0.322006472491909,0.996983408748115,0.326433121019108,1,0.998389694041868,0.961059190031153,0.769585253456221,1,1,0.0062992125984252,1,0.5,0.3408,0.656739811912226,0.335384615384615,1,0.315457413249211,0.66875,1,1,0.327503974562798,0.602102102102102,0.336448598130841,0.575899843505477,0.968,0.340062111801242,0.58528951486698,0.0141955835962145,0.318252730109204,0.330246913580247,0.323029366306028,1,0.621052631578947,0.318885448916409,0.892575039494471,0.577223088923557,0.961597542242704,1,1,0.320754716981132,0.348387096774194,0.32484076433121,0.317829457364341,0.325038880248834,0.600301659125189,0.309923664122137,0,0.673105497771174,0.998447204968944,0.340062111801242,0.326498422712934,0.329545454545455,0.333843797856049,0.58307210031348,1,0.348297213622291,0.339089481946625,0.339774557165862,0.329133858267717,0.328703703703704,0.322378716744914,0.190548780487805,0.668769716088328,0.330173775671406,0.577639751552795,1,0.225,0.332293291731669,0.926282051282051,1,1,0.318885448916409,0.618380062305296,1,0.325652841781874,0.307210031347962,0.950320512820513,1,1,0.996789727126806,0.331288343558282,1,1,0.888364779874214,1,0.367601246105919,1,0.584269662921348,1,0.666666666666667,0.325,0.579617834394904,1,1,0.990430622009569,0.336923076923077,0.338006230529595,0.332278481012658,0.329153605015674,0.3296,0.337539432176656,0.980922098569157,0.327613104524181,1,1,0.705607476635514,0,0.332822085889571,0.331269349845201,0.664634146341463,1,0.544600938967136,0.338414634146341,0.62992125984252,0.324409448818898,0.325842696629214,1,0.324451410658307,0.328,0.688888888888889,0.901929260450161,0.329819277108434,0.590111642743222,0.562305295950156,0.335925349922239,0.336990595611285,0.314241486068111,0.577399380804954,0.662538699690402,1,0.895962732919255,1,0.654798761609907,0.996815286624204,0.5744,0.333333333333333,0.329113924050633,1,1,0.417582417582418,0.992050874403816,0.996908809891808,1,0.332298136645963,0.34488188976378,1,0.322188449848024,0.673405909797823,0.339089481946625,0.453978159126365,0.313291139240506,0,0.324116743471582,1,1,0.582554517133956,0.0015625,0.341085271317829,0.329093799682035,0.105095541401274,0.424390243902439,1,1,0.329721362229102,1,0.406885758998435,1,0.336363636363636,0.56786271450858,0.33489827856025,0.328050713153724,1,0,1,0.318181818181818,0.330143540669856,1,1,1,0.4384,1,0.333333333333333,0.600311041990669,0.338533541341654,0.333868378812199,0.00155763239875389,0.0446153846153846,1,0.605304212168487,1,0.339089481946625,0.337559429477021,1,1,0.165644171779141,0.320872274143302,1,0.891104294478528,1,0.334876543209877,0.198412698412698,0.662015503875969,1,1,1,1,1,0.301242236024845,0.322378716744914,1,0.108239095315024,0.00159489633173844,0.425499231950845,0,0.334928229665072,1,0.666141732283465,1,1,0.881435257410296,1,0.671802773497689,1,1,1,1
"254",0.29746835443038,0.313084112149533,0.310077519379845,0.325949367088608,0.307453416149068,0.302180685358255,0.00636942675159236,0.329721362229102,0.310185185185185,0.567567567567568,0.314814814814815,0.642201834862385,0.525741029641186,0.323899371069182,1,1,0.616207951070336,0,0.331240188383046,0.30625,1,1,0.322678843226788,0.509954058192956,0.306060606060606,1,1,0.331738437001595,0.304084720121029,0.525316455696203,1,0.596923076923077,0.359013867488444,0.995334370139969,0.675118858954041,0.311258278145695,0.128125,0.313546423135464,1,0.302571860816944,0.0015625,0,0,0.329153605015674,0.312893081761006,1,0.996879875195008,1,1,1,0.6953125,0.325984251968504,1,0.319571865443425,0.312307692307692,0.835987261146497,0.105180533751962,0.312693498452012,0.309230769230769,0.313084112149533,0.993939393939394,1,1,0.0031055900621118,0.312903225806452,0.309230769230769,0.654028436018957,0.321316614420063,0.614114114114114,1,0.3203125,1,1,0.266666666666667,0.143950995405819,0.307462686567164,1,0.995454545454545,0.318952234206472,1,0.605723370429253,1,1,0.322085889570552,1,0.318731117824773,0.313755795981453,0.326594090202177,0.313880126182965,0,0.323296354992076,0.31437125748503,0.693270735524257,0.577160493827161,0.312202852614897,0.634703196347032,0.684952978056426,0.313755795981453,0.1104,0,0.306853582554517,0.616242038216561,1,0.307324840764331,1,0.321875,0,0.316358024691358,1,1,1,0.301242236024845,0.996904024767802,0.317901234567901,0.186646433990895,0.301659125188537,1,0.364760432766615,1,1,0.18910741301059,0.313178294573643,1,1,0.325038880248834,1,0.31547619047619,0.307575757575758,0.351309707241911,0.765432098765432,0.313479623824451,1,0.320251177394035,0.635400907715582,0.323763955342903,1,0,1,0.381395348837209,0.87620578778135,0.583463338533541,0.59472049689441,0.314241486068111,0.324409448818898,1,0.315950920245399,1,0.302034428794992,0.506870229007634,0.324200913242009,1,0.310452418096724,0.313385826771654,0.31733746130031,0.31924882629108,1,0.307219662058372,1,0.427018633540373,0.324074074074074,1,0.323262839879154,1,0.5875,0.317460317460317,1,0.315950920245399,0.308396946564885,0.329173166926677,0.992283950617284,0.315789473684211,1,0.322480620155039,1,0.307443365695793,1,0.588509316770186,0.297213622291022,0.0241157556270096,0.297213622291022,0.309006211180124,1,0.307339449541284,0.321592649310873,0.317411402157165,0.328725038402458,1,1,0.323296354992076,0.32,1,1,0.320552147239264,0.224806201550388,0.0163204747774481,0.693972179289026,1,0.00153609831029186,0.309486780715397,1,0.315217391304348,0.310291858678955,0.320061255742726,0.996889580093313,1,1,0.318250377073906,0.310126582278481,0.320552147239264,0.68025078369906,0.303599374021909,1,0.334869431643625,1,1,0.419906687402799,0.322033898305085,0.314152410575428,0.322784810126582,0.31104199066874,0.316614420062696,0.64576802507837,1,1,0.306278713629403,0.00305343511450382,0.325652841781874,0.316590563165906,0.31839258114374,0.299539170506912,0.295839753466872,0.323262839879154,0.698315467075038,0.350152905198777,0.30441400304414,1,0.31974921630094,1,0.302147239263804,0.303459119496855,0.313271604938272,0.319314641744548,0.306836248012719,1,0.329230769230769,0.812893081761006,1,1,0.9984375,1,1,0.889064976228209,1,1,1,0.312594840667678,1,0.326984126984127,0,1,0.365558912386707,1,0.320754716981132,0.319938176197836,0.304075235109718,0.413416536661466,1,0.319571865443425,1,1,1,1,0,0.314641744548287,1,1,0.322429906542056,1,0.322678843226788,1,1,0.312698412698413,0.320063694267516,0.297380585516179,0.130914826498423,0.322932917316693,0,0.586726998491704,1,0.315789473684211,0.322274881516588,0.574074074074074,1,1,0.324881141045959,0.324921135646688,1,0.658878504672897,0.707278481012658,0.304140127388535,0.3125,0.993930197268589,0.3234375,0.295690936106984,1,0.309748427672956,0.308411214953271,1,0.3078125,0.317034700315457,0.310185185185185,0.31733746130031,1,1,1,0.307098765432099,0.322327044025157,0.00917431192660551,0.995356037151703,0.32120253164557,1,1,0.314674735249622,0.320668693009119,0.307453416149068,0.3171875,0.312788906009245,1,0.310725552050473,0.308282208588957,0.56782334384858,1,0.827315541601256,1,0,1,0.324812030075188,1,1,0.414219474497682,0.998461538461539,0.31924882629108,1,0.304075235109718,0.300623052959502,0.303543913713405,1,1,0.316923076923077,0.400651465798046,0.611544461778471,0.306603773584906,1,1,1,0.319354838709677,1,0.19047619047619,1,1,1,1,0.320493066255778,1,0.316720257234727,0.331782945736434,0.681470137825421,0.309409888357257,1,0.316846986089645,0.319340329835082,0.310509554140127,1,0.302891933028919,1,0.31969696969697,0.486943164362519,0.31651376146789,0.32182103610675,0.312404287901991,1,0.315457413249211,0.297805642633229,1,1,0.317262830482115,0.312597200622084,1,0.459041731066461,0.317384370015949,0.328267477203647,0.327188940092166,0.688372093023256,1,0.293075684380032,1,0.414012738853503,0.307210031347962,0,0.893129770992366,0.315286624203822,0.316358024691358,0,0.02660406885759,0.987654320987654,0.317262830482115,1,0.311912225705329,0.318681318681319,1,0.320121951219512,0.322327044025157,0.674418604651163,1,0.330696202531646,0.318541996830428,1,0.310077519379845,0.304625199362041,1,0.333333333333333,0.308176100628931,0.310077519379845,0.328149300155521,0.812111801242236,1,0.977917981072555,1,1,0,1,0.992236024844721,1,0.422535211267606,0.996860282574568,0.307339449541284,0.994011976047904,0.321428571428571,0.99537750385208,0.602118003025719,0.628787878787879,0.311926605504587,0.313455657492355,0.638461538461538,0.310236220472441,0,0.63302752293578,0.690851735015773,0.323529411764706,0,0.31104199066874,0.303875968992248,0.764612954186414,0.320610687022901,0.696124031007752,0.593301435406699,0.31055900621118,0.321044546850998,0.291277258566978,1,0.025260029717682,0,0.317484662576687,0.325545171339564,0.326656394453005,1,0.324574961360124,0.317972350230415,1,0.308510638297872,0.956454121306376,0.565830721003135,1,1,0.99344262295082,0.314199395770393,0.605828220858896,0.317557251908397,0.308426073131955,0.314873417721519,0.415902140672783,1,0.308777429467085,1,0.311111111111111,0.31496062992126,1,0.317610062893082,1,0.31937984496124,1,1,0.31651376146789,0,1,0.322033898305085,1,0.56832298136646,1,0.504615384615385,1,0.565625,1,0.315457413249211,1,1,1,0.303738317757009,0.321543408360129,0.314024390243902,0.3456,0.330065359477124,0.30757341576507,1,0.326053042121685,1,1,0.327160493827161,0.316957210776545,0.314728682170543,0.3921875,0.322678843226788,1,1,0.321428571428571,0.319620253164557,0.629984051036683,0.593996840442338,0.314329738058552,0.3203125,1,0.305555555555556,0.317073170731707,0.995290423861852,0.306089743589744,0.315301391035549,0,0.123287671232877,0.313572542901716,0.678571428571429,0.305555555555556,0.318885448916409,0.598774885145482,0.996889580093313,0.311111111111111,1,0.313572542901716,0.342271293375394,0.311145510835913,0.480798771121352,0.306122448979592,1,0.317972350230415,0.316639741518578,0.323763955342903,0.68960244648318,1,0.32755905511811,0.319444444444444,0,0.324031007751938,0.998439937597504,0.963246554364472,1,0.309006211180124,0.313846153846154,0.311424100156495,0.581538461538462,1,0.596825396825397,0.332278481012658,1,1,0.973643410852713,0.684458398744113,0.330188679245283,0.350689127105666,0.322085889570552,0.313178294573643,1,1,0.506289308176101,0.632148377125193,1,1,0.998466257668712,0.687106918238994,1,0.319634703196347,0.6801872074883,1,0.317557251908397,0.317034700315457,0.3140625,0.996927803379416,1,0.647819063004846,0.325652841781874,1,1,0.318818040435459,0.307098765432099,0.998449612403101,0,0.307086614173228,0.30564263322884,0.0031055900621118,0.311178247734139,1,0.307936507936508,1,0.132132132132132,0,0.897280966767372,0.32258064516129,1,1,0,0,0.320373250388802,1,0.315955766192733,0.998480243161094,0.305863708399366,1,0.998415213946117,0.970496894409938,0.763157894736842,1,1,0.00309119010819165,1,0.507987220447284,0.327131782945736,0.679626749611198,0.322137404580153,1,0.303265940902022,0.679748822605965,1,1,0.308544303797468,0.621052631578947,0.327692307692308,0.578538102643857,0.979655712050078,0.328100470957614,0.595092024539877,0.0078003120124805,0.303599374021909,0.32093023255814,0.31832298136646,1,0.635811836115326,0.302752293577982,0.90726429675425,0.584,0.972519083969466,1,1,0.308166409861325,0.338632750397456,0.305732484076433,0.304953560371517,0.310452418096724,0.613050075872534,0.305936073059361,0,0.674591381872214,0.998449612403101,0.324615384615385,0.309968847352025,0.312599681020734,0.314759036144578,0.594090202177294,1,0.326747720364742,0.33125,0.325242718446602,0.318611987381703,0.3109375,0.315870570107858,0.186259541984733,0.685126582278481,0.317610062893082,0.594180704441041,1,0.225155279503106,0.324159021406728,0.939907550077042,1,1,0.307931570762053,0.634408602150538,1,0.317411402157165,0.302469135802469,0.960567823343849,1,1,0.998420221169036,0.315789473684211,1,1,0.891679748822606,1,0.34855403348554,1,0.588141025641026,1,0.67737003058104,0.310344827586207,0.59717868338558,1,1,0.990610328638498,0.321483771251932,0.321428571428571,0.324281150159744,0.311728395061728,0.323854660347551,0.319182389937107,0.987321711568938,0.304212168486739,1,1,0.709828393135725,0,0.312121212121212,0.307926829268293,0.682926829268293,1,0.566770186335404,0.32375189107413,0.651419558359621,0.311424100156495,0.3109375,1,0.31378763866878,0.319870759289176,0.68025078369906,0.901408450704225,0.324404761904762,0.603448275862069,0.570522979397781,0.32398753894081,0.322884012539185,0.302325581395349,0.588419405320814,0.687402799377916,1,0.904984423676013,1,0.671732522796353,0.996835443037975,0.585055643879173,0.314641744548287,0.316535433070866,1,1,0.420807453416149,0.995268138801262,0.996941896024465,1,0.316436251920123,0.31937984496124,1,0.315315315315315,0.693623639191291,0.321372854914197,0.44945567651633,0.302839116719243,0,0.310975609756098,1,1,0.596006144393241,0,0.331782945736434,0.32348367029549,0.0978260869565217,0.397456279809221,1,1,0.316436251920123,1,0.406885758998435,1,0.329835082458771,0.58307210031348,0.322378716744914,0.308411214953271,1,0,1,0.297427652733119,0.3171875,1,1,1,0.43613707165109,1,0.317829457364341,0.615267175572519,0.322480620155039,0.321027287319422,0,0.034375,1,0.620472440944882,1,0.317901234567901,0.323854660347551,1,1,0.147692307692308,0.315789473684211,1,0.901386748844376,1,0.313364055299539,0.1875,0.675425038639876,1,1,1,1,1,0.290519877675841,0.301412872841444,1,0.106349206349206,0,0.434782608695652,0,0.325471698113208,1,0.688783570300158,1,1,0.890432098765432,1,0.680491551459293,1,1,1,1
"255",0.289514866979656,0.304953560371517,0.306976744186047,0.322834645669291,0.306853582554517,0.30188679245283,0.0126782884310618,0.315132605304212,0.306501547987616,0.569400630914827,0.313271604938272,0.640364188163885,0.528,0.31378763866878,1,1,0.624036979969183,0,0.319685039370079,0.303265940902022,1,1,0.31039755351682,0.505426356589147,0.297090352220521,1,1,0.330696202531646,0.298461538461538,0.5296875,1,0.591679506933744,0.36697247706422,0.998439937597504,0.670364500792393,0.310064935064935,0.138248847926267,0.314329738058552,1,0.295558958652374,0.00154559505409583,0,0,0.324409448818898,0.307448494453249,1,0.995363214837713,1,1,1,0.698315467075038,0.316279069767442,1,0.316358024691358,0.306976744186047,0.817054263565892,0.122641509433962,0.30757341576507,0.30781010719755,0.310236220472441,0.993874425727412,1,1,0.00464396284829721,0.309033280507132,0.311827956989247,0.653061224489796,0.319875776397516,0.614803625377644,1,0.301684532924962,1,1,0.263578274760383,0.158778625954198,0.309774436090226,1,0.995391705069124,0.310975609756098,1,0.607655502392344,1,1,0.317901234567901,1,0.318042813455657,0.306477093206951,0.315047021943574,0.306625577812018,0,0.307210031347962,0.321321321321321,0.698461538461538,0.578461538461538,0.304347826086957,0.64750378214826,0.688650306748466,0.311248073959938,0.12,0,0.305343511450382,0.615625,1,0.309791332263242,1,0.314375987361769,0,0.313572542901716,1,1,1,0.295384615384615,0.996946564885496,0.313755795981453,0.207317073170732,0.305514157973174,1,0.367127496159754,1,1,0.200920245398773,0.308623298033283,1,1,0.320552147239264,1,0.308955223880597,0.306278713629403,0.35625,0.746564885496183,0.314194577352472,1,0.326530612244898,0.636094674556213,0.333865814696486,1,0.00154798761609907,1,0.378461538461538,0.872408293460925,0.583987441130298,0.593798449612403,0.310077519379845,0.314606741573034,1,0.305084745762712,1,0.297507788161994,0.508448540706605,0.316187594553706,1,0.306976744186047,0.30564263322884,0.31104199066874,0.311728395061728,1,0.300940438871473,1,0.411585365853659,0.314503816793893,1,0.316666666666667,1,0.595015576323987,0.309033280507132,1,0.312989045383412,0.3015625,0.326018808777429,0.98936170212766,0.31733746130031,1,0.316037735849057,1,0.317307692307692,1,0.596546310832025,0.302936630602782,0.0271132376395534,0.290064102564103,0.305555555555556,1,0.292913385826772,0.314814814814815,0.302469135802469,0.323390894819466,1,1,0.315457413249211,0.318461538461538,1,1,0.31832298136646,0.236024844720497,0.016566265060241,0.696261682242991,1,0.00155038759689922,0.30757341576507,1,0.313099041533546,0.296520423600605,0.3,0.998456790123457,1,1,0.317771084337349,0.309636650868878,0.304482225656878,0.676656151419558,0.298761609907121,1,0.33693972179289,1,1,0.4399375975039,0.311320754716981,0.310291858678955,0.319314641744548,0.294573643410853,0.299524564183835,0.646781789638933,1,1,0.316030534351145,0.00459418070444104,0.315315315315315,0.303215926493109,0.312693498452012,0.301857585139319,0.296583850931677,0.309559939301973,0.703875968992248,0.357686453576865,0.305426356589147,1,0.320813771517997,1,0.3015625,0.301109350237718,0.303265940902022,0.32484076433121,0.310015898251192,1,0.315950920245399,0.795631825273011,1,1,0.998422712933754,1,1,0.884493670886076,1,1,1,0.312693498452012,1,0.309061488673139,0,1,0.374429223744292,1,0.326366559485531,0.319314641744548,0.299843014128728,0.411490683229814,1,0.315151515151515,1,1,1,1,0,0.302362204724409,1,1,0.315132605304212,1,0.313755795981453,1,1,0.304347826086957,0.317965023847377,0.292117465224111,0.15251572327044,0.322378716744914,0,0.594512195121951,1,0.311248073959938,0.310509554140127,0.577812018489985,1,1,0.315457413249211,0.31619937694704,1,0.659969088098918,0.712933753943218,0.296875,0.316957210776545,0.995405819295559,0.320987654320988,0.299552906110283,1,0.302652106084243,0.29483282674772,1,0.299531981279251,0.306376360808709,0.301684532924962,0.312307692307692,1,1,1,0.30030959752322,0.317034700315457,0.00763358778625954,0.992125984251969,0.314785373608903,1,1,0.297709923664122,0.317972350230415,0.296803652968037,0.313364055299539,0.309597523219814,1,0.296583850931677,0.299212598425197,0.563779527559055,1,0.821036106750393,1,0,1,0.317073170731707,1,1,0.413432835820896,1,0.306625577812018,1,0.304821150855365,0.302003081664099,0.304482225656878,1,1,0.313846153846154,0.393258426966292,0.61128526645768,0.291079812206573,1,1,1,0.309636650868878,1,0.204930662557781,1,1,1,1,0.32,1,0.308917197452229,0.328660436137072,0.6921875,0.303937007874016,1,0.317683881064163,0.312312312312312,0.313694267515924,1,0.299546142208775,1,0.319758672699849,0.490740740740741,0.321044546850998,0.315457413249211,0.304281345565749,1,0.304140127388535,0.29746835443038,1,1,0.318252730109204,0.298136645962733,1,0.477862595419847,0.304560260586319,0.31651376146789,0.32,0.685446009389671,1,0.29073482428115,1,0.407523510971787,0.300940438871473,0,0.879815100154083,0.305993690851735,0.311145510835913,0,0.0324574961360124,0.981220657276995,0.318885448916409,1,0.302652106084243,0.3042071197411,1,0.314900153609831,0.311320754716981,0.671826625386997,1,0.311424100156495,0.313880126182965,1,0.305810397553517,0.303514376996805,1,0.325115562403698,0.30379746835443,0.302147239263804,0.326120556414219,0.792890262751159,1,0.977917981072555,1,1,0.00156985871271586,1,0.995348837209302,1,0.414596273291925,0.998410174880763,0.304878048780488,0.995468277945619,0.327613104524181,0.996904024767802,0.602719033232628,0.622670807453416,0.313455657492355,0.307926829268293,0.640746500777605,0.312903225806452,0,0.641304347826087,0.688888888888889,0.313846153846154,0.00156985871271586,0.307692307692308,0.309597523219814,0.7515625,0.322981366459627,0.687697160883281,0.597791798107255,0.311811023622047,0.306748466257669,0.290372670807453,1,0.0234604105571848,0,0.314503816793893,0.317901234567901,0.335384615384615,1,0.3328125,0.311526479750779,1,0.298621745788668,0.940717628705148,0.568037974683544,1,1,0.995,0.313725490196078,0.606106870229008,0.311844077961019,0.308702791461412,0.304821150855365,0.411944869831547,1,0.296998420221169,1,0.320325203252033,0.305732484076433,1,0.31104199066874,1,0.313572542901716,1,1,0.314814814814815,0,1,0.314814814814815,1,0.566770186335404,1,0.50611620795107,1,0.561815336463224,1,0.307814992025518,1,1,1,0.30757341576507,0.318181818181818,0.311926605504587,0.350961538461538,0.32741935483871,0.301092043681747,1,0.316535433070866,1,1,0.31055900621118,0.309033280507132,0.305343511450382,0.388198757763975,0.312977099236641,1,1,0.318042813455657,0.317683881064163,0.627388535031847,0.589257503949447,0.315467075038285,0.310832025117739,1,0.301075268817204,0.310136157337368,0.995356037151703,0.297297297297297,0.302469135802469,0,0.135802469135802,0.300623052959502,0.685925925925926,0.303125,0.314329738058552,0.602739726027397,0.998427672955975,0.306729264475743,1,0.308777429467085,0.342146189735614,0.302795031055901,0.486024844720497,0.313271604938272,1,0.312597200622084,0.315132605304212,0.32753164556962,0.692660550458716,1,0.312599681020734,0.305343511450382,0,0.32,1,0.952453987730061,1,0.302180685358255,0.319508448540707,0.305900621118012,0.584474885844749,1,0.598746081504702,0.326018808777429,1,1,0.969278033794163,0.686728395061728,0.321316614420063,0.352201257861635,0.316436251920123,0.313178294573643,1,1,0.504731861198738,0.633802816901408,1,1,1,0.697637795275591,1,0.315467075038285,0.682170542635659,1,0.326656394453005,0.308056872037915,0.311708860759494,0.998475609756098,1,0.65,0.315707620528771,1,1,0.319083969465649,0.304821150855365,1,0,0.307692307692308,0.294209702660407,0.00630914826498423,0.310872894333844,1,0.299843014128728,1,0.148318042813456,0,0.89409984871407,0.313546423135464,1,1,0,0.00153609831029186,0.314641744548287,1,0.308186195826645,0.998487140695915,0.304140127388535,1,0.998435054773083,0.962382445141066,0.755725190839695,1,1,0.00462962962962963,1,0.51219512195122,0.318252730109204,0.681538461538462,0.316109422492401,1,0.293563579277865,0.676425269645609,1,1,0.311320754716981,0.620535714285714,0.31937984496124,0.588785046728972,0.974882260596546,0.321766561514196,0.605263157894737,0.0107858243451464,0.315625,0.316358024691358,0.316846986089645,1,0.637614678899083,0.297380585516179,0.884493670886076,0.590266875981162,0.969788519637462,1,1,0.300940438871473,0.324281150159744,0.292063492063492,0.308623298033283,0.308282208588957,0.613293051359517,0.297744360902256,0,0.683734939759036,0.998466257668712,0.313664596273292,0.300623052959502,0.3125,0.308623298033283,0.607476635514019,1,0.320182094081942,0.322274881516588,0.316129032258064,0.319314641744548,0.305810397553517,0.301242236024845,0.197247706422018,0.689381933438986,0.313755795981453,0.593893129770992,1,0.226851851851852,0.313664596273292,0.922222222222222,1,1,0.300462249614792,0.638198757763975,1,0.308396946564885,0.294027565084227,0.955555555555556,1,1,0.996805111821086,0.316187594553706,1,1,0.885093167701863,1,0.345092024539877,1,0.589257503949447,1,0.675840978593272,0.30188679245283,0.592823712948518,1,1,0.992088607594937,0.317829457364341,0.3140625,0.316211878009631,0.314329738058552,0.3088,0.313880126182965,0.9858934169279,0.306153846153846,1,1,0.703313253012048,0,0.307458143074581,0.310664605873261,0.689024390243902,1,0.560490045941807,0.316417910447761,0.649762282091918,0.302180685358255,0.312101910828025,1,0.30829420970266,0.317355371900826,0.677115987460815,0.898360655737705,0.316341829085457,0.60347551342812,0.581059390048154,0.320987654320988,0.311320754716981,0.294027565084227,0.59190031152648,0.688751926040062,1,0.886792452830189,1,0.666666666666667,0.998425196850394,0.586921850079745,0.30503144654088,0.317384370015949,1,1,0.420401854714065,0.993640699523052,0.996941896024465,1,0.303937007874016,0.321259842519685,1,0.313696612665685,0.688172043010753,0.320433436532508,0.44945567651633,0.297939778129952,0,0.297090352220521,1,1,0.594427244582043,0.00150829562594268,0.324074074074074,0.318818040435459,0.0979782270606532,0.406451612903226,1,1,0.3078125,1,0.401869158878505,1,0.32383808095952,0.579754601226994,0.32258064516129,0.305426356589147,1,0,1,0.301282051282051,0.317111459968603,1,1,1,0.435458786936236,1,0.312111801242236,0.616822429906542,0.321981424148607,0.320967741935484,0.00153846153846154,0.034375,1,0.626934984520124,1,0.316118935837246,0.326332794830372,1,1,0.16385911179173,0.299382716049383,1,0.894009216589862,1,0.315068493150685,0.199376947040498,0.682588597842835,1,1,1,1,1,0.280487804878049,0.296754250386399,1,0.110935023771791,0.00158227848101266,0.429223744292237,0,0.324031007751938,1,0.690851735015773,1,1,0.88390092879257,1,0.687692307692308,1,1,1,1
"256",1,1,1,1,1,1,0.704866562009419,1,1,0.102685624012638,1,0.0493827160493827,0.797213622291022,1,0.313479623824451,0.312024353120244,0.0670731707317073,0.6832,1,1,0.287480680061824,0.304278922345483,1,0.171561051004637,1,0.324734446130501,0.314873417721519,1,1,0.775888717156105,0.311349693251534,0.714285714285714,0.965045592705167,0.315870570107858,0,1,0.548780487804878,1,0.29745889387145,1,0.668711656441718,0.678733031674208,0.695393759286776,1,1,0.314465408805031,0.314728682170543,0.305059523809524,0.31651376146789,0.316265060240964,0,1,0.311550151975684,1,1,0.486656200941915,0.567901234567901,1,1,1,0.32579185520362,0.312883435582822,0.315707620528771,0.685271317829457,1,1,0.0385208012326656,1,0.0625931445603577,0.313636363636364,1,0.315384615384615,0.322834645669291,0.9640625,0.524464831804281,1,0.304545454545455,0.330316742081448,1,0.307936507936508,0.098256735340729,0.328197226502311,0.324242424242424,1,0.336405529953917,1,1,1,1,0.693353474320242,1,1,0.0015220700152207,0.110773899848255,1,0.0515151515151515,0,1,0.569400630914827,0.676425269645609,1,0.0585516178736518,0.308527131782946,1,0.310664605873261,1,0.690658499234303,1,0.326656394453005,0.311077389984825,0.316265060240964,1,0.327692307692308,1,0.498480243161094,1,0.310502283105023,0.317147192716237,0.320839580209895,0.317262830482115,0.494688922610015,1,0.314759036144578,0.311605723370429,1,0.303030303030303,1,1,0.347560975609756,0.561194029850746,1,0.313271604938272,1,0.0460624071322437,1,0.308510638297872,0.675883256528418,0.328746177370031,0.924961715160796,0.439222042139384,0.110419906687403,0.100308641975309,1,1,0.323029366306028,1,0.30952380952381,1,0.788059701492537,1,0.316037735849057,1,1,1,1,0.331297709923664,1,0.317829457364341,0.270769230769231,1,0.311746987951807,1,0.300153139356815,0.0907692307692308,1,0.311111111111111,1,1,1,0.332317073170732,1,0.324534161490683,1,0.301857585139319,1,0.312307692307692,0.0815384615384615,1,0.636792452830189,1,1,0.30757341576507,1,1,1,1,0.32,0.307110438729198,1,1,0.317147192716237,0.30188679245283,1,0.470948012232416,0.66962962962963,0,0.318818040435459,0.671296296296296,1,0.321100917431193,1,1,1,0.310502283105023,0.322188449848024,0.322683706070288,1,1,1,0,1,0.30564263322884,0.972265023112481,0.322884012539185,0.305007587253414,0.760061919504644,1,1,1,1,1,0.048411497730711,0.3140625,0.323216995447648,1,0.675757575757576,1,1,0.998477929984779,1,1,1,0.00455235204855842,0.343373493975904,1,0.3015625,1,0.294478527607362,1,1,1,1,1,0.31832298136646,1,0.494590417310665,0.323076923076923,0.322239031770045,0.308411214953271,0.314152410575428,0.327692307692308,0.424100156494523,0.321100917431193,0.312594840667678,0.312693498452012,1,0.315950920245399,1,0.689189189189189,0.310030395136778,0.328869047619048,0.325471698113208,1,1,1,0.276661514683153,0.310606060606061,1,0.316846986089645,0.317293233082707,0.308641975308642,0.316436251920123,0.684698608964451,1,0.318529862174579,0.312111801242236,1,0.299363057324841,1,0.312024353120244,0.312597200622084,1,1,1,0.556067588325653,1,0.688271604938272,0.0843195266272189,0.315301391035549,1,1,0.102009273570325,0.316030534351145,0.327044025157233,1,1,0.304545454545455,0.027355623100304,0.003125,1,1,0.335329341317365,0.998475609756098,1,0.313253012048193,1,1,0.318042813455657,1,1,1,1,0.321646341463415,0.312592592592593,0.321766561514196,1,1,0.673913043478261,0.312111801242236,1,0.317073170731707,0.302891933028919,1,1,1,1,1,0.329721362229102,1,1,0.117834394904459,0.326251896813354,0.491472868217054,0.302839116719243,0.676923076923077,0.314024390243902,1,0.313364055299539,0.329173166926677,0.277777777777778,0.321044546850998,1,0.325301204819277,1,1,1,0.307931570762053,0.317771084337349,1,0.920886075949367,0.0684292379471229,1,0.305597579425113,0.314152410575428,0.310344827586207,1,0.326836581709145,0.476993865030675,0.322137404580153,0.307692307692308,0.315047021943574,0.300925925925926,1,0.330218068535826,1,1,0,1,0.314900153609831,1,1,1,0.324074074074074,1,0.309006211180124,1,0.820121951219512,1,1,1,0.321592649310873,1,1,0.310291858678955,0.309230769230769,1,1,0.315068493150685,0.202143950995406,1,1,1,0,0.309148264984227,1,0.297546012269939,0.259259259259259,1,0.680491551459293,0.430722891566265,1,1,0.681885125184094,0.703647416413374,0.334862385321101,1,0.318112633181126,1,1,0.320121951219512,1,1,0.00924499229583975,0.327188940092166,1,1,0.325471698113208,1,1,0.303738317757009,0.356927710843373,1,1,1,0.513636363636364,0.319083969465649,0.346456692913386,0.319054652880355,0.330232558139535,0.696124031007752,0.321752265861027,0.323574730354391,0.308157099697885,0.25462962962963,0.31733746130031,1,0.319758672699849,1,0.308980213089802,0.0896860986547085,0.0547112462006079,1,1,0.0424886191198786,1,0.68693009118541,0.0477657935285054,0.0139751552795031,1,0.682515337423313,1,1,0.568535825545171,1,0,0.0764331210191083,1,1,1,0.322378716744914,0.656023222060958,0.694533762057878,0.995391705069124,1,0.983154670750383,0.299079754601227,0.361801242236025,1,0.291666666666667,1,0.363636363636364,0.107981220657277,0.305597579425113,0.316265060240964,0.336079077429984,1,0.0827067669172932,1,1,1,0.279635258358663,0.3125,1,0.316279069767442,1,1,0.305847076461769,1,0.319587628865979,1,0.309968847352025,0.310664605873261,1,0.680851063829787,0.318385650224215,1,0.310185185185185,0.752279635258359,0.310136157337368,0.174045801526718,0.318047337278107,0.757433489827856,0.311912225705329,1,0.318529862174579,0.331811263318113,0.292867981790592,1,1,1,0.968152866242038,0.363492063492063,1,0.325508607198748,1,0.3136,0.312312312312312,1,1,1,0.915773353751914,1,0.310810810810811,0.310872894333844,1,1,0.05320813771518,0.0865533230293663,1,1,0.3046875,1,1,0.313846153846154,1,1,0.6875,0.544227886056971,1,0,1,1,0.104633781763827,0.316279069767442,1,0.32312404287902,1,0.96583850931677,1,0.808734939759036,1,0.331210191082803,1,1,1,0,0.313408723747981,1,1,0.682027649769585,1,0.316998468606432,0.36,0.311827956989247,1,1,1,0.095166163141994,0.3140625,0.0960629921259843,1,0.30781010719755,0.306060606060606,0.346564885496183,0,1,0.952671755725191,1,1,0.315789473684211,0.300898203592814,0.173166926677067,0.0434782608695652,0.320493066255778,0.302752293577982,0.320300751879699,0.00156494522691706,0.316436251920123,1,0,0.318318318318318,1,1,1,0.313253012048193,0.316187594553706,0.0369774919614148,1,0.310769230769231,0.309774436090226,1,1,0.314641744548287,0.696682464454976,1,1,0.688854489164087,1,0.305389221556886,1,0.315384615384615,0.540983606557377,0.669683257918552,0.411411411411411,1,0.300150829562594,0.307926829268293,0.685325264750378,0.665653495440729,1,0.317629179331307,1,0.320182094081942,1,0.313846153846154,0.304347826086957,0.34984520123839,0.532824427480916,0.3140625,0.306122448979592,0.668202764976959,0.314024390243902,0.156549520766773,1,0,1,0.287925696594427,1,0,0.316279069767442,0.311526479750779,1,0.0604719764011799,1,0.088785046728972,0.333333333333333,1,0.0694864048338369,0.667175572519084,1,1,1,0.311004784688995,0.0453172205438066,1,0.417445482866044,0.0996835443037975,0.349013657056146,0.321699544764795,0.32185628742515,1,1,1,1,1,0.0682492581602374,0.995502248875562,0.687878787878788,0.00447093889716841,0.31570996978852,1,1,1,1,0.0895295902883156,0.307578008915305,1,1,1,1,1,1,0.499241274658574,0.00158227848101266,1,0.0867579908675799,0.319444444444444,0.44359756097561,1,0.386541471048513,0.306581059390048,0.306990881458967,1,0.0431432973805855,0.307926829268293,1,1,0.369905956112853,0.307110438729198,0.309707241910632,0.312599681020734,1,0.328682170542636,0.316358024691358,0.421052631578947,0.314900153609831,0.972685887708649,0.311844077961019,0.0887480190174326,0.321592649310873,0,1,0.0907668231611894,0.306853582554517,0.32,0.317757009345794,1,1,1,1,1,1,0.329211746522411,1,0.317901234567901,0.314332247557003,0.610769230769231,0.684782608695652,1,1,0,0.31547619047619,0.124233128834356,1,0.0375,1,1,0.30625,1,1,0.646058732612056,0.41838351822504,0.995575221238938,0.0862068965517241,0.104361370716511,1,1,1,0.0928462709284627,0,0.316109422492401,0.416539050535988,0.313725490196078,0,0.322085889570552,0.0911949685534591,1,1,0.315789473684211,0.310030395136778,0.255742725880551,0.332302936630603,0.305810397553517,0.314503816793893,1,1,0.326594090202177,1,0,1,0.237654320987654,1,0.674772036474164,1,0.310185185185185,0.302839116719243,0.0806697108066971,0.675265553869499,1,1,0.787925696594427,0.905750798722045,0.313971742543171,0.309597523219814,1,0.318461538461538,0.275968992248062,0.323029366306028,1,0.106317411402157,1,1,0.315789473684211,0.6801872074883,0.305511811023622,1,1,0.299539170506912,0.302147239263804,0.315868263473054,0.856692913385827,0.317757009345794,1,0.0614692653673163,1,1,0.706422018348624,0.650842266462481,0.318611987381703,0.0634674922600619,0.320373250388802,1,1,0.298165137614679,0.324031007751938,0.632621951219512,1,0.309667673716012,0.374242424242424,0.308396946564885,0.986425339366516,0.4884437596302,0.00462249614791988,0.30441400304414,0.3202416918429,0.328125,0.31496062992126,0.311746987951807,0.97289156626506,1,0.311349693251534,0.553429027113238,0.689655172413793,0.257186081694402,0.692551505546751,1,0.31839258114374,0,0.319758672699849,0.313636363636364,0.364615384615385,0.317757009345794,0,0.329770992366412,0.31832298136646,0.325471698113208,0.315068493150685
"257",0.299679487179487,0.323809523809524,0.318181818181818,0.331738437001595,0.321428571428571,0.306853582554517,0.0113085621970921,0.322429906542056,0.314152410575428,0.566558441558442,0.315467075038285,0.634645669291339,0.523885350318471,0.327044025157233,1,1,0.616588419405321,0,0.322169059011164,0.313755795981453,1,1,0.329230769230769,0.511773940345369,0.31201248049922,1,1,0.342105263157895,0.316358024691358,0.530063291139241,1,0.59717868338558,0.365203761755486,0.995245641838352,0.66347687400319,0.315447154471545,0.129890453834116,0.322932917316693,1,0.308527131782946,0.00309597523219814,0,0,0.331230283911672,0.320574162679426,1,0.993660855784469,1,1,1,0.687697160883281,0.325320512820513,1,0.321259842519685,0.317411402157165,0.813694267515924,0.114104595879556,0.324367088607595,0.319685039370079,0.327044025157233,0.992283950617284,1,1,0.00476947535771065,0.31810766721044,0.319875776397516,0.652733118971061,0.320872274143302,0.606287425149701,1,0.320493066255778,1,1,0.276252019386107,0.146788990825688,0.321646341463415,1,0.995341614906832,0.321928460342146,1,0.596774193548387,1,1,0.327073552425665,1,0.324773413897281,0.314375987361769,0.33125,0.322274881516588,0,0.322006472491909,0.327217125382263,0.687203791469194,0.582066869300912,0.315955766192733,0.629969418960245,0.677570093457944,0.309486780715397,0.119354838709677,0,0.311111111111111,0.62085308056872,1,0.315447154471545,1,0.31911532385466,0,0.319444444444444,1,1,1,0.308641975308642,0.995363214837713,0.329192546583851,0.197836166924266,0.311248073959938,1,0.365891472868217,1,1,0.200305810397554,0.307814992025518,1,1,0.336973478939158,1,0.327743902439024,0.310975609756098,0.349922239502333,0.758725341426404,0.317891373801917,1,0.328548644338118,0.636500754147813,0.337133550488599,1,0.0015527950310559,1,0.377358490566038,0.88474025974026,0.573667711598746,0.589424572317263,0.319182389937107,0.319286871961102,1,0.31974921630094,1,0.300314465408805,0.510172143974961,0.323076923076923,1,0.310509554140127,0.323809523809524,0.321656050955414,0.322274881516588,1,0.306603773584906,1,0.424806201550388,0.326053042121685,1,0.319634703196347,1,0.584518167456556,0.318770226537217,1,0.323529411764706,0.323899371069182,0.329052969502408,0.987538940809969,0.324921135646688,1,0.325949367088608,1,0.318555008210181,1,0.589341692789969,0.300632911392405,0.0347107438016529,0.312698412698413,0.322327044025157,1,0.311111111111111,0.3171875,0.320373250388802,0.332293291731669,1,1,0.32695374800638,0.329635499207607,1,1,0.321875,0.23208722741433,0.0226928895612708,0.681962025316456,1,0.00310077519379845,0.313846153846154,1,0.322169059011164,0.312883435582822,0.321428571428571,0.996840442338073,1,1,0.323664122137405,0.31219512195122,0.317901234567901,0.683385579937304,0.307692307692308,1,0.343354430379747,1,1,0.435257410296412,0.32484076433121,0.32,0.335949764521193,0.304212168486739,0.314375987361769,0.647058823529412,1,1,0.313664596273292,0.00308166409861325,0.330289193302892,0.322085889570552,0.320813771517997,0.307453416149068,0.30173775671406,0.316590563165906,0.692667706708268,0.351309707241911,0.3109375,1,0.328638497652582,1,0.312693498452012,0.30379746835443,0.314465408805031,0.335974643423138,0.313915857605178,1,0.31937984496124,0.819620253164557,1,1,0.996830427892235,1,1,0.891373801916933,1,1,1,0.315950920245399,1,0.32,0,1,0.364760432766615,1,0.324281150159744,0.326498422712934,0.321711568938193,0.410174880763116,1,0.33179012345679,1,1,1,1,0,0.321711568938193,1,1,0.319554848966614,1,0.324734446130501,1,1,0.312,0.325320512820513,0.301538461538462,0.149765990639626,0.332263242375602,0,0.58974358974359,1,0.314329738058552,0.31687898089172,0.572998430141287,1,1,0.325281803542673,0.332278481012658,1,0.653605015673981,0.691318327974277,0.305379746835443,0.32626427406199,0.99390243902439,0.326053042121685,0.303951367781155,1,0.309006211180124,0.302469135802469,1,0.310618066561014,0.323899371069182,0.318818040435459,0.318681318681319,1,1,1,0.310452418096724,0.33015873015873,0.00625,0.992163009404389,0.333868378812199,1,1,0.310291858678955,0.325617283950617,0.305900621118012,0.324409448818898,0.321981424148607,1,0.312599681020734,0.31924882629108,0.559870550161812,1,0.837795275590551,1,0,1,0.323262839879154,1,1,0.406491499227202,0.998444790046656,0.319554848966614,1,0.3198127925117,0.30188679245283,0.31201248049922,1,1,0.315955766192733,0.408723747980614,0.608695652173913,0.309677419354839,1,1,1,0.319078947368421,1,0.2,1,1,1,1,0.329704510108865,1,0.316912972085386,0.337007874015748,0.676145339652449,0.3024,1,0.326120556414219,0.320061255742726,0.313915857605178,1,0.312977099236641,1,0.322188449848024,0.489164086687306,0.332802547770701,0.3232,0.313755795981453,1,0.326498422712934,0.3168,1,1,0.330721003134796,0.312401883830455,1,0.469860896445131,0.323671497584541,0.325508607198748,0.331775700934579,0.673913043478261,1,0.30016051364366,1,0.41259842519685,0.307086614173228,0,0.886153846153846,0.318327974276527,0.32120253164557,0,0.0331230283911672,0.9796875,0.323854660347551,1,0.306853582554517,0.322368421052632,1,0.32312404287902,0.317262830482115,0.663009404388715,1,0.327613104524181,0.318611987381703,1,0.314465408805031,0.308064516129032,1,0.329173166926677,0.315955766192733,0.323029366306028,0.333333333333333,0.805295950155763,1,0.980922098569157,1,1,0.00158730158730159,1,0.993620414673046,1,0.418238993710692,0.996810207336523,0.309968847352025,0.993855606758833,0.328682170542636,0.996865203761755,0.595015576323987,0.626168224299065,0.328173374613003,0.317901234567901,0.637083993660856,0.318979266347687,0,0.625,0.677777777777778,0.320433436532508,0.00156985871271586,0.317610062893082,0.306603773584906,0.7664,0.326594090202177,0.685534591194969,0.581059390048154,0.31924882629108,0.321483771251932,0.300955414012739,1,0.0297176820208024,0,0.327102803738318,0.330745341614907,0.338557993730408,1,0.328025477707006,0.317262830482115,1,0.309375,0.935331230283912,0.570532915360502,1,1,0.993388429752066,0.323664122137405,0.597842835130971,0.33030303030303,0.317073170731707,0.314152410575428,0.402476780185758,1,0.314873417721519,1,0.32569558101473,0.314785373608903,1,0.32018927444795,1,0.31924882629108,1,1,0.324960753532182,0,1,0.325581395348837,1,0.55868544600939,1,0.507763975155279,1,0.573692551505547,1,0.314009661835749,1,1,1,0.314465408805031,0.326498422712934,0.33179012345679,0.346839546191248,0.322528363047002,0.306027820710974,1,0.32755905511811,1,1,0.322981366459627,0.322528363047002,0.318885448916409,0.39937106918239,0.331278890600925,1,1,0.334890965732087,0.323671497584541,0.620578778135048,0.587774294670846,0.318110236220472,0.314606741573034,1,0.309375,0.322239031770045,0.993700787401575,0.313725490196078,0.307931570762053,0,0.137984496124031,0.32182103610675,0.677321156773212,0.309294871794872,0.319444444444444,0.590342679127726,0.996845425867508,0.31629392971246,1,0.3109375,0.345718901453958,0.317111459968603,0.486068111455108,0.319554848966614,1,0.324960753532182,0.323763955342903,0.331210191082803,0.688372093023256,1,0.329052969502408,0.320493066255778,0,0.327131782945736,0.998425196850394,0.952086553323029,1,0.317411402157165,0.32348367029549,0.312202852614897,0.579109062980031,1,0.591346153846154,0.33015873015873,1,1,0.965732087227414,0.674528301886792,0.332807570977918,0.367670364500792,0.321981424148607,0.31832298136646,1,1,0.510268562401264,0.634768740031898,1,1,0.998461538461539,0.687898089171974,1,0.332826747720365,0.680379746835443,1,0.329113924050633,0.323899371069182,0.318037974683544,0.996899224806202,1,0.644371941272431,0.324409448818898,1,1,0.328149300155521,0.316770186335404,0.998432601880878,0,0.317965023847377,0.311004784688995,0.00636942675159236,0.321044546850998,1,0.316455696202532,1,0.140215716486903,0,0.894009216589862,0.326153846153846,1,1,0,0.00154083204930663,0.333848531684699,1,0.313311688311688,0.996932515337423,0.313001605136437,1,0.998412698412698,0.962145110410095,0.769349845201238,1,1,0.0046875,1,0.5072,0.328100470957614,0.671296296296296,0.324116743471582,1,0.302180685358255,0.677519379844961,1,1,0.324193548387097,0.618541033434651,0.326086956521739,0.582417582417582,0.971337579617834,0.332263242375602,0.599688473520249,0.0126382306477093,0.310236220472441,0.323029366306028,0.323529411764706,1,0.637209302325581,0.318952234206472,0.886075949367089,0.587579617834395,0.964506172839506,1,1,0.318181818181818,0.3408,0.32,0.312693498452012,0.310725552050473,0.616564417177914,0.311424100156495,0,0.673748103186646,0.998439937597504,0.326018808777429,0.311004784688995,0.315619967793881,0.333333333333333,0.591194968553459,1,0.331297709923664,0.3344,0.332236842105263,0.327447833065811,0.317262830482115,0.319620253164557,0.192307692307692,0.675718849840256,0.323343848580442,0.590417310664606,1,0.232339089481947,0.321875,0.91653290529695,1,1,0.313971742543171,0.635646687697161,1,0.316692667706708,0.298412698412698,0.952305246422893,1,1,0.996774193548387,0.320634920634921,1,1,0.896988906497623,1,0.347352024922118,1,0.581320450885668,1,0.675840978593272,0.313195548489666,0.592891760904685,1,1,0.993680884676145,0.327073552425665,0.33015873015873,0.329508196721311,0.3198127925117,0.320388349514563,0.325878594249201,0.983948635634029,0.313271604938272,1,1,0.709375,0,0.322932917316693,0.324534161490683,0.665653495440729,1,0.557661927330174,0.334355828220859,0.649842271293375,0.313385826771654,0.322368421052632,1,0.319620253164557,0.318555008210181,0.685534591194969,0.9064039408867,0.327380952380952,0.590764331210191,0.568,0.324534161490683,0.32258064516129,0.29595015576324,0.586854460093897,0.678571428571429,1,0.895734597156398,1,0.665634674922601,0.996835443037975,0.588050314465409,0.31974921630094,0.328571428571429,1,1,0.426332288401254,0.993720565149137,0.998454404945904,1,0.322932917316693,0.328050713153724,1,0.320182094081942,0.679506933744222,0.331210191082803,0.446708463949843,0.29903536977492,0,0.310452418096724,1,1,0.585516178736518,0.00154320987654321,0.326120556414219,0.317384370015949,0.10625,0.408130081300813,1,1,0.317829457364341,1,0.400936037441498,1,0.326283987915408,0.58359133126935,0.322884012539185,0.316957210776545,1,0,1,0.304975922953451,0.323854660347551,1,1,1,0.435980551053485,1,0.317683881064163,0.614906832298137,0.326120556414219,0.323577235772358,0.0015552099533437,0.0443740095087163,1,0.616692426584235,1,0.325471698113208,0.33495145631068,1,1,0.162754303599374,0.309859154929577,1,0.893915756630265,1,0.317411402157165,0.193290734824281,0.668740279937792,1,1,1,1,1,0.284839203675345,0.309636650868878,1,0.117647058823529,0.00156739811912226,0.429230769230769,0,0.329617834394904,1,0.672985781990521,1,1,0.883540372670807,1,0.678627145085803,1,1,1,1
"258",1,1,1,1,1,1,0.697520661157025,1,1,0.0930232558139535,1,0.0388349514563107,0.818770226537217,1,0.325082508250825,0.304347826086957,0.0646203554119548,0.681818181818182,1,1,0.298701298701299,0.314845024469821,1,0.151033386327504,1,0.33175355450237,0.326732673267327,1,1,0.792421746293245,0.306320907617504,0.733226837060703,0.963022508038585,0.317230273752013,0,1,0.540495867768595,1,0.29874213836478,1,0.660771704180064,0.680129240710824,0.691935483870968,1,1,0.315525876460768,0.318840579710145,0.319354838709677,0.326984126984127,0.331715210355987,0,1,0.3168,1,1,0.487644151565074,0.559738134206219,1,1,1,0.334928229665072,0.320785597381342,0.313213703099511,0.672523961661342,1,1,0.0313531353135314,1,0.0563380281690141,0.322834645669291,1,0.319935691318328,0.328881469115192,0.964467005076142,0.514331210191083,1,0.319488817891374,0.338658146964856,1,0.317195325542571,0.0819397993311037,0.333333333333333,0.330605564648118,1,0.3424,1,1,1,1,0.685393258426966,1,1,0.00161030595813205,0.101941747572816,1,0.0397456279809221,0,1,0.562913907284768,0.67816091954023,1,0.0476973684210526,0.316720257234727,1,0.315270935960591,1,0.681229773462783,1,0.31810766721044,0.317666126418152,0.314935064935065,1,0.328502415458937,1,0.486529318541997,1,0.31973898858075,0.294498381877023,0.325878594249201,0.312399355877617,0.488709677419355,1,0.326923076923077,0.321895424836601,1,0.303514376996805,1,1,0.325281803542673,0.550473186119874,1,0.324104234527687,1,0.0407523510971787,1,0.319354838709677,0.669303797468354,0.334935897435897,0.940129449838188,0.43,0.0985221674876847,0.0939044481054366,1,1,0.327868852459016,1,0.327014218009479,1,0.807631160572337,1,0.322259136212625,1,1,1,1,0.336617405582923,1,0.320846905537459,0.256410256410256,1,0.310126582278481,1,0.307941653160454,0.0814332247557003,1,0.317725752508361,1,1,1,0.337641357027464,1,0.333333333333333,1,0.309446254071661,1,0.317512274959083,0.0670926517571885,1,0.640336134453781,1,1,0.317355371900826,1,1,1,1,0.326860841423948,0.313001605136437,1,1,0.3232,0.301666666666667,1,0.453821656050955,0.66403785488959,0,0.316720257234727,0.670926517571885,1,0.335453100158982,1,1,1,0.32258064516129,0.323671497584541,0.334975369458128,1,1,1,0,1,0.30550918196995,0.977272727272727,0.326298701298701,0.315024232633279,0.759170653907496,1,1,1,1,1,0.0396694214876033,0.316393442622951,0.328455284552846,1,0.676282051282051,1,1,0.998363338788871,1,1,1,0.00483870967741936,0.314465408805031,1,0.314238952536825,1,0.303858520900322,1,1,1,1,1,0.3354943273906,1,0.506514657980456,0.3278955954323,0.330670926517572,0.31063122923588,0.33278955954323,0.331147540983607,0.415156507413509,0.3322528363047,0.326984126984127,0.309061488673139,1,0.32,1,0.685126582278481,0.314009661835749,0.309033280507132,0.339285714285714,1,1,1,0.2569558101473,0.313001605136437,1,0.320661157024793,0.328593996840442,0.313628899835796,0.319935691318328,0.681818181818182,1,0.328025477707006,0.316476345840131,1,0.303986710963455,1,0.310789049919485,0.314935064935065,1,1,1,0.53125,1,0.685667752442997,0.0847723704866562,0.32300163132137,1,1,0.0943089430894309,0.322006472491909,0.322259136212625,1,1,0.308186195826645,0.0210016155088853,0.00329489291598023,1,1,0.344339622641509,1,1,0.312599681020734,1,1,0.32484076433121,1,1,1,1,0.330605564648118,0.307814992025518,0.327212020033389,1,1,0.662379421221865,0.330128205128205,1,0.3232,0.298531810766721,1,1,1,1,1,0.326797385620915,1,1,0.106060606060606,0.333333333333333,0.488745980707395,0.310344827586207,0.673267326732673,0.31637519872814,1,0.309951060358891,0.331723027375201,0.252818035426731,0.321086261980831,1,0.330173775671406,1,1,1,0.311367380560132,0.31924882629108,1,0.927973199329983,0.0601001669449082,1,0.315875613747954,0.318181818181818,0.318770226537217,1,0.322734499205087,0.473344103392569,0.324281150159744,0.316558441558442,0.321311475409836,0.306930693069307,1,0.327814569536424,1,1,0,1,0.327361563517915,1,1,1,0.333876221498371,1,0.312396694214876,1,0.833065810593901,1,1,1,0.317307692307692,1,1,0.315286624203822,0.320325203252033,1,1,0.312202852614897,0.180511182108626,1,1,1,0,0.315789473684211,1,0.323248407643312,0.245469522240527,1,0.669918699186992,0.4304,1,1,0.669266770670827,0.702614379084967,0.34789644012945,1,0.326860841423948,1,1,0.339869281045752,1,1,0.00963081861958266,0.32520325203252,1,1,0.324503311258278,1,1,0.309446254071661,0.34621578099839,1,1,1,0.530254777070064,0.32137030995106,0.3442088091354,0.324921135646688,0.340390879478827,0.690163934426229,0.328050713153724,0.323577235772358,0.31687898089172,0.246329526916803,0.316393442622951,1,0.3232,1,0.318327974276527,0.0832025117739403,0.0454545454545455,1,1,0.0324149108589951,1,0.680064308681672,0.0409165302782324,0.0130932896890344,1,0.67205169628433,1,1,0.543513957307061,1,0,0.0750407830342577,1,1,1,0.331136738056013,0.647515527950311,0.690635451505017,0.993620414673046,1,0.985365853658537,0.305280528052805,0.343648208469055,1,0.306688417618271,1,0.376026272577997,0.100164203612479,0.312599681020734,0.327044025157233,0.341337907375643,1,0.0764331210191083,1,1,1,0.259677419354839,0.331683168316832,1,0.315789473684211,1,1,0.3125,1,0.321428571428571,1,0.312,0.326298701298701,1,0.677100494233937,0.318471337579618,1,0.317073170731707,0.772435897435897,0.322784810126582,0.152,0.329192546583851,0.769854132901134,0.316139767054908,1,0.332786885245902,0.3424,0.297077922077922,1,1,1,0.972649572649573,0.342419080068143,1,0.321131447587354,1,0.312080536912752,0.3216,1,1,1,0.922098569157393,1,0.314102564102564,0.320512820512821,1,1,0.0429042904290429,0.0805921052631579,1,1,0.315447154471545,1,1,0.317434210526316,1,1,0.67699836867863,0.5424,1,0,1,1,0.0920840064620355,0.327390599675851,1,0.327974276527331,1,0.967213114754098,1,0.8336,1,0.327242524916944,1,1,1,0,0.309931506849315,1,1,0.668300653594771,1,0.320785597381342,0.362619808306709,0.326829268292683,1,1,1,0.0861244019138756,0.32300163132137,0.0889261744966443,1,0.31637519872814,0.308426073131955,0.35702746365105,0,1,0.962783171521036,1,1,0.32516339869281,0.311424100156495,0.158756137479542,0.033167495854063,0.32183908045977,0.317666126418152,0.331738437001595,0.00166666666666667,0.316211878009631,1,0,0.321656050955414,1,1,1,0.32258064516129,0.325434439178515,0.0268456375838926,1,0.315875613747954,0.315286624203822,1,1,0.318181818181818,0.699831365935919,1,1,0.688925081433225,1,0.311111111111111,1,0.318327974276527,0.523584905660377,0.662420382165605,0.408427876823339,1,0.303656597774245,0.316476345840131,0.67524115755627,0.670382165605096,1,0.324149108589951,1,0.326018808777429,1,0.323481116584565,0.308457711442786,0.355769230769231,0.52827140549273,0.32183908045977,0.316045380875203,0.662295081967213,0.323051948051948,0.14,1,0,1,0.304347826086957,1,0,0.322422258592471,0.315181518151815,1,0.0527950310559006,1,0.0808580858085809,0.34094616639478,1,0.0593900481540931,0.6645056726094,1,1,1,0.315436241610738,0.036624203821656,1,0.435980551053485,0.0941558441558442,0.357827476038339,0.324717285945073,0.323717948717949,1,1,1,1,1,0.0573248407643312,0.995253164556962,0.682182985553772,0.00471698113207547,0.319870759289176,1,1,1,1,0.0846645367412141,0.312796208530806,1,1,1,1,1,1,0.484227129337539,0.00165016501650165,1,0.0792393026941363,0.32794830371567,0.438625204582651,1,0.40655737704918,0.315161839863714,0.313725490196078,1,0.0360065466448445,0.32794830371567,1,1,0.37315875613748,0.310177705977383,0.316639741518578,0.323873121869783,1,0.332231404958678,0.311793214862682,0.417218543046358,0.322632423756019,0.97444089456869,0.313291139240506,0.0792079207920792,0.32794830371567,0,1,0.0859504132231405,0.310344827586207,0.316045380875203,0.326229508196721,1,1,1,1,1,1,0.333884297520661,1,0.320846905537459,0.315608919382504,0.606209150326797,0.678688524590164,1,1,0,0.31911532385466,0.118032786885246,1,0.032051282051282,1,1,0.311666666666667,1,1,0.626644736842105,0.424749163879599,0.995405819295559,0.0750407830342577,0.0918196994991653,1,1,1,0.0826580226904376,0,0.323343848580442,0.419093851132686,0.320126782884311,0,0.322259136212625,0.0859504132231405,1,1,0.325,0.32,0.239273927392739,0.337726523887974,0.317965023847377,0.326298701298701,1,1,0.31810766721044,1,0,1,0.222222222222222,1,0.666666666666667,1,0.312091503267974,0.312709030100334,0.0708661417322835,0.666136724960254,1,1,0.777414075286416,0.902640264026403,0.328925619834711,0.316666666666667,1,0.321951219512195,0.252019386106624,0.322742474916388,1,0.0985691573926868,1,1,0.32396694214876,0.674457429048414,0.309602649006623,1,1,0.313408723747981,0.309178743961353,0.317965023847377,0.857377049180328,0.318627450980392,1,0.0479233226837061,1,1,0.693163751987281,0.641233766233766,0.33109243697479,0.0490998363338789,0.321428571428571,1,1,0.30655737704918,0.332247557003257,0.618441971383148,1,0.312202852614897,0.37258064516129,0.3152,0.980738362760835,0.466227347611203,0.00480769230769231,0.303514376996805,0.3328,0.332231404958678,0.315614617940199,0.322734499205087,0.967532467532468,1,0.322734499205087,0.540133779264214,0.680194805194805,0.234726688102894,0.693086003372681,1,0.32258064516129,0.00323101777059774,0.32258064516129,0.314424635332253,0.366288492706645,0.317880794701987,0,0.332268370607029,0.317275747508306,0.33112582781457,0.312803889789303
"259",0.710526315789474,0.693374422187982,0.684049079754601,0.670846394984326,0.694656488549618,0.701996927803379,0.992175273865415,0.688650306748466,0.691131498470948,0.414442700156986,0.686186186186186,0.34947049924357,0.493788819875776,0.683720930232558,0,0,0.372699386503067,1,0.684375,0.696319018404908,0,0,0.691394658753709,0.476993865030675,0.700906344410876,0,0,0.67246835443038,0.696240601503759,0.470866141732283,0,0.410958904109589,0.640122511485452,0.00311526479750779,0.327102803738318,0.694533762057878,0.861963190184049,0.672672672672673,0,0.688253012048193,0.996918335901387,1,1,0.671317829457364,0.689127105666156,0,0.00461538461538462,0,0,0,0.305597579425113,0.680817610062893,0,0.685325264750378,0.693939393939394,0.166666666666667,0.875968992248062,0.686728395061728,0.69242658423493,0.68,0.00452488687782805,0,0,0.993855606758833,0.685714285714286,0.689708141321045,0.341984732824427,0.677469135802469,0.378338278931751,0,0.686453576864536,0,0,0.7234375,0.842266462480858,0.695716395864106,0,0.00453172205438067,0.686186186186186,0,0.391785150078989,0,0,0.673252279635258,0,0.680059523809524,0.694656488549618,0.677469135802469,0.686244204018547,1,0.682316118935837,0.678624813153961,0.304147465437788,0.408602150537634,0.693146417445483,0.348281016442451,0.314900153609831,0.7,0.8801261829653,1,0.699386503067485,0.370542635658915,0,0.694006309148265,0,0.684210526315789,1,0.685975609756098,0,0,0,0.690332326283988,0.00307219662058372,0.684766214177979,0.794336810730253,0.694362017804154,0,0.615853658536585,0,0,0.791793313069909,0.691244239631336,0,0,0.678787878787879,0,0.687224669603524,0.687218045112782,0.634146341463415,0.227067669172932,0.686244204018547,0,0.674418604651163,0.357566765578635,0.678683385579937,0,0.998484848484849,0,0.638591117917305,0.103833865814696,0.41640866873065,0.396341463414634,0.693129770992366,0.683307332293292,0,0.693474962063733,0,0.700310559006211,0.502994011976048,0.682563338301043,0,0.695517774343122,0.686728395061728,0.685099846390169,0.687022900763359,0,0.702290076335878,0,0.551301684532925,0.680786686838124,0,0.682422451994092,0,0.405864197530864,0.6875,0,0.682926829268293,0.694402420574887,0.678353658536585,0.0106382978723404,0.683890577507599,0,0.686427457098284,0,0.694704049844237,0,0.400914634146341,0.708841463414634,0.971698113207547,0.706521739130435,0.69218989280245,0,0.699544764795144,0.683812405446294,0.689969604863222,0.672782874617737,0,0,0.683385579937304,0.679447852760736,0,0,0.687595712098009,0.763888888888889,0.983847283406755,0.306184012066365,0,0.996951219512195,0.689393939393939,0,0.684698608964451,0.697744360902256,0.687116564417178,0.00152905198776758,0,0,0.676602086438152,0.691222570532915,0.690658499234303,0.318952234206472,0.704791344667697,0,0.672754946727549,0,0,0.561162079510703,0.686728395061728,0.684532924961715,0.68140243902439,0.698757763975155,0.687211093990755,0.346687211093991,0,0,0.691842900302115,0.996969696969697,0.677130044843049,0.686567164179104,0.685185185185185,0.698198198198198,0.708206686930091,0.689291101055807,0.298165137614679,0.634848484848485,0.694992412746586,0,0.684129429892142,0,0.696646341463415,0.695178849144635,0.695178849144635,0.674922600619195,0.694488188976378,0,0.677710843373494,0.19811320754717,0,0,0.00312989045383412,0,0,0.0967238689547582,0,0,0,0.689189189189189,0,0.685126582278481,1,0,0.610271903323263,0,0.684867394695788,0.686728395061728,0.688172043010753,0.572755417956656,0,0.678247734138973,0,0,0,0,1,0.688271604938272,0,0,0.680428134556575,0,0.687975646879756,0,0,0.701078582434515,0.6859375,0.706870229007634,0.851851851851852,0.680491551459293,1,0.398203592814371,0,0.683890577507599,0.680428134556575,0.411229135053111,0,0,0.6752,0.681047765793529,0,0.331288343558282,0.299689440993789,0.694189602446483,0.691082802547771,0.00603318250377074,0.674311926605505,0.702941176470588,0,0.690076335877863,0.703030303030303,0,0.703125,0.684049079754601,0.688073394495413,0.688271604938272,0,0,0,0.704718417047184,0.679506933744222,0.992412746585736,0.00612557427258806,0.68380062305296,0,0,0.70193740685544,0.677760968229955,0.704097116843703,0.691489361702128,0.687878787878788,0,0.700934579439252,0.693129770992366,0.41875,0,0.156923076923077,0,1,0,0.681614349775785,0,0,0.566265060240964,0.00150375939849624,0.6796875,0,0.692901234567901,0.706336939721793,0.693572496263079,0,0,0.689655172413793,0.60702875399361,0.381026438569207,0.700152207001522,0,0,0,0.6890625,0,0.797546012269939,0,0,0,0,0.678787878787879,0,0.688,0.678516228748068,0.316590563165906,0.702028081123245,0,0.684049079754601,0.689759036144578,0.691472868217054,0,0.697151424287856,0,0.685714285714286,0.521472392638037,0.684766214177979,0.681818181818182,0.68558282208589,0,0.684129429892142,0.700310559006211,0,0,0.677862595419847,0.695852534562212,0,0.513595166163142,0.692551505546751,0.675799086757991,0.67420814479638,0.319083969465649,0,0.717628705148206,0,0.573643410852713,0.697637795275591,1,0.119581464872945,0.69375,0.687782805429864,1,0.972179289026275,0.0153139356814701,0.685185185185185,0,0.692307692307692,0.683881064162754,0,0.682852807283763,0.684615384615385,0.316998468606432,0,0.685015290519878,0.678407350689127,0,0.692901234567901,0.699523052464229,0,0.65284178187404,0.690993788819876,0.684451219512195,0.669254658385093,0.194233687405159,0,0.0200927357032458,0,0,0.998449612403101,0,0.00601503759398496,0,0.561728395061728,0.00155763239875389,0.69618320610687,0.00447761194029851,0.675425038639876,0.00303030303030303,0.38962962962963,0.366261398176292,0.685800604229607,0.696374622356495,0.352760736196319,0.688888888888889,1,0.361111111111111,0.310872894333844,0.688821752265861,0.998466257668712,0.689497716894977,0.702743902439024,0.230171073094868,0.674242424242424,0.306990881458967,0.401898734177215,0.691489361702128,0.682299546142209,0.710323574730354,0,0.976811594202899,1,0.691376701966717,0.682926829268293,0.675799086757991,0,0.653846153846154,0.690658499234303,0,0.703030303030303,0.0545454545454545,0.422955974842767,0,0,0.00646203554119548,0.690332326283988,0.387387387387387,0.679049034175334,0.690625,0.689335394126739,0.576751117734724,0,0.687789799072643,0,0.691338582677165,0.691588785046729,0,0.688073394495413,0,0.68266253869969,0,0,0.687116564417178,1,0,0.686453576864536,0,0.434451219512195,0,0.48036253776435,0,0.450617283950617,0,0.684952978056426,0,0,0,0.69558599695586,0.6801872074883,0.687407407407407,0.661927330173776,0.660828025477707,0.692660550458716,0,0.68160741885626,0,0,0.680786686838124,0.684952978056426,0.686656671664168,0.621004566210046,0.67814371257485,0,0,0.676783004552352,0.682588597842835,0.369085173501577,0.404945904173107,0.691472868217054,0.692068429237947,0,0.696646341463415,0.682228915662651,0.00458715596330275,0.690737833594976,0.699386503067485,1,0.865443425076453,0.68558282208589,0.317037037037037,0.695046439628483,0.686838124054463,0.392215568862275,0,0.695046439628483,0,0.682027649769585,0.66046511627907,0.689497716894977,0.528443113772455,0.692068429237947,0,0.686746987951807,0.685271317829457,0.671406003159558,0.303892215568862,0,0.681458003169572,0.687311178247734,1,0.680659670164918,0.00150602409638554,0.0453172205438066,0,0.685015290519878,0.687311178247734,0.693846153846154,0.403903903903904,0,0.402190923317684,0.676470588235294,0,0,0.0333333333333333,0.316846986089645,0.678125,0.656671664167916,0.682779456193353,0.690548780487805,0,0,0.48062015503876,0.364615384615385,0,0,0.00153374233128834,0.304212168486739,0,0.680534918276374,0.308282208588957,0,0.685975609756098,0.688372093023256,0.682170542635659,0.00151975683890578,0,0.349206349206349,0.68558282208589,0,0,0.686838124054463,0.692889561270802,0.00152905198776758,1,0.693146417445483,0.693129770992366,0.99390243902439,0.693474962063733,0,0.695046439628483,0,0.852238805970149,1,0.0921248142644874,0.672230652503794,0,0,1,0.998525073746313,0.677862595419847,0,0.694099378881988,0.00294117647058824,0.696400625978091,0,0.00153609831029186,0.0338461538461538,0.222054380664653,0,0,0.995461422087746,0,0.481012658227848,0.68348623853211,0.320610687022901,0.687405159332322,0,0.697388632872504,0.317972350230415,0,0,0.693623639191291,0.369661266568483,0.67427701674277,0.403426791277259,0.024653312788906,0.683720930232558,0.393124065769806,0.990839694656489,0.691244239631336,0.688172043010753,0.685325264750378,0,0.356927710843373,0.696969696969697,0.109923664122137,0.403125,0.031437125748503,0,0,0.690769230769231,0.6703125,0.69375,0.696509863429439,0.693474962063733,0.376681614349776,0.693333333333333,1,0.31858407079646,0,0.682299546142209,0.693846153846154,0.684627575277338,0.687687687687688,0.390505359877489,0,0.675187969924812,0.673913043478261,0.666666666666667,0.682515337423313,0.692424242424242,0.69242658423493,0.80421686746988,0.310664605873261,0.688271604938272,0.392749244712991,0,0.762557077625571,0.684931506849315,0.0719874804381847,0,0,0.691833590138675,0.354198473282443,0,0.699236641221374,0.700460829493088,0.0416024653312789,0,0,0.00157232704402516,0.688350983358548,0,0,0.0973724884080371,0,0.659638554216867,0,0.3984375,0,0.321212121212121,0.690292758089368,0.391705069124424,0,0,0.00625978090766823,0.679331306990882,0.678899082568807,0.678627145085803,0.68558282208589,0.685358255451713,0.68503937007874,0.0140845070422535,0.689863842662632,0,0,0.275340393343419,1,0.688721804511278,0.682634730538922,0.314674735249622,0,0.427051671732523,0.682962962962963,0.344563552833078,0.693374422187982,0.68944099378882,0,0.690402476780186,0.686305732484076,0.31104199066874,0.0867507886435331,0.678362573099415,0.391575663026521,0.416149068322981,0.683890577507599,0.686153846153846,0.70499243570348,0.400611620795107,0.313664596273292,0,0.101538461538462,0,0.331288343558282,0.00153374233128834,0.401869158878505,0.692073170731707,0.680379746835443,0,0,0.553516819571865,0.00623052959501558,0.00149476831091181,0,0.691717791411043,0.677862595419847,0,0.695393759286776,0.310136157337368,0.675344563552833,0.538221528861154,0.702325581395349,1,0.699248120300752,0,0,0.396396396396396,0.998505231689088,0.679389312977099,0.68167701863354,0.901081916537867,0.589171974522293,0,0,0.694189602446483,0,0.574961360123648,0,0.673076923076923,0.403614457831325,0.685099846390169,0.690184049079755,0,1,0,0.69826224328594,0.689969604863222,0,0,0,0.554179566563467,0,0.688073394495413,0.376876876876877,0.672256097560976,0.685534591194969,0.998473282442748,0.960244648318043,0,0.373271889400922,0,0.679506933744222,0.684615384615385,0,0,0.838565022421525,0.689863842662632,0,0.0903522205206738,0,0.680597014925373,0.793261868300153,0.325757575757576,0,0,0,0,0,0.721212121212121,0.697885196374622,0,0.888364779874214,0.9984375,0.552710843373494,1,0.683229813664596,0,0.311248073959938,0,0,0.0978593272171254,0,0.311649016641452,0,0,0,0
"260",0.29951690821256,0.30625,0.306729264475743,0.325984251968504,0.307210031347962,0.29874213836478,0.0111287758346582,0.320512820512821,0.304953560371517,0.566343042071197,0.316358024691358,0.633846153846154,0.517515923566879,0.317535545023697,1,1,0.613251155624037,0,0.321086261980831,0.301412872841444,1,1,0.313971742543171,0.516329704510109,0.30568356374808,1,1,0.332263242375602,0.306748466257669,0.532182103610675,1,0.593457943925234,0.368098159509202,0.995283018867924,0.667192429022082,0.303776683087028,0.138801261829653,0.330218068535826,1,0.306748466257669,0.00313971742543171,0,0,0.333333333333333,0.30952380952381,1,0.993740219092332,1,1,1,0.698630136986301,0.318681318681319,1,0.319314641744548,0.31055900621118,0.83015873015873,0.126782884310618,0.311708860759494,0.311145510835913,0.3125,0.990811638591118,1,1,0.00627943485086342,0.316211878009631,0.314641744548287,0.649921507064364,0.3171875,0.609939759036145,1,0.309006211180124,1,1,0.274636510500808,0.156773211567732,0.311178247734139,1,0.99388379204893,0.315467075038285,1,0.600977198697068,1,1,0.319018404907975,1,0.324655436447167,0.309375,0.323899371069182,0.311627906976744,0,0.316455696202532,0.322188449848024,0.694136291600634,0.581039755351682,0.308056872037915,0.639016897081413,0.686335403726708,0.30757341576507,0.1264,0,0.309375,0.615023474178404,1,0.304560260586319,1,0.318181818181818,0,0.320063694267516,1,1,1,0.306853582554517,0.995348837209302,0.317901234567901,0.196969696969697,0.305847076461769,1,0.369230769230769,1,1,0.198748043818466,0.306027820710974,1,1,0.320433436532508,1,0.30962962962963,0.309707241910632,0.362637362637363,0.754250386398764,0.312599681020734,1,0.328593996840442,0.632683658170915,0.333333333333333,1,0.0015527950310559,1,0.37007874015748,0.877850162866449,0.582554517133956,0.594383775351014,0.310452418096724,0.32137030995106,1,0.310344827586207,1,0.293460925039872,0.512307692307692,0.318112633181126,1,0.315457413249211,0.309791332263242,0.31637519872814,0.312698412698413,1,0.30379746835443,1,0.428351309707242,0.320610687022901,1,0.322530864197531,1,0.591414944356121,0.312796208530806,1,0.308777429467085,0.304953560371517,0.321766561514196,0.986238532110092,0.322734499205087,1,0.317535545023697,1,0.309178743961353,1,0.590979782270607,0.293023255813953,0.029126213592233,0.28548644338118,0.311424100156495,1,0.295133437990581,0.316358024691358,0.314503816793893,0.3265625,1,1,0.321144674085851,0.32967032967033,1,1,0.31937984496124,0.237717908082409,0.0180451127819549,0.691107644305772,1,0.00312989045383412,0.307332293291732,1,0.314873417721519,0.311827956989247,0.307098765432099,0.996937212863706,1,1,0.325688073394495,0.310064935064935,0.311145510835913,0.684126984126984,0.306477093206951,1,0.335443037974684,1,1,0.422600619195046,0.322784810126582,0.315789473684211,0.317111459968603,0.30173775671406,0.300632911392405,0.632237871674491,1,1,0.313271604938272,0.00462249614791988,0.321156773211568,0.311178247734139,0.318611987381703,0.299079754601227,0.294670846394984,0.314984709480122,0.7046875,0.353030303030303,0.301538461538462,1,0.315541601255887,1,0.301538461538462,0.3056,0.309636650868878,0.33122028526149,0.312202852614897,1,0.32,0.802527646129542,1,1,0.996825396825397,1,1,0.893141945773525,1,1,1,0.310030395136778,1,0.314009661835749,0,1,0.378419452887538,1,0.322033898305085,0.318037974683544,0.311320754716981,0.415360501567398,1,0.312788906009245,1,1,1,1,0,0.311501597444089,1,1,0.315047021943574,1,0.318952234206472,1,1,0.309262166405024,0.318037974683544,0.303599374021909,0.14622641509434,0.329093799682035,0,0.59304084720121,1,0.316118935837246,0.321656050955414,0.578052550231839,1,1,0.321086261980831,0.326053042121685,1,0.657407407407407,0.698234349919743,0.306729264475743,0.3184,0.992378048780488,0.324921135646688,0.300763358778626,1,0.307931570762053,0.310872894333844,1,0.301109350237718,0.31378763866878,0.309486780715397,0.3198127925117,1,1,1,0.303215926493109,0.321766561514196,0.00770416024653313,0.990521327014218,0.325545171339564,1,1,0.300155520995334,0.31441717791411,0.30298273155416,0.312210200927357,0.306376360808709,1,0.300787401574803,0.311145510835913,0.570739549839228,1,0.838509316770186,1,0,1,0.31969696969697,1,1,0.413145539906103,0.998454404945904,0.320126782884311,1,0.300314465408805,0.295774647887324,0.307110438729198,1,1,0.313271604938272,0.398058252427184,0.609105180533752,0.299050632911392,1,1,1,0.314606741573034,1,0.206572769953052,1,1,1,1,0.317972350230415,1,0.310177705977383,0.324921135646688,0.684542586750789,0.29874213836478,1,0.31733746130031,0.3125,0.320967741935484,1,0.306153846153846,1,0.319758672699849,0.482059282371295,0.317901234567901,0.312989045383412,0.307219662058372,1,0.3171875,0.300469483568075,1,1,0.315789473684211,0.300155520995334,1,0.472136222910217,0.304,0.321372854914197,0.319938176197836,0.676703645007924,1,0.287112561174551,1,0.407874015748032,0.304821150855365,0,0.881538461538461,0.305958132045089,0.310344827586207,0,0.0332278481012658,0.979495268138801,0.318681318681319,1,0.313195548489666,0.316720257234727,1,0.315789473684211,0.314285714285714,0.669242658423493,1,0.327073552425665,0.313971742543171,1,0.306501547987616,0.303715670436187,1,0.338050314465409,0.304975922953451,0.311926605504587,0.329093799682035,0.8,1,0.980861244019139,1,1,0.00155038759689922,1,0.99211356466877,1,0.416536661466459,0.996810207336523,0.305936073059361,0.992458521870287,0.323899371069182,0.99537750385208,0.595488721804511,0.629457364341085,0.316846986089645,0.309923664122137,0.638330757341577,0.314009661835749,0,0.626934984520124,0.676609105180534,0.315625,0.0015527950310559,0.312111801242236,0.310769230769231,0.759554140127389,0.316118935837246,0.688372093023256,0.592125984251968,0.306349206349206,0.316846986089645,0.289763779527559,1,0.0266666666666667,0,0.317629179331307,0.323296354992076,0.334384858044164,1,0.335394126738794,0.306376360808709,1,0.30757341576507,0.938176197836167,0.576619273301738,1,1,0.991624790619765,0.305471124620061,0.604580152671756,0.321100917431193,0.304065040650407,0.311912225705329,0.411402157164869,1,0.309262166405024,1,0.317741935483871,0.309178743961353,1,0.319182389937107,1,0.31496062992126,1,1,0.315132605304212,0,1,0.311248073959938,1,0.556942277691108,1,0.505443234836703,1,0.551724137931034,1,0.3216,1,1,1,0.3140625,0.311605723370429,0.312688821752266,0.362153344208809,0.331723027375201,0.307453416149068,1,0.31839258114374,1,1,0.323854660347551,0.320388349514563,0.312977099236641,0.38390092879257,0.320987654320988,1,1,0.330781010719755,0.320126782884311,0.633173843700159,0.587579617834395,0.310452418096724,0.304140127388535,1,0.303738317757009,0.308157099697885,0.995297805642633,0.310679611650485,0.313572542901716,0,0.134052388289676,0.313755795981453,0.682779456193353,0.304897314375987,0.316846986089645,0.599099099099099,0.996894409937888,0.309486780715397,1,0.314465408805031,0.348101265822785,0.306729264475743,0.476117103235747,0.31911532385466,1,0.319314641744548,0.318037974683544,0.32755905511811,0.686728395061728,1,0.317741935483871,0.312307692307692,0,0.325115562403698,0.998447204968944,0.951788491446345,1,0.311320754716981,0.31875,0.305164319248826,0.585780525502318,1,0.587579617834395,0.331746031746032,1,1,0.964831804281346,0.683881064162754,0.323296354992076,0.362363919129082,0.312111801242236,0.312111801242236,1,1,0.507861635220126,0.624012638230648,1,1,0.998463901689708,0.700159489633174,1,0.321592649310873,0.681747269890796,1,0.318181818181818,0.315047021943574,0.31637519872814,0.996923076923077,1,0.649762282091918,0.319314641744548,1,1,0.321372854914197,0.306976744186047,0.998447204968944,0,0.314696485623003,0.306603773584906,0.00625,0.308641975308642,1,0.303514376996805,1,0.142419601837672,0,0.897435897435897,0.328149300155521,1,1,0,0.00153846153846154,0.321875,1,0.311605723370429,0.996974281391831,0.299524564183835,1,0.998405103668262,0.965299684542587,0.762345679012346,1,1,0.00471698113207547,1,0.51294498381877,0.320754716981132,0.673846153846154,0.316770186335404,1,0.306376360808709,0.681962025316456,1,1,0.311216429699842,0.619970193740686,0.325581395348837,0.588976377952756,0.971742543171115,0.322327044025157,0.596302003081664,0.0124223602484472,0.30829420970266,0.312796208530806,0.315301391035549,1,0.634294385432473,0.303215926493109,0.891679748822606,0.587479935794542,0.963246554364472,1,1,0.306976744186047,0.329052969502408,0.305111821086262,0.309486780715397,0.306748466257669,0.618320610687023,0.306278713629403,0,0.678678678678679,0.998442367601246,0.325508607198748,0.305511811023622,0.307817589576547,0.315384615384615,0.602523659305994,1,0.326153846153846,0.328050713153724,0.328478964401294,0.313385826771654,0.31201248049922,0.304897314375987,0.198461538461538,0.682182985553772,0.31924882629108,0.596006144393241,1,0.243034055727554,0.312796208530806,0.923444976076555,1,1,0.314728682170543,0.635239567233385,1,0.308166409861325,0.293291731669267,0.947784810126582,1,1,0.996815286624204,0.316923076923077,1,1,0.892018779342723,1,0.350230414746544,1,0.588516746411483,1,0.673405909797823,0.304075235109718,0.598736176935229,1,1,0.990506329113924,0.321483771251932,0.319314641744548,0.317230273752013,0.316692667706708,0.319554848966614,0.326530612244898,0.982704402515723,0.30757341576507,1,1,0.706605222734255,0,0.315068493150685,0.308868501529052,0.680555555555556,1,0.560185185185185,0.325301204819277,0.648089171974522,0.302469135802469,0.322734499205087,1,0.315873015873016,0.318181818181818,0.680445151033386,0.90224358974359,0.321321321321321,0.599681020733652,0.57753164556962,0.319571865443425,0.313385826771654,0.303353658536585,0.5921875,0.687888198757764,1,0.894736842105263,1,0.673846153846154,0.996825396825397,0.591414944356121,0.308544303797468,0.318979266347687,1,1,0.419152276295133,0.992025518341308,0.996884735202492,1,0.313664596273292,0.320872274143302,1,0.310810810810811,0.691950464396285,0.329704510108865,0.455246913580247,0.303030303030303,0,0.3046875,1,1,0.592649310872894,0.00152905198776758,0.327131782945736,0.317111459968603,0.0993690851735016,0.410596026490066,1,1,0.309968847352025,1,0.409733124018838,1,0.327844311377246,0.586854460093897,0.320251177394035,0.312111801242236,1,0,1,0.300632911392405,0.312989045383412,1,1,1,0.4336,1,0.306603773584906,0.611197511664075,0.325077399380805,0.3216,0.00155038759689922,0.0388198757763975,1,0.62596599690881,1,0.316118935837246,0.330645161290323,1,1,0.16793893129771,0.302611367127496,1,0.900621118012422,1,0.314589665653495,0.202830188679245,0.680916030534351,1,1,1,1,1,0.290964777947933,0.299065420560748,1,0.1184,0.00159235668789809,0.433846153846154,0,0.322327044025157,1,0.68025078369906,1,1,0.889580093312597,1,0.688679245283019,1,1,1,1
"261",0.322378716744914,0.306870229007634,0.323619631901841,0.295133437990581,0.306976744186047,0.321592649310873,0.587301587301587,0.308049535603715,0.325652841781874,0.805379746835443,0.312404287901991,0.75,0.111975116640746,0.300925925925926,0.383647798742138,0.390432098765432,0.765151515151515,0.622222222222222,0.320813771517997,0.315467075038285,0.393846153846154,0.3828125,0.315548780487805,0.880184331797235,0.334834834834835,0.376701966717095,0.383411580594679,0.321086261980831,0.326251896813354,0.158139534883721,0.401826484018265,0.134556574923547,0.271341463414634,0.390505359877489,0.6890625,0.304487179487179,0.773291925465838,0.3,0.388724035608309,0.324655436447167,0.636222910216718,0.610169491525424,0.618975903614458,0.300787401574803,0.306625577812018,0.383045525902669,0.389751552795031,0.380152671755725,0.381240544629349,0.38109756097561,0.689291101055807,0.3109375,0.393568147013783,0.309341500765697,0.316030534351145,0.198767334360555,0.760432766615147,0.310872894333844,0.332822085889571,0.313935681470138,0.365705614567527,0.377503852080123,0.390432098765432,0.639016897081413,0.317965023847377,0.322678843226788,0.737248840803709,0.305295950155763,0.769001490312966,0.372932330827068,0.306748466257669,0.385321100917431,0.381329113924051,0.356012658227848,0.790909090909091,0.312965722801788,0.387878787878788,0.362385321100917,0.309451219512195,0.389147286821705,0.794025157232704,0.376543209876543,0.37984496124031,0.312688821752266,0.360429447852761,0.313253012048193,0.317829457364341,0.306748466257669,0.310185185185185,0.6,0.315625,0.308383233532934,0.694992412746586,0.804545454545455,0.311811023622047,0.754147812971342,0.694915254237288,0.297583081570997,0.75516693163752,0.6265625,0.309451219512195,0.769349845201238,0.40527950310559,0.320634920634921,0.386996904024768,0.315870570107858,0.623076923076923,0.315384615384615,0.377916018662519,0.385802469135802,0.368580060422961,0.327692307692308,0.375,0.3,0.836826347305389,0.31314623338257,0.373860182370821,0.996946564885496,0.366766467065868,0.380434782608696,0.836391437308868,0.305471124620061,0.38368580060423,0.3801261829653,0.302752293577982,0.393939393939394,0.309941520467836,0.316265060240964,0.983282674772036,0.637593984962406,0.300955414012739,0.395705521472393,0.321372854914197,0.738938053097345,0.3024,0.384615384615385,0.639939485627837,0.383076923076923,0.235747303543914,0.526898734177215,0.803738317757009,0.804347826086957,0.311649016641452,0.303459119496855,0.382716049382716,0.309341500765697,0.389955686853767,0.31733746130031,0.132835820895522,0.318862275449102,0.389507154213037,0.321483771251932,0.309968847352025,0.318037974683544,0.315870570107858,0.354198473282443,0.319314641744548,0.375389408099688,0.954198473282443,0.312024353120244,0.390532544378698,0.31784107946027,0.401515151515151,0.78494623655914,0.312210200927357,0.38006230529595,0.32262996941896,0.324734446130501,0.321372854914197,0.36890243902439,0.319875776397516,0.367601246105919,0.306853582554517,0.377125193199382,0.303656597774245,0.369969040247678,0.77639751552795,0.318885448916409,0.675590551181102,0.304552590266876,0.316770186335404,0.38785046728972,0.312883435582822,0.316846986089645,0.313546423135464,0.313271604938272,0.392523364485981,0.381598793363499,0.313479623824451,0.305810397553517,0.386706948640483,0.399688958009331,0.305343511450382,0.850837138508371,0.63946587537092,0.686544342507645,0.376899696048632,0.635802469135803,0.315068493150685,0.383206106870229,0.3265625,0.315151515151515,0.316030534351145,0.395136778115502,0.399700598802395,0.3796875,0.316666666666667,0.309904153354633,0.308396946564885,0.703125,0.316279069767442,0.390015600624025,0.292117465224111,0.370139968895801,0.386850152905199,0.56468797564688,0.304012345679012,0.310810810810811,0.301075268817204,0.323170731707317,0.312883435582822,0.744648318042814,0.372488408037094,0.38109756097561,0.311940298507463,0.619847328244275,0.304154302670623,0.319340329835082,0.322429906542056,0.302571860816944,0.321928460342146,0.306547619047619,0.67741935483871,0.983582089552239,0.324734446130501,0.388544891640867,0.305426356589147,0.384024577572965,0.309667673716012,0.306501547987616,0.313664596273292,0.302362204724409,0.305863708399366,0.361538461538462,0.314285714285714,0.164341085271318,0.377503852080123,0.378787878787879,0.382581648522551,0.378086419753086,0.388544891640867,0.49306625577812,0.364615384615385,0.365558912386707,0.374429223744292,0.328869047619048,0.364760432766615,0.309033280507132,0.610271903323263,0.378419452887538,1,0.381475667189953,0.313084112149533,0.298921417565485,0.311349693251534,0.972093023255814,0.397553516819572,0.307339449541284,0.380804953560372,0.382530120481928,0.372307692307692,0.373088685015291,0.612557427258805,0.308049535603715,0.382753403933434,0.38125,0.314641744548287,0.389154704944179,0.316187594553706,0.378176382660688,0.395962732919255,0.304482225656878,0.309707241910632,0.321044546850998,0.781874039938556,0.308056872037915,0.616459627329193,0.792537313432836,0.375,0.32,0.305772230889236,0.811349693251534,0.38145896656535,0.380281690140845,0.314375987361769,0.303543913713405,0.385670731707317,0.712349397590361,0.682242990654206,0.319314641744548,0.309968847352025,0.374622356495468,0.311728395061728,0.322916666666667,0.389140271493213,0.312693498452012,0.323262839879154,0.377473363774734,0.322429906542056,0.314241486068111,0.318461538461538,0.306976744186047,0.391575663026521,0.391111111111111,0.386327503974563,0.312883435582822,0.3234375,0.632375189107413,0.381538461538462,0.309707241910632,0.388467374810319,0.393292682926829,0.319465081723626,0.305936073059361,0.31306990881459,0.315384615384615,0.310975609756098,0.380952380952381,0.307332293291732,0.318885448916409,0.808477237048666,0.373676248108926,0.556765163297045,0.392248062015504,0.606864274570983,0.383561643835616,0.317293233082707,0.387596899224806,0.378670788253478,0.966565349544073,0.384962406015038,0.325077399380805,0.3928035982009,0.322033898305085,0.317629179331307,0.309451219512195,0.394944707740916,0.393292682926829,0.317683881064163,0.232963549920761,0.766457680250784,0.327613104524181,0.380733944954128,0.380503144654088,0.384615384615385,0.312302839116719,0.372372372372372,0.842835130970724,0.381316998468606,0.382945736434109,0.374603174603175,0.386996904024768,0.306525037936267,0.385335413416537,0.296529968454259,0.317629179331307,0.693129770992366,0.320433436532508,0.379310344827586,0.318042813455657,0.301659125188537,0.307570977917981,0.372881355932203,0.312977099236641,0.381102362204724,0.313521545319465,0.140888208269525,0.325652841781874,0.327586206896552,0.304545454545455,0.397534668721109,0.306976744186047,0.318885448916409,0.3890625,0.381901840490798,0.30781010719755,0.308049535603715,0.391768292682927,0.908545727136432,0.319314641744548,0.319444444444444,0.298937784522003,0.691717791411043,0.398425196850394,0.308892355694228,0.389230769230769,0.964341085271318,0.321928460342146,0.61236802413273,0.260416666666667,0.311811023622047,0.307926829268293,0.621700879765396,0.587692307692308,0.368181818181818,0.309559939301973,0.381761978361669,0.306625577812018,0.296998420221169,0.3828125,0.31437125748503,0.319875776397516,0.707575757575758,0.371340523882897,0.317411402157165,0.300613496932515,0.378335949764521,0.321212121212121,0.315789473684211,0.381395348837209,0.956989247311828,0.313084112149533,0.300150829562594,0.308049535603715,0.168970814132104,0.395672333848532,0.419811320754717,0.381598793363499,0.381538461538462,0.622874806800618,0.366818873668189,0.370030581039755,0.393019726858877,0.956856702619414,0.382581648522551,0.32572298325723,0.396084337349398,0.317829457364341,0.393568147013783,0.782089552238806,0.742469879518072,0.317365269461078,0.317293233082707,0.746932515337423,0.315457413249211,0.619190404797601,0.738532110091743,0.703703703703704,0.309090909090909,0.619119878603945,0.324031007751938,0.312594840667678,0.636222910216718,0.317901234567901,0.688350983358548,0.789223454833597,0.304747320061256,0.319148936170213,0.332298136645963,0.382716049382716,0.651470588235294,0.592592592592593,0.336349924585219,0.298780487804878,0.268292682926829,0.398773006134969,0.956923076923077,0.30920060331825,0.381846635367762,0.314984709480122,0.327692307692308,0.8,0.393665158371041,0.376524390243902,0.371100164203612,0.316816816816817,0.781626506024096,0.32383808095952,0.306089743589744,0.307926829268293,0.96996996996997,0.368421052631579,0.321428571428571,0.386292834890966,0.316720257234727,0.312,0.381818181818182,0.302003081664099,0.398496240601504,0.325617283950617,0.398763523956723,0.382848392036753,0.310030395136778,0.616564417177914,0.381872213967311,0.317972350230415,0.391575663026521,0.183925811437403,0.391891891891892,0.881458966565349,0.385756676557863,0.142194744976816,0.389324960753532,0.325434439178515,0.383076923076923,0.370820668693009,0.40763358778626,0.324116743471582,0.320872274143302,0.321752265861027,0.262243285939968,0.955271565495208,0.319083969465649,0.366666666666667,0.298136645962733,0.393890675241158,0.384848484848485,0.31306990881459,0.314728682170543,0.304804804804805,0.226502311248074,0.308270676691729,0.396656534954407,0.393292682926829,0.305263157894737,0.308777429467085,0.758566978193146,0.780373831775701,0.308049535603715,0.309968847352025,0.391035548686244,0.333333333333333,0.315151515151515,0.382488479262673,0.327044025157233,0.310872894333844,0.617873651771957,0.777609682299546,0.314814814814815,0.683357879234168,0.317484662576687,0.321804511278195,0.78796992481203,0.386996904024768,0.311627906976744,0.364760432766615,0.310185185185185,0.274844720496894,0.326656394453005,0.128593040847201,0.317972350230415,0.383386581469649,0.310030395136778,0.323899371069182,0.312302839116719,0.692077727952167,0.388272583201268,0.301261829652997,0.305007587253414,0.620743034055728,0.313546423135464,0.37442218798151,0.338391502276176,0.386748844375963,0.314728682170543,0.30521472392638,0.322429906542056,0.800904977375566,0.383280757097792,0.787878787878788,0.292452830188679,0.396656534954407,0.398782343987823,0.350076103500761,0.687211093990755,0.319444444444444,0.25,0.315629742033384,0.319277108433735,0.371875,0.386466165413534,0.881804043545879,0.744976816074189,0.394126738794436,0.38366718027735,0.374812593703148,0.687598116169545,0.390769230769231,0.30688622754491,0.690332326283988,0.386123680241327,0.311349693251534,0.320433436532508,0.308282208588957,0.382978723404255,0.394259818731118,0.747252747252747,0.309707241910632,0.408668730650155,0.394856278366112,0.315301391035549,0.317771084337349,0.381679389312977,0.611021069692058,0.309748427672956,0.315217391304348,0.619195046439629,0.308845577211394,0.409984871406959,0.330203442879499,0.389230769230769,0.785607196401799,0.632218844984802,0.503770739064857,0.310810810810811,0.382308845577211,0.390505359877489,0.609494640122512,0.631818181818182,0.306748466257669,0.389393939393939,0.310618066561014,0.380451127819549,0.313971742543171,0.381679389312977,0.395962732919255,0.353941267387944,0.565548780487805,0.385579937304075,0.391035548686244,0.638198757763975,0.386949924127466,0.8608,0.307692307692308,0.708018154311649,0.31866464339909,0.395962732919255,0.322033898305085,0.69969040247678,0.392912172573189,0.382945736434109,0.322784810126582,0.764530551415797,0.320552147239264,0.805255023183926,0.359133126934985,0.286149162861492,0.762557077625571,0.633540372670807,0.307098765432099,0.312693498452012,0.307458143074581,0.384493670886076,0.744360902255639,0.311077389984825,0.275541795665635,0.802547770700637,0.347761194029851,0.385083713850837,0.389473684210526,0.31866464339909,0.282504012841092,0.318181818181818,0.311349693251534,0.30568356374808,0.764880952380952,0.324850299401198,0.617737003058104,0.685925925925926,0.394171779141104,0.30030487804878,0.332317073170732,0.317965023847377,0.304675716440422,0.780337941628264,0.389393939393939,0.296466973886329,0.303459119496855,0.313880126182965,0.315541601255887,0.31866464339909,0.318885448916409,0.818456883509834,0.711811023622047,0.311145510835913,0.78907435508346,0.39258114374034,0.890577507598784,0.319634703196347,0.316770186335404,0.408585055643879,0.380152671755725,0.320987654320988,0.745454545454545,0.380880121396055,0.301829268292683,0.329704510108865,0.336448598130841,0.38030303030303,0.388127853881279,0.389671361502347,0.295902883156297,0.384615384615385,0.382262996941896,0.489230769230769,0.388802488335925,0.273282442748092,0.38905325443787,0.788888888888889,0.382039573820396,0.689497716894977,0.320433436532508,0.775862068965517,0.392801251956182,0.388544891640867,0.389671361502347,0.309667673716012,0.303680981595092,0.314194577352472,0.318112633181126,0.305863708399366,0.307332293291732,0.373065015479876,0.31651376146789,0.387096774193548,0.377668308702791,0.556574923547401,0.613953488372093,0.322289156626506,0.309090909090909,0.698630136986301,0.386123680241327,0.817484662576687,0.304023845007452,0.737984496124031,0.318885448916409,0.312401883830455,0.376923076923077,0.314024390243902,0.303921568627451,0.655332302936631,0.483359746434231,0.319241982507289,0.79304897314376,0.802816901408451,0.309597523219814,0.29393468118196,0.31651376146789,0.78858024691358,0.686728395061728,0.384266263237519,0.2765625,0.386018237082067,0.693233082706767,0.374603174603175,0.783616692426584,0.312404287901991,0.320063694267516,0.393984962406015,0.385432473444613,0.961360123647604,0.377567140600316,0.395454545454545,0.385779122541604,0.315950920245399,0.312024353120244,0.38390092879257,0.319117647058824,0.701834862385321,0.309968847352025,0.94,0.325545171339564,0.615151515151515,0.309559939301973,0.380368098159509,0.381475667189953,0.783661119515885,0.634036144578313,0.310769230769231,0.301223241590214,0.510046367851623,0.427662957074722,0.373846153846154,0.391912908242613,0.320552147239264,0.375579598145286,0.973561430793157,0.380503144654088,0.314925373134328,0.804580152671756,0.315950920245399,0.314241486068111,0.368663594470046,0.60062893081761,0.38125,0.311145510835913,0.300469483568075,0.376327769347496,0.390505359877489,0.383928571428571,0.425431711145997,0.3801261829653,0.311349693251534,0.753012048192771,0.315301391035549,0.305111821086262,0.609939759036145,0.662015503875969,0.382165605095541,0.767692307692308,0.368258859784284,0.308755760368664,0.287319422150883,0.3843797856049,0.364906832298137,0.665658093797277,0.312121212121212,0.382882882882883,0.499250374812594,0.391891891891892,0.338855421686747,0.830482115085537,0.693251533742331,0.393175074183976,0.382397572078907,0.384858044164038,0.394695787831513,0.388305847076462,0.338830584707646,0.332824427480916,0.380664652567976,0.760064412238325,0.631415241057543,0.946808510638298,0.623622047244095,0.295665634674923,0.373271889400922,0.698907956318253,0.372519083969466,0.384969325153374,0.514372163388805,0.379256965944272,0.695121951219512,0.38863287250384,0.394944707740916,0.366197183098592,0.378834355828221
"262",0.3125,0.331738437001595,0.329113924050633,0.346518987341772,0.327503974562798,0.321316614420063,0.0129032258064516,0.335987261146497,0.329153605015674,0.563402889245586,0.331230283911672,0.630434782608696,0.523424878836834,0.33175355450237,1,1,0.611544461778471,0,0.3312,0.3198127925117,1,1,0.338607594936709,0.51875,0.325652841781874,1,1,0.34860883797054,0.3198127925117,0.52258064516129,1,0.592767295597484,0.375193798449612,0.995253164556962,0.6513470681458,0.322847682119205,0.135220125786164,0.326656394453005,1,0.316118935837246,0.00159235668789809,0,0,0.340255591054313,0.333333333333333,1,0.995222929936306,1,1,1,0.683385579937304,0.337096774193548,1,0.329173166926677,0.323390894819466,0.81421647819063,0.118210862619808,0.34181240063593,0.326625386996904,0.332268370607029,0.992283950617284,1,1,0.00483091787439614,0.324717285945073,0.333860759493671,0.638095238095238,0.338709677419355,0.602465331278891,1,0.325545171339564,1,1,0.29126213592233,0.161741835147745,0.332824427480916,1,0.993769470404984,0.333853354134165,1,0.592833876221498,1,1,0.343653250773994,1,0.336448598130841,0.329093799682035,0.343307086614173,0.327476038338658,0,0.336065573770492,0.343511450381679,0.671899529042386,0.578783151326053,0.322222222222222,0.62826420890937,0.669811320754717,0.328660436137072,0.12012987012987,0,0.322932917316693,0.609872611464968,1,0.3232,1,0.334394904458599,0,0.333865814696486,1,1,1,0.317535545023697,0.996884735202492,0.331230283911672,0.202143950995406,0.321592649310873,1,0.374407582938389,1,1,0.197819314641745,0.32182103610675,1,1,0.342271293375394,1,0.331825037707391,0.331288343558282,0.365203761755486,0.779661016949153,0.344262295081967,1,0.34185303514377,0.627480916030534,0.347402597402597,1,0,1,0.383411580594679,0.903814262023217,0.569157392686804,0.584518167456556,0.325358851674641,0.337190082644628,1,0.3296875,1,0.320634920634921,0.499212598425197,0.338461538461538,1,0.320695102685624,0.323763955342903,0.3376,0.338118022328549,1,0.315372424722662,1,0.433697347893916,0.340062111801242,1,0.335413416536661,1,0.579710144927536,0.337152209492635,1,0.335453100158982,0.326530612244898,0.34384858044164,0.985781990521327,0.340222575516693,1,0.338557993730408,1,0.332231404958678,1,0.581102362204724,0.320813771517997,0.0329489291598023,0.3125,0.328616352201258,1,0.321086261980831,0.324492979719189,0.335423197492163,0.34181240063593,1,1,0.334943639291465,0.341269841269841,1,1,0.335453100158982,0.236024844720497,0.0197268588770865,0.671406003159558,1,0.00159235668789809,0.333848531684699,1,0.333333333333333,0.323943661971831,0.326498422712934,0.996815286624204,1,1,0.33843797856049,0.32300163132137,0.332810047095761,0.669291338582677,0.317817014446228,1,0.342313787638669,1,1,0.44620253164557,0.344051446945338,0.334360554699538,0.338485316846986,0.314465408805031,0.322475570032573,0.635499207606973,1,1,0.32755905511811,0.00316455696202532,0.333843797856049,0.330289193302892,0.32967032967033,0.319875776397516,0.315541601255887,0.326687116564417,0.6828125,0.366043613707165,0.323854660347551,1,0.337060702875399,1,0.319875776397516,0.32258064516129,0.321656050955414,0.345218800648298,0.331730769230769,1,0.336973478939158,0.799363057324841,1,1,0.998394863563403,1,1,0.89983844911147,1,1,1,0.325471698113208,1,0.339285714285714,0,1,0.381475667189953,1,0.330658105939005,0.335949764521193,0.333333333333333,0.414285714285714,1,0.337519623233909,1,1,1,1,0,0.3248,1,1,0.336507936507937,1,0.336448598130841,1,1,0.321486268174475,0.342948717948718,0.315286624203822,0.148089171974522,0.332268370607029,0,0.588055130168453,1,0.336990595611285,0.333863275039746,0.570987654320988,1,1,0.336038961038961,0.347334410339257,1,0.649149922720247,0.679611650485437,0.327974276527331,0.335483870967742,0.993827160493827,0.34850863422292,0.309230769230769,1,0.331761006289308,0.313291139240506,1,0.321656050955414,0.331723027375201,0.330683624801272,0.326498422712934,1,1,1,0.321259842519685,0.336492890995261,0.0063391442155309,0.992050874403816,0.3344,1,1,0.327613104524181,0.335913312693498,0.310725552050473,0.336492890995261,0.325396825396825,1,0.318910256410256,0.322327044025157,0.564724919093851,1,0.846761453396525,1,0,1,0.335375191424196,1,1,0.415625,0.998442367601246,0.343499197431782,1,0.322222222222222,0.319554848966614,0.323390894819466,1,1,0.332293291731669,0.413223140495868,0.596825396825397,0.3104,1,1,1,0.336617405582923,1,0.203442879499218,1,1,1,1,0.343213728549142,1,0.336065573770492,0.348242811501597,0.667721518987342,0.313504823151125,1,0.333853354134165,0.333850931677019,0.325082508250825,1,0.3234375,1,0.344287949921753,0.47723704866562,0.336492890995261,0.33868378812199,0.331768388106416,1,0.332278481012658,0.326433121019108,1,1,0.333860759493671,0.326465927099842,1,0.472783825816485,0.33115823817292,0.336477987421384,0.340062111801242,0.669316375198728,1,0.315447154471545,1,0.418495297805643,0.318471337579618,0,0.883540372670807,0.329052969502408,0.334379905808477,0,0.033175355450237,0.979495268138801,0.33015873015873,1,0.319554848966614,0.33115823817292,1,0.339622641509434,0.334394904458599,0.657232704402516,1,0.334384858044164,0.332258064516129,1,0.326018808777429,0.312,1,0.334375,0.325842696629214,0.335443037974684,0.338072669826224,0.803125,1,0.982704402515723,1,1,0,1,0.993779160186625,1,0.42515923566879,0.9968,0.320813771517997,0.992272024729521,0.34913112164297,0.995290423861852,0.600917431192661,0.62085308056872,0.331782945736434,0.320987654320988,0.633228840125392,0.326923076923077,0,0.617554858934169,0.669902912621359,0.330188679245283,0,0.325471698113208,0.318181818181818,0.784911717495987,0.343701399688958,0.669291338582677,0.581967213114754,0.326433121019108,0.333850931677019,0.310832025117739,1,0.027231467473525,0,0.330745341614907,0.344339622641509,0.34850863422292,1,0.335949764521193,0.329173166926677,1,0.319182389937107,0.941548183254344,0.556818181818182,1,1,0.991762767710049,0.333846153846154,0.5875,0.339035769828927,0.32520325203252,0.333333333333333,0.422360248447205,1,0.323717948717949,1,0.334426229508197,0.329032258064516,1,0.338187702265372,1,0.338118022328549,1,1,0.335987261146497,0,1,0.333333333333333,1,0.561430793157076,1,0.507763975155279,1,0.564308681672026,1,0.33442088091354,1,1,1,0.324367088607595,0.332258064516129,0.332293291731669,0.358428805237316,0.335559265442404,0.327014218009479,1,0.337539432176656,1,1,0.335423197492163,0.330143540669856,0.327131782945736,0.40282131661442,0.337984496124031,1,1,0.342812006319115,0.334415584415584,0.615883306320908,0.583333333333333,0.332278481012658,0.321486268174475,1,0.323854660347551,0.332822085889571,0.995275590551181,0.322475570032573,0.323854660347551,0,0.137770897832817,0.328050713153724,0.667692307692308,0.32120253164557,0.336990595611285,0.591331269349845,0.998417721518987,0.32695374800638,1,0.324881141045959,0.359098228663446,0.3264,0.471786833855799,0.328593996840442,1,0.330173775671406,0.330708661417323,0.351132686084142,0.675344563552833,1,0.337620578778135,0.335949764521193,0,0.338582677165354,0.9984375,0.954330708661417,1,0.329153605015674,0.337984496124031,0.33115823817292,0.578294573643411,1,0.591205211726384,0.344,1,1,0.965463108320251,0.661881977671451,0.337519623233909,0.36734693877551,0.333333333333333,0.3296875,1,1,0.506369426751592,0.624595469255663,1,1,0.998456790123457,0.673667205169628,1,0.341984732824427,0.666666666666667,1,0.335974643423138,0.330097087378641,0.328638497652582,0.996904024767802,1,0.63768115942029,0.33125,1,1,0.340062111801242,0.32695374800638,0.998422712933754,0,0.331707317073171,0.325471698113208,0.00643086816720257,0.326053042121685,1,0.324281150159744,1,0.142633228840125,0,0.905775075987842,0.341269841269841,1,1,0,0,0.337641357027464,1,0.32695374800638,0.998452012383901,0.322734499205087,1,1,0.9625,0.780564263322884,1,1,0.00626959247648903,1,0.516501650165016,0.33968253968254,0.653061224489796,0.336448598130841,1,0.323717948717949,0.660225442834139,1,1,0.33605220228385,0.609090909090909,0.341614906832298,0.582664526484751,0.971383147853736,0.34913112164297,0.594637223974763,0.0126382306477093,0.318611987381703,0.333855799373041,0.32967032967033,1,0.623052959501558,0.325,0.889423076923077,0.5744,0.965785381026439,1,1,0.327073552425665,0.352941176470588,0.319805194805195,0.329192546583851,0.319182389937107,0.596573208722741,0.321981424148607,0,0.659541984732824,0.9984375,0.338028169014085,0.323151125401929,0.33931484502447,0.328725038402458,0.594594594594595,1,0.344667697063369,0.351524879614767,0.343042071197411,0.335473515248796,0.3234375,0.328571428571429,0.183229813664596,0.661881977671451,0.328548644338118,0.583987441130298,1,0.240887480190174,0.333333333333333,0.926517571884984,1,1,0.328548644338118,0.617693522906793,1,0.329073482428115,0.314785373608903,0.949346405228758,1,1,0.998360655737705,0.330188679245283,1,1,0.899361022364217,1,0.362790697674419,1,0.586261980830671,1,0.65818759936407,0.32018927444795,0.590982286634461,1,1,0.992025518341308,0.33489827856025,0.338072669826224,0.334959349593496,0.331761006289308,0.344262295081967,0.341423948220065,0.979066022544283,0.327586206896552,1,1,0.722741433021807,0,0.333333333333333,0.332283464566929,0.672281776416539,1,0.55205047318612,0.33693972179289,0.635792778649921,0.326465927099842,0.335537190082645,1,0.329113924050633,0.33112582781457,0.7008,0.909390444810544,0.339339339339339,0.594976452119309,0.567524115755627,0.338006230529595,0.334935897435897,0.316037735849057,0.58609794628752,0.672413793103448,1,0.892628205128205,1,0.654205607476635,0.996810207336523,0.576051779935275,0.326433121019108,0.329581993569132,1,1,0.428346456692913,0.993579454253612,0.996908809891808,1,0.32807570977918,0.336,1,0.331818181818182,0.669242658423493,0.345104333868379,0.447619047619048,0.316129032258064,0,0.324921135646688,1,1,0.584758942457232,0,0.349529780564263,0.331738437001595,0.107371794871795,0.422950819672131,1,1,0.330173775671406,1,0.415748031496063,1,0.341013824884793,0.571205007824726,0.342356687898089,0.331189710610932,1,0,1,0.318910256410256,0.338118022328549,1,1,1,0.454689984101749,1,0.333868378812199,0.605304212168487,0.34012539184953,0.336065573770492,0,0.0403225806451613,1,0.61214953271028,1,0.341232227488152,0.336538461538462,1,1,0.175548589341693,0.322115384615385,1,0.905511811023622,1,0.333846153846154,0.19620253164557,0.649122807017544,1,1,1,1,1,0.305164319248826,0.317111459968603,1,0.114516129032258,0,0.443234836702955,0,0.336,1,0.6672,1,1,0.892355694227769,1,0.65990639625585,1,1,1,1
"263",1,1,1,1,1,1,0.692939244663383,1,1,0.0988467874794069,1,0.0469483568075117,0.808846761453397,1,0.317152103559871,0.308176100628931,0.0671875,0.682119205298013,1,1,0.290113452188006,0.317666126418152,1,0.16025641025641,1,0.325358851674641,0.321895424836601,1,1,0.783034257748777,0.308176100628931,0.725,0.962264150943396,0.322834645669291,0,1,0.542673107890499,1,0.307926829268293,1,0.662939297124601,0.670364500792393,0.6875,1,1,0.321428571428571,0.314194577352472,0.311320754716981,0.324492979719189,0.327073552425665,0,1,0.313971742543171,1,1,0.479935794542536,0.552117263843648,1,1,1,0.325471698113208,0.3216,0.318611987381703,0.672496025437202,1,1,0.0369774919614148,1,0.061633281972265,0.31937984496124,1,0.315132605304212,0.327922077922078,0.965630114566285,0.509433962264151,1,0.313084112149533,0.344186046511628,1,0.312803889789303,0.0921052631578947,0.334410339256866,0.325358851674641,1,0.338095238095238,1,1,1,1,0.686708860759494,1,1,0.00157977883096367,0.107424960505529,1,0.0503937007874016,0,1,0.557911908646003,0.671974522292994,1,0.0613207547169811,0.308681672025723,1,0.319182389937107,1,0.68312101910828,1,0.324921135646688,0.318840579710145,0.321428571428571,1,0.328025477707006,1,0.478260869565217,1,0.30952380952381,0.3015625,0.326120556414219,0.3184,0.4768,1,0.321538461538462,0.316129032258064,1,0.305511811023622,1,1,0.331730769230769,0.552795031055901,1,0.322274881516588,1,0.0446153846153846,1,0.31924882629108,0.674015748031496,0.331189710610932,0.924679487179487,0.426446280991736,0.10410094637224,0.0961538461538462,1,1,0.33596214511041,1,0.324159021406728,1,0.8,1,0.326797385620915,1,1,1,1,0.332794830371567,1,0.323624595469256,0.252730109204368,1,0.316118935837246,1,0.3,0.0878048780487805,1,0.311793214862682,1,1,1,0.340659340659341,1,0.330645161290323,1,0.310509554140127,1,0.322784810126582,0.0784929356357928,1,0.624382207578254,1,1,0.321486268174475,1,1,1,1,0.31687898089172,0.310452418096724,1,1,0.31875,0.312297734627832,1,0.447284345047923,0.658093797276853,0,0.320695102685624,0.6672,1,0.324031007751938,1,1,1,0.31911532385466,0.319182389937107,0.32794830371567,1,1,1,0,1,0.311688311688312,0.96984126984127,0.323101777059774,0.303174603174603,0.744075829383886,1,1,1,1,1,0.0500807754442649,0.32,0.318611987381703,1,0.675632911392405,1,1,0.998384491114701,1,1,1,0.00316957210776545,0.322033898305085,1,0.316720257234727,1,0.301412872841444,1,1,1,1,1,0.330112721417069,1,0.507269789983845,0.327044025157233,0.332278481012658,0.315270935960591,0.328525641025641,0.339652448657188,0.412238325281804,0.334384858044164,0.320754716981132,0.326366559485531,1,0.324281150159744,1,0.684867394695788,0.322033898305085,0.313084112149533,0.330658105939005,1,1,1,0.266881028938907,0.318037974683544,1,0.32484076433121,0.329754601226994,0.319422150882825,0.322327044025157,0.673534072900158,1,0.322378716744914,0.310789049919485,1,0.306055646481178,1,0.315047021943574,0.316211878009631,1,1,1,0.537854889589905,1,0.684627575277338,0.0844854070660522,0.322784810126582,1,1,0.0960629921259843,0.329133858267717,0.32794830371567,1,1,0.312401883830455,0.0222222222222222,0.00164744645799012,1,1,0.338485316846986,0.998415213946117,1,0.307570977917981,1,1,0.312302839116719,1,1,1,1,0.328025477707006,0.313479623824451,0.324104234527687,1,1,0.666666666666667,0.323248407643312,1,0.31937984496124,0.303514376996805,1,1,1,1,1,0.330081300813008,1,1,0.109477124183007,0.331259720062208,0.495253164556962,0.312796208530806,0.668276972624799,0.318181818181818,1,0.314606741573034,0.337060702875399,0.255924170616114,0.327014218009479,1,0.325688073394495,1,1,1,0.307941653160454,0.324492979719189,1,0.923076923076923,0.0693548387096774,1,0.315372424722662,0.31629392971246,0.316558441558442,1,0.335423197492163,0.46984126984127,0.32807570977918,0.311501597444089,0.318327974276527,0.311111111111111,1,0.317817014446228,1,1,0,1,0.333868378812199,1,1,1,0.332794830371567,1,0.31219512195122,1,0.837579617834395,1,1,1,0.3203125,1,1,0.3125,0.32018927444795,1,1,0.31378763866878,0.188383045525903,1,1,1,0,0.310789049919485,1,0.309033280507132,0.248397435897436,1,0.674603174603175,0.4359375,1,1,0.673748103186646,0.686900958466454,0.352380952380952,1,0.322683706070288,1,1,0.334943639291465,1,1,0.00797448165869218,0.326498422712934,1,1,0.325842696629214,1,1,0.317307692307692,0.337519623233909,1,1,1,0.52276295133438,0.310618066561014,0.349025974025974,0.316358024691358,0.327044025157233,0.684210526315789,0.327586206896552,0.3232,0.316037735849057,0.247208931419458,0.318327974276527,1,0.32398753894081,1,0.320754716981132,0.0825688073394495,0.0520504731861199,1,1,0.0388198757763975,1,0.683385579937304,0.0476190476190476,0.012779552715655,1,0.676656151419558,1,1,0.550724637681159,1,0,0.0740131578947368,1,1,1,0.321027287319422,0.64,0.697865353037767,0.992175273865415,1,0.982731554160126,0.308306709265176,0.346092503987241,1,0.307568438003221,1,0.370892018779343,0.109854604200323,0.30564263322884,0.324921135646688,0.334476843910806,1,0.0821484992101106,1,1,1,0.26625386996904,0.322528363047002,1,0.316720257234727,1,1,0.320251177394035,1,0.325190839694657,1,0.315372424722662,0.321259842519685,1,0.677316293929712,0.321928460342146,1,0.313408723747981,0.753554502369668,0.326656394453005,0.164012738853503,0.322085889570552,0.770833333333333,0.312602291325696,1,0.326498422712934,0.33968253968254,0.295489891135303,1,1,1,0.967213114754098,0.346972176759411,1,0.327272727272727,1,0.330536912751678,0.327160493827161,1,1,1,0.917460317460317,1,0.306976744186047,0.319875776397516,1,1,0.0496794871794872,0.0827922077922078,1,1,0.306451612903226,1,1,0.326332794830372,1,1,0.681889763779528,0.530139103554869,1,0,1,1,0.101880877742947,0.323854660347551,1,0.328525641025641,1,0.964630225080386,1,0.811912225705329,1,0.327390599675851,1,1,1,0,0.322689075630252,1,1,0.662358642972536,1,0.322169059011164,0.361198738170347,0.321372854914197,1,1,1,0.0944272445820433,0.319218241042345,0.0907617504051864,1,0.318952234206472,0.314553990610329,0.356918238993711,0,1,0.956937799043062,1,1,0.325842696629214,0.295208655332303,0.165869218500797,0.0394321766561514,0.312401883830455,0.315024232633279,0.326018808777429,0.00161812297734628,0.317535545023697,1,0,0.317829457364341,1,1,1,0.320695102685624,0.325038880248834,0.0382059800664452,1,0.312101910828025,0.31055900621118,1,1,0.316535433070866,0.680921052631579,1,1,0.68621236133122,1,0.306976744186047,1,0.324881141045959,0.524105754276827,0.671317829457364,0.410575427682737,1,0.302003081664099,0.324960753532182,0.679186228482003,0.666666666666667,1,0.322429906542056,1,0.324031007751938,1,0.31629392971246,0.314516129032258,0.353677621283255,0.527301092043682,0.316211878009631,0.318471337579618,0.666141732283465,0.3234375,0.152597402597403,1,0,1,0.3,1,0,0.326892109500805,0.317073170731707,1,0.0591805766312595,1,0.0842787682333874,0.336,1,0.0712025316455696,0.664025356576862,1,1,1,0.314475873544093,0.0431432973805855,1,0.413461538461538,0.101777059773829,0.353218210361067,0.320433436532508,0.331278890600925,1,1,1,1,1,0.0693374422187981,0.998452012383901,0.683544303797468,0.00301659125188537,0.329133858267717,1,1,1,1,0.0867507886435331,0.310077519379845,1,1,1,1,1,1,0.485271317829457,0.00162337662337662,1,0.0852713178294574,0.315955766192733,0.430124223602484,1,0.390127388535032,0.313953488372093,0.319182389937107,1,0.0427215189873418,0.322932917316693,1,1,0.364365971107544,0.313572542901716,0.312698412698413,0.32741935483871,1,0.322115384615385,0.321711568938193,0.42443729903537,0.322632423756019,0.975270479134467,0.312788906009245,0.0825082508250825,0.330143540669856,0,1,0.0906200317965024,0.318255250403877,0.327014218009479,0.321543408360129,1,1,1,1,1,1,0.339285714285714,1,0.319422150882825,0.315878378378378,0.610492845786963,0.671451355661882,1,1,0,0.317683881064163,0.12241653418124,1,0.041335453100159,1,1,0.316957210776545,1,1,0.628205128205128,0.420098846787479,0.997037037037037,0.0809061488673139,0.100638977635783,1,1,1,0.0922098569157393,0,0.314641744548287,0.422047244094488,0.316279069767442,0,0.324717285945073,0.0894308943089431,1,1,0.322530864197531,0.320634920634921,0.243243243243243,0.330670926517572,0.317610062893082,0.3184,1,1,0.322115384615385,1,0,1,0.226688102893891,1,0.671899529042386,1,0.31139646869984,0.307438016528926,0.080188679245283,0.669254658385093,1,1,0.782334384858044,0.894308943089431,0.327390599675851,0.319805194805195,1,0.323854660347551,0.256735340729002,0.324324324324324,1,0.105015673981191,1,1,0.321144674085851,0.677884615384615,0.31023102310231,1,1,0.308661417322835,0.306853582554517,0.324031007751938,0.8544,0.311793214862682,1,0.0581761006289308,1,1,0.696682464454976,0.6513470681458,0.32569558101473,0.0602218700475436,0.331730769230769,1,1,0.309791332263242,0.332805071315372,0.61259842519685,1,0.313385826771654,0.376947040498442,0.312698412698413,0.985915492957746,0.47588424437299,0.00469483568075117,0.309375,0.329173166926677,0.330658105939005,0.314516129032258,0.323029366306028,0.973846153846154,1,0.312202852614897,0.544117647058823,0.6816,0.235478806907378,0.683870967741935,1,0.318681318681319,0.00160513643659711,0.33122028526149,0.313971742543171,0.369426751592357,0.32794830371567,0,0.346581875993641,0.322222222222222,0.3264,0.311605723370429
"264",1,1,1,1,1,1,0.702093397745572,1,1,0.0946166394779772,1,0.0392464678178964,0.830940988835726,1,0.322274881516588,0.311145510835913,0.053968253968254,0.684640522875817,1,1,0.292063492063492,0.319422150882825,1,0.152886115444618,1,0.331775700934579,0.320261437908497,1,1,0.813694267515924,0.308641975308642,0.751962323390895,0.974763406940063,0.32018927444795,0,1,0.527216174183515,1,0.303353658536585,1,0.661392405063291,0.676056338028169,0.68798751950078,1,1,0.320261437908497,0.313099041533546,0.312404287901991,0.327014218009479,0.324451410658307,0,1,0.317972350230415,1,1,0.505546751188589,0.543548387096774,1,1,1,0.337007874015748,0.316720257234727,0.314785373608903,0.6768,1,1,0.0317965023847377,1,0.0505359877488515,0.324116743471582,1,0.324534161490683,0.324104234527687,0.966237942122186,0.489028213166144,1,0.308868501529052,0.338028169014085,1,0.315619967793881,0.0833333333333333,0.324324324324324,0.329652996845426,1,0.344339622641509,1,1,1,1,0.68380062305296,1,1,0.0015625,0.104265402843602,1,0.0393939393939394,0,1,0.554649265905383,0.67258064516129,1,0.0483619344773791,0.312698412698413,1,0.310897435897436,1,0.682965299684543,1,0.316957210776545,0.323296354992076,0.324574961360124,1,0.33122028526149,1,0.480798771121352,1,0.3152,0.290519877675841,0.322085889570552,0.318681318681319,0.467817896389325,0.9984375,0.323529411764706,0.317307692307692,1,0.314375987361769,1,1,0.317683881064163,0.542682926829268,1,0.316211878009631,1,0.0363636363636364,1,0.316037735849057,0.67192429022082,0.337025316455696,0.941082802547771,0.436392914653784,0.100158982511924,0.094488188976378,1,1,0.341085271317829,1,0.317484662576687,1,0.820031298904538,1,0.327922077922078,1,1,1,1,0.340189873417722,1,0.319554848966614,0.24251968503937,1,0.317757009345794,1,0.304278922345483,0.0834670947030498,1,0.314285714285714,1,1,1,0.338533541341654,1,0.330188679245283,1,0.304212168486739,1,0.320634920634921,0.0704225352112676,1,0.631493506493506,1,1,0.31869918699187,1,1,1,1,0.318611987381703,0.312111801242236,1,0.998412698412698,0.322033898305085,0.3056,1,0.439749608763693,0.660578386605784,0,0.3203125,0.66877971473851,1,0.320872274143302,1,0.998456790123457,1,0.31924882629108,0.323029366306028,0.319935691318328,1,1,1,0,1,0.307570977917981,0.975116640746501,0.322734499205087,0.315873015873016,0.741379310344828,1,1,1,1,1,0.0399361022364217,0.314553990610329,0.329704510108865,1,0.683229813664596,1,1,0.998412698412698,0.998427672955975,1,1,0.0046875,0.3,1,0.3104,1,0.307448494453249,1,1,1,1,1,0.327476038338658,1,0.522364217252396,0.328525641025641,0.333333333333333,0.3184,0.318181818181818,0.339144215530903,0.422764227642276,0.337539432176656,0.319938176197836,0.319314641744548,1,0.326498422712934,1,0.686728395061728,0.318037974683544,0.298921417565485,0.335949764521193,1,1,1,0.244766505636071,0.311526479750779,1,0.323763955342903,0.329173166926677,0.316118935837246,0.321766561514196,0.684627575277338,1,0.324031007751938,0.317152103559871,1,0.302884615384615,1,0.312693498452012,0.315372424722662,1,1,1,0.522364217252396,1,0.686427457098284,0.0811638591117917,0.31974921630094,1,1,0.0946372239747634,0.322932917316693,0.327447833065811,1,1,0.308176100628931,0.0204724409448819,0.00321027287319422,1,1,0.344287949921753,1,1,0.319875776397516,1,1,0.31924882629108,1,1,1,1,0.327447833065811,0.312788906009245,0.32741935483871,1,1,0.66875,0.314873417721519,1,0.3171875,0.308917197452229,1,1,0.998452012383901,1,1,0.322784810126582,1,1,0.107717041800643,0.337423312883436,0.488853503184713,0.317111459968603,0.664,0.316770186335404,1,0.312101910828025,0.338095238095238,0.239567233384853,0.326086956521739,1,0.331811263318113,1,1,1,0.31139646869984,0.3328173374613,0.9984375,0.929853181076672,0.0575079872204473,1,0.318252730109204,0.321027287319422,0.314009661835749,1,0.329738058551618,0.450549450549451,0.327160493827161,0.307086614173228,0.3104,0.305993690851735,1,0.324324324324324,1,1,0,1,0.321656050955414,1,1,1,0.330696202531646,1,0.309178743961353,1,0.84458398744113,1,1,1,0.316770186335404,1,1,0.314375987361769,0.315955766192733,1,1,0.319182389937107,0.188562596599691,1,0.998420221169036,1,0,0.314375987361769,1,0.308056872037915,0.230647709320695,1,0.670826833073323,0.436728395061728,1,1,0.676783004552352,0.705511811023622,0.34850863422292,1,0.329635499207607,1,1,0.330658105939005,1,0.998407643312102,0.00782472613458529,0.330683624801272,1,1,0.323763955342903,1,1,0.308064516129032,0.321372854914197,1,1,1,0.550156739811912,0.306603773584906,0.344444444444444,0.31859756097561,0.328682170542636,0.685714285714286,0.328616352201258,0.327044025157233,0.317901234567901,0.2296875,0.31869918699187,1,0.312883435582822,0.998392282958199,0.312597200622084,0.0752688172043011,0.0446841294298921,1,1,0.0317965023847377,1,0.681957186544342,0.0359375,0.0095389507154213,1,0.682170542635659,1,1,0.537242472266244,1,0,0.067741935483871,1,1,1,0.324367088607595,0.645112781954887,0.693181818181818,0.995363214837713,1,0.984520123839009,0.300157977883096,0.322884012539185,1,0.300476947535771,1,0.373817034700315,0.103833865814696,0.312893081761006,0.320121951219512,0.32994923857868,1,0.0753532182103611,1,1,1,0.243865030674847,0.328050713153724,1,0.317152103559871,1,1,0.308176100628931,1,0.326219512195122,1,0.314194577352472,0.325396825396825,1,0.673534072900158,0.321699544764795,1,0.311111111111111,0.78806907378336,0.318461538461538,0.156739811912226,0.319508448540707,0.791732909379968,0.316129032258064,1,0.3234375,0.34,0.299524564183835,1,1,1,0.970394736842105,0.32843137254902,1,0.324717285945073,1,0.315270935960591,0.322530864197531,1,1,1,0.922712933753943,1,0.316923076923077,0.322884012539185,1,1,0.04,0.0747217806041336,1,1,0.303030303030303,1,1,0.311912225705329,1,1,0.6828125,0.526234567901235,1,0,1,1,0.0987654320987654,0.319685039370079,1,0.326086956521739,0.998412698412698,0.972886762360447,0.998417721518987,0.828393135725429,1,0.333333333333333,1,1,1,0,0.317073170731707,1,1,0.667726550079491,1,0.3234375,0.365930599369085,0.32967032967033,1,1,1,0.0844854070660522,0.326860841423948,0.0812101910828025,0.9984,0.314900153609831,0.313755795981453,0.363636363636364,0,1,0.96417445482866,1,1,0.330658105939005,0.311145510835913,0.155309033280507,0.0345911949685535,0.322222222222222,0.321027287319422,0.326120556414219,0.0016025641025641,0.316614420062696,1,0,0.324960753532182,1,1,1,0.325115562403698,0.318818040435459,0.0296540362438221,1,0.318037974683544,0.311912225705329,1,1,0.324921135646688,0.682926829268293,1,1,0.695102685624013,1,0.307453416149068,1,0.315217391304348,0.510140405616225,0.670807453416149,0.402173913043478,1,0.303680981595092,0.319444444444444,0.68025078369906,0.665137614678899,1,0.333848531684699,1,0.323029366306028,1,0.323296354992076,0.310509554140127,0.355345911949686,0.529874213836478,0.316211878009631,0.310679611650485,0.65814696485623,0.322429906542056,0.147249190938511,1,0,1,0.297124600638978,1,0,0.326984126984127,0.322061191626409,1,0.0468986384266263,1,0.0801282051282051,0.335443037974684,1,0.0538827258320127,0.67246835443038,1,1,1,0.306320907617504,0.0323574730354391,1,0.431746031746032,0.0964630225080386,0.3640625,0.326625386996904,0.327102803738318,1,1,1,1,1,0.0527131782945736,0.995297805642633,0.690031152647975,0.00453172205438067,0.324534161490683,1,1,1,1,0.0851393188854489,0.315217391304348,1,1,1,1,1,1,0.472136222910217,0.00157232704402516,1,0.0758513931888545,0.325038880248834,0.412322274881517,1,0.395799676898223,0.313628899835796,0.314553990610329,1,0.0376766091051805,0.324451410658307,1,1,0.381107491856678,0.315707620528771,0.30829420970266,0.320907617504052,0.998454404945904,0.33495145631068,0.3234375,0.416932907348243,0.320754716981132,0.975308641975309,0.317073170731707,0.0794912559618442,0.332810047095761,0,1,0.0842607313195548,0.309294871794872,0.320063694267516,0.324451410658307,1,1,1,1,1,1,0.340872374798061,1,0.317610062893082,0.319078947368421,0.607476635514019,0.677777777777778,1,1,0,0.314112291350531,0.116613418530351,0.998463901689708,0.0359375,1,1,0.316045380875203,1,1,0.620967741935484,0.416528925619835,0.995440729483283,0.0738362760834671,0.0938511326860841,1,1,1,0.0858034321372855,0,0.31875,0.42654028436019,0.321372854914197,0,0.335443037974684,0.0790322580645161,1,1,0.320061255742726,0.313385826771654,0.233908948194662,0.341384863123994,0.315950920245399,0.322378716744914,1,1,0.330696202531646,1,0,1,0.215873015873016,1,0.674418604651163,1,0.317034700315457,0.304347826086957,0.0671875,0.66304347826087,1,1,0.794585987261146,0.894991922455573,0.318979266347687,0.309677419354839,1,0.321766561514196,0.240829346092504,0.323248407643312,1,0.101404056162246,1,1,0.315286624203822,0.674757281553398,0.3216,1,1,0.303738317757009,0.314285714285714,0.32,0.856459330143541,0.3168,1,0.0498442367601246,1,1,0.696594427244582,0.646964856230032,0.324013157894737,0.0503937007874016,0.324881141045959,1,1,0.303030303030303,0.334389857369255,0.616852146263911,1,0.312977099236641,0.37442218798151,0.311526479750779,0.98297213622291,0.462757527733756,0.00313479623824451,0.304615384615385,0.326053042121685,0.334928229665072,0.314102564102564,0.323529411764706,0.97191887675507,1,0.315625,0.5424,0.680713128038898,0.224648985959438,0.687296416938111,1,0.326086956521739,0.00158982511923688,0.332273449920509,0.318181818181818,0.36875,0.324324324324324,0,0.332810047095761,0.312698412698413,0.326860841423948,0.317610062893082
"265",1,1,1,1,1,1,0.710144927536232,1,1,0.0980392156862745,1,0.0465116279069767,0.812995245641838,1,0.315873015873016,0.30077519379845,0.0661417322834646,0.685245901639344,1,1,0.285261489698891,0.313880126182965,1,0.151326053042122,1,0.321928460342146,0.312297734627832,1,1,0.793929712460064,0.302507836990596,0.721617418351477,0.965354330708661,0.300940438871473,0,1,0.544740973312402,1,0.291793313069909,1,0.667731629392971,0.682737169517885,0.693374422187982,1,1,0.308426073131955,0.304140127388535,0.307453416149068,0.316279069767442,0.323574730354391,0,1,0.304347826086957,1,1,0.492012779552716,0.567260940032415,1,1,1,0.320754716981132,0.314152410575428,0.3152,0.68621236133122,1,1,0.0353846153846154,1,0.0612557427258806,0.314641744548287,1,0.312796208530806,0.325281803542673,0.964630225080386,0.510236220472441,1,0.307458143074581,0.331782945736434,1,0.316639741518578,0.0892857142857143,0.32120253164557,0.316118935837246,1,0.332298136645963,1,1,1,1,0.695787831513261,1,1,0,0.108864696734059,1,0.0474006116207951,0,1,0.558966074313409,0.68,1,0.0551181102362205,0.30503144654088,1,0.312796208530806,1,0.6875,1,0.320433436532508,0.314728682170543,0.312883435582822,1,0.317535545023697,1,0.492979719188768,1,0.311912225705329,0.303599374021909,0.325190839694657,0.306349206349206,0.488958990536278,1,0.314984709480122,0.304347826086957,1,0.295774647887324,1,1,0.326687116564417,0.541729893778452,1,0.315625,1,0.0424242424242424,1,0.303543913713405,0.677469135802469,0.32398753894081,0.929577464788732,0.434640522875817,0.10410094637224,0.0967238689547582,1,1,0.325508607198748,1,0.317700453857791,1,0.807098765432099,1,0.319488817891374,1,1,1,1,0.332273449920509,1,0.317460317460317,0.260530421216849,1,0.309230769230769,1,0.305555555555556,0.0878594249201278,1,0.310832025117739,1,1,1,0.323529411764706,1,0.325984251968504,1,0.301391035548686,1,0.308917197452229,0.0752351097178683,1,0.63258785942492,1,1,0.313099041533546,1,1,1,1,0.318681318681319,0.309707241910632,1,1,0.315217391304348,0.305732484076433,1,0.451104100946372,0.666163141993958,0,0.310344827586207,0.674528301886792,1,0.318112633181126,1,1,1,0.30952380952381,0.316998468606432,0.319870759289176,1,1,1,0,1,0.301612903225806,0.97007874015748,0.320754716981132,0.304953560371517,0.747286821705426,1,1,1,1,1,0.0438184663536776,0.307692307692308,0.323619631901841,1,0.684292379471229,1,1,0.998420221169036,1,1,1,0.00151975683890578,0.323216995447648,1,0.306709265175719,1,0.293103448275862,1,1,1,1,1,0.325396825396825,1,0.5103668261563,0.321316614420063,0.315789473684211,0.308186195826645,0.314873417721519,0.326433121019108,0.424483306836248,0.327014218009479,0.304075235109718,0.299843014128728,1,0.321711568938193,1,0.688172043010753,0.311320754716981,0.311349693251534,0.333333333333333,1,1,1,0.26550079491256,0.307210031347962,1,0.3184,0.320121951219512,0.3104,0.319875776397516,0.690513219284603,1,0.318885448916409,0.311216429699842,1,0.304761904761905,1,0.30521472392638,0.303174603174603,1,1,1,0.543035993740219,1,0.690031152647975,0.0837138508371385,0.31974921630094,1,1,0.0979782270606532,0.315301391035549,0.323717948717949,1,1,0.302325581395349,0.0235109717868339,0.00159744408945687,1,1,0.336923076923077,0.998432601880878,1,0.307692307692308,1,1,0.318611987381703,1,1,1,1,0.316118935837246,0.316109422492401,0.322528363047002,1,1,0.678516228748068,0.311004784688995,1,0.309559939301973,0.30173775671406,1,1,1,1,1,0.31687898089172,1,1,0.107594936708861,0.333843797856049,0.496845425867508,0.300955414012739,0.682316118935837,0.311627906976744,1,0.301261829652997,0.319182389937107,0.260530421216849,0.320872274143302,1,0.31859756097561,1,1,1,0.309148264984227,0.312401883830455,1,0.925632911392405,0.0679304897314376,1,0.304821150855365,0.316211878009631,0.3056,1,0.319444444444444,0.4765625,0.316037735849057,0.296411856474259,0.314102564102564,0.312597200622084,1,0.322115384615385,1,1,0,1,0.312989045383412,1,1,1,0.324881141045959,1,0.30048465266559,1,0.842679127725857,1,1,1,0.303265940902022,1,1,0.308056872037915,0.309148264984227,1,1,0.306603773584906,0.193199381761978,1,1,1,0,0.30064308681672,1,0.300955414012739,0.243630573248408,1,0.682170542635659,0.43206106870229,1,1,0.683001531393568,0.706349206349206,0.346518987341772,1,0.311811023622047,1,1,0.325,1,1,0.00479233226837061,0.317610062893082,1,1,0.315873015873016,1,1,0.297770700636943,0.335925349922239,1,1,1,0.531055900621118,0.303076923076923,0.340157480314961,0.313455657492355,0.324451410658307,0.692063492063492,0.320872274143302,0.317535545023697,0.308755760368664,0.245253164556962,0.320063694267516,1,0.313178294573643,1,0.313479623824451,0.0834597875569044,0.0529595015576324,1,1,0.0408163265306122,1,0.688751926040062,0.0457413249211356,0.00963081861958266,1,0.685358255451713,1,1,0.540752351097179,1,0,0.0709779179810726,1,1,1,0.321086261980831,0.647761194029851,0.6996699669967,0.995356037151703,1,0.985915492957746,0.298904538341158,0.332797427652733,1,0.29093799682035,1,0.363067292644757,0.102564102564103,0.303599374021909,0.317484662576687,0.336134453781513,1,0.0806697108066971,1,1,1,0.262917933130699,0.315705128205128,1,0.314009661835749,1,1,0.304953560371517,1,0.324200913242009,1,0.309262166405024,0.315457413249211,1,0.678855325914149,0.313636363636364,1,0.309262166405024,0.764984227129338,0.311145510835913,0.160125588697017,0.314589665653495,0.772870662460568,0.301109350237718,1,0.319314641744548,0.3328125,0.293291731669267,1,1,1,0.96742671009772,0.343137254901961,1,0.3136,1,0.31953642384106,0.311349693251534,1,1,1,0.917851500789889,1,0.309119010819165,0.314241486068111,1,1,0.0528,0.0810810810810811,1,1,0.300955414012739,1,1,0.299840510366826,1,1,0.686119873817035,0.540706605222734,1,0,1,1,0.099236641221374,0.313880126182965,1,0.3109375,1,0.963779527559055,1,0.823255813953488,1,0.319935691318328,1,1,1,0,0.311183144246353,1,1,0.672496025437202,1,0.312796208530806,0.363777089783282,0.320695102685624,1,1,1,0.0927357032457496,0.320063694267516,0.0909090909090909,1,0.31039755351682,0.304747320061256,0.353407290015848,0,1,0.956318252730109,1,1,0.313195548489666,0.303076923076923,0.160883280757098,0.0394944707740916,0.320433436532508,0.303858520900322,0.324615384615385,0,0.317610062893082,1,0,0.316692667706708,1,1,1,0.308755760368664,0.31859756097561,0.0356564019448947,1,0.304975922953451,0.303738317757009,1,1,0.313479623824451,0.698872785829308,1,1,0.697305863708399,1,0.30077519379845,1,0.309859154929577,0.530959752321981,0.677469135802469,0.400914634146341,1,0.294478527607362,0.311216429699842,0.685758513931889,0.670826833073323,1,0.320987654320988,1,0.320552147239264,1,0.315955766192733,0.306709265175719,0.348580441640379,0.524256651017214,0.315112540192926,0.303656597774245,0.661442006269592,0.310725552050473,0.150081566068515,1,0,1,0.285024154589372,1,0,0.31496062992126,0.311708860759494,1,0.0570570570570571,1,0.0864779874213836,0.337007874015748,1,0.0663507109004739,0.674491392801252,1,1,1,0.308196721311475,0.0423197492163009,1,0.436708860759494,0.0955414012738854,0.353941267387944,0.313084112149533,0.324159021406728,1,1,1,1,1,0.0657492354740061,0.995412844036697,0.694915254237288,0.00151515151515152,0.315384615384615,1,1,1,1,0.0900621118012422,0.313178294573643,1,1,1,1,1,1,0.492331288343558,0,1,0.0829493087557604,0.317901234567901,0.436507936507937,1,0.395498392282958,0.304276315789474,0.307086614173228,1,0.0391236306729265,0.313084112149533,1,1,0.372827804107425,0.300623052959502,0.301538461538462,0.308064516129032,1,0.3248,0.303738317757009,0.410094637223975,0.313099041533546,0.972136222910217,0.311278195488722,0.0840064620355412,0.317683881064163,0,1,0.0894568690095847,0.302547770700637,0.312989045383412,0.307448494453249,1,1,1,1,1,1,0.336492890995261,1,0.307324840764331,0.317512274959083,0.605546995377504,0.688709677419355,1,1,0,0.311349693251534,0.115625,1,0.0334928229665072,1,1,0.3104,1,1,0.622186495176849,0.418831168831169,0.997005988023952,0.0797448165869219,0.101105845181675,1,1,1,0.0871632329635499,0,0.314900153609831,0.428571428571429,0.310136157337368,0,0.323296354992076,0.0886075949367089,1,1,0.316279069767442,0.31619937694704,0.247208931419458,0.330683624801272,0.311349693251534,0.315789473684211,1,1,0.323151125401929,1,0,1,0.236593059936909,1,0.677621283255086,1,0.307570977917981,0.304140127388535,0.0768049155145929,0.686544342507645,1,1,0.783825816485226,0.898858075040783,0.313195548489666,0.31378763866878,1,0.317384370015949,0.259083728278041,0.311605723370429,1,0.102964118564743,1,1,0.308411214953271,0.687702265372168,0.303030303030303,1,1,0.304347826086957,0.299050632911392,0.313178294573643,0.853225806451613,0.310618066561014,1,0.0590979782270607,1,1,0.70404984423676,0.648690292758089,0.316558441558442,0.0561622464898596,0.312989045383412,1,1,0.308661417322835,0.315457413249211,0.625978090766823,1,0.311827956989247,0.371340523882897,0.302180685358255,0.983076923076923,0.482003129890454,0.00313479623824451,0.308755760368664,0.314589665653495,0.325914149443561,0.314375987361769,0.317073170731707,0.972222222222222,1,0.309968847352025,0.549755301794454,0.68362480127186,0.240625,0.682926829268293,1,0.317610062893082,0.00158227848101266,0.323854660347551,0.305900621118012,0.35375191424196,0.316455696202532,0,0.330733229329173,0.3104,0.317817014446228,0.311912225705329
"266",0.2656,0.25,0.265402843601896,0.249190938511327,0.25,0.26984126984127,0.548956661316212,0.2672,0.271604938271605,0.854368932038835,0.261755485893417,0.808049535603715,0.0739549839228296,0.246774193548387,0.433811802232855,0.429245283018868,0.824534161490683,0.574468085106383,0.264566929133858,0.261417322834646,0.432432432432432,0.425806451612903,0.260802469135802,0.920062695924765,0.278816199376947,0.411023622047244,0.421824104234528,0.271241830065359,0.273993808049536,0.13258785942492,0.438184663536776,0.113178294573643,0.224137931034483,0.426100628930818,0.742496050552923,0.252854812398042,0.731012658227848,0.248840803709428,0.42572741194487,0.262830482115086,0.597156398104265,0.574102964118565,0.580693815987934,0.238546603475513,0.24685534591195,0.414790996784566,0.422291993720565,0.420401854714065,0.415902140672783,0.41131498470948,0.747286821705426,0.256451612903226,0.42457231726283,0.258164852255054,0.258164852255054,0.240770465489567,0.718849840255591,0.253943217665615,0.27742946708464,0.26148969889065,0.412213740458015,0.416666666666667,0.428343949044586,0.603803486529319,0.26461038961039,0.275541795665635,0.793700787401575,0.254746835443038,0.825688073394495,0.401550387596899,0.258859784283513,0.416149068322981,0.408427876823339,0.305194805194805,0.752721617418352,0.255673222390318,0.426127527216174,0.405572755417957,0.252747252747253,0.414634146341463,0.839024390243902,0.414442700156986,0.408163265306122,0.265210608424337,0.398449612403101,0.259541984732824,0.268057784911718,0.253125,0.248427672955975,0.5734375,0.2656,0.258308157099698,0.74488188976378,0.854037267080745,0.261290322580645,0.800933125972006,0.74294670846395,0.255417956656347,0.71264367816092,0.587025316455696,0.254716981132075,0.816455696202532,0.445669291338583,0.263754045307443,0.423380726698262,0.26148969889065,0.595238095238095,0.263074484944533,0.42654028436019,0.418897637795276,0.402208201892744,0.265822784810127,0.415625,0.250783699059561,0.790697674418605,0.263318112633181,0.4234375,0.973354231974922,0.409230769230769,0.426282051282051,0.797191887675507,0.246105919003115,0.419003115264797,0.412520064205457,0.259780907668232,0.429237947122862,0.257530120481928,0.263719512195122,0.946287519747235,0.649390243902439,0.247974068071313,0.437201907790143,0.26517571884984,0.795180722891566,0.245954692556634,0.415902140672783,0.6015625,0.421875,0.186335403726708,0.560855263157895,0.846153846153846,0.846275752773376,0.258164852255054,0.258481421647819,0.41747572815534,0.257142857142857,0.413273001508296,0.2660406885759,0.0917573872472784,0.264797507788162,0.431118314424635,0.261417322834646,0.259141494435612,0.259968102073365,0.261829652996845,0.393081761006289,0.264150943396226,0.419152276295133,0.993808049535604,0.261275272161742,0.42457231726283,0.265116279069767,0.432216905901116,0.825949367088608,0.251612903225806,0.418940609951846,0.268633540372671,0.265337423312883,0.263823064770932,0.406441717791411,0.268867924528302,0.413078149920255,0.248397435897436,0.408163265306122,0.254934210526316,0.416012558869702,0.831746031746032,0.268518518518519,0.629449838187702,0.255591054313099,0.262658227848101,0.432432432432432,0.253918495297806,0.264566929133858,0.253869969040248,0.25511811023622,0.428571428571429,0.422360248447205,0.256410256410256,0.253943217665615,0.410852713178295,0.434294871794872,0.251552795031056,0.810047095761381,0.602719033232628,0.735614307931571,0.408320493066256,0.59594383775351,0.258164852255054,0.41588785046729,0.264423076923077,0.2601246105919,0.2574568288854,0.42332268370607,0.432973805855162,0.410339256865913,0.257668711656442,0.259141494435612,0.256172839506173,0.751987281399046,0.259141494435612,0.431561996779388,0.240887480190174,0.414790996784566,0.419254658385093,0.518808777429467,0.245614035087719,0.257503949447077,0.253184713375796,0.276190476190476,0.256735340729002,0.789719626168224,0.410828025477707,0.425233644859813,0.260802469135802,0.580594679186229,0.256609642301711,0.264525993883792,0.27172195892575,0.261417322834646,0.270531400966184,0.255707762557078,0.732394366197183,0.954476479514416,0.27047913446677,0.421474358974359,0.254019292604502,0.4203125,0.255451713395639,0.251184834123223,0.24804992199688,0.25,0.264847512038523,0.398412698412698,0.268330733229329,0.211111111111111,0.400313971742543,0.414860681114551,0.430645161290323,0.412420382165605,0.405405405405405,0.521669341894061,0.404724409448819,0.413416536661466,0.411490683229814,0.276661514683153,0.410174880763116,0.2569558101473,0.572755417956656,0.415360501567398,0.972093023255814,0.414285714285714,0.266881028938907,0.244766505636071,0.26550079491256,1,0.428571428571429,0.247311827956989,0.414556962025316,0.409375,0.417582417582418,0.414173228346457,0.578369905956113,0.257142857142857,0.417565485362096,0.421052631578947,0.264150943396226,0.42741935483871,0.261205564142195,0.426127527216174,0.434169278996865,0.257188498402556,0.257142857142857,0.267405063291139,0.735015772870662,0.247172859450727,0.5765625,0.835866261398176,0.409810126582278,0.26905132192846,0.252006420545746,0.846394984326019,0.415094339622642,0.417335473515249,0.261865793780687,0.261075949367089,0.429699842022117,0.761075949367089,0.737785016286645,0.265079365079365,0.255284552845528,0.416024653312789,0.260252365930599,0.267267267267267,0.416666666666667,0.259026687598116,0.266871165644172,0.42,0.267828843106181,0.264752791068581,0.266875981161695,0.260188087774295,0.409733124018838,0.431432973805855,0.424290220820189,0.268330733229329,0.273155416012559,0.595054095826893,0.4203125,0.2508038585209,0.419207317073171,0.434713375796178,0.261538461538462,0.253477588871716,0.259720062208398,0.25585023400936,0.258620689655172,0.423809523809524,0.245222929936306,0.271860095389507,0.850574712643678,0.411580594679186,0.582018927444795,0.42741935483871,0.571428571428571,0.423728813559322,0.259146341463415,0.432216905901116,0.417197452229299,1,0.418856259659969,0.266881028938907,0.424846625766871,0.258620689655172,0.258730158730159,0.258114374034003,0.43879173290938,0.431888544891641,0.261417322834646,0.176759410801964,0.814102564102564,0.270440251572327,0.409302325581395,0.41335453100159,0.41838351822504,0.259803921568627,0.412213740458015,0.802215189873418,0.414330218068536,0.421135646687697,0.416801292407108,0.42472266244057,0.258164852255054,0.416403785488959,0.257001647446458,0.268174474959612,0.744849445324881,0.269662921348315,0.422647527910686,0.263736263736264,0.250769230769231,0.251623376623377,0.410658307210031,0.256568778979907,0.416129032258065,0.261068702290076,0.0938967136150235,0.271450858034321,0.2608,0.249221183800623,0.430599369085173,0.2574568288854,0.261637239165329,0.422712933753943,0.419047619047619,0.26148969889065,0.259083728278041,0.420560747663551,0.955246913580247,0.264090177133655,0.260188087774295,0.249230769230769,0.742138364779874,0.424050632911392,0.259259259259259,0.421135646687697,1,0.261345852895149,0.575851393188854,0.296875,0.249597423510467,0.25,0.597579425113464,0.566978193146417,0.400630914826498,0.259026687598116,0.428125,0.255520504731861,0.248780487804878,0.416932907348243,0.262658227848101,0.258730158730159,0.751572327044025,0.409448818897638,0.267515923566879,0.246422893481717,0.416531604538088,0.27244094488189,0.26418152350081,0.418269230769231,0.923197492163009,0.251602564102564,0.249609984399376,0.265723270440252,0.209627329192547,0.426127527216174,0.4464,0.4209726443769,0.419811320754717,0.587677725118483,0.400936037441498,0.413249211356467,0.435458786936236,0.995207667731629,0.425837320574163,0.271472392638037,0.42572741194487,0.260530421216849,0.420722135007849,0.832822085889571,0.793313069908815,0.261205564142195,0.265940902021773,0.799684542586751,0.25974025974026,0.583463338533541,0.805379746835443,0.753164556962025,0.250788643533123,0.576802507836991,0.261417322834646,0.2671875,0.656645569620253,0.261755485893417,0.739403453689168,0.838095238095238,0.259141494435612,0.261755485893417,0.278740157480315,0.414976599063963,0.609212481426449,0.564724919093851,0.28816199376947,0.259026687598116,0.218210361067504,0.434645669291339,0.930817610062893,0.260802469135802,0.422222222222222,0.253105590062112,0.361198738170347,0.84185303514377,0.431924882629108,0.410876132930514,0.419898819561551,0.268817204301075,0.83179012345679,0.267884322678843,0.245192307692308,0.252730109204368,1,0.401913875598086,0.267828843106181,0.432038834951456,0.261712439418417,0.253634894991922,0.422955974842767,0.250401284109149,0.43161094224924,0.262166405023548,0.436507936507937,0.418238993710692,0.259026687598116,0.576862123613312,0.416282642089094,0.260869565217391,0.418940609951846,0.157728706624606,0.428353658536585,0.921875,0.410138248847926,0.11216429699842,0.432,0.271132376395534,0.418238993710692,0.408450704225352,0.442040185471406,0.271028037383178,0.263665594855305,0.263888888888889,0.215559157212318,0.923841059602649,0.258215962441315,0.412520064205457,0.24685534591195,0.425566343042071,0.424657534246575,0.255451713395639,0.260663507109005,0.25,0.174050632911392,0.25077399380805,0.422839506172839,0.429017160686427,0.25,0.2508038585209,0.814634146341463,0.822866344605475,0.250391236306729,0.261417322834646,0.4352,0.274294670846395,0.256060606060606,0.41112828438949,0.281098546042003,0.259026687598116,0.572555205047319,0.744548286604361,0.256778309409888,0.741741741741742,0.265625,0.271186440677966,0.831775700934579,0.421383647798742,0.255520504731861,0.40952380952381,0.251572327044025,0.22626582278481,0.2704,0.0847723704866562,0.273301737756714,0.427652733118971,0.264150943396226,0.2576,0.261637239165329,0.74414976599064,0.423140495867769,0.246376811594203,0.255023183925811,0.58664546899841,0.259659969088099,0.42215088282504,0.383280757097792,0.41588785046729,0.261755485893417,0.249609984399376,0.266244057052298,0.845201238390093,0.414790996784566,0.84072249589491,0.246376811594203,0.429457364341085,0.430340557275542,0.376971608832808,0.7453125,0.264423076923077,0.196850393700787,0.253477588871716,0.265527950310559,0.402225755166932,0.427921092564492,0.923444976076555,0.78743961352657,0.43217665615142,0.416798732171157,0.41304347826087,0.742351046698873,0.419811320754717,0.253499222395023,0.738437001594896,0.436251920122888,0.254290171606864,0.262992125984252,0.248818897637795,0.419254658385093,0.428571428571429,0.799347471451876,0.259433962264151,0.436908517350158,0.428125,0.262090483619345,0.271450858034321,0.414976599063963,0.564019448946515,0.257142857142857,0.25518341307815,0.581993569131833,0.255451713395639,0.436335403726708,0.280193236714976,0.43015873015873,0.753086419753086,0.596899224806202,0.529680365296804,0.255451713395639,0.419847328244275,0.420221169036335,0.575663026521061,0.590417310664606,0.251184834123223,0.420062695924765,0.257748776508972,0.410296411856474,0.253205128205128,0.413522012578616,0.4368,0.38006230529595,0.565560821484992,0.419713831478537,0.42332268370607,0.594551282051282,0.420560747663551,0.90359477124183,0.253968253968254,0.754658385093168,0.25462962962963,0.426073131955485,0.264240506329114,0.749606299212598,0.421875,0.415584415584416,0.259433962264151,0.818045112781955,0.258620689655172,0.834130781499203,0.390551181102362,0.249607535321821,0.816614420062696,0.606864274570983,0.257911392405063,0.251170046801872,0.2574568288854,0.42504118616145,0.796296296296296,0.2515625,0.313971742543171,0.84219001610306,0.382716049382716,0.411214953271028,0.423255813953488,0.264385692068429,0.223491027732463,0.266244057052298,0.257009345794392,0.250778816199377,0.818042813455658,0.273006134969325,0.584639498432602,0.738601823708207,0.427444794952681,0.252336448598131,0.284126984126984,0.261943986820428,0.253456221198157,0.824451410658307,0.424806201550388,0.244167962674961,0.2496,0.253658536585366,0.264475743348983,0.267295597484277,0.269537480063796,0.782945736434108,0.768982229402262,0.252764612954186,0.825273010920437,0.421875,0.855140186915888,0.269968051118211,0.346092503987241,0.446078431372549,0.4171875,0.267080745341615,0.804043545878694,0.419504643962848,0.244929797191888,0.269716088328076,0.37239165329053,0.420722135007849,0.427662957074722,0.428571428571429,0.240566037735849,0.424960505529226,0.414442700156986,0.5248,0.426332288401254,0.219626168224299,0.430340557275542,0.833333333333333,0.424290220820189,0.75,0.263975155279503,0.828346456692913,0.427444794952681,0.421303656597774,0.431309904153355,0.261068702290076,0.243827160493827,0.259968102073365,0.26530612244898,0.254071661237785,0.255961844197138,0.403536977491961,0.262830482115086,0.429906542056075,0.406666666666667,0.543076923076923,0.575806451612903,0.273993808049536,0.252730109204368,0.750783699059561,0.421374045801527,0.866459627329193,0.237730061349693,0.789556962025316,0.261345852895149,0.255284552845528,0.4170692431562,0.262321144674086,0.247524752475248,0.623604465709729,0.515548281505728,0.271212121212121,0.829617834394904,0.845047923322684,0.261538461538462,0.247191011235955,0.263823064770932,0.832268370607029,0.750387596899225,0.419106317411402,0.323809523809524,0.424846625766871,0.741590214067278,0.41838351822504,0.824,0.253943217665615,0.254807692307692,0.432348367029549,0.414976599063963,0.996875,0.412140575079872,0.424427480916031,0.427018633540373,0.258730158730159,0.2574568288854,0.426073131955485,0.262996941896024,0.757763975155279,0.2546875,0.976190476190476,0.268025078369906,0.584786053882726,0.257668711656442,0.423963133640553,0.409888357256778,0.826086956521739,0.585253456221198,0.250393700787402,0.245192307692308,0.478330658105939,0.382207578253707,0.411764705882353,0.422330097087379,0.264566929133858,0.414125200642055,1,0.420289855072464,0.261136712749616,0.852664576802508,0.2601246105919,0.259083728278041,0.400630914826498,0.573692551505547,0.42472266244057,0.258842443729904,0.25,0.414860681114551,0.43217665615142,0.412673879443586,0.392282958199357,0.416666666666667,0.257503949447077,0.8125,0.252747252747253,0.247154471544715,0.567233384853168,0.621875,0.420032310177706,0.812698412698413,0.410094637223975,0.248826291079812,0.235576923076923,0.416666666666667,0.403174603174603,0.635220125786163,0.257364341085271,0.412942989214176,0.522082018927445,0.422118380062305,0.279937791601866,0.788216560509554,0.743788819875776,0.424100156494523,0.418181818181818,0.412238325281804,0.434920634920635,0.41743119266055,0.290123456790123,0.280811232449298,0.416275430359937,0.712418300653595,0.584,0.985915492957746,0.583061889250814,0.241545893719807,0.400635930047695,0.754442649434572,0.39403453689168,0.420472440944882,0.541085271317829,0.421553090332805,0.75077399380805,0.416012558869702,0.429725363489499,0.407582938388626,0.425632911392405
"267",0.288461538461538,0.304075235109718,0.314152410575428,0.324409448818898,0.307098765432099,0.301109350237718,0.0111821086261981,0.311526479750779,0.309859154929577,0.587761674718196,0.30781010719755,0.655913978494624,0.4992,0.315873015873016,1,1,0.624615384615385,0,0.316037735849057,0.299531981279251,1,1,0.324031007751938,0.531782945736434,0.300462249614792,1,1,0.331707317073171,0.301515151515152,0.503974562798092,1,0.576687116564417,0.356707317073171,0.995327102803738,0.673469387755102,0.308702791461412,0.143307086614173,0.316998468606432,1,0.30077519379845,0.00307219662058372,0,0,0.318037974683544,0.31139646869984,1,0.993700787401575,1,1,1,0.698757763975155,0.317460317460317,1,0.314553990610329,0.313846153846154,0.813586097946288,0.13015873015873,0.312202852614897,0.305426356589147,0.31832298136646,0.990769230769231,1,1,0.00623052959501558,0.301587301587302,0.314241486068111,0.66877971473851,0.316037735849057,0.62178517397882,1,0.306976744186047,1,1,0.272151898734177,0.169491525423729,0.314199395770393,1,0.993769470404984,0.313572542901716,1,0.6176,1,1,0.318529862174579,1,0.321752265861027,0.314873417721519,0.323574730354391,0.308892355694228,0,0.310126582278481,0.3202416918429,0.692789968652038,0.599690880989181,0.29559748427673,0.658536585365854,0.689814814814815,0.301538461538462,0.126602564102564,0,0.302839116719243,0.63849765258216,1,0.301916932907348,1,0.3140625,0,0.31974921630094,1,1,1,0.295665634674923,0.995290423861852,0.318252730109204,0.224270353302611,0.30030487804878,1,0.385093167701863,1,1,0.211746522411128,0.3015625,1,1,0.323076923076923,1,0.312781954887218,0.306184012066365,0.377125193199382,0.774193548387097,0.311216429699842,1,0.322274881516588,0.647147147147147,0.328571428571429,1,0.00154559505409583,1,0.364197530864198,0.9008,0.59717868338558,0.614664586583463,0.312597200622084,0.316211878009631,1,0.304615384615385,1,0.292721518987342,0.47926267281106,0.316358024691358,1,0.29984544049459,0.302694136291601,0.310509554140127,0.321144674085851,1,0.301092043681747,1,0.452713178294574,0.310664605873261,1,0.311728395061728,1,0.607255520504732,0.313880126182965,1,0.314152410575428,0.303215926493109,0.31875,0.984520123839009,0.317610062893082,1,0.309968847352025,1,0.304487179487179,1,0.599378881987578,0.28858024691358,0.035426731078905,0.294770206022187,0.310664605873261,1,0.306153846153846,0.311248073959938,0.319634703196347,0.325077399380805,1,1,0.314009661835749,0.315870570107858,1,1,0.319938176197836,0.25462962962963,0.0226244343891403,0.695178849144635,1,0.00319488817891374,0.314329738058552,1,0.307936507936508,0.304147465437788,0.304347826086957,0.996918335901387,1,1,0.318181818181818,0.310897435897436,0.313755795981453,0.687301587301587,0.298299845440495,1,0.325434439178515,1,1,0.457627118644068,0.316614420062696,0.313935681470138,0.3234375,0.29320987654321,0.298076923076923,0.653418124006359,1,1,0.308755760368664,0.00461538461538462,0.320726172465961,0.312121212121212,0.311708860759494,0.303875968992248,0.287301587301587,0.312121212121212,0.701238390092879,0.383435582822086,0.297045101088647,1,0.32182103610675,1,0.297971918876755,0.308892355694228,0.29570747217806,0.325434439178515,0.3104,1,0.317901234567901,0.785031847133758,1,1,0.996850393700787,1,1,0.90032154340836,1,1,1,0.310606060606061,1,0.313001605136437,0,1,0.397553516819572,1,0.318037974683544,0.311526479750779,0.307210031347962,0.428571428571429,1,0.314329738058552,1,1,1,1,0,0.306603773584906,1,1,0.31201248049922,1,0.316998468606432,1,1,0.308777429467085,0.314102564102564,0.289269051321928,0.155763239875389,0.315873015873016,0,0.605740181268882,1,0.313846153846154,0.31496062992126,0.593798449612403,1,1,0.315955766192733,0.322784810126582,1,0.6671875,0.706924315619968,0.297169811320755,0.308562197092084,0.993893129770992,0.324574961360124,0.298484848484848,1,0.305993690851735,0.30030959752322,1,0.304347826086957,0.310452418096724,0.30503144654088,0.309636650868878,1,1,1,0.303459119496855,0.323343848580442,0.00927357032457496,0.99211356466877,0.3184,1,1,0.303490136570561,0.325652841781874,0.294027565084227,0.317757009345794,0.303875968992248,1,0.303265940902022,0.302507836990596,0.590614886731392,1,0.854914196567863,1,0,1,0.316436251920123,1,1,0.434715821812596,0.998452012383901,0.318181818181818,1,0.306729264475743,0.295665634674923,0.310664605873261,1,1,0.31619937694704,0.385714285714286,0.625,0.292063492063492,1,1,1,0.314606741573034,1,0.222222222222222,1,1,1,1,0.314503816793893,1,0.3042071197411,0.322884012539185,0.68160741885626,0.3,1,0.316846986089645,0.310769230769231,0.309446254071661,1,0.301391035548686,1,0.315384615384615,0.473118279569892,0.313664596273292,0.319182389937107,0.301075268817204,1,0.313099041533546,0.299843014128728,1,1,0.310077519379845,0.30564263322884,1,0.493920972644377,0.315372424722662,0.322932917316693,0.317901234567901,0.688172043010753,1,0.287096774193548,1,0.44251968503937,0.304075235109718,0,0.878419452887538,0.302547770700637,0.3125,0,0.0310077519379845,0.979750778816199,0.313479623824451,1,0.299843014128728,0.308681672025723,1,0.317829457364341,0.30188679245283,0.673879443585781,1,0.316037735849057,0.313084112149533,1,0.30030959752322,0.300632911392405,1,0.35981308411215,0.30625,0.313455657492355,0.332814930015552,0.789147286821705,1,0.985915492957746,1,1,0.0015625,1,0.992211838006231,1,0.442879499217527,0.9968,0.303215926493109,0.993874425727412,0.320251177394035,0.995348837209302,0.615733736762481,0.642414860681115,0.31969696969697,0.311450381679389,0.654798761609907,0.3072,0,0.644305772230889,0.687697160883281,0.320061255742726,0.00155763239875389,0.306625577812018,0.29922480620155,0.776729559748428,0.315301391035549,0.695447409733124,0.605388272583201,0.31104199066874,0.313546423135464,0.288188976377953,1,0.0316265060240964,0,0.312307692307692,0.325038880248834,0.32348367029549,1,0.35062893081761,0.305900621118012,1,0.304747320061256,0.936532507739938,0.585874799357945,1,1,0.991735537190083,0.310185185185185,0.611620795107034,0.308396946564885,0.308306709265176,0.305772230889236,0.437978560490046,1,0.305379746835443,1,0.315024232633279,0.311475409836066,1,0.310015898251192,1,0.312597200622084,1,1,0.322085889570552,0,1,0.310077519379845,1,0.548286604361371,1,0.525345622119816,1,0.549450549450549,1,0.3088,1,1,1,0.302034428794992,0.323029366306028,0.313253012048193,0.343598055105348,0.350328947368421,0.3,1,0.312788906009245,1,1,0.313084112149533,0.311320754716981,0.301684532924962,0.371473354231975,0.312210200927357,1,1,0.324574961360124,0.314194577352472,0.63349131121643,0.602825745682888,0.305772230889236,0.307814992025518,1,0.296583850931677,0.308270676691729,0.993740219092332,0.312202852614897,0.298003072196621,0,0.150306748466258,0.312796208530806,0.692307692307692,0.307570977917981,0.320668693009119,0.617378048780488,0.996879875195008,0.302507836990596,1,0.30503144654088,0.335453100158982,0.308777429467085,0.456923076923077,0.309636650868878,1,0.313271604938272,0.315789473684211,0.311004784688995,0.697247706422018,1,0.318471337579618,0.305426356589147,0,0.316358024691358,0.998435054773083,0.95046439628483,1,0.315301391035549,0.31055900621118,0.305732484076433,0.596036585365854,1,0.608626198083067,0.323343848580442,1,1,0.962616822429907,0.680685358255452,0.315047021943574,0.347417840375587,0.316692667706708,0.308527131782946,1,1,0.532182103610675,0.637658227848101,1,1,0.998456790123457,0.689763779527559,1,0.32312404287902,0.6890625,1,0.312693498452012,0.309262166405024,0.317683881064163,0.996927803379416,1,0.652032520325203,0.315301391035549,1,1,0.31937984496124,0.304821150855365,0.998449612403101,0,0.304552590266876,0.300476947535771,0.00782472613458529,0.309923664122137,1,0.300476947535771,1,0.154670750382848,0,0.911411411411411,0.324074074074074,1,1,0,0.00153846153846154,0.317262830482115,1,0.313694267515924,0.996974281391831,0.29746835443038,1,0.998412698412698,0.95748031496063,0.777777777777778,1,1,0.0062402496099844,1,0.539452495974235,0.31496062992126,0.683153013910355,0.308411214953271,1,0.305772230889236,0.687888198757764,1,1,0.304,0.62555720653789,0.327217125382263,0.599364069952305,0.968798751950078,0.325652841781874,0.615503875968992,0.014018691588785,0.302180685358255,0.3140625,0.316436251920123,1,0.649923896499239,0.29922480620155,0.881329113924051,0.605055292259084,0.961890243902439,1,1,0.30077519379845,0.33015873015873,0.298904538341158,0.309815950920245,0.303875968992248,0.626323751891074,0.299392097264438,0,0.683257918552036,0.998449612403101,0.319314641744548,0.3015625,0.309677419354839,0.310291858678955,0.616588419405321,1,0.321646341463415,0.322327044025157,0.3216,0.312989045383412,0.307458143074581,0.302694136291601,0.207001522070015,0.688087774294671,0.30952380952381,0.615863141524106,1,0.24804992199688,0.305900621118012,0.921383647798742,1,1,0.306625577812018,0.642633228840125,1,0.300469483568075,0.296466973886329,0.951026856240126,1,1,0.996753246753247,0.310769230769231,1,1,0.902555910543131,1,0.344984802431611,1,0.6112,1,0.679447852760736,0.305295950155763,0.619273301737757,1,1,0.995253164556962,0.315384615384615,0.318252730109204,0.311793214862682,0.307098765432099,0.317817014446228,0.314785373608903,0.982315112540193,0.30829420970266,1,1,0.723004694835681,0,0.315548780487805,0.313971742543171,0.684049079754601,1,0.572755417956656,0.317557251908397,0.6625,0.305295950155763,0.309061488673139,1,0.309033280507132,0.312803889789303,0.694753577106518,0.917741935483871,0.315789473684211,0.610410094637224,0.595275590551181,0.313755795981453,0.3203125,0.29264475743349,0.603395061728395,0.689814814814815,1,0.89358372456964,1,0.674922600619195,0.996865203761755,0.602564102564103,0.308527131782946,0.312,1,1,0.449612403100775,0.991883116883117,0.996913580246914,1,0.3056,0.313572542901716,1,0.308383233532934,0.688473520249221,0.318611987381703,0.477379095163807,0.299679487179487,0,0.306060606060606,1,1,0.611963190184049,0.00153609831029186,0.31937984496124,0.317111459968603,0.0917573872472784,0.406451612903226,1,1,0.303405572755418,1,0.431528662420382,1,0.325264750378215,0.601255886970173,0.315047021943574,0.313479623824451,1,0,1,0.303514376996805,0.317262830482115,1,1,1,0.440944881889764,1,0.313971742543171,0.626728110599078,0.326625386996904,0.315960912052117,0.00153609831029186,0.048,1,0.63125,1,0.320987654320988,0.323717948717949,1,1,0.174922600619195,0.29618320610687,1,0.906441717791411,1,0.317557251908397,0.207874015748031,0.674922600619195,1,1,1,1,1,0.28680981595092,0.297971918876755,1,0.126009693053312,0.00158478605388273,0.452307692307692,0,0.3171875,1,0.68503937007874,1,1,0.896124031007752,1,0.685670261941448,1,1,1,1
"268",1,1,1,1,1,1,0.703349282296651,1,1,0.0885668276972625,1,0.0429447852760736,0.825816485225505,1,0.32093023255814,0.308892355694228,0.0520673813169985,0.679365079365079,1,1,0.299065420560748,0.320251177394035,1,0.152777777777778,1,0.32469512195122,0.323809523809524,1,1,0.807511737089202,0.30757341576507,0.738998482549317,0.964560862865948,0.312788906009245,0,1,0.535714285714286,1,0.302848575712144,1,0.65987460815047,0.68167701863354,0.689497716894977,1,1,0.318541996830428,0.311728395061728,0.312404287901991,0.330289193302892,0.334360554699538,0,1,0.314199395770393,1,1,0.499215070643642,0.553488372093023,1,1,1,0.333843797856049,0.3203125,0.317829457364341,0.673913043478261,1,1,0.0343213728549142,1,0.0534918276374443,0.32370820668693,1,0.31733746130031,0.33495145631068,0.957413249211357,0.503828483920367,1,0.310240963855422,0.338957055214724,1,0.317460317460317,0.0790322580645161,0.335949764521193,0.335384615384615,1,0.340523882896764,1,1,1,1,0.683720930232558,1,1,0.00153609831029186,0.0945121951219512,1,0.0439393939393939,0,1,0.556259904912837,0.667185069984448,1,0.0483619344773791,0.317484662576687,1,0.314152410575428,1,0.683409436834094,1,0.32,0.325581395348837,0.316030534351145,1,0.335889570552147,1,0.488514548238897,1,0.313935681470138,0.290519877675841,0.3267776096823,0.324492979719189,0.477794793261868,0.998482549317147,0.322239031770045,0.319182389937107,1,0.315384615384615,1,1,0.332288401253919,0.542682926829268,1,0.316358024691358,1,0.0401785714285714,1,0.314112291350531,0.670750382848392,0.328746177370031,0.939346811819596,0.437106918238994,0.0947204968944099,0.0842433697347894,1,1,0.334876543209877,1,0.324850299401198,1,0.811178247734139,1,0.339116719242902,1,1,1,1,0.332814930015552,1,0.323529411764706,0.243531202435312,1,0.315068493150685,1,0.309486780715397,0.0727554179566563,1,0.315132605304212,1,1,1,0.344615384615385,1,0.328660436137072,1,0.315467075038285,1,0.321875,0.071875,1,0.635634028892456,1,1,0.316037735849057,1,1,1,1,0.331259720062208,0.313846153846154,1,0.998452012383901,0.325688073394495,0.309119010819165,1,0.436532507739938,0.662739322533137,0,0.323170731707317,0.665634674922601,1,0.327217125382263,1,0.998477929984779,1,0.323574730354391,0.326687116564417,0.331240188383046,1,1,1,0,1,0.310725552050473,0.972179289026275,0.327613104524181,0.314814814814815,0.754545454545455,1,1,1,1,1,0.0415384615384615,0.326053042121685,0.32469512195122,1,0.668174962292609,1,1,0.998444790046656,0.998459167950693,1,1,0.00306278713629403,0.308270676691729,1,0.326594090202177,1,0.302325581395349,1,1,1,1,1,0.327639751552795,1,0.524486571879937,0.336463223787167,0.327354260089686,0.316770186335404,0.324960753532182,0.331738437001595,0.419558359621451,0.332307692307692,0.319571865443425,0.315151515151515,1,0.33179012345679,1,0.678247734138973,0.312788906009245,0.307339449541284,0.337519623233909,1,1,1,0.247311827956989,0.314329738058552,1,0.326594090202177,0.327300150829563,0.314900153609831,0.328197226502311,0.677519379844961,1,0.329286798179059,0.318037974683544,1,0.307814992025518,1,0.316030534351145,0.315467075038285,1,1,1,0.529051987767584,1,0.684867394695788,0.0748502994011976,0.321044546850998,1,1,0.0861538461538462,0.325617283950617,0.335949764521193,1,1,0.305555555555556,0.0246153846153846,0.00157232704402516,1,1,0.344984802431611,0.998444790046656,1,0.316998468606432,1,1,0.324574961360124,1,1,1,1,0.325153374233129,0.313253012048193,0.329581993569132,1,1,0.667177914110429,0.32258064516129,1,0.320552147239264,0.300940438871473,1,1,0.998466257668712,1,1,0.329153605015674,1,1,0.0979462875197472,0.340490797546012,0.496087636932707,0.311708860759494,0.665625,0.321699544764795,1,0.314553990610329,0.335413416536661,0.251896813353566,0.320668693009119,1,0.334834834834835,1,1,1,0.312989045383412,0.327743902439024,0.998470948012232,0.932367149758454,0.0551181102362205,1,0.320061255742726,0.328616352201258,0.309375,1,0.333843797856049,0.46046511627907,0.335403726708075,0.305900621118012,0.320695102685624,0.3078125,1,0.32807570977918,1,1,0,1,0.333333333333333,1,1,1,0.338557993730408,1,0.314465408805031,1,0.843076923076923,1,1,1,0.326219512195122,1,1,0.321538461538462,0.318252730109204,1,1,0.316279069767442,0.179331306990881,1,0.998466257668712,1,0,0.316118935837246,1,0.312883435582822,0.235015772870662,1,0.675425038639876,0.437878787878788,1,1,0.675187969924812,0.694573643410853,0.35,1,0.322480620155039,1,1,0.334890965732087,1,0.998417721518987,0.00460829493087558,0.331797235023041,1,1,0.330733229329173,1,1,0.313271604938272,0.321483771251932,1,1,1,0.539291217257319,0.311827956989247,0.344186046511628,0.324850299401198,0.336890243902439,0.6828125,0.329305135951662,0.331297709923664,0.322289156626506,0.235294117647059,0.327073552425665,1,0.322388059701493,0.998459167950693,0.322137404580153,0.0785185185185185,0.0487804878048781,1,1,0.0385208012326656,1,0.680428134556575,0.0386398763523957,0.0094488188976378,1,0.678516228748068,1,1,0.533541341653666,1,0,0.0615141955835962,1,1,1,0.32018927444795,0.646971935007385,0.680064308681672,0.993893129770992,1,0.986404833836858,0.302147239263804,0.328660436137072,1,0.30298273155416,1,0.371165644171779,0.100156494522692,0.319444444444444,0.319340329835082,0.333876221498371,1,0.0726172465960666,1,1,1,0.251533742331288,0.32807570977918,1,0.325508607198748,1,1,0.315396113602392,1,0.33037037037037,1,0.311526479750779,0.322734499205087,1,0.671361502347418,0.316265060240964,1,0.311111111111111,0.768875192604006,0.318112633181126,0.154779969650986,0.325825825825826,0.774343122102009,0.311320754716981,1,0.328767123287671,0.339449541284404,0.294573643410853,1,1,1,0.970684039087948,0.336585365853659,1,0.330203442879499,1,0.322784810126582,0.319213313161876,1,1,1,0.926216640502355,1,0.315548780487805,0.327245053272451,1,1,0.0406885758998435,0.0736677115987461,1,1,0.310236220472441,1,1,0.318885448916409,1,1,0.679566563467492,0.523736600306279,1,0,1,1,0.0888208269525268,0.3328173374613,1,0.32398753894081,0.998439937597504,0.96551724137931,0.998449612403101,0.829268292682927,1,0.334928229665072,1,1,1,0,0.316045380875203,1,1,0.670807453416149,1,0.321316614420063,0.356495468277946,0.321538461538462,1,1,1,0.081447963800905,0.317683881064163,0.0837282780410742,0.998410174880763,0.314589665653495,0.309090909090909,0.354838709677419,0,1,0.957055214723926,1,1,0.324409448818898,0.304084720121029,0.149460708782743,0.0371517027863777,0.322378716744914,0.318818040435459,0.331797235023041,0.00158227848101266,0.314641744548287,1,0,0.315629742033384,1,1,1,0.320552147239264,0.324812030075188,0.0328407224958949,1,0.31839258114374,0.319402985074627,1,1,0.319314641744548,0.68860353130016,1,1,0.684458398744113,1,0.312594840667678,1,0.322033898305085,0.521406727828746,0.667682926829268,0.404191616766467,1,0.303951367781155,0.31651376146789,0.677811550151976,0.664605873261206,1,0.32370820668693,1,0.324324324324324,1,0.322429906542056,0.316118935837246,0.353488372093023,0.511591962905719,0.324960753532182,0.309486780715397,0.662037037037037,0.324574961360124,0.145339652448657,1,0,1,0.300314465408805,1,0,0.321538461538462,0.318110236220472,1,0.0494011976047904,1,0.0748829953198128,0.3453125,1,0.0537634408602151,0.667697063369397,1,1,1,0.315705128205128,0.0369230769230769,1,0.434782608695652,0.0851735015772871,0.35660091047041,0.325264750378215,0.32824427480916,1,1,1,1,1,0.0583832335329341,0.995488721804511,0.684370257966616,0.00295420974889217,0.327743902439024,1,1,1,1,0.0825688073394495,0.318042813455657,1,1,1,1,1,1,0.477203647416413,0.00156494522691706,1,0.0751533742331288,0.322530864197531,0.430340557275542,1,0.390822784810127,0.310897435897436,0.313084112149533,1,0.038109756097561,0.321646341463415,1,1,0.379527559055118,0.316590563165906,0.312883435582822,0.3232,0.998470948012232,0.333333333333333,0.319444444444444,0.410575427682737,0.325115562403698,0.973926380368098,0.315548780487805,0.0744849445324881,0.328125,0,1,0.0807453416149068,0.304953560371517,0.320813771517997,0.321875,1,1,1,1,1,1,0.3359375,1,0.316770186335404,0.320723684210526,0.603975535168196,0.674961119751166,1,1,0,0.320182094081942,0.11128526645768,0.998500749625187,0.0341085271317829,1,1,0.317757009345794,1,1,0.634615384615385,0.409888357256778,0.995508982035928,0.0765625,0.089622641509434,1,1,1,0.0802469135802469,0,0.321592649310873,0.427018633540373,0.320182094081942,0,0.335949764521193,0.0759493670886076,1,1,0.327769347496206,0.32469512195122,0.233846153846154,0.344339622641509,0.319571865443425,0.32262996941896,1,1,0.330708661417323,1,0,1,0.216640502354788,1,0.666666666666667,1,0.308049535603715,0.31637519872814,0.0672782874617737,0.674174174174174,1,1,0.786936236391913,0.901612903225806,0.324492979719189,0.318110236220472,1,0.32348367029549,0.246489859594384,0.324324324324324,1,0.0927357032457496,1,1,0.323029366306028,0.677115987460815,0.320251177394035,1,1,0.311728395061728,0.311827956989247,0.328313253012048,0.862341772151899,0.319620253164557,1,0.0502283105022831,1,1,0.688650306748466,0.645110410094637,0.332807570977918,0.0482115085536547,0.328571428571429,1,1,0.309486780715397,0.336405529953917,0.623277182235835,1,0.314589665653495,0.370257966616085,0.314024390243902,0.984756097560976,0.47581903276131,0.00152905198776758,0.306990881458967,0.331838565022422,0.336507936507937,0.3216,0.324773413897281,0.97239263803681,1,0.315950920245399,0.542857142857143,0.67398119122257,0.226993865030675,0.685897435897436,1,0.326120556414219,0.003125,0.330232558139535,0.314814814814815,0.354449472096531,0.321428571428571,0,0.335949764521193,0.3203125,0.330203442879499,0.317411402157165
"269",0.304700162074554,0.317384370015949,0.310832025117739,0.32569558101473,0.30952380952381,0.304625199362041,0.00802568218298555,0.32475884244373,0.3125,0.5664,0.31875,0.630914826498423,0.519108280254777,0.324281150159744,1,1,0.623233908948195,0,0.320512820512821,0.311216429699842,1,1,0.327160493827161,0.506329113924051,0.307453416149068,1,1,0.336065573770492,0.302795031055901,0.527910685805423,1,0.5921875,0.367088607594937,0.995222929936306,0.662974683544304,0.309484193011647,0.144215530903328,0.318037974683544,1,0.310344827586207,0.00315457413249211,0,0,0.326923076923077,0.314194577352472,1,0.993710691823899,1,1,1,0.690402476780186,0.32569558101473,1,0.323343848580442,0.310832025117739,0.804918032786885,0.121019108280255,0.316614420062696,0.313880126182965,0.319488817891374,0.992199687987519,1,1,0.00632911392405063,0.314424635332253,0.309748427672956,0.648780487804878,0.318471337579618,0.61136712749616,1,0.312883435582822,1,1,0.272875816993464,0.161993769470405,0.317484662576687,1,0.993846153846154,0.321875,1,0.605220228384992,1,1,0.323343848580442,1,0.329211746522411,0.317152103559871,0.323671497584541,0.322115384615385,0,0.314606741573034,0.323574730354391,0.6828125,0.576138147566719,0.305194805194805,0.639876352395672,0.680314960629921,0.308411214953271,0.119741100323625,0,0.319314641744548,0.618670886075949,1,0.315447154471545,1,0.313099041533546,0,0.325984251968504,1,1,1,0.299684542586751,0.995245641838352,0.322683706070288,0.207488299531981,0.309707241910632,1,0.36248012718601,1,1,0.208267090620032,0.315541601255887,1,1,0.3265625,1,0.314674735249622,0.311827956989247,0.355661881977671,0.76056338028169,0.321252059308072,1,0.326366559485531,0.633281972265023,0.336601307189543,1,0.00158730158730159,1,0.377388535031847,0.883913764510779,0.581102362204724,0.594594594594595,0.325077399380805,0.32475884244373,1,0.311424100156495,1,0.298076923076923,0.510268562401264,0.323076923076923,1,0.300319488817891,0.316476345840131,0.315705128205128,0.319422150882825,1,0.307936507936508,1,0.425233644859813,0.330721003134796,1,0.32398753894081,1,0.593301435406699,0.324717285945073,1,0.325545171339564,0.30622009569378,0.333333333333333,0.987692307692308,0.322784810126582,1,0.320574162679426,1,0.322528363047002,1,0.587774294670846,0.297770700636943,0.034257748776509,0.302884615384615,0.321259842519685,1,0.3056,0.318181818181818,0.320695102685624,0.333865814696486,1,1,0.315024232633279,0.331730769230769,1,1,0.316037735849057,0.25,0.0230414746543779,0.685990338164251,1,0.00309597523219814,0.315955766192733,1,0.322006472491909,0.303405572755418,0.313664596273292,0.998407643312102,1,1,0.329230769230769,0.313408723747981,0.32018927444795,0.67524115755627,0.307692307692308,1,0.341307814992026,1,1,0.443573667711599,0.31637519872814,0.309636650868878,0.323809523809524,0.304761904761905,0.313408723747981,0.634028892455859,1,1,0.32093023255814,0.0046656298600311,0.325077399380805,0.315384615384615,0.324921135646688,0.307448494453249,0.295055821371611,0.310872894333844,0.692551505546751,0.359133126934985,0.315047021943574,1,0.329032258064516,1,0.311926605504587,0.311111111111111,0.314194577352472,0.325806451612903,0.310965630114566,1,0.319182389937107,0.802232854864434,1,1,0.996810207336523,1,1,0.888709677419355,1,1,1,0.316846986089645,1,0.320661157024793,0,1,0.380804953560372,1,0.32484076433121,0.323763955342903,0.3184,0.414556962025316,1,0.326594090202177,1,1,1,1,0,0.304140127388535,1,1,0.317230273752013,1,0.315707620528771,1,1,0.303370786516854,0.323151125401929,0.306962025316456,0.153726708074534,0.332263242375602,0,0.587155963302752,1,0.31911532385466,0.320512820512821,0.56782334384858,1,1,0.319047619047619,0.325281803542673,1,0.656549520766773,0.696,0.298869143780291,0.3261231281198,0.99375,0.320695102685624,0.305936073059361,1,0.308892355694228,0.302507836990596,1,0.308306709265176,0.321086261980831,0.3109375,0.32018927444795,1,1,1,0.308681672025723,0.324921135646688,0.00792393026941363,0.990476190476191,0.32475884244373,1,1,0.31201248049922,0.3296875,0.299373040752351,0.317965023847377,0.317111459968603,1,0.308426073131955,0.310236220472441,0.574468085106383,1,0.824476650563607,1,0,1,0.321981424148607,1,1,0.415748031496063,0.998435054773083,0.325806451612903,1,0.308917197452229,0.305164319248826,0.309262166405024,1,1,0.318541996830428,0.398058252427184,0.606060606060606,0.301435406698565,1,1,1,0.323763955342903,1,0.214968152866242,1,1,1,1,0.3198127925117,1,0.320325203252033,0.333333333333333,0.679304897314376,0.304838709677419,1,0.32807570977918,0.318952234206472,0.319148936170213,1,0.308176100628931,1,0.319938176197836,0.488151658767773,0.320251177394035,0.321428571428571,0.308282208588957,1,0.315705128205128,0.301765650080257,1,1,0.320126782884311,0.321259842519685,1,0.465116279069767,0.314845024469821,0.324409448818898,0.322480620155039,0.68125,1,0.295454545454545,1,0.410543130990415,0.304416403785489,0,0.87789799072643,0.313504823151125,0.316957210776545,0,0.0299684542586751,0.98116169544741,0.318681318681319,1,0.310618066561014,0.320197044334975,1,0.322932917316693,0.316957210776545,0.675118858954041,1,0.318840579710145,0.3216,1,0.307453416149068,0.308196721311475,1,0.331761006289308,0.313408723747981,0.315707620528771,0.329073482428115,0.798425196850394,1,0.982113821138211,1,1,0.00157728706624606,1,0.992076069730586,1,0.41786283891547,0.996820349761526,0.306122448979592,0.992272024729521,0.3328,0.995230524642289,0.597243491577335,0.626959247648903,0.317757009345794,0.3125,0.634796238244514,0.315359477124183,0,0.628164556962025,0.680511182108626,0.316614420062696,0.00156739811912226,0.311111111111111,0.308917197452229,0.765273311897106,0.322884012539185,0.691943127962085,0.592471358428805,0.310015898251192,0.320433436532508,0.306729264475743,1,0.027355623100304,0,0.315789473684211,0.324281150159744,0.331782945736434,1,0.339116719242902,0.320126782884311,1,0.307448494453249,0.938582677165354,0.568253968253968,1,1,0.991582491582492,0.321875,0.599374021909233,0.327217125382263,0.3125,0.307324840764331,0.414976599063963,1,0.308426073131955,1,0.324717285945073,0.310177705977383,1,0.318471337579618,1,0.3264,1,1,0.317262830482115,0,1,0.325038880248834,1,0.56120826709062,1,0.491228070175439,1,0.553772070626003,1,0.318181818181818,1,1,1,0.3171875,0.328382838283828,0.314641744548287,0.344262295081967,0.323383084577114,0.307086614173228,1,0.323296354992076,1,1,0.328,0.320512820512821,0.326594090202177,0.394654088050314,0.320987654320988,1,1,0.326086956521739,0.324881141045959,0.626794258373206,0.586538461538462,0.321086261980831,0.315705128205128,1,0.30379746835443,0.317484662576687,0.995230524642289,0.3,0.312202852614897,0,0.142635658914729,0.320063694267516,0.680786686838124,0.312903225806452,0.322378716744914,0.590417310664606,0.996810207336523,0.313099041533546,1,0.316639741518578,0.351437699680511,0.312599681020734,0.482594936708861,0.305993690851735,1,0.324324324324324,0.327503974562798,0.32258064516129,0.680555555555556,1,0.32569558101473,0.317610062893082,0,0.327102803738318,0.998425196850394,0.949526813880126,1,0.315286624203822,0.329173166926677,0.317230273752013,0.587057010785824,1,0.587275693311582,0.336434108527132,1,1,0.960998439937597,0.681528662420382,0.328,0.357142857142857,0.32018927444795,0.318252730109204,1,1,0.501587301587302,0.62258064516129,1,1,0.998447204968944,0.694942903752039,1,0.314728682170543,0.68370607028754,1,0.322834645669291,0.314102564102564,0.323248407643312,0.996899224806202,1,0.648117839607201,0.320813771517997,1,1,0.323854660347551,0.308892355694228,0.998410174880763,0,0.3216,0.3168,0.00797448165869218,0.320373250388802,1,0.308064516129032,1,0.151090342679128,0,0.895962732919255,0.329133858267717,1,1,0,0.00157232704402516,0.320634920634921,1,0.321951219512195,0.996860282574568,0.313213703099511,1,1,0.958925750394945,0.765258215962441,1,1,0.00631911532385466,1,0.503289473684211,0.323624595469256,0.675968992248062,0.324451410658307,1,0.305732484076433,0.667716535433071,1,1,0.315873015873016,0.615030674846626,0.328050713153724,0.584664536741214,0.969551282051282,0.329052969502408,0.596850393700787,0.0156739811912226,0.305331179321486,0.319182389937107,0.320061255742726,1,0.633281972265023,0.308166409861325,0.885758998435055,0.5818759936407,0.964451313755796,1,1,0.317034700315457,0.336617405582923,0.313915857605178,0.310344827586207,0.320126782884311,0.617151607963247,0.306625577812018,0,0.676425269645609,0.998427672955975,0.334928229665072,0.309294871794872,0.314935064935065,0.321428571428571,0.604133545310016,1,0.338095238095238,0.338187702265372,0.32512315270936,0.320574162679426,0.312698412698413,0.309148264984227,0.2015625,0.684039087947883,0.318979266347687,0.592592592592593,1,0.235387045813586,0.318471337579618,0.917073170731707,1,1,0.310509554140127,0.6390625,1,0.319182389937107,0.303656597774245,0.954838709677419,1,1,0.996779388083736,0.329153605015674,1,1,0.890302066772655,1,0.351097178683386,1,0.588524590163934,1,0.672839506172839,0.311004784688995,0.598726114649682,1,1,0.990306946688207,0.33489827856025,0.32120253164557,0.327361563517915,0.310832025117739,0.332258064516129,0.329508196721311,0.984126984126984,0.313880126182965,1,1,0.704866562009419,0,0.312989045383412,0.314241486068111,0.679626749611198,1,0.552590266875981,0.331288343558282,0.637958532695375,0.311708860759494,0.313915857605178,1,0.3152,0.317355371900826,0.681458003169572,0.906976744186046,0.31866464339909,0.595541401273885,0.576489533011272,0.315789473684211,0.324281150159744,0.306603773584906,0.585443037974684,0.686915887850467,1,0.885532591414944,1,0.6703125,0.996774193548387,0.586538461538462,0.31139646869984,0.329545454545455,1,1,0.420221169036335,0.991816693944354,0.996870109546166,1,0.3171875,0.32695374800638,1,0.315789473684211,0.681181959564541,0.3296,0.451664025356577,0.301612903225806,0,0.307086614173228,1,1,0.587955625990491,0.00154798761609907,0.328571428571429,0.319685039370079,0.0964630225080386,0.416260162601626,1,1,0.316279069767442,1,0.408805031446541,1,0.32370820668693,0.5875,0.330188679245283,0.315457413249211,1,0,1,0.306818181818182,0.317741935483871,1,1,1,0.432520325203252,1,0.319870759289176,0.620472440944882,0.322784810126582,0.326332794830372,0.00157977883096367,0.042654028436019,1,0.62200956937799,1,0.328525641025641,0.327868852459016,1,1,0.165366614664587,0.319554848966614,1,0.8984375,1,0.322327044025157,0.206677265500795,0.677115987460815,1,1,1,1,1,0.291993720565149,0.305732484076433,1,0.120325203252033,0.00159744408945687,0.433962264150943,0,0.322632423756019,1,0.681528662420382,1,1,0.895734597156398,1,0.680685358255452,1,1,1,1
"270",0.304212168486739,0.324200913242009,0.316109422492401,0.33179012345679,0.321483771251932,0.316666666666667,0.00946372239747634,0.329249617151608,0.319508448540707,0.566718995290424,0.329850746268657,0.62691131498471,0.517884914463453,0.327160493827161,1,1,0.610015174506829,0,0.334883720930233,0.311349693251534,1,1,0.327300150829563,0.513803680981595,0.319402985074627,1,1,0.340694006309148,0.314456035767511,0.530326594090202,1,0.59480122324159,0.376701966717095,0.996941896024465,0.657407407407407,0.31629392971246,0.150914634146341,0.322822822822823,1,0.31570996978852,0.00306278713629403,0,0,0.335889570552147,0.328173374613003,1,0.993855606758833,1,1,1,0.681887366818874,0.328125,1,0.332826747720365,0.320668693009119,0.817610062893082,0.132605304212168,0.325077399380805,0.323216995447648,0.328725038402458,0.993957703927492,1,1,0.00458715596330275,0.319047619047619,0.323262839879154,0.644716692189893,0.331278890600925,0.601470588235294,1,0.323664122137405,1,1,0.286384976525822,0.161676646706587,0.325408618127786,1,0.99554234769688,0.328335832083958,1,0.598425196850394,1,1,0.322822822822823,1,0.334328358208955,0.323664122137405,0.337962962962963,0.321044546850998,0,0.325115562403698,0.334821428571429,0.677321156773212,0.584218512898331,0.315625,0.629685157421289,0.672839506172839,0.315233785822021,0.127186009538951,0,0.317484662576687,0.61214953271028,1,0.324324324324324,1,0.323619631901841,0,0.329770992366412,1,1,1,0.31866464339909,0.995419847328244,0.331804281345566,0.207207207207207,0.313988095238095,1,0.377245508982036,1,1,0.204819277108434,0.316590563165906,1,1,0.335854765506808,1,0.326530612244898,0.319758672699849,0.36405529953917,0.761689291101056,0.328125,1,0.334862385321101,0.624815361890694,0.342723004694836,1,0.0015220700152207,1,0.387291981845688,0.896875,0.575572519083969,0.589665653495441,0.324615384615385,0.32807570977918,1,0.318318318318318,1,0.308411214953271,0.5,0.333333333333333,1,0.325688073394495,0.325581395348837,0.329704510108865,0.331804281345566,1,0.315068493150685,1,0.422900763358779,0.33033033033033,1,0.331858407079646,1,0.586314152410575,0.326120556414219,1,0.328746177370031,0.322085889570552,0.346444780635401,0.989409984871407,0.33030303030303,1,0.328197226502311,1,0.325358851674641,1,0.586890243902439,0.308396946564885,0.0284810126582278,0.309859154929577,0.322137404580153,1,0.317484662576687,0.326219512195122,0.327743902439024,0.342549923195084,1,1,0.330173775671406,0.333839150227618,1,1,0.329286798179059,0.237878787878788,0.0146842878120411,0.677966101694915,1,0.00305343511450382,0.322727272727273,1,0.330188679245283,0.316417910447761,0.326836581709145,0.996932515337423,1,1,0.333823529411765,0.316037735849057,0.324200913242009,0.677519379844961,0.313935681470138,1,0.344984802431611,1,1,0.446841294298921,0.330757341576507,0.325373134328358,0.328787878787879,0.306525037936267,0.319875776397516,0.640672782874618,1,1,0.323353293413174,0.00303490136570561,0.328828828828829,0.318114874815906,0.331797235023041,0.307926829268293,0.305343511450382,0.326378539493294,0.688622754491018,0.359467455621302,0.309451219512195,1,0.332814930015552,1,0.315151515151515,0.314152410575428,0.320061255742726,0.337442218798151,0.320754716981132,1,0.330804248861912,0.792307692307692,1,1,0.996927803379416,1,1,0.9046875,1,1,1,0.317293233082707,1,0.328593996840442,0,1,0.382530120481928,1,0.329754601226994,0.329173166926677,0.320121951219512,0.409375,1,0.327300150829563,1,1,1,1,0,0.322085889570552,1,1,0.325652841781874,1,0.327272727272727,1,1,0.319875776397516,0.332298136645963,0.305007587253414,0.164133738601824,0.337984496124031,0,0.589364844903988,1,0.32572298325723,0.322085889570552,0.571644042232277,1,1,0.334890965732087,0.334869431643625,1,0.64741641337386,0.691943127962085,0.313664596273292,0.325471698113208,0.992592592592593,0.33179012345679,0.311475409836066,1,0.321699544764795,0.30804248861912,1,0.309119010819165,0.327217125382263,0.321699544764795,0.322678843226788,1,1,1,0.316590563165906,0.326717557251908,0.00896860986547085,0.993930197268589,0.328703703703704,1,1,0.316023738872404,0.335843373493976,0.30804248861912,0.321100917431193,0.320300751879699,1,0.321428571428571,0.319634703196347,0.56782334384858,1,0.844748858447489,1,0,1,0.329866270430906,1,1,0.408071748878924,0.998470948012232,0.328703703703704,1,0.320987654320988,0.310291858678955,0.326283987915408,1,1,0.320668693009119,0.408585055643879,0.608024691358025,0.315384615384615,1,1,1,0.335913312693498,1,0.205792682926829,1,1,1,1,0.330827067669173,1,0.326465927099842,0.332824427480916,0.671709531013616,0.314641744548287,1,0.330815709969789,0.327844311377246,0.324281150159744,1,0.316100443131462,1,0.331352154531946,0.48411497730711,0.327245053272451,0.324960753532182,0.326283987915408,1,0.330218068535826,0.316358024691358,1,1,0.331811263318113,0.321266968325792,1,0.477544910179641,0.317034700315457,0.336391437308869,0.334332833583208,0.673282442748092,1,0.300787401574803,1,0.407751937984496,0.320433436532508,0,0.877272727272727,0.328125,0.323216995447648,0,0.0319634703196347,0.982998454404946,0.322188449848024,1,0.316436251920123,0.327586206896552,1,0.332330827067669,0.326687116564417,0.670694864048338,1,0.328220858895706,0.32824427480916,1,0.322239031770045,0.313084112149533,1,0.331334332833583,0.314329738058552,0.32469512195122,0.340425531914894,0.795454545454545,1,0.978625954198473,1,1,0.00155038759689922,1,0.995419847328244,1,0.419939577039275,0.996927803379416,0.315233785822021,0.997005988023952,0.337920489296636,0.996983408748115,0.598227474150665,0.61631419939577,0.328808446455505,0.326836581709145,0.631498470948012,0.325545171339564,0,0.61969696969697,0.683229813664596,0.322775263951735,0.00153609831029186,0.32262996941896,0.314900153609831,0.773148148148148,0.331297709923664,0.681681681681682,0.586750788643533,0.327217125382263,0.326347305389222,0.301829268292683,1,0.0234604105571848,0,0.333333333333333,0.337386018237082,0.332335329341317,1,0.328220858895706,0.32572298325723,1,0.314984709480122,0.939024390243902,0.569230769230769,1,1,0.995153473344103,0.33034379671151,0.599702380952381,0.328828828828829,0.322274881516588,0.326153846153846,0.414156626506024,1,0.31201248049922,1,0.326984126984127,0.331278890600925,1,0.327639751552795,1,0.332312404287902,1,1,0.327743902439024,0,1,0.329286798179059,1,0.57469512195122,1,0.503828483920367,1,0.576687116564417,1,0.334890965732087,1,1,1,0.313755795981453,0.334883720930233,0.320474777448071,0.353125,0.324409448818898,0.313161875945537,1,0.329305135951662,1,1,0.333333333333333,0.32182103610675,0.31981981981982,0.394736842105263,0.331831831831832,1,1,0.335365853658537,0.329754601226994,0.6203125,0.589861751152074,0.325652841781874,0.324451410658307,1,0.312688821752266,0.31981981981982,0.99390243902439,0.309968847352025,0.319571865443425,0,0.15015015015015,0.322085889570552,0.66965620328849,0.320668693009119,0.327769347496206,0.596701649175412,0.998487140695915,0.31839258114374,1,0.314759036144578,0.357698289269051,0.323664122137405,0.478063540090772,0.324074074074074,1,0.327743902439024,0.327131782945736,0.339171974522293,0.680722891566265,1,0.336448598130841,0.330838323353293,0,0.337386018237082,0.998480243161094,0.95738203957382,1,0.325859491778774,0.329770992366412,0.321483771251932,0.578947368421053,1,0.59472049689441,0.340062111801242,1,1,0.969604863221885,0.6671826625387,0.331811263318113,0.367069486404834,0.327769347496206,0.325892857142857,1,1,0.50693374422188,0.628440366972477,1,1,0.998477929984779,0.680555555555556,1,0.337313432835821,0.674809160305344,1,0.332326283987915,0.32093023255814,0.325115562403698,0.996965098634294,1,0.640378548895899,0.323619631901841,1,1,0.329305135951662,0.319634703196347,0.998477929984779,0,0.323943661971831,0.314152410575428,0.00615384615384615,0.323170731707317,1,0.321483771251932,1,0.153383458646617,0,0.907079646017699,0.333836858006042,1,1,0,0.00149925037481259,0.332826747720365,1,0.321316614420063,0.996992481203008,0.318681318681319,1,0.998439937597504,0.966309341500766,0.771689497716895,1,1,0.0045662100456621,1,0.519623233908948,0.337423312883436,0.66865671641791,0.337367624810893,1,0.309597523219814,0.671212121212121,1,1,0.320373250388802,0.610619469026549,0.328267477203647,0.580937972768533,0.978461538461538,0.331797235023041,0.595092024539877,0.0107197549770291,0.319444444444444,0.330804248861912,0.327188940092166,1,0.62125748502994,0.3125,0.888024883359253,0.585403726708075,0.966966966966967,1,1,0.314589665653495,0.350387596899225,0.31832298136646,0.318952234206472,0.31570996978852,0.61044776119403,0.309309309309309,0,0.666178623718887,0.998475609756098,0.330815709969789,0.310769230769231,0.325038880248834,0.331334332833583,0.596651445966514,1,0.339393939393939,0.340557275541796,0.341158059467919,0.321592649310873,0.319213313161876,0.312024353120244,0.196992481203008,0.673913043478261,0.322480620155039,0.590977443609023,1,0.243119266055046,0.332826747720365,0.924961715160796,1,1,0.317972350230415,0.624808575803982,1,0.322775263951735,0.305084745762712,0.950920245398773,1,1,0.996894409937888,0.322188449848024,1,1,0.898461538461538,1,0.357784431137725,1,0.586750788643533,1,0.670713201820941,0.313846153846154,0.599071207430341,1,1,0.990668740279938,0.332326283987915,0.332321699544765,0.337539432176656,0.331797235023041,0.32807570977918,0.33179012345679,0.983128834355828,0.320121951219512,1,1,0.713213213213213,0,0.328313253012048,0.321752265861027,0.668683812405446,1,0.558734939759036,0.333830104321908,0.638330757341577,0.320987654320988,0.325038880248834,1,0.320061255742726,0.323248407643312,0.686728395061728,0.910969793322735,0.329912023460411,0.6,0.568992248062016,0.332317073170732,0.329192546583851,0.30804248861912,0.590839694656489,0.67530487804878,1,0.891603053435114,1,0.659732540861813,0.996870109546166,0.582043343653251,0.321483771251932,0.3296875,1,1,0.417933130699088,0.993769470404984,0.998482549317147,1,0.31859756097561,0.329803328290469,1,0.320232896652111,0.678195488721804,0.335394126738794,0.452307692307692,0.318885448916409,0,0.319758672699849,1,1,0.587087087087087,0.00151057401812689,0.339393939393939,0.324159021406728,0.107361963190184,0.4203125,1,1,0.318529862174579,1,0.401854714064915,1,0.334821428571429,0.582582582582583,0.332822085889571,0.32312404287902,1,0,1,0.30829420970266,0.324615384615385,1,1,1,0.454968944099379,1,0.325153374233129,0.614114114114114,0.333843797856049,0.338582677165354,0.00151745068285281,0.0401234567901235,1,0.616207951070336,1,0.332829046898638,0.338050314465409,1,1,0.164901664145234,0.313725490196078,1,0.908545727136432,1,0.334855403348554,0.197530864197531,0.667673716012085,1,1,1,1,1,0.294736842105263,0.30640243902439,1,0.124605678233438,0.0015527950310559,0.432515337423313,0,0.328197226502311,1,0.672754946727549,1,1,0.896969696969697,1,0.671664167916042,1,1,1,1
"271",0.293269230769231,0.308056872037915,0.307210031347962,0.32258064516129,0.304278922345483,0.3078125,0.00478468899521531,0.321144674085851,0.303738317757009,0.57741935483871,0.308166409861325,0.646781789638933,0.52258064516129,0.316692667706708,1,1,0.62402496099844,0,0.316614420062696,0.303265940902022,1,1,0.315870570107858,0.518167456556082,0.299236641221374,1,1,0.331189710610932,0.301857585139319,0.525396825396825,1,0.591772151898734,0.361934477379095,0.996815286624204,0.676656151419558,0.3003300330033,0.137876386687797,0.325077399380805,1,0.303543913713405,0.00156985871271586,0,0,0.317535545023697,0.311688311688312,1,0.9953125,1,1,1,0.687306501547988,0.320388349514563,1,0.314241486068111,0.307332293291732,0.829268292682927,0.1184,0.310618066561014,0.309486780715397,0.315372424722662,0.995363214837713,1,1,0.00314465408805031,0.305691056910569,0.309968847352025,0.653968253968254,0.313880126182965,0.620583717357911,1,0.307931570762053,1,1,0.278219395866455,0.151840490797546,0.305597579425113,1,0.995412844036697,0.309815950920245,1,0.59967585089141,1,1,0.321316614420063,1,0.316109422492401,0.308661417322835,0.318681318681319,0.309262166405024,0,0.311216429699842,0.319571865443425,0.690251572327044,0.583975346687211,0.311290322580645,0.642526964560863,0.684375,0.311248073959938,0.107544141252006,0,0.303174603174603,0.620414673046252,1,0.30718954248366,1,0.313572542901716,0,0.318611987381703,1,1,1,0.298904538341158,0.996870109546166,0.318461538461538,0.199088145896657,0.310810810810811,1,0.362790697674419,1,1,0.197784810126582,0.301710730948678,1,1,0.318181818181818,1,0.31437125748503,0.299694189602446,0.365203761755486,0.756172839506173,0.3125,1,0.3216,0.645357686453577,0.324237560192616,1,0,1,0.369496855345912,0.885483870967742,0.582417582417582,0.60377358490566,0.309119010819165,0.316558441558442,1,0.31201248049922,1,0.293838862559242,0.502325581395349,0.321100917431193,1,0.303125,0.308064516129032,0.309148264984227,0.320251177394035,1,0.299684542586751,1,0.423913043478261,0.3171875,1,0.318731117824773,1,0.594339622641509,0.309904153354633,1,0.315707620528771,0.306603773584906,0.327014218009479,0.990683229813665,0.3265625,1,0.313291139240506,1,0.315875613747954,1,0.599063962558502,0.296875,0.0263591433278418,0.294871794871795,0.308661417322835,1,0.294488188976378,0.309148264984227,0.315625,0.321483771251932,1,1,0.31973898858075,0.324451410658307,1,1,0.320251177394035,0.235114503816794,0.0149925037481259,0.697492163009404,1,0.00157232704402516,0.31104199066874,1,0.31637519872814,0.302469135802469,0.305555555555556,0.996899224806202,1,1,0.319213313161876,0.296,0.309597523219814,0.685990338164251,0.298107255520505,1,0.32348367029549,1,1,0.431924882629108,0.312597200622084,0.308166409861325,0.315873015873016,0.309486780715397,0.3072,0.65086887835703,1,1,0.310975609756098,0.00154798761609907,0.324074074074074,0.310136157337368,0.31496062992126,0.301092043681747,0.291021671826625,0.317972350230415,0.70679012345679,0.355828220858896,0.298904538341158,1,0.317965023847377,1,0.302325581395349,0.293739967897271,0.308917197452229,0.325434439178515,0.307073954983923,1,0.320373250388802,0.802861685214626,1,1,0.998405103668262,1,1,0.894321766561514,1,1,1,0.308641975308642,1,0.313628899835796,0,1,0.372307692307692,1,0.319422150882825,0.316118935837246,0.3104,0.417582417582418,1,0.314900153609831,1,1,1,1,0,0.296998420221169,1,1,0.31637519872814,1,0.312210200927357,1,1,0.307324840764331,0.315286624203822,0.296062992125984,0.143081761006289,0.320574162679426,0,0.602446483180428,1,0.313725490196078,0.311811023622047,0.589147286821705,1,1,0.324193548387097,0.312401883830455,1,0.662037037037037,0.699044585987261,0.307936507936508,0.310897435897436,0.995412844036697,0.312302839116719,0.296686746987952,1,0.305295950155763,0.291277258566978,1,0.303030303030303,0.305295950155763,0.298136645962733,0.309748427672956,1,1,1,0.296124031007752,0.318037974683544,0.0078003120124805,0.995260663507109,0.315286624203822,1,1,0.304482225656878,0.319508448540707,0.297213622291022,0.307086614173228,0.316279069767442,1,0.299840510366826,0.308176100628931,0.571658615136876,1,0.83015873015873,1,0,1,0.320726172465961,1,1,0.409861325115562,0.998454404945904,0.311708860759494,1,0.303937007874016,0.300787401574803,0.306976744186047,1,1,0.314553990610329,0.393890675241158,0.615748031496063,0.302547770700637,1,1,1,0.318471337579618,1,0.199066874027994,1,1,1,1,0.319634703196347,1,0.313821138211382,0.322932917316693,0.684867394695788,0.302507836990596,1,0.316118935837246,0.309230769230769,0.30718954248366,1,0.303405572755418,1,0.316666666666667,0.4796875,0.318181818181818,0.310618066561014,0.306376360808709,1,0.311897106109325,0.299679487179487,1,1,0.314728682170543,0.298299845440495,1,0.473200612557427,0.307317073170732,0.319938176197836,0.322530864197531,0.685534591194969,1,0.284539473684211,1,0.410094637223975,0.299684542586751,0,0.888888888888889,0.3072,0.311605723370429,0,0.0252764612954186,0.985781990521327,0.310725552050473,1,0.303030303030303,0.313694267515924,1,0.311728395061728,0.30625,0.67981072555205,1,0.317111459968603,0.310789049919485,1,0.312597200622084,0.300476947535771,1,0.337941628264209,0.311320754716981,0.315217391304348,0.32093023255814,0.801872074882995,1,0.981102362204724,1,1,0,1,0.995253164556962,1,0.422535211267606,0.996768982229402,0.304012345679012,0.996937212863706,0.320126782884311,0.996875,0.607305936073059,0.631741140215716,0.310769230769231,0.306027820710974,0.647887323943662,0.311605723370429,0,0.640502354788069,0.695024077046549,0.311912225705329,0,0.304821150855365,0.302325581395349,0.761453396524487,0.322429906542056,0.692667706708268,0.604838709677419,0.311111111111111,0.30829420970266,0.288854003139717,1,0.0207715133531157,0,0.303599374021909,0.320754716981132,0.325,1,0.329704510108865,0.306603773584906,1,0.306153846153846,0.946117274167987,0.572567783094099,1,1,0.994983277591973,0.315870570107858,0.608359133126935,0.322981366459627,0.309178743961353,0.308176100628931,0.411580594679186,1,0.306603773584906,1,0.308562197092084,0.314009661835749,1,0.314009661835749,1,0.315286624203822,1,1,0.312597200622084,0,1,0.319685039370079,1,0.575899843505477,1,0.512422360248447,1,0.557299843014129,1,0.312302839116719,1,1,1,0.30379746835443,0.315705128205128,0.313364055299539,0.338187702265372,0.32569558101473,0.298904538341158,1,0.316037735849057,1,1,0.317683881064163,0.311004784688995,0.315950920245399,0.375394321766562,0.316998468606432,1,1,0.317972350230415,0.31924882629108,0.6384,0.595879556259905,0.310452418096724,0.3104,1,0.298136645962733,0.311349693251534,0.995305164319249,0.296596434359805,0.306376360808709,0,0.133640552995392,0.311811023622047,0.681547619047619,0.306603773584906,0.313364055299539,0.605546995377504,0.998417721518987,0.306603773584906,1,0.30952380952381,0.340694006309148,0.302547770700637,0.474258970358814,0.308777429467085,1,0.315132605304212,0.3136,0.319870759289176,0.691603053435115,1,0.318327974276527,0.309486780715397,0,0.321428571428571,0.998430141287284,0.959876543209877,1,0.311424100156495,0.315950920245399,0.31619937694704,0.588235294117647,1,0.591639871382637,0.334405144694534,1,1,0.972006220839813,0.686244204018547,0.321144674085851,0.346811819595645,0.305900621118012,0.309486780715397,1,1,0.5203125,0.637083993660856,1,1,0.998461538461539,0.699842022116904,1,0.317411402157165,0.690251572327044,1,0.316436251920123,0.311897106109325,0.310618066561014,0.996894409937888,1,0.653658536585366,0.317262830482115,1,1,0.316846986089645,0.304212168486739,0.998432601880878,0,0.3072,0.298578199052133,0.0046875,0.303215926493109,1,0.3072,1,0.142635658914729,0,0.903469079939668,0.320433436532508,1,1,0,0,0.316037735849057,1,0.30718954248366,0.998475609756098,0.307324840764331,1,0.998412698412698,0.96984126984127,0.765163297045101,1,1,0.0046656298600311,1,0.512315270935961,0.329173166926677,0.681538461538462,0.317262830482115,1,0.305900621118012,0.678683385579937,1,1,0.3072,0.623298033282905,0.318885448916409,0.589984350547731,0.979559748427673,0.322274881516588,0.606201550387597,0.009375,0.30188679245283,0.31974921630094,0.314641744548287,1,0.643835616438356,0.303543913713405,0.89776357827476,0.59967845659164,0.972093023255814,1,1,0.310769230769231,0.332268370607029,0.305863708399366,0.306729264475743,0.303215926493109,0.618098159509202,0.296923076923077,0,0.677661169415292,0.998442367601246,0.321928460342146,0.298412698412698,0.307817589576547,0.313725490196078,0.609717868338558,1,0.320987654320988,0.325914149443561,0.322632423756019,0.310236220472441,0.304552590266876,0.315047021943574,0.192789968652038,0.682464454976303,0.304625199362041,0.6049766718507,1,0.238095238095238,0.317111459968603,0.933649289099526,1,1,0.29874213836478,0.650621118012422,1,0.305772230889236,0.293103448275862,0.963607594936709,1,1,0.998373983739837,0.315789473684211,1,1,0.892018779342723,1,0.345736434108527,1,0.595275590551181,1,0.681747269890796,0.309748427672956,0.60347551342812,1,1,0.992163009404389,0.320493066255778,0.315625,0.317230273752013,0.312404287901991,0.317817014446228,0.317307692307692,0.987096774193548,0.310291858678955,1,1,0.717829457364341,0,0.312210200927357,0.312693498452012,0.6859375,1,0.566510172143975,0.322085889570552,0.65511811023622,0.305511811023622,0.309178743961353,1,0.30298273155416,0.314238952536825,0.677316293929712,0.905844155844156,0.316742081447964,0.6128,0.580952380952381,0.316037735849057,0.314785373608903,0.29264475743349,0.597156398104265,0.690993788819876,1,0.90282131661442,1,0.674347158218126,0.9968,0.592651757188498,0.302694136291601,0.314009661835749,1,1,0.422712933753943,0.995222929936306,0.998459167950693,1,0.311526479750779,0.321259842519685,1,0.303571428571429,0.690363349131122,0.313195548489666,0.453689167974882,0.30173775671406,0,0.304147465437788,1,1,0.603125,0,0.321144674085851,0.315955766192733,0.10410094637224,0.40194489465154,1,1,0.309968847352025,1,0.404724409448819,1,0.327300150829563,0.594339622641509,0.317111459968603,0.310126582278481,1,0,1,0.291118421052632,0.315457413249211,1,1,1,0.454689984101749,1,0.313084112149533,0.627692307692308,0.327044025157233,0.314332247557003,0,0.0313479623824451,1,0.626984126984127,1,0.316118935837246,0.324193548387097,1,1,0.146417445482866,0.306976744186047,1,0.906396255850234,1,0.316109422492401,0.200956937799043,0.684210526315789,1,1,1,1,1,0.293291731669267,0.30077519379845,1,0.113964686998395,0,0.4328125,0,0.325434439178515,1,0.6896,1,1,0.892690513219285,1,0.691107644305772,1,1,1,1
"272",0.303459119496855,0.316030534351145,0.318042813455657,0.328660436137072,0.315467075038285,0.312597200622084,0.0109204368174727,0.322884012539185,0.316436251920123,0.585173501577287,0.320987654320988,0.635220125786163,0.50390015600624,0.328173374613003,1,1,0.622526636225266,0,0.325471698113208,0.314152410575428,1,1,0.328767123287671,0.521341463414634,0.311278195488722,1,1,0.33122028526149,0.30521472392638,0.529225908372828,1,0.593272171253823,0.36687306501548,0.995268138801262,0.660990712074303,0.314238952536825,0.140215716486903,0.327188940092166,1,0.3,0.00313479623824451,0,0,0.332293291731669,0.318611987381703,1,0.993836671802773,1,1,1,0.683001531393568,0.324451410658307,1,0.317972350230415,0.315047021943574,0.81591263650546,0.118564742589704,0.315541601255887,0.311649016641452,0.326594090202177,0.992343032159265,1,1,0.0062111801242236,0.312796208530806,0.321483771251932,0.648985959438378,0.32967032967033,0.612275449101796,1,0.318529862174579,1,1,0.280952380952381,0.163109756097561,0.317220543806647,1,0.993948562783661,0.320493066255778,1,0.600953895071542,1,1,0.324074074074074,1,0.330849478390462,0.310344827586207,0.329192546583851,0.320493066255778,0,0.315707620528771,0.329341317365269,0.686064318529862,0.585403726708075,0.31496062992126,0.641221374045801,0.677811550151976,0.314984709480122,0.120826709062003,0,0.313271604938272,0.613104524180967,1,0.3232,1,0.321928460342146,0,0.322480620155039,1,1,1,0.302325581395349,0.995384615384615,0.328660436137072,0.209895052473763,0.311940298507463,1,0.375191424196018,1,1,0.208722741433022,0.313364055299539,1,1,0.3328173374613,1,0.319213313161876,0.314199395770393,0.365891472868217,0.767019667170953,0.320126782884311,1,0.332293291731669,0.635555555555556,0.336477987421384,1,0.00155763239875389,1,0.384735202492212,0.895833333333333,0.580398162327718,0.604361370716511,0.315548780487805,0.323899371069182,1,0.32,1,0.302611367127496,0.497702909647779,0.320300751879699,1,0.307453416149068,0.315047021943574,0.324367088607595,0.320872274143302,1,0.311627906976744,1,0.427035330261137,0.329211746522411,1,0.324242424242424,1,0.59253499222395,0.317535545023697,1,0.322085889570552,0.3140625,0.334379905808477,0.987897125567322,0.329721362229102,1,0.32182103610675,1,0.327974276527331,1,0.597875569044006,0.295839753466872,0.0303030303030303,0.302066772655008,0.314241486068111,1,0.309707241910632,0.324492979719189,0.328125,0.331259720062208,1,1,0.318681318681319,0.324116743471582,1,1,0.328173374613003,0.245749613601236,0.0224550898203593,0.686821705426357,1,0.00308641975308642,0.315950920245399,1,0.321316614420063,0.306184012066365,0.319875776397516,0.996923076923077,1,1,0.32781954887218,0.316720257234727,0.31651376146789,0.671899529042386,0.302325581395349,1,0.344773790951638,1,1,0.444444444444444,0.325508607198748,0.323619631901841,0.327692307692308,0.306625577812018,0.314873417721519,0.634222919937206,1,1,0.323262839879154,0.00458715596330275,0.327868852459016,0.314285714285714,0.324116743471582,0.306990881458967,0.304416403785489,0.318250377073906,0.693972179289026,0.354545454545455,0.31039755351682,1,0.332283464566929,1,0.312977099236641,0.307931570762053,0.315707620528771,0.332278481012658,0.317741935483871,1,0.322480620155039,0.800632911392405,1,1,0.996830427892235,1,1,0.89937106918239,1,1,1,0.316436251920123,1,0.319935691318328,0,1,0.373088685015291,1,0.322327044025157,0.321766561514196,0.319875776397516,0.414173228346457,1,0.328197226502311,1,1,1,1,0,0.311111111111111,1,1,0.320373250388802,1,0.316666666666667,1,1,0.312302839116719,0.323809523809524,0.304747320061256,0.14900153609831,0.334384858044164,0,0.596676737160121,1,0.321100917431193,0.322378716744914,0.585780525502318,1,1,0.328050713153724,0.33175355450237,1,0.652241112828439,0.6984375,0.310725552050473,0.322169059011164,0.993930197268589,0.326687116564417,0.308383233532934,1,0.312977099236641,0.304212168486739,1,0.308892355694228,0.317901234567901,0.312597200622084,0.319444444444444,1,1,1,0.310077519379845,0.330232558139535,0.00917431192660551,0.990697674418605,0.325914149443561,1,1,0.312404287901991,0.322678843226788,0.301684532924962,0.3203125,0.316187594553706,1,0.303265940902022,0.310344827586207,0.576619273301738,1,0.848765432098765,1,0,1,0.324888226527571,1,1,0.414483821263482,0.998473282442748,0.317683881064163,1,0.312401883830455,0.304615384615385,0.317484662576687,1,1,0.31875,0.398412698412698,0.605345911949686,0.304552590266876,1,1,1,0.332805071315372,1,0.209800918836141,1,1,1,1,0.326747720364742,1,0.317230273752013,0.333333333333333,0.674884437596302,0.311501597444089,1,0.32258064516129,0.308623298033283,0.318818040435459,1,0.313546423135464,1,0.330316742081448,0.475384615384615,0.332822085889571,0.324881141045959,0.313178294573643,1,0.3171875,0.307936507936508,1,1,0.317901234567901,0.308396946564885,1,0.485584218512898,0.313291139240506,0.325190839694657,0.327245053272451,0.672839506172839,1,0.299679487179487,1,0.420221169036335,0.308411214953271,0,0.883792048929664,0.317965023847377,0.320987654320988,0,0.0310077519379845,0.980243161094225,0.320872274143302,1,0.311145510835913,0.314606741573034,1,0.322678843226788,0.316923076923077,0.671253822629969,1,0.319938176197836,0.324409448818898,1,0.312307692307692,0.301109350237718,1,0.338391502276176,0.314194577352472,0.32,0.336448598130841,0.792890262751159,1,0.979559748427673,1,1,0.00155763239875389,1,0.992260061919505,1,0.422600619195046,0.996835443037975,0.311550151975684,0.992319508448541,0.333333333333333,0.995363214837713,0.61236802413273,0.63302752293578,0.321699544764795,0.312024353120244,0.635802469135803,0.323151125401929,0,0.629007633587786,0.685446009389671,0.321100917431193,0.00153609831029186,0.312693498452012,0.304147465437788,0.768160741885626,0.328267477203647,0.686244204018547,0.599681020733652,0.321981424148607,0.318529862174579,0.302795031055901,1,0.0265095729013255,0,0.314329738058552,0.324116743471582,0.336405529953917,1,0.344339622641509,0.315467075038285,1,0.309341500765697,0.946070878274268,0.578696343402226,1,1,0.991749174917492,0.317557251908397,0.606758832565284,0.323397913561848,0.310679611650485,0.315217391304348,0.420333839150228,1,0.308777429467085,1,0.3232,0.320126782884311,1,0.322274881516588,1,0.328125,1,1,0.326747720364742,0,1,0.321646341463415,1,0.56832298136646,1,0.50611620795107,1,0.559190031152648,1,0.323809523809524,1,1,1,0.306976744186047,0.327102803738318,0.321212121212121,0.353420195439739,0.335463258785943,0.308049535603715,1,0.322884012539185,1,1,0.326153846153846,0.313971742543171,0.31784107946027,0.377125193199382,0.332307692307692,1,1,0.327769347496206,0.324921135646688,0.621664050235479,0.594043887147335,0.314728682170543,0.322378716744914,1,0.307210031347962,0.320839580209895,0.995305164319249,0.309677419354839,0.303405572755418,0,0.140929535232384,0.314814814814815,0.681481481481481,0.31201248049922,0.32262996941896,0.597579425113464,0.996904024767802,0.312111801242236,1,0.321428571428571,0.355242566510172,0.317262830482115,0.471212121212121,0.315217391304348,1,0.323619631901841,0.324409448818898,0.32967032967033,0.680786686838124,1,0.322884012539185,0.324074074074074,0,0.327245053272451,0.998444790046656,0.952380952380952,1,0.317411402157165,0.32089552238806,0.31937984496124,0.595744680851064,1,0.597156398104265,0.330721003134796,1,1,0.968133535660091,0.670846394984326,0.335925349922239,0.367781155015198,0.323619631901841,0.323619631901841,1,1,0.5125,0.628705148205928,1,1,0.998487140695915,0.687203791469194,1,0.324734446130501,0.686244204018547,1,0.324159021406728,0.321372854914197,0.319314641744548,0.996923076923077,1,0.635048231511254,0.323619631901841,1,1,0.325153374233129,0.315384615384615,0.998439937597504,0,0.315047021943574,0.305555555555556,0.00777604976671851,0.323076923076923,1,0.311605723370429,1,0.150306748466258,0,0.907875185735513,0.326747720364742,1,1,0,0.00151975683890578,0.322085889570552,1,0.31637519872814,0.996955859969559,0.313664596273292,1,0.9984375,0.961119751166407,0.772657450076805,1,1,0.0061633281972265,1,0.520766773162939,0.32348367029549,0.66412213740458,0.323664122137405,1,0.309968847352025,0.673282442748092,1,1,0.32,0.618479880774963,0.328725038402458,0.594090202177294,0.971742543171115,0.335403726708075,0.595975232198142,0.0154559505409583,0.316770186335404,0.326153846153846,0.32262996941896,1,0.632218844984802,0.308755760368664,0.896284829721362,0.594936708860759,0.966616084977238,1,1,0.31832298136646,0.336507936507937,0.311501597444089,0.308396946564885,0.317557251908397,0.614814814814815,0.305389221556886,0,0.677760968229955,0.998477929984779,0.319875776397516,0.313178294573643,0.317230273752013,0.329249617151608,0.610169491525424,1,0.334351145038168,0.334370139968896,0.326498422712934,0.32120253164557,0.309815950920245,0.31496062992126,0.206738131699847,0.680379746835443,0.31104199066874,0.600303951367781,1,0.248062015503876,0.317972350230415,0.922600619195046,1,1,0.313664596273292,0.634945397815913,1,0.312024353120244,0.303738317757009,0.954258675078864,1,1,0.996840442338073,0.323619631901841,1,1,0.902208201892745,1,0.357142857142857,1,0.598116169544741,1,0.674311926605505,0.306376360808709,0.601866251944012,1,1,0.992223950233281,0.322085889570552,0.328682170542636,0.320695102685624,0.321592649310873,0.322222222222222,0.322222222222222,0.984251968503937,0.315870570107858,1,1,0.717592592592593,0,0.319018404907975,0.320493066255778,0.678353658536585,1,0.563944530046225,0.331838565022422,0.634645669291339,0.310975609756098,0.319554848966614,1,0.3125,0.316476345840131,0.692675159235669,0.913738019169329,0.326951399116348,0.608763693270736,0.583203732503888,0.328682170542636,0.33125,0.306625577812018,0.600308641975309,0.680428134556575,1,0.899843505477308,1,0.662576687116564,0.996894409937888,0.590551181102362,0.320433436532508,0.322784810126582,1,1,0.430359937402191,0.992138364779874,0.996974281391831,1,0.309636650868878,0.331259720062208,1,0.315555555555556,0.684848484848485,0.331761006289308,0.459247648902821,0.304416403785489,0,0.310030395136778,1,1,0.595092024539877,0.00151285930408472,0.331316187594554,0.3198127925117,0.1015625,0.42515923566879,1,1,0.312977099236641,1,0.406832298136646,1,0.325892857142857,0.601851851851852,0.327073552425665,0.317034700315457,1,0,1,0.3072,0.317757009345794,1,1,1,0.45625,1,0.3198127925117,0.622119815668203,0.32312404287902,0.328548644338118,0.00151975683890578,0.0407523510971787,1,0.61741835147745,1,0.325617283950617,0.325471698113208,1,1,0.160060975609756,0.31839258114374,1,0.902255639097744,1,0.331818181818182,0.209375,0.668702290076336,1,1,1,1,1,0.28858024691358,0.303680981595092,1,0.128164556962025,0.00157232704402516,0.436055469953775,0,0.320493066255778,1,0.674961119751166,1,1,0.892141756548536,1,0.680365296803653,1,1,1,1
"273",0.701444622792937,0.691338582677165,0.683962264150943,0.678456591639871,0.692675159235669,0.694968553459119,0.987240829346092,0.682539682539683,0.693396226415094,0.424,0.687010954616588,0.355242566510172,0.479935794542536,0.67981072555205,0,0,0.37888198757764,1,0.68312101910828,0.690513219284603,0,0,0.679127725856698,0.478806907378336,0.692660550458716,0,0,0.671497584541063,0.700934579439252,0.473851030110935,0,0.400621118012422,0.63125,0.0015552099533437,0.330683624801272,0.689034369885434,0.871674491392801,0.678018575851393,0,0.702619414483821,0.998412698412698,1,1,0.66984126984127,0.684975767366721,0,0.00315955766192733,0,0,0,0.31055900621118,0.670926517571885,0,0.67981072555205,0.688271604938272,0.172523961661342,0.888357256778309,0.68362480127186,0.686244204018547,0.672413793103448,0.0046583850931677,0,0,0.996835443037975,0.685761047463175,0.684458398744113,0.345368916797488,0.680379746835443,0.384498480243161,0,0.684210526315789,0,0,0.723300970873786,0.850234009360374,0.691489361702128,0,0.00152671755725191,0.689127105666156,0,0.398692810457516,0,0,0.680314960629921,0,0.674846625766871,0.693396226415094,0.680124223602484,0.68075117370892,1,0.678740157480315,0.671274961597542,0.3125,0.416539050535988,0.688995215311005,0.353302611367127,0.317262830482115,0.684615384615385,0.877650897226754,1,0.6921875,0.382677165354331,0,0.690437601296596,0,0.67879746835443,1,0.676751592356688,0,0,0,0.698289269051322,0.0015600624024961,0.684044233807267,0.802469135802469,0.692073170731707,0,0.624420401854714,0,0,0.801251956181534,0.686708860759494,0,0,0.675344563552833,0,0.682852807283763,0.688650306748466,0.635071090047393,0.234206471494607,0.680713128038898,0,0.671406003159558,0.351432880844646,0.664495114006515,0,0.998447204968944,0,0.625391849529781,0.116883116883117,0.418096723868955,0.406299212598425,0.69047619047619,0.683006535947712,0,0.688751926040062,0,0.70364500792393,0.4913112164297,0.68160741885626,0,0.688888888888889,0.686804451510334,0.682539682539683,0.679365079365079,0,0.704761904761905,0,0.567026194144838,0.676470588235294,0,0.680916030534351,0,0.417061611374408,0.682539682539683,0,0.681458003169572,0.687106918238994,0.67515923566879,0.0093167701863354,0.681318681318681,0,0.684887459807074,0,0.683279742765273,0,0.408805031446541,0.703001579778831,0.971014492753623,0.706451612903226,0.685534591194969,0,0.697492163009404,0.68503937007874,0.6875,0.674922600619195,0,0,0.676190476190476,0.675590551181102,0,0,0.684129429892142,0.75625,0.983333333333333,0.304347826086957,0,0.9984375,0.684210526315789,0,0.675718849840256,0.694189602446483,0.684867394695788,0.00308166409861325,0,0,0.67530487804878,0.6896,0.6953125,0.322683706070288,0.703174603174603,0,0.663492063492063,0,0,0.569422776911076,0.685126582278481,0.689335394126739,0.680952380952381,0.691358024691358,0.686591276252019,0.351648351648352,0,0,0.683563748079877,0.998449612403101,0.684931506849315,0.685410334346505,0.68125,0.689335394126739,0.705974842767296,0.682370820668693,0.301075268817204,0.637480798771121,0.694573643410853,0,0.677215189873418,0,0.691107644305772,0.6944,0.687797147385103,0.678972712680578,0.689210950080515,0,0.678125,0.193037974683544,0,0,0.0016025641025641,0,0,0.1104,0,0,0,0.684698608964451,0,0.681818181818182,1,0,0.612557427258805,0,0.673534072900158,0.684627575277338,0.690513219284603,0.578369905956113,0,0.677519379844961,0,0,0,0,1,0.687203791469194,0,0,0.686520376175549,0,0.682588597842835,0,0,0.683881064162754,0.671497584541063,0.697965571205008,0.856697819314642,0.677067082683307,1,0.408814589665653,0,0.686244204018547,0.68088467614534,0.428571428571429,0,0,0.681020733652313,0.672523961661342,0,0.34850863422292,0.2976,0.69983948635634,0.677884615384615,0.00460829493087558,0.677519379844961,0.692901234567901,0,0.69170579029734,0.696734059097978,0,0.700475435816165,0.691693290734824,0.681818181818182,0.680685358255452,0,0,0,0.691823899371069,0.677165354330709,0.990445859872611,0.004739336492891,0.683788121990369,0,0,0.685670261941448,0.670278637770898,0.6984375,0.67981072555205,0.684782608695652,0,0.694753577106518,0.683962264150943,0.431340872374798,0,0.168,0,1,0,0.678018575851393,0,0,0.57984496124031,0,0.684210526315789,0,0.684867394695788,0.695102685624013,0.689922480620155,0,0,0.680124223602484,0.603252032520325,0.385103011093502,0.6928,0,0,0,0.682108626198083,0,0.796875,0,0,0,0,0.683153013910355,0,0.687196110210697,0.675590551181102,0.321259842519685,0.695238095238095,0,0.678627145085803,0.684049079754601,0.691935483870968,0,0.697388632872504,0,0.681538461538462,0.523291925465838,0.678627145085803,0.682108626198083,0.692068429237947,0,0.6875,0.696774193548387,0,0,0.681181959564541,0.695583596214511,0,0.516279069767442,0.685805422647528,0.674347158218126,0.676470588235294,0.313084112149533,0,0.708469055374593,0,0.576433121019108,0.696875,1,0.115501519756839,0.682615629984051,0.683464566929134,1,0.970496894409938,0.0173228346456693,0.691573926868045,0,0.694620253164557,0.685575364667747,0,0.678627145085803,0.689873417721519,0.325434439178515,0,0.688783570300158,0.684952978056426,0,0.686064318529862,0.698541329011345,0,0.663009404388715,0.689274447949527,0.687888198757764,0.673534072900158,0.197204968944099,0,0.0175718849840256,0,0,0.998422712933754,0,0.00317965023847377,0,0.572769953051643,0,0.693498452012384,0.00309597523219814,0.672496025437202,0,0.399696048632219,0.370542635658915,0.681470137825421,0.690031152647975,0.357366771159875,0.681089743589744,1,0.368503937007874,0.310236220472441,0.683076923076923,0.998449612403101,0.690737833594976,0.690251572327044,0.232854864433812,0.670826833073323,0.316846986089645,0.40064620355412,0.691082802547771,0.683563748079877,0.7015625,0,0.974397590361446,1,0.684952978056426,0.677570093457944,0.670846394984326,0,0.662460567823344,0.690140845070423,0,0.695102685624013,0.0551181102362205,0.439297124600639,0,0,0.00336700336700337,0.686064318529862,0.391304347826087,0.680555555555556,0.686178861788618,0.693396226415094,0.5790273556231,0,0.688888888888889,0,0.680577849117175,0.686028257456829,0,0.688291139240506,0,0.674491392801252,0,0,0.68380062305296,1,0,0.680555555555556,0,0.436420722135008,0,0.503154574132492,0,0.433333333333333,0,0.6848,0,0,0,0.690513219284603,0.67948717948718,0.683563748079877,0.654340836012862,0.668820678513732,0.695721077654517,0,0.678233438485804,0,0,0.683464566929134,0.679611650485437,0.684615384615385,0.60952380952381,0.675883256528418,0,0,0.6765625,0.682965299684543,0.368670886075949,0.410174880763116,0.694006309148265,0.684044233807267,0,0.695046439628483,0.686453576864536,0.00314465408805031,0.698717948717949,0.688783570300158,1,0.863914373088685,0.685714285714286,0.317293233082707,0.692063492063492,0.684292379471229,0.400921658986175,0.00315955766192733,0.6832,0,0.692307692307692,0.654281098546042,0.691222570532915,0.519561815336463,0.693650793650794,0,0.68025078369906,0.676656151419558,0.674757281553398,0.312111801242236,0,0.677316293929712,0.677018633540373,1,0.677862595419847,0,0.0421875,0,0.686244204018547,0.682888540031397,0.685534591194969,0.415123456790123,0,0.405186385737439,0.668261562998405,0,0,0.028391167192429,0.312796208530806,0.676145339652449,0.644305772230889,0.684210526315789,0.678018575851393,0,0,0.480891719745223,0.364353312302839,0,0,0,0.304140127388535,0,0.681538461538462,0.314785373608903,0,0.680314960629921,0.68503937007874,0.67906976744186,0,0,0.343648208469055,0.681181959564541,0,0,0.678461538461538,0.696734059097978,0,1,0.693163751987281,0.689381933438986,0.995341614906832,0.686821705426357,0,0.692556634304207,0,0.860643185298622,1,0.102290076335878,0.678516228748068,0,0,1,0.998466257668712,0.679186228482003,0,0.689822294022617,0.00153609831029186,0.685303514376997,0,0.00161030595813205,0.0344287949921753,0.225856697819315,0,0,0.996884735202492,0,0.489184692179701,0.677215189873418,0.327666151468315,0.676970633693972,0,0.687010954616588,0.322884012539185,0,0,0.684210526315789,0.378012048192771,0.671339563862928,0.419558359621451,0.0250783699059561,0.666139240506329,0.39375,0.992138364779874,0.685624012638231,0.678740157480315,0.68348623853211,0,0.360123647604328,0.695583596214511,0.108239095315024,0.411858974358974,0.0289634146341463,0,0,0.691588785046729,0.665064102564103,0.691943127962085,0.691943127962085,0.692913385826772,0.383792048929664,0.695121951219512,1,0.31784107946027,0,0.67244094488189,0.69620253164557,0.6816,0.683720930232558,0.396875,0,0.667175572519084,0.670906200317965,0.671544715447154,0.684627575277338,0.691338582677165,0.6928,0.811728395061728,0.311004784688995,0.6890625,0.402476780185758,0,0.755832037325039,0.68125,0.0758293838862559,0,0,0.686335403726708,0.355799373040752,0,0.682027649769585,0.700315457413249,0.0436893203883495,0,0,0.0016,0.682737169517885,0,0,0.108108108108108,0,0.64797507788162,0,0.400635930047695,0,0.324534161490683,0.684294871794872,0.40829346092504,0,0,0.00476947535771065,0.673846153846154,0.668224299065421,0.682182985553772,0.676609105180534,0.678972712680578,0.678513731825525,0.0113085621970921,0.686821705426357,0,0,0.289514866979656,1,0.683720930232558,0.686821705426357,0.31055900621118,0,0.443410852713178,0.671212121212121,0.351910828025478,0.687697160883281,0.681818181818182,0,0.694488188976378,0.686885245901639,0.306349206349206,0.0998363338788871,0.678733031674208,0.391935483870968,0.424,0.672386895475819,0.676100628930818,0.697819314641745,0.407874015748032,0.318252730109204,0,0.0978260869565217,0,0.327692307692308,0,0.407051282051282,0.686028257456829,0.68370607028754,0,0,0.569640062597809,0.00318471337579618,0,0,0.691943127962085,0.670846394984326,0,0.687125748502994,0.320813771517997,0.682965299684543,0.544444444444444,0.700475435816165,1,0.689922480620155,0,0,0.409657320872274,0.998452012383901,0.678683385579937,0.6875,0.910094637223975,0.595432300163132,0,0,0.682464454976303,0,0.582802547770701,0,0.674242424242424,0.423137876386688,0.675507020280811,0.684210526315789,0,1,0,0.692058346839546,0.692789968652038,0,0,0,0.563779527559055,0,0.686335403726708,0.378670788253478,0.674641148325359,0.678343949044586,0.998456790123457,0.962204724409449,0,0.375,0,0.679245283018868,0.66721044045677,0,0,0.848998459167951,0.688679245283019,0,0.0995334370139969,0,0.675925925925926,0.798722044728435,0.325581395348837,0,0,0,0,0,0.721286370597244,0.702060221870048,0,0.888168557536467,0.9984,0.55054432348367,1,0.677777777777778,0,0.312401883830455,0,0,0.111975116640746,0,0.3140625,0,0,0,0
"274",1,1,1,1,1,1,0.706730769230769,1,1,0.0980392156862745,1,0.04858934169279,0.816164817749604,1,0.307941653160454,0.30188679245283,0.0605095541401274,0.688851913477537,1,1,0.283891547049442,0.30952380952381,1,0.152996845425868,1,0.312302839116719,0.308441558441558,1,1,0.782539682539683,0.304075235109718,0.734597156398104,0.965732087227414,0.307692307692308,0,1,0.535433070866142,1,0.29922480620155,1,0.671875,0.688575899843505,0.697347893915757,1,1,0.318037974683544,0.303370786516854,0.298621745788668,0.318252730109204,0.313385826771654,0,1,0.313364055299539,1,1,0.495222929936306,0.553945249597424,1,1,1,0.3171875,0.316535433070866,0.304625199362041,0.6864,1,1,0.0381558028616852,1,0.0566615620214395,0.311926605504587,1,0.308426073131955,0.316912972085386,0.964458804523425,0.514018691588785,1,0.305900621118012,0.327014218009479,1,0.313001605136437,0.0798045602605863,0.32695374800638,0.31911532385466,1,0.332283464566929,1,1,1,1,0.688575899843505,1,1,0,0.105590062111801,1,0.0474006116207951,0,1,0.556650246305419,0.680577849117175,1,0.0496794871794872,0.300940438871473,1,0.315541601255887,1,0.691823899371069,1,0.313311688311688,0.315789473684211,0.31832298136646,1,0.320063694267516,1,0.483670295489891,1,0.308166409861325,0.29595015576324,0.316846986089645,0.307936507936508,0.479495268138801,0.998430141287284,0.320373250388802,0.308681672025723,1,0.29874213836478,1,1,0.32967032967033,0.537993920972644,1,0.307931570762053,1,0.0410958904109589,1,0.315625,0.68125,0.320373250388802,0.934272300469484,0.419141914191419,0.100478468899522,0.0919175911251981,1,1,0.323343848580442,1,0.313455657492355,1,0.809006211180124,1,0.32463295269168,1,1,1,1,0.326984126984127,1,0.312903225806452,0.254372019077901,1,0.303875968992248,1,0.297169811320755,0.0810372771474878,1,0.312101910828025,1,1,1,0.322981366459627,1,0.321656050955414,1,0.304953560371517,1,0.306709265175719,0.0754716981132075,1,0.651888341543514,1,1,0.309791332263242,1,1,1,1,0.321144674085851,0.309597523219814,1,0.998405103668262,0.317757009345794,0.292604501607717,1,0.447737909516381,0.678407350689127,0,0.311424100156495,0.677672955974843,1,0.317683881064163,1,0.998454404945904,1,0.310236220472441,0.314553990610329,0.314606741573034,1,1,1,0,1,0.306451612903226,0.973228346456693,0.3152,0.305993690851735,0.742138364779874,1,1,1,1,1,0.0431309904153355,0.317152103559871,0.320754716981132,1,0.687306501547988,1,1,1,0.998442367601246,1,1,0.00309597523219814,0.314728682170543,1,0.307324840764331,1,0.299212598425197,1,1,1,1,1,0.3248,1,0.506349206349206,0.321766561514196,0.312111801242236,0.310897435897436,0.322274881516588,0.324451410658307,0.409677419354839,0.322834645669291,0.314641744548287,0.302362204724409,1,0.321711568938193,1,0.688271604938272,0.311501597444089,0.308049535603715,0.3248,1,1,1,0.257142857142857,0.306603773584906,1,0.304140127388535,0.322085889570552,0.296998420221169,0.311111111111111,0.687203791469194,1,0.316923076923077,0.313694267515924,1,0.298217179902755,1,0.308892355694228,0.312796208530806,1,1,1,0.539325842696629,1,0.692307692307692,0.0781010719754977,0.311111111111111,1,1,0.0929133858267717,0.31637519872814,0.327447833065811,1,1,0.29595015576324,0.0269413629160063,0.00317460317460317,1,1,0.328197226502311,0.998432601880878,1,0.31201248049922,1,1,0.3125,1,1,1,1,0.320126782884311,0.299392097264438,0.316639741518578,1,1,0.678627145085803,0.303858520900322,1,0.315870570107858,0.3008,1,1,0.998447204968944,1,1,0.315625,1,1,0.105431309904153,0.328725038402458,0.479935794542536,0.298387096774194,0.675968992248062,0.314641744548287,1,0.3072,0.331230283911672,0.256289308176101,0.314728682170543,1,0.321156773211568,1,1,1,0.308186195826645,0.31619937694704,0.998449612403101,0.932584269662921,0.0626003210272873,1,0.31104199066874,0.316037735849057,0.300476947535771,1,0.32262996941896,0.466353677621283,0.31496062992126,0.296178343949045,0.313725490196078,0.302215189873418,1,0.3232,1,1,0,1,0.31629392971246,1,1,1,0.319354838709677,1,0.308917197452229,1,0.830985915492958,1,1,1,0.310185185185185,1,1,0.300940438871473,0.312401883830455,1,1,0.308056872037915,0.186046511627907,1,0.998439937597504,1,0,0.311475409836066,1,0.300469483568075,0.237179487179487,1,0.684867394695788,0.443076923076923,1,1,0.682779456193353,0.707278481012658,0.339712918660287,1,0.315457413249211,1,1,0.330696202531646,1,0.998432601880878,0.00635930047694754,0.315372424722662,1,1,0.315533980582524,1,1,0.30622009569378,0.330203442879499,1,1,1,0.531001589825119,0.299212598425197,0.3456,0.312217194570136,0.322327044025157,0.693146417445483,0.320373250388802,0.319685039370079,0.305900621118012,0.233070866141732,0.307073954983923,1,0.317220543806647,0.998427672955975,0.309748427672956,0.0801232665639445,0.0482866043613707,1,1,0.0405616224648986,1,0.690402476780186,0.0435458786936236,0.0109717868338558,1,0.680817610062893,1,1,0.543720190779014,1,0,0.065359477124183,1,1,1,0.316455696202532,0.653092006033183,0.692939244663383,0.992295839753467,1,0.982866043613707,0.296703296703297,0.337539432176656,1,0.298245614035088,1,0.3671875,0.1,0.306153846153846,0.312307692307692,0.326699834162521,1,0.0750382848392037,1,1,1,0.253086419753086,0.321656050955414,1,0.320754716981132,1,1,0.305084745762712,1,0.317629179331307,1,0.305511811023622,0.315286624203822,1,0.682389937106918,0.308157099697885,1,0.310452418096724,0.753968253968254,0.310769230769231,0.153965785381026,0.307098765432099,0.772655007949126,0.3072,1,0.322834645669291,0.327131782945736,0.291021671826625,1,1,1,0.968954248366013,0.344715447154472,1,0.313001605136437,1,0.310569105691057,0.313546423135464,1,1,1,0.92246835443038,1,0.303738317757009,0.313385826771654,1,1,0.0480769230769231,0.0706260032102729,1,1,0.306451612903226,1,1,0.310618066561014,1,1,0.684867394695788,0.533026113671275,1,0,1,1,0.0976744186046512,0.322327044025157,1,0.313385826771654,0.998435054773083,0.965299684542587,0.998412698412698,0.823529411764706,1,0.325806451612903,1,1,1,0,0.309061488673139,1,1,0.678683385579937,1,0.3171875,0.357361963190184,0.314641744548287,1,1,1,0.0857580398162328,0.312803889789303,0.0852090032154341,0.998405103668262,0.304012345679012,0.303937007874016,0.35062893081761,0,1,0.959183673469388,1,1,0.320126782884311,0.297045101088647,0.156050955414013,0.0415335463258786,0.313099041533546,0.307086614173228,0.32182103610675,0,0.311708860759494,1,0,0.308892355694228,1,1,1,0.313479623824451,0.315384615384615,0.0357142857142857,1,0.312202852614897,0.306122448979592,1,1,0.313195548489666,0.696920583468395,1,1,0.694488188976378,1,0.3015625,1,0.318681318681319,0.527301092043682,0.6734375,0.396255850234009,1,0.292117465224111,0.312401883830455,0.684542586750789,0.677914110429448,1,0.323619631901841,1,0.316692667706708,1,0.3078125,0.307814992025518,0.346273291925466,0.517884914463453,0.314009661835749,0.307448494453249,0.670364500792393,0.310077519379845,0.142156862745098,1,0,1,0.282747603833866,1,0,0.308661417322835,0.306818181818182,1,0.0535987748851455,1,0.0870253164556962,0.328525641025641,1,0.0607476635514019,0.679748822605965,1,1,1,0.303776683087028,0.0372093023255814,1,0.4296875,0.0956239870340357,0.351477449455676,0.317829457364341,0.312111801242236,1,1,1,1,1,0.0589147286821705,0.9953125,0.686915887850467,0.003003003003003,0.321259842519685,1,1,1,1,0.0850393700787402,0.312989045383412,1,1,1,1,1,1,0.48,0,1,0.0795631825273011,0.30829420970266,0.436335403726708,1,0.390048154093098,0.303130148270181,0.304416403785489,1,0.0409448818897638,0.31619937694704,1,1,0.364649681528662,0.309341500765697,0.306603773584906,0.305691056910569,0.998430141287284,0.318910256410256,0.309006211180124,0.400635930047695,0.3109375,0.973228346456693,0.308868501529052,0.0786516853932584,0.31201248049922,0,1,0.0909090909090909,0.307324840764331,0.313880126182965,0.318840579710145,1,1,1,1,1,1,0.328100470957614,1,0.307692307692308,0.312913907284768,0.598412698412698,0.685714285714286,1,1,0,0.310291858678955,0.109177215189873,0.998466257668712,0.0331230283911672,1,1,0.318327974276527,1,1,0.613162118780096,0.41025641025641,0.996983408748115,0.0784,0.0952380952380952,1,1,1,0.0843949044585987,0,0.305772230889236,0.421303656597774,0.307692307692308,0,0.323151125401929,0.0796747967479675,1,1,0.312111801242236,0.315132605304212,0.241809672386895,0.32794830371567,0.306027820710974,0.309148264984227,1,1,0.320634920634921,1,0,1,0.220447284345048,1,0.683962264150943,1,0.307570977917981,0.299352750809061,0.0747663551401869,0.681114551083591,1,1,0.7936,0.895934959349593,0.315873015873016,0.313195548489666,1,0.317683881064163,0.253164556962025,0.318037974683544,1,0.1015625,1,1,0.31378763866878,0.690821256038647,0.308917197452229,1,1,0.30625,0.307332293291732,0.313935681470138,0.85024154589372,0.313408723747981,1,0.0558139534883721,1,1,0.70735524256651,0.656786271450858,0.317666126418152,0.0552922590837283,0.318037974683544,1,1,0.297297297297297,0.325358851674641,0.622464898595944,1,0.3046875,0.365354330708661,0.309375,0.985981308411215,0.469194312796209,0.00155763239875389,0.299843014128728,0.313846153846154,0.319620253164557,0.310618066561014,0.317411402157165,0.973354231974922,1,0.306729264475743,0.557165861513688,0.688498402555911,0.234472049689441,0.69672131147541,1,0.317535545023697,0.00318979266347687,0.326433121019108,0.30564263322884,0.36150234741784,0.318471337579618,0,0.324451410658307,0.308186195826645,0.327447833065811,0.311912225705329
"275",0.30173775671406,0.315707620528771,0.32262996941896,0.331775700934579,0.315301391035549,0.306625577812018,0.0109034267912773,0.325038880248834,0.319018404907975,0.575663026521061,0.321699544764795,0.638846737481032,0.515625,0.324960753532182,1,1,0.619909502262443,0,0.324534161490683,0.310185185185185,1,1,0.328290468986384,0.516975308641975,0.31866464339909,1,1,0.339712918660287,0.312594840667678,0.527863777089783,1,0.58,0.36,0.9953125,0.666144200626959,0.318327974276527,0.131498470948012,0.3202416918429,1,0.316187594553706,0.0031201248049922,0,0,0.331804281345566,0.33125,1,0.993836671802773,1,1,1,0.689497716894977,0.325984251968504,1,0.3265625,0.322530864197531,0.819595645412131,0.115625,0.3198127925117,0.325617283950617,0.329704510108865,0.990867579908676,1,1,0.0062111801242236,0.313971742543171,0.315548780487805,0.646417445482866,0.326594090202177,0.613095238095238,1,0.319277108433735,1,1,0.282296650717703,0.159332321699545,0.324734446130501,1,0.993939393939394,0.320061255742726,1,0.594249201277955,1,1,0.328220858895706,1,0.326923076923077,0.318952234206472,0.333333333333333,0.324534161490683,0,0.331240188383046,0.330396475770925,0.682170542635659,0.582689335394127,0.318952234206472,0.641566265060241,0.670788253477589,0.317484662576687,0.120879120879121,0,0.310664605873261,0.6140625,1,0.320126782884311,1,0.317901234567901,0,0.324451410658307,1,1,1,0.308282208588957,0.995398773006135,0.332312404287902,0.202764976958525,0.309985096870343,1,0.372128637059724,1,1,0.201848998459168,0.316846986089645,1,1,0.341906202723147,1,0.323485967503693,0.311746987951807,0.361408882082695,0.770029673590504,0.320251177394035,1,0.3265625,0.639344262295082,0.332278481012658,1,0.00153374233128834,1,0.368258859784284,0.891547049441786,0.580594679186229,0.595419847328244,0.319444444444444,0.322222222222222,1,0.320300751879699,1,0.314814814814815,0.496923076923077,0.327354260089686,1,0.315217391304348,0.31924882629108,0.328100470957614,0.327613104524181,1,0.312788906009245,1,0.42967542503864,0.324773413897281,1,0.320474777448071,1,0.591962905718702,0.326018808777429,1,0.320433436532508,0.322678843226788,0.32967032967033,0.984615384615385,0.328703703703704,1,0.324074074074074,1,0.319554848966614,1,0.590062111801242,0.307926829268293,0.0350877192982456,0.302034428794992,0.323529411764706,1,0.304821150855365,0.325077399380805,0.323619631901841,0.335394126738794,1,1,0.326984126984127,0.328703703703704,1,1,0.332824427480916,0.231707317073171,0.0210526315789474,0.685271317829457,1,0.00307692307692308,0.31969696969697,1,0.321259842519685,0.313935681470138,0.323170731707317,0.996941896024465,1,1,0.331825037707391,0.317610062893082,0.318529862174579,0.683307332293292,0.306122448979592,1,0.345622119815668,1,1,0.448062015503876,0.332283464566929,0.31969696969697,0.328197226502311,0.30568356374808,0.319875776397516,0.643192488262911,1,1,0.317972350230415,0.00461538461538462,0.330827067669173,0.325892857142857,0.327160493827161,0.310502283105023,0.305426356589147,0.324773413897281,0.684848484848485,0.364457831325301,0.311550151975684,1,0.325617283950617,1,0.313546423135464,0.308892355694228,0.31619937694704,0.326625386996904,0.311320754716981,1,0.325153374233129,0.804381846635368,1,1,0.996904024767802,1,1,0.898573692551506,1,1,1,0.318529862174579,1,0.328025477707006,0,1,0.382753403933434,1,0.322378716744914,0.324031007751938,0.318885448916409,0.417565485362096,1,0.329286798179059,1,1,1,1,0,0.316923076923077,1,1,0.323529411764706,1,0.326219512195122,1,1,0.318252730109204,0.327102803738318,0.301829268292683,0.1484375,0.336463223787167,0,0.597014925373134,1,0.329754601226994,0.324960753532182,0.581929555895865,1,1,0.331715210355987,0.33695652173913,1,0.651305683563748,0.696261682242991,0.310126582278481,0.32475884244373,0.993930197268589,0.326656394453005,0.304733727810651,1,0.311827956989247,0.308396946564885,1,0.307931570762053,0.317411402157165,0.321044546850998,0.310664605873261,1,1,1,0.315950920245399,0.326086956521739,0.00759878419452888,0.990895295902883,0.325984251968504,1,1,0.315629742033384,0.330289193302892,0.31039755351682,0.328149300155521,0.32572298325723,1,0.306603773584906,0.311627906976744,0.56782334384858,1,0.847560975609756,1,0,1,0.336322869955157,1,1,0.417287630402384,0.998482549317147,0.32348367029549,1,0.308755760368664,0.311627906976744,0.313455657492355,1,1,0.321538461538462,0.392801251956182,0.615625,0.305772230889236,1,1,1,0.330721003134796,1,0.20398773006135,1,1,1,1,0.332307692307692,1,0.316211878009631,0.341576506955178,0.6703125,0.309748427672956,1,0.332819722650231,0.316964285714286,0.31875,1,0.308383233532934,1,0.326894502228826,0.483383685800604,0.331811263318113,0.329617834394904,0.317629179331307,1,0.325617283950617,0.309486780715397,1,1,0.317073170731707,0.312788906009245,1,0.476479514415782,0.321711568938193,0.326807228915663,0.330769230769231,0.679012345679012,1,0.300940438871473,1,0.417840375586854,0.301857585139319,0,0.883333333333333,0.320251177394035,0.322981366459627,0,0.0312989045383412,0.98297213622291,0.32348367029549,1,0.309597523219814,0.319685039370079,1,0.327794561933535,0.322033898305085,0.662538699690402,1,0.322085889570552,0.325,1,0.314984709480122,0.309148264984227,1,0.336923076923077,0.319444444444444,0.319277108433735,0.336405529953917,0.797527047913447,1,0.979719188767551,1,1,0.00155038759689922,1,0.992260061919505,1,0.421216848673947,0.996840442338073,0.311077389984825,0.992469879518072,0.337007874015748,0.995348837209302,0.605925925925926,0.628398791540785,0.319880418535127,0.318796992481203,0.639016897081413,0.315541601255887,0,0.623853211009174,0.677621283255086,0.327794561933535,0.00154798761609907,0.320493066255778,0.307219662058372,0.773082942097027,0.334876543209877,0.683563748079877,0.597156398104265,0.313572542901716,0.323216995447648,0.299392097264438,1,0.0281481481481481,0,0.326315789473684,0.329268292682927,0.336463223787167,1,0.342105263157895,0.320121951219512,1,0.314199395770393,0.945736434108527,0.572317262830482,1,1,0.991762767710049,0.32078313253012,0.608108108108108,0.323008849557522,0.315705128205128,0.321372854914197,0.419062027231467,1,0.319685039370079,1,0.325434439178515,0.327014218009479,1,0.326530612244898,1,0.328220858895706,1,1,0.332302936630603,0,1,0.325153374233129,1,0.554711246200608,1,0.511485451761103,1,0.556765163297045,1,0.315789473684211,1,1,1,0.32312404287902,0.327666151468315,0.324324324324324,0.355095541401274,0.334935897435897,0.307931570762053,1,0.328767123287671,1,1,0.330275229357798,0.322429906542056,0.316890881913303,0.388888888888889,0.329819277108434,1,1,0.327300150829563,0.325,0.624801271860095,0.5921875,0.31875,0.321259842519685,1,0.312693498452012,0.322338830584708,0.993827160493827,0.313099041533546,0.321044546850998,0,0.136157337367625,0.324574961360124,0.672566371681416,0.310185185185185,0.32469512195122,0.598774885145482,0.996923076923077,0.315707620528771,1,0.316692667706708,0.350467289719626,0.32,0.475609756097561,0.316923076923077,1,0.315384615384615,0.328638497652582,0.334379905808477,0.679699248120301,1,0.3328125,0.321592649310873,0,0.326747720364742,0.998449612403101,0.956259426847662,1,0.324655436447167,0.325077399380805,0.322932917316693,0.577507598784195,1,0.592417061611374,0.336973478939158,1,1,0.964885496183206,0.674846625766871,0.328197226502311,0.362229102167183,0.33026113671275,0.320359281437126,1,1,0.516483516483517,0.630769230769231,1,1,0.998468606431853,0.68944099378882,1,0.322239031770045,0.679506933744222,1,0.324200913242009,0.317683881064163,0.321875,0.997010463378176,1,0.642512077294686,0.327160493827161,1,1,0.332822085889571,0.312693498452012,0.998470948012232,0,0.326053042121685,0.317757009345794,0.00778816199376947,0.321752265861027,1,0.321259842519685,1,0.156390977443609,0,0.908148148148148,0.326717557251908,1,1,0,0.00152439024390244,0.334346504559271,1,0.312796208530806,0.996987951807229,0.3125,1,0.998432601880878,0.964341085271318,0.779320987654321,1,1,0.00619195046439629,1,0.519809825673534,0.330769230769231,0.66566265060241,0.333839150227618,1,0.311526479750779,0.677862595419847,1,1,0.322222222222222,0.61961367013373,0.325581395348837,0.584876543209877,0.973724884080371,0.336906584992343,0.606927710843373,0.0139103554868624,0.319444444444444,0.322188449848024,0.321100917431193,1,0.63609022556391,0.311827956989247,0.890092879256966,0.594679186228482,0.96711509715994,1,1,0.311728395061728,0.344992050874404,0.311145510835913,0.321212121212121,0.314112291350531,0.614114114114114,0.310136157337368,0,0.670103092783505,0.998461538461539,0.32258064516129,0.306853582554517,0.32753164556962,0.324734446130501,0.603975535168196,1,0.332829046898638,0.335901386748844,0.329581993569132,0.327044025157233,0.314589665653495,0.313846153846154,0.197268588770865,0.674603174603175,0.319938176197836,0.600924499229584,1,0.227414330218069,0.321100917431193,0.927786499215071,1,1,0.32093023255814,0.646879756468798,1,0.319508448540707,0.29984544049459,0.953051643192488,1,1,0.996845425867508,0.316666666666667,1,1,0.901689708141321,1,0.354103343465046,1,0.58740157480315,1,0.666153846153846,0.32093023255814,0.601255886970173,1,1,0.993690851735016,0.324655436447167,0.328682170542636,0.328025477707006,0.324031007751938,0.325914149443561,0.326120556414219,0.984301412872841,0.310872894333844,1,1,0.723502304147465,0,0.321156773211568,0.321592649310873,0.679331306990882,1,0.56793893129771,0.335365853658537,0.644961240310078,0.315950920245399,0.322378716744914,1,0.317829457364341,0.322061191626409,0.696062992125984,0.912559618441971,0.324561403508772,0.612954186413902,0.577464788732394,0.325115562403698,0.329113924050633,0.305007587253414,0.597243491577335,0.676335877862595,1,0.896813353566009,1,0.663622526636225,0.996870109546166,0.595911949685535,0.317972350230415,0.331746031746032,1,1,0.426356589147287,0.992138364779874,0.996937212863706,1,0.319634703196347,0.332824427480916,1,0.32396449704142,0.68133535660091,0.337007874015748,0.453004622496148,0.30379746835443,0,0.321156773211568,1,1,0.596969696969697,0.00151745068285281,0.335901386748844,0.322137404580153,0.0979782270606532,0.414556962025316,1,1,0.315870570107858,1,0.412942989214176,1,0.330357142857143,0.587155963302752,0.325038880248834,0.31937984496124,1,0,1,0.305164319248826,0.317901234567901,1,1,1,0.447409733124019,1,0.321428571428571,0.618541033434651,0.333333333333333,0.331230283911672,0.00151515151515152,0.04,1,0.622324159021407,1,0.329704510108865,0.334384858044164,1,1,0.161631419939577,0.313364055299539,1,0.897865853658537,1,0.329770992366412,0.19969040247678,0.664605873261206,1,1,1,1,1,0.290225563909774,0.312024353120244,1,0.121642969984202,0.00156739811912226,0.43778801843318,0,0.326053042121685,1,0.673469387755102,1,1,0.893778452200303,1,0.678353658536585,1,1,1,1
"276",0.297520661157025,0.313880126182965,0.306709265175719,0.329052969502408,0.309636650868878,0.304,0.012924071082391,0.3216,0.311811023622047,0.558484349258649,0.315301391035549,0.644094488188976,0.517628205128205,0.312903225806452,1,1,0.624213836477987,0,0.320574162679426,0.308056872037915,1,1,0.3234375,0.5234375,0.314984709480122,1,1,0.331707317073171,0.308892355694228,0.531300160513644,1,0.590909090909091,0.35625,0.996835443037975,0.669856459330144,0.313531353135314,0.138845553822153,0.317683881064163,1,0.306729264475743,0,0,0,0.328025477707006,0.315875613747954,1,0.998410174880763,1,1,1,0.697262479871176,0.319354838709677,1,0.31619937694704,0.310452418096724,0.822006472491909,0.121163166397415,0.318255250403877,0.31875,0.314102564102564,0.993808049535604,1,1,0.00158730158730159,0.312297734627832,0.318471337579618,0.651898734177215,0.3232,0.614197530864197,1,0.309968847352025,1,1,0.271241830065359,0.158385093167702,0.316358024691358,1,0.996830427892235,0.312202852614897,1,0.592039800995025,1,1,0.31924882629108,1,0.321044546850998,0.312599681020734,0.323899371069182,0.312796208530806,0,0.312101910828025,0.31859756097561,0.691943127962085,0.580495356037152,0.306188925081433,0.642301710730949,0.68503937007874,0.304897314375987,0.124386252045827,0,0.311004784688995,0.6208,1,0.30983606557377,1,0.3136,0,0.3152,1,1,1,0.310015898251192,0.998412698412698,0.322932917316693,0.198449612403101,0.309090909090909,1,0.375987361769352,1,1,0.200636942675159,0.303174603174603,1,1,0.328125,1,0.318250377073906,0.306853582554517,0.370486656200942,0.76661514683153,0.30983606557377,1,0.321486268174475,0.636363636363636,0.326829268292683,1,0,1,0.373205741626794,0.886138613861386,0.58161648177496,0.596825396825397,0.315541601255887,0.316558441558442,1,0.3140625,1,0.291600633914422,0.510172143974961,0.31733746130031,1,0.299524564183835,0.30952380952381,0.322006472491909,0.317817014446228,1,0.300940438871473,1,0.433962264150943,0.329113924050633,1,0.317411402157165,1,0.594551282051282,0.318327974276527,1,0.312796208530806,0.311216429699842,0.325949367088608,0.990740740740741,0.320063694267516,1,0.31629392971246,1,0.321131447587354,1,0.593004769475358,0.294488188976378,0.033112582781457,0.294022617124394,0.309148264984227,1,0.299843014128728,0.309409888357257,0.315047021943574,0.32807570977918,1,1,0.318627450980392,0.325878594249201,1,1,0.322327044025157,0.244408945686901,0.0185185185185185,0.694136291600634,1,0,0.3109375,1,0.312803889789303,0.30568356374808,0.315047021943574,0.9968,1,1,0.322188449848024,0.309951060358891,0.312989045383412,0.686178861788618,0.305958132045089,1,0.335987261146497,1,1,0.444094488188976,0.319488817891374,0.315625,0.324881141045959,0.297297297297297,0.306836248012719,0.650717703349282,1,1,0.308777429467085,0.00309597523219814,0.321483771251932,0.309451219512195,0.315286624203822,0.308056872037915,0.29559748427673,0.314329738058552,0.695102685624013,0.362363919129082,0.300157977883096,1,0.312599681020734,1,0.305084745762712,0.311708860759494,0.317384370015949,0.3248,0.306055646481178,1,0.316358024691358,0.803225806451613,1,1,1,1,1,0.889245585874799,1,1,1,0.312111801242236,1,0.316476345840131,0,1,0.38125,1,0.310789049919485,0.317152103559871,0.311216429699842,0.421052631578947,1,0.318037974683544,1,1,1,1,0,0.313694267515924,1,1,0.320512820512821,1,0.325508607198748,1,1,0.301302931596091,0.316720257234727,0.294952681388013,0.150554675118859,0.321027287319422,0,0.597542242703533,1,0.312597200622084,0.320574162679426,0.575235109717868,1,1,0.33115823817292,0.319554848966614,1,0.65615141955836,0.7,0.301458670988655,0.312297734627832,0.995384615384615,0.317965023847377,0.300925925925926,1,0.313971742543171,0.297971918876755,1,0.299840510366826,0.3140625,0.313291139240506,0.313099041533546,1,1,1,0.304838709677419,0.321144674085851,0.00791139240506329,0.9968,0.325842696629214,1,1,0.304347826086957,0.3296875,0.299524564183835,0.304625199362041,0.313291139240506,1,0.309148264984227,0.306962025316456,0.567741935483871,1,0.839427662957075,1,0,1,0.326687116564417,1,1,0.418096723868955,1,0.317741935483871,1,0.315047021943574,0.304487179487179,0.310185185185185,1,1,0.314873417721519,0.398692810457516,0.613268608414239,0.304975922953451,1,1,1,0.320388349514563,1,0.203149606299213,1,1,1,1,0.326120556414219,1,0.316476345840131,0.331738437001595,0.679873217115689,0.296062992125984,1,0.318471337579618,0.31441717791411,0.305466237942122,1,0.303680981595092,1,0.321928460342146,0.491472868217054,0.319554848966614,0.324149108589951,0.311216429699842,1,0.316045380875203,0.309178743961353,1,1,0.313291139240506,0.310236220472441,1,0.486739469578783,0.304777594728171,0.321372854914197,0.325358851674641,0.678288431061807,1,0.29064039408867,1,0.418416801292407,0.308681672025723,0,0.886328725038402,0.313408723747981,0.317460317460317,0,0.0312989045383412,0.984202211690363,0.309636650868878,1,0.304140127388535,0.308943089430894,1,0.319182389937107,0.311004784688995,0.674050632911392,1,0.311605723370429,0.319935691318328,1,0.305246422893482,0.299837925445705,1,0.340625,0.313311688311688,0.306729264475743,0.320967741935484,0.802507836990596,1,0.979099678456592,1,1,0,1,0.993700787401575,1,0.43312101910828,0.998392282958199,0.30521472392638,0.995398773006135,0.326018808777429,0.996845425867508,0.599693251533742,0.627943485086342,0.319314641744548,0.311912225705329,0.641148325358852,0.315789473684211,0,0.637083993660856,0.684294871794872,0.313755795981453,0,0.309904153354633,0.305732484076433,0.764991896272285,0.321316614420063,0.6890625,0.594507269789984,0.314785373608903,0.3198127925117,0.294025157232704,1,0.0225903614457831,0,0.316118935837246,0.328571428571429,0.333853354134165,1,0.340322580645161,0.313385826771654,1,0.307332293291732,0.941269841269841,0.566129032258065,1,1,0.995016611295681,0.318252730109204,0.596385542168675,0.32093023255814,0.320197044334975,0.306477093206951,0.418096723868955,1,0.311004784688995,1,0.314935064935065,0.313408723747981,1,0.314194577352472,1,0.321086261980831,1,1,0.318471337579618,0,1,0.319554848966614,1,0.56418383518225,1,0.510903426791277,1,0.56031746031746,1,0.308562197092084,1,1,1,0.304552590266876,0.313001605136437,0.31441717791411,0.340872374798061,0.332236842105263,0.309636650868878,1,0.325914149443561,1,1,0.325949367088608,0.309061488673139,0.31832298136646,0.380348652931854,0.319314641744548,1,1,0.32348367029549,0.315024232633279,0.628617363344051,0.587859424920128,0.311424100156495,0.311074918566775,1,0.30379746835443,0.308868501529052,0.996815286624204,0.3,0.311004784688995,0,0.139968895800933,0.315372424722662,0.687975646879756,0.305246422893482,0.321372854914197,0.59748427672956,0.996805111821086,0.304487179487179,1,0.315286624203822,0.346581875993641,0.311111111111111,0.485981308411215,0.317384370015949,1,0.319047619047619,0.3168,0.332797427652733,0.686028257456829,1,0.325242718446602,0.310725552050473,0,0.318952234206472,1,0.954330708661417,1,0.310344827586207,0.322274881516588,0.3056,0.584758942457232,1,0.594462540716612,0.334410339256866,1,1,0.968152866242038,0.689102564102564,0.325471698113208,0.355555555555556,0.310452418096724,0.313572542901716,1,1,0.513556618819777,0.635782747603834,1,1,1,0.691082802547771,1,0.322981366459627,0.686804451510334,1,0.317965023847377,0.309409888357257,0.3216,0.998415213946117,1,0.643548387096774,0.317034700315457,1,1,0.329133858267717,0.315541601255887,1,0,0.3088,0.307073954983923,0.00321543408360129,0.310126582278481,1,0.301302931596091,1,0.147798742138365,0,0.899236641221374,0.31875,1,1,0,0,0.324409448818898,1,0.311897106109325,1,0.304278922345483,1,0.998366013071895,0.968,0.775351014040562,1,1,0.00319488817891374,1,0.514657980456026,0.317817014446228,0.677570093457944,0.312989045383412,1,0.305993690851735,0.68125,1,1,0.320261437908497,0.618098159509202,0.317683881064163,0.583596214511041,0.976190476190476,0.328548644338118,0.602218700475436,0.00625978090766823,0.307324840764331,0.31911532385466,0.319875776397516,1,0.64451313755796,0.305295950155763,0.89171974522293,0.591414944356121,0.968992248062015,1,1,0.305732484076433,0.334415584415584,0.308064516129032,0.308306709265176,0.308892355694228,0.622670807453416,0.308049535603715,0,0.682779456193353,0.998439937597504,0.324921135646688,0.304761904761905,0.312803889789303,0.318252730109204,0.59775641025641,1,0.328149300155521,0.329581993569132,0.323529411764706,0.319870759289176,0.30379746835443,0.3056,0.196850393700787,0.684552845528455,0.317610062893082,0.595348837209302,1,0.231611893583725,0.31496062992126,0.924193548387097,1,1,0.305732484076433,0.643533123028391,1,0.3109375,0.306836248012719,0.956869009584665,1,1,0.99837925445705,0.315457413249211,1,1,0.895833333333333,1,0.343076923076923,1,0.599025974025974,1,0.675548589341693,0.315705128205128,0.600649350649351,1,1,0.99198717948718,0.321428571428571,0.32695374800638,0.32512315270936,0.313084112149533,0.317589576547231,0.318327974276527,0.985645933014354,0.312210200927357,1,1,0.717460317460317,0,0.31875,0.31496062992126,0.685847589424572,1,0.572998430141287,0.316923076923077,0.652380952380952,0.300632911392405,0.316912972085386,1,0.314194577352472,0.313531353135314,0.688206785137318,0.9064039408867,0.316666666666667,0.613268608414239,0.576243980738363,0.322834645669291,0.318255250403877,0.308186195826645,0.600315955766193,0.6859375,1,0.901116427432217,1,0.670846394984326,0.998387096774194,0.595879556259905,0.311501597444089,0.320574162679426,1,1,0.433333333333333,0.996779388083736,0.996860282574568,1,0.310015898251192,0.318110236220472,1,0.317771084337349,0.688394276629571,0.325358851674641,0.4576,0.298245614035088,0,0.308176100628931,1,1,0.591194968553459,0,0.324881141045959,0.317610062893082,0.101910828025478,0.417886178861789,1,1,0.313195548489666,1,0.42332268370607,1,0.325688073394495,0.58411214953271,0.318471337579618,0.312796208530806,1,0,1,0.300970873786408,0.313694267515924,1,1,1,0.437699680511182,1,0.316639741518578,0.621069182389937,0.319047619047619,0.317152103559871,0,0.037037037037037,1,0.622432859399684,1,0.320634920634921,0.326298701298701,1,1,0.162327718223583,0.307936507936508,1,0.900316455696203,1,0.322429906542056,0.203497615262321,0.669278996865204,1,1,1,1,1,0.28902627511592,0.307073954983923,1,0.11620294599018,0,0.43956043956044,0,0.319488817891374,1,0.680194805194805,1,1,0.889937106918239,1,0.681318681318681,1,1,1,1
"277",1,1,1,1,1,1,0.702922077922078,1,1,0.0907617504051864,1,0.0479876160990712,0.809748427672956,1,0.31637519872814,0.307332293291732,0.0695517774343122,0.685761047463175,1,1,0.293929712460064,0.313195548489666,1,0.157566302652106,1,0.329153605015674,0.31629392971246,1,1,0.78060413354531,0.312401883830455,0.729102167182663,0.962616822429907,0.315286624203822,0,1,0.541213063763608,1,0.302003081664099,1,0.662974683544304,0.681047765793529,0.683001531393568,1,1,0.315024232633279,0.3136,0.313178294573643,0.32258064516129,0.326625386996904,0,1,0.313271604938272,1,1,0.502377179080824,0.558359621451104,1,1,1,0.334365325077399,0.319620253164557,0.324409448818898,0.678972712680578,1,1,0.0440251572327044,1,0.061633281972265,0.322033898305085,1,0.312302839116719,0.328502415458937,0.961290322580645,0.505426356589147,1,0.317262830482115,0.3359375,1,0.310965630114566,0.0790322580645161,0.325358851674641,0.32695374800638,1,0.333855799373041,1,1,1,1,0.6859375,1,1,0.00158478605388273,0.106084243369735,1,0.0488549618320611,0,1,0.554471544715447,0.667194928684628,1,0.0555555555555556,0.313178294573643,1,0.312893081761006,1,0.682170542635659,1,0.319182389937107,0.318181818181818,0.322378716744914,1,0.327586206896552,1,0.485225505443235,1,0.317829457364341,0.294392523364486,0.323619631901841,0.31637519872814,0.471228615863142,0.998420221169036,0.32398753894081,0.322784810126582,1,0.312401883830455,1,1,0.325,0.551145038167939,1,0.320634920634921,1,0.0454545454545455,1,0.31619937694704,0.672413793103448,0.324492979719189,0.926100628930818,0.432786885245902,0.103174603174603,0.0943396226415094,1,1,0.330173775671406,1,0.321752265861027,1,0.802795031055901,1,0.32516339869281,1,1,1,1,0.333863275039746,1,0.32258064516129,0.253918495297806,1,0.308777429467085,1,0.30173775671406,0.0881889763779528,1,0.309562398703404,1,1,1,0.337461300309598,1,0.323343848580442,1,0.298887122416534,1,0.323809523809524,0.080824088748019,1,0.633870967741936,1,1,0.320512820512821,1,1,1,1,0.325984251968504,0.31875,1,0.998425196850394,0.314984709480122,0.309294871794872,1,0.437699680511182,0.661676646706587,0,0.318181818181818,0.667194928684628,1,0.325077399380805,1,0.998447204968944,1,0.321316614420063,0.324534161490683,0.330658105939005,1,1,1,0,1,0.306818181818182,0.97007874015748,0.320126782884311,0.302066772655008,0.746456692913386,1,1,1,1,1,0.0469483568075117,0.325471698113208,0.327102803738318,1,0.68,1,1,0.998439937597504,0.998420221169036,1,1,0.003125,0.320552147239264,1,0.310832025117739,1,0.303459119496855,1,1,1,1,1,0.319685039370079,1,0.517628205128205,0.327014218009479,0.333333333333333,0.314285714285714,0.327014218009479,0.331210191082803,0.424242424242424,0.327014218009479,0.322429906542056,0.315132605304212,1,0.319554848966614,1,0.680428134556575,0.315047021943574,0.314641744548287,0.336507936507937,1,1,1,0.264150943396226,0.31201248049922,1,0.317230273752013,0.325652841781874,0.31637519872814,0.320373250388802,0.686520376175549,1,0.323529411764706,0.320512820512821,1,0.304487179487179,1,0.3140625,0.310452418096724,1,1,1,0.533018867924528,1,0.688291139240506,0.0820668693009119,0.324409448818898,1,1,0.0932069510268562,0.31974921630094,0.318181818181818,1,1,0.31039755351682,0.0233281493001555,0.00159489633173844,1,1,0.341013824884793,0.998427672955975,1,0.314329738058552,1,1,0.32093023255814,1,1,1,1,0.326530612244898,0.313546423135464,0.333333333333333,1,1,0.668730650154799,0.312302839116719,1,0.317411402157165,0.302362204724409,1,1,0.998449612403101,1,1,0.326433121019108,1,1,0.103059581320451,0.334862385321101,0.5008,0.312796208530806,0.679186228482003,0.31441717791411,1,0.313694267515924,0.332802547770701,0.250769230769231,0.31974921630094,1,0.329286798179059,1,1,1,0.30952380952381,0.320493066255778,0.998444790046656,0.925986842105263,0.0641025641025641,1,0.315217391304348,0.318037974683544,0.312698412698413,1,0.325115562403698,0.467084639498433,0.332814930015552,0.312101910828025,0.321428571428571,0.308426073131955,1,0.324324324324324,1,1,0,1,0.324324324324324,1,1,1,0.331775700934579,1,0.308186195826645,1,0.828926905132193,1,1,1,0.314728682170543,1,1,0.319314641744548,0.311708860759494,1,1,0.318252730109204,0.183641975308642,1,0.998430141287284,1,0,0.312101910828025,1,0.315132605304212,0.246445497630332,1,0.669218989280245,0.443573667711599,1,1,0.6797583081571,0.701421800947867,0.351910828025478,1,0.3203125,1,1,0.335974643423138,1,0.9984,0.004739336492891,0.32753164556962,1,1,0.321766561514196,1,1,0.315619967793881,0.340030911901082,1,1,1,0.535321821036107,0.314152410575428,0.338607594936709,0.321321321321321,0.340694006309148,0.691943127962085,0.32258064516129,0.320251177394035,0.319314641744548,0.246056782334385,0.317460317460317,1,0.320987654320988,0.998397435897436,0.313479623824451,0.0828313253012048,0.0521472392638037,1,1,0.0408163265306122,1,0.685015290519878,0.0486656200941915,0.00947867298578199,1,0.6734375,1,1,0.553429027113238,1,0,0.0728155339805825,1,1,1,0.330708661417323,0.64167916041979,0.688013136288998,0.993720565149137,1,0.984399375975039,0.3,0.3328125,1,0.302066772655008,1,0.373831775700935,0.108626198083067,0.305772230889236,0.323216995447648,0.32943143812709,1,0.0740740740740741,1,1,1,0.258461538461538,0.323717948717949,1,0.324149108589951,1,1,0.316118935837246,1,0.322188449848024,1,0.312698412698413,0.324881141045959,1,0.677265500794913,0.31390134529148,1,0.314285714285714,0.755905511811024,0.31733746130031,0.159126365054602,0.319213313161876,0.775157232704403,0.312,1,0.326053042121685,0.33693972179289,0.28902627511592,1,1,1,0.965853658536585,0.340425531914894,1,0.331715210355987,1,0.328407224958949,0.321156773211568,1,1,1,0.919558359621451,1,0.311349693251534,0.318461538461538,1,1,0.0483091787439614,0.0806962025316456,1,1,0.316129032258064,1,1,0.320126782884311,1,1,0.679626749611198,0.529862174578867,1,0,1,1,0.0961240310077519,0.3265625,1,0.330143540669856,0.998435054773083,0.960191082802548,0.998415213946117,0.810047095761381,1,0.340909090909091,1,1,1,0,0.315270935960591,1,1,0.668261562998405,1,0.322327044025157,0.365354330708661,0.318252730109204,1,1,1,0.0847457627118644,0.326984126984127,0.0894308943089431,0.9984,0.313572542901716,0.317757009345794,0.353968253968254,0,1,0.954186413902054,1,1,0.325358851674641,0.306278713629403,0.15962441314554,0.0440944881889764,0.322834645669291,0.310832025117739,0.326594090202177,0.0016,0.321316614420063,1,0,0.321538461538462,1,1,1,0.317757009345794,0.323076923076923,0.0418679549114332,1,0.315541601255887,0.311827956989247,1,1,0.31832298136646,0.695934959349593,1,1,0.690737833594976,1,0.313546423135464,1,0.323296354992076,0.523076923076923,0.664050235478807,0.412576687116564,1,0.302611367127496,0.315955766192733,0.67906976744186,0.657975460122699,1,0.327073552425665,1,0.324812030075188,1,0.323343848580442,0.313099041533546,0.365079365079365,0.533541341653666,0.319554848966614,0.316455696202532,0.666144200626959,0.320493066255778,0.148936170212766,1,0,1,0.2896,1,0,0.321316614420063,0.313880126182965,1,0.0605143721633888,1,0.0819935691318328,0.342313787638669,1,0.0637636080870918,0.671339563862928,1,1,1,0.317073170731707,0.0414746543778802,1,0.434850863422292,0.0939490445859873,0.359327217125382,0.330232558139535,0.323619631901841,1,1,1,1,1,0.0657492354740061,0.996978851963746,0.682316118935837,0.00299850074962519,0.327014218009479,1,1,1,1,0.0850077279752705,0.316358024691358,1,1,1,1,1,1,0.480739599383667,0.00161550888529887,1,0.0848765432098765,0.319182389937107,0.434645669291339,1,0.397435897435897,0.307317073170732,0.308892355694228,1,0.0442338072669826,0.315707620528771,1,1,0.376602564102564,0.311145510835913,0.311708860759494,0.321656050955414,0.998449612403101,0.330143540669856,0.319938176197836,0.419047619047619,0.321316614420063,0.972136222910217,0.319083969465649,0.0836012861736334,0.324921135646688,0,1,0.0897637795275591,0.305958132045089,0.318681318681319,0.322274881516588,1,1,1,1,1,1,0.331738437001595,1,0.320634920634921,0.319604612850082,0.611197511664075,0.677993527508091,1,1,0,0.319571865443425,0.115919629057187,0.998468606431853,0.0382165605095541,1,1,0.319488817891374,1,1,0.62843295638126,0.421725239616613,0.996992481203008,0.078525641025641,0.0886075949367089,1,1,1,0.0878594249201278,0,0.318952234206472,0.432859399684044,0.316770186335404,0,0.327922077922078,0.0868167202572347,1,1,0.315217391304348,0.32120253164557,0.243369734789392,0.33974358974359,0.309230769230769,0.332810047095761,1,1,0.329617834394904,1,0,1,0.228346456692913,1,0.678516228748068,1,0.319620253164557,0.31629392971246,0.0798771121351766,0.669796557120501,1,1,0.78783151326053,0.890675241157556,0.311708860759494,0.3125,1,0.319938176197836,0.258267716535433,0.320450885668277,1,0.0992125984251968,1,1,0.318952234206472,0.681089743589744,0.311793214862682,1,1,0.317411402157165,0.306853582554517,0.320373250388802,0.858490566037736,0.320450885668277,1,0.0543478260869565,1,1,0.699530516431925,0.650641025641026,0.322368421052632,0.0552922590837283,0.331768388106416,1,1,0.313385826771654,0.331768388106416,0.621329211746522,1,0.310452418096724,0.375586854460094,0.31859756097561,0.984350547730829,0.467614533965245,0.00312989045383412,0.311728395061728,0.329249617151608,0.33495145631068,0.31810766721044,0.319018404907975,0.967289719626168,1,0.319685039370079,0.548956661316212,0.680379746835443,0.242902208201893,0.687397708674304,1,0.324074074074074,0.00159489633173844,0.330173775671406,0.312989045383412,0.359133126934985,0.320450885668277,0,0.334905660377358,0.32,0.3264,0.317829457364341
"278",0.280265339966833,0.295418641390205,0.2976,0.306425041186161,0.296950240770466,0.293159609120521,0.00969305331179321,0.301458670988655,0.299352750809061,0.590163934426229,0.297939778129952,0.6576,0.502446982055465,0.307936507936508,1,1,0.6416,0,0.30983606557377,0.291666666666667,1,1,0.307453416149068,0.530063291139241,0.297971918876755,1,1,0.323283082077052,0.298107255520505,0.521311475409836,1,0.583732057416268,0.343898573692552,0.998387096774194,0.683441558441558,0.295109612141653,0.141252006420546,0.304075235109718,1,0.289763779527559,0.00164473684210526,0,0,0.307317073170732,0.299342105263158,1,0.995090016366612,1,1,1,0.70952380952381,0.308970099667774,1,0.298887122416534,0.298412698412698,0.81505728314239,0.120717781402936,0.308306709265176,0.292407108239095,0.309951060358891,0.992076069730586,1,1,0.00478468899521531,0.300492610837438,0.306320907617504,0.673170731707317,0.306946688206785,0.63482280431433,1,0.299524564183835,1,1,0.266222961730449,0.166666666666667,0.307332293291732,1,0.995268138801262,0.303514376996805,1,0.620338983050847,1,1,0.315286624203822,1,0.31104199066874,0.299186991869919,0.315359477124183,0.292483660130719,0,0.303079416531605,0.308892355694228,0.7056,0.607535321821036,0.302931596091205,0.658307210031348,0.694805194805195,0.294770206022187,0.115511551155116,0,0.293354943273906,0.630645161290323,1,0.296052631578947,1,0.307814992025518,0,0.304838709677419,1,1,1,0.288709677419355,0.996768982229402,0.299363057324841,0.214516129032258,0.287284144427002,1,0.383627608346709,1,1,0.203525641025641,0.297427652733119,1,1,0.312202852614897,1,0.291666666666667,0.290571870170015,0.373590982286634,0.767550702028081,0.298850574712644,1,0.311688311688312,0.658346333853354,0.309090909090909,1,0.00156739811912226,1,0.353968253968254,0.892976588628763,0.607431340872375,0.616747181964573,0.306477093206951,0.30327868852459,1,0.292721518987342,1,0.276629570747218,0.493650793650794,0.306729264475743,1,0.298722044728434,0.297872340425532,0.310965630114566,0.298701298701299,1,0.296650717703349,1,0.440758293838863,0.305246422893482,1,0.302362204724409,1,0.617263843648209,0.301612903225806,1,0.298555377207063,0.295238095238095,0.312602291325696,0.987240829346092,0.303370786516854,1,0.307941653160454,1,0.304492512479201,1,0.61637239165329,0.283171521035599,0.03,0.273905996758509,0.301127214170692,1,0.287539936102236,0.302100161550889,0.302737520128824,0.31139646869984,1,1,0.309210526315789,0.305331179321486,1,1,0.295161290322581,0.233494363929147,0.0186335403726708,0.7,1,0.00159744408945687,0.300469483568075,1,0.303225806451613,0.29093799682035,0.297770700636943,0.996820349761526,1,1,0.304278922345483,0.304276315789474,0.303459119496855,0.697712418300654,0.294788273615635,1,0.324237560192616,1,1,0.431309904153355,0.306818181818182,0.298722044728434,0.312599681020734,0.276422764227642,0.298701298701299,0.667205169628433,1,1,0.289308176100629,0.00476190476190476,0.309033280507132,0.300155520995334,0.306451612903226,0.2912,0.285488958990536,0.299050632911392,0.70859872611465,0.372056514913658,0.288643533123028,1,0.309677419354839,1,0.292063492063492,0.287128712871287,0.2928,0.314935064935065,0.3,1,0.300955414012739,0.798373983739837,1,1,0.998412698412698,1,1,0.90311986863711,1,1,1,0.299363057324841,1,0.303986710963455,0,1,0.389154704944179,1,0.306055646481178,0.302884615384615,0.304761904761905,0.42741935483871,1,0.307814992025518,1,1,1,1,0,0.298217179902755,1,1,0.304487179487179,1,0.3078125,1,1,0.285245901639344,0.301164725457571,0.274760383386581,0.156351791530945,0.311475409836066,0,0.614420062695925,1,0.298076923076923,0.30718954248366,0.602543720190779,1,1,0.301324503311258,0.314332247557003,1,0.675282714054927,0.711323763955343,0.287128712871287,0.301482701812191,0.993788819875776,0.312,0.294573643410853,1,0.290791599353796,0.290015847860539,1,0.287112561174551,0.298245614035088,0.297124600638978,0.303370786516854,1,1,1,0.29073482428115,0.310126582278481,0.00632911392405063,0.992050874403816,0.306425041186161,1,1,0.291866028708134,0.311216429699842,0.2890625,0.299840510366826,0.301109350237718,1,0.291734197730956,0.293548387096774,0.591503267973856,1,0.831746031746032,1,0,1,0.313755795981453,1,1,0.424679487179487,1,0.297077922077922,1,0.296774193548387,0.281098546042003,0.291798107255521,1,1,0.301109350237718,0.381909547738693,0.633663366336634,0.289430894308943,1,1,1,0.304635761589404,1,0.2112,1,1,1,1,0.305993690851735,1,0.297658862876254,0.3125,0.693290734824281,0.276872964169381,1,0.315875613747954,0.299363057324841,0.296849087893864,1,0.293103448275862,1,0.306278713629403,0.470304975922953,0.307568438003221,0.308441558441558,0.29570747217806,1,0.301639344262295,0.285714285714286,1,1,0.304140127388535,0.294975688816856,1,0.488853503184713,0.305691056910569,0.314785373608903,0.305466237942122,0.693418940609952,1,0.283333333333333,1,0.425774877650897,0.294975688816856,0,0.880503144654088,0.303482587064677,0.302931596091205,0,0.0334928229665072,0.982286634460548,0.305331179321486,1,0.29126213592233,0.29635761589404,1,0.307443365695793,0.2976,0.686591276252019,1,0.312,0.309294871794872,1,0.293929712460064,0.292407108239095,1,0.348031496062992,0.292282430213465,0.299524564183835,0.311183144246353,0.798722044728435,1,0.982200647249191,1,1,0.00161290322580645,1,0.995192307692308,1,0.442492012779553,0.99836867862969,0.291993720565149,0.995297805642633,0.309446254071661,0.996815286624204,0.630672926447574,0.648351648351648,0.301587301587302,0.301092043681747,0.660743134087238,0.296596434359805,0,0.651273885350318,0.702127659574468,0.298869143780291,0.00159235668789809,0.291935483870968,0.285031847133758,0.761750405186386,0.304838709677419,0.705314009661836,0.613976705490849,0.305691056910569,0.303317535545024,0.289430894308943,1,0.0261941448382126,0,0.299050632911392,0.305825242718447,0.319620253164557,1,0.3354943273906,0.294871794871795,1,0.2944,0.94524959742351,0.58957654723127,1,1,0.994932432432432,0.307936507936508,0.634028892455859,0.3,0.305,0.298245614035088,0.433333333333333,1,0.296296296296296,1,0.303079416531605,0.293046357615894,1,0.298679867986799,1,0.311688311688312,1,1,0.307568438003221,0,1,0.302884615384615,1,0.56140350877193,1,0.524959742351047,1,0.543548387096774,1,0.301948051948052,1,1,1,0.308441558441558,0.312703583061889,0.302325581395349,0.333889816360601,0.328382838283828,0.287096774193548,1,0.297077922077922,1,1,0.308544303797468,0.300986842105263,0.2992,0.373608903020668,0.300155520995334,1,1,0.313385826771654,0.309562398703404,0.647819063004846,0.617021276595745,0.297734627831715,0.300653594771242,1,0.293460925039872,0.303875968992248,0.993527508090615,0.298531810766721,0.293929712460064,0,0.140350877192982,0.297427652733119,0.696923076923077,0.290064102564103,0.298412698412698,0.626794258373206,0.998389694041868,0.301612903225806,1,0.299837925445705,0.326332794830372,0.298722044728434,0.463375796178344,0.299186991869919,1,0.302066772655008,0.306425041186161,0.317355371900826,0.709779179810726,1,0.317114093959732,0.2912,0,0.305863708399366,1,0.955484896661367,1,0.301765650080257,0.312698412698413,0.296296296296296,0.609250398724083,1,0.616260162601626,0.313213703099511,1,1,0.968102073365231,0.689935064935065,0.312,0.333333333333333,0.301916932907348,0.300157977883096,1,1,0.523887973640857,0.652665589660743,1,1,1,0.707516339869281,1,0.314553990610329,0.696920583468395,1,0.314375987361769,0.303225806451613,0.307568438003221,0.998410174880763,1,0.66499162479062,0.305863708399366,1,1,0.309178743961353,0.297770700636943,1,0,0.289644012944984,0.284313725490196,0.00643086816720257,0.30503144654088,1,0.29064039408867,1,0.146456692913386,0,0.910094637223975,0.304897314375987,1,1,0,0.0015552099533437,0.305111821086262,1,0.304132231404959,0.998442367601246,0.287337662337662,1,1,0.962903225806452,0.776212832550861,1,1,0.0048780487804878,1,0.533772652388797,0.303571428571429,0.689763779527559,0.309636650868878,1,0.2914653784219,0.692185007974482,1,1,0.30114566284779,0.638330757341577,0.313880126182965,0.610837438423645,0.97411003236246,0.313408723747981,0.62760834670947,0.0128410914927769,0.294498381877023,0.303174603174603,0.295238095238095,1,0.659270998415214,0.290824261275272,0.891410048622366,0.614262560777958,0.971698113207547,1,1,0.29140127388535,0.32512315270936,0.302287581699346,0.292604501607717,0.294685990338164,0.638364779874214,0.296703296703297,0,0.694573643410853,0.998397435897436,0.303514376996805,0.29126213592233,0.301482701812191,0.304897314375987,0.627009646302251,1,0.307448494453249,0.309951060358891,0.309328968903437,0.301302931596091,0.297770700636943,0.301127214170692,0.205371248025276,0.694444444444444,0.30064308681672,0.623622047244095,1,0.228295819935691,0.297077922077922,0.92914653784219,1,1,0.301282051282051,0.664012738853503,1,0.301109350237718,0.288492706645057,0.958881578947368,1,1,0.996742671009772,0.304,1,1,0.903752039151713,1,0.334379905808477,1,0.623973727422003,1,0.693290734824281,0.290584415584416,0.620355411954766,1,1,0.991961414790997,0.308661417322835,0.311605723370429,0.29344262295082,0.301282051282051,0.318481848184819,0.305555555555556,0.983844911147011,0.288431061806656,1,1,0.706924315619968,0,0.298887122416534,0.298412698412698,0.696,1,0.58609794628752,0.310452418096724,0.665079365079365,0.302362204724409,0.298360655737705,1,0.298869143780291,0.300840336134454,0.677993527508091,0.917785234899329,0.308868501529052,0.621931260229133,0.60129659643436,0.3056,0.303776683087028,0.286168521462639,0.620745542949757,0.708333333333333,1,0.891547049441786,1,0.684210526315789,0.998384491114701,0.608130081300813,0.293075684380032,0.29951690821256,1,1,0.438709677419355,0.993431855500821,0.996850393700787,1,0.298217179902755,0.308186195826645,1,0.297971918876755,0.698738170347003,0.320388349514563,0.46515397082658,0.28,0,0.292134831460674,1,1,0.614896988906498,0.00156739811912226,0.311793214862682,0.29951690821256,0.086677367576244,0.411861614497529,1,1,0.294770206022187,1,0.42741935483871,1,0.310832025117739,0.605815831987076,0.301612903225806,0.291935483870968,1,0,1,0.293046357615894,0.30016051364366,1,1,1,0.428338762214984,1,0.296116504854369,0.646869983948636,0.310789049919485,0.315614617940199,0.00157232704402516,0.0356564019448947,1,0.644122383252818,1,0.312,0.3125,1,1,0.156299840510367,0.298887122416534,1,0.907790143084261,1,0.302547770700637,0.202898550724638,0.688783570300158,1,1,1,1,1,0.276729559748428,0.290791599353796,1,0.115894039735099,0.00162866449511401,0.457006369426752,0,0.307941653160454,1,0.698387096774194,1,1,0.893819334389857,1,0.69620253164557,1,1,1,1
"279",1,1,1,1,1,1,0.705696202531646,1,1,0.105015673981191,1,0.049079754601227,0.810641627543036,1,0.317757009345794,0.309230769230769,0.0718654434250764,0.676703645007924,1,1,0.291277258566978,0.312111801242236,1,0.156441717791411,1,0.330289193302892,0.324451410658307,1,1,0.789308176100629,0.306870229007634,0.730593607305936,0.963414634146341,0.318952234206472,0,1,0.533950617283951,1,0.303625377643505,1,0.661993769470405,0.683153013910355,0.693939393939394,1,1,0.322378716744914,0.313479623824451,0.313343328335832,0.32312404287902,0.330792682926829,0,1,0.312883435582822,1,1,0.510903426791277,0.554517133956386,1,1,1,0.331297709923664,0.325617283950617,0.313479623824451,0.679012345679012,1,1,0.0404984423676012,1,0.0629685157421289,0.32824427480916,1,0.31839258114374,0.322274881516588,0.963665086887836,0.509174311926605,1,0.314112291350531,0.335384615384615,1,0.318681318681319,0.0884676145339652,0.326656394453005,0.332822085889571,1,0.342024539877301,1,1,1,1,0.686728395061728,1,1,0.00153846153846154,0.112480739599384,1,0.0500758725341426,0,1,0.560126582278481,0.668224299065421,1,0.0577223088923557,0.308755760368664,1,0.315301391035549,1,0.6797583081571,1,0.318885448916409,0.319571865443425,0.325652841781874,1,0.326717557251908,1,0.478787878787879,1,0.313755795981453,0.300763358778626,0.33037037037037,0.314241486068111,0.471582181259601,0.998452012383901,0.320182094081942,0.316957210776545,1,0.310077519379845,1,1,0.338957055214724,0.557228915662651,1,0.321875,1,0.0448430493273543,1,0.316816816816817,0.672205438066465,0.327743902439024,0.9258114374034,0.440129449838188,0.109230769230769,0.103235747303544,1,1,0.33179012345679,1,0.318452380952381,1,0.80640243902439,1,0.32120253164557,1,1,1,1,0.336434108527132,1,0.320872274143302,0.254573170731707,1,0.317073170731707,1,0.306501547987616,0.0911949685534591,1,0.312302839116719,1,1,1,0.33587786259542,1,0.325508607198748,1,0.310452418096724,1,0.324409448818898,0.0792682926829268,1,0.630841121495327,1,1,0.318681318681319,1,1,1,1,0.327160493827161,0.31866464339909,1,0.998459167950693,0.315384615384615,0.309748427672956,1,0.439137134052388,0.660237388724036,0,0.324116743471582,0.670261941448382,1,0.325264750378215,1,0.998484848484849,1,0.314241486068111,0.32262996941896,0.330188679245283,1,1,1,0,1,0.309006211180124,0.970992366412214,0.324492979719189,0.308049535603715,0.741538461538462,1,1,1,1,1,0.046656298600311,0.320251177394035,0.329249617151608,1,0.683734939759036,1,1,0.998473282442748,0.998480243161094,1,1,0.0045662100456621,0.329881656804734,1,0.315541601255887,1,0.306027820710974,1,1,1,1,1,0.317411402157165,1,0.511664074650078,0.329721362229102,0.329286798179059,0.308544303797468,0.3203125,0.330733229329173,0.421303656597774,0.326687116564417,0.322678843226788,0.313755795981453,1,0.324734446130501,1,0.687975646879756,0.318952234206472,0.316187594553706,0.336448598130841,1,1,1,0.261205564142195,0.316998468606432,1,0.315707620528771,0.327272727272727,0.312210200927357,0.316666666666667,0.682588597842835,1,0.326219512195122,0.325508607198748,1,0.3078125,1,0.31441717791411,0.319938176197836,1,1,1,0.53416149068323,1,0.6921875,0.0864381520119225,0.322981366459627,1,1,0.1,0.322239031770045,0.325471698113208,1,1,0.308282208588957,0.029320987654321,0.00314465408805031,1,1,0.341353383458647,0.998417721518987,1,0.315467075038285,1,1,0.314152410575428,1,1,1,1,0.328173374613003,0.306646525679758,0.32807570977918,1,1,0.664615384615385,0.314152410575428,1,0.320726172465961,0.305900621118012,1,1,0.998480243161094,1,1,0.3234375,1,1,0.11128526645768,0.334341906202723,0.499219968798752,0.31832298136646,0.674961119751166,0.32078313253012,1,0.314152410575428,0.329770992366412,0.259090909090909,0.328220858895706,1,0.331306990881459,1,1,1,0.312989045383412,0.325757575757576,0.998454404945904,0.917065390749601,0.0709779179810726,1,0.313546423135464,0.325984251968504,0.308892355694228,1,0.328767123287671,0.460829493087558,0.324655436447167,0.310077519379845,0.31378763866878,0.305900621118012,1,0.324492979719189,1,1,0,1,0.324534161490683,1,1,1,0.328173374613003,1,0.312599681020734,1,0.837386018237082,1,1,1,0.311827956989247,1,1,0.306625577812018,0.318112633181126,1,1,0.308527131782946,0.186466165413534,1,0.998463901689708,1,0,0.315457413249211,1,0.310502283105023,0.255384615384615,1,0.675757575757576,0.436746987951807,1,1,0.674662668665667,0.702325581395349,0.353120243531202,1,0.31306990881459,1,1,0.33693972179289,1,0.998447204968944,0.00925925925925926,0.31859756097561,1,1,0.322981366459627,1,1,0.307931570762053,0.345038167938931,1,1,1,0.538345864661654,0.311526479750779,0.345256609642302,0.319402985074627,0.331288343558282,0.690292758089368,0.329268292682927,0.329754601226994,0.316998468606432,0.243410852713178,0.313291139240506,1,0.326315789473684,0.998444790046656,0.316923076923077,0.0905044510385757,0.0542168674698795,1,1,0.0434108527131783,1,0.684049079754601,0.0462962962962963,0.0142405063291139,1,0.673343605546995,1,1,0.551829268292683,1,0,0.0805687203791469,1,1,1,0.324451410658307,0.647321428571429,0.681672025723473,0.993911719939117,1,0.983433734939759,0.310185185185185,0.339009287925697,1,0.30379746835443,1,0.376160990712074,0.108490566037736,0.313935681470138,0.32078313253012,0.333333333333333,1,0.0886850152905199,1,1,1,0.264661654135338,0.331761006289308,1,0.32398753894081,1,1,0.310872894333844,1,0.322822822822823,1,0.3171875,0.323029366306028,1,0.67651632970451,0.319526627218935,1,0.313880126182965,0.774803149606299,0.312874251497006,0.161585365853659,0.316417910447761,0.78516228748068,0.311424100156495,1,0.325581395348837,0.339421613394216,0.299382716049383,1,1,1,0.967793880837359,0.3424,1,0.327503974562798,1,0.317307692307692,0.318796992481203,1,1,1,0.916158536585366,1,0.315789473684211,0.323664122137405,1,1,0.0559875583203732,0.0864197530864197,1,1,0.308777429467085,1,1,0.320552147239264,1,1,0.684129429892142,0.531722054380665,1,0,1,1,0.104615384615385,0.328197226502311,1,0.320493066255778,0.998447204968944,0.962085308056872,0.998452012383901,0.822530864197531,1,0.324881141045959,1,1,1,0,0.316129032258064,1,1,0.668711656441718,1,0.323619631901841,0.369465648854962,0.327188940092166,1,1,1,0.094311377245509,0.324534161490683,0.0970266040688576,0.998454404945904,0.312688821752266,0.309667673716012,0.358461538461538,0,1,0.952599388379205,1,1,0.328660436137072,0.30421686746988,0.1609375,0.0435458786936236,0.318885448916409,0.313846153846154,0.328787878787879,0.0015625,0.318181818181818,1,0,0.31969696969697,1,1,1,0.321699544764795,0.3267776096823,0.0383386581469649,1,0.321100917431193,0.309815950920245,1,1,0.320121951219512,0.69377990430622,1,1,0.686614173228347,1,0.309309309309309,1,0.320493066255778,0.515981735159817,0.672672672672673,0.423192771084337,1,0.297872340425532,0.314241486068111,0.678843226788432,0.670676691729323,1,0.330815709969789,1,0.323922734026746,1,0.323029366306028,0.309262166405024,0.360123647604328,0.539657853810264,0.322378716744914,0.308641975308642,0.657894736842105,0.322239031770045,0.152733118971061,1,0,1,0.297507788161994,1,0,0.320373250388802,0.317535545023697,1,0.0639880952380952,1,0.0926216640502355,0.343260188087774,1,0.0714285714285714,0.666666666666667,1,1,1,0.3088,0.0403587443946188,1,0.432973805855162,0.103448275862069,0.35474006116208,0.32370820668693,0.330804248861912,1,1,1,1,1,0.0706766917293233,0.995447647951442,0.686064318529862,0.00445103857566766,0.328173374613003,1,1,1,1,0.0921658986175115,0.310240963855422,1,1,1,1,1,1,0.48644578313253,0.0015552099533437,1,0.093558282208589,0.3198127925117,0.432766615146832,1,0.396850393700787,0.31219512195122,0.32258064516129,1,0.0445468509984639,0.32312404287902,1,1,0.377952755905512,0.313455657492355,0.311145510835913,0.321316614420063,0.998456790123457,0.327586206896552,0.320433436532508,0.428792569659443,0.323574730354391,0.970858895705521,0.317220543806647,0.0902021772939347,0.335413416536661,0,1,0.0946372239747634,0.314152410575428,0.320251177394035,0.31619937694704,1,1,1,1,1,1,0.329721362229102,1,0.318112633181126,0.318407960199005,0.615030674846626,0.675632911392405,1,1,0,0.317293233082707,0.125574272588055,0.998500749625187,0.0393081761006289,1,1,0.318181818181818,1,1,0.633540372670807,0.429487179487179,0.995614035087719,0.0880989180834621,0.103448275862069,1,1,1,0.0958268933539413,0,0.322678843226788,0.422360248447205,0.320726172465961,0,0.326498422712934,0.0941358024691358,1,1,0.321156773211568,0.315870570107858,0.248466257668712,0.329133858267717,0.31306990881459,0.325115562403698,1,1,0.331259720062208,1,0,1,0.229230769230769,1,0.669230769230769,1,0.312693498452012,0.309859154929577,0.0807926829268293,0.672754946727549,1,1,0.787735849056604,0.895498392282958,0.321928460342146,0.311216429699842,1,0.315950920245399,0.258859784283513,0.322274881516588,1,0.109737248840804,1,1,0.315068493150685,0.676609105180534,0.302652106084243,1,1,0.301075268817204,0.310185185185185,0.318862275449102,0.855345911949686,0.314375987361769,1,0.0599078341013825,1,1,0.69578313253012,0.646058732612056,0.328,0.0569230769230769,0.327639751552795,1,1,0.312111801242236,0.325545171339564,0.622496147919877,1,0.30804248861912,0.386850152905199,0.310872894333844,0.983282674772036,0.470404984423676,0.00460829493087558,0.312024353120244,0.328828828828829,0.329652996845426,0.317610062893082,0.32089552238806,0.97125567322239,1,0.318252730109204,0.5456,0.680685358255452,0.246177370030581,0.680645161290323,1,0.322137404580153,0.0031055900621118,0.326086956521739,0.316109422492401,0.376344086021505,0.32120253164557,0,0.334365325077399,0.31496062992126,0.323296354992076,0.3125
"280",0.293663060278207,0.30757341576507,0.31441717791411,0.322085889570552,0.303543913713405,0.311926605504587,0.0124416796267496,0.3140625,0.300925925925926,0.573926868044515,0.313343328335832,0.644067796610169,0.512461059190031,0.316998468606432,1,1,0.623672230652504,0,0.318252730109204,0.302003081664099,1,1,0.30640243902439,0.515384615384615,0.305135951661631,1,1,0.328025477707006,0.305847076461769,0.513428120063191,1,0.595419847328244,0.352048558421851,0.995384615384615,0.675465838509317,0.310789049919485,0.138248847926267,0.313636363636364,1,0.301801801801802,0.00307692307692308,0,0,0.314329738058552,0.309375,1,0.995305164319249,1,1,1,0.690909090909091,0.317111459968603,1,0.316923076923077,0.303030303030303,0.80952380952381,0.122861586314152,0.31201248049922,0.30804248861912,0.309815950920245,0.992354740061162,1,1,0.00460829493087558,0.307936507936508,0.309707241910632,0.661016949152542,0.320872274143302,0.618263473053892,1,0.316742081447964,1,1,0.270186335403727,0.156862745098039,0.307807807807808,1,0.995440729483283,0.30568356374808,1,0.602523659305994,1,1,0.309341500765697,1,0.318731117824773,0.302469135802469,0.317411402157165,0.313455657492355,0,0.313084112149533,0.321804511278195,0.693251533742331,0.578947368421053,0.300314465408805,0.641255605381166,0.689230769230769,0.303030303030303,0.122611464968153,0,0.306625577812018,0.625776397515528,1,0.312202852614897,1,0.3140625,0,0.314024390243902,1,1,1,0.298937784522003,0.995447647951442,0.323029366306028,0.201526717557252,0.304347826086957,1,0.373271889400922,1,1,0.198170731707317,0.309451219512195,1,1,0.324116743471582,1,0.31424375917768,0.30316742081448,0.367851622874807,0.757164404223228,0.311216429699842,1,0.320373250388802,0.639344262295082,0.322784810126582,1,0.00151515151515152,1,0.370716510903427,0.877358490566038,0.588235294117647,0.595348837209302,0.312307692307692,0.3140625,1,0.305295950155763,1,0.294753086419753,0.503828483920367,0.318385650224215,1,0.299531981279251,0.312307692307692,0.313084112149533,0.316998468606432,1,0.30077519379845,1,0.430555555555556,0.314285714285714,1,0.314456035767511,1,0.592823712948518,0.308411214953271,1,0.307098765432099,0.307110438729198,0.325115562403698,0.987878787878788,0.31055900621118,1,0.316279069767442,1,0.317230273752013,1,0.597542242703533,0.28902627511592,0.0283018867924528,0.295208655332303,0.311627906976744,1,0.297256097560976,0.305555555555556,0.306525037936267,0.319938176197836,1,1,0.3140625,0.30757341576507,1,1,0.312404287901991,0.231950844854071,0.0177514792899408,0.691358024691358,1,0.00308166409861325,0.307926829268293,1,0.315047021943574,0.29940119760479,0.303490136570561,0.996927803379416,1,1,0.313521545319465,0.305863708399366,0.319213313161876,0.687400318979266,0.299689440993789,1,0.333333333333333,1,1,0.440860215053763,0.316846986089645,0.306870229007634,0.321428571428571,0.300153139356815,0.313084112149533,0.645705521472393,1,1,0.307339449541284,0.00452488687782805,0.316964285714286,0.308270676691729,0.317901234567901,0.301515151515152,0.291858678955453,0.309667673716012,0.700152207001522,0.368815592203898,0.298621745788668,1,0.312597200622084,1,0.296240601503759,0.301092043681747,0.309451219512195,0.326053042121685,0.303656597774245,1,0.319277108433735,0.794392523364486,1,1,0.996899224806202,1,1,0.8890625,1,1,1,0.312024353120244,1,0.310789049919485,0,1,0.378176382660688,1,0.315047021943574,0.312693498452012,0.30521472392638,0.426127527216174,1,0.316030534351145,1,1,1,1,0,0.308892355694228,1,1,0.3140625,1,0.31441717791411,1,1,0.303125,0.316692667706708,0.294117647058824,0.147692307692308,0.325984251968504,0,0.594268476621418,1,0.3202416918429,0.3125,0.5790273556231,1,1,0.319685039370079,0.322033898305085,1,0.659090909090909,0.710031347962382,0.293103448275862,0.306603773584906,0.992469879518072,0.315217391304348,0.29585798816568,1,0.307926829268293,0.29483282674772,1,0.295665634674923,0.308411214953271,0.30316742081448,0.311926605504587,1,1,1,0.302325581395349,0.313755795981453,0.00611620795107034,0.992283950617284,0.320126782884311,1,1,0.304281345565749,0.321375186846039,0.296969696969697,0.312883435582822,0.306976744186047,1,0.301075268817204,0.304953560371517,0.564387917329094,1,0.828660436137072,1,0,1,0.312406576980568,1,1,0.417047184170472,0.998473282442748,0.3140625,1,0.299689440993789,0.291021671826625,0.304477611940298,1,1,0.311627906976744,0.400625978090767,0.61875,0.301092043681747,1,1,1,0.317535545023697,1,0.209090909090909,1,1,1,1,0.319148936170213,1,0.314009661835749,0.326625386996904,0.678407350689127,0.298904538341158,1,0.3125,0.311649016641452,0.304140127388535,1,0.295795795795796,1,0.310606060606061,0.48103186646434,0.316358024691358,0.313178294573643,0.308510638297872,1,0.310832025117739,0.303459119496855,1,1,0.316109422492401,0.305084745762712,1,0.478129713423831,0.304416403785489,0.32,0.326717557251908,0.691244239631336,1,0.286168521462639,1,0.421461897356143,0.304482225656878,0,0.886397608370703,0.310015898251192,0.30781010719755,0,0.0328125,0.983076923076923,0.307692307692308,1,0.301092043681747,0.307692307692308,1,0.317411402157165,0.31104199066874,0.66820987654321,1,0.31104199066874,0.311728395061728,1,0.305007587253414,0.299524564183835,1,0.334355828220859,0.302795031055901,0.314112291350531,0.322932917316693,0.791225416036309,1,0.978227060653188,1,1,0.00156739811912226,1,0.99388379204893,1,0.421374045801527,0.996875,0.302571860816944,0.992537313432836,0.327692307692308,0.995419847328244,0.607726597325409,0.638167938931298,0.314674735249622,0.306060606060606,0.645161290322581,0.309262166405024,0,0.632872503840246,0.684375,0.309667673716012,0.00154559505409583,0.302469135802469,0.304615384615385,0.763975155279503,0.311827956989247,0.688751926040062,0.605633802816901,0.306748466257669,0.313636363636364,0.292682926829268,1,0.0265486725663717,0,0.314199395770393,0.321483771251932,0.329249617151608,1,0.333860759493671,0.306870229007634,1,0.297872340425532,0.944530046224962,0.56656346749226,1,1,0.993431855500821,0.312874251497006,0.604229607250755,0.320300751879699,0.303599374021909,0.30564263322884,0.421052631578947,1,0.306625577812018,1,0.313694267515924,0.305863708399366,1,0.311912225705329,1,0.318885448916409,1,1,0.315467075038285,0,1,0.312594840667678,1,0.560371517027864,1,0.503048780487805,1,0.563467492260062,1,0.309636650868878,1,1,1,0.296803652968037,0.309968847352025,0.311011904761905,0.340189873417722,0.326892109500805,0.299698795180723,1,0.305810397553517,1,1,0.315548780487805,0.304416403785489,0.306060606060606,0.386605783866058,0.316265060240964,1,1,0.317557251908397,0.31104199066874,0.63182527301092,0.596875,0.306501547987616,0.311627906976744,1,0.290273556231003,0.30952380952381,0.993874425727412,0.29559748427673,0.310975609756098,0,0.142428785607196,0.309451219512195,0.688330871491876,0.303076923076923,0.312594840667678,0.600896860986547,0.996894409937888,0.30188679245283,1,0.303215926493109,0.342592592592593,0.305772230889236,0.477203647416413,0.304552590266876,1,0.318862275449102,0.320251177394035,0.315707620528771,0.693009118541033,1,0.315217391304348,0.306870229007634,0,0.313546423135464,0.998452012383901,0.958588957055215,1,0.3125,0.315870570107858,0.305295950155763,0.583710407239819,1,0.594637223974763,0.3328173374613,1,1,0.966257668711656,0.6801872074883,0.32,0.35202492211838,0.318112633181126,0.314503816793893,1,1,0.515384615384615,0.639016897081413,1,1,0.998477929984779,0.702060221870048,1,0.319277108433735,0.685358255451713,1,0.317262830482115,0.309341500765697,0.309597523219814,0.996969696969697,1,0.656050955414013,0.315789473684211,1,1,0.313935681470138,0.305597579425113,0.998463901689708,0,0.300787401574803,0.291925465838509,0.00467289719626168,0.30381679389313,1,0.301261829652997,1,0.146969696969697,0,0.895612708018154,0.31306990881459,1,1,0,0.0015015015015015,0.315950920245399,1,0.30173775671406,0.996978851963746,0.302652106084243,1,0.998435054773083,0.963076923076923,0.763277693474962,1,1,0.0031104199066874,1,0.519108280254777,0.315047021943574,0.675226586102719,0.3125,1,0.30030959752322,0.682926829268293,1,1,0.306122448979592,0.629080118694362,0.317147192716237,0.592879256965944,0.974723538704581,0.326656394453005,0.60882800608828,0.0108191653786708,0.304482225656878,0.309815950920245,0.315315315315315,1,0.637462235649547,0.308980213089802,0.895148669796557,0.587025316455696,0.969879518072289,1,1,0.30381679389313,0.338557993730408,0.302469135802469,0.296923076923077,0.3046875,0.616191904047976,0.296572280178838,0,0.6875,0.998468606431853,0.319148936170213,0.303680981595092,0.305511811023622,0.312781954887218,0.604615384615385,1,0.324324324324324,0.327102803738318,0.320813771517997,0.313178294573643,0.302891933028919,0.310664605873261,0.194233687405159,0.697674418604651,0.310769230769231,0.6,1,0.236363636363636,0.308641975308642,0.919685039370079,1,1,0.306153846153846,0.641881638846737,1,0.314024390243902,0.295107033639144,0.960753532182104,1,1,0.996850393700787,0.31441717791411,1,1,0.889922480620155,1,0.346969696969697,1,0.595505617977528,1,0.67737003058104,0.309119010819165,0.595348837209302,1,1,0.99079754601227,0.315233785822021,0.316030534351145,0.314785373608903,0.308396946564885,0.316455696202532,0.313846153846154,0.985981308411215,0.308755760368664,1,1,0.703196347031963,0,0.312121212121212,0.307339449541284,0.68609865470852,1,0.570992366412214,0.314842578710645,0.646697388632873,0.308049535603715,0.304278922345483,1,0.297090352220521,0.310457516339869,0.681818181818182,0.901587301587302,0.318248175182482,0.610328638497653,0.5765625,0.318461538461538,0.327613104524181,0.297674418604651,0.596273291925466,0.687405159332322,1,0.900311526479751,1,0.677811550151976,0.99685534591195,0.58740157480315,0.319018404907975,0.315625,1,1,0.430340557275542,0.993769470404984,0.996974281391831,1,0.302652106084243,0.316109422492401,1,0.307004470938897,0.685099846390169,0.319875776397516,0.455538221528861,0.294488188976378,0,0.302848575712144,1,1,0.598765432098765,0.0015220700152207,0.318818040435459,0.313271604938272,0.0984615384615385,0.406698564593301,1,1,0.310136157337368,1,0.410015649452269,1,0.322869955156951,0.589939024390244,0.317484662576687,0.305772230889236,1,0,1,0.30503144654088,0.307692307692308,1,1,1,0.433489827856025,1,0.316998468606432,0.63013698630137,0.31832298136646,0.323809523809524,0.00152905198776758,0.0384615384615385,1,0.626168224299065,1,0.31733746130031,0.319554848966614,1,1,0.162650602409639,0.313935681470138,1,0.897744360902256,1,0.320839580209895,0.203732503888025,0.676829268292683,1,1,1,1,1,0.277611940298507,0.297380585516179,1,0.12241653418124,0.00156985871271586,0.445619335347432,0,0.315301391035549,1,0.687692307692308,1,1,0.886850152905199,1,0.689863842662632,1,1,1,1
"281",0.289137380191693,0.3046875,0.317411402157165,0.316455696202532,0.299531981279251,0.305379746835443,0.0111821086261981,0.317111459968603,0.300940438871473,0.595505617977528,0.307453416149068,0.65615141955836,0.494417862838915,0.316770186335404,1,1,0.628482972136223,0,0.323296354992076,0.307814992025518,1,1,0.316436251920123,0.539906103286385,0.298461538461538,1,1,0.32475884244373,0.304953560371517,0.510301109350238,1,0.56832298136646,0.367762128325509,0.996865203761755,0.670886075949367,0.30718954248366,0.15015479876161,0.322981366459627,1,0.3,0.00317460317460317,0,0,0.318037974683544,0.3152,1,0.99537037037037,1,1,1,0.704225352112676,0.32120253164557,1,0.315541601255887,0.301710730948678,0.806299212598425,0.129952456418384,0.313291139240506,0.307210031347962,0.322784810126582,0.992175273865415,1,1,0.00470219435736677,0.310679611650485,0.306729264475743,0.658346333853354,0.318541996830428,0.62178517397882,1,0.310452418096724,1,1,0.275590551181102,0.173708920187793,0.312217194570136,1,0.996908809891808,0.308868501529052,1,0.614147909967846,1,1,0.31839258114374,1,0.315789473684211,0.312698412698413,0.317683881064163,0.316118935837246,0,0.312101910828025,0.318250377073906,0.697637795275591,0.598449612403101,0.308426073131955,0.64339908952959,0.689655172413793,0.3015625,0.133545310015898,0,0.306836248012719,0.623028391167192,1,0.307936507936508,1,0.317683881064163,0,0.316358024691358,1,1,1,0.2984375,0.996899224806202,0.320373250388802,0.219325153374233,0.306060606060606,1,0.3875,1,1,0.218897637795276,0.305295950155763,1,1,0.325,1,0.313521545319465,0.304747320061256,0.379527559055118,0.768049155145929,0.314696485623003,1,0.315789473684211,0.648401826484018,0.3216,1,0.00154559505409583,1,0.365354330708661,0.908943089430894,0.599686028257457,0.614533965244866,0.30829420970266,0.320967741935484,1,0.313572542901716,1,0.29375,0.489922480620155,0.321699544764795,1,0.302034428794992,0.307936507936508,0.322429906542056,0.318681318681319,1,0.29874213836478,1,0.454828660436137,0.316770186335404,1,0.317411402157165,1,0.610223642172524,0.312599681020734,1,0.31496062992126,0.307210031347962,0.323809523809524,0.989180834621329,0.31911532385466,1,0.322734499205087,1,0.316129032258064,1,0.605263157894737,0.295208655332303,0.0308943089430894,0.297971918876755,0.306376360808709,1,0.302180685358255,0.3125,0.307210031347962,0.324534161490683,1,1,0.313821138211382,0.3125,1,1,0.3171875,0.245696400625978,0.017910447761194,0.7,1,0.00314465408805031,0.310452418096724,1,0.316957210776545,0.308396946564885,0.306729264475743,0.996918335901387,1,1,0.326283987915408,0.309562398703404,0.311145510835913,0.683042789223455,0.298904538341158,1,0.33122028526149,1,1,0.446511627906977,0.311004784688995,0.313664596273292,0.321483771251932,0.298299845440495,0.310015898251192,0.658307210031348,1,1,0.316692667706708,0.00153609831029186,0.323664122137405,0.310872894333844,0.325508607198748,0.295489891135303,0.296998420221169,0.316666666666667,0.701538461538462,0.378254211332312,0.296923076923077,1,0.315286624203822,1,0.303543913713405,0.298412698412698,0.30379746835443,0.323343848580442,0.306320907617504,1,0.309597523219814,0.790220820189274,1,1,0.996825396825397,1,1,0.909677419354839,1,1,1,0.312597200622084,1,0.314935064935065,0,1,0.395962732919255,1,0.316211878009631,0.315372424722662,0.303174603174603,0.434169278996865,1,0.315467075038285,1,1,1,1,0,0.312796208530806,1,1,0.310452418096724,1,0.319938176197836,1,1,0.305511811023622,0.315024232633279,0.303459119496855,0.156832298136646,0.325949367088608,0,0.612708018154312,1,0.310185185185185,0.315955766192733,0.591679506933744,1,1,0.321027287319422,0.323390894819466,1,0.662538699690402,0.701726844583987,0.293838862559242,0.313213703099511,0.995412844036697,0.31496062992126,0.29803328290469,1,0.305164319248826,0.301391035548686,1,0.2976,0.307692307692308,0.309375,0.311145510835913,1,1,1,0.298461538461538,0.318541996830428,0.00934579439252336,0.993720565149137,0.32484076433121,1,1,0.30030959752322,0.32093023255814,0.292117465224111,0.306962025316456,0.312307692307692,1,0.299840510366826,0.307086614173228,0.5814696485623,1,0.850393700787402,1,0,1,0.319758672699849,1,1,0.43010752688172,0.998442367601246,0.31687898089172,1,0.301109350237718,0.299684542586751,0.305084745762712,1,1,0.316923076923077,0.3872,0.6192,0.301916932907348,1,1,1,0.315619967793881,1,0.219435736677116,1,1,1,1,0.322932917316693,1,0.303858520900322,0.324451410658307,0.681388012618297,0.298887122416534,1,0.316692667706708,0.310975609756098,0.307073954983923,1,0.301223241590214,1,0.311178247734139,0.46583850931677,0.31875,0.317307692307692,0.309859154929577,1,0.322429906542056,0.296703296703297,1,1,0.324492979719189,0.303599374021909,1,0.499229583975347,0.315112540192926,0.320373250388802,0.322085889570552,0.691107644305772,1,0.295055821371611,1,0.428120063191153,0.3015625,0,0.875389408099688,0.3184,0.310618066561014,0,0.0330708661417323,0.9826224328594,0.312796208530806,1,0.30379746835443,0.313311688311688,1,0.318110236220472,0.310236220472441,0.675,1,0.3088,0.315541601255887,1,0.302795031055901,0.299352750809061,1,0.355140186915888,0.310236220472441,0.310344827586207,0.326366559485531,0.796610169491525,1,0.9858934169279,1,1,0.00156739811912226,1,0.995319812792512,1,0.444270015698587,0.998392282958199,0.298461538461538,0.995363214837713,0.321316614420063,0.998447204968944,0.618045112781955,0.643625192012289,0.312693498452012,0.31104199066874,0.650621118012422,0.311811023622047,0,0.641065830721003,0.693877551020408,0.314241486068111,0.00156739811912226,0.309748427672956,0.301092043681747,0.777070063694268,0.313846153846154,0.697819314641745,0.60596546310832,0.309748427672956,0.310344827586207,0.297674418604651,1,0.029806259314456,0,0.31619937694704,0.324574961360124,0.320373250388802,1,0.352380952380952,0.311912225705329,1,0.301242236024845,0.943037974683544,0.576190476190476,1,1,0.99505766062603,0.308641975308642,0.619631901840491,0.312977099236641,0.305555555555556,0.302034428794992,0.428348909657321,1,0.301612903225806,1,0.315789473684211,0.309748427672956,1,0.317111459968603,1,0.318681318681319,1,1,0.321428571428571,0,1,0.315217391304348,1,0.55205047318612,1,0.520061728395062,1,0.5484375,1,0.306451612903226,1,1,1,0.302839116719243,0.313195548489666,0.31441717791411,0.33974358974359,0.343648208469055,0.30564263322884,1,0.313971742543171,1,1,0.320493066255778,0.308681672025723,0.314329738058552,0.37914691943128,0.315384615384615,1,1,0.311526479750779,0.311605723370429,0.637239165329053,0.603125,0.311424100156495,0.314785373608903,1,0.294298921417565,0.313546423135464,0.996835443037975,0.30016051364366,0.308777429467085,0,0.152073732718894,0.314606741573034,0.68609865470852,0.30503144654088,0.314152410575428,0.612213740458015,1,0.309262166405024,1,0.314465408805031,0.345541401273885,0.312698412698413,0.454263565891473,0.302066772655008,1,0.311145510835913,0.316614420062696,0.3216,0.688271604938272,1,0.325508607198748,0.306027820710974,0,0.316590563165906,0.998442367601246,0.952012383900929,1,0.31055900621118,0.315301391035549,0.312893081761006,0.60763358778626,1,0.602291325695581,0.332807570977918,1,1,0.965463108320251,0.67515923566879,0.322327044025157,0.355140186915888,0.324031007751938,0.314553990610329,1,1,0.528481012658228,0.639109697933227,1,1,0.998459167950693,0.69551282051282,1,0.324615384615385,0.690140845070423,1,0.318952234206472,0.304278922345483,0.311811023622047,0.998454404945904,1,0.649434571890145,0.316118935837246,1,1,0.315217391304348,0.30503144654088,0.998420221169036,0,0.303656597774245,0.297805642633229,0.00470957613814757,0.309451219512195,1,0.309294871794872,1,0.161042944785276,0,0.911987860394537,0.319314641744548,1,1,0,0.00154083204930663,0.328149300155521,1,0.307692307692308,0.996946564885496,0.305863708399366,1,0.998410174880763,0.960876369327074,0.782945736434108,1,1,0.0031104199066874,1,0.532591414944356,0.318181818181818,0.678407350689127,0.311526479750779,1,0.305993690851735,0.68125,1,1,0.31637519872814,0.626126126126126,0.322378716744914,0.601275917065391,0.972886762360447,0.321086261980831,0.611455108359133,0.00923076923076923,0.306477093206951,0.310452418096724,0.315541601255887,1,0.641304347826087,0.304615384615385,0.8859375,0.609794628751975,0.964885496183206,1,1,0.308661417322835,0.329133858267717,0.303125,0.307219662058372,0.308868501529052,0.629573170731707,0.299546142208775,0,0.686478454680535,1,0.323529411764706,0.302507836990596,0.306946688206785,0.315789473684211,0.619344773790952,1,0.322480620155039,0.3265625,0.332792207792208,0.322429906542056,0.305900621118012,0.312302839116719,0.211508553654743,0.686708860759494,0.317683881064163,0.608024691358025,1,0.244131455399061,0.32018927444795,0.915605095541401,1,1,0.315301391035549,0.645412130637636,1,0.311926605504587,0.291139240506329,0.953376205787781,1,1,0.998387096774194,0.314814814814815,1,1,0.910518053375196,1,0.336990595611285,1,0.604166666666667,1,0.687692307692308,0.299050632911392,0.613312202852615,1,1,0.993700787401575,0.319444444444444,0.32348367029549,0.315533980582524,0.31496062992126,0.316639741518578,0.318910256410256,0.987301587301587,0.311349693251534,1,1,0.720748829953198,0,0.314984709480122,0.31441717791411,0.684129429892142,1,0.581504702194357,0.314199395770393,0.651632970451011,0.312989045383412,0.317307692307692,1,0.310344827586207,0.312602291325696,0.692185007974482,0.911475409836066,0.31570996978852,0.6140625,0.590266875981162,0.320373250388802,0.313385826771654,0.294753086419753,0.605055292259084,0.687402799377916,1,0.891849529780564,1,0.672307692307692,0.998422712933754,0.602564102564103,0.310832025117739,0.322169059011164,1,1,0.444620253164557,0.995253164556962,1,1,0.303937007874016,0.31924882629108,1,0.307922272047833,0.686335403726708,0.326018808777429,0.46984126984127,0.303317535545024,0,0.301538461538462,1,1,0.601246105919003,0.00152439024390244,0.331269349845201,0.318681318681319,0.104265402843602,0.424,1,1,0.309486780715397,1,0.425431711145997,1,0.324200913242009,0.608490566037736,0.31832298136646,0.306603773584906,1,0,1,0.299352750809061,0.315619967793881,1,1,1,0.451043338683788,1,0.313880126182965,0.624223602484472,0.31937984496124,0.319935691318328,0.00151975683890578,0.0436817472698908,1,0.632075471698113,1,0.311424100156495,0.330696202531646,1,1,0.167449139280125,0.3046875,1,0.911353032659409,1,0.318042813455657,0.215654952076677,0.679245283018868,1,1,1,1,1,0.285714285714286,0.291079812206573,1,0.125200642054575,0.00161030595813205,0.456086286594761,0,0.318541996830428,1,0.686804451510334,1,1,0.899845916795069,1,0.684451219512195,1,1,1,1
"282",1,1,1,1,1,1,0.712903225806452,1,1,0.0931372549019608,1,0.0445859872611465,0.818619582664527,1,0.314516129032258,0.302066772655008,0.0627943485086342,0.701320132013201,1,1,0.290171606864275,0.293548387096774,1,0.160629921259843,1,0.3171875,0.310064935064935,1,1,0.777070063694268,0.304552590266876,0.727414330218069,0.963665086887836,0.300314465408805,0,1,0.545454545454545,1,0.288819875776398,1,0.673534072900158,0.685624012638231,0.700617283950617,1,1,0.305111821086262,0.3008,0.303937007874016,0.317262830482115,0.313084112149533,0,1,0.30379746835443,1,1,0.479806138933764,0.574603174603175,1,1,1,0.317535545023697,0.309904153354633,0.308917197452229,0.684627575277338,1,1,0.0364500792393027,1,0.0564024390243902,0.311526479750779,1,0.315286624203822,0.315789473684211,0.970636215334421,0.525984251968504,1,0.298107255520505,0.322274881516588,1,0.307443365695793,0.0858995137763371,0.315619967793881,0.317535545023697,1,0.328660436137072,1,1,1,1,0.702362204724409,1,1,0.00157232704402516,0.102362204724409,1,0.0482866043613707,0,1,0.573770491803279,0.687296416938111,1,0.0542264752791069,0.303656597774245,1,0.307073954983923,1,0.694488188976378,1,0.304761904761905,0.314785373608903,0.304552590266876,1,0.319047619047619,1,0.490625,1,0.306946688206785,0.299684542586751,0.308892355694228,0.303317535545024,0.484025559105431,0.998397435897436,0.315707620528771,0.309446254071661,1,0.300314465408805,1,1,0.322932917316693,0.536434108527132,1,0.308064516129032,1,0.04375,1,0.30625,0.684129429892142,0.318681318681319,0.932692307692308,0.421311475409836,0.0993589743589744,0.0944,1,1,0.322115384615385,1,0.315384615384615,1,0.806552262090484,1,0.310289389067524,1,1,1,1,0.318327974276527,1,0.308306709265176,0.2515625,1,0.304278922345483,1,0.294770206022187,0.0850722311396469,1,0.309178743961353,1,1,1,0.322784810126582,1,0.317230273752013,1,0.296,1,0.313915857605178,0.0722135007849294,1,0.64367816091954,1,1,0.311216429699842,1,1,1,1,0.308681672025723,0.302034428794992,1,0.998427672955975,0.300787401574803,0.294498381877023,1,0.446909667194929,0.674809160305344,0,0.315286624203822,0.678855325914149,1,0.314241486068111,1,0.9984375,1,0.316358024691358,0.318461538461538,0.320907617504052,1,1,1,0,1,0.298412698412698,0.971563981042654,0.314935064935065,0.29746835443038,0.762204724409449,1,1,1,1,1,0.0435458786936236,0.308426073131955,0.315457413249211,1,0.695238095238095,1,1,1,0.998444790046656,1,1,0.004739336492891,0.313572542901716,1,0.301458670988655,1,0.288401253918495,1,1,1,1,1,0.317535545023697,1,0.509615384615385,0.3072,0.324534161490683,0.302737520128824,0.3136,0.324281150159744,0.405492730210016,0.319182389937107,0.312698412698413,0.304347826086957,1,0.312,1,0.701078582434515,0.309262166405024,0.304482225656878,0.321486268174475,1,1,1,0.257188498402556,0.308777429467085,1,0.303370786516854,0.319875776397516,0.307324840764331,0.312302839116719,0.683881064162754,1,0.318252730109204,0.301302931596091,1,0.285245901639344,1,0.303125,0.305511811023622,1,1,1,0.538709677419355,1,0.696343402225755,0.0812883435582822,0.310725552050473,1,1,0.095679012345679,0.325434439178515,0.3125,1,1,0.295527156549521,0.0267295597484277,0.0032626427406199,1,1,0.328220858895706,0.998397435897436,1,0.303459119496855,1,1,0.311811023622047,1,1,1,1,0.320907617504052,0.304147465437788,0.324104234527687,1,1,0.680314960629921,0.304552590266876,1,0.307931570762053,0.298107255520505,1,1,0.998430141287284,1,1,0.317535545023697,1,1,0.103448275862069,0.323343848580442,0.480252764612954,0.311111111111111,0.679873217115689,0.304821150855365,1,0.303225806451613,0.33015873015873,0.25585023400936,0.3109375,1,0.322530864197531,1,1,1,0.302066772655008,0.316358024691358,0.998432601880878,0.919672131147541,0.0646203554119548,1,0.3056,0.310897435897436,0.304140127388535,1,0.322884012539185,0.4736,0.318110236220472,0.302250803858521,0.306688417618271,0.296296296296296,1,0.315873015873016,1,1,0,1,0.313694267515924,1,1,1,0.322169059011164,1,0.302737520128824,1,0.847244094488189,1,1,1,0.308056872037915,1,1,0.303937007874016,0.307936507936508,1,1,0.301109350237718,0.182098765432099,1,0.998420221169036,1,0,0.304700162074554,1,0.303125,0.251602564102564,1,0.690292758089368,0.422955974842767,1,1,0.682779456193353,0.713831478537361,0.332283464566929,1,0.309033280507132,1,1,0.320450885668277,1,0.998412698412698,0.00950871632329636,0.323151125401929,1,1,0.314102564102564,1,1,0.296178343949045,0.329738058551618,1,1,1,0.519685039370079,0.300632911392405,0.337579617834395,0.311349693251534,0.319620253164557,0.698387096774194,0.321372854914197,0.309904153354633,0.307098765432099,0.232484076433121,0.30983606557377,1,0.30625,0.998410174880763,0.3046875,0.0868217054263566,0.050314465408805,1,1,0.0407523510971787,1,0.684782608695652,0.043338683788122,0.0125984251968504,1,0.686804451510334,1,1,0.528662420382166,1,0,0.0725806451612903,1,1,1,0.314606741573034,0.656488549618321,0.703459637561779,0.992260061919505,1,0.982785602503912,0.295886075949367,0.333333333333333,1,0.290584415584416,1,0.3648,0.102439024390244,0.300314465408805,0.311349693251534,0.332775919732441,1,0.0804953560371517,1,1,1,0.248847926267281,0.317741935483871,1,0.314285714285714,1,1,0.302795031055901,1,0.317557251908397,1,0.303370786516854,0.309791332263242,1,0.69047619047619,0.304821150855365,1,0.3072,0.761526232114467,0.303265940902022,0.158227848101266,0.321928460342146,0.773015873015873,0.299363057324841,1,0.316455696202532,0.337984496124031,0.288188976377953,1,1,1,0.968595041322314,0.348258706467662,1,0.315359477124183,1,0.306156405990017,0.30564263322884,1,1,1,0.917981072555205,1,0.305164319248826,0.31104199066874,1,1,0.0547504025764895,0.0789049919484702,1,1,0.307060755336617,1,1,0.303174603174603,1,1,0.691455696202532,0.536891679748823,1,0,1,1,0.0971786833855799,0.314785373608903,1,0.313001605136437,0.99837925445705,0.962962962962963,0.998387096774194,0.825949367088608,1,0.324104234527687,1,1,1,0,0.301794453507341,1,1,0.681318681318681,1,0.30829420970266,0.355590062111801,0.314285714285714,1,1,1,0.0865533230293663,0.300476947535771,0.0907617504051864,0.998394863563403,0.305164319248826,0.308176100628931,0.339089481946625,0,1,0.957142857142857,1,1,0.315112540192926,0.300763358778626,0.167471819645733,0.0401929260450161,0.313084112149533,0.302737520128824,0.317034700315457,0.00164473684210526,0.299212598425197,1,0,0.316614420062696,1,1,1,0.308661417322835,0.316030534351145,0.0345394736842105,1,0.307692307692308,0.299065420560748,1,1,0.305732484076433,0.703826955074875,1,1,0.693290734824281,1,0.297805642633229,1,0.30379746835443,0.539906103286385,0.67817896389325,0.397534668721109,1,0.290372670807453,0.306853582554517,0.687898089171974,0.678125,1,0.31974921630094,1,0.309090909090909,1,0.316045380875203,0.303858520900322,0.34775641025641,0.516329704510109,0.308186195826645,0.301587301587302,0.673566878980892,0.313479623824451,0.145,1,0,1,0.28892455858748,1,0,0.310897435897436,0.304838709677419,1,0.0566615620214395,1,0.0842607313195548,0.330065359477124,1,0.0652866242038217,0.682615629984051,1,1,1,0.295269168026101,0.0418604651162791,1,0.41471048513302,0.090032154340836,0.34984520123839,0.315132605304212,0.3140625,1,1,1,1,1,0.0629800307219662,0.996923076923077,0.698587127158556,0.00457317073170732,0.32093023255814,1,1,1,1,0.080824088748019,0.3,1,1,1,1,1,1,0.494539781591264,0.00158982511923688,1,0.0807453416149068,0.314553990610329,0.4446227929374,1,0.388978930307942,0.30278232405892,0.2992,1,0.0393700787401575,0.308056872037915,1,1,0.364227642276423,0.303599374021909,0.301587301587302,0.305785123966942,0.998454404945904,0.317384370015949,0.308544303797468,0.409967845659164,0.307692307692308,0.975077881619938,0.3046875,0.0826580226904376,0.316614420062696,0,1,0.0854838709677419,0.30064308681672,0.310344827586207,0.306709265175719,1,1,1,1,1,1,0.318032786885246,1,0.308186195826645,0.301824212271973,0.594637223974763,0.691573926868045,1,1,0,0.308527131782946,0.115689381933439,0.998463901689708,0.0335463258785942,1,1,0.309636650868878,1,1,0.6128,0.411092985318108,0.996992481203008,0.0779220779220779,0.0944625407166124,1,1,1,0.0866141732283465,0,0.311627906976744,0.419457735247209,0.309230769230769,0,0.315533980582524,0.0854430379746835,1,1,0.3125,0.305379746835443,0.230645161290323,0.326860841423948,0.309597523219814,0.310725552050473,1,1,0.315619967793881,1,0,1,0.21875,1,0.673946957878315,1,0.306962025316456,0.3042071197411,0.0706436420722135,0.688854489164087,1,1,0.804173354735153,0.892384105960265,0.308306709265176,0.306089743589744,1,0.313099041533546,0.256,0.311897106109325,1,0.0992125984251968,1,1,0.306962025316456,0.69047619047619,0.301765650080257,1,1,0.301261829652997,0.3,0.305426356589147,0.84789644012945,0.304065040650407,1,0.0569230769230769,1,1,0.7109375,0.652380952380952,0.315,0.0555555555555556,0.308186195826645,1,1,0.300319488817891,0.315873015873016,0.626182965299685,1,0.301916932907348,0.370892018779343,0.298136645962733,0.98125,0.479032258064516,0.004739336492891,0.293478260869565,0.312883435582822,0.31810766721044,0.309719934102142,0.307210031347962,0.971786833855799,1,0.305863708399366,0.549248747913189,0.698083067092652,0.231839258114374,0.687919463087248,1,0.309859154929577,0.00158982511923688,0.324367088607595,0.30503144654088,0.353312302839117,0.312399355877617,0,0.328571428571429,0.305825242718447,0.324237560192616,0.307692307692308
"283",1,1,1,1,1,1,0.703459637561779,1,1,0.1,1,0.0473933649289099,0.821829855537721,1,0.321428571428571,0.312,0.0697305863708399,0.685524126455907,1,1,0.297297297297297,0.310855263157895,1,0.158478605388273,1,0.330173775671406,0.318627450980392,1,1,0.780687397708674,0.311811023622047,0.731012658227848,0.967948717948718,0.314194577352472,0,1,0.534700315457413,1,0.309486780715397,1,0.659127625201939,0.677215189873418,0.693396226415094,1,1,0.323432343234323,0.316558441558442,0.312796208530806,0.323296354992076,0.325396825396825,0,1,0.310236220472441,1,1,0.502439024390244,0.558441558441558,1,1,1,0.341732283464567,0.320634920634921,0.3168,0.675850891410049,1,1,0.0391517128874388,1,0.0590062111801242,0.32348367029549,1,0.323763955342903,0.32843137254902,0.965909090909091,0.511961722488038,1,0.309294871794872,0.338072669826224,1,0.32013201320132,0.0885245901639344,0.333333333333333,0.332797427652733,1,0.350877192982456,1,1,1,1,0.684713375796178,1,1,0,0.106687898089172,1,0.0482866043613707,0,1,0.558677685950413,0.66884176182708,1,0.0565428109854604,0.317152103559871,1,0.320126782884311,1,0.681818181818182,1,0.318327974276527,0.317230273752013,0.326984126984127,1,0.32753164556962,1,0.487460815047022,1,0.312101910828025,0.297253634894992,0.331775700934579,0.316993464052288,0.474763406940063,0.998432601880878,0.3296875,0.318255250403877,1,0.307814992025518,1,1,0.325242718446602,0.551617873651772,1,0.314785373608903,1,0.0461538461538462,1,0.31733746130031,0.672496025437202,0.331189710610932,0.930379746835443,0.438625204582651,0.104669887278583,0.0979133226324237,1,1,0.3328,1,0.321981424148607,1,0.807266982622433,1,0.322632423756019,1,1,1,1,0.339116719242902,1,0.323101777059774,0.255961844197138,1,0.316279069767442,1,0.310897435897436,0.0882825040128411,1,0.317589576547231,1,1,1,0.346092503987241,1,0.329032258064516,1,0.313001605136437,1,0.323624595469256,0.0776545166402536,1,0.631666666666667,1,1,0.313001605136437,1,1,1,1,0.3354943273906,0.317683881064163,1,0.998405103668262,0.31832298136646,0.310679611650485,1,0.449206349206349,0.665130568356375,0,0.329113924050633,0.661367249602544,1,0.321144674085851,1,0.998447204968944,1,0.318979266347687,0.324534161490683,0.333878887070376,1,1,1,0,1,0.315447154471545,0.97588424437299,0.326892109500805,0.315789473684211,0.755233494363929,1,1,1,1,1,0.0445151033386327,0.32475884244373,0.332278481012658,1,0.674121405750799,1,1,0.998397435897436,0.9984,1,1,0.00159235668789809,0.316118935837246,1,0.312703583061889,1,0.307570977917981,1,1,1,1,1,0.326498422712934,1,0.514657980456026,0.327476038338658,0.331230283911672,0.316639741518578,0.325806451612903,0.338762214983713,0.4281098546042,0.330128205128205,0.320063694267516,0.317965023847377,1,0.325320512820513,1,0.6859375,0.318037974683544,0.309707241910632,0.342948717948718,1,1,1,0.257142857142857,0.314102564102564,1,0.323151125401929,0.332298136645963,0.315286624203822,0.323809523809524,0.671497584541063,1,0.327102803738318,0.316720257234727,1,0.301164725457571,1,0.316692667706708,0.315024232633279,1,1,1,0.543269230769231,1,0.680713128038898,0.0829420970266041,0.325878594249201,1,1,0.097331240188383,0.329093799682035,0.328407224958949,1,1,0.309262166405024,0.0253968253968254,0.0016260162601626,1,1,0.343213728549142,0.998387096774194,1,0.315955766192733,1,1,0.317610062893082,1,1,1,1,0.329073482428115,0.310452418096724,0.328968903436989,1,1,0.663536776212833,0.318910256410256,1,0.324492979719189,0.311897106109325,1,1,0.998405103668262,1,1,0.325878594249201,1,1,0.11038961038961,0.344992050874404,0.493589743589744,0.3168,0.674050632911392,0.317965023847377,1,0.315024232633279,0.330658105939005,0.247634069400631,0.328616352201258,1,0.3296875,1,1,1,0.320512820512821,0.325038880248834,0.998412698412698,0.921052631578947,0.064,1,0.311605723370429,0.32794830371567,0.315533980582524,1,0.330232558139535,0.471246006389776,0.325984251968504,0.315533980582524,0.324013157894737,0.314606741573034,1,0.324281150159744,1,1,0,1,0.322632423756019,1,1,1,0.334943639291465,1,0.312602291325696,1,0.834130781499203,1,1,1,0.320695102685624,1,1,0.31687898089172,0.319554848966614,1,1,0.32,0.177847113884555,1,0.998430141287284,1,0,0.311897106109325,1,0.315372424722662,0.2448,1,0.67032967032967,0.437598736176935,1,1,0.66412213740458,0.70253164556962,0.351219512195122,1,0.328050713153724,1,1,0.332807570977918,1,0.998355263157895,0.00480769230769231,0.325914149443561,1,1,0.328455284552846,1,1,0.307060755336617,0.346031746031746,1,1,1,0.52931854199683,0.314102564102564,0.355769230769231,0.319508448540707,0.33489827856025,0.688,0.328548644338118,0.333868378812199,0.322981366459627,0.237942122186495,0.316211878009631,1,0.327639751552795,0.998410174880763,0.325914149443561,0.0882352941176471,0.0522151898734177,1,1,0.0418006430868167,1,0.68062015503876,0.0428571428571429,0.008,1,0.677725118483412,1,1,0.544283413848631,1,0,0.0766721044045677,1,1,1,0.329545454545455,0.645990922844175,0.694942903752039,0.998422712933754,1,0.985804416403785,0.316455696202532,0.337579617834395,1,0.304560260586319,1,0.375601926163724,0.104234527687296,0.309748427672956,0.324074074074074,0.343383584589615,1,0.0806201550387597,1,1,1,0.253543307086614,0.3278955954323,1,0.324237560192616,1,1,0.310452418096724,1,0.324492979719189,1,0.310679611650485,0.323763955342903,1,0.673633440514469,0.31839258114374,1,0.310679611650485,0.769352290679305,0.319685039370079,0.163009404388715,0.324655436447167,0.772151898734177,0.3125,1,0.3248,0.341121495327103,0.290271132376396,1,1,1,0.97029702970297,0.341666666666667,1,0.327332242225859,1,0.320066334991708,0.325508607198748,1,1,1,0.919175911251981,1,0.318110236220472,0.320574162679426,1,1,0.0505709624796085,0.0798722044728434,1,1,0.3125,1,1,0.313195548489666,1,1,0.67515923566879,0.533018867924528,1,0,1,1,0.1015625,0.330670926517572,1,0.320126782884311,0.998392282958199,0.964343598055105,0.998381877022654,0.828346456692913,1,0.327841845140033,1,1,1,0,0.312396694214876,1,1,0.667194928684628,1,0.319422150882825,0.371835443037975,0.324921135646688,1,1,1,0.0927357032457496,0.32258064516129,0.0941558441558442,0.998397435897436,0.315372424722662,0.312401883830455,0.357030015797788,0,1,0.957142857142857,1,1,0.32695374800638,0.308661417322835,0.153846153846154,0.0407166123778502,0.32475884244373,0.311320754716981,0.334913112164297,0,0.314102564102564,1,0,0.319182389937107,1,1,1,0.320063694267516,0.326594090202177,0.0361842105263158,1,0.318910256410256,0.308411214953271,1,1,0.320325203252033,0.68561872909699,1,1,0.684552845528455,1,0.313880126182965,1,0.317230273752013,0.520569620253165,0.660406885758998,0.417054263565891,1,0.298578199052133,0.317965023847377,0.679365079365079,0.661442006269592,1,0.328593996840442,1,0.325581395348837,1,0.32794830371567,0.315619967793881,0.359550561797753,0.535657686212361,0.323248407643312,0.308562197092084,0.6608,0.320754716981132,0.152941176470588,1,0,1,0.301282051282051,1,0,0.321086261980831,0.315955766192733,1,0.0573643410852713,1,0.0869565217391304,0.340764331210191,1,0.0682539682539682,0.668261562998405,1,1,1,0.315447154471545,0.0394944707740916,1,0.430894308943089,0.0974025974025974,0.356357927786499,0.326530612244898,0.32398753894081,1,1,1,1,1,0.0668740279937792,0.995253164556962,0.68370607028754,0.00153846153846154,0.321086261980831,1,1,1,1,0.0869565217391304,0.316614420062696,1,1,1,1,1,1,0.492890995260663,0,1,0.0854430379746835,0.326018808777429,0.438985736925515,1,0.398387096774194,0.32183908045977,0.314102564102564,1,0.0410742496050553,0.325984251968504,1,1,0.37156704361874,0.311912225705329,0.315286624203822,0.320066334991708,0.998417721518987,0.328990228013029,0.323763955342903,0.418940609951846,0.314935064935065,0.96875,0.312989045383412,0.0852090032154341,0.333855799373041,0,1,0.0922330097087379,0.315112540192926,0.319488817891374,0.317589576547231,1,1,1,1,1,1,0.33768352365416,1,0.3125,0.327731092436975,0.602523659305994,0.67699836867863,1,1,0,0.31937984496124,0.121794871794872,0.998468606431853,0.037037037037037,1,1,0.322632423756019,1,1,0.625407166123778,0.419407894736842,0.995426829268293,0.0803858520900322,0.100977198697068,1,1,1,0.087719298245614,0,0.31974921630094,0.420382165605096,0.318611987381703,0,0.333878887070376,0.0919354838709677,1,1,0.332283464566929,0.321711568938193,0.235668789808917,0.339901477832512,0.320373250388802,0.328616352201258,1,1,0.336,1,0,1,0.211974110032362,1,0.671383647798742,1,0.320574162679426,0.316045380875203,0.0770440251572327,0.675507020280811,1,1,0.783521809369952,0.902960526315789,0.318770226537217,0.32794830371567,1,0.319935691318328,0.246006389776358,0.330578512396694,1,0.103875968992248,1,1,0.319047619047619,0.679092382495948,0.313408723747981,1,1,0.307332293291732,0.312903225806452,0.325617283950617,0.860927152317881,0.315112540192926,1,0.054773082942097,1,1,0.69377990430622,0.637958532695375,0.32183908045977,0.0575079872204473,0.330128205128205,1,1,0.316720257234727,0.329581993569132,0.62992125984252,1,0.314873417721519,0.380434782608696,0.30829420970266,0.984202211690363,0.468292682926829,0.00158982511923688,0.311605723370429,0.327073552425665,0.341935483870968,0.318910256410256,0.320872274143302,0.971786833855799,1,0.323854660347551,0.547420965058236,0.671544715447154,0.232114467408585,0.67816091954023,1,0.325471698113208,0.0032258064516129,0.333860759493671,0.314785373608903,0.374803149606299,0.325358851674641,0,0.342313787638669,0.32137030995106,0.3248,0.31687898089172
"284",1,1,1,1,1,1,0.719101123595506,1,1,0.101910828025478,1,0.0460122699386503,0.8112,1,0.301109350237718,0.287735849056604,0.0657492354740061,0.703703703703704,1,1,0.271585557299843,0.290220820189274,1,0.157320872274143,1,0.304821150855365,0.296,1,1,0.777952755905512,0.289719626168224,0.719188767550702,0.96319018404908,0.3,0,1,0.556426332288401,1,0.277862595419847,1,0.68380062305296,0.699074074074074,0.703363914373089,1,1,0.297906602254428,0.294392523364486,0.293313069908815,0.307219662058372,0.301857585139319,0,1,0.293129770992366,1,1,0.475279106858054,0.580696202531646,1,1,1,0.316923076923077,0.304075235109718,0.296411856474259,0.699530516431925,1,1,0.0361635220125786,1,0.0584707646176912,0.306525037936267,1,0.297213622291022,0.30622009569378,0.965909090909091,0.530046224961479,1,0.291021671826625,0.320061255742726,1,0.298869143780291,0.0858505564387917,0.309636650868878,0.311912225705329,1,0.326053042121685,1,1,1,1,0.714064914992272,1,1,0.0015552099533437,0.108695652173913,1,0.0487804878048781,0,1,0.579804560260586,0.693877551020408,1,0.0520504731861199,0.294025157232704,1,0.297339593114241,1,0.704791344667697,1,0.30564263322884,0.302034428794992,0.303405572755418,1,0.309341500765697,1,0.509833585476551,1,0.296124031007752,0.306027820710974,0.303625377643505,0.295055821371611,0.498427672955975,0.998432601880878,0.301684532924962,0.302737520128824,1,0.291217257318952,1,1,0.339035769828927,0.529770992366412,1,0.302507836990596,1,0.043609022556391,1,0.295839753466872,0.696400625978091,0.312111801242236,0.928348909657321,0.414556962025316,0.107255520504732,0.0993788819875776,1,1,0.311216429699842,1,0.300455235204856,1,0.799382716049383,1,0.307448494453249,1,1,1,1,0.312202852614897,1,0.301765650080257,0.265745007680492,1,0.295489891135303,1,0.281004709576138,0.0843949044585987,1,0.29559748427673,1,1,1,0.323943661971831,1,0.317384370015949,1,0.28416149068323,1,0.303125,0.0747663551401869,1,0.654281098546042,1,1,0.29874213836478,1,1,1,1,0.305993690851735,0.286594761171032,1,0.998442367601246,0.298921417565485,0.290015847860539,1,0.457231726283048,0.678733031674208,0,0.295489891135303,0.686821705426357,1,0.303405572755418,1,0.998461538461539,1,0.298136645962733,0.302752293577982,0.304,1,1,1,0,1,0.291993720565149,0.970496894409938,0.305164319248826,0.29375,0.755868544600939,1,1,1,1,1,0.0455259026687598,0.303459119496855,0.302469135802469,1,0.698630136986301,1,1,0.998447204968944,0.998447204968944,1,1,0.00312989045383412,0.331797235023041,1,0.29874213836478,1,0.287480680061824,1,1,1,1,1,0.303459119496855,1,0.49047619047619,0.317829457364341,0.308166409861325,0.2921875,0.306376360808709,0.315541601255887,0.40809968847352,0.313178294573643,0.297380585516179,0.292117465224111,1,0.301538461538462,1,0.706870229007634,0.303599374021909,0.321044546850998,0.315286624203822,1,1,1,0.267405063291139,0.289269051321928,1,0.306962025316456,0.305007587253414,0.296062992125984,0.304747320061256,0.697965571205008,1,0.301829268292683,0.294952681388013,1,0.274760383386581,1,0.294117647058824,0.303459119496855,1,1,1,0.553822152886115,1,0.70735524256651,0.0830815709969789,0.301538461538462,1,1,0.0952380952380952,0.300462249614792,0.308426073131955,1,1,0.285496183206107,0.0249221183800623,0.00159744408945687,1,1,0.320552147239264,0.998422712933754,1,0.283950617283951,1,1,0.294952681388013,1,1,1,1,0.308527131782946,0.293759512937595,0.307324840764331,1,1,0.686064318529862,0.300925925925926,1,0.302891933028919,0.288854003139717,1,1,0.998463901689708,1,1,0.30188679245283,1,1,0.112540192926045,0.303215926493109,0.468553459119497,0.28892455858748,0.696400625978091,0.298600311041991,1,0.299050632911392,0.314785373608903,0.266975308641975,0.304347826086957,1,0.306278713629403,1,1,1,0.296583850931677,0.296686746987952,0.998427672955975,0.929260450160772,0.0650793650793651,1,0.297839506172839,0.294303797468354,0.2928,1,0.311145510835913,0.486024844720497,0.305295950155763,0.283513097072419,0.2912,0.289514866979656,1,0.301587301587302,1,1,0,1,0.305772230889236,1,1,1,0.315955766192733,1,0.296825396825397,1,0.828703703703704,1,1,1,0.294298921417565,1,1,0.294117647058824,0.294209702660407,1,1,0.297213622291022,0.190108191653787,1,0.998468606431853,1,0,0.285714285714286,1,0.293291731669267,0.250793650793651,1,0.694835680751174,0.423076923076923,1,1,0.692537313432836,0.718944099378882,0.326465927099842,1,0.304075235109718,1,1,0.315789473684211,1,0.998415213946117,0.0062015503875969,0.30568356374808,1,1,0.309148264984227,1,1,0.29595015576324,0.344135802469136,1,1,1,0.505392912172573,0.286833855799373,0.322274881516588,0.295795795795796,0.312210200927357,0.70735524256651,0.308411214953271,0.313971742543171,0.294117647058824,0.246056782334385,0.30016051364366,1,0.302147239263804,0.998435054773083,0.3,0.0835866261398176,0.0498442367601246,1,1,0.0422535211267606,1,0.704268292682927,0.0419906687402799,0.0109546165884194,1,0.702194357366771,1,1,0.530612244897959,1,0,0.0721153846153846,1,1,1,0.303174603174603,0.666172106824926,0.712903225806452,0.993855606758833,1,0.981191222570533,0.290372670807453,0.350237717908082,1,0.282780410742496,1,0.350387596899225,0.106858054226475,0.284603421461897,0.305936073059361,0.313333333333333,1,0.0781010719754977,1,1,1,0.267175572519084,0.305379746835443,1,0.297213622291022,1,1,0.286363636363636,1,0.311844077961019,1,0.290679304897314,0.30298273155416,1,0.695178849144635,0.295352323838081,1,0.294670846394984,0.752721617418352,0.29483282674772,0.159442724458204,0.298484848484848,0.758887171561051,0.290064102564103,1,0.304953560371517,0.321538461538462,0.277182235834609,1,1,1,0.969305331179321,0.348684210526316,1,0.302694136291601,1,0.308319738988581,0.30521472392638,1,1,1,0.921383647798742,1,0.294478527607362,0.302325581395349,1,1,0.0521327014218009,0.0772870662460568,1,1,0.299373040752351,1,1,0.293929712460064,1,1,0.688575899843505,0.548484848484848,1,0,1,1,0.105182926829268,0.306027820710974,1,0.303599374021909,0.998449612403101,0.963607594936709,0.998439937597504,0.813084112149533,1,0.308176100628931,1,1,1,0,0.2944,1,1,0.687010954616588,1,0.299382716049383,0.345146379044684,0.300940438871473,1,1,1,0.0914728682170543,0.298887122416534,0.0900473933649289,0.998439937597504,0.288956127080182,0.289473684210526,0.339506172839506,0,1,0.958074534161491,1,1,0.305111821086262,0.284178187403994,0.156549520766773,0.0404354587869362,0.2984375,0.28902627511592,0.308527131782946,0.00156985871271586,0.298600311041991,1,0,0.296923076923077,1,1,1,0.298461538461538,0.299847792998478,0.0408496732026144,1,0.302180685358255,0.288549618320611,1,1,0.298600311041991,0.711038961038961,1,1,0.705790297339593,1,0.294027565084227,1,0.294573643410853,0.542901716068643,0.687211093990755,0.392424242424242,1,0.286149162861492,0.290571870170015,0.698289269051322,0.688751926040062,1,0.305084745762712,1,0.308510638297872,1,0.302652106084243,0.296062992125984,0.335433070866142,0.504643962848297,0.296,0.293375394321767,0.680817610062893,0.296803652968037,0.154471544715447,1,0,1,0.274167987321712,1,0,0.299373040752351,0.303317535545024,1,0.0598159509202454,1,0.0907668231611894,0.319685039370079,1,0.0661538461538462,0.68621236133122,1,1,1,0.2976,0.0380517503805175,1,0.4109375,0.0995184590690209,0.334346504559271,0.30640243902439,0.304878048780488,1,1,1,1,1,0.0682852807283763,0.998459167950693,0.697819314641745,0.003003003003003,0.30757341576507,1,1,1,1,0.0902021772939347,0.294207317073171,1,1,1,1,1,1,0.501543209876543,0.00157232704402516,1,0.0832072617246596,0.301684532924962,0.448598130841121,1,0.3744,0.296116504854369,0.288819875776398,1,0.0424528301886792,0.302469135802469,1,1,0.353130016051364,0.291217257318952,0.29320987654321,0.303514376996805,0.998463901689708,0.310725552050473,0.303875968992248,0.400318979266348,0.299843014128728,0.973684210526316,0.290715372907154,0.0864,0.310452418096724,0,1,0.0900473933649289,0.292913385826772,0.294670846394984,0.304278922345483,1,1,1,1,1,1,0.310897435897436,1,0.298904538341158,0.289297658862876,0.602167182662539,0.698907956318253,1,1,0,0.293051359516616,0.117924528301887,0.998480243161094,0.0348101265822785,1,1,0.300787401574803,1,1,0.616954474097331,0.401913875598086,0.998509687034277,0.0800627943485086,0.102848101265823,1,1,1,0.0868878357030016,0,0.291666666666667,0.409657320872274,0.297380585516179,0,0.30952380952381,0.0857142857142857,1,1,0.306027820710974,0.29601226993865,0.247278382581649,0.315457413249211,0.293394777265745,0.308166409861325,1,1,0.309636650868878,1,0,1,0.229329173166927,1,0.690031152647975,1,0.296124031007752,0.282131661442006,0.0784929356357928,0.704097116843703,1,1,0.800940438871473,0.901587301587302,0.302694136291601,0.295819935691318,1,0.300155520995334,0.267605633802817,0.307692307692308,1,0.105426356589147,1,1,0.302652106084243,0.692307692307692,0.300787401574803,1,1,0.291925465838509,0.282170542635659,0.306525037936267,0.847376788553259,0.299843014128728,1,0.0570107858243451,1,1,0.712732919254658,0.66510172143975,0.302547770700637,0.0543478260869565,0.302652106084243,1,1,0.289968652037618,0.312302839116719,0.644305772230889,1,0.288343558282209,0.355623100303951,0.293478260869565,0.984544049459042,0.496835443037975,0.00461538461538462,0.282407407407407,0.30521472392638,0.304278922345483,0.300155520995334,0.306525037936267,0.969604863221885,1,0.292117465224111,0.572347266881029,0.69969040247678,0.23943661971831,0.696141479099678,1,0.302362204724409,0.00314465408805031,0.303875968992248,0.301684532924962,0.343167701863354,0.302839116719243,0,0.315301391035549,0.299050632911392,0.310344827586207,0.292993630573248
"285",0.557165861513688,0.53343701399689,0.543778801843318,0.522082018927445,0.544186046511628,0.547546012269939,0.843393148450245,0.531347962382445,0.547169811320755,0.577170418006431,0.545595054095827,0.507739938080495,0.333865814696486,0.540284360189573,0.150793650793651,0.154330708661417,0.535987748851455,0.858766233766234,0.541009463722397,0.54858934169279,0.153726708074534,0.155309033280507,0.543076923076923,0.628304821150855,0.561349693251534,0.143079315707621,0.148562300319489,0.525121555915721,0.556414219474498,0.323296354992076,0.164319248826291,0.255451713395639,0.482334869431644,0.14576802507837,0.477917981072555,0.542949756888169,0.9890625,0.524105754276827,0.145705521472393,0.552147239263804,0.869291338582677,0.858255451713396,0.856702619414484,0.529968454258675,0.525477707006369,0.141463414634146,0.145996860282575,0.149460708782743,0.160493827160494,0.141965678627145,0.461059190031153,0.541062801932367,0.15968992248062,0.543443917851501,0.551987767584098,0.0729001584786054,0.980922098569157,0.530805687203792,0.551617873651772,0.531645569620253,0.145510835913313,0.147151898734177,0.15689381933439,0.86697965571205,0.5504,0.5484375,0.493730407523511,0.536277602523659,0.53951367781155,0.149230769230769,0.535101404056162,0.1484375,0.148969889064976,0.579872204472843,1,0.546564885496183,0.151001540832049,0.133333333333333,0.530674846625767,0.149425287356322,0.559677419354839,0.142405063291139,0.157728706624606,0.533646322378717,0.130298273155416,0.536098310291859,0.5472,0.522222222222222,0.526479750778816,0.846875,0.542857142857143,0.545592705167173,0.466353677621283,0.559139784946237,0.538087520259319,0.515432098765432,0.451713395638629,0.536050156739812,0.983739837398374,0.862179487179487,0.539657853810264,0.5328125,0.15748031496063,0.543269230769231,0.147487844408428,0.541341653666147,0.856702619414484,0.553968253968254,0.143081761006289,0.148499210110585,0.155864197530864,0.53416149068323,0.142201834862385,0.536891679748823,0.967391304347826,0.549467275494673,0.151898734177215,0.770769230769231,0.144409937888199,0.142630744849445,0.966824644549763,0.546165884194053,0.153125,0.146919431279621,0.531782945736434,0.15541601255887,0.543674698795181,0.546153846153846,0.796557120500782,0.397239263803681,0.541734860883797,0.157051282051282,0.556270096463023,0.513432835820895,0.544283413848631,0.136085626911315,0.864696734059098,0.147798742138365,0.465732087227414,0.27491961414791,0.570300157977883,0.552547770700637,0.544600938967136,0.543269230769231,0.146189735614308,0.556782334384858,0.146118721461187,0.541341653666147,0.341984732824427,0.544207317073171,0.1456,0.555555555555556,0.54416403785489,0.552715654952077,0.531545741324921,0.132605304212168,0.548286604361371,0.1472,0.713622291021672,0.540832049306626,0.155864197530864,0.556240369799692,0.16031746031746,0.553968253968254,0.538216560509554,0.1408,0.547433903576983,0.5359375,0.535101404056162,0.152542372881356,0.546603475513428,0.144200626959248,0.540284360189573,0.141509433962264,0.533762057877814,0.145800316957211,0.556414219474498,0.550231839258114,0.895595432300163,0.548335974643423,0.541471048513302,0.14785373608903,0.549844236760125,0.53015873015873,0.546439628482972,0.540498442367601,0.143307086614173,0.155384615384615,0.533333333333333,0.537124802527646,0.144409937888199,0.156985871271586,0.536434108527132,0.918110236220472,0.864583333333333,0.44392523364486,0.146417445482866,0.855555555555556,0.535211267605634,0.144615384615385,0.545310015898251,0.544049459041731,0.540958268933539,0.159375,0.158878504672897,0.154952076677316,0.53951367781155,0.55111821086262,0.537854889589905,0.462157809983897,0.55205047318612,0.145367412140575,0.504807692307692,0.141045958795563,0.137440758293839,0.723704866562009,0.529968454258675,0.534668721109399,0.528951486697966,0.548286604361371,0.543689320388349,0.514866979655712,0.151273885350318,0.154907975460123,0.53858024691358,0.856049004594181,0.533536585365854,0.537065052950076,0.54773082942097,0.53953488372093,0.556782334384858,0.523219814241486,0.440809968847352,0.803738317757009,0.534562211981567,0.148264984227129,0.536741214057508,0.143081761006289,0.542635658914729,0.535031847133758,0.538950715421304,0.5248,0.547811993517018,0.140600315955766,0.54320987654321,0.0525477707006369,0.140127388535032,0.152886115444618,0.148562300319489,0.156398104265403,0.159489633173844,0.2688,0.146153846153846,0.130914826498423,0.15251572327044,0.556067588325653,0.149765990639626,0.53125,0.851851851851852,0.14622641509434,0.781874039938556,0.148089171974522,0.537854889589905,0.522364217252396,0.543035993740219,0.735015772870662,0.155763239875389,0.529051987767584,0.153726708074534,0.164133738601824,0.143081761006289,0.14900153609831,0.856697819314642,0.539325842696629,0.1484375,0.150554675118859,0.533018867924528,0.156351791530945,0.53416149068323,0.147692307692308,0.156832298136646,0.538709677419355,0.543269230769231,0.553822152886115,1,0.538950715421304,0.845553822152886,0.566615620214395,0.144427001569859,0.552959501557632,0.529874213836478,0.561430793157076,0.15552099533437,0.130645161290323,0.526570048309179,0.530254777070064,0.158385093167702,0.492913385826772,0.449111470113086,0.553945249597424,0.528455284552846,0.137825421133231,0.542901716068643,0.557401812688822,0.158461538461538,0.5320813771518,0.555038759689922,0.159375,0.548286604361371,0.537124802527646,0.546564885496183,0.540752351097179,0.151326053042122,0.16380655226209,0.152350081037277,0.543035993740219,0.53416149068323,0.854460093896714,0.137984496124031,0.540064102564103,0.146831530139104,0.154574132492114,0.549079754601227,0.525821596244131,0.53858024691358,0.533333333333333,0.539781591263651,0.151181102362205,0.54375,0.552590266875981,0.582258064516129,0.141975308641975,0.313572542901716,0.157142857142857,0.846034214618974,0.150537634408602,0.548238897396631,0.152623211446741,0.14488188976378,0.736111111111111,0.149765990639626,0.535369774919614,0.156346749226006,0.537735849056604,0.543613707165109,0.539877300613497,0.143307086614173,0.158461538461538,0.544186046511628,0.457928802588997,0.542993630573248,0.548956661316212,0.149765990639626,0.148264984227129,0.144904458598726,0.533011272141707,0.149691358024691,0.959119496855346,0.151090342679128,0.146456692913386,0.137540453074434,0.152866242038217,0.53343701399689,0.150316455696203,0.541463414634146,0.536050156739812,0.471228615863142,0.547923322683706,0.143317230273752,0.554517133956386,0.552995391705069,0.529695024077046,0.144215530903328,0.54531490015361,0.143540669856459,0.534775888717156,0.366043613707165,0.557993730407524,0.533653846153846,0.530046224961479,0.161695447409733,0.533541341653666,0.542993630573248,0.148205928237129,0.161490683229814,0.539308176100629,0.540540540540541,0.146189735614308,0.684129429892142,0.541195476575121,0.541538461538462,0.527131782945736,0.45440251572327,0.147435897435897,0.54140127388535,0.155660377358491,0.726984126984127,0.538940809968847,0.849612403100775,0.0474006116207951,0.532385466034755,0.536776212832551,0.862951807228916,0.818897637795276,0.135433070866142,0.544740973312402,0.139498432601881,0.538338658146965,0.539579967689822,0.14968152866242,0.554531490015361,0.544444444444444,0.475894245723173,0.13946117274168,0.5390625,0.523659305993691,0.150470219435737,0.54320987654321,0.539074960127592,0.14756671899529,0.821036106750393,0.542130365659777,0.540123456790123,0.531645569620253,0.0545171339563863,0.147286821705426,0.179527559055118,0.15187969924812,0.149460708782743,0.861685214626391,0.140672782874618,0.138582677165354,0.152647975077882,0.743710691823899,0.146964856230032,0.541795665634675,0.149300155520995,0.534375,0.153125,0.55421686746988,0.51617873651772,0.548686244204019,0.539050535987749,0.514774494556765,0.551219512195122,0.845565749235474,0.520440251572327,0.46422893481717,0.534883720930233,0.859567901234568,0.54858934169279,0.540880503144654,0.404120443740095,0.555382215288612,0.45511811023622,0.565916398713826,0.542319749216301,0.538461538461538,0.564742589703588,0.145539906103286,0.884498480243161,0.84789644012945,0.546850998463902,0.538216560509554,0.510204081632653,0.15,0.820031298904538,0.541085271317829,0.145569620253165,0.549141965678627,0.0951638065522621,0.581358609794629,0.146417445482866,0.147812971342383,0.146864686468647,0.555727554179567,0.543778801843318,0.537519142419602,0.550161812297735,0.5359375,0.734254992319508,0.145569620253165,0.554160125588697,0.150554675118859,0.5488,0.542949756888169,0.15,0.534810126582278,0.151515151515152,0.529133858267717,0.159375,0.151273885350318,0.536209553158706,0.858747993579454,0.154311649016641,0.540785498489426,0.146263910969793,0.307692307692308,0.163608562691131,0.643856920684292,0.14854517611026,0.28169014084507,0.154205607476636,0.534810126582278,0.154205607476636,0.145510835913313,0.16385911179173,0.555382215288612,0.531300160513644,0.541158536585366,0.502407704654896,0.824590163934426,0.548183254344392,0.137763371150729,0.5265625,0.155844155844156,0.153729071537291,0.544753086419753,0.53968253968254,0.526073619631902,0.464788732394366,0.538221528861154,0.156202143950995,0.157975460122699,0.518518518518518,0.518638573743922,0.52931854199683,0.571653543307087,0.544600938967136,0.522620904836194,0.16031746031746,0.5484375,0.549770290964778,0.158307210031348,0.544283413848631,0.540498442367601,0.846394984326019,1,0.527821939586645,0.451708766716196,0.544025157232704,0.532307692307692,0.566153846153846,0.152380952380952,0.538950715421304,0.133858267716535,0.54416403785489,0.511923688394277,0.541864139020537,0.362776025236593,0.547169811320755,0.149350649350649,0.535545023696682,0.538950715421304,0.527733755942948,0.445300462249615,0.160975609756098,0.529032258064516,0.546707503828484,0.858505564387917,0.540498442367601,0.148499210110585,0.105754276827372,0.151090342679128,0.544753086419753,0.529503105590062,0.54675118858954,0.579268292682927,0.148499210110585,0.567961165048544,0.521193092621664,0.16,0.151702786377709,0.120500782472613,0.468553459119497,0.526984126984127,0.489096573208723,0.537383177570093,0.542242703533026,0.146496815286624,0.153609831029186,0.639498432601881,0.520766773162939,0.156739811912226,0.149765990639626,0.152410575427683,0.458860759493671,0.143974960876369,0.529953917050691,0.461538461538462,0.149922720247295,0.525078369905956,0.539556962025316,0.542586750788643,0.140866873065015,0.151468315301391,0.515151515151515,0.5390625,0.164319248826291,0.151001540832049,0.548286604361371,0.552833078101072,0.149136577708006,0.843393148450245,0.535885167464115,0.544303797468354,0.865414710485133,0.541085271317829,0.163551401869159,0.568659127625202,0.150316455696203,0.995384615384615,0.859304084720121,0.256134969325153,0.530421216848674,0.151975683890578,0.140625,0.843076923076923,0.857142857142857,0.533751962323391,0.143740340030912,0.538827258320127,0.154559505409583,0.539074960127592,0.147104851330203,0.145339652448657,0.111811023622047,0.356357927786499,0.146774193548387,0.151757188498403,0.877165354330709,0.152410575427683,0.626817447495961,0.546178343949045,0.474497681607419,0.535276073619632,0.148969889064976,0.552262090483619,0.472049689440994,0.156985871271586,0.148387096774194,0.551669316375199,0.527439024390244,0.529503105590062,0.565286624203822,0.118670886075949,0.516587677725118,0.53343701399689,0.862776025236593,0.536163522012579,0.540752351097179,0.541085271317829,0.146103896103896,0.521604938271605,0.548989113530327,0.0794392523364486,0.559105431309904,0.107858243451464,0.14576802507837,0.147919876733436,0.537984496124031,0.519169329073482,0.552166934189406,0.536050156739812,0.544323483670295,0.536474164133739,0.564615384615385,0.847457627118644,0.463157894736842,0.148031496062992,0.533751962323391,0.552959501557632,0.543831168831169,0.532307692307692,0.55,0.153013910355487,0.528682170542636,0.510971786833856,0.533442088091354,0.544444444444444,0.540031397174254,0.550314465408805,0.972644376899696,0.470873786407767,0.536891679748823,0.551937984496124,0.153605015673981,0.908668730650155,0.54746835443038,0.113964686998395,0.150326797385621,0.153846153846154,0.5375,0.513137557959815,0.148669796557121,0.54,0.544891640866873,0.120253164556962,0.139020537124803,0.140215716486903,0.159163987138264,0.524691358024691,0.150159744408946,0.149068322981366,0.259554140127389,0.149606299212598,0.497674418604651,0.14567526555387,0.565217391304348,0.151658767772512,0.468412942989214,0.549206349206349,0.54066985645933,0.154952076677316,0.154574132492114,0.136291600633914,0.531490015360983,0.528771384136858,0.540322580645161,0.5296875,0.544871794871795,0.536624203821656,0.12924071082391,0.55868544600939,0.149842271293375,0.137353433835846,0.419207317073171,0.85024154589372,0.543778801843318,0.55188679245283,0.468315301391036,0.148036253776435,0.5921875,0.529680365296804,0.502377179080824,0.550955414012739,0.549019607843137,0.137440758293839,0.551669316375199,0.541463414634146,0.4832,0.234726688102894,0.547619047619048,0.5472,0.568690095846645,0.532710280373832,0.526315789473684,0.534375,0.55607476635514,0.463678516228748,0.151376146788991,0.0695102685624013,0.148837209302326,0.469860896445131,0.145135566188198,0.555379746835443,0.547318611987382,0.543035993740219,0.149922720247295,0.14797507788162,0.7265625,0.144,0.154574132492114,0.147286821705426,0.541996830427892,0.531881804043546,0.148325358851675,0.539969834087481,0.469387755102041,0.533123028391167,0.693877551020408,0.5424,0.862928348909657,0.54953560371517,0.143302180685358,0.154340836012862,0.547318611987382,0.853395061728395,0.531152647975078,0.540284360189573,0.758346581875994,0.604501607717042,0.145962732919255,0.148562300319489,0.546456692913386,0.133858267716535,0.751592356687898,0.152597402597403,0.539291217257319,0.57345971563981,0.544,0.544303797468354,0.146189735614308,0.84775641025641,0.147151898734177,0.5392,0.544871794871795,0.154198473282443,0.147104851330203,0.142638036809816,0.535483870967742,0.137440758293839,0.539432176656151,0.523584905660377,0.5328125,0.531300160513644,0.847826086956522,0.905572755417957,0.141479099678457,0.533333333333333,0.144927536231884,0.536050156739812,0.523961661341853,0.156589147286822,0.14218009478673,0.898148148148148,0.529042386185243,0.158631415241058,0.259659969088099,0.152410575427683,0.567026194144838,0.952153110047847,0.468652037617555,0.155038759689922,0.146341463414634,0.138095238095238,0.155088852988691,0.149847094801223,0.56859756097561,0.552590266875981,0.152755905511811,0.975767366720517,0.854430379746835,0.721362229102167,0.84375,0.527821939586645,0.136792452830189,0.470588235294118,0.139498432601881,0.149230769230769,0.263157894736842,0.139904610492846,0.463452566096423,0.15251572327044,0.158982511923688,0.1392,0.146456692913386
"286",1,1,1,1,1,1,0.702614379084967,1,1,0.0967741935483871,1,0.0484375,0.818770226537217,1,0.327014218009479,0.312796208530806,0.0625,0.684818481848185,1,1,0.298722044728434,0.316129032258064,1,0.151757188498403,1,0.333853354134165,0.330112721417069,1,1,0.789983844911147,0.317610062893082,0.725677830940989,0.9625,0.316211878009631,0,1,0.550156739811912,1,0.309486780715397,1,0.659163987138264,0.671428571428571,0.685847589424572,1,1,0.329545454545455,0.317817014446228,0.319875776397516,0.333333333333333,0.33175355450237,0,1,0.320251177394035,1,1,0.494327390599676,0.56,1,1,1,0.327666151468315,0.335473515248796,0.321428571428571,0.669826224328594,1,1,0.0414012738853503,1,0.0557275541795666,0.329173166926677,1,0.331746031746032,0.330578512396694,0.964630225080386,0.523364485981308,1,0.31937984496124,0.338957055214724,1,0.323529411764706,0.0830618892508143,0.33652312599681,0.340288924558588,1,0.348726114649682,1,1,1,1,0.682242990654206,1,1,0,0.106858054226475,1,0.0494590417310665,0,1,0.570491803278689,0.670926517571885,1,0.0535433070866142,0.320450885668277,1,0.332797427652733,1,0.6768,1,0.320634920634921,0.324367088607595,0.329635499207607,1,0.330721003134796,1,0.489922480620155,1,0.320063694267516,0.287974683544304,0.334370139968896,0.327390599675851,0.485759493670886,0.998422712933754,0.332822085889571,0.318627450980392,1,0.31637519872814,1,1,0.323854660347551,0.555379746835443,1,0.325949367088608,1,0.0446841294298921,1,0.327586206896552,0.669796557120501,0.335433070866142,0.9312,0.446457990115321,0.107544141252006,0.098256735340729,1,1,0.343402225755167,1,0.322085889570552,1,0.803432137285491,1,0.32741935483871,1,1,1,1,0.34094616639478,1,0.333870967741935,0.246835443037975,1,0.317111459968603,1,0.308681672025723,0.0868167202572347,1,0.327361563517915,1,1,1,0.340557275541796,1,0.331230283911672,1,0.31637519872814,1,0.323809523809524,0.0777604976671851,1,0.640856672158155,1,1,0.328502415458937,1,1,1,1,0.331240188383046,0.31839258114374,1,0.998410174880763,0.335925349922239,0.311897106109325,1,0.431061806656101,0.670278637770898,0,0.330733229329173,0.662420382165605,1,0.330173775671406,1,0.998439937597504,1,0.317757009345794,0.3265625,0.332258064516129,1,1,1,0,1,0.312599681020734,0.972886762360447,0.32807570977918,0.32,0.759433962264151,1,1,1,1,1,0.0452418096723869,0.324237560192616,0.331775700934579,1,0.668759811616955,1,1,1,0.998415213946117,1,1,0.00156739811912226,0.303937007874016,1,0.320388349514563,1,0.303459119496855,1,1,1,1,1,0.33015873015873,1,0.5103668261563,0.338141025641026,0.334384858044164,0.313001605136437,0.329617834394904,0.334935897435897,0.42258064516129,0.3359375,0.322932917316693,0.322378716744914,1,0.332263242375602,1,0.680491551459293,0.329093799682035,0.308056872037915,0.332268370607029,1,1,1,0.247172859450727,0.315873015873016,1,0.332263242375602,0.337984496124031,0.320574162679426,0.334384858044164,0.677067082683307,1,0.336463223787167,0.321027287319422,1,0.311475409836066,1,0.325984251968504,0.325949367088608,1,1,1,0.538950715421304,1,0.674679487179487,0.0861538461538462,0.330658105939005,1,1,0.0976377952755905,0.326530612244898,0.331210191082803,1,1,0.316037735849057,0.0221169036334913,0.00163132137030995,1,1,0.344339622641509,0.998402555910543,1,0.31687898089172,1,1,0.322932917316693,1,1,1,1,0.340222575516693,0.319314641744548,0.335483870967742,1,1,0.660377358490566,0.319488817891374,1,0.321928460342146,0.310236220472441,1,1,0.998427672955975,1,1,0.3354943273906,1,1,0.11219512195122,0.338006230529595,0.503974562798092,0.315024232633279,0.667194928684628,0.329635499207607,1,0.315875613747954,0.349358974358974,0.249211356466877,0.324921135646688,1,0.338957055214724,1,1,1,0.317460317460317,0.329192546583851,0.998425196850394,0.927272727272727,0.0606060606060606,1,0.324881141045959,0.333870967741935,0.318840579710145,1,0.334355828220859,0.477707006369427,0.334913112164297,0.316211878009631,0.323717948717949,0.319047619047619,1,0.324193548387097,1,1,0,1,0.333860759493671,1,1,1,0.334959349593496,1,0.32484076433121,1,0.841444270015699,1,1,1,0.329153605015674,1,1,0.31629392971246,0.325914149443561,1,1,0.3248,0.181533646322379,1,0.998444790046656,1,0,0.322274881516588,1,0.319620253164557,0.235668789808917,1,0.66984126984127,0.432348367029549,1,1,0.672281776416539,0.694041867954911,0.342229199372057,1,0.327503974562798,1,1,0.338607594936709,1,0.99837925445705,0.00643086816720257,0.333333333333333,1,1,0.333863275039746,1,1,0.312803889789303,0.333333333333333,1,1,1,0.529968454258675,0.314873417721519,0.350877192982456,0.33026113671275,0.336492890995261,0.678855325914149,0.331768388106416,0.329652996845426,0.326053042121685,0.232371794871795,0.322061191626409,1,0.32093023255814,0.998381877022654,0.321766561514196,0.0804953560371517,0.0559875583203732,1,1,0.0408163265306122,1,0.673913043478261,0.0462519936204147,0.00956937799043062,1,0.675590551181102,1,1,0.553571428571429,1,0,0.0755336617405583,1,1,1,0.329617834394904,0.644716692189893,0.680327868852459,0.993779160186625,1,0.98740157480315,0.310725552050473,0.330670926517572,1,0.311793214862682,1,0.364069952305246,0.112012987012987,0.311627906976744,0.322932917316693,0.338983050847458,1,0.0791925465838509,1,1,1,0.245341614906832,0.328478964401294,1,0.331189710610932,1,1,0.31839258114374,1,0.330804248861912,1,0.315112540192926,0.325434439178515,1,0.669354838709677,0.319314641744548,1,0.315447154471545,0.754746835443038,0.326594090202177,0.163297045101089,0.329211746522411,0.772435897435897,0.323051948051948,1,0.334920634920635,0.350078492935636,0.301092043681747,1,1,1,0.968543046357616,0.344370860927152,1,0.331715210355987,1,0.331136738056013,0.322981366459627,1,1,1,0.915470494417863,1,0.314553990610329,0.326018808777429,1,1,0.0464,0.0803858520900322,1,1,0.316129032258064,1,1,0.318255250403877,1,1,0.673015873015873,0.529968454258675,1,0,1,1,0.101404056162246,0.331768388106416,1,0.330683624801272,0.998397435897436,0.966346153846154,0.998417721518987,0.824451410658307,1,0.336092715231788,1,1,1,0,0.321311475409836,1,1,0.664556962025316,1,0.320574162679426,0.364485981308411,0.325434439178515,1,1,1,0.0902021772939347,0.32741935483871,0.0906148867313916,0.99837925445705,0.3198127925117,0.310664605873261,0.356576862123613,0,1,0.95748031496063,1,1,0.331715210355987,0.316770186335404,0.151612903225806,0.0402576489533011,0.324149108589951,0.319620253164557,0.330683624801272,0,0.327974276527331,1,0,0.326625386996904,1,1,1,0.317111459968603,0.338461538461538,0.04,1,0.330143540669856,0.317460317460317,1,1,0.32753164556962,0.682119205298013,1,1,0.686998394863563,1,0.322137404580153,1,0.331210191082803,0.537007874015748,0.661442006269592,0.415360501567398,1,0.307332293291732,0.322834645669291,0.670295489891135,0.651090342679128,1,0.326594090202177,1,0.328149300155521,1,0.3216,0.318255250403877,0.353503184713376,0.525984251968504,0.331168831168831,0.317152103559871,0.657643312101911,0.324960753532182,0.146381578947368,1,0,1,0.304560260586319,1,0,0.3312,0.326229508196721,1,0.055045871559633,1,0.0906200317965024,0.341423948220065,1,0.0654952076677316,0.666666666666667,1,1,1,0.32137030995106,0.0420560747663551,1,0.429951690821256,0.0990415335463259,0.357585139318885,0.328025477707006,0.338557993730408,1,1,1,1,1,0.0619195046439628,0.995356037151703,0.674015748031496,0.00152439024390244,0.332298136645963,1,1,1,1,0.0865384615384615,0.324534161490683,1,1,1,1,1,1,0.496050552922591,0,1,0.0862068965517241,0.330658105939005,0.423014586709887,1,0.399678972712681,0.318555008210181,0.317460317460317,1,0.045958795562599,0.333863275039746,1,1,0.370192307692308,0.31911532385466,0.315789473684211,0.32258064516129,0.998410174880763,0.330658105939005,0.322834645669291,0.424635332252836,0.321486268174475,0.9734375,0.32348367029549,0.0811688311688312,0.33868378812199,0,1,0.0901771336553945,0.321428571428571,0.330188679245283,0.31869918699187,1,1,1,1,1,1,0.331168831168831,1,0.325358851674641,0.323728813559322,0.602803738317757,0.666666666666667,1,1,0,0.326656394453005,0.117088607594937,0.998454404945904,0.0397456279809221,1,1,0.32484076433121,1,1,0.635332252836305,0.438110749185668,0.996960486322188,0.0841423948220065,0.0964630225080386,1,1,1,0.0873015873015873,0,0.324451410658307,0.431279620853081,0.328682170542636,0,0.337662337662338,0.0894308943089431,1,1,0.325617283950617,0.326498422712934,0.234177215189873,0.333870967741935,0.310725552050473,0.330188679245283,1,1,0.334920634920635,1,0,1,0.217041800643087,1,0.664556962025316,1,0.323343848580442,0.314845024469821,0.0765625,0.663536776212833,1,1,0.786516853932584,0.904220779220779,0.331730769230769,0.324281150159744,1,0.326465927099842,0.242424242424242,0.331136738056013,1,0.107594936708861,1,1,0.3264,0.677884615384615,0.315705128205128,1,1,0.304552590266876,0.317111459968603,0.329211746522411,0.859450726978998,0.32516339869281,1,0.0566037735849057,1,1,0.6875,0.653968253968254,0.331147540983607,0.05103668261563,0.325878594249201,1,1,0.31687898089172,0.332797427652733,0.63125,1,0.319314641744548,0.38871473354232,0.315789473684211,0.9859375,0.478605388272583,0.00317965023847377,0.31911532385466,0.333333333333333,0.335974643423138,0.32183908045977,0.319444444444444,0.972265023112481,1,0.327586206896552,0.550819672131148,0.67741935483871,0.2234375,0.679338842975207,1,0.332278481012658,0.00319488817891374,0.338095238095238,0.323296354992076,0.379095163806552,0.323151125401929,0,0.344827586206897,0.329011345218801,0.331723027375201,0.319685039370079
"287",0.705974842767296,0.692068429237947,0.690251572327044,0.67515923566879,0.684952978056426,0.698907956318253,0.988941548183254,0.685534591194969,0.692068429237947,0.420621931260229,0.68348623853211,0.350850077279753,0.495192307692308,0.688188976377953,0,0,0.377675840978593,1,0.687301587301587,0.697347893915757,0,0,0.677862595419847,0.486196319018405,0.698776758409786,0,0,0.670418006430868,0.696456086286595,0.49445324881141,0,0.42457231726283,0.641304347826087,0.0046801872074883,0.327073552425665,0.691558441558442,0.853168469860896,0.68062015503876,0,0.701700154559505,0.996894409937888,1,1,0.675675675675676,0.686427457098284,0,0.00473186119873817,0,0,0,0.302469135802469,0.689763779527559,0,0.684867394695788,0.695721077654517,0.183279742765273,0.871224165341812,0.690251572327044,0.686244204018547,0.68380062305296,0.00623052959501558,0,0,0.995297805642633,0.69620253164557,0.686614173228347,0.342723004694836,0.682242990654206,0.383333333333333,0,0.691222570532915,0,0,0.729335494327391,0.834621329211746,0.690184049079755,0,0.00465116279069767,0.686335403726708,0,0.386991869918699,0,0,0.680685358255452,0,0.677224736048265,0.694006309148265,0.672955974842767,0.687598116169545,1,0.692551505546751,0.685714285714286,0.307098765432099,0.412130637636081,0.696284329563813,0.35832083958021,0.311912225705329,0.691455696202532,0.873581847649919,1,0.700159489633174,0.3776,0,0.686495176848875,0,0.690363349131122,1,0.681388012618297,0,0,0,0.701078582434515,0.00462962962962963,0.679365079365079,0.797507788161994,0.698027314112291,0,0.62095531587057,0,0,0.797788309636651,0.695046439628483,0,0,0.68133535660091,0,0.687311178247734,0.69218989280245,0.631578947368421,0.239329268292683,0.682258064516129,0,0.678125,0.367069486404834,0.672496025437202,0,0.998449612403101,0,0.628482972136223,0.112721417069243,0.41185647425897,0.391371340523883,0.691588785046729,0.689710610932476,0,0.691107644305772,0,0.703761755485893,0.507668711656442,0.685496183206107,0,0.693877551020408,0.688188976377953,0.6928,0.685393258426966,0,0.690140845070423,0,0.5600624024961,0.674418604651163,0,0.689708141321045,0,0.39622641509434,0.690095846645367,0,0.692901234567901,0.690993788819876,0.682737169517885,0.0108191653786708,0.677621283255086,0,0.684126984126984,0,0.691935483870968,0,0.405023547880691,0.69969040247678,0.972624798711755,0.705882352941177,0.684867394695788,0,0.699074074074074,0.687306501547988,0.686728395061728,0.67601246105919,0,0,0.679611650485437,0.675507020280811,0,0,0.683333333333333,0.764797507788162,0.978658536585366,0.302795031055901,0,0.996889580093313,0.692307692307692,0,0.684713375796178,0.696734059097978,0.694227769110764,0.00314465408805031,0,0,0.678300455235205,0.688925081433225,0.685271317829457,0.3136,0.701277955271565,0,0.667716535433071,0,0,0.564742589703588,0.68362480127186,0.684867394695788,0.683385579937304,0.702028081123245,0.691573926868045,0.359497645211931,0,0,0.686915887850467,0.99537750385208,0.684451219512195,0.697247706422018,0.682034976152623,0.690880989180835,0.703296703296703,0.690440060698027,0.297339593114241,0.636085626911315,0.695852534562212,0,0.680379746835443,0,0.694915254237288,0.698890649762282,0.694835680751174,0.682615629984051,0.694533762057878,0,0.680817610062893,0.204334365325077,0,0,0.00316455696202532,0,0,0.104,0,0,0,0.688271604938272,0,0.685667752442997,1,0,0.616459627329193,0,0.684627575277338,0.686427457098284,0.690031152647975,0.5765625,0,0.684867394695788,0,0,0,0,1,0.692307692307692,0,0,0.688291139240506,0,0.6921875,0,0,0.696343402225755,0.680713128038898,0.70735524256651,0.845553822152886,0.674679487179487,1,0.398190045248869,0,0.689814814814815,0.684542586750789,0.410015649452269,0,0,0.685303514376997,0.690251572327044,0,0.341772151898734,0.292259083728278,0.706349206349206,0.685303514376997,0.00609756097560976,0.68088467614534,0.703647416413374,0,0.690625,0.699236641221374,0,0.697784810126582,0.693023255813954,0.698757763975155,0.689230769230769,0,0,0,0.691833590138675,0.678571428571429,0.990853658536585,0.00769230769230769,0.681089743589744,0,0,0.695517774343122,0.689127105666156,0.694915254237288,0.68798751950078,0.686544342507645,0,0.690513219284603,0.700626959247649,0.429712460063898,0,0.162790697674419,0,1,0,0.680365296803653,0,0,0.579439252336449,0.00154798761609907,0.687697160883281,0,0.689547581903276,0.705511811023622,0.689230769230769,0,0,0.686915887850467,0.605177993527508,0.385103011093502,0.698564593301435,0,0,0,0.687196110210697,0,0.794071762870515,0,0,0,0,0.680124223602484,0,0.683006535947712,0.677777777777778,0.312693498452012,0.701421800947867,0,0.679748822605965,0.684698608964451,0.690437601296596,0,0.695517774343122,0,0.680786686838124,0.530581039755352,0.685446009389671,0.682615629984051,0.695447409733124,0,0.688,0.710191082802548,0,0,0.6921875,0.700617283950617,0,0.513761467889908,0.685214626391097,0.676056338028169,0.6801872074883,0.312307692307692,0,0.712887438825449,0,0.577777777777778,0.698587127158556,1,0.117557251908397,0.690590111642743,0.69170579029734,1,0.978159126365055,0.0156985871271586,0.686821705426357,0,0.69701726844584,0.693548387096774,0,0.684129429892142,0.689873417721519,0.322327044025157,0,0.682464454976303,0.68370607028754,0,0.695517774343122,0.695024077046549,0,0.659409020217729,0.693037974683544,0.687692307692308,0.669291338582677,0.204368174726989,0,0.018957345971564,0,0,0.998402555910543,0,0.00778816199376947,0,0.570754716981132,0.00322061191626409,0.692073170731707,0.00775193798449612,0.674015748031496,0.00462962962962963,0.387442572741194,0.361408882082695,0.687595712098009,0.691472868217054,0.358814352574103,0.690322580645161,1,0.362790697674419,0.313099041533546,0.690031152647975,0.998439937597504,0.695046439628483,0.696124031007752,0.234177215189873,0.682170542635659,0.305511811023622,0.390322580645161,0.689763779527559,0.692307692307692,0.702660406885759,0,0.976154992548435,1,0.698776758409786,0.680555555555556,0.68125,0,0.662974683544304,0.687402799377916,0,0.693251533742331,0.0566037735849057,0.427884615384615,0,0,0.00673400673400673,0.687595712098009,0.385208012326656,0.68133535660091,0.690590111642743,0.694704049844237,0.584615384615385,0,0.688679245283019,0,0.692182410423453,0.690821256038647,0,0.686804451510334,0,0.681962025316456,0,0,0.684210526315789,1,0,0.684698608964451,0,0.439370078740157,0,0.487577639751553,0,0.454545454545455,0,0.690705128205128,0,0,0,0.695178849144635,0.686119873817035,0.694656488549618,0.659609120521173,0.666123778501629,0.700310559006211,0,0.68075117370892,0,0,0.67651632970451,0.687797147385103,0.693846153846154,0.614779874213837,0.677519379844961,0,0,0.677621283255086,0.682108626198083,0.366987179487179,0.407290015847861,0.688372093023256,0.694136291600634,0,0.707430340557275,0.686274509803922,0.00622083981337481,0.700787401574803,0.699842022116904,1,0.854517611026034,0.687010954616588,0.310136157337368,0.696261682242991,0.683076923076923,0.394817073170732,0.0015552099533437,0.694620253164557,0,0.693877551020408,0.65149136577708,0.701421800947867,0.535493827160494,0.688679245283019,0,0.6859375,0.686900958466454,0.675718849840256,0.306027820710974,0,0.688498402555911,0.68266253869969,1,0.676829268292683,0.00156494522691706,0.0435458786936236,0,0.685185185185185,0.6765625,0.690363349131122,0.406727828746177,0,0.4048,0.67246835443038,0,0,0.0303490136570561,0.317829457364341,0.674641148325359,0.640866873065015,0.686728395061728,0.686153846153846,0,0,0.482003129890454,0.362619808306709,0,0,0.00153609831029186,0.296950240770466,0,0.67737003058104,0.3078125,0,0.677115987460815,0.685214626391097,0.689547581903276,0.00308166409861325,0,0.350162866449511,0.688073394495413,0,0,0.684782608695652,0.695517774343122,0.00157232704402516,1,0.692429022082019,0.688291139240506,0.993740219092332,0.690625,0,0.689763779527559,0,0.847244094488189,1,0.0949464012251149,0.68160741885626,0,0,1,0.998480243161094,0.682515337423313,0,0.687400318979266,0.00307692307692308,0.697784810126582,0,0.0015625,0.0347003154574132,0.233281493001555,0,0,0.995305164319249,0,0.478964401294498,0.68075117370892,0.32262996941896,0.686335403726708,0,0.703937007874016,0.310832025117739,0,0,0.694835680751174,0.380809595202399,0.679626749611198,0.402208201892744,0.0265625,0.674491392801252,0.395962732919255,0.989147286821705,0.687306501547988,0.67651632970451,0.683563748079877,0,0.363777089783282,0.704441041347626,0.108490566037736,0.406593406593407,0.0322085889570552,0,0,0.697305863708399,0.669341894060995,0.700159489633174,0.68944099378882,0.694968553459119,0.372549019607843,0.700152207001522,1,0.311844077961019,0.0015552099533437,0.684542586750789,0.699842022116904,0.692058346839546,0.683969465648855,0.390625,0,0.678461538461538,0.676100628930818,0.682182985553772,0.6801872074883,0.688473520249221,0.694835680751174,0.801829268292683,0.312599681020734,0.685534591194969,0.389230769230769,0,0.764341085271318,0.688473520249221,0.0768,0,0,0.688854489164087,0.35303265940902,0,0.693498452012384,0.7078125,0.0469255663430421,0,0,0.00324149108589951,0.687106918238994,0,0,0.104761904761905,0,0.652713178294574,0,0.4,0,0.32469512195122,0.691222570532915,0.385466034755134,0,0,0.00791139240506329,0.684129429892142,0.682170542635659,0.6890625,0.689167974882261,0.681744749596123,0.682389937106918,0.0127591706539075,0.698890649762282,0,0,0.30030959752322,1,0.680817610062893,0.6890625,0.311248073959938,0,0.437990580847724,0.678899082568807,0.345425867507886,0.696124031007752,0.686084142394822,0,0.691943127962085,0.682487725040916,0.313880126182965,0.0922330097087379,0.684684684684685,0.385964912280702,0.416403785488959,0.679566563467492,0.681458003169572,0.702954898911353,0.392405063291139,0.309486780715397,0,0.106918238993711,0,0.324534161490683,0.00312989045383412,0.394944707740916,0.684542586750789,0.681528662420382,0,0,0.56782334384858,0.00630914826498423,0.00311526479750779,0,0.693396226415094,0.683962264150943,0,0.690582959641256,0.307570977917981,0.682965299684543,0.538341158059468,0.700315457413249,1,0.688854489164087,0,0,0.408037094281298,0.998444790046656,0.683307332293292,0.681962025316456,0.919937205651491,0.590982286634461,0,0,0.696261682242991,0,0.578616352201258,0,0.678247734138973,0.398449612403101,0.683881064162754,0.685446009389671,0,1,0,0.6976,0.684292379471229,0,0,0,0.55748031496063,0,0.686614173228347,0.378461538461538,0.6801872074883,0.681229773462783,0.998470948012232,0.960815047021944,0,0.37007874015748,0,0.67817896389325,0.681744749596123,0,0,0.854489164086687,0.689335394126739,0,0.0982839313572543,0,0.682299546142209,0.795031055900621,0.320373250388802,0,0,0,0,0,0.724191063174114,0.699685534591195,0,0.873817034700315,0.998417721518987,0.559875583203733,1,0.68088467614534,0,0.315707620528771,0,0,0.107858243451464,0,0.311627906976744,0,0,0,0
"288",0.0824261275272162,0.0816944024205749,0.0776255707762557,0.0755007704160247,0.0832072617246596,0.0833333333333333,0.377708978328173,0.0801232665639445,0.0823353293413174,0.990712074303406,0.0794602698650675,0.96206373292868,0.104615384615385,0.0847457627118644,0.600924499229584,0.609756097560976,0.980451127819549,0.400936037441498,0.0804953560371517,0.0818181818181818,0.617246596066566,0.60741885625966,0.0851688693098385,0.930930930930931,0.0938897168405365,0.583582089552239,0.594043887147335,0.0839813374805599,0.0935143288084465,0.146926536731634,0.605740181268882,0.18796992481203,0.0629685157421289,0.604261796042618,0.929878048780488,0.0917721518987342,0.560606060606061,0.0819672131147541,0.616959064327485,0.0879284649776453,0.425954198473282,0.411589895988113,0.406528189910979,0.0802469135802469,0.0889570552147239,0.586046511627907,0.597875569044006,0.605970149253731,0.594029850746269,0.578078078078078,0.916918429003021,0.081377151799687,0.609212481426449,0.0779816513761468,0.0863636363636364,0.396578538102644,0.532924961715161,0.0829493087557604,0.0915915915915916,0.0833333333333333,0.574814814814815,0.587786259541985,0.593323216995448,0.420091324200913,0.0858034321372855,0.0882800608828006,0.964560862865948,0.0830815709969789,0.98389458272328,0.585585585585586,0.0776119402985075,0.593220338983051,0.58,0.122448979591837,0.586259541984733,0.0866372980910426,0.604790419161677,0.57593984962406,0.0818452380952381,0.593220338983051,0.993660855784469,0.593373493975904,0.592424242424242,0.0904977375565611,0.578787878787879,0.0797636632200886,0.0820433436532508,0.0816944024205749,0.0882800608828006,0.398773006134969,0.0793157076205288,0.0756914119359534,0.921686746987952,0.989536621823617,0.0694006309148265,0.966076696165192,0.920852359208524,0.0796992481203008,0.537735849056604,0.407751937984496,0.0840978593272171,0.975572519083969,0.602409638554217,0.0869565217391304,0.596385542168675,0.0769230769230769,0.403030303030303,0.086232980332829,0.584848484848485,0.593984962406015,0.583710407239819,0.0893939393939394,0.582822085889571,0.086232980332829,0.614583333333333,0.0857988165680473,0.593703148425787,0.795795795795796,0.591654247391952,0.599085365853659,0.630534351145038,0.0858895705521472,0.59577677224736,0.590769230769231,0.0763473053892216,0.600301659125189,0.0794117647058823,0.0816023738872404,0.776934749620637,0.55290611028316,0.078003120124805,0.601837672281776,0.0779816513761468,0.963503649635037,0.0738993710691824,0.596750369276219,0.418429003021148,0.583710407239819,0.0225903614457831,0.641975308641975,0.992458521870287,0.992412746585736,0.0837138508371385,0.07981220657277,0.581430745814307,0.0835866261398176,0.595238095238095,0.0843558282208589,0.113122171945701,0.0850746268656716,0.600624024960998,0.0737327188940092,0.086687306501548,0.0834621329211747,0.0705521472392638,0.576864535768645,0.0907715582450832,0.590625,0.842424242424242,0.0814814814814815,0.599393019726859,0.0879284649776453,0.60708782742681,1,0.0755007704160247,0.595975232198142,0.088455772113943,0.0857142857142857,0.0856269113149847,0.575485799701046,0.0872894333843798,0.58599695585997,0.0822981366459627,0.593893129770992,0.0845070422535211,0.595419847328244,0.995454545454545,0.0764525993883792,0.457680250783699,0.0819165378670788,0.0895295902883156,0.599078341013825,0.0763358778625954,0.0786686838124055,0.0852017937219731,0.0838414634146342,0.589861751152074,0.592814371257485,0.0907668231611894,0.0809595202398801,0.587797619047619,0.616564417177914,0.0827067669172932,0.654545454545455,0.424817518248175,0.914503816793893,0.592987804878049,0.417168674698795,0.0790273556231003,0.584707646176912,0.0824261275272162,0.0828313253012048,0.0691729323308271,0.606334841628959,0.599702380952381,0.589341692789969,0.0860058309037901,0.0826833073322933,0.0733532934131736,0.927357032457496,0.0906344410876133,0.613496932515337,0.0532724505327245,0.588055130168453,0.593607305936073,0.363636363636364,0.0808709175738725,0.0855855855855856,0.0785498489425982,0.0847201210287443,0.0802469135802469,0.956390977443609,0.590839694656489,0.588855421686747,0.0846953937592868,0.40990990990991,0.0859259259259259,0.0890207715133531,0.0858433734939759,0.086232980332829,0.0809160305343511,0.0887573964497041,0.919452887537994,0.786861313868613,0.0864381520119225,0.603975535168196,0.0784313725490196,0.606334841628959,0.0784023668639053,0.0840978593272171,0.0791476407914764,0.0817901234567901,0.0845070422535211,0.583975346687211,0.0808383233532934,0.399696048632219,0.585218702865762,0.584454409566517,0.590697674418605,0.581538461538462,0.582568807339449,0.65990639625585,0.579185520361991,0.586726998491704,0.594512195121951,0.0843195266272189,0.58974358974359,0.0847723704866562,0.398203592814371,0.59304084720121,0.792537313432836,0.588055130168453,0.0844854070660522,0.0811638591117917,0.0837138508371385,0.835866261398176,0.605740181268882,0.0748502994011976,0.587155963302752,0.589364844903988,0.602446483180428,0.596676737160121,0.408814589665653,0.0781010719754977,0.597014925373134,0.597542242703533,0.0820668693009119,0.614420062695925,0.0864381520119225,0.594268476621418,0.612708018154312,0.0812883435582822,0.0829420970266041,0.0830815709969789,0.566615620214395,0.0861538461538462,0.398190045248869,1,0.588414634146341,0.0868263473053892,0.08125,0.992492492492492,0.583832335329341,0.594135802469136,0.0811232449297972,0.0852359208523592,0.603007518796992,0.940909090909091,0.91937984496124,0.0907668231611894,0.0858034321372855,0.586410635155096,0.081039755351682,0.0870206489675516,0.608433734939759,0.0808383233532934,0.0817236255572065,0.591317365269461,0.0782208588957055,0.0791476407914764,0.0852359208523592,0.0861027190332326,0.582952815829528,0.600883652430044,0.599071207430341,0.0796992481203008,0.0834621329211747,0.411497730711044,0.592649310872894,0.073959938366718,0.594634873323398,0.604580152671756,0.0845697329376855,0.0819672131147541,0.0772727272727273,0.0805471124620061,0.081203007518797,0.583333333333333,0.0873634945397816,0.0898021308980213,0.9796875,0.580838323353293,0.602465331278891,0.602150537634409,0.416158536585366,0.589820359281437,0.0816023738872404,0.614307931570762,0.592424242424242,0.832835820895522,0.60119940029985,0.0814132104454685,0.586666666666667,0.0895295902883156,0.0834597875569044,0.0880597014925373,0.600614439324117,0.609792284866469,0.0809160305343511,0.0109717868338558,0.972307692307692,0.0854037267080745,0.589473684210526,0.59480122324159,0.602167182662539,0.0733229329173167,0.581709145427286,0.63969465648855,0.585843373493976,0.599695585996956,0.594043887147335,0.609756097560976,0.0765765765765766,0.58751902587519,0.0760697305863708,0.0800604229607251,0.925418569254186,0.0852713178294574,0.591527987897126,0.0858433734939759,0.0813609467455621,0.0808709175738725,0.586314152410575,0.0823529411764706,0.600609756097561,0.0868924889543446,0.0837138508371385,0.0924242424242424,0.088646967340591,0.0839580209895052,0.599700149925038,0.0683229813664596,0.0846153846153846,0.596096096096096,0.59726443768997,0.0824587706146927,0.0753012048192771,0.6,0.895988112927192,0.0869565217391304,0.0790273556231003,0.0771558245083207,0.914634146341463,0.597200622083981,0.0816326530612245,0.591867469879518,0.844274809160305,0.0790273556231003,0.414670658682635,0.473134328358209,0.0851393188854489,0.0794602698650675,0.414348462664714,0.387537993920973,0.557575757575758,0.08,0.586102719033233,0.0942249240121581,0.0789889415481833,0.585106382978723,0.0830815709969789,0.088145896656535,0.929121725731895,0.58599695585997,0.0885496183206107,0.0830815709969789,0.58868501529052,0.0784023668639053,0.0808709175738725,0.596651445966514,0.762839879154079,0.0869565217391304,0.0853293413173653,0.0793893129770992,0.38030303030303,0.607305936073059,0.614439324116744,0.598529411764706,0.586102719033233,0.401515151515151,0.576576576576577,0.575757575757576,0.604511278195489,0.857142857142857,0.60061919504644,0.0853293413173653,0.587537091988131,0.0835866261398176,0.596651445966514,0.997050147492625,0.968373493975904,0.0810810810810811,0.0866965620328849,0.962349397590361,0.0806201550387597,0.399109792284866,0.966565349544073,0.932824427480916,0.0833333333333333,0.396656534954407,0.0792682926829268,0.0830769230769231,0.555727554179567,0.0805471124620061,0.918057663125948,0.998454404945904,0.0819165378670788,0.0835820895522388,0.0957446808510638,0.58307210031348,0.440751445086705,0.384858044164038,0.0917293233082707,0.0778625954198473,0.0499243570347958,0.6,0.754147812971342,0.0865671641791045,0.604615384615385,0.0825825825825826,0.536697247706422,0.984615384615385,0.605381165919282,0.602985074626866,0.580906148867314,0.086053412462908,0.998484848484849,0.0933333333333333,0.078125,0.081203007518797,0.842261904761905,0.585403726708075,0.0906298003072197,0.599690880989181,0.0841121495327103,0.0807453416149068,0.6,0.0856697819314642,0.597953216374269,0.081447963800905,0.606106870229008,0.595712098009188,0.0851063829787234,0.419106317411402,0.605612998522895,0.0794602698650675,0.600614439324117,0.169415292353823,0.603857566765579,0.93423019431988,0.59882005899705,0.149546827794562,0.603125,0.0976744186046512,0.590288315629742,0.576168929110106,0.617469879518072,0.0876132930513595,0.0832049306625578,0.0795795795795796,0.055379746835443,0.751962323390895,0.0833333333333333,0.587057010785824,0.0784313725490196,0.599683544303797,0.595238095238095,0.0845921450151057,0.0850077279752705,0.0764705882352941,0.00455235204855842,0.0807174887892377,0.604229607250755,0.603603603603604,0.0750750750750751,0.0823170731707317,0.976744186046512,0.996937212863706,0.0825688073394495,0.0817901234567901,0.599378881987578,0.0932330827067669,0.0823529411764706,0.608231707317073,0.0911901081916538,0.0877458396369138,0.411764705882353,0.569069069069069,0.0791476407914764,0.919590643274854,0.0889570552147239,0.0893939393939394,0.991071428571429,0.59304084720121,0.0795107033639144,0.587878787878788,0.0833333333333333,0.0527131782945736,0.0916030534351145,0.0987841945288754,0.0889894419306184,0.588509316770186,0.0721804511278196,0.0749235474006116,0.0841121495327103,0.919642857142857,0.59904912836767,0.0728682170542636,0.087797619047619,0.411497730711044,0.0827178729689808,0.600306278713629,0.547256097560976,0.58796992481203,0.0823353293413174,0.0842105263157895,0.0910493827160494,0.992592592592593,0.589230769230769,0.99685534591195,0.0757341576506955,0.601796407185629,0.609865470852018,0.554380664652568,0.920731707317073,0.0791476407914764,0.0346907993966818,0.0839580209895052,0.0863095238095238,0.583460949464012,0.602985074626866,0.929012345679012,0.961656441717791,0.600910470409712,0.595712098009188,0.57973174366617,0.920367534456355,0.61236802413273,0.0824742268041237,0.915407854984894,0.591988130563798,0.0880121396054628,0.0923076923076923,0.0785498489425982,0.592481203007519,0.598811292719168,0.962441314553991,0.0780780780780781,0.602118003025719,0.603915662650602,0.0867579908675799,0.0917293233082707,0.589041095890411,0.385103011093502,0.0788253477588872,0.083969465648855,0.394216133942161,0.085972850678733,0.605571847507331,0.088785046728972,0.600609756097561,0.567208271787297,0.415178571428571,0.671150971599402,0.0819672131147541,0.606240713224368,0.591654247391952,0.397881996974281,0.42684766214178,0.0776255707762557,0.599092284417549,0.0819165378670788,0.595900439238653,0.0804248861911988,0.58751902587519,0.602150537634409,0.553353658536585,0.576980568011958,0.595679012345679,0.599071207430341,0.415644171779141,0.590909090909091,0.951713395638629,0.0697674418604651,0.922388059701493,0.0795795795795796,0.617737003058104,0.08649468892261,0.929003021148036,0.593798449612403,0.602803738317757,0.0830769230769231,0.974963181148748,0.0830815709969789,0.990769230769231,0.563271604938272,0.0763358778625954,0.978947368421053,0.417298937784522,0.0772727272727273,0.0824742268041237,0.0858433734939759,0.596244131455399,0.956909361069837,0.0771513353115727,0.47239263803681,0.989214175654854,0.556053811659193,0.592203898050975,0.583832335329341,0.0819423368740516,0.0606531881804044,0.0929878048780488,0.0819423368740516,0.0779816513761468,0.981021897810219,0.0894187779433681,0.411326378539493,0.920821114369501,0.587443946188341,0.0834597875569044,0.0838414634146342,0.0769230769230769,0.0789865871833085,0.996987951807229,0.589285714285714,0.0742942050520059,0.0771604938271605,0.0837282780410742,0.080370942812983,0.088455772113943,0.0872894333843798,0.62125748502994,0.937791601866252,0.0801232665639445,0.997005988023952,0.600903614457831,0.667697063369397,0.0852359208523592,0.504702194357367,0.605095541401274,0.604229607250755,0.0895295902883156,0.962292609351433,0.592987804878049,0.0749625187406297,0.0852359208523592,0.545736434108527,0.596969696969697,0.605783866057839,0.597523219814242,0.0763473053892216,0.595975232198142,0.592203898050975,0.657450076804916,0.598774885145482,0.0463378176382661,0.596412556053812,0.996879875195008,0.590015128593041,0.915178571428571,0.0842266462480858,0.99537037037037,0.601866251944012,0.590563165905632,0.600303951367781,0.0824587706146927,0.0706605222734255,0.0834621329211747,0.0832072617246596,0.07981220657277,0.0869565217391304,0.583841463414634,0.0903614457831325,0.593373493975904,0.597402597402597,0.497005988023952,0.414634146341463,0.0819672131147541,0.0868924889543446,0.923994038748137,0.59499263622975,0.966666666666667,0.0817236255572065,0.957575757575758,0.0870870870870871,0.0832025117739403,0.588414634146341,0.0838414634146342,0.0781499202551834,0.460949464012251,0.663026521060842,0.0901162790697674,0.996923076923077,0.99075500770416,0.0824587706146927,0.0825688073394495,0.0757575757575758,1,0.91679273827534,0.59009009009009,0.486943164362519,0.599410898379971,0.921013412816691,0.574500768049155,0.998452012383901,0.0818181818181818,0.0892307692307692,0.598227474150665,0.589820359281437,0.849544072948328,0.590138674884438,0.601783060921248,0.596385542168675,0.0849772382397572,0.0861027190332326,0.582043343653251,0.0805270863836018,0.925149700598802,0.0725308641975309,0.867175572519084,0.0892307692307692,0.412293853073463,0.0801186943620178,0.599697885196375,0.600308641975309,0.995468277945619,0.414670658682635,0.0806697108066971,0.0748091603053435,0.304012345679012,0.197819314641745,0.596330275229358,0.605828220858896,0.081570996978852,0.590361445783133,0.843465045592705,0.598145285935085,0.0911764705882353,0.992548435171386,0.0911854103343465,0.0802469135802469,0.587878787878788,0.408320493066256,0.597809076682316,0.0846394984326019,0.0755007704160247,0.604511278195489,0.599092284417549,0.586053412462908,0.23728813559322,0.595975232198142,0.08649468892261,0.977611940298508,0.087667161961367,0.075968992248062,0.397301349325337,0.451367781155015,0.592125984251968,0.97542242703533,0.583841463414634,0.0819423368740516,0.0681458003169572,0.605740181268882,0.580093312597201,0.467473524962179,0.0810810810810811,0.604197901049475,0.690690690690691,0.600903614457831,0.104477611940299,0.625,0.928353658536585,0.607518796992481,0.587887740029542,0.593220338983051,0.598130841121495,0.596701649175412,0.109445277361319,0.0835866261398176,0.605740181268882,0.542768273716952,0.40809968847352,0.860606060606061,0.395238095238095,0.0771558245083207,0.587253414264036,0.92824427480916,0.580547112462006,0.59789156626506,0.704204204204204,0.579510703363914,0.922038980509745,0.581570996978852,0.60490045941807,0.583850931677019,0.595129375951294
"289",0.304140127388535,0.329173166926677,0.318611987381703,0.331179321486268,0.314152410575428,0.30564263322884,0.0112721417069243,0.318541996830428,0.314728682170543,0.564019448946515,0.317829457364341,0.641538461538462,0.523809523809524,0.322884012539185,1,1,0.61136712749616,0,0.325806451612903,0.301412872841444,1,1,0.322378716744914,0.515625,0.314984709480122,1,1,0.331707317073171,0.313935681470138,0.524193548387097,1,0.597503900156006,0.365325077399381,0.99685534591195,0.661904761904762,0.32516339869281,0.130914826498423,0.333333333333333,1,0.307098765432099,0.00156985871271586,0,0,0.327503974562798,0.32120253164557,1,0.996840442338073,1,1,1,0.687116564417178,0.320634920634921,1,0.323029366306028,0.3198127925117,0.821484992101106,0.11198738170347,0.315541601255887,0.313178294573643,0.317829457364341,0.992248062015504,1,1,0.0031496062992126,0.315024232633279,0.320373250388802,0.65987460815047,0.330173775671406,0.609422492401216,1,0.31441717791411,1,1,0.276190476190476,0.153013910355487,0.317700453857791,1,0.996908809891808,0.325,1,0.601626016260163,1,1,0.327188940092166,1,0.319148936170213,0.313385826771654,0.331259720062208,0.316614420062696,0,0.31911532385466,0.327769347496206,0.688575899843505,0.577639751552795,0.315873015873016,0.638167938931298,0.678018575851393,0.311248073959938,0.111470113085622,0,0.315047021943574,0.614533965244866,1,0.305111821086262,1,0.308176100628931,0,0.322932917316693,1,1,1,0.308049535603715,0.996884735202492,0.33179012345679,0.199381761978362,0.312781954887218,1,0.364341085271318,1,1,0.192733017377567,0.31974921630094,1,1,0.329230769230769,1,0.322289156626506,0.314984709480122,0.351910828025478,0.762917933130699,0.318255250403877,1,0.33015873015873,0.632530120481928,0.331179321486268,1,0.00155038759689922,1,0.373817034700315,0.885714285714286,0.580696202531646,0.59717868338558,0.31875,0.319354838709677,1,0.312307692307692,1,0.302507836990596,0.504672897196262,0.327718223583461,1,0.30298273155416,0.318541996830428,0.330683624801272,0.322480620155039,1,0.314641744548287,1,0.426605504587156,0.325077399380805,1,0.324200913242009,1,0.583732057416268,0.322169059011164,1,0.315625,0.314465408805031,0.329133858267717,0.990783410138249,0.328050713153724,1,0.326498422712934,1,0.317073170731707,1,0.592879256965944,0.300469483568075,0.0318471337579618,0.309148264984227,0.321711568938193,1,0.297169811320755,0.315541601255887,0.32755905511811,0.331738437001595,1,1,0.325358851674641,0.322932917316693,1,1,0.327666151468315,0.221705426356589,0.019578313253012,0.683229813664596,1,0.00156494522691706,0.312788906009245,1,0.317965023847377,0.308157099697885,0.309859154929577,0.998449612403101,1,1,0.329754601226994,0.313099041533546,0.324615384615385,0.684044233807267,0.311811023622047,1,0.342271293375394,1,1,0.426332288401254,0.331230283911672,0.319938176197836,0.327102803738318,0.302180685358255,0.317034700315457,0.634493670886076,1,1,0.317629179331307,0.0046583850931677,0.326717557251908,0.324283559577677,0.3203125,0.313935681470138,0.304953560371517,0.32312404287902,0.692068429237947,0.351432880844646,0.305426356589147,1,0.321711568938193,1,0.310975609756098,0.3104,0.306729264475743,0.333858267716535,0.309636650868878,1,0.323529411764706,0.793977812995246,1,1,0.998412698412698,1,1,0.893650793650794,1,1,1,0.315301391035549,1,0.32300163132137,0,1,0.375,1,0.322784810126582,0.31974921630094,0.31974921630094,0.409810126582278,1,0.321044546850998,1,1,1,1,0,0.311111111111111,1,1,0.324409448818898,1,0.322981366459627,1,1,0.310725552050473,0.325878594249201,0.301538461538462,0.144427001569859,0.330658105939005,0,0.588414634146341,1,0.32824427480916,0.318110236220472,0.572948328267477,1,1,0.324104234527687,0.327639751552795,1,0.657320872274143,0.694620253164557,0.304625199362041,0.319488817891374,0.995391705069124,0.327586206896552,0.309230769230769,1,0.314728682170543,0.306976744186047,1,0.313385826771654,0.313694267515924,0.314152410575428,0.318611987381703,1,1,1,0.309033280507132,0.323343848580442,0.0062111801242236,0.99375,0.324717285945073,1,1,0.310872894333844,0.329738058551618,0.306729264475743,0.31875,0.31619937694704,1,0.310126582278481,0.306349206349206,0.566343042071197,1,0.838050314465409,1,0,1,0.327743902439024,1,1,0.400928792569659,1,0.319554848966614,1,0.308056872037915,0.305164319248826,0.314152410575428,1,1,0.320987654320988,0.396135265700483,0.608626198083067,0.304,1,1,1,0.322061191626409,1,0.189952904238619,1,1,1,1,0.325153374233129,1,0.318770226537217,0.335423197492163,0.677067082683307,0.306089743589744,1,0.327102803738318,0.313271604938272,0.322061191626409,1,0.313455657492355,1,0.324159021406728,0.494573643410853,0.321044546850998,0.321316614420063,0.312883435582822,1,0.319047619047619,0.308777429467085,1,1,0.328682170542636,0.31055900621118,1,0.469040247678019,0.3104,0.321646341463415,0.331259720062208,0.675465838509317,1,0.298387096774194,1,0.412322274881517,0.316535433070866,0,0.881172839506173,0.315705128205128,0.315467075038285,0,0.031201248049922,0.985981308411215,0.313084112149533,1,0.31839258114374,0.314606741573034,1,0.322981366459627,0.318910256410256,0.671339563862928,1,0.322734499205087,0.3140625,1,0.315707620528771,0.312803889789303,1,0.3328173374613,0.317965023847377,0.32,0.335413416536661,0.790697674418605,1,0.979430379746835,1,1,0.00157728706624606,1,0.995363214837713,1,0.41875,0.998381877022654,0.310030395136778,0.993893129770992,0.328660436137072,0.996865203761755,0.604826546003017,0.632558139534884,0.317901234567901,0.312307692307692,0.635514018691589,0.313195548489666,0,0.628440366972477,0.674491392801252,0.317557251908397,0.0015600624024961,0.313385826771654,0.317683881064163,0.766192733017378,0.3265625,0.685358255451713,0.584541062801932,0.322884012539185,0.316923076923077,0.297971918876755,1,0.0267857142857143,0,0.316846986089645,0.32967032967033,0.338006230529595,1,0.327503974562798,0.319685039370079,1,0.305900621118012,0.941448382126348,0.574162679425837,1,1,0.995049504950495,0.317901234567901,0.599393019726859,0.322822822822823,0.304276315789474,0.310725552050473,0.409160305343511,1,0.315217391304348,1,0.326298701298701,0.312,1,0.310236220472441,1,0.324367088607595,1,1,0.320813771517997,0,1,0.325545171339564,1,0.5546875,1,0.500772797527048,1,0.571653543307087,1,0.31629392971246,1,1,1,0.309148264984227,0.31911532385466,0.316265060240964,0.351132686084142,0.32741935483871,0.307332293291732,1,0.32182103610675,1,1,0.324451410658307,0.317741935483871,0.317901234567901,0.388976377952756,0.327131782945736,1,1,0.328682170542636,0.3296,0.626984126984127,0.592063492063492,0.320251177394035,0.317683881064163,1,0.312111801242236,0.316742081447964,0.995260663507109,0.309602649006623,0.309375,0,0.132307692307692,0.3234375,0.6797583081571,0.311320754716981,0.320121951219512,0.594761171032357,0.996835443037975,0.316720257234727,1,0.318681318681319,0.345541401273885,0.314152410575428,0.485271317829457,0.3125,1,0.325077399380805,0.321027287319422,0.339144215530903,0.687116564417178,1,0.325281803542673,0.313755795981453,0,0.324074074074074,1,0.957746478873239,1,0.322378716744914,0.323574730354391,0.316037735849057,0.578294573643411,1,0.584786053882726,0.335433070866142,1,1,0.966257668711656,0.678740157480315,0.338006230529595,0.3625,0.321981424148607,0.322480620155039,1,1,0.510236220472441,0.630744849445325,1,1,1,0.691693290734824,1,0.328746177370031,0.677165354330709,1,0.321316614420063,0.321259842519685,0.316770186335404,0.998427672955975,1,0.643769968051118,0.320433436532508,1,1,0.327586206896552,0.3140625,1,0,0.312599681020734,0.314465408805031,0.00473186119873817,0.314503816793893,1,0.317460317460317,1,0.14175654853621,0,0.901081916537867,0.322429906542056,1,1,0,0.00154798761609907,0.330757341576507,1,0.313291139240506,0.998480243161094,0.313971742543171,1,0.998417721518987,0.966666666666667,0.764705882352941,1,1,0.0031496062992126,1,0.521103896103896,0.326465927099842,0.67741935483871,0.3203125,1,0.307448494453249,0.673879443585781,1,1,0.310618066561014,0.614567526555387,0.31937984496124,0.588328075709779,0.973312401883831,0.334389857369255,0.593996840442338,0.00928792569659443,0.313572542901716,0.321875,0.320610687022901,1,0.638167938931298,0.311627906976744,0.897314375987362,0.581102362204724,0.96937212863706,1,1,0.307931570762053,0.338658146964856,0.311320754716981,0.316692667706708,0.313084112149533,0.611026033690659,0.298461538461538,0,0.676737160120846,0.998449612403101,0.327639751552795,0.313664596273292,0.319148936170213,0.314900153609831,0.603100775193798,1,0.336405529953917,0.32967032967033,0.328025477707006,0.319685039370079,0.321981424148607,0.309409888357257,0.188854489164087,0.676703645007924,0.318110236220472,0.599071207430341,1,0.223454833597464,0.319182389937107,0.923076923076923,1,1,0.315625,0.632398753894081,1,0.314728682170543,0.301587301587302,0.960063897763578,1,1,0.996789727126806,0.325153374233129,1,1,0.897151898734177,1,0.359208523592085,1,0.588141025641026,1,0.667692307692308,0.307692307692308,0.590342679127726,1,1,0.992088607594937,0.325038880248834,0.326086956521739,0.328502415458937,0.321483771251932,0.327447833065811,0.320813771517997,0.990415335463259,0.31875,1,1,0.706624605678233,0,0.319018404907975,0.318885448916409,0.679566563467492,1,0.569640062597809,0.32258064516129,0.644094488188976,0.314553990610329,0.319870759289176,1,0.316455696202532,0.325242718446602,0.676282051282051,0.907766990291262,0.324888226527571,0.595238095238095,0.574433656957929,0.324492979719189,0.330658105939005,0.305900621118012,0.59594383775351,0.672897196261682,1,0.900943396226415,1,0.659541984732824,0.998412698412698,0.593004769475358,0.3203125,0.322834645669291,1,1,0.424148606811146,0.995169082125604,0.996932515337423,1,0.314375987361769,0.324116743471582,1,0.314759036144578,0.675925925925926,0.335453100158982,0.45141065830721,0.29746835443038,0,0.316846986089645,1,1,0.597826086956522,0.0015600624024961,0.326530612244898,0.321875,0.0985691573926868,0.415584415584416,1,1,0.309375,1,0.4015625,1,0.331316187594554,0.586477987421384,0.325396825396825,0.312,1,0,1,0.311501597444089,0.32018927444795,1,1,1,0.434920634920635,1,0.316118935837246,0.620743034055728,0.329173166926677,0.331707317073171,0.00154798761609907,0.0410094637223975,1,0.615740740740741,1,0.327102803738318,0.327447833065811,1,1,0.1609375,0.314641744548287,1,0.897709923664122,1,0.319938176197836,0.196232339089482,0.66875,1,1,1,1,1,0.285060975609756,0.311912225705329,1,0.113418530351438,0.00158478605388273,0.429017160686427,0,0.327613104524181,1,0.670866141732283,1,1,0.890432098765432,1,0.673343605546995,1,1,1,1
"290",1,1,1,1,1,1,0.708399366085578,1,1,0.103833865814696,1,0.043343653250774,0.803486529318542,1,0.318181818181818,0.306625577812018,0.0645161290322581,0.689822294022617,1,1,0.296923076923077,0.314553990610329,1,0.156202143950995,1,0.326153846153846,0.315132605304212,1,1,0.778816199376947,0.307692307692308,0.725,0.961656441717791,0.320493066255778,0,1,0.54364471669219,1,0.301659125188537,1,0.663109756097561,0.68266253869969,0.691376701966717,1,1,0.317683881064163,0.315707620528771,0.30781010719755,0.331316187594554,0.328220858895706,0,1,0.315233785822021,1,1,0.501592356687898,0.56298600311042,1,1,1,0.326687116564417,0.313755795981453,0.32018927444795,0.67906976744186,1,1,0.0327102803738318,1,0.0591715976331361,0.3202416918429,1,0.320493066255778,0.321711568938193,0.966981132075472,0.513178294573643,1,0.313364055299539,0.331316187594554,1,0.323248407643312,0.0907643312101911,0.329704510108865,0.329787234042553,1,0.337962962962963,1,1,1,1,0.69431643625192,1,1,0,0.10960960960961,1,0.0434131736526946,0,1,0.563091482649842,0.67246835443038,1,0.0540540540540541,0.313935681470138,1,0.316614420062696,1,0.684451219512195,1,0.318885448916409,0.322085889570552,0.31651376146789,1,0.326120556414219,1,0.487878787878788,1,0.317757009345794,0.304281345565749,0.320359281437126,0.320373250388802,0.482758620689655,0.998480243161094,0.321044546850998,0.3136,1,0.308868501529052,1,1,0.335403726708075,0.544776119402985,1,0.31832298136646,1,0.0417287630402385,1,0.317700453857791,0.678353658536585,0.316923076923077,0.93125,0.4384,0.107309486780715,0.10077519379845,1,1,0.334370139968896,1,0.317365269461078,1,0.796946564885496,1,0.329093799682035,1,1,1,1,0.32967032967033,1,0.323899371069182,0.26027397260274,1,0.311926605504587,1,0.299079754601227,0.0890625,1,0.307086614173228,1,1,1,0.327844311377246,1,0.324492979719189,1,0.30781010719755,1,0.319620253164557,0.0816944024205749,1,0.632258064516129,1,1,0.320695102685624,1,1,1,1,0.32,0.311926605504587,1,0.998447204968944,0.313935681470138,0.307936507936508,1,0.460829493087558,0.670623145400593,0,0.316998468606432,0.670807453416149,1,0.319277108433735,1,0.998475609756098,1,0.315870570107858,0.317220543806647,0.333333333333333,1,1,1,0,1,0.309148264984227,0.976923076923077,0.326053042121685,0.311077389984825,0.755351681957186,1,1,1,1,1,0.0431432973805855,0.315541601255887,0.324200913242009,1,0.682926829268293,1,1,0.998459167950693,0.998484848484849,1,1,0.00154798761609907,0.321592649310873,1,0.311627906976744,1,0.298761609907121,1,1,1,1,1,0.322429906542056,1,0.5,0.327613104524181,0.327272727272727,0.313694267515924,0.320373250388802,0.33125,0.430379746835443,0.329770992366412,0.315789473684211,0.311248073959938,1,0.314329738058552,1,0.683890577507599,0.316118935837246,0.32,0.336990595611285,1,1,1,0.26905132192846,0.313846153846154,1,0.31911532385466,0.32572298325723,0.313725490196078,0.321100917431193,0.686244204018547,1,0.329754601226994,0.312597200622084,1,0.298076923076923,1,0.3202416918429,0.310185185185185,1,1,1,0.552959501557632,1,0.689814814814815,0.0868263473053892,0.32824427480916,1,1,0.101515151515152,0.324159021406728,0.328638497652582,1,1,0.304482225656878,0.0202808112324493,0.00158982511923688,1,1,0.338391502276176,0.998475609756098,1,0.311450381679389,1,1,0.324492979719189,1,1,1,1,0.322932917316693,0.311278195488722,0.332278481012658,1,1,0.672839506172839,0.321372854914197,1,0.317073170731707,0.302180685358255,1,1,0.998452012383901,1,1,0.326530612244898,1,1,0.10989010989011,0.325652841781874,0.5,0.309636650868878,0.672386895475819,0.319938176197836,1,0.309006211180124,0.329704510108865,0.265648854961832,0.321699544764795,1,0.328335832083958,1,1,1,0.313271604938272,0.324734446130501,0.998463901689708,0.919743178170145,0.0645161290322581,1,0.311627906976744,0.32182103610675,0.307936507936508,1,0.325688073394495,0.474418604651163,0.323619631901841,0.311827956989247,0.309748427672956,0.307570977917981,1,0.325358851674641,1,1,0,1,0.325038880248834,1,1,1,0.326530612244898,1,0.312693498452012,1,0.829457364341085,1,1,1,0.314024390243902,1,1,0.311077389984825,0.31651376146789,1,1,0.309006211180124,0.195121951219512,1,0.998470948012232,1,0,0.315457413249211,1,0.309341500765697,0.248847926267281,1,0.67737003058104,0.435975609756098,1,1,0.675555555555556,0.693623639191291,0.343260188087774,1,0.315151515151515,1,1,0.33125,1,0.998442367601246,0.00309597523219814,0.325617283950617,1,1,0.329211746522411,1,1,0.308777429467085,0.341463414634146,1,1,1,0.520673813169985,0.312024353120244,0.341692789968652,0.316816816816817,0.328746177370031,0.688473520249221,0.319277108433735,0.32824427480916,0.318250377073906,0.244239631336406,0.318611987381703,1,0.321699544764795,0.998435054773083,0.314112291350531,0.0863095238095238,0.0488549618320611,1,1,0.0376766091051805,1,0.688922610015175,0.0395738203957382,0.0063391442155309,1,0.686915887850467,1,1,0.5484375,1,0,0.0772870662460568,1,1,1,0.325471698113208,0.645588235294118,0.686305732484076,0.995426829268293,1,0.984662576687117,0.298003072196621,0.347417840375587,1,0.303076923076923,1,0.372056514913658,0.106687898089172,0.30568356374808,0.318181818181818,0.339901477832512,1,0.081447963800905,1,1,1,0.265648854961832,0.332807570977918,1,0.327014218009479,1,1,0.310872894333844,1,0.325892857142857,1,0.311627906976744,0.321766561514196,1,0.680061823802164,0.316590563165906,1,0.308411214953271,0.756134969325153,0.319083969465649,0.164885496183206,0.320417287630402,0.761102603369066,0.307692307692308,1,0.325115562403698,0.342024539877301,0.294656488549618,1,1,1,0.966237942122186,0.353697749196141,1,0.3232,1,0.317589576547231,0.314024390243902,1,1,1,0.915123456790123,1,0.307339449541284,0.32370820668693,1,1,0.0483619344773791,0.0804416403785489,1,1,0.31201248049922,1,1,0.320433436532508,1,1,0.682098765432099,0.545045045045045,1,0,1,1,0.105022831050228,0.323029366306028,1,0.325153374233129,0.998427672955975,0.966981132075472,0.998454404945904,0.817619783616692,1,0.332278481012658,1,1,1,0,0.309791332263242,1,1,0.670769230769231,1,0.31875,0.36030534351145,0.321483771251932,1,1,1,0.0950226244343891,0.320433436532508,0.0911949685534591,0.998425196850394,0.321538461538462,0.306060606060606,0.351766513056836,0,1,0.961479198767334,1,1,0.326530612244898,0.310502283105023,0.166144200626959,0.0376175548589342,0.317411402157165,0.308892355694228,0.327300150829563,0,0.313271604938272,1,0,0.313636363636364,1,1,1,0.315629742033384,0.321907600596125,0.0324149108589951,1,0.311627906976744,0.310502283105023,1,1,0.320552147239264,0.694041867954911,1,1,0.698142414860681,1,0.307926829268293,1,0.313479623824451,0.536098310291859,0.674772036474164,0.412121212121212,1,0.299847792998478,0.317829457364341,0.674772036474164,0.666156202143951,1,0.323664122137405,1,0.325264750378215,1,0.317262830482115,0.311811023622047,0.360248447204969,0.522137404580153,0.317034700315457,0.30298273155416,0.670295489891135,0.320493066255778,0.148387096774194,1,0,1,0.298299845440495,1,0,0.320433436532508,0.320634920634921,1,0.0581222056631893,1,0.0899053627760252,0.335423197492163,1,0.0674846625766871,0.669218989280245,1,1,1,0.309677419354839,0.037593984962406,1,0.423197492163009,0.0953125,0.356707317073171,0.324534161490683,0.322289156626506,1,1,1,1,1,0.0647590361445783,0.995405819295559,0.686064318529862,0.00146842878120411,0.325153374233129,1,1,1,1,0.0864197530864197,0.318731117824773,1,1,1,1,1,1,0.493233082706767,0,1,0.0892307692307692,0.324116743471582,0.44359756097561,1,0.39375,0.31139646869984,0.308396946564885,1,0.0374414976599064,0.315629742033384,1,1,0.3703125,0.310502283105023,0.310185185185185,0.31496062992126,0.998449612403101,0.328593996840442,0.314589665653495,0.423676012461059,0.3171875,0.972727272727273,0.309559939301973,0.0880503144654088,0.327613104524181,0,1,0.0895061728395062,0.302795031055901,0.318818040435459,0.317484662576687,1,1,1,1,1,1,0.332278481012658,1,0.314241486068111,0.310064935064935,0.620583717357911,0.679365079365079,1,1,0,0.311278195488722,0.125382262996942,0.998500749625187,0.0327613104524181,1,1,0.318181818181818,1,1,0.63265306122449,0.4144,0.995626822157434,0.0818897637795276,0.1046875,1,1,1,0.0911901081916538,0,0.316742081447964,0.41692789968652,0.31981981981982,0,0.327044025157233,0.0860719874804382,1,1,0.319277108433735,0.320493066255778,0.252293577981651,0.335463258785943,0.313725490196078,0.321044546850998,1,1,0.329635499207607,1,0,1,0.230283911671924,1,0.674884437596302,1,0.305555555555556,0.307814992025518,0.0771604938271605,0.677914110429448,1,1,0.789638932496075,0.895569620253165,0.320493066255778,0.317535545023697,1,0.314814814814815,0.262422360248447,0.323248407643312,1,0.105100463678516,1,1,0.308868501529052,0.682692307692308,0.308777429467085,1,1,0.30640243902439,0.305555555555556,0.319634703196347,0.860719874804382,0.321711568938193,1,0.0566615620214395,1,1,0.701863354037267,0.65015479876161,0.325878594249201,0.0556414219474498,0.321928460342146,1,1,0.305295950155763,0.3296875,0.63030303030303,1,0.313813813813814,0.375757575757576,0.309341500765697,0.984894259818731,0.483568075117371,0.0015220700152207,0.306525037936267,0.326378539493294,0.33175355450237,0.31637519872814,0.317910447761194,0.972685887708649,1,0.311627906976744,0.546178343949045,0.684867394695788,0.242236024844721,0.682182985553772,1,0.320433436532508,0.0031496062992126,0.325038880248834,0.317901234567901,0.375189107413011,0.318818040435459,0,0.329770992366412,0.318541996830428,0.327639751552795,0.315217391304348
"291",1,1,1,1,1,1,0.699675324675325,1,1,0.0909090909090909,1,0.0430622009569378,0.8128,1,0.318770226537217,0.309791332263242,0.0590979782270607,0.683946488294314,1,1,0.297770700636943,0.312599681020734,1,0.151658767772512,1,0.329635499207607,0.320388349514563,1,1,0.791732909379968,0.312989045383412,0.734059097978227,0.962204724409449,0.315873015873016,0,1,0.525316455696203,1,0.298780487804878,1,0.66984126984127,0.677165354330709,0.694835680751174,1,1,0.32952691680261,0.315789473684211,0.309006211180124,0.322327044025157,0.328125,0,1,0.31104199066874,1,1,0.483922829581994,0.548701298701299,1,1,1,0.329113924050633,0.319182389937107,0.317384370015949,0.677830940988836,1,1,0.035031847133758,1,0.0545171339563863,0.31733746130031,1,0.319047619047619,0.324013157894737,0.96260162601626,0.507064364207221,1,0.305511811023622,0.331782945736434,1,0.320325203252033,0.0898876404494382,0.328,0.326433121019108,1,0.341772151898734,1,1,1,1,0.682888540031397,1,1,0.00157977883096367,0.0982839313572543,1,0.0457317073170732,0,1,0.556280587275693,0.671451355661882,1,0.0516962843295638,0.314785373608903,1,0.312698412698413,1,0.683881064162754,1,0.316957210776545,0.31733746130031,0.317757009345794,1,0.322784810126582,1,0.489096573208723,1,0.312302839116719,0.297674418604651,0.324074074074074,0.317307692307692,0.482484076433121,0.998394863563403,0.323899371069182,0.317512274959083,1,0.302034428794992,1,1,0.324881141045959,0.537267080745342,1,0.322632423756019,1,0.0417310664605873,1,0.3203125,0.670866141732283,0.33175355450237,0.931746031746032,0.424793388429752,0.0980707395498392,0.0926517571884984,1,1,0.328525641025641,1,0.325688073394495,1,0.807453416149068,1,0.327390599675851,1,1,1,1,0.3328125,1,0.331730769230769,0.241706161137441,1,0.317829457364341,1,0.295055821371611,0.087719298245614,1,0.318327974276527,1,1,1,0.325545171339564,1,0.322683706070288,1,0.303937007874016,1,0.317891373801917,0.0736677115987461,1,0.635914332784185,1,1,0.318910256410256,1,1,1,1,0.321711568938193,0.317757009345794,1,0.998422712933754,0.320433436532508,0.308681672025723,1,0.4390625,0.669207317073171,0,0.317111459968603,0.676703645007924,1,0.325077399380805,1,0.998425196850394,1,0.315625,0.325617283950617,0.321086261980831,1,1,1,0,1,0.309951060358891,0.972886762360447,0.321711568938193,0.312399355877617,0.750392464678179,1,1,1,1,1,0.0414673046251994,0.312,0.325949367088608,1,0.682170542635659,1,1,1,0.998410174880763,1,1,0.00464396284829721,0.317262830482115,1,0.305863708399366,1,0.302034428794992,1,1,1,1,1,0.33122028526149,1,0.5136,0.325358851674641,0.324534161490683,0.3072,0.322274881516588,0.333863275039746,0.410714285714286,0.338095238095238,0.322274881516588,0.310509554140127,1,0.31687898089172,1,0.680428134556575,0.321656050955414,0.305772230889236,0.333863275039746,1,1,1,0.252006420545746,0.31496062992126,1,0.320512820512821,0.322085889570552,0.311811023622047,0.322378716744914,0.68088467614534,1,0.324960753532182,0.320574162679426,1,0.30718954248366,1,0.3125,0.315955766192733,1,1,1,0.529874213836478,1,0.684542586750789,0.08125,0.318110236220472,1,1,0.0934579439252336,0.318037974683544,0.331707317073171,1,1,0.304075235109718,0.023696682464455,0.00323624595469256,1,1,0.341614906832298,0.998417721518987,1,0.309968847352025,1,1,0.317460317460317,1,1,1,1,0.326018808777429,0.309968847352025,0.324590163934426,1,1,0.667192429022082,0.315955766192733,1,0.320373250388802,0.298076923076923,1,1,0.998430141287284,1,1,0.322683706070288,1,1,0.104333868378812,0.333850931677019,0.487179487179487,0.315024232633279,0.6704,0.322981366459627,1,0.305691056910569,0.3344,0.253125,0.315625,1,0.325617283950617,1,1,1,0.312,0.321316614420063,0.998452012383901,0.925806451612903,0.0591054313099042,1,0.3234375,0.315705128205128,0.313504823151125,1,0.328125,0.465927099841521,0.33489827856025,0.313001605136437,0.315789473684211,0.312,1,0.329073482428115,1,1,0,1,0.32258064516129,1,1,1,0.324193548387097,1,0.314516129032258,1,0.839313572542902,1,1,1,0.3234375,1,1,0.312302839116719,0.315955766192733,1,1,0.316279069767442,0.190402476780186,1,0.998422712933754,1,0,0.307568438003221,1,0.314194577352472,0.23482428115016,1,0.67601246105919,0.442040185471406,1,1,0.674809160305344,0.70125786163522,0.340836012861736,1,0.320695102685624,1,1,0.333868378812199,1,0.998422712933754,0.00788643533123028,0.32484076433121,1,1,0.319554848966614,1,1,0.309951060358891,0.325949367088608,1,1,1,0.545741324921136,0.307332293291732,0.353035143769968,0.31859756097561,0.329133858267717,0.682108626198083,0.33125,0.317965023847377,0.315301391035549,0.2272,0.315024232633279,1,0.324031007751938,0.998384491114701,0.3109375,0.0788253477588872,0.0475435816164818,1,1,0.037914691943128,1,0.6796875,0.0415335463258786,0.0110759493670886,1,0.677165354330709,1,1,0.529695024077046,1,0,0.0731707317073171,1,1,1,0.325914149443561,0.652439024390244,0.685337726523888,0.99685534591195,1,0.982945736434109,0.299843014128728,0.328638497652582,1,0.302439024390244,1,0.375987361769352,0.0984126984126984,0.308176100628931,0.323076923076923,0.333887043189369,1,0.0703125,1,1,1,0.250793650793651,0.323151125401929,1,0.328571428571429,1,1,0.309375,1,0.322480620155039,1,0.313195548489666,0.318541996830428,1,0.679626749611198,0.314329738058552,1,0.305958132045089,0.764341085271318,0.321928460342146,0.15615141955836,0.321646341463415,0.776357827476038,0.316639741518578,1,0.320754716981132,0.334905660377358,0.289808917197452,1,1,1,0.970731707317073,0.344103392568659,1,0.326433121019108,1,0.321666666666667,0.317557251908397,1,1,1,0.925750394944708,1,0.316692667706708,0.316037735849057,1,1,0.0417335473515249,0.0806962025316456,1,1,0.309677419354839,1,1,0.317610062893082,1,1,0.677367576243981,0.525157232704403,1,0,1,1,0.0964777947932619,0.331746031746032,1,0.325358851674641,0.998407643312102,0.9664,0.998422712933754,0.822429906542056,1,0.334967320261438,1,1,1,0,0.315789473684211,1,1,0.668789808917197,1,0.321928460342146,0.363207547169811,0.31911532385466,1,1,1,0.0847723704866562,0.32258064516129,0.0848287112561175,0.9984,0.310832025117739,0.308777429467085,0.357142857142857,0,1,0.957613814756672,1,1,0.329052969502408,0.301092043681747,0.154458598726115,0.036741214057508,0.327586206896552,0.3125,0.324031007751938,0.00159235668789809,0.317460317460317,1,0,0.323343848580442,1,1,1,0.318181818181818,0.317262830482115,0.0354838709677419,1,0.312796208530806,0.309859154929577,1,1,0.3248,0.681444991789819,1,1,0.688372093023256,1,0.3078125,1,0.317535545023697,0.52,0.666666666666667,0.402173913043478,1,0.298299845440495,0.317111459968603,0.679365079365079,0.665109034267913,1,0.322884012539185,1,0.319444444444444,1,0.322784810126582,0.3125,0.357487922705314,0.510204081632653,0.321895424836601,0.3104,0.667189952904239,0.314553990610329,0.139802631578947,1,0,1,0.300955414012739,1,0,0.3264,0.318979266347687,1,0.0546021840873635,1,0.0826580226904376,0.338632750397456,1,0.0622083981337481,0.673566878980892,1,1,1,0.32013201320132,0.0372093023255814,1,0.427652733118971,0.088,0.351648351648352,0.321766561514196,0.324574961360124,1,1,1,1,1,0.0585516178736518,0.996865203761755,0.690880989180835,0.00458715596330275,0.320126782884311,1,1,1,1,0.0833333333333333,0.317829457364341,1,1,1,1,1,1,0.484326018808777,0.00158982511923688,1,0.081377151799687,0.321316614420063,0.421303656597774,1,0.399676375404531,0.318864774624374,0.313385826771654,1,0.0375586854460094,0.322274881516588,1,1,0.37378640776699,0.311912225705329,0.317460317460317,0.31219512195122,0.998425196850394,0.331179321486268,0.312796208530806,0.414012738853503,0.311111111111111,0.976228209191759,0.315384615384615,0.0781758957654723,0.325,0,1,0.0849358974358974,0.313694267515924,0.315789473684211,0.31869918699187,1,1,1,1,1,1,0.336538461538462,1,0.31139646869984,0.325423728813559,0.599364069952305,0.676848874598071,1,1,0,0.315541601255887,0.115506329113924,0.998466257668712,0.0332805071315372,1,1,0.313099041533546,1,1,0.630225080385852,0.417618270799347,0.996969696969697,0.0796747967479675,0.0922330097087379,1,1,1,0.0810810810810811,0,0.314728682170543,0.42604501607717,0.317683881064163,0,0.324881141045959,0.082258064516129,1,1,0.329738058551618,0.322327044025157,0.225961538461538,0.3322528363047,0.310452418096724,0.325320512820513,1,1,0.326923076923077,1,0,1,0.211631663974152,1,0.671339563862928,1,0.315705128205128,0.305825242718447,0.0764430577223089,0.674454828660436,1,1,0.782193958664547,0.89413680781759,0.318541996830428,0.311290322580645,1,0.315286624203822,0.251192368839428,0.32520325203252,1,0.0992125984251968,1,1,0.322683706070288,0.676422764227642,0.312796208530806,1,1,0.306729264475743,0.307210031347962,0.32262996941896,0.856459330143541,0.316912972085386,1,0.0510835913312693,1,1,0.698738170347003,0.654340836012862,0.32569558101473,0.0569620253164557,0.321086261980831,1,1,0.304761904761905,0.332258064516129,0.614439324116744,1,0.312210200927357,0.363636363636364,0.309636650868878,0.982785602503912,0.472178060413355,0.00315955766192733,0.309859154929577,0.324074074074074,0.328025477707006,0.314935064935065,0.321981424148607,0.973101265822785,1,0.318681318681319,0.53518821603928,0.679153094462541,0.230529595015576,0.689034369885434,1,0.331797235023041,0.00159744408945687,0.32348367029549,0.314375987361769,0.36150234741784,0.324717285945073,0,0.337423312883436,0.322222222222222,0.322632423756019,0.315955766192733
"292",0.0987261146496815,0.0969230769230769,0.0923317683881064,0.0904836193447738,0.095679012345679,0.0993788819875776,0.394944707740916,0.0982839313572543,0.102643856920684,1,0.0960365853658537,0.949843260188088,0.0858505564387917,0.098159509202454,0.58695652173913,0.596923076923077,0.975497702909648,0.418006430868167,0.0967238689547582,0.0975232198142415,0.593406593406593,0.586854460093897,0.101823708206687,0.941538461538462,0.108562691131498,0.572093023255814,0.5814696485623,0.0936507936507937,0.107197549770291,0.141287284144427,0.599378881987578,0.164133738601824,0.0717557251908397,0.587596899224806,0.916279069767442,0.101141924959217,0.5609375,0.0960365853658537,0.599695585996956,0.10260336906585,0.4421875,0.419504643962848,0.419207317073171,0.0989180834621329,0.0995260663507109,0.579937304075235,0.588325652841782,0.589665653495441,0.584876543209877,0.568567026194145,0.905426356589147,0.0944,0.581929555895865,0.0897832817337461,0.101851851851852,0.40952380952381,0.537124802527646,0.0938967136150235,0.101694915254237,0.0996884735202492,0.569018404907976,0.572769953051643,0.579192546583851,0.430577223088924,0.1,0.103975535168196,0.957943925233645,0.0962732919254658,0.977443609022556,0.580893682588598,0.0902140672782875,0.590062111801242,0.575471698113208,0.1296,0.590769230769231,0.102255639097744,0.593323216995448,0.570776255707763,0.0955993930197269,0.57753164556962,1,0.575899843505477,0.574961360123648,0.104776579352851,0.564491654021244,0.0925644916540212,0.0969230769230769,0.0965732087227414,0.0970266040688576,0.408037094281298,0.0924764890282132,0.0858433734939759,0.91131498470948,1,0.0883280757097792,0.954682779456193,0.90519877675841,0.0960365853658537,0.541062801932367,0.428571428571429,0.0962732919254658,0.967238689547582,0.590138674884438,0.105511811023622,0.582298136645963,0.0951638065522621,0.421461897356143,0.102009273570325,0.576271186440678,0.576323987538941,0.56786271450858,0.10355486862442,0.58,0.0993788819875776,0.623853211009174,0.103139013452915,0.577399380804954,0.814132104454685,0.576168929110106,0.585557299843014,0.629283489096573,0.0990712074303406,0.588502269288956,0.584905660377358,0.0888208269525268,0.595054095826893,0.0911764705882353,0.0989505247376312,0.784496124031008,0.558912386706949,0.0893141945773525,0.575899843505477,0.0933125972006221,0.950375939849624,0.087378640776699,0.5790273556231,0.435045317220544,0.574242424242424,0.0296411856474259,0.659711075441412,1,1,0.0962732919254658,0.0965189873417722,0.566358024691358,0.0948012232415902,0.583458646616541,0.0996884735202492,0.0889570552147239,0.100299401197605,0.58712715855573,0.0859375,0.102201257861635,0.101721439749609,0.0868217054263566,0.562893081761006,0.108661417322835,0.574803149606299,0.854765506807867,0.101823708206687,0.590769230769231,0.102874432677761,0.593220338983051,0.996865203761755,0.0935023771790808,0.58678955453149,0.105590062111801,0.0975232198142415,0.101851851851852,0.566615620214395,0.103286384976526,0.564742589703588,0.0985915492957746,0.582434514637905,0.0995184590690209,0.579029733959311,0.990668740279938,0.0882352941176471,0.464454976303318,0.0953125,0.1015625,0.590266875981162,0.0924499229583975,0.0914634146341463,0.0943683409436834,0.0952380952380952,0.584639498432602,0.580693815987934,0.105345911949686,0.0978260869565217,0.573596358118361,0.589257503949447,0.0973724884080371,0.66820987654321,0.43609022556391,0.897990726429675,0.582952815829528,0.440124416796268,0.0967741935483871,0.575528700906344,0.0996835443037975,0.1,0.0895061728395062,0.589147286821705,0.578220858895706,0.569157392686804,0.0965309200603318,0.0977917981072555,0.086890243902439,0.91496062992126,0.0969230769230769,0.600308641975309,0.066358024691358,0.577881619937695,0.581903276131045,0.355384615384615,0.0956112852664577,0.100609756097561,0.0917573872472784,0.0992248062015504,0.0940988835725678,0.951937984496124,0.577223088923557,0.574923547400612,0.100917431192661,0.417177914110429,0.102446483180428,0.103139013452915,0.0996835443037975,0.104294478527607,0.100463678516229,0.0962406015037594,0.908536585365854,0.803053435114504,0.0989180834621329,0.577708006279435,0.0921875,0.589230769230769,0.0954545454545455,0.0929133858267717,0.0948678071539658,0.0949367088607595,0.102040816326531,0.575617283950617,0.0929878048780488,0.367924528301887,0.565830721003135,0.571212121212121,0.583596214511041,0.571428571428571,0.563779527559055,0.667194928684628,0.563664596273292,0.574074074074074,0.577812018489985,0.102009273570325,0.572998430141287,0.0943089430894309,0.411229135053111,0.578052550231839,0.811349693251534,0.570987654320988,0.0960629921259843,0.0946372239747634,0.0979782270606532,0.846394984326019,0.593798449612403,0.0861538461538462,0.56782334384858,0.571644042232277,0.589147286821705,0.585780525502318,0.428571428571429,0.0929133858267717,0.581929555895865,0.575235109717868,0.0932069510268562,0.602543720190779,0.1,0.5790273556231,0.591679506933744,0.095679012345679,0.097331240188383,0.0952380952380952,0.561430793157076,0.0976377952755905,0.410015649452269,0.992492492492492,0.572948328267477,0.101515151515152,0.0934579439252336,1,0.570769230769231,0.569640062597809,0.096,0.100470957613815,0.591331269349845,0.930981595092024,0.900316455696203,0.0995260663507109,0.0985691573926868,0.568627450980392,0.0961240310077519,0.103975535168196,0.58678955453149,0.0962732919254658,0.0952380952380952,0.593220338983051,0.0934579439252336,0.0970266040688576,0.100154083204931,0.0970724191063174,0.578052550231839,0.589285714285714,0.587479935794542,0.096875,0.0998439937597504,0.425897035881435,0.582298136645963,0.0907668231611894,0.583963691376702,0.591331269349845,0.0960365853658537,0.0968229954614221,0.0942812982998454,0.0971786833855799,0.090625,0.571870170015456,0.104938271604938,0.101851851851852,0.990580847723705,0.577099236641221,0.608695652173913,0.590909090909091,0.42530487804878,0.575572519083969,0.0927051671732523,0.591263650546022,0.570093457943925,0.850609756097561,0.576923076923077,0.0954616588419405,0.572713643178411,0.0969230769230769,0.0964230171073095,0.100763358778626,0.593846153846154,0.591185410334346,0.0930232558139535,0.0175718849840256,0.965189873417722,0.103338632750397,0.585735963581184,0.5796875,0.593457943925234,0.0888888888888889,0.569444444444444,0.636222910216718,0.572741194486983,0.586314152410575,0.58307210031348,0.598449612403101,0.088855421686747,0.569182389937107,0.0889967637540453,0.090625,0.913522012578616,0.102848101265823,0.580996884735203,0.1,0.0965309200603318,0.0992125984251968,0.582159624413146,0.0992481203007519,0.578864353312303,0.0967261904761905,0.0704441041347626,0.107858243451464,0.1,0.0976744186046512,0.590417310664606,0.0852713178294574,0.105180533751962,0.591679506933744,0.58125,0.0917431192660551,0.0921658986175115,0.588235294117647,0.915773353751914,0.0985691573926868,0.0945736434108527,0.0899390243902439,0.898928024502297,0.591194968553459,0.0949367088607595,0.581395348837209,0.855095541401274,0.0941915227629513,0.415007656967841,0.462822458270106,0.101426307448494,0.0992248062015504,0.429850746268657,0.401253918495298,0.5484375,0.0955315870570108,0.572093023255814,0.108150470219436,0.0900473933649289,0.572755417956656,0.0972222222222222,0.100156494522692,0.914330218068536,0.571428571428571,0.101694915254237,0.0954616588419405,0.574803149606299,0.0946564885496183,0.0930599369085174,0.584518167456556,0.771604938271605,0.0941358024691358,0.099388379204893,0.0938461538461538,0.36322188449848,0.594470046082949,0.608424336973479,0.580693815987934,0.583841463414634,0.41692789968652,0.571644042232277,0.570107858243451,0.580645161290323,0.870769230769231,0.578274760383387,0.100917431192661,0.578386605783866,0.0996884735202492,0.581430745814307,0.988077496274218,0.966257668711656,0.0957446808510638,0.105740181268882,0.953632148377125,0.0901898734177215,0.413476263399694,0.955177743431221,0.919937205651491,0.100303951367781,0.410769230769231,0.093603744149766,0.0973724884080371,0.563182527301092,0.0987654320987654,0.904173106646059,0.996789727126806,0.094488188976378,0.0983358547655068,0.108231707317073,0.567610062893082,0.446902654867257,0.401294498381877,0.110260336906585,0.0928792569659443,0.0630769230769231,0.587786259541985,0.770061728395062,0.102874432677761,0.594896331738437,0.0969230769230769,0.528771384136858,0.992236024844721,0.596358118361153,0.592649310872894,0.566558441558442,0.0987841945288754,0.990963855421687,0.103759398496241,0.0907617504051864,0.0965732087227414,0.847560975609756,0.574367088607595,0.106811145510836,0.58411214953271,0.0966719492868463,0.0993690851735016,0.595166163141994,0.0998415213946117,0.582959641255605,0.0964230171073095,0.590062111801242,0.574961360123648,0.0924499229583975,0.42457231726283,0.584592145015106,0.0938461538461538,0.584905660377358,0.158778625954198,0.584821428571429,0.95144157814871,0.578787878787879,0.136434108527132,0.591263650546022,0.115689381933439,0.578461538461538,0.560121765601218,0.608497723823976,0.098159509202454,0.0947867298578199,0.0937972768532526,0.0652866242038217,0.769105691056911,0.0984615384615385,0.572555205047319,0.0976744186046512,0.588330632090762,0.591743119266055,0.1,0.0940438871473354,0.0882800608828006,0.0093167701863354,0.0995405819295559,0.59214501510574,0.588414634146341,0.0909090909090909,0.0949367088607595,0.968895800933126,0.987480438184664,0.0964230171073095,0.097331240188383,0.579277864992151,0.104615384615385,0.0972644376899696,0.589703588143526,0.107544141252006,0.102446483180428,0.416539050535988,0.566412213740458,0.093167701863354,0.907462686567164,0.101880877742947,0.103875968992248,1,0.588697017268446,0.0897637795275591,0.573415765069552,0.0951638065522621,0.0627943485086342,0.100154083204931,0.0794392523364486,0.0967238689547582,0.582677165354331,0.0923076923076923,0.0936507936507937,0.0962145110410095,0.912844036697248,0.591276252019386,0.0839936608557845,0.099236641221374,0.421133231240429,0.0955315870570108,0.58359133126935,0.540958268933539,0.576744186046512,0.0951638065522621,0.0963302752293578,0.107424960505529,1,0.574534161490683,0.988958990536278,0.0892018779342723,0.59304084720121,0.600609756097561,0.552671755725191,0.903276131045242,0.0911949685534591,0.0428790199081164,0.0980091883614089,0.0941358024691358,0.574568288854003,0.587962962962963,0.929230769230769,0.951638065522621,0.580745341614907,0.579192546583851,0.565151515151515,0.90521327014218,0.591331269349845,0.0924242424242424,0.905572755417957,0.583333333333333,0.102134146341463,0.100931677018634,0.093167701863354,0.580893682588598,0.590634441087613,0.953301127214171,0.0928792569659443,0.595975232198142,0.595744680851064,0.104361370716511,0.103875968992248,0.579598145285935,0.40064620355412,0.0906200317965024,0.0982839313572543,0.41692789968652,0.096969696969697,0.591463414634146,0.109697933227345,0.582689335394127,0.582450832072617,0.428355957767722,0.677177177177177,0.0955315870570108,0.593558282208589,0.587155963302752,0.409509202453988,0.436281859070465,0.089622641509434,0.581538461538462,0.0962145110410095,0.582466567607727,0.0911949685534591,0.572317262830482,0.590837282780411,0.551301684532925,0.571646341463415,0.585443037974684,0.577952755905512,0.431432973805855,0.574923547400612,0.959742351046699,0.089622641509434,0.911278195488722,0.0949464012251149,0.598736176935229,0.102484472049689,0.912908242612753,0.578125,0.583203732503888,0.094488188976378,0.968325791855204,0.0989180834621329,1,0.555555555555556,0.0874233128834356,0.970496894409938,0.438080495356037,0.0911901081916538,0.0958268933539413,0.0983358547655068,0.587947882736156,0.946026986506747,0.0890937019969278,0.474418604651163,1,0.54434250764526,0.580893682588598,0.56969696969697,0.0978260869565217,0.0708661417322835,0.108864696734059,0.0929133858267717,0.093167701863354,0.977307110438729,0.0998487140695915,0.41358024691358,0.906942392909897,0.575803981623277,0.0989180834621329,0.101088646967341,0.0880503144654088,0.0918674698795181,0.996894409937888,0.574500768049155,0.0880121396054628,0.096875,0.0930599369085174,0.0949464012251149,0.103500761035008,0.101721439749609,0.617021276595745,0.922955974842767,0.09375,0.992492492492492,0.583975346687211,0.67741935483871,0.0981308411214953,0.503134796238245,0.5904,0.581679389312977,0.105828220858896,0.95405819295559,0.584234930448223,0.0878274268104777,0.103286384976526,0.528481012658228,0.586890243902439,0.587962962962963,0.586816720257235,0.0906298003072197,0.585055643879173,0.577399380804954,0.671779141104294,0.588419405320814,0.0578386605783866,0.588855421686747,0.993710691823899,0.578866768759571,0.901538461538462,0.0998439937597504,0.996850393700787,0.594383775351014,0.56875,0.585023400936037,0.0978593272171254,0.0878274268104777,0.0950871632329636,0.0996932515337423,0.0980707395498392,0.0998439937597504,0.566929133858268,0.099236641221374,0.586206896551724,0.579378068739771,0.511591962905719,0.424336973478939,0.102290076335878,0.101823708206687,0.905631659056317,0.589473684210526,0.977029096477795,0.0904977375565611,0.950540958268934,0.0974842767295598,0.0979133226324237,0.576982892690513,0.0976377952755905,0.0932475884244373,0.471608832807571,0.663446054750403,0.10192023633678,0.992125984251969,1,0.0955315870570108,0.0963665086887836,0.0869565217391304,0.993920972644377,0.91131498470948,0.585218702865762,0.475968992248062,0.574660633484163,0.906727828746177,0.561128526645768,0.993740219092332,0.0965732087227414,0.100313479623824,0.58641975308642,0.582952815829528,0.869362363919129,0.5744,0.580547112462006,0.58179012345679,0.101721439749609,0.101071975497703,0.574102964118565,0.0962962962962963,0.913846153846154,0.0822981366459627,0.889580093312597,0.103610675039246,0.422187981510015,0.0885496183206107,0.58411214953271,0.593301435406699,0.99079754601227,0.427258805513017,0.0942812982998454,0.089922480620155,0.314728682170543,0.196232339089482,0.583463338533541,0.5828125,0.0963302752293578,0.577981651376147,0.847826086956522,0.574803149606299,0.103857566765579,0.996918335901387,0.101246105919003,0.0917573872472784,0.584876543209877,0.416534181240064,0.588419405320814,0.102605863192182,0.0926216640502355,0.595054095826893,0.58751902587519,0.574850299401198,0.244897959183673,0.586370839936609,0.100470957613815,0.968085106382979,0.1,0.0936507936507937,0.410138248847926,0.455813953488372,0.576923076923077,0.967441860465116,0.569422776911076,0.0978260869565217,0.0858505564387917,0.589341692789969,0.56656346749226,0.471494607087827,0.0966257668711656,0.592649310872894,0.677811550151976,0.590342679127726,0.120060790273556,0.636505460218409,0.919876733436055,0.599693251533742,0.575113808801214,0.580188679245283,0.581358609794629,0.581954887218045,0.12210200927357,0.0979782270606532,0.594043887147335,0.553429027113238,0.420221169036335,0.863496932515337,0.419354838709677,0.0913385826771654,0.573394495412844,0.914691943127962,0.569444444444444,0.583333333333333,0.706870229007634,0.565354330708661,0.907692307692308,0.564615384615385,0.587774294670846,0.572998430141287,0.581143740340031
"293",0.300476947535771,0.31201248049922,0.306027820710974,0.334384858044164,0.312893081761006,0.306853582554517,0.0110584518167457,0.319182389937107,0.316846986089645,0.5648,0.313546423135464,0.64,0.5232,0.32258064516129,1,1,0.621745788667688,0,0.327639751552795,0.303405572755418,1,1,0.31866464339909,0.5115562403698,0.307458143074581,1,1,0.33974358974359,0.313178294573643,0.519108280254777,1,0.585218702865762,0.374414976599064,0.9953125,0.664615384615385,0.315359477124183,0.141085271317829,0.316030534351145,1,0.301538461538462,0.00313479623824451,0,0,0.324960753532182,0.309968847352025,1,0.993700787401575,1,1,1,0.689127105666156,0.325038880248834,1,0.317111459968603,0.315217391304348,0.815336463223787,0.125588697017268,0.3198127925117,0.312788906009245,0.320987654320988,0.992389649923896,1,1,0.0062111801242236,0.319286871961102,0.313846153846154,0.6484375,0.33026113671275,0.613432835820895,1,0.327160493827161,1,1,0.28,0.162079510703364,0.324812030075188,1,0.99388379204893,0.314503816793893,1,0.600321027287319,1,1,0.32572298325723,1,0.321752265861027,0.319314641744548,0.324615384615385,0.315789473684211,0,0.3234375,0.320359281437126,0.680124223602484,0.577572964669739,0.315541601255887,0.639097744360902,0.680491551459293,0.310185185185185,0.125996810207337,0,0.313479623824451,0.62402496099844,1,0.317965023847377,1,0.325508607198748,0,0.321928460342146,1,1,1,0.309341500765697,0.99537037037037,0.317610062893082,0.200301204819277,0.307807807807808,1,0.376543209876543,1,1,0.198461538461538,0.315384615384615,1,1,0.327743902439024,1,0.317979197622585,0.313813813813814,0.363354037267081,0.759512937595129,0.320126782884311,1,0.327639751552795,0.63622754491018,0.328050713153724,1,0.00154083204930663,1,0.375,0.8864,0.575193798449612,0.594383775351014,0.315707620528771,0.325914149443561,1,0.31937984496124,1,0.30564263322884,0.50381679389313,0.321646341463415,1,0.313178294573643,0.316535433070866,0.320251177394035,0.3312,1,0.311216429699842,1,0.423135464231355,0.326186830015314,1,0.324773413897281,1,0.592709984152139,0.321259842519685,1,0.32,0.313755795981453,0.33179012345679,0.987673343605547,0.324534161490683,1,0.323943661971831,1,0.318471337579618,1,0.583460949464012,0.297213622291022,0.0336,0.300623052959502,0.32,1,0.310769230769231,0.317757009345794,0.324116743471582,0.333333333333333,1,1,0.323248407643312,0.316279069767442,1,1,0.325617283950617,0.233587786259542,0.0207715133531157,0.6890625,1,0.00307692307692308,0.311450381679389,1,0.321144674085851,0.305597579425113,0.317972350230415,0.996913580246914,1,1,0.329803328290469,0.3136,0.316846986089645,0.674015748031496,0.299531981279251,1,0.337941628264209,1,1,0.44392523364486,0.322932917316693,0.322530864197531,0.323574730354391,0.309597523219814,0.322378716744914,0.641955835962145,1,1,0.322085889570552,0.00459418070444104,0.322678843226788,0.310810810810811,0.325115562403698,0.298165137614679,0.303738317757009,0.314842578710645,0.691358024691358,0.354103343465046,0.303405572755418,1,0.330188679245283,1,0.314024390243902,0.311424100156495,0.313755795981453,0.329113924050633,0.312893081761006,1,0.322932917316693,0.794992175273865,1,1,0.996840442338073,1,1,0.892913385826772,1,1,1,0.316030534351145,1,0.322006472491909,0,1,0.38145896656535,1,0.329133858267717,0.322932917316693,0.315301391035549,0.415094339622642,1,0.325617283950617,1,1,1,1,0,0.31637519872814,1,1,0.31974921630094,1,0.322239031770045,1,1,0.325434439178515,0.329093799682035,0.300462249614792,0.15552099533437,0.326530612244898,0,0.583832335329341,1,0.324159021406728,0.318037974683544,0.570769230769231,1,1,0.325396825396825,0.328100470957614,1,0.650621118012422,0.699523052464229,0.305993690851735,0.319620253164557,0.992548435171386,0.3296875,0.29806259314456,1,0.318885448916409,0.303543913713405,1,0.311424100156495,0.318818040435459,0.318461538461538,0.324451410658307,1,1,1,0.310664605873261,0.329133858267717,0.00764525993883792,0.990683229813665,0.320754716981132,1,1,0.317220543806647,0.333846153846154,0.301710730948678,0.315457413249211,0.316030534351145,1,0.309375,0.307332293291732,0.571205007824726,1,0.830721003134796,1,0,1,0.323170731707317,1,1,0.411229135053111,0.998470948012232,0.320754716981132,1,0.309636650868878,0.301684532924962,0.317829457364341,1,1,0.314024390243902,0.401315789473684,0.609717868338558,0.307448494453249,1,1,1,0.328571428571429,1,0.200612557427259,1,1,1,1,0.319571865443425,1,0.3168,0.325,0.683720930232558,0.307210031347962,1,0.323943661971831,0.320726172465961,0.310509554140127,1,0.309597523219814,1,0.322775263951735,0.468412942989214,0.326120556414219,0.321316614420063,0.313364055299539,1,0.314728682170543,0.307692307692308,1,1,0.32,0.312594840667678,1,0.474085365853659,0.313385826771654,0.327666151468315,0.331804281345566,0.691244239631336,1,0.30064308681672,1,0.418096723868955,0.303265940902022,0,0.873111782477341,0.318471337579618,0.318952234206472,0,0.0314465408805031,0.982945736434109,0.3109375,1,0.314465408805031,0.311004784688995,1,0.323170731707317,0.315372424722662,0.658423493044822,1,0.320754716981132,0.318037974683544,1,0.314503816793893,0.309904153354633,1,0.334855403348554,0.307332293291732,0.31839258114374,0.331782945736434,0.793939393939394,1,0.982945736434109,1,1,0.00157232704402516,1,0.992354740061162,1,0.4209726443769,0.996860282574568,0.309667673716012,0.992401215805471,0.326530612244898,0.995412844036697,0.59789156626506,0.625377643504532,0.318796992481203,0.31306990881459,0.642414860681115,0.315372424722662,0,0.628304821150855,0.689547581903276,0.321212121212121,0.00152905198776758,0.314728682170543,0.313755795981453,0.761171032357473,0.326625386996904,0.684766214177979,0.590690208667737,0.316037735849057,0.326251896813354,0.30077519379845,1,0.029673590504451,0,0.313846153846154,0.334375,0.335375191424196,1,0.333855799373041,0.322981366459627,1,0.305936073059361,0.937791601866252,0.561815336463224,1,1,0.991816693944354,0.317073170731707,0.599695585996956,0.319277108433735,0.312,0.317073170731707,0.410958904109589,1,0.304897314375987,1,0.320907617504052,0.322784810126582,1,0.317610062893082,1,0.321483771251932,1,1,0.31839258114374,0,1,0.324734446130501,1,0.565420560747664,1,0.499222395023328,1,0.5515625,1,0.319047619047619,1,1,1,0.310185185185185,0.328616352201258,0.3202416918429,0.348387096774194,0.326332794830372,0.309119010819165,1,0.327073552425665,1,1,0.325077399380805,0.320813771517997,0.319148936170213,0.394654088050314,0.326251896813354,1,1,0.325190839694657,0.318885448916409,0.630225080385852,0.592063492063492,0.315548780487805,0.317965023847377,1,0.305343511450382,0.314199395770393,0.993817619783617,0.307936507936508,0.313935681470138,0,0.142640364188164,0.316037735849057,0.682089552238806,0.311708860759494,0.324574961360124,0.585585585585586,0.996927803379416,0.314553990610329,1,0.3140625,0.352574102964119,0.315301391035549,0.475308641975309,0.3171875,1,0.322981366459627,0.3198127925117,0.327014218009479,0.688549618320611,1,0.321144674085851,0.31859756097561,0,0.328682170542636,0.998442367601246,0.952526799387443,1,0.320987654320988,0.329249617151608,0.316692667706708,0.584218512898331,1,0.592,0.333850931677019,1,1,0.964615384615385,0.679186228482003,0.326656394453005,0.363636363636364,0.318181818181818,0.320121951219512,1,1,0.506309148264984,0.62888198757764,1,1,0.998468606431853,0.688087774294671,1,0.326747720364742,0.6828125,1,0.322137404580153,0.315541601255887,0.325038880248834,0.996913580246914,1,0.642289348171701,0.32398753894081,1,1,0.326053042121685,0.310769230769231,0.998477929984779,0,0.320813771517997,0.309033280507132,0.00789889415481832,0.309815950920245,1,0.30503144654088,1,0.146564885496183,0,0.897435897435897,0.326086956521739,1,1,0,0.00151975683890578,0.327131782945736,1,0.317460317460317,0.997005988023952,0.312597200622084,1,0.998417721518987,0.964560862865948,0.757341576506955,1,1,0.00625978090766823,1,0.514331210191083,0.333333333333333,0.67530487804878,0.326120556414219,1,0.307453416149068,0.679566563467492,1,1,0.315873015873016,0.616541353383459,0.332307692307692,0.5875,0.970948012232416,0.335413416536661,0.605873261205564,0.0139103554868624,0.309375,0.323574730354391,0.32,1,0.638009049773756,0.309341500765697,0.886435331230284,0.581730769230769,0.966205837173579,1,1,0.316279069767442,0.340288924558588,0.309178743961353,0.312210200927357,0.314814814814815,0.61969696969697,0.309815950920245,0,0.676602086438152,0.998463901689708,0.330246913580247,0.308176100628931,0.3125,0.324159021406728,0.601236476043277,1,0.329268292682927,0.338533541341654,0.33015873015873,0.323529411764706,0.313846153846154,0.312989045383412,0.196107784431138,0.68088467614534,0.317683881064163,0.588325652841782,1,0.235658914728682,0.318952234206472,0.92018779342723,1,1,0.314503816793893,0.639570552147239,1,0.308868501529052,0.305295950155763,0.956043956043956,1,1,0.996889580093313,0.321044546850998,1,1,0.892913385826772,1,0.352048558421851,1,0.585209003215434,1,0.672672672672673,0.317683881064163,0.593457943925234,1,1,0.990461049284579,0.325688073394495,0.326219512195122,0.329052969502408,0.318461538461538,0.320126782884311,0.321259842519685,0.984051036682616,0.312883435582822,1,1,0.706605222734255,0,0.323619631901841,0.321538461538462,0.679331306990882,1,0.556574923547401,0.328290468986384,0.643302180685358,0.3109375,0.321766561514196,1,0.31839258114374,0.315112540192926,0.683544303797468,0.904458598726115,0.322962962962963,0.598412698412698,0.57433489827856,0.325038880248834,0.32755905511811,0.303875968992248,0.580495356037152,0.67741935483871,1,0.885802469135803,1,0.663125948406677,0.99685534591195,0.596546310832025,0.314152410575428,0.319488817891374,1,1,0.426605504587156,0.99203821656051,0.996955859969559,1,0.311111111111111,0.323029366306028,1,0.315169366715758,0.67737003058104,0.3328125,0.453834115805947,0.303459119496855,0,0.312404287901991,1,1,0.58179012345679,0.00155038759689922,0.33026113671275,0.322932917316693,0.0972222222222222,0.416139240506329,1,1,0.311248073959938,1,0.412403100775194,1,0.329305135951662,0.584474885844749,0.322530864197531,0.31733746130031,1,0,1,0.313408723747981,0.32182103610675,1,1,1,0.436335403726708,1,0.32258064516129,0.618541033434651,0.325190839694657,0.33015873015873,0.00153609831029186,0.0451010886469673,1,0.621705426356589,1,0.329173166926677,0.333333333333333,1,1,0.170506912442396,0.310872894333844,1,0.901664145234493,1,0.324655436447167,0.190779014308426,0.671232876712329,1,1,1,1,1,0.289877300613497,0.301242236024845,1,0.123417721518987,0.0015552099533437,0.436923076923077,0,0.322834645669291,1,0.672926447574335,1,1,0.885802469135803,1,0.68348623853211,1,1,1,1
"294",0.300813008130081,0.322683706070288,0.319047619047619,0.326332794830372,0.3216,0.316211878009631,0.0132231404958678,0.327922077922078,0.320063694267516,0.56507413509061,0.326498422712934,0.630744849445325,0.52124183006536,0.3296,1,1,0.617054263565891,0,0.334405144694534,0.319286871961102,1,1,0.331269349845201,0.51188589540412,0.321646341463415,1,1,0.345963756177924,0.314465408805031,0.520900321543408,1,0.594637223974763,0.378335949764521,0.995260663507109,0.650641025641026,0.315345699831366,0.127009646302251,0.336492890995261,1,0.309748427672956,0.00319488817891374,0,0,0.332792207792208,0.324104234527687,1,0.993640699523052,1,1,1,0.686305732484076,0.325806451612903,1,0.329093799682035,0.317535545023697,0.82516339869281,0.106451612903226,0.326984126984127,0.322784810126582,0.333860759493671,0.992175273865415,1,1,0.00491803278688525,0.315270935960591,0.333333333333333,0.647909967845659,0.324281150159744,0.613354037267081,1,0.317683881064163,1,1,0.283142389525368,0.150943396226415,0.317901234567901,1,0.995297805642633,0.319875776397516,1,0.602941176470588,1,1,0.328616352201258,1,0.332302936630603,0.320450885668277,0.3296,0.324237560192616,0,0.330683624801272,0.340425531914894,0.68312101910828,0.575899843505477,0.315705128205128,0.630602782071097,0.664012738853503,0.31974921630094,0.108196721311475,0,0.316455696202532,0.615755627009646,1,0.330049261083744,1,0.323529411764706,0,0.337559429477021,1,1,1,0.3152,0.995268138801262,0.333865814696486,0.194704049844237,0.320668693009119,1,0.3671875,1,1,0.192675159235669,0.322784810126582,1,1,0.334370139968896,1,0.326836581709145,0.317829457364341,0.37156704361874,0.763322884012539,0.322528363047002,1,0.32695374800638,0.624808575803982,0.337704918032787,1,0.00158478605388273,1,0.381877022653722,0.881578947368421,0.580645161290323,0.598715890850722,0.325396825396825,0.330065359477124,1,0.319047619047619,1,0.307443365695793,0.50796178343949,0.334890965732087,1,0.314102564102564,0.325281803542673,0.3296,0.337115072933549,1,0.312796208530806,1,0.434504792332268,0.33489827856025,1,0.32398753894081,1,0.58974358974359,0.33015873015873,1,0.323943661971831,0.315541601255887,0.341935483870968,0.988976377952756,0.330670926517572,1,0.32794830371567,1,0.322899505766063,1,0.588141025641026,0.306836248012719,0.0297520661157025,0.299674267100977,0.329032258064516,1,0.315625,0.324675324675325,0.325508607198748,0.333333333333333,1,1,0.329508196721311,0.3232,1,1,0.331738437001595,0.236421725239617,0.0215384615384615,0.681089743589744,1,0.00318979266347687,0.328050713153724,1,0.323624595469256,0.319875776397516,0.320574162679426,0.996805111821086,1,1,0.329738058551618,0.320723684210526,0.32755905511811,0.671592775041051,0.312599681020734,1,0.3456,1,1,0.430817610062893,0.333870967741935,0.326594090202177,0.333333333333333,0.318681318681319,0.328478964401294,0.63884430176565,1,1,0.321259842519685,0.00315955766192733,0.336463223787167,0.316998468606432,0.326984126984127,0.317460317460317,0.307568438003221,0.329230769230769,0.679245283018868,0.358490566037736,0.307692307692308,1,0.322528363047002,1,0.321372854914197,0.311897106109325,0.314009661835749,0.335463258785943,0.316912972085386,1,0.337559429477021,0.803889789303079,1,1,0.996784565916399,1,1,0.895666131621188,1,1,1,0.327044025157233,1,0.322259136212625,0,1,0.380281690140845,1,0.32794830371567,0.327447833065811,0.323717948717949,0.417335473515249,1,0.335949764521193,1,1,1,1,0,0.327447833065811,1,1,0.318181818181818,1,0.325471698113208,1,1,0.3125,0.328407224958949,0.308426073131955,0.130645161290323,0.331210191082803,0,0.594135802469136,1,0.328638497652582,0.331707317073171,0.569640062597809,1,1,0.338283828382838,0.343042071197411,1,0.650316455696203,0.680064308681672,0.313114754098361,0.328455284552846,0.995384615384615,0.333870967741935,0.309968847352025,1,0.322222222222222,0.31378763866878,1,0.318032786885246,0.321086261980831,0.3216,0.326984126984127,1,1,1,0.309636650868878,0.335483870967742,0.00630914826498423,0.99194847020934,0.329563812600969,1,1,0.323390894819466,0.340157480314961,0.306709265175719,0.325242718446602,0.321259842519685,1,0.318910256410256,0.317307692307692,0.555374592833876,1,0.836538461538462,1,0,1,0.330733229329173,1,1,0.421553090332805,0.998442367601246,0.33387358184765,1,0.318979266347687,0.314194577352472,0.319047619047619,1,1,0.331230283911672,0.404255319148936,0.611021069692058,0.305825242718447,1,1,1,0.333333333333333,1,0.195859872611465,1,1,1,1,0.333858267716535,1,0.319218241042345,0.343499197431782,0.677316293929712,0.313821138211382,1,0.330683624801272,0.324492979719189,0.318627450980392,1,0.315132605304212,1,0.3328125,0.482428115015974,0.333333333333333,0.337152209492635,0.325471698113208,1,0.324675324675325,0.313915857605178,1,1,0.327503974562798,0.323296354992076,1,0.472929936305732,0.326158940397351,0.334905660377358,0.333858267716535,0.671406003159558,1,0.297161936560935,1,0.410628019323671,0.315533980582524,0,0.893915756630265,0.326366559485531,0.328025477707006,0,0.0319488817891374,0.98256735340729,0.3248,1,0.311793214862682,0.323383084577114,1,0.332283464566929,0.324324324324324,0.660287081339713,1,0.331179321486268,0.333876221498371,1,0.320695102685624,0.307568438003221,1,0.3359375,0.3216,0.321483771251932,0.341935483870968,0.808917197452229,1,0.977564102564103,1,1,0.00159235668789809,1,0.993579454253612,1,0.421474358974359,0.996789727126806,0.318110236220472,0.993740219092332,0.337620578778135,0.996825396825397,0.601550387596899,0.6272,0.32093023255814,0.320695102685624,0.625592417061611,0.318181818181818,0,0.633173843700159,0.682182985553772,0.322274881516588,0.00159489633173844,0.318327974276527,0.309294871794872,0.768233387358185,0.332293291731669,0.682464454976303,0.588996763754045,0.33122028526149,0.328100470957614,0.306962025316456,1,0.0258751902587519,0,0.324031007751938,0.332805071315372,0.337042925278219,1,0.337078651685393,0.324324324324324,1,0.318110236220472,0.9488,0.55,1,1,0.993174061433447,0.32398753894081,0.598736176935229,0.327692307692308,0.320846905537459,0.322006472491909,0.419152276295133,1,0.315619967793881,1,0.320907617504052,0.322528363047002,1,0.326829268292683,1,0.328502415458937,1,1,0.335453100158982,0,1,0.33122028526149,1,0.564724919093851,1,0.496835443037975,1,0.565079365079365,1,0.327841845140033,1,1,1,0.324367088607595,0.3354943273906,0.329721362229102,0.355960264900662,0.328382838283828,0.320634920634921,1,0.322061191626409,1,1,0.336990595611285,0.327361563517915,0.324409448818898,0.3952,0.32695374800638,1,1,0.337519623233909,0.330097087378641,0.625796178343949,0.588330632090762,0.32484076433121,0.326892109500805,1,0.316957210776545,0.320987654320988,0.993630573248408,0.312602291325696,0.318979266347687,0,0.127131782945736,0.332268370607029,0.670229007633588,0.320512820512821,0.328616352201258,0.592417061611374,0.996784565916399,0.314845024469821,1,0.320634920634921,0.3536,0.321027287319422,0.488038277511962,0.325878594249201,1,0.32807570977918,0.333865814696486,0.33605220228385,0.67651632970451,1,0.332247557003257,0.328593996840442,0,0.329153605015674,0.998381877022654,0.960567823343849,1,0.323763955342903,0.326053042121685,0.332273449920509,0.574766355140187,1,0.586538461538462,0.342715231788079,1,1,0.966772151898734,0.669316375198728,0.332797427652733,0.362637362637363,0.331768388106416,0.328050713153724,1,1,0.5,0.625,1,1,0.998435054773083,0.679674796747967,1,0.329738058551618,0.672,1,0.333860759493671,0.320450885668277,0.322222222222222,0.996845425867508,1,0.641109298531811,0.325914149443561,1,1,0.330696202531646,0.317535545023697,0.998405103668262,0,0.319354838709677,0.321144674085851,0.00648298217179903,0.324921135646688,1,0.315359477124183,1,0.131121642969984,0,0.903276131045242,0.333863275039746,1,1,0,0.0015625,0.3312,1,0.32258064516129,0.996860282574568,0.315447154471545,1,0.998366013071895,0.9648,0.771428571428571,1,1,0.00483870967741936,1,0.503300330033003,0.327044025157233,0.6608,0.335974643423138,1,0.3136,0.664556962025316,1,1,0.321192052980132,0.622119815668203,0.33652312599681,0.586429725363489,0.975961538461538,0.340836012861736,0.602218700475436,0.0142857142857143,0.329052969502408,0.337025316455696,0.325914149443561,1,0.630672926447574,0.312302839116719,0.893719806763285,0.581847649918963,0.967391304347826,1,1,0.319422150882825,0.347611202635914,0.314606741573034,0.316118935837246,0.318471337579618,0.618320610687023,0.308661417322835,0,0.667701863354037,0.998420221169036,0.333865814696486,0.318255250403877,0.329581993569132,0.322137404580153,0.599358974358974,1,0.34384858044164,0.34860883797054,0.342809364548495,0.3296,0.321259842519685,0.328990228013029,0.188767550702028,0.67524115755627,0.336538461538462,0.596573208722741,1,0.231496062992126,0.33015873015873,0.921348314606742,1,1,0.317384370015949,0.626959247648903,1,0.32018927444795,0.309677419354839,0.956239870340357,1,1,0.996699669966997,0.325878594249201,1,1,0.89171974522293,1,0.355450236966825,1,0.59349593495935,1,0.66347687400319,0.316129032258064,0.602893890675241,1,1,0.992,0.341692789968652,0.333858267716535,0.328968903436989,0.328548644338118,0.330081300813008,0.327390599675851,0.985530546623794,0.317817014446228,1,1,0.71656050955414,0,0.325434439178515,0.324324324324324,0.674565560821485,1,0.562204724409449,0.335925349922239,0.640699523052464,0.3168,0.314935064935065,1,0.322115384615385,0.324503311258278,0.690163934426229,0.907467532467532,0.3267776096823,0.600644122383253,0.567524115755627,0.334920634920635,0.329052969502408,0.315541601255887,0.589825119236884,0.676190476190476,1,0.89171974522293,1,0.660910518053375,0.996774193548387,0.577487765089723,0.32484076433121,0.330065359477124,1,1,0.424679487179487,0.993527508090615,0.9984375,1,0.318541996830428,0.334405144694534,1,0.326186830015314,0.677725118483412,0.334410339256866,0.453376205787781,0.306055646481178,0,0.313385826771654,1,1,0.584664536741214,0.0015527950310559,0.334920634920635,0.322169059011164,0.102564102564103,0.409836065573771,1,1,0.317034700315457,1,0.415458937198068,1,0.332317073170732,0.575516693163752,0.330128205128205,0.323481116584565,1,0,1,0.311986863711002,0.331738437001595,1,1,1,0.444084278768233,1,0.329011345218801,0.611111111111111,0.338607594936709,0.337152209492635,0.00158982511923688,0.037156704361874,1,0.62085308056872,1,0.337539432176656,0.337209302325581,1,1,0.143302180685358,0.31637519872814,1,0.906940063091483,1,0.32348367029549,0.193290734824281,0.666144200626959,1,1,1,1,1,0.301412872841444,0.31378763866878,1,0.111292962356792,0.0016025641025641,0.427001569858713,0,0.334928229665072,1,0.677367576243981,1,1,0.901098901098901,1,0.672926447574335,1,1,1,1
"295",1,1,1,1,1,1,0.697674418604651,1,1,0.103161397670549,1,0.0353130016051364,0.807504078303426,1,0.323151125401929,0.316558441558442,0.0567260940032415,0.670529801324503,1,1,0.292604501607717,0.325806451612903,1,0.168269230769231,1,0.333333333333333,0.322847682119205,1,1,0.784345047923323,0.3125,0.728867623604466,0.967793880837359,0.323624595469256,0,1,0.528753993610224,1,0.306477093206951,1,0.659163987138264,0.676282051282051,0.682242990654206,1,1,0.326797385620915,0.329545454545455,0.319620253164557,0.322429906542056,0.334928229665072,0,1,0.320063694267516,1,1,0.505709624796085,0.553366174055829,1,1,1,0.332273449920509,0.327922077922078,0.325732899022801,0.677524429967427,1,1,0.0272,1,0.0527131782945736,0.320813771517997,1,0.32300163132137,0.327302631578947,0.960461285008237,0.506389776357827,1,0.318541996830428,0.344,1,0.319467554076539,0.0877483443708609,0.327841845140033,0.328050713153724,1,0.336,1,1,1,1,0.686804451510334,1,1,0,0.10410094637224,1,0.0375586854460094,0,1,0.555183946488294,0.6645056726094,1,0.0531400966183575,0.320126782884311,1,0.324324324324324,1,0.682258064516129,1,0.32794830371567,0.327503974562798,0.318979266347687,1,0.332263242375602,1,0.476190476190476,1,0.318181818181818,0.295055821371611,0.333333333333333,0.324237560192616,0.483306836248013,1,0.33122028526149,0.320066334991708,1,0.313001605136437,1,1,0.336012861736334,0.555205047318612,1,0.317817014446228,1,0.0307219662058372,1,0.317384370015949,0.677367576243981,0.334935897435897,0.937096774193548,0.448445171849427,0.101777059773829,0.100323624595469,1,1,0.333333333333333,1,0.322834645669291,1,0.80127186009539,1,0.325657894736842,1,1,1,1,0.343354430379747,1,0.329011345218801,0.260032102728732,1,0.310618066561014,1,0.305466237942122,0.0819672131147541,1,0.320197044334975,1,1,1,0.352472089314195,1,0.333333333333333,1,0.312302839116719,1,0.319218241042345,0.0698051948051948,1,0.640599001663893,1,1,0.322475570032573,1,1,1,1,0.330143540669856,0.306962025316456,1,1,0.329133858267717,0.312602291325696,1,0.443548387096774,0.659442724458204,0,0.326829268292683,0.672609400324149,1,0.33125,1,1,1,0.322528363047002,0.324881141045959,0.327361563517915,1,1,1,0,1,0.309951060358891,0.980582524271845,0.330081300813008,0.313915857605178,0.749211356466877,1,1,1,1,1,0.032626427406199,0.321311475409836,0.334928229665072,1,0.664025356576862,1,1,0.998363338788871,1,1,1,0.0016025641025641,0.324367088607595,1,0.317957166392092,1,0.310897435897436,1,1,1,1,1,0.328525641025641,1,0.515497553017945,0.328502415458937,0.336,0.317957166392092,0.326018808777429,0.331707317073171,0.440594059405941,0.335463258785943,0.324881141045959,0.315457413249211,1,0.325281803542673,1,0.6752,0.321086261980831,0.314375987361769,0.336038961038961,1,1,1,0.261865793780687,0.315955766192733,1,0.319047619047619,0.334890965732087,0.324193548387097,0.328050713153724,0.681020733652313,1,0.331715210355987,0.33115823817292,1,0.301324503311258,1,0.319685039370079,0.321027287319422,1,1,1,0.526570048309179,1,0.685303514376997,0.0811232449297972,0.324104234527687,1,1,0.096,0.325396825396825,0.338283828382838,1,1,0.30952380952381,0.0175718849840256,0.00164473684210526,1,1,0.34493670886076,0.998381877022654,1,0.318541996830428,1,1,0.3296,1,1,1,1,0.329545454545455,0.325,0.334426229508197,1,1,0.662939297124601,0.323624595469256,1,0.323943661971831,0.303715670436187,1,1,1,1,1,0.338187702265372,1,1,0.115321252059308,0.33652312599681,0.504,0.316476345840131,0.663961038961039,0.326892109500805,1,0.311688311688312,0.333878887070376,0.262820512820513,0.329617834394904,1,0.337025316455696,1,1,1,0.321782178217822,0.324409448818898,1,0.930693069306931,0.0554649265905383,1,0.314873417721519,0.331136738056013,0.318555008210181,1,0.34012539184953,0.464342313787639,0.332268370607029,0.310064935064935,0.323529411764706,0.312803889789303,1,0.329489291598023,1,1,0,1,0.327974276527331,1,1,1,0.332807570977918,1,0.317434210526316,1,0.836220472440945,1,1,1,0.323809523809524,1,1,0.325806451612903,0.322006472491909,1,1,0.318327974276527,0.189873417721519,1,1,1,0,0.319218241042345,1,0.310618066561014,0.245928338762215,1,0.666136724960254,0.435331230283912,1,1,0.674382716049383,0.700320512820513,0.35426731078905,1,0.33278955954323,1,1,0.338211382113821,1,1,0.00488599348534202,0.331707317073171,1,1,0.331136738056013,1,1,0.314516129032258,0.341269841269841,1,1,1,0.530063291139241,0.321656050955414,0.353333333333333,0.331259720062208,0.337042925278219,0.677524429967427,0.338709677419355,0.332247557003257,0.325396825396825,0.239549839228296,0.333333333333333,1,0.328,1,0.322734499205087,0.0795631825273011,0.041335453100159,1,1,0.0307941653160454,1,0.687797147385103,0.0350877192982456,0.00816993464052288,1,0.674718196457327,1,1,0.563812600969305,1,0,0.0704918032786885,1,1,1,0.331707317073171,0.636792452830189,0.690280065897858,0.992076069730586,1,0.990536277602524,0.308064516129032,0.334405144694534,1,0.306946688206785,1,0.380191693290735,0.107084019769357,0.314785373608903,0.325508607198748,0.343696027633851,1,0.0764331210191083,1,1,1,0.25705329153605,0.322475570032573,1,0.334410339256866,1,1,0.323899371069182,1,0.334883720930233,1,0.317230273752013,0.326829268292683,1,0.672,0.317262830482115,1,0.321543408360129,0.76,0.321711568938193,0.1664,0.326594090202177,0.767213114754098,0.315789473684211,1,0.332802547770701,0.341384863123994,0.2992,1,1,1,0.979763912310287,0.344941956882255,1,0.327814569536424,1,0.328257191201354,0.321875,1,1,1,0.922950819672131,1,0.319182389937107,0.324409448818898,1,1,0.0353535353535354,0.0796747967479675,1,1,0.314606741573034,1,1,0.314009661835749,1,1,0.671428571428571,0.526315789473684,1,0,1,1,0.0987460815047022,0.326433121019108,1,0.3322528363047,1,0.975490196078431,1,0.818759936406995,1,0.338283828382838,1,1,1,0,0.322368421052632,1,1,0.67047308319739,1,0.322632423756019,0.369774919614148,0.330143540669856,1,1,1,0.0887480190174326,0.324193548387097,0.0851063829787234,1,0.314696485623003,0.320695102685624,0.355987055016181,0,1,0.969404186795491,1,1,0.336025848142165,0.309119010819165,0.163097199341021,0.0272435897435897,0.330097087378641,0.319805194805195,0.325,0,0.31629392971246,1,0,0.324881141045959,1,1,1,0.316037735849057,0.33125,0.0265339966832504,1,0.320907617504052,0.315873015873016,1,1,0.325842696629214,0.683501683501683,1,1,0.681528662420382,1,0.314375987361769,1,0.320846905537459,0.522620904836194,0.662957074721781,0.417840375586854,1,0.307210031347962,0.321486268174475,0.675762439807384,0.657097288676236,1,0.329052969502408,1,0.3328125,1,0.3264,0.319286871961102,0.358184764991896,0.541269841269841,0.33167495854063,0.306055646481178,0.66025641025641,0.325396825396825,0.153212520593081,1,0,1,0.296596434359805,1,0,0.333876221498371,0.32463295269168,1,0.0496894409937888,1,0.0909090909090909,0.344771241830065,1,0.0576,0.665056360708535,1,1,1,0.320534223706177,0.0286168521462639,1,0.426016260162602,0.099009900990099,0.367924528301887,0.328050713153724,0.324409448818898,1,1,1,1,1,0.0596546310832025,0.995215311004785,0.676190476190476,0.00154083204930663,0.325434439178515,1,1,1,1,0.0849358974358974,0.319554848966614,1,1,1,1,1,1,0.482539682539683,0,1,0.0791139240506329,0.328548644338118,0.42879746835443,1,0.398373983739837,0.318104906937394,0.319488817891374,1,0.0339256865912763,0.318327974276527,1,1,0.378912685337727,0.31687898089172,0.315619967793881,0.322475570032573,1,0.330049261083744,0.317965023847377,0.420880913539967,0.323624595469256,0.984276729559748,0.31496062992126,0.0823723228995058,0.3312,0,1,0.0870279146141215,0.310064935064935,0.32794830371567,0.32520325203252,1,1,1,1,1,1,0.335504885993485,1,0.319870759289176,0.323478260869565,0.620355411954766,0.669950738916256,1,1,0,0.327131782945736,0.121359223300971,1,0.0262295081967213,1,1,0.322222222222222,1,1,0.631663974151858,0.42237061769616,0.995348837209302,0.0816993464052288,0.101612903225806,1,1,1,0.0831973898858075,0,0.323529411764706,0.426016260162602,0.326498422712934,0,0.32516339869281,0.0849673202614379,1,1,0.325471698113208,0.324921135646688,0.24390243902439,0.339837398373984,0.32,0.332263242375602,1,1,0.330065359477124,1,0,1,0.223113964686998,1,0.66131621187801,1,0.321486268174475,0.317275747508306,0.0771653543307087,0.670295489891135,1,1,0.783739837398374,0.889816360601002,0.32741935483871,0.322899505766063,1,0.329032258064516,0.260517799352751,0.334991708126036,1,0.101910828025478,1,1,0.32258064516129,0.675986842105263,0.313915857605178,1,1,0.316558441558442,0.307936507936508,0.323899371069182,0.861111111111111,0.32137030995106,1,0.0464,1,1,0.692429022082019,0.640322580645161,0.328257191201354,0.0435483870967742,0.327476038338658,1,1,0.319354838709677,0.330670926517572,0.613312202852615,1,0.317535545023697,0.387247278382582,0.317817014446228,0.985623003194888,0.465909090909091,0.0016,0.310236220472441,0.3328125,0.33003300330033,0.321724709784411,0.32753164556962,0.978021978021978,1,0.317891373801917,0.54424040066778,0.67483660130719,0.237560192616372,0.683417085427136,1,0.327447833065811,0.00160771704180064,0.336,0.317034700315457,0.369426751592357,0.327390599675851,0,0.34887459807074,0.331179321486268,0.332242225859247,0.317891373801917
"296",1,1,1,1,1,1,0.696574225122349,1,1,0.100649350649351,1,0.043956043956044,0.812995245641838,1,0.32258064516129,0.315372424722662,0.0667701863354037,0.677152317880795,1,1,0.2944,0.329052969502408,1,0.159375,1,0.333333333333333,0.330097087378641,1,1,0.784345047923323,0.31619937694704,0.73094867807154,0.968798751950078,0.330143540669856,0,1,0.535433070866142,1,0.308527131782946,1,0.654028436018957,0.66510172143975,0.675425038639876,1,1,0.324237560192616,0.320512820512821,0.323574730354391,0.327613104524181,0.335394126738794,0,1,0.324451410658307,1,1,0.508856682769726,0.55663430420712,1,1,1,0.345425867507886,0.334379905808477,0.320967741935484,0.667726550079491,1,1,0.0350877192982456,1,0.060790273556231,0.327188940092166,1,0.3265625,0.339228295819936,0.964912280701754,0.505494505494505,1,0.315541601255887,0.347286821705426,1,0.325769854132901,0.0910569105691057,0.336012861736334,0.334389857369255,1,0.355905511811024,1,1,1,1,0.683962264150943,1,1,0.00157232704402516,0.107086614173228,1,0.0476923076923077,0,1,0.548701298701299,0.666129032258065,1,0.0536277602523659,0.323296354992076,1,0.325842696629214,1,0.675632911392405,1,0.327014218009479,0.32348367029549,0.325984251968504,1,0.337559429477021,1,0.486024844720497,1,0.319182389937107,0.2953125,0.330218068535826,0.328025477707006,0.478672985781991,0.998412698412698,0.329153605015674,0.326860841423948,1,0.312401883830455,1,1,0.322274881516588,0.560490045941807,1,0.329113924050633,1,0.0442073170731707,1,0.328149300155521,0.666666666666667,0.340659340659341,0.929260450160772,0.444983818770227,0.105008077544426,0.0977917981072555,1,1,0.343499197431782,1,0.321100917431193,1,0.812893081761006,1,0.331168831168831,1,1,1,1,0.340659340659341,1,0.331746031746032,0.25625,1,0.328100470957614,1,0.313291139240506,0.0927672955974843,1,0.3216,1,1,1,0.347417840375587,1,0.336538461538462,1,0.313479623824451,1,0.328050713153724,0.0761904761904762,1,0.630718954248366,1,1,0.329032258064516,1,1,1,1,0.33015873015873,0.32182103610675,1,0.998435054773083,0.322530864197531,0.318840579710145,1,0.449920508744038,0.659509202453988,0,0.325949367088608,0.656298600311042,1,0.334379905808477,1,0.998470948012232,1,0.330203442879499,0.326086956521739,0.3322528363047,1,1,1,0,1,0.321027287319422,0.974723538704581,0.34185303514377,0.317111459968603,0.75516693163752,1,1,1,1,1,0.0446570972886762,0.320574162679426,0.328616352201258,1,0.672868217054264,1,1,0.998432601880878,0.998430141287284,1,1,0.0047244094488189,0.314900153609831,1,0.318181818181818,1,0.315047021943574,1,1,1,1,1,0.337060702875399,1,0.518225039619651,0.332283464566929,0.333333333333333,0.321543408360129,0.33015873015873,0.340872374798061,0.42472266244057,0.336492890995261,0.324921135646688,0.31619937694704,1,0.332278481012658,1,0.681047765793529,0.326053042121685,0.303543913713405,0.347334410339257,1,1,1,0.261075949367089,0.322784810126582,1,0.325281803542673,0.334869431643625,0.312401883830455,0.33175355450237,0.672523961661342,1,0.33695652173913,0.319554848966614,1,0.314332247557003,1,0.322033898305085,0.323390894819466,1,1,1,0.530254777070064,1,0.690251572327044,0.0852359208523592,0.327639751552795,1,1,0.100470957613815,0.328100470957614,0.343042071197411,1,1,0.317384370015949,0.0251968503937008,0.00323624595469256,1,1,0.347692307692308,1,1,0.322884012539185,1,1,0.326530612244898,1,1,1,1,0.340659340659341,0.323795180722892,0.337662337662338,1,1,0.6625,0.323763955342903,1,0.328787878787879,0.309409888357257,1,1,0.998435054773083,1,1,0.346581875993641,1,1,0.108414239482201,0.343653250773994,0.511182108626198,0.32120253164557,0.66031746031746,0.33125,1,0.325396825396825,0.3424,0.257364341085271,0.327613104524181,1,0.334876543209877,1,1,1,0.32258064516129,0.322530864197531,0.998422712933754,0.922950819672131,0.0648298217179903,1,0.321144674085851,0.327974276527331,0.322115384615385,1,0.336923076923077,0.4784,0.3296875,0.322734499205087,0.32794830371567,0.317965023847377,1,0.343548387096774,1,1,0,1,0.32807570977918,1,1,1,0.334928229665072,1,0.322061191626409,1,0.84375,1,1,1,0.323390894819466,1,1,0.31974921630094,0.321316614420063,1,1,0.31924882629108,0.184375,1,0.998425196850394,1,0,0.323248407643312,1,0.316614420062696,0.247191011235955,1,0.671317829457364,0.435534591194969,1,1,0.668174962292609,0.699842022116904,0.365625,1,0.332283464566929,1,1,0.340625,1,0.998402555910543,0.00946372239747634,0.330618892508143,1,1,0.3296,1,1,0.315024232633279,0.330708661417323,1,1,1,0.546165884194053,0.321144674085851,0.354992076069731,0.325652841781874,0.336477987421384,0.679936305732484,0.335403726708075,0.337579617834395,0.321875,0.253125,0.326860841423948,1,0.333333333333333,0.998412698412698,0.326120556414219,0.0904907975460123,0.0515625,1,1,0.0375586854460094,1,0.670807453416149,0.040625,0.0112540192926045,1,0.669811320754717,1,1,0.564935064935065,1,0,0.0774299835255354,1,1,1,0.330658105939005,0.646176911544228,0.683860232945091,0.993730407523511,1,0.984326018808777,0.31378763866878,0.332802547770701,1,0.311897106109325,1,0.378164556962025,0.104838709677419,0.319875776397516,0.329721362229102,0.350758853288364,1,0.084375,1,1,1,0.261682242990654,0.340872374798061,1,0.337096774193548,1,1,0.316037735849057,1,0.330792682926829,1,0.320634920634921,0.332268370607029,1,0.673015873015873,0.328746177370031,1,0.315873015873016,0.771565495207668,0.321044546850998,0.1609375,0.327718223583461,0.776714513556619,0.325358851674641,1,0.335423197492163,0.344186046511628,0.302839116719243,1,1,1,0.972131147540984,0.346278317152104,1,0.334405144694534,1,0.331136738056013,0.327613104524181,1,1,1,0.920634920634921,1,0.318529862174579,0.326086956521739,1,1,0.0471544715447154,0.0872374798061389,1,1,0.321086261980831,1,1,0.3264,1,1,0.672523961661342,0.536098310291859,1,0,1,1,0.102009273570325,0.337060702875399,1,0.334920634920635,0.998425196850394,0.964912280701754,0.998420221169036,0.826833073322933,1,0.333333333333333,1,1,1,0,0.320846905537459,1,1,0.65814696485623,1,0.324409448818898,0.364632237871674,0.332263242375602,1,1,1,0.0920436817472699,0.330143540669856,0.0967741935483871,0.998381877022654,0.324451410658307,0.316692667706708,0.354587869362364,0,1,0.957680250783699,1,1,0.343949044585987,0.310452418096724,0.158653846153846,0.0363924050632911,0.326018808777429,0.323809523809524,0.3359375,0.00159489633173844,0.322274881516588,1,0,0.326498422712934,1,1,1,0.333333333333333,0.336434108527132,0.0340909090909091,1,0.334913112164297,0.317262830482115,1,1,0.325508607198748,0.690515806988353,1,1,0.679748822605965,1,0.318461538461538,1,0.325878594249201,0.513260530421217,0.656692913385827,0.420489296636086,1,0.311424100156495,0.320493066255778,0.667716535433071,0.661466458658346,1,0.333853354134165,1,0.335394126738794,1,0.333863275039746,0.32484076433121,0.362341772151899,0.540752351097179,0.32741935483871,0.315789473684211,0.655763239875389,0.333858267716535,0.146341463414634,1,0,1,0.304487179487179,1,0,0.327014218009479,0.329052969502408,1,0.0585516178736518,1,0.0884244372990354,0.3392,1,0.0646687697160883,0.663507109004739,1,1,1,0.32137030995106,0.0388802488335925,1,0.43217665615142,0.0982286634460548,0.366043613707165,0.32967032967033,0.333333333333333,1,1,1,1,1,0.0670731707317073,0.996923076923077,0.668769716088328,0.0045662100456621,0.331768388106416,1,1,1,1,0.0897637795275591,0.324574961360124,1,1,1,1,1,1,0.484615384615385,0.00161290322580645,1,0.0860719874804382,0.326984126984127,0.444267515923567,1,0.410048622366288,0.318555008210181,0.3234375,1,0.0387596899224806,0.32398753894081,1,1,0.373983739837398,0.323390894819466,0.321766561514196,0.326829268292683,0.998444790046656,0.338187702265372,0.328638497652582,0.434231378763867,0.323151125401929,0.973270440251572,0.322085889570552,0.0894568690095847,0.33175355450237,0,1,0.0919354838709677,0.318840579710145,0.329093799682035,0.334943639291465,1,1,1,1,1,1,0.332805071315372,1,0.31875,0.320945945945946,0.62111801242236,0.664556962025316,1,1,0,0.326219512195122,0.123244929797192,0.998475609756098,0.036624203821656,1,1,0.32626427406199,1,1,0.634493670886076,0.428571428571429,0.996955859969559,0.0850722311396469,0.0976,1,1,1,0.0916271721958926,0,0.32093023255814,0.427001569858713,0.325581395348837,0,0.334935897435897,0.0910543130990415,1,1,0.333853354134165,0.31974921630094,0.240506329113924,0.346153846153846,0.321928460342146,0.332293291731669,1,1,0.330173775671406,1,0,1,0.2192,1,0.6609375,1,0.321766561514196,0.322528363047002,0.0771653543307087,0.668224299065421,1,1,0.780410742496051,0.893203883495146,0.330658105939005,0.319620253164557,1,0.330645161290323,0.255961844197138,0.333333333333333,1,0.102201257861635,1,1,0.334384858044164,0.67205169628433,0.314845024469821,1,1,0.311424100156495,0.313099041533546,0.32572298325723,0.862681744749596,0.326332794830372,1,0.0571870170015456,1,1,0.686427457098284,0.634920634920635,0.333333333333333,0.0598425196850394,0.332805071315372,1,1,0.309636650868878,0.340872374798061,0.624610591900312,1,0.315625,0.388198757763975,0.31875,0.98297213622291,0.474522292993631,0.00467289719626168,0.316118935837246,0.331278890600925,0.334394904458599,0.337115072933549,0.327743902439024,0.970266040688576,1,0.322884012539185,0.544861337683524,0.67536704730832,0.239130434782609,0.67862969004894,1,0.334905660377358,0.00319488817891374,0.338533541341654,0.328660436137072,0.376766091051805,0.329581993569132,0,0.339089481946625,0.32794830371567,0.337115072933549,0.3216
"297",0.2816,0.295208655332303,0.301538461538462,0.307086614173228,0.296583850931677,0.28902627511592,0.0095389507154213,0.309486780715397,0.3015625,0.576802507836991,0.303405572755418,0.651515151515151,0.507064364207221,0.304347826086957,1,1,0.627871362940276,0,0.307332293291732,0.293023255813953,1,1,0.306153846153846,0.522137404580153,0.294736842105263,1,1,0.31911532385466,0.298484848484848,0.52112676056338,1,0.572093023255814,0.356143079315708,0.996845425867508,0.684292379471229,0.298217179902755,0.148377125193199,0.305343511450382,1,0.298642533936652,0.003125,0,0,0.306603773584906,0.3,1,0.995334370139969,1,1,1,0.706521739130435,0.307692307692308,1,0.301391035548686,0.299382716049383,0.806552262090484,0.128526645768025,0.30625,0.305084745762712,0.306122448979592,0.992424242424242,1,1,0.0062111801242236,0.295345104333868,0.304012345679012,0.667185069984448,0.310452418096724,0.625373134328358,1,0.303405572755418,1,1,0.2671875,0.167682926829268,0.304023845007452,1,0.995334370139969,0.304084720121029,1,0.605136436597111,1,1,0.306184012066365,1,0.305597579425113,0.300632911392405,0.314329738058552,0.302003081664099,0,0.306477093206951,0.315315315315315,0.702909647779479,0.589939024390244,0.29093799682035,0.645357686453577,0.69922480620155,0.296352583586626,0.1328,0,0.301092043681747,0.625592417061611,1,0.3008,1,0.3015625,0,0.310185185185185,1,1,1,0.286594761171032,0.996923076923077,0.315301391035549,0.212893553223388,0.294294294294294,1,0.386153846153846,1,1,0.212307692307692,0.286604361370716,1,1,0.313935681470138,1,0.301914580265096,0.29483282674772,0.366306027820711,0.757207890743551,0.309375,1,0.312796208530806,0.638930163447251,0.318037974683544,1,0.00156494522691706,1,0.362519201228879,0.885167464114832,0.582945736434109,0.599693251533742,0.294117647058824,0.306581059390048,1,0.304615384615385,1,0.285271317829457,0.494640122511485,0.305936073059361,1,0.288431061806656,0.294209702660407,0.311708860759494,0.315217391304348,1,0.291858678955453,1,0.434250764525994,0.313546423135464,1,0.315629742033384,1,0.5984375,0.305379746835443,1,0.30441400304414,0.300763358778626,0.31839258114374,0.986259541984733,0.308777429467085,1,0.309597523219814,1,0.299840510366826,1,0.601526717557252,0.289473684210526,0.0380952380952381,0.28414442700157,0.303353658536585,1,0.293291731669267,0.306278713629403,0.303215926493109,0.31974921630094,1,1,0.310618066561014,0.310185185185185,1,1,0.307219662058372,0.243788819875776,0.022189349112426,0.69701726844584,1,0.00304878048780488,0.304147465437788,1,0.301109350237718,0.289433384379786,0.304012345679012,0.996918335901387,1,1,0.312688821752266,0.297770700636943,0.301515151515152,0.697819314641745,0.295489891135303,1,0.328746177370031,1,1,0.445468509984639,0.3140625,0.303951367781155,0.314900153609831,0.291793313069909,0.294670846394984,0.6484375,1,1,0.29922480620155,0.00305810397553517,0.306547619047619,0.304084720121029,0.305863708399366,0.287461773700306,0.285271317829457,0.302985074626866,0.711656441717791,0.363076923076923,0.294656488549618,1,0.302507836990596,1,0.294656488549618,0.300925925925926,0.300925925925926,0.310832025117739,0.300955414012739,1,0.304482225656878,0.794670846394984,1,1,0.99685534591195,1,1,0.888712241653418,1,1,1,0.304545454545455,1,0.308186195826645,0,1,0.385670731707317,1,0.312401883830455,0.308176100628931,0.302325581395349,0.429699842022117,1,0.305555555555556,1,1,1,1,0,0.29595015576324,1,1,0.31039755351682,1,0.308282208588957,1,1,0.295527156549521,0.309262166405024,0.285496183206107,0.158385093167702,0.316037735849057,0,0.603007518796992,1,0.304482225656878,0.304075235109718,0.591331269349845,1,1,0.30952380952381,0.317384370015949,1,0.668730650154799,0.707740916271722,0.29393468118196,0.310509554140127,0.992307692307692,0.314152410575428,0.290611028315946,1,0.293577981651376,0.291472868217054,1,0.28169014084507,0.311728395061728,0.30381679389313,0.3078125,1,1,1,0.293103448275862,0.3125,0.0091324200913242,0.992272024729521,0.304552590266876,1,1,0.288753799392097,0.31306990881459,0.292792792792793,0.307086614173228,0.298165137614679,1,0.293478260869565,0.293394777265745,0.576138147566719,1,0.830745341614907,1,0,1,0.310240963855422,1,1,0.425531914893617,0.998470948012232,0.306477093206951,1,0.296062992125984,0.290880503144654,0.300763358778626,1,1,0.30077519379845,0.389507154213037,0.615262321144674,0.294117647058824,1,1,1,0.306962025316456,1,0.210526315789474,1,1,1,1,0.310872894333844,1,0.30048465266559,0.31039755351682,0.693023255813954,0.294392523364486,1,0.304212168486739,0.300604229607251,0.294770206022187,1,0.294385432473445,1,0.311649016641452,0.475384615384615,0.304747320061256,0.304838709677419,0.298621745788668,1,0.304821150855365,0.290372670807453,1,1,0.309230769230769,0.299236641221374,1,0.482706766917293,0.302694136291601,0.309923664122137,0.316590563165906,0.691244239631336,1,0.289348171701113,1,0.432389937106918,0.295774647887324,0,0.869369369369369,0.306853582554517,0.30188679245283,0,0.0323574730354391,0.979938271604938,0.301857585139319,1,0.294392523364486,0.299843014128728,1,0.3125,0.298600311041991,0.684698608964451,1,0.302611367127496,0.305246422893482,1,0.301857585139319,0.286624203821656,1,0.344086021505376,0.2953125,0.308282208588957,0.323943661971831,0.796352583586626,1,0.976228209191759,1,1,0.00156739811912226,1,0.993798449612403,1,0.442724458204334,0.998410174880763,0.290273556231003,0.993911719939117,0.313880126182965,0.99685534591195,0.613235294117647,0.635670731707317,0.30030959752322,0.288315629742033,0.647239263803681,0.309748427672956,0,0.646511627906977,0.693270735524257,0.302985074626866,0.00152671755725191,0.297380585516179,0.295489891135303,0.760629921259843,0.312210200927357,0.702325581395349,0.598736176935229,0.304615384615385,0.303215926493109,0.282407407407407,1,0.0294985250737463,0,0.305343511450382,0.311728395061728,0.323029366306028,1,0.343167701863354,0.296875,1,0.290769230769231,0.929339477726575,0.575277337559429,1,1,0.993355481727575,0.305343511450382,0.613394216133942,0.298192771084337,0.306962025316456,0.301710730948678,0.428571428571429,1,0.293291731669267,1,0.304487179487179,0.2976,1,0.303370786516854,1,0.308056872037915,1,1,0.304821150855365,0,1,0.310502283105023,1,0.553680981595092,1,0.511520737327189,1,0.544323483670295,1,0.301109350237718,1,1,1,0.29922480620155,0.307086614173228,0.304804804804805,0.333863275039746,0.3344,0.3,1,0.301710730948678,1,1,0.307926829268293,0.306477093206951,0.298798798798799,0.383280757097792,0.312404287901991,1,1,0.315068493150685,0.312307692307692,0.630503144654088,0.597523219814242,0.307098765432099,0.302507836990596,1,0.298299845440495,0.304347826086957,0.993700787401575,0.296650717703349,0.292117465224111,0,0.156060606060606,0.300314465408805,0.693452380952381,0.297169811320755,0.310606060606061,0.6,0.996913580246914,0.293478260869565,1,0.296124031007752,0.339652448657188,0.295774647887324,0.469512195121951,0.299843014128728,1,0.303875968992248,0.306501547987616,0.317965023847377,0.70679012345679,1,0.312796208530806,0.305343511450382,0,0.31651376146789,0.998463901689708,0.945205479452055,1,0.299546142208775,0.299382716049383,0.300314465408805,0.594553706505295,1,0.599063962558502,0.314375987361769,1,1,0.9578125,0.690292758089368,0.310236220472441,0.347826086956522,0.306501547987616,0.298003072196621,1,1,0.519500780031201,0.643081761006289,1,1,0.998463901689708,0.704866562009419,1,0.31039755351682,0.689230769230769,1,0.311827956989247,0.303599374021909,0.302507836990596,0.998459167950693,1,0.653225806451613,0.306153846153846,1,1,0.309341500765697,0.300623052959502,0.998452012383901,0,0.303599374021909,0.293375394321767,0.00786163522012579,0.299248120300752,1,0.296703296703297,1,0.158610271903323,0,0.894970414201183,0.319083969465649,1,1,0,0.00153846153846154,0.308411214953271,1,0.292721518987342,0.996987951807229,0.290423861852433,1,0.998432601880878,0.956318252730109,0.76271186440678,1,1,0.00614439324116743,1,0.521462639109698,0.317829457364341,0.689497716894977,0.314112291350531,1,0.294851794071763,0.694573643410853,1,1,0.305511811023622,0.624624624624625,0.309597523219814,0.591962905718702,0.967289719626168,0.31832298136646,0.606201550387597,0.0139968895800933,0.296124031007752,0.302325581395349,0.312594840667678,1,0.642857142857143,0.298937784522003,0.883256528417819,0.593650793650794,0.96206373292868,1,1,0.301242236024845,0.314553990610329,0.290679304897314,0.301242236024845,0.295731707317073,0.617824773413897,0.295902883156297,0,0.689807976366322,1,0.305555555555556,0.290220820189274,0.296116504854369,0.305555555555556,0.604615384615385,1,0.317484662576687,0.315217391304348,0.316720257234727,0.30622009569378,0.298761609907121,0.298136645962733,0.202723146747353,0.690590111642743,0.299843014128728,0.60490045941807,1,0.234472049689441,0.304147465437788,0.909667194928685,1,1,0.303405572755418,0.653125,1,0.304953560371517,0.290322580645161,0.948598130841122,1,1,0.998435054773083,0.301059001512859,1,1,0.89375,1,0.340393343419062,1,0.597133757961783,1,0.689863842662632,0.297637795275591,0.60347551342812,1,1,0.992063492063492,0.312024353120244,0.309230769230769,0.311111111111111,0.313271604938272,0.308562197092084,0.315789473684211,0.981012658227848,0.304477611940298,1,1,0.698924731182796,0,0.301538461538462,0.302611367127496,0.691489361702128,1,0.571205007824726,0.314674735249622,0.651702786377709,0.300469483568075,0.30503144654088,1,0.297805642633229,0.29903536977492,0.678627145085803,0.902086677367576,0.306122448979592,0.602184087363494,0.579277864992151,0.31441717791411,0.308661417322835,0.288372093023256,0.602167182662539,0.69618320610687,1,0.887864823348694,1,0.685847589424572,0.998422712933754,0.595015576323987,0.301972685887709,0.3125,1,1,0.437209302325581,0.993788819875776,0.998461538461539,1,0.296296296296296,0.311728395061728,1,0.298969072164948,0.69431643625192,0.317411402157165,0.465331278890601,0.293563579277865,0,0.291350531107739,1,1,0.598449612403101,0.00153139356814701,0.308755760368664,0.308755760368664,0.0904836193447738,0.39776357827476,1,1,0.305936073059361,1,0.418351477449456,1,0.319402985074627,0.598473282442748,0.309707241910632,0.298273155416013,1,0,1,0.294585987261146,0.306853582554517,1,1,1,0.427672955974843,1,0.301412872841444,0.62826420890937,0.312893081761006,0.314873417721519,0.00153139356814701,0.0452418096723869,1,0.627329192546584,1,0.311349693251534,0.310897435897436,1,1,0.166666666666667,0.300153139356815,1,0.894333843797856,1,0.316109422492401,0.202229299363057,0.681538461538462,1,1,1,1,1,0.28030303030303,0.285491419656786,1,0.128824476650564,0.00157728706624606,0.446345256609642,0,0.311627906976744,1,0.690513219284603,1,1,0.88719512195122,1,0.701538461538462,1,1,1,1
"298",0.0300632911392405,0.0234741784037559,0.0235109717868339,0.0236593059936909,0.0217729393468118,0.0263565891472868,0.323151125401929,0.0251572327044025,0.0249609984399376,0.928,0.0213740458015267,0.984301412872841,0.166149068322981,0.0250783699059561,0.657728706624606,0.65990639625585,0.964885496183206,0.350565428109855,0.0254777070063694,0.0232558139534884,0.686305732484076,0.664546899841017,0.0264797507788162,0.863354037267081,0.0256024096385542,0.646058732612056,0.65818759936407,0.0256821829855538,0.0276073619631902,0.188197767145136,0.66156202143951,0.238244514106583,0.0371517027863777,0.659409020217729,0.984326018808777,0.0246710526315789,0.483464566929134,0.0257575757575758,0.673282442748092,0.0232558139534884,0.359937402190923,0.342105263157895,0.332317073170732,0.0249609984399376,0.028436018957346,0.654340836012862,0.670364500792393,0.669724770642202,0.655332302936631,0.6515625,0.978328173374613,0.0253164556962025,0.660550458715596,0.0276497695852535,0.0234009360374415,0.477987421383648,0.464454976303318,0.0278207109737249,0.0231839258114374,0.0279503105590062,0.641975308641975,0.660883280757098,0.65086887835703,0.352574102964119,0.0272435897435897,0.024390243902439,0.988941548183254,0.0268562401263823,0.969788519637462,0.654434250764526,0.0233644859813084,0.65414710485133,0.650717703349282,0.0591054313099042,0.525660964230171,0.0258751902587519,0.665653495440729,0.63482280431433,0.0263157894736842,0.650974025974026,0.932475884244373,0.644904458598726,0.650546021840874,0.0215716486902928,0.637636080870918,0.0240963855421687,0.0265210608424337,0.0248833592534992,0.0248833592534992,0.339009287925697,0.0238095238095238,0.0228658536585366,0.979559748427673,0.925925925925926,0.0188679245283019,0.983076923076923,0.981220657276995,0.0263565891472868,0.461912479740681,0.352664576802508,0.0249609984399376,0.971428571428571,0.66824644549763,0.0256,0.656,0.0234375,0.342064714946071,0.0261136712749616,0.657770800627943,0.651840490797546,0.648606811145511,0.0277777777777778,0.648062015503876,0.0219435736677116,0.539634146341463,0.0241691842900302,0.660522273425499,0.728395061728395,0.642748091603053,0.644654088050314,0.550387596899225,0.0296875,0.655436447166922,0.655284552845528,0.0172143974960876,0.665116279069767,0.0210526315789474,0.0288753799392097,0.701095461658842,0.473282442748092,0.0255591054313099,0.659969088098918,0.0253565768621236,0.987897125567322,0.0208333333333333,0.663594470046083,0.351851851851852,0.649612403100775,0.0368663594470046,0.583870967741935,0.9258114374034,0.926332288401254,0.0278207109737249,0.0304487179487179,0.638198757763975,0.0184899845916795,0.65296803652968,0.0221870047543582,0.172307692307692,0.0300751879699248,0.656050955414013,0.021875,0.0266457680250784,0.0207667731629393,0.0203761755485893,0.64696734059098,0.0276923076923077,0.648985959438378,0.763608087091757,0.0234009360374415,0.666153846153846,0.0228658536585366,0.678740157480315,0.944794952681388,0.0250391236306729,0.6512,0.028169014084507,0.0274809160305344,0.0253164556962025,0.639570552147239,0.0207006369426752,0.645569620253165,0.0259319286871961,0.6640625,0.0243506493506494,0.653481012658228,0.947368421052632,0.0250783699059561,0.3856,0.027027027027027,0.0251177394034537,0.657556270096463,0.0172143974960876,0.0232558139534884,0.0217391304347826,0.0247295208655332,0.650393700787402,0.673879443585781,0.0256821829855538,0.0202177293934681,0.651305683563748,0.673946957878315,0.0244274809160305,0.581143740340031,0.36144578313253,0.975193798449612,0.659409020217729,0.364779874213836,0.0230061349693252,0.655487804878049,0.0239234449760766,0.0229709035222052,0.0231481481481481,0.6609375,0.656441717791411,0.649289099526066,0.0225225225225225,0.0227272727272727,0.0230061349693252,0.976452119309262,0.0220472440944882,0.660771704180064,0.0124416796267496,0.653666146645866,0.662037037037037,0.275,0.0223285486443381,0.0292307692307692,0.0202808112324493,0.025,0.021978021978022,0.98468606431853,0.65527950310559,0.649230769230769,0.0262751159196291,0.347094801223242,0.0232198142414861,0.0270676691729323,0.0234741784037559,0.0233281493001555,0.0234375,0.0245398773006135,0.975535168195719,0.715582450832073,0.0234009360374415,0.655063291139241,0.0238095238095238,0.669242658423493,0.0247678018575851,0.028391167192429,0.0206022187004754,0.025,0.0272,0.646875,0.0261941448382126,0.447784810126582,0.654263565891473,0.649452269170579,0.660828025477707,0.647619047619048,0.640822784810127,0.5936,0.647425897035881,0.658878504672897,0.659969088098918,0.027355623100304,0.653605015673981,0.0210016155088853,0.331288343558282,0.657407407407407,0.712349397590361,0.649149922720247,0.0222222222222222,0.0204724409448819,0.0235109717868339,0.761075949367089,0.6671875,0.0246153846153846,0.656549520766773,0.64741641337386,0.662037037037037,0.652241112828439,0.34850863422292,0.0269413629160063,0.651305683563748,0.65615141955836,0.0233281493001555,0.675282714054927,0.029320987654321,0.659090909090909,0.662538699690402,0.0267295597484277,0.0253968253968254,0.0249221183800623,0.492913385826772,0.0221169036334913,0.341772151898734,0.940909090909091,0.657320872274143,0.0202808112324493,0.023696682464455,0.930981595092024,0.650621118012422,0.650316455696203,0.0175718849840256,0.0251968503937008,0.668730650154799,1,0.975961538461538,0.0269413629160063,0.0254777070063694,0.640986132511556,0.0250391236306729,0.0240601503759399,0.667177914110429,0.0248447204968944,0.0263157894736842,0.660990712074303,0.0267295597484277,0.0266457680250784,0.0251177394034537,0.021875,0.649452269170579,0.665648854961832,0.656050955414013,0.0279503105590062,0.0300157977883096,0.355140186915888,0.658841940532081,0.0250783699059561,0.662595419847328,0.673946957878315,0.0231124807395994,0.0212121212121212,0.0233644859813084,0.025,0.021875,0.648985959438378,0.0252365930599369,0.0279503105590062,0.916932907348243,0.642748091603053,0.521875,0.666139240506329,0.356230031948882,0.650306748466258,0.0180995475113122,0.667716535433071,0.644654088050314,0.761398176291793,0.656394453004623,0.0192616372391653,0.644817073170732,0.0284810126582278,0.0265210608424337,0.0262345679012346,0.665615141955836,0.657407407407407,0.0231481481481481,0.0540540540540541,0.963607594936709,0.0255591054313099,0.663026521060842,0.654028436018957,0.660883280757098,0.0177133655394525,0.647328244274809,0.56055900621118,0.648148148148148,0.66877971473851,0.657232704402516,0.666666666666667,0.0259541984732824,0.653481012658228,0.0210355987055016,0.0202492211838006,0.979591836734694,0.0268562401263823,0.652905198776758,0.0222222222222222,0.0261136712749616,0.0226537216828479,0.651017214397496,0.0225225225225225,0.661904761904762,0.0261538461538462,0.141965678627145,0.0264385692068429,0.0300632911392405,0.0234009360374415,0.65015479876161,0.0251968503937008,0.0221870047543582,0.665615141955836,0.65210608424337,0.0247678018575851,0.0202808112324493,0.668740279937792,0.832822085889571,0.0253565768621236,0.0204081632653061,0.0217729393468118,0.975039001560062,0.668253968253968,0.0241157556270096,0.656967840735069,0.772370486656201,0.0188679245283019,0.343122102009274,0.530920060331825,0.0223285486443381,0.0221169036334913,0.346210995542348,0.322274881516588,0.628930817610063,0.0229357798165138,0.653786707882535,0.0247678018575851,0.0223642172523962,0.641065830721003,0.0231124807395994,0.0222222222222222,0.984301412872841,0.651090342679128,0.028125,0.0221518987341772,0.653907496012759,0.021978021978022,0.0274636510500808,0.659235668789809,0.689922480620155,0.0222575516693164,0.0247678018575851,0.0219435736677116,0.436335403726708,0.666146645865835,0.658346333853354,0.657228017883756,0.653125,0.338095238095238,0.650695517774343,0.648985959438378,0.665130568356375,0.773228346456693,0.644904458598726,0.0272727272727273,0.651975683890577,0.0251968503937008,0.656346749226006,0.942336874051593,0.978658536585366,0.0246913580246914,0.0262345679012346,0.9890625,0.0209003215434084,0.336874051593323,0.984615384615385,0.985849056603774,0.0230414746543779,0.354037267080745,0.0251968503937008,0.0264385692068429,0.474763406940063,0.0217729393468118,0.974960876369327,0.945859872611465,0.0235478806907378,0.0261136712749616,0.0248447204968944,0.653605015673981,0.379727685325265,0.330605564648118,0.0337941628264209,0.0200617283950617,0.0138036809815951,0.666666666666667,0.686028257456829,0.0280373831775701,0.678288431061807,0.0246153846153846,0.608490566037736,0.920886075949367,0.669242658423493,0.657492354740061,0.636666666666667,0.0230414746543779,0.948012232415902,0.0287443267776097,0.0226171243941842,0.0251968503937008,0.762633996937213,0.657728706624606,0.0299212598425197,0.645865834633385,0.0238095238095238,0.0269413629160063,0.666666666666667,0.0222929936305732,0.659732540861813,0.0251177394034537,0.666136724960254,0.658767772511848,0.0263975155279503,0.3515625,0.657534246575342,0.0233644859813084,0.666129032258065,0.205564142194745,0.662079510703364,0.864406779661017,0.648854961832061,0.204968944099379,0.659270998415214,0.0300157977883096,0.650695517774343,0.637636080870918,0.679938744257274,0.025,0.0220472440944882,0.0229007633587786,0.0128410914927769,0.686495176848875,0.0249221183800623,0.646129541864139,0.0267295597484277,0.663934426229508,0.655538694992413,0.0247678018575851,0.0253565768621236,0.0198776758409786,0.0546021840873635,0.0229007633587786,0.667682926829268,0.658986175115207,0.0217729393468118,0.0189873417721519,0.975806451612903,0.941915227629513,0.0286168521462639,0.0283464566929134,0.670347003154574,0.0299212598425197,0.0255639097744361,0.6703125,0.0274193548387097,0.0261136712749616,0.346394984326019,0.492469879518072,0.0248447204968944,0.977511244377811,0.0251968503937008,0.0264385692068429,0.931506849315068,0.654263565891473,0.0208,0.650231124807396,0.0249221183800623,0.0173228346456693,0.0267295597484277,0.151090342679128,0.0251968503937008,0.645367412140575,0.0231124807395994,0.019047619047619,0.0190779014308426,0.97542242703533,0.668831168831169,0.0226171243941842,0.0260736196319018,0.357710651828299,0.0296411856474259,0.651090342679128,0.618604651162791,0.657728706624606,0.0231839258114374,0.0249609984399376,0.0237341772151899,0.93558282208589,0.65818759936407,0.936,0.021978021978022,0.666666666666667,0.673282442748092,0.613707165109034,0.976452119309262,0.0202492211838006,0.0185471406491499,0.0276073619631902,0.0247295208655332,0.656786271450858,0.662632375189107,0.851097178683386,0.987261146496815,0.64797507788162,0.660910518053375,0.645357686453577,0.985668789808917,0.66358024691358,0.0245398773006135,0.974763406940063,0.651840490797546,0.0278637770897833,0.0282574568288854,0.0235849056603774,0.656346749226006,0.652503793626707,0.987281399046105,0.021505376344086,0.659409020217729,0.671850699844479,0.0230769230769231,0.0265625,0.659937888198758,0.334410339256866,0.0220472440944882,0.0239234449760766,0.334913112164297,0.027906976744186,0.665123456790123,0.0202808112324493,0.654743390357698,0.497681607418856,0.356481481481481,0.609682299546142,0.0232558139534884,0.670212765957447,0.666666666666667,0.348580441640379,0.350769230769231,0.0267295597484277,0.648522550544324,0.0236220472440945,0.656534954407295,0.0282131661442006,0.65615141955836,0.666134185303514,0.62111801242236,0.502347417840376,0.659810126582278,0.656692913385827,0.361370716510903,0.65015479876161,0.876623376623377,0.015600624024961,0.973886328725038,0.024653312788906,0.675078864353312,0.026813880126183,0.976780185758514,0.648351648351648,0.668759811616955,0.0254372019077901,0.968181818181818,0.0264385692068429,0.93613707165109,0.634945397815913,0.021875,0.9640625,0.347352024922118,0.0250783699059561,0.0266457680250784,0.0244274809160305,0.659609120521173,0.986196319018405,0.0276923076923077,0.542586750788643,0.932692307692308,0.622154779969651,0.645161290322581,0.643625192012289,0.024653312788906,0.0158982511923688,0.0285714285714286,0.0229709035222052,0.0202808112324493,0.959276018099548,0.0290964777947933,0.344827586206897,0.977477477477477,0.649310872894334,0.0276923076923077,0.0220125786163522,0.0224719101123595,0.0212443095599393,0.938461538461538,0.655384615384615,0.0198170731707317,0.0238095238095238,0.0224719101123595,0.023696682464455,0.0273972602739726,0.0301109350237718,0.551242236024845,0.987381703470032,0.0249221183800623,0.947692307692308,0.655864197530864,0.596573208722741,0.0234009360374415,0.582539682539683,0.665040650406504,0.66407465007776,0.0284810126582278,0.984399375975039,0.649923896499239,0.0229007633587786,0.0238095238095238,0.604395604395604,0.662015503875969,0.667701863354037,0.658653846153846,0.0199692780337942,0.6453125,0.653846153846154,0.605055292259084,0.660883280757098,0.00768049155145929,0.660687593423019,0.940251572327044,0.647887323943662,0.978294573643411,0.0252365930599369,0.936808846761453,0.674491392801252,0.649452269170579,0.65987460815047,0.0229357798165138,0.0202808112324493,0.0209677419354839,0.0278207109737249,0.0256,0.0269413629160063,0.646592709984152,0.0233281493001555,0.65149136577708,0.653846153846154,0.42015503875969,0.3486529318542,0.0197568389057751,0.0264385692068429,0.978428351309707,0.660550458715596,0.906584992343032,0.0213414634146341,0.98755832037325,0.0202808112324493,0.022508038585209,0.662519440124417,0.0264385692068429,0.0261011419249592,0.400316455696203,0.608766233766234,0.031437125748503,0.937699680511182,0.927444794952681,0.0217054263565891,0.021978021978022,0.0248833592534992,0.936808846761453,0.975270479134467,0.654377880184332,0.546310832025118,0.660606060606061,0.975535168195719,0.651632970451011,0.942947702060222,0.0247295208655332,0.028436018957346,0.659476117103236,0.65284178187404,0.7765625,0.641955835962145,0.666151468315301,0.650943396226415,0.0266875981161695,0.0171606864274571,0.649122807017544,0.0267857142857143,0.976744186046512,0.0219435736677116,0.79559748427673,0.0268987341772152,0.348623853211009,0.0248447204968944,0.668759811616955,0.664,0.949152542372881,0.344135802469136,0.0217054263565891,0.0220472440944882,0.241433021806854,0.12987012987013,0.650159744408946,0.658105939004815,0.0262751159196291,0.647058823529412,0.75625,0.650563607085346,0.0287009063444109,0.928012519561815,0.0203761755485893,0.0251177394034537,0.653250773993808,0.346278317152104,0.668231611893584,0.0225442834138486,0.0204724409448819,0.663551401869159,0.666666666666667,0.65296803652968,0.163232963549921,0.660347551342812,0.027906976744186,0.968181818181818,0.0282131661442006,0.0225806451612903,0.335913312693498,0.380434782608696,0.651050080775444,0.974763406940063,0.651419558359621,0.0204081632653061,0.0177133655394525,0.6671875,0.642633228840125,0.398133748055988,0.0184049079754601,0.668195718654434,0.653905053598775,0.669242658423493,0.044478527607362,0.551505546751189,0.979813664596273,0.672868217054264,0.648690292758089,0.649762282091918,0.66031746031746,0.656923076923077,0.0557275541795666,0.0264385692068429,0.662519440124417,0.4770206022187,0.342229199372057,0.784829721362229,0.347687400318979,0.0206349206349206,0.65210608424337,0.973354231974922,0.643302180685358,0.662992125984252,0.660522273425499,0.6513470681458,0.981395348837209,0.638065522620905,0.655608214849921,0.657770800627943,0.65891472868217
"299",0.0032520325203252,0.00158730158730159,0.0032258064516129,0.00320512820512821,0.00159489633173844,0.00317460317460317,0.283171521035599,0.00321027287319422,0.00322061191626409,0.901960784313726,0.0016025641025641,0.95440251572327,0.183441558441558,0.00316957210776545,0.702265372168285,0.711538461538462,0.934817170111288,0.294214876033058,0.00324149108589951,0.00319488817891374,0.719298245614035,0.700647249190938,0.0031104199066874,0.841521394611727,0.00310077519379845,0.6864,0.705211726384365,0.0033112582781457,0.00313971742543171,0.228758169934641,0.709576138147567,0.270735524256651,0.0422535211267606,0.705977382875606,1,0.0033500837520938,0.447784810126582,0.0031104199066874,0.71606864274571,0.00155038759689922,0.317891373801917,0.307086614173228,0.293929712460064,0.00324675324675325,0.00160771704180064,0.697368421052632,0.70048309178744,0.710280373831776,0.692185007974482,0.689655172413793,0.9968,0.0032626427406199,0.700315457413249,0.00317460317460317,0.00310077519379845,0.5072,0.431118314424635,0.00157977883096367,0,0.00159744408945687,0.693037974683544,0.700636942675159,0.70048309178744,0.298387096774194,0.00328407224958949,0.00316957210776545,0.963081861958267,0.00321543408360129,0.942457231726283,0.697160883280757,0.00318471337579618,0.699842022116904,0.692307692307692,0.0424143556280587,0.48006379585327,0.00309119010819165,0.707472178060413,0.681818181818182,0.00314465408805031,0.700657894736842,0.912251655629139,0.694078947368421,0.695238095238095,0,0.682034976152623,0.00305810397553517,0.00159235668789809,0.00318471337579618,0.0032,0.289308176100629,0,0.00308641975308642,0.996865203761755,0.890995260663507,0.00161550888529887,0.954898911353033,0.998412698412698,0.00157232704402516,0.437086092715232,0.301639344262295,0.00319488817891374,0.949675324675325,0.706451612903226,0.00162866449511401,0.704730831973899,0.0032,0.302737520128824,0.00318471337579618,0.697899838449112,0.698234349919743,0.694267515923567,0.00317460317460317,0.692675159235669,0.0016,0.503974562798092,0.00309597523219814,0.69951534733441,0.69620253164557,0.692307692307692,0.697452229299363,0.507936507936508,0.00482315112540193,0.695583596214511,0.708126036484245,0,0.714511041009464,0.00303490136570561,0.00306748466257669,0.667197452229299,0.469040247678019,0.00162074554294976,0.7024,0.0032520325203252,0.958715596330275,0.00164744645799012,0.701095461658842,0.304140127388535,0.686084142394822,0.0672,0.59567387687188,0.894060995184591,0.903691813804173,0.00315955766192733,0.0033112582781457,0.689984101748808,0.0016025641025641,0.697247706422018,0.00323624595469256,0.202194357366771,0.0031104199066874,0.691803278688525,0.0032520325203252,0.00323101777059774,0.00159489633173844,0.00324149108589951,0.682258064516129,0.00321543408360129,0.69672131147541,0.736263736263736,0.0015552099533437,0.709320695102686,0.00313971742543171,0.70846394984326,0.918138041733547,0.00160513643659711,0.701782820097245,0.0032520325203252,0.003125,0.00323101777059774,0.674641148325359,0.00158982511923688,0.689102564102564,0.00321027287319422,0.711568938193344,0.00165562913907285,0.6957928802589,0.922098569157393,0.00161550888529887,0.344481605351171,0.00325732899022801,0.00159235668789809,0.6944,0,0,0.00158227848101266,0.00317460317460317,0.687697160883281,0.704866562009419,0.00329489291598023,0.00474683544303797,0.692789968652038,0.709886547811994,0.00158227848101266,0.5453125,0.313455657492355,0.998417721518987,0.694006309148265,0.312698412698413,0.00308166409861325,0.703470031545741,0.0016260162601626,0.00153846153846154,0.00317965023847377,0.703821656050955,0.698738170347003,0.693311582381729,0.00311526479750779,0.00166666666666667,0.00158478605388273,0.996688741721854,0.0032,0.705977382875606,0.0271132376395534,0.68860353130016,0.712439418416801,0.264150943396226,0.0016260162601626,0.00313479623824451,0.0016,0.0015748031496063,0.00158982511923688,0.957345971563981,0.69951534733441,0.68125,0.00318979266347687,0.306836248012719,0.00156739811912226,0.0031104199066874,0.00477707006369427,0.00470219435736677,0.00159235668789809,0.00309119010819165,1,0.683307332293292,0.00314465408805031,0.709677419354839,0.00323101777059774,0.706624605678233,0.00316957210776545,0.00316455696202532,0.00315457413249211,0.0032258064516129,0.00323624595469256,0.698083067092652,0.0015600624024961,0.501623376623377,0.686119873817035,0.694099378881988,0.701298701298701,0.685805422647528,0.694533762057878,0.592651757188498,0.680445151033386,0.707278481012658,0.712933753943218,0.003125,0.691318327974277,0.00329489291598023,0.299689440993789,0.698234349919743,0.682242990654206,0.679611650485437,0.00164744645799012,0.00321027287319422,0.00159744408945687,0.737785016286645,0.706924315619968,0.00157232704402516,0.696,0.691943127962085,0.699044585987261,0.6984375,0.2976,0.00317460317460317,0.696261682242991,0.7,0.00159489633173844,0.711323763955343,0.00314465408805031,0.710031347962382,0.701726844583987,0.0032626427406199,0.0016260162601626,0.00159744408945687,0.449111470113086,0.00163132137030995,0.292259083728278,0.91937984496124,0.694620253164557,0.00158982511923688,0.00323624595469256,0.900316455696203,0.699523052464229,0.680064308681672,0.00164473684210526,0.00323624595469256,0.707740916271722,0.975961538461538,1,0.00321543408360129,0.0032626427406199,0.6828125,0.00480769230769231,0.00306748466257669,0.700636942675159,0.00317460317460317,0.00317965023847377,0.700787401574803,0.00161550888529887,0.0032,0.0031496062992126,0.0015748031496063,0.690590111642743,0.696124031007752,0.69205298013245,0.00158982511923688,0.00158982511923688,0.303317535545024,0.704944178628389,0.0016260162601626,0.698412698412698,0.719298245614035,0.0031055900621118,0.0015625,0.00477707006369427,0.0016025641025641,0.00317460317460317,0.685303514376997,0.00161290322580645,0.00321543408360129,0.894736842105263,0.686915887850467,0.523961661341853,0.711726384364821,0.307324840764331,0.694444444444444,0.00154083204930663,0.70429252782194,0.689320388349515,0.743788819875776,0.690737833594976,0.00161030595813205,0.68944099378882,0.00321543408360129,0.00316455696202532,0.00316957210776545,0.708064516129032,0.691472868217054,0.0047244094488189,0.076797385620915,0.935587761674718,0.0032258064516129,0.700949367088608,0.694444444444444,0.716369529983793,0,0.695102685624013,0.521394611727417,0.692913385826772,0.713141025641026,0.696223316912972,0.712,0.00311526479750779,0.6976,0.0033167495854063,0,0.996794871794872,0.00323101777059774,0.700787401574803,0.00161550888529887,0,0,0.690095846645367,0.00313971742543171,0.703049759229534,0.00309597523219814,0.164835164835165,0.00317460317460317,0.00324675324675325,0.00156739811912226,0.700468018720749,0.00322061191626409,0.00324675324675325,0.709779179810726,0.707278481012658,0.00159744408945687,0.00158227848101266,0.70253164556962,0.80690737833595,0.00325732899022801,0.00318471337579618,0,0.996845425867508,0.702265372168285,0.0033167495854063,0.703525641025641,0.755980861244019,0.00162337662337662,0.307324840764331,0.571428571428571,0.00162866449511401,0.0015748031496063,0.305810397553517,0.280448717948718,0.668269230769231,0.00159744408945687,0.702060221870048,0.00319488817891374,0,0.683788121990369,0.00314465408805031,0.00478468899521531,0.995290423861852,0.691056910569106,0,0.00161290322580645,0.696969696969697,0.00312989045383412,0.0033167495854063,0.702572347266881,0.66046511627907,0.00325732899022801,0.0031104199066874,0.0016,0.474683544303797,0.714968152866242,0.674679487179487,0.686544342507645,0.687400318979266,0.296596434359805,0.689274447949527,0.685534591194969,0.700949367088608,0.757624398073836,0.696078431372549,0.00312989045383412,0.695652173913043,0.00484652665589661,0.705696202531646,0.919254658385093,0.949447077409163,0.00308641975308642,0.00315955766192733,0.959871589085072,0.00164744645799012,0.3,0.952153110047847,0.992025518341308,0.00158982511923688,0.298076923076923,0.00321027287319422,0.00160513643659711,0.468954248366013,0.00157728706624606,0.996825396825397,0.923333333333333,0.0032,0.0031496062992126,0.00319488817891374,0.695299837925446,0.335854765506808,0.296540362438221,0.00789889415481832,0.00158982511923688,0.0141509433962264,0.71451355661882,0.652173913043478,0.0031496062992126,0.717495987158908,0.00317965023847377,0.648953301127214,0.895330112721417,0.702194357366771,0.697530864197531,0.679661016949153,0.00313479623824451,0.921752738654147,0.00310077519379845,0.00163934426229508,0.00317965023847377,0.743348982785602,0.697068403908795,0.00320512820512821,0.69983948635634,0.00329489291598023,0.00325732899022801,0.703588143525741,0.00162074554294976,0.692073170731707,0.00320512820512821,0.70327868852459,0.6976,0.00315955766192733,0.310569105691057,0.697347893915757,0,0.700636942675159,0.249602543720191,0.709828393135725,0.834905660377358,0.696923076923077,0.2336,0.706362153344209,0.00327868852459016,0.696629213483146,0.68088467614534,0.723704866562009,0.00321543408360129,0.00321543408360129,0.0031055900621118,0.0310457516339869,0.653160453808752,0.00321027287319422,0.685761047463175,0.00321027287319422,0.700980392156863,0.692789968652038,0.00316957210776545,0.00323624595469256,0.00313971742543171,0.080188679245283,0.0031201248049922,0.703875968992248,0.688783570300158,0.00157728706624606,0.0016025641025641,0.9504,0.919093851132686,0.00321027287319422,0.00324675324675325,0.707119741100324,0.00317460317460317,0.00155038759689922,0.703703703703704,0.00163132137030995,0.00321543408360129,0.305111821086262,0.453560371517028,0.00318471337579618,0.996955859969559,0.00314465408805031,0.00158478605388273,0.898911353032659,0.691082802547771,0.00320512820512821,0.698564593301435,0.00483870967741936,0.0369181380417336,0.00484652665589661,0.175824175824176,0.00316455696202532,0.688333333333333,0.00313479623824451,0.00323101777059774,0.00325732899022801,0.996894409937888,0.71,0.00163398692810458,0.00316455696202532,0.304975922953451,0.00311526479750779,0.694888178913738,0.653907496012759,0.701095461658842,0.00320512820512821,0.0015625,0.00161812297734628,0.910518053375196,0.694444444444444,0.907894736842105,0.0032,0.707740916271722,0.706436420722135,0.662519440124417,0.9984,0.00320512820512821,0.0431309904153355,0.00158478605388273,0.00317965023847377,0.688709677419355,0.717628705148206,0.843548387096774,0.960975609756098,0.704654895666132,0.702875399361022,0.691455696202532,0.998363338788871,0.703937007874016,0.00313479623824451,0.996794871794872,0.714506172839506,0.00316957210776545,0.00321543408360129,0.00161290322580645,0.700626959247649,0.699059561128527,0.964824120603015,0,0.704180064308682,0.718110236220472,0.00316455696202532,0.00315955766192733,0.696343402225755,0.289735099337748,0.00318979266347687,0.00322061191626409,0.289348171701113,0.00314465408805031,0.706161137440758,0.00323101777059774,0.697784810126582,0.459119496855346,0.31201248049922,0.612055641421947,0.00157728706624606,0.713841368584759,0.707278481012658,0.303738317757009,0.317757009345794,0.0015527950310559,0.686821705426357,0.00162337662337662,0.695178849144635,0.00329489291598023,0.695102685624013,0.713821138211382,0.662420382165605,0.495283018867925,0.690322580645161,0.700320512820513,0.317384370015949,0.701892744479495,0.847290640394089,0.00161550888529887,0.998407643312102,0.0015748031496063,0.719101123595506,0.00160771704180064,0.998410174880763,0.69701726844584,0.703583061889251,0.0032626427406199,0.942073170731707,0.00158478605388273,0.911858974358974,0.680713128038898,0.0032626427406199,0.939157566302652,0.313694267515924,0.00315955766192733,0.0015748031496063,0.00316455696202532,0.704318936877076,0.962848297213622,0.0031496062992126,0.5824,0.903752039151713,0.661971830985915,0.699530516431925,0.696124031007752,0.00159235668789809,0.0016260162601626,0.00320512820512821,0.00314465408805031,0.00158227848101266,0.934681181959565,0.0063391442155309,0.305993690851735,1,0.694136291600634,0.00315955766192733,0.00319488817891374,0.00328407224958949,0.00312989045383412,0.9136,0.701892744479495,0.00315457413249211,0.00318471337579618,0.00161812297734628,0.00321543408360129,0.00314465408805031,0.00317965023847377,0.503105590062112,1,0.00315457413249211,0.914463452566096,0.696969696969697,0.559748427672956,0.0016025641025641,0.618270799347471,0.714046822742475,0.703937007874016,0.0032626427406199,0.96031746031746,0.696400625978091,0.0015748031496063,0.00317460317460317,0.642276422764228,0.701095461658842,0.706814580031696,0.698360655737705,0.00315457413249211,0.690553745928339,0.695859872611465,0.596774193548387,0.704581358609795,0.0285261489698891,0.698757763975155,0.914473684210526,0.695652173913043,0.996865203761755,0.0032626427406199,0.908496732026144,0.705787781350482,0.692913385826772,0.698717948717949,0.00158478605388273,0.00321543408360129,0.00164744645799012,0.00316455696202532,0.00163398692810458,0.00324675324675325,0.683279742765273,0.00312989045383412,0.703525641025641,0.703125,0.419614147909968,0.310289389067524,0,0.0031201248049922,0.998427672955975,0.691833590138675,0.884057971014493,0.00462249614791988,0.964573268921095,0.0032258064516129,0.00324149108589951,0.699044585987261,0.00319488817891374,0.00328947368421053,0.393790849673203,0.601328903654485,0.0060882800608828,0.921696574225122,0.901800327332242,0.00159489633173844,0.00324149108589951,0.0031496062992126,0.912140575079872,0.996784565916399,0.691943127962085,0.590189873417722,0.710031347962382,0.998427672955975,0.679674796747967,0.911433172302738,0.00322061191626409,0.00324675324675325,0.700310559006211,0.697784810126582,0.758785942492013,0.677524429967427,0.7015625,0.702362204724409,0.00158982511923688,0.00316957210776545,0.6875,0.00309119010819165,0.996815286624204,0.0016260162601626,0.774038461538462,0.00161812297734628,0.304552590266876,0.00156739811912226,0.702265372168285,0.713114754098361,0.923566878980892,0.302362204724409,0,0.0032,0.206677265500795,0.118226600985222,0.698387096774194,0.703403565640194,0.00316455696202532,0.695299837925446,0.74203821656051,0.689822294022617,0.0031104199066874,0.898251192368839,0.00161030595813205,0.00319488817891374,0.696485623003195,0.298701298701299,0.705314009661836,0.0033112582781457,0.00161550888529887,0.704761904761905,0.70625,0.69375,0.158576051779935,0.709677419354839,0.00161550888529887,0.946540880503145,0.00318471337579618,0.00327332242225859,0.287519747235387,0.327974276527331,0.695723684210526,0.944267515923567,0.690095846645367,0.00160771704180064,0.0033112582781457,0.712439418416801,0.68860353130016,0.375394321766562,0.00318471337579618,0.709175738724728,0.641185647425897,0.711145996860283,0.0187207488299532,0.522222222222222,0.996840442338073,0.717868338557994,0.695178849144635,0.688524590163934,0.704361873990307,0.7015625,0.0280811232449298,0.00158227848101266,0.70253164556962,0.443535188216039,0.291325695581015,0.757911392405063,0.297697368421053,0.00158982511923688,0.691338582677165,0.995192307692308,0.696774193548387,0.703470031545741,0.645933014354067,0.694308943089431,0.998435054773083,0.684952978056426,0.694136291600634,0.69935691318328,0.699842022116904
"300",1,1,1,1,1,1,0.717073170731707,1,1,0.102773246329527,1,0.0488958990536278,0.807383627608347,1,0.306451612903226,0.292993630573248,0.0698412698412698,0.695081967213115,1,1,0.276357827476038,0.295454545454545,1,0.161904761904762,1,0.309859154929577,0.300653594771242,1,1,0.77724358974359,0.29140127388535,0.728414442700157,0.957142857142857,0.290996784565916,0,1,0.555205047318612,1,0.284615384615385,1,0.674015748031496,0.689547581903276,0.700468018720749,1,1,0.305057096247961,0.293185419968304,0.295774647887324,0.307931570762053,0.312401883830455,0,1,0.29922480620155,1,1,0.472402597402597,0.5744,1,1,1,0.323390894819466,0.301916932907348,0.301916932907348,0.693396226415094,1,1,0.0396825396825397,1,0.0654205607476635,0.308049535603715,1,0.30503144654088,0.308319738988581,0.969255663430421,0.517940717628705,1,0.300155520995334,0.318541996830428,1,0.304418985270049,0.0931372549019608,0.313821138211382,0.308056872037915,1,0.327073552425665,1,1,1,1,0.704,1,1,0.0015600624024961,0.111459968602826,1,0.0508474576271186,0,1,0.574225122349103,0.68189233278956,1,0.0625,0.303656597774245,1,0.297297297297297,1,0.695238095238095,1,0.302884615384615,0.308306709265176,0.301109350237718,1,0.306729264475743,1,0.489827856025039,1,0.293838862559242,0.307448494453249,0.308641975308642,0.302839116719243,0.491228070175439,0.998422712933754,0.303875968992248,0.301612903225806,1,0.288643533123028,1,1,0.34009360374415,0.542503863987635,1,0.3024,1,0.0460829493087558,1,0.30564263322884,0.685670261941448,0.314465408805031,0.923930269413629,0.424590163934426,0.105263157894737,0.0990415335463259,1,1,0.313385826771654,1,0.30640243902439,1,0.7981220657277,1,0.312903225806452,1,1,1,1,0.3216,1,0.304,0.26040061633282,1,0.300157977883096,1,0.288676236044657,0.0881410256410256,1,0.299352750809061,1,1,1,0.322378716744914,1,0.315372424722662,1,0.295489891135303,1,0.307568438003221,0.0816326530612245,1,0.657377049180328,1,1,0.301612903225806,1,1,1,1,0.303937007874016,0.29559748427673,1,0.998402555910543,0.306976744186047,0.294022617124394,1,0.454253611556982,0.678353658536585,0,0.302795031055901,0.686821705426357,1,0.306376360808709,1,0.998442367601246,1,0.306477093206951,0.313572542901716,0.3136,1,1,1,0,1,0.294308943089431,0.967585089141005,0.313001605136437,0.3,0.748019017432647,1,1,1,1,1,0.0497592295345104,0.304625199362041,0.314553990610329,1,0.6984375,1,1,0.9984,0.998425196850394,1,1,0.00467289719626168,0.326153846153846,1,0.300157977883096,1,0.283048211508554,1,1,1,1,1,0.316455696202532,1,0.494308943089431,0.309178743961353,0.313291139240506,0.291734197730956,0.302737520128824,0.315447154471545,0.409385113268608,0.319620253164557,0.304140127388535,0.296875,1,0.305379746835443,1,0.694189602446483,0.306729264475743,0.319314641744548,0.327974276527331,1,1,1,0.265079365079365,0.297169811320755,1,0.298869143780291,0.313664596273292,0.307936507936508,0.310725552050473,0.69983948635634,1,0.310126582278481,0.301458670988655,1,0.287128712871287,1,0.293103448275862,0.293838862559242,1,1,1,0.553945249597424,1,0.706349206349206,0.0907668231611894,0.304625199362041,1,1,0.0995260663507109,0.305993690851735,0.313114754098361,1,1,0.29393468118196,0.0269413629160063,0.00321543408360129,1,1,0.320872274143302,0.998417721518987,1,0.300623052959502,1,1,0.306729264475743,1,1,1,1,0.304975922953451,0.302147239263804,0.314238952536825,1,1,0.682170542635659,0.295345104333868,1,0.305164319248826,0.286173633440514,1,1,0.9984375,1,1,0.314516129032258,1,1,0.109324758842444,0.317262830482115,0.480830670926518,0.293075684380032,0.685483870967742,0.311424100156495,1,0.296650717703349,0.324237560192616,0.261275272161742,0.305379746835443,1,0.312788906009245,1,1,1,0.293831168831169,0.311424100156495,0.998415213946117,0.918032786885246,0.0701754385964912,1,0.300632911392405,0.30016051364366,0.297253634894992,1,0.325115562403698,0.477777777777778,0.307570977917981,0.296238244514107,0.303715670436187,0.292604501607717,1,0.305825242718447,1,1,0,1,0.310789049919485,1,1,1,0.311897106109325,1,0.290996784565916,1,0.833333333333333,1,1,1,0.302507836990596,1,1,0.296825396825397,0.296,1,1,0.304487179487179,0.191063174114022,1,0.998420221169036,1,0,0.301612903225806,1,0.293185419968304,0.25,1,0.689763779527559,0.422600619195046,1,1,0.689393939393939,0.719101123595506,0.330683624801272,1,0.303370786516854,1,1,0.32120253164557,1,0.998412698412698,0.0096,0.309904153354633,1,1,0.308064516129032,1,1,0.291935483870968,0.342679127725857,1,1,1,0.516535433070866,0.297637795275591,0.33122028526149,0.307098765432099,0.308544303797468,0.706539074960128,0.308777429467085,0.312599681020734,0.296124031007752,0.251177394034537,0.303656597774245,1,0.30564263322884,0.998397435897436,0.299689440993789,0.086687306501548,0.0574534161490683,1,1,0.0423861852433281,1,0.703125,0.046031746031746,0.0127186009538951,1,0.691693290734824,1,1,0.534290271132376,1,0,0.0800653594771242,1,1,1,0.305379746835443,0.660550458715596,0.696223316912972,0.992223950233281,1,0.979166666666667,0.292913385826772,0.3424,1,0.288492706645057,1,0.353968253968254,0.109500805152979,0.291798107255521,0.306625577812018,0.32258064516129,1,0.0795631825273011,1,1,1,0.264525993883792,0.313504823151125,1,0.310064935064935,1,1,0.294930875576037,1,0.308868501529052,1,0.303514376996805,0.313195548489666,1,0.696485623003195,0.30030959752322,1,0.292134831460674,0.757433489827856,0.301075268817204,0.16796267496112,0.311450381679389,0.764705882352941,0.294975688816856,1,0.311111111111111,0.327131782945736,0.283018867924528,1,1,1,0.961227786752827,0.350649350649351,1,0.315270935960591,1,0.305555555555556,0.304615384615385,1,1,1,0.916398713826367,1,0.296238244514107,0.303265940902022,1,1,0.0518638573743922,0.0853462157809984,1,1,0.3024,1,1,0.301109350237718,1,1,0.6944,0.544600938967136,1,0,1,1,0.105426356589147,0.309859154929577,1,0.310015898251192,0.998412698412698,0.962903225806452,0.998384491114701,0.816485225505443,1,0.313915857605178,1,1,1,0,0.301324503311258,1,1,0.6896,1,0.311004784688995,0.345679012345679,0.310832025117739,1,1,1,0.096875,0.310457516339869,0.0914927768860353,0.998371335504886,0.302325581395349,0.297507788161994,0.341158059467919,0,1,0.95253164556962,1,1,0.308426073131955,0.295489891135303,0.161137440758294,0.0416666666666667,0.314375987361769,0.300314465408805,0.309597523219814,0.0016260162601626,0.289808917197452,1,0,0.3015625,1,1,1,0.297297297297297,0.312788906009245,0.040650406504065,1,0.29951690821256,0.298273155416013,1,1,0.308544303797468,0.702439024390244,1,1,0.696062992125984,1,0.290322580645161,1,0.305466237942122,0.540247678018576,0.682737169517885,0.396604938271605,1,0.289269051321928,0.304075235109718,0.699844479004666,0.685358255451713,1,0.312101910828025,1,0.307453416149068,1,0.303030303030303,0.3,0.333333333333333,0.513470681458003,0.309951060358891,0.290529695024077,0.672985781990521,0.3109375,0.151067323481117,1,0,1,0.281399046104928,1,0,0.309409888357257,0.305194805194805,1,0.0621212121212121,1,0.087719298245614,0.32807570977918,1,0.0700636942675159,0.684627575277338,1,1,1,0.302287581699346,0.0438871473354232,1,0.41335453100159,0.0979133226324237,0.33693972179289,0.305426356589147,0.304897314375987,1,1,1,1,1,0.0693374422187981,0.998454404945904,0.697819314641745,0.00458015267175573,0.311424100156495,1,1,1,1,0.089622641509434,0.296923076923077,1,1,1,1,1,1,0.493023255813954,0.00160771704180064,1,0.0890625,0.316692667706708,0.450949367088608,1,0.385483870967742,0.300970873786408,0.290015847860539,1,0.0434782608695652,0.301092043681747,1,1,0.3616,0.300155520995334,0.29047619047619,0.30718954248366,0.998444790046656,0.312903225806452,0.308777429467085,0.410828025477707,0.305732484076433,0.970633693972179,0.29601226993865,0.087603305785124,0.308661417322835,0,1,0.0920634920634921,0.2944,0.307936507936508,0.301282051282051,1,1,1,1,1,1,0.320450885668277,1,0.30064308681672,0.303236797274276,0.60061919504644,0.689320388349515,1,1,0,0.304953560371517,0.124213836477987,0.998468606431853,0.0416666666666667,1,1,0.303514376996805,1,1,0.621187800963082,0.414075286415712,0.996974281391831,0.0813008130081301,0.103059581320451,1,1,1,0.0913385826771654,0,0.309262166405024,0.402208201892744,0.302325581395349,0,0.314935064935065,0.0926829268292683,1,1,0.309230769230769,0.302652106084243,0.245614035087719,0.322006472491909,0.30381679389313,0.30625,1,1,0.313694267515924,1,0,1,0.220125786163522,1,0.683881064162754,1,0.300632911392405,0.297734627831715,0.080188679245283,0.683881064162754,1,1,0.8048,0.890522875816993,0.302215189873418,0.302439024390244,1,0.306089743589744,0.257234726688103,0.305958132045089,1,0.103286384976526,1,1,0.3046875,0.692682926829268,0.297734627831715,1,1,0.294952681388013,0.289099526066351,0.313846153846154,0.858064516129032,0.294892915980231,1,0.0638629283489097,1,1,0.71183800623053,0.668217054263566,0.311475409836066,0.0624,0.307324840764331,1,1,0.28594249201278,0.313504823151125,0.629860031104199,1,0.295208655332303,0.3609375,0.297770700636943,0.984472049689441,0.488853503184713,0.00474683544303797,0.289763779527559,0.308527131782946,0.310789049919485,0.298360655737705,0.306625577812018,0.972179289026275,1,0.303317535545024,0.566068515497553,0.695374800637959,0.233176838810642,0.705192629815745,1,0.313178294573643,0.0032,0.31496062992126,0.298578199052133,0.359055118110236,0.310064935064935,0,0.323343848580442,0.302884615384615,0.316639741518578,0.302507836990596
"301",1,1,1,1,1,1,0.706270627062706,1,1,0.104404567699837,1,0.0451612903225806,0.807817589576547,1,0.322115384615385,0.309636650868878,0.0643086816720257,0.688333333333333,1,1,0.288743882544861,0.307692307692308,1,0.1568,1,0.320512820512821,0.323333333333333,1,1,0.785714285714286,0.312698412698413,0.723370429252782,0.965189873417722,0.307814992025518,0,1,0.536231884057971,1,0.306477093206951,1,0.663446054750403,0.667197452229299,0.694888178913738,1,1,0.314144736842105,0.307443365695793,0.305732484076433,0.317460317460317,0.3296,0,1,0.311290322580645,1,1,0.499181669394435,0.559157212317666,1,1,1,0.335483870967742,0.323051948051948,0.316993464052288,0.683870967741935,1,1,0.0407166123778502,1,0.0579937304075235,0.31974921630094,1,0.322115384615385,0.331691297208539,0.967051070840198,0.500797448165869,1,0.308917197452229,0.334935897435897,1,0.318481848184819,0.0944350758853288,0.32952691680261,0.320450885668277,1,0.341346153846154,1,1,1,1,0.693498452012384,1,1,0.00160513643659711,0.106180665610143,1,0.046031746031746,0,1,0.560530679933665,0.681372549019608,1,0.0536585365853659,0.314009661835749,1,0.316393442622951,1,0.678972712680578,1,0.317073170731707,0.324193548387097,0.321086261980831,1,0.32794830371567,1,0.4896331738437,1,0.314102564102564,0.287735849056604,0.319938176197836,0.319604612850082,0.479871175523349,0.998397435897436,0.324881141045959,0.30983606557377,1,0.303225806451613,1,1,0.324921135646688,0.553291536050157,1,0.316639741518578,1,0.0421216848673947,1,0.31924882629108,0.676703645007924,0.326366559485531,0.928571428571429,0.437603993344426,0.105090311986864,0.099025974025974,1,1,0.330112721417069,1,0.317034700315457,1,0.806349206349206,1,0.321782178217822,1,1,1,1,0.33063209076175,1,0.32300163132137,0.256,1,0.309791332263242,1,0.304777594728171,0.0863192182410423,1,0.310344827586207,1,1,1,0.32695374800638,1,0.326229508196721,1,0.309178743961353,1,0.317512274959083,0.0749601275917065,1,0.633613445378151,1,1,0.318181818181818,1,1,1,1,0.324590163934426,0.306089743589744,1,0.998381877022654,0.323296354992076,0.306688417618271,1,0.44620253164557,0.671339563862928,0,0.32,0.67304625199362,1,0.317034700315457,1,0.998415213946117,1,0.3125,0.322169059011164,0.327302631578947,1,1,1,0,1,0.312803889789303,0.974358974358974,0.329545454545455,0.3104,0.740322580645161,1,1,1,1,1,0.0417335473515249,0.314754098360656,0.326465927099842,1,0.678288431061807,1,1,1,0.998402555910543,1,1,0.00479233226837061,0.312302839116719,1,0.305921052631579,1,0.299840510366826,1,1,1,1,1,0.325878594249201,1,0.514657980456026,0.323151125401929,0.32484076433121,0.310289389067524,0.320785597381342,0.338235294117647,0.41871921182266,0.32843137254902,0.3125,0.316957210776545,1,0.32626427406199,1,0.691082802547771,0.3184,0.309968847352025,0.335483870967742,1,1,1,0.255284552845528,0.308562197092084,1,0.3261231281198,0.325471698113208,0.310897435897436,0.322169059011164,0.677884615384615,1,0.32475884244373,0.312297734627832,1,0.301482701812191,1,0.306603773584906,0.313213703099511,1,1,1,0.528455284552846,1,0.685303514376997,0.0858034321372855,0.319488817891374,1,1,0.0985691573926868,0.319620253164557,0.328455284552846,1,1,0.310509554140127,0.0254777070063694,0.0032626427406199,1,1,0.334928229665072,1,1,0.304897314375987,1,1,0.321086261980831,1,1,1,1,0.324717285945073,0.317262830482115,0.328968903436989,1,1,0.670382165605096,0.317384370015949,1,0.317307692307692,0.302100161550889,1,1,0.998420221169036,1,1,0.318840579710145,1,1,0.108731466227348,0.328593996840442,0.497536945812808,0.308823529411765,0.667752442996743,0.3152,1,0.310855263157895,0.336569579288026,0.256329113924051,0.3136,1,0.330708661417323,1,1,1,0.313531353135314,0.322734499205087,0.998410174880763,0.919866444073456,0.0620915032679739,1,0.318110236220472,0.327361563517915,0.311793214862682,1,0.327044025157233,0.461904761904762,0.321951219512195,0.314332247557003,0.315702479338843,0.309951060358891,1,0.328478964401294,1,1,0,1,0.321895424836601,1,1,1,0.323529411764706,1,0.321951219512195,1,0.822866344605475,1,1,1,0.325949367088608,1,1,0.308562197092084,0.314516129032258,1,1,0.310509554140127,0.193650793650794,1,0.998422712933754,1,0,0.310965630114566,1,0.304975922953451,0.247172859450727,1,0.679365079365079,0.443740095087163,1,1,0.680124223602484,0.710610932475884,0.341384863123994,1,0.325320512820513,1,1,0.325320512820513,1,0.998389694041868,0.00802568218298555,0.322528363047002,1,1,0.32300163132137,1,1,0.309061488673139,0.330683624801272,1,1,1,0.537242472266244,0.301435406698565,0.345276872964169,0.322429906542056,0.329052969502408,0.68780487804878,0.322222222222222,0.323624595469256,0.314285714285714,0.24203821656051,0.312080536912752,1,0.322327044025157,0.998387096774194,0.317460317460317,0.0865533230293663,0.05103668261563,1,1,0.0401284109149278,1,0.685897435897436,0.0422764227642276,0.00988467874794069,1,0.675895765472313,1,1,0.548543689320388,1,0,0.0759075907590759,1,1,1,0.320066334991708,0.648318042813456,0.682196339434276,0.993589743589744,1,0.9856,0.309294871794872,0.332792207792208,1,0.299837925445705,1,0.376012965964344,0.109090909090909,0.312302839116719,0.322734499205087,0.335042735042735,1,0.0818897637795276,1,1,1,0.258730158730159,0.32516339869281,1,0.321486268174475,1,1,0.308306709265176,1,0.322274881516588,1,0.303425774877651,0.31810766721044,1,0.677049180327869,0.317535545023697,1,0.31404958677686,0.757281553398058,0.313084112149533,0.168831168831169,0.322530864197531,0.766666666666667,0.305418719211823,1,0.32018927444795,0.337519623233909,0.299050632911392,1,1,1,0.97171381031614,0.33277027027027,1,0.326194398682043,1,0.317275747508306,0.324324324324324,1,1,1,0.921440261865794,1,0.309033280507132,0.313821138211382,1,1,0.0495049504950495,0.0813008130081301,1,1,0.305825242718447,1,1,0.315960912052117,1,1,0.673107890499195,0.533646322378717,1,0,1,1,0.104928457869634,0.323624595469256,1,0.329052969502408,0.99836867862969,0.964285714285714,0.998387096774194,0.813397129186603,1,0.321252059308072,1,1,1,0,0.313758389261745,1,1,0.676751592356688,1,0.315112540192926,0.352472089314195,0.31687898089172,1,1,1,0.0936507936507937,0.319078947368421,0.0922570016474465,0.998389694041868,0.312202852614897,0.311320754716981,0.350877192982456,0,1,0.952153110047847,1,1,0.323481116584565,0.299363057324841,0.163430420711974,0.0401929260450161,0.322006472491909,0.315024232633279,0.327014218009479,0.0016366612111293,0.312893081761006,1,0,0.323390894819466,1,1,1,0.314516129032258,0.322222222222222,0.0352941176470588,1,0.307692307692308,0.311708860759494,1,1,0.317817014446228,0.694772344013491,1,1,0.692682926829268,1,0.3078125,1,0.321711568938193,0.5216,0.664546899841017,0.409375,1,0.303459119496855,0.31637519872814,0.6848,0.668224299065421,1,0.31637519872814,1,0.31687898089172,1,0.318627450980392,0.306425041186161,0.352,0.538827258320127,0.313531353135314,0.309562398703404,0.662358642972536,0.321027287319422,0.156146179401993,1,0,1,0.302287581699346,1,0,0.316045380875203,0.313432835820896,1,0.0554675118858954,1,0.0823909531502423,0.339774557165862,1,0.0693548387096774,0.673633440514469,1,1,1,0.303921568627451,0.0377952755905512,1,0.436893203883495,0.0998336106489185,0.352380952380952,0.321086261980831,0.323943661971831,1,1,1,1,1,0.0647709320695103,0.996835443037975,0.687400318979266,0.0046583850931677,0.321027287319422,1,1,1,1,0.0873015873015873,0.318181818181818,1,1,1,1,1,1,0.486571879936809,0.00164744645799012,1,0.0893416927899686,0.316129032258064,0.418789808917197,1,0.397350993377483,0.313628899835796,0.309178743961353,1,0.0387722132471729,0.324324324324324,1,1,0.373333333333333,0.308056872037915,0.314516129032258,0.321782178217822,0.998415213946117,0.332263242375602,0.3152,0.4189852700491,0.315533980582524,0.971698113207547,0.315541601255887,0.083743842364532,0.326892109500805,0,1,0.0925039872408294,0.30718954248366,0.319218241042345,0.314569536423841,1,1,1,1,1,1,0.33003300330033,1,0.312599681020734,0.312607944732297,0.598726114649682,0.682410423452769,1,1,0,0.314873417721519,0.116504854368932,0.998444790046656,0.0384615384615385,1,1,0.316558441558442,1,1,0.628289473684211,0.419834710743802,0.996946564885496,0.0875202593192869,0.101806239737274,1,1,1,0.0916398713826367,0,0.322222222222222,0.42215088282504,0.315286624203822,0,0.326332794830372,0.0901639344262295,1,1,0.321259842519685,0.323248407643312,0.23739837398374,0.325657894736842,0.312399355877617,0.322169059011164,1,1,0.325806451612903,1,0,1,0.22258064516129,1,0.672025723472669,1,0.317307692307692,0.306666666666667,0.0761904761904762,0.68312101910828,1,1,0.782608695652174,0.898858075040783,0.322422258592471,0.313531353135314,1,0.319870759289176,0.252396166134185,0.318791946308725,1,0.105769230769231,1,1,0.3168,0.679153094462541,0.311986863711002,1,1,0.29635499207607,0.314935064935065,0.321766561514196,0.86038961038961,0.311367380560132,1,0.054773082942097,1,1,0.70096463022508,0.653658536585366,0.320404721753794,0.0561797752808989,0.32512315270936,1,1,0.308681672025723,0.3278955954323,0.620634920634921,1,0.308176100628931,0.3664,0.308917197452229,0.985804416403785,0.46515397082658,0.0032520325203252,0.309294871794872,0.323943661971831,0.32516339869281,0.315270935960591,0.315457413249211,0.968354430379747,1,0.324367088607595,0.537190082644628,0.685245901639344,0.238924050632911,0.683050847457627,1,0.329652996845426,0.00325732899022801,0.326923076923077,0.314009661835749,0.368,0.323577235772358,0,0.336585365853659,0.315112540192926,0.324104234527687,0.316455696202532
"302",0.315625,0.336349924585219,0.332819722650231,0.347826086956522,0.332321699544765,0.321981424148607,0.0188087774294671,0.338983050847458,0.330275229357798,0.55625,0.331325301204819,0.625570776255708,0.525423728813559,0.336363636363636,0.995275590551181,0.99390243902439,0.609351432880845,0.004739336492891,0.340625,0.32572298325723,0.993779160186625,0.993817619783617,0.344311377245509,0.499241274658574,0.331360946745562,0.995488721804511,0.992150706436421,0.357142857142857,0.329341317365269,0.543171114599686,0.993911719939117,0.605740181268882,0.384848484848485,0.992389649923896,0.656488549618321,0.332263242375602,0.127300613496933,0.341353383458647,0.992570579494799,0.321321321321321,0.00303490136570561,0.00762195121951219,0.00599700149925037,0.346333853354134,0.334883720930233,0.993779160186625,0.993808049535604,0.992548435171386,0.992469879518072,0.993948562783661,0.673282442748092,0.339477726574501,0.992481203007519,0.339939024390244,0.32824427480916,0.837753510140406,0.105426356589147,0.337899543378995,0.337858220211161,0.341085271317829,0.990950226244344,0.995391705069124,0.996899224806202,0.00453172205438067,0.331775700934579,0.340490797546012,0.642089093701997,0.33179012345679,0.599704579025111,0.992570579494799,0.337386018237082,0.993975903614458,0.996889580093313,0.293650793650794,0.144817073170732,0.334795321637427,0.993948562783661,0.993920972644377,0.337837837837838,0.99685534591195,0.585669781931464,0.996904024767802,0.992283950617284,0.344461305007587,0.993948562783661,0.339312406576981,0.326120556414219,0.349157733537519,0.334869431643625,0.00454545454545455,0.334370139968896,0.342647058823529,0.667682926829268,0.560121765601218,0.328593996840442,0.628398791540785,0.661042944785276,0.328808446455505,0.110584518167457,0.00462249614791988,0.334365325077399,0.609302325581395,0.993865030674847,0.336477987421384,0.993817619783617,0.336405529953917,0.00768049155145929,0.335365853658537,0.992412746585736,0.998461538461539,0.995454545454545,0.326747720364742,0.995405819295559,0.342507645259939,0.1898355754858,0.331360946745562,0.996937212863706,0.369137670196672,0.992559523809524,0.995419847328244,0.186830015313936,0.327245053272451,0.992481203007519,0.993720565149137,0.345864661654135,0.993993993993994,0.343567251461988,0.327917282127031,0.36055469953775,0.771641791044776,0.335423197492163,0.99388379204893,0.344135802469136,0.624815361890694,0.344391785150079,0.995502248875562,0.00452488687782805,0.995454545454545,0.388036809815951,0.88801261829653,0.573415765069552,0.581395348837209,0.33843797856049,0.339009287925697,0.99388379204893,0.328125,0.994020926756353,0.32258064516129,0.514285714285714,0.336283185840708,0.992211838006231,0.324574961360124,0.328725038402458,0.333843797856049,0.343167701863354,0.992272024729521,0.326594090202177,0.993779160186625,0.440909090909091,0.351598173515982,0.993920972644377,0.329341317365269,0.993893129770992,0.581903276131045,0.339652448657188,0.996875,0.331818181818182,0.333333333333333,0.344615384615385,0.989489489489489,0.340978593272171,0.99388379204893,0.349453978159126,0.993939393939394,0.337519623233909,0.993759750390016,0.579598145285935,0.31441717791411,0.0224719101123595,0.315625,0.333846153846154,0.992211838006231,0.32262996941896,0.338957055214724,0.336377473363775,0.346153846153846,0.993865030674847,0.993957703927492,0.344287949921753,0.335843373493976,0.993930197268589,0.993759750390016,0.339421613394216,0.234398782343988,0.0176211453744493,0.674382716049383,0.995341614906832,0.0060882800608828,0.336377473363775,0.995508982035928,0.339116719242902,0.329323308270677,0.334848484848485,0.993874425727412,0.992492492492492,0.993730407523511,0.342222222222222,0.332810047095761,0.334841628959276,0.656346749226006,0.325115562403698,0.993730407523511,0.350230414746544,0.992272024729521,0.993930197268589,0.439509954058193,0.341013824884793,0.331811263318113,0.343328335832084,0.320493066255778,0.3359375,0.634674922600619,0.992307692307692,0.992389649923896,0.326378539493294,0.00606060606060606,0.345921450151057,0.335311572700297,0.329754601226994,0.322188449848024,0.320493066255778,0.33034379671151,0.676923076923077,0.36036036036036,0.319148936170213,0.995319812792512,0.335403726708075,0.99388379204893,0.324283559577677,0.317484662576687,0.330218068535826,0.343558282208589,0.329173166926677,0.996955859969559,0.342424242424242,0.801232665639445,0.99236641221374,0.993975903614458,0.995341614906832,0.993759750390016,0.992283950617284,0.894819466248038,0.993975903614458,0.993930197268589,0.995405819295559,0.335329341317365,0.99390243902439,0.344339622641509,0.00603318250377074,0.992378048780488,0.374622356495468,0.993827160493827,0.338485316846986,0.344287949921753,0.336923076923077,0.416024653312789,0.993893129770992,0.344984802431611,0.99375,0.992592592592593,0.995412844036697,0.993930197268589,0.00460829493087558,0.328197226502311,0.993930197268589,0.995384615384615,0.341013824884793,0.993788819875776,0.341353383458647,0.992469879518072,0.995412844036697,0.328220858895706,0.343213728549142,0.320552147239264,0.137825421133231,0.344339622641509,0.00609756097560976,0.586410635155096,0.995391705069124,0.338391502276176,0.341614906832298,0.568627450980392,0.992548435171386,0.995384615384615,0.34493670886076,0.347692307692308,0.992307692307692,0.640986132511556,0.6828125,0.320872274143302,0.334928229665072,1,0.34375,0.325859491778774,0.995454545454545,0.324773413897281,0.317629179331307,0.994029850746269,0.326186830015314,0.33026113671275,0.337423312883436,0.334355828220859,0.992389649923896,0.99406528189911,0.993680884676145,0.324116743471582,0.337920489296636,0.0135135135135135,0.990839694656489,0.347758887171561,0.99406528189911,0.993920972644377,0.329866270430906,0.343373493975904,0.325153374233129,0.338931297709924,0.329268292682927,0.993993993993994,0.321981424148607,0.328746177370031,0.556942277691108,0.994020926756353,0.839150227617602,0.995297805642633,0.00764525993883792,0.99251497005988,0.344213649851632,0.992307692307692,0.996918335901387,0.41400304414003,0.994011976047904,0.33843797856049,0.992592592592593,0.327718223583461,0.313364055299539,0.331818181818182,0.995348837209302,0.992548435171386,0.341013824884793,0.406099518459069,0.600924499229584,0.328149300155521,0.993827160493827,0.995290423861852,0.9921875,0.346394984326019,0.993939393939394,0.188736681887367,0.995433789954338,0.992458521870287,0.992199687987519,0.993855606758833,0.340874811463047,0.993836671802773,0.339171974522293,0.347626339969372,0.657450076804916,0.324921135646688,0.995440729483283,0.343076923076923,0.339820359281437,0.327586206896552,0.992283950617284,0.32089552238806,0.996899224806202,0.342814371257485,0.486363636363636,0.336405529953917,0.348837209302326,0.327844311377246,0.992401215805471,0.341085271317829,0.324451410658307,0.995405819295559,0.99388379204893,0.337367624810893,0.322289156626506,0.995419847328244,0.47289156626506,0.333333333333333,0.337878787878788,0.343843843843844,0.664624808575804,0.993700787401575,0.321711568938193,0.993911719939117,0.422360248447205,0.322188449848024,0.00612557427258806,0.894029850746269,0.340157480314961,0.341013824884793,0.00738552437223043,0.0398773006134969,0.986153846153846,0.330275229357798,0.993874425727412,0.334876543209877,0.332278481012658,0.99537037037037,0.337349397590361,0.335403726708075,0.649390243902439,0.993893129770992,0.337404580152672,0.340490797546012,0.995363214837713,0.327743902439024,0.322734499205087,0.993817619783617,0.33134328358209,0.325153374233129,0.334855403348554,0.346749226006192,0.810318664643399,0.993920972644377,0.978260869565217,0.994100294985251,0.992354740061162,0.00464396284829721,0.992492492492492,0.990825688073395,0.995461422087746,0.422900763358779,0.995297805642633,0.329866270430906,0.990977443609023,0.340625,0.993893129770992,0.588938714499253,0.618045112781955,0.341463414634146,0.329866270430906,0.618181818181818,0.32967032967033,0.00749625187406297,0.619631901840491,0.665130568356375,0.329819277108434,0.00458015267175573,0.329738058551618,0.327718223583461,0.775888717156105,0.337962962962963,0.66412213740458,0.584518167456556,0.334862385321101,0.340840840840841,0.320987654320988,0.996913580246914,0.0205278592375367,0.00809061488673139,0.340909090909091,0.345092024539877,0.350824587706147,0.993874425727412,0.333333333333333,0.335832083958021,0.993788819875776,0.324364723467862,0.959876543209877,0.550702028081123,0.992458521870287,0.992570579494799,0.991830065359477,0.334841628959276,0.593093093093093,0.343239227340267,0.325396825396825,0.328767123287671,0.414523449319213,0.993865030674847,0.330218068535826,0.993817619783617,0.335433070866142,0.332288401253919,0.992447129909366,0.339009287925697,0.992679355783309,0.334890965732087,0.993846153846154,0.993975903614458,0.338855421686747,0.00460829493087558,0.992548435171386,0.341867469879518,0.995341614906832,0.578703703703704,0.994029850746269,0.494704992435703,0.992592592592593,0.567278287461774,0.993817619783617,0.323529411764706,0.992503748125937,0.995461422087746,0.992424242424242,0.330289193302892,0.336990595611285,0.334801762114537,0.360189573459716,0.32475884244373,0.326219512195122,0.9936,0.338461538461538,0.993548387096774,0.992526158445441,0.345092024539877,0.332278481012658,0.330827067669173,0.403669724770642,0.33984962406015,0.995562130177515,0.992435703479576,0.346385542168675,0.341732283464567,0.615264797507788,0.580745341614907,0.334355828220859,0.334370139968896,0.992260061919505,0.324200913242009,0.330838323353293,0.985981308411215,0.321027287319422,0.328787878787879,0.00610687022900763,0.125748502994012,0.339506172839506,0.664705882352941,0.329249617151608,0.335365853658537,0.582335329341317,0.990769230769231,0.327073552425665,0.995419847328244,0.335375191424196,0.361067503924647,0.332317073170732,0.488059701492537,0.325077399380805,0.993680884676145,0.337878787878788,0.337962962962963,0.348982785602504,0.674140508221226,0.992088607594937,0.347962382445141,0.337367624810893,0.00458715596330275,0.342383107088989,0.996937212863706,0.972644376899696,0.99236641221374,0.331297709923664,0.339939024390244,0.333855799373041,0.571860816944024,0.995327102803738,0.585826771653543,0.350467289719626,0.994020926756353,0.992503748125937,0.981845688350983,0.658986175115207,0.346036585365854,0.371601208459215,0.340393343419062,0.333836858006042,0.993827160493827,0.992603550295858,0.5015625,0.616923076923077,0.99388379204893,0.992343032159265,0.995440729483283,0.676923076923077,0.993911719939117,0.345345345345345,0.660550458715596,0.992503748125937,0.340978593272171,0.334862385321101,0.334360554699538,1,0.99400299850075,0.635071090047393,0.336874051593323,0.993788819875776,0.992481203007519,0.345622119815668,0.328828828828829,0.996978851963746,0.00638977635782748,0.335925349922239,0.332814930015552,0.00617283950617284,0.337313432835821,0.994091580502216,0.331269349845201,0.992354740061162,0.133433283358321,0.00447093889716841,0.899556868537666,0.341945288753799,0.992447129909366,0.993920972644377,0.00775193798449612,0.00447093889716841,0.340978593272171,0.995440729483283,0.328638497652582,0.994074074074074,0.328682170542636,0.992343032159265,0.992199687987519,0.978593272171254,0.783866057838661,0.996918335901387,0.992150706436421,0.00612557427258806,0.993911719939117,0.505582137161085,0.340062111801242,0.654654654654655,0.349013657056146,0.993836671802773,0.325077399380805,0.659159159159159,0.993865030674847,0.993855606758833,0.328638497652582,0.604956268221574,0.346969696969697,0.575153374233129,0.986046511627907,0.351937984496124,0.58678955453149,0.0121951219512195,0.326219512195122,0.339366515837104,0.333834586466165,0.996830427892235,0.625,0.326865671641791,0.906153846153846,0.567692307692308,0.983433734939759,0.993930197268589,0.995419847328244,0.326186830015314,0.35625,0.320695102685624,0.332312404287902,0.334341906202723,0.603221083455344,0.32089552238806,0.00458715596330275,0.662756598240469,0.995468277945619,0.346687211093991,0.329704510108865,0.331230283911672,0.336858006042296,0.596651445966514,0.992458521870287,0.351270553064275,0.349304482225657,0.339652448657188,0.33693972179289,0.336874051593323,0.333333333333333,0.180059523809524,0.665094339622642,0.338957055214724,0.585476550680787,0.99388379204893,0.224924012158055,0.338414634146341,0.938176197836167,0.99203821656051,0.993893129770992,0.327794561933535,0.626307922272048,0.995508982035928,0.331325301204819,0.315548780487805,0.969325153374233,0.993939393939394,0.993893129770992,0.995290423861852,0.33535660091047,0.995290423861852,0.992401215805471,0.889400921658986,0.992354740061162,0.360778443113772,0.993948562783661,0.576982892690513,0.992424242424242,0.656626506024096,0.325190839694657,0.591263650546022,0.992199687987519,0.993817619783617,0.996889580093313,0.341353383458647,0.348091603053435,0.339116719242902,0.339366515837104,0.337519623233909,0.343701399688958,0.992295839753467,0.32370820668693,0.996951219512195,0.993485342019544,0.733637747336377,0.00461538461538462,0.331297709923664,0.337878787878788,0.657142857142857,0.994011976047904,0.553030303030303,0.342182890855457,0.634408602150538,0.331278890600925,0.334360554699538,0.993808049535604,0.330781010719755,0.337042925278219,0.699376947040498,0.902668759811617,0.344476744186047,0.589341692789969,0.566820276497696,0.341945288753799,0.338461538461538,0.316030534351145,0.581039755351682,0.659056316590563,0.992447129909366,0.907407407407407,0.99406528189911,0.646616541353383,0.995327102803738,0.575,0.335889570552147,0.329721362229102,0.99251497005988,0.995440729483283,0.428571428571429,0.992283950617284,0.995475113122172,0.993975903614458,0.331811263318113,0.338414634146341,0.995356037151703,0.332844574780059,0.665667166416792,0.353846153846154,0.446153846153846,0.320610687022901,0.00764525993883792,0.326747720364742,0.992319508448541,0.99537037037037,0.577611940298507,0.00452488687782805,0.350230414746544,0.341576506955178,0.118012422360248,0.424483306836248,0.993836671802773,0.993769470404984,0.331811263318113,0.995363214837713,0.407914764079148,0.998427672955975,0.337295690936107,0.569018404907976,0.341013824884793,0.338509316770186,0.993893129770992,0.00783699059561128,0.995305164319249,0.331775700934579,0.333333333333333,0.993911719939117,0.992295839753467,0.997037037037037,0.466458658346334,0.993779160186625,0.334848484848485,0.610015174506829,0.341353383458647,0.336434108527132,0.00764525993883792,0.030441400304414,0.992101105845182,0.61236802413273,0.992354740061162,0.341984732824427,0.351226993865031,0.993893129770992,0.993930197268589,0.149546827794562,0.327272727272727,0.995488721804511,0.901960784313726,0.993930197268589,0.335347432024169,0.18693009118541,0.658573596358118,0.995433789954338,0.995508982035928,0.992150706436421,0.993759750390016,0.992603550295858,0.307462686567164,0.32258064516129,0.995447647951442,0.109872611464968,0.00617283950617284,0.427492447129909,0.00476190476190476,0.339969372128637,0.993855606758833,0.663565891472868,0.995391705069124,0.993948562783661,0.884498480243161,0.995327102803738,0.659606656580938,0.993836671802773,0.995283018867924,0.99537750385208,0.995391705069124
"303",0.998397435897436,0.998432601880878,0.998432601880878,0.998425196850394,0.998410174880763,0.998435054773083,0.697933227344992,0.998425196850394,0.998449612403101,0.0964630225080386,1,0.0457413249211356,0.809825673534073,0.998420221169036,0.326984126984127,0.319444444444444,0.0629800307219662,0.67699836867863,1,0.998427672955975,0.292527821939587,0.322834645669291,0.998461538461539,0.162790697674419,0.998466257668712,0.333333333333333,0.32475884244373,0.998389694041868,0.998435054773083,0.784929356357928,0.3198127925117,0.740279937791602,0.967391304347826,0.32120253164557,0.00156985871271586,1,0.537267080745342,0.998461538461539,0.309451219512195,0.998449612403101,0.655555555555556,0.676425269645609,0.68558282208589,0.998420221169036,0.998410174880763,0.32475884244373,0.321656050955414,0.316436251920123,0.334379905808477,0.335384615384615,0,1,0.320552147239264,0.998444790046656,0.998452012383901,0.489763779527559,0.568471337579618,0.998420221169036,0.998439937597504,0.998442367601246,0.3421875,0.318541996830428,0.32755905511811,0.680314960629921,0.998387096774194,0.998442367601246,0.0364500792393027,0.998412698412698,0.0604229607250755,0.326747720364742,0.998466257668712,0.32967032967033,0.329581993569132,0.9648,0.51937984496124,0.998475609756098,0.313664596273292,0.342507645259939,0.998449612403101,0.3248,0.0880913539967374,0.333333333333333,0.328125,0.998444790046656,0.340523882896764,1,0.998430141287284,0.998417721518987,0.998461538461539,0.684952978056426,0.998425196850394,1,0.00313479623824451,0.100931677018634,1,0.0476190476190476,0,0.998422712933754,0.566775244299674,0.674121405750799,0.998415213946117,0.0534591194968553,0.31378763866878,1,0.322222222222222,1,0.671850699844479,0.998452012383901,0.331240188383046,0.326687116564417,0.329721362229102,0.998422712933754,0.335423197492163,0.998415213946117,0.490654205607477,0.998480243161094,0.325038880248834,0.298136645962733,0.326687116564417,0.327014218009479,0.484326018808777,0.996850393700787,0.328725038402458,0.323051948051948,1,0.318818040435459,0.998487140695915,0.998466257668712,0.33122028526149,0.551204819277108,1,0.323390894819466,0.998417721518987,0.0421686746987952,1,0.322085889570552,0.668721109399075,0.335901386748844,0.928909952606635,0.435772357723577,0.0998415213946117,0.09375,0.998435054773083,0.998387096774194,0.341692789968652,1,0.324242424242424,0.998444790046656,0.805810397553517,0.998454404945904,0.331730769230769,1,0.998394863563403,0.9984,0.998407643312102,0.33968253968254,1,0.33015873015873,0.252321981424149,0.9984375,0.317829457364341,0.998470948012232,0.304212168486739,0.0845070422535211,0.998402555910543,0.314375987361769,0.998447204968944,0.998439937597504,0.998415213946117,0.346153846153846,1,0.337559429477021,0.998412698412698,0.31496062992126,0.99837925445705,0.3216,0.0760869565217391,0.998456790123457,0.624796084828711,0.9984,0.998435054773083,0.322784810126582,0.998459167950693,0.998425196850394,0.998447204968944,0.998459167950693,0.328616352201258,0.320987654320988,0.998381877022654,0.996820349761526,0.33179012345679,0.324881141045959,0.998420221169036,0.447409733124019,0.668202764976959,0.00155038759689922,0.326018808777429,0.665079365079365,0.998454404945904,0.330769230769231,0.998405103668262,0.996908809891808,1,0.324492979719189,0.33179012345679,0.339256865912762,1,1,0.998444790046656,0.00157728706624606,0.998449612403101,0.316129032258064,0.970125786163522,0.334913112164297,0.309033280507132,0.761240310077519,0.9984375,0.998470948012232,0.998420221169036,0.998427672955975,0.998402555910543,0.0474683544303797,0.327044025157233,0.332302936630603,0.998452012383901,0.676056338028169,0.998459167950693,0.998477929984779,1,0.996927803379416,0.998417721518987,1,0.00627943485086342,0.320061255742726,0.998454404945904,0.319554848966614,0.998410174880763,0.315789473684211,1,0.998384491114701,0.998405103668262,0.998381877022654,0.998387096774194,0.33125,0.998447204968944,0.510268562401264,0.330696202531646,0.333850931677019,0.3136,0.335443037974684,0.343799058084772,0.431781701444623,0.34009360374415,0.3234375,0.320987654320988,0.998475609756098,0.326053042121685,1,0.674311926605505,0.324921135646688,0.311728395061728,0.34850863422292,0.998415213946117,1,0.998432601880878,0.260252365930599,0.324574961360124,0.998444790046656,0.320695102685624,0.33179012345679,0.312302839116719,0.326687116564417,0.677519379844961,0.998432601880878,0.326656394453005,0.317965023847377,0.998427672955975,0.312,0.998417721518987,0.315217391304348,0.31496062992126,0.998397435897436,0.998387096774194,0.998422712933754,0.542901716068643,0.998402555910543,0.68088467614534,0.081039755351682,0.327586206896552,0.998475609756098,0.998417721518987,0.0961240310077519,0.3296875,0.333870967741935,0.998381877022654,1,0.314152410575428,0.0250391236306729,0.00480769230769231,0.998417721518987,1,0.34375,1,0.998491704374057,0.316436251920123,0.998444790046656,0.998447204968944,0.328593996840442,0.998415213946117,0.998405103668262,1,0.998444790046656,0.325545171339564,0.315548780487805,0.336038961038961,0.998425196850394,0.998420221169036,0.66824644549763,0.320872274143302,0.998392282958199,0.324074074074074,0.304278922345483,0.998461538461539,0.998461538461539,0.996870109546166,0.9984375,0.998439937597504,0.330173775671406,1,1,0.108626198083067,0.338461538461538,0.504716981132076,0.314194577352472,0.666666666666667,0.322429906542056,1,0.314785373608903,0.34375,0.263482280431433,0.32572298325723,1,0.337899543378995,0.9984375,0.998439937597504,0.998442367601246,0.306729264475743,0.329230769230769,0.996884735202492,0.92891760904685,0.0625978090766823,0.998397435897436,0.330188679245283,0.335433070866142,0.313291139240506,0.998389694041868,0.332814930015552,0.478193146417445,0.332288401253919,0.313291139240506,0.322683706070288,0.317972350230415,1,0.33387358184765,1,0.998425196850394,0,0.998412698412698,0.3264,0.998447204968944,0.998477929984779,0.998394863563403,0.332814930015552,0.998447204968944,0.319422150882825,0.998477929984779,0.834633385335413,0.998435054773083,0.998392282958199,1,0.322784810126582,1,0.998394863563403,0.314814814814815,0.321259842519685,1,0.998430141287284,0.324074074074074,0.187793427230047,0.998397435897436,0.996894409937888,0.998456790123457,0.00156739811912226,0.318110236220472,0.998389694041868,0.3203125,0.247634069400631,0.998422712933754,0.671850699844479,0.449165402124431,0.998381877022654,1,0.668181818181818,0.70735524256651,0.351735015772871,1,0.32182103610675,0.998420221169036,0.998389694041868,0.342356687898089,1,0.99685534591195,0.0110062893081761,0.3296875,0.998430141287284,0.998439937597504,0.32,1,0.998407643312102,0.311111111111111,0.334351145038168,0.9984,1,0.998430141287284,0.537267080745342,0.321372854914197,0.352564102564103,0.321156773211568,0.339116719242902,0.684542586750789,0.330246913580247,0.332298136645963,0.3198127925117,0.242566510172144,0.327974276527331,0.998444790046656,0.326747720364742,0.99685534591195,0.317535545023697,0.0842266462480858,0.0522273425499232,0.998475609756098,0.998449612403101,0.0395569620253165,0.998387096774194,0.672360248447205,0.0423861852433281,0.0125195618153365,1,0.677519379844961,0.998422712933754,0.9984375,0.555732484076433,0.998435054773083,0.00156494522691706,0.0704,0.998430141287284,1,0.998422712933754,0.325434439178515,0.642324888226528,0.682410423452769,0.993827160493827,1,0.98297213622291,0.314641744548287,0.335974643423138,0.9984375,0.312989045383412,0.998449612403101,0.377777777777778,0.102106969205835,0.313572542901716,0.327769347496206,0.342715231788079,1,0.0763358778625954,0.998491704374057,0.998363338788871,0.998454404945904,0.262422360248447,0.326366559485531,0.9984375,0.329133858267717,0.998373983739837,0.9984,0.321372854914197,0.998405103668262,0.335854765506808,0.998427672955975,0.320695102685624,0.325949367088608,0.998463901689708,0.678125,0.320417287630402,0.998449612403101,0.322734499205087,0.767801857585139,0.328725038402458,0.158385093167702,0.328220858895706,0.763406940063092,0.31629392971246,0.998392282958199,0.330733229329173,0.3453125,0.295839753466872,1,1,0.998463901689708,0.965964343598055,0.338762214983713,0.998425196850394,0.332802547770701,0.998417721518987,0.325769854132901,0.323664122137405,0.998449612403101,0.998427672955975,1,0.918238993710692,0.998456790123457,0.314814814814815,0.328682170542636,1,0.998394863563403,0.0483091787439614,0.0813397129186603,0.998425196850394,0.998405103668262,0.304487179487179,0.998444790046656,0.998484848484849,0.314465408805031,0.998373983739837,0.998410174880763,0.667194928684628,0.537993920972644,0.998422712933754,0.00153374233128834,0.998410174880763,0.998456790123457,0.0984848484848485,0.330708661417323,0.998420221169036,0.334905660377358,0.996870109546166,0.963836477987421,0.996860282574568,0.82306477093207,0.9984375,0.332797427652733,0.998456790123457,0.998394863563403,0.998402555910543,0.00154320987654321,0.323577235772358,1,1,0.666666666666667,0.998439937597504,0.330218068535826,0.375,0.330203442879499,0.998425196850394,0.998466257668712,0.998417721518987,0.0917431192660551,0.334389857369255,0.0864,0.998417721518987,0.324574961360124,0.315217391304348,0.35981308411215,0.00157977883096367,1,0.956656346749226,0.998454404945904,1,0.329652996845426,0.316923076923077,0.162974683544304,0.0388802488335925,0.329093799682035,0.324409448818898,0.326530612244898,0.00158982511923688,0.322378716744914,0.998468606431853,0.00156739811912226,0.329738058551618,0.998430141287284,1,0.998422712933754,0.329153605015674,0.326120556414219,0.0339805825242718,0.998442367601246,0.3232,0.314900153609831,1,0.998444790046656,0.330188679245283,0.684466019417476,1,0.998432601880878,0.685534591194969,0.9984375,0.313755795981453,1,0.319685039370079,0.538699690402477,0.662037037037037,0.410958904109589,0.9984375,0.307219662058372,0.31937984496124,0.674884437596302,0.657935285053929,0.9984375,0.335423197492163,1,0.329286798179059,0.998407643312102,0.323529411764706,0.313291139240506,0.357030015797788,0.52639751552795,0.320450885668277,0.31378763866878,0.652713178294574,0.318461538461538,0.142625607779579,1,0.00153609831029186,0.998461538461539,0.302737520128824,0.998439937597504,0,0.325949367088608,0.320450885668277,0.998371335504886,0.0558912386706949,0.998466257668712,0.0838607594936709,0.34748427672956,0.998420221169036,0.0645669291338583,0.670347003154574,0.998417721518987,0.998442367601246,1,0.320723684210526,0.0415384615384615,1,0.434439178515008,0.0958466453674121,0.368663594470046,0.33693972179289,0.331782945736434,0.998422712933754,0.998397435897436,0.998397435897436,0.998461538461539,0.998435054773083,0.0648567119155355,0.993779160186625,0.684782608695652,0.00611620795107034,0.332288401253919,0.998422712933754,0.998432601880878,0.998407643312102,0.998452012383901,0.0856697819314642,0.323574730354391,0.998466257668712,0.998444790046656,0.998389694041868,0.998422712933754,0.998430141287284,0.998415213946117,0.482334869431644,0.00156985871271586,0.998422712933754,0.0837209302325581,0.329173166926677,0.429457364341085,1,0.413738019169329,0.312903225806452,0.316118935837246,0.998432601880878,0.0393081761006289,0.329268292682927,1,1,0.379644588045234,0.315950920245399,0.316037735849057,0.3184,0.996908809891808,0.331230283911672,0.322480620155039,0.423566878980892,0.332288401253919,0.970679012345679,0.322289156626506,0.0849358974358974,0.330203442879499,0.00154320987654321,0.998402555910543,0.0875796178343949,0.318181818181818,0.32807570977918,0.319182389937107,1,1,0.998392282958199,0.998439937597504,1,0.998432601880878,0.337579617834395,0.998452012383901,0.321711568938193,0.328407224958949,0.621495327102804,0.671521035598705,0.998452012383901,0.998456790123457,0.00154798761609907,0.32469512195122,0.124610591900312,0.996927803379416,0.0361067503924647,0.998435054773083,0.998389694041868,0.326594090202177,0.998405103668262,1,0.63015873015873,0.422764227642276,0.994020926756353,0.08,0.0996835443037975,0.998449612403101,0.998397435897436,0.9984375,0.088646967340591,0.00153609831029186,0.325,0.424050632911392,0.323029366306028,0.00154083204930663,0.333860759493671,0.0858995137763371,0.998442367601246,0.998392282958199,0.32398753894081,0.324492979719189,0.243369734789392,0.342443729903537,0.327131782945736,0.323899371069182,0.998417721518987,1,0.333333333333333,0.998505231689088,0,0.998420221169036,0.225352112676056,1,0.67651632970451,0.998456790123457,0.320754716981132,0.308186195826645,0.0734375,0.668740279937792,1,0.998420221169036,0.786392405063291,0.902120717781403,0.330188679245283,0.3216,0.998454404945904,0.3296875,0.260596546310832,0.33122028526149,0.998475609756098,0.100313479623824,0.998432601880878,0.998405103668262,0.319620253164557,0.668261562998405,0.319620253164557,1,0.998425196850394,0.316279069767442,0.312989045383412,0.330275229357798,0.868589743589744,0.326433121019108,0.998430141287284,0.0573643410852713,0.998427672955975,0.998387096774194,0.693023255813954,0.646781789638933,0.325619834710744,0.0560747663551402,0.334384858044164,0.998435054773083,0.998394863563403,0.30503144654088,0.339171974522293,0.630699088145897,0.998439937597504,0.315467075038285,0.384259259259259,0.318885448916409,0.986046511627907,0.480190174326466,0.0062402496099844,0.315132605304212,0.328197226502311,0.341307814992026,0.332258064516129,0.322678843226788,0.970542635658915,0.998439937597504,0.318681318681319,0.5456,0.682539682539683,0.236391912908243,0.675941080196399,0.998397435897436,0.329113924050633,0.00160513643659711,0.331782945736434,0.322378716744914,0.366929133858268,0.330696202531646,0.00154559505409583,0.344512195121951,0.3248,0.331738437001595,0.318181818181818
"304",1,1,1,1,1,1,0.719568567026194,1,1,0.10381679389313,1,0.0495495495495495,0.80184331797235,1,0.300613496932515,0.288288288288288,0.0689655172413793,0.702954898911353,1,1,0.278963414634146,0.302611367127496,1,0.166915052160954,1,0.318112633181126,0.294392523364486,1,1,0.778120184899846,0.295795795795796,0.721556886227545,0.963855421686747,0.305471124620061,0,1,0.552870090634441,1,0.291970802919708,1,0.67921686746988,0.687687687687688,0.709251101321586,1,1,0.306976744186047,0.299093655589124,0.294294294294294,0.307121661721068,0.311475409836066,0,1,0.29940119760479,1,1,0.484756097560976,0.572948328267477,1,1,1,0.318518518518519,0.303030303030303,0.296296296296296,0.690548780487805,1,1,0.0400616332819723,1,0.0620384047267356,0.305309734513274,1,0.308734939759036,0.307453416149068,0.970266040688576,0.52623688155922,1,0.302806499261448,0.319880418535127,1,0.304212168486739,0.0927672955974843,0.312594840667678,0.30640243902439,1,0.317147192716237,1,1,1,1,0.711278195488722,1,1,0,0.112443778110945,1,0.0491803278688525,0,1,0.576138147566719,0.689497716894977,1,0.0580152671755725,0.298325722983257,1,0.306990881458967,1,0.698340874811463,1,0.304615384615385,0.298484848484848,0.304675716440422,1,0.310708898944193,1,0.497784342688331,1,0.29803328290469,0.298798798798799,0.305637982195846,0.294298921417565,0.496978851963746,0.998500749625187,0.312965722801788,0.303125,1,0.289355322338831,1,1,0.336842105263158,0.541791044776119,1,0.294736842105263,1,0.0436046511627907,1,0.300595238095238,0.684603886397608,0.318112633181126,0.923538230884558,0.427899686520376,0.111280487804878,0.103658536585366,1,1,0.308527131782946,1,0.297810218978102,1,0.800891530460624,1,0.313572542901716,1,1,1,1,0.31651376146789,1,0.306870229007634,0.261724659606657,1,0.301943198804185,1,0.280916030534351,0.0913312693498452,1,0.304821150855365,1,1,1,0.322916666666667,1,0.309090909090909,1,0.298507462686567,1,0.298621745788668,0.0808383233532934,1,0.661490683229814,1,1,0.296466973886329,1,1,1,1,0.312404287901991,0.299559471365639,1,0.998482549317147,0.301659125188537,0.287713841368585,1,0.460960960960961,0.67489114658926,0,0.307228915662651,0.6797583081571,1,0.312035661218425,1,0.998518518518518,1,0.30381679389313,0.301186943620178,0.309006211180124,1,1,1,0,1,0.294930875576037,0.972809667673716,0.302469135802469,0.30316742081448,0.761261261261261,1,1,1,1,1,0.0475460122699387,0.303680981595092,0.302255639097744,1,0.692192192192192,1,1,0.998482549317147,0.998518518518518,1,1,0.00300751879699248,0.333333333333333,1,0.296466973886329,1,0.28422619047619,1,1,1,1,1,0.312404287901991,1,0.494672754946728,0.312688821752266,0.310136157337368,0.296923076923077,0.30568356374808,0.314024390243902,0.419003115264797,0.312217194570136,0.295690936106984,0.299552906110283,1,0.303951367781155,1,0.702941176470588,0.300763358778626,0.322916666666667,0.309230769230769,1,1,1,0.267267267267267,0.298484848484848,1,0.305936073059361,0.311475409836066,0.296686746987952,0.308383233532934,0.692901234567901,1,0.304733727810651,0.300925925925926,1,0.294573643410853,1,0.29585798816568,0.29803328290469,1,1,1,0.557401812688822,1,0.703647416413374,0.0870206489675516,0.309230769230769,1,1,0.103975535168196,0.29806259314456,0.309968847352025,1,1,0.290611028315946,0.0240601503759399,0.00306748466257669,1,1,0.325859491778774,0.998491704374057,1,0.297619047619048,1,1,0.301972685887709,1,1,1,1,0.310606060606061,0.294910179640719,0.3140625,1,1,0.688888888888889,0.299248120300752,1,0.305059523809524,0.289156626506024,1,1,0.998496240601504,1,1,0.307228915662651,1,1,0.114728682170543,0.316265060240964,0.483870967741935,0.294573643410853,0.685240963855422,0.296407185628743,1,0.297090352220521,0.316742081447964,0.262295081967213,0.300898203592814,1,0.312130177514793,1,1,1,0.288288288288288,0.313988095238095,0.998500749625187,0.920807453416149,0.0679012345679012,1,0.295180722891566,0.312210200927357,0.308868501529052,1,0.317507418397626,0.481981981981982,0.308157099697885,0.290468986384266,0.296583850931677,0.286585365853659,1,0.30381679389313,1,1,0,1,0.307228915662651,1,1,1,0.312883435582822,1,0.297380585516179,1,0.827327327327327,1,1,1,0.297744360902256,1,1,0.295731707317073,0.298642533936652,1,1,0.299093655589124,0.197037037037037,1,0.998491704374057,1,0,0.293846153846154,1,0.295180722891566,0.246951219512195,1,0.69683257918552,0.417287630402384,1,1,0.69364161849711,0.712098009188361,0.334355828220859,1,0.309559939301973,1,1,0.313846153846154,1,0.998484848484849,0.00757575757575758,0.310872894333844,1,1,0.302795031055901,1,1,0.29742033383915,0.356083086053412,1,1,1,0.51424287856072,0.299698795180723,0.332307692307692,0.303206997084548,0.314759036144578,0.703363914373089,0.307004470938897,0.308955223880597,0.297744360902256,0.25,0.299382716049383,1,0.306092124814265,0.998484848484849,0.304281345565749,0.0889212827988338,0.0551415797317437,1,1,0.0425531914893617,1,0.706325301204819,0.0471841704718417,0.0106707317073171,1,0.697289156626506,1,1,0.544207317073171,1,0,0.0775193798449612,1,1,1,0.309559939301973,0.662790697674419,0.707278481012658,0.995515695067265,1,0.983383685800604,0.292168674698795,0.349230769230769,1,0.285060975609756,1,0.359327217125382,0.11280487804878,0.289592760180996,0.305882352941176,0.318327974276527,1,0.0852017937219731,1,1,1,0.266272189349112,0.3125,1,0.300462249614792,1,1,0.298219584569733,1,0.305309734513274,1,0.295454545454545,0.302003081664099,1,0.691842900302115,0.298969072164948,1,0.294930875576037,0.746606334841629,0.30948905109489,0.168405365126677,0.304538799414348,0.761467889908257,0.290171606864275,1,0.307458143074581,0.325925925925926,0.285500747384155,1,1,1,0.968602825745683,0.353503184713376,1,0.313479623824451,1,0.304212168486739,0.302395209580838,1,1,1,0.914027149321267,1,0.291479820627803,0.299698795180723,1,1,0.0528771384136858,0.0865533230293663,1,1,0.290322580645161,1,1,0.299392097264438,1,1,0.692424242424242,0.549192364170338,1,0,1,1,0.108308605341246,0.307110438729198,1,0.312024353120244,0.998500749625187,0.964831804281346,0.998461538461539,0.809309309309309,1,0.315132605304212,1,1,1,0,0.295418641390205,1,1,0.68,1,0.301801801801802,0.346385542168675,0.307692307692308,1,1,1,0.102526002971768,0.306748466257669,0.0945736434108527,0.998454404945904,0.296851574212894,0.293154761904762,0.345864661654135,0,1,0.954407294832827,1,1,0.306976744186047,0.287187039764359,0.170278637770898,0.0411585365853659,0.301972685887709,0.300150829562594,0.313056379821958,0,0.302710843373494,1,0,0.3,1,1,1,0.305059523809524,0.304733727810651,0.0356589147286822,1,0.300455235204856,0.291729323308271,1,1,0.305722891566265,0.70735524256651,1,1,0.704892966360856,1,0.297744360902256,1,0.299392097264438,0.550898203592814,0.683431952662722,0.403534609720177,1,0.285714285714286,0.303030303030303,0.695324283559578,0.681481481481481,1,0.307575757575758,1,0.31314623338257,1,0.302936630602782,0.296520423600605,0.338931297709924,0.521212121212121,0.298600311041991,0.291603053435115,0.680851063829787,0.302114803625378,0.161240310077519,1,0,1,0.287461773700306,1,0,0.304878048780488,0.298761609907121,1,0.0614035087719298,1,0.0920245398773006,0.324159021406728,1,0.0687593423019432,0.676691729323308,1,1,1,0.301710730948678,0.0417287630402385,1,0.414264036418816,0.10355486862442,0.34077380952381,0.304675716440422,0.306427503736921,1,1,1,1,1,0.0705882352941176,0.995508982035928,0.698507462686567,0.00290697674418605,0.306306306306306,1,1,1,1,0.0962406015037594,0.29673590504451,1,1,1,1,1,1,0.50887573964497,0,1,0.091044776119403,0.302710843373494,0.447447447447447,1,0.384969325153374,0.29393468118196,0.301204819277108,1,0.0421052631578947,0.309880239520958,1,1,0.367534456355283,0.291729323308271,0.294117647058824,0.30521472392638,0.998511904761905,0.311349693251534,0.306427503736921,0.409230769230769,0.297583081570997,0.971428571428571,0.295420974889217,0.0892018779342723,0.314759036144578,0,1,0.0946564885496183,0.289922480620155,0.302752293577982,0.303076923076923,1,1,1,1,1,1,0.327639751552795,1,0.307110438729198,0.306946688206785,0.595839524517088,0.6859375,1,1,0,0.302533532041729,0.126888217522659,0.998544395924309,0.0395136778115502,1,1,0.302469135802469,1,1,0.622119815668203,0.41131498470948,0.995664739884393,0.0847457627118644,0.104938271604938,1,1,1,0.0948012232415902,0,0.304023845007452,0.406344410876133,0.297496318114875,0,0.311248073959938,0.0923076923076923,1,1,0.308035714285714,0.30316742081448,0.251885369532428,0.309597523219814,0.300448430493274,0.305847076461769,1,1,0.317073170731707,1,0,1,0.232771822358346,1,0.697151424287856,1,0.29940119760479,0.297339593114241,0.0819672131147541,0.688988095238095,1,1,0.798780487804878,0.891679748822606,0.306153846153846,0.308282208588957,1,0.298003072196621,0.261868300153139,0.302325581395349,1,0.109939759036145,1,1,0.299850074962519,0.690184049079755,0.290571870170015,1,1,0.295352323838081,0.288109756097561,0.303571428571429,0.858015267175573,0.296583850931677,1,0.0605143721633888,1,1,0.704477611940298,0.662141779788839,0.311526479750779,0.0612557427258806,0.305471124620061,1,1,0.293759512937595,0.314503816793893,0.626865671641791,1,0.298219584569733,0.367781155015198,0.28978978978979,0.985052316890882,0.493846153846154,0.00304878048780488,0.288922155688623,0.308259587020649,0.31201248049922,0.300623052959502,0.307121661721068,0.972809667673716,1,0.306184012066365,0.566096423017107,0.703533026113671,0.244377811094453,0.700787401574803,1,0.307807807807808,0.00304878048780488,0.30421686746988,0.296240601503759,0.362537764350453,0.308166409861325,0,0.320668693009119,0.303680981595092,0.307692307692308,0.303759398496241
"305",0.2875,0.301391035548686,0.306603773584906,0.319875776397516,0.309119010819165,0.298600311041991,0.0125786163522013,0.311248073959938,0.30804248861912,0.5904,0.309230769230769,0.644859813084112,0.515527950310559,0.320373250388802,1,1,0.635802469135803,0,0.315707620528771,0.30521472392638,1,1,0.320493066255778,0.518348623853211,0.305135951661631,1,1,0.332278481012658,0.298484848484848,0.519685039370079,1,0.584758942457232,0.35660091047041,0.995363214837713,0.67192429022082,0.304560260586319,0.139280125195618,0.3125,1,0.297709923664122,0.00309597523219814,0,0,0.31974921630094,0.306122448979592,1,0.993779160186625,1,1,1,0.694656488549618,0.314465408805031,1,0.317411402157165,0.301391035548686,0.815165876777251,0.125984251968504,0.311526479750779,0.311450381679389,0.315789473684211,0.990769230769231,1,1,0.00625,0.313291139240506,0.316846986089645,0.661927330173776,0.31839258114374,0.620178041543027,1,0.303875968992248,1,1,0.264150943396226,0.165390505359877,0.312781954887218,1,0.993930197268589,0.313935681470138,1,0.6112,1,1,0.319083969465649,1,0.31570996978852,0.314329738058552,0.316614420062696,0.305993690851735,0,0.311320754716981,0.314589665653495,0.692901234567901,0.595129375951294,0.310509554140127,0.650986342943854,0.693721286370597,0.301857585139319,0.131045241809672,0,0.301391035548686,0.6296875,1,0.311605723370429,1,0.308892355694228,0,0.31619937694704,1,1,1,0.298761609907121,0.995475113122172,0.319444444444444,0.207951070336391,0.302533532041729,1,0.377473363774734,1,1,0.208655332302937,0.302469135802469,1,1,0.321156773211568,1,0.311669128508124,0.311178247734139,0.368012422360248,0.76390977443609,0.305466237942122,1,0.315132605304212,0.649175412293853,0.32258064516129,1,0.00152905198776758,1,0.368663594470046,0.890127388535032,0.591263650546022,0.603715170278638,0.308980213089802,0.309748427672956,1,0.312404287901991,1,0.295208655332303,0.500758725341426,0.317147192716237,1,0.303265940902022,0.307332293291732,0.32018927444795,0.317111459968603,1,0.302180685358255,1,0.434250764525994,0.312307692307692,1,0.313253012048193,1,0.606864274570983,0.3171875,1,0.307692307692308,0.302003081664099,0.326594090202177,0.984848484848485,0.319508448540707,1,0.317610062893082,1,0.319354838709677,1,0.612055641421947,0.294385432473445,0.0345911949685535,0.292527821939587,0.31055900621118,1,0.304953560371517,0.312307692307692,0.321646341463415,0.321928460342146,1,1,0.3125,0.317683881064163,1,1,0.308527131782946,0.241538461538462,0.0207100591715976,0.70077519379845,1,0.00310077519379845,0.306060606060606,1,0.309636650868878,0.303030303030303,0.303543913713405,0.996918335901387,1,1,0.318862275449102,0.305511811023622,0.309667673716012,0.688679245283019,0.297674418604651,1,0.325153374233129,1,1,0.439137134052388,0.313291139240506,0.307926829268293,0.31733746130031,0.300613496932515,0.301261829652997,0.653726708074534,1,1,0.305555555555556,0.00462962962962963,0.32078313253012,0.30920060331825,0.316436251920123,0.292307692307692,0.296296296296296,0.315233785822021,0.707055214723926,0.364471669218989,0.297546012269939,1,0.31619937694704,1,0.296803652968037,0.297805642633229,0.30625,0.322884012539185,0.303514376996805,1,0.321646341463415,0.795031055900621,1,1,0.996870109546166,1,1,0.901743264659271,1,1,1,0.313253012048193,1,0.312599681020734,0,1,0.389140271493213,1,0.307570977917981,0.319875776397516,0.307692307692308,0.416666666666667,1,0.316998468606432,1,1,1,1,0,0.31201248049922,1,1,0.314329738058552,1,0.315467075038285,1,1,0.303459119496855,0.315955766192733,0.283950617283951,0.158461538461538,0.31687898089172,0,0.608433734939759,1,0.311450381679389,0.309968847352025,0.58678955453149,1,1,0.318541996830428,0.322884012539185,1,0.667177914110429,0.700636942675159,0.300623052959502,0.304897314375987,0.995454545454545,0.316436251920123,0.297619047619048,1,0.308641975308642,0.292944785276074,1,0.299065420560748,0.308527131782946,0.308527131782946,0.311627906976744,1,1,1,0.303405572755418,0.317484662576687,0.00920245398773006,0.992307692307692,0.315541601255887,1,1,0.30804248861912,0.317293233082707,0.299093655589124,0.304953560371517,0.307339449541284,1,0.300469483568075,0.297213622291022,0.5818759936407,1,0.842105263157895,1,0,1,0.322289156626506,1,1,0.411944869831547,0.998466257668712,0.310832025117739,1,0.307332293291732,0.301242236024845,0.306748466257669,1,1,0.316846986089645,0.380645161290323,0.62402496099844,0.2984375,1,1,1,0.313971742543171,1,0.212962962962963,1,1,1,1,0.319880418535127,1,0.310897435897436,0.329738058551618,0.684698608964451,0.297169811320755,1,0.317262830482115,0.317293233082707,0.31378763866878,1,0.29618320610687,1,0.313813813813814,0.480122324159021,0.313271604938272,0.32018927444795,0.307575757575758,1,0.308411214953271,0.29595015576324,1,1,0.309486780715397,0.30757341576507,1,0.475757575757576,0.304140127388535,0.321538461538462,0.326251896813354,0.684129429892142,1,0.284565916398714,1,0.418495297805643,0.302362204724409,0,0.875945537065053,0.303174603174603,0.310291858678955,0,0.033587786259542,0.981132075471698,0.304212168486739,1,0.300314465408805,0.309294871794872,1,0.31859756097561,0.309119010819165,0.682098765432099,1,0.313664596273292,0.314641744548287,1,0.301223241590214,0.306477093206951,1,0.336377473363775,0.298887122416534,0.308868501529052,0.315870570107858,0.793478260869565,1,0.981012658227848,1,1,0.00157232704402516,1,0.992319508448541,1,0.420890937019969,0.996884735202492,0.301515151515152,0.993930197268589,0.322033898305085,0.99537037037037,0.614349775784753,0.640909090909091,0.309923664122137,0.309559939301973,0.655763239875389,0.304278922345483,0,0.643076923076923,0.68266253869969,0.315068493150685,0.00153609831029186,0.299373040752351,0.292117465224111,0.766718506998445,0.317147192716237,0.692901234567901,0.609324758842444,0.313271604938272,0.310975609756098,0.288990825688073,1,0.029585798816568,0,0.305084745762712,0.31619937694704,0.332302936630603,1,0.338957055214724,0.314589665653495,1,0.307004470938897,0.936923076923077,0.579778830963665,1,1,0.99194847020934,0.317220543806647,0.611195158850227,0.319758672699849,0.311004784688995,0.308892355694228,0.419939577039275,1,0.301109350237718,1,0.313099041533546,0.315955766192733,1,0.316455696202532,1,0.315132605304212,1,1,0.315548780487805,0,1,0.313271604938272,1,0.567901234567901,1,0.521406727828746,1,0.554347826086957,1,0.303599374021909,1,1,1,0.303875968992248,0.313479623824451,0.311649016641452,0.333333333333333,0.333333333333333,0.302469135802469,1,0.319314641744548,1,1,0.321212121212121,0.310725552050473,0.310606060606061,0.374613003095975,0.318112633181126,1,1,0.315301391035549,0.310344827586207,0.64873417721519,0.606864274570983,0.312210200927357,0.31832298136646,1,0.300925925925926,0.314759036144578,0.995327102803738,0.291866028708134,0.301391035548686,0,0.146747352496218,0.311728395061728,0.69047619047619,0.308049535603715,0.312121212121212,0.609831029185868,0.998442367601246,0.3046875,1,0.306376360808709,0.339009287925697,0.298299845440495,0.47239263803681,0.309230769230769,1,0.309341500765697,0.305511811023622,0.320450885668277,0.690440060698027,1,0.318611987381703,0.313455657492355,0,0.315870570107858,0.998468606431853,0.954337899543379,1,0.310291858678955,0.312977099236641,0.312693498452012,0.593167701863354,1,0.610062893081761,0.327073552425665,1,1,0.967692307692308,0.688372093023256,0.3198127925117,0.347758887171561,0.313755795981453,0.314329738058552,1,1,0.522550544323484,0.64696734059098,1,1,0.998496240601504,0.696825396825397,1,0.315555555555556,0.686244204018547,1,0.318042813455657,0.315047021943574,0.315870570107858,0.996937212863706,1,0.659810126582278,0.314112291350531,1,1,0.317111459968603,0.304747320061256,0.998459167950693,0,0.305511811023622,0.302611367127496,0.00777604976671851,0.30441400304414,1,0.297297297297297,1,0.152798789712557,0,0.911808669656203,0.317484662576687,1,1,0,0.00151057401812689,0.317901234567901,1,0.311526479750779,0.996996996996997,0.30829420970266,1,0.998430141287284,0.96141975308642,0.774390243902439,1,1,0.0062015503875969,1,0.529505582137161,0.31496062992126,0.681957186544342,0.320061255742726,1,0.298904538341158,0.686821705426357,1,1,0.304897314375987,0.629850746268657,0.317901234567901,0.593508500772797,0.972093023255814,0.320182094081942,0.618238021638331,0.0124031007751938,0.30757341576507,0.315132605304212,0.311178247734139,1,0.647147147147147,0.300455235204856,0.888208269525268,0.602184087363494,0.965722801788376,1,1,0.301223241590214,0.326530612244898,0.301710730948678,0.301075268817204,0.302147239263804,0.626686656671664,0.300911854103343,0,0.688988095238095,0.998454404945904,0.317972350230415,0.2984375,0.31378763866878,0.313253012048193,0.617737003058104,1,0.328220858895706,0.322429906542056,0.320126782884311,0.314553990610329,0.301223241590214,0.303599374021909,0.196671709531014,0.692185007974482,0.308892355694228,0.616892911010558,1,0.236391912908243,0.317829457364341,0.925117004680187,1,1,0.301538461538462,0.646341463414634,1,0.30781010719755,0.2921875,0.95625,1,1,0.996830427892235,0.313636363636364,1,1,0.897515527950311,1,0.333836858006042,1,0.603421461897356,1,0.6801872074883,0.302652106084243,0.612654320987654,1,1,0.992343032159265,0.314674735249622,0.316923076923077,0.318037974683544,0.314329738058552,0.322834645669291,0.310832025117739,0.985804416403785,0.298325722983257,1,1,0.717829457364341,0,0.310185185185185,0.308166409861325,0.6875,1,0.574730354391371,0.315629742033384,0.659969088098918,0.303265940902022,0.313385826771654,1,0.300940438871473,0.310569105691057,0.687106918238994,0.917065390749601,0.314540059347181,0.615264797507788,0.590111642743222,0.313755795981453,0.315457413249211,0.291858678955453,0.607142857142857,0.691603053435115,1,0.894321766561514,1,0.676204819277108,0.996840442338073,0.604395604395604,0.303738317757009,0.31104199066874,1,1,0.428571428571429,0.992101105845182,0.996932515337423,1,0.308641975308642,0.323029366306028,1,0.3125,0.690769230769231,0.329153605015674,0.460342146189736,0.293838862559242,0,0.306870229007634,1,1,0.612903225806452,0.00152671755725191,0.325038880248834,0.319018404907975,0.0982839313572543,0.411858974358974,1,1,0.306501547987616,1,0.416796267496112,1,0.324324324324324,0.599690880989181,0.312210200927357,0.308777429467085,1,0,1,0.289763779527559,0.309486780715397,1,1,1,0.432859399684044,1,0.313572542901716,0.633181126331811,0.33179012345679,0.310897435897436,0.00154559505409583,0.0452418096723869,1,0.637209302325581,1,0.322981366459627,0.323854660347551,1,1,0.167692307692308,0.305426356589147,1,0.91271056661562,1,0.317484662576687,0.207165109034268,0.676425269645609,1,1,1,1,1,0.286585365853659,0.3,1,0.121794871794872,0.0015625,0.444272445820433,0,0.313084112149533,1,0.685446009389671,1,1,0.9,1,0.689814814814815,1,1,1,1
"306",1,1,1,1,1,1,0.716129032258065,1,1,0.0996784565916399,1,0.0454545454545455,0.809375,1,0.311004784688995,0.304482225656878,0.0664605873261206,0.698717948717949,1,1,0.282131661442006,0.306349206349206,1,0.15506329113924,1,0.318818040435459,0.316211878009631,1,1,0.786392405063291,0.303680981595092,0.7425431711146,0.968895800933126,0.31201248049922,0,1,0.543478260869565,1,0.295352323838081,1,0.671406003159558,0.683962264150943,0.702453987730061,1,1,0.313001605136437,0.30503144654088,0.29601226993865,0.311248073959938,0.324116743471582,0,1,0.309451219512195,1,1,0.496845425867508,0.557692307692308,1,1,1,0.324031007751938,0.310126582278481,0.317111459968603,0.679127725856698,1,1,0.0347551342812006,1,0.0568011958146487,0.320182094081942,1,0.308166409861325,0.313195548489666,0.968051118210863,0.510769230769231,1,0.309119010819165,0.336923076923077,1,0.311688311688312,0.0870967741935484,0.328100470957614,0.322429906542056,1,0.326656394453005,1,1,1,1,0.694573643410853,1,1,0.00154083204930663,0.104037267080745,1,0.0455927051671733,0,1,0.567092651757188,0.679873217115689,1,0.0514018691588785,0.302839116719243,1,0.309375,1,0.685358255451713,1,0.3078125,0.322327044025157,0.311627906976744,1,0.321538461538462,1,0.487022900763359,1,0.305555555555556,0.304953560371517,0.316590563165906,0.315457413249211,0.479623824451411,1,0.316998468606432,0.306122448979592,1,0.292569659442724,1,1,0.337060702875399,0.54337899543379,1,0.3109375,1,0.0439393939393939,1,0.304953560371517,0.681047765793529,0.325508607198748,0.93125,0.425566343042071,0.10355486862442,0.096875,1,1,0.324031007751938,1,0.30804248861912,1,0.810769230769231,1,0.317307692307692,1,1,1,1,0.331738437001595,1,0.313504823151125,0.260530421216849,1,0.307219662058372,1,0.306122448979592,0.0837282780410742,1,0.300955414012739,1,1,1,0.328746177370031,1,0.321981424148607,1,0.296466973886329,1,0.307814992025518,0.0723270440251572,1,0.636807817589576,1,1,0.310344827586207,1,1,1,1,0.3125,0.302652106084243,1,1,0.31733746130031,0.303858520900322,1,0.456086286594761,0.670180722891566,0,0.313479623824451,0.674961119751166,1,0.311248073959938,1,1,1,0.312989045383412,0.312404287901991,0.316639741518578,1,1,1,0,1,0.298887122416534,0.971742543171115,0.315372424722662,0.302507836990596,0.742681047765794,1,1,1,1,1,0.0455259026687598,0.310618066561014,0.32093023255814,1,0.686821705426357,1,1,0.998417721518987,1,1,1,0.0046656298600311,0.325190839694657,1,0.311320754716981,1,0.298600311041991,1,1,1,1,1,0.32182103610675,1,0.500784929356358,0.315541601255887,0.323076923076923,0.308426073131955,0.311216429699842,0.323899371069182,0.416801292407108,0.327639751552795,0.309748427672956,0.302652106084243,1,0.309006211180124,1,0.690076335877863,0.307931570762053,0.312693498452012,0.331761006289308,1,1,1,0.259026687598116,0.305993690851735,1,0.308892355694228,0.321699544764795,0.305295950155763,0.312977099236641,0.69170579029734,1,0.311827956989247,0.313971742543171,1,0.290791599353796,1,0.307926829268293,0.305164319248826,1,1,1,0.5320813771518,1,0.690625,0.0808383233532934,0.314728682170543,1,1,0.0962732919254658,0.318885448916409,0.322222222222222,1,1,0.293577981651376,0.0248447204968944,0.00317460317460317,1,1,0.324773413897281,0.998444790046656,1,0.308641975308642,1,1,0.312597200622084,1,1,1,1,0.317757009345794,0.302710843373494,0.329032258064516,1,1,0.677570093457944,0.311811023622047,1,0.312977099236641,0.293838862559242,1,1,1,1,1,0.318037974683544,1,1,0.10989010989011,0.329192546583851,0.490506329113924,0.303599374021909,0.675465838509317,0.313364055299539,1,0.304416403785489,0.33122028526149,0.261755485893417,0.324574961360124,1,0.325227963525836,1,1,1,0.307073954983923,0.314503816793893,1,0.926282051282051,0.0640625,1,0.304821150855365,0.312202852614897,0.305732484076433,1,0.320121951219512,0.468118195956454,0.315384615384615,0.301242236024845,0.312302839116719,0.307086614173228,1,0.316037735849057,1,1,0,1,0.317829457364341,1,1,1,0.320433436532508,1,0.297939778129952,1,0.827102803738318,1,1,1,0.310185185185185,1,1,0.310344827586207,0.310832025117739,1,1,0.307332293291732,0.194189602446483,1,1,1,0,0.309409888357257,1,0.299531981279251,0.249206349206349,1,0.684698608964451,0.436555891238671,1,1,0.683183183183183,0.708588957055215,0.348982785602504,1,0.315217391304348,1,1,0.320754716981132,1,1,0.0093167701863354,0.327044025157233,1,1,0.320754716981132,1,1,0.297805642633229,0.331297709923664,1,1,1,0.531881804043546,0.29984544049459,0.344287949921753,0.310136157337368,0.329153605015674,0.69620253164557,0.320872274143302,0.325508607198748,0.308282208588957,0.247244094488189,0.325396825396825,1,0.316846986089645,1,0.312788906009245,0.0874811463046757,0.0507692307692308,1,1,0.0390625,1,0.693129770992366,0.0446841294298921,0.0143312101910828,1,0.68798751950078,1,1,0.537007874015748,1,0,0.072,1,1,1,0.32,0.65327380952381,0.697712418300654,0.993808049535604,1,0.984662576687117,0.293103448275862,0.336990595611285,1,0.29746835443038,1,0.372854914196568,0.108832807570978,0.296875,0.312977099236641,0.336106489184692,1,0.0781954887218045,1,1,1,0.264385692068429,0.319422150882825,1,0.310344827586207,1,1,0.307339449541284,1,0.317220543806647,1,0.309636650868878,0.315625,1,0.678233438485804,0.309667673716012,1,0.306603773584906,0.770670826833073,0.309923664122137,0.162037037037037,0.31390134529148,0.777777777777778,0.304975922953451,1,0.319314641744548,0.327188940092166,0.286377708978328,1,1,1,0.970731707317073,0.341977309562399,1,0.321086261980831,1,0.307692307692308,0.308396946564885,1,1,1,0.918918918918919,1,0.300613496932515,0.316030534351145,1,1,0.0493630573248408,0.0881889763779528,1,1,0.306451612903226,1,1,0.309375,1,1,0.685446009389671,0.535660091047041,1,0,1,1,0.0977099236641221,0.321766561514196,1,0.311912225705329,1,0.966719492868463,1,0.820826952526799,1,0.323671497584541,1,1,1,0,0.305825242718447,1,1,0.675384615384615,1,0.304012345679012,0.364906832298137,0.315625,1,1,1,0.0932330827067669,0.311811023622047,0.0904684975767367,1,0.312693498452012,0.304747320061256,0.344186046511628,0,1,0.956923076923077,1,1,0.323296354992076,0.297090352220521,0.159305993690852,0.0387096774193548,0.315625,0.309006211180124,0.321981424148607,0.00156494522691706,0.313178294573643,1,0,0.306027820710974,1,1,1,0.314329738058552,0.319018404907975,0.0338709677419355,1,0.314553990610329,0.301223241590214,1,1,0.314465408805031,0.689542483660131,1,1,0.694136291600634,1,0.298937784522003,1,0.309006211180124,0.528682170542636,0.675384615384615,0.405120481927711,1,0.296969696969697,0.312210200927357,0.686335403726708,0.673343605546995,1,0.314329738058552,1,0.317557251908397,1,0.312893081761006,0.299373040752351,0.355694227769111,0.529503105590062,0.312903225806452,0.29570747217806,0.671875,0.316614420062696,0.152,1,0,1,0.292259083728278,1,0,0.3125,0.308681672025723,1,0.0587349397590361,1,0.0849056603773585,0.33122028526149,1,0.0660377358490566,0.669767441860465,1,1,1,0.305921052631579,0.0416666666666667,1,0.431924882629108,0.097331240188383,0.357798165137615,0.318042813455657,0.32258064516129,1,1,1,1,1,0.065052950075643,0.998463901689708,0.689335394126739,0.00452488687782805,0.318818040435459,1,1,1,1,0.087962962962963,0.311550151975684,1,1,1,1,1,1,0.480798771121352,0.00159744408945687,1,0.0837209302325581,0.316770186335404,0.446009389671362,1,0.39968152866242,0.306320907617504,0.305295950155763,1,0.0383435582822086,0.310077519379845,1,1,0.368088467614534,0.306027820710974,0.312111801242236,0.312803889789303,1,0.3168,0.309119010819165,0.411483253588517,0.308661417322835,0.974006116207951,0.309923664122137,0.0869565217391304,0.315384615384615,0,1,0.0906200317965024,0.30173775671406,0.311811023622047,0.318611987381703,1,1,1,1,1,1,0.326433121019108,1,0.310126582278481,0.309951060358891,0.598765432098765,0.68362480127186,1,1,0,0.309119010819165,0.121495327102804,1,0.0361635220125786,1,1,0.318037974683544,1,1,0.626984126984127,0.409756097560976,0.997005988023952,0.0833333333333333,0.100638977635783,1,1,1,0.0850393700787402,0,0.316998468606432,0.414746543778802,0.30757341576507,0,0.320574162679426,0.0883280757097792,1,1,0.321592649310873,0.311912225705329,0.249605055292259,0.324921135646688,0.308868501529052,0.313178294573643,1,1,0.320126782884311,1,0,1,0.225396825396825,1,0.6765625,1,0.299373040752351,0.298245614035088,0.0760869565217391,0.684375,1,1,0.7981220657277,0.897893030794165,0.316535433070866,0.30952380952381,1,0.309148264984227,0.260530421216849,0.31629392971246,1,0.102484472049689,1,1,0.315625,0.690437601296596,0.303030303030303,1,1,0.309230769230769,0.302362204724409,0.314984709480122,0.860576923076923,0.3088,1,0.0537634408602151,1,1,0.698757763975155,0.652647975077882,0.316720257234727,0.0546021840873635,0.318681318681319,1,1,0.298273155416013,0.321875,0.627300613496933,1,0.307219662058372,0.381679389312977,0.299539170506912,0.989263803680982,0.477987421383648,0.00467289719626168,0.296754250386399,0.317073170731707,0.328525641025641,0.305466237942122,0.315629742033384,0.976958525345622,1,0.307098765432099,0.548543689320388,0.681458003169572,0.242138364779874,0.692434210526316,1,0.307931570762053,0.00158478605388273,0.32093023255814,0.306853582554517,0.360248447204969,0.311216429699842,0,0.331768388106416,0.310126582278481,0.317965023847377,0.309375
"307",1,1,1,1,1,1,0.723004694835681,1,1,0.0972886762360447,1,0.0508474576271186,0.807631160572337,1,0.299843014128728,0.295031055900621,0.065052950075643,0.69951534733441,1,1,0.28062015503876,0.299382716049383,1,0.161538461538462,1,0.313455657492355,0.315707620528771,1,1,0.77151799687011,0.293577981651376,0.71889400921659,0.958268933539413,0.299236641221374,0,1,0.556589147286822,1,0.287202380952381,1,0.679878048780488,0.693009118541033,0.708898944193062,1,1,0.300155520995334,0.308411214953271,0.289676425269646,0.309119010819165,0.319018404907975,0,1,0.303076923076923,1,1,0.47887323943662,0.572998430141287,1,1,1,0.322530864197531,0.3078125,0.308527131782946,0.686728395061728,1,1,0.0419254658385093,1,0.0597907324364723,0.310136157337368,1,0.314241486068111,0.306836248012719,0.968454258675079,0.52824427480916,1,0.294207317073171,0.320121951219512,1,0.305111821086262,0.0926517571884984,0.311320754716981,0.315707620528771,1,0.328220858895706,1,1,1,1,0.709428129829985,1,1,0,0.107033639143731,1,0.0512048192771084,0,1,0.578947368421053,0.688394276629571,1,0.0565149136577708,0.30521472392638,1,0.296923076923077,1,0.696923076923077,1,0.300155520995334,0.311248073959938,0.29922480620155,1,0.31039755351682,1,0.507598784194529,1,0.3,0.30757341576507,0.312217194570136,0.311526479750779,0.498466257668712,0.998452012383901,0.310291858678955,0.302034428794992,1,0.297045101088647,1,1,0.334365325077399,0.533639143730887,1,0.296296296296296,1,0.0476900149031297,1,0.302891933028919,0.692546583850932,0.315870570107858,0.930232558139535,0.414944356120827,0.105100463678516,0.0981308411214953,1,1,0.314553990610329,1,0.308035714285714,1,0.795454545454545,1,0.303656597774245,1,1,1,1,0.31875,1,0.3104,0.265116279069767,1,0.306153846153846,1,0.285271317829457,0.0893416927899686,1,0.296062992125984,1,1,1,0.326153846153846,1,0.316118935837246,1,0.295107033639144,1,0.307692307692308,0.0779816513761468,1,0.646592709984152,1,1,0.311424100156495,1,1,1,1,0.318042813455657,0.294478527607362,1,0.998466257668712,0.304281345565749,0.291139240506329,1,0.461897356143079,0.67910447761194,0,0.306027820710974,0.684698608964451,1,0.309451219512195,1,0.998482549317147,1,0.31306990881459,0.303543913713405,0.316639741518578,1,1,1,0,1,0.290171606864275,0.972049689440994,0.319620253164557,0.295665634674923,0.7515625,1,1,1,1,1,0.0475460122699387,0.305164319248826,0.309597523219814,1,0.691950464396285,1,1,0.998452012383901,0.998459167950693,1,1,0.00309597523219814,0.323216995447648,1,0.299524564183835,1,0.281345565749235,1,1,1,1,1,0.311526479750779,1,0.498442367601246,0.3078125,0.313161875945537,0.300623052959502,0.311216429699842,0.321711568938193,0.41259842519685,0.31839258114374,0.308411214953271,0.29483282674772,1,0.302469135802469,1,0.703030303030303,0.310872894333844,0.323262839879154,0.313291139240506,1,1,1,0.266871165644172,0.30030959752322,1,0.302507836990596,0.30804248861912,0.291277258566978,0.304212168486739,0.696734059097978,1,0.308396946564885,0.297971918876755,1,0.290015847860539,1,0.29483282674772,0.301391035548686,1,1,1,0.555038759689922,1,0.699236641221374,0.0817236255572065,0.306976744186047,1,1,0.0952380952380952,0.303543913713405,0.31378763866878,1,1,0.291472868217054,0.0263157894736842,0.00317965023847377,1,1,0.317629179331307,0.998447204968944,1,0.292944785276074,1,1,0.306501547987616,1,1,1,1,0.315217391304348,0.3,0.316118935837246,1,1,0.683333333333333,0.307339449541284,1,0.309090909090909,0.28858024691358,1,1,0.998452012383901,1,1,0.313084112149533,1,1,0.107424960505529,0.317147192716237,0.486780715396579,0.298761609907121,0.685670261941448,0.301223241590214,1,0.294488188976378,0.321428571428571,0.263719512195122,0.306501547987616,1,0.314503816793893,1,1,1,0.294209702660407,0.310975609756098,0.998442367601246,0.92,0.0663507109004739,1,0.297872340425532,0.304953560371517,0.298904538341158,1,0.315789473684211,0.49144634525661,0.31651376146789,0.29595015576324,0.3008,0.301242236024845,1,0.313694267515924,1,1,0,1,0.309859154929577,1,1,1,0.319685039370079,1,0.29635499207607,1,0.827371695178849,1,1,1,0.300153139356815,1,1,0.302325581395349,0.302325581395349,1,1,0.298761609907121,0.191780821917808,1,0.998468606431853,1,0,0.304552590266876,1,0.302431610942249,0.25652841781874,1,0.690440060698027,0.419306184012066,1,1,0.687034277198212,0.705701078582434,0.333333333333333,1,0.308166409861325,1,1,0.319685039370079,1,0.998427672955975,0.00467289719626168,0.306729264475743,1,1,0.306976744186047,1,1,0.285488958990536,0.342679127725857,1,1,1,0.512158054711246,0.29618320610687,0.326656394453005,0.31044776119403,0.324031007751938,0.704615384615385,0.314024390243902,0.308282208588957,0.300153139356815,0.251170046801872,0.305246422893482,1,0.310708898944193,0.998444790046656,0.311349693251534,0.0857580398162328,0.0545454545454545,1,1,0.0436817472698908,1,0.694736842105263,0.0462962962962963,0.00934579439252336,1,0.685670261941448,1,1,0.537617554858934,1,0,0.0707547169811321,1,1,1,0.308527131782946,0.662141779788839,0.708133971291866,0.993920972644377,1,0.984472049689441,0.293023255813953,0.352850539291217,1,0.2953125,1,0.3625,0.109717868338558,0.290715372907154,0.308845577211394,0.324013157894737,1,0.078907435508346,1,1,1,0.27217125382263,0.309636650868878,1,0.307692307692308,1,1,0.290769230769231,1,0.312874251497006,1,0.296703296703297,0.30564263322884,1,0.690851735015773,0.301659125188537,1,0.29746835443038,0.7442218798151,0.302571860816944,0.162538699690402,0.307004470938897,0.760432766615147,0.300940438871473,1,0.317411402157165,0.322530864197531,0.278637770897833,1,1,1,0.968354430379747,0.347967479674797,1,0.307936507936508,1,0.303571428571429,0.308868501529052,1,1,1,0.919629057187017,1,0.303625377643505,0.306278713629403,1,1,0.0511182108626198,0.0800627943485086,1,1,0.289763779527559,1,1,0.306625577812018,1,1,0.693623639191291,0.549317147192716,1,0,1,1,0.0972644376899696,0.312210200927357,1,0.3140625,0.998427672955975,0.9625,0.998444790046656,0.816358024691358,1,0.317891373801917,1,1,1,0,0.295161290322581,1,1,0.683001531393568,1,0.304212168486739,0.344036697247706,0.309486780715397,1,1,1,0.091324200913242,0.315047021943574,0.0887480190174326,0.998432601880878,0.29618320610687,0.295107033639144,0.339449541284404,0,1,0.952160493827161,1,1,0.316037735849057,0.289393939393939,0.166407465007776,0.0441640378548896,0.308527131782946,0.299843014128728,0.311827956989247,0,0.299689440993789,1,0,0.308980213089802,1,1,1,0.303353658536585,0.305970149253731,0.0385852090032154,1,0.302469135802469,0.298325722983257,1,1,0.306625577812018,0.70906200317965,1,1,0.7046875,1,0.294027565084227,1,0.308411214953271,0.54601226993865,0.681887366818874,0.395522388059701,1,0.286798179059181,0.298937784522003,0.691717791411043,0.68030303030303,1,0.305426356589147,1,0.316265060240964,1,0.302507836990596,0.3015625,0.338533541341654,0.509954058192956,0.304212168486739,0.300787401574803,0.6801872074883,0.310185185185185,0.153094462540717,1,0,1,0.292379471228616,1,0,0.310664605873261,0.302066772655008,1,0.0611940298507463,1,0.0851735015772871,0.326018808777429,1,0.0681114551083591,0.687022900763359,1,1,1,0.292993630573248,0.0441400304414003,1,0.418495297805643,0.0950155763239875,0.339421613394216,0.314900153609831,0.313546423135464,1,1,1,1,1,0.0655487804878049,0.996951219512195,0.695252679938744,0.0029673590504451,0.301972685887709,1,1,1,1,0.087962962962963,0.302290076335878,1,1,1,1,1,1,0.507598784194529,0,1,0.086232980332829,0.309341500765697,0.453703703703704,1,0.378378378378378,0.293075684380032,0.295489891135303,1,0.0444104134762634,0.30781010719755,1,1,0.358255451713396,0.301075268817204,0.301710730948678,0.30503144654088,0.998463901689708,0.314873417721519,0.30640243902439,0.404651162790698,0.305772230889236,0.969278033794163,0.299093655589124,0.0829346092503987,0.308166409861325,0,1,0.0893416927899686,0.292834890965732,0.29984544049459,0.3046875,1,1,1,1,1,1,0.321875,1,0.301075268817204,0.300664451827243,0.594224924012158,0.692307692307692,1,1,0,0.305722891566265,0.123076923076923,0.998480243161094,0.0387596899224806,1,1,0.29874213836478,1,1,0.62754303599374,0.406752411575563,0.997050147492625,0.0815047021943574,0.0962732919254658,1,1,1,0.0885093167701863,0,0.305555555555556,0.409733124018838,0.298780487804878,0,0.312698412698413,0.0875,1,1,0.309815950920245,0.307219662058372,0.248840803709428,0.316720257234727,0.296296296296296,0.302147239263804,1,1,0.314785373608903,1,0,1,0.231007751937985,1,0.685887708649469,1,0.303680981595092,0.293650793650794,0.0765696784073507,0.693846153846154,1,1,0.795981452859351,0.9,0.310725552050473,0.298107255520505,1,0.299843014128728,0.267605633802817,0.311811023622047,1,0.104134762633997,1,1,0.308510638297872,0.687400318979266,0.294303797468354,1,1,0.297546012269939,0.29153605015674,0.306646525679758,0.861417322834646,0.30298273155416,1,0.0559875583203732,1,1,0.708074534161491,0.658950617283951,0.306709265175719,0.0558139534883721,0.309148264984227,1,1,0.295133437990581,0.313755795981453,0.644916540212443,1,0.294478527607362,0.358895705521472,0.29922480620155,0.984662576687117,0.497637795275591,0.00153374233128834,0.292867981790592,0.305135951661631,0.3203125,0.300469483568075,0.306525037936267,0.972519083969466,1,0.297674418604651,0.566558441558442,0.696540880503145,0.236391912908243,0.6992,1,0.306625577812018,0.00156739811912226,0.306976744186047,0.299847792998478,0.351963746223565,0.311627906976744,0,0.321483771251932,0.311912225705329,0.312989045383412,0.303353658536585
"308",0.296238244514107,0.307692307692308,0.310664605873261,0.323943661971831,0.308049535603715,0.307098765432099,0.00958466453674121,0.317034700315457,0.313271604938272,0.575320512820513,0.314984709480122,0.639876352395672,0.516483516483517,0.315132605304212,1,1,0.624420401854714,0,0.323899371069182,0.308527131782946,1,1,0.31733746130031,0.5109375,0.308623298033283,1,1,0.332792207792208,0.308166409861325,0.513513513513513,1,0.582298136645963,0.358346094946401,0.998435054773083,0.672413793103448,0.304418985270049,0.140432098765432,0.317829457364341,1,0.310872894333844,0.00156494522691706,0,0,0.324921135646688,0.311526479750779,1,0.996805111821086,1,1,1,0.690031152647975,0.318979266347687,1,0.324574961360124,0.309451219512195,0.813291139240506,0.125200642054575,0.311912225705329,0.308777429467085,0.314553990610329,0.993836671802773,1,1,0.00312989045383412,0.3104,0.31619937694704,0.663026521060842,0.32755905511811,0.619190404797601,1,0.317901234567901,1,1,0.278041074249605,0.165634674922601,0.317436661698957,1,0.998466257668712,0.318112633181126,1,0.605136436597111,1,1,0.321875,1,0.324773413897281,0.309748427672956,0.323529411764706,0.319444444444444,0,0.323943661971831,0.31969696969697,0.691588785046729,0.583975346687211,0.308681672025723,0.633587786259542,0.675548589341693,0.309119010819165,0.12199036918138,0,0.311248073959938,0.624605678233438,1,0.312101910828025,1,0.317111459968603,0,0.319508448540707,1,1,1,0.303405572755418,0.998468606431853,0.321981424148607,0.206738131699847,0.302114803625378,1,0.370942812982998,1,1,0.205521472392638,0.307453416149068,1,1,0.325617283950617,1,0.316341829085457,0.312024353120244,0.364471669218989,0.754172989377845,0.322683706070288,1,0.325396825396825,0.633633633633634,0.33278955954323,1,0.00153609831029186,1,0.369327073552426,0.88529886914378,0.584518167456556,0.604395604395604,0.309859154929577,0.31974921630094,1,0.32093023255814,1,0.297507788161994,0.507716049382716,0.321156773211568,1,0.311450381679389,0.311811023622047,0.317034700315457,0.322169059011164,1,0.306376360808709,1,0.429230769230769,0.322530864197531,1,0.319571865443425,1,0.598101265822785,0.322378716744914,1,0.310769230769231,0.308282208588957,0.329173166926677,0.992331288343558,0.31875,1,0.323809523809524,1,0.311074918566775,1,0.599388379204893,0.301538461538462,0.0274636510500808,0.287758346581876,0.320373250388802,1,0.304953560371517,0.319018404907975,0.31839258114374,0.328125,1,1,0.316614420062696,0.32093023255814,1,1,0.31866464339909,0.233542319749216,0.0179910044977511,0.689335394126739,1,0.00155763239875389,0.314900153609831,1,0.317535545023697,0.306278713629403,0.315301391035549,0.998435054773083,1,1,0.317771084337349,0.309033280507132,0.323029366306028,0.680817610062893,0.306477093206951,1,0.345794392523364,1,1,0.461180124223602,0.32182103610675,0.315467075038285,0.319018404907975,0.306976744186047,0.312202852614897,0.644067796610169,1,1,0.313084112149533,0.00153374233128834,0.322530864197531,0.312688821752266,0.321538461538462,0.302795031055901,0.298107255520505,0.312121212121212,0.696784073506891,0.362252663622527,0.297546012269939,1,0.319685039370079,1,0.30521472392638,0.306153846153846,0.312111801242236,0.325984251968504,0.312796208530806,1,0.324615384615385,0.794071762870515,1,1,0.998449612403101,1,1,0.896661367249603,1,1,1,0.318042813455657,1,0.32484076433121,0,1,0.377473363774734,1,0.312302839116719,0.31924882629108,0.318611987381703,0.42,1,0.324574961360124,1,1,1,1,0,0.3125,1,1,0.32093023255814,1,0.314152410575428,1,1,0.311811023622047,0.317610062893082,0.294952681388013,0.159375,0.322932917316693,0,0.591317365269461,1,0.324492979719189,0.317460317460317,0.593220338983051,1,1,0.3296,0.326530612244898,1,0.660990712074303,0.700787401574803,0.306729264475743,0.321086261980831,0.994029850746269,0.328593996840442,0.301972685887709,1,0.312597200622084,0.306501547987616,1,0.301092043681747,0.314285714285714,0.313271604938272,0.307219662058372,1,1,1,0.305084745762712,0.322327044025157,0.00777604976671851,0.995348837209302,0.326465927099842,1,1,0.309451219512195,0.327794561933535,0.310185185185185,0.314465408805031,0.315548780487805,1,0.304761904761905,0.309748427672956,0.56260162601626,1,0.833592534992224,1,0,1,0.320668693009119,1,1,0.419753086419753,1,0.317262830482115,1,0.304552590266876,0.299373040752351,0.311728395061728,1,1,0.317557251908397,0.391803278688525,0.614285714285714,0.30016051364366,1,1,1,0.32,1,0.205882352941176,1,1,1,1,0.322981366459627,1,0.316639741518578,0.333333333333333,0.683229813664596,0.302547770700637,1,0.327666151468315,0.322137404580153,0.309636650868878,1,0.307339449541284,1,0.320552147239264,0.472049689440994,0.324031007751938,0.324367088607595,0.311550151975684,1,0.318979266347687,0.301587301587302,1,1,0.31974921630094,0.312989045383412,1,0.477449455676516,0.317891373801917,0.326186830015314,0.328703703703704,0.683076923076923,1,0.292332268370607,1,0.420062695924765,0.302362204724409,0,0.876712328767123,0.315955766192733,0.318885448916409,0,0.031055900621118,0.9828125,0.312307692307692,1,0.313084112149533,0.323624595469256,1,0.328660436137072,0.312796208530806,0.669278996865204,1,0.311145510835913,0.321316614420063,1,0.30781010719755,0.311216429699842,1,0.333843797856049,0.310725552050473,0.312693498452012,0.328616352201258,0.793261868300153,1,0.984276729559748,1,1,0.00157232704402516,1,0.996865203761755,1,0.424382716049383,1,0.301659125188537,0.996951219512195,0.321766561514196,1,0.609865470852018,0.631578947368421,0.317683881064163,0.314900153609831,0.637209302325581,0.3168,0,0.63206106870229,0.683641975308642,0.31937984496124,0.00154083204930663,0.303875968992248,0.303875968992248,0.766091051805338,0.325038880248834,0.683720930232558,0.60291734197731,0.314465408805031,0.320121951219512,0.292569659442724,1,0.0267459138187221,0,0.315870570107858,0.330218068535826,0.333333333333333,1,0.335413416536661,0.315870570107858,1,0.306870229007634,0.937402190923318,0.568503937007874,1,1,0.996615905245347,0.321699544764795,0.605504587155963,0.320668693009119,0.311793214862682,0.317829457364341,0.414893617021277,1,0.310832025117739,1,0.316045380875203,0.3136,1,0.31637519872814,1,0.320987654320988,1,1,0.319875776397516,0,1,0.317901234567901,1,0.561128526645768,1,0.501533742331288,1,0.559241706161137,1,0.313880126182965,1,1,1,0.314984709480122,0.320126782884311,0.318112633181126,0.354166666666667,0.330618892508143,0.309968847352025,1,0.3234375,1,1,0.323619631901841,0.325396825396825,0.315548780487805,0.386996904024768,0.326219512195122,1,1,0.329249617151608,0.3184,0.625199362041467,0.602201257861635,0.312693498452012,0.317460317460317,1,0.306153846153846,0.317700453857791,0.995253164556962,0.30016051364366,0.312989045383412,0,0.143730886850153,0.31619937694704,0.681137724550898,0.310344827586207,0.319571865443425,0.599085365853659,0.996894409937888,0.317610062893082,1,0.313479623824451,0.339089481946625,0.315625,0.476263399693721,0.311708860759494,1,0.322981366459627,0.32018927444795,0.327476038338658,0.691244239631336,1,0.325806451612903,0.312597200622084,0,0.320121951219512,1,0.952380952380952,1,0.312989045383412,0.31937984496124,0.32018927444795,0.584992343032159,1,0.599683544303797,0.328050713153724,1,1,0.967084639498433,0.68167701863354,0.32967032967033,0.357254290171607,0.315629742033384,0.313271604938272,1,1,0.510172143974961,0.635792778649921,1,1,1,0.693163751987281,1,0.322188449848024,0.681181959564541,1,0.320182094081942,0.306603773584906,0.315950920245399,1,1,0.644122383252818,0.325115562403698,1,1,0.320987654320988,0.310077519379845,1,0,0.313178294573643,0.314285714285714,0.0031496062992126,0.31039755351682,1,0.310725552050473,1,0.155725190839695,0,0.904109589041096,0.331278890600925,1,1,0,0.00153139356814701,0.3234375,1,0.312101910828025,0.998480243161094,0.303079416531605,1,0.998417721518987,0.960505529225908,0.770061728395062,1,1,0.00155763239875389,1,0.514516129032258,0.325984251968504,0.672307692307692,0.323574730354391,1,0.307210031347962,0.679748822605965,1,1,0.313385826771654,0.62202380952381,0.325652841781874,0.590138674884438,0.975193798449612,0.33179012345679,0.608628659476117,0.00772797527047913,0.307210031347962,0.320373250388802,0.314900153609831,1,0.631659056316591,0.306027820710974,0.8953125,0.590690208667737,0.969230769230769,1,1,0.303215926493109,0.329581993569132,0.310509554140127,0.30781010719755,0.316436251920123,0.622188905547226,0.300604229607251,0,0.677130044843049,1,0.32258064516129,0.301587301587302,0.311897106109325,0.31969696969697,0.607198748043818,1,0.33179012345679,0.338028169014085,0.328025477707006,0.315625,0.317557251908397,0.312989045383412,0.205748865355522,0.68362480127186,0.311627906976744,0.603369065849923,1,0.232704402515723,0.316279069767442,0.918367346938776,1,1,0.315870570107858,0.633693972179289,1,0.318885448916409,0.299684542586751,0.955766192733017,1,1,0.998417721518987,0.314329738058552,1,1,0.895569620253165,1,0.349768875192604,1,0.600321027287319,1,0.671802773497689,0.306625577812018,0.607255520504732,1,1,0.993610223642173,0.323529411764706,0.322530864197531,0.324881141045959,0.313271604938272,0.326892109500805,0.322981366459627,0.987261146496815,0.312307692307692,1,1,0.712307692307692,0,0.315789473684211,0.314641744548287,0.678353658536585,1,0.563779527559055,0.328808446455505,0.641860465116279,0.308892355694228,0.317817014446228,1,0.31201248049922,0.313408723747981,0.684952978056426,0.904220779220779,0.324364723467862,0.607535321821036,0.582417582417582,0.320813771517997,0.319182389937107,0.306278713629403,0.599063962558502,0.688372093023256,1,0.89589905362776,1,0.669724770642202,1,0.591482649842271,0.319182389937107,0.317757009345794,1,1,0.426100628930818,0.996860282574568,1,1,0.314814814814815,0.329704510108865,1,0.311377245508982,0.6828125,0.328616352201258,0.455259026687598,0.294670846394984,0,0.30640243902439,1,1,0.595975232198142,0.00151515151515152,0.329721362229102,0.325471698113208,0.100313479623824,0.413078149920255,1,1,0.313178294573643,1,0.407176287051482,1,0.324850299401198,0.590697674418605,0.326086956521739,0.318681318681319,1,0,1,0.304975922953451,0.31875,1,1,1,0.43730407523511,1,0.312788906009245,0.622699386503067,0.324031007751938,0.319286871961102,0.0015552099533437,0.0372670807453416,1,0.624223602484472,1,0.328638497652582,0.332797427652733,1,1,0.163297045101089,0.31201248049922,1,0.903963414634146,1,0.319083969465649,0.2046875,0.672333848531685,1,1,1,1,1,0.286363636363636,0.304552590266876,1,0.122186495176849,0.00156985871271586,0.436447166921899,0,0.325914149443561,1,0.688783570300158,1,1,0.888888888888889,1,0.68160741885626,1,1,1,1
"309",1,1,1,1,1,1,0.714754098360656,1,1,0.0960912052117264,1,0.0481366459627329,0.806763285024155,1,0.308917197452229,0.292259083728278,0.0657492354740061,0.692179700499168,1,1,0.28006329113924,0.305057096247961,1,0.167701863354037,1,0.321316614420063,0.303715670436187,1,1,0.776527331189711,0.299050632911392,0.708074534161491,0.963893249607535,0.300319488817891,0,1,0.552959501557632,1,0.289634146341463,1,0.676100628930818,0.693037974683544,0.705882352941177,1,1,0.307817589576547,0.304487179487179,0.292048929663609,0.308176100628931,0.312893081761006,0,1,0.29635499207607,1,1,0.484702093397746,0.573482428115016,1,1,1,0.317757009345794,0.314553990610329,0.307073954983923,0.686614173228347,1,1,0.0416666666666667,1,0.0587326120556414,0.307098765432099,1,0.306122448979592,0.324149108589951,0.968051118210863,0.520569620253165,1,0.297169811320755,0.321372854914197,1,0.305555555555556,0.0866013071895425,0.321086261980831,0.318611987381703,1,0.318818040435459,1,1,1,1,0.69170579029734,1,1,0.00158227848101266,0.10459587955626,1,0.046801872074883,0,1,0.564019448946515,0.693910256410256,1,0.0550161812297735,0.298722044728434,1,0.303656597774245,1,0.692667706708268,1,0.302839116719243,0.300314465408805,0.303265940902022,1,0.31687898089172,1,0.508500772797527,1,0.296238244514107,0.30503144654088,0.306153846153846,0.301765650080257,0.494435612082671,0.998425196850394,0.310452418096724,0.306581059390048,1,0.296124031007752,1,1,0.333858267716535,0.548632218844985,1,0.298887122416534,1,0.0439393939393939,1,0.310975609756098,0.687888198757764,0.309262166405024,0.93015873015873,0.42200328407225,0.100638977635783,0.0989010989010989,1,1,0.317610062893082,1,0.303680981595092,1,0.803125,1,0.317589576547231,1,1,1,1,0.32484076433121,1,0.309562398703404,0.26905132192846,1,0.302469135802469,1,0.288431061806656,0.0853080568720379,1,0.29903536977492,1,1,1,0.313664596273292,1,0.313291139240506,1,0.292332268370607,1,0.308426073131955,0.0764331210191083,1,0.656765676567657,1,1,0.311897106109325,1,1,1,1,0.304761904761905,0.297339593114241,1,0.9984375,0.306122448979592,0.296774193548387,1,0.452418096723869,0.675265553869499,0,0.303317535545024,0.682615629984051,1,0.313971742543171,1,0.998452012383901,1,0.298412698412698,0.310664605873261,0.3125,1,1,1,0,1,0.295454545454545,0.973101265822785,0.31629392971246,0.298904538341158,0.738095238095238,1,1,1,1,1,0.0449438202247191,0.302066772655008,0.317683881064163,1,0.696062992125984,1,1,0.998412698412698,0.998444790046656,1,1,0.00313971742543171,0.325652841781874,1,0.293929712460064,1,0.288819875776398,1,1,1,1,1,0.311424100156495,1,0.506430868167203,0.31637519872814,0.313084112149533,0.294770206022187,0.306962025316456,0.316455696202532,0.410628019323671,0.316118935837246,0.3078125,0.299531981279251,1,0.310618066561014,1,0.703125,0.301109350237718,0.322429906542056,0.321656050955414,1,1,1,0.267828843106181,0.304347826086957,1,0.308306709265176,0.309119010819165,0.303030303030303,0.308892355694228,0.700475435816165,1,0.307931570762053,0.299840510366826,1,0.287112561174551,1,0.295665634674923,0.2976,1,1,1,0.548286604361371,1,0.697784810126582,0.0782208588957055,0.313385826771654,1,1,0.0934579439252336,0.311424100156495,0.318032786885246,1,1,0.28169014084507,0.0267295597484277,0.00161550888529887,1,1,0.326186830015314,0.998415213946117,1,0.299065420560748,1,1,0.301092043681747,1,1,1,1,0.311216429699842,0.292048929663609,0.32258064516129,1,1,0.68160741885626,0.303225806451613,1,0.308411214953271,0.292259083728278,1,1,0.998444790046656,1,1,0.306836248012719,1,1,0.105691056910569,0.319875776397516,0.478672985781991,0.304140127388535,0.680124223602484,0.314152410575428,1,0.296650717703349,0.317891373801917,0.277258566978193,0.307332293291732,1,0.311827956989247,1,1,1,0.299684542586751,0.304075235109718,0.998425196850394,0.926229508196721,0.0629032258064516,1,0.305164319248826,0.304347826086957,0.29570747217806,1,0.313664596273292,0.478740157480315,0.31687898089172,0.293650793650794,0.302100161550889,0.299679487179487,1,0.308441558441558,1,1,0,1,0.310126582278481,1,1,1,0.314516129032258,1,0.300813008130081,1,0.833073322932917,1,1,1,0.296703296703297,1,1,0.292721518987342,0.305164319248826,1,1,0.306501547987616,0.194144838212635,1,0.998444790046656,1,0,0.302931596091205,1,0.300787401574803,0.25,1,0.686244204018547,0.427480916030534,1,1,0.686453576864536,0.7184,0.34181240063593,1,0.302547770700637,1,1,0.315533980582524,1,0.9984,0.00786163522012579,0.312796208530806,1,1,0.314785373608903,1,1,0.2992,0.344391785150079,1,1,1,0.520634920634921,0.302795031055901,0.346092503987241,0.305936073059361,0.317610062893082,0.697933227344992,0.316109422492401,0.313880126182965,0.308527131782946,0.250788643533123,0.309677419354839,1,0.309859154929577,0.998417721518987,0.302362204724409,0.0856269113149847,0.05,1,1,0.0414012738853503,1,0.698289269051322,0.0423861852433281,0.0128617363344051,1,0.691588785046729,1,1,0.543720190779014,1,0,0.0746753246753247,1,1,1,0.314102564102564,0.654191616766467,0.703459637561779,0.993817619783617,1,0.984350547730829,0.287735849056604,0.338658146964856,1,0.289644012944984,1,0.364353312302839,0.104166666666667,0.289719626168224,0.306990881458967,0.318181818181818,1,0.0781010719754977,1,1,1,0.2703125,0.317034700315457,1,0.308562197092084,1,1,0.299065420560748,1,0.308755760368664,1,0.294212218649518,0.311912225705329,1,0.693650793650794,0.301369863013699,1,0.294975688816856,0.753510140405616,0.303680981595092,0.16380655226209,0.308282208588957,0.766773162939297,0.291798107255521,1,0.310832025117739,0.324031007751938,0.287037037037037,1,1,1,0.970540098199673,0.357843137254902,1,0.310569105691057,1,0.308072487644152,0.306027820710974,1,1,1,0.923809523809524,1,0.301684532924962,0.304347826086957,1,1,0.0481540930979133,0.0802568218298555,1,1,0.299352750809061,1,1,0.302694136291601,1,1,0.697965571205008,0.531202435312024,1,0,1,1,0.101694915254237,0.317965023847377,1,0.312893081761006,0.998422712933754,0.968051118210863,0.998397435897436,0.814814814814815,1,0.30983606557377,1,1,1,0,0.29042904290429,1,1,0.6752,1,0.300623052959502,0.347286821705426,0.31055900621118,1,1,1,0.0889235569422777,0.3152,0.0901771336553945,0.998387096774194,0.302180685358255,0.297839506172839,0.341732283464567,0,1,0.958925750394945,1,1,0.3125,0.288135593220339,0.165064102564103,0.0417335473515249,0.312989045383412,0.29093799682035,0.317901234567901,0.00158730158730159,0.297805642633229,1,0,0.303937007874016,1,1,1,0.306853582554517,0.311320754716981,0.0391517128874388,1,0.298076923076923,0.293291731669267,1,1,0.301092043681747,0.695299837925446,1,1,0.701277955271565,1,0.2953125,1,0.30188679245283,0.536776212832551,0.683001531393568,0.392248062015504,1,0.287480680061824,0.305379746835443,0.687106918238994,0.678018575851393,1,0.317262830482115,1,0.30568356374808,1,0.300319488817891,0.292207792207792,0.345794392523364,0.506349206349206,0.304487179487179,0.29635499207607,0.679304897314376,0.305900621118012,0.15016501650165,1,0,1,0.287539936102236,1,0,0.307210031347962,0.301587301587302,1,0.0557275541795666,1,0.0843949044585987,0.330683624801272,1,0.0646687697160883,0.686614173228347,1,1,1,0.295081967213115,0.0390625,1,0.425,0.0947030497592295,0.338028169014085,0.309968847352025,0.310077519379845,1,1,1,1,1,0.0634441087613293,0.995363214837713,0.6984375,0.00303030303030303,0.30952380952381,1,1,1,1,0.0846645367412141,0.304012345679012,1,1,1,1,1,1,0.49452269170579,0.00159489633173844,1,0.083596214511041,0.311811023622047,0.449438202247191,1,0.378812199036918,0.3003300330033,0.301412872841444,1,0.0421875,0.3078125,1,1,0.356340288924559,0.298761609907121,0.298722044728434,0.300163132137031,0.998461538461539,0.314424635332253,0.304012345679012,0.400318979266348,0.307448494453249,0.973561430793157,0.293023255813953,0.0801282051282051,0.310509554140127,0,1,0.0876623376623377,0.295527156549521,0.304278922345483,0.308186195826645,1,1,1,1,1,1,0.322834645669291,1,0.305825242718447,0.307563025210084,0.583987441130298,0.698564593301435,1,1,0,0.306153846153846,0.121069182389937,0.998480243161094,0.0382775119617225,1,1,0.304625199362041,1,1,0.622977346278317,0.401639344262295,0.995461422087746,0.0774193548387097,0.0966183574879227,1,1,1,0.0841269841269841,0,0.30568356374808,0.417197452229299,0.304821150855365,0,0.312399355877617,0.0856219709208401,1,1,0.314641744548287,0.308049535603715,0.253565768621236,0.317384370015949,0.304212168486739,0.316535433070866,1,1,0.32300163132137,1,0,1,0.235104669887279,1,0.67981072555205,1,0.299212598425197,0.301765650080257,0.0725552050473186,0.687598116169545,1,1,0.797147385103011,0.893964110929853,0.30622009569378,0.3088,1,0.305379746835443,0.263910969793323,0.308562197092084,1,0.102201257861635,1,1,0.30952380952381,0.686998394863563,0.294871794871795,1,1,0.30030959752322,0.306501547987616,0.309597523219814,0.856219709208401,0.3024,1,0.055205047318612,1,1,0.707547169811321,0.661442006269592,0.315447154471545,0.0582677165354331,0.3152,1,1,0.2944,0.316558441558442,0.630672926447574,1,0.296923076923077,0.354198473282443,0.300940438871473,0.986046511627907,0.4848,0.00475435816164818,0.299373040752351,0.312788906009245,0.317152103559871,0.303630363036304,0.310185185185185,0.97045101088647,1,0.302547770700637,0.558292282430213,0.691558441558442,0.247311827956989,0.704132231404959,1,0.312698412698413,0,0.311912225705329,0.301261829652997,0.352484472049689,0.301412872841444,0,0.32484076433121,0.305331179321486,0.318541996830428,0.303656597774245
"310",1,1,1,1,1,1,0.705787781350482,1,1,0.0988835725677831,1,0.0465116279069767,0.814696485623003,1,0.310618066561014,0.308056872037915,0.0664605873261206,0.686688311688312,1,1,0.286168521462639,0.307086614173228,1,0.160493827160494,1,0.331230283911672,0.319935691318328,1,1,0.779014308426073,0.315789473684211,0.729001584786054,0.964506172839506,0.312893081761006,0,1,0.54160125588697,1,0.30030487804878,1,0.670364500792393,0.678740157480315,0.69218989280245,1,1,0.320634920634921,0.315873015873016,0.304953560371517,0.330188679245283,0.329173166926677,0,1,0.31055900621118,1,1,0.492776886035313,0.561708860759494,1,1,1,0.327639751552795,0.317111459968603,0.313694267515924,0.687598116169545,1,1,0.0384,1,0.0602409638554217,0.320987654320988,1,0.314873417721519,0.331179321486268,0.966507177033493,0.520673813169985,1,0.309006211180124,0.336448598130841,1,0.314845024469821,0.0925324675324675,0.327014218009479,0.327044025157233,1,0.338557993730408,1,1,1,1,0.693374422187982,1,1,0,0.10410094637224,1,0.0474006116207951,0,1,0.566558441558442,0.675675675675676,1,0.0604133545310016,0.310618066561014,1,0.318541996830428,1,0.682737169517885,1,0.315286624203822,0.320251177394035,0.31974921630094,1,0.324921135646688,1,0.5,1,0.316535433070866,0.296124031007752,0.328746177370031,0.320063694267516,0.491392801251956,0.998444790046656,0.317629179331307,0.30952380952381,1,0.298107255520505,1,1,0.332805071315372,0.550077041602465,1,0.311216429699842,1,0.0434131736526946,1,0.308755760368664,0.677672955974843,0.326120556414219,0.926984126984127,0.42483660130719,0.101748807631161,0.0927672955974843,1,1,0.327586206896552,1,0.321212121212121,1,0.80564263322884,1,0.321086261980831,1,1,1,1,0.331738437001595,1,0.32,0.259659969088099,1,0.315625,1,0.306603773584906,0.089171974522293,1,0.309791332263242,1,1,1,0.333333333333333,1,0.330696202531646,1,0.305772230889236,1,0.319805194805195,0.0753532182103611,1,0.650406504065041,1,1,0.313099041533546,1,1,1,1,0.322884012539185,0.309597523219814,1,0.998435054773083,0.3198127925117,0.309148264984227,1,0.447204968944099,0.674347158218126,0,0.314641744548287,0.670295489891135,1,0.321928460342146,1,0.998444790046656,1,0.3109375,0.31839258114374,0.319685039370079,1,1,1,0,1,0.307448494453249,0.9734375,0.317817014446228,0.313694267515924,0.759493670886076,1,1,1,1,1,0.0434108527131783,0.313291139240506,0.333333333333333,1,0.678571428571429,1,1,1,0.998439937597504,1,1,0.00312989045383412,0.31839258114374,1,0.315789473684211,1,0.296875,1,1,1,1,1,0.315873015873016,1,0.519747235387046,0.325508607198748,0.325617283950617,0.313694267515924,0.312202852614897,0.326530612244898,0.421725239616613,0.328100470957614,0.317034700315457,0.306376360808709,1,0.323899371069182,1,0.684049079754601,0.31378763866878,0.314241486068111,0.331723027375201,1,1,1,0.264752791068581,0.310452418096724,1,0.321086261980831,0.327217125382263,0.305295950155763,0.317901234567901,0.691693290734824,1,0.317411402157165,0.3140625,1,0.298245614035088,1,0.308411214953271,0.307692307692308,1,1,1,0.537124802527646,1,0.693023255813954,0.0791476407914764,0.313694267515924,1,1,0.0970266040688576,0.318818040435459,0.321086261980831,1,1,0.311728395061728,0.0266457680250784,0.0032,1,1,0.33026113671275,0.998405103668262,1,0.308527131782946,1,1,0.314285714285714,1,1,1,1,0.32755905511811,0.30781010719755,0.325320512820513,1,1,0.666149068322981,0.312796208530806,1,0.314553990610329,0.295886075949367,1,1,0.998456790123457,1,1,0.324281150159744,1,1,0.104166666666667,0.327639751552795,0.487421383647799,0.310126582278481,0.67304625199362,0.310452418096724,1,0.307936507936508,0.334379905808477,0.264296754250386,0.31832298136646,1,0.325115562403698,1,1,1,0.318037974683544,0.315467075038285,0.998417721518987,0.926590538336052,0.0668789808917197,1,0.313084112149533,0.322061191626409,0.310509554140127,1,0.332822085889571,0.478125,0.323343848580442,0.308777429467085,0.305958132045089,0.309636650868878,1,0.317891373801917,1,1,0,1,0.319685039370079,1,1,1,0.332805071315372,1,0.303174603174603,1,0.832550860719875,1,1,1,0.316037735849057,1,1,0.313572542901716,0.311605723370429,1,1,0.312401883830455,0.189814814814815,1,0.9984375,1,0,0.31687898089172,1,0.311912225705329,0.243710691823899,1,0.672360248447205,0.428129829984544,1,1,0.677710843373494,0.703001579778831,0.3375,1,0.317535545023697,1,1,0.334920634920635,1,0.998420221169036,0.00797448165869218,0.324921135646688,1,1,0.325984251968504,1,1,0.306349206349206,0.344773790951638,1,1,1,0.528213166144201,0.311424100156495,0.340590979782271,0.312217194570136,0.334883720930233,0.6896,0.327160493827161,0.328173374613003,0.32093023255814,0.236507936507937,0.323809523809524,1,0.321538461538462,0.998412698412698,0.316358024691358,0.078907435508346,0.0509259259259259,1,1,0.0438871473354232,1,0.687116564417178,0.0440251572327044,0.00950871632329636,1,0.684458398744113,1,1,0.549206349206349,1,0,0.0741324921135647,1,1,1,0.318979266347687,0.663636363636364,0.683870967741935,0.993759750390016,1,0.984301412872841,0.300314465408805,0.335443037974684,1,0.299524564183835,1,0.367692307692308,0.102272727272727,0.303125,0.322033898305085,0.33389544688027,1,0.0779816513761468,1,1,1,0.260530421216849,0.318979266347687,1,0.319182389937107,1,1,0.312210200927357,1,0.321044546850998,1,0.306349206349206,0.321486268174475,1,0.677316293929712,0.316109422492401,1,0.308917197452229,0.752336448598131,0.303543913713405,0.158385093167702,0.319571865443425,0.770932069510269,0.31139646869984,1,0.322530864197531,0.334370139968896,0.290171606864275,1,1,1,0.97092084006462,0.343853820598007,1,0.3278955954323,1,0.315112540192926,0.316998468606432,1,1,1,0.922098569157393,1,0.30640243902439,0.321259842519685,1,1,0.0527156549520767,0.0738993710691824,1,1,0.311004784688995,1,1,0.304075235109718,1,1,0.675968992248062,0.535603715170279,1,0,1,1,0.100154083204931,0.322530864197531,1,0.318818040435459,0.998420221169036,0.966876971608833,0.998439937597504,0.820872274143302,1,0.327332242225859,1,1,1,0,0.317230273752013,1,1,0.671383647798742,1,0.317610062893082,0.353218210361067,0.316358024691358,1,1,1,0.0882352941176471,0.317741935483871,0.0854430379746835,0.998389694041868,0.3046875,0.309968847352025,0.342857142857143,0,1,0.954041204437401,1,1,0.3216,0.293051359516616,0.157643312101911,0.0399361022364217,0.316957210776545,0.309375,0.325652841781874,0,0.3140625,1,0,0.31832298136646,1,1,1,0.3171875,0.318461538461538,0.0345963756177924,1,0.309375,0.307453416149068,1,1,0.318110236220472,0.704180064308682,1,1,0.690437601296596,1,0.309815950920245,1,0.316614420062696,0.527863777089783,0.668202764976959,0.403669724770642,1,0.299065420560748,0.314152410575428,0.679127725856698,0.666160849772382,1,0.321875,1,0.32469512195122,1,0.31875,0.3125,0.345201238390093,0.524767801857585,0.318255250403877,0.307814992025518,0.666144200626959,0.312693498452012,0.145867098865478,1,0,1,0.29047619047619,1,0,0.313694267515924,0.315024232633279,1,0.0569715142428786,1,0.0850393700787402,0.333333333333333,1,0.0684292379471229,0.67817896389325,1,1,1,0.316639741518578,0.0401854714064915,1,0.421052631578947,0.0947030497592295,0.342549923195084,0.321428571428571,0.321981424148607,1,1,1,1,1,0.071097372488408,0.995384615384615,0.685534591194969,0.00304878048780488,0.321875,1,1,1,1,0.0828125,0.317262830482115,1,1,1,1,1,1,0.489984591679507,0,1,0.0865533230293663,0.32018927444795,0.449139280125196,1,0.387301587301587,0.306188925081433,0.312796208530806,1,0.0406885758998435,0.3171875,1,1,0.363924050632911,0.309968847352025,0.316957210776545,0.319354838709677,0.998439937597504,0.321543408360129,0.315625,0.414944356120827,0.323899371069182,0.972560975609756,0.319018404907975,0.0802568218298555,0.32755905511811,0,1,0.0850722311396469,0.306836248012719,0.314785373608903,0.32182103610675,1,1,1,1,1,1,0.331179321486268,1,0.31201248049922,0.313758389261745,0.60031847133758,0.679304897314376,1,1,0,0.314112291350531,0.114104595879556,0.998456790123457,0.0368,1,1,0.312698412698413,1,1,0.628205128205128,0.41871921182266,0.996969696969697,0.0771704180064309,0.0984126984126984,1,1,1,0.0853080568720379,0,0.316436251920123,0.415064102564103,0.312121212121212,0,0.321086261980831,0.0824088748019017,1,1,0.316846986089645,0.321428571428571,0.24251968503937,0.327586206896552,0.309968847352025,0.316692667706708,1,1,0.333333333333333,1,0,1,0.221153846153846,1,0.67244094488189,1,0.317683881064163,0.295454545454545,0.0724191063174114,0.676970633693972,1,1,0.787974683544304,0.9,0.318681318681319,0.3168,1,0.313385826771654,0.2609375,0.315705128205128,1,0.0979782270606532,1,1,0.317683881064163,0.682615629984051,0.301916932907348,1,1,0.302652106084243,0.306729264475743,0.319444444444444,0.848142164781906,0.320450885668277,1,0.0626959247648903,1,1,0.70440251572327,0.659777424483307,0.317817014446228,0.0614173228346457,0.323296354992076,1,1,0.308176100628931,0.332807570977918,0.624803767660911,1,0.303875968992248,0.371340523882897,0.311811023622047,0.981679389312977,0.4890625,0.00309597523219814,0.306376360808709,0.321646341463415,0.329635499207607,0.315024232633279,0.314589665653495,0.970814132104455,1,0.319314641744548,0.547811993517018,0.687697160883281,0.244094488188976,0.693181818181818,1,0.320695102685624,0.00312989045383412,0.328149300155521,0.308641975308642,0.363349131121643,0.322274881516588,0,0.331240188383046,0.317965023847377,0.324324324324324,0.318110236220472
"311",1,1,1,1,1,1,0.70926517571885,1,1,0.0977564102564103,1,0.0495356037151703,0.8192,1,0.305772230889236,0.304953560371517,0.0655226209048362,0.691437802907916,1,1,0.285493827160494,0.316118935837246,1,0.155905511811024,1,0.319508448540707,0.313099041533546,1,1,0.790880503144654,0.306122448979592,0.736517719568567,0.966867469879518,0.311728395061728,0,1,0.549844236760125,1,0.297176820208024,1,0.675925925925926,0.687022900763359,0.69218989280245,1,1,0.313099041533546,0.305772230889236,0.308282208588957,0.313178294573643,0.317972350230415,0,1,0.315950920245399,1,1,0.49607535321821,0.559748427672956,1,1,1,0.325757575757576,0.302362204724409,0.320634920634921,0.685271317829457,1,1,0.0416666666666667,1,0.0597907324364723,0.309815950920245,1,0.317557251908397,0.319286871961102,0.968701095461659,0.521060842433697,1,0.301829268292683,0.330246913580247,1,0.317589576547231,0.0888888888888889,0.324409448818898,0.317901234567901,1,0.331259720062208,1,1,1,1,0.69922480620155,1,1,0.00153139356814701,0.106153846153846,1,0.0526315789473684,0,1,0.569354838709677,0.679304897314376,1,0.0561622464898596,0.310077519379845,1,0.307692307692308,1,0.692068429237947,1,0.308426073131955,0.312401883830455,0.319148936170213,1,0.31832298136646,1,0.498489425981873,1,0.310452418096724,0.29984544049459,0.3202416918429,0.315132605304212,0.482866043613707,0.998454404945904,0.309090909090909,0.308306709265176,1,0.303490136570561,1,1,0.327613104524181,0.541856925418569,1,0.307448494453249,1,0.0462686567164179,1,0.316590563165906,0.675968992248062,0.317972350230415,0.929245283018868,0.434782608695652,0.10377358490566,0.0981308411214953,1,1,0.332302936630603,1,0.309880239520958,1,0.80521472392638,1,0.322884012539185,1,1,1,1,0.329721362229102,1,0.315707620528771,0.258805513016845,1,0.30781010719755,1,0.296923076923077,0.088785046728972,1,0.307448494453249,1,1,1,0.326656394453005,1,0.316770186335404,1,0.296754250386399,1,0.31875,0.0765625,1,0.642740619902121,1,1,0.309791332263242,1,1,1,1,0.318110236220472,0.307219662058372,1,0.998461538461539,0.317901234567901,0.301127214170692,1,0.452160493827161,0.67616191904048,0,0.31201248049922,0.675384615384615,1,0.318529862174579,1,0.998463901689708,1,0.315707620528771,0.317557251908397,0.330112721417069,1,1,1,0,1,0.31201248049922,0.97360248447205,0.317535545023697,0.305900621118012,0.759630200308166,1,1,1,1,1,0.0504731861198738,0.314785373608903,0.3203125,1,0.687692307692308,1,1,0.998442367601246,0.998449612403101,1,1,0.00459418070444104,0.317829457364341,1,0.303030303030303,1,0.296466973886329,1,1,1,1,1,0.318681318681319,1,0.502354788069074,0.316923076923077,0.31859756097561,0.310618066561014,0.314641744548287,0.322932917316693,0.412698412698413,0.321483771251932,0.310185185185185,0.301684532924962,1,0.318818040435459,1,0.688073394495413,0.309486780715397,0.318461538461538,0.330683624801272,1,1,1,0.266875981161695,0.30503144654088,1,0.3109375,0.321699544764795,0.298136645962733,0.312597200622084,0.681818181818182,1,0.321044546850998,0.313291139240506,1,0.297124600638978,1,0.30316742081448,0.309375,1,1,1,0.546564885496183,1,0.698757763975155,0.0852359208523592,0.314152410575428,1,1,0.100154083204931,0.318461538461538,0.3216,1,1,0.30381679389313,0.0251177394034537,0.0031496062992126,1,1,0.337423312883436,1,1,0.308527131782946,1,1,0.313271604938272,1,1,1,1,0.315789473684211,0.306646525679758,0.315619967793881,1,1,0.680981595092024,0.311912225705329,1,0.311926605504587,0.291277258566978,1,1,0.998482549317147,1,1,0.320493066255778,1,1,0.110935023771791,0.324031007751938,0.486656200941915,0.29635499207607,0.66875,0.311550151975684,1,0.314152410575428,0.329192546583851,0.256211180124224,0.309341500765697,1,0.314674735249622,1,1,1,0.306603773584906,0.318461538461538,0.998452012383901,0.92109500805153,0.0667701863354037,1,0.305810397553517,0.315955766192733,0.308056872037915,1,0.323216995447648,0.4703125,0.31832298136646,0.303738317757009,0.317535545023697,0.299363057324841,1,0.318611987381703,1,1,0,1,0.314375987361769,1,1,1,0.32348367029549,1,0.304416403785489,1,0.826356589147287,1,1,1,0.315870570107858,1,1,0.307210031347962,0.300763358778626,1,1,0.305164319248826,0.190769230769231,1,0.998461538461539,1,0,0.302839116719243,1,0.305426356589147,0.247244094488189,1,0.683229813664596,0.432098765432099,1,1,0.683812405446294,0.708399366085578,0.339593114241002,1,0.31733746130031,1,1,0.325,1,0.9984375,0.0093167701863354,0.32182103610675,1,1,0.315955766192733,1,1,0.297971918876755,0.339477726574501,1,1,1,0.525423728813559,0.30030959752322,0.341692789968652,0.312965722801788,0.328746177370031,0.690851735015773,0.320552147239264,0.319875776397516,0.311827956989247,0.246511627906977,0.316455696202532,1,0.312406576980568,0.998422712933754,0.312111801242236,0.0824587706146927,0.0568356374807988,1,1,0.0436817472698908,1,0.691603053435115,0.0469483568075117,0.0123839009287926,1,0.681470137825421,1,1,0.543887147335423,1,0,0.0665610142630745,1,1,1,0.319554848966614,0.654814814814815,0.700320512820513,0.992331288343558,1,0.984567901234568,0.300623052959502,0.33596214511041,1,0.29746835443038,1,0.373846153846154,0.107936507936508,0.303875968992248,0.310344827586207,0.327868852459016,1,0.0758725341426404,1,1,1,0.261398176291793,0.317034700315457,1,0.314873417721519,1,1,0.302611367127496,1,0.318452380952381,1,0.304552590266876,0.317610062893082,1,0.682888540031397,0.305722891566265,1,0.309148264984227,0.760188087774295,0.316279069767442,0.161585365853659,0.318250377073906,0.765625,0.296529968454259,1,0.322378716744914,0.330246913580247,0.292307692307692,1,1,1,0.966019417475728,0.33931484502447,1,0.315705128205128,1,0.310177705977383,0.311649016641452,1,1,1,0.919003115264797,1,0.306990881458967,0.324116743471582,1,1,0.0458860759493671,0.0816326530612245,1,1,0.307086614173228,1,1,0.306853582554517,1,1,0.684698608964451,0.548484848484848,1,0,1,1,0.0984848484848485,0.315047021943574,1,0.324409448818898,0.9984375,0.960380348652932,0.998442367601246,0.817901234567901,1,0.3168,1,1,1,0,0.314696485623003,1,1,0.672926447574335,1,0.318461538461538,0.358231707317073,0.316692667706708,1,1,1,0.0933125972006221,0.308661417322835,0.0871632329635499,0.998422712933754,0.302325581395349,0.302936630602782,0.346749226006192,0,1,0.952012383900929,1,1,0.312893081761006,0.294930875576037,0.157977883096367,0.0449612403100775,0.315132605304212,0.302652106084243,0.319938176197836,0.00157232704402516,0.309968847352025,1,0,0.312977099236641,1,1,1,0.309707241910632,0.311649016641452,0.0394088669950739,1,0.311526479750779,0.309090909090909,1,1,0.312210200927357,0.696141479099678,1,1,0.699367088607595,1,0.306748466257669,1,0.312302839116719,0.53343701399689,0.675883256528418,0.394817073170732,1,0.295454545454545,0.307219662058372,0.686544342507645,0.668202764976959,1,0.321928460342146,1,0.319634703196347,1,0.31937984496124,0.302694136291601,0.3484375,0.523006134969325,0.311004784688995,0.296529968454259,0.672926447574335,0.311248073959938,0.15814696485623,1,0,1,0.295238095238095,1,0,0.307458143074581,0.317610062893082,1,0.0610119047619048,1,0.0863422291993721,0.333333333333333,1,0.0664605873261206,0.673846153846154,1,1,1,0.309294871794872,0.0475460122699387,1,0.424336973478939,0.0940988835725678,0.355828220858896,0.315301391035549,0.315950920245399,1,1,1,1,1,0.0637329286798179,0.998489425981873,0.695178849144635,0.00441176470588235,0.311145510835913,1,1,1,1,0.0878274268104777,0.310769230769231,1,1,1,1,1,1,0.490825688073394,0.0015625,1,0.0838414634146342,0.314728682170543,0.439814814814815,1,0.396255850234009,0.301612903225806,0.313846153846154,1,0.0435458786936236,0.310769230769231,1,1,0.3671875,0.30781010719755,0.304012345679012,0.31378763866878,0.998463901689708,0.325358851674641,0.316923076923077,0.416139240506329,0.315301391035549,0.970903522205207,0.311550151975684,0.0869565217391304,0.322530864197531,0,1,0.0867507886435331,0.300157977883096,0.309375,0.312302839116719,1,1,1,1,1,1,0.33175355450237,1,0.312989045383412,0.306425041186161,0.602167182662539,0.6832,1,1,0,0.309230769230769,0.123824451410658,0.998502994011976,0.0401234567901235,1,1,0.309033280507132,1,1,0.624803767660911,0.410828025477707,0.997014925373134,0.0781499202551834,0.10062893081761,1,1,1,0.0904907975460123,0,0.310769230769231,0.417322834645669,0.308755760368664,0,0.327476038338658,0.0897637795275591,1,1,0.314241486068111,0.31619937694704,0.247692307692308,0.329113924050633,0.310185185185185,0.317700453857791,1,1,0.320695102685624,1,0,1,0.223088923556942,1,0.675548589341693,1,0.299539170506912,0.302737520128824,0.073959938366718,0.67741935483871,1,1,0.786729857819905,0.902086677367576,0.308411214953271,0.314606741573034,1,0.3078125,0.263650546021841,0.310509554140127,1,0.103875968992248,1,1,0.313572542901716,0.690095846645367,0.300314465408805,1,1,0.302147239263804,0.300940438871473,0.313546423135464,0.863924050632911,0.3104,1,0.0598159509202454,1,1,0.69969040247678,0.660406885758998,0.319286871961102,0.0573643410852713,0.315955766192733,1,1,0.301242236024845,0.323899371069182,0.633846153846154,1,0.302611367127496,0.36,0.306376360808709,0.987635239567233,0.47900466562986,0.00462249614791988,0.299079754601227,0.316109422492401,0.314873417721519,0.304625199362041,0.316265060240964,0.966565349544073,1,0.30521472392638,0.553968253968254,0.688783570300158,0.243788819875776,0.698360655737705,1,0.317829457364341,0.003125,0.319314641744548,0.302147239263804,0.356923076923077,0.3184,0,0.331240188383046,0.314553990610329,0.317384370015949,0.307453416149068
"312",1,1,1,1,1,1,0.709320695102686,1,1,0.0967741935483871,1,0.048062015503876,0.812199036918138,1,0.318681318681319,0.312597200622084,0.0630769230769231,0.679611650485437,1,1,0.280757097791798,0.310509554140127,1,0.153125,1,0.329754601226994,0.3216,1,1,0.790880503144654,0.311349693251534,0.737082066869301,0.963246554364472,0.315457413249211,0,1,0.533123028391167,1,0.299546142208775,1,0.670295489891135,0.680124223602484,0.695517774343122,1,1,0.314696485623003,0.313271604938272,0.306748466257669,0.321428571428571,0.330218068535826,0,1,0.315132605304212,1,1,0.506369426751592,0.548895899053628,1,1,1,0.328725038402458,0.318611987381703,0.319047619047619,0.684542586750789,1,1,0.0363349131121643,1,0.0601503759398496,0.316923076923077,1,0.320251177394035,0.326892109500805,0.964573268921095,0.5,1,0.311526479750779,0.331804281345566,1,0.314424635332253,0.0897226753670473,0.326332794830372,0.320493066255778,1,0.334890965732087,1,1,1,1,0.689814814814815,1,1,0,0.1078125,1,0.045662100456621,0,1,0.562197092084006,0.677265500794913,1,0.0569620253164557,0.311145510835913,1,0.3125,1,0.686244204018547,1,0.317262830482115,0.3171875,0.313455657492355,1,0.325038880248834,1,0.481651376146789,1,0.308917197452229,0.297805642633229,0.321100917431193,0.318181818181818,0.481308411214953,0.9984375,0.320061255742726,0.306089743589744,1,0.308049535603715,1,1,0.322429906542056,0.536953242835596,1,0.320813771517997,1,0.0428790199081164,1,0.313364055299539,0.668721109399075,0.321428571428571,0.929797191887676,0.435126582278481,0.105845181674566,0.097331240188383,1,1,0.329617834394904,1,0.322727272727273,1,0.808575803981623,1,0.322115384615385,1,1,1,1,0.332273449920509,1,0.320450885668277,0.252730109204368,1,0.307098765432099,1,0.302652106084243,0.0867507886435331,1,0.306603773584906,1,1,1,0.33693972179289,1,0.322274881516588,1,0.302325581395349,1,0.321316614420063,0.0747663551401869,1,0.636070853462158,1,1,0.32,1,1,1,1,0.317610062893082,0.307931570762053,1,0.998420221169036,0.316770186335404,0.311004784688995,1,0.447784810126582,0.670196671709531,0,0.319508448540707,0.670245398773006,1,0.317972350230415,1,0.998459167950693,1,0.313479623824451,0.321646341463415,0.329032258064516,1,1,1,0,1,0.307073954983923,0.973101265822785,0.32398753894081,0.308527131782946,0.749216300940439,1,1,1,1,1,0.043613707165109,0.316535433070866,0.32,1,0.678627145085803,1,1,0.998430141287284,0.9984375,1,1,0.0015527950310559,0.315467075038285,1,0.310126582278481,1,0.294392523364486,1,1,1,1,1,0.313664596273292,1,0.510236220472441,0.323343848580442,0.329211746522411,0.312202852614897,0.320126782884311,0.329133858267717,0.4272,0.325038880248834,0.31733746130031,0.312307692307692,1,0.318681318681319,1,0.688271604938272,0.3198127925117,0.306976744186047,0.326498422712934,1,1,1,0.260188087774295,0.309636650868878,1,0.32018927444795,0.322678843226788,0.309748427672956,0.319444444444444,0.680685358255452,1,0.310664605873261,0.313099041533546,1,0.303370786516854,1,0.311926605504587,0.311145510835913,1,1,1,0.540752351097179,1,0.689230769230769,0.0861027190332326,0.318611987381703,1,1,0.0970724191063174,0.324451410658307,0.326984126984127,1,1,0.3078125,0.021875,0.0015748031496063,1,1,0.334355828220859,0.998444790046656,1,0.311627906976744,1,1,0.307219662058372,1,1,1,1,0.323854660347551,0.311649016641452,0.32794830371567,1,1,0.674382716049383,0.318952234206472,1,0.315384615384615,0.301092043681747,1,1,0.998447204968944,1,1,0.323390894819466,1,1,0.113207547169811,0.332307692307692,0.487538940809969,0.302066772655008,0.677519379844961,0.312788906009245,1,0.305732484076433,0.330218068535826,0.249617151607963,0.327131782945736,1,0.327217125382263,1,1,1,0.307086614173228,0.318181818181818,0.998439937597504,0.92332268370607,0.0651828298887122,1,0.31832298136646,0.317460317460317,0.312599681020734,1,0.329835082458771,0.472049689440994,0.324074074074074,0.312302839116719,0.310789049919485,0.311501597444089,1,0.316957210776545,1,1,0,1,0.314241486068111,1,1,1,0.325984251968504,1,0.309033280507132,1,0.834862385321101,1,1,1,0.31619937694704,1,1,0.312597200622084,0.315625,1,1,0.311627906976744,0.190769230769231,1,0.998452012383901,1,0,0.312698412698413,1,0.30625,0.240887480190174,1,0.679566563467492,0.440494590417311,1,1,0.675555555555556,0.693396226415094,0.341121495327103,1,0.31875,1,1,0.329617834394904,1,0.998405103668262,0.00637958532695375,0.324881141045959,1,1,0.324921135646688,1,1,0.310832025117739,0.335384615384615,1,1,1,0.535714285714286,0.307332293291732,0.3390625,0.317293233082707,0.332288401253919,0.687203791469194,0.325038880248834,0.32755905511811,0.31441717791411,0.244961240310078,0.315705128205128,1,0.317073170731707,0.998430141287284,0.3198127925117,0.083969465648855,0.0505359877488515,1,1,0.0403726708074534,1,0.687595712098009,0.043956043956044,0.00949367088607595,1,0.681388012618297,1,1,0.544600938967136,1,0,0.0740157480314961,1,1,1,0.325434439178515,0.64767616191904,0.691558441558442,0.993779160186625,1,0.98297213622291,0.30757341576507,0.333333333333333,1,0.299524564183835,1,0.370839936608558,0.105095541401274,0.304821150855365,0.323308270676692,0.333892617449664,1,0.0781010719754977,1,1,1,0.249619482496195,0.316211878009631,1,0.320126782884311,1,1,0.305936073059361,1,0.322678843226788,1,0.306729264475743,0.325949367088608,1,0.680511182108626,0.318318318318318,1,0.302507836990596,0.770186335403727,0.316358024691358,0.158385093167702,0.319213313161876,0.772655007949126,0.303514376996805,1,0.326625386996904,0.338006230529595,0.295839753466872,1,1,1,0.969155844155844,0.335515548281506,1,0.321543408360129,1,0.318181818181818,0.3125,1,1,1,0.915492957746479,1,0.311248073959938,0.326594090202177,1,1,0.0505529225908373,0.0803149606299213,1,1,0.304975922953451,1,1,0.309597523219814,1,1,0.683881064162754,0.529411764705882,1,0,1,1,0.102290076335878,0.3203125,1,0.3232,0.998417721518987,0.965354330708661,0.998417721518987,0.820872274143302,1,0.327922077922078,1,1,1,0,0.3136,1,1,0.672496025437202,1,0.319182389937107,0.3546875,0.324031007751938,1,1,1,0.093558282208589,0.3136,0.0897435897435897,0.998422712933754,0.30640243902439,0.310664605873261,0.347758887171561,0,1,0.959564541213064,1,1,0.320695102685624,0.30640243902439,0.151181102362205,0.0394944707740916,0.318252730109204,0.309262166405024,0.323076923076923,0,0.315047021943574,1,0,0.316358024691358,1,1,1,0.313846153846154,0.320610687022901,0.0352,1,0.31139646869984,0.299539170506912,1,1,0.317683881064163,0.695439739413681,1,1,0.687402799377916,1,0.302325581395349,1,0.317610062893082,0.522342064714946,0.671779141104294,0.406779661016949,1,0.295902883156297,0.31637519872814,0.685847589424572,0.670245398773006,1,0.320433436532508,1,0.321981424148607,1,0.316535433070866,0.308917197452229,0.349761526232114,0.514866979655712,0.314696485623003,0.315789473684211,0.672413793103448,0.316923076923077,0.150974025974026,1,0,1,0.298107255520505,1,0,0.324367088607595,0.318910256410256,1,0.0575757575757576,1,0.0877742946708464,0.334389857369255,1,0.0667701863354037,0.676145339652449,1,1,1,0.302931596091205,0.0400616332819723,1,0.429699842022117,0.094488188976378,0.357910906298003,0.320987654320988,0.322480620155039,1,1,1,1,1,0.0642201834862385,0.996937212863706,0.68798751950078,0.00151285930408472,0.325077399380805,1,1,1,1,0.0862068965517241,0.308777429467085,1,1,1,1,1,1,0.486821705426357,0,1,0.0825688073394495,0.3171875,0.432601880877743,1,0.386837881219904,0.302439024390244,0.306976744186047,1,0.0418604651162791,0.318952234206472,1,1,0.368506493506494,0.310077519379845,0.304075235109718,0.320574162679426,0.998461538461539,0.326892109500805,0.315217391304348,0.413685847589425,0.321316614420063,0.970858895705521,0.31441717791411,0.0829346092503987,0.32182103610675,0,1,0.0904836193447738,0.305111821086262,0.314873417721519,0.31637519872814,1,1,1,1,1,1,0.323248407643312,1,0.31496062992126,0.316139767054908,0.596625766871166,0.672025723472669,1,1,0,0.315151515151515,0.122448979591837,0.998470948012232,0.0356589147286822,1,1,0.311912225705329,1,1,0.625990491283677,0.421474358974359,0.997010463378176,0.0824088748019017,0.0975232198142415,1,1,1,0.0868217054263566,0,0.3140625,0.429467084639498,0.309707241910632,0,0.320574162679426,0.088,1,1,0.320987654320988,0.313271604938272,0.241057542768274,0.333333333333333,0.30781010719755,0.317901234567901,1,1,0.321372854914197,1,0,1,0.216429699842022,1,0.674961119751166,1,0.314375987361769,0.298531810766721,0.0778816199376947,0.673846153846154,1,1,0.785488958990536,0.896607431340872,0.308056872037915,0.319422150882825,1,0.313084112149533,0.252365930599369,0.321486268174475,1,0.1,1,1,0.313572542901716,0.680445151033386,0.313195548489666,1,1,0.307332293291732,0.305810397553517,0.317293233082707,0.854889589905363,0.315789473684211,1,0.0557275541795666,1,1,0.696875,0.650621118012422,0.329545454545455,0.059190031152648,0.32484076433121,1,1,0.306962025316456,0.33015873015873,0.613354037267081,1,0.30568356374808,0.380877742946708,0.311349693251534,0.987767584097859,0.470219435736677,0.0031055900621118,0.303680981595092,0.326283987915408,0.326860841423948,0.315047021943574,0.318042813455657,0.972265023112481,1,0.308527131782946,0.548231511254019,0.687301587301587,0.233281493001555,0.684975767366721,1,0.318818040435459,0.00157728706624606,0.320813771517997,0.314589665653495,0.362068965517241,0.326530612244898,0,0.330757341576507,0.319620253164557,0.31911532385466,0.313971742543171
"313",0.306581059390048,0.315625,0.326594090202177,0.332258064516129,0.32182103610675,0.311111111111111,0.0128824476650564,0.328593996840442,0.326053042121685,0.557911908646003,0.328173374613003,0.625776397515528,0.530708661417323,0.335987261146497,1,1,0.612307692307692,0,0.334379905808477,0.315132605304212,1,1,0.341614906832298,0.503134796238245,0.322085889570552,1,1,0.344155844155844,0.315870570107858,0.539808917197452,1,0.596875,0.367534456355283,0.996904024767802,0.658227848101266,0.326765188834154,0.1375,0.328682170542636,1,0.314241486068111,0.00316957210776545,0,0,0.342767295597484,0.329635499207607,1,0.996810207336523,1,1,1,0.679127725856698,0.331738437001595,1,0.329173166926677,0.315541601255887,0.822784810126582,0.123417721518987,0.3296875,0.328638497652582,0.332283464566929,0.992223950233281,1,1,0.00474683544303797,0.320126782884311,0.31733746130031,0.654028436018957,0.3312,0.59726443768997,1,0.321372854914197,1,1,0.292880258899676,0.1640625,0.327188940092166,1,0.996946564885496,0.322274881516588,1,0.591572123176661,1,1,0.332288401253919,1,0.327300150829563,0.322429906542056,0.333846153846154,0.329173166926677,0,0.322784810126582,0.339908952959029,0.681318681318681,0.578125,0.312698412698413,0.623475609756098,0.667706708268331,0.316692667706708,0.120967741935484,0,0.319685039370079,0.611374407582938,1,0.325242718446602,1,0.319620253164557,0,0.327613104524181,1,1,1,0.32018927444795,0.996875,0.331240188383046,0.207751937984496,0.316187594553706,1,0.375776397515528,1,1,0.199059561128527,0.318181818181818,1,1,0.342635658914729,1,0.3267776096823,0.32312404287902,0.365354330708661,0.765696784073507,0.332263242375602,1,0.334384858044164,0.624620060790274,0.338141025641026,1,0.0015552099533437,1,0.389671361502347,0.884364820846905,0.574534161490683,0.587955625990491,0.322429906542056,0.322632423756019,1,0.316614420062696,1,0.310832025117739,0.516129032258065,0.330275229357798,1,0.318181818181818,0.322169059011164,0.333868378812199,0.328100470957614,1,0.313572542901716,1,0.435458786936236,0.333333333333333,1,0.316436251920123,1,0.584,0.324409448818898,1,0.322784810126582,0.319938176197836,0.330708661417323,0.987692307692308,0.32348367029549,1,0.330143540669856,1,0.324149108589951,1,0.576086956521739,0.303599374021909,0.0324675324675325,0.305863708399366,0.325,1,0.3046875,0.330203442879499,0.325545171339564,0.336434108527132,1,1,0.3296,0.332810047095761,1,1,0.324031007751938,0.231839258114374,0.0197268588770865,0.68025078369906,1,0.00311526479750779,0.329249617151608,1,0.3264,0.319938176197836,0.32967032967033,0.998447204968944,1,1,0.332326283987915,0.32484076433121,0.322530864197531,0.666666666666667,0.315047021943574,1,0.353312302839117,1,1,0.44251968503937,0.32484076433121,0.324492979719189,0.335433070866142,0.311912225705329,0.317307692307692,0.636363636363636,1,1,0.324200913242009,0.00311526479750779,0.336434108527132,0.326153846153846,0.325471698113208,0.316692667706708,0.306603773584906,0.321592649310873,0.683385579937304,0.36405529953917,0.316692667706708,1,0.334384858044164,1,0.314241486068111,0.311605723370429,0.315873015873016,0.3376,0.317307692307692,1,0.327639751552795,0.79746835443038,1,1,0.996840442338073,1,1,0.895498392282958,1,1,1,0.321646341463415,1,0.330605564648118,0,1,0.391575663026521,1,0.328025477707006,0.327447833065811,0.316118935837246,0.409733124018838,1,0.325153374233129,1,1,1,1,0,0.320126782884311,1,1,0.326530612244898,1,0.328173374613003,1,1,0.320907617504052,0.329073482428115,0.308527131782946,0.151326053042122,0.340222575516693,0,0.582952815829528,1,0.322932917316693,0.326018808777429,0.578052550231839,1,1,0.329545454545455,0.340659340659341,1,0.649452269170579,0.690590111642743,0.304975922953451,0.324717285945073,0.992389649923896,0.325545171339564,0.310606060606061,1,0.317757009345794,0.315217391304348,1,0.311216429699842,0.32755905511811,0.315789473684211,0.323854660347551,1,1,1,0.321316614420063,0.332268370607029,0.00769230769230769,0.993740219092332,0.340255591054313,1,1,0.323076923076923,0.332819722650231,0.310344827586207,0.329093799682035,0.3234375,1,0.31924882629108,0.312796208530806,0.564263322884012,1,0.843505477308294,1,0,1,0.331811263318113,1,1,0.414330218068536,0.998439937597504,0.324031007751938,1,0.316957210776545,0.312796208530806,0.321538461538462,1,1,0.324451410658307,0.418679549114332,0.595576619273302,0.308426073131955,1,1,1,0.330670926517572,1,0.2046875,1,1,1,1,0.325617283950617,1,0.317073170731707,0.334370139968896,0.672897196261682,0.310344827586207,1,0.334890965732087,0.325652841781874,0.318910256410256,1,0.316436251920123,1,0.325190839694657,0.49609984399376,0.329721362229102,0.324409448818898,0.313935681470138,1,0.330683624801272,0.313001605136437,1,1,0.33175355450237,0.3171875,1,0.471406491499227,0.323717948717949,0.335423197492163,0.336990595611285,0.677777777777778,1,0.303715670436187,1,0.412225705329154,0.32018927444795,0,0.881538461538461,0.323854660347551,0.330721003134796,0,0.0316957210776545,0.985871271585557,0.322480620155039,1,0.322169059011164,0.320450885668277,1,0.3296875,0.325038880248834,0.663009404388715,1,0.33015873015873,0.329652996845426,1,0.31937984496124,0.312703583061889,1,0.333333333333333,0.321543408360129,0.320373250388802,0.336477987421384,0.804347826086957,1,0.981102362204724,1,1,0.00158227848101266,1,0.993769470404984,1,0.423197492163009,0.998373983739837,0.313455657492355,0.99390243902439,0.33968253968254,0.996875,0.592481203007519,0.613251155624037,0.324031007751938,0.324159021406728,0.627329192546584,0.325281803542673,0,0.617322834645669,0.667731629392971,0.332302936630603,0.0015625,0.321372854914197,0.316692667706708,0.769352290679305,0.329133858267717,0.678627145085803,0.587096774193548,0.3264,0.324655436447167,0.313971742543171,1,0.0237388724035608,0,0.327160493827161,0.335423197492163,0.340030911901082,1,0.326018808777429,0.322274881516588,1,0.31832298136646,0.946117274167987,0.558252427184466,1,1,0.995,0.325115562403698,0.598765432098765,0.332317073170732,0.316045380875203,0.322222222222222,0.413953488372093,1,0.317307692307692,1,0.329052969502408,0.326923076923077,1,0.332802547770701,1,0.334370139968896,1,1,0.324574961360124,0,1,0.328703703703704,1,0.580594679186229,1,0.506153846153846,1,0.580093312597201,1,0.317891373801917,1,1,1,0.318461538461538,0.3312,0.330316742081448,0.362438220757825,0.329508196721311,0.313572542901716,1,0.325581395348837,1,1,0.330721003134796,0.329011345218801,0.321372854914197,0.397174254317111,0.335384615384615,1,1,0.334365325077399,0.327073552425665,0.613782051282051,0.584518167456556,0.318818040435459,0.319422150882825,1,0.31839258114374,0.324773413897281,0.996845425867508,0.318327974276527,0.318252730109204,0,0.139817629179331,0.328571428571429,0.670713201820941,0.322734499205087,0.333848531684699,0.592987804878049,0.998432601880878,0.32018927444795,1,0.323943661971831,0.355345911949686,0.322222222222222,0.488262910798122,0.31974921630094,1,0.330733229329173,0.333863275039746,0.336012861736334,0.679012345679012,1,0.3344,0.321981424148607,0,0.33693972179289,0.998417721518987,0.956454121306376,1,0.324534161490683,0.330757341576507,0.318181818181818,0.578294573643411,1,0.584415584415584,0.340729001584786,1,1,0.967492260061919,0.6703125,0.339622641509434,0.369496855345912,0.326120556414219,0.329704510108865,1,1,0.503125,0.624413145539906,1,1,0.998432601880878,0.692675159235669,1,0.331278890600925,0.674528301886792,1,0.328125,0.318037974683544,0.318818040435459,0.998444790046656,1,0.636513157894737,0.333853354134165,1,1,0.340557275541796,0.312693498452012,0.998463901689708,0,0.32967032967033,0.319422150882825,0.00636942675159236,0.318818040435459,1,0.322274881516588,1,0.1484375,0,0.902439024390244,0.340157480314961,1,1,0,0.00155038759689922,0.3296875,1,0.319422150882825,0.996955859969559,0.314194577352472,1,0.998415213946117,0.967032967032967,0.777950310559006,1,1,0.00474683544303797,1,0.512987012987013,0.330658105939005,0.666158536585366,0.328703703703704,1,0.311424100156495,0.661993769470405,1,1,0.323248407643312,0.599092284417549,0.334876543209877,0.578696343402226,0.971830985915493,0.338118022328549,0.594090202177294,0.010989010989011,0.321259842519685,0.333333333333333,0.329738058551618,1,0.621913580246914,0.31651376146789,0.894899536321484,0.578696343402226,0.969278033794163,1,1,0.314814814814815,0.348726114649682,0.32,0.321483771251932,0.320493066255778,0.598784194528875,0.31104199066874,0,0.67218045112782,1,0.330733229329173,0.319354838709677,0.323671497584541,0.328703703703704,0.599071207430341,1,0.341121495327103,0.338050314465409,0.333333333333333,0.32753164556962,0.322378716744914,0.321766561514196,0.195718654434251,0.674528301886792,0.3232,0.590342679127726,1,0.235109717868339,0.323943661971831,0.922098569157393,1,1,0.322480620155039,0.6265625,1,0.319685039370079,0.310236220472441,0.956451612903226,1,1,0.998387096774194,0.322932917316693,1,1,0.898387096774194,1,0.362252663622527,1,0.58213716108453,1,0.668730650154799,0.315873015873016,0.588607594936709,1,1,0.992088607594937,0.330745341614907,0.326086956521739,0.327868852459016,0.324451410658307,0.332258064516129,0.330143540669856,0.985668789808917,0.313385826771654,1,1,0.712050078247261,0,0.323619631901841,0.323076923076923,0.673913043478261,1,0.551083591331269,0.333843797856049,0.630914826498423,0.322378716744914,0.322475570032573,1,0.323296354992076,0.322632423756019,0.694136291600634,0.909967845659164,0.329835082458771,0.592233009708738,0.570287539936102,0.328173374613003,0.339622641509434,0.311912225705329,0.583203732503888,0.677570093457944,1,0.900787401574803,1,0.666666666666667,0.998417721518987,0.5824,0.321316614420063,0.339228295819936,1,1,0.423809523809524,0.995215311004785,0.998435054773083,1,0.317111459968603,0.323029366306028,1,0.320300751879699,0.670261941448382,0.334890965732087,0.452076677316294,0.308426073131955,0,0.321044546850998,1,1,0.587057010785824,0.0015552099533437,0.332814930015552,0.328638497652582,0.105845181674566,0.42512077294686,1,1,0.321259842519685,1,0.410459587955626,1,0.335347432024169,0.578125,0.3234375,0.325545171339564,1,0,1,0.318840579710145,0.323943661971831,1,1,1,0.457413249211356,1,0.327476038338658,0.601246105919003,0.333853354134165,0.334405144694534,0.00154559505409583,0.0361067503924647,1,0.61128526645768,1,0.33175355450237,0.330670926517572,1,1,0.159126365054602,0.316118935837246,1,0.895223420647149,1,0.330733229329173,0.204437400950872,0.66306027820711,1,1,1,1,1,0.283742331288344,0.311912225705329,1,0.12621359223301,0.0016025641025641,0.438569206842924,0,0.333333333333333,1,0.671974522292994,1,1,0.887147335423197,1,0.672333848531685,1,1,1,1
"314",0.298761609907121,0.305810397553517,0.303353658536585,0.322981366459627,0.303030303030303,0.299079754601227,0.0126182965299685,0.308049535603715,0.298937784522003,0.582278481012658,0.310240963855422,0.658132530120482,0.519319938176198,0.315467075038285,1,1,0.62874251497006,0,0.3125,0.296352583586626,1,1,0.311178247734139,0.526555386949924,0.304804804804805,1,1,0.327586206896552,0.300150829562594,0.518633540372671,1,0.581430745814307,0.351963746223565,0.996937212863706,0.671802773497689,0.306946688206785,0.152567975830816,0.310089020771513,1,0.297297297297297,0.00307219662058372,0,0,0.315548780487805,0.306976744186047,1,0.996955859969559,1,1,1,0.697744360902256,0.315789473684211,1,0.310136157337368,0.310502283105023,0.797805642633229,0.133640552995392,0.310077519379845,0.305007587253414,0.311077389984825,0.993975903614458,1,1,0.00458015267175573,0.303937007874016,0.306870229007634,0.668188736681887,0.312024353120244,0.623145400593472,1,0.307462686567164,1,1,0.269645608628659,0.177611940298507,0.301914580265096,1,0.996960486322188,0.308157099697885,1,0.613354037267081,1,1,0.319083969465649,1,0.310650887573964,0.307339449541284,0.320182094081942,0.306525037936267,0,0.319508448540707,0.312130177514793,0.697852760736196,0.590163934426229,0.298299845440495,0.647234678624813,0.693251533742331,0.301223241590214,0.133228840125392,0,0.308868501529052,0.625766871165644,1,0.306603773584906,1,0.306748466257669,0,0.310136157337368,1,1,1,0.29483282674772,0.996937212863706,0.319634703196347,0.220088626292467,0.302052785923754,1,0.392424242424242,1,1,0.224924012158055,0.298937784522003,1,1,0.324850299401198,1,0.307132459970888,0.304606240713224,0.372340425531915,0.771641791044776,0.317757009345794,1,0.313271604938272,0.65288035450517,0.323763955342903,1,0.0014792899408284,1,0.361538461538462,0.892857142857143,0.599388379204893,0.608562691131499,0.307575757575758,0.316770186335404,1,0.301369863013699,1,0.29618320610687,0.494720965309201,0.316023738872404,1,0.300613496932515,0.306501547987616,0.315870570107858,0.319938176197836,1,0.301829268292683,1,0.444954128440367,0.317220543806647,1,0.315868263473054,1,0.606106870229008,0.310769230769231,1,0.312121212121212,0.308270676691729,0.321428571428571,0.98956780923994,0.318461538461538,1,0.311077389984825,1,0.310126582278481,1,0.608169440242057,0.290273556231003,0.0361635220125786,0.290076335877863,0.307110438729198,1,0.295107033639144,0.307692307692308,0.306766917293233,0.321100917431193,1,1,0.312111801242236,0.312404287901991,1,1,0.307339449541284,0.250379362670713,0.0220264317180617,0.697852760736196,1,0.00306278713629403,0.306306306306306,1,0.306376360808709,0.300295857988166,0.301829268292683,0.996974281391831,1,1,0.317109144542773,0.299531981279251,0.308270676691729,0.695384615384615,0.296636085626911,1,0.328220858895706,1,1,0.458966565349544,0.314900153609831,0.307807807807808,0.310502283105023,0.292682926829268,0.304615384615385,0.655487804878049,1,1,0.310708898944193,0.00301204819277108,0.313056379821958,0.307237813884786,0.316590563165906,0.298350824587706,0.29601226993865,0.301914580265096,0.703647416413374,0.381656804733728,0.302891933028919,1,0.310452418096724,1,0.297619047619048,0.300155520995334,0.299698795180723,0.318952234206472,0.299373040752351,1,0.314842578710645,0.790199081163859,1,1,0.996923076923077,1,1,0.898773006134969,1,1,1,0.312592592592593,1,0.307814992025518,0,1,0.391111111111111,1,0.313479623824451,0.312788906009245,0.316109422492401,0.431432973805855,1,0.313253012048193,1,1,1,1,0,0.299392097264438,1,1,0.313546423135464,1,0.306646525679758,1,1,0.304147465437788,0.310452418096724,0.293759512937595,0.16380655226209,0.319314641744548,0,0.600883652430044,1,0.311278195488722,0.309968847352025,0.589285714285714,1,1,0.325,0.323795180722892,1,0.665648854961832,0.696124031007752,0.302147239263804,0.317262830482115,0.99406528189911,0.315548780487805,0.294910179640719,1,0.302710843373494,0.3,1,0.292048929663609,0.30781010719755,0.306646525679758,0.311649016641452,1,1,1,0.299079754601227,0.317411402157165,0.00749625187406297,0.993865030674847,0.318818040435459,1,1,0.300898203592814,0.322436849925706,0.288490284005979,0.308641975308642,0.303951367781155,1,0.295031055900621,0.307219662058372,0.58740157480315,1,0.84447900466563,1,0,1,0.32089552238806,1,1,0.432432432432432,0.998493975903614,0.306027820710974,1,0.297380585516179,0.296923076923077,0.30316742081448,1,1,0.306525037936267,0.388364779874214,0.620214395099541,0.300623052959502,1,1,1,0.308527131782946,1,0.217522658610272,1,1,1,1,0.31390134529148,1,0.30625,0.324116743471582,0.692771084337349,0.292117465224111,1,0.312121212121212,0.311475409836066,0.30625,1,0.293853073463268,1,0.310810810810811,0.474397590361446,0.312874251497006,0.305900621118012,0.309880239520958,1,0.314241486068111,0.303215926493109,1,1,0.314674735249622,0.305135951661631,1,0.490312965722802,0.303405572755418,0.313636363636364,0.321212121212121,0.686186186186186,1,0.283699059561129,1,0.426829268292683,0.294478527607362,0,0.87218045112782,0.317411402157165,0.309090909090909,0,0.0351681957186544,0.979907264296754,0.304281345565749,1,0.300613496932515,0.30625,1,0.32078313253012,0.313664596273292,0.672281776416539,1,0.315467075038285,0.31570996978852,1,0.303353658536585,0.29375,1,0.355555555555556,0.302180685358255,0.30920060331825,0.319508448540707,0.787330316742081,1,0.981566820276498,1,1,0.0015220700152207,1,0.993911719939117,1,0.437025796661609,0.998449612403101,0.294814814814815,0.994091580502216,0.327743902439024,0.996992481203008,0.616641901931649,0.646525679758308,0.312130177514793,0.29940119760479,0.65210843373494,0.308527131782946,0,0.645357686453577,0.692660550458716,0.307004470938897,0.00153609831029186,0.309341500765697,0.29500756429652,0.772307692307692,0.316109422492401,0.694029850746269,0.605873261205564,0.31039755351682,0.313636363636364,0.29500756429652,1,0.0277777777777778,0,0.306525037936267,0.320182094081942,0.323795180722892,1,0.34984520123839,0.311746987951807,1,0.29803328290469,0.93394777265745,0.590138674884438,1,1,0.995161290322581,0.303964757709251,0.618343195266272,0.310192023633678,0.305511811023622,0.306525037936267,0.43134328358209,1,0.295384615384615,1,0.312401883830455,0.309148264984227,1,0.308049535603715,1,0.3125,1,1,0.317629179331307,0,1,0.314589665653495,1,0.562121212121212,1,0.521481481481481,1,0.553680981595092,1,0.311424100156495,1,1,1,0.308623298033283,0.314728682170543,0.309278350515464,0.338006230529595,0.35031847133758,0.298642533936652,1,0.312977099236641,1,1,0.31859756097561,0.308049535603715,0.31314623338257,0.376923076923077,0.316493313521545,1,1,0.321321321321321,0.315625,0.638198757763975,0.60708782742681,0.301829268292683,0.308396946564885,1,0.298642533936652,0.304283604135894,0.993948562783661,0.29153605015674,0.29806259314456,0,0.150297619047619,0.307219662058372,0.687134502923977,0.303215926493109,0.316341829085457,0.607784431137725,0.996908809891808,0.304747320061256,1,0.31039755351682,0.337962962962963,0.310030395136778,0.471810089020772,0.303543913713405,1,0.310810810810811,0.310769230769231,0.321875,0.697466467958271,1,0.321928460342146,0.3125,0,0.320726172465961,0.998470948012232,0.946969696969697,1,0.309667673716012,0.317220543806647,0.305084745762712,0.600596125186289,1,0.603125,0.323574730354391,1,1,0.962406015037594,0.685099846390169,0.325652841781874,0.348091603053435,0.308157099697885,0.309667673716012,1,1,0.523736600306279,0.635528330781011,1,1,0.998502994011976,0.699386503067485,1,0.317979197622585,0.692073170731707,1,0.316666666666667,0.30521472392638,0.312404287901991,0.998496240601504,1,0.652448657187994,0.308980213089802,1,1,0.311649016641452,0.298621745788668,0.998487140695915,0,0.308892355694228,0.303215926493109,0.00610687022900763,0.303437967115097,1,0.303738317757009,1,0.162327718223583,0,0.904831625183016,0.322822822822823,1,1,0,0.00150829562594268,0.32375189107413,1,0.305295950155763,0.997050147492625,0.292944785276074,1,1,0.958841463414634,0.781109445277361,1,1,0.00453857791225416,1,0.530708661417323,0.313846153846154,0.675595238095238,0.311844077961019,1,0.294753086419753,0.684931506849315,1,1,0.309859154929577,0.62962962962963,0.314456035767511,0.597859327217125,0.971299093655589,0.32093023255814,0.613149847094801,0.0106544901065449,0.304747320061256,0.314842578710645,0.316187594553706,1,0.65015015015015,0.29940119760479,0.882352941176471,0.60062893081761,0.96577380952381,1,1,0.304878048780488,0.328682170542636,0.307110438729198,0.302891933028919,0.303625377643505,0.625,0.297619047619048,0,0.682748538011696,1,0.321212121212121,0.297256097560976,0.302469135802469,0.314159292035398,0.612213740458015,1,0.323397913561848,0.329770992366412,0.321928460342146,0.309667673716012,0.31437125748503,0.307339449541284,0.214714714714715,0.693846153846154,0.312781954887218,0.611607142857143,1,0.252293577981651,0.312121212121212,0.915254237288136,1,1,0.305135951661631,0.646084337349398,1,0.305343511450382,0.287671232876712,0.955315870570108,1,1,0.998444790046656,0.311844077961019,1,1,0.903177004538578,1,0.341463414634146,1,0.603125,1,0.679640718562874,0.302114803625378,0.603421461897356,1,1,0.992283950617284,0.316417910447761,0.316109422492401,0.320872274143302,0.310810810810811,0.316957210776545,0.309119010819165,0.984709480122324,0.296851574212894,1,1,0.722222222222222,0,0.312688821752266,0.311278195488722,0.68107302533532,1,0.580645161290323,0.316715542521994,0.652373660030628,0.310240963855422,0.311145510835913,1,0.306748466257669,0.311501597444089,0.693374422187982,0.908517350157729,0.313235294117647,0.610591900311526,0.585139318885449,0.317220543806647,0.312597200622084,0.302710843373494,0.60546282245827,0.688253012048193,1,0.882978723404255,1,0.674140508221226,0.998447204968944,0.594427244582043,0.304747320061256,0.316436251920123,1,1,0.440548780487805,0.995356037151703,0.998502994011976,1,0.314285714285714,0.311077389984825,1,0.302189781021898,0.693939393939394,0.31859756097561,0.466463414634146,0.295839753466872,0,0.303437967115097,1,1,0.604545454545454,0.00151057401812689,0.319148936170213,0.316436251920123,0.100456621004566,0.41588785046729,1,1,0.303625377643505,1,0.426380368098159,1,0.322008862629247,0.601809954751131,0.315068493150685,0.304147465437788,1,0,1,0.295489891135303,0.313935681470138,1,1,1,0.449297971918877,1,0.310502283105023,0.630630630630631,0.31570996978852,0.316118935837246,0.00149700598802395,0.0439393939393939,1,0.633181126331811,1,0.313725490196078,0.317535545023697,1,1,0.1797583081571,0.301659125188537,1,0.900297619047619,1,0.322338830584708,0.211332312404288,0.68133535660091,1,1,1,1,1,0.279521674140508,0.295454545454545,1,0.130298273155416,0.00153139356814701,0.451127819548872,0,0.314900153609831,1,0.687211093990755,1,1,0.89209726443769,1,0.686363636363636,1,1,1,1
"315",0.308319738988581,0.327447833065811,0.319935691318328,0.338788870703764,0.319354838709677,0.316211878009631,0.0116086235489221,0.331147540983607,0.317460317460317,0.56953642384106,0.324367088607595,0.650546021840874,0.524671052631579,0.3232,1,1,0.615755627009646,0,0.338211382113821,0.3184,1,1,0.336,0.516640253565769,0.316455696202532,1,1,0.349917081260365,0.31687898089172,0.533333333333333,1,0.60031847133758,0.377207062600321,0.998371335504886,0.657980456026059,0.323283082077052,0.136436597110754,0.324324324324324,1,0.319554848966614,0,0,0,0.337133550488599,0.323481116584565,1,0.996753246753247,1,1,1,0.682034976152623,0.33665008291874,1,0.331746031746032,0.322683706070288,0.819376026272578,0.12012987012987,0.332784184514003,0.330645161290323,0.326332794830372,0.993710691823899,1,1,0.00158478605388273,0.324013157894737,0.330128205128205,0.6557911908646,0.33495145631068,0.61136712749616,1,0.33015873015873,1,1,0.290215588723051,0.160125588697017,0.328149300155521,1,0.996899224806202,0.32755905511811,1,0.601351351351351,1,1,0.328571428571429,1,0.329093799682035,0.316639741518578,0.333333333333333,0.328990228013029,0,0.329508196721311,0.32967032967033,0.678456591639871,0.58712715855573,0.322314049586777,0.634920634920635,0.67258064516129,0.317230273752013,0.119601328903654,0,0.325242718446602,0.621578099838969,1,0.323873121869783,1,0.319805194805195,0,0.329073482428115,1,1,1,0.316720257234727,0.998412698412698,0.337060702875399,0.203149606299213,0.315047021943574,1,0.383012820512821,1,1,0.197452229299363,0.328525641025641,1,1,0.342902711323764,1,0.325545171339564,0.317460317460317,0.374203821656051,0.782334384858044,0.330016583747927,1,0.342062193126023,0.635792778649921,0.332792207792208,1,0,1,0.372990353697749,0.898527004909984,0.579545454545455,0.597402597402597,0.322169059011164,0.333333333333333,1,0.322632423756019,1,0.304838709677419,0.511254019292605,0.330696202531646,1,0.309409888357257,0.323577235772358,0.331715210355987,0.329073482428115,1,0.321428571428571,1,0.441786283891547,0.335473515248796,1,0.330733229329173,1,0.591503267973856,0.325082508250825,1,0.333865814696486,0.3264,0.341307814992026,0.991883116883117,0.333863275039746,1,0.331723027375201,1,0.326633165829146,1,0.585987261146497,0.304140127388535,0.0319327731092437,0.312602291325696,0.322061191626409,1,0.307317073170732,0.332794830371567,0.330173775671406,0.349761526232114,1,1,0.330592105263158,0.333333333333333,1,1,0.327974276527331,0.238095238095238,0.0158227848101266,0.679611650485437,1,0,0.326433121019108,1,0.32626427406199,0.314375987361769,0.324281150159744,0.998392282958199,1,1,0.334890965732087,0.319604612850082,0.3264,0.66557911908646,0.313408723747981,1,0.344103392568659,1,1,0.450479233226837,0.332231404958678,0.319875776397516,0.325878594249201,0.307568438003221,0.329508196721311,0.637096774193548,1,1,0.329133858267717,0.00159235668789809,0.338607594936709,0.32,0.331715210355987,0.315112540192926,0.311897106109325,0.322378716744914,0.690705128205128,0.37111801242236,0.32018927444795,1,0.326923076923077,1,0.316639741518578,0.316639741518578,0.319935691318328,0.338283828382838,0.316225165562914,1,0.337096774193548,0.798722044728435,1,1,1,1,1,0.903436988543372,1,1,1,0.321766561514196,1,0.327212020033389,0,1,0.386327503974563,1,0.324104234527687,0.32741935483871,0.322528363047002,0.424290220820189,1,0.329581993569132,1,1,1,1,0,0.316639741518578,1,1,0.333333333333333,1,0.32807570977918,1,1,0.324104234527687,0.328968903436989,0.307324840764331,0.152350081037277,0.335483870967742,0,0.599071207430341,1,0.332278481012658,0.324590163934426,0.587479935794542,1,1,0.334426229508197,0.337662337662338,1,0.656050955414013,0.69205298013245,0.314238952536825,0.328968903436989,0.993680884676145,0.336038961038961,0.3140625,1,0.329032258064516,0.316118935837246,1,0.32258064516129,0.325320512820513,0.315619967793881,0.32794830371567,1,1,1,0.322006472491909,0.332258064516129,0.00478468899521531,0.995169082125604,0.333333333333333,1,1,0.321144674085851,0.329738058551618,0.307568438003221,0.323248407643312,0.332258064516129,1,0.315960912052117,0.326366559485531,0.566164154103853,1,0.861290322580645,1,0,1,0.332807570977918,1,1,0.426307448494453,1,0.331691297208539,1,0.321951219512195,0.317152103559871,0.32695374800638,1,1,0.327974276527331,0.40567612687813,0.608196721311475,0.313311688311688,1,1,1,0.333333333333333,1,0.21256038647343,1,1,1,1,0.332278481012658,1,0.321131447587354,0.345218800648298,0.671521035598705,0.303921568627451,1,0.335974643423138,0.327639751552795,0.321724709784411,1,0.315625,1,0.32348367029549,0.483974358974359,0.331189710610932,0.33278955954323,0.318471337579618,1,0.325657894736842,0.308319738988581,1,1,0.331179321486268,0.316211878009631,1,0.475513428120063,0.32843137254902,0.3392,0.346092503987241,0.674679487179487,1,0.303333333333333,1,0.420711974110032,0.321027287319422,0,0.880382775119617,0.325732899022801,0.332805071315372,0,0.0318471337579618,0.986970684039088,0.319422150882825,1,0.321086261980831,0.323873121869783,1,0.344444444444444,0.324193548387097,0.659539473684211,1,0.325281803542673,0.327332242225859,1,0.322169059011164,0.311183144246353,1,0.350710900473934,0.325842696629214,0.329617834394904,0.340983606557377,0.802884615384615,1,0.982055464926591,1,1,0,1,0.998381877022654,1,0.428802588996764,0.99835255354201,0.317460317460317,0.996865203761755,0.33495145631068,0.998394863563403,0.61214953271028,0.622222222222222,0.323854660347551,0.321711568938193,0.63768115942029,0.3278955954323,0,0.613636363636364,0.671031096563011,0.325396825396825,0,0.32258064516129,0.3104,0.788461538461538,0.330683624801272,0.672,0.590243902439024,0.325878594249201,0.330683624801272,0.31687898089172,1,0.0212765957446809,0,0.344,0.336538461538462,0.339116719242902,1,0.345659163987138,0.331730769230769,1,0.311708860759494,0.942028985507246,0.566284779050736,1,1,0.996598639455782,0.333858267716535,0.602503912363067,0.328616352201258,0.32013201320132,0.3296,0.422955974842767,1,0.316720257234727,1,0.332236842105263,0.331691297208539,1,0.332786885245902,1,0.335483870967742,1,1,0.333865814696486,0,1,0.337519623233909,1,0.5712,1,0.51188589540412,1,0.570739549839228,1,0.323529411764706,1,1,1,0.324675324675325,0.331707317073171,0.323899371069182,0.345454545454545,0.333333333333333,0.314285714285714,1,0.329073482428115,1,1,0.329052969502408,0.328455284552846,0.322274881516588,0.386217948717949,0.329133858267717,1,1,0.331179321486268,0.326797385620915,0.625204582651391,0.591276252019386,0.324881141045959,0.325281803542673,1,0.314009661835749,0.323943661971831,0.995192307692308,0.308724832214765,0.317891373801917,0,0.139280125195618,0.325878594249201,0.670769230769231,0.32475884244373,0.326465927099842,0.6,0.998392282958199,0.317741935483871,1,0.325358851674641,0.347540983606557,0.326923076923077,0.477564102564103,0.324104234527687,1,0.330658105939005,0.331707317073171,0.334426229508197,0.6765625,1,0.335537190082645,0.333333333333333,0,0.339089481946625,1,0.96031746031746,1,0.320695102685624,0.337060702875399,0.325320512820513,0.588235294117647,1,0.594417077175698,0.346905537459283,1,1,0.966129032258065,0.666666666666667,0.339171974522293,0.371019108280255,0.3248,0.330683624801272,1,1,0.513957307060755,0.625407166123778,1,1,1,0.679276315789474,1,0.334389857369255,0.672523961661342,1,0.337620578778135,0.324675324675325,0.332258064516129,0.998407643312102,1,0.638333333333333,0.337096774193548,1,1,0.333333333333333,0.315789473684211,1,0,0.328990228013029,0.321311475409836,0.00161550888529887,0.325358851674641,1,0.315960912052117,1,0.145569620253165,0,0.910377358490566,0.340222575516693,1,1,0,0,0.344660194174757,1,0.319604612850082,1,0.313915857605178,1,0.998371335504886,0.963022508038585,0.785714285714286,1,1,0.0016,1,0.517298187808896,0.33387358184765,0.666666666666667,0.332273449920509,1,0.311290322580645,0.663430420711974,1,1,0.32843137254902,0.610510046367852,0.332268370607029,0.576985413290113,0.977382875605816,0.336079077429984,0.609677419354839,0.00806451612903226,0.319286871961102,0.326984126984127,0.3312,1,0.639751552795031,0.318471337579618,0.897893030794165,0.585245901639344,0.969889064976228,1,1,0.316639741518578,0.343333333333333,0.31869918699187,0.317384370015949,0.325242718446602,0.6128,0.3136,0,0.6671875,0.998412698412698,0.335443037974684,0.32516339869281,0.323920265780731,0.334379905808477,0.602870813397129,1,0.345541401273885,0.344155844155844,0.333887043189369,0.329052969502408,0.323854660347551,0.320388349514563,0.192675159235669,0.67479674796748,0.321656050955414,0.607936507936508,1,0.235576923076923,0.328455284552846,0.926229508196721,1,1,0.32,0.628205128205128,1,0.328100470957614,0.307568438003221,0.96551724137931,1,1,0.998363338788871,0.338632750397456,1,1,0.906148867313916,1,0.353407290015848,1,0.59234608985025,1,0.660225442834139,0.313915857605178,0.605519480519481,1,1,0.993485342019544,0.331730769230769,0.332273449920509,0.334967320261438,0.328,0.32952691680261,0.338283828382838,0.985270049099836,0.318840579710145,1,1,0.728139904610493,0,0.331230283911672,0.323343848580442,0.668253968253968,1,0.563579277864992,0.334375,0.641109298531811,0.317666126418152,0.32952691680261,1,0.319354838709677,0.324324324324324,0.708196721311475,0.91900826446281,0.329192546583851,0.606666666666667,0.579378068739771,0.328525641025641,0.331168831168831,0.3152,0.593800978792822,0.6688,1,0.898193760262726,1,0.655608214849921,0.998397435897436,0.589869281045752,0.321543408360129,0.331136738056013,1,1,0.426517571884984,0.996710526315789,0.998394863563403,1,0.322475570032573,0.32807570977918,1,0.327639751552795,0.677165354330709,0.33868378812199,0.461412151067323,0.318627450980392,0,0.313291139240506,1,1,0.594339622641509,0,0.345718901453958,0.33063209076175,0.104928457869634,0.429530201342282,1,1,0.325842696629214,1,0.41747572815534,1,0.342105263157895,0.5856,0.328502415458937,0.327841845140033,1,0,1,0.322847682119205,0.336038961038961,1,1,1,0.450244698205546,1,0.329073482428115,0.611111111111111,0.33015873015873,0.325041459369818,0,0.0340356564019449,1,0.613376835236542,1,0.333865814696486,0.337726523887974,1,1,0.169354838709677,0.319047619047619,1,0.903875968992248,1,0.329113924050633,0.200325732899023,0.6736,1,1,1,1,1,0.288854003139717,0.309562398703404,1,0.118616144975288,0,0.443381180223285,0,0.334943639291465,1,0.6677471636953,1,1,0.897106109324759,1,0.671428571428571,1,1,1,1
"316",1,1,1,1,1,1,0.713153724247227,1,1,0.0947030497592295,1,0.0485133020344288,0.814102564102564,1,0.30298273155416,0.296238244514107,0.0636645962732919,0.697262479871176,1,1,0.2765625,0.299679487179487,1,0.156105100463679,1,0.309486780715397,0.298555377207063,1,1,0.778129952456418,0.296062992125984,0.732503888024883,0.964006259780908,0.30503144654088,0,1,0.540625,1,0.28978978978979,1,0.674528301886792,0.688679245283019,0.699544764795144,1,1,0.307692307692308,0.30298273155416,0.299539170506912,0.311827956989247,0.310769230769231,0,1,0.296923076923077,1,1,0.484276729559748,0.571428571428571,1,1,1,0.321875,0.31619937694704,0.299373040752351,0.6953125,1,1,0.0384,1,0.0586466165413534,0.301075268817204,1,0.311526479750779,0.314516129032258,0.967948717948718,0.516380655226209,1,0.289833080424886,0.329721362229102,1,0.302250803858521,0.0841423948220065,0.322274881516588,0.311605723370429,1,0.326018808777429,1,1,1,1,0.705972434915773,1,1,0.0015600624024961,0.101382488479263,1,0.0497737556561086,0,1,0.568181818181818,0.686305732484076,1,0.0537124802527646,0.303317535545024,1,0.302362204724409,1,0.702325581395349,1,0.308306709265176,0.314465408805031,0.3,1,0.315789473684211,1,0.487101669195751,1,0.307931570762053,0.299539170506912,0.312883435582822,0.3125,0.475667189952904,0.998435054773083,0.316358024691358,0.3042071197411,1,0.297805642633229,1,1,0.327014218009479,0.536209553158706,1,0.305426356589147,1,0.0449101796407186,1,0.301391035548686,0.684782608695652,0.319875776397516,0.928237129485179,0.420711974110032,0.104199066874028,0.0946372239747634,1,1,0.316535433070866,1,0.297904191616766,1,0.804651162790698,1,0.310679611650485,1,1,1,1,0.319685039370079,1,0.308661417322835,0.253894080996885,1,0.306376360808709,1,0.299524564183835,0.0818897637795276,1,0.296825396825397,1,1,1,0.330188679245283,1,0.309636650868878,1,0.293478260869565,1,0.30952380952381,0.0748829953198128,1,0.646302250803859,1,1,0.305379746835443,1,1,1,1,0.314553990610329,0.296754250386399,1,0.998444790046656,0.301829268292683,0.295238095238095,1,0.451968503937008,0.682852807283763,0,0.307332293291732,0.682389937106918,1,0.315047021943574,1,0.998456790123457,1,0.305900621118012,0.313364055299539,0.310509554140127,1,1,1,0,1,0.29903536977492,0.973354231974922,0.31378763866878,0.301412872841444,0.734472049689441,1,1,1,1,1,0.0487421383647799,0.30379746835443,0.312693498452012,1,0.686915887850467,1,1,0.998432601880878,0.998461538461539,1,1,0.0031055900621118,0.318461538461538,1,0.302066772655008,1,0.28902627511592,1,1,1,1,1,0.310015898251192,1,0.499210110584518,0.314641744548287,0.31104199066874,0.303459119496855,0.314194577352472,0.327503974562798,0.40829346092504,0.31924882629108,0.307098765432099,0.30030959752322,1,0.310452418096724,1,0.704718417047184,0.303215926493109,0.312883435582822,0.321259842519685,1,1,1,0.268330733229329,0.303459119496855,1,0.308681672025723,0.316590563165906,0.296124031007752,0.310077519379845,0.691823899371069,1,0.315950920245399,0.304838709677419,1,0.29073482428115,1,0.302325581395349,0.298461538461538,1,1,1,0.543035993740219,1,0.691833590138675,0.0796992481203008,0.309033280507132,1,1,0.096875,0.310664605873261,0.309636650868878,1,1,0.293103448275862,0.0279503105590062,0.00158982511923688,1,1,0.324116743471582,0.998425196850394,1,0.303405572755418,1,1,0.305084745762712,1,1,1,1,0.321316614420063,0.299079754601227,0.322006472491909,1,1,0.6796875,0.301710730948678,1,0.308157099697885,0.293185419968304,1,1,0.998459167950693,1,1,0.3198127925117,1,1,0.104333868378812,0.323216995447648,0.484326018808777,0.299524564183835,0.678288431061807,0.311728395061728,1,0.297770700636943,0.327073552425665,0.255886970172684,0.306376360808709,1,0.318042813455657,1,1,1,0.297637795275591,0.30640243902439,0.998439937597504,0.922077922077922,0.0667726550079491,1,0.307692307692308,0.31496062992126,0.2976,1,0.315384615384615,0.470031545741325,0.31875,0.293563579277865,0.304140127388535,0.298107255520505,1,0.311216429699842,1,1,0,1,0.302694136291601,1,1,1,0.312893081761006,1,0.298387096774194,1,0.8359375,1,1,1,0.307453416149068,1,1,0.3,0.303174603174603,1,1,0.301092043681747,0.191424196018377,1,0.998452012383901,1,0,0.302839116719243,1,0.297805642633229,0.243710691823899,1,0.6875,0.422839506172839,1,1,0.690014903129657,0.703761755485893,0.342105263157895,1,0.304615384615385,1,1,0.316957210776545,1,0.998412698412698,0.0078740157480315,0.310236220472441,1,1,0.311501597444089,1,1,0.305511811023622,0.348297213622291,1,1,1,0.521060842433697,0.2953125,0.332268370607029,0.305007587253414,0.321981424148607,0.700315457413249,0.316846986089645,0.31619937694704,0.304615384615385,0.243285939968404,0.304975922953451,1,0.302147239263804,0.998417721518987,0.297507788161994,0.0830815709969789,0.053125,1,1,0.0441640378548896,1,0.689814814814815,0.0435458786936236,0.0125588697017268,1,0.692901234567901,1,1,0.541996830427892,1,0,0.0725806451612903,1,1,1,0.310236220472441,0.658246656760773,0.706075533661741,0.993855606758833,1,0.982998454404946,0.291338582677165,0.346875,1,0.289308176100629,1,0.35981308411215,0.105431309904153,0.297380585516179,0.301075268817204,0.325657894736842,1,0.0776255707762557,1,1,1,0.263482280431433,0.303858520900322,1,0.310126582278481,1,1,0.29595015576324,1,0.313636363636364,1,0.302362204724409,0.304278922345483,1,0.683881064162754,0.304878048780488,1,0.2992,0.757763975155279,0.305810397553517,0.1609375,0.305263157894737,0.774244833068362,0.301282051282051,1,0.308176100628931,0.331775700934579,0.284375,1,1,1,0.970684039087948,0.337171052631579,1,0.310679611650485,1,0.301765650080257,0.308396946564885,1,1,1,0.924409448818898,1,0.294656488549618,0.305900621118012,1,1,0.0528,0.0768,1,1,0.29570747217806,1,1,0.302652106084243,1,1,0.693270735524257,0.537151702786378,1,0,1,1,0.0974124809741248,0.309006211180124,1,0.304075235109718,0.9984,0.962323390894819,0.998407643312102,0.82398753894081,1,0.320967741935484,1,1,1,0,0.304,1,1,0.680314960629921,1,0.309748427672956,0.352941176470588,0.306603773584906,1,1,1,0.0920060331825038,0.3,0.0920840064620355,0.998427672955975,0.301857585139319,0.29984544049459,0.343122102009274,0,1,0.951937984496124,1,1,0.312599681020734,0.292682926829268,0.168253968253968,0.0422535211267606,0.311708860759494,0.304897314375987,0.30757341576507,0.00159489633173844,0.300314465408805,1,0,0.312977099236641,1,1,1,0.311349693251534,0.314024390243902,0.0411184210526316,1,0.300314465408805,0.302147239263804,1,1,0.307931570762053,0.71078431372549,1,1,0.694835680751174,1,0.302936630602782,1,0.302507836990596,0.531490015360983,0.681181959564541,0.390769230769231,1,0.297839506172839,0.305295950155763,0.691717791411043,0.678071539657854,1,0.313664596273292,1,0.311077389984825,1,0.3125,0.298887122416534,0.337559429477021,0.513219284603421,0.304838709677419,0.298578199052133,0.673015873015873,0.306603773584906,0.144480519480519,1,0,1,0.282539682539683,1,0,0.308917197452229,0.306581059390048,1,0.0587349397590361,1,0.0855784469096672,0.328100470957614,1,0.0684292379471229,0.672955974842767,1,1,1,0.296474358974359,0.0414746543778802,1,0.417582417582418,0.0948553054662379,0.346094946401225,0.308166409861325,0.311926605504587,1,1,1,1,1,0.0665658093797277,0.996913580246914,0.692901234567901,0.00305343511450382,0.313755795981453,1,1,1,1,0.0873634945397816,0.306153846153846,1,1,1,1,1,1,0.486068111455108,0.00161030595813205,1,0.0842433697347894,0.304897314375987,0.440438871473354,1,0.384984025559105,0.309602649006623,0.308892355694228,1,0.0418604651162791,0.303543913713405,1,1,0.355095541401274,0.307210031347962,0.30077519379845,0.3104,0.998477929984779,0.315457413249211,0.308892355694228,0.4064,0.305993690851735,0.97360248447205,0.305936073059361,0.083596214511041,0.319620253164557,0,1,0.0890302066772655,0.300314465408805,0.300940438871473,0.307570977917981,1,1,1,1,1,1,0.3184,1,0.303875968992248,0.30185497470489,0.599071207430341,0.699376947040498,1,1,0,0.304545454545455,0.112324492979719,0.998480243161094,0.0358255451713396,1,1,0.302694136291601,1,1,0.619047619047619,0.407590759075908,0.997032640949555,0.080952380952381,0.0987261146496815,1,1,1,0.0830721003134796,0,0.310077519379845,0.406299212598425,0.302795031055901,0,0.327014218009479,0.0838607594936709,1,1,0.308411214953271,0.302180685358255,0.242566510172144,0.328593996840442,0.305555555555556,0.313271604938272,1,1,0.314194577352472,1,0,1,0.233908948194662,1,0.687211093990755,1,0.296062992125984,0.301127214170692,0.075968992248062,0.690402476780186,1,1,0.792393026941363,0.892109500805153,0.307448494453249,0.303030303030303,1,0.303030303030303,0.257410296411856,0.304897314375987,1,0.106084243369735,1,1,0.304147465437788,0.68362480127186,0.29951690821256,1,1,0.297045101088647,0.295208655332303,0.301829268292683,0.85062893081761,0.310618066561014,1,0.0584615384615385,1,1,0.701078582434515,0.66031746031746,0.308943089430894,0.0577223088923557,0.314553990610329,1,1,0.288611544461778,0.318252730109204,0.613458528951487,1,0.297213622291022,0.365891472868217,0.29922480620155,0.982945736434109,0.478605388272583,0.0046801872074883,0.291021671826625,0.308868501529052,0.321951219512195,0.298412698412698,0.302290076335878,0.970633693972179,1,0.30625,0.555016181229773,0.696,0.24031007751938,0.697560975609756,1,0.310832025117739,0.00309119010819165,0.315789473684211,0.306501547987616,0.352941176470588,0.314873417721519,0,0.330246913580247,0.301109350237718,0.318611987381703,0.305511811023622
"317",1,1,1,1,1,1,0.696629213483146,1,1,0.0957792207792208,1,0.0523882896764253,0.811410459587956,1,0.32484076433121,0.313479623824451,0.0735524256651017,0.678104575163399,1,1,0.296178343949045,0.324921135646688,1,0.154205607476636,1,0.329617834394904,0.32626427406199,1,1,0.786061588330632,0.309148264984227,0.733333333333333,0.96551724137931,0.319620253164557,0,1,0.545454545454545,1,0.308049535603715,1,0.661367249602544,0.668261562998405,0.690625,1,1,0.320574162679426,0.325434439178515,0.319444444444444,0.327073552425665,0.328616352201258,0,1,0.31924882629108,1,1,0.502423263327948,0.558587479935794,1,1,1,0.326086956521739,0.3264,0.324881141045959,0.681388012618297,1,1,0.0455259026687598,1,0.0659509202453988,0.326153846153846,1,0.325949367088608,0.329563812600969,0.965853658536585,0.515479876160991,1,0.313271604938272,0.340625,1,0.320261437908497,0.0909090909090909,0.333333333333333,0.329093799682035,1,0.341194968553459,1,1,1,1,0.687106918238994,1,1,0.00160771704180064,0.103875968992248,1,0.0556414219474498,0,1,0.560457516339869,0.662939297124601,1,0.0608974358974359,0.323343848580442,1,0.321086261980831,1,0.676703645007924,1,0.318471337579618,0.326086956521739,0.323390894819466,1,0.329093799682035,1,0.481132075471698,1,0.323343848580442,0.306027820710974,0.330218068535826,0.328525641025641,0.479623824451411,0.998415213946117,0.326053042121685,0.322115384615385,1,0.312989045383412,1,1,0.338632750397456,0.563076923076923,1,0.322683706070288,1,0.0519877675840979,1,0.321372854914197,0.667706708268331,0.333855799373041,0.924170616113744,0.441558441558442,0.105180533751962,0.0977917981072555,1,1,0.336538461538462,1,0.320610687022901,1,0.8,1,0.330081300813008,1,1,1,1,0.340222575516693,1,0.33175355450237,0.266770670826833,1,0.321711568938193,1,0.316037735849057,0.090032154340836,1,0.314696485623003,1,1,1,0.341049382716049,1,0.326433121019108,1,0.319182389937107,1,0.324451410658307,0.0817610062893082,1,0.632279534109817,1,1,0.32,1,1,1,1,0.331761006289308,0.321428571428571,1,0.998415213946117,0.321592649310873,0.31629392971246,1,0.437598736176935,0.673780487804878,0,0.318818040435459,0.669303797468354,1,0.328703703703704,1,0.998452012383901,1,0.322378716744914,0.326086956521739,0.338762214983713,1,1,1,0,1,0.306581059390048,0.967136150234742,0.329113924050633,0.312893081761006,0.750788643533123,1,1,1,1,1,0.05229793977813,0.323809523809524,0.327102803738318,1,0.674491392801252,1,1,1,0.998427672955975,1,1,0.0031104199066874,0.329192546583851,1,0.32484076433121,1,0.304347826086957,1,1,1,1,1,0.330173775671406,1,0.5152,0.331210191082803,0.326086956521739,0.318910256410256,0.330112721417069,0.33868378812199,0.428571428571429,0.340694006309148,0.322327044025157,0.317034700315457,1,0.33015873015873,1,0.679506933744222,0.321766561514196,0.3234375,0.336492890995261,1,1,1,0.273155416012559,0.323343848580442,1,0.324921135646688,0.326717557251908,0.318037974683544,0.330232558139535,0.677165354330709,1,0.326086956521739,0.321144674085851,1,0.310126582278481,1,0.313755795981453,0.318541996830428,1,1,1,0.53416149068323,1,0.678571428571429,0.0834621329211747,0.323343848580442,1,1,0.0998439937597504,0.329133858267717,0.335483870967742,1,1,0.3125,0.0300157977883096,0.00158982511923688,1,1,0.337920489296636,0.998420221169036,1,0.317484662576687,1,1,0.322327044025157,1,1,1,1,0.332268370607029,0.317411402157165,0.332258064516129,1,1,0.663009404388715,0.325581395348837,1,0.323076923076923,0.305863708399366,1,1,0.998444790046656,1,1,0.328638497652582,1,1,0.109500805152979,0.340062111801242,0.512658227848101,0.314606741573034,0.66877971473851,0.326530612244898,1,0.316535433070866,0.342857142857143,0.269291338582677,0.325984251968504,1,0.339009287925697,1,1,1,0.314009661835749,0.332822085889571,0.998435054773083,0.916393442622951,0.0695102685624013,1,0.318681318681319,0.332278481012658,0.314606741573034,1,0.334869431643625,0.458135860979463,0.332293291731669,0.314194577352472,0.32516339869281,0.314009661835749,1,0.3296,1,1,0,1,0.327503974562798,1,1,1,0.334928229665072,1,0.319870759289176,1,0.835130970724191,1,1,1,0.31911532385466,1,1,0.317610062893082,0.317535545023697,1,1,0.321766561514196,0.192846034214619,1,0.9984375,1,0,0.325842696629214,1,0.322222222222222,0.25518341307815,1,0.66875,0.434451219512195,1,1,0.675716440422323,0.696062992125984,0.354330708661417,1,0.327014218009479,1,1,0.331761006289308,1,0.998425196850394,0.0078740157480315,0.332278481012658,1,1,0.328025477707006,1,1,0.312202852614897,0.349056603773585,1,1,1,0.533123028391167,0.313178294573643,0.352,0.329268292682927,0.33596214511041,0.677830940988836,0.331804281345566,0.336492890995261,0.329721362229102,0.25,0.322061191626409,1,0.326625386996904,0.998427672955975,0.319620253164557,0.0890937019969278,0.0584615384615385,1,1,0.0461783439490446,1,0.67741935483871,0.05103668261563,0.012924071082391,1,0.6801872074883,1,1,0.559618441971383,1,0,0.0760517799352751,1,1,1,0.3264,0.64767616191904,0.685064935064935,0.995334370139969,1,0.981337480559876,0.305863708399366,0.345047923322684,1,0.307814992025518,1,0.372239747634069,0.108108108108108,0.315132605304212,0.327217125382263,0.340677966101695,1,0.0834621329211747,1,1,1,0.271317829457364,0.3296,1,0.3265625,1,1,0.3125,1,0.32824427480916,1,0.317460317460317,0.324960753532182,1,0.662939297124601,0.324159021406728,1,0.316129032258064,0.768987341772152,0.325115562403698,0.161392405063291,0.33125,0.775834658187599,0.314102564102564,1,0.327666151468315,0.35202492211838,0.297507788161994,1,1,1,0.965964343598055,0.352066115702479,1,0.3322528363047,1,0.324193548387097,0.324159021406728,1,1,1,0.917460317460317,1,0.316436251920123,0.32018927444795,1,1,0.0537459283387622,0.083596214511041,1,1,0.313504823151125,1,1,0.318541996830428,1,1,0.667721518987342,0.533127889060092,1,0,1,1,0.0972644376899696,0.325949367088608,1,0.328593996840442,0.998447204968944,0.958860759493671,0.998425196850394,0.820031298904538,1,0.33605220228385,1,1,1,0,0.31973898858075,1,1,0.663492063492063,1,0.327014218009479,0.362204724409449,0.331775700934579,1,1,1,0.0937019969278034,0.329093799682035,0.0951612903225806,0.998415213946117,0.313755795981453,0.315625,0.35748031496063,0,1,0.950540958268934,1,1,0.333333333333333,0.309597523219814,0.164781906300485,0.0475435816164818,0.326433121019108,0.318910256410256,0.334876543209877,0.0016260162601626,0.317683881064163,1,0,0.326086956521739,1,1,1,0.317829457364341,0.328173374613003,0.0425531914893617,1,0.316045380875203,0.313880126182965,1,1,0.326018808777429,0.687397708674304,1,1,0.685214626391097,1,0.315625,1,0.321259842519685,0.531782945736434,0.667177914110429,0.422600619195046,1,0.310502283105023,0.319554848966614,0.670295489891135,0.666146645865835,1,0.327639751552795,1,0.331269349845201,1,0.323296354992076,0.324237560192616,0.353407290015848,0.547880690737834,0.323671497584541,0.324367088607595,0.662440570522979,0.323943661971831,0.152597402597403,1,0,1,0.299840510366826,1,0,0.321259842519685,0.32258064516129,1,0.0653495440729483,1,0.0854430379746835,0.344497607655502,1,0.0712025316455696,0.666666666666667,1,1,1,0.312703583061889,0.0472560975609756,1,0.431309904153355,0.099025974025974,0.360123647604328,0.328638497652582,0.336463223787167,1,1,1,1,1,0.0732824427480916,0.995412844036697,0.678071539657854,0.00302114803625378,0.32967032967033,1,1,1,1,0.0880503144654088,0.316692667706708,1,1,1,1,1,1,0.487841945288754,0.0016,1,0.088785046728972,0.332268370607029,0.437598736176935,1,0.397106109324759,0.316912972085386,0.32093023255814,1,0.046801872074883,0.334375,1,1,0.373205741626794,0.323899371069182,0.324367088607595,0.32695374800638,0.998442367601246,0.331723027375201,0.321428571428571,0.42741935483871,0.323296354992076,0.96594427244582,0.322981366459627,0.0891410048622366,0.334913112164297,0,1,0.0930979133226324,0.312803889789303,0.319685039370079,0.324881141045959,1,1,1,1,1,1,0.330081300813008,1,0.322115384615385,0.323232323232323,0.622641509433962,0.675762439807384,1,1,0,0.325652841781874,0.119685039370079,0.998444790046656,0.0430622009569378,1,1,0.323763955342903,1,1,0.641233766233766,0.42833607907743,0.995529061102832,0.0829268292682927,0.0974025974025974,1,1,1,0.0881889763779528,0,0.315467075038285,0.424920127795527,0.321981424148607,0,0.338095238095238,0.092948717948718,1,1,0.333333333333333,0.327613104524181,0.252006420545746,0.336553945249597,0.313664596273292,0.32753164556962,1,1,0.333858267716535,1,0,1,0.234375,1,0.668721109399075,1,0.320063694267516,0.314424635332253,0.0795631825273011,0.673343605546995,1,1,0.777777777777778,0.902597402597403,0.317965023847377,0.319935691318328,1,0.3232,0.266141732283465,0.333876221498371,1,0.105678233438486,1,1,0.322884012539185,0.665064102564103,0.317230273752013,1,1,0.313178294573643,0.313572542901716,0.323619631901841,0.869634340222575,0.320197044334975,1,0.059375,1,1,0.685358255451713,0.64968152866242,0.33063209076175,0.0596546310832025,0.330670926517572,1,1,0.314873417721519,0.341732283464567,0.615987460815047,1,0.312302839116719,0.380434782608696,0.3171875,0.9858934169279,0.475435816164818,0.00473186119873817,0.312302839116719,0.332824427480916,0.340909090909091,0.319286871961102,0.319938176197836,0.969088098918083,1,0.325396825396825,0.551386623164764,0.678343949044586,0.24685534591195,0.686084142394822,1,0.329173166926677,0.00314465408805031,0.326498422712934,0.321259842519685,0.367127496159754,0.32018927444795,0,0.343898573692552,0.330112721417069,0.325508607198748,0.321144674085851
"318",0.689381933438986,0.675925925925926,0.67737003058104,0.654952076677316,0.68167701863354,0.685358255451713,0.981012658227848,0.662440570522979,0.676970633693972,0.440514469453376,0.673780487804878,0.368024132730015,0.475743348982786,0.669826224328594,0.00783699059561128,0.00625,0.400914634146341,0.991961414790997,0.669303797468354,0.678571428571429,0.00772797527047913,0.00940438871473354,0.672839506172839,0.497716894977169,0.686838124054463,0.00306278713629403,0.00476947535771065,0.658064516129032,0.67427701674277,0.468253968253968,0.00772797527047913,0.391768292682927,0.622900763358779,0.0109717868338558,0.337480559875583,0.679611650485437,0.863987635239567,0.66412213740458,0.00898203592814371,0.686544342507645,0.992125984251969,0.992319508448541,0.993975903614458,0.659937888198758,0.67244094488189,0.00955414012738853,0.015527950310559,0.00614439324116743,0.0076103500761035,0.00764525993883792,0.320610687022901,0.661490683229814,0.00927357032457496,0.671826625386997,0.668730650154799,0.186520376175549,0.86875,0.675968992248062,0.675883256528418,0.665625,0.0152671755725191,0.00920245398773006,0.00627943485086342,0.98468606431853,0.677830940988836,0.675384615384615,0.354489164086687,0.666153846153846,0.396731054977712,0.00917431192660551,0.668202764976959,0.00619195046439629,0.00786163522012579,0.712918660287081,0.840182648401826,0.670212765957447,0.00610687022900763,0.00907715582450832,0.672672672672673,0.00807754442649435,0.405616224648986,0.00618238021638331,0.00606060606060606,0.662058371735791,0.00778816199376947,0.670212765957447,0.670826833073323,0.667697063369397,0.6734375,0.992319508448541,0.671949286846276,0.664167916041979,0.326153846153846,0.423076923076923,0.681747269890796,0.366818873668189,0.334890965732087,0.678899082568807,0.880763116057234,0.995290423861852,0.677067082683307,0.3875,0.00783699059561128,0.673076923076923,0.00630914826498423,0.672386895475819,0.992223950233281,0.671826625386997,0.00313479623824451,0.00920245398773006,0.00916030534351145,0.688854489164087,0.0124031007751938,0.659937888198758,0.794251134644478,0.675635276532138,0.00461538461538462,0.633693972179289,0.00449101796407186,0.0093603744149766,0.804381846635368,0.680061823802164,0.00904977375565611,0.00801282051282051,0.661608497723824,0.00615384615384615,0.67438494934877,0.676691729323308,0.640866873065015,0.244343891402715,0.66877971473851,0.009375,0.671383647798742,0.37444279346211,0.660828025477707,0.00763358778625954,0.990697674418605,0.00943396226415094,0.609984399375975,0.121212121212121,0.428571428571429,0.412942989214176,0.674382716049383,0.670906200317965,0.00782472613458529,0.669254658385093,0.00748502994011976,0.682515337423313,0.489263803680982,0.667669172932331,0.00646203554119548,0.68125,0.666144200626959,0.667189952904239,0.666149068322981,0.00627943485086342,0.677914110429448,0.0078003120124805,0.576687116564417,0.662595419847328,0.00911854103343465,0.668683812405446,0.00623052959501558,0.411580594679186,0.671406003159558,0.00469483568075117,0.667177914110429,0.678018575851393,0.66304347826087,0.0214395099540582,0.665634674922601,0.00622083981337481,0.671826625386997,0.00460122699386503,0.679365079365079,0.00772797527047913,0.423076923076923,0.687888198757764,0.959935897435897,0.6875,0.677469135802469,0.00794912559618442,0.68944099378882,0.666141732283465,0.672205438066465,0.664605873261206,0.00772797527047913,0.00778816199376947,0.669329073482428,0.667706708268331,0.00768049155145929,0.00792393026941363,0.670731707317073,0.769938650306748,0.974889217134417,0.325077399380805,0.00772797527047913,0.989197530864197,0.672868217054264,0.00457317073170732,0.67246835443038,0.684931506849315,0.674454828660436,0.0108191653786708,0.00909090909090909,0.00947867298578199,0.658054711246201,0.673076923076923,0.676923076923077,0.328050713153724,0.682464454976303,0.00789889415481832,0.650231124807396,0.0063391442155309,0.00617283950617284,0.554517133956386,0.674454828660436,0.669218989280245,0.661993769470405,0.690292758089368,0.674603174603175,0.36687306501548,0.00778816199376947,0.0060790273556231,0.679389312977099,0.989263803680982,0.664145234493192,0.676602086438152,0.65891472868217,0.676829268292683,0.689922480620155,0.676119402985075,0.313455657492355,0.642533936651584,0.680555555555556,0.0063391442155309,0.661949685534591,0.00617283950617284,0.682588597842835,0.681889763779528,0.681538461538462,0.6625,0.677265500794913,0.00470219435736677,0.669230769230769,0.19620253164557,0.00471698113207547,0.00911854103343465,0.0110236220472441,0.0093603744149766,0.00623052959501558,0.1078125,0.00770416024653313,0.00917431192660551,0.00763358778625954,0.673913043478261,0.00625,0.662379421221865,0.992412746585736,0.00770416024653313,0.632375189107413,0.0063391442155309,0.666666666666667,0.66875,0.678516228748068,0.595054095826893,0.00927357032457496,0.667177914110429,0.00792393026941363,0.00896860986547085,0.0078003120124805,0.00917431192660551,0.990445859872611,0.678627145085803,0.00759878419452888,0.00791139240506329,0.668730650154799,0.00632911392405063,0.664615384615385,0.00611620795107034,0.00934579439252336,0.680314960629921,0.663536776212833,0.686064318529862,0.854460093896714,0.660377358490566,0.990853658536585,0.411497730711044,0.0062111801242236,0.672839506172839,0.667192429022082,0.425897035881435,0.00764525993883792,0.00630914826498423,0.662939297124601,0.6625,0.0091324200913242,0.355140186915888,0.303317535545024,0.682170542635659,0.670382165605096,0.0135135135135135,0.66824644549763,0.688888888888889,0.00920245398773006,0.677570093457944,0.683333333333333,0.00777604976671851,0.68160741885626,0.666149068322981,0.680981595092024,0.674382716049383,0.00769230769230769,0.00749625187406297,0.00478468899521531,0.6796875,0.663009404388715,1,0.0170278637770898,0.661417322834646,0.00759878419452888,0.00611620795107034,0.676335877862595,0.669172932330827,0.682926829268293,0.666149068322981,0.66973886328725,0.00927357032457496,0.683464566929134,0.674961119751166,0.436708860759494,0.00916030534351145,0.172360248447205,0.0047244094488189,0.993769470404984,0.00762195121951219,0.666167664670659,0.0062992125984252,0.00938967136150235,0.598173515981735,0.00900900900900901,0.666666666666667,0.00894187779433681,0.679245283018868,0.68266253869969,0.683720930232558,0.00618238021638331,0.0075642965204236,0.671850699844479,0.585987261146497,0.393700787401575,0.687797147385103,0.0061633281972265,0.00626959247648903,0.00627943485086342,0.66875,0.00606980273141123,0.796636085626911,0.0061633281972265,0.00467289719626168,0.0096,0.00626959247648903,0.666158536585366,0.00636942675159236,0.679092382495948,0.662557781201849,0.329770992366412,0.680314960629921,0.00463678516228748,0.664596273291925,0.67427701674277,0.675118858954041,0.00619195046439629,0.688650306748466,0.0063391442155309,0.667669172932331,0.509118541033435,0.669254658385093,0.664556962025316,0.679012345679012,0.0061633281972265,0.668238993710692,0.687797147385103,0.00777604976671851,0.00924499229583975,0.668217054263566,0.675344563552833,0.0062015503875969,0.533232628398791,0.675078864353312,0.673343605546995,0.666158536585366,0.335394126738794,0.00784929356357928,0.690705128205128,0.00918836140888208,0.582018927444795,0.679186228482003,0.995363214837713,0.125382262996942,0.669291338582677,0.671875,0.994082840236686,0.962790697674419,0.0296411856474259,0.672307692307692,0.00928792569659443,0.675078864353312,0.670886075949367,0.00316957210776545,0.666666666666667,0.67879746835443,0.341049382716049,0.0062015503875969,0.666139240506329,0.670826833073323,0.00775193798449612,0.680365296803653,0.688995215311005,0.00628930817610063,0.665639445300462,0.688394276629571,0.670769230769231,0.654263565891473,0.195384615384615,0.00617283950617284,0.028391167192429,0.00754147812971342,0.0093167701863354,0.9921875,0.00458015267175573,0.0107692307692308,0.00762195121951219,0.583724569640063,0.00943396226415094,0.692307692307692,0.0135135135135135,0.66510172143975,0.0136986301369863,0.4,0.379154078549849,0.668202764976959,0.674311926605505,0.375776397515528,0.680952380952381,0.992412746585736,0.373088685015291,0.333850931677019,0.668693009118541,0.990769230769231,0.680428134556575,0.683641975308642,0.234548335974643,0.674382716049383,0.323529411764706,0.41335453100159,0.6671875,0.671802773497689,0.690076335877863,0.00775193798449612,0.967213114754098,0.991909385113269,0.672754946727549,0.665109034267913,0.656877897990726,0.00778816199376947,0.665629860031104,0.667687595712098,0.0078003120124805,0.679447852760736,0.0683229813664596,0.43701399688958,0.00769230769230769,0.00298507462686567,0.0117056856187291,0.674242424242424,0.403993855606759,0.671171171171171,0.679365079365079,0.673813169984686,0.58599695585997,0.00783699059561128,0.680124223602484,0.00630914826498423,0.665605095541401,0.675039246467818,0.00917431192660551,0.675465838509317,0.00600600600600601,0.664050235478807,0.00628930817610063,0.00622083981337481,0.666156202143951,0.990625,0.00445765230312036,0.666666666666667,0.00625,0.420245398773006,0.0075642965204236,0.497709923664122,0.00599700149925037,0.434514637904468,0.0063391442155309,0.67515923566879,0.0062402496099844,0.0091324200913242,0.00764525993883792,0.680061823802164,0.662480376766091,0.681268882175227,0.636363636363636,0.671974522292994,0.682588597842835,0.0095389507154213,0.668231611893584,0.008,0.00754147812971342,0.664615384615385,0.674528301886792,0.677272727272727,0.610248447204969,0.667177914110429,0.00765696784073507,0.00768049155145929,0.664110429447853,0.671949286846276,0.38375796178344,0.4125,0.671296296296296,0.675,0.0078740157480315,0.684615384615385,0.674698795180723,0.0125195618153365,0.685393258426966,0.682515337423313,0.993817619783617,0.856060606060606,0.669278996865204,0.320359281437126,0.673312883435583,0.670229007633588,0.411944869831547,0.00467289719626168,0.676190476190476,0.00772797527047913,0.679012345679012,0.642301710730949,0.674491392801252,0.509146341463415,0.679304897314376,0.00632911392405063,0.673405909797823,0.672868217054264,0.663009404388715,0.315950920245399,0.00641025641025641,0.66031746031746,0.668188736681887,0.993720565149137,0.665137614678899,0.00772797527047913,0.0513595166163142,0.00460122699386503,0.672230652503794,0.668721109399075,0.681114551083591,0.415525114155251,0.00794912559618442,0.420472440944882,0.656645569620253,0.0060790273556231,0.00615384615384615,0.0430769230769231,0.3328173374613,0.659340659340659,0.629800307219662,0.664652567975831,0.678899082568807,0.0046801872074883,0.00609756097560976,0.499212598425197,0.383775351014041,0.00765696784073507,0.00930232558139535,0.00916030534351145,0.316614420062696,0.00611620795107034,0.660633484162896,0.324409448818898,0.00462249614791988,0.662519440124417,0.669781931464174,0.672839506172839,0.0123076923076923,0.00904977375565611,0.372019077901431,0.664605873261206,0.00626959247648903,0.00917431192660551,0.670731707317073,0.678571428571429,0.00921658986175115,0.993558776167472,0.673501577287066,0.678571428571429,0.9890625,0.67420814479638,0.00749625187406297,0.676056338028169,0.00619195046439629,0.853846153846154,0.995461422087746,0.10260336906585,0.662519440124417,0.00592592592592593,0.00765696784073507,0.992412746585736,0.990963855421687,0.662595419847328,0.00924499229583975,0.676145339652449,0.00898203592814371,0.678627145085803,0.00625,0.00789889415481832,0.0419906687402799,0.228748068006182,0.00470219435736677,0.00933125972006221,0.985849056603774,0.00625978090766823,0.487341772151899,0.660910518053375,0.335365853658537,0.660493827160494,0.00788643533123028,0.684292379471229,0.332822085889571,0.00925925925925926,0.00625978090766823,0.670382165605096,0.395488721804511,0.667687595712098,0.423913043478261,0.0375586854460094,0.651090342679128,0.401526717557252,0.978527607361963,0.67427701674277,0.665644171779141,0.667175572519084,0.00801282051282051,0.373088685015291,0.685099846390169,0.115853658536585,0.422047244094488,0.0363636363636364,0.0076103500761035,0.00758725341426404,0.675465838509317,0.656645569620253,0.688188976377953,0.673312883435583,0.671779141104294,0.389473684210526,0.682299546142209,0.99236641221374,0.331858407079646,0.0106870229007634,0.666666666666667,0.684292379471229,0.676656151419558,0.67427701674277,0.404320987654321,0.00763358778625954,0.662079510703364,0.658385093167702,0.661835748792271,0.664050235478807,0.675425038639876,0.67398119122257,0.808868501529052,0.321372854914197,0.672413793103448,0.404255319148936,0.00927357032457496,0.762121212121212,0.675925925925926,0.0866141732283465,0.00631911532385466,0.00458015267175573,0.680555555555556,0.371165644171779,0.00762195121951219,0.673846153846154,0.69218989280245,0.0507131537242472,0.00301204819277108,0.00467289719626168,0.00947867298578199,0.675883256528418,0.0064,0.00768049155145929,0.106976744186047,0.00625978090766823,0.644274809160305,0.00453172205438067,0.419713831478537,0.00777604976671851,0.332312404287902,0.6801872074883,0.405616224648986,0.00786163522012579,0.00784929356357928,0.0142630744849445,0.667687595712098,0.668202764976959,0.6736,0.662538699690402,0.677115987460815,0.667716535433071,0.0253968253968254,0.681957186544342,0.0061633281972265,0.00498338870431894,0.289393939393939,0.9921875,0.670750382848392,0.672811059907834,0.340062111801242,0.00603318250377074,0.434312210200927,0.667166416791604,0.360808709175739,0.678571428571429,0.672955974842767,0.0031496062992126,0.676609105180534,0.673107890499195,0.312401883830455,0.0942492012779553,0.670588235294118,0.40625,0.4296875,0.669724770642202,0.666666666666667,0.686821705426357,0.410094637223975,0.329754601226994,0.0061633281972265,0.111455108359133,0.00759878419452888,0.344360902255639,0.0125588697017268,0.419303797468354,0.67530487804878,0.66875,0.00606980273141123,0.00461538461538462,0.567233384853168,0.0174050632911392,0.00921658986175115,0.00765696784073507,0.6801872074883,0.666160849772382,0.009375,0.678571428571429,0.327692307692308,0.654088050314465,0.545166402535658,0.686520376175549,0.993817619783617,0.67741935483871,0.00777604976671851,0.00783699059561128,0.412844036697248,0.989312977099237,0.659476117103236,0.666144200626959,0.894080996884735,0.571428571428571,0.00782472613458529,0.00791139240506329,0.675883256528418,0.00928792569659443,0.5890625,0.0078125,0.663141993957704,0.423312883435583,0.663565891472868,0.67398119122257,0.00775193798449612,0.990506329113924,0.00632911392405063,0.681318681318681,0.67032967032967,0.00924499229583975,0.00619195046439629,0.00606060606060606,0.549050632911392,0.00789889415481832,0.674454828660436,0.394777265745008,0.662100456621005,0.667192429022082,0.990740740740741,0.954828660436137,0.00809061488673139,0.394736842105263,0.00782472613458529,0.665634674922601,0.667721518987342,0.0062402496099844,0.00784929356357928,0.820826952526799,0.677321156773212,0.00764525993883792,0.108024691358025,0.00770416024653313,0.681470137825421,0.799687010954617,0.342064714946071,0.00921658986175115,0.00455235204855842,0.0046583850931677,0.00938967136150235,0.00914634146341463,0.709774436090226,0.693877551020408,0.00930232558139535,0.88529886914378,0.992199687987519,0.566820276497696,0.993548387096774,0.669767441860465,0.00308641975308642,0.336463223787167,0.0093603744149766,0.00770416024653313,0.118181818181818,0.0093603744149766,0.330769230769231,0.00918836140888208,0.0095389507154213,0.00934579439252336,0.00778816199376947
"319",0.293460925039872,0.309486780715397,0.321372854914197,0.322169059011164,0.3046875,0.304075235109718,0.0158982511923688,0.317034700315457,0.30781010719755,0.574638844301766,0.319571865443425,0.636792452830189,0.512738853503185,0.314375987361769,0.9921875,0.990566037735849,0.614678899082569,0.00807754442649435,0.3152,0.303937007874016,0.992211838006231,0.993650793650794,0.318885448916409,0.515527950310559,0.307339449541284,0.99375,0.99203821656051,0.329563812600969,0.308892355694228,0.530903328050713,0.990697674418605,0.585735963581184,0.360062893081761,0.995290423861852,0.66877971473851,0.311475409836066,0.124018838304553,0.322085889570552,0.990825688073395,0.306501547987616,0.00473186119873817,0.00788643533123028,0.00923076923076923,0.328571428571429,0.315024232633279,0.995192307692308,0.998412698412698,0.990740740740741,0.990654205607477,0.993865030674847,0.686915887850467,0.322006472491909,0.992401215805471,0.318979266347687,0.306990881458967,0.830188679245283,0.1078125,0.31687898089172,0.313755795981453,0.319554848966614,0.995341614906832,0.993730407523511,0.991974317817014,0.0015625,0.304487179487179,0.311526479750779,0.660347551342812,0.32753164556962,0.618045112781955,0.995454545454545,0.322932917316693,0.992223950233281,0.993548387096774,0.283630470016207,0.140845070422535,0.318042813455657,0.992211838006231,0.996923076923077,0.318461538461538,0.992025518341308,0.590243902439024,0.993620414673046,0.990506329113924,0.316692667706708,0.995297805642633,0.322239031770045,0.310015898251192,0.328593996840442,0.318110236220472,0.00622083981337481,0.318471337579618,0.321699544764795,0.696734059097978,0.580996884735203,0.308544303797468,0.641768292682927,0.680685358255452,0.315707620528771,0.11038961038961,0.00645161290322581,0.313880126182965,0.6176,0.992125984251969,0.306818181818182,0.992012779552716,0.319314641744548,0.00622083981337481,0.32484076433121,0.990461049284579,0.993650793650794,0.990566037735849,0.307210031347962,0.996889580093313,0.319182389937107,0.19375,0.304545454545455,0.996884735202492,0.378461538461538,0.993874425727412,0.993817619783617,0.188679245283019,0.314375987361769,0.99537750385208,0.995137763371151,0.328149300155521,0.990521327014218,0.31570996978852,0.320433436532508,0.356807511737089,0.758358662613982,0.32520325203252,0.992163009404389,0.322734499205087,0.641337386018237,0.330128205128205,0.990654205607477,0.00312989045383412,0.993700787401575,0.3765625,0.878444084278768,0.579288025889968,0.587227414330218,0.31937984496124,0.31810766721044,0.992050874403816,0.308049535603715,0.990881458966565,0.2992,0.506172839506173,0.319018404907975,0.993589743589744,0.30298273155416,0.317034700315457,0.312101910828025,0.3184,0.993730407523511,0.313084112149533,0.992,0.432558139534884,0.322530864197531,0.993720565149137,0.313455657492355,0.992012779552716,0.590625,0.317307692307692,0.99203821656051,0.316118935837246,0.319938176197836,0.322683706070288,0.995305164319249,0.320813771517997,0.996805111821086,0.324921135646688,0.995297805642633,0.321428571428571,0.992088607594937,0.593996840442338,0.29559748427673,0.0240770465489567,0.294303797468354,0.32018927444795,0.9904,0.303265940902022,0.323390894819466,0.31832298136646,0.326053042121685,0.993630573248408,0.995283018867924,0.325914149443561,0.321766561514196,0.992175273865415,0.9936,0.315217391304348,0.227707006369427,0.0106060606060606,0.690625,0.993759750390016,0.00156494522691706,0.311912225705329,0.990783410138249,0.322115384615385,0.299531981279251,0.3078125,0.992125984251969,0.993759750390016,0.991922455573506,0.321592649310873,0.306055646481178,0.31733746130031,0.684713375796178,0.3,0.992163009404389,0.334928229665072,0.993700787401575,0.995319812792512,0.423493044822257,0.334905660377358,0.32348367029549,0.3234375,0.312893081761006,0.31378763866878,0.636650868878357,0.993660855784469,0.993788819875776,0.309597523219814,0.00156494522691706,0.32370820668693,0.311278195488722,0.312989045383412,0.3046875,0.304075235109718,0.314329738058552,0.704510108864697,0.355384615384615,0.303738317757009,0.992063492063492,0.32120253164557,0.993817619783617,0.311349693251534,0.306349206349206,0.306709265175719,0.329032258064516,0.3104,0.996840442338073,0.317111459968603,0.807631160572337,0.992163009404389,0.993836671802773,0.998412698412698,0.993680884676145,0.990384615384615,0.876996805111821,0.990683229813665,0.995356037151703,0.992125984251969,0.312111801242236,0.992163009404389,0.330128205128205,0.00612557427258806,0.990521327014218,0.381538461538462,0.992050874403816,0.323248407643312,0.314873417721519,0.311004784688995,0.4203125,0.99211356466877,0.32258064516129,0.990476190476191,0.993930197268589,0.995260663507109,0.990697674418605,0.004739336492891,0.303858520900322,0.990895295902883,0.9968,0.312302839116719,0.992050874403816,0.314152410575428,0.992283950617284,0.993720565149137,0.304552590266876,0.318910256410256,0.300925925925926,0.137984496124031,0.319488817891374,0.00769230769230769,0.592649310872894,0.99375,0.321372854914197,0.315955766192733,0.582298136645963,0.990683229813665,0.99194847020934,0.323624595469256,0.323763955342903,0.992272024729521,0.658841940532081,0.704944178628389,0.295345104333868,0.317384370015949,0.990839694656489,0.320872274143302,0.299248120300752,0.992307692307692,0.311811023622047,0.307339449541284,0.995348837209302,0.303225806451613,0.312796208530806,0.311912225705329,0.318952234206472,0.993740219092332,0.993865030674847,0.995169082125604,0.301710730948678,0.325581395348837,0.0170278637770898,1,0.323101777059774,0.995426829268293,0.992101105845182,0.305555555555556,0.328197226502311,0.300763358778626,0.311708860759494,0.319875776397516,0.990521327014218,0.300314465408805,0.31619937694704,0.563402889245586,0.995405819295559,0.827315541601256,0.993620414673046,0.00638977635782748,0.992175273865415,0.323619631901841,0.990491283676704,0.993620414673046,0.423076923076923,0.9921875,0.312698412698413,0.992319508448541,0.301109350237718,0.291139240506329,0.313664596273292,0.993769470404984,0.990740740740741,0.319182389937107,0.400981996726678,0.607085346215781,0.300787401574803,0.992076069730586,0.993620414673046,0.992025518341308,0.317307692307692,0.992307692307692,0.196540880503145,0.99075500770416,0.9921875,0.993548387096774,0.995245641838352,0.312796208530806,0.990625,0.314845024469821,0.3265625,0.672926447574335,0.309409888357257,0.992101105845182,0.321259842519685,0.309341500765697,0.311501597444089,0.992088607594937,0.301223241590214,0.990476190476191,0.320182094081942,0.486943164362519,0.316614420062696,0.3232,0.313846153846154,0.992150706436421,0.322683706070288,0.296296296296296,0.992223950233281,0.99211356466877,0.326053042121685,0.315950920245399,0.99375,0.472868217054264,0.3232,0.324492979719189,0.330745341614907,0.6796875,0.9904,0.299674267100977,0.993710691823899,0.421725239616613,0.302215189873418,0.00623052959501558,0.896923076923077,0.312903225806452,0.309375,0.00302571860816944,0.0396825396825397,0.992050874403816,0.309486780715397,0.992163009404389,0.307086614173228,0.307692307692308,0.993650793650794,0.326018808777429,0.312698412698413,0.674961119751166,0.993759750390016,0.319620253164557,0.319488817891374,0.992050874403816,0.305772230889236,0.305555555555556,0.992138364779874,0.332814930015552,0.313291139240506,0.315707620528771,0.329113924050633,0.813084112149533,0.992150706436421,0.97626582278481,0.99400299850075,0.992260061919505,0.00476947535771065,0.995348837209302,0.996875,0.99388379204893,0.424050632911392,0.995098039215686,0.304953560371517,1,0.331730769230769,0.996884735202492,0.602427921092564,0.633693972179289,0.315384615384615,0.313455657492355,0.636363636363636,0.319672131147541,0.00772797527047913,0.632492113564669,0.692063492063492,0.315789473684211,0.00770416024653313,0.306349206349206,0.307931570762053,0.764331210191083,0.31619937694704,0.693396226415094,0.592532467532468,0.307814992025518,0.312883435582822,0.297169811320755,0.996805111821086,0.0165165165165165,0.00813008130081301,0.317111459968603,0.31924882629108,0.328638497652582,0.990639625585023,0.334905660377358,0.317683881064163,0.990551181102362,0.302362204724409,0.953125,0.564516129032258,0.99537037037037,0.990867579908676,0.996677740863787,0.318112633181126,0.607033639143731,0.319571865443425,0.312803889789303,0.316614420062696,0.420970266040689,0.993610223642173,0.315789473684211,0.990654205607477,0.315619967793881,0.311793214862682,0.993779160186625,0.313291139240506,0.990881458966565,0.3232,0.995215311004785,0.990639625585023,0.322981366459627,0.00470219435736677,0.990881458966565,0.322480620155039,0.996815286624204,0.564263322884012,0.992307692307692,0.504658385093168,0.992401215805471,0.560629921259843,0.99198717948718,0.320126782884311,0.992272024729521,0.995334370139969,0.990639625585023,0.312796208530806,0.322734499205087,0.314329738058552,0.344660194174757,0.33,0.303875968992248,0.993548387096774,0.318110236220472,0.9904,0.992283950617284,0.319314641744548,0.318327974276527,0.314900153609831,0.390822784810127,0.321538461538462,0.993779160186625,0.9921875,0.326687116564417,0.317817014446228,0.630048465266559,0.587859424920128,0.313971742543171,0.318471337579618,0.990369181380417,0.299373040752351,0.318112633181126,0.990551181102362,0.305057096247961,0.320251177394035,0.0063391442155309,0.124807395993837,0.312599681020734,0.681818181818182,0.314375987361769,0.323529411764706,0.589506172839506,0.992101105845182,0.3109375,0.995327102803738,0.313291139240506,0.351046698872786,0.318252730109204,0.48297213622291,0.306349206349206,0.99344262295082,0.322327044025157,0.319554848966614,0.324717285945073,0.686427457098284,0.99349593495935,0.324324324324324,0.309597523219814,0.00630914826498423,0.321538461538462,0.992050874403816,0.967391304347826,0.992236024844721,0.314553990610329,0.323390894819466,0.3125,0.58678955453149,0.990445859872611,0.592,0.32755905511811,0.99537037037037,0.993769470404984,0.976599063962558,0.680817610062893,0.33175355450237,0.357366771159875,0.321372854914197,0.321372854914197,0.990430622009569,0.990825688073395,0.514423076923077,0.63265306122449,0.990580847723705,0.992076069730586,0.992260061919505,0.687702265372168,0.992211838006231,0.327160493827161,0.687598116169545,0.992283950617284,0.321711568938193,0.309859154929577,0.319314641744548,0.993808049535604,0.993836671802773,0.645424836601307,0.31875,0.992076069730586,0.990697674418605,0.321259842519685,0.308157099697885,0.993680884676145,0.00819672131147541,0.313195548489666,0.308917197452229,0,0.319444444444444,0.990712074303406,0.30379746835443,0.993779160186625,0.130970724191063,0.00777604976671851,0.888888888888889,0.320433436532508,0.990853658536585,0.9921875,0.00933125972006221,0.0062015503875969,0.328125,0.992272024729521,0.314424635332253,0.996904024767802,0.306451612903226,0.992223950233281,0.992101105845182,0.972049689440994,0.764521193092622,0.995176848874598,0.993640699523052,0.00157977883096367,0.992283950617284,0.515297906602254,0.32755905511811,0.677067082683307,0.316846986089645,0.992150706436421,0.309636650868878,0.67981072555205,0.995319812792512,0.9921875,0.314516129032258,0.615501519756839,0.328682170542636,0.585874799357945,0.985871271585557,0.32753164556962,0.598746081504702,0.00157977883096367,0.312401883830455,0.317757009345794,0.319182389937107,0.99344262295082,0.635384615384615,0.306625577812018,0.908082408874802,0.585055643879173,0.978755690440061,0.990610328638498,0.995341614906832,0.308056872037915,0.335483870967742,0.308306709265176,0.31201248049922,0.310452418096724,0.613003095975232,0.30030959752322,0.00611620795107034,0.680365296803653,0.995297805642633,0.31924882629108,0.305993690851735,0.313408723747981,0.325688073394495,0.6,0.990654205607477,0.335413416536661,0.32807570977918,0.321543408360129,0.32753164556962,0.309486780715397,0.313694267515924,0.18167701863354,0.68,0.311320754716981,0.600306278713629,0.995305164319249,0.221518987341772,0.318681318681319,0.9296,0.99185667752443,0.993730407523511,0.310725552050473,0.63849765258216,0.992223950233281,0.313178294573643,0.297297297297297,0.967689822294023,0.993788819875776,0.992150706436421,0.995260663507109,0.312883435582822,0.991935483870968,0.99211356466877,0.883386581469649,0.992163009404389,0.349378881987578,0.99236641221374,0.584142394822006,0.996884735202492,0.67601246105919,0.306603773584906,0.596518987341772,0.992012779552716,0.992125984251969,0.988782051282051,0.326018808777429,0.324031007751938,0.318910256410256,0.319314641744548,0.319078947368421,0.322327044025157,0.990415335463259,0.307453416149068,0.992012779552716,0.991610738255034,0.708722741433022,0.00631911532385466,0.314241486068111,0.307332293291732,0.68125,0.990769230769231,0.55784469096672,0.319634703196347,0.645510835913313,0.312796208530806,0.317384370015949,0.992076069730586,0.308056872037915,0.320388349514563,0.677993527508091,0.900161030595813,0.320839580209895,0.603864734299517,0.574603174603175,0.326594090202177,0.316211878009631,0.305426356589147,0.58712715855573,0.68075117370892,0.993798449612403,0.913522012578616,0.99075500770416,0.668721109399075,0.996779388083736,0.584126984126984,0.3203125,0.315873015873016,0.993817619783617,0.992319508448541,0.424960505529226,0.998422712933754,0.998470948012232,0.995290423861852,0.313694267515924,0.324655436447167,0.996845425867508,0.309559939301973,0.680555555555556,0.322222222222222,0.45583596214511,0.296178343949045,0.00619195046439629,0.316279069767442,0.993720565149137,0.990384615384615,0.596518987341772,0.00775193798449612,0.326018808777429,0.312302839116719,0.0984126984126984,0.407166123778502,0.990566037735849,0.991974317817014,0.309859154929577,0.995253164556962,0.413793103448276,0.991896272285251,0.318529862174579,0.585557299843014,0.31201248049922,0.314873417721519,0.992175273865415,0.00635930047694754,0.993650793650794,0.303225806451613,0.31911532385466,0.993788819875776,0.992211838006231,0.99236641221374,0.444444444444444,0.992088607594937,0.31875,0.625382262996942,0.3265625,0.325806451612903,0.00769230769230769,0.0285714285714286,0.991816693944354,0.620031796502385,0.995245641838352,0.322169059011164,0.328502415458937,0.993670886075949,0.992138364779874,0.149765990639626,0.309597523219814,0.990697674418605,0.884914463452566,0.993920972644377,0.314553990610329,0.198083067092652,0.666146645865835,0.992223950233281,0.993846153846154,0.990338164251208,0.993537964458804,0.99079754601227,0.286153846153846,0.302839116719243,0.993759750390016,0.109324758842444,0.00631911532385466,0.438679245283019,0.00810372771474878,0.323763955342903,0.992150706436421,0.675718849840256,0.992088607594937,0.992223950233281,0.88062015503876,0.995238095238095,0.68266253869969,0.993710691823899,0.993650793650794,0.992025518341308,0.993710691823899
"320",1,1,1,1,1,1,0.700647249190938,1,1,0.0912052117263844,1,0.0488958990536278,0.828298887122417,1,0.328525641025641,0.307936507936508,0.0689655172413793,0.672757475083056,1,1,0.298722044728434,0.320450885668277,1,0.14873417721519,1,0.338582677165354,0.3278955954323,1,1,0.792880258899676,0.318681318681319,0.736925515055468,0.972843450479233,0.32,0,1,0.542586750788643,1,0.3046875,1,0.660287081339713,0.666666666666667,0.691588785046729,1,1,0.329508196721311,0.316639741518578,0.312401883830455,0.331269349845201,0.334913112164297,0,1,0.31924882629108,1,1,0.496742671009772,0.5616,1,1,1,0.338028169014085,0.323624595469256,0.3264,0.666666666666667,1,1,0.0432,1,0.0599078341013825,0.328173374613003,1,0.328,0.33112582781457,0.967159277504105,0.502392344497608,1,0.314641744548287,0.340659340659341,1,0.332236842105263,0.0805921052631579,0.334920634920635,0.3376,1,0.3453125,1,1,1,1,0.686119873817035,1,1,0.00157977883096367,0.103610675039246,1,0.0499219968798752,0,1,0.558139534883721,0.669887278582931,1,0.0564516129032258,0.323899371069182,1,0.320251177394035,1,0.676190476190476,1,0.317965023847377,0.334935897435897,0.325806451612903,1,0.332278481012658,1,0.481366459627329,1,0.325914149443561,0.300157977883096,0.329787234042553,0.3264,0.466453674121406,0.998430141287284,0.325508607198748,0.322368421052632,1,0.307324840764331,1,1,0.32484076433121,0.553125,1,0.315286624203822,1,0.0459418070444104,1,0.325434439178515,0.65987460815047,0.332278481012658,0.929936305732484,0.434494195688226,0.0995184590690209,0.0910569105691057,1,1,0.338658146964856,1,0.326120556414219,1,0.820872274143302,1,0.326829268292683,1,1,1,1,0.336,1,0.323101777059774,0.250398724082935,1,0.314465408805031,1,0.309033280507132,0.0876623376623377,1,0.324058919803601,1,1,1,0.345256609642302,1,0.343450479233227,1,0.324921135646688,1,0.328525641025641,0.0723472668810289,1,0.627257799671593,1,1,0.321428571428571,1,1,1,1,0.3264,0.31637519872814,1,0.9984,0.320251177394035,0.313311688311688,1,0.451043338683788,0.657364341085271,0,0.329113924050633,0.659270998415214,1,0.329173166926677,1,0.998432601880878,1,0.326923076923077,0.325545171339564,0.333333333333333,1,1,1,0,1,0.315705128205128,0.973058637083994,0.3296,0.318471337579618,0.755102040816326,1,1,1,1,1,0.0471698113207547,0.3264,0.326018808777429,1,0.6703125,1,1,0.998412698412698,0.9984375,1,1,0.00319488817891374,0.312893081761006,1,0.317817014446228,1,0.313694267515924,1,1,1,1,1,0.327503974562798,1,0.510534846029173,0.332273449920509,0.328050713153724,0.323051948051948,0.324281150159744,0.334389857369255,0.426256077795786,0.333868378812199,0.32120253164557,0.314785373608903,1,0.333868378812199,1,0.68380062305296,0.325545171339564,0.309707241910632,0.3344,1,1,1,0.2508038585209,0.3184,1,0.32475884244373,0.328703703703704,0.315286624203822,0.325914149443561,0.683788121990369,1,0.325984251968504,0.325842696629214,1,0.306425041186161,1,0.320126782884311,0.32484076433121,1,1,1,0.540064102564103,1,0.681089743589744,0.073959938366718,0.324717285945073,1,1,0.0907668231611894,0.320754716981132,0.329563812600969,1,1,0.304552590266876,0.0250783699059561,0.0016260162601626,1,1,0.347758887171561,0.998392282958199,1,0.315541601255887,1,1,0.326465927099842,1,1,1,1,0.340255591054313,0.318818040435459,0.333333333333333,1,1,0.661417322834646,0.323101777059774,1,0.322480620155039,0.308064516129032,1,1,0.998417721518987,1,1,0.332273449920509,1,1,0.104404567699837,0.336477987421384,0.502384737678855,0.313114754098361,0.665079365079365,0.319488817891374,1,0.318840579710145,0.339171974522293,0.245669291338583,0.326530612244898,1,0.330757341576507,1,1,1,0.31687898089172,0.328125,0.998412698412698,0.932231404958678,0.0637958532695375,1,0.315541601255887,0.329545454545455,0.317152103559871,1,0.339593114241002,0.47068145800317,0.331738437001595,0.309294871794872,0.318181818181818,0.309178743961353,1,0.3312,1,1,0,1,0.328548644338118,1,1,1,0.340255591054313,1,0.320907617504052,1,0.845786963434022,1,1,1,0.317683881064163,1,1,0.321766561514196,0.31629392971246,1,1,0.315024232633279,0.178233438485804,1,0.998394863563403,1,0,0.313099041533546,1,0.322169059011164,0.237639553429027,1,0.673534072900158,0.4399375975039,1,1,0.671296296296296,0.702746365105008,0.357945425361156,1,0.322274881516588,1,1,0.339116719242902,1,0.998387096774194,0.00634920634920635,0.329093799682035,1,1,0.330097087378641,1,1,0.31629392971246,0.335949764521193,1,1,1,0.53015873015873,0.317535545023697,0.353697749196141,0.320121951219512,0.339171974522293,0.676898222940226,0.332814930015552,0.333860759493671,0.31911532385466,0.229903536977492,0.322683706070288,1,0.327613104524181,0.998397435897436,0.323943661971831,0.076103500761035,0.0546021840873635,1,1,0.0422535211267606,1,0.67906976744186,0.045958795562599,0.0110584518167457,1,0.666141732283465,1,1,0.552884615384615,1,0,0.0638297872340425,1,1,1,0.335504885993485,0.636085626911315,0.685524126455907,0.993650793650794,1,0.98256735340729,0.312202852614897,0.330128205128205,1,0.309178743961353,1,0.381180223285486,0.10586319218241,0.312202852614897,0.328149300155521,0.34406779661017,1,0.0764331210191083,1,1,1,0.25511811023622,0.33063209076175,1,0.329052969502408,1,1,0.318818040435459,1,0.318529862174579,1,0.326332794830372,0.326892109500805,1,0.670364500792393,0.32398753894081,1,0.323151125401929,0.7728,0.327639751552795,0.156985871271586,0.332814930015552,0.791139240506329,0.319218241042345,1,0.337519623233909,0.339563862928349,0.3,1,1,1,0.965909090909091,0.340460526315789,1,0.330097087378641,1,0.325581395348837,0.328125,1,1,1,0.928,1,0.32093023255814,0.324921135646688,1,1,0.0487012987012987,0.0721153846153846,1,1,0.310289389067524,1,1,0.317817014446228,1,1,0.679365079365079,0.535101404056162,1,0,1,1,0.0934579439252336,0.329032258064516,1,0.326892109500805,0.998439937597504,0.964912280701754,0.998397435897436,0.829888712241653,1,0.326765188834154,1,1,1,0,0.326765188834154,1,1,0.662420382165605,1,0.321144674085851,0.371019108280255,0.325914149443561,1,1,1,0.0815047021943574,0.327390599675851,0.0844155844155844,0.99837925445705,0.317683881064163,0.317610062893082,0.364951768488746,0,1,0.958860759493671,1,1,0.3322528363047,0.3125,0.147487844408428,0.0448,0.331210191082803,0.321086261980831,0.335443037974684,0.00163398692810458,0.32018927444795,1,0,0.31974921630094,1,1,1,0.326018808777429,0.332814930015552,0.0388978930307942,1,0.319488817891374,0.311526479750779,1,1,0.327447833065811,0.687603305785124,1,1,0.682847896440129,1,0.313084112149533,1,0.322683706070288,0.525078369905956,0.665130568356375,0.416666666666667,1,0.30379746835443,0.325320512820513,0.667711598746082,0.662974683544304,1,0.336492890995261,1,0.327718223583461,1,0.327476038338658,0.318770226537217,0.361022364217252,0.532051282051282,0.320967741935484,0.313311688311688,0.659842519685039,0.325,0.147540983606557,1,0,1,0.305194805194805,1,0,0.324881141045959,0.324058919803601,1,0.06,1,0.0784,0.352090032154341,1,0.0645669291338583,0.6672,1,1,1,0.320534223706177,0.0424528301886792,1,0.440705128205128,0.090032154340836,0.35981308411215,0.330188679245283,0.331259720062208,1,1,1,1,1,0.0648148148148148,0.996879875195008,0.675762439807384,0.00303951367781155,0.334384858044164,1,1,1,1,0.0851735015772871,0.324960753532182,1,1,1,1,1,1,0.482059282371295,0.00162074554294976,1,0.081377151799687,0.325396825396825,0.43338683788122,1,0.400966183574879,0.315,0.311216429699842,1,0.0419906687402799,0.327503974562798,1,1,0.37799043062201,0.317610062893082,0.3152,0.326229508196721,0.9984,0.33278955954323,0.325949367088608,0.420967741935484,0.324881141045959,0.970172684458399,0.325984251968504,0.0794165316045381,0.33652312599681,0,1,0.0837359098228663,0.310015898251192,0.3264,0.331179321486268,1,1,1,1,1,1,0.342019543973941,1,0.324149108589951,0.329450915141431,0.612341772151899,0.666129032258065,1,1,0,0.317829457364341,0.116719242902208,0.998427672955975,0.0385852090032154,1,1,0.329581993569132,1,1,0.638126009693053,0.422764227642276,0.998470948012232,0.067524115755627,0.0903225806451613,1,1,1,0.0857605177993527,0,0.32398753894081,0.426517571884984,0.320373250388802,0,0.337133550488599,0.0805152979066023,1,1,0.325581395348837,0.324960753532182,0.244131455399061,0.34248788368336,0.326018808777429,0.329113924050633,1,1,0.334928229665072,1,0,1,0.212121212121212,1,0.668231611893584,1,0.316692667706708,0.310457516339869,0.0718849840255591,0.673469387755102,1,1,0.788461538461538,0.888888888888889,0.328100470957614,0.316045380875203,1,0.321086261980831,0.2464,0.3322528363047,1,0.0971786833855799,1,1,0.321766561514196,0.66884176182708,0.320907617504052,1,1,0.311424100156495,0.307936507936508,0.331775700934579,0.87258064516129,0.318255250403877,1,0.0566037735849057,1,1,0.687301587301587,0.63275039745628,0.332242225859247,0.0535433070866142,0.332268370607029,1,1,0.318910256410256,0.335925349922239,0.626182965299685,1,0.324451410658307,0.375389408099688,0.317965023847377,0.984472049689441,0.477491961414791,0.00471698113207547,0.312101910828025,0.330721003134796,0.334943639291465,0.320261437908497,0.324655436447167,0.96998420221169,1,0.327503974562798,0.54679802955665,0.677367576243981,0.233542319749216,0.683006535947712,1,0.330173775671406,0.00324149108589951,0.336507936507937,0.3152,0.365625,0.326433121019108,0,0.342313787638669,0.32183908045977,0.333876221498371,0.324409448818898
"321",0.298245614035088,0.312788906009245,0.312404287901991,0.328100470957614,0.308641975308642,0.303405572755418,0.0109546165884194,0.322480620155039,0.312594840667678,0.579365079365079,0.316590563165906,0.648148148148148,0.503125,0.317484662576687,1,1,0.625,0,0.325508607198748,0.306748466257669,1,1,0.317700453857791,0.525502318392581,0.310089020771513,1,1,0.340189873417722,0.313725490196078,0.516975308641975,1,0.582568807339449,0.362385321100917,0.998463901689708,0.672360248447205,0.3072,0.136012364760433,0.318181818181818,1,0.306525037936267,0,0,0,0.328746177370031,0.311424100156495,1,0.998473282442748,1,1,1,0.694528875379939,0.323943661971831,1,0.323076923076923,0.3125,0.826625386996904,0.116169544740973,0.322480620155039,0.314925373134328,0.321875,0.995461422087746,1,1,0.00309119010819165,0.315789473684211,0.314674735249622,0.663565891472868,0.32258064516129,0.616296296296296,1,0.31570996978852,1,1,0.27244094488189,0.155963302752294,0.314456035767511,1,0.996978851963746,0.318042813455657,1,0.611727416798732,1,1,0.312312312312312,1,0.319758672699849,0.309262166405024,0.324534161490683,0.317972350230415,0,0.321483771251932,0.324404761904762,0.684615384615385,0.581183611532625,0.312302839116719,0.643072289156627,0.680428134556575,0.31039755351682,0.113564668769716,0,0.314152410575428,0.622119815668203,1,0.31629392971246,1,0.313084112149533,0,0.317411402157165,1,1,1,0.305343511450382,1,0.328197226502311,0.199697428139183,0.310549777117385,1,0.379204892966361,1,1,0.197549770290965,0.31044776119403,1,1,0.321699544764795,1,0.317037037037037,0.312406576980568,0.367851622874807,0.769687964338782,0.309375,1,0.323029366306028,0.645588235294118,0.33596214511041,1,0,1,0.371340523882897,0.896713615023474,0.584615384615385,0.598449612403101,0.319571865443425,0.324881141045959,1,0.30640243902439,1,0.304482225656878,0.487915407854985,0.324773413897281,1,0.316436251920123,0.319314641744548,0.321372854914197,0.319314641744548,1,0.31055900621118,1,0.437308868501529,0.328808446455505,1,0.315007429420505,1,0.605919003115265,0.323943661971831,1,0.319634703196347,0.309341500765697,0.327217125382263,0.990867579908676,0.315548780487805,1,0.31839258114374,1,0.305246422893482,1,0.596651445966514,0.305084745762712,0.0290791599353796,0.29264475743349,0.321646341463415,1,0.305007587253414,0.323529411764706,0.320061255742726,0.330792682926829,1,1,0.325508607198748,0.318112633181126,1,1,0.31969696969697,0.234567901234568,0.0133333333333333,0.690993788819876,1,0,0.309667673716012,1,0.317757009345794,0.305810397553517,0.315548780487805,0.996894409937888,1,1,0.326378539493294,0.312893081761006,0.309880239520958,0.678955453149002,0.301391035548686,1,0.337962962962963,1,1,0.426810477657935,0.324492979719189,0.322188449848024,0.322033898305085,0.301223241590214,0.315301391035549,0.646417445482866,1,1,0.314112291350531,0.00153139356814701,0.323353293413174,0.31508875739645,0.321212121212121,0.305722891566265,0.300925925925926,0.319277108433735,0.697568389057751,0.357466063348416,0.306766917293233,1,0.320754716981132,1,0.309230769230769,0.308777429467085,0.311728395061728,0.324492979719189,0.306603773584906,1,0.32,0.806451612903226,1,1,1,1,1,0.898894154818325,1,1,1,0.317073170731707,1,0.3232,0,1,0.388467374810319,1,0.31937984496124,0.3171875,0.309559939301973,0.419207317073171,1,0.320552147239264,1,1,1,1,0,0.315870570107858,1,1,0.317411402157165,1,0.320726172465961,1,1,0.307931570762053,0.324492979719189,0.302891933028919,0.146831530139104,0.321928460342146,0,0.594634873323398,1,0.317073170731707,0.320373250388802,0.583963691376702,1,1,0.323943661971831,0.328787878787879,1,0.662595419847328,0.698412698412698,0.305164319248826,0.317307692307692,0.99406528189911,0.324074074074074,0.305059523809524,1,0.312977099236641,0.309090909090909,1,0.308411214953271,0.314553990610329,0.311926605504587,0.315384615384615,1,1,1,0.308157099697885,0.323076923076923,0.00759878419452888,0.995426829268293,0.322480620155039,1,1,0.307926829268293,0.322338830584708,0.298937784522003,0.31875,0.314329738058552,1,0.301391035548686,0.311349693251534,0.575516693163752,1,0.841368584758942,1,0,1,0.318862275449102,1,1,0.421538461538462,1,0.3198127925117,1,0.31104199066874,0.302469135802469,0.307339449541284,1,1,0.319277108433735,0.388178913738019,0.61171032357473,0.301412872841444,1,1,1,0.31875,1,0.2,1,1,1,1,0.321699544764795,1,0.317034700315457,0.329211746522411,0.679389312977099,0.30625,1,0.326717557251908,0.318991097922849,0.325984251968504,1,0.307922272047833,1,0.318518518518519,0.467275494672755,0.319571865443425,0.319314641744548,0.310606060606061,1,0.319938176197836,0.303405572755418,1,1,0.318318318318318,0.30640243902439,1,0.481146304675716,0.31201248049922,0.323029366306028,0.329770992366412,0.681470137825421,1,0.293375394321767,1,0.424806201550388,0.305772230889236,0,0.881381381381381,0.315625,0.310975609756098,0,0.0294117647058824,0.983076923076923,0.31733746130031,1,0.308641975308642,0.317610062893082,1,0.330815709969789,0.31733746130031,0.673879443585781,1,0.320493066255778,0.323170731707317,1,0.311077389984825,0.310126582278481,1,0.341389728096677,0.313291139240506,0.317972350230415,0.325115562403698,0.796352583586626,1,0.979655712050078,1,1,0,1,0.995447647951442,1,0.428790199081164,1,0.308734939759036,0.995515695067265,0.330218068535826,0.998468606431853,0.605654761904762,0.631336405529954,0.320726172465961,0.312781954887218,0.645209580838323,0.321766561514196,0,0.632307692307692,0.681747269890796,0.316998468606432,0,0.309923664122137,0.305936073059361,0.766718506998445,0.324615384615385,0.679273827534039,0.596463022508039,0.317972350230415,0.319148936170213,0.302290076335878,1,0.0220913107511046,0,0.315233785822021,0.33026113671275,0.329754601226994,1,0.337962962962963,0.320061255742726,1,0.305007587253414,0.947932618683001,0.580495356037152,1,1,0.995114006514658,0.321699544764795,0.614583333333333,0.329323308270677,0.307692307692308,0.316358024691358,0.429003021148036,1,0.314900153609831,1,0.314465408805031,0.315132605304212,1,0.317610062893082,1,0.323529411764706,1,1,0.31969696969697,0,1,0.32258064516129,1,0.559451219512195,1,0.512121212121212,1,0.549141965678627,1,0.324615384615385,1,1,1,0.315384615384615,0.321592649310873,0.318385650224215,0.343260188087774,0.331746031746032,0.307339449541284,1,0.319213313161876,1,1,0.328746177370031,0.321928460342146,0.311649016641452,0.381538461538462,0.319402985074627,1,1,0.326283987915408,0.3234375,0.631496062992126,0.588419405320814,0.311827956989247,0.31937984496124,1,0.303680981595092,0.315868263473054,0.995440729483283,0.304,0.308396946564885,0,0.13984962406015,0.313935681470138,0.682284040995608,0.318461538461538,0.315068493150685,0.600299401197605,0.998463901689708,0.304212168486739,1,0.320493066255778,0.347758887171561,0.313455657492355,0.469512195121951,0.311145510835913,1,0.326747720364742,0.32182103610675,0.332283464566929,0.682515337423313,1,0.329173166926677,0.318250377073906,0,0.326315789473684,1,0.9558599695586,1,0.309559939301973,0.322137404580153,0.321316614420063,0.596992481203008,1,0.595275590551181,0.329754601226994,1,1,0.969135802469136,0.674846625766871,0.328725038402458,0.355283307810107,0.320182094081942,0.317220543806647,1,1,0.522691705790297,0.636645962732919,1,1,1,0.695583596214511,1,0.324283559577677,0.682588597842835,1,0.324773413897281,0.319938176197836,0.318952234206472,1,1,0.644409937888199,0.319277108433735,1,1,0.318181818181818,0.30640243902439,1,0,0.318181818181818,0.305511811023622,0.00462249614791988,0.314112291350531,1,0.304416403785489,1,0.140695915279879,0,0.90881913303438,0.326251896813354,1,1,0,0,0.324574961360124,1,0.309262166405024,1,0.309148264984227,1,1,0.968847352024922,0.775417298937785,1,1,0.00460122699386503,1,0.524038461538462,0.325077399380805,0.670694864048338,0.321428571428571,1,0.302936630602782,0.676380368098159,1,1,0.314553990610329,0.624447717231222,0.329305135951662,0.589147286821705,0.973765432098765,0.319571865443425,0.604006163328197,0.00921658986175115,0.308623298033283,0.328703703703704,0.315233785822021,1,0.636500754147813,0.308510638297872,0.890769230769231,0.592879256965944,0.971342383107089,1,1,0.31651376146789,0.332283464566929,0.307086614173228,0.309923664122137,0.316742081447964,0.614925373134328,0.307352941176471,0,0.677891654465593,1,0.328787878787879,0.315132605304212,0.310236220472441,0.317365269461078,0.608497723823976,1,0.330849478390462,0.328725038402458,0.329652996845426,0.316118935837246,0.320061255742726,0.308641975308642,0.188536953242836,0.679506933744222,0.318529862174579,0.600605143721634,1,0.231481481481481,0.31839258114374,0.929245283018868,1,1,0.313546423135464,0.641993957703928,1,0.311278195488722,0.297674418604651,0.956521739130435,1,1,1,0.321156773211568,1,1,0.905426356589147,1,0.348484848484849,1,0.594637223974763,1,0.672230652503794,0.30625,0.598130841121495,1,1,0.993836671802773,0.322239031770045,0.326186830015314,0.324960753532182,0.316770186335404,0.320126782884311,0.323943661971831,0.984227129337539,0.308868501529052,1,1,0.717522658610272,0,0.313725490196078,0.315068493150685,0.681137724550898,1,0.56838905775076,0.323880597014925,0.654434250764526,0.312210200927357,0.322784810126582,1,0.31937984496124,0.312903225806452,0.695924764890282,0.910543130990415,0.321060382916053,0.60625,0.586046511627907,0.315233785822021,0.320872274143302,0.302003081664099,0.595054095826893,0.678353658536585,1,0.896923076923077,1,0.663189269746647,1,0.601538461538462,0.321483771251932,0.322327044025157,1,1,0.440366972477064,0.996860282574568,0.998473282442748,1,0.317757009345794,0.325190839694657,1,0.312775330396476,0.675344563552833,0.330246913580247,0.460829493087558,0.305164319248826,0,0.308157099697885,1,1,0.603343465045593,0,0.327794561933535,0.318042813455657,0.100917431192661,0.419047619047619,1,1,0.314674735249622,1,0.416282642089094,1,0.325958702064897,0.591743119266055,0.324655436447167,0.319018404907975,1,0,1,0.30379746835443,0.321981424148607,1,1,1,0.444444444444444,1,0.317901234567901,0.617737003058104,0.330275229357798,0.325984251968504,0,0.0379939209726444,1,0.633540372670807,1,0.330246913580247,0.326018808777429,1,1,0.154434250764526,0.307692307692308,1,0.904545454545455,1,0.319277108433735,0.202852614896989,0.674311926605505,1,1,1,1,1,0.285280728376328,0.308755760368664,1,0.116242038216561,0,0.450229709035222,0,0.329721362229102,1,0.676425269645609,1,1,0.901065449010654,1,0.682089552238806,1,1,1,1
"322",0.287539936102236,0.294753086419753,0.290880503144654,0.313195548489666,0.296238244514107,0.281645569620253,0.0096,0.30503144654088,0.287519747235387,0.589951377633712,0.297045101088647,0.6578125,0.5,0.309262166405024,1,1,0.639016897081413,0,0.311501597444089,0.2921875,1,1,0.306853582554517,0.5328125,0.293129770992366,1,1,0.31900826446281,0.289473684210526,0.512698412698413,1,0.578947368421053,0.351937984496124,0.996835443037975,0.688888888888889,0.293729372937294,0.143525741029641,0.301857585139319,1,0.283720930232558,0.00156739811912226,0,0,0.312302839116719,0.304140127388535,1,0.995334370139969,1,1,1,0.709828393135725,0.305732484076433,1,0.297674418604651,0.292117465224111,0.810289389067524,0.128824476650564,0.299679487179487,0.308166409861325,0.302066772655008,0.993855606758833,1,1,0.00476190476190476,0.293637846655791,0.302215189873418,0.672985781990521,0.305246422893482,0.630534351145038,1,0.300623052959502,1,1,0.243941841680129,0.165634674922601,0.293577981651376,1,0.995341614906832,0.303875968992248,1,0.621710526315789,1,1,0.309262166405024,1,0.302290076335878,0.297971918876755,0.303317535545024,0.294117647058824,0,0.306836248012719,0.305471124620061,0.705426356589147,0.601526717557252,0.29635499207607,0.657364341085271,0.702830188679245,0.297213622291022,0.135265700483092,0,0.289514866979656,0.646964856230032,1,0.303370786516854,1,0.303937007874016,0,0.295774647887324,1,1,1,0.287692307692308,0.996870109546166,0.306729264475743,0.214067278287462,0.285060975609756,1,0.387596899224806,1,1,0.2140625,0.288401253918495,1,1,0.313664596273292,1,0.298484848484848,0.299079754601227,0.384615384615385,0.770642201834862,0.296774193548387,1,0.307692307692308,0.652439024390244,0.32,1,0.00153846153846154,1,0.356012658227848,0.895934959349593,0.60126582278481,0.615625,0.292913385826772,0.303370786516854,1,0.291731669266771,1,0.288611544461778,0.493808049535604,0.312024353120244,1,0.294117647058824,0.29635499207607,0.305246422893482,0.307814992025518,1,0.282780410742496,1,0.440993788819876,0.309859154929577,1,0.300925925925926,1,0.609400324149109,0.297427652733119,1,0.289763779527559,0.296238244514107,0.308544303797468,0.989180834621329,0.306729264475743,1,0.300476947535771,1,0.292483660130719,1,0.617554858934169,0.279620853080569,0.0326797385620915,0.280193236714976,0.288188976377953,1,0.293023255813953,0.30379746835443,0.30173775671406,0.30829420970266,1,1,0.3024,0.305511811023622,1,1,0.302652106084243,0.246894409937888,0.0196969696969697,0.706624605678233,1,0.0015552099533437,0.294573643410853,1,0.300476947535771,0.295839753466872,0.289719626168224,0.996835443037975,1,1,0.307926829268293,0.296950240770466,0.294025157232704,0.69826224328594,0.287081339712919,1,0.330203442879499,1,1,0.429252782193959,0.300787401574803,0.298600311041991,0.304552590266876,0.290220820189274,0.2896,0.661993769470405,1,1,0.29393468118196,0.00464396284829721,0.30521472392638,0.293577981651376,0.303738317757009,0.291472868217054,0.28393135725429,0.29618320610687,0.712948517940718,0.379905808477237,0.281645569620253,1,0.306603773584906,1,0.289230769230769,0.289137380191693,0.292379471228616,0.306188925081433,0.29047619047619,1,0.30781010719755,0.788216560509554,1,1,0.998432601880878,1,1,0.900481540930979,1,1,1,0.302891933028919,1,0.298531810766721,0,1,0.393292682926829,1,0.303514376996805,0.308917197452229,0.30173775671406,0.434713375796178,1,0.300940438871473,1,1,1,1,0,0.3008,1,1,0.302362204724409,1,0.305900621118012,1,1,0.298107255520505,0.311897106109325,0.288854003139717,0.154574132492114,0.310236220472441,0,0.604580152671756,1,0.302180685358255,0.298076923076923,0.591331269349845,1,1,0.303715670436187,0.309409888357257,1,0.673946957878315,0.719298245614035,0.286173633440514,0.302100161550889,0.993920972644377,0.304278922345483,0.289156626506024,1,0.293838862559242,0.28858024691358,1,0.292259083728278,0.295886075949367,0.291277258566978,0.301092043681747,1,1,1,0.293185419968304,0.305863708399366,0.00611620795107034,0.992101105845182,0.308064516129032,1,1,0.295384615384615,0.305426356589147,0.289230769230769,0.296411856474259,0.294670846394984,1,0.287081339712919,0.293838862559242,0.586709886547812,1,0.837320574162679,1,0,1,0.308510638297872,1,1,0.434782608695652,1,0.30048465266559,1,0.289348171701113,0.284375,0.29393468118196,1,1,0.300469483568075,0.380560131795717,0.625,0.283699059561129,1,1,1,0.300970873786408,1,0.213836477987421,1,1,1,1,0.302936630602782,1,0.296774193548387,0.311526479750779,0.70077519379845,0.286858974358974,1,0.302362204724409,0.308157099697885,0.2928,1,0.288343558282209,1,0.305007587253414,0.461417322834646,0.305993690851735,0.301458670988655,0.293478260869565,1,0.309148264984227,0.28414442700157,1,1,0.302507836990596,0.290372670807453,1,0.489263803680982,0.291734197730956,0.304953560371517,0.3015625,0.701726844583987,1,0.287096774193548,1,0.430842607313196,0.291600633914422,0,0.877675840978593,0.297734627831715,0.305295950155763,0,0.0285714285714286,0.9796875,0.296529968454259,1,0.2984375,0.304,1,0.316109422492401,0.29264475743349,0.6875,1,0.304278922345483,0.304075235109718,1,0.298600311041991,0.29153605015674,1,0.357361963190184,0.286634460547504,0.294753086419753,0.315457413249211,0.789147286821705,1,0.982229402261712,1,1,0.00158478605388273,1,0.993808049535604,1,0.444272445820433,0.998392282958199,0.290076335877863,0.993855606758833,0.305164319248826,0.996870109546166,0.621004566210046,0.650306748466258,0.302611367127496,0.297380585516179,0.659409020217729,0.297906602254428,0,0.640062597809077,0.706451612903226,0.294117647058824,0.00155763239875389,0.293478260869565,0.283255086071987,0.768253968253968,0.305295950155763,0.704113924050633,0.613162118780096,0.296062992125984,0.297971918876755,0.276729559748428,1,0.0294550810014728,0,0.302469135802469,0.303738317757009,0.31201248049922,1,0.345425867507886,0.293291731669267,1,0.290322580645161,0.939778129952456,0.583465818759936,1,1,0.993377483443709,0.303543913713405,0.621705426356589,0.302891933028919,0.302100161550889,0.295774647887324,0.430340557275542,1,0.289389067524116,1,0.305057096247961,0.302884615384615,1,0.303514376996805,1,0.307324840764331,1,1,0.300787401574803,0,1,0.297971918876755,1,0.557959814528594,1,0.5296875,1,0.563779527559055,1,0.297297297297297,1,1,1,0.293185419968304,0.306089743589744,0.298921417565485,0.325732899022801,0.344715447154472,0.284820031298905,1,0.303125,1,1,0.308892355694228,0.30173775671406,0.294207317073171,0.374608150470219,0.304615384615385,1,1,0.314641744548287,0.297939778129952,0.656910569105691,0.609250398724083,0.291798107255521,0.296650717703349,1,0.295665634674923,0.295795795795796,0.995253164556962,0.292682926829268,0.289514866979656,0,0.145285935085008,0.302507836990596,0.701515151515152,0.291079812206573,0.304347826086957,0.613394216133942,0.998444790046656,0.292527821939587,1,0.295774647887324,0.332268370607029,0.2944,0.462848297213622,0.2928,1,0.296875,0.301109350237718,0.309178743961353,0.702909647779479,1,0.305732484076433,0.301857585139319,0,0.307931570762053,1,0.9546875,1,0.303599374021909,0.301092043681747,0.290679304897314,0.598145285935085,1,0.613057324840764,0.311216429699842,1,1,0.965891472868217,0.696343402225755,0.315372424722662,0.346749226006192,0.301391035548686,0.294209702660407,1,1,0.528753993610224,0.651898734177215,1,1,1,0.709415584415584,1,0.309597523219814,0.698587127158556,1,0.302034428794992,0.302215189873418,0.302694136291601,0.998447204968944,1,0.664495114006515,0.302652106084243,1,1,0.304552590266876,0.298299845440495,1,0,0.2914653784219,0.294303797468354,0.00473186119873817,0.298165137614679,1,0.292134831460674,1,0.154798761609907,0,0.904255319148936,0.302147239263804,1,1,0,0.0015552099533437,0.303317535545024,1,0.2976,0.998475609756098,0.2912,1,0.998402555910543,0.963722397476341,0.768518518518518,1,1,0.003125,1,0.539452495974235,0.31687898089172,0.690402476780186,0.310975609756098,1,0.28525641025641,0.694227769110764,1,1,0.293354943273906,0.635542168674699,0.307453416149068,0.6,0.973143759873618,0.313385826771654,0.621875,0.00943396226415094,0.297169811320755,0.300940438871473,0.301857585139319,1,0.649310872894334,0.293846153846154,0.88801261829653,0.602870813397129,0.967791411042945,1,1,0.289968652037618,0.313195548489666,0.287319422150883,0.28902627511592,0.290625,0.62691131498471,0.288135593220339,0,0.695324283559578,0.998461538461539,0.305900621118012,0.285939968404423,0.302250803858521,0.301391035548686,0.616719242902208,1,0.310185185185185,0.307324840764331,0.30278232405892,0.296650717703349,0.296466973886329,0.292527821939587,0.203100775193798,0.702746365105008,0.296529968454259,0.612213740458015,1,0.244929797191888,0.2953125,0.922098569157393,1,1,0.294025157232704,0.660377358490566,1,0.298136645962733,0.274881516587678,0.955342902711324,1,1,0.996753246753247,0.29559748427673,1,1,0.89358372456964,1,0.330232558139535,1,0.611021069692058,1,0.690993788819876,0.29047619047619,0.615506329113924,1,1,0.993710691823899,0.310664605873261,0.300940438871473,0.306946688206785,0.305246422893482,0.305993690851735,0.303514376996805,0.984276729559748,0.285271317829457,1,1,0.710280373831776,0,0.301242236024845,0.299373040752351,0.693939393939394,1,0.579937304075235,0.303353658536585,0.665620094191523,0.292332268370607,0.296474358974359,1,0.296529968454259,0.290375203915171,0.682692307692308,0.905448717948718,0.303892215568862,0.621187800963082,0.593004769475358,0.313572542901716,0.305993690851735,0.28816199376947,0.607535321821036,0.700475435816165,1,0.894904458598726,1,0.688372093023256,0.998397435897436,0.609177215189873,0.29320987654321,0.307073954983923,1,1,0.443396226415094,0.993569131832797,0.996913580246914,1,0.297805642633229,0.300314465408805,1,0.296686746987952,0.697819314641745,0.307936507936508,0.467716535433071,0.281098546042003,0,0.290171606864275,1,1,0.608895705521472,0.00154798761609907,0.313291139240506,0.304140127388535,0.0977917981072555,0.409677419354839,1,1,0.292834890965732,1,0.431061806656101,1,0.307692307692308,0.598116169544741,0.304897314375987,0.292569659442724,1,0,1,0.294498381877023,0.297939778129952,1,1,1,0.42604501607717,1,0.302215189873418,0.63944530046225,0.303738317757009,0.305057096247961,0.00154320987654321,0.0408163265306122,1,0.637795275590551,1,0.308411214953271,0.307317073170732,1,1,0.165625,0.292569659442724,1,0.90527950310559,1,0.300925925925926,0.217527386541471,0.686520376175549,1,1,1,1,1,0.269938650306748,0.288216560509554,1,0.129032258064516,0.00159235668789809,0.452418096723869,0,0.302839116719243,1,0.694968553459119,1,1,0.891338582677165,1,0.707165109034268,1,1,1,1
"323",1,1,1,1,1,1,0.705882352941177,1,1,0.097331240188383,1,0.0423600605143722,0.80811232449298,1,0.3109375,0.295839753466872,0.0670731707317073,0.696682464454976,1,1,0.283048211508554,0.309148264984227,1,0.160550458715596,1,0.319634703196347,0.309262166405024,1,1,0.782334384858044,0.30030487804878,0.72768532526475,0.969650986342944,0.301857585139319,0,1,0.53951367781155,1,0.294117647058824,1,0.678516228748068,0.686153846153846,0.701046337817638,1,1,0.311424100156495,0.298600311041991,0.29803328290469,0.3202416918429,0.315548780487805,0,1,0.305597579425113,1,1,0.496111975116641,0.56656346749226,1,1,1,0.321156773211568,0.309707241910632,0.308166409861325,0.690140845070423,1,1,0.0372093023255814,1,0.0592592592592593,0.313725490196078,1,0.318112633181126,0.3140625,0.963949843260188,0.516228748068006,1,0.298780487804878,0.331325301204819,1,0.30952380952381,0.0870253164556962,0.315870570107858,0.315384615384615,1,0.333333333333333,1,1,1,1,0.700607902735562,1,1,0.00152671755725191,0.106382978723404,1,0.0451807228915663,0,1,0.568253968253968,0.690402476780186,1,0.0569230769230769,0.311526479750779,1,0.308166409861325,1,0.690076335877863,1,0.312210200927357,0.309341500765697,0.311450381679389,1,0.312977099236641,1,0.492469879518072,1,0.306153846153846,0.308166409861325,0.318047337278107,0.311424100156495,0.482334869431644,1,0.318796992481203,0.313195548489666,1,0.301223241590214,1,1,0.33953488372093,0.543964232488823,1,0.310077519379845,1,0.0451127819548872,1,0.306766917293233,0.675925925925926,0.322137404580153,0.931087289433384,0.411764705882353,0.101851851851852,0.0946564885496183,1,1,0.315548780487805,1,0.311111111111111,1,0.801815431164902,1,0.31619937694704,1,1,1,1,0.324655436447167,1,0.318252730109204,0.257966616084977,1,0.305263157894737,1,0.293759512937595,0.0856269113149847,1,0.309006211180124,1,1,1,0.321212121212121,1,0.319083969465649,1,0.297839506172839,1,0.306853582554517,0.0796324655436447,1,0.645933014354067,1,1,0.314241486068111,1,1,1,1,0.315217391304348,0.304084720121029,1,1,0.308282208588957,0.292913385826772,1,0.454407294832827,0.676557863501484,0,0.313455657492355,0.672926447574335,1,0.315151515151515,1,1,1,0.3125,0.316265060240964,0.321766561514196,1,1,1,0,1,0.300940438871473,0.975,0.320373250388802,0.301684532924962,0.747320061255743,1,1,1,1,1,0.0427480916030534,0.307453416149068,0.318181818181818,1,0.689863842662632,1,1,0.998454404945904,1,1,1,0.00457317073170732,0.328335832083958,1,0.294573643410853,1,0.294478527607362,1,1,1,1,1,0.313364055299539,1,0.496062992125984,0.315233785822021,0.316568047337278,0.30503144654088,0.317829457364341,0.323899371069182,0.40763358778626,0.320061255742726,0.314674735249622,0.297709923664122,1,0.310291858678955,1,0.70193740685544,0.300155520995334,0.319465081723626,0.327613104524181,1,1,1,0.261538461538462,0.303490136570561,1,0.31201248049922,0.316023738872404,0.304482225656878,0.312404287901991,0.685670261941448,1,0.315629742033384,0.304347826086957,1,0.291866028708134,1,0.304281345565749,0.30030959752322,1,1,1,0.549079754601227,1,0.695517774343122,0.0845697329376855,0.310872894333844,1,1,0.0960365853658537,0.317220543806647,0.323390894819466,1,1,0.288753799392097,0.0231124807395994,0.0031055900621118,1,1,0.329866270430906,0.998461538461539,1,0.30804248861912,1,1,0.309451219512195,1,1,1,1,0.323076923076923,0.300898203592814,0.321144674085851,1,1,0.676335877862595,0.305555555555556,1,0.307926829268293,0.295384615384615,1,1,1,1,1,0.322981366459627,1,1,0.102685624012638,0.32370820668693,0.483024691358025,0.297045101088647,0.678571428571429,0.308510638297872,1,0.309597523219814,0.324159021406728,0.264350453172205,0.313455657492355,1,0.314456035767511,1,1,1,0.307339449541284,0.312594840667678,1,0.92246835443038,0.0652173913043478,1,0.304747320061256,0.306853582554517,0.303543913713405,1,0.318731117824773,0.476993865030675,0.312693498452012,0.301075268817204,0.309597523219814,0.301538461538462,1,0.313755795981453,1,1,0,1,0.312307692307692,1,1,1,0.319875776397516,1,0.297971918876755,1,0.831306990881459,1,1,1,0.308282208588957,1,1,0.306870229007634,0.300763358778626,1,1,0.303215926493109,0.193353474320242,1,1,1,0,0.309262166405024,1,0.305471124620061,0.253869969040248,1,0.678843226788432,0.432835820895522,1,1,0.683582089552239,0.715151515151515,0.336434108527132,1,0.312883435582822,1,1,0.323029366306028,1,1,0.00611620795107034,0.315548780487805,1,1,0.312401883830455,1,1,0.300940438871473,0.340393343419062,1,1,1,0.521604938271605,0.304482225656878,0.335413416536661,0.308605341246291,0.319571865443425,0.69969040247678,0.317147192716237,0.316341829085457,0.301059001512859,0.243119266055046,0.312202852614897,1,0.305722891566265,1,0.302611367127496,0.0861027190332326,0.0488549618320611,1,1,0.0367534456355283,1,0.689024390243902,0.0428790199081164,0.0109375,1,0.685975609756098,1,1,0.549689440993789,1,0,0.0803149606299213,1,1,1,0.317484662576687,0.655882352941176,0.703403565640194,0.993939393939394,1,0.986175115207373,0.296466973886329,0.347222222222222,1,0.295774647887324,1,0.361963190184049,0.101721439749609,0.296520423600605,0.311377245508982,0.319148936170213,1,0.0840840840840841,1,1,1,0.259426847662142,0.319620253164557,1,0.307086614173228,1,1,0.304084720121029,1,0.318114874815906,1,0.301538461538462,0.313846153846154,1,0.691950464396285,0.311475409836066,1,0.309748427672956,0.759938837920489,0.304347826086957,0.155251141552511,0.317365269461078,0.76271186440678,0.297169811320755,1,0.321646341463415,0.332326283987915,0.289592760180996,1,1,1,0.971246006389776,0.338164251207729,1,0.310725552050473,1,0.317817014446228,0.308734939759036,1,1,1,0.918836140888208,1,0.300604229607251,0.312121212121212,1,1,0.05,0.0834621329211747,1,1,0.297805642633229,1,1,0.309597523219814,1,1,0.687022900763359,0.534638554216867,1,0,1,1,0.0973053892215569,0.316923076923077,1,0.309707241910632,1,0.967032967032967,1,0.819295558958652,1,0.324324324324324,1,1,1,0,0.302884615384615,1,1,0.683881064162754,1,0.306646525679758,0.348694316436252,0.313178294573643,1,1,1,0.0929878048780488,0.310344827586207,0.0921875,1,0.303490136570561,0.301515151515152,0.336890243902439,0,1,0.96048632218845,1,1,0.318885448916409,0.293674698795181,0.162826420890937,0.0389408099688473,0.313546423135464,0.303125,0.314112291350531,0.00156494522691706,0.307228915662651,1,0,0.306060606060606,1,1,1,0.310240963855422,0.309774436090226,0.0332278481012658,1,0.303875968992248,0.303625377643505,1,1,0.314728682170543,0.702265372168285,1,1,0.7109375,1,0.305936073059361,1,0.307219662058372,0.529770992366412,0.679817905918058,0.397321428571429,1,0.294561933534743,0.303951367781155,0.690909090909091,0.670229007633588,1,0.315233785822021,1,0.311746987951807,1,0.312404287901991,0.298107255520505,0.344512195121951,0.510736196319018,0.306729264475743,0.311526479750779,0.671317829457364,0.306990881458967,0.148387096774194,1,0,1,0.277950310559006,1,0,0.310291858678955,0.3109375,1,0.0583832335329341,1,0.0855365474339036,0.329230769230769,1,0.0661538461538462,0.68062015503876,1,1,1,0.304761904761905,0.0378787878787879,1,0.441896024464832,0.100156494522692,0.342424242424242,0.310708898944193,0.314199395770393,1,1,1,1,1,0.0631424375917768,0.995495495495496,0.693251533742331,0.00440528634361234,0.316666666666667,1,1,1,1,0.0833333333333333,0.310975609756098,1,1,1,1,1,1,0.493939393939394,0.00156739811912226,1,0.088145896656535,0.312883435582822,0.444790046656299,1,0.381172839506173,0.30064308681672,0.307332293291732,1,0.0396341463414634,0.309774436090226,1,1,0.358461538461538,0.301972685887709,0.302003081664099,0.314152410575428,1,0.316770186335404,0.312307692307692,0.4109375,0.312404287901991,0.975683890577508,0.30849478390462,0.0873015873015873,0.316358024691358,0,1,0.0845070422535211,0.299843014128728,0.309486780715397,0.306603773584906,1,1,1,1,1,1,0.321428571428571,1,0.308641975308642,0.30718954248366,0.597859327217125,0.685670261941448,1,1,0,0.311377245508982,0.120184899845917,1,0.0372670807453416,1,1,0.3109375,1,1,0.628346456692913,0.407936507936508,0.997084548104956,0.0816326530612245,0.0987460815047022,1,1,1,0.0920245398773006,0,0.310606060606061,0.418320610687023,0.312781954887218,0,0.323854660347551,0.0923317683881064,1,1,0.305722891566265,0.312883435582822,0.248085758039816,0.319182389937107,0.310030395136778,0.312693498452012,1,1,0.322884012539185,1,0,1,0.226917057902973,1,0.685410334346505,1,0.30521472392638,0.297971918876755,0.0763358778625954,0.688449848024316,1,1,0.787596899224806,0.897314375987362,0.309375,0.30298273155416,1,0.309486780715397,0.266666666666667,0.315541601255887,1,0.103500761035008,1,1,0.309341500765697,0.685534591194969,0.306376360808709,1,1,0.301204819277108,0.295558958652374,0.310136157337368,0.853810264385692,0.309006211180124,1,0.0542168674698795,1,1,0.701674277016743,0.655963302752294,0.317460317460317,0.0549618320610687,0.314589665653495,1,1,0.299539170506912,0.32,0.624427480916031,1,0.30421686746988,0.367316341829085,0.304878048780488,0.987786259541985,0.468847352024922,0.00303030303030303,0.298937784522003,0.321907600596125,0.312989045383412,0.307086614173228,0.308035714285714,0.971299093655589,1,0.30757341576507,0.55448717948718,0.691588785046729,0.238167938931298,0.693163751987281,1,0.313161875945537,0.00314465408805031,0.31859756097561,0.303215926493109,0.355623100303951,0.310077519379845,0,0.321538461538462,0.310077519379845,0.311248073959938,0.30521472392638
"324",1,1,1,1,1,1,0.697452229299363,1,1,0.0959119496855346,1,0.0428790199081164,0.815503875968992,1,0.324451410658307,0.312210200927357,0.0627871362940276,0.67524115755627,1,1,0.29984544049459,0.322981366459627,1,0.15015479876161,1,0.33535660091047,0.32753164556962,1,1,0.784496124031008,0.31832298136646,0.743076923076923,0.963525835866261,0.318952234206472,0,1,0.536585365853659,1,0.300455235204856,1,0.662576687116564,0.668202764976959,0.686453576864536,1,1,0.324960753532182,0.324615384615385,0.314674735249622,0.331797235023041,0.332826747720365,0,1,0.321156773211568,1,1,0.506976744186047,0.55868544600939,1,1,1,0.337878787878788,0.320433436532508,0.325545171339564,0.673879443585781,1,1,0.0310077519379845,1,0.0552238805970149,0.327769347496206,1,0.32,0.326053042121685,0.966666666666667,0.504545454545455,1,0.318952234206472,0.344360902255639,1,0.318541996830428,0.0843949044585987,0.336434108527132,0.332819722650231,1,0.345146379044684,1,1,1,1,0.685099846390169,1,1,0,0.103030303030303,1,0.0423600605143722,0,1,0.555555555555556,0.670886075949367,1,0.0505359877488515,0.321266968325792,1,0.321592649310873,1,0.673813169984686,1,0.326120556414219,0.328290468986384,0.323076923076923,1,0.334862385321101,1,0.485540334855403,1,0.317073170731707,0.293663060278207,0.329850746268657,0.322932917316693,0.473118279569892,0.998473282442748,0.329323308270677,0.3203125,1,0.315233785822021,1,1,0.315870570107858,0.552193645990923,1,0.322981366459627,1,0.0388059701492537,1,0.323262839879154,0.663650075414781,0.334876543209877,0.937116564417178,0.443561208267091,0.0987460815047022,0.0910493827160494,1,1,0.330781010719755,1,0.328808446455505,1,0.815431164901664,1,0.332278481012658,1,1,1,1,0.344667697063369,1,0.332293291731669,0.245454545454545,1,0.316666666666667,1,0.311077389984825,0.0832025117739403,1,0.319314641744548,1,1,1,0.341049382716049,1,0.328725038402458,1,0.314900153609831,1,0.329211746522411,0.073959938366718,1,0.632,1,1,0.330708661417323,1,1,1,1,0.325153374233129,0.31866464339909,1,0.998422712933754,0.322239031770045,0.31619937694704,1,0.4375,0.663204747774481,0,0.31859756097561,0.661538461538462,1,0.326315789473684,1,0.998500749625187,1,0.326153846153846,0.329305135951662,0.336492890995261,1,1,1,0,1,0.316037735849057,0.978294573643411,0.33641975308642,0.316358024691358,0.754198473282443,1,1,1,1,1,0.0415384615384615,0.322834645669291,0.329770992366412,1,0.671191553544495,1,1,0.998473282442748,0.998491704374057,1,1,0.00154083204930663,0.30688622754491,1,0.312210200927357,1,0.311248073959938,1,1,1,1,1,0.327160493827161,1,0.514728682170543,0.335384615384615,0.341538461538462,0.316770186335404,0.330815709969789,0.332302936630603,0.422647527910686,0.333333333333333,0.320668693009119,0.317972350230415,1,0.325617283950617,1,0.677760968229955,0.31441717791411,0.305936073059361,0.335913312693498,1,1,1,0.253477588871716,0.325652841781874,1,0.3296875,0.335843373493976,0.319508448540707,0.322678843226788,0.670278637770898,1,0.330289193302892,0.3296875,1,0.311216429699842,1,0.321375186846039,0.32093023255814,1,1,1,0.525821596244131,1,0.689127105666156,0.0819672131147541,0.329738058551618,1,1,0.0968229954614221,0.333846153846154,0.340157480314961,1,1,0.31306990881459,0.0212121212121212,0.0015625,1,1,0.343373493975904,0.998461538461539,1,0.317293233082707,1,1,0.327794561933535,1,1,1,1,0.332819722650231,0.322436849925706,0.329738058551618,1,1,0.669172932330827,0.328197226502311,1,0.322338830584708,0.305426356589147,1,1,0.998473282442748,1,1,0.329249617151608,1,1,0.106180665610143,0.334841628959276,0.501543209876543,0.310452418096724,0.664586583463339,0.319571865443425,1,0.315548780487805,0.334890965732087,0.257966616084977,0.322727272727273,1,0.335294117647059,1,1,1,0.317484662576687,0.3267776096823,0.998463901689708,0.922345483359746,0.0566929133858268,1,0.321646341463415,0.328125,0.315873015873016,1,0.333836858006042,0.461068702290076,0.330289193302892,0.321981424148607,0.328100470957614,0.313479623824451,1,0.337007874015748,1,1,0,1,0.330769230769231,1,1,1,0.336990595611285,1,0.321372854914197,1,0.844984802431611,1,1,1,0.322137404580153,1,1,0.318952234206472,0.319444444444444,1,1,0.323943661971831,0.182634730538922,1,0.998480243161094,1,0,0.317262830482115,1,0.311827956989247,0.243034055727554,1,0.662613981762918,0.445966514459665,1,1,0.670087976539589,0.698757763975155,0.356589147286822,1,0.325190839694657,1,1,0.340659340659341,1,0.9984375,0.00610687022900763,0.333846153846154,1,1,0.332814930015552,1,1,0.311349693251534,0.328767123287671,1,1,1,0.540458015267176,0.321646341463415,0.350387596899225,0.326055312954876,0.344461305007587,0.68380062305296,0.337837837837838,0.33535660091047,0.321375186846039,0.234930448222566,0.327044025157233,1,0.328849028400598,0.998463901689708,0.325227963525836,0.0823529411764706,0.048411497730711,1,1,0.036697247706422,1,0.677224736048265,0.0368663594470046,0.00933125972006221,1,0.66820987654321,1,1,0.541085271317829,1,0,0.0771653543307087,1,1,1,0.335413416536661,0.638643067846608,0.687600644122383,0.992458521870287,1,0.983483483483483,0.307098765432099,0.332822085889571,1,0.310664605873261,1,0.37962962962963,0.0998439937597504,0.316666666666667,0.330838323353293,0.348534201954397,1,0.0762331838565022,1,1,1,0.251885369532428,0.325581395348837,1,0.325688073394495,1,1,0.321212121212121,1,0.326409495548961,1,0.311424100156495,0.33179012345679,1,0.674884437596302,0.320417287630402,1,0.31619937694704,0.770642201834862,0.317293233082707,0.156297420333839,0.331825037707391,0.774193548387097,0.315047021943574,1,0.334869431643625,0.349544072948328,0.296969696969697,1,1,1,0.96969696969697,0.329133858267717,1,0.330173775671406,1,0.33122028526149,0.324812030075188,1,1,1,0.919083969465649,1,0.316666666666667,0.332326283987915,1,1,0.0471698113207547,0.0753532182103611,1,1,0.308892355694228,1,1,0.312111801242236,1,1,0.668231611893584,0.52914798206278,1,0,1,1,0.100151745068285,0.334370139968896,1,0.328703703703704,0.998480243161094,0.968895800933126,0.998447204968944,0.832326283987915,1,0.331768388106416,1,1,1,0,0.32120253164557,1,1,0.66304347826087,1,0.32469512195122,0.366153846153846,0.328267477203647,1,1,1,0.0866261398176292,0.328025477707006,0.0864779874213836,0.998430141287284,0.319148936170213,0.320182094081942,0.358024691358025,0,1,0.958397534668721,1,1,0.321981424148607,0.311844077961019,0.155145929339478,0.036979969183359,0.322085889570552,0.314814814814815,0.334848484848485,0,0.320061255742726,1,0,0.323216995447648,1,1,1,0.324655436447167,0.326807228915663,0.0297805642633229,1,0.321428571428571,0.310708898944193,1,1,0.329738058551618,0.690966719492868,1,1,0.688372093023256,1,0.311278195488722,1,0.331259720062208,0.515015015015015,0.657099697885196,0.413333333333333,1,0.303437967115097,0.317829457364341,0.672281776416539,0.659159159159159,1,0.330792682926829,1,0.33134328358209,1,0.329211746522411,0.315955766192733,0.351226993865031,0.523378582202112,0.319444444444444,0.317262830482115,0.65891472868217,0.324200913242009,0.141045958795563,1,0,1,0.300623052959502,1,0,0.327718223583461,0.326625386996904,1,0.0524781341107872,1,0.0838414634146342,0.3421875,1,0.0595419847328244,0.663125948406677,1,1,1,0.324960753532182,0.0359820089955022,1,0.432515337423313,0.0933544303797468,0.36036036036036,0.327769347496206,0.329787234042553,1,1,1,1,1,0.0585585585585586,0.995447647951442,0.68558282208589,0.00146198830409357,0.330289193302892,1,1,1,1,0.0825688073394495,0.316666666666667,1,1,1,1,1,1,0.481203007518797,0,1,0.0809160305343511,0.326283987915408,0.421613394216134,1,0.403453689167975,0.314375987361769,0.321483771251932,1,0.0354391371340524,0.323076923076923,1,1,0.379527559055118,0.31570996978852,0.323619631901841,0.322683706070288,0.998463901689708,0.326594090202177,0.320300751879699,0.421133231240429,0.324116743471582,0.972602739726027,0.32078313253012,0.0794392523364486,0.326086956521739,0,1,0.0852713178294574,0.311424100156495,0.321044546850998,0.322327044025157,1,1,1,1,1,1,0.335949764521193,1,0.321483771251932,0.323432343234323,0.602446483180428,0.670769230769231,1,1,0,0.33034379671151,0.116279069767442,0.998496240601504,0.0321592649310873,1,1,0.320373250388802,1,1,0.627329192546584,0.414944356120827,0.995601173020528,0.0766823161189358,0.0916271721958926,1,1,1,0.0880989180834621,0,0.32579185520362,0.431643625192012,0.322962962962963,0,0.332298136645963,0.0832025117739403,1,1,0.329286798179059,0.32262996941896,0.243119266055046,0.339035769828927,0.323216995447648,0.328197226502311,1,1,0.330232558139535,1,0,1,0.218604651162791,1,0.665130568356375,1,0.318042813455657,0.315541601255887,0.0725075528700906,0.665658093797277,1,1,0.774494556765163,0.902555910543131,0.326594090202177,0.329617834394904,1,0.320668693009119,0.248062015503876,0.328149300155521,1,0.0955315870570108,1,1,0.324615384615385,0.674961119751166,0.322884012539185,1,1,0.312121212121212,0.314024390243902,0.326315789473684,0.859784283513097,0.31937984496124,1,0.0504587155963303,1,1,0.69478527607362,0.644615384615385,0.335413416536661,0.0521472392638037,0.335394126738794,1,1,0.32258064516129,0.329738058551618,0.621580547112462,1,0.318250377073906,0.381381381381381,0.316590563165906,0.984779299847793,0.467289719626168,0.00305810397553517,0.311077389984825,0.337260677466863,0.337539432176656,0.323854660347551,0.322188449848024,0.972350230414747,1,0.320552147239264,0.537360890302067,0.67906976744186,0.230769230769231,0.684887459807074,1,0.328682170542636,0.00307692307692308,0.334375,0.315870570107858,0.36906584992343,0.322981366459627,0,0.337962962962963,0.326594090202177,0.326530612244898,0.318250377073906
"325",0.998420221169036,0.998449612403101,1,1,0.998452012383901,1,0.713836477987421,1,0.998470948012232,0.0979133226324237,1,0.0446153846153846,0.806603773584906,0.998439937597504,0.305900621118012,0.298136645962733,0.0631741140215717,0.702746365105008,0.998468606431853,0.998430141287284,0.272865853658537,0.303738317757009,0.998463901689708,0.160741885625966,0.998487140695915,0.316030534351145,0.303937007874016,0.998407643312102,0.998449612403101,0.791208791208791,0.294851794071763,0.730886850152905,0.961948249619482,0.297339593114241,0,1,0.555900621118012,1,0.283987915407855,0.998456790123457,0.683641975308642,0.684615384615385,0.713004484304933,0.998417721518987,0.998432601880878,0.302215189873418,0.291731669266771,0.290076335877863,0.304615384615385,0.311248073959938,0.00152439024390244,0.998427672955975,0.292424242424242,1,0.998461538461539,0.49607535321821,0.575516693163752,0.998432601880878,0.998452012383901,1,0.310769230769231,0.302507836990596,0.300157977883096,0.692780337941628,0.998417721518987,0.998454404945904,0.0373250388802488,0.998444790046656,0.0523952095808383,0.300604229607251,0.998468606431853,0.307453416149068,0.3104,0.964912280701754,0.518518518518518,0.998480243161094,0.299093655589124,0.326717557251908,0.998454404945904,0.299679487179487,0.0858505564387917,0.309006211180124,0.306729264475743,0.998468606431853,0.324116743471582,0.998496240601504,0.998425196850394,0.998435054773083,0.998444790046656,0.701834862385321,0.998410174880763,0.998475609756098,0.00154320987654321,0.106317411402157,0.998461538461539,0.0451807228915663,0,0.998480243161094,0.580385852090032,0.686915887850467,0.998442367601246,0.0526315789473684,0.294117647058824,0.998402555910543,0.297805642633229,0.998439937597504,0.699844479004666,0.998410174880763,0.299843014128728,0.303738317757009,0.304878048780488,0.998449612403101,0.315467075038285,0.998463901689708,0.491577335375191,0.998502994011976,0.295774647887324,0.300613496932515,0.308383233532934,0.297339593114241,0.480798771121352,1,0.30381679389313,0.301435406698565,0.998470948012232,0.292048929663609,0.998522895125554,0.998484848484849,0.330781010719755,0.534743202416918,0.998405103668262,0.2953125,0.998420221169036,0.0403587443946188,0.998407643312102,0.300613496932515,0.69431643625192,0.313971742543171,0.93167701863354,0.409309791332263,0.100156494522692,0.0987654320987654,0.998473282442748,0.998402555910543,0.317111459968603,0.998439937597504,0.299093655589124,0.998452012383901,0.801872074882995,0.998470948012232,0.309148264984227,0.998463901689708,0.998444790046656,0.998430141287284,0.998432601880878,0.323943661971831,0.9984375,0.308544303797468,0.254992319508449,0.998484848484849,0.299093655589124,0.998461538461539,0.297971918876755,0.0864779874213836,0.998410174880763,0.301710730948678,0.998461538461539,0.998456790123457,0.998435054773083,0.315548780487805,0.998449612403101,0.316770186335404,0.998449612403101,0.289473684210526,1,0.30298273155416,0.0723076923076923,1,0.645631067961165,0.998432601880878,0.998454404945904,0.302694136291601,1,0.998456790123457,0.998463901689708,0.998442367601246,0.313479623824451,0.293129770992366,0.998412698412698,1,0.304747320061256,0.289808917197452,1,0.452566096423017,0.680597014925373,0.0015600624024961,0.306027820710974,0.683229813664596,1,0.310030395136778,0.998410174880763,1,1,0.298003072196621,0.309063893016345,0.310725552050473,0.998484848484849,1,1,0.00157977883096367,0.998449612403101,0.294488188976378,0.976635514018692,0.307210031347962,0.295489891135303,0.7398753894081,0.998435054773083,0.998482549317147,1,0.998470948012232,0.9984375,0.0429936305732484,0.302362204724409,0.316998468606432,0.998454404945904,0.690658499234303,1,0.998484848484849,0.996860282574568,1,0.998456790123457,0.998482549317147,0.00613496932515337,0.320726172465961,0.998463901689708,0.298107255520505,1,0.280864197530864,0.998466257668712,0.998427672955975,0.998454404945904,0.998417721518987,0.998392282958199,0.310725552050473,1,0.506309148264984,0.316692667706708,0.312977099236641,0.3,0.301710730948678,0.315301391035549,0.407523510971787,0.314641744548287,0.307453416149068,0.296803652968037,1,0.305900621118012,1,0.704097116843703,0.30298273155416,0.31306990881459,0.310725552050473,1,0.998452012383901,1,0.259720062208398,0.294027565084227,0.998466257668712,0.299373040752351,0.30804248861912,0.297213622291022,0.301684532924962,0.6984375,0.998447204968944,0.31039755351682,0.299524564183835,0.998449612403101,0.2890625,0.998480243161094,0.296969696969697,0.292117465224111,0.998430141287284,0.998405103668262,0.998463901689708,0.53858024691358,0.998427672955975,0.694915254237288,0.0772727272727273,0.306729264475743,0.998452012383901,0.998430141287284,0.0942812982998454,0.301710730948678,0.306709265175719,1,0.998435054773083,0.292792792792793,0.0233644859813084,0.00477707006369427,0.9984375,0.998420221169036,0.325153374233129,0.996870109546166,0.998496240601504,0.299093655589124,1,0.998452012383901,0.310185185185185,0.998444790046656,0.998456790123457,0.998482549317147,0.998447204968944,0.310344827586207,0.288490284005979,0.307568438003221,0.998459167950693,0.998444790046656,0.682926829268293,0.300763358778626,0.998417721518987,0.298937784522003,0.289230769230769,1,0.998473282442748,1,0.998449612403101,0.998466257668712,0.3125,0.998405103668262,0.998442367601246,0.107255520504732,0.313161875945537,0.478125,0.29559748427673,0.685271317829457,0.298461538461538,0.998493975903614,0.298299845440495,0.316118935837246,0.254961832061069,0.306060606060606,1,0.306766917293233,0.998439937597504,0.998417721518987,1,0.291798107255521,0.30316742081448,1,0.924679487179487,0.0646687697160883,0.998432601880878,0.298136645962733,0.299684542586751,0.29922480620155,0.998417721518987,0.311450381679389,0.470588235294118,0.310077519379845,0.279937791601866,0.303937007874016,0.29153605015674,0.998477929984779,0.309375,0.998394863563403,0.998459167950693,0.00156739811912226,0.998425196850394,0.309148264984227,0.998452012383901,1,0.998417721518987,0.302469135802469,0.998459167950693,0.290880503144654,0.998491704374057,0.826893353941267,0.998473282442748,0.998435054773083,0.998470948012232,0.298299845440495,1,0.998430141287284,0.291666666666667,0.300925925925926,1,0.998449612403101,0.300911854103343,0.19629057187017,0.998394863563403,1,0.998480243161094,0.00153846153846154,0.2953125,0.998425196850394,0.29984544049459,0.24685534591195,1,0.688172043010753,0.425076452599388,1,0.998444790046656,0.694736842105263,0.720430107526882,0.333848531684699,0.998459167950693,0.306501547987616,0.9984375,1,0.3140625,0.998452012383901,1,0.0107858243451464,0.309409888357257,0.998447204968944,0.998435054773083,0.31496062992126,0.998473282442748,0.998405103668262,0.291798107255521,0.337404580152672,1,1,1,0.525423728813559,0.29984544049459,0.326086956521739,0.30849478390462,0.313546423135464,0.7078125,0.31039755351682,0.305164319248826,0.297546012269939,0.2398753894081,0.307814992025518,0.998482549317147,0.313636363636364,1,0.298165137614679,0.0795795795795796,0.0479134466769706,0.998466257668712,1,0.0372670807453416,1,0.701674277016743,0.0464396284829721,0.0126182965299685,0.998468606431853,0.686635944700461,0.9984375,0.998475609756098,0.525902668759812,0.998466257668712,0.00155038759689922,0.0744849445324881,1,0.998477929984779,1,0.309859154929577,0.657698056801196,0.708064516129032,0.992248062015504,0.998466257668712,0.982758620689655,0.284829721362229,0.333333333333333,0.998470948012232,0.284820031298905,0.998473282442748,0.349768875192604,0.101880877742947,0.301369863013699,0.306427503736921,0.31438127090301,1,0.0802469135802469,0.998477929984779,0.998430141287284,1,0.261136712749616,0.30379746835443,0.9984375,0.304552590266876,0.9984,0.998407643312102,0.295208655332303,0.998407643312102,0.305514157973174,1,0.292452830188679,0.304953560371517,0.998463901689708,0.691472868217054,0.296296296296296,1,0.295133437990581,0.760061919504644,0.299850074962519,0.16236722306525,0.304675716440422,0.770542635658915,0.290372670807453,0.998410174880763,0.305936073059361,0.31733746130031,0.276758409785933,0.998447204968944,1,0.998466257668712,0.967741935483871,0.336025848142165,0.998473282442748,0.311111111111111,0.998454404945904,0.3024,0.295795795795796,0.998482549317147,0.998447204968944,1,0.922360248447205,0.998491704374057,0.29618320610687,0.301242236024845,0.998470948012232,1,0.0438184663536776,0.0800627943485086,0.998452012383901,0.998442367601246,0.292721518987342,0.998461538461539,0.998489425981873,0.2953125,0.998405103668262,0.998463901689708,0.694835680751174,0.543247344461305,1,0.00149700598802395,0.998420221169036,0.998480243161094,0.100903614457831,0.318181818181818,1,0.313084112149533,1,0.967441860465116,1,0.815267175572519,0.998430141287284,0.3168,0.998456790123457,1,0.998389694041868,0,0.308426073131955,0.998394863563403,0.998468606431853,0.683881064162754,0.998480243161094,0.30757341576507,0.348159509202454,0.312883435582822,1,1,0.998420221169036,0.086890243902439,0.29984544049459,0.0874403815580286,1,0.293313069908815,0.295902883156297,0.34715821812596,0.00158730158730159,1,0.961180124223602,0.998452012383901,0.998496240601504,0.306976744186047,0.284615384615385,0.161442006269592,0.037914691943128,0.304012345679012,0.297805642633229,0.305936073059361,0.0016025641025641,0.29249617151608,0.998475609756098,0.00154798761609907,0.308157099697885,0.998463901689708,0.998456790123457,0.9984375,0.305555555555556,0.303215926493109,0.0353130016051364,0.998480243161094,0.302652106084243,0.298325722983257,0.998454404945904,0.998459167950693,0.301092043681747,0.713365539452496,0.998427672955975,1,0.701421800947867,0.998473282442748,0.288549618320611,0.998425196850394,0.294851794071763,0.541729893778452,0.687878787878788,0.39236641221374,0.998477929984779,0.282442748091603,0.305426356589147,0.694992412746586,0.682515337423313,0.998439937597504,0.307575757575758,1,0.309667673716012,0.998415213946117,0.299382716049383,0.296998420221169,0.333333333333333,0.510802469135803,0.308056872037915,0.294952681388013,0.674015748031496,0.295839753466872,0.151033386327504,1,0.00152905198776758,1,0.285939968404423,0.998449612403101,0.0015552099533437,0.308282208588957,0.304897314375987,0.998410174880763,0.056047197640118,0.998444790046656,0.0834621329211747,0.322169059011164,0.998454404945904,0.0602782071097372,0.686028257456829,0.998425196850394,1,1,0.294871794871795,0.0396341463414634,0.998475609756098,0.420401854714065,0.0957613814756672,0.343987823439878,0.304615384615385,0.307926829268293,0.998442367601246,1,0.998447204968944,1,1,0.0614692653673163,0.995419847328244,0.703363914373089,0.00603318250377074,0.304347826086957,0.998456790123457,0.998452012383901,0.9984,0.998461538461539,0.0806201550387597,0.301075268817204,1,0.998435054773083,0.998425196850394,0.998439937597504,1,0.998439937597504,0.488514548238897,0.00313479623824451,0.998439937597504,0.0820668693009119,0.309006211180124,0.44031007751938,1,0.375394321766562,0.296,0.300153139356815,0.998444790046656,0.0417310664605873,0.306278713629403,0.998463901689708,1,0.35031847133758,0.295384615384615,0.299531981279251,0.300955414012739,1,0.315873015873016,0.307453416149068,0.391167192429022,0.299373040752351,0.975535168195719,0.302431610942249,0.0818619582664527,0.310030395136778,0,0.998447204968944,0.0877742946708464,0.29559748427673,0.302003081664099,0.301109350237718,0.998470948012232,0.998470948012232,0.998397435897436,0.998459167950693,0.998427672955975,0.998417721518987,0.32120253164557,1,0.303125,0.29672131147541,0.592933947772657,0.699523052464229,1,0.998461538461539,0.00153609831029186,0.300150829562594,0.120689655172414,1,0.0340557275541796,0.998442367601246,0.998430141287284,0.298245614035088,0.998422712933754,0.998389694041868,0.607476635514019,0.394904458598726,0.995601173020528,0.0758293838862559,0.0998439937597504,0.998461538461539,1,0.998454404945904,0.0824261275272162,0,0.30381679389313,0.419753086419753,0.296520423600605,0.00153846153846154,0.310832025117739,0.0862068965517241,0.998454404945904,0.998417721518987,0.303215926493109,0.300763358778626,0.2398753894081,0.31733746130031,0.296520423600605,0.304878048780488,0.998422712933754,1,0.309748427672956,0.998500749625187,0.00152905198776758,0.998449612403101,0.222222222222222,0.998435054773083,0.679938744257274,0.998473282442748,0.302147239263804,0.295418641390205,0.0769230769230769,0.687022900763359,0.998442367601246,0.998439937597504,0.795918367346939,0.893890675241158,0.303317535545024,0.306729264475743,0.998480243161094,0.303599374021909,0.252730109204368,0.304761904761905,0.998477929984779,0.0990853658536585,0.998442367601246,0.998439937597504,0.299065420560748,0.693650793650794,0.293838862559242,1,0.998412698412698,0.290322580645161,0.2921875,0.305084745762712,0.851500789889415,0.301916932907348,0.998439937597504,0.0507692307692308,0.998447204968944,0.998394863563403,0.713395638629283,0.666666666666667,0.3125,0.0564263322884013,0.310832025117739,0.998447204968944,1,0.291731669266771,0.30829420970266,0.622496147919877,0.998484848484849,0.294656488549618,0.355384615384615,0.294753086419753,0.981623277182236,0.471608832807571,0.0062992125984252,0.289433384379786,0.308157099697885,0.317034700315457,0.3056,0.296851574212894,0.967542503863988,0.998459167950693,0.301710730948678,0.55448717948718,0.704113924050633,0.2326656394453,0.695652173913043,1,0.309341500765697,0.003125,0.298761609907121,0.30030487804878,0.346213292117465,0.303937007874016,0.00154320987654321,0.319444444444444,0.30829420970266,0.312302839116719,0.298621745788668
"326",1,1,1,1,1,1,0.709677419354839,1,1,0.0930979133226324,1,0.0465116279069767,0.814873417721519,1,0.317307692307692,0.306603773584906,0.0673981191222571,0.67862969004894,1,1,0.28393135725429,0.315955766192733,1,0.154559505409583,1,0.313572542901716,0.3184,1,1,0.7936,0.3015625,0.741379310344828,0.962264150943396,0.310618066561014,0,1,0.529320987654321,1,0.306748466257669,1,0.670295489891135,0.68160741885626,0.690769230769231,1,1,0.314424635332253,0.31911532385466,0.306625577812018,0.326656394453005,0.322378716744914,0,1,0.303405572755418,1,1,0.499207606973059,0.555732484076433,1,1,1,0.334351145038168,0.309748427672956,0.314465408805031,0.688291139240506,1,1,0.0415335463258786,1,0.0579268292682927,0.31619937694704,1,0.324409448818898,0.324237560192616,0.957996768982229,0.504658385093168,1,0.306990881458967,0.336434108527132,1,0.321428571428571,0.0816993464052288,0.328638497652582,0.326530612244898,1,0.332298136645963,1,1,1,1,0.693396226415094,1,1,0.00159235668789809,0.103235747303544,1,0.0478395061728395,0,1,0.550724637681159,0.678913738019169,1,0.0540540540540541,0.310344827586207,1,0.315286624203822,1,0.686915887850467,1,0.312202852614897,0.317460317460317,0.318952234206472,1,0.324031007751938,1,0.478939157566303,1,0.317111459968603,0.291858678955453,0.324031007751938,0.311708860759494,0.468944099378882,0.998427672955975,0.315384615384615,0.317817014446228,1,0.303937007874016,1,1,0.331259720062208,0.54531490015361,1,0.304897314375987,1,0.0439393939393939,1,0.314152410575428,0.6734375,0.326923076923077,0.929936305732484,0.435275080906149,0.101748807631161,0.0953125,1,1,0.33122028526149,1,0.315068493150685,1,0.803981623277182,1,0.32695374800638,1,1,1,1,0.332263242375602,1,0.327073552425665,0.258970358814353,1,0.316923076923077,1,0.304416403785489,0.0859872611464968,1,0.311501597444089,1,1,1,0.332822085889571,1,0.324324324324324,1,0.313178294573643,1,0.312,0.0762052877138414,1,0.642622950819672,1,1,0.307814992025518,1,1,1,1,0.323343848580442,0.312893081761006,1,0.998439937597504,0.31937984496124,0.312202852614897,1,0.4515625,0.670788253477589,0,0.31839258114374,0.677672955974843,1,0.325,1,0.998463901689708,1,0.314641744548287,0.319018404907975,0.326860841423948,1,1,1,0,1,0.298555377207063,0.971428571428571,0.317535545023697,0.31055900621118,0.742902208201893,1,1,1,1,1,0.0453125,0.304625199362041,0.325508607198748,1,0.679626749611198,1,1,0.998442367601246,0.998456790123457,1,1,0.00310077519379845,0.32093023255814,1,0.3088,1,0.297339593114241,1,1,1,1,1,0.32018927444795,1,0.515248796147673,0.320063694267516,0.323574730354391,0.317307692307692,0.314873417721519,0.328025477707006,0.417335473515249,0.326625386996904,0.3171875,0.313364055299539,1,0.324409448818898,1,0.691489361702128,0.312210200927357,0.315384615384615,0.336492890995261,1,1,1,0.25585023400936,0.317757009345794,1,0.317965023847377,0.321100917431193,0.307086614173228,0.3203125,0.67981072555205,1,0.328149300155521,0.304625199362041,1,0.299840510366826,1,0.312883435582822,0.306962025316456,1,1,1,0.533333333333333,1,0.68798751950078,0.0805471124620061,0.31875,1,1,0.0971786833855799,0.315457413249211,0.325242718446602,1,1,0.307086614173228,0.025,0.0016025641025641,1,1,0.338931297709924,0.9984375,1,0.304953560371517,1,1,0.314465408805031,1,1,1,1,0.329093799682035,0.308641975308642,0.323248407643312,1,1,0.666149068322981,0.311708860759494,1,0.31875,0.296411856474259,1,1,0.998449612403101,1,1,0.324921135646688,1,1,0.105769230769231,0.331259720062208,0.492211838006231,0.302250803858521,0.67398119122257,0.312788906009245,1,0.312399355877617,0.329173166926677,0.258513931888545,0.316998468606432,1,0.324159021406728,1,1,1,0.308426073131955,0.315870570107858,0.998427672955975,0.925324675324675,0.0658307210031348,1,0.310126582278481,0.323529411764706,0.30952380952381,1,0.323574730354391,0.458267716535433,0.320373250388802,0.307448494453249,0.316211878009631,0.309636650868878,1,0.32753164556962,1,1,0,1,0.324881141045959,1,1,1,0.329093799682035,1,0.31139646869984,1,0.835423197492163,1,1,1,0.317757009345794,1,1,0.309148264984227,0.307692307692308,1,1,0.313572542901716,0.188180404354588,1,0.998461538461539,1,0,0.312599681020734,1,0.317829457364341,0.242718446601942,1,0.675118858954041,0.436923076923077,1,1,0.68452380952381,0.6984375,0.346273291925466,1,0.313572542901716,1,1,0.334913112164297,1,0.998430141287284,0.00777604976671851,0.324881141045959,1,1,0.321086261980831,1,1,0.3072,0.329704510108865,1,1,1,0.5390625,0.3078125,0.345971563981043,0.311077389984825,0.330721003134796,0.694136291600634,0.325077399380805,0.323029366306028,0.308166409861325,0.237717908082409,0.316639741518578,1,0.328682170542636,0.998449612403101,0.313271604938272,0.0830815709969789,0.0494590417310665,1,1,0.0389408099688473,1,0.679817905918058,0.0440251572327044,0.0127388535031847,1,0.68503937007874,1,1,0.533123028391167,1,0,0.0681458003169572,1,1,1,0.3232,0.648809523809524,0.694942903752039,0.993779160186625,1,0.983050847457627,0.299689440993789,0.33175355450237,1,0.296703296703297,1,0.370486656200942,0.104166666666667,0.303125,0.328290468986384,0.332236842105263,1,0.0791476407914764,1,1,1,0.261941448382126,0.324281150159744,1,0.3265625,1,1,0.305772230889236,1,0.319277108433735,1,0.304075235109718,0.32182103610675,1,0.68503937007874,0.310975609756098,1,0.311004784688995,0.773940345368917,0.3125,0.155172413793103,0.325688073394495,0.78060413354531,0.302694136291601,1,0.321981424148607,0.335889570552147,0.285493827160494,1,1,1,0.967689822294023,0.338658146964856,1,0.324193548387097,1,0.319218241042345,0.324200913242009,1,1,1,0.921507064364207,1,0.319508448540707,0.311145510835913,1,1,0.0482315112540193,0.0797448165869219,1,1,0.313001605136437,1,1,0.309262166405024,1,1,0.683881064162754,0.52760736196319,1,0,1,1,0.0939393939393939,0.324324324324324,1,0.318681318681319,0.998435054773083,0.96513470681458,0.998430141287284,0.821705426356589,1,0.330081300813008,1,1,1,0,0.309951060358891,1,1,0.671875,1,0.312693498452012,0.370139968895801,0.330757341576507,1,1,1,0.0900621118012422,0.318037974683544,0.0875796178343949,0.998422712933754,0.309968847352025,0.306501547987616,0.356481481481481,0,1,0.957680250783699,1,1,0.315372424722662,0.302147239263804,0.158478605388273,0.0411392405063291,0.31974921630094,0.309904153354633,0.325688073394495,0.0016260162601626,0.317683881064163,1,0,0.320987654320988,1,1,1,0.324074074074074,0.321212121212121,0.0339805825242718,1,0.310015898251192,0.306027820710974,1,1,0.316037735849057,0.697411003236246,1,1,0.695102685624013,1,0.311248073959938,1,0.311605723370429,0.526555386949924,0.670788253477589,0.405529953917051,1,0.299531981279251,0.314465408805031,0.689167974882261,0.67244094488189,1,0.322981366459627,1,0.322239031770045,1,0.322884012539185,0.319488817891374,0.35031847133758,0.525902668759812,0.32137030995106,0.311004784688995,0.668769716088328,0.313971742543171,0.140096618357488,1,0,1,0.289855072463768,1,0,0.316692667706708,0.314606741573034,1,0.0577507598784195,1,0.0873015873015873,0.349761526232114,1,0.062015503875969,0.669291338582677,1,1,1,0.3168,0.0415384615384615,1,0.43213728549142,0.0937996820349762,0.359447004608295,0.322429906542056,0.322932917316693,1,1,1,1,1,0.0623100303951368,0.998461538461539,0.687116564417178,0.00303030303030303,0.322480620155039,1,1,1,1,0.0837282780410742,0.318529862174579,1,1,1,1,1,1,0.479198767334361,0.00157977883096367,1,0.0804953560371517,0.319182389937107,0.430534351145038,1,0.398073836276083,0.311582381729201,0.313755795981453,1,0.0397456279809221,0.322429906542056,1,1,0.375,0.316030534351145,0.314152410575428,0.314935064935065,0.998430141287284,0.325281803542673,0.321044546850998,0.412140575079872,0.316118935837246,0.971698113207547,0.30804248861912,0.0789049919484702,0.324451410658307,0,1,0.0816,0.304975922953451,0.311216429699842,0.315372424722662,1,1,1,1,1,1,0.333333333333333,1,0.315789473684211,0.314332247557003,0.61214953271028,0.680817610062893,1,1,0,0.315950920245399,0.11875,0.998482549317147,0.0375,1,1,0.318471337579618,1,1,0.625199362041467,0.415309446254072,0.996978851963746,0.0764331210191083,0.0940988835725678,1,1,1,0.0854430379746835,0,0.316358024691358,0.424290220820189,0.316358024691358,0,0.333855799373041,0.0830670926517572,1,1,0.320987654320988,0.31733746130031,0.24203821656051,0.336538461538462,0.308166409861325,0.322884012539185,1,1,0.331746031746032,1,0,1,0.224683544303797,1,0.673374613003096,1,0.305511811023622,0.303937007874016,0.0749235474006116,0.681114551083591,1,1,0.784037558685446,0.892915980230643,0.31378763866878,0.311501597444089,1,0.322884012539185,0.2574568288854,0.317891373801917,1,0.098613251155624,1,1,0.311320754716981,0.68,0.3056,1,1,0.303543913713405,0.303599374021909,0.315950920245399,0.869143780290792,0.31378763866878,1,0.0572755417956656,1,1,0.697388632872504,0.654574132492114,0.322528363047002,0.0546021840873635,0.322834645669291,1,1,0.304625199362041,0.330188679245283,0.615740740740741,1,0.307098765432099,0.363777089783282,0.315625,0.986217457886677,0.470125786163522,0.00470219435736677,0.307210031347962,0.327692307692308,0.331189710610932,0.3152,0.319571865443425,0.972093023255814,1,0.312302839116719,0.549273021001615,0.6832,0.237654320987654,0.690163934426229,1,0.324921135646688,0.00316957210776545,0.318818040435459,0.315132605304212,0.363636363636364,0.317460317460317,0,0.329192546583851,0.318910256410256,0.324409448818898,0.313291139240506
"327",1,1,1,1,1,1,0.705790297339593,1,1,0.0914927768860353,1,0.0446153846153846,0.808176100628931,1,0.309148264984227,0.300925925925926,0.062015503875969,0.6875,1,1,0.294392523364486,0.307210031347962,1,0.155384615384615,1,0.324031007751938,0.312302839116719,1,1,0.788216560509554,0.304281345565749,0.729938271604938,0.958588957055215,0.308777429467085,0,1,0.54601226993865,1,0.298484848484848,1,0.671875,0.689922480620155,0.695121951219512,1,1,0.314285714285714,0.301242236024845,0.308396946564885,0.319938176197836,0.317073170731707,0,1,0.30640243902439,1,1,0.487460815047022,0.560821484992101,1,1,1,0.32258064516129,0.318818040435459,0.306976744186047,0.679186228482003,1,1,0.0386996904024768,1,0.0574018126888218,0.314112291350531,1,0.311728395061728,0.320634920634921,0.969745222929936,0.518237082066869,1,0.308049535603715,0.339421613394216,1,0.31911532385466,0.078525641025641,0.325545171339564,0.324451410658307,1,0.331297709923664,1,1,1,1,0.694189602446483,1,1,0.00154083204930663,0.104454685099846,1,0.0471841704718417,0,1,0.564668769716088,0.685358255451713,1,0.0507131537242472,0.307453416149068,1,0.309486780715397,1,0.686244204018547,1,0.311145510835913,0.316998468606432,0.312307692307692,1,0.319444444444444,1,0.498489425981873,1,0.307453416149068,0.299694189602446,0.320121951219512,0.317683881064163,0.483619344773791,0.998444790046656,0.310030395136778,0.318252730109204,1,0.292682926829268,1,1,0.329192546583851,0.539877300613497,1,0.304821150855365,1,0.0424886191198786,1,0.305343511450382,0.678407350689127,0.320373250388802,0.9328125,0.424390243902439,0.100946372239748,0.0930232558139535,1,1,0.326120556414219,1,0.313813813813814,1,0.796946564885496,1,0.323296354992076,1,1,1,1,0.332298136645963,1,0.319554848966614,0.256488549618321,1,0.311349693251534,1,0.294209702660407,0.0821705426356589,1,0.313195548489666,1,1,1,0.331811263318113,1,0.322530864197531,1,0.30077519379845,1,0.315541601255887,0.073394495412844,1,0.6384,1,1,0.311605723370429,1,1,1,1,0.321044546850998,0.302752293577982,1,0.998456790123457,0.312788906009245,0.30064308681672,1,0.45046439628483,0.673134328358209,0,0.316770186335404,0.673405909797823,1,0.321100917431193,1,0.998454404945904,1,0.317073170731707,0.31859756097561,0.325878594249201,1,1,1,0,1,0.303937007874016,0.970496894409938,0.322222222222222,0.3078125,0.748456790123457,1,1,1,1,1,0.0451713395638629,0.31055900621118,0.316923076923077,1,0.68348623853211,1,1,1,0.998470948012232,1,1,0.00462249614791988,0.319277108433735,1,0.308166409861325,1,0.296296296296296,1,1,1,1,1,0.324031007751938,1,0.5078125,0.323076923076923,0.319018404907975,0.307448494453249,0.318110236220472,0.327613104524181,0.403225806451613,0.328660436137072,0.312788906009245,0.309597523219814,1,0.321981424148607,1,0.687878787878788,0.306376360808709,0.310975609756098,0.325396825396825,1,1,1,0.258620689655172,0.303875968992248,1,0.317111459968603,0.320300751879699,0.316279069767442,0.316187594553706,0.684782608695652,1,0.32572298325723,0.313291139240506,1,0.301109350237718,1,0.306976744186047,0.312307692307692,1,1,1,0.539781591263651,1,0.686544342507645,0.081203007518797,0.31619937694704,1,1,0.090625,0.316030534351145,0.321259842519685,1,1,0.298165137614679,0.021875,0.00317460317460317,1,1,0.329268292682927,0.998439937597504,1,0.307339449541284,1,1,0.315548780487805,1,1,1,1,0.3234375,0.303951367781155,0.332258064516129,1,1,0.66973886328725,0.319875776397516,1,0.314329738058552,0.294670846394984,1,1,0.998466257668712,1,1,0.321928460342146,1,1,0.0971786833855799,0.331297709923664,0.48531684698609,0.300623052959502,0.669781931464174,0.313935681470138,1,0.304075235109718,0.328220858895706,0.252307692307692,0.315384615384615,1,0.329286798179059,1,1,1,0.299531981279251,0.315467075038285,0.998461538461539,0.930868167202572,0.0630914826498423,1,0.304347826086957,0.312989045383412,0.302694136291601,1,0.317629179331307,0.470679012345679,0.323574730354391,0.302795031055901,0.315789473684211,0.302034428794992,1,0.315955766192733,1,1,0,1,0.315047021943574,1,1,1,0.321766561514196,1,0.30298273155416,1,0.828438948995363,1,1,1,0.313455657492355,1,1,0.304347826086957,0.3078125,1,1,0.303265940902022,0.191424196018377,1,0.998473282442748,1,0,0.3104,1,0.309815950920245,0.24804992199688,1,0.672839506172839,0.428134556574924,1,1,0.681203007518797,0.706605222734255,0.343167701863354,1,0.316770186335404,1,1,0.328638497652582,1,0.9984375,0.00622083981337481,0.327102803738318,1,1,0.318252730109204,1,1,0.310236220472441,0.331782945736434,1,1,1,0.528771384136858,0.301223241590214,0.334883720930233,0.312874251497006,0.336448598130841,0.695102685624013,0.324655436447167,0.324655436447167,0.313161875945537,0.2453125,0.312698412698413,1,0.310606060606061,0.998422712933754,0.310664605873261,0.0813253012048193,0.0534351145038168,1,1,0.0368098159509202,1,0.684532924961715,0.0464396284829721,0.00940438871473354,1,0.687022900763359,1,1,0.536050156739812,1,0,0.069620253164557,1,1,1,0.319554848966614,0.648367952522255,0.696428571428571,0.9953125,1,0.983231707317073,0.297637795275591,0.343701399688958,1,0.303738317757009,1,0.366412213740458,0.102803738317757,0.304012345679012,0.3125,0.334437086092715,1,0.0736196319018405,1,1,1,0.257575757575758,0.320251177394035,1,0.313572542901716,1,1,0.305426356589147,1,0.32375189107413,1,0.301092043681747,0.316770186335404,1,0.684542586750789,0.313988095238095,1,0.305863708399366,0.760736196319018,0.30804248861912,0.165644171779141,0.319213313161876,0.770186335403727,0.296529968454259,1,0.319314641744548,0.326717557251908,0.290964777947933,1,1,1,0.96656050955414,0.338735818476499,1,0.317307692307692,1,0.313915857605178,0.312977099236641,1,1,1,0.91692789968652,1,0.306870229007634,0.318461538461538,1,1,0.0453834115805947,0.0784929356357928,1,1,0.302839116719243,1,1,0.3109375,1,1,0.68160741885626,0.538694992412747,1,0,1,1,0.0958904109589041,0.320433436532508,1,0.317829457364341,0.998439937597504,0.963665086887836,0.998430141287284,0.814814814814815,1,0.3248,1,1,1,0,0.313014827018122,1,1,0.6765625,1,0.315789473684211,0.366003062787136,0.313755795981453,1,1,1,0.0854961832061069,0.319685039370079,0.0854430379746835,0.998432601880878,0.309815950920245,0.305810397553517,0.349013657056146,0,1,0.958715596330275,1,1,0.320126782884311,0.299847792998478,0.159937888198758,0.0408163265306122,0.321372854914197,0.303738317757009,0.324655436447167,0.00160771704180064,0.309707241910632,1,0,0.3125,1,1,1,0.316846986089645,0.31306990881459,0.0363924050632911,1,0.314873417721519,0.306748466257669,1,1,0.31496062992126,0.700787401574803,1,1,0.698890649762282,1,0.300153139356815,1,0.312404287901991,0.545871559633027,0.67530487804878,0.400304414003044,1,0.301204819277108,0.317757009345794,0.682588597842835,0.67427701674277,1,0.31859756097561,1,0.315384615384615,1,0.312302839116719,0.303738317757009,0.353941267387944,0.521875,0.312796208530806,0.310344827586207,0.670295489891135,0.311827956989247,0.152733118971061,1,0,1,0.292913385826772,1,0,0.310832025117739,0.308176100628931,1,0.0587371512481645,1,0.0803149606299213,0.336973478939158,1,0.0635658914728682,0.672413793103448,1,1,1,0.301127214170692,0.0396946564885496,1,0.420560747663551,0.0949367088607595,0.356269113149847,0.314814814814815,0.31859756097561,1,1,1,1,1,0.0636363636363636,0.997005988023952,0.687888198757764,0.00449775112443778,0.326153846153846,1,1,1,1,0.0787037037037037,0.313725490196078,1,1,1,1,1,1,0.492469879518072,0.00157232704402516,1,0.0840978593272171,0.315625,0.435257410296412,1,0.378763866877971,0.306581059390048,0.307692307692308,1,0.040625,0.311926605504587,1,1,0.372854914196568,0.299079754601227,0.306870229007634,0.3184,0.998461538461539,0.322932917316693,0.311926605504587,0.402190923317684,0.317610062893082,0.97542242703533,0.311926605504587,0.0770440251572327,0.317411402157165,0,1,0.0894819466248038,0.304897314375987,0.310185185185185,0.310664605873261,1,1,1,1,1,1,0.327044025157233,1,0.312111801242236,0.314332247557003,0.606201550387597,0.687203791469194,1,1,0,0.312594840667678,0.11875,0.998493975903614,0.0356589147286822,1,1,0.304416403785489,1,1,0.62779552715655,0.409235668789809,0.99702380952381,0.0806962025316456,0.0937996820349762,1,1,1,0.0870917573872473,0,0.320493066255778,0.414596273291925,0.309090909090909,0,0.327586206896552,0.0794912559618442,1,1,0.320300751879699,0.322188449848024,0.241112828438949,0.328616352201258,0.310975609756098,0.312977099236641,1,1,0.327073552425665,1,0,1,0.225196850393701,1,0.678843226788432,1,0.308056872037915,0.302034428794992,0.0770416024653313,0.674418604651163,1,1,0.78328173374613,0.895595432300163,0.311912225705329,0.309148264984227,1,0.319314641744548,0.261682242990654,0.31629392971246,1,0.0951638065522621,1,1,0.315789473684211,0.68621236133122,0.301282051282051,1,1,0.310975609756098,0.309006211180124,0.316590563165906,0.855345911949686,0.309677419354839,1,0.0547112462006079,1,1,0.697108066971081,0.65625,0.324237560192616,0.0532915360501567,0.322480620155039,1,1,0.306603773584906,0.322429906542056,0.629573170731707,1,0.310769230769231,0.359447004608295,0.30381679389313,0.984732824427481,0.4828125,0.00305343511450382,0.302936630602782,0.318796992481203,0.3248,0.315705128205128,0.313725490196078,0.967340590979782,1,0.308641975308642,0.552922590837283,0.68362480127186,0.23950233281493,0.692926045016077,1,0.320987654320988,0.00303951367781155,0.319875776397516,0.310664605873261,0.355932203389831,0.314728682170543,0,0.333333333333333,0.308917197452229,0.318037974683544,0.309923664122137
"328",0.303225806451613,0.318181818181818,0.323343848580442,0.338118022328549,0.316535433070866,0.30829420970266,0.00813008130081301,0.32755905511811,0.321766561514196,0.560975609756098,0.326530612244898,0.638629283489097,0.520766773162939,0.323671497584541,1,1,0.615625,0,0.333333333333333,0.308777429467085,1,1,0.326625386996904,0.507861635220126,0.315950920245399,1,1,0.338709677419355,0.314503816793893,0.529032258064516,1,0.58695652173913,0.368827160493827,0.996860282574568,0.662480376766091,0.324414715719064,0.144200626959248,0.330769230769231,1,0.314728682170543,0.0031055900621118,0,0,0.336990595611285,0.323899371069182,1,0.993788819875776,1,1,1,0.681747269890796,0.330112721417069,1,0.31974921630094,0.322429906542056,0.822047244094488,0.117834394904459,0.323899371069182,0.322981366459627,0.330128205128205,0.992307692307692,1,1,0.00634920634920635,0.323051948051948,0.324031007751938,0.642072213500785,0.331210191082803,0.602739726027397,1,0.329173166926677,1,1,0.279742765273312,0.157320872274143,0.323619631901841,1,0.993836671802773,0.327188940092166,1,0.593900481540931,1,1,0.3328173374613,1,0.326717557251908,0.3248,0.333333333333333,0.32398753894081,0,0.329617834394904,0.333846153846154,0.677777777777778,0.581039755351682,0.31637519872814,0.629283489096573,0.671974522292994,0.312893081761006,0.119741100323625,0,0.318181818181818,0.610492845786963,1,0.320325203252033,1,0.333865814696486,0,0.326594090202177,1,1,1,0.315217391304348,0.995290423861852,0.336463223787167,0.201863354037267,0.309559939301973,1,0.377503852080123,1,1,0.203100775193798,0.315132605304212,1,1,0.338509316770186,1,0.324404761904762,0.323076923076923,0.3671875,0.766871165644172,0.328502415458937,1,0.34185303514377,0.634294385432473,0.347402597402597,1,0.00155763239875389,1,0.379746835443038,0.87987012987013,0.567140600315956,0.580594679186229,0.320813771517997,0.326923076923077,1,0.31875,1,0.310126582278481,0.506998444790047,0.328725038402458,1,0.315047021943574,0.322683706070288,0.328571428571429,0.326498422712934,1,0.308411214953271,1,0.433962264150943,0.3296875,1,0.327692307692308,1,0.575949367088608,0.325949367088608,1,0.320251177394035,0.324031007751938,0.336507936507937,0.987616099071207,0.335463258785943,1,0.322169059011164,1,0.322899505766063,1,0.578616352201258,0.309262166405024,0.0310457516339869,0.298869143780291,0.328125,1,0.310236220472441,0.3296875,0.330218068535826,0.336507936507937,1,1,0.329093799682035,0.340694006309148,1,1,0.333850931677019,0.2326656394453,0.0214395099540582,0.682034976152623,1,0.0031201248049922,0.326053042121685,1,0.327974276527331,0.321538461538462,0.326594090202177,0.99685534591195,1,1,0.330792682926829,0.32258064516129,0.32093023255814,0.666139240506329,0.304075235109718,1,0.338582677165354,1,1,0.447204968944099,0.326984126984127,0.32348367029549,0.333333333333333,0.31496062992126,0.323343848580442,0.637071651090343,1,1,0.325652841781874,0.00470219435736677,0.337442218798151,0.323574730354391,0.328125,0.306976744186047,0.302547770700637,0.326717557251908,0.682170542635659,0.370199692780338,0.318181818181818,1,0.331738437001595,1,0.311627906976744,0.314553990610329,0.318611987381703,0.330708661417323,0.3184,1,0.33125,0.803827751196172,1,1,0.996820349761526,1,1,0.892628205128205,1,1,1,0.329721362229102,1,0.326797385620915,0,1,0.380952380952381,1,0.330081300813008,0.322784810126582,0.31687898089172,0.423809523809524,1,0.329153605015674,1,1,1,1,0,0.315625,1,1,0.326433121019108,1,0.3234375,1,1,0.317535545023697,0.325878594249201,0.30188679245283,0.151181102362205,0.3354943273906,0,0.583333333333333,1,0.326530612244898,0.322683706070288,0.571870170015456,1,1,0.338187702265372,0.346581875993641,1,0.648985959438378,0.685303514376997,0.314516129032258,0.318840579710145,0.993993993993994,0.330173775671406,0.307228915662651,1,0.318037974683544,0.313084112149533,1,0.306836248012719,0.324281150159744,0.320493066255778,0.323390894819466,1,1,1,0.3198127925117,0.328638497652582,0.00927357032457496,0.990521327014218,0.332273449920509,1,1,0.322981366459627,0.329249617151608,0.3125,0.324921135646688,0.321928460342146,1,0.307814992025518,0.320754716981132,0.558730158730159,1,0.834633385335413,1,0,1,0.33587786259542,1,1,0.425233644859813,0.998452012383901,0.331189710610932,1,0.31496062992126,0.304975922953451,0.316436251920123,1,1,0.323343848580442,0.408360128617363,0.599358974358974,0.314102564102564,1,1,1,0.330065359477124,1,0.199362041467305,1,1,1,1,0.327613104524181,1,0.32626427406199,0.333863275039746,0.678627145085803,0.3104,1,0.329192546583851,0.32262996941896,0.320388349514563,1,0.312024353120244,1,0.333848531684699,0.486024844720497,0.329113924050633,0.330143540669856,0.324615384615385,1,0.325396825396825,0.314285714285714,1,1,0.330203442879499,0.315789473684211,1,0.474576271186441,0.3216,0.332293291731669,0.326656394453005,0.679127725856698,1,0.302588996763754,1,0.41838351822504,0.312893081761006,0,0.883435582822086,0.323763955342903,0.328,0,0.0316957210776545,0.982677165354331,0.318611987381703,1,0.316957210776545,0.324675324675325,1,0.321981424148607,0.32753164556962,0.66304347826087,1,0.329073482428115,0.329113924050633,1,0.317411402157165,0.312903225806452,1,0.339506172839506,0.323717948717949,0.319938176197836,0.337025316455696,0.796583850931677,1,0.977917981072555,1,1,0.00161550888529887,1,0.993700787401575,1,0.4328125,0.996835443037975,0.317610062893082,0.993874425727412,0.332794830371567,0.995268138801262,0.595129375951294,0.622670807453416,0.326625386996904,0.316770186335404,0.631578947368421,0.326366559485531,0,0.626153846153846,0.671428571428571,0.322480620155039,0.00157977883096367,0.318110236220472,0.316118935837246,0.773082942097027,0.325,0.679186228482003,0.5856,0.323943661971831,0.32258064516129,0.298887122416534,1,0.024024024024024,0,0.323574730354391,0.336434108527132,0.338509316770186,1,0.339652448657188,0.327102803738318,1,0.311526479750779,0.939490445859873,0.555555555555556,1,1,0.993197278911565,0.32258064516129,0.596302003081664,0.329770992366412,0.322475570032573,0.320754716981132,0.425499231950845,1,0.314785373608903,1,0.325732899022801,0.325769854132901,1,0.327476038338658,1,0.331738437001595,1,1,0.331782945736434,0,1,0.337539432176656,1,0.568965517241379,1,0.49613601236476,1,0.558869701726845,1,0.323671497584541,1,1,1,0.31832298136646,0.323624595469256,0.33030303030303,0.354943273905997,0.341894060995185,0.318611987381703,1,0.329113924050633,1,1,0.335949764521193,0.321711568938193,0.315384615384615,0.39906103286385,0.332312404287902,1,1,0.337461300309598,0.330696202531646,0.622792937399679,0.592709984152139,0.318818040435459,0.319935691318328,1,0.31201248049922,0.33026113671275,0.993720565149137,0.310897435897436,0.322378716744914,0,0.142638036809816,0.322734499205087,0.669195751138088,0.322784810126582,0.325115562403698,0.583717357910906,0.99685534591195,0.318037974683544,1,0.32182103610675,0.35725677830941,0.322327044025157,0.490654205607477,0.313880126182965,1,0.333333333333333,0.329052969502408,0.333333333333333,0.680491551459293,1,0.330670926517572,0.332283464566929,0,0.330188679245283,0.998402555910543,0.953488372093023,1,0.320493066255778,0.326053042121685,0.325396825396825,0.574961360123648,1,0.585089141004862,0.346581875993641,1,1,0.9671875,0.671383647798742,0.335974643423138,0.373015873015873,0.330733229329173,0.32807570977918,1,1,0.504792332268371,0.620472440944882,1,1,0.9984375,0.688311688311688,1,0.327160493827161,0.675806451612903,1,0.330218068535826,0.320634920634921,0.323763955342903,0.996875,1,0.644371941272431,0.326086956521739,1,1,0.333858267716535,0.317610062893082,0.998420221169036,0,0.318910256410256,0.314285714285714,0.00791139240506329,0.323529411764706,1,0.320634920634921,1,0.146189735614308,0,0.902587519025875,0.332298136645963,1,1,0,0.00153374233128834,0.327102803738318,1,0.315447154471545,0.996923076923077,0.312202852614897,1,0.998405103668262,0.963949843260188,0.774960380348653,1,1,0.00628930817610063,1,0.504078303425775,0.330173775671406,0.666666666666667,0.326086956521739,1,0.312597200622084,0.66510172143975,1,1,0.325914149443561,0.606060606060606,0.333333333333333,0.570300157977883,0.972972972972973,0.338607594936709,0.59190031152648,0.014018691588785,0.319182389937107,0.325471698113208,0.327613104524181,1,0.63719512195122,0.317262830482115,0.887480190174326,0.575320512820513,0.967741935483871,1,1,0.31687898089172,0.343450479233227,0.315457413249211,0.316118935837246,0.319444444444444,0.610687022900763,0.32,0,0.671686746987952,0.998447204968944,0.330203442879499,0.315372424722662,0.323671497584541,0.323170731707317,0.598746081504702,1,0.342635658914729,0.346518987341772,0.330097087378641,0.320634920634921,0.322429906542056,0.3232,0.189814814814815,0.68362480127186,0.324367088607595,0.59236641221374,1,0.237129485179407,0.325077399380805,0.92258064516129,1,1,0.322327044025157,0.62596599690881,1,0.32182103610675,0.299373040752351,0.953821656050955,1,1,0.9968,0.321928460342146,1,1,0.897151898734177,1,0.356037151702786,1,0.583333333333333,1,0.669796557120501,0.321316614420063,0.595846645367412,1,1,0.990353697749196,0.333333333333333,0.333333333333333,0.328525641025641,0.324367088607595,0.32695374800638,0.327503974562798,0.982229402261712,0.320872274143302,1,1,0.716951788491446,0,0.320493066255778,0.328149300155521,0.674922600619195,1,0.553125,0.335375191424196,0.648902821316614,0.322222222222222,0.31810766721044,1,0.322274881516588,0.327302631578947,0.7008,0.898550724637681,0.326378539493294,0.601926163723916,0.561290322580645,0.335443037974684,0.328050713153724,0.311320754716981,0.584639498432602,0.682242990654206,1,0.892355694227769,1,0.659969088098918,0.9968,0.577487765089723,0.326984126984127,0.321711568938193,1,1,0.430622009569378,0.992088607594937,0.996875,1,0.318541996830428,0.329738058551618,1,0.323170731707317,0.676145339652449,0.339116719242902,0.457869634340223,0.3125,0,0.313385826771654,1,1,0.591614906832298,0.0015552099533437,0.337060702875399,0.319620253164557,0.0993589743589744,0.414516129032258,1,1,0.315625,1,0.416534181240064,1,0.329754601226994,0.576802507836991,0.325508607198748,0.3265625,1,0,1,0.313311688311688,0.323899371069182,1,1,1,0.460191082802548,1,0.326498422712934,0.615264797507788,0.330173775671406,0.323151125401929,0.0015552099533437,0.0373250388802488,1,0.616719242902208,1,0.330218068535826,0.340255591054313,1,1,0.152542372881356,0.319554848966614,1,0.904984423676013,1,0.334384858044164,0.199683042789223,0.666139240506329,1,1,1,1,1,0.301684532924962,0.312597200622084,1,0.120717781402936,0.00159489633173844,0.43944099378882,0,0.339171974522293,1,0.667202572347267,1,1,0.890092879256966,1,0.674528301886792,1,1,1,1
"329",1,1,1,1,1,1,0.715670436187399,1,1,0.101973684210526,1,0.0518867924528302,0.818619582664527,1,0.301127214170692,0.293460925039872,0.0714285714285714,0.694041867954911,1,1,0.276190476190476,0.304,1,0.15919629057187,1,0.3125,0.300163132137031,1,1,0.782608695652174,0.296583850931677,0.729393468118196,0.9609375,0.306477093206951,0,1,0.540372670807453,1,0.296754250386399,1,0.674603174603175,0.693623639191291,0.695987654320988,1,1,0.305057096247961,0.3056,0.297971918876755,0.31496062992126,0.31055900621118,0,1,0.29375,1,1,0.480891719745223,0.566129032258065,1,1,1,0.312401883830455,0.311811023622047,0.309636650868878,0.695238095238095,1,1,0.0421393841166937,1,0.0649149922720247,0.311526479750779,1,0.306477093206951,0.311605723370429,0.969105691056911,0.515384615384615,1,0.302147239263804,0.324451410658307,1,0.306425041186161,0.0904605263157895,0.317460317460317,0.312599681020734,1,0.326984126984127,1,1,1,1,0.704225352112676,1,1,0,0.108024691358025,1,0.0517503805175038,0,1,0.568852459016393,0.688816855753647,1,0.0589171974522293,0.29635499207607,1,0.3072,1,0.691222570532915,1,0.305993690851735,0.311111111111111,0.3078125,1,0.309148264984227,1,0.499227202472952,1,0.299679487179487,0.30379746835443,0.319314641744548,0.306089743589744,0.489566613162119,0.998459167950693,0.311728395061728,0.303571428571429,1,0.29559748427673,1,1,0.329704510108865,0.532608695652174,1,0.307324840764331,1,0.047112462006079,1,0.303875968992248,0.690095846645367,0.319620253164557,0.922222222222222,0.423701298701299,0.110935023771791,0.0996835443037975,1,1,0.320574162679426,1,0.310872894333844,1,0.808544303797468,1,0.30718954248366,1,1,1,1,0.318770226537217,1,0.307692307692308,0.250783699059561,1,0.303937007874016,1,0.287758346581876,0.0932475884244373,1,0.306709265175719,1,1,1,0.315950920245399,1,0.314194577352472,1,0.300632911392405,1,0.308306709265176,0.084375,1,0.65139116202946,1,1,0.303174603174603,1,1,1,1,0.306501547987616,0.3015625,1,0.998425196850394,0.316692667706708,0.300476947535771,1,0.452950558213716,0.68140243902439,0,0.30952380952381,0.68621236133122,1,0.303543913713405,1,0.998470948012232,1,0.301261829652997,0.31104199066874,0.311183144246353,1,1,1,0,1,0.295345104333868,0.971153846153846,0.310725552050473,0.297297297297297,0.747619047619048,1,1,1,1,1,0.0511182108626198,0.299837925445705,0.311526479750779,1,0.688372093023256,1,1,0.998397435897436,0.9984375,1,1,0.0015748031496063,0.312693498452012,1,0.300632911392405,1,0.291079812206573,1,1,1,1,1,0.310126582278481,1,0.495253164556962,0.318471337579618,0.313846153846154,0.306451612903226,0.3088,0.320634920634921,0.411669367909238,0.315457413249211,0.310725552050473,0.296583850931677,1,0.312599681020734,1,0.700934579439252,0.300787401574803,0.307332293291732,0.318910256410256,1,1,1,0.245222929936306,0.303265940902022,1,0.308426073131955,0.321428571428571,0.299840510366826,0.303265940902022,0.694753577106518,1,0.306603773584906,0.309148264984227,1,0.291734197730956,1,0.301075268817204,0.299840510366826,1,1,1,0.54375,1,0.690513219284603,0.0873634945397816,0.310126582278481,1,1,0.104938271604938,0.309375,0.318910256410256,1,1,0.293478260869565,0.0252365930599369,0.00161290322580645,1,1,0.321981424148607,1,1,0.300469483568075,1,1,0.304761904761905,1,1,1,1,0.31924882629108,0.295031055900621,0.315960912052117,1,1,0.683464566929134,0.300314465408805,1,0.301391035548686,0.287081339712919,1,1,0.998405103668262,1,1,0.307814992025518,1,1,0.108974358974359,0.317757009345794,0.473684210526316,0.295819935691318,0.680064308681672,0.307098765432099,1,0.302250803858521,0.316614420062696,0.2484375,0.305164319248826,1,0.320668693009119,1,1,1,0.296825396825397,0.307210031347962,0.998410174880763,0.917898193760263,0.0731707317073171,1,0.3125,0.309791332263242,0.301916932907348,1,0.31974921630094,0.473851030110935,0.311320754716981,0.295527156549521,0.307317073170732,0.297169811320755,1,0.307814992025518,1,1,0,1,0.317230273752013,1,1,1,0.312101910828025,1,0.30718954248366,1,0.84748427672956,1,1,1,0.303405572755418,1,1,0.294303797468354,0.308056872037915,1,1,0.304897314375987,0.190031152647975,1,0.998430141287284,1,0,0.301282051282051,1,0.297169811320755,0.23444976076555,1,0.687598116169545,0.429892141756549,1,1,0.690440060698027,0.712025316455696,0.343799058084772,1,0.306376360808709,1,1,0.321766561514196,1,0.998397435897436,0.00635930047694754,0.311320754716981,1,1,0.312599681020734,1,1,0.30016051364366,0.335987261146497,1,1,1,0.529411764705882,0.299524564183835,0.335473515248796,0.301972685887709,0.324409448818898,0.696485623003195,0.31055900621118,0.311111111111111,0.30188679245283,0.237795275590551,0.307443365695793,1,0.307219662058372,0.998397435897436,0.301092043681747,0.0895061728395062,0.0585516178736518,1,1,0.0445151033386327,1,0.698757763975155,0.047244094488189,0.00955414012738853,1,0.688087774294671,1,1,0.531300160513644,1,0,0.0779220779220779,1,1,1,0.311216429699842,0.664661654135338,0.705298013245033,0.992199687987519,1,0.984177215189873,0.290015847860539,0.33596214511041,1,0.285016286644951,1,0.359497645211931,0.112179487179487,0.290423861852433,0.3078125,0.32312925170068,1,0.0843558282208589,1,1,1,0.252713178294574,0.30622009569378,1,0.312,1,1,0.29570747217806,1,0.319148936170213,1,0.29140127388535,0.299524564183835,1,0.692307692307692,0.304281345565749,1,0.298045602605863,0.753532182103611,0.306625577812018,0.157566302652106,0.303076923076923,0.773015873015873,0.298701298701299,1,0.312302839116719,0.317901234567901,0.28393135725429,1,1,1,0.964285714285714,0.338815789473684,1,0.31219512195122,1,0.308970099667774,0.305900621118012,1,1,1,0.914826498422713,1,0.30030959752322,0.30503144654088,1,1,0.0528,0.0856219709208401,1,1,0.28892455858748,1,1,0.302215189873418,1,1,0.693163751987281,0.536923076923077,1,0,1,1,0.104776579352851,0.311111111111111,1,0.317535545023697,0.99837925445705,0.961904761904762,0.998410174880763,0.828571428571429,1,0.318770226537217,1,1,1,0,0.300324675324675,1,1,0.692307692307692,1,0.310126582278481,0.346456692913386,0.309148264984227,1,1,1,0.0976377952755905,0.308072487644152,0.0941558441558442,0.998412698412698,0.295133437990581,0.295886075949367,0.335403726708075,0,1,0.951026856240126,1,1,0.307941653160454,0.288611544461778,0.156549520766773,0.0440251572327044,0.30952380952381,0.293075684380032,0.309148264984227,0,0.296998420221169,1,0,0.311627906976744,1,1,1,0.305426356589147,0.306990881458967,0.0413907284768212,1,0.305863708399366,0.297839506172839,1,1,0.310126582278481,0.705298013245033,1,1,0.710610932475884,1,0.303875968992248,1,0.309859154929577,0.536277602523659,0.683307332293292,0.392036753445636,1,0.292569659442724,0.304897314375987,0.688575899843505,0.677018633540373,1,0.309486780715397,1,0.308049535603715,1,0.310618066561014,0.296474358974359,0.339712918660287,0.518808777429467,0.303715670436187,0.305958132045089,0.67304625199362,0.305164319248826,0.143780290791599,1,0,1,0.279032258064516,1,0,0.308777429467085,0.306581059390048,1,0.0642201834862385,1,0.0942492012779553,0.329153605015674,1,0.0724409448818898,0.676145339652449,1,1,1,0.303130148270181,0.0445468509984639,1,0.417460317460317,0.101286173633441,0.342146189735614,0.310725552050473,0.316436251920123,1,1,1,1,1,0.0715396578538103,0.996899224806202,0.7015625,0.00150829562594268,0.313572542901716,1,1,1,1,0.0920436817472699,0.303265940902022,1,1,1,1,1,1,0.49452269170579,0,1,0.0919003115264797,0.303174603174603,0.433489827856025,1,0.388157894736842,0.294892915980231,0.303459119496855,1,0.0442338072669826,0.314285714285714,1,1,0.360576923076923,0.302611367127496,0.297169811320755,0.309178743961353,0.9984375,0.314516129032258,0.305379746835443,0.40224358974359,0.313880126182965,0.967492260061919,0.302431610942249,0.0913461538461538,0.314465408805031,0,1,0.0944625407166124,0.298555377207063,0.3024,0.306836248012719,1,1,1,1,1,1,0.3232,1,0.307570977917981,0.302876480541455,0.596244131455399,0.693811074918567,1,1,0,0.30757341576507,0.123222748815166,0.998468606431853,0.0391849529780564,1,1,0.298387096774194,1,1,0.61525974025974,0.397689768976898,0.998491704374057,0.0852090032154341,0.10223642172524,1,1,1,0.0952380952380952,0,0.308411214953271,0.419558359621451,0.297674418604651,0,0.317230273752013,0.0938511326860841,1,1,0.304075235109718,0.304552590266876,0.240887480190174,0.326332794830372,0.298600311041991,0.3078125,1,1,0.313291139240506,1,0,1,0.226415094339623,1,0.689167974882261,1,0.292259083728278,0.299019607843137,0.0825545171339564,0.694444444444444,1,1,0.804381846635368,0.889967637540453,0.305111821086262,0.301765650080257,1,0.301587301587302,0.259615384615385,0.315359477124183,1,0.108490566037736,1,1,0.300787401574803,0.689320388349515,0.2928,1,1,0.2984375,0.293269230769231,0.306976744186047,0.851097178683386,0.307692307692308,1,0.0640625,1,1,0.711180124223602,0.665086887835703,0.315359477124183,0.0627943485086342,0.314696485623003,1,1,0.296474358974359,0.314873417721519,0.616113744075829,1,0.295208655332303,0.368503937007874,0.303265940902022,0.98755832037325,0.487961476725522,0.00313971742543171,0.297213622291022,0.311349693251534,0.317384370015949,0.304560260586319,0.306625577812018,0.970358814352574,1,0.301916932907348,0.560655737704918,0.701923076923077,0.237795275590551,0.695222405271829,1,0.308176100628931,0.00318471337579618,0.312893081761006,0.302507836990596,0.358934169278997,0.312599681020734,0,0.324960753532182,0.307568438003221,0.306089743589744,0.303459119496855
"330",1,1,1,1,1,1,0.707792207792208,1,1,0.104,1,0.0521327014218009,0.804416403785489,1,0.299524564183835,0.303265940902022,0.0676923076923077,0.684552845528455,1,1,0.28393135725429,0.30622009569378,1,0.166924265842349,1,0.325581395348837,0.319148936170213,1,1,0.777070063694268,0.299843014128728,0.71671826625387,0.959814528593508,0.306962025316456,0,1,0.558869701726845,1,0.28902627511592,1,0.674015748031496,0.691588785046729,0.701219512195122,1,1,0.305331179321486,0.304416403785489,0.306625577812018,0.312302839116719,0.316358024691358,0,1,0.306625577812018,1,1,0.481012658227848,0.572567783094099,1,1,1,0.323029366306028,0.314375987361769,0.309033280507132,0.691573926868045,1,1,0.0415335463258786,1,0.0628834355828221,0.318731117824773,1,0.314553990610329,0.315270935960591,0.967793880837359,0.531782945736434,1,0.306060606060606,0.330769230769231,1,0.310569105691057,0.0919354838709677,0.323763955342903,0.32018927444795,1,0.336448598130841,1,1,1,1,0.698587127158556,1,1,0.0015748031496063,0.111801242236025,1,0.0540958268933539,0,1,0.579378068739771,0.690363349131122,1,0.0584518167456556,0.301587301587302,1,0.308426073131955,1,0.694835680751174,1,0.312693498452012,0.312111801242236,0.314375987361769,1,0.315707620528771,1,0.504615384615385,1,0.307332293291732,0.311912225705329,0.314152410575428,0.319047619047619,0.489028213166144,0.9984375,0.316279069767442,0.306451612903226,1,0.302694136291601,1,1,0.341692789968652,0.547256097560976,1,0.314553990610329,1,0.0509259259259259,1,0.306501547987616,0.679012345679012,0.320251177394035,0.922834645669291,0.434426229508197,0.112852664576803,0.106646058732612,1,1,0.327014218009479,1,0.315151515151515,1,0.789719626168224,1,0.323151125401929,1,1,1,1,0.323343848580442,1,0.321766561514196,0.26791277258567,1,0.302795031055901,1,0.29559748427673,0.092948717948718,1,0.299840510366826,1,1,1,0.326153846153846,1,0.319047619047619,1,0.2984375,1,0.304761904761905,0.0824261275272162,1,0.654781199351702,1,1,0.310015898251192,1,1,1,1,0.312210200927357,0.302180685358255,1,0.998442367601246,0.309119010819165,0.305466237942122,1,0.458267716535433,0.681957186544342,0,0.31496062992126,0.68025078369906,1,0.312989045383412,1,0.998447204968944,1,0.305511811023622,0.314728682170543,0.319354838709677,1,1,1,0,1,0.29570747217806,0.9703125,0.314696485623003,0.304761904761905,0.759811616954474,1,1,1,1,1,0.0507131537242472,0.310618066561014,0.317411402157165,1,0.687697160883281,1,1,1,0.998435054773083,1,1,0.00469483568075117,0.329704510108865,1,0.305993690851735,1,0.293291731669267,1,1,1,1,1,0.317610062893082,1,0.503937007874016,0.313971742543171,0.320433436532508,0.309791332263242,0.320574162679426,0.325914149443561,0.417322834645669,0.330721003134796,0.308282208588957,0.299212598425197,1,0.31924882629108,1,0.693129770992366,0.311145510835913,0.318885448916409,0.322327044025157,1,1,1,0.271860095389507,0.302507836990596,1,0.310236220472441,0.319634703196347,0.308176100628931,0.310344827586207,0.683962264150943,1,0.311627906976744,0.306962025316456,1,0.293548387096774,1,0.304953560371517,0.307086614173228,1,1,1,0.552590266875981,1,0.700626959247649,0.0898021308980213,0.306349206349206,1,1,0.101851851851852,0.307332293291732,0.317307692307692,1,1,0.293394777265745,0.0279503105590062,0.00321543408360129,1,1,0.328746177370031,1,1,0.297213622291022,1,1,0.309748427672956,1,1,1,1,0.312796208530806,0.307219662058372,0.326366559485531,1,1,0.674961119751166,0.31619937694704,1,0.311349693251534,0.293838862559242,1,1,0.998442367601246,1,1,0.320754716981132,1,1,0.115569823434992,0.317901234567901,0.498442367601246,0.300319488817891,0.681962025316456,0.305900621118012,1,0.302694136291601,0.333333333333333,0.270866141732283,0.306748466257669,1,0.319148936170213,1,1,1,0.30173775671406,0.314728682170543,0.9984375,0.920454545454545,0.0725552050473186,1,0.306853582554517,0.313195548489666,0.296703296703297,1,0.31832298136646,0.482919254658385,0.313385826771654,0.301587301587302,0.314696485623003,0.29746835443038,1,0.311290322580645,1,1,0,1,0.317034700315457,1,1,1,0.318979266347687,1,0.294585987261146,1,0.829420970266041,1,1,1,0.307453416149068,1,1,0.305379746835443,0.302066772655008,1,1,0.307210031347962,0.195348837209302,1,0.998442367601246,1,0,0.311290322580645,1,0.305426356589147,0.259615384615385,1,0.688372093023256,0.423076923076923,1,1,0.683333333333333,0.704510108864697,0.340694006309148,1,0.318181818181818,1,1,0.321259842519685,1,0.998417721518987,0.00789889415481832,0.31911532385466,1,1,0.314285714285714,1,1,0.300955414012739,0.353125,1,1,1,0.510903426791277,0.302839116719243,0.337519623233909,0.319148936170213,0.325434439178515,0.70440251572327,0.317683881064163,0.322884012539185,0.306625577812018,0.255924170616114,0.308056872037915,1,0.309815950920245,0.998415213946117,0.307931570762053,0.0885496183206107,0.0573643410852713,1,1,0.0445468509984639,1,0.695987654320988,0.0481366459627329,0.0111821086261981,1,0.693877551020408,1,1,0.550561797752809,1,0,0.0762987012987013,1,1,1,0.317460317460317,0.658132530120482,0.693679092382496,0.993808049535604,1,0.982945736434109,0.29559748427673,0.34789391575663,1,0.292993630573248,1,0.358255451713396,0.115873015873016,0.301242236024845,0.316846986089645,0.324503311258278,1,0.0871559633027523,1,1,1,0.274658573596358,0.315619967793881,1,0.307570977917981,1,1,0.311248073959938,1,0.320300751879699,1,0.301261829652997,0.315541601255887,1,0.689102564102564,0.312121212121212,1,0.301435406698565,0.761682242990654,0.308282208588957,0.171073094867807,0.310975609756098,0.764797507788162,0.2992,1,0.315707620528771,0.326656394453005,0.283720930232558,1,1,1,0.964110929853181,0.350993377483444,1,0.313001605136437,1,0.310965630114566,0.316030534351145,1,1,1,0.917981072555205,1,0.303215926493109,0.311424100156495,1,1,0.0538336052202284,0.0816,1,1,0.297939778129952,1,1,0.309148264984227,1,1,0.695046439628483,0.542113323124043,1,0,1,1,0.105421686746988,0.321711568938193,1,0.31496062992126,0.998415213946117,0.958860759493671,0.998435054773083,0.815789473684211,1,0.320785597381342,1,1,1,0,0.307308970099668,1,1,0.680817610062893,1,0.314375987361769,0.351393188854489,0.313479623824451,1,1,1,0.0971786833855799,0.304897314375987,0.0935483870967742,0.998439937597504,0.304878048780488,0.301857585139319,0.339622641509434,0,1,0.948598130841122,1,1,0.321144674085851,0.298165137614679,0.166402535657686,0.043956043956044,0.313099041533546,0.303174603174603,0.312111801242236,0.00159235668789809,0.303405572755418,1,0,0.311248073959938,1,1,1,0.311912225705329,0.314814814814815,0.0407166123778502,1,0.312401883830455,0.301538461538462,1,1,0.309148264984227,0.693708609271523,1,1,0.698083067092652,1,0.302431610942249,1,0.307692307692308,0.536923076923077,0.673946957878315,0.412650602409639,1,0.292048929663609,0.310664605873261,0.6875,0.67906976744186,1,0.310769230769231,1,0.31441717791411,1,0.312401883830455,0.295886075949367,0.333850931677019,0.522620904836194,0.307453416149068,0.30625,0.671361502347418,0.311912225705329,0.156351791530945,1,0,1,0.289308176100629,1,0,0.311111111111111,0.306603773584906,1,0.0648567119155355,1,0.0922098569157393,0.3216,1,0.0714285714285714,0.677115987460815,1,1,1,0.30016051364366,0.0462962962962963,1,0.422893481717011,0.104761904761905,0.345201238390093,0.31839258114374,0.315707620528771,1,1,1,1,1,0.0684931506849315,0.996904024767802,0.695787831513261,0.00452488687782805,0.314152410575428,1,1,1,1,0.0875,0.309597523219814,1,1,1,1,1,1,0.496932515337423,0.00161550888529887,1,0.0917573872472784,0.316692667706708,0.446177847113885,1,0.378594249201278,0.303921568627451,0.30173775671406,1,0.0470219435736677,0.313846153846154,1,1,0.367834394904459,0.299843014128728,0.311216429699842,0.305825242718447,0.998444790046656,0.312302839116719,0.314814814814815,0.418789808917197,0.312101910828025,0.96998420221169,0.308868501529052,0.0885668276972625,0.308176100628931,0,1,0.092948717948718,0.298887122416534,0.308176100628931,0.308544303797468,1,1,1,1,1,1,0.3216,1,0.306603773584906,0.301666666666667,0.590697674418605,0.692185007974482,1,1,0,0.308623298033283,0.129429892141757,0.998487140695915,0.040625,1,1,0.314873417721519,1,1,0.6336,0.414634146341463,0.99702823179792,0.088,0.106623586429725,1,1,1,0.0930599369085174,0,0.306748466257669,0.423197492163009,0.309230769230769,0,0.314785373608903,0.089171974522293,1,1,0.308510638297872,0.311145510835913,0.251572327044025,0.32258064516129,0.298761609907121,0.307692307692308,1,1,0.320063694267516,1,0,1,0.229299363057325,1,0.688751926040062,1,0.304416403785489,0.298076923076923,0.0837209302325581,0.688473520249221,1,1,0.791344667697063,0.903752039151713,0.309677419354839,0.306349206349206,1,0.315873015873016,0.265822784810127,0.317512274959083,1,0.110248447204969,1,1,0.3109375,0.691318327974277,0.295819935691318,1,1,0.302180685358255,0.302362204724409,0.311450381679389,0.87220447284345,0.311320754716981,1,0.0645161290322581,1,1,0.708333333333333,0.6578125,0.318255250403877,0.0640625,0.327102803738318,1,1,0.298555377207063,0.321766561514196,0.638461538461538,1,0.301391035548686,0.367762128325509,0.296124031007752,0.981279251170047,0.487301587301587,0.003125,0.296583850931677,0.318461538461538,0.32475884244373,0.311290322580645,0.30568356374808,0.969465648854962,1,0.3078125,0.556982343499197,0.691693290734824,0.250391236306729,0.693574958813839,1,0.309748427672956,0.0031201248049922,0.321428571428571,0.302652106084243,0.354938271604938,0.307936507936508,0,0.32398753894081,0.305466237942122,0.309294871794872,0.3015625
"331",0.110927152317881,0.104,0.101612903225806,0.105519480519481,0.0996784565916399,0.110047846889952,0.397350993377483,0.111290322580645,0.1024,0.990291262135922,0.102643856920684,0.940705128205128,0.0861788617886179,0.109854604200323,0.572815533980582,0.587955625990491,0.963607594936709,0.425287356321839,0.112903225806452,0.0980707395498392,0.592592592592593,0.575657894736842,0.110759493670886,0.953674121405751,0.116822429906542,0.55379746835443,0.574468085106383,0.106209150326797,0.117370892018779,0.138933764135703,0.58664546899841,0.142628205128205,0.0780254777070064,0.578025477707006,0.900641025641026,0.116472545757072,0.581358609794629,0.107309486780715,0.58868501529052,0.1140625,0.453808752025932,0.423948220064725,0.426100628930818,0.106280193236715,0.112745098039216,0.57328990228013,0.579545454545455,0.57007874015748,0.57753164556962,0.564742589703588,0.895161290322581,0.102272727272727,0.578274760383387,0.106687898089172,0.110047846889952,0.384370015948963,0.542207792207792,0.110932475884244,0.1152,0.109149277688604,0.563981042654028,0.573248407643312,0.576985413290113,0.441033925686591,0.111292962356792,0.119047619047619,0.943181818181818,0.10207336523126,0.967289719626168,0.559505409582689,0.101587301587302,0.570731707317073,0.557377049180328,0.133550488599349,0.609794628751975,0.110077519379845,0.581102362204724,0.556782334384858,0.105678233438486,0.566775244299674,0.991830065359477,0.566993464052288,0.565079365079365,0.111111111111111,0.551342812006319,0.106976744186047,0.110032362459547,0.107371794871795,0.0996784565916399,0.421474358974359,0.109120521172638,0.0964230171073095,0.897314375987362,0.988941548183254,0.0998389694041868,0.945652173913043,0.894736842105263,0.108108108108108,0.554455445544555,0.432739059967585,0.107717041800643,0.952691680261011,0.581993569131833,0.115321252059308,0.572357723577236,0.108766233766234,0.433281004709576,0.114832535885167,0.572347266881029,0.567783094098884,0.565768621236133,0.115569823434992,0.557324840764331,0.109872611464968,0.630818619582664,0.108527131782946,0.560897435897436,0.818611987381703,0.571651090342679,0.562903225806452,0.644904458598726,0.113564668769716,0.574132492113565,0.570967741935484,0.0952380952380952,0.585987261146497,0.105343511450382,0.110939907550077,0.78743961352657,0.562401263823065,0.102605863192182,0.572337042925278,0.1,0.941915227629513,0.0922570016474465,0.577639751552795,0.441269841269841,0.55608214849921,0.0386473429951691,0.661666666666667,0.99025974025974,0.990322580645161,0.112179487179487,0.104918032786885,0.551834130781499,0.102685624012638,0.583460949464012,0.104166666666667,0.0819165378670788,0.113207547169811,0.568144499178982,0.102728731942215,0.109656301145663,0.113673805601318,0.102439024390244,0.550888529886914,0.116242038216561,0.558823529411765,0.855555555555556,0.101105845181675,0.573015873015873,0.11216429699842,0.584935897435897,0.983870967741935,0.100660066006601,0.576190476190476,0.119808306709265,0.113564668769716,0.11219512195122,0.55993690851735,0.112359550561798,0.564019448946515,0.105263157894737,0.568253968253968,0.104404567699837,0.571197411003236,0.980676328502415,0.103503184713376,0.482758620689655,0.102773246329527,0.115015974440895,0.578947368421053,0.0968253968253968,0.103174603174603,0.108626198083067,0.108626198083067,0.576489533011272,0.576190476190476,0.115511551155116,0.108239095315024,0.565354330708661,0.581548599670511,0.108452950558214,0.674121405750799,0.453416149068323,0.890499194847021,0.570063694267516,0.450949367088608,0.110047846889952,0.561514195583596,0.111480865224626,0.108490566037736,0.094551282051282,0.5796875,0.573667711598746,0.576985413290113,0.112324492979719,0.109271523178808,0.0993589743589744,0.903069466882068,0.110932475884244,0.584142394822006,0.0779014308426073,0.572567783094099,0.573717948717949,0.357927786499215,0.1056,0.110584518167457,0.103338632750397,0.111821086261981,0.101472995090016,0.9376,0.567043618739903,0.570300157977883,0.11128526645768,0.431061806656101,0.108864696734059,0.112480739599384,0.1088,0.110759493670886,0.107717041800643,0.111111111111111,0.892913385826772,0.801901743264659,0.115015974440895,0.572131147540984,0.109149277688604,0.579113924050633,0.1078125,0.105008077544426,0.106209150326797,0.105090311986864,0.11219512195122,0.562401263823065,0.106687898089172,0.366776315789474,0.564308681672026,0.563579277864992,0.568181818181818,0.567479674796748,0.549679487179487,0.673234811165846,0.548956661316212,0.56782334384858,0.563779527559055,0.117834394904459,0.559870550161812,0.106060606060606,0.41875,0.570739549839228,0.808477237048666,0.564724919093851,0.109477124183007,0.107717041800643,0.107594936708861,0.850574712643678,0.590614886731392,0.0979462875197472,0.574468085106383,0.56782334384858,0.571658615136876,0.576619273301738,0.431340872374798,0.105431309904153,0.56782334384858,0.567741935483871,0.103059581320451,0.591503267973856,0.11128526645768,0.564387917329094,0.5814696485623,0.103448275862069,0.11038961038961,0.112540192926045,0.582258064516129,0.11219512195122,0.429712460063898,0.9796875,0.566343042071197,0.10989010989011,0.104333868378812,0.990580847723705,0.571205007824726,0.555374592833876,0.115321252059308,0.108414239482201,0.576138147566719,0.916932907348243,0.894736842105263,0.109324758842444,0.108731466227348,0.556942277691108,0.108626198083067,0.114728682170543,0.5818759936407,0.10989010989011,0.107424960505529,0.56260162601626,0.105691056910569,0.104166666666667,0.110935023771791,0.113207547169811,0.564263322884012,0.58740157480315,0.566164154103853,0.104333868378812,0.109500805152979,0.436708860759494,0.563402889245586,0.104404567699837,0.575516693163752,0.586709886547812,0.102685624012638,0.106180665610143,0.107255520504732,0.105769230769231,0.0971786833855799,0.558730158730159,0.108974358974359,0.115569823434992,1,0.56120826709062,0.610576923076923,0.584142394822006,0.446054750402576,0.568720379146919,0.102201257861635,0.584967320261438,0.560975609756098,0.853582554517134,0.572769953051643,0.110754414125201,0.574102964118565,0.109500805152979,0.104333868378812,0.114104595879556,0.584814216478191,0.578864353312303,0.108108108108108,0.0316666666666667,0.956026058631922,0.118421052631579,0.57784911717496,0.572815533980582,0.581847649918963,0.0957095709570957,0.56782334384858,0.652312599681021,0.567092651757188,0.580952380952381,0.576859504132231,0.580906148867314,0.0981012658227848,0.5552,0.0975206611570248,0.102893890675241,0.89968152866242,0.110197368421053,0.572831423895254,0.107717041800643,0.108695652173913,0.105610561056106,0.563218390804598,0.104430379746835,0.577669902912621,0.102964118564743,0.0729001584786054,0.111811023622047,0.108239095315024,0.103448275862069,0.578446909667195,0.103833865814696,0.11470113085622,0.570967741935484,0.57051282051282,0.101910828025478,0.103392568659128,0.579872204472843,0.913657770800628,0.111658456486043,0.102848101265823,0.104265402843602,0.887122416534181,0.581847649918963,0.103505843071786,0.56984126984127,0.858995137763371,0.106451612903226,0.43217665615142,0.446511627906977,0.111292962356792,0.104234527687296,0.442901234567901,0.402555910543131,0.534810126582278,0.106451612903226,0.568253968253968,0.112012987012987,0.0991869918699187,0.558917197452229,0.107594936708861,0.113964686998395,0.90224358974359,0.569805194805195,0.1152,0.098705501618123,0.568403908794788,0.108864696734059,0.104404567699837,0.579288025889968,0.770440251572327,0.109854604200323,0.1125,0.104,0.353035143769968,0.592651757188498,0.598726114649682,0.571870170015456,0.5696,0.421303656597774,0.560629921259843,0.560747663551402,0.575039494470774,0.861788617886179,0.571661237785016,0.112341772151899,0.565625,0.107667210440457,0.573482428115016,0.979719188767551,0.9484375,0.103174603174603,0.116903633491311,0.940514469453376,0.104065040650407,0.423861852433281,0.946945337620579,0.908064516129032,0.106750392464678,0.418238993710692,0.102272727272727,0.106012658227848,0.572123176661264,0.107594936708861,0.896825396825397,0.988467874794069,0.109872611464968,0.117834394904459,0.123397435897436,0.567880794701987,0.469135802469136,0.408094435075885,0.122448979591837,0.104430379746835,0.0758293838862559,0.585874799357945,0.774960380348653,0.118589743589744,0.584690553745928,0.108452950558214,0.517628205128205,1,0.576489533011272,0.582554517133956,0.559865092748735,0.107086614173228,0.977987421383648,0.114728682170543,0.107563025210084,0.114285714285714,0.856474258970359,0.560581583198708,0.117460317460317,0.573268921095008,0.108695652173913,0.110743801652893,0.575,0.106969205834684,0.568992248062016,0.108064516129032,0.583067092651757,0.560192616372392,0.104430379746835,0.432739059967585,0.573846153846154,0.107890499194847,0.585089141004862,0.162074554294976,0.574162679425837,0.957345971563981,0.568567026194145,0.123809523809524,0.575364667747164,0.127090301003344,0.564465408805031,0.552547770700637,0.593650793650794,0.112341772151899,0.108414239482201,0.100156494522692,0.0716666666666667,0.768718801996672,0.109177215189873,0.55794701986755,0.105095541401274,0.574043261231281,0.572107765451664,0.113924050632911,0.106209150326797,0.100470957613815,0.0211038961038961,0.108150470219436,0.577287066246057,0.58974358974359,0.0981012658227848,0.106969205834684,0.959481361426256,0.979233226837061,0.100638977635783,0.106280193236715,0.5696,0.113564668769716,0.108527131782946,0.579872204472843,0.11900826446281,0.105095541401274,0.435897435897436,0.572337042925278,0.106796116504854,0.900306748466258,0.115569823434992,0.111464968152866,0.989147286821705,0.573692551505547,0.107317073170732,0.559105431309904,0.104838709677419,0.0725806451612903,0.116129032258065,0.0722135007849294,0.10410094637224,0.579901153212521,0.102523659305994,0.103727714748784,0.103559870550162,0.903328050713154,0.568595041322314,0.0954692556634304,0.110410094637224,0.431962025316456,0.109677419354839,0.576,0.532695374800638,0.568910256410256,0.112,0.108320251177394,0.108766233766234,0.987519500780031,0.566188197767145,0.974151857835218,0.098705501618123,0.578025477707006,0.593004769475358,0.534920634920635,0.893548387096774,0.103225806451613,0.055379746835443,0.109872611464968,0.107424960505529,0.562091503267974,0.580696202531646,0.942622950819672,0.936204146730462,0.578274760383387,0.568253968253968,0.555732484076433,0.8992,0.583860759493671,0.1046875,0.89047619047619,0.575899843505477,0.110223642172524,0.113964686998395,0.107142857142857,0.574162679425837,0.575277337559429,0.945634266886326,0.102848101265823,0.581168831168831,0.582938388625592,0.107086614173228,0.1184,0.567783094098884,0.410385259631491,0.102649006622517,0.106732348111658,0.417618270799347,0.11128526645768,0.581903276131045,0.120192307692308,0.580952380952381,0.585714285714286,0.44392523364486,0.677115987460815,0.106012658227848,0.582945736434109,0.575039494470774,0.409810126582278,0.446875,0.105678233438486,0.565079365079365,0.107794361525705,0.567651632970451,0.0991869918699187,0.567353407290016,0.581168831168831,0.536858974358974,0.56031746031746,0.575757575757576,0.578606158833063,0.438095238095238,0.564593301435407,0.967266775777414,0.10016155088853,0.899212598425197,0.106687898089172,0.582508250825083,0.110935023771791,0.90224358974359,0.564102564102564,0.57843137254902,0.102439024390244,0.95800933125972,0.113924050632911,0.99510603588907,0.543973941368078,0.100813008130081,0.958730158730159,0.4432,0.100638977635783,0.10989010989011,0.107765451664025,0.580698835274542,0.940809968847352,0.103610675039246,0.464630225080386,0.98858075040783,0.531446540880503,0.564873417721519,0.573228346456693,0.107424960505529,0.0813953488372093,0.111295681063123,0.11128526645768,0.109697933227345,0.96551724137931,0.110223642172524,0.428120063191153,0.894736842105263,0.563694267515924,0.106451612903226,0.108239095315024,0.100660066006601,0.104851330203443,0.982839313572543,0.5640625,0.10126582278481,0.109677419354839,0.105008077544426,0.106451612903226,0.113207547169811,0.11525974025974,0.640625,0.917763157894737,0.102605863192182,0.979462875197472,0.573482428115016,0.69281045751634,0.113744075829384,0.495081967213115,0.587064676616915,0.578947368421053,0.115987460815047,0.941640378548896,0.563981042654028,0.0990415335463259,0.113268608414239,0.526742301458671,0.574803149606299,0.57258064516129,0.576736672051696,0.0988835725677831,0.573770491803279,0.563291139240506,0.679738562091503,0.575516693163752,0.0677165354330709,0.576323987538941,0.980456026058632,0.573692551505547,0.889763779527559,0.116693679092382,0.983766233766234,0.579804560260586,0.563725490196078,0.57258064516129,0.109004739336493,0.0962145110410095,0.110183639398998,0.110047846889952,0.111475409836066,0.114516129032258,0.551219512195122,0.0974842767295598,0.572784810126582,0.571186440677966,0.484227129337539,0.438423645320197,0.107086614173228,0.117460317460317,0.898278560250391,0.5703125,0.98705501618123,0.102643856920684,0.940705128205128,0.101748807631161,0.107667210440457,0.573770491803279,0.11219512195122,0.104304635761589,0.4768,0.66006600660066,0.112291350531108,0.975083056478405,0.993558776167472,0.107371794871795,0.107843137254902,0.106180665610143,0.979397781299525,0.892234548335975,0.570747217806041,0.465489566613162,0.57345971563981,0.9,0.543689320388349,0.98371335504886,0.105431309904153,0.10655737704918,0.575663026521061,0.560126582278481,0.870813397129187,0.553921568627451,0.571879936808847,0.572107765451664,0.114147909967846,0.110754414125201,0.559485530546624,0.107575757575758,0.904088050314465,0.0966183574879227,0.890879478827362,0.110576923076923,0.426751592356688,0.102964118564743,0.573983739837398,0.584415584415584,0.984202211690363,0.437400950871632,0.107717041800643,0.105769230769231,0.319935691318328,0.220228384991843,0.569331158238173,0.566006600660066,0.109350237717908,0.555555555555556,0.855072463768116,0.57379767827529,0.116279069767442,0.995169082125604,0.104669887278583,0.0995184590690209,0.574132492113565,0.423948220064725,0.581967213114754,0.107794361525705,0.101639344262295,0.573717948717949,0.576433121019108,0.565149136577708,0.25,0.567699836867863,0.110759493670886,0.957547169811321,0.114832535885167,0.109120521172638,0.417322834645669,0.479871175523349,0.566502463054187,0.956937799043062,0.556270096463023,0.1072,0.102006688963211,0.5829307568438,0.555023923444976,0.494417862838915,0.10459587955626,0.58125,0.668759811616955,0.572107765451664,0.126182965299685,0.63961038961039,0.901273885350318,0.589622641509434,0.56782334384858,0.565573770491803,0.575409836065574,0.569206842923795,0.135135135135135,0.110576923076923,0.5814696485623,0.561174551386623,0.432300163132137,0.862284820031299,0.42,0.0962479608482871,0.56782334384858,0.901612903225806,0.553429027113238,0.573033707865168,0.6896,0.5553772070626,0.896661367249603,0.5552,0.583198707592892,0.564308681672026,0.56984126984127
"332",0.306603773584906,0.325190839694657,0.328703703703704,0.34384858044164,0.33693972179289,0.321928460342146,0.0111287758346582,0.33953488372093,0.325652841781874,0.562300319488818,0.329286798179059,0.628440366972477,0.526729559748428,0.332819722650231,1,1,0.604938271604938,0,0.341158059467919,0.315625,1,1,0.336391437308869,0.505359877488515,0.324773413897281,1,1,0.34621578099839,0.324734446130501,0.542319749216301,1,0.597859327217125,0.381316998468606,0.996913580246914,0.653250773993808,0.322528363047002,0.12824427480916,0.332312404287902,1,0.321156773211568,0,0,0,0.343260188087774,0.329704510108865,1,0.998432601880878,1,1,1,0.680491551459293,0.335403726708075,1,0.332824427480916,0.322239031770045,0.819182389937107,0.111811023622047,0.326625386996904,0.324200913242009,0.3390625,0.992389649923896,1,1,0.00153846153846154,0.32695374800638,0.334365325077399,0.647239263803681,0.337480559875583,0.602962962962963,1,0.333843797856049,1,1,0.289308176100629,0.147465437788018,0.328402366863905,1,0.996987951807229,0.336377473363775,1,0.587579617834395,1,1,0.338414634146341,1,0.33532041728763,0.328100470957614,0.338485316846986,0.329704510108865,0,0.332293291731669,0.341791044776119,0.68266253869969,0.575803981623277,0.332273449920509,0.623493975903614,0.673252279635258,0.327718223583461,0.108452950558214,0,0.320373250388802,0.614664586583463,1,0.334389857369255,1,0.3328173374613,0,0.337962962962963,1,1,1,0.318461538461538,0.998459167950693,0.337349397590361,0.194528875379939,0.319880418535127,1,0.371559633027523,1,1,0.195121951219512,0.325077399380805,1,1,0.341426403641882,1,0.331369661266568,0.325301204819277,0.364471669218989,0.772247360482655,0.329192546583851,1,0.3390625,0.625920471281296,0.347551342812006,1,0,1,0.393135725429017,0.895071542130366,0.566510172143975,0.582554517133956,0.333333333333333,0.333860759493671,1,0.326687116564417,1,0.320061255742726,0.514459665144597,0.335843373493976,1,0.326687116564417,0.331240188383046,0.34012539184953,0.337461300309598,1,0.32093023255814,1,0.43140243902439,0.341463414634146,1,0.333333333333333,1,0.576190476190476,0.330745341614907,1,0.331269349845201,0.321592649310873,0.343653250773994,0.989345509893455,0.335403726708075,1,0.338557993730408,1,0.3232,1,0.582317073170732,0.314900153609831,0.0315457413249211,0.308176100628931,0.335901386748844,1,0.317262830482115,0.335413416536661,0.325652841781874,0.339969372128637,1,1,0.338632750397456,0.33953488372093,1,1,0.331797235023041,0.223583460949464,0.0193452380952381,0.670826833073323,1,0,0.327769347496206,1,0.337007874015748,0.32370820668693,0.328725038402458,0.996913580246914,1,1,0.345399698340875,0.321656050955414,0.3267776096823,0.664596273291925,0.316846986089645,1,0.355038759689922,1,1,0.442572741194487,0.337984496124031,0.328767123287671,0.33641975308642,0.30640243902439,0.326120556414219,0.632465543644717,1,1,0.328787878787879,0.00305343511450382,0.334834834834835,0.327844311377246,0.329192546583851,0.322480620155039,0.315301391035549,0.33433734939759,0.682370820668693,0.352048558421851,0.321752265861027,1,0.335949764521193,1,0.318529862174579,0.31924882629108,0.328682170542636,0.336973478939158,0.323809523809524,1,0.334351145038168,0.803459119496855,1,1,1,1,1,0.897674418604651,1,1,1,0.326251896813354,1,0.333333333333333,0,1,0.373676248108926,1,0.331259720062208,0.337423312883436,0.333843797856049,0.411580594679186,1,0.340490797546012,1,1,1,1,0,0.328725038402458,1,1,0.334862385321101,1,0.334341906202723,1,1,0.323343848580442,0.344992050874404,0.303215926493109,0.141975308641975,0.338006230529595,0,0.580838323353293,1,0.325652841781874,0.333850931677019,0.577099236641221,1,1,0.33652312599681,0.343653250773994,1,0.642748091603053,0.686915887850467,0.317262830482115,0.328593996840442,0.994020926756353,0.338461538461538,0.316265060240964,1,0.329192546583851,0.317147192716237,1,0.319875776397516,0.327639751552795,0.324031007751938,0.332307692307692,1,1,1,0.323216995447648,0.340062111801242,0.00916030534351145,0.995405819295559,0.336477987421384,1,1,0.32370820668693,0.334841628959276,0.313161875945537,0.331259720062208,0.331297709923664,1,0.317757009345794,0.317901234567901,0.56120826709062,1,0.842024539877301,1,0,1,0.336810730253353,1,1,0.411497730711044,1,0.334913112164297,1,0.328593996840442,0.319571865443425,0.327769347496206,1,1,0.33641975308642,0.411483253588517,0.597156398104265,0.321875,1,1,1,0.332802547770701,1,0.201538461538462,1,1,1,1,0.335866261398176,1,0.329635499207607,0.345679012345679,0.668721109399075,0.311526479750779,1,0.335901386748844,0.330804248861912,0.325434439178515,1,0.319213313161876,1,0.338805970149254,0.496147919876733,0.33179012345679,0.337559429477021,0.323076923076923,1,0.333850931677019,0.31974921630094,1,1,0.337442218798151,0.330218068535826,1,0.466966966966967,0.331189710610932,0.342635658914729,0.341426403641882,0.66969696969697,1,0.311290322580645,1,0.408450704225352,0.315372424722662,0,0.877272727272727,0.33015873015873,0.332307692307692,0,0.0325581395348837,0.983282674772036,0.327131782945736,1,0.326530612244898,0.337078651685393,1,0.337878787878788,0.329173166926677,0.655384615384615,1,0.333846153846154,0.329652996845426,1,0.319938176197836,0.322784810126582,1,0.330792682926829,0.321875,0.331818181818182,0.348837209302326,0.806697108066971,1,0.979813664596273,1,1,0,1,0.993779160186625,1,0.42457231726283,0.998405103668262,0.318250377073906,0.993911719939117,0.345736434108527,0.997001499250375,0.596992481203008,0.614220877458396,0.332307692307692,0.326807228915663,0.628659476117103,0.332273449920509,0,0.619119878603945,0.664596273291925,0.334355828220859,0,0.327769347496206,0.322378716744914,0.76875,0.340458015267176,0.670807453416149,0.584518167456556,0.334370139968896,0.335843373493976,0.313271604938272,1,0.0253353204172876,0,0.332312404287902,0.337941628264209,0.347560975609756,1,0.327188940092166,0.336405529953917,1,0.316998468606432,0.941267387944359,0.556414219474498,1,1,0.995065789473684,0.334332833583208,0.591743119266055,0.342814371257485,0.323248407643312,0.325617283950617,0.41969696969697,1,0.322834645669291,1,0.326625386996904,0.328100470957614,1,0.334389857369255,1,0.329211746522411,1,1,0.332312404287902,0,1,0.331288343558282,1,0.579352850539291,1,0.496941896024465,1,0.56832298136646,1,0.328050713153724,1,1,1,0.326086956521739,0.333333333333333,0.325825825825826,0.36724960254372,0.3264,0.332307692307692,1,0.330289193302892,1,1,0.334855403348554,0.337480559875583,0.327743902439024,0.391768292682927,0.339285714285714,1,1,0.336363636363636,0.335403726708075,0.617693522906793,0.582159624413146,0.33587786259542,0.337025316455696,1,0.320121951219512,0.334323922734027,0.993779160186625,0.325914149443561,0.329803328290469,0,0.129909365558912,0.334360554699538,0.665185185185185,0.32398753894081,0.339939024390244,0.595454545454545,0.996894409937888,0.324492979719189,1,0.326687116564417,0.362790697674419,0.331259720062208,0.495384615384615,0.330218068535826,1,0.333843797856049,0.33596214511041,0.34488188976378,0.670750382848392,1,0.341232227488152,0.329305135951662,0,0.344984802431611,1,0.95405819295559,1,0.325227963525836,0.337899543378995,0.333333333333333,0.572519083969466,1,0.58740157480315,0.346811819595645,1,1,0.968944099378882,0.669230769230769,0.340030911901082,0.37442218798151,0.332307692307692,0.329770992366412,1,1,0.500772797527048,0.625192012288787,1,1,1,0.67817896389325,1,0.341906202723147,0.671875,1,0.345622119815668,0.331278890600925,0.330781010719755,0.998470948012232,1,0.626003210272873,0.335384615384615,1,1,0.337920489296636,0.32258064516129,1,0,0.329721362229102,0.321483771251932,0.00306748466257669,0.329286798179059,1,0.323390894819466,1,0.140695915279879,0,0.909090909090909,0.340978593272171,1,1,0,0,0.337899543378995,1,0.332273449920509,1,0.321766561514196,1,0.998420221169036,0.967340590979782,0.784732824427481,1,1,0.00311526479750779,1,0.503215434083601,0.341614906832298,0.658170914542729,0.33843797856049,1,0.32182103610675,0.662015503875969,1,1,0.331210191082803,0.59882005899705,0.345038167938931,0.573667711598746,0.975116640746501,0.346687211093991,0.589041095890411,0.00934579439252336,0.325581395348837,0.334365325077399,0.333333333333333,1,0.623493975903614,0.32383808095952,0.886645962732919,0.581648522550544,0.974320241691843,1,1,0.324492979719189,0.351648351648352,0.329153605015674,0.329738058551618,0.327245053272451,0.602719033232628,0.320121951219512,0,0.664697193500739,0.998482549317147,0.337962962962963,0.314465408805031,0.330658105939005,0.335854765506808,0.586046511627907,1,0.340874811463047,0.349922239502333,0.341894060995185,0.331278890600925,0.324574961360124,0.327131782945736,0.18910741301059,0.66824644549763,0.328638497652582,0.590490797546012,1,0.229938271604938,0.338485316846986,0.919811320754717,1,1,0.32824427480916,0.623655913978495,1,0.32370820668693,0.308527131782946,0.95968992248062,1,1,0.998430141287284,0.33179012345679,1,1,0.89922480620155,1,0.358778625954198,1,0.57433489827856,1,0.667669172932331,0.327044025157233,0.595645412130638,1,1,0.992175273865415,0.339421613394216,0.342549923195084,0.335974643423138,0.332819722650231,0.333855799373041,0.342229199372057,0.986068111455108,0.318112633181126,1,1,0.717557251908397,0,0.333333333333333,0.330804248861912,0.662557781201849,1,0.549689440993789,0.336349924585219,0.636080870917574,0.331269349845201,0.336434108527132,1,0.324074074074074,0.338141025641026,0.693270735524257,0.911147011308562,0.329941860465116,0.594135802469136,0.568111455108359,0.337442218798151,0.334883720930233,0.320433436532508,0.584992343032159,0.671361502347418,1,0.894495412844037,1,0.656060606060606,0.9984375,0.578446909667195,0.330745341614907,0.339089481946625,1,1,0.423913043478261,0.996879875195008,0.996951219512195,1,0.334365325077399,0.337423312883436,1,0.333827893175074,0.672811059907834,0.34009360374415,0.444790046656299,0.323854660347551,0,0.318731117824773,1,1,0.581288343558282,0,0.344086021505376,0.332822085889571,0.111455108359133,0.418789808917197,1,1,0.326251896813354,1,0.411214953271028,1,0.341829085457271,0.574534161490683,0.337404580152672,0.332298136645963,1,0,1,0.323854660347551,0.335913312693498,1,1,1,0.45468509984639,1,0.327639751552795,0.602427921092564,0.338983050847458,0.339712918660287,0,0.0357142857142857,1,0.607361963190184,1,0.335866261398176,0.342356687898089,1,1,0.160796324655436,0.321592649310873,1,0.900302114803625,1,0.333836858006042,0.197492163009404,0.656877897990726,1,1,1,1,1,0.296240601503759,0.317757009345794,1,0.113237639553429,0,0.435185185185185,0,0.333855799373041,1,0.66304347826087,1,1,0.891437308868501,1,0.662141779788839,1,1,1,1
"333",0.470016207455429,0.479495268138801,0.482115085536547,0.4992,0.479559748427673,0.484423676012461,0.17124394184168,0.494435612082671,0.492845786963434,0.604304635761589,0.493769470404984,0.559561128526646,0.418300653594771,0.496845425867508,0.844094488188976,0.833597464342314,0.584876543209877,0.166397415185784,0.506430868167203,0.47244094488189,0.82780410742496,0.841269841269841,0.500772797527048,0.630030959752322,0.49923896499239,0.828393135725429,0.839936608557845,0.512116316639742,0.493788819875776,0.4928,0.849765258215962,0.482866043613707,0.474842767295597,0.829307568438003,0.50547730829421,0.485809682804674,0.304278922345483,0.490654205607477,0.840490797546012,0.478461538461538,0.1671875,0.153238546603476,0.166666666666667,0.501582278481013,0.488888888888889,0.833333333333333,0.837025316455696,0.832288401253918,0.839563862928349,0.838759689922481,0.513385826771654,0.504854368932039,0.837461300309598,0.4859375,0.489891135303266,0.672523961661342,0.274015748031496,0.495283018867925,0.507788161993769,0.4944,0.837461300309598,0.836734693877551,0.842356687898089,0.181388012618297,0.483660130718954,0.507086614173228,0.564102564102564,0.502384737678855,0.570776255707763,0.834365325077399,0.481366459627329,0.848200312989045,0.841680129240711,0.455271565495208,0.321372854914197,0.495398773006135,0.839258114374034,0.832822085889571,0.490769230769231,0.836304700162075,0.59935379644588,0.834645669291339,0.84044233807267,0.509433962264151,0.834905660377358,0.497695852534562,0.487220447284345,0.503164556962025,0.493710691823899,0.159375,0.494470774091627,0.496960486322188,0.523882896764253,0.613354037267081,0.485668789808917,0.569422776911076,0.514195583596215,0.4890625,0.289430894308943,0.167202572347267,0.482758620689655,0.562998405103668,0.8464,0.49016393442623,0.8432,0.493610223642172,0.170111287758347,0.504731861198738,0.834645669291339,0.842679127725857,0.824534161490683,0.488262910798122,0.837753510140406,0.492845786963434,0.361801242236025,0.482496194824962,0.828885400313972,0.534591194968553,0.835913312693498,0.842271293375394,0.366771159874608,0.477093206951027,0.837423312883436,0.828150572831424,0.493846153846154,0.845070422535211,0.496263079222721,0.495341614906832,0.534591194968553,0.944530046224962,0.495145631067961,0.840189873417722,0.503184713375796,0.546423135464231,0.500805152979066,0.832822085889571,0.167711598746081,0.835987261146497,0.419003115264797,0.972357723577236,0.604465709728868,0.611727416798732,0.477794793261868,0.48705501618123,0.8336,0.479365079365079,0.836115326251897,0.478056426332288,0.422187981510015,0.502318392581144,0.847266881028939,0.482594936708861,0.492822966507177,0.503184713375796,0.486571879936809,0.825396825396825,0.49452269170579,0.83596214511041,0.595911949685535,0.497667185069984,0.835658914728682,0.486153846153846,0.836990595611285,0.590764331210191,0.492822966507177,0.833860759493671,0.502362204724409,0.492211838006231,0.508607198748044,0.826086956521739,0.506349206349206,0.841017488076312,0.489028213166144,0.823343848580442,0.496774193548387,0.837025316455696,0.577464788732394,0.468118195956454,0.210016155088853,0.467511885895404,0.488188976377953,0.84329563812601,0.4796875,0.491338582677165,0.5,0.506369426751592,0.853697749196141,0.830246913580247,0.491085899513776,0.496111975116641,0.826893353941267,0.829581993569132,0.493710691823899,0.393700787401575,0.18910741301059,0.507177033492823,0.831230283911672,0.169014084507042,0.499222395023328,0.840062111801242,0.496012759170654,0.481538461538462,0.478806907378336,0.844936708860759,0.847352024922118,0.840836012861736,0.505409582689335,0.492659053833605,0.479938271604938,0.5232,0.486312399355878,0.834670947030498,0.461417322834646,0.839370078740157,0.835987261146497,0.601880877742947,0.487220447284345,0.487692307692308,0.484227129337539,0.484326018808777,0.487341772151899,0.553429027113238,0.829383886255924,0.833592534992224,0.501557632398754,0.172093023255814,0.503105590062112,0.49923896499239,0.504777070063694,0.484709480122324,0.470588235294118,0.501543209876543,0.525316455696203,0.531684698608965,0.48297213622291,0.83968253968254,0.485668789808917,0.834101382488479,0.475743348982786,0.4671875,0.48006379585327,0.5056,0.482371794871795,0.828616352201258,0.493788819875776,0.635634028892456,0.830721003134796,0.845070422535211,0.832012678288431,0.836538461538462,0.833855799373041,0.936204146730462,0.831007751937984,0.827315541601256,0.821036106750393,0.491472868217054,0.837795275590551,0.488745980707395,0.156923076923077,0.838509316770186,0.556765163297045,0.846761453396525,0.495253164556962,0.488853503184713,0.496845425867508,0.582018927444795,0.854914196567863,0.496087636932707,0.824476650563607,0.844748858447489,0.83015873015873,0.848765432098765,0.168,0.479935794542536,0.847560975609756,0.839427662957075,0.5008,0.831746031746032,0.499219968798752,0.828660436137072,0.850393700787402,0.480252764612954,0.493589743589744,0.468553459119497,0.313572542901716,0.503974562798092,0.162790697674419,0.602465331278891,0.838050314465409,0.5,0.487179487179487,0.608695652173913,0.830721003134796,0.836538461538462,0.504,0.511182108626198,0.830745341614907,0.521875,0.523961661341853,0.480830670926518,0.497536945812808,0.839150227617602,0.504716981132076,0.483870967741935,0.842105263157895,0.490506329113924,0.486780715396579,0.833592534992224,0.478672985781991,0.487421383647799,0.486656200941915,0.487538940809969,0.843505477308294,0.84447900466563,0.861290322580645,0.484326018808777,0.512658227848101,0.172360248447205,0.827315541601256,0.502384737678855,0.841368584758942,0.837320574162679,0.483024691358025,0.501543209876543,0.478125,0.492211838006231,0.48531684698609,0.834633385335413,0.473684210526316,0.498442367601246,0.610576923076923,0.842024539877301,1,0.842356687898089,0.14756671899529,0.834365325077399,0.490881458966565,0.85048231511254,0.844339622641509,0.581761006289308,0.837962962962963,0.496825396825397,0.851226993865031,0.485714285714286,0.476340694006309,0.486739469578783,0.847133757961783,0.849378881987578,0.5,0.426016260162602,0.561996779388084,0.483870967741935,0.829953198127925,0.838351822503962,0.8448,0.48440065681445,0.838258164852255,0.360759493670886,0.838557993730408,0.833333333333333,0.8368,0.841444270015699,0.492260061919505,0.835463258785943,0.478187919463087,0.503164556962025,0.512658227848101,0.479740680713128,0.837753510140406,0.498427672955975,0.48698315467075,0.480645161290323,0.834405144694534,0.47906976744186,0.835504885993485,0.496932515337423,0.423622047244094,0.50390015600624,0.498392282958199,0.486780715396579,0.8390625,0.486529318541997,0.486529318541997,0.836507936507937,0.833594976452119,0.494488188976378,0.483568075117371,0.839370078740157,0.605546995377504,0.492753623188406,0.499219968798752,0.491499227202473,0.503974562798092,0.840255591054313,0.451768488745981,0.836276083467095,0.567140600315956,0.483619344773791,0.153013910355487,0.726574500768049,0.490353697749196,0.490536277602524,0.167673716012085,0.196513470681458,0.82225656877898,0.496062992125984,0.839622641509434,0.48489666136725,0.471358428805237,0.845295055821372,0.501567398119122,0.486571879936809,0.518053375196232,0.833333333333333,0.497637795275591,0.485714285714286,0.837881219903692,0.490712074303406,0.485483870967742,0.837837837837838,0.492260061919505,0.480952380952381,0.486111111111111,0.505564387917329,0.643302180685358,0.831761006289308,0.866242038216561,0.841079460269865,0.850863422291994,0.170926517571885,0.827856025039124,0.82780410742496,0.84031007751938,0.585403726708075,0.83495145631068,0.492935635792779,0.830745341614907,0.5103668261563,0.837282780410742,0.59480122324159,0.554517133956386,0.496124031007752,0.503095975232198,0.555900621118012,0.48538961038961,0.162576687116564,0.556589147286822,0.532051282051282,0.481538461538462,0.158307210031348,0.487341772151899,0.482059282371295,0.937699680511182,0.487538940809969,0.507086614173228,0.587761674718196,0.488853503184713,0.49768875192604,0.483306836248013,0.846275752773376,0.18955223880597,0.149350649350649,0.508607198748044,0.493001555209953,0.459842519685039,0.835182250396197,0.496050552922591,0.485981308411215,0.821656050955414,0.474576271186441,0.785266457680251,0.608974358974359,0.835403726708075,0.840425531914894,0.842454394693201,0.492283950617284,0.59472049689441,0.503039513677812,0.482758620689655,0.498442367601246,0.577223088923557,0.837320574162679,0.500792393026941,0.850393700787402,0.488636363636364,0.49512987012987,0.834890965732087,0.494417862838915,0.847201210287443,0.500797448165869,0.835987261146497,0.838351822503962,0.505426356589147,0.160513643659711,0.836140888208269,0.500777604976672,0.833602584814216,0.502362204724409,0.845329249617152,0.633647798742138,0.836140888208269,0.501587301587302,0.841269841269841,0.504807692307692,0.835423197492163,0.844615384615385,0.84012539184953,0.496825396825397,0.495207667731629,0.483870967741935,0.458128078817734,0.490066225165563,0.485133020344288,0.822294022617124,0.496894409937888,0.850328947368421,0.838461538461538,0.500780031201248,0.488924050632911,0.47360248447205,0.401253918495298,0.4890625,0.837962962962963,0.84375,0.482115085536547,0.493589743589744,0.571658615136876,0.583201267828843,0.477848101265823,0.486312399355878,0.829855537720706,0.5,0.490712074303406,0.833070866141732,0.498376623376623,0.484423676012461,0.15748031496063,0.302611367127496,0.490415335463259,0.503012048192771,0.493650793650794,0.50077519379845,0.613740458015267,0.844690966719493,0.479233226837061,0.833850931677019,0.48,0.454838709677419,0.503154574132492,0.389589905362776,0.491283676703645,0.850574712643678,0.486862442040185,0.489533011272142,0.504823151125402,0.517080745341615,0.831189710610932,0.491171749598716,0.494539781591264,0.155172413793103,0.490769230769231,0.844094488188976,0.794712286158631,0.852201257861635,0.493710691823899,0.491419656786271,0.496062992125984,0.59472049689441,0.836507936507937,0.593949044585987,0.4928,0.845181674565561,0.84399375975039,0.812982998454405,0.5078125,0.494435612082671,0.43701399688958,0.491472868217054,0.499236641221374,0.838095238095238,0.826747720364742,0.629746835443038,0.55111821086262,0.855095541401274,0.83968253968254,0.828393135725429,0.526570048309179,0.846275752773376,0.496941896024465,0.506349206349206,0.846273291925466,0.503912363067293,0.4976,0.483568075117371,0.837962962962963,0.842024539877301,0.555194805194805,0.498422712933754,0.848580441640379,0.842923794712286,0.503105590062112,0.49607535321821,0.835658914728682,0.157635467980296,0.487220447284345,0.476340694006309,0.17007874015748,0.492354740061162,0.84472049689441,0.500810372771475,0.846645367412141,0.316279069767442,0.157733537519142,0.943511450381679,0.5015625,0.829192546583851,0.842679127725857,0.156494522691706,0.160550458715596,0.490683229813665,0.841194968553459,0.476973684210526,0.842024539877301,0.470304975922953,0.833333333333333,0.843700159489633,0.794348508634223,0.900158478605388,0.842787682333874,0.836248012718601,0.16403785488959,0.836702954898911,0.629690048939641,0.49685534591195,0.506955177743431,0.499212598425197,0.825320512820513,0.484375,0.513931888544892,0.84012539184953,0.83968253968254,0.496794871794872,0.561011904761905,0.502354788069074,0.589825119236884,0.812199036918138,0.495341614906832,0.554140127388535,0.189274447949527,0.483359746434231,0.498422712933754,0.488372093023256,0.844155844155844,0.553488372093023,0.468944099378882,0.741029641185647,0.610576923076923,0.812307692307692,0.843505477308294,0.846511627906977,0.485086342229199,0.483253588516746,0.482258064516129,0.481191222570533,0.473520249221184,0.576452599388379,0.476117103235747,0.16380655226209,0.508371385083714,0.839813374805599,0.496124031007752,0.497637795275591,0.493506493506494,0.496904024767802,0.60223642172524,0.838212634822804,0.493001555209953,0.492913385826772,0.504746835443038,0.484992101105845,0.488262910798122,0.491338582677165,0.351309707241911,0.532695374800638,0.491228070175439,0.589703588143526,0.837025316455696,0.402843601895735,0.496050552922591,0.773524720893142,0.848039215686274,0.835423197492163,0.500782472613459,0.552631578947368,0.838006230529595,0.474921630094044,0.484025559105431,0.798711755233494,0.829953198127925,0.839874411302983,0.829346092503987,0.479876160990712,0.85031847133758,0.831513260530421,0.946287519747235,0.843601895734597,0.46046511627907,0.840735068912711,0.583732057416268,0.846518987341772,0.502304147465438,0.47900466562986,0.60828025477707,0.83495145631068,0.838351822503962,0.844827586206897,0.497630331753554,0.492935635792779,0.493548387096774,0.503154574132492,0.492776886035313,0.496835443037975,0.819063004846527,0.47581903276131,0.837795275590551,0.835570469798658,0.871875,0.161392405063291,0.501543209876543,0.493690851735016,0.523291925465838,0.839203675344564,0.627118644067797,0.498466257668712,0.550473186119874,0.495238095238095,0.486178861788618,0.82992125984252,0.489731437598736,0.481361426256078,0.858536585365854,0.934640522875817,0.506024096385542,0.596153846153846,0.593949044585987,0.500763358778626,0.488924050632911,0.478939157566303,0.598736176935229,0.506329113924051,0.833333333333333,0.740625,0.837962962962963,0.501547987616099,0.831230283911672,0.578352180936995,0.487883683360259,0.501602564102564,0.849462365591398,0.835680751173709,0.584639498432602,0.840255591054313,0.8265625,0.840625,0.492913385826772,0.5015625,0.844936708860759,0.492401215805471,0.521193092621664,0.494417862838915,0.602825745682888,0.490322580645161,0.159937888198758,0.476117103235747,0.83968253968254,0.828571428571429,0.580441640378549,0.171073094867807,0.505529225908373,0.479495268138801,0.2608,0.585245901639344,0.840510366826156,0.836767036450079,0.48531684698609,0.836767036450079,0.571653543307087,0.836569579288026,0.502290076335878,0.626182965299685,0.497630331753554,0.486529318541997,0.829652996845426,0.152866242038217,0.826645264847512,0.474025974025974,0.483464566929134,0.82601880877743,0.835164835164835,0.831050228310502,0.612903225806452,0.84,0.4913112164297,0.55968992248062,0.50231124807396,0.480891719745223,0.166149068322981,0.215530903328051,0.844911147011309,0.563779527559055,0.835463258785943,0.496865203761755,0.490291262135922,0.828025477707006,0.830963665086888,0.309815950920245,0.481132075471698,0.8359375,0.890453834115806,0.838050314465409,0.503115264797508,0.358044164037855,0.512307692307692,0.835680751173709,0.841860465116279,0.85024154589372,0.845659163987138,0.834346504559271,0.462616822429907,0.486443381180223,0.851500789889415,0.274220032840722,0.169572107765452,0.583596214511041,0.158415841584158,0.482649842271293,0.833070866141732,0.529874213836478,0.8328125,0.837209302325581,0.897990726429675,0.830670926517572,0.521472392638037,0.837461300309598,0.84185303514377,0.8352,0.834920634920635
"334",0.284090909090909,0.307210031347962,0.304897314375987,0.318255250403877,0.303317535545024,0.295774647887324,0.0129449838187702,0.3136,0.296529968454259,0.582781456953642,0.308056872037915,0.657276995305164,0.504885993485342,0.311290322580645,1,1,0.622496147919877,0,0.311290322580645,0.298555377207063,1,1,0.305164319248826,0.527821939586645,0.301223241590214,1,1,0.328947368421053,0.291217257318952,0.521531100478469,1,0.579778830963665,0.356576862123613,0.996820349761526,0.670988654781199,0.300826446280992,0.145110410094637,0.312401883830455,1,0.289099526066351,0.00157977883096367,0,0,0.318840579710145,0.296650717703349,1,0.995230524642289,1,1,1,0.697965571205008,0.315789473684211,1,0.308681672025723,0.305511811023622,0.814102564102564,0.1296,0.307568438003221,0.306477093206951,0.314375987361769,0.990683229813665,1,1,0.0047244094488189,0.308970099667774,0.311708860759494,0.668810289389068,0.316535433070866,0.628086419753086,1,0.312597200622084,1,1,0.273021001615509,0.166139240506329,0.308641975308642,1,0.995297805642633,0.311424100156495,1,0.608130081300813,1,1,0.309262166405024,1,0.324655436447167,0.304278922345483,0.319685039370079,0.296411856474259,0,0.304347826086957,0.319938176197836,0.701277955271565,0.595611285266458,0.3,0.653786707882535,0.688291139240506,0.303317535545024,0.126644736842105,0,0.3056,0.622222222222222,1,0.302134646962233,1,0.311501597444089,0,0.311708860759494,1,1,1,0.295133437990581,0.996865203761755,0.315789473684211,0.213622291021672,0.290964777947933,1,0.390015600624025,1,1,0.210191082802548,0.304953560371517,1,1,0.317757009345794,1,0.302891933028919,0.306853582554517,0.383775351014041,0.763239875389408,0.318770226537217,1,0.319870759289176,0.646525679758308,0.323624595469256,1,0.00157977883096367,1,0.360128617363344,0.887096774193548,0.585760517799353,0.611111111111111,0.301282051282051,0.308823529411765,1,0.308056872037915,1,0.295238095238095,0.489795918367347,0.319182389937107,1,0.299679487179487,0.301127214170692,0.317817014446228,0.312101910828025,1,0.303656597774245,1,0.443573667711599,0.3198127925117,1,0.308411214953271,1,0.601286173633441,0.299674267100977,1,0.3109375,0.30173775671406,0.322683706070288,0.9858934169279,0.317307692307692,1,0.314606741573034,1,0.303986710963455,1,0.598101265822785,0.282091917591125,0.0346534653465347,0.286168521462639,0.306349206349206,1,0.28548644338118,0.304278922345483,0.30379746835443,0.325984251968504,1,1,0.314935064935065,0.314285714285714,1,1,0.313694267515924,0.250393700787402,0.0214067278287462,0.695924764890282,1,0.00161290322580645,0.310452418096724,1,0.311897106109325,0.294298921417565,0.3,0.998410174880763,1,1,0.314900153609831,0.309061488673139,0.300476947535771,0.688783570300158,0.292063492063492,1,0.317384370015949,1,1,0.436420722135008,0.311501597444089,0.309597523219814,0.314285714285714,0.291666666666667,0.2992,0.659810126582278,1,1,0.317111459968603,0.004739336492891,0.306976744186047,0.303405572755418,0.308562197092084,0.296875,0.300476947535771,0.30521472392638,0.70820189274448,0.370942812982998,0.297169811320755,1,0.313880126182965,1,0.295839753466872,0.295055821371611,0.297124600638978,0.314785373608903,0.304065040650407,1,0.308176100628931,0.789727126805779,1,1,0.998371335504886,1,1,0.901134521880065,1,1,1,0.302839116719243,1,0.310344827586207,0,1,0.392248062015504,1,0.312796208530806,0.317111459968603,0.300955414012739,0.42741935483871,1,0.311708860759494,1,1,1,1,0,0.298387096774194,1,1,0.312796208530806,1,0.31832298136646,1,1,0.311111111111111,0.3168,0.28892455858748,0.157142857142857,0.315024232633279,0,0.602150537634409,1,0.309636650868878,0.315024232633279,0.590909090909091,1,1,0.316476345840131,0.32120253164557,1,0.666139240506329,0.711726384364821,0.293075684380032,0.308823529411765,0.995297805642633,0.314194577352472,0.294573643410853,1,0.303599374021909,0.298761609907121,1,0.304140127388535,0.310126582278481,0.29635499207607,0.302066772655008,1,1,1,0.299524564183835,0.314606741573034,0.0047244094488189,0.993620414673046,0.313114754098361,1,1,0.297045101088647,0.310452418096724,0.29559748427673,0.302250803858521,0.300623052959502,1,0.295819935691318,0.300319488817891,0.584142394822006,1,0.842356687898089,1,0,1,0.310664605873261,1,1,0.43167701863354,1,0.306946688206785,1,0.292259083728278,0.290824261275272,0.296998420221169,1,1,0.314375987361769,0.382022471910112,0.623987034035656,0.292207792207792,1,1,1,0.316045380875203,1,0.217115689381933,1,1,1,1,0.311627906976744,1,0.306688417618271,0.317307692307692,0.68860353130016,0.296596434359805,1,0.307692307692308,0.302180685358255,0.300970873786408,1,0.297546012269939,1,0.319444444444444,0.467817896389325,0.313694267515924,0.314935064935065,0.297637795275591,1,0.3104,0.29746835443038,1,1,0.315541601255887,0.298245614035088,1,0.489859594383775,0.305194805194805,0.312893081761006,0.31974921630094,0.690590111642743,1,0.287781350482315,1,0.422047244094488,0.297297297297297,0,0.867175572519084,0.307317073170732,0.309033280507132,0,0.0335463258785942,0.979099678456592,0.296774193548387,1,0.300955414012739,0.304418985270049,1,0.310344827586207,0.307692307692308,0.681318681318681,1,0.312599681020734,0.304625199362041,1,0.298904538341158,0.294975688816856,1,0.355450236966825,0.299840510366826,0.307453416149068,0.322222222222222,0.783359497645212,1,0.980982567353407,1,1,0.00157728706624606,1,0.995184590690209,1,0.440944881889764,0.998381877022654,0.296583850931677,0.995260663507109,0.3232,0.996845425867508,0.61609907120743,0.635367762128325,0.306729264475743,0.29984544049459,0.653481012658228,0.303225806451613,0,0.646496815286624,0.696428571428571,0.3125,0.00159489633173844,0.304761904761905,0.302215189873418,0.766666666666667,0.314553990610329,0.699044585987261,0.604575163398693,0.305111821086262,0.308049535603715,0.283255086071987,1,0.0291411042944785,0,0.311526479750779,0.312693498452012,0.320373250388802,1,0.344827586206897,0.304278922345483,1,0.2984375,0.936908517350158,0.592356687898089,1,1,0.993231810490694,0.311627906976744,0.612954186413902,0.30829420970266,0.298045602605863,0.305246422893482,0.432348367029549,1,0.296650717703349,1,0.319286871961102,0.309061488673139,1,0.296,1,0.310897435897436,1,1,0.309033280507132,0,1,0.309033280507132,1,0.5472,1,0.519500780031201,1,0.547770700636943,1,0.3125,1,1,1,0.2992,0.307692307692308,0.30757341576507,0.334975369458128,0.351485148514851,0.2992,1,0.312796208530806,1,1,0.31219512195122,0.314102564102564,0.308049535603715,0.379585326953748,0.313178294573643,1,1,0.315625,0.317152103559871,0.635048231511254,0.605304212168487,0.305111821086262,0.310789049919485,1,0.292452830188679,0.304482225656878,0.995268138801262,0.292962356792144,0.307210031347962,0,0.147692307692308,0.302884615384615,0.696048632218845,0.295886075949367,0.308411214953271,0.608024691358025,0.996894409937888,0.304975922953451,1,0.299684542586751,0.332258064516129,0.304552590266876,0.462875197472354,0.30952380952381,1,0.311004784688995,0.3072,0.322632423756019,0.701238390092879,1,0.325732899022801,0.311320754716981,0,0.3203125,1,0.95253164556962,1,0.310832025117739,0.317460317460317,0.297427652733119,0.587596899224806,1,0.597738287560582,0.320388349514563,1,1,0.963549920760697,0.68860353130016,0.314606741573034,0.354330708661417,0.303317535545024,0.310509554140127,1,1,0.524959742351047,0.63968253968254,1,1,1,0.698697068403909,1,0.311627906976744,0.694136291600634,1,0.316614420062696,0.302884615384615,0.30564263322884,0.9984375,1,0.6557911908646,0.304212168486739,1,1,0.315217391304348,0.300787401574803,1,0,0.304347826086957,0.296296296296296,0.00634920634920635,0.302652106084243,1,0.301435406698565,1,0.153605015673981,0,0.902927580893683,0.313880126182965,1,1,0,0.00155038759689922,0.310236220472441,1,0.298850574712644,0.998461538461539,0.299674267100977,1,0.998384491114701,0.962323390894819,0.765990639625585,1,1,0.00476947535771065,1,0.52970297029703,0.320634920634921,0.6859375,0.30829420970266,1,0.298412698412698,0.688783570300158,1,1,0.307448494453249,0.627300613496933,0.317262830482115,0.601910828025478,0.969453376205788,0.327447833065811,0.611111111111111,0.0127388535031847,0.303937007874016,0.300314465408805,0.305295950155763,1,0.644409937888199,0.298412698412698,0.885167464114832,0.5952,0.964285714285714,1,1,0.304625199362041,0.32463295269168,0.295527156549521,0.301412872841444,0.305379746835443,0.622699386503067,0.290423861852433,0,0.68693009118541,0.998427672955975,0.318979266347687,0.298076923076923,0.302439024390244,0.310185185185185,0.619273301737757,1,0.323390894819466,0.322061191626409,0.326366559485531,0.312399355877617,0.315625,0.2944,0.206521739130435,0.686591276252019,0.312101910828025,0.614533965244866,1,0.263910969793323,0.310015898251192,0.919407894736842,1,1,0.299212598425197,0.647058823529412,1,0.304278922345483,0.287066246056782,0.950558213716108,1,1,0.996763754045307,0.30625,1,1,0.893312101910828,1,0.343213728549142,1,0.594551282051282,1,0.689167974882261,0.300476947535771,0.612277867528271,1,1,0.992050874403816,0.313971742543171,0.318037974683544,0.309677419354839,0.31104199066874,0.314516129032258,0.3104,0.980769230769231,0.300940438871473,1,1,0.709119496855346,0,0.310452418096724,0.302034428794992,0.690966719492868,1,0.57484076433121,0.312210200927357,0.655660377358491,0.304761904761905,0.309562398703404,1,0.301127214170692,0.310457516339869,0.689542483660131,0.912685337726524,0.314674735249622,0.612903225806452,0.588617886178862,0.319935691318328,0.313001605136437,0.300462249614792,0.607594936708861,0.694488188976378,1,0.888357256778309,1,0.676703645007924,0.998387096774194,0.603531300160514,0.307570977917981,0.309328968903437,1,1,0.4359375,0.99347471451876,0.996879875195008,1,0.302839116719243,0.316535433070866,1,0.309559939301973,0.696969696969697,0.319935691318328,0.46422893481717,0.292407108239095,0,0.297213622291022,1,1,0.608087091757387,0.00156985871271586,0.321656050955414,0.3072,0.103225806451613,0.407894736842105,1,1,0.299373040752351,1,0.425196850393701,1,0.314814814814815,0.597809076682316,0.315873015873016,0.302547770700637,1,0,1,0.300163132137031,0.308917197452229,1,1,1,0.4368,1,0.3046875,0.62992125984252,0.318910256410256,0.318770226537217,0.00157232704402516,0.046474358974359,1,0.632165605095541,1,0.311320754716981,0.317957166392092,1,1,0.176100628930818,0.299679487179487,1,0.903374233128834,1,0.309748427672956,0.218500797448166,0.677115987460815,1,1,1,1,1,0.279434850863422,0.2944,1,0.124590163934426,0.00162337662337662,0.448494453248811,0,0.310618066561014,1,0.690590111642743,1,1,0.892018779342723,1,0.693623639191291,1,1,1,1
"335",0.693910256410256,0.675590551181102,0.678071539657854,0.659305993690852,0.6796875,0.678288431061807,0.987117552334944,0.667197452229299,0.674565560821485,0.435980551053485,0.672386895475819,0.360248447204969,0.484076433121019,0.674528301886792,0,0,0.382945736434109,1,0.668820678513732,0.681889763779528,0,0,0.669796557120501,0.48125,0.674735249621785,0,0,0.658064516129032,0.680916030534351,0.482003129890454,0,0.410015649452269,0.6234375,0.0047244094488189,0.344339622641509,0.683523654159869,0.855572998430141,0.670788253477589,0,0.6828125,0.998432601880878,1,1,0.661417322834646,0.682034976152623,0,0.004739336492891,0,0,0,0.320695102685624,0.669902912621359,0,0.668217054263566,0.67981072555205,0.188498402555911,0.866242038216561,0.675548589341693,0.671826625386997,0.67398119122257,0.00769230769230769,0,0,0.995184590690209,0.672025723472669,0.665086887835703,0.352755905511811,0.671428571428571,0.390505359877489,0,0.675465838509317,0,0,0.719551282051282,0.834633385335413,0.674772036474164,0,0.00613496932515337,0.673343605546995,0,0.408064516129032,0,0,0.670846394984326,0,0.672256097560976,0.680314960629921,0.664025356576862,0.669303797468354,1,0.666134185303514,0.665151515151515,0.323943661971831,0.427906976744186,0.678456591639871,0.368827160493827,0.333333333333333,0.677115987460815,0.869918699186992,1,0.677265500794913,0.388272583201268,0,0.676470588235294,0,0.675039246467818,1,0.665620094191523,0,0,0,0.682170542635659,0.00316455696202532,0.665620094191523,0.796636085626911,0.678461538461538,0,0.617647058823529,0,0,0.793427230046948,0.677115987460815,0,0,0.662037037037037,0,0.677177177177177,0.676425269645609,0.630503144654088,0.22360248447205,0.662903225806452,0,0.660828025477707,0.377272727272727,0.654895666131621,0,1,0,0.614307931570762,0.108974358974359,0.424920127795527,0.415873015873016,0.679127725856698,0.665584415584416,0,0.675,0,0.689763779527559,0.495297805642633,0.670245398773006,0,0.677672955974843,0.680952380952381,0.675039246467818,0.669303797468354,0,0.684698608964451,0,0.562009419152276,0.664050235478807,0,0.671317829457364,0,0.415335463258786,0.667194928684628,0,0.667721518987342,0.679245283018868,0.658730158730159,0.014018691588785,0.666144200626959,0,0.674050632911392,0,0.670491803278689,0,0.4109375,0.689274447949527,0.962722852512156,0.691693290734824,0.668740279937792,0,0.686305732484076,0.669291338582677,0.669278996865204,0.664586583463339,0,0,0.676236044657097,0.664566929133858,0,0,0.669254658385093,0.755485893416928,0.977477477477477,0.315625,0,0.998427672955975,0.678407350689127,0,0.674085850556439,0.687789799072643,0.675632911392405,0.0031104199066874,0,0,0.666666666666667,0.674718196457327,0.673343605546995,0.330670926517572,0.685214626391097,0,0.646031746031746,0,0,0.544461778471139,0.667197452229299,0.667180277349769,0.66824644549763,0.686028257456829,0.676848874598071,0.365506329113924,0,0,0.670846394984326,0.996875,0.671253822629969,0.67175572519084,0.67304625199362,0.67981072555205,0.693037974683544,0.671253822629969,0.3109375,0.628526645768025,0.681388012618297,0,0.669826224328594,0,0.684782608695652,0.680314960629921,0.686614173228347,0.664025356576862,0.676282051282051,0,0.670295489891135,0.210191082802548,0,0,0.00158478605388273,0,0,0.106109324758842,0,0,0,0.676923076923077,0,0.673267326732673,1,0,0.606864274570983,0,0.668276972624799,0.664,0.682316118935837,0.571428571428571,0,0.665625,0,0,0,0,1,0.675968992248062,0,0,0.679186228482003,0,0.674961119751166,0,0,0.679873217115689,0.674050632911392,0.696400625978091,0.846034214618974,0.667194928684628,1,0.416158536585366,0,0.672386895475819,0.6704,0.42530487804878,0,0,0.663961038961039,0.66031746031746,0,0.356230031948882,0.307324840764331,0.685483870967742,0.667752442996743,0.00764525993883792,0.666666666666667,0.685240963855422,0,0.675465838509317,0.685670261941448,0,0.680124223602484,0.67304625199362,0.66875,0.677519379844961,0,0,0,0.678288431061807,0.66877971473851,0.993769470404984,0.00638977635782748,0.665079365079365,0,0,0.678571428571429,0.664586583463339,0.685271317829457,0.67398119122257,0.669781931464174,0,0.680064308681672,0.681962025316456,0.446054750402576,0,0.14756671899529,0,1,0,0.669207317073171,0,0,0.5734375,0.00156494522691706,0.666141732283465,0,0.674603174603175,0.687203791469194,0.6796875,0,0,0.6671875,0.603559870550162,0.388888888888889,0.682847896440129,0,0,0,0.668810289389068,0,0.798151001540832,0,0,0,0,0.661514683153014,0,0.680781758957655,0.657187993680885,0.32967032967033,0.686708860759494,0,0.667711598746082,0.676204819277108,0.671521035598705,0,0.682588597842835,0,0.667687595712098,0.521875,0.672868217054264,0.660771704180064,0.677621283255086,0,0.674718196457327,0.68312101910828,0,0,0.669266770670827,0.683544303797468,0,0.516279069767442,0.66936790923825,0.65990639625585,0.6640625,0.3265625,0,0.696343402225755,0,0.576923076923077,0.685126582278481,1,0.128637059724349,0.673076923076923,0.666666666666667,1,0.967084639498433,0.0201550387596899,0.672926447574335,0,0.680577849117175,0.683523654159869,0,0.661971830985915,0.669826224328594,0.348367029548989,0,0.670886075949367,0.671428571428571,0,0.672413793103448,0.677993527508091,0,0.657975460122699,0.674718196457327,0.670261941448382,0.664050235478807,0.201248049921997,0,0.0172684458398744,0,0,1,0,0.0078740157480315,0,0.564668769716088,0.00320512820512821,0.679566563467492,0.00618238021638331,0.6592,0.0046875,0.40519877675841,0.373065015479876,0.671802773497689,0.680981595092024,0.364341085271318,0.667736757624398,1,0.376582278481013,0.331230283911672,0.670788253477589,1,0.676145339652449,0.683563748079877,0.220125786163522,0.667180277349769,0.321259842519685,0.416666666666667,0.676656151419558,0.666146645865835,0.691107644305772,0,0.971428571428571,1,0.673946957878315,0.6578125,0.659409020217729,0,0.655502392344498,0.672955974842767,0,0.683385579937304,0.0702028081123245,0.440381558028617,0,0,0.00837520938023451,0.674347158218126,0.395672333848532,0.669254658385093,0.675941080196399,0.675548589341693,0.575342465753425,0,0.6801872074883,0,0.671031096563011,0.678972712680578,0,0.676848874598071,0,0.665610142630745,0,0,0.669291338582677,1,0,0.666149068322981,0,0.426751592356688,0,0.492211838006231,0,0.436102236421725,0,0.677884615384615,0,0,0,0.6796875,0.661788617886179,0.675425038639876,0.639024390243902,0.657331136738056,0.676656151419558,0,0.667701863354037,0,0,0.665109034267913,0.6688,0.674311926605505,0.611023622047244,0.669781931464174,0,0,0.6640625,0.6704,0.38375796178344,0.412974683544304,0.673913043478261,0.666134185303514,0,0.688575899843505,0.673813169984686,0.00630914826498423,0.680645161290323,0.677265500794913,1,0.854517611026034,0.676751592356688,0.325757575757576,0.686119873817035,0.665629860031104,0.420091324200913,0.00157232704402516,0.677316293929712,0,0.677067082683307,0.643879173290938,0.674679487179487,0.52241112828439,0.674491392801252,0,0.67032967032967,0.669291338582677,0.661812297734628,0.32348367029549,0,0.663961038961039,0.673846153846154,1,0.668217054263566,0.0015600624024961,0.0565149136577708,0,0.677018633540373,0.663026521060842,0.675632911392405,0.426179604261796,0,0.418679549114332,0.657556270096463,0,0,0.040625,0.332807570977918,0.662460567823344,0.636505460218409,0.6703125,0.677067082683307,0,0,0.474842767295597,0.376,0,0,0.00156985871271586,0.317610062893082,0,0.662037037037037,0.328593996840442,0,0.662037037037037,0.677115987460815,0.669291338582677,0.00307692307692308,0,0.357605177993528,0.672307692307692,0,0,0.665620094191523,0.679566563467492,0.00157232704402516,1,0.681528662420382,0.677672955974843,0.993670886075949,0.675425038639876,0,0.681159420289855,0,0.84037558685446,1,0.0967741935483871,0.661490683229814,0,0,1,1,0.669796557120501,0,0.681672025723473,0.00151515151515152,0.680952380952381,0,0.00159489633173844,0.0423861852433281,0.2203125,0,0,0.993779160186625,0,0.487012987012987,0.667731629392971,0.333853354134165,0.671317829457364,0,0.690737833594976,0.334379905808477,0,0,0.674157303370786,0.390317700453858,0.667180277349769,0.415605095541401,0.0318979266347687,0.656200941915228,0.405956112852665,0.987421383647799,0.682170542635659,0.662519440124417,0.668740279937792,0,0.365030674846626,0.678018575851393,0.120879120879121,0.417981072555205,0.0397553516819572,0,0,0.676190476190476,0.654838709677419,0.6816,0.677621283255086,0.676056338028169,0.389057750759878,0.688751926040062,1,0.330815709969789,0.0015552099533437,0.662992125984252,0.689710610932476,0.67483660130719,0.670245398773006,0.405956112852665,0,0.662058371735791,0.65511811023622,0.664536741214057,0.669291338582677,0.680061823802164,0.680817610062893,0.802752293577982,0.32755905511811,0.667192429022082,0.407692307692308,0,0.751173708920188,0.674050632911392,0.0870967741935484,0,0,0.673846153846154,0.369158878504673,0,0.68,0.689873417721519,0.046474358974359,0,0,0.00162866449511401,0.669781931464174,0,0,0.106349206349206,0,0.640122511485452,0,0.41747572815534,0,0.338533541341654,0.675118858954041,0.406995230524642,0,0,0.00646203554119548,0.663565891472868,0.659969088098918,0.666666666666667,0.672523961661342,0.666666666666667,0.673076923076923,0.0207667731629393,0.6796875,0,0,0.274881516587678,1,0.670347003154574,0.672281776416539,0.332819722650231,0,0.443037974683544,0.662100456621005,0.367088607594937,0.678683385579937,0.672638436482085,0,0.67741935483871,0.672185430463576,0.288431061806656,0.0970873786407767,0.66566265060241,0.407874015748032,0.4272,0.664566929133858,0.668261562998405,0.687888198757764,0.41304347826087,0.326086956521739,0,0.112676056338028,0,0.344186046511628,0.00318979266347687,0.410543130990415,0.66877971473851,0.668810289389068,0,0,0.563664596273292,0.00645161290322581,0.00310077519379845,0,0.679304897314376,0.669826224328594,0,0.673652694610778,0.329153605015674,0.659777424483307,0.54416403785489,0.685714285714286,1,0.68380062305296,0,0,0.410094637223975,1,0.66131621187801,0.666141732283465,0.907378335949764,0.585644371941272,0,0,0.673946957878315,0,0.583465818759936,0,0.665144596651446,0.425696594427245,0.667711598746082,0.681388012618297,0,1,0,0.679092382495948,0.674641148325359,0,0,0,0.533762057877814,0,0.67515923566879,0.391236306729264,0.661949685534591,0.662379421221865,1,0.954041204437401,0,0.386895475819033,0,0.663009404388715,0.662903225806452,0,0,0.820987654320988,0.677018633540373,0,0.103937007874016,0,0.670769230769231,0.795238095238095,0.343701399688958,0,0,0,0,0,0.706336939721793,0.690737833594976,0,0.882067851373183,1,0.559875583203733,1,0.661927330173776,0,0.335453100158982,0,0,0.115740740740741,0,0.328149300155521,0,0,0,0
"336",0.294303797468354,0.313364055299539,0.315789473684211,0.325617283950617,0.311827956989247,0.305900621118012,0.0125786163522013,0.31937984496124,0.315384615384615,0.570300157977883,0.315870570107858,0.636222910216718,0.514150943396226,0.320493066255778,1,1,0.619847328244275,0,0.3198127925117,0.316358024691358,1,1,0.316341829085457,0.512121212121212,0.31306990881459,1,1,0.337620578778135,0.312404287901991,0.519685039370079,1,0.590909090909091,0.370257966616085,0.996899224806202,0.667185069984448,0.31139646869984,0.14064914992272,0.316109422492401,1,0.303303303303303,0.00308166409861325,0,0,0.31924882629108,0.313664596273292,1,0.99537037037037,1,1,1,0.693374422187982,0.320813771517997,1,0.31937984496124,0.31039755351682,0.812206572769953,0.128482972136223,0.322932917316693,0.313846153846154,0.31733746130031,0.992389649923896,1,1,0.0062015503875969,0.315873015873016,0.321044546850998,0.643856920684292,0.321875,0.61178247734139,1,0.314674735249622,1,1,0.278740157480315,0.165137614678899,0.313725490196078,1,0.995405819295559,0.318112633181126,1,0.603174603174603,1,1,0.316590563165906,1,0.321804511278195,0.314728682170543,0.32093023255814,0.317757009345794,0,0.317535545023697,0.321958456973294,0.685099846390169,0.568181818181818,0.308777429467085,0.634586466165414,0.678407350689127,0.310185185185185,0.12755905511811,0,0.310452418096724,0.618012422360248,1,0.314285714285714,1,0.316279069767442,0,0.320872274143302,1,1,1,0.307453416149068,0.996941896024465,0.322429906542056,0.204819277108434,0.307575757575758,1,0.373111782477341,1,1,0.207373271889401,0.30640243902439,1,1,0.325688073394495,1,0.317365269461078,0.31508875739645,0.366003062787136,0.762839879154079,0.31911532385466,1,0.329133858267717,0.625187406296852,0.330696202531646,1,0.00152439024390244,1,0.377535101404056,0.879614767255217,0.575851393188854,0.591263650546022,0.311728395061728,0.321486268174475,1,0.32258064516129,1,0.308049535603715,0.502304147465438,0.317577548005908,1,0.313664596273292,0.315625,0.326498422712934,0.324960753532182,1,0.303680981595092,1,0.431164901664145,0.329754601226994,1,0.316770186335404,1,0.592823712948518,0.313291139240506,1,0.320987654320988,0.30441400304414,0.329211746522411,0.986238532110092,0.320493066255778,1,0.311526479750779,1,0.311793214862682,1,0.590769230769231,0.299382716049383,0.0333333333333333,0.296825396825397,0.315789473684211,1,0.301242236024845,0.317262830482115,0.313455657492355,0.325153374233129,1,1,0.324409448818898,0.322033898305085,1,1,0.321100917431193,0.247311827956989,0.0223214285714286,0.688575899843505,1,0.00307219662058372,0.314112291350531,1,0.321086261980831,0.305936073059361,0.318529862174579,0.996904024767802,1,1,0.322775263951735,0.313694267515924,0.318181818181818,0.684867394695788,0.297380585516179,1,0.337461300309598,1,1,0.432766615146832,0.327014218009479,0.318529862174579,0.322085889570552,0.30781010719755,0.312893081761006,0.639498432601881,1,1,0.309559939301973,0.00308641975308642,0.32375189107413,0.316187594553706,0.322378716744914,0.303490136570561,0.300940438871473,0.321428571428571,0.698608964451314,0.358433734939759,0.301829268292683,1,0.323248407643312,1,0.310708898944193,0.309486780715397,0.307219662058372,0.3265625,0.312302839116719,1,0.318042813455657,0.802469135802469,1,1,0.996825396825397,1,1,0.886762360446571,1,1,1,0.314024390243902,1,0.31637519872814,0,1,0.383561643835616,1,0.318181818181818,0.316770186335404,0.311627906976744,0.423728813559322,1,0.321699544764795,1,1,1,1,0,0.314641744548287,1,1,0.31441717791411,1,0.32078313253012,1,1,0.304821150855365,0.317965023847377,0.298600311041991,0.150537634408602,0.329635499207607,0,0.589820359281437,1,0.319938176197836,0.322981366459627,0.575572519083969,1,1,0.326892109500805,0.33125,1,0.650306748466258,0.694444444444444,0.311424100156495,0.3152,0.99251497005988,0.322429906542056,0.296407185628743,1,0.313364055299539,0.301223241590214,1,0.314152410575428,0.310452418096724,0.311550151975684,0.312788906009245,1,1,1,0.311728395061728,0.326530612244898,0.00762195121951219,0.992175273865415,0.319488817891374,1,1,0.308510638297872,0.319571865443425,0.298461538461538,0.312788906009245,0.313935681470138,1,0.307098765432099,0.305900621118012,0.568720379146919,1,0.834365325077399,1,0,1,0.317771084337349,1,1,0.415384615384615,0.998482549317147,0.324409448818898,1,0.3109375,0.302325581395349,0.311550151975684,1,1,0.315870570107858,0.396496815286624,0.615023474178404,0.290679304897314,1,1,1,0.31629392971246,1,0.208523592085236,1,1,1,1,0.321646341463415,1,0.314606741573034,0.330218068535826,0.67906976744186,0.303459119496855,1,0.320061255742726,0.314674735249622,0.323854660347551,1,0.30920060331825,1,0.321321321321321,0.480916030534351,0.327217125382263,0.3234375,0.310030395136778,1,0.31937984496124,0.306853582554517,1,1,0.318818040435459,0.314641744548287,1,0.472972972972973,0.310344827586207,0.330757341576507,0.328808446455505,0.683969465648855,1,0.29375,1,0.41471048513302,0.305295950155763,0,0.879336349924585,0.314194577352472,0.316923076923077,0,0.033434650455927,0.978125,0.310769230769231,1,0.309119010819165,0.314785373608903,1,0.324200913242009,0.31733746130031,0.66407465007776,1,0.317829457364341,0.3171875,1,0.312404287901991,0.306477093206951,1,0.33987915407855,0.314553990610329,0.318862275449102,0.331240188383046,0.793577981651376,1,0.982731554160126,1,1,0.00157232704402516,1,0.995384615384615,1,0.423963133640553,0.998439937597504,0.310192023633678,0.993993993993994,0.326530612244898,0.996923076923077,0.601481481481482,0.627836611195159,0.310769230769231,0.312121212121212,0.64031007751938,0.314516129032258,0,0.623052959501558,0.685446009389671,0.309559939301973,0.0015600624024961,0.316770186335404,0.304084720121029,0.769828926905132,0.323076923076923,0.691358024691358,0.591935483870968,0.31651376146789,0.314503816793893,0.30030959752322,1,0.0277777777777778,0,0.31859756097561,0.327188940092166,0.334346504559271,1,0.333850931677019,0.314900153609831,1,0.303680981595092,0.93587786259542,0.554858934169279,1,1,0.993517017828201,0.318318318318318,0.601823708206687,0.318862275449102,0.317384370015949,0.311077389984825,0.422727272727273,1,0.307332293291732,1,0.320063694267516,0.313385826771654,1,0.318037974683544,1,0.317829457364341,1,1,0.32348367029549,0,1,0.316846986089645,1,0.559451219512195,1,0.509893455098935,1,0.550769230769231,1,0.323899371069182,1,1,1,0.312111801242236,0.316118935837246,0.316890881913303,0.355661881977671,0.329052969502408,0.313364055299539,1,0.325038880248834,1,1,0.322085889570552,0.319444444444444,0.313725490196078,0.386792452830189,0.320610687022901,1,1,0.32312404287902,0.324409448818898,0.630602782071097,0.596244131455399,0.317757009345794,0.322327044025157,1,0.302147239263804,0.31390134529148,0.99390243902439,0.301587301587302,0.31039755351682,0,0.13963963963964,0.318885448916409,0.680351906158358,0.310185185185185,0.317700453857791,0.591251885369532,0.996923076923077,0.309748427672956,1,0.30625,0.351822503961965,0.317757009345794,0.472307692307692,0.31839258114374,1,0.31937984496124,0.317610062893082,0.332288401253919,0.689969604863222,1,0.320634920634921,0.308868501529052,0,0.323262839879154,0.998439937597504,0.947530864197531,1,0.318042813455657,0.31441717791411,0.315301391035549,0.582335329341317,1,0.590111642743222,0.329704510108865,1,1,0.959814528593508,0.670788253477589,0.32753164556962,0.363914373088685,0.318112633181126,0.311450381679389,1,1,0.510971786833856,0.623824451410658,1,1,0.998482549317147,0.696734059097978,1,0.320668693009119,0.681181959564541,1,0.321592649310873,0.316692667706708,0.321372854914197,0.998487140695915,1,0.6464,0.313271604938272,1,1,0.325617283950617,0.313161875945537,0.998470948012232,0,0.317535545023697,0.304482225656878,0.00778816199376947,0.312217194570136,1,0.307692307692308,1,0.151745068285281,0,0.899550224887556,0.325617283950617,1,1,0,0.0015015015015015,0.320872274143302,1,0.315873015873016,0.996996996996997,0.306853582554517,1,0.998427672955975,0.95968992248062,0.768518518518518,1,1,0.00625,1,0.519108280254777,0.330733229329173,0.67530487804878,0.318952234206472,1,0.305426356589147,0.678516228748068,1,1,0.317460317460317,0.615963855421687,0.324655436447167,0.582159624413146,0.967391304347826,0.332302936630603,0.598774885145482,0.0138888888888889,0.312024353120244,0.324283559577677,0.319634703196347,1,0.624813153961136,0.303680981595092,0.886503067484663,0.580847723704867,0.964885496183206,1,1,0.310077519379845,0.332283464566929,0.301587301587302,0.308641975308642,0.308166409861325,0.609682299546142,0.30441400304414,0,0.676514032496307,1,0.316923076923077,0.309968847352025,0.314785373608903,0.326283987915408,0.602465331278891,1,0.329787234042553,0.3328125,0.328571428571429,0.318252730109204,0.314329738058552,0.313084112149533,0.191489361702128,0.676656151419558,0.316358024691358,0.59726443768997,1,0.241538461538462,0.312401883830455,0.915873015873016,1,1,0.311248073959938,0.632218844984802,1,0.318042813455657,0.297380585516179,0.95125786163522,1,1,0.998420221169036,0.321100917431193,1,1,0.895223420647149,1,0.351145038167939,1,0.588607594936709,1,0.676335877862595,0.302180685358255,0.600946372239748,1,1,0.992125984251969,0.331825037707391,0.316590563165906,0.321766561514196,0.3203125,0.326433121019108,0.324281150159744,0.981220657276995,0.309923664122137,1,1,0.717125382262997,0,0.3202416918429,0.307339449541284,0.686746987951807,1,0.556748466257669,0.331316187594554,0.635658914728682,0.309119010819165,0.315024232633279,1,0.312989045383412,0.317741935483871,0.684375,0.907496012759171,0.323485967503693,0.607874015748031,0.5765625,0.326625386996904,0.32120253164557,0.309923664122137,0.591049382716049,0.681538461538462,1,0.891104294478528,1,0.661094224924012,0.998427672955975,0.587774294670846,0.313846153846154,0.322222222222222,1,1,0.433846153846154,0.993640699523052,0.998461538461539,1,0.31055900621118,0.326120556414219,1,0.315406976744186,0.674884437596302,0.324534161490683,0.453978159126365,0.297805642633229,0,0.308980213089802,1,1,0.596302003081664,0.00152905198776758,0.330769230769231,0.314873417721519,0.105263157894737,0.407290015847861,1,1,0.311627906976744,1,0.414483821263482,1,0.32579185520362,0.585253456221198,0.322378716744914,0.314641744548287,1,0,1,0.295418641390205,0.323943661971831,1,1,1,0.4484375,1,0.317411402157165,0.617824773413897,0.324116743471582,0.326018808777429,0.00151515151515152,0.0434782608695652,1,0.623839009287926,1,0.327217125382263,0.328125,1,1,0.165653495440729,0.306525037936267,1,0.905343511450382,1,0.315629742033384,0.204334365325077,0.673748103186646,1,1,1,1,1,0.293129770992366,0.302325581395349,1,0.117647058823529,0.00155038759689922,0.436923076923077,0,0.31924882629108,1,0.681114551083591,1,1,0.890076335877863,1,0.689708141321045,1,1,1,1
"337",1,1,1,1,1,1,0.705882352941177,1,1,0.0946372239747634,1,0.0399385560675883,0.810769230769231,1,0.317829457364341,0.315068493150685,0.0598802395209581,0.678740157480315,1,1,0.291158536585366,0.321316614420063,1,0.158132530120482,1,0.333333333333333,0.322981366459627,1,1,0.786604361370717,0.317220543806647,0.726586102719033,0.961948249619482,0.318112633181126,0,1,0.540458015267176,1,0.305882352941176,1,0.664634146341463,0.674242424242424,0.683109118086697,1,1,0.325115562403698,0.32093023255814,0.31314623338257,0.330357142857143,0.332831325301205,0,1,0.321321321321321,1,1,0.5,0.554868624420402,1,1,1,0.336336336336336,0.320552147239264,0.313178294573643,0.672307692307692,1,1,0.0290076335877863,1,0.051698670605613,0.325892857142857,1,0.327718223583461,0.3328125,0.967238689547582,0.511976047904192,1,0.318452380952381,0.341317365269461,1,0.323390894819466,0.0824088748019017,0.327188940092166,0.332831325301205,1,0.340874811463047,1,1,1,1,0.686274509803922,1,1,0,0.103343465045593,1,0.0402384500745156,0,1,0.564945226917058,0.676380368098159,1,0.0436746987951807,0.315233785822021,1,0.31055900621118,1,0.675925925925926,1,0.323619631901841,0.325373134328358,0.325337331334333,1,0.326283987915408,1,0.498493975903614,1,0.319277108433735,0.296851574212894,0.329394387001477,0.318818040435459,0.474809160305344,0.998466257668712,0.327300150829563,0.324960753532182,1,0.315548780487805,1,1,0.321212121212121,0.556221889055472,1,0.317629179331307,1,0.035036496350365,1,0.31784107946027,0.668181818181818,0.330792682926829,0.933933933933934,0.436018957345972,0.100303951367781,0.0932721712538226,1,1,0.337367624810893,1,0.321958456973294,1,0.80952380952381,1,0.3265625,1,1,1,1,0.336890243902439,1,0.328197226502311,0.253776435045317,1,0.318796992481203,1,0.30640243902439,0.0775075987841945,1,0.321428571428571,1,1,1,0.341791044776119,1,0.329249617151608,1,0.31306990881459,1,0.320121951219512,0.0743550834597876,1,0.631496062992126,1,1,0.315625,1,1,1,1,0.324655436447167,0.3125,1,0.998477929984779,0.322822822822823,0.3140625,1,0.446293494704992,0.664705882352941,0,0.326836581709145,0.666158536585366,1,0.328358208955224,1,0.998498498498498,1,0.321752265861027,0.324404761904762,0.332810047095761,1,1,1,0,1,0.315132605304212,0.975535168195719,0.329738058551618,0.315396113602392,0.756797583081571,1,1,1,1,1,0.0393939393939394,0.320433436532508,0.331334332833583,1,0.674174174174174,1,1,0.998480243161094,0.998511904761905,1,1,0.00151057401812689,0.320359281437126,1,0.314814814814815,1,0.30920060331825,1,1,1,1,1,0.321699544764795,1,0.498456790123457,0.337878787878788,0.329323308270677,0.316998468606432,0.328682170542636,0.333841463414634,0.427230046948357,0.333846153846154,0.324812030075188,0.317073170731707,1,0.323262839879154,1,0.681614349775785,0.31969696969697,0.317293233082707,0.335375191424196,1,1,1,0.259146341463415,0.316436251920123,1,0.321981424148607,0.329866270430906,0.320726172465961,0.324888226527571,0.678018575851393,1,0.336322869955157,0.326687116564417,1,0.313755795981453,1,0.312406576980568,0.319758672699849,1,1,1,0.548238897396631,1,0.680365296803653,0.0816023738872404,0.327743902439024,1,1,0.0927051671732523,0.323170731707317,0.330733229329173,1,1,0.310240963855422,0.0180995475113122,0.00154083204930663,1,1,0.344213649851632,1,1,0.322289156626506,1,1,0.320668693009119,1,1,1,1,0.331811263318113,0.32089552238806,0.332807570977918,1,1,0.666167664670659,0.323619631901841,1,0.318862275449102,0.308510638297872,1,1,0.998493975903614,1,1,0.33587786259542,1,1,0.102201257861635,0.336810730253353,0.490881458966565,0.310664605873261,0.669207317073171,0.317771084337349,1,0.310810810810811,0.338983050847458,0.262048192771084,0.325337331334333,1,0.333827893175074,1,1,1,0.314674735249622,0.324888226527571,0.998475609756098,0.926868044515103,0.0613496932515337,1,0.321375186846039,0.325581395348837,0.315950920245399,1,0.328358208955224,0.474320241691843,0.330804248861912,0.316358024691358,0.311145510835913,0.312404287901991,1,0.326656394453005,1,1,0,1,0.324116743471582,1,1,1,0.325190839694657,1,0.313846153846154,1,0.837313432835821,1,1,1,0.32262996941896,1,1,0.314503816793893,0.319758672699849,1,1,0.316109422492401,0.183703703703704,1,0.998489425981873,1,0,0.313178294573643,1,0.312594840667678,0.253799392097264,1,0.675265553869499,0.431372549019608,1,1,0.680115273775216,0.698630136986301,0.348942598187311,1,0.322727272727273,1,1,0.335889570552147,1,0.998482549317147,0.00604229607250755,0.323076923076923,1,1,0.327639751552795,1,1,0.309923664122137,0.327844311377246,1,1,1,0.52790346907994,0.316816816816817,0.348982785602504,0.325036603221083,0.33535660091047,0.679878048780488,0.32579185520362,0.335347432024169,0.318318318318318,0.242378048780488,0.325581395348837,1,0.326894502228826,0.998466257668712,0.319940476190476,0.084070796460177,0.043609022556391,1,1,0.0333333333333333,1,0.685240963855422,0.0374812593703148,0.00924499229583975,1,0.678678678678679,1,1,0.565015479876161,1,0,0.0706436420722135,1,1,1,0.323529411764706,0.64327485380117,0.68621236133122,0.996996996996997,1,0.98355754857997,0.306748466257669,0.33843797856049,1,0.308049535603715,1,0.366666666666667,0.104776579352851,0.315151515151515,0.323008849557522,0.340872374798061,1,0.0800604229607251,1,1,1,0.262839879154079,0.334360554699538,1,0.327666151468315,1,1,0.310089020771513,1,0.326378539493294,1,0.318461538461538,0.32469512195122,1,0.671779141104294,0.319587628865979,1,0.317411402157165,0.761689291101056,0.318250377073906,0.15695067264574,0.326894502228826,0.762996941896025,0.313572542901716,1,0.326836581709145,0.347957639939486,0.292168674698795,1,1,1,0.97191887675507,0.348982785602504,1,0.327014218009479,1,0.322222222222222,0.320726172465961,1,1,1,0.919575113808801,1,0.311111111111111,0.324655436447167,1,1,0.0446153846153846,0.0817901234567901,1,1,0.310344827586207,1,1,0.31039755351682,1,1,0.681887366818874,0.53125,1,0,1,1,0.0956651718983558,0.333333333333333,1,0.322727272727273,0.998489425981873,0.966153846153846,0.998463901689708,0.826865671641791,1,0.336463223787167,1,1,1,0,0.315372424722662,1,1,0.666156202143951,1,0.320493066255778,0.366564417177914,0.322678843226788,1,1,1,0.0899550224887556,0.329704510108865,0.0882352941176471,0.998459167950693,0.31866464339909,0.311844077961019,0.358118361153263,0,1,0.958904109589041,1,1,0.321044546850998,0.30576070901034,0.164341085271318,0.0336906584992343,0.321592649310873,0.316998468606432,0.329819277108434,0,0.320726172465961,1,0,0.329323308270677,1,1,1,0.327769347496206,0.326378539493294,0.0284810126582278,1,0.319444444444444,0.305936073059361,1,1,0.327217125382263,0.685393258426966,1,1,0.681470137825421,1,0.314456035767511,1,0.325688073394495,0.534246575342466,0.666167664670659,0.409495548961424,1,0.3023598820059,0.322289156626506,0.678733031674208,0.661698956780924,1,0.329286798179059,1,0.334828101644245,1,0.320493066255778,0.317972350230415,0.360182370820669,0.524812030075188,0.31839258114374,0.313755795981453,0.663622526636225,0.324364723467862,0.14756671899529,1,0,1,0.293023255813953,1,0,0.324200913242009,0.331278890600925,1,0.0557184750733138,1,0.086232980332829,0.341653666146646,1,0.0585585585585586,0.664110429447853,1,1,1,0.317610062893082,0.0346907993966818,1,0.422788605697151,0.0948678071539658,0.364583333333333,0.326315789473684,0.33134328358209,1,1,1,1,1,0.0594353640416048,0.997050147492625,0.683890577507599,0.00146198830409357,0.329286798179059,1,1,1,1,0.0863636363636364,0.32375189107413,1,1,1,1,1,1,0.490254872563718,0,1,0.0813253012048193,0.330289193302892,0.428998505231689,1,0.394171779141104,0.320695102685624,0.314456035767511,1,0.0317700453857791,0.324888226527571,1,1,0.375766871165644,0.317771084337349,0.316666666666667,0.327692307692308,0.998489425981873,0.3328173374613,0.323308270676692,0.423017107309487,0.324655436447167,0.974588938714499,0.321804511278195,0.084375,0.331316187594554,0,1,0.0854037267080745,0.305164319248826,0.322085889570552,0.317557251908397,1,1,1,1,1,1,0.329754601226994,1,0.32258064516129,0.322528363047002,0.603915662650602,0.675465838509317,1,1,0,0.316568047337278,0.123867069486405,0.998518518518518,0.0308641975308642,1,1,0.319083969465649,1,1,0.636923076923077,0.424336973478939,0.995658465991317,0.0826952526799387,0.0939907550077042,1,1,1,0.0925644916540212,0,0.318796992481203,0.423135464231355,0.323397913561848,0,0.332302936630603,0.0852713178294574,1,1,0.325337331334333,0.322239031770045,0.243202416918429,0.338485316846986,0.319277108433735,0.323308270676692,1,1,0.333841463414634,1,0,1,0.219325153374233,1,0.672205438066465,1,0.315467075038285,0.314152410575428,0.0766917293233083,0.677611940298507,1,1,0.785493827160494,0.899068322981366,0.318461538461538,0.320061255742726,1,0.320726172465961,0.265243902439024,0.321928460342146,1,0.0996932515337423,1,1,0.323795180722892,0.675078864353312,0.314814814814815,1,1,0.308845577211394,0.311550151975684,0.320359281437126,0.86046511627907,0.3171875,1,0.0540540540540541,1,1,0.689863842662632,0.648318042813456,0.328593996840442,0.0505359877488515,0.327718223583461,1,1,0.315870570107858,0.335375191424196,0.617021276595745,1,0.318181818181818,0.374057315233786,0.310344827586207,0.986506746626687,0.47166921898928,0.00301659125188537,0.312024353120244,0.327868852459016,0.338509316770186,0.324534161490683,0.32396449704142,0.971684053651267,1,0.318250377073906,0.543035993740219,0.676470588235294,0.239819004524887,0.68503937007874,1,0.334862385321101,0.00154798761609907,0.329787234042553,0.317700453857791,0.364188163884674,0.324574961360124,0,0.33587786259542,0.321981424148607,0.322137404580153,0.317629179331307
"338",0.293075684380032,0.305111821086262,0.307692307692308,0.322061191626409,0.309262166405024,0.304487179487179,0.0126382306477093,0.308306709265176,0.311708860759494,0.588996763754045,0.313178294573643,0.64622641509434,0.501618122977346,0.319554848966614,1,1,0.635071090047393,0,0.319935691318328,0.301109350237718,1,1,0.316770186335404,0.523364485981308,0.305555555555556,1,1,0.3278955954323,0.302936630602782,0.507177033492823,1,0.5875,0.360374414976599,0.995253164556962,0.673015873015873,0.309882747068677,0.134706814580032,0.311526479750779,1,0.294117647058824,0.00320512820512821,0,0,0.319554848966614,0.307317073170732,1,0.993640699523052,1,1,1,0.696923076923077,0.319935691318328,1,0.314102564102564,0.31378763866878,0.805111821086262,0.1232,0.311708860759494,0.311424100156495,0.312893081761006,0.993808049535604,1,1,0.00634920634920635,0.300986842105263,0.311320754716981,0.674085850556439,0.319805194805195,0.625,1,0.311145510835913,1,1,0.275526742301459,0.163009404388715,0.308282208588957,1,0.99375,0.313084112149533,1,0.613008130081301,1,1,0.32018927444795,1,0.318461538461538,0.315372424722662,0.323854660347551,0.305246422893482,0,0.314785373608903,0.315789473684211,0.694136291600634,0.597809076682316,0.304975922953451,0.65144596651446,0.693270735524257,0.30298273155416,0.119547657512116,0,0.303656597774245,0.629984051036683,1,0.302931596091205,1,0.303225806451613,0,0.308056872037915,1,1,1,0.301710730948678,0.995283018867924,0.32120253164557,0.209702660406886,0.29483282674772,1,0.380726698262243,1,1,0.2078125,0.30173775671406,1,1,0.323029366306028,1,0.306278713629403,0.306060606060606,0.368670886075949,0.770061728395062,0.3152,1,0.313099041533546,0.645259938837921,0.32300163132137,1,0.0015748031496063,1,0.363779527559055,0.897727272727273,0.5984,0.607255520504732,0.308777429467085,0.316476345840131,1,0.297939778129952,1,0.292993630573248,0.48503937007874,0.307098765432099,1,0.294117647058824,0.306451612903226,0.312903225806452,0.314375987361769,1,0.302547770700637,1,0.452830188679245,0.321372854914197,1,0.316436251920123,1,0.596774193548387,0.312297734627832,1,0.311111111111111,0.316037735849057,0.327503974562798,0.9875,0.316770186335404,1,0.30622009569378,1,0.305280528052805,1,0.607936507936508,0.291600633914422,0.0345963756177924,0.288961038961039,0.305772230889236,1,0.297939778129952,0.310509554140127,0.310618066561014,0.320063694267516,1,1,0.313311688311688,0.321316614420063,1,1,0.31496062992126,0.248025276461295,0.0197268588770865,0.697115384615385,1,0.0031201248049922,0.312302839116719,1,0.309328968903437,0.307098765432099,0.310185185185185,1,1,1,0.316692667706708,0.309061488673139,0.306603773584906,0.689210950080515,0.295418641390205,1,0.332278481012658,1,1,0.435658914728682,0.3168,0.316846986089645,0.31911532385466,0.294488188976378,0.311897106109325,0.643642072213501,1,1,0.305295950155763,0.00467289719626168,0.312788906009245,0.313178294573643,0.310725552050473,0.300157977883096,0.292527821939587,0.306748466257669,0.704968944099379,0.3734375,0.298107255520505,1,0.314935064935065,1,0.3046875,0.298701298701299,0.305246422893482,0.322169059011164,0.308196721311475,1,0.316037735849057,0.79874213836478,1,1,0.996810207336523,1,1,0.89968152866242,1,1,1,0.313364055299539,1,0.309951060358891,0,1,0.387596899224806,1,0.314606741573034,0.312101910828025,0.301261829652997,0.432216905901116,1,0.314553990610329,1,1,1,1,0,0.3072,1,1,0.313694267515924,1,0.314152410575428,1,1,0.303225806451613,0.315024232633279,0.299050632911392,0.152623211446741,0.315875613747954,0,0.614307931570762,1,0.309006211180124,0.305691056910569,0.591263650546022,1,1,0.311688311688312,0.325396825396825,1,0.667716535433071,0.70429252782194,0.296650717703349,0.310855263157895,0.992307692307692,0.314785373608903,0.297090352220521,1,0.304416403785489,0.294488188976378,1,0.296650717703349,0.307936507936508,0.314152410575428,0.305732484076433,1,1,1,0.297770700636943,0.316535433070866,0.0062992125984252,0.990491283676704,0.318840579710145,1,1,0.309597523219814,0.315548780487805,0.298299845440495,0.312399355877617,0.304075235109718,1,0.302250803858521,0.302694136291601,0.584967320261438,1,0.85048231511254,1,0,1,0.310810810810811,1,1,0.430555555555556,0.998432601880878,0.318471337579618,1,0.303514376996805,0.288188976377953,0.30188679245283,1,1,0.309968847352025,0.386138613861386,0.625199362041467,0.294871794871795,1,1,1,0.310289389067524,1,0.211356466876972,1,1,1,1,0.316614420062696,1,0.310855263157895,0.32755905511811,0.6828125,0.296296296296296,1,0.318037974683544,0.313084112149533,0.304347826086957,1,0.304482225656878,1,0.31937984496124,0.462992125984252,0.310126582278481,0.314285714285714,0.309968847352025,1,0.3088,0.305466237942122,1,1,0.311811023622047,0.300157977883096,1,0.495384615384615,0.311582381729201,0.320126782884311,0.31974921630094,0.688087774294671,1,0.288998357963875,1,0.43312101910828,0.301412872841444,0,0.882629107981221,0.31219512195122,0.3109375,0,0.0337620578778135,0.977848101265823,0.310126582278481,1,0.309677419354839,0.308823529411765,1,0.3171875,0.305993690851735,0.678740157480315,1,0.321144674085851,0.315619967793881,1,0.303599374021909,0.3,1,0.342723004694836,0.301765650080257,0.309859154929577,0.322327044025157,0.797488226059655,1,0.982428115015974,1,1,0.00157977883096367,1,0.992088607594937,1,0.44006309148265,0.996774193548387,0.297674418604651,0.992248062015504,0.323763955342903,0.995297805642633,0.616793893129771,0.640502354788069,0.308411214953271,0.301857585139319,0.644200626959248,0.308562197092084,0,0.640502354788069,0.690208667736758,0.311248073959938,0.00154559505409583,0.302839116719243,0.298722044728434,0.776699029126214,0.313664596273292,0.69170579029734,0.613268608414239,0.309033280507132,0.313084112149533,0.29140127388535,1,0.028657616892911,0,0.303125,0.320126782884311,0.327073552425665,1,0.3424,0.315132605304212,1,0.297939778129952,0.942006269592476,0.59047619047619,1,1,0.991554054054054,0.308892355694228,0.613707165109034,0.319314641744548,0.312803889789303,0.308544303797468,0.4296875,1,0.307814992025518,1,0.312091503267974,0.307443365695793,1,0.310015898251192,1,0.312401883830455,1,1,0.312401883830455,0,1,0.312597200622084,1,0.547169811320755,1,0.521604938271605,1,0.55784469096672,1,0.308562197092084,1,1,1,0.299363057324841,0.309409888357257,0.310077519379845,0.334437086092715,0.333333333333333,0.305379746835443,1,0.312599681020734,1,1,0.315457413249211,0.311290322580645,0.304482225656878,0.375196232339089,0.316998468606432,1,1,0.31937984496124,0.3152,0.645833333333333,0.609400324149109,0.31139646869984,0.319870759289176,1,0.303125,0.311550151975684,0.996825396825397,0.300492610837438,0.300940438871473,0,0.139498432601881,0.307210031347962,0.687789799072643,0.302694136291601,0.313084112149533,0.609567901234568,0.998427672955975,0.300324675324675,1,0.299684542586751,0.339171974522293,0.307936507936508,0.458786936236392,0.302694136291601,1,0.315132605304212,0.306836248012719,0.32463295269168,0.697674418604651,1,0.317073170731707,0.309636650868878,0,0.317610062893082,0.998422712933754,0.951334379905808,1,0.313178294573643,0.316118935837246,0.310569105691057,0.602484472049689,1,0.61244019138756,0.320967741935484,1,1,0.964006259780908,0.681089743589744,0.320126782884311,0.349529780564263,0.309119010819165,0.310077519379845,1,1,0.516908212560386,0.642172523961661,1,1,0.998439937597504,0.704,1,0.312401883830455,0.690208667736758,1,0.317034700315457,0.3104,0.307324840764331,0.996860282574568,1,0.657331136738056,0.310236220472441,1,1,0.311216429699842,0.31104199066874,0.998402555910543,0,0.305246422893482,0.299679487179487,0.00642054574638844,0.315217391304348,1,0.304,1,0.151090342679128,0,0.908256880733945,0.31911532385466,1,1,0,0.0015625,0.315047021943574,1,0.302439024390244,0.996894409937888,0.303079416531605,1,1,0.960254372019078,0.776212832550861,1,1,0.00478468899521531,1,0.526666666666667,0.314696485623003,0.686427457098284,0.314641744548287,1,0.297124600638978,0.684210526315789,1,1,0.3008,0.634848484848485,0.319875776397516,0.594594594594595,0.972843450479233,0.325358851674641,0.614533965244866,0.0110410094637224,0.299050632911392,0.3140625,0.318252730109204,1,0.651234567901235,0.2984375,0.889776357827476,0.602893890675241,0.967642526964561,1,1,0.298887122416534,0.330112721417069,0.302884615384615,0.299684542586751,0.310236220472441,0.634408602150538,0.304212168486739,0,0.67737003058104,0.998449612403101,0.317610062893082,0.305466237942122,0.308580858085809,0.3109375,0.615141955835962,1,0.326530612244898,0.319488817891374,0.330016583747927,0.315789473684211,0.309375,0.3056,0.196946564885496,0.693053311793215,0.310015898251192,0.60347551342812,1,0.239747634069401,0.310832025117739,0.9216,1,1,0.302839116719243,0.652866242038217,1,0.307692307692308,0.288431061806656,0.953150242326333,1,1,0.996768982229402,0.313664596273292,1,1,0.900630914826498,1,0.350467289719626,1,0.605519480519481,1,0.677018633540373,0.306709265175719,0.61189358372457,1,1,0.9904,0.315457413249211,0.305164319248826,0.31900826446281,0.302215189873418,0.314935064935065,0.318627450980392,0.982428115015974,0.30077519379845,1,1,0.70735524256651,0,0.303875968992248,0.306122448979592,0.691823899371069,1,0.578696343402226,0.314984709480122,0.654574132492114,0.304,0.307817589576547,1,0.30622009569378,0.312709030100334,0.684952978056426,0.918032786885246,0.322727272727273,0.615136876006441,0.590032154340836,0.321259842519685,0.319870759289176,0.290880503144654,0.605055292259084,0.693396226415094,1,0.893481717011129,1,0.6765625,0.9967585089141,0.600321027287319,0.310126582278481,0.311582381729201,1,1,0.444444444444444,0.991935483870968,0.996879875195008,1,0.297939778129952,0.31911532385466,1,0.305135951661631,0.690031152647975,0.3248,0.472929936305732,0.288461538461538,0,0.296875,1,1,0.613924050632911,0.00154559505409583,0.321711568938193,0.308306709265176,0.0962145110410095,0.410339256865913,1,1,0.313572542901716,1,0.425867507886435,1,0.318952234206472,0.603174603174603,0.313001605136437,0.304347826086957,1,0,1,0.300163132137031,0.311501597444089,1,1,1,0.4384,1,0.312698412698413,0.632558139534884,0.317460317460317,0.324104234527687,0.00157232704402516,0.04,1,0.633173843700159,1,0.319047619047619,0.32300163132137,1,1,0.161392405063291,0.30298273155416,1,0.90726429675425,1,0.309119010819165,0.207006369426752,0.6734375,1,1,1,1,1,0.282131661442006,0.292834890965732,1,0.111470113085622,0.00159235668789809,0.458003169572108,0,0.313291139240506,1,0.692307692307692,1,1,0.897832817337461,1,0.693396226415094,1,1,1,1
"339",0.310289389067524,0.336492890995261,0.326594090202177,0.342857142857143,0.326923076923077,0.319047619047619,0.0113085621970921,0.335987261146497,0.328616352201258,0.568881685575365,0.327160493827161,0.625194401244168,0.526484751203852,0.330733229329173,1,1,0.609375,0,0.339228295819936,0.316614420062696,1,1,0.334869431643625,0.50314465408805,0.319213313161876,1,1,0.349673202614379,0.3234375,0.532591414944356,1,0.600313479623824,0.378504672897196,0.996850393700787,0.654028436018957,0.32396694214876,0.1328125,0.337984496124031,1,0.316358024691358,0.00158227848101266,0,0,0.3424,0.322834645669291,1,0.996845425867508,1,1,1,0.680817610062893,0.333333333333333,1,0.334365325077399,0.324960753532182,0.824561403508772,0.110754414125201,0.335949764521193,0.328125,0.331775700934579,0.992236024844721,1,1,0.00319488817891374,0.336569579288026,0.32967032967033,0.6448,0.330733229329173,0.600614439324117,1,0.332810047095761,1,1,0.294685990338164,0.151326053042122,0.333841463414634,1,0.996918335901387,0.331775700934579,1,0.597381342062193,1,1,0.339035769828927,1,0.336890243902439,0.329652996845426,0.344444444444444,0.33015873015873,0,0.329093799682035,0.334869431643625,0.669826224328594,0.580745341614907,0.322683706070288,0.62691131498471,0.669291338582677,0.328125,0.115384615384615,0,0.333333333333333,0.599063962558502,1,0.330081300813008,1,0.337078651685393,0,0.336463223787167,1,1,1,0.317610062893082,0.996894409937888,0.334370139968896,0.19236641221374,0.319277108433735,1,0.373817034700315,1,1,0.193396226415094,0.32967032967033,1,1,0.339563862928349,1,0.3267776096823,0.325757575757576,0.365777080062794,0.774193548387097,0.34621578099839,1,0.338118022328549,0.626339969372129,0.339805825242718,1,0.00155038759689922,1,0.382911392405063,0.888709677419355,0.573248407643312,0.589540412044374,0.328593996840442,0.334410339256866,1,0.324921135646688,1,0.317460317460317,0.511773940345369,0.33693972179289,1,0.318471337579618,0.326984126984127,0.330188679245283,0.336507936507937,1,0.31629392971246,1,0.428125,0.3421875,1,0.333333333333333,1,0.580286168521463,0.329508196721311,1,0.332298136645963,0.325984251968504,0.345425867507886,0.987361769352291,0.342723004694836,1,0.34384858044164,1,0.322061191626409,1,0.581504702194357,0.306962025316456,0.0296052631578947,0.319182389937107,0.3296875,1,0.318471337579618,0.332288401253919,0.331797235023041,0.347286821705426,1,1,0.336025848142165,0.341307814992026,1,1,0.337539432176656,0.231974921630094,0.0211161387631976,0.67304625199362,1,0.0015625,0.329211746522411,1,0.339256865912762,0.318529862174579,0.328125,0.996884735202492,1,1,0.342549923195084,0.325842696629214,0.327639751552795,0.661341853035144,0.320251177394035,1,0.356012658227848,1,1,0.445497630331754,0.341232227488152,0.330246913580247,0.331738437001595,0.314606741573034,0.32475884244373,0.624801271860095,1,1,0.325434439178515,0.00467289719626168,0.334876543209877,0.326656394453005,0.333860759493671,0.323529411764706,0.3104,0.332819722650231,0.68798751950078,0.358024691358025,0.317972350230415,1,0.3344,1,0.318885448916409,0.315286624203822,0.324881141045959,0.339144215530903,0.319286871961102,1,0.332822085889571,0.808544303797468,1,1,0.998392282958199,1,1,0.899186991869919,1,1,1,0.329173166926677,1,0.331723027375201,0,1,0.378670788253478,1,0.337060702875399,0.338095238095238,0.319182389937107,0.417197452229299,1,0.335413416536661,1,1,1,1,0,0.331230283911672,1,1,0.332802547770701,1,0.329770992366412,1,1,0.33015873015873,0.330658105939005,0.314785373608903,0.14488188976378,0.349358974358974,0,0.592424242424242,1,0.329704510108865,0.3344,0.570093457943925,1,1,0.333878887070376,0.3424,1,0.644654088050314,0.689320388349515,0.324237560192616,0.336569579288026,0.996918335901387,0.34375,0.316742081447964,1,0.33122028526149,0.321428571428571,1,0.317891373801917,0.334379905808477,0.329192546583851,0.330218068535826,1,1,1,0.327073552425665,0.342857142857143,0.00938967136150235,0.993620414673046,0.339171974522293,1,1,0.324159021406728,0.334890965732087,0.316118935837246,0.329173166926677,0.328220858895706,1,0.316614420062696,0.333333333333333,0.560975609756098,1,0.844339622641509,1,0,1,0.338983050847458,1,1,0.416149068322981,1,0.340729001584786,1,0.323809523809524,0.308426073131955,0.330232558139535,1,1,0.327586206896552,0.409967845659164,0.588709677419355,0.322169059011164,1,1,1,0.3322528363047,1,0.197472353870458,1,1,1,1,0.334883720930233,1,0.331715210355987,0.348031496062992,0.6640625,0.31637519872814,1,0.331761006289308,0.332822085889571,0.32475884244373,1,0.322480620155039,1,0.334346504559271,0.485759493670886,0.335423197492163,0.337579617834395,0.323529411764706,1,0.335987261146497,0.319488817891374,1,1,0.340189873417722,0.321875,1,0.468454258675079,0.331730769230769,0.34789391575663,0.34375,0.672360248447205,1,0.311004784688995,1,0.423137876386688,0.324451410658307,0,0.890577507598784,0.332263242375602,0.329721362229102,0,0.0380348652931854,0.982594936708861,0.33015873015873,1,0.321875,0.326366559485531,1,0.335423197492163,0.333863275039746,0.653605015673981,1,0.333333333333333,0.334928229665072,1,0.3234375,0.311708860759494,1,0.338028169014085,0.332268370607029,0.332810047095761,0.34181240063593,0.810810810810811,1,0.982484076433121,1,1,0.00161290322580645,1,0.993788819875776,1,0.427899686520376,0.998376623376623,0.327160493827161,0.993827160493827,0.338072669826224,0.99685534591195,0.596923076923077,0.614551083591331,0.338983050847458,0.325545171339564,0.632398753894081,0.329093799682035,0,0.615141955835962,0.668789808917197,0.3328173374613,0.00156985871271586,0.329704510108865,0.321316614420063,0.773015873015873,0.335413416536661,0.673469387755102,0.580645161290323,0.324960753532182,0.330218068535826,0.317262830482115,1,0.0258751902587519,0,0.330275229357798,0.339622641509434,0.344236760124611,1,0.331210191082803,0.327102803738318,1,0.319938176197836,0.94375,0.561904761904762,1,1,0.995,0.334883720930233,0.595384615384615,0.334848484848485,0.326229508196721,0.327613104524181,0.416024653312789,1,0.326984126984127,1,0.325281803542673,0.329635499207607,1,0.329073482428115,1,0.330188679245283,1,1,0.336990595611285,0,1,0.33489827856025,1,0.564945226917058,1,0.499215070643642,1,0.572107765451664,1,0.328593996840442,1,1,1,0.327044025157233,0.335463258785943,0.330781010719755,0.353130016051364,0.332247557003257,0.325545171339564,1,0.332807570977918,1,1,0.3421875,0.329133858267717,0.330769230769231,0.39776357827476,0.335889570552147,1,1,0.33695652173913,0.337042925278219,0.617124394184168,0.591414944356121,0.332807570977918,0.336025848142165,1,0.31924882629108,0.339009287925697,0.995290423861852,0.323624595469256,0.323899371069182,0,0.134762633996937,0.328050713153724,0.66,0.322327044025157,0.329704510108865,0.585253456221198,0.998422712933754,0.329093799682035,1,0.337025316455696,0.359424920127796,0.330708661417323,0.478740157480315,0.321259842519685,1,0.337480559875583,0.3312,0.344,0.671850699844479,1,0.335443037974684,0.327613104524181,0,0.3375,1,0.959627329192547,1,0.330218068535826,0.34375,0.3296,0.577639751552795,1,0.57258064516129,0.347551342812006,1,1,0.970496894409938,0.669316375198728,0.343354430379747,0.368827160493827,0.329192546583851,0.326498422712934,1,1,0.506389776357827,0.622611464968153,1,1,1,0.681372549019608,1,0.335423197492163,0.674015748031496,1,0.336434108527132,0.332268370607029,0.333858267716535,0.998452012383901,1,0.63562091503268,0.333855799373041,1,1,0.33489827856025,0.323343848580442,1,0,0.326860841423948,0.322734499205087,0.00477707006369427,0.325617283950617,1,0.325842696629214,1,0.141975308641975,0,0.905718701700155,0.336434108527132,1,1,0,0.00152905198776758,0.336492890995261,1,0.327922077922078,0.998461538461539,0.321086261980831,1,1,0.96969696969697,0.783227848101266,1,1,0.00316957210776545,1,0.507269789983845,0.339144215530903,0.653543307086614,0.333858267716535,1,0.316692667706708,0.664576802507837,1,1,0.332263242375602,0.607196401799101,0.343213728549142,0.573692551505547,0.974921630094044,0.347687400318979,0.602760736196319,0.0126782884310618,0.320695102685624,0.333333333333333,0.333333333333333,1,0.623076923076923,0.32348367029549,0.896713615023474,0.57097288676236,0.971830985915493,1,1,0.323296354992076,0.359746434231379,0.319488817891374,0.327014218009479,0.330670926517572,0.606707317073171,0.325115562403698,0,0.665639445300462,0.998456790123457,0.345736434108527,0.321711568938193,0.325242718446602,0.333333333333333,0.595576619273302,1,0.340523882896764,0.350237717908082,0.346469622331691,0.331210191082803,0.327188940092166,0.324409448818898,0.183076923076923,0.6656,0.329617834394904,0.5859375,1,0.234009360374415,0.332814930015552,0.924315619967794,1,1,0.326530612244898,0.624801271860095,1,0.329211746522411,0.312698412698413,0.958730158730159,1,1,0.996825396825397,0.342146189735614,1,1,0.906451612903226,1,0.362790697674419,1,0.586816720257235,1,0.658385093167702,0.319182389937107,0.589540412044374,1,1,0.993650793650794,0.338557993730408,0.339593114241002,0.3322528363047,0.333333333333333,0.332792207792208,0.33974358974359,0.987261146496815,0.326465927099842,1,1,0.724409448818898,0,0.337442218798151,0.330218068535826,0.668202764976959,1,0.557661927330174,0.339506172839506,0.634796238244514,0.330696202531646,0.333333333333333,1,0.328,0.323920265780731,0.697933227344992,0.914516129032258,0.341426403641882,0.586538461538462,0.567783094098884,0.338072669826224,0.340222575516693,0.309486780715397,0.580286168521463,0.667194928684628,1,0.903125,1,0.655864197530864,0.998410174880763,0.573248407643312,0.323343848580442,0.335453100158982,1,1,0.422955974842767,0.995245641838352,0.996870109546166,1,0.3248,0.334890965732087,1,0.328197226502311,0.669796557120501,0.342767295597484,0.44945567651633,0.312202852614897,0,0.32398753894081,1,1,0.5875,0.00154083204930663,0.347962382445141,0.33015873015873,0.109324758842444,0.426494345718901,1,1,0.332298136645963,1,0.413953488372093,1,0.336349924585219,0.576982892690513,0.333858267716535,0.32484076433121,1,0,1,0.319354838709677,0.335974643423138,1,1,1,0.450155763239875,1,0.322222222222222,0.609375,0.339622641509434,0.336585365853659,0.00156494522691706,0.0409448818897638,1,0.616224648985959,1,0.335974643423138,0.34887459807074,1,1,0.165109034267913,0.323076923076923,1,0.906542056074766,1,0.334876543209877,0.19047619047619,0.65149136577708,1,1,1,1,1,0.301857585139319,0.320251177394035,1,0.108064516129032,0.0016,0.433281004709576,0,0.34185303514377,1,0.669291338582677,1,1,0.896713615023474,1,0.671802773497689,1,1,1,1
"340",0.270998415213946,0.253477588871716,0.259659969088099,0.246815286624204,0.248847926267281,0.261205564142195,0.552,0.2601246105919,0.272588055130168,0.85214626391097,0.259090909090909,0.8,0.073208722741433,0.25,0.42967542503864,0.43778801843318,0.816944024205749,0.580286168521463,0.2601246105919,0.258914728682171,0.430534351145038,0.428125,0.259541984732824,0.926153846153846,0.28310502283105,0.408450704225352,0.417061611374408,0.270569620253165,0.268072289156627,0.135433070866142,0.443425076452599,0.114678899082569,0.221020092735703,0.422291993720565,0.753125,0.263327948303716,0.733333333333333,0.248875562218891,0.42921686746988,0.265060240963855,0.598461538461538,0.573846153846154,0.587155963302752,0.244131455399061,0.247678018575851,0.420886075949367,0.423963133640553,0.420333839150228,0.414893617021277,0.405487804878049,0.746543778801843,0.262166405023548,0.434650455927052,0.251543209876543,0.254573170731707,0.247244094488189,0.717425431711146,0.25314465408805,0.275700934579439,0.2609375,0.409785932721713,0.424764890282132,0.428571428571429,0.598449612403101,0.264240506329114,0.265151515151515,0.784711388455538,0.253086419753086,0.817365269461078,0.408602150537634,0.260670731707317,0.406779661016949,0.415360501567398,0.300155520995334,0.753424657534247,0.253753753753754,0.421374045801527,0.406201550387597,0.254931714719272,0.423510466988728,0.8416,0.414746543778802,0.411490683229814,0.259090909090909,0.393893129770992,0.259036144578313,0.269470404984424,0.253086419753086,0.248073959938367,0.579268292682927,0.260731319554849,0.257918552036199,0.747303543913713,0.855161787365177,0.248456790123457,0.795795795795796,0.747663551401869,0.255417956656347,0.713831478537361,0.58528951486698,0.255384615384615,0.809748427672956,0.441176470588235,0.263406940063092,0.421947449768161,0.269890795631825,0.591962905718702,0.264385692068429,0.414976599063963,0.416923076923077,0.401225114854518,0.264931087289433,0.413312693498452,0.25115562403698,0.786585365853659,0.258594917787743,0.421947449768161,0.972519083969466,0.407518796992481,0.420062695924765,0.803328290468986,0.244961240310078,0.416289592760181,0.414442700156986,0.251896813353566,0.435384615384615,0.248888888888889,0.264179104477612,0.950844854070661,0.65210843373494,0.246467817896389,0.429457364341085,0.256965944272446,0.796992481203007,0.243670886075949,0.415915915915916,0.592085235920852,0.418711656441718,0.189735614307932,0.557661927330174,0.847723704866562,0.847589424572317,0.25609756097561,0.259842519685039,0.422776911076443,0.257229832572298,0.415292353823088,0.264797507788162,0.0925925925925926,0.268476621417798,0.432646592709984,0.2557781201849,0.2546875,0.255555555555556,0.258114374034003,0.389408099688474,0.267993874425727,0.413249211356467,0.995398773006135,0.256060606060606,0.425531914893617,0.264661654135338,0.429457364341085,0.833075734157651,0.262578616352201,0.413793103448276,0.272024729520866,0.262996941896024,0.257364341085271,0.404580152671756,0.261006289308176,0.406593406593407,0.250391236306729,0.414483821263482,0.243980738362761,0.41259842519685,0.827906976744186,0.257668711656442,0.63265306122449,0.262090483619345,0.258164852255054,0.43125,0.255813953488372,0.261609907120743,0.264296754250386,0.255351681957187,0.42472266244057,0.42530487804878,0.258012820512821,0.251552795031056,0.419207317073171,0.437990580847724,0.254160363086233,0.816770186335404,0.599702380952381,0.727692307692308,0.411042944785276,0.596625766871166,0.251533742331288,0.422388059701493,0.258785942492013,0.261068702290076,0.254263565891473,0.42572741194487,0.430321592649311,0.41259842519685,0.256296296296296,0.264150943396226,0.256568778979907,0.754716981132076,0.2660406885759,0.432646592709984,0.23963133640553,0.418641390205371,0.417565485362096,0.510736196319018,0.253543307086614,0.259818731117825,0.258914728682171,0.265842349304482,0.253894080996885,0.786377708978328,0.412772585669782,0.422727272727273,0.264525993883792,0.585365853658537,0.248854961832061,0.26395173453997,0.26502311248074,0.254601226993865,0.263076923076923,0.254135338345865,0.739663093415008,0.956973293768546,0.262595419847328,0.421383647798742,0.248826291079812,0.41640866873065,0.26040061633282,0.249216300940439,0.253869969040248,0.246875,0.258675078864353,0.394984326018809,0.266666666666667,0.206624605678233,0.405909797822706,0.41248097412481,0.42015503875969,0.412772585669782,0.41321044546851,0.52093023255814,0.402476780185758,0.414219474497682,0.413432835820896,0.277777777777778,0.406491499227202,0.252818035426731,0.566265060240964,0.413145539906103,0.966565349544073,0.415625,0.255924170616114,0.239567233384853,0.260530421216849,1,0.434715821812596,0.251896813353566,0.415748031496063,0.408071748878924,0.409861325115562,0.414483821263482,0.57984496124031,0.256289308176101,0.417287630402384,0.418096723868955,0.250769230769231,0.424679487179487,0.259090909090909,0.417047184170472,0.43010752688172,0.25585023400936,0.247634069400631,0.266975308641975,0.736111111111111,0.249211356466877,0.579439252336449,0.832835820895522,0.400928792569659,0.265648854961832,0.253125,0.850609756097561,0.411229135053111,0.421553090332805,0.262820512820513,0.257364341085271,0.425531914893617,0.761398176291793,0.743788819875776,0.261275272161742,0.256329113924051,0.41400304414003,0.263482280431433,0.262295081967213,0.411944869831547,0.261755485893417,0.263719512195122,0.419753086419753,0.277258566978193,0.264296754250386,0.256211180124224,0.249617151607963,0.414330218068536,0.432432432432432,0.426307448494453,0.255886970172684,0.269291338582677,0.598173515981735,0.423076923076923,0.245669291338583,0.421538461538462,0.434782608695652,0.264350453172205,0.257966616084977,0.254961832061069,0.258513931888545,0.252307692307692,0.425233644859813,0.2484375,0.270866141732283,0.853582554517134,0.411497730711044,0.581761006289308,0.43167701863354,0.5734375,0.415384615384615,0.262048192771084,0.430555555555556,0.416149068322981,1,0.412746585735964,0.262830482115086,0.426646706586826,0.258164852255054,0.256568778979907,0.266666666666667,0.430793157076205,0.427701674277017,0.255384615384615,0.178343949044586,0.802816901408451,0.263975155279503,0.412576687116564,0.412942989214176,0.414330218068536,0.253521126760563,0.412121212121212,0.8,0.425269645608629,0.419254658385093,0.418495297805643,0.431924882629108,0.253012048192771,0.418096723868955,0.252411575562701,0.264296754250386,0.747269890795632,0.263482280431433,0.426771653543307,0.256172839506173,0.24886191198786,0.24685534591195,0.403400309119011,0.259314456035768,0.421383647798742,0.259878419452888,0.100609756097561,0.275914634146341,0.262578616352201,0.253048780487805,0.422839506172839,0.256289308176101,0.266875981161695,0.430091185410334,0.414596273291925,0.252713178294574,0.253105590062112,0.427457098283931,0.952887537993921,0.263157894736842,0.257364341085271,0.246932515337423,0.74537037037037,0.431924882629108,0.248796147672552,0.412130637636081,1,0.259720062208398,0.580343213728549,0.299698795180723,0.247648902821317,0.247678018575851,0.605341246290801,0.568992248062016,0.407120743034056,0.26040061633282,0.42457231726283,0.255886970172684,0.253943217665615,0.417054263565891,0.259938837920489,0.258566978193146,0.754250386398764,0.407350689127106,0.271028037383178,0.246467817896389,0.41875,0.266975308641975,0.256329113924051,0.417460317460317,0.922958397534669,0.250388802488336,0.255351681957187,0.251552795031056,0.204301075268817,0.430340557275542,0.456112852664577,0.428783382789317,0.410852713178295,0.588235294117647,0.403348554033486,0.415765069551777,0.4209726443769,0.996899224806202,0.423137876386688,0.273425499231951,0.423831070889894,0.25705329153605,0.428571428571429,0.832835820895522,0.793261868300153,0.251127819548872,0.26179604261796,0.799377916018662,0.26148969889065,0.587349397590361,0.792626728110599,0.754658385093168,0.250381679389313,0.574534161490683,0.257364341085271,0.261538461538462,0.650470219435737,0.263888888888889,0.733436055469954,0.841269841269841,0.255054432348367,0.263803680981595,0.278033794162826,0.416923076923077,0.60672514619883,0.567567567567568,0.279210925644917,0.251543209876543,0.221374045801527,0.434915773353752,0.928792569659443,0.254992319508449,0.423913043478261,0.259146341463415,0.378504672897196,0.848101265822785,0.434915773353752,0.411497730711044,0.413223140495868,0.268768768768769,0.832326283987915,0.267164179104478,0.244019138755981,0.244961240310078,1,0.408385093167702,0.267801857585139,0.424764890282132,0.264847512038523,0.259083728278041,0.41743119266055,0.25,0.424514200298954,0.267584097859327,0.440625,0.414556962025316,0.256488549618321,0.583333333333333,0.414781297134238,0.258064516129032,0.421800947867299,0.159574468085106,0.421212121212121,0.913636363636364,0.422960725075529,0.113671274961598,0.419558359621451,0.276629570747218,0.419753086419753,0.402777777777778,0.447806354009077,0.265625,0.260061919504644,0.257966616084977,0.224522292993631,0.931746031746032,0.260869565217391,0.409677419354839,0.248840803709428,0.435406698564593,0.428787878787879,0.245083207261725,0.258215962441315,0.253030303030303,0.180685358255452,0.248875562218891,0.425531914893617,0.420574886535552,0.247692307692308,0.249607535321821,0.803767660910518,0.828125,0.256568778979907,0.25508607198748,0.423913043478261,0.274268104776579,0.26015037593985,0.417956656346749,0.273015873015873,0.258461538461538,0.58179012345679,0.740909090909091,0.25585023400936,0.745127436281859,0.262996941896024,0.268292682926829,0.832072617246596,0.414860681114551,0.251572327044025,0.407692307692308,0.253894080996885,0.221698113207547,0.274143302180685,0.0850077279752705,0.266666666666667,0.417582417582418,0.253822629969419,0.256172839506173,0.255555555555556,0.748103186646434,0.418006430868167,0.249607535321821,0.258015267175572,0.587677725118483,0.253499222395023,0.413476263399694,0.383435582822086,0.416666666666667,0.26219512195122,0.253869969040248,0.255886970172684,0.845454545454545,0.407643312101911,0.836477987421384,0.244897959183673,0.430745814307458,0.432973805855162,0.390432098765432,0.74922600619195,0.260061919504644,0.201863354037267,0.250759878419453,0.269865067466267,0.397496087636933,0.417417417417417,0.926332288401254,0.787596899224806,0.428348909657321,0.414596273291925,0.408668730650155,0.74294670846395,0.420489296636086,0.257575757575758,0.746500777604977,0.433333333333333,0.253067484662577,0.258114374034003,0.252713178294574,0.425757575757576,0.426229508196721,0.788553259141494,0.25652841781874,0.442006269592476,0.434250764525994,0.257229832572298,0.263157894736842,0.423312883435583,0.567961165048544,0.251543209876543,0.256692913385827,0.577223088923557,0.254601226993865,0.43531202435312,0.273010920436817,0.427682737169518,0.751914241960184,0.586102719033233,0.531437125748503,0.262917933130699,0.420489296636086,0.424806201550388,0.574045801526718,0.592649310872894,0.253435114503817,0.415525114155251,0.260869565217391,0.41203007518797,0.246153846153846,0.413953488372093,0.437106918238994,0.382716049382716,0.574730354391371,0.421216848673947,0.425696594427245,0.593558282208589,0.425076452599388,0.90302066772655,0.251552795031056,0.755725190839695,0.260606060606061,0.429906542056075,0.264296754250386,0.748091603053435,0.41875,0.420062695924765,0.264890282131661,0.816296296296296,0.262269938650307,0.835889570552147,0.400625978090767,0.242612752721617,0.810477657935285,0.603125,0.255351681957187,0.254601226993865,0.253822629969419,0.434022257551669,0.796101949025487,0.249619482496195,0.316923076923077,0.839874411302983,0.386363636363636,0.416793893129771,0.423368740515933,0.2642089093702,0.225396825396825,0.263975155279503,0.262269938650307,0.250388802488336,0.814648729446936,0.275075987841945,0.578866768759571,0.738165680473373,0.425269645608629,0.250381679389313,0.278041074249605,0.256735340729002,0.260935143288084,0.827692307692308,0.419106317411402,0.253477588871716,0.25,0.248407643312102,0.269767441860465,0.270769230769231,0.266457680250784,0.782542113323124,0.770932069510269,0.256609642301711,0.829787234042553,0.42,0.857142857142857,0.261538461538462,0.356357927786499,0.442857142857143,0.413373860182371,0.269470404984424,0.798151001540832,0.416666666666667,0.243531202435312,0.264797507788162,0.374608150470219,0.413740458015267,0.429457364341085,0.429467084639498,0.247005988023952,0.435054773082942,0.411674347158218,0.517241379310345,0.428792569659443,0.221198156682028,0.417298937784522,0.82807570977918,0.419452887537994,0.746223564954683,0.262015503875969,0.829721362229102,0.426984126984127,0.422955974842767,0.427682737169518,0.257575757575758,0.246153846153846,0.259968102073365,0.257229832572298,0.251592356687898,0.264385692068429,0.398744113029827,0.267993874425727,0.428125,0.413793103448276,0.550769230769231,0.577952755905512,0.265060240963855,0.261068702290076,0.751902587519026,0.416666666666667,0.862928348909657,0.241741741741742,0.79375,0.263322884012539,0.255961844197138,0.416666666666667,0.259720062208398,0.248025276461295,0.630094043887147,0.512779552715655,0.266369047619048,0.832802547770701,0.845553822152886,0.250386398763524,0.23950233281493,0.262751159196291,0.826687116564417,0.745762711864407,0.421374045801527,0.311248073959938,0.418320610687023,0.743202416918429,0.421383647798742,0.82807570977918,0.25,0.253499222395023,0.434451219512195,0.410216718266254,0.99537037037037,0.418238993710692,0.430513595166163,0.419847328244275,0.265527950310559,0.26046511627907,0.423017107309487,0.259259259259259,0.754573170731707,0.254746835443038,0.975116640746501,0.270998415213946,0.576864535768645,0.258698940998487,0.416024653312789,0.413249211356467,0.828483920367534,0.587786259541985,0.254290171606864,0.247648902821317,0.477726574500768,0.375394321766562,0.417840375586854,0.419713831478537,0.259659969088099,0.406201550387597,1,0.422535211267606,0.260542168674699,0.849462365591398,0.257668711656442,0.259259259259259,0.415765069551777,0.570300157977883,0.414976599063963,0.264659270998415,0.249605055292259,0.413476263399694,0.433179723502304,0.411589895988113,0.392125984251968,0.417840375586854,0.257716049382716,0.80517503805175,0.2557781201849,0.256692913385827,0.580152671755725,0.614791987673344,0.417981072555205,0.806800618238022,0.415123456790123,0.246894409937888,0.239165329052969,0.42457231726283,0.398744113029827,0.634408602150538,0.256965944272446,0.417533432392273,0.520485584218513,0.424657534246575,0.280728376327769,0.787267080745342,0.742635658914729,0.424382716049383,0.412121212121212,0.411023622047244,0.428346456692913,0.417417417417417,0.289156626506024,0.282170542635659,0.424806201550388,0.718110236220472,0.585403726708075,0.986153846153846,0.578696343402226,0.245723172628305,0.403100775193798,0.761682242990654,0.397849462365591,0.424615384615385,0.544615384615385,0.408736349453978,0.747336377473364,0.411674347158218,0.435054773082942,0.407232704402516,0.419003115264797
"341",0.297297297297297,0.320987654320988,0.314728682170543,0.330232558139535,0.31839258114374,0.313572542901716,0.00949367088607595,0.319314641744548,0.31859756097561,0.573228346456693,0.322085889570552,0.641538461538462,0.506289308176101,0.3234375,1,0.998449612403101,0.620214395099541,0.00158478605388273,0.322378716744914,0.31104199066874,0.998442367601246,0.998432601880878,0.320668693009119,0.516079632465544,0.307458143074581,0.998473282442748,0.998407643312102,0.330670926517572,0.310030395136778,0.514240506329114,0.998473282442748,0.588325652841782,0.363774733637747,0.996870109546166,0.667701863354037,0.309061488673139,0.137071651090343,0.325757575757576,0.998505231689088,0.312121212121212,0.00155038759689922,0.00154559505409583,0.00151745068285281,0.33125,0.316535433070866,0.998417721518987,0.995283018867924,0.998491704374057,0.998477929984779,0.998475609756098,0.690184049079755,0.321875,0.998487140695915,0.321928460342146,0.317411402157165,0.818181818181818,0.115323854660348,0.317484662576687,0.313455657492355,0.3234375,0.990811638591118,1,0.998430141287284,0.00465116279069767,0.308056872037915,0.324074074074074,0.6578125,0.322981366459627,0.620328849028401,0.998484848484849,0.317629179331307,0.998435054773083,1,0.271860095389507,0.161585365853659,0.31784107946027,0.998466257668712,0.995426829268293,0.319758672699849,0.998402555910543,0.605136436597111,1,0.998442367601246,0.329230769230769,1,0.325301204819277,0.3109375,0.325115562403698,0.317972350230415,0.00154559505409583,0.315372424722662,0.328313253012048,0.683641975308642,0.584097859327217,0.315132605304212,0.642857142857143,0.683720930232558,0.314199395770393,0.113782051282051,0,0.315870570107858,0.622257053291536,0.998410174880763,0.317965023847377,0.998439937597504,0.31924882629108,0.00153846153846154,0.324615384615385,0.998442367601246,1,0.998477929984779,0.30781010719755,0.996904024767802,0.327692307692308,0.206636500754148,0.305389221556886,1,0.375384615384615,0.998487140695915,0.998439937597504,0.206471494607088,0.312788906009245,0.998456790123457,0.998397435897436,0.319634703196347,0.998442367601246,0.32396449704142,0.314285714285714,0.371340523882897,0.765601217656012,0.325984251968504,0.998463901689708,0.327586206896552,0.635276532137519,0.332263242375602,0.998482549317147,0.00154083204930663,1,0.36547433903577,0.892628205128205,0.582298136645963,0.593846153846154,0.32258064516129,0.321656050955414,0.9984375,0.323664122137405,0.998493975903614,0.306027820710974,0.500763358778626,0.329323308270677,0.998389694041868,0.3078125,0.318181818181818,0.3296875,0.3234375,0.998461538461539,0.305555555555556,0.998444790046656,0.433990895295903,0.329770992366412,1,0.32089552238806,0.998452012383901,0.592879256965944,0.320574162679426,0.998427672955975,0.322932917316693,0.311450381679389,0.334883720930233,0.986153846153846,0.328197226502311,1,0.322981366459627,0.998459167950693,0.314285714285714,1,0.598473282442748,0.302752293577982,0.0289389067524116,0.296411856474259,0.310872894333844,0.998427672955975,0.302891933028919,0.3234375,0.321538461538462,0.32469512195122,0.998447204968944,0.998468606431853,0.324960753532182,0.327769347496206,0.998487140695915,1,0.322085889570552,0.238828967642527,0.0207715133531157,0.683969465648855,1,0.00152905198776758,0.312788906009245,0.998468606431853,0.317683881064163,0.314759036144578,0.31651376146789,0.996904024767802,0.998487140695915,1,0.327300150829563,0.316129032258064,0.308980213089802,0.6734375,0.298904538341158,0.998427672955975,0.3328173374613,0.998461538461539,0.998430141287284,0.44104134762634,0.321372854914197,0.321044546850998,0.32,0.305084745762712,0.311526479750779,0.648818897637795,0.998444790046656,0.998459167950693,0.321321321321321,0.00458715596330275,0.330289193302892,0.314540059347181,0.322429906542056,0.312883435582822,0.304281345565749,0.315868263473054,0.697428139183056,0.362940275650842,0.308868501529052,1,0.322784810126582,0.998456790123457,0.306870229007634,0.313364055299539,0.315457413249211,0.333848531684699,0.324324324324324,0.998444790046656,0.321044546850998,0.803125,0.998461538461539,1,0.998430141287284,0.998456790123457,0.998468606431853,0.90015600624025,0.998468606431853,0.998461538461539,1,0.321044546850998,0.998444790046656,0.321086261980831,0.00150375939849624,0.998454404945904,0.384962406015038,0.998442367601246,0.327014218009479,0.326086956521739,0.320872274143302,0.418856259659969,0.998452012383901,0.320668693009119,0.998435054773083,0.998470948012232,0.998454404945904,0.998473282442748,0,0.314728682170543,0.998482549317147,1,0.31974921630094,1,0.328220858895706,0.998473282442748,0.998442367601246,0.3109375,0.328616352201258,0.304347826086957,0.149765990639626,0.324921135646688,0.00154798761609907,0.60119940029985,1,0.321699544764795,0.315625,0.576923076923077,0.998470948012232,0.998442367601246,0.329617834394904,0.327613104524181,0.998470948012232,0.656394453004623,0.690737833594976,0.305379746835443,0.3136,0.994011976047904,0.32572298325723,0.300898203592814,0.998466257668712,0.324574961360124,0.306501547987616,1,0.307332293291732,0.31832298136646,0.309341500765697,0.327131782945736,0.998439937597504,0.998493975903614,1,0.306376360808709,0.325984251968504,0.00900900900900901,0.9921875,0.326530612244898,1,1,0.313455657492355,0.322727272727273,0.306060606060606,0.316998468606432,0.315384615384615,0.998452012383901,0.305164319248826,0.306748466257669,0.572769953051643,1,0.837962962962963,1,0.00156494522691706,0.998482549317147,0.325337331334333,0.998432601880878,1,0.412746585735964,1,0.320433436532508,0.998505231689088,0.304953560371517,0.306278713629403,0.311844077961019,1,0.998477929984779,0.317557251908397,0.39268680445151,0.617088607594937,0.30298273155416,0.998456790123457,1,0.998439937597504,0.317891373801917,0.998463901689708,0.204892966360856,0.998449612403101,0.998444790046656,0.998415213946117,0.998449612403101,0.324734446130501,0.998425196850394,0.32695374800638,0.337461300309598,0.677966101694915,0.302215189873418,1,0.324031007751938,0.31866464339909,0.309148264984227,0.998442367601246,0.308510638297872,0.9984375,0.325264750378215,0.483180428134557,0.325688073394495,0.330721003134796,0.317557251908397,0.998463901689708,0.325984251968504,0.310452418096724,1,0.998475609756098,0.321981424148607,0.314329738058552,1,0.484066767830046,0.316957210776545,0.324773413897281,0.328725038402458,0.668711656441718,0.998452012383901,0.2928,0.998473282442748,0.4109375,0.312111801242236,0.00153609831029186,0.877862595419847,0.314194577352472,0.322932917316693,0.00148367952522255,0.0294117647058824,0.978328173374613,0.314241486068111,0.998427672955975,0.3198127925117,0.318110236220472,1,0.322678843226788,0.311912225705329,0.667185069984448,0.998444790046656,0.314641744548287,0.318818040435459,0.998442367601246,0.312688821752266,0.308892355694228,0.998420221169036,0.349924585218703,0.311248073959938,0.317629179331307,0.329738058551618,0.798484848484848,1,0.979655712050078,0.998502994011976,0.998459167950693,0.00312989045383412,0.998468606431853,0.993893129770992,1,0.427906976744186,0.998417721518987,0.312121212121212,0.993984962406015,0.332293291731669,0.996937212863706,0.607726597325409,0.632465543644717,0.321592649310873,0.307110438729198,0.650842266462481,0.315112540192926,0.00151975683890578,0.637614678899083,0.6828125,0.314984709480122,0.00308166409861325,0.315707620528771,0.307339449541284,0.768025078369906,0.322678843226788,0.686153846153846,0.593996840442338,0.315707620528771,0.321752265861027,0.300623052959502,1,0.0250368188512518,0.00161290322580645,0.322727272727273,0.320987654320988,0.336890243902439,0.998456790123457,0.345256609642302,0.317484662576687,0.998435054773083,0.306153846153846,0.939628482972136,0.568720379146919,0.998466257668712,0.998491704374057,0.99344262295082,0.315315315315315,0.599695585996956,0.331851851851852,0.313694267515924,0.319018404907975,0.41743119266055,0.9984375,0.308411214953271,0.998444790046656,0.322632423756019,0.314375987361769,0.998470948012232,0.322327044025157,0.99851411589896,0.319875776397516,1,0.998439937597504,0.31859756097561,0,0.998487140695915,0.331804281345566,0.9984375,0.561919504643963,0.998466257668712,0.509230769230769,0.998482549317147,0.556589147286822,0.998415213946117,0.313971742543171,0.998444790046656,1,0.998484848484849,0.312693498452012,0.3171875,0.321321321321321,0.351701782820097,0.338072669826224,0.309341500765697,1,0.317829457364341,0.998397435897436,0.998480243161094,0.324159021406728,0.317535545023697,0.315315315315315,0.385802469135802,0.325892857142857,1,0.998473282442748,0.326347305389222,0.325038880248834,0.637958532695375,0.590625,0.319018404907975,0.31832298136646,0.998430141287284,0.311926605504587,0.316816816816817,0.993788819875776,0.304975922953451,0.313271604938272,0.00154083204930663,0.131297709923664,0.31839258114374,0.671111111111111,0.307453416149068,0.318042813455657,0.600301659125189,0.995398773006135,0.318110236220472,1,0.315467075038285,0.335423197492163,0.316279069767442,0.469135802469136,0.312111801242236,0.998417721518987,0.328787878787879,0.313971742543171,0.332283464566929,0.685325264750378,0.998410174880763,0.326984126984127,0.314241486068111,0.00154083204930663,0.327217125382263,1,0.950995405819296,0.998480243161094,0.323076923076923,0.319018404907975,0.316770186335404,0.585365853658537,0.998430141287284,0.593700787401575,0.340659340659341,1,0.998470948012232,0.963133640552995,0.676970633693972,0.330769230769231,0.360123647604328,0.319508448540707,0.319938176197836,0.998442367601246,0.998498498498498,0.517241379310345,0.637345679012346,0.998456790123457,0.998456790123457,1,0.6921875,0.998473282442748,0.323922734026746,0.682098765432099,0.998482549317147,0.323262839879154,0.308411214953271,0.317829457364341,0.998463901689708,0.998482549317147,0.646869983948636,0.321592649310873,0.998452012383901,0.998473282442748,0.320552147239264,0.319018404907975,1,0.00159744408945687,0.31201248049922,0.311248073959938,0.00619195046439629,0.317557251908397,0.998496240601504,0.312893081761006,0.998444790046656,0.145929339477727,0.0015220700152207,0.907046476761619,0.327188940092166,0.998473282442748,0.998459167950693,0.00153846153846154,0.00154083204930663,0.328173374613003,0.998477929984779,0.316455696202532,0.998507462686567,0.310725552050473,0.998456790123457,0.998417721518987,0.962674961119751,0.774885145482389,1,0.9984375,0.0046583850931677,1,0.520967741935484,0.325984251968504,0.669753086419753,0.326747720364742,0.998439937597504,0.306027820710974,0.67687595712098,1,0.998454404945904,0.319620253164557,0.617210682492582,0.33030303030303,0.591836734693878,0.970172684458399,0.33695652173913,0.611280487804878,0.0138036809815951,0.314152410575428,0.318181818181818,0.317901234567901,1,0.63677811550152,0.307098765432099,0.885802469135803,0.59190031152648,0.966616084977238,0.998466257668712,0.998466257668712,0.311550151975684,0.340729001584786,0.310509554140127,0.308623298033283,0.30640243902439,0.625187406296852,0.30781010719755,0.00153374233128834,0.677563150074294,0.998444790046656,0.329211746522411,0.313572542901716,0.316720257234727,0.32078313253012,0.603343465045593,0.998470948012232,0.331306990881459,0.334890965732087,0.333333333333333,0.328173374613003,0.316666666666667,0.313694267515924,0.200603318250377,0.684375,0.31937984496124,0.598187311178248,0.998473282442748,0.241538461538462,0.319508448540707,0.917981072555205,0.998410174880763,0.998468606431853,0.30781010719755,0.636363636363636,0.998470948012232,0.316341829085457,0.299382716049383,0.951026856240126,0.998473282442748,0.998463901689708,0.996840442338073,0.319508448540707,0.998427672955975,0.998473282442748,0.90015600624025,0.9984375,0.355725190839695,0.998489425981873,0.602803738317757,0.998470948012232,0.671664167916042,0.313271604938272,0.603149606299213,0.998456790123457,0.998459167950693,0.992163009404389,0.322480620155039,0.320121951219512,0.320126782884311,0.324159021406728,0.322834645669291,0.32755905511811,0.981279251170047,0.311649016641452,1,0.998349834983498,0.714939024390244,0.0015552099533437,0.321100917431193,0.327245053272451,0.67530487804878,0.998482549317147,0.567732115677321,0.327844311377246,0.645865834633385,0.31651376146789,0.323899371069182,0.998432601880878,0.317683881064163,0.32520325203252,0.692546583850932,0.907232704402516,0.320058997050148,0.605633802816901,0.579527559055118,0.326687116564417,0.320813771517997,0.311926605504587,0.598765432098765,0.678407350689127,0.998477929984779,0.889751552795031,0.998489425981873,0.661144578313253,0.998439937597504,0.590979782270607,0.313755795981453,0.326465927099842,0.998487140695915,0.998459167950693,0.426829268292683,0.993700787401575,0.996996996996997,0.998473282442748,0.308641975308642,0.332298136645963,1,0.313056379821958,0.684129429892142,0.325038880248834,0.45141065830721,0.301261829652997,0.00153846153846154,0.30568356374808,0.998459167950693,0.998420221169036,0.596599690880989,0.00305810397553517,0.327613104524181,0.328173374613003,0.105100463678516,0.419871794871795,0.998452012383901,0.998420221169036,0.308980213089802,0.998444790046656,0.411944869831547,1,0.328767123287671,0.591397849462366,0.325581395348837,0.319444444444444,0.998470948012232,0.00156985871271586,1,0.308917197452229,0.3203125,1,0.998456790123457,1,0.441823899371069,1,0.325115562403698,0.615030674846626,0.328703703703704,0.3216,0.00306748466257669,0.0390015600624025,0.998417721518987,0.621165644171779,0.998439937597504,0.326594090202177,0.332802547770701,0.998447204968944,0.998444790046656,0.163358778625954,0.315548780487805,0.998493975903614,0.911411411411411,1,0.321646341463415,0.199372056514914,0.669724770642202,0.998452012383901,1,0.998442367601246,1,0.998498498498498,0.291540785498489,0.307453416149068,0.998452012383901,0.119047619047619,0.00156494522691706,0.43969465648855,0,0.3265625,0.998459167950693,0.679626749611198,1,0.998459167950693,0.893129770992366,1,0.68348623853211,0.998459167950693,0.998397435897436,1,0.998463901689708
"342",1,1,1,1,1,1,0.702439024390244,1,1,0.0926517571884984,1,0.043338683788122,0.807631160572337,1,0.315024232633279,0.30622009569378,0.0603174603174603,0.6875,1,1,0.28892455858748,0.311582381729201,1,0.158982511923688,1,0.328100470957614,0.319935691318328,1,1,0.778846153846154,0.3125,0.729984301412873,0.965785381026439,0.313001605136437,0,1,0.541666666666667,1,0.305426356589147,1,0.661367249602544,0.680511182108626,0.688473520249221,1,1,0.324193548387097,0.312698412698413,0.309748427672956,0.328100470957614,0.326625386996904,0,1,0.31911532385466,1,1,0.501623376623377,0.562101910828026,1,1,1,0.331761006289308,0.320574162679426,0.322632423756019,0.677316293929712,1,1,0.0304,1,0.0530421216848674,0.32348367029549,1,0.320754716981132,0.337133550488599,0.967793880837359,0.503154574132492,1,0.312302839116719,0.338509316770186,1,0.321782178217822,0.0866013071895425,0.329073482428115,0.327014218009479,1,0.340189873417722,1,1,1,1,0.6801872074883,1,1,0,0.100787401574803,1,0.0407523510971787,0,1,0.566993464052288,0.671974522292994,1,0.0501618122977346,0.314424635332253,1,0.319286871961102,1,0.683544303797468,1,0.325281803542673,0.326498422712934,0.317034700315457,1,0.329093799682035,1,0.492211838006231,1,0.31378763866878,0.304140127388535,0.330781010719755,0.317891373801917,0.4796875,1,0.318252730109204,0.31810766721044,1,0.303459119496855,1,1,0.335974643423138,0.552795031055901,1,0.319554848966614,1,0.0382848392036753,1,0.3234375,0.681818181818182,0.324324324324324,0.935794542536116,0.441127694859038,0.100158982511924,0.0987261146496815,1,1,0.330658105939005,1,0.321100917431193,1,0.805031446540881,1,0.331723027375201,1,1,1,1,0.333333333333333,1,0.323151125401929,0.266770670826833,1,0.313385826771654,1,0.299363057324841,0.0810810810810811,1,0.319672131147541,1,1,1,0.331230283911672,1,0.32695374800638,1,0.305379746835443,1,0.322222222222222,0.071656050955414,1,0.645424836601307,1,1,0.319422150882825,1,1,1,1,0.331179321486268,0.306278713629403,1,1,0.320813771517997,0.312803889789303,1,0.442675159235669,0.660550458715596,0,0.31924882629108,0.67192429022082,1,0.326530612244898,1,1,1,0.318979266347687,0.3296875,0.327332242225859,1,1,1,0,1,0.309562398703404,0.976303317535545,0.3296,0.313001605136437,0.746456692913386,1,1,1,1,1,0.0384,0.315619967793881,0.330173775671406,1,0.671875,1,1,0.998412698412698,1,1,1,0.00159489633173844,0.316590563165906,1,0.3125,1,0.302839116719243,1,1,1,1,1,0.315873015873016,1,0.514657980456026,0.33122028526149,0.330203442879499,0.313291139240506,0.320634920634921,0.333860759493671,0.42258064516129,0.335473515248796,0.31924882629108,0.306625577812018,1,0.319554848966614,1,0.6796875,0.320126782884311,0.325077399380805,0.343499197431782,1,1,1,0.266881028938907,0.318181818181818,1,0.325806451612903,0.328703703703704,0.311708860759494,0.317683881064163,0.684210526315789,1,0.32348367029549,0.317741935483871,1,0.297077922077922,1,0.3140625,0.31687898089172,1,1,1,0.535369774919614,1,0.687697160883281,0.0814132104454685,0.319554848966614,1,1,0.0954616588419405,0.320754716981132,0.33387358184765,1,1,0.306477093206951,0.0192616372391653,0.00161030595813205,1,1,0.33843797856049,1,1,0.310832025117739,1,1,0.317262830482115,1,1,1,1,0.324031007751938,0.306027820710974,0.331691297208539,1,1,0.666666666666667,0.312698412698413,1,0.3198127925117,0.30048465266559,1,1,1,1,1,0.331189710610932,1,1,0.110754414125201,0.334913112164297,0.496825396825397,0.306946688206785,0.666141732283465,0.324409448818898,1,0.318471337579618,0.340729001584786,0.262830482115086,0.320433436532508,1,0.33179012345679,1,1,1,0.313001605136437,0.323296354992076,1,0.930194805194805,0.0612903225806452,1,0.31496062992126,0.318770226537217,0.312903225806452,1,0.331259720062208,0.474358974358974,0.326498422712934,0.309904153354633,0.318481848184819,0.311074918566775,1,0.319286871961102,1,1,0,1,0.323854660347551,1,1,1,0.328478964401294,1,0.312803889789303,1,0.825396825396825,1,1,1,0.321372854914197,1,1,0.30952380952381,0.315955766192733,1,1,0.314553990610329,0.189952904238619,1,1,1,0,0.30983606557377,1,0.317034700315457,0.245222929936306,1,0.670347003154574,0.4328125,1,1,0.67687595712098,0.697933227344992,0.348242811501597,1,0.320695102685624,1,1,0.329635499207607,1,1,0.00635930047694754,0.328548644338118,1,1,0.327503974562798,1,1,0.311004784688995,0.334379905808477,1,1,1,0.542130365659777,0.308411214953271,0.3472,0.324574961360124,0.328638497652582,0.692682926829268,0.328149300155521,0.33652312599681,0.3140625,0.253164556962025,0.327390599675851,1,0.324534161490683,1,0.318110236220472,0.078907435508346,0.047244094488189,1,1,0.0362204724409449,1,0.683544303797468,0.0377952755905512,0.00966183574879227,1,0.678125,1,1,0.559543230016313,1,0,0.0757825370675453,1,1,1,0.321486268174475,0.646879756468798,0.684729064039409,0.993779160186625,1,0.985849056603774,0.305246422893482,0.339712918660287,1,0.302100161550889,1,0.366666666666667,0.104,0.308777429467085,0.321044546850998,0.344709897610922,1,0.0756172839506173,1,1,1,0.269470404984424,0.322632423756019,1,0.324237560192616,1,1,0.316614420062696,1,0.328725038402458,1,0.311708860759494,0.32484076433121,1,0.680064308681672,0.318461538461538,1,0.316558441558442,0.768503937007874,0.31974921630094,0.160629921259843,0.329754601226994,0.770833333333333,0.30718954248366,1,0.323343848580442,0.338557993730408,0.29153605015674,1,1,1,0.976782752902156,0.342532467532468,1,0.330578512396694,1,0.319604612850082,0.323529411764706,1,1,1,0.918269230769231,1,0.315789473684211,0.330218068535826,1,1,0.0452342487883683,0.0812101910828025,1,1,0.315789473684211,1,1,0.3152,1,1,0.679873217115689,0.535493827160494,1,0,1,1,0.0965732087227414,0.333333333333333,1,0.32794830371567,1,0.969354838709677,1,0.816485225505443,1,0.327390599675851,1,1,1,0,0.314424635332253,1,1,0.666666666666667,1,0.32120253164557,0.351097178683386,0.323943661971831,1,1,1,0.0854037267080745,0.323624595469256,0.0875202593192869,1,0.314152410575428,0.305993690851735,0.341232227488152,0,1,0.961414790996785,1,1,0.32520325203252,0.308892355694228,0.1648,0.0339256865912763,0.321766561514196,0.312599681020734,0.32807570977918,0,0.314465408805031,1,0,0.319444444444444,1,1,1,0.321316614420063,0.317901234567901,0.0310965630114566,1,0.320907617504052,0.305295950155763,1,1,0.317610062893082,0.693843594009983,1,1,0.692431561996779,1,0.312693498452012,1,0.317683881064163,0.526645768025078,0.667716535433071,0.408536585365854,1,0.3015625,0.315286624203822,0.6796875,0.671339563862928,1,0.328100470957614,1,0.32182103610675,1,0.320063694267516,0.309061488673139,0.35126582278481,0.52373417721519,0.322950819672131,0.312803889789303,0.664526484751204,0.317034700315457,0.149593495934959,1,0,1,0.297253634894992,1,0,0.322734499205087,0.322683706070288,1,0.0520673813169985,1,0.0849056603773585,0.331723027375201,1,0.0580847723704867,0.665071770334928,1,1,1,0.310855263157895,0.0375586854460094,1,0.428571428571429,0.0913539967373573,0.349056603773585,0.318979266347687,0.330733229329173,1,1,1,1,1,0.0585516178736518,0.995348837209302,0.684542586750789,0.00151975683890578,0.327503974562798,1,1,1,1,0.0830670926517572,0.315870570107858,1,1,1,1,1,1,0.479813664596273,0,1,0.0817610062893082,0.323343848580442,0.432520325203252,1,0.384863123993559,0.312709030100334,0.318471337579618,1,0.0374414976599064,0.316037735849057,1,1,0.374795417348609,0.3140625,0.30564263322884,0.313311688311688,1,0.328050713153724,0.318611987381703,0.420711974110032,0.321951219512195,0.976489028213166,0.316998468606432,0.0786516853932584,0.318252730109204,0,1,0.0875202593192869,0.3072,0.320634920634921,0.317307692307692,1,1,1,1,1,1,0.331699346405229,1,0.313880126182965,0.314814814814815,0.598736176935229,0.679153094462541,1,1,0,0.322530864197531,0.121212121212121,1,0.0303514376996805,1,1,0.315447154471545,1,1,0.630470016207455,0.415986949429038,0.996955859969559,0.0760517799352751,0.098705501618123,1,1,1,0.083596214511041,0,0.326625386996904,0.42246835443038,0.31687898089172,0,0.324367088607595,0.0840064620355412,1,1,0.3203125,0.323390894819466,0.250798722044728,0.333865814696486,0.3140625,0.330203442879499,1,1,0.332268370607029,1,0,1,0.224358974358974,1,0.67032967032967,1,0.320574162679426,0.307941653160454,0.0740157480314961,0.67651632970451,1,1,0.789727126805779,0.90359477124183,0.319870759289176,0.318770226537217,1,0.320967741935484,0.264659270998415,0.323051948051948,1,0.1015625,1,1,0.312698412698413,0.684294871794872,0.307817589576547,1,1,0.3046875,0.311216429699842,0.312693498452012,0.8578352180937,0.322475570032573,1,0.055205047318612,1,1,0.694704049844237,0.652866242038217,0.329489291598023,0.0526315789473684,0.324324324324324,1,1,0.309294871794872,0.326923076923077,0.616954474097331,1,0.309597523219814,0.373643410852713,0.310344827586207,0.984101748807631,0.473101265822785,0.00314465408805031,0.307332293291732,0.3296875,0.325806451612903,0.315024232633279,0.327718223583461,0.9765625,1,0.309748427672956,0.554828150572831,0.679092382495948,0.243670886075949,0.693200663349917,1,0.320126782884311,0.00160513643659711,0.326530612244898,0.32182103610675,0.367507886435331,0.317741935483871,0,0.333863275039746,0.317666126418152,0.320967741935484,0.319422150882825
"343",0.3046875,0.32312404287902,0.31969696969697,0.337442218798151,0.316109422492401,0.315870570107858,0.0141509433962264,0.328638497652582,0.32312404287902,0.570300157977883,0.326347305389222,0.635670731707317,0.508396946564886,0.327743902439024,1,1,0.608630952380952,0,0.334890965732087,0.314589665653495,1,1,0.32781954887218,0.514285714285714,0.317910447761194,1,1,0.34748427672956,0.317365269461078,0.52099533437014,1,0.585735963581184,0.370870870870871,0.996932515337423,0.6609375,0.321259842519685,0.148318042813456,0.326347305389222,1,0.3125,0.00308641975308642,0,0,0.332824427480916,0.323574730354391,1,0.99388379204893,1,1,1,0.684053651266766,0.33693972179289,1,0.331818181818182,0.321752265861027,0.816232771822358,0.124416796267496,0.323664122137405,0.324242424242424,0.33641975308642,0.992526158445441,1,1,0.00454545454545455,0.311912225705329,0.331818181818182,0.644305772230889,0.334862385321101,0.600591715976331,1,0.327354260089686,1,1,0.287267080745342,0.166167664670659,0.324850299401198,1,0.995488721804511,0.327354260089686,1,0.590551181102362,1,1,0.331334332833583,1,0.332344213649852,0.321483771251932,0.334365325077399,0.325153374233129,0,0.327160493827161,0.336309523809524,0.675840978593272,0.577912254160363,0.322480620155039,0.629080118694362,0.664145234493192,0.316890881913303,0.122065727699531,0,0.319018404907975,0.614916286149163,1,0.323854660347551,1,0.317147192716237,0,0.328290468986384,1,1,1,0.315548780487805,0.99537037037037,0.333836858006042,0.208888888888889,0.317251461988304,1,0.381818181818182,1,1,0.210122699386503,0.322188449848024,1,1,0.334319526627219,1,0.326023391812865,0.324483775811209,0.372163388804841,0.778603268945022,0.324116743471582,1,0.334876543209877,0.629575402635432,0.335423197492163,1,0.00150602409638554,1,0.379573170731707,0.896713615023474,0.578052550231839,0.590839694656489,0.321266968325792,0.330757341576507,1,0.325757575757576,1,0.309341500765697,0.495481927710843,0.328888888888889,1,0.316109422492401,0.327160493827161,0.329230769230769,0.3328173374613,1,0.314024390243902,1,0.440779610194903,0.329866270430906,1,0.328869047619048,1,0.582181259600614,0.321483771251932,1,0.328290468986384,0.320300751879699,0.338983050847458,0.987878787878788,0.332312404287902,1,0.328220858895706,1,0.323899371069182,1,0.588588588588589,0.306990881458967,0.0304,0.302325581395349,0.321752265861027,1,0.310872894333844,0.329268292682927,0.320726172465961,0.337837837837838,1,1,0.326594090202177,0.329754601226994,1,1,0.328267477203647,0.241691842900302,0.0177514792899408,0.679699248120301,1,0.00304878048780488,0.33034379671151,1,0.330188679245283,0.31892697466468,0.31866464339909,0.996996996996997,1,1,0.334795321637427,0.324921135646688,0.321804511278195,0.67687595712098,0.317411402157165,1,0.341906202723147,1,1,0.453453453453453,0.327718223583461,0.328313253012048,0.325757575757576,0.311178247734139,0.32262996941896,0.638846737481032,1,1,0.316964285714286,0.00304878048780488,0.333832335329341,0.319587628865979,0.326747720364742,0.315555555555556,0.308868501529052,0.32396449704142,0.688721804511278,0.37151248164464,0.313725490196078,1,0.327743902439024,1,0.315868263473054,0.310975609756098,0.321483771251932,0.327160493827161,0.317535545023697,1,0.330357142857143,0.788819875776398,1,1,0.996937212863706,1,1,0.905864197530864,1,1,1,0.325301204819277,1,0.330173775671406,0,1,0.3928035982009,1,0.325688073394495,0.331811263318113,0.31859756097561,0.424846625766871,1,0.334834834834835,1,1,1,1,0,0.321156773211568,1,1,0.329286798179059,1,0.331306990881459,1,1,0.322530864197531,0.3296875,0.306278713629403,0.156346749226006,0.338957055214724,0,0.586666666666667,1,0.328335832083958,0.325617283950617,0.572713643178411,1,1,0.337025316455696,0.334876543209877,1,0.644817073170732,0.68944099378882,0.312788906009245,0.330708661417323,0.992592592592593,0.337899543378995,0.312130177514793,1,0.325227963525836,0.314503816793893,1,0.311827956989247,0.325115562403698,0.314674735249622,0.327217125382263,1,1,1,0.318042813455657,0.339009287925697,0.00894187779433681,0.992319508448541,0.330757341576507,1,1,0.314456035767511,0.335294117647059,0.306766917293233,0.324159021406728,0.329286798179059,1,0.320668693009119,0.319148936170213,0.574102964118565,1,0.851226993865031,1,0,1,0.333827893175074,1,1,0.426646706586826,0.998505231689088,0.33179012345679,1,0.316998468606432,0.309230769230769,0.323262839879154,1,1,0.328313253012048,0.401883830455259,0.61178247734139,0.315301391035549,1,1,1,0.328638497652582,1,0.220211161387632,1,1,1,1,0.332339791356185,1,0.32120253164557,0.340490797546012,0.670731707317073,0.313084112149533,1,0.328787878787879,0.326347305389222,0.324451410658307,1,0.312130177514793,1,0.327433628318584,0.484802431610942,0.329803328290469,0.33125,0.31859756097561,1,0.326625386996904,0.308641975308642,1,1,0.328808446455505,0.31570996978852,1,0.484351713859911,0.317972350230415,0.337899543378995,0.338805970149254,0.672754946727549,1,0.297674418604651,1,0.427018633540373,0.312788906009245,0,0.875187969924812,0.322981366459627,0.329770992366412,0,0.0352220520673813,0.98297213622291,0.319148936170213,1,0.32,0.32753164556962,1,0.331825037707391,0.319018404907975,0.664624808575804,1,0.328746177370031,0.328746177370031,1,0.321804511278195,0.312401883830455,1,0.350375939849624,0.319938176197836,0.324850299401198,0.342064714946071,0.787692307692308,1,0.979969183359014,1,1,0.00153609831029186,1,0.995522388059702,1,0.429223744292237,0.996904024767802,0.312312312312312,0.995495495495496,0.338931297709924,0.996992481203008,0.600890207715134,0.617691154422789,0.327380952380952,0.313813813813814,0.63963963963964,0.316923076923077,0,0.625757575757576,0.67687595712098,0.327327327327327,0.00152671755725191,0.320300751879699,0.306427503736921,0.781538461538462,0.334351145038168,0.674311926605505,0.590266875981162,0.332307692307692,0.329323308270677,0.309451219512195,1,0.0260869565217391,0,0.327327327327327,0.337878787878788,0.341317365269461,1,0.345565749235474,0.325227963525836,1,0.317220543806647,0.935483870967742,0.561430793157076,1,1,0.995215311004785,0.325373134328358,0.597597597597598,0.329850746268657,0.318611987381703,0.319634703196347,0.429429429429429,1,0.320061255742726,1,0.330218068535826,0.326717557251908,1,0.325,1,0.331797235023041,1,1,0.326717557251908,0,1,0.333333333333333,1,0.56838905775076,1,0.510542168674699,1,0.566820276497696,1,0.325617283950617,1,1,1,0.318042813455657,0.331782945736434,0.322916666666667,0.355694227769111,0.348101265822785,0.316109422492401,1,0.32781954887218,1,1,0.330781010719755,0.327160493827161,0.324483775811209,0.391705069124424,0.33134328358209,1,1,0.332330827067669,0.331269349845201,0.616692426584235,0.581143740340031,0.317484662576687,0.327131782945736,1,0.313343328335832,0.321958456973294,0.996937212863706,0.315372424722662,0.311746987951807,0,0.143283582089552,0.326687116564417,0.669106881405564,0.323574730354391,0.328808446455505,0.5952023988006,1,0.318112633181126,1,0.323619631901841,0.354391371340524,0.320726172465961,0.470059880239521,0.320433436532508,1,0.327245053272451,0.325115562403698,0.33695652173913,0.685157421289355,1,0.329173166926677,0.330827067669173,0,0.331825037707391,0.998498498498498,0.95166163141994,1,0.328767123287671,0.326807228915663,0.319508448540707,0.576980568011958,1,0.586046511627907,0.340557275541796,1,1,0.966717095310136,0.66412213740458,0.331804281345566,0.365443425076453,0.334351145038168,0.326865671641791,1,1,0.519142419601838,0.624048706240487,1,1,0.998487140695915,0.683544303797468,1,0.329850746268657,0.677760968229955,1,0.332826747720365,0.32375189107413,0.327769347496206,0.997001499250375,1,0.632911392405063,0.333841463414634,1,1,0.332835820895522,0.321266968325792,0.998477929984779,0,0.324574961360124,0.31859756097561,0.00619195046439629,0.3202416918429,1,0.318252730109204,1,0.146747352496218,0,0.910162002945508,0.332829046898638,1,1,0,0.00148809523809524,0.328313253012048,1,0.315870570107858,0.997014925373134,0.317829457364341,1,0.998435054773083,0.96177370030581,0.782805429864253,1,1,0.00455927051671732,1,0.524691358024691,0.334876543209877,0.659606656580938,0.335375191424196,1,0.313935681470138,0.672672672672673,1,1,0.323529411764706,0.605571847507331,0.33034379671151,0.582434514637905,0.97239263803681,0.338957055214724,0.598484848484849,0.0120663650075415,0.320610687022901,0.327272727272727,0.326409495548961,1,0.625,0.313636363636364,0.881638846737481,0.581143740340031,0.962852897473997,1,1,0.321156773211568,0.344086021505376,0.32093023255814,0.320668693009119,0.320300751879699,0.611521418020679,0.317979197622585,0,0.666182873730044,0.998489425981873,0.332317073170732,0.314152410575428,0.327044025157233,0.33134328358209,0.596676737160121,1,0.340329835082459,0.340425531914894,0.348982785602504,0.329787234042553,0.32396449704142,0.313935681470138,0.198821796759941,0.673846153846154,0.330745341614907,0.601190476190476,1,0.24390243902439,0.3267776096823,0.917956656346749,1,1,0.315548780487805,0.625189681335357,1,0.32089552238806,0.30757341576507,0.952453987730061,1,1,0.996875,0.326807228915663,1,1,0.906832298136646,1,0.351351351351351,1,0.582945736434109,1,0.656580937972769,0.321044546850998,0.594761171032357,1,1,0.992283950617284,0.328808446455505,0.331334332833583,0.330203442879499,0.324242424242424,0.331240188383046,0.3296875,0.982785602503912,0.320182094081942,1,1,0.724397590361446,0,0.322388059701493,0.321804511278195,0.668135095447871,1,0.563636363636364,0.328888888888889,0.639393939393939,0.325190839694657,0.334375,1,0.318818040435459,0.327503974562798,0.707165109034268,0.911532385466035,0.330409356725146,0.5984375,0.572307692307692,0.331818181818182,0.335394126738794,0.303076923076923,0.588414634146341,0.672256097560976,1,0.885844748858447,1,0.661218424962853,0.996937212863706,0.582159624413146,0.329803328290469,0.328682170542636,1,1,0.429663608562691,0.99390243902439,0.998500749625187,1,0.319508448540707,0.333834586466165,1,0.323054331864905,0.674626865671642,0.332307692307692,0.449386503067485,0.311526479750779,0,0.316816816816817,1,1,0.585438335809807,0.00151975683890578,0.339939024390244,0.327718223583461,0.106544901065449,0.424528301886792,1,1,0.3202416918429,1,0.417818740399386,1,0.334808259587021,0.585218702865762,0.326717557251908,0.326251896813354,1,0,1,0.316846986089645,0.329738058551618,1,1,1,0.448540706605223,1,0.327300150829563,0.604790419161677,0.331325301204819,0.333333333333333,0.00151057401812689,0.0412844036697248,1,0.615384615384615,1,0.329819277108434,0.333333333333333,1,1,0.168437025796662,0.31784107946027,1,0.902222222222222,1,0.334323922734027,0.201863354037267,0.661676646706587,1,1,1,1,1,0.288888888888889,0.310344827586207,1,0.124804992199688,0.00153609831029186,0.443768996960486,0,0.331811263318113,1,0.671802773497689,1,1,0.891402714932127,1,0.674107142857143,1,1,1,1
"344",1,1,1,1,1,1,0.704838709677419,1,1,0.0992,1,0.0506329113924051,0.814516129032258,1,0.302737520128824,0.30298273155416,0.0722135007849294,0.694533762057878,1,1,0.277511961722488,0.3125,1,0.156985871271586,1,0.314641744548287,0.309061488673139,1,1,0.784126984126984,0.302362204724409,0.735433070866142,0.968404423380727,0.304897314375987,0,1,0.542553191489362,1,0.289193302891933,1,0.675590551181102,0.687598116169545,0.697530864197531,1,1,0.313001605136437,0.304821150855365,0.295839753466872,0.308176100628931,0.316692667706708,0,1,0.299531981279251,1,1,0.5,0.558359621451104,1,1,1,0.318037974683544,0.312202852614897,0.307936507936508,0.696682464454976,1,1,0.0427892234548336,1,0.0625954198473282,0.310664605873261,1,0.312599681020734,0.321895424836601,0.967479674796748,0.503875968992248,1,0.292117465224111,0.321981424148607,1,0.305331179321486,0.0882825040128411,0.323717948717949,0.318037974683544,1,0.329192546583851,1,1,1,1,0.698461538461538,1,1,0.00155763239875389,0.107361963190184,1,0.0518292682926829,0,1,0.562197092084006,0.682965299684543,1,0.0576,0.311811023622047,1,0.30379746835443,1,0.695447409733124,1,0.304761904761905,0.315625,0.305900621118012,1,0.314553990610329,1,0.488408037094281,1,0.305511811023622,0.307210031347962,0.322033898305085,0.312302839116719,0.479365079365079,0.998430141287284,0.309486780715397,0.309904153354633,1,0.288401253918495,1,1,0.338050314465409,0.543913713405239,1,0.304416403785489,1,0.0500758725341426,1,0.308868501529052,0.681889763779528,0.314553990610329,0.927444794952681,0.423645320197044,0.1056,0.100158982511924,1,1,0.323763955342903,1,0.311649016641452,1,0.802507836990596,1,0.3136,1,1,1,1,0.32120253164557,1,0.314424635332253,0.257097791798107,1,0.301075268817204,1,0.295886075949367,0.0901898734177215,1,0.304140127388535,1,1,1,0.31937984496124,1,0.32120253164557,1,0.301109350237718,1,0.302694136291601,0.0829420970266041,1,0.644844517184943,1,1,0.302250803858521,1,1,1,1,0.318541996830428,0.306278713629403,1,0.998422712933754,0.302611367127496,0.3,1,0.448062015503876,0.675384615384615,0,0.303937007874016,0.678233438485804,1,0.3140625,1,0.998454404945904,1,0.305863708399366,0.307219662058372,0.314194577352472,1,1,1,0,1,0.303656597774245,0.971698113207547,0.316614420062696,0.300469483568075,0.735524256651017,1,1,1,1,1,0.0507131537242472,0.302694136291601,0.313664596273292,1,0.68380062305296,1,1,1,0.998454404945904,1,1,0.0046801872074883,0.321266968325792,1,0.300955414012739,1,0.2859375,1,1,1,1,1,0.31496062992126,1,0.506329113924051,0.315372424722662,0.313664596273292,0.2992,0.308661417322835,0.323343848580442,0.4185303514377,0.315286624203822,0.304075235109718,0.304821150855365,1,0.3198127925117,1,0.692901234567901,0.300314465408805,0.322033898305085,0.322222222222222,1,1,1,0.258620689655172,0.306729264475743,1,0.308917197452229,0.320987654320988,0.303937007874016,0.312401883830455,0.684867394695788,1,0.308755760368664,0.315047021943574,1,0.296774193548387,1,0.299689440993789,0.301109350237718,1,1,1,0.537735849056604,1,0.689547581903276,0.0895295902883156,0.308056872037915,1,1,0.0969230769230769,0.309636650868878,0.318979266347687,1,1,0.296062992125984,0.0284810126582278,0.00321543408360129,1,1,0.327718223583461,0.9984375,1,0.307332293291732,1,1,0.304552590266876,1,1,1,1,0.316957210776545,0.297380585516179,0.321951219512195,1,1,0.679245283018868,0.301109350237718,1,0.31104199066874,0.289348171701113,1,1,0.998439937597504,1,1,0.31496062992126,1,1,0.109500805152979,0.328593996840442,0.485714285714286,0.292259083728278,0.674603174603175,0.3109375,1,0.303514376996805,0.323809523809524,0.258164852255054,0.304953560371517,1,0.316998468606432,1,1,1,0.299373040752351,0.309636650868878,0.998427672955975,0.921182266009852,0.0691318327974277,1,0.303125,0.318611987381703,0.302250803858521,1,0.322981366459627,0.468454258675079,0.314375987361769,0.300787401574803,0.301612903225806,0.30188679245283,1,0.314606741573034,1,1,0,1,0.310725552050473,1,1,1,0.322683706070288,1,0.306451612903226,1,0.837245696400626,1,1,1,0.309486780715397,1,1,0.305164319248826,0.303738317757009,1,1,0.299065420560748,0.186728395061728,1,0.998454404945904,1,0,0.306836248012719,1,0.298273155416013,0.247208931419458,1,0.6890625,0.431221020092736,1,1,0.687975646879756,0.709320695102686,0.337078651685393,1,0.298578199052133,1,1,0.326594090202177,1,0.998417721518987,0.0095389507154213,0.315625,1,1,0.306709265175719,1,1,0.291866028708134,0.338006230529595,1,1,1,0.534267912772586,0.305993690851735,0.3375,0.306748466257669,0.321766561514196,0.699685534591195,0.317683881064163,0.310015898251192,0.305900621118012,0.250396196513471,0.310015898251192,1,0.310872894333844,0.998394863563403,0.311708860759494,0.0882800608828006,0.0583717357910906,1,1,0.04375,1,0.691950464396285,0.0471698113207547,0.0144927536231884,1,0.69375,1,1,0.534072900158479,1,0,0.0805152979066023,1,1,1,0.307570977917981,0.657056145675266,0.695934959349593,0.992138364779874,1,0.984350547730829,0.2984375,0.336507936507937,1,0.2976,1,0.370253164556962,0.102893890675241,0.295418641390205,0.310077519379845,0.320945945945946,1,0.0847457627118644,1,1,1,0.261275272161742,0.313821138211382,1,0.306962025316456,1,1,0.301092043681747,1,0.315467075038285,1,0.308917197452229,0.30829420970266,1,0.685393258426966,0.306990881458967,1,0.298245614035088,0.769230769230769,0.31039755351682,0.162287480680062,0.312788906009245,0.776729559748428,0.301127214170692,1,0.312597200622084,0.32398753894081,0.286821705426357,1,1,1,0.968954248366013,0.353135313531353,1,0.319805194805195,1,0.304635761589404,0.308868501529052,1,1,1,0.912280701754386,1,0.299236641221374,0.313271604938272,1,1,0.0509554140127389,0.0884676145339652,1,1,0.303174603174603,1,1,0.297805642633229,1,1,0.683385579937304,0.537519142419602,1,0,1,1,0.1046875,0.311912225705329,1,0.309859154929577,0.998417721518987,0.961661341853035,0.998427672955975,0.824806201550388,1,0.320785597381342,1,1,1,0,0.304065040650407,1,1,0.685624012638231,1,0.311728395061728,0.357142857142857,0.313880126182965,1,1,1,0.0934150076569678,0.305426356589147,0.0957792207792208,0.998427672955975,0.299065420560748,0.296583850931677,0.346564885496183,0,1,0.952305246422893,1,1,0.313099041533546,0.294027565084227,0.160883280757098,0.0421875,0.31104199066874,0.300314465408805,0.316358024691358,0.00157977883096367,0.308049535603715,1,0,0.313846153846154,1,1,1,0.306976744186047,0.314814814814815,0.0390243902439024,1,0.306836248012719,0.302936630602782,1,1,0.303937007874016,0.706754530477759,1,1,0.694753577106518,1,0.297213622291022,1,0.309006211180124,0.526153846153846,0.676425269645609,0.401215805471125,1,0.289676425269646,0.309375,0.686244204018547,0.6796875,1,0.30757341576507,1,0.314503816793893,1,0.307936507936508,0.299363057324841,0.334905660377358,0.512383900928793,0.302100161550889,0.297637795275591,0.675968992248062,0.306603773584906,0.154351395730706,1,0,1,0.281150159744409,1,0,0.310618066561014,0.299837925445705,1,0.0614692653673163,1,0.087719298245614,0.33596214511041,1,0.0675039246467818,0.675548589341693,1,1,1,0.300653594771242,0.0445468509984639,1,0.417322834645669,0.104,0.343213728549142,0.310452418096724,0.313755795981453,1,1,1,1,1,0.0691244239631336,0.996899224806202,0.697347893915757,0.00460829493087558,0.310236220472441,1,1,1,1,0.0870917573872473,0.303125,1,1,1,1,1,1,0.486943164362519,0.0016260162601626,1,0.0917573872472784,0.303317535545024,0.44006309148265,1,0.390127388535032,0.298187808896211,0.305993690851735,1,0.046583850931677,0.308411214953271,1,1,0.364516129032258,0.302936630602782,0.302034428794992,0.309446254071661,0.998461538461539,0.309033280507132,0.304761904761905,0.409582689335394,0.304278922345483,0.97196261682243,0.310872894333844,0.0868167202572347,0.314285714285714,0,1,0.090032154340836,0.302839116719243,0.315789473684211,0.310509554140127,1,1,1,1,1,1,0.329052969502408,1,0.305511811023622,0.306291390728477,0.600308641975309,0.6875,1,1,0,0.30381679389313,0.117739403453689,0.998463901689708,0.041335453100159,1,1,0.306477093206951,1,1,0.626794258373206,0.410130718954248,0.99702380952381,0.0832,0.0995184590690209,1,1,1,0.0927672955974843,0,0.306501547987616,0.41390205371248,0.305343511450382,0,0.313504823151125,0.0914927768860353,1,1,0.307692307692308,0.309859154929577,0.244865718799368,0.32,0.302469135802469,0.309636650868878,1,1,0.316211878009631,1,0,1,0.224683544303797,1,0.683385579937304,1,0.304147465437788,0.2912,0.0807453416149068,0.684044233807267,1,1,0.782131661442006,0.894563426688633,0.312698412698413,0.31139646869984,1,0.304416403785489,0.255924170616114,0.311183144246353,1,0.107361963190184,1,1,0.307936507936508,0.694174757281553,0.305466237942122,1,1,0.293394777265745,0.298273155416013,0.307219662058372,0.86031746031746,0.302737520128824,1,0.0601851851851852,1,1,0.710485133020344,0.65818759936407,0.311582381729201,0.0592823712948518,0.319314641744548,1,1,0.299212598425197,0.321656050955414,0.618604651162791,1,0.303215926493109,0.364779874213836,0.304012345679012,0.984615384615385,0.481717011128776,0.00469483568075117,0.290880503144654,0.318885448916409,0.320126782884311,0.304625199362041,0.313935681470138,0.967441860465116,1,0.305511811023622,0.551554828150573,0.689710610932476,0.235759493670886,0.691176470588235,1,0.316037735849057,0.00159744408945687,0.316455696202532,0.301857585139319,0.352755905511811,0.311290322580645,0,0.32182103610675,0.310064935064935,0.309677419354839,0.311627906976744
"345",1,1,1,1,1,1,0.721780604133545,1,1,0.0977564102564103,1,0.044478527607362,0.810725552050473,1,0.304625199362041,0.2875,0.0624048706240487,0.698717948717949,1,1,0.283018867924528,0.294303797468354,1,0.154088050314465,1,0.307453416149068,0.303030303030303,1,1,0.787878787878788,0.305343511450382,0.733124018838305,0.963836477987421,0.302325581395349,0,1,0.550632911392405,1,0.285280728376328,1,0.680314960629921,0.69826224328594,0.702492211838006,1,1,0.3042071197411,0.296296296296296,0.298780487804878,0.304212168486739,0.31619937694704,0,1,0.304821150855365,1,1,0.492012779552716,0.567567567567568,1,1,1,0.321483771251932,0.305164319248826,0.299363057324841,0.690966719492868,1,1,0.0350877192982456,1,0.0582959641255605,0.305084745762712,1,0.306376360808709,0.306188925081433,0.967845659163987,0.523584905660377,1,0.294298921417565,0.31733746130031,1,0.306946688206785,0.0907617504051864,0.307073954983923,0.31201248049922,1,0.326018808777429,1,1,1,1,0.70404984423676,1,1,0.0015527950310559,0.1046875,1,0.0475460122699387,0,1,0.572815533980582,0.692431561996779,1,0.0533751962323391,0.295133437990581,1,0.299684542586751,1,0.702954898911353,1,0.300157977883096,0.303125,0.305084745762712,1,0.309033280507132,1,0.493808049535604,1,0.292379471228616,0.301242236024845,0.310136157337368,0.295774647887324,0.486024844720497,0.998432601880878,0.305900621118012,0.299679487179487,1,0.294573643410853,1,1,0.330246913580247,0.532307692307692,1,0.302066772655008,1,0.0426829268292683,1,0.305084745762712,0.686520376175549,0.316614420062696,0.932496075353218,0.416666666666667,0.101748807631161,0.0971786833855799,1,1,0.318611987381703,1,0.299236641221374,1,0.806201550387597,1,0.30655737704918,1,1,1,1,0.319554848966614,1,0.308917197452229,0.2557781201849,1,0.297213622291022,1,0.287949921752739,0.084375,1,0.291600633914422,1,1,1,0.323619631901841,1,0.30564263322884,1,0.288888888888889,1,0.304416403785489,0.0737833594976452,1,0.65089722675367,1,1,0.299684542586751,1,1,1,1,0.311811023622047,0.299382716049383,1,0.998427672955975,0.304482225656878,0.297906602254428,1,0.448698315467075,0.677321156773212,0,0.300157977883096,0.685126582278481,1,0.301710730948678,1,0.998456790123457,1,0.302034428794992,0.303875968992248,0.308562197092084,1,1,1,0,1,0.294488188976378,0.973312401883831,0.306836248012719,0.288643533123028,0.743076923076923,1,1,1,1,1,0.046031746031746,0.303514376996805,0.30625,1,0.696594427244582,1,1,0.998430141287284,0.9984375,1,1,0.00460829493087558,0.321044546850998,1,0.296,1,0.291472868217054,1,1,1,1,1,0.309968847352025,1,0.502392344497608,0.301916932907348,0.30568356374808,0.292332268370607,0.307692307692308,0.311501597444089,0.408945686900958,0.30952380952381,0.300623052959502,0.302003081664099,1,0.30188679245283,1,0.706336939721793,0.295774647887324,0.317629179331307,0.319554848966614,1,1,1,0.258730158730159,0.295665634674923,1,0.305164319248826,0.310291858678955,0.300787401574803,0.304615384615385,0.695102685624013,1,0.311627906976744,0.304487179487179,1,0.281098546042003,1,0.291021671826625,0.299684542586751,1,1,1,0.543613707165109,1,0.705511811023622,0.0834597875569044,0.305164319248826,1,1,0.0964230171073095,0.301684532924962,0.314194577352472,1,1,0.290880503144654,0.0265210608424337,0.00316455696202532,1,1,0.313364055299539,0.998439937597504,1,0.301242236024845,1,1,0.299373040752351,1,1,1,1,0.312796208530806,0.296923076923077,0.317152103559871,1,1,0.68266253869969,0.291139240506329,1,0.302469135802469,0.284375,1,1,0.998417721518987,1,1,0.304975922953451,1,1,0.104333868378812,0.319571865443425,0.476340694006309,0.290824261275272,0.687203791469194,0.302325581395349,1,0.288188976377953,0.308426073131955,0.256568778979907,0.306278713629403,1,0.309230769230769,1,1,1,0.299689440993789,0.307219662058372,0.998435054773083,0.92671009771987,0.0643086816720257,1,0.291858678955453,0.3056,0.294952681388013,1,0.315629742033384,0.47244094488189,0.312111801242236,0.293846153846154,0.301765650080257,0.287974683544304,1,0.3008,1,1,0,1,0.30622009569378,1,1,1,0.309262166405024,1,0.298887122416534,1,0.841368584758942,1,1,1,0.301092043681747,1,1,0.300787401574803,0.299531981279251,1,1,0.300623052959502,0.186728395061728,1,0.998435054773083,1,0,0.300319488817891,1,0.293563579277865,0.248025276461295,1,0.692307692307692,0.429447852760736,1,1,0.691842900302115,0.717219589257504,0.330188679245283,1,0.303459119496855,1,1,0.312302839116719,1,0.998397435897436,0.00930232558139535,0.311424100156495,1,1,0.3072,1,1,0.284578696343402,0.33953488372093,1,1,1,0.518633540372671,0.29153605015674,0.326530612244898,0.309774436090226,0.316535433070866,0.702194357366771,0.314241486068111,0.316118935837246,0.304482225656878,0.244479495268139,0.305466237942122,1,0.308282208588957,0.998442367601246,0.306976744186047,0.0873493975903614,0.0499219968798752,1,1,0.040625,1,0.695652173913043,0.0410742496050553,0.0141065830721003,1,0.692307692307692,1,1,0.534920634920635,1,0,0.0716612377850163,1,1,1,0.312101910828025,0.663650075414781,0.709150326797386,0.993779160186625,1,0.982731554160126,0.287949921752739,0.34488188976378,1,0.288643533123028,1,0.356697819314642,0.103448275862069,0.292117465224111,0.302611367127496,0.32013201320132,1,0.0789473684210526,1,1,1,0.262751159196291,0.30503144654088,1,0.305511811023622,1,1,0.293846153846154,1,0.308623298033283,1,0.294025157232704,0.307814992025518,1,0.692789968652038,0.302752293577982,1,0.287758346581876,0.764612954186414,0.299079754601227,0.158778625954198,0.304084720121029,0.772230889235569,0.2976,1,0.311424100156495,0.323029366306028,0.282170542635659,1,1,1,0.972712680577849,0.348534201954397,1,0.305993690851735,1,0.307817589576547,0.307453416149068,1,1,1,0.921135646687697,1,0.290123456790123,0.30521472392638,1,1,0.0524642289348172,0.0794912559618442,1,1,0.296825396825397,1,1,0.2953125,1,1,0.696261682242991,0.534456355283308,1,0,1,1,0.0984615384615385,0.313291139240506,1,0.305772230889236,0.998449612403101,0.965189873417722,0.998417721518987,0.827639751552795,1,0.306818181818182,1,1,1,0,0.289389067524116,1,1,0.692429022082019,1,0.297805642633229,0.353488372093023,0.302547770700637,1,1,1,0.0903522205206738,0.306709265175719,0.0870967741935484,0.998422712933754,0.294851794071763,0.291666666666667,0.331775700934579,0,1,0.954330708661417,1,1,0.303656597774245,0.29249617151608,0.154704944178628,0.0425196850393701,0.304347826086957,0.295133437990581,0.30503144654088,0.00161030595813205,0.292452830188679,1,0,0.299065420560748,1,1,1,0.303875968992248,0.30757341576507,0.034257748776509,1,0.300153139356815,0.291277258566978,1,1,0.304552590266876,0.712903225806452,1,1,0.698738170347003,1,0.295839753466872,1,0.30503144654088,0.536661466458658,0.690402476780186,0.393568147013783,1,0.279320987654321,0.299373040752351,0.698142414860681,0.683641975308642,1,0.305164319248826,1,0.3125,1,0.305379746835443,0.291600633914422,0.341692789968652,0.510971786833856,0.305379746835443,0.294952681388013,0.676145339652449,0.302180685358255,0.147011308562197,1,0,1,0.283227848101266,1,0,0.307692307692308,0.296178343949045,1,0.0559757942511346,1,0.0853080568720379,0.327476038338658,1,0.0678233438485804,0.686520376175549,1,1,1,0.29951690821256,0.0403726708074534,1,0.427230046948357,0.0940988835725678,0.346036585365854,0.313846153846154,0.312788906009245,1,1,1,1,1,0.0651515151515152,0.995391705069124,0.705426356589147,0.00453857791225416,0.304012345679012,1,1,1,1,0.088785046728972,0.295031055900621,1,1,1,1,1,1,0.491551459293395,0.00157977883096367,1,0.0800627943485086,0.308426073131955,0.43701399688958,1,0.388178913738019,0.297520661157025,0.29595015576324,1,0.0375,0.305295950155763,1,1,0.359677419354839,0.297213622291022,0.291079812206573,0.29903536977492,0.998435054773083,0.313195548489666,0.307453416149068,0.404024767801858,0.3,0.972093023255814,0.302469135802469,0.0833333333333333,0.307453416149068,0,1,0.0878594249201278,0.298887122416534,0.307086614173228,0.307448494453249,1,1,1,1,1,1,0.311501597444089,1,0.303937007874016,0.306291390728477,0.596302003081664,0.694620253164557,1,1,0,0.303215926493109,0.119565217391304,0.998463901689708,0.0346456692913386,1,1,0.304761904761905,1,1,0.615015974440895,0.400974025974026,0.995502248875562,0.0803149606299213,0.0961538461538462,1,1,1,0.0879120879120879,0,0.302003081664099,0.411023622047244,0.30568356374808,0,0.310509554140127,0.0838709677419355,1,1,0.305555555555556,0.302936630602782,0.247261345852895,0.316639741518578,0.296754250386399,0.310077519379845,1,1,0.317683881064163,1,0,1,0.225552050473186,1,0.689274447949527,1,0.3,0.283891547049442,0.0743034055727554,0.683001531393568,1,1,0.796208530805687,0.893203883495146,0.298904538341158,0.3024,1,0.299843014128728,0.261345852895149,0.307936507936508,1,0.102325581395349,1,1,0.305164319248826,0.702093397745572,0.304552590266876,1,1,0.286384976525822,0.291217257318952,0.305343511450382,0.851968503937008,0.296,1,0.0529595015576324,1,1,0.714285714285714,0.659340659340659,0.306320907617504,0.0580847723704867,0.308426073131955,1,1,0.296124031007752,0.311605723370429,0.637071651090343,1,0.287267080745342,0.356481481481481,0.287713841368585,0.986046511627907,0.476190476190476,0.00469483568075117,0.290372670807453,0.312883435582822,0.317535545023697,0.289389067524116,0.297090352220521,0.97191887675507,1,0.299689440993789,0.562805872756933,0.697784810126582,0.2359375,0.70935960591133,1,0.310618066561014,0.00157728706624606,0.312302839116719,0.291993720565149,0.350152905198777,0.3,0,0.319938176197836,0.305379746835443,0.306836248012719,0.295774647887324
"346",1,1,1,1,1,1,0.71405750798722,1,1,0.106518282988871,1,0.0460829493087558,0.805379746835443,1,0.305863708399366,0.306376360808709,0.0676923076923077,0.688925081433225,1,1,0.285491419656786,0.300632911392405,1,0.164341085271318,1,0.316030534351145,0.312597200622084,1,1,0.775157232704403,0.299539170506912,0.712074303405573,0.967592592592593,0.305426356589147,0,1,0.534456355283308,1,0.299698795180723,1,0.667706708268331,0.685271317829457,0.704204204204204,1,1,0.31637519872814,0.308777429467085,0.307692307692308,0.319634703196347,0.315068493150685,0,1,0.308868501529052,1,1,0.481946624803768,0.564873417721519,1,1,1,0.326186830015314,0.310725552050473,0.312989045383412,0.68944099378882,1,1,0.0375,1,0.0582089552238806,0.316030534351145,1,0.311349693251534,0.308917197452229,0.96998420221169,0.514592933947773,1,0.305810397553517,0.328746177370031,1,0.314194577352472,0.0893141945773525,0.324574961360124,0.32,1,0.332824427480916,1,1,1,1,0.697063369397218,1,1,0.00156739811912226,0.110599078341014,1,0.048411497730711,0,1,0.568471337579618,0.684627575277338,1,0.0555555555555556,0.311912225705329,1,0.3046875,1,0.693023255813954,1,0.315467075038285,0.313364055299539,0.312977099236641,1,0.316109422492401,1,0.48,1,0.311248073959938,0.296520423600605,0.31866464339909,0.315870570107858,0.4734375,1,0.316590563165906,0.307692307692308,1,0.299236641221374,1,1,0.32,0.544494720965309,1,0.311526479750779,1,0.0449775112443778,1,0.309341500765697,0.682588597842835,0.326594090202177,0.932098765432099,0.436392914653784,0.106481481481481,0.102325581395349,1,1,0.326053042121685,1,0.312024353120244,1,0.796969696969697,1,0.315047021943574,1,1,1,1,0.328025477707006,1,0.310452418096724,0.257716049382716,1,0.299694189602446,1,0.291858678955453,0.0897637795275591,1,0.311627906976744,1,1,1,0.322727272727273,1,0.322981366459627,1,0.304147465437788,1,0.3140625,0.0784615384615385,1,0.651050080775444,1,1,0.309597523219814,1,1,1,1,0.316436251920123,0.300911854103343,1,1,0.309309309309309,0.304140127388535,1,0.443932411674347,0.680534918276374,0,0.313664596273292,0.682170542635659,1,0.317073170731707,1,1,1,0.316770186335404,0.318250377073906,0.318327974276527,1,1,1,0,1,0.306962025316456,0.972350230414747,0.323390894819466,0.312597200622084,0.743161094224924,1,1,1,1,1,0.0463678516228748,0.318110236220472,0.314900153609831,1,0.686453576864536,1,1,0.998452012383901,1,1,1,0.00459418070444104,0.313636363636364,1,0.297169811320755,1,0.295839753466872,1,1,1,1,1,0.321044546850998,1,0.506329113924051,0.316358024691358,0.317073170731707,0.305426356589147,0.309968847352025,0.328149300155521,0.414012738853503,0.323076923076923,0.303543913713405,0.304482225656878,1,0.31201248049922,1,0.693572496263079,0.307110438729198,0.309451219512195,0.323390894819466,1,1,1,0.258114374034003,0.310664605873261,1,0.309262166405024,0.326283987915408,0.306976744186047,0.317484662576687,0.689922480620155,1,0.313455657492355,0.310185185185185,1,0.291798107255521,1,0.304477611940298,0.305084745762712,1,1,1,0.539877300613497,1,0.689230769230769,0.0880597014925373,0.314152410575428,1,1,0.100763358778626,0.317829457364341,0.319047619047619,1,1,0.300763358778626,0.0262345679012346,0.00316957210776545,1,1,0.331818181818182,0.998442367601246,1,0.306748466257669,1,1,0.311728395061728,1,1,1,1,0.321538461538462,0.30316742081448,0.32695374800638,1,1,0.683720930232558,0.313664596273292,1,0.307339449541284,0.29393468118196,1,1,1,1,1,0.316436251920123,1,1,0.114104595879556,0.327769347496206,0.486739469578783,0.296998420221169,0.6796875,0.311550151975684,1,0.30188679245283,0.330232558139535,0.266666666666667,0.311844077961019,1,0.323262839879154,1,1,1,0.309597523219814,0.315217391304348,1,0.922222222222222,0.0667701863354037,1,0.302325581395349,0.311811023622047,0.304416403785489,1,0.324200913242009,0.46749226006192,0.317262830482115,0.308049535603715,0.305993690851735,0.300613496932515,1,0.318979266347687,1,1,0,1,0.310452418096724,1,1,1,0.314241486068111,1,0.310618066561014,1,0.828483920367534,1,1,1,0.307692307692308,1,1,0.305295950155763,0.306278713629403,1,1,0.307692307692308,0.194610778443114,1,1,1,0,0.309748427672956,1,0.302431610942249,0.253918495297806,1,0.679566563467492,0.429864253393665,1,1,0.687593423019432,0.699376947040498,0.338461538461538,1,0.318181818181818,1,1,0.325038880248834,1,1,0.00934579439252336,0.31924882629108,1,1,0.317683881064163,1,1,0.3015625,0.327300150829563,1,1,1,0.527047913446677,0.301391035548686,0.340062111801242,0.306646525679758,0.32398753894081,0.692546583850932,0.31859756097561,0.319685039370079,0.306748466257669,0.240740740740741,0.310126582278481,1,0.312121212121212,1,0.307339449541284,0.0894187779433681,0.0518292682926829,1,1,0.0398773006134969,1,0.69311377245509,0.0464396284829721,0.013953488372093,1,0.681538461538462,1,1,0.551020408163265,1,0,0.0754414125200642,1,1,1,0.316118935837246,0.657856093979442,0.6912,0.992389649923896,1,0.984423676012461,0.29393468118196,0.333333333333333,1,0.300314465408805,1,0.366153846153846,0.109375,0.299539170506912,0.313636363636364,0.330049261083744,1,0.081447963800905,1,1,1,0.262518968133536,0.311424100156495,1,0.312597200622084,1,1,0.30781010719755,1,0.324963072378139,1,0.307210031347962,0.312796208530806,1,0.684044233807267,0.303951367781155,1,0.304821150855365,0.754276827371695,0.303625377643505,0.161094224924012,0.313161875945537,0.765696784073507,0.297339593114241,1,0.313755795981453,0.332822085889571,0.280674846625767,1,1,1,0.968203497615262,0.33868378812199,1,0.3168,1,0.31687898089172,0.312883435582822,1,1,1,0.919504643962848,1,0.305007587253414,0.308980213089802,1,1,0.0501567398119122,0.0875,1,1,0.301412872841444,1,1,0.3,1,1,0.682027649769585,0.535168195718654,1,0,1,1,0.104633781763827,0.315707620528771,1,0.317829457364341,1,0.965408805031447,1,0.815384615384615,1,0.319554848966614,1,1,1,0,0.308306709265176,1,1,0.675384615384615,1,0.316692667706708,0.352307692307692,0.31437125748503,1,1,1,0.0995475113122172,0.317034700315457,0.0937996820349762,1,0.30781010719755,0.296923076923077,0.350453172205438,0,1,0.956989247311828,1,1,0.317757009345794,0.302710843373494,0.1609375,0.0388198757763975,0.316770186335404,0.307453416149068,0.323170731707317,0.0015625,0.308641975308642,1,0,0.322239031770045,1,1,1,0.311550151975684,0.317220543806647,0.035031847133758,1,0.308641975308642,0.298621745788668,1,1,0.312989045383412,0.694041867954911,1,1,0.702954898911353,1,0.300604229607251,1,0.317901234567901,0.526153846153846,0.672307692307692,0.399698340874811,1,0.294029850746269,0.310291858678955,0.681114551083591,0.670731707317073,1,0.315233785822021,1,0.315946348733234,1,0.31055900621118,0.304278922345483,0.33843797856049,0.513595166163142,0.312698412698413,0.301412872841444,0.67398119122257,0.308755760368664,0.158653846153846,1,0,1,0.284375,1,0,0.314641744548287,0.312302839116719,1,0.0576923076923077,1,0.0904836193447738,0.338028169014085,1,0.067175572519084,0.675925925925926,1,1,1,0.303656597774245,0.0421686746987952,1,0.417956656346749,0.103286384976526,0.346326836581709,0.310769230769231,0.31306990881459,1,1,1,1,1,0.0654490106544901,0.998482549317147,0.685800604229607,0.00443786982248521,0.318461538461538,1,1,1,1,0.0883720930232558,0.313725490196078,1,1,1,1,1,1,0.480243161094225,0.00157728706624606,1,0.0873493975903614,0.318529862174579,0.430981595092025,1,0.384493670886076,0.30016051364366,0.301391035548686,1,0.039453717754173,0.307692307692308,1,1,0.36650868878357,0.30568356374808,0.300613496932515,0.310126582278481,1,0.321711568938193,0.313271604938272,0.412974683544304,0.313291139240506,0.973094170403587,0.305847076461769,0.0871632329635499,0.322530864197531,0,1,0.089622641509434,0.306853582554517,0.308868501529052,0.309486780715397,1,1,1,1,1,1,0.321766561514196,1,0.308282208588957,0.305555555555556,0.593939393939394,0.688854489164087,1,1,0,0.308270676691729,0.12037037037037,1,0.0374414976599064,1,1,0.312401883830455,1,1,0.617088607594937,0.411290322580645,0.997037037037037,0.0849056603773585,0.105845181674566,1,1,1,0.0900621118012422,0,0.312883435582822,0.415123456790123,0.31306990881459,0,0.323390894819466,0.0902021772939347,1,1,0.313161875945537,0.311450381679389,0.240683229813665,0.326018808777429,0.308868501529052,0.315868263473054,1,1,0.320754716981132,1,0,1,0.220496894409938,1,0.680061823802164,1,0.308641975308642,0.298412698412698,0.0790697674418605,0.68693009118541,1,1,0.797805642633229,0.884615384615385,0.30625,0.299524564183835,1,0.309230769230769,0.258970358814353,0.317535545023697,1,0.108562691131498,1,1,0.312111801242236,0.683544303797468,0.303125,1,1,0.301391035548686,0.306625577812018,0.309341500765697,0.841121495327103,0.307086614173228,1,0.0554699537750385,1,1,0.70257966616085,0.654907975460123,0.3136,0.0532724505327245,0.316037735849057,1,1,0.299531981279251,0.322327044025157,0.614088820826952,1,0.305471124620061,0.373475609756098,0.30381679389313,0.986259541984733,0.46749226006192,0.00464396284829721,0.294478527607362,0.315068493150685,0.324367088607595,0.309859154929577,0.314285714285714,0.972932330827068,1,0.303951367781155,0.549679487179487,0.679873217115689,0.241433021806854,0.697115384615385,1,0.320493066255778,0.00154798761609907,0.3198127925117,0.308755760368664,0.358662613981763,0.321259842519685,0,0.334346504559271,0.308777429467085,0.318181818181818,0.308049535603715
"347",0.294685990338164,0.30564263322884,0.3024,0.311688311688312,0.31055900621118,0.302066772655008,0.00974025974025974,0.303514376996805,0.306962025316456,0.583870967741935,0.311320754716981,0.641185647425897,0.507246376811594,0.311811023622047,1,1,0.628834355828221,0,0.313385826771654,0.297939778129952,1,1,0.314152410575428,0.53125,0.296754250386399,1,1,0.320261437908497,0.302936630602782,0.512038523274478,1,0.579192546583851,0.36150234741784,0.996845425867508,0.6736,0.299835255354201,0.127760252365931,0.308527131782946,1,0.292259083728278,0.00158227848101266,0,0,0.31924882629108,0.29951690821256,1,0.995253164556962,1,1,1,0.697530864197531,0.322115384615385,1,0.316535433070866,0.300787401574803,0.825040128410915,0.115384615384615,0.315112540192926,0.304075235109718,0.311708860759494,0.992236024844721,1,1,0.00316957210776545,0.300986842105263,0.303317535545024,0.65625,0.317817014446228,0.619047619047619,1,0.30829420970266,1,1,0.266666666666667,0.156494522691706,0.301538461538462,1,0.996978851963746,0.315625,1,0.607491856677524,1,1,0.315955766192733,1,0.320726172465961,0.306836248012719,0.312401883830455,0.311111111111111,0,0.311111111111111,0.317972350230415,0.692429022082019,0.59375,0.304487179487179,0.647779479326187,0.694227769110764,0.309006211180124,0.111292962356792,0,0.302066772655008,0.624203821656051,1,0.307941653160454,1,0.310509554140127,0,0.309748427672956,1,1,1,0.296529968454259,0.996884735202492,0.313971742543171,0.195007800312012,0.304482225656878,1,0.378716744913928,1,1,0.197472353870458,0.306376360808709,1,1,0.321428571428571,1,0.301659125188537,0.309923664122137,0.373608903020668,0.770542635658915,0.314332247557003,1,0.322222222222222,0.650306748466258,0.326860841423948,1,0.00154083204930663,1,0.369426751592357,0.892332789559543,0.592063492063492,0.607936507936508,0.299684542586751,0.315359477124183,1,0.302325581395349,1,0.29874213836478,0.49306625577812,0.312594840667678,1,0.298761609907121,0.310236220472441,0.313195548489666,0.316455696202532,1,0.298245614035088,1,0.451863354037267,0.315301391035549,1,0.309707241910632,1,0.597110754414125,0.317535545023697,1,0.311111111111111,0.303599374021909,0.320754716981132,0.987421383647799,0.315372424722662,1,0.310289389067524,1,0.313821138211382,1,0.601246105919003,0.289099526066351,0.0309951060358891,0.281350482315113,0.304278922345483,1,0.290220820189274,0.30829420970266,0.3046875,0.317034700315457,1,1,0.311004784688995,0.316455696202532,1,1,0.320433436532508,0.227554179566563,0.0181818181818182,0.701863354037267,1,0.0015748031496063,0.307453416149068,1,0.316639741518578,0.302469135802469,0.307210031347962,0.998420221169036,1,1,0.314112291350531,0.307317073170732,0.30298273155416,0.688783570300158,0.291139240506329,1,0.333863275039746,1,1,0.432389937106918,0.311708860759494,0.311526479750779,0.313099041533546,0.290679304897314,0.301587301587302,0.647244094488189,1,1,0.308661417322835,0.0031104199066874,0.315870570107858,0.310975609756098,0.317111459968603,0.305810397553517,0.299212598425197,0.309597523219814,0.704866562009419,0.36697247706422,0.292452830188679,1,0.310289389067524,1,0.302180685358255,0.299679487179487,0.304761904761905,0.317891373801917,0.298701298701299,1,0.310452418096724,0.805111821086262,1,1,0.998405103668262,1,1,0.894822006472492,1,1,1,0.307931570762053,1,0.311367380560132,0,1,0.394944707740916,1,0.307941653160454,0.31139646869984,0.309148264984227,0.43879173290938,1,0.312989045383412,1,1,1,1,0,0.308186195826645,1,1,0.30952380952381,1,0.312989045383412,1,1,0.302066772655008,0.320512820512821,0.296583850931677,0.143307086614173,0.317460317460317,0,0.600614439324117,1,0.313271604938272,0.312,0.593846153846154,1,1,0.321782178217822,0.32258064516129,1,0.665615141955836,0.708064516129032,0.293831168831169,0.313531353135314,0.995348837209302,0.306729264475743,0.288288288288288,1,0.307073954983923,0.294209702660407,1,0.299684542586751,0.318037974683544,0.306603773584906,0.307086614173228,1,1,1,0.297637795275591,0.314009661835749,0.00618238021638331,0.993769470404984,0.31687898089172,1,1,0.307339449541284,0.317484662576687,0.291798107255521,0.308426073131955,0.299531981279251,1,0.296825396825397,0.30173775671406,0.584814216478191,1,0.847133757961783,1,0,1,0.314674735249622,1,1,0.430793157076205,1,0.313001605136437,1,0.299373040752351,0.299689440993789,0.309597523219814,1,1,0.30829420970266,0.392446633825944,0.6208,0.293269230769231,1,1,1,0.309677419354839,1,0.1953125,1,1,1,1,0.320813771517997,1,0.307941653160454,0.321656050955414,0.687797147385103,0.29874213836478,1,0.319182389937107,0.308166409861325,0.305331179321486,1,0.300153139356815,1,0.31570996978852,0.462616822429907,0.312111801242236,0.314606741573034,0.299373040752351,1,0.311582381729201,0.295345104333868,1,1,0.315541601255887,0.3015625,1,0.492260061919505,0.306055646481178,0.32093023255814,0.320552147239264,0.683464566929134,1,0.284552845528455,1,0.436305732484076,0.299679487179487,0,0.88390092879257,0.309791332263242,0.312307692307692,0,0.0313479623824451,0.9808,0.311708860759494,1,0.304487179487179,0.309178743961353,1,0.315950920245399,0.304838709677419,0.681889763779528,1,0.311605723370429,0.313195548489666,1,0.304897314375987,0.298531810766721,1,0.339622641509434,0.304,0.304416403785489,0.319488817891374,0.809597523219814,1,0.982456140350877,1,1,0.0016,1,0.995327102803738,1,0.440570522979398,0.998412698412698,0.298921417565485,0.995398773006135,0.323248407643312,0.998435054773083,0.610942249240122,0.638198757763975,0.309341500765697,0.307332293291732,0.6453125,0.308072487644152,0,0.641304347826087,0.688783570300158,0.309006211180124,0.0015748031496063,0.306603773584906,0.291600633914422,0.771565495207668,0.3171875,0.693270735524257,0.606851549755302,0.311004784688995,0.313664596273292,0.290880503144654,1,0.0257186081694402,0,0.304416403785489,0.315873015873016,0.321372854914197,1,0.340694006309148,0.300155520995334,1,0.296529968454259,0.94383775351014,0.587025316455696,1,1,0.99492385786802,0.313084112149533,0.611801242236025,0.316998468606432,0.302439024390244,0.307814992025518,0.433697347893916,1,0.299840510366826,1,0.316045380875203,0.314102564102564,1,0.309409888357257,1,0.31139646869984,1,1,0.310344827586207,0,1,0.316118935837246,1,0.55968992248062,1,0.523291925465838,1,0.555205047318612,1,0.308186195826645,1,1,1,0.304552590266876,0.315447154471545,0.305471124620061,0.33931484502447,0.334442595673877,0.302215189873418,1,0.311111111111111,1,1,0.31104199066874,0.311793214862682,0.307931570762053,0.376971608832808,0.313846153846154,1,1,0.317683881064163,0.308661417322835,0.64274322169059,0.594896331738437,0.306477093206951,0.306818181818182,1,0.305295950155763,0.310077519379845,0.995215311004785,0.295379537953795,0.305164319248826,0,0.132398753894081,0.307570977917981,0.68960244648318,0.307814992025518,0.312597200622084,0.604006163328197,0.998439937597504,0.310509554140127,1,0.309748427672956,0.340764331210191,0.315047021943574,0.47196261682243,0.310126582278481,1,0.317460317460317,0.315789473684211,0.324367088607595,0.697996918335901,1,0.319286871961102,0.309968847352025,0,0.3203125,1,0.956386292834891,1,0.311627906976744,0.317610062893082,0.304975922953451,0.598145285935085,1,0.599681020733652,0.321656050955414,1,1,0.963836477987421,0.690851735015773,0.323854660347551,0.3453125,0.311320754716981,0.312788906009245,1,1,0.526984126984127,0.64,1,1,1,0.700636942675159,1,0.315217391304348,0.68895800933126,1,0.310832025117739,0.301587301587302,0.309294871794872,0.998439937597504,1,0.650563607085346,0.307692307692308,1,1,0.31201248049922,0.299531981279251,1,0,0.308681672025723,0.30622009569378,0.00474683544303797,0.304347826086957,1,0.3056,1,0.140215716486903,0,0.906832298136646,0.31974921630094,1,1,0,0.00153139356814701,0.316118935837246,1,0.304065040650407,0.998466257668712,0.299363057324841,1,1,0.968102073365231,0.776212832550861,1,1,0.00316455696202532,1,0.526058631921824,0.313694267515924,0.68160741885626,0.313971742543171,1,0.297805642633229,0.684627575277338,1,1,0.307941653160454,0.63030303030303,0.324534161490683,0.597110754414125,0.970031545741325,0.319047619047619,0.610248447204969,0.0110935023771791,0.308426073131955,0.317683881064163,0.314241486068111,1,0.649068322981366,0.295031055900621,0.894321766561514,0.592532467532468,0.966360856269113,1,1,0.310344827586207,0.326298701298701,0.306089743589744,0.301092043681747,0.304012345679012,0.625,0.293478260869565,0,0.685325264750378,0.998463901689708,0.313971742543171,0.296825396825397,0.3104,0.312210200927357,0.616852146263911,1,0.325115562403698,0.326465927099842,0.311793214862682,0.322734499205087,0.300787401574803,0.307936507936508,0.188562596599691,0.691813804173355,0.305732484076433,0.6,1,0.237048665620094,0.312698412698413,0.927652733118971,1,1,0.304212168486739,0.640625,1,0.306603773584906,0.287301587301587,0.950949367088608,1,1,0.996825396825397,0.312210200927357,1,1,0.906602254428341,1,0.342592592592593,1,0.602584814216478,1,0.683881064162754,0.304278922345483,0.612012987012987,1,1,0.992025518341308,0.3171875,0.313880126182965,0.324717285945073,0.315625,0.315447154471545,0.309904153354633,0.985645933014354,0.305900621118012,1,1,0.711180124223602,0,0.306122448979592,0.29984544049459,0.692660550458716,1,0.580441640378549,0.31859756097561,0.65987460815047,0.310618066561014,0.311688311688312,1,0.310509554140127,0.303571428571429,0.6848,0.91304347826087,0.313546423135464,0.615629984051037,0.587096774193548,0.315541601255887,0.3232,0.296825396825397,0.603125,0.686614173228347,1,0.897798742138365,1,0.674922600619195,0.998422712933754,0.60223642172524,0.3125,0.3184,1,1,0.44392523364486,0.995169082125604,0.998430141287284,1,0.302694136291601,0.322429906542056,1,0.308845577211394,0.695721077654517,0.317535545023697,0.474522292993631,0.294212218649518,0,0.292379471228616,1,1,0.6049766718507,0.00155763239875389,0.320126782884311,0.311501597444089,0.0995260663507109,0.407108239095315,1,1,0.300787401574803,1,0.424290220820189,1,0.317972350230415,0.594043887147335,0.315372424722662,0.308544303797468,1,0,1,0.296596434359805,0.310126582278481,1,1,1,0.439102564102564,1,0.306603773584906,0.62402496099844,0.321316614420063,0.316993464052288,0.0015600624024961,0.040625,1,0.634069400630915,1,0.315132605304212,0.321027287319422,1,1,0.159375,0.301857585139319,1,0.898911353032659,1,0.315707620528771,0.1872,0.680685358255452,1,1,1,1,1,0.277258566978193,0.295774647887324,1,0.107142857142857,0.00158982511923688,0.461180124223602,0,0.318471337579618,1,0.692675159235669,1,1,0.893081761006289,1,0.693498452012384,1,1,1,1
"348",0.297297297297297,0.320987654320988,0.311926605504587,0.320813771517997,0.316923076923077,0.309597523219814,0.0110410094637224,0.321928460342146,0.322085889570552,0.583601286173633,0.319880418535127,0.639393939393939,0.5078125,0.322932917316693,1,1,0.627627627627628,0,0.3296875,0.308166409861325,1,1,0.32370820668693,0.526717557251908,0.315233785822021,1,1,0.340872374798061,0.31306990881459,0.512461059190031,1,0.572948328267477,0.359567901234568,0.995384615384615,0.6609375,0.310897435897436,0.143079315707621,0.327743902439024,1,0.304675716440422,0.00310077519379845,0,0,0.33641975308642,0.319875776397516,1,0.993759750390016,1,1,1,0.685410334346505,0.33125,1,0.325153374233129,0.311728395061728,0.809748427672956,0.129082426127527,0.323574730354391,0.317557251908397,0.323029366306028,0.992424242424242,1,1,0.0062111801242236,0.321711568938193,0.317484662576687,0.658307210031348,0.316666666666667,0.613670133729569,1,0.321100917431193,1,1,0.285261489698891,0.167673716012085,0.317979197622585,1,0.993846153846154,0.320668693009119,1,0.608214849921011,1,1,0.32262996941896,1,0.325408618127786,0.314814814814815,0.330757341576507,0.315217391304348,0,0.324960753532182,0.326865671641791,0.690769230769231,0.590839694656489,0.31924882629108,0.64381520119225,0.680061823802164,0.313636363636364,0.128367670364501,0,0.317972350230415,0.626728110599078,1,0.317965023847377,1,0.3198127925117,0,0.317557251908397,1,1,1,0.308980213089802,0.995327102803738,0.325652841781874,0.21092564491654,0.312406576980568,1,0.387442572741194,1,1,0.211981566820276,0.319444444444444,1,1,0.325688073394495,1,0.3215859030837,0.314285714285714,0.37442218798151,0.773211567732116,0.327131782945736,1,0.333333333333333,0.637853949329359,0.344605475040258,1,0.0015220700152207,1,0.367283950617284,0.900158478605388,0.588419405320814,0.601226993865031,0.32093023255814,0.323809523809524,1,0.309119010819165,1,0.296583850931677,0.490136570561457,0.32375189107413,1,0.313664596273292,0.316436251920123,0.324492979719189,0.330733229329173,1,0.308411214953271,1,0.446293494704992,0.327245053272451,1,0.322239031770045,1,0.600315955766193,0.329113924050633,1,0.318112633181126,0.324734446130501,0.336434108527132,0.987786259541985,0.332822085889571,1,0.326625386996904,1,0.310618066561014,1,0.602134146341463,0.310872894333844,0.0288,0.302034428794992,0.32370820668693,1,0.305810397553517,0.322033898305085,0.318181818181818,0.332819722650231,1,1,0.32182103610675,0.328682170542636,1,1,0.321212121212121,0.242331288343558,0.017910447761194,0.688372093023256,1,0.00308166409861325,0.315233785822021,1,0.322429906542056,0.311011904761905,0.31441717791411,0.998468606431853,1,1,0.328828828828829,0.316692667706708,0.31969696969697,0.674454828660436,0.310077519379845,1,0.331269349845201,1,1,0.46177370030581,0.327586206896552,0.323795180722892,0.325115562403698,0.301075268817204,0.314728682170543,0.645705521472393,1,1,0.311746987951807,0.00459418070444104,0.322869955156951,0.318385650224215,0.327131782945736,0.304615384615385,0.299382716049383,0.314925373134328,0.695852534562212,0.375565610859729,0.311550151975684,1,0.325077399380805,1,0.315548780487805,0.303937007874016,0.315870570107858,0.332822085889571,0.309409888357257,1,0.321699544764795,0.78858024691358,1,1,0.996908809891808,1,1,0.902668759811617,1,1,1,0.317771084337349,1,0.31924882629108,0,1,0.393292682926829,1,0.324492979719189,0.3328173374613,0.312401883830455,0.431888544891641,1,0.327743902439024,1,1,1,1,0,0.31619937694704,1,1,0.320493066255778,1,0.325757575757576,1,1,0.316358024691358,0.325038880248834,0.296686746987952,0.158461538461538,0.329192546583851,0,0.609792284866469,1,0.324734446130501,0.321316614420063,0.591185410334346,1,1,0.324409448818898,0.322530864197531,1,0.657407407407407,0.691472868217054,0.311424100156495,0.322734499205087,0.992548435171386,0.329230769230769,0.313988095238095,1,0.314503816793893,0.310975609756098,1,0.304075235109718,0.315467075038285,0.318461538461538,0.318181818181818,1,1,1,0.30640243902439,0.332822085889571,0.0075642965204236,0.990740740740741,0.328125,1,1,0.312594840667678,0.3267776096823,0.30316742081448,0.315870570107858,0.315467075038285,1,0.307210031347962,0.314728682170543,0.578864353312303,1,0.849378881987578,1,0,1,0.324888226527571,1,1,0.427701674277017,0.998477929984779,0.323296354992076,1,0.309636650868878,0.307219662058372,0.315217391304348,1,1,0.320121951219512,0.390749601275917,0.613707165109034,0.305555555555556,1,1,1,0.325,1,0.210606060606061,1,1,1,1,0.32370820668693,1,0.318840579710145,0.33693972179289,0.674347158218126,0.3109375,1,0.33179012345679,0.320359281437126,0.317817014446228,1,0.311178247734139,1,0.327917282127031,0.466666666666667,0.325581395348837,0.329032258064516,0.317073170731707,1,0.325038880248834,0.311811023622047,1,1,0.323170731707317,0.31969696969697,1,0.496969696969697,0.327586206896552,0.328767123287671,0.333839150227618,0.678461538461538,1,0.299524564183835,1,0.422776911076443,0.306976744186047,0,0.873668188736682,0.315789473684211,0.319018404907975,0,0.0354938271604938,0.978527607361963,0.321428571428571,1,0.312111801242236,0.315955766192733,1,0.325652841781874,0.31974921630094,0.665109034267913,1,0.321928460342146,0.322932917316693,1,0.31441717791411,0.305863708399366,1,0.344086021505376,0.312401883830455,0.319148936170213,0.331782945736434,0.789634146341463,1,0.984423676012461,1,1,0.00154798761609907,1,0.992223950233281,1,0.426584234930448,0.996865203761755,0.304878048780488,0.992401215805471,0.324574961360124,0.99537037037037,0.613193403298351,0.640601503759399,0.322727272727273,0.312781954887218,0.645259938837921,0.318979266347687,0,0.633435582822086,0.677621283255086,0.320061255742726,0.00155038759689922,0.320121951219512,0.307219662058372,0.7859375,0.320182094081942,0.686153846153846,0.60093896713615,0.325652841781874,0.322727272727273,0.301223241590214,1,0.0279411764705882,0,0.322530864197531,0.322480620155039,0.336448598130841,1,0.349768875192604,0.318461538461538,1,0.309667673716012,0.938366718027735,0.58125,1,1,0.991735537190083,0.317293233082707,0.61178247734139,0.324404761904762,0.311501597444089,0.321100917431193,0.425787106446777,1,0.31859756097561,1,0.3232,0.320754716981132,1,0.326086956521739,1,0.321483771251932,1,1,0.327300150829563,0,1,0.322188449848024,1,0.55640243902439,1,0.514548238897397,1,0.546583850931677,1,0.317891373801917,1,1,1,0.306278713629403,0.318252730109204,0.318731117824773,0.342902711323764,0.336012861736334,0.313846153846154,1,0.321538461538462,1,1,0.332317073170732,0.32348367029549,0.314674735249622,0.387786259541985,0.324850299401198,1,1,0.326717557251908,0.327044025157233,0.629283489096573,0.6078125,0.31937984496124,0.316455696202532,1,0.309707241910632,0.317365269461078,0.995327102803738,0.319182389937107,0.316590563165906,0,0.145015105740181,0.319875776397516,0.672106824925816,0.315707620528771,0.325227963525836,0.608169440242057,0.996927803379416,0.317757009345794,1,0.317147192716237,0.344984802431611,0.3171875,0.458461538461538,0.314728682170543,1,0.327794561933535,0.321875,0.3328125,0.68609865470852,1,0.330246913580247,0.31570996978852,0,0.32824427480916,0.998482549317147,0.952959028831563,1,0.316846986089645,0.322188449848024,0.321372854914197,0.592424242424242,1,0.596214511041009,0.331240188383046,1,1,0.963746223564955,0.672307692307692,0.329192546583851,0.352484472049689,0.329286798179059,0.321100917431193,1,1,0.524409448818898,0.634222919937206,1,1,0.998475609756098,0.690993788819876,1,0.320950965824666,0.679506933744222,1,0.323619631901841,0.319875776397516,0.320987654320988,0.996951219512195,1,0.647527910685805,0.32,1,1,0.327188940092166,0.311827956989247,0.998470948012232,0,0.324574961360124,0.313084112149533,0.00627943485086342,0.315315315315315,1,0.312893081761006,1,0.15,0,0.910044977511244,0.329738058551618,1,1,0,0.00149925037481259,0.327217125382263,1,0.316037735849057,0.99702823179792,0.312989045383412,1,1,0.961715160796325,0.779141104294479,1,1,0.00462962962962963,1,0.532905296950241,0.329211746522411,0.671253822629969,0.323262839879154,1,0.31104199066874,0.669242658423493,1,1,0.31496062992126,0.628012048192771,0.329249617151608,0.593508500772797,0.970724191063174,0.326656394453005,0.615267175572519,0.0108024691358025,0.312693498452012,0.320610687022901,0.321212121212121,1,0.63677811550152,0.315789473684211,0.880248833592535,0.593700787401575,0.962006079027356,1,1,0.31937984496124,0.335925349922239,0.313971742543171,0.316742081447964,0.315950920245399,0.616766467065868,0.307110438729198,0,0.667157584683358,0.998447204968944,0.33026113671275,0.315467075038285,0.320512820512821,0.32089552238806,0.607963246554365,1,0.331838565022422,0.334876543209877,0.332283464566929,0.326153846153846,0.320610687022901,0.322033898305085,0.203030303030303,0.672307692307692,0.324031007751938,0.608761329305136,1,0.243491577335375,0.328682170542636,0.91875,1,1,0.308868501529052,0.636222910216718,1,0.312024353120244,0.295774647887324,0.950310559006211,1,1,0.996815286624204,0.324734446130501,1,1,0.908809891808346,1,0.344461305007587,1,0.592709984152139,1,0.667170953101362,0.3140625,0.609907120743034,1,1,0.990726429675425,0.325227963525836,0.325190839694657,0.324881141045959,0.326717557251908,0.329704510108865,0.326594090202177,0.982677165354331,0.31437125748503,1,1,0.719512195121951,0,0.322085889570552,0.326747720364742,0.675883256528418,1,0.570542635658915,0.331818181818182,0.646511627906977,0.314814814814815,0.319685039370079,1,0.321592649310873,0.325842696629214,0.700626959247649,0.919175911251981,0.325581395348837,0.613707165109034,0.585403726708075,0.32262996941896,0.328638497652582,0.305343511450382,0.603395061728395,0.678678678678679,1,0.885093167701863,1,0.674174174174174,0.996870109546166,0.604068857589984,0.313846153846154,0.3203125,1,1,0.441860465116279,0.992223950233281,0.996946564885496,1,0.316358024691358,0.328725038402458,1,0.316023738872404,0.684848484848485,0.335384615384615,0.469418960244648,0.30077519379845,0,0.312312312312312,1,1,0.603343465045593,0.00149476831091181,0.332302936630603,0.317147192716237,0.103715170278638,0.420472440944882,1,1,0.316923076923077,1,0.419354838709677,1,0.329881656804734,0.597859327217125,0.324031007751938,0.320373250388802,1,0,1,0.310126582278481,0.324574961360124,1,1,1,0.455538221528861,1,0.326153846153846,0.624048706240487,0.333333333333333,0.330188679245283,0.00152671755725191,0.0432766615146832,1,0.627067669172932,1,0.327639751552795,0.328571428571429,1,1,0.168195718654434,0.306625577812018,1,0.910197869101979,1,0.318181818181818,0.211598746081505,0.669218989280245,1,1,1,1,1,0.286786786786787,0.311349693251534,1,0.119236883942766,0.00154798761609907,0.446808510638298,0,0.327102803738318,1,0.678407350689127,1,1,0.897125567322239,1,0.679331306990882,1,1,1,1
"349",0.998394863563403,0.998430141287284,1,1,0.998444790046656,1,0.697305863708399,1,0.998449612403101,0.0974025974025974,1,0.0386398763523957,0.814465408805031,0.998430141287284,0.31496062992126,0.305555555555556,0.0600924499229584,0.689034369885434,0.998430141287284,0.998425196850394,0.2953125,0.311811023622047,0.998475609756098,0.154088050314465,0.998459167950693,0.331782945736434,0.318979266347687,0.998412698412698,0.998466257668712,0.789223454833597,0.312597200622084,0.73497688751926,0.97191887675507,0.316692667706708,0,1,0.5546875,1,0.303759398496241,0.998473282442748,0.660347551342812,0.678018575851393,0.702743902439024,0.998430141287284,0.998410174880763,0.3232,0.306122448979592,0.310872894333844,0.316109422492401,0.327692307692308,0.00152905198776758,0.998425196850394,0.313161875945537,1,0.998439937597504,0.494417862838915,0.561708860759494,0.998422712933754,0.998452012383901,1,0.322678843226788,0.31911532385466,0.323809523809524,0.67817896389325,0.998392282958199,0.998470948012232,0.0327613104524181,0.998447204968944,0.0557228915662651,0.317411402157165,0.998468606431853,0.322932917316693,0.3248,0.965964343598055,0.517241379310345,0.998484848484849,0.307926829268293,0.337941628264209,0.998468606431853,0.318840579710145,0.090032154340836,0.322327044025157,0.323809523809524,0.998484848484849,0.334890965732087,0.998496240601504,0.998427672955975,0.998439937597504,0.998461538461539,0.688271604938272,0.998410174880763,0.998493975903614,0.00155038759689922,0.104134762633997,0.998432601880878,0.0411585365853659,0,0.998463901689708,0.570063694267516,0.676056338028169,0.998439937597504,0.055205047318612,0.308661417322835,0.998407643312102,0.30503144654088,0.998420221169036,0.691950464396285,0.998456790123457,0.313971742543171,0.321981424148607,0.314589665653495,0.998432601880878,0.31832298136646,0.998477929984779,0.484615384615385,0.998493975903614,0.312401883830455,0.305084745762712,0.321699544764795,0.316455696202532,0.484423676012461,1,0.32312404287902,0.31637519872814,0.998470948012232,0.308641975308642,0.998493975903614,0.998470948012232,0.335403726708075,0.550680786686838,0.998392282958199,0.317683881064163,0.998449612403101,0.037821482602118,0.998417721518987,0.311077389984825,0.668711656441718,0.324534161490683,0.933229813664596,0.43042071197411,0.105754276827372,0.0977917981072555,0.998442367601246,0.998410174880763,0.328149300155521,0.998449612403101,0.317365269461078,0.998417721518987,0.812121212121212,0.998475609756098,0.325949367088608,0.9984375,0.998412698412698,0.998417721518987,0.998407643312102,0.333333333333333,0.998449612403101,0.317460317460317,0.259316770186335,0.998473282442748,0.309341500765697,0.998477929984779,0.301242236024845,0.0863422291993721,0.998407643312102,0.311811023622047,0.998439937597504,0.998466257668712,0.998435054773083,0.3328173374613,0.998447204968944,0.325984251968504,0.998430141287284,0.306976744186047,1,0.31875,0.077639751552795,1,0.639291465378422,0.998407643312102,0.998449612403101,0.310236220472441,1,0.9984375,0.998459167950693,0.998454404945904,0.324409448818898,0.310136157337368,0.998410174880763,1,0.323076923076923,0.302215189873418,1,0.445300462249615,0.669128508124077,0.00152905198776758,0.319938176197836,0.669242658423493,1,0.32375189107413,0.998420221169036,1,1,0.320433436532508,0.322480620155039,0.323248407643312,0.998491704374057,1,1,0.00156494522691706,0.998447204968944,0.3088,0.978227060653188,0.322784810126582,0.306729264475743,0.748427672955975,0.998417721518987,0.998461538461539,1,0.998454404945904,0.998432601880878,0.0373250388802488,0.322884012539185,0.327769347496206,0.998456790123457,0.683409436834094,1,0.998500749625187,0.996884735202492,1,0.998442367601246,0.998489425981873,0.00615384615384615,0.320061255742726,0.998449612403101,0.303937007874016,1,0.304482225656878,0.998487140695915,0.998415213946117,0.998432601880878,0.998432601880878,0.998425196850394,0.3234375,1,0.513556618819777,0.325617283950617,0.32375189107413,0.310725552050473,0.323029366306028,0.326530612244898,0.419811320754717,0.327666151468315,0.316923076923077,0.313846153846154,1,0.315955766192733,1,0.689655172413793,0.313271604938272,0.317683881064163,0.332293291731669,1,0.9984375,1,0.261417322834646,0.31619937694704,0.998470948012232,0.318541996830428,0.320668693009119,0.314553990610329,0.31875,0.680124223602484,0.998449612403101,0.321538461538462,0.314873417721519,0.998444790046656,0.301109350237718,0.998454404945904,0.311627906976744,0.316923076923077,0.998432601880878,0.998412698412698,0.998427672955975,0.544186046511628,0.998425196850394,0.686915887850467,0.0809160305343511,0.320987654320988,0.998463901689708,0.998452012383901,0.0930232558139535,0.314024390243902,0.331230283911672,1,0.998422712933754,0.30077519379845,0.0231481481481481,0.0047244094488189,0.998415213946117,0.998410174880763,0.341013824884793,0.996884735202492,0.998500749625187,0.316846986089645,1,0.998442367601246,0.317557251908397,0.998425196850394,0.998417721518987,0.998452012383901,0.998439937597504,0.324451410658307,0.306525037936267,0.327974276527331,0.998439937597504,0.998435054773083,0.671850699844479,0.319182389937107,0.998412698412698,0.319277108433735,0.300469483568075,1,0.998463901689708,1,0.998427672955975,0.998461538461539,0.323343848580442,0.998410174880763,0.9984375,0.108108108108108,0.33641975308642,0.5,0.314375987361769,0.6671875,0.315870570107858,0.998475609756098,0.309968847352025,0.327586206896552,0.255384615384615,0.317557251908397,1,0.328313253012048,0.998427672955975,0.998435054773083,1,0.30829420970266,0.320121951219512,1,0.920967741935484,0.062200956937799,0.998417721518987,0.325077399380805,0.315541601255887,0.3125,0.998407643312102,0.327639751552795,0.472868217054264,0.323619631901841,0.305772230889236,0.316455696202532,0.307570977917981,0.998473282442748,0.31924882629108,0.998402555910543,0.998415213946117,0.00154798761609907,0.998412698412698,0.327131782945736,0.998452012383901,1,0.998407643312102,0.318681318681319,0.998473282442748,0.308064516129032,0.998466257668712,0.836671802773498,0.998452012383901,0.998459167950693,0.998444790046656,0.321875,1,0.998432601880878,0.29984544049459,0.311145510835913,1,0.998439937597504,0.31832298136646,0.190402476780186,0.998417721518987,1,0.998442367601246,0.00154559505409583,0.31637519872814,0.998363338788871,0.31055900621118,0.243710691823899,1,0.674884437596302,0.445300462249615,1,0.998432601880878,0.674626865671642,0.699530516431925,0.343799058084772,0.998425196850394,0.322480620155039,0.998412698412698,1,0.328616352201258,0.998473282442748,1,0.00938967136150235,0.322480620155039,0.998427672955975,0.998425196850394,0.3234375,0.998461538461539,0.998412698412698,0.306836248012719,0.338006230529595,1,1,1,0.535493827160494,0.313455657492355,0.346333853354134,0.323308270676692,0.327217125382263,0.6953125,0.324200913242009,0.320251177394035,0.314984709480122,0.236220472440945,0.313385826771654,0.998487140695915,0.32258064516129,1,0.313755795981453,0.081203007518797,0.0506134969325153,0.998461538461539,1,0.0325077399380805,1,0.683333333333333,0.0412213740458015,0.0110236220472441,0.998470948012232,0.681538461538462,0.998444790046656,0.998463901689708,0.550473186119874,0.998463901689708,0.0015600624024961,0.0753205128205128,1,0.998484848484849,1,0.326984126984127,0.648888888888889,0.693679092382496,0.993740219092332,0.998435054773083,0.987538940809969,0.304821150855365,0.338006230529595,0.998417721518987,0.301412872841444,0.998463901689708,0.360808709175739,0.100313479623824,0.310872894333844,0.323216995447648,0.341666666666667,1,0.0784615384615385,0.998482549317147,0.998389694041868,1,0.259938837920489,0.323390894819466,0.998427672955975,0.328571428571429,0.998432601880878,0.9984,0.308980213089802,0.998454404945904,0.323262839879154,1,0.317034700315457,0.319685039370079,0.998454404945904,0.676609105180534,0.316590563165906,1,0.311605723370429,0.764521193092622,0.320121951219512,0.16,0.322338830584708,0.776377952755905,0.313385826771654,0.998397435897436,0.323943661971831,0.340943683409437,0.294117647058824,0.998463901689708,1,0.998489425981873,0.97444089456869,0.342995169082126,0.998456790123457,0.325878594249201,0.998447204968944,0.312101910828025,0.318112633181126,0.998439937597504,0.998430141287284,1,0.921752738654147,0.998487140695915,0.308868501529052,0.319018404907975,0.998456790123457,1,0.0476190476190476,0.0850393700787402,0.998473282442748,0.998432601880878,0.305111821086262,0.998442367601246,0.998482549317147,0.318611987381703,0.998425196850394,0.998461538461539,0.679012345679012,0.539755351681957,1,0.00151057401812689,0.998432601880878,0.998459167950693,0.0984615384615385,0.327666151468315,1,0.317610062893082,1,0.973520249221184,1,0.820987654320988,0.998430141287284,0.329581993569132,0.998473282442748,1,0.998412698412698,0,0.310289389067524,0.998430141287284,0.998449612403101,0.677966101694915,0.998463901689708,0.31832298136646,0.359567901234568,0.320493066255778,1,1,0.998427672955975,0.0916030534351145,0.32398753894081,0.0888888888888889,1,0.308623298033283,0.304821150855365,0.351226993865031,0.00157232704402516,1,0.961119751166407,0.998477929984779,0.998463901689708,0.324451410658307,0.30521472392638,0.160883280757098,0.0316455696202532,0.320754716981132,0.311424100156495,0.328220858895706,0.00158478605388273,0.312597200622084,0.998487140695915,0.00156494522691706,0.319083969465649,0.998482549317147,0.998435054773083,0.998430141287284,0.316846986089645,0.321699544764795,0.0271565495207668,0.998461538461539,0.310015898251192,0.308641975308642,0.998442367601246,0.998444790046656,0.313178294573643,0.6928,0.998420221169036,1,0.688473520249221,0.998468606431853,0.30757341576507,0.998417721518987,0.3140625,0.535603715170279,0.669724770642202,0.406015037593985,0.998447204968944,0.301829268292683,0.31859756097561,0.682515337423313,0.665151515151515,0.998447204968944,0.324116743471582,1,0.326219512195122,0.9984375,0.306729264475743,0.312202852614897,0.348909657320872,0.525581395348837,0.316455696202532,0.302507836990596,0.660910518053375,0.32093023255814,0.146537842190016,1,0.00153139356814701,1,0.301242236024845,0.998442367601246,0.0015552099533437,0.318252730109204,0.320126782884311,0.998410174880763,0.0537313432835821,0.998463901689708,0.0811232449297972,0.328571428571429,0.998422712933754,0.0652173913043478,0.675425038639876,0.998444790046656,1,1,0.305111821086262,0.0369230769230769,0.998477929984779,0.436420722135008,0.0927672955974843,0.35548686244204,0.324655436447167,0.324200913242009,0.998430141287284,1,0.998410174880763,1,1,0.0619335347432024,0.993874425727412,0.680061823802164,0.00600600600600601,0.31924882629108,0.998468606431853,0.998402555910543,0.998432601880878,0.998505231689088,0.0838414634146342,0.313935681470138,1,0.998449612403101,0.998415213946117,0.998435054773083,1,0.998454404945904,0.490963855421687,0.0031496062992126,0.998452012383901,0.0837138508371385,0.314814814814815,0.435458786936236,1,0.396496815286624,0.309904153354633,0.311912225705329,0.998447204968944,0.0353846153846154,0.317683881064163,0.998459167950693,1,0.365814696485623,0.309707241910632,0.311077389984825,0.32120253164557,1,0.322734499205087,0.320433436532508,0.412044374009509,0.309262166405024,0.978361669242658,0.310975609756098,0.0803858520900322,0.321875,0,0.9984375,0.0904836193447738,0.308544303797468,0.327102803738318,0.319182389937107,0.998463901689708,0.998449612403101,0.998394863563403,0.998435054773083,0.998432601880878,0.998407643312102,0.327503974562798,1,0.321259842519685,0.317957166392092,0.60625,0.680511182108626,1,0.998461538461539,0.00153609831029186,0.314112291350531,0.113884555382215,1,0.031496062992126,0.998447204968944,0.998412698412698,0.3171875,0.998420221169036,0.998373983739837,0.627943485086342,0.414910858995138,0.99406528189911,0.0850393700787402,0.0990415335463259,0.998470948012232,1,0.998454404945904,0.0864779874213836,0,0.323574730354391,0.43010752688172,0.313546423135464,0.00154083204930663,0.329113924050633,0.0861244019138756,0.998427672955975,0.998394863563403,0.325757575757576,0.321875,0.240683229813665,0.332807570977918,0.311248073959938,0.32258064516129,0.998447204968944,1,0.325396825396825,0.998493975903614,0.00152671755725191,0.998427672955975,0.220496894409938,0.998415213946117,0.675799086757991,0.998449612403101,0.313880126182965,0.311111111111111,0.075968992248062,0.675465838509317,0.998454404945904,0.998417721518987,0.79153605015674,0.901134521880065,0.315541601255887,0.316957210776545,0.998468606431853,0.316846986089645,0.259083728278041,0.322274881516588,0.998507462686567,0.0980091883614089,0.998432601880878,0.998444790046656,0.312989045383412,0.68,0.304897314375987,1,0.998435054773083,0.309119010819165,0.308411214953271,0.316666666666667,0.853080568720379,0.314285714285714,0.998420221169036,0.0563165905631659,0.998454404945904,0.998427672955975,0.702660406885759,0.654798761609907,0.3232,0.0526315789473684,0.313572542901716,0.9984375,1,0.304821150855365,0.324534161490683,0.62888198757764,0.998449612403101,0.308049535603715,0.364885496183206,0.313271604938272,0.984732824427481,0.47723704866562,0.00453857791225416,0.295133437990581,0.328808446455505,0.334379905808477,0.312101910828025,0.314674735249622,0.970724191063174,0.998444790046656,0.312693498452012,0.553429027113238,0.693146417445483,0.23950233281493,0.681159420289855,1,0.321483771251932,0.00469483568075117,0.326625386996904,0.310872894333844,0.36547433903577,0.318910256410256,0.00153846153846154,0.333333333333333,0.314785373608903,0.312893081761006,0.31619937694704
"350",0.918739635157546,0.925619834710744,0.929260450160772,0.938741721854305,0.924920127795527,0.922204213938412,0.626446280991735,0.925249169435216,0.920255183413078,0.0229508196721311,0.931419457735247,0.0321543408360129,0.897180762852405,0.919093851132686,0.39607201309329,0.382875605815832,0.00638977635782748,0.605704697986577,0.92156862745098,0.925806451612903,0.37785016286645,0.384116693679092,0.92018779342723,0.0794912559618442,0.914826498422713,0.406148867313916,0.404290429042904,0.926421404682274,0.91692789968652,0.85502471169687,0.388443017656501,0.809448818897638,0.945686900958466,0.393148450244698,0.060655737704918,0.916382252559727,0.454106280193237,0.920127795527157,0.376175548589342,0.918789808917197,0.575121163166397,0.606060606060606,0.603803486529319,0.925445705024311,0.922705314009662,0.406611570247934,0.389337641357027,0.389240506329114,0.40095087163233,0.412520064205457,0.0791599353796446,0.926590538336052,0.4016,0.928104575163399,0.922953451043339,0.570502431118314,0.497568881685575,0.92914653784219,0.922953451043339,0.92258064516129,0.406698564593301,0.406148867313916,0.397394136807818,0.597063621533442,0.920661157024793,0.917741935483871,0.0279146141215107,0.923948220064725,0.00928792569659443,0.404120443740095,0.931309904153355,0.394184168012924,0.415435139573071,0.889802631578947,0.435897435897436,0.9234375,0.392125984251968,0.420382165605096,0.930047694753577,0.396290050590219,0.0167785234899329,0.40194489465154,0.405537459283388,0.921725239616613,0.415185783521809,0.931962025316456,0.927272727272727,0.928,0.922204213938412,0.608346709470305,0.925986842105263,0.933858267716535,0.0686900958466454,0.0211726384364821,0.935855263157895,0.029595015576324,0.069620253164557,0.926517571884984,0.478991596638655,0.604269293924466,0.925081433224756,0.0147058823529412,0.390599675850891,0.918196994991653,0.393841166936791,0.931596091205212,0.599025974025974,0.918138041733547,0.40655737704918,0.392063492063492,0.406349206349206,0.92258064516129,0.406199021207178,0.922953451043339,0.409733124018838,0.919937205651491,0.399673735725938,0.2224,0.419713831478537,0.395799676898223,0.403877221324717,0.923824959481361,0.405448717948718,0.397009966777409,0.929577464788732,0.380417335473515,0.929121725731895,0.922834645669291,0.250403877221325,0.470774091627172,0.930578512396694,0.392446633825944,0.925081433224756,0.0326086956521739,0.933554817275748,0.397456279809221,0.593900481540931,0.410714285714286,0.985221674876847,0.369205298013245,0.0158730158730159,0.0195439739413681,0.918138041733547,0.92809364548495,0.4048,0.923566878980892,0.4,0.91869918699187,0.885852090032154,0.915756630265211,0.398671096345515,0.93719806763285,0.916530278232406,0.923577235772358,0.939739413680782,0.415584415584416,0.913539967373573,0.401294498381877,0.170926517571885,0.920634920634921,0.392914653784219,0.920760697305864,0.37987012987013,0.00970873786407767,0.927868852459016,0.391735537190083,0.917341977309562,0.92443729903537,0.916256157635468,0.414516129032258,0.918962722852512,0.408723747980614,0.926470588235294,0.40064620355412,0.92436974789916,0.402261712439418,0.00160513643659711,0.927184466019418,0.561779242174629,0.924342105263158,0.921474358974359,0.392976588628763,0.92891760904685,0.926350245499182,0.921348314606742,0.929824561403509,0.410714285714286,0.4,0.916802610114193,0.9216,0.4064,0.382594417077176,0.924713584288052,0.361290322580645,0.586583463338534,0.0763116057233704,0.405448717948718,0.593851132686084,0.927215189873418,0.402208201892744,0.925986842105263,0.921507064364207,0.93192868719611,0.385852090032154,0.399686520376176,0.400651465798046,0.925,0.927852348993289,0.929906542056075,0.0638297872340425,0.919224555735057,0.378289473684211,0.949838187702265,0.396747967479675,0.393548387096774,0.672025723472669,0.920195439739414,0.919614147909968,0.931818181818182,0.923948220064725,0.928455284552846,0.0355411954765751,0.405228758169935,0.410628019323671,0.9248,0.594637223974763,0.922118380062305,0.914330218068536,0.920840064620355,0.9232,0.922950819672131,0.924050632911392,0.073015873015873,0.234548335974643,0.92604501607717,0.392446633825944,0.923948220064725,0.380032206119163,0.93217665615142,0.924217462932455,0.925081433224756,0.924193548387097,0.919803600654664,0.411861614497529,0.920760697305864,0.583061889250814,0.41025641025641,0.403536977491961,0.398347107438017,0.403973509933775,0.415857605177994,0.353618421052632,0.418006430868167,0.400651465798046,0.393258426966292,0.920886075949367,0.408723747980614,0.927973199329983,0.60702875399361,0.398058252427184,0.232963549920761,0.413223140495868,0.923076923076923,0.929853181076672,0.925632911392405,0.176759410801964,0.385714285714286,0.932367149758454,0.398058252427184,0.408585055643879,0.393890675241158,0.398412698412698,0.603252032520325,0.932584269662921,0.392801251956182,0.398692810457516,0.925986842105263,0.381909547738693,0.917065390749601,0.400625978090767,0.3872,0.919672131147541,0.921052631578947,0.929260450160772,0.457928802588997,0.927272727272727,0.605177993527508,0.0109717868338558,0.396135265700483,0.919743178170145,0.925806451612903,0.0175718849840256,0.401315789473684,0.404255319148936,0.930693069306931,0.922950819672131,0.389507154213037,0.0540540540540541,0.076797385620915,0.918032786885246,0.919866444073456,0.406099518459069,0.92891760904685,0.920807453416149,0.380645161290323,0.926282051282051,0.92,0.391803278688525,0.926229508196721,0.926590538336052,0.92109500805153,0.92332268370607,0.418679549114332,0.388364779874214,0.40567612687813,0.922077922077922,0.916393442622951,0.585987261146497,0.400981996726678,0.932231404958678,0.388178913738019,0.380560131795717,0.92246835443038,0.922345483359746,0.924679487179487,0.925324675324675,0.930868167202572,0.408360128617363,0.917898193760263,0.920454545454545,0.0316666666666667,0.411483253588517,0.426016260162602,0.382022471910112,0.603559870550162,0.396496815286624,0.926868044515103,0.386138613861386,0.409967845659164,0.178343949044586,0.39268680445151,0.930194805194805,0.401883830455259,0.921182266009852,0.92671009771987,0.922222222222222,0.392446633825944,0.390749601275917,0.920967741935484,1,0.0165562913907285,0.919672131147541,0.399676375404531,0.39672131147541,0.389351081530782,0.931780366056572,0.405405405405405,0.391869918699187,0.406862745098039,0.382978723404255,0.399006622516556,0.388524590163934,0.929712460063898,0.403305785123967,0.929530201342282,0.929738562091503,0.065252854812398,0.92156862745098,0.398692810457516,0.921348314606742,0.925515055467512,0.925373134328358,0.405228758169935,0.925515055467512,0.389438943894389,0.92,0.913875598086124,0.916398713826367,0.921052631578947,0.922834645669291,0.391304347826087,0.937397034596376,0.921348314606742,0.391585760517799,0.393203883495146,0.928455284552846,0.924558587479936,0.390127388535032,0.101587301587302,0.922697368421053,0.927330173775671,0.925632911392405,0.0752,0.38961038961039,0.926788685524126,0.388443017656501,0.165853658536585,0.9328,0.603149606299213,0.517295597484277,0.920065252854812,0.928104575163399,0.589939024390244,0.625816993464052,0.431561996779388,0.926590538336052,0.400990099009901,0.920195439739414,0.929276315789474,0.41025641025641,0.92332268370607,0.925324675324675,0.0676328502415459,0.401929260450161,0.924920127795527,0.932258064516129,0.39344262295082,0.934294871794872,0.925619834710744,0.38755980861244,0.263327948303716,0.92741935483871,0.928343949044586,0.927302100161551,0.601275917065391,0.383012820512821,0.390322580645161,0.394080996884735,0.398713826366559,0.606796116504854,0.414910858995138,0.408427876823339,0.398104265402844,0.165302782324059,0.396039603960396,0.92246835443038,0.40405616224649,0.919672131147541,0.395765472312704,0.0077639751552795,0.0192616372391653,0.919937205651491,0.9216,0.0318979266347687,0.930116472545757,0.594976452119309,0.0306451612903226,0.0635179153094463,0.9232,0.605519480519481,0.927536231884058,0.920195439739414,0.465686274509804,0.920583468395462,0.0798722044728434,0.00494233937397035,0.926350245499182,0.916666666666667,0.918831168831169,0.400329489291598,0.568992248062016,0.612956810631229,0.916006339144215,0.92332268370607,0.951612903225806,0.389694041867955,0.261363636363636,0.921440261865794,0.382059800664452,0.933544303797468,0.448220064724919,0.0181219110378913,0.386363636363636,0.38740157480315,0.40893470790378,0.924764890282132,0.00622083981337481,0.917701863354037,0.926910299003322,0.924193548387097,0.17329093799682,0.409240924092409,0.911475409836066,0.395081967213115,0.931893687707641,0.922056384742952,0.391096979332273,0.925324675324675,0.399068322981366,0.923701298701299,0.388349514563107,0.403908794788274,0.9232,0.597359735973597,0.392307692307692,0.92891760904685,0.38562091503268,0.822294022617124,0.400313971742543,0.0777777777777778,0.398119122257053,0.845528455284553,0.395695364238411,0.911666666666667,0.405797101449275,0.411671924290221,0.371753246753247,0.924679487179487,0.929967426710098,0.924764890282132,0.955,0.263865546218487,0.924315619967794,0.402640264026403,0.922824302134647,0.397976391231029,0.393364928909953,0.918789808917197,0.925686591276252,0.933649289099526,0.992012779552716,0.928348909657321,0.389857369255151,0.396135265700483,0.9264,0.928925619834711,0.0147783251231527,0.00491803278688525,0.922455573505654,0.919672131147541,0.393790849673203,0.920195439739414,0.927131782945736,0.388709677419355,0.916943521594684,0.918138041733547,0.611821086261981,0.463223787167449,0.925324675324675,0.0633693972179289,0.923577235772358,0.9184,0.0206677265500795,0.399676375404531,0.929032258064516,0.40032414910859,0.923202614379085,0.961038961038961,0.920325203252032,0.90224358974359,0.923076923076923,0.402337228714524,0.928687196110211,0.931484502446982,0.927631578947368,0.0725552050473186,0.390784982935154,0.935323383084577,0.919175911251981,0.600644122383253,0.925750394944708,0.392405063291139,0.4416,0.405750798722045,0.923809523809524,0.931089743589744,0.916802610114193,0.0161030595813204,0.409836065573771,0.00665557404326123,0.928802588996764,0.389154704944179,0.384615384615385,0.438202247191011,0.0769230769230769,0.927868852459016,0.969354838709677,0.91866028708134,0.926517571884984,0.403940886699507,0.388625592417062,0.08,0.0296052631578947,0.392282958199357,0.397394136807818,0.412238325281804,0.0678807947019868,0.392628205128205,0.925984251968504,0.0747967479674797,0.398412698412698,0.922829581993569,0.920792079207921,0.923076923076923,0.4,0.395275590551181,0.0268456375838926,0.923930269413629,0.395081967213115,0.377633711507293,0.921725239616613,0.916932907348243,0.408945686900958,0.610561056105611,0.927536231884058,0.922697368421053,0.612377850162866,0.92368839427663,0.380573248407643,0.919672131147541,0.397415185783522,0.44408945686901,0.583732057416268,0.3359375,0.925925925925926,0.381558028616852,0.4016,0.60828025477707,0.580952380952381,0.93217665615142,0.399686520376176,0.925742574257426,0.400313971742543,0.925445705024311,0.40228013029316,0.391517128874388,0.434146341463415,0.4384,0.402618657937807,0.397058823529412,0.596122778675283,0.40224358974359,0.0644628099173554,0.933115823817292,0.0679304897314376,0.923701298701299,0.377049180327869,0.923202614379085,0.0595813204508857,0.404567699836868,0.397372742200328,0.924217462932455,0.0139103554868624,0.926517571884984,0.0161550888529887,0.422829581993569,0.935064935064935,0.0158227848101266,0.599358974358974,0.924071082390953,0.923076923076923,0.927652733118971,0.396638655462185,0.0363924050632911,0.931962025316456,0.513071895424837,0.021523178807947,0.429022082018927,0.401626016260163,0.401587301587302,0.920454545454545,0.940322580645161,0.916129032258065,0.932584269662921,0.932038834951456,0.0143312101910828,0.917981072555205,0.604501607717042,0.0741885625965997,0.4064,0.928571428571429,0.9185667752443,0.926788685524126,0.932069510268562,0.0128205128205128,0.400958466453674,0.934713375796178,0.93042071197411,0.927731092436975,0.925742574257426,0.919224555735057,0.921696574225122,0.409888357256778,0.0550161812297735,0.927868852459016,0.00473186119873817,0.397129186602871,0.348949919224556,0.923824959481361,0.477685950413223,0.392190152801358,0.400958466453674,0.919354838709677,0.0322061191626409,0.405405405405405,0.930047694753577,0.92109500805153,0.440129449838188,0.387987012987013,0.382636655948553,0.391025641025641,0.930868167202572,0.39443535188216,0.405103668261563,0.340909090909091,0.398692810457516,0.961102106969206,0.38740157480315,0.00826446280991736,0.402225755166932,0.073015873015873,0.923566878980892,0.013355592654424,0.386731391585761,0.407766990291262,0.389250814332248,0.925324675324675,0.937399678972713,0.923205342237062,0.92109500805153,0.919275123558484,0.920922570016474,0.414075286415712,0.925039872408293,0.387987012987013,0.401015228426396,0.529411764705882,0.60556464811784,0.924409448818898,0.920508744038156,0.0700636942675159,0.400928792569659,0.0403877221324717,0.931464174454829,0.0295566502463054,0.92368839427663,0.925,0.396694214876033,0.923577235772358,0.923857868020305,0.549019607843137,0.362876254180602,0.916286149162861,0.00831946755407654,0.0209677419354839,0.924882629107981,0.919093851132686,0.931309904153355,0.00810372771474878,0.0714285714285714,0.405492730210016,0.489566613162119,0.400936037441498,0.0689102564102564,0.414754098360656,0.00650406504065041,0.923577235772358,0.919407894736842,0.39297124600639,0.407348242811502,0.163961038961039,0.405271828665568,0.4,0.397106109324759,0.924217462932455,0.926868044515103,0.404255319148936,0.924731182795699,0.07085346215781,0.932038834951456,0.147487844408428,0.91900826446281,0.587579617834395,0.927444794952681,0.397745571658615,0.389261744966443,0.0016025641025641,0.588607594936709,0.924315619967794,0.929853181076672,0.714521452145215,0.830564784053156,0.398360655737705,0.398671096345515,0.926868044515103,0.402298850574713,0.188311688311688,0.40432612312812,0.91679748822606,0.0207006369426752,0.923202614379085,0.922824302134647,0.405797101449275,0.595081967213115,0.392857142857143,0.920398009950249,0.93126022913257,0.3904,0.382113821138211,0.407582938388626,0.778145695364238,0.392446633825944,0.920922570016474,0.0191387559808612,0.922204213938412,0.932676518883415,0.6078125,0.561797752808989,0.404362416107383,0.0176565008025682,0.412520064205457,0.926868044515103,0.928934010152284,0.390243902439024,0.4170692431562,0.551834130781499,0.924558587479936,0.397151898734177,0.31629392971246,0.3888,0.902973395931142,0.391014975041597,0.0610932475884244,0.384984025559105,0.398133748055988,0.409917355371901,0.395765472312704,0.404120443740095,0.898876404494382,0.920840064620355,0.380258899676375,0.474209650582363,0.603252032520325,0.163132137030995,0.600337268128162,0.932148626817447,0.412238325281804,0.0639344262295082,0.411858974358974,0.398412698412698,0.304761904761905,0.413290113452188,0.0684713375796178,0.419871794871795,0.388157894736842,0.405990016638935,0.394524959742351
"351",0.0672,0.0624,0.0555555555555556,0.0620031796502385,0.0638977635782748,0.0705128205128205,0.356677524429967,0.0654952076677316,0.0663507109004739,0.964227642276423,0.0558139534883721,0.981012658227848,0.128164556962025,0.0650406504065041,0.613162118780096,0.626582278481013,0.996860282574568,0.389250814332248,0.0630048465266559,0.0649762282091918,0.629807692307692,0.612111292962357,0.0643642072213501,0.907790143084261,0.0671875,0.594383775351014,0.614147909967846,0.0649350649350649,0.0688575899843505,0.14218009478673,0.632329635499208,0.202194357366771,0.0393700787401575,0.6128,0.945161290322581,0.0743801652892562,0.536277602523659,0.0632716049382716,0.62888198757764,0.0673981191222571,0.4064,0.388976377952756,0.385579937304075,0.0608974358974359,0.0624,0.607843137254902,0.614035087719298,0.618973561430793,0.608087091757387,0.599369085173502,0.937791601866252,0.0628019323671498,0.619496855345912,0.0664556962025316,0.0664556962025316,0.4185667752443,0.512155591572123,0.0652866242038217,0.064873417721519,0.0680379746835443,0.5953125,0.611727416798732,0.609324758842444,0.393416927899687,0.0694214876033058,0.069620253164557,0.990338164251208,0.0617088607594937,0.996918335901387,0.601550387596899,0.0598425196850394,0.607655502392344,0.59375,0.0991869918699187,0.560821484992101,0.0680061823802164,0.629457364341085,0.59253499222395,0.0608424336973479,0.605519480519481,0.965686274509804,0.601587301587302,0.604724409448819,0.0650793650793651,0.598746081504702,0.0646153846153846,0.0663430420711974,0.0623003194888179,0.0605095541401274,0.375786163522013,0.0595813204508857,0.0546875,0.936908517350158,0.960443037974684,0.0533117932148627,0.986175115207373,0.935126582278481,0.0625,0.511627906976744,0.397106109324759,0.0632911392405063,0.996805111821086,0.622820919175911,0.065252854812398,0.605815831987076,0.0600315955766193,0.383540372670807,0.0666666666666667,0.600961538461538,0.61875,0.602523659305994,0.0702875399361022,0.605015673981191,0.0624,0.586583463338534,0.0696594427244582,0.6192,0.777070063694268,0.611197511664075,0.59967845659164,0.59170653907496,0.0702028081123245,0.605590062111801,0.600977198697068,0.0536277602523659,0.627358490566038,0.060790273556231,0.0659509202453988,0.745682888540031,0.511664074650078,0.0591054313099042,0.627943485086342,0.061389337641357,0.986259541984733,0.057660626029654,0.621664050235479,0.397196261682243,0.6015625,0.00478468899521531,0.608130081300813,0.96984126984127,0.965463108320251,0.0688,0.0604575163398693,0.593406593406593,0.0588235294117647,0.60741885625966,0.0661290322580645,0.132398753894081,0.0714285714285714,0.610197368421053,0.0627009646302251,0.0709677419354839,0.0630048465266559,0.0573248407643312,0.590614886731392,0.0708661417322835,0.594507269789984,0.808846761453397,0.0688575899843505,0.618380062305296,0.0657276995305164,0.62888198757764,0.976190476190476,0.0547504025764895,0.614262560777958,0.073015873015873,0.064873417721519,0.0686900958466454,0.604938271604938,0.0651828298887122,0.605136436597111,0.0623003194888179,0.611801242236025,0.0675453047775947,0.611745513866232,0.989045383411581,0.0670926517571885,0.43163097199341,0.0593900481540931,0.0644654088050314,0.611556982343499,0.0571428571428571,0.0594679186228482,0.0584518167456556,0.0580847723704867,0.60223642172524,0.617322834645669,0.0669934640522876,0.0634920634920635,0.604327666151468,0.633387888707038,0.0632911392405063,0.629337539432177,0.401515151515151,0.93312101910828,0.610142630744849,0.404761904761905,0.0634920634920635,0.609375,0.0633116883116883,0.0660377358490566,0.0641025641025641,0.620689655172414,0.612055641421947,0.599009900990099,0.0679012345679012,0.0635179153094463,0.060126582278481,0.941558441558442,0.0647709320695103,0.625,0.0286624203821656,0.607371794871795,0.614533965244866,0.309636650868878,0.0621931260229133,0.0686427457098284,0.0568720379146919,0.0632911392405063,0.0629032258064516,0.985668789808917,0.613418530351438,0.604395604395604,0.0710900473933649,0.390894819466248,0.0679012345679012,0.0724191063174114,0.0612244897959184,0.0651162790697674,0.0641025641025641,0.062015503875969,0.934817170111288,0.763239875389408,0.0663507109004739,0.617224880382775,0.0617088607594937,0.624801271860095,0.0582677165354331,0.0631067961165049,0.0608,0.0632090761750405,0.0678807947019868,0.604838709677419,0.0644654088050314,0.411483253588517,0.607655502392344,0.612752721617418,0.62085308056872,0.60952380952381,0.598705501618123,0.641109298531811,0.594594594594595,0.611544461778471,0.61128526645768,0.0684292379471229,0.608695652173913,0.0601001669449082,0.381026438569207,0.609105180533752,0.766457680250784,0.596825396825397,0.0693548387096774,0.0575079872204473,0.0679304897314376,0.814102564102564,0.625,0.0551181102362205,0.606060606060606,0.608024691358025,0.615748031496063,0.605345911949686,0.385103011093502,0.0626003210272873,0.615625,0.613268608414239,0.0641025641025641,0.633663366336634,0.0709779179810726,0.61875,0.6192,0.0646203554119548,0.064,0.0650793650793651,0.542993630573248,0.0606060606060606,0.385103011093502,0.972307692307692,0.608626198083067,0.0645161290322581,0.0591054313099042,0.965189873417722,0.609717868338558,0.611021069692058,0.0554649265905383,0.0648298217179903,0.615262321144674,0.963607594936709,0.935587761674718,0.0701754385964912,0.0620915032679739,0.600924499229584,0.0625978090766823,0.0679012345679012,0.62402496099844,0.0640625,0.0663507109004739,0.614285714285714,0.0629032258064516,0.0668789808917197,0.0667701863354037,0.0651828298887122,0.595576619273302,0.620214395099541,0.608196721311475,0.0667726550079491,0.0695102685624013,0.393700787401575,0.607085346215781,0.0637958532695375,0.61171032357473,0.625,0.0652173913043478,0.0566929133858268,0.0646687697160883,0.0658307210031348,0.0630914826498423,0.599358974358974,0.0731707317073171,0.0725552050473186,0.956026058631922,0.597156398104265,0.561996779388084,0.623987034035656,0.388888888888889,0.615023474178404,0.0613496932515337,0.625199362041467,0.588709677419355,0.802816901408451,0.617088607594937,0.0612903225806452,0.61178247734139,0.0691318327974277,0.0643086816720257,0.0667701863354037,0.6208,0.613707165109034,0.062200956937799,0.0165562913907285,1,0.0723472668810289,0.608490566037736,0.605220228384992,0.625201938610662,0.0550161812297735,0.603715170278638,0.602825745682888,0.60410094637224,0.6208,0.611650485436893,0.619582664526485,0.061128526645768,0.604166666666667,0.0557377049180328,0.057784911717496,0.944444444444444,0.0684039087947883,0.613924050632911,0.0666666666666667,0.0643185298621746,0.0640394088669951,0.595879556259905,0.0638629283489097,0.612377850162866,0.0677966101694915,0.113385826771654,0.0723270440251572,0.0668789808917197,0.0661417322834646,0.6096,0.0579710144927536,0.0617886178861789,0.617784711388456,0.6198738170347,0.0598425196850394,0.0635930047694754,0.615748031496063,0.8796875,0.0635179153094463,0.0599369085173502,0.0663507109004739,0.933227344992051,0.619582664526485,0.060655737704918,0.618604651162791,0.814696485623003,0.0606060606060606,0.383045525902669,0.489859594383775,0.0686900958466454,0.0619047619047619,0.400914634146341,0.376602564102564,0.584269662921348,0.0579710144927536,0.610759493670886,0.0669856459330144,0.0640394088669951,0.603559870550162,0.0608424336973479,0.0662358642972536,0.949685534591195,0.607655502392344,0.0690208667736758,0.0631911532385466,0.601286173633441,0.0603174603174603,0.0690208667736758,0.616747181964573,0.730650154798762,0.0649350649350649,0.0642633228840125,0.0610932475884244,0.401913875598086,0.629457364341085,0.626582278481013,0.612903225806452,0.6078125,0.382875605815832,0.598461538461538,0.591482649842271,0.618012422360248,0.820967741935484,0.615883306320908,0.0648148148148148,0.611635220125786,0.0685805422647528,0.608214849921011,0.973805855161787,0.996875,0.0664605873261206,0.0696594427244582,0.984,0.0533980582524272,0.384615384615385,0.993640699523052,0.9536,0.0630914826498423,0.390749601275917,0.0605095541401274,0.0659340659340659,0.510500807754443,0.06645056726094,0.937699680511182,0.982229402261712,0.0646687697160883,0.0669781931464174,0.0715421303656598,0.596153846153846,0.429210134128167,0.370065789473684,0.0793650793650794,0.0595611285266458,0.0330188679245283,0.625199362041467,0.740740740740741,0.0675039246467818,0.624595469255663,0.0596546310832025,0.5568,0.958132045088567,0.622611464968153,0.618380062305296,0.587436332767402,0.065625,0.976708074534162,0.0715396578538103,0.0574712643678161,0.0647709320695103,0.812403100775194,0.605177993527508,0.0737179487179487,0.6120826709062,0.0648298217179903,0.067741935483871,0.62111801242236,0.0618892508143322,0.609756097560976,0.0619047619047619,0.620355411954766,0.605431309904153,0.0614173228346457,0.389776357827476,0.617151607963247,0.0608424336973479,0.620967741935484,0.178233438485804,0.606201550387597,0.909657320872274,0.614906832298137,0.17192429022082,0.625,0.0754414125200642,0.605723370429253,0.590551181102362,0.645669291338583,0.0676100628930818,0.06645056726094,0.0627943485086342,0.0293159609120521,0.726666666666667,0.0638977635782748,0.608766233766234,0.0615141955835962,0.615511551155115,0.613251155624037,0.0650793650793651,0.0593900481540931,0.057542768273717,0.0256821829855538,0.0594679186228482,0.614906832298137,0.614533965244866,0.0568720379146919,0.0609951845906902,1,0.97427652733119,0.0628019323671498,0.0650406504065041,0.613782051282051,0.0665610142630745,0.0657492354740061,0.6224,0.0710743801652893,0.0694006309148265,0.391849529780564,0.542768273716952,0.0598425196850394,0.940458015267176,0.0688,0.073208722741433,0.967840735068913,0.615141955835962,0.0674157303370786,0.609375,0.0590111642743222,0.0275526742301459,0.067524115755627,0.117088607594937,0.07085346215781,0.610197368421053,0.0586370839936609,0.0608974358974359,0.0563607085346216,0.936335403726708,0.622331691297209,0.053921568627451,0.0732484076433121,0.397798742138365,0.064873417721519,0.605345911949686,0.563981042654028,0.603174603174603,0.0623003194888179,0.0685358255451713,0.0690208667736758,0.965354330708661,0.6064,0.972886762360447,0.0608,0.621283255086072,0.628705148205928,0.585173501577287,0.937399678972713,0.057784911717496,0.0111464968152866,0.0643642072213501,0.0636645962732919,0.606349206349206,0.619195046439629,0.91025641025641,0.985781990521327,0.605769230769231,0.603833865814696,0.591549295774648,0.941272430668842,0.616113744075829,0.062015503875969,0.934920634920635,0.615264797507788,0.0691823899371069,0.0679304897314376,0.0620031796502385,0.613707165109034,0.611455108359133,0.990147783251232,0.0570522979397781,0.61244019138756,0.6203125,0.0642054574638844,0.0726698262243286,0.605055292259084,0.380398671096346,0.0571895424836601,0.0729335494327391,0.372168284789644,0.0615141955835962,0.625776397515528,0.0684039087947883,0.613418530351438,0.549050632911392,0.398753894080997,0.645510835913313,0.0587301587301587,0.620904836193448,0.618066561014263,0.381475667189953,0.399046104928458,0.0544871794871795,0.613564668769716,0.0660225442834139,0.616352201257862,0.0567260940032415,0.609448818897638,0.625407166123778,0.580226904376013,0.540247678018576,0.606158833063209,0.6256,0.396166134185303,0.609984399375975,0.919141914191419,0.0545746388443018,0.938176197836167,0.0675039246467818,0.636215334420881,0.0642054574638844,0.945859872611465,0.616852146263911,0.614886731391586,0.0619902120717781,0.998475609756098,0.0608424336973479,0.971608832807571,0.592833876221498,0.0606060606060606,0.99685534591195,0.402866242038217,0.0611916264090177,0.0682539682539682,0.0607476635514019,0.626029654036244,0.98297213622291,0.0642633228840125,0.502423263327948,0.965798045602606,0.563076923076923,0.60410094637224,0.605919003115265,0.0642633228840125,0.0479338842975207,0.072,0.0627009646302251,0.0613207547169811,0.996904024767802,0.0715396578538103,0.383280757097792,0.938931297709924,0.6,0.0616113744075829,0.0631911532385466,0.0551053484602917,0.0573643410852713,0.976190476190476,0.611197511664075,0.0582677165354331,0.0630048465266559,0.0559210526315789,0.0603174603174603,0.069620253164557,0.0680713128038898,0.584758942457232,0.953074433656958,0.0593900481540931,0.982649842271293,0.614533965244866,0.651968503937008,0.0681458003169572,0.531545741324921,0.619439868204283,0.622641509433962,0.0697305863708399,0.989010989010989,0.606864274570983,0.0582677165354331,0.0685805422647528,0.564724919093851,0.622257053291536,0.615873015873016,0.617886178861789,0.056782334384858,0.608130081300813,0.612244897959184,0.632686084142395,0.611727416798732,0.021875,0.612654320987654,0.977491961414791,0.609717868338558,0.938582677165354,0.0679611650485437,0.972886762360447,0.626602564102564,0.609250398724083,0.618589743589744,0.0605095541401274,0.0588235294117647,0.0640394088669951,0.0625978090766823,0.0611916264090177,0.0659163987138264,0.600969305331179,0.0631911532385466,0.620745542949757,0.613333333333333,0.45958795562599,0.388178913738019,0.0667701863354037,0.071656050955414,0.945226917057903,0.608214849921011,0.942675159235669,0.0585516178736518,0.9856,0.0611916264090177,0.0607553366174056,0.60702875399361,0.0657051282051282,0.0653266331658292,0.436893203883495,0.634266886326194,0.0715372907153729,0.972402597402597,0.964573268921095,0.0657276995305164,0.0660225442834139,0.0587301587301587,0.973143759873618,0.941841680129241,0.604068857589984,0.506369426751592,0.607476635514019,0.939252336448598,0.593192868719611,0.976,0.0710823909531502,0.0637254901960784,0.62095531587057,0.60347551342812,0.817170111287758,0.590909090909091,0.6078125,0.612752721617418,0.0638977635782748,0.0615141955835962,0.60129659643436,0.0649149922720247,0.943127962085308,0.0537974683544304,0.841680129240711,0.0691318327974277,0.38740157480315,0.062111801242236,0.617460317460317,0.619354838709677,0.984251968503937,0.393987341772152,0.0627009646302251,0.0623003194888179,0.278041074249605,0.160714285714286,0.607717041800643,0.617504051863857,0.060702875399361,0.611464968152866,0.807936507936508,0.59546925566343,0.0693374422187981,0.965244865718799,0.0661417322834646,0.0632090761750405,0.606687898089172,0.401612903225806,0.621311475409836,0.0646203554119548,0.0575079872204473,0.62015503875969,0.618589743589744,0.606811145510836,0.210862619808307,0.610032362459547,0.0631911532385466,1,0.0676100628930818,0.0612582781456954,0.373817034700315,0.42879746835443,0.61247947454844,0.998405103668262,0.606741573033708,0.0627943485086342,0.0586319218241042,0.631832797427653,0.592948717948718,0.442367601246106,0.0564263322884013,0.6203125,0.677469135802469,0.623003194888179,0.0900473933649289,0.606741573033708,0.95141065830721,0.615987460815047,0.606531881804043,0.60223642172524,0.614886731391586,0.610852713178295,0.0846394984326019,0.0665610142630745,0.634645669291339,0.531810766721044,0.388349514563107,0.826771653543307,0.380560131795717,0.0526315789473684,0.605345911949686,0.940514469453376,0.596825396825397,0.613312202852615,0.684375,0.604838709677419,0.944707740916272,0.595275590551181,0.616,0.598705501618123,0.625796178343949
"352",1,1,1,1,1,1,0.722044728434505,1,1,0.101307189542484,1,0.0487421383647799,0.807383627608347,1,0.296,0.292913385826772,0.0686427457098284,0.699173553719008,1,1,0.279809220985692,0.297872340425532,1,0.166666666666667,1,0.316692667706708,0.302931596091205,1,1,0.767857142857143,0.292452830188679,0.722397476340694,0.966453674121406,0.293739967897271,0,1,0.555555555555556,1,0.28393135725429,1,0.684126984126984,0.689984101748808,0.702786377708978,1,1,0.305825242718447,0.296998420221169,0.299382716049383,0.309636650868878,0.307086614173228,0,1,0.300314465408805,1,1,0.488817891373802,0.573743922204214,1,1,1,0.315047021943574,0.299684542586751,0.296596434359805,0.690095846645367,1,1,0.0418679549114332,1,0.061633281972265,0.306027820710974,1,0.304625199362041,0.30794701986755,0.970636215334421,0.522620904836194,1,0.294851794071763,0.313755795981453,1,0.297560975609756,0.0912106135986733,0.313099041533546,0.305466237942122,1,0.321144674085851,1,1,1,1,0.707936507936508,1,1,0.00158982511923688,0.113924050632911,1,0.0496894409937888,0,1,0.576354679802956,0.698541329011345,1,0.0610932475884244,0.296529968454259,1,0.297906602254428,1,0.699523052464229,1,0.307324840764331,0.304838709677419,0.305863708399366,1,0.312302839116719,1,0.487692307692308,1,0.296950240770466,0.315286624203822,0.306853582554517,0.296998420221169,0.477917981072555,0.998387096774194,0.31201248049922,0.30278232405892,1,0.287519747235387,1,1,0.346092503987241,0.542452830188679,1,0.298245614035088,1,0.0451010886469673,1,0.30188679245283,0.691823899371069,0.307570977917981,0.926216640502355,0.420032310177706,0.106349206349206,0.1088,1,1,0.317384370015949,1,0.300153139356815,1,0.805993690851735,1,0.302884615384615,1,1,1,1,0.314102564102564,1,0.306946688206785,0.26984126984127,1,0.3046875,1,0.28548644338118,0.0932475884244373,1,0.301302931596091,1,1,1,0.318611987381703,1,0.30064308681672,1,0.295527156549521,1,0.301765650080257,0.0816326530612245,1,0.663920922570016,1,1,0.307568438003221,1,1,1,1,0.309636650868878,0.299684542586751,1,0.998405103668262,0.30188679245283,0.291530944625407,1,0.459069020866774,0.690658499234303,0,0.3072,0.686804451510334,1,0.307086614173228,1,0.998449612403101,1,0.302884615384615,0.309815950920245,0.3125,1,1,1,0,1,0.295934959349594,0.971337579617834,0.304625199362041,0.295133437990581,0.746411483253589,1,1,1,1,1,0.0489731437598736,0.297906602254428,0.309262166405024,1,0.699212598425197,1,1,0.998407643312102,0.998420221169036,1,1,0.00478468899521531,0.328682170542636,1,0.289389067524116,1,0.28341384863124,1,1,1,1,1,0.304,1,0.498381877022654,0.308917197452229,0.313385826771654,0.301435406698565,0.307692307692308,0.3136,0.414634146341463,0.313195548489666,0.306603773584906,0.291079812206573,1,0.309677419354839,1,0.700152207001522,0.299050632911392,0.327613104524181,0.3104,1,1,1,0.270440251572327,0.292063492063492,1,0.301435406698565,0.315384615384615,0.302547770700637,0.304552590266876,0.6928,1,0.305772230889236,0.304975922953451,1,0.289430894308943,1,0.301092043681747,0.301916932907348,1,1,1,0.548956661316212,1,0.698564593301435,0.0854037267080745,0.304,1,1,0.103338632750397,0.307448494453249,0.305825242718447,1,1,0.294117647058824,0.0255591054313099,0.0032258064516129,1,1,0.328149300155521,0.998397435897436,1,0.2984375,1,1,0.30016051364366,1,1,1,1,0.308426073131955,0.300623052959502,0.313311688311688,1,1,0.687797147385103,0.300787401574803,1,0.301412872841444,0.283699059561129,1,1,0.998432601880878,1,1,0.314102564102564,1,1,0.118421052631579,0.321875,0.483870967741935,0.292207792207792,0.682847896440129,0.290679304897314,1,0.294871794871795,0.322169059011164,0.263975155279503,0.30298273155416,1,0.315301391035549,1,1,1,0.293269230769231,0.305555555555556,0.998417721518987,0.919672131147541,0.0723472668810289,1,0.298887122416534,0.310789049919485,0.3008,1,0.313755795981453,0.475357710651828,0.30829420970266,0.291866028708134,0.306946688206785,0.279483037156704,1,0.3056,1,1,0,1,0.303715670436187,1,1,1,0.306962025316456,1,0.287581699346405,1,0.8296875,1,1,1,0.301412872841444,1,1,0.294488188976378,0.292993630573248,1,1,0.30064308681672,0.197204968944099,1,0.998420221169036,1,0,0.302588996763754,1,0.292452830188679,0.256,1,0.692675159235669,0.419906687402799,1,1,0.694189602446483,0.719745222929936,0.328616352201258,1,0.310236220472441,1,1,0.31139646869984,1,0.998405103668262,0.00943396226415094,0.301916932907348,1,1,0.302100161550889,1,1,0.291935483870968,0.347068145800317,1,1,1,0.521462639109698,0.298412698412698,0.335483870967742,0.30381679389313,0.317610062893082,0.704838709677419,0.31496062992126,0.30379746835443,0.298136645962733,0.248407643312102,0.299352750809061,1,0.299531981279251,0.998402555910543,0.301242236024845,0.0872894333843798,0.054773082942097,1,1,0.0412698412698413,1,0.700475435816165,0.0461049284578696,0.014446227929374,1,0.694620253164557,1,1,0.546042003231018,1,0,0.0795454545454545,1,1,1,0.299679487179487,0.666666666666667,0.7,0.992125984251969,1,0.981220657276995,0.2914653784219,0.348242811501597,1,0.293838862559242,1,0.353130016051364,0.113300492610837,0.285031847133758,0.304747320061256,0.319256756756757,1,0.0830721003134796,1,1,1,0.268217054263566,0.307443365695793,1,0.3104,1,1,0.288611544461778,1,0.305007587253414,1,0.29073482428115,0.302737520128824,1,0.697115384615385,0.301092043681747,1,0.297770700636943,0.763492063492063,0.3015625,0.169781931464174,0.301223241590214,0.766129032258065,0.289902280130293,1,0.312401883830455,0.323529411764706,0.279365079365079,1,1,1,0.964052287581699,0.353719008264463,1,0.312399355877617,1,0.293532338308458,0.297507788161994,1,1,1,0.916006339144215,1,0.305426356589147,0.310725552050473,1,1,0.0511551155115512,0.0852090032154341,1,1,0.296900489396411,1,1,0.299363057324841,1,1,0.695859872611465,0.5421875,1,0,1,1,0.106646058732612,0.306477093206951,1,0.307941653160454,0.998422712933754,0.964169381107492,0.998394863563403,0.812403100775194,1,0.313432835820896,1,1,1,0,0.296849087893864,1,1,0.687702265372168,1,0.296998420221169,0.342313787638669,0.308661417322835,1,1,1,0.0963665086887836,0.311688311688312,0.0926517571884984,0.998392282958199,0.295886075949367,0.292452830188679,0.3328125,0,1,0.955766192733017,1,1,0.307570977917981,0.288643533123028,0.1669341894061,0.043338683788122,0.298887122416534,0.300632911392405,0.312302839116719,0.00161030595813205,0.295055821371611,1,0,0.304552590266876,1,1,1,0.298600311041991,0.31104199066874,0.0405186385737439,1,0.298701298701299,0.2921875,1,1,0.30188679245283,0.707236842105263,1,1,0.704180064308682,1,0.299689440993789,1,0.301587301587302,0.539781591263651,0.680685358255452,0.401234567901235,1,0.2859375,0.304761904761905,0.692675159235669,0.675465838509317,1,0.3109375,1,0.304147465437788,1,0.297427652733119,0.29570747217806,0.340222575516693,0.511773940345369,0.304700162074554,0.29073482428115,0.678972712680578,0.302034428794992,0.155228758169935,1,0,1,0.281350482315113,1,0,0.307936507936508,0.299342105263158,1,0.0646153846153846,1,0.0904761904761905,0.319935691318328,1,0.0698412698412698,0.685897435897436,1,1,1,0.301482701812191,0.0432098765432099,1,0.417197452229299,0.105519480519481,0.34472049689441,0.311811023622047,0.306027820710974,1,1,1,1,1,0.0695517774343122,0.996894409937888,0.702362204724409,0.00460829493087558,0.307570977917981,1,1,1,1,0.0900473933649289,0.295133437990581,1,1,1,1,1,1,0.494539781591264,0.00161290322580645,1,0.0881889763779528,0.306349206349206,0.444444444444444,1,0.390322580645161,0.291118421052632,0.297427652733119,1,0.0451612903225806,0.304416403785489,1,1,0.358520900321543,0.2921875,0.299363057324841,0.303225806451613,0.998402555910543,0.312803889789303,0.308056872037915,0.411954765751212,0.301916932907348,0.971337579617834,0.297805642633229,0.0882352941176471,0.312111801242236,0,1,0.0947030497592295,0.289430894308943,0.301916932907348,0.303715670436187,1,1,1,1,1,1,0.310897435897436,1,0.2992,0.307178631051753,0.5856,0.687797147385103,1,1,0,0.299531981279251,0.126382306477093,0.9984375,0.0380348652931854,1,1,0.3042071197411,1,1,0.625,0.40064620355412,0.995447647951442,0.0807754442649435,0.106907894736842,1,1,1,0.0922098569157393,0,0.302180685358255,0.410174880763116,0.302795031055901,0,0.301980198019802,0.0878048780487805,1,1,0.305426356589147,0.304552590266876,0.255555555555556,0.310177705977383,0.294117647058824,0.303599374021909,1,1,0.311688311688312,1,0,1,0.229534510433387,1,0.694006309148265,1,0.294670846394984,0.29903536977492,0.081377151799687,0.694099378881988,1,1,0.796445880452342,0.888529886914378,0.294498381877023,0.296416938110749,1,0.29903536977492,0.266129032258065,0.309061488673139,1,0.110410094637224,1,1,0.297939778129952,0.69721767594108,0.292134831460674,1,1,0.288401253918495,0.292993630573248,0.309486780715397,0.868589743589744,0.30016051364366,1,0.0595611285266458,1,1,0.700156985871272,0.669329073482428,0.302828618968386,0.0587301587301587,0.303030303030303,1,1,0.290322580645161,0.318910256410256,0.618524332810047,1,0.295489891135303,0.364928909952607,0.289676425269646,0.986046511627907,0.4896,0.00477707006369427,0.287301587301587,0.310664605873261,0.316639741518578,0.3042071197411,0.298003072196621,0.976489028213166,1,0.298578199052133,0.562189054726368,0.696284329563813,0.247226624405705,0.705211726384365,1,0.304552590266876,0.00321027287319422,0.309748427672956,0.295774647887324,0.362619808306709,0.303079416531605,0,0.325842696629214,0.309951060358891,0.311501597444089,0.292452830188679
"353",0.293375394321767,0.304953560371517,0.309486780715397,0.3248,0.306027820710974,0.307332293291732,0.0110935023771791,0.317034700315457,0.309707241910632,0.569131832797428,0.311627906976744,0.644859813084112,0.519108280254777,0.317460317460317,1,1,0.616438356164384,0,0.315047021943574,0.308049535603715,1,1,0.315950920245399,0.514774494556765,0.311649016641452,1,1,0.332258064516129,0.303353658536585,0.526984126984127,1,0.587057010785824,0.363354037267081,0.99537037037037,0.672897196261682,0.308319738988581,0.136434108527132,0.314112291350531,1,0.302003081664099,0.00156494522691706,0,0,0.326498422712934,0.310344827586207,1,0.995305164319249,1,1,1,0.693270735524257,0.320967741935484,1,0.3140625,0.306625577812018,0.811802232854864,0.118483412322275,0.309859154929577,0.310664605873261,0.310291858678955,0.992283950617284,1,1,0.0047244094488189,0.317111459968603,0.316358024691358,0.655172413793103,0.322734499205087,0.611195158850227,1,0.311349693251534,1,1,0.269230769230769,0.157650695517774,0.313546423135464,1,0.993893129770992,0.31441717791411,1,0.605769230769231,1,1,0.321928460342146,1,0.32185628742515,0.303317535545024,0.322981366459627,0.3140625,0,0.313099041533546,0.317629179331307,0.692307692307692,0.586523736600306,0.304416403785489,0.639939485627837,0.684129429892142,0.304747320061256,0.121794871794872,0,0.303076923076923,0.614307931570762,1,0.313479623824451,1,0.315625,0,0.320987654320988,1,1,1,0.295281582952816,0.996884735202492,0.315707620528771,0.212538226299694,0.301659125188537,1,0.373643410852713,1,1,0.208588957055215,0.305900621118012,1,1,0.325617283950617,1,0.30849478390462,0.305936073059361,0.3703125,0.751145038167939,0.310897435897436,1,0.322169059011164,0.631659056316591,0.33015873015873,1,0,1,0.376360808709176,0.880064829821718,0.576036866359447,0.599690880989181,0.306477093206951,0.314696485623003,1,0.312111801242236,1,0.295208655332303,0.507645259938838,0.315068493150685,1,0.305426356589147,0.304897314375987,0.320695102685624,0.31924882629108,1,0.297169811320755,1,0.428571428571429,0.31937984496124,1,0.318529862174579,1,0.589171974522293,0.306976744186047,1,0.312597200622084,0.305555555555556,0.330708661417323,0.986238532110092,0.322932917316693,1,0.3234375,1,0.310679611650485,1,0.590138674884438,0.290625,0.036624203821656,0.289348171701113,0.314641744548287,1,0.298299845440495,0.309486780715397,0.309707241910632,0.326625386996904,1,1,0.315619967793881,0.315132605304212,1,1,0.317829457364341,0.241379310344828,0.0207715133531157,0.685847589424572,1,0.0015600624024961,0.313271604938272,1,0.319554848966614,0.300604229607251,0.314241486068111,0.996889580093313,1,1,0.319634703196347,0.312297734627832,0.31651376146789,0.682108626198083,0.30625,1,0.339477726574501,1,1,0.434782608695652,0.322932917316693,0.305135951661631,0.321981424148607,0.298921417565485,0.307814992025518,0.649532710280374,1,1,0.315068493150685,0.00307219662058372,0.319571865443425,0.314503816793893,0.3125,0.304482225656878,0.297507788161994,0.31784107946027,0.702194357366771,0.36,0.299847792998478,1,0.32120253164557,1,0.302469135802469,0.305900621118012,0.300155520995334,0.325358851674641,0.306836248012719,1,0.315870570107858,0.79047619047619,1,1,0.998420221169036,1,1,0.890127388535032,1,1,1,0.305597579425113,1,0.315875613747954,0,1,0.380733944954128,1,0.315372424722662,0.318252730109204,0.304821150855365,0.409302325581395,1,0.320061255742726,1,1,1,1,0,0.31104199066874,1,1,0.315217391304348,1,0.313546423135464,1,1,0.3056,0.311605723370429,0.297839506172839,0.149765990639626,0.324881141045959,0,0.589473684210526,1,0.311627906976744,0.3234375,0.585735963581184,1,1,0.314873417721519,0.321144674085851,1,0.663026521060842,0.700949367088608,0.300632911392405,0.318110236220472,0.993827160493827,0.330188679245283,0.295180722891566,1,0.304821150855365,0.297872340425532,1,0.305164319248826,0.313084112149533,0.305810397553517,0.31832298136646,1,1,1,0.307692307692308,0.318681318681319,0.0061633281972265,0.992076069730586,0.315541601255887,1,1,0.304747320061256,0.321646341463415,0.298136645962733,0.310126582278481,0.304347826086957,1,0.3125,0.306853582554517,0.57784911717496,1,0.829953198127925,1,0,1,0.321375186846039,1,1,0.412576687116564,0.998456790123457,0.31496062992126,1,0.303125,0.291858678955453,0.302325581395349,1,1,0.325077399380805,0.399676375404531,0.608490566037736,0.298887122416534,1,1,1,0.3168,1,0.211508553654743,1,1,1,1,0.324242424242424,1,0.30983606557377,0.321372854914197,0.6875,0.295418641390205,1,0.318042813455657,0.313846153846154,0.311708860759494,1,0.31039755351682,1,0.315629742033384,0.482003129890454,0.319314641744548,0.321259842519685,0.311627906976744,1,0.309148264984227,0.297770700636943,1,1,0.314814814814815,0.303599374021909,1,0.477726574500768,0.311111111111111,0.323076923076923,0.321044546850998,0.687692307692308,1,0.289808917197452,1,0.41692789968652,0.30298273155416,0,0.876335877862595,0.313099041533546,0.315047021943574,0,0.0265625,0.979623824451411,0.312210200927357,1,0.306122448979592,0.31139646869984,1,0.318818040435459,0.314465408805031,0.671406003159558,1,0.31104199066874,0.316770186335404,1,0.304012345679012,0.303937007874016,1,0.341049382716049,0.307692307692308,0.310769230769231,0.32093023255814,0.796352583586626,1,0.979719188767551,1,1,0,1,0.992319508448541,1,0.423197492163009,0.996825396825397,0.301369863013699,0.992492492492492,0.324921135646688,0.995405819295559,0.606980273141123,0.627092846270928,0.309923664122137,0.312594840667678,0.645608628659476,0.315619967793881,0,0.627943485086342,0.688188976377953,0.310291858678955,0,0.310077519379845,0.304347826086957,0.76056338028169,0.31924882629108,0.691833590138675,0.595879556259905,0.314375987361769,0.308396946564885,0.291079812206573,1,0.029940119760479,0,0.313455657492355,0.314814814814815,0.328197226502311,1,0.333333333333333,0.313664596273292,1,0.299539170506912,0.937116564417178,0.56875,1,1,0.991749174917492,0.315467075038285,0.602134146341463,0.3202416918429,0.306818181818182,0.309262166405024,0.411042944785276,1,0.302547770700637,1,0.317965023847377,0.309904153354633,1,0.315457413249211,1,0.316692667706708,1,1,0.312788906009245,0,1,0.312210200927357,1,0.566037735849057,1,0.505376344086022,1,0.557453416149068,1,0.312,1,1,1,0.303543913713405,0.31637519872814,0.311178247734139,0.354166666666667,0.33387358184765,0.31055900621118,1,0.321316614420063,1,1,0.320251177394035,0.316692667706708,0.30781010719755,0.383647798742138,0.324116743471582,1,1,0.32348367029549,0.308777429467085,0.631496062992126,0.589424572317263,0.311627906976744,0.311811023622047,1,0.3,0.310136157337368,0.99537750385208,0.301612903225806,0.30521472392638,0,0.139393939393939,0.309375,0.688059701492537,0.301857585139319,0.315301391035549,0.596923076923077,0.998456790123457,0.304075235109718,1,0.306853582554517,0.34009360374415,0.310185185185185,0.481651376146789,0.308892355694228,1,0.314553990610329,0.319685039370079,0.33015873015873,0.687692307692308,1,0.323248407643312,0.308049535603715,0,0.31733746130031,0.998449612403101,0.9453125,1,0.315955766192733,0.316998468606432,0.30952380952381,0.58868501529052,1,0.594551282051282,0.332814930015552,1,1,0.964396284829721,0.684542586750789,0.323899371069182,0.357366771159875,0.30781010719755,0.316436251920123,1,1,0.5078125,0.63452566096423,1,1,0.998468606431853,0.690251572327044,1,0.316187594553706,0.695787831513261,1,0.317829457364341,0.303937007874016,0.315301391035549,0.996941896024465,1,0.6448,0.315789473684211,1,1,0.320373250388802,0.310185185185185,0.998477929984779,0,0.309968847352025,0.302839116719243,0.00632911392405063,0.307339449541284,1,0.304975922953451,1,0.148377125193199,0,0.894817073170732,0.325652841781874,1,1,0,0,0.325115562403698,1,0.303030303030303,0.998473282442748,0.300469483568075,1,0.998420221169036,0.957613814756672,0.76625386996904,1,1,0.00617283950617284,1,0.516025641025641,0.322734499205087,0.682852807283763,0.321928460342146,1,0.302325581395349,0.673913043478261,1,1,0.311216429699842,0.619047619047619,0.316279069767442,0.585173501577287,0.970266040688576,0.326086956521739,0.608024691358025,0.0123839009287926,0.307692307692308,0.316358024691358,0.310769230769231,1,0.637614678899083,0.306748466257669,0.888540031397174,0.588330632090762,0.965204236006051,1,1,0.300155520995334,0.329652996845426,0.313971742543171,0.302180685358255,0.308049535603715,0.615037593984962,0.297674418604651,0,0.68562874251497,0.998447204968944,0.315301391035549,0.294770206022187,0.315789473684211,0.316923076923077,0.602484472049689,1,0.327102803738318,0.325984251968504,0.324281150159744,0.316614420062696,0.30781010719755,0.305379746835443,0.202453987730061,0.693910256410256,0.31924882629108,0.591962905718702,1,0.238601823708207,0.309262166405024,0.918495297805643,1,1,0.306729264475743,0.634969325153374,1,0.308166409861325,0.298107255520505,0.953821656050955,1,1,0.998405103668262,0.31839258114374,1,1,0.892690513219285,1,0.342635658914729,1,0.5936,1,0.680555555555556,0.301092043681747,0.60596546310832,1,1,0.993660855784469,0.319508448540707,0.321875,0.321086261980831,0.314728682170543,0.323899371069182,0.316455696202532,0.982704402515723,0.308641975308642,1,1,0.703875968992248,0,0.315548780487805,0.31441717791411,0.680365296803653,1,0.563076923076923,0.325688073394495,0.643302180685358,0.308892355694228,0.311183144246353,1,0.308892355694228,0.313114754098361,0.68088467614534,0.903536977491961,0.315946348733234,0.60093896713615,0.576802507836991,0.317972350230415,0.322784810126582,0.300469483568075,0.59375,0.686335403726708,1,0.89622641509434,1,0.672782874617737,0.996845425867508,0.588976377952756,0.306027820710974,0.323248407643312,1,1,0.426332288401254,0.993690851735016,0.996937212863706,1,0.306376360808709,0.316692667706708,1,0.307228915662651,0.691472868217054,0.327613104524181,0.458786936236392,0.297770700636943,0,0.300613496932515,1,1,0.590979782270607,0,0.324492979719189,0.314785373608903,0.105590062111801,0.409888357256778,1,1,0.306853582554517,1,0.414746543778802,1,0.317629179331307,0.587596899224806,0.318181818181818,0.317535545023697,1,0,1,0.303174603174603,0.315955766192733,1,1,1,0.427892234548336,1,0.313479623824451,0.620583717357911,0.326053042121685,0.321895424836601,0,0.0436817472698908,1,0.621664050235479,1,0.322884012539185,0.326433121019108,1,1,0.162037037037037,0.304212168486739,1,0.894656488549618,1,0.323619631901841,0.197802197802198,0.673312883435583,1,1,1,1,1,0.281345565749235,0.301412872841444,1,0.115015974440895,0,0.434108527131783,0,0.321428571428571,1,0.686708860759494,1,1,0.885093167701863,1,0.685015290519878,1,1,1,1
"354",0.295527156549521,0.313880126182965,0.310618066561014,0.326332794830372,0.314285714285714,0.303656597774245,0.0144230769230769,0.324324324324324,0.310452418096724,0.574675324675325,0.321711568938193,0.632970451010886,0.520064205457464,0.323296354992076,1,1,0.619273301737757,0,0.32695374800638,0.308306709265176,1,1,0.328,0.51033386327504,0.313755795981453,1,1,0.33278955954323,0.313084112149533,0.525974025974026,1,0.588328075709779,0.363924050632911,0.996784565916399,0.66131621187801,0.313213703099511,0.138977635782748,0.31832298136646,1,0.304953560371517,0.0015748031496063,0,0,0.338187702265372,0.324675324675325,1,0.995230524642289,1,1,1,0.689873417721519,0.32300163132137,1,0.323390894819466,0.314553990610329,0.82484076433121,0.123376623376623,0.323296354992076,0.32120253164557,0.323763955342903,0.990536277602524,1,1,0.0048,0.315359477124183,0.327073552425665,0.652665589660743,0.324237560192616,0.604615384615385,1,0.310725552050473,1,1,0.273170731707317,0.158555729984301,0.321483771251932,1,0.995268138801262,0.320754716981132,1,0.599001663893511,1,1,0.326465927099842,1,0.321428571428571,0.31637519872814,0.3216,0.318181818181818,0,0.318840579710145,0.32824427480916,0.678125,0.580745341614907,0.324237560192616,0.636923076923077,0.684952978056426,0.321316614420063,0.11869918699187,0,0.312,0.612903225806452,1,0.314516129032258,1,0.319488817891374,0,0.322222222222222,1,1,1,0.309262166405024,0.996889580093313,0.3232,0.196232339089482,0.305810397553517,1,0.369565217391304,1,1,0.2,0.308917197452229,1,1,0.327586206896552,1,0.313253012048193,0.3125,0.372168284789644,0.764252696456086,0.323481116584565,1,0.326984126984127,0.631741140215716,0.340425531914894,1,0.00156985871271586,1,0.385466034755134,0.889621087314662,0.579710144927536,0.600638977635783,0.32018927444795,0.320261437908497,1,0.315457413249211,1,0.308306709265176,0.509316770186335,0.320493066255778,1,0.310725552050473,0.315619967793881,0.322528363047002,0.326860841423948,1,0.305863708399366,1,0.434579439252336,0.326018808777429,1,0.323029366306028,1,0.5968,0.319805194805195,1,0.317460317460317,0.314641744548287,0.339116719242902,0.986089644513138,0.322734499205087,1,0.318910256410256,1,0.324546952224053,1,0.596518987341772,0.303174603174603,0.0279146141215107,0.298701298701299,0.320754716981132,1,0.307692307692308,0.317460317460317,0.325949367088608,0.328,1,1,0.329545454545455,0.319422150882825,1,1,0.315625,0.238317757009346,0.0184331797235023,0.6848,1,0.00158730158730159,0.321316614420063,1,0.329508196721311,0.306603773584906,0.315047021943574,0.996845425867508,1,1,0.332819722650231,0.317741935483871,0.313385826771654,0.68189233278956,0.311501597444089,1,0.34748427672956,1,1,0.433753943217666,0.32741935483871,0.31875,0.324237560192616,0.302547770700637,0.309951060358891,0.637958532695375,1,1,0.312989045383412,0.004739336492891,0.334379905808477,0.31937984496124,0.329073482428115,0.309262166405024,0.308056872037915,0.320813771517997,0.694488188976378,0.36517719568567,0.309033280507132,1,0.32018927444795,1,0.303405572755418,0.301282051282051,0.314102564102564,0.328478964401294,0.316393442622951,1,0.328682170542636,0.806818181818182,1,1,0.998415213946117,1,1,0.894822006472492,1,1,1,0.314152410575428,1,0.318181818181818,0,1,0.380503144654088,1,0.31629392971246,0.321027287319422,0.316211878009631,0.41335453100159,1,0.328616352201258,1,1,1,1,0,0.316037735849057,1,1,0.318037974683544,1,0.325984251968504,1,1,0.310897435897436,0.32794830371567,0.294303797468354,0.148264984227129,0.333870967741935,0,0.59480122324159,1,0.32182103610675,0.315705128205128,0.5796875,1,1,0.331136738056013,0.327974276527331,1,0.654028436018957,0.694444444444444,0.30016051364366,0.327361563517915,0.995290423861852,0.335433070866142,0.312210200927357,1,0.312202852614897,0.304953560371517,1,0.304347826086957,0.322061191626409,0.315955766192733,0.317460317460317,1,1,1,0.31496062992126,0.332278481012658,0.00626959247648903,0.993620414673046,0.329545454545455,1,1,0.306853582554517,0.328125,0.299684542586751,0.323529411764706,0.312989045383412,1,0.309791332263242,0.313195548489666,0.572815533980582,1,0.838351822503962,1,0,1,0.325581395348837,1,1,0.412942989214176,1,0.318770226537217,1,0.318611987381703,0.3056,0.311811023622047,1,1,0.315541601255887,0.39672131147541,0.605220228384992,0.310789049919485,1,1,1,0.316912972085386,1,0.199372056514914,1,1,1,1,0.320872274143302,1,0.323383084577114,0.335453100158982,0.676190476190476,0.305331179321486,1,0.322429906542056,0.325545171339564,0.318481848184819,1,0.308641975308642,1,0.324074074074074,0.488,0.320634920634921,0.325320512820513,0.316118935837246,1,0.314606741573034,0.306581059390048,1,1,0.325396825396825,0.320695102685624,1,0.469767441860465,0.312602291325696,0.328660436137072,0.324960753532182,0.682888540031397,1,0.303333333333333,1,0.4170692431562,0.310789049919485,0,0.879936808846761,0.319805194805195,0.323899371069182,0,0.0317965023847377,0.9808,0.310725552050473,1,0.320388349514563,0.318627450980392,1,0.330708661417323,0.312297734627832,0.669341894060995,1,0.320574162679426,0.323151125401929,1,0.3125,0.309294871794872,1,0.346518987341772,0.315447154471545,0.318611987381703,0.334389857369255,0.804075235109718,1,0.979495268138801,1,1,0.00159235668789809,1,0.993650793650794,1,0.421725239616613,0.998373983739837,0.313084112149533,0.995275590551181,0.332802547770701,0.996810207336523,0.604006163328197,0.630434782608696,0.320872274143302,0.305900621118012,0.645669291338583,0.319286871961102,0,0.623417721518987,0.680952380952381,0.320251177394035,0.00161030595813205,0.3104,0.303656597774245,0.768253968253968,0.323854660347551,0.685126582278481,0.598023064250412,0.316957210776545,0.3203125,0.295527156549521,1,0.0257966616084977,0,0.313385826771654,0.330173775671406,0.335453100158982,1,0.335433070866142,0.319047619047619,1,0.314152410575428,0.941915227629513,0.571197411003236,1,1,0.993197278911565,0.328660436137072,0.599688473520249,0.330218068535826,0.317355371900826,0.31637519872814,0.410742496050553,1,0.311320754716981,1,0.317512274959083,0.325281803542673,1,0.32137030995106,1,0.323151125401929,1,1,0.328616352201258,0,1,0.326530612244898,1,0.573692551505547,1,0.503949447077409,1,0.558213716108453,1,0.315112540192926,1,1,1,0.312796208530806,0.328548644338118,0.316770186335404,0.352365415986949,0.33112582781457,0.305863708399366,1,0.316455696202532,1,1,0.329192546583851,0.31973898858075,0.313479623824451,0.392,0.32398753894081,1,1,0.332278481012658,0.321486268174475,0.632952691680261,0.581583198707593,0.314285714285714,0.312803889789303,1,0.311605723370429,0.32093023255814,0.995184590690209,0.305825242718447,0.307324840764331,0,0.138036809815951,0.317535545023697,0.677321156773212,0.317307692307692,0.326053042121685,0.594679186228482,0.9968,0.315873015873016,1,0.311605723370429,0.354838709677419,0.314785373608903,0.475279106858054,0.323296354992076,1,0.322784810126582,0.3232,0.332273449920509,0.684129429892142,1,0.328968903436989,0.3198127925117,0,0.323343848580442,1,0.954758190327613,1,0.312698412698413,0.326984126984127,0.322006472491909,0.5921875,1,0.594155844155844,0.334389857369255,1,1,0.967032967032967,0.673566878980892,0.331189710610932,0.358161648177496,0.324960753532182,0.316118935837246,1,1,0.515297906602254,0.627035830618892,1,1,1,0.69344262295082,1,0.328173374613003,0.680511182108626,1,0.325,0.317666126418152,0.31496062992126,0.998430141287284,1,0.639669421487603,0.317384370015949,1,1,0.324881141045959,0.309859154929577,1,0,0.311793214862682,0.304487179487179,0.00637958532695375,0.318252730109204,1,0.302439024390244,1,0.1453125,0,0.905572755417957,0.333865814696486,1,1,0,0.00154559505409583,0.323809523809524,1,0.313915857605178,0.998449612403101,0.316045380875203,1,0.998402555910543,0.963375796178344,0.785714285714286,1,1,0.00483091787439614,1,0.514563106796116,0.331189710610932,0.671296296296296,0.327102803738318,1,0.303514376996805,0.675078864353312,1,1,0.321428571428571,0.611620795107034,0.324451410658307,0.580906148867314,0.969648562300319,0.326433121019108,0.60347551342812,0.0113085621970921,0.310509554140127,0.329133858267717,0.318818040435459,1,0.628086419753086,0.31875,0.894991922455573,0.590982286634461,0.965785381026439,1,1,0.309033280507132,0.339837398373984,0.316912972085386,0.31637519872814,0.310126582278481,0.615384615384615,0.305426356589147,0,0.67687595712098,0.998407643312102,0.326984126984127,0.3088,0.326797385620915,0.322480620155039,0.603503184713376,1,0.3359375,0.333870967741935,0.333889816360601,0.317230273752013,0.308426073131955,0.304700162074554,0.191222570532915,0.672727272727273,0.32018927444795,0.600624024960998,1,0.230769230769231,0.316037735849057,0.925686591276252,1,1,0.31687898089172,0.634768740031898,1,0.312698412698413,0.304487179487179,0.959807073954984,1,1,0.996763754045307,0.315301391035549,1,1,0.89983844911147,1,0.349282296650718,1,0.584664536741214,1,0.672307692307692,0.309148264984227,0.5952,1,1,0.993579454253612,0.326530612244898,0.325984251968504,0.31973898858075,0.31687898089172,0.321895424836601,0.324149108589951,0.983844911147011,0.311111111111111,1,1,0.715625,0,0.31974921630094,0.318252730109204,0.677621283255086,1,0.558502340093604,0.318042813455657,0.636075949367089,0.325842696629214,0.323624595469256,1,0.315705128205128,0.31953642384106,0.686786296900489,0.906862745098039,0.324242424242424,0.60129659643436,0.581967213114754,0.328638497652582,0.326332794830372,0.300314465408805,0.592651757188498,0.684375,1,0.893719806763285,1,0.668759811616955,0.998389694041868,0.589371980676328,0.315286624203822,0.330097087378641,1,1,0.435126582278481,0.993517017828201,0.996845425867508,1,0.314785373608903,0.324281150159744,1,0.313935681470138,0.681747269890796,0.33115823817292,0.451456310679612,0.300476947535771,0,0.312111801242236,1,1,0.59375,0.00156985871271586,0.332278481012658,0.316957210776545,0.0985691573926868,0.411960132890365,1,1,0.317384370015949,1,0.410174880763116,1,0.331278890600925,0.586206896551724,0.319422150882825,0.313915857605178,1,0,1,0.305194805194805,0.320907617504052,1,1,1,0.446254071661238,1,0.318541996830428,0.61993769470405,0.331761006289308,0.323151125401929,0.0015625,0.0385852090032154,1,0.621019108280255,1,0.323899371069182,0.330605564648118,1,1,0.160629921259843,0.312202852614897,1,0.89937106918239,1,0.33015873015873,0.189935064935065,0.674050632911392,1,1,1,1,1,0.28503937007874,0.305993690851735,1,0.113636363636364,0.0016025641025641,0.444094488188976,0,0.325842696629214,1,0.673076923076923,1,1,0.886970172684458,1,0.67817896389325,1,1,1,1
"355",0.297427652733119,0.30564263322884,0.308917197452229,0.31810766721044,0.306962025316456,0.303514376996805,0.00966183574879227,0.306946688206785,0.299840510366826,0.57799671592775,0.315047021943574,0.644859813084112,0.513470681458003,0.306709265175719,1,1,0.625786163522013,0,0.310126582278481,0.300157977883096,1,1,0.316535433070866,0.523510971786834,0.306376360808709,1,1,0.326732673267327,0.296583850931677,0.532258064516129,1,0.591482649842271,0.364485981308411,0.998417721518987,0.6768,0.306156405990017,0.133333333333333,0.31924882629108,1,0.300314465408805,0.00322061191626409,0,0,0.33015873015873,0.304487179487179,1,0.995169082125604,1,1,1,0.691338582677165,0.319935691318328,1,0.314375987361769,0.299684542586751,0.825878594249201,0.115873015873016,0.315457413249211,0.310126582278481,0.305732484076433,0.993759750390016,1,1,0.0063391442155309,0.300653594771242,0.307936507936508,0.661835748792271,0.310126582278481,0.621165644171779,1,0.305295950155763,1,1,0.262820512820513,0.150621118012422,0.301538461538462,1,0.995305164319249,0.317384370015949,1,0.613976705490849,1,1,0.3171875,1,0.315467075038285,0.3072,0.323248407643312,0.305958132045089,0,0.307324840764331,0.315707620528771,0.700159489633174,0.593406593406593,0.308306709265176,0.644305772230889,0.684713375796178,0.302034428794992,0.114617940199336,0,0.304416403785489,0.626409017713366,1,0.293046357615894,1,0.307814992025518,0,0.309409888357257,1,1,1,0.299531981279251,0.996865203761755,0.318110236220472,0.2,0.302147239263804,1,0.375594294770206,1,1,0.192488262910798,0.305111821086262,1,1,0.31937984496124,1,0.308166409861325,0.303875968992248,0.3552,0.7578125,0.314845024469821,1,0.323151125401929,0.642301710730949,0.323577235772358,1,0.00157232704402516,1,0.362619808306709,0.899835796387521,0.584664536741214,0.610932475884244,0.302547770700637,0.308917197452229,1,0.298722044728434,1,0.296998420221169,0.506211180124224,0.31937984496124,1,0.296178343949045,0.314696485623003,0.317230273752013,0.326465927099842,1,0.294117647058824,1,0.437598736176935,0.311811023622047,1,0.31055900621118,1,0.601255886970173,0.306320907617504,1,0.310015898251192,0.304347826086957,0.322222222222222,0.987480438184664,0.312599681020734,1,0.318840579710145,1,0.306451612903226,1,0.597156398104265,0.295055821371611,0.0244698205546493,0.286871961102107,0.303656597774245,1,0.293563579277865,0.30829420970266,0.311424100156495,0.3152,1,1,0.316211878009631,0.321316614420063,1,1,0.315384615384615,0.235015772870662,0.0167682926829268,0.696875,1,0.00312989045383412,0.309148264984227,1,0.314102564102564,0.302936630602782,0.304897314375987,1,1,1,0.308980213089802,0.310569105691057,0.3046875,0.696,0.295418641390205,1,0.330683624801272,1,1,0.43968253968254,0.309791332263242,0.315625,0.312101910828025,0.295238095238095,0.300476947535771,0.657051282051282,1,1,0.312302839116719,0.00315955766192733,0.311912225705329,0.308510638297872,0.314516129032258,0.300314465408805,0.291666666666667,0.316436251920123,0.705329153605016,0.356807511737089,0.302066772655008,1,0.315619967793881,1,0.301391035548686,0.294685990338164,0.305246422893482,0.323671497584541,0.304347826086957,1,0.311320754716981,0.801282051282051,1,1,0.996784565916399,1,1,0.897271268057785,1,1,1,0.310344827586207,1,0.318770226537217,0,1,0.384615384615385,1,0.316558441558442,0.314009661835749,0.3056,0.41838351822504,1,0.309375,1,1,1,1,0,0.300476947535771,1,1,0.312698412698413,1,0.308892355694228,1,1,0.304140127388535,0.315533980582524,0.2928,0.144904458598726,0.318840579710145,0,0.602167182662539,1,0.307936507936508,0.313504823151125,0.593457943925234,1,1,0.318555008210181,0.322115384615385,1,0.660883280757098,0.716369529983793,0.297253634894992,0.311793214862682,0.9921875,0.313291139240506,0.308868501529052,1,0.305732484076433,0.298904538341158,1,0.29570747217806,0.310509554140127,0.308056872037915,0.312599681020734,1,1,1,0.2976,0.314606741573034,0.00627943485086342,0.992025518341308,0.317152103559871,1,1,0.303543913713405,0.315873015873016,0.29922480620155,0.30952380952381,0.302694136291601,1,0.301916932907348,0.296703296703297,0.581847649918963,1,0.8448,1,0,1,0.315950920245399,1,1,0.414330218068536,0.998439937597504,0.312903225806452,1,0.302250803858521,0.294952681388013,0.304416403785489,1,1,0.3125,0.389351081530782,0.625201938610662,0.3008,1,1,1,0.318255250403877,1,0.198748043818466,1,1,1,1,0.315384615384615,1,0.306930693069307,0.329113924050633,0.685393258426966,0.298412698412698,1,0.315457413249211,0.307453416149068,0.309178743961353,1,0.296923076923077,1,0.313271604938272,0.478468899521531,0.309748427672956,0.315705128205128,0.304212168486739,1,0.310064935064935,0.302588996763754,1,1,0.315541601255887,0.310015898251192,1,0.4770206022187,0.306188925081433,0.317741935483871,0.322734499205087,0.693877551020408,1,0.288273615635179,1,0.413848631239936,0.304552590266876,0,0.886328725038402,0.313694267515924,0.307073954983923,0,0.0253565768621236,0.9808,0.306477093206951,1,0.2976,0.313504823151125,1,0.313479623824451,0.306946688206785,0.6816,1,0.317535545023697,0.310509554140127,1,0.310077519379845,0.295751633986928,1,0.335433070866142,0.304487179487179,0.306603773584906,0.316639741518578,0.804416403785489,1,0.987096774193548,1,1,0.00161550888529887,1,0.996825396825397,1,0.427432216905901,0.998381877022654,0.302507836990596,0.995334370139969,0.319422150882825,0.996865203761755,0.625,0.639498432601881,0.316279069767442,0.307692307692308,0.655007949125596,0.309210526315789,0,0.640699523052464,0.7,0.313385826771654,0.00158982511923688,0.307324840764331,0.300155520995334,0.760064412238325,0.311424100156495,0.696875,0.607907742998353,0.310126582278481,0.316358024691358,0.294770206022187,1,0.0226244343891403,0,0.3125,0.315955766192733,0.315873015873016,1,0.323151125401929,0.303514376996805,1,0.310236220472441,0.941548183254344,0.583198707592892,1,1,0.994983277591973,0.312597200622084,0.616954474097331,0.311349693251534,0.302134646962233,0.301435406698565,0.42015503875969,1,0.3072,1,0.315533980582524,0.313001605136437,1,0.304065040650407,1,0.31378763866878,1,1,0.306709265175719,0,1,0.315541601255887,1,0.56828885400314,1,0.52418096723869,1,0.554675118858954,1,0.313504823151125,1,1,1,0.299212598425197,0.308186195826645,0.302147239263804,0.336617405582923,0.32512315270936,0.2976,1,0.317460317460317,1,1,0.314641744548287,0.313311688311688,0.308641975308642,0.375198728139905,0.317972350230415,1,1,0.3125,0.317384370015949,0.637987012987013,0.608346709470305,0.302839116719243,0.314606741573034,1,0.306477093206951,0.309486780715397,0.998427672955975,0.299019607843137,0.299373040752351,0,0.1375,0.307814992025518,0.68558282208589,0.303514376996805,0.313084112149533,0.614307931570762,0.998407643312102,0.308064516129032,1,0.303514376996805,0.341772151898734,0.307936507936508,0.467408585055644,0.305246422893482,1,0.311912225705329,0.316211878009631,0.323101777059774,0.696540880503145,1,0.321951219512195,0.316279069767442,0,0.319182389937107,0.998417721518987,0.952755905511811,1,0.308411214953271,0.313572542901716,0.304,0.594427244582043,1,0.604538087520259,0.326860841423948,1,1,0.97007874015748,0.684466019417476,0.320512820512821,0.351910828025478,0.310344827586207,0.318181818181818,1,1,0.519417475728155,0.64251968503937,1,1,0.998425196850394,0.699346405228758,1,0.312210200927357,0.699680511182109,1,0.310236220472441,0.315789473684211,0.307448494453249,0.998427672955975,1,0.646864686468647,0.313084112149533,1,1,0.323529411764706,0.293375394321767,0.998417721518987,0,0.302250803858521,0.310289389067524,0.008,0.31055900621118,1,0.305194805194805,1,0.143533123028391,0,0.907120743034056,0.319620253164557,1,1,0,0.00154320987654321,0.312202852614897,1,0.310789049919485,0.996913580246914,0.307073954983923,1,1,0.962085308056872,0.765822784810127,1,1,0.00634920634920635,1,0.528925619834711,0.316720257234727,0.679186228482003,0.317683881064163,1,0.299524564183835,0.681388012618297,1,1,0.306320907617504,0.629800307219662,0.318541996830428,0.599369085173502,0.97092084006462,0.329617834394904,0.616588419405321,0.0128410914927769,0.31378763866878,0.3125,0.314241486068111,1,0.644305772230889,0.300314465408805,0.890499194847021,0.594936708860759,0.967840735068913,1,1,0.30829420970266,0.326860841423948,0.30016051364366,0.305993690851735,0.310077519379845,0.624036979969183,0.30030959752322,0,0.6875,1,0.313385826771654,0.305732484076433,0.305466237942122,0.3078125,0.608214849921011,1,0.317411402157165,0.320512820512821,0.323481116584565,0.302547770700637,0.302362204724409,0.304897314375987,0.192789968652038,0.690208667736758,0.306581059390048,0.61198738170347,1,0.228209191759113,0.309409888357257,0.922077922077922,1,1,0.30188679245283,0.648475120385233,1,0.304416403785489,0.293650793650794,0.955342902711324,1,1,0.998344370860927,0.308892355694228,1,1,0.908496732026144,1,0.348031496062992,1,0.59935379644588,1,0.687010954616588,0.308426073131955,0.610223642172524,1,1,0.9952,0.312202852614897,0.314102564102564,0.313311688311688,0.314375987361769,0.319935691318328,0.313915857605178,0.983792544570502,0.302215189873418,1,1,0.717908082408875,0,0.306962025316456,0.309636650868878,0.689763779527559,1,0.577044025157233,0.312693498452012,0.655948553054662,0.303514376996805,0.305958132045089,1,0.305111821086262,0.305743243243243,0.684975767366721,0.913398692810457,0.315384615384615,0.615008156606852,0.590690208667737,0.315457413249211,0.314424635332253,0.288643533123028,0.610576923076923,0.682615629984051,1,0.896166134185304,1,0.677067082683307,0.998381877022654,0.6,0.314873417721519,0.320846905537459,1,1,0.434022257551669,0.9936,0.998435054773083,1,0.303370786516854,0.318037974683544,1,0.304821150855365,0.693146417445483,0.321656050955414,0.459807073954984,0.296296296296296,0,0.305164319248826,1,1,0.603448275862069,0.00157728706624606,0.322784810126582,0.314873417721519,0.0843949044585987,0.406976744186047,1,1,0.308176100628931,1,0.419558359621451,1,0.324074074074074,0.60062893081761,0.316455696202532,0.303174603174603,1,0,1,0.300970873786408,0.30952380952381,1,1,1,0.436597110754414,1,0.312202852614897,0.63275039745628,0.324921135646688,0.32300163132137,0.00154798761609907,0.0382775119617225,1,0.6336,1,0.317817014446228,0.323151125401929,1,1,0.16031746031746,0.307692307692308,1,0.904836193447738,1,0.313572542901716,0.199044585987261,0.680817610062893,1,1,1,1,1,0.278816199376947,0.298600311041991,1,0.111650485436893,0.00161550888529887,0.442748091603053,0,0.315873015873016,1,0.675675675675676,1,1,0.892913385826772,1,0.688498402555911,1,1,1,1
"356",1,1,1,1,1,1,0.696284329563813,1,1,0.0870279146141215,1,0.0364500792393027,0.8112,1,0.317230273752013,0.310015898251192,0.0566037735849057,0.684297520661157,1,1,0.292721518987342,0.319148936170213,1,0.150882825040128,1,0.334394904458599,0.314144736842105,1,1,0.792544570502431,0.315533980582524,0.735668789808917,0.963258785942492,0.323717948717949,0,1,0.528,1,0.295418641390205,1,0.667194928684628,0.68,0.692546583850932,1,1,0.321428571428571,0.316476345840131,0.307570977917981,0.324409448818898,0.330128205128205,0,1,0.312202852614897,1,1,0.496753246753247,0.551612903225806,1,1,1,0.331230283911672,0.323151125401929,0.318910256410256,0.668269230769231,1,1,0.0335463258785942,1,0.0510835913312693,0.326053042121685,1,0.320388349514563,0.328382838283828,0.967213114754098,0.495207667731629,1,0.303738317757009,0.334384858044164,1,0.31953642384106,0.0751633986928105,0.331179321486268,0.330081300813008,1,0.338632750397456,1,1,1,1,0.687203791469194,1,1,0.00158730158730159,0.092948717948718,1,0.0395569620253165,0,1,0.552631578947368,0.666666666666667,1,0.0505709624796085,0.310897435897436,1,0.314102564102564,1,0.682615629984051,1,0.316558441558442,0.3232,0.323854660347551,1,0.325842696629214,1,0.463565891472868,1,0.313504823151125,0.30048465266559,0.320872274143302,0.32137030995106,0.45859872611465,0.998405103668262,0.325,0.322847682119205,1,0.306836248012719,1,1,0.326366559485531,0.551020408163265,1,0.322683706070288,1,0.0357142857142857,1,0.320634920634921,0.68312101910828,0.32753164556962,0.940514469453376,0.427868852459016,0.0888888888888889,0.0882825040128411,1,1,0.335443037974684,1,0.315870570107858,1,0.807453416149068,1,0.325657894736842,1,1,1,1,0.33931484502447,1,0.32626427406199,0.253543307086614,1,0.315873015873016,1,0.298245614035088,0.076158940397351,1,0.316476345840131,1,1,1,0.336,1,0.328478964401294,1,0.310015898251192,1,0.328502415458937,0.0682539682539682,1,0.631229235880399,1,1,0.321951219512195,1,1,1,1,0.329581993569132,0.316720257234727,1,0.998412698412698,0.31637519872814,0.311688311688312,1,0.438985736925515,0.665116279069767,0,0.313099041533546,0.666136724960254,1,0.326984126984127,1,0.998442367601246,1,0.317307692307692,0.323390894819466,0.331147540983607,1,1,1,0,1,0.30983606557377,0.973143759873618,0.322006472491909,0.309904153354633,0.736925515055468,1,1,1,1,1,0.0402576489533011,0.319488817891374,0.325471698113208,1,0.677777777777778,1,1,0.9984,0.998387096774194,1,1,0.00158478605388273,0.308527131782946,1,0.314238952536825,1,0.299050632911392,1,1,1,1,1,0.327476038338658,1,0.508943089430894,0.325242718446602,0.331230283911672,0.317589576547231,0.322115384615385,0.331707317073171,0.413961038961039,0.33974358974359,0.319354838709677,0.309636650868878,1,0.319078947368421,1,0.6890625,0.314606741573034,0.312302839116719,0.336617405582923,1,1,1,0.259803921568627,0.314606741573034,1,0.323763955342903,0.335913312693498,0.318471337579618,0.332805071315372,0.682108626198083,1,0.330721003134796,0.320388349514563,1,0.304635761589404,1,0.317535545023697,0.315619967793881,1,1,1,0.533011272141707,1,0.687196110210697,0.0733229329173167,0.322061191626409,1,1,0.0888888888888889,0.328571428571429,0.333333333333333,1,1,0.306962025316456,0.0177133655394525,0,1,1,0.346394984326019,0.998389694041868,1,0.313971742543171,1,1,0.32,1,1,1,1,0.330670926517572,0.308527131782946,0.333333333333333,1,1,0.66875,0.317307692307692,1,0.31875,0.300970873786408,1,1,0.998417721518987,1,1,0.330065359477124,1,1,0.0957095709570957,0.332802547770701,0.48440065681445,0.316045380875203,0.668810289389068,0.31629392971246,1,0.310289389067524,0.3322528363047,0.253521126760563,0.317891373801917,1,0.328638497652582,1,1,1,0.309677419354839,0.325,0.998407643312102,0.931780366056572,0.0550161812297735,1,0.3168,0.316912972085386,0.318255250403877,1,0.33596214511041,0.453074433656958,0.325806451612903,0.313195548489666,0.315270935960591,0.312803889789303,1,0.31869918699187,1,1,0,1,0.331715210355987,1,1,1,0.339256865912762,1,0.311475409836066,1,0.843354430379747,1,1,1,0.319488817891374,1,1,0.313195548489666,0.310509554140127,1,1,0.305466237942122,0.177952755905512,1,0.998392282958199,1,0,0.317741935483871,1,0.312101910828025,0.245192307692308,1,0.675118858954041,0.429017160686427,1,1,0.671253822629969,0.695102685624013,0.352090032154341,1,0.319422150882825,1,1,0.328571428571429,1,0.998387096774194,0.00476190476190476,0.323717948717949,1,1,0.322632423756019,1,1,0.313311688311688,0.32807570977918,1,1,1,0.537007874015748,0.3104,0.351132686084142,0.320433436532508,0.339652448657188,0.678513731825525,0.328149300155521,0.321543408360129,0.321656050955414,0.232,0.31973898858075,1,0.322429906542056,0.99837925445705,0.319047619047619,0.0756172839506173,0.0421216848673947,1,1,0.0289389067524116,1,0.685446009389671,0.0368,0.00810372771474878,1,0.683788121990369,1,1,0.545008183306056,1,0,0.0693069306930693,1,1,1,0.319805194805195,0.641653905053599,0.685245901639344,0.993690851735016,1,0.987361769352291,0.309409888357257,0.325878594249201,1,0.309061488673139,1,0.3728,0.0959349593495935,0.315217391304348,0.322378716744914,0.343589743589744,1,0.0735524256651017,1,1,1,0.258513931888545,0.331699346405229,1,0.319218241042345,1,1,0.314873417721519,1,0.322480620155039,1,0.309033280507132,0.322061191626409,1,0.674641148325359,0.31839258114374,1,0.301948051948052,0.773885350318471,0.323343848580442,0.1472,0.327639751552795,0.784090909090909,0.314238952536825,1,0.324367088607595,0.340625,0.297297297297297,1,1,1,0.974025974025974,0.338842975206612,1,0.321724709784411,1,0.325619834710744,0.3203125,1,1,1,0.927184466019418,1,0.308056872037915,0.322378716744914,1,1,0.0377049180327869,0.07085346215781,1,1,0.316558441558442,1,1,0.309409888357257,1,1,0.680817610062893,0.519685039370079,1,0,1,1,0.0850393700787402,0.330112721417069,1,0.3312,0.998407643312102,0.971383147853736,0.998381877022654,0.82753164556962,1,0.329489291598023,1,1,1,0,0.310965630114566,1,1,0.664516129032258,1,0.318541996830428,0.363494539781591,0.322734499205087,1,1,1,0.0833333333333333,0.324104234527687,0.0858995137763371,0.9984,0.319620253164557,0.313694267515924,0.357030015797788,0,1,0.964968152866242,1,1,0.328990228013029,0.302362204724409,0.150159744408946,0.0339805825242718,0.317307692307692,0.314516129032258,0.321711568938193,0.00164203612479475,0.311708860759494,1,0,0.317610062893082,1,1,1,0.318611987381703,0.320987654320988,0.0311986863711002,1,0.320388349514563,0.308426073131955,1,1,0.321656050955414,0.688741721854305,1,1,0.690095846645367,1,0.311627906976744,1,0.31973898858075,0.521531100478469,0.675425038639876,0.400621118012422,1,0.304821150855365,0.3216,0.676609105180534,0.66031746031746,1,0.322327044025157,1,0.327073552425665,1,0.317152103559871,0.313628899835796,0.363344051446945,0.521943573667712,0.328502415458937,0.311793214862682,0.662420382165605,0.318681318681319,0.14,1,0,1,0.299186991869919,1,0,0.328,0.321895424836601,1,0.0516431924882629,1,0.0765472312703583,0.342622950819672,1,0.0558213716108453,0.667205169628433,1,1,1,0.305785123966942,0.0328125,1,0.428802588996764,0.0837359098228663,0.354788069073783,0.329113924050633,0.328593996840442,1,1,1,1,1,0.0568356374807988,0.996835443037975,0.6801872074883,0.00153609831029186,0.323248407643312,1,1,1,1,0.0805687203791469,0.315286624203822,1,1,1,1,1,1,0.477165354330709,0.0016366612111293,1,0.0748407643312102,0.316639741518578,0.421875,1,0.4,0.313953488372093,0.313291139240506,1,0.0347003154574132,0.32182103610675,1,1,0.371753246753247,0.310509554140127,0.314606741573034,0.32,0.998417721518987,0.328382838283828,0.316692667706708,0.405750798722045,0.316720257234727,0.977987421383648,0.313084112149533,0.075,0.327476038338658,0,1,0.0805152979066023,0.308319738988581,0.331738437001595,0.322061191626409,1,1,1,1,1,1,0.332797427652733,1,0.318840579710145,0.31965811965812,0.593996840442338,0.676375404530744,1,1,0,0.3203125,0.10702875399361,0.998461538461539,0.0339805825242718,1,1,0.323051948051948,1,1,0.630470016207455,0.397708674304419,0.996941896024465,0.0737704918032787,0.0823723228995058,1,1,1,0.0792393026941363,0,0.31875,0.4185303514377,0.3234375,0,0.324675324675325,0.0800653594771242,1,1,0.328125,0.315047021943574,0.226688102893891,0.331699346405229,0.30564263322884,0.32484076433121,1,1,0.33115823817292,1,0,1,0.217041800643087,1,0.67515923566879,1,0.317034700315457,0.308196721311475,0.0694006309148265,0.676656151419558,1,1,0.785483870967742,0.885993485342019,0.32475884244373,0.322422258592471,1,0.317152103559871,0.253225806451613,0.32512315270936,1,0.0894819466248038,1,1,0.319620253164557,0.680851063829787,0.314516129032258,1,1,0.312401883830455,0.317891373801917,0.3203125,0.863123993558776,0.31023102310231,1,0.0458860759493671,1,1,0.698083067092652,0.648298217179903,0.322314049586777,0.0472312703583062,0.323248407643312,1,1,0.310897435897436,0.330645161290323,0.601587301587302,1,0.303125,0.363636363636364,0.306962025316456,0.985915492957746,0.454545454545455,0.00313971742543171,0.306089743589744,0.326625386996904,0.3322528363047,0.319604612850082,0.322480620155039,0.968847352024922,1,0.315286624203822,0.541528239202658,0.689710610932476,0.237871674491393,0.67430441898527,1,0.331230283911672,0,0.330670926517572,0.313001605136437,0.3568,0.327974276527331,0,0.33868378812199,0.318481848184819,0.322115384615385,0.310289389067524
"357",0.308544303797468,0.327131782945736,0.319508448540707,0.334379905808477,0.319508448540707,0.313755795981453,0.014018691588785,0.327586206896552,0.31866464339909,0.552755905511811,0.333839150227618,0.633738601823708,0.52093023255814,0.330275229357798,1,1,0.611280487804878,0,0.336434108527132,0.320061255742726,1,1,0.329803328290469,0.506870229007634,0.324242424242424,1,1,0.342812006319115,0.318731117824773,0.523659305993691,1,0.584848484848485,0.374045801526718,0.995412844036697,0.659937888198758,0.323051948051948,0.140888208269525,0.331818181818182,1,0.314674735249622,0.00156739811912226,0,0,0.334876543209877,0.324409448818898,1,0.9953125,1,1,1,0.670750382848392,0.33125,1,0.339393939393939,0.318885448916409,0.804075235109718,0.12888198757764,0.328197226502311,0.325227963525836,0.329721362229102,0.992412746585736,1,1,0.00458015267175573,0.32753164556962,0.329770992366412,0.648148148148148,0.330218068535826,0.603293413173653,1,0.32824427480916,1,1,0.28125,0.156626506024096,0.327844311377246,1,0.993911719939117,0.329286798179059,1,0.599041533546326,1,1,0.331278890600925,1,0.331352154531946,0.32348367029549,0.33693972179289,0.319938176197836,0,0.328638497652582,0.332838038632987,0.678955453149002,0.572530864197531,0.321259842519685,0.626323751891074,0.673879443585781,0.317557251908397,0.128775834658188,0,0.321592649310873,0.615146831530139,1,0.31924882629108,1,0.326186830015314,0,0.331269349845201,1,1,1,0.31306990881459,0.996937212863706,0.329787234042553,0.2,0.316493313521545,1,0.371951219512195,1,1,0.198484848484848,0.330757341576507,1,1,0.334351145038168,1,0.329411764705882,0.32185628742515,0.356037151702786,0.763993948562784,0.328616352201258,1,0.336492890995261,0.627218934911243,0.348367029548989,1,0,1,0.384259259259259,0.891509433962264,0.567233384853168,0.588597842835131,0.324116743471582,0.3265625,1,0.32469512195122,1,0.308641975308642,0.50076103500761,0.328787878787879,1,0.321538461538462,0.327613104524181,0.326086956521739,0.335925349922239,1,0.314241486068111,1,0.42185128983308,0.337404580152672,1,0.331825037707391,1,0.581903276131045,0.329133858267717,1,0.326186830015314,0.324615384615385,0.343511450381679,0.988095238095238,0.332822085889571,1,0.326594090202177,1,0.324960753532182,1,0.58974358974359,0.309119010819165,0.0284810126582278,0.310126582278481,0.331278890600925,1,0.312977099236641,0.331811263318113,0.329770992366412,0.342064714946071,1,1,0.33489827856025,0.333333333333333,1,1,0.340393343419062,0.234848484848485,0.0163447251114413,0.678461538461538,1,0.00151285930408472,0.326251896813354,1,0.330696202531646,0.318112633181126,0.325688073394495,0.996918335901387,1,1,0.334821428571429,0.324960753532182,0.320610687022901,0.670245398773006,0.315789473684211,1,0.346213292117465,1,1,0.458074534161491,0.330246913580247,0.330316742081448,0.33641975308642,0.309230769230769,0.31924882629108,0.635658914728682,1,1,0.32469512195122,0.00306748466257669,0.328888888888889,0.322289156626506,0.323574730354391,0.312883435582822,0.30829420970266,0.32396449704142,0.688549618320611,0.357357357357357,0.311178247734139,1,0.333333333333333,1,0.31651376146789,0.317111459968603,0.319634703196347,0.334360554699538,0.325545171339564,1,0.334351145038168,0.792626728110599,1,1,0.998444790046656,1,1,0.897035881435257,1,1,1,0.326836581709145,1,0.322734499205087,0,1,0.372372372372372,1,0.335423197492163,0.329738058551618,0.319444444444444,0.412213740458015,1,0.333843797856049,1,1,1,1,0,0.32262996941896,1,1,0.325115562403698,1,0.328767123287671,1,1,0.322884012539185,0.330232558139535,0.311145510835913,0.149691358024691,0.334355828220859,0,0.581709145427286,1,0.325688073394495,0.328125,0.569444444444444,1,1,0.34012539184953,0.336923076923077,1,0.647328244274809,0.695102685624013,0.325115562403698,0.327044025157233,0.993939393939394,0.332814930015552,0.317507418397626,1,0.320121951219512,0.315789473684211,1,0.313664596273292,0.332822085889571,0.323216995447648,0.329835082458771,1,1,1,0.315384615384615,0.334869431643625,0.00606980273141123,0.992307692307692,0.339593114241002,1,1,0.318731117824773,0.333836858006042,0.311450381679389,0.323574730354391,0.317629179331307,1,0.31974921630094,0.31832298136646,0.56782334384858,1,0.838258164852255,1,0,1,0.328358208955224,1,1,0.412121212121212,0.998463901689708,0.331259720062208,1,0.322981366459627,0.315629742033384,0.324200913242009,1,1,0.327639751552795,0.405405405405405,0.603715170278638,0.313755795981453,1,1,1,0.33596214511041,1,0.204930662557781,1,1,1,1,0.333841463414634,1,0.326892109500805,0.339449541284404,0.661490683229814,0.313364055299539,1,0.336349924585219,0.332833583208396,0.325984251968504,1,0.321100917431193,1,0.330827067669173,0.486363636363636,0.331775700934579,0.337539432176656,0.3202416918429,1,0.3265625,0.315541601255887,1,1,0.329268292682927,0.323529411764706,1,0.469079939668175,0.324409448818898,0.335889570552147,0.336377473363775,0.672281776416539,1,0.30016051364366,1,0.417310664605873,0.323029366306028,0,0.871212121212121,0.323343848580442,0.330781010719755,0,0.0306278713629403,0.980273141122914,0.329230769230769,1,0.322932917316693,0.327044025157233,1,0.338905775075988,0.331782945736434,0.662015503875969,1,0.326251896813354,0.333333333333333,1,0.319571865443425,0.32018927444795,1,0.326687116564417,0.319875776397516,0.32370820668693,0.342592592592593,0.795107033639144,1,0.98125,1,1,0,1,0.992248062015504,1,0.415123456790123,0.996860282574568,0.311278195488722,0.992492492492492,0.342064714946071,0.995447647951442,0.597325408618128,0.62012012012012,0.330275229357798,0.324812030075188,0.626524390243902,0.325949367088608,0,0.623853211009174,0.664086687306502,0.327272727272727,0,0.32,0.317073170731707,0.770769230769231,0.335394126738794,0.673252279635258,0.588050314465409,0.323574730354391,0.327272727272727,0.311349693251534,1,0.0263929618768328,0,0.327718223583461,0.340490797546012,0.336363636363636,1,0.329268292682927,0.329211746522411,1,0.314674735249622,0.939814814814815,0.563579277864992,1,1,0.991721854304636,0.324773413897281,0.597305389221557,0.331825037707391,0.318252730109204,0.321483771251932,0.413897280966767,1,0.322884012539185,1,0.333333333333333,0.323943661971831,1,0.328682170542636,1,0.334365325077399,1,1,0.329738058551618,0,1,0.327794561933535,1,0.569230769230769,1,0.496194824961948,1,0.553353658536585,1,0.327613104524181,1,1,1,0.322530864197531,0.334375,0.327272727272727,0.364779874213836,0.318910256410256,0.315789473684211,1,0.333333333333333,1,1,0.334855403348554,0.322429906542056,0.325264750378215,0.385692068429238,0.333834586466165,1,1,0.334351145038168,0.332288401253919,0.624806201550388,0.578947368421053,0.317557251908397,0.328125,1,0.314984709480122,0.324283559577677,0.995412844036697,0.314696485623003,0.329230769230769,0,0.142857142857143,0.325688073394495,0.6784140969163,0.323619631901841,0.335889570552147,0.584821428571429,0.996941896024465,0.324074074074074,1,0.326219512195122,0.356481481481481,0.325,0.476263399693721,0.325652841781874,1,0.327217125382263,0.338006230529595,0.339089481946625,0.678733031674208,1,0.337539432176656,0.322137404580153,0,0.337386018237082,0.998473282442748,0.952380952380952,1,0.325227963525836,0.328849028400598,0.326656394453005,0.582959641255605,1,0.584251968503937,0.33953488372093,1,1,0.967741935483871,0.666666666666667,0.33695652173913,0.364885496183206,0.331269349845201,0.326219512195122,1,1,0.50920245398773,0.618524332810047,1,1,0.998480243161094,0.683307332293292,1,0.328358208955224,0.672281776416539,1,0.335394126738794,0.325581395348837,0.322932917316693,0.996937212863706,1,0.638535031847134,0.330289193302892,1,1,0.329286798179059,0.318461538461538,0.998473282442748,0,0.326086956521739,0.312307692307692,0.00467289719626168,0.326251896813354,1,0.315372424722662,1,0.147640791476408,0,0.903030303030303,0.344036697247706,1,1,0,0,0.333843797856049,1,0.322327044025157,0.998505231689088,0.317901234567901,1,0.998452012383901,0.961538461538462,0.769113149847095,1,1,0.00460829493087558,1,0.508744038155803,0.341614906832298,0.670212765957447,0.333333333333333,1,0.313935681470138,0.667180277349769,1,1,0.322429906542056,0.608955223880597,0.338931297709924,0.579510703363914,0.973478939157566,0.341576506955178,0.592933947772657,0.0108191653786708,0.321483771251932,0.331306990881459,0.327769347496206,1,0.627067669172932,0.321156773211568,0.881987577639752,0.574803149606299,0.966666666666667,1,1,0.32262996941896,0.346518987341772,0.319314641744548,0.325153374233129,0.324200913242009,0.612184249628529,0.313813813813814,0,0.669642857142857,0.998498498498498,0.337423312883436,0.31937984496124,0.3232,0.336391437308869,0.593893129770992,1,0.345565749235474,0.34850863422292,0.338607594936709,0.330246913580247,0.32262996941896,0.32348367029549,0.189759036144578,0.675465838509317,0.329230769230769,0.59236641221374,1,0.238095238095238,0.325545171339564,0.912636505460218,1,1,0.321044546850998,0.624808575803982,1,0.324242424242424,0.314728682170543,0.956521739130435,1,1,0.998425196850394,0.332326283987915,1,1,0.901408450704225,1,0.358778625954198,1,0.578616352201258,1,0.662613981762918,0.323029366306028,0.590625,1,1,0.992163009404389,0.335866261398176,0.331797235023041,0.326625386996904,0.340943683409437,0.337539432176656,0.330188679245283,0.982649842271293,0.321699544764795,1,1,0.714069591527988,0,0.330289193302892,0.324200913242009,0.672155688622755,1,0.55640243902439,0.339339339339339,0.641975308641975,0.318181818181818,0.328050713153724,1,0.319571865443425,0.327447833065811,0.691358024691358,0.906645569620253,0.331369661266568,0.592476489028213,0.569422776911076,0.334862385321101,0.333333333333333,0.309707241910632,0.583460949464012,0.668202764976959,1,0.891104294478528,1,0.658093797276853,0.996850393700787,0.5828125,0.323574730354391,0.336492890995261,1,1,0.420574886535552,0.993730407523511,0.996978851963746,1,0.319018404907975,0.337984496124031,1,0.328402366863905,0.679389312977099,0.337962962962963,0.44375,0.309707241910632,0,0.322727272727273,1,1,0.591117917304747,0,0.335384615384615,0.327188940092166,0.0973724884080371,0.42215088282504,1,1,0.318250377073906,1,0.409657320872274,1,0.340298507462687,0.575987841945289,0.337858220211161,0.326086956521739,1,0,1,0.309748427672956,0.332302936630603,1,1,1,0.451968503937008,1,0.325545171339564,0.618975903614458,0.339969372128637,0.340729001584786,0,0.0399385560675883,1,0.612307692307692,1,0.331811263318113,0.340764331210191,1,1,0.165653495440729,0.316030534351145,1,0.903030303030303,1,0.324812030075188,0.209375,0.658950617283951,1,1,1,1,1,0.300150829562594,0.314728682170543,1,0.121835443037975,0,0.440860215053763,0,0.332822085889571,1,0.666666666666667,1,1,0.894495412844037,1,0.6797583081571,1,1,1,1
"358",0.489698890649762,0.46801872074883,0.47723704866562,0.462145110410095,0.464898595943838,0.481308411214953,0.780564263322884,0.465818759936407,0.476489028213166,0.65224358974359,0.475155279503106,0.572100313479624,0.263074484944533,0.462732919254658,0.206471494607088,0.209302325581395,0.597809076682316,0.802250803858521,0.473354231974922,0.479495268138801,0.219435736677116,0.216174183514774,0.476923076923077,0.697530864197531,0.491551459293395,0.196899224806202,0.211538461538462,0.4624,0.486943164362519,0.25518341307815,0.221003134796238,0.198127925117005,0.43343653250774,0.211180124223602,0.547318611987382,0.474025974025974,0.93613707165109,0.46046511627907,0.209726443768997,0.473926380368098,0.811320754716981,0.792834890965732,0.792048929663609,0.455676516329705,0.457413249211356,0.207062600321027,0.20414673046252,0.206686930091185,0.201574803149606,0.201238390092879,0.525502318392581,0.469194312796209,0.213622291021672,0.480438184663537,0.474921630094044,0.0723270440251572,0.920760697305864,0.471228615863142,0.486902927580894,0.4688995215311,0.191717791411043,0.207221350078493,0.218897637795276,0.805295950155763,0.471819645732689,0.48062015503876,0.559561128526646,0.471608832807571,0.600299401197605,0.212213740458015,0.470404984423676,0.20404984423676,0.2032,0.509708737864078,0.964506172839506,0.478461538461538,0.215503875968992,0.181395348837209,0.474732006125574,0.208469055374593,0.630818619582664,0.199362041467305,0.21978021978022,0.46656298600311,0.18266253869969,0.472560975609756,0.483253588516746,0.456656346749226,0.46551724137931,0.792626728110599,0.479365079365079,0.465857359635812,0.53125,0.636923076923077,0.469745222929936,0.580547112462006,0.534883720930233,0.462132921174652,0.922222222222222,0.799058084772371,0.477987421383648,0.597156398104265,0.225196850393701,0.474878444084279,0.220472440944882,0.463722397476341,0.808049535603715,0.472868217054264,0.196875,0.202808112324493,0.206842923794712,0.477449455676516,0.192901234567901,0.459247648902821,0.998459167950693,0.4779299847793,0.208791208791209,0.832565284178187,0.206373292867982,0.20919175911252,0.998452012383901,0.475077881619938,0.204301075268817,0.200636942675159,0.46551724137931,0.221350078492936,0.470764617691154,0.482388973966309,0.85981308411215,0.443768996960486,0.466034755134281,0.207874015748031,0.483306836248013,0.57593984962406,0.467511885895404,0.202764976958525,0.80030959752322,0.211981566820276,0.398744113029827,0.328548644338118,0.642969984202212,0.634645669291339,0.475,0.463884430176565,0.205651491365777,0.484423676012461,0.195419847328244,0.470125786163522,0.293846153846154,0.463636363636364,0.205501618122977,0.480499219968799,0.47626582278481,0.4768,0.465927099841521,0.184375,0.475077881619938,0.197138314785374,0.777777777777778,0.464788732394366,0.21483771251932,0.478527607361963,0.220496894409938,0.619426751592357,0.470774091627172,0.199680511182109,0.470496894409938,0.469673405909798,0.463790446841294,0.206422018348624,0.481308411214953,0.198083067092652,0.469745222929936,0.19435736677116,0.469354838709677,0.202875399361022,0.624213836477987,0.477165354330709,0.834935897435897,0.4784,0.475384615384615,0.210862619808307,0.481308411214953,0.470774091627172,0.480376766091052,0.478740157480315,0.21216848673947,0.212863705972435,0.47427652733119,0.468553459119497,0.208588957055215,0.221690590111643,0.462249614791988,0.950078003120125,0.816944024205749,0.519623233908948,0.208655332302937,0.814173228346457,0.472136222910217,0.201848998459168,0.486529318541997,0.474885844748858,0.477308294209703,0.210691823899371,0.221036585365854,0.212121212121212,0.466867469879518,0.478190630048465,0.468606431852986,0.526232114467409,0.47626582278481,0.210862619808307,0.443573667711599,0.195548489666137,0.199372056514914,0.716510903426791,0.461904761904762,0.467592592592593,0.453978159126365,0.488372093023256,0.468152866242038,0.579277864992151,0.193396226415094,0.212074303405573,0.467791411042945,0.800925925925926,0.46969696969697,0.473604826546003,0.474097331240188,0.468217054263566,0.484472049689441,0.458270106221548,0.513178294573643,0.866153846153846,0.477308294209703,0.207278481012658,0.477165354330709,0.208791208791209,0.471212121212121,0.466981132075472,0.471786833855799,0.459119496855346,0.481421647819063,0.188767550702028,0.464723926380368,0.0570522979397781,0.2015625,0.208523592085236,0.205087440381558,0.207874015748031,0.212698412698413,0.322274881516588,0.206201550387597,0.19047619047619,0.204930662557781,0.476993865030675,0.2,0.473344103392569,0.797546012269939,0.206572769953052,0.842835130970724,0.203442879499218,0.46984126984127,0.450549450549451,0.4765625,0.802215189873418,0.222222222222222,0.46046511627907,0.214968152866242,0.205792682926829,0.199066874027994,0.209800918836141,0.796875,0.466353677621283,0.20398773006135,0.203149606299213,0.467084639498433,0.2112,0.460829493087558,0.209090909090909,0.219435736677116,0.4736,0.471246006389776,0.486024844720497,0.959119496855346,0.477707006369427,0.794071762870515,0.63969465648855,0.189952904238619,0.474418604651163,0.465927099841521,0.636222910216718,0.200612557427259,0.195859872611465,0.464342313787639,0.4784,0.210526315789474,0.56055900621118,0.521394611727417,0.477777777777778,0.461904761904762,0.188736681887367,0.478193146417445,0.481981981981982,0.212962962962963,0.468118195956454,0.49144634525661,0.205882352941176,0.478740157480315,0.478125,0.4703125,0.472049689440994,0.2046875,0.217522658610272,0.21256038647343,0.470031545741325,0.458135860979463,0.796636085626911,0.196540880503145,0.47068145800317,0.2,0.213836477987421,0.476993865030675,0.461068702290076,0.470588235294118,0.458267716535433,0.470679012345679,0.199362041467305,0.473851030110935,0.482919254658385,0.652312599681021,0.201538461538462,0.360759493670886,0.217115689381933,0.798151001540832,0.208523592085236,0.474320241691843,0.211356466876972,0.197472353870458,0.8,0.204892966360856,0.474358974358974,0.220211161387632,0.468454258675079,0.47244094488189,0.46749226006192,0.1953125,0.210606060606061,0.472868217054264,0.391869918699187,0.602825745682888,0.475357710651828,0.211508553654743,0.199372056514914,0.198748043818466,0.453074433656958,0.204930662557781,1,0.211332312404288,0.204724409448819,0.198748043818466,0.208,0.465116279069767,0.20952380952381,0.468189233278956,0.461059190031153,0.541139240506329,0.476947535771065,0.205047318611987,0.478939157566303,0.478723404255319,0.471819645732689,0.203416149068323,0.476550680786687,0.191011235955056,0.473282442748092,0.308166409861325,0.492211838006231,0.479495268138801,0.453703703703704,0.210608424336973,0.462875197472354,0.466453674121406,0.210608424336973,0.2125,0.469418960244648,0.482704402515723,0.202808112324493,0.734567901234568,0.471698113207547,0.473270440251572,0.457364341085271,0.531152647975078,0.210526315789474,0.478537360890302,0.217928902627512,0.794258373205742,0.483516483516484,0.798771121351767,0.0851063829787234,0.46656050955414,0.470496894409938,0.796686746987952,0.76791277258567,0.186335403726708,0.483253588516746,0.199066874027994,0.465299684542587,0.471061093247588,0.2048,0.491577335375191,0.465927099841521,0.539906103286385,0.205329153605016,0.477987421383648,0.453689167974882,0.203442879499218,0.480857580398162,0.473515248796148,0.205696202531646,0.871559633027523,0.463836477987421,0.469953775038521,0.470774091627172,0.0482115085536547,0.209048361934477,0.23861852433281,0.207772795216741,0.200308166409861,0.808,0.197852760736196,0.202511773940345,0.206153846153846,0.798136645962733,0.2064,0.479389312977099,0.205479452054795,0.460342146189736,0.210200927357032,0.623853211009174,0.584732824427481,0.48062015503876,0.480916030534351,0.569422776911076,0.478740157480315,0.795384615384615,0.5828125,0.531645569620253,0.471582181259601,0.810725552050473,0.472222222222222,0.482919254658385,0.453560371517028,0.477308294209703,0.525984251968504,0.632686084142395,0.469953775038521,0.47758887171561,0.488335925349922,0.1952,0.838038632986627,0.778688524590164,0.487616099071207,0.461180124223602,0.438759689922481,0.22015503875969,0.890649762282092,0.466458658346334,0.210776545166403,0.476708074534161,0.132605304212168,0.643642072213501,0.20679012345679,0.201538461538462,0.197654941373534,0.486196319018405,0.619047619047619,0.48,0.469820554649266,0.462732919254658,0.807633587786259,0.198387096774194,0.482428115015974,0.205607476635514,0.4784,0.481658692185008,0.208074534161491,0.45933014354067,0.216867469879518,0.465408805031447,0.213141025641026,0.210862619808307,0.4609375,0.795886075949367,0.207261724659607,0.467592592592593,0.202194357366771,0.246894409937888,0.216793893129771,0.711598746081505,0.200303490136571,0.221337579617834,0.213592233009709,0.473684210526316,0.207221350078493,0.200310559006211,0.227554179566563,0.478605388272583,0.468454258675079,0.474085365853659,0.430441898527005,0.893267651888342,0.464285714285714,0.188102893890675,0.460218408736349,0.220032840722496,0.207109737248841,0.463949843260188,0.460420032310178,0.459876543209877,0.39622641509434,0.465543644716692,0.218654434250765,0.219284603421462,0.459247648902821,0.456730769230769,0.588045234248788,0.61993769470405,0.477379095163807,0.456279809220986,0.215408805031447,0.476635514018692,0.481089258698941,0.219474497681607,0.482200647249191,0.46583850931677,0.802795031055901,0.955993930197269,0.46749226006192,0.533432392273403,0.474015748031496,0.46676970633694,0.633333333333333,0.215408805031447,0.4608,0.20094191522763,0.46583850931677,0.444444444444444,0.482649842271293,0.304953560371517,0.476947535771065,0.211631663974152,0.465007776049767,0.466981132075472,0.463258785942492,0.512307692307692,0.205787781350482,0.460443037974684,0.467987804878049,0.796529968454259,0.472952086553323,0.203100775193798,0.145962732919255,0.2078125,0.490853658536585,0.464506172839506,0.472527472527473,0.64031007751938,0.204472843450479,0.629746835443038,0.451816745655608,0.215716486902928,0.217325227963526,0.166924265842349,0.540752351097179,0.475155279503106,0.417956656346749,0.469512195121951,0.480122324159021,0.195548489666137,0.21505376344086,0.707006369426752,0.592063492063492,0.217592592592593,0.201574803149606,0.213960546282246,0.518110236220472,0.207692307692308,0.45619335347432,0.536163522012579,0.209800918836141,0.457055214723926,0.46676970633694,0.47196261682243,0.205521472392638,0.208074534161491,0.567524115755627,0.478328173374613,0.218553459119497,0.212307692307692,0.477657935285054,0.481366459627329,0.203100775193798,0.785483870967742,0.470304975922953,0.472178060413355,0.80824088748019,0.465543644716692,0.223404255319149,0.49203821656051,0.214618973561431,0.961180124223602,0.794207317073171,0.318042813455657,0.464012251148545,0.206738131699847,0.203703703703704,0.791601866251944,0.808734939759036,0.470496894409938,0.199687987519501,0.479233226837061,0.209726443768997,0.469194312796209,0.205329153605016,0.207606973058637,0.169014084507042,0.422360248447205,0.207006369426752,0.219589257503949,0.814173228346457,0.206842923794712,0.695161290322581,0.473015873015873,0.540581929555896,0.469418960244648,0.209856915739269,0.479559748427673,0.53953488372093,0.207936507936508,0.210862619808307,0.473515248796148,0.599397590361446,0.473035439137134,0.6296875,0.167721518987342,0.447452229299363,0.604327666151468,0.8171875,0.459119496855346,0.464898595943838,0.476993865030675,0.198373983739837,0.589665653495441,0.476923076923077,0.10641627543036,0.617693522906793,0.171253822629969,0.206201550387597,0.20763358778626,0.475968992248062,0.447154471544715,0.481012658227848,0.46676970633694,0.476851851851852,0.602739726027397,0.495426829268293,0.78816199376947,0.531946508172363,0.207165109034268,0.466973886328725,0.483974358974359,0.476038338658147,0.468315301391036,0.629513343799058,0.214285714285714,0.464831804281346,0.461658841940532,0.461538461538462,0.476340694006309,0.472222222222222,0.47723704866562,0.992307692307692,0.538461538461538,0.472307692307692,0.624806201550388,0.207488299531981,0.961059190031153,0.476043276661515,0.143974960876369,0.217320261437909,0.215503875968992,0.476635514018692,0.576802507836991,0.202160493827161,0.471582181259601,0.490683229813665,0.156050955414013,0.204930662557781,0.196825396825397,0.212218649517685,0.460122699386503,0.206677265500795,0.212307692307692,0.311912225705329,0.206299212598425,0.438271604938272,0.202416918429003,0.632258064516129,0.199692780337942,0.539755351681957,0.4736,0.608626198083067,0.217391304347826,0.206572769953052,0.205696202531646,0.474809160305344,0.451863354037267,0.476190476190476,0.471317829457364,0.483922829581994,0.46993670886076,0.190174326465927,0.489827856025039,0.205974842767296,0.201680672268908,0.451070336391437,0.787301587301587,0.472307692307692,0.467692307692308,0.542503863987635,0.195685670261941,0.650077760497667,0.464447806354009,0.572327044025157,0.47906976744186,0.480127186009539,0.200949367088608,0.478605388272583,0.474714518760196,0.518282988871224,0.303370786516854,0.474074074074074,0.607594936708861,0.637362637362637,0.46417445482866,0.45253164556962,0.46583850931677,0.629283489096573,0.534668721109399,0.204301075268817,0.103338632750397,0.217522658610272,0.534775888717156,0.2,0.622611464968153,0.469096671949287,0.476874003189793,0.214611872146119,0.208012326656394,0.792452830188679,0.203821656050955,0.21505376344086,0.203389830508475,0.477917981072555,0.469578783151326,0.193290734824281,0.478454680534918,0.543076923076923,0.465299684542587,0.756289308176101,0.476415094339623,0.797213622291022,0.475232198142415,0.204081632653061,0.210272873194221,0.616923076923077,0.803680981595092,0.467716535433071,0.47444089456869,0.685271317829457,0.567699836867863,0.206730769230769,0.208667736757624,0.476708074534161,0.196850393700787,0.810344827586207,0.208860759493671,0.471582181259601,0.633802816901408,0.474178403755869,0.47444089456869,0.203732503888025,0.786858974358974,0.197472353870458,0.478964401294498,0.473186119873817,0.20679012345679,0.210852713178295,0.196374622356495,0.495327102803738,0.206624605678233,0.480376766091052,0.599383667180277,0.46656298600311,0.463651050080775,0.786707882534776,0.845201238390093,0.19645732689211,0.58411214953271,0.2015625,0.469291338582677,0.455414012738854,0.21259842519685,0.199074074074074,0.8578125,0.458914728682171,0.212863705972435,0.308396946564885,0.210691823899371,0.494623655913978,0.973186119873817,0.52639751552795,0.216174183514774,0.196018376722818,0.200317965023847,0.20952380952381,0.199081163859112,0.5,0.486068111455108,0.204018547140649,0.919354838709677,0.810126582278481,0.762870514820593,0.782537067545305,0.453543307086614,0.196261682242991,0.536277602523659,0.186915887850467,0.205607476635514,0.322981366459627,0.201587301587302,0.538819875776398,0.214175654853621,0.203821656050955,0.197784810126582,0.202492211838006
"359",0.302737520128824,0.326053042121685,0.325,0.329173166926677,0.317111459968603,0.3109375,0.0111642743221691,0.333860759493671,0.320493066255778,0.572567783094099,0.319018404907975,0.626728110599078,0.517295597484277,0.330203442879499,1,1,0.619414483821264,0,0.328638497652582,0.312989045383412,1,1,0.328746177370031,0.506230529595016,0.318112633181126,1,1,0.344155844155844,0.311627906976744,0.529032258064516,1,0.583975346687211,0.37037037037037,0.99685534591195,0.665109034267913,0.326298701298701,0.140625,0.319634703196347,1,0.308282208588957,0.00309119010819165,0,0,0.336990595611285,0.325949367088608,1,0.993650793650794,1,1,1,0.679506933744222,0.331761006289308,1,0.323529411764706,0.314152410575428,0.811410459587956,0.119751166407465,0.319685039370079,0.319314641744548,0.322480620155039,0.992378048780488,1,1,0.00623052959501558,0.32484076433121,0.322033898305085,0.648264984227129,0.331761006289308,0.602719033232628,1,0.322480620155039,1,1,0.284345047923323,0.16358024691358,0.321212121212121,1,0.993911719939117,0.326687116564417,1,0.592233009708738,1,1,0.328197226502311,1,0.334355828220859,0.322429906542056,0.331768388106416,0.323899371069182,0,0.322222222222222,0.328849028400598,0.686244204018547,0.568147013782542,0.313479623824451,0.632776934749621,0.673913043478261,0.319444444444444,0.123993558776167,0,0.3198127925117,0.608832807570978,1,0.313694267515924,1,0.324492979719189,0,0.32348367029549,1,1,1,0.308411214953271,0.995341614906832,0.328767123287671,0.211332312404288,0.310708898944193,1,0.372854914196568,1,1,0.208074534161491,0.32093023255814,1,1,0.332822085889571,1,0.320417287630402,0.319083969465649,0.352484472049689,0.771604938271605,0.325949367088608,1,0.333333333333333,0.627450980392157,0.339774557165862,1,0.00152905198776758,1,0.381619937694704,0.88529886914378,0.572769953051643,0.59375,0.327639751552795,0.325358851674641,1,0.320373250388802,1,0.313664596273292,0.515384615384615,0.328787878787879,1,0.317111459968603,0.326498422712934,0.330721003134796,0.323899371069182,1,0.314553990610329,1,0.425499231950845,0.329754601226994,1,0.322727272727273,1,0.584394904458599,0.322169059011164,1,0.330745341614907,0.31832298136646,0.339035769828927,0.989263803680982,0.330246913580247,1,0.329652996845426,1,0.321656050955414,1,0.58641975308642,0.311349693251534,0.032051282051282,0.305993690851735,0.3234375,1,0.312597200622084,0.32398753894081,0.324534161490683,0.335423197492163,1,1,0.325396825396825,0.334890965732087,1,1,0.321428571428571,0.241486068111455,0.0209895052473763,0.68167701863354,1,0.0031201248049922,0.320987654320988,1,0.325471698113208,0.318250377073906,0.325545171339564,0.996927803379416,1,1,0.336363636363636,0.322784810126582,0.321592649310873,0.671850699844479,0.312302839116719,1,0.349056603773585,1,1,0.455246913580247,0.329635499207607,0.325617283950617,0.325153374233129,0.308892355694228,0.31637519872814,0.626356589147287,1,1,0.322530864197531,0.00457317073170732,0.331306990881459,0.317629179331307,0.324960753532182,0.312404287901991,0.304012345679012,0.322775263951735,0.68944099378882,0.357251908396947,0.309341500765697,1,0.33122028526149,1,0.317411402157165,0.313479623824451,0.324031007751938,0.329652996845426,0.317384370015949,1,0.327131782945736,0.791277258566978,1,1,0.996850393700787,1,1,0.896166134185304,1,1,1,0.322137404580153,1,0.324281150159744,0,1,0.381316998468606,1,0.32807570977918,0.327160493827161,0.316037735849057,0.414330218068536,1,0.335403726708075,1,1,1,1,0,0.31496062992126,1,1,0.332814930015552,1,0.324655436447167,1,1,0.318110236220472,0.325984251968504,0.305295950155763,0.151090342679128,0.334913112164297,0,0.585843373493976,1,0.323619631901841,0.33489827856025,0.572741194486983,1,1,0.332268370607029,0.3296875,1,0.648148148148148,0.692913385826772,0.307570977917981,0.321951219512195,0.995433789954338,0.332288401253919,0.308157099697885,1,0.315384615384615,0.31651376146789,1,0.31687898089172,0.323343848580442,0.31832298136646,0.324074074074074,1,1,1,0.31875,0.332293291731669,0.0061633281972265,0.99075500770416,0.331738437001595,1,1,0.312693498452012,0.330289193302892,0.310077519379845,0.320373250388802,0.323574730354391,1,0.311320754716981,0.313385826771654,0.567092651757188,1,0.838557993730408,1,0,1,0.330804248861912,1,1,0.425269645608629,0.998449612403101,0.326498422712934,1,0.314375987361769,0.312111801242236,0.317262830482115,1,1,0.323619631901841,0.406862745098039,0.60410094637224,0.30829420970266,1,1,1,0.325806451612903,1,0.211332312404288,1,1,1,1,0.331288343558282,1,0.323671497584541,0.338509316770186,0.679012345679012,0.310126582278481,1,0.325115562403698,0.329803328290469,0.325281803542673,1,0.313364055299539,1,0.336890243902439,0.483720930232558,0.323619631901841,0.330670926517572,0.325038880248834,1,0.330203442879499,0.312101910828025,1,1,0.33125,0.315625,1,0.467987804878049,0.320754716981132,0.334883720930233,0.332819722650231,0.673374613003096,1,0.298217179902755,1,0.414285714285714,0.308917197452229,0,0.879019908116386,0.323809523809524,0.322530864197531,0,0.0328125,0.981102362204724,0.318252730109204,1,0.317262830482115,0.32475884244373,1,0.321752265861027,0.314873417721519,0.656877897990726,1,0.324074074074074,0.32398753894081,1,0.315789473684211,0.304140127388535,1,0.333333333333333,0.31496062992126,0.31859756097561,0.339171974522293,0.796946564885496,1,0.9796875,1,1,0.00154559505409583,1,0.993827160493827,1,0.422291993720565,0.996784565916399,0.314900153609831,0.99388379204893,0.340062111801242,0.99537750385208,0.597037037037037,0.621212121212121,0.325688073394495,0.320121951219512,0.625592417061611,0.326984126984127,0,0.626168224299065,0.675465838509317,0.323029366306028,0.00154320987654321,0.314728682170543,0.311424100156495,0.767660910518053,0.325617283950617,0.68025078369906,0.585644371941272,0.323529411764706,0.323076923076923,0.305295950155763,1,0.029673590504451,0,0.326656394453005,0.324655436447167,0.339477726574501,1,0.334905660377358,0.318885448916409,1,0.311728395061728,0.939628482972136,0.566929133858268,1,1,0.993377483443709,0.324200913242009,0.594180704441041,0.331297709923664,0.32,0.31832298136646,0.418960244648318,1,0.316535433070866,1,0.327014218009479,0.329133858267717,1,0.323854660347551,1,0.325508607198748,1,1,0.328725038402458,0,1,0.329192546583851,1,0.553158705701079,1,0.505376344086022,1,0.55,1,0.323671497584541,1,1,1,0.317411402157165,0.32753164556962,0.314589665653495,0.359098228663446,0.33063209076175,0.313084112149533,1,0.325038880248834,1,1,0.331797235023041,0.320574162679426,0.327718223583461,0.401883830455259,0.326807228915663,1,1,0.335913312693498,0.32018927444795,0.618441971383148,0.584905660377358,0.317262830482115,0.3234375,1,0.309375,0.326315789473684,0.993808049535604,0.313880126182965,0.314152410575428,0,0.142857142857143,0.320251177394035,0.674591381872214,0.311526479750779,0.328682170542636,0.590769230769231,0.998420221169036,0.321316614420063,1,0.322085889570552,0.358609794628752,0.317610062893082,0.481651376146789,0.319314641744548,1,0.330232558139535,0.324451410658307,0.335473515248796,0.682515337423313,1,0.3408,0.328197226502311,0,0.333841463414634,0.998452012383901,0.951863354037267,1,0.323029366306028,0.330218068535826,0.3234375,0.581570996978852,1,0.588235294117647,0.338582677165354,1,1,0.966257668711656,0.670295489891135,0.334890965732087,0.363636363636364,0.321156773211568,0.321483771251932,1,1,0.504702194357367,0.619122257053291,1,1,0.998477929984779,0.682539682539683,1,0.334862385321101,0.672926447574335,1,0.331825037707391,0.3216,0.328100470957614,0.996894409937888,1,0.636807817589576,0.3265625,1,1,0.330246913580247,0.32258064516129,0.998463901689708,0,0.318541996830428,0.314375987361769,0.0062015503875969,0.319508448540707,1,0.317460317460317,1,0.145510835913313,0,0.899248120300752,0.330246913580247,1,1,0,0.00151975683890578,0.327073552425665,1,0.313099041533546,0.996969696969697,0.307570977917981,1,0.998442367601246,0.961059190031153,0.773790951638066,1,1,0.00474683544303797,1,0.514331210191083,0.3376,0.666156202143951,0.327131782945736,1,0.308176100628931,0.667692307692308,1,1,0.333855799373041,0.61136023916293,0.335913312693498,0.582938388625592,0.978193146417445,0.33179012345679,0.595975232198142,0.0125786163522013,0.315707620528771,0.320872274143302,0.326186830015314,1,0.631498470948012,0.313364055299539,0.88801261829653,0.57487922705314,0.969135802469136,1,1,0.31937984496124,0.346278317152104,0.318979266347687,0.315301391035549,0.32398753894081,0.610015174506829,0.3125,0,0.66965620328849,0.998459167950693,0.330792682926829,0.316535433070866,0.317666126418152,0.326251896813354,0.591263650546022,1,0.342024539877301,0.339116719242902,0.336569579288026,0.327073552425665,0.318042813455657,0.313271604938272,0.201219512195122,0.673015873015873,0.315301391035549,0.593220338983051,1,0.232558139534884,0.332810047095761,0.917065390749601,1,1,0.320373250388802,0.631415241057543,1,0.323029366306028,0.309968847352025,0.961102106969206,1,1,0.996789727126806,0.328725038402458,1,1,0.894321766561514,1,0.36085626911315,1,0.5808,1,0.669781931464174,0.317829457364341,0.587579617834395,1,1,0.9936,0.328746177370031,0.336973478939158,0.323763955342903,0.32348367029549,0.3328,0.328616352201258,0.984301412872841,0.31839258114374,1,1,0.72281776416539,0,0.326120556414219,0.327769347496206,0.674846625766871,1,0.555209953343701,0.328220858895706,0.641421947449768,0.322327044025157,0.33015873015873,1,0.31924882629108,0.321486268174475,0.695102685624013,0.904065040650406,0.330357142857143,0.600315955766193,0.56782334384858,0.332298136645963,0.326433121019108,0.311349693251534,0.58411214953271,0.675384615384615,1,0.886645962732919,1,0.659969088098918,0.996850393700787,0.587774294670846,0.325508607198748,0.328593996840442,1,1,0.431464174454829,0.992050874403816,0.996927803379416,1,0.321316614420063,0.336448598130841,1,0.323262839879154,0.679506933744222,0.337519623233909,0.444444444444444,0.307570977917981,0,0.316436251920123,1,1,0.593272171253823,0.00152905198776758,0.338983050847458,0.326120556414219,0.102643856920684,0.416,1,1,0.320373250388802,1,0.418096723868955,1,0.338957055214724,0.589393939393939,0.331775700934579,0.323809523809524,1,0,1,0.309294871794872,0.324960753532182,1,1,1,0.442700156985871,1,0.325,0.617737003058104,0.333850931677019,0.332273449920509,0.00153374233128834,0.0391236306729265,1,0.612654320987654,1,0.328100470957614,0.342902711323764,1,1,0.172413793103448,0.324074074074074,1,0.896656534954407,1,0.319508448540707,0.203174603174603,0.658986175115207,1,1,1,1,1,0.294298921417565,0.312893081761006,1,0.123809523809524,0.00157232704402516,0.439628482972136,0,0.329133858267717,1,0.678071539657854,1,1,0.889235569422777,1,0.668730650154799,1,1,1,1
"360",0.284789644012945,0.3015625,0.300155520995334,0.309904153354633,0.303599374021909,0.297939778129952,0.0114566284779051,0.313504823151125,0.311627906976744,0.574638844301766,0.304147465437788,0.644817073170732,0.509463722397476,0.30829420970266,1,1,0.629457364341085,0,0.307570977917981,0.296062992125984,1,1,0.308755760368664,0.530326594090202,0.304147465437788,1,1,0.32520325203252,0.302752293577982,0.511182108626198,1,0.579192546583851,0.359567901234568,0.995348837209302,0.678913738019169,0.313014827018122,0.133647798742138,0.316279069767442,1,0.303076923076923,0.00314465408805031,0,0,0.316535433070866,0.302066772655008,1,0.995305164319249,1,1,1,0.694444444444444,0.3125,1,0.313755795981453,0.301092043681747,0.820224719101124,0.114832535885167,0.308544303797468,0.303599374021909,0.305379746835443,0.992319508448541,1,1,0.00470957613814757,0.308064516129032,0.308176100628931,0.660287081339713,0.3140625,0.619482496194825,1,0.305511811023622,1,1,0.265700483091787,0.154446177847114,0.311278195488722,1,0.995348837209302,0.314152410575428,1,0.604538087520259,1,1,0.313385826771654,1,0.30804248861912,0.3104,0.311912225705329,0.303030303030303,0,0.308186195826645,0.31866464339909,0.697388632872504,0.590979782270607,0.301127214170692,0.652439024390244,0.690251572327044,0.304212168486739,0.116316639741519,0,0.305511811023622,0.626391096979332,1,0.304838709677419,1,0.302362204724409,0,0.313479623824451,1,1,1,0.297674418604651,0.995334370139969,0.313479623824451,0.202702702702703,0.310708898944193,1,0.378125,1,1,0.199381761978362,0.2984375,1,1,0.315217391304348,1,0.303120356612184,0.307575757575758,0.360808709175739,0.766975308641975,0.313694267515924,1,0.324367088607595,0.651651651651652,0.316720257234727,1,0.00152671755725191,1,0.364069952305246,0.88780487804878,0.587774294670846,0.607535321821036,0.306729264475743,0.311897106109325,1,0.302795031055901,1,0.294209702660407,0.494640122511485,0.313271604938272,1,0.296875,0.304278922345483,0.307568438003221,0.311912225705329,1,0.294952681388013,1,0.434108527131783,0.317262830482115,1,0.312977099236641,1,0.599683544303797,0.304975922953451,1,0.3125,0.300623052959502,0.321259842519685,0.987654320987654,0.313971742543171,1,0.308777429467085,1,0.302737520128824,1,0.598746081504702,0.293563579277865,0.0305466237942122,0.288431061806656,0.304897314375987,1,0.297971918876755,0.308527131782946,0.312210200927357,0.317610062893082,1,1,0.3088,0.315047021943574,1,1,0.30564263322884,0.228878648233487,0.0242792109256449,0.7088,1,0.00309119010819165,0.301242236024845,1,0.314102564102564,0.3,0.307210031347962,0.996850393700787,1,1,0.316590563165906,0.298555377207063,0.306625577812018,0.689490445859873,0.294670846394984,1,0.3328125,1,1,0.439370078740157,0.316957210776545,0.304212168486739,0.319182389937107,0.297213622291022,0.299843014128728,0.650546021840874,1,1,0.305426356589147,0.0046656298600311,0.312883435582822,0.304012345679012,0.313971742543171,0.289308176100629,0.298600311041991,0.310502283105023,0.70735524256651,0.361801242236025,0.297839506172839,1,0.313001605136437,1,0.292758089368259,0.293838862559242,0.308056872037915,0.31139646869984,0.303858520900322,1,0.305772230889236,0.809448818897638,1,1,0.996825396825397,1,1,0.890322580645161,1,1,1,0.307692307692308,1,0.316558441558442,0,1,0.382945736434109,1,0.311501597444089,0.307086614173228,0.296411856474259,0.421135646687697,1,0.305900621118012,1,1,1,1,0,0.296178343949045,1,1,0.312101910828025,1,0.310077519379845,1,1,0.302250803858521,0.315533980582524,0.283513097072419,0.146456692913386,0.316211878009631,0,0.599695585996956,1,0.311827956989247,0.313001605136437,0.586314152410575,1,1,0.310064935064935,0.322734499205087,1,0.66877971473851,0.713141025641026,0.296238244514107,0.314332247557003,0.992458521870287,0.313291139240506,0.290468986384266,1,0.301242236024845,0.29595015576324,1,0.293650793650794,0.308777429467085,0.303738317757009,0.312302839116719,1,1,1,0.293563579277865,0.314194577352472,0.00467289719626168,0.9921875,0.309294871794872,1,1,0.301075268817204,0.321981424148607,0.279937791601866,0.307448494453249,0.302795031055901,1,0.295527156549521,0.301587301587302,0.580952380952381,1,0.833333333333333,1,0,1,0.316358024691358,1,1,0.419254658385093,0.998444790046656,0.309904153354633,1,0.300787401574803,0.293846153846154,0.308049535603715,1,1,0.305772230889236,0.382978723404255,0.6208,0.291866028708134,1,1,1,0.313195548489666,1,0.204724409448819,1,1,1,1,0.313755795981453,1,0.307443365695793,0.325984251968504,0.686335403726708,0.296650717703349,1,0.317262830482115,0.305810397553517,0.296116504854369,1,0.298621745788668,1,0.30757341576507,0.476947535771065,0.309006211180124,0.317384370015949,0.302469135802469,1,0.308917197452229,0.296825396825397,1,1,0.3125,0.302034428794992,1,0.488479262672811,0.30622009569378,0.3203125,0.324492979719189,0.688372093023256,1,0.288492706645057,1,0.421647819063005,0.299684542586751,0,0.887022900763359,0.305331179321486,0.31055900621118,0,0.0377358490566038,0.979495268138801,0.30379746835443,1,0.302795031055901,0.306818181818182,1,0.316846986089645,0.313694267515924,0.684713375796178,1,0.306962025316456,0.307936507936508,1,0.303076923076923,0.297124600638978,1,0.329153605015674,0.304625199362041,0.31039755351682,0.318910256410256,0.801872074882995,1,0.982428115015974,1,1,0.00157728706624606,1,0.992150706436421,1,0.428571428571429,0.9968,0.294478527607362,0.992343032159265,0.318541996830428,0.995290423861852,0.606707317073171,0.637059724349158,0.308411214953271,0.298299845440495,0.646417445482866,0.312101910828025,0,0.639498432601881,0.696969696969697,0.302180685358255,0.00158730158730159,0.301242236024845,0.291139240506329,0.765822784810127,0.31875,0.694704049844237,0.609195402298851,0.300469483568075,0.311912225705329,0.295489891135303,1,0.0222882615156018,0,0.303738317757009,0.314873417721519,0.325508607198748,1,0.332273449920509,0.30625,1,0.296754250386399,0.941823899371069,0.575949367088608,1,1,0.993464052287582,0.306278713629403,0.614439324116744,0.308868501529052,0.306818181818182,0.299373040752351,0.420807453416149,1,0.294117647058824,1,0.312803889789303,0.302547770700637,1,0.3072,1,0.313195548489666,1,1,0.305772230889236,0,1,0.31441717791411,1,0.5625,1,0.518518518518518,1,0.544740973312402,1,0.304140127388535,1,1,1,0.30077519379845,0.30952380952381,0.30521472392638,0.336538461538462,0.328407224958949,0.304615384615385,1,0.30379746835443,1,1,0.318181818181818,0.304761904761905,0.30381679389313,0.384615384615385,0.310872894333844,1,1,0.316692667706708,0.317891373801917,0.634768740031898,0.595879556259905,0.301391035548686,0.308064516129032,1,0.296923076923077,0.304615384615385,0.993720565149137,0.291666666666667,0.298299845440495,0,0.133640552995392,0.306836248012719,0.688988095238095,0.3078125,0.310344827586207,0.611455108359133,0.998425196850394,0.303459119496855,1,0.306853582554517,0.331746031746032,0.305772230889236,0.472049689440994,0.306853582554517,1,0.314152410575428,0.308562197092084,0.318541996830428,0.701238390092879,1,0.315705128205128,0.30781010719755,0,0.316770186335404,0.998425196850394,0.953488372093023,1,0.303599374021909,0.31104199066874,0.302034428794992,0.594427244582043,1,0.594855305466238,0.32182103610675,1,1,0.962732919254658,0.676100628930818,0.314696485623003,0.34384858044164,0.307086614173228,0.304482225656878,1,1,0.526232114467409,0.646031746031746,1,1,0.998454404945904,0.701095461658842,1,0.314112291350531,0.690993788819876,1,0.3125,0.309148264984227,0.313880126182965,0.996879875195008,1,0.65,0.308777429467085,1,1,0.315132605304212,0.295839753466872,0.9984375,0,0.304897314375987,0.298887122416534,0.00628930817610063,0.300925925925926,1,0.300632911392405,1,0.140432098765432,0,0.898148148148148,0.315132605304212,1,1,0,0.00153139356814701,0.309262166405024,1,0.305825242718447,0.996965098634294,0.29570747217806,1,0.998405103668262,0.96411856474259,0.761006289308176,1,1,0.00470219435736677,1,0.53343949044586,0.315286624203822,0.680851063829787,0.310769230769231,1,0.297339593114241,0.689655172413793,1,1,0.307568438003221,0.632930513595166,0.318461538461538,0.595879556259905,0.968553459119497,0.323809523809524,0.615023474178404,0.0139968895800933,0.296411856474259,0.305295950155763,0.308411214953271,1,0.646604938271605,0.297380585516179,0.89010989010989,0.594249201277955,0.967791411042945,1,1,0.305900621118012,0.326298701298701,0.297906602254428,0.311216429699842,0.303738317757009,0.621004566210046,0.2984375,0,0.687311178247734,0.998439937597504,0.323296354992076,0.291139240506329,0.301458670988655,0.312883435582822,0.613564668769716,1,0.32,0.3264,0.311793214862682,0.310509554140127,0.294930875576037,0.300314465408805,0.188361408882083,0.693163751987281,0.309636650868878,0.606481481481482,1,0.23338485316847,0.308527131782946,0.921011058451817,1,1,0.303680981595092,0.647887323943662,1,0.301092043681747,0.285488958990536,0.955696202531646,1,1,0.996805111821086,0.312693498452012,1,1,0.893548387096774,1,0.345622119815668,1,0.597133757961783,1,0.684129429892142,0.299373040752351,0.607874015748031,1,1,0.99211356466877,0.31733746130031,0.310077519379845,0.315873015873016,0.305900621118012,0.312297734627832,0.313001605136437,0.982343499197432,0.304953560371517,1,1,0.703703703703704,0,0.304012345679012,0.310077519379845,0.690292758089368,1,0.576377952755906,0.316436251920123,0.657643312101911,0.296703296703297,0.309409888357257,1,0.301435406698565,0.309090909090909,0.679425837320574,0.906451612903226,0.314759036144578,0.613418530351438,0.579527559055118,0.313178294573643,0.315705128205128,0.292379471228616,0.596214511041009,0.687888198757764,1,0.89873417721519,1,0.675925925925926,0.9968,0.602254428341385,0.310452418096724,0.316455696202532,1,1,0.427672955974843,0.993589743589744,0.996908809891808,1,0.303937007874016,0.3109375,1,0.304084720121029,0.686244204018547,0.317111459968603,0.457413249211356,0.298107255520505,0,0.30077519379845,1,1,0.607142857142857,0.0015552099533437,0.318181818181818,0.309148264984227,0.103125,0.40650406504065,1,1,0.304416403785489,1,0.417721518987342,1,0.315467075038285,0.597222222222222,0.313178294573643,0.305379746835443,1,0,1,0.2912,0.3104,1,1,1,0.435406698564593,1,0.309748427672956,0.625194401244168,0.316692667706708,0.313821138211382,0.0015552099533437,0.0358814352574103,1,0.632492113564669,1,0.315047021943574,0.323624595469256,1,1,0.168486739469579,0.297213622291022,1,0.897356143079316,1,0.310077519379845,0.20125786163522,0.686520376175549,1,1,1,1,1,0.271739130434783,0.299531981279251,1,0.112929623567921,0.00156494522691706,0.452119309262166,0,0.31637519872814,1,0.691573926868045,1,1,0.888544891640867,1,0.694835680751174,1,1,1,1
"361",0.28921568627451,0.3088,0.301127214170692,0.330618892508143,0.30016051364366,0.301127214170692,0.0114754098360656,0.312703583061889,0.303656597774245,0.57286432160804,0.316118935837246,0.640776699029126,0.529220779220779,0.312903225806452,1,1,0.626373626373626,0,0.3232,0.30622009569378,1,1,0.32120253164557,0.517996870109546,0.308411214953271,1,1,0.331147540983607,0.304416403785489,0.532258064516129,1,0.597133757961783,0.361904761904762,0.996763754045307,0.672638436482085,0.311336717428088,0.135135135135135,0.32018927444795,1,0.308544303797468,0.00319488817891374,0,0,0.325769854132901,0.315533980582524,1,0.995215311004785,1,1,1,0.698717948717949,0.315960912052117,1,0.316211878009631,0.308917197452229,0.82051282051282,0.111842105263158,0.315533980582524,0.311912225705329,0.312297734627832,0.993710691823899,1,1,0.00317460317460317,0.308970099667774,0.314102564102564,0.659090909090909,0.326498422712934,0.617873651771957,1,0.315873015873016,1,1,0.262642740619902,0.14785373608903,0.312210200927357,1,0.996830427892235,0.313099041533546,1,0.6,1,1,0.322222222222222,1,0.310452418096724,0.309791332263242,0.321543408360129,0.315705128205128,0,0.318255250403877,0.319182389937107,0.684126984126984,0.582018927444795,0.307692307692308,0.641627543035994,0.68370607028754,0.307570977917981,0.112929623567921,0,0.3088,0.616613418530351,1,0.305785123966942,1,0.312101910828025,0,0.32183908045977,1,1,1,0.307814992025518,0.995215311004785,0.319488817891374,0.193498452012384,0.2984375,1,0.377952755905512,1,1,0.200949367088608,0.3136,1,1,0.323296354992076,1,0.314900153609831,0.305511811023622,0.364077669902913,0.769716088328076,0.312396694214876,1,0.322475570032573,0.633385335413417,0.324503311258278,1,0.00158982511923688,1,0.374798061389338,0.888146911519199,0.588709677419355,0.600315955766193,0.309562398703404,0.324546952224053,1,0.303317535545024,1,0.301948051948052,0.497615262321145,0.31924882629108,1,0.309178743961353,0.318181818181818,0.320661157024793,0.318327974276527,1,0.301127214170692,1,0.427884615384615,0.328125,1,0.315541601255887,1,0.594813614262561,0.310965630114566,1,0.31139646869984,0.303174603174603,0.334928229665072,0.990521327014218,0.322169059011164,1,0.320967741935484,1,0.312709030100334,1,0.598715890850722,0.293739967897271,0.0330578512396694,0.291056910569106,0.313195548489666,1,0.302362204724409,0.319554848966614,0.316957210776545,0.327503974562798,1,1,0.324104234527687,0.31810766721044,1,1,0.324281150159744,0.234920634920635,0.0216049382716049,0.694041867954911,1,0.00321543408360129,0.313971742543171,1,0.315447154471545,0.306836248012719,0.304278922345483,0.996830427892235,1,1,0.320872274143302,0.307060755336617,0.318611987381703,0.690821256038647,0.301948051948052,1,0.335504885993485,1,1,0.4336,0.314102564102564,0.317307692307692,0.318255250403877,0.308306709265176,0.308562197092084,0.647435897435897,1,1,0.307086614173228,0.00318471337579618,0.318181818181818,0.314241486068111,0.311708860759494,0.301435406698565,0.29570747217806,0.31619937694704,0.697115384615385,0.355905511811024,0.304897314375987,1,0.316558441558442,1,0.303030303030303,0.307817589576547,0.304761904761905,0.318032786885246,0.31063122923588,1,0.32753164556962,0.809677419354839,1,1,0.996747967479675,1,1,0.894909688013136,1,1,1,0.315047021943574,1,0.321311475409836,0,1,0.374603174603175,1,0.318327974276527,0.3104,0.314102564102564,0.416801292407108,1,0.320695102685624,1,1,1,1,0,0.313725490196078,1,1,0.321428571428571,1,0.31378763866878,1,1,0.306688417618271,0.324013157894737,0.2912,0.137540453074434,0.323717948717949,0,0.594043887147335,1,0.309748427672956,0.315789473684211,0.58307210031348,1,1,0.323529411764706,0.32794830371567,1,0.657232704402516,0.696223316912972,0.303715670436187,0.315702479338843,0.992199687987519,0.322683706070288,0.296583850931677,1,0.312302839116719,0.3008,1,0.302100161550889,0.305958132045089,0.317535545023697,0.310789049919485,1,1,1,0.304140127388535,0.32516339869281,0.0096,0.993548387096774,0.318181818181818,1,1,0.309597523219814,0.328100470957614,0.303937007874016,0.316211878009631,0.315789473684211,1,0.307317073170732,0.314696485623003,0.576859504132231,1,0.8368,1,0,1,0.311145510835913,1,1,0.418495297805643,0.998415213946117,0.318481848184819,1,0.301612903225806,0.301765650080257,0.305993690851735,1,1,0.316455696202532,0.399006622516556,0.611650485436893,0.306946688206785,1,1,1,0.315270935960591,1,0.198748043818466,1,1,1,1,0.32120253164557,1,0.316498316498317,0.329563812600969,0.684713375796178,0.289389067524116,1,0.314873417721519,0.31924882629108,0.314569536423841,1,0.299843014128728,1,0.320251177394035,0.482258064516129,0.314696485623003,0.323577235772358,0.307332293291732,1,0.3136,0.293929712460064,1,1,0.310618066561014,0.303030303030303,1,0.481889763779528,0.313114754098361,0.327476038338658,0.325914149443561,0.685805422647528,1,0.304777594728171,1,0.416531604538088,0.299674267100977,0,0.8875,0.310064935064935,0.315705128205128,0,0.0323624595469256,0.98389694041868,0.313195548489666,1,0.307941653160454,0.313333333333333,1,0.325984251968504,0.312803889789303,0.675675675675676,1,0.311688311688312,0.319148936170213,1,0.30622009569378,0.303776683087028,1,0.340659340659341,0.305921052631579,0.310832025117739,0.326892109500805,0.809220985691574,1,0.978827361563518,1,1,0.00159744408945687,1,0.995268138801262,1,0.419614147909968,0.996753246753247,0.307324840764331,0.995327102803738,0.327447833065811,0.996850393700787,0.606583072100313,0.63349131121643,0.309262166405024,0.312698412698413,0.645569620253165,0.309090909090909,0,0.634615384615385,0.688311688311688,0.316957210776545,0.00157977883096367,0.307692307692308,0.299684542586751,0.77133655394525,0.322169059011164,0.687301587301587,0.599009900990099,0.315619967793881,0.318037974683544,0.292604501607717,1,0.0275650842266462,0,0.310015898251192,0.32,0.329113924050633,1,0.331715210355987,0.318979266347687,1,0.301587301587302,0.935794542536116,0.569558101472995,1,1,0.996610169491525,0.311145510835913,0.605015673981191,0.317034700315457,0.30655737704918,0.318840579710145,0.417582417582418,1,0.304560260586319,1,0.311986863711002,0.312602291325696,1,0.317666126418152,1,0.316720257234727,1,1,0.322734499205087,0,1,0.315286624203822,1,0.574568288854003,1,0.505494505494505,1,0.568627450980392,1,0.316993464052288,1,1,1,0.3104,0.316476345840131,0.31104199066874,0.350498338870432,0.332214765100671,0.304487179487179,1,0.316720257234727,1,1,0.323248407643312,0.320846905537459,0.309636650868878,0.385350318471338,0.3171875,1,1,0.322169059011164,0.318555008210181,0.635332252836305,0.590538336052202,0.313504823151125,0.314935064935065,1,0.309791332263242,0.305426356589147,0.993710691823899,0.299342105263158,0.301587301587302,0,0.125581395348837,0.311793214862682,0.686728395061728,0.309061488673139,0.3152,0.6,0.996789727126806,0.30278232405892,1,0.311897106109325,0.349358974358974,0.314516129032258,0.483306836248013,0.3136,1,0.3104,0.316129032258064,0.320261437908497,0.700475435816165,1,0.315960912052117,0.322378716744914,0,0.320251177394035,0.998417721518987,0.95389507154213,1,0.315286624203822,0.314375987361769,0.307568438003221,0.586750788643533,1,0.593800978792822,0.3344,1,1,0.963607594936709,0.684380032206119,0.323671497584541,0.356918238993711,0.319554848966614,0.308917197452229,1,1,0.51869918699187,0.63301282051282,1,1,0.998430141287284,0.697115384615385,1,0.31832298136646,0.679802955665025,1,0.324367088607595,0.309033280507132,0.318910256410256,0.996845425867508,1,0.643926788685524,0.320373250388802,1,1,0.320813771517997,0.308306709265176,0.998376623376623,0,0.308186195826645,0.305111821086262,0.00324149108589951,0.311424100156495,1,0.306055646481178,1,0.132165605095541,0,0.9046875,0.323296354992076,1,1,0,0.0015625,0.322632423756019,1,0.312703583061889,0.996908809891808,0.297906602254428,1,1,0.959119496855346,0.777955271565495,1,1,0.00157977883096367,1,0.523102310231023,0.319870759289176,0.684044233807267,0.317610062893082,1,0.30048465266559,0.6864,1,1,0.310679611650485,0.615853658536585,0.32741935483871,0.592532467532468,0.974522292993631,0.323101777059774,0.59935379644588,0.0112,0.306709265175719,0.3216,0.316037735849057,1,0.630914826498423,0.299524564183835,0.887278582930757,0.592592592592593,0.968253968253968,1,1,0.302100161550889,0.338308457711443,0.307817589576547,0.306962025316456,0.304975922953451,0.616692426584235,0.305426356589147,0,0.68,0.998427672955975,0.324921135646688,0.301794453507341,0.314475873544093,0.317535545023697,0.610305958132045,1,0.329652996845426,0.332797427652733,0.328358208955224,0.315619967793881,0.31629392971246,0.305331179321486,0.186413902053712,0.690048939641109,0.321144674085851,0.603744149765991,1,0.239302694136292,0.314516129032258,0.922953451043339,1,1,0.307814992025518,0.644549763033175,1,0.306962025316456,0.305246422893482,0.957996768982229,1,1,0.996747967479675,0.317817014446228,1,1,0.8928,1,0.345541401273885,1,0.585808580858086,1,0.676656151419558,0.304,0.60392798690671,1,1,0.990322580645161,0.318471337579618,0.329073482428115,0.320261437908497,0.31629392971246,0.315533980582524,0.324104234527687,0.983686786296901,0.302215189873418,1,1,0.711568938193344,0,0.317610062893082,0.308176100628931,0.682965299684543,1,0.565008025682183,0.3234375,0.646592709984152,0.303858520900322,0.314935064935065,1,0.306451612903226,0.31864406779661,0.688013136288998,0.912013536379019,0.319508448540707,0.609756097560976,0.581583198707593,0.318840579710145,0.322422258592471,0.295886075949367,0.590764331210191,0.689984101748808,1,0.895569620253165,1,0.675507020280811,0.996774193548387,0.595161290322581,0.312399355877617,0.310569105691057,1,1,0.432258064516129,0.99512987012987,0.998407643312102,1,0.310289389067524,0.323151125401929,1,0.311728395061728,0.68621236133122,0.319935691318328,0.449511400651466,0.300492610837438,0,0.311728395061728,1,1,0.593700787401575,0.00158478605388273,0.325914149443561,0.3168,0.0898876404494382,0.411092985318108,1,1,0.309748427672956,1,0.414239482200647,1,0.330203442879499,0.584664536741214,0.319047619047619,0.312703583061889,1,0,1,0.303776683087028,0.318181818181818,1,1,1,0.441368078175896,1,0.314696485623003,0.6198738170347,0.326366559485531,0.322475570032573,0.00157977883096367,0.0377952755905512,1,0.626391096979332,1,0.32120253164557,0.320661157024793,1,1,0.151898734177215,0.313195548489666,1,0.901408450704225,1,0.312302839116719,0.193548387096774,0.67981072555205,1,1,1,1,1,0.286392405063291,0.292332268370607,1,0.106035889070147,0.0016260162601626,0.443561208267091,0,0.324149108589951,1,0.681089743589744,1,1,0.885895404120444,1,0.685126582278481,1,1,1,1
"362",0.289099526066351,0.314465408805031,0.301916932907348,0.319554848966614,0.303174603174603,0.296998420221169,0.0113452188006483,0.309791332263242,0.300940438871473,0.581967213114754,0.308049535603715,0.649289099526066,0.516129032258065,0.310509554140127,1,1,0.6265625,0,0.315789473684211,0.296238244514107,1,1,0.310769230769231,0.518691588785047,0.298136645962733,1,1,0.323481116584565,0.299065420560748,0.52132701421801,1,0.5953125,0.34984520123839,0.996774193548387,0.674015748031496,0.304857621440536,0.14018691588785,0.313084112149533,1,0.286163522012579,0.00159489633173844,0,0,0.3136,0.305379746835443,1,0.996779388083736,1,1,1,0.69811320754717,0.315789473684211,1,0.311216429699842,0.300787401574803,0.817460317460317,0.119354838709677,0.30952380952381,0.307931570762053,0.31496062992126,0.993690851735016,1,1,0.00470957613814757,0.302134646962233,0.30564263322884,0.665086887835703,0.314194577352472,0.624615384615385,1,0.309230769230769,1,1,0.266233766233766,0.162790697674419,0.309230769230769,1,0.995327102803738,0.310077519379845,1,0.606796116504854,1,1,0.31637519872814,1,0.308868501529052,0.300319488817891,0.320813771517997,0.308056872037915,0,0.315789473684211,0.308868501529052,0.692307692307692,0.594679186228482,0.305111821086262,0.645412130637636,0.688783570300158,0.304212168486739,0.118892508143322,0,0.303030303030303,0.636650868878357,1,0.303715670436187,1,0.309409888357257,0,0.3140625,1,1,1,0.295489891135303,0.998432601880878,0.312302839116719,0.2018779342723,0.289393939393939,1,0.3765625,1,1,0.205651491365777,0.299373040752351,1,1,0.319182389937107,1,0.309774436090226,0.30640243902439,0.37007874015748,0.763975155279503,0.310177705977383,1,0.321711568938193,0.645161290322581,0.320197044334975,1,0,1,0.369565217391304,0.888888888888889,0.593650793650794,0.611635220125786,0.308411214953271,0.312903225806452,1,0.304761904761905,1,0.296529968454259,0.502347417840376,0.310291858678955,1,0.302795031055901,0.30622009569378,0.313001605136437,0.321316614420063,1,0.302034428794992,1,0.445652173913043,0.316692667706708,1,0.308282208588957,1,0.602893890675241,0.306836248012719,1,0.308411214953271,0.299524564183835,0.319047619047619,0.98755832037325,0.314696485623003,1,0.316720257234727,1,0.306188925081433,1,0.606973058637084,0.285714285714286,0.0313531353135314,0.2816,0.303317535545024,1,0.288431061806656,0.304897314375987,0.305772230889236,0.314465408805031,1,1,0.31139646869984,0.311111111111111,1,1,0.308544303797468,0.234548335974643,0.0197869101978691,0.689984101748808,1,0.00156985871271586,0.305511811023622,1,0.307073954983923,0.295133437990581,0.303125,0.99685534591195,1,1,0.316923076923077,0.304625199362041,0.301092043681747,0.684975767366721,0.290015847860539,1,0.327014218009479,1,1,0.432601880877743,0.3125,0.311728395061728,0.308917197452229,0.29093799682035,0.303370786516854,0.647335423197492,1,1,0.312597200622084,0.00156985871271586,0.317262830482115,0.31039755351682,0.30622009569378,0.296583850931677,0.289348171701113,0.306376360808709,0.707936507936508,0.371165644171779,0.293563579277865,1,0.31911532385466,1,0.3015625,0.29746835443038,0.301127214170692,0.3232,0.306451612903226,1,0.312307692307692,0.797752808988764,1,1,0.9984,1,1,0.895071542130366,1,1,1,0.300925925925926,1,0.306930693069307,0,1,0.386996904024768,1,0.311111111111111,0.305993690851735,0.312597200622084,0.42472266244057,1,0.3078125,1,1,1,1,0,0.302215189873418,1,1,0.308426073131955,1,0.305900621118012,1,1,0.296296296296296,0.314606741573034,0.289514866979656,0.152866242038217,0.319047619047619,0,0.609756097560976,1,0.307570977917981,0.312,0.598449612403101,1,1,0.312803889789303,0.317965023847377,1,0.666666666666667,0.712,0.292604501607717,0.309951060358891,0.993855606758833,0.317972350230415,0.286585365853659,1,0.307086614173228,0.301242236024845,1,0.299679487179487,0.309636650868878,0.299363057324841,0.311501597444089,1,1,1,0.298107255520505,0.314009661835749,0.00626959247648903,0.995245641838352,0.309178743961353,1,1,0.301538461538462,0.313479623824451,0.29153605015674,0.309636650868878,0.302034428794992,1,0.297169811320755,0.29746835443038,0.580906148867314,1,0.841444270015699,1,0,1,0.312404287901991,1,1,0.431924882629108,0.998449612403101,0.311074918566775,1,0.30188679245283,0.287974683544304,0.300613496932515,1,1,0.307570977917981,0.388524590163934,0.619582664526485,0.279483037156704,1,1,1,0.312803889789303,1,0.208,1,1,1,1,0.309707241910632,1,0.310569105691057,0.324881141045959,0.6896,0.282539682539683,1,0.318252730109204,0.3015625,0.303776683087028,1,0.298621745788668,1,0.315548780487805,0.473270440251572,0.308544303797468,0.311290322580645,0.298904538341158,1,0.309791332263242,0.293460925039872,1,1,0.310126582278481,0.299373040752351,1,0.483619344773791,0.304838709677419,0.31974921630094,0.315707620528771,0.697160883280757,1,0.282747603833866,1,0.430842607313196,0.302362204724409,0,0.873261205564142,0.309677419354839,0.309119010819165,0,0.0252764612954186,0.98256735340729,0.302215189873418,1,0.307448494453249,0.308823529411765,1,0.3125,0.30622009569378,0.679365079365079,1,0.317535545023697,0.305732484076433,1,0.307692307692308,0.298217179902755,1,0.346333853354134,0.298076923076923,0.307692307692308,0.327586206896552,0.799691833590139,1,0.979397781299525,1,1,0,1,0.9936,1,0.443234836702955,0.998402555910543,0.305084745762712,0.995341614906832,0.312297734627832,0.996894409937888,0.618098159509202,0.638065522620905,0.309968847352025,0.301829268292683,0.658307210031348,0.303514376996805,0,0.6375,0.684458398744113,0.3109375,0,0.2984375,0.295418641390205,0.765923566878981,0.309409888357257,0.693522906793049,0.611650485436893,0.306836248012719,0.30625,0.285714285714286,1,0.0239520958083832,0,0.306603773584906,0.313385826771654,0.323809523809524,1,0.337519623233909,0.305900621118012,1,0.29375,0.935433070866142,0.588045234248788,1,1,0.993265993265993,0.30829420970266,0.62111801242236,0.31839258114374,0.290909090909091,0.300787401574803,0.422118380062305,1,0.298245614035088,1,0.308426073131955,0.305057096247961,1,0.317460317460317,1,0.301261829652997,1,1,0.305863708399366,0,1,0.311216429699842,1,0.565149136577708,1,0.514150943396226,1,0.559429477020602,1,0.30622009569378,1,1,1,0.299050632911392,0.309791332263242,0.307098765432099,0.344262295081967,0.339464882943144,0.299212598425197,1,0.320634920634921,1,1,0.305246422893482,0.305958132045089,0.308641975308642,0.369426751592357,0.302325581395349,1,1,0.316535433070866,0.305825242718447,0.638263665594855,0.613207547169811,0.3015625,0.309294871794872,1,0.30030959752322,0.304747320061256,0.99375,0.294788273615635,0.297939778129952,0,0.140215716486903,0.306962025316456,0.691376701966717,0.299373040752351,0.317262830482115,0.610591900311526,0.998425196850394,0.297770700636943,1,0.298722044728434,0.33015873015873,0.300314465408805,0.4765625,0.298578199052133,1,0.304747320061256,0.306836248012719,0.321027287319422,0.697347893915757,1,0.309210526315789,0.295774647887324,0,0.315707620528771,0.998392282958199,0.947530864197531,1,0.309006211180124,0.312210200927357,0.304625199362041,0.596946564885496,1,0.607491856677524,0.323624595469256,1,1,0.965891472868217,0.691222570532915,0.317535545023697,0.349206349206349,0.306976744186047,0.308892355694228,1,1,0.5184,0.646031746031746,1,1,0.998435054773083,0.7008,1,0.31201248049922,0.6928,1,0.312989045383412,0.308306709265176,0.312101910828025,0.9984375,1,0.66006600660066,0.308661417322835,1,1,0.317901234567901,0.300469483568075,0.9984375,0,0.3072,0.295055821371611,0.0063391442155309,0.303875968992248,1,0.302547770700637,1,0.150769230769231,0,0.902927580893683,0.316118935837246,1,1,0,0,0.3168,1,0.296416938110749,0.998496240601504,0.297297297297297,1,0.998402555910543,0.962382445141066,0.783825816485226,1,1,0.00628930817610063,1,0.518032786885246,0.309677419354839,0.686728395061728,0.317683881064163,1,0.293929712460064,0.687898089171974,1,1,0.296774193548387,0.63013698630137,0.315132605304212,0.598715890850722,0.973228346456693,0.320634920634921,0.618670886075949,0.010989010989011,0.297770700636943,0.306853582554517,0.306625577812018,1,0.648522550544324,0.291925465838509,0.886435331230284,0.592233009708738,0.967289719626168,1,1,0.294670846394984,0.317891373801917,0.2944,0.302795031055901,0.296411856474259,0.622496147919877,0.294209702660407,0,0.692073170731707,1,0.317683881064163,0.29635499207607,0.308064516129032,0.309707241910632,0.6171875,1,0.32093023255814,0.3248,0.314332247557003,0.308562197092084,0.305555555555556,0.302362204724409,0.196899224806202,0.698890649762282,0.293375394321767,0.611801242236025,1,0.241001564945227,0.311320754716981,0.920840064620355,1,1,0.304278922345483,0.641627543035994,1,0.303937007874016,0.289099526066351,0.953301127214171,1,1,1,0.303317535545024,1,1,0.893141945773525,1,0.33489827856025,1,0.609400324149109,1,0.686119873817035,0.29635499207607,0.614285714285714,1,1,0.993464052287582,0.3125,0.312302839116719,0.311183144246353,0.312893081761006,0.306451612903226,0.30278232405892,0.984025559105431,0.30188679245283,1,1,0.7171875,0,0.311349693251534,0.305900621118012,0.691588785046729,1,0.578783151326053,0.315870570107858,0.659340659340659,0.298412698412698,0.308064516129032,1,0.301261829652997,0.309090909090909,0.684294871794872,0.911290322580645,0.314112291350531,0.614006514657981,0.5824,0.311627906976744,0.314696485623003,0.289968652037618,0.607655502392344,0.692789968652038,1,0.89297124600639,1,0.67651632970451,0.998417721518987,0.604200323101777,0.305164319248826,0.311183144246353,1,1,0.441640378548896,0.995222929936306,0.998454404945904,1,0.308892355694228,0.315132605304212,1,0.306525037936267,0.698608964451314,0.310015898251192,0.464114832535885,0.292527821939587,0,0.299531981279251,1,1,0.608763693270736,0,0.320634920634921,0.309294871794872,0.104851330203443,0.396006655574043,1,1,0.304278922345483,1,0.42992125984252,1,0.314589665653495,0.595348837209302,0.308544303797468,0.307692307692308,1,0,1,0.292079207920792,0.304625199362041,1,1,1,0.431061806656101,1,0.308661417322835,0.63020030816641,0.312989045383412,0.309677419354839,0,0.0368589743589744,1,0.625592417061611,1,0.318181818181818,0.319286871961102,1,1,0.161741835147745,0.294025157232704,1,0.905572755417957,1,0.307332293291732,0.203442879499218,0.67244094488189,1,1,1,1,1,0.284603421461897,0.291866028708134,1,0.11525974025974,0,0.454545454545455,0,0.311708860759494,1,0.68362480127186,1,1,0.894321766561514,1,0.688473520249221,1,1,1,1
"363",1,1,1,1,1,1,0.694835680751174,1,1,0.0928,1,0.0419254658385093,0.818466353677621,1,0.319875776397516,0.313178294573643,0.0596330275229358,0.683279742765273,1,1,0.295031055900621,0.314641744548287,1,0.155487804878049,1,0.340523882896764,0.324324324324324,1,1,0.79304897314376,0.320552147239264,0.724085365853659,0.963302752293578,0.315217391304348,0,1,0.535493827160494,1,0.305471124620061,1,0.663551401869159,0.672839506172839,0.687218045112782,1,1,0.324409448818898,0.31924882629108,0.316265060240964,0.328746177370031,0.335866261398176,0,1,0.315068493150685,1,1,0.5,0.559241706161137,1,1,1,0.336391437308869,0.327217125382263,0.320872274143302,0.680061823802164,1,1,0.0323574730354391,1,0.0511278195488722,0.325301204819277,1,0.322033898305085,0.334920634920635,0.965354330708661,0.499241274658574,1,0.308396946564885,0.344461305007587,1,0.324237560192616,0.0845295055821372,0.331240188383046,0.332819722650231,1,0.341538461538462,1,1,1,1,0.680241327300151,1,1,0.00150602409638554,0.099388379204893,1,0.0423600605143722,0,1,0.5648,0.667180277349769,1,0.0481366459627329,0.322289156626506,1,0.317111459968603,1,0.6828125,1,0.327692307692308,0.325508607198748,0.327188940092166,1,0.337461300309598,1,0.48103186646434,1,0.323574730354391,0.294027565084227,0.330827067669173,0.322981366459627,0.473684210526316,0.998459167950693,0.322775263951735,0.323899371069182,1,0.31055900621118,1,1,0.327160493827161,0.550989345509893,1,0.314984709480122,1,0.0405405405405405,1,0.31859756097561,0.673312883435583,0.331288343558282,0.938080495356037,0.431528662420382,0.0964230171073095,0.0914728682170543,1,1,0.33535660091047,1,0.324850299401198,1,0.808868501529052,1,0.333333333333333,1,1,1,1,0.332819722650231,1,0.323390894819466,0.254573170731707,1,0.3125,1,0.309815950920245,0.0755007704160247,1,0.311912225705329,1,1,1,0.342987804878049,1,0.33489827856025,1,0.311728395061728,1,0.325434439178515,0.0706605222734255,1,0.6352,1,1,0.320251177394035,1,1,1,1,0.327613104524181,0.322188449848024,1,0.998435054773083,0.318796992481203,0.311526479750779,1,0.437694704049844,0.667166416791604,0,0.321044546850998,0.666153846153846,1,0.320300751879699,1,0.998505231689088,1,0.320433436532508,0.32781954887218,0.330708661417323,1,1,1,0,1,0.310077519379845,0.972179289026275,0.325471698113208,0.319938176197836,0.751524390243902,1,1,1,1,1,0.0403100775193798,0.32967032967033,0.330792682926829,1,0.67629179331307,1,1,1,0.998477929984779,1,1,0.00463678516228748,0.314674735249622,1,0.317757009345794,1,0.306501547987616,1,1,1,1,1,0.321100917431193,1,0.51496062992126,0.327666151468315,0.337386018237082,0.321086261980831,0.33125,0.332288401253919,0.424764890282132,0.336973478939158,0.320493066255778,0.32,1,0.329704510108865,1,0.678787878787879,0.317972350230415,0.306525037936267,0.343213728549142,1,1,1,0.258164852255054,0.314503816793893,1,0.3198127925117,0.330827067669173,0.319634703196347,0.326747720364742,0.683153013910355,1,0.332307692307692,0.326120556414219,1,0.305993690851735,1,0.319148936170213,0.322932917316693,1,1,1,0.53343701399689,1,0.680124223602484,0.0765765765765766,0.325153374233129,1,1,0.088855421686747,0.319571865443425,0.333858267716535,1,1,0.310872894333844,0.0259541984732824,0.00311526479750779,1,1,0.340874811463047,1,1,0.319880418535127,1,1,0.322981366459627,1,1,1,1,0.325617283950617,0.31390134529148,0.332278481012658,1,1,0.666158536585366,0.312796208530806,1,0.321699544764795,0.302936630602782,1,1,0.998477929984779,1,1,0.327613104524181,1,1,0.0981012658227848,0.335866261398176,0.492260061919505,0.311627906976744,0.661514683153014,0.321646341463415,1,0.316614420062696,0.334883720930233,0.253012048192771,0.324734446130501,1,0.332339791356185,1,1,1,0.320813771517997,0.32370820668693,0.998473282442748,0.929712460063898,0.061128526645768,1,0.324242424242424,0.320872274143302,0.315384615384615,1,0.333841463414634,0.465116279069767,0.331288343558282,0.313755795981453,0.32120253164557,0.309707241910632,1,0.327044025157233,1,1,0,1,0.330275229357798,1,1,1,0.332312404287902,1,0.318037974683544,1,0.843894899536321,1,1,1,0.328220858895706,1,1,0.313271604938272,0.317073170731707,1,1,0.318529862174579,0.186830015313936,1,0.998470948012232,1,0,0.32120253164557,1,0.31733746130031,0.244204018547141,1,0.669207317073171,0.440652818991098,1,1,0.668168168168168,0.700920245398773,0.350850077279753,1,0.325,1,1,0.333333333333333,1,0.998430141287284,0.00765696784073507,0.338509316770186,1,1,0.326625386996904,1,1,0.310725552050473,0.32262996941896,1,1,1,0.534246575342466,0.319314641744548,0.3484375,0.32375189107413,0.342105263157895,0.691472868217054,0.333333333333333,0.333333333333333,0.3267776096823,0.244929797191888,0.324492979719189,1,0.321321321321321,0.998444790046656,0.329754601226994,0.0732436472346786,0.0474006116207951,1,1,0.036697247706422,1,0.682926829268293,0.040625,0.0108695652173913,1,0.671826625386997,1,1,0.554347826086957,1,0,0.069620253164557,1,1,1,0.330173775671406,0.642752562225476,0.685126582278481,0.995348837209302,1,0.984779299847793,0.312597200622084,0.333333333333333,1,0.3109375,1,0.372093023255814,0.0971786833855799,0.314024390243902,0.326807228915663,0.341463414634146,1,0.0745814307458143,1,1,1,0.258308157099698,0.33122028526149,1,0.324031007751938,1,1,0.319634703196347,1,0.325337331334333,1,0.31937984496124,0.330232558139535,1,0.67398119122257,0.321212121212121,1,0.315955766192733,0.76049766718507,0.322338830584708,0.159090909090909,0.328335832083958,0.772797527047913,0.3109375,1,0.32824427480916,0.342465753424658,0.298780487804878,1,1,1,0.968102073365231,0.330112721417069,1,0.326498422712934,1,0.319554848966614,0.324812030075188,1,1,1,0.929555895865237,1,0.311077389984825,0.324734446130501,1,1,0.043613707165109,0.0723076923076923,1,1,0.318818040435459,1,1,0.321372854914197,1,1,0.674884437596302,0.530460624071322,1,0,1,1,0.0932721712538226,0.329721362229102,1,0.328197226502311,0.998447204968944,0.967441860465116,0.998459167950693,0.828787878787879,1,0.332807570977918,1,1,1,0,0.320695102685624,1,1,0.666666666666667,1,0.321428571428571,0.359877488514548,0.320493066255778,1,1,1,0.0825825825825826,0.32753164556962,0.0845295055821372,0.998430141287284,0.313725490196078,0.314900153609831,0.349230769230769,0,1,0.958204334365325,1,1,0.328682170542636,0.306184012066365,0.15552099533437,0.0343213728549142,0.326251896813354,0.322085889570552,0.333333333333333,0.00156739811912226,0.31570996978852,1,0,0.321699544764795,1,1,1,0.329738058551618,0.327245053272451,0.0313971742543171,1,0.323529411764706,0.309667673716012,1,1,0.322085889570552,0.694078947368421,1,1,0.681114551083591,1,0.314024390243902,1,0.326018808777429,0.519201228878648,0.668674698795181,0.407796101949025,1,0.304347826086957,0.323664122137405,0.673282442748092,0.662121212121212,1,0.32824427480916,1,0.326865671641791,1,0.326656394453005,0.3125,0.348623853211009,0.518181818181818,0.327073552425665,0.318681318681319,0.655913978494624,0.325227963525836,0.145161290322581,1,0,1,0.295774647887324,1,0,0.320433436532508,0.3203125,1,0.0531757754800591,1,0.0766823161189358,0.338533541341654,1,0.0590979782270607,0.666666666666667,1,1,1,0.323717948717949,0.0381679389312977,1,0.439137134052388,0.0909090909090909,0.359090909090909,0.331804281345566,0.33030303030303,1,1,1,1,1,0.0588235294117647,0.996918335901387,0.675925925925926,0.00447093889716841,0.330804248861912,1,1,1,1,0.08,0.323170731707317,1,1,1,1,1,1,0.48103186646434,0.00156739811912226,1,0.0762195121951219,0.32469512195122,0.424846625766871,1,0.389671361502347,0.31629392971246,0.321100917431193,1,0.0381679389312977,0.32370820668693,1,1,0.367851622874807,0.321592649310873,0.320813771517997,0.323296354992076,0.998484848484849,0.338050314465409,0.329211746522411,0.414976599063963,0.326086956521739,0.975720789074355,0.317700453857791,0.0735524256651017,0.332293291731669,0,1,0.0818897637795276,0.309748427672956,0.324492979719189,0.322981366459627,1,1,1,1,1,1,0.3328125,1,0.314728682170543,0.323671497584541,0.595054095826893,0.670295489891135,1,1,0,0.320417287630402,0.114906832298137,0.998491704374057,0.0326086956521739,1,1,0.322378716744914,1,1,0.6265625,0.418641390205371,0.995594713656388,0.0740157480314961,0.0917721518987342,1,1,1,0.0797546012269939,0,0.324283559577677,0.429892141756549,0.322822822822823,0,0.338028169014085,0.0784929356357928,1,1,0.320359281437126,0.320493066255778,0.238317757009346,0.341692789968652,0.316109422492401,0.326120556414219,1,1,0.330203442879499,1,0,1,0.215170278637771,1,0.667175572519084,1,0.311728395061728,0.315541601255887,0.0703363914373089,0.674347158218126,1,1,0.783489096573209,0.898089171974522,0.325471698113208,0.324921135646688,1,0.323076923076923,0.242703533026114,0.329635499207607,1,0.0921658986175115,1,1,0.32,0.677777777777778,0.314641744548287,1,1,0.318112633181126,0.310975609756098,0.320417287630402,0.853080568720379,0.324451410658307,1,0.0553064275037369,1,1,0.69431643625192,0.644171779141104,0.327476038338658,0.0552995391705069,0.330218068535826,1,1,0.316358024691358,0.339477726574501,0.61890243902439,1,0.320359281437126,0.373475609756098,0.313935681470138,0.984802431610942,0.467391304347826,0.00303490136570561,0.308755760368664,0.332829046898638,0.339116719242902,0.318252730109204,0.322388059701493,0.97737556561086,1,0.319571865443425,0.540412044374009,0.68125,0.23963133640553,0.685483870967742,1,0.325115562403698,0.003125,0.334351145038168,0.315068493150685,0.364632237871674,0.324921135646688,0,0.334862385321101,0.323943661971831,0.329153605015674,0.319938176197836
"364",0.304700162074554,0.321086261980831,0.322378716744914,0.3264,0.313099041533546,0.307324840764331,0.00974025974025974,0.325320512820513,0.310236220472441,0.569805194805195,0.322429906542056,0.638668779714738,0.522435897435897,0.3184,1,1,0.614664586583463,0,0.330112721417069,0.307210031347962,1,1,0.328616352201258,0.498407643312102,0.315707620528771,1,1,0.334975369458128,0.3125,0.527733755942948,1,0.590266875981162,0.371653543307087,0.996820349761526,0.661392405063291,0.318333333333333,0.137658227848101,0.325471698113208,1,0.305511811023622,0.00320512820512821,0,0,0.333333333333333,0.3184,1,0.993640699523052,1,1,1,0.694136291600634,0.3312,1,0.321766561514196,0.323296354992076,0.819935691318328,0.126009693053312,0.314194577352472,0.319685039370079,0.319488817891374,0.993817619783617,1,1,0.00637958532695375,0.311688311688312,0.324960753532182,0.642512077294686,0.332273449920509,0.604294478527607,1,0.322378716744914,1,1,0.276699029126214,0.159305993690852,0.316666666666667,1,0.993690851735016,0.328616352201258,1,0.6,1,1,0.324409448818898,1,0.321100917431193,0.3104,0.331746031746032,0.325471698113208,0,0.317741935483871,0.325077399380805,0.688575899843505,0.575471698113208,0.32,0.626543209876543,0.671949286846276,0.318681318681319,0.123152709359606,0,0.313694267515924,0.615384615384615,1,0.315705128205128,1,0.318327974276527,0,0.327073552425665,1,1,1,0.307814992025518,0.995192307692308,0.325914149443561,0.208333333333333,0.313455657492355,1,0.372056514913658,1,1,0.2112,0.3152,1,1,0.329153605015674,1,0.322188449848024,0.319314641744548,0.363779527559055,0.769349845201238,0.325082508250825,1,0.33605220228385,0.628659476117103,0.344316309719934,1,0.00159489633173844,1,0.389154704944179,0.882838283828383,0.573015873015873,0.584664536741214,0.31687898089172,0.329563812600969,1,0.321372854914197,1,0.311708860759494,0.519500780031201,0.325077399380805,1,0.319488817891374,0.318770226537217,0.326860841423948,0.3312,1,0.316957210776545,1,0.43125,0.326594090202177,1,0.330769230769231,1,0.584,0.32475884244373,1,0.322784810126582,0.320695102685624,0.332258064516129,0.98755832037325,0.326433121019108,1,0.3312,1,0.308943089430894,1,0.585326953748006,0.301916932907348,0.0290791599353796,0.286644951140065,0.319047619047619,1,0.309904153354633,0.32755905511811,0.322784810126582,0.330683624801272,1,1,0.323101777059774,0.332263242375602,1,1,0.325984251968504,0.245669291338583,0.0231124807395994,0.691693290734824,1,0.00315955766192733,0.31629392971246,1,0.326860841423948,0.311145510835913,0.315955766192733,1,1,1,0.330769230769231,0.317152103559871,0.320634920634921,0.677367576243981,0.305466237942122,1,0.339171974522293,1,1,0.45839874411303,0.32952691680261,0.324534161490683,0.32484076433121,0.307570977917981,0.319935691318328,0.641955835962145,1,1,0.316037735849057,0.00470957613814757,0.33641975308642,0.314728682170543,0.332278481012658,0.312302839116719,0.302100161550889,0.326656394453005,0.688783570300158,0.362928348909657,0.311216429699842,1,0.3278955954323,1,0.308641975308642,0.314696485623003,0.317817014446228,0.332263242375602,0.314935064935065,1,0.325949367088608,0.798722044728435,1,1,0.996784565916399,1,1,0.888168557536467,1,1,1,0.330218068535826,1,0.327814569536424,0,1,0.385335413416537,1,0.317817014446228,0.324324324324324,0.322115384615385,0.416403785488959,1,0.32807570977918,1,1,1,1,0,0.3232,1,1,0.324324324324324,1,0.324492979719189,1,1,0.315873015873016,0.324281150159744,0.301587301587302,0.150316455696203,0.324193548387097,0,0.58751902587519,1,0.325358851674641,0.329073482428115,0.569182389937107,1,1,0.329489291598023,0.343548387096774,1,0.653481012658228,0.6976,0.305825242718447,0.328478964401294,0.993836671802773,0.33387358184765,0.30381679389313,1,0.316037735849057,0.313694267515924,1,0.308441558441558,0.317891373801917,0.318611987381703,0.316957210776545,1,1,1,0.311216429699842,0.3296,0.00636942675159236,0.990625,0.3312,1,1,0.313755795981453,0.337007874015748,0.309375,0.32753164556962,0.315955766192733,1,0.307814992025518,0.311290322580645,0.5552,1,0.835463258785943,1,0,1,0.326656394453005,1,1,0.418096723868955,0.998425196850394,0.319286871961102,1,0.314606741573034,0.3008,0.318979266347687,1,1,0.31924882629108,0.403305785123967,0.604166666666667,0.3056,1,1,1,0.31869918699187,1,0.20952380952381,1,1,1,1,0.327044025157233,1,0.311475409836066,0.332802547770701,0.677265500794913,0.301612903225806,1,0.330721003134796,0.326625386996904,0.317355371900826,1,0.314728682170543,1,0.32258064516129,0.485804416403785,0.332814930015552,0.326860841423948,0.309486780715397,1,0.318979266347687,0.302250803858521,1,1,0.324921135646688,0.308544303797468,1,0.481012658227848,0.315789473684211,0.33175355450237,0.334379905808477,0.6734375,1,0.302100161550889,1,0.414910858995138,0.3104,0,0.881804043545879,0.317666126418152,0.317460317460317,0,0.0297805642633229,0.979397781299525,0.320813771517997,1,0.310509554140127,0.318555008210181,1,0.326465927099842,0.323296354992076,0.669303797468354,1,0.32,0.324193548387097,1,0.31974921630094,0.305057096247961,1,0.331775700934579,0.310289389067524,0.322530864197531,0.339712918660287,0.801574803149606,1,0.982539682539682,1,1,0.00161290322580645,1,0.995245641838352,1,0.431962025316456,0.99672131147541,0.310452418096724,0.993779160186625,0.332797427652733,0.995207667731629,0.593798449612403,0.626582278481013,0.321875,0.309707241910632,0.629807692307692,0.326829268292683,0,0.626373626373626,0.686495176848875,0.325984251968504,0.0015748031496063,0.317307692307692,0.308426073131955,0.774193548387097,0.334384858044164,0.687898089171974,0.583061889250814,0.323151125401929,0.3171875,0.304761904761905,1,0.0272727272727273,0,0.317111459968603,0.325038880248834,0.334913112164297,1,0.345483359746434,0.319620253164557,1,0.307936507936508,0.940988835725678,0.561014263074485,1,1,0.993355481727575,0.324031007751938,0.591414944356121,0.32398753894081,0.313114754098361,0.323809523809524,0.423861852433281,1,0.309178743961353,1,0.320846905537459,0.32512315270936,1,0.323717948717949,1,0.3312,1,1,0.327073552425665,0,1,0.32093023255814,1,0.577352472089314,1,0.496087636932707,1,0.553429027113238,1,0.314606741573034,1,1,1,0.314785373608903,0.330605564648118,0.320668693009119,0.355628058727569,0.340909090909091,0.315457413249211,1,0.329073482428115,1,1,0.336477987421384,0.317741935483871,0.321483771251932,0.39873417721519,0.327666151468315,1,1,0.335423197492163,0.32794830371567,0.615008156606852,0.583732057416268,0.322784810126582,0.31629392971246,1,0.310832025117739,0.325190839694657,0.9984375,0.309951060358891,0.314285714285714,0,0.140845070422535,0.315789473684211,0.677661169415292,0.325396825396825,0.328125,0.582554517133956,0.996835443037975,0.312399355877617,1,0.316957210776545,0.354632587859425,0.321027287319422,0.485759493670886,0.329052969502408,1,0.324281150159744,0.3264,0.33442088091354,0.680685358255452,1,0.331699346405229,0.322274881516588,0,0.327102803738318,0.998420221169036,0.95125786163522,1,0.32018927444795,0.332807570977918,0.318541996830428,0.58179012345679,1,0.586038961038961,0.338072669826224,1,1,0.966824644549763,0.677265500794913,0.337096774193548,0.361331220285261,0.324367088607595,0.317757009345794,1,1,0.5104,0.62760834670947,1,1,0.998439937597504,0.684552845528455,1,0.330733229329173,0.68362480127186,1,0.325949367088608,0.3168,0.329011345218801,0.996845425867508,1,0.633550488599348,0.327044025157233,1,1,0.323248407643312,0.313385826771654,0.998435054773083,0,0.318327974276527,0.3125,0.00798722044728434,0.315457413249211,1,0.312297734627832,1,0.158631415241058,0,0.898484848484848,0.330683624801272,1,1,0,0.0015600624024961,0.324921135646688,1,0.317434210526316,0.996904024767802,0.314424635332253,1,1,0.963258785942492,0.765527950310559,1,1,0.00637958532695375,1,0.514516129032258,0.330658105939005,0.671317829457364,0.332283464566929,1,0.318541996830428,0.67192429022082,1,1,0.313821138211382,0.60708782742681,0.339144215530903,0.579527559055118,0.971563981042654,0.330683624801272,0.58664546899841,0.0157728706624606,0.318541996830428,0.325949367088608,0.322327044025157,1,0.630769230769231,0.3078125,0.889240506329114,0.577170418006431,0.972049689440994,1,1,0.3125,0.338187702265372,0.311688311688312,0.312893081761006,0.310832025117739,0.609422492401216,0.312111801242236,0,0.676335877862595,0.9984,0.326018808777429,0.306089743589744,0.324546952224053,0.325077399380805,0.592709984152139,1,0.336973478939158,0.343499197431782,0.334967320261438,0.32626427406199,0.319554848966614,0.308917197452229,0.204301075268817,0.684466019417476,0.322169059011164,0.589783281733746,1,0.240770465489567,0.323671497584541,0.923701298701299,1,1,0.316957210776545,0.631329113924051,1,0.320126782884311,0.297427652733119,0.956937799043062,1,1,0.996715927750411,0.32018927444795,1,1,0.891935483870968,1,0.347962382445141,1,0.5810147299509,1,0.671361502347418,0.308064516129032,0.594249201277955,1,1,0.991974317817014,0.331259720062208,0.329093799682035,0.329563812600969,0.323390894819466,0.32626427406199,0.323577235772358,0.982456140350877,0.31911532385466,1,1,0.725,0,0.31832298136646,0.324451410658307,0.68088467614534,1,0.558176100628931,0.328703703703704,0.644444444444444,0.316455696202532,0.314845024469821,1,0.314785373608903,0.322259136212625,0.692307692307692,0.900326797385621,0.325301204819277,0.592891760904685,0.565008025682183,0.332293291731669,0.317384370015949,0.304278922345483,0.587025316455696,0.679873217115689,1,0.894060995184591,1,0.661490683229814,0.996805111821086,0.580542264752791,0.313408723747981,0.32300163132137,1,1,0.430817610062893,0.991961414790997,0.996904024767802,1,0.318979266347687,0.337539432176656,1,0.321981424148607,0.672413793103448,0.324367088607595,0.44888178913738,0.309904153354633,0,0.303125,1,1,0.584639498432602,0.00157232704402516,0.329635499207607,0.321543408360129,0.104761904761905,0.416531604538088,1,1,0.316535433070866,1,0.409309791332263,1,0.333843797856049,0.580343213728549,0.325320512820513,0.321086261980831,1,0,1,0.308702791461412,0.323248407643312,1,1,1,0.453376205787781,1,0.322784810126582,0.603421461897356,0.325508607198748,0.323101777059774,0.00157232704402516,0.0408163265306122,1,0.622611464968153,1,0.329652996845426,0.341503267973856,1,1,0.164012738853503,0.314873417721519,1,0.894899536321484,1,0.324615384615385,0.210862619808307,0.669254658385093,1,1,1,1,1,0.290015847860539,0.309148264984227,1,0.125611745513866,0.00162337662337662,0.433962264150943,0,0.32484076433121,1,0.676848874598071,1,1,0.884310618066561,1,0.68075117370892,1,1,1,1
"365",1,1,1,1,1,1,0.7,1,1,0.0928689883913764,1,0.0402576489533011,0.813531353135314,1,0.322899505766063,0.305825242718447,0.0587275693311582,0.692821368948247,1,1,0.281198003327787,0.313014827018122,1,0.148867313915858,1,0.317741935483871,0.312803889789303,1,1,0.775947281713344,0.310965630114566,0.724919093851133,0.961538461538462,0.313408723747981,0,1,0.547657512116317,1,0.301412872841444,1,0.665064102564103,0.68189233278956,0.6944,1,1,0.32183908045977,0.313821138211382,0.305246422893482,0.321027287319422,0.3264,0,1,0.311004784688995,1,1,0.489291598023064,0.564144736842105,1,1,1,0.332263242375602,0.311881188118812,0.323481116584565,0.677685950413223,1,1,0.0392798690671031,1,0.0524642289348172,0.315286624203822,1,0.320512820512821,0.327242524916944,0.961794019933555,0.51461038961039,1,0.308306709265176,0.338735818476499,1,0.320404721753794,0.0792580101180438,0.320785597381342,0.314144736842105,1,0.333863275039746,1,1,1,1,0.697933227344992,1,1,0.0016260162601626,0.0933977455716586,1,0.0428571428571429,0,1,0.566445182724252,0.682487725040916,1,0.0485436893203883,0.306688417618271,1,0.313821138211382,1,0.686591276252019,1,0.315875613747954,0.316558441558442,0.317230273752013,1,0.323151125401929,1,0.48811410459588,1,0.320907617504052,0.296774193548387,0.320634920634921,0.321428571428571,0.481054365733114,0.998371335504886,0.318979266347687,0.313953488372093,1,0.302250803858521,1,1,0.317589576547231,0.541009463722397,1,0.316639741518578,1,0.0402476780185759,1,0.303030303030303,0.678456591639871,0.325878594249201,0.936585365853659,0.419898819561551,0.0910569105691057,0.0889967637540453,1,1,0.325732899022801,1,0.315707620528771,1,0.809677419354839,1,0.318104906937394,1,1,1,1,0.325732899022801,1,0.314144736842105,0.251215559157212,1,0.312599681020734,1,0.298531810766721,0.0772946859903382,1,0.30718954248366,1,1,1,0.330658105939005,1,0.324546952224053,1,0.305418719211823,1,0.310569105691057,0.0716612377850163,1,0.634064080944351,1,1,0.306425041186161,1,1,1,1,0.316993464052288,0.3088,1,0.99837925445705,0.315873015873016,0.309882747068677,1,0.444991789819376,0.669278996865204,0,0.315705128205128,0.663414634146341,1,0.326433121019108,1,0.998432601880878,1,0.311793214862682,0.315372424722662,0.323333333333333,1,1,1,0,1,0.308970099667774,0.978512396694215,0.320785597381342,0.307941653160454,0.746365105008078,1,1,1,1,1,0.0407830342577488,0.31219512195122,0.32475884244373,1,0.680511182108626,1,1,0.998376623376623,0.998412698412698,1,1,0.00489396411092985,0.309748427672956,1,0.304418985270049,1,0.30048465266559,1,1,1,1,1,0.32300163132137,1,0.512315270935961,0.32516339869281,0.322222222222222,0.313213703099511,0.31973898858075,0.33278955954323,0.41,0.330049261083744,0.316720257234727,0.308917197452229,1,0.316912972085386,1,0.688,0.310177705977383,0.296529968454259,0.336065573770492,1,1,1,0.257001647446458,0.3042071197411,1,0.320325203252033,0.326465927099842,0.313821138211382,0.317230273752013,0.687196110210697,1,0.316211878009631,0.316476345840131,1,0.297658862876254,1,0.314009661835749,0.303858520900322,1,1,1,0.541463414634146,1,0.683006535947712,0.0760697305863708,0.318770226537217,1,1,0.0889967637540453,0.3168,0.319218241042345,1,1,0.30048465266559,0.0210355987055016,0.0033167495854063,1,1,0.339171974522293,1,1,0.310897435897436,1,1,0.316639741518578,1,1,1,1,0.317073170731707,0.30625,0.321131447587354,1,1,0.679092382495948,0.314845024469821,1,0.317034700315457,0.296774193548387,1,1,0.998394863563403,1,1,0.32626427406199,1,1,0.0975206611570248,0.329635499207607,0.478187919463087,0.306688417618271,0.680781758957655,0.314606741573034,1,0.310855263157895,0.331715210355987,0.252411575562701,0.32695374800638,1,0.32120253164557,1,1,1,0.307941653160454,0.318840579710145,0.998402555910543,0.929530201342282,0.0557377049180328,1,0.30983606557377,0.323383084577114,0.306930693069307,1,0.326892109500805,0.468189233278956,0.323671497584541,0.307443365695793,0.316498316498317,0.310569105691057,1,0.311475409836066,1,1,0,1,0.324104234527687,1,1,1,0.331666666666667,1,0.317434210526316,1,0.835772357723577,1,1,1,0.31869918699187,1,1,0.306320907617504,0.311793214862682,1,1,0.304347826086957,0.186009538950715,1,0.998397435897436,1,0,0.313953488372093,1,0.312297734627832,0.232786885245902,1,0.677265500794913,0.421725239616613,1,1,0.685670261941448,0.704918032786885,0.345218800648298,1,0.315875613747954,1,1,0.332231404958678,1,0.99835255354201,0.00813008130081301,0.315447154471545,1,1,0.32183908045977,1,1,0.308196721311475,0.3232,1,1,1,0.5168,0.300970873786408,0.334975369458128,0.313385826771654,0.330081300813008,0.696574225122349,0.3264,0.334415584415584,0.3056,0.233278955954323,0.321724709784411,1,0.314375987361769,0.998349834983498,0.310897435897436,0.0818897637795276,0.046031746031746,1,1,0.0357723577235772,1,0.684380032206119,0.0376432078559738,0.00956937799043062,1,0.679611650485437,1,1,0.53960396039604,1,0,0.0642504118616145,1,1,1,0.321311475409836,0.6453125,0.693602693602694,0.995137763371151,1,0.988888888888889,0.298531810766721,0.32516339869281,1,0.305555555555556,1,0.359477124183007,0.0967741935483871,0.301127214170692,0.318110236220472,0.331623931623932,1,0.0760697305863708,1,1,1,0.254838709677419,0.31219512195122,1,0.321252059308072,1,1,0.305246422893482,1,0.32348367029549,1,0.314569536423841,0.317073170731707,1,0.683006535947712,0.312893081761006,1,0.313232830820771,0.7712,0.312599681020734,0.154093097913323,0.322884012539185,0.763934426229508,0.308970099667774,1,0.327361563517915,0.3322528363047,0.293548387096774,1,1,1,0.978187919463087,0.334453781512605,1,0.325503355704698,1,0.310810810810811,0.313291139240506,1,1,1,0.925324675324675,1,0.307814992025518,0.320907617504052,1,1,0.0445544554455446,0.0716612377850163,1,1,0.30655737704918,1,1,0.313014827018122,1,1,0.685761047463175,0.536624203821656,1,0,1,1,0.0953150242326333,0.315112540192926,1,0.315091210613599,0.998376623376623,0.968698517298188,0.998357963875205,0.821829855537721,1,0.330097087378641,1,1,1,0,0.315966386554622,1,1,0.681818181818182,1,0.311290322580645,0.356451612903226,0.318910256410256,1,1,1,0.0838607594936709,0.318864774624374,0.0851419031719533,0.998392282958199,0.3072,0.3008,0.358184764991896,0,1,0.959349593495935,1,1,0.320661157024793,0.306603773584906,0.149350649350649,0.0382695507487521,0.319286871961102,0.309677419354839,0.32484076433121,0.00162337662337662,0.313311688311688,1,0,0.324324324324324,1,1,1,0.310897435897436,0.317535545023697,0.0320404721753794,1,0.312703583061889,0.308917197452229,1,1,0.312297734627832,0.695286195286195,1,1,0.691927512355848,1,0.307936507936508,1,0.313821138211382,0.52555910543131,0.674050632911392,0.391653290529695,1,0.298555377207063,0.312903225806452,0.682615629984051,0.673566878980892,1,0.327974276527331,1,0.314641744548287,1,0.314424635332253,0.304492512479201,0.344605475040258,0.521669341894061,0.312292358803987,0.301794453507341,0.66612641815235,0.313099041533546,0.144557823129252,1,0,1,0.302287581699346,1,0,0.320846905537459,0.310965630114566,1,0.0501567398119122,1,0.0776699029126214,0.343042071197411,1,0.0611916264090177,0.672667757774141,1,1,1,0.308333333333333,0.0368589743589744,1,0.421926910299003,0.0870279146141215,0.348909657320872,0.317891373801917,0.324881141045959,1,1,1,1,1,0.060126582278481,0.996820349761526,0.681229773462783,0.00474683544303797,0.325281803542673,1,1,1,1,0.0795454545454545,0.3203125,1,1,1,1,1,1,0.483870967741935,0.00166112956810631,1,0.0789889415481833,0.320785597381342,0.433715220949264,1,0.394342762063228,0.304347826086957,0.306055646481178,1,0.0353697749196141,0.320388349514563,1,1,0.366883116883117,0.309677419354839,0.307941653160454,0.315789473684211,0.998412698412698,0.322314049586777,0.319218241042345,0.402618657937807,0.309951060358891,0.974643423137876,0.315541601255887,0.0788177339901478,0.3232,0,1,0.0821018062397373,0.303776683087028,0.313821138211382,0.315533980582524,1,1,1,1,1,1,0.327787021630616,1,0.317741935483871,0.31740614334471,0.596122778675283,0.678571428571429,1,1,0,0.313504823151125,0.111831442463533,0.998439937597504,0.0342019543973941,1,1,0.315702479338843,1,1,0.619047619047619,0.40672268907563,0.995334370139969,0.0736497545008183,0.0913621262458472,1,1,1,0.0829268292682927,0,0.318979266347687,0.41786283891547,0.318910256410256,0,0.330564784053156,0.079734219269103,1,1,0.3184,0.315533980582524,0.230519480519481,0.333887043189369,0.30952380952381,0.319148936170213,1,1,0.320066334991708,1,0,1,0.216478190630048,1,0.676751592356688,1,0.305691056910569,0.300986842105263,0.0691318327974277,0.677884615384615,1,1,0.793159609120521,0.893220338983051,0.322847682119205,0.319467554076539,1,0.317965023847377,0.247960848287113,0.317957166392092,1,0.0957792207792208,1,1,0.317589576547231,0.68046357615894,0.315091210613599,1,1,0.305057096247961,0.306320907617504,0.318541996830428,0.845901639344262,0.313758389261745,1,0.0498392282958199,1,1,0.697411003236246,0.653658536585366,0.316139767054908,0.0501567398119122,0.318032786885246,1,1,0.303130148270181,0.330049261083744,0.632165605095541,1,0.3072,0.372611464968153,0.312599681020734,0.983948635634029,0.469721767594108,0.0032,0.302100161550889,0.324367088607595,0.332220367278798,0.307308970099668,0.320251177394035,0.97626582278481,1,0.309562398703404,0.550335570469799,0.686178861788618,0.226904376012966,0.693877551020408,1,0.319148936170213,0.00325732899022801,0.326829268292683,0.304347826086957,0.364667747163695,0.313821138211382,0,0.331723027375201,0.315614617940199,0.324590163934426,0.311501597444089
"366",1,1,1,1,1,1,0.694488188976378,1,1,0.0893141945773525,1,0.0403726708074534,0.805071315372425,1,0.334394904458599,0.326018808777429,0.0600315955766193,0.669381107491857,1,1,0.302694136291601,0.32967032967033,1,0.151090342679128,1,0.339563862928349,0.330658105939005,1,1,0.789808917197452,0.319571865443425,0.731554160125589,0.965463108320251,0.323854660347551,0,1,0.534775888717156,1,0.309707241910632,1,0.647709320695103,0.666666666666667,0.677966101694915,1,1,0.329617834394904,0.324451410658307,0.32258064516129,0.338028169014085,0.341576506955178,0,1,0.325,1,1,0.502423263327948,0.552215189873418,1,1,1,0.344086021505376,0.329721362229102,0.329635499207607,0.669291338582677,1,1,0.0314465408805031,1,0.0544629349470499,0.331297709923664,1,0.331240188383046,0.34747145187602,0.964630225080386,0.510077519379845,1,0.324534161490683,0.349768875192604,1,0.324237560192616,0.0789049919484702,0.335443037974684,0.347551342812006,1,0.352395672333849,1,1,1,1,0.675039246467818,1,1,0.0015552099533437,0.0984615384615385,1,0.0412844036697248,0,1,0.5504,0.661392405063291,1,0.046656298600311,0.327586206896552,1,0.327586206896552,1,0.668195718654434,1,0.331746031746032,0.330781010719755,0.331288343558282,1,0.340659340659341,1,0.484567901234568,1,0.322429906542056,0.305084745762712,0.340490797546012,0.325471698113208,0.476415094339623,0.998422712933754,0.336434108527132,0.337620578778135,1,0.312307692307692,1,1,0.338509316770186,0.574500768049155,1,0.328125,1,0.0379939209726444,1,0.322429906542056,0.661971830985915,0.342723004694836,0.938679245283019,0.441935483870968,0.0950871632329636,0.0911949685534591,1,1,0.34012539184953,1,0.329787234042553,1,0.801242236024845,1,0.345718901453958,1,1,1,1,0.348297213622291,1,0.33175355450237,0.262422360248447,1,0.321981424148607,1,0.314641744548287,0.0813397129186603,1,0.321656050955414,1,1,1,0.3515625,1,0.34384858044164,1,0.316692667706708,1,0.326018808777429,0.0702028081123245,1,0.629084967320261,1,1,0.328593996840442,1,1,1,1,0.33596214511041,0.325545171339564,1,0.9984375,0.331775700934579,0.318910256410256,1,0.44375,0.655589123867069,0,0.335949764521193,0.653605015673981,1,0.341013824884793,1,0.998456790123457,1,0.328197226502311,0.331797235023041,0.338050314465409,1,1,1,0,1,0.311605723370429,0.972006220839813,0.336,0.319938176197836,0.758513931888545,1,1,1,1,1,0.0391849529780564,0.324281150159744,0.340062111801242,1,0.667692307692308,1,1,0.998417721518987,0.998444790046656,1,1,0.00155763239875389,0.32258064516129,1,0.32753164556962,1,0.315217391304348,1,1,1,1,1,0.347352024922118,1,0.5088,0.337559429477021,0.334351145038168,0.326433121019108,0.333860759493671,0.346092503987241,0.431528662420382,0.344287949921753,0.331782945736434,0.328660436137072,1,0.337007874015748,1,0.678516228748068,0.324921135646688,0.317629179331307,0.348242811501597,1,1,1,0.268174474959612,0.322884012539185,1,0.333333333333333,0.332824427480916,0.322932917316693,0.333333333333333,0.675590551181102,1,0.341576506955178,0.331738437001595,1,0.3125,1,0.326625386996904,0.324451410658307,1,1,1,0.536050156739812,1,0.677777777777778,0.0800604229607251,0.335423197492163,1,1,0.090625,0.325,0.343499197431782,1,1,0.31039755351682,0.0202492211838006,0,1,1,0.347626339969372,0.998425196850394,1,0.329738058551618,1,1,0.333333333333333,1,1,1,1,0.334370139968896,0.324116743471582,0.345218800648298,1,1,0.662557781201849,0.3265625,1,0.329211746522411,0.311526479750779,1,1,0.998459167950693,1,1,0.333863275039746,1,1,0.102893890675241,0.345679012345679,0.503164556962025,0.317307692307692,0.657187993680885,0.330218068535826,1,0.32755905511811,0.348031496062992,0.264296754250386,0.337461300309598,1,0.340490797546012,1,1,1,0.321656050955414,0.33693972179289,0.998415213946117,0.929738562091503,0.057784911717496,1,0.321372854914197,0.335453100158982,0.329113924050633,1,0.339449541284404,0.461059190031153,0.338509316770186,0.325984251968504,0.329563812600969,0.324881141045959,1,0.332802547770701,1,1,0,1,0.333858267716535,1,1,1,0.342723004694836,1,0.326892109500805,1,0.839813374805599,1,1,1,0.328125,1,1,0.324409448818898,0.329173166926677,1,1,0.326530612244898,0.191063174114022,1,0.998447204968944,1,0,0.325358851674641,1,0.3328173374613,0.246467817896389,1,0.656692913385827,0.442396313364055,1,1,0.667669172932331,0.693270735524257,0.361934477379095,1,0.330769230769231,1,1,0.34488188976378,1,0.998420221169036,0.003125,0.332810047095761,1,1,0.338164251207729,1,1,0.31637519872814,0.347758887171561,1,1,1,0.53448275862069,0.326153846153846,0.353312302839117,0.333333333333333,0.346273291925466,0.670866141732283,0.343605546995377,0.334384858044164,0.325545171339564,0.2448,0.331189710610932,1,0.334876543209877,0.998430141287284,0.329192546583851,0.0778625954198473,0.0452418096723869,1,1,0.0361635220125786,1,0.671339563862928,0.0375586854460094,0.00794912559618442,1,0.666666666666667,1,1,0.566246056782334,1,0,0.0688,1,1,1,0.338187702265372,0.635958395245171,0.672609400324149,0.992260061919505,1,0.984591679506934,0.318681318681319,0.347068145800317,1,0.315286624203822,1,0.3828125,0.0966719492868463,0.324031007751938,0.333333333333333,0.345177664974619,1,0.0721003134796238,1,1,1,0.261609907120743,0.341772151898734,1,0.329153605015674,1,1,0.318818040435459,1,0.334855403348554,1,0.32755905511811,0.332805071315372,1,0.667711598746082,0.327692307692308,1,0.334913112164297,0.769230769230769,0.327692307692308,0.15600624024961,0.335347432024169,0.771293375394322,0.318840579710145,1,0.342549923195084,0.354330708661417,0.3046875,1,1,1,0.970491803278689,0.346839546191248,1,0.334928229665072,1,0.32626427406199,0.332312404287902,1,1,1,0.926751592356688,1,0.327160493827161,0.325077399380805,1,1,0.0452342487883683,0.0717703349282297,1,1,0.322274881516588,1,1,0.31924882629108,1,1,0.66347687400319,0.530395136778115,1,0,1,1,0.0930232558139535,0.338582677165354,1,0.336477987421384,0.998432601880878,0.964343598055105,0.998444790046656,0.822605965463108,1,0.348314606741573,1,1,1,0,0.325358851674641,1,1,0.655063291139241,1,0.326530612244898,0.37245696400626,0.333853354134165,1,1,1,0.0828220858895705,0.338632750397456,0.0838709677419355,0.998412698412698,0.325077399380805,0.322932917316693,0.366197183098592,0,1,0.962204724409449,1,1,0.338095238095238,0.316358024691358,0.160572337042925,0.0375586854460094,0.336990595611285,0.325984251968504,0.344036697247706,0.00157232704402516,0.327014218009479,1,0,0.336405529953917,1,1,1,0.334355828220859,0.332826747720365,0.0337620578778135,1,0.326018808777429,0.31875,1,1,0.328100470957614,0.685245901639344,1,1,0.68075117370892,1,0.318461538461538,1,0.321875,0.529141104294479,0.658054711246201,0.417310664605873,1,0.310664605873261,0.329133858267717,0.668730650154799,0.648902821316614,1,0.339477726574501,1,0.336377473363775,1,0.328571428571429,0.319182389937107,0.361769352290679,0.531152647975078,0.333865814696486,0.321259842519685,0.655226209048362,0.329173166926677,0.145631067961165,1,0,1,0.309148264984227,1,0,0.338607594936709,0.328593996840442,1,0.0504587155963303,1,0.0834645669291339,0.348982785602504,1,0.0577223088923557,0.654574132492114,1,1,1,0.321311475409836,0.0325581395348837,1,0.445141065830721,0.0884244372990354,0.368584758942457,0.34009360374415,0.335901386748844,1,1,1,1,1,0.057315233785822,0.995384615384615,0.669278996865204,0.0015220700152207,0.335925349922239,1,1,1,1,0.07981220657277,0.328682170542636,1,1,1,1,1,1,0.488335925349922,0.00157232704402516,1,0.0765696784073507,0.338533541341654,0.433281004709576,1,0.404153354632588,0.32843137254902,0.32398753894081,1,0.0341085271317829,0.333333333333333,1,1,0.382165605095541,0.322981366459627,0.32018927444795,0.332273449920509,0.998447204968944,0.34375,0.328197226502311,0.427444794952681,0.334394904458599,0.975308641975309,0.324159021406728,0.076555023923445,0.341614906832298,0,1,0.0822784810126582,0.325358851674641,0.333333333333333,0.324881141045959,1,1,1,1,1,1,0.340764331210191,1,0.334935897435897,0.327272727272727,0.607198748043818,0.66131621187801,1,1,0,0.329704510108865,0.113385826771654,0.998475609756098,0.0302066772655008,1,1,0.326465927099842,1,1,0.64297253634895,0.427876823338736,0.995555555555556,0.0769230769230769,0.0907643312101911,1,1,1,0.0838607594936709,0,0.331782945736434,0.432907348242812,0.329249617151608,0,0.336538461538462,0.080952380952381,1,1,0.334869431643625,0.33179012345679,0.249607535321821,0.345483359746434,0.328767123287671,0.335913312693498,1,1,0.339116719242902,1,0,1,0.223622047244094,1,0.654205607476635,1,0.324921135646688,0.316211878009631,0.0706605222734255,0.664605873261206,1,1,0.78391167192429,0.899513776337115,0.330696202531646,0.332288401253919,1,0.331775700934579,0.261417322834646,0.337579617834395,1,0.0957613814756672,1,1,0.327613104524181,0.666666666666667,0.325878594249201,1,1,0.324615384615385,0.322429906542056,0.336377473363775,0.8576,0.32695374800638,1,0.0477657935285054,1,1,0.6859375,0.637362637362637,0.334975369458128,0.0475435816164818,0.331738437001595,1,1,0.31496062992126,0.347687400318979,0.614420062695925,1,0.321538461538462,0.384259259259259,0.327160493827161,0.984544049459042,0.46993670886076,0.0031104199066874,0.324031007751938,0.337899543378995,0.334384858044164,0.330112721417069,0.329230769230769,0.971875,1,0.328593996840442,0.542345276872964,0.668269230769231,0.234009360374415,0.677524429967427,1,0.334869431643625,0.00316957210776545,0.334890965732087,0.322981366459627,0.372239747634069,0.332802547770701,0,0.346213292117465,0.3392,0.339035769828927,0.325471698113208
"367",0,0,0,0,0,0,0.304487179487179,0,0,0.914100486223663,0,0.956521739130435,0.184419713831479,0,0.684044233807267,0.6921875,0.948091603053435,0.318770226537217,0,0,0.707278481012658,0.688087774294671,0,0.849529780564263,0,0.670278637770898,0.690095846645367,0,0,0.204113924050633,0.684210526315789,0.263565891472868,0.0329153605015674,0.676609105180534,1,0,0.47758887171561,0,0.695718654434251,0,0.33693972179289,0.320813771517997,0.307098765432099,0,0,0.674193548387097,0.6796875,0.689335394126739,0.672307692307692,0.669242658423493,1,0,0.681470137825421,0,0,0.500805152979066,0.45253164556962,0,0,0,0.671296296296296,0.684458398744113,0.68621236133122,0.324409448818898,0,0,0.963492063492064,0,0.94856278366112,0.673252279635258,0,0.677672955974843,0.670947030497592,0.0322061191626409,0.494590417310665,0,0.69431643625192,0.661442006269592,0,0.683954619124797,0.92443729903537,0.671361502347418,0.672985781990521,0,0.653188180404355,0,0,0,0,0.309597523219814,0,0,0.998444790046656,0.905053598774885,0,0.955792682926829,1,0,0.452648475120385,0.328571428571429,0,0.952380952380952,0.687106918238994,0,0.680445151033386,0,0.314728682170543,0,0.684627575277338,0.674491392801252,0.680685358255452,0,0.664566929133858,0,0.516768292682927,0,0.683385579937304,0.702492211838006,0.674418604651163,0.684126984126984,0.532488114104596,0.00156985871271586,0.672839506172839,0.677938808373591,0,0.689547581903276,0,0,0.67879746835443,0.446319018404908,0,0.686821705426357,0,0.959028831562974,0,0.68160741885626,0.33535660091047,0.670295489891135,0.0590062111801242,0.566775244299674,0.904238618524333,0.910658307210031,0,0,0.671361502347418,0,0.680241327300151,0,0.184210526315789,0,0.662884927066451,0,0,0,0,0.660828025477707,0,0.672955974842767,0.748829953198128,0,0.685758513931889,0,0.69922480620155,0.923076923076923,0,0.680445151033386,0,0,0,0.668711656441718,0,0.671949286846276,0,0.685534591194969,0,0.679748822605965,0.932203389830508,0,0.37012987012987,0,0,0.682769726247987,0,0,0,0,0.674454828660436,0.68380062305296,0,0.0015552099533437,0.679938744257274,0.6896,0,0.560185185185185,0.340361445783133,1,0.680124223602484,0.3359375,0,0.672926447574335,0,0.00154320987654321,0,0.6796875,0.679506933744222,0.662903225806452,0,0,0,1,0,0.681962025316456,0.0235109717868339,0.671451355661882,0.684458398744113,0.246489859594384,0,0,0,0,0,0.956589147286822,0.674603174603175,0.668740279937792,0,0.321259842519685,0,0,0.00156985871271586,0.00155763239875389,0,0,0.995341614906832,0.689922480620155,0,0.681889763779528,0,0.693023255813954,0,0,0,0,0,0.67192429022082,0,0.477917981072555,0.66306027820711,0.677018633540373,0.681528662420382,0.674528301886792,0.6704,0.587301587301587,0.668231611893584,0.681470137825421,0.6921875,0,0.676145339652449,0,0.316590563165906,0.684542586750789,0.693129770992366,0.667721518987342,0,0,0,0.744849445324881,0.68160741885626,0,0.679304897314376,0.671709531013616,0.684867394695788,0.674884437596302,0.321259842519685,0,0.6703125,0.679873217115689,0,0.693290734824281,0,0.678407350689127,0.681388012618297,0,0,0,0.471228615863142,0,0.312693498452012,0.925418569254186,0.677067082683307,0,0,0.913522012578616,0.683720930232558,0.677316293929712,0,0,0.693023255813954,0.979591836734694,0.996794871794872,0,0,0.657450076804916,0,0,0.684698608964451,0,0,0.683229813664596,0,0,0,0,0.672897196261682,0.692771084337349,0.671521035598705,0,0,0.329770992366412,0.672926447574335,0,0.679389312977099,0.70077519379845,0,0,0.00156739811912226,0,0,0.678627145085803,0,0,0.89968152866242,0.668721109399075,0.512658227848101,0.68860353130016,0.32967032967033,0.67906976744186,0,0.6828125,0.6640625,0.747269890795632,0.677966101694915,0,0.670731707317073,0,0,0,0.687797147385103,0.674347158218126,0.00154798761609907,0.065252854812398,0.944444444444444,0,0.6875,0.676190476190476,0.685393258426966,0,0.661490683229814,0.541139240506329,0.679012345679012,0.686335403726708,0.684713375796178,0.6896,0,0.677265500794913,0,0,1,0,0.670826833073323,0,0,0,0.666144200626959,0,0.6832,0,0.15527950310559,0,0,0,0.684782608695652,0,0,0.683229813664596,0.688372093023256,0,0,0.687697160883281,0.816541353383459,0,0.00153374233128834,0,1,0.683042789223455,0,0.685271317829457,0.757188498402556,0,0.329230769230769,0.555555555555556,0,0,0.325513196480938,0.299684542586751,0.651090342679128,0,0.67906976744186,0,0,0.660883280757098,0,0.00157232704402516,0.993710691823899,0.669278996865204,0,0,0.679936305732484,0,0,0.684887459807074,0.663093415007657,0,0,0,0.470219435736677,0.691833590138675,0.650717703349282,0.676691729323308,0.669242658423493,0.321144674085851,0.667701863354037,0.6703125,0.678461538461538,0.765527950310559,0.679365079365079,0,0.682370820668693,0.00158478605388273,0.682098765432099,0.923430321592649,0.952815829528158,0,0,0.964230171073095,0,0.314329738058552,0.959814528593508,0.992088607594937,0,0.322378716744914,0,0,0.449920508744038,0,1,0.936893203883495,0,0,0,0.673469387755102,0.36377245508982,0.311793214862682,0.0078003120124805,0,0.0139751552795031,0.68380062305296,0.662480376766091,0,0.690363349131122,0,0.618012422360248,0.895071542130366,0.692913385826772,0.682370820668693,0.664418212478921,0,0.929339477726575,0,0,0,0.74884437596302,0.673501577287066,0,0.67192429022082,0,0,0.685099846390169,0,0.672754946727549,0,0.688995215311005,0.681818181818182,0,0.318037974683544,0.680786686838124,0,0.689984101748808,0.221003134796238,0.677862595419847,0.842349304482226,0.677272727272727,0.216772151898734,0.684380032206119,0,0.666151468315301,0.660606060606061,0.694573643410853,0,0,0,0.0308441558441558,0.662847790507365,0,0.676328502415459,0,0.676422764227642,0.674311926605505,0,0,0,0.0737833594976452,0,0.685847589424572,0.674491392801252,0,0,0.959935897435897,0.926282051282051,0,0,0.688291139240506,0,0,0.680952380952381,0,0,0.327613104524181,0.472952086553323,0,1,0,0,0.906298003072197,0.669753086419753,0,0.677115987460815,0.00157728706624606,0.0298273155416013,0.00159235668789809,0.174382716049383,0,0.666666666666667,0,0,0,1,0.682410423452769,0,0,0.332807570977918,0,0.675590551181102,0.636505460218409,0.672955974842767,0,0,0,0.920367534456355,0.684126984126984,0.914927768860353,0.00158730158730159,0.686635944700461,0.689922480620155,0.647425897035881,1,0,0.0375586854460094,0,0,0.668261562998405,0.687022900763359,0.847860538827258,0.960567823343849,0.673501577287066,0.685446009389671,0.666146645865835,0.998422712933754,0.681388012618297,0,1,0.68167701863354,0,0,0,0.681047765793529,0.673716012084592,0.96474358974359,0,0.68088467614534,0.689763779527559,0,0,0.681889763779528,0.309210526315789,0,0,0.311912225705329,0,0.692780337941628,0,0.688854489164087,0.484567901234568,0.336405529953917,0.6,0,0.701238390092879,0.680817610062893,0.319875776397516,0.336923076923077,0,0.67906976744186,0,0.674772036474164,0,0.675675675675676,0.685624012638231,0.647709320695103,0.46417445482866,0.677725118483412,0.681458003169572,0.333333333333333,0.677570093457944,0.8624,0,1,0,0.701112877583466,0,1,0.676145339652449,0.684294871794872,0,0.949177877428999,0,0.926100628930818,0.66403785488959,0,0.943217665615142,0.331775700934579,0,0,0,0.685897435897436,0.961119751166407,0,0.568037974683544,0.913249211356467,0.643518518518518,0.677966101694915,0.6734375,0,0,0,0,0,0.945454545454545,0.00305810397553517,0.31832298136646,0.995461422087746,0.670866141732283,0,0,0,0,0.923809523809524,0.687402799377916,0,0,0,0,0,0,0.518292682926829,0.998415213946117,0,0.9258114374034,0.68075117370892,0.570762052877138,0,0.601275917065391,0.687702265372168,0.687402799377916,0,0.959501557632399,0.673879443585781,0,0,0.625199362041467,0.684867394695788,0.682539682539683,0.679936305732484,0.00155763239875389,0.676703645007924,0.684782608695652,0.588607594936709,0.679748822605965,0.024653312788906,0.682515337423313,0.918789808917197,0.672386895475819,1,0,0.919811320754717,0.683042789223455,0.68125,0.68312101910828,0,0,0,0,0,0,0.664012738853503,0,0.67879746835443,0.67720465890183,0.3950233281493,0.324451410658307,0,0,1,0.677914110429448,0.891509433962264,0.00152671755725191,0.964006259780908,0,0,0.681020733652313,0,0,0.373015873015873,0.579288025889968,0.0029673590504451,0.92259083728278,0.911251980982567,0,0,0,0.916149068322981,1,0.682737169517885,0.580594679186229,0.678899082568807,1,0.670947030497592,0.923444976076555,0,0,0.675840978593272,0.677067082683307,0.755905511811024,0.666131621187801,0.6801872074883,0.679012345679012,0,0,0.667197452229299,0,1,0,0.779552715654952,0,0.3296875,0,0.690031152647975,0.688995215311005,0.933229813664596,0.327639751552795,0,0,0.219047619047619,0.112903225806452,0.67879746835443,0.678343949044586,0,0.678343949044586,0.744479495268139,0.678913738019169,0,0.906542056074766,0,0,0.674961119751166,0.318979266347687,0.680952380952381,0,0,0.685446009389671,0.693623639191291,0.676829268292683,0.147619047619048,0.679936305732484,0,0.950078003120125,0,0,0.306376360808709,0.3609375,0.669394435351882,0.950949367088608,0.667716535433071,0,0,0.683464566929134,0.665086887835703,0.395384615384615,0,0.685358255451713,0.628482972136223,0.686728395061728,0.0170278637770898,0.528213166144201,0.996923076923077,0.688172043010753,0.669195751138088,0.671474358974359,0.687600644122383,0.682442748091603,0.0291858678955453,0,0.678571428571429,0.466453674121406,0.32,0.76049766718507,0.316393442622951,0,0.673405909797823,0.996884735202492,0.670866141732283,0.689763779527559,0.635658914728682,0.674050632911392,1,0.664098613251156,0.678513731825525,0.68088467614534,0.683229813664596
"368",1,1,1,1,1,1,0.708064516129032,1,1,0.107084019769357,1,0.0497667185069984,0.7952,1,0.301282051282051,0.293650793650794,0.0712025316455696,0.704318936877076,1,1,0.274193548387097,0.298722044728434,1,0.168503937007874,1,0.306349206349206,0.304347826086957,1,1,0.772946859903382,0.295161290322581,0.717908082408875,0.961965134706815,0.299840510366826,0,1,0.542056074766355,1,0.290519877675841,1,0.674050632911392,0.6992,0.705607476635514,1,1,0.305057096247961,0.301916932907348,0.29393468118196,0.312401883830455,0.310725552050473,0,1,0.296875,1,1,0.492890995260663,0.5648,1,1,1,0.3140625,0.293460925039872,0.306089743589744,0.7,1,1,0.0428571428571429,1,0.0632716049382716,0.305295950155763,1,0.305863708399366,0.315359477124183,0.964573268921095,0.516693163751987,1,0.296411856474259,0.323943661971831,1,0.306688417618271,0.0901639344262295,0.319047619047619,0.303858520900322,1,0.321259842519685,1,1,1,1,0.700949367088608,1,1,0.00159489633173844,0.111635220125786,1,0.0527131782945736,0,1,0.569558101472995,0.687096774193548,1,0.0606060606060606,0.302884615384615,1,0.29903536977492,1,0.705128205128205,1,0.305466237942122,0.299373040752351,0.3046875,1,0.316614420062696,1,0.496904024767802,1,0.3008,0.30564263322884,0.312210200927357,0.303370786516854,0.496794871794872,0.998412698412698,0.308892355694228,0.294975688816856,1,0.300157977883096,1,1,0.334920634920635,0.540625,1,0.29746835443038,1,0.0483383685800604,1,0.296062992125984,0.68621236133122,0.305511811023622,0.927444794952681,0.424193548387097,0.106180665610143,0.1024,1,1,0.311605723370429,1,0.298921417565485,1,0.790297339593114,1,0.306818181818182,1,1,1,1,0.315024232633279,1,0.306688417618271,0.259433962264151,1,0.301092043681747,1,0.285261489698891,0.0882825040128411,1,0.2976,1,1,1,0.32093023255814,1,0.314102564102564,1,0.291139240506329,1,0.3,0.0780254777070064,1,0.644891122278057,1,1,0.296900489396411,1,1,1,1,0.308426073131955,0.294025157232704,1,0.998387096774194,0.300940438871473,0.290322580645161,1,0.456279809220986,0.671232876712329,0,0.309375,0.681458003169572,1,0.304347826086957,1,0.998439937597504,1,0.3078125,0.310344827586207,0.317741935483871,1,1,1,0,1,0.302737520128824,0.968152866242038,0.307692307692308,0.291079812206573,0.749206349206349,1,1,1,1,1,0.0512820512820513,0.305466237942122,0.318110236220472,1,0.68125,1,1,0.998435054773083,0.9984375,1,1,0.00474683544303797,0.322429906542056,1,0.294498381877023,1,0.288643533123028,1,1,1,1,1,0.312297734627832,1,0.500802568218299,0.309904153354633,0.311111111111111,0.3008,0.305379746835443,0.314516129032258,0.412621359223301,0.312698412698413,0.309409888357257,0.303937007874016,1,0.3024,1,0.702028081123245,0.29874213836478,0.320433436532508,0.313504823151125,1,1,1,0.269662921348315,0.3,1,0.304838709677419,0.314641744548287,0.302507836990596,0.311501597444089,0.695238095238095,1,0.309748427672956,0.296062992125984,1,0.276872964169381,1,0.298904538341158,0.298887122416534,1,1,1,0.547923322683706,1,0.701421800947867,0.0852713178294574,0.306089743589744,1,1,0.102848101265823,0.307210031347962,0.313821138211382,1,1,0.294392523364486,0.0268562401263823,0.00323101777059774,1,1,0.324921135646688,0.998412698412698,1,0.297169811320755,1,1,0.302547770700637,1,1,1,1,0.310344827586207,0.292117465224111,0.303921568627451,1,1,0.680314960629921,0.309409888357257,1,0.30625,0.286858974358974,1,1,0.998425196850394,1,1,0.3104,1,1,0.110197368421053,0.311526479750779,0.479740680713128,0.296596434359805,0.686708860759494,0.303459119496855,1,0.296296296296296,0.31637519872814,0.263482280431433,0.302215189873418,1,0.313084112149533,1,1,1,0.29874213836478,0.3109375,0.998412698412698,0.92156862745098,0.0684039087947883,1,0.295418641390205,0.305331179321486,0.298412698412698,1,0.313364055299539,0.476947535771065,0.310126582278481,0.296650717703349,0.289389067524116,0.282539682539683,1,0.301612903225806,1,1,0,1,0.305111821086262,1,1,1,0.31496062992126,1,0.3008,1,0.826433121019108,1,1,1,0.299065420560748,1,1,0.290880503144654,0.300476947535771,1,1,0.3008,0.19188767550702,1,0.998402555910543,1,0,0.30048465266559,1,0.293548387096774,0.248397435897436,1,0.688679245283019,0.425,1,1,0.69478527607362,0.716108452950558,0.333333333333333,1,0.307570977917981,1,1,0.314935064935065,1,0.998384491114701,0.00797448165869218,0.311526479750779,1,1,0.308186195826645,1,1,0.292527821939587,0.346518987341772,1,1,1,0.507020280811232,0.291798107255521,0.326332794830372,0.301223241590214,0.311912225705329,0.7056,0.31104199066874,0.312796208530806,0.302652106084243,0.237639553429027,0.309178743961353,1,0.302936630602782,0.99836867862969,0.296238244514107,0.0830769230769231,0.0582677165354331,1,1,0.0448,1,0.695178849144635,0.0479233226837061,0.0127186009538951,1,0.695374800637959,1,1,0.542673107890499,1,0,0.0784,1,1,1,0.306709265175719,0.661119515885023,0.697674418604651,0.993808049535604,1,0.982731554160126,0.288643533123028,0.349683544303797,1,0.287560581583199,1,0.362179487179487,0.110932475884244,0.288401253918495,0.304615384615385,0.316498316498317,1,0.0821484992101106,1,1,1,0.268562401263823,0.307568438003221,1,0.304625199362041,1,1,0.297637795275591,1,0.306278713629403,1,0.298887122416534,0.304347826086957,1,0.684126984126984,0.295031055900621,1,0.303514376996805,0.749606299212598,0.301684532924962,0.169278996865204,0.308527131782946,0.768987341772152,0.293159609120521,1,0.307086614173228,0.323390894819466,0.281446540880503,1,1,1,0.96523178807947,0.344884488448845,1,0.312903225806452,1,0.309951060358891,0.303405572755418,1,1,1,0.921474358974359,1,0.294209702660407,0.300157977883096,1,1,0.053921568627451,0.0796178343949045,1,1,0.291325695581015,1,1,0.295238095238095,1,1,0.691338582677165,0.54375,1,0,1,1,0.108661417322835,0.312302839116719,1,0.311605723370429,0.998417721518987,0.960443037974684,0.998412698412698,0.812893081761006,1,0.308319738988581,1,1,1,0,0.298013245033113,1,1,0.682108626198083,1,0.304140127388535,0.353218210361067,0.30379746835443,1,1,1,0.0920436817472699,0.30655737704918,0.0910569105691057,0.998392282958199,0.29595015576324,0.290824261275272,0.34748427672956,0,1,0.951026856240126,1,1,0.303858520900322,0.296583850931677,0.166666666666667,0.0465489566613162,0.308306709265176,0.299212598425197,0.314375987361769,0.00161290322580645,0.300787401574803,1,0,0.304075235109718,1,1,1,0.307931570762053,0.309119010819165,0.042833607907743,1,0.301261829652997,0.296411856474259,1,1,0.300632911392405,0.710743801652893,1,1,0.7024,1,0.29375,1,0.305511811023622,0.53448275862069,0.68503937007874,0.398753894080997,1,0.286377708978328,0.30016051364366,0.693290734824281,0.683962264150943,1,0.313755795981453,1,0.31039755351682,1,0.303514376996805,0.296474358974359,0.332802547770701,0.509523809523809,0.295454545454545,0.298245614035088,0.67879746835443,0.303125,0.151565074135091,1,0,1,0.283891547049442,1,0,0.303174603174603,0.304625199362041,1,0.0630769230769231,1,0.0887480190174326,0.33015873015873,1,0.0702028081123245,0.687301587301587,1,1,1,0.297029702970297,0.04375,1,0.416,0.10223642172524,0.347962382445141,0.312599681020734,0.310452418096724,1,1,1,1,1,0.0694444444444444,0.996850393700787,0.698587127158556,0.0045662100456621,0.309409888357257,1,1,1,1,0.0865384615384615,0.302003081664099,1,1,1,1,1,1,0.496904024767802,0.0016025641025641,1,0.0858034321372855,0.304761904761905,0.443740095087163,1,0.375404530744337,0.289735099337748,0.295345104333868,1,0.0465489566613162,0.306853582554517,1,1,0.356230031948882,0.299050632911392,0.294117647058824,0.306188925081433,0.998427672955975,0.306581059390048,0.302694136291601,0.405103668261563,0.292604501607717,0.97045101088647,0.3,0.0891410048622366,0.314785373608903,0,1,0.0967741935483871,0.293739967897271,0.299524564183835,0.3125,1,1,1,1,1,1,0.318255250403877,1,0.298722044728434,0.308600337268128,0.602543720190779,0.691437802907916,1,1,0,0.301092043681747,0.12379421221865,0.998459167950693,0.0434083601286174,1,1,0.307443365695793,1,1,0.619741100323625,0.399339933993399,0.996987951807229,0.0781758957654723,0.0996784565916399,1,1,1,0.0886075949367089,0,0.302611367127496,0.415360501567398,0.30030959752322,0,0.312903225806452,0.0880913539967374,1,1,0.305295950155763,0.306122448979592,0.2416,0.322683706070288,0.3046875,0.3078125,1,1,0.320846905537459,1,0,1,0.226837060702875,1,0.685624012638231,1,0.292452830188679,0.29951690821256,0.0817610062893082,0.684458398744113,1,1,0.800970873786408,0.892384105960265,0.307814992025518,0.304918032786885,1,0.301127214170692,0.262820512820513,0.307568438003221,1,0.109546165884194,1,1,0.299684542586751,0.700647249190938,0.30016051364366,1,1,0.283699059561129,0.29393468118196,0.306748466257669,0.857605177993528,0.302134646962233,1,0.0584518167456556,1,1,0.709576138147567,0.664526484751204,0.314332247557003,0.0589171974522293,0.306089743589744,1,1,0.292604501607717,0.321144674085851,0.614896988906498,1,0.297674418604651,0.363636363636364,0.292259083728278,0.984520123839009,0.483974358974359,0.00316957210776545,0.285261489698891,0.316358024691358,0.316639741518578,0.298217179902755,0.299531981279251,0.973186119873817,1,0.298578199052133,0.559349593495935,0.695934959349593,0.2359375,0.700980392156863,1,0.307931570762053,0.00318471337579618,0.307448494453249,0.296583850931677,0.36,0.308943089430894,0,0.319620253164557,0.302250803858521,0.316129032258064,0.296998420221169
"369",0.306818181818182,0.316037735849057,0.325,0.334920634920635,0.318252730109204,0.31378763866878,0.00813008130081301,0.320450885668277,0.318681318681319,0.565640194489465,0.318181818181818,0.6421875,0.511848341232227,0.330173775671406,1,1,0.62037037037037,0,0.333333333333333,0.311811023622047,1,1,0.324534161490683,0.523584905660377,0.316358024691358,1,1,0.344715447154472,0.31832298136646,0.512779552715655,1,0.574534161490683,0.356143079315708,0.996825396825397,0.668253968253968,0.316993464052288,0.132716049382716,0.327639751552795,1,0.3078125,0.00157977883096367,0,0,0.330143540669856,0.312698412698413,1,0.995283018867924,1,1,1,0.682316118935837,0.326923076923077,1,0.325508607198748,0.314465408805031,0.820388349514563,0.118210862619808,0.316455696202532,0.320552147239264,0.325508607198748,0.990726429675425,1,1,0.004739336492891,0.314845024469821,0.323899371069182,0.657232704402516,0.324409448818898,0.608964451313756,1,0.328149300155521,1,1,0.276422764227642,0.15987460815047,0.322188449848024,1,0.995356037151703,0.321928460342146,1,0.597063621533442,1,1,0.324492979719189,1,0.328267477203647,0.313099041533546,0.325471698113208,0.32807570977918,0,0.314785373608903,0.331804281345566,0.679748822605965,0.571651090342679,0.317891373801917,0.642414860681115,0.67192429022082,0.317757009345794,0.115072933549433,0,0.314465408805031,0.620414673046252,1,0.323671497584541,1,0.324451410658307,0,0.323343848580442,1,1,1,0.305511811023622,0.996875,0.328571428571429,0.205438066465257,0.308755760368664,1,0.375196232339089,1,1,0.200315457413249,0.316037735849057,1,1,0.338006230529595,1,0.321804511278195,0.31201248049922,0.367507886435331,0.770290964777948,0.31629392971246,1,0.328125,0.636225266362253,0.333333333333333,1,0.00155038759689922,1,0.371835443037975,0.892682926829268,0.580696202531646,0.597791798107255,0.321428571428571,0.319354838709677,1,0.309148264984227,1,0.303459119496855,0.503134796238245,0.331804281345566,1,0.314375987361769,0.323343848580442,0.324921135646688,0.335463258785943,1,0.312101910828025,1,0.434579439252336,0.335949764521193,1,0.318042813455657,1,0.591772151898734,0.322378716744914,1,0.322274881516588,0.311811023622047,0.333333333333333,0.986046511627907,0.323151125401929,1,0.320634920634921,1,0.312903225806452,1,0.59375,0.300632911392405,0.0274636510500808,0.2912,0.319182389937107,1,0.316692667706708,0.320373250388802,0.323943661971831,0.335473515248796,1,1,0.330097087378641,0.333863275039746,1,1,0.327160493827161,0.230889235569423,0.0182094081942337,0.684126984126984,1,0.0015625,0.314814814814815,1,0.323101777059774,0.311827956989247,0.325545171339564,0.998427672955975,1,1,0.330769230769231,0.325769854132901,0.317484662576687,0.677316293929712,0.314285714285714,1,0.332273449920509,1,1,0.435257410296412,0.328,0.324451410658307,0.328149300155521,0.306349206349206,0.317965023847377,0.644654088050314,1,1,0.321981424148607,0.00467289719626168,0.330246913580247,0.319938176197836,0.32182103610675,0.309375,0.307814992025518,0.323619631901841,0.6921875,0.359447004608295,0.30564263322884,1,0.333333333333333,1,0.318252730109204,0.31496062992126,0.304278922345483,0.329052969502408,0.314696485623003,1,0.3203125,0.798425196850394,1,1,0.998387096774194,1,1,0.894991922455573,1,1,1,0.314900153609831,1,0.327361563517915,0,1,0.379310344827586,1,0.333868378812199,0.321656050955414,0.312989045383412,0.422647527910686,1,0.333333333333333,1,1,1,1,0,0.31629392971246,1,1,0.324324324324324,1,0.324534161490683,1,1,0.313694267515924,0.322632423756019,0.305772230889236,0.143317230273752,0.333860759493671,0,0.591527987897126,1,0.325038880248834,0.32258064516129,0.580996884735203,1,1,0.327974276527331,0.32807570977918,1,0.652905198776758,0.700787401574803,0.310789049919485,0.321895424836601,0.995440729483283,0.3264,0.307228915662651,1,0.317829457364341,0.309859154929577,1,0.310126582278481,0.319685039370079,0.314375987361769,0.314241486068111,1,1,1,0.302694136291601,0.327503974562798,0.00463678516228748,0.992101105845182,0.328548644338118,1,1,0.312307692307692,0.330769230769231,0.309148264984227,0.324881141045959,0.315047021943574,1,0.317230273752013,0.317034700315457,0.572831423895254,1,0.837753510140406,1,0,1,0.324116743471582,1,1,0.426771653543307,1,0.323854660347551,1,0.310725552050473,0.30622009569378,0.310452418096724,1,1,0.327131782945736,0.398692810457516,0.613924050632911,0.303715670436187,1,1,1,0.331715210355987,1,0.205047318611987,1,1,1,1,0.330275229357798,1,0.324104234527687,0.333858267716535,0.670826833073323,0.305111821086262,1,0.324492979719189,0.325617283950617,0.315112540192926,1,0.313271604938272,1,0.330275229357798,0.479623824451411,0.329073482428115,0.321027287319422,0.312893081761006,1,0.320574162679426,0.312,1,1,0.326984126984127,0.30625,1,0.475894245723173,0.3216,0.32967032967033,0.3359375,0.6801872074883,1,0.301639344262295,1,0.417721518987342,0.311912225705329,0,0.882534775888717,0.316211878009631,0.322784810126582,0,0.0286168521462639,0.980922098569157,0.322429906542056,1,0.317307692307692,0.3168,1,0.327613104524181,0.318327974276527,0.663507109004739,1,0.316614420062696,0.3265625,1,0.31201248049922,0.318032786885246,1,0.333333333333333,0.315705128205128,0.323529411764706,0.3390625,0.795069337442219,1,0.979495268138801,1,1,0.00159744408945687,1,0.993779160186625,1,0.431924882629108,0.998394863563403,0.312788906009245,0.993798449612403,0.331189710610932,0.996889580093313,0.601538461538462,0.630602782071097,0.325153374233129,0.314241486068111,0.631415241057543,0.32183908045977,0,0.635367762128325,0.679936305732484,0.314329738058552,0.00158478605388273,0.315541601255887,0.313880126182965,0.778135048231511,0.328100470957614,0.678233438485804,0.591639871382637,0.318910256410256,0.318181818181818,0.296875,1,0.0254872563718141,0,0.314285714285714,0.328149300155521,0.332278481012658,1,0.3408,0.315625,1,0.310452418096724,0.942122186495177,0.569131832797428,1,1,0.993344425956739,0.316770186335404,0.602782071097372,0.320610687022901,0.308681672025723,0.314553990610329,0.424806201550388,1,0.314102564102564,1,0.327476038338658,0.318979266347687,1,0.320512820512821,1,0.323671497584541,1,1,0.323943661971831,0,1,0.327131782945736,1,0.562111801242236,1,0.5109375,1,0.558587479935794,1,0.324193548387097,1,1,1,0.3125,0.325878594249201,0.320726172465961,0.350819672131148,0.334967320261438,0.316957210776545,1,0.329113924050633,1,1,0.329113924050633,0.323854660347551,0.317411402157165,0.40282131661442,0.321372854914197,1,1,0.3390625,0.3216,0.622977346278317,0.582802547770701,0.318110236220472,0.321027287319422,1,0.308176100628931,0.320668693009119,0.995275590551181,0.305825242718447,0.314785373608903,0,0.133640552995392,0.322480620155039,0.670196671709531,0.312101910828025,0.327044025157233,0.592248062015504,0.996870109546166,0.3168,1,0.32120253164557,0.342948717948718,0.315873015873016,0.473926380368098,0.323899371069182,1,0.329153605015674,0.323854660347551,0.329581993569132,0.684952978056426,1,0.32520325203252,0.31875,0,0.333333333333333,1,0.953125,1,0.326498422712934,0.322932917316693,0.317817014446228,0.578386605783866,1,0.58908507223114,0.332810047095761,1,1,0.97007874015748,0.672,0.324281150159744,0.35748031496063,0.322327044025157,0.325115562403698,1,1,0.518110236220472,0.63275039745628,1,1,1,0.690821256038647,1,0.328682170542636,0.685446009389671,1,0.334375,0.319488817891374,0.323296354992076,0.998449612403101,1,0.651612903225806,0.323899371069182,1,1,0.32348367029549,0.312210200927357,1,0,0.312893081761006,0.312893081761006,0.0062992125984252,0.317972350230415,1,0.313001605136437,1,0.141065830721003,0,0.899390243902439,0.331269349845201,1,1,0,0.00153374233128834,0.324451410658307,1,0.312091503267974,0.998456790123457,0.315457413249211,1,0.998405103668262,0.9640625,0.768503937007874,1,1,0.00470219435736677,1,0.507438016528926,0.329635499207607,0.670769230769231,0.335925349922239,1,0.309033280507132,0.672926447574335,1,1,0.317230273752013,0.615733736762481,0.338050314465409,0.58664546899841,0.971291866028708,0.340764331210191,0.6078125,0.0125786163522013,0.316957210776545,0.322981366459627,0.322429906542056,1,0.638198757763975,0.313178294573643,0.888188976377953,0.585987261146497,0.965732087227414,1,1,0.322327044025157,0.337620578778135,0.311004784688995,0.310725552050473,0.314728682170543,0.615975422427035,0.307210031347962,0,0.671253822629969,0.998459167950693,0.331761006289308,0.308777429467085,0.319805194805195,0.328173374613003,0.608832807570978,1,0.337480559875583,0.339622641509434,0.331179321486268,0.324921135646688,0.31974921630094,0.31974921630094,0.194099378881988,0.682034976152623,0.318541996830428,0.595092024539877,1,0.229166666666667,0.320695102685624,0.917329093799682,1,1,0.316118935837246,0.639625585023401,1,0.317411402157165,0.302066772655008,0.949593495934959,1,1,0.996789727126806,0.320872274143302,1,1,0.898089171974522,1,0.3484375,1,0.591205211726384,1,0.67244094488189,0.317891373801917,0.600638977635783,1,1,0.993610223642173,0.329133858267717,0.328100470957614,0.326298701298701,0.320373250388802,0.321543408360129,0.326433121019108,0.9824,0.318885448916409,1,1,0.714508580343214,0,0.322932917316693,0.317972350230415,0.671274961597542,1,0.554858934169279,0.33030303030303,0.642628205128205,0.314285714285714,0.32258064516129,1,0.312903225806452,0.316053511705686,0.684975767366721,0.908943089430894,0.321752265861027,0.6,0.573926868044515,0.328100470957614,0.32753164556962,0.30173775671406,0.589257503949447,0.677469135802469,1,0.892690513219285,1,0.664110429447853,0.998397435897436,0.587859424920128,0.326433121019108,0.326366559485531,1,1,0.431746031746032,0.993548387096774,0.99685534591195,1,0.319182389937107,0.325508607198748,1,0.316816816816817,0.6801872074883,0.323343848580442,0.463375796178344,0.307814992025518,0,0.309859154929577,1,1,0.590417310664606,0.0015748031496063,0.327613104524181,0.323854660347551,0.101105845181675,0.415562913907285,1,1,0.31875,1,0.418238993710692,1,0.331316187594554,0.579029733959311,0.325581395348837,0.32018927444795,1,0,1,0.311290322580645,0.319935691318328,1,1,1,0.446740858505564,1,0.332288401253919,0.6203125,0.3296875,0.328025477707006,0.0015625,0.0365659777424483,1,0.626771653543307,1,0.325984251968504,0.339228295819936,1,1,0.149532710280374,0.313271604938272,1,0.904088050314465,1,0.322530864197531,0.19620253164557,0.667180277349769,1,1,1,1,1,0.291411042944785,0.307570977917981,1,0.117263843648208,0.00158227848101266,0.44006309148265,0,0.326984126984127,1,0.677777777777778,1,1,0.891509433962264,1,0.679566563467492,1,1,1,1
"370",1,1,1,1,1,1,0.704581358609795,1,1,0.1,1,0.0483619344773791,0.811616954474097,1,0.323809523809524,0.307332293291732,0.0674846625766871,0.681818181818182,1,1,0.298600311041991,0.322884012539185,1,0.151234567901235,1,0.335394126738794,0.320126782884311,1,1,0.780448717948718,0.315217391304348,0.72281776416539,0.96583850931677,0.320373250388802,0,1,0.545878693623639,1,0.301369863013699,1,0.6578125,0.675,0.690332326283988,1,1,0.3184,0.316037735849057,0.314589665653495,0.326120556414219,0.330769230769231,0,1,0.31832298136646,1,1,0.482758620689655,0.566302652106084,1,1,1,0.332819722650231,0.328125,0.317535545023697,0.677165354330709,1,1,0.0391236306729265,1,0.0604229607250755,0.327245053272451,1,0.322530864197531,0.3296,0.972972972972973,0.527777777777778,1,0.313846153846154,0.336858006042296,1,0.320907617504052,0.090032154340836,0.330188679245283,0.335949764521193,1,0.34715821812596,1,1,1,1,0.682588597842835,1,1,0.00157232704402516,0.109923664122137,1,0.0500758725341426,0,1,0.569858712715856,0.672985781990521,1,0.0554699537750385,0.319938176197836,1,0.320872274143302,1,0.682316118935837,1,0.32018927444795,0.326086956521739,0.323170731707317,1,0.324116743471582,1,0.499236641221374,1,0.323574730354391,0.303265940902022,0.324200913242009,0.318181818181818,0.493001555209953,0.998447204968944,0.329249617151608,0.330696202531646,1,0.306625577812018,1,1,0.336990595611285,0.554033485540335,1,0.320695102685624,1,0.0454545454545455,1,0.321100917431193,0.666666666666667,0.332814930015552,0.923794712286159,0.439613526570048,0.103395061728395,0.101880877742947,1,1,0.335974643423138,1,0.315868263473054,1,0.805555555555556,1,0.327044025157233,1,1,1,1,0.333848531684699,1,0.323809523809524,0.262422360248447,1,0.321699544764795,1,0.306729264475743,0.0922098569157393,1,0.3168,1,1,1,0.337941628264209,1,0.334384858044164,1,0.305772230889236,1,0.318037974683544,0.0814132104454685,1,0.640449438202247,1,1,0.316535433070866,1,1,1,1,0.323029366306028,0.314112291350531,1,0.998417721518987,0.31866464339909,0.305732484076433,1,0.45565749235474,0.667166416791604,0,0.319508448540707,0.665116279069767,1,0.332321699544765,1,0.998466257668712,1,0.325581395348837,0.326186830015314,0.327476038338658,1,1,1,0,1,0.310236220472441,0.972136222910217,0.325,0.311627906976744,0.763322884012539,1,1,1,1,1,0.0495356037151703,0.31201248049922,0.328725038402458,1,0.676970633693972,1,1,1,0.998463901689708,1,1,0.00308166409861325,0.324200913242009,1,0.310618066561014,1,0.306153846153846,1,1,1,1,1,0.332810047095761,1,0.500780031201248,0.327692307692308,0.331288343558282,0.3265625,0.324492979719189,0.332278481012658,0.42515923566879,0.335394126738794,0.316846986089645,0.317683881064163,1,0.326120556414219,1,0.684049079754601,0.31733746130031,0.318042813455657,0.333853354134165,1,1,1,0.263736263736264,0.316846986089645,1,0.32807570977918,0.330815709969789,0.316118935837246,0.32258064516129,0.678627145085803,1,0.332819722650231,0.318471337579618,1,0.315875613747954,1,0.3125,0.316692667706708,1,1,1,0.554517133956386,1,0.679748822605965,0.0858433734939759,0.327102803738318,1,1,0.1,0.323943661971831,0.330683624801272,1,1,0.304212168486739,0.0222222222222222,0.00161550888529887,1,1,0.343076923076923,0.998447204968944,1,0.317262830482115,1,1,0.327666151468315,1,1,1,1,0.334890965732087,0.312121212121212,0.335974643423138,1,1,0.664596273291925,0.321259842519685,1,0.326717557251908,0.302362204724409,1,1,0.998452012383901,1,1,0.329192546583851,1,1,0.107717041800643,0.335901386748844,0.498427672955975,0.307692307692308,0.667711598746082,0.320061255742726,1,0.318037974683544,0.331761006289308,0.256172839506173,0.324031007751938,1,0.328787878787879,1,1,1,0.319182389937107,0.33179012345679,0.998452012383901,0.921348314606742,0.0666666666666667,1,0.318042813455657,0.322429906542056,0.315457413249211,1,0.336349924585219,0.478939157566303,0.325115562403698,0.317262830482115,0.314873417721519,0.318252730109204,1,0.330721003134796,1,1,0,1,0.324492979719189,1,1,1,0.335443037974684,1,0.320967741935484,1,0.833850931677019,1,1,1,0.324615384615385,1,1,0.313271604938272,0.313755795981453,1,1,0.313755795981453,0.192660550458716,1,0.998459167950693,1,0,0.313084112149533,1,0.317757009345794,0.252365930599369,1,0.669184290030212,0.422427035330261,1,1,0.674662668665667,0.703761755485893,0.35062893081761,1,0.327160493827161,1,1,0.332814930015552,1,0.998427672955975,0.00615384615384615,0.325,1,1,0.322784810126582,1,1,0.318181818181818,0.338485316846986,1,1,1,0.512269938650307,0.310769230769231,0.354992076069731,0.319402985074627,0.335375191424196,0.684952978056426,0.325652841781874,0.330757341576507,0.319634703196347,0.247678018575851,0.324881141045959,1,0.332302936630603,0.998430141287284,0.32824427480916,0.0865671641791045,0.0526315789473684,1,1,0.0403726708074534,1,0.679389312977099,0.0469483568075117,0.0109717868338558,1,0.675548589341693,1,1,0.553968253968254,1,0,0.0741935483870968,1,1,1,0.323943661971831,0.648888888888889,0.679092382495948,0.993808049535604,1,0.982839313572543,0.308166409861325,0.336448598130841,1,0.3125,1,0.373065015479876,0.1078125,0.311827956989247,0.321646341463415,0.336601307189543,1,0.0796324655436447,1,1,1,0.258859784283513,0.328125,1,0.319554848966614,1,1,0.311627906976744,1,0.328808446455505,1,0.315047021943574,0.321316614420063,1,0.676609105180534,0.323795180722892,1,0.318471337579618,0.773993808049536,0.319083969465649,0.154311649016641,0.329268292682927,0.76056338028169,0.3136,1,0.329704510108865,0.341984732824427,0.295031055900621,1,1,1,0.964968152866242,0.344051446945338,1,0.329545454545455,1,0.319805194805195,0.328767123287671,1,1,1,0.912363067292645,1,0.311844077961019,0.329738058551618,1,1,0.0487421383647799,0.0842607313195548,1,1,0.310236220472441,1,1,0.315047021943574,1,1,0.674922600619195,0.549467275494673,1,0,1,1,0.102918586789555,0.32182103610675,1,0.322884012539185,0.998473282442748,0.965625,0.998430141287284,0.820668693009118,1,0.326984126984127,1,1,1,0,0.318840579710145,1,1,0.670261941448382,1,0.32093023255814,0.365325077399381,0.330733229329173,1,1,1,0.0949464012251149,0.326984126984127,0.0935483870967742,0.998427672955975,0.315384615384615,0.320433436532508,0.352484472049689,0,1,0.954758190327613,1,1,0.33175355450237,0.309451219512195,0.160629921259843,0.043956043956044,0.323390894819466,0.319314641744548,0.324159021406728,0.00157977883096367,0.315870570107858,1,0,0.317629179331307,1,1,1,0.32579185520362,0.327743902439024,0.0398089171974522,1,0.322981366459627,0.317901234567901,1,1,0.329721362229102,0.688709677419355,1,1,0.696062992125984,1,0.316590563165906,1,0.320373250388802,0.541666666666667,0.668202764976959,0.416289592760181,1,0.302891933028919,0.325617283950617,0.676056338028169,0.665671641791045,1,0.327639751552795,1,0.329803328290469,1,0.326625386996904,0.315047021943574,0.352484472049689,0.54601226993865,0.322734499205087,0.313880126182965,0.666666666666667,0.316109422492401,0.153354632587859,1,0,1,0.30503144654088,1,0,0.324367088607595,0.32120253164557,1,0.0605143721633888,1,0.086687306501548,0.341692789968652,1,0.0662557781201849,0.666144200626959,1,1,1,0.310177705977383,0.0442073170731707,1,0.421216848673947,0.0989010989010989,0.353846153846154,0.323619631901841,0.32572298325723,1,1,1,1,1,0.0663650075414781,0.996951219512195,0.677966101694915,0.00297619047619048,0.325688073394495,1,1,1,1,0.0909090909090909,0.317147192716237,1,1,1,1,1,1,0.498461538461538,0.00157728706624606,1,0.0876923076923077,0.325508607198748,0.437403400309119,1,0.39652448657188,0.317230273752013,0.313479623824451,1,0.0418604651162791,0.33179012345679,1,1,0.368503937007874,0.312788906009245,0.317829457364341,0.320634920634921,0.998468606431853,0.323029366306028,0.325153374233129,0.421630094043887,0.321875,0.975232198142415,0.319508448540707,0.0846645367412141,0.326120556414219,0,1,0.095389507154213,0.311216429699842,0.322327044025157,0.321928460342146,1,1,1,1,1,1,0.337559429477021,1,0.329153605015674,0.318627450980392,0.606811145510836,0.675118858954041,1,1,0,0.321212121212121,0.127131782945736,0.998493975903614,0.0376766091051805,1,1,0.31911532385466,1,1,0.635514018691589,0.42902711323764,0.995548961424332,0.080952380952381,0.101880877742947,1,1,1,0.0938967136150235,0,0.324200913242009,0.413685847589425,0.321100917431193,0,0.332263242375602,0.089171974522293,1,1,0.329230769230769,0.319875776397516,0.24804992199688,0.3392,0.312977099236641,0.330232558139535,1,1,0.328025477707006,1,0,1,0.221690590111643,1,0.670694864048338,1,0.320373250388802,0.31378763866878,0.0804953560371517,0.66973886328725,1,1,0.78816199376947,0.905296950240771,0.329133858267717,0.320251177394035,1,0.319685039370079,0.25705329153605,0.325396825396825,1,0.104863221884498,1,1,0.323076923076923,0.673015873015873,0.30952380952381,1,1,0.314900153609831,0.312989045383412,0.322388059701493,0.867507886435331,0.325508607198748,1,0.0592705167173252,1,1,0.68798751950078,0.6453125,0.3264,0.0579029733959311,0.326625386996904,1,1,0.311216429699842,0.329192546583851,0.634108527131783,1,0.317073170731707,0.378787878787879,0.31733746130031,0.986046511627907,0.4875,0.0031201248049922,0.308411214953271,0.327769347496206,0.329617834394904,0.318110236220472,0.323353293413174,0.967692307692308,1,0.31924882629108,0.546774193548387,0.683385579937304,0.244094488188976,0.683279742765273,1,0.325153374233129,0.0031104199066874,0.333848531684699,0.317757009345794,0.373660030627871,0.324451410658307,0,0.341692789968652,0.326892109500805,0.325914149443561,0.316770186335404
"371",1,1,1,1,1,1,0.704968944099379,1,1,0.0954616588419405,1,0.0455235204855842,0.815789473684211,1,0.313572542901716,0.308755760368664,0.0687022900763359,0.681318681318681,1,1,0.290123456790123,0.31055900621118,1,0.148260211800303,1,0.31866464339909,0.314465408805031,1,1,0.777080062794348,0.308868501529052,0.726726726726727,0.96937212863706,0.314674735249622,0,1,0.552352048558422,1,0.301659125188537,1,0.666666666666667,0.685240963855422,0.693215339233038,1,1,0.315870570107858,0.312688821752266,0.316742081447964,0.324283559577677,0.323795180722892,0,1,0.310030395136778,1,1,0.49613601236476,0.570121951219512,1,1,1,0.322338830584708,0.308166409861325,0.314241486068111,0.686728395061728,1,1,0.0373831775700935,1,0.0599700149925037,0.321266968325792,1,0.321483771251932,0.32398753894081,0.962732919254658,0.523952095808383,1,0.298937784522003,0.327354260089686,1,0.312597200622084,0.0953125,0.332819722650231,0.328173374613003,1,0.337404580152672,1,1,1,1,0.689497716894977,1,1,0.00152671755725191,0.101492537313433,1,0.0476900149031297,0,1,0.567610062893082,0.674922600619195,1,0.0553846153846154,0.309597523219814,1,0.310664605873261,1,0.692541856925419,1,0.319508448540707,0.326687116564417,0.321212121212121,1,0.322188449848024,1,0.490312965722802,1,0.317220543806647,0.291793313069909,0.320950965824666,0.316770186335404,0.481203007518797,1,0.321646341463415,0.313178294573643,1,0.305135951661631,1,1,0.317972350230415,0.537202380952381,1,0.317411402157165,1,0.0443131462333826,1,0.310911808669656,0.672754946727549,0.323619631901841,0.928353658536585,0.421303656597774,0.104037267080745,0.0942249240121581,1,1,0.332822085889571,1,0.316265060240964,1,0.808669656203288,1,0.320872274143302,1,1,1,1,0.327692307692308,1,0.316279069767442,0.248085758039816,1,0.316187594553706,1,0.297839506172839,0.086890243902439,1,0.316118935837246,1,1,1,0.334346504559271,1,0.324074074074074,1,0.309451219512195,1,0.313755795981453,0.075642965204236,1,0.641148325358852,1,1,0.308892355694228,1,1,1,1,0.32258064516129,0.308383233532934,1,1,0.315233785822021,0.29874213836478,1,0.446153846153846,0.667159763313609,0,0.31859756097561,0.668195718654434,1,0.319402985074627,1,1,1,0.314759036144578,0.321321321321321,0.326498422712934,1,1,1,0,1,0.306870229007634,0.970858895705521,0.323529411764706,0.30757341576507,0.752688172043011,1,1,1,1,1,0.0448916408668731,0.316279069767442,0.32579185520362,1,0.676829268292683,1,1,1,1,1,1,0.0015220700152207,0.31306990881459,1,0.30829420970266,1,0.304347826086957,1,1,1,1,1,0.322822822822823,1,0.50625,0.332312404287902,0.320300751879699,0.307931570762053,0.318461538461538,0.333853354134165,0.4171875,0.323664122137405,0.319340329835082,0.312312312312312,1,0.320061255742726,1,0.689759036144578,0.3125,0.301659125188537,0.333850931677019,1,1,1,0.250769230769231,0.310769230769231,1,0.318952234206472,0.327844311377246,0.309230769230769,0.308623298033283,0.684049079754601,1,0.316964285714286,0.31441717791411,1,0.299363057324841,1,0.311649016641452,0.310975609756098,1,1,1,0.552995391705069,1,0.684698608964451,0.0813609467455621,0.313271604938272,1,1,0.0965309200603318,0.320726172465961,0.324492979719189,1,1,0.300604229607251,0.0261136712749616,0,1,1,0.339820359281437,0.998477929984779,1,0.317293233082707,1,1,0.322137404580153,1,1,1,1,0.325652841781874,0.311475409836066,0.327639751552795,1,1,0.67427701674277,0.309341500765697,1,0.318991097922849,0.308157099697885,1,1,1,1,1,0.32262996941896,1,1,0.108695652173913,0.330804248861912,0.48698315467075,0.302180685358255,0.676204819277108,0.314674735249622,1,0.313084112149533,0.332822085889571,0.24886191198786,0.31866464339909,1,0.326347305389222,1,1,1,0.308166409861325,0.320359281437126,1,0.925515055467512,0.0643185298621746,1,0.313846153846154,0.325545171339564,0.307453416149068,1,0.332833583208396,0.478723404255319,0.329803328290469,0.305810397553517,0.31924882629108,0.3015625,1,0.326625386996904,1,1,0,1,0.325617283950617,1,1,1,0.329704510108865,1,0.31733746130031,1,0.831050228310502,1,1,1,0.323262839879154,1,1,0.306990881458967,0.312210200927357,1,1,0.312307692307692,0.189969604863222,1,1,1,0,0.309968847352025,1,0.308396946564885,0.245723172628305,1,0.674242424242424,0.427719821162444,1,1,0.68575624082232,0.709230769230769,0.343167701863354,1,0.314112291350531,1,1,0.333841463414634,1,1,0.00603318250377074,0.323076923076923,1,1,0.325949367088608,1,1,0.308641975308642,0.333827893175074,1,1,1,0.522796352583587,0.314024390243902,0.347286821705426,0.313696612665685,0.324773413897281,0.690880989180835,0.328335832083958,0.327188940092166,0.312874251497006,0.227617602427921,0.317829457364341,1,0.318250377073906,1,0.317220543806647,0.0801186943620178,0.0529500756429652,1,1,0.0391566265060241,1,0.686186186186186,0.0447530864197531,0.0108527131782946,1,0.685325264750378,1,1,0.539412673879444,1,0,0.0721003134796238,1,1,1,0.324451410658307,0.652236652236652,0.694006309148265,0.992492492492492,1,0.98340874811463,0.305597579425113,0.326120556414219,1,0.308892355694228,1,0.361280487804878,0.101721439749609,0.309667673716012,0.318318318318318,0.334415584415584,1,0.0783132530120482,1,1,1,0.255639097744361,0.325038880248834,1,0.32312404287902,1,1,0.313343328335832,1,0.325859491778774,1,0.310664605873261,0.312307692307692,1,0.678899082568807,0.3125,1,0.310452418096724,0.762557077625571,0.315789473684211,0.156534954407295,0.316417910447761,0.762996941896025,0.307453416149068,1,0.318112633181126,0.340393343419062,0.291981845688351,1,1,1,0.970266040688576,0.332268370607029,1,0.323390894819466,1,0.325396825396825,0.32089552238806,1,1,1,0.920731707317073,1,0.310810810810811,0.322239031770045,1,1,0.0529595015576324,0.0788253477588872,1,1,0.309486780715397,1,1,0.312210200927357,1,1,0.684532924961715,0.53698224852071,1,0,1,1,0.0988023952095808,0.319938176197836,1,0.319083969465649,1,0.964560862865948,1,0.819548872180451,1,0.327476038338658,1,1,1,0,0.311216429699842,1,1,0.676829268292683,1,0.323170731707317,0.34984520123839,0.315548780487805,1,1,1,0.0920060331825038,0.317757009345794,0.0892018779342723,1,0.305471124620061,0.309774436090226,0.350769230769231,0,1,0.957120980091884,1,1,0.32093023255814,0.304733727810651,0.15668202764977,0.0401854714064915,0.316187594553706,0.309707241910632,0.326747720364742,0.00154798761609907,0.30920060331825,1,0,0.315007429420505,1,1,1,0.319402985074627,0.316890881913303,0.0360501567398119,1,0.322981366459627,0.304347826086957,1,1,0.313755795981453,0.699685534591195,1,1,0.697674418604651,1,0.307807807807808,1,0.317557251908397,0.539493293591654,0.67420814479638,0.409836065573771,1,0.298798798798799,0.30521472392638,0.680241327300151,0.668174962292609,1,0.320300751879699,1,0.32,1,0.312307692307692,0.313935681470138,0.346625766871166,0.516768292682927,0.310077519379845,0.308527131782946,0.672256097560976,0.320300751879699,0.140625,1,0,1,0.299065420560748,1,0,0.317557251908397,0.315301391035549,1,0.0575221238938053,1,0.0834597875569044,0.333843797856049,1,0.0673813169984686,0.666666666666667,1,1,1,0.310725552050473,0.0430906389301634,1,0.429878048780488,0.0907668231611894,0.344262295081967,0.319508448540707,0.321321321321321,1,1,1,1,1,0.0678733031674208,0.996996996996997,0.686453576864536,0.00146627565982405,0.325190839694657,1,1,1,1,0.0861538461538462,0.312965722801788,1,1,1,1,1,1,0.494736842105263,0.0015600624024961,1,0.0843373493975904,0.314589665653495,0.432973805855162,1,0.391509433962264,0.307570977917981,0.311450381679389,1,0.039453717754173,0.315315315315315,1,1,0.364485981308411,0.308955223880597,0.314814814814815,0.316614420062696,1,0.328746177370031,0.320182094081942,0.417054263565891,0.317557251908397,0.971385542168675,0.31524926686217,0.0817610062893082,0.322137404580153,0,1,0.0892307692307692,0.311424100156495,0.316998468606432,0.311627906976744,1,1,1,1,1,1,0.331230283911672,1,0.314503816793893,0.321027287319422,0.593939393939394,0.681047765793529,1,1,0,0.310549777117385,0.111620795107034,1,0.0335365853658537,1,1,0.31441717791411,1,1,0.618441971383148,0.413738019169329,0.997071742313324,0.0745341614906832,0.0982839313572543,1,1,1,0.0880989180834621,0,0.315233785822021,0.416539050535988,0.315315315315315,0,0.329153605015674,0.0892307692307692,1,1,0.318385650224215,0.315068493150685,0.235114503816794,0.336492890995261,0.317700453857791,0.320121951219512,1,1,0.326053042121685,1,0,1,0.220338983050847,1,0.67741935483871,1,0.315217391304348,0.310344827586207,0.0717557251908397,0.682228915662651,1,1,0.785824345146379,0.905063291139241,0.314329738058552,0.311526479750779,1,0.318529862174579,0.248073959938367,0.320695102685624,1,0.101978691019787,1,1,0.314900153609831,0.673469387755102,0.312111801242236,1,1,0.306646525679758,0.306278713629403,0.32089552238806,0.854489164086687,0.312788906009245,1,0.0578386605783866,1,1,0.700152207001522,0.654434250764526,0.313291139240506,0.0569230769230769,0.323619631901841,1,1,0.307692307692308,0.331278890600925,0.632375189107413,1,0.312024353120244,0.371987951807229,0.30804248861912,0.987767584097859,0.480798771121352,0.00458015267175573,0.304545454545455,0.32185628742515,0.325545171339564,0.312893081761006,0.321481481481481,0.974436090225564,1,0.31441717791411,0.554160125588697,0.686427457098284,0.237518910741301,0.692063492063492,1,0.323216995447648,0.00310077519379845,0.331316187594554,0.308980213089802,0.357466063348416,0.316358024691358,0,0.33535660091047,0.316118935837246,0.321928460342146,0.314728682170543
"372",1,1,1,1,1,1,0.713355048859935,1,1,0.0947712418300654,1,0.042654028436019,0.816091954022989,1,0.311605723370429,0.303370786516854,0.0615141955835962,0.692307692307692,1,1,0.287560581583199,0.305194805194805,1,0.144444444444444,1,0.324409448818898,0.316139767054908,1,1,0.777049180327869,0.295527156549521,0.732371794871795,0.966292134831461,0.309562398703404,0,1,0.543408360128617,1,0.299684542586751,1,0.666134185303514,0.688498402555911,0.694620253164557,1,1,0.315789473684211,0.311582381729201,0.304761904761905,0.317307692307692,0.324409448818898,0,1,0.30379746835443,1,1,0.495961227786753,0.55702479338843,1,1,1,0.325984251968504,0.311290322580645,0.306946688206785,0.67948717948718,1,1,0.0353697749196141,1,0.056782334384858,0.311216429699842,1,0.320574162679426,0.320598006644518,0.965346534653465,0.5104,1,0.305246422893482,0.332288401253919,1,0.312292358803987,0.0888157894736842,0.328455284552846,0.320450885668277,1,0.335483870967742,1,1,1,1,0.694753577106518,1,1,0,0.106687898089172,1,0.0422535211267606,0,1,0.554817275747508,0.679214402618658,1,0.0483091787439614,0.307936507936508,1,0.306688417618271,1,0.681744749596123,1,0.311183144246353,0.306581059390048,0.310725552050473,1,0.320695102685624,1,0.488076311605723,1,0.308562197092084,0.286846275752773,0.319554848966614,0.308064516129032,0.483870967741935,0.998397435897436,0.318541996830428,0.309364548494983,1,0.301435406698565,1,1,0.323809523809524,0.527386541471048,1,0.309791332263242,1,0.0414746543778802,1,0.307570977917981,0.6768,0.326860841423948,0.933656957928803,0.42620232172471,0.104918032786885,0.101286173633441,1,1,0.32475884244373,1,0.311145510835913,1,0.813186813186813,1,0.318555008210181,1,1,1,1,0.338788870703764,1,0.314845024469821,0.2496,1,0.30622009569378,1,0.300970873786408,0.0877483443708609,1,0.304777594728171,1,1,1,0.328125,1,0.327447833065811,1,0.307692307692308,1,0.318840579710145,0.0774193548387097,1,0.641541038525963,1,1,0.313531353135314,1,1,1,1,0.323151125401929,0.307692307692308,1,0.998394863563403,0.318471337579618,0.297029702970297,1,0.445880452342488,0.671274961597542,0,0.321086261980831,0.673469387755102,1,0.324409448818898,1,0.998425196850394,1,0.314696485623003,0.317384370015949,0.313311688311688,1,1,1,0,1,0.308943089430894,0.97456279809221,0.324193548387097,0.303656597774245,0.741214057507987,1,1,1,1,1,0.0418006430868167,0.311183144246353,0.313291139240506,1,0.68503937007874,1,1,0.998381877022654,0.998425196850394,1,1,0,0.314785373608903,1,0.306188925081433,1,0.291338582677165,1,1,1,1,1,0.318627450980392,1,0.504918032786885,0.323671497584541,0.313084112149533,0.313213703099511,0.317152103559871,0.317152103559871,0.419512195121951,0.3248,0.310509554140127,0.313694267515924,1,0.313915857605178,1,0.691472868217054,0.320967741935484,0.307570977917981,0.325082508250825,1,1,1,0.251623376623377,0.309446254071661,1,0.319148936170213,0.324281150159744,0.30718954248366,0.318818040435459,0.691935483870968,1,0.31875,0.305466237942122,1,0.296849087893864,1,0.304140127388535,0.307073954983923,1,1,1,0.529695024077046,1,0.690437601296596,0.0808709175738725,0.322061191626409,1,1,0.0992125984251968,0.310509554140127,0.318627450980392,1,1,0.294770206022187,0.0226537216828479,0,1,1,0.327586206896552,0.998394863563403,1,0.31378763866878,1,1,0.309636650868878,1,1,1,1,0.318910256410256,0.30625,0.321724709784411,1,1,0.675118858954041,0.311501597444089,1,0.325984251968504,0.2928,1,1,0.998417721518987,1,1,0.320388349514563,1,1,0.105610561056106,0.325434439178515,0.480645161290323,0.300970873786408,0.671521035598705,0.323854660347551,1,0.304347826086957,0.32475884244373,0.24685534591195,0.309148264984227,1,0.324451410658307,1,1,1,0.305331179321486,0.317817014446228,0.998407643312102,0.925373134328358,0.0640394088669951,1,0.311708860759494,0.318481848184819,0.309178743961353,1,0.325984251968504,0.471819645732689,0.325281803542673,0.296116504854369,0.314569536423841,0.303776683087028,1,0.317355371900826,1,1,0,1,0.315112540192926,1,1,1,0.320907617504052,1,0.31219512195122,1,0.8416,1,1,1,0.311111111111111,1,1,0.297427652733119,0.312903225806452,1,1,0.309446254071661,0.179080824088748,1,0.998415213946117,1,0,0.310855263157895,1,0.309409888357257,0.23482428115016,1,0.683042789223455,0.436335403726708,1,1,0.683563748079877,0.698541329011345,0.346774193548387,1,0.312399355877617,1,1,0.326892109500805,1,0.998366013071895,0.00161550888529887,0.319354838709677,1,1,0.320325203252033,1,1,0.308457711442786,0.32807570977918,1,1,1,0.524720893141946,0.30379746835443,0.337115072933549,0.309262166405024,0.329113924050633,0.695161290322581,0.324409448818898,0.326298701298701,0.314285714285714,0.229402261712439,0.318333333333333,1,0.316614420062696,0.99836867862969,0.305111821086262,0.0856697819314642,0.045958795562599,1,1,0.035031847133758,1,0.689873417721519,0.0403225806451613,0.00649350649350649,1,0.685805422647528,1,1,0.527868852459016,1,0,0.0710743801652893,1,1,1,0.316993464052288,0.653495440729483,0.695,0.993680884676145,1,0.987220447284345,0.302362204724409,0.333333333333333,1,0.301765650080257,1,0.362916006339144,0.107843137254902,0.301109350237718,0.315457413249211,0.327731092436975,1,0.0800627943485086,1,1,1,0.251968503937008,0.322006472491909,1,0.3216,1,1,0.310236220472441,1,0.318885448916409,1,0.301612903225806,0.312091503267974,1,0.676948051948052,0.307692307692308,1,0.306320907617504,0.76517571884984,0.3140625,0.151898734177215,0.310291858678955,0.7696,0.307692307692308,1,0.320967741935484,0.333853354134165,0.29153605015674,1,1,1,0.971854304635762,0.328836424957841,1,0.320598006644518,1,0.31063122923588,0.318471337579618,1,1,1,0.917609046849758,1,0.304278922345483,0.312,1,1,0.0471544715447154,0.0749185667752443,1,1,0.306055646481178,1,1,0.306188925081433,1,1,0.690590111642743,0.525741029641186,1,0,1,1,0.0979462875197472,0.32258064516129,1,0.313195548489666,0.998389694041868,0.967897271268058,0.998389694041868,0.8288,1,0.321724709784411,1,1,1,0,0.30514096185738,1,1,0.676328502415459,1,0.311793214862682,0.354430379746835,0.314873417721519,1,1,1,0.0947204968944099,0.317666126418152,0.0873146622734761,0.99837925445705,0.306962025316456,0.310015898251192,0.354430379746835,0,1,0.961661341853035,1,1,0.32520325203252,0.291798107255521,0.15210355987055,0.0390243902439024,0.314332247557003,0.306709265175719,0.329635499207607,0,0.305379746835443,1,0,0.314873417721519,1,1,1,0.318252730109204,0.315955766192733,0.033500837520938,1,0.314606741573034,0.306477093206951,1,1,0.311501597444089,0.700996677740864,1,1,0.694668820678514,1,0.296062992125984,1,0.315024232633279,0.528301886792453,0.670906200317965,0.398133748055988,1,0.297169811320755,0.306946688206785,0.68370607028754,0.66984126984127,1,0.321766561514196,1,0.316037735849057,1,0.315789473684211,0.310569105691057,0.347402597402597,0.516962843295638,0.317589576547231,0.304700162074554,0.66877971473851,0.312202852614897,0.143801652892562,1,0,1,0.298555377207063,1,0,0.316993464052288,0.31219512195122,1,0.0541795665634675,1,0.0882825040128411,0.334415584415584,1,0.0613207547169811,0.677265500794913,1,1,1,0.308702791461412,0.0393081761006289,1,0.424679487179487,0.0928338762214984,0.347687400318979,0.321027287319422,0.317111459968603,1,1,1,1,1,0.0606531881804044,0.995283018867924,0.680445151033386,0,0.310344827586207,1,1,1,1,0.0857605177993527,0.314785373608903,1,1,1,1,1,1,0.490506329113924,0,1,0.0814696485623003,0.31869918699187,0.436482084690554,1,0.396103896103896,0.303691275167785,0.313001605136437,1,0.0374592833876222,0.312302839116719,1,1,0.367720465890183,0.306477093206951,0.302439024390244,0.315270935960591,0.998427672955975,0.323577235772358,0.315047021943574,0.412698412698413,0.319286871961102,0.972929936305732,0.309148264984227,0.0812603648424544,0.321656050955414,0,1,0.0931372549019608,0.304418985270049,0.309178743961353,0.311986863711002,1,1,1,1,1,1,0.3264,1,0.308562197092084,0.308998302207131,0.586151368760064,0.680781758957655,1,1,0,0.313385826771654,0.118022328548644,0.998439937597504,0.0305958132045089,1,1,0.314238952536825,1,1,0.615508885298869,0.412337662337662,0.995440729483283,0.0790774299835255,0.10016155088853,1,1,1,0.0846645367412141,0,0.314873417721519,0.427652733118971,0.304625199362041,0,0.32137030995106,0.0848287112561175,1,1,0.31637519872814,0.311424100156495,0.228525121555916,0.327272727272727,0.307073954983923,0.319488817891374,1,1,0.3278955954323,1,0,1,0.208130081300813,1,0.670906200317965,1,0.31139646869984,0.304276315789474,0.0729001584786054,0.676100628930818,1,1,0.793548387096774,0.887603305785124,0.316045380875203,0.310344827586207,1,0.309677419354839,0.236883942766296,0.317589576547231,1,0.102685624012638,1,1,0.314606741573034,0.689822294022617,0.306055646481178,1,1,0.307568438003221,0.297124600638978,0.316957210776545,0.845410628019324,0.311074918566775,1,0.056,1,1,0.698083067092652,0.654952076677316,0.326633165829146,0.0551053484602917,0.313915857605178,1,1,0.306320907617504,0.323101777059774,0.627943485086342,1,0.30622009569378,0.372827804107425,0.30952380952381,0.982677165354331,0.478758169934641,0,0.301916932907348,0.315372424722662,0.321311475409836,0.314754098360656,0.313664596273292,0.977346278317152,1,0.307568438003221,0.552238805970149,0.691297208538588,0.229299363057325,0.689189189189189,1,0.320512820512821,0.00325732899022801,0.321428571428571,0.315955766192733,0.367762128325509,0.310679611650485,0,0.328548644338118,0.319672131147541,0.316639741518578,0.307448494453249
"373",0.3104,0.323854660347551,0.328593996840442,0.336012861736334,0.323390894819466,0.317965023847377,0.0126984126984127,0.3322528363047,0.322884012539185,0.561889250814332,0.328660436137072,0.633385335413417,0.53015873015873,0.329635499207607,1,1,0.613564668769716,0,0.337461300309598,0.32018927444795,1,1,0.3328125,0.510971786833856,0.318112633181126,1,1,0.344155844155844,0.316279069767442,0.526645768025078,1,0.586206896551724,0.369668246445498,0.995222929936306,0.655007949125596,0.319078947368421,0.134281200631912,0.324574961360124,1,0.314285714285714,0.00316455696202532,0,0,0.331210191082803,0.323717948717949,1,0.995238095238095,1,1,1,0.689167974882261,0.335987261146497,1,0.331230283911672,0.326018808777429,0.817460317460317,0.12214983713355,0.331210191082803,0.324074074074074,0.335949764521193,0.992211838006231,1,1,0.00475435816164818,0.318770226537217,0.330203442879499,0.64873417721519,0.334394904458599,0.610350076103501,1,0.332293291731669,1,1,0.286407766990291,0.155763239875389,0.329770992366412,1,0.995305164319249,0.330203442879499,1,0.59344262295082,1,1,0.333333333333333,1,0.331818181818182,0.320512820512821,0.338072669826224,0.334920634920635,0,0.32475884244373,0.337404580152672,0.677115987460815,0.576138147566719,0.325358851674641,0.63944530046225,0.67192429022082,0.319685039370079,0.11869918699187,0,0.325396825396825,0.612179487179487,1,0.321027287319422,1,0.329617834394904,0,0.337539432176656,1,1,1,0.317683881064163,0.995305164319249,0.32755905511811,0.193302891933029,0.314112291350531,1,0.372854914196568,1,1,0.194053208137715,0.317610062893082,1,1,0.339593114241002,1,0.330815709969789,0.320373250388802,0.360890302066773,0.76,0.330645161290323,1,0.333868378812199,0.629685157421289,0.340390879478827,1,0.00158227848101266,1,0.384493670886076,0.892682926829268,0.578446909667195,0.592356687898089,0.32967032967033,0.333333333333333,1,0.321656050955414,1,0.312989045383412,0.503115264797508,0.325688073394495,1,0.319554848966614,0.32484076433121,0.333868378812199,0.333333333333333,1,0.314696485623003,1,0.425867507886435,0.3359375,1,0.330769230769231,1,0.584518167456556,0.332805071315372,1,0.335913312693498,0.324960753532182,0.341692789968652,0.9858934169279,0.336492890995261,1,0.333860759493671,1,0.323432343234323,1,0.595879556259905,0.3,0.0358306188925081,0.303858520900322,0.323343848580442,1,0.311708860759494,0.33122028526149,0.327044025157233,0.338050314465409,1,1,0.333333333333333,0.327014218009479,1,1,0.327613104524181,0.237341772151899,0.0227617602427921,0.682389937106918,1,0.00313971742543171,0.325,1,0.330112721417069,0.31875,0.326625386996904,0.996815286624204,1,1,0.335384615384615,0.325806451612903,0.31875,0.665079365079365,0.323763955342903,1,0.340659340659341,1,1,0.448757763975155,0.327503974562798,0.329192546583851,0.337060702875399,0.310452418096724,0.327390599675851,0.641838351822504,1,1,0.323529411764706,0.00461538461538462,0.33641975308642,0.326153846153846,0.332273449920509,0.3171875,0.306962025316456,0.327692307692308,0.684375,0.349085365853659,0.322327044025157,1,0.331738437001595,1,0.31875,0.312,0.323854660347551,0.33122028526149,0.321895424836601,1,0.333855799373041,0.806451612903226,1,1,0.996810207336523,1,1,0.894488188976378,1,1,1,0.324074074074074,1,0.333876221498371,0,1,0.372881355932203,1,0.332794830371567,0.330696202531646,0.324881141045959,0.410658307210031,1,0.338557993730408,1,1,1,1,0,0.319354838709677,1,1,0.331775700934579,1,0.328173374613003,1,1,0.322169059011164,0.334943639291465,0.315955766192733,0.144215530903328,0.334959349593496,0,0.586314152410575,1,0.326530612244898,0.324193548387097,0.582159624413146,1,1,0.332807570977918,0.334928229665072,1,0.651017214397496,0.690095846645367,0.311897106109325,0.323529411764706,0.992283950617284,0.332814930015552,0.312883435582822,1,0.320433436532508,0.319685039370079,1,0.314516129032258,0.332805071315372,0.32348367029549,0.325984251968504,1,1,1,0.312893081761006,0.334928229665072,0.00619195046439629,0.992088607594937,0.340255591054313,1,1,0.319875776397516,0.336990595611285,0.302469135802469,0.329093799682035,0.321766561514196,1,0.312101910828025,0.318979266347687,0.563218390804598,1,0.834405144694534,1,0,1,0.325190839694657,1,1,0.403400309119011,0.998442367601246,0.328478964401294,1,0.322683706070288,0.309262166405024,0.314241486068111,1,1,0.318681318681319,0.405228758169935,0.595879556259905,0.306962025316456,1,1,1,0.339256865912762,1,0.203416149068323,1,1,1,1,0.332312404287902,1,0.331666666666667,0.342723004694836,0.666144200626959,0.31496062992126,1,0.335443037974684,0.329704510108865,0.320907617504052,1,0.315707620528771,1,0.334869431643625,0.478125,0.32755905511811,0.327503974562798,0.321428571428571,1,0.32258064516129,0.313408723747981,1,1,0.329173166926677,0.323343848580442,1,0.477657935285054,0.318181818181818,0.338028169014085,0.337962962962963,0.668759811616955,1,0.304347826086957,1,0.411764705882353,0.320695102685624,0,0.880434782608696,0.326366559485531,0.325984251968504,0,0.0297805642633229,0.981337480559876,0.329617834394904,1,0.322222222222222,0.326298701298701,1,0.333333333333333,0.321144674085851,0.658767772511848,1,0.330173775671406,0.333333333333333,1,0.322884012539185,0.310289389067524,1,0.328125,0.318910256410256,0.325545171339564,0.343799058084772,0.806201550387597,1,0.979066022544283,1,1,0.00159489633173844,1,0.992063492063492,1,0.422047244094488,0.996784565916399,0.31832298136646,0.992283950617284,0.33974358974359,0.995275590551181,0.603369065849923,0.616692426584235,0.329211746522411,0.318529862174579,0.630265210608424,0.322784810126582,0,0.627943485086342,0.667197452229299,0.3296875,0.00157977883096367,0.321928460342146,0.31378763866878,0.765923566878981,0.330733229329173,0.674884437596302,0.586538461538462,0.327044025157233,0.330246913580247,0.310897435897436,1,0.0300751879699248,0,0.323390894819466,0.330721003134796,0.342679127725857,1,0.327014218009479,0.330143540669856,1,0.31974921630094,0.941176470588235,0.565705128205128,1,1,0.993377483443709,0.322033898305085,0.595015576323987,0.3328173374613,0.323624595469256,0.324409448818898,0.408805031446541,1,0.315705128205128,1,0.32952691680261,0.325281803542673,1,0.331761006289308,1,0.333865814696486,1,1,0.333333333333333,0,1,0.333333333333333,1,0.570754716981132,1,0.506289308176101,1,0.569157392686804,1,0.326765188834154,1,1,1,0.315372424722662,0.335987261146497,0.328220858895706,0.350081037277148,0.32569558101473,0.322884012539185,1,0.331210191082803,1,1,0.336990595611285,0.322632423756019,0.328703703703704,0.391785150078989,0.331259720062208,1,1,0.339116719242902,0.33175355450237,0.62760834670947,0.585173501577287,0.31924882629108,0.324921135646688,1,0.3171875,0.322429906542056,0.993589743589744,0.311290322580645,0.322274881516588,0,0.131375579598145,0.325914149443561,0.670196671709531,0.325949367088608,0.335913312693498,0.6,0.996835443037975,0.323248407643312,1,0.327476038338658,0.350710900473934,0.323343848580442,0.480952380952381,0.318681318681319,1,0.329704510108865,0.328525641025641,0.341384863123994,0.682098765432099,1,0.337641357027464,0.324324324324324,0,0.336477987421384,0.998422712933754,0.950540958268934,1,0.327639751552795,0.3265625,0.327974276527331,0.577812018489985,1,0.589198036006547,0.345971563981043,1,1,0.964285714285714,0.661341853035144,0.338557993730408,0.363924050632911,0.332278481012658,0.328593996840442,1,1,0.508771929824561,0.618441971383148,1,1,0.998444790046656,0.678456591639871,1,0.334370139968896,0.670364500792393,1,0.332283464566929,0.323248407643312,0.329617834394904,0.996879875195008,1,0.640776699029126,0.327102803738318,1,1,0.329173166926677,0.321656050955414,0.998407643312102,0,0.322222222222222,0.321656050955414,0.00636942675159236,0.322378716744914,1,0.319870759289176,1,0.144171779141104,0,0.905718701700155,0.335987261146497,1,1,0,0.00154083204930663,0.333333333333333,1,0.320325203252033,0.996941896024465,0.320450885668277,1,1,0.963317384370016,0.775510204081633,1,1,0.00474683544303797,1,0.51373182552504,0.330696202531646,0.668721109399075,0.337899543378995,1,0.315286624203822,0.663507109004739,1,1,0.329032258064516,0.611026033690659,0.336448598130841,0.584394904458599,0.972886762360447,0.339116719242902,0.59717868338558,0.0125,0.317817014446228,0.335925349922239,0.331259720062208,1,0.633540372670807,0.313755795981453,0.888888888888889,0.577777777777778,0.965996908809892,1,1,0.329153605015674,0.346581875993641,0.313504823151125,0.314553990610329,0.319182389937107,0.603369065849923,0.316846986089645,0,0.666160849772382,0.998432601880878,0.328125,0.318910256410256,0.320907617504052,0.332814930015552,0.589540412044374,1,0.33695652173913,0.342948717948718,0.338762214983713,0.325842696629214,0.324960753532182,0.324193548387097,0.196261682242991,0.6704,0.323343848580442,0.596244131455399,1,0.226917057902973,0.330173775671406,0.9232,1,1,0.316614420062696,0.63166144200627,1,0.328149300155521,0.305732484076433,0.955625990491284,1,1,0.996763754045307,0.324031007751938,1,1,0.900630914826498,1,0.349922239502333,1,0.588617886178862,1,0.667185069984448,0.3232,0.589660743134087,1,1,0.990430622009569,0.3328173374613,0.32967032967033,0.332268370607029,0.327613104524181,0.3278955954323,0.330097087378641,0.984076433121019,0.316535433070866,1,1,0.708074534161491,0,0.327586206896552,0.323170731707317,0.669266770670827,1,0.559190031152648,0.340978593272171,0.643987341772152,0.313291139240506,0.331179321486268,1,0.318327974276527,0.324013157894737,0.695859872611465,0.91404958677686,0.327354260089686,0.596214511041009,0.570300157977883,0.328682170542636,0.345911949685535,0.305993690851735,0.592356687898089,0.673374613003096,1,0.893650793650794,1,0.657770800627943,0.996747967479675,0.583465818759936,0.323809523809524,0.32794830371567,1,1,0.420382165605096,0.993640699523052,0.996889580093313,1,0.31911532385466,0.338028169014085,1,0.326807228915663,0.675925925925926,0.332802547770701,0.453525641025641,0.308064516129032,0,0.31619937694704,1,1,0.5859375,0.00153846153846154,0.334389857369255,0.330188679245283,0.106349206349206,0.419141914191419,1,1,0.320063694267516,1,0.400635930047695,1,0.339908952959029,0.584496124031008,0.330696202531646,0.321144674085851,1,0,1,0.317152103559871,0.333858267716535,1,1,1,0.457735247208931,1,0.332807570977918,0.614664586583463,0.335423197492163,0.332242225859247,0.00156494522691706,0.0429936305732484,1,0.615384615384615,1,0.331730769230769,0.336025848142165,1,1,0.169517884914463,0.314785373608903,1,0.909516380655226,1,0.335423197492163,0.200631911532385,0.6625,1,1,1,1,1,0.298887122416534,0.314873417721519,1,0.119476268412439,0.00158982511923688,0.425867507886435,0,0.330128205128205,1,0.668789808917197,1,1,0.894819466248038,1,0.665634674922601,1,1,1,1
"374",1,1,1,1,1,1,0.707882534775889,1,1,0.0962145110410095,1,0.0424886191198786,0.8078125,1,0.310077519379845,0.297090352220521,0.0621212121212121,0.697115384615385,1,1,0.276497695852535,0.301092043681747,1,0.16236722306525,1,0.315384615384615,0.306976744186047,1,1,0.777258566978193,0.303625377643505,0.71841704718417,0.963358778625954,0.302891933028919,0,1,0.544072948328267,1,0.292537313432836,1,0.67175572519084,0.691717791411043,0.703479576399395,1,1,0.311424100156495,0.299531981279251,0.296407185628743,0.312312312312312,0.319148936170213,0,1,0.302255639097744,1,1,0.489922480620155,0.56055900621118,1,1,1,0.315868263473054,0.309707241910632,0.30521472392638,0.693023255813954,1,1,0.0342146189735614,1,0.0580357142857143,0.307458143074581,1,0.304482225656878,0.319314641744548,0.970125786163522,0.515197568389058,1,0.3,0.317771084337349,1,0.304,0.0940988835725678,0.309707241910632,0.316358024691358,1,0.322289156626506,1,1,1,1,0.702702702702703,1,1,0.00153846153846154,0.104704097116844,1,0.0461997019374069,0,1,0.566246056782334,0.683001531393568,1,0.0537634408602151,0.303543913713405,1,0.3,1,0.69431643625192,1,0.300925925925926,0.307098765432099,0.309090909090909,1,0.306060606060606,1,0.5,1,0.302431610942249,0.302431610942249,0.312035661218425,0.305295950155763,0.495412844036697,0.998461538461539,0.310136157337368,0.299373040752351,1,0.297256097560976,1,1,0.33026113671275,0.530827067669173,1,0.299382716049383,1,0.0398818316100443,1,0.303303303303303,0.691729323308271,0.318461538461538,0.931714719271624,0.426307448494453,0.102325581395349,0.098310291858679,1,1,0.323529411764706,1,0.305970149253731,1,0.802413273001508,1,0.314465408805031,1,1,1,1,0.329704510108865,1,0.311827956989247,0.259878419452888,1,0.302611367127496,1,0.294930875576037,0.0860215053763441,1,0.3109375,1,1,1,0.320300751879699,1,0.315384615384615,1,0.295107033639144,1,0.308777429467085,0.0729483282674772,1,0.659270998415214,1,1,0.297971918876755,1,1,1,1,0.312597200622084,0.304675716440422,1,0.998500749625187,0.304347826086957,0.294573643410853,1,0.450076804915515,0.67910447761194,0,0.308157099697885,0.683969465648855,1,0.309559939301973,1,0.998470948012232,1,0.302147239263804,0.303759398496241,0.313084112149533,1,1,1,0,1,0.298107255520505,0.969834087481146,0.307098765432099,0.299539170506912,0.741590214067278,1,1,1,1,1,0.0428790199081164,0.302611367127496,0.312688821752266,1,0.695121951219512,1,1,0.998456790123457,0.998496240601504,1,1,0.00454545454545455,0.315946348733234,1,0.298600311041991,1,0.29249617151608,1,1,1,1,1,0.314641744548287,1,0.496111975116641,0.319083969465649,0.310344827586207,0.305555555555556,0.311728395061728,0.316846986089645,0.406593406593407,0.323029366306028,0.302891933028919,0.299546142208775,1,0.312977099236641,1,0.697151424287856,0.306153846153846,0.312977099236641,0.3234375,1,1,1,0.256568778979907,0.301391035548686,1,0.308176100628931,0.316100443131462,0.303405572755418,0.313546423135464,0.697388632872504,1,0.308383233532934,0.303680981595092,1,0.293103448275862,1,0.295795795795796,0.301223241590214,1,1,1,0.54531490015361,1,0.695517774343122,0.0823529411764706,0.313455657492355,1,1,0.0992481203007519,0.309597523219814,0.315132605304212,1,1,0.294385432473445,0.0225225225225225,0.00313971742543171,1,1,0.32089552238806,0.998447204968944,1,0.29618320610687,1,1,0.307339449541284,1,1,1,1,0.316436251920123,0.293853073463268,0.315625,1,1,0.688650306748466,0.301223241590214,1,0.307922272047833,0.288343558282209,1,1,0.998459167950693,1,1,0.312024353120244,1,1,0.104430379746835,0.319213313161876,0.47906976744186,0.297546012269939,0.682588597842835,0.30920060331825,1,0.304482225656878,0.322480620155039,0.259314456035768,0.308510638297872,1,0.312130177514793,1,1,1,0.300153139356815,0.311178247734139,0.998473282442748,0.925515055467512,0.0638629283489097,1,0.31039755351682,0.308641975308642,0.296923076923077,1,0.321100917431193,0.476550680786687,0.313364055299539,0.298621745788668,0.299843014128728,0.298621745788668,1,0.314728682170543,1,1,0,1,0.313271604938272,1,1,1,0.315707620528771,1,0.304552590266876,1,0.832072617246596,1,1,1,0.30804248861912,1,1,0.29320987654321,0.30920060331825,1,1,0.302003081664099,0.197586726998492,1,0.998482549317147,1,0,0.300787401574803,1,0.297709923664122,0.250778816199377,1,0.685410334346505,0.426865671641791,1,1,0.69037037037037,0.706976744186047,0.329192546583851,1,0.30781010719755,1,1,0.314900153609831,1,0.998475609756098,0.00923076923076923,0.311627906976744,1,1,0.308176100628931,1,1,0.298136645962733,0.328725038402458,1,1,1,0.515337423312883,0.29618320610687,0.338006230529595,0.306666666666667,0.324159021406728,0.704510108864697,0.313161875945537,0.315301391035549,0.305597579425113,0.241167434715822,0.311424100156495,1,0.311011904761905,0.998463901689708,0.299392097264438,0.082962962962963,0.0515933232169954,1,1,0.0368663594470046,1,0.697885196374622,0.0401234567901235,0.0139318885448916,1,0.688922610015175,1,1,0.528771384136858,1,0,0.0713153724247227,1,1,1,0.318952234206472,0.657393850658858,0.695721077654517,0.99251497005988,1,0.981707317073171,0.293394777265745,0.335375191424196,1,0.287284144427002,1,0.36280487804878,0.102040816326531,0.29500756429652,0.310810810810811,0.314935064935065,1,0.0744047619047619,1,1,1,0.260606060606061,0.311728395061728,1,0.310077519379845,1,1,0.296969696969697,1,0.311111111111111,1,0.298299845440495,0.311349693251534,1,0.690513219284603,0.307922272047833,1,0.299843014128728,0.76030534351145,0.30421686746988,0.160606060606061,0.313988095238095,0.759259259259259,0.297339593114241,1,0.30920060331825,0.326717557251908,0.286144578313253,1,1,1,0.971653543307087,0.349436392914654,1,0.312302839116719,1,0.306603773584906,0.311844077961019,1,1,1,0.921417565485362,1,0.293853073463268,0.308980213089802,1,1,0.05320813771518,0.0781010719754977,1,1,0.30625,1,1,0.30381679389313,1,1,0.687975646879756,0.531013615733737,1,0,1,1,0.0978593272171254,0.319571865443425,1,0.313725490196078,0.998470948012232,0.968992248062015,0.998461538461539,0.822995461422088,1,0.31832298136646,1,1,1,0,0.295418641390205,1,1,0.688854489164087,1,0.305471124620061,0.344984802431611,0.301538461538462,1,1,1,0.0948012232415902,0.310344827586207,0.0880503144654088,0.998422712933754,0.292237442922374,0.298937784522003,0.341906202723147,0,1,0.96030534351145,1,1,0.307931570762053,0.289355322338831,0.161189358372457,0.037037037037037,0.306625577812018,0.296466973886329,0.312312312312312,0.00156739811912226,0.300763358778626,1,0,0.306646525679758,1,1,1,0.307228915662651,0.308383233532934,0.0349206349206349,1,0.309923664122137,0.291603053435115,1,1,0.313253012048193,0.697933227344992,1,1,0.704334365325077,1,0.296851574212894,1,0.302652106084243,0.54066265060241,0.682492581602374,0.397913561847988,1,0.288490284005979,0.307692307692308,0.690658499234303,0.684210526315789,1,0.310664605873261,1,0.308035714285714,1,0.304012345679012,0.298904538341158,0.341984732824427,0.498498498498498,0.306603773584906,0.304953560371517,0.680722891566265,0.302571860816944,0.146456692913386,1,0,1,0.282574568288854,1,0,0.30381679389313,0.304347826086957,1,0.0577777777777778,1,0.0903522205206738,0.330745341614907,1,0.0647149460708783,0.686544342507645,1,1,1,0.30188679245283,0.0390977443609023,1,0.415407854984894,0.09375,0.350531107738998,0.308868501529052,0.310708898944193,1,1,1,1,1,0.0651851851851852,0.995468277945619,0.704268292682927,0.00442477876106195,0.305597579425113,1,1,1,1,0.0860215053763441,0.305007587253414,1,1,1,1,1,1,0.492492492492492,0.00155763239875389,1,0.0781954887218045,0.311550151975684,0.446511627906977,1,0.3963133640553,0.297939778129952,0.304347826086957,1,0.0393343419062027,0.312024353120244,1,1,0.360123647604328,0.302571860816944,0.304147465437788,0.3015625,0.998477929984779,0.313755795981453,0.313636363636364,0.40273556231003,0.307931570762053,0.977203647416413,0.303303303303303,0.0806962025316456,0.309451219512195,0,1,0.0895061728395062,0.30298273155416,0.302003081664099,0.305164319248826,1,1,1,1,1,1,0.32,1,0.304747320061256,0.307565789473684,0.578220858895706,0.692546583850932,1,1,0,0.303703703703704,0.118279569892473,0.998509687034277,0.0324574961360124,1,1,0.306501547987616,1,1,0.613104524180967,0.404423380726698,0.997041420118343,0.081377151799687,0.095679012345679,1,1,1,0.0826952526799387,0,0.301659125188537,0.41358024691358,0.304804804804805,0,0.314152410575428,0.0849056603773585,1,1,0.307807807807808,0.306060606060606,0.240740740740741,0.319508448540707,0.296296296296296,0.305007587253414,1,1,0.315541601255887,1,0,1,0.230650154798762,1,0.684370257966616,1,0.306870229007634,0.300940438871473,0.0752688172043011,0.685800604229607,1,1,0.795107033639144,0.886970172684458,0.304147465437788,0.309968847352025,1,0.308166409861325,0.250769230769231,0.308661417322835,1,0.100917431192661,1,1,0.31039755351682,0.695102685624013,0.30077519379845,1,1,0.299093655589124,0.297380585516179,0.304932735426009,0.855161787365177,0.305164319248826,1,0.057315233785822,1,1,0.705438066465257,0.662613981762918,0.319314641744548,0.0555555555555556,0.309119010819165,1,1,0.298165137614679,0.326086956521739,0.619047619047619,1,0.302848575712144,0.361861861861862,0.296466973886329,0.984962406015038,0.490045941807044,0.00453172205438067,0.290715372907154,0.309417040358744,0.313971742543171,0.300314465408805,0.305637982195846,0.968609865470852,1,0.308623298033283,0.556603773584906,0.703125,0.23644578313253,0.696428571428571,1,0.314900153609831,0.00311526479750779,0.31859756097561,0.309559939301973,0.350152905198777,0.304147465437788,0,0.321646341463415,0.3,0.30829420970266,0.305084745762712
"375",0.294407894736842,0.30379746835443,0.310509554140127,0.324675324675325,0.30379746835443,0.295345104333868,0.00980392156862745,0.3152,0.302839116719243,0.580226904376013,0.308056872037915,0.642405063291139,0.515447154471545,0.322528363047002,1,1,0.624213836477987,0,0.316639741518578,0.302362204724409,1,1,0.317829457364341,0.514285714285714,0.299065420560748,1,1,0.33115823817292,0.308544303797468,0.533442088091354,1,0.585326953748006,0.36734693877551,0.995222929936306,0.677884615384615,0.316412859560068,0.127591706539075,0.315625,1,0.302034428794992,0.00317460317460317,0,0,0.323101777059774,0.318481848184819,1,0.993680884676145,1,1,1,0.690851735015773,0.31900826446281,1,0.321144674085851,0.311811023622047,0.827361563517915,0.115072933549433,0.3136,0.312101910828025,0.319354838709677,0.9921875,1,1,0.00638977635782748,0.304635761589404,0.315286624203822,0.668820678513732,0.312,0.621664050235479,1,0.312302839116719,1,1,0.272577996715928,0.157232704402516,0.3109375,1,0.993740219092332,0.311004784688995,1,0.608910891089109,1,1,0.315873015873016,1,0.315047021943574,0.309178743961353,0.319488817891374,0.307448494453249,0,0.312599681020734,0.322932917316693,0.697784810126582,0.580188679245283,0.306188925081433,0.644409937888199,0.688188976377953,0.307814992025518,0.12379421221865,0,0.304,0.622977346278317,1,0.308943089430894,1,0.313408723747981,0,0.315789473684211,1,1,1,0.293838862559242,0.995305164319249,0.317307692307692,0.191222570532915,0.309119010819165,1,0.3734375,1,1,0.190705128205128,0.302547770700637,1,1,0.325038880248834,1,0.314589665653495,0.313846153846154,0.3552,0.763888888888889,0.31810766721044,1,0.317073170731707,0.637904468412943,0.325769854132901,1,0.00155038759689922,1,0.376,0.890909090909091,0.591276252019386,0.600961538461538,0.307324840764331,0.313725490196078,1,0.30952380952381,1,0.296950240770466,0.504761904761905,0.316770186335404,1,0.305732484076433,0.309562398703404,0.314009661835749,0.316558441558442,1,0.300319488817891,1,0.437400950871632,0.319554848966614,1,0.308777429467085,1,0.602870813397129,0.313504823151125,1,0.314785373608903,0.305379746835443,0.325434439178515,0.984375,0.320695102685624,1,0.312,1,0.312292358803987,1,0.590189873417722,0.292452830188679,0.0298013245033113,0.294308943089431,0.311708860759494,1,0.304278922345483,0.303174603174603,0.313572542901716,0.323390894819466,1,1,0.315619967793881,0.322169059011164,1,1,0.317965023847377,0.23208722741433,0.0231839258114374,0.697115384615385,1,0.00319488817891374,0.306603773584906,1,0.313725490196078,0.30188679245283,0.309033280507132,0.996835443037975,1,1,0.316358024691358,0.307565789473684,0.310832025117739,0.694581280788177,0.297637795275591,1,0.339774557165862,1,1,0.427215189873418,0.3168,0.313385826771654,0.317817014446228,0.302066772655008,0.299352750809061,0.642628205128205,1,1,0.313099041533546,0.00475435816164818,0.3171875,0.30640243902439,0.317230273752013,0.299363057324841,0.2976,0.312883435582822,0.691082802547771,0.364485981308411,0.295238095238095,1,0.312399355877617,1,0.3,0.3042071197411,0.304975922953451,0.322632423756019,0.304065040650407,1,0.315625,0.808988764044944,1,1,0.996715927750411,1,1,0.890701468189233,1,1,1,0.309006211180124,1,0.312396694214876,0,1,0.381102362204724,1,0.31219512195122,0.309178743961353,0.30048465266559,0.416129032258065,1,0.314465408805031,1,1,1,1,0,0.308917197452229,1,1,0.308186195826645,1,0.312599681020734,1,1,0.302737520128824,0.312602291325696,0.296825396825397,0.143540669856459,0.32484076433121,0,0.600609756097561,1,0.312693498452012,0.314516129032258,0.578864353312303,1,1,0.317434210526316,0.322061191626409,1,0.661904761904762,0.703049759229534,0.290996784565916,0.321951219512195,0.996899224806202,0.319422150882825,0.297380585516179,1,0.297939778129952,0.29635499207607,1,0.300813008130081,0.303174603174603,0.304416403785489,0.309033280507132,1,1,1,0.298387096774194,0.319870759289176,0.0063391442155309,0.990476190476191,0.320907617504052,1,1,0.297971918876755,0.321372854914197,0.290880503144654,0.31139646869984,0.30298273155416,1,0.30718954248366,0.294585987261146,0.577669902912621,1,0.835504885993485,1,0,1,0.313846153846154,1,1,0.421383647798742,0.9984375,0.312803889789303,1,0.306451612903226,0.298887122416534,0.310618066561014,1,1,0.308064516129032,0.389438943894389,0.612377850162866,0.287581699346405,1,1,1,0.311475409836066,1,0.191011235955056,1,1,1,1,0.318037974683544,1,0.317434210526316,0.326892109500805,0.6832,0.3008,1,0.320967741935484,0.31733746130031,0.31219512195122,1,0.304552590266876,1,0.3140625,0.481946624803768,0.313099041533546,0.312399355877617,0.30625,1,0.310679611650485,0.304975922953451,1,1,0.3168,0.303459119496855,1,0.480438184663537,0.311986863711002,0.318181818181818,0.320754716981132,0.688995215311005,1,0.289297658862876,1,0.412903225806452,0.301916932907348,0,0.8887171561051,0.309602649006623,0.3056,0,0.0239234449760766,0.978792822185971,0.314102564102564,1,0.300632911392405,0.309951060358891,1,0.316692667706708,0.30622009569378,0.673015873015873,1,0.310457516339869,0.322061191626409,1,0.300157977883096,0.300653594771242,1,0.335433070866142,0.313001605136437,0.315955766192733,0.328571428571429,0.805031446540881,1,0.984126984126984,1,1,0.00159744408945687,1,0.992125984251969,1,0.427899686520376,0.996742671009772,0.302652106084243,0.992223950233281,0.330112721417069,0.995275590551181,0.617647058823529,0.636650868878357,0.314329738058552,0.304897314375987,0.648264984227129,0.305057096247961,0,0.641838351822504,0.686495176848875,0.308426073131955,0.00158478605388273,0.305732484076433,0.295418641390205,0.771704180064309,0.31974921630094,0.697262479871176,0.606158833063209,0.313213703099511,0.310725552050473,0.296178343949045,1,0.0259146341463415,0,0.313880126182965,0.321656050955414,0.329093799682035,1,0.328025477707006,0.307324840764331,1,0.306603773584906,0.954113924050633,0.572784810126582,1,1,0.991467576791809,0.312401883830455,0.613458528951487,0.315467075038285,0.307317073170732,0.308186195826645,0.417445482866044,1,0.301794453507341,1,0.311367380560132,0.311793214862682,1,0.313311688311688,1,0.31911532385466,1,1,0.310126582278481,0,1,0.314465408805031,1,0.554858934169279,1,0.502354788069074,1,0.564465408805031,1,0.30718954248366,1,1,1,0.308426073131955,0.316558441558442,0.307692307692308,0.347039473684211,0.322689075630252,0.301127214170692,1,0.317307692307692,1,1,0.309033280507132,0.307443365695793,0.306729264475743,0.379585326953748,0.3203125,1,1,0.325,0.323151125401929,0.630894308943089,0.603225806451613,0.306818181818182,0.309719934102142,1,0.306729264475743,0.308892355694228,0.993650793650794,0.300664451827243,0.306477093206951,0,0.130769230769231,0.310569105691057,0.687789799072643,0.3042071197411,0.317901234567901,0.601880877742947,0.996810207336523,0.306946688206785,1,0.309904153354633,0.344605475040258,0.305732484076433,0.477917981072555,0.3136,1,0.308426073131955,0.31219512195122,0.316639741518578,0.690031152647975,1,0.323051948051948,0.308661417322835,0,0.315955766192733,0.998407643312102,0.961844197138315,1,0.315541601255887,0.311216429699842,0.307448494453249,0.581538461538462,1,0.600985221674877,0.323051948051948,1,1,0.971518987341772,0.684713375796178,0.319488817891374,0.3536,0.311111111111111,0.305863708399366,1,1,0.515007898894155,0.635483870967742,1,1,0.9984375,0.702922077922078,1,0.315625,0.6848,1,0.315024232633279,0.310457516339869,0.314516129032258,0.996825396825397,1,0.651741293532338,0.310015898251192,1,1,0.3216,0.305772230889236,0.998394863563403,0,0.304487179487179,0.3,0.00794912559618442,0.30379746835443,1,0.307443365695793,1,0.142414860681115,0,0.89618320610687,0.324367088607595,1,1,0,0.00156985871271586,0.32484076433121,1,0.31404958677686,0.996860282574568,0.305958132045089,1,1,0.966507177033493,0.770932069510269,1,1,0.00644122383252818,1,0.508333333333333,0.3216,0.690251572327044,0.315457413249211,1,0.304347826086957,0.683870967741935,1,1,0.307317073170732,0.624420401854714,0.323248407643312,0.599358974358974,0.977346278317152,0.325242718446602,0.614779874213837,0.015748031496063,0.302884615384615,0.313479623824451,0.31619937694704,1,0.639370078740157,0.30503144654088,0.895934959349593,0.590538336052202,0.973561430793157,1,1,0.307448494453249,0.330618892508143,0.304487179487179,0.311111111111111,0.30622009569378,0.619266055045872,0.299065420560748,0,0.685496183206107,0.998432601880878,0.3168,0.295638126009693,0.309090909090909,0.313880126182965,0.611727416798732,1,0.324451410658307,0.322528363047002,0.32013201320132,0.324281150159744,0.304897314375987,0.311216429699842,0.1890625,0.685064935064935,0.314516129032258,0.597200622083981,1,0.22432859399684,0.313479623824451,0.92741935483871,1,1,0.30379746835443,0.64,1,0.3,0.297507788161994,0.956310679611651,1,1,0.9967585089141,0.315705128205128,1,1,0.891585760517799,1,0.352848101265823,1,0.597063621533442,1,0.679245283018868,0.307448494453249,0.607594936708861,1,1,0.99510603588907,0.318885448916409,0.3216,0.312297734627832,0.313694267515924,0.315,0.315875613747954,0.982200647249191,0.302362204724409,1,1,0.707006369426752,0,0.308411214953271,0.305863708399366,0.682888540031397,1,0.558064516129032,0.311912225705329,0.648648648648649,0.307568438003221,0.313213703099511,1,0.311290322580645,0.303333333333333,0.669381107491857,0.906148867313916,0.311728395061728,0.60556464811784,0.576,0.318037974683544,0.315270935960591,0.293460925039872,0.60126582278481,0.695374800637959,1,0.900158478605388,1,0.674085850556439,0.9967585089141,0.59672131147541,0.307692307692308,0.323101777059774,1,1,0.430842607313196,0.99184339314845,0.996870109546166,1,0.307324840764331,0.319047619047619,1,0.310606060606061,0.692913385826772,0.3184,0.456591639871383,0.290375203915171,0,0.300155520995334,1,1,0.604395604395604,0.0015625,0.32475884244373,0.319488817891374,0.101426307448494,0.397034596375618,1,1,0.301710730948678,1,0.412238325281804,1,0.315707620528771,0.583860759493671,0.3136,0.316045380875203,1,0,1,0.303776683087028,0.318840579710145,1,1,1,0.440129449838188,1,0.313504823151125,0.617554858934169,0.328593996840442,0.317355371900826,0.00157977883096367,0.0386473429951691,1,0.624801271860095,1,0.3136,0.327332242225859,1,1,0.146919431279621,0.309636650868878,1,0.904538341158059,1,0.316535433070866,0.194577352472089,0.678456591639871,1,1,1,1,1,0.282334384858044,0.306946688206785,1,0.12379421221865,0.00161290322580645,0.451968503937008,0,0.323809523809524,1,0.689984101748808,1,1,0.894654088050314,1,0.689274447949527,1,1,1,1
"376",1,1,1,1,1,1,0.69922480620155,1,1,0.0960629921259843,1,0.0487804878048781,0.813479623824451,1,0.320182094081942,0.3125,0.0693815987933635,0.682108626198083,1,1,0.288549618320611,0.314024390243902,1,0.155015197568389,1,0.325301204819277,0.315541601255887,1,1,0.776923076923077,0.309923664122137,0.730593607305936,0.96078431372549,0.313846153846154,0,1,0.538812785388128,1,0.310395314787701,1,0.659442724458204,0.678678678678679,0.68955223880597,1,1,0.32348367029549,0.315950920245399,0.311278195488722,0.323795180722892,0.32579185520362,0,1,0.312121212121212,1,1,0.495341614906832,0.557120500782473,1,1,1,0.334821428571429,0.31651376146789,0.316030534351145,0.676425269645609,1,1,0.0383435582822086,1,0.0623145400593472,0.322916666666667,1,0.324200913242009,0.329721362229102,0.966666666666667,0.51285930408472,1,0.312312312312312,0.331851851851852,1,0.317683881064163,0.0854037267080745,0.328197226502311,0.32469512195122,1,0.33987915407855,1,1,1,1,0.691154422788606,1,1,0.00150829562594268,0.104387291981846,1,0.0526315789473684,0,1,0.562305295950156,0.675344563552833,1,0.0599078341013825,0.311827956989247,1,0.315467075038285,1,0.684848484848485,1,0.319508448540707,0.321646341463415,0.327844311377246,1,0.329835082458771,1,0.486607142857143,1,0.322289156626506,0.303759398496241,0.328849028400598,0.313161875945537,0.481538461538462,0.998498498498498,0.321958456973294,0.316279069767442,1,0.307110438729198,1,1,0.338414634146341,0.54940119760479,1,0.320726172465961,1,0.0465116279069767,1,0.315233785822021,0.671732522796353,0.333333333333333,0.925190839694657,0.436908517350158,0.103076923076923,0.0949464012251149,1,1,0.331306990881459,1,0.314787701317716,1,0.812312312312312,1,0.333333333333333,1,1,1,1,0.336874051593323,1,0.322981366459627,0.254491017964072,1,0.319758672699849,1,0.31039755351682,0.0907692307692308,1,0.312307692307692,1,1,1,0.33987915407855,1,0.327188940092166,1,0.313546423135464,1,0.325617283950617,0.0775075987841945,1,0.63125,1,1,0.31839258114374,1,1,1,1,0.324734446130501,0.314112291350531,1,0.998487140695915,0.321321321321321,0.313084112149533,1,0.449848024316109,0.660818713450292,0,0.320121951219512,0.672619047619048,1,0.324324324324324,1,0.998500749625187,1,0.315789473684211,0.325373134328358,0.3328173374613,1,1,1,0,1,0.311827956989247,0.970948012232416,0.32262996941896,0.312307692307692,0.764530551415797,1,1,1,1,1,0.047040971168437,0.318318318318318,0.332330827067669,1,0.686363636363636,1,1,0.998447204968944,0.998491704374057,1,1,0.00451807228915663,0.322388059701493,1,0.308868501529052,1,0.305135951661631,1,1,1,1,1,0.32370820668693,1,0.509893455098935,0.330781010719755,0.330357142857143,0.31104199066874,0.320182094081942,0.33179012345679,0.422535211267606,0.330781010719755,0.31969696969697,0.319758672699849,1,0.322188449848024,1,0.685714285714286,0.319758672699849,0.313521545319465,0.344287949921753,1,1,1,0.261068702290076,0.315384615384615,1,0.319938176197836,0.331352154531946,0.316666666666667,0.330316742081448,0.681538461538462,1,0.326894502228826,0.321928460342146,1,0.306278713629403,1,0.310606060606061,0.311178247734139,1,1,1,0.534775888717156,1,0.680786686838124,0.0868924889543446,0.324159021406728,1,1,0.0967261904761905,0.322775263951735,0.3328125,1,1,0.311649016641452,0.0261538461538462,0.00309597523219814,1,1,0.342814371257485,0.998477929984779,1,0.313813813813814,1,1,0.320552147239264,1,1,1,1,0.325190839694657,0.310810810810811,0.32348367029549,1,1,0.667669172932331,0.320182094081942,1,0.318518518518519,0.305007587253414,1,1,0.998491704374057,1,1,0.333848531684699,1,1,0.102964118564743,0.338805970149254,0.496932515337423,0.319444444444444,0.667687595712098,0.321321321321321,1,0.31937984496124,0.334346504559271,0.259878419452888,0.325264750378215,1,0.327433628318584,1,1,1,0.31570996978852,0.327917282127031,0.998466257668712,0.92,0.0677966101694915,1,0.315629742033384,0.324074074074074,0.313271604938272,1,0.330827067669173,0.473282442748092,0.336890243902439,0.30757341576507,0.320251177394035,0.315548780487805,1,0.32258064516129,1,1,0,1,0.330275229357798,1,1,1,0.334869431643625,1,0.3140625,1,0.841221374045802,1,1,1,0.316109422492401,1,1,0.325227963525836,0.314589665653495,1,1,0.316998468606432,0.18452380952381,1,0.998496240601504,1,0,0.314152410575428,1,0.310030395136778,0.24468085106383,1,0.673282442748092,0.440601503759398,1,1,0.673559822747415,0.695252679938744,0.352307692307692,1,0.32572298325723,1,1,0.333850931677019,1,0.998447204968944,0.00914634146341463,0.325688073394495,1,1,0.32312404287902,1,1,0.313846153846154,0.343939393939394,1,1,1,0.535444947209653,0.314024390243902,0.346625766871166,0.319940476190476,0.335843373493976,0.687116564417178,0.329803328290469,0.330792682926829,0.314456035767511,0.243531202435312,0.323029366306028,1,0.316417910447761,0.998461538461539,0.31570996978852,0.0852017937219731,0.0524737631184408,1,1,0.0444104134762634,1,0.686838124054463,0.0475460122699387,0.013719512195122,1,0.683969465648855,1,1,0.549230769230769,1,0,0.0773993808049536,1,1,1,0.325581395348837,0.646198830409357,0.690851735015773,0.992401215805471,1,0.981707317073171,0.30804248861912,0.342064714946071,1,0.304953560371517,1,0.374233128834356,0.102290076335878,0.310344827586207,0.328869047619048,0.329545454545455,1,0.0793413173652695,1,1,1,0.265060240963855,0.321483771251932,1,0.321928460342146,1,1,0.311940298507463,1,0.328966521106259,1,0.315384615384615,0.326219512195122,1,0.6797583081571,0.318991097922849,1,0.308641975308642,0.766666666666667,0.314159292035398,0.159879336349925,0.320531757754801,0.779299847792998,0.305993690851735,1,0.32370820668693,0.343939393939394,0.299698795180723,1,1,1,0.970266040688576,0.345483359746434,1,0.325038880248834,1,0.320126782884311,0.317979197622585,1,1,1,0.915902140672783,1,0.311011904761905,0.320726172465961,1,1,0.0528771384136858,0.0823170731707317,1,1,0.311526479750779,1,1,0.316666666666667,1,1,0.67616191904048,0.534638554216867,1,0,1,1,0.0982142857142857,0.329230769230769,1,0.324159021406728,0.998473282442748,0.962674961119751,0.998468606431853,0.824587706146927,1,0.328125,1,1,1,0,0.3109375,1,1,0.662557781201849,1,0.322188449848024,0.364864864864865,0.328787878787879,1,1,1,0.0914542728635682,0.318885448916409,0.0921875,0.998466257668712,0.321752265861027,0.312312312312312,0.358006042296073,0,1,0.952307692307692,1,1,0.326625386996904,0.305970149253731,0.158705701078582,0.0429447852760736,0.319634703196347,0.315548780487805,0.331838565022422,0.00153609831029186,0.315384615384615,1,0,0.322289156626506,1,1,1,0.313432835820896,0.316964285714286,0.0393700787401575,1,0.313271604938272,0.313813813813814,1,1,0.324116743471582,0.696284329563813,1,1,0.688650306748466,1,0.314623338257016,1,0.313664596273292,0.529061102831595,0.668181818181818,0.408682634730539,1,0.300898203592814,0.320182094081942,0.681749622926094,0.660179640718563,1,0.328290468986384,1,0.327433628318584,1,0.322530864197531,0.311827956989247,0.356374807987711,0.522796352583587,0.320872274143302,0.309597523219814,0.660522273425499,0.317147192716237,0.148031496062992,1,0,1,0.291925465838509,1,0,0.321592649310873,0.320552147239264,1,0.059593023255814,1,0.0860215053763441,0.34585289514867,1,0.0725075528700906,0.668174962292609,1,1,1,0.310725552050473,0.0417910447761194,1,0.429892141756549,0.0971786833855799,0.357988165680473,0.322338830584708,0.325408618127786,1,1,1,1,1,0.0698365527488856,0.995508982035928,0.681887366818874,0.00434782608695652,0.328808446455505,1,1,1,1,0.0858433734939759,0.316816816816817,1,1,1,1,1,1,0.487951807228916,0.00155038759689922,1,0.0890207715133531,0.32824427480916,0.440060698027314,1,0.401244167962675,0.325949367088608,0.320839580209895,1,0.0421686746987952,0.323397913561848,1,1,0.367851622874807,0.308845577211394,0.314589665653495,0.320251177394035,0.998496240601504,0.33175355450237,0.319880418535127,0.415241057542768,0.321752265861027,0.971514242878561,0.315946348733234,0.0869565217391304,0.328787878787879,0,1,0.0874233128834356,0.309597523219814,0.313546423135464,0.320872274143302,1,1,1,1,1,1,0.335403726708075,1,0.315068493150685,0.315270935960591,0.612708018154312,0.670278637770898,1,1,0,0.317220543806647,0.114803625377644,0.99851411589896,0.0371517027863777,1,1,0.31733746130031,1,1,0.62962962962963,0.411764705882353,0.997093023255814,0.0842433697347894,0.0923076923076923,1,1,1,0.0904907975460123,0,0.318047337278107,0.425897035881435,0.316187594553706,0,0.334876543209877,0.0904836193447738,1,1,0.319880418535127,0.320121951219512,0.241960183767228,0.337984496124031,0.31044776119403,0.318862275449102,1,1,0.329211746522411,1,0,1,0.220030349013657,1,0.673252279635258,1,0.313725490196078,0.309597523219814,0.0803571428571429,0.672619047619048,1,1,0.791987673343606,0.898119122257053,0.322981366459627,0.325038880248834,1,0.319571865443425,0.254961832061069,0.324031007751938,1,0.102102102102102,1,1,0.316030534351145,0.673374613003096,0.308892355694228,1,1,0.30804248861912,0.306748466257669,0.322869955156951,0.875576036866359,0.315132605304212,1,0.0583832335329341,1,1,0.691729323308271,0.64339908952959,0.320754716981132,0.0603318250377074,0.32572298325723,1,1,0.313664596273292,0.335901386748844,0.61969696969697,1,0.305722891566265,0.385756676557863,0.31437125748503,0.985029940119761,0.477726574500768,0.00453857791225416,0.308980213089802,0.319340329835082,0.333333333333333,0.315132605304212,0.324404761904762,0.972685887708649,1,0.316436251920123,0.545886075949367,0.678407350689127,0.241641337386018,0.680817610062893,1,0.324812030075188,0.0015552099533437,0.326687116564417,0.319340329835082,0.369207772795217,0.3265625,0,0.337837837837838,0.318885448916409,0.331297709923664,0.317557251908397
"377",0.839427662957075,0.839563862928349,0.831513260530421,0.838557993730408,0.845201238390093,0.830745341614907,0.547318611987382,0.837282780410742,0.831007751937984,0.0627009646302251,0.829268292682927,0.125984251968504,0.97626582278481,0.845070422535211,0.478672985781991,0.464396284829721,0.0895295902883156,0.516025641025641,0.830696202531646,0.834890965732087,0.451104100946372,0.475435816164818,0.828528072837633,0.0482115085536547,0.822727272727273,0.496087636932707,0.483253588516746,0.834405144694534,0.827480916030534,0.912420382165605,0.46141975308642,0.897239263803681,0.86687306501548,0.481366459627329,0.156645569620253,0.831987075928918,0.376360808709176,0.834346504559271,0.465671641791045,0.828967642526965,0.4875,0.524105754276827,0.518181818181818,0.843505477308294,0.840189873417722,0.479299363057325,0.4858934169279,0.481707317073171,0.481762917933131,0.483920367534456,0.152777777777778,0.838050314465409,0.480680061823802,0.834890965732087,0.829192546583851,0.664566929133858,0.390697674418605,0.837837837837838,0.828006088280061,0.835913312693498,0.482388973966309,0.48062015503876,0.471608832807571,0.505511811023622,0.831460674157303,0.826219512195122,0.12037037037037,0.841692789968652,0.0973053892215569,0.489263803680982,0.833846153846154,0.475968992248062,0.477564102564103,0.794212218649518,0.346036585365854,0.842342342342342,0.461059190031153,0.494590417310665,0.846153846153846,0.479166666666667,0.067524115755627,0.489763779527559,0.493023255813954,0.842592592592593,0.499227202472952,0.834586466165414,0.833594976452119,0.845553822152886,0.839813374805599,0.527950310559006,0.845425867507886,0.844645550527903,0.164852255054432,0.0681114551083591,0.842105263157895,0.116666666666667,0.163076923076923,0.842592592592593,0.383012820512821,0.5141065830721,0.841194968553459,0.104524180967239,0.468553459119497,0.8224,0.474497681607419,0.83596214511041,0.507064364207221,0.830275229357798,0.473186119873817,0.48062015503876,0.485451761102603,0.827272727272727,0.49079754601227,0.841538461538462,0.318529862174579,0.831594634873323,0.488299531981279,0.133846153846154,0.484939759036145,0.475743348982786,0.304821150855365,0.844827586206897,0.481707317073171,0.492012779552716,0.851226993865031,0.463678516228748,0.836795252225519,0.829787234042553,0.160493827160494,0.432267884322679,0.847512038523275,0.479623824451411,0.836734693877551,0.123308270676692,0.845047923322684,0.473363774733638,0.505359877488515,0.486567164179104,0.893987341772152,0.396496815286624,0.0735524256651017,0.0686427457098284,0.826952526799387,0.832012678288431,0.482866043613707,0.832317073170732,0.485671191553544,0.839009287925697,0.971080669710807,0.832572298325723,0.486356340288925,0.845794392523365,0.8375,0.833333333333333,0.839874411302983,0.499222395023328,0.825545171339564,0.479495268138801,0.103658536585366,0.836166924265842,0.472307692307692,0.830508474576271,0.463949843260188,0.0881889763779528,0.838141025641026,0.475,0.818604651162791,0.832298136645963,0.836193447737909,0.4884437596302,0.830985915492958,0.492211838006231,0.840625,0.496904024767802,0.835748792270531,0.482919254658385,0.0822981366459627,0.841121495327103,0.465489566613162,0.837539432176656,0.823802163833076,0.465299684542587,0.835658914728682,0.826086956521739,0.828967642526965,0.832307692307692,0.464678178963893,0.486280487804878,0.831230283911672,0.85202492211838,0.489164086687306,0.4656,0.847094801223242,0.289676425269646,0.504504504504504,0.171779141104294,0.478328173374613,0.502325581395349,0.840557275541796,0.486862442040185,0.82992125984252,0.842185128983308,0.844615384615385,0.475460122699386,0.469418960244648,0.485668789808917,0.830815709969788,0.831210191082803,0.844274809160305,0.151033386327504,0.830985915492958,0.462757527733756,0.861198738170347,0.482758620689655,0.475894245723173,0.575193798449612,0.844236760124611,0.83206106870229,0.846270928462709,0.832558139534884,0.84310618066561,0.117103235747304,0.479623824451411,0.480122324159021,0.828220858895706,0.516129032258065,0.841317365269461,0.834346504559271,0.829652996845426,0.839753466872111,0.828346456692913,0.843226788432268,0.157164869029276,0.151607963246554,0.8234375,0.473015873015873,0.8375,0.46875,0.84331797235023,0.836734693877551,0.839009287925697,0.839622641509434,0.835725677830941,0.486024844720497,0.831546707503829,0.675590551181102,0.498422712933754,0.485540334855403,0.479750778816199,0.477308294209703,0.490595611285266,0.404423380726698,0.492260061919505,0.486943164362519,0.490740740740741,0.820121951219512,0.489164086687306,0.833065810593901,0.521472392638037,0.482059282371295,0.140888208269525,0.47723704866562,0.837579617834395,0.84458398744113,0.842679127725857,0.0938967136150235,0.473118279569892,0.843076923076923,0.488151658767773,0.48411497730711,0.4796875,0.475384615384615,0.523291925465838,0.830985915492958,0.483383685800604,0.491472868217054,0.828926905132193,0.470304975922953,0.837386018237082,0.48103186646434,0.46583850931677,0.847244094488189,0.834130781499203,0.828703703703704,0.366043613707165,0.841444270015699,0.530581039755352,0.0837138508371385,0.494573643410853,0.829457364341085,0.839313572542902,0.0704441041347626,0.468412942989214,0.482428115015974,0.836220472440945,0.84375,0.475384615384615,0.141965678627145,0.164835164835165,0.833333333333333,0.822866344605475,0.486363636363636,0.834633385335413,0.827327327327327,0.480122324159021,0.827102803738318,0.827371695178849,0.472049689440994,0.833073322932917,0.832550860719875,0.826356589147287,0.834862385321101,0.49609984399376,0.474397590361446,0.483974358974359,0.8359375,0.835130970724191,0.509118541033435,0.486943164362519,0.845786963434022,0.467275494672755,0.461417322834646,0.831306990881459,0.844984802431611,0.826893353941267,0.835423197492163,0.828438948995363,0.486024844720497,0.84748427672956,0.829420970266041,0.0729001584786054,0.496147919876733,0.423622047244094,0.467817896389325,0.521875,0.480916030534351,0.837313432835821,0.462992125984252,0.485759493670886,0.100609756097561,0.483180428134557,0.825396825396825,0.484802431610942,0.837245696400626,0.841368584758942,0.828483920367534,0.462616822429907,0.466666666666667,0.836671802773498,0.913875598086124,0.113385826771654,0.8296875,0.482003129890454,0.488,0.478468899521531,0.843354430379747,0.486363636363636,0.308166409861325,0.483720930232558,0.476947535771065,0.482258064516129,0.473270440251572,0.843894899536321,0.485804416403785,0.835772357723577,0.839813374805599,0.15527950310559,0.826433121019108,0.479623824451411,0.833850931677019,0.831050228310502,0.8416,0.478125,0.832072617246596,0.481946624803768,0.841221374045802,1,0.822900763358779,0.835703001579779,0.839753466872111,0.47166921898928,0.843014128728414,0.838258164852255,0.471494607087827,0.475384615384615,0.832822085889571,0.8421875,0.472613458528951,0.0438729198184569,0.838095238095238,0.846273291925466,0.843226788432268,0.163076923076923,0.4765625,0.834130781499203,0.477134146341463,0.0973724884080371,0.836671802773498,0.517719568567026,0.601217656012177,0.836507936507937,0.838557993730408,0.515105740181269,0.53448275862069,0.510869565217391,0.833592534992224,0.473035439137134,0.833073322932917,0.846278317152104,0.489731437598736,0.839449541284404,0.832288401253918,0.152173913043478,0.486862442040185,0.834123222748815,0.840062111801242,0.493670886075949,0.829192546583851,0.849683544303797,0.478056426332288,0.176470588235294,0.84044233807267,0.826952526799387,0.838212634822804,0.694573643410853,0.462616822429907,0.455696202531646,0.472263868065967,0.481538461538462,0.518053375196232,0.500770416024653,0.491392801251956,0.476190476190476,0.0993788819875776,0.485714285714286,0.831578947368421,0.482442748091603,0.840062111801242,0.487767584097859,0.0822122571001495,0.109422492401216,0.837672281776417,0.818181818181818,0.119565217391304,0.845295055821372,0.518461538461538,0.123222748815166,0.15,0.830792682926829,0.523076923076923,0.843167701863354,0.836671802773498,0.411302982731554,0.8375,0.1609375,0.0822784810126582,0.835403726708075,0.828483920367534,0.809968847352025,0.488958990536278,0.484444444444444,0.533333333333333,0.826625386996904,0.842349304482226,0.864535768645358,0.469040247678019,0.173708920187793,0.83179012345679,0.474683544303797,0.842024539877301,0.541085271317829,0.0694006309148265,0.466666666666667,0.477203647416413,0.494983277591973,0.836391437308868,0.0842105263157895,0.822727272727273,0.839546191247974,0.837837837837838,0.0957446808510638,0.494417862838915,0.829457364341085,0.4734375,0.83147853736089,0.829581993569132,0.475460122699386,0.845047923322684,0.469357249626308,0.833594976452119,0.468652037617555,0.477657935285054,0.844175491679274,0.507911392405063,0.467669172932331,0.831269349845201,0.471786833855799,0.901716068642746,0.470769230769231,0.0570987654320988,0.476407914764079,0.927786499215071,0.480127186009539,0.830427892234548,0.479938271604938,0.50611620795107,0.457186544342508,0.835423197492163,0.836220472440945,0.831325301204819,0.860576923076923,0.193811074918567,0.836702954898911,0.492935635792779,0.836734693877551,0.476038338658147,0.478723404255319,0.830218068535826,0.838304552590267,0.837423312883436,0.90521327014218,0.836140888208269,0.464555052790347,0.469953775038521,0.844036697247706,0.84012539184953,0.107765451664025,0.0845070422535211,0.838709677419355,0.842271293375394,0.473851030110935,0.827102803738318,0.836140888208269,0.47581903276131,0.822966507177033,0.841538461538462,0.522550544323484,0.363086232980333,0.83695652173913,0.163934426229508,0.828125,0.826625386996904,0.0759878419452888,0.476708074534161,0.84185303514377,0.491419656786271,0.847589424572317,0.853736089030207,0.827856025039124,0.986322188449848,0.837539432176656,0.482871125611745,0.833075734157651,0.840944881889764,0.847512038523275,0.145015105740181,0.472843450479233,0.848673946957878,0.830275229357798,0.516129032258065,0.830015313935682,0.4796875,0.517611026033691,0.500772797527048,0.829007633587786,0.838006230529595,0.818466353677621,0.0737327188940092,0.487381703470032,0.0753532182103611,0.8359375,0.467275494672755,0.466973886328725,0.517719568567026,0.158385093167702,0.832550860719875,0.880434782608696,0.842266462480858,0.829230769230769,0.489827856025039,0.477862595419847,0.0584518167456556,0.122448979591837,0.47360248447205,0.485271317829457,0.490106544901065,0.163492063492063,0.480559875583204,0.830075187969925,0.157728706624606,0.477794793261868,0.843076923076923,0.830455259026688,0.8390625,0.47926267281106,0.482442748091603,0.112877583465819,0.83641975308642,0.470125786163522,0.476263399693721,0.835913312693498,0.833587786259542,0.489130434782609,0.527687296416938,0.838351822503962,0.834384858044164,0.53125,0.844274809160305,0.463076923076923,0.825119236883943,0.471048513302034,0.338414634146341,0.508527131782946,0.385432473444613,0.832307692307692,0.465361445783133,0.479813664596273,0.527863777089783,0.504601226993865,0.849144634525661,0.485086342229199,0.830696202531646,0.477203647416413,0.845425867507886,0.4953125,0.469096671949287,0.518633540372671,0.496960486322188,0.483771251931994,0.463678516228748,0.507042253521127,0.474732006125574,0.0633116883116883,0.845047923322684,0.144171779141104,0.835658914728682,0.459375,0.830188679245283,0.156739811912226,0.486739469578783,0.481717011128776,0.838607594936709,0.0981873111782477,0.833333333333333,0.0771653543307087,0.507836990595611,0.848909657320872,0.0984375,0.505460218408736,0.84472049689441,0.839563862928349,0.8375,0.473770491803279,0.117378048780488,0.836391437308868,0.598130841121495,0.0733652312599681,0.523291925465838,0.477519379844961,0.490106544901065,0.8234375,0.863057324840764,0.83125,0.840245775729647,0.834890965732087,0.0950226244343891,0.82648401826484,0.507668711656442,0.155223880597015,0.487730061349693,0.836671802773498,0.819875776397516,0.840836012861736,0.835595776772247,0.0814132104454685,0.476335877862595,0.85145482388974,0.851674641148325,0.839171974522293,0.8328125,0.827371695178849,0.82574568288854,0.327743902439024,0.139280125195618,0.840625,0.0896656534954407,0.478125,0.258513931888545,0.824806201550388,0.567140600315956,0.47275641025641,0.481538461538462,0.828483920367534,0.116385911179173,0.4796875,0.847826086956522,0.827102803738318,0.547923322683706,0.471406491499227,0.470404984423676,0.472843450479233,0.852760736196319,0.475667189952904,0.478260869565217,0.398449612403101,0.475077881619938,0.86697247706422,0.477064220183486,0.0890302066772655,0.480376766091052,0.166158536585366,0.831761006289308,0.0822784810126582,0.4671875,0.485362095531587,0.473270440251572,0.830534351145038,0.841945288753799,0.834920634920635,0.836671802773498,0.832,0.82753164556962,0.486443381180223,0.833333333333333,0.477519379844961,0.483552631578947,0.537867078825348,0.510108864696734,0.826893353941267,0.825347758887172,0.152671755725191,0.477477477477477,0.0657276995305164,0.846504559270517,0.122448979591837,0.841940532081377,0.840764331210191,0.47887323943662,0.829652996845426,0.84329563812601,0.482758620689655,0.409309791332263,0.827893175074184,0.0842607313195548,0.0669856459330144,0.84080370942813,0.845425867507886,0.837209302325581,0.0781010719754977,0.164869029275809,0.473765432098765,0.585669781931464,0.475683890577508,0.158054711246201,0.492822966507177,0.0853080568720379,0.841368584758942,0.837837837837838,0.477726574500768,0.487692307692308,0.0961240310077519,0.482539682539683,0.477726574500768,0.47900466562986,0.834123222748815,0.829984544049459,0.483619344773791,0.841791044776119,0.151468315301391,0.8390625,0.0784929356357928,0.838304552590267,0.509954058192956,0.841049382716049,0.465709728867624,0.483464566929134,0.0864779874213836,0.509230769230769,0.841444270015699,0.848297213622291,0.617322834645669,0.725274725274725,0.472698907956318,0.476725521669342,0.833333333333333,0.496124031007752,0.106583072100313,0.48489666136725,0.830559757942511,0.0715396578538103,0.834621329211746,0.838810641627543,0.470588235294118,0.519872813990461,0.473270440251572,0.8336,0.845425867507886,0.468509984639017,0.467592592592593,0.48644578313253,0.718068535825545,0.476947535771065,0.841194968553459,0.106811145510836,0.844375963020031,0.835463258785943,0.530139103554869,0.4828125,0.483091787439614,0.101246105919003,0.479495268138801,0.828393135725429,0.8592,0.474763406940063,0.483464566929134,0.450617283950617,0.834108527131783,0.474085365853659,0.385208012326656,0.481366459627329,0.824159021406728,0.314152410575428,0.153250773993808,0.473846153846154,0.479514415781487,0.489891135303266,0.473101265822785,0.475683890577508,0.813846153846154,0.828660436137072,0.474258970358814,0.383012820512821,0.516279069767442,0.115501519756839,0.53484602917342,0.850699844479005,0.486697965571205,0.1578125,0.503095975232198,0.477726574500768,0.364760432766615,0.471317829457364,0.15015479876161,0.496923076923077,0.469291338582677,0.48503937007874,0.481424148606811
"378",1,1,1,1,1,1,0.6957928802589,1,1,0.107142857142857,1,0.0498442367601246,0.803486529318542,1,0.323854660347551,0.318181818181818,0.0714285714285714,0.686178861788618,1,1,0.29595015576324,0.315457413249211,1,0.171561051004637,1,0.334869431643625,0.323390894819466,1,1,0.77567140600316,0.311526479750779,0.709428129829985,0.964669738863287,0.313479623824451,0,1,0.554179566563467,1,0.30030487804878,1,0.66046511627907,0.67032967032967,0.692307692307692,1,1,0.320450885668277,0.322274881516588,0.310291858678955,0.325617283950617,0.331797235023041,0,1,0.31619937694704,1,1,0.480438184663537,0.570300157977883,1,1,1,0.330769230769231,0.322378716744914,0.323854660347551,0.679365079365079,1,1,0.0408163265306122,1,0.0653495440729483,0.328220858895706,1,0.322378716744914,0.332802547770701,0.961661341853035,0.523882896764253,1,0.3109375,0.337404580152672,1,0.319488817891374,0.0954692556634304,0.333850931677019,0.333855799373041,1,0.338461538461538,1,1,1,1,0.687692307692308,1,1,0.00154083204930663,0.113178294573643,1,0.0529500756429652,0,1,0.570048309178744,0.671383647798742,1,0.0634920634920635,0.325471698113208,1,0.316846986089645,1,0.683307332293292,1,0.318681318681319,0.326498422712934,0.314900153609831,1,0.328616352201258,1,0.504615384615385,1,0.319314641744548,0.3140625,0.33535660091047,0.319620253164557,0.490712074303406,0.998427672955975,0.321483771251932,0.317460317460317,1,0.309341500765697,1,1,0.345425867507886,0.565548780487805,1,0.321766561514196,1,0.0472560975609756,1,0.326747720364742,0.673913043478261,0.3234375,0.924528301886792,0.453047775947282,0.111635220125786,0.104851330203443,1,1,0.342229199372057,1,0.321752265861027,1,0.794117647058823,1,0.332263242375602,1,1,1,1,0.342146189735614,1,0.321875,0.265527950310559,1,0.308166409861325,1,0.308411214953271,0.0946372239747634,1,0.309033280507132,1,1,1,0.336874051593323,1,0.332288401253919,1,0.30757341576507,1,0.319875776397516,0.0820433436532508,1,0.638263665594855,1,1,0.321711568938193,1,1,1,1,0.320987654320988,0.314814814814815,1,0.9984375,0.320610687022901,0.313099041533546,1,0.456692913385827,0.668665667166417,0,0.322480620155039,0.66358024691358,1,0.324116743471582,1,0.998477929984779,1,0.321044546850998,0.327718223583461,0.336025848142165,1,1,1,0,1,0.31378763866878,0.968652037617555,0.331746031746032,0.312210200927357,0.761609907120743,1,1,1,1,1,0.04858934169279,0.321875,0.329738058551618,1,0.670807453416149,1,1,0.998430141287284,0.998452012383901,1,1,0.0046656298600311,0.333846153846154,1,0.314553990610329,1,0.308411214953271,1,1,1,1,1,0.324492979719189,1,0.497652582159624,0.329153605015674,0.333333333333333,0.318181818181818,0.322981366459627,0.33974358974359,0.42992125984252,0.330733229329173,0.31651376146789,0.321044546850998,1,0.332802547770701,1,0.684766214177979,0.317901234567901,0.325652841781874,0.336492890995261,1,1,1,0.271450858034321,0.313664596273292,1,0.320251177394035,0.327245053272451,0.318181818181818,0.332822085889571,0.678627145085803,1,0.331811263318113,0.319554848966614,1,0.307568438003221,1,0.316358024691358,0.31875,1,1,1,0.557993730407524,1,0.685446009389671,0.0924242424242424,0.321044546850998,1,1,0.107858243451464,0.326120556414219,0.333333333333333,1,1,0.304747320061256,0.0264385692068429,0.00317460317460317,1,1,0.336405529953917,0.998435054773083,1,0.313271604938272,1,1,0.324031007751938,1,1,1,1,0.329721362229102,0.312874251497006,0.331189710610932,1,1,0.669254658385093,0.316614420062696,1,0.319571865443425,0.305993690851735,1,1,0.998473282442748,1,1,0.329113924050633,1,1,0.111811023622047,0.33179012345679,0.50390015600624,0.313694267515924,0.672868217054264,0.327217125382263,1,0.310126582278481,0.335423197492163,0.275914634146341,0.325688073394495,1,0.329803328290469,1,1,1,0.312111801242236,0.325581395348837,0.998452012383901,0.916398713826367,0.0723270440251572,1,0.319314641744548,0.320634920634921,0.309748427672956,1,0.331775700934579,0.492211838006231,0.323619631901841,0.309006211180124,0.314696485623003,0.308544303797468,1,0.332814930015552,1,1,0,1,0.329073482428115,1,1,1,0.32755905511811,1,0.313099041533546,1,0.822900763358779,1,1,1,0.3265625,1,1,0.309968847352025,0.316692667706708,1,1,0.314814814814815,0.205837173579109,1,0.998456790123457,1,0,0.322683706070288,1,0.314814814814815,0.257503949447077,1,0.666149068322981,0.430981595092025,1,1,0.675675675675676,0.701078582434515,0.344827586206897,1,0.322480620155039,1,1,0.338095238095238,1,0.998422712933754,0.00925925925925926,0.329192546583851,1,1,0.323296354992076,1,1,0.311216429699842,0.35375191424196,1,1,1,0.51937984496124,0.310832025117739,0.359497645211931,0.322775263951735,0.337423312883436,0.68621236133122,0.326717557251908,0.330757341576507,0.317557251908397,0.253943217665615,0.323809523809524,1,0.325825825825826,0.998420221169036,0.32,0.0946564885496183,0.0557275541795666,1,1,0.0451713395638629,1,0.679331306990882,0.046801872074883,0.014308426073132,1,0.683307332293292,1,1,0.556618819776715,1,0,0.0806451612903226,1,1,1,0.330188679245283,0.644776119402985,0.685154975530179,0.995319812792512,1,0.983128834355828,0.311424100156495,0.351937984496124,1,0.305379746835443,1,0.375196232339089,0.11216429699842,0.311728395061728,0.32572298325723,0.343801652892562,1,0.0872894333843798,1,1,1,0.267281105990783,0.326018808777429,1,0.3328125,1,1,0.314728682170543,1,0.323308270676692,1,0.312302839116719,0.330708661417323,1,0.678018575851393,0.318796992481203,1,0.31875,0.747252747252747,0.320610687022901,0.175115207373272,0.324734446130501,0.751159196290572,0.317034700315457,1,0.330232558139535,0.346273291925466,0.302034428794992,1,1,1,0.968354430379747,0.355155482815057,1,0.332802547770701,1,0.326860841423948,0.326747720364742,1,1,1,0.913112164296998,1,0.315151515151515,0.324367088607595,1,1,0.0576923076923077,0.0884676145339652,1,1,0.313971742543171,1,1,0.317829457364341,1,1,0.683153013910355,0.54531490015361,1,0,1,1,0.107575757575758,0.332822085889571,1,0.327639751552795,0.998430141287284,0.961965134706815,0.998410174880763,0.81055900621118,1,0.335473515248796,1,1,1,0,0.320450885668277,1,1,0.662538699690402,1,0.318611987381703,0.361669242658423,0.314814814814815,1,1,1,0.100154083204931,0.326530612244898,0.101612903225806,0.998412698412698,0.320373250388802,0.30829420970266,0.355694227769111,0,1,0.95125786163522,1,1,0.332807570977918,0.311349693251534,0.173775671406003,0.0444444444444444,0.323296354992076,0.319182389937107,0.328725038402458,0.00158982511923688,0.316279069767442,1,0,0.321212121212121,1,1,1,0.320610687022901,0.326687116564417,0.0399361022364217,1,0.322429906542056,0.3171875,1,1,0.321428571428571,0.686804451510334,1,1,0.690880989180835,1,0.310185185185185,1,0.316614420062696,0.535384615384615,0.668683812405446,0.422322775263952,1,0.302147239263804,0.320126782884311,0.678071539657854,0.66156202143951,1,0.325190839694657,1,0.32579185520362,1,0.325545171339564,0.31911532385466,0.356357927786499,0.544891640866873,0.320251177394035,0.311216429699842,0.665086887835703,0.318885448916409,0.162679425837321,1,0,1,0.297805642633229,1,0,0.326018808777429,0.323717948717949,1,0.0635400907715582,1,0.0969793322734499,0.3390625,1,0.0733229329173167,0.66875,1,1,1,0.32258064516129,0.0423600605143722,1,0.422291993720565,0.106180665610143,0.356164383561644,0.334883720930233,0.326219512195122,1,1,1,1,1,0.0745814307458143,0.996965098634294,0.681047765793529,0.00445765230312036,0.328682170542636,1,1,1,1,0.093167701863354,0.32262996941896,1,1,1,1,1,1,0.502276176024279,0.00157977883096367,1,0.0931297709923664,0.324960753532182,0.4484375,1,0.402843601895735,0.317230273752013,0.313178294573643,1,0.043343653250774,0.319938176197836,1,1,0.366197183098592,0.308980213089802,0.319314641744548,0.319488817891374,0.998454404945904,0.331761006289308,0.324116743471582,0.431962025316456,0.316614420062696,0.970769230769231,0.316998468606432,0.0923566878980892,0.3296875,0,1,0.0979462875197472,0.313195548489666,0.320251177394035,0.322734499205087,1,1,1,1,1,1,0.328548644338118,1,0.315457413249211,0.312396694214876,0.623456790123457,0.676145339652449,1,1,0,0.321752265861027,0.1287284144427,0.998493975903614,0.0382165605095541,1,1,0.31974921630094,1,1,0.644904458598726,0.426282051282051,0.99702380952381,0.0948553054662379,0.103610675039246,1,1,1,0.0955315870570108,0,0.318529862174579,0.411949685534591,0.321100917431193,0,0.335423197492163,0.0929133858267717,1,1,0.321981424148607,0.320493066255778,0.255924170616114,0.337078651685393,0.318952234206472,0.326186830015314,1,1,0.332268370607029,1,0,1,0.238244514106583,1,0.66875,1,0.316118935837246,0.3109375,0.0835913312693498,0.674922600619195,1,1,0.785150078988942,0.907766990291262,0.319620253164557,0.321543408360129,1,0.324451410658307,0.268562401263823,0.330143540669856,1,0.113178294573643,1,1,0.327217125382263,0.6832,0.309262166405024,1,1,0.313271604938272,0.313291139240506,0.325227963525836,0.864217252396166,0.3232,1,0.0617283950617284,1,1,0.695046439628483,0.661466458658346,0.327974276527331,0.0625978090766823,0.333333333333333,1,1,0.312698412698413,0.328220858895706,0.620528771384137,1,0.312977099236641,0.393568147013783,0.318529862174579,0.987596899224806,0.485179407176287,0.00462962962962963,0.312883435582822,0.329754601226994,0.337025316455696,0.320388349514563,0.319018404907975,0.970542635658915,1,0.318461538461538,0.5568,0.682539682539683,0.244548286604361,0.682769726247987,1,0.323529411764706,0.00318979266347687,0.34009360374415,0.323574730354391,0.369565217391304,0.323899371069182,0,0.33179012345679,0.323763955342903,0.331269349845201,0.320754716981132
"379",1,1,1,1,1,1,0.701954397394137,1,1,0.0957792207792208,1,0.0507936507936508,0.810766721044046,1,0.319488817891374,0.311708860759494,0.0652866242038217,0.684039087947883,1,1,0.298217179902755,0.318327974276527,1,0.159810126582278,1,0.329153605015674,0.317666126418152,1,1,0.787234042553192,0.317262830482115,0.7234375,0.956112852664577,0.321951219512195,0,1,0.535101404056162,1,0.304347826086957,1,0.65818759936407,0.676236044657097,0.691950464396285,1,1,0.322950819672131,0.311688311688312,0.318110236220472,0.326656394453005,0.332810047095761,0,1,0.320251177394035,1,1,0.493569131832797,0.556270096463023,1,1,1,0.32967032967033,0.321086261980831,0.326923076923077,0.680952380952381,1,1,0.04,1,0.060882800608828,0.325581395348837,1,0.324367088607595,0.330578512396694,0.962171052631579,0.507109004739337,1,0.312111801242236,0.337480559875583,1,0.314845024469821,0.0879478827361563,0.33063209076175,0.3328,1,0.346333853354134,1,1,1,1,0.68266253869969,1,1,0.00159235668789809,0.105180533751962,1,0.0510046367851623,0,1,0.561688311688312,0.671497584541063,1,0.0561797752808989,0.312401883830455,1,0.320785597381342,1,0.68362480127186,1,0.315619967793881,0.325949367088608,0.32120253164557,1,0.32120253164557,1,0.493001555209953,1,0.319286871961102,0.305379746835443,0.334360554699538,0.32695374800638,0.488958990536278,0.998430141287284,0.321981424148607,0.32137030995106,1,0.302362204724409,1,1,0.339171974522293,0.555038759689922,1,0.318979266347687,1,0.0474732006125574,1,0.321259842519685,0.669856459330144,0.3312,0.928,0.441515650741351,0.103174603174603,0.097444089456869,1,1,0.336477987421384,1,0.32258064516129,1,0.802527646129542,1,0.325281803542673,1,1,1,1,0.341384863123994,1,0.3296,0.265402843601896,1,0.317411402157165,1,0.303514376996805,0.0868167202572347,1,0.312297734627832,1,1,1,0.338557993730408,1,0.3328,1,0.306477093206951,1,0.327447833065811,0.0792393026941363,1,0.634426229508197,1,1,0.316558441558442,1,1,1,1,0.331715210355987,0.31924882629108,1,0.998392282958199,0.325,0.307073954983923,1,0.451355661881978,0.667173252279635,0,0.323248407643312,0.662974683544304,1,0.3296875,1,0.998439937597504,1,0.322327044025157,0.325949367088608,0.333333333333333,1,1,1,0,1,0.313628899835796,0.966292134831461,0.329073482428115,0.313195548489666,0.75705329153605,1,1,1,1,1,0.0495207667731629,0.314424635332253,0.329617834394904,1,0.672413793103448,1,1,0.9984,0.998422712933754,1,1,0.004739336492891,0.329211746522411,1,0.314606741573034,1,0.305379746835443,1,1,1,1,1,0.331730769230769,1,0.505691056910569,0.3344,0.328616352201258,0.315705128205128,0.332273449920509,0.336569579288026,0.426073131955485,0.329113924050633,0.32182103610675,0.315457413249211,1,0.3232,1,0.681818181818182,0.312989045383412,0.327586206896552,0.33868378812199,1,1,1,0.2608,0.319182389937107,1,0.321428571428571,0.324960753532182,0.310618066561014,0.324881141045959,0.682108626198083,1,0.329617834394904,0.324149108589951,1,0.308441558441558,1,0.313178294573643,0.317307692307692,1,1,1,0.533653846153846,1,0.682615629984051,0.088646967340591,0.321316614420063,1,1,0.1,0.321316614420063,0.337152209492635,1,1,0.304838709677419,0.0300632911392405,0.00324675324675325,1,1,0.348837209302326,0.998392282958199,1,0.32018927444795,1,1,0.324367088607595,1,1,1,1,0.324409448818898,0.305900621118012,0.33278955954323,1,1,0.664556962025316,0.3232,1,0.319314641744548,0.301458670988655,1,1,0.998435054773083,1,1,0.330143540669856,1,1,0.108239095315024,0.337559429477021,0.498392282958199,0.314935064935065,0.660771704180064,0.3234375,1,0.314285714285714,0.337579617834395,0.262578616352201,0.330721003134796,1,0.33125,1,1,1,0.314606741573034,0.329032258064516,0.998459167950693,0.921052631578947,0.0668789808917197,1,0.321259842519685,0.325320512820513,0.315705128205128,1,0.337539432176656,0.479495268138801,0.330670926517572,0.317384370015949,0.323577235772358,0.311290322580645,1,0.326860841423948,1,1,0,1,0.321027287319422,1,1,1,0.327503974562798,1,0.312399355877617,1,0.835703001579779,1,1,1,0.322274881516588,1,1,0.315955766192733,0.318471337579618,1,1,0.313195548489666,0.183962264150943,1,0.998389694041868,1,0,0.328025477707006,1,0.314285714285714,0.253634894991922,1,0.673946957878315,0.42472266244057,1,1,0.678353658536585,0.692185007974482,0.352941176470588,1,0.324921135646688,1,1,0.3392,1,0.998384491114701,0.0096,0.331738437001595,1,1,0.329011345218801,1,1,0.308064516129032,0.338607594936709,1,1,1,0.528391167192429,0.310725552050473,0.34887459807074,0.325508607198748,0.336477987421384,0.682464454976303,0.324960753532182,0.328100470957614,0.323899371069182,0.251582278481013,0.325320512820513,1,0.329721362229102,0.998410174880763,0.322784810126582,0.0855365474339036,0.0563380281690141,1,1,0.0444444444444444,1,0.683881064162754,0.0490506329113924,0.0147058823529412,1,0.674085850556439,1,1,0.553225806451613,1,0,0.0776699029126214,1,1,1,0.333868378812199,0.639939485627837,0.688225538971808,0.995215311004785,1,0.980861244019139,0.304625199362041,0.340836012861736,1,0.302250803858521,1,0.369085173501577,0.107371794871795,0.306349206349206,0.322530864197531,0.34125636672326,1,0.0800627943485086,1,1,1,0.270142180094787,0.32741935483871,1,0.3232,1,1,0.314873417721519,1,0.324574961360124,1,0.31637519872814,0.328525641025641,1,0.675806451612903,0.3234375,1,0.307814992025518,0.76517571884984,0.322378716744914,0.161240310077519,0.326687116564417,0.768370607028754,0.310679611650485,1,0.330188679245283,0.341194968553459,0.293838862559242,1,1,1,0.963815789473684,0.346534653465347,1,0.327332242225859,1,0.326229508196721,0.323076923076923,1,1,1,0.916932907348243,1,0.320433436532508,0.325471698113208,1,1,0.053921568627451,0.0832,1,1,0.313821138211382,1,1,0.321486268174475,1,1,0.678343949044586,0.5375,1,0,1,1,0.0981308411214953,0.32695374800638,1,0.330670926517572,0.998407643312102,0.959546925566343,0.998425196850394,0.823248407643312,1,0.334431630971993,1,1,1,0,0.31973898858075,1,1,0.67515923566879,1,0.322274881516588,0.367692307692308,0.324324324324324,1,1,1,0.0956112852664577,0.32695374800638,0.0948553054662379,0.998402555910543,0.308661417322835,0.312101910828025,0.361331220285261,0,1,0.950871632329635,1,1,0.336025848142165,0.310452418096724,0.160513643659711,0.0435483870967742,0.329635499207607,0.317891373801917,0.327586206896552,0.00161550888529887,0.318541996830428,1,0,0.321766561514196,1,1,1,0.31875,0.328682170542636,0.037156704361874,1,0.326923076923077,0.315707620528771,1,1,0.319620253164557,0.688741721854305,1,1,0.694668820678514,1,0.313195548489666,1,0.325545171339564,0.523291925465838,0.669811320754717,0.412772585669782,1,0.30829420970266,0.313195548489666,0.677165354330709,0.662440570522979,1,0.327073552425665,1,0.331782945736434,1,0.32,0.314935064935065,0.358520900321543,0.536507936507936,0.33115823817292,0.310569105691057,0.656050955414013,0.320634920634921,0.145454545454545,1,0,1,0.30064308681672,1,0,0.325434439178515,0.314102564102564,1,0.0595419847328244,1,0.0841423948220065,0.350877192982456,1,0.0671875,0.665071770334928,1,1,1,0.311557788944724,0.0454545454545455,1,0.429487179487179,0.0926517571884984,0.357254290171607,0.323899371069182,0.332293291731669,1,1,1,1,1,0.0666666666666667,0.996904024767802,0.676703645007924,0.00460829493087558,0.327476038338658,1,1,1,1,0.0870253164556962,0.323943661971831,1,1,1,1,1,1,0.490566037735849,0.0016025641025641,1,0.0859375,0.323248407643312,0.439024390243902,1,0.398073836276083,0.313856427378965,0.322169059011164,1,0.0461783439490446,0.320695102685624,1,1,0.37315875613748,0.309375,0.310725552050473,0.317073170731707,0.998410174880763,0.328478964401294,0.3198127925117,0.4176,0.316639741518578,0.968652037617555,0.31832298136646,0.0815660685154976,0.319620253164557,0,1,0.0887096774193548,0.313099041533546,0.330143540669856,0.323151125401929,1,1,1,1,1,1,0.333333333333333,1,0.321086261980831,0.318104906937394,0.613312202852615,0.677471636952998,1,1,0,0.327131782945736,0.122257053291536,0.998461538461539,0.0408496732026144,1,1,0.311986863711002,1,1,0.63961038961039,0.417637271214642,0.996992481203008,0.0836012861736334,0.100813008130081,1,1,1,0.0906200317965024,0,0.322884012539185,0.422647527910686,0.324409448818898,0,0.32843137254902,0.0876623376623377,1,1,0.325,0.321711568938193,0.249206349206349,0.343137254901961,0.3234375,0.33122028526149,1,1,0.332786885245902,1,0,1,0.227053140096618,1,0.672496025437202,1,0.314375987361769,0.311258278145695,0.0813397129186603,0.672985781990521,1,1,0.776357827476038,0.891485809682805,0.320846905537459,0.324058919803601,1,0.323671497584541,0.262057877813505,0.316045380875203,1,0.102523659305994,1,1,0.319554848966614,0.67986798679868,0.308319738988581,1,1,0.316037735849057,0.311605723370429,0.32,0.85024154589372,0.319286871961102,1,0.0610328638497653,1,1,0.696400625978091,0.641815235008104,0.33387358184765,0.0592948717948718,0.3216,1,1,0.31219512195122,0.3312,0.618153364632238,1,0.313971742543171,0.380655226209048,0.318037974683544,0.9921875,0.475435816164818,0.00470219435736677,0.307324840764331,0.332302936630603,0.33495145631068,0.319286871961102,0.320552147239264,0.967238689547582,1,0.321144674085851,0.553542009884679,0.6768,0.239370078740157,0.678807947019868,1,0.323809523809524,0.00158730158730159,0.331230283911672,0.319620253164557,0.372019077901431,0.323101777059774,0,0.333333333333333,0.319286871961102,0.32794830371567,0.316535433070866
"380",1,1,1,1,1,1,0.716300940438871,1,1,0.0981012658227848,1,0.0455235204855842,0.810641627543036,1,0.312693498452012,0.300462249614792,0.0653188180404355,0.696774193548387,1,1,0.283489096573209,0.311320754716981,1,0.156441717791411,1,0.315629742033384,0.309148264984227,1,1,0.784375,0.30568356374808,0.73587786259542,0.958966565349544,0.306976744186047,0,1,0.539170506912442,1,0.3003003003003,1,0.676470588235294,0.688271604938272,0.692889561270802,1,1,0.313385826771654,0.3125,0.308980213089802,0.311349693251534,0.322137404580153,0,1,0.313546423135464,1,1,0.507020280811232,0.55868544600939,1,1,1,0.329803328290469,0.316770186335404,0.308641975308642,0.685847589424572,1,1,0.0362776025236593,1,0.0611028315946349,0.316890881913303,1,0.313271604938272,0.321766561514196,0.963722397476341,0.50384024577573,1,0.299694189602446,0.323795180722892,1,0.308917197452229,0.0832025117739403,0.3203125,0.322222222222222,1,0.330804248861912,1,1,1,1,0.693721286370597,1,1,0.00154083204930663,0.105828220858896,1,0.048411497730711,0,1,0.55784469096672,0.689547581903276,1,0.0558139534883721,0.305084745762712,1,0.30625,1,0.69218989280245,1,0.309119010819165,0.315384615384615,0.314024390243902,1,0.326747720364742,1,0.485714285714286,1,0.309597523219814,0.296969696969697,0.318250377073906,0.316358024691358,0.479326186830015,0.998439937597504,0.312121212121212,0.307448494453249,1,0.295107033639144,1,1,0.311248073959938,0.538922155688623,1,0.311145510835913,1,0.0434782608695652,1,0.316109422492401,0.67741935483871,0.326153846153846,0.929230769230769,0.426517571884984,0.102325581395349,0.0967238689547582,1,1,0.319685039370079,1,0.311572700296736,1,0.811059907834101,1,0.320634920634921,1,1,1,1,0.324031007751938,1,0.318037974683544,0.253846153846154,1,0.302752293577982,1,0.29264475743349,0.0851393188854489,1,0.307324840764331,1,1,1,0.329268292682927,1,0.319444444444444,1,0.297839506172839,1,0.315286624203822,0.075968992248062,1,0.641955835962145,1,1,0.309904153354633,1,1,1,1,0.318252730109204,0.305263157894737,1,0.998459167950693,0.314199395770393,0.291139240506329,1,0.434108527131783,0.674626865671642,0,0.312597200622084,0.669781931464174,1,0.318461538461538,1,0.998466257668712,1,0.309923664122137,0.315629742033384,0.320574162679426,1,1,1,0,1,0.304953560371517,0.9671875,0.3203125,0.301391035548686,0.735384615384615,1,1,1,1,1,0.0461538461538462,0.310126582278481,0.321752265861027,1,0.686544342507645,1,1,0.998477929984779,0.998444790046656,1,1,0.00307692307692308,0.30316742081448,1,0.304552590266876,1,0.29393468118196,1,1,1,1,1,0.315384615384615,1,0.523219814241486,0.3198127925117,0.319148936170213,0.307692307692308,0.318818040435459,0.321766561514196,0.41692789968652,0.321538461538462,0.312404287901991,0.304281345565749,1,0.313755795981453,1,0.68558282208589,0.307219662058372,0.304545454545455,0.331768388106416,1,1,1,0.249221183800623,0.301075268817204,1,0.308282208588957,0.326283987915408,0.306376360808709,0.313178294573643,0.692068429237947,1,0.317629179331307,0.311216429699842,1,0.29570747217806,1,0.308510638297872,0.309859154929577,1,1,1,0.530046224961479,1,0.695447409733124,0.0839580209895052,0.312883435582822,1,1,0.0976744186046512,0.313364055299539,0.325471698113208,1,1,0.298621745788668,0.0234009360374415,0.00156739811912226,1,1,0.327844311377246,1,1,0.307575757575758,1,1,0.311550151975684,1,1,1,1,0.313935681470138,0.309880239520958,0.318471337579618,1,1,0.679012345679012,0.313846153846154,1,0.310606060606061,0.293478260869565,1,1,0.998470948012232,1,1,0.324615384615385,1,1,0.103448275862069,0.323076923076923,0.486780715396579,0.297637795275591,0.677621283255086,0.310030395136778,1,0.309968847352025,0.323529411764706,0.253048780487805,0.317557251908397,1,0.31859756097561,1,1,1,0.299373040752351,0.317073170731707,0.998444790046656,0.922834645669291,0.0661417322834646,1,0.311627906976744,0.316118935837246,0.304212168486739,1,0.3202416918429,0.453703703703704,0.325038880248834,0.302469135802469,0.307332293291732,0.298904538341158,1,0.309486780715397,1,1,0,1,0.312893081761006,1,1,1,0.321428571428571,1,0.30625,1,0.839753466872111,1,1,1,0.308282208588957,1,1,0.312307692307692,0.306027820710974,1,1,0.313455657492355,0.18558282208589,1,0.998459167950693,1,0,0.311708860759494,1,0.296875,0.241324921135647,1,0.67624810892587,0.442962962962963,1,1,0.687593423019432,0.72,0.339089481946625,1,0.310664605873261,1,1,0.327102803738318,1,0.998432601880878,0.00770416024653313,0.316923076923077,1,1,0.30829420970266,1,1,0.306729264475743,0.329230769230769,1,1,1,0.537519142419602,0.3,0.335925349922239,0.314925373134328,0.322033898305085,0.688172043010753,0.318529862174579,0.315870570107858,0.314112291350531,0.234206471494607,0.311501597444089,1,0.314842578710645,0.998435054773083,0.309006211180124,0.0819672131147541,0.0532724505327245,1,1,0.0388198757763975,1,0.690292758089368,0.044478527607362,0.0108695652173913,1,0.688751926040062,1,1,0.532385466034755,1,0,0.0746031746031746,1,1,1,0.312989045383412,0.645588235294118,0.694267515923567,0.992343032159265,1,0.981510015408321,0.301092043681747,0.33179012345679,1,0.299843014128728,1,0.373456790123457,0.102362204724409,0.302325581395349,0.309667673716012,0.332247557003257,1,0.0828313253012048,1,1,1,0.246951219512195,0.320063694267516,1,0.318885448916409,1,1,0.302003081664099,1,0.311377245508982,1,0.303599374021909,0.323076923076923,1,0.688575899843505,0.311475409836066,1,0.3125,0.761102603369066,0.304675716440422,0.158778625954198,0.319277108433735,0.776911076443058,0.298273155416013,1,0.321981424148607,0.331804281345566,0.287461773700306,1,1,1,0.968,0.335453100158982,1,0.318471337579618,1,0.315619967793881,0.312874251497006,1,1,1,0.916537867078825,1,0.311450381679389,0.314241486068111,1,1,0.053125,0.0782472613458529,1,1,0.30625,1,1,0.310077519379845,1,1,0.688473520249221,0.532625189681335,1,0,1,1,0.0980392156862745,0.318252730109204,1,0.317901234567901,0.998432601880878,0.962382445141066,0.998459167950693,0.82542113323124,1,0.324237560192616,1,1,1,0,0.30564263322884,1,1,0.681318681318681,1,0.312210200927357,0.357910906298003,0.316118935837246,1,1,1,0.0886850152905199,0.313084112149533,0.0930599369085174,0.998430141287284,0.305135951661631,0.303490136570561,0.351145038167939,0,1,0.954758190327613,1,1,0.318681318681319,0.29249617151608,0.153846153846154,0.0400616332819723,0.314329738058552,0.304482225656878,0.320061255742726,0.0015527950310559,0.304347826086957,1,0,0.308755760368664,1,1,1,0.310872894333844,0.31039755351682,0.0366826156299841,1,0.31055900621118,0.305810397553517,1,1,0.318952234206472,0.7,1,1,0.701399688958009,1,0.299847792998478,1,0.307332293291732,0.526395173453997,0.67624810892587,0.405970149253731,1,0.295625942684766,0.305555555555556,0.688449848024316,0.666153846153846,1,0.314589665653495,1,0.323170731707317,1,0.314728682170543,0.302795031055901,0.355590062111801,0.507020280811232,0.315541601255887,0.307453416149068,0.67192429022082,0.310664605873261,0.141045958795563,1,0,1,0.285714285714286,1,0,0.312788906009245,0.311708860759494,1,0.0564635958395245,1,0.0858034321372855,0.339593114241002,1,0.0680061823802164,0.668759811616955,1,1,1,0.301765650080257,0.0395136778115502,1,0.438271604938272,0.0995260663507109,0.356060606060606,0.323029366306028,0.320061255742726,1,1,1,1,1,0.0675675675675676,0.996951219512195,0.6890625,0.00300751879699248,0.314814814814815,1,1,1,1,0.0820668693009119,0.312781954887218,1,1,1,1,1,1,0.480916030534351,0.00158478605388273,1,0.0884146341463415,0.316436251920123,0.4265625,1,0.393364928909953,0.295819935691318,0.304615384615385,1,0.0416666666666667,0.310291858678955,1,1,0.365625,0.29601226993865,0.304281345565749,0.310126582278481,0.998484848484849,0.31875,0.307575757575758,0.408736349453978,0.309815950920245,0.972519083969466,0.307575757575758,0.0833333333333333,0.320552147239264,0,1,0.0889235569422777,0.305164319248826,0.310664605873261,0.316436251920123,1,1,1,1,1,1,0.327131782945736,1,0.311320754716981,0.315960912052117,0.593323216995448,0.683385579937304,1,1,0,0.305471124620061,0.11402157164869,0.998502994011976,0.0386398763523957,1,1,0.309006211180124,1,1,0.614420062695925,0.405405405405405,0.997045790251108,0.0806962025316456,0.0964230171073095,1,1,1,0.0910493827160494,0,0.309815950920245,0.430793157076205,0.312121212121212,0,0.31687898089172,0.0879120879120879,1,1,0.314674735249622,0.315548780487805,0.235478806907378,0.328502415458937,0.308755760368664,0.310872894333844,1,1,0.317034700315457,1,0,1,0.213728549141966,1,0.678461538461538,1,0.312693498452012,0.299524564183835,0.0772797527047913,0.682926829268293,1,1,0.794117647058823,0.892455858747994,0.31378763866878,0.313880126182965,1,0.309486780715397,0.248466257668712,0.321144674085851,1,0.102009273570325,1,1,0.313084112149533,0.69047619047619,0.3078125,1,1,0.299382716049383,0.303738317757009,0.314285714285714,0.853582554517134,0.308411214953271,1,0.0594512195121951,1,1,0.707132018209408,0.652582159624413,0.315873015873016,0.0570987654320988,0.316118935837246,1,1,0.30625,0.326018808777429,0.618827160493827,1,0.305135951661631,0.370257966616085,0.300613496932515,0.984639016897081,0.464788732394366,0.00453857791225416,0.301684532924962,0.314285714285714,0.323899371069182,0.308306709265176,0.311572700296736,0.977029096477795,1,0.314900153609831,0.551834130781499,0.686427457098284,0.235562310030395,0.694888178913738,1,0.316770186335404,0.00313479623824451,0.320610687022901,0.308755760368664,0.365325077399381,0.314465408805031,0,0.329230769230769,0.312111801242236,0.31875,0.306501547987616
"381",0.292332268370607,0.31055900621118,0.314375987361769,0.318110236220472,0.312210200927357,0.304747320061256,0.0127186009538951,0.314241486068111,0.306976744186047,0.580696202531646,0.315467075038285,0.648936170212766,0.513343799058085,0.319314641744548,1,1,0.62,0,0.324237560192616,0.304821150855365,1,1,0.32,0.531881804043546,0.311278195488722,1,1,0.340872374798061,0.303625377643505,0.517350157728707,1,0.585889570552147,0.355384615384615,0.996884735202492,0.666149068322981,0.308072487644152,0.144838212634823,0.31651376146789,1,0.299093655589124,0.0031104199066874,0,0,0.329113924050633,0.315457413249211,1,0.995268138801262,1,1,1,0.689230769230769,0.32484076433121,1,0.32312404287902,0.316846986089645,0.812206572769953,0.132283464566929,0.306976744186047,0.309230769230769,0.31875,0.992354740061162,1,1,0.00627943485086342,0.314285714285714,0.308527131782946,0.658767772511848,0.326530612244898,0.619482496194825,1,0.312788906009245,1,1,0.277511961722488,0.169465648854962,0.316816816816817,1,0.995391705069124,0.313935681470138,1,0.602254428341385,1,1,0.319938176197836,1,0.318862275449102,0.309859154929577,0.326053042121685,0.317683881064163,0,0.308661417322835,0.321266968325792,0.692901234567901,0.578866768759571,0.309636650868878,0.642965204236006,0.684129429892142,0.30757341576507,0.129337539432177,0,0.304147465437788,0.612055641421947,1,0.3152,1,0.310344827586207,0,0.317972350230415,1,1,1,0.304615384615385,0.996884735202492,0.317683881064163,0.217325227963526,0.304281345565749,1,0.387596899224806,1,1,0.214175654853621,0.310872894333844,1,1,0.326717557251908,1,0.316890881913303,0.305722891566265,0.377742946708464,0.765337423312883,0.319182389937107,1,0.325914149443561,0.63499245852187,0.329545454545455,1,0.00152905198776758,1,0.370992366412214,0.895253682487725,0.590909090909091,0.605055292259084,0.313271604938272,0.324324324324324,1,0.312788906009245,1,0.282608695652174,0.49768875192604,0.322678843226788,1,0.311248073959938,0.309262166405024,0.315541601255887,0.315541601255887,1,0.304347826086957,1,0.447900466562986,0.326687116564417,1,0.323076923076923,1,0.588976377952756,0.309859154929577,1,0.312788906009245,0.307453416149068,0.327586206896552,0.987823439878234,0.316770186335404,1,0.317757009345794,1,0.314696485623003,1,0.593272171253823,0.297971918876755,0.032258064516129,0.293739967897271,0.314329738058552,1,0.297045101088647,0.321372854914197,0.314814814814815,0.324574961360124,1,1,0.319554848966614,0.314641744548287,1,1,0.315548780487805,0.245454545454545,0.0211800302571861,0.691107644305772,1,0.00306748466257669,0.310769230769231,1,0.321144674085851,0.302431610942249,0.309815950920245,0.998461538461539,1,1,0.322289156626506,0.313504823151125,0.313546423135464,0.678288431061807,0.301857585139319,1,0.334370139968896,1,1,0.447204968944099,0.317610062893082,0.316358024691358,0.318252730109204,0.290964777947933,0.307086614173228,0.651632970451011,1,1,0.309815950920245,0.00302571860816944,0.321156773211568,0.311746987951807,0.327613104524181,0.3015625,0.30030959752322,0.313546423135464,0.697852760736196,0.371601208459215,0.303680981595092,1,0.32182103610675,1,0.302795031055901,0.297169811320755,0.30829420970266,0.326594090202177,0.317111459968603,1,0.318529862174579,0.78125,1,1,0.996845425867508,1,1,0.898251192368839,1,1,1,0.321592649310873,1,0.317307692307692,0,1,0.397534668721109,1,0.3203125,0.316770186335404,0.303265940902022,0.430599369085173,1,0.326219512195122,1,1,1,1,0,0.310185185185185,1,1,0.314728682170543,1,0.311827956989247,1,1,0.308056872037915,0.320695102685624,0.294298921417565,0.161695447409733,0.329153605015674,0,0.599700149925038,1,0.314024390243902,0.3234375,0.590417310664606,1,1,0.323809523809524,0.323390894819466,1,0.65015479876161,0.700468018720749,0.302507836990596,0.325949367088608,0.992401215805471,0.322784810126582,0.297744360902256,1,0.310185185185185,0.300153139356815,1,0.296703296703297,0.316037735849057,0.315870570107858,0.31619937694704,1,1,1,0.307453416149068,0.31911532385466,0.0061633281972265,0.992150706436421,0.317683881064163,1,1,0.308282208588957,0.322137404580153,0.298299845440495,0.317757009345794,0.313455657492355,1,0.303405572755418,0.307453416149068,0.578446909667195,1,0.8390625,1,0,1,0.32262996941896,1,1,0.422839506172839,0.998463901689708,0.321372854914197,1,0.309486780715397,0.301092043681747,0.307692307692308,1,1,0.321875,0.391304347826087,0.6096,0.301412872841444,1,1,1,0.319488817891374,1,0.210608424336973,1,1,1,1,0.328220858895706,1,0.31869918699187,0.328125,0.684782608695652,0.299065420560748,1,0.324615384615385,0.323262839879154,0.311111111111111,1,0.30804248861912,1,0.316109422492401,0.47166921898928,0.3265625,0.322274881516588,0.308282208588957,1,0.317891373801917,0.304416403785489,1,1,0.320121951219512,0.304747320061256,1,0.492354740061162,0.305993690851735,0.326656394453005,0.322239031770045,0.684129429892142,1,0.284109149277689,1,0.425867507886435,0.30625,0,0.877675840978593,0.310725552050473,0.314241486068111,0,0.0248062015503876,0.979495268138801,0.316279069767442,1,0.310832025117739,0.311605723370429,1,0.317757009345794,0.309486780715397,0.677215189873418,1,0.315457413249211,0.319182389937107,1,0.303076923076923,0.307324840764331,1,0.344086021505376,0.315132605304212,0.312210200927357,0.329113924050633,0.783825816485226,1,0.981191222570533,1,1,0.0015600624024961,1,0.993759750390016,1,0.441358024691358,0.998420221169036,0.308396946564885,0.993948562783661,0.329113924050633,0.996946564885496,0.609865470852018,0.639016897081413,0.319571865443425,0.304012345679012,0.637614678899083,0.314194577352472,0,0.639318885448916,0.688188976377953,0.314900153609831,0.0015600624024961,0.31055900621118,0.313479623824451,0.772511848341232,0.318461538461538,0.693251533742331,0.598086124401914,0.310077519379845,0.314329738058552,0.293291731669267,1,0.0325443786982249,0,0.312121212121212,0.324574961360124,0.332321699544765,1,0.346938775510204,0.311248073959938,1,0.308734939759036,0.940092165898618,0.573482428115016,1,1,0.99347471451876,0.320061255742726,0.609756097560976,0.320182094081942,0.308441558441558,0.310769230769231,0.426403641881639,1,0.307570977917981,1,0.314785373608903,0.315955766192733,1,0.315372424722662,1,0.316535433070866,1,1,0.320610687022901,0,1,0.31832298136646,1,0.556942277691108,1,0.507716049382716,1,0.551181102362205,1,0.312893081761006,1,1,1,0.309006211180124,0.316614420062696,0.315868263473054,0.34789644012945,0.343949044585987,0.31104199066874,1,0.324492979719189,1,1,0.322033898305085,0.312989045383412,0.31039755351682,0.377742946708464,0.330781010719755,1,1,0.324574961360124,0.32182103610675,0.630503144654088,0.590551181102362,0.311550151975684,0.308661417322835,1,0.303076923076923,0.313636363636364,0.996820349761526,0.299212598425197,0.313084112149533,0,0.144796380090498,0.320872274143302,0.682890855457227,0.310832025117739,0.322033898305085,0.603053435114504,0.998444790046656,0.315286624203822,1,0.31201248049922,0.339593114241002,0.309486780715397,0.468606431852986,0.313755795981453,1,0.325115562403698,0.315372424722662,0.326465927099842,0.68558282208589,1,0.321711568938193,0.314984709480122,0,0.32078313253012,0.998454404945904,0.949152542372881,1,0.310291858678955,0.3267776096823,0.310832025117739,0.589861751152074,1,0.598726114649682,0.331782945736434,1,1,0.967492260061919,0.672897196261682,0.327613104524181,0.353941267387944,0.318818040435459,0.3125,1,1,0.522012578616352,0.641065830721003,1,1,0.998468606431853,0.698890649762282,1,0.32312404287902,0.6875,1,0.322033898305085,0.315541601255887,0.313084112149533,0.998454404945904,1,0.646869983948636,0.321981424148607,1,1,0.314329738058552,0.3,0.998439937597504,0,0.31104199066874,0.296875,0.0062111801242236,0.30568356374808,1,0.308306709265176,1,0.157575757575758,0,0.902255639097744,0.318818040435459,1,1,0,0.00152905198776758,0.327613104524181,1,0.306089743589744,0.996965098634294,0.307931570762053,1,0.998432601880878,0.95852534562212,0.775541795665635,1,1,0.00469483568075117,1,0.523125996810207,0.325358851674641,0.673846153846154,0.315548780487805,1,0.30030959752322,0.686915887850467,1,1,0.305993690851735,0.625748502994012,0.317901234567901,0.589341692789969,0.968553459119497,0.32967032967033,0.608294930875576,0.0107858243451464,0.306976744186047,0.30781010719755,0.321156773211568,1,0.642201834862385,0.30640243902439,0.885579937304075,0.596546310832025,0.966360856269113,1,1,0.311424100156495,0.330696202531646,0.306962025316456,0.302936630602782,0.311526479750779,0.621823617339312,0.296803652968037,0,0.68215892053973,1,0.327613104524181,0.30625,0.309677419354839,0.321100917431193,0.605873261205564,1,0.329268292682927,0.330218068535826,0.330128205128205,0.321316614420063,0.307692307692308,0.309748427672956,0.209160305343511,0.691222570532915,0.320634920634921,0.606431852986217,1,0.243034055727554,0.31937984496124,0.917721518987342,1,1,0.314984709480122,0.634408602150538,1,0.311145510835913,0.293563579277865,0.950793650793651,1,1,0.998397435897436,0.318112633181126,1,1,0.903276131045242,1,0.346385542168675,1,0.592295345104334,1,0.678899082568807,0.307210031347962,0.601246105919003,1,1,0.993690851735016,0.323170731707317,0.320121951219512,0.317034700315457,0.317829457364341,0.321656050955414,0.323763955342903,0.98256735340729,0.308049535603715,1,1,0.711864406779661,0,0.315950920245399,0.312688821752266,0.684931506849315,1,0.572093023255814,0.322775263951735,0.650306748466258,0.303599374021909,0.313479623824451,1,0.30829420970266,0.311793214862682,0.700636942675159,0.905144694533762,0.314159292035398,0.606918238993711,0.582938388625592,0.322085889570552,0.322222222222222,0.308049535603715,0.602803738317757,0.686821705426357,1,0.893682588597843,1,0.672754946727549,0.998410174880763,0.594339622641509,0.308166409861325,0.317152103559871,1,1,0.438871473354232,0.993650793650794,0.998475609756098,1,0.306603773584906,0.323529411764706,1,0.317109144542773,0.690513219284603,0.317901234567901,0.467391304347826,0.3,0,0.301684532924962,1,1,0.596330275229358,0.0015220700152207,0.326625386996904,0.3171875,0.0848765432098765,0.41786283891547,1,1,0.313572542901716,1,0.424528301886792,1,0.322188449848024,0.60061919504644,0.31937984496124,0.312796208530806,1,0,1,0.302250803858521,0.31839258114374,1,1,1,0.434108527131783,1,0.315217391304348,0.626728110599078,0.320061255742726,0.319870759289176,0.00153374233128834,0.0432098765432099,1,0.626373626373626,1,0.317262830482115,0.322734499205087,1,1,0.167427701674277,0.309707241910632,1,0.903963414634146,1,0.311926605504587,0.20625,0.675,1,1,1,1,1,0.278787878787879,0.307332293291732,1,0.129186602870813,0.00157728706624606,0.450617283950617,0,0.31619937694704,1,0.686915887850467,1,1,0.890937019969278,1,0.68133535660091,1,1,1,1
"382",1,1,1,1,1,1,0.695723684210526,1,1,0.0950819672131148,1,0.0408163265306122,0.818619582664527,1,0.32741935483871,0.311004784688995,0.0561622464898596,0.691680261011419,1,1,0.287974683544304,0.309677419354839,1,0.150554675118859,1,0.33015873015873,0.311183144246353,1,1,0.78513731825525,0.3109375,0.728971962616822,0.966876971608833,0.319620253164557,0,1,0.535545023696682,1,0.294930875576037,1,0.665620094191523,0.675632911392405,0.695178849144635,1,1,0.313408723747981,0.305246422893482,0.31201248049922,0.326018808777429,0.327613104524181,0,1,0.308426073131955,1,1,0.507269789983845,0.559485530546624,1,1,1,0.324960753532182,0.323296354992076,0.311004784688995,0.677367576243981,1,1,0.0318471337579618,1,0.0509259259259259,0.31832298136646,1,0.322378716744914,0.316476345840131,0.966832504145937,0.516483516483517,1,0.302325581395349,0.341772151898734,1,0.322475570032573,0.082258064516129,0.326366559485531,0.323899371069182,1,0.341772151898734,1,1,1,1,0.691573926868045,1,1,0.00157728706624606,0.0950871632329636,1,0.0431432973805855,0,1,0.555374592833876,0.675282714054927,1,0.0505529225908373,0.313099041533546,1,0.306836248012719,1,0.686915887850467,1,0.31629392971246,0.320063694267516,0.31937984496124,1,0.318611987381703,1,0.479938271604938,1,0.313385826771654,0.289968652037618,0.320373250388802,0.320450885668277,0.478806907378336,1,0.322884012539185,0.319354838709677,1,0.303656597774245,1,1,0.322429906542056,0.543478260869565,1,0.319554848966614,1,0.0363086232980333,1,0.315132605304212,0.672386895475819,0.324960753532182,0.938095238095238,0.425774877650897,0.0922330097087379,0.0873015873015873,1,1,0.33122028526149,1,0.318181818181818,1,0.814756671899529,1,0.327868852459016,1,1,1,1,0.334389857369255,1,0.318037974683544,0.255924170616114,1,0.315789473684211,1,0.3024,0.0715447154471545,1,0.312101910828025,1,1,1,0.336973478939158,1,0.323101777059774,1,0.312401883830455,1,0.3184,0.0646687697160883,1,0.635467980295567,1,1,0.308306709265176,1,1,1,1,0.322784810126582,0.315625,1,1,0.31619937694704,0.307941653160454,1,0.440758293838863,0.671732522796353,0,0.32120253164557,0.66403785488959,1,0.321875,1,1,1,0.32484076433121,0.320251177394035,0.32516339869281,1,1,1,0,1,0.308562197092084,0.980830670926518,0.325806451612903,0.315372424722662,0.749206349206349,1,1,1,1,1,0.0368,0.316129032258064,0.325545171339564,1,0.679245283018868,1,1,1,1,1,1,0.0047244094488189,0.3198127925117,1,0.312803889789303,1,0.301092043681747,1,1,1,1,1,0.321711568938193,1,0.512738853503185,0.32753164556962,0.32753164556962,0.317817014446228,0.325984251968504,0.3264,0.406148867313916,0.332805071315372,0.315457413249211,0.304140127388535,1,0.326498422712934,1,0.684129429892142,0.3171875,0.306976744186047,0.332278481012658,1,1,1,0.2574568288854,0.313099041533546,1,0.315705128205128,0.330218068535826,0.311897106109325,0.3171875,0.6875,1,0.325617283950617,0.316045380875203,1,0.301639344262295,1,0.310832025117739,0.322429906542056,1,1,1,0.533541341653666,1,0.688,0.0683229813664596,0.319047619047619,1,1,0.0852713178294574,0.314728682170543,0.324675324675325,1,1,0.304821150855365,0.0251968503937008,0.00322061191626409,1,1,0.341085271317829,1,1,0.308411214953271,1,1,0.318979266347687,1,1,1,1,0.330683624801272,0.314241486068111,0.325657894736842,1,1,0.668238993710692,0.322683706070288,1,0.319938176197836,0.309148264984227,1,1,1,1,1,0.325396825396825,1,1,0.103833865814696,0.333850931677019,0.486529318541997,0.3104,0.674718196457327,0.31937984496124,1,0.3088,0.335987261146497,0.256289308176101,0.325984251968504,1,0.326625386996904,1,1,1,0.311582381729201,0.325038880248834,1,0.937397034596376,0.0579710144927536,1,0.309148264984227,0.314606741573034,0.310064935064935,1,0.3265625,0.462875197472354,0.330203442879499,0.308917197452229,0.3136,0.309791332263242,1,0.318979266347687,1,1,0,1,0.320574162679426,1,1,1,0.32258064516129,1,0.310679611650485,1,0.843014128728414,1,1,1,0.317891373801917,1,1,0.312302839116719,0.314465408805031,1,1,0.31496062992126,0.18740157480315,1,1,1,0,0.313001605136437,1,0.313385826771654,0.242765273311897,1,0.682389937106918,0.426127527216174,1,1,0.67741935483871,0.702922077922078,0.351735015772871,1,0.319047619047619,1,1,0.338118022328549,1,1,0.0094488188976378,0.318611987381703,1,1,0.317741935483871,1,1,0.3104,0.34384858044164,1,1,1,0.531152647975078,0.313195548489666,0.345104333868379,0.326086956521739,0.332278481012658,0.6912,0.327102803738318,0.325,0.31378763866878,0.236507936507937,0.318327974276527,1,0.318885448916409,1,0.315789473684211,0.0751533742331288,0.0465116279069767,1,1,0.0365079365079365,1,0.686427457098284,0.0365659777424483,0.0129032258064516,1,0.68088467614534,1,1,0.5376,1,0,0.0657051282051282,1,1,1,0.33063209076175,0.647951441578149,0.692556634304207,0.996904024767802,1,0.987421383647799,0.30379746835443,0.330143540669856,1,0.307073954983923,1,0.36624203821656,0.0916398713826367,0.302694136291601,0.323574730354391,0.34125636672326,1,0.06875,1,1,1,0.253105590062112,0.326465927099842,1,0.320574162679426,1,1,0.307210031347962,1,0.320610687022901,1,0.307936507936508,0.323296354992076,1,0.679304897314376,0.321156773211568,1,0.313311688311688,0.759615384615385,0.316923076923077,0.149842271293375,0.32572298325723,0.780063291139241,0.312698412698413,1,0.318979266347687,0.337480559875583,0.291338582677165,1,1,1,0.976859504132231,0.329489291598023,1,0.320785597381342,1,0.320197044334975,0.317683881064163,1,1,1,0.931637519872814,1,0.31055900621118,0.317901234567901,1,1,0.0444078947368421,0.0699523052464229,1,1,0.313001605136437,1,1,0.311216429699842,1,1,0.677884615384615,0.529595015576324,1,0,1,1,0.0904836193447738,0.32755905511811,1,0.324717285945073,1,0.971107544141252,1,0.829953198127925,1,0.326892109500805,1,1,1,0,0.308196721311475,1,1,0.675632911392405,1,0.321086261980831,0.36833855799373,0.319554848966614,1,1,1,0.0822981366459627,0.3152,0.0761750405186386,1,0.309119010819165,0.315625,0.353312302839117,0,1,0.95968992248062,1,1,0.328025477707006,0.303599374021909,0.15224358974359,0.0351437699680511,0.317034700315457,0.311216429699842,0.318818040435459,0.00162337662337662,0.320552147239264,1,0,0.310452418096724,1,1,1,0.326120556414219,0.321428571428571,0.0290322580645161,1,0.308176100628931,0.309148264984227,1,1,0.315955766192733,0.701812191103789,1,1,0.685714285714286,1,0.31104199066874,1,0.317965023847377,0.523219814241486,0.664050235478807,0.397865853658537,1,0.289922480620155,0.315789473684211,0.679365079365079,0.668224299065421,1,0.32398753894081,1,0.317829457364341,1,0.323296354992076,0.312803889789303,0.3484375,0.517996870109546,0.320907617504052,0.30622009569378,0.660828025477707,0.319508448540707,0.13838550247117,1,0,1,0.300469483568075,1,0,0.32475884244373,0.3184,1,0.0506134969325153,1,0.0801282051282051,0.343450479233227,1,0.0586370839936609,0.664546899841017,1,1,1,0.309446254071661,0.0356037151702786,1,0.436507936507937,0.0838709677419355,0.3609375,0.318818040435459,0.321981424148607,1,1,1,1,1,0.057542768273717,0.995275590551181,0.684458398744113,0.00454545454545455,0.32018927444795,1,1,1,1,0.0780254777070064,0.31619937694704,1,1,1,1,1,1,0.484992101105845,0.00161550888529887,1,0.0706436420722135,0.321656050955414,0.432,1,0.40064620355412,0.31219512195122,0.316535433070866,1,0.0360501567398119,0.320251177394035,1,1,0.363492063492063,0.316614420062696,0.315047021943574,0.319354838709677,1,0.330128205128205,0.325508607198748,0.421630094043887,0.315286624203822,0.979527559055118,0.311450381679389,0.0726978998384491,0.325545171339564,0,1,0.0796747967479675,0.303715670436187,0.317384370015949,0.311897106109325,1,1,1,1,1,1,0.330081300813008,1,0.31139646869984,0.310810810810811,0.599364069952305,0.677884615384615,1,1,0,0.315467075038285,0.11198738170347,1,0.0302066772655008,1,1,0.323809523809524,1,1,0.623987034035656,0.413008130081301,0.997001499250375,0.0657051282051282,0.0932475884244373,1,1,1,0.0738993710691824,0,0.317683881064163,0.418641390205371,0.313971742543171,0,0.329073482428115,0.0759289176090469,1,1,0.333855799373041,0.314641744548287,0.238924050632911,0.333333333333333,0.311627906976744,0.31974921630094,1,1,0.324281150159744,1,0,1,0.216129032258065,1,0.6801872074883,1,0.311897106109325,0.308562197092084,0.0640625,0.675425038639876,1,1,0.784440842787682,0.896210873146623,0.3136,0.312703583061889,1,0.315873015873016,0.251184834123223,0.320723684210526,1,0.0927672955974843,1,1,0.316535433070866,0.681020733652313,0.310064935064935,1,1,0.299373040752351,0.306962025316456,0.32093023255814,0.850961538461538,0.314102564102564,1,0.0541795665634675,1,1,0.690140845070423,0.642969984202212,0.321782178217822,0.0509554140127389,0.322169059011164,1,1,0.308544303797468,0.325949367088608,0.622222222222222,1,0.303599374021909,0.366771159874608,0.312989045383412,0.981337480559876,0.478056426332288,0.00474683544303797,0.310725552050473,0.321044546850998,0.333333333333333,0.325242718446602,0.31875,0.96875,1,0.315132605304212,0.534539473684211,0.688102893890675,0.231611893583725,0.680395387149918,1,0.322834645669291,0.00323101777059774,0.32807570977918,0.313479623824451,0.354889589905363,0.3104,0,0.344051446945338,0.316639741518578,0.323051948051948,0.311111111111111
"383",1,1,1,1,1,1,0.715890850722311,1,1,0.100649350649351,1,0.0416024653312789,0.813311688311688,1,0.299840510366826,0.29635499207607,0.0659340659340659,0.70655737704918,1,1,0.275039745627981,0.304487179487179,1,0.162460567823344,1,0.310015898251192,0.308562197092084,1,1,0.779552715654952,0.29047619047619,0.7140625,0.959183673469388,0.306581059390048,0,1,0.54858934169279,1,0.287692307692308,1,0.677570093457944,0.692675159235669,0.699537750385208,1,1,0.306188925081433,0.301916932907348,0.302752293577982,0.30379746835443,0.31378763866878,0,1,0.299531981279251,1,1,0.481540930979133,0.56031746031746,1,1,1,0.313364055299539,0.306962025316456,0.307448494453249,0.696682464454976,1,1,0.037037037037037,1,0.0564885496183206,0.305772230889236,1,0.298578199052133,0.310569105691057,0.964573268921095,0.513343799058085,1,0.293478260869565,0.32182103610675,1,0.308319738988581,0.0916530278232406,0.309791332263242,0.314606741573034,1,0.317610062893082,1,1,1,1,0.703416149068323,1,1,0.00158730158730159,0.106976744186047,1,0.0451010886469673,0,1,0.558064516129032,0.687301587301587,1,0.0522151898734177,0.303514376996805,1,0.300940438871473,1,0.702830188679245,1,0.302066772655008,0.306603773584906,0.297507788161994,1,0.308426073131955,1,0.490566037735849,1,0.296650717703349,0.304212168486739,0.308166409861325,0.3056,0.485849056603774,0.998442367601246,0.3,0.301458670988655,1,0.287301587301587,1,1,0.333333333333333,0.525502318392581,1,0.304416403785489,1,0.0418604651162791,1,0.30077519379845,0.691573926868045,0.312401883830455,0.931637519872814,0.42443729903537,0.106451612903226,0.0988835725677831,1,1,0.3125,1,0.305936073059361,1,0.801872074882995,1,0.308306709265176,1,1,1,1,0.323763955342903,1,0.31139646869984,0.254716981132075,1,0.297169811320755,1,0.29264475743349,0.0850393700787402,1,0.301612903225806,1,1,1,0.328100470957614,1,0.317741935483871,1,0.303317535545024,1,0.314285714285714,0.0806962025316456,1,0.646579804560261,1,1,0.305331179321486,1,1,1,1,0.311501597444089,0.30030959752322,1,0.998394863563403,0.30503144654088,0.295454545454545,1,0.454545454545455,0.671232876712329,0,0.304212168486739,0.68503937007874,1,0.306962025316456,1,0.998435054773083,1,0.308056872037915,0.30564263322884,0.313213703099511,1,1,1,0,1,0.29073482428115,0.9728,0.317111459968603,0.30016051364366,0.733229329173167,1,1,1,1,1,0.0457413249211356,0.298887122416534,0.302652106084243,1,0.689547581903276,1,1,0.998415213946117,0.998435054773083,1,1,0.00465116279069767,0.324031007751938,1,0.3008,1,0.292307692307692,1,1,1,1,1,0.307568438003221,1,0.498402555910543,0.313099041533546,0.309006211180124,0.286407766990291,0.310509554140127,0.315112540192926,0.403565640194489,0.312893081761006,0.297805642633229,0.29746835443038,1,0.3168,1,0.700310559006211,0.300469483568075,0.318885448916409,0.326433121019108,1,1,1,0.261637239165329,0.299843014128728,1,0.301765650080257,0.316358024691358,0.299679487179487,0.307936507936508,0.696774193548387,1,0.309486780715397,0.309178743961353,1,0.285714285714286,1,0.303459119496855,0.296703296703297,1,1,1,0.542993630573248,1,0.710191082802548,0.0846153846153846,0.308777429467085,1,1,0.105180533751962,0.307692307692308,0.313915857605178,1,1,0.290372670807453,0.0221870047543582,0.00324675324675325,1,1,0.324451410658307,0.998394863563403,1,0.29595015576324,1,1,0.301587301587302,1,1,1,1,0.313001605136437,0.303215926493109,0.308319738988581,1,1,0.687797147385103,0.296296296296296,1,0.303405572755418,0.28414442700157,1,1,0.998430141287284,1,1,0.314285714285714,1,1,0.11470113085622,0.31974921630094,0.486529318541997,0.29746835443038,0.68312101910828,0.306853582554517,1,0.305466237942122,0.319488817891374,0.266875981161695,0.310452418096724,1,0.308641975308642,1,1,1,0.295345104333868,0.311811023622047,0.998432601880878,0.921348314606742,0.0617886178861789,1,0.297770700636943,0.306581059390048,0.302588996763754,1,0.315541601255887,0.466453674121406,0.312101910828025,0.296825396825397,0.293929712460064,0.293460925039872,1,0.302250803858521,1,1,0,1,0.312,1,1,1,0.313408723747981,1,0.304975922953451,1,0.838258164852255,1,1,1,0.304416403785489,1,1,0.290679304897314,0.300787401574803,1,1,0.302507836990596,0.191653786707883,1,0.998420221169036,1,0,0.295161290322581,1,0.297169811320755,0.241987179487179,1,0.691823899371069,0.431852986217458,1,1,0.696784073506891,0.723472668810289,0.33868378812199,1,0.308426073131955,1,1,0.32695374800638,1,0.998397435897436,0.00794912559618442,0.312796208530806,1,1,0.311004784688995,1,1,0.292993630573248,0.330721003134796,1,1,1,0.52112676056338,0.299373040752351,0.331738437001595,0.297256097560976,0.315372424722662,0.701754385964912,0.318611987381703,0.318611987381703,0.301684532924962,0.2368,0.308562197092084,1,0.310126582278481,0.998389694041868,0.309748427672956,0.0858895705521472,0.0515625,1,1,0.0362776025236593,1,0.69811320754717,0.0397456279809221,0.0129032258064516,1,0.6976,1,1,0.533333333333333,1,0,0.078525641025641,1,1,1,0.310897435897436,0.653963414634146,0.701130856219709,0.993798449612403,1,0.984251968503937,0.29393468118196,0.341194968553459,1,0.282679738562091,1,0.367507886435331,0.112540192926045,0.293291731669267,0.301412872841444,0.316053511705686,1,0.0773993808049536,1,1,1,0.253822629969419,0.314424635332253,1,0.308681672025723,1,1,0.300925925925926,1,0.303680981595092,1,0.298578199052133,0.308056872037915,1,0.692926045016077,0.302147239263804,1,0.298412698412698,0.756329113924051,0.2953125,0.165625,0.311627906976744,0.766561514195584,0.298887122416534,1,0.312989045383412,0.319685039370079,0.278816199376947,1,1,1,0.972357723577236,0.346534653465347,1,0.311774461028192,1,0.305418719211823,0.303265940902022,1,1,1,0.916139240506329,1,0.302003081664099,0.310725552050473,1,1,0.0494417862838915,0.0826580226904376,1,1,0.290064102564103,1,1,0.29635499207607,1,1,0.692789968652038,0.530516431924883,1,0,1,1,0.105754276827372,0.307814992025518,1,0.313099041533546,0.998402555910543,0.967793880837359,0.998402555910543,0.81974921630094,1,0.313408723747981,1,1,1,0,0.305418719211823,1,1,0.682182985553772,1,0.305295950155763,0.351181102362205,0.300476947535771,1,1,1,0.0942812982998454,0.306089743589744,0.0904684975767367,0.998392282958199,0.30030959752322,0.294488188976378,0.343354430379747,0,1,0.955766192733017,1,1,0.312903225806452,0.286604361370716,0.161084529505582,0.0384615384615385,0.307324840764331,0.294952681388013,0.31619937694704,0.00161550888529887,0.304075235109718,1,0,0.304821150855365,1,1,1,0.300155520995334,0.308411214953271,0.0354838709677419,1,0.305379746835443,0.294585987261146,1,1,0.305732484076433,0.707993474714519,1,1,0.704,1,0.294851794071763,1,0.302547770700637,0.524767801857585,0.683307332293292,0.393846153846154,1,0.282642089093702,0.300955414012739,0.69375,0.684782608695652,1,0.309748427672956,1,0.305426356589147,1,0.309677419354839,0.30016051364366,0.347003154574132,0.515673981191223,0.306946688206785,0.296178343949045,0.678233438485804,0.300925925925926,0.15670436187399,1,0,1,0.282051282051282,1,0,0.310177705977383,0.304975922953451,1,0.0548780487804878,1,0.0936995153473344,0.328025477707006,1,0.0664556962025316,0.682888540031397,1,1,1,0.299342105263158,0.0406885758998435,1,0.41692789968652,0.105263157894737,0.344287949921753,0.30188679245283,0.309707241910632,1,1,1,1,1,0.0652503793626707,0.995348837209302,0.702028081123245,0.00448430493273543,0.305246422893482,1,1,1,1,0.0899053627760252,0.299382716049383,1,1,1,1,1,1,0.491525423728814,0.00161550888529887,1,0.0870917573872473,0.306477093206951,0.440625,1,0.384991843393148,0.296235679214403,0.297380585516179,1,0.0379746835443038,0.301092043681747,1,1,0.368,0.298136645962733,0.299050632911392,0.307692307692308,0.9984375,0.317460317460317,0.302215189873418,0.41185647425897,0.304487179487179,0.975039001560062,0.296466973886329,0.0815660685154976,0.308917197452229,0,1,0.0917874396135266,0.30016051364366,0.306477093206951,0.310015898251192,1,1,1,1,1,1,0.315705128205128,1,0.301282051282051,0.301184433164129,0.585557299843014,0.698234349919743,1,1,0,0.299079754601227,0.126182965299685,0.998468606431853,0.0332278481012658,1,1,0.303715670436187,1,1,0.616613418530351,0.405537459283388,0.995488721804511,0.0853462157809984,0.101777059773829,1,1,1,0.0907643312101911,0,0.301538461538462,0.418897637795276,0.298921417565485,0,0.310177705977383,0.087378640776699,1,1,0.304212168486739,0.304416403785489,0.240829346092504,0.318770226537217,0.296703296703297,0.304821150855365,1,1,0.312903225806452,1,0,1,0.221169036334913,1,0.694267515923567,1,0.294585987261146,0.292407108239095,0.0754716981132075,0.691943127962085,1,1,0.806962025316456,0.892739273927393,0.312302839116719,0.308823529411765,1,0.311320754716981,0.254807692307692,0.302134646962233,1,0.10625,1,1,0.298578199052133,0.694041867954911,0.295454545454545,1,1,0.291798107255521,0.293185419968304,0.301857585139319,0.840322580645161,0.300324675324675,1,0.0574162679425837,1,1,0.711145996860283,0.662440570522979,0.311290322580645,0.0524642289348172,0.311501597444089,1,1,0.294212218649518,0.30952380952381,0.623417721518987,1,0.29393468118196,0.358814352574103,0.295774647887324,0.982945736434109,0.476575121163166,0.00315955766192733,0.2953125,0.309597523219814,0.312297734627832,0.304838709677419,0.304281345565749,0.971830985915493,1,0.300632911392405,0.553017944535073,0.694805194805195,0.235387045813586,0.693311582381729,1,0.306603773584906,0.00318979266347687,0.308917197452229,0.297971918876755,0.350793650793651,0.310177705977383,0,0.31974921630094,0.307692307692308,0.310177705977383,0.300787401574803
"384",0.291472868217054,0.3015625,0.313178294573643,0.320433436532508,0.31201248049922,0.297939778129952,0.0113085621970921,0.308917197452229,0.30188679245283,0.578606158833063,0.316436251920123,0.653125,0.517829457364341,0.304416403785489,1,1,0.62826420890937,0,0.31496062992126,0.299689440993789,1,1,0.312788906009245,0.517080745341615,0.306501547987616,1,1,0.325806451612903,0.301857585139319,0.527821939586645,1,0.5895865237366,0.363777089783282,0.996835443037975,0.675078864353312,0.308943089430894,0.134883720930233,0.31651376146789,1,0.290571870170015,0.00154559505409583,0,0,0.322834645669291,0.303317535545024,1,0.995319812792512,1,1,1,0.699059561128527,0.316957210776545,1,0.315047021943574,0.308411214953271,0.8176,0.124605678233438,0.307692307692308,0.30781010719755,0.314553990610329,0.992343032159265,1,1,0.00470957613814757,0.309061488673139,0.303875968992248,0.669826224328594,0.316358024691358,0.612708018154312,1,0.308641975308642,1,1,0.272141706924316,0.1640625,0.309309309309309,1,0.995419847328244,0.308411214953271,1,0.60650406504065,1,1,0.319083969465649,1,0.316265060240964,0.300476947535771,0.322429906542056,0.308777429467085,0,0.308426073131955,0.313161875945537,0.697160883280757,0.583975346687211,0.3,0.648567119155354,0.68895800933126,0.301538461538462,0.12379421221865,0,0.304552590266876,0.624223602484472,1,0.306581059390048,1,0.30829420970266,0,0.308411214953271,1,1,1,0.295031055900621,0.996889580093313,0.318181818181818,0.208841463414634,0.299093655589124,1,0.38,1,1,0.206471494607088,0.30625,1,1,0.318952234206472,1,0.312688821752266,0.312121212121212,0.367029548989114,0.763993948562784,0.314606741573034,1,0.318611987381703,0.637724550898204,0.326366559485531,1,0.00153139356814701,1,0.369734789391576,0.886581469648562,0.585023400936037,0.598449612403101,0.303937007874016,0.313694267515924,1,0.307453416149068,1,0.302839116719243,0.499219968798752,0.311450381679389,1,0.306376360808709,0.3078125,0.320063694267516,0.32120253164557,1,0.296703296703297,1,0.433846153846154,0.310769230769231,1,0.313935681470138,1,0.592823712948518,0.307448494453249,1,0.31104199066874,0.306748466257669,0.320754716981132,0.986217457886677,0.319875776397516,1,0.317610062893082,1,0.303715670436187,1,0.595679012345679,0.297971918876755,0.0357723577235772,0.287301587301587,0.309006211180124,1,0.293375394321767,0.311349693251534,0.303738317757009,0.322932917316693,1,1,0.316455696202532,0.3125,1,1,0.313271604938272,0.240683229813665,0.0239880059970015,0.698289269051322,1,0.00157977883096367,0.302891933028919,1,0.312,0.297872340425532,0.3109375,0.996899224806202,1,1,0.30920060331825,0.310618066561014,0.307219662058372,0.682965299684543,0.294753086419753,1,0.333850931677019,1,1,0.442879499217527,0.310618066561014,0.31441717791411,0.319182389937107,0.297971918876755,0.307210031347962,0.651017214397496,1,1,0.310769230769231,0.00463678516228748,0.316666666666667,0.310502283105023,0.311320754716981,0.296296296296296,0.288401253918495,0.30952380952381,0.707547169811321,0.360983102918587,0.30030487804878,1,0.315457413249211,1,0.301391035548686,0.297124600638978,0.301109350237718,0.321656050955414,0.305863708399366,1,0.314329738058552,0.798412698412698,1,1,0.998402555910543,1,1,0.889415481832543,1,1,1,0.310291858678955,1,0.315286624203822,0,1,0.3890625,1,0.3125,0.314375987361769,0.308056872037915,0.422712933753943,1,0.321538461538462,1,1,1,1,0,0.300940438871473,1,1,0.319314641744548,1,0.306625577812018,1,1,0.303937007874016,0.31687898089172,0.294117647058824,0.148205928237129,0.31629392971246,0,0.596096096096096,1,0.311077389984825,0.312302839116719,0.591679506933744,1,1,0.325806451612903,0.31974921630094,1,0.665615141955836,0.709779179810726,0.296825396825397,0.308562197092084,0.995405819295559,0.314814814814815,0.295731707317073,1,0.310344827586207,0.302325581395349,1,0.292721518987342,0.313572542901716,0.307210031347962,0.312597200622084,1,1,1,0.3,0.317610062893082,0.00777604976671851,0.992223950233281,0.321766561514196,1,1,0.306870229007634,0.318952234206472,0.291666666666667,0.309148264984227,0.304347826086957,1,0.294303797468354,0.305379746835443,0.570967741935484,1,0.836507936507937,1,0,1,0.314503816793893,1,1,0.430091185410334,1,0.30952380952381,1,0.305164319248826,0.300787401574803,0.305295950155763,1,1,0.29984544049459,0.391585760517799,0.617784711388456,0.294488188976378,1,1,1,0.313195548489666,1,0.210608424336973,1,1,1,1,0.313271604938272,1,0.306320907617504,0.324409448818898,0.683229813664596,0.290880503144654,1,0.313271604938272,0.306990881458967,0.297427652733119,1,0.29320987654321,1,0.325227963525836,0.471494607087827,0.309968847352025,0.315955766192733,0.312307692307692,1,0.312302839116719,0.290679304897314,1,1,0.313664596273292,0.304075235109718,1,0.482334869431644,0.302250803858521,0.317972350230415,0.327102803738318,0.690993788819876,1,0.294871794871795,1,0.424960505529226,0.300476947535771,0,0.879204892966361,0.308176100628931,0.309636650868878,0,0.0233644859813084,0.9776,0.309486780715397,1,0.296238244514107,0.313504823151125,1,0.308641975308642,0.312,0.68025078369906,1,0.312210200927357,0.313880126182965,1,0.304615384615385,0.290529695024077,1,0.344186046511628,0.296529968454259,0.304347826086957,0.319685039370079,0.799387442572741,1,0.981072555205047,1,1,0.00158227848101266,1,0.995238095238095,1,0.439252336448598,0.998407643312102,0.302891933028919,0.993865030674847,0.326498422712934,0.996889580093313,0.612121212121212,0.63482280431433,0.30568356374808,0.310872894333844,0.650393700787402,0.309178743961353,0,0.64375,0.692429022082019,0.305810397553517,0.00156985871271586,0.309006211180124,0.304012345679012,0.769592476489028,0.317829457364341,0.695652173913043,0.60377358490566,0.308544303797468,0.306625577812018,0.285046728971963,1,0.031390134529148,0,0.305993690851735,0.313664596273292,0.325581395348837,1,0.341653666146646,0.310185185185185,1,0.298165137614679,0.934579439252336,0.576243980738363,1,1,0.993366500829187,0.310502283105023,0.606481481481482,0.316265060240964,0.300970873786408,0.307332293291732,0.426810477657935,1,0.301261829652997,1,0.315789473684211,0.302588996763754,1,0.318611987381703,1,0.3109375,1,1,0.311145510835913,0,1,0.307692307692308,1,0.565687789799073,1,0.510835913312694,1,0.558359621451104,1,0.303514376996805,1,1,1,0.299373040752351,0.315372424722662,0.313455657492355,0.343354430379747,0.337133550488599,0.302936630602782,1,0.321316614420063,1,1,0.31839258114374,0.314696485623003,0.305471124620061,0.379905808477237,0.321156773211568,1,1,0.318818040435459,0.316211878009631,0.636363636363636,0.595611285266458,0.306153846153846,0.311004784688995,1,0.30077519379845,0.307926829268293,0.993817619783617,0.294212218649518,0.304012345679012,0,0.145962732919255,0.306349206349206,0.683183183183183,0.302507836990596,0.320610687022901,0.600303951367781,0.996875,0.305863708399366,1,0.304482225656878,0.341121495327103,0.311004784688995,0.472136222910217,0.308527131782946,1,0.311145510835913,0.315457413249211,0.326892109500805,0.697388632872504,1,0.319620253164557,0.309119010819165,0,0.322137404580153,1,0.954616588419405,1,0.312210200927357,0.317757009345794,0.30503144654088,0.592987804878049,1,0.596184419713832,0.322327044025157,1,1,0.960061443932412,0.681458003169572,0.319620253164557,0.348982785602504,0.311349693251534,0.308641975308642,1,1,0.515873015873016,0.639937106918239,1,1,1,0.70253164556962,1,0.311926605504587,0.694704049844237,1,0.312210200927357,0.306962025316456,0.308892355694228,0.998473282442748,1,0.654838709677419,0.314814814814815,1,1,0.32258064516129,0.305555555555556,1,0,0.31378763866878,0.301412872841444,0.00622083981337481,0.314024390243902,1,0.311004784688995,1,0.155251141552511,0,0.900452488687783,0.316770186335404,1,1,0,0.00153846153846154,0.322884012539185,1,0.304975922953451,0.998491704374057,0.304075235109718,1,0.998420221169036,0.961240310077519,0.773082942097027,1,1,0.00467289719626168,1,0.52442996742671,0.318611987381703,0.684615384615385,0.322188449848024,1,0.2984375,0.687010954616588,1,1,0.308306709265176,0.627272727272727,0.319018404907975,0.600315955766193,0.97045101088647,0.325878594249201,0.612654320987654,0.0138461538461538,0.302290076335878,0.311827956989247,0.311627906976744,1,0.648854961832061,0.295731707317073,0.896713615023474,0.589540412044374,0.966463414634146,1,1,0.303125,0.329073482428115,0.304552590266876,0.301538461538462,0.307453416149068,0.622526636225266,0.297872340425532,0,0.680722891566265,0.998463901689708,0.320373250388802,0.299050632911392,0.305111821086262,0.308049535603715,0.609105180533752,1,0.320552147239264,0.328616352201258,0.322222222222222,0.311912225705329,0.303875968992248,0.301412872841444,0.201201201201201,0.687697160883281,0.302839116719243,0.60741885625966,1,0.242990654205607,0.312597200622084,0.918918918918919,1,1,0.306976744186047,0.642633228840125,1,0.305426356589147,0.294670846394984,0.956591639871383,1,1,0.9968,0.311077389984825,1,1,0.892913385826772,1,0.344667697063369,1,0.591935483870968,1,0.682170542635659,0.307332293291732,0.600624024960998,1,1,0.993769470404984,0.314900153609831,0.312989045383412,0.3216,0.314241486068111,0.317307692307692,0.312,0.982511923688394,0.310185185185185,1,1,0.719135802469136,0,0.307219662058372,0.315467075038285,0.689922480620155,1,0.565625,0.317147192716237,0.656200941915228,0.303317535545024,0.303079416531605,1,0.308661417322835,0.307941653160454,0.688188976377953,0.909688013136289,0.312965722801788,0.609250398724083,0.584541062801932,0.31733746130031,0.313385826771654,0.293291731669267,0.597503900156006,0.692660550458716,1,0.888372093023256,1,0.672782874617737,0.998422712933754,0.593354430379747,0.308777429467085,0.314785373608903,1,1,0.434579439252336,0.993690851735016,0.996865203761755,1,0.306853582554517,0.313572542901716,1,0.307462686567164,0.688854489164087,0.317757009345794,0.462757527733756,0.29570747217806,0,0.304615384615385,1,1,0.6046875,0.0015600624024961,0.319314641744548,0.311526479750779,0.0995334370139969,0.406003159557662,1,1,0.30030959752322,1,0.419003115264797,1,0.32312404287902,0.590214067278288,0.316614420062696,0.311708860759494,1,0,1,0.297906602254428,0.310077519379845,1,1,1,0.447409733124019,1,0.3109375,0.621913580246914,0.321156773211568,0.309033280507132,0.00154798761609907,0.046656298600311,1,0.630841121495327,1,0.317034700315457,0.317230273752013,1,1,0.158385093167702,0.305164319248826,1,0.901689708141321,1,0.316998468606432,0.211690363349131,0.673374613003096,1,1,1,1,1,0.27760736196319,0.290625,1,0.119162640901771,0.00156494522691706,0.441358024691358,0,0.320251177394035,1,0.693522906793049,1,1,0.88646967340591,1,0.689708141321045,1,1,1,1
"385",0.292993630573248,0.312693498452012,0.305993690851735,0.326984126984127,0.3198127925117,0.303599374021909,0.0144694533762058,0.312893081761006,0.309597523219814,0.581583198707593,0.316358024691358,0.642745709828393,0.515772870662461,0.310725552050473,1,1,0.627943485086342,0,0.327044025157233,0.305164319248826,1,1,0.312788906009245,0.5140625,0.30781010719755,1,1,0.32952691680261,0.302431610942249,0.51685393258427,1,0.58641975308642,0.356037151702786,0.998427672955975,0.672413793103448,0.308319738988581,0.146153846153846,0.315301391035549,1,0.301684532924962,0.003125,0,0,0.328100470957614,0.304416403785489,1,0.995260663507109,1,1,1,0.693023255813954,0.320063694267516,1,0.317535545023697,0.31104199066874,0.807631160572337,0.122641509433962,0.318818040435459,0.309707241910632,0.312796208530806,0.993827160493827,1,1,0.0062015503875969,0.312599681020734,0.314900153609831,0.668269230769231,0.31911532385466,0.621823617339312,1,0.312210200927357,1,1,0.278582930756844,0.167974882260597,0.312977099236641,1,0.995297805642633,0.316279069767442,1,0.606451612903226,1,1,0.321316614420063,1,0.322085889570552,0.304552590266876,0.321428571428571,0.321316614420063,0,0.315955766192733,0.321212121212121,0.69478527607362,0.580495356037152,0.307210031347962,0.642201834862385,0.684782608695652,0.305555555555556,0.13452188006483,0,0.307692307692308,0.626391096979332,1,0.307814992025518,1,0.309859154929577,0,0.316692667706708,1,1,1,0.306501547987616,0.996870109546166,0.319620253164557,0.207373271889401,0.3,1,0.374223602484472,1,1,0.207606973058637,0.309748427672956,1,1,0.319444444444444,1,0.310708898944193,0.305471124620061,0.365777080062794,0.759455370650529,0.311004784688995,1,0.32755905511811,0.633484162895928,0.33063209076175,1,0.00158982511923688,1,0.370716510903427,0.882636655948553,0.591482649842271,0.598726114649682,0.311320754716981,0.317307692307692,1,0.309033280507132,1,0.297637795275591,0.503048780487805,0.321212121212121,1,0.307324840764331,0.320813771517997,0.3125,0.31974921630094,1,0.300469483568075,1,0.440944881889764,0.321928460342146,1,0.316846986089645,1,0.599358974358974,0.313099041533546,1,0.3125,0.30521472392638,0.326465927099842,0.989096573208723,0.31974921630094,1,0.317535545023697,1,0.314754098360656,1,0.603421461897356,0.291925465838509,0.0323624595469256,0.2944,0.315625,1,0.300787401574803,0.30952380952381,0.315955766192733,0.321981424148607,1,1,0.323151125401929,0.315625,1,1,0.321592649310873,0.243451463790447,0.0196078431372549,0.693037974683544,1,0.00317460317460317,0.317484662576687,1,0.314009661835749,0.300613496932515,0.304212168486739,0.996865203761755,1,1,0.320610687022901,0.319488817891374,0.310185185185185,0.681528662420382,0.304416403785489,1,0.330733229329173,1,1,0.44391785150079,0.318471337579618,0.312693498452012,0.319938176197836,0.291858678955453,0.306946688206785,0.648818897637795,1,1,0.311827956989247,0.00307219662058372,0.324074074074074,0.308868501529052,0.311216429699842,0.306976744186047,0.306122448979592,0.310136157337368,0.702160493827161,0.362385321100917,0.300155520995334,1,0.318611987381703,1,0.304012345679012,0.305164319248826,0.300157977883096,0.32182103610675,0.305825242718447,1,0.316923076923077,0.792125984251968,1,1,0.996794871794872,1,1,0.892455858747994,1,1,1,0.309230769230769,1,0.320325203252033,0,1,0.381901840490798,1,0.32018927444795,0.315955766192733,0.309148264984227,0.419047619047619,1,0.318252730109204,1,1,1,1,0,0.312401883830455,1,1,0.311708860759494,1,0.318112633181126,1,1,0.307936507936508,0.319554848966614,0.294209702660407,0.161490683229814,0.325914149443561,0,0.59726443768997,1,0.31651376146789,0.315955766192733,0.58125,1,1,0.322006472491909,0.321316614420063,1,0.65210608424337,0.707278481012658,0.296,0.314516129032258,0.99388379204893,0.321259842519685,0.298642533936652,1,0.310832025117739,0.302325581395349,1,0.305164319248826,0.311605723370429,0.300763358778626,0.315625,1,1,1,0.303174603174603,0.317535545023697,0.00924499229583975,0.99211356466877,0.31629392971246,1,1,0.300763358778626,0.319444444444444,0.300925925925926,0.307692307692308,0.3078125,1,0.308056872037915,0.302066772655008,0.57051282051282,1,0.833594976452119,1,0,1,0.319758672699849,1,1,0.414596273291925,0.998475609756098,0.315955766192733,1,0.303738317757009,0.299531981279251,0.306278713629403,1,1,0.311145510835913,0.393203883495146,0.6198738170347,0.292993630573248,1,1,1,0.310509554140127,1,0.2125,1,1,1,1,0.317073170731707,1,0.311793214862682,0.329173166926677,0.688372093023256,0.300476947535771,1,0.313755795981453,0.312210200927357,0.312903225806452,1,0.30920060331825,1,0.314589665653495,0.475384615384615,0.316692667706708,0.318471337579618,0.306027820710974,1,0.314465408805031,0.300787401574803,1,1,0.316846986089645,0.30298273155416,1,0.478328173374613,0.3,0.322429906542056,0.322085889570552,0.687692307692308,1,0.295345104333868,1,0.417721518987342,0.306349206349206,0,0.874223602484472,0.317384370015949,0.312597200622084,0,0.0266875981161695,0.9828125,0.306477093206951,1,0.3125,0.308562197092084,1,0.321372854914197,0.313195548489666,0.676923076923077,1,0.316957210776545,0.316118935837246,1,0.308777429467085,0.304838709677419,1,0.342146189735614,0.306836248012719,0.315132605304212,0.327044025157233,0.790199081163859,1,0.979462875197472,1,1,0.00157232704402516,1,0.995341614906832,1,0.429936305732484,0.998389694041868,0.303215926493109,0.995475113122172,0.329133858267717,0.996904024767802,0.611963190184049,0.631741140215716,0.313755795981453,0.312597200622084,0.637658227848101,0.31378763866878,0,0.637083993660856,0.68503937007874,0.314641744548287,0.00154798761609907,0.303405572755418,0.297045101088647,0.764240506329114,0.32,0.691222570532915,0.590909090909091,0.313572542901716,0.316846986089645,0.294488188976378,1,0.03003003003003,0,0.31733746130031,0.330733229329173,0.329738058551618,1,0.34009360374415,0.310077519379845,1,0.303875968992248,0.933962264150943,0.572555205047319,1,1,0.995008319467554,0.315467075038285,0.60763358778626,0.317073170731707,0.310457516339869,0.306376360808709,0.425113464447806,1,0.302652106084243,1,0.310618066561014,0.315705128205128,1,0.31687898089172,1,0.31875,1,1,0.315301391035549,0,1,0.317829457364341,1,0.567140600315956,1,0.511811023622047,1,0.561904761904762,1,0.312,1,1,1,0.305164319248826,0.319685039370079,0.312883435582822,0.339774557165862,0.341423948220065,0.3046875,1,0.320251177394035,1,1,0.3203125,0.308056872037915,0.305084745762712,0.384735202492212,0.322033898305085,1,1,0.313364055299539,0.316129032258064,0.647527910685805,0.596153846153846,0.313572542901716,0.317683881064163,1,0.304212168486739,0.308035714285714,0.993720565149137,0.30064308681672,0.306501547987616,0,0.149773071104387,0.308892355694228,0.690119760479042,0.3046875,0.318818040435459,0.605222734254992,0.998439937597504,0.305863708399366,1,0.313755795981453,0.344391785150079,0.312210200927357,0.480122324159021,0.313880126182965,1,0.313664596273292,0.310344827586207,0.323717948717949,0.688751926040062,1,0.315286624203822,0.313271604938272,0,0.313455657492355,0.998439937597504,0.948757763975155,1,0.306278713629403,0.321981424148607,0.307448494453249,0.59480122324159,1,0.595813204508857,0.326984126984127,1,1,0.967692307692308,0.681318681318681,0.325471698113208,0.35625,0.316923076923077,0.312307692307692,1,1,0.512618296529968,0.640866873065015,1,1,0.998480243161094,0.69620253164557,1,0.316590563165906,0.692789968652038,1,0.327692307692308,0.309859154929577,0.3140625,0.998466257668712,1,0.65086887835703,0.31619937694704,1,1,0.319875776397516,0.310291858678955,0.998449612403101,0,0.308661417322835,0.301261829652997,0.00632911392405063,0.307339449541284,1,0.3056,1,0.158950617283951,0,0.903522205206738,0.322378716744914,1,1,0,0.00153374233128834,0.320813771517997,1,0.314696485623003,0.996960486322188,0.297770700636943,1,0.998430141287284,0.958204334365325,0.778637770897833,1,1,0.00467289719626168,1,0.519543973941368,0.322222222222222,0.67741935483871,0.316436251920123,1,0.296178343949045,0.67981072555205,1,1,0.305732484076433,0.618759455370651,0.316770186335404,0.593059936908517,0.972929936305732,0.327188940092166,0.609794628751975,0.0124804992199688,0.310344827586207,0.313755795981453,0.315548780487805,1,0.641653905053599,0.305426356589147,0.881977671451356,0.597110754414125,0.969512195121951,1,1,0.304953560371517,0.326984126984127,0.306581059390048,0.301391035548686,0.314728682170543,0.625377643504532,0.300153139356815,0,0.681681681681682,1,0.316279069767442,0.303656597774245,0.310789049919485,0.310502283105023,0.607476635514019,1,0.33030303030303,0.327586206896552,0.331168831168831,0.323899371069182,0.312597200622084,0.300940438871473,0.20679012345679,0.68312101910828,0.320126782884311,0.600917431192661,1,0.24375,0.309375,0.91283676703645,1,1,0.30379746835443,0.644615384615385,1,0.310291858678955,0.2984375,0.954041204437401,1,1,0.9984,0.316692667706708,1,1,0.896661367249603,1,0.341121495327103,1,0.5888,1,0.672307692307692,0.307210031347962,0.604465709728868,1,1,0.993670886075949,0.316436251920123,0.315789473684211,0.320388349514563,0.312788906009245,0.317307692307692,0.317891373801917,0.984126984126984,0.308777429467085,1,1,0.7140625,0,0.319571865443425,0.310872894333844,0.679389312977099,1,0.561014263074485,0.316590563165906,0.647335423197492,0.303599374021909,0.319422150882825,1,0.307692307692308,0.3125,0.686119873817035,0.904065040650406,0.317577548005908,0.602870813397129,0.587579617834395,0.31859756097561,0.324324324324324,0.302936630602782,0.602150537634409,0.68380062305296,1,0.885579937304075,1,0.670807453416149,0.998392282958199,0.591194968553459,0.318681318681319,0.317152103559871,1,1,0.437106918238994,0.993640699523052,0.998461538461539,1,0.305379746835443,0.321483771251932,1,0.313988095238095,0.689230769230769,0.323390894819466,0.457547169811321,0.293650793650794,0,0.298921417565485,1,1,0.595348837209302,0.00155038759689922,0.32398753894081,0.3198127925117,0.102362204724409,0.416932907348243,1,1,0.303125,1,0.405705229793978,1,0.322289156626506,0.59375,0.321372854914197,0.3125,1,0,1,0.308306709265176,0.313479623824451,1,1,1,0.434231378763867,1,0.311811023622047,0.625,0.318461538461538,0.316720257234727,0.0015552099533437,0.0440251572327044,1,0.628125,1,0.317610062893082,0.320574162679426,1,1,0.162246489859594,0.305295950155763,1,0.901215805471125,1,0.314728682170543,0.204113924050633,0.681538461538462,1,1,1,1,1,0.280674846625767,0.296875,1,0.1232,0.00157728706624606,0.4375,0,0.317034700315457,1,0.67948717948718,1,1,0.884375,1,0.683969465648855,1,1,1,1
"386",1,1,1,1,1,1,0.701754385964912,1,1,0.094551282051282,1,0.0403100775193798,0.812302839116719,1,0.324921135646688,0.309375,0.0618238021638331,0.676948051948052,1,1,0.292913385826772,0.314785373608903,1,0.155905511811024,1,0.324116743471582,0.314102564102564,1,1,0.788643533123028,0.308426073131955,0.726708074534162,0.96583850931677,0.320813771517997,0,1,0.540958268933539,1,0.307807807807808,1,0.664086687306502,0.685358255451713,0.689497716894977,1,1,0.315372424722662,0.31839258114374,0.31651376146789,0.319938176197836,0.327245053272451,0,1,0.312307692307692,1,1,0.4976,0.557507987220447,1,1,1,0.330275229357798,0.3203125,0.320574162679426,0.675,1,1,0.0334394904458599,1,0.0542168674698795,0.317411402157165,1,0.318611987381703,0.3216,0.967845659163987,0.510869565217391,1,0.307332293291732,0.333846153846154,1,0.315619967793881,0.0912,0.331230283911672,0.330769230769231,1,0.328197226502311,1,1,1,1,0.694444444444444,1,1,0.00156985871271586,0.101694915254237,1,0.0412844036697248,0,1,0.558966074313409,0.6734375,1,0.0518867924528302,0.3171875,1,0.315132605304212,1,0.682098765432099,1,0.314728682170543,0.32018927444795,0.322085889570552,1,0.330188679245283,1,0.493827160493827,1,0.3203125,0.297674418604651,0.321592649310873,0.322784810126582,0.479813664596273,1,0.320987654320988,0.318471337579618,1,0.306990881458967,1,1,0.328149300155521,0.542424242424242,1,0.323529411764706,1,0.0405405405405405,1,0.313455657492355,0.669242658423493,0.330745341614907,0.9359375,0.429497568881686,0.102643856920684,0.093603744149766,1,1,0.341772151898734,1,0.324242424242424,1,0.811349693251534,1,0.331189710610932,1,1,1,1,0.329704510108865,1,0.327044025157233,0.255742725880551,1,0.31651376146789,1,0.300462249614792,0.088785046728972,1,0.310618066561014,1,1,1,0.343465045592705,1,0.328100470957614,1,0.309486780715397,1,0.319182389937107,0.075968992248062,1,0.63739837398374,1,1,0.318181818181818,1,1,1,1,0.327073552425665,0.312210200927357,1,1,0.315950920245399,0.307448494453249,1,0.437596302003082,0.660633484162896,0,0.327639751552795,0.6640625,1,0.327743902439024,1,1,1,0.315384615384615,0.319148936170213,0.33122028526149,1,1,1,0,1,0.314241486068111,0.973186119873817,0.317610062893082,0.309148264984227,0.750387596899225,1,1,1,1,1,0.0390015600624025,0.320251177394035,0.320552147239264,1,0.674382716049383,1,1,0.998454404945904,1,1,1,0.0031055900621118,0.32,1,0.317384370015949,1,0.30503144654088,1,1,1,1,1,0.322834645669291,1,0.511848341232227,0.334379905808477,0.327769347496206,0.315955766192733,0.329704510108865,0.3328,0.414944356120827,0.337461300309598,0.317262830482115,0.318252730109204,1,0.330721003134796,1,0.677862595419847,0.315789473684211,0.30781010719755,0.333860759493671,1,1,1,0.26148969889065,0.310077519379845,1,0.320126782884311,0.331811263318113,0.314728682170543,0.317901234567901,0.681181959564541,1,0.317073170731707,0.313291139240506,1,0.304140127388535,1,0.316109422492401,0.324492979719189,1,1,1,0.539308176100629,1,0.6921875,0.0824587706146927,0.328682170542636,1,1,0.0917431192660551,0.32,0.327503974562798,1,1,0.309230769230769,0.0247678018575851,0.00159744408945687,1,1,0.337367624810893,1,1,0.309486780715397,1,1,0.31974921630094,1,1,1,1,0.33175355450237,0.314674735249622,0.331179321486268,1,1,0.668217054263566,0.326053042121685,1,0.318318318318318,0.302507836990596,1,1,1,1,1,0.330203442879499,1,1,0.101910828025478,0.337442218798151,0.494488188976378,0.315541601255887,0.669266770670827,0.318818040435459,1,0.311811023622047,0.340189873417722,0.252713178294574,0.321981424148607,1,0.328808446455505,1,1,1,0.315541601255887,0.323170731707317,1,0.928455284552846,0.0598425196850394,1,0.314814814814815,0.325396825396825,0.315541601255887,1,0.329268292682927,0.469418960244648,0.33125,0.3125,0.310618066561014,0.310126582278481,1,0.324921135646688,1,1,0,1,0.326984126984127,1,1,1,0.329173166926677,1,0.3168,1,0.832822085889571,1,1,1,0.320121951219512,1,1,0.313664596273292,0.316846986089645,1,1,0.311728395061728,0.185867895545315,1,1,1,0,0.317034700315457,1,0.310452418096724,0.234920634920635,1,0.669242658423493,0.435857805255023,1,1,0.675635276532138,0.699537750385208,0.350387596899225,1,0.325581395348837,1,1,0.328125,1,1,0.00631911532385466,0.331768388106416,1,1,0.324960753532182,1,1,0.312302839116719,0.328197226502311,1,1,1,0.543343653250774,0.306976744186047,0.345483359746434,0.322338830584708,0.339035769828927,0.679936305732484,0.325115562403698,0.331782945736434,0.321044546850998,0.235015772870662,0.324281150159744,1,0.322727272727273,1,0.315217391304348,0.0776255707762557,0.0449612403100775,1,1,0.0351145038167939,1,0.68348623853211,0.0404354587869362,0.00946372239747634,1,0.68503937007874,1,1,0.544740973312402,1,0,0.0691318327974277,1,1,1,0.326923076923077,0.646359583952452,0.684039087947883,0.993948562783661,1,0.986089644513138,0.305900621118012,0.343354430379747,1,0.301261829652997,1,0.368827160493827,0.100313479623824,0.312307692307692,0.323170731707317,0.347039473684211,1,0.0779816513761468,1,1,1,0.254185692541857,0.324324324324324,1,0.327073552425665,1,1,0.314503816793893,1,0.324773413897281,1,0.311708860759494,0.326086956521739,1,0.675,0.317293233082707,1,0.315286624203822,0.760432766615147,0.311450381679389,0.155172413793103,0.3202416918429,0.773940345368917,0.307086614173228,1,0.324534161490683,0.345679012345679,0.300153139356815,1,1,1,0.975922953451043,0.344992050874404,1,0.324409448818898,1,0.324590163934426,0.318385650224215,1,1,1,0.924764890282132,1,0.308641975308642,0.321428571428571,1,1,0.0423197492163009,0.0792393026941363,1,1,0.312401883830455,1,1,0.313880126182965,1,1,0.679506933744222,0.532924961715161,1,0,1,1,0.0929878048780488,0.3265625,1,0.325077399380805,1,0.968652037617555,1,0.826153846153846,1,0.331707317073171,1,1,1,0,0.317891373801917,1,1,0.669826224328594,1,0.317757009345794,0.361111111111111,0.321428571428571,1,1,1,0.0880989180834621,0.326465927099842,0.0870967741935484,1,0.31619937694704,0.309707241910632,0.355932203389831,0,1,0.960815047021944,1,1,0.319182389937107,0.301075268817204,0.16031746031746,0.0346456692913386,0.324451410658307,0.315217391304348,0.334360554699538,0.0015748031496063,0.313084112149533,1,0,0.319938176197836,1,1,1,0.318461538461538,0.329803328290469,0.0290322580645161,1,0.317262830482115,0.308641975308642,1,1,0.322932917316693,0.69047619047619,1,1,0.690031152647975,1,0.305810397553517,1,0.31832298136646,0.532724505327245,0.666156202143951,0.401526717557252,1,0.30441400304414,0.3203125,0.683563748079877,0.660060975609756,1,0.321538461538462,1,0.334332833583208,1,0.3171875,0.315457413249211,0.352307692307692,0.519877675840979,0.321711568938193,0.318681318681319,0.663536776212833,0.323076923076923,0.142628205128205,1,0,1,0.300940438871473,1,0,0.325581395348837,0.3184,1,0.0512820512820513,1,0.0817610062893082,0.339009287925697,1,0.0590062111801242,0.668231611893584,1,1,1,0.318255250403877,0.0365296803652968,1,0.4265625,0.0913385826771654,0.360983102918587,0.322480620155039,0.324200913242009,1,1,1,1,1,0.0601503759398496,0.998468606431853,0.681114551083591,0.00296296296296296,0.321044546850998,1,1,1,1,0.0852713178294574,0.319444444444444,1,1,1,1,1,1,0.490015360983103,0.00158982511923688,1,0.0820433436532508,0.316279069767442,0.4328125,1,0.3859375,0.314845024469821,0.311627906976744,1,0.0368663594470046,0.324031007751938,1,1,0.369158878504673,0.314814814814815,0.316614420062696,0.328478964401294,1,0.328548644338118,0.325153374233129,0.416403785488959,0.3171875,0.974164133738602,0.313636363636364,0.0790322580645161,0.33179012345679,0,1,0.0859872611464968,0.313291139240506,0.325471698113208,0.321259842519685,1,1,1,1,1,1,0.33015873015873,1,0.320433436532508,0.313725490196078,0.603448275862069,0.680445151033386,1,1,0,0.315548780487805,0.113207547169811,1,0.0309119010819165,1,1,0.323943661971831,1,1,0.630645161290323,0.414910858995138,0.997019374068554,0.0782747603833866,0.0916271721958926,1,1,1,0.0849056603773585,0,0.315151515151515,0.420970266040689,0.316187594553706,0,0.320634920634921,0.0825545171339564,1,1,0.322137404580153,0.320552147239264,0.234009360374415,0.335443037974684,0.308641975308642,0.31733746130031,1,1,0.327503974562798,1,0,1,0.224842767295597,1,0.673913043478261,1,0.316118935837246,0.307324840764331,0.0735068912710567,0.670212765957447,1,1,0.781395348837209,0.894991922455573,0.319620253164557,0.317384370015949,1,0.322884012539185,0.252713178294574,0.318979266347687,1,0.101246105919003,1,1,0.324534161490683,0.670967741935484,0.310344827586207,1,1,0.304482225656878,0.313846153846154,0.321752265861027,0.852201257861635,0.314873417721519,1,0.0523076923076923,1,1,0.69431643625192,0.65210608424337,0.330173775671406,0.0518867924528302,0.324031007751938,1,1,0.309859154929577,0.337559429477021,0.617924528301887,1,0.313364055299539,0.371385083713851,0.313572542901716,0.982998454404946,0.4671875,0.0031055900621118,0.30757341576507,0.324655436447167,0.326923076923077,0.320251177394035,0.319213313161876,0.970858895705521,1,0.318461538461538,0.545893719806763,0.676751592356688,0.230769230769231,0.690322580645161,1,0.32,0.0015600624024961,0.329721362229102,0.318461538461538,0.369230769230769,0.317111459968603,0,0.341049382716049,0.31911532385466,0.328616352201258,0.313385826771654
"387",1,1,1,1,1,1,0.713153724247227,1,1,0.0964630225080386,1,0.0432766615146832,0.825878594249201,1,0.305732484076433,0.294851794071763,0.0610687022900763,0.695652173913043,1,1,0.285261489698891,0.308892355694228,1,0.154320987654321,1,0.325038880248834,0.310509554140127,1,1,0.786053882725832,0.303265940902022,0.727975270479134,0.959247648902821,0.306477093206951,0,1,0.548895899053628,1,0.290964777947933,1,0.673469387755102,0.684044233807267,0.698630136986301,1,1,0.304761904761905,0.305295950155763,0.304147465437788,0.314728682170543,0.316998468606432,0,1,0.307926829268293,1,1,0.490506329113924,0.565560821484992,1,1,1,0.321428571428571,0.308056872037915,0.30298273155416,0.686614173228347,1,1,0.0393081761006289,1,0.0569715142428786,0.320552147239264,1,0.308411214953271,0.313001605136437,0.96969696969697,0.523664122137405,1,0.304012345679012,0.323529411764706,1,0.312698412698413,0.0825242718446602,0.311926605504587,0.320634920634921,1,0.325581395348837,1,1,1,1,0.698924731182796,1,1,0,0.104361370716511,1,0.0442748091603053,0,1,0.5718901453958,0.67879746835443,1,0.0566929133858268,0.30503144654088,1,0.302839116719243,1,0.697063369397218,1,0.315132605304212,0.3125,0.309006211180124,1,0.323899371069182,1,0.5,1,0.30503144654088,0.295665634674923,0.318885448916409,0.312893081761006,0.49144634525661,0.998452012383901,0.312977099236641,0.305466237942122,1,0.299531981279251,1,1,0.331782945736434,0.534743202416918,1,0.306976744186047,1,0.0379362670713202,1,0.309119010819165,0.682242990654206,0.315625,0.932283464566929,0.424193548387097,0.0993788819875776,0.0929133858267717,1,1,0.32348367029549,1,0.31306990881459,1,0.80952380952381,1,0.316455696202532,1,1,1,1,0.31924882629108,1,0.317965023847377,0.252663622526636,1,0.304482225656878,1,0.295665634674923,0.0830670926517572,1,0.307324840764331,1,1,1,0.335394126738794,1,0.320063694267516,1,0.302507836990596,1,0.311912225705329,0.0757341576506955,1,0.634460547504026,1,1,0.315789473684211,1,1,1,1,0.316770186335404,0.304615384615385,1,0.998427672955975,0.310872894333844,0.298887122416534,1,0.451010886469673,0.671191553544495,0,0.305295950155763,0.673879443585781,1,0.313546423135464,1,0.998449612403101,1,0.300155520995334,0.318529862174579,0.330143540669856,1,1,1,0,1,0.299684542586751,0.973228346456693,0.323899371069182,0.299373040752351,0.760061919504644,1,1,1,1,1,0.0427215189873418,0.316455696202532,0.322033898305085,1,0.689922480620155,1,1,0.998449612403101,0.998456790123457,1,1,0.0015625,0.320182094081942,1,0.299843014128728,1,0.29393468118196,1,1,1,1,1,0.313479623824451,1,0.507086614173228,0.32398753894081,0.316770186335404,0.3136,0.315457413249211,0.318252730109204,0.417840375586854,0.324615384615385,0.312597200622084,0.298136645962733,1,0.312401883830455,1,0.695852534562212,0.300155520995334,0.308049535603715,0.326465927099842,1,1,1,0.259083728278041,0.30564263322884,1,0.321259842519685,0.321266968325792,0.298299845440495,0.308396946564885,0.695583596214511,1,0.312788906009245,0.310236220472441,1,0.294975688816856,1,0.305084745762712,0.303599374021909,1,1,1,0.540540540540541,1,0.700617283950617,0.0753012048192771,0.31055900621118,1,1,0.0921658986175115,0.312594840667678,0.323296354992076,1,1,0.299236641221374,0.0202808112324493,0.00158227848101266,1,1,0.322289156626506,0.998430141287284,1,0.30757341576507,1,1,0.312989045383412,1,1,1,1,0.3171875,0.305135951661631,0.316211878009631,1,1,0.675344563552833,0.315950920245399,1,0.30640243902439,0.290372670807453,1,1,0.998449612403101,1,1,0.315789473684211,1,1,0.103392568659128,0.330218068535826,0.483568075117371,0.298245614035088,0.683544303797468,0.314641744548287,1,0.300157977883096,0.321875,0.253105590062112,0.314329738058552,1,0.31570996978852,1,1,1,0.3015625,0.31969696969697,0.998439937597504,0.924558587479936,0.0635930047694754,1,0.303599374021909,0.320695102685624,0.310015898251192,1,0.323529411764706,0.482704402515723,0.315625,0.302034428794992,0.303030303030303,0.299373040752351,1,0.308544303797468,1,1,0,1,0.30625,1,1,1,0.323343848580442,1,0.303459119496855,1,0.8421875,1,1,1,0.304747320061256,1,1,0.304075235109718,0.30298273155416,1,1,0.302795031055901,0.182235834609495,1,0.998456790123457,1,0,0.306477093206951,1,0.299531981279251,0.239747634069401,1,0.679012345679012,0.426605504587156,1,1,0.685240963855422,0.713375796178344,0.340694006309148,1,0.310077519379845,1,1,0.324881141045959,1,0.998412698412698,0.00474683544303797,0.317411402157165,1,1,0.309904153354633,1,1,0.300314465408805,0.335889570552147,1,1,1,0.51702786377709,0.302469135802469,0.330188679245283,0.317629179331307,0.327188940092166,0.703937007874016,0.324074074074074,0.317610062893082,0.306027820710974,0.238021638330757,0.30952380952381,1,0.312977099236641,0.998432601880878,0.310077519379845,0.0795107033639144,0.0476190476190476,1,1,0.0370942812982998,1,0.69431643625192,0.0405616224648986,0.00788643533123028,1,0.68895800933126,1,1,0.537735849056604,1,0,0.06957928802589,1,1,1,0.311605723370429,0.65037037037037,0.704654895666132,0.996918335901387,1,0.9858934169279,0.297169811320755,0.337519623233909,1,0.295886075949367,1,0.3640625,0.102523659305994,0.304747320061256,0.310030395136778,0.332220367278798,1,0.08,1,1,1,0.261205564142195,0.3184,1,0.316535433070866,1,1,0.300911854103343,1,0.318862275449102,1,0.303656597774245,0.313195548489666,1,0.684458398744113,0.309815950920245,1,0.304278922345483,0.765432098765432,0.312594840667678,0.158631415241058,0.3125,0.770932069510269,0.303174603174603,1,0.314984709480122,0.332302936630603,0.283950617283951,1,1,1,0.972624798711755,0.346774193548387,1,0.313291139240506,1,0.303571428571429,0.303405572755418,1,1,1,0.921135646687697,1,0.297256097560976,0.319444444444444,1,1,0.048,0.0732484076433121,1,1,0.302694136291601,1,1,0.304416403785489,1,1,0.689230769230769,0.53822629969419,1,0,1,1,0.0972222222222222,0.312401883830455,1,0.310344827586207,0.998435054773083,0.965408805031447,0.998444790046656,0.827217125382263,1,0.323671497584541,1,1,1,0,0.302931596091205,1,1,0.680685358255452,1,0.310344827586207,0.351393188854489,0.315047021943574,1,1,1,0.0925925925925926,0.310509554140127,0.0836012861736334,0.998435054773083,0.303265940902022,0.300153139356815,0.334883720930233,0,1,0.960998439937597,1,1,0.309636650868878,0.296803652968037,0.161490683229814,0.0390015600624025,0.306376360808709,0.300314465408805,0.311145510835913,0,0.299065420560748,1,0,0.305900621118012,1,1,1,0.308755760368664,0.317147192716237,0.0336,1,0.310344827586207,0.30521472392638,1,1,0.306748466257669,0.696343402225755,1,1,0.699212598425197,1,0.301391035548686,1,0.307570977917981,0.536923076923077,0.679506933744222,0.403030303030303,1,0.290273556231003,0.302795031055901,0.68348623853211,0.677067082683307,1,0.319444444444444,1,0.311926605504587,1,0.30564263322884,0.29874213836478,0.342679127725857,0.517884914463453,0.314102564102564,0.299212598425197,0.672413793103448,0.312788906009245,0.149593495934959,1,0,1,0.286624203821656,1,0,0.315372424722662,0.310344827586207,1,0.0547112462006079,1,0.0834645669291339,0.323854660347551,1,0.0676100628930818,0.68025078369906,1,1,1,0.303079416531605,0.0364741641337386,1,0.4208,0.0936507936507937,0.345201238390093,0.314641744548287,0.314814814814815,1,1,1,1,1,0.0647590361445783,0.995391705069124,0.69701726844584,0.00149253731343284,0.314814814814815,1,1,1,1,0.0839813374805599,0.307692307692308,1,1,1,1,1,1,0.496987951807229,0,1,0.0861538461538462,0.310832025117739,0.44620253164557,1,0.381933438985737,0.303130148270181,0.301391035548686,1,0.035548686244204,0.313755795981453,1,1,0.367834394904459,0.297090352220521,0.302362204724409,0.312,0.998459167950693,0.3125,0.309119010819165,0.39968152866242,0.310344827586207,0.973886328725038,0.306870229007634,0.0787781350482315,0.313572542901716,0,1,0.0894568690095847,0.297939778129952,0.311811023622047,0.303459119496855,1,1,1,1,1,1,0.325984251968504,1,0.30564263322884,0.312811980033278,0.596302003081664,0.688888888888889,1,1,0,0.309230769230769,0.11937984496124,0.998482549317147,0.0357142857142857,1,1,0.305993690851735,1,1,0.626391096979332,0.40655737704918,0.995508982035928,0.0769230769230769,0.0962145110410095,1,1,1,0.084375,0,0.314900153609831,0.417721518987342,0.303353658536585,0,0.317965023847377,0.0839936608557845,1,1,0.315870570107858,0.304821150855365,0.2359375,0.324921135646688,0.308510638297872,0.309968847352025,1,1,0.318541996830428,1,0,1,0.214953271028037,1,0.682098765432099,1,0.309748427672956,0.304761904761905,0.0793157076205288,0.682098765432099,1,1,0.793375394321767,0.900489396411093,0.31619937694704,0.303599374021909,1,0.308426073131955,0.252764612954186,0.31496062992126,1,0.0998463901689708,1,1,0.310832025117739,0.688394276629571,0.301435406698565,1,1,0.299843014128728,0.297674418604651,0.310975609756098,0.847133757961783,0.305466237942122,1,0.0527131782945736,1,1,0.702619414483821,0.654205607476635,0.315286624203822,0.0543478260869565,0.308917197452229,1,1,0.300314465408805,0.319685039370079,0.634408602150538,1,0.310606060606061,0.366564417177914,0.304012345679012,0.981679389312977,0.481658692185008,0.00307692307692308,0.295031055900621,0.318181818181818,0.314606741573034,0.303656597774245,0.314503816793893,0.975757575757576,1,0.30077519379845,0.557507987220447,0.697160883280757,0.244094488188976,0.690322580645161,1,0.311526479750779,0.00314465408805031,0.319314641744548,0.299065420560748,0.360983102918587,0.309636650868878,0,0.32753164556962,0.307570977917981,0.310725552050473,0.310344827586207
"388",0.294871794871795,0.312111801242236,0.315707620528771,0.324492979719189,0.303875968992248,0.301435406698565,0.0095389507154213,0.31687898089172,0.31937984496124,0.588516746411483,0.317829457364341,0.643302180685358,0.510204081632653,0.320251177394035,1,1,0.625,0,0.319182389937107,0.306729264475743,1,1,0.313178294573643,0.520865533230294,0.298780487804878,1,1,0.330658105939005,0.299689440993789,0.5168,1,0.591049382716049,0.369631901840491,0.996870109546166,0.674491392801252,0.318032786885246,0.137007874015748,0.313846153846154,1,0.301684532924962,0.00157977883096367,0,0,0.322169059011164,0.305164319248826,1,0.996835443037975,1,1,1,0.692068429237947,0.323809523809524,1,0.316692667706708,0.311248073959938,0.8234375,0.113564668769716,0.308176100628931,0.310452418096724,0.312989045383412,0.990769230769231,1,1,0.00311526479750779,0.315619967793881,0.317829457364341,0.656200941915228,0.318681318681319,0.616207951070336,1,0.31733746130031,1,1,0.270700636942675,0.161787365177196,0.307339449541284,1,0.996951219512195,0.315151515151515,1,0.609756097560976,1,1,0.318461538461538,1,0.31859756097561,0.307332293291732,0.316118935837246,0.322327044025157,0,0.312302839116719,0.319340329835082,0.699376947040498,0.591194968553459,0.30564263322884,0.650914634146341,0.685534591194969,0.306625577812018,0.124006359300477,0,0.301587301587302,0.630573248407643,1,0.301612903225806,1,0.308777429467085,0,0.315301391035549,1,1,1,0.29984544049459,0.996904024767802,0.316846986089645,0.205479452054795,0.301223241590214,1,0.378461538461538,1,1,0.207547169811321,0.308641975308642,1,1,0.320668693009119,1,0.312312312312312,0.313546423135464,0.361769352290679,0.760180995475113,0.307317073170732,1,0.32484076433121,0.637747336377473,0.330143540669856,1,0.0015527950310559,1,0.370892018779343,0.892628205128205,0.588328075709779,0.6,0.310236220472441,0.314516129032258,1,0.312111801242236,1,0.299065420560748,0.5,0.316436251920123,1,0.300623052959502,0.3109375,0.3198127925117,0.313572542901716,1,0.297805642633229,1,0.440184049079755,0.319875776397516,1,0.314503816793893,1,0.601246105919003,0.313195548489666,1,0.316037735849057,0.309707241910632,0.320754716981132,0.987767584097859,0.316692667706708,1,0.314873417721519,1,0.309677419354839,1,0.598449612403101,0.292259083728278,0.0353697749196141,0.291666666666667,0.303875968992248,1,0.308166409861325,0.315625,0.314728682170543,0.324960753532182,1,1,0.306349206349206,0.317972350230415,1,1,0.322480620155039,0.234567901234568,0.0209267563527653,0.693877551020408,1,0.0015552099533437,0.309341500765697,1,0.310015898251192,0.304675716440422,0.303875968992248,0.996889580093313,1,1,0.320610687022901,0.303079416531605,0.312693498452012,0.683881064162754,0.295208655332303,1,0.332814930015552,1,1,0.436923076923077,0.320251177394035,0.313364055299539,0.320754716981132,0.29984544049459,0.306962025316456,0.645569620253165,1,1,0.308166409861325,0.00460829493087558,0.319148936170213,0.31306990881459,0.316957210776545,0.301223241590214,0.297169811320755,0.31390134529148,0.701378254211332,0.361832061068702,0.304147465437788,1,0.316118935837246,1,0.303265940902022,0.305511811023622,0.302652106084243,0.322115384615385,0.302737520128824,1,0.31839258114374,0.7921875,1,1,0.998422712933754,1,1,0.897314375987362,1,1,1,0.315068493150685,1,0.312202852614897,0,1,0.391768292682927,1,0.31378763866878,0.319182389937107,0.306603773584906,0.420560747663551,1,0.316279069767442,1,1,1,1,0,0.308056872037915,1,1,0.318252730109204,1,0.308527131782946,1,1,0.301109350237718,0.32,0.297213622291022,0.146189735614308,0.3248,0,0.6,1,0.309006211180124,0.316279069767442,0.588235294117647,1,1,0.318327974276527,0.31924882629108,1,0.668740279937792,0.70253164556962,0.304487179487179,0.310509554140127,0.995419847328244,0.324074074074074,0.299093655589124,1,0.307332293291732,0.298761609907121,1,0.306501547987616,0.312401883830455,0.305164319248826,0.311627906976744,1,1,1,0.301092043681747,0.321766561514196,0.0062015503875969,0.99375,0.315024232633279,1,1,0.303215926493109,0.323943661971831,0.300911854103343,0.313572542901716,0.303265940902022,1,0.304897314375987,0.307210031347962,0.579872204472843,1,0.839370078740157,1,0,1,0.316109422492401,1,1,0.427457098283931,1,0.314553990610329,1,0.299065420560748,0.300623052959502,0.307692307692308,1,1,0.31832298136646,0.390127388535032,0.615748031496063,0.30064308681672,1,1,1,0.305466237942122,1,0.202808112324493,1,1,1,1,0.318529862174579,1,0.304347826086957,0.326530612244898,0.687697160883281,0.3008,1,0.313755795981453,0.312307692307692,0.309446254071661,1,0.302003081664099,1,0.316998468606432,0.472613458528951,0.314814814814815,0.313195548489666,0.313455657492355,1,0.31496062992126,0.302507836990596,1,1,0.311728395061728,0.302795031055901,1,0.489230769230769,0.312302839116719,0.321928460342146,0.323170731707317,0.68266253869969,1,0.289137380191693,1,0.421800947867299,0.302694136291601,0,0.884792626728111,0.311004784688995,0.313178294573643,0,0.0294117647058824,0.979365079365079,0.309375,1,0.301242236024845,0.309904153354633,1,0.321928460342146,0.309486780715397,0.672839506172839,1,0.315217391304348,0.314873417721519,1,0.301538461538462,0.2992,1,0.341085271317829,0.313291139240506,0.31441717791411,0.332312404287902,0.791277258566978,1,0.979527559055118,1,1,0.0015625,1,0.993827160493827,1,0.4399375975039,0.998405103668262,0.301684532924962,0.993911719939117,0.326018808777429,0.996875,0.614803625377644,0.634969325153374,0.317557251908397,0.306153846153846,0.643642072213501,0.313694267515924,0,0.635367762128325,0.689381933438986,0.310872894333844,0.00154559505409583,0.310077519379845,0.293663060278207,0.76813880126183,0.317484662576687,0.691588785046729,0.59775641025641,0.312210200927357,0.315301391035549,0.297339593114241,1,0.0265095729013255,0,0.312597200622084,0.321428571428571,0.322480620155039,1,0.343122102009274,0.31055900621118,1,0.293663060278207,0.936608557844691,0.580188679245283,1,1,0.995008319467554,0.30781010719755,0.614678899082569,0.312874251497006,0.312,0.304953560371517,0.429447852760736,1,0.301916932907348,1,0.3136,0.309178743961353,1,0.312698412698413,1,0.31832298136646,1,1,0.309859154929577,0,1,0.320872274143302,1,0.558502340093604,1,0.516079632465544,1,0.558869701726845,1,0.307568438003221,1,1,1,0.301710730948678,0.320813771517997,0.312024353120244,0.34775641025641,0.331715210355987,0.305900621118012,1,0.320813771517997,1,1,0.31911532385466,0.316614420062696,0.308527131782946,0.380434782608696,0.313455657492355,1,1,0.322033898305085,0.313099041533546,0.633870967741936,0.59375,0.31201248049922,0.310832025117739,1,0.2984375,0.314759036144578,0.993700787401575,0.310289389067524,0.303125,0,0.136923076923077,0.310236220472441,0.684848484848485,0.3046875,0.317829457364341,0.605783866057839,0.996835443037975,0.310509554140127,1,0.309748427672956,0.343898573692552,0.314728682170543,0.472477064220183,0.313385826771654,1,0.316692667706708,0.318681318681319,0.3184,0.697108066971081,1,0.317965023847377,0.308641975308642,0,0.31733746130031,1,0.952086553323029,1,0.317073170731707,0.314152410575428,0.311320754716981,0.595744680851064,1,0.60031847133758,0.330173775671406,1,1,0.962674961119751,0.68503937007874,0.321316614420063,0.34984520123839,0.319444444444444,0.317972350230415,1,1,0.512539184952978,0.636932707355243,1,1,1,0.694753577106518,1,0.320552147239264,0.688473520249221,1,0.314553990610329,0.317111459968603,0.31619937694704,0.998459167950693,1,0.647819063004846,0.31875,1,1,0.317757009345794,0.311728395061728,1,0,0.306962025316456,0.307332293291732,0.00469483568075117,0.304084720121029,1,0.301302931596091,1,0.148710166919575,0,0.909228441754917,0.322530864197531,1,1,0,0.00152671755725191,0.318681318681319,1,0.307568438003221,0.998470948012232,0.306477093206951,1,0.998412698412698,0.962616822429907,0.768867924528302,1,1,0.00313971742543171,1,0.521951219512195,0.316037735849057,0.678955453149002,0.317683881064163,1,0.306122448979592,0.689547581903276,1,1,0.315955766192733,0.626323751891074,0.324031007751938,0.5936,0.973143759873618,0.326086956521739,0.609984399375975,0.0108359133126935,0.300314465408805,0.314503816793893,0.312307692307692,1,0.642526964560863,0.301391035548686,0.897035881435257,0.593247588424437,0.965045592705167,1,1,0.303599374021909,0.3312,0.304278922345483,0.305343511450382,0.308892355694228,0.623493975903614,0.294656488549618,0,0.685975609756098,0.998447204968944,0.31201248049922,0.299689440993789,0.312796208530806,0.313546423135464,0.612654320987654,1,0.331278890600925,0.32967032967033,0.322006472491909,0.316614420062696,0.31055900621118,0.314285714285714,0.194189602446483,0.684210526315789,0.309262166405024,0.607692307692308,1,0.237129485179407,0.3140625,0.925750394944708,1,1,0.303875968992248,0.644305772230889,1,0.308282208588957,0.298904538341158,0.952830188679245,1,1,0.996830427892235,0.318952234206472,1,1,0.902668759811617,1,0.335889570552147,1,0.595779220779221,1,0.682170542635659,0.307448494453249,0.601880877742947,1,1,0.992138364779874,0.324159021406728,0.316436251920123,0.3232,0.316770186335404,0.315873015873016,0.317034700315457,0.984227129337539,0.306501547987616,1,1,0.710730948678072,0,0.310664605873261,0.311145510835913,0.691489361702128,1,0.573643410852713,0.313636363636364,0.652582159624413,0.30564263322884,0.305732484076433,1,0.304897314375987,0.310855263157895,0.690938511326861,0.9088,0.315946348733234,0.615262321144674,0.585826771653543,0.319314641744548,0.319620253164557,0.295665634674923,0.59375,0.685624012638231,1,0.896875,1,0.669218989280245,0.998405103668262,0.593301435406699,0.307332293291732,0.317034700315457,1,1,0.447900466562986,0.995238095238095,0.996978851963746,1,0.308661417322835,0.326120556414219,1,0.307004470938897,0.686728395061728,0.320251177394035,0.465079365079365,0.288216560509554,0,0.299382716049383,1,1,0.593457943925234,0.00154320987654321,0.32093023255814,0.315873015873016,0.0965189873417722,0.41025641025641,1,1,0.310452418096724,1,0.417840375586854,1,0.32572298325723,0.59594383775351,0.313178294573643,0.315541601255887,1,0,1,0.302066772655008,0.319620253164557,1,1,1,0.437898089171975,1,0.314900153609831,0.62691131498471,0.319508448540707,0.315112540192926,0.00154798761609907,0.0404354587869362,1,0.626984126984127,1,0.320251177394035,0.324281150159744,1,1,0.155864197530864,0.303265940902022,1,0.906441717791411,1,0.315950920245399,0.205087440381558,0.676380368098159,1,1,1,1,1,0.285271317829457,0.292758089368259,1,0.115942028985507,0.00161290322580645,0.442218798151002,0,0.320754716981132,1,0.688783570300158,1,1,0.898278560250391,1,0.688172043010753,1,1,1,1
"389",0.199372056514914,0.184615384615385,0.195685670261941,0.181818181818182,0.187017001545595,0.202472952086553,0.4913112164297,0.192429022082019,0.199692780337942,0.927444794952681,0.192716236722307,0.859541984732824,0.0362204724409449,0.182926829268293,0.487421383647799,0.490853658536585,0.890743550834598,0.525,0.185185185185185,0.184899845916795,0.498456790123457,0.496124031007752,0.197247706422018,0.957317073170732,0.212893553223388,0.469512195121951,0.480252764612954,0.199052132701422,0.2,0.104199066874028,0.493150684931507,0.0952380952380952,0.160550458715596,0.482758620689655,0.819905213270142,0.184294871794872,0.671253822629969,0.1898355754858,0.491097922848665,0.189024390243902,0.541411042944785,0.514592933947773,0.524242424242424,0.185647425897036,0.184834123222749,0.473767885532591,0.485362095531587,0.478063540090772,0.475113122171946,0.474732006125574,0.818873668188737,0.183385579937304,0.478129713423831,0.183076923076923,0.197226502311248,0.298600311041991,0.649068322981366,0.188854489164087,0.195384615384615,0.190993788819876,0.47583081570997,0.474576271186441,0.486780715396579,0.534883720930233,0.199372056514914,0.207317073170732,0.854489164086687,0.192604006163328,0.879821958456973,0.468892261001517,0.185298621745789,0.47581903276131,0.472527472527473,0.241214057507987,0.683257918552036,0.193164933135215,0.491679273827534,0.455792682926829,0.180576631259484,0.477848101265823,0.910236220472441,0.465116279069767,0.469767441860465,0.191780821917808,0.462709284627093,0.185128983308042,0.198449612403101,0.183641975308642,0.185534591194969,0.509833585476551,0.180555555555556,0.186746987951807,0.808282208588957,0.915407854984894,0.188589540412044,0.865963855421687,0.821752265861027,0.179723502304147,0.64576802507837,0.533333333333333,0.190402476780186,0.882170542635659,0.498442367601246,0.195892575039494,0.482225656877898,0.188854489164087,0.531393568147014,0.192955589586524,0.483024691358025,0.478328173374613,0.464012251148545,0.19969512195122,0.469230769230769,0.182926829268293,0.726858877086495,0.195195195195195,0.476923076923077,0.920731707317073,0.465671641791045,0.477449455676516,0.746522411128284,0.18,0.471212121212121,0.483464566929134,0.178678678678679,0.5,0.195230998509687,0.191265060240964,0.888372093023256,0.594594594594595,0.188679245283019,0.488549618320611,0.190031152647975,0.863905325443787,0.178515007898894,0.477996965098634,0.534848484848485,0.473926380368098,0.126153846153846,0.600633914421553,0.917829457364341,0.91499227202473,0.19047619047619,0.187004754358162,0.474732006125574,0.182795698924731,0.474626865671642,0.193498452012384,0.0496987951807229,0.194074074074074,0.479495268138801,0.182527301092044,0.189814814814815,0.195583596214511,0.182380216383308,0.465007776049767,0.192604006163328,0.479198767334361,0.956259426847662,0.190839694656489,0.48780487804878,0.19311377245509,0.496960486322188,0.895148669796557,0.187004754358162,0.475667189952904,0.20516717325228,0.199692780337942,0.188562596599691,0.466153846153846,0.197226502311248,0.471138845553822,0.185298621745789,0.469953775038521,0.189490445859873,0.469578783151326,0.898484848484848,0.189522342064715,0.5792,0.183962264150943,0.189024390243902,0.494470774091627,0.187116564417178,0.194444444444444,0.193939393939394,0.191424196018377,0.484662576687117,0.476335877862595,0.184952978056426,0.186259541984733,0.474397590361446,0.488924050632911,0.183206106870229,0.745839636913767,0.547864506627393,0.802163833075734,0.47926267281106,0.53858024691358,0.192424242424242,0.470676691729323,0.198738170347003,0.187214611872146,0.181114551083591,0.483076923076923,0.491754122938531,0.472783825816485,0.195488721804511,0.195583596214511,0.181543116490166,0.830985915492958,0.195046439628483,0.485981308411215,0.162327718223583,0.478056426332288,0.48780487804878,0.43969465648855,0.190402476780186,0.183890577507599,0.186153846153846,0.19634703196347,0.184952978056426,0.858231707317073,0.4625,0.479326186830015,0.193893129770992,0.519938650306748,0.18208516886931,0.192878338278932,0.202177293934681,0.19482496194825,0.204018547140649,0.188427299703264,0.806451612903226,0.898791540785498,0.200913242009132,0.4828125,0.183229813664596,0.487767584097859,0.18989280245023,0.182527301092044,0.183229813664596,0.185534591194969,0.192982456140351,0.46417445482866,0.191904047976012,0.274418604651163,0.46594427244582,0.472477064220183,0.498452012383901,0.482280431432974,0.46875,0.575663026521061,0.465331278890601,0.459041731066461,0.477862595419847,0.202143950995406,0.469860896445131,0.180511182108626,0.513595166163142,0.472136222910217,0.908545727136432,0.472783825816485,0.188383045525903,0.188562596599691,0.193199381761978,0.955246913580247,0.493920972644377,0.179331306990881,0.465116279069767,0.477544910179641,0.473200612557427,0.485584218512898,0.516279069767442,0.186046511627907,0.476479514415782,0.486739469578783,0.183641975308642,0.488853503184713,0.186466165413534,0.478129713423831,0.499229583975347,0.182098765432099,0.177847113884555,0.190108191653787,0.684129429892142,0.181533646322379,0.513761467889908,0.895988112927192,0.469040247678019,0.195121951219512,0.190402476780186,0.915773353751914,0.474085365853659,0.472929936305732,0.189873417721519,0.184375,0.482706766917293,0.832822085889571,0.80690737833595,0.191063174114022,0.193650793650794,0.47289156626506,0.187793427230047,0.197037037037037,0.475757575757576,0.194189602446483,0.191780821917808,0.477449455676516,0.194144838212635,0.189814814814815,0.190769230769231,0.190769230769231,0.471406491499227,0.490312965722802,0.475513428120063,0.191424196018377,0.192846034214619,0.533232628398791,0.472868217054264,0.178233438485804,0.481146304675716,0.489263803680982,0.193353474320242,0.182634730538922,0.19629057187017,0.188180404354588,0.191424196018377,0.474576271186441,0.190031152647975,0.195348837209302,0.913657770800628,0.466966966966967,0.605546995377504,0.489859594383775,0.516279069767442,0.472972972972973,0.183703703703704,0.495384615384615,0.468454258675079,0.952887537993921,0.484066767830046,0.189952904238619,0.484351713859911,0.186728395061728,0.186728395061728,0.194610778443114,0.492260061919505,0.496969696969697,0.190402476780186,0.101587301587302,0.8796875,0.197204968944099,0.477726574500768,0.469767441860465,0.4770206022187,0.177952755905512,0.469079939668175,0.734567901234568,0.467987804878049,0.488479262672811,0.481889763779528,0.483619344773791,0.186830015313936,0.481012658227848,0.186009538950715,0.191063174114022,0.816541353383459,0.19188767550702,0.475894245723173,0.192660550458716,0.189969604863222,0.179080824088748,0.477657935285054,0.197586726998492,0.480438184663537,0.18452380952381,0.0438729198184569,0.205837173579109,0.183962264150943,0.18558282208589,0.492354740061162,0.18740157480315,0.191653786707883,0.482334869431644,0.478328173374613,0.185867895545315,0.182235834609495,0.489230769230769,1,0.18740157480315,0.191717791411043,0.172256097560976,0.807692307692308,0.491499227202473,0.19175911251981,0.483076923076923,0.946319018404908,0.190993788819876,0.515981735159817,0.360606060606061,0.188383045525903,0.183641975308642,0.530280649926145,0.5015625,0.462365591397849,0.195348837209302,0.478328173374613,0.183925811437403,0.181674565560821,0.475077881619938,0.190909090909091,0.193199381761978,0.818873668188737,0.467075038284839,0.194144838212635,0.174803149606299,0.479559748427673,0.189473684210526,0.186119873817035,0.484423676012461,0.866359447004608,0.184782608695652,0.195158850226929,0.184210526315789,0.268292682926829,0.489329268292683,0.511520737327189,0.482089552238806,0.480061349693252,0.52639751552795,0.46412213740458,0.467791411042945,0.48948948948949,0.958652373660031,0.479495268138801,0.196374622356495,0.481203007518797,0.188854489164087,0.477064220183486,0.901345291479821,0.859281437125748,0.183183183183183,0.2,0.866564417177914,0.181240063593005,0.515695067264574,0.867175572519084,0.825545171339564,0.183333333333333,0.514637904468413,0.191717791411043,0.185410334346505,0.613104524180967,0.191717791411043,0.806748466257669,0.912140575079872,0.192604006163328,0.194570135746606,0.214618973561431,0.472222222222222,0.552129221732746,0.4992,0.209090909090909,0.186259541984733,0.158295281582953,0.496932515337423,0.87175572519084,0.18960244648318,0.478672985781991,0.181818181818182,0.426829268292683,0.919937205651491,0.487841945288754,0.475903614457831,0.469721767594108,0.193984962406015,0.903177004538578,0.194902548725637,0.186813186813187,0.18361153262519,0.947932618683001,0.464454976303318,0.200312989045383,0.49144634525661,0.196513470681458,0.192063492063492,0.477341389728097,0.190327613104524,0.479289940828402,0.1850699844479,0.492211838006231,0.47906976744186,0.188163884673748,0.531881804043546,0.485074626865672,0.18960244648318,0.488262910798122,0.13089802130898,0.487951807228916,0.95187969924812,0.474777448071217,0.0890937019969278,0.484472049689441,0.206022187004754,0.47166921898928,0.462006079027356,0.505409582689335,0.190327613104524,0.193302891933029,0.191330343796712,0.161084529505582,0.859934853420195,0.186153846153846,0.47244094488189,0.185358255451713,0.492845786963434,0.488755622188906,0.191717791411043,0.183673469387755,0.183890577507599,0.103610675039246,0.183734939759036,0.487841945288754,0.487878787878788,0.188163884673748,0.185015290519878,0.877742946708464,0.897832817337461,0.189473684210526,0.1828125,0.486739469578783,0.199386503067485,0.192192192192192,0.479389312977099,0.206299212598425,0.182235834609495,0.512345679012346,0.676691729323308,0.188473520249221,0.807069219440353,0.196923076923077,0.188449848024316,0.906766917293233,0.48382126348228,0.1828125,0.467889908256881,0.184375,0.165378670788253,0.207165109034268,0.0377073906485671,0.191588785046729,0.480252764612954,0.193548387096774,0.188679245283019,0.180533751962323,0.823439878234399,0.480645161290323,0.180817610062893,0.188073394495413,0.519025875190259,0.186830015313936,0.486238532110092,0.445288753799392,0.476263399693721,0.191904047976012,0.19047619047619,0.194401244167963,0.914414414414414,0.46656298600311,0.898573692551506,0.175654853620955,0.48103186646434,0.49615975422427,0.439509954058193,0.813169984686064,0.191290824261275,0.135802469135802,0.179723502304147,0.197836166924266,0.462382445141066,0.478978978978979,0.95968992248062,0.852713178294574,0.48531684698609,0.477449455676516,0.458521870286576,0.816037735849057,0.479876160990712,0.193061840120664,0.806501547987616,0.482549317147193,0.189312977099237,0.184615384615385,0.194189602446483,0.484802431610942,0.479820627802691,0.8672,0.191424196018377,0.498442367601246,0.485540334855403,0.186830015313936,0.196946564885496,0.484567901234568,0.509646302250804,0.177115987460815,0.1921875,0.521806853582555,0.186943620178042,0.498489425981873,0.208530805687204,0.493846153846154,0.69683257918552,0.535552193645991,0.592203898050975,0.1875,0.486486486486487,0.477064220183486,0.516030534351145,0.533333333333333,0.190184049079755,0.474809160305344,0.191455696202532,0.48,0.177018633540373,0.466458658346334,0.491365777080063,0.444615384615385,0.540958268933539,0.475077881619938,0.492957746478873,0.533127889060092,0.484756097560976,0.944968553459119,0.172839506172839,0.817091454272864,0.183767228177642,0.4858934169279,0.198757763975155,0.821812596006144,0.471138845553822,0.479813664596273,0.192733017377567,0.879464285714286,0.190258751902588,0.910769230769231,0.45,0.180704441041348,0.88062015503876,0.532012195121951,0.192307692307692,0.193893129770992,0.185015290519878,0.497615262321145,0.863157894736842,0.188163884673748,0.371559633027523,0.921630094043887,0.441754916792738,0.482388973966309,0.477794793261868,0.196319018404908,0.159375,0.195348837209302,0.193645990922844,0.183076923076923,0.88821752265861,0.200899550224888,0.529051987767584,0.81791483113069,0.483231707317073,0.188854489164087,0.202786377708978,0.181672025723473,0.195195195195195,0.901689708141321,0.488584474885845,0.178187403993856,0.183641975308642,0.185126582278481,0.190923317683881,0.201526717557252,0.200934579439252,0.721461187214612,0.838607594936709,0.191950464396285,0.890577507598784,0.482225656877898,0.781874039938556,0.192073170731707,0.396850393700787,0.4864,0.484939759036145,0.201820940819423,0.861963190184049,0.480974124809741,0.179331306990881,0.194099378881988,0.432646592709984,0.48,0.492260061919505,0.484944532488114,0.180851063829787,0.490506329113924,0.486404833836858,0.582298136645963,0.487577639751553,0.155120481927711,0.485540334855403,0.9,0.483969465648855,0.808446455505279,0.200308166409861,0.890795631825273,0.492307692307692,0.483076923076923,0.483024691358025,0.191198786039454,0.178294573643411,0.192616372391653,0.190184049079755,0.195618153364632,0.195238095238095,0.467289719626168,0.193009118541033,0.488514548238897,0.479541734860884,0.494640122511485,0.517940717628705,0.205479452054795,0.199088145896657,0.823170731707317,0.483532934131737,0.934883720930233,0.180597014925373,0.858034321372855,0.183206106870229,0.192429022082019,0.473186119873817,0.197530864197531,0.180064308681672,0.553291536050157,0.565495207667732,0.196769456681351,0.905660377358491,0.911490683229814,0.182795698924731,0.178571428571429,0.192901234567901,0.903522205206738,0.80517503805175,0.480974124809741,0.387345679012346,0.47376311844078,0.814871016691957,0.468652037617555,0.897196261682243,0.181538461538462,0.188291139240506,0.486322188449848,0.48698315467075,0.96177370030581,0.473186119873817,0.484018264840183,0.477726574500768,0.190402476780186,0.187786259541985,0.475308641975309,0.191394658753709,0.820940819423369,0.189147286821705,0.967840735068913,0.195924764890282,0.523076923076923,0.190184049079755,0.485271317829457,0.481191222570533,0.90077519379845,0.527439024390244,0.184615384615385,0.181818181818182,0.398148148148148,0.304278922345483,0.479134466769706,0.475513428120063,0.189814814814815,0.474809160305344,0.948194662480377,0.477777777777778,0.193061840120664,0.920367534456355,0.183925811437403,0.19188767550702,0.472477064220183,0.515673981191223,0.478740157480315,0.198748043818466,0.182242990654206,0.479876160990712,0.496171516079632,0.477744807121662,0.32755905511811,0.479750778816199,0.187306501547988,0.875757575757576,0.185867895545315,0.18125,0.50611620795107,0.566615620214395,0.477848101265823,0.883359253499222,0.477657935285054,0.183076923076923,0.172413793103448,0.478328173374613,0.466872110939908,0.569044006069803,0.188940092165899,0.474164133738602,0.586726998491704,0.480243161094225,0.214177978883861,0.726429675425039,0.820710973724884,0.48714069591528,0.477341389728097,0.4765625,0.485133020344288,0.477477477477477,0.217522658610272,0.199066874027994,0.491551459293395,0.662957074721781,0.525581395348837,0.946236559139785,0.517741935483871,0.177004538577912,0.47166921898928,0.825954198473282,0.464396284829721,0.482866043613707,0.608231707317073,0.479134466769706,0.819423368740516,0.463076923076923,0.488958990536278,0.470957613814757,0.480122324159021
"390",1,1,1,1,1,1,0.707865168539326,1,1,0.103618421052632,1,0.0462519936204147,0.810372771474878,1,0.306320907617504,0.309409888357257,0.0621019108280255,0.690635451505017,1,1,0.288,0.31219512195122,1,0.167192429022082,1,0.328571428571429,0.30655737704918,1,1,0.785947712418301,0.302694136291601,0.72755905511811,0.959935897435897,0.306581059390048,0,1,0.548543689320388,1,0.305084745762712,1,0.662358642972536,0.685126582278481,0.69701726844584,1,1,0.306055646481178,0.312803889789303,0.310725552050473,0.316535433070866,0.319685039370079,0,1,0.310452418096724,1,1,0.492682926829268,0.559485530546624,1,1,1,0.32695374800638,0.315619967793881,0.308943089430894,0.681818181818182,1,1,0.0418006430868167,1,0.0590062111801242,0.317034700315457,1,0.321543408360129,0.315614617940199,0.968543046357616,0.508744038155803,1,0.305863708399366,0.331210191082803,1,0.311258278145695,0.0952380952380952,0.32300163132137,0.320512820512821,1,0.326923076923077,1,1,1,1,0.693037974683544,1,1,0.00159744408945687,0.110935023771791,1,0.0501567398119122,0,1,0.563934426229508,0.682119205298013,1,0.0563607085346216,0.309178743961353,1,0.306581059390048,1,0.692667706708268,1,0.303514376996805,0.316129032258064,0.319620253164557,1,0.320634920634921,1,0.485668789808917,1,0.304625199362041,0.301261829652997,0.325949367088608,0.315705128205128,0.487341772151899,0.998387096774194,0.318037974683544,0.318627450980392,1,0.297939778129952,1,1,0.333860759493671,0.541666666666667,1,0.307692307692308,1,0.0453834115805947,1,0.309033280507132,0.682170542635659,0.317460317460317,0.931637519872814,0.425986842105263,0.110047846889952,0.0996784565916399,1,1,0.326332794830372,1,0.309815950920245,1,0.805337519623234,1,0.321131447587354,1,1,1,1,0.330645161290323,1,0.323717948717949,0.263578274760383,1,0.3088,1,0.297939778129952,0.0919540229885057,1,0.307073954983923,1,1,1,0.32695374800638,1,0.322950819672131,1,0.308441558441558,1,0.313291139240506,0.0772870662460568,1,0.646381578947368,1,1,0.314935064935065,1,1,1,1,0.322115384615385,0.306122448979592,1,0.998415213946117,0.311811023622047,0.303079416531605,1,0.455128205128205,0.668711656441718,0,0.313001605136437,0.677830940988836,1,0.32182103610675,1,0.998427672955975,1,0.312101910828025,0.320813771517997,0.318032786885246,1,1,1,0,1,0.298045602605863,0.970967741935484,0.326923076923077,0.308562197092084,0.749206349206349,1,1,1,1,1,0.045016077170418,0.310965630114566,0.317384370015949,1,0.684126984126984,1,1,0.998405103668262,0.998405103668262,1,1,0.0048,0.322378716744914,1,0.314935064935065,1,0.302884615384615,1,1,1,1,1,0.316211878009631,1,0.503246753246753,0.323809523809524,0.318979266347687,0.307443365695793,0.318770226537217,0.329508196721311,0.422885572139304,0.329113924050633,0.317384370015949,0.304560260586319,1,0.323671497584541,1,0.692551505546751,0.304,0.319314641744548,0.33115823817292,1,1,1,0.264090177133655,0.315372424722662,1,0.314845024469821,0.317034700315457,0.307317073170732,0.313291139240506,0.685805422647528,1,0.321711568938193,0.304777594728171,1,0.305691056910569,1,0.304416403785489,0.315112540192926,1,1,1,0.541195476575121,1,0.685214626391097,0.0869565217391304,0.3104,1,1,0.0985691573926868,0.313385826771654,0.326158940397351,1,1,0.302694136291601,0.0253565768621236,0.00325732899022801,1,1,0.333333333333333,0.998397435897436,1,0.304140127388535,1,1,0.317891373801917,1,1,1,1,0.323717948717949,0.303405572755418,0.32843137254902,1,1,0.675078864353312,0.3232,1,0.31201248049922,0.291734197730956,1,1,0.998394863563403,1,1,0.3216,1,1,0.111658456486043,0.331189710610932,0.492753623188406,0.305194805194805,0.66936790923825,0.310344827586207,1,0.311582381729201,0.331730769230769,0.263157894736842,0.316957210776545,1,0.317972350230415,1,1,1,0.306055646481178,0.327586206896552,0.998417721518987,0.922697368421053,0.0635179153094463,1,0.311111111111111,0.312602291325696,0.306188925081433,1,0.324409448818898,0.471698113207547,0.320754716981132,0.30622009569378,0.313114754098361,0.304838709677419,1,0.315789473684211,1,1,0,1,0.3216,1,1,1,0.318181818181818,1,0.311986863711002,1,0.838095238095238,1,1,1,0.305993690851735,1,1,0.302250803858521,0.3,1,1,0.312302839116719,0.18740157480315,1,0.998412698412698,1,0,0.306581059390048,1,0.307936507936508,0.25531914893617,1,0.680314960629921,0.439252336448598,1,1,0.679626749611198,0.7008,0.34621578099839,1,0.314785373608903,1,1,0.322475570032573,1,0.998357963875205,0.004739336492891,0.320967741935484,1,1,0.326298701298701,1,1,0.307817589576547,0.33652312599681,1,1,1,0.523809523809524,0.307568438003221,0.347133757961783,0.319938176197836,0.335987261146497,0.691176470588235,0.318110236220472,0.318255250403877,0.308056872037915,0.245980707395498,0.314662273476112,1,0.316957210776545,0.99835255354201,0.319354838709677,0.0856697819314642,0.0557324840764331,1,1,0.0384,1,0.695447409733124,0.0448,0.008,1,0.679549114331723,1,1,0.551724137931034,1,0,0.0746268656716418,1,1,1,0.320066334991708,0.654961832061069,0.694117647058824,0.993630573248408,1,0.985668789808917,0.29951690821256,0.35048231511254,1,0.292407108239095,1,0.369085173501577,0.11219512195122,0.300157977883096,0.3171875,0.321976149914821,1,0.0828125,1,1,1,0.262910798122066,0.317666126418152,1,0.319870759289176,1,1,0.303937007874016,1,0.323390894819466,1,0.304418985270049,0.320325203252033,1,0.687702265372168,0.319875776397516,1,0.306451612903226,0.767772511848341,0.309486780715397,0.169059011164274,0.321928460342146,0.765853658536585,0.298507462686567,1,0.324237560192616,0.336492890995261,0.280507131537242,1,1,1,0.96742671009772,0.343185550082102,1,0.320723684210526,1,0.313432835820896,0.314465408805031,1,1,1,0.915857605177994,1,0.307086614173228,0.315789473684211,1,1,0.0485436893203883,0.0825242718446602,1,1,0.294498381877023,1,1,0.310509554140127,1,1,0.681229773462783,0.527472527472527,1,0,1,1,0.103503184713376,0.318471337579618,1,0.319554848966614,0.998402555910543,0.960720130932897,0.998392282958199,0.82120253164557,1,0.322422258592471,1,1,1,0,0.309121621621622,1,1,0.679153094462541,1,0.318770226537217,0.363636363636364,0.313694267515924,1,1,1,0.0921875,0.32516339869281,0.0919540229885057,0.998384491114701,0.301587301587302,0.305164319248826,0.348314606741573,0,1,0.953525641025641,1,1,0.314662273476112,0.295133437990581,0.167207792207792,0.0421393841166937,0.314606741573034,0.304140127388535,0.325434439178515,0.00162866449511401,0.311605723370429,1,0,0.318252730109204,1,1,1,0.318110236220472,0.316614420062696,0.0375203915171289,1,0.311986863711002,0.301587301587302,1,1,0.314102564102564,0.685337726523888,1,1,0.6976,1,0.300940438871473,1,0.316558441558442,0.533227848101266,0.6765625,0.402799377916019,1,0.299689440993789,0.30952380952381,0.686520376175549,0.671317829457364,1,0.322429906542056,1,0.321316614420063,1,0.307941653160454,0.305466237942122,0.348171701112878,0.526232114467409,0.309677419354839,0.315705128205128,0.67304625199362,0.311501597444089,0.149671052631579,1,0,1,0.294117647058824,1,0,0.316211878009631,0.318910256410256,1,0.0581929555895865,1,0.0880913539967374,0.329052969502408,1,0.0642054574638844,0.67246835443038,1,1,1,0.308080808080808,0.0425196850393701,1,0.4144,0.0962479608482871,0.347619047619048,0.317034700315457,0.321875,1,1,1,1,1,0.0636645962732919,0.996865203761755,0.682615629984051,0.00460122699386503,0.321543408360129,1,1,1,1,0.0922098569157393,0.310832025117739,1,1,1,1,1,1,0.491392801251956,0.00161550888529887,1,0.0855784469096672,0.311811023622047,0.437694704049844,1,0.395424836601307,0.30114566284779,0.30952380952381,1,0.0452418096723869,0.313195548489666,1,1,0.369529983792545,0.309033280507132,0.311290322580645,0.313953488372093,0.998415213946117,0.32258064516129,0.32258064516129,0.4189852700491,0.319488817891374,0.973058637083994,0.306976744186047,0.0863192182410423,0.321543408360129,0,1,0.0975609756097561,0.304560260586319,0.311605723370429,0.308562197092084,1,1,1,1,1,1,0.325281803542673,1,0.3136,0.313659359190556,0.598101265822785,0.683860232945091,1,1,0,0.309859154929577,0.127009646302251,0.998435054773083,0.0387722132471729,1,1,0.306946688206785,1,1,0.621533442088091,0.426666666666667,0.996889580093313,0.0866013071895425,0.101612903225806,1,1,1,0.092948717948718,0,0.314873417721519,0.419713831478537,0.30625,0,0.317230273752013,0.0904684975767367,1,1,0.318885448916409,0.317891373801917,0.252006420545746,0.327332242225859,0.310509554140127,0.313291139240506,1,1,0.32626427406199,1,0,1,0.2272,1,0.678233438485804,1,0.308681672025723,0.309719934102142,0.08,0.67246835443038,1,1,0.7856,0.895,0.314102564102564,0.310965630114566,1,0.310177705977383,0.2624,0.321070234113712,1,0.108064516129032,1,1,0.311320754716981,0.68130081300813,0.306425041186161,1,1,0.307448494453249,0.306349206349206,0.307332293291732,0.852272727272727,0.314845024469821,1,0.0577223088923557,1,1,0.699367088607595,0.661812297734628,0.320598006644518,0.0533980582524272,0.313915857605178,1,1,0.305691056910569,0.317666126418152,0.6128,1,0.309262166405024,0.366666666666667,0.30829420970266,0.984076433121019,0.476575121163166,0.00158982511923688,0.304278922345483,0.316037735849057,0.319286871961102,0.315112540192926,0.317262830482115,0.968553459119497,1,0.30952380952381,0.556464811783961,0.683870967741935,0.2384,0.690397350993378,1,0.317666126418152,0.00327868852459016,0.3184,0.307448494453249,0.361331220285261,0.318032786885246,0,0.329113924050633,0.314332247557003,0.319672131147541,0.309061488673139
"391",0.998389694041868,0.998435054773083,1,1,0.998447204968944,1,0.684466019417476,1,0.998459167950693,0.0935023771790808,1,0.04,0.814756671899529,0.998442367601246,0.323296354992076,0.3171875,0.06,0.683279742765273,0.998449612403101,0.998459167950693,0.297213622291022,0.322222222222222,0.998461538461539,0.152671755725191,0.998500749625187,0.333850931677019,0.324960753532182,0.998405103668262,0.998491704374057,0.791068580542265,0.32398753894081,0.735294117647059,0.965891472868217,0.320813771517997,0,1,0.538699690402477,1,0.311844077961019,0.998454404945904,0.655172413793103,0.672897196261682,0.681887366818874,0.998415213946117,0.998425196850394,0.326984126984127,0.319875776397516,0.319508448540707,0.329770992366412,0.326717557251908,0.00154559505409583,0.998425196850394,0.325153374233129,1,0.998449612403101,0.493548387096774,0.55784469096672,0.998444790046656,0.998454404945904,1,0.335384615384615,0.319508448540707,0.322932917316693,0.672926447574335,0.998405103668262,0.998475609756098,0.0313479623824451,0.998422712933754,0.0533536585365854,0.323308270676692,0.998449612403101,0.327160493827161,0.337060702875399,0.959871589085072,0.515290519877676,0.998496240601504,0.318818040435459,0.343558282208589,0.998482549317147,0.32484076433121,0.0841423948220065,0.331775700934579,0.333333333333333,0.998461538461539,0.348367029548989,0.998489425981873,0.9984375,0.998452012383901,0.998447204968944,0.68,0.998425196850394,0.998487140695915,0.0015625,0.102009273570325,0.998405103668262,0.0427480916030534,0,0.998466257668712,0.553968253968254,0.666666666666667,0.998425196850394,0.0501567398119122,0.315789473684211,0.998405103668262,0.321144674085851,0.998442367601246,0.679506933744222,0.9984375,0.323943661971831,0.328725038402458,0.326656394453005,0.998456790123457,0.337404580152672,0.998447204968944,0.482442748091603,0.998498498498498,0.321428571428571,0.29922480620155,0.329787234042553,0.326120556414219,0.475308641975309,1,0.330792682926829,0.324324324324324,0.998470948012232,0.313455657492355,0.998507462686567,0.998475609756098,0.33693972179289,0.561162079510703,0.998435054773083,0.317757009345794,0.998435054773083,0.0386329866270431,0.998412698412698,0.315068493150685,0.666156202143951,0.335925349922239,0.933229813664596,0.445723684210526,0.0998415213946117,0.0948678071539658,0.998447204968944,0.998407643312102,0.342723004694836,0.9984375,0.331325301204819,0.998456790123457,0.813664596273292,0.998470948012232,0.3408,0.998439937597504,0.998432601880878,0.998435054773083,0.998430141287284,0.338509316770186,0.998447204968944,0.333850931677019,0.258015267175572,0.998459167950693,0.322137404580153,0.998500749625187,0.307332293291732,0.0821484992101106,0.998415213946117,0.320126782884311,0.998454404945904,0.998447204968944,0.9984375,0.336923076923077,0.998439937597504,0.336973478939158,0.9984375,0.314814814814815,1,0.328149300155521,0.0736196319018405,1,0.630645161290323,0.998417721518987,0.998430141287284,0.3264,1,0.9984375,0.998452012383901,0.998439937597504,0.331269349845201,0.321592649310873,0.998397435897436,1,0.333843797856049,0.316455696202532,1,0.449230769230769,0.661169415292354,0.0015527950310559,0.325652841781874,0.662015503875969,1,0.327188940092166,0.998405103668262,1,1,0.316923076923077,0.33587786259542,0.332278481012658,0.998484848484849,1,1,0.00158227848101266,0.998420221169036,0.314553990610329,0.9765625,0.3265625,0.317757009345794,0.756134969325153,0.998449612403101,0.998452012383901,1,0.998442367601246,0.998425196850394,0.0408163265306122,0.328149300155521,0.331297709923664,0.998475609756098,0.672868217054264,1,0.998491704374057,0.998456790123457,1,0.998447204968944,0.998487140695915,0.00470219435736677,0.319148936170213,0.998447204968944,0.3203125,1,0.306870229007634,0.998493975903614,0.998432601880878,0.998432601880878,0.998432601880878,0.998407643312102,0.333858267716535,1,0.514240506329114,0.338006230529595,0.329770992366412,0.3203125,0.330188679245283,0.344827586206897,0.427662957074722,0.338983050847458,0.328267477203647,0.31651376146789,1,0.325508607198748,1,0.675799086757991,0.321372854914197,0.319444444444444,0.336477987421384,1,0.998420221169036,1,0.260188087774295,0.322932917316693,0.998466257668712,0.324409448818898,0.336391437308869,0.319938176197836,0.325190839694657,0.674347158218126,0.998439937597504,0.326807228915663,0.321372854914197,0.998430141287284,0.314785373608903,0.998463901689708,0.32,0.320373250388802,0.998420221169036,0.998430141287284,0.998468606431853,0.541538461538462,0.998444790046656,0.676056338028169,0.0790273556231003,0.321646341463415,0.998470948012232,0.998422712933754,0.0945736434108527,0.327666151468315,0.334905660377358,1,0.998425196850394,0.309923664122137,0.0204081632653061,0.00318471337579618,0.998420221169036,0.998422712933754,0.337878787878788,0.996894409937888,0.998491704374057,0.321538461538462,1,0.998468606431853,0.326186830015314,0.998444790046656,0.9984375,0.998461538461539,0.998452012383901,0.335423197492163,0.313636363636364,0.3392,0.998452012383901,0.9984375,0.673343605546995,0.324492979719189,0.998394863563403,0.323029366306028,0.304953560371517,1,0.998480243161094,1,0.998461538461539,0.998473282442748,0.332293291731669,0.998430141287284,0.998442367601246,0.102848101265823,0.342635658914729,0.499219968798752,0.312893081761006,0.65990639625585,0.330757341576507,0.998489425981873,0.320126782884311,0.34789391575663,0.257364341085271,0.324773413897281,1,0.337899543378995,0.998454404945904,0.998435054773083,1,0.32093023255814,0.328767123287671,1,0.927330173775671,0.0599369085173502,0.998420221169036,0.323076923076923,0.328660436137072,0.317741935483871,0.998392282958199,0.335889570552147,0.473270440251572,0.334883720930233,0.3203125,0.327476038338658,0.31974921630094,0.998470948012232,0.33175355450237,0.998397435897436,0.998447204968944,0.00153374233128834,0.998402555910543,0.32967032967033,0.998459167950693,1,0.998415213946117,0.338028169014085,0.998482549317147,0.318181818181818,0.998496240601504,0.846273291925466,0.998456790123457,0.998389694041868,0.998459167950693,0.326656394453005,1,0.998420221169036,0.317972350230415,0.322429906542056,1,0.998456790123457,0.321928460342146,0.191717791411043,0.998412698412698,1,0.998468606431853,0.00155038759689922,0.325914149443561,0.998397435897436,0.318529862174579,0.244131455399061,1,0.668217054263566,0.429223744292237,1,0.998435054773083,0.670118343195266,0.687116564417178,0.349529780564263,0.998425196850394,0.320872274143302,0.998415213946117,1,0.34472049689441,0.998466257668712,1,0.0078003120124805,0.328220858895706,0.998425196850394,0.998430141287284,0.329652996845426,0.998449612403101,0.998430141287284,0.312893081761006,0.333843797856049,1,1,1,0.536697247706422,0.311145510835913,0.343799058084772,0.329835082458771,0.33953488372093,0.685126582278481,0.335889570552147,0.329211746522411,0.325652841781874,0.246105919003115,0.324324324324324,0.998493975903614,0.33026113671275,1,0.326594090202177,0.0813253012048193,0.0457317073170732,0.998484848484849,1,0.0338983050847458,1,0.679331306990882,0.0418604651162791,0.0111111111111111,0.998482549317147,0.675344563552833,0.998444790046656,0.998447204968944,0.552922590837283,0.998449612403101,0.00152905198776758,0.0721153846153846,1,0.998473282442748,1,0.323390894819466,0.640949554896142,0.678913738019169,0.99075500770416,0.998473282442748,0.987748851454824,0.312893081761006,0.342064714946071,0.998459167950693,0.313694267515924,0.998473282442748,0.375572519083969,0.0985691573926868,0.309341500765697,0.330289193302892,0.338954468802698,1,0.074468085106383,0.998493975903614,0.998420221169036,1,0.259600614439324,0.334394904458599,0.998454404945904,0.33175355450237,0.998389694041868,0.998425196850394,0.316030534351145,0.998432601880878,0.334821428571429,1,0.318681318681319,0.329230769230769,0.998459167950693,0.671899529042386,0.3202416918429,1,0.320063694267516,0.776744186046512,0.327245053272451,0.159442724458204,0.326378539493294,0.780907668231612,0.315132605304212,0.9984,0.328173374613003,0.346153846153846,0.298165137614679,0.998439937597504,1,0.998491704374057,0.970967741935484,0.343598055105348,0.998466257668712,0.332263242375602,0.998432601880878,0.32741935483871,0.328267477203647,0.998473282442748,0.998435054773083,1,0.924031007751938,0.998468606431853,0.321592649310873,0.327639751552795,0.998468606431853,1,0.043613707165109,0.0746500777604977,0.998452012383901,0.998412698412698,0.32018927444795,0.998454404945904,0.998493975903614,0.320695102685624,0.998402555910543,0.998456790123457,0.675425038639876,0.532110091743119,1,0.00148148148148148,0.998427672955975,0.998473282442748,0.0948012232415902,0.3359375,1,0.328149300155521,1,0.968051118210863,1,0.827906976744186,0.998449612403101,0.338118022328549,0.998447204968944,1,0.998389694041868,0,0.322115384615385,0.998417721518987,0.998449612403101,0.659969088098918,0.998466257668712,0.329230769230769,0.367029548989114,0.331259720062208,1,1,0.998430141287284,0.0925644916540212,0.330188679245283,0.0812101910828025,1,0.314024390243902,0.314589665653495,0.363636363636364,0.00157232704402516,1,0.959375,0.998442367601246,0.998454404945904,0.328050713153724,0.314024390243902,0.154088050314465,0.0335463258785942,0.322378716744914,0.318818040435459,0.338957055214724,0.0016025641025641,0.31733746130031,0.998468606431853,0.00153139356814701,0.330769230769231,0.998470948012232,0.998425196850394,0.998435054773083,0.32258064516129,0.332326283987915,0.0323624595469256,0.998473282442748,0.318611987381703,0.312883435582822,0.998444790046656,0.9984375,0.327102803738318,0.6784,0.998397435897436,1,0.690513219284603,0.998468606431853,0.3125,0.998407643312102,0.321259842519685,0.529141104294479,0.657975460122699,0.405120481927711,0.998456790123457,0.304878048780488,0.324534161490683,0.671274961597542,0.662037037037037,0.998442367601246,0.335365853658537,1,0.329770992366412,0.998444790046656,0.320373250388802,0.313385826771654,0.356697819314642,0.541085271317829,0.325984251968504,0.320754716981132,0.659937888198758,0.325038880248834,0.150641025641026,1,0.00153609831029186,1,0.305993690851735,0.998452012383901,0.0015600624024961,0.331230283911672,0.323296354992076,0.998412698412698,0.0513595166163142,0.998442367601246,0.0830721003134796,0.339116719242902,0.998430141287284,0.0631741140215717,0.667682926829268,0.998420221169036,1,1,0.322528363047002,0.0379362670713202,0.998466257668712,0.429467084639498,0.0894568690095847,0.359877488514548,0.335375191424196,0.333333333333333,0.998430141287284,1,0.998420221169036,1,1,0.060790273556231,0.995475113122172,0.678899082568807,0.00451807228915663,0.333333333333333,0.998439937597504,0.998417721518987,0.998405103668262,0.998475609756098,0.0811232449297972,0.327692307692308,1,0.9984375,0.998415213946117,0.998417721518987,1,0.998432601880878,0.489329268292683,0.00315955766192733,0.998459167950693,0.0783410138248848,0.327666151468315,0.42967542503864,1,0.399366085578447,0.314516129032258,0.31839258114374,0.998459167950693,0.037037037037037,0.323029366306028,0.998461538461539,1,0.374009508716323,0.311349693251534,0.316923076923077,0.325914149443561,1,0.333333333333333,0.330246913580247,0.417582417582418,0.324451410658307,0.978593272171254,0.324242424242424,0.0770465489566613,0.3328173374613,0,0.998447204968944,0.0833333333333333,0.314873417721519,0.325581395348837,0.322884012539185,0.998456790123457,0.998473282442748,0.998384491114701,0.998454404945904,0.998394863563403,0.998425196850394,0.343799058084772,1,0.3265625,0.319604612850082,0.617873651771957,0.669230769230769,1,0.998463901689708,0.00153374233128834,0.32572298325723,0.115562403697997,1,0.0326086956521739,0.998444790046656,0.998410174880763,0.324324324324324,0.998417721518987,0.998381877022654,0.640575079872205,0.42741935483871,0.994108983799705,0.0846645367412141,0.096875,0.998470948012232,1,0.998444790046656,0.080370942812983,0,0.321044546850998,0.430555555555556,0.328746177370031,0.00153609831029186,0.3421875,0.0842433697347894,0.998454404945904,0.998425196850394,0.328197226502311,0.332307692307692,0.242236024844721,0.341732283464567,0.320061255742726,0.325545171339564,0.998447204968944,1,0.338095238095238,0.998527245949926,0.00153139356814701,0.998435054773083,0.226771653543307,0.998435054773083,0.66156202143951,0.998463901689708,0.317484662576687,0.315873015873016,0.0691244239631336,0.675840978593272,0.9984375,0.9984375,0.774447949526814,0.901612903225806,0.32018927444795,0.325806451612903,0.998442367601246,0.332293291731669,0.262422360248447,0.331230283911672,0.998496240601504,0.0985915492957746,0.998432601880878,0.998415213946117,0.323076923076923,0.668820678513732,0.317460317460317,1,0.998430141287284,0.316436251920123,0.312111801242236,0.326687116564417,0.875394321766562,0.319554848966614,0.9984375,0.0524691358024691,0.998439937597504,0.998394863563403,0.689335394126739,0.648985959438378,0.328502415458937,0.0544323483670296,0.334379905808477,0.998452012383901,1,0.309859154929577,0.33179012345679,0.619047619047619,0.998439937597504,0.320987654320988,0.368663594470046,0.315950920245399,0.984567901234568,0.464678178963893,0.00463678516228748,0.309923664122137,0.329305135951662,0.341269841269841,0.32484076433121,0.329305135951662,0.968515742128936,0.998427672955975,0.32348367029549,0.542673107890499,0.675590551181102,0.239130434782609,0.678048780487805,1,0.329721362229102,0.00476190476190476,0.337519623233909,0.322727272727273,0.362670713201821,0.324451410658307,0.00154083204930663,0.346749226006192,0.329113924050633,0.335925349922239,0.321372854914197
"392",1,1,1,1,1,1,0.691823899371069,1,1,0.089622641509434,1,0.0479134466769706,0.826771653543307,1,0.322784810126582,0.316692667706708,0.0666666666666667,0.683006535947712,1,1,0.298273155416013,0.320373250388802,1,0.149068322981366,1,0.336923076923077,0.327613104524181,1,1,0.786604361370717,0.320493066255778,0.73972602739726,0.960244648318043,0.324074074074074,0,1,0.533742331288344,1,0.304675716440422,1,0.653250773993808,0.673405909797823,0.682852807283763,1,1,0.326530612244898,0.32,0.320182094081942,0.334360554699538,0.332826747720365,0,1,0.324734446130501,1,1,0.512738853503185,0.54416403785489,1,1,1,0.333843797856049,0.328125,0.325581395348837,0.674015748031496,1,1,0.0388802488335925,1,0.0595238095238095,0.332321699544765,1,0.328660436137072,0.330683624801272,0.967897271268058,0.498470948012232,1,0.316666666666667,0.338880484114977,1,0.322169059011164,0.0817307692307692,0.33489827856025,0.333850931677019,1,0.348623853211009,1,1,1,1,0.679447852760736,1,1,0.00155038759689922,0.101382488479263,1,0.0484848484848485,0,1,0.544,0.659409020217729,1,0.05320813771518,0.322981366459627,1,0.324031007751938,1,0.678627145085803,1,0.330203442879499,0.330769230769231,0.324574961360124,1,0.337442218798151,1,0.470948012232416,1,0.317073170731707,0.289193302891933,0.331804281345566,0.328660436137072,0.472049689440994,0.998461538461539,0.330792682926829,0.324409448818898,1,0.311926605504587,1,1,0.317411402157165,0.552036199095023,1,0.326594090202177,1,0.0446428571428571,1,0.324734446130501,0.664605873261206,0.329738058551618,0.927018633540373,0.432739059967585,0.0976744186046512,0.0953125,1,1,0.3390625,1,0.322289156626506,1,0.812982998454405,1,0.330721003134796,1,1,1,1,0.337461300309598,1,0.325581395348837,0.245426829268293,1,0.319508448540707,1,0.309341500765697,0.0864779874213836,1,0.31619937694704,1,1,1,0.342507645259939,1,0.337480559875583,1,0.315301391035549,1,0.329754601226994,0.0798771121351766,1,0.631160572337043,1,1,0.334360554699538,1,1,1,1,0.335889570552147,0.315301391035549,1,0.998459167950693,0.323529411764706,0.318181818181818,1,0.433990895295903,0.667655786350148,0,0.329211746522411,0.665109034267913,1,0.334862385321101,1,0.998480243161094,1,0.322137404580153,0.333333333333333,0.333860759493671,1,1,1,0,1,0.320813771517997,0.970358814352574,0.332298136645963,0.319444444444444,0.747336377473364,1,1,1,1,1,0.0484375,0.331269349845201,0.333333333333333,1,0.675925925925926,1,1,1,0.998463901689708,1,1,0.00154083204930663,0.300911854103343,1,0.320126782884311,1,0.307332293291732,1,1,1,1,1,0.341576506955178,1,0.528951486697966,0.332283464566929,0.336923076923077,0.318818040435459,0.330246913580247,0.340625,0.419152276295133,0.343032159264931,0.327188940092166,0.32,1,0.331775700934579,1,0.67420814479638,0.319938176197836,0.298937784522003,0.340062111801242,1,1,1,0.249230769230769,0.317901234567901,1,0.322480620155039,0.334332833583208,0.322530864197531,0.327245053272451,0.676470588235294,1,0.330769230769231,0.325358851674641,1,0.305466237942122,1,0.326717557251908,0.322085889570552,1,1,1,0.527131782945736,1,0.6801872074883,0.0771558245083207,0.331259720062208,1,1,0.0899390243902439,0.331804281345566,0.333858267716535,1,1,0.316590563165906,0.0217729393468118,0,1,1,0.343843843843844,0.998456790123457,1,0.326251896813354,1,1,0.328703703703704,1,1,1,1,0.336990595611285,0.321212121212121,0.346092503987241,1,1,0.666158536585366,0.330745341614907,1,0.329770992366412,0.3015625,1,1,0.998480243161094,1,1,0.326656394453005,1,1,0.104265402843602,0.341426403641882,0.491499227202473,0.31974921630094,0.6640625,0.328808446455505,1,0.31974921630094,0.34375,0.246932515337423,0.328725038402458,1,0.338805970149254,1,1,1,0.320552147239264,0.333839150227618,0.998442367601246,0.925632911392405,0.0663507109004739,1,0.321044546850998,0.324960753532182,0.322734499205087,1,0.336377473363775,0.457364341085271,0.332819722650231,0.324492979719189,0.325914149443561,0.315707620528771,1,0.334379905808477,1,1,0,1,0.3359375,1,1,1,0.337962962962963,1,0.320754716981132,1,0.843226788432268,1,1,1,0.322239031770045,1,1,0.327102803738318,0.322085889570552,1,1,0.323170731707317,0.172256097560976,1,0.998468606431853,1,0,0.3265625,1,0.315789473684211,0.238689547581903,1,0.675840978593272,0.445966514459665,1,1,0.668154761904762,0.695517774343122,0.352850539291217,1,0.322981366459627,1,1,0.342723004694836,1,0.998456790123457,0.00462249614791988,0.336923076923077,1,1,0.333860759493671,1,1,0.308777429467085,0.325264750378215,1,1,1,0.541085271317829,0.319148936170213,0.345092024539877,0.331334332833583,0.33695652173913,0.688575899843505,0.337367624810893,0.329192546583851,0.323216995447648,0.230061349693252,0.32967032967033,1,0.32375189107413,0.998439937597504,0.327160493827161,0.0798192771084337,0.05,1,1,0.04,1,0.680851063829787,0.045662100456621,0.00934579439252336,1,0.665634674922601,1,1,0.548183254344392,1,0,0.0700636942675159,1,1,1,0.329704510108865,0.639705882352941,0.677367576243981,0.993865030674847,1,0.981873111782477,0.312597200622084,0.33026113671275,1,0.312989045383412,1,0.380952380952381,0.0974842767295598,0.312883435582822,0.328787878787879,0.338842975206612,1,0.0716463414634146,1,1,1,0.2473604826546,0.334375,1,0.329721362229102,1,1,0.31969696969697,1,0.336795252225519,1,0.3171875,0.329211746522411,1,0.670846394984326,0.325264750378215,1,0.314329738058552,0.770642201834862,0.323353293413174,0.154320987654321,0.330827067669173,0.772445820433437,0.312302839116719,1,0.332317073170732,0.344563552833078,0.302147239263804,1,1,1,0.964912280701754,0.3392,1,0.332288401253919,1,0.326923076923077,0.325264750378215,1,1,1,0.921417565485362,1,0.31859756097561,0.323664122137405,1,1,0.0491283676703645,0.0736677115987461,1,1,0.3198127925117,1,1,0.323574730354391,1,1,0.671732522796353,0.515695067264574,1,0,1,1,0.0963302752293578,0.333333333333333,1,0.334365325077399,0.998456790123457,0.960629921259842,0.998454404945904,0.832317073170732,1,0.34181240063593,1,1,1,0,0.319554848966614,1,1,0.663076923076923,1,0.328149300155521,0.366666666666667,0.331278890600925,1,1,1,0.087218045112782,0.326594090202177,0.0841269841269841,0.998468606431853,0.320610687022901,0.315233785822021,0.356697819314642,0,1,0.95679012345679,1,1,0.328638497652582,0.315629742033384,0.157320872274143,0.0424528301886792,0.328703703703704,0.320695102685624,0.334355828220859,0.00157977883096367,0.324159021406728,1,0,0.324655436447167,1,1,1,0.317073170731707,0.328787878787879,0.0398724082934609,1,0.329211746522411,0.320493066255778,1,1,0.325077399380805,0.683870967741935,1,1,0.685271317829457,1,0.322137404580153,1,0.329113924050633,0.518126888217523,0.666666666666667,0.411144578313253,1,0.311844077961019,0.317757009345794,0.669218989280245,0.662632375189107,1,0.329249617151608,1,0.329803328290469,1,0.325508607198748,0.31911532385466,0.36405529953917,0.524464831804281,0.326053042121685,0.315625,0.655226209048362,0.326153846153846,0.146067415730337,1,0,1,0.304761904761905,1,0,0.329704510108865,0.332802547770701,1,0.0591715976331361,1,0.0856697819314642,0.343799058084772,1,0.0647149460708783,0.668224299065421,1,1,1,0.312599681020734,0.0426829268292683,1,0.440494590417311,0.0914826498422713,0.357249626307922,0.331297709923664,0.328335832083958,1,1,1,1,1,0.0660660660660661,0.995419847328244,0.67687595712098,0.00149700598802395,0.326251896813354,1,1,1,1,0.0832049306625578,0.326219512195122,1,1,1,1,1,1,0.465960665658094,0.0015527950310559,1,0.0811638591117917,0.330757341576507,0.421296296296296,1,0.405660377358491,0.322006472491909,0.317757009345794,1,0.0409711684370258,0.326251896813354,1,1,0.3828125,0.312788906009245,0.320251177394035,0.326053042121685,0.998463901689708,0.331768388106416,0.32469512195122,0.422535211267606,0.328197226502311,0.972434915773354,0.326283987915408,0.0757097791798107,0.328746177370031,0,1,0.0848765432098765,0.316535433070866,0.328746177370031,0.324031007751938,1,1,1,1,1,1,0.339116719242902,1,0.320373250388802,0.326699834162521,0.604615384615385,0.669826224328594,1,1,0,0.326747720364742,0.113178294573643,0.998489425981873,0.0375,1,1,0.329153605015674,1,1,0.621621621621622,0.42443729903537,0.995575221238938,0.0727848101265823,0.0957613814756672,1,1,1,0.0848765432098765,0,0.323574730354391,0.438485804416404,0.32370820668693,0,0.333858267716535,0.0853080568720379,1,1,0.328808446455505,0.326625386996904,0.232558139534884,0.34493670886076,0.319634703196347,0.328682170542636,1,1,0.3375,1,0,1,0.218604651162791,1,0.663076923076923,1,0.32348367029549,0.316455696202532,0.0729483282674772,0.667687595712098,1,1,0.786163522012579,0.894060995184591,0.333853354134165,0.319685039370079,1,0.321372854914197,0.25,0.332283464566929,1,0.0970724191063174,1,1,0.326120556414219,0.676100628930818,0.326498422712934,1,1,0.315789473684211,0.316998468606432,0.329835082458771,0.85511811023622,0.328025477707006,1,0.0597243491577335,1,1,0.691472868217054,0.641509433962264,0.333333333333333,0.0556414219474498,0.332298136645963,1,1,0.314900153609831,0.337984496124031,0.612903225806452,1,0.318112633181126,0.38145896656535,0.322085889570552,0.981735159817352,0.469578783151326,0.00461538461538462,0.310975609756098,0.328335832083958,0.337042925278219,0.32484076433121,0.328267477203647,0.972477064220184,1,0.324574961360124,0.538095238095238,0.6801872074883,0.224961479198767,0.677830940988836,1,0.332824427480916,0.00157977883096367,0.334890965732087,0.319571865443425,0.371212121212121,0.325,0,0.344512195121951,0.328616352201258,0.336492890995261,0.31619937694704
"393",0,0,0,0,0,0,0.295055821371611,0,0,0.8976,0,0.956521739130435,0.188679245283019,0,0.684044233807267,0.699844479004666,0.933021806853583,0.31869918699187,0,0,0.709779179810726,0.68362480127186,0,0.840625,0,0.670261941448382,0.682034976152623,0,0,0.219242902208202,0.6921875,0.261467889908257,0.0337941628264209,0.690513219284603,1,0,0.45679012345679,0,0.695067264573991,0,0.330745341614907,0.316358024691358,0.307339449541284,0,0,0.685714285714286,0.68062015503876,0.689024390243902,0.680124223602484,0.670769230769231,1,0,0.68062015503876,0,0,0.496062992125984,0.437990580847724,0,0,0,0.670278637770898,0.6859375,0.684458398744113,0.316279069767442,0,0,0.963375796178344,0,0.940029985007496,0.680555555555556,0,0.68160741885626,0.676282051282051,0.0351437699680511,0.491525423728814,0,0.691244239631336,0.665123456790123,0,0.68370607028754,0.908653846153846,0.670846394984326,0.675507020280811,0,0.662557781201849,0,0,0,0,0.306853582554517,0,0,0.998442367601246,0.890937019969278,0,0.953030303030303,1,0,0.429699842022117,0.322834645669291,0,0.946957878315133,0.690993788819876,0,0.682098765432099,0,0.312989045383412,0,0.685534591194969,0.683229813664596,0.677018633540373,0,0.678740157480315,0,0.512307692307692,0,0.686614173228347,0.696456086286595,0.675716440422323,0.685534591194969,0.518518518518518,0.00157232704402516,0.682926829268293,0.687697160883281,0,0.690880989180835,0,0,0.66306027820711,0.451367781155015,0,0.685446009389671,0,0.957251908396947,0,0.685975609756098,0.329738058551618,0.672897196261682,0.0706436420722135,0.5664,0.889589905362776,0.901081916537867,0,0,0.674922600619195,0,0.678300455235205,0,0.191950464396285,0,0.676190476190476,0,0,0,0,0.652996845425868,0,0.680952380952381,0.744292237442922,0,0.688073394495413,0,0.703245749613601,0.91283676703645,0,0.687301587301587,0,0,0,0.659056316590563,0,0.667189952904239,0,0.691833590138675,0,0.679425837320574,0.919504643962848,0,0.366288492706645,0,0,0.680314960629921,0,0,0,0,0.678125,0.690769230769231,0,0.0015625,0.675465838509317,0.688783570300158,0,0.546850998463902,0.330815709969789,1,0.682098765432099,0.330708661417323,0,0.677811550151976,0,0.00152671755725191,0,0.682888540031397,0.678899082568807,0.677165354330709,0,0,0,1,0,0.691573926868045,0.0283018867924528,0.679304897314376,0.687106918238994,0.247278382581649,0,0,0,0,0,0.95440251572327,0.683881064162754,0.678516228748068,0,0.319571865443425,0,0,0.0015527950310559,0.00153846153846154,0,0,0.995327102803738,0.686453576864536,0,0.687598116169545,0,0.69375,0,0,0,0,0,0.677621283255086,0,0.493730407523511,0.672955974842767,0.673879443585781,0.682965299684543,0.679245283018868,0.67192429022082,0.57007874015748,0.674015748031496,0.688372093023256,0.685446009389671,0,0.673913043478261,0,0.319083969465649,0.676703645007924,0.691717791411043,0.669316375198728,0,0,0,0.742138364779874,0.688172043010753,0,0.68125,0.673282442748092,0.685534591194969,0.672839506172839,0.313084112149533,0,0.679012345679012,0.678288431061807,0,0.693418940609952,0,0.691244239631336,0.691107644305772,0,0,0,0.45440251572327,0,0.312307692307692,0.914634146341463,0.675465838509317,0,0,0.898928024502297,0.691244239631336,0.671406003159558,0,0,0.691244239631336,0.975039001560062,0.996845425867508,0,0,0.664624808575804,0.00156739811912226,0,0.684129429892142,0,0,0.683076923076923,0,0,0,0,0.677777777777778,0.686186186186186,0.674679487179487,0,0,0.335394126738794,0.6796875,0,0.681470137825421,0.701726844583987,0,0,0.00153846153846154,0,0,0.679127725856698,0,0,0.887122416534181,0.66969696969697,0.503974562798092,0.690590111642743,0.3265625,0.683969465648855,0,0.688087774294671,0.672360248447205,0.74537037037037,0.668711656441718,0,0.672754946727549,0,0,0,0.683464566929134,0.678461538461538,0.00154559505409583,0.0752,0.933227344992051,0,0.687692307692308,0.682888540031397,0.693877551020408,0,0.672281776416539,0.531152647975078,0.673374613003096,0.688372093023256,0.685805422647528,0.697160883280757,0,0.6734375,0,0,1,0,0.6801872074883,0,0,0,0.668759811616955,0,0.688995215311005,0,0.163076923076923,0,0,0,0.684129429892142,0,0,0.690993788819876,0.687692307692308,0,0,0.68266253869969,0.807692307692308,0,0.00155038759689922,0,1,0.689547581903276,0,0.693498452012384,0.755520504731861,0,0.327160493827161,0.553706505295008,0,0,0.328808446455505,0.297674418604651,0.65414710485133,0,0.683229813664596,0,0,0.6625,0,0.0015625,0.992236024844721,0.670826833073323,0,0,0.669278996865204,0,0,0.691338582677165,0.660436137071651,0,0,0,0.474164133738602,0.692068429237947,0.65625,0.685714285714286,0.672811059907834,0.315047021943574,0.673343605546995,0.674382716049383,0.684532924961715,0.760697305863708,0.679425837320574,0,0.672754946727549,0.0015625,0.683229813664596,0.912307692307692,0.946070878274268,0,0,0.964006259780908,0,0.312404287901991,0.957345971563981,0.987635239567233,0,0.314152410575428,0,0,0.458333333333333,0,1,0.927302100161551,0,0,0,0.671339563862928,0.353115727002967,0.305466237942122,0.00606980273141123,0,0.0184615384615385,0.689655172413793,0.664566929133858,0,0.700315457413249,0,0.625391849529781,0.8859375,0.689922480620155,0.680428134556575,0.671031096563011,0,0.921417565485362,0,0,0,0.738532110091743,0.685714285714286,0,0.672926447574335,0,0,0.691019786910198,0,0.67616191904048,0,0.690737833594976,0.67398119122257,0,0.321875,0.683976261127596,0,0.687301587301587,0.230889235569423,0.687311178247734,0.833846153846154,0.683890577507599,0.22884012539185,0.697160883280757,0,0.68125,0.65891472868217,0.7015625,0,0,0,0.0353697749196141,0.66394779771615,0,0.676190476190476,0,0.675850891410049,0.681047765793529,0,0,0,0.0832025117739403,0,0.692660550458716,0.677018633540373,0,0,0.950558213716108,0.918495297805643,0,0,0.693146417445483,0,0,0.689490445859873,0,0,0.318461538461538,0.466360856269113,0,1,0,0,0.895384615384615,0.672333848531685,0,0.680685358255452,0.0015625,0.0352564102564103,0.00158227848101266,0.178625954198473,0,0.676898222940226,0,0,0,1,0.684887459807074,0,0,0.327586206896552,0,0.682098765432099,0.644067796610169,0.670846394984326,0,0,0,0.904689863842663,0.685897435897436,0.908945686900958,0.0015625,0.690658499234303,0.69558599695586,0.651234567901235,1,0,0.0417956656346749,0,0,0.675039246467818,0.697388632872504,0.836734693877551,0.962732919254658,0.679566563467492,0.688575899843505,0.670769230769231,0.998407643312102,0.691588785046729,0,1,0.677966101694915,0,0,0,0.68140243902439,0.680365296803653,0.962962962962963,0,0.682737169517885,0.690513219284603,0,0,0.682316118935837,0.305194805194805,0,0,0.309748427672956,0,0.691717791411043,0,0.685358255451713,0.477064220183486,0.325038880248834,0.592537313432836,0,0.704268292682927,0.685358255451713,0.31937984496124,0.328267477203647,0,0.675039246467818,0,0.677177177177177,0,0.679566563467492,0.68503937007874,0.653786707882535,0.478461538461538,0.677265500794913,0.684952978056426,0.336463223787167,0.682588597842835,0.844936708860759,0,1,0,0.6984375,0,1,0.678071539657854,0.684126984126984,0,0.939393939393939,0,0.911353032659409,0.659375,0,0.934782608695652,0.329192546583851,0,0,0,0.684466019417476,0.96048632218845,0,0.558502340093604,0.897476340694006,0.642857142857143,0.678955453149002,0.674884437596302,0,0,0,0,0,0.93161094224924,0.00303490136570561,0.310291858678955,0.995562130177515,0.679626749611198,0,0,0,0,0.910906298003072,0.687022900763359,0,0,0,0,0,0,0.509923664122137,0.998410174880763,0,0.913846153846154,0.682737169517885,0.552795031055901,0,0.608832807570978,0.685303514376997,0.684867394695788,0,0.959247648902821,0.681470137825421,0,0,0.620472440944882,0.691833590138675,0.695652173913043,0.6768,0.00154083204930663,0.674565560821485,0.6801872074883,0.579937304075235,0.680124223602484,0.0291858678955453,0.684053651266766,0.907348242811502,0.66820987654321,1,0,0.904458598726115,0.691222570532915,0.687301587301587,0.675039246467818,0,0,0,0,0,0,0.666139240506329,0,0.686427457098284,0.685154975530179,0.400311526479751,0.319935691318328,0,0,1,0.689969604863222,0.873040752351097,0.00151975683890578,0.966929133858268,0,0,0.684713375796178,0,0,0.377567140600316,0.576104746317512,0.0029585798816568,0.917591125198098,0.895569620253165,0,0,0,0.90894819466248,1,0.678516228748068,0.576923076923077,0.691833590138675,1,0.67244094488189,0.912974683544304,0,0,0.67175572519084,0.686728395061728,0.756211180124224,0.667721518987342,0.685185185185185,0.684044233807267,0,0,0.666666666666667,0,1,0,0.775316455696203,0,0.3234375,0,0.685358255451713,0.693290734824281,0.922720247295209,0.32398753894081,0,0,0.209779179810726,0.0948553054662379,0.683464566929134,0.683042789223455,0,0.6828125,0.746522411128284,0.684044233807267,0,0.895865237366003,0,0,0.687692307692308,0.326332794830372,0.683464566929134,0,0,0.688549618320611,0.693146417445483,0.675187969924812,0.13953488372093,0.686305732484076,0,0.942989214175655,0,0,0.29984544049459,0.35625,0.678913738019169,0.94375,0.673343605546995,0,0,0.690363349131122,0.673879443585781,0.37888198757764,0,0.693251533742331,0.618098159509202,0.690402476780186,0.0169230769230769,0.530063291139241,0.996941896024465,0.694915254237288,0.676335877862595,0.670926517571885,0.690140845070423,0.680428134556575,0.0262345679012346,0,0.687211093990755,0.445161290322581,0.312989045383412,0.765258215962441,0.309951060358891,0,0.678899082568807,0.998422712933754,0.672307692307692,0.688650306748466,0.624615384615385,0.675675675675676,1,0.665625,0.689274447949527,0.674015748031496,0.687692307692308
"394",0.287581699346405,0.304487179487179,0.308681672025723,0.320907617504052,0.3024,0.305732484076433,0.0146341463414634,0.313915857605178,0.307324840764331,0.578512396694215,0.316037735849057,0.646129541864139,0.50814332247557,0.3125,1,1,0.629337539432177,0,0.318910256410256,0.313385826771654,1,1,0.325471698113208,0.523885350318471,0.3109375,1,1,0.332781456953642,0.310236220472441,0.508943089430894,1,0.575709779179811,0.358044164037855,0.995184590690209,0.671497584541063,0.305647840531561,0.140822784810127,0.318681318681319,1,0.297805642633229,0.00315457413249211,0,0,0.319354838709677,0.307073954983923,1,0.9936,1,1,1,0.694267515923567,0.318181818181818,1,0.310126582278481,0.307570977917981,0.811897106109325,0.128824476650564,0.323717948717949,0.31055900621118,0.313099041533546,0.99375,1,1,0.00643086816720257,0.309210526315789,0.317535545023697,0.663987138263666,0.320907617504052,0.618683001531394,1,0.312989045383412,1,1,0.275806451612903,0.161695447409733,0.313935681470138,1,0.993710691823899,0.3140625,1,0.609195402298851,1,1,0.317535545023697,1,0.31839258114374,0.3088,0.327014218009479,0.315112540192926,0,0.318979266347687,0.316358024691358,0.69551282051282,0.594976452119309,0.306962025316456,0.639751552795031,0.689490445859873,0.307453416149068,0.119205298013245,0,0.303656597774245,0.627575277337559,1,0.306818181818182,1,0.309791332263242,0,0.3184,1,1,1,0.307324840764331,0.995327102803738,0.316037735849057,0.20125786163522,0.295031055900621,1,0.3936,1,1,0.207278481012658,0.303459119496855,1,1,0.324881141045959,1,0.31866464339909,0.309119010819165,0.36984126984127,0.775729646697389,0.316720257234727,1,0.321895424836601,0.642414860681115,0.325769854132901,1,0.00155763239875389,1,0.366720516962843,0.887459807073955,0.585760517799353,0.598086124401914,0.31378763866878,0.319805194805195,1,0.309148264984227,1,0.294212218649518,0.48489666136725,0.320987654320988,1,0.303425774877651,0.305825242718447,0.320388349514563,0.316129032258064,1,0.299524564183835,1,0.445141065830721,0.321875,1,0.317262830482115,1,0.601612903225806,0.311074918566775,1,0.313385826771654,0.303174603174603,0.328593996840442,0.985804416403785,0.331230283911672,1,0.313408723747981,1,0.308196721311475,1,0.602503912363067,0.291079812206573,0.0278688524590164,0.289855072463768,0.308426073131955,1,0.300314465408805,0.315705128205128,0.313479623824451,0.320251177394035,1,1,0.321027287319422,0.317307692307692,1,1,0.3171875,0.236044657097289,0.0201550387596899,0.687196110210697,1,0.00318471337579618,0.314285714285714,1,0.313014827018122,0.30521472392638,0.30952380952381,0.996815286624204,1,1,0.318461538461538,0.313821138211382,0.315541601255887,0.688206785137318,0.3008,1,0.32695374800638,1,1,0.43171114599686,0.319870759289176,0.311811023622047,0.3125,0.293838862559242,0.305958132045089,0.649038461538462,1,1,0.309262166405024,0.0047244094488189,0.312307692307692,0.309968847352025,0.314696485623003,0.304278922345483,0.296474358974359,0.309230769230769,0.708920187793427,0.370892018779343,0.2921875,1,0.317589576547231,1,0.308049535603715,0.3024,0.304625199362041,0.32741935483871,0.308441558441558,1,0.319182389937107,0.793929712460064,1,1,0.996805111821086,1,1,0.897106109324759,1,1,1,0.309148264984227,1,0.315789473684211,0,1,0.398425196850394,1,0.310789049919485,0.314375987361769,0.30064308681672,0.424050632911392,1,0.316118935837246,1,1,1,1,0,0.311475409836066,1,1,0.312101910828025,1,0.315457413249211,1,1,0.304700162074554,0.311897106109325,0.285714285714286,0.147435897435897,0.322274881516588,0,0.597200622083981,1,0.315457413249211,0.307568438003221,0.591194968553459,1,1,0.319218241042345,0.323248407643312,1,0.668253968253968,0.702265372168285,0.301612903225806,0.310965630114566,0.993700787401575,0.318110236220472,0.293846153846154,1,0.309409888357257,0.304552590266876,1,0.302931596091205,0.31687898089172,0.302839116719243,0.312698412698413,1,1,1,0.302839116719243,0.325842696629214,0.00784929356357928,0.9904,0.313099041533546,1,1,0.309262166405024,0.317262830482115,0.2953125,0.312599681020734,0.3104,1,0.301282051282051,0.311290322580645,0.581847649918963,1,0.840255591054313,1,0,1,0.313178294573643,1,1,0.431924882629108,0.998452012383901,0.30983606557377,1,0.306836248012719,0.300319488817891,0.309748427672956,1,1,0.31637519872814,0.38961038961039,0.619582664526485,0.302588996763754,1,1,1,0.317741935483871,1,0.210526315789474,1,1,1,1,0.32120253164557,1,0.313953488372093,0.325358851674641,0.683042789223455,0.30048465266559,1,0.313084112149533,0.309968847352025,0.310855263157895,1,0.300787401574803,1,0.314152410575428,0.4765625,0.322683706070288,0.328025477707006,0.311708860759494,1,0.313001605136437,0.295161290322581,1,1,0.317034700315457,0.306477093206951,1,0.491499227202473,0.306581059390048,0.325914149443561,0.3265625,0.689547581903276,1,0.288333333333333,1,0.435275080906149,0.304700162074554,0,0.884676145339652,0.313915857605178,0.3104,0,0.0287081339712919,0.980982567353407,0.304140127388535,1,0.303858520900322,0.313821138211382,1,0.31496062992126,0.312399355877617,0.673501577287066,1,0.310789049919485,0.312202852614897,1,0.309859154929577,0.298531810766721,1,0.340659340659341,0.305825242718447,0.317683881064163,0.320634920634921,0.800314465408805,1,0.979430379746835,1,1,0.00162337662337662,1,0.992150706436421,1,0.444267515923567,0.996747967479675,0.310291858678955,0.992319508448541,0.319488817891374,0.995238095238095,0.605873261205564,0.644067796610169,0.311320754716981,0.305863708399366,0.645161290322581,0.308196721311475,0,0.642857142857143,0.682847896440129,0.310236220472441,0.00158227848101266,0.304278922345483,0.302507836990596,0.781499202551834,0.315873015873016,0.694968553459119,0.602627257799672,0.307570977917981,0.311320754716981,0.29570747217806,1,0.0256410256410256,0,0.311424100156495,0.317891373801917,0.323854660347551,1,0.352272727272727,0.31378763866878,1,0.31201248049922,0.936102236421725,0.57641196013289,1,1,0.991610738255034,0.31104199066874,0.608,0.313572542901716,0.315447154471545,0.3078125,0.432601880877743,1,0.304487179487179,1,0.313725490196078,0.311475409836066,1,0.317589576547231,1,0.321027287319422,1,1,0.31378763866878,0,1,0.3198127925117,1,0.556782334384858,1,0.52132701421801,1,0.540192926045016,1,0.316558441558442,1,1,1,0.306836248012719,0.306320907617504,0.308777429467085,0.344771241830065,0.351395730706076,0.302839116719243,1,0.313504823151125,1,1,0.323390894819466,0.308917197452229,0.309859154929577,0.379746835443038,0.313291139240506,1,1,0.322169059011164,0.324058919803601,0.642512077294686,0.589540412044374,0.312599681020734,0.306349206349206,1,0.30622009569378,0.30781010719755,0.995268138801262,0.29344262295082,0.302507836990596,0,0.137285491419657,0.308306709265176,0.684532924961715,0.308426073131955,0.315372424722662,0.60708782742681,0.996810207336523,0.310177705977383,1,0.303656597774245,0.337620578778135,0.303079416531605,0.466141732283465,0.308186195826645,1,0.31911532385466,0.313504823151125,0.322368421052632,0.692913385826772,1,0.315619967793881,0.311526479750779,0,0.316692667706708,0.998405103668262,0.94888178913738,1,0.314465408805031,0.315541601255887,0.310897435897436,0.596875,1,0.595744680851064,0.332263242375602,1,1,0.96656050955414,0.681672025723473,0.316720257234727,0.349282296650718,0.315286624203822,0.317111459968603,1,1,0.52,0.640502354788069,1,1,0.998412698412698,0.702746365105008,1,0.318885448916409,0.690363349131122,1,0.324367088607595,0.312399355877617,0.31629392971246,0.99685534591195,1,0.656198347107438,0.31378763866878,1,1,0.316614420062696,0.306962025316456,0.998402555910543,0,0.3056,0.298722044728434,0.00805152979066022,0.310344827586207,1,0.304838709677419,1,0.14576802507837,0,0.906727828746177,0.320574162679426,1,1,0,0.00154320987654321,0.312302839116719,1,0.307565789473684,0.996965098634294,0.307073954983923,1,0.998389694041868,0.963607594936709,0.770932069510269,1,1,0.00638977635782748,1,0.517017828200972,0.318770226537217,0.682965299684543,0.318110236220472,1,0.298722044728434,0.687598116169545,1,1,0.318327974276527,0.627272727272727,0.323943661971831,0.596214511041009,0.96998420221169,0.322222222222222,0.6128,0.0127388535031847,0.308426073131955,0.306477093206951,0.317757009345794,1,0.641860465116279,0.30503144654088,0.891025641025641,0.596153846153846,0.967136150234742,1,1,0.303858520900322,0.331723027375201,0.302250803858521,0.301261829652997,0.303937007874016,0.624808575803982,0.308282208588957,0,0.688073394495413,0.998425196850394,0.318840579710145,0.3,0.314662273476112,0.315217391304348,0.605919003115265,1,0.325471698113208,0.32520325203252,0.321428571428571,0.314102564102564,0.311111111111111,0.304065040650407,0.197183098591549,0.682182985553772,0.309178743961353,0.60625,1,0.240944881889764,0.313694267515924,0.919354838709677,1,1,0.304625199362041,0.648148148148148,1,0.313479623824451,0.3008,0.952614379084967,1,1,0.996732026143791,0.314194577352472,1,1,0.8992,1,0.347222222222222,1,0.60291734197731,1,0.683042789223455,0.308306709265176,0.606796116504854,1,1,0.990338164251208,0.320433436532508,0.319182389937107,0.314424635332253,0.314375987361769,0.320388349514563,0.308186195826645,0.980487804878049,0.30379746835443,1,1,0.715396578538103,0,0.309262166405024,0.308661417322835,0.68895800933126,1,0.575039494470774,0.324492979719189,0.656645569620253,0.308064516129032,0.319672131147541,1,0.302250803858521,0.315525876460768,0.6928,0.912605042016807,0.315629742033384,0.616013071895425,0.58908507223114,0.3140625,0.315533980582524,0.298412698412698,0.604465709728868,0.688995215311005,1,0.886942675159236,1,0.675507020280811,0.996779388083736,0.593548387096774,0.303656597774245,0.311074918566775,1,1,0.444094488188976,0.991896272285251,0.99685534591195,1,0.305863708399366,0.323717948717949,1,0.306525037936267,0.684458398744113,0.321027287319422,0.46742671009772,0.298701298701299,0,0.3078125,1,1,0.60126582278481,0.0015600624024961,0.31378763866878,0.313001605136437,0.101426307448494,0.402640264026403,1,1,0.3140625,1,0.4256,1,0.319938176197836,0.590551181102362,0.317535545023697,0.297872340425532,1,0,1,0.300492610837438,0.323296354992076,1,1,1,0.438906752411576,1,0.315286624203822,0.634375,0.324367088607595,0.315270935960591,0.00157977883096367,0.0385232744783307,1,0.633333333333333,1,0.323809523809524,0.318840579710145,1,1,0.158227848101266,0.304075235109718,1,0.907378335949764,1,0.3203125,0.205501618122977,0.675590551181102,1,1,1,1,1,0.287519747235387,0.294871794871795,1,0.118971061093248,0.00162337662337662,0.450920245398773,0,0.314606741573034,1,0.679611650485437,1,1,0.896551724137931,1,0.688188976377953,1,1,1,1
"395",1,1,1,1,1,1,0.721854304635762,1,1,0.096989966555184,1,0.0452342487883683,0.813114754098361,1,0.294701986754967,0.289644012944984,0.0644122383252818,0.708967851099831,1,1,0.269480519480519,0.296596434359805,1,0.15670436187399,1,0.307570977917981,0.291803278688525,1,1,0.776886035313002,0.291935483870968,0.717285945072698,0.964458804523425,0.281967213114754,0,1,0.541195476575121,1,0.278301886792453,1,0.68780487804878,0.708064516129032,0.716300940438871,1,1,0.29159802306425,0.298217179902755,0.285939968404423,0.293739967897271,0.296,0,1,0.293375394321767,1,1,0.486970684039088,0.570962479608483,1,1,1,0.305057096247961,0.288524590163934,0.2992,0.702127659574468,1,1,0.0352564102564103,1,0.0585443037974684,0.291139240506329,1,0.294871794871795,0.299668874172185,0.966887417218543,0.51461038961039,1,0.286407766990291,0.308917197452229,1,0.287625418060201,0.0881863560732113,0.300955414012739,0.301639344262295,1,0.308306709265176,1,1,1,1,0.717948717948718,1,1,0,0.104333868378812,1,0.0423197492163009,0,1,0.566386554621849,0.702127659574468,1,0.053484602917342,0.294975688816856,1,0.293159609120521,1,0.713592233009709,1,0.297734627831715,0.294498381877023,0.294685990338164,1,0.298045602605863,1,0.496062992125984,1,0.290322580645161,0.30064308681672,0.300623052959502,0.296116504854369,0.478260869565217,0.998376623376623,0.303858520900322,0.294701986754967,1,0.281889763779528,1,1,0.32741935483871,0.52418096723869,1,0.289473684210526,1,0.0395569620253165,1,0.296998420221169,0.69551282051282,0.30048465266559,0.929260450160772,0.397350993377483,0.10016155088853,0.0958466453674121,1,1,0.305921052631579,1,0.296998420221169,1,0.806089743589744,1,0.300492610837438,1,1,1,1,0.313114754098361,1,0.3,0.25,1,0.286846275752773,1,0.278846153846154,0.0849673202614379,1,0.289473684210526,1,1,1,0.311111111111111,1,0.304560260586319,1,0.288244766505636,1,0.297253634894992,0.0750407830342577,1,0.652027027027027,1,1,0.299342105263158,1,1,1,1,0.296296296296296,0.286846275752773,1,0.99836867862969,0.294117647058824,0.28665568369028,1,0.441786283891547,0.692307692307692,0,0.2944,0.698205546492659,1,0.311627906976744,1,0.998415213946117,1,0.2928,0.297297297297297,0.304777594728171,1,1,1,0,1,0.281923714759536,0.974025974025974,0.298850574712644,0.280844155844156,0.726247987117552,1,1,1,1,1,0.0421393841166937,0.291734197730956,0.300955414012739,1,0.710610932475884,1,1,0.998381877022654,0.998417721518987,1,1,0.00319488817891374,0.310509554140127,1,0.285714285714286,1,0.277511961722488,1,1,1,1,1,0.303079416531605,1,0.508223684210526,0.301458670988655,0.296650717703349,0.285016286644951,0.302737520128824,0.301302931596091,0.397670549084859,0.301612903225806,0.293075684380032,0.29073482428115,1,0.30016051364366,1,0.717628705148206,0.287112561174551,0.308892355694228,0.315447154471545,1,1,1,0.259259259259259,0.287096774193548,1,0.295454545454545,0.300787401574803,0.284539473684211,0.299679487179487,0.708469055374593,1,0.300940438871473,0.29064039408867,1,0.283333333333333,1,0.286168521462639,0.295055821371611,1,1,1,0.54140127388535,1,0.712887438825449,0.0816326530612245,0.298387096774194,1,1,0.0949367088607595,0.30064308681672,0.297161936560935,1,1,0.289348171701113,0.0241157556270096,0.0033167495854063,1,1,0.321711568938193,0.998389694041868,1,0.284565916398714,1,1,0.292332268370607,1,1,1,1,0.303715670436187,0.283699059561129,0.303333333333333,1,1,0.690705128205128,0.299674267100977,1,0.293375394321767,0.287096774193548,1,1,0.998425196850394,1,1,0.302588996763754,1,1,0.103505843071786,0.311290322580645,0.451768488745981,0.287781350482315,0.696343402225755,0.29375,1,0.288998357963875,0.311004784688995,0.248796147672552,0.2928,1,0.297674418604651,1,1,1,0.284552845528455,0.299524564183835,0.998363338788871,0.926788685524126,0.060655737704918,1,0.289808917197452,0.303333333333333,0.288273615635179,1,0.30016051364366,0.478537360890302,0.298217179902755,0.288492706645057,0.304777594728171,0.282747603833866,1,0.302100161550889,1,1,0,1,0.301639344262295,1,1,1,0.304347826086957,1,0.289297658862876,1,0.834130781499203,1,1,1,0.284109149277689,1,1,0.294871794871795,0.295345104333868,1,1,0.289137380191693,0.19175911251981,1,0.998397435897436,1,0,0.288333333333333,1,0.2848,0.23841059602649,1,0.705882352941177,0.431962025316456,1,1,0.70679012345679,0.729200652528548,0.325806451612903,1,0.294498381877023,1,1,0.311367380560132,1,0.998384491114701,0.00816993464052288,0.298245614035088,1,1,0.301666666666667,1,1,0.280327868852459,0.3264,1,1,1,0.5184,0.285261489698891,0.326699834162521,0.296062992125984,0.309562398703404,0.720198675496689,0.298578199052133,0.306188925081433,0.288216560509554,0.237179487179487,0.304777594728171,1,0.295418641390205,0.998360655737705,0.291734197730956,0.0845070422535211,0.0462519936204147,1,1,0.0385232744783307,1,0.713607594936709,0.0376432078559738,0.0130293159609121,1,0.699675324675325,1,1,0.522875816993464,1,0,0.0745033112582782,1,1,1,0.304487179487179,0.666666666666667,0.718855218855219,0.993670886075949,1,0.984025559105431,0.2864,0.318555008210181,1,0.277960526315789,1,0.355305466237942,0.0993485342019544,0.27591706539075,0.300623052959502,0.298969072164948,1,0.0818897637795276,1,1,1,0.252782193958665,0.297029702970297,1,0.297208538587849,1,1,0.28343949044586,1,0.299689440993789,1,0.283870967741935,0.3024,1,0.704918032786885,0.294392523364486,1,0.29064039408867,0.751612903225806,0.295489891135303,0.160063391442155,0.305295950155763,0.752883031301483,0.280327868852459,1,0.311111111111111,0.312903225806452,0.269354838709677,1,1,1,0.973421926910299,0.337792642140468,1,0.294214876033058,1,0.289517470881864,0.301916932907348,1,1,1,0.920711974110032,1,0.293838862559242,0.30016051364366,1,1,0.0490998363338789,0.0788177339901478,1,1,0.28125,1,1,0.286858974358974,1,1,0.702875399361022,0.535545023696682,1,0,1,1,0.102964118564743,0.301458670988655,1,0.294892915980231,0.998384491114701,0.968954248366013,0.998394863563403,0.820919175911252,1,0.303182579564489,1,1,1,0,0.299668874172185,1,1,0.695867768595041,1,0.294022617124394,0.347619047619048,0.293739967897271,1,1,1,0.0952380952380952,0.293624161073825,0.0889261744966443,0.99837925445705,0.28548644338118,0.283018867924528,0.333333333333333,0,1,0.95928338762215,1,1,0.303571428571429,0.28125,0.155115511551155,0.0388978930307942,0.296178343949045,0.283849918433931,0.30064308681672,0,0.2896,1,0,0.296474358974359,1,1,1,0.289348171701113,0.293460925039872,0.0360065466448445,1,0.283849918433931,0.289763779527559,1,1,0.28780487804878,0.721008403361345,1,1,0.707516339869281,1,0.296178343949045,1,0.292407108239095,0.53015873015873,0.6928,0.382075471698113,1,0.273155416012559,0.2914653784219,0.698412698412698,0.691455696202532,1,0.3008,1,0.304416403785489,1,0.297253634894992,0.293548387096774,0.33868378812199,0.497622820919176,0.291803278688525,0.284072249589491,0.690322580645161,0.285483870967742,0.148900169204738,1,0,1,0.270226537216828,1,0,0.297385620915033,0.293532338308458,1,0.05320813771518,1,0.0862619808306709,0.32258064516129,1,0.0660225442834139,0.691813804173355,1,1,1,0.299832495812395,0.0375586854460094,1,0.421138211382114,0.0993485342019544,0.337559429477021,0.302737520128824,0.293185419968304,1,1,1,1,1,0.0650793650793651,0.998442367601246,0.709984152139461,0.00308641975308642,0.296950240770466,1,1,1,1,0.0882352941176471,0.286624203821656,1,1,1,1,1,1,0.494505494505495,0,1,0.0822784810126582,0.298869143780291,0.436187399030695,1,0.384488448844884,0.288364249578415,0.293929712460064,1,0.0370967741935484,0.301282051282051,1,1,0.361064891846922,0.292527821939587,0.287096774193548,0.300653594771242,0.998425196850394,0.303839732888147,0.302884615384615,0.389967637540453,0.298217179902755,0.974643423137876,0.295774647887324,0.0827814569536424,0.304761904761905,0,1,0.0891089108910891,0.2833607907743,0.284789644012945,0.298045602605863,1,1,1,1,1,1,0.311986863711002,1,0.288273615635179,0.291882556131261,0.577170418006431,0.707516339869281,1,1,0,0.287949921752739,0.110932475884244,0.998415213946117,0.0358306188925081,1,1,0.289735099337748,1,1,0.591572123176661,0.383973288814691,0.996932515337423,0.0818330605564648,0.0977198697068404,1,1,1,0.0875202593192869,0,0.295238095238095,0.411382113821138,0.288431061806656,0,0.305280528052805,0.0855263157894737,1,1,0.297770700636943,0.289855072463768,0.237864077669903,0.307692307692308,0.282296650717703,0.303937007874016,1,1,0.303776683087028,1,0,1,0.223472668810289,1,0.698541329011345,1,0.2896,0.280528052805281,0.0754414125200642,0.70364500792393,1,1,0.803542673107891,0.886699507389163,0.302134646962233,0.29016393442623,1,0.301458670988655,0.249594813614263,0.29635761589404,1,0.102201257861635,1,1,0.29126213592233,0.695364238410596,0.27986906710311,1,1,0.295774647887324,0.281553398058252,0.298273155416013,0.834967320261438,0.290849673202614,1,0.0522151898734177,1,1,0.709320695102686,0.675324675324675,0.301666666666667,0.0584415584415584,0.30048465266559,1,1,0.283112582781457,0.303571428571429,0.618971061093248,1,0.2816,0.3486529318542,0.294871794871795,0.98256735340729,0.467874794069193,0.00321543408360129,0.28548644338118,0.300476947535771,0.304276315789474,0.28995057660626,0.302362204724409,0.968553459119497,1,0.293075684380032,0.552188552188552,0.699173553719008,0.2384,0.715242881072027,1,0.300324675324675,0.0016366612111293,0.302588996763754,0.285483870967742,0.337078651685393,0.308196721311475,0,0.316129032258064,0.296235679214403,0.298187808896211,0.286644951140065
"396",0.291139240506329,0.304953560371517,0.314329738058552,0.320813771517997,0.3046875,0.3,0.0112359550561798,0.318037974683544,0.301538461538462,0.57484076433121,0.309559939301973,0.646969696969697,0.512618296529968,0.309262166405024,1,1,0.622699386503067,0,0.317460317460317,0.299531981279251,1,1,0.309923664122137,0.515479876160991,0.298937784522003,1,1,0.326829268292683,0.301204819277108,0.521462639109698,1,0.58179012345679,0.359013867488444,0.995305164319249,0.677215189873418,0.311074918566775,0.153488372093023,0.315384615384615,1,0.295839753466872,0.00321543408360129,0,0,0.319182389937107,0.308176100628931,1,0.995297805642633,1,1,1,0.693374422187982,0.321144674085851,1,0.322530864197531,0.301412872841444,0.805111821086262,0.126382306477093,0.30625,0.30381679389313,0.312989045383412,0.990922844175492,1,1,0.00313971742543171,0.301765650080257,0.312404287901991,0.662440570522979,0.313572542901716,0.623688155922039,1,0.317262830482115,1,1,0.263754045307443,0.170506912442396,0.302571860816944,1,0.996932515337423,0.312404287901991,1,0.607717041800643,1,1,0.314329738058552,1,0.316742081447964,0.30564263322884,0.315541601255887,0.313664596273292,0,0.308661417322835,0.313725490196078,0.693972179289026,0.578461538461538,0.305732484076433,0.646969696969697,0.688650306748466,0.303738317757009,0.132471728594507,0,0.298299845440495,0.626182965299685,1,0.307443365695793,1,0.307086614173228,0,0.313755795981453,1,1,1,0.295384615384615,0.995327102803738,0.321928460342146,0.220700152207002,0.305936073059361,1,0.380585516178737,1,1,0.215503875968992,0.304615384615385,1,1,0.323664122137405,1,0.312965722801788,0.312594840667678,0.358346094946401,0.753822629969419,0.310509554140127,1,0.319554848966614,0.644478063540091,0.323151125401929,1,0.00153374233128834,1,0.361198738170347,0.879807692307692,0.58411214953271,0.603395061728395,0.315217391304348,0.3104,1,0.306027820710974,1,0.2953125,0.505295007564297,0.314503816793893,1,0.299840510366826,0.309033280507132,0.310618066561014,0.316279069767442,1,0.29874213836478,1,0.437403400309119,0.32262996941896,1,0.307926829268293,1,0.596153846153846,0.310126582278481,1,0.308777429467085,0.303875968992248,0.3234375,0.989296636085627,0.315870570107858,1,0.313572542901716,1,0.310569105691057,1,0.598145285935085,0.297213622291022,0.0304,0.285939968404423,0.302325581395349,1,0.301242236024845,0.315625,0.314241486068111,0.316998468606432,1,1,0.310126582278481,0.318952234206472,1,1,0.315132605304212,0.24,0.0211800302571861,0.699376947040498,1,0.00307692307692308,0.31201248049922,1,0.310618066561014,0.305471124620061,0.307453416149068,0.996951219512195,1,1,0.317365269461078,0.301587301587302,0.310452418096724,0.690437601296596,0.301587301587302,1,0.32755905511811,1,1,0.448062015503876,0.309748427672956,0.311926605504587,0.317262830482115,0.287051482059282,0.302215189873418,0.653312788906009,1,1,0.297839506172839,0.00303951367781155,0.318112633181126,0.302891933028919,0.316118935837246,0.296296296296296,0.29153605015674,0.310240963855422,0.708527131782946,0.366153846153846,0.294670846394984,1,0.317111459968603,1,0.300153139356815,0.304075235109718,0.307086614173228,0.318681318681319,0.305732484076433,1,0.310291858678955,0.789638932496075,1,1,0.996830427892235,1,1,0.89047619047619,1,1,1,0.297546012269939,1,0.323248407643312,0,1,0.389230769230769,1,0.309033280507132,0.308056872037915,0.300955414012739,0.421135646687697,1,0.312883435582822,1,1,1,1,0,0.300469483568075,1,1,0.315132605304212,1,0.310502283105023,1,1,0.303125,0.315372424722662,0.293291731669267,0.155660377358491,0.319620253164557,0,0.591867469879518,1,0.309341500765697,0.314194577352472,0.581395348837209,1,1,0.310618066561014,0.316614420062696,1,0.656967840735069,0.703525641025641,0.293185419968304,0.304975922953451,0.993911719939117,0.3203125,0.295180722891566,1,0.299531981279251,0.302431610942249,1,0.300787401574803,0.311912225705329,0.305426356589147,0.30625,1,1,1,0.297805642633229,0.322222222222222,0.00918836140888208,0.993710691823899,0.322169059011164,1,1,0.305471124620061,0.311827956989247,0.29984544049459,0.317829457364341,0.309815950920245,1,0.297169811320755,0.305426356589147,0.56984126984127,1,0.836276083467095,1,0,1,0.312594840667678,1,1,0.412130637636081,0.998473282442748,0.317034700315457,1,0.298273155416013,0.293563579277865,0.302431610942249,1,1,0.31055900621118,0.388443017656501,0.618604651162791,0.292452830188679,1,1,1,0.312101910828025,1,0.217928902627512,1,1,1,1,0.31733746130031,1,0.312297734627832,0.3328173374613,0.685271317829457,0.293548387096774,1,0.317757009345794,0.308396946564885,0.309409888357257,1,0.297709923664122,1,0.310030395136778,0.477134146341463,0.314814814814815,0.314285714285714,0.296875,1,0.313385826771654,0.297169811320755,1,1,0.310452418096724,0.299531981279251,1,0.483076923076923,0.307936507936508,0.318529862174579,0.315789473684211,0.693498452012384,1,0.2848,1,0.418238993710692,0.297805642633229,0,0.875968992248062,0.302066772655008,0.306729264475743,0,0.0293663060278207,0.984276729559748,0.302652106084243,1,0.309006211180124,0.304,1,0.311728395061728,0.305511811023622,0.674922600619195,1,0.307210031347962,0.312307692307692,1,0.307219662058372,0.30048465266559,1,0.342635658914729,0.303937007874016,0.307931570762053,0.31733746130031,0.790769230769231,1,0.980952380952381,1,1,0.00155763239875389,1,0.993730407523511,1,0.432766615146832,0.996810207336523,0.298780487804878,0.993939393939394,0.324409448818898,0.996908809891808,0.608047690014903,0.642526964560863,0.314024390243902,0.306153846153846,0.649068322981366,0.309791332263242,0,0.639876352395672,0.687697160883281,0.30757341576507,0.0015552099533437,0.303317535545024,0.306376360808709,0.753184713375796,0.317557251908397,0.697674418604651,0.59967845659164,0.30829420970266,0.304878048780488,0.288819875776398,1,0.0285285285285285,0,0.312307692307692,0.323619631901841,0.328703703703704,1,0.339593114241002,0.30564263322884,1,0.296803652968037,0.941362916006339,0.575039494470774,1,1,0.994949494949495,0.302147239263804,0.604294478527607,0.313935681470138,0.305331179321486,0.30503144654088,0.424196018376723,1,0.301075268817204,1,0.314194577352472,0.307324840764331,1,0.311004784688995,1,0.315955766192733,1,1,0.314900153609831,0,1,0.321044546850998,1,0.566510172143975,1,0.507692307692308,1,0.550473186119874,1,0.308917197452229,1,1,1,0.3,0.313504823151125,0.30781010719755,0.337620578778135,0.341346153846154,0.297256097560976,1,0.317757009345794,1,1,0.317484662576687,0.307324840764331,0.311827956989247,0.384375,0.316666666666667,1,1,0.318885448916409,0.31911532385466,0.636650868878357,0.590909090909091,0.298600311041991,0.305511811023622,1,0.294573643410853,0.30849478390462,0.99537037037037,0.292134831460674,0.295133437990581,0,0.153614457831325,0.3125,0.68452380952381,0.306376360808709,0.308411214953271,0.602719033232628,0.996913580246914,0.304416403785489,1,0.308777429467085,0.340189873417722,0.302325581395349,0.469767441860465,0.308777429467085,1,0.310291858678955,0.311811023622047,0.314553990610329,0.697247706422018,1,0.318110236220472,0.308166409861325,0,0.310769230769231,0.998466257668712,0.954968944099379,1,0.301857585139319,0.303076923076923,0.3046875,0.587786259541985,1,0.60347551342812,0.326018808777429,1,1,0.964451313755796,0.685358255451713,0.318110236220472,0.349693251533742,0.31039755351682,0.306853582554517,1,1,0.517884914463453,0.643856920684292,1,1,0.998477929984779,0.704654895666132,1,0.312977099236641,0.693146417445483,1,0.320987654320988,0.313084112149533,0.315132605304212,0.996960486322188,1,0.653658536585366,0.3125,1,1,0.314024390243902,0.299539170506912,0.998427672955975,0,0.298273155416013,0.306477093206951,0.0048,0.303076923076923,1,0.303174603174603,1,0.157733537519142,0,0.897897897897898,0.317972350230415,1,1,0,0.00153374233128834,0.313271604938272,1,0.304487179487179,0.996946564885496,0.293185419968304,1,0.998432601880878,0.960691823899371,0.763239875389408,1,1,0.00314465408805031,1,0.512861736334405,0.314785373608903,0.681047765793529,0.313664596273292,1,0.29264475743349,0.688679245283019,1,1,0.310509554140127,0.624624624624625,0.320182094081942,0.589257503949447,0.971608832807571,0.325,0.611801242236025,0.0108191653786708,0.297507788161994,0.308777429467085,0.311349693251534,1,0.649016641452345,0.295384615384615,0.894654088050314,0.585173501577287,0.961479198767334,1,1,0.302611367127496,0.329635499207607,0.298273155416013,0.299079754601227,0.308411214953271,0.61969696969697,0.297709923664122,0,0.683109118086697,0.998442367601246,0.317972350230415,0.302215189873418,0.301612903225806,0.308157099697885,0.609230769230769,1,0.316998468606432,0.325077399380805,0.324675324675325,0.318541996830428,0.305900621118012,0.299212598425197,0.207692307692308,0.695859872611465,0.303405572755418,0.599393019726859,1,0.248073959938367,0.308641975308642,0.921383647798742,1,1,0.300623052959502,0.643856920684292,1,0.30640243902439,0.296296296296296,0.952380952380952,1,1,0.996835443037975,0.302936630602782,1,1,0.892744479495268,1,0.343032159264931,1,0.595879556259905,1,0.685410334346505,0.303599374021909,0.605723370429253,1,1,0.992101105845182,0.315384615384615,0.3171875,0.31139646869984,0.309597523219814,0.3125,0.325878594249201,0.987341772151899,0.303125,1,1,0.696923076923077,0,0.310291858678955,0.306870229007634,0.688350983358548,1,0.565015479876161,0.317700453857791,0.652582159624413,0.302325581395349,0.309409888357257,1,0.302362204724409,0.301794453507341,0.682965299684543,0.89983844911147,0.311209439528024,0.610062893081761,0.57345971563981,0.318181818181818,0.313385826771654,0.294392523364486,0.60062893081761,0.697530864197531,1,0.89358372456964,1,0.680365296803653,0.996850393700787,0.596153846153846,0.311248073959938,0.311004784688995,1,1,0.431061806656101,0.995283018867924,0.998459167950693,1,0.305772230889236,0.31875,1,0.305059523809524,0.695121951219512,0.313880126182965,0.464285714285714,0.295774647887324,0,0.299392097264438,1,1,0.601837672281776,0.00153846153846154,0.316692667706708,0.309597523219814,0.0943396226415094,0.4144,1,1,0.308755760368664,1,0.411214953271028,1,0.317147192716237,0.589230769230769,0.316692667706708,0.311216429699842,1,0,1,0.298076923076923,0.305863708399366,1,1,1,0.433021806853583,1,0.310185185185185,0.623052959501558,0.312989045383412,0.315619967793881,0.00153139356814701,0.0405616224648986,1,0.630094043887147,1,0.318818040435459,0.324492979719189,1,1,0.169724770642202,0.30781010719755,1,0.894171779141104,1,0.317484662576687,0.214173228346457,0.683333333333333,1,1,1,1,1,0.269406392694064,0.294117647058824,1,0.129186602870813,0.0016,0.445121951219512,0,0.313195548489666,1,0.684782608695652,1,1,0.883614088820827,1,0.68895800933126,1,1,1,1
"397",0.256,0.24203821656051,0.257503949447077,0.233870967741935,0.237421383647799,0.257097791798107,0.548231511254019,0.250406504065041,0.263736263736264,0.857605177993528,0.24294670846395,0.807511737089202,0.0787781350482315,0.235759493670886,0.42443729903537,0.433489827856025,0.829073482428115,0.575456053067993,0.247603833865815,0.25,0.44215530903328,0.434439178515008,0.252696456086287,0.925396825396825,0.264525993883792,0.408227848101266,0.420454545454545,0.253205128205128,0.2578125,0.133550488599349,0.440124416796268,0.118110236220472,0.215408805031447,0.422893481717011,0.762738853503185,0.248764415156507,0.721183800623053,0.235202492211838,0.430555555555556,0.25194401244168,0.593406593406593,0.572542901716069,0.580398162327718,0.228571428571429,0.240384615384615,0.415857605177994,0.425632911392405,0.421538461538462,0.410216718266254,0.414173228346457,0.756329113924051,0.25,0.43167701863354,0.238993710691824,0.25,0.25,0.700159489633174,0.2432,0.262166405023548,0.246445497630332,0.401253918495298,0.4185303514377,0.4304,0.593949044585987,0.251215559157212,0.259026687598116,0.7981220657277,0.249206349206349,0.826219512195122,0.399684044233807,0.245283018867925,0.416275430359937,0.411575562700965,0.294117647058824,0.747252747252747,0.246081504702194,0.4265625,0.395993836671803,0.23943661971831,0.409309791332263,0.845901639344262,0.425431711145997,0.413078149920255,0.245669291338583,0.394904458598726,0.240061162079511,0.251592356687898,0.237421383647799,0.235109717868339,0.567353407290016,0.246875,0.235920852359209,0.751962323390895,0.857142857142857,0.241987179487179,0.807153965785381,0.7632,0.235384615384615,0.709470304975923,0.601926163723916,0.248025276461295,0.825040128410915,0.443561208267091,0.252045826513912,0.427215189873418,0.252782193958665,0.596244131455399,0.253543307086614,0.421630094043887,0.419303797468354,0.406003159557662,0.24922600619195,0.403815580286169,0.238546603475513,0.782608695652174,0.250384024577573,0.418238993710692,0.969793322734499,0.41131498470948,0.420886075949367,0.792393026941363,0.236760124610592,0.424382716049383,0.421824104234528,0.242236024844721,0.43171114599686,0.246177370030581,0.244239631336406,0.949685534591195,0.635258358662614,0.231766612641815,0.4208,0.244444444444444,0.810318664643399,0.233660130718954,0.416275430359937,0.601255886970173,0.422047244094488,0.1875,0.538461538461538,0.853932584269663,0.856459330143541,0.246056782334385,0.238636363636364,0.421216848673947,0.24483306836248,0.417047184170472,0.254372019077901,0.0892307692307692,0.254992319508449,0.428341384863124,0.23950233281493,0.250401284109149,0.240770465489567,0.251582278481013,0.395866454689984,0.252365930599369,0.405103668261563,0.992248062015504,0.241057542768274,0.429467084639498,0.255054432348367,0.434850863422292,0.835725677830941,0.241545893719807,0.409677419354839,0.258914728682171,0.260530421216849,0.246006389776358,0.403755868544601,0.252365930599369,0.420722135007849,0.243630573248408,0.413249211356467,0.239344262295082,0.410543130990415,0.835164835164835,0.247278382581649,0.628289473684211,0.24203821656051,0.251177394034537,0.434294871794872,0.243328100470958,0.248803827751196,0.259026687598116,0.245283018867925,0.431496062992126,0.429022082018927,0.247603833865815,0.237717908082409,0.416149068322981,0.431309904153355,0.242472266244057,0.821316614420063,0.595744680851064,0.74685534591195,0.407643312101911,0.591194968553459,0.24653312788906,0.423017107309487,0.254019292604502,0.247692307692308,0.245696400625978,0.425233644859813,0.430555555555556,0.415185783521809,0.246913580246914,0.248387096774194,0.250388802488336,0.768488745980707,0.25625,0.427876823338736,0.226771653543307,0.408360128617363,0.428125,0.500787401574803,0.232142857142857,0.248840803709428,0.246031746031746,0.255591054313099,0.251592356687898,0.8,0.408653846153846,0.426771653543307,0.247278382581649,0.588509316770186,0.2375,0.253086419753086,0.256369426751592,0.2453125,0.250798722044728,0.245723172628305,0.750798722044728,0.950540958268934,0.256651017214397,0.423566878980892,0.239549839228296,0.428346456692913,0.241860465116279,0.24203821656051,0.241269841269841,0.231766612641815,0.245499181669394,0.409810126582278,0.246489859594384,0.210776545166403,0.402843601895735,0.413685847589425,0.424878836833603,0.4128,0.416932907348243,0.518167456556082,0.4140625,0.414012738853503,0.407523510971787,0.259259259259259,0.41259842519685,0.245469522240527,0.573643410852713,0.407874015748032,0.964341085271318,0.418495297805643,0.248397435897436,0.230647709320695,0.243630573248408,1,0.44251968503937,0.235015772870662,0.410543130990415,0.407751937984496,0.410094637223975,0.420221169036335,0.576433121019108,0.237179487179487,0.417840375586854,0.418416801292407,0.246445497630332,0.425774877650897,0.255384615384615,0.421461897356143,0.428120063191153,0.251602564102564,0.2448,0.250793650793651,0.726984126984127,0.235668789808917,0.577777777777778,0.844274809160305,0.412322274881517,0.248847926267281,0.23482428115016,0.855095541401274,0.418096723868955,0.410628019323671,0.245928338762215,0.247191011235955,0.432389937106918,0.772370486656201,0.755980861244019,0.25,0.247172859450727,0.422360248447205,0.247634069400631,0.246951219512195,0.418495297805643,0.249206349206349,0.25652841781874,0.420062695924765,0.25,0.243710691823899,0.247244094488189,0.240887480190174,0.412225705329154,0.426829268292683,0.420711974110032,0.243710691823899,0.25518341307815,0.582018927444795,0.421725239616613,0.237639553429027,0.424806201550388,0.430842607313196,0.253869969040248,0.243034055727554,0.24685534591195,0.242718446601942,0.24804992199688,0.41838351822504,0.23444976076555,0.259615384615385,0.858995137763371,0.408450704225352,0.567140600315956,0.422047244094488,0.576923076923077,0.41471048513302,0.253799392097264,0.43312101910828,0.423137876386688,1,0.4109375,0.245222929936306,0.427018633540373,0.247208931419458,0.248025276461295,0.253918495297806,0.436305732484076,0.422776911076443,0.243710691823899,0.165853658536585,0.814696485623003,0.256,0.41692789968652,0.4170692431562,0.413848631239936,0.245192307692308,0.417310664605873,0.794258373205742,0.414285714285714,0.421647819063005,0.416531604538088,0.430842607313196,0.244204018547141,0.414910858995138,0.232786885245902,0.246467817896389,0.757188498402556,0.248397435897436,0.417721518987342,0.252365930599369,0.245723172628305,0.23482428115016,0.411764705882353,0.250778816199377,0.412903225806452,0.24468085106383,0.0973724884080371,0.257503949447077,0.253634894991922,0.241324921135647,0.425867507886435,0.242765273311897,0.241987179487179,0.424960505529226,0.417721518987342,0.234920634920635,0.239747634069401,0.421800947867299,0.946319018404908,0.25531914893617,0.244131455399061,0.238689547581903,0.755520504731861,0.435275080906149,0.23841059602649,0.418238993710692,1,0.252782193958665,0.585826771653543,0.29984544049459,0.241545893719807,0.237048665620094,0.596992481203008,0.568253968253968,0.399366085578447,0.247987117552335,0.421630094043887,0.239302694136292,0.237785016286645,0.411764705882353,0.2421875,0.248788368336026,0.757142857142857,0.414673046251994,0.251192368839428,0.2304,0.4256,0.250391236306729,0.244372990353698,0.421052631578947,0.922118380062305,0.2416,0.240829346092504,0.242138364779874,0.205007824726135,0.420886075949367,0.444270015698587,0.427258805513017,0.418789808917197,0.583732057416268,0.406153846153846,0.403755868544601,0.433697347893916,0.993640699523052,0.42515923566879,0.255451713395639,0.43167701863354,0.243980738362761,0.424528301886792,0.840735068912711,0.805337519623234,0.247278382581649,0.248085758039816,0.8046875,0.241545893719807,0.585669781931464,0.806349206349206,0.763406940063092,0.232919254658385,0.572107765451664,0.24483306836248,0.252747252747253,0.640901771336554,0.248407643312102,0.747648902821317,0.853181076672104,0.241758241758242,0.252679938744257,0.265210608424337,0.420545746388443,0.616417910447761,0.567043618739903,0.262578616352201,0.247619047619048,0.207488299531981,0.444270015698587,0.927672955974843,0.240566037735849,0.423510466988728,0.246875,0.36624203821656,0.857142857142857,0.440809968847352,0.416539050535988,0.407470288624788,0.256609642301711,0.836641221374046,0.252713178294574,0.236245954692557,0.240566037735849,1,0.405448717948718,0.255520504731861,0.42215088282504,0.247540983606557,0.245161290322581,0.422712933753943,0.235864297253635,0.43206106870229,0.258785942492013,0.435772357723577,0.421052631578947,0.247226624405705,0.584786053882726,0.424615384615385,0.241809672386895,0.420032310177706,0.162790697674419,0.428348909657321,0.917829457364341,0.421538461538462,0.1198738170347,0.4224,0.262820512820513,0.417197452229299,0.406542056074766,0.443573667711599,0.248037676609105,0.252411575562701,0.25,0.212662337662338,0.92396694214876,0.247261345852895,0.412052117263844,0.238473767885533,0.437194127243067,0.419254658385093,0.246105919003115,0.25,0.241486068111455,0.167464114832536,0.240740740740741,0.425925925925926,0.421947449768161,0.240566037735849,0.244019138755981,0.820678513731826,0.830963665086888,0.241758241758242,0.249597423510467,0.432038834951456,0.259904912836767,0.248854961832061,0.41838351822504,0.257328990228013,0.247278382581649,0.57484076433121,0.741486068111455,0.241653418124006,0.756838905775076,0.259083728278041,0.261682242990654,0.839874411302983,0.412974683544304,0.242566510172144,0.405750798722045,0.240944881889764,0.213826366559486,0.260663507109005,0.0849056603773585,0.251184834123223,0.425081433224756,0.237577639751553,0.247603833865815,0.235008103727715,0.758778625954198,0.421138211382114,0.233278955954323,0.246875,0.5872,0.241324921135647,0.425396825396825,0.380348652931854,0.418238993710692,0.254716981132075,0.240944881889764,0.258785942492013,0.852134146341463,0.415185783521809,0.844155844155844,0.236044657097289,0.424764890282132,0.436018957345972,0.3861852433281,0.755102040816326,0.245222929936306,0.193396226415094,0.241758241758242,0.256692913385827,0.407051282051282,0.427469135802469,0.9264,0.799684542586751,0.432389937106918,0.4203125,0.405616224648986,0.759229534510433,0.419968304278922,0.24653312788906,0.754746835443038,0.420807453416149,0.245696400625978,0.250798722044728,0.243328100470958,0.434782608695652,0.434915773353752,0.799674267100977,0.241809672386895,0.441786283891547,0.432558139534884,0.250783699059561,0.261075949367089,0.419558359621451,0.568333333333333,0.238853503184713,0.251192368839428,0.583201267828843,0.244897959183673,0.441221374045802,0.258957654723127,0.426073131955485,0.736760124610592,0.590697674418605,0.527987897125567,0.245696400625978,0.429457364341085,0.424050632911392,0.569206842923795,0.598130841121495,0.2421875,0.417061611374408,0.242671009771987,0.415765069551777,0.240506329113924,0.413629160063391,0.436102236421725,0.381180223285486,0.566096423017107,0.420127795527157,0.438291139240506,0.605633802816901,0.423493044822257,0.9064039408867,0.24483306836248,0.763888888888889,0.25194401244168,0.430842607313196,0.245614035087719,0.766025641025641,0.423137876386688,0.408064516129032,0.253658536585366,0.815868263473054,0.252730109204368,0.843800322061192,0.391935483870968,0.241987179487179,0.817610062893082,0.599063962558502,0.245641838351823,0.240126382306477,0.240683229813665,0.422764227642276,0.800918836140888,0.242566510172144,0.310679611650485,0.847020933977456,0.384136858475894,0.423255813953488,0.416024653312789,0.254746835443038,0.210696920583468,0.254807692307692,0.243788819875776,0.241001564945227,0.823076923076923,0.259316770186335,0.580847723704867,0.753383458646616,0.427682737169518,0.240188383045526,0.267515923566879,0.247572815533981,0.253086419753086,0.831761006289308,0.431888544891641,0.238244514106583,0.232854864433812,0.235772357723577,0.249206349206349,0.250783699059561,0.255555555555556,0.770670826833073,0.786624203821656,0.241001564945227,0.830985915492958,0.416534181240064,0.851910828025478,0.254716981132075,0.349025974025974,0.449675324675325,0.413738019169329,0.255924170616114,0.808846761453397,0.416149068322981,0.231496062992126,0.258426966292135,0.371980676328502,0.4171875,0.426332288401254,0.43042071197411,0.22706065318818,0.42246835443038,0.420560747663551,0.517350157728707,0.429022082018927,0.21483771251932,0.423963133640553,0.839486356340289,0.415873015873016,0.763322884012539,0.249216300940439,0.830670926517572,0.430894308943089,0.421900161030596,0.426984126984127,0.246894409937888,0.231974921630094,0.252836304700162,0.248427672955975,0.24,0.249597423510467,0.399046104928458,0.258215962441315,0.434231378763867,0.422818791946309,0.52803738317757,0.576,0.260802469135802,0.244961240310078,0.765163297045101,0.419753086419753,0.872641509433962,0.239197530864198,0.804724409448819,0.252396166134185,0.242718446601942,0.415064102564103,0.253968253968254,0.237785016286645,0.613782051282051,0.508196721311475,0.258751902587519,0.843137254901961,0.853035143769968,0.243710691823899,0.240188383045526,0.25194401244168,0.84044233807267,0.749206349206349,0.419558359621451,0.318471337579618,0.426332288401254,0.758620689655172,0.421052631578947,0.835463258785943,0.246422893481717,0.245980707395498,0.428571428571429,0.419047619047619,0.995356037151703,0.413848631239936,0.426332288401254,0.409020217729393,0.245253164556962,0.249206349206349,0.423756019261637,0.243975903614458,0.762870514820593,0.249206349206349,0.970125786163522,0.258373205741627,0.583987441130298,0.241860465116279,0.421135646687697,0.410048622366288,0.839874411302983,0.582689335394127,0.246006389776358,0.2368,0.470113085621971,0.351701782820097,0.419614147909968,0.428571428571429,0.253521126760563,0.415625,1,0.427652733118971,0.246153846153846,0.8515625,0.245614035087719,0.246794871794872,0.407232704402516,0.569331158238173,0.417335473515249,0.257748776508972,0.241269841269841,0.421052631578947,0.434231378763867,0.410138248847926,0.364951768488746,0.419512195121951,0.2453125,0.818181818181818,0.243670886075949,0.228896103896104,0.579527559055118,0.619047619047619,0.413961038961039,0.822115384615385,0.411764705882353,0.244094488188976,0.228155339805825,0.424679487179487,0.404088050314465,0.621664050235479,0.244444444444444,0.417565485362096,0.513975155279503,0.41820987654321,0.275541795665635,0.779935275080906,0.747634069400631,0.431061806656101,0.413312693498452,0.413848631239936,0.432258064516129,0.417310664605873,0.28328173374613,0.259433962264151,0.42472266244057,0.70840197693575,0.584269662921348,0.984276729559748,0.581967213114754,0.234276729559748,0.405103668261563,0.774760383386581,0.405660377358491,0.422291993720565,0.541139240506329,0.41091492776886,0.769230769230769,0.408805031446541,0.429725363489499,0.412520064205457,0.4185303514377
"398",1,1,1,1,1,1,0.7085346215781,1,1,0.0939490445859873,1,0.04375,0.811290322580645,1,0.302547770700637,0.3,0.0637636080870918,0.704248366013072,1,1,0.283676703645008,0.30173775671406,1,0.160377358490566,1,0.321259842519685,0.308186195826645,1,1,0.796178343949045,0.298273155416013,0.740219092331768,0.968798751950078,0.305379746835443,0,1,0.553291536050157,1,0.298325722983257,1,0.6752,0.690625,0.698484848484848,1,1,0.306451612903226,0.304278922345483,0.302795031055901,0.309486780715397,0.317034700315457,0,1,0.310077519379845,1,1,0.490291262135922,0.571879936808847,1,1,1,0.329230769230769,0.310618066561014,0.305246422893482,0.6896,1,1,0.0368,1,0.0545454545454545,0.315467075038285,1,0.305164319248826,0.313725490196078,0.964573268921095,0.517133956386293,1,0.302325581395349,0.330745341614907,1,0.311290322580645,0.0858995137763371,0.317535545023697,0.314194577352472,1,0.332278481012658,1,1,1,1,0.697637795275591,1,1,0,0.102325581395349,1,0.0447530864197531,0,1,0.566129032258065,0.685303514376997,1,0.0525477707006369,0.298299845440495,1,0.306853582554517,1,0.691338582677165,1,0.314375987361769,0.3078125,0.302795031055901,1,0.31733746130031,1,0.497674418604651,1,0.306122448979592,0.305511811023622,0.311145510835913,0.314465408805031,0.491338582677165,1,0.310077519379845,0.304347826086957,1,0.297674418604651,1,1,0.343499197431782,0.542553191489362,1,0.304897314375987,1,0.040785498489426,1,0.309230769230769,0.680555555555556,0.318252730109204,0.935023771790808,0.424092409240924,0.0995184590690209,0.0947030497592295,1,1,0.316957210776545,1,0.311827956989247,1,0.801872074882995,1,0.309061488673139,1,1,1,1,0.328525641025641,1,0.307443365695793,0.266770670826833,1,0.30030959752322,1,0.295418641390205,0.0851735015772871,1,0.296950240770466,1,1,1,0.322378716744914,1,0.313195548489666,1,0.293838862559242,1,0.3104,0.0760869565217391,1,0.650485436893204,1,1,0.308681672025723,1,1,1,1,0.315705128205128,0.304615384615385,1,1,0.304821150855365,0.291666666666667,1,0.46129541864139,0.670694864048338,0,0.306376360808709,0.677115987460815,1,0.315217391304348,1,1,1,0.30625,0.310077519379845,0.307814992025518,1,1,1,0,1,0.298412698412698,0.97339593114241,0.309636650868878,0.305111821086262,0.753532182103611,1,1,1,1,1,0.042654028436019,0.298076923076923,0.310725552050473,1,0.686728395061728,1,1,0.998422712933754,1,1,1,0.00154559505409583,0.329704510108865,1,0.292993630573248,1,0.290625,1,1,1,1,1,0.312202852614897,1,0.498392282958199,0.317610062893082,0.307453416149068,0.309409888357257,0.315955766192733,0.320695102685624,0.411290322580645,0.31733746130031,0.307210031347962,0.300940438871473,1,0.307086614173228,1,0.697637795275591,0.304821150855365,0.321928460342146,0.318471337579618,1,1,1,0.261345852895149,0.304075235109718,1,0.304416403785489,0.320433436532508,0.299684542586751,0.308411214953271,0.696875,1,0.301857585139319,0.308681672025723,1,0.294975688816856,1,0.304482225656878,0.3015625,1,1,1,0.538940809968847,1,0.698587127158556,0.0790273556231003,0.316535433070866,1,1,0.0941915227629513,0.303265940902022,0.315533980582524,1,1,0.295774647887324,0.0188679245283019,0.00162337662337662,1,1,0.322188449848024,0.998422712933754,1,0.302362204724409,1,1,0.302362204724409,1,1,1,1,0.32018927444795,0.294478527607362,0.321027287319422,1,1,0.679186228482003,0.302215189873418,1,0.305772230889236,0.291600633914422,1,1,1,1,1,0.312893081761006,1,1,0.106451612903226,0.315372424722662,0.483619344773791,0.297297297297297,0.685126582278481,0.305295950155763,1,0.301412872841444,0.324451410658307,0.259720062208398,0.312111801242236,1,0.312788906009245,1,1,1,0.299679487179487,0.306976744186047,1,0.9328,0.0606060606060606,1,0.30298273155416,0.310789049919485,0.304552590266876,1,0.323029366306028,0.483516483516484,0.308917197452229,0.299684542586751,0.299674267100977,0.302362204724409,1,0.3104,1,1,0,1,0.311912225705329,1,1,1,0.320695102685624,1,0.301916932907348,1,0.836671802773498,1,1,1,0.30625,1,1,0.300476947535771,0.306349206349206,1,1,0.302694136291601,0.190993788819876,1,1,1,0,0.304700162074554,1,0.297805642633229,0.252782193958665,1,0.687888198757764,0.42015503875969,1,1,0.686453576864536,0.705882352941177,0.338582677165354,1,0.304140127388535,1,1,0.324281150159744,1,1,0.00317965023847377,0.3109375,1,1,0.315533980582524,1,1,0.302066772655008,0.338533541341654,1,1,1,0.51937984496124,0.299373040752351,0.3328,0.303951367781155,0.323899371069182,0.706539074960128,0.31619937694704,0.31875,0.299373040752351,0.246913580246914,0.306581059390048,1,0.313572542901716,1,0.305164319248826,0.0781010719754977,0.046656298600311,1,1,0.035548686244204,1,0.698142414860681,0.0410094637223975,0.00792393026941363,1,0.689655172413793,1,1,0.537720706260032,1,0,0.067741935483871,1,1,1,0.315955766192733,0.657099697885196,0.701812191103789,0.996894409937888,1,0.988976377952756,0.29559748427673,0.347551342812006,1,0.288244766505636,1,0.359937402190923,0.105939004815409,0.289348171701113,0.311248073959938,0.324958123953099,1,0.0743034055727554,1,1,1,0.266770670826833,0.314285714285714,1,0.302250803858521,1,1,0.306477093206951,1,0.310077519379845,1,0.304552590266876,0.315047021943574,1,0.684887459807074,0.298937784522003,1,0.300319488817891,0.768867924528302,0.31055900621118,0.162204724409449,0.307926829268293,0.784469096671949,0.305825242718447,1,0.321372854914197,0.330203442879499,0.2859375,1,1,1,0.970873786407767,0.354409317803661,1,0.306451612903226,1,0.308333333333333,0.308396946564885,1,1,1,0.923566878980892,1,0.301391035548686,0.305295950155763,1,1,0.0438311688311688,0.0759493670886076,1,1,0.298722044728434,1,1,0.301435406698565,1,1,0.695178849144635,0.542944785276074,1,0,1,1,0.0921450151057402,0.310077519379845,1,0.311320754716981,1,0.967845659163987,1,0.820472440944882,1,0.315447154471545,1,1,1,0,0.306688417618271,1,1,0.682316118935837,1,0.313694267515924,0.343701399688958,0.309033280507132,1,1,1,0.0907692307692308,0.311320754716981,0.0849358974358974,1,0.302795031055901,0.290769230769231,0.342146189735614,0,1,0.961722488038278,1,1,0.322683706070288,0.291217257318952,0.165869218500797,0.0382775119617225,0.308306709265176,0.30503144654088,0.314728682170543,0,0.309748427672956,1,0,0.304212168486739,1,1,1,0.303738317757009,0.309230769230769,0.0372168284789644,1,0.297297297297297,0.302325581395349,1,1,0.3125,0.703764320785597,1,1,0.700315457413249,1,0.303405572755418,1,0.303317535545024,0.537267080745342,0.680981595092024,0.407066052227343,1,0.289877300613497,0.309597523219814,0.685446009389671,0.681181959564541,1,0.312989045383412,1,0.313084112149533,1,0.311424100156495,0.298412698412698,0.342271293375394,0.527821939586645,0.311688311688312,0.295238095238095,0.682539682539683,0.306122448979592,0.147487844408428,1,0,1,0.280811232449298,1,0,0.311111111111111,0.301916932907348,1,0.0519083969465649,1,0.0828025477707006,0.327974276527331,1,0.0610328638497653,0.680817610062893,1,1,1,0.3,0.0372670807453416,1,0.415605095541401,0.0897637795275591,0.34375,0.313664596273292,0.3140625,1,1,1,1,1,0.0614439324116743,0.996889580093313,0.694573643410853,0.00152439024390244,0.312796208530806,1,1,1,1,0.0807453416149068,0.29984544049459,1,1,1,1,1,1,0.501557632398754,0,1,0.0815047021943574,0.30564263322884,0.458333333333333,1,0.385483870967742,0.305555555555556,0.306836248012719,1,0.0390625,0.309006211180124,1,1,0.367149758454106,0.297045101088647,0.30188679245283,0.311897106109325,1,0.313099041533546,0.309262166405024,0.402208201892744,0.315541601255887,0.975270479134467,0.301710730948678,0.0765472312703583,0.312210200927357,0,1,0.0850722311396469,0.301435406698565,0.304897314375987,0.315112540192926,1,1,1,1,1,1,0.325878594249201,1,0.302839116719243,0.305647840531561,0.619344773790952,0.688783570300158,1,1,0,0.305343511450382,0.120689655172414,1,0.0365659777424483,1,1,0.301612903225806,1,1,0.634460547504026,0.415711947626841,0.996955859969559,0.0756843800322061,0.0969793322734499,1,1,1,0.0864779874213836,0,0.306278713629403,0.40625,0.310185185185185,0,0.310789049919485,0.0857605177993527,1,1,0.308641975308642,0.308661417322835,0.246445497630332,0.318910256410256,0.301710730948678,0.311811023622047,1,1,0.324237560192616,1,0,1,0.23125,1,0.684375,1,0.30298273155416,0.298701298701299,0.0747663551401869,0.688291139240506,1,1,0.786624203821656,0.890522875816993,0.309409888357257,0.31139646869984,1,0.309904153354633,0.264240506329114,0.308186195826645,1,0.101404056162246,1,1,0.316692667706708,0.687301587301587,0.296650717703349,1,1,0.307692307692308,0.292452830188679,0.309451219512195,0.865912762520194,0.295819935691318,1,0.0519685039370079,1,1,0.705246913580247,0.654516640253566,0.322061191626409,0.0536277602523659,0.31637519872814,1,1,0.30064308681672,0.317034700315457,0.630368098159509,1,0.297213622291022,0.3484375,0.297169811320755,0.981308411214953,0.476947535771065,0.0015600624024961,0.291217257318952,0.3078125,0.315024232633279,0.305331179321486,0.307926829268293,0.970404984423676,1,0.301261829652997,0.552845528455285,0.696682464454976,0.243788819875776,0.702302631578947,1,0.317535545023697,0.00317460317460317,0.32120253164557,0.306625577812018,0.354134165366615,0.307086614173228,0,0.328660436137072,0.304140127388535,0.315619967793881,0.30188679245283
"399",0.700626959247649,0.680555555555556,0.685496183206107,0.668740279937792,0.678071539657854,0.688372093023256,0.990445859872611,0.67192429022082,0.68,0.436305732484076,0.68,0.361934477379095,0.480314960629921,0.67398119122257,0,0,0.377880184331797,1,0.670807453416149,0.686728395061728,0,0,0.675344563552833,0.474006116207951,0.686363636363636,0,0,0.657051282051282,0.686064318529862,0.477308294209703,0,0.4047976011994,0.629402756508423,0.0031055900621118,0.337007874015748,0.673107890499195,0.864485981308411,0.674961119751166,0,0.686153846153846,0.996899224806202,1,1,0.663026521060842,0.67651632970451,0,0.0047244094488189,0,0,0,0.315707620528771,0.675968992248062,0,0.665625,0.680916030534351,0.191522762951334,0.878548895899054,0.68062015503876,0.682737169517885,0.672496025437202,0.00777604976671851,0,0,0.993720565149137,0.682333873581848,0.673405909797823,0.349056603773585,0.675,0.387144992526158,0,0.680851063829787,0,0,0.719242902208202,0.841049382716049,0.677760968229955,0,0.00461538461538462,0.667692307692308,0,0.4016,0,0,0.670769230769231,0,0.67218045112782,0.682888540031397,0.66820987654321,0.675,1,0.676609105180534,0.665667166416792,0.317901234567901,0.417565485362096,0.688888888888889,0.358974358974359,0.323529411764706,0.684129429892142,0.880191693290735,1,0.689335394126739,0.381846635367762,0,0.680194805194805,0,0.671875,1,0.674347158218126,0,0,0,0.690140845070423,0.00306278713629403,0.66820987654321,0.798771121351767,0.686838124054463,0,0.61890243902439,0,0,0.799079754601227,0.688271604938272,0,0,0.665116279069767,0,0.671597633136095,0.682442748091603,0.633846153846154,0.231003039513678,0.676236044657097,0,0.668231611893584,0.364723467862481,0.663492063492063,0,0.998461538461539,0,0.626373626373626,0.1072,0.4234375,0.407407407407407,0.682098765432099,0.666666666666667,0,0.676425269645609,0,0.689873417721519,0.490853658536585,0.671732522796353,0,0.682737169517885,0.678740157480315,0.672523961661342,0.673469387755102,0,0.686427457098284,0,0.559875583203733,0.671274961597542,0,0.67218045112782,0,0.412130637636081,0.677265500794913,0,0.676470588235294,0.684210526315789,0.663522012578616,0.0137614678899083,0.674454828660436,0,0.675039246467818,0,0.684887459807074,0,0.414976599063963,0.694835680751174,0.968,0.696969696969697,0.67906976744186,0,0.680555555555556,0.674491392801252,0.674846625766871,0.665629860031104,0,0,0.673015873015873,0.665130568356375,0,0,0.672811059907834,0.764976958525346,0.978947368421053,0.30781010719755,0,0.996908809891808,0.677862595419847,0,0.67192429022082,0.680555555555556,0.684375,0.00310077519379845,0,0,0.670731707317073,0.675282714054927,0.680365296803653,0.322274881516588,0.688575899843505,0,0.659442724458204,0,0,0.546439628482972,0.663507109004739,0.674884437596302,0.669242658423493,0.688473520249221,0.68062015503876,0.3515625,0,0,0.67687595712098,0.996946564885496,0.672699849170437,0.67420814479638,0.676056338028169,0.685670261941448,0.688291139240506,0.676646706586826,0.316770186335404,0.641221374045801,0.687692307692308,0,0.670846394984326,0,0.684532924961715,0.682316118935837,0.684782608695652,0.668231611893584,0.680445151033386,0,0.677966101694915,0.200626959247649,0,0,0.00316957210776545,0,0,0.106858054226475,0,0,0,0.680491551459293,0,0.669918699186992,1,0,0.61236802413273,0,0.674603174603175,0.670826833073323,0.682170542635659,0.575851393188854,0,0.675425038639876,0,0,0,0,1,0.684867394695788,0,0,0.669218989280245,0,0.675757575757576,0,0,0.690292758089368,0.67032967032967,0.694835680751174,0.849612403100775,0.66984126984127,1,0.414670658682635,0,0.67737003058104,0.67601246105919,0.415007656967841,0,0,0.666136724960254,0.671317829457364,0,0.343122102009274,0.307324840764331,0.689763779527559,0.679365079365079,0.00612557427258806,0.671850699844479,0.69683257918552,0,0.684698608964451,0.690440060698027,0,0.686244204018547,0.672360248447205,0.683229813664596,0.679566563467492,0,0,0,0.6875,0.66875,0.995363214837713,0.00623052959501558,0.673534072900158,0,0,0.678843226788432,0.662613981762918,0.688172043010753,0.675118858954041,0.672839506172839,0,0.687598116169545,0.688372093023256,0.43217665615142,0,0.153013910355487,0,1,0,0.675265553869499,0,0,0.580343213728549,0.00153609831029186,0.670347003154574,0,0.6890625,0.692307692307692,0.679566563467492,0,0,0.674884437596302,0.603149606299213,0.383045525902669,0.692675159235669,0,0,0,0.675118858954041,0,0.798771121351767,0,0,0,0,0.669207317073171,0,0.677265500794913,0.656692913385827,0.329230769230769,0.688679245283019,0,0.669184290030212,0.674242424242424,0.683042789223455,0,0.685410334346505,0,0.673282442748092,0.517719568567026,0.666149068322981,0.673946957878315,0.67624810892587,0,0.682389937106918,0.691823899371069,0,0,0.669242658423493,0.679012345679012,0,0.515981735159817,0.680314960629921,0.668217054263566,0.675840978593272,0.327160493827161,0,0.705882352941177,0,0.585826771653543,0.687888198757764,1,0.122913505311077,0.675,0.678125,1,0.97045101088647,0.0202808112324493,0.677519379844961,0,0.678461538461538,0.672985781990521,0,0.670295489891135,0.675465838509317,0.339009287925697,0,0.677621283255086,0.677672955974843,0,0.677519379844961,0.687301587301587,0,0.666666666666667,0.68380062305296,0.676829268292683,0.664586583463339,0.19188767550702,0,0.0203125,0,0,0.998422712933754,0,0.0046656298600311,0,0.563664596273292,0.00159744408945687,0.689024390243902,0.00455927051671732,0.660883280757098,0.00305810397553517,0.401503759398496,0.373088685015291,0.678407350689127,0.678899082568807,0.359253499222395,0.679304897314376,1,0.365625,0.324881141045959,0.674846625766871,0.998452012383901,0.685534591194969,0.686427457098284,0.221698113207547,0.669254658385093,0.316846986089645,0.4064,0.677570093457944,0.670731707317073,0.694444444444444,0,0.970631424375918,1,0.676335877862595,0.666153846153846,0.662557781201849,0,0.660964230171073,0.680491551459293,0,0.68348623853211,0.0619195046439628,0.429245283018868,0,0,0.00651465798045603,0.674846625766871,0.400900900900901,0.673252279635258,0.681672025723473,0.678627145085803,0.575617283950617,0,0.684867394695788,0,0.676703645007924,0.676328502415459,0,0.6801872074883,0,0.66820987654321,0,0,0.67601246105919,1,0,0.670261941448382,0,0.428571428571429,0,0.49165402124431,0,0.441497659906396,0,0.680379746835443,0,0,0,0.684867394695788,0.672868217054264,0.682442748091603,0.653290529695024,0.669887278582931,0.680061823802164,0,0.673374613003096,0,0,0.663594470046083,0.681818181818182,0.678787878787879,0.605304212168487,0.671253822629969,0,0,0.667692307692308,0.67244094488189,0.373417721518987,0.411949685534591,0.67398119122257,0.68088467614534,0,0.684129429892142,0.678247734138973,0.0062402496099844,0.690590111642743,0.683153013910355,1,0.861280487804878,0.68075117370892,0.321375186846039,0.677115987460815,0.670713201820941,0.408256880733945,0.00308641975308642,0.683881064162754,0,0.680685358255452,0.658950617283951,0.68075117370892,0.525502318392581,0.680379746835443,0,0.669796557120501,0.66877971473851,0.669871794871795,0.31859756097561,0,0.660347551342812,0.678733031674208,1,0.671232876712329,0.00154320987654321,0.0504587155963303,0,0.668730650154799,0.673312883435583,0.68362480127186,0.412844036697248,0,0.410628019323671,0.664050235478807,0,0,0.0342679127725857,0.33026113671275,0.667711598746082,0.639318885448916,0.676970633693972,0.68348623853211,0,0,0.488408037094281,0.372274143302181,0,0,0.00152671755725191,0.319685039370079,0,0.671253822629969,0.329173166926677,0,0.672811059907834,0.679127725856698,0.676656151419558,0.00152905198776758,0,0.361769352290679,0.677811550151976,0,0,0.671802773497689,0.690440060698027,0.00154559505409583,1,0.682389937106918,0.688783570300158,0.992199687987519,0.678899082568807,0,0.67879746835443,0,0.853168469860896,1,0.095166163141994,0.666666666666667,0,0,1,0.998496240601504,0.672333848531685,0,0.677215189873418,0.00302114803625378,0.68798751950078,0,0.00156985871271586,0.0398162327718224,0.225,0,0,0.993779160186625,0,0.480830670926518,0.666146645865835,0.332312404287902,0.674418604651163,0,0.690251572327044,0.325,0,0,0.679245283018868,0.385307346326837,0.667180277349769,0.417582417582418,0.031496062992126,0.661993769470405,0.395672333848532,0.989096573208723,0.684532924961715,0.669254658385093,0.68160741885626,0,0.364599092284418,0.690769230769231,0.113354037267081,0.411302982731554,0.0340030911901082,0,0,0.674961119751166,0.664566929133858,0.682389937106918,0.68380062305296,0.679566563467492,0.384266263237519,0.69195751138088,1,0.332339791356185,0,0.66407465007776,0.673748103186646,0.674718196457327,0.674772036474164,0.398133748055988,0,0.66412213740458,0.652380952380952,0.6672,0.672955974842767,0.68125,0.680685358255452,0.803680981595092,0.328638497652582,0.681962025316456,0.401826484018265,0,0.765163297045101,0.674418604651163,0.081377151799687,0,0,0.685099846390169,0.357473035439137,0,0.685015290519878,0.691943127962085,0.0484375,0,0,0.00156494522691706,0.671826625386997,0,0,0.103448275862069,0,0.646604938271605,0,0.400958466453674,0,0.338461538461538,0.684292379471229,0.402190923317684,0,0,0.00626959247648903,0.66875,0.671826625386997,0.6704,0.674454828660436,0.674050632911392,0.672386895475819,0.0177133655394525,0.685015290519878,0,0,0.279141104294479,1,0.673846153846154,0.675425038639876,0.328808446455505,0,0.434514637904468,0.670713201820941,0.358814352574103,0.682888540031397,0.6832,0,0.680817610062893,0.675282714054927,0.29874213836478,0.0898876404494382,0.675036927621861,0.395238095238095,0.431924882629108,0.668702290076336,0.675039246467818,0.684049079754601,0.412942989214176,0.319938176197836,0,0.10641627543036,0,0.338931297709924,0.00158982511923688,0.40405616224649,0.680124223602484,0.6672,0,0,0.565149136577708,0.00646203554119548,0.00153846153846154,0,0.680061823802164,0.67032967032967,0,0.677611940298507,0.325077399380805,0.670295489891135,0.537854889589905,0.689381933438986,1,0.683969465648855,0,0,0.408320493066256,0.998463901689708,0.667701863354037,0.675,0.902668759811617,0.579617834394904,0,0,0.681181959564541,0,0.580847723704867,0,0.673192771084337,0.410138248847926,0.671339563862928,0.679626749611198,0,1,0,0.685714285714286,0.670261941448382,0,0,0,0.545023696682464,0,0.675465838509317,0.384615384615385,0.666149068322981,0.668820678513732,0.998454404945904,0.954828660436137,0,0.377535101404056,0,0.674961119751166,0.661341853035144,0,0,0.832298136645963,0.684129429892142,0,0.0943683409436834,0,0.675265553869499,0.803125,0.3328173374613,0,0,0,0,0,0.705701078582434,0.683153013910355,0,0.880837359098229,0.998435054773083,0.552307692307692,1,0.669767441860465,0,0.32398753894081,0,0,0.102874432677761,0,0.321100917431193,0,0,0,0
"400",0.41471048513302,0.433587786259542,0.429007633587786,0.441679626749611,0.442396313364055,0.427244582043344,0.125391849529781,0.436817472698908,0.423547400611621,0.459119496855346,0.424107142857143,0.518348623853211,0.626339969372129,0.443585780525502,0.882716049382716,0.86676875957121,0.50381679389313,0.108108108108108,0.433229813664596,0.420489296636086,0.881172839506173,0.878930817610063,0.435820895522388,0.406106870229008,0.417664670658683,0.880733944954128,0.887323943661972,0.452418096723869,0.418535127055306,0.655384615384615,0.872503840245776,0.716236722306525,0.483383685800604,0.872503840245776,0.54434250764526,0.435772357723577,0.0521472392638037,0.449386503067485,0.882789317507418,0.416918429003021,0.115207373271889,0.116207951070336,0.124054462934947,0.441358024691358,0.441860465116279,0.88785046728972,0.887366818873668,0.871833084947839,0.874051593323217,0.89209726443769,0.567732115677321,0.446708463949843,0.877245508982036,0.425499231950845,0.414523449319213,0.942989214175655,0.0390015600624025,0.441497659906396,0.423963133640553,0.442218798151002,0.897125567322239,0.872894333843798,0.883614088820827,0.10641627543036,0.420886075949367,0.429892141756549,0.53582554517134,0.430793157076205,0.485884101040119,0.886056971514243,0.434848484848485,0.880184331797235,0.887122416534181,0.396255850234009,0.0514372163388805,0.426426426426426,0.880844645550528,0.889055472263868,0.433990895295903,0.893081761006289,0.474015748031496,0.884615384615385,0.86286594761171,0.432880844645551,0.889057750759878,0.438518518518519,0.433021806853583,0.450980392156863,0.454823889739663,0.117378048780488,0.430817610062893,0.439577039274924,0.56656346749226,0.452773613193403,0.421875,0.512048192771084,0.559815950920245,0.425757575757576,0.0550314465408805,0.122257053291536,0.426829268292683,0.499229583975347,0.877708978328173,0.436018957345972,0.875195007800312,0.436619718309859,0.110438729198185,0.430769230769231,0.886328725038402,0.88030303030303,0.88030303030303,0.439509954058193,0.894736842105263,0.440729483282675,0.0783132530120482,0.423423423423423,0.876335877862595,0.256880733944954,0.885245901639344,0.889230769230769,0.0735068912710567,0.422018348623853,0.876506024096386,0.883540372670807,0.441754916792738,0.87062404870624,0.433823529411765,0.438152011922504,0.239757207890744,0.644873699851412,0.447784810126582,0.879443585780526,0.427001569858713,0.519345238095238,0.4484375,0.884673748103187,0.108396946564885,0.882352941176471,0.498466257668712,0.752396166134185,0.457364341085271,0.463565891472868,0.432515337423313,0.436507936507937,0.874811463046757,0.430745814307458,0.883755588673621,0.426810477657935,0.625,0.435897435897436,0.88390092879257,0.4171875,0.43343653250774,0.422047244094488,0.4375,0.891975308641975,0.417298937784522,0.886970172684458,0.316436251920123,0.438066465256798,0.873873873873874,0.427719821162444,0.866261398176292,0.469387755102041,0.430793157076205,0.891304347826087,0.434312210200927,0.435240963855422,0.440993788819876,0.881278538812785,0.433229813664596,0.881638846737481,0.424148606811146,0.886877828054299,0.429245283018868,0.87906976744186,0.462006079027356,0.417933130699088,0.0753532182103611,0.419106317411402,0.432766615146832,0.882995319812793,0.420807453416149,0.437025796661609,0.428787878787879,0.433990895295903,0.884792626728111,0.881638846737481,0.442040185471406,0.430321592649311,0.885496183206107,0.874223602484472,0.437216338880484,0.120980091883614,0.104874446085672,0.568835098335855,0.881278538812785,0.113149847094801,0.433333333333333,0.8763197586727,0.433333333333333,0.428139183055976,0.433846153846154,0.871951219512195,0.865871833084948,0.881329113924051,0.439642324888227,0.436305732484076,0.4337899543379,0.556414219474498,0.419601837672282,0.880989180834621,0.457886676875957,0.888036809815951,0.878971255673222,0.328725038402458,0.440677966101695,0.441441441441441,0.440494590417311,0.422427035330261,0.418856259659969,0.515290519877676,0.889751552795031,0.87856071964018,0.423780487804878,0.114854517611026,0.438253012048193,0.437313432835821,0.437888198757764,0.429878048780488,0.42,0.441441441441441,0.579666160849772,0.237593984962406,0.427051671732523,0.877138413685848,0.439137134052388,0.879389312977099,0.418290854572714,0.431464174454829,0.431643625192012,0.448818897637795,0.422535211267606,0.883076923076923,0.433179723502304,0.909657320872274,0.885145482388974,0.876506024096386,0.892018779342723,0.876923076923077,0.872274143302181,0.771653543307087,0.886996904024768,0.893129770992366,0.879815100154083,0.430722891566265,0.886153846153846,0.4304,0.119581464872945,0.881538461538461,0.260416666666667,0.883540372670807,0.4359375,0.436728395061728,0.43206106870229,0.296875,0.878419452887538,0.437878787878788,0.87789799072643,0.877272727272727,0.888888888888889,0.883792048929664,0.115501519756839,0.443076923076923,0.883333333333333,0.886328725038402,0.443573667711599,0.880503144654088,0.436746987951807,0.886397608370703,0.875389408099688,0.422955974842767,0.437598736176935,0.423076923076923,0.0474006116207951,0.432348367029549,0.117557251908397,0.473134328358209,0.881172839506173,0.435975609756098,0.442040185471406,0.462822458270106,0.873111782477341,0.893915756630265,0.435331230283912,0.435534591194969,0.869369369369369,0.530920060331825,0.571428571428571,0.422600619195046,0.443740095087163,0.894029850746269,0.449165402124431,0.417287630402384,0.875945537065053,0.436555891238671,0.419306184012066,0.876712328767123,0.427480916030534,0.428129829984544,0.432098765432099,0.440494590417311,0.881538461538461,0.87218045112782,0.880382775119617,0.422839506172839,0.434451219512195,0.125382262996942,0.896923076923077,0.4399375975039,0.881381381381381,0.877675840978593,0.432835820895522,0.445966514459665,0.425076452599388,0.436923076923077,0.428134556574924,0.883435582822086,0.429892141756549,0.423076923076923,0.446511627906977,0.877272727272727,0.726574500768049,0.867175572519084,0.128637059724349,0.879336349924585,0.431372549019608,0.882629107981221,0.890577507598784,0.299698795180723,0.877862595419847,0.4328125,0.875187969924812,0.431221020092736,0.429447852760736,0.429864253393665,0.88390092879257,0.873668188736682,0.445300462249615,0.517295597484277,0.489859594383775,0.419906687402799,0.876335877862595,0.879936808846761,0.886328725038402,0.429017160686427,0.871212121212121,0.0851063829787234,0.879019908116386,0.887022900763359,0.8875,0.873261205564142,0.440652818991098,0.881804043545879,0.421725239616613,0.442396313364055,0.555555555555556,0.425,0.882534775888717,0.422427035330261,0.427719821162444,0.436335403726708,0.880434782608696,0.426865671641791,0.8887171561051,0.440601503759398,0.601217656012177,0.430981595092025,0.42472266244057,0.442962962962963,0.877675840978593,0.426127527216174,0.431852986217458,0.879204892966361,0.874223602484472,0.435857805255023,0.426605504587156,0.884792626728111,0.360606060606061,0.439252336448598,0.429223744292237,0.445966514459665,0.553706505295008,0.884676145339652,0.431962025316456,0.875968992248062,0.29984544049459,0.42015503875969,0.122913505311077,1,0.440625,0.438271604938272,0.114705882352941,0.138629283489097,0.896764252696456,0.437025796661609,0.879336349924585,0.425925925925926,0.431888544891641,0.872670807453416,0.42965204236006,0.432307692307692,0.548387096774194,0.884615384615385,0.431007751937985,0.451162790697674,0.885271317829457,0.424242424242424,0.4234375,0.883720930232558,0.215926493108729,0.44392523364486,0.436363636363636,0.449843260188088,0.911987860394537,0.875384615384615,0.855828220858896,0.884272997032641,0.880733944954128,0.122291021671827,0.882706766917293,0.89618320610687,0.872727272727273,0.305343511450382,0.886435331230284,0.423780487804878,0.883861236802413,0.448757763975155,0.882800608828006,0.486486486486487,0.515151515151515,0.427286356821589,0.423831070889894,0.526881720430108,0.428571428571429,0.12012012012012,0.508448540706605,0.555555555555556,0.439097744360902,0.106707317073171,0.428792569659443,0.418569254185693,0.648148148148148,0.433846153846154,0.565284178187404,0.466353677621283,0.437978560490046,0.430930930930931,0.412576687116564,0.894573643410853,0.0915805022156573,0.12280701754386,0.434389140271493,0.44309559939302,0.46048632218845,0.879389312977099,0.215926493108729,0.428787878787879,0.884914463452566,0.427710843373494,0.939393939393939,0.45141065830721,0.875384615384615,0.878378378378378,0.887254901960784,0.424698795180723,0.484398216939079,0.431547619047619,0.433870967741936,0.436447166921899,0.291479820627803,0.885758998435055,0.427906976744186,0.882534775888717,0.42992125984252,0.437795275590551,0.880844645550528,0.438948995363215,0.877218934911243,0.441358024691358,0.87402799377916,0.874213836477987,0.441400304414003,0.106811145510836,0.870535714285714,0.432515337423313,0.891167192429022,0.660606060606061,0.870870870870871,0.396630934150077,0.876304023845007,0.673252279635258,0.862341772151899,0.432766615146832,0.881638846737481,0.888721804511278,0.867669172932331,0.425499231950845,0.435257410296412,0.428358208955224,0.465818759936407,0.210272873194221,0.421538461538462,0.88503937007874,0.439509954058193,0.868589743589744,0.877828054298643,0.440184049079755,0.434715821812596,0.437593984962406,0.499229583975347,0.441132637853949,0.875562218890555,0.867362146050671,0.448640483383686,0.443234836702955,0.508527131782946,0.464615384615385,0.429447852760736,0.445669291338583,0.877358490566038,0.416158536585366,0.430059523809524,0.873282442748092,0.4140625,0.428790199081164,0.122913505311077,0.0430906389301634,0.442922374429224,0.562408223201175,0.423076923076923,0.43328335832084,0.474550898203593,0.86697247706422,0.432766615146832,0.892911010558069,0.444104134762634,0.466141732283465,0.424615384615385,0.5948406676783,0.420245398773006,0.884126984126984,0.447328244274809,0.427230046948357,0.441130298273155,0.568215892053973,0.871632329635499,0.446708463949843,0.441754916792738,0.11609907120743,0.43030303030303,0.88109756097561,0.931192660550459,0.871715610510046,0.434915773353752,0.447488584474886,0.420722135007849,0.453453453453453,0.874411302982732,0.459375,0.449843260188088,0.86676875957121,0.875187969924812,0.914503816793893,0.554699537750385,0.434782608695652,0.474962063732929,0.429007633587786,0.423780487804878,0.882629107981221,0.877086494688923,0.392966360856269,0.514592933947773,0.874425727411945,0.884914463452566,0.881381381381381,0.5671875,0.879573170731707,0.44812030075188,0.565284178187404,0.8763197586727,0.446319018404908,0.440860215053763,0.430955993930197,0.887022900763359,0.878195488721805,0.514240506329114,0.435508345978756,0.878086419753086,0.87874251497006,0.43609022556391,0.412121212121212,0.873846153846154,0.124401913875598,0.427906976744186,0.422360248447205,0.104134762633997,0.438152011922504,0.875379939209726,0.419254658385093,0.88062015503876,0.055045871559633,0.112426035502959,0.77893175074184,0.438066465256798,0.870286576168929,0.883792048929664,0.11890243902439,0.113943028485757,0.43993993993994,0.893778452200303,0.436708860759494,0.875748502994012,0.424528301886792,0.880804953560371,0.890965732087227,0.924242424242424,0.661068702290076,0.879443585780526,0.87402799377916,0.0961832061068702,0.874439461883408,0.399684044233807,0.430124223602484,0.554380664652568,0.439324116743472,0.876352395672334,0.422776911076443,0.556732223903177,0.867807153965785,0.876755070202808,0.435126582278481,0.50520059435364,0.445987654320988,0.468217054263566,0.919629057187017,0.453435114503817,0.494607087827427,0.106317411402157,0.429007633587786,0.439393939393939,0.429003021148036,0.886614173228346,0.514285714285714,0.42684766214178,0.975384615384615,0.470219435736677,0.923308270676692,0.885022692889561,0.878461538461539,0.436641221374046,0.466876971608833,0.408163265306122,0.43969465648855,0.433130699088146,0.497803806734993,0.417047184170472,0.118361153262519,0.559347181008902,0.879336349924585,0.441896024464832,0.422187981510015,0.430599369085173,0.438335809806835,0.475535168195719,0.873684210526316,0.453857791225416,0.449612403100775,0.44251968503937,0.432098765432099,0.43328335832084,0.425038639876352,0.0692771084337349,0.558139534883721,0.436923076923077,0.484018264840183,0.878834355828221,0.120243531202435,0.428353658536585,0.936908517350158,0.879936808846761,0.873475609756098,0.438543247344461,0.524962178517398,0.873873873873874,0.435114503816794,0.417701863354037,0.909375,0.886535552193646,0.88719512195122,0.873634945397816,0.443267776096823,0.87519747235387,0.880121396054628,0.768992248062015,0.882621951219512,0.45933734939759,0.884036144578313,0.463949843260188,0.882534775888717,0.561933534743202,0.426153846153846,0.484520123839009,0.872472783825817,0.879256965944272,0.890262751159196,0.441087613293051,0.44954128440367,0.437898089171975,0.431818181818182,0.433903576982893,0.428348909657321,0.894899536321484,0.41203007518797,0.883435582822086,0.889430894308943,0.615844544095665,0.112307692307692,0.425113464447806,0.433384379785605,0.555891238670695,0.879756468797565,0.444954128440367,0.433082706766917,0.529770992366412,0.421538461538462,0.419047619047619,0.886821705426357,0.438461538461538,0.430645161290323,0.549141965678627,0.791469194312796,0.438700147710487,0.482704402515723,0.457055214723926,0.438837920489297,0.43944099378882,0.426179604261796,0.473118279569892,0.553869499241275,0.883408071748879,0.977134146341463,0.88622754491018,0.547799696509863,0.88503937007874,0.476489028213166,0.429230769230769,0.431034482758621,0.877828054298643,0.882800608828006,0.302290076335878,0.885220125786163,0.881458966565349,0.881538461538461,0.432348367029549,0.433846153846154,0.885448916408669,0.435555555555556,0.561728395061728,0.444444444444444,0.333333333333333,0.423861852433281,0.118975903614458,0.421450151057402,0.888544891640867,0.874608150470219,0.475683890577508,0.116385911179173,0.440494590417311,0.442040185471406,0.216923076923077,0.442857142857143,0.895061728395062,0.878164556962025,0.427480916030534,0.888036809815951,0.286798179059181,0.887323943661972,0.438805970149254,0.465045592705167,0.418495297805643,0.439209726443769,0.881901840490798,0.123613312202853,0.877138413685848,0.430141287284144,0.435508345978756,0.872534142640364,0.870570107858243,0.885125184094256,0.460949464012251,0.886821705426357,0.429223744292237,0.503030303030303,0.445300462249615,0.438906752411576,0.117557251908397,0.0778625954198473,0.890127388535032,0.504559270516717,0.88390092879257,0.438837920489297,0.438485804416404,0.881987577639752,0.889561270801815,0.115501519756839,0.440860215053763,0.882706766917293,0.784313725490196,0.88208269525268,0.419790104947526,0.0830721003134796,0.559270516717325,0.878787878787879,0.885245901639344,0.881329113924051,0.878548895899054,0.876854599406528,0.40922619047619,0.427692307692308,0.886328725038402,0.0576,0.117647058823529,0.315068493150685,0.120826709062003,0.438759689922481,0.88208269525268,0.555727554179567,0.88955223880597,0.884146341463415,0.769230769230769,0.89060092449923,0.558421851289833,0.888208269525268,0.877165354330709,0.885802469135803,0.881720430107527
"401",1,1,1,1,1,1,0.701168614357262,1,1,0.102990033222591,1,0.0454545454545455,0.813504823151125,1,0.320574162679426,0.311708860759494,0.065015479876161,0.687707641196013,1,1,0.29126213592233,0.311688311688312,1,0.160883280757098,1,0.3265625,0.311793214862682,1,1,0.786991869918699,0.306962025316456,0.727699530516432,0.960191082802548,0.315873015873016,0,1,0.534072900158479,1,0.2984375,1,0.667731629392971,0.682692307692308,0.695447409733124,1,1,0.313531353135314,0.307568438003221,0.315789473684211,0.321928460342146,0.325396825396825,0,1,0.309148264984227,1,1,0.5,0.548281505728314,1,1,1,0.324492979719189,0.31378763866878,0.3232,0.680129240710824,1,1,0.0384615384615385,1,0.062402496099844,0.319875776397516,1,0.314285714285714,0.319805194805195,0.964052287581699,0.514774494556765,1,0.305246422893482,0.335433070866142,1,0.32463295269168,0.0910596026490066,0.329093799682035,0.328,1,0.338658146964856,1,1,1,1,0.6976,1,1,0.00158982511923688,0.110584518167457,1,0.0475460122699387,0,1,0.563333333333333,0.681020733652313,1,0.0619047619047619,0.318255250403877,1,0.312399355877617,1,0.681089743589744,1,0.322683706070288,0.317965023847377,0.317535545023697,1,0.331189710610932,1,0.48062015503876,1,0.31139646869984,0.289389067524116,0.322033898305085,0.310897435897436,0.484025559105431,1,0.321928460342146,0.31219512195122,1,0.30503144654088,1,1,0.318471337579618,0.544461778471139,1,0.310789049919485,1,0.043010752688172,1,0.30952380952381,0.67879746835443,0.327447833065811,0.927330173775671,0.435562805872757,0.10702875399361,0.105345911949686,1,1,0.335453100158982,1,0.312111801242236,1,0.803514376996805,1,0.317666126418152,1,1,1,1,0.327476038338658,1,0.32626427406199,0.251980982567353,1,0.30503144654088,1,0.296,0.0893141945773525,1,0.313114754098361,1,1,1,0.335433070866142,1,0.326892109500805,1,0.308562197092084,1,0.317891373801917,0.0793650793650794,1,0.633499170812604,1,1,0.316211878009631,1,1,1,1,0.320634920634921,0.315384615384615,1,1,0.315132605304212,0.314845024469821,1,0.450393700787402,0.666151468315301,0,0.318471337579618,0.672985781990521,1,0.322784810126582,1,1,1,0.313385826771654,0.322981366459627,0.327272727272727,1,1,1,0,1,0.312091503267974,0.972536348949919,0.325878594249201,0.306818181818182,0.740566037735849,1,1,1,1,1,0.0444444444444444,0.313504823151125,0.326433121019108,1,0.682316118935837,1,1,0.998402555910543,1,1,1,0.00317460317460317,0.313971742543171,1,0.3072,1,0.301587301587302,1,1,1,1,1,0.324149108589951,1,0.512234910277325,0.328478964401294,0.328100470957614,0.311320754716981,0.32,0.337559429477021,0.411003236245955,0.332263242375602,0.315286624203822,0.305993690851735,1,0.318327974276527,1,0.69375,0.305958132045089,0.311811023622047,0.329052969502408,1,1,1,0.249597423510467,0.302547770700637,1,0.313504823151125,0.328125,0.3072,0.317965023847377,0.682615629984051,1,0.320251177394035,0.313408723747981,1,0.303482587064677,1,0.310015898251192,0.3184,1,1,1,0.532385466034755,1,0.690590111642743,0.0851393188854489,0.315705128205128,1,1,0.101426307448494,0.318471337579618,0.326366559485531,1,1,0.306853582554517,0.0223285486443381,0.00162866449511401,1,1,0.340157480314961,0.998381877022654,1,0.303174603174603,1,1,0.315955766192733,1,1,1,1,0.323854660347551,0.317411402157165,0.325732899022801,1,1,0.669291338582677,0.312903225806452,1,0.315625,0.297734627831715,1,1,1,1,1,0.323763955342903,1,1,0.111292962356792,0.33015873015873,0.490353697749196,0.307317073170732,0.673076923076923,0.314194577352472,1,0.31219512195122,0.332263242375602,0.247648902821317,0.314194577352472,1,0.322981366459627,1,1,1,0.309791332263242,0.315789473684211,1,0.920065252854812,0.0686900958466454,1,0.313099041533546,0.319805194805195,0.313694267515924,1,0.323343848580442,0.46656050955414,0.323809523809524,0.305331179321486,0.310064935064935,0.309677419354839,1,0.317666126418152,1,1,0,1,0.316211878009631,1,1,1,0.326366559485531,1,0.309602649006623,1,0.836507936507937,1,1,1,0.310725552050473,1,1,0.308176100628931,0.317384370015949,1,1,0.311004784688995,0.188383045525903,1,1,1,0,0.313915857605178,1,0.302066772655008,0.241545893719807,1,0.675,0.440625,1,1,0.675425038639876,0.698717948717949,0.338118022328549,1,0.32484076433121,1,1,0.329032258064516,1,1,0.00803858520900321,0.314009661835749,1,1,0.31810766721044,1,1,0.309061488673139,0.334389857369255,1,1,1,0.525157232704403,0.312,0.341463414634146,0.320872274143302,0.335974643423138,0.688498402555911,0.328050713153724,0.319935691318328,0.309148264984227,0.23482428115016,0.317589576547231,1,0.31937984496124,1,0.313880126182965,0.0876923076923077,0.0543130990415335,1,1,0.0394944707740916,1,0.687888198757764,0.0458860759493671,0.0115131578947368,1,0.685393258426966,1,1,0.536348949919225,1,0,0.082258064516129,1,1,1,0.323717948717949,0.653030303030303,0.697520661157025,0.995268138801262,1,0.985668789808917,0.309636650868878,0.32520325203252,1,0.299674267100977,1,0.3712,0.10983606557377,0.313479623824451,0.316535433070866,0.32937181663837,1,0.0863422291993721,1,1,1,0.245253164556962,0.321951219512195,1,0.317073170731707,1,1,0.311424100156495,1,0.324574961360124,1,0.313915857605178,0.317589576547231,1,0.679549114331723,0.318952234206472,1,0.314102564102564,0.753184713375796,0.316279069767442,0.160377358490566,0.32258064516129,0.766881028938907,0.311183144246353,1,0.325984251968504,0.335949764521193,0.295238095238095,1,1,1,0.969798657718121,0.341666666666667,1,0.323920265780731,1,0.316498316498317,0.311811023622047,1,1,1,0.915993537964459,1,0.3015625,0.318541996830428,1,1,0.0487804878048781,0.0906148867313916,1,1,0.306320907617504,1,1,0.303656597774245,1,1,0.678233438485804,0.527131782945736,1,0,1,1,0.102964118564743,0.3248,1,0.319422150882825,1,0.964458804523425,1,0.818897637795276,1,0.325657894736842,1,1,1,0,0.31973898858075,1,1,0.671521035598705,1,0.311111111111111,0.359300476947536,0.308917197452229,1,1,1,0.0932069510268562,0.316720257234727,0.0957792207792208,1,0.311912225705329,0.310236220472441,0.3486529318542,0,1,0.953525641025641,1,1,0.322734499205087,0.29874213836478,0.15780998389694,0.0402576489533011,0.31629392971246,0.312101910828025,0.322884012539185,0.00162074554294976,0.314285714285714,1,0,0.320373250388802,1,1,1,0.318681318681319,0.322429906542056,0.0367278797996661,1,0.312893081761006,0.311424100156495,1,1,0.3184,0.690397350993378,1,1,0.692556634304207,1,0.3109375,1,0.315873015873016,0.523885350318471,0.670807453416149,0.408256880733945,1,0.300155520995334,0.317965023847377,0.682965299684543,0.670347003154574,1,0.327044025157233,1,0.319938176197836,1,0.314424635332253,0.318327974276527,0.35828025477707,0.516640253565769,0.308823529411765,0.310965630114566,0.662420382165605,0.319314641744548,0.154228855721393,1,0,1,0.293831168831169,1,0,0.325949367088608,0.313114754098361,1,0.0601851851851852,1,0.0939490445859873,0.34248788368336,1,0.0659340659340659,0.666136724960254,1,1,1,0.305921052631579,0.0423197492163009,1,0.424143556280587,0.10016155088853,0.35625,0.323899371069182,0.320695102685624,1,1,1,1,1,0.0716510903426791,0.996875,0.688087774294671,0.00306748466257669,0.318910256410256,1,1,1,1,0.0901771336553945,0.316535433070866,1,1,1,1,1,1,0.481946624803768,0.0016260162601626,1,0.0864779874213836,0.319620253164557,0.434782608695652,1,0.392282958199357,0.317275747508306,0.309904153354633,1,0.0425196850393701,0.320063694267516,1,1,0.366559485530547,0.302694136291601,0.309409888357257,0.318032786885246,1,0.318840579710145,0.315789473684211,0.417197452229299,0.31687898089172,0.975039001560062,0.315625,0.0871710526315789,0.324367088607595,0,1,0.0922098569157393,0.303225806451613,0.325914149443561,0.309061488673139,1,1,1,1,1,1,0.331147540983607,1,0.317307692307692,0.324232081911263,0.593798449612403,0.678513731825525,1,1,0,0.314641744548287,0.1184,1,0.0384615384615385,1,1,0.313504823151125,1,1,0.616747181964573,0.411764705882353,0.996923076923077,0.0858995137763371,0.103225806451613,1,1,1,0.0912,0,0.314873417721519,0.426948051948052,0.309748427672956,0,0.323624595469256,0.0932475884244373,1,1,0.317111459968603,0.317460317460317,0.234177215189873,0.327390599675851,0.310126582278481,0.32018927444795,1,1,0.32300163132137,1,0,1,0.219001610305958,1,0.676190476190476,1,0.309262166405024,0.31023102310231,0.0832,0.682464454976303,1,1,0.79126213592233,0.894039735099338,0.314935064935065,0.313953488372093,1,0.317817014446228,0.2544,0.325806451612903,1,0.105263157894737,1,1,0.313694267515924,0.683606557377049,0.307568438003221,1,1,0.303459119496855,0.297297297297297,0.33125,0.849427168576105,0.316476345840131,1,0.0600315955766193,1,1,0.700156985871272,0.648562300319489,0.324149108589951,0.0556438791732909,0.320967741935484,1,1,0.316129032258064,0.322784810126582,0.621405750798722,1,0.306853582554517,0.36817472698908,0.309904153354633,0.984447900466563,0.469155844155844,0.00477707006369427,0.30379746835443,0.321981424148607,0.335483870967742,0.317434210526316,0.313178294573643,0.970679012345679,1,0.317307692307692,0.536945812807882,0.687096774193548,0.228070175438596,0.694078947368421,1,0.317034700315457,0.00162337662337662,0.3264,0.322327044025157,0.367834394904459,0.323671497584541,0,0.33974358974359,0.310569105691057,0.321951219512195,0.3125
"402",1,1,1,1,1,1,0.70125786163522,1,1,0.0947867298578199,1,0.0449612403100775,0.815748031496063,1,0.304416403785489,0.300940438871473,0.0655226209048362,0.684887459807074,1,1,0.297380585516179,0.310832025117739,1,0.15,1,0.324451410658307,0.321027287319422,1,1,0.791139240506329,0.307931570762053,0.725460122699387,0.965785381026439,0.315955766192733,0,1,0.541795665634675,1,0.29618320610687,1,0.6672,0.682098765432099,0.691603053435115,1,1,0.313385826771654,0.310015898251192,0.308396946564885,0.328220858895706,0.323619631901841,0,1,0.310185185185185,1,1,0.505511811023622,0.55993690851735,1,1,1,0.330173775671406,0.321428571428571,0.312401883830455,0.683385579937304,1,1,0.0362776025236593,1,0.0549618320610687,0.312977099236641,1,0.312989045383412,0.322632423756019,0.961722488038278,0.513302034428795,1,0.307453416149068,0.34,1,0.322006472491909,0.0848,0.31911532385466,0.32398753894081,1,0.338509316770186,1,1,1,1,0.687692307692308,1,1,0,0.103448275862069,1,0.0439393939393939,0,1,0.558441558441558,0.674121405750799,1,0.0480769230769231,0.311912225705329,1,0.314194577352472,1,0.685185185185185,1,0.3198127925117,0.318529862174579,0.308892355694228,1,0.321928460342146,1,0.48780487804878,1,0.31496062992126,0.292117465224111,0.325227963525836,0.323809523809524,0.47360248447205,0.998459167950693,0.317829457364341,0.322115384615385,1,0.298299845440495,1,1,0.325471698113208,0.534456355283308,1,0.316614420062696,1,0.0417910447761194,1,0.312024353120244,0.680916030534351,0.328125,0.934782608695652,0.425806451612903,0.0993690851735016,0.0910518053375196,1,1,0.331775700934579,1,0.317771084337349,1,0.808936825885978,1,0.317741935483871,1,1,1,1,0.324451410658307,1,0.321086261980831,0.246153846153846,1,0.314728682170543,1,0.307692307692308,0.080952380952381,1,0.311897106109325,1,1,1,0.333843797856049,1,0.331179321486268,1,0.304075235109718,1,0.319620253164557,0.075,1,0.636510500807754,1,1,0.317683881064163,1,1,1,1,0.32807570977918,0.315217391304348,1,0.998417721518987,0.315625,0.307936507936508,1,0.445300462249615,0.665667166416792,0,0.316770186335404,0.672386895475819,1,0.32469512195122,1,0.998468606431853,1,0.310832025117739,0.32398753894081,0.337579617834395,1,1,1,0,1,0.3056,0.973143759873618,0.3248,0.301412872841444,0.74537037037037,1,1,1,1,1,0.0438184663536776,0.3104,0.320872274143302,1,0.673846153846154,1,1,0.998439937597504,0.998466257668712,1,1,0.00154798761609907,0.309774436090226,1,0.313479623824451,1,0.299689440993789,1,1,1,1,1,0.323809523809524,1,0.507861635220126,0.326053042121685,0.321483771251932,0.314194577352472,0.326530612244898,0.323943661971831,0.421553090332805,0.329192546583851,0.316358024691358,0.311145510835913,1,0.32120253164557,1,0.687782805429864,0.310344827586207,0.307926829268293,0.334379905808477,1,1,1,0.25,0.3125,1,0.316957210776545,0.323216995447648,0.311605723370429,0.320987654320988,0.683464566929134,1,0.322981366459627,0.317460317460317,1,0.302931596091205,1,0.30781010719755,0.310618066561014,1,1,1,0.536776212832551,1,0.69170579029734,0.0794602698650675,0.315467075038285,1,1,0.0992248062015504,0.318952234206472,0.328025477707006,1,1,0.30188679245283,0.0221169036334913,0.0015748031496063,1,1,0.341013824884793,1,1,0.310291858678955,1,1,0.318885448916409,1,1,1,1,0.330721003134796,0.309090909090909,0.332805071315372,1,1,0.671875,0.309375,1,0.310975609756098,0.305295950155763,1,1,0.998444790046656,1,1,0.328,1,1,0.104234527687296,0.332307692307692,0.490536277602524,0.309033280507132,0.666666666666667,0.316923076923077,1,0.3109375,0.329721362229102,0.247678018575851,0.322932917316693,1,0.329770992366412,1,1,1,0.312307692307692,0.319018404907975,0.998432601880878,0.928104575163399,0.0619047619047619,1,0.315047021943574,0.323899371069182,0.307073954983923,1,0.330781010719755,0.470496894409938,0.322530864197531,0.31055900621118,0.315705128205128,0.309119010819165,1,0.317460317460317,1,1,0,1,0.322784810126582,1,1,1,0.325984251968504,1,0.3056,1,0.838557993730408,1,1,1,0.314241486068111,1,1,0.309636650868878,0.312597200622084,1,1,0.313178294573643,0.183641975308642,1,0.998435054773083,1,0,0.3104,1,0.306729264475743,0.237048665620094,1,0.678125,0.438271604938272,1,1,0.676204819277108,0.70125786163522,0.349529780564263,1,0.319314641744548,1,1,0.3312,1,0.998422712933754,0.0046656298600311,0.328149300155521,1,1,0.313291139240506,1,1,0.312796208530806,0.321428571428571,1,1,1,0.528593508500773,0.309486780715397,0.336507936507937,0.314589665653495,0.328638497652582,0.681318681318681,0.330275229357798,0.326120556414219,0.319083969465649,0.23950233281493,0.316129032258064,1,0.322480620155039,0.998435054773083,0.318181818181818,0.0843373493975904,0.0490045941807044,1,1,0.0401854714064915,1,0.686520376175549,0.0404354587869362,0.0078125,1,0.679626749611198,1,1,0.542452830188679,1,0,0.0700325732899023,1,1,1,0.3248,0.646017699115044,0.682182985553772,0.993846153846154,1,0.989147286821705,0.304075235109718,0.328593996840442,1,0.301109350237718,1,0.374223602484472,0.107086614173228,0.301829268292683,0.325190839694657,0.331691297208539,1,0.0789473684210526,1,1,1,0.25,0.322274881516588,1,0.318611987381703,1,1,0.314814814814815,1,0.323216995447648,1,0.304075235109718,0.321372854914197,1,0.679936305732484,0.317220543806647,1,0.3168,0.76625386996904,0.310030395136778,0.150855365474339,0.319634703196347,0.775700934579439,0.311708860759494,1,0.31974921630094,0.333848531684699,0.299065420560748,1,1,1,0.973813420621931,0.331707317073171,1,0.320063694267516,1,0.318910256410256,0.317757009345794,1,1,1,0.921630094043887,1,0.312693498452012,0.326625386996904,1,1,0.0477707006369427,0.0793650793650794,1,1,0.311424100156495,1,1,0.308661417322835,1,1,0.681181959564541,0.53587786259542,1,0,1,1,0.0970724191063174,0.320695102685624,1,0.324960753532182,0.998449612403101,0.965408805031447,0.998454404945904,0.829953198127925,1,0.325320512820513,1,1,1,0,0.317152103559871,1,1,0.671428571428571,1,0.320373250388802,0.367601246105919,0.321316614420063,1,1,1,0.0884146341463415,0.319620253164557,0.0912,0.998427672955975,0.307219662058372,0.308166409861325,0.358255451713396,0,1,0.956723338485317,1,1,0.329052969502408,0.302752293577982,0.157392686804452,0.0394944707740916,0.316118935837246,0.3171875,0.320373250388802,0,0.31496062992126,1,0,0.315384615384615,1,1,1,0.314503816793893,0.316846986089645,0.0353130016051364,1,0.315625,0.308892355694228,1,1,0.31924882629108,0.699029126213592,1,1,0.691823899371069,1,0.311248073959938,1,0.313664596273292,0.530232558139535,0.674347158218126,0.4,1,0.299236641221374,0.311424100156495,0.680124223602484,0.667177914110429,1,0.323076923076923,1,0.325757575757576,1,0.317262830482115,0.310832025117739,0.359497645211931,0.525660964230171,0.314696485623003,0.315955766192733,0.659842519685039,0.320433436532508,0.148387096774194,1,0,1,0.2864,1,0,0.320813771517997,0.317683881064163,1,0.0542986425339367,1,0.0849056603773585,0.344827586206897,1,0.0602782071097372,0.666141732283465,1,1,1,0.314662273476112,0.0383435582822086,1,0.434231378763867,0.0956239870340357,0.360429447852761,0.320373250388802,0.324031007751938,1,1,1,1,1,0.0678733031674208,0.995454545454545,0.688087774294671,0.0015015015015015,0.328173374613003,1,1,1,1,0.0877742946708464,0.319444444444444,1,1,1,1,1,1,0.486238532110092,0,1,0.086286594761171,0.318818040435459,0.433021806853583,1,0.394944707740916,0.310064935064935,0.309119010819165,1,0.0373250388802488,0.316279069767442,1,1,0.378980891719745,0.311827956989247,0.306853582554517,0.32,0.998447204968944,0.328571428571429,0.318818040435459,0.417061611374408,0.309262166405024,0.971212121212121,0.311349693251534,0.0824088748019017,0.321766561514196,0,1,0.0904761904761905,0.307692307692308,0.320872274143302,0.316037735849057,1,1,1,1,1,1,0.327014218009479,1,0.311811023622047,0.322314049586777,0.605919003115265,0.685534591194969,1,1,0,0.319148936170213,0.12111801242236,0.998493975903614,0.0345368916797488,1,1,0.312796208530806,1,1,0.623604465709729,0.420382165605096,0.995515695067265,0.0805687203791469,0.0972886762360447,1,1,1,0.0881889763779528,0,0.317901234567901,0.429252782193959,0.314503816793893,0,0.324881141045959,0.0867507886435331,1,1,0.317411402157165,0.318252730109204,0.238689547581903,0.335473515248796,0.311627906976744,0.324074074074074,1,1,0.323854660347551,1,0,1,0.222565687789799,1,0.677914110429448,1,0.311627906976744,0.306709265175719,0.0728682170542636,0.675925925925926,1,1,0.795031055900621,0.889983579638752,0.317891373801917,0.310897435897436,1,0.320126782884311,0.251582278481013,0.322734499205087,1,0.100456621004566,1,1,0.316118935837246,0.67304625199362,0.311111111111111,1,1,0.311627906976744,0.309006211180124,0.317700453857791,0.857142857142857,0.314696485623003,1,0.0553846153846154,1,1,0.694915254237288,0.644094488188976,0.317307692307692,0.0546021840873635,0.324451410658307,1,1,0.314152410575428,0.331269349845201,0.617647058823529,1,0.305426356589147,0.370030581039755,0.312210200927357,0.983154670750383,0.468217054263566,0.0015552099533437,0.308777429467085,0.330781010719755,0.330658105939005,0.31637519872814,0.318112633181126,0.974203338391502,1,0.316770186335404,0.552334943639291,0.689274447949527,0.22706065318818,0.688311688311688,1,0.32398753894081,0.0031496062992126,0.325984251968504,0.312210200927357,0.372274143302181,0.320967741935484,0,0.332822085889571,0.317535545023697,0.3232,0.315541601255887
"403",0.699236641221374,0.683890577507599,0.683734939759036,0.671802773497689,0.685325264750378,0.694152923538231,0.989096573208723,0.682515337423313,0.687218045112782,0.438080495356037,0.676119402985075,0.365817091454273,0.478851963746224,0.677224736048265,0,0,0.394618834080717,1,0.668702290076336,0.694736842105263,0,0,0.682748538011696,0.490341753343239,0.686943620178042,0,0,0.659021406727829,0.684287812041116,0.469418960244648,0,0.410179640718563,0.618834080717489,0.00301659125188537,0.337858220211161,0.683229813664596,0.867469879518072,0.671575846833579,0,0.692878338278932,0.998493975903614,1,1,0.667678300455235,0.68348623853211,0,0.0015220700152207,0,0,0,0.315007429420505,0.667682926829268,0,0.672699849170437,0.683035714285714,0.183206106870229,0.884673748103187,0.675840978593272,0.682352941176471,0.67624810892587,0.00587371512481645,0,0,0.996996996996997,0.684867394695788,0.679160419790105,0.347094801223242,0.671171171171171,0.399416909620991,0,0.680119581464873,0,0,0.715396578538103,0.846038863976084,0.683068017366136,0,0.0029585798816568,0.674521354933726,0,0.404354587869362,0,0,0.674041297935103,0,0.67741935483871,0.68018018018018,0.673192771084337,0.67921686746988,1,0.67530487804878,0.672438672438672,0.321212121212121,0.420821114369501,0.686821705426357,0.365527488855869,0.324773413897281,0.682422451994092,0.88785046728972,1,0.68452380952381,0.383333333333333,0,0.686915887850467,0,0.680365296803653,1,0.676646706586826,0,0,0,0.684131736526946,0.00150375939849624,0.678195488721804,0.807121661721068,0.688235294117647,0,0.62852897473997,0,0,0.805722891566265,0.684131736526946,0,0,0.665676077265973,0,0.678832116788321,0.686390532544379,0.638680659670165,0.241176470588235,0.675925925925926,0,0.666666666666667,0.372634643377001,0.669230769230769,0,1,0,0.610778443113772,0.119565217391304,0.425787106446777,0.417933130699088,0.683890577507599,0.671339563862928,0,0.683333333333333,0,0.693474962063733,0.497764530551416,0.675872093023256,0,0.681203007518797,0.676204819277108,0.672230652503794,0.668188736681887,0,0.694402420574887,0,0.584084084084084,0.670571010248902,0,0.670623145400593,0,0.412213740458015,0.674772036474164,0,0.679160419790105,0.682089552238806,0.666666666666667,0.00900900900900901,0.671709531013616,0,0.671686746987952,0,0.678516228748068,0,0.418777943368107,0.702985074626866,0.972307692307692,0.698940998487141,0.683035714285714,0,0.688350983358548,0.677710843373494,0.675036927621861,0.66464339908953,0,0,0.677469135802469,0.671709531013616,0,0,0.66865671641791,0.770614692653673,0.984057971014493,0.314759036144578,0,0.998507462686567,0.684053651266766,0,0.675507020280811,0.68575624082232,0.688059701492537,0.00302114803625378,0,0,0.666174298375185,0.67601246105919,0.676602086438152,0.329770992366412,0.689189189189189,0,0.653030303030303,0,0,0.555052790346908,0.672230652503794,0.681137724550898,0.667664670658683,0.694402420574887,0.680981595092024,0.360119047619048,0,0,0.680597014925373,0.99851411589896,0.66957787481805,0.682080924855491,0.67921686746988,0.69047619047619,0.696240601503759,0.682539682539683,0.309063893016345,0.646017699115044,0.687964338781575,0,0.674311926605505,0,0.688988095238095,0.683890577507599,0.683812405446294,0.668721109399075,0.683307332293292,0,0.675438596491228,0.2,0,0,0.0015220700152207,0,0,0.109230769230769,0,0,0,0.681885125184094,0,0.669266770670827,1,0,0.621700879765396,0,0.673748103186646,0.676783004552352,0.683001531393568,0.597579425113464,0,0.675187969924812,0,0,0,0,1,0.682779456193353,0,0,0.6797583081571,0,0.674662668665667,0,0,0.682779456193353,0.66412213740458,0.692537313432836,0.862951807228916,0.672281776416539,1,0.414348462664714,0,0.675555555555556,0.674809160305344,0.429850746268657,0,0,0.674382716049383,0.668174962292609,0,0.346210995542348,0.305810397553517,0.689393939393939,0.680124223602484,0.00738552437223043,0.668181818181818,0.69364161849711,0,0.683183183183183,0.687034277198212,0,0.686453576864536,0.677710843373494,0.683812405446294,0.675555555555556,0,0,0,0.690014903129657,0.675716440422323,0.994082840236686,0.00302571860816944,0.671296296296296,0,0,0.683582089552239,0.670087976539589,0.694736842105263,0.68452380952381,0.681203007518797,0,0.690440060698027,0.683333333333333,0.442901234567901,0,0.167673716012085,0,1,0,0.680115273775216,0,0,0.605341246290801,0.00148367952522255,0.67687595712098,0,0.687975646879756,0.691842900302115,0.687593423019432,0,0,0.674626865671642,0.589939024390244,0.400914634146341,0.694189602446483,0,0,0,0.671253822629969,0,0.796686746987952,0,0,0,0,0.668168168168168,0,0.685670261941448,0.667669172932331,0.325513196480938,0.69478527607362,0,0.674662668665667,0.68575624082232,0.683563748079877,0,0.69037037037037,0,0.673559822747415,0.515105740181269,0.675675675675676,0.678353658536585,0.687593423019432,0,0.67741935483871,0.696784073506891,0,0,0.675635276532138,0.685240963855422,0,0.530280649926145,0.679626749611198,0.670118343195266,0.668154761904762,0.328808446455505,0,0.70679012345679,0,0.596992481203008,0.686453576864536,1,0.114705882352941,0.675425038639876,0.676204819277108,1,0.967164179104478,0.0135542168674699,0.681203007518797,0,0.683257918552036,0.68075117370892,0,0.666666666666667,0.684848484848485,0.337837837837838,0,0.675226586102719,0.674174174174174,0,0.688330871491876,0.686821705426357,0,0.665671641791045,0.678787878787879,0.677611940298507,0.664133738601824,0.198821796759941,0,0.0213414634146341,0,0,1,0,0.00598802395209581,0,0.584592145015106,0.0015220700152207,0.685376661742984,0.00439238653001464,0.671212121212121,0.0029940119760479,0.405839416058394,0.377745241581259,0.674008810572687,0.681614349775785,0.365817091454273,0.678571428571429,1,0.373493975903614,0.323170731707317,0.680473372781065,1,0.68133535660091,0.68815592203898,0.23969465648855,0.675635276532138,0.317910447761194,0.419003115264797,0.683582089552239,0.678571428571429,0.698340874811463,0,0.978479196556671,1,0.682422451994092,0.673559822747415,0.660740740740741,0,0.66969696969697,0.683582089552239,0,0.697058823529412,0.0545454545454545,0.435779816513761,0,0,0.00487012987012987,0.677891654465593,0.406480117820324,0.678885630498534,0.6875,0.673716012084592,0.595900439238653,0,0.680786686838124,0,0.674418604651163,0.673252279635258,0,0.676829268292683,0,0.675265553869499,0,0,0.67218045112782,1,0,0.671664167916042,0,0.42962962962963,0,0.498516320474777,0,0.433587786259542,0,0.682737169517885,0,0,0,0.684848484848485,0.666163141993958,0.680758017492711,0.649612403100775,0.674382716049383,0.693233082706767,0,0.674662668665667,0,0,0.672205438066465,0.681957186544342,0.680597014925373,0.602698650674663,0.674140508221226,0,0,0.670180722891566,0.672782874617737,0.389649923896499,0.418856259659969,0.679699248120301,0.678899082568807,0,0.689910979228487,0.682539682539683,0.00594353640416048,0.687116564417178,0.689189189189189,1,0.868924889543446,0.681470137825421,0.32761087267525,0.68215892053973,0.676602086438152,0.409425625920471,0.00300751879699248,0.687595712098009,0,0.682563338301043,0.649468892261001,0.681749622926094,0.515555555555556,0.681681681681682,0,0.667164179104478,0.677272727272727,0.669753086419753,0.309734513274336,0,0.666666666666667,0.674041297935103,1,0.671111111111111,0.00150602409638554,0.0432190760059613,0,0.679160419790105,0.674174174174174,0.680365296803653,0.424778761061947,0,0.418070444104135,0.657450076804916,0,0,0.0312035661218425,0.327272727272727,0.667173252279635,0.629349470499244,0.680722891566265,0.679525222551929,0,0,0.493939393939394,0.379362670713202,0,0,0.00148367952522255,0.316998468606432,0,0.665198237885463,0.323353293413174,0,0.668168168168168,0.675799086757991,0.68018018018018,0.00150375939849624,0,0.361934477379095,0.675149700598802,0,0,0.673621460506706,0.68452380952381,0.0015220700152207,1,0.685410334346505,0.690658499234303,0.996983408748115,0.675555555555556,0,0.688350983358548,0,0.864306784660767,1,0.100591715976331,0.668148148148148,0,0,1,1,0.674591381872214,0,0.683307332293292,0.00146627565982405,0.688650306748466,0,0,0.036036036036036,0.241741741741742,0,0,0.997014925373134,0,0.487538940809969,0.670750382848392,0.329411764705882,0.669150521609538,0,0.693353474320242,0.327300150829563,0,0,0.682170542635659,0.392386530014641,0.65922619047619,0.421052631578947,0.0228658536585366,0.668683812405446,0.400295420974889,0.993920972644377,0.679331306990882,0.678733031674208,0.67603550295858,0,0.367559523809524,0.687869822485207,0.100751879699248,0.420489296636086,0.0279411764705882,0,0,0.683734939759036,0.65527950310559,0.690769230769231,0.687407407407407,0.680119581464873,0.390420899854862,0.695139911634757,1,0.324599708879185,0,0.664201183431953,0.692780337941628,0.680555555555556,0.671091445427729,0.405120481927711,0,0.663250366032211,0.661094224924012,0.661466458658346,0.678092399403875,0.687869822485207,0.682926829268293,0.813333333333333,0.328808446455505,0.678787878787879,0.411160058737151,0,0.769805680119582,0.670164917541229,0.0796324655436447,0,0,0.684451219512195,0.372549019607843,0,0.68815592203898,0.696696696696697,0.0373831775700935,0,0,0,0.671091445427729,0,0,0.105022831050228,0,0.648888888888889,0,0.422187981510015,0,0.328424153166421,0.684210526315789,0.404545454545455,0,0,0.00758725341426404,0.669150521609538,0.67218045112782,0.671317829457364,0.671641791044776,0.672281776416539,0.673312883435583,0.0135746606334842,0.683109118086697,0,0,0.304154302670623,1,0.675635276532138,0.676077265973254,0.322485207100592,0,0.440601503759398,0.668621700879765,0.365558912386707,0.684848484848485,0.674809160305344,0,0.6797583081571,0.678740157480315,0.327217125382263,0.0965732087227414,0.671408250355619,0.4,0.43030303030303,0.669161676646707,0.672727272727273,0.689291101055807,0.423880597014925,0.32089552238806,0,0.100151745068285,0,0.33920704845815,0.00151745068285281,0.421133231240429,0.677321156773212,0.675968992248062,0,0,0.589205397301349,0.00303030303030303,0.00148809523809524,0,0.682706766917293,0.676557863501484,0,0.678726483357453,0.319340329835082,0.667170953101362,0.557750759878419,0.691376701966717,1,0.687869822485207,0,0,0.415178571428571,1,0.669172932330827,0.67420814479638,0.898638426626324,0.587423312883436,0,0,0.682634730538922,0,0.606015037593985,0,0.664244186046512,0.426008968609865,0.67065868263473,0.683969465648855,0,1,0,0.694656488549618,0.675187969924812,0,0,0,0.552511415525114,0,0.67427701674277,0.394932935916542,0.668174962292609,0.671779141104294,1,0.969788519637462,0,0.386363636363636,0,0.676077265973254,0.667180277349769,0,0,0.833333333333333,0.682779456193353,0,0.106508875739645,0,0.679882525697504,0.799387442572741,0.336842105263158,0,0,0,0,0,0.707782672540382,0.691019786910198,0,0.88801261829653,1,0.580209895052474,1,0.672672672672673,0,0.32572298325723,0,0,0.115097159940209,0,0.325892857142857,0,0,0,0
"404",0.715654952076677,0.709627329192547,0.697637795275591,0.6976,0.698738170347003,0.71563981042654,0.984025559105431,0.705414012738854,0.709375,0.4064,0.697492163009404,0.336973478939158,0.509463722397476,0.703937007874016,0.0272873194221509,0.0235478806907378,0.362790697674419,0.969205834683955,0.696062992125984,0.70735524256651,0.02660406885759,0.0302066772655008,0.698315467075038,0.453703703703704,0.714939024390244,0.0293663060278207,0.0336,0.687196110210697,0.705882352941177,0.504777070063694,0.03486529318542,0.43010752688172,0.650769230769231,0.0346456692913386,0.304416403785489,0.707037643207856,0.832807570977918,0.699236641221374,0.0259146341463415,0.708141321044547,0.97191887675507,0.968701095461659,0.963020030816641,0.695238095238095,0.703349282296651,0.025518341307815,0.0283018867924528,0.0370942812982998,0.0283464566929134,0.0290964777947933,0.285714285714286,0.696969696969697,0.0340557275541796,0.69375,0.709320695102686,0.207936507936508,0.859450726978998,0.703470031545741,0.701515151515152,0.704968944099379,0.0352220520673813,0.0280811232449298,0.0269413629160063,0.962204724409449,0.706539074960128,0.699530516431925,0.324881141045959,0.691943127962085,0.365151515151515,0.0338461538461538,0.700460829493088,0.0327102803738318,0.0324149108589951,0.744783306581059,0.817619783616692,0.704268292682927,0.0276073619631902,0.038109756097561,0.69922480620155,0.0274193548387097,0.370786516853933,0.0328125,0.0301587301587302,0.695046439628483,0.0388802488335925,0.696319018404908,0.707936507936508,0.683042789223455,0.702362204724409,0.973058637083994,0.705229793977813,0.6996996996997,0.288611544461778,0.400621118012422,0.707006369426752,0.344827586206897,0.295886075949367,0.702160493827161,0.85,0.965785381026439,0.711111111111111,0.351524879614767,0.0282131661442006,0.71107544141252,0.0361067503924647,0.703470031545741,0.968553459119497,0.693522906793049,0.029320987654321,0.0297339593114241,0.028436018957346,0.708527131782946,0.0308641975308642,0.697204968944099,0.775914634146341,0.716923076923077,0.0299212598425197,0.601226993865031,0.0306278713629403,0.0302066772655008,0.76875,0.701726844583987,0.0354391371340524,0.0308441558441558,0.68798751950078,0.0325077399380805,0.700906344410876,0.708527131782946,0.614533965244866,0.275914634146341,0.698083067092652,0.0311526479750779,0.689167974882261,0.350531107738998,0.693522906793049,0.0295031055900621,0.966929133858268,0.0360501567398119,0.639810426540284,0.148148148148148,0.407936507936508,0.384735202492212,0.710443037974684,0.698717948717949,0.0349206349206349,0.706349206349206,0.0287878787878788,0.716108452950558,0.510015408320493,0.700617283950617,0.0273752012882448,0.711811023622047,0.708268330733229,0.69620253164557,0.690363349131122,0.0328638497652582,0.710031347962382,0.0287539936102236,0.548686244204019,0.6953125,0.0328638497652582,0.697063369397218,0.031201248049922,0.388364779874214,0.707667731629393,0.0304,0.708661417322835,0.715625,0.691833590138675,0.0411585365853659,0.690140845070423,0.0333863275039746,0.695102685624013,0.02660406885759,0.706260032102729,0.0346456692913386,0.394366197183099,0.71496062992126,0.93900481540931,0.714738510301109,0.70735524256651,0.0299684542586751,0.709779179810726,0.701095461658842,0.70015455950541,0.690140845070423,0.0314465408805031,0.024653312788906,0.694174757281553,0.687010954616588,0.0356037151702786,0.033175355450237,0.698289269051322,0.744945567651633,0.94969512195122,0.294117647058824,0.0293663060278207,0.971518987341772,0.705148205928237,0.031104199066874,0.694753577106518,0.71319018404908,0.706436420722135,0.0344287949921753,0.0367534456355283,0.0351437699680511,0.691603053435115,0.709003215434084,0.699685534591195,0.293650793650794,0.724409448818898,0.036741214057508,0.678627145085803,0.035031847133758,0.0300157977883096,0.584375,0.702060221870048,0.69922480620155,0.695583596214511,0.719188767550702,0.711111111111111,0.330721003134796,0.0316455696202532,0.0313971742543171,0.697388632872504,0.97045101088647,0.688271604938272,0.709876543209877,0.697492163009404,0.703761755485893,0.7232,0.707575757575758,0.296754250386399,0.622670807453416,0.711388455538221,0.0361067503924647,0.694753577106518,0.0298273155416013,0.702954898911353,0.7056,0.708860759493671,0.692429022082019,0.70873786407767,0.0327613104524181,0.693129770992366,0.231139646869984,0.028391167192429,0.027906976744186,0.0300632911392405,0.0286624203821656,0.0319488817891374,0.135922330097087,0.0315955766192733,0.02660406885759,0.0324574961360124,0.703647416413374,0.0331230283911672,0.702614379084967,0.972179289026275,0.0332278481012658,0.587692307692308,0.033175355450237,0.686900958466454,0.705511811023622,0.706349206349206,0.566978193146417,0.0310077519379845,0.694573643410853,0.0299684542586751,0.0319634703196347,0.0252764612954186,0.0310077519379845,0.970496894409938,0.707278481012658,0.0312989045383412,0.0312989045383412,0.701421800947867,0.0334928229665072,0.702325581395349,0.0328125,0.0330708661417323,0.713831478537361,0.70253164556962,0.718944099378882,0.818897637795276,0.694041867954911,0.978159126365055,0.387537993920973,0.031201248049922,0.693623639191291,0.70125786163522,0.401253918495298,0.0314465408805031,0.0319488817891374,0.700320512820513,0.699842022116904,0.0323574730354391,0.322274881516588,0.280448717948718,0.719101123595506,0.710610932475884,0.0398773006134969,0.70735524256651,0.712098009188361,0.033587786259542,0.708588957055215,0.705701078582434,0.031055900621118,0.7184,0.703001579778831,0.708399366085578,0.693396226415094,0.0316957210776545,0.0351681957186544,0.0318471337579618,0.703761755485893,0.696062992125984,0.962790697674419,0.0396825396825397,0.702746365105008,0.0294117647058824,0.0285714285714286,0.715151515151515,0.698757763975155,0.720430107526882,0.6984375,0.706605222734255,0.0316957210776545,0.712025316455696,0.704510108864697,0.402555910543131,0.0325581395348837,0.196513470681458,0.0335463258785942,0.967084639498433,0.033434650455927,0.698630136986301,0.0337620578778135,0.0380348652931854,0.568992248062016,0.0294117647058824,0.697933227344992,0.0352220520673813,0.709320695102686,0.717219589257504,0.699376947040498,0.0313479623824451,0.0354938271604938,0.699530516431925,0.625816993464052,0.376602564102564,0.719745222929936,0.0265625,0.0317965023847377,0.0253565768621236,0.695102685624013,0.0306278713629403,0.76791277258567,0.0328125,0.0377358490566038,0.0323624595469256,0.0252764612954186,0.700920245398773,0.0297805642633229,0.704918032786885,0.693270735524257,0.299684542586751,0.716108452950558,0.0286168521462639,0.703761755485893,0.709230769230769,0.698541329011345,0.0297805642633229,0.706976744186047,0.0239234449760766,0.695252679938744,0.53448275862069,0.701078582434515,0.692185007974482,0.72,0.0248062015503876,0.702922077922078,0.723472668810289,0.0233644859813084,0.0266875981161695,0.699537750385208,0.713375796178344,0.0294117647058824,0.5015625,0.7008,0.687116564417178,0.695517774343122,0.297674418604651,0.0287081339712919,0.729200652528548,0.0293663060278207,0.568253968253968,0.705882352941177,0.97045101088647,0.138629283489097,0.698717948717949,0.70125786163522,0.967164179104478,1,0.0519685039370079,0.705148205928237,0.0327613104524181,0.7078125,0.70048309178744,0.0284810126582278,0.699074074074074,0.705314009661836,0.30188679245283,0.0333863275039746,0.704866562009419,0.70429252782194,0.0292758089368259,0.712307692307692,0.713826366559486,0.0237341772151899,0.635792778649921,0.703761755485893,0.71183800623053,0.690140845070423,0.23728813559322,0.0376175548589342,0.0512,0.0317700453857791,0.0307219662058372,0.966719492868463,0.0325581395348837,0.0342146189735614,0.0335365853658537,0.548644338118022,0.0352,0.708782742681048,0.0350076103500761,0.693396226415094,0.0356037151702786,0.375757575757576,0.348367029548989,0.699537750385208,0.71097372488408,0.337519623233909,0.702093397745572,0.972179289026275,0.351937984496124,0.296,0.705426356589147,0.963893249607535,0.704944178628389,0.716981132075472,0.261980830670927,0.697674418604651,0.288372093023256,0.388978930307942,0.706708268330733,0.701863354037267,0.718995290423862,0.028125,0.942857142857143,0.975083056478405,0.703588143525741,0.69435736677116,0.687789799072643,0.0315457413249211,0.642633228840125,0.699212598425197,0.0312989045383412,0.712074303405573,0.0875,0.410174880763116,0.031055900621118,0.032258064516129,0.0364842454394693,0.693498452012384,0.377708978328173,0.69969512195122,0.708943089430894,0.709627329192547,0.555384615384615,0.0332805071315372,0.703470031545741,0.0302547770700637,0.704065040650407,0.695583596214511,0.0264385692068429,0.702229299363057,0.0303951367781155,0.697965571205008,0.0300157977883096,0.0316455696202532,0.701095461658842,0.9734375,0.0259938837920489,0.694704049844237,0.0304975922953451,0.462732919254658,0.0310077519379845,0.464615384615385,0.0360902255639098,0.465331278890601,0.0369181380417336,0.702875399361022,0.0326594090202177,0.0291411042944785,0.0304878048780488,0.705974842767296,0.701754385964912,0.697247706422018,0.669381107491857,0.642857142857143,0.710280373831776,0.0335463258785942,0.696540880503145,0.0313014827018122,0.0259938837920489,0.691107644305772,0.701112877583466,0.703875968992248,0.627943485086342,0.688854489164087,0.0336391437308868,0.0283018867924528,0.69435736677116,0.694267515923567,0.346153846153846,0.390625,0.704791344667697,0.705882352941177,0.0282574568288854,0.71585557299843,0.696509863429439,0.0328638497652582,0.72275641025641,0.709576138147567,0.973478939157566,0.840425531914894,0.699680511182109,0.298953662182362,0.712025316455696,0.700468018720749,0.385802469135802,0.0333333333333333,0.706436420722135,0.0265210608424337,0.70735524256651,0.672897196261682,0.709119496855346,0.540625,0.710651828298887,0.0301109350237718,0.702492211838006,0.697784810126582,0.692307692307692,0.295489891135303,0.0327332242225859,0.695081967213115,0.702325581395349,0.968701095461659,0.692780337941628,0.0314465408805031,0.0771604938271605,0.0341085271317829,0.701726844583987,0.702325581395349,0.6992,0.4,0.0272435897435897,0.394276629570747,0.692307692307692,0.0293663060278207,0.028169014084507,0.0608424336973479,0.302034428794992,0.691823899371069,0.66407465007776,0.693498452012384,0.704791344667697,0.0375586854460094,0.0279937791601866,0.470588235294118,0.343898573692552,0.0330188679245283,0.0297805642633229,0.027906976744186,0.2672,0.0233644859813084,0.692073170731707,0.289556962025316,0.033434650455927,0.698608964451314,0.707006369426752,0.697452229299363,0.0325077399380805,0.0321592649310873,0.333333333333333,0.704334365325077,0.0345911949685535,0.0295031055900621,0.703245749613601,0.709627329192547,0.0329153605015674,0.971014492753623,0.706070287539936,0.714285714285714,0.966981132075472,0.706422018348624,0.0309119010819165,0.710443037974684,0.0313971742543171,0.818461538461538,0.963076923076923,0.13030303030303,0.693270735524257,0.0319148936170213,0.0265210608424337,0.968944099378882,0.967642526964561,0.699059561128527,0.0326594090202177,0.708943089430894,0.0307692307692308,0.715873015873016,0.0313479623824451,0.0299684542586751,0.0643642072213501,0.263650546021841,0.0352,0.0238853503184713,0.961965134706815,0.0327613104524181,0.46656050955414,0.688888888888889,0.301538461538462,0.685847589424572,0.0266875981161695,0.715408805031447,0.304821150855365,0.0315457413249211,0.0317460317460317,0.701112877583466,0.36322188449848,0.697492163009404,0.392,0.0549273021001615,0.695102685624013,0.377916018662519,0.967492260061919,0.712480252764613,0.6953125,0.706870229007634,0.0328407224958949,0.341538461538462,0.709175738724728,0.137931034482759,0.399684044233807,0.0665658093797277,0.0292758089368259,0.0306748466257669,0.714285714285714,0.688,0.715654952076677,0.704225352112676,0.711180124223602,0.36280487804878,0.715596330275229,0.979876160990712,0.29803328290469,0.0316455696202532,0.70077519379845,0.712264150943396,0.709208400646204,0.70381679389313,0.374414976599064,0.0321592649310873,0.684698608964451,0.684126984126984,0.692551505546751,0.697492163009404,0.705607476635514,0.70906200317965,0.776923076923077,0.292993630573248,0.701726844583987,0.377880184331797,0.0312989045383412,0.743827160493827,0.703761755485893,0.100486223662885,0.0313531353135314,0.0297805642633229,0.699530516431925,0.345425867507886,0.0263565891472868,0.700763358778626,0.720190779014308,0.0754716981132075,0.0289634146341463,0.0282131661442006,0.0289855072463768,0.701996927803379,0.0304487179487179,0.0338983050847458,0.130434782608696,0.0300632911392405,0.674418604651163,0.0321100917431193,0.382775119617225,0.034375,0.306976744186047,0.70906200317965,0.388535031847134,0.0316957210776545,0.0300157977883096,0.0402576489533011,0.699376947040498,0.69701726844584,0.700813008130081,0.695384615384615,0.694041867954911,0.69551282051282,0.0481540930979133,0.707430340557275,0.0282131661442006,0.0387205387205387,0.322981366459627,0.974358974358974,0.693023255813954,0.695517774343122,0.297045101088647,0.0310077519379845,0.41838351822504,0.69578313253012,0.332278481012658,0.7125,0.705882352941177,0.0345911949685535,0.710900473933649,0.707037643207856,0.347619047619048,0.13128038897893,0.698198198198198,0.380573248407643,0.399678972712681,0.692913385826772,0.691338582677165,0.71830985915493,0.388976377952756,0.290372670807453,0.0278207109737249,0.129541864139021,0.0342679127725857,0.312307692307692,0.0330188679245283,0.396196513470681,0.700315457413249,0.705047318611987,0.0353302611367127,0.031055900621118,0.544740973312402,0.0365659777424483,0.0325077399380805,0.0328125,0.705414012738854,0.696062992125984,0.0288,0.707646176911544,0.291277258566978,0.694136291600634,0.511848341232227,0.722662440570523,0.964939024390244,0.713405238828968,0.0313479623824451,0.0287539936102236,0.385448916408669,0.968701095461659,0.695046439628483,0.700475435816165,0.931034482758621,0.613268608414239,0.0315955766192733,0.0208333333333333,0.705047318611987,0.0321543408360129,0.566718995290424,0.0333863275039746,0.684848484848485,0.396551724137931,0.697784810126582,0.702572347266881,0.0266875981161695,0.963492063492064,0.0365079365079365,0.720257234726688,0.70096463022508,0.0262751159196291,0.0326594090202177,0.0307219662058372,0.575039494470774,0.0290322580645161,0.703937007874016,0.356481481481481,0.691338582677165,0.702572347266881,0.973478939157566,0.924170616113744,0.0296052631578947,0.355799373040752,0.0287081339712919,0.698907956318253,0.688709677419355,0.0253565768621236,0.031201248049922,0.872307692307692,0.706521739130435,0.0341085271317829,0.125,0.0309597523219814,0.697204968944099,0.773162939297125,0.308049535603715,0.0295489891135303,0.0275650842266462,0.0319488817891374,0.0333333333333333,0.0290964777947933,0.722049689440994,0.714285714285714,0.0316455696202532,0.850819672131148,0.971563981042654,0.542503863987635,0.970443349753695,0.686900958466454,0.034375,0.296998420221169,0.027906976744186,0.0309119010819165,0.132492113564669,0.0236220472440945,0.302469135802469,0.0326086956521739,0.0303514376996805,0.0312989045383412,0.0333863275039746
"405",0.322006472491909,0.341232227488152,0.34012539184953,0.35828025477707,0.334905660377358,0.341692789968652,0.0304975922953451,0.350793650793651,0.342064714946071,0.530351437699681,0.3421875,0.6138147566719,0.547770700636943,0.347551342812006,0.981012658227848,0.981308411214953,0.596599690880989,0.0178282009724473,0.350710900473934,0.337519623233909,0.979462875197472,0.981012658227848,0.347094801223242,0.490595611285266,0.342549923195084,0.983024691358025,0.980922098569157,0.355769230769231,0.332293291731669,0.556782334384858,0.976923076923077,0.622291021671827,0.396604938271605,0.984251968503937,0.637362637362637,0.340460526315789,0.130503144654088,0.349453978159126,0.980152671755725,0.337920489296636,0.0156739811912226,0.0186915887850467,0.0199386503067485,0.35031847133758,0.343402225755167,0.982428115015974,0.987301587301587,0.980213089802131,0.978428351309707,0.983128834355828,0.661949685534591,0.351822503961965,0.979591836734694,0.348909657320872,0.338485316846986,0.840510366826156,0.1088,0.344444444444444,0.342592592592593,0.349206349206349,0.989096573208723,0.981279251170047,0.9808,0.0126782884310618,0.341346153846154,0.338509316770186,0.625199362041467,0.353312302839117,0.5790273556231,0.981308411214953,0.346875,0.979591836734694,0.983660130718954,0.316129032258064,0.144859813084112,0.346504559270517,0.981481481481482,0.986280487804878,0.344086021505376,0.98538961038961,0.559677419354839,0.982758620689655,0.978021978021978,0.355590062111801,0.982866043613707,0.352760736196319,0.33968253968254,0.355242566510172,0.350931677018634,0.0172955974842767,0.35048231511254,0.357798165137615,0.660436137071651,0.546995377503852,0.3472,0.596923076923077,0.657232704402516,0.339035769828927,0.107371794871795,0.0161030595813204,0.3359375,0.591263650546022,0.981220657276995,0.334405144694534,0.977564102564103,0.343354430379747,0.0191082802547771,0.356466876971609,0.977917981072555,0.981220657276995,0.979813664596273,0.333848531684699,0.989028213166144,0.344186046511628,0.186046511627907,0.331818181818182,0.982484076433121,0.352395672333849,0.981679389312977,0.98116169544741,0.18266253869969,0.344339622641509,0.986280487804878,0.985436893203884,0.355140186915888,0.98,0.343796711509716,0.341013824884793,0.343260188087774,0.744615384615385,0.354166666666667,0.982919254658385,0.35426731078905,0.610859728506787,0.360975609756098,0.978361669242658,0.0154798761609907,0.982594936708861,0.407582938388626,0.868852459016393,0.547880690737834,0.559561128526646,0.338509316770186,0.352180936995153,0.982892690513219,0.338028169014085,0.980243161094225,0.330708661417323,0.535101404056162,0.351309707241911,0.982484076433121,0.326053042121685,0.343450479233227,0.341772151898734,0.352848101265823,0.979495268138801,0.327666151468315,0.9776,0.41185647425897,0.357585139318885,0.982839313572543,0.346094946401225,0.982785602503912,0.546178343949045,0.343450479233227,0.985714285714286,0.348297213622291,0.340523882896764,0.35303265940902,0.990683229813665,0.351181102362205,0.985759493670886,0.354430379746835,0.9828125,0.350649350649351,0.982945736434109,0.571870170015456,0.325471698113208,0.0181518151815182,0.325914149443561,0.350157728706625,0.981012658227848,0.337060702875399,0.352755905511811,0.343701399688958,0.355140186915888,0.982892690513219,0.986089644513138,0.355305466237942,0.345971563981043,0.98,0.979299363057325,0.350308641975309,0.222222222222222,0.0075187969924812,0.66403785488959,0.982484076433121,0.0123647604327666,0.348837209302326,0.97984496124031,0.350877192982456,0.339477726574501,0.343799058084772,0.978021978021978,0.983154670750383,0.982456140350877,0.359567901234568,0.350237717908082,0.34715821812596,0.648902821316614,0.339712918660287,0.980982567353407,0.36833855799373,0.984101748807631,0.984375,0.429906542056075,0.351910828025478,0.345256609642302,0.355140186915888,0.333333333333333,0.346031746031746,0.622291021671827,0.980830670926518,0.979655712050078,0.331278890600925,0.0124223602484472,0.349544072948328,0.340943683409437,0.346333853354134,0.343032159264931,0.323529411764706,0.342465753424658,0.671317829457364,0.343605546995377,0.333333333333333,0.983844911147011,0.349206349206349,0.982866043613707,0.3390625,0.34009360374415,0.343402225755167,0.352472089314195,0.337096774193548,0.987381703470032,0.346213292117465,0.815112540192926,0.984472049689441,0.981395348837209,0.993690851735016,0.98256735340729,0.977917981072555,0.87741935483871,0.978056426332288,0.987654320987654,0.981220657276995,0.334862385321101,0.9796875,0.34789644012945,0.0153139356814701,0.979495268138801,0.368181818181818,0.979495268138801,0.352380952380952,0.34850863422292,0.346518987341772,0.400630914826498,0.979750778816199,0.35,0.98116169544741,0.982998454404946,0.985781990521327,0.980243161094225,0.0173228346456693,0.339712918660287,0.98297213622291,0.984202211690363,0.351910828025478,0.982286634460548,0.353120243531202,0.983076923076923,0.9826224328594,0.332283464566929,0.351219512195122,0.326465927099842,0.135433070866142,0.342229199372057,0.0156985871271586,0.557575757575758,0.985981308411215,0.343260188087774,0.340836012861736,0.5484375,0.982945736434109,0.98256735340729,0.35426731078905,0.365625,0.979938271604938,0.628930817610063,0.668269230769231,0.330683624801272,0.341384863123994,0.986153846153846,0.351735015772871,0.334355828220859,0.981132075471698,0.348982785602504,0.333333333333333,0.9828125,0.34181240063593,0.3375,0.339593114241002,0.341121495327103,0.985871271585557,0.979907264296754,0.986970684039088,0.342105263157895,0.354330708661417,0.0296411856474259,0.992050874403816,0.357945425361156,0.983076923076923,0.9796875,0.336434108527132,0.356589147286822,0.333848531684699,0.346273291925466,0.343167701863354,0.982677165354331,0.343799058084772,0.340694006309148,0.534810126582278,0.983282674772036,0.82225656877898,0.979099678456592,0.0201550387596899,0.978125,0.348942598187311,0.977848101265823,0.982594936708861,0.407120743034056,0.978328173374613,0.348242811501597,0.98297213622291,0.337078651685393,0.330188679245283,0.338461538461538,0.9808,0.978527607361963,0.343799058084772,0.431561996779388,0.584269662921348,0.328616352201258,0.979623824451411,0.9808,0.9808,0.352090032154341,0.980273141122914,0.186335403726708,0.981102362204724,0.979495268138801,0.98389694041868,0.98256735340729,0.350850077279753,0.979397781299525,0.345218800648298,0.361934477379095,0.651090342679128,0.333333333333333,0.980922098569157,0.35062893081761,0.343167701863354,0.346774193548387,0.981337480559876,0.329192546583851,0.978792822185971,0.352307692307692,0.510869565217391,0.344827586206897,0.352941176470588,0.339089481946625,0.979495268138801,0.351735015772871,0.33868378812199,0.9776,0.9828125,0.350387596899225,0.340694006309148,0.979365079365079,0.462365591397849,0.34621578099839,0.349529780564263,0.352850539291217,0.65414710485133,0.980982567353407,0.325806451612903,0.984276729559748,0.399366085578447,0.338582677165354,0.0202808112324493,0.896764252696456,0.338118022328549,0.349529780564263,0.0135542168674699,0.0519685039370079,1,0.343898573692552,0.977883096366509,0.340157480314961,0.334959349593496,0.979365079365079,0.339035769828927,0.346333853354134,0.632237871674491,0.984227129337539,0.348367029548989,0.340189873417722,0.982286634460548,0.341653666146646,0.340288924558588,0.982539682539682,0.316692667706708,0.3421875,0.340361445783133,0.358609794628752,0.809302325581395,0.9796875,0.962323390894819,0.983282674772036,0.981132075471698,0.0126782884310618,0.986153846153846,0.984472049689441,0.98755832037325,0.403785488958991,0.987138263665595,0.333846153846154,0.989296636085627,0.349922239502333,0.989130434782609,0.572948328267477,0.602427921092564,0.340943683409437,0.341500765696784,0.609984399375975,0.345779220779221,0.0154559505409583,0.597809076682316,0.657770800627943,0.351226993865031,0.0170807453416149,0.338006230529595,0.33125,0.755591054313099,0.349453978159126,0.654088050314465,0.558252427184466,0.336973478939158,0.345679012345679,0.326594090202177,0.985849056603774,0.0134328358208955,0.0197044334975369,0.34472049689441,0.35625,0.366771159874608,0.981102362204724,0.3203125,0.345201238390093,0.979299363057325,0.333850931677019,0.963779527559055,0.536858974358974,0.984375,0.978428351309707,0.984873949579832,0.343987823439878,0.575153374233129,0.347222222222222,0.337115072933549,0.339652448657188,0.400302114803625,0.984301412872841,0.340764331210191,0.977812995245642,0.339256865912762,0.345104333868379,0.984520123839009,0.343354430379747,0.977511244377811,0.348909657320872,0.982539682539682,0.979623824451411,0.348297213622291,0.0157728706624606,0.978819969742814,0.352850539291217,0.990369181380417,0.592476489028213,0.9796875,0.484615384615385,0.980243161094225,0.591263650546022,0.982258064516129,0.35426731078905,0.98116169544741,0.981510015408321,0.977848101265823,0.339035769828927,0.344827586206897,0.345679012345679,0.375203915171289,0.310965630114566,0.340062111801242,0.98389694041868,0.348837209302326,0.978618421052632,0.97869101978691,0.355242566510172,0.340157480314961,0.338957055214724,0.420472440944882,0.352484472049689,0.981707317073171,0.979719188767551,0.350547730829421,0.352755905511811,0.5968,0.555023923444976,0.342679127725857,0.349761526232114,0.979365079365079,0.333333333333333,0.343939393939394,0.976415094339623,0.336025848142165,0.339506172839506,0.0202808112324493,0.12781954887218,0.341194968553459,0.655223880597015,0.342229199372057,0.34984520123839,0.558641975308642,0.981510015408321,0.335433070866142,0.987281399046105,0.340694006309148,0.382445141065831,0.344391785150079,0.507788161993769,0.338050314465409,0.985507246376812,0.346394984326019,0.350237717908082,0.361022364217252,0.657407407407407,0.980392156862745,0.35031847133758,0.341614906832298,0.0140405616224649,0.347352024922118,0.981072555205047,0.968895800933126,0.982758620689655,0.339035769828927,0.352574102964119,0.343450479233227,0.556748466257669,0.9792,0.562798092209857,0.359872611464968,0.985981308411215,0.983206106870229,0.981366459627329,0.648648648648649,0.358044164037855,0.389489953632148,0.347496206373293,0.338461538461538,0.982677165354331,0.98,0.474842767295597,0.608832807570978,0.977917981072555,0.979527559055118,0.979813664596273,0.664566929133858,0.981191222570533,0.353302611367127,0.64622641509434,0.978658536585366,0.355038759689922,0.346456692913386,0.347551342812006,0.98310291858679,0.983257229832572,0.60586319218241,0.35377358490566,0.977883096366509,0.982919254658385,0.345679012345679,0.338509316770186,0.979719188767551,0.0199335548172757,0.33596214511041,0.336477987421384,0.00786163522012579,0.343167701863354,0.978494623655914,0.3328,0.982731554160126,0.128398791540786,0.0169491525423729,0.876923076923077,0.3546875,0.980182926829268,0.983024691358025,0.0201550387596899,0.0170015455950541,0.348909657320872,0.984350547730829,0.33868378812199,0.983257229832572,0.343354430379747,0.982677165354331,0.979133226324238,0.979495268138801,0.76875,0.984076433121019,0.979299363057325,0.0108359133126935,0.979938271604938,0.486133768352365,0.345425867507886,0.642745709828393,0.348297213622291,0.982539682539682,0.340157480314961,0.645669291338583,0.9826224328594,0.982200647249191,0.344660194174757,0.594553706505295,0.360374414976599,0.557299843014129,0.985483870967742,0.35377358490566,0.56782334384858,0.00784929356357928,0.34493670886076,0.351145038167939,0.343558282208589,0.982200647249191,0.613981762917933,0.337962962962963,0.905956112852665,0.55111821086262,0.981538461538462,0.978125,0.982758620689655,0.337539432176656,0.365814696485623,0.333863275039746,0.337920489296636,0.343122102009274,0.583333333333333,0.332307692307692,0.0155763239875389,0.649390243902439,0.982892690513219,0.344287949921753,0.33489827856025,0.349753694581281,0.348297213622291,0.573667711598746,0.980273141122914,0.361934477379095,0.352112676056338,0.352365415986949,0.346333853354134,0.336448598130841,0.336477987421384,0.183076923076923,0.65086887835703,0.353870458135861,0.575427682737169,0.98116169544741,0.221183800623053,0.346938775510204,0.935483870967742,0.982258064516129,0.982998454404946,0.342723004694836,0.609984399375975,0.981337480559876,0.345911949685535,0.326465927099842,0.974723538704581,0.983024691358025,0.982539682539682,0.983844911147011,0.35202492211838,0.980922098569157,0.979876160990712,0.868670886075949,0.984202211690363,0.381395348837209,0.980030721966206,0.5584,0.986003110419907,0.646153846153846,0.335433070866142,0.564308681672026,0.977635782747604,0.984202211690363,0.980769230769231,0.348159509202454,0.356143079315708,0.35,0.343307086614173,0.34621578099839,0.355095541401274,0.995283018867924,0.336973478939158,0.981220657276995,0.981636060100167,0.711811023622047,0.0158478605388273,0.348091603053435,0.339593114241002,0.65015479876161,0.981651376146789,0.536277602523659,0.355182926829268,0.616852146263911,0.33596214511041,0.342995169082126,0.97933227344992,0.34185303514377,0.343137254901961,0.675118858954041,0.883986928104575,0.356083086053412,0.565625,0.540412044374009,0.353125,0.354430379746835,0.339009287925697,0.565284178187404,0.657853810264386,0.984350547730829,0.908805031446541,0.979938271604938,0.639876352395672,0.987261146496815,0.55379746835443,0.345794392523364,0.349761526232114,0.981707317073171,0.979750778816199,0.411949685534591,0.988871224165342,0.984639016897081,0.982945736434109,0.340189873417722,0.353870458135861,0.984301412872841,0.336858006042296,0.65891472868217,0.365814696485623,0.436507936507937,0.325949367088608,0.015527950310559,0.339477726574501,0.984177215189873,0.980982567353407,0.565015479876161,0.0182370820668693,0.359937402190923,0.355140186915888,0.117647058823529,0.424635332252836,0.9792663476874,0.980645161290323,0.340062111801242,0.985623003194888,0.390205371248025,0.982594936708861,0.34597875569044,0.554160125588697,0.350078492935636,0.341894060995185,0.979655712050078,0.0203125,0.980891719745223,0.335504885993485,0.346938775510204,0.984544049459042,0.981510015408321,0.981566820276498,0.475435816164818,0.982315112540193,0.337559429477021,0.591263650546022,0.347826086956522,0.357142857142857,0.0201863354037267,0.0205371248025276,0.978723404255319,0.590342679127726,0.985691573926868,0.34913112164297,0.353322528363047,0.980982567353407,0.982704402515723,0.153488372093023,0.340625,0.979876160990712,0.883076923076923,0.983050847457627,0.349693251533742,0.187301587301587,0.644409937888199,0.979750778816199,0.98310291858679,0.977671451355662,0.982113821138211,0.979527559055118,0.317829457364341,0.338118022328549,0.984276729559748,0.116316639741519,0.0158982511923688,0.421875,0.0178282009724473,0.351735015772871,0.97984496124031,0.647798742138365,0.982866043613707,0.9858934169279,0.866141732283465,0.982484076433121,0.654743390357698,0.984423676012461,0.987220447284345,0.985781990521327,0.985804416403785
"406",1,1,1,1,1,1,0.70048309178744,1,1,0.0944,1,0.0403726708074534,0.801261829652997,1,0.311605723370429,0.305426356589147,0.0613496932515337,0.684466019417476,1,1,0.287735849056604,0.313001605136437,1,0.166144200626959,1,0.321428571428571,0.3125,1,1,0.787878787878788,0.30829420970266,0.728395061728395,0.964885496183206,0.31378763866878,0,1,0.542635658914729,1,0.295107033639144,1,0.666141732283465,0.676609105180534,0.697063369397218,1,1,0.314516129032258,0.309486780715397,0.30077519379845,0.31733746130031,0.330745341614907,0,1,0.300462249614792,1,1,0.494470774091627,0.568938193343899,1,1,1,0.328660436137072,0.320754716981132,0.316211878009631,0.68362480127186,1,1,0.0332278481012658,1,0.0502283105022831,0.317757009345794,1,0.3140625,0.326298701298701,0.963492063492064,0.509230769230769,1,0.304012345679012,0.330232558139535,1,0.311793214862682,0.0932896890343699,0.325320512820513,0.32967032967033,1,0.337480559875583,1,1,1,1,0.693146417445483,1,1,0,0.108864696734059,1,0.0401854714064915,0,1,0.558441558441558,0.6816,1,0.0470957613814757,0.30829420970266,1,0.315286624203822,1,0.694099378881988,1,0.309636650868878,0.314873417721519,0.3140625,1,0.325508607198748,1,0.491577335375191,1,0.314329738058552,0.302469135802469,0.322033898305085,0.311605723370429,0.484472049689441,0.998449612403101,0.320552147239264,0.313725490196078,1,0.301391035548686,1,1,0.3328125,0.549079754601227,1,0.3109375,1,0.0384024577572965,1,0.320552147239264,0.671850699844479,0.328149300155521,0.937799043062201,0.432078559738134,0.101910828025478,0.0942492012779553,1,1,0.323390894819466,1,0.310872894333844,1,0.801857585139319,1,0.322632423756019,1,1,1,1,0.329173166926677,1,0.312101910828025,0.263076923076923,1,0.309341500765697,1,0.295489891135303,0.080824088748019,1,0.318979266347687,1,1,1,0.324655436447167,1,0.330128205128205,1,0.305164319248826,1,0.320063694267516,0.0748829953198128,1,0.6512,1,1,0.315372424722662,1,1,1,1,0.318181818181818,0.305900621118012,1,0.998435054773083,0.31201248049922,0.301261829652997,1,0.453560371517028,0.670180722891566,0,0.309597523219814,0.67032967032967,1,0.318461538461538,1,0.998466257668712,1,0.309968847352025,0.317972350230415,0.32258064516129,1,1,1,0,1,0.30829420970266,0.975077881619938,0.325434439178515,0.312597200622084,0.7515625,1,1,1,1,1,0.0406885758998435,0.313880126182965,0.325038880248834,1,0.683641975308642,1,1,0.9984375,0.998444790046656,1,1,0.00153846153846154,0.325652841781874,1,0.303370786516854,1,0.303125,1,1,1,1,1,0.321928460342146,1,0.507987220447284,0.326465927099842,0.323574730354391,0.312599681020734,0.314375987361769,0.321144674085851,0.4128,0.325396825396825,0.317262830482115,0.318885448916409,1,0.323854660347551,1,0.685185185185185,0.318681318681319,0.309559939301973,0.33015873015873,1,1,1,0.259026687598116,0.313479623824451,1,0.318681318681319,0.322188449848024,0.310725552050473,0.320872274143302,0.691573926868045,1,0.32348367029549,0.309636650868878,1,0.305331179321486,1,0.307692307692308,0.312796208530806,1,1,1,0.544740973312402,1,0.686821705426357,0.08,0.313084112149533,1,1,0.0955315870570108,0.3109375,0.3248,1,1,0.301857585139319,0.0229357798165138,0.00159744408945687,1,1,0.330275229357798,1,1,0.304212168486739,1,1,0.312307692307692,1,1,1,1,0.322480620155039,0.304281345565749,0.319422150882825,1,1,0.672307692307692,0.309486780715397,1,0.31733746130031,0.296529968454259,1,1,0.998459167950693,1,1,0.318611987381703,1,1,0.106451612903226,0.327131782945736,0.496062992125984,0.296774193548387,0.672926447574335,0.310769230769231,1,0.310126582278481,0.33015873015873,0.26040061633282,0.314241486068111,1,0.319148936170213,1,1,1,0.311708860759494,0.321428571428571,0.998425196850394,0.926590538336052,0.0579710144927536,1,0.312210200927357,0.310725552050473,0.306477093206951,1,0.329230769230769,0.483253588516746,0.318252730109204,0.30379746835443,0.313195548489666,0.302215189873418,1,0.320813771517997,1,1,0,1,0.322429906542056,1,1,1,0.329617834394904,1,0.314102564102564,1,0.833592534992224,1,1,1,0.316279069767442,1,1,0.309486780715397,0.306477093206951,1,1,0.309375,0.195348837209302,1,0.998425196850394,1,0,0.304140127388535,1,0.302652106084243,0.247987117552335,1,0.677519379844961,0.437025796661609,1,1,0.681203007518797,0.705148205928237,0.343898573692552,1,0.317535545023697,1,1,0.323151125401929,1,0.998412698412698,0.00631911532385466,0.32807570977918,1,1,0.31687898089172,1,1,0.312796208530806,0.338050314465409,1,1,1,0.524464831804281,0.302180685358255,0.338118022328549,0.316187594553706,0.33125,0.695859872611465,0.327160493827161,0.320987654320988,0.306027820710974,0.244865718799368,0.319354838709677,1,0.322480620155039,0.998420221169036,0.312111801242236,0.078907435508346,0.0476923076923077,1,1,0.0356589147286822,1,0.694704049844237,0.0377952755905512,0.00952380952380952,1,0.685358255451713,1,1,0.5392,1,0,0.074313408723748,1,1,1,0.311320754716981,0.649624060150376,0.693811074918567,0.992295839753467,1,0.986089644513138,0.301857585139319,0.340189873417722,1,0.294685990338164,1,0.368992248062016,0.108626198083067,0.29984544049459,0.318181818181818,0.330578512396694,1,0.0794392523364486,1,1,1,0.262422360248447,0.318681318681319,1,0.315457413249211,1,1,0.310452418096724,1,0.31892697466468,1,0.304761904761905,0.315047021943574,1,0.682737169517885,0.317629179331307,1,0.304625199362041,0.746081504702194,0.315548780487805,0.1625,0.317629179331307,0.770932069510269,0.2992,1,0.31832298136646,0.335403726708075,0.298299845440495,1,1,1,0.969354838709677,0.33931484502447,1,0.321486268174475,1,0.320785597381342,0.313364055299539,1,1,1,0.918876755070203,1,0.308527131782946,0.31832298136646,1,1,0.0483091787439614,0.0790322580645161,1,1,0.306709265175719,1,1,0.3015625,1,1,0.686635944700461,0.536321483771252,1,0,1,1,0.0963302752293578,0.324451410658307,1,0.318681318681319,0.998456790123457,0.969936708860759,0.998430141287284,0.81441717791411,1,0.323624595469256,1,1,1,0,0.305331179321486,1,1,0.672496025437202,1,0.317111459968603,0.362363919129082,0.3109375,1,1,1,0.0889570552147239,0.315372424722662,0.087378640776699,0.998410174880763,0.314152410575428,0.30381679389313,0.348982785602504,0,1,0.960691823899371,1,1,0.318037974683544,0.308282208588957,0.168503937007874,0.0365659777424483,0.317965023847377,0.30564263322884,0.320061255742726,0,0.317535545023697,1,0,0.312788906009245,1,1,1,0.319875776397516,0.320987654320988,0.0307941653160454,1,0.305772230889236,0.3046875,1,1,0.317111459968603,0.699836867862969,1,1,0.694968553459119,1,0.304747320061256,1,0.313291139240506,0.537267080745342,0.669218989280245,0.403641881638847,1,0.291666666666667,0.316535433070866,0.690993788819876,0.668730650154799,1,0.31875,1,0.321156773211568,1,0.310452418096724,0.308426073131955,0.338072669826224,0.519561815336463,0.311004784688995,0.313195548489666,0.668253968253968,0.31055900621118,0.148867313915858,1,0,1,0.299373040752351,1,0,0.317965023847377,0.315955766192733,1,0.0518292682926829,1,0.0861244019138756,0.330721003134796,1,0.0576323987538941,0.666144200626959,1,1,1,0.308072487644152,0.0368098159509202,1,0.424148606811146,0.0942492012779553,0.354134165366615,0.314728682170543,0.324655436447167,1,1,1,1,1,0.0580152671755725,0.996927803379416,0.690769230769231,0.00151285930408472,0.319508448540707,1,1,1,1,0.0849056603773585,0.312788906009245,1,1,1,1,1,1,0.49375,0,1,0.08,0.309262166405024,0.439370078740157,1,0.394568690095847,0.309562398703404,0.309597523219814,1,0.0329153605015674,0.317262830482115,1,1,0.373205741626794,0.306976744186047,0.31496062992126,0.310897435897436,0.998449612403101,0.3248,0.317757009345794,0.412403100775194,0.313880126182965,0.972222222222222,0.306870229007634,0.082258064516129,0.320251177394035,0,1,0.089171974522293,0.304897314375987,0.315286624203822,0.315705128205128,1,1,1,1,1,1,0.333333333333333,1,0.318681318681319,0.321428571428571,0.599688473520249,0.675590551181102,1,1,0,0.316590563165906,0.121259842519685,0.998480243161094,0.0315457413249211,1,1,0.312202852614897,1,1,0.626984126984127,0.410048622366288,0.998498498498498,0.0747217806041336,0.0958466453674121,1,1,1,0.088646967340591,0,0.314024390243902,0.42566510172144,0.316998468606432,0,0.324324324324324,0.0845295055821372,1,1,0.32258064516129,0.314900153609831,0.248012718600954,0.324237560192616,0.307931570762053,0.316118935837246,1,1,0.327503974562798,1,0,1,0.223113964686998,1,0.679506933744222,1,0.310832025117739,0.304140127388535,0.0728682170542636,0.671406003159558,1,1,0.786604361370717,0.901929260450161,0.316957210776545,0.307448494453249,1,0.31687898089172,0.251968503937008,0.319870759289176,1,0.101088646967341,1,1,0.318681318681319,0.682692307692308,0.305379746835443,1,1,0.293291731669267,0.30379746835443,0.314503816793893,0.859842519685039,0.316957210776545,1,0.0526315789473684,1,1,0.696124031007752,0.653061224489796,0.321486268174475,0.0503937007874016,0.3234375,1,1,0.308527131782946,0.328660436137072,0.623456790123457,1,0.305084745762712,0.35981308411215,0.302180685358255,0.985871271585557,0.479495268138801,0.0031055900621118,0.299065420560748,0.320552147239264,0.327476038338658,0.295638126009693,0.308868501529052,0.96793893129771,1,0.312024353120244,0.5472,0.688995215311005,0.237209302325581,0.699013157894737,1,0.324492979719189,0.0015625,0.324451410658307,0.312404287901991,0.358578052550232,0.322274881516588,0,0.333853354134165,0.320967741935484,0.314102564102564,0.309707241910632
"407",0.300157977883096,0.323943661971831,0.323899371069182,0.327476038338658,0.313479623824451,0.30625,0.0095389507154213,0.328571428571429,0.313664596273292,0.569823434991974,0.326656394453005,0.632558139534884,0.522906793048973,0.32018927444795,1,1,0.61280487804878,0,0.32741935483871,0.307073954983923,1,1,0.324116743471582,0.512383900928793,0.310872894333844,1,1,0.333333333333333,0.305295950155763,0.521394611727417,1,0.588597842835131,0.365891472868217,0.995319812792512,0.667197452229299,0.312602291325696,0.131375579598145,0.322530864197531,1,0.302936630602782,0.0031104199066874,0,0,0.328616352201258,0.311811023622047,1,0.993710691823899,1,1,1,0.687692307692308,0.31911532385466,1,0.320433436532508,0.314152410575428,0.817749603803486,0.124605678233438,0.316692667706708,0.318461538461538,0.316455696202532,0.992343032159265,1,1,0.00630914826498423,0.313291139240506,0.320754716981132,0.655172413793103,0.315541601255887,0.601823708206687,1,0.31651376146789,1,1,0.284109149277689,0.157894736842105,0.318181818181818,1,0.99388379204893,0.324492979719189,1,0.604200323101777,1,1,0.319508448540707,1,0.321266968325792,0.319685039370079,0.329635499207607,0.30625,0,0.312202852614897,0.332312404287902,0.690513219284603,0.582952815829528,0.312599681020734,0.63719512195122,0.684375,0.321538461538462,0.122186495176849,0,0.306625577812018,0.61875,1,0.31810766721044,1,0.325320512820513,0,0.315047021943574,1,1,1,0.307219662058372,0.995283018867924,0.323943661971831,0.189147286821705,0.30521472392638,1,0.381987577639752,1,1,0.196899224806202,0.31201248049922,1,1,0.330757341576507,1,0.315151515151515,0.313546423135464,0.362776025236593,0.763523956723339,0.324324324324324,1,0.325769854132901,0.634146341463415,0.337060702875399,1,0.00156739811912226,1,0.374414976599064,0.88562091503268,0.578616352201258,0.5921875,0.311912225705329,0.319935691318328,1,0.310452418096724,1,0.299363057324841,0.498456790123457,0.325190839694657,1,0.304821150855365,0.317965023847377,0.323717948717949,0.325984251968504,1,0.309859154929577,1,0.4421875,0.325688073394495,1,0.326687116564417,1,0.589905362776025,0.314785373608903,1,0.314641744548287,0.312788906009245,0.333860759493671,0.984591679506934,0.318110236220472,1,0.324451410658307,1,0.30718954248366,1,0.5895865237366,0.29922480620155,0.034257748776509,0.298412698412698,0.31924882629108,1,0.307692307692308,0.319508448540707,0.31839258114374,0.32967032967033,1,1,0.317741935483871,0.3203125,1,1,0.322033898305085,0.233644859813084,0.0209895052473763,0.687797147385103,1,0.0031055900621118,0.307692307692308,1,0.317460317460317,0.312883435582822,0.319938176197836,0.996927803379416,1,1,0.325264750378215,0.31139646869984,0.315132605304212,0.679425837320574,0.301242236024845,1,0.338028169014085,1,1,0.441823899371069,0.32807570977918,0.319444444444444,0.321875,0.301261829652997,0.310509554140127,0.644757433489828,1,1,0.317757009345794,0.00470957613814757,0.320121951219512,0.321646341463415,0.315789473684211,0.305900621118012,0.30298273155416,0.317073170731707,0.691472868217054,0.369734789391576,0.310185185185185,1,0.32484076433121,1,0.301857585139319,0.305993690851735,0.312597200622084,0.332273449920509,0.307814992025518,1,0.325115562403698,0.803827751196172,1,1,0.996805111821086,1,1,0.895071542130366,1,1,1,0.318112633181126,1,0.326860841423948,0,1,0.381761978361669,1,0.322683706070288,0.329635499207607,0.311811023622047,0.428125,1,0.322480620155039,1,1,1,1,0,0.315457413249211,1,1,0.3203125,1,0.31306990881459,1,1,0.309033280507132,0.328050713153724,0.304075235109718,0.139498432601881,0.327503974562798,0,0.586102719033233,1,0.315151515151515,0.320695102685624,0.572093023255814,1,1,0.33278955954323,0.332283464566929,1,0.653786707882535,0.702060221870048,0.303370786516854,0.325320512820513,0.993874425727412,0.32182103610675,0.309559939301973,1,0.315217391304348,0.308166409861325,1,0.302547770700637,0.317535545023697,0.31733746130031,0.31875,1,1,1,0.304615384615385,0.327014218009479,0.00928792569659443,0.992163009404389,0.322274881516588,1,1,0.312883435582822,0.325190839694657,0.306501547987616,0.313572542901716,0.316770186335404,1,0.306376360808709,0.318181818181818,0.568253968253968,1,0.839622641509434,1,0,1,0.322727272727273,1,1,0.42457231726283,0.998427672955975,0.320695102685624,1,0.298578199052133,0.303459119496855,0.318181818181818,1,1,0.322480620155039,0.400990099009901,0.610759493670886,0.310236220472441,1,1,1,0.319422150882825,1,0.199066874027994,1,1,1,1,0.325,1,0.315875613747954,0.330769230769231,0.67906976744186,0.307570977917981,1,0.327160493827161,0.314112291350531,0.312399355877617,1,0.30781010719755,1,0.32572298325723,0.473035439137134,0.322480620155039,0.324921135646688,0.310664605873261,1,0.319047619047619,0.308426073131955,1,1,0.325581395348837,0.310077519379845,1,0.478328173374613,0.314785373608903,0.320872274143302,0.322981366459627,0.683229813664596,1,0.294498381877023,1,0.421630094043887,0.304140127388535,0,0.879336349924585,0.32484076433121,0.319314641744548,0,0.0327613104524181,0.977883096366509,0.317535545023697,1,0.314553990610329,0.318471337579618,1,0.327188940092166,0.317111459968603,0.676970633693972,1,0.319685039370079,0.319870759289176,1,0.307931570762053,0.29951690821256,1,0.334365325077399,0.313001605136437,0.321372854914197,0.331761006289308,0.803405572755418,1,0.980891719745223,1,1,0.00158730158730159,1,0.992163009404389,1,0.426332288401254,0.996805111821086,0.308892355694228,0.99390243902439,0.330188679245283,0.995384615384615,0.598765432098765,0.630434782608696,0.323574730354391,0.314152410575428,0.635646687697161,0.320063694267516,0,0.630368098159509,0.690737833594976,0.317073170731707,0.0015600624024961,0.310236220472441,0.3078125,0.778129952456418,0.322480620155039,0.683881064162754,0.588235294117647,0.315372424722662,0.326625386996904,0.296238244514107,1,0.0286144578313253,0,0.316666666666667,0.322981366459627,0.328660436137072,1,0.337519623233909,0.316692667706708,1,0.301857585139319,0.937106918238994,0.563694267515924,1,1,0.991610738255034,0.323664122137405,0.601515151515152,0.319758672699849,0.306581059390048,0.318181818181818,0.42530487804878,1,0.318541996830428,1,0.322632423756019,0.314375987361769,1,0.318979266347687,1,0.32967032967033,1,1,0.322378716744914,0,1,0.326625386996904,1,0.569640062597809,1,0.505460218408736,1,0.552262090483619,1,0.323671497584541,1,1,1,0.31055900621118,0.329617834394904,0.313271604938272,0.343949044585987,0.328455284552846,0.315286624203822,1,0.326498422712934,1,1,0.327014218009479,0.323296354992076,0.313664596273292,0.396551724137931,0.327692307692308,1,1,0.328660436137072,0.328,0.632,0.587479935794542,0.312111801242236,0.313694267515924,1,0.309859154929577,0.319444444444444,0.995363214837713,0.309294871794872,0.31039755351682,0,0.142419601837672,0.321259842519685,0.679331306990882,0.312698412698413,0.320987654320988,0.592879256965944,0.996810207336523,0.316037735849057,1,0.324534161490683,0.349761526232114,0.3171875,0.465625,0.308176100628931,1,0.322981366459627,0.323296354992076,0.333333333333333,0.695252679938744,1,0.324921135646688,0.319571865443425,0,0.327666151468315,0.998420221169036,0.95125786163522,1,0.320251177394035,0.318461538461538,0.315047021943574,0.578461538461538,1,0.580031695721078,0.3328,1,1,0.961479198767334,0.679186228482003,0.332293291731669,0.363636363636364,0.320433436532508,0.315789473684211,1,1,0.517996870109546,0.634493670886076,1,1,0.998461538461539,0.68503937007874,1,0.324655436447167,0.681528662420382,1,0.327073552425665,0.313291139240506,0.320634920634921,0.996923076923077,1,0.644230769230769,0.322932917316693,1,1,0.323529411764706,0.308641975308642,0.998459167950693,0,0.31687898089172,0.30564263322884,0.00778816199376947,0.316770186335404,1,0.30952380952381,1,0.142201834862385,0,0.897081413210445,0.332293291731669,1,1,0,0.00151975683890578,0.324451410658307,1,0.316639741518578,0.996937212863706,0.304897314375987,1,0.998412698412698,0.962323390894819,0.772012578616352,1,1,0.00625978090766823,1,0.516129032258065,0.330173775671406,0.672839506172839,0.326656394453005,1,0.308411214953271,0.678125,1,1,0.316211878009631,0.619266055045872,0.328725038402458,0.58307210031348,0.971473851030111,0.331761006289308,0.6,0.0141287284144427,0.311708860759494,0.319314641744548,0.319444444444444,1,0.635811836115326,0.308868501529052,0.883280757097792,0.579365079365079,0.966205837173579,1,1,0.315457413249211,0.340356564019449,0.309061488673139,0.31974921630094,0.311728395061728,0.620426829268293,0.303543913713405,0,0.674174174174174,0.998427672955975,0.324031007751938,0.309968847352025,0.312903225806452,0.326747720364742,0.602465331278891,1,0.332819722650231,0.338607594936709,0.331738437001595,0.32182103610675,0.322981366459627,0.312893081761006,0.185015290519878,0.681318681318681,0.325984251968504,0.598755832037325,1,0.230769230769231,0.322378716744914,0.916666666666667,1,1,0.313479623824451,0.63482280431433,1,0.310664605873261,0.299050632911392,0.952904238618524,1,1,0.996774193548387,0.328682170542636,1,1,0.895238095238095,1,0.351851851851852,1,0.583198707592892,1,0.669278996865204,0.3109375,0.598412698412698,1,1,0.992175273865415,0.324074074074074,0.322429906542056,0.319870759289176,0.322932917316693,0.328548644338118,0.325358851674641,0.982785602503912,0.313178294573643,1,1,0.708782742681048,0,0.315789473684211,0.313455657492355,0.684532924961715,1,0.558139534883721,0.328682170542636,0.643302180685358,0.309968847352025,0.324324324324324,1,0.314785373608903,0.321252059308072,0.684126984126984,0.909390444810544,0.322962962962963,0.595813204508857,0.577044025157233,0.317757009345794,0.325281803542673,0.305511811023622,0.585557299843014,0.684782608695652,1,0.892857142857143,1,0.667177914110429,0.996835443037975,0.586370839936609,0.317610062893082,0.327974276527331,1,1,0.431221020092736,0.992063492063492,0.996879875195008,1,0.316614420062696,0.322834645669291,1,0.319758672699849,0.686028257456829,0.328593996840442,0.46031746031746,0.304761904761905,0,0.31039755351682,1,1,0.592823712948518,0.00152671755725191,0.332302936630603,0.315047021943574,0.103503184713376,0.418152350081037,1,1,0.313664596273292,1,0.419405320813772,1,0.328725038402458,0.584234930448223,0.319314641744548,0.318611987381703,1,0,1,0.307332293291732,0.321711568938193,1,1,1,0.4432,1,0.319047619047619,0.612557427258805,0.332307692307692,0.331179321486268,0.00154798761609907,0.0434782608695652,1,0.616719242902208,1,0.324960753532182,0.332797427652733,1,1,0.161538461538462,0.313664596273292,1,0.89739663093415,1,0.317829457364341,0.190779014308426,0.669266770670827,1,1,1,1,1,0.291411042944785,0.313084112149533,1,0.117741935483871,0.00158982511923688,0.443585780525502,0,0.325581395348837,1,0.677316293929712,1,1,0.889230769230769,1,0.679626749611198,1,1,1,1
"408",1,1,1,1,1,1,0.712662337662338,1,1,0.105769230769231,1,0.0458135860979463,0.814285714285714,1,0.312202852614897,0.298107255520505,0.0669781931464174,0.686178861788618,1,1,0.276898734177215,0.307936507936508,1,0.149606299212598,1,0.326086956521739,0.313694267515924,1,1,0.780757097791798,0.302180685358255,0.729984301412873,0.962264150943396,0.311811023622047,0,1,0.544461778471139,1,0.293577981651376,1,0.675675675675676,0.690251572327044,0.696319018404908,1,1,0.315960912052117,0.304625199362041,0.3046875,0.3125,0.315707620528771,0,1,0.306501547987616,1,1,0.492913385826772,0.564593301435407,1,1,1,0.324534161490683,0.315873015873016,0.3104,0.6864,1,1,0.0356564019448947,1,0.0625954198473282,0.314152410575428,1,0.316692667706708,0.320574162679426,0.962962962962963,0.510971786833856,1,0.302180685358255,0.330733229329173,1,0.31219512195122,0.0954692556634304,0.319182389937107,0.320126782884311,1,0.333333333333333,1,1,1,1,0.690363349131122,1,1,0.0015600624024961,0.112676056338028,1,0.0477657935285054,0,1,0.559870550161812,0.680064308681672,1,0.0597738287560582,0.29874213836478,1,0.311216429699842,1,0.693396226415094,1,0.303656597774245,0.308306709265176,0.315705128205128,1,0.315372424722662,1,0.489164086687306,1,0.305379746835443,0.294488188976378,0.3140625,0.31496062992126,0.481132075471698,0.998427672955975,0.314241486068111,0.304278922345483,1,0.297507788161994,1,1,0.330173775671406,0.530487804878049,1,0.309748427672956,1,0.0425531914893617,1,0.304552590266876,0.6828125,0.315047021943574,0.927099841521395,0.430441898527005,0.115323854660348,0.1046875,1,1,0.327014218009479,1,0.309341500765697,1,0.801872074882995,1,0.310457516339869,1,1,1,1,0.325949367088608,1,0.315112540192926,0.25115562403698,1,0.307086614173228,1,0.290679304897314,0.0943396226415094,1,0.3152,1,1,1,0.3328125,1,0.319620253164557,1,0.296062992125984,1,0.303225806451613,0.083596214511041,1,0.645695364238411,1,1,0.313195548489666,1,1,1,1,0.308544303797468,0.296754250386399,1,0.998407643312102,0.3140625,0.303858520900322,1,0.441679626749611,0.672281776416539,0,0.308777429467085,0.677725118483412,1,0.312307692307692,1,0.998456790123457,1,0.309033280507132,0.306501547987616,0.319286871961102,1,1,1,0,1,0.305958132045089,0.968354430379747,0.312401883830455,0.307570977917981,0.745283018867924,1,1,1,1,1,0.0470957613814757,0.309294871794872,0.312693498452012,1,0.686335403726708,1,1,0.998417721518987,0.998454404945904,1,1,0.00470957613814757,0.313572542901716,1,0.296875,1,0.296529968454259,1,1,1,1,1,0.312989045383412,1,0.514018691588785,0.322932917316693,0.32398753894081,0.3056,0.310832025117739,0.317535545023697,0.4170692431562,0.320754716981132,0.311912225705329,0.302652106084243,1,0.306853582554517,1,0.692307692307692,0.313195548489666,0.306625577812018,0.319554848966614,1,1,1,0.255520504731861,0.299843014128728,1,0.310618066561014,0.316436251920123,0.303030303030303,0.311145510835913,0.694620253164557,1,0.309597523219814,0.304140127388535,1,0.29126213592233,1,0.301092043681747,0.30379746835443,1,1,1,0.538338658146965,1,0.69701726844584,0.0942249240121581,0.31839258114374,1,1,0.108150470219436,0.314465408805031,0.311793214862682,1,1,0.294392523364486,0.0247678018575851,0.00319488817891374,1,1,0.334876543209877,0.998420221169036,1,0.300314465408805,1,1,0.313084112149533,1,1,1,1,0.322169059011164,0.300613496932515,0.321086261980831,1,1,0.675078864353312,0.307086614173228,1,0.308641975308642,0.2984375,1,1,0.9984375,1,1,0.316957210776545,1,1,0.112012987012987,0.326530612244898,0.48489666136725,0.300955414012739,0.680577849117175,0.309119010819165,1,0.309677419354839,0.321875,0.255886970172684,0.3198127925117,1,0.32,1,1,1,0.304487179487179,0.312111801242236,0.998412698412698,0.920195439739414,0.0669856459330144,1,0.306122448979592,0.320388349514563,0.2976,1,0.322932917316693,0.465299684542587,0.317262830482115,0.302795031055901,0.307941653160454,0.307448494453249,1,0.310509554140127,1,1,0,1,0.317307692307692,1,1,1,0.322222222222222,1,0.300632911392405,1,0.833073322932917,1,1,1,0.310832025117739,1,1,0.296238244514107,0.3125,1,1,0.301242236024845,0.183925811437403,1,0.998415213946117,1,0,0.303858520900322,1,0.309006211180124,0.239302694136292,1,0.678461538461538,0.425925925925926,1,1,0.683257918552036,0.7078125,0.340157480314961,1,0.314553990610329,1,1,0.319354838709677,1,0.998407643312102,0.00941915227629513,0.319488817891374,1,1,0.320754716981132,1,1,0.298076923076923,0.33125,1,1,1,0.537617554858934,0.296703296703297,0.341772151898734,0.307458143074581,0.320433436532508,0.692926045016077,0.316770186335404,0.316614420062696,0.302936630602782,0.241758241758242,0.313099041533546,1,0.319444444444444,0.998412698412698,0.309636650868878,0.0889894419306184,0.0527950310559006,1,1,0.0394944707740916,1,0.688575899843505,0.0425867507886435,0.0144694533762058,1,0.688888888888889,1,1,0.535031847133758,1,0,0.0825242718446602,1,1,1,0.317307692307692,0.653495440729483,0.708609271523179,0.993827160493827,1,0.982758620689655,0.2914653784219,0.335463258785943,1,0.296178343949045,1,0.361904761904762,0.112179487179487,0.302936630602782,0.308049535603715,0.330494037478705,1,0.0854037267080745,1,1,1,0.263399693721286,0.3152,1,0.318979266347687,1,1,0.299373040752351,1,0.312121212121212,1,0.298217179902755,0.311708860759494,1,0.692675159235669,0.306525037936267,1,0.298555377207063,0.759873617693523,0.31441717791411,0.161490683229814,0.31441717791411,0.77115987460815,0.306709265175719,1,0.315132605304212,0.325508607198748,0.290171606864275,1,1,1,0.965853658536585,0.340460526315789,1,0.317384370015949,1,0.316558441558442,0.315870570107858,1,1,1,0.908805031446541,1,0.307098765432099,0.307931570762053,1,1,0.0549273021001615,0.0893141945773525,1,1,0.297124600638978,1,1,0.305164319248826,1,1,0.689102564102564,0.527692307692308,1,0,1,1,0.107309486780715,0.320126782884311,1,0.313971742543171,0.998439937597504,0.963258785942492,0.998427672955975,0.81832298136646,1,0.315359477124183,1,1,1,0,0.301948051948052,1,1,0.675806451612903,1,0.311111111111111,0.358490566037736,0.312302839116719,1,1,1,0.101721439749609,0.309178743961353,0.0964630225080386,0.998415213946117,0.301435406698565,0.304012345679012,0.354489164086687,0,1,0.954758190327613,1,1,0.316211878009631,0.294656488549618,0.1536,0.0410094637223975,0.313291139240506,0.296062992125984,0.318461538461538,0.0016025641025641,0.305993690851735,1,0,0.306501547987616,1,1,1,0.3171875,0.318042813455657,0.0343137254901961,1,0.313971742543171,0.3015625,1,1,0.309748427672956,0.703883495145631,1,1,0.702746365105008,1,0.293478260869565,1,0.300157977883096,0.529051987767584,0.681318681318681,0.396656534954407,1,0.297839506172839,0.308176100628931,0.689274447949527,0.679127725856698,1,0.318110236220472,1,0.318461538461538,1,0.313479623824451,0.303571428571429,0.346031746031746,0.5265625,0.310509554140127,0.309033280507132,0.675590551181102,0.305900621118012,0.143769968051118,1,0,1,0.293929712460064,1,0,0.310126582278481,0.309178743961353,1,0.0578386605783866,1,0.0929133858267717,0.330173775671406,1,0.0690737833594976,0.678740157480315,1,1,1,0.305691056910569,0.0414110429447853,1,0.427001569858713,0.103833865814696,0.347826086956522,0.309006211180124,0.327666151468315,1,1,1,1,1,0.0687022900763359,0.99537037037037,0.694968553459119,0.00451807228915663,0.316535433070866,1,1,1,1,0.0960629921259843,0.310769230769231,1,1,1,1,1,1,0.486780715396579,0.00160513643659711,1,0.088785046728972,0.312202852614897,0.43968253968254,1,0.390322580645161,0.297385620915033,0.304761904761905,1,0.0434782608695652,0.312989045383412,1,1,0.366883116883117,0.30568356374808,0.298600311041991,0.310789049919485,0.9984375,0.3184,0.305295950155763,0.415730337078652,0.310015898251192,0.971786833855799,0.306060606060606,0.0917874396135266,0.318979266347687,0,1,0.0947030497592295,0.301435406698565,0.305164319248826,0.308306709265176,1,1,1,1,1,1,0.332794830371567,1,0.30622009569378,0.30655737704918,0.612403100775194,0.684294871794872,1,1,0,0.309815950920245,0.125596184419714,0.998466257668712,0.0390015600624025,1,1,0.309033280507132,1,1,0.612540192926045,0.416260162601626,0.996965098634294,0.0874403815580286,0.104928457869634,1,1,1,0.0981308411214953,0,0.305772230889236,0.420634920634921,0.302003081664099,0,0.316535433070866,0.0935483870967742,1,1,0.312883435582822,0.303937007874016,0.241379310344828,0.329153605015674,0.309375,0.31974921630094,1,1,0.319047619047619,1,0,1,0.221864951768489,1,0.680061823802164,1,0.30188679245283,0.302100161550889,0.0815047021943574,0.691950464396285,1,1,0.798412698412698,0.896103896103896,0.311111111111111,0.301458670988655,1,0.310509554140127,0.254317111459969,0.317817014446228,1,0.108320251177394,1,1,0.315286624203822,0.689210950080515,0.30064308681672,1,1,0.297169811320755,0.300940438871473,0.319508448540707,0.857142857142857,0.308917197452229,1,0.059190031152648,1,1,0.706870229007634,0.656050955414013,0.313628899835796,0.0584518167456556,0.312597200622084,1,1,0.301282051282051,0.324367088607595,0.626749611197512,1,0.300925925925926,0.37403400309119,0.302795031055901,0.982839313572543,0.470219435736677,0.00470219435736677,0.300763358778626,0.32312404287902,0.312903225806452,0.3104,0.311550151975684,0.967238689547582,1,0.306376360808709,0.553921568627451,0.689381933438986,0.23968253968254,0.693843594009983,1,0.319875776397516,0.0031496062992126,0.3171875,0.30564263322884,0.3609375,0.306688417618271,0,0.328125,0.304140127388535,0.315619967793881,0.305511811023622
"409",1,1,1,1,1,1,0.701812191103789,1,1,0.0916530278232406,1,0.0457413249211356,0.821895424836601,1,0.3184,0.309677419354839,0.064,0.689482470784641,1,1,0.282051282051282,0.308970099667774,1,0.14968152866242,1,0.321486268174475,0.314569536423841,1,1,0.795716639209226,0.3042071197411,0.739549839228296,0.966453674121406,0.301794453507341,0,1,0.542857142857143,1,0.296875,1,0.665040650406504,0.678343949044586,0.69620253164557,1,1,0.305921052631579,0.307443365695793,0.305111821086262,0.320388349514563,0.3248,0,1,0.309178743961353,1,1,0.505785123966942,0.556291390728477,1,1,1,0.32967032967033,0.314332247557003,0.312703583061889,0.681444991789819,1,1,0.0355987055016181,1,0.0514820592823713,0.31496062992126,1,0.314238952536825,0.322259136212625,0.96523178807947,0.491987179487179,1,0.312599681020734,0.333865814696486,1,0.309364548494983,0.085427135678392,0.32569558101473,0.324675324675325,1,0.328525641025641,1,1,1,1,0.686804451510334,1,1,0,0.10016155088853,1,0.043956043956044,0,1,0.557404326123128,0.675895765472313,1,0.0510708401976936,0.315960912052117,1,0.310965630114566,1,0.686708860759494,1,0.308562197092084,0.316614420062696,0.312599681020734,1,0.321543408360129,1,0.477165354330709,1,0.317817014446228,0.281098546042003,0.328100470957614,0.317957166392092,0.4704,1,0.315372424722662,0.30718954248366,1,0.3008,1,1,0.321428571428571,0.536277602523659,1,0.312297734627832,1,0.0427215189873418,1,0.305511811023622,0.679674796747967,0.321951219512195,0.936893203883495,0.424749163879599,0.0925324675324675,0.0875202593192869,1,1,0.32484076433121,1,0.314641744548287,1,0.816745655608215,1,0.32952691680261,1,1,1,1,0.334410339256866,1,0.326860841423948,0.248387096774194,1,0.306122448979592,1,0.300319488817891,0.0795454545454545,1,0.306818181818182,1,1,1,0.331738437001595,1,0.321027287319422,1,0.305466237942122,1,0.316720257234727,0.0706260032102729,1,0.643333333333333,1,1,0.311774461028192,1,1,1,1,0.317817014446228,0.306581059390048,1,1,0.3168,0.305280528052805,1,0.441747572815534,0.6765625,0,0.314516129032258,0.670418006430868,1,0.317891373801917,1,1,1,0.314785373608903,0.313694267515924,0.322847682119205,1,1,1,0,1,0.298531810766721,0.97258064516129,0.319467554076539,0.303858520900322,0.745513866231648,1,1,1,1,1,0.0439739413680782,0.31637519872814,0.319620253164557,1,0.682615629984051,1,1,0.998389694041868,1,1,1,0,0.30379746835443,1,0.305555555555556,1,0.30064308681672,1,1,1,1,1,0.310289389067524,1,0.514754098360656,0.326298701298701,0.322932917316693,0.307692307692308,0.320598006644518,0.329489291598023,0.412151067323481,0.330670926517572,0.318681318681319,0.3042071197411,1,0.322368421052632,1,0.683881064162754,0.316720257234727,0.296998420221169,0.33115823817292,1,1,1,0.248780487804878,0.308681672025723,1,0.320197044334975,0.327586206896552,0.313694267515924,0.314606741573034,0.685575364667747,1,0.319685039370079,0.308943089430894,1,0.29635761589404,1,0.307692307692308,0.313311688311688,1,1,1,0.539579967689822,1,0.693548387096774,0.0789889415481833,0.314606741573034,1,1,0.0900473933649289,0.311004784688995,0.323383084577114,1,1,0.299843014128728,0.0223642172523962,0,1,1,0.332278481012658,0.998389694041868,1,0.309294871794872,1,1,0.323624595469256,1,1,1,1,0.320450885668277,0.30625,0.323873121869783,1,1,0.670886075949367,0.307692307692308,1,0.317610062893082,0.304,1,1,1,1,1,0.324675324675325,1,1,0.0991869918699187,0.337078651685393,0.471358428805237,0.304418985270049,0.683523654159869,0.314785373608903,1,0.308823529411765,0.326366559485531,0.253943217665615,0.318110236220472,1,0.32753164556962,1,1,1,0.309178743961353,0.315955766192733,1,0.929276315789474,0.0640394088669951,1,0.31139646869984,0.318627450980392,0.313504823151125,1,0.327044025157233,0.471061093247588,0.32475884244373,0.306818181818182,0.313333333333333,0.308823529411765,1,0.318555008210181,1,1,0,1,0.3168,1,1,1,0.326298701298701,1,0.309951060358891,1,0.846278317152104,1,1,1,0.311605723370429,1,1,0.313504823151125,0.308562197092084,1,1,0.309904153354633,0.181674565560821,1,1,1,0,0.313821138211382,1,0.304,0.237785016286645,1,0.672985781990521,0.431888544891641,1,1,0.68075117370892,0.70048309178744,0.334959349593496,1,0.318471337579618,1,1,0.3232,1,1,0.00485436893203883,0.323529411764706,1,1,0.320325203252033,1,1,0.301948051948052,0.331746031746032,1,1,1,0.5296,0.307073954983923,0.330081300813008,0.318541996830428,0.328502415458937,0.692556634304207,0.329113924050633,0.325769854132901,0.314285714285714,0.231017770597738,0.317725752508361,1,0.312989045383412,1,0.317307692307692,0.0766823161189358,0.0475435816164818,1,1,0.0398724082934609,1,0.690251572327044,0.0432692307692308,0.00977198697068404,1,0.688206785137318,1,1,0.53160453808752,1,0,0.0678807947019868,1,1,1,0.322422258592471,0.648985959438378,0.699346405228758,0.993640699523052,1,0.984177215189873,0.300653594771242,0.320512820512821,1,0.294308943089431,1,0.359055118110236,0.101973684210526,0.29903536977492,0.314375987361769,0.339655172413793,1,0.0758513931888545,1,1,1,0.255886970172684,0.314754098360656,1,0.317512274959083,1,1,0.313099041533546,1,0.325545171339564,1,0.309061488673139,0.323624595469256,1,0.678104575163399,0.31839258114374,1,0.307438016528926,0.767145135566188,0.312796208530806,0.152350081037277,0.31937984496124,0.774716369529984,0.303715670436187,1,0.318541996830428,0.328525641025641,0.291866028708134,1,1,1,0.970247933884298,0.331103678929766,1,0.329470198675497,1,0.314475873544093,0.32182103610675,1,1,1,0.922824302134647,1,0.313572542901716,0.326498422712934,1,1,0.0484140233722871,0.0713128038897893,1,1,0.309446254071661,1,1,0.311475409836066,1,1,0.681159420289855,0.530959752321981,1,0,1,1,0.0903328050713154,0.317307692307692,1,0.3125,1,0.965630114566285,1,0.828298887122417,1,0.332778702163062,1,1,1,0,0.311864406779661,1,1,0.675324675324675,1,0.318327974276527,0.353407290015848,0.314009661835749,1,1,1,0.0829346092503987,0.315359477124183,0.0813953488372093,1,0.310015898251192,0.305331179321486,0.334935897435897,0,1,0.963022508038585,1,1,0.325732899022801,0.300940438871473,0.154838709677419,0.037037037037037,0.319078947368421,0.306451612903226,0.320695102685624,0,0.315457413249211,1,0,0.320063694267516,1,1,1,0.309791332263242,0.315372424722662,0.0327332242225859,1,0.311475409836066,0.309636650868878,1,1,0.310177705977383,0.697171381031614,1,1,0.686591276252019,1,0.307324840764331,1,0.313628899835796,0.518459069020867,0.667726550079491,0.400943396226415,1,0.2928,0.306451612903226,0.685303514376997,0.674565560821485,1,0.3184,1,0.317111459968603,1,0.317512274959083,0.302100161550889,0.34248788368336,0.508064516129032,0.313531353135314,0.305418719211823,0.663414634146341,0.320574162679426,0.141196013289037,1,0,1,0.288244766505636,1,0,0.315270935960591,0.320325203252033,1,0.0512422360248447,1,0.0806451612903226,0.342812006319115,1,0.0596774193548387,0.670988654781199,1,1,1,0.301003344481605,0.0380952380952381,1,0.423263327948304,0.09,0.353677621283255,0.314102564102564,0.325281803542673,1,1,1,1,1,0.059748427672956,0.996850393700787,0.681672025723473,0,0.317965023847377,1,1,1,1,0.0771704180064309,0.308917197452229,1,1,1,1,1,1,0.481132075471698,0,1,0.0805687203791469,0.322475570032573,0.426929392446634,1,0.381342062193126,0.301346801346801,0.308064516129032,1,0.0403225806451613,0.31496062992126,1,1,0.371710526315789,0.305863708399366,0.321543408360129,0.313114754098361,1,0.327212020033389,0.314873417721519,0.40655737704918,0.309446254071661,0.971428571428571,0.313572542901716,0.0769230769230769,0.318840579710145,0,1,0.0836065573770492,0.306425041186161,0.317589576547231,0.312599681020734,1,1,1,1,1,1,0.32396694214876,1,0.310289389067524,0.311418685121107,0.591836734693878,0.680781758957655,1,1,0,0.312210200927357,0.1088,1,0.0357142857142857,1,1,0.308702791461412,1,1,0.61576354679803,0.409539473684211,0.996913580246914,0.0715474209650582,0.0928338762214984,1,1,1,0.0862619808306709,0,0.312202852614897,0.42215088282504,0.317307692307692,0,0.326666666666667,0.0848287112561175,1,1,0.318979266347687,0.310897435897436,0.235104669887279,0.328925619834711,0.311111111111111,0.316129032258064,1,1,0.327361563517915,1,0,1,0.215686274509804,1,0.680781758957655,1,0.310679611650485,0.307308970099668,0.0667726550079491,0.67948717948718,1,1,0.795081967213115,0.888888888888889,0.315960912052117,0.320197044334975,1,0.313001605136437,0.251215559157212,0.317803660565724,1,0.0940988835725678,1,1,0.314194577352472,0.681967213114754,0.295986622073579,1,1,0.308306709265176,0.301458670988655,0.32018927444795,0.855721393034826,0.312396694214876,1,0.0505529225908373,1,1,0.702830188679245,0.655339805825243,0.313333333333333,0.0527156549520767,0.323577235772358,1,1,0.305921052631579,0.330112721417069,0.615506329113924,1,0.308681672025723,0.374407582938389,0.305958132045089,0.982539682539682,0.471947194719472,0.0032,0.298555377207063,0.317535545023697,0.33115823817292,0.313114754098361,0.319314641744548,0.979462875197472,1,0.308562197092084,0.546666666666667,0.691176470588235,0.221324717285945,0.688026981450253,1,0.318910256410256,0.0032258064516129,0.319422150882825,0.304625199362041,0.363057324840764,0.313408723747981,0,0.33442088091354,0.321951219512195,0.315960912052117,0.307568438003221
"410",0.308186195826645,0.319685039370079,0.322327044025157,0.344,0.333333333333333,0.318110236220472,0.0113085621970921,0.330670926517572,0.322274881516588,0.568659127625202,0.328125,0.6234375,0.533653846153846,0.331240188383046,1,1,0.6125,0,0.334905660377358,0.31924882629108,1,1,0.338006230529595,0.506289308176101,0.325545171339564,1,1,0.349593495934959,0.324574961360124,0.535143769968051,1,0.602803738317757,0.378335949764521,0.996835443037975,0.652448657187994,0.325,0.134796238244514,0.328197226502311,1,0.321875,0.00158478605388273,0,0,0.339228295819936,0.325984251968504,1,0.995230524642289,1,1,1,0.682615629984051,0.345161290322581,1,0.340659340659341,0.327586206896552,0.817891373801917,0.1198738170347,0.330708661417323,0.3296875,0.332288401253919,0.990783410138249,1,1,0.0046875,0.326229508196721,0.334389857369255,0.651273885350318,0.332805071315372,0.613601236476043,1,0.331240188383046,1,1,0.291530944625407,0.154205607476636,0.330781010719755,1,0.995334370139969,0.331768388106416,1,0.589869281045752,1,1,0.34375,1,0.33587786259542,0.323854660347551,0.339622641509434,0.325,0,0.337539432176656,0.335889570552147,0.676703645007924,0.573846153846154,0.327476038338658,0.629573170731707,0.671850699844479,0.321981424148607,0.11869918699187,0,0.328025477707006,0.60952380952381,1,0.330049261083744,1,0.323854660347551,0,0.328616352201258,1,1,1,0.327102803738318,0.996845425867508,0.329738058551618,0.203100775193798,0.316666666666667,1,0.370662460567823,1,1,0.203497615262321,0.322734499205087,1,1,0.344287949921753,1,0.334848484848485,0.325227963525836,0.36650868878357,0.775351014040562,0.331707317073171,1,0.331189710610932,0.625,0.337133550488599,1,0.00157728706624606,1,0.376971608832808,0.89344262295082,0.568471337579618,0.584639498432602,0.327503974562798,0.338235294117647,1,0.326053042121685,1,0.318910256410256,0.515723270440252,0.337442218798151,1,0.3232,0.322378716744914,0.3296,0.335974643423138,1,0.320967741935484,1,0.433544303797468,0.338582677165354,1,0.335889570552147,1,0.5829307568438,0.331746031746032,1,0.333333333333333,0.325984251968504,0.346092503987241,0.985959438377535,0.339144215530903,1,0.333863275039746,1,0.3354943273906,1,0.586477987421384,0.320754716981132,0.0343698854337152,0.310289389067524,0.329133858267717,1,0.321711568938193,0.336463223787167,0.3359375,0.34012539184953,1,1,0.328525641025641,0.33175355450237,1,1,0.3359375,0.243328100470958,0.0213414634146341,0.680817610062893,1,0.0015600624024961,0.326625386996904,1,0.328502415458937,0.321538461538462,0.325545171339564,0.998415213946117,1,1,0.342507645259939,0.325242718446602,0.327131782945736,0.665056360708535,0.32018927444795,1,0.346875,1,1,0.450079239302694,0.336507936507937,0.332814930015552,0.344391785150079,0.32120253164557,0.328525641025641,0.634069400630915,1,1,0.328125,0.0046801872074883,0.337899543378995,0.320987654320988,0.335433070866142,0.319875776397516,0.312698412698413,0.3267776096823,0.68167701863354,0.358695652173913,0.322784810126582,1,0.326984126984127,1,0.320373250388802,0.319620253164557,0.316957210776545,0.337579617834395,0.326298701298701,1,0.337480559875583,0.803174603174603,1,1,0.9984,1,1,0.896661367249603,1,1,1,0.320121951219512,1,0.339869281045752,0,1,0.3828125,1,0.334943639291465,0.330658105939005,0.325,0.416932907348243,1,0.334890965732087,1,1,1,1,0,0.330696202531646,1,1,0.335974643423138,1,0.33693972179289,1,1,0.320450885668277,0.332807570977918,0.315789473684211,0.14968152866242,0.338607594936709,0,0.585106382978723,1,0.33125,0.333868378812199,0.572755417956656,1,1,0.338211382113821,0.340625,1,0.641065830721003,0.683788121990369,0.32120253164557,0.325320512820513,0.99537037037037,0.342356687898089,0.313846153846154,1,0.320754716981132,0.319685039370079,1,0.315533980582524,0.334920634920635,0.325,0.329617834394904,1,1,1,0.316957210776545,0.331761006289308,0.00316957210776545,0.993650793650794,0.339116719242902,1,1,0.323029366306028,0.340659340659341,0.3140625,0.334913112164297,0.328638497652582,1,0.321766561514196,0.321259842519685,0.558917197452229,1,0.845295055821372,1,0,1,0.335889570552147,1,1,0.417054263565891,1,0.329635499207607,1,0.326594090202177,0.312302839116719,0.325038880248834,1,1,0.328616352201258,0.41025641025641,0.603559870550162,0.31139646869984,1,1,1,0.328571428571429,1,0.2048,1,1,1,1,0.333333333333333,1,0.332231404958678,0.34488188976378,0.660883280757098,0.314935064935065,1,0.332814930015552,0.333841463414634,0.326892109500805,1,0.314900153609831,1,0.333850931677019,0.489731437598736,0.338095238095238,0.3392,0.327102803738318,1,0.338118022328549,0.32695374800638,1,1,0.328125,0.324881141045959,1,0.475077881619938,0.322475570032573,0.34472049689441,0.342723004694836,0.6625,1,0.311367380560132,1,0.411764705882353,0.324281150159744,0,0.872670807453416,0.329032258064516,0.3312,0,0.0284810126582278,0.979365079365079,0.323151125401929,1,0.319354838709677,0.3232,1,0.336923076923077,0.32807570977918,0.662992125984252,1,0.333333333333333,0.3344,1,0.325434439178515,0.316129032258064,1,0.341085271317829,0.326465927099842,0.326086956521739,0.340694006309148,0.795631825273011,1,0.984,1,1,0.00158478605388273,1,0.995253164556962,1,0.425396825396825,0.998373983739837,0.321981424148607,0.995334370139969,0.347068145800317,0.996840442338073,0.601236476043277,0.6171875,0.333839150227618,0.327718223583461,0.635384615384615,0.337641357027464,0,0.625194401244168,0.667197452229299,0.332298136645963,0.0015552099533437,0.327503974562798,0.322169059011164,0.77207062600321,0.338050314465409,0.6765625,0.581320450885668,0.329073482428115,0.332298136645963,0.314241486068111,1,0.0287443267776097,0,0.334379905808477,0.339593114241002,0.35062893081761,1,0.33175355450237,0.322932917316693,1,0.327718223583461,0.938193343898574,0.561996779388084,1,1,0.993322203672788,0.331259720062208,0.589783281733746,0.332824427480916,0.323671497584541,0.329635499207607,0.416796267496112,1,0.316957210776545,1,0.328478964401294,0.33278955954323,1,0.33387358184765,1,0.329635499207607,1,1,0.335913312693498,0,1,0.330733229329173,1,0.570093457943925,1,0.49922480620155,1,0.57667731629393,1,0.328968903436989,1,1,1,0.322834645669291,0.338141025641026,0.330246913580247,0.36437908496732,0.324104234527687,0.320574162679426,1,0.33974358974359,1,1,0.342229199372057,0.330143540669856,0.328149300155521,0.392914653784219,0.333333333333333,1,1,0.334883720930233,0.344155844155844,0.619047619047619,0.589171974522293,0.324409448818898,0.329073482428115,1,0.320695102685624,0.333843797856049,0.995215311004785,0.31900826446281,0.31911532385466,0,0.134052388289676,0.325434439178515,0.670212765957447,0.32695374800638,0.3421875,0.593220338983051,0.996875,0.3168,1,0.32695374800638,0.360446570972887,0.323343848580442,0.47900466562986,0.3376,1,0.332810047095761,0.337042925278219,0.345104333868379,0.675548589341693,1,0.337115072933549,0.330769230769231,0,0.334379905808477,1,0.958074534161491,1,0.332814930015552,0.340659340659341,0.322734499205087,0.572981366459627,1,0.580645161290323,0.34493670886076,1,1,0.967238689547582,0.666144200626959,0.337539432176656,0.365930599369085,0.330188679245283,0.329652996845426,1,1,0.500792393026941,0.62754303599374,1,1,1,0.680064308681672,1,0.342507645259939,0.662480376766091,1,0.333853354134165,0.333860759493671,0.324960753532182,0.998439937597504,1,0.629508196721312,0.328703703703704,1,1,0.341121495327103,0.320872274143302,1,0,0.325914149443561,0.325471698113208,0.00634920634920635,0.319938176197836,1,0.329617834394904,1,0.139784946236559,0,0.907435508345979,0.343949044585987,1,1,0,0.00155038759689922,0.341653666146646,1,0.322528363047002,0.998489425981873,0.324193548387097,1,1,0.960380348652932,0.784037558685446,1,1,0.00470957613814757,1,0.504918032786885,0.336507936507937,0.661585365853659,0.3421875,1,0.31496062992126,0.66347687400319,1,1,0.324367088607595,0.609682299546142,0.343260188087774,0.575949367088608,0.971563981042654,0.343402225755167,0.590909090909091,0.0126382306477093,0.322222222222222,0.331782945736434,0.335394126738794,1,0.627511591962906,0.319314641744548,0.892575039494471,0.573015873015873,0.965785381026439,1,1,0.331746031746032,0.349761526232114,0.323671497584541,0.330173775671406,0.320251177394035,0.60763358778626,0.326120556414219,0,0.660522273425499,0.998463901689708,0.345368916797488,0.313504823151125,0.325732899022801,0.332819722650231,0.596214511041009,1,0.342635658914729,0.346518987341772,0.344660194174757,0.333858267716535,0.327613104524181,0.322784810126582,0.191950464396285,0.66025641025641,0.333863275039746,0.585516178736518,1,0.236507936507937,0.330708661417323,0.923076923076923,1,1,0.325434439178515,0.626794258373206,1,0.325949367088608,0.314194577352472,0.956451612903226,1,1,0.996815286624204,0.326086956521739,1,1,0.901430842607313,1,0.362363919129082,1,0.584967320261438,1,0.663551401869159,0.328050713153724,0.591125198098257,1,1,0.993589743589744,0.333853354134165,0.333855799373041,0.332794830371567,0.333333333333333,0.336569579288026,0.336012861736334,0.982286634460548,0.322378716744914,1,1,0.732394366197183,0,0.330232558139535,0.329721362229102,0.665625,1,0.562798092209857,0.339506172839506,0.63015873015873,0.322784810126582,0.3344,1,0.328548644338118,0.327302631578947,0.698234349919743,0.911717495987159,0.343283582089552,0.588709677419355,0.566068515497553,0.338557993730408,0.339712918660287,0.307814992025518,0.58740157480315,0.66877971473851,1,0.894654088050314,1,0.65987460815047,0.998412698412698,0.584541062801932,0.332807570977918,0.340322580645161,1,1,0.431924882629108,0.993620414673046,0.996923076923077,1,0.326433121019108,0.343260188087774,1,0.333333333333333,0.668238993710692,0.342857142857143,0.459247648902821,0.313114754098361,0,0.325077399380805,1,1,0.575427682737169,0.0015552099533437,0.34375,0.335949764521193,0.103448275862069,0.415857605177994,1,1,0.330203442879499,1,0.417061611374408,1,0.343465045592705,0.571428571428571,0.331240188383046,0.329032258064516,1,0,1,0.315359477124183,0.334379905808477,1,1,1,0.451510333863275,1,0.328593996840442,0.611801242236025,0.341772151898734,0.335463258785943,0.0015527950310559,0.0464,1,0.612244897959184,1,0.331230283911672,0.346341463414634,1,1,0.162717219589258,0.316770186335404,1,0.905132192846034,1,0.330232558139535,0.197784810126582,0.658805031446541,1,1,1,1,1,0.301092043681747,0.313291139240506,1,0.117741935483871,0.00159744408945687,0.438377535101404,0,0.336477987421384,1,0.66877971473851,1,1,0.889751552795031,1,0.674382716049383,1,1,1,1
"411",1,1,1,1,1,1,0.695238095238095,1,1,0.101910828025478,1,0.043010752688172,0.812400635930048,1,0.329173166926677,0.30521472392638,0.0644171779141104,0.681818181818182,1,1,0.293846153846154,0.322378716744914,1,0.164869029275809,1,0.326807228915663,0.327014218009479,1,1,0.786053882725832,0.313755795981453,0.727554179566563,0.960183767228178,0.319620253164557,0,1,0.55625,1,0.306306306306306,1,0.65891472868217,0.673879443585781,0.692424242424242,1,1,0.321316614420063,0.326053042121685,0.31859756097561,0.325153374233129,0.326186830015314,0,1,0.324615384615385,1,1,0.483306836248013,0.565079365079365,1,1,1,0.333834586466165,0.319685039370079,0.330218068535826,0.664576802507837,1,1,0.0375,1,0.057315233785822,0.321212121212121,1,0.330246913580247,0.326498422712934,0.962264150943396,0.529051987767584,1,0.310502283105023,0.338414634146341,1,0.321316614420063,0.0886075949367089,0.333850931677019,0.328682170542636,1,0.333333333333333,1,1,1,1,0.683890577507599,1,1,0,0.110260336906585,1,0.0426179604261796,0,1,0.573248407643312,0.670295489891135,1,0.0504731861198738,0.326656394453005,1,0.320373250388802,1,0.678516228748068,1,0.31974921630094,0.320493066255778,0.322727272727273,1,0.3328173374613,1,0.497716894977169,1,0.323076923076923,0.302752293577982,0.327217125382263,0.321316614420063,0.496111975116641,0.998459167950693,0.322188449848024,0.325914149443561,1,0.308641975308642,1,1,0.332298136645963,0.557721139430285,1,0.321592649310873,1,0.0401188707280832,1,0.318385650224215,0.670694864048338,0.336923076923077,0.934681181959565,0.440570522979398,0.104928457869634,0.0984615384615385,1,1,0.3328173374613,1,0.325301204819277,1,0.802773497688752,1,0.327014218009479,1,1,1,1,0.339009287925697,1,0.329153605015674,0.263157894736842,1,0.316109422492401,1,0.303125,0.086687306501548,1,0.311605723370429,1,1,1,0.337899543378995,1,0.331797235023041,1,0.320493066255778,1,0.316846986089645,0.0746500777604977,1,0.631578947368421,1,1,0.321711568938193,1,1,1,1,0.326656394453005,0.31866464339909,1,0.998454404945904,0.325757575757576,0.314873417721519,1,0.44031007751938,0.663677130044843,0,0.322327044025157,0.659509202453988,1,0.324159021406728,1,0.998468606431853,1,0.320373250388802,0.329835082458771,0.333858267716535,1,1,1,0,1,0.313385826771654,0.975193798449612,0.33641975308642,0.311627906976744,0.773700305810398,1,1,1,1,1,0.0405616224648986,0.315541601255887,0.33693972179289,1,0.674311926605505,1,1,0.998435054773083,0.998477929984779,1,1,0.00307219662058372,0.319148936170213,1,0.320634920634921,1,0.307458143074581,1,1,1,1,1,0.330232558139535,1,0.492138364779874,0.333333333333333,0.333333333333333,0.316957210776545,0.328660436137072,0.333333333333333,0.418897637795276,0.336405529953917,0.320121951219512,0.314900153609831,1,0.32312404287902,1,0.682852807283763,0.315789473684211,0.31437125748503,0.339622641509434,1,1,1,0.262658227848101,0.317829457364341,1,0.322932917316693,0.332330827067669,0.311728395061728,0.322678843226788,0.678627145085803,1,0.327794561933535,0.319182389937107,1,0.307443365695793,1,0.317411402157165,0.318110236220472,1,1,1,0.554531490015361,1,0.684129429892142,0.0830815709969789,0.322981366459627,1,1,0.0972222222222222,0.323170731707317,0.332283464566929,1,1,0.3125,0.0231124807395994,0.00314465408805031,1,1,0.337349397590361,1,1,0.31859756097561,1,1,0.328660436137072,1,1,1,1,0.3296875,0.32078313253012,0.344444444444444,1,1,0.666666666666667,0.326018808777429,1,0.330815709969789,0.316109422492401,1,1,0.998452012383901,1,1,0.321981424148607,1,1,0.107594936708861,0.337878787878788,0.501567398119122,0.310344827586207,0.661971830985915,0.324200913242009,1,0.3171875,0.335423197492163,0.259938837920489,0.322678843226788,1,0.331825037707391,1,1,1,0.315950920245399,0.325652841781874,0.998473282442748,0.92332268370607,0.0608424336973479,1,0.318818040435459,0.330708661417323,0.313479623824451,1,0.338905775075988,0.491577335375191,0.321752265861027,0.316846986089645,0.325984251968504,0.3125,1,0.326465927099842,1,1,0,1,0.327613104524181,1,1,1,0.333333333333333,1,0.316692667706708,1,0.839449541284404,1,1,1,0.317757009345794,1,1,0.308641975308642,0.321372854914197,1,1,0.321928460342146,0.190909090909091,1,0.998466257668712,1,0,0.31496062992126,1,0.311728395061728,0.2421875,1,0.670295489891135,0.42965204236006,1,1,0.666666666666667,0.699074074074074,0.339035769828927,1,0.327188940092166,1,1,0.336923076923077,1,0.9984375,0.00618238021638331,0.33179012345679,1,1,0.32807570977918,1,1,0.307332293291732,0.33641975308642,1,1,1,0.516030534351145,0.312693498452012,0.34748427672956,0.322822822822823,0.333846153846154,0.681538461538462,0.332829046898638,0.335901386748844,0.318731117824773,0.247678018575851,0.324409448818898,1,0.325337331334333,0.998461538461539,0.326656394453005,0.0838323353293413,0.0455235204855842,1,1,0.0373831775700935,1,0.68140243902439,0.0398162327718224,0.00933125972006221,1,0.673879443585781,1,1,0.561128526645768,1,0,0.0737179487179487,1,1,1,0.333853354134165,0.637702503681885,0.687400318979266,0.993827160493827,1,0.984662576687117,0.308166409861325,0.336448598130841,1,0.301261829652997,1,0.372093023255814,0.104928457869634,0.312693498452012,0.324159021406728,0.338259441707718,1,0.0812883435582822,1,1,1,0.263399693721286,0.33125,1,0.329652996845426,1,1,0.312594840667678,1,0.33033033033033,1,0.320251177394035,0.330745341614907,1,0.675507020280811,0.320182094081942,1,0.316279069767442,0.756468797564688,0.325859491778774,0.166919575113809,0.329323308270677,0.75462962962963,0.309904153354633,1,0.327666151468315,0.344135802469136,0.30441400304414,1,1,1,0.972843450479233,0.3536,1,0.329073482428115,1,0.322683706070288,0.329268292682927,1,1,1,0.91937984496124,1,0.315870570107858,0.328746177370031,1,1,0.0464,0.0784929356357928,1,1,0.309597523219814,1,1,0.318461538461538,1,1,0.671253822629969,0.543283582089552,1,0,1,1,0.102134146341463,0.331259720062208,1,0.329738058551618,0.998444790046656,0.965189873417722,0.998444790046656,0.820276497695853,1,0.326984126984127,1,1,1,0,0.3152,1,1,0.66306027820711,1,0.321044546850998,0.364329268292683,0.330781010719755,1,1,1,0.0917431192660551,0.322834645669291,0.0868878357030016,0.998427672955975,0.315467075038285,0.314503816793893,0.352850539291217,0,1,0.961119751166407,1,1,0.320754716981132,0.30441400304414,0.166149068322981,0.035548686244204,0.324031007751938,0.321428571428571,0.332326283987915,0,0.319018404907975,1,0,0.324615384615385,1,1,1,0.31859756097561,0.324242424242424,0.0305466237942122,1,0.3203125,0.313455657492355,1,1,0.327639751552795,0.685575364667747,1,1,0.690993788819876,1,0.318042813455657,1,0.321259842519685,0.539755351681957,0.666163141993958,0.408472012102874,1,0.302571860816944,0.311926605504587,0.670769230769231,0.658054711246201,1,0.329738058551618,1,0.329770992366412,1,0.323529411764706,0.317535545023697,0.355140186915888,0.52824427480916,0.314728682170543,0.319875776397516,0.656877897990726,0.32312404287902,0.148148148148148,1,0,1,0.2921875,1,0,0.32182103610675,0.323943661971831,1,0.055472263868066,1,0.0846153846153846,0.346938775510204,1,0.0649149922720247,0.660406885758998,1,1,1,0.31911532385466,0.0364741641337386,1,0.423493044822257,0.10031847133758,0.360606060606061,0.3267776096823,0.327718223583461,1,1,1,1,1,0.0600600600600601,0.995454545454545,0.677272727272727,0.00298953662182362,0.326186830015314,1,1,1,1,0.0890937019969278,0.321646341463415,1,1,1,1,1,1,0.5,0,1,0.0833333333333333,0.323076923076923,0.449297971918877,1,0.39622641509434,0.319935691318328,0.319444444444444,1,0.0340557275541796,0.323170731707317,1,1,0.373250388802488,0.318181818181818,0.323170731707317,0.326498422712934,0.998477929984779,0.334370139968896,0.321100917431193,0.416666666666667,0.325038880248834,0.970992366412214,0.321375186846039,0.0816,0.339009287925697,0,1,0.0883280757097792,0.3125,0.319314641744548,0.322429906542056,1,1,1,1,1,1,0.331775700934579,1,0.316770186335404,0.322368421052632,0.606481481481482,0.668759811616955,1,1,0,0.318318318318318,0.11993769470405,0.998489425981873,0.0327102803738318,1,1,0.32348367029549,1,1,0.63125,0.421303656597774,0.995594713656388,0.0791139240506329,0.100470957613815,1,1,1,0.0865533230293663,0,0.320610687022901,0.425038639876352,0.321699544764795,0,0.3375,0.0873634945397816,1,1,0.327794561933535,0.327217125382263,0.248456790123457,0.342767295597484,0.316998468606432,0.327718223583461,1,1,0.331259720062208,1,0,1,0.227202472952087,1,0.675344563552833,1,0.314329738058552,0.3136,0.0768072289156626,0.670731707317073,1,1,0.783742331288344,0.909967845659164,0.326120556414219,0.328050713153724,1,0.323529411764706,0.257318952234206,0.326594090202177,1,0.100151745068285,1,1,0.320987654320988,0.673566878980892,0.313572542901716,1,1,0.320121951219512,0.309375,0.32781954887218,0.865930599369085,0.314641744548287,1,0.050381679389313,1,1,0.686544342507645,0.649230769230769,0.329652996845426,0.0525502318392581,0.324451410658307,1,1,0.316923076923077,0.334370139968896,0.631024096385542,1,0.317557251908397,0.36969696969697,0.32312404287902,0.984615384615385,0.482758620689655,0.00307692307692308,0.313546423135464,0.325264750378215,0.325508607198748,0.315457413249211,0.329323308270677,0.96969696969697,1,0.314241486068111,0.554662379421222,0.676380368098159,0.233486943164363,0.68370607028754,1,0.326594090202177,0.0031104199066874,0.330792682926829,0.309707241910632,0.369969040247678,0.329113924050633,0,0.33695652173913,0.318611987381703,0.325949367088608,0.314503816793893
"412",0.998360655737705,0.998427672955975,1,1,0.998415213946117,1,0.693910256410256,1,0.998430141287284,0.103174603174603,1,0.0446570972886762,0.806451612903226,0.998402555910543,0.315619967793881,0.307086614173228,0.0628930817610063,0.686786296900489,0.998417721518987,0.998417721518987,0.280898876404494,0.310015898251192,0.998439937597504,0.165354330708661,0.998473282442748,0.317757009345794,0.315372424722662,0.99836867862969,0.998456790123457,0.785150078988942,0.313479623824451,0.725552050473186,0.9640625,0.306729264475743,0,1,0.544323483670295,1,0.294027565084227,0.998449612403101,0.667192429022082,0.683544303797468,0.699074074074074,0.998402555910543,0.998397435897436,0.322784810126582,0.311605723370429,0.304347826086957,0.317111459968603,0.324074074074074,0.0015748031496063,0.998381877022654,0.316614420062696,1,0.998432601880878,0.486223662884927,0.5584,0.998412698412698,0.998435054773083,1,0.322981366459627,0.320574162679426,0.31378763866878,0.676751592356688,0.998389694041868,0.9984375,0.0353697749196141,0.998410174880763,0.0574534161490683,0.322932917316693,0.998430141287284,0.313291139240506,0.326229508196721,0.961414790996785,0.511006289308176,0.998452012383901,0.311811023622047,0.332807570977918,0.998442367601246,0.319935691318328,0.0934426229508197,0.325242718446602,0.327044025157233,0.998449612403101,0.331775700934579,0.998459167950693,0.998425196850394,0.998410174880763,0.998402555910543,0.690625,0.998384491114701,0.998456790123457,0.00157977883096367,0.110248447204969,0.998387096774194,0.0443425076452599,0,0.998427672955975,0.56514657980456,0.676703645007924,0.9984,0.0540540540540541,0.310618066561014,0.998381877022654,0.310064935064935,0.998387096774194,0.685214626391097,0.998425196850394,0.31139646869984,0.317111459968603,0.319875776397516,0.998430141287284,0.321766561514196,0.998425196850394,0.487654320987654,0.998466257668712,0.314873417721519,0.310344827586207,0.319508448540707,0.317610062893082,0.481832543443918,1,0.317757009345794,0.3072,0.998422712933754,0.306962025316456,0.998491704374057,0.998442367601246,0.339116719242902,0.555555555555556,0.998366013071895,0.313195548489666,0.998381877022654,0.04,0.998387096774194,0.315870570107858,0.677115987460815,0.327073552425665,0.927444794952681,0.435351882160393,0.109872611464968,0.106750392464678,0.998402555910543,0.998392282958199,0.33015873015873,0.998432601880878,0.312883435582822,0.998427672955975,0.803149606299213,0.9984375,0.326829268292683,0.998412698412698,0.998397435897436,0.998410174880763,0.998407643312102,0.330683624801272,0.998420221169036,0.324237560192616,0.263736263736264,0.998442367601246,0.3140625,0.998463901689708,0.299843014128728,0.0888529886914378,0.998405103668262,0.3216,0.998422712933754,0.998415213946117,0.998394863563403,0.332278481012658,0.998417721518987,0.322734499205087,0.998410174880763,0.311424100156495,1,0.3125,0.0817610062893082,1,0.634390651085142,0.998363338788871,0.9984375,0.311793214862682,1,0.998417721518987,0.998435054773083,0.998422712933754,0.323809523809524,0.311216429699842,0.998360655737705,1,0.315707620528771,0.306946688206785,1,0.450310559006211,0.670245398773006,0.00158227848101266,0.31911532385466,0.675078864353312,1,0.325471698113208,0.9984,1,1,0.316037735849057,0.314641744548287,0.320450885668277,0.998454404945904,1,1,0.00161030595813205,0.998425196850394,0.307443365695793,0.97339593114241,0.315286624203822,0.309486780715397,0.741379310344828,0.998397435897436,0.998454404945904,1,0.998430141287284,0.998394863563403,0.042654028436019,0.314194577352472,0.32967032967033,0.998459167950693,0.683153013910355,1,0.998463901689708,0.996820349761526,1,0.998417721518987,0.998459167950693,0.00627943485086342,0.326186830015314,0.998452012383901,0.311216429699842,1,0.30381679389313,0.998430141287284,0.9984,0.998394863563403,0.998412698412698,0.99835255354201,0.320512820512821,1,0.5056,0.32018927444795,0.324534161490683,0.311897106109325,0.317384370015949,0.326984126984127,0.423510466988728,0.333333333333333,0.322327044025157,0.311320754716981,1,0.317262830482115,1,0.684615384615385,0.314285714285714,0.319875776397516,0.334394904458599,1,0.998407643312102,1,0.258730158730159,0.30188679245283,0.998417721518987,0.316957210776545,0.326687116564417,0.30625,0.316923076923077,0.689873417721519,0.998432601880878,0.322033898305085,0.311004784688995,0.9984,0.2976,0.998447204968944,0.31104199066874,0.310236220472441,0.998412698412698,0.998355263157895,0.998415213946117,0.544444444444444,0.99837925445705,0.689873417721519,0.088145896656535,0.318910256410256,0.998442367601246,0.998422712933754,0.100156494522692,0.315372424722662,0.324324324324324,1,0.998402555910543,0.298600311041991,0.0222222222222222,0.00478468899521531,0.998412698412698,0.998389694041868,0.335403726708075,0.99685534591195,0.998484848484849,0.309119010819165,1,0.998427672955975,0.312796208530806,0.9984,0.998420221169036,0.9984375,0.998405103668262,0.325038880248834,0.313664596273292,0.324193548387097,0.998412698412698,0.998425196850394,0.67879746835443,0.312698412698413,0.998387096774194,0.31733746130031,0.29264475743349,1,0.9984375,1,0.998430141287284,0.9984375,0.32753164556962,0.998397435897436,0.998417721518987,0.113964686998395,0.329173166926677,0.486571879936809,0.307692307692308,0.669826224328594,0.31733746130031,0.998482549317147,0.305993690851735,0.333863275039746,0.258566978193146,0.311912225705329,1,0.319018404907975,0.998417721518987,0.998397435897436,1,0.304838709677419,0.31974921630094,1,0.925324675324675,0.0662358642972536,0.998405103668262,0.314465408805031,0.312297734627832,0.306946688206785,0.998387096774194,0.331782945736434,0.465927099841521,0.314873417721519,0.313694267515924,0.312803889789303,0.30622009569378,0.998430141287284,0.323296354992076,0.99835255354201,0.998420221169036,0.00157232704402516,0.998384491114701,0.318327974276527,0.998427672955975,1,0.998366013071895,0.321144674085851,0.998475609756098,0.30622009569378,0.998447204968944,0.832288401253918,0.998422712933754,0.998384491114701,0.998432601880878,0.309486780715397,1,0.998397435897436,0.312,0.313195548489666,1,0.998412698412698,0.309486780715397,0.193199381761978,0.998357963875205,1,0.998456790123457,0.0015625,0.312399355877617,0.998384491114701,0.305511811023622,0.248788368336026,1,0.675465838509317,0.432307692307692,1,0.998422712933754,0.684848484848485,0.705314009661836,0.346333853354134,0.998412698412698,0.317111459968603,0.998407643312102,1,0.32807570977918,0.9984375,1,0.010989010989011,0.314873417721519,0.998422712933754,0.998397435897436,0.3248,0.998442367601246,0.998384491114701,0.306962025316456,0.345911949685535,1,1,1,0.528951486697966,0.301587301587302,0.344551282051282,0.317901234567901,0.3232,0.69377990430622,0.326086956521739,0.31974921630094,0.319182389937107,0.243670886075949,0.316639741518578,0.998432601880878,0.321646341463415,1,0.315047021943574,0.0902140672782875,0.0514018691588785,0.998442367601246,1,0.0391849529780564,1,0.695252679938744,0.0443740095087163,0.0144230769230769,0.998463901689708,0.679186228482003,0.998444790046656,0.998425196850394,0.549050632911392,0.998432601880878,0.00158730158730159,0.0761750405186386,1,0.998447204968944,1,0.320634920634921,0.648036253776435,0.693522906793049,0.990683229813665,0.998430141287284,0.984375,0.309748427672956,0.335423197492163,0.998447204968944,0.297427652733119,0.9984375,0.376971608832808,0.110749185667752,0.305993690851735,0.319314641744548,0.328859060402685,1,0.0829420970266041,0.9984375,0.998387096774194,1,0.270061728395062,0.32120253164557,0.99837925445705,0.321144674085851,0.998389694041868,0.998381877022654,0.304416403785489,0.998392282958199,0.326153846153846,1,0.316957210776545,0.31629392971246,0.998422712933754,0.680445151033386,0.317484662576687,1,0.310177705977383,0.762052877138414,0.313084112149533,0.166926677067083,0.312788906009245,0.764612954186414,0.301794453507341,0.998392282958199,0.322429906542056,0.33489827856025,0.293563579277865,0.998430141287284,1,0.998473282442748,0.970345963756178,0.344660194174757,0.998452012383901,0.324058919803601,0.998407643312102,0.311258278145695,0.316279069767442,0.998435054773083,0.998402555910543,1,0.916139240506329,0.998444790046656,0.315870570107858,0.322222222222222,0.998430141287284,1,0.0452342487883683,0.092948717948718,0.998420221169036,0.9984,0.311004784688995,0.998410174880763,0.998473282442748,0.317460317460317,0.998366013071895,0.998425196850394,0.675078864353312,0.537634408602151,1,0.0015220700152207,0.998397435897436,0.998430141287284,0.105990783410138,0.324367088607595,1,0.32,1,0.967741935483871,1,0.811819595645412,0.998407643312102,0.327922077922078,0.998415213946117,1,0.998387096774194,0,0.313628899835796,0.998381877022654,0.998430141287284,0.670347003154574,0.998454404945904,0.314553990610329,0.361111111111111,0.31875,1,1,0.998405103668262,0.0950155763239875,0.311897106109325,0.0953150242326333,1,0.306376360808709,0.306603773584906,0.360189573459716,0.00158227848101266,1,0.958730158730159,0.998435054773083,0.998442367601246,0.327974276527331,0.296466973886329,0.167197452229299,0.0369774919614148,0.315047021943574,0.3088,0.324492979719189,0.00162337662337662,0.309597523219814,0.9984375,0.00157977883096367,0.318110236220472,0.998412698412698,0.998392282958199,0.9984,0.316614420062696,0.316436251920123,0.0344827586206897,0.998435054773083,0.310509554140127,0.300787401574803,0.998422712933754,0.998435054773083,0.323343848580442,0.69485903814262,0.99837925445705,1,0.69170579029734,0.9984375,0.304212168486739,0.998389694041868,0.305900621118012,0.540958268933539,0.672897196261682,0.411674347158218,0.998439937597504,0.296296296296296,0.315047021943574,0.684044233807267,0.670886075949367,0.998417721518987,0.318885448916409,1,0.315548780487805,0.998402555910543,0.321875,0.308681672025723,0.358490566037736,0.532507739938081,0.319870759289176,0.312101910828025,0.663536776212833,0.309375,0.161449752883031,1,0.00157977883096367,1,0.296650717703349,0.998405103668262,0.00157728706624606,0.313291139240506,0.316720257234727,0.998397435897436,0.0581929555895865,0.998422712933754,0.0910543130990415,0.337579617834395,0.998407643312102,0.0626959247648903,0.677830940988836,0.998405103668262,1,1,0.300813008130081,0.0384615384615385,0.998435054773083,0.434375,0.103503184713376,0.353846153846154,0.313572542901716,0.320754716981132,0.998407643312102,1,0.998394863563403,1,1,0.0657492354740061,0.993827160493827,0.686821705426357,0.00606980273141123,0.31924882629108,0.998415213946117,0.998412698412698,0.998371335504886,0.998444790046656,0.0935023771790808,0.312111801242236,1,0.998417721518987,0.998373983739837,0.998394863563403,1,0.998425196850394,0.484662576687117,0.0032,0.998425196850394,0.0910493827160494,0.315789473684211,0.435534591194969,1,0.392568659127625,0.302980132450331,0.314329738058552,0.998410174880763,0.0385802469135802,0.31619937694704,0.998447204968944,1,0.37620578778135,0.309486780715397,0.310344827586207,0.311290322580645,1,0.328025477707006,0.313479623824451,0.420711974110032,0.31687898089172,0.979969183359014,0.313846153846154,0.0912106135986733,0.321259842519685,0,0.998417721518987,0.0955414012738854,0.306451612903226,0.313195548489666,0.316037735849057,0.998442367601246,0.998430141287284,0.998384491114701,0.998432601880878,0.998392282958199,0.998405103668262,0.336492890995261,1,0.311004784688995,0.309364548494983,0.614420062695925,0.67948717948718,1,0.998456790123457,0.00154559505409583,0.312404287901991,0.126760563380282,1,0.0332278481012658,0.998430141287284,0.998360655737705,0.312202852614897,0.998397435897436,0.998355263157895,0.623622047244095,0.425566343042071,0.995535714285714,0.0926517571884984,0.106858054226475,0.998427672955975,1,0.998420221169036,0.0930599369085174,0,0.317757009345794,0.4144,0.314984709480122,0.0015625,0.323151125401929,0.0920840064620355,0.998447204968944,0.998360655737705,0.323529411764706,0.313385826771654,0.244479495268139,0.329011345218801,0.313364055299539,0.320695102685624,0.998392282958199,1,0.324281150159744,0.998489425981873,0.00156739811912226,0.998392282958199,0.231884057971014,0.998407643312102,0.673469387755102,0.998422712933754,0.306581059390048,0.315112540192926,0.0796875,0.6828125,0.998417721518987,0.998430141287284,0.794303797468354,0.885245901639344,0.323809523809524,0.313504823151125,0.998422712933754,0.319488817891374,0.264566929133858,0.314785373608903,0.998452012383901,0.105754276827372,0.998422712933754,0.998402555910543,0.318471337579618,0.67483660130719,0.30622009569378,1,0.998425196850394,0.304012345679012,0.304625199362041,0.315132605304212,0.86525974025974,0.316720257234727,0.998410174880763,0.054773082942097,0.998422712933754,0.998397435897436,0.696734059097978,0.647887323943662,0.314144736842105,0.0552922590837283,0.31924882629108,0.998425196850394,1,0.301435406698565,0.326018808777429,0.613354037267081,0.998430141287284,0.302362204724409,0.377151799687011,0.301435406698565,0.982892690513219,0.482428115015974,0.0062402496099844,0.307936507936508,0.318529862174579,0.329032258064516,0.311688311688312,0.322085889570552,0.970404984423676,0.998439937597504,0.3152,0.555374592833876,0.693290734824281,0.240188383045526,0.690789473684211,1,0.324031007751938,0.00479233226837061,0.324409448818898,0.313971742543171,0.371248025276461,0.322169059011164,0.00155038759689922,0.332810047095761,0.317230273752013,0.319286871961102,0.312698412698413
"413",0.00958466453674121,0.00626959247648903,0.00773993808049536,0.0095389507154213,0.00632911392405063,0.00943396226415094,0.297906602254428,0.0078740157480315,0.00946372239747634,0.91304347826087,0.00625978090766823,0.965408805031447,0.17384370015949,0.0078125,0.676703645007924,0.680685358255452,0.941176470588235,0.326860841423948,0.00632911392405063,0.00631911532385466,0.697452229299363,0.678125,0.00924499229583975,0.847723704866562,0.00923076923076923,0.662037037037037,0.666129032258065,0.00967741935483871,0.00934579439252336,0.205974842767296,0.68125,0.258751902587519,0.0373831775700935,0.672360248447205,0.9968,0.00993377483443709,0.481308411214953,0.0078003120124805,0.683409436834094,0.00775193798449612,0.340062111801242,0.332288401253919,0.316436251920123,0.00634920634920635,0.00792393026941363,0.67524115755627,0.672413793103448,0.678843226788432,0.669767441860465,0.661514683153014,0.993759750390016,0.00952380952380952,0.678071539657854,0.0094488188976378,0.00927357032457496,0.484944532488114,0.464342313787639,0.00791139240506329,0.003125,0.00786163522012579,0.649847094801223,0.671383647798742,0.672985781990521,0.329652996845426,0.00801282051282051,0.00775193798449612,0.971518987341772,0.0078125,0.951367781155015,0.670245398773006,0.00923076923076923,0.669266770670827,0.662939297124601,0.0452342487883683,0.497695852534562,0.00605143721633888,0.68125,0.662613981762918,0.0078125,0.670947030497592,0.922204213938412,0.661949685534591,0.657276995305164,0.0060882800608828,0.651632970451011,0.00764525993883792,0.00625,0.00625978090766823,0.00772797527047913,0.320433436532508,0.00478468899521531,0.00917431192660551,0.993670886075949,0.906832298136646,0.0031496062992126,0.966412213740458,0.993788819875776,0.00603318250377074,0.445512820512821,0.3296,0.00789889415481832,0.958795562599049,0.673501577287066,0.00822368421052632,0.674193548387097,0.00469483568075117,0.3234375,0.00782472613458529,0.672,0.667189952904239,0.6640625,0.00784929356357928,0.658385093167702,0.0062111801242236,0.518461538461538,0.00753012048192771,0.678740157480315,0.716923076923077,0.66464339908953,0.670295489891135,0.528125,0.0110410094637224,0.674884437596302,0.669354838709677,0.00303951367781155,0.682027649769585,0.00745156482861401,0.00916030534351145,0.687888198757764,0.460587326120556,0.00638977635782748,0.678288431061807,0.00470219435736677,0.965620328849028,0.00480769230769231,0.675840978593272,0.333850931677019,0.65414710485133,0.0582677165354331,0.5696,0.9072,0.907378335949764,0.00938967136150235,0.0096,0.658805031446541,0.00474683544303797,0.667678300455235,0.0064,0.184049079754601,0.0076103500761035,0.66025641025641,0.00470219435736677,0.00797448165869218,0.004739336492891,0.00783699059561128,0.65086887835703,0.00786163522012579,0.665594855305466,0.749221183800623,0.00615384615384615,0.679012345679012,0.00763358778625954,0.68895800933126,0.927099841521395,0.00806451612903226,0.661341853035144,0.00946372239747634,0.0093167701863354,0.00791139240506329,0.646697388632873,0.00783699059561128,0.660883280757098,0.00786163522012579,0.681458003169572,0.00815660685154975,0.668253968253968,0.936608557844691,0.00783699059561128,0.378246753246753,0.00947867298578199,0.00784929356357928,0.673534072900158,0.00467289719626168,0.0031104199066874,0.00469483568075117,0.00949367088607595,0.667192429022082,0.678683385579937,0.00806451612903226,0.00938967136150235,0.664086687306502,0.682034976152623,0.00623052959501558,0.567901234567901,0.346268656716418,0.993710691823899,0.670866141732283,0.345971563981043,0.00768049155145929,0.669230769230769,0.00317965023847377,0.0076103500761035,0.00947867298578199,0.677621283255086,0.673374613003096,0.655502392344498,0.00763358778625954,0.00801282051282051,0.00622083981337481,0.995184590690209,0.00784929356357928,0.679873217115689,0.0189274447949527,0.666141732283465,0.678683385579937,0.241001564945227,0.00782472613458529,0.00927357032457496,0.0078740157480315,0.00310077519379845,0.00643086816720257,0.966824644549763,0.670347003154574,0.665634674922601,0.00925925925925926,0.330232558139535,0.00604229607250755,0.00764525993883792,0.00934579439252336,0.0108864696734059,0.00467289719626168,0.00614439324116743,0.996889580093313,0.699074074074074,0.00930232558139535,0.675718849840256,0.0094488188976378,0.683464566929134,0.00773993808049536,0.00947867298578199,0.00794912559618442,0.00479233226837061,0.0095389507154213,0.65990639625585,0.00783699059561128,0.483922829581994,0.666666666666667,0.662015503875969,0.668261562998405,0.670826833073323,0.655555555555556,0.587579617834395,0.662480376766091,0.674418604651163,0.671826625386997,0.00924499229583975,0.663009404388715,0.00963081861958266,0.316998468606432,0.669242658423493,0.707575757575758,0.657232704402516,0.00797448165869218,0.00782472613458529,0.00479233226837061,0.751572327044025,0.673879443585781,0.00460829493087558,0.675118858954041,0.670694864048338,0.67981072555205,0.671253822629969,0.325434439178515,0.00635930047694754,0.662538699690402,0.674050632911392,0.004739336492891,0.686591276252019,0.00925925925925926,0.66820987654321,0.675,0.00950871632329636,0.00480769230769231,0.0062015503875969,0.475894245723173,0.00643086816720257,0.322327044025157,0.929121725731895,0.671339563862928,0.00309597523219814,0.00788643533123028,0.914330218068536,0.658423493044822,0.660287081339713,0.00488599348534202,0.00946372239747634,0.684698608964451,0.984301412872841,0.995290423861852,0.0096,0.00802568218298555,0.649390243902439,0.0110062893081761,0.00757575757575758,0.682098765432099,0.0093167701863354,0.00467289719626168,0.669278996865204,0.00786163522012579,0.00797448165869218,0.0093167701863354,0.00637958532695375,0.663009404388715,0.672281776416539,0.659539473684211,0.0078740157480315,0.0078740157480315,0.341049382716049,0.674961119751166,0.00634920634920635,0.673879443585781,0.6875,0.00611620795107034,0.00610687022900763,0.0107858243451464,0.00777604976671851,0.00622083981337481,0.66304347826087,0.00635930047694754,0.00789889415481832,0.90224358974359,0.655384615384615,0.518053375196232,0.681318681318681,0.348367029548989,0.66407465007776,0.00604229607250755,0.678740157480315,0.653605015673981,0.754250386398764,0.667185069984448,0.00635930047694754,0.664624808575804,0.0095389507154213,0.00930232558139535,0.00934579439252336,0.681889763779528,0.665109034267913,0.00938967136150235,0.0676328502415459,0.949685534591195,0.00943396226415094,0.671406003159558,0.669341894060995,0.6816,0.00476190476190476,0.662015503875969,0.539906103286385,0.656877897990726,0.684713375796178,0.675675675675676,0.679365079365079,0.00765696784073507,0.669303797468354,0.00813008130081301,0.003125,0.993710691823899,0.00797448165869218,0.663507109004739,0.00615384615384615,0.00603318250377074,0.00161550888529887,0.658767772511848,0.00923076923076923,0.673015873015873,0.00914634146341463,0.152173913043478,0.00925925925925926,0.0096,0.00770416024653313,0.677215189873418,0.0094488188976378,0.00794912559618442,0.68025078369906,0.676923076923077,0.00631911532385466,0.00474683544303797,0.672839506172839,0.818873668188737,0.004739336492891,0.0078003120124805,0.00462249614791988,0.992236024844721,0.673501577287066,0.00816993464052288,0.674922600619195,0.757142857142857,0.00317965023847377,0.339009287925697,0.548387096774194,0.00803858520900321,0.0046656298600311,0.337837837837838,0.30188679245283,0.632237871674491,0.00631911532385466,0.676970633693972,0.00941915227629513,0.00485436893203883,0.662992125984252,0.00618238021638331,0.010989010989011,1,0.661417322834646,0.00628930817610063,0.00643086816720257,0.658653846153846,0.00783699059561128,0.00816993464052288,0.683788121990369,0.676100628930818,0.00315955766192733,0.00925925925925926,0.0078003120124805,0.46417445482866,0.679626749611198,0.648902821316614,0.664156626506024,0.659969088098918,0.3265625,0.670788253477589,0.665116279069767,0.670295489891135,0.765723270440252,0.667205169628433,0.0075642965204236,0.662100456621005,0.0110935023771791,0.669767441860465,0.922155688622755,0.96141975308642,0.00775193798449612,0.00927357032457496,0.97007874015748,0.00638977635782748,0.327160493827161,0.968944099378882,0.996850393700787,0.00769230769230769,0.334869431643625,0.0078740157480315,0.00783699059561128,0.45718901453958,0.00786163522012579,0.995290423861852,0.932038834951456,0.00783699059561128,0.00617283950617284,0.00940438871473354,0.67032967032967,0.36390977443609,0.317230273752013,0.0138888888888889,0.00464396284829721,0.0107033639143731,0.68125,0.68025078369906,0.0077639751552795,0.687598116169545,0.00611620795107034,0.615625,0.904458598726115,0.683720930232558,0.664098613251156,0.655574043261231,0.00768049155145929,0.927357032457496,0.00923076923076923,0.00482315112540193,0.00782472613458529,0.749221183800623,0.662921348314607,0.00793650793650794,0.672386895475819,0.00980392156862745,0.0062992125984252,0.674884437596302,0.00316455696202532,0.664133738601824,0.00625,0.681818181818182,0.667716535433071,0.00771604938271605,0.327014218009479,0.666167664670659,0.0062402496099844,0.678343949044586,0.223809523809524,0.673312883435583,0.847826086956522,0.667682926829268,0.226059654631083,0.676751592356688,0.00961538461538462,0.666146645865835,0.651090342679128,0.69811320754717,0.00934579439252336,0.00803858520900321,0.0060790273556231,0.0177133655394525,0.675409836065574,0.0078740157480315,0.656401944894652,0.00941915227629513,0.665024630541872,0.668721109399075,0.0077639751552795,0.00635930047694754,0.00307692307692308,0.0693374422187981,0.00765696784073507,0.673780487804878,0.665116279069767,0.00615384615384615,0.004739336492891,0.961227786752827,0.928571428571429,0.00783699059561128,0.00789889415481832,0.6752,0.00940438871473354,0.00759878419452888,0.67981072555205,0.0065252854812398,0.0077639751552795,0.333333333333333,0.480798771121352,0.00792393026941363,0.992447129909366,0.00777604976671851,0.00778816199376947,0.915022761760243,0.660910518053375,0.00798722044728434,0.656923076923077,0.0109717868338558,0.0274193548387097,0.00782472613458529,0.164596273291925,0.00792393026941363,0.659643435980551,0.00775193798449612,0.008,0.00805152979066022,0.99079754601227,0.680194805194805,0.00797448165869218,0.00934579439252336,0.338582677165354,0.00934579439252336,0.6671826625387,0.622083981337481,0.672955974842767,0.00773993808049536,0.00771604938271605,0.00792393026941363,0.9209726443769,0.6609375,0.91866028708134,0.00625978090766823,0.669796557120501,0.676970633693972,0.62888198757764,0.995275590551181,0.00793650793650794,0.0298273155416013,0.00615384615384615,0.00772797527047913,0.664,0.682299546142209,0.845669291338583,0.96998420221169,0.67398119122257,0.671949286846276,0.661993769470405,0.995207667731629,0.682442748091603,0.00770416024653313,0.990610328638498,0.675465838509317,0.00778816199376947,0.0095389507154213,0.00627943485086342,0.666156202143951,0.674311926605505,0.972536348949919,0.00457317073170732,0.675675675675676,0.68167701863354,0.00458715596330275,0.00625,0.67192429022082,0.326298701298701,0.00798722044728434,0.00950871632329636,0.315955766192733,0.00768049155145929,0.676970633693972,0.00803858520900321,0.672897196261682,0.485496183206107,0.344667697063369,0.598784194528875,0.00777604976671851,0.687405159332322,0.666666666666667,0.334370139968896,0.344615384615385,0.0061633281972265,0.667678300455235,0.008,0.662079510703364,0.00793650793650794,0.658385093167702,0.68,0.629860031104199,0.482758620689655,0.670906200317965,0.67948717948718,0.342271293375394,0.671253822629969,0.857827476038339,0.0047244094488189,0.993846153846154,0.00771604938271605,0.696485623003195,0.00628930817610063,0.993817619783617,0.664050235478807,0.667202572347267,0.0078125,0.95045045045045,0.00619195046439629,0.918006430868167,0.645569620253165,0.00470957613814757,0.947040498442368,0.342313787638669,0.00783699059561128,0.00783699059561128,0.00773993808049536,0.682258064516129,0.970948012232416,0.00925925925925926,0.556748466257669,0.915873015873016,0.62826420890937,0.669254658385093,0.665625,0.00627943485086342,0.00801282051282051,0.00972447325769854,0.0094488188976378,0.00619195046439629,0.941984732824428,0.010752688172043,0.326053042121685,0.995495495495496,0.669796557120501,0.00934579439252336,0.00631911532385466,0.00644122383252818,0.00612557427258806,0.923913043478261,0.667170953101362,0.00778816199376947,0.009375,0.00815660685154975,0.0078003120124805,0.0078003120124805,0.00949367088607595,0.527863777089783,0.998392282958199,0.0095389507154213,0.925981873111782,0.667175572519084,0.580745341614907,0.004739336492891,0.591935483870968,0.678688524590164,0.673374613003096,0.00934579439252336,0.970992366412214,0.674347158218126,0.00617283950617284,0.00628930817610063,0.618380062305296,0.676056338028169,0.673534072900158,0.666666666666667,0.0062402496099844,0.668789808917197,0.669781931464174,0.5888,0.672386895475819,0.0170278637770898,0.673780487804878,0.926590538336052,0.667701863354037,0.992199687987519,0.00784929356357928,0.925632911392405,0.684627575277338,0.673946957878315,0.666666666666667,0.00614439324116743,0.00786163522012579,0.00320512820512821,0.00940438871473354,0.00642054574638844,0.00792393026941363,0.64937106918239,0.0093167701863354,0.671406003159558,0.671666666666667,0.4,0.339144215530903,0.00453172205438067,0.00934579439252336,0.993865030674847,0.675840978593272,0.891338582677165,0.00612557427258806,0.976377952755906,0.0093603744149766,0.0048780487804878,0.669856459330144,0.00479233226837061,0.00996677740863787,0.382636655948553,0.592833876221498,0.0119047619047619,0.927444794952681,0.911575562700965,0.00625,0.00788643533123028,0.00613496932515337,0.927469135802469,0.990683229813665,0.665639445300462,0.562893081761006,0.669724770642202,0.993827160493827,0.65818759936407,0.920967741935484,0.00946372239747634,0.0096,0.667170953101362,0.668721109399075,0.76791277258567,0.657643312101911,0.673312883435583,0.662015503875969,0.00782472613458529,0.0078003120124805,0.664012738853503,0.00762195121951219,0.990668740279938,0.00311526479750779,0.780715396578538,0.00477707006369427,0.330246913580247,0.00473186119873817,0.681388012618297,0.682316118935837,0.932283464566929,0.331804281345566,0.00314465408805031,0.00786163522012579,0.220095693779904,0.112,0.669871794871795,0.676751592356688,0.00925925925925926,0.67246835443038,0.756289308176101,0.668276972624799,0.00911854103343465,0.906542056074766,0.00625,0.00801282051282051,0.673374613003096,0.335473515248796,0.675675675675676,0.0064,0.00469483568075117,0.683641975308642,0.67244094488189,0.670713201820941,0.14873417721519,0.6784,0.00794912559618442,0.958268933539413,0.009375,0.00646203554119548,0.328197226502311,0.362341772151899,0.666666666666667,0.960691823899371,0.665086887835703,0.00783699059561128,0.00476947535771065,0.683870967741935,0.657728706624606,0.377708978328173,0.00619195046439629,0.679447852760736,0.638065522620905,0.680491551459293,0.0263975155279503,0.537617554858934,1,0.6828125,0.664652567975831,0.659305993690852,0.677577741407529,0.667173252279635,0.0384024577572965,0.00783699059561128,0.669278996865204,0.4704,0.323809523809524,0.771384136858476,0.32516339869281,0.00628930817610063,0.663026521060842,0.992101105845182,0.664586583463339,0.673405909797823,0.637636080870918,0.670886075949367,0.993865030674847,0.656692913385827,0.662957074721781,0.66025641025641,0.682316118935837
"414",0.301916932907348,0.32182103610675,0.32182103610675,0.334928229665072,0.3203125,0.316037735849057,0.0112179487179487,0.326433121019108,0.31832298136646,0.566558441558442,0.325652841781874,0.63265306122449,0.5296,0.326018808777429,1,1,0.615863141524106,0,0.326984126984127,0.316358024691358,1,1,0.332298136645963,0.50547730829421,0.311627906976744,1,1,0.343648208469055,0.318461538461538,0.531948881789137,1,0.5984375,0.376175548589342,0.998432601880878,0.668769716088328,0.322368421052632,0.132605304212168,0.331269349845201,1,0.311627906976744,0.0015625,0,0,0.33015873015873,0.32794830371567,1,0.996835443037975,1,1,1,0.684375,0.335443037974684,1,0.329133858267717,0.323076923076923,0.814814814814815,0.115689381933439,0.3216,0.320754716981132,0.330683624801272,0.996870109546166,1,1,0.00467289719626168,0.313195548489666,0.321316614420063,0.648902821316614,0.335987261146497,0.606106870229008,1,0.320610687022901,1,1,0.277867528271405,0.151937984496124,0.32572298325723,1,0.995334370139969,0.325038880248834,1,0.595081967213115,1,1,0.333333333333333,1,0.325190839694657,0.319047619047619,0.335423197492163,0.322981366459627,0,0.32807570977918,0.331818181818182,0.673913043478261,0.578052550231839,0.316720257234727,0.631659056316591,0.678071539657854,0.316535433070866,0.117073170731707,0,0.319182389937107,0.617460317460317,1,0.322061191626409,1,0.329153605015674,0,0.32807570977918,1,1,1,0.31974921630094,0.998442367601246,0.331768388106416,0.203703703703704,0.31651376146789,1,0.363777089783282,1,1,0.2018779342723,0.323529411764706,1,1,0.33693972179289,1,0.326836581709145,0.319508448540707,0.353407290015848,0.76271186440678,0.319488817891374,1,0.337519623233909,0.638426626323752,0.342019543973941,1,0,1,0.372854914196568,0.889789303079417,0.582018927444795,0.587774294670846,0.322932917316693,0.330683624801272,1,0.318885448916409,1,0.30503144654088,0.510140405616225,0.325581395348837,1,0.317535545023697,0.323671497584541,0.327476038338658,0.328025477707006,1,0.31974921630094,1,0.423913043478261,0.334375,1,0.329249617151608,1,0.582802547770701,0.323671497584541,1,0.32755905511811,0.322429906542056,0.337519623233909,0.990769230769231,0.332283464566929,1,0.330683624801272,1,0.327390599675851,1,0.585403726708075,0.303125,0.0306451612903226,0.304625199362041,0.327073552425665,1,0.308777429467085,0.324451410658307,0.320754716981132,0.339089481946625,1,1,0.3322528363047,0.333865814696486,1,1,0.323343848580442,0.230889235569423,0.0181543116490166,0.680314960629921,1,0.0015625,0.322033898305085,1,0.325358851674641,0.315870570107858,0.320754716981132,0.998439937597504,1,1,0.330804248861912,0.316045380875203,0.322530864197531,0.674015748031496,0.307086614173228,1,0.340659340659341,1,1,0.446372239747634,0.331746031746032,0.323029366306028,0.329133858267717,0.312401883830455,0.318611987381703,0.635367762128325,1,1,0.318461538461538,0.00155763239875389,0.328746177370031,0.322085889570552,0.323343848580442,0.306853582554517,0.300476947535771,0.321646341463415,0.689167974882261,0.353120243531202,0.309341500765697,1,0.329113924050633,1,0.31839258114374,0.322222222222222,0.319182389937107,0.335463258785943,0.31219512195122,1,0.332288401253919,0.799058084772371,1,1,0.9984,1,1,0.895071542130366,1,1,1,0.327188940092166,1,0.32520325203252,0,1,0.371340523882897,1,0.326498422712934,0.330683624801272,0.317610062893082,0.409448818897638,1,0.331797235023041,1,1,1,1,0,0.315372424722662,1,1,0.32753164556962,1,0.31859756097561,1,1,0.323151125401929,0.325914149443561,0.30568356374808,0.13946117274168,0.333333333333333,0,0.58599695585997,1,0.325617283950617,0.32484076433121,0.571428571428571,1,1,0.331707317073171,0.330618892508143,1,0.651090342679128,0.691056910569106,0.309904153354633,0.322528363047002,0.993893129770992,0.3296875,0.310872894333844,1,0.327044025157233,0.306729264475743,1,0.312796208530806,0.324921135646688,0.32182103610675,0.324881141045959,1,1,1,0.310236220472441,0.332278481012658,0.0062015503875969,0.993759750390016,0.329093799682035,1,1,0.315548780487805,0.333846153846154,0.309409888357257,0.324881141045959,0.327102803738318,1,0.311320754716981,0.31911532385466,0.569805194805195,1,0.833333333333333,1,0,1,0.323076923076923,1,1,0.407350689127106,0.998444790046656,0.328548644338118,1,0.315625,0.311424100156495,0.31924882629108,1,1,0.322480620155039,0.401929260450161,0.607655502392344,0.301916932907348,1,1,1,0.323717948717949,1,0.205329153605016,1,1,1,1,0.338509316770186,1,0.315447154471545,0.332810047095761,0.669278996865204,0.311526479750779,1,0.325,0.323076923076923,0.319354838709677,1,0.311627906976744,1,0.325688073394495,0.486862442040185,0.329192546583851,0.331738437001595,0.316923076923077,1,0.318611987381703,0.312796208530806,1,1,0.331768388106416,0.317411402157165,1,0.467075038284839,0.320967741935484,0.328220858895706,0.336923076923077,0.670826833073323,1,0.298245614035088,1,0.414673046251994,0.3109375,0,0.884615384615385,0.314009661835749,0.328149300155521,0,0.0333863275039746,0.984227129337539,0.32807570977918,1,0.319488817891374,0.323529411764706,1,0.33179012345679,0.314873417721519,0.661417322834646,1,0.325,0.322683706070288,1,0.325581395348837,0.311501597444089,1,0.333333333333333,0.318327974276527,0.3198127925117,0.3344,0.807153965785381,1,0.982428115015974,1,1,0,1,0.995268138801262,1,0.414285714285714,0.998420221169036,0.31651376146789,0.995391705069124,0.335443037974684,0.996879875195008,0.596676737160121,0.617784711388456,0.324655436447167,0.315950920245399,0.63265306122449,0.325806451612903,0,0.625786163522013,0.679611650485437,0.322480620155039,0,0.315707620528771,0.31619937694704,0.768860353130016,0.330733229329173,0.674565560821485,0.591276252019386,0.333333333333333,0.327666151468315,0.303317535545024,1,0.0237388724035608,0,0.322981366459627,0.329635499207607,0.3375,1,0.334375,0.326530612244898,1,0.311605723370429,0.939490445859873,0.557877813504823,1,1,0.994932432432432,0.325115562403698,0.599383667180277,0.326717557251908,0.325281803542673,0.324881141045959,0.412403100775194,1,0.31496062992126,1,0.318910256410256,0.323624595469256,1,0.325434439178515,1,0.330683624801272,1,1,0.324921135646688,0,1,0.326086956521739,1,0.572784810126582,1,0.492283950617284,1,0.567140600315956,1,0.324324324324324,1,1,1,0.313880126182965,0.334920634920635,0.319083969465649,0.36260162601626,0.328358208955224,0.3203125,1,0.329073482428115,1,1,0.325581395348837,0.320512820512821,0.322981366459627,0.3950233281493,0.32258064516129,1,1,0.334365325077399,0.328,0.621621621621622,0.583601286173633,0.318681318681319,0.327447833065811,1,0.311811023622047,0.315301391035549,0.996825396825397,0.310679611650485,0.322834645669291,0,0.130568356374808,0.322981366459627,0.672256097560976,0.317891373801917,0.330203442879499,0.584876543209877,0.996860282574568,0.318110236220472,1,0.325471698113208,0.358730158730159,0.317965023847377,0.486571879936809,0.321711568938193,1,0.328682170542636,0.326530612244898,0.337078651685393,0.68798751950078,1,0.331723027375201,0.325,0,0.3328173374613,0.998420221169036,0.95046439628483,1,0.323899371069182,0.322834645669291,0.31911532385466,0.579908675799087,1,0.5904,0.339171974522293,1,1,0.967289719626168,0.677519379844961,0.330173775671406,0.365054602184087,0.326120556414219,0.319938176197836,1,1,0.504716981132076,0.625,1,1,0.998442367601246,0.688394276629571,1,0.33641975308642,0.670826833073323,1,0.329652996845426,0.324409448818898,0.3296875,0.998459167950693,1,0.630048465266559,0.326594090202177,1,1,0.330203442879499,0.323029366306028,0.998427672955975,0,0.328525641025641,0.3152,0.00638977635782748,0.321428571428571,1,0.31637519872814,1,0.14,0,0.901234567901235,0.328050713153724,1,1,0,0,0.333855799373041,1,0.317817014446228,0.998468606431853,0.316455696202532,1,0.998407643312102,0.96411856474259,0.777434312210201,1,1,0.00630914826498423,1,0.50974025974026,0.3312,0.66046511627907,0.323529411764706,1,0.3125,0.665109034267913,1,1,0.325842696629214,0.616564417177914,0.333850931677019,0.582278481012658,0.974960876369327,0.336492890995261,0.595645412130638,0.0125,0.318471337579618,0.335413416536661,0.331240188383046,1,0.631336405529954,0.307332293291732,0.888,0.587579617834395,0.972519083969466,1,1,0.322378716744914,0.346645367412141,0.312602291325696,0.319685039370079,0.311320754716981,0.604006163328197,0.313364055299539,0,0.668154761904762,1,0.3296875,0.319047619047619,0.328455284552846,0.323619631901841,0.596899224806202,1,0.344186046511628,0.344391785150079,0.337115072933549,0.325434439178515,0.322274881516588,0.317535545023697,0.192424242424242,0.675590551181102,0.32018927444795,0.585139318885449,1,0.23338485316847,0.32348367029549,0.919484702093398,1,1,0.321372854914197,0.632398753894081,1,0.327639751552795,0.31378763866878,0.955555555555556,1,1,1,0.3198127925117,1,1,0.898595943837754,1,0.353582554517134,1,0.588709677419355,1,0.664596273291925,0.320695102685624,0.597156398104265,1,1,0.993640699523052,0.33489827856025,0.338461538461538,0.331189710610932,0.325396825396825,0.329011345218801,0.325842696629214,0.982594936708861,0.316358024691358,1,1,0.711388455538221,0,0.329192546583851,0.3296875,0.670245398773006,1,0.556589147286822,0.337404580152672,0.636942675159236,0.3109375,0.324675324675325,1,0.318110236220472,0.326229508196721,0.682389937106918,0.911330049261084,0.330815709969789,0.60031847133758,0.570300157977883,0.326086956521739,0.332283464566929,0.30379746835443,0.584251968503937,0.68062015503876,1,0.896389324960754,1,0.653846153846154,0.998422712933754,0.588996763754045,0.317829457364341,0.331746031746032,1,1,0.417956656346749,0.995253164556962,0.998466257668712,1,0.311811023622047,0.33596214511041,1,0.322338830584708,0.667177914110429,0.33968253968254,0.44375,0.307443365695793,0,0.31832298136646,1,1,0.580343213728549,0,0.33652312599681,0.328050713153724,0.10377358490566,0.414473684210526,1,1,0.319938176197836,1,0.409810126582278,1,0.333843797856049,0.575427682737169,0.334375,0.318979266347687,1,0,1,0.313099041533546,0.324409448818898,1,1,1,0.443561208267091,1,0.331240188383046,0.607142857142857,0.331278890600925,0.335473515248796,0,0.0363349131121643,1,0.618153364632238,1,0.331259720062208,0.328478964401294,1,1,0.161741835147745,0.315217391304348,1,0.899536321483771,1,0.328267477203647,0.193650793650794,0.664086687306502,1,1,1,1,1,0.290824261275272,0.30622009569378,1,0.1152,0,0.431279620853081,0,0.337007874015748,1,0.667736757624398,1,1,0.886645962732919,1,0.670826833073323,1,1,1,1
"415",1,1,1,1,1,1,0.700159489633174,1,1,0.109324758842444,1,0.0502354788069074,0.808917197452229,1,0.322834645669291,0.31055900621118,0.0699844479004666,0.685245901639344,1,1,0.288854003139717,0.316037735849057,1,0.160686427457098,1,0.326018808777429,0.318979266347687,1,1,0.784911717495987,0.31619937694704,0.729133858267716,0.964451313755796,0.314641744548287,0,1,0.545736434108527,1,0.298642533936652,1,0.667194928684628,0.673501577287066,0.690880989180835,1,1,0.326465927099842,0.311897106109325,0.311627906976744,0.331782945736434,0.325508607198748,0,1,0.310769230769231,1,1,0.496,0.574367088607595,1,1,1,0.329211746522411,0.31974921630094,0.321656050955414,0.678913738019169,1,1,0.041335453100159,1,0.0633484162895928,0.324574961360124,1,0.327102803738318,0.327974276527331,0.966237942122186,0.517405063291139,1,0.320433436532508,0.335394126738794,1,0.322734499205087,0.0934426229508197,0.323809523809524,0.33175355450237,1,0.336990595611285,1,1,1,1,0.689763779527559,1,1,0.00158227848101266,0.110419906687403,1,0.0509259259259259,0,1,0.564437194127243,0.675718849840256,1,0.0605095541401274,0.313572542901716,1,0.312401883830455,1,0.681318681318681,1,0.318818040435459,0.322480620155039,0.320872274143302,1,0.324451410658307,1,0.493129770992366,1,0.315707620528771,0.303738317757009,0.326219512195122,0.320126782884311,0.491419656786271,0.998444790046656,0.319938176197836,0.312703583061889,1,0.306729264475743,1,1,0.3296875,0.558778625954198,1,0.321144674085851,1,0.0454545454545455,1,0.31201248049922,0.673913043478261,0.330745341614907,0.928682170542636,0.442463533225284,0.110062893081761,0.102523659305994,1,1,0.335453100158982,1,0.320121951219512,1,0.795348837209302,1,0.326332794830372,1,1,1,1,0.333865814696486,1,0.322528363047002,0.272445820433437,1,0.312111801242236,1,0.303937007874016,0.0887480190174326,1,0.31687898089172,1,1,1,0.336448598130841,1,0.321428571428571,1,0.308917197452229,1,0.315457413249211,0.08,1,0.642512077294686,1,1,0.318037974683544,1,1,1,1,0.319047619047619,0.311627906976744,1,0.998435054773083,0.313084112149533,0.3136,1,0.458730158730159,0.665130568356375,0,0.323343848580442,0.669278996865204,1,0.326153846153846,1,0.998463901689708,1,0.323854660347551,0.315217391304348,0.317891373801917,1,1,1,0,1,0.306089743589744,0.968652037617555,0.325914149443561,0.313084112149533,0.759375,1,1,1,1,1,0.0473186119873817,0.311605723370429,0.326656394453005,1,0.678955453149002,1,1,1,0.998447204968944,1,1,0.00156494522691706,0.327666151468315,1,0.316211878009631,1,0.305900621118012,1,1,1,1,1,0.328593996840442,1,0.497652582159624,0.324881141045959,0.329704510108865,0.308186195826645,0.324960753532182,0.330645161290323,0.433656957928803,0.329133858267717,0.330696202531646,0.311424100156495,1,0.327613104524181,1,0.685015290519878,0.327073552425665,0.317411402157165,0.334384858044164,1,1,1,0.267515923566879,0.316037735849057,1,0.318840579710145,0.328220858895706,0.317111459968603,0.319938176197836,0.688783570300158,1,0.322085889570552,0.311605723370429,1,0.312,1,0.31104199066874,0.3088,1,1,1,0.5390625,1,0.682464454976303,0.0885496183206107,0.322734499205087,1,1,0.101694915254237,0.320754716981132,0.331179321486268,1,1,0.302611367127496,0.028125,0,1,1,0.337404580152672,0.998430141287284,1,0.313664596273292,1,1,0.311145510835913,1,1,1,1,0.33015873015873,0.315467075038285,0.325281803542673,1,1,0.666139240506329,0.319620253164557,1,0.320493066255778,0.304278922345483,1,1,0.998447204968944,1,1,0.329073482428115,1,1,0.1152,0.333846153846154,0.497637795275591,0.312599681020734,0.670886075949367,0.317829457364341,1,0.321144674085851,0.333333333333333,0.271028037383178,0.314641744548287,1,0.328746177370031,1,1,1,0.311605723370429,0.321928460342146,0.998427672955975,0.924920127795527,0.0690208667736758,1,0.31104199066874,0.320574162679426,0.317535545023697,1,0.326251896813354,0.477987421383648,0.324074074074074,0.306962025316456,0.311688311688312,0.317535545023697,1,0.32,1,1,0,1,0.316614420062696,1,1,1,0.330173775671406,1,0.310457516339869,1,0.834123222748815,1,1,1,0.315457413249211,1,1,0.312210200927357,0.316957210776545,1,1,0.315217391304348,0.194144838212635,1,0.998425196850394,1,0,0.310789049919485,1,0.307210031347962,0.251192368839428,1,0.677621283255086,0.431007751937985,1,1,0.675226586102719,0.704866562009419,0.348367029548989,1,0.319685039370079,1,1,0.333333333333333,1,0.998422712933754,0.00628930817610063,0.325,1,1,0.322734499205087,1,1,0.305511811023622,0.344339622641509,1,1,1,0.524767801857585,0.31733746130031,0.348101265822785,0.322775263951735,0.329173166926677,0.68370607028754,0.326717557251908,0.323899371069182,0.315047021943574,0.251582278481013,0.329011345218801,1,0.320987654320988,0.998415213946117,0.313572542901716,0.0895295902883156,0.0563380281690141,1,1,0.0438184663536776,1,0.683385579937304,0.0453834115805947,0.0111287758346582,1,0.683385579937304,1,1,0.550702028081123,1,0,0.0757825370675453,1,1,1,0.328525641025641,0.648036253776435,0.691056910569106,0.996923076923077,1,0.9828125,0.303656597774245,0.342767295597484,1,0.298722044728434,1,0.372641509433962,0.112359550561798,0.311526479750779,0.322678843226788,0.336134453781513,1,0.0858034321372855,1,1,1,0.267801857585139,0.322683706070288,1,0.312893081761006,1,1,0.31201248049922,1,0.321100917431193,1,0.314375987361769,0.320754716981132,1,0.679425837320574,0.316030534351145,1,0.318037974683544,0.761006289308176,0.316358024691358,0.168486739469579,0.321044546850998,0.77151799687011,0.313001605136437,1,0.331775700934579,0.342064714946071,0.29595015576324,1,1,1,0.967845659163987,0.353233830845771,1,0.321486268174475,1,0.319672131147541,0.317901234567901,1,1,1,0.919003115264797,1,0.3109375,0.32348367029549,1,1,0.0525477707006369,0.0833333333333333,1,1,0.30622009569378,1,1,0.312698412698413,1,1,0.686915887850467,0.541666666666667,1,0,1,1,0.109230769230769,0.329113924050633,1,0.324492979719189,0.998425196850394,0.963779527559055,0.998422712933754,0.817322834645669,1,0.333333333333333,1,1,1,0,0.32137030995106,1,1,0.672985781990521,1,0.315132605304212,0.355242566510172,0.318471337579618,1,1,1,0.0942812982998454,0.320574162679426,0.0944,0.998432601880878,0.311349693251534,0.303265940902022,0.35625,0,1,0.954545454545455,1,1,0.324281150159744,0.302611367127496,0.1669341894061,0.0449438202247191,0.329704510108865,0.308661417322835,0.326053042121685,0.00159235668789809,0.316037735849057,1,0,0.316358024691358,1,1,1,0.318885448916409,0.319314641744548,0.0386473429951691,1,0.313385826771654,0.30625,1,1,0.318681318681319,0.694174757281553,1,1,0.690208667736758,1,0.30568356374808,1,0.321766561514196,0.532208588957055,0.671732522796353,0.420091324200913,1,0.306153846153846,0.319685039370079,0.677067082683307,0.665137614678899,1,0.321592649310873,1,0.3267776096823,1,0.31629392971246,0.318541996830428,0.353677621283255,0.537007874015748,0.314285714285714,0.3056,0.657320872274143,0.322378716744914,0.15359477124183,1,0,1,0.299840510366826,1,0,0.323343848580442,0.322061191626409,1,0.0636363636363636,1,0.0916398713826367,0.343402225755167,1,0.0688575899843505,0.67032967032967,1,1,1,0.308186195826645,0.0434782608695652,1,0.4203125,0.100478468899522,0.358934169278997,0.316118935837246,0.325581395348837,1,1,1,1,1,0.0724191063174114,0.996946564885496,0.680685358255452,0.00151515151515152,0.32093023255814,1,1,1,1,0.09375,0.311526479750779,1,1,1,1,1,1,0.498466257668712,0.0016025641025641,1,0.0882352941176471,0.330745341614907,0.444270015698587,1,0.405844155844156,0.312091503267974,0.313971742543171,1,0.0440944881889764,0.320872274143302,1,1,0.3801261829653,0.310452418096724,0.313880126182965,0.319218241042345,0.998442367601246,0.331738437001595,0.315384615384615,0.42879746835443,0.329652996845426,0.969088098918083,0.308623298033283,0.0897435897435897,0.32807570977918,0,1,0.0961538461538462,0.3088,0.317034700315457,0.321086261980831,1,1,1,1,1,1,0.330143540669856,1,0.320126782884311,0.316749585406302,0.613707165109034,0.671899529042386,1,1,0,0.314814814814815,0.122861586314152,0.998461538461539,0.0402576489533011,1,1,0.315873015873016,1,1,0.634920634920635,0.428805237315876,0.996996996996997,0.0818619582664527,0.1024,1,1,1,0.0926216640502355,0,0.318818040435459,0.416798732171157,0.318042813455657,0,0.318840579710145,0.0876369327073552,1,1,0.3198127925117,0.318252730109204,0.255150554675119,0.331189710610932,0.313846153846154,0.318611987381703,1,1,0.325281803542673,1,0,1,0.234177215189873,1,0.674961119751166,1,0.311424100156495,0.309791332263242,0.0803149606299213,0.674884437596302,1,1,0.794912559618442,0.905537459283388,0.3248,0.3248,1,0.317034700315457,0.264566929133858,0.318910256410256,1,0.109177215189873,1,1,0.311424100156495,0.676282051282051,0.313385826771654,1,1,0.303265940902022,0.30379746835443,0.319018404907975,0.878205128205128,0.318541996830428,1,0.0577223088923557,1,1,0.697160883280757,0.65086887835703,0.3278955954323,0.0616113744075829,0.324324324324324,1,1,0.3109375,0.330173775671406,0.624223602484472,1,0.299847792998478,0.384615384615385,0.312893081761006,0.986153846153846,0.484076433121019,0.00464396284829721,0.307570977917981,0.32469512195122,0.337007874015748,0.318910256410256,0.32262996941896,0.973765432098765,1,0.316614420062696,0.556982343499197,0.680511182108626,0.245283018867925,0.676616915422886,1,0.322274881516588,0.00157232704402516,0.327586206896552,0.313084112149533,0.377151799687011,0.31875,0,0.338072669826224,0.321656050955414,0.325984251968504,0.316118935837246
"416",1,1,1,1,1,1,0.704065040650407,1,1,0.0959349593495935,1,0.0442338072669826,0.822966507177033,1,0.317152103559871,0.306349206349206,0.0657276995305164,0.678747940691928,1,1,0.288888888888889,0.317384370015949,1,0.151799687010955,1,0.32807570977918,0.3125,1,1,0.793269230769231,0.311004784688995,0.727975270479134,0.968404423380727,0.320063694267516,0,1,0.52931854199683,1,0.302469135802469,1,0.663492063492063,0.680379746835443,0.691358024691358,1,1,0.320512820512821,0.318037974683544,0.317262830482115,0.323029366306028,0.330218068535826,0,1,0.318037974683544,1,1,0.502415458937198,0.554313099041534,1,1,1,0.334855403348554,0.318611987381703,0.320512820512821,0.677165354330709,1,1,0.0382775119617225,1,0.0623100303951368,0.320493066255778,1,0.318110236220472,0.329508196721311,0.966019417475728,0.505511811023622,1,0.313971742543171,0.338485316846986,1,0.32258064516129,0.0861788617886179,0.326465927099842,0.334389857369255,1,0.342812006319115,1,1,1,1,0.6859375,1,1,0.00155763239875389,0.102643856920684,1,0.0469483568075117,0,1,0.551155115511551,0.670926517571885,1,0.055205047318612,0.310618066561014,1,0.314285714285714,1,0.676236044657097,1,0.31875,0.324409448818898,0.31839258114374,1,0.323296354992076,1,0.466458658346334,1,0.322683706070288,0.288888888888889,0.328125,0.31629392971246,0.4625,0.998415213946117,0.325545171339564,0.31973898858075,1,0.309006211180124,1,1,0.315047021943574,0.544615384615385,1,0.317965023847377,1,0.0423600605143722,1,0.320872274143302,0.671274961597542,0.330218068535826,0.931854199683043,0.428802588996764,0.100313479623824,0.0939490445859873,1,1,0.333863275039746,1,0.314503816793893,1,0.809302325581395,1,0.326298701298701,1,1,1,1,0.33652312599681,1,0.331738437001595,0.252713178294574,1,0.315789473684211,1,0.303738317757009,0.0830670926517572,1,0.315619967793881,1,1,1,0.339035769828927,1,0.329652996845426,1,0.30829420970266,1,0.314696485623003,0.0771604938271605,1,0.634426229508197,1,1,0.314785373608903,1,1,1,1,0.326498422712934,0.31733746130031,1,0.998405103668262,0.321372854914197,0.304,1,0.42654028436019,0.663622526636225,0,0.32807570977918,0.666666666666667,1,0.3265625,1,0.998454404945904,1,0.315873015873016,0.323029366306028,0.325914149443561,1,1,1,0,1,0.312698412698413,0.971830985915493,0.330128205128205,0.305993690851735,0.737169517884914,1,1,1,1,1,0.0443037974683544,0.314606741573034,0.326219512195122,1,0.681470137825421,1,1,0.998405103668262,0.998452012383901,1,1,0.00313479623824451,0.304347826086957,1,0.312903225806452,1,0.312401883830455,1,1,1,1,1,0.323899371069182,1,0.526315789473684,0.324921135646688,0.329704510108865,0.314332247557003,0.318541996830428,0.325358851674641,0.416666666666667,0.331230283911672,0.318541996830428,0.313880126182965,1,0.318611987381703,1,0.678407350689127,0.313971742543171,0.300613496932515,0.332258064516129,1,1,1,0.246422893481717,0.313084112149533,1,0.3216,0.32824427480916,0.310789049919485,0.324409448818898,0.684952978056426,1,0.325,0.319935691318328,1,0.309294871794872,1,0.311728395061728,0.315541601255887,1,1,1,0.523659305993691,1,0.68370607028754,0.0830815709969789,0.3140625,1,1,0.0954616588419405,0.318037974683544,0.333876221498371,1,1,0.305246422893482,0.0221518987341772,0.00161290322580645,1,1,0.340490797546012,0.998439937597504,1,0.314641744548287,1,1,0.321316614420063,1,1,1,1,0.329652996845426,0.31570996978852,0.327332242225859,1,1,0.670826833073323,0.319488817891374,1,0.323170731707317,0.304075235109718,1,1,0.998435054773083,1,1,0.329113924050633,1,1,0.098705501618123,0.329652996845426,0.485714285714286,0.304625199362041,0.671428571428571,0.3171875,1,0.315619967793881,0.334928229665072,0.246467817896389,0.318818040435459,1,0.328746177370031,1,1,1,0.313195548489666,0.322932917316693,0.998425196850394,0.932258064516129,0.0631911532385466,1,0.316770186335404,0.323151125401929,0.310509554140127,1,0.333333333333333,0.453689167974882,0.32398753894081,0.307936507936508,0.319148936170213,0.305732484076433,1,0.324193548387097,1,1,0,1,0.3265625,1,1,1,0.333333333333333,1,0.322061191626409,1,0.840062111801242,1,1,1,0.319182389937107,1,1,0.313880126182965,0.316118935837246,1,1,0.314873417721519,0.174803149606299,1,0.998430141287284,1,0,0.312202852614897,1,0.312307692307692,0.2304,1,0.677672955974843,0.451162790697674,1,1,0.674174174174174,0.70429252782194,0.340189873417722,1,0.319870759289176,1,1,0.3344,1,0.998397435897436,0.00643086816720257,0.322683706070288,1,1,0.322061191626409,1,1,0.30952380952381,0.323899371069182,1,1,1,0.542503863987635,0.318110236220472,0.343402225755167,0.322727272727273,0.337559429477021,0.692185007974482,0.326053042121685,0.332810047095761,0.316535433070866,0.235478806907378,0.319422150882825,1,0.316436251920123,0.998402555910543,0.316535433070866,0.0816640986132511,0.0524691358024691,1,1,0.0375586854460094,1,0.679127725856698,0.0414673046251994,0.0110410094637224,1,0.682316118935837,1,1,0.5392,1,0,0.0703764320785597,1,1,1,0.326366559485531,0.648648648648649,0.692939244663383,0.993769470404984,1,0.980982567353407,0.304212168486739,0.3232,1,0.304487179487179,1,0.374800637958533,0.102893890675241,0.308544303797468,0.323574730354391,0.336106489184692,1,0.0754716981132075,1,1,1,0.248097412480974,0.3184,1,0.325396825396825,1,1,0.313572542901716,1,0.324200913242009,1,0.309148264984227,0.315955766192733,1,0.676328502415459,0.315548780487805,1,0.315705128205128,0.765822784810127,0.319571865443425,0.159126365054602,0.319875776397516,0.772151898734177,0.315112540192926,1,0.328025477707006,0.341085271317829,0.297213622291022,1,1,1,0.967585089141005,0.330618892508143,1,0.324717285945073,1,0.32741935483871,0.323029366306028,1,1,1,0.920886075949367,1,0.310344827586207,0.322327044025157,1,1,0.0461783439490446,0.082670906200318,1,1,0.313385826771654,1,1,0.307814992025518,1,1,0.676100628930818,0.519319938176198,1,0,1,1,0.0950920245398773,0.322378716744914,1,0.329093799682035,0.998410174880763,0.966666666666667,0.998422712933754,0.837461300309598,1,0.329032258064516,1,1,1,0,0.319354838709677,1,1,0.669291338582677,1,0.32753164556962,0.356357927786499,0.324451410658307,1,1,1,0.0832049306625578,0.323717948717949,0.0870279146141215,0.998407643312102,0.308166409861325,0.305426356589147,0.349529780564263,0,1,0.959375,1,1,0.319422150882825,0.305084745762712,0.152733118971061,0.04,0.321711568938193,0.307210031347962,0.327044025157233,0.00161030595813205,0.318110236220472,1,0,0.316279069767442,1,1,1,0.320987654320988,0.324031007751938,0.0385852090032154,1,0.314465408805031,0.309375,1,1,0.317034700315457,0.695581014729951,1,1,0.688188976377953,1,0.319508448540707,1,0.324960753532182,0.5171875,0.666151468315301,0.412746585735964,1,0.297507788161994,0.315457413249211,0.679304897314376,0.664086687306502,1,0.323943661971831,1,0.321428571428571,1,0.315955766192733,0.311111111111111,0.364649681528662,0.517774343122102,0.317891373801917,0.301765650080257,0.661341853035144,0.323854660347551,0.140752864157119,1,0,1,0.296296296296296,1,0,0.323854660347551,0.323151125401929,1,0.0587349397590361,1,0.0810810810810811,0.33868378812199,1,0.0649762282091918,0.668231611893584,1,1,1,0.32569558101473,0.0388802488335925,1,0.434920634920635,0.0958466453674121,0.356918238993711,0.322378716744914,0.324116743471582,1,1,1,1,1,0.0675883256528418,0.995356037151703,0.68125,0.00303951367781155,0.322884012539185,1,1,1,1,0.0855784469096672,0.309707241910632,1,1,1,1,1,1,0.476263399693721,0.0016,1,0.0873634945397816,0.322222222222222,0.421135646687697,1,0.399361022364217,0.313311688311688,0.310618066561014,1,0.0406885758998435,0.330218068535826,1,1,0.377022653721683,0.312893081761006,0.303514376996805,0.319554848966614,0.998444790046656,0.325878594249201,0.323296354992076,0.41786283891547,0.325914149443561,0.967492260061919,0.314814814814815,0.0826580226904376,0.326530612244898,0,1,0.092948717948718,0.303370786516854,0.321711568938193,0.313099041533546,1,1,1,1,1,1,0.334935897435897,1,0.327044025157233,0.316912972085386,0.598449612403101,0.671474358974359,1,1,0,0.315384615384615,0.111635220125786,0.998473282442748,0.0345911949685535,1,1,0.324921135646688,1,1,0.619718309859155,0.423701298701299,0.995468277945619,0.0779220779220779,0.0907643312101911,1,1,1,0.0868878357030016,0,0.31924882629108,0.423380726698262,0.32,0,0.330645161290323,0.0818619582664527,1,1,0.324031007751938,0.322932917316693,0.234645669291339,0.332794830371567,0.312989045383412,0.321483771251932,1,1,0.328050713153724,1,0,1,0.215654952076677,1,0.672985781990521,1,0.32120253164557,0.306962025316456,0.0755905511811024,0.673813169984686,1,1,0.7921875,0.892915980230643,0.323763955342903,0.317891373801917,1,0.320695102685624,0.248427672955975,0.320574162679426,1,0.101721439749609,1,1,0.323809523809524,0.681089743589744,0.309904153354633,1,1,0.30503144654088,0.3072,0.319083969465649,0.860576923076923,0.317741935483871,1,0.0532915360501567,1,1,0.69170579029734,0.638535031847134,0.318936877076412,0.055379746835443,0.325281803542673,1,1,0.311004784688995,0.328571428571429,0.61128526645768,1,0.312307692307692,0.375193798449612,0.307086614173228,0.984276729559748,0.457463884430177,0.0046875,0.305164319248826,0.319938176197836,0.323151125401929,0.315789473684211,0.31832298136646,0.970633693972179,1,0.315217391304348,0.533661740558292,0.68130081300813,0.224615384615385,0.691803278688525,1,0.324451410658307,0.00160513643659711,0.326018808777429,0.314728682170543,0.365203761755486,0.3216,0,0.338028169014085,0.320063694267516,0.327476038338658,0.312101910828025
"417",0.307692307692308,0.321144674085851,0.3203125,0.330645161290323,0.315372424722662,0.311004784688995,0.00980392156862745,0.32626427406199,0.315873015873016,0.565789473684211,0.32182103610675,0.642526964560863,0.517405063291139,0.329093799682035,1,1,0.6234375,0,0.328990228013029,0.308917197452229,1,1,0.330670926517572,0.517350157728707,0.311526479750779,1,1,0.340356564019449,0.309707241910632,0.536065573770492,1,0.603149606299213,0.37245696400626,0.996810207336523,0.66504854368932,0.319078947368421,0.140127388535032,0.327044025157233,1,0.305900621118012,0.00161290322580645,0,0,0.335473515248796,0.318840579710145,1,0.995260663507109,1,1,1,0.684952978056426,0.327390599675851,1,0.328571428571429,0.311216429699842,0.828525641025641,0.113085621970921,0.317817014446228,0.325581395348837,0.319935691318328,0.995283018867924,1,1,0.0048,0.310965630114566,0.322834645669291,0.650238473767886,0.3264,0.605828220858896,1,0.32182103610675,1,1,0.282178217821782,0.155448717948718,0.327639751552795,1,0.99375,0.317757009345794,1,0.60495867768595,1,1,0.335987261146497,1,0.323574730354391,0.326332794830372,0.331738437001595,0.320512820512821,0,0.325806451612903,0.325153374233129,0.683042789223455,0.574132492113565,0.312,0.637770897832817,0.67981072555205,0.320695102685624,0.127035830618893,0,0.318979266347687,0.615508885298869,1,0.321428571428571,1,0.313694267515924,0,0.323763955342903,1,1,1,0.308917197452229,0.996825396825397,0.332805071315372,0.204334365325077,0.31733746130031,1,0.379905808477237,1,1,0.199362041467305,0.32120253164557,1,1,0.339593114241002,1,0.320493066255778,0.323619631901841,0.363779527559055,0.7673343605547,0.324058919803601,1,0.331723027375201,0.630602782071097,0.331723027375201,1,0,1,0.374193548387097,0.893548387096774,0.575806451612903,0.585209003215434,0.32,0.327302631578947,1,0.312401883830455,1,0.306089743589744,0.5109375,0.329230769230769,1,0.313694267515924,0.319148936170213,0.328025477707006,0.332278481012658,1,0.311320754716981,1,0.444794952681388,0.327044025157233,1,0.324574961360124,1,0.593301435406699,0.326765188834154,1,0.319047619047619,0.306836248012719,0.334913112164297,0.987480438184664,0.331189710610932,1,0.32258064516129,1,0.314845024469821,1,0.588976377952756,0.299843014128728,0.0354838709677419,0.308319738988581,0.313971742543171,1,0.306836248012719,0.3264,0.326086956521739,0.338632750397456,1,1,0.332784184514003,0.332802547770701,1,1,0.321711568938193,0.246467817896389,0.0213089802130898,0.6896,1,0.00158730158730159,0.318181818181818,1,0.326892109500805,0.314241486068111,0.312302839116719,0.998415213946117,1,1,0.338461538461538,0.320325203252033,0.32120253164557,0.678972712680578,0.312,1,0.344051446945338,1,1,0.445324881141046,0.321543408360129,0.32120253164557,0.328616352201258,0.307692307692308,0.317589576547231,0.631160572337043,1,1,0.314641744548287,0.0031201248049922,0.334370139968896,0.320493066255778,0.325949367088608,0.314285714285714,0.3056,0.320552147239264,0.696969696969697,0.36875,0.309033280507132,1,0.321711568938193,1,0.317965023847377,0.310289389067524,0.313694267515924,0.337152209492635,0.317589576547231,1,0.327014218009479,0.797488226059655,1,1,0.998402555910543,1,1,0.898360655737705,1,1,1,0.325471698113208,1,0.324503311258278,0,1,0.378335949764521,1,0.325842696629214,0.323763955342903,0.315873015873016,0.416531604538088,1,0.330733229329173,1,1,1,1,0,0.315533980582524,1,1,0.321766561514196,1,0.322981366459627,1,1,0.314102564102564,0.328455284552846,0.309148264984227,0.150470219435737,0.333863275039746,0,0.58868501529052,1,0.329211746522411,0.319554848966614,0.574803149606299,1,1,0.331136738056013,0.3296,1,0.653907496012759,0.696969696969697,0.308064516129032,0.32300163132137,0.995363214837713,0.32,0.302795031055901,1,0.320754716981132,0.306976744186047,1,0.314785373608903,0.325984251968504,0.315955766192733,0.324921135646688,1,1,1,0.311501597444089,0.328025477707006,0.00775193798449612,0.992050874403816,0.330097087378641,1,1,0.312401883830455,0.332814930015552,0.31496062992126,0.321086261980831,0.318252730109204,1,0.312599681020734,0.314285714285714,0.568403908794788,1,0.837881219903692,1,0,1,0.327639751552795,1,1,0.41875,0.998442367601246,0.327503974562798,1,0.306709265175719,0.3072,0.317683881064163,1,1,0.3234375,0.39344262295082,0.601286173633441,0.302100161550889,1,1,1,0.322632423756019,1,0.203442879499218,1,1,1,1,0.326625386996904,1,0.32183908045977,0.338164251207729,0.679936305732484,0.308186195826645,1,0.322784810126582,0.325949367088608,0.320325203252033,1,0.308176100628931,1,0.32312404287902,0.493670886075949,0.323296354992076,0.329011345218801,0.30829420970266,1,0.317741935483871,0.311004784688995,1,1,0.324960753532182,0.309904153354633,1,0.479559748427673,0.326298701298701,0.329652996845426,0.333860759493671,0.669278996865204,1,0.301666666666667,1,0.4256,0.315533980582524,0,0.885271317829457,0.31810766721044,0.313291139240506,0,0.0292758089368259,0.982286634460548,0.31687898089172,1,0.320754716981132,0.320325203252033,1,0.32807570977918,0.3248,0.658653846153846,1,0.322734499205087,0.322061191626409,1,0.31619937694704,0.305691056910569,1,0.333863275039746,0.315873015873016,0.318037974683544,0.331738437001595,0.8046875,1,0.984101748807631,1,1,0,1,0.993730407523511,1,0.426751592356688,0.9967585089141,0.308056872037915,0.993817619783617,0.333863275039746,0.995268138801262,0.603395061728395,0.630914826498423,0.319875776397516,0.317757009345794,0.638668779714738,0.313114754098361,0,0.625978090766823,0.677830940988836,0.321316614420063,0,0.313385826771654,0.316535433070866,0.777059773828756,0.32753164556962,0.687106918238994,0.594771241830065,0.325396825396825,0.319182389937107,0.295238095238095,1,0.0290964777947933,0,0.326498422712934,0.327447833065811,0.3328125,1,0.337579617834395,0.324881141045959,1,0.306122448979592,0.938582677165354,0.570274636510501,1,1,0.993150684931507,0.322378716744914,0.601226993865031,0.320610687022901,0.317880794701987,0.313195548489666,0.420731707317073,1,0.321543408360129,1,0.324237560192616,0.318840579710145,1,0.3216,1,0.326923076923077,1,1,0.320695102685624,0,1,0.335413416536661,1,0.573667711598746,1,0.507861635220126,1,0.565977742448331,1,0.32396694214876,1,1,1,0.314873417721519,0.319604612850082,0.321538461538462,0.355960264900662,0.325657894736842,0.306962025316456,1,0.324193548387097,1,1,0.328050713153724,0.321656050955414,0.313178294573643,0.39652448657188,0.329652996845426,1,1,0.32967032967033,0.328525641025641,0.624798711755233,0.586816720257235,0.322222222222222,0.320967741935484,1,0.318181818181818,0.327692307692308,0.995192307692308,0.306291390728477,0.3168,0,0.133748055987558,0.323151125401929,0.676425269645609,0.317230273752013,0.317610062893082,0.5953125,0.998387096774194,0.317152103559871,1,0.324367088607595,0.346031746031746,0.319422150882825,0.477093206951027,0.322734499205087,1,0.323899371069182,0.325769854132901,0.330645161290323,0.677519379844961,1,0.330112721417069,0.32182103610675,0,0.325471698113208,0.998410174880763,0.955766192733017,1,0.326465927099842,0.319182389937107,0.314102564102564,0.580495356037152,1,0.58252427184466,0.335987261146497,1,1,0.970125786163522,0.677884615384615,0.33652312599681,0.364928909952607,0.321316614420063,0.321875,1,1,0.511111111111111,0.633173843700159,1,1,0.998447204968944,0.688925081433225,1,0.327613104524181,0.679748822605965,1,0.322784810126582,0.318681318681319,0.324881141045959,0.996840442338073,1,0.637271214642263,0.325281803542673,1,1,0.32753164556962,0.314465408805031,0.998407643312102,0,0.313915857605178,0.309791332263242,0.00638977635782748,0.315541601255887,1,0.308441558441558,1,0.146417445482866,0,0.908668730650155,0.338072669826224,1,1,0,0,0.322632423756019,1,0.318555008210181,0.998461538461539,0.304975922953451,1,1,0.965023847376789,0.787638668779715,1,1,0.00634920634920635,1,0.515447154471545,0.330097087378641,0.671383647798742,0.332273449920509,1,0.308186195826645,0.670866141732283,1,1,0.31869918699187,0.609230769230769,0.332268370607029,0.584415584415584,0.975845410628019,0.330128205128205,0.603503184713376,0.012779552715655,0.31378763866878,0.319685039370079,0.318252730109204,1,0.636363636363636,0.31201248049922,0.890995260663507,0.588424437299035,0.970542635658915,1,1,0.3140625,0.339373970345964,0.317073170731707,0.315873015873016,0.32120253164557,0.61171032357473,0.3125,0,0.666666666666667,0.998422712933754,0.330173775671406,0.309409888357257,0.317073170731707,0.327613104524181,0.603149606299213,1,0.335925349922239,0.338141025641026,0.334426229508197,0.321711568938193,0.319047619047619,0.321027287319422,0.192955589586524,0.683788121990369,0.319488817891374,0.599071207430341,1,0.241706161137441,0.325242718446602,0.927066450567261,1,1,0.312202852614897,0.631083202511774,1,0.319875776397516,0.3056,0.960127591706539,1,1,0.998412698412698,0.325508607198748,1,1,0.901929260450161,1,0.354587869362364,1,0.58974358974359,1,0.675883256528418,0.3088,0.603531300160514,1,1,0.993579454253612,0.328616352201258,0.322378716744914,0.325041459369818,0.331768388106416,0.326923076923077,0.333878887070376,0.983974358974359,0.31875,1,1,0.727131782945736,0,0.318181818181818,0.322274881516588,0.67246835443038,1,0.567783094098884,0.325190839694657,0.642512077294686,0.312698412698413,0.31869918699187,1,0.321486268174475,0.312913907284768,0.69551282051282,0.909385113268608,0.324773413897281,0.590982286634461,0.574433656957929,0.32753164556962,0.330645161290323,0.309148264984227,0.590614886731392,0.679304897314376,1,0.898089171974522,1,0.665109034267913,0.996805111821086,0.586538461538462,0.317307692307692,0.32475884244373,1,1,0.434146341463415,0.993453355155483,0.996810207336523,1,0.3152,0.321428571428571,1,0.315467075038285,0.679748822605965,0.336553945249597,0.464630225080386,0.306581059390048,0,0.313971742543171,1,1,0.592356687898089,0,0.32753164556962,0.324324324324324,0.102848101265823,0.410214168039539,1,1,0.314873417721519,1,0.403174603174603,1,0.329192546583851,0.580847723704867,0.324960753532182,0.319218241042345,1,0,1,0.314516129032258,0.320450885668277,1,1,1,0.436893203883495,1,0.3216,0.614664586583463,0.331210191082803,0.332786885245902,0,0.0442338072669826,1,0.62085308056872,1,0.330128205128205,0.331168831168831,1,1,0.15615141955836,0.32398753894081,1,0.898148148148148,1,0.328660436137072,0.198717948717949,0.672386895475819,1,1,1,1,1,0.295774647887324,0.301435406698565,1,0.115702479338843,0,0.437699680511182,0,0.332278481012658,1,0.667726550079491,1,1,0.893987341772152,1,0.671406003159558,1,1,1,1
"418",1,1,1,1,1,1,0.7125,1,1,0.0936507936507937,1,0.0474006116207951,0.81377151799687,1,0.307692307692308,0.301538461538462,0.058641975308642,0.689873417721519,1,1,0.284603421461897,0.302547770700637,1,0.163076923076923,1,0.311248073959938,0.307692307692308,1,1,0.778649921507064,0.297380585516179,0.723765432098765,0.959938366718028,0.313084112149533,0,1,0.540958268933539,1,0.296240601503759,1,0.6734375,0.687306501547988,0.697428139183056,1,1,0.314285714285714,0.311424100156495,0.299382716049383,0.313546423135464,0.32,0,1,0.303215926493109,1,1,0.484520123839009,0.570093457943925,1,1,1,0.327718223583461,0.313755795981453,0.309375,0.689814814814815,1,1,0.0361067503924647,1,0.0542168674698795,0.313846153846154,1,0.31875,0.318471337579618,0.965079365079365,0.515197568389058,1,0.307926829268293,0.329323308270677,1,0.30503144654088,0.0826580226904376,0.315457413249211,0.316118935837246,1,0.328220858895706,1,1,1,1,0.707055214723926,1,1,0.00151745068285281,0.101515151515152,1,0.0455235204855842,0,1,0.573051948051948,0.684044233807267,1,0.0485133020344288,0.302325581395349,1,0.310452418096724,1,0.691950464396285,1,0.3140625,0.316923076923077,0.309923664122137,1,0.313755795981453,1,0.495412844036697,1,0.30781010719755,0.312210200927357,0.317293233082707,0.309006211180124,0.498461538461538,0.998456790123457,0.313455657492355,0.306122448979592,1,0.300462249614792,1,1,0.335403726708075,0.53857791225416,1,0.312893081761006,1,0.0424242424242424,1,0.306990881458967,0.68558282208589,0.328660436137072,0.934375,0.424483306836248,0.0979782270606532,0.0919003115264797,1,1,0.324451410658307,1,0.316890881913303,1,0.802431610942249,1,0.314785373608903,1,1,1,1,0.319685039370079,1,0.308661417322835,0.259938837920489,1,0.310872894333844,1,0.297380585516179,0.0808709175738725,1,0.308176100628931,1,1,1,0.329819277108434,1,0.320813771517997,1,0.302795031055901,1,0.30188679245283,0.0702290076335878,1,0.646031746031746,1,1,0.307570977917981,1,1,1,1,0.314152410575428,0.299392097264438,1,0.998449612403101,0.314759036144578,0.302884615384615,1,0.451713395638629,0.67218045112782,0,0.311728395061728,0.680916030534351,1,0.314900153609831,1,0.998500749625187,1,0.315467075038285,0.312024353120244,0.320063694267516,1,1,1,0,1,0.297971918876755,0.9734375,0.314152410575428,0.307210031347962,0.75808936825886,1,1,1,1,1,0.046801872074883,0.312989045383412,0.318952234206472,1,0.683641975308642,1,1,0.998454404945904,0.998463901689708,1,1,0.00462962962962963,0.327743902439024,1,0.30298273155416,1,0.296923076923077,1,1,1,1,1,0.313935681470138,1,0.501557632398754,0.324574961360124,0.315548780487805,0.301587301587302,0.316118935837246,0.326498422712934,0.408517350157729,0.321538461538462,0.310077519379845,0.305810397553517,1,0.314465408805031,1,0.692901234567901,0.306501547987616,0.321212121212121,0.326018808777429,1,1,1,0.27244094488189,0.30030959752322,1,0.307453416149068,0.322239031770045,0.312597200622084,0.312307692307692,0.686064318529862,1,0.314984709480122,0.305246422893482,1,0.293929712460064,1,0.305007587253414,0.302795031055901,1,1,1,0.54320987654321,1,0.695517774343122,0.0784023668639053,0.315707620528771,1,1,0.0946564885496183,0.314503816793893,0.320695102685624,1,1,0.301857585139319,0.021978021978022,0.00312989045383412,1,1,0.327743902439024,1,1,0.301223241590214,1,1,0.30781010719755,1,1,1,1,0.31937984496124,0.303353658536585,0.322169059011164,1,1,0.680365296803653,0.305772230889236,1,0.311077389984825,0.298600311041991,1,1,0.998473282442748,1,1,0.317411402157165,1,1,0.108864696734059,0.319938176197836,0.490712074303406,0.298904538341158,0.672413793103448,0.312404287901991,1,0.303599374021909,0.3234375,0.266975308641975,0.312688821752266,1,0.321804511278195,1,1,1,0.304897314375987,0.31441717791411,0.998461538461539,0.934294871794872,0.0603174603174603,1,0.304012345679012,0.3125,0.310077519379845,1,0.319571865443425,0.480857580398162,0.315789473684211,0.303076923076923,0.30622009569378,0.307692307692308,1,0.31974921630094,1,1,0,1,0.31201248049922,1,1,1,0.322884012539185,1,0.300157977883096,1,0.829192546583851,1,1,1,0.303076923076923,1,1,0.304615384615385,0.308777429467085,1,1,0.301538461538462,0.189473684210526,1,0.998449612403101,1,0,0.309859154929577,1,0.307219662058372,0.250391236306729,1,0.677519379844961,0.424242424242424,1,1,0.688330871491876,0.712307692307692,0.341653666146646,1,0.307931570762053,1,1,0.325434439178515,1,0.998442367601246,0.00783699059561128,0.325581395348837,1,1,0.31619937694704,1,1,0.30298273155416,0.342424242424242,1,1,1,0.519938650306748,0.308527131782946,0.341653666146646,0.306766917293233,0.31859756097561,0.700934579439252,0.318952234206472,0.319938176197836,0.305084745762712,0.247678018575851,0.3125,1,0.316109422492401,0.9984375,0.309230769230769,0.0794602698650675,0.0493827160493827,1,1,0.0398162327718224,1,0.692660550458716,0.0419254658385093,0.0109204368174727,1,0.692789968652038,1,1,0.539184952978056,1,0,0.0681458003169572,1,1,1,0.31496062992126,0.655274888558692,0.697749196141479,0.993911719939117,1,0.981481481481482,0.301538461538462,0.345794392523364,1,0.289514866979656,1,0.365740740740741,0.105180533751962,0.310606060606061,0.308270676691729,0.328382838283828,1,0.0744186046511628,1,1,1,0.257621951219512,0.311912225705329,1,0.309968847352025,1,1,0.306278713629403,1,0.315946348733234,1,0.310291858678955,0.310725552050473,1,0.688087774294671,0.307228915662651,1,0.300940438871473,0.753105590062112,0.311550151975684,0.160246533127889,0.308270676691729,0.76625386996904,0.309636650868878,1,0.316279069767442,0.32572298325723,0.285932721712538,1,1,1,0.967948717948718,0.351132686084142,1,0.321027287319422,1,0.308306709265176,0.310606060606061,1,1,1,0.919504643962848,1,0.301223241590214,0.308980213089802,1,1,0.0457413249211356,0.0713178294573643,1,1,0.292332268370607,1,1,0.310077519379845,1,1,0.691603053435115,0.535768645357686,1,0,1,1,0.0965309200603318,0.31733746130031,1,0.316037735849057,0.998422712933754,0.964396284829721,0.998439937597504,0.818320610687023,1,0.321086261980831,1,1,1,0,0.303656597774245,1,1,0.681114551083591,1,0.310077519379845,0.349618320610687,0.312307692307692,1,1,1,0.0886850152905199,0.31496062992126,0.0839936608557845,0.998459167950693,0.303353658536585,0.301684532924962,0.347626339969372,0,1,0.957746478873239,1,1,0.322327044025157,0.290273556231003,0.162717219589258,0.0436817472698908,0.3125,0.306027820710974,0.309559939301973,0.0015625,0.30757341576507,1,0,0.311649016641452,1,1,1,0.308282208588957,0.311349693251534,0.0350877192982456,1,0.307339449541284,0.301204819277108,1,1,0.313271604938272,0.702922077922078,1,1,0.701095461658842,1,0.294385432473445,1,0.306027820710974,0.542813455657492,0.677224736048265,0.398190045248869,1,0.293939393939394,0.313846153846154,0.690880989180835,0.672256097560976,1,0.310185185185185,1,0.321907600596125,1,0.315301391035549,0.299524564183835,0.346094946401225,0.513975155279503,0.310236220472441,0.299843014128728,0.670788253477589,0.308166409861325,0.14170692431562,1,0,1,0.28414442700157,1,0,0.307453416149068,0.306376360808709,1,0.0553064275037369,1,0.08125,0.333333333333333,1,0.0601851851851852,0.67601246105919,1,1,1,0.308186195826645,0.0408472012102874,1,0.417701863354037,0.0900473933649289,0.346268656716418,0.311349693251534,0.317073170731707,1,1,1,1,1,0.0591805766312595,0.996951219512195,0.699846860643185,0.00446428571428571,0.316118935837246,1,1,1,1,0.083969465648855,0.307575757575758,1,1,1,1,1,1,0.496996996996997,0.0015552099533437,1,0.0790273556231003,0.310077519379845,0.451863354037267,1,0.3888,0.304838709677419,0.306027820710974,1,0.0417310664605873,0.313755795981453,1,1,0.366826156299841,0.30568356374808,0.302147239263804,0.310289389067524,0.998466257668712,0.314785373608903,0.312307692307692,0.405320813771518,0.308411214953271,0.972727272727273,0.307121661721068,0.0793650793650794,0.313755795981453,0,1,0.0854430379746835,0.310077519379845,0.316770186335404,0.313664596273292,1,1,1,1,1,1,0.324451410658307,1,0.311424100156495,0.313014827018122,0.604580152671756,0.686708860759494,1,1,0,0.305970149253731,0.122137404580153,0.998500749625187,0.0373250388802488,1,1,0.307219662058372,1,1,0.635093167701863,0.409235668789809,0.997071742313324,0.0763116057233704,0.0966719492868463,1,1,1,0.0854037267080745,0,0.308755760368664,0.408385093167702,0.306060606060606,0,0.327503974562798,0.0818897637795276,1,1,0.311450381679389,0.310077519379845,0.24922600619195,0.33015873015873,0.310502283105023,0.315789473684211,1,1,0.322327044025157,1,0,1,0.226917057902973,1,0.689863842662632,1,0.30564263322884,0.294212218649518,0.0689127105666156,0.688650306748466,1,1,0.801242236024845,0.888529886914378,0.310452418096724,0.31839258114374,1,0.317829457364341,0.2625,0.306477093206951,1,0.0992248062015504,1,1,0.314152410575428,0.682615629984051,0.294770206022187,1,1,0.301829268292683,0.299847792998478,0.310344827586207,0.845425867507886,0.311349693251534,1,0.0519083969465649,1,1,0.705426356589147,0.660493827160494,0.318979266347687,0.0544323483670296,0.318885448916409,1,1,0.301242236024845,0.32398753894081,0.620795107033639,1,0.306525037936267,0.361280487804878,0.304281345565749,0.984848484848485,0.483670295489891,0.00462249614791988,0.288786482334869,0.315315315315315,0.319314641744548,0.315873015873016,0.316666666666667,0.973886328725038,1,0.310185185185185,0.552380952380952,0.687697160883281,0.235023041474654,0.688816855753647,1,0.314814814814815,0.00155763239875389,0.31733746130031,0.302936630602782,0.354489164086687,0.316358024691358,0,0.327666151468315,0.3109375,0.317262830482115,0.313364055299539
"419",1,1,1,1,1,1,0.723228995057661,1,1,0.0953947368421053,1,0.0467741935483871,0.821138211382114,1,0.310064935064935,0.288854003139717,0.0705128205128205,0.696517412935323,1,1,0.27724358974359,0.301948051948052,1,0.14975845410628,1,0.317817014446228,0.30327868852459,1,1,0.801963993453355,0.288244766505636,0.736245954692557,0.96998420221169,0.3,0,1,0.545741324921136,1,0.293023255813953,1,0.672638436482085,0.6912,0.700787401574803,1,1,0.304918032786885,0.300970873786408,0.297939778129952,0.3104,0.310832025117739,0,1,0.300157977883096,1,1,0.505728314238953,0.572815533980582,1,1,1,0.318681318681319,0.302100161550889,0.309061488673139,0.695439739413681,1,1,0.040453074433657,1,0.0617088607594937,0.310236220472441,1,0.306451612903226,0.307438016528926,0.965403624382208,0.520440251572327,1,0.295886075949367,0.323899371069182,1,0.306425041186161,0.0831946755407654,0.312599681020734,0.31637519872814,1,0.319935691318328,1,1,1,1,0.704838709677419,1,1,0.00158982511923688,0.103286384976526,1,0.0482115085536547,0,1,0.570247933884298,0.692058346839546,1,0.0571895424836601,0.297124600638978,1,0.303858520900322,1,0.691082802547771,1,0.304838709677419,0.307814992025518,0.307448494453249,1,0.315533980582524,1,0.492913385826772,1,0.3024,0.290679304897314,0.306027820710974,0.304065040650407,0.479806138933764,0.998422712933754,0.307086614173228,0.302631578947368,1,0.286392405063291,1,1,0.32753164556962,0.540540540540541,1,0.306451612903226,1,0.0467289719626168,1,0.29874213836478,0.683544303797468,0.31924882629108,0.928,0.427860696517413,0.100486223662885,0.0971337579617834,1,1,0.324324324324324,1,0.30564263322884,1,0.818471337579618,1,0.310743801652893,1,1,1,1,0.317589576547231,1,0.310789049919485,0.25625,1,0.304416403785489,1,0.285024154589372,0.0881410256410256,1,0.300324675324675,1,1,1,0.332810047095761,1,0.318255250403877,1,0.30016051364366,1,0.31219512195122,0.0794912559618442,1,0.645973154362416,1,1,0.303630363036304,1,1,1,1,0.311793214862682,0.29570747217806,1,0.998373983739837,0.304140127388535,0.294407894736842,1,0.448330683624801,0.673846153846154,0,0.305863708399366,0.683870967741935,1,0.310126582278481,1,0.998422712933754,1,0.303571428571429,0.309968847352025,0.317666126418152,1,1,1,0,1,0.293548387096774,0.972843450479233,0.305732484076433,0.289855072463768,0.746056782334385,1,1,1,1,1,0.0443037974683544,0.304487179487179,0.304625199362041,1,0.694620253164557,1,1,0.998397435897436,0.998371335504886,1,1,0.00478468899521531,0.313291139240506,1,0.304777594728171,1,0.294025157232704,1,1,1,1,1,0.314238952536825,1,0.510569105691057,0.313628899835796,0.312796208530806,0.304700162074554,0.308186195826645,0.319286871961102,0.402960526315789,0.307448494453249,0.304625199362041,0.303514376996805,1,0.308064516129032,1,0.699523052464229,0.303715670436187,0.315789473684211,0.312,1,1,1,0.26418152350081,0.300632911392405,1,0.308196721311475,0.313084112149533,0.300476947535771,0.301109350237718,0.698541329011345,1,0.309148264984227,0.299837925445705,1,0.292407108239095,1,0.299524564183835,0.299352750809061,1,1,1,0.539074960127592,1,0.695024077046549,0.0808709175738725,0.312803889789303,1,1,0.0930599369085174,0.309904153354633,0.307568438003221,1,1,0.286624203821656,0.0274636510500808,0.0033167495854063,1,1,0.322734499205087,0.998407643312102,1,0.306477093206951,1,1,0.311216429699842,1,1,1,1,0.312703583061889,0.29375,0.311183144246353,1,1,0.688995215311005,0.305555555555556,1,0.310126582278481,0.29153605015674,1,1,0.998405103668262,1,1,0.312903225806452,1,1,0.104404567699837,0.322784810126582,0.485483870967742,0.294975688816856,0.677993527508091,0.306477093206951,1,0.3,0.311708860759494,0.256329113924051,0.308892355694228,1,0.312401883830455,1,1,1,0.298531810766721,0.305863708399366,0.998412698412698,0.925619834710744,0.0690208667736758,1,0.303937007874016,0.309294871794872,0.295751633986928,1,0.32018927444795,0.473515248796148,0.304140127388535,0.297124600638978,0.303776683087028,0.298217179902755,1,0.305057096247961,1,1,0,1,0.318032786885246,1,1,1,0.310289389067524,1,0.300653594771242,1,0.849683544303797,1,1,1,0.307324840764331,1,1,0.290529695024077,0.304838709677419,1,1,0.2992,0.186119873817035,1,0.998430141287284,1,0,0.298531810766721,1,0.30048465266559,0.244372990353698,1,0.687301587301587,0.4234375,1,1,0.686821705426357,0.713826366559486,0.340288924558588,1,0.29951690821256,1,1,0.316129032258064,1,0.998384491114701,0.00816993464052288,0.311501597444089,1,1,0.305691056910569,1,1,0.2944,0.323343848580442,1,1,1,0.527821939586645,0.300955414012739,0.3248,0.303405572755418,0.319935691318328,0.703764320785597,0.312202852614897,0.315705128205128,0.307086614173228,0.24,0.310789049919485,1,0.308426073131955,0.998387096774194,0.311501597444089,0.0794392523364486,0.0544323483670296,1,1,0.0398089171974522,1,0.696062992125984,0.0464,0.0114566284779051,1,0.693181818181818,1,1,0.535369774919614,1,0,0.0776859504132231,1,1,1,0.310177705977383,0.660606060606061,0.70327868852459,0.993660855784469,1,0.984076433121019,0.299363057324841,0.332258064516129,1,0.287319422150883,1,0.364227642276423,0.10327868852459,0.289855072463768,0.311248073959938,0.32590051457976,1,0.0760697305863708,1,1,1,0.254716981132075,0.314935064935065,1,0.310177705977383,1,1,0.302066772655008,1,0.306501547987616,1,0.300319488817891,0.313504823151125,1,0.691680261011419,0.299065420560748,1,0.294599018003273,0.770833333333333,0.299212598425197,0.155802861685215,0.300940438871473,0.77207062600321,0.301948051948052,1,0.313504823151125,0.328,0.282747603833866,1,1,1,0.968698517298188,0.338842975206612,1,0.307438016528926,1,0.301003344481605,0.314375987361769,1,1,1,0.922953451043339,1,0.299843014128728,0.310509554140127,1,1,0.0491803278688525,0.0774193548387097,1,1,0.292962356792144,1,1,0.301794453507341,1,1,0.697749196141479,0.543720190779014,1,0,1,1,0.0981308411214953,0.311111111111111,1,0.311004784688995,0.99836867862969,0.965909090909091,0.998410174880763,0.825878594249201,1,0.313531353135314,1,1,1,0,0.31,1,1,0.68,1,0.3072,0.354632587859425,0.305732484076433,1,1,1,0.088646967340591,0.306581059390048,0.085427135678392,0.998371335504886,0.299373040752351,0.289968652037618,0.348171701112878,0,1,0.956937799043062,1,1,0.312297734627832,0.293023255813953,0.154975530179445,0.0392156862745098,0.305958132045089,0.310897435897436,0.312597200622084,0.00162337662337662,0.303030303030303,1,0,0.312202852614897,1,1,1,0.297939778129952,0.306853582554517,0.0364842454394693,1,0.303370786516854,0.289389067524116,1,1,0.306581059390048,0.697520661157025,1,1,0.710097719869707,1,0.297297297297297,1,0.30952380952381,0.529695024077046,0.687010954616588,0.389324960753532,1,0.283255086071987,0.300955414012739,0.696629213483146,0.679873217115689,1,0.313195548489666,1,0.307332293291732,1,0.2944,0.302134646962233,0.343499197431782,0.519872813990461,0.302439024390244,0.294308943089431,0.676848874598071,0.309791332263242,0.144278606965174,1,0,1,0.282467532467532,1,0,0.316045380875203,0.300970873786408,1,0.0609756097560976,1,0.0841423948220065,0.323577235772358,1,0.0707395498392283,0.676375404530744,1,1,1,0.298831385642738,0.040625,1,0.421138211382114,0.0967213114754098,0.343898573692552,0.312599681020734,0.319047619047619,1,1,1,1,1,0.0686427457098284,0.995253164556962,0.701754385964912,0.00461538461538462,0.313195548489666,1,1,1,1,0.087378640776699,0.300632911392405,1,1,1,1,1,1,0.490506329113924,0.00162074554294976,1,0.0887480190174326,0.309904153354633,0.43581616481775,1,0.390879478827362,0.303839732888147,0.306477093206951,1,0.045016077170418,0.307570977917981,1,1,0.369885433715221,0.296774193548387,0.296178343949045,0.307438016528926,0.998407643312102,0.315960912052117,0.314606741573034,0.401626016260163,0.314424635332253,0.97275641025641,0.30298273155416,0.0816993464052288,0.311216429699842,0,1,0.0909090909090909,0.296416938110749,0.3088,0.302100161550889,1,1,1,1,1,1,0.320907617504052,1,0.306451612903226,0.305743243243243,0.593700787401575,0.694444444444444,1,1,0,0.3046875,0.104333868378812,0.998447204968944,0.036741214057508,1,1,0.300653594771242,1,1,0.612377850162866,0.40625,0.995334370139969,0.0766721044045677,0.097444089456869,1,1,1,0.0837359098228663,0,0.30503144654088,0.418940609951846,0.307098765432099,0,0.315270935960591,0.0845771144278607,1,1,0.307086614173228,0.307692307692308,0.2368,0.326765188834154,0.308176100628931,0.307073954983923,1,1,0.320325203252033,1,0,1,0.21669341894061,1,0.688102893890675,1,0.296950240770466,0.294892915980231,0.0777777777777778,0.690363349131122,1,1,0.791190864600326,0.896494156928214,0.304560260586319,0.31023102310231,1,0.305246422893482,0.252836304700162,0.305418719211823,1,0.10031847133758,1,1,0.305732484076433,0.687702265372168,0.286644951140065,1,1,0.289348171701113,0.293650793650794,0.304416403785489,0.855048859934853,0.30327868852459,1,0.0605095541401274,1,1,0.705696202531646,0.656957928802589,0.312396694214876,0.0606060606060606,0.308562197092084,1,1,0.298217179902755,0.312602291325696,0.623397435897436,1,0.296583850931677,0.359177215189873,0.29951690821256,0.987361769352291,0.473515248796148,0.00317965023847377,0.298107255520505,0.308641975308642,0.320261437908497,0.301980198019802,0.30077519379845,0.970125786163522,1,0.304700162074554,0.566225165562914,0.690553745928339,0.240126382306477,0.697520661157025,1,0.308056872037915,0.0032,0.305732484076433,0.3088,0.354889589905363,0.30718954248366,0,0.324717285945073,0.306188925081433,0.310679611650485,0.302884615384615
"420",0.295055821371611,0.305958132045089,0.303937007874016,0.324193548387097,0.29874213836478,0.296,0.00972447325769854,0.313408723747981,0.298578199052133,0.574013157894737,0.307086614173228,0.652448657187994,0.515397082658023,0.315024232633279,1,1,0.625,0,0.3104,0.291079812206573,1,1,0.302507836990596,0.522082018927445,0.301391035548686,1,1,0.323101777059774,0.295384615384615,0.522508038585209,1,0.584518167456556,0.361669242658423,0.99685534591195,0.670418006430868,0.305785123966942,0.1359375,0.316037735849057,1,0.2875,0.00158982511923688,0,0,0.324281150159744,0.307814992025518,1,0.995290423861852,1,1,1,0.7,0.314785373608903,1,0.316118935837246,0.295055821371611,0.81629392971246,0.118780096308186,0.309294871794872,0.294392523364486,0.313195548489666,0.993827160493827,1,1,0.00477707006369427,0.307317073170732,0.309636650868878,0.666134185303514,0.3152,0.616692426584235,1,0.301587301587302,1,1,0.262214983713355,0.149206349206349,0.309230769230769,1,0.993690851735016,0.301092043681747,1,0.615008156606852,1,1,0.310344827586207,1,0.315217391304348,0.304487179487179,0.312796208530806,0.302507836990596,0,0.305732484076433,0.312883435582822,0.699376947040498,0.584935897435897,0.302588996763754,0.65015479876161,0.689873417721519,0.307086614173228,0.113636363636364,0,0.304897314375987,0.625199362041467,1,0.306930693069307,1,0.311501597444089,0,0.317535545023697,1,1,1,0.29559748427673,0.996840442338073,0.313971742543171,0.2,0.291731669266771,1,0.379095163806552,1,1,0.199677938808374,0.298107255520505,1,1,0.316279069767442,1,0.304878048780488,0.311728395061728,0.370662460567823,0.750769230769231,0.312091503267974,1,0.314696485623003,0.647149460708783,0.316912972085386,1,0,1,0.374800637958533,0.886178861788618,0.582417582417582,0.604430379746835,0.30298273155416,0.316393442622951,1,0.309262166405024,1,0.287319422150883,0.503076923076923,0.314241486068111,1,0.306709265175719,0.303921568627451,0.308426073131955,0.302066772655008,1,0.298555377207063,1,0.43213728549142,0.306729264475743,1,0.31055900621118,1,0.59047619047619,0.305466237942122,1,0.302362204724409,0.301261829652997,0.32695374800638,0.989028213166144,0.314516129032258,1,0.309636650868878,1,0.311688311688312,1,0.599063962558502,0.289514866979656,0.0309951060358891,0.288524590163934,0.305863708399366,1,0.297169811320755,0.310618066561014,0.30188679245283,0.317965023847377,1,1,0.311793214862682,0.317817014446228,1,1,0.32,0.234920634920635,0.0183767228177642,0.69620253164557,1,0.00158730158730159,0.310236220472441,1,0.315960912052117,0.305426356589147,0.300787401574803,0.996835443037975,1,1,0.31839258114374,0.303425774877651,0.30564263322884,0.692926045016077,0.298555377207063,1,0.326465927099842,1,1,0.425196850393701,0.307443365695793,0.30829420970266,0.313084112149533,0.29559748427673,0.299674267100977,0.646869983948636,1,1,0.304821150855365,0.00308166409861325,0.316436251920123,0.302936630602782,0.317535545023697,0.293103448275862,0.283653846153846,0.315384615384615,0.708006279434851,0.363067292644757,0.293375394321767,1,0.315457413249211,1,0.30503144654088,0.294498381877023,0.2976,0.326860841423948,0.311004784688995,1,0.308544303797468,0.806763285024155,1,1,0.99837925445705,1,1,0.895330112721417,1,1,1,0.303738317757009,1,0.309446254071661,0,1,0.381395348837209,1,0.317307692307692,0.308064516129032,0.297770700636943,0.418269230769231,1,0.313271604938272,1,1,1,1,0,0.30622009569378,1,1,0.315619967793881,1,0.307931570762053,1,1,0.296178343949045,0.307060755336617,0.29595015576324,0.14756671899529,0.312803889789303,0,0.596651445966514,1,0.308777429467085,0.309951060358891,0.584518167456556,1,1,0.314516129032258,0.315024232633279,1,0.659235668789809,0.702572347266881,0.291935483870968,0.309061488673139,0.993817619783617,0.311111111111111,0.29742033383915,1,0.297805642633229,0.285488958990536,1,0.2992,0.306349206349206,0.297971918876755,0.310832025117739,1,1,1,0.305511811023622,0.312202852614897,0.00628930817610063,0.992138364779874,0.31629392971246,1,1,0.300940438871473,0.311349693251534,0.291798107255521,0.3072,0.310236220472441,1,0.30016051364366,0.300955414012739,0.579288025889968,1,0.837837837837838,1,0,1,0.309923664122137,1,1,0.417460317460317,0.998420221169036,0.311004784688995,1,0.291866028708134,0.284578696343402,0.3015625,1,1,0.306836248012719,0.38755980861244,0.616747181964573,0.291935483870968,1,1,1,0.313311688311688,1,0.205696202531646,1,1,1,1,0.310725552050473,1,0.308196721311475,0.31637519872814,0.684887459807074,0.292527821939587,1,0.318181818181818,0.308641975308642,0.308457711442786,1,0.298136645962733,1,0.313846153846154,0.478056426332288,0.311216429699842,0.308064516129032,0.306729264475743,1,0.3104,0.292993630573248,1,1,0.312302839116719,0.300314465408805,1,0.484423676012461,0.307817589576547,0.312893081761006,0.308777429467085,0.691338582677165,1,0.280327868852459,1,0.421052631578947,0.302066772655008,0,0.883720930232558,0.309061488673139,0.312796208530806,0,0.0237341772151899,0.982539682539682,0.312796208530806,1,0.298076923076923,0.301948051948052,1,0.307332293291732,0.306962025316456,0.683788121990369,1,0.305511811023622,0.30952380952381,1,0.30298273155416,0.2944,1,0.341269841269841,0.303225806451613,0.30298273155416,0.318840579710145,0.803149606299213,1,0.977635782747604,1,1,0,1,0.995230524642289,1,0.42604501607717,0.996779388083736,0.29984544049459,0.993788819875776,0.315541601255887,0.995238095238095,0.608231707317073,0.638230647709321,0.312788906009245,0.301092043681747,0.6513470681458,0.311582381729201,0,0.638668779714738,0.693163751987281,0.3140625,0,0.307086614173228,0.298578199052133,0.763665594855305,0.307448494453249,0.695859872611465,0.598070739549839,0.2992,0.305900621118012,0.280701754385965,1,0.0257966616084977,0,0.302507836990596,0.314641744548287,0.322033898305085,1,0.340694006309148,0.306477093206951,1,0.300469483568075,0.936,0.576489533011272,1,1,0.993265993265993,0.312693498452012,0.614551083591331,0.304416403785489,0.29635761589404,0.302694136291601,0.427906976744186,1,0.301948051948052,1,0.310289389067524,0.309210526315789,1,0.310126582278481,1,0.315286624203822,1,1,0.309636650868878,0,1,0.319314641744548,1,0.571658615136876,1,0.51496062992126,1,0.560747663551402,1,0.313628899835796,1,1,1,0.298076923076923,0.307443365695793,0.30757341576507,0.336633663366337,0.330592105263158,0.299050632911392,1,0.310832025117739,1,1,0.311216429699842,0.301612903225806,0.311145510835913,0.380417335473515,0.317111459968603,1,1,0.315541601255887,0.315024232633279,0.636952998379254,0.60223642172524,0.295774647887324,0.307443365695793,1,0.293291731669267,0.303875968992248,0.993710691823899,0.300813008130081,0.304075235109718,0,0.129283489096573,0.303459119496855,0.691154422788606,0.2976,0.306729264475743,0.604037267080745,0.9984,0.301916932907348,1,0.299684542586751,0.3376,0.310618066561014,0.477379095163807,0.30829420970266,1,0.304897314375987,0.308681672025723,0.316639741518578,0.700310559006211,1,0.312399355877617,0.30625,0,0.3078125,0.998430141287284,0.951334379905808,1,0.310452418096724,0.311145510835913,0.29951690821256,0.59717868338558,1,0.601612903225806,0.32484076433121,1,1,0.971653543307087,0.691813804173355,0.314102564102564,0.346092503987241,0.302066772655008,0.307931570762053,1,1,0.51685393258427,0.644230769230769,1,1,0.998449612403101,0.707119741100324,1,0.316614420062696,0.695024077046549,1,0.317460317460317,0.304487179487179,0.305732484076433,0.996875,1,0.650246305418719,0.311708860759494,1,1,0.316692667706708,0.298921417565485,0.998420221169036,0,0.299186991869919,0.298412698412698,0.00477707006369427,0.302034428794992,1,0.30064308681672,1,0.137007874015748,0,0.896923076923077,0.319182389937107,1,1,0,0,0.313084112149533,1,0.298850574712644,0.998456790123457,0.297734627831715,1,0.9984,0.960629921259842,0.775862068965517,1,1,0.00477707006369427,1,0.523026315789474,0.308186195826645,0.686153846153846,0.31924882629108,1,0.296998420221169,0.685624012638231,1,1,0.30016051364366,0.627480916030534,0.322429906542056,0.6,0.974603174603175,0.319554848966614,0.609984399375975,0.0124610591900312,0.300955414012739,0.305246422893482,0.30952380952381,1,0.644757433489828,0.300469483568075,0.893650793650794,0.590834697217676,0.971786833855799,1,1,0.307210031347962,0.31869918699187,0.303858520900322,0.303030303030303,0.305164319248826,0.626356589147287,0.294753086419753,0,0.685975609756098,0.9984375,0.314873417721519,0.29140127388535,0.30550918196995,0.309119010819165,0.613458528951487,1,0.321875,0.320126782884311,0.315359477124183,0.314696485623003,0.301916932907348,0.30173775671406,0.19435736677116,0.6957928802589,0.302884615384615,0.600931677018634,1,0.242612752721617,0.307692307692308,0.922204213938412,1,1,0.299843014128728,0.645865834633385,1,0.300469483568075,0.285939968404423,0.956521739130435,1,1,0.998376623376623,0.3140625,1,1,0.894904458598726,1,0.339089481946625,1,0.596375617792422,1,0.688473520249221,0.298722044728434,0.604166666666667,1,1,0.991922455573506,0.314152410575428,0.308544303797468,0.314754098360656,0.307448494453249,0.312,0.311290322580645,0.98389694041868,0.300925925925926,1,1,0.713836477987421,0,0.305084745762712,0.309486780715397,0.692913385826772,1,0.568938193343899,0.317757009345794,0.648177496038035,0.301242236024845,0.304700162074554,1,0.302547770700637,0.304918032786885,0.682692307692308,0.90228013029316,0.315629742033384,0.609477124183007,0.585055643879173,0.317535545023697,0.310679611650485,0.290625,0.598726114649682,0.692551505546751,1,0.904153354632588,1,0.679566563467492,0.99670510708402,0.5952,0.303514376996805,0.310679611650485,1,1,0.426307448494453,0.993527508090615,0.996860282574568,1,0.302547770700637,0.318681318681319,1,0.300455235204856,0.695721077654517,0.314102564102564,0.467408585055644,0.287096774193548,0,0.294392523364486,1,1,0.606349206349206,0,0.322327044025157,0.304897314375987,0.0939490445859873,0.389072847682119,1,1,0.298887122416534,1,0.405103668261563,1,0.31441717791411,0.597809076682316,0.312903225806452,0.3088,1,0,1,0.288961038961039,0.303370786516854,1,1,1,0.428571428571429,1,0.30173775671406,0.627358490566038,0.312698412698413,0.323051948051948,0,0.0361067503924647,1,0.63751987281399,1,0.311605723370429,0.323051948051948,1,1,0.153605015673981,0.300787401574803,1,0.897035881435257,1,0.307332293291732,0.205087440381558,0.684867394695788,1,1,1,1,1,0.273148148148148,0.289099526066351,1,0.111658456486043,0,0.442879499217527,0,0.317384370015949,1,0.688394276629571,1,1,0.889240506329114,1,0.692667706708268,1,1,1,1
"421",0.340694006309148,0.33125,0.348367029548989,0.331775700934579,0.328220858895706,0.342549923195084,0.634108527131783,0.335413416536661,0.34789391575663,0.769475357710652,0.341013824884793,0.714285714285714,0.14797507788162,0.322378716744914,0.338095238095238,0.346687211093991,0.73353751914242,0.662379421221865,0.3328125,0.343076923076923,0.353582554517134,0.341232227488152,0.341945288753799,0.827906976744186,0.353658536585366,0.327692307692308,0.346938775510204,0.326860841423948,0.348623853211009,0.171974522292994,0.357798165137615,0.162287480680062,0.312989045383412,0.347962382445141,0.677469135802469,0.339256865912762,0.80030487804878,0.318112633181126,0.351515151515152,0.351851851851852,0.669278996865204,0.654320987654321,0.659670164917541,0.325471698113208,0.333333333333333,0.334920634920635,0.351851851851852,0.346444780635401,0.341538461538462,0.336906584992343,0.671802773497689,0.326018808777429,0.343511450381679,0.336405529953917,0.333333333333333,0.183254344391785,0.792993630573248,0.334370139968896,0.352134146341463,0.338957055214724,0.324534161490683,0.333853354134165,0.355905511811024,0.668721109399075,0.334405144694534,0.341576506955178,0.702954898911353,0.326530612244898,0.740356083086053,0.326251896813354,0.327188940092166,0.333853354134165,0.338072669826224,0.381642512077295,0.835637480798771,0.333836858006042,0.351309707241911,0.325227963525836,0.325373134328358,0.346031746031746,0.764895330112721,0.342229199372057,0.348367029548989,0.333333333333333,0.325153374233129,0.324404761904762,0.342271293375394,0.313572542901716,0.326086956521739,0.648401826484018,0.336463223787167,0.332321699544765,0.666156202143951,0.764525993883792,0.328,0.715372907153729,0.662538699690402,0.325190839694657,0.788888888888889,0.672955974842767,0.338485316846986,0.742138364779874,0.360374414976599,0.348726114649682,0.336448598130841,0.339563862928349,0.674961119751166,0.335403726708075,0.329738058551618,0.335889570552147,0.326594090202177,0.341576506955178,0.335913312693498,0.327014218009479,0.871559633027523,0.340298507462687,0.34585289514867,0.950540958268934,0.333841463414634,0.3424,0.881538461538461,0.338957055214724,0.340393343419062,0.330173775671406,0.324074074074074,0.347286821705426,0.339791356184799,0.333333333333333,0.972179289026275,0.570561456752656,0.323296354992076,0.35,0.346875,0.710879284649776,0.32753164556962,0.34597875569044,0.669184290030212,0.339477726574501,0.272024729520866,0.462279293739968,0.762790697674419,0.766823161189358,0.327102803738318,0.323809523809524,0.335901386748844,0.338461538461538,0.328787878787879,0.336391437308869,0.164634146341463,0.340909090909091,0.339256865912762,0.332810047095761,0.338632750397456,0.339652448657188,0.341653666146646,0.311424100156495,0.33695652173913,0.327586206896552,0.907120743034056,0.33641975308642,0.347758887171561,0.34597875569044,0.358255451713396,0.755520504731861,0.3328125,0.331746031746032,0.347692307692308,0.335394126738794,0.340590979782271,0.331825037707391,0.345256609642302,0.3265625,0.325471698113208,0.326186830015314,0.327390599675851,0.339035769828927,0.747336377473364,0.340030911901082,0.719412724306688,0.339144215530903,0.35202492211838,0.346938775510204,0.337962962962963,0.334365325077399,0.340557275541796,0.333333333333333,0.343122102009274,0.345622119815668,0.335987261146497,0.335925349922239,0.344360902255639,0.353035143769968,0.330246913580247,0.886153846153846,0.686478454680535,0.659509202453988,0.33179012345679,0.675384615384615,0.332317073170732,0.332326283987915,0.354992076069731,0.332824427480916,0.329704510108865,0.34009360374415,0.359635811836115,0.340764331210191,0.338855421686747,0.336538461538462,0.345509893455099,0.672926447574335,0.340062111801242,0.34488188976378,0.322932917316693,0.322884012539185,0.339563862928349,0.579908675799087,0.3234375,0.326186830015314,0.329192546583851,0.348367029548989,0.327586206896552,0.714733542319749,0.336463223787167,0.343260188087774,0.337480559875583,0.664050235478807,0.340393343419062,0.331831831831832,0.339035769828927,0.330815709969789,0.346749226006192,0.326283987915408,0.650769230769231,0.969650986342944,0.340523882896764,0.339089481946625,0.322274881516588,0.336363636363636,0.331797235023041,0.330218068535826,0.325688073394495,0.323390894819466,0.335453100158982,0.314728682170543,0.329738058551618,0.143759873617694,0.330232558139535,0.339939024390244,0.339089481946625,0.338461538461538,0.3484375,0.437795275590551,0.333333333333333,0.333333333333333,0.325115562403698,0.356927710843373,0.329173166926677,0.34621578099839,0.65284178187404,0.338050314465409,0.956989247311828,0.334375,0.337519623233909,0.321372854914197,0.335925349922239,0.923197492163009,0.35981308411215,0.321483771251932,0.331761006289308,0.331334332833583,0.337941628264209,0.338391502276176,0.663009404388715,0.330203442879499,0.336923076923077,0.340625,0.340030911901082,0.348031496062992,0.345038167938931,0.334355828220859,0.355140186915888,0.329738058551618,0.346031746031746,0.344135802469136,0.821036106750393,0.333333333333333,0.659409020217729,0.762839879154079,0.3328173374613,0.341463414634146,0.325949367088608,0.771604938271605,0.334855403348554,0.3359375,0.341269841269841,0.330708661417323,0.344086021505376,0.689922480620155,0.66046511627907,0.342679127725857,0.330683624801272,0.33134328358209,0.334351145038168,0.356083086053412,0.336377473363775,0.331297709923664,0.342679127725857,0.333843797856049,0.344391785150079,0.344773790951638,0.339477726574501,0.335384615384615,0.333333333333333,0.355555555555556,0.350710900473934,0.348297213622291,0.349056603773585,0.665639445300462,0.332814930015552,0.335949764521193,0.341389728096677,0.357361963190184,0.340393343419062,0.328767123287671,0.337404580152672,0.329704510108865,0.331782945736434,0.339506172839506,0.335987261146497,0.353125,0.770440251572327,0.330792682926829,0.492260061919505,0.355450236966825,0.657975460122699,0.33987915407855,0.327844311377246,0.342723004694836,0.338028169014085,0.922958397534669,0.349924585218703,0.334379905808477,0.350375939849624,0.338006230529595,0.33953488372093,0.327300150829563,0.339622641509434,0.344086021505376,0.338006230529595,0.263327948303716,0.730650154798762,0.347068145800317,0.341049382716049,0.346518987341772,0.335433070866142,0.32807570977918,0.326687116564417,0.871559633027523,0.333333333333333,0.329153605015674,0.340659340659341,0.346333853354134,0.32262996941896,0.331775700934579,0.3232,0.347758887171561,0.663093415007657,0.346518987341772,0.333333333333333,0.338485316846986,0.333827893175074,0.32807570977918,0.328125,0.328725038402458,0.335433070866142,0.343939393939394,0.176470588235294,0.35375191424196,0.338607594936709,0.329230769230769,0.344086021505376,0.34384858044164,0.330721003134796,0.344186046511628,0.342146189735614,0.328197226502311,0.335889570552147,0.341085271317829,0.866359447004608,0.33652312599681,0.333843797856049,0.325264750378215,0.660436137071651,0.340659340659341,0.3264,0.342635658914729,0.922118380062305,0.338533541341654,0.666666666666667,0.215926493108729,0.334389857369255,0.321428571428571,0.665671641791045,0.635792778649921,0.316692667706708,0.338050314465409,0.334365325077399,0.33125,0.331746031746032,0.341085271317829,0.33641975308642,0.345911949685535,0.676100628930818,0.333333333333333,0.344339622641509,0.323899371069182,0.333863275039746,0.342424242424242,0.323343848580442,0.341269841269841,1,0.336973478939158,0.327160493827161,0.32807570977918,0.133846153846154,0.351477449455676,0.377179080824089,0.340361445783133,0.331269349845201,0.661417322834646,0.32262996941896,0.321875,0.348694316436252,0.912844036697248,0.332802547770701,0.337878787878788,0.340361445783133,0.338006230529595,0.349768875192604,0.759818731117825,0.712538226299694,0.342424242424242,0.351681957186544,0.723241590214067,0.342857142857143,0.660091047040971,0.71583850931677,0.675118858954041,0.330757341576507,0.670295489891135,0.341653666146646,0.324116743471582,0.5671875,0.34,0.661514683153014,0.756843800322061,0.326594090202177,0.340458015267176,0.352112676056338,0.335949764521193,0.697810218978102,0.642857142857143,0.347094801223242,0.323076923076923,0.292117465224111,0.353941267387944,0.967084639498433,0.331804281345566,0.344391785150079,0.334876543209877,0.281972265023112,0.772511848341232,0.352048558421851,0.335365853658537,0.335504885993485,0.346444780635401,0.750759878419453,0.343373493975904,0.320574162679426,0.337386018237082,0.920060331825038,0.321711568938193,0.342723004694836,0.350547730829421,0.34181240063593,0.337060702875399,0.343939393939394,0.325842696629214,0.342301943198804,0.343799058084772,0.344236760124611,0.341194968553459,0.329721362229102,0.663009404388715,0.338830584707646,0.331288343558282,0.341614906832298,0.188361408882083,0.353383458646617,0.829528158295282,0.335329341317365,0.176744186046512,0.350078492935636,0.341772151898734,0.341121495327103,0.322137404580153,0.370992366412214,0.345256609642302,0.334394904458599,0.342383107088989,0.289855072463768,0.975409836065574,0.331797235023041,0.317073170731707,0.324451410658307,0.351307189542484,0.344512195121951,0.327188940092166,0.32967032967033,0.327300150829563,0.256651017214397,0.334346504559271,0.347560975609756,0.346094946401225,0.319508448540707,0.332807570977918,0.733652312599681,0.749606299212598,0.324534161490683,0.31832298136646,0.344339622641509,0.353941267387944,0.34575260804769,0.3375,0.353225806451613,0.33179012345679,0.658878504672897,0.829819277108434,0.324960753532182,0.65929203539823,0.339622641509434,0.344563552833078,0.763358778625954,0.335913312693498,0.328616352201258,0.322932917316693,0.333333333333333,0.312796208530806,0.342635658914729,0.165644171779141,0.349378881987578,0.338118022328549,0.332312404287902,0.335433070866142,0.324881141045959,0.667170953101362,0.339774557165862,0.333333333333333,0.333843797856049,0.666146645865835,0.330275229357798,0.332814930015552,0.290123456790123,0.345092024539877,0.339969372128637,0.331288343558282,0.340694006309148,0.761619190404798,0.329093799682035,0.754777070063694,0.320251177394035,0.348091603053435,0.351309707241911,0.307453416149068,0.669767441860465,0.33641975308642,0.290372670807453,0.333333333333333,0.35375191424196,0.325471698113208,0.347368421052632,0.835164835164835,0.712962962962963,0.346394984326019,0.336990595611285,0.338957055214724,0.665109034267913,0.33641975308642,0.329754601226994,0.667716535433071,0.34077380952381,0.321538461538462,0.337461300309598,0.324451410658307,0.337442218798151,0.346036585365854,0.71869918699187,0.331797235023041,0.350850077279753,0.346846846846847,0.334876543209877,0.348837209302326,0.340943683409437,0.659163987138264,0.3421875,0.345368916797488,0.656101426307448,0.335384615384615,0.362951807228916,0.34748427672956,0.339506172839506,0.835403726708075,0.669710806697108,0.451807228915663,0.339908952959029,0.338931297709924,0.348297213622291,0.653726708074534,0.673813169984686,0.329153605015674,0.3328125,0.323899371069182,0.335347432024169,0.34009360374415,0.34375,0.34850863422292,0.302469135802469,0.554699537750385,0.338072669826224,0.343122102009274,0.68167701863354,0.336923076923077,0.81629392971246,0.328125,0.675757575757576,0.340458015267176,0.351648351648352,0.324534161490683,0.686335403726708,0.351477449455676,0.337579617834395,0.338164251207729,0.740029542097489,0.336874051593323,0.769828926905132,0.306962025316456,0.3140625,0.735614307931571,0.680061823802164,0.328638497652582,0.326717557251908,0.330246913580247,0.334928229665072,0.723723723723724,0.329721362229102,0.237421383647799,0.763157894736842,0.297583081570997,0.341538461538462,0.337386018237082,0.337984496124031,0.300314465408805,0.347417840375587,0.334883720930233,0.337962962962963,0.737237237237237,0.348623853211009,0.664605873261206,0.664179104477612,0.349230769230769,0.327160493827161,0.365203761755486,0.344051446945338,0.327245053272451,0.748456790123457,0.347957639939486,0.321100917431193,0.32120253164557,0.334920634920635,0.332293291731669,0.337404580152672,0.33693972179289,0.86969696969697,0.675590551181102,0.337442218798151,0.756508422664625,0.33953488372093,0.917829457364341,0.336448598130841,0.278125,0.360708534621578,0.341121495327103,0.33693972179289,0.710606060606061,0.346444780635401,0.329286798179059,0.350237717908082,0.280564263322884,0.330781010719755,0.347222222222222,0.346709470304976,0.322188449848024,0.351181102362205,0.33843797856049,0.44496855345912,0.341692789968652,0.300751879699248,0.34789156626506,0.757527733755943,0.349693251533742,0.666666666666667,0.34472049689441,0.751974723538705,0.338557993730408,0.342146189735614,0.342679127725857,0.327217125382263,0.321538461538462,0.326498422712934,0.335913312693498,0.334920634920635,0.336477987421384,0.327044025157233,0.344615384615385,0.352112676056338,0.341021416803954,0.54601226993865,0.647335423197492,0.342592592592593,0.348623853211009,0.671802773497689,0.344410876132931,0.778637770897833,0.332833583208396,0.702786377708978,0.34012539184953,0.327014218009479,0.338028169014085,0.339116719242902,0.320261437908497,0.61875,0.434640522875817,0.349112426035503,0.746835443037975,0.771293375394322,0.338983050847458,0.3171875,0.346213292117465,0.763888888888889,0.662079510703364,0.346094946401225,0.230769230769231,0.33587786259542,0.676737160120846,0.33968253968254,0.757433489827856,0.342635658914729,0.346518987341772,0.350850077279753,0.337962962962963,0.921538461538462,0.3312,0.34703196347032,0.343076923076923,0.3421875,0.327131782945736,0.333333333333333,0.340236686390533,0.687211093990755,0.338028169014085,0.894654088050314,0.347133757961783,0.664586583463339,0.342024539877301,0.344135802469136,0.344605475040258,0.741194486983155,0.667682926829268,0.337519623233909,0.331768388106416,0.539781591263651,0.4384,0.339089481946625,0.343260188087774,0.336890243902439,0.328660436137072,0.929467084639498,0.338557993730408,0.339908952959029,0.768633540372671,0.344186046511628,0.336477987421384,0.327666151468315,0.657142857142857,0.332807570977918,0.338632750397456,0.325,0.336377473363775,0.351014040561622,0.337423312883436,0.429252782193959,0.335453100158982,0.329230769230769,0.731481481481482,0.329153605015674,0.332278481012658,0.657975460122699,0.708722741433022,0.340729001584786,0.728971962616822,0.343122102009274,0.330757341576507,0.314785373608903,0.332312404287902,0.3203125,0.697204968944099,0.331278890600925,0.344512195121951,0.456752655538695,0.343032159264931,0.358662613981763,0.864779874213837,0.666146645865835,0.349693251533742,0.33587786259542,0.333863275039746,0.352,0.343796711509716,0.367851622874807,0.360062893081761,0.33953488372093,0.794585987261146,0.669303797468354,0.899536321483771,0.662379421221865,0.329192546583851,0.322429906542056,0.675548589341693,0.317535545023697,0.336923076923077,0.463746223564955,0.336507936507937,0.673748103186646,0.337962962962963,0.34585289514867,0.324409448818898,0.3234375
"422",1,1,1,1,1,1,0.709415584415584,1,1,0.0947030497592295,1,0.045958795562599,0.814029363784666,1,0.3104,0.294770206022187,0.0631911532385466,0.689542483660131,1,1,0.276357827476038,0.305111821086262,1,0.15962441314554,1,0.322378716744914,0.304625199362041,1,1,0.789223454833597,0.30564263322884,0.727129337539432,0.962204724409449,0.3104,0,1,0.544881889763779,1,0.296296296296296,1,0.667731629392971,0.685714285714286,0.699844479004666,1,1,0.311290322580645,0.316957210776545,0.300787401574803,0.317683881064163,0.320872274143302,0,1,0.3078125,1,1,0.506472491909385,0.556270096463023,1,1,1,0.325471698113208,0.310618066561014,0.3056,0.687898089171974,1,1,0.0401929260450161,1,0.0589147286821705,0.309597523219814,1,0.30379746835443,0.314424635332253,0.968903436988543,0.511773940345369,1,0.306122448979592,0.334890965732087,1,0.320661157024793,0.088379705400982,0.315112540192926,0.3232,1,0.333863275039746,1,1,1,1,0.703174603174603,1,1,0,0.105426356589147,1,0.0465116279069767,0,1,0.561576354679803,0.686119873817035,1,0.0559105431309904,0.3056,1,0.302737520128824,1,0.688888888888889,1,0.312101910828025,0.31496062992126,0.316211878009631,1,0.3198127925117,1,0.478939157566303,1,0.305863708399366,0.294025157232704,0.31839258114374,0.308426073131955,0.481132075471698,1,0.316455696202532,0.305057096247961,1,0.296998420221169,1,1,0.325,0.5375,1,0.310344827586207,1,0.0431432973805855,1,0.302936630602782,0.681747269890796,0.321086261980831,0.9296,0.415857605177994,0.105095541401274,0.101105845181675,1,1,0.317610062893082,1,0.311827956989247,1,0.802861685214626,1,0.320967741935484,1,1,1,1,0.32520325203252,1,0.317384370015949,0.25705329153605,1,0.314465408805031,1,0.293650793650794,0.087719298245614,1,0.309791332263242,1,1,1,0.32182103610675,1,0.317741935483871,1,0.296062992125984,1,0.311708860759494,0.080188679245283,1,0.639072847682119,1,1,0.307568438003221,1,1,1,1,0.321766561514196,0.302469135802469,1,1,0.30829420970266,0.301612903225806,1,0.436220472440945,0.669724770642202,0,0.315286624203822,0.67192429022082,1,0.314329738058552,1,1,1,0.306349206349206,0.321044546850998,0.317512274959083,1,1,1,0,1,0.302066772655008,0.973143759873618,0.31629392971246,0.298887122416534,0.745007680491551,1,1,1,1,1,0.0428571428571429,0.304487179487179,0.312796208530806,1,0.691588785046729,1,1,0.998397435897436,1,1,1,0.00315457413249211,0.315625,1,0.305246422893482,1,0.295774647887324,1,1,1,1,1,0.320967741935484,1,0.503225806451613,0.321259842519685,0.319685039370079,0.301282051282051,0.317817014446228,0.324367088607595,0.4170692431562,0.322734499205087,0.308176100628931,0.30379746835443,1,0.315955766192733,1,0.690993788819876,0.304975922953451,0.313084112149533,0.325842696629214,1,1,1,0.251602564102564,0.30625,1,0.313408723747981,0.314329738058552,0.311320754716981,0.314194577352472,0.689274447949527,1,0.319444444444444,0.313311688311688,1,0.292282430213465,1,0.302795031055901,0.310236220472441,1,1,1,0.542130365659777,1,0.693037974683544,0.0869565217391304,0.317965023847377,1,1,0.0941358024691358,0.307332293291732,0.3216,1,1,0.2953125,0.0222575516693164,0.00325732899022801,1,1,0.325153374233129,0.9984,1,0.298887122416534,1,1,0.310725552050473,1,1,1,1,0.321543408360129,0.302180685358255,0.325842696629214,1,1,0.688394276629571,0.313291139240506,1,0.313291139240506,0.286634460547504,1,1,1,1,1,0.323717948717949,1,1,0.109854604200323,0.321875,0.480952380952381,0.299840510366826,0.674718196457327,0.314553990610329,1,0.301765650080257,0.332268370607029,0.250388802488336,0.311248073959938,1,0.319938176197836,1,1,1,0.304,0.312401883830455,1,0.92741935483871,0.0649350649350649,1,0.307692307692308,0.315447154471545,0.304487179487179,1,0.319875776397516,0.463836477987421,0.31496062992126,0.304625199362041,0.305921052631579,0.298076923076923,1,0.310289389067524,1,1,0,1,0.315705128205128,1,1,1,0.318910256410256,1,0.313001605136437,1,0.84044233807267,1,1,1,0.315132605304212,1,1,0.296529968454259,0.306836248012719,1,1,0.313291139240506,0.184782608695652,1,1,1,0,0.305825242718447,1,0.303937007874016,0.2416,1,0.68380062305296,0.44392523364486,1,1,0.678787878787879,0.703761755485893,0.3421875,1,0.313001605136437,1,1,0.326465927099842,1,1,0.00315955766192733,0.318327974276527,1,1,0.315873015873016,1,1,0.303225806451613,0.336973478939158,1,1,1,0.524409448818898,0.308426073131955,0.341269841269841,0.316109422492401,0.328050713153724,0.695024077046549,0.317610062893082,0.319182389937107,0.304953560371517,0.232854864433812,0.315024232633279,1,0.317683881064163,1,0.307324840764331,0.0848765432098765,0.05320813771518,1,1,0.0398089171974522,1,0.686915887850467,0.0443740095087163,0.00636942675159236,1,0.68312101910828,1,1,0.538095238095238,1,0,0.0745542949756888,1,1,1,0.314009661835749,0.65015015015015,0.691542288557214,0.992199687987519,1,0.989028213166144,0.305511811023622,0.334943639291465,1,0.299684542586751,1,0.376788553259142,0.110576923076923,0.299524564183835,0.312404287901991,0.323825503355705,1,0.0806201550387597,1,1,1,0.259659969088099,0.3104,1,0.31810766721044,1,1,0.303125,1,0.320182094081942,1,0.298245614035088,0.309636650868878,1,0.685126582278481,0.309375,1,0.305825242718447,0.761006289308176,0.317411402157165,0.167456556082148,0.324200913242009,0.767036450079239,0.3,1,0.31378763866878,0.325984251968504,0.280564263322884,1,1,1,0.971619365609349,0.338235294117647,1,0.317589576547231,1,0.311774461028192,0.302180685358255,1,1,1,0.921135646687697,1,0.303405572755418,0.31619937694704,1,1,0.0466237942122186,0.0810810810810811,1,1,0.30952380952381,1,1,0.307692307692308,1,1,0.69435736677116,0.523956723338485,1,0,1,1,0.101088646967341,0.315955766192733,1,0.31629392971246,1,0.966666666666667,1,0.823161189358372,1,0.323151125401929,1,1,1,0,0.304276315789474,1,1,0.672,1,0.310725552050473,0.356807511737089,0.307570977917981,1,1,1,0.0873634945397816,0.302884615384615,0.0932475884244373,1,0.3,0.297674418604651,0.351822503961965,0,1,0.956043956043956,1,1,0.316129032258064,0.299689440993789,0.1669341894061,0.0395569620253165,0.315705128205128,0.304,0.322222222222222,0,0.304,1,0,0.312210200927357,1,1,1,0.308411214953271,0.313178294573643,0.0361247947454844,1,0.305732484076433,0.303656597774245,1,1,0.310344827586207,0.6996699669967,1,1,0.693650793650794,1,0.303405572755418,1,0.313291139240506,0.52112676056338,0.677165354330709,0.400306748466258,1,0.292569659442724,0.308777429467085,0.679626749611198,0.676656151419558,1,0.319422150882825,1,0.31875,1,0.317384370015949,0.304625199362041,0.348580441640379,0.521739130434783,0.303858520900322,0.307692307692308,0.679365079365079,0.311912225705329,0.151067323481117,1,0,1,0.293929712460064,1,0,0.318979266347687,0.3072,1,0.0564885496183206,1,0.082670906200318,0.332792207792208,1,0.0627943485086342,0.678233438485804,1,1,1,0.304418985270049,0.0385208012326656,1,0.431746031746032,0.0938511326860841,0.349378881987578,0.315132605304212,0.31875,1,1,1,1,1,0.066358024691358,0.995334370139969,0.697637795275591,0.00303030303030303,0.319182389937107,1,1,1,1,0.0903328050713154,0.312693498452012,1,1,1,1,1,1,0.48531684698609,0,1,0.0850393700787402,0.31637519872814,0.424764890282132,1,0.398042414355628,0.307692307692308,0.303875968992248,1,0.0411392405063291,0.312796208530806,1,1,0.368088467614534,0.304552590266876,0.301109350237718,0.306089743589744,1,0.313504823151125,0.307210031347962,0.412140575079872,0.305958132045089,0.974763406940063,0.306976744186047,0.0821256038647343,0.309033280507132,0,1,0.0935483870967742,0.305466237942122,0.3104,0.311793214862682,1,1,1,1,1,1,0.336025848142165,1,0.312,0.311447811447811,0.586854460093897,0.6832,1,1,0,0.307931570762053,0.12199036918138,1,0.0337078651685393,1,1,0.307568438003221,1,1,0.612277867528271,0.412828947368421,0.996951219512195,0.0838709677419355,0.0957792207792208,1,1,1,0.0888888888888889,0,0.31441717791411,0.428571428571429,0.309375,0,0.3184,0.086677367576244,1,1,0.313271604938272,0.312401883830455,0.240445859872611,0.326797385620915,0.302325581395349,0.315789473684211,1,1,0.323577235772358,1,0,1,0.223832528180354,1,0.674418604651163,1,0.310725552050473,0.298701298701299,0.0793157076205288,0.684292379471229,1,1,0.785381026438569,0.885521885521885,0.311897106109325,0.314845024469821,1,0.309294871794872,0.247588424437299,0.308943089430894,1,0.10126582278481,1,1,0.309148264984227,0.693944353518822,0.307568438003221,1,1,0.300632911392405,0.301857585139319,0.312307692307692,0.855784469096672,0.308943089430894,1,0.0581761006289308,1,1,0.697965571205008,0.651419558359621,0.307308970099668,0.0527156549520767,0.317307692307692,1,1,0.296474358974359,0.322115384615385,0.611023622047244,1,0.307692307692308,0.366043613707165,0.309148264984227,0.987441130298273,0.473344103392569,0,0.300157977883096,0.322480620155039,0.318770226537217,0.306055646481178,0.314152410575428,0.97191887675507,1,0.309294871794872,0.545155993431856,0.695024077046549,0.240944881889764,0.686666666666667,1,0.315625,0.00320512820512821,0.32120253164557,0.30829420970266,0.364928909952607,0.315619967793881,0,0.331210191082803,0.310064935064935,0.321144674085851,0.303370786516854
"423",1,1,1,1,1,1,0.706349206349206,1,1,0.100158982511924,1,0.0443425076452599,0.800947867298578,1,0.31924882629108,0.309707241910632,0.0637329286798179,0.694533762057878,1,1,0.282574568288854,0.313385826771654,1,0.161094224924012,1,0.324159021406728,0.314728682170543,1,1,0.771739130434783,0.305555555555556,0.725341426403642,0.964560862865948,0.312788906009245,0,1,0.5359375,1,0.304477611940298,1,0.667706708268331,0.689335394126739,0.696923076923077,1,1,0.320126782884311,0.31104199066874,0.313846153846154,0.320552147239264,0.32469512195122,0,1,0.312594840667678,1,1,0.496875,0.566037735849057,1,1,1,0.329249617151608,0.313755795981453,0.318181818181818,0.684782608695652,1,1,0.0360501567398119,1,0.0559757942511346,0.317901234567901,1,0.311145510835913,0.321259842519685,0.96998420221169,0.513677811550152,1,0.310502283105023,0.336906584992343,1,0.321144674085851,0.0933977455716586,0.32398753894081,0.316692667706708,1,0.334862385321101,1,1,1,1,0.694189602446483,1,1,0.00153846153846154,0.107250755287009,1,0.0455235204855842,0,1,0.555031446540881,0.67817896389325,1,0.0528771384136858,0.313271604938272,1,0.309748427672956,1,0.686119873817035,1,0.316037735849057,0.31924882629108,0.324615384615385,1,0.323029366306028,1,0.483282674772036,1,0.309815950920245,0.302290076335878,0.323262839879154,0.316118935837246,0.482003129890454,1,0.317757009345794,0.3104,1,0.302936630602782,1,1,0.311827956989247,0.541158536585366,1,0.31055900621118,1,0.0418535127055306,1,0.312977099236641,0.67175572519084,0.328638497652582,0.932203389830508,0.4375,0.105754276827372,0.0973724884080371,1,1,0.333333333333333,1,0.311278195488722,1,0.803125,1,0.321428571428571,1,1,1,1,0.334384858044164,1,0.322784810126582,0.250764525993884,1,0.309815950920245,1,0.300925925925926,0.0902021772939347,1,0.313385826771654,1,1,1,0.330757341576507,1,0.325,1,0.309341500765697,1,0.317262830482115,0.0757341576506955,1,0.6336,1,1,0.314285714285714,1,1,1,1,0.321981424148607,0.307926829268293,1,1,0.311450381679389,0.308641975308642,1,0.432515337423313,0.670180722891566,0,0.31875,0.675968992248062,1,0.325408618127786,1,1,1,0.310664605873261,0.315151515151515,0.326018808777429,1,1,1,0,1,0.306122448979592,0.974921630094044,0.322429906542056,0.310077519379845,0.749620637329287,1,1,1,1,1,0.043613707165109,0.3171875,0.32579185520362,1,0.679566563467492,1,1,0.998425196850394,1,1,1,0.0046656298600311,0.304747320061256,1,0.302507836990596,1,0.302180685358255,1,1,1,1,1,0.321928460342146,1,0.5171875,0.319444444444444,0.319758672699849,0.310126582278481,0.319018404907975,0.329173166926677,0.417840375586854,0.328660436137072,0.310077519379845,0.302147239263804,1,0.323029366306028,1,0.684451219512195,0.311926605504587,0.300150829562594,0.335443037974684,1,1,1,0.249609984399376,0.313455657492355,1,0.315707620528771,0.32469512195122,0.315217391304348,0.32,0.687888198757764,1,0.319277108433735,0.306729264475743,1,0.299524564183835,1,0.314112291350531,0.310344827586207,1,1,1,0.540123456790123,1,0.687692307692308,0.0853293413173653,0.32,1,1,0.099388379204893,0.31839258114374,0.321483771251932,1,1,0.308282208588957,0.0247678018575851,0.0031104199066874,1,1,0.334855403348554,1,1,0.308868501529052,1,1,0.312693498452012,1,1,1,1,0.320373250388802,0.30920060331825,0.329617834394904,1,1,0.670769230769231,0.315707620528771,1,0.317972350230415,0.294753086419753,1,1,1,1,1,0.319938176197836,1,1,0.1125,0.331818181818182,0.486111111111111,0.307453416149068,0.670261941448382,0.318862275449102,1,0.309859154929577,0.332810047095761,0.255351681957187,0.317629179331307,1,0.324850299401198,1,1,1,0.304416403785489,0.319148936170213,1,0.928343949044586,0.0642633228840125,1,0.310769230769231,0.318611987381703,0.306603773584906,1,0.32370820668693,0.469953775038521,0.31859756097561,0.31039755351682,0.310832025117739,0.307692307692308,1,0.322530864197531,1,1,0,1,0.323529411764706,1,1,1,0.325545171339564,1,0.315955766192733,1,0.826952526799387,1,1,1,0.312210200927357,1,1,0.304347826086957,0.315132605304212,1,1,0.31441717791411,0.195158850226929,1,1,1,0,0.317683881064163,1,0.307931570762053,0.240829346092504,1,0.676829268292683,0.436363636363636,1,1,0.677611940298507,0.71183800623053,0.340361445783133,1,0.321372854914197,1,1,0.326086956521739,1,1,0.00925925925925926,0.3198127925117,1,1,0.318037974683544,1,1,0.30298273155416,0.327160493827161,1,1,1,0.54434250764526,0.310185185185185,0.349304482225657,0.319880418535127,0.326186830015314,0.687211093990755,0.32258064516129,0.319938176197836,0.321156773211568,0.235569422776911,0.312989045383412,1,0.316890881913303,1,0.306748466257669,0.0850746268656716,0.0477657935285054,1,1,0.0405616224648986,1,0.686544342507645,0.0432098765432099,0.0108024691358025,1,0.677519379844961,1,1,0.54160125588697,1,0,0.0737833594976452,1,1,1,0.322884012539185,0.65345080763583,0.697068403908795,0.992331288343558,1,0.984591679506934,0.305772230889236,0.31832298136646,1,0.302362204724409,1,0.373456790123457,0.108832807570978,0.304953560371517,0.319340329835082,0.333333333333333,1,0.0805471124620061,1,1,1,0.253414264036419,0.322327044025157,1,0.317535545023697,1,1,0.307219662058372,1,0.31508875739645,1,0.309119010819165,0.317262830482115,1,0.681747269890796,0.310502283105023,1,0.313385826771654,0.747269890795632,0.318181818181818,0.162861491628615,0.32579185520362,0.755832037325039,0.309748427672956,1,0.323619631901841,0.338414634146341,0.294930875576037,1,1,1,0.971337579617834,0.3312,1,0.321259842519685,1,0.3168,0.313725490196078,1,1,1,0.921417565485362,1,0.305936073059361,0.321981424148607,1,1,0.0443037974683544,0.0845070422535211,1,1,0.310725552050473,1,1,0.317034700315457,1,1,0.680916030534351,0.535768645357686,1,0,1,1,0.103915662650602,0.328660436137072,1,0.327073552425665,1,0.9640625,1,0.809160305343511,1,0.332797427652733,1,1,1,0,0.306451612903226,1,1,0.67398119122257,1,0.31619937694704,0.36906584992343,0.32312404287902,1,1,1,0.0914634146341463,0.330218068535826,0.0911949685534591,1,0.3,0.306060606060606,0.347692307692308,0,1,0.956589147286822,1,1,0.325396825396825,0.305135951661631,0.15968992248062,0.037037037037037,0.326625386996904,0.306853582554517,0.326717557251908,0.00157232704402516,0.311550151975684,1,0,0.317147192716237,1,1,1,0.319634703196347,0.316023738872404,0.0323101777059774,1,0.309375,0.30441400304414,1,1,0.315068493150685,0.69935691318328,1,1,0.691833590138675,1,0.306278713629403,1,0.312404287901991,0.521341463414634,0.672727272727273,0.404511278195489,1,0.305810397553517,0.315548780487805,0.683563748079877,0.662141779788839,1,0.32824427480916,1,0.327844311377246,1,0.314728682170543,0.308056872037915,0.357032457496136,0.509259259259259,0.315047021943574,0.309636650868878,0.663594470046083,0.315467075038285,0.143533123028391,1,0,1,0.29264475743349,1,0,0.314241486068111,0.315625,1,0.0536512667660209,1,0.0847723704866562,0.337461300309598,1,0.0602782071097372,0.671339563862928,1,1,1,0.306477093206951,0.039453717754173,1,0.432926829268293,0.101721439749609,0.352671755725191,0.316998468606432,0.319277108433735,1,1,1,1,1,0.061377245508982,0.998482549317147,0.686544342507645,0.00446428571428571,0.321044546850998,1,1,1,1,0.0920245398773006,0.309774436090226,1,1,1,1,1,1,0.483483483483483,0.00156739811912226,1,0.0832072617246596,0.311827956989247,0.425038639876352,1,0.400936037441498,0.31378763866878,0.324074074074074,1,0.0373250388802488,0.316279069767442,1,1,0.376788553259142,0.312594840667678,0.313084112149533,0.311912225705329,1,0.319554848966614,0.317411402157165,0.422118380062305,0.315132605304212,0.974397590361446,0.310708898944193,0.0859872611464968,0.321981424148607,0,1,0.0876369327073552,0.316358024691358,0.314900153609831,0.318681318681319,1,1,1,1,1,1,0.331775700934579,1,0.3140625,0.320197044334975,0.579598145285935,0.676609105180534,1,1,0,0.311278195488722,0.120743034055728,1,0.0359375,1,1,0.309486780715397,1,1,0.618524332810047,0.413570274636511,0.99702380952381,0.0828125,0.0996835443037975,1,1,1,0.0906298003072197,0,0.322188449848024,0.423135464231355,0.320359281437126,0,0.323390894819466,0.0876369327073552,1,1,0.321321321321321,0.314241486068111,0.241167434715822,0.333863275039746,0.313253012048193,0.316341829085457,1,1,0.323899371069182,1,0,1,0.226851851851852,1,0.675883256528418,1,0.311912225705329,0.303317535545024,0.0746951219512195,0.67175572519084,1,1,0.791021671826625,0.897271268057785,0.325984251968504,0.319620253164557,1,0.315789473684211,0.249612403100775,0.314785373608903,1,0.106646058732612,1,1,0.3171875,0.67879746835443,0.310344827586207,1,1,0.306153846153846,0.306501547987616,0.311077389984825,0.85423197492163,0.312893081761006,1,0.0534351145038168,1,1,0.700310559006211,0.657935285053929,0.331189710610932,0.0567484662576687,0.31937984496124,1,1,0.310291858678955,0.331775700934579,0.619266055045872,1,0.303951367781155,0.36890243902439,0.306153846153846,0.98355754857997,0.468217054263566,0.00458715596330275,0.297744360902256,0.3202416918429,0.3265625,0.310509554140127,0.329819277108434,0.969650986342944,1,0.315132605304212,0.53870458135861,0.684867394695788,0.228527607361963,0.689102564102564,1,0.325153374233129,0.00311526479750779,0.324534161490683,0.315301391035549,0.372932330827068,0.319182389937107,0,0.325688073394495,0.315457413249211,0.321259842519685,0.315301391035549
"424",1,1,1,1,1,1,0.689210950080515,1,1,0.0933977455716586,1,0.0404354587869362,0.806349206349206,1,0.330173775671406,0.318681318681319,0.0590979782270607,0.67487684729064,1,1,0.30503144654088,0.326018808777429,1,0.157076205287714,1,0.336477987421384,0.336553945249597,1,1,0.784126984126984,0.321711568938193,0.728260869565217,0.965678627145086,0.326498422712934,0,1,0.536050156739812,1,0.316998468606432,1,0.652448657187994,0.672386895475819,0.682098765432099,1,1,0.327974276527331,0.320251177394035,0.321428571428571,0.328660436137072,0.338533541341654,0,1,0.323390894819466,1,1,0.505564387917329,0.552884615384615,1,1,1,0.342679127725857,0.333858267716535,0.323296354992076,0.667726550079491,1,1,0.0316455696202532,1,0.0545171339563863,0.328725038402458,1,0.330696202531646,0.333333333333333,0.960975609756098,0.506269592476489,1,0.324031007751938,0.344615384615385,1,0.332794830371567,0.0829268292682927,0.340729001584786,0.332807570977918,1,0.346811819595645,1,1,1,1,0.675968992248062,1,1,0.00158982511923688,0.102040816326531,1,0.0431432973805855,0,1,0.54983922829582,0.657643312101911,1,0.0512,0.320251177394035,1,0.329093799682035,1,0.676100628930818,1,0.330173775671406,0.330721003134796,0.336477987421384,1,0.338118022328549,1,0.482170542635659,1,0.327044025157233,0.299531981279251,0.332317073170732,0.332302936630603,0.474921630094044,1,0.332317073170732,0.3322528363047,1,0.318952234206472,1,1,0.321766561514196,0.557750759878419,1,0.326465927099842,1,0.038109756097561,1,0.321156773211568,0.664605873261206,0.339652448657188,0.935126582278481,0.439613526570048,0.0985915492957746,0.0923317683881064,1,1,0.339712918660287,1,0.326717557251908,1,0.80625,1,0.340322580645161,1,1,1,1,0.338072669826224,1,0.337060702875399,0.25,1,0.325545171339564,1,0.314465408805031,0.0814696485623003,1,0.330128205128205,1,1,1,0.346875,1,0.337579617834395,1,0.317965023847377,1,0.32484076433121,0.0752351097178683,1,0.626644736842105,1,1,0.32695374800638,1,1,1,1,0.338072669826224,0.318885448916409,1,1,0.323574730354391,0.319422150882825,1,0.443234836702955,0.659606656580938,0,0.330203442879499,0.662974683544304,1,0.336434108527132,1,1,1,0.322834645669291,0.33641975308642,0.336553945249597,1,1,1,0,1,0.3168,0.976228209191759,0.332807570977918,0.323809523809524,0.748043818466354,1,1,1,1,1,0.0392464678178964,0.323390894819466,0.339009287925697,1,0.671383647798742,1,1,1,1,1,1,0.00310077519379845,0.315132605304212,1,0.3216,1,0.317111459968603,1,1,1,1,1,0.330173775671406,1,0.516025641025641,0.333860759493671,0.336923076923077,0.328478964401294,0.330143540669856,0.344,0.430379746835443,0.343260188087774,0.328149300155521,0.326120556414219,1,0.333333333333333,1,0.669254658385093,0.329093799682035,0.308049535603715,0.338072669826224,1,1,1,0.265723270440252,0.332814930015552,1,0.329073482428115,0.340425531914894,0.32093023255814,0.336448598130841,0.673534072900158,1,0.336405529953917,0.320967741935484,1,0.311183144246353,1,0.322932917316693,0.326366559485531,1,1,1,0.531645569620253,1,0.669291338582677,0.0793893129770992,0.335413416536661,1,1,0.0938461538461538,0.331782945736434,0.341935483870968,1,1,0.323943661971831,0.0219435736677116,0.0016,1,1,0.346749226006192,0.998430141287284,1,0.315870570107858,1,1,0.328616352201258,1,1,1,1,0.336477987421384,0.319508448540707,0.340983606557377,1,1,0.654263565891473,0.329113924050633,1,0.325115562403698,0.315457413249211,1,1,1,1,1,0.337025316455696,1,1,0.104,0.348837209302326,0.505564387917329,0.322222222222222,0.664050235478807,0.331240188383046,1,0.322327044025157,0.34181240063593,0.251552795031056,0.329738058551618,1,0.342064714946071,1,1,1,0.319488817891374,0.331782945736434,1,0.927302100161551,0.0610932475884244,1,0.32093023255814,0.334389857369255,0.316639741518578,1,0.342592592592593,0.470774091627172,0.339171974522293,0.318910256410256,0.326892109500805,0.327586206896552,1,0.339712918660287,1,1,0,1,0.3390625,1,1,1,0.343799058084772,1,0.328571428571429,1,0.838212634822804,1,1,1,0.329113924050633,1,1,0.319685039370079,0.327044025157233,1,1,0.332312404287902,0.184210526315789,1,1,1,0,0.320634920634921,1,0.31733746130031,0.242138364779874,1,0.664586583463339,0.449843260188088,1,1,0.664133738601824,0.690140845070423,0.358609794628752,1,0.331761006289308,1,1,0.340694006309148,1,1,0.0078003120124805,0.3344,1,1,0.331738437001595,1,1,0.318840579710145,0.32807570977918,1,1,1,0.541925465838509,0.320813771517997,0.350237717908082,0.332317073170732,0.34012539184953,0.67981072555205,0.346875,0.336507936507937,0.327613104524181,0.236883942766296,0.32484076433121,1,0.327718223583461,1,0.325949367088608,0.0798771121351766,0.0462962962962963,1,1,0.0344287949921753,1,0.674311926605505,0.0392464678178964,0.0113452188006483,1,0.673469387755102,1,1,0.556259904912837,1,0,0.0693548387096774,1,1,1,0.334379905808477,0.637313432835821,0.682487725040916,0.993710691823899,1,0.984350547730829,0.31637519872814,0.335423197492163,1,0.315286624203822,1,0.381619937694704,0.0990415335463259,0.31619937694704,0.335365853658537,0.34006734006734,1,0.077639751552795,1,1,1,0.256211180124224,0.333860759493671,1,0.33175355450237,1,1,0.320872274143302,1,0.341389728096677,1,0.315955766192733,0.334905660377358,1,0.660883280757098,0.32579185520362,1,0.325358851674641,0.771653543307087,0.323574730354391,0.159375,0.33587786259542,0.762903225806452,0.321027287319422,1,0.333858267716535,0.345679012345679,0.309375,1,1,1,0.970588235294118,0.337115072933549,1,0.332792207792208,1,0.336585365853659,0.327718223583461,1,1,1,0.92246835443038,1,0.32093023255814,0.331230283911672,1,1,0.0450885668276973,0.0765625,1,1,0.321656050955414,1,1,0.3248,1,1,0.661417322834646,0.527216174183515,1,0,1,1,0.0938461538461538,0.338509316770186,1,0.339144215530903,1,0.9664,1,0.816901408450704,1,0.347266881028939,1,1,1,0,0.326829268292683,1,1,0.658267716535433,1,0.333855799373041,0.371294851794072,0.335974643423138,1,1,1,0.0885093167701863,0.334379905808477,0.087719298245614,1,0.322530864197531,0.317757009345794,0.358934169278997,0,1,0.959627329192547,1,1,0.341463414634146,0.321981424148607,0.1640625,0.0359937402190923,0.332814930015552,0.325914149443561,0.334883720930233,0.0016025641025641,0.330188679245283,1,0,0.327718223583461,1,1,1,0.326687116564417,0.334862385321101,0.0318979266347687,1,0.328548644338118,0.318681318681319,1,1,0.329192546583851,0.688925081433225,1,1,0.679304897314376,1,0.32,1,0.330143540669856,0.523219814241486,0.657853810264386,0.418181818181818,1,0.31039755351682,0.327586206896552,0.666666666666667,0.6578125,1,0.337962962962963,1,0.330757341576507,1,0.328616352201258,0.320634920634921,0.360890302066773,0.529874213836478,0.33175355450237,0.325878594249201,0.653061224489796,0.329173166926677,0.144736842105263,1,0,1,0.305246422893482,1,0,0.329113924050633,0.329545454545455,1,0.0487062404870624,1,0.0838607594936709,0.34384858044164,1,0.0580847723704867,0.661949685534591,1,1,1,0.322368421052632,0.0368098159509202,1,0.439873417721519,0.0932069510268562,0.363207547169811,0.328682170542636,0.336448598130841,1,1,1,1,1,0.0610687022900763,0.995356037151703,0.6734375,0.00304878048780488,0.338050314465409,1,1,1,1,0.0825545171339564,0.325077399380805,1,1,1,1,1,1,0.483076923076923,0.00163934426229508,1,0.0835913312693498,0.328593996840442,0.427230046948357,1,0.400641025641026,0.32569558101473,0.323390894819466,1,0.0379746835443038,0.3328173374613,1,1,0.373801916932907,0.322033898305085,0.329192546583851,0.332792207792208,1,0.333863275039746,0.333333333333333,0.425867507886435,0.3296875,0.975346687211094,0.322678843226788,0.0819935691318328,0.33489827856025,0,1,0.0883280757097792,0.324324324324324,0.331730769230769,0.329093799682035,1,1,1,1,1,1,0.343402225755167,1,0.323899371069182,0.331114808652246,0.61214953271028,0.661812297734628,1,1,0,0.330792682926829,0.112877583465819,1,0.0317460317460317,1,1,0.340729001584786,1,1,0.638095238095238,0.423701298701299,0.995502248875562,0.0791139240506329,0.095389507154213,1,1,1,0.0864779874213836,0,0.334890965732087,0.442367601246106,0.330757341576507,0,0.333865814696486,0.0830670926517572,1,1,0.3328173374613,0.331240188383046,0.242566510172144,0.339228295819936,0.325077399380805,0.334384858044164,1,1,0.343898573692552,1,0,1,0.2224,1,0.660493827160494,1,0.329153605015674,0.325320512820513,0.0710900473933649,0.663565891472868,1,1,0.782472613458529,0.901771336553945,0.330143540669856,0.333860759493671,1,0.33015873015873,0.261146496815287,0.331746031746032,1,0.101404056162246,1,1,0.324074074074074,0.667731629392971,0.319554848966614,1,1,0.317111459968603,0.315625,0.326747720364742,0.856219709208401,0.325914149443561,1,0.0529595015576324,1,1,0.683962264150943,0.638535031847134,0.33063209076175,0.0509554140127389,0.334905660377358,1,1,0.320512820512821,0.337025316455696,0.611455108359133,1,0.318885448916409,0.377358490566038,0.321316614420063,0.985959438377535,0.462875197472354,0.0047244094488189,0.313271604938272,0.329754601226994,0.340157480314961,0.319870759289176,0.336890243902439,0.970404984423676,1,0.331746031746032,0.538461538461538,0.67479674796748,0.23125,0.679674796747967,1,0.336906584992343,0.00318979266347687,0.333855799373041,0.329721362229102,0.37111801242236,0.336553945249597,0,0.354531001589825,0.32794830371567,0.334389857369255,0.32753164556962
"425",0.507177033492823,0.535603715170279,0.521604938271605,0.540752351097179,0.521671826625387,0.533751962323391,0.21608832807571,0.527386541471048,0.521604938271605,0.363057324840764,0.523219814241486,0.427914110429448,0.725239616613419,0.532307692307692,0.8015625,0.791987673343606,0.406491499227202,0.188589540412044,0.524256651017214,0.511737089201878,0.783489096573209,0.789799072642968,0.53030303030303,0.316846986089645,0.503793626707132,0.802180685358255,0.796557120500782,0.53484602917342,0.506870229007634,0.745627980922099,0.777604976671851,0.785932721712538,0.582181259600614,0.796850393700787,0.45511811023622,0.51869918699187,0.0748829953198128,0.544753086419753,0.793051359516616,0.51702786377709,0.186728395061728,0.205007824726135,0.203363914373089,0.541213063763608,0.528125,0.801901743264659,0.79595015576324,0.79483282674772,0.795665634674923,0.799079754601227,0.47581903276131,0.536891679748823,0.796042617960426,0.523584905660377,0.522273425499232,0.936204146730462,0.0851735015772871,0.539308176100629,0.509863429438543,0.543613707165109,0.819969742813918,0.808176100628931,0.792125984251968,0.190251572327044,0.5229793977813,0.517133956386293,0.441860465116279,0.528125,0.407518796992481,0.799392097264438,0.521538461538462,0.8,0.805732484076433,0.48006379585327,0.0689127105666156,0.528358208955224,0.792998477929985,0.82,0.526717557251908,0.796474358974359,0.371794871794872,0.804953560371517,0.791666666666667,0.541284403669725,0.821316614420063,0.529411764705882,0.529780564263323,0.544049459041731,0.543035993740219,0.201834862385321,0.526645768025078,0.527736131934033,0.47112462006079,0.37442218798151,0.525902668759812,0.424012158054711,0.468652037617555,0.534883720930233,0.0817307692307692,0.196513470681458,0.521060842433697,0.403125,0.780185758513932,0.519354838709677,0.799382716049383,0.532407407407407,0.184331797235023,0.527301092043682,0.80521472392638,0.808411214953271,0.797839506172839,0.52833078101072,0.812307692307692,0.534992223950233,0.0516717325227964,0.533033033033033,0.796899224806202,0.18,0.799086757990868,0.807874015748032,0.0504587155963303,0.533541341653666,0.794435857805255,0.807936507936508,0.535276073619632,0.786707882534776,0.524517087667162,0.525037936267071,0.153846153846154,0.556923076923077,0.541009463722397,0.794992175273865,0.529411764705882,0.425787106446777,0.535483870967742,0.802413273001508,0.186728395061728,0.7947932618683,0.597542242703533,0.681089743589744,0.357698289269051,0.377329192546584,0.524256651017214,0.538338658146965,0.800627943485086,0.509984639016897,0.806646525679758,0.530769230769231,0.714503816793893,0.531437125748503,0.79903536977492,0.520249221183801,0.530805687203792,0.5234375,0.533751962323391,0.80370942812983,0.523364485981308,0.796610169491525,0.227554179566563,0.534668721109399,0.797564687975647,0.525267993874426,0.782071097372488,0.375987361769352,0.538095238095238,0.804107424960506,0.52,0.530139103554869,0.52276295133438,0.80365296803653,0.521193092621664,0.813880126182965,0.523584905660377,0.803405572755418,0.530351437699681,0.799065420560748,0.373088685015291,0.519440124416796,0.157392686804452,0.517350157728707,0.51702786377709,0.802839116719243,0.529862174578867,0.540880503144654,0.518575851393189,0.529953917050691,0.794670846394984,0.78517397881997,0.534181240063593,0.533333333333333,0.803328290468986,0.784251968503937,0.531393568147014,0.0741885625965997,0.173590504451039,0.474576271186441,0.796267496111975,0.188271604938272,0.531490015360983,0.798484848484848,0.50547730829421,0.533333333333333,0.532824427480916,0.784615384615385,0.784496124031008,0.797770700636943,0.53680981595092,0.524564183835182,0.526881720430108,0.458333333333333,0.526645768025078,0.796875,0.560862865947612,0.803432137285491,0.80188679245283,0.341121495327103,0.538341158059468,0.537867078825348,0.536050156739812,0.507716049382716,0.535885167464115,0.418461538461538,0.811410459587956,0.799072642967543,0.531684698608965,0.190769230769231,0.526475037821483,0.533834586466165,0.520249221183801,0.523736600306279,0.52112676056338,0.536036036036036,0.487616099071207,0.145896656534954,0.521739130434783,0.80127186009539,0.517829457364341,0.796296296296296,0.53343701399689,0.534181240063593,0.524332810047096,0.543171114599686,0.521394611727417,0.8015625,0.53587786259542,0.9875,0.804043545878694,0.797235023041475,0.794628751974723,0.796850393700787,0.794025157232704,0.682965299684543,0.805255023183926,0.812111801242236,0.792890262751159,0.513636363636364,0.805295950155763,0.530254777070064,0.194233687405159,0.8,0.168970814132104,0.803125,0.52276295133438,0.550156739811912,0.531055900621118,0.209627329192547,0.789147286821705,0.539291217257319,0.798425196850394,0.795454545454545,0.801872074882995,0.792890262751159,0.197204968944099,0.531001589825119,0.797527047913447,0.802507836990596,0.535321821036107,0.798722044728435,0.538345864661654,0.791225416036309,0.796610169491525,0.519685039370079,0.52931854199683,0.505392912172573,0.0545171339563863,0.529968454258675,0.204368174726989,0.38030303030303,0.790697674418605,0.520673813169985,0.545741324921136,0.36322188449848,0.793939393939394,0.808917197452229,0.530063291139241,0.546165884194053,0.796352583586626,0.436335403726708,0.474683544303797,0.516535433070866,0.537242472266244,0.810318664643399,0.537267080745342,0.51424287856072,0.793478260869565,0.531881804043546,0.512158054711246,0.793261868300153,0.520634920634921,0.528213166144201,0.525423728813559,0.535714285714286,0.804347826086957,0.787330316742081,0.802884615384615,0.521060842433697,0.533123028391167,0.195384615384615,0.813084112149533,0.53015873015873,0.796352583586626,0.789147286821705,0.521604938271605,0.540458015267176,0.525423728813559,0.5390625,0.528771384136858,0.796583850931677,0.529411764705882,0.510903426791277,0.353035143769968,0.806697108066971,0.643302180685358,0.783359497645212,0.201248049921997,0.793577981651376,0.52790346907994,0.797488226059655,0.810810810810811,0.204301075268817,0.798484848484848,0.542130365659777,0.787692307692308,0.534267912772586,0.518633540372671,0.527047913446677,0.809597523219814,0.789634146341463,0.535493827160494,0.601275917065391,0.401913875598086,0.521462639109698,0.796352583586626,0.804075235109718,0.804416403785489,0.537007874015748,0.795107033639144,0.0482115085536547,0.796946564885496,0.801872074882995,0.809220985691574,0.799691833590139,0.534246575342466,0.801574803149606,0.5168,0.53448275862069,0.470219435736677,0.507020280811232,0.795069337442219,0.512269938650307,0.522796352583587,0.524720893141946,0.806201550387597,0.515337423312883,0.805031446540881,0.535444947209653,0.694573643410853,0.51937984496124,0.528391167192429,0.537519142419602,0.783825816485226,0.531152647975078,0.52112676056338,0.799387442572741,0.790199081163859,0.543343653250774,0.51702786377709,0.791277258566978,0.268292682926829,0.523809523809524,0.536697247706422,0.541085271317829,0.474164133738602,0.800314465408805,0.5184,0.790769230769231,0.205007824726135,0.51937984496124,0.19188767550702,0.911987860394537,0.525157232704403,0.528593508500773,0.198821796759941,0.23728813559322,0.809302325581395,0.524464831804281,0.803405572755418,0.537617554858934,0.5296,0.795631825273011,0.516030534351145,0.528951486697966,0.46417445482866,0.807153965785381,0.524767801857585,0.542503863987635,0.8046875,0.519938650306748,0.527821939586645,0.803149606299213,0.133846153846154,0.524409448818898,0.54434250764526,0.541925465838509,1,0.785046728971963,0.772370486656201,0.800904977375566,0.797191887675507,0.19375,0.805513016845329,0.811526479750779,0.791793313069909,0.218354430379747,0.798076923076923,0.523664122137405,0.8,0.530708661417323,0.793798449612403,0.378947368421053,0.420647149460709,0.5220700152207,0.530395136778115,0.425,0.535369774919614,0.204236006051437,0.413312693498452,0.476635514018692,0.524962178517398,0.192248062015504,0.522865853658537,0.525581395348837,0.561128526645768,0.51840490797546,0.468412942989214,0.383280757097792,0.529968454258675,0.529051987767584,0.511700468018721,0.802215189873418,0.176296296296296,0.201938610662359,0.520123839009288,0.528771384136858,0.555384615384615,0.783616692426584,0.123417721518987,0.525581395348837,0.793103448275862,0.526799387442573,0.861417322834646,0.355905511811024,0.790625,0.799392097264438,0.804241435562806,0.523520485584218,0.39117199391172,0.528158295281583,0.53525641025641,0.530326594090202,0.203363914373089,0.803767660910518,0.516640253565769,0.807210031347962,0.52411575562701,0.526148969889065,0.784283513097072,0.534700315457413,0.78955223880597,0.530708661417323,0.795031055900621,0.796899224806202,0.541795665634675,0.196567862714509,0.792109256449165,0.530326594090202,0.803174603174603,0.751552795031056,0.786786786786787,0.296466973886329,0.796992481203007,0.776911076443058,0.778481012658228,0.527331189710611,0.796583850931677,0.800911854103343,0.780525502318393,0.526881720430108,0.538950715421304,0.524096385542169,0.569131832797428,0.120717781402936,0.522273425499232,0.807936507936508,0.546583850931677,0.78125,0.79483282674772,0.527522935779816,0.534883720930233,0.540334855403349,0.606531881804043,0.526717557251908,0.790030211480363,0.793798449612403,0.54337899543379,0.541996830427892,0.411023622047244,0.377777777777778,0.524031007751938,0.541009463722397,0.785266457680251,0.518461538461538,0.53003003003003,0.790625,0.515151515151515,0.522865853658537,0.204651162790698,0.0630769230769231,0.534668721109399,0.46577380952381,0.521875,0.529051987767584,0.372128637059724,0.798761609907121,0.528682170542636,0.819595645412131,0.528771384136858,0.553125,0.529503105590062,0.693972179289026,0.522550544323484,0.800632911392405,0.53953488372093,0.518167456556082,0.538216560509554,0.46583850931677,0.784219001610306,0.5376,0.536547433903577,0.19435736677116,0.535060975609756,0.807874015748032,0.854324734446131,0.804314329738058,0.518461538461538,0.532608695652174,0.529874213836478,0.368340943683409,0.807511737089202,0.374800637958533,0.543035993740219,0.787650602409639,0.781538461538462,0.831050228310502,0.463722397476341,0.5320813771518,0.57984496124031,0.527216174183515,0.528505392912173,0.811912225705329,0.797564687975647,0.289922480620155,0.41875,0.786604361370717,0.797507788161994,0.794251134644478,0.469483568075117,0.807692307692308,0.534954407294833,0.464678178963893,0.797276853252648,0.53858024691358,0.522906793048973,0.528861154446178,0.802752293577982,0.792998477929985,0.416932907348243,0.524031007751938,0.792834890965732,0.790199081163859,0.515432098765432,0.513677811550152,0.8,0.206022187004754,0.529225908372828,0.523659305993691,0.189655172413793,0.529141104294479,0.780821917808219,0.511811023622047,0.786163522012579,0.0640243902439024,0.1875,0.688821752265861,0.532507739938081,0.798484848484848,0.792307692307692,0.197549770290965,0.191489361702128,0.5390625,0.803432137285491,0.525806451612903,0.80421686746988,0.528951486697966,0.78816199376947,0.796557120500782,0.84031007751938,0.59253499222395,0.801261829652997,0.794348508634223,0.178736517719569,0.795665634674923,0.309446254071661,0.528125,0.459787556904401,0.527777777777778,0.801251956181534,0.523809523809524,0.458461538461538,0.788643533123028,0.783783783783784,0.519543973941368,0.406626506024096,0.53822629969419,0.374213836477987,0.828393135725429,0.541538461538462,0.408385093167702,0.179245283018868,0.526729559748428,0.528771384136858,0.52781954887218,0.798711755233494,0.410687022900763,0.5220700152207,0.902362204724409,0.38375796178344,0.836115326251897,0.791666666666667,0.806106870229008,0.524691358024691,0.543443917851501,0.522012578616352,0.530139103554869,0.517133956386293,0.392424242424242,0.512269938650307,0.189522342064715,0.470764617691154,0.8,0.538819875776398,0.511737089201878,0.535031847133758,0.525345622119816,0.376947040498442,0.792738275340393,0.537537537537538,0.541732283464567,0.548644338118022,0.52276295133438,0.537151702786378,0.517884914463453,0.0547112462006079,0.460443037974684,0.534072900158479,0.389908256880734,0.79304897314376,0.0651162790697674,0.524691358024691,0.868589743589744,0.777059773828756,0.795384615384615,0.535384615384615,0.418856259659969,0.794117647058823,0.526964560862866,0.50855365474339,0.848966613672496,0.803353658536585,0.805598755832037,0.794628751974723,0.534456355283308,0.792663476874003,0.7890625,0.684952978056426,0.799382716049383,0.55640243902439,0.793313069908815,0.370967741935484,0.798136645962733,0.460244648318043,0.517829457364341,0.380503144654088,0.794712286158631,0.799377916018662,0.807266982622433,0.530395136778115,0.537404580152672,0.532905296950241,0.530232558139535,0.520249221183801,0.54066985645933,0.81619937694704,0.516819571865443,0.79320987654321,0.811258278145695,0.563829787234043,0.201248049921997,0.524316109422492,0.524962178517398,0.46,0.803951367781155,0.346036585365854,0.53951367781155,0.429237947122862,0.523148148148148,0.517684887459807,0.80625,0.518518518518518,0.541935483870968,0.496050552922591,0.714983713355049,0.523880597014925,0.39938080495356,0.362341772151899,0.526799387442573,0.550955414012739,0.519938650306748,0.370942812982998,0.471494607087827,0.807395993836672,0.901869158878505,0.796969696969697,0.46,0.79153605015674,0.385220125786164,0.522012578616352,0.528662420382166,0.793261868300153,0.796923076923077,0.203149606299213,0.8096,0.796610169491525,0.810769230769231,0.517080745341615,0.521875,0.800632911392405,0.526002971768202,0.465331278890601,0.522691705790297,0.252336448598131,0.523510971786834,0.201228878648233,0.525423728813559,0.806853582554517,0.794258373205742,0.374045801526718,0.196923076923077,0.536434108527132,0.539657853810264,0.311526479750779,0.481481481481481,0.797488226059655,0.794585987261146,0.52887537993921,0.813374805598756,0.208722741433022,0.798412698412698,0.527027027027027,0.364341085271318,0.52241112828439,0.529780564263323,0.809891808346213,0.199685534591195,0.793375394321767,0.512,0.530063291139241,0.792834890965732,0.795031055900621,0.801829268292683,0.533858267716535,0.809148264984227,0.525157232704403,0.401840490797546,0.530959752321981,0.534072900158479,0.206738131699847,0.155038759689922,0.818471337579618,0.40746500777605,0.797213622291022,0.525502318392581,0.534810126582278,0.788976377952756,0.810852713178295,0.172519083969466,0.546583850931677,0.793674698795181,0.697108066971081,0.791730474732006,0.50920245398773,0.0511182108626198,0.471582181259601,0.786259541984733,0.806990881458967,0.802232854864434,0.79746835443038,0.806596701649175,0.495454545454545,0.5141065830721,0.797822706065319,0.0901771336553945,0.201248049921997,0.236280487804878,0.211290322580645,0.533858267716535,0.806800618238022,0.460691823899371,0.804314329738058,0.803100775193798,0.677914110429448,0.803174603174603,0.459293394777266,0.798761609907121,0.789556962025316,0.804724409448819,0.806201550387597
"426",0.294488188976378,0.303738317757009,0.308641975308642,0.318611987381703,0.301710730948678,0.298761609907121,0.0111642743221691,0.314465408805031,0.300623052959502,0.595541401273885,0.305084745762712,0.651305683563748,0.507788161993769,0.3125,1,1,0.628659476117103,0,0.31687898089172,0.297045101088647,1,1,0.305810397553517,0.523659305993691,0.303215926493109,1,1,0.326332794830372,0.294478527607362,0.515974440894569,1,0.585139318885449,0.358895705521472,0.996879875195008,0.680124223602484,0.306188925081433,0.134466769706337,0.319634703196347,1,0.297380585516179,0.00156985871271586,0,0,0.325984251968504,0.315705128205128,1,0.995341614906832,1,1,1,0.70015455950541,0.318979266347687,1,0.317757009345794,0.305810397553517,0.804075235109718,0.12924071082391,0.313178294573643,0.304615384615385,0.312302839116719,0.990895295902883,1,1,0.00469483568075117,0.308319738988581,0.3046875,0.663536776212833,0.321259842519685,0.622188905547226,1,0.308755760368664,1,1,0.266347687400319,0.158218125960061,0.302222222222222,1,0.995440729483283,0.310077519379845,1,0.618819776714514,1,1,0.318112633181126,1,0.31441717791411,0.305863708399366,0.315301391035549,0.308411214953271,0,0.314589665653495,0.309923664122137,0.7015625,0.597842835130971,0.30503144654088,0.65144596651446,0.690292758089368,0.304482225656878,0.125,0,0.305426356589147,0.62992125984252,1,0.307324840764331,1,0.309262166405024,0,0.311320754716981,1,1,1,0.29984544049459,0.996889580093313,0.31201248049922,0.214395099540582,0.304477611940298,1,0.387944358578053,1,1,0.208655332302937,0.312404287901991,1,1,0.321538461538462,1,0.305847076461769,0.306060606060606,0.374213836477987,0.769465648854962,0.306709265175719,1,0.317891373801917,0.646616541353383,0.320063694267516,1,0.00156494522691706,1,0.361370716510903,0.893203883495146,0.593798449612403,0.612752721617418,0.310664605873261,0.321086261980831,1,0.299382716049383,1,0.297674418604651,0.495356037151703,0.314589665653495,1,0.30568356374808,0.3015625,0.31201248049922,0.314641744548287,1,0.290372670807453,1,0.435857805255023,0.310185185185185,1,0.312121212121212,1,0.602201257861635,0.31201248049922,1,0.30564263322884,0.306278713629403,0.321428571428571,0.986111111111111,0.317829457364341,1,0.311811023622047,1,0.310289389067524,1,0.60763358778626,0.295489891135303,0.0339256865912763,0.2832,0.304761904761905,1,0.292569659442724,0.307692307692308,0.309375,0.321372854914197,1,1,0.317460317460317,0.314641744548287,1,1,0.315467075038285,0.246913580246914,0.0192307692307692,0.695787831513261,1,0.00157232704402516,0.305772230889236,1,0.308917197452229,0.302290076335878,0.303738317757009,1,1,1,0.315946348733234,0.306089743589744,0.303076923076923,0.688679245283019,0.301075268817204,1,0.324031007751938,1,1,0.441538461538462,0.3136,0.315707620528771,0.315132605304212,0.29393468118196,0.307692307692308,0.653250773993808,1,1,0.306153846153846,0.00464396284829721,0.315789473684211,0.310502283105023,0.313178294573643,0.295281582952816,0.281055900621118,0.305597579425113,0.707241910631741,0.36906584992343,0.297674418604651,1,0.317891373801917,1,0.296969696969697,0.29635499207607,0.299684542586751,0.315457413249211,0.300319488817891,1,0.31651376146789,0.791469194312796,1,1,0.998430141287284,1,1,0.897435897435897,1,1,1,0.319083969465649,1,0.32137030995106,0,1,0.395672333848532,1,0.310618066561014,0.306603773584906,0.303076923076923,0.426127527216174,1,0.311827956989247,1,1,1,1,0,0.299212598425197,1,1,0.314152410575428,1,0.311526479750779,1,1,0.300632911392405,0.314102564102564,0.286833855799373,0.147286821705426,0.314873417721519,0,0.607305936073059,1,0.312024353120244,0.307332293291732,0.594470046082949,1,1,0.321656050955414,0.321144674085851,1,0.666146645865835,0.714968152866242,0.297637795275591,0.301435406698565,0.993920972644377,0.321372854914197,0.299698795180723,1,0.29984544049459,0.29618320610687,1,0.302795031055901,0.311424100156495,0.30030959752322,0.307332293291732,1,1,1,0.2953125,0.313178294573643,0.00617283950617284,0.992150706436421,0.317535545023697,1,1,0.304482225656878,0.321646341463415,0.29984544049459,0.3078125,0.301223241590214,1,0.299524564183835,0.302839116719243,0.592651757188498,1,0.831761006289308,1,0,1,0.316816816816817,1,1,0.430340557275542,1,0.308411214953271,1,0.305993690851735,0.29153605015674,0.301391035548686,1,1,0.313455657492355,0.383012820512821,0.629457364341085,0.298412698412698,1,1,1,0.3104,1,0.209048361934477,1,1,1,1,0.319314641744548,1,0.300970873786408,0.326153846153846,0.691833590138675,0.291798107255521,1,0.310769230769231,0.314024390243902,0.30379746835443,1,0.29618320610687,1,0.314024390243902,0.462616822429907,0.310832025117739,0.310725552050473,0.3,1,0.313195548489666,0.299373040752351,1,1,0.306976744186047,0.302469135802469,1,0.489329268292683,0.307568438003221,0.311145510835913,0.319148936170213,0.692068429237947,1,0.285261489698891,1,0.420886075949367,0.299373040752351,0,0.875384615384615,0.312,0.309486780715397,0,0.0376175548589342,0.9796875,0.302180685358255,1,0.296703296703297,0.307073954983923,1,0.312693498452012,0.301587301587302,0.679626749611198,1,0.31733746130031,0.318110236220472,1,0.308527131782946,0.300955414012739,1,0.351477449455676,0.308426073131955,0.310185185185185,0.320813771517997,0.785046728971963,1,0.982758620689655,1,1,0.00158730158730159,1,0.995268138801262,1,0.428348909657321,0.998427672955975,0.298165137614679,0.993939393939394,0.317610062893082,0.996913580246914,0.614583333333333,0.641768292682927,0.310872894333844,0.305900621118012,0.646875,0.304975922953451,0,0.643856920684292,0.693650793650794,0.312693498452012,0.00153846153846154,0.304615384615385,0.295208655332303,0.775351014040562,0.314728682170543,0.690993788819876,0.604133545310016,0.311627906976744,0.308980213089802,0.292569659442724,1,0.0269058295964126,0,0.309486780715397,0.312307692307692,0.319938176197836,1,0.350387596899225,0.314553990610329,1,0.30568356374808,0.942367601246106,0.583987441130298,1,1,0.993288590604027,0.31104199066874,0.620060790273556,0.311844077961019,0.296950240770466,0.3078125,0.429892141756549,1,0.295774647887324,1,0.31629392971246,0.303858520900322,1,0.309375,1,0.315955766192733,1,1,0.314241486068111,0,1,0.313755795981453,1,0.556240369799692,1,0.523148148148148,1,0.550079491255962,1,0.307448494453249,1,1,1,0.305900621118012,0.315955766192733,0.307110438729198,0.334928229665072,0.341384863123994,0.296062992125984,1,0.316358024691358,1,1,0.31733746130031,0.309375,0.303543913713405,0.380434782608696,0.313546423135464,1,1,0.3171875,0.311605723370429,0.645110410094637,0.6046875,0.313364055299539,0.312401883830455,1,0.298921417565485,0.305722891566265,0.998452012383901,0.297770700636943,0.303265940902022,0,0.142419601837672,0.306976744186047,0.686943620178042,0.306962025316456,0.319148936170213,0.615975422427035,0.996894409937888,0.302884615384615,1,0.3078125,0.34472049689441,0.311424100156495,0.462962962962963,0.307692307692308,1,0.313664596273292,0.31496062992126,0.3203125,0.697247706422018,1,0.317965023847377,0.309230769230769,0,0.309119010819165,1,0.952234206471495,1,0.305343511450382,0.30781010719755,0.306976744186047,0.593846153846154,1,0.597464342313788,0.326086956521739,1,1,0.964006259780908,0.684713375796178,0.323029366306028,0.340694006309148,0.310975609756098,0.308868501529052,1,1,0.528301886792453,0.639498432601881,1,1,1,0.702362204724409,1,0.311926605504587,0.692546583850932,1,0.307692307692308,0.311320754716981,0.309262166405024,0.998454404945904,1,0.651273885350318,0.313364055299539,1,1,0.320493066255778,0.295489891135303,1,0,0.306603773584906,0.3,0.00625,0.309341500765697,1,0.302547770700637,1,0.148773006134969,0,0.907046476761619,0.322378716744914,1,1,0,0.00153374233128834,0.315625,1,0.306581059390048,0.998456790123457,0.302034428794992,1,0.998420221169036,0.961240310077519,0.773006134969325,1,1,0.00464396284829721,1,0.536348949919225,0.308411214953271,0.677811550151976,0.308892355694228,1,0.302469135802469,0.682588597842835,1,1,0.308661417322835,0.624624624624625,0.318252730109204,0.605919003115265,0.973270440251572,0.317683881064163,0.615625,0.0125391849529781,0.29984544049459,0.310452418096724,0.308396946564885,1,0.650381679389313,0.295208655332303,0.881804043545879,0.602825745682888,0.96937212863706,1,1,0.299065420560748,0.3296,0.30298273155416,0.308282208588957,0.310291858678955,0.626524390243902,0.289877300613497,0,0.691265060240964,0.998447204968944,0.317073170731707,0.294303797468354,0.313694267515924,0.30521472392638,0.6140625,1,0.32469512195122,0.32755905511811,0.318181818181818,0.314873417721519,0.303405572755418,0.306729264475743,0.202723146747353,0.693498452012384,0.3078125,0.61236802413273,1,0.238317757009346,0.311145510835913,0.914516129032258,1,1,0.303543913713405,0.647335423197492,1,0.305084745762712,0.287949921752739,0.953821656050955,1,1,0.99685534591195,0.316279069767442,1,1,0.910518053375196,1,0.337480559875583,1,0.597423510466989,1,0.680555555555556,0.301412872841444,0.608763693270736,1,1,0.992138364779874,0.324200913242009,0.311424100156495,0.310789049919485,0.309968847352025,0.317384370015949,0.312202852614897,0.98116169544741,0.296296296296296,1,1,0.70015455950541,0,0.304747320061256,0.307453416149068,0.688650306748466,1,0.575427682737169,0.316590563165906,0.653418124006359,0.303738317757009,0.309904153354633,1,0.306729264475743,0.301282051282051,0.686520376175549,0.912762520193861,0.30962962962963,0.616113744075829,0.593354430379747,0.309707241910632,0.313694267515924,0.295489891135303,0.60377358490566,0.690625,1,0.885448916408669,1,0.675187969924812,0.998407643312102,0.605678233438486,0.304897314375987,0.318181818181818,1,1,0.434782608695652,0.993710691823899,0.996955859969559,1,0.305295950155763,0.318461538461538,1,0.308035714285714,0.693374422187982,0.324655436447167,0.463836477987421,0.303459119496855,0,0.298921417565485,1,1,0.602465331278891,0.00153374233128834,0.318252730109204,0.308049535603715,0.0979462875197472,0.4112,1,1,0.304482225656878,1,0.420382165605096,1,0.319758672699849,0.596923076923077,0.314329738058552,0.309262166405024,1,0,1,0.304,0.312202852614897,1,1,1,0.445512820512821,1,0.309006211180124,0.628125,0.322932917316693,0.316957210776545,0.00156494522691706,0.0403100775193798,1,0.630503144654088,1,0.31619937694704,0.319488817891374,1,1,0.163833075734158,0.298904538341158,1,0.905775075987842,1,0.313161875945537,0.206022187004754,0.684532924961715,1,1,1,1,1,0.280060882800609,0.297045101088647,1,0.118483412322275,0.0016,0.449922958397535,0,0.318681318681319,1,0.690625,1,1,0.89644513137558,1,0.688751926040062,1,1,1,1
"427",0.323248407643312,0.334405144694534,0.337519623233909,0.360258481421648,0.333860759493671,0.343799058084772,0.0293159609120521,0.345541401273885,0.335949764521193,0.594202898550725,0.341692789968652,0.649921507064364,0.492845786963434,0.348580441640379,0.980861244019139,0.980891719745223,0.635658914728682,0.0197368421052632,0.354889589905363,0.342313787638669,0.980982567353407,0.984152139461173,0.346456692913386,0.550314465408805,0.339009287925697,0.983076923076923,0.982229402261712,0.364227642276423,0.335949764521193,0.503225806451613,0.982785602503912,0.562009419152276,0.381102362204724,0.979559748427673,0.640502354788069,0.339344262295082,0.167192429022082,0.348909657320872,0.978361669242658,0.334890965732087,0.0223642172523962,0.0173228346456693,0.0203761755485893,0.355555555555556,0.345218800648298,0.979299363057325,0.979299363057325,0.976816074188563,0.978125,0.982919254658385,0.666666666666667,0.350961538461538,0.981279251170047,0.346875,0.339035769828927,0.792393026941363,0.150316455696203,0.340255591054313,0.342857142857143,0.34991974317817,0.976780185758514,0.982456140350877,0.982428115015974,0.027027027027027,0.33387358184765,0.346394984326019,0.6656,0.34991974317817,0.626139817629179,0.981481481481482,0.342679127725857,0.980982567353407,0.97708674304419,0.321951219512195,0.191222570532915,0.345509893455099,0.979782270606532,0.979750778816199,0.345794392523364,0.985294117647059,0.622366288492707,0.982371794871795,0.9808,0.350157728706625,0.98256735340729,0.340361445783133,0.341423948220065,0.346394984326019,0.346518987341772,0.0207006369426752,0.339805825242718,0.348694316436252,0.664556962025316,0.596244131455399,0.333333333333333,0.649230769230769,0.65086887835703,0.341732283464567,0.152209492635025,0.0162074554294976,0.343898573692552,0.637958532695375,0.984025559105431,0.33868378812199,0.977777777777778,0.333855799373041,0.0203761755485893,0.353312302839117,0.980769230769231,0.977883096366509,0.977952755905512,0.337480559875583,0.975116640746501,0.340659340659341,0.237129485179407,0.335866261398176,0.979430379746835,0.409937888198758,0.980030721966206,0.982511923688394,0.230647709320695,0.34185303514377,0.982839313572543,0.978930307941653,0.349304482225657,0.9796875,0.346210995542348,0.335433070866142,0.40809968847352,0.802180685358255,0.344155844155844,0.985691573926868,0.357827476038339,0.639269406392694,0.357827476038339,0.9859375,0.020440251572327,0.978021978021978,0.356918238993711,0.913680781758958,0.600638977635783,0.613782051282051,0.340694006309148,0.352845528455285,0.977883096366509,0.330721003134796,0.977134146341463,0.324324324324324,0.482170542635659,0.350230414746544,0.982456140350877,0.3359375,0.342443729903537,0.353796445880452,0.34493670886076,0.982286634460548,0.3375,0.983818770226537,0.464678178963893,0.35303265940902,0.981308411214953,0.349529780564263,0.979527559055118,0.609046849757674,0.346839546191248,0.977671451355662,0.346456692913386,0.335433070866142,0.358490566037736,0.970125786163522,0.35,0.985645933014354,0.35426731078905,0.977777777777778,0.338308457711443,0.982428115015974,0.60377358490566,0.323763955342903,0.0508196721311475,0.32695374800638,0.345425867507886,0.9808,0.329113924050633,0.336012861736334,0.338632750397456,0.349683544303797,0.980891719745223,0.984423676012461,0.34887459807074,0.346456692913386,0.978227060653188,0.980613893376414,0.354889589905363,0.270061728395062,0.0393939393939394,0.661971830985915,0.982731554160126,0.0241157556270096,0.341614906832298,0.981424148606811,0.345718901453958,0.3328173374613,0.33968253968254,0.985714285714286,0.982945736434109,0.978688524590164,0.353211009174312,0.340322580645161,0.34597875569044,0.665071770334928,0.333333333333333,0.979032258064516,0.346031746031746,0.979066022544283,0.98116169544741,0.478740157480315,0.352180936995153,0.3453125,0.343898573692552,0.326498422712934,0.334935897435897,0.657770800627943,0.976228209191759,0.981337480559876,0.342679127725857,0.0236220472440945,0.354938271604938,0.341463414634146,0.342812006319115,0.334913112164297,0.32967032967033,0.338485316846986,0.674418604651163,0.39938080495356,0.338050314465409,0.982200647249191,0.350157728706625,0.980738362760835,0.333853354134165,0.327503974562798,0.334389857369255,0.35031847133758,0.334928229665072,0.980952380952381,0.339563862928349,0.76,0.979066022544283,0.981395348837209,0.975767366720517,0.977952755905512,0.979430379746835,0.919614147909968,0.9792663476874,0.977917981072555,0.977917981072555,0.346456692913386,0.980922098569157,0.3442088091354,0.0200927357032458,0.980861244019139,0.419811320754717,0.982704402515723,0.349025974025974,0.344444444444444,0.340157480314961,0.4464,0.985915492957746,0.344186046511628,0.982113821138211,0.978625954198473,0.981102362204724,0.979559748427673,0.0175718849840256,0.3456,0.979719188767551,0.979099678456592,0.338607594936709,0.982200647249191,0.345256609642302,0.978227060653188,0.9858934169279,0.337579617834395,0.355769230769231,0.322274881516588,0.179527559055118,0.350877192982456,0.018957345971564,0.614439324116744,0.979430379746835,0.341692789968652,0.353035143769968,0.608424336973479,0.982945736434109,0.977564102564103,0.353333333333333,0.354992076069731,0.976228209191759,0.658346333853354,0.674679487179487,0.33122028526149,0.345276872964169,0.978260869565217,0.352564102564103,0.332307692307692,0.981012658227848,0.344287949921753,0.326656394453005,0.984276729559748,0.346092503987241,0.340590979782271,0.341692789968652,0.3390625,0.981102362204724,0.981566820276498,0.982055464926591,0.332268370607029,0.352,0.028391167192429,0.97626582278481,0.353697749196141,0.979655712050078,0.982229402261712,0.335413416536661,0.350387596899225,0.326086956521739,0.345971563981043,0.334883720930233,0.977917981072555,0.335473515248796,0.337519623233909,0.598726114649682,0.979813664596273,0.866242038216561,0.980982567353407,0.0172684458398744,0.982731554160126,0.348982785602504,0.982428115015974,0.982484076433121,0.456112852664577,0.979655712050078,0.3472,0.979969183359014,0.3375,0.326530612244898,0.340062111801242,0.982456140350877,0.984423676012461,0.346333853354134,0.390322580645161,0.626582278481013,0.335483870967742,0.979719188767551,0.979495268138801,0.987096774193548,0.351132686084142,0.98125,0.23861852433281,0.9796875,0.982428115015974,0.978827361563518,0.979397781299525,0.3484375,0.982539682539682,0.334975369458128,0.353312302839117,0.650717703349282,0.326332794830372,0.979495268138801,0.354992076069731,0.347286821705426,0.337115072933549,0.979066022544283,0.338006230529595,0.984126984126984,0.346625766871166,0.455696202531646,0.359497645211931,0.34887459807074,0.335925349922239,0.981191222570533,0.345104333868379,0.331738437001595,0.981072555205047,0.979462875197472,0.345483359746434,0.330188679245283,0.979527559055118,0.511520737327189,0.347133757961783,0.343799058084772,0.345092024539877,0.65625,0.979430379746835,0.326699834162521,0.980952380952381,0.444270015698587,0.3328,0.0203125,0.855828220858896,0.341463414634146,0.336507936507937,0.0213414634146341,0.0512,0.962323390894819,0.338118022328549,0.980891719745223,0.341772151898734,0.330081300813008,0.984,0.34748427672956,0.344551282051282,0.648902821316614,0.982428115015974,0.348101265822785,0.343402225755167,0.984101748807631,0.341653666146646,0.3248,0.977635782747604,0.377179080824089,0.341269841269841,0.349304482225657,0.350237717908082,0.772370486656201,0.982758620689655,1,0.97737556561086,0.979655712050078,0.0207006369426752,0.979813664596273,0.976489028213166,0.982892690513219,0.451923076923077,0.980769230769231,0.344615384615385,0.977238239757208,0.354430379746835,0.978090766823161,0.618541033434651,0.648062015503876,0.34715821812596,0.336923076923077,0.656101426307448,0.331738437001595,0.0170807453416149,0.642289348171701,0.681528662420382,0.344827586206897,0.0206022187004754,0.337579617834395,0.334370139968896,0.807692307692308,0.346811819595645,0.667192429022082,0.60291734197731,0.34748427672956,0.337442218798151,0.326465927099842,0.97752808988764,0.0483383685800604,0.0180623973727422,0.346394984326019,0.350157728706625,0.339652448657188,0.978193146417445,0.376,0.348580441640379,0.980982567353407,0.339593114241002,0.920886075949367,0.58664546899841,0.979750778816199,0.982892690513219,0.974704890387858,0.351393188854489,0.62,0.34715821812596,0.331715210355987,0.347417840375587,0.448382126348228,0.980613893376414,0.336569579288026,0.982649842271293,0.345335515548282,0.34584013050571,0.979559748427673,0.343949044585987,0.981679389312977,0.341732283464567,0.98389694041868,0.9824,0.342679127725857,0.0211726384364821,0.98159509202454,0.353312302839117,0.980707395498392,0.553090332805071,0.979813664596273,0.534992223950233,0.981481481481482,0.534375,0.980645161290323,0.348949919224556,0.982649842271293,0.979782270606532,0.984301412872841,0.338557993730408,0.346581875993641,0.350769230769231,0.348949919224556,0.371666666666667,0.338072669826224,0.982200647249191,0.353312302839117,0.980392156862745,0.980061349693252,0.349683544303797,0.340157480314961,0.335913312693498,0.380655226209048,0.34472049689441,0.9828125,0.98116169544741,0.35062893081761,0.348726114649682,0.643548387096774,0.607874015748031,0.343260188087774,0.346092503987241,0.979032258064516,0.333850931677019,0.346094946401225,0.985915492957746,0.333878887070376,0.3390625,0.0158478605388273,0.166407465007776,0.344391785150079,0.646788990825688,0.339116719242902,0.345146379044684,0.616224648985959,0.979495268138801,0.336569579288026,0.977777777777778,0.333333333333333,0.343402225755167,0.344,0.451968503937008,0.342902711323764,0.978476821192053,0.350467289719626,0.34887459807074,0.351132686084142,0.662519440124417,0.983606557377049,0.351701782820097,0.340557275541796,0.0174050632911392,0.348982785602504,0.977777777777778,0.927786499215071,0.981042654028436,0.349282296650718,0.350547730829421,0.333863275039746,0.597542242703533,0.979166666666667,0.61576354679803,0.356576862123613,0.981308411214953,0.985915492957746,0.950310559006211,0.651273885350318,0.356451612903226,0.35423197492163,0.343260188087774,0.34748427672956,0.97752808988764,0.978755690440061,0.536277602523659,0.643423137876387,0.980952380952381,0.977671451355662,0.978056426332288,0.674085850556439,0.979430379746835,0.351937984496124,0.655660377358491,0.981042654028436,0.35423197492163,0.343898573692552,0.348031496062992,0.978294573643411,0.984472049689441,0.65089722675367,0.347619047619048,0.982785602503912,0.982484076433121,0.353582554517134,0.338006230529595,0.979495268138801,0.0193548387096774,0.3408,0.336025848142165,0.0221870047543582,0.340062111801242,0.979782270606532,0.339774557165862,0.9776,0.176100628930818,0.0170278637770898,0.92412746585736,0.35748031496063,0.984520123839009,0.984251968503937,0.0141509433962264,0.021671826625387,0.344827586206897,0.981366459627329,0.33063209076175,0.981762917933131,0.336553945249597,0.980891719745223,0.979032258064516,0.946624803767661,0.816745655608215,0.984025559105431,0.979430379746835,0.01743264659271,0.976671850699845,0.531502423263328,0.346031746031746,0.651771956856703,0.352941176470588,0.979233226837061,0.328050713153724,0.648818897637795,0.977812995245642,0.983974358974359,0.332802547770701,0.634586466165414,0.356807511737089,0.599041533546326,0.955056179775281,0.354430379746835,0.617693522906793,0.033175355450237,0.332278481012658,0.348367029548989,0.342767295597484,0.98202614379085,0.646875,0.333853354134165,0.858730158730159,0.604538087520259,0.947852760736196,0.97984496124031,0.979559748427673,0.329652996845426,0.366720516962843,0.337078651685393,0.339089481946625,0.332810047095761,0.633540372670807,0.331775700934579,0.0204081632653061,0.659476117103236,0.979397781299525,0.352755905511811,0.33122028526149,0.334410339256866,0.346749226006192,0.629107981220657,0.978260869565217,0.352664576802508,0.364500792393027,0.358766233766234,0.351181102362205,0.333333333333333,0.343499197431782,0.231950844854071,0.658105939004815,0.341269841269841,0.616224648985959,0.981220657276995,0.265402843601896,0.339652448657188,0.90302066772655,0.983525535420099,0.984251968503937,0.340222575516693,0.647798742138365,0.979623824451411,0.346456692913386,0.323151125401929,0.937399678972713,0.979495268138801,0.985714285714286,0.978964401294498,0.339089481946625,0.983818770226537,0.982704402515723,0.913461538461538,0.982539682539682,0.352112676056338,0.981510015408321,0.604465709728868,0.977812995245642,0.647887323943662,0.335974643423138,0.624203821656051,0.984025559105431,0.976114649681529,0.985365853658537,0.34789391575663,0.353312302839117,0.340983606557377,0.345679012345679,0.34789644012945,0.353407290015848,0.962783171521036,0.334379905808477,0.977707006369427,0.978260869565217,0.759375,0.0208,0.338983050847458,0.343213728549142,0.655763239875389,0.983076923076923,0.58740157480315,0.348159509202454,0.650717703349282,0.346456692913386,0.351307189542484,0.983792544570502,0.332802547770701,0.335570469798658,0.725649350649351,0.925373134328358,0.350746268656716,0.617834394904459,0.600961538461538,0.34913112164297,0.3504,0.332283464566929,0.607655502392344,0.665086887835703,0.976887519260401,0.863275039745628,0.978193146417445,0.6421875,0.977671451355662,0.605431309904153,0.341772151898734,0.352750809061489,0.989180834621329,0.978056426332288,0.463949843260188,0.9744,0.981366459627329,0.982758620689655,0.343450479233227,0.355242566510172,0.983948635634029,0.342424242424242,0.6515625,0.3584,0.495176848874598,0.323248407643312,0.0157232704402516,0.334883720930233,0.977952755905512,0.980707395498392,0.610591900311526,0.0235478806907378,0.34493670886076,0.348726114649682,0.126382306477093,0.442088091353997,0.979397781299525,0.98202614379085,0.346875,0.977848101265823,0.4375,0.978688524590164,0.36085626911315,0.606299212598425,0.351822503961965,0.334943639291465,0.979623824451411,0.0224719101123595,0.980707395498392,0.333881578947368,0.342857142857143,0.979623824451411,0.982704402515723,0.978527607361963,0.493589743589744,0.983818770226537,0.342902711323764,0.632237871674491,0.348101265822785,0.352459016393443,0.0235849056603774,0.062992125984252,0.980295566502463,0.642301710730949,0.979623824451411,0.345368916797488,0.351612903225806,0.979066022544283,0.97933227344992,0.179527559055118,0.338582677165354,0.982945736434109,0.92824427480916,0.981042654028436,0.352395672333849,0.232,0.649842271293375,0.979623824451411,0.978723404255319,0.979299363057325,0.9808,0.981510015408321,0.312401883830455,0.333860759493671,0.987654320987654,0.13961038961039,0.0209003215434084,0.470774091627172,0.0228013029315961,0.35426731078905,0.981220657276995,0.658576051779935,0.981012658227848,0.98116169544741,0.909233176838811,0.982428115015974,0.65511811023622,0.981012658227848,0.980551053484603,0.982142857142857,0.9826224328594
"428",0.294298921417565,0.310502283105023,0.316187594553706,0.324159021406728,0.308845577211394,0.308845577211394,0.0108527131782946,0.320121951219512,0.307692307692308,0.575617283950617,0.312406576980568,0.635276532137519,0.507692307692308,0.319634703196347,1,1,0.617559523809524,0,0.322239031770045,0.306184012066365,1,1,0.325825825825826,0.517241379310345,0.312130177514793,1,1,0.33641975308642,0.307692307692308,0.514728682170543,1,0.57957957957958,0.366366366366366,0.995440729483283,0.666666666666667,0.309904153354633,0.138763197586727,0.321428571428571,1,0.305059523809524,0.00301659125188537,0,0,0.324615384615385,0.317484662576687,1,0.993865030674847,1,1,1,0.690440060698027,0.324574961360124,1,0.316341829085457,0.311011904761905,0.822458270106222,0.119448698315467,0.323574730354391,0.317147192716237,0.316265060240964,0.992592592592593,1,1,0.00460122699386503,0.317484662576687,0.318181818181818,0.646969696969697,0.326251896813354,0.613235294117647,1,0.318318318318318,1,1,0.280864197530864,0.159638554216867,0.313868613138686,1,0.995562130177515,0.319465081723626,1,0.598449612403101,1,1,0.324812030075188,1,0.32069970845481,0.316923076923077,0.328767123287671,0.316109422492401,0,0.317411402157165,0.320588235294118,0.688449848024316,0.580409356725146,0.309230769230769,0.635820895522388,0.678247734138973,0.311844077961019,0.121451104100946,0,0.30640243902439,0.621580547112462,1,0.3109375,1,0.317629179331307,0,0.323795180722892,1,1,1,0.303951367781155,0.99554234769688,0.317700453857791,0.205663189269747,0.309143686502177,1,0.373692077727952,1,1,0.2052067381317,0.306990881458967,1,1,0.333832335329341,1,0.317784256559767,0.310192023633678,0.370870870870871,0.767751479289941,0.322932917316693,1,0.330232558139535,0.63150289017341,0.333333333333333,1,0.00148809523809524,1,0.376132930513595,0.888364779874214,0.581288343558282,0.601823708206687,0.309667673716012,0.320987654320988,1,0.312307692307692,1,0.3003003003003,0.490284005979073,0.320474777448071,1,0.30804248861912,0.320610687022901,0.326717557251908,0.31859756097561,1,0.308510638297872,1,0.441930618401207,0.324773413897281,1,0.317109144542773,1,0.592705167173252,0.32312404287902,1,0.314112291350531,0.313813813813814,0.33030303030303,0.989660265878877,0.319634703196347,1,0.323664122137405,1,0.325949367088608,1,0.58974358974359,0.297256097560976,0.0317965023847377,0.301223241590214,0.321804511278195,1,0.301943198804185,0.320300751879699,0.321481481481481,0.328808446455505,1,1,0.317484662576687,0.320668693009119,1,1,0.320417287630402,0.238601823708207,0.0190058479532164,0.697151424287856,1,0.00305343511450382,0.315007429420505,1,0.321428571428571,0.305847076461769,0.313725490196078,0.996978851963746,1,1,0.317784256559767,0.307453416149068,0.322108345534407,0.684370257966616,0.303680981595092,1,0.33987915407855,1,1,0.443778110944528,0.321538461538462,0.313056379821958,0.322289156626506,0.305722891566265,0.31570996978852,0.641255605381166,1,1,0.312874251497006,0.00295420974889217,0.323353293413174,0.316176470588235,0.322239031770045,0.303303303303303,0.296352583586626,0.319587628865979,0.69683257918552,0.367164179104478,0.303759398496241,1,0.324615384615385,1,0.313782991202346,0.304615384615385,0.313161875945537,0.328660436137072,0.311627906976744,1,0.321321321321321,0.803053435114504,1,1,0.996923076923077,1,1,0.89644513137558,1,1,1,0.319054652880355,1,0.324921135646688,0,1,0.381598793363499,1,0.316358024691358,0.31859756097561,0.313455657492355,0.4209726443769,1,0.324850299401198,1,1,1,1,0,0.312217194570136,1,1,0.321321321321321,1,0.319402985074627,1,1,0.311349693251534,0.319508448540707,0.295795795795796,0.15187969924812,0.33026113671275,0,0.598529411764706,1,0.316816816816817,0.31859756097561,0.580693815987934,1,1,0.331259720062208,0.325652841781874,1,0.657228017883756,0.686544342507645,0.307098765432099,0.322429906542056,0.994100294985251,0.321156773211568,0.303206997084548,1,0.310136157337368,0.31044776119403,1,0.305936073059361,0.312217194570136,0.312965722801788,0.317293233082707,1,1,1,0.305007587253414,0.329268292682927,0.00754147812971342,0.99400299850075,0.320121951219512,1,1,0.308605341246291,0.326055312954876,0.30849478390462,0.311077389984825,0.312874251497006,1,0.301972685887709,0.319148936170213,0.571870170015456,1,0.841079460269865,1,0,1,0.325036603221083,1,1,0.428783382789317,0.998502994011976,0.324574961360124,1,0.306748466257669,0.309774436090226,0.306646525679758,1,1,0.323308270676692,0.394080996884735,0.612903225806452,0.30381679389313,1,1,1,0.320433436532508,1,0.207772795216741,1,1,1,1,0.32375189107413,1,0.313385826771654,0.333333333333333,0.676691729323308,0.301223241590214,1,0.319402985074627,0.313696612665685,0.309262166405024,1,0.306666666666667,1,0.319940476190476,0.472263868065967,0.322775263951735,0.325508607198748,0.314925373134328,1,0.326086956521739,0.297256097560976,1,1,0.322338830584708,0.317629179331307,1,0.482089552238806,0.319938176197836,0.329835082458771,0.331334332833583,0.685714285714286,1,0.296062992125984,1,0.427258805513017,0.303951367781155,0,0.884272997032641,0.320872274143302,0.314589665653495,0,0.0317700453857791,0.983282674772036,0.316187594553706,1,0.307458143074581,0.318541996830428,1,0.322822822822823,0.317901234567901,0.664156626506024,1,0.322775263951735,0.322727272727273,1,0.306766917293233,0.303405572755418,1,0.340361445783133,0.316109422492401,0.319880418535127,0.332317073170732,0.800904977375566,1,0.97737556561086,1,1,0.00151515151515152,1,0.993948562783661,1,0.433130699088146,0.996923076923077,0.30849478390462,0.995555555555556,0.327272727272727,0.997005988023952,0.607988165680473,0.626488095238095,0.321958456973294,0.311940298507463,0.638930163447251,0.318818040435459,0,0.631024096385542,0.684210526315789,0.317037037037037,0.00149925037481259,0.308383233532934,0.307575757575758,0.773353751914242,0.327272727272727,0.684370257966616,0.598130841121495,0.320668693009119,0.310911808669656,0.304477611940298,1,0.0247093023255814,0,0.311844077961019,0.328313253012048,0.334828101644245,1,0.334862385321101,0.320668693009119,1,0.302395209580838,0.939577039274924,0.568147013782542,1,1,0.993620414673046,0.317577548005908,0.602086438152012,0.318248175182482,0.315541601255887,0.314589665653495,0.422388059701493,1,0.308868501529052,1,0.318252730109204,0.322884012539185,1,0.316358024691358,1,0.321156773211568,1,1,0.323353293413174,0,1,0.324283559577677,1,0.559577677224736,1,0.514328808446455,1,0.556748466257669,1,0.315068493150685,1,1,1,0.310030395136778,0.317972350230415,0.320950965824666,0.350850077279753,0.337559429477021,0.314112291350531,1,0.321804511278195,1,1,0.323880597014925,0.31441717791411,0.317910447761194,0.384848484848485,0.322869955156951,1,1,0.330316742081448,0.327160493827161,0.626168224299065,0.598484848484849,0.314199395770393,0.319634703196347,1,0.305847076461769,0.315396113602392,0.993948562783661,0.304878048780488,0.311278195488722,0,0.139673105497771,0.319018404907975,0.682215743440233,0.313161875945537,0.321907600596125,0.603857566765579,0.996965098634294,0.317700453857791,1,0.312312312312312,0.347222222222222,0.316923076923077,0.476550680786687,0.308623298033283,1,0.321428571428571,0.320668693009119,0.330246913580247,0.690265486725664,1,0.326086956521739,0.3125,0,0.318991097922849,0.998509687034277,0.957446808510638,1,0.314285714285714,0.318318318318318,0.319213313161876,0.588673621460507,1,0.599378881987578,0.333333333333333,1,1,0.966565349544073,0.677272727272727,0.336923076923077,0.35660091047041,0.320474777448071,0.320359281437126,1,1,0.525993883792049,0.629969418960245,1,1,0.998484848484849,0.693623639191291,1,0.326865671641791,0.682228915662651,1,0.322188449848024,0.315068493150685,0.314112291350531,0.99702823179792,1,0.640944881889764,0.322388059701493,1,1,0.323795180722892,0.306766917293233,0.998498498498498,0,0.312024353120244,0.305936073059361,0.00453172205438067,0.313432835820896,1,0.31104199066874,1,0.146926536731634,0,0.901759530791789,0.327917282127031,1,1,0,0.00147275405007364,0.33034379671151,1,0.317901234567901,0.997063142437592,0.311627906976744,1,0.998444790046656,0.961832061068702,0.773413897280967,1,1,0.00300751879699248,1,0.51937984496124,0.325688073394495,0.686011904761905,0.322822822822823,1,0.307807807807808,0.677710843373494,1,1,0.31839258114374,0.619883040935672,0.329323308270677,0.590909090909091,0.977029096477795,0.331297709923664,0.59606656580938,0.00911854103343465,0.305597579425113,0.319940476190476,0.322338830584708,1,0.6274217585693,0.30688622754491,0.892424242424242,0.591331269349845,0.96577380952381,1,1,0.310136157337368,0.332810047095761,0.304615384615385,0.312688821752266,0.311550151975684,0.613138686131387,0.307237813884786,0,0.677793904208999,0.998496240601504,0.313813813813814,0.302431610942249,0.317610062893082,0.322916666666667,0.605504587155963,1,0.332339791356185,0.331804281345566,0.32755905511811,0.324655436447167,0.318452380952381,0.312217194570136,0.195814648729447,0.6796875,0.321156773211568,0.598811292719168,1,0.244082840236686,0.314199395770393,0.921898928024502,1,1,0.308157099697885,0.631419939577039,1,0.312406576980568,0.3,0.953917050691244,1,1,0.996875,0.321533923303835,1,1,0.898773006134969,1,0.350824587706147,1,0.593798449612403,1,0.674626865671642,0.309667673716012,0.596006144393241,1,1,0.992236024844721,0.334328358208955,0.319940476190476,0.328173374613003,0.317700453857791,0.323029366306028,0.322085889570552,0.986003110419907,0.313988095238095,1,1,0.717717717717718,0,0.31437125748503,0.312965722801788,0.679941002949852,1,0.560790273556231,0.329376854599407,0.643504531722054,0.308623298033283,0.315625,1,0.305810397553517,0.318037974683544,0.688922610015175,0.907668231611894,0.324087591240876,0.603100775193798,0.581430745814307,0.321907600596125,0.323029366306028,0.308270676691729,0.588145896656535,0.682779456193353,1,0.898050974512744,1,0.662739322533137,0.996908809891808,0.596946564885496,0.318731117824773,0.321538461538462,1,1,0.43140243902439,0.993930197268589,0.998496240601504,1,0.309090909090909,0.325757575757576,1,0.309143686502177,0.687218045112782,0.327743902439024,0.463414634146341,0.29984544049459,0,0.305970149253731,1,1,0.592537313432836,0.00149476831091181,0.330316742081448,0.318042813455657,0.0989345509893455,0.405956112852665,1,1,0.306306306306306,1,0.415525114155251,1,0.324483775811209,0.597560975609756,0.322188449848024,0.319018404907975,1,0,1,0.304416403785489,0.315151515151515,1,1,1,0.448854961832061,1,0.316030534351145,0.615037593984962,0.32572298325723,0.323943661971831,0.0015015015015015,0.0397553516819572,1,0.627836611195159,1,0.327245053272451,0.332810047095761,1,1,0.159332321699545,0.313253012048193,1,0.903988183161004,1,0.32185628742515,0.211246200607903,0.674174174174174,1,1,1,1,1,0.287630402384501,0.306990881458967,1,0.119122257053292,0.00153846153846154,0.44812030075188,0,0.325688073394495,1,0.683969465648855,1,1,0.891891891891892,1,0.681137724550898,1,1,1,1
"429",0.312101910828025,0.330218068535826,0.325038880248834,0.341158059467919,0.321483771251932,0.325508607198748,0.0111642743221691,0.32807570977918,0.319758672699849,0.573051948051948,0.338391502276176,0.640122511485452,0.519872813990461,0.332278481012658,1,1,0.618098159509202,0,0.340222575516693,0.319314641744548,1,1,0.334360554699538,0.51702786377709,0.317147192716237,1,1,0.350237717908082,0.324200913242009,0.527472527472527,1,0.593798449612403,0.375379939209726,0.995348837209302,0.652037617554859,0.332797427652733,0.142633228840125,0.330781010719755,1,0.317147192716237,0.00313971742543171,0,0,0.344236760124611,0.328050713153724,1,0.995363214837713,1,1,1,0.676970633693972,0.335423197492163,1,0.334876543209877,0.327586206896552,0.808544303797468,0.119426751592357,0.329113924050633,0.33179012345679,0.326120556414219,0.992354740061162,1,1,0.004739336492891,0.323248407643312,0.326625386996904,0.647798742138365,0.339593114241002,0.614925373134328,1,0.331278890600925,1,1,0.2864,0.160186625194401,0.327354260089686,1,0.995398773006135,0.332819722650231,1,0.605136436597111,1,1,0.336923076923077,1,0.339312406576981,0.32753164556962,0.346213292117465,0.331761006289308,0,0.332268370607029,0.334328358208955,0.675925925925926,0.583203732503888,0.319620253164557,0.629179331306991,0.669242658423493,0.329230769230769,0.123595505617978,0,0.325545171339564,0.615748031496063,1,0.328,1,0.329093799682035,0,0.333850931677019,1,1,1,0.3198127925117,0.995363214837713,0.340030911901082,0.207055214723926,0.31570996978852,1,0.379416282642089,1,1,0.203389830508475,0.327666151468315,1,1,0.342507645259939,1,0.334834834834835,0.325190839694657,0.370542635658915,0.778801843317972,0.329093799682035,1,0.334913112164297,0.634328358208955,0.347068145800317,1,0.00154083204930663,1,0.3734375,0.900481540930979,0.58678955453149,0.589703588143526,0.330246913580247,0.341346153846154,1,0.3234375,1,0.308892355694228,0.502325581395349,0.333333333333333,1,0.3234375,0.322884012539185,0.332810047095761,0.334375,1,0.324960753532182,1,0.434514637904468,0.335913312693498,1,0.338931297709924,1,0.590189873417722,0.32755905511811,1,0.327131782945736,0.3296875,0.344667697063369,0.986046511627907,0.330757341576507,1,0.333333333333333,1,0.330658105939005,1,0.591117917304747,0.308892355694228,0.0304487179487179,0.312796208530806,0.324031007751938,1,0.320493066255778,0.328100470957614,0.331269349845201,0.338957055214724,1,1,0.333868378812199,0.342271293375394,1,1,0.332302936630603,0.247278382581649,0.0239880059970015,0.677519379844961,1,0.00311526479750779,0.329211746522411,1,0.331746031746032,0.31839258114374,0.325617283950617,0.996875,1,1,0.339449541284404,0.323151125401929,0.325581395348837,0.66877971473851,0.316279069767442,1,0.349529780564263,1,1,0.459715639810427,0.341194968553459,0.3328173374613,0.335889570552147,0.31055900621118,0.324324324324324,0.633956386292835,1,1,0.327743902439024,0.0045662100456621,0.33987915407855,0.324773413897281,0.335394126738794,0.317262830482115,0.311627906976744,0.32824427480916,0.685758513931889,0.369631901840491,0.319634703196347,1,0.337007874015748,1,0.323529411764706,0.32120253164557,0.328616352201258,0.339652448657188,0.320967741935484,1,0.329211746522411,0.794258373205742,1,1,0.996845425867508,1,1,0.90952380952381,1,1,1,0.330232558139535,1,0.340390879478827,0,1,0.381538461538462,1,0.327044025157233,0.328682170542636,0.324451410658307,0.419811320754717,1,0.336890243902439,1,1,1,1,0,0.322327044025157,1,1,0.340694006309148,1,0.331288343558282,1,1,0.319620253164557,0.33489827856025,0.312210200927357,0.149460708782743,0.336492890995261,0,0.586102719033233,1,0.328746177370031,0.329133858267717,0.583841463414634,1,1,0.337042925278219,0.336477987421384,1,0.653125,0.687400318979266,0.308544303797468,0.329052969502408,0.992354740061162,0.339116719242902,0.314759036144578,1,0.329153605015674,0.324031007751938,1,0.317610062893082,0.334883720930233,0.328746177370031,0.332288401253919,1,1,1,0.321981424148607,0.33596214511041,0.0093167701863354,0.992260061919505,0.339171974522293,1,1,0.319571865443425,0.344461305007587,0.313546423135464,0.330721003134796,0.336448598130841,1,0.324409448818898,0.325434439178515,0.5696,1,0.850863422291994,1,0,1,0.33535660091047,1,1,0.410852713178295,0.998459167950693,0.328638497652582,1,0.321766561514196,0.316535433070866,0.32398753894081,1,1,0.327217125382263,0.398713826366559,0.6078125,0.317610062893082,1,1,1,0.339652448657188,1,0.200308166409861,1,1,1,1,0.342105263157895,1,0.330081300813008,0.346273291925466,0.669242658423493,0.311912225705329,1,0.335375191424196,0.324773413897281,0.329113924050633,1,0.324159021406728,1,0.335843373493976,0.481538461538462,0.337423312883436,0.336477987421384,0.322033898305085,1,0.332278481012658,0.315372424722662,1,1,0.339035769828927,0.327188940092166,1,0.480061349693252,0.335987261146497,0.33953488372093,0.33695652173913,0.672811059907834,1,0.309562398703404,1,0.418789808917197,0.323899371069182,0,0.880733944954128,0.335974643423138,0.328638497652582,0,0.0307219662058372,0.981132075471698,0.33125,1,0.320433436532508,0.328502415458937,1,0.333846153846154,0.3232,0.659969088098918,1,0.329173166926677,0.337559429477021,1,0.31859756097561,0.319935691318328,1,0.331269349845201,0.328050713153724,0.326186830015314,0.34012539184953,0.797191887675507,1,0.979655712050078,1,1,0.0015625,1,0.992125984251969,1,0.42654028436019,0.996820349761526,0.314728682170543,0.992458521870287,0.347352024922118,0.995405819295559,0.603658536585366,0.621913580246914,0.328725038402458,0.320552147239264,0.64031007751938,0.334394904458599,0,0.631578947368421,0.666666666666667,0.334848484848485,0.0015625,0.321483771251932,0.32018927444795,0.786624203821656,0.335365853658537,0.668769716088328,0.593004769475358,0.326594090202177,0.329787234042553,0.310832025117739,1,0.0266666666666667,0,0.327188940092166,0.336434108527132,0.337962962962963,1,0.331761006289308,0.332307692307692,1,0.319508448540707,0.938775510204082,0.567741935483871,1,1,0.99347471451876,0.332321699544765,0.595092024539877,0.336391437308869,0.326797385620915,0.332810047095761,0.421538461538462,1,0.32695374800638,1,0.334928229665072,0.325434439178515,1,0.33596214511041,1,0.334379905808477,1,1,0.334360554699538,0,1,0.338533541341654,1,0.568535825545171,1,0.50834597875569,1,0.5578125,1,0.332802547770701,1,1,1,0.314553990610329,0.332807570977918,0.321804511278195,0.355305466237942,0.331715210355987,0.323529411764706,1,0.339035769828927,1,1,0.34715821812596,0.330683624801272,0.327743902439024,0.394366197183099,0.336906584992343,1,1,0.337920489296636,0.333865814696486,0.62779552715655,0.580093312597201,0.330246913580247,0.33175355450237,1,0.321981424148607,0.328290468986384,0.99375,0.324324324324324,0.325077399380805,0,0.141993957703928,0.333333333333333,0.672058823529412,0.326465927099842,0.337878787878788,0.599383667180277,0.996870109546166,0.323248407643312,1,0.329704510108865,0.357366771159875,0.32753164556962,0.47906976744186,0.327160493827161,1,0.333846153846154,0.329635499207607,0.337539432176656,0.674242424242424,1,0.340189873417722,0.334848484848485,0,0.334862385321101,0.9984375,0.952234206471495,1,0.330745341614907,0.335384615384615,0.3296875,0.579268292682927,1,0.58609794628752,0.33953488372093,1,1,0.963076923076923,0.668740279937792,0.339089481946625,0.363354037267081,0.338983050847458,0.329286798179059,1,1,0.515479876160991,0.626182965299685,1,1,0.998461538461539,0.682316118935837,1,0.337941628264209,0.668238993710692,1,0.3375,0.32398753894081,0.334913112164297,0.996946564885496,1,0.637223974763407,0.329738058551618,1,1,0.343701399688958,0.323529411764706,0.998435054773083,0,0.327503974562798,0.315707620528771,0.00635930047694754,0.326717557251908,1,0.320754716981132,1,0.152905198776758,0,0.917933130699088,0.342146189735614,1,1,0,0.00152439024390244,0.341732283464567,1,0.319935691318328,0.996978851963746,0.322169059011164,1,1,0.965408805031447,0.785266457680251,1,1,0.00471698113207547,1,0.525316455696203,0.340729001584786,0.663125948406677,0.337962962962963,1,0.315625,0.660406885758998,1,1,0.324324324324324,0.611620795107034,0.339009287925697,0.586477987421384,0.973312401883831,0.34375,0.600614439324117,0.0138248847926267,0.322327044025157,0.330218068535826,0.338461538461538,1,0.636363636363636,0.319148936170213,0.882170542635659,0.577777777777778,0.970769230769231,1,1,0.32182103610675,0.34384858044164,0.3264,0.32093023255814,0.324116743471582,0.61969696969697,0.321538461538462,0,0.665178571428571,0.998425196850394,0.334883720930233,0.317111459968603,0.330143540669856,0.334862385321101,0.598130841121495,1,0.343558282208589,0.351648351648352,0.342356687898089,0.330173775671406,0.319938176197836,0.32695374800638,0.195419847328244,0.67246835443038,0.324492979719189,0.596923076923077,1,0.237947122861586,0.334883720930233,0.916795069337442,1,1,0.322378716744914,0.62888198757764,1,0.326219512195122,0.309375,0.953674121405751,1,1,0.9968,0.337461300309598,1,1,0.911392405063291,1,0.353302611367127,1,0.57667731629393,1,0.664086687306502,0.327044025157233,0.596825396825397,1,1,0.990536277602524,0.337962962962963,0.339009287925697,0.339228295819936,0.331278890600925,0.338658146964856,0.336990595611285,0.981132075471698,0.321100917431193,1,1,0.735294117647059,0,0.328725038402458,0.329738058551618,0.667687595712098,1,0.561815336463224,0.341906202723147,0.639240506329114,0.32348367029549,0.32182103610675,1,0.326498422712934,0.329470198675497,0.7046875,0.917874396135266,0.33037037037037,0.602543720190779,0.58125,0.334869431643625,0.338557993730408,0.319685039370079,0.593114241001565,0.668702290076336,1,0.886821705426357,1,0.655913978494624,0.996835443037975,0.5828125,0.331240188383046,0.339089481946625,1,1,0.428348909657321,0.993650793650794,0.996865203761755,1,0.328638497652582,0.336405529953917,1,0.327769347496206,0.672868217054264,0.335375191424196,0.457869634340223,0.312599681020734,0,0.326656394453005,1,1,0.589861751152074,0.00152671755725191,0.34009360374415,0.331768388106416,0.0984375,0.417721518987342,1,1,0.319444444444444,1,0.410296411856474,1,0.340329835082459,0.58887171561051,0.337984496124031,0.333333333333333,1,0,1,0.325281803542673,0.332273449920509,1,1,1,0.459459459459459,1,0.33489827856025,0.615030674846626,0.336391437308869,0.338118022328549,0.0015625,0.0375,1,0.618524332810047,1,0.338509316770186,0.337025316455696,1,1,0.166924265842349,0.324074074074074,1,0.904109589041096,1,0.337899543378995,0.2015625,0.656346749226006,1,1,1,1,1,0.293846153846154,0.322378716744914,1,0.123244929797192,0.00159235668789809,0.439137134052388,0,0.336990595611285,1,0.668769716088328,1,1,0.901538461538462,1,0.667177914110429,1,1,1,1
"430",0.707516339869281,0.694968553459119,0.692307692307692,0.684039087947883,0.696594427244582,0.696141479099678,0.98546042003231,0.6912,0.695787831513261,0.417886178861789,0.696400625978091,0.358024691358025,0.477635782747604,0.686998394863563,0.00159744408945687,0.00158478605388273,0.371695178849145,1,0.683464566929134,0.702229299363057,0.00158478605388273,0.00159235668789809,0.684210526315789,0.4858934169279,0.695178849144635,0.00156985871271586,0.00163132137030995,0.667741935483871,0.696923076923077,0.4736,0.0015600624024961,0.39906103286385,0.639370078740157,0.00627943485086342,0.3264,0.69485903814262,0.871715610510046,0.684375,0.00153846153846154,0.702028081123245,0.998430141287284,0.998435054773083,0.998452012383901,0.673015873015873,0.6896,0,0.00319488817891374,0.00154083204930663,0.0015600624024961,0.0015600624024961,0.298904538341158,0.686591276252019,0.0015625,0.688888888888889,0.700315457413249,0.182677165354331,0.889789303079417,0.689490445859873,0.695787831513261,0.686900958466454,0.00778816199376947,0,0,0.998432601880878,0.691813804173355,0.698608964451314,0.3354943273906,0.680952380952381,0.384853168469861,0,0.697247706422018,0.00158227848101266,0.0016260162601626,0.726837060702875,0.849293563579278,0.692541856925419,0.00154559505409583,0.0046583850931677,0.687697160883281,0.00162866449511401,0.407936507936508,0.00158982511923688,0.00157728706624606,0.686614173228347,0.00156985871271586,0.686728395061728,0.686305732484076,0.687402799377916,0.69377990430622,1,0.684380032206119,0.680365296803653,0.30016051364366,0.419558359621451,0.691437802907916,0.354642313546423,0.314873417721519,0.69435736677116,0.885668276972625,0.998407643312102,0.696682464454976,0.375987361769352,0.00159235668789809,0.689935064935065,0.00158982511923688,0.692926045016077,0.998430141287284,0.686305732484076,0.0016025641025641,0.0015600624024961,0.00154559505409583,0.697965571205008,0.00314465408805031,0.682965299684543,0.801857585139319,0.699386503067485,0,0.630434782608696,0,0.00160771704180064,0.8060413354531,0.693877551020408,0.00155763239875389,0,0.686915887850467,0.0015748031496063,0.693474962063733,0.700305810397553,0.641065830721003,0.248840803709428,0.683441558441558,0.00157977883096367,0.682464454976303,0.361832061068702,0.67741935483871,0.00154559505409583,1,0,0.626984126984127,0.114192495921697,0.414012738853503,0.40506329113924,0.696,0.683788121990369,0.00158982511923688,0.699376947040498,0.00151975683890578,0.7,0.492957746478873,0.682170542635659,0,0.695238095238095,0.6864,0.688417618270799,0.684210526315789,0,0.702093397745572,0.00160771704180064,0.569858712715856,0.677469135802469,0.00156985871271586,0.691107644305772,0.00158227848101266,0.401587301587302,0.6912,0.00157728706624606,0.688087774294671,0.689167974882261,0.682965299684543,0.00775193798449612,0.675590551181102,0,0.69047619047619,0.00156739811912226,0.693811074918567,0.00158730158730159,0.394654088050314,0.702194357366771,0.96742671009772,0.714968152866242,0.692063492063492,0.00161812297734628,0.700949367088608,0.689763779527559,0.683881064162754,0.675039246467818,0.0016,0,0.689822294022617,0.682769726247987,0.00157977883096367,0.00159489633173844,0.685805422647528,0.761904761904762,0.981707317073171,0.309636650868878,0.00157977883096367,0.998430141287284,0.69826224328594,0.0015625,0.689102564102564,0.702028081123245,0.696540880503145,0.0046801872074883,0.00157232704402516,0.00159235668789809,0.681957186544342,0.691318327974277,0.692667706708268,0.312796208530806,0.707006369426752,0.00159744408945687,0.673566878980892,0.00159235668789809,0.0015748031496063,0.568075117370892,0.680511182108626,0.6890625,0.68798751950078,0.70125786163522,0.688995215311005,0.346031746031746,0.00161030595813205,0.00156494522691706,0.689814814814815,0.998456790123457,0.676970633693972,0.697108066971081,0.695447409733124,0.7046875,0.706260032102729,0.690076335877863,0.30077519379845,0.643302180685358,0.697347893915757,0.00156739811912226,0.689102564102564,0,0.700310559006211,0.701112877583466,0.684713375796178,0.686305732484076,0.696343402225755,0.00158478605388273,0.682316118935837,0.196485623003195,0.00159235668789809,0.0015625,0.00159235668789809,0,0.0016025641025641,0.106280193236715,0.00160513643659711,0,0.00156985871271586,0.696124031007752,0.00158730158730159,0.690163934426229,0.998449612403101,0.00155038759689922,0.622874806800618,0,0.684210526315789,0.685714285714286,0.692063492063492,0.587677725118483,0.0015625,0.6828125,0.00157728706624606,0.00155038759689922,0,0.00155763239875389,0.998422712933754,0.693146417445483,0.00155038759689922,0,0.691943127962085,0.00161290322580645,0.690292758089368,0.00156739811912226,0.00156739811912226,0.698387096774194,0.688,0.70735524256651,0.861685214626391,0.678855325914149,0.998402555910543,0.401515151515151,0.00157728706624606,0.688473520249221,0.682108626198083,0.41692789968652,0.00157232704402516,0.00159235668789809,0.677524429967427,0.679936305732484,0.00156739811912226,0.338095238095238,0.296596434359805,0.706539074960128,0.68780487804878,0.00464396284829721,0.684542586750789,0.703363914373089,0.00157232704402516,0.69620253164557,0.704615384615385,0.00157232704402516,0.697933227344992,0.6896,0.690851735015773,0.687203791469194,0.00158227848101266,0.0015220700152207,0,0.700315457413249,0.677830940988836,0.9921875,0.00476947535771065,0.676898222940226,0,0.00158478605388273,0.69969040247678,0.68380062305296,0.7078125,0.694136291600634,0.695102685624013,0.00161550888529887,0.696485623003195,0.70440251572327,0.421303656597774,0,0.170926517571885,0.00157728706624606,1,0.00157232704402516,0.679878048780488,0.00157977883096367,0.00161290322580645,0.588235294117647,0.00312989045383412,0.692682926829268,0.00153609831029186,0.699685534591195,0.702194357366771,0.692546583850932,0.0016,0.00154798761609907,0.6953125,0.606796116504854,0.382875605815832,0.704838709677419,0,0.00159235668789809,0.00161550888529887,0.678513731825525,0,0.808,0.00154559505409583,0.00157728706624606,0.00159744408945687,0,0.691472868217054,0.00161290322580645,0.696574225122349,0.670866141732283,0.321144674085851,0.7056,0.00159744408945687,0.684952978056426,0.690880989180835,0.695161290322581,0.00159489633173844,0.704510108864697,0.00159744408945687,0.687116564417178,0.518053375196232,0.68621236133122,0.682464454976303,0.688172043010753,0.0015600624024961,0.6912,0.701754385964912,0.00158227848101266,0.00157232704402516,0.679936305732484,0.703937007874016,0.0015625,0.52639751552795,0.691176470588235,0.685126582278481,0.688575899843505,0.315047021943574,0.00162337662337662,0.720198675496689,0.00155763239875389,0.583732057416268,0.706539074960128,0.998422712933754,0.122291021671827,0.688498402555911,0.681318681318681,1,0.966719492868463,0.0126782884310618,0.695859872611465,0.00158730158730159,0.692926045016077,0.692556634304207,0.00158478605388273,0.681538461538462,0.69377990430622,0.3265625,0,0.68370607028754,0.692185007974482,0,0.700934579439252,0.703764320785597,0,0.661417322834646,0.695024077046549,0.687211093990755,0.67981072555205,0.19375,0.00158730158730159,0.0207006369426752,0.00151515151515152,0.0015625,1,0.00156494522691706,0.00627943485086342,0.00153846153846154,0.582278481012658,0.00475435816164818,0.699059561128527,0.00614439324116743,0.677067082683307,0.00313479623824451,0.394817073170732,0.358346094946401,0.691472868217054,0.697530864197531,0.352112676056338,0.693181818181818,0.998459167950693,0.361464968152866,0.30952380952381,0.695987654320988,1,0.693270735524257,0.700949367088608,0.238782051282051,0.686915887850467,0.308176100628931,0.394822006472492,0.694533762057878,0.694704049844237,0.710280373831776,0,0.972685887708649,0.998360655737705,0.694573643410853,0.679304897314376,0.675548589341693,0.00157232704402516,0.671974522292994,0.696540880503145,0.00160513643659711,0.703588143525741,0.0566929133858268,0.422955974842767,0,0.00153609831029186,0.00675675675675676,0.690625,0.392248062015504,0.684451219512195,0.701639344262295,0.691455696202532,0.588050314465409,0.0016025641025641,0.694488188976378,0.00160513643659711,0.686495176848875,0.685897435897436,0,0.686804451510334,0.00153374233128834,0.687106918238994,0,0.00158227848101266,0.683720930232558,1,0.00153846153846154,0.689873417721519,0,0.427001569858713,0,0.492979719188768,0.00151745068285281,0.436220472440945,0.00158730158730159,0.692556634304207,0.00156985871271586,0,0.0015552099533437,0.697305863708399,0.677830940988836,0.696124031007752,0.652246256239601,0.676518883415435,0.696400625978091,0.00162337662337662,0.682108626198083,0.0016260162601626,0,0.682737169517885,0.677367576243981,0.689335394126739,0.610410094637224,0.685758513931889,0,0.0015748031496063,0.681747269890796,0.685990338164251,0.364975450081833,0.403785488958991,0.693037974683544,0.685897435897436,0.00160513643659711,0.697530864197531,0.698924731182796,0.00474683544303797,0.707592891760905,0.700949367088608,0.998405103668262,0.866251944012442,0.687898089171974,0.306525037936267,0.696141479099678,0.684458398744113,0.392248062015504,0.0047244094488189,0.70096463022508,0.00156985871271586,0.689655172413793,0.65378421900161,0.690140845070423,0.524464831804281,0.690363349131122,0,0.691943127962085,0.68621236133122,0.681159420289855,0.304012345679012,0.00163132137030995,0.683870967741935,0.683720930232558,1,0.680314960629921,0.00313971742543171,0.04375,0.0015625,0.687301587301587,0.689763779527559,0.6944,0.409861325115562,0.00159744408945687,0.405537459283388,0.683042789223455,0,0.00155038759689922,0.0308166409861325,0.320813771517997,0.680817610062893,0.645007923930269,0.690880989180835,0.690880989180835,0.00158982511923688,0.00155763239875389,0.478119935170178,0.362637362637363,0.00157728706624606,0.00158982511923688,0.003125,0.308064516129032,0.0015600624024961,0.68160741885626,0.308176100628931,0.00152439024390244,0.679304897314376,0.691693290734824,0.69620253164557,0.00463678516228748,0.00152671755725191,0.350819672131148,0.690625,0.00156494522691706,0.0015552099533437,0.677672955974843,0.699376947040498,0.00316455696202532,0.998376623376623,0.6928,0.698083067092652,0.998412698412698,0.694704049844237,0.00156739811912226,0.704545454545455,0.00158982511923688,0.85981308411215,0.998425196850394,0.103286384976526,0.683229813664596,0.00153609831029186,0.00155763239875389,0.998459167950693,1,0.689167974882261,0.00155038759689922,0.698360655737705,0.00153609831029186,0.694942903752039,0.00158478605388273,0.00318471337579618,0.0345911949685535,0.232704402515723,0.00161290322580645,0.00158478605388273,0.998410174880763,0.00156494522691706,0.487684729064039,0.685303514376997,0.318818040435459,0.686305732484076,0.00158730158730159,0.69811320754717,0.314785373608903,0,0.00159744408945687,0.691573926868045,0.375572519083969,0.686028257456829,0.407766990291262,0.0207006369426752,0.681458003169572,0.394611727416799,0.99211356466877,0.695583596214511,0.694835680751174,0.68025078369906,0.00165016501650165,0.358490566037736,0.697204968944099,0.115689381933439,0.407407407407407,0.031055900621118,0.00156739811912226,0,0.692063492063492,0.672609400324149,0.696920583468395,0.695517774343122,0.693522906793049,0.381901840490798,0.696875,0.998432601880878,0.317073170731707,0.00157728706624606,0.682888540031397,0.704866562009419,0.694805194805195,0.688271604938272,0.388364779874214,0.00153609831029186,0.672360248447205,0.664526484751204,0.678571428571429,0.689102564102564,0.688854489164087,0.697749196141479,0.814352574102964,0.310289389067524,0.68,0.386398763523957,0.00157977883096367,0.768740031897927,0.694704049844237,0.0777777777777778,0.00165289256198347,0.00157977883096367,0.700787401574803,0.364500792393027,0,0.689763779527559,0.70440251572327,0.0432692307692308,0,0.00157977883096367,0.00161550888529887,0.685847589424572,0,0.00158227848101266,0.112359550561798,0.0016,0.6578125,0.00153374233128834,0.407407407407407,0,0.317683881064163,0.693037974683544,0.393939393939394,0.00161812297734628,0.0015748031496063,0.00794912559618442,0.683229813664596,0.683307332293292,0.686084142394822,0.694573643410853,0.690938511326861,0.681528662420382,0.0111821086261981,0.693146417445483,0.00158730158730159,0,0.289968652037618,1,0.685446009389671,0.690769230769231,0.313479623824451,0.00153846153846154,0.43217665615142,0.685015290519878,0.353035143769968,0.699685534591195,0.681962025316456,0.00159235668789809,0.693910256410256,0.69,0.324281150159744,0.0950819672131148,0.687218045112782,0.390675241157556,0.420221169036335,0.6828125,0.685990338164251,0.699074074074074,0.406698564593301,0.311077389984825,0,0.110584518167457,0.00155763239875389,0.325545171339564,0.00325732899022801,0.409309791332263,0.692789968652038,0.690208667736758,0.00151515151515152,0.0015748031496063,0.563182527301092,0.00328407224958949,0.00153846153846154,0.0015600624024961,0.691082802547771,0.68088467614534,0.00161030595813205,0.693693693693694,0.309006211180124,0.681528662420382,0.541732283464567,0.704113924050633,0.998417721518987,0.695924764890282,0,0.00159489633173844,0.4,1,0.682034976152623,0.68895800933126,0.913738019169329,0.608196721311475,0.00159235668789809,0,0.69701726844584,0.00157232704402516,0.592709984152139,0.00160513643659711,0.683812405446294,0.408163265306122,0.68312101910828,0.686804451510334,0,1,0.00159489633173844,0.709003215434084,0.6832,0.0015552099533437,0.0015527950310559,0.00151745068285281,0.5616,0.00162337662337662,0.693290734824281,0.374805598755832,0.684458398744113,0.679549114331723,1,0.962204724409449,0.00164203612479475,0.375389408099688,0.00159744408945687,0.684952978056426,0.682042833607908,0,0.00158730158730159,0.84375,0.695924764890282,0.00154320987654321,0.106750392464678,0.00156494522691706,0.692068429237947,0.809904153354633,0.320754716981132,0,0.00153374233128834,0.00157977883096367,0.00162337662337662,0.00153374233128834,0.71850699844479,0.706624605678233,0,0.88961038961039,1,0.561622464898596,0.998376623376623,0.684542586750789,0.00157977883096367,0.319554848966614,0.0015748031496063,0.0015552099533437,0.117554858934169,0,0.321372854914197,0.00155038759689922,0.00161550888529887,0.00159235668789809,0.0015600624024961
"431",0.302652106084243,0.325581395348837,0.318885448916409,0.330218068535826,0.316923076923077,0.317683881064163,0.00943396226415094,0.326086956521739,0.324200913242009,0.555031446540881,0.322239031770045,0.620583717357911,0.537750385208012,0.325545171339564,1,1,0.605182926829268,0,0.335403726708075,0.314641744548287,1,1,0.324812030075188,0.502290076335878,0.31866464339909,1,1,0.342271293375394,0.319758672699849,0.53125,1,0.6,0.382882882882883,0.996937212863706,0.660990712074303,0.3184,0.135802469135802,0.326747720364742,1,0.308396946564885,0.00310077519379845,0,0,0.332814930015552,0.316535433070866,1,0.995319812792512,1,1,1,0.687402799377916,0.332810047095761,1,0.331804281345566,0.315548780487805,0.825471698113208,0.124416796267496,0.325471698113208,0.31969696969697,0.328149300155521,0.993893129770992,1,1,0.00461538461538462,0.324324324324324,0.324074074074074,0.647058823529412,0.336448598130841,0.599092284417549,1,0.318042813455657,1,1,0.279106858054226,0.153139356814701,0.324850299401198,1,0.996960486322188,0.32258064516129,1,0.591639871382637,1,1,0.331259720062208,1,0.327300150829563,0.316923076923077,0.330757341576507,0.316109422492401,0,0.330188679245283,0.332326283987915,0.682737169517885,0.569044006069803,0.312401883830455,0.630467571644042,0.671253822629969,0.317557251908397,0.111642743221691,0,0.321538461538462,0.607594936708861,1,0.320695102685624,1,0.318818040435459,0,0.325652841781874,1,1,1,0.312024353120244,0.996923076923077,0.33641975308642,0.194864048338369,0.314199395770393,1,0.360983102918587,1,1,0.193447737909516,0.322033898305085,1,1,0.333843797856049,1,0.321005917159763,0.318318318318318,0.35375191424196,0.751131221719457,0.333858267716535,1,0.333333333333333,0.624251497005988,0.338557993730408,1,0.00152439024390244,1,0.381761978361669,0.883757961783439,0.569230769230769,0.583724569640063,0.327131782945736,0.32755905511811,1,0.319314641744548,1,0.316692667706708,0.519461077844311,0.323795180722892,1,0.315541601255887,0.323809523809524,0.330232558139535,0.328125,1,0.316436251920123,1,0.420647149460709,0.328290468986384,1,0.324773413897281,1,0.575949367088608,0.328149300155521,1,0.325688073394495,0.320610687022901,0.341158059467919,0.98936170212766,0.330721003134796,1,0.338028169014085,1,0.32695374800638,1,0.57427258805513,0.304281345565749,0.0258899676375405,0.30173775671406,0.31937984496124,1,0.314814814814815,0.327188940092166,0.323170731707317,0.336906584992343,1,1,0.328593996840442,0.332307692307692,1,1,0.326656394453005,0.231124807395994,0.0162481536189069,0.683229813664596,1,0.00309119010819165,0.322775263951735,1,0.332814930015552,0.315315315315315,0.331240188383046,0.996932515337423,1,1,0.329359165424739,0.321711568938193,0.322188449848024,0.671383647798742,0.311827956989247,1,0.355384615384615,1,1,0.43969465648855,0.330203442879499,0.324773413897281,0.333843797856049,0.310030395136778,0.327102803738318,0.636363636363636,1,1,0.324200913242009,0.00153846153846154,0.339820359281437,0.32370820668693,0.335394126738794,0.316923076923077,0.302652106084243,0.32572298325723,0.692073170731707,0.352409638554217,0.312883435582822,1,0.334375,1,0.319634703196347,0.315625,0.32398753894081,0.336990595611285,0.32018927444795,1,0.329305135951662,0.805031446540881,1,1,0.996870109546166,1,1,0.889240506329114,1,1,1,0.321752265861027,1,0.328050713153724,0,1,0.366818873668189,1,0.327586206896552,0.328616352201258,0.320872274143302,0.400936037441498,1,0.329305135951662,1,1,1,1,0,0.320373250388802,1,1,0.32258064516129,1,0.329268292682927,1,1,0.321372854914197,0.328548644338118,0.308411214953271,0.140672782874618,0.331768388106416,0,0.576576576576577,1,0.319277108433735,0.33125,0.571644042232277,1,1,0.338709677419355,0.335403726708075,1,0.650695517774343,0.689274447949527,0.308777429467085,0.322222222222222,0.992492492492492,0.330246913580247,0.307004470938897,1,0.320872274143302,0.314024390243902,1,0.316109422492401,0.327160493827161,0.320552147239264,0.325038880248834,1,1,1,0.316846986089645,0.331804281345566,0.00458015267175573,0.995348837209302,0.332814930015552,1,1,0.317147192716237,0.337837837837838,0.31039755351682,0.325077399380805,0.324655436447167,1,0.31055900621118,0.317683881064163,0.560629921259843,1,0.827856025039124,1,0,1,0.32579185520362,1,1,0.403348554033486,0.998468606431853,0.328149300155521,1,0.317683881064163,0.314241486068111,0.31859756097561,1,1,0.324200913242009,0.414910858995138,0.598461538461538,0.31496062992126,1,1,1,0.328149300155521,1,0.197852760736196,1,1,1,1,0.333333333333333,1,0.3264,0.343605546995377,0.667701863354037,0.31104199066874,1,0.325652841781874,0.328335832083958,0.324409448818898,1,0.313161875945537,1,0.329803328290469,0.500770416024653,0.326717557251908,0.324960753532182,0.318529862174579,1,0.327102803738318,0.318611987381703,1,1,0.325115562403698,0.324074074074074,1,0.46412213740458,0.318110236220472,0.335889570552147,0.337367624810893,0.673343605546995,1,0.298578199052133,1,0.406153846153846,0.31619937694704,0,0.882706766917293,0.328050713153724,0.330275229357798,0,0.0325581395348837,0.986153846153846,0.327160493827161,1,0.316770186335404,0.329113924050633,1,0.332829046898638,0.326086956521739,0.670788253477589,1,0.326717557251908,0.326053042121685,1,0.318952234206472,0.312202852614897,1,0.32262996941896,0.317610062893082,0.32258064516129,0.346875,0.805513016845329,1,0.979813664596273,1,1,0.00156494522691706,1,0.996951219512195,1,0.407751937984496,0.998432601880878,0.313343328335832,0.996937212863706,0.344186046511628,0.998480243161094,0.5949177877429,0.614678899082569,0.325227963525836,0.316742081447964,0.629800307219662,0.323809523809524,0,0.625,0.682515337423313,0.326251896813354,0.00153846153846154,0.326594090202177,0.307098765432099,0.755555555555556,0.324655436447167,0.68266253869969,0.580542264752791,0.323529411764706,0.333333333333333,0.305555555555556,1,0.0204678362573099,0,0.327718223583461,0.335901386748844,0.348367029548989,1,0.328197226502311,0.328197226502311,1,0.313755795981453,0.941176470588235,0.549606299212598,1,1,0.995008319467554,0.327272727272727,0.596676737160121,0.321804511278195,0.314785373608903,0.318952234206472,0.399385560675883,1,0.322033898305085,1,0.323343848580442,0.323854660347551,1,0.322834645669291,1,0.327131782945736,1,1,0.327794561933535,0,1,0.336890243902439,1,0.586523736600306,1,0.492378048780488,1,0.576219512195122,1,0.320695102685624,1,1,1,0.310185185185185,0.331230283911672,0.323880597014925,0.353035143769968,0.325320512820513,0.31937984496124,1,0.328703703703704,1,1,0.330781010719755,0.32967032967033,0.321646341463415,0.404320987654321,0.331818181818182,1,1,0.327692307692308,0.328616352201258,0.614779874213837,0.580246913580247,0.326153846153846,0.329617834394904,1,0.31570996978852,0.328828828828829,0.995356037151703,0.310509554140127,0.318042813455657,0,0.132132132132132,0.326656394453005,0.672540381791483,0.317484662576687,0.329305135951662,0.584218512898331,0.996884735202492,0.319685039370079,1,0.323308270676692,0.359253499222395,0.32348367029549,0.493171471927162,0.326086956521739,1,0.328197226502311,0.321316614420063,0.339089481946625,0.681203007518797,1,0.335443037974684,0.322530864197531,0,0.328787878787879,0.998439937597504,0.954337899543379,1,0.320061255742726,0.330232558139535,0.317262830482115,0.572916666666667,1,0.572784810126582,0.341732283464567,1,1,0.970588235294118,0.673879443585781,0.341049382716049,0.369158878504673,0.326251896813354,0.318731117824773,1,1,0.493023255813954,0.622874806800618,1,1,0.998468606431853,0.6828125,1,0.331325301204819,0.669207317073171,1,0.331269349845201,0.32348367029549,0.330781010719755,0.998475609756098,1,0.624801271860095,0.33026113671275,1,1,0.328746177370031,0.320987654320988,0.998449612403101,0,0.3234375,0.312111801242236,0.00625978090766823,0.317220543806647,1,0.316037735849057,1,0.138763197586727,0,0.894817073170732,0.332826747720365,1,1,0,0.00151975683890578,0.329173166926677,1,0.321766561514196,0.996983408748115,0.30829420970266,1,0.998422712933754,0.965732087227414,0.772382397572079,1,1,0.0046583850931677,1,0.503154574132492,0.328125,0.66966966966967,0.329787234042553,1,0.310769230769231,0.667697063369397,1,1,0.323296354992076,0.609281437125748,0.336890243902439,0.571205007824726,0.968944099378882,0.334370139968896,0.592649310872894,0.010752688172043,0.310344827586207,0.326687116564417,0.324773413897281,1,0.627659574468085,0.317073170731707,0.898753894080997,0.575949367088608,0.968325791855204,1,1,0.319018404907975,0.350565428109855,0.31496062992126,0.316998468606432,0.324074074074074,0.599402092675635,0.311649016641452,0,0.668639053254438,1,0.334869431643625,0.317829457364341,0.31911532385466,0.328808446455505,0.591743119266055,1,0.342900302114804,0.338509316770186,0.334394904458599,0.327613104524181,0.31969696969697,0.322033898305085,0.187406296851574,0.68125,0.326018808777429,0.583206106870229,1,0.235384615384615,0.328197226502311,0.922834645669291,1,1,0.317262830482115,0.63020030816641,1,0.324655436447167,0.305426356589147,0.960998439937597,1,1,0.998389694041868,0.325227963525836,1,1,0.893846153846154,1,0.359635811836115,1,0.57753164556962,1,0.667682926829268,0.313664596273292,0.58125,1,1,0.992175273865415,0.328767123287671,0.330745341614907,0.333863275039746,0.328220858895706,0.330188679245283,0.335423197492163,0.985915492957746,0.315548780487805,1,1,0.713841368584759,0,0.329770992366412,0.323216995447648,0.675840978593272,1,0.552631578947368,0.333333333333333,0.639318885448916,0.320813771517997,0.326892109500805,1,0.321428571428571,0.329073482428115,0.680817610062893,0.901430842607313,0.333827893175074,0.589540412044374,0.566978193146417,0.331797235023041,0.331768388106416,0.306153846153846,0.582689335394127,0.675799086757991,1,0.904238618524333,1,0.659638554216867,0.998420221169036,0.577044025157233,0.320373250388802,0.333333333333333,1,1,0.412403100775194,0.995290423861852,1,1,0.324615384615385,0.331278890600925,1,0.320839580209895,0.674772036474164,0.337007874015748,0.444444444444444,0.303599374021909,0,0.315151515151515,1,1,0.583586626139818,0.00153846153846154,0.337461300309598,0.330745341614907,0.1,0.40952380952381,1,1,0.323170731707317,1,0.3963133640553,1,0.337837837837838,0.570776255707763,0.328173374613003,0.324492979719189,1,0,1,0.315372424722662,0.326053042121685,1,1,1,0.448598130841121,1,0.325688073394495,0.60708782742681,0.335375191424196,0.336025848142165,0.00155038759689922,0.0342146189735614,1,0.605919003115265,1,0.330745341614907,0.337539432176656,1,1,0.165151515151515,0.316436251920123,1,0.894736842105263,1,0.328808446455505,0.197492163009404,0.662058371735791,1,1,1,1,1,0.288549618320611,0.313178294573643,1,0.108626198083067,0.00157232704402516,0.421296296296296,0,0.326594090202177,1,0.671339563862928,1,1,0.885496183206107,1,0.672307692307692,1,1,1,1
"432",0.308917197452229,0.3203125,0.32967032967033,0.342857142857143,0.311320754716981,0.314465408805031,0.0177133655394525,0.328593996840442,0.315217391304348,0.570300157977883,0.325190839694657,0.621451104100946,0.522012578616352,0.32182103610675,0.99375,0.992138364779874,0.608359133126935,0.00811688311688312,0.32695374800638,0.314285714285714,0.992272024729521,0.992101105845182,0.328703703703704,0.509316770186335,0.320726172465961,0.995334370139969,0.993558776167472,0.339256865912762,0.321592649310873,0.539432176656151,0.992412746585736,0.595611285266458,0.376146788990826,0.996875,0.661949685534591,0.323432343234323,0.134674922600619,0.325581395348837,0.992526158445441,0.313364055299539,0.00470219435736677,0.00469483568075117,0.00609756097560976,0.33596214511041,0.324881141045959,0.993769470404984,0.998435054773083,0.992272024729521,0.993846153846154,0.995348837209302,0.683153013910355,0.332797427652733,0.993836671802773,0.330721003134796,0.313935681470138,0.8359375,0.11198738170347,0.323854660347551,0.318461538461538,0.330188679245283,0.996951219512195,0.99375,0.993650793650794,0.00317965023847377,0.325949367088608,0.319444444444444,0.644200626959248,0.331240188383046,0.603053435114504,0.993874425727412,0.330733229329173,0.993788819875776,0.995169082125604,0.282747603833866,0.146645865834633,0.321266968325792,0.99537037037037,0.998452012383901,0.328660436137072,0.995161290322581,0.591503267973856,0.995245641838352,0.9921875,0.332819722650231,0.996889580093313,0.331825037707391,0.326530612244898,0.330708661417323,0.324367088607595,0.00777604976671851,0.325878594249201,0.331825037707391,0.671875,0.561240310077519,0.321144674085851,0.628834355828221,0.672985781990521,0.316666666666667,0.109854604200323,0.00474683544303797,0.321372854914197,0.608150470219436,0.993798449612403,0.321875,0.993650793650794,0.320872274143302,0.00470957613814757,0.332288401253919,0.993817619783617,0.993779160186625,0.992138364779874,0.316770186335404,0.998435054773083,0.32093023255814,0.193199381761978,0.319277108433735,0.995341614906832,0.361370716510903,0.992389649923896,0.993640699523052,0.18740157480315,0.323619631901841,0.993836671802773,0.993548387096774,0.332307692307692,0.992272024729521,0.321804511278195,0.320061255742726,0.356576862123613,0.762121212121212,0.325949367088608,0.993740219092332,0.342271293375394,0.623277182235835,0.334384858044164,0.992354740061162,0.00465116279069767,0.995327102803738,0.379095163806552,0.879227053140097,0.563579277864992,0.575899843505477,0.327014218009479,0.328,0.9921875,0.32018927444795,0.993966817496229,0.313385826771654,0.511520737327189,0.330289193302892,0.995176848874598,0.316037735849057,0.328593996840442,0.331761006289308,0.330173775671406,0.992101105845182,0.309968847352025,0.993710691823899,0.420489296636086,0.340062111801242,0.993920972644377,0.321100917431193,0.992260061919505,0.578052550231839,0.325434439178515,0.993569131832797,0.322834645669291,0.31619937694704,0.333333333333333,0.993817619783617,0.333333333333333,0.996865203761755,0.330708661417323,0.993798449612403,0.324193548387097,0.9953125,0.579598145285935,0.306501547987616,0.0299684542586751,0.312,0.327692307692308,0.992050874403816,0.315217391304348,0.332288401253919,0.327692307692308,0.335889570552147,0.993769470404984,0.996937212863706,0.328455284552846,0.326687116564417,0.993759750390016,0.993680884676145,0.32967032967033,0.2203125,0.015015015015015,0.68798751950078,0.996894409937888,0.00306748466257669,0.327692307692308,0.992175273865415,0.333333333333333,0.312788906009245,0.32348367029549,0.992175273865415,0.995384615384615,0.993569131832797,0.330275229357798,0.321543408360129,0.326053042121685,0.676190476190476,0.311708860759494,0.9936,0.355590062111801,0.993710691823899,0.993769470404984,0.436817472698908,0.325984251968504,0.326120556414219,0.334890965732087,0.305379746835443,0.33015873015873,0.63182527301092,0.996820349761526,0.995398773006135,0.316923076923077,0.00309597523219814,0.332321699544765,0.317629179331307,0.328149300155521,0.314241486068111,0.310832025117739,0.319571865443425,0.685271317829457,0.357361963190184,0.3125,0.9952,0.33596214511041,0.992272024729521,0.311248073959938,0.318110236220472,0.309968847352025,0.332797427652733,0.322274881516588,0.995260663507109,0.329211746522411,0.811320754716981,0.99375,0.995419847328244,0.99685534591195,0.992101105845182,0.992101105845182,0.882447665056361,0.992163009404389,0.992236024844721,0.995348837209302,0.323574730354391,0.993620414673046,0.323577235772358,0.00601503759398496,0.99211356466877,0.370030581039755,0.993779160186625,0.3232,0.327044025157233,0.317535545023697,0.413249211356467,0.992211838006231,0.331297709923664,0.992076069730586,0.995419847328244,0.995253164556962,0.992260061919505,0.00317965023847377,0.319685039370079,0.992260061919505,0.993700787401575,0.320251177394035,0.995192307692308,0.329754601226994,0.99388379204893,0.995319812792512,0.309904153354633,0.333868378812199,0.313971742543171,0.138582677165354,0.329652996845426,0.00778816199376947,0.575757575757576,0.995363214837713,0.32824427480916,0.317965023847377,0.570107858243451,0.992354740061162,0.993579454253612,0.332247557003257,0.337579617834395,0.993798449612403,0.648985959438378,0.685534591194969,0.312599681020734,0.323624595469256,0.990825688073395,0.332298136645963,0.308955223880597,0.992319508448541,0.325508607198748,0.308282208588957,0.996865203761755,0.313880126182965,0.328173374613003,0.319875776397516,0.32755905511811,0.993769470404984,0.993911719939117,0.998381877022654,0.31619937694704,0.336492890995261,0.0107692307692308,0.996875,0.333860759493671,0.995447647951442,0.993808049535604,0.316341829085457,0.33535660091047,0.305164319248826,0.323029366306028,0.324655436447167,0.993700787401575,0.311111111111111,0.322884012539185,0.560747663551402,0.993779160186625,0.82780410742496,0.995184590690209,0.0078740157480315,0.995384615384615,0.335347432024169,0.992088607594937,0.993788819875776,0.415765069551777,0.993893129770992,0.33652312599681,0.995522388059702,0.310015898251192,0.316118935837246,0.319685039370079,0.995327102803738,0.992223950233281,0.320251177394035,0.408427876823339,0.591482649842271,0.30379746835443,0.992319508448541,0.993650793650794,0.996825396825397,0.321543408360129,0.992248062015504,0.202511773940345,0.993827160493827,0.992150706436421,0.995268138801262,0.9936,0.333333333333333,0.995245641838352,0.334415584415584,0.334384858044164,0.6703125,0.312796208530806,0.993779160186625,0.330757341576507,0.327188940092166,0.326298701298701,0.992063492063492,0.315301391035549,0.992125984251969,0.330792682926829,0.491392801251956,0.330757341576507,0.328100470957614,0.315870570107858,0.993759750390016,0.325,0.318611987381703,0.995238095238095,0.995341614906832,0.331782945736434,0.317610062893082,0.993827160493827,0.467791411042945,0.318255250403877,0.329211746522411,0.329192546583851,0.674382716049383,0.992150706436421,0.306188925081433,0.993730407523511,0.403755868544601,0.31875,0.0046656298600311,0.89618320610687,0.319935691318328,0.326120556414219,0.00598802395209581,0.0342146189735614,0.984472049689441,0.320987654320988,0.992163009404389,0.316614420062696,0.325769854132901,0.995253164556962,0.335901386748844,0.31974921630094,0.665116279069767,0.995268138801262,0.323899371069182,0.332810047095761,0.993730407523511,0.319938176197836,0.315705128205128,0.995230524642289,0.321875,0.319182389937107,0.319938176197836,0.336507936507937,0.811526479750779,0.995268138801262,0.976489028213166,0.993948562783661,0.992125984251969,0.00627943485086342,0.996951219512195,1,0.993855606758833,0.406940063091483,0.995230524642289,0.317901234567901,0.996951219512195,0.341013824884793,0.998456790123457,0.588235294117647,0.615733736762481,0.327692307692308,0.323029366306028,0.6265625,0.323101777059774,0.00773993808049536,0.613707165109034,0.677725118483412,0.330757341576507,0.00625978090766823,0.314553990610329,0.312210200927357,0.769108280254777,0.331288343558282,0.677621283255086,0.579032258064516,0.3265625,0.328173374613003,0.308755760368664,0.996875,0.0194902548725637,0.00650406504065041,0.326120556414219,0.332814930015552,0.345146379044684,0.993769470404984,0.330173775671406,0.330232558139535,0.992125984251969,0.306976744186047,0.944794952681388,0.550955414012739,0.993769470404984,0.995447647951442,1,0.326656394453005,0.596969696969697,0.330316742081448,0.319148936170213,0.320813771517997,0.4104134762634,0.992050874403816,0.317610062893082,0.993640699523052,0.32741935483871,0.322834645669291,0.992307692307692,0.322734499205087,0.992481203007519,0.324534161490683,0.995341614906832,0.993769470404984,0.327639751552795,0.0046583850931677,0.992343032159265,0.333333333333333,0.998397435897436,0.572317262830482,0.992295839753467,0.500763358778626,0.992389649923896,0.572555205047319,0.993620414673046,0.32258064516129,0.995348837209302,0.993855606758833,0.993836671802773,0.323390894819466,0.3248,0.327354260089686,0.36,0.325242718446602,0.315467075038285,0.995207667731629,0.326018808777429,0.991708126036484,0.992458521870287,0.337480559875583,0.328025477707006,0.31866464339909,0.404320987654321,0.326283987915408,0.99388379204893,0.993808049535604,0.335384615384615,0.330683624801272,0.615136876006441,0.580847723704867,0.327586206896552,0.322784810126582,0.991974317817014,0.307453416149068,0.3267776096823,0.993759750390016,0.320512820512821,0.314152410575428,0.0046875,0.120980091883614,0.3296875,0.677177177177177,0.32262996941896,0.325077399380805,0.582952815829528,0.993740219092332,0.322884012539185,0.996908809891808,0.3265625,0.36150234741784,0.322378716744914,0.483180428134557,0.323390894819466,0.995121951219512,0.326594090202177,0.327586206896552,0.338164251207729,0.673846153846154,0.995137763371151,0.33122028526149,0.325617283950617,0.00622083981337481,0.328220858895706,0.995348837209302,0.959814528593508,0.992223950233281,0.324960753532182,0.332307692307692,0.315789473684211,0.573208722741433,0.991961414790997,0.5872,0.344444444444444,0.996904024767802,0.99537037037037,0.96875,0.669316375198728,0.336477987421384,0.3671875,0.333855799373041,0.325581395348837,0.995260663507109,0.993920972644377,0.5088,0.625391849529781,0.99211356466877,0.992101105845182,0.993836671802773,0.678513731825525,0.993759750390016,0.336923076923077,0.676425269645609,0.993865030674847,0.330696202531646,0.320813771517997,0.324960753532182,0.995290423861852,0.995391705069124,0.635048231511254,0.324534161490683,0.993788819875776,0.99388379204893,0.328173374613003,0.314152410575428,0.996899224806202,0.00650406504065041,0.319554848966614,0.312401883830455,0.00157728706624606,0.311827956989247,0.993836671802773,0.31911532385466,0.995363214837713,0.137770897832817,0.00460122699386503,0.886877828054299,0.337480559875583,0.993911719939117,0.992211838006231,0.00618238021638331,0.0062015503875969,0.330232558139535,0.992331288343558,0.318840579710145,0.995468277945619,0.312698412698413,0.995348837209302,0.993680884676145,0.967136150234742,0.771604938271605,0.998412698412698,0.995245641838352,0.00310077519379845,0.993788819875776,0.511182108626198,0.3296,0.667692307692308,0.336973478939158,0.9936,0.319508448540707,0.673312883435583,0.995230524642289,0.995297805642633,0.318255250403877,0.602719033232628,0.342146189735614,0.564387917329094,0.977917981072555,0.335443037974684,0.593167701863354,0.00941915227629513,0.322429906542056,0.324031007751938,0.326717557251908,0.995137763371151,0.627092846270928,0.319685039370079,0.908661417322835,0.574162679425837,0.975609756097561,0.993836671802773,0.993836671802773,0.31875,0.345218800648298,0.319182389937107,0.315132605304212,0.321428571428571,0.599393019726859,0.311926605504587,0.00617283950617284,0.672106824925816,0.995327102803738,0.325617283950617,0.317034700315457,0.323101777059774,0.324242424242424,0.593167701863354,0.992295839753467,0.340557275541796,0.33968253968254,0.334410339256866,0.334379905808477,0.31832298136646,0.31637519872814,0.18266253869969,0.675078864353312,0.325949367088608,0.591962905718702,0.99537037037037,0.219092331768388,0.326594090202177,0.929712460063898,0.995153473344103,0.993846153846154,0.318818040435459,0.627329192546584,0.992150706436421,0.315955766192733,0.312693498452012,0.967032967032967,0.995391705069124,0.993650793650794,0.996768982229402,0.330203442879499,0.993680884676145,0.995391705069124,0.883647798742138,0.995283018867924,0.35474006116208,0.99390243902439,0.583465818759936,0.995305164319249,0.66304347826087,0.313291139240506,0.594855305466238,0.99198717948718,0.993690851735016,0.990491283676704,0.332273449920509,0.333333333333333,0.337007874015748,0.325545171339564,0.328,0.321259842519685,0.984101748807631,0.32824427480916,0.99375,0.993311036789298,0.716510903426791,0.0078125,0.322981366459627,0.324116743471582,0.665644171779141,0.993827160493827,0.55054432348367,0.326717557251908,0.635367762128325,0.322834645669291,0.331179321486268,0.995253164556962,0.320063694267516,0.321311475409836,0.682847896440129,0.8912,0.332833583208396,0.590111642743222,0.55784469096672,0.3296875,0.330188679245283,0.308527131782946,0.581903276131045,0.671850699844479,0.995341614906832,0.908372827804107,0.992389649923896,0.655712050078247,0.995268138801262,0.578025477707006,0.32093023255814,0.331738437001595,0.995419847328244,0.995356037151703,0.420886075949367,0.998412698412698,0.998435054773083,0.995348837209302,0.327014218009479,0.334370139968896,0.995260663507109,0.316666666666667,0.671317829457364,0.333863275039746,0.436708860759494,0.310725552050473,0.0062111801242236,0.316998468606432,0.993650793650794,0.993640699523052,0.581288343558282,0.00775193798449612,0.335925349922239,0.337559429477021,0.1078125,0.431309904153355,0.993700787401575,0.992101105845182,0.3265625,0.995268138801262,0.402496099843994,0.995176848874598,0.331288343558282,0.570987654320988,0.325,0.324409448818898,0.992211838006231,0.00630914826498423,0.99685534591195,0.313195548489666,0.32807570977918,0.995447647951442,0.992163009404389,0.995433789954338,0.446540880503145,0.995215311004785,0.322884012539185,0.613251155624037,0.336973478939158,0.330645161290323,0.00618238021638331,0.0357142857142857,0.993610223642173,0.613207547169811,0.996830427892235,0.329721362229102,0.332268370607029,0.99211356466877,0.993798449612403,0.155624036979969,0.323574730354391,0.993865030674847,0.893846153846154,0.993759750390016,0.320182094081942,0.183962264150943,0.652777777777778,0.992331288343558,0.997005988023952,0.993569131832797,0.993610223642173,0.992354740061162,0.297839506172839,0.311526479750779,0.992101105845182,0.112877583465819,0.0047244094488189,0.430124223602484,0.0065252854812398,0.337078651685393,0.995356037151703,0.66877971473851,0.993798449612403,0.993759750390016,0.877742946708464,0.995268138801262,0.671274961597542,0.995334370139969,0.993650793650794,0.995238095238095,0.996860282574568
"433",0.294392523364486,0.307692307692308,0.322530864197531,0.320251177394035,0.310769230769231,0.30568356374808,0.0110584518167457,0.316770186335404,0.311077389984825,0.579113924050633,0.311649016641452,0.636923076923077,0.506976744186047,0.320987654320988,1,1,0.622496147919877,0,0.327131782945736,0.309597523219814,1,1,0.31832298136646,0.520547945205479,0.308734939759036,1,1,0.33175355450237,0.304281345565749,0.515772870662461,1,0.580451127819549,0.367283950617284,0.996894409937888,0.66875,0.3,0.142857142857143,0.31784107946027,1,0.297744360902256,0.00153374233128834,0,0,0.328660436137072,0.308411214953271,1,0.996927803379416,1,1,1,0.692307692307692,0.317683881064163,1,0.31733746130031,0.310291858678955,0.820433436532508,0.124006359300477,0.31619937694704,0.312024353120244,0.317411402157165,0.992378048780488,1,1,0.00310077519379845,0.31378763866878,0.322137404580153,0.66304347826087,0.321428571428571,0.617469879518072,1,0.315068493150685,1,1,0.274725274725275,0.162327718223583,0.310549777117385,1,0.997005988023952,0.313546423135464,1,0.602848101265823,1,1,0.317411402157165,1,0.32396449704142,0.308411214953271,0.31839258114374,0.306153846153846,0,0.317901234567901,0.32579185520362,0.696319018404908,0.587692307692308,0.315541601255887,0.64424514200299,0.682170542635659,0.307692307692308,0.121259842519685,0,0.304953560371517,0.620689655172414,1,0.316957210776545,1,0.309341500765697,0,0.319571865443425,1,1,1,0.310769230769231,0.996923076923077,0.316436251920123,0.204511278195489,0.303703703703704,1,0.379727685325265,1,1,0.204615384615385,0.312024353120244,1,1,0.322678843226788,1,0.312592592592593,0.319571865443425,0.371165644171779,0.769578313253012,0.317610062893082,1,0.325077399380805,0.646706586826347,0.33122028526149,1,0.00153609831029186,1,0.367851622874807,0.8921875,0.580495356037152,0.601236476043277,0.30381679389313,0.315047021943574,1,0.31039755351682,1,0.302936630602782,0.49618320610687,0.311844077961019,1,0.303680981595092,0.303875968992248,0.31733746130031,0.318681318681319,1,0.30030959752322,1,0.439324116743472,0.323619631901841,1,0.321375186846039,1,0.594383775351014,0.314553990610329,1,0.313364055299539,0.306153846153846,0.330769230769231,0.990881458966565,0.325688073394495,1,0.316692667706708,1,0.312297734627832,1,0.599388379204893,0.296923076923077,0.0254372019077901,0.290220820189274,0.315384615384615,1,0.306153846153846,0.308282208588957,0.317700453857791,0.329211746522411,1,1,0.323763955342903,0.321981424148607,1,1,0.320493066255778,0.236722306525038,0.0177514792899408,0.693129770992366,1,0.00154798761609907,0.313253012048193,1,0.309486780715397,0.302571860816944,0.306748466257669,0.998484848484849,1,1,0.32375189107413,0.3046875,0.3125,0.684049079754601,0.295208655332303,1,0.337404580152672,1,1,0.44,0.324574961360124,0.317411402157165,0.318461538461538,0.304615384615385,0.306376360808709,0.649149922720247,1,1,0.316030534351145,0.00458715596330275,0.321752265861027,0.309309309309309,0.316358024691358,0.306646525679758,0.295208655332303,0.311278195488722,0.698630136986301,0.371775417298938,0.304615384615385,1,0.319444444444444,1,0.302431610942249,0.304347826086957,0.312210200927357,0.328638497652582,0.305331179321486,1,0.318042813455657,0.795631825273011,1,1,0.998452012383901,1,1,0.900787401574803,1,1,1,0.308157099697885,1,0.31687898089172,0,1,0.393019726858877,1,0.316037735849057,0.317901234567901,0.308755760368664,0.435458786936236,1,0.322289156626506,1,1,1,1,0,0.305900621118012,1,1,0.319314641744548,1,0.316998468606432,1,1,0.307098765432099,0.322981366459627,0.294117647058824,0.152647975077882,0.326053042121685,0,0.604511278195489,1,0.318250377073906,0.315301391035549,0.580645161290323,1,1,0.325396825396825,0.321875,1,0.665130568356375,0.700949367088608,0.296124031007752,0.314285714285714,0.995461422087746,0.3198127925117,0.297744360902256,1,0.308282208588957,0.300153139356815,1,0.308527131782946,0.32093023255814,0.311827956989247,0.31441717791411,1,1,1,0.304615384615385,0.329721362229102,0.00762195121951219,0.99388379204893,0.31911532385466,1,1,0.301059001512859,0.321375186846039,0.297546012269939,0.308166409861325,0.313161875945537,1,0.30188679245283,0.306625577812018,0.575039494470774,1,0.84031007751938,1,0,1,0.318318318318318,1,1,0.4209726443769,1,0.3140625,1,0.305900621118012,0.304482225656878,0.306748466257669,1,1,0.314984709480122,0.398104265402844,0.618012422360248,0.298136645962733,1,1,1,0.321656050955414,1,0.206153846153846,1,1,1,1,0.3267776096823,1,0.3056,0.325545171339564,0.678461538461538,0.302652106084243,1,0.319634703196347,0.312874251497006,0.314285714285714,1,0.305597579425113,1,0.314456035767511,0.476190476190476,0.317557251908397,0.323899371069182,0.314112291350531,1,0.31378763866878,0.301684532924962,1,1,0.321044546850998,0.306027820710974,1,0.48948948948949,0.308056872037915,0.325652841781874,0.323216995447648,0.684532924961715,1,0.288216560509554,1,0.433697347893916,0.299373040752351,0,0.872727272727273,0.309148264984227,0.319083969465649,0,0.0335365853658537,0.98755832037325,0.306027820710974,1,0.302936630602782,0.314285714285714,1,0.318731117824773,0.319182389937107,0.670295489891135,1,0.315047021943574,0.316535433070866,1,0.305084745762712,0.307086614173228,1,0.348694316436252,0.304953560371517,0.321156773211568,0.327613104524181,0.791793313069909,1,0.982892690513219,1,1,0.00153846153846154,1,0.993855606758833,1,0.439137134052388,0.998412698412698,0.301659125188537,0.993939393939394,0.326053042121685,0.996960486322188,0.605029585798817,0.63595166163142,0.314503816793893,0.308755760368664,0.649769585253456,0.307210031347962,0,0.640791476407915,0.683881064162754,0.315384615384615,0.00154798761609907,0.312788906009245,0.306525037936267,0.783151326053042,0.323619631901841,0.682515337423313,0.601880877742947,0.314641744548287,0.312594840667678,0.296124031007752,1,0.0237741456166419,0,0.315068493150685,0.318042813455657,0.322727272727273,1,0.342064714946071,0.312693498452012,1,0.303625377643505,0.946236559139785,0.577464788732394,1,1,0.995090016366612,0.315233785822021,0.609281437125748,0.323795180722892,0.314375987361769,0.312404287901991,0.426403641881639,1,0.310452418096724,1,0.314194577352472,0.316037735849057,1,0.316692667706708,1,0.317901234567901,1,1,0.318885448916409,0,1,0.319571865443425,1,0.563165905631659,1,0.506849315068493,1,0.552307692307692,1,0.318681318681319,1,1,1,0.312788906009245,0.31974921630094,0.312965722801788,0.33974358974359,0.340872374798061,0.306625577812018,1,0.308641975308642,1,1,0.325652841781874,0.31974921630094,0.316590563165906,0.386503067484663,0.32383808095952,1,1,0.325153374233129,0.318461538461538,0.630094043887147,0.597523219814242,0.317972350230415,0.31201248049922,1,0.306027820710974,0.314759036144578,0.99537750385208,0.292993630573248,0.31039755351682,0,0.138719512195122,0.315950920245399,0.677037037037037,0.308527131782946,0.315548780487805,0.603007518796992,0.996889580093313,0.309597523219814,1,0.312210200927357,0.342723004694836,0.311912225705329,0.476119402985075,0.314329738058552,1,0.312404287901991,0.322378716744914,0.322378716744914,0.697744360902256,1,0.328050713153724,0.314199395770393,0,0.321428571428571,1,0.955589586523737,1,0.312883435582822,0.322932917316693,0.31104199066874,0.590214067278288,1,0.59717868338558,0.328125,1,1,0.969512195121951,0.683641975308642,0.328197226502311,0.355932203389831,0.312307692307692,0.311450381679389,1,1,0.513178294573643,0.6390625,1,1,1,0.6984375,1,0.320839580209895,0.684698608964451,1,0.323076923076923,0.316692667706708,0.315384615384615,0.998468606431853,1,0.653290529695024,0.316358024691358,1,1,0.316358024691358,0.306427503736921,1,0,0.314553990610329,0.301857585139319,0.00307692307692308,0.306870229007634,1,0.309748427672956,1,0.152337858220211,0,0.905263157894737,0.322085889570552,1,1,0,0.00150829562594268,0.31839258114374,1,0.306349206349206,0.998491704374057,0.306376360808709,1,0.998449612403101,0.96937212863706,0.778294573643411,1,1,0.0015527950310559,1,0.525396825396825,0.326086956521739,0.677272727272727,0.318885448916409,1,0.309486780715397,0.681181959564541,1,1,0.313084112149533,0.623703703703704,0.319083969465649,0.593846153846154,0.97191887675507,0.332307692307692,0.613740458015267,0.00934579439252336,0.30757341576507,0.321100917431193,0.320121951219512,1,0.641452344931921,0.307692307692308,0.889922480620155,0.591772151898734,0.971342383107089,1,1,0.308527131782946,0.334389857369255,0.30829420970266,0.309815950920245,0.306153846153846,0.620328849028401,0.298219584569733,0,0.678678678678679,0.998456790123457,0.322033898305085,0.296754250386399,0.315286624203822,0.315233785822021,0.614197530864197,1,0.328808446455505,0.330203442879499,0.319047619047619,0.312788906009245,0.311450381679389,0.311424100156495,0.195454545454545,0.68798751950078,0.3140625,0.603658536585366,1,0.243865030674847,0.315384615384615,0.924528301886792,1,1,0.30381679389313,0.647058823529412,1,0.318731117824773,0.297971918876755,0.959247648902821,1,1,0.99685534591195,0.312688821752266,1,1,0.89938080495356,1,0.346969696969697,1,0.59594383775351,1,0.670731707317073,0.310872894333844,0.611801242236025,1,1,0.993846153846154,0.321646341463415,0.322727272727273,0.323854660347551,0.317972350230415,0.319047619047619,0.326498422712934,0.989010989010989,0.310240963855422,1,1,0.712977099236641,0,0.318250377073906,0.312977099236641,0.682926829268293,1,0.574500768049155,0.323922734026746,0.647058823529412,0.306976744186047,0.309262166405024,1,0.305555555555556,0.319422150882825,0.69701726844584,0.912974683544304,0.322533136966127,0.598101265822785,0.578446909667195,0.316923076923077,0.327102803738318,0.298325722983257,0.590417310664606,0.686544342507645,1,0.895475819032761,1,0.670750382848392,0.9984375,0.597809076682316,0.312883435582822,0.315873015873016,1,1,0.439814814814815,0.995245641838352,0.996918335901387,1,0.310236220472441,0.325115562403698,1,0.315946348733234,0.68140243902439,0.327639751552795,0.46801872074883,0.296411856474259,0,0.302752293577982,1,1,0.59480122324159,0.00151515151515152,0.321538461538462,0.320251177394035,0.0981012658227848,0.409967845659164,1,1,0.312693498452012,1,0.429878048780488,1,0.318047337278107,0.590288315629742,0.320493066255778,0.316037735849057,1,0,1,0.30503144654088,0.320493066255778,1,1,1,0.45,1,0.313846153846154,0.629909365558912,0.332302936630603,0.3264,0.00151285930408472,0.0373831775700935,1,0.625570776255708,1,0.324615384615385,0.323296354992076,1,1,0.156862745098039,0.306625577812018,1,0.90990990990991,1,0.3202416918429,0.202492211838006,0.675968992248062,1,1,1,1,1,0.291981845688351,0.296583850931677,1,0.121835443037975,0.00156494522691706,0.446841294298921,0,0.324615384615385,1,0.68,1,1,0.899536321483771,1,0.689291101055807,1,1,1,1
"434",0.251192368839428,0.238170347003155,0.247634069400631,0.22257053291536,0.241001564945227,0.250783699059561,0.545454545454545,0.24203821656051,0.262578616352201,0.86525974025974,0.248037676609105,0.82306477093207,0.0824088748019017,0.227848101265823,0.442122186495177,0.437596302003082,0.834355828220859,0.570261437908497,0.243243243243243,0.241324921135647,0.442338072669826,0.439873417721519,0.248456790123457,0.934065934065934,0.257229832572298,0.424806201550388,0.4304,0.254457050243112,0.254263565891473,0.1408,0.450704225352113,0.129032258064516,0.207430340557276,0.438985736925515,0.766823161189358,0.240131578947368,0.727272727272727,0.238759689922481,0.432973805855162,0.248833592534992,0.587579617834395,0.575,0.573394495412844,0.232339089481947,0.23186119873817,0.426517571884984,0.43171114599686,0.42457231726283,0.418320610687023,0.428792569659443,0.762790697674419,0.248012718600954,0.440993788819876,0.233542319749216,0.243788819875776,0.259554140127389,0.70926517571885,0.241324921135647,0.260869565217391,0.252365930599369,0.415241057542768,0.42512077294686,0.432389937106918,0.590111642743222,0.249592169657423,0.256692913385827,0.802197802197802,0.242902208201893,0.83661119515885,0.42,0.241960183767228,0.422955974842767,0.421900161030596,0.2912,0.755832037325039,0.246616541353383,0.439628482972136,0.407692307692308,0.235658914728682,0.422764227642276,0.858064516129032,0.420382165605096,0.424960505529226,0.24922600619195,0.406593406593407,0.238095238095238,0.248833592534992,0.2375,0.238390092879257,0.558320373250389,0.234645669291339,0.235747303543914,0.759811616954474,0.875192604006163,0.238325281803543,0.8125,0.765990639625585,0.235478806907378,0.712698412698413,0.5824,0.237048665620094,0.823529411764706,0.444270015698587,0.241935483870968,0.426073131955485,0.251177394034537,0.586477987421384,0.242236024844721,0.425867507886435,0.425038639876352,0.412576687116564,0.253846153846154,0.423622047244094,0.231611893583725,0.785604900459418,0.249621785173979,0.427215189873418,0.962732919254658,0.429447852760736,0.429699842022117,0.798761609907121,0.237366003062787,0.424382716049383,0.428571428571429,0.234472049689441,0.442040185471406,0.242105263157895,0.24390243902439,0.938388625592417,0.638719512195122,0.238019169329073,0.435126582278481,0.246794871794872,0.809451219512195,0.235772357723577,0.425038639876352,0.586153846153846,0.427444794952681,0.176838810641628,0.55700325732899,0.86053882725832,0.860062893081761,0.238021638330757,0.236714975845411,0.433903576982893,0.238244514106583,0.428351309707242,0.247261345852895,0.0947204968944099,0.241486068111455,0.438906752411576,0.243710691823899,0.245614035087719,0.249594813614263,0.242088607594937,0.402535657686212,0.236306729264476,0.429467084639498,1,0.247278382581649,0.433697347893916,0.250759878419453,0.451968503937008,0.835725677830941,0.23696682464455,0.420967741935484,0.2546875,0.253846153846154,0.245283018867925,0.408320493066256,0.246835443037975,0.416139240506329,0.239234449760766,0.42246835443038,0.240196078431373,0.413848631239936,0.842679127725857,0.247311827956989,0.62843295638126,0.247226624405705,0.237048665620094,0.435406698564593,0.245669291338583,0.244131455399061,0.245723172628305,0.238244514106583,0.42992125984252,0.430555555555556,0.232371794871795,0.236677115987461,0.429012345679012,0.445151033386327,0.234375,0.8078125,0.585218702865762,0.751188589540412,0.425499231950845,0.585889570552147,0.237654320987654,0.428571428571429,0.245980707395498,0.247295208655332,0.235747303543914,0.440124416796268,0.439628482972136,0.425632911392405,0.241741741741742,0.241100323624595,0.240061162079511,0.771565495207668,0.247648902821317,0.443017656500803,0.21993670886076,0.427892234548336,0.422955974842767,0.5,0.229299363057325,0.238897396630934,0.246894409937888,0.250386398763524,0.239302694136292,0.800314465408805,0.4185303514377,0.4140625,0.250769230769231,0.573846153846154,0.239329268292683,0.25,0.257142857142857,0.242283950617284,0.251184834123223,0.237442922374429,0.752351097178683,0.944272445820433,0.255451713395639,0.434782608695652,0.230647709320695,0.428794992175274,0.242283950617284,0.238244514106583,0.236507936507937,0.240063593004769,0.239165329052969,0.408227848101266,0.246105919003115,0.218897637795276,0.41185647425897,0.424764890282132,0.432859399684044,0.4234375,0.41692789968652,0.527156549520767,0.415625,0.422535211267606,0.414596273291925,0.25462962962963,0.418238993710692,0.246329526916803,0.561728395061728,0.416536661466459,0.956856702619414,0.42515923566879,0.247208931419458,0.2296875,0.245253164556962,0.995207667731629,0.442879499217527,0.235294117647059,0.41786283891547,0.419939577039275,0.422535211267606,0.422600619195046,0.572769953051643,0.233070866141732,0.421216848673947,0.43312101910828,0.246056782334385,0.442492012779553,0.243410852713178,0.421374045801527,0.444270015698587,0.232484076433121,0.237942122186495,0.246056782334385,0.743710691823899,0.232371794871795,0.570754716981132,0.857142857142857,0.41875,0.244239631336406,0.2272,0.870769230769231,0.4209726443769,0.421474358974359,0.239549839228296,0.253125,0.442724458204334,0.773228346456693,0.757624398073836,0.251177394034537,0.24203821656051,0.422900763358779,0.242566510172144,0.25,0.420890937019969,0.247244094488189,0.251170046801872,0.424382716049383,0.250788643533123,0.236507936507937,0.246511627906977,0.244961240310078,0.423197492163009,0.437025796661609,0.428802588996764,0.243285939968404,0.25,0.583724569640063,0.424050632911392,0.229903536977492,0.428790199081164,0.444272445820433,0.243119266055046,0.234930448222566,0.2398753894081,0.237717908082409,0.2453125,0.4328125,0.237795275590551,0.255924170616114,0.861788617886179,0.42457231726283,0.585403726708075,0.440944881889764,0.564668769716088,0.423963133640553,0.242378048780488,0.44006309148265,0.427899686520376,0.996899224806202,0.427906976744186,0.253164556962025,0.429223744292237,0.250396196513471,0.244479495268139,0.240740740740741,0.440570522979398,0.426584234930448,0.236220472440945,0.165302782324059,0.820967741935484,0.248407643312102,0.423197492163009,0.421725239616613,0.427432216905901,0.232,0.415123456790123,0.798136645962733,0.422291993720565,0.428571428571429,0.419614147909968,0.443234836702955,0.244929797191888,0.431962025316456,0.233278955954323,0.2448,0.765527950310559,0.237639553429027,0.431924882629108,0.247678018575851,0.227617602427921,0.229402261712439,0.422047244094488,0.241167434715822,0.427899686520376,0.243531202435312,0.0993788819875776,0.253943217665615,0.251582278481013,0.234206471494607,0.441358024691358,0.236507936507937,0.2368,0.439252336448598,0.429936305732484,0.235015772870662,0.238021638330757,0.4399375975039,0.958652373660031,0.245980707395498,0.246105919003115,0.230061349693252,0.760697305863708,0.444267515923567,0.237179487179487,0.432766615146832,0.993640699523052,0.246913580246914,0.563664596273292,0.305343511450382,0.23482428115016,0.23950233281493,0.584592145015106,0.548644338118022,0.403785488958991,0.244865718799368,0.426332288401254,0.241758241758242,0.231017770597738,0.425396825396825,0.247678018575851,0.243670886075949,0.765723270440252,0.414285714285714,0.251582278481013,0.235478806907378,0.426751592356688,0.247678018575851,0.24,0.42604501607717,0.912844036697248,0.232854864433812,0.235569422776911,0.236883942766296,0.218354430379747,0.428348909657321,0.451923076923077,0.433130699088146,0.42654028436019,0.582278481012658,0.407751937984496,0.406940063091483,0.439137134052388,1,0.424960505529226,0.256488549618321,0.43167701863354,0.243243243243243,0.429467084639498,0.85,0.811232449297972,0.240369799691834,0.25,0.817757009345794,0.242671009771987,0.574500768049155,0.809375,0.774603174603175,0.233024691358025,0.568992248062016,0.24804992199688,0.243827160493827,0.652448657187994,0.247261345852895,0.753846153846154,0.855753646677472,0.232854864433812,0.23963133640553,0.265210608424337,0.416536661466459,0.604790419161677,0.554649265905383,0.26040061633282,0.234375,0.1984375,0.450393700787402,0.908372827804107,0.238759689922481,0.43956043956044,0.241538461538462,0.379310344827586,0.864649681528662,0.438569206842924,0.42572741194487,0.42809364548495,0.258064516129032,0.847457627118644,0.248097412480974,0.23462783171521,0.233644859813084,0.992295839753467,0.414944356120827,0.246056782334385,0.436507936507937,0.246006389776358,0.248,0.425076452599388,0.234920634920635,0.443425076452599,0.251956181533646,0.440625,0.430176565008026,0.238021638330757,0.570287539936102,0.425499231950845,0.24390243902439,0.438202247191011,0.150855365474339,0.444272445820433,0.925867507886435,0.43010752688172,0.121684867394696,0.432432432432432,0.2544,0.425465838509317,0.409657320872274,0.450704225352113,0.248012718600954,0.25518341307815,0.244204018547141,0.208400646203554,0.903752039151713,0.244897959183673,0.418006430868167,0.226771653543307,0.444625407166124,0.433229813664596,0.238993710691824,0.238473767885533,0.230652503793627,0.155905511811024,0.236923076923077,0.432721712538226,0.424615384615385,0.237129485179407,0.236133122028526,0.820063694267516,0.841269841269841,0.240944881889764,0.233226837060703,0.431279620853081,0.254263565891473,0.247678018575851,0.42457231726283,0.260450160771704,0.245723172628305,0.561128526645768,0.743939393939394,0.242566510172144,0.74468085106383,0.244582043343653,0.246130030959752,0.848024316109423,0.433229813664596,0.241987179487179,0.416012558869702,0.23696682464455,0.211783439490446,0.256211180124224,0.0914728682170543,0.251192368839428,0.42671009771987,0.24294670846395,0.245222929936306,0.238709677419355,0.766871165644172,0.429951690821256,0.229903536977492,0.23950233281493,0.5671875,0.237871674491393,0.431962025316456,0.375586854460094,0.43125,0.238317757009346,0.23861852433281,0.24251968503937,0.86,0.419093851132686,0.858054226475279,0.229430379746835,0.438569206842924,0.442724458204334,0.384735202492212,0.761240310077519,0.248037676609105,0.191222570532915,0.235658914728682,0.248847926267281,0.419047619047619,0.425925925925926,0.934294871794872,0.805337519623234,0.441455696202532,0.427444794952681,0.414330218068536,0.759615384615385,0.428346456692913,0.243119266055046,0.756714060031596,0.432973805855162,0.23861852433281,0.248833592534992,0.238689547581903,0.439628482972136,0.436170212765957,0.805555555555556,0.237048665620094,0.449139280125196,0.434645669291339,0.241486068111455,0.252747252747253,0.420970266040689,0.556291390728477,0.234177215189873,0.245696400625978,0.570300157977883,0.238759689922481,0.44478527607362,0.257911392405063,0.437795275590551,0.751159196290572,0.580645161290323,0.540212443095599,0.244548286604361,0.424806201550388,0.430577223088924,0.569444444444444,0.579268292682927,0.236133122028526,0.423963133640553,0.246006389776358,0.423780487804878,0.233704292527822,0.428346456692913,0.441786283891547,0.394695787831513,0.563380281690141,0.427652733118971,0.437299035369775,0.594637223974763,0.428348909657321,0.909967845659164,0.236421725239617,0.770186335403727,0.23969465648855,0.441786283891547,0.245696400625978,0.758566978193146,0.429699842022117,0.420127795527157,0.2491961414791,0.818722139673105,0.241809672386895,0.855572998430141,0.406995230524642,0.232339089481947,0.828525641025641,0.588785046728972,0.235478806907378,0.238461538461538,0.233024691358025,0.440650406504065,0.811437403400309,0.234930448222566,0.323809523809524,0.862838915470494,0.387596899224806,0.421947449768161,0.427469135802469,0.24294670846395,0.212121212121212,0.250391236306729,0.242612752721617,0.236306729264476,0.82469512195122,0.256568778979907,0.573872472783826,0.764264264264264,0.435054773082942,0.230889235569423,0.262910798122066,0.23968253968254,0.24079754601227,0.843260188087774,0.433179723502304,0.224806201550388,0.231259968102073,0.24203821656051,0.242857142857143,0.251162790697674,0.244094488188976,0.7821482602118,0.779552715654952,0.239811912225705,0.846153846153846,0.427230046948357,0.845794392523365,0.244514106583072,0.353130016051364,0.449346405228758,0.43125,0.247295208655332,0.807511737089202,0.438759689922481,0.221875,0.256289308176101,0.382165605095541,0.427258805513017,0.439252336448598,0.442675159235669,0.230886850152905,0.431746031746032,0.424196018376723,0.536050156739812,0.436220472440945,0.20516717325228,0.436834094368341,0.852272727272727,0.438377535101404,0.766871165644172,0.2574568288854,0.845181674565561,0.4336,0.439370078740157,0.434022257551669,0.241538461538462,0.230889235569423,0.244408945686901,0.24685534591195,0.239024390243902,0.248407643312102,0.411858974358974,0.251956181533646,0.437598736176935,0.417910447761194,0.533950617283951,0.565768621236133,0.258215962441315,0.231132075471698,0.769585253456221,0.426584234930448,0.88062015503876,0.231231231231231,0.803125,0.248803827751196,0.237560192616372,0.425431711145997,0.243243243243243,0.237232289950577,0.60828025477707,0.522801302931596,0.252252252252252,0.856907894736842,0.854199683042789,0.241324921135647,0.230031948881789,0.237577639751553,0.8484375,0.762870514820593,0.42967542503864,0.322884012539185,0.428792569659443,0.761467889908257,0.425324675324675,0.845906902086677,0.236677115987461,0.249211356466877,0.441717791411043,0.435257410296412,1,0.4224,0.423493044822257,0.427018633540373,0.242138364779874,0.239811912225705,0.425632911392405,0.239457831325301,0.77293934681182,0.241324921135647,0.984227129337539,0.252006420545746,0.578052550231839,0.240683229813665,0.429467084639498,0.423948220064725,0.847589424572317,0.576982892690513,0.24294670846395,0.2375,0.470588235294118,0.368678629690049,0.432907348242812,0.433333333333333,0.24804992199688,0.420722135007849,0.99203821656051,0.428571428571429,0.243119266055046,0.857585139318885,0.251968503937008,0.242138364779874,0.422955974842767,0.562700964630225,0.41838351822504,0.253611556982344,0.235668789808917,0.425,0.44131455399061,0.418711656441718,0.370015948963317,0.418940609951846,0.240683229813665,0.816923076923077,0.233908948194662,0.230891719745223,0.558641975308642,0.61244019138756,0.428571428571429,0.821981424148607,0.419558359621451,0.237795275590551,0.217460317460317,0.434920634920635,0.410543130990415,0.620743034055728,0.244897959183673,0.421133231240429,0.533333333333333,0.434169278996865,0.271585557299843,0.781299524564184,0.758998435054773,0.427244582043344,0.424242424242424,0.426984126984127,0.444084278768233,0.428129829984544,0.279816513761468,0.258675078864353,0.43213728549142,0.716129032258065,0.576433121019108,0.9875,0.568659127625202,0.228346456692913,0.411949685534591,0.773790951638066,0.406003159557662,0.430359937402191,0.5600624024961,0.426751592356688,0.76625386996904,0.413145539906103,0.44,0.412044374009509,0.423861852433281
"435",0.297697368421053,0.316720257234727,0.312,0.33442088091354,0.310897435897436,0.312202852614897,0.0163398692810458,0.321543408360129,0.313694267515924,0.574750830564784,0.322327044025157,0.642969984202212,0.513556618819777,0.325842696629214,0.99837925445705,0.9968,0.620904836193448,0.00330578512396694,0.32475884244373,0.309677419354839,0.996763754045307,0.996805111821086,0.31974921630094,0.522906793048973,0.315047021943574,0.998425196850394,0.996715927750411,0.337726523887974,0.309486780715397,0.524271844660194,0.996815286624204,0.595541401273885,0.373417721518987,0.998405103668262,0.664526484751204,0.302364864864865,0.13237639553429,0.321656050955414,0.996865203761755,0.299050632911392,0.00316957210776545,0.0016025641025641,0.00310077519379845,0.325358851674641,0.315024232633279,0.996747967479675,0.996779388083736,0.996805111821086,0.996860282574568,0.998435054773083,0.688394276629571,0.330049261083744,0.996899224806202,0.313694267515924,0.318681318681319,0.831168831168831,0.118210862619808,0.318327974276527,0.313291139240506,0.321027287319422,0.993640699523052,0.998394863563403,0.996805111821086,0.00484652665589661,0.319078947368421,0.314873417721519,0.648089171974522,0.323248407643312,0.604361370716511,0.998422712933754,0.312893081761006,0.996815286624204,0.998341625207297,0.281045751633987,0.15748031496063,0.321100917431193,0.996860282574568,0.996860282574568,0.319620253164557,0.996694214876033,0.607201309328969,0.99837925445705,0.996779388083736,0.324281150159744,1,0.31875,0.314238952536825,0.322784810126582,0.314935064935065,0.0031496062992126,0.324675324675325,0.325153374233129,0.690363349131122,0.584639498432602,0.312903225806452,0.639318885448916,0.67398119122257,0.311688311688312,0.11900826446281,0,0.313195548489666,0.615755627009646,0.998402555910543,0.309210526315789,0.996789727126806,0.323529411764706,0.00324675324675325,0.318910256410256,0.996875,0.998415213946117,0.996850393700787,0.309148264984227,0.998412698412698,0.317666126418152,0.210443037974684,0.301538461538462,1,0.371610845295056,0.996875,0.996763754045307,0.205414012738854,0.316037735849057,0.998427672955975,0.996742671009772,0.326530612244898,0.9968,0.314984709480122,0.308892355694228,0.368336025848142,0.773790951638066,0.322314049586777,0.998405103668262,0.328548644338118,0.635239567233385,0.3354943273906,0.996840442338073,0.00316455696202532,0.998405103668262,0.385964912280702,0.890547263681592,0.585089141004862,0.598726114649682,0.316455696202532,0.323577235772358,0.996820349761526,0.310509554140127,0.996894409937888,0.301458670988655,0.506329113924051,0.323529411764706,0.998384491114701,0.317307692307692,0.319554848966614,0.316045380875203,0.320063694267516,0.996789727126806,0.305732484076433,0.996742671009772,0.431279620853081,0.322222222222222,0.998430141287284,0.315047021943574,0.996820349761526,0.592295345104334,0.326298701298701,0.996789727126806,0.320634920634921,0.313291139240506,0.327447833065811,0.990536277602524,0.325842696629214,0.998373983739837,0.321486268174475,0.998412698412698,0.320598006644518,0.998376623376623,0.590322580645161,0.297939778129952,0.0231404958677686,0.297734627831715,0.31496062992126,0.996835443037975,0.306089743589744,0.322061191626409,0.31637519872814,0.318979266347687,0.998392282958199,0.998427672955975,0.317589576547231,0.319870759289176,0.996894409937888,0.998394863563403,0.32794830371567,0.241653418124006,0.0138461538461538,0.688206785137318,0.998435054773083,0.00159489633173844,0.3171875,0.99685534591195,0.314754098360656,0.310832025117739,0.313971742543171,0.995230524642289,0.998435054773083,0.998341625207297,0.324574961360124,0.323333333333333,0.311708860759494,0.676422764227642,0.306349206349206,0.99672131147541,0.336507936507937,0.996774193548387,0.998394863563403,0.438485804416404,0.317741935483871,0.318541996830428,0.328502415458937,0.303317535545024,0.3184,0.640901771336554,0.996789727126806,0.998410174880763,0.315047021943574,0.00317460317460317,0.327586206896552,0.320493066255778,0.323717948717949,0.3024,0.302694136291601,0.312989045383412,0.696825396825397,0.353488372093023,0.302066772655008,0.998389694041868,0.331691297208539,0.996830427892235,0.303937007874016,0.309677419354839,0.313504823151125,0.326923076923077,0.312803889789303,0.998417721518987,0.325471698113208,0.801612903225806,0.996835443037975,0.9984,0.998360655737705,0.996820349761526,0.996840442338073,0.898387096774194,0.996840442338073,0.996860282574568,0.998410174880763,0.31733746130031,0.996810207336523,0.316393442622951,0.00155763239875389,0.996810207336523,0.382581648522551,0.9968,0.318327974276527,0.31869918699187,0.320063694267516,0.425837320574163,0.9968,0.327073552425665,0.996820349761526,0.996927803379416,0.996768982229402,0.996835443037975,0,0.307073954983923,0.996840442338073,0.998392282958199,0.317460317460317,0.99836867862969,0.313291139240506,0.996875,0.998392282958199,0.30983606557377,0.316211878009631,0.30016051364366,0.146964856230032,0.322061191626409,0.00322061191626409,0.60061919504644,0.998381877022654,0.318611987381703,0.315024232633279,0.578274760383387,0.996860282574568,0.996789727126806,0.333333333333333,0.326860841423948,0.998410174880763,0.644904458598726,0.696078431372549,0.303656597774245,0.312080536912752,0.995297805642633,0.327974276527331,0.299382716049383,0.996884735202492,0.325396825396825,0.305246422893482,1,0.309677419354839,0.323809523809524,0.316455696202532,0.315705128205128,0.998373983739837,0.998449612403101,0.99835255354201,0.304975922953451,0.322061191626409,0.00943396226415094,0.995098039215686,0.322683706070288,1,0.998392282958199,0.312202852614897,0.327044025157233,0.307814992025518,0.316639741518578,0.312698412698413,0.996835443037975,0.307443365695793,0.308056872037915,0.571661237785016,0.998405103668262,0.83495145631068,0.998381877022654,0.00320512820512821,0.998439937597504,0.325581395348837,0.996774193548387,0.998376623376623,0.423137876386688,0.998417721518987,0.327390599675851,0.996904024767802,0.310015898251192,0.305466237942122,0.310126582278481,0.998412698412698,0.996865203761755,0.313385826771654,0.396039603960396,0.615883306320908,0.299352750809061,0.996825396825397,0.998373983739837,0.998381877022654,0.31973898858075,0.996860282574568,0.2064,0.996784565916399,0.9968,0.996753246753247,0.998402555910543,0.324492979719189,0.99672131147541,0.321724709784411,0.331189710610932,0.679365079365079,0.309178743961353,0.998394863563403,0.324881141045959,0.317829457364341,0.318333333333333,0.996784565916399,0.311424100156495,0.996742671009772,0.323029366306028,0.485714285714286,0.323809523809524,0.325320512820513,0.311501597444089,0.998420221169036,0.318327974276527,0.308562197092084,0.998407643312102,0.998389694041868,0.324281150159744,0.30952380952381,0.998405103668262,0.479495268138801,0.314662273476112,0.324324324324324,0.32967032967033,0.679425837320574,0.996747967479675,0.304777594728171,0.996810207336523,0.42515923566879,0.306581059390048,0.00159744408945687,0.886435331230284,0.317589576547231,0.316129032258064,0.0015220700152207,0.0352,0.987138263665595,0.319354838709677,0.996805111821086,0.313099041533546,0.317725752508361,0.998373983739837,0.324409448818898,0.316639741518578,0.667205169628433,0.998420221169036,0.329011345218801,0.319422150882825,0.9967585089141,0.3125,0.310789049919485,0.996779388083736,0.332802547770701,0.315024232633279,0.312989045383412,0.32484076433121,0.798076923076923,0.998427672955975,0.980769230769231,0.996923076923077,0.996820349761526,0.00475435816164818,0.998432601880878,0.995230524642289,0.998412698412698,0.424960505529226,1,0.309148264984227,0.996879875195008,0.323763955342903,0.998439937597504,0.601226993865031,0.621451104100946,0.31974921630094,0.312401883830455,0.639370078740157,0.308702791461412,0.0031201248049922,0.629160063391442,0.679549114331723,0.318541996830428,0.00474683544303797,0.318840579710145,0.310236220472441,0.771474878444084,0.326984126984127,0.684952978056426,0.59344262295082,0.324281150159744,0.324492979719189,0.3008,0.998373983739837,0.0181543116490166,0.00335570469798658,0.325471698113208,0.329011345218801,0.33968253968254,0.996784565916399,0.336025848142165,0.312401883830455,0.996747967479675,0.304761904761905,0.953748006379585,0.5712,0.998410174880763,0.996918335901387,0.994854202401372,0.323899371069182,0.604430379746835,0.324574961360124,0.310855263157895,0.317817014446228,0.421461897356143,0.996810207336523,0.314516129032258,0.9967585089141,0.318032786885246,0.314662273476112,0.996840442338073,0.323101777059774,0.996923076923077,0.32516339869281,0.998402555910543,0.9968,0.323296354992076,0.00160771704180064,0.996879875195008,0.323854660347551,0.998387096774194,0.57395498392283,0.996835443037975,0.503194888178914,0.996918335901387,0.5568,0.996732026143791,0.321252059308072,0.998389694041868,0.998420221169036,0.996835443037975,0.306836248012719,0.319805194805195,0.320121951219512,0.347826086956522,0.325503355704698,0.304140127388535,0.998381877022654,0.329635499207607,0.996699669966997,0.996870109546166,0.322834645669291,0.322006472491909,0.309033280507132,0.387045813586098,0.3203125,0.998415213946117,0.998430141287284,0.329113924050633,0.320388349514563,0.627035830618892,0.5936,0.3125,0.316476345840131,0.996774193548387,0.3072,0.306477093206951,0.99194847020934,0.314845024469821,0.314873417721519,0.00317965023847377,0.137770897832817,0.316045380875203,0.682588597842835,0.308681672025723,0.318037974683544,0.601880877742947,0.996845425867508,0.309061488673139,0.998373983739837,0.32120253164557,0.357371794871795,0.313099041533546,0.48503937007874,0.306709265175719,0.996732026143791,0.320126782884311,0.317152103559871,0.333878887070376,0.6890625,0.998336106489185,0.324149108589951,0.317034700315457,0.00317460317460317,0.324324324324324,0.998387096774194,0.964856230031949,0.996825396825397,0.312599681020734,0.329093799682035,0.316129032258064,0.587057010785824,0.996763754045307,0.594728171334432,0.332794830371567,0.998422712933754,0.996805111821086,0.974522292993631,0.676375404530744,0.338187702265372,0.36031746031746,0.320695102685624,0.3234375,0.996768982229402,0.996884735202492,0.516447368421053,0.63391442155309,0.996794871794872,0.996810207336523,0.998427672955975,0.685393258426966,0.996830427892235,0.315301391035549,0.675850891410049,0.99685534591195,0.3216,0.318840579710145,0.31629392971246,1,0.996860282574568,0.635761589403974,0.323899371069182,0.996805111821086,0.996875,0.329545454545455,0.307210031347962,1,0.00167785234899329,0.318181818181818,0.307568438003221,0.00650406504065041,0.309006211180124,0.996908809891808,0.303571428571429,0.996794871794872,0.140845070422535,0.00313971742543171,0.900311526479751,0.324409448818898,0.996870109546166,0.996830427892235,0.00313971742543171,0.00308641975308642,0.315286624203822,0.996835443037975,0.32183908045977,0.9984375,0.3042071197411,0.996753246753247,0.996784565916399,0.969648562300319,0.781102362204724,1,0.998387096774194,0.00478468899521531,0.998407643312102,0.522314049586777,0.323101777059774,0.669856459330144,0.325320512820513,0.996774193548387,0.304897314375987,0.673076923076923,1,0.998371335504886,0.316476345840131,0.624036979969183,0.33125,0.5829307568438,0.974358974358974,0.326860841423948,0.604430379746835,0.0112540192926045,0.313001605136437,0.318840579710145,0.325396825396825,0.998376623376623,0.631911532385466,0.309375,0.895666131621188,0.589951377633712,0.969040247678019,0.996879875195008,0.998449612403101,0.313694267515924,0.336601307189543,0.313915857605178,0.308917197452229,0.306603773584906,0.6140625,0.3125,0.0016,0.671317829457364,1,0.321259842519685,0.307443365695793,0.311897106109325,0.325581395348837,0.608832807570978,0.996865203761755,0.33968253968254,0.334943639291465,0.330065359477124,0.327476038338658,0.313385826771654,0.315286624203822,0.195924764890282,0.67536704730832,0.320063694267516,0.59717868338558,0.998439937597504,0.243630573248408,0.317535545023697,0.933656957928803,0.996710526315789,0.996774193548387,0.3136,0.632148377125193,0.996825396825397,0.316535433070866,0.29746835443038,0.959546925566343,0.998417721518987,0.996825396825397,0.998366013071895,0.32,0.996779388083736,0.996850393700787,0.898412698412698,0.996825396825397,0.357594936708861,0.996875,0.588723051409619,0.998392282958199,0.680061823802164,0.314332247557003,0.60327868852459,0.996753246753247,0.998389694041868,0.995207667731629,0.3203125,0.329635499207607,0.330618892508143,0.321711568938193,0.319467554076539,0.322422258592471,0.988727858293076,0.317460317460317,0.998412698412698,0.996615905245347,0.718799368088468,0.0032,0.324367088607595,0.315372424722662,0.676100628930818,0.996899224806202,0.562204724409449,0.326594090202177,0.641357027463651,0.319554848966614,0.315024232633279,0.998387096774194,0.317891373801917,0.311148086522463,0.685575364667747,0.904605263157895,0.323216995447648,0.604200323101777,0.5744,0.316037735849057,0.331715210355987,0.306089743589744,0.590322580645161,0.675078864353312,0.998422712933754,0.900481540930979,0.996875,0.660910518053375,1,0.592833876221498,0.312796208530806,0.32463295269168,0.996875,0.998420221169036,0.434991974317817,0.995145631067961,0.998422712933754,0.998415213946117,0.30952380952381,0.334928229665072,1,0.315151515151515,0.679186228482003,0.329093799682035,0.459807073954984,0.303630363036304,0.003125,0.311216429699842,0.9968,0.99670510708402,0.593059936908517,0.00473186119873817,0.324281150159744,0.316558441558442,0.104333868378812,0.418604651162791,0.996810207336523,0.996742671009772,0.319620253164557,0.998417721518987,0.426966292134831,0.998341625207297,0.328125,0.591549295774648,0.333865814696486,0.314424635332253,0.996810207336523,0.00325732899022801,1,0.301458670988655,0.313821138211382,0.998415213946117,0.996815286624204,0.998454404945904,0.438003220611916,0.998366013071895,0.325914149443561,0.617322834645669,0.332258064516129,0.326829268292683,0.00473186119873817,0.0349206349206349,0.996732026143791,0.620745542949757,0.998387096774194,0.326984126984127,0.320261437908497,0.996763754045307,0.998407643312102,0.159375,0.312,0.996835443037975,0.900158478605388,0.998402555910543,0.316957210776545,0.202229299363057,0.672897196261682,0.996815286624204,0.998459167950693,0.996742671009772,0.998366013071895,0.996879875195008,0.287974683544304,0.30622009569378,0.996779388083736,0.109452736318408,0.00320512820512821,0.451664025356577,0.00165562913907285,0.318840579710145,0.998407643312102,0.677524429967427,0.998425196850394,0.996904024767802,0.8875,0.998363338788871,0.675718849840256,0.996805111821086,0.996742671009772,0.99837925445705,0.998397435897436
"436",1,1,1,1,1,1,0.716510903426791,1,1,0.108320251177394,1,0.0460829493087558,0.799373040752351,1,0.303875968992248,0.291350531107739,0.0691244239631336,0.699029126213592,1,1,0.275,0.293291731669267,1,0.169984686064319,1,0.31651376146789,0.299843014128728,1,1,0.782131661442006,0.304545454545455,0.7217125382263,0.963246554364472,0.301684532924962,0,1,0.546153846153846,1,0.293494704992436,1,0.668730650154799,0.69218989280245,0.708206686930091,1,1,0.306122448979592,0.298136645962733,0.297090352220521,0.310344827586207,0.312307692307692,0,1,0.30030487804878,1,1,0.49607535321821,0.56298600311042,1,1,1,0.323076923076923,0.308049535603715,0.3109375,0.684292379471229,1,1,0.037037037037037,1,0.0631578947368421,0.306646525679758,1,0.304821150855365,0.3184,0.961965134706815,0.515837104072398,1,0.291858678955453,0.325757575757576,1,0.309904153354633,0.0952380952380952,0.313971742543171,0.308396946564885,1,0.331288343558282,1,1,1,1,0.698170731707317,1,1,0.00152439024390244,0.110769230769231,1,0.0493273542600897,0,1,0.568037974683544,0.686427457098284,1,0.0549618320610687,0.304281345565749,1,0.304075235109718,1,0.693251533742331,1,0.30564263322884,0.314589665653495,0.310872894333844,1,0.310708898944193,1,0.484162895927602,1,0.306748466257669,0.306525037936267,0.310810810810811,0.310077519379845,0.483670295489891,0.998468606431853,0.308980213089802,0.312302839116719,1,0.296686746987952,1,1,0.339939024390244,0.555389221556886,1,0.307219662058372,1,0.0427098674521355,1,0.301515151515152,0.686746987951807,0.315467075038285,0.926493108728943,0.427892234548336,0.104615384615385,0.0992248062015504,1,1,0.321044546850998,1,0.305263157894737,1,0.790273556231003,1,0.324960753532182,1,1,1,1,0.327160493827161,1,0.304552590266876,0.268588770864947,1,0.301075268817204,1,0.293394777265745,0.0868217054263566,1,0.299531981279251,1,1,1,0.324812030075188,1,0.323529411764706,1,0.306748466257669,1,0.310077519379845,0.0806697108066971,1,0.65818759936407,1,1,0.3046875,1,1,1,1,0.313846153846154,0.303951367781155,1,0.998454404945904,0.309774436090226,0.290171606864275,1,0.450920245398773,0.678571428571429,0,0.310872894333844,0.673252279635258,1,0.314674735249622,1,0.998491704374057,1,0.304747320061256,0.309417040358744,0.310769230769231,1,1,1,0,1,0.297674418604651,0.969465648854962,0.306976744186047,0.300462249614792,0.735384615384615,1,1,1,1,1,0.0445468509984639,0.315301391035549,0.316666666666667,1,0.69079939668175,1,1,0.998435054773083,0.998475609756098,1,1,0.00458715596330275,0.32781954887218,1,0.2984375,1,0.28902627511592,1,1,1,1,1,0.317683881064163,1,0.491365777080063,0.317829457364341,0.316109422492401,0.301391035548686,0.316358024691358,0.31937984496124,0.4125,0.325077399380805,0.307339449541284,0.304878048780488,1,0.309968847352025,1,0.69618320610687,0.305936073059361,0.32572298325723,0.320813771517997,1,1,1,0.271472392638037,0.303215926493109,1,0.306122448979592,0.315233785822021,0.304012345679012,0.311550151975684,0.693498452012384,1,0.311077389984825,0.30521472392638,1,0.291993720565149,1,0.302571860816944,0.298461538461538,1,1,1,0.541795665634675,1,0.692073170731707,0.0853293413173653,0.310030395136778,1,1,0.100917431192661,0.309667673716012,0.318110236220472,1,1,0.290273556231003,0.0272727272727273,0.00312989045383412,1,1,0.329866270430906,0.998444790046656,1,0.301515151515152,1,1,0.301659125188537,1,1,1,1,0.313455657492355,0.294814814814815,0.317460317460317,1,1,0.692307692307692,0.304953560371517,1,0.308734939759036,0.290076335877863,1,1,0.998482549317147,1,1,0.317610062893082,1,1,0.112341772151899,0.318250377073906,0.492935635792779,0.296583850931677,0.679566563467492,0.310192023633678,1,0.297674418604651,0.327160493827161,0.273425499231951,0.312121212121212,1,0.312312312312312,1,1,1,0.298921417565485,0.304878048780488,0.998487140695915,0.92246835443038,0.0648148148148148,1,0.301369863013699,0.313084112149533,0.302507836990596,1,0.311278195488722,0.479389312977099,0.314900153609831,0.294478527607362,0.307324840764331,0.305084745762712,1,0.310452418096724,1,1,0,1,0.312788906009245,1,1,1,0.31832298136646,1,0.302652106084243,1,0.831578947368421,1,1,1,0.308396946564885,1,1,0.302891933028919,0.303215926493109,1,1,0.301684532924962,0.196374622356495,1,0.998493975903614,1,0,0.310291858678955,1,0.298780487804878,0.255451713395639,1,0.689024390243902,0.423780487804878,1,1,0.685376661742984,0.708782742681048,0.333846153846154,1,0.308892355694228,1,1,0.321981424148607,1,0.998432601880878,0.0075642965204236,0.31651376146789,1,1,0.308056872037915,1,1,0.29984544049459,0.337878787878788,1,1,1,0.523664122137405,0.298165137614679,0.344615384615385,0.30849478390462,0.314728682170543,0.699059561128527,0.313343328335832,0.317901234567901,0.301659125188537,0.256488549618321,0.309148264984227,1,0.314503816793893,0.998452012383901,0.299236641221374,0.0849478390461997,0.0506134969325153,1,1,0.0419254658385093,1,0.694402420574887,0.0431432973805855,0.0124610591900312,1,0.696509863429439,1,1,0.550632911392405,1,0,0.0769230769230769,1,1,1,0.312307692307692,0.6602658788774,0.700949367088608,0.992389649923896,1,0.981679389312977,0.296923076923077,0.347826086956522,1,0.296583850931677,1,0.350769230769231,0.1078125,0.293759512937595,0.308270676691729,0.327922077922078,1,0.0803030303030303,1,1,1,0.268072289156627,0.3140625,1,0.309815950920245,1,1,0.298219584569733,1,0.312223858615611,1,0.303875968992248,0.315467075038285,1,0.685847589424572,0.303892215568862,1,0.299689440993789,0.750380517503805,0.298662704309064,0.17638036809816,0.306784660766962,0.769230769230769,0.304347826086957,1,0.311450381679389,0.325153374233129,0.281818181818182,1,1,1,0.966453674121406,0.351612903225806,1,0.310725552050473,1,0.306836248012719,0.300751879699248,1,1,1,0.920367534456355,1,0.302255639097744,0.301659125188537,1,1,0.0551181102362205,0.0811232449297972,1,1,0.297213622291022,1,1,0.304552590266876,1,1,0.690076335877863,0.535552193645991,1,0,1,1,0.103448275862069,0.31039755351682,1,0.309341500765697,0.998439937597504,0.9629057187017,0.998449612403101,0.811463046757164,1,0.311811023622047,1,1,1,0,0.308056872037915,1,1,0.684129429892142,1,0.304953560371517,0.351681957186544,0.311450381679389,1,1,1,0.0929535232383808,0.312597200622084,0.090625,0.998454404945904,0.304804804804805,0.29803328290469,0.347094801223242,0,1,0.954268292682927,1,1,0.314152410575428,0.3003003003003,0.171653543307087,0.0410742496050553,0.308282208588957,0.308623298033283,0.317365269461078,0.00157728706624606,0.304675716440422,1,0,0.305722891566265,1,1,1,0.308980213089802,0.31306990881459,0.0396825396825397,1,0.3,0.297872340425532,1,1,0.3125,0.7,1,1,0.696734059097978,1,0.297297297297297,1,0.307219662058372,0.52887537993921,0.681268882175227,0.400900900900901,1,0.290225563909774,0.302325581395349,0.69478527607362,0.681818181818182,1,0.309451219512195,1,0.312781954887218,1,0.303405572755418,0.303317535545024,0.334351145038168,0.526395173453997,0.302362204724409,0.296754250386399,0.675507020280811,0.312121212121212,0.15541601255887,1,0,1,0.286821705426357,1,0,0.309597523219814,0.307692307692308,1,0.0597014925373134,1,0.0906298003072197,0.328703703703704,1,0.0692307692307692,0.684370257966616,1,1,1,0.3008,0.0392749244712991,1,0.415123456790123,0.0984375,0.342900302114804,0.312594840667678,0.30920060331825,1,1,1,1,1,0.0703592814371257,0.995468277945619,0.693233082706767,0.00443131462333826,0.314984709480122,1,1,1,1,0.087962962962963,0.309559939301973,1,1,1,1,1,1,0.485627836611195,0.00157232704402516,1,0.0845921450151057,0.316666666666667,0.439024390243902,1,0.386046511627907,0.308056872037915,0.303215926493109,1,0.0428134556574924,0.309090909090909,1,1,0.355590062111801,0.299236641221374,0.301857585139319,0.308661417322835,0.998484848484849,0.310832025117739,0.306278713629403,0.41692789968652,0.302936630602782,0.971514242878561,0.303303303303303,0.0838607594936709,0.315217391304348,0,1,0.0910493827160494,0.301092043681747,0.311349693251534,0.308777429467085,1,1,1,1,1,1,0.322429906542056,1,0.301684532924962,0.304560260586319,0.601217656012177,0.685185185185185,1,1,0,0.305936073059361,0.122913505311077,0.998491704374057,0.0354391371340524,1,1,0.306976744186047,1,1,0.621283255086072,0.415213946117274,0.995594713656388,0.0826833073322933,0.103338632750397,1,1,1,0.0900621118012422,0,0.306060606060606,0.406885758998435,0.308270676691729,0,0.316279069767442,0.0872274143302181,1,1,0.309923664122137,0.303759398496241,0.252307692307692,0.326594090202177,0.30381679389313,0.309923664122137,1,1,0.308056872037915,1,0,1,0.235202492211838,1,0.689393939393939,1,0.298003072196621,0.300787401574803,0.0787037037037037,0.684210526315789,1,1,0.795348837209302,0.892234548335975,0.310725552050473,0.30564263322884,1,0.306870229007634,0.26,0.304975922953451,1,0.105828220858896,1,1,0.30381679389313,0.685534591194969,0.298273155416013,1,1,0.293051359516616,0.30030487804878,0.303759398496241,0.847589424572317,0.298887122416534,1,0.0591805766312595,1,1,0.704892966360856,0.664605873261206,0.316211878009631,0.0598159509202454,0.316279069767442,1,1,0.291731669266771,0.322981366459627,0.617378048780488,1,0.292792792792793,0.368740515933232,0.30441400304414,0.983358547655068,0.471317829457364,0.00459418070444104,0.293939393939394,0.316187594553706,0.319018404907975,0.303265940902022,0.313253012048193,0.972727272727273,1,0.307926829268293,0.552755905511811,0.696456086286595,0.248456790123457,0.695238095238095,1,0.316998468606432,0.0015600624024961,0.31651376146789,0.299694189602446,0.358006042296073,0.309486780715397,0,0.320668693009119,0.312893081761006,0.319314641744548,0.298761609907121
"437",0.300940438871473,0.313755795981453,0.322530864197531,0.329192546583851,0.313161875945537,0.307098765432099,0.0170807453416149,0.31924882629108,0.31651376146789,0.569400630914827,0.325825825825826,0.627067669172932,0.513219284603421,0.319018404907975,0.993798449612403,0.992343032159265,0.618181818181818,0.00789889415481832,0.332312404287902,0.308980213089802,0.992272024729521,0.993759750390016,0.32375189107413,0.519877675840979,0.311475409836066,0.995495495495496,0.995297805642633,0.34384858044164,0.318796992481203,0.5234375,0.992401215805471,0.590433482810164,0.364188163884674,0.996932515337423,0.667687595712098,0.308681672025723,0.140866873065015,0.324116743471582,0.992537313432836,0.315789473684211,0.00308641975308642,0.0060790273556231,0.00596125186289121,0.325190839694657,0.31924882629108,0.993846153846154,0.998461538461539,0.992592592592593,0.993865030674847,0.995508982035928,0.681957186544342,0.322480620155039,0.995475113122172,0.327188940092166,0.31570996978852,0.819722650231125,0.12037037037037,0.324159021406728,0.31441717791411,0.318042813455657,0.994038748137109,0.993865030674847,0.992319508448541,0.00308166409861325,0.321259842519685,0.315233785822021,0.656967840735069,0.323029366306028,0.609467455621302,0.993939393939394,0.331316187594554,0.992307692307692,0.995297805642633,0.270440251572327,0.155455904334828,0.319054652880355,0.993984962406015,0.996978851963746,0.318112633181126,0.995305164319249,0.597791798107255,0.995356037151703,0.992331288343558,0.330275229357798,0.996923076923077,0.324850299401198,0.31733746130031,0.326656394453005,0.322678843226788,0.00615384615384615,0.324031007751938,0.330838323353293,0.685240963855422,0.579666160849772,0.317034700315457,0.633633633633634,0.678516228748068,0.315789473684211,0.123222748815166,0.00462962962962963,0.314814814814815,0.615384615384615,0.993836671802773,0.311320754716981,0.993788819875776,0.318818040435459,0.00458015267175573,0.328767123287671,0.992260061919505,0.995412844036697,0.992458521870287,0.317700453857791,0.996932515337423,0.3202416918429,0.204172876304024,0.311940298507463,0.996965098634294,0.377099236641221,0.99406528189911,0.995348837209302,0.200305810397554,0.309451219512195,0.995529061102832,0.995253164556962,0.327272727272727,0.992354740061162,0.320644216691069,0.3202416918429,0.371913580246914,0.770614692653673,0.315955766192733,0.99375,0.331775700934579,0.632047477744807,0.330128205128205,0.992458521870287,0.00455927051671732,0.995433789954338,0.38,0.882165605095541,0.577335375191424,0.58887171561051,0.320610687022901,0.331230283911672,0.993808049535604,0.314984709480122,0.994091580502216,0.304482225656878,0.494640122511485,0.326807228915663,0.993700787401575,0.306748466257669,0.329738058551618,0.3234375,0.325227963525836,0.993808049535604,0.305343511450382,0.993855606758833,0.439509954058193,0.333832335329341,0.995475113122172,0.326347305389222,0.993993993993994,0.585780525502318,0.3198127925117,0.992223950233281,0.318952234206472,0.312788906009245,0.33587786259542,0.993939393939394,0.323529411764706,0.996927803379416,0.327160493827161,0.995433789954338,0.318611987381703,0.993836671802773,0.588673621460507,0.301857585139319,0.0301109350237718,0.297674418604651,0.317972350230415,0.992163009404389,0.305084745762712,0.32469512195122,0.319213313161876,0.328267477203647,0.995391705069124,0.995419847328244,0.322981366459627,0.326747720364742,0.993975903614458,0.993788819875776,0.327300150829563,0.237442922374429,0.0147710487444609,0.688854489164087,0.995398773006135,0.00309119010819165,0.317629179331307,0.992401215805471,0.319018404907975,0.30920060331825,0.31859756097561,0.992295839753467,0.995461422087746,0.993720565149137,0.322916666666667,0.321875,0.312965722801788,0.686153846153846,0.310291858678955,0.993700787401575,0.351681957186544,0.995327102803738,0.99537750385208,0.440548780487805,0.327666151468315,0.325190839694657,0.322085889570552,0.306153846153846,0.318681318681319,0.635114503816794,0.996941896024465,0.993893129770992,0.314674735249622,0.00302571860816944,0.322436849925706,0.313343328335832,0.322033898305085,0.306427503736921,0.304281345565749,0.322916666666667,0.69431643625192,0.372549019607843,0.31390134529148,0.9953125,0.323529411764706,0.992307692307692,0.307110438729198,0.312210200927357,0.312210200927357,0.330745341614907,0.306477093206951,0.996884735202492,0.32078313253012,0.796875,0.993827160493827,0.995475113122172,0.996875,0.992223950233281,0.992211838006231,0.891679748822606,0.992283950617284,0.994011976047904,0.995468277945619,0.319758672699849,0.993855606758833,0.3232,0.00447761194029851,0.992458521870287,0.396084337349398,0.992272024729521,0.32398753894081,0.312883435582822,0.313178294573643,0.42572741194487,0.993874425727412,0.322388059701493,0.992272024729521,0.997005988023952,0.996937212863706,0.992319508448541,0.00309597523219814,0.317220543806647,0.992469879518072,0.995398773006135,0.320987654320988,0.995297805642633,0.326315789473684,0.992537313432836,0.995363214837713,0.30625,0.327639751552795,0.302147239263804,0.149300155520995,0.32093023255814,0.00775193798449612,0.587537091988131,0.993893129770992,0.321699544764795,0.324031007751938,0.578386605783866,0.992401215805471,0.993740219092332,0.328,0.333333333333333,0.993911719939117,0.651975683890577,0.695652173913043,0.30564263322884,0.322327044025157,0.990977443609023,0.326747720364742,0.306092124814265,0.993930197268589,0.316846986089645,0.310708898944193,0.996951219512195,0.309859154929577,0.321538461538462,0.312406576980568,0.317073170731707,0.99390243902439,0.994091580502216,0.996865203761755,0.302147239263804,0.326625386996904,0.0135135135135135,1,0.327613104524181,0.995515695067265,0.993855606758833,0.305722891566265,0.328849028400598,0.313636363636364,0.328682170542636,0.310606060606061,0.993874425727412,0.307219662058372,0.309815950920245,0.565625,0.993911719939117,0.830745341614907,0.995260663507109,0.00618238021638331,0.993993993993994,0.326894502228826,0.992248062015504,0.993827160493827,0.423831070889894,0.993984962406015,0.324534161490683,0.995495495495496,0.310872894333844,0.308282208588957,0.312121212121212,0.995398773006135,0.992401215805471,0.32258064516129,0.40405616224649,0.611635220125786,0.299531981279251,0.992492492492492,0.995275590551181,0.995334370139969,0.322429906542056,0.992492492492492,0.205479452054795,0.99388379204893,0.992343032159265,0.995327102803738,0.995341614906832,0.321321321321321,0.993779160186625,0.314375987361769,0.334876543209877,0.682370820668693,0.302936630602782,0.993798449612403,0.332302936630603,0.318250377073906,0.316614420062696,0.992283950617284,0.311011904761905,0.992223950233281,0.316417910447761,0.482442748091603,0.325825825825826,0.329721362229102,0.314842578710645,0.993948562783661,0.318885448916409,0.310126582278481,0.993865030674847,0.995475113122172,0.322727272727273,0.312977099236641,0.993911719939117,0.481203007518797,0.316957210776545,0.33026113671275,0.32375189107413,0.672754946727549,0.992319508448541,0.295418641390205,0.993939393939394,0.43167701863354,0.313572542901716,0.00455927051671732,0.883861236802413,0.31937984496124,0.322480620155039,0.00439238653001464,0.0350076103500761,0.989296636085627,0.322480620155039,0.99390243902439,0.319444444444444,0.312989045383412,0.995334370139969,0.325337331334333,0.321646341463415,0.662100456621005,0.995391705069124,0.320987654320988,0.316436251920123,0.993817619783617,0.316109422492401,0.308426073131955,0.993788819875776,0.340361445783133,0.317683881064163,0.316890881913303,0.327718223583461,0.8,0.993939393939394,0.977238239757208,0.995555555555556,0.992458521870287,0.00614439324116743,0.996937212863706,0.996951219512195,0.993939393939394,0.43167701863354,0.996879875195008,0.314503816793893,1,0.342723004694836,0.998493975903614,0.595839524517088,0.622188905547226,0.316666666666667,0.315151515151515,0.637480798771121,0.323943661971831,0.00603318250377074,0.626339969372129,0.681114551083591,0.324200913242009,0.00609756097560976,0.309559939301973,0.309923664122137,0.77373417721519,0.331316187594554,0.680365296803653,0.590909090909091,0.318529862174579,0.322239031770045,0.305555555555556,0.996894409937888,0.0219619326500732,0.0063391442155309,0.321156773211568,0.330757341576507,0.330838323353293,0.993874425727412,0.336923076923077,0.320726172465961,0.9921875,0.312781954887218,0.945904173106646,0.563664596273292,0.995522388059702,0.994082840236686,0.998371335504886,0.325825825825826,0.601181683899557,0.324850299401198,0.320574162679426,0.313935681470138,0.428787878787879,0.993720565149137,0.316118935837246,0.992248062015504,0.316957210776545,0.317683881064163,0.99236641221374,0.321428571428571,0.992581602373887,0.326086956521739,0.9953125,0.992223950233281,0.326315789473684,0.00460829493087558,0.992592592592593,0.32312404287902,0.998439937597504,0.569678407350689,0.992458521870287,0.506766917293233,0.99261447562777,0.561538461538462,0.992211838006231,0.3198127925117,0.995391705069124,0.993930197268589,0.992389649923896,0.314900153609831,0.33125,0.322916666666667,0.352755905511811,0.336025848142165,0.311728395061728,0.995268138801262,0.326717557251908,0.992211838006231,0.992559523809524,0.330804248861912,0.313880126182965,0.317771084337349,0.39453717754173,0.328290468986384,0.993893129770992,0.993827160493827,0.328808446455505,0.322480620155039,0.627145085803432,0.585403726708075,0.321699544764795,0.324200913242009,0.992260061919505,0.303353658536585,0.317436661698957,0.989296636085627,0.306349206349206,0.312883435582822,0.00458015267175573,0.141141141141141,0.314503816793893,0.674041297935103,0.319083969465649,0.321156773211568,0.595166163141994,0.992389649923896,0.306729264475743,0.996955859969559,0.316770186335404,0.354134165366615,0.32312404287902,0.478593272171254,0.319508448540707,0.993700787401575,0.319018404907975,0.328638497652582,0.321259842519685,0.684370257966616,0.995207667731629,0.328638497652582,0.3202416918429,0.0077639751552795,0.324812030075188,0.993865030674847,0.959152798789713,0.992343032159265,0.316590563165906,0.320668693009119,0.316436251920123,0.587183308494784,0.992199687987519,0.585173501577287,0.337442218798151,0.995468277945619,0.993993993993994,0.968229954614221,0.677966101694915,0.332293291731669,0.365151515151515,0.321752265861027,0.324773413897281,0.993827160493827,0.993984962406015,0.513846153846154,0.624048706240487,0.992223950233281,0.992307692307692,0.99388379204893,0.689814814814815,0.993966817496229,0.324812030075188,0.682588597842835,0.993966817496229,0.332317073170732,0.319444444444444,0.316436251920123,0.995481927710843,0.997032640949555,0.633802816901408,0.324773413897281,0.992295839753467,0.993966817496229,0.32312404287902,0.311178247734139,0.995363214837713,0.00626959247648903,0.316358024691358,0.314152410575428,0.00153374233128834,0.308270676691729,0.99400299850075,0.31201248049922,0.993827160493827,0.146969696969697,0.00452488687782805,0.894345238095238,0.325264750378215,0.994020926756353,0.993939393939394,0.00758725341426404,0.00605143721633888,0.332822085889571,0.992458521870287,0.31629392971246,0.997010463378176,0.3046875,0.995412844036697,0.992307692307692,0.969465648854962,0.775914634146341,0.996904024767802,0.995398773006135,0.00307219662058372,0.993993993993994,0.515772870662461,0.330721003134796,0.672281776416539,0.329286798179059,0.995391705069124,0.300911854103343,0.678516228748068,0.995348837209302,0.995245641838352,0.311320754716981,0.613469985358712,0.325825825825826,0.580246913580247,0.976923076923077,0.331797235023041,0.593607305936073,0.0077639751552795,0.308755760368664,0.326251896813354,0.319571865443425,0.995245641838352,0.624624624624625,0.309667673716012,0.894899536321484,0.574303405572755,0.96865671641791,0.992447129909366,0.99400299850075,0.308980213089802,0.341121495327103,0.309968847352025,0.316742081447964,0.316030534351145,0.609538002980626,0.314925373134328,0.00458015267175573,0.679882525697504,0.995433789954338,0.322239031770045,0.305900621118012,0.317460317460317,0.325337331334333,0.599695585996956,0.992389649923896,0.337817638266069,0.337442218798151,0.329652996845426,0.331288343558282,0.3125,0.310452418096724,0.197604790419162,0.676923076923077,0.318952234206472,0.59375,0.995384615384615,0.233846153846154,0.318885448916409,0.928682170542636,0.993630573248408,0.993893129770992,0.310769230769231,0.631184407796102,0.99251497005988,0.321266968325792,0.306870229007634,0.9640625,0.993975903614458,0.992307692307692,0.996830427892235,0.32579185520362,0.993690851735016,0.993836671802773,0.891975308641975,0.995405819295559,0.353120243531202,0.993975903614458,0.584758942457232,0.996908809891808,0.67218045112782,0.308641975308642,0.593508500772797,0.992272024729521,0.99375,0.990610328638498,0.330316742081448,0.327160493827161,0.330670926517572,0.322188449848024,0.320695102685624,0.324074074074074,0.98613251155624,0.317972350230415,0.993874425727412,0.991749174917492,0.716463414634146,0.00777604976671851,0.32579185520362,0.316417910447761,0.68215892053973,0.994074074074074,0.563271604938272,0.324364723467862,0.642633228840125,0.320182094081942,0.31875,0.993817619783617,0.313271604938272,0.313195548489666,0.68895800933126,0.901898734177215,0.323054331864905,0.599071207430341,0.572981366459627,0.326283987915408,0.329704510108865,0.309341500765697,0.589230769230769,0.67427701674277,0.995468277945619,0.900459418070444,0.992447129909366,0.666169895678092,0.996850393700787,0.585023400936037,0.321212121212121,0.33125,0.994020926756353,0.993911719939117,0.436055469953775,0.998435054773083,0.996992481203008,0.995447647951442,0.308527131782946,0.330316742081448,0.996875,0.3125,0.674698795180723,0.329211746522411,0.460342146189736,0.302180685358255,0.00451127819548872,0.306060606060606,0.993911719939117,0.992050874403816,0.591463414634146,0.0075642965204236,0.329230769230769,0.331782945736434,0.110260336906585,0.419558359621451,0.993817619783617,0.992211838006231,0.318042813455657,0.995391705069124,0.413273001508296,0.993730407523511,0.327893175074184,0.5790273556231,0.324655436447167,0.315301391035549,0.992389649923896,0.0062015503875969,0.996899224806202,0.308056872037915,0.324655436447167,0.995488721804511,0.99388379204893,0.994029850746269,0.455384615384615,0.993740219092332,0.316998468606432,0.610698365527489,0.33026113671275,0.329093799682035,0.00603318250377074,0.0379362670713202,0.99375,0.625382262996942,0.998444790046656,0.322727272727273,0.333858267716535,0.993893129770992,0.993865030674847,0.166921898928025,0.315233785822021,0.992412746585736,0.889739663093415,0.99388379204893,0.325337331334333,0.201848998459168,0.669195751138088,0.992447129909366,0.997001499250375,0.992211838006231,0.995275590551181,0.992503748125937,0.293233082706767,0.306625577812018,0.993966817496229,0.116822429906542,0.00614439324116743,0.443778110944528,0.00634920634920635,0.331797235023041,0.993920972644377,0.678683385579937,0.993865030674847,0.995419847328244,0.885196374622356,0.995426829268293,0.671686746987952,0.995440729483283,0.995297805642633,0.995334370139969,0.996965098634294
"438",0.998397435897436,0.998432601880878,1,1,0.998435054773083,1,0.698717948717949,1,0.998420221169036,0.102106969205835,1,0.0500782472613459,0.815580286168522,0.998420221169036,0.335987261146497,0.311912225705329,0.0706436420722135,0.670967741935484,0.998415213946117,0.998410174880763,0.3,0.323051948051948,0.998459167950693,0.15625,0.998444790046656,0.340189873417722,0.326860841423948,0.99835255354201,0.998456790123457,0.795819935691318,0.3234375,0.74294670846395,0.964451313755796,0.317460317460317,0,1,0.541732283464567,1,0.314984709480122,0.998449612403101,0.656645569620253,0.667189952904239,0.6801872074883,0.998397435897436,0.998384491114701,0.333333333333333,0.323390894819466,0.327639751552795,0.327102803738318,0.339622641509434,0.00155763239875389,0.998392282958199,0.322327044025157,1,0.998435054773083,0.5072,0.550161812297735,0.9984,0.998439937597504,1,0.3484375,0.327044025157233,0.329093799682035,0.670926517571885,0.998357963875205,0.998442367601246,0.0420711974110032,0.998412698412698,0.0612557427258806,0.33125,0.998425196850394,0.336,0.335504885993485,0.958199356913183,0.514195583596215,0.998463901689708,0.315132605304212,0.349606299212598,0.998422712933754,0.331707317073171,0.0848287112561175,0.34384858044164,0.341232227488152,0.998432601880878,0.349378881987578,0.998473282442748,0.998397435897436,0.998412698412698,0.998412698412698,0.683464566929134,0.998384491114701,0.998475609756098,0.00159489633173844,0.103715170278638,0.998384491114701,0.0500782472613459,0,0.998417721518987,0.553772070626003,0.666666666666667,0.998417721518987,0.0583596214511041,0.322784810126582,0.998373983739837,0.318181818181818,0.998392282958199,0.67032967032967,0.998425196850394,0.324534161490683,0.329635499207607,0.333333333333333,0.998422712933754,0.338607594936709,0.998442367601246,0.4859375,0.998473282442748,0.333333333333333,0.289719626168224,0.334883720930233,0.327974276527331,0.475357710651828,1,0.333848531684699,0.332247557003257,0.998439937597504,0.313479623824451,0.998480243161094,0.998487140695915,0.321766561514196,0.557781201848998,0.998357963875205,0.327476038338658,0.998384491114701,0.0454545454545455,0.998420221169036,0.325038880248834,0.66973886328725,0.335925349922239,0.928571428571429,0.443910256410256,0.102685624012638,0.0967238689547582,0.998422712933754,0.998384491114701,0.34185303514377,0.998439937597504,0.331269349845201,0.998427672955975,0.8078125,0.998452012383901,0.332792207792208,0.998425196850394,0.998407643312102,0.998405103668262,0.998417721518987,0.348171701112878,0.998425196850394,0.333333333333333,0.2574568288854,0.998439937597504,0.3265625,0.998468606431853,0.314375987361769,0.0857605177993527,0.998397435897436,0.324237560192616,0.998427672955975,0.998447204968944,0.998456790123457,0.338533541341654,0.998412698412698,0.333333333333333,0.998394863563403,0.32182103610675,1,0.33015873015873,0.0807453416149068,1,0.628951747088186,0.998397435897436,0.998407643312102,0.322222222222222,1,0.998417721518987,0.998415213946117,0.9984375,0.335473515248796,0.324074074074074,0.99836867862969,1,0.33175355450237,0.319870759289176,1,0.446031746031746,0.661608497723824,0.00158227848101266,0.328682170542636,0.659777424483307,1,0.323899371069182,0.998415213946117,1,1,0.331210191082803,0.334883720930233,0.327447833065811,0.998468606431853,1,1,0.00160513643659711,0.998407643312102,0.319935691318328,0.974603174603175,0.336463223787167,0.320063694267516,0.751181102362205,0.998417721518987,0.998439937597504,1,0.998432601880878,0.998387096774194,0.0485133020344288,0.324367088607595,0.325077399380805,0.998456790123457,0.668224299065421,1,0.998477929984779,0.996879875195008,1,0.998417721518987,0.998477929984779,0.00628930817610063,0.32,0.998432601880878,0.317307692307692,1,0.313880126182965,0.998444790046656,0.998420221169036,0.998430141287284,0.998405103668262,0.998405103668262,0.336012861736334,1,0.504823151125402,0.330708661417323,0.336434108527132,0.322632423756019,0.335974643423138,0.337579617834395,0.429487179487179,0.338050314465409,0.321428571428571,0.327613104524181,1,0.328682170542636,1,0.675425038639876,0.323899371069182,0.317829457364341,0.34913112164297,1,0.998392282958199,1,0.260530421216849,0.320251177394035,0.998459167950693,0.3328,0.337920489296636,0.320126782884311,0.333333333333333,0.672496025437202,0.998427672955975,0.337007874015748,0.326018808777429,0.998397435897436,0.309446254071661,0.998444790046656,0.327692307692308,0.321316614420063,0.998410174880763,0.998410174880763,0.998435054773083,0.534375,0.998381877022654,0.674015748031496,0.0835866261398176,0.328660436137072,0.998435054773083,0.998384491114701,0.0996884735202492,0.326530612244898,0.337620578778135,1,0.998412698412698,0.313880126182965,0.0251968503937008,0.00484652665589661,0.998397435897436,0.998387096774194,0.340625,0.99685534591195,0.998484848484849,0.322033898305085,1,0.998444790046656,0.321766561514196,0.998417721518987,0.998412698412698,0.998422712933754,0.998430141287284,0.33968253968254,0.327743902439024,0.33495145631068,0.998417721518987,0.998427672955975,0.66510172143975,0.331730769230769,0.998397435897436,0.330218068535826,0.305164319248826,1,0.998463901689708,1,0.998449612403101,0.998422712933754,0.332794830371567,0.998397435897436,0.998415213946117,0.107667210440457,0.345736434108527,0.5103668261563,0.3232,0.6592,0.326530612244898,0.998466257668712,0.323763955342903,0.338072669826224,0.25705329153605,0.332293291731669,1,0.338931297709924,0.998394863563403,0.998442367601246,1,0.323248407643312,0.324574961360124,1,0.919672131147541,0.0685805422647528,0.998402555910543,0.324921135646688,0.332802547770701,0.319422150882825,0.99837925445705,0.342064714946071,0.460342146189736,0.340062111801242,0.318541996830428,0.327447833065811,0.312297734627832,0.998444790046656,0.332797427652733,0.998349834983498,0.998430141287284,0.00158478605388273,0.99836867862969,0.331189710610932,0.998430141287284,1,0.99836867862969,0.33974358974359,0.998463901689708,0.330112721417069,0.998461538461539,0.840062111801242,0.998420221169036,0.998410174880763,0.998435054773083,0.329113924050633,1,0.998389694041868,0.326498422712934,0.329133858267717,1,0.998432601880878,0.326018808777429,0.188854489164087,0.99835255354201,1,0.998439937597504,0.0015625,0.319488817891374,0.998360655737705,0.324409448818898,0.243980738362761,1,0.660883280757098,0.448757763975155,1,0.998435054773083,0.671212121212121,0.693396226415094,0.349922239502333,0.998420221169036,0.330188679245283,0.998412698412698,1,0.347068145800317,0.998461538461539,1,0.0110935023771791,0.335443037974684,0.998415213946117,0.998402555910543,0.333863275039746,0.9984375,0.998387096774194,0.315541601255887,0.338006230529595,1,1,1,0.530708661417323,0.317610062893082,0.354430379746835,0.327272727272727,0.347352024922118,0.677067082683307,0.344186046511628,0.341013824884793,0.326053042121685,0.243243243243243,0.323763955342903,0.998452012383901,0.342723004694836,1,0.328660436137072,0.0902140672782875,0.0538461538461538,0.998449612403101,1,0.0427215189873418,1,0.682737169517885,0.0488958990536278,0.0145867098865478,0.998435054773083,0.671875,0.998410174880763,0.998444790046656,0.553090332805071,0.998456790123457,0.00159235668789809,0.0798722044728434,1,0.998449612403101,1,0.33652312599681,0.642424242424242,0.678747940691928,0.990654205607477,0.998410174880763,0.9828125,0.317535545023697,0.329133858267717,0.998432601880878,0.312893081761006,0.998407643312102,0.379968203497615,0.10223642172524,0.31496062992126,0.329754601226994,0.350847457627119,1,0.0835913312693498,0.998444790046656,0.998371335504886,1,0.258513931888545,0.333333333333333,0.9984,0.332807570977918,0.998384491114701,0.998402555910543,0.322932917316693,0.998422712933754,0.331818181818182,1,0.31687898089172,0.326923076923077,0.998432601880878,0.664025356576862,0.322137404580153,1,0.323248407643312,0.763779527559055,0.327666151468315,0.15600624024961,0.325617283950617,0.778481012658228,0.317230273752013,0.998384491114701,0.33122028526149,0.352941176470588,0.302652106084243,0.998387096774194,1,0.998456790123457,0.967051070840198,0.326229508196721,0.998447204968944,0.331746031746032,0.998412698412698,0.33442088091354,0.323076923076923,0.998442367601246,0.998392282958199,1,0.918238993710692,0.998449612403101,0.322981366459627,0.32348367029549,0.998439937597504,1,0.051948051948052,0.0817307692307692,0.9984375,0.998397435897436,0.316129032258064,0.998459167950693,0.998459167950693,0.323763955342903,0.998394863563403,0.998452012383901,0.672985781990521,0.524031007751938,1,0.0015220700152207,0.998405103668262,0.998452012383901,0.0990712074303406,0.335433070866142,1,0.3328125,1,0.965732087227414,1,0.828438948995363,0.9984375,0.331707317073171,0.998430141287284,1,0.998430141287284,0,0.322259136212625,0.998410174880763,0.998430141287284,0.657686212361331,0.998422712933754,0.324921135646688,0.367601246105919,0.33652312599681,1,1,0.998397435897436,0.0907692307692308,0.3264,0.0912,1,0.324492979719189,0.31875,0.364207221350078,0.00157728706624606,1,0.953748006379585,0.998447204968944,0.998442367601246,0.332263242375602,0.315132605304212,0.163751987281399,0.0443740095087163,0.330708661417323,0.324237560192616,0.341049382716049,0.00161812297734628,0.325949367088608,0.998454404945904,0.00156494522691706,0.321928460342146,0.998444790046656,0.9984375,0.998417721518987,0.328616352201258,0.328682170542636,0.0359477124183007,0.998417721518987,0.324921135646688,0.315047021943574,0.998430141287284,0.998430141287284,0.319685039370079,0.688417618270799,0.998384491114701,1,0.682258064516129,0.998435054773083,0.321372854914197,0.998376623376623,0.324960753532182,0.528505392912173,0.660990712074303,0.418604651162791,0.998463901689708,0.304953560371517,0.323809523809524,0.6703125,0.662557781201849,0.998430141287284,0.334905660377358,1,0.329211746522411,0.998387096774194,0.331761006289308,0.3248,0.363924050632911,0.537617554858934,0.326892109500805,0.321766561514196,0.650793650793651,0.328125,0.153094462540717,1,0.00155038759689922,1,0.3008,0.998402555910543,0.00156739811912226,0.332263242375602,0.330658105939005,0.998402555910543,0.0590979782270607,0.998435054773083,0.0837359098228663,0.350961538461538,0.998410174880763,0.0670826833073323,0.661949685534591,0.998412698412698,1,1,0.32512315270936,0.0451713395638629,0.998427672955975,0.447284345047923,0.0988654781199352,0.369734789391576,0.331240188383046,0.333855799373041,0.998422712933754,1,0.998412698412698,1,1,0.0689127105666156,0.993855606758833,0.675039246467818,0.0060882800608828,0.333853354134165,0.998435054773083,0.998405103668262,0.998387096774194,0.998444790046656,0.0897435897435897,0.31924882629108,1,0.998407643312102,0.998371335504886,0.998430141287284,1,0.998376623376623,0.486024844720497,0.00320512820512821,0.998422712933754,0.0872274143302181,0.333333333333333,0.435612082670906,1,0.407232704402516,0.322899505766063,0.321766561514196,0.998410174880763,0.0444444444444444,0.330683624801272,0.998420221169036,1,0.379254457050243,0.324492979719189,0.321144674085851,0.32300163132137,1,0.33968253968254,0.330232558139535,0.428571428571429,0.330203442879499,0.969183359013868,0.318529862174579,0.0857605177993527,0.33175355450237,0,0.998397435897436,0.0917874396135266,0.308186195826645,0.32753164556962,0.322115384615385,0.998439937597504,0.998435054773083,0.998373983739837,0.998442367601246,0.99837925445705,0.998407643312102,0.344715447154472,1,0.320126782884311,0.321070234113712,0.61875,0.660855784469097,1,0.998449612403101,0.0015600624024961,0.329721362229102,0.12202852614897,1,0.0391236306729265,0.998397435897436,0.998371335504886,0.328,0.998405103668262,0.998338870431894,0.6368,0.435139573070608,0.993966817496229,0.0842607313195548,0.0992,0.998447204968944,1,0.998422712933754,0.0899053627760252,0,0.327639751552795,0.434504792332268,0.32262996941896,0.00155763239875389,0.336538461538462,0.0917721518987342,0.998427672955975,0.998415213946117,0.332810047095761,0.324074074074074,0.244444444444444,0.338607594936709,0.324534161490683,0.338658146964856,0.998405103668262,1,0.339228295819936,0.998480243161094,0.0015600624024961,0.998410174880763,0.218553459119497,0.998394863563403,0.673913043478261,0.998459167950693,0.320251177394035,0.31810766721044,0.0769230769230769,0.672868217054264,0.998456790123457,0.998405103668262,0.780952380952381,0.899505766062603,0.326433121019108,0.325769854132901,0.998442367601246,0.328571428571429,0.250398724082935,0.334405144694534,0.998459167950693,0.102362204724409,0.9984,0.998410174880763,0.326018808777429,0.667205169628433,0.318979266347687,1,0.998412698412698,0.319875776397516,0.32120253164557,0.333853354134165,0.864217252396166,0.328548644338118,0.998407643312102,0.05625,0.998425196850394,0.9984,0.684867394695788,0.6421875,0.326984126984127,0.0598425196850394,0.338607594936709,0.998412698412698,1,0.318252730109204,0.341423948220065,0.621236133122029,0.998412698412698,0.315789473684211,0.383177570093458,0.321316614420063,0.986217457886677,0.470494417862839,0.00625,0.322981366459627,0.333333333333333,0.33596214511041,0.326366559485531,0.325617283950617,0.970496894409938,0.998425196850394,0.331230283911672,0.544117647058823,0.674085850556439,0.232704402515723,0.686468646864686,1,0.336477987421384,0.00486223662884927,0.338006230529595,0.3234375,0.376766091051805,0.330683624801272,0.0015527950310559,0.34488188976378,0.330658105939005,0.334913112164297,0.323809523809524
"439",0.303317535545024,0.313846153846154,0.322884012539185,0.322834645669291,0.31039755351682,0.304821150855365,0.0176282051282051,0.318181818181818,0.307332293291732,0.571428571428571,0.316187594553706,0.649149922720247,0.520440251572327,0.318110236220472,0.996810207336523,0.995348837209302,0.618461538461539,0.00481540930979133,0.314873417721519,0.304552590266876,0.995305164319249,0.995290423861852,0.308868501529052,0.517774343122102,0.304878048780488,0.998461538461539,0.995253164556962,0.333870967741935,0.302003081664099,0.528125,0.99537750385208,0.603945371775417,0.35981308411215,0.998459167950693,0.671339563862928,0.304700162074554,0.140866873065015,0.313084112149533,0.995475113122172,0.294851794071763,0.003125,0.00311526479750779,0.00460122699386503,0.321428571428571,0.311897106109325,0.996810207336523,0.998442367601246,0.995481927710843,0.995433789954338,0.998452012383901,0.691472868217054,0.325358851674641,0.995419847328244,0.316436251920123,0.306990881458967,0.822222222222222,0.117647058823529,0.316535433070866,0.313364055299539,0.314641744548287,0.998466257668712,0.99685534591195,0.995275590551181,0.00156494522691706,0.312989045383412,0.308755760368664,0.659442724458204,0.324451410658307,0.616417910447761,0.996965098634294,0.312307692307692,0.99537750385208,0.998392282958199,0.281399046104928,0.158705701078582,0.309451219512195,0.996937212863706,0.998456790123457,0.32258064516129,0.996810207336523,0.601941747572815,0.998430141287284,0.99537750385208,0.324031007751938,1,0.318112633181126,0.31496062992126,0.323029366306028,0.312796208530806,0.00461538461538462,0.312698412698413,0.31981981981982,0.686915887850467,0.581288343558282,0.3125,0.640909090909091,0.685185185185185,0.312111801242236,0.120443740095087,0.00155763239875389,0.307931570762053,0.619195046439629,0.996908809891808,0.315789473684211,0.995297805642633,0.313572542901716,0.00308641975308642,0.315707620528771,0.995290423861852,0.996899224806202,0.99537750385208,0.300469483568075,1,0.318885448916409,0.206153846153846,0.305389221556886,0.998430141287284,0.380216383307573,0.995502248875562,0.995253164556962,0.203416149068323,0.30625,0.996932515337423,0.99685534591195,0.320987654320988,0.995334370139969,0.316493313521545,0.311844077961019,0.3765625,0.761904761904762,0.320574162679426,0.996865203761755,0.322327044025157,0.643504531722054,0.325984251968504,0.995341614906832,0.00154559505409583,0.996908809891808,0.37442218798151,0.883572567783094,0.58125,0.600311041990669,0.313572542901716,0.32018927444795,0.995334370139969,0.31201248049922,0.995475113122172,0.307692307692308,0.510769230769231,0.327692307692308,0.996805111821086,0.306748466257669,0.315217391304348,0.318110236220472,0.325508607198748,0.995253164556962,0.302180685358255,0.996815286624204,0.436641221374046,0.322085889570552,0.996913580246914,0.322727272727273,0.995348837209302,0.588697017268446,0.310725552050473,0.995238095238095,0.311526479750779,0.305900621118012,0.326594090202177,0.996955859969559,0.321875,0.996884735202492,0.319047619047619,0.996875,0.308681672025723,0.996879875195008,0.593846153846154,0.291666666666667,0.0253565768621236,0.290171606864275,0.312210200927357,0.995297805642633,0.2984375,0.31832298136646,0.315384615384615,0.324655436447167,0.996865203761755,0.998470948012232,0.315705128205128,0.31937984496124,0.995419847328244,0.996840442338073,0.31201248049922,0.242283950617284,0.0134328358208955,0.688473520249221,0.996923076923077,0,0.310975609756098,0.995405819295559,0.317460317460317,0.300462249614792,0.303265940902022,0.995334370139969,0.996932515337423,0.996835443037975,0.324655436447167,0.315024232633279,0.309707241910632,0.67981072555205,0.300314465408805,0.996830427892235,0.332298136645963,0.995268138801262,0.996904024767802,0.443057722308892,0.311145510835913,0.316846986089645,0.318461538461538,0.296583850931677,0.30564263322884,0.654907975460123,0.996840442338073,0.996904024767802,0.316998468606432,0,0.320987654320988,0.309880239520958,0.315047021943574,0.301857585139319,0.299065420560748,0.315233785822021,0.702660406885759,0.371775417298938,0.298165137614679,0.996810207336523,0.321259842519685,0.995356037151703,0.308868501529052,0.312111801242236,0.307453416149068,0.32182103610675,0.311320754716981,0.998435054773083,0.313455657492355,0.794670846394984,0.995275590551181,0.998477929984779,1,0.995260663507109,0.995290423861852,0.89171974522293,0.995319812792512,0.99537750385208,0.996904024767802,0.308980213089802,0.996865203761755,0.318327974276527,0.00303030303030303,0.99537750385208,0.393568147013783,0.995290423861852,0.320754716981132,0.312597200622084,0.313479623824451,0.420722135007849,0.995348837209302,0.322137404580153,0.995230524642289,0.996983408748115,0.996875,0.995363214837713,0,0.309748427672956,0.995348837209302,0.996845425867508,0.313479623824451,0.996815286624204,0.316923076923077,0.995419847328244,0.998447204968944,0.3046875,0.325914149443561,0.3,0.153125,0.321766561514196,0.00462962962962963,0.596651445966514,0.996865203761755,0.314112291350531,0.3109375,0.581430745814307,0.995412844036697,0.996825396825397,0.322734499205087,0.326120556414219,0.99685534591195,0.656346749226006,0.705696202531646,0.299689440993789,0.317460317460317,0.993893129770992,0.317535545023697,0.304281345565749,0.99537037037037,0.312788906009245,0.311349693251534,1,0.302362204724409,0.316358024691358,0.312111801242236,0.3198127925117,0.996875,0.996992481203008,0.998394863563403,0.297507788161994,0.319620253164557,0.0136986301369863,0.996884735202492,0.323943661971831,0.998468606431853,0.996870109546166,0.302611367127496,0.325227963525836,0.298165137614679,0.313271604938272,0.310664605873261,0.995268138801262,0.301092043681747,0.307931570762053,0.573482428115016,0.997001499250375,0.837282780410742,0.996845425867508,0.0046875,0.996923076923077,0.319940476190476,0.995297805642633,0.99685534591195,0.428571428571429,0.996937212863706,0.318110236220472,0.996992481203008,0.311708860759494,0.306976744186047,0.307339449541284,0.998435054773083,0.99537037037037,0.313755795981453,0.395765472312704,0.608214849921011,0.301242236024845,0.995405819295559,0.996810207336523,0.996865203761755,0.319047619047619,0.995447647951442,0.210200927357032,0.99537750385208,0.995290423861852,0.996850393700787,0.996894409937888,0.329754601226994,0.995207667731629,0.310897435897436,0.329192546583851,0.682098765432099,0.296238244514107,0.996889580093313,0.32824427480916,0.317220543806647,0.305111821086262,0.995275590551181,0.299392097264438,0.995275590551181,0.31570996978852,0.487767584097859,0.32,0.322784810126582,0.309006211180124,0.996946564885496,0.315789473684211,0.309748427672956,0.996889580093313,0.996904024767802,0.315217391304348,0.310077519379845,0.996875,0.477064220183486,0.319354838709677,0.326594090202177,0.327160493827161,0.683229813664596,0.995238095238095,0.291734197730956,0.996908809891808,0.424528301886792,0.305164319248826,0.00305810397553517,0.882800608828006,0.313880126182965,0.318181818181818,0.0029940119760479,0.0356037151702786,0.989130434782609,0.312111801242236,0.995384615384615,0.309636650868878,0.317307692307692,0.996840442338073,0.326656394453005,0.315047021943574,0.669767441860465,0.996879875195008,0.313572542901716,0.316535433070866,0.995268138801262,0.309230769230769,0.311501597444089,0.995238095238095,0.349768875192604,0.307324840764331,0.306748466257669,0.325949367088608,0.793798449612403,0.996913580246914,0.978090766823161,0.997005988023952,0.995405819295559,0.00313479623824451,0.998480243161094,0.998456790123457,0.996960486322188,0.429467084639498,0.998439937597504,0.299236641221374,0.998493975903614,0.328660436137072,1,0.61203007518797,0.633846153846154,0.317829457364341,0.304878048780488,0.643962848297214,0.309178743961353,0.00460122699386503,0.631987577639752,0.678071539657854,0.313271604938272,0.00462962962962963,0.309968847352025,0.294930875576037,0.771790808240888,0.324615384615385,0.692667706708268,0.59904912836767,0.314152410575428,0.30781010719755,0.299079754601227,0.9984375,0.0194902548725637,0.00326797385620915,0.312307692307692,0.329721362229102,0.324451410658307,0.995363214837713,0.339506172839506,0.319938176197836,0.995319812792512,0.299382716049383,0.948678071539658,0.566246056782334,0.996884735202492,0.995447647951442,0.998344370860927,0.310664605873261,0.615384615384615,0.322727272727273,0.307568438003221,0.313084112149533,0.41131498470948,0.995319812792512,0.310344827586207,0.995268138801262,0.311111111111111,0.313001605136437,0.995461422087746,0.314641744548287,0.995488721804511,0.322884012539185,0.996879875195008,0.995319812792512,0.316118935837246,0.00312989045383412,0.995426829268293,0.327639751552795,0.998417721518987,0.574961360123648,0.995433789954338,0.502304147465438,0.995454545454545,0.567441860465116,0.995245641838352,0.326366559485531,0.996927803379416,0.996932515337423,0.995363214837713,0.309597523219814,0.316037735849057,0.314024390243902,0.349282296650718,0.336585365853659,0.309375,0.998402555910543,0.317901234567901,0.995192307692308,0.995488721804511,0.325545171339564,0.314375987361769,0.312788906009245,0.382075471698113,0.322085889570552,0.996983408748115,0.996923076923077,0.327769347496206,0.317460317460317,0.631329113924051,0.589703588143526,0.315217391304348,0.319685039370079,0.995238095238095,0.299079754601227,0.314112291350531,0.992223950233281,0.297906602254428,0.313846153846154,0.00309597523219814,0.13767019667171,0.312111801242236,0.687687687687688,0.314152410575428,0.320433436532508,0.603343465045593,0.993690851735016,0.306729264475743,0.998430141287284,0.317262830482115,0.335413416536661,0.316118935837246,0.480061349693252,0.310344827586207,0.996794871794872,0.315870570107858,0.321875,0.32484076433121,0.686064318529862,0.998394863563403,0.320126782884311,0.311077389984825,0.00458015267175573,0.313546423135464,0.996904024767802,0.958139534883721,0.99537037037037,0.32312404287902,0.313636363636364,0.306603773584906,0.591463414634146,0.9953125,0.59775641025641,0.330188679245283,0.998473282442748,0.996946564885496,0.973846153846154,0.68025078369906,0.320373250388802,0.355932203389831,0.312594840667678,0.311827956989247,0.9952,0.995468277945619,0.504716981132076,0.640378548895899,0.995391705069124,0.995319812792512,0.996955859969559,0.697637795275591,0.996923076923077,0.322338830584708,0.682965299684543,0.996927803379416,0.326086956521739,0.3078125,0.32,0.998461538461539,0.996951219512195,0.645056726094003,0.318952234206472,0.995391705069124,0.995447647951442,0.315789473684211,0.309815950920245,0.998435054773083,0.00321027287319422,0.31201248049922,0.305511811023622,0.00156739811912226,0.309815950920245,0.995475113122172,0.307210031347962,0.996899224806202,0.144171779141104,0.00459418070444104,0.896499238964992,0.321592649310873,0.995391705069124,0.995426829268293,0.00467289719626168,0.00306278713629403,0.324074074074074,0.995405819295559,0.3168,0.998480243161094,0.303599374021909,0.996889580093313,0.995290423861852,0.969183359013868,0.781874039938556,1,0.998420221169036,0.00156494522691706,0.996879875195008,0.516025641025641,0.316692667706708,0.679389312977099,0.318952234206472,0.995253164556962,0.30077519379845,0.685358255451713,0.998452012383901,0.996820349761526,0.307324840764331,0.620481927710843,0.325153374233129,0.589341692789969,0.979559748427673,0.327044025157233,0.607963246554365,0.0062992125984252,0.31201248049922,0.31937984496124,0.314814814814815,0.998402555910543,0.638297872340426,0.30781010719755,0.898278560250391,0.585443037974684,0.972477064220184,0.995334370139969,0.996992481203008,0.310832025117739,0.32741935483871,0.307570977917981,0.315629742033384,0.312404287901991,0.620060790273556,0.303490136570561,0.00308166409861325,0.684053651266766,0.998449612403101,0.322932917316693,0.30829420970266,0.308441558441558,0.32370820668693,0.608964451313756,0.995412844036697,0.331269349845201,0.333850931677019,0.327922077922078,0.320433436532508,0.309119010819165,0.308661417322835,0.2,0.686520376175549,0.315047021943574,0.603975535168196,0.998447204968944,0.242236024844721,0.315301391035549,0.933333333333333,0.996763754045307,0.996894409937888,0.308049535603715,0.646058732612056,0.995426829268293,0.313636363636364,0.296703296703297,0.961783439490446,0.996899224806202,0.995319812792512,0.998381877022654,0.31924882629108,0.995290423861852,0.996908809891808,0.890965732087227,0.995419847328244,0.349922239502333,0.995447647951442,0.587479935794542,0.998439937597504,0.681957186544342,0.3046875,0.603448275862069,0.995222929936306,0.996899224806202,0.993660855784469,0.319444444444444,0.32,0.318840579710145,0.316770186335404,0.315789473684211,0.32182103610675,0.988871224165342,0.304281345565749,0.996830427892235,0.995090016366612,0.722308892355694,0.004739336492891,0.322033898305085,0.312210200927357,0.678955453149002,0.995391705069124,0.55868544600939,0.320121951219512,0.65414710485133,0.303738317757009,0.309636650868878,0.996830427892235,0.309636650868878,0.309178743961353,0.678683385579937,0.907496012759171,0.324483775811209,0.605388272583201,0.580188679245283,0.316846986089645,0.322327044025157,0.305772230889236,0.590625,0.68348623853211,0.996965098634294,0.899068322981366,0.995426829268293,0.667687595712098,0.998412698412698,0.5875,0.313971742543171,0.319620253164557,0.996932515337423,0.996960486322188,0.425038639876352,0.998405103668262,1,0.998463901689708,0.309006211180124,0.325,0.998420221169036,0.310344827586207,0.688549618320611,0.325038880248834,0.463836477987421,0.299050632911392,0.00458015267175573,0.308510638297872,0.996894409937888,0.995260663507109,0.596923076923077,0.00460122699386503,0.321875,0.322429906542056,0.0996835443037975,0.416932907348243,0.995334370139969,0.995275590551181,0.310240963855422,0.998439937597504,0.419504643962848,0.996850393700787,0.317629179331307,0.587423312883436,0.330232558139535,0.316037735849057,0.99537750385208,0.00316957210776545,0.998417721518987,0.306962025316456,0.316118935837246,0.996955859969559,0.995398773006135,0.996955859969559,0.435126582278481,0.996884735202492,0.314152410575428,0.626543209876543,0.330188679245283,0.328502415458937,0.00470219435736677,0.0297805642633229,0.995169082125604,0.630841121495327,0.998425196850394,0.322884012539185,0.325806451612903,0.995356037151703,0.996894409937888,0.15919629057187,0.306027820710974,0.995454545454545,0.901065449010654,0.996913580246914,0.31651376146789,0.208722741433022,0.667687595712098,0.995440729483283,0.996974281391831,0.995283018867924,0.996789727126806,0.995461422087746,0.288343558282209,0.299373040752351,0.995348837209302,0.115072933549433,0.00316957210776545,0.448757763975155,0.00322061191626409,0.324367088607595,0.996865203761755,0.679245283018868,0.996889580093313,0.995405819295559,0.888024883359253,0.9984375,0.687789799072643,0.996889580093313,0.996840442338073,0.996850393700787,0.998442367601246
"440",0.0851393188854489,0.0828313253012048,0.0754147812971342,0.0747663551401869,0.0819423368740516,0.0828313253012048,0.368992248062016,0.0868217054263566,0.0858433734939759,0.987577639751553,0.0771513353115727,0.956586826347305,0.102446483180428,0.0805471124620061,0.617737003058104,0.621374045801527,0.980509745127436,0.396196513470681,0.0807926829268293,0.0829562594268477,0.624808575803982,0.616224648985959,0.0874074074074074,0.935779816513762,0.0930576070901034,0.590634441087613,0.603100775193798,0.0818897637795276,0.0933333333333333,0.143297380585516,0.617691154422789,0.174698795180723,0.0594512195121951,0.610687022900763,0.928462709284627,0.094551282051282,0.544494720965309,0.082089552238806,0.624447717231222,0.0872781065088757,0.412772585669782,0.388379204892966,0.390977443609023,0.0793893129770992,0.0897832817337461,0.602484472049689,0.614551083591331,0.613905325443787,0.603857566765579,0.595238095238095,0.918276374442793,0.0838414634146342,0.614583333333333,0.0786686838124055,0.0880597014925373,0.413740458015267,0.517080745341615,0.0800604229607251,0.0904907975460123,0.0829562594268477,0.593373493975904,0.600303951367781,0.6,0.404580152671756,0.0903426791277259,0.0917293233082707,0.963358778625954,0.0818181818181818,0.986686390532544,0.597285067873303,0.0785498489425982,0.614457831325301,0.592879256965944,0.124615384615385,0.573134328358209,0.0894428152492669,0.614475627769572,0.582712369597616,0.0833333333333333,0.601574803149606,0.990551181102362,0.601226993865031,0.600303951367781,0.0915915915915916,0.591591591591592,0.0804769001490313,0.0840978593272171,0.0853293413173653,0.0839580209895052,0.384384384384384,0.0770416024653313,0.0790629575402635,0.924698795180723,0.986301369863014,0.0745814307458143,0.962630792227205,0.917541229385307,0.0794602698650675,0.531545741324921,0.394495412844037,0.0853658536585366,0.977099236641221,0.610015174506829,0.0902021772939347,0.608231707317073,0.0763473053892216,0.393393393393393,0.0870229007633588,0.602134146341463,0.602134146341463,0.597560975609756,0.0887218045112782,0.596412556053812,0.086890243902439,0.598518518518519,0.0905109489051095,0.606875934230194,0.79940119760479,0.597633136094675,0.606106870229008,0.612951807228916,0.0855855855855856,0.608108108108108,0.60347551342812,0.0779610194902549,0.618098159509202,0.0813953488372093,0.0835820895522388,0.768421052631579,0.557548579970105,0.0785824345146379,0.610169491525424,0.0796324655436447,0.957352941176471,0.0829420970266041,0.605067064083458,0.401785714285714,0.590015128593041,0.0199081163859112,0.645669291338583,0.990963855421687,0.98937784522003,0.085972850678733,0.0828220858895705,0.593093093093093,0.0818181818181818,0.616519174041298,0.0838414634146342,0.105421686746988,0.0861812778603269,0.604006163328197,0.0735735735735736,0.0882800608828006,0.0856697819314642,0.0703363914373089,0.596330275229358,0.0932330827067669,0.603945371775417,0.843195266272189,0.0858433734939759,0.613193403298351,0.0892857142857143,0.619119878603945,0.995348837209302,0.0778816199376947,0.612307692307692,0.0910470409711684,0.08649468892261,0.0891238670694864,0.591251885369532,0.086890243902439,0.596330275229358,0.0830769230769231,0.599697885196375,0.0832025117739403,0.601538461538462,0.996965098634294,0.0845921450151057,0.445652173913043,0.081039755351682,0.0874811463046757,0.616207951070336,0.0793893129770992,0.0852359208523592,0.0834597875569044,0.0792682926829268,0.606431852986217,0.612612612612613,0.0889235569422777,0.0858433734939759,0.598496240601504,0.621913580246914,0.081203007518797,0.646176911544228,0.41726618705036,0.91044776119403,0.607250755287009,0.40990990990991,0.0800604229607251,0.598802395209581,0.0849056603773585,0.082962962962963,0.0778443113772455,0.609422492401216,0.607196401799101,0.597826086956522,0.0899705014749263,0.0842433697347894,0.0792682926829268,0.920731707317073,0.0911854103343465,0.621705426356589,0.0610687022900763,0.604006163328197,0.606106870229008,0.347957639939486,0.0822981366459627,0.0881913303437967,0.0770416024653313,0.0840840840840841,0.08,0.954476479514416,0.602150537634409,0.597305389221557,0.0863095238095238,0.400602409638554,0.0861313868613139,0.0888888888888889,0.0876923076923077,0.0872781065088757,0.0878787878787879,0.0852941176470588,0.918796992481203,0.777117384843982,0.0866965620328849,0.610769230769231,0.0797546012269939,0.610271903323263,0.0824587706146927,0.0885496183206107,0.0821917808219178,0.085972850678733,0.0880989180834621,0.597842835130971,0.0864381520119225,0.388544891640867,0.594224924012158,0.593093093093093,0.609160305343511,0.602427921092564,0.596330275229358,0.670826833073323,0.591867469879518,0.602118003025719,0.602719033232628,0.0896860986547085,0.595015576323987,0.0832025117739403,0.38962962962963,0.595488721804511,0.782089552238806,0.600917431192661,0.0825688073394495,0.0752688172043011,0.0834597875569044,0.832822085889571,0.615733736762481,0.0785185185185185,0.597243491577335,0.598227474150665,0.607305936073059,0.61236802413273,0.399696048632219,0.0801232665639445,0.605925925925926,0.599693251533742,0.0828313253012048,0.630672926447574,0.0905044510385757,0.607726597325409,0.618045112781955,0.0868217054263566,0.0882352941176471,0.0835866261398176,0.55421686746988,0.0804953560371517,0.387442572741194,0.997050147492625,0.604826546003017,0.0863095238095238,0.0788253477588872,0.988077496274218,0.59789156626506,0.601550387596899,0.0795631825273011,0.0904907975460123,0.613235294117647,0.942336874051593,0.919254658385093,0.086687306501548,0.0865533230293663,0.588938714499253,0.0842266462480858,0.0889212827988338,0.614349775784753,0.0874811463046757,0.0857580398162328,0.609865470852018,0.0856269113149847,0.078907435508346,0.0824587706146927,0.083969465648855,0.592481203007519,0.616641901931649,0.61214953271028,0.0830815709969789,0.0890937019969278,0.4,0.602427921092564,0.076103500761035,0.605654761904762,0.621004566210046,0.0861027190332326,0.0823529411764706,0.0795795795795796,0.0830815709969789,0.0813253012048193,0.595129375951294,0.0895061728395062,0.0885496183206107,0.979719188767551,0.596992481203008,0.59480122324159,0.61609907120743,0.40519877675841,0.601481481481482,0.084070796460177,0.616793893129771,0.596923076923077,0.832835820895522,0.607726597325409,0.078907435508346,0.600890207715134,0.0882800608828006,0.0873493975903614,0.0894187779433681,0.610942249240122,0.613193403298351,0.081203007518797,0.0077639751552795,0.973805855161787,0.0872894333843798,0.606980273141123,0.604006163328197,0.625,0.0756172839506173,0.597325408618128,0.623853211009174,0.597037037037037,0.606707317073171,0.606583072100313,0.618098159509202,0.0732436472346786,0.593798449612403,0.0818897637795276,0.0778625954198473,0.923430321592649,0.0830769230769231,0.601538461538462,0.0865671641791045,0.0801186943620178,0.0856697819314642,0.603369065849923,0.082962962962963,0.617647058823529,0.0852017937219731,0.0822122571001495,0.0946564885496183,0.0855365474339036,0.0819672131147541,0.609865470852018,0.0751533742331288,0.0858895705521472,0.612121212121212,0.611963190184049,0.0776255707762557,0.0795107033639144,0.614803625377644,0.901345291479821,0.0856697819314642,0.0813253012048193,0.0798192771084337,0.912307692307692,0.605873261205564,0.0845070422535211,0.608047690014903,0.840735068912711,0.0781010719754977,0.401503759398496,0.486486486486487,0.0876923076923077,0.0843373493975904,0.405839416058394,0.375757575757576,0.572948328267477,0.078907435508346,0.598765432098765,0.0889894419306184,0.0766823161189358,0.601236476043277,0.0838323353293413,0.0902140672782875,0.922155688622755,0.596676737160121,0.0895295902883156,0.0816640986132511,0.603395061728395,0.0794602698650675,0.0794392523364486,0.608231707317073,0.759818731117825,0.0848765432098765,0.0850746268656716,0.0798771121351766,0.378947368421053,0.614583333333333,0.618541033434651,0.607988165680473,0.603658536585366,0.394817073170732,0.5949177877429,0.588235294117647,0.605029585798817,0.85,0.601226993865031,0.0849478390461997,0.595839524517088,0.0902140672782875,0.61203007518797,1,0.971514242878561,0.0853293413173653,0.0905044510385757,0.960725075528701,0.07981220657277,0.391044776119403,0.965361445783133,0.932307692307692,0.0823353293413174,0.395770392749245,0.0805471124620061,0.0843373493975904,0.559633027522936,0.0843373493975904,0.917168674698795,1,0.0871559633027523,0.0874811463046757,0.0950226244343891,0.605504587155963,0.434782608695652,0.372611464968153,0.0983358547655068,0.0824427480916031,0.0553064275037369,0.62125748502994,0.746564885496183,0.086232980332829,0.618320610687023,0.0787518573551263,0.550074738415546,0.984662576687117,0.620637329286798,0.608047690014903,0.592233009708738,0.0866965620328849,1,0.0911764705882353,0.0736677115987461,0.0834597875569044,0.841010401188707,0.593220338983051,0.0960365853658537,0.60490045941807,0.08125,0.0872274143302181,0.612275449101796,0.0871559633027523,0.610044313146233,0.0820668693009119,0.609351432880845,0.610091743119266,0.0805471124620061,0.395419847328244,0.616519174041298,0.0805970149253731,0.615503875968992,0.163663663663664,0.606508875739645,0.930163447251114,0.602658788774003,0.142640364188164,0.614420062695925,0.0995334370139969,0.602102102102102,0.584592145015106,0.632375189107413,0.0887218045112782,0.0816640986132511,0.0808823529411765,0.0609375,0.738170347003155,0.0850746268656716,0.599364069952305,0.0870870870870871,0.6049766718507,0.614349775784753,0.0865671641791045,0.0817901234567901,0.08,0.00153139356814701,0.0832095096582467,0.613670133729569,0.610119047619048,0.0768094534711965,0.0826952526799387,0.976887519260401,1,0.0853658536585366,0.0815384615384615,0.613251155624037,0.0899550224887556,0.0838323353293413,0.616438356164384,0.0913385826771654,0.0887218045112782,0.387786259541985,0.557377049180328,0.0792682926829268,0.920821114369501,0.086890243902439,0.0911808669656203,0.988304093567251,0.612121212121212,0.0847457627118644,0.597243491577335,0.0898021308980213,0.0491551459293395,0.0848484848484849,0.0920060331825038,0.0867579908675799,0.6,0.0798192771084337,0.0787037037037037,0.0804953560371517,0.919161676646707,0.605304212168487,0.0744186046511628,0.0898021308980213,0.396369137670197,0.0810810810810811,0.610015174506829,0.557377049180328,0.603318250377074,0.0817236255572065,0.0824587706146927,0.0917431192660551,0.991137370753324,0.596330275229358,1,0.0806201550387597,0.617246596066566,0.619760479041916,0.568215892053973,0.91553544494721,0.0804248861911988,0.0389805097451274,0.088145896656535,0.0854572713643178,0.599690880989181,0.613193403298351,0.92802450229709,0.959152798789713,0.611026033690659,0.602760736196319,0.595808383233533,0.915123456790123,0.609682299546142,0.0848214285714286,0.919876733436055,0.610119047619048,0.0891238670694864,0.0904836193447738,0.0796324655436447,0.599700149925038,0.607784431137725,0.961722488038278,0.0799396681749623,0.61136712749616,0.618975903614458,0.0902255639097744,0.0921450151057402,0.604863221884498,0.376788553259142,0.0740740740740741,0.086286594761171,0.377675840978593,0.085972850678733,0.621861152141802,0.0893682588597843,0.60882800608828,0.560538116591928,0.408345752608048,0.678832116788321,0.0833333333333333,0.614583333333333,0.603915662650602,0.385885885885886,0.41037037037037,0.0816944024205749,0.601481481481482,0.0876369327073552,0.599415204678363,0.0793893129770992,0.602446483180428,0.624806201550388,0.568807339449541,0.572072072072072,0.598755832037325,0.610859728506787,0.4047976011994,0.601809954751131,0.94556765163297,0.0751533742331288,0.922155688622755,0.0864381520119225,0.625192012288787,0.0895295902883156,0.925418569254186,0.606980273141123,0.606106870229008,0.081039755351682,0.976811594202899,0.0874811463046757,0.989263803680982,0.577981651376147,0.0773899848254932,0.980509745127436,0.408950617283951,0.0803030303030303,0.0880121396054628,0.0817236255572065,0.607874015748031,0.956586826347305,0.0789865871833085,0.496263079222721,0.987748851454824,0.559220389805097,0.602391629297459,0.597633136094675,0.0835866261398176,0.0589147286821705,0.0946564885496183,0.0778443113772455,0.0784313725490196,0.982326951399116,0.091044776119403,0.393393393393393,0.918604651162791,0.604229607250755,0.0830860534124629,0.0884146341463415,0.0786163522012579,0.082089552238806,0.993939393939394,0.602962962962963,0.0719640179910045,0.0803030303030303,0.0799373040752351,0.0828220858895705,0.086232980332829,0.0880989180834621,0.605654761904762,0.937402190923318,0.0809160305343511,1,0.60960960960961,0.660660660660661,0.0871559633027523,0.529225908372828,0.612852664576803,0.606875934230194,0.088855421686747,0.960244648318043,0.610859728506787,0.0813253012048193,0.0889570552147239,0.54953560371517,0.609682299546142,0.618263473053892,0.609907120743034,0.0793413173652695,0.610769230769231,0.602985074626866,0.673780487804878,0.611532625189681,0.0476900149031297,0.610698365527489,1,0.600910470409712,0.916790490341753,0.0853658536585366,0.992307692307692,0.619565217391304,0.598496240601504,0.608087091757387,0.0842105263157895,0.0741301059001513,0.0851393188854489,0.0861027190332326,0.0853080568720379,0.0900621118012422,0.583975346687211,0.0854572713643178,0.604863221884498,0.606109324758842,0.496987951807229,0.397849462365591,0.0839580209895052,0.0854572713643178,0.918674698795181,0.615611192930781,0.963691376701967,0.0816326530612245,0.961479198767334,0.0852359208523592,0.0797546012269939,0.600306278713629,0.0830769230769231,0.0893416927899686,0.467692307692308,0.669266770670827,0.0898550724637681,1,0.987635239567233,0.0837138508371385,0.0882800608828006,0.0780780780780781,1,0.92156862745098,0.602086438152012,0.496951219512195,0.600297176820208,0.91904047976012,0.587786259541985,1,0.0821917808219178,0.0875,0.615727002967359,0.598187311178248,0.853474320241692,0.601538461538462,0.604754829123328,0.606927710843373,0.0885496183206107,0.0809595202398801,0.598473282442748,0.0852601156069364,0.929003021148036,0.0765696784073507,0.86697247706422,0.0892307692307692,0.406528189910979,0.0805970149253731,0.61178247734139,0.613953488372093,0.996983408748115,0.406804733727811,0.0837138508371385,0.0763358778625954,0.289393939393939,0.196567862714509,0.606153846153846,0.612752721617418,0.0813253012048193,0.595488721804511,0.840245775729647,0.606531881804043,0.0899705014749263,0.989520958083832,0.0861027190332326,0.0829493087557604,0.605143721633888,0.391371340523883,0.613496932515337,0.0902021772939347,0.0835820895522388,0.618263473053892,0.622154779969651,0.596412556053812,0.223420647149461,0.60490045941807,0.0875576036866359,0.973013493253373,0.0835866261398176,0.0811232449297972,0.387387387387387,0.436447166921899,0.592767295597484,0.975535168195719,0.598484848484849,0.083969465648855,0.0726429675425039,0.622154779969651,0.595454545454545,0.453055141579732,0.0816944024205749,0.614008941877794,0.701046337817638,0.614583333333333,0.11044776119403,0.614791987673344,0.925981873111782,0.619909502262443,0.602941176470588,0.602134146341463,0.615987460815047,0.608504398826979,0.109955423476969,0.0852359208523592,0.623493975903614,0.54160125588697,0.400928792569659,0.856278366111952,0.389589905362776,0.0762195121951219,0.596036585365854,0.931087289433384,0.593272171253823,0.61144578313253,0.710166919575114,0.597826086956522,0.925816023738872,0.592203898050975,0.615987460815047,0.598130841121495,0.606980273141123
"441",0.053968253968254,0.0520673813169985,0.0429447852760736,0.0488188976377953,0.0479876160990712,0.0525502318392581,0.353503184713376,0.0517241379310345,0.053680981595092,0.960443037974684,0.047040971168437,0.992295839753467,0.135725429017161,0.0528771384136858,0.635220125786163,0.64451313755796,0.99236641221374,0.372990353697749,0.0496124031007752,0.049079754601227,0.65284178187404,0.632911392405063,0.0523882896764253,0.901689708141321,0.0580152671755725,0.614439324116744,0.630331753554502,0.0538827258320127,0.0540540540540541,0.157232704402516,0.647328244274809,0.203675344563553,0.0410958904109589,0.632398753894081,0.957680250783699,0.0531400966183575,0.518575851393189,0.0520673813169985,0.654135338345865,0.0557228915662651,0.381316998468606,0.368827160493827,0.368024132730015,0.0497667185069984,0.0519685039370079,0.624605678233438,0.636792452830189,0.635811836115326,0.630030959752322,0.625570776255708,0.95144157814871,0.050314465408805,0.636225266362253,0.052710843373494,0.0512422360248447,0.437694704049844,0.494607087827427,0.05,0.0519083969465649,0.0526315789473684,0.616793893129771,0.633956386292835,0.628346456692913,0.380368098159509,0.055379746835443,0.0579268292682927,0.996894409937888,0.0559875583203732,0.994020926756353,0.626888217522659,0.0477657935285054,0.632148377125193,0.617834394904459,0.0864,0.54531490015361,0.0536512667660209,0.644817073170732,0.61144578313253,0.0535987748851455,0.626391096979332,0.961783439490446,0.618461538461539,0.628304821150855,0.0517503805175038,0.607692307692308,0.0524737631184408,0.0510046367851623,0.0555555555555556,0.0453125,0.363914373088685,0.0514820592823713,0.0458579881656805,0.949152542372881,0.95398773006135,0.0453125,0.995488721804511,0.952160493827161,0.0518292682926829,0.487220447284345,0.374414976599064,0.0548780487804878,0.9953125,0.646153846153846,0.0521327014218009,0.629107981220657,0.0476190476190476,0.370030581039755,0.0540123456790123,0.633181126331811,0.62596599690881,0.617378048780488,0.0583717357910906,0.621913580246914,0.0495356037151703,0.559270516717325,0.0540540540540541,0.626543209876543,0.754198473282443,0.625187406296852,0.634108527131783,0.575987841945289,0.0582822085889571,0.630075187969925,0.621069182389937,0.0454545454545455,0.643730886850153,0.0497076023391813,0.0572289156626506,0.71937984496124,0.497737556561086,0.0476190476190476,0.638629283489097,0.0482115085536547,0.992548435171386,0.0461783439490446,0.638297872340426,0.382175226586103,0.619047619047619,0.00765696784073507,0.610845295055821,0.964723926380368,0.962732919254658,0.0539291217257319,0.0506329113924051,0.612307692307692,0.043613707165109,0.628358208955224,0.0501519756838906,0.136503067484663,0.057315233785822,0.632165605095541,0.0475460122699387,0.0543478260869565,0.0489731437598736,0.0465116279069767,0.614906832298137,0.058641975308642,0.630094043887147,0.798165137614679,0.0552995391705069,0.627272727272727,0.0514372163388805,0.648522550544324,0.972222222222222,0.0470957613814757,0.6359375,0.0568356374807988,0.0523076923076923,0.0543478260869565,0.617824773413897,0.0498442367601246,0.614173228346457,0.0529595015576324,0.631336405529954,0.0540540540540541,0.627871362940276,0.980243161094225,0.0546021840873635,0.414673046251994,0.04858934169279,0.0539291217257319,0.626373626373626,0.0438184663536776,0.046875,0.0506912442396313,0.0523882896764253,0.624048706240487,0.634969325153374,0.0544,0.0525502318392581,0.627092846270928,0.655172413793103,0.0496987951807229,0.605546995377504,0.383703703703704,0.947286821705426,0.629742033383915,0.383561643835616,0.049079754601227,0.627272727272727,0.0485133020344288,0.0505952380952381,0.0508221225710015,0.640552995391705,0.623867069486405,0.616719242902208,0.0531914893617021,0.0476190476190476,0.0417310664605873,0.956181533646322,0.0513219284603421,0.645412130637636,0.0169491525423729,0.630331753554502,0.645161290322581,0.309815950920245,0.0516431924882629,0.0576631259484067,0.0475460122699387,0.049306625577812,0.0485133020344288,0.993855606758833,0.630368098159509,0.624434389140271,0.0540123456790123,0.368663594470046,0.0548780487804878,0.0583832335329341,0.0529595015576324,0.0521472392638037,0.046801872074883,0.0509745127436282,0.948328267477204,0.743939393939394,0.053030303030303,0.627358490566038,0.0497667185069984,0.64624808575804,0.0473282442748092,0.0464396284829721,0.0493827160493827,0.0524642289348172,0.0519685039370079,0.629230769230769,0.0504587155963303,0.42654028436019,0.618380062305296,0.624242424242424,0.635499207606973,0.623233908948195,0.621664050235479,0.63391442155309,0.61136712749616,0.628787878787879,0.622670807453416,0.0547112462006079,0.626168224299065,0.0454545454545455,0.366261398176292,0.629457364341085,0.742469879518072,0.62085308056872,0.0520504731861199,0.0446841294298921,0.0529595015576324,0.793313069908815,0.642414860681115,0.0487804878048781,0.626959247648903,0.61631419939577,0.631741140215716,0.63302752293578,0.370542635658915,0.0482866043613707,0.628398791540785,0.627943485086342,0.0521472392638037,0.648351648351648,0.0542168674698795,0.638167938931298,0.643625192012289,0.050314465408805,0.0522151898734177,0.0498442367601246,0.51617873651772,0.0559875583203732,0.361408882082695,0.968373493975904,0.632558139534884,0.0488549618320611,0.0475435816164818,0.966257668711656,0.625377643504532,0.6272,0.041335453100159,0.0515625,0.635670731707317,0.978658536585366,0.949447077409163,0.0574534161490683,0.05103668261563,0.618045112781955,0.0522273425499232,0.0551415797317437,0.640909090909091,0.0507692307692308,0.0545454545454545,0.631578947368421,0.05,0.0509259259259259,0.0568356374807988,0.0505359877488515,0.613251155624037,0.646525679758308,0.622222222222222,0.053125,0.0584615384615385,0.379154078549849,0.633693972179289,0.0546021840873635,0.631336405529954,0.650306748466258,0.0488549618320611,0.048411497730711,0.0479134466769706,0.0494590417310665,0.0534351145038168,0.622670807453416,0.0585516178736518,0.0573643410852713,0.9484375,0.614220877458396,0.554517133956386,0.635367762128325,0.373065015479876,0.627836611195159,0.043609022556391,0.640502354788069,0.614551083591331,0.793261868300153,0.632465543644717,0.047244094488189,0.617691154422789,0.0583717357910906,0.0499219968798752,0.0518292682926829,0.638198757763975,0.640601503759399,0.0506134969325153,0.0192616372391653,0.996875,0.054773082942097,0.627092846270928,0.630434782608696,0.639498432601881,0.0421216848673947,0.62012012012012,0.584732824427481,0.621212121212121,0.637059724349158,0.63349131121643,0.638065522620905,0.0474006116207951,0.626582278481013,0.046031746031746,0.0452418096723869,0.952815829528158,0.0582677165354331,0.630602782071097,0.0526315789473684,0.0529500756429652,0.045958795562599,0.616692426584235,0.0515933232169954,0.636650868878357,0.0524737631184408,0.109422492401216,0.0557275541795666,0.0563380281690141,0.0532724505327245,0.639016897081413,0.0465116279069767,0.0515625,0.63482280431433,0.631741140215716,0.0449612403100775,0.0476190476190476,0.634969325153374,0.859281437125748,0.0557324840764331,0.0457317073170732,0.05,0.946070878274268,0.644067796610169,0.0462519936204147,0.642526964560863,0.805337519623234,0.046656298600311,0.373088685015291,0.515151515151515,0.0543130990415335,0.0490045941807044,0.377745241581259,0.348367029548989,0.602427921092564,0.0476923076923077,0.630434782608696,0.0527950310559006,0.0475435816164818,0.6171875,0.0455235204855842,0.0514018691588785,0.96141975308642,0.617784711388456,0.0563380281690141,0.0524691358024691,0.630914826498423,0.0493827160493827,0.0544323483670296,0.638230647709321,0.712538226299694,0.05320813771518,0.0477657935285054,0.0462962962962963,0.420647149460709,0.641768292682927,0.648062015503876,0.626488095238095,0.621913580246914,0.358346094946401,0.614678899082569,0.615733736762481,0.63595166163142,0.811232449297972,0.621451104100946,0.0506134969325153,0.622188905547226,0.0538461538461538,0.633846153846154,0.971514242878561,1,0.052790346907994,0.053030303030303,0.993836671802773,0.0458860759493671,0.361573373676248,0.996946564885496,0.959501557632399,0.0507692307692308,0.37442218798151,0.0518292682926829,0.0549618320610687,0.511664074650078,0.049306625577812,0.95144157814871,0.977952755905512,0.0475460122699387,0.0528700906344411,0.0562310030395137,0.622874806800618,0.413690476190476,0.357030015797788,0.0688073394495413,0.0477657935285054,0.027355623100304,0.639016897081413,0.716510903426791,0.0561456752655539,0.644961240310078,0.0512820512820513,0.572769953051643,0.952904238618524,0.646433990895296,0.626865671641791,0.609555189456343,0.0492307692307692,0.977203647416413,0.0561456752655539,0.0462519936204147,0.0506134969325153,0.795763993948563,0.619496855345912,0.0571870170015456,0.633281972265023,0.0536277602523659,0.050314465408805,0.639817629179331,0.0504731861198738,0.632440476190476,0.0529595015576324,0.644409937888199,0.627511591962906,0.0505359877488515,0.36687306501548,0.637573964497041,0.0492307692307692,0.638932496075353,0.175925925925926,0.626139817629179,0.901386748844376,0.626307922272048,0.172897196261682,0.6421875,0.061128526645768,0.623277182235835,0.612121212121212,0.657975460122699,0.0554699537750385,0.0470957613814757,0.0493273542600897,0.0143769968051118,0.70873786407767,0.0509259259259259,0.625796178343949,0.0539291217257319,0.630503144654088,0.633383010432191,0.0507692307692308,0.0499219968798752,0.0458715596330275,0.0321592649310873,0.0503048780487805,0.640791476407915,0.628787878787879,0.0505359877488515,0.0446153846153846,0.996830427892235,0.968992248062015,0.0496894409937888,0.054773082942097,0.629107981220657,0.0574534161490683,0.0541353383458647,0.643076923076923,0.0571428571428571,0.0549618320610687,0.371340523882897,0.521341463414634,0.0465116279069767,0.951541850220264,0.0541795665634675,0.0570107858243451,0.962121212121212,0.627692307692308,0.0499219968798752,0.622874806800618,0.0459418070444104,0.0139968895800933,0.0525502318392581,0.123456790123457,0.0540958268933539,0.619426751592357,0.0463678516228748,0.0454545454545455,0.043613707165109,0.94856278366112,0.63768115942029,0.0454545454545455,0.0560606060606061,0.375951293759513,0.0547945205479452,0.630030959752322,0.583460949464012,0.624233128834356,0.0481366459627329,0.0538461538461538,0.0559006211180124,0.960843373493976,0.623417721518987,0.9712,0.0470219435736677,0.646525679758308,0.641566265060241,0.598187311178248,0.955108359133127,0.0474683544303797,0.0061633281972265,0.0522273425499232,0.050381679389313,0.623255813953488,0.646084337349398,0.89589905362776,0.992272024729521,0.632398753894081,0.624223602484472,0.621987951807229,0.959183673469388,0.639570552147239,0.0455927051671733,0.944272445820433,0.63093415007657,0.0560606060606061,0.0587326120556414,0.0496124031007752,0.629969418960245,0.626506024096386,0.998394863563403,0.0436817472698908,0.63452566096423,0.649769585253456,0.0491551459293395,0.0601851851851852,0.629179331306991,0.358730158730159,0.046656298600311,0.0543478260869565,0.351393188854489,0.0499243570347958,0.637048192771084,0.0506329113924051,0.629402756508423,0.531722054380665,0.379362670713202,0.643916913946588,0.0507692307692308,0.645925925925926,0.638065522620905,0.378254211332312,0.387724550898204,0.0444104134762634,0.623853211009174,0.0513643659711075,0.626323751891074,0.0484375,0.627145085803432,0.637795275590551,0.596330275229358,0.51702786377709,0.631415241057543,0.633647798742138,0.377329192546584,0.622526636225266,0.910094637223975,0.0391849529780564,0.94954128440367,0.0500758725341426,0.65086887835703,0.0527131782945736,0.955038759689922,0.624806201550388,0.635220125786163,0.0566929133858268,0.997019374068554,0.0538461538461538,0.96551724137931,0.602503912363067,0.046656298600311,0.993865030674847,0.377535101404056,0.0505359877488515,0.0532724505327245,0.0475460122699387,0.633228840125392,0.993984962406015,0.0531107738998483,0.522550544323484,0.961360123647604,0.578787878787879,0.627480916030534,0.627511591962906,0.0508474576271186,0.0362776025236593,0.0586370839936609,0.0547945205479452,0.0474006116207951,0.993984962406015,0.0590015128593041,0.368827160493827,0.949329359165425,0.621165644171779,0.0490045941807044,0.0502354788069074,0.0466988727858293,0.046969696969697,0.969230769230769,0.633738601823708,0.0453857791225416,0.0517241379310345,0.0445151033386327,0.0478395061728395,0.0551301684532925,0.0555555555555556,0.568807339449541,0.965189873417722,0.04375,0.977341389728097,0.6265625,0.618604651162791,0.053680981595092,0.550702028081123,0.636075949367089,0.63482280431433,0.0555555555555556,0.99388379204893,0.632683658170915,0.0460829493087558,0.0525502318392581,0.572784810126582,0.639269406392694,0.641860465116279,0.633647798742138,0.0440060698027314,0.62085308056872,0.63013698630137,0.6375,0.637345679012346,0.00768049155145929,0.631024096385542,0.974522292993631,0.617511520737327,0.953632148377125,0.0557275541795666,0.97007874015748,0.659476117103236,0.618153364632238,0.635367762128325,0.0443425076452599,0.049306625577812,0.0515625,0.055045871559633,0.0507131537242472,0.0535433070866142,0.611374407582938,0.0458015267175573,0.628086419753086,0.63029315960912,0.441717791411043,0.375394321766562,0.053030303030303,0.055045871559633,0.951588502269289,0.634036144578313,0.936630602782071,0.042042042042042,0.992199687987519,0.0479134466769706,0.0458135860979463,0.634222919937206,0.0504731861198738,0.0541871921182266,0.420221169036335,0.640127388535032,0.0545722713864307,0.968354430379747,0.961240310077519,0.0506912442396313,0.0499219968798752,0.0487062404870624,0.969088098918083,0.952526799387443,0.625377643504532,0.529051987767584,0.631498470948012,0.945619335347432,0.616113744075829,0.971473851030111,0.0593607305936073,0.0486656200941915,0.63855421686747,0.624615384615385,0.80952380952381,0.613707165109034,0.633181126331811,0.621004566210046,0.0528771384136858,0.0453857791225416,0.629457364341085,0.0507462686567164,0.955792682926829,0.0406885758998435,0.833075734157651,0.0526315789473684,0.36979969183359,0.0506134969325153,0.63452566096423,0.634375,0.978560490045942,0.379362670713202,0.0492307692307692,0.0450310559006211,0.257763975155279,0.166134185303514,0.624413145539906,0.640822784810127,0.0493827160493827,0.629513343799058,0.79595015576324,0.6265625,0.0568862275449102,0.957120980091884,0.0519083969465649,0.0496894409937888,0.631901840490798,0.378548895899054,0.638932496075353,0.048,0.0469483568075117,0.640364188163885,0.638591117917305,0.622950819672131,0.19375,0.63349131121643,0.0541795665634675,0.996951219512195,0.0548780487804878,0.0448717948717949,0.358744394618834,0.40405616224649,0.624405705229794,0.995363214837713,0.623639191290824,0.0487804878048781,0.0423197492163009,0.640746500777605,0.6203125,0.425499231950845,0.0446153846153846,0.644615384615385,0.679389312977099,0.640909090909091,0.0677710843373494,0.578369905956113,0.958652373660031,0.641538461538462,0.62407132243685,0.621236133122029,0.638263665594855,0.62852897473997,0.0740181268882175,0.0523882896764253,0.646058732612056,0.502377179080824,0.371875,0.814984709480122,0.371980676328502,0.0405616224648986,0.625954198473282,0.951713395638629,0.623052959501558,0.636641221374046,0.678955453149002,0.621875,0.954268292682927,0.609831029185868,0.635646687697161,0.62754303599374,0.633846153846154
"442",1,1,1,1,1,1,0.702362204724409,1,1,0.0924764890282132,1,0.0497737556561086,0.814873417721519,1,0.3198127925117,0.309815950920245,0.0691729323308271,0.686119873817035,1,1,0.297213622291022,0.316118935837246,1,0.15220700152207,1,0.327245053272451,0.323248407643312,1,1,0.7734375,0.314589665653495,0.728506787330317,0.961538461538462,0.317757009345794,0,1,0.546995377503852,1,0.29806259314456,1,0.66358024691358,0.676380368098159,0.690076335877863,1,1,0.314728682170543,0.314241486068111,0.304023845007452,0.322822822822823,0.326283987915408,0,1,0.311178247734139,1,1,0.4859375,0.565217391304348,1,1,1,0.333834586466165,0.31832298136646,0.3198127925117,0.674846625766871,1,1,0.0403100775193798,1,0.0630630630630631,0.322188449848024,1,0.319018404907975,0.32475884244373,0.968152866242038,0.516030534351145,1,0.30640243902439,0.331818181818182,1,0.319875776397516,0.0813397129186603,0.327160493827161,0.327102803738318,1,0.334355828220859,1,1,1,1,0.691842900302115,1,1,0,0.101515151515152,1,0.048048048048048,0,1,0.567353407290016,0.677165354330709,1,0.0559875583203732,0.315467075038285,1,0.315625,1,0.689393939393939,1,0.318885448916409,0.320668693009119,0.320668693009119,1,0.326747720364742,1,0.494768310911809,1,0.315132605304212,0.300763358778626,0.318796992481203,0.322429906542056,0.487654320987654,0.998456790123457,0.32375189107413,0.311708860759494,1,0.3,1,1,0.341500765696784,0.545180722891566,1,0.317411402157165,1,0.0441176470588235,1,0.314925373134328,0.669195751138088,0.329721362229102,0.926905132192846,0.431528662420382,0.101382488479263,0.0949464012251149,1,1,0.328682170542636,1,0.317037037037037,1,0.80640243902439,1,0.322327044025157,1,1,1,1,0.329704510108865,1,0.3234375,0.26046511627907,1,0.318731117824773,1,0.298003072196621,0.0869565217391304,1,0.312401883830455,1,1,1,0.334351145038168,1,0.330203442879499,1,0.308166409861325,1,0.320813771517997,0.0798771121351766,1,0.630744849445325,1,1,0.31974921630094,1,1,1,1,0.325652841781874,0.321375186846039,1,0.998470948012232,0.32089552238806,0.309904153354633,1,0.459541984732824,0.666666666666667,0,0.313935681470138,0.670229007633588,1,0.31784107946027,1,0.998500749625187,1,0.306153846153846,0.331818181818182,0.319182389937107,1,1,1,0,1,0.310185185185185,0.970992366412214,0.321428571428571,0.310769230769231,0.760670731707317,1,1,1,1,1,0.0492307692307692,0.306603773584906,0.31981981981982,1,0.681957186544342,1,1,0.998466257668712,0.998493975903614,1,1,0.00307692307692308,0.328313253012048,1,0.313084112149533,1,0.296923076923077,1,1,1,1,1,0.321646341463415,1,0.496111975116641,0.327217125382263,0.327769347496206,0.31104199066874,0.319508448540707,0.333333333333333,0.421974522292994,0.332822085889571,0.311926605504587,0.313455657492355,1,0.328173374613003,1,0.685800604229607,0.316846986089645,0.317365269461078,0.331782945736434,1,1,1,0.261205564142195,0.31969696969697,1,0.317757009345794,0.328808446455505,0.310769230769231,0.321699544764795,0.681470137825421,1,0.319880418535127,0.319314641744548,1,0.301587301587302,1,0.314674735249622,0.312693498452012,1,1,1,0.548686244204019,1,0.687595712098009,0.0810810810810811,0.317901234567901,1,1,0.0957446808510638,0.318796992481203,0.32093023255814,1,1,0.30030959752322,0.0246913580246914,0.00308641975308642,1,1,0.341463414634146,0.998475609756098,1,0.309923664122137,1,1,0.317683881064163,1,1,1,1,0.324031007751938,0.312130177514793,0.323854660347551,1,1,0.668202764976959,0.315384615384615,1,0.320726172465961,0.302611367127496,1,1,0.998466257668712,1,1,0.326625386996904,1,1,0.103174603174603,0.332307692307692,0.496124031007752,0.306729264475743,0.671802773497689,0.310769230769231,1,0.308411214953271,0.338983050847458,0.251127819548872,0.321592649310873,1,0.327380952380952,1,1,1,0.309341500765697,0.322727272727273,0.998461538461539,0.919937205651491,0.0664605873261206,1,0.309923664122137,0.320872274143302,0.316279069767442,1,0.330275229357798,0.48062015503876,0.325688073394495,0.308411214953271,0.309262166405024,0.309968847352025,1,0.321875,1,1,0,1,0.325153374233129,1,1,1,0.329211746522411,1,0.314329738058552,1,0.837672281776417,1,1,1,0.319571865443425,1,1,0.30568356374808,0.313755795981453,1,1,0.317557251908397,0.183183183183183,1,0.998484848484849,1,0,0.311320754716981,1,0.314024390243902,0.247278382581649,1,0.678407350689127,0.427286356821589,1,1,0.674008810572687,0.699537750385208,0.340943683409437,1,0.323574730354391,1,1,0.333839150227618,1,0.998442367601246,0.00775193798449612,0.324655436447167,1,1,0.319875776397516,1,1,0.312788906009245,0.342424242424242,1,1,1,0.5220700152207,0.310872894333844,0.34715821812596,0.321958456973294,0.328725038402458,0.691472868217054,0.325227963525836,0.327692307692308,0.314503816793893,0.240369799691834,0.31974921630094,1,0.316666666666667,0.998449612403101,0.317829457364341,0.0853293413173653,0.052790346907994,1,1,0.043010752688172,1,0.68215892053973,0.0442073170731707,0.0123647604327666,1,0.681957186544342,1,1,0.549606299212598,1,0,0.0752351097178683,1,1,1,0.322429906542056,0.64714494875549,0.692429022082019,0.992354740061162,1,0.983231707317073,0.307692307692308,0.342723004694836,1,0.300623052959502,1,0.36875,0.10641627543036,0.302147239263804,0.321804511278195,0.337133550488599,1,0.0820668693009119,1,1,1,0.264750378214826,0.326053042121685,1,0.322834645669291,1,1,0.315068493150685,1,0.318649045521292,1,0.30625,0.325545171339564,1,0.67651632970451,0.315555555555556,1,0.315132605304212,0.761467889908257,0.317700453857791,0.156297420333839,0.326409495548961,0.773082942097027,0.308426073131955,1,0.329230769230769,0.336349924585219,0.299847792998478,1,1,1,0.966453674121406,0.344103392568659,1,0.324921135646688,1,0.31139646869984,0.319880418535127,1,1,1,0.919129082426128,1,0.311077389984825,0.320182094081942,1,1,0.0510835913312693,0.0796875,1,1,0.305164319248826,1,1,0.3125,1,1,0.680124223602484,0.542728635682159,1,0,1,1,0.096969696969697,0.32262996941896,1,0.323529411764706,0.998461538461539,0.962674961119751,0.998466257668712,0.827217125382263,1,0.326984126984127,1,1,1,0,0.314102564102564,1,1,0.66973886328725,1,0.321646341463415,0.357784431137725,0.326219512195122,1,1,1,0.0920060331825038,0.324881141045959,0.0880503144654088,0.9984375,0.313546423135464,0.307110438729198,0.354009077155825,0,1,0.955725190839695,1,1,0.322932917316693,0.310240963855422,0.158385093167702,0.0432766615146832,0.32258064516129,0.311248073959938,0.329286798179059,0,0.312977099236641,1,0,0.317365269461078,1,1,1,0.316890881913303,0.323353293413174,0.0384615384615385,1,0.316279069767442,0.304084720121029,1,1,0.314024390243902,0.6896,1,1,0.693023255813954,1,0.316998468606432,1,0.313935681470138,0.529770992366412,0.671732522796353,0.410898379970545,1,0.299079754601227,0.319083969465649,0.682706766917293,0.663650075414781,1,0.325227963525836,1,0.325301204819277,1,0.322033898305085,0.312111801242236,0.344773790951638,0.530487804878049,0.3140625,0.316692667706708,0.666156202143951,0.321100917431193,0.14785373608903,1,0,1,0.298136645962733,1,0,0.316358024691358,0.3140625,1,0.0593471810089021,1,0.0869565217391304,0.328725038402458,1,0.0673813169984686,0.665123456790123,1,1,1,0.313195548489666,0.0406626506024096,1,0.432558139534884,0.0920436817472699,0.353474320241692,0.326251896813354,0.32824427480916,1,1,1,1,1,0.0682492581602374,0.998477929984779,0.677321156773212,0.00295420974889217,0.325264750378215,1,1,1,1,0.087962962962963,0.313636363636364,1,1,1,1,1,1,0.494672754946728,0,1,0.0853658536585366,0.317073170731707,0.450920245398773,1,0.395638629283489,0.311216429699842,0.313455657492355,1,0.0428134556574924,0.317901234567901,1,1,0.372827804107425,0.309090909090909,0.31039755351682,0.316037735849057,0.998475609756098,0.330721003134796,0.318731117824773,0.416536661466459,0.317829457364341,0.971168437025797,0.31314623338257,0.0841121495327103,0.324773413897281,0,1,0.0855365474339036,0.306027820710974,0.315707620528771,0.315132605304212,1,1,1,1,1,1,0.331782945736434,1,0.319083969465649,0.311183144246353,0.611532625189681,0.666666666666667,1,1,0,0.323485967503693,0.117283950617284,0.998507462686567,0.0432766615146832,1,1,0.31839258114374,1,1,0.626771653543307,0.414826498422713,0.997058823529412,0.0784929356357928,0.0941358024691358,1,1,1,0.088145896656535,0,0.320121951219512,0.423135464231355,0.318529862174579,0,0.330733229329173,0.0878274268104777,1,1,0.321156773211568,0.321646341463415,0.24537037037037,0.340659340659341,0.313813813813814,0.322137404580153,1,1,0.329704510108865,1,0,1,0.214939024390244,1,0.674311926605505,1,0.315950920245399,0.308544303797468,0.0782208588957055,0.674735249621785,1,1,0.791476407914764,0.896988906497623,0.317111459968603,0.31875,1,0.315707620528771,0.260869565217391,0.320813771517997,1,0.101978691019787,1,1,0.320610687022901,0.677018633540373,0.305295950155763,1,1,0.312594840667678,0.302795031055901,0.321212121212121,0.85243328100471,0.315873015873016,1,0.0581929555895865,1,1,0.693474962063733,0.647149460708783,0.314285714285714,0.0594512195121951,0.321538461538462,1,1,0.316118935837246,0.328682170542636,0.629402756508423,1,0.305722891566265,0.371385083713851,0.310872894333844,0.986404833836858,0.48125,0.00306748466257669,0.305007587253414,0.322388059701493,0.329173166926677,0.311320754716981,0.320839580209895,0.970992366412214,1,0.311827956989247,0.552425665101721,0.677519379844961,0.236006051437216,0.688291139240506,1,0.32258064516129,0.00154559505409583,0.31981981981982,0.311926605504587,0.368421052631579,0.31875,0,0.336906584992343,0.32348367029549,0.321428571428571,0.317411402157165
"443",1,1,1,1,1,1,0.713615023474178,1,1,0.102362204724409,1,0.047040971168437,0.803405572755418,1,0.3078125,0.3,0.0717557251908397,0.69377990430622,1,1,0.280864197530864,0.307098765432099,1,0.167701863354037,1,0.316590563165906,0.307570977917981,1,1,0.774343122102009,0.300613496932515,0.721884498480243,0.963020030816641,0.30568356374808,0,1,0.553680981595092,1,0.297176820208024,1,0.670295489891135,0.68167701863354,0.6996996996997,1,1,0.313195548489666,0.311145510835913,0.301349325337331,0.317147192716237,0.312404287901991,0,1,0.305007587253414,1,1,0.482866043613707,0.569018404907976,1,1,1,0.324655436447167,0.310077519379845,0.305555555555556,0.68693009118541,1,1,0.0405616224648986,1,0.0608308605341246,0.314674735249622,1,0.315950920245399,0.315047021943574,0.965299684542587,0.521212121212121,1,0.303353658536585,0.329819277108434,1,0.316720257234727,0.0979462875197472,0.328149300155521,0.318681318681319,1,0.329286798179059,1,1,1,1,0.695252679938744,1,1,0.00154798761609907,0.113846153846154,1,0.047976011994003,0,1,0.573268921095008,0.683385579937304,1,0.0602782071097372,0.304747320061256,1,0.308176100628931,1,0.694992412746586,1,0.307098765432099,0.314728682170543,0.31306990881459,1,0.319018404907975,1,0.500749625187406,1,0.315870570107858,0.311649016641452,0.311178247734139,0.313084112149533,0.487730061349693,1,0.317293233082707,0.3109375,1,0.305471124620061,1,1,0.335889570552147,0.544629349470499,1,0.30757341576507,1,0.0445103857566766,1,0.305343511450382,0.677862595419847,0.329754601226994,0.924846625766871,0.441640378548896,0.111801242236025,0.104134762633997,1,1,0.321592649310873,1,0.315007429420505,1,0.792048929663609,1,0.316957210776545,1,1,1,1,0.324534161490683,1,0.313479623824451,0.265460030165913,1,0.305810397553517,1,0.298003072196621,0.0930599369085174,1,0.305900621118012,1,1,1,0.337920489296636,1,0.326625386996904,1,0.301204819277108,1,0.308056872037915,0.0809968847352025,1,0.644904458598726,1,1,0.308176100628931,1,1,1,1,0.316279069767442,0.303030303030303,1,1,0.308270676691729,0.290423861852433,1,0.458204334365325,0.671554252199413,0,0.305426356589147,0.683812405446294,1,0.31981981981982,1,1,1,0.317484662576687,0.312594840667678,0.320695102685624,1,1,1,0,1,0.301710730948678,0.972350230414747,0.314241486068111,0.3078125,0.755451713395639,1,1,1,1,1,0.0470219435736677,0.319314641744548,0.316692667706708,1,0.685240963855422,1,1,0.998452012383901,1,1,1,0.00460829493087558,0.334332833583208,1,0.306501547987616,1,0.295384615384615,1,1,1,1,1,0.31839258114374,1,0.504643962848297,0.3234375,0.316742081447964,0.3171875,0.315707620528771,0.31875,0.421383647798742,0.319148936170213,0.313455657492355,0.307926829268293,1,0.317901234567901,1,0.696374622356495,0.309923664122137,0.317293233082707,0.320987654320988,1,1,1,0.265940902021773,0.311450381679389,1,0.3125,0.326836581709145,0.306027820710974,0.312024353120244,0.690031152647975,1,0.318796992481203,0.311912225705329,1,0.301092043681747,1,0.306060606060606,0.31104199066874,1,1,1,0.539050535987749,1,0.691472868217054,0.0866965620328849,0.312307692307692,1,1,0.105740181268882,0.31306990881459,0.320695102685624,1,1,0.288315629742033,0.0262345679012346,0.00315955766192733,1,1,0.329866270430906,0.998449612403101,1,0.309559939301973,1,1,0.314900153609831,1,1,1,1,0.324159021406728,0.29940119760479,0.321711568938193,1,1,0.674311926605505,0.313455657492355,1,0.312781954887218,0.297380585516179,1,1,1,1,1,0.316770186335404,1,1,0.116903633491311,0.326807228915663,0.503095975232198,0.29984544049459,0.680981595092024,0.312121212121212,1,0.301857585139319,0.325545171339564,0.26179604261796,0.307110438729198,1,0.313813813813814,1,1,1,0.307332293291732,0.312781954887218,1,0.9216,0.0696594427244582,1,0.312594840667678,0.305900621118012,0.307692307692308,1,0.324812030075188,0.480916030534351,0.320121951219512,0.298299845440495,0.312698412698413,0.301829268292683,1,0.309707241910632,1,1,0,1,0.314241486068111,1,1,1,0.318529862174579,1,0.304897314375987,1,0.818181818181818,1,1,1,0.304012345679012,1,1,0.310872894333844,0.312597200622084,1,1,0.306153846153846,0.2,1,1,1,0,0.305863708399366,1,0.306153846153846,0.248085758039816,1,0.678899082568807,0.423831070889894,1,1,0.681614349775785,0.71097372488408,0.341500765696784,1,0.314152410575428,1,1,0.327718223583461,1,1,0.00927357032457496,0.315950920245399,1,1,0.317757009345794,1,1,0.301092043681747,0.351681957186544,1,1,1,0.530395136778115,0.305900621118012,0.336923076923077,0.311940298507463,0.320552147239264,0.697530864197531,0.316742081447964,0.323029366306028,0.308755760368664,0.25,0.312401883830455,1,0.315151515151515,1,0.304878048780488,0.0905044510385757,0.053030303030303,1,1,0.0424886191198786,1,0.692537313432836,0.0463678516228748,0.014018691588785,1,0.684615384615385,1,1,0.549689440993789,1,0,0.0796178343949045,1,1,1,0.321981424148607,0.657738095238095,0.688498402555911,0.993920972644377,1,0.98468606431853,0.298621745788668,0.344615384615385,1,0.303543913713405,1,0.36969696969697,0.113707165109034,0.30030487804878,0.30804248861912,0.324149108589951,1,0.0854572713643178,1,1,1,0.267584097859327,0.313971742543171,1,0.3109375,1,1,0.299694189602446,1,0.315946348733234,1,0.3046875,0.315132605304212,1,0.681470137825421,0.31858407079646,1,0.305379746835443,0.748475609756098,0.310030395136778,0.167673716012085,0.311178247734139,0.763440860215054,0.306853582554517,1,0.317147192716237,0.33134328358209,0.283742331288344,1,1,1,0.968553459119497,0.34991974317817,1,0.305246422893482,1,0.317460317460317,0.310344827586207,1,1,1,0.914596273291925,1,0.305007587253414,0.315467075038285,1,1,0.0518867924528302,0.0897832817337461,1,1,0.295238095238095,1,1,0.301538461538462,1,1,0.691833590138675,0.543939393939394,1,0,1,1,0.108231707317073,0.322137404580153,1,0.313178294573643,1,0.964615384615385,1,0.813636363636364,1,0.325396825396825,1,1,1,0,0.308186195826645,1,1,0.68160741885626,1,0.306153846153846,0.357575757575758,0.308641975308642,1,1,1,0.0984848484848485,0.311216429699842,0.0976377952755905,1,0.309923664122137,0.295107033639144,0.354545454545455,0,1,0.955927051671733,1,1,0.319875776397516,0.297297297297297,0.173708920187793,0.0416666666666667,0.311145510835913,0.306153846153846,0.319634703196347,0.0015552099533437,0.307219662058372,1,0,0.305135951661631,1,1,1,0.306766917293233,0.312874251497006,0.0383386581469649,1,0.306748466257669,0.295454545454545,1,1,0.315068493150685,0.7008,1,1,0.696594427244582,1,0.301492537313433,1,0.313846153846154,0.538575667655786,0.679699248120301,0.403641881638847,1,0.290468986384266,0.304747320061256,0.692889561270802,0.67218045112782,1,0.317147192716237,1,0.31784107946027,1,0.308166409861325,0.298600311041991,0.349157733537519,0.529680365296804,0.307448494453249,0.302362204724409,0.671361502347418,0.311649016641452,0.16,1,0,1,0.286158631415241,1,0,0.305295950155763,0.3109375,1,0.0609212481426449,1,0.0900621118012422,0.339009287925697,1,0.0689127105666156,0.674884437596302,1,1,1,0.310015898251192,0.0452488687782805,1,0.42967542503864,0.103937007874016,0.350299401197605,0.312024353120244,0.321266968325792,1,1,1,1,1,0.0700447093889717,0.995426829268293,0.690909090909091,0.00441826215022091,0.315467075038285,1,1,1,1,0.0918836140888208,0.3,1,1,1,1,1,1,0.503003003003003,0.00158478605388273,1,0.0902140672782875,0.310769230769231,0.443932411674347,1,0.384735202492212,0.302839116719243,0.296754250386399,1,0.0430769230769231,0.309923664122137,1,1,0.3625,0.30521472392638,0.309815950920245,0.320695102685624,1,0.319182389937107,0.311827956989247,0.418711656441718,0.311450381679389,0.97428139183056,0.307575757575758,0.0900473933649289,0.3202416918429,0,1,0.0974842767295598,0.302034428794992,0.308892355694228,0.313084112149533,1,1,1,1,1,1,0.331210191082803,1,0.307098765432099,0.311475409836066,0.60490045941807,0.681047765793529,1,1,0,0.30688622754491,0.130769230769231,1,0.0367534456355283,1,1,0.309859154929577,1,1,0.623622047244095,0.4181240063593,0.995626822157434,0.0859375,0.106918238993711,1,1,1,0.0941358024691358,0,0.308845577211394,0.418461538461538,0.314285714285714,0,0.318818040435459,0.0961240310077519,1,1,0.316964285714286,0.312024353120244,0.249221183800623,0.330708661417323,0.304477611940298,0.312404287901991,1,1,0.315541601255887,1,0,1,0.231007751937985,1,0.682370820668693,1,0.305555555555556,0.299050632911392,0.0775075987841945,0.682926829268293,1,1,0.797527047913447,0.906793048973144,0.315132605304212,0.308411214953271,1,0.308641975308642,0.260869565217391,0.309375,1,0.111111111111111,1,1,0.316998468606432,0.684867394695788,0.300155520995334,1,1,0.300613496932515,0.298921417565485,0.316816816816817,0.8625,0.310452418096724,1,0.0621212121212121,1,1,0.698340874811463,0.658267716535433,0.322834645669291,0.0598159509202454,0.32258064516129,1,1,0.293846153846154,0.32258064516129,0.622526636225266,1,0.301829268292683,0.372549019607843,0.304012345679012,0.981762917933131,0.484520123839009,0.00460122699386503,0.29618320610687,0.3202416918429,0.320433436532508,0.309033280507132,0.32185628742515,0.972602739726027,1,0.309923664122137,0.555031446540881,0.686728395061728,0.242658423493045,0.69377990430622,1,0.319571865443425,0.00309597523219814,0.318952234206472,0.312594840667678,0.364760432766615,0.312989045383412,0,0.332307692307692,0.309748427672956,0.316692667706708,0.309707241910632
"444",0.0467741935483871,0.0393081761006289,0.031055900621118,0.0396825396825397,0.037914691943128,0.0423861852433281,0.336,0.0406885758998435,0.0417956656346749,0.9472,0.0358814352574103,1,0.137440758293839,0.0376766091051805,0.651419558359621,0.650695517774343,0.978461538461538,0.363344051446945,0.0393081761006289,0.0372093023255814,0.658878504672897,0.641955835962145,0.0402476780185759,0.890092879256966,0.0425531914893617,0.635071090047393,0.643548387096774,0.0420032310177706,0.0459418070444104,0.169572107765452,0.656298600311042,0.225505443234837,0.0295031055900621,0.644094488188976,0.966719492868463,0.042483660130719,0.500772797527048,0.0396946564885496,0.65210843373494,0.0398773006134969,0.381619937694704,0.36055469953775,0.358778625954198,0.0421875,0.0444444444444444,0.641148325358852,0.658878504672897,0.655384615384615,0.642638036809816,0.634408602150538,0.96594427244582,0.0382165605095541,0.651090342679128,0.0436817472698908,0.0415384615384615,0.463722397476341,0.485086342229199,0.040625,0.0397553516819572,0.043613707165109,0.625386996904025,0.641955835962145,0.644200626959248,0.36817472698908,0.0443037974683544,0.0451010886469673,0.998402555910543,0.0393700787401575,0.983154670750383,0.642967542503864,0.0369230769230769,0.641744548286604,0.628617363344051,0.078740157480315,0.528593508500773,0.0382848392036753,0.649923896499239,0.622699386503067,0.043010752688172,0.637987012987013,0.952768729641694,0.630094043887147,0.628164556962025,0.0358814352574103,0.624610591900312,0.0374812593703148,0.0425196850393701,0.0421875,0.0356589147286822,0.353488372093023,0.0412044374009509,0.0344827586206897,0.96411856474259,0.946153846153846,0.0290322580645161,0.998466257668712,0.966463414634146,0.0413476263399694,0.4768,0.3625,0.0375,0.984350547730829,0.658841940532081,0.0400641025641026,0.642969984202212,0.0365079365079365,0.35423197492163,0.0423197492163009,0.641509433962264,0.644859813084112,0.643962848297214,0.043010752688172,0.634674922600619,0.0374414976599064,0.546282245827011,0.0407239819004525,0.638629283489097,0.757341576506955,0.638426626323752,0.641390205371248,0.56055900621118,0.043010752688172,0.645801526717557,0.64251968503937,0.0307692307692308,0.654907975460123,0.0375375375375375,0.0414110429447853,0.724727838258165,0.503852080123267,0.0382165605095541,0.6484375,0.0396196513470681,1,0.0352,0.638719512195122,0.362095531587057,0.625194401244168,0.020440251572327,0.609677419354839,0.950871632329635,0.95,0.0424528301886792,0.0384,0.6234375,0.0359937402190923,0.636363636363636,0.0392464678178964,0.13677811550152,0.0422960725075529,0.640699523052464,0.0385208012326656,0.0438871473354232,0.0381558028616852,0.0378548895899054,0.633333333333333,0.0435458786936236,0.636507936507936,0.803379416282642,0.04,0.648690292758089,0.0427480916030534,0.658950617283951,0.958860759493671,0.0344287949921753,0.640575079872205,0.0435458786936236,0.0397553516819572,0.0425867507886435,0.62037037037037,0.0376175548589342,0.632329635499208,0.0407523510971787,0.646322378716745,0.0418679549114332,0.640822784810127,0.97045101088647,0.0417956656346749,0.402576489533011,0.0440251572327044,0.0388802488335925,0.642405063291139,0.0316455696202532,0.0326594090202177,0.0324574961360124,0.0362776025236593,0.640378548895899,0.657364341085271,0.0414673046251994,0.034375,0.641104294478528,0.659235668789809,0.0385208012326656,0.590417310664606,0.373692077727952,0.959375,0.639876352395672,0.375572519083969,0.0326086956521739,0.633540372670807,0.0414673046251994,0.0396341463414634,0.0395738203957382,0.649612403100775,0.647779479326187,0.634340222575517,0.039453717754173,0.0363924050632911,0.0351681957186544,0.966929133858268,0.0377358490566038,0.646592709984152,0.013953488372093,0.641838351822504,0.6453125,0.295665634674923,0.0375586854460094,0.0449612403100775,0.0357142857142857,0.0407523510971787,0.0351437699680511,1,0.633228840125392,0.635514018691589,0.0416024653312789,0.364197530864198,0.0413476263399694,0.0466867469879518,0.0380952380952381,0.037037037037037,0.0379746835443038,0.0414746543778802,0.9578125,0.740625,0.0376175548589342,0.647335423197492,0.0368,0.646604938271605,0.0356589147286822,0.0373831775700935,0.0342679127725857,0.0398724082934609,0.0429936305732484,0.632148377125193,0.0417310664605873,0.442724458204334,0.631083202511774,0.631007751937985,0.645007923930269,0.63751987281399,0.636932707355243,0.631578947368421,0.622670807453416,0.638461538461538,0.640746500777605,0.0424886191198786,0.637083993660856,0.0324149108589951,0.352760736196319,0.638330757341577,0.746932515337423,0.633228840125392,0.0388198757763975,0.0317965023847377,0.0408163265306122,0.799684542586751,0.654798761609907,0.0385208012326656,0.634796238244514,0.631498470948012,0.647887323943662,0.635802469135803,0.357366771159875,0.0405616224648986,0.639016897081413,0.641148325358852,0.0408163265306122,0.660743134087238,0.0434108527131783,0.645161290322581,0.650621118012422,0.0407523510971787,0.0418006430868167,0.0422535211267606,0.514774494556765,0.0408163265306122,0.358814352574103,0.962349397590361,0.635514018691589,0.0376766091051805,0.037914691943128,0.953632148377125,0.642414860681115,0.625592417061611,0.0307941653160454,0.0375586854460094,0.647239263803681,0.9890625,0.959871589085072,0.0423861852433281,0.0401284109149278,0.618181818181818,0.0395569620253165,0.0425531914893617,0.655763239875389,0.0390625,0.0436817472698908,0.637209302325581,0.0414012738853503,0.0438871473354232,0.0436817472698908,0.0403726708074534,0.627329192546584,0.65210843373494,0.63768115942029,0.0441640378548896,0.0461783439490446,0.375776397515528,0.636363636363636,0.0422535211267606,0.645209580838323,0.659409020217729,0.0367534456355283,0.036697247706422,0.0372670807453416,0.0389408099688473,0.0368098159509202,0.631578947368421,0.0445151033386327,0.0445468509984639,0.940514469453376,0.628659476117103,0.555900621118012,0.653481012658228,0.364341085271318,0.64031007751938,0.0333333333333333,0.644200626959248,0.632398753894081,0.799377916018662,0.650842266462481,0.0362204724409449,0.63963963963964,0.04375,0.040625,0.0398773006134969,0.6453125,0.645259938837921,0.0325077399380805,0.0318979266347687,0.984,0.0412698412698413,0.645608628659476,0.645669291338583,0.655007949125596,0.0289389067524116,0.626524390243902,0.569422776911076,0.625592417061611,0.646417445482866,0.645569620253165,0.658307210031348,0.036697247706422,0.629807692307692,0.0357723577235772,0.0361635220125786,0.964230171073095,0.0448,0.631415241057543,0.0403726708074534,0.0391566265060241,0.035031847133758,0.630265210608424,0.0368663594470046,0.648264984227129,0.0444104134762634,0.119565217391304,0.0451713395638629,0.0444444444444444,0.0388198757763975,0.637614678899083,0.0365079365079365,0.0362776025236593,0.650393700787402,0.637658227848101,0.0351145038167939,0.0370942812982998,0.643642072213501,0.866564417177914,0.0384,0.0338983050847458,0.04,0.964006259780908,0.645161290322581,0.0385232744783307,0.649068322981366,0.8046875,0.035548686244204,0.359253499222395,0.526881720430108,0.0394944707740916,0.0401854714064915,0.365817091454273,0.337519623233909,0.609984399375975,0.0356589147286822,0.635646687697161,0.0394944707740916,0.0398724082934609,0.635384615384615,0.0373831775700935,0.0391849529780564,0.97007874015748,0.63265306122449,0.0438184663536776,0.0375586854460094,0.638668779714738,0.0398162327718224,0.0398089171974522,0.6513470681458,0.723241590214067,0.0398089171974522,0.0405616224648986,0.0344287949921753,0.425,0.646875,0.656101426307448,0.638930163447251,0.64031007751938,0.352112676056338,0.629800307219662,0.6265625,0.649769585253456,0.817757009345794,0.639370078740157,0.0419254658385093,0.637480798771121,0.0427215189873418,0.643962848297214,0.960725075528701,0.993836671802773,0.043010752688172,0.0424886191198786,1,0.0305958132045089,0.350769230769231,1,0.971698113207547,0.0373250388802488,0.360123647604328,0.0410742496050553,0.043343653250774,0.513385826771654,0.0392464678178964,0.960998439937597,0.968102073365231,0.0396825396825397,0.0401234567901235,0.0401854714064915,0.642969984202212,0.390461997019374,0.340836012861736,0.0541795665634675,0.0325077399380805,0.0202492211838006,0.654205607476635,0.709779179810726,0.043613707165109,0.658767772511848,0.0342679127725857,0.587155963302752,0.946688206785137,0.656394453004623,0.636225266362253,0.623355263157895,0.0403726708074534,0.963302752293578,0.047040971168437,0.0405186385737439,0.0422535211267606,0.799387442572741,0.635792778649921,0.0461049284578696,0.643642072213501,0.0372168284789644,0.0403225806451613,0.641421947449768,0.0369774919614148,0.638805970149254,0.0396825396825397,0.655763239875389,0.638801261829653,0.036979969183359,0.362041467304625,0.645896656534954,0.0371517027863777,0.645264847512038,0.187017001545595,0.643730886850153,0.890282131661442,0.640483383685801,0.186915887850467,0.644444444444444,0.0466988727858293,0.63482280431433,0.62095531587057,0.664615384615385,0.0423861852433281,0.03486529318542,0.036697247706422,0.00967741935483871,0.710310965630115,0.0389408099688473,0.631160572337043,0.0391236306729265,0.643548387096774,0.637614678899083,0.0405616224648986,0.0396196513470681,0.0353302611367127,0.037914691943128,0.038109756097561,0.645801526717557,0.635093167701863,0.0340030911901082,0.0345911949685535,0.990668740279938,0.958990536277603,0.0416024653312789,0.0446570972886762,0.648089171974522,0.0464396284829721,0.0427480916030534,0.653481012658228,0.0436187399030695,0.0417956656346749,0.354838709677419,0.512898330804249,0.0311526479750779,0.965309200603318,0.040625,0.0432098765432099,0.952380952380952,0.625391849529781,0.0356589147286822,0.633228840125392,0.0375,0.00940438871473354,0.0404354587869362,0.123853211009174,0.0390625,0.629032258064516,0.0365296803652968,0.0315457413249211,0.0352564102564103,0.96,0.649350649350649,0.0306451612903226,0.0446153846153846,0.368992248062016,0.0434108527131783,0.6375,0.600931677018634,0.634493670886076,0.0388198757763975,0.0401854714064915,0.0410094637223975,0.950769230769231,0.635350318471338,0.959150326797386,0.0328125,0.645896656534954,0.655332302936631,0.606060606060606,0.96583850931677,0.0347003154574132,0.0031055900621118,0.040625,0.04,0.629337539432177,0.655913978494624,0.8859375,1,0.64576802507837,0.648902821316614,0.622291021671827,0.966346153846154,0.643410852713178,0.0364741641337386,0.957746478873239,0.636641221374046,0.0442073170731707,0.0443740095087163,0.0389408099688473,0.63719512195122,0.639016897081413,1,0.0357142857142857,0.646781789638933,0.654434250764526,0.0388802488335925,0.0470957613814757,0.643192488262911,0.346839546191248,0.0379746835443038,0.0427215189873418,0.336507936507937,0.0414110429447853,0.647951441578149,0.0366826156299841,0.642633228840125,0.510046367851623,0.374617737003058,0.637462235649547,0.0368098159509202,0.661538461538462,0.64,0.355182926829268,0.369397217928903,0.0358255451713396,0.640122511485452,0.0352564102564103,0.644171779141104,0.0365659777424483,0.637931034482759,0.648089171974522,0.60625,0.527950310559006,0.647249190938511,0.644338118022329,0.375196232339089,0.636923076923077,0.903436988543372,0.0296411856474259,0.96048632218845,0.0429447852760736,0.659305993690852,0.0401854714064915,0.965996908809892,0.637931034482759,0.64873417721519,0.0421875,0.988165680473373,0.0417956656346749,0.957142857142857,0.627358490566038,0.0394321766561514,0.980152671755725,0.381538461538462,0.0377358490566038,0.0432098765432099,0.0372670807453416,0.648953301127214,1,0.0415384615384615,0.5265625,0.9484375,0.603030303030303,0.628705148205928,0.635528330781011,0.0372670807453416,0.023961661341853,0.0448,0.0391236306729265,0.0366412213740458,0.98030303030303,0.045662100456621,0.356481481481481,0.959881129271917,0.629057187017002,0.0436817472698908,0.0396825396825397,0.0327332242225859,0.0369230769230769,0.960629921259842,0.636785162287481,0.0337941628264209,0.0379746835443038,0.0358306188925081,0.0375586854460094,0.0414110429447853,0.0425867507886435,0.552193645990923,0.971428571428571,0.0361067503924647,0.963076923076923,0.646058732612056,0.613104524180967,0.0390625,0.573692551505547,0.65415986949429,0.652582159624413,0.0417956656346749,1,0.64451313755796,0.0320121951219512,0.0420560747663551,0.58740157480315,0.641975308641975,0.660964230171073,0.643769968051118,0.0308641975308642,0.633228840125392,0.634259259259259,0.615141955835962,0.648351648351648,0.00458015267175573,0.652439024390244,0.964227642276423,0.644094488188976,0.965732087227414,0.0421875,0.958266452648475,0.653543307086614,0.6296875,0.646781789638933,0.0325077399380805,0.0377358490566038,0.037037037037037,0.0422535211267606,0.037037037037037,0.0421875,0.632165605095541,0.0375586854460094,0.640625,0.645590682196339,0.445468509984639,0.363494539781591,0.0385802469135802,0.0417956656346749,0.963076923076923,0.642748091603053,0.929577464788732,0.0349544072948328,1,0.0357698289269051,0.0365659777424483,0.642633228840125,0.0424528301886792,0.0422764227642276,0.420634920634921,0.619582664526485,0.0478325859491779,0.958466453674121,0.947867298578199,0.0385208012326656,0.0363924050632911,0.0375586854460094,0.956318252730109,0.964341085271318,0.640552995391705,0.538819875776398,0.642748091603053,0.95738203957382,0.630503144654088,0.962085308056872,0.0419254658385093,0.0429252782193959,0.640909090909091,0.632148377125193,0.81591263650546,0.626771653543307,0.642857142857143,0.641065830721003,0.0394944707740916,0.0326594090202177,0.635220125786163,0.04,0.965625,0.0359937402190923,0.834890965732087,0.0425196850393701,0.364906832298137,0.0404984423676012,0.6484375,0.654340836012862,0.967692307692308,0.371517027863777,0.0377358490566038,0.0391236306729265,0.2515625,0.141233766233766,0.642405063291139,0.649762282091918,0.0385208012326656,0.63166144200627,0.794992175273865,0.642633228840125,0.0437405731523379,0.950310559006211,0.0400616332819723,0.0391849529780564,0.641838351822504,0.371794871794872,0.648953301127214,0.0356564019448947,0.0347003154574132,0.650381679389313,0.657232704402516,0.636225266362253,0.195859872611465,0.647244094488189,0.0411392405063291,0.986153846153846,0.04375,0.0365079365079365,0.344186046511628,0.400625978090767,0.637096774193548,0.987460815047022,0.633757961783439,0.0342679127725857,0.0362776025236593,0.655712050078247,0.633281972265023,0.410493827160494,0.0357698289269051,0.655913978494624,0.673913043478261,0.648690292758089,0.0631741140215717,0.569182389937107,0.969135802469136,0.652241112828439,0.632621951219512,0.63768115942029,0.648177496038035,0.640243902439024,0.0656488549618321,0.0438871473354232,0.646058732612056,0.488,0.356807511737089,0.820433436532508,0.357487922705314,0.028391167192429,0.635802469135803,0.957878315132605,0.631741140215716,0.647149460708783,0.68140243902439,0.632075471698113,0.965204236006051,0.625776397515528,0.645669291338583,0.635499207606973,0.643533123028391
"445",1,1,1,1,1,1,0.705211726384365,1,1,0.0918196994991653,1,0.0355411954765751,0.821311475409836,1,0.310064935064935,0.309409888357257,0.0579710144927536,0.689597315436242,1,1,0.28,0.315619967793881,1,0.152139461172742,1,0.3184,0.315960912052117,1,1,0.792880258899676,0.313099041533546,0.734726688102894,0.964856230031949,0.317307692307692,0,1,0.552884615384615,1,0.299382716049383,1,0.659090909090909,0.681318681318681,0.693650793650794,1,1,0.313014827018122,0.313099041533546,0.302547770700637,0.314606741573034,0.322734499205087,0,1,0.310015898251192,1,1,0.498381877022654,0.567699836867863,1,1,1,0.324324324324324,0.308943089430894,0.317230273752013,0.684887459807074,1,1,0.028892455858748,1,0.0493827160493827,0.311216429699842,1,0.314102564102564,0.322475570032573,0.967213114754098,0.514285714285714,1,0.306349206349206,0.330143540669856,1,0.313758389261745,0.0799319727891157,0.323671497584541,0.32569558101473,1,0.3344,1,1,1,1,0.69620253164557,1,1,0.00160513643659711,0.0972886762360447,1,0.0403100775193798,0,1,0.574918566775244,0.677993527508091,1,0.0466237942122186,0.315705128205128,1,0.312703583061889,1,0.685303514376997,1,0.308064516129032,0.317460317460317,0.3216,1,0.318327974276527,1,0.505511811023622,1,0.311004784688995,0.3,0.3234375,0.31139646869984,0.49445324881141,1,0.314375987361769,0.315789473684211,1,0.304140127388535,1,1,0.328050713153724,0.550702028081123,1,0.302066772655008,1,0.0337423312883436,1,0.317535545023697,0.677725118483412,0.330128205128205,0.942122186495177,0.421666666666667,0.0965630114566285,0.0885668276972625,1,1,0.332268370607029,1,0.311827956989247,1,0.81629392971246,1,0.323920265780731,1,1,1,1,0.330658105939005,1,0.322950819672131,0.251215559157212,1,0.315625,1,0.302439024390244,0.0829268292682927,1,0.311367380560132,1,1,1,0.337025316455696,1,0.323577235772358,1,0.3056,1,0.307443365695793,0.0662358642972536,1,0.643697478991597,1,1,0.304276315789474,1,1,1,1,0.315619967793881,0.310725552050473,1,1,0.317535545023697,0.309210526315789,1,0.461049284578696,0.671802773497689,0,0.316639741518578,0.665589660743134,1,0.3203125,1,1,1,0.316535433070866,0.315955766192733,0.321724709784411,1,1,1,0,1,0.297385620915033,0.9776,0.319870759289176,0.310789049919485,0.7616,1,1,1,1,1,0.0353697749196141,0.315533980582524,0.326923076923077,1,0.685805422647528,1,1,0.998392282958199,1,1,1,0.00317965023847377,0.320754716981132,1,0.305194805194805,1,0.298887122416534,1,1,1,1,1,0.32258064516129,1,0.497592295345104,0.319422150882825,0.322222222222222,0.308196721311475,0.318471337579618,0.328947368421053,0.412724306688418,0.329073482428115,0.310236220472441,0.312903225806452,1,0.318979266347687,1,0.688888888888889,0.314009661835749,0.315457413249211,0.326923076923077,1,1,1,0.25974025974026,0.3072,1,0.315359477124183,0.325545171339564,0.311605723370429,0.323151125401929,0.681089743589744,1,0.315541601255887,0.315789473684211,1,0.296596434359805,1,0.309262166405024,0.311811023622047,1,1,1,0.551219512195122,1,0.690322580645161,0.0806201550387597,0.313195548489666,1,1,0.0901898734177215,0.315372424722662,0.318181818181818,1,1,0.309748427672956,0.0209003215434084,0.00164744645799012,1,1,0.32967032967033,0.998387096774194,1,0.304278922345483,1,1,0.3168,1,1,1,1,0.325281803542673,0.308527131782946,0.3278955954323,1,1,0.680952380952381,0.319672131147541,1,0.321766561514196,0.297906602254428,1,1,1,1,1,0.326366559485531,1,1,0.104065040650407,0.332273449920509,0.48538961038961,0.303225806451613,0.667736757624398,0.314516129032258,1,0.308562197092084,0.329093799682035,0.26148969889065,0.315112540192926,1,0.316923076923077,1,1,1,0.308072487644152,0.318979266347687,1,0.930116472545757,0.0533980582524272,1,0.315619967793881,0.319286871961102,0.309210526315789,1,0.325949367088608,0.478740157480315,0.326984126984127,0.312101910828025,0.309090909090909,0.303514376996805,1,0.326829268292683,1,1,0,1,0.32183908045977,1,1,1,0.322784810126582,1,0.305057096247961,1,0.845295055821372,1,1,1,0.314194577352472,1,1,0.309178743961353,0.31378763866878,1,1,0.313694267515924,0.181240063593005,1,1,1,0,0.308196721311475,1,0.309791332263242,0.241545893719807,1,0.679304897314376,0.428571428571429,1,1,0.678571428571429,0.702093397745572,0.345779220779221,1,0.320063694267516,1,1,0.337641357027464,1,1,0.00638977635782748,0.325806451612903,1,1,0.313114754098361,1,1,0.311582381729201,0.342857142857143,1,1,1,0.535369774919614,0.304975922953451,0.331738437001595,0.318818040435459,0.334394904458599,0.693181818181818,0.323809523809524,0.323101777059774,0.307210031347962,0.242671009771987,0.308702791461412,1,0.323943661971831,1,0.309178743961353,0.07981220657277,0.0458860759493671,1,1,0.0305958132045089,1,0.688291139240506,0.0382775119617225,0.00961538461538462,1,0.680577849117175,1,1,0.551155115511551,1,0,0.0700325732899023,1,1,1,0.323101777059774,0.648773006134969,0.693467336683417,0.993680884676145,1,0.987261146496815,0.303715670436187,0.349840255591054,1,0.303921568627451,1,0.356564019448947,0.104065040650407,0.300157977883096,0.322378716744914,0.335559265442404,1,0.0694006309148265,1,1,1,0.269537480063796,0.314907872696817,1,0.317817014446228,1,1,0.299363057324841,1,0.323029366306028,1,0.308319738988581,0.330618892508143,1,0.67524115755627,0.314152410575428,1,0.305863708399366,0.783783783783784,0.315625,0.152,0.318952234206472,0.7808,0.302439024390244,1,0.324281150159744,0.335453100158982,0.290679304897314,1,1,1,0.976666666666667,0.35016835016835,1,0.318327974276527,1,0.315702479338843,0.320872274143302,1,1,1,0.923566878980892,1,0.301242236024845,0.31629392971246,1,1,0.0413907284768212,0.0746753246753247,1,1,0.305555555555556,1,1,0.311183144246353,1,1,0.676751592356688,0.545886075949367,1,0,1,1,0.0877742946708464,0.324675324675325,1,0.3232,1,0.966292134831461,1,0.838304552590267,1,0.32520325203252,1,1,1,0,0.312811980033278,1,1,0.675806451612903,1,0.312,0.35748031496063,0.321486268174475,1,1,1,0.0884676145339652,0.3125,0.0819672131147541,1,0.309409888357257,0.304761904761905,0.3486529318542,0,1,0.961722488038278,1,1,0.317434210526316,0.30379746835443,0.157467532467532,0.0307443365695793,0.316129032258064,0.316045380875203,0.320813771517997,0.0016260162601626,0.318471337579618,1,0,0.314873417721519,1,1,1,0.312893081761006,0.316279069767442,0.0296540362438221,1,0.318770226537217,0.307570977917981,1,1,0.320063694267516,0.695507487520799,1,1,0.691056910569106,1,0.308892355694228,1,0.313311688311688,0.540498442367601,0.673469387755102,0.3950233281493,1,0.301710730948678,0.3088,0.683870967741935,0.667197452229299,1,0.312698412698413,1,0.324492979719189,1,0.317307692307692,0.311475409836066,0.347266881028939,0.527070063694268,0.31063122923588,0.305732484076433,0.666666666666667,0.322274881516588,0.142148760330579,1,0,1,0.30048465266559,1,0,0.317230273752013,0.311475409836066,1,0.0486656200941915,1,0.0827922077922078,0.334959349593496,1,0.057784911717496,0.681020733652313,1,1,1,0.313628899835796,0.0328638497652582,1,0.42332268370607,0.0886699507389163,0.352848101265823,0.320695102685624,0.315047021943574,1,1,1,1,1,0.0581761006289308,0.998442367601246,0.685126582278481,0.00308166409861325,0.318979266347687,1,1,1,1,0.0786163522012579,0.315047021943574,1,1,1,1,1,1,0.495327102803738,0.0016366612111293,1,0.0766773162939297,0.317384370015949,0.443910256410256,1,0.393841166936791,0.311447811447811,0.312101910828025,1,0.0328125,0.321656050955414,1,1,0.374392220421394,0.317610062893082,0.305732484076433,0.316225165562914,1,0.325082508250825,0.312202852614897,0.410339256865913,0.315112540192926,0.9776,0.310291858678955,0.076797385620915,0.320634920634921,0,1,0.0812101910828025,0.304700162074554,0.315960912052117,0.318840579710145,1,1,1,1,1,1,0.326797385620915,1,0.314696485623003,0.318104906937394,0.6064,0.685575364667747,1,1,0,0.315707620528771,0.114779874213836,1,0.0238095238095238,1,1,0.314332247557003,1,1,0.627868852459016,0.411371237458194,0.996946564885496,0.0785597381342062,0.0886699507389163,1,1,1,0.0815660685154976,0,0.313195548489666,0.422077922077922,0.30952380952381,0,0.324193548387097,0.0809917355371901,1,1,0.315132605304212,0.310789049919485,0.24390243902439,0.339256865912762,0.310289389067524,0.320063694267516,1,1,0.323151125401929,1,0,1,0.219155844155844,1,0.677316293929712,1,0.309791332263242,0.300335570469799,0.0717628705148206,0.669291338582677,1,1,0.78343949044586,0.900813008130081,0.315359477124183,0.311688311688312,1,0.317891373801917,0.253611556982344,0.321252059308072,1,0.0920840064620355,1,1,0.3168,0.671641791044776,0.304777594728171,1,1,0.310344827586207,0.307568438003221,0.3171875,0.872549019607843,0.315270935960591,1,0.0471698113207547,1,1,0.699212598425197,0.657004830917874,0.319672131147541,0.0451612903225806,0.323671497584541,1,1,0.302931596091205,0.328525641025641,0.63751987281399,1,0.304416403785489,0.359055118110236,0.314375987361769,0.982839313572543,0.487844408427877,0.00317460317460317,0.298412698412698,0.324574961360124,0.32626427406199,0.313856427378965,0.315132605304212,0.968354430379747,1,0.313880126182965,0.559800664451827,0.688417618270799,0.237012987012987,0.691919191919192,1,0.319935691318328,0.00162074554294976,0.325914149443561,0.303225806451613,0.354788069073783,0.319805194805195,0,0.330670926517572,0.315875613747954,0.32013201320132,0.311320754716981
"446",0.709984152139461,0.690402476780186,0.691603053435115,0.681458003169572,0.688271604938272,0.701399688958009,0.992063492063492,0.6890625,0.689814814814815,0.426751592356688,0.687975646879756,0.358547655068079,0.483516483516484,0.683720930232558,0,0,0.376876876876877,1,0.675840978593272,0.699074074074074,0,0,0.680786686838124,0.487256371814093,0.689863842662632,0,0,0.667194928684628,0.69195751138088,0.476635514018692,0,0.413476263399694,0.642089093701997,0.00460122699386503,0.329754601226994,0.688,0.858662613981763,0.675344563552833,0,0.69431643625192,0.996918335901387,1,1,0.68075117370892,0.68125,0,0.0062111801242236,0,0,0,0.300455235204856,0.677215189873418,0,0.678300455235205,0.685800604229607,0.182242990654206,0.870917573872473,0.68798751950078,0.684451219512195,0.677519379844961,0.00606060606060606,0,0,0.993798449612403,0.695374800637959,0.685015290519878,0.339035769828927,0.68160741885626,0.382753403933434,0,0.685157421289355,0,0,0.72626582278481,0.842185128983308,0.683658170914543,0,0.00597907324364723,0.682634730538922,0,0.393312101910828,0,0,0.681203007518797,0,0.683357879234168,0.688854489164087,0.685496183206107,0.68558282208589,1,0.687888198757764,0.675716440422323,0.30757341576507,0.40273556231003,0.684126984126984,0.352592592592593,0.312883435582822,0.694063926940639,0.872037914691943,1,0.696734059097978,0.377329192546584,0,0.688888888888889,0,0.689547581903276,1,0.673879443585781,0,0,0,0.69431643625192,0.00459418070444104,0.678461538461538,0.794294294294294,0.697466467958271,0,0.628787878787879,0,0,0.792307692307692,0.693374422187982,0,0,0.667669172932331,0,0.68451519536903,0.691394658753709,0.642638036809816,0.245801526717557,0.688575899843505,0,0.68167701863354,0.358208955223881,0.673501577287066,0,0.998487140695915,0,0.627145085803432,0.108974358974359,0.417818740399386,0.400611620795107,0.687595712098009,0.690737833594976,0,0.683890577507599,0,0.695121951219512,0.497730711043873,0.677130044843049,0,0.696734059097978,0.691358024691358,0.678571428571429,0.677469135802469,0,0.69922480620155,0,0.577160493827161,0.679817905918058,0,0.683257918552036,0,0.40282131661442,0.681318681318681,0,0.686635944700461,0.693233082706767,0.677067082683307,0.00906344410876133,0.67601246105919,0,0.683307332293292,0,0.686119873817035,0,0.403963414634146,0.703245749613601,0.972843450479233,0.704866562009419,0.685975609756098,0,0.694528875379939,0.687789799072643,0.684451219512195,0.675968992248062,0,0,0.682034976152623,0.678516228748068,0,0,0.682779456193353,0.764079147640791,0.983606557377049,0.314241486068111,0,0.996927803379416,0.691265060240964,0,0.682316118935837,0.693693693693694,0.686064318529862,0.00305810397553517,0,0,0.679049034175334,0.690363349131122,0.695324283559578,0.315217391304348,0.702194357366771,0,0.666158536585366,0,0,0.561430793157076,0.67737003058104,0.681470137825421,0.681887366818874,0.705972434915773,0.687402799377916,0.348765432098765,0,0,0.688721804511278,0.995481927710843,0.675716440422323,0.68609865470852,0.685099846390169,0.691603053435115,0.711388455538221,0.691044776119403,0.312217194570136,0.645645645645646,0.694992412746586,0,0.680685358255452,0,0.695067264573991,0.699537750385208,0.684698608964451,0.674382716049383,0.694006309148265,0,0.675344563552833,0.200310559006211,0,0,0.00312989045383412,0,0,0.102523659305994,0,0,0,0.68693009118541,0,0.680064308681672,1,0,0.619190404797601,0,0.683385579937304,0.681957186544342,0.688751926040062,0.583463338533541,0,0.680428134556575,0,0,0,0,1,0.690402476780186,0,0,0.685015290519878,0,0.684049079754601,0,0,0.684782608695652,0.68062015503876,0.704268292682927,0.845565749235474,0.673913043478261,1,0.399109792284866,0,0.688922610015175,0.6796875,0.413476263399694,0,0,0.687797147385103,0.670807453416149,0,0.336874051593323,0.3,0.703125,0.685897435897436,0.00749625187406297,0.672360248447205,0.706325301204819,0,0.693129770992366,0.694736842105263,0,0.698289269051322,0.687116564417178,0.691603053435115,0.687595712098009,0,0,0,0.689814814814815,0.67741935483871,0.992412746585736,0.00772797527047913,0.67906976744186,0,0,0.689024390243902,0.677224736048265,0.701674277016743,0.679817905918058,0.684532924961715,0,0.698757763975155,0.695987654320988,0.423861852433281,0,0.162576687116564,0,1,0,0.685240963855422,0,0,0.587349397590361,0.00151975683890578,0.683544303797468,0,0.691950464396285,0.695652173913043,0.69311377245509,0,0,0.683333333333333,0.594976452119309,0.384615384615385,0.700475435816165,0,0,0,0.685446009389671,0,0.795384615384615,0,0,0,0,0.682926829268293,0,0.684380032206119,0.671339563862928,0.314329738058552,0.695178849144635,0,0.679389312977099,0.686186186186186,0.689873417721519,0,0.697885196374622,0,0.686838124054463,0.518461538461538,0.679331306990882,0.683881064162754,0.690292758089368,0,0.686427457098284,0.69811320754717,0,0,0.68348623853211,0.69431643625192,0,0.515695067264574,0.695447409733124,0.679331306990882,0.680851063829787,0.312404287901991,0,0.713607594936709,0,0.585669781931464,0.698142414860681,1,0.12012012012012,0.687888198757764,0.686520376175549,1,0.972179289026275,0.0154559505409583,0.694704049844237,0,0.688575899843505,0.690251572327044,0,0.68140243902439,0.695252679938744,0.327160493827161,0,0.683385579937304,0.679127725856698,0,0.692660550458716,0.696062992125984,0,0.660091047040971,0.686915887850467,0.686544342507645,0.674311926605505,0.204236006051437,0,0.0170807453416149,0,0,0.998459167950693,0,0.00773993808049536,0,0.574500768049155,0.0031201248049922,0.694402420574887,0.00603318250377074,0.682737169517885,0.00460122699386503,0.391044776119403,0.361573373676248,0.68215892053973,0.692537313432836,0.350769230769231,0.688291139240506,1,0.370542635658915,0.318681318681319,0.682634730538922,0.998456790123457,0.697063369397218,0.696509863429439,0.230046948356808,0.686153846153846,0.309451219512195,0.399053627760252,0.690880989180835,0.68429003021148,0.707055214723926,0,0.976608187134503,1,0.686838124054463,0.679626749611198,0.672811059907834,0,0.658461538461538,0.690184049079755,0,0.695522388059701,0.0599078341013825,0.420062695924765,0,0,0.00809061488673139,0.684370257966616,0.384155455904335,0.681681681681682,0.689381933438986,0.693129770992366,0.587786259541985,0,0.69478527607362,0,0.688372093023256,0.686708860759494,0,0.684210526315789,0,0.68062015503876,0,0,0.686746987951807,1,0,0.678955453149002,0,0.428129829984544,0,0.485671191553544,0,0.441538461538462,0,0.687106918238994,0,0,0,0.687595712098009,0.677519379844961,0.68955223880597,0.650793650793651,0.665605095541401,0.702743902439024,0,0.68266253869969,0,0,0.673282442748092,0.677621283255086,0.686274509803922,0.618604651162791,0.681268882175227,0,0,0.675968992248062,0.6875,0.371517027863777,0.397174254317111,0.690402476780186,0.686708860759494,0,0.689708141321045,0.687964338781575,0.0062015503875969,0.694488188976378,0.685496183206107,1,0.858220211161388,0.690076335877863,0.317577548005908,0.685847589424572,0.680428134556575,0.398496240601504,0.00153609831029186,0.69170579029734,0,0.6953125,0.662538699690402,0.698142414860681,0.524539877300613,0.692667706708268,0,0.685099846390169,0.682242990654206,0.678740157480315,0.304932735426009,0,0.672413793103448,0.678247734138973,1,0.670196671709531,0.00153374233128834,0.0414110429447853,0,0.680365296803653,0.680916030534351,0.683229813664596,0.407239819004525,0,0.404388714733542,0.667697063369397,0,0,0.0349544072948328,0.317411402157165,0.679447852760736,0.639939485627837,0.690769230769231,0.682926829268293,0,0,0.493808049535604,0.368584758942457,0,0,0.00151975683890578,0.300314465408805,0,0.686011904761905,0.313664596273292,0,0.683641975308642,0.68798751950078,0.687306501547988,0.0030441400304414,0,0.348171701112878,0.690909090909091,0,0,0.685496183206107,0.696594427244582,0.00153139356814701,1,0.688575899843505,0.694915254237288,0.993827160493827,0.689088191330344,0,0.691222570532915,0,0.858220211161388,1,0.0932330827067669,0.680981595092024,0,0,1,0.998491704374057,0.671253822629969,0,0.69701726844584,0.00301204819277108,0.7015625,0,0.00156985871271586,0.0328638497652582,0.237730061349693,0,0,0.995327102803738,0,0.486223662884927,0.676470588235294,0.327794561933535,0.68348623853211,0,0.700152207001522,0.321483771251932,0,0,0.686119873817035,0.377049180327869,0.676380368098159,0.409861325115562,0.0275229357798165,0.670212765957447,0.390577507598784,0.990769230769231,0.6875,0.685099846390169,0.685410334346505,0,0.360902255639098,0.701357466063348,0.112307692307692,0.403726708074534,0.0356083086053412,0,0,0.691244239631336,0.664566929133858,0.689655172413793,0.69195751138088,0.697852760736196,0.381381381381381,0.701834862385321,1,0.316100443131462,0.00151515151515152,0.675968992248062,0.696734059097978,0.683042789223455,0.685325264750378,0.390769230769231,0,0.673282442748092,0.670826833073323,0.677165354330709,0.689922480620155,0.695324283559578,0.696784073506891,0.804248861911988,0.31911532385466,0.6875,0.38955223880597,0,0.766153846153846,0.683076923076923,0.073094867807154,0,0,0.689127105666156,0.355957767722474,0,0.682852807283763,0.707620528771384,0.0421216848673947,0,0,0.00313479623824451,0.691489361702128,0,0,0.100787401574803,0,0.662632375189107,0,0.40952380952381,0,0.320726172465961,0.688271604938272,0.387247278382582,0,0,0.00924499229583975,0.680241327300151,0.683001531393568,0.685624012638231,0.679506933744222,0.6796875,0.677469135802469,0.0140845070422535,0.696646341463415,0,0,0.292424242424242,1,0.677811550151976,0.686746987951807,0.311550151975684,0,0.429892141756549,0.671171171171171,0.348228043143297,0.683333333333333,0.684542586750789,0,0.690513219284603,0.6784,0.321711568938193,0.0888888888888889,0.680882352941176,0.39268680445151,0.419254658385093,0.675799086757991,0.676470588235294,0.694402420574887,0.402476780185758,0.314024390243902,0,0.105990783410138,0,0.32824427480916,0.0031055900621118,0.396899224806202,0.694704049844237,0.682242990654206,0,0,0.566820276497696,0.00777604976671851,0.00304878048780488,0,0.690880989180835,0.678787878787879,0,0.695461200585652,0.312404287901991,0.673405909797823,0.548136645962733,0.705047318611987,1,0.684766214177979,0,0,0.397553516819572,0.998487140695915,0.675883256528418,0.685670261941448,0.906396255850234,0.583067092651757,0,0,0.692541856925419,0,0.590769230769231,0,0.67218045112782,0.404255319148936,0.680981595092024,0.690880989180835,0,1,0,0.694704049844237,0.681747269890796,0,0,0,0.559748427672956,0,0.68960244648318,0.374242424242424,0.677519379844961,0.677115987460815,0.998477929984779,0.960876369327074,0,0.375579598145286,0,0.68,0.672985781990521,0,0,0.83030303030303,0.696646341463415,0,0.100151745068285,0,0.682089552238806,0.803738317757009,0.321592649310873,0,0,0,0,0,0.718796992481203,0.70077519379845,0,0.881789137380192,0.998449612403101,0.569254185692542,1,0.676923076923077,0,0.318818040435459,0,0,0.115097159940209,0,0.318461538461538,0,0,0,0
"447",0.0486656200941915,0.043613707165109,0.0388802488335925,0.0458135860979463,0.0398089171974522,0.0479876160990712,0.346709470304976,0.0438184663536776,0.0441640378548896,0.952845528455285,0.0402476780185759,1,0.144444444444444,0.0410742496050553,0.639937106918239,0.648606811145511,0.98613251155624,0.361873990306947,0.0432,0.0425867507886435,0.653786707882535,0.640822784810127,0.0419254658385093,0.890625,0.0476923076923077,0.62596599690881,0.624801271860095,0.0431309904153355,0.048062015503876,0.168253968253968,0.644409937888199,0.203703703703704,0.0373250388802488,0.628164556962025,0.965023847376789,0.0511551155115512,0.509259259259259,0.0412213740458015,0.64339908952959,0.0455235204855842,0.390205371248025,0.372670807453416,0.362363919129082,0.0409448818897638,0.0448,0.626003210272873,0.633802816901408,0.646153846153846,0.626524390243902,0.61741835147745,0.961300309597523,0.0415335463258786,0.638591117917305,0.0472560975609756,0.046801872074883,0.43968253968254,0.491987179487179,0.0420560747663551,0.0429447852760736,0.046031746031746,0.617283950617284,0.633070866141732,0.627172195892575,0.378164556962025,0.0461783439490446,0.0495356037151703,0.998449612403101,0.0425196850393701,0.991004497751124,0.628834355828221,0.0398773006134969,0.63020030816641,0.616242038216561,0.080952380952381,0.54375,0.0423600605143722,0.64,0.612055641421947,0.043343653250774,0.633279483037157,0.956239870340357,0.621069182389937,0.617924528301887,0.0435458786936236,0.610769230769231,0.0424886191198786,0.0445151033386327,0.0484375,0.0376175548589342,0.359133126934985,0.0441640378548896,0.0361990950226244,0.961300309597523,0.948194662480377,0.0373831775700935,1,0.960753532182104,0.0450310559006211,0.49185667752443,0.373608903020668,0.0412044374009509,0.990521327014218,0.636080870917574,0.0444810543657331,0.6296875,0.0412698412698413,0.363494539781591,0.0422535211267606,0.631496062992126,0.625786163522013,0.624806201550388,0.0465116279069767,0.6203125,0.0420560747663551,0.56441717791411,0.0438066465256798,0.637770897832817,0.75195007800312,0.630602782071097,0.635792778649921,0.566770186335404,0.0479134466769706,0.627480916030534,0.621138211382114,0.0363086232980333,0.636222910216718,0.0421052631578947,0.0486322188449848,0.725274725274725,0.495398773006135,0.0388349514563107,0.633802816901408,0.0408163265306122,1,0.0370967741935484,0.635114503816794,0.376160990712074,0.621069182389937,0.010989010989011,0.603531300160514,0.956318252730109,0.954258675078864,0.0479876160990712,0.0416666666666667,0.624036979969183,0.0344287949921753,0.626323751891074,0.0440251572327044,0.139937106918239,0.0487062404870624,0.633279483037157,0.0450310559006211,0.046801872074883,0.0420711974110032,0.0394321766561514,0.62015503875969,0.0497667185069984,0.63751987281399,0.801550387596899,0.0462249614791988,0.637904468412943,0.042042042042042,0.649149922720247,0.964968152866242,0.0394321766561514,0.636942675159236,0.0482866043613707,0.0423197492163009,0.0458135860979463,0.609494640122512,0.0429252782193959,0.623824451410658,0.0428571428571429,0.637071651090343,0.0469255663430421,0.628346456692913,0.972307692307692,0.0462962962962963,0.4170692431562,0.0425196850393701,0.0458135860979463,0.636507936507936,0.040625,0.0371517027863777,0.0372670807453416,0.0402476780185759,0.626959247648903,0.643185298621746,0.043956043956044,0.0414746543778802,0.623076923076923,0.65112540192926,0.0427480916030534,0.600614439324117,0.384615384615385,0.955905511811024,0.6265625,0.388802488335925,0.0408805031446541,0.627906976744186,0.0415335463258786,0.0459418070444104,0.043343653250774,0.6390625,0.631901840490798,0.625,0.0462249614791988,0.0385852090032154,0.0386398763523957,0.963549920760697,0.0423861852433281,0.641269841269841,0.0125391849529781,0.622047244094488,0.63125,0.297971918876755,0.0405616224648986,0.0505359877488515,0.040625,0.0408805031446541,0.0409448818897638,1,0.629392971246006,0.62596599690881,0.046656298600311,0.367692307692308,0.0460122699386503,0.0493273542600897,0.0451713395638629,0.0444104134762634,0.0393700787401575,0.0440729483282675,0.95405819295559,0.737003058103975,0.0431432973805855,0.6336,0.0428571428571429,0.644409937888199,0.0365853658536585,0.0397456279809221,0.040625,0.041335453100159,0.0457516339869281,0.624413145539906,0.0461538461538462,0.422893481717011,0.617322834645669,0.625978090766823,0.630094043887147,0.627943485086342,0.618897637795276,0.623586429725363,0.616822429906542,0.63302752293578,0.641304347826087,0.0477657935285054,0.625,0.0409165302782324,0.361111111111111,0.626934984520124,0.738532110091743,0.617554858934169,0.0476190476190476,0.0359375,0.0457413249211356,0.805379746835443,0.644305772230889,0.0386398763523957,0.628164556962025,0.61969696969697,0.640502354788069,0.629007633587786,0.368503937007874,0.0435458786936236,0.623853211009174,0.637083993660856,0.0486656200941915,0.651273885350318,0.0462962962962963,0.632872503840246,0.641065830721003,0.043338683788122,0.0428571428571429,0.0419906687402799,0.520440251572327,0.0462519936204147,0.362790697674419,0.966565349544073,0.628440366972477,0.0395738203957382,0.0415335463258786,0.955177743431221,0.628304821150855,0.633173843700159,0.0350877192982456,0.040625,0.646511627906977,0.984615384615385,0.952153110047847,0.046031746031746,0.0422764227642276,0.619631901840491,0.0423861852433281,0.0471841704718417,0.643076923076923,0.0446841294298921,0.0462962962962963,0.63206106870229,0.0423861852433281,0.0440251572327044,0.0469483568075117,0.043956043956044,0.617322834645669,0.645357686453577,0.613636363636364,0.0435458786936236,0.05103668261563,0.373088685015291,0.632492113564669,0.045958795562599,0.632307692307692,0.640062597809077,0.0428790199081164,0.0368663594470046,0.0464396284829721,0.0440251572327044,0.0464396284829721,0.626153846153846,0.047244094488189,0.0481366459627329,0.946945337620579,0.619119878603945,0.556589147286822,0.646496815286624,0.376582278481013,0.623052959501558,0.0374812593703148,0.640502354788069,0.615141955835962,0.792626728110599,0.637614678899083,0.0377952755905512,0.625757575757576,0.0471698113207547,0.0410742496050553,0.0464396284829721,0.641304347826087,0.633435582822086,0.0412213740458015,0.0306451612903226,0.993640699523052,0.0461049284578696,0.627943485086342,0.623417721518987,0.640699523052464,0.0368,0.623853211009174,0.5828125,0.626168224299065,0.639498432601881,0.634615384615385,0.6375,0.040625,0.626373626373626,0.0376432078559738,0.0375586854460094,0.959814528593508,0.0479233226837061,0.635367762128325,0.0469483568075117,0.0447530864197531,0.0403225806451613,0.627943485086342,0.0401234567901235,0.641838351822504,0.0475460122699387,0.123222748815166,0.046801872074883,0.0490506329113924,0.044478527607362,0.639318885448916,0.0365659777424483,0.0397456279809221,0.64375,0.637083993660856,0.0404354587869362,0.0405616224648986,0.635367762128325,0.867175572519084,0.0448,0.0418604651162791,0.045662100456621,0.957345971563981,0.642857142857143,0.0376432078559738,0.639876352395672,0.806349206349206,0.0410094637223975,0.365625,0.508448540706605,0.0458860759493671,0.0404354587869362,0.373493975903614,0.351937984496124,0.597809076682316,0.0377952755905512,0.630368098159509,0.0425867507886435,0.0432692307692308,0.625194401244168,0.0398162327718224,0.0443740095087163,0.968944099378882,0.625786163522013,0.0453834115805947,0.0414673046251994,0.625978090766823,0.0419254658385093,0.0464,0.638668779714738,0.71583850931677,0.0443740095087163,0.0432098765432099,0.0392464678178964,0.413312693498452,0.643856920684292,0.642289348171701,0.631024096385542,0.631578947368421,0.361464968152866,0.625,0.613707165109034,0.640791476407915,0.809375,0.629160063391442,0.0431432973805855,0.626339969372129,0.0488958990536278,0.631987577639752,0.965361445783133,0.996946564885496,0.0442073170731707,0.0463678516228748,1,0.0382775119617225,0.370542635658915,1,0.97007874015748,0.0416666666666667,0.365891472868217,0.0424528301886792,0.0469483568075117,0.50561797752809,0.0398773006134969,0.961538461538462,0.972402597402597,0.0443740095087163,0.0460829493087558,0.0462249614791988,0.622641509433962,0.411940298507463,0.358064516129032,0.0570987654320988,0.0373250388802488,0.0233644859813084,0.649612403100775,0.707241910631741,0.04858934169279,0.652866242038217,0.0402476780185759,0.575235109717868,0.949206349206349,0.650231124807396,0.635670731707317,0.613065326633166,0.0426829268292683,0.96937212863706,0.0499243570347958,0.0416666666666667,0.043613707165109,0.8,0.626984126984127,0.0506329113924051,0.632165605095541,0.0453074433656958,0.0445151033386327,0.640866873065015,0.0396825396825397,0.63030303030303,0.0456692913385827,0.645569620253165,0.625194401244168,0.042654028436019,0.374414976599064,0.637462235649547,0.0422535211267606,0.636220472440945,0.183514774494557,0.634294385432473,0.892355694227769,0.630862329803328,0.1743264659271,0.63751987281399,0.0516129032258065,0.6234375,0.614916286149163,0.66403785488959,0.0474732006125574,0.0446570972886762,0.0419790104947526,0.00816993464052288,0.699680511182109,0.0434782608695652,0.627831715210356,0.0445151033386327,0.637110016420361,0.632621951219512,0.0449612403100775,0.041335453100159,0.0383435582822086,0.0341085271317829,0.0411585365853659,0.63969465648855,0.631336405529954,0.0385802469135802,0.0378548895899054,0.995215311004785,0.964686998394864,0.0417956656346749,0.0466237942122186,0.640378548895899,0.0482115085536547,0.0455235204855842,0.641627543035994,0.0484652665589661,0.0461538461538462,0.368258859784284,0.516030534351145,0.0373250388802488,0.959459459459459,0.0446570972886762,0.0479876160990712,0.956856702619414,0.627329192546584,0.0442338072669826,0.62402496099844,0.0425867507886435,0.00625978090766823,0.0453834115805947,0.130970724191063,0.0455974842767296,0.620192307692308,0.0386996904024768,0.0382775119617225,0.0368589743589744,0.954198473282443,0.645214521452145,0.0347003154574132,0.0477657935285054,0.378763866877971,0.0462249614791988,0.625585023400936,0.585669781931464,0.627145085803432,0.0374414976599064,0.043343653250774,0.0440944881889764,0.954198473282443,0.632237871674491,0.964912280701754,0.0398089171974522,0.643185298621746,0.644067796610169,0.588597842835131,0.961059190031153,0.0377358490566038,0.00310077519379845,0.0447530864197531,0.0417310664605873,0.624213836477987,0.642313546423135,0.885579937304075,1,0.62992125984252,0.636792452830189,0.617151607963247,0.968152866242038,0.643192488262911,0.037821482602118,0.950949367088608,0.632465543644717,0.0470219435736677,0.0499219968798752,0.0419906687402799,0.629283489096573,0.631659056316591,1,0.0373250388802488,0.638668779714738,0.639876352395672,0.0393700787401575,0.0499219968798752,0.627906976744186,0.354735152487962,0.0393700787401575,0.0501567398119122,0.352755905511811,0.0412844036697248,0.643835616438356,0.0416,0.640502354788069,0.525502318392581,0.385321100917431,0.632930513595166,0.0432098765432099,0.642967542503864,0.630331753554502,0.366718027734977,0.38,0.0367534456355283,0.628304821150855,0.0432692307692308,0.629007633587786,0.0368,0.628705148205928,0.642969984202212,0.59253499222395,0.51875,0.633757961783439,0.635782747603834,0.377567140600316,0.632307692307692,0.903691813804173,0.0358814352574103,0.956923076923077,0.0458015267175573,0.650159744408946,0.0448916408668731,0.966153846153846,0.623604465709729,0.6304,0.0479233226837061,0.995461422087746,0.0434108527131783,0.956318252730109,0.610759493670886,0.0414012738853503,0.990654205607477,0.379095163806552,0.0404984423676012,0.0467289719626168,0.0418604651162791,0.64297253634895,1,0.043010752688172,0.51702786377709,0.9536,0.587155963302752,0.624610591900312,0.630602782071097,0.0440944881889764,0.0287081339712919,0.0480769230769231,0.0446841294298921,0.0386398763523957,0.987878787878788,0.0522273425499232,0.372854914196568,0.957703927492447,0.635239567233385,0.0460122699386503,0.0443037974683544,0.0384,0.0383435582822086,0.961360123647604,0.629573170731707,0.0376175548589342,0.042654028436019,0.0390243902439024,0.0423861852433281,0.0452418096723869,0.0489731437598736,0.568807339449541,0.972886762360447,0.0396196513470681,0.967791411042945,0.630265210608424,0.616352201257862,0.0453125,0.544585987261146,0.640776699029126,0.644305772230889,0.0463678516228748,1,0.635384615384615,0.0381679389312977,0.0451010886469673,0.575039494470774,0.640791476407915,0.638932496075353,0.6384,0.0340030911901082,0.619273301737757,0.635093167701863,0.624,0.639109697933227,0.00306748466257669,0.640122511485452,0.971563981042654,0.625194401244168,0.960183767228178,0.0441640378548896,0.961904761904762,0.64622641509434,0.621495327102804,0.639625585023401,0.0343213728549142,0.0442338072669826,0.0447284345047923,0.0465116279069767,0.0414673046251994,0.0479233226837061,0.614896988906498,0.0414746543778802,0.63349131121643,0.628140703517588,0.43343653250774,0.373397435897436,0.0435458786936236,0.048062015503876,0.960061443932412,0.632465543644717,0.93563579277865,0.0351681957186544,1,0.0375586854460094,0.0385852090032154,0.636792452830189,0.0446570972886762,0.0432,0.410742496050553,0.626602564102564,0.0502958579881657,0.964686998394864,0.952076677316294,0.0424528301886792,0.041335453100159,0.0385802469135802,0.963665086887836,0.95968992248062,0.633435582822086,0.515527950310559,0.635114503816794,0.95405819295559,0.623639191290824,0.968203497615262,0.0482866043613707,0.043338683788122,0.645061728395062,0.624615384615385,0.80811232449298,0.609250398724083,0.63312693498452,0.629457364341085,0.0451713395638629,0.0374414976599064,0.630914826498423,0.0441400304414003,0.964341085271318,0.0365079365079365,0.837539432176656,0.0448,0.368258859784284,0.0445468509984639,0.636650868878357,0.639240506329114,0.97339593114241,0.371340523882897,0.0416024653312789,0.0375,0.25,0.143548387096774,0.625796178343949,0.636217948717949,0.0418604651162791,0.622670807453416,0.802197802197802,0.632,0.0487062404870624,0.951788491446345,0.0443740095087163,0.0428571428571429,0.631911532385466,0.374203821656051,0.637820512820513,0.0412044374009509,0.0384615384615385,0.636923076923077,0.65015479876161,0.627511591962906,0.184952978056426,0.63258785942492,0.0456692913385827,0.992295839753467,0.0481366459627329,0.0387096774193548,0.351937984496124,0.398763523956723,0.625796178343949,0.995290423861852,0.628526645768025,0.0385208012326656,0.0366826156299841,0.640502354788069,0.615506329113924,0.423728813559322,0.0381679389312977,0.644615384615385,0.678843226788432,0.640909090909091,0.0610687022900763,0.580286168521463,0.965732087227414,0.639876352395672,0.622388059701493,0.618210862619808,0.633440514469453,0.633333333333333,0.0729483282674772,0.0469483568075117,0.63849765258216,0.504746835443038,0.373626373626374,0.819314641744548,0.369009584664537,0.0328125,0.6265625,0.956386292834891,0.620214395099541,0.63944530046225,0.668711656441718,0.626182965299685,0.963246554364472,0.616692426584235,0.633333333333333,0.631160572337043,0.632237871674491
"448",0.0144694533762058,0.0110236220472441,0.010989010989011,0.0145867098865478,0.0109034267912773,0.012924071082391,0.287319422150883,0.0129032258064516,0.0138248847926267,0.917207792207792,0.00952380952380952,0.96551724137931,0.17258064516129,0.0110935023771791,0.688709677419355,0.690625,0.949921752738654,0.316053511705686,0.008,0.0111642743221691,0.714511041009464,0.69551282051282,0.012326656394453,0.857371794871795,0.0123647604327666,0.673913043478261,0.689935064935065,0.0130293159609121,0.0140405616224649,0.207119741100324,0.692546583850932,0.258620689655172,0.0391236306729265,0.684458398744113,0.993548387096774,0.0115321252059308,0.466034755134281,0.0107692307692308,0.697852760736196,0.0124804992199688,0.329093799682035,0.316535433070866,0.31055900621118,0.0111111111111111,0.0126984126984127,0.682034976152623,0.689984101748808,0.693498452012384,0.678571428571429,0.677018633540373,0.992211838006231,0.0129032258064516,0.687888198757764,0.0124610591900312,0.0140625,0.504051863857374,0.44496855345912,0.0126382306477093,0.00786163522012579,0.0124416796267496,0.673846153846154,0.689381933438986,0.67948717948718,0.3216,0.0128410914927769,0.00949367088607595,0.966507177033493,0.0111821086261981,0.956989247311828,0.68125,0.0141955835962145,0.684627575277338,0.674757281553398,0.0414012738853503,0.49452269170579,0.0108024691358025,0.68944099378882,0.66875,0.0123647604327666,0.67986798679868,0.924071082390953,0.688291139240506,0.67981072555205,0.00938967136150235,0.662460567823344,0.00924499229583975,0.0112,0.00946372239747634,0.0125984251968504,0.304012345679012,0.00963081861958266,0.0122137404580153,0.990580847723705,0.913178294573643,0.00322061191626409,0.966309341500766,0.990566037735849,0.00943396226415094,0.437908496732026,0.321486268174475,0.0124804992199688,0.957345971563981,0.696540880503145,0.011437908496732,0.684294871794872,0.008,0.311424100156495,0.0110935023771791,0.686900958466454,0.682464454976303,0.683962264150943,0.0124416796267496,0.676056338028169,0.00958466453674121,0.514548238897397,0.0122699386503067,0.688188976377953,0.707936507936508,0.678516228748068,0.680577849117175,0.52132701421801,0.0158478605388273,0.682316118935837,0.686985172981878,0.0062111801242236,0.691588785046729,0.0105105105105105,0.0121580547112462,0.685534591194969,0.474497681607419,0.00963081861958266,0.687697160883281,0.00967741935483871,0.969604863221885,0.00657894736842105,0.690513219284603,0.321875,0.67246835443038,0.0534591194968553,0.6,0.909379968203498,0.92,0.0125,0.0145631067961165,0.668789808917197,0.00631911532385466,0.676783004552352,0.00963081861958266,0.180685358255452,0.0122699386503067,0.674603174603175,0.00630914826498423,0.0112179487179487,0.0095389507154213,0.012779552715655,0.6656,0.0109717868338558,0.685064935064935,0.753510140405616,0.00941915227629513,0.687106918238994,0.0124223602484472,0.702702702702703,0.924290220820189,0.0126782884310618,0.683954619124797,0.0125786163522013,0.0125391849529781,0.0126782884310618,0.669218989280245,0.0095389507154213,0.673534072900158,0.0128410914927769,0.694136291600634,0.0130932896890344,0.684713375796178,0.936204146730462,0.0126782884310618,0.367741935483871,0.0146103896103896,0.0108864696734059,0.688,0.00631911532385466,0.00630914826498423,0.0078003120124805,0.0127388535031847,0.672496025437202,0.693623639191291,0.012924071082391,0.0125,0.684210526315789,0.700325732899023,0.0109375,0.570754716981132,0.323795180722892,0.988958990536278,0.676656151419558,0.326984126984127,0.0108191653786708,0.674922600619195,0.00655737704918033,0.00927357032457496,0.0125984251968504,0.691107644305772,0.68062015503876,0.673170731707317,0.0108024691358025,0.0113821138211382,0.00946372239747634,0.990415335463259,0.0111642743221691,0.696,0.0204724409448819,0.676282051282051,0.69375,0.2609375,0.0111464968152866,0.012326656394453,0.0111111111111111,0.00801282051282051,0.0113821138211382,0.968847352024922,0.676190476190476,0.6765625,0.0125,0.318885448916409,0.0108359133126935,0.010752688172043,0.0111821086261981,0.0139968895800933,0.00956937799043062,0.00766871165644172,0.992125984251969,0.699074074074074,0.0125195618153365,0.688311688311688,0.012779552715655,0.699212598425197,0.0108864696734059,0.0143769968051118,0.0095389507154213,0.00967741935483871,0.0128205128205128,0.676190476190476,0.0124610591900312,0.483306836248013,0.68362480127186,0.677672955974843,0.684975767366721,0.679873217115689,0.66824644549763,0.608064516129032,0.673469387755102,0.690851735015773,0.688888888888889,0.0139751552795031,0.677777777777778,0.0130932896890344,0.310872894333844,0.676609105180534,0.703703703703704,0.669902912621359,0.012779552715655,0.0095389507154213,0.00963081861958266,0.753164556962025,0.687697160883281,0.0094488188976378,0.680511182108626,0.683229813664596,0.695024077046549,0.685446009389671,0.310236220472441,0.0109717868338558,0.677621283255086,0.684294871794872,0.00947867298578199,0.702127659574468,0.0142405063291139,0.684375,0.693877551020408,0.0125984251968504,0.008,0.0109546165884194,0.46422893481717,0.00956937799043062,0.313099041533546,0.932824427480916,0.674491392801252,0.0063391442155309,0.0110759493670886,0.919937205651491,0.689547581903276,0.682182985553772,0.00816993464052288,0.0112540192926045,0.693270735524257,0.985849056603774,0.992025518341308,0.0127186009538951,0.00988467874794069,0.665130568356375,0.0125195618153365,0.0106707317073171,0.68266253869969,0.0143312101910828,0.00934579439252336,0.683641975308642,0.0128617363344051,0.00950871632329636,0.0123839009287926,0.00949367088607595,0.667731629392971,0.692660550458716,0.671031096563011,0.0125588697017268,0.012924071082391,0.333850931677019,0.692063492063492,0.0110584518167457,0.681747269890796,0.706451612903226,0.0109375,0.00933125972006221,0.0126182965299685,0.0127388535031847,0.00940438871473354,0.671428571428571,0.00955414012738853,0.0111821086261981,0.908064516129032,0.664596273291925,0.532051282051282,0.696428571428571,0.331230283911672,0.685446009389671,0.00924499229583975,0.690208667736758,0.668789808917197,0.754658385093168,0.6828125,0.00966183574879227,0.67687595712098,0.0144927536231884,0.0141065830721003,0.013953488372093,0.688783570300158,0.677621283255086,0.0110236220472441,0.0635179153094463,0.9536,0.014446227929374,0.688188976377953,0.680952380952381,0.7,0.00810372771474878,0.664086687306502,0.531645569620253,0.675465838509317,0.696969696969697,0.688311688311688,0.684458398744113,0.0108695652173913,0.686495176848875,0.00956937799043062,0.00794912559618442,0.992088607594937,0.0127186009538951,0.679936305732484,0.0109717868338558,0.0108527131782946,0.00649350649350649,0.667197452229299,0.0139318885448916,0.686495176848875,0.013719512195122,0.15,0.014308426073132,0.0147058823529412,0.0108695652173913,0.688188976377953,0.0129032258064516,0.0129032258064516,0.692429022082019,0.68503937007874,0.00946372239747634,0.00788643533123028,0.689381933438986,0.825545171339564,0.008,0.0111111111111111,0.00934579439252336,0.987635239567233,0.682847896440129,0.0130293159609121,0.687697160883281,0.763406940063092,0.00792393026941363,0.324881141045959,0.555555555555556,0.0115131578947368,0.0078125,0.323170731707317,0.296,0.657770800627943,0.00952380952380952,0.690737833594976,0.0144694533762058,0.00977198697068404,0.667197452229299,0.00933125972006221,0.0144230769230769,0.996850393700787,0.679611650485437,0.0111287758346582,0.0110410094637224,0.677830940988836,0.0109204368174727,0.0114566284779051,0.693163751987281,0.675118858954041,0.00636942675159236,0.0108024691358025,0.0113452188006483,0.476635514018692,0.693650793650794,0.681528662420382,0.684210526315789,0.666666666666667,0.30952380952381,0.682515337423313,0.677725118483412,0.683881064162754,0.774603174603175,0.679549114331723,0.0124610591900312,0.681114551083591,0.0145867098865478,0.678071539657854,0.932307692307692,0.959501557632399,0.0123647604327666,0.014018691588785,0.971698113207547,0.00961538461538462,0.318681318681319,0.97007874015748,1,0.0107361963190184,0.325,0.0126382306477093,0.0110062893081761,0.470113085621971,0.0110935023771791,0.990610328638498,0.942622950819672,0.0110759493670886,0.00782472613458529,0.0142405063291139,0.676898222940226,0.343843843843844,0.306930693069307,0.0185758513931889,0.00786163522012579,0.0109717868338558,0.695374800637959,0.675078864353312,0.0124804992199688,0.691222570532915,0.00930232558139535,0.630094043887147,0.911003236245955,0.697160883280757,0.680428134556575,0.671641791044776,0.0109546165884194,0.933744221879815,0.0137614678899083,0.00821018062397373,0.0125391849529781,0.751533742331288,0.687898089171974,0.0128410914927769,0.6752,0.0130293159609121,0.0113452188006483,0.683720930232558,0.00481540930979133,0.678843226788432,0.00943396226415094,0.6875,0.6875,0.0109546165884194,0.32018927444795,0.690076335877863,0.0109546165884194,0.687096774193548,0.233176838810642,0.683563748079877,0.848200312989045,0.681047765793529,0.225396825396825,0.691935483870968,0.014446227929374,0.668789808917197,0.668224299065421,0.708661417322835,0.0109204368174727,0.00813008130081301,0.0107197549770291,0.0211726384364821,0.665032679738562,0.0128,0.672523961661342,0.0126782884310618,0.681818181818182,0.681047765793529,0.0124804992199688,0.0113268608414239,0.00611620795107034,0.0686900958466454,0.0109375,0.691358024691358,0.675039246467818,0.00628930817610063,0.00977198697068404,0.964516129032258,0.93563579277865,0.0125195618153365,0.012779552715655,0.687600644122383,0.0141955835962145,0.0108359133126935,0.696284329563813,0.0115511551155116,0.0124031007751938,0.316614420062696,0.476708074534161,0.0111642743221691,0.989393939393939,0.0126182965299685,0.0125588697017268,0.915644171779141,0.681458003169572,0.0128,0.681388012618297,0.0156985871271586,0.0324675324675325,0.0128410914927769,0.166158536585366,0.0127591706539075,0.67258064516129,0.0110759493670886,0.0112540192926045,0.0129659643435981,0.987616099071207,0.693181818181818,0.00970873786407767,0.0125786163522013,0.3296,0.0142857142857143,0.677621283255086,0.642857142857143,0.681747269890796,0.0111111111111111,0.0125,0.0110584518167457,0.921052631578947,0.677993527508091,0.928338762214984,0.0096,0.689547581903276,0.693846153846154,0.647798742138365,0.990384615384615,0.00801282051282051,0.0315955766192733,0.0109375,0.0110410094637224,0.685303514376997,0.690184049079755,0.846275752773376,0.968602825745683,0.678855325914149,0.684952978056426,0.674050632911392,0.993548387096774,0.6912,0.0108864696734059,0.9875,0.678018575851393,0.0124416796267496,0.0126984126984127,0.00964630225080386,0.686028257456829,0.684049079754601,0.970345963756178,0.00947867298578199,0.688995215311005,0.696124031007752,0.00789889415481832,0.0110410094637224,0.6875,0.300986842105263,0.0110759493670886,0.0126582278481013,0.307086614173228,0.0125786163522013,0.698907956318253,0.00964630225080386,0.683881064162754,0.477308294209703,0.326086956521739,0.617054263565891,0.0109375,0.699537750385208,0.684375,0.31832298136646,0.332293291731669,0.0109375,0.675039246467818,0.00969305331179321,0.67741935483871,0.0127388535031847,0.675507020280811,0.688394276629571,0.650793650793651,0.503949447077409,0.687301587301587,0.689984101748808,0.328100470957614,0.682737169517885,0.864909390444811,0.00648298217179903,0.990566037735849,0.0124610591900312,0.701112877583466,0.0111821086261981,0.990536277602524,0.678740157480315,0.681089743589744,0.0113268608414239,0.957639939485628,0.0109204368174727,0.927652733118971,0.662480376766091,0.00947867298578199,0.949367088607595,0.328,0.0110584518167457,0.0125391849529781,0.0106221547799697,0.691558441558442,0.970679012345679,0.0109204368174727,0.566929133858268,0.924193548387097,0.645865834633385,0.675968992248062,0.675039246467818,0.0109034267912773,0.0113821138211382,0.0144,0.010989010989011,0.0093603744149766,0.947852760736196,0.0169491525423729,0.310725552050473,0.990881458966565,0.676470588235294,0.0140625,0.0111821086261981,0.00974025974025974,0.00775193798449612,0.926791277258567,0.694189602446483,0.0108864696734059,0.012779552715655,0.0131578947368421,0.0127388535031847,0.0125,0.0142405063291139,0.521538461538462,0.996779388083736,0.0144927536231884,0.930340557275542,0.67981072555205,0.565768621236133,0.0078740157480315,0.599025974025974,0.695723684210526,0.694620253164557,0.0144,0.971608832807571,0.675507020280811,0.00938967136150235,0.0096,0.632520325203252,0.685446009389671,0.691082802547771,0.678104575163399,0.0107858243451464,0.674718196457327,0.681318681318681,0.607201309328969,0.683544303797468,0.0232919254658385,0.689024390243902,0.929260450160772,0.676100628930818,0.990551181102362,0.0110236220472441,0.919093851132686,0.697305863708399,0.684458398744113,0.688102893890675,0.00777604976671851,0.0111111111111111,0.00815660685154975,0.0142405063291139,0.00802568218298555,0.0129032258064516,0.66984126984127,0.014218009478673,0.681528662420382,0.684908789386401,0.432216905901116,0.321428571428571,0.009375,0.0137825421133231,0.990595611285266,0.685758513931889,0.893819334389857,0.0108864696734059,0.971608832807571,0.014218009478673,0.00964630225080386,0.690437601296596,0.00966183574879227,0.0114192495921697,0.399038461538462,0.610114192495922,0.0165413533834586,0.932258064516129,0.917874396135266,0.00943396226415094,0.0111287758346582,0.009375,0.921135646687697,0.9875,0.672897196261682,0.573482428115016,0.688473520249221,0.990697674418605,0.671497584541063,0.925925925925926,0.0126782884310618,0.0146818923327896,0.68167701863354,0.683881064162754,0.77337559429477,0.66394779771615,0.694099378881988,0.687402799377916,0.0110236220472441,0.0110062893081761,0.674121405750799,0.0122137404580153,0.9875,0.00794912559618442,0.7888,0.00797448165869218,0.318110236220472,0.00933125972006221,0.682316118935837,0.696485623003195,0.937106918238994,0.325038880248834,0.00635930047694754,0.0126382306477093,0.20450885668277,0.121311475409836,0.681672025723473,0.689710610932476,0.0140845070422535,0.677777777777778,0.753554502369668,0.677830940988836,0.013953488372093,0.917956656346749,0.0094488188976378,0.012924071082391,0.686119873817035,0.318255250403877,0.684294871794872,0.00806451612903226,0.00798722044728434,0.692068429237947,0.697492163009404,0.679447852760736,0.163751987281399,0.695299837925446,0.0128205128205128,0.956386292834891,0.013953488372093,0.00983606557377049,0.2984375,0.349206349206349,0.68189233278956,0.956454121306376,0.680379746835443,0.0110236220472441,0.00654664484451719,0.690966719492868,0.673534072900158,0.3859375,0.00950871632329636,0.68895800933126,0.651234567901235,0.694835680751174,0.031201248049922,0.538461538461538,0.996850393700787,0.703296703296703,0.678571428571429,0.673701298701299,0.6816,0.686153846153846,0.0371517027863777,0.0110759493670886,0.700156985871272,0.459150326797386,0.311216429699842,0.778125,0.307317073170732,0.0095389507154213,0.6816,0.992138364779874,0.660406885758998,0.69620253164557,0.654028436018957,0.675632911392405,0.990610328638498,0.665620094191523,0.680445151033386,0.672523961661342,0.683544303797468
"449",1,1,1,1,1,1,0.702194357366771,1,1,0.100787401574803,1,0.0440729483282675,0.809748427672956,1,0.317034700315457,0.30564263322884,0.0660522273425499,0.681020733652313,1,1,0.285271317829457,0.313572542901716,1,0.155963302752294,1,0.326717557251908,0.31924882629108,1,1,0.788491446345257,0.313664596273292,0.726574500768049,0.960183767228178,0.322530864197531,0,1,0.539877300613497,1,0.302571860816944,1,0.667687595712098,0.676335877862595,0.69079939668175,1,1,0.31875,0.308527131782946,0.304281345565749,0.319571865443425,0.32262996941896,0,1,0.310502283105023,1,1,0.500794912559618,0.5600624024961,1,1,1,0.323795180722892,0.315301391035549,0.322530864197531,0.679748822605965,1,1,0.0388198757763975,1,0.0597907324364723,0.318250377073906,1,0.320610687022901,0.32018927444795,0.966507177033493,0.50229709035222,1,0.316923076923077,0.344461305007587,1,0.312399355877617,0.0910518053375196,0.331797235023041,0.327131782945736,1,0.330781010719755,1,1,1,1,0.69242658423493,1,1,0.0015527950310559,0.10590015128593,1,0.0465465465465465,0,1,0.559429477020602,0.672413793103448,1,0.0589147286821705,0.31619937694704,1,0.309486780715397,1,0.692073170731707,1,0.308641975308642,0.323529411764706,0.321100917431193,1,0.334869431643625,1,0.481089258698941,1,0.315625,0.293129770992366,0.3267776096823,0.318110236220472,0.483720930232558,0.998475609756098,0.321266968325792,0.323296354992076,1,0.307110438729198,1,1,0.32093023255814,0.535060975609756,1,0.31875,1,0.0435435435435435,1,0.314024390243902,0.676380368098159,0.330232558139535,0.930448222565688,0.426307448494453,0.105100463678516,0.0979782270606532,1,1,0.328660436137072,1,0.322338830584708,1,0.807575757575758,1,0.324367088607595,1,1,1,1,0.333333333333333,1,0.316692667706708,0.249240121580547,1,0.315629742033384,1,0.302469135802469,0.0873634945397816,1,0.314553990610329,1,1,1,0.332326283987915,1,0.322480620155039,1,0.302936630602782,1,0.3140625,0.0798771121351766,1,0.635782747603834,1,1,0.310725552050473,1,1,1,1,0.319182389937107,0.310502283105023,1,0.998444790046656,0.315629742033384,0.305111821086262,1,0.439324116743472,0.665178571428571,0,0.31937984496124,0.671253822629969,1,0.317484662576687,1,0.998491704374057,1,0.314329738058552,0.321699544764795,0.328025477707006,1,1,1,0,1,0.305772230889236,0.970992366412214,0.329192546583851,0.308166409861325,0.756508422664625,1,1,1,1,1,0.0442073170731707,0.314641744548287,0.32375189107413,1,0.677321156773212,1,1,0.998444790046656,0.998477929984779,1,1,0.00306278713629403,0.3125,1,0.313572542901716,1,0.29595015576324,1,1,1,1,1,0.320987654320988,1,0.510971786833856,0.329192546583851,0.330289193302892,0.321316614420063,0.319938176197836,0.333333333333333,0.416139240506329,0.326717557251908,0.323529411764706,0.313846153846154,1,0.320433436532508,1,0.688821752265861,0.315625,0.309090909090909,0.330188679245283,1,1,1,0.250788643533123,0.320061255742726,1,0.316614420062696,0.322775263951735,0.311912225705329,0.321100917431193,0.683076923076923,1,0.327794561933535,0.313755795981453,1,0.298869143780291,1,0.309667673716012,0.314241486068111,1,1,1,0.534883720930233,1,0.690031152647975,0.0833333333333333,0.317557251908397,1,1,0.100303951367781,0.321212121212121,0.322274881516588,1,1,0.302985074626866,0.0230414746543779,0.00158982511923688,1,1,0.329819277108434,1,1,0.315068493150685,1,1,0.31937984496124,1,1,1,1,0.332302936630603,0.307004470938897,0.325396825396825,1,1,0.668693009118541,0.315789473684211,1,0.316998468606432,0.294117647058824,1,1,0.998468606431853,1,1,0.322480620155039,1,1,0.106750392464678,0.334355828220859,0.481538461538462,0.3125,0.670788253477589,0.309559939301973,1,0.311248073959938,0.3328173374613,0.250381679389313,0.314984709480122,1,0.327327327327327,1,1,1,0.309006211180124,0.320061255742726,0.998470948012232,0.9232,0.0630914826498423,1,0.310291858678955,0.320251177394035,0.313385826771654,1,0.327272727272727,0.471582181259601,0.323029366306028,0.302180685358255,0.316957210776545,0.3109375,1,0.325984251968504,1,1,0,1,0.314329738058552,1,1,1,0.3296875,1,0.308426073131955,1,0.830792682926829,1,1,1,0.314900153609831,1,1,0.305810397553517,0.314641744548287,1,1,0.310872894333844,0.183333333333333,1,0.998482549317147,1,0,0.310236220472441,1,0.30757341576507,0.232919254658385,1,0.674846625766871,0.439097744360902,1,1,0.680473372781065,0.705426356589147,0.351226993865031,1,0.317073170731707,1,1,0.332298136645963,1,0.998463901689708,0.00769230769230769,0.322480620155039,1,1,0.321316614420063,1,1,0.3140625,0.330757341576507,1,1,1,0.524962178517398,0.312693498452012,0.344827586206897,0.317037037037037,0.334848484848485,0.695987654320988,0.326251896813354,0.330757341576507,0.315384615384615,0.233024691358025,0.318541996830428,1,0.324200913242009,0.998435054773083,0.313271604938272,0.0823353293413174,0.0507692307692308,1,1,0.0373250388802488,1,0.682634730538922,0.0416666666666667,0.0107361963190184,1,0.679012345679012,1,1,0.541471048513302,1,0,0.0721003134796238,1,1,1,0.330721003134796,0.648011782032401,0.6896,0.995398773006135,1,0.984848484848485,0.298003072196621,0.330745341614907,1,0.300469483568075,1,0.36986301369863,0.106518282988871,0.308166409861325,0.321156773211568,0.330605564648118,1,0.0787878787878788,1,1,1,0.250379362670713,0.31974921630094,1,0.322378716744914,1,1,0.306278713629403,1,0.319940476190476,1,0.309968847352025,0.318181818181818,1,0.674922600619195,0.31892697466468,1,0.313971742543171,0.762481089258699,0.31044776119403,0.158054711246201,0.317910447761194,0.768992248062015,0.299373040752351,1,0.326594090202177,0.338905775075988,0.294478527607362,1,1,1,0.971153846153846,0.342948717948718,1,0.321144674085851,1,0.322061191626409,0.321266968325792,1,1,1,0.918622848200313,1,0.312404287901991,0.32093023255814,1,1,0.0495356037151703,0.0817610062893082,1,1,0.299524564183835,1,1,0.309707241910632,1,1,0.679626749611198,0.527439024390244,1,0,1,1,0.100456621004566,0.325038880248834,1,0.325652841781874,0.998454404945904,0.964451313755796,0.998459167950693,0.816232771822358,1,0.331210191082803,1,1,1,0,0.313694267515924,1,1,0.672307692307692,1,0.316846986089645,0.362670713201821,0.320552147239264,1,1,1,0.0943683409436834,0.318681318681319,0.0899053627760252,0.998435054773083,0.307458143074581,0.309090909090909,0.360983102918587,0,1,0.956521739130435,1,1,0.31924882629108,0.310136157337368,0.15600624024961,0.0393081761006289,0.320433436532508,0.302325581395349,0.326717557251908,0.00157728706624606,0.312404287901991,1,0,0.315548780487805,1,1,1,0.317557251908397,0.32185628742515,0.0363349131121643,1,0.306027820710974,0.311450381679389,1,1,0.317972350230415,0.697262479871176,1,1,0.694444444444444,1,0.310030395136778,1,0.315217391304348,0.53393665158371,0.666666666666667,0.40327380952381,1,0.302710843373494,0.321981424148607,0.680555555555556,0.669195751138088,1,0.327188940092166,1,0.325373134328358,1,0.3203125,0.306603773584906,0.352850539291217,0.51617873651772,0.311424100156495,0.30829420970266,0.664596273291925,0.312210200927357,0.140575079872204,1,0,1,0.291338582677165,1,0,0.3198127925117,0.317757009345794,1,0.0555555555555556,1,0.089922480620155,0.341653666146646,1,0.0648148148148148,0.670295489891135,1,1,1,0.312,0.0392156862745098,1,0.432973805855162,0.0985915492957746,0.355083459787557,0.324116743471582,0.326747720364742,1,1,1,1,1,0.0670640834575261,0.996965098634294,0.681957186544342,0.00297176820208024,0.318529862174579,1,1,1,1,0.0854037267080745,0.318112633181126,1,1,1,1,1,1,0.490166414523449,0.00156494522691706,1,0.0854961832061069,0.323076923076923,0.439137134052388,1,0.397476340694006,0.307073954983923,0.311926605504587,1,0.0416666666666667,0.317972350230415,1,1,0.371653543307087,0.309451219512195,0.310664605873261,0.319685039370079,0.998482549317147,0.323029366306028,0.315068493150685,0.416539050535988,0.313084112149533,0.970014992503748,0.312688821752266,0.0810810810810811,0.327666151468315,0,1,0.0902021772939347,0.307936507936508,0.32,0.3140625,1,1,1,1,1,1,0.330721003134796,1,0.31839258114374,0.311774461028192,0.602760736196319,0.680314960629921,1,1,0,0.312121212121212,0.119631901840491,0.998498498498498,0.0400616332819723,1,1,0.315870570107858,1,1,0.614173228346457,0.416932907348243,0.997054491899853,0.078125,0.0963665086887836,1,1,1,0.0914728682170543,0,0.31859756097561,0.429237947122862,0.314285714285714,0,0.330733229329173,0.0883280757097792,1,1,0.319508448540707,0.321646341463415,0.236476043276662,0.338607594936709,0.311550151975684,0.319444444444444,1,1,0.325581395348837,1,0,1,0.22015503875969,1,0.676335877862595,1,0.310452418096724,0.310452418096724,0.0744186046511628,0.68,1,1,0.78783151326053,0.893987341772152,0.318818040435459,0.316535433070866,1,0.31441717791411,0.250388802488336,0.317152103559871,1,0.101694915254237,1,1,0.31937984496124,0.68362480127186,0.3109375,1,1,0.309923664122137,0.305471124620061,0.315068493150685,0.853810264385692,0.315047021943574,1,0.0574018126888218,1,1,0.694189602446483,0.657320872274143,0.324237560192616,0.0540958268933539,0.328638497652582,1,1,0.310618066561014,0.330781010719755,0.616207951070336,1,0.311649016641452,0.375951293759513,0.313546423135464,0.983257229832572,0.475077881619938,0.00457317073170732,0.31039755351682,0.327769347496206,0.326465927099842,0.307210031347962,0.319758672699849,0.972727272727273,1,0.318112633181126,0.544728434504792,0.681388012618297,0.223926380368098,0.6875,1,0.322085889570552,0.0031201248049922,0.333848531684699,0.310769230769231,0.370030581039755,0.316614420062696,0,0.326656394453005,0.316455696202532,0.329211746522411,0.32258064516129
"450",0.702572347266881,0.686028257456829,0.6828125,0.666134185303514,0.69170579029734,0.689274447949527,0.985781990521327,0.67515923566879,0.688271604938272,0.422647527910686,0.684375,0.359567901234568,0.489763779527559,0.679748822605965,0.00158227848101266,0.00156494522691706,0.377125193199382,1,0.67398119122257,0.694704049844237,0.00155763239875389,0.0015600624024961,0.68167701863354,0.483024691358025,0.682370820668693,0.0015748031496063,0.00159744408945687,0.662921348314607,0.693972179289026,0.475120385232745,0.00154320987654321,0.40763358778626,0.627906976744186,0.00463678516228748,0.334883720930233,0.680194805194805,0.87111801242236,0.675883256528418,0.00151285930408472,0.693498452012384,0.9984375,0.998468606431853,0.998475609756098,0.677165354330709,0.68088467614534,0,0.00470219435736677,0.00154798761609907,0.00154320987654321,0.00155038759689922,0.310185185185185,0.670906200317965,0.00153846153846154,0.674454828660436,0.683229813664596,0.166134185303514,0.893141945773525,0.677165354330709,0.687888198757764,0.671875,0.00611620795107034,0,0,0.995305164319249,0.677993527508091,0.6796875,0.342229199372057,0.6765625,0.394302848575712,0,0.682098765432099,0.00156985871271586,0.0016025641025641,0.730891719745223,0.848392036753446,0.688449848024316,0.00153374233128834,0.00758725341426404,0.683001531393568,0.0016025641025641,0.391585760517799,0.0015625,0.00158982511923688,0.670295489891135,0.00155038759689922,0.680786686838124,0.680817610062893,0.666144200626959,0.677018633540373,1,0.675507020280811,0.68133535660091,0.309597523219814,0.408668730650155,0.687400318979266,0.365030674846626,0.321044546850998,0.689024390243902,0.886762360446571,0.998435054773083,0.683153013910355,0.378378378378378,0.00156494522691706,0.676848874598071,0.00156494522691706,0.672926447574335,0.998466257668712,0.68025078369906,0.00154083204930663,0.00154559505409583,0.00153139356814701,0.6921875,0.00307692307692308,0.677115987460815,0.805855161787365,0.692541856925419,0,0.624420401854714,0,0.00157977883096367,0.812982998454405,0.687010954616588,0.00151285930408472,0,0.669724770642202,0.00152439024390244,0.686838124054463,0.685496183206107,0.628304821150855,0.231240428790199,0.678972712680578,0.0015600624024961,0.68503937007874,0.364864864864865,0.673667205169628,0.00151975683890578,1,0,0.6265625,0.109298531810767,0.413416536661466,0.39589905362776,0.680061823802164,0.673534072900158,0.00157232704402516,0.688751926040062,0.0015015015015015,0.693146417445483,0.499227202472952,0.680981595092024,0,0.691588785046729,0.684542586750789,0.672496025437202,0.680445151033386,0,0.6859375,0.0015748031496063,0.560490045941807,0.675925925925926,0.00155763239875389,0.67427701674277,0.00156739811912226,0.402799377916019,0.68312101910828,0.00159235668789809,0.678516228748068,0.681318681318681,0.669266770670827,0.0123456790123457,0.674418604651163,0,0.676190476190476,0.0015552099533437,0.688995215311005,0.00158730158730159,0.402173913043478,0.705882352941177,0.96969696969697,0.704472843450479,0.681747269890796,0.0015600624024961,0.696875,0.674565560821485,0.682242990654206,0.672413793103448,0.00156985871271586,0,0.681159420289855,0.6796875,0.00154559505409583,0.00158227848101266,0.68167701863354,0.771293375394322,0.983458646616541,0.312210200927357,0.00155038759689922,0.998442367601246,0.684698608964451,0.00154559505409583,0.675632911392405,0.689497716894977,0.68944099378882,0.0031055900621118,0.00153846153846154,0.0016,0.673282442748092,0.689710610932476,0.679626749611198,0.325914149443561,0.688372093023256,0.00157232704402516,0.656346749226006,0.00157977883096367,0.0015527950310559,0.568356374807988,0.676145339652449,0.682027649769585,0.678571428571429,0.693270735524257,0.682108626198083,0.35981308411215,0.00156985871271586,0.00154083204930663,0.69478527607362,0.996946564885496,0.673282442748092,0.687687687687688,0.687010954616588,0.691833590138675,0.69826224328594,0.675187969924812,0.299065420560748,0.63719512195122,0.695178849144635,0.00159235668789809,0.675078864353312,0,0.687789799072643,0.684713375796178,0.686915887850467,0.664,0.68312101910828,0.0015600624024961,0.678071539657854,0.188498402555911,0.0015600624024961,0.00154798761609907,0.00158227848101266,0,0.00156494522691706,0.101587301587302,0.00160513643659711,0,0.00156985871271586,0.682515337423313,0.00156985871271586,0.67205169628433,0.998466257668712,0.0015527950310559,0.619119878603945,0,0.676656151419558,0.682170542635659,0.685358255451713,0.576802507836991,0.00155763239875389,0.678516228748068,0.00156739811912226,0.00153609831029186,0,0.00153609831029186,0.998449612403101,0.680817610062893,0.00154798761609907,0,0.6734375,0.00159235668789809,0.673343605546995,0.00154559505409583,0.00156739811912226,0.686804451510334,0.677725118483412,0.702194357366771,0.859567901234568,0.675590551181102,0.998439937597504,0.396656534954407,0.0015600624024961,0.686915887850467,0.677165354330709,0.410769230769231,0.00152905198776758,0.00159489633173844,0.674718196457327,0.669811320754717,0.00152671755725191,0.354037267080745,0.298076923076923,0.691693290734824,0.675895765472313,0.00458015267175573,0.677519379844961,0.697289156626506,0.00153609831029186,0.68798751950078,0.685670261941448,0.00154083204930663,0.691588785046729,0.684458398744113,0.681470137825421,0.681388012618297,0.0015625,0.00153609831029186,0,0.692901234567901,0.6801872074883,0.990769230769231,0.00770416024653313,0.666141732283465,0,0.00155763239875389,0.685975609756098,0.66820987654321,0.686635944700461,0.68503937007874,0.687022900763359,0.00157977883096367,0.688087774294671,0.693877551020408,0.418238993710692,0,0.158307210031348,0.00159489633173844,1,0.0015600624024961,0.678678678678679,0.00154559505409583,0.00156985871271586,0.574534161490683,0.00308166409861325,0.678125,0.00152671755725191,0.69375,0.692307692307692,0.681538461538462,0.0015748031496063,0.00155038759689922,0.681538461538462,0.605519480519481,0.390749601275917,0.694620253164557,0,0.00161030595813205,0.00158982511923688,0.683788121990369,0,0.810725552050473,0.00154320987654321,0.00158730158730159,0.00157977883096367,0,0.671826625386997,0.0015748031496063,0.679611650485437,0.666666666666667,0.322378716744914,0.695374800637959,0.00158478605388273,0.675548589341693,0.685325264750378,0.685805422647528,0.00157977883096367,0.688922610015175,0.00158478605388273,0.683969465648855,0.523076923076923,0.683307332293292,0.674085850556439,0.688751926040062,0.0015600624024961,0.68088467614534,0.6976,0.00156985871271586,0.00154798761609907,0.68503937007874,0.68895800933126,0.00154559505409583,0.514637904468413,0.679549114331723,0.675344563552833,0.665634674922601,0.314152410575428,0.00158227848101266,0.699675324675325,0.0015552099533437,0.572107765451664,0.689655172413793,0.998452012383901,0.106707317073171,0.685393258426966,0.679626749611198,1,0.963893249607535,0.0170807453416149,0.685358255451713,0.0015600624024961,0.688888888888889,0.688206785137318,0.0015552099533437,0.673879443585781,0.679186228482003,0.334869431643625,0,0.683385579937304,0.682316118935837,0,0.692789968652038,0.693181818181818,0,0.670295489891135,0.68312101910828,0.677519379844961,0.673469387755102,0.192248062015504,0.00153846153846154,0.0206022187004754,0.00149925037481259,0.0015625,1,0.00153846153846154,0.00625978090766823,0.00154798761609907,0.568992248062016,0.00474683544303797,0.696509863429439,0.00609756097560976,0.671875,0.00462962962962963,0.395770392749245,0.37442218798151,0.681957186544342,0.684615384615385,0.360123647604328,0.680577849117175,0.998456790123457,0.365891472868217,0.325,0.679012345679012,1,0.684375,0.686821705426357,0.220634920634921,0.68380062305296,0.315301391035549,0.402555910543131,0.680379746835443,0.674382716049383,0.697784810126582,0,0.979135618479881,0.998392282958199,0.681538461538462,0.664586583463339,0.667697063369397,0.0015600624024961,0.6609375,0.683720930232558,0.00158227848101266,0.685758513931889,0.0567484662576687,0.421135646687697,0,0.00150375939849624,0.00844594594594595,0.681887366818874,0.385802469135802,0.675799086757991,0.689710610932476,0.688473520249221,0.574923547400612,0.00156739811912226,0.694006309148265,0.00155763239875389,0.679153094462541,0.67741935483871,0,0.675078864353312,0.00152439024390244,0.670866141732283,0,0.00156985871271586,0.679566563467492,1,0.00152439024390244,0.678955453149002,0,0.434375,0,0.49609984399376,0.00151975683890578,0.4390625,0.00158478605388273,0.680064308681672,0.00153846153846154,0,0.00155038759689922,0.687598116169545,0.670382165605096,0.683969465648855,0.653530377668309,0.675409836065574,0.685758513931889,0.0016,0.679748822605965,0.0016366612111293,0,0.671779141104294,0.684713375796178,0.682170542635659,0.623456790123457,0.67906976744186,0,0.00154798761609907,0.674884437596302,0.686119873817035,0.369181380417335,0.405320813771518,0.688575899843505,0.674050632911392,0.00158227848101266,0.6921875,0.683001531393568,0.0046656298600311,0.684975767366721,0.679938744257274,0.998439937597504,0.869230769230769,0.688575899843505,0.319277108433735,0.68621236133122,0.679447852760736,0.394777265745008,0.00467289719626168,0.691222570532915,0.00154083204930663,0.680379746835443,0.64968152866242,0.684292379471229,0.527047913446677,0.686614173228347,0,0.683385579937304,0.678233438485804,0.665064102564103,0.309923664122137,0.00161812297734628,0.668269230769231,0.684129429892142,1,0.678899082568807,0.00310077519379845,0.0432098765432099,0.00154798761609907,0.680314960629921,0.678955453149002,0.686614173228347,0.404255319148936,0.00158730158730159,0.40032154340836,0.6656,0,0.00154798761609907,0.0341085271317829,0.315047021943574,0.67244094488189,0.645061728395062,0.682098765432099,0.683641975308642,0.00158730158730159,0.00153846153846154,0.484276729559748,0.367029548989114,0.0015220700152207,0.00156494522691706,0.00313479623824451,0.313001605136437,0.00154083204930663,0.675384615384615,0.3198127925117,0.00154320987654321,0.674347158218126,0.677570093457944,0.68167701863354,0.00458715596330275,0.00152671755725191,0.3552,0.670788253477589,0.0015625,0.00153374233128834,0.668740279937792,0.678516228748068,0.00309119010819165,0.998384491114701,0.687106918238994,0.684458398744113,0.993690851735016,0.682098765432099,0.0015552099533437,0.682692307692308,0.00154798761609907,0.861491628614916,0.998473282442748,0.0904907975460123,0.672839506172839,0.00151745068285281,0.00154798761609907,0.998459167950693,1,0.675968992248062,0.00153374233128834,0.6848,0.00151975683890578,0.692307692307692,0.00156739811912226,0.0015625,0.0329153605015674,0.225656877897991,0.00157728706624606,0.0016,0.993769470404984,0.0015552099533437,0.482084690553746,0.675507020280811,0.325115562403698,0.669230769230769,0.00159235668789809,0.692429022082019,0.326594090202177,0,0.00157977883096367,0.682965299684543,0.382753403933434,0.671802773497689,0.412225705329154,0.0237717908082409,0.662992125984252,0.397196261682243,0.985959438377535,0.686119873817035,0.681181959564541,0.671296296296296,0.0016260162601626,0.363214837712519,0.698776758409786,0.0967238689547582,0.404761904761905,0.0295031055900621,0.00154798761609907,0,0.688073394495413,0.660828025477707,0.688709677419355,0.686821705426357,0.690184049079755,0.379310344827586,0.692546583850932,0.9984375,0.322338830584708,0.00154559505409583,0.667706708268331,0.695447409733124,0.681159420289855,0.682926829268293,0.384853168469861,0.00152439024390244,0.674382716049383,0.665094339622642,0.674050632911392,0.6801872074883,0.681318681318681,0.686708860759494,0.813253012048193,0.320695102685624,0.685358255451713,0.401526717557252,0.00154559505409583,0.777952755905512,0.676609105180534,0.0766773162939297,0.00162074554294976,0.0015625,0.6828125,0.358578052550232,0,0.682027649769585,0.698738170347003,0.0416,0,0.00154320987654321,0.00158730158730159,0.683076923076923,0,0.00154320987654321,0.101105845181675,0.00155763239875389,0.647865853658537,0.0015015015015015,0.400966183574879,0,0.325652841781874,0.682965299684543,0.389240506329114,0.00158730158730159,0.0015625,0.00946372239747634,0.673374613003096,0.675968992248062,0.681089743589744,0.684458398744113,0.677265500794913,0.6734375,0.0141509433962264,0.691833590138675,0.0015552099533437,0,0.292758089368259,1,0.684210526315789,0.681818181818182,0.322981366459627,0.00154320987654321,0.425233644859813,0.677710843373494,0.354037267080745,0.686335403726708,0.6784,0.00158478605388273,0.6875,0.681592039800995,0.317460317460317,0.086677367576244,0.6759941089838,0.398724082934609,0.423861852433281,0.676425269645609,0.67515923566879,0.6953125,0.399068322981366,0.314152410575428,0,0.088646967340591,0.0015220700152207,0.332326283987915,0.00315457413249211,0.396875,0.686915887850467,0.682692307692308,0.00153374233128834,0.00153374233128834,0.572317262830482,0.00631911532385466,0.00305343511450382,0.00154320987654321,0.689167974882261,0.670826833073323,0.00157977883096367,0.681681681681682,0.314241486068111,0.667185069984448,0.539184952978056,0.697305863708399,0.998480243161094,0.699844479004666,0,0.00157232704402516,0.401883830455259,1,0.668740279937792,0.674454828660436,0.902668759811617,0.593851132686084,0.00158982511923688,0,0.691833590138675,0.00156985871271586,0.581903276131045,0.0015600624024961,0.678407350689127,0.407523510971787,0.68,0.683962264150943,0,1,0.0015748031496063,0.685897435897436,0.678125,0.00153609831029186,0.0015600624024961,0.00153846153846154,0.566246056782334,0.00158478605388273,0.677570093457944,0.374045801526718,0.668730650154799,0.674641148325359,1,0.965189873417722,0.00161030595813205,0.381172839506173,0.00158227848101266,0.677672955974843,0.6688,0,0.00156985871271586,0.8375,0.684952978056426,0.00152905198776758,0.0931297709923664,0.0015527950310559,0.68160741885626,0.812302839116719,0.333333333333333,0,0.00150602409638554,0.00159489633173844,0.00158730158730159,0.00153374233128834,0.714506172839506,0.68944099378882,0,0.888888888888889,1,0.564945226917058,0.998387096774194,0.677725118483412,0.00156985871271586,0.322274881516588,0.00155763239875389,0.00156985871271586,0.106317411402157,0,0.321981424148607,0.00155038759689922,0.00155763239875389,0.00157728706624606,0.00154559505409583
"451",1,1,1,1,1,1,0.710862619808307,1,1,0.0892857142857143,1,0.0451713395638629,0.813397129186603,1,0.314009661835749,0.3015625,0.0605590062111801,0.693679092382496,1,1,0.286384976525822,0.307936507936508,1,0.160883280757098,1,0.320813771517997,0.311605723370429,1,1,0.793929712460064,0.299689440993789,0.731782945736434,0.96594427244582,0.309148264984227,0,1,0.551020408163265,1,0.294561933534743,1,0.67651632970451,0.6801872074883,0.704892966360856,1,1,0.311605723370429,0.310832025117739,0.307339449541284,0.316923076923077,0.319314641744548,0,1,0.308411214953271,1,1,0.480952380952381,0.577106518282989,1,1,1,0.326086956521739,0.321316614420063,0.314873417721519,0.683962264150943,1,1,0.0345368916797488,1,0.0542168674698795,0.315789473684211,1,0.312401883830455,0.323051948051948,0.966129032258065,0.515673981191223,1,0.303076923076923,0.330232558139535,1,0.310679611650485,0.0889967637540453,0.322378716744914,0.31911532385466,1,0.330696202531646,1,1,1,1,0.697674418604651,1,1,0,0.104524180967239,1,0.047112462006079,0,1,0.569354838709677,0.687301587301587,1,0.0506329113924051,0.304552590266876,1,0.304761904761905,1,0.692901234567901,1,0.308661417322835,0.314285714285714,0.312883435582822,1,0.315372424722662,1,0.490825688073394,1,0.30503144654088,0.307692307692308,0.317901234567901,0.305863708399366,0.488262910798122,0.998439937597504,0.320987654320988,0.308681672025723,1,0.292379471228616,1,1,0.33695652173913,0.546686746987952,1,0.309033280507132,1,0.0406626506024096,1,0.310708898944193,0.678627145085803,0.3171875,0.934375,0.431818181818182,0.0985915492957746,0.089622641509434,1,1,0.326018808777429,1,0.30804248861912,1,0.81651376146789,1,0.315619967793881,1,1,1,1,0.324881141045959,1,0.312893081761006,0.255451713395639,1,0.31104199066874,1,0.29874213836478,0.0803149606299213,1,0.306089743589744,1,1,1,0.321212121212121,1,0.312401883830455,1,0.299531981279251,1,0.313664596273292,0.071875,1,0.640650406504065,1,1,0.31139646869984,1,1,1,1,0.310126582278481,0.308641975308642,1,0.998412698412698,0.313271604938272,0.299363057324841,1,0.45625,0.6732223903177,0,0.305164319248826,0.684292379471229,1,0.316923076923077,1,0.998449612403101,1,0.313479623824451,0.315301391035549,0.321428571428571,1,1,1,0,1,0.299186991869919,0.970172684458399,0.318541996830428,0.310344827586207,0.744582043343653,1,1,1,1,1,0.0458135860979463,0.304897314375987,0.315625,1,0.686153846153846,1,1,1,0.998456790123457,1,1,0.00308641975308642,0.328767123287671,1,0.297939778129952,1,0.289473684210526,1,1,1,1,1,0.314465408805031,1,0.501582278481013,0.318541996830428,0.31875,0.302694136291601,0.317034700315457,0.325434439178515,0.412420382165605,0.322884012539185,0.31104199066874,0.307692307692308,1,0.317610062893082,1,0.689497716894977,0.312111801242236,0.324031007751938,0.325471698113208,1,1,1,0.261417322834646,0.306625577812018,1,0.311111111111111,0.32262996941896,0.304821150855365,0.312693498452012,0.690737833594976,1,0.320493066255778,0.309904153354633,1,0.291935483870968,1,0.302469135802469,0.309748427672956,1,1,1,0.54858934169279,1,0.695046439628483,0.0792682926829268,0.313385826771654,1,1,0.093603744149766,0.314728682170543,0.318327974276527,1,1,0.297380585516179,0.0251968503937008,0.00321027287319422,1,1,0.329738058551618,0.998422712933754,1,0.299373040752351,1,1,0.303875968992248,1,1,1,1,0.321372854914197,0.309341500765697,0.32258064516129,1,1,0.680428134556575,0.306349206349206,1,0.309923664122137,0.293478260869565,1,1,0.9984375,1,1,0.318110236220472,1,1,0.102272727272727,0.327769347496206,0.487341772151899,0.304761904761905,0.676145339652449,0.316770186335404,1,0.302839116719243,0.329704510108865,0.257364341085271,0.315707620528771,1,0.320300751879699,1,1,1,0.306603773584906,0.320121951219512,0.998444790046656,0.927536231884058,0.0605095541401274,1,0.310077519379845,0.3104,0.307324840764331,1,0.32,0.472222222222222,0.314728682170543,0.301242236024845,0.307692307692308,0.2984375,1,0.317307692307692,1,1,0,1,0.315541601255887,1,1,1,0.321928460342146,1,0.305732484076433,1,0.843167701863354,1,1,1,0.31055900621118,1,1,0.309006211180124,0.303405572755418,1,1,0.310077519379845,0.191717791411043,1,0.998444790046656,1,0,0.304278922345483,1,0.303317535545024,0.24483306836248,1,0.685534591194969,0.428792569659443,1,1,0.68133535660091,0.704944178628389,0.338006230529595,1,0.310236220472441,1,1,0.327503974562798,1,0.998444790046656,0.0078740157480315,0.315707620528771,1,1,0.313385826771654,1,1,0.307086614173228,0.341653666146646,1,1,1,0.522865853658537,0.304615384615385,0.337579617834395,0.308383233532934,0.321483771251932,0.693270735524257,0.326594090202177,0.314553990610329,0.312788906009245,0.24804992199688,0.318840579710145,1,0.309559939301973,0.998410174880763,0.309968847352025,0.0805471124620061,0.0518292682926829,1,1,0.0410742496050553,1,0.697063369397218,0.0424528301886792,0.0126382306477093,1,0.684375,1,1,0.542993630573248,1,0,0.0653907496012759,1,1,1,0.324451410658307,0.655538694992413,0.702439024390244,0.995398773006135,1,0.98297213622291,0.305164319248826,0.345256609642302,1,0.292682926829268,1,0.364485981308411,0.10702875399361,0.297339593114241,0.313813813813814,0.327212020033389,1,0.0768049155145929,1,1,1,0.259600614439324,0.321144674085851,1,0.320574162679426,1,1,0.302180685358255,1,0.315950920245399,1,0.310236220472441,0.317817014446228,1,0.685534591194969,0.309559939301973,1,0.299840510366826,0.759259259259259,0.316998468606432,0.161993769470405,0.313546423135464,0.772292993630573,0.298722044728434,1,0.319875776397516,0.333333333333333,0.289719626168224,1,1,1,0.965909090909091,0.342532467532468,1,0.314935064935065,1,0.314569536423841,0.309707241910632,1,1,1,0.91640866873065,1,0.303405572755418,0.321928460342146,1,1,0.0499194847020934,0.0761904761904762,1,1,0.310126582278481,1,1,0.312202852614897,1,1,0.68380062305296,0.533846153846154,1,0,1,1,0.0950155763239875,0.317034700315457,1,0.3140625,0.998425196850394,0.965354330708661,0.998412698412698,0.82225656877898,1,0.322061191626409,1,1,1,0,0.305785123966942,1,1,0.67032967032967,1,0.320754716981132,0.357910906298003,0.318252730109204,1,1,1,0.0900763358778626,0.314606741573034,0.087719298245614,0.998432601880878,0.304482225656878,0.298780487804878,0.344667697063369,0,1,0.956454121306376,1,1,0.320574162679426,0.290625,0.15689381933439,0.0397456279809221,0.313572542901716,0.301092043681747,0.318885448916409,0,0.305555555555556,1,0,0.311349693251534,1,1,1,0.311248073959938,0.311377245508982,0.0387096774193548,1,0.307448494453249,0.30077519379845,1,1,0.3140625,0.706645056726094,1,1,0.698757763975155,1,0.303951367781155,1,0.315047021943574,0.535714285714286,0.678461538461538,0.395705521472393,1,0.286585365853659,0.3078125,0.683076923076923,0.672811059907834,1,0.316279069767442,1,0.318181818181818,1,0.309148264984227,0.302694136291601,0.346394984326019,0.52099533437014,0.310289389067524,0.300157977883096,0.670278637770898,0.308892355694228,0.153473344103393,1,0,1,0.289099526066351,1,0,0.312796208530806,0.310789049919485,1,0.0541353383458647,1,0.0806962025316456,0.330696202531646,1,0.0642633228840125,0.68167701863354,1,1,1,0.300163132137031,0.04,1,0.430124223602484,0.0913461538461538,0.340978593272171,0.313084112149533,0.324031007751938,1,1,1,1,1,0.0623100303951368,0.995391705069124,0.689708141321045,0.00297619047619048,0.317111459968603,1,1,1,1,0.0830721003134796,0.308510638297872,1,1,1,1,1,1,0.498470948012232,0,1,0.0804953560371517,0.309148264984227,0.43701399688958,1,0.391096979332273,0.303776683087028,0.310832025117739,1,0.0373831775700935,0.311728395061728,1,1,0.363924050632911,0.307692307692308,0.306122448979592,0.309061488673139,0.9984375,0.324921135646688,0.321981424148607,0.413145539906103,0.312302839116719,0.97239263803681,0.310975609756098,0.0802568218298555,0.3203125,0,1,0.089622641509434,0.303656597774245,0.307086614173228,0.313385826771654,1,1,1,1,1,1,0.326433121019108,1,0.308777429467085,0.312913907284768,0.605828220858896,0.694006309148265,1,1,0,0.306748466257669,0.117739403453689,0.998489425981873,0.0333863275039746,1,1,0.306836248012719,1,1,0.626602564102564,0.411669367909238,0.995562130177515,0.0780254777070064,0.0916271721958926,1,1,1,0.0855365474339036,0,0.314984709480122,0.416275430359937,0.308755760368664,0,0.317384370015949,0.0818619582664527,1,1,0.311926605504587,0.316614420062696,0.246081504702194,0.318979266347687,0.311145510835913,0.315384615384615,1,1,0.317965023847377,1,0,1,0.221350078492936,1,0.68125,1,0.30564263322884,0.309904153354633,0.0728682170542636,0.686821705426357,1,1,0.802197802197802,0.910130718954248,0.308056872037915,0.313195548489666,1,0.306709265175719,0.257503949447077,0.314516129032258,1,0.098310291858679,1,1,0.308411214953271,0.68312101910828,0.30503144654088,1,1,0.303680981595092,0.309119010819165,0.314900153609831,0.868589743589744,0.315286624203822,1,0.0554699537750385,1,1,0.705148205928237,0.65625,0.319148936170213,0.0541795665634675,0.316535433070866,1,1,0.296062992125984,0.324409448818898,0.631007751937985,1,0.296411856474259,0.365325077399381,0.297339593114241,0.984779299847793,0.481774960380349,0.00313479623824451,0.297546012269939,0.318461538461538,0.325358851674641,0.307568438003221,0.312111801242236,0.969465648854962,1,0.298921417565485,0.558213716108453,0.690095846645367,0.242990654205607,0.696774193548387,1,0.313664596273292,0.0016025641025641,0.329133858267717,0.31055900621118,0.361963190184049,0.315873015873016,0,0.330733229329173,0.301587301587302,0.323248407643312,0.300623052959502
"452",1,1,1,1,1,1,0.7136,1,1,0.100649350649351,1,0.0488188976377953,0.804107424960506,1,0.30622009569378,0.2984375,0.0682170542635659,0.697411003236246,1,1,0.273155416012559,0.299524564183835,1,0.165094339622642,1,0.317034700315457,0.306349206349206,1,1,0.774603174603175,0.300925925925926,0.726134585289515,0.958397534668721,0.300157977883096,0,1,0.555555555555556,1,0.287878787878788,1,0.670826833073323,0.694620253164557,0.710365853658537,1,1,0.309748427672956,0.30188679245283,0.295665634674923,0.309707241910632,0.311248073959938,0,1,0.305772230889236,1,1,0.486614173228346,0.567567567567568,1,1,1,0.317901234567901,0.303125,0.304416403785489,0.691588785046729,1,1,0.0410094637223975,1,0.0620272314674735,0.315068493150685,1,0.316436251920123,0.309409888357257,0.965023847376789,0.520123839009288,1,0.293394777265745,0.325581395348837,1,0.303079416531605,0.0914927768860353,0.309262166405024,0.310236220472441,1,0.327666151468315,1,1,1,1,0.701996927803379,1,1,0.00156739811912226,0.105182926829268,1,0.0506912442396313,0,1,0.573692551505547,0.688995215311005,1,0.0603174603174603,0.299212598425197,1,0.303317535545024,1,0.693721286370597,1,0.306122448979592,0.3078125,0.310185185185185,1,0.314900153609831,1,0.497709923664122,1,0.296238244514107,0.297971918876755,0.313636363636364,0.307448494453249,0.4875,0.998444790046656,0.311827956989247,0.302884615384615,1,0.297674418604651,1,1,0.327666151468315,0.532407407407407,1,0.307448494453249,1,0.0452488687782805,1,0.303076923076923,0.682588597842835,0.321981424148607,0.923556942277691,0.4256,0.1046875,0.0977917981072555,1,1,0.320754716981132,1,0.301972685887709,1,0.801242236024845,1,0.314009661835749,1,1,1,1,0.322327044025157,1,0.312796208530806,0.263482280431433,1,0.300604229607251,1,0.294392523364486,0.0906200317965024,1,0.308056872037915,1,1,1,0.32348367029549,1,0.317111459968603,1,0.299531981279251,1,0.306729264475743,0.0824261275272162,1,0.652032520325203,1,1,0.29903536977492,1,1,1,1,0.3125,0.289719626168224,1,0.9984375,0.308282208588957,0.294303797468354,1,0.456521739130435,0.681137724550898,0,0.303353658536585,0.674347158218126,1,0.310030395136778,1,0.998480243161094,1,0.313271604938272,0.306278713629403,0.3168,1,1,1,0,1,0.30188679245283,0.971653543307087,0.31378763866878,0.29746835443038,0.75314465408805,1,1,1,1,1,0.0473186119873817,0.306027820710974,0.31937984496124,1,0.693023255813954,1,1,0.998442367601246,0.998452012383901,1,1,0.0031104199066874,0.318112633181126,1,0.302839116719243,1,0.28328173374613,1,1,1,1,1,0.313084112149533,1,0.503164556962025,0.314465408805031,0.309597523219814,0.295527156549521,0.313572542901716,0.317683881064163,0.404494382022472,0.312111801242236,0.303875968992248,0.309597523219814,1,0.306603773584906,1,0.702743902439024,0.310769230769231,0.312594840667678,0.318181818181818,1,1,1,0.2671875,0.29922480620155,1,0.308917197452229,0.314900153609831,0.302325581395349,0.304147465437788,0.690251572327044,1,0.307219662058372,0.305732484076433,1,0.285031847133758,1,0.304615384615385,0.301092043681747,1,1,1,0.540880503144654,1,0.696124031007752,0.0830769230769231,0.317683881064163,1,1,0.0973724884080371,0.313755795981453,0.309294871794872,1,1,0.295489891135303,0.0264385692068429,0.00160513643659711,1,1,0.327718223583461,0.9984375,1,0.292117465224111,1,1,0.303875968992248,1,1,1,1,0.316692667706708,0.29500756429652,0.3104,1,1,0.683641975308642,0.307931570762053,1,0.305936073059361,0.283255086071987,1,1,0.998475609756098,1,1,0.316118935837246,1,1,0.106012658227848,0.322378716744914,0.482059282371295,0.302215189873418,0.683563748079877,0.304084720121029,1,0.298722044728434,0.321316614420063,0.261538461538462,0.307339449541284,1,0.306427503736921,1,1,1,0.291600633914422,0.307219662058372,0.998463901689708,0.920195439739414,0.0659340659340659,1,0.304347826086957,0.303656597774245,0.300155520995334,1,0.317073170731707,0.482919254658385,0.311424100156495,0.291139240506329,0.299684542586751,0.295418641390205,1,0.308426073131955,1,1,0,1,0.313880126182965,1,1,1,0.31378763866878,1,0.295418641390205,1,0.836671802773498,1,1,1,0.313479623824451,1,1,0.304012345679012,0.297045101088647,1,1,0.293663060278207,0.185410334346505,1,0.998447204968944,1,0,0.302507836990596,1,0.306376360808709,0.252747252747253,1,0.686427457098284,0.418569254185693,1,1,0.68815592203898,0.716981132075472,0.33125,1,0.3078125,1,1,0.322169059011164,1,0.998425196850394,0.00783699059561128,0.31619937694704,1,1,0.316535433070866,1,1,0.298578199052133,0.324116743471582,1,1,1,0.525581395348837,0.295208655332303,0.334370139968896,0.307575757575758,0.32018927444795,0.700949367088608,0.307098765432099,0.312210200927357,0.306525037936267,0.243827160493827,0.310236220472441,1,0.309923664122137,0.998444790046656,0.294930875576037,0.0843373493975904,0.0549618320610687,1,1,0.043343653250774,1,0.696509863429439,0.0469483568075117,0.0110062893081761,1,0.686821705426357,1,1,0.534992223950233,1,0,0.0805152979066023,1,1,1,0.314696485623003,0.664190193164933,0.699346405228758,0.993855606758833,1,0.986024844720497,0.294117647058824,0.337519623233909,1,0.28503937007874,1,0.359253499222395,0.106012658227848,0.296296296296296,0.313455657492355,0.316309719934102,1,0.0830769230769231,1,1,1,0.265527950310559,0.310725552050473,1,0.310618066561014,1,1,0.295031055900621,1,0.32185628742515,1,0.2984375,0.310725552050473,1,0.694006309148265,0.301059001512859,1,0.293460925039872,0.760432766615147,0.304747320061256,0.159021406727829,0.310185185185185,0.7671875,0.295527156549521,1,0.319444444444444,0.325652841781874,0.28310502283105,1,1,1,0.965909090909091,0.338735818476499,1,0.310897435897436,1,0.303571428571429,0.306278713629403,1,1,1,0.91937984496124,1,0.301059001512859,0.303599374021909,1,1,0.0523809523809524,0.0838607594936709,1,1,0.29570747217806,1,1,0.300623052959502,1,1,0.687402799377916,0.548238897396631,1,0,1,1,0.0983358547655068,0.309636650868878,1,0.313755795981453,0.9984375,0.963607594936709,0.998425196850394,0.821705426356589,1,0.31629392971246,1,1,1,0,0.302439024390244,1,1,0.685271317829457,1,0.30564263322884,0.348694316436252,0.307098765432099,1,1,1,0.0911854103343465,0.308943089430894,0.0943396226415094,0.998422712933754,0.298003072196621,0.301857585139319,0.338983050847458,0,1,0.951638065522621,1,1,0.309968847352025,0.291350531107739,0.163779527559055,0.0421216848673947,0.308892355694228,0.297805642633229,0.311827956989247,0.0016025641025641,0.298904538341158,1,0,0.303543913713405,1,1,1,0.300613496932515,0.304545454545455,0.0403877221324717,1,0.298904538341158,0.305135951661631,1,1,0.306625577812018,0.706070287539936,1,1,0.704225352112676,1,0.29601226993865,1,0.306122448979592,0.536209553158706,0.681887366818874,0.393846153846154,1,0.29500756429652,0.302469135802469,0.692780337941628,0.681887366818874,1,0.308411214953271,1,0.313636363636364,1,0.307453416149068,0.299363057324841,0.339563862928349,0.515527950310559,0.310126582278481,0.299373040752351,0.675590551181102,0.297839506172839,0.157284768211921,1,0,1,0.284591194968553,1,0,0.306603773584906,0.30622009569378,1,0.0598802395209581,1,0.0858034321372855,0.32755905511811,1,0.0684292379471229,0.686028257456829,1,1,1,0.293548387096774,0.0415384615384615,1,0.417445482866044,0.095389507154213,0.342857142857143,0.30625,0.316846986089645,1,1,1,1,1,0.0713201820940819,0.998466257668712,0.694704049844237,0.00301659125188537,0.314152410575428,1,1,1,1,0.0855365474339036,0.295731707317073,1,1,1,1,1,1,0.492307692307692,0.00157232704402516,1,0.0870229007633588,0.310077519379845,0.440124416796268,1,0.3808,0.2944,0.301538461538462,1,0.0451713395638629,0.309923664122137,1,1,0.360446570972887,0.3,0.294025157232704,0.302694136291601,0.998449612403101,0.312202852614897,0.309341500765697,0.397174254317111,0.305511811023622,0.975232198142415,0.298325722983257,0.0853080568720379,0.314329738058552,0,1,0.0907643312101911,0.295238095238095,0.30298273155416,0.309033280507132,1,1,1,1,1,1,0.325320512820513,1,0.30625,0.295109612141653,0.593167701863354,0.690851735015773,1,1,0,0.303215926493109,0.117465224111283,0.998487140695915,0.0404984423676012,1,1,0.298076923076923,1,1,0.617088607594937,0.395161290322581,0.996992481203008,0.0845295055821372,0.101748807631161,1,1,1,0.0917573872472784,0,0.306153846153846,0.408950617283951,0.306646525679758,0,0.315372424722662,0.0920634920634921,1,1,0.309815950920245,0.305772230889236,0.24251968503937,0.322169059011164,0.298780487804878,0.308892355694228,1,1,0.315873015873016,1,0,1,0.225196850393701,1,0.686274509803922,1,0.302362204724409,0.287539936102236,0.0782208588957055,0.684782608695652,1,1,0.792063492063492,0.898527004909984,0.316118935837246,0.304278922345483,1,0.304552590266876,0.2640625,0.299679487179487,1,0.102290076335878,1,1,0.307692307692308,0.692185007974482,0.298555377207063,1,1,0.29595015576324,0.301710730948678,0.306625577812018,0.855555555555556,0.3072,1,0.0604229607250755,1,1,0.709035222052067,0.664050235478807,0.311897106109325,0.0611620795107034,0.306122448979592,1,1,0.290271132376396,0.311708860759494,0.638888888888889,1,0.299539170506912,0.359447004608295,0.30030959752322,0.984662576687117,0.474683544303797,0.00463678516228748,0.297674418604651,0.314589665653495,0.319685039370079,0.303317535545024,0.308166409861325,0.970588235294118,1,0.304953560371517,0.559808612440191,0.702830188679245,0.238167938931298,0.701130856219709,1,0.313664596273292,0.00315955766192733,0.307692307692308,0.301092043681747,0.36055469953775,0.31378763866878,0,0.319314641744548,0.302215189873418,0.311526479750779,0.301242236024845
"453",0.5296,0.536547433903577,0.547880690737834,0.538950715421304,0.529874213836478,0.534700315457413,0.241435562805873,0.549520766773163,0.553291536050157,0.560777957860616,0.543887147335423,0.51496062992126,0.40650406504065,0.548489666136725,0.783653846153846,0.776377952755905,0.539184952978056,0.235973597359736,0.557877813504823,0.538940809968847,0.765079365079365,0.773885350318471,0.559006211180124,0.6198738170347,0.561430793157076,0.765923566878981,0.774244833068362,0.571900826446281,0.541213063763608,0.463884430176565,0.790551181102362,0.444094488188976,0.528481012658228,0.773162939297125,0.450079239302694,0.542570951585977,0.371428571428571,0.54160125588697,0.763719512195122,0.538338658146965,0.23015873015873,0.219047619047619,0.243451463790447,0.544871794871795,0.541996830427892,0.764895330112721,0.768621236133122,0.761240310077519,0.770932069510269,0.768025078369906,0.459752321981424,0.556270096463023,0.777950310559006,0.549920760697306,0.549206349206349,0.593900481540931,0.358184764991896,0.550079491255962,0.55625,0.556962025316456,0.765163297045101,0.767885532591415,0.779032258064516,0.246445497630332,0.543230016313214,0.551181102362205,0.519230769230769,0.555374592833876,0.525502318392581,0.758241758241758,0.535433070866142,0.7744,0.768982229402262,0.520900321543408,0.401244167962675,0.545176110260337,0.769470404984424,0.762345679012346,0.548989113530327,0.767710049423394,0.56957928802589,0.772435897435897,0.769716088328076,0.555205047318612,0.758675078864353,0.539657853810264,0.554119547657512,0.560897435897436,0.536858974358974,0.232558139534884,0.552547770700637,0.55521472392638,0.462616822429907,0.573667711598746,0.529790660225443,0.516228748068006,0.452713178294574,0.542586750788643,0.367213114754098,0.231012658227848,0.545310015898251,0.514423076923077,0.788216560509554,0.539967373572594,0.76984126984127,0.550079491255962,0.233644859813084,0.557692307692308,0.7734375,0.765822784810127,0.752365930599369,0.540412044374009,0.76303317535545,0.542130365659777,0.450076804915515,0.53953488372093,0.7625,0.615748031496063,0.768160741885626,0.772292993630573,0.452229299363057,0.530769230769231,0.777089783281734,0.765472312703583,0.546899841017488,0.777251184834123,0.545180722891566,0.547286821705426,0.616719242902208,0.984825493171472,0.547385620915033,0.772655007949126,0.560975609756098,0.500765696784073,0.552845528455285,0.764705882352941,0.2421875,0.774091627172196,0.463607594936709,0.916393442622951,0.566666666666667,0.577708006279435,0.548489666136725,0.543548387096774,0.774244833068362,0.542056074766355,0.756923076923077,0.54066985645933,0.403755868544601,0.564814814814815,0.783870967741935,0.5376,0.547049441786284,0.559294871794872,0.555555555555556,0.760975609756098,0.546178343949045,0.762057877813505,0.655963302752294,0.549606299212598,0.76813880126183,0.558823529411765,0.770967741935484,0.546178343949045,0.544,0.762057877813505,0.56120826709062,0.546439628482972,0.560126582278481,0.752721617418352,0.563091482649842,0.77258064516129,0.5456,0.753554502369668,0.540849673202614,0.75974025974026,0.535657686212361,0.528213166144201,0.269736842105263,0.525040387722132,0.558917197452229,0.774193548387097,0.530903328050713,0.548489666136725,0.54858934169279,0.555555555555556,0.782608695652174,0.768867924528302,0.55663430420712,0.554313099041534,0.770542635658915,0.782113821138211,0.544740973312402,0.468847352024922,0.258859784283513,0.449920508744038,0.770542635658915,0.22432859399684,0.5375,0.7673343605547,0.55609756097561,0.546728971962617,0.541864139020537,0.776545166402536,0.785381026438569,0.77724358974359,0.55045871559633,0.544117647058823,0.539906103286385,0.460547504025765,0.537242472266244,0.773615635179153,0.509584664536741,0.769354838709677,0.75748031496063,0.679186228482003,0.546191247974068,0.552922590837283,0.540540540540541,0.548335974643423,0.543548387096774,0.507177033492823,0.76038338658147,0.775862068965517,0.551617873651772,0.244131455399061,0.554347826086957,0.551617873651772,0.55448717948718,0.544461778471139,0.535143769968051,0.542242703533026,0.473851030110935,0.605182926829268,0.53582554517134,0.772292993630573,0.551219512195122,0.757387247278383,0.529411764705882,0.53198127925117,0.540412044374009,0.549114331723027,0.531810766721044,0.744408945686901,0.558320373250389,0.549114331723027,0.760765550239234,0.773584905660377,0.768233387358185,0.755980861244019,0.767036450079239,0.880258899676375,0.764612954186414,0.764612954186414,0.7515625,0.568535825545171,0.7664,0.543513957307061,0.230171073094868,0.759554140127389,0.636222910216718,0.784911717495987,0.550724637681159,0.537242472266244,0.540752351097179,0.656645569620253,0.776729559748428,0.533541341653666,0.765273311897106,0.773148148148148,0.761453396524487,0.768160741885626,0.232854864433812,0.543720190779014,0.773082942097027,0.764991896272285,0.553429027113238,0.761750405186386,0.551829268292683,0.763975155279503,0.777070063694268,0.528662420382166,0.544283413848631,0.530612244897959,0.404120443740095,0.553571428571429,0.234177215189873,0.555727554179567,0.766192733017378,0.5484375,0.529695024077046,0.563182527301092,0.761171032357473,0.768233387358185,0.563812600969305,0.564935064935065,0.760629921259843,0.474763406940063,0.468954248366013,0.534290271132376,0.548543689320388,0.775888717156105,0.555732484076433,0.544207317073171,0.766718506998445,0.537007874015748,0.537617554858934,0.766091051805338,0.543720190779014,0.549206349206349,0.543887147335423,0.544600938967136,0.769352290679305,0.772307692307692,0.788461538461538,0.541996830427892,0.559618441971383,0.234548335974643,0.764331210191083,0.552884615384615,0.766718506998445,0.768253968253968,0.549689440993789,0.541085271317829,0.525902668759812,0.533123028391167,0.536050156739812,0.773082942097027,0.531300160513644,0.550561797752809,0.572123176661264,0.76875,0.937699680511182,0.766666666666667,0.220125786163522,0.769828926905132,0.565015479876161,0.776699029126214,0.773015873015873,0.650470219435737,0.768025078369906,0.559543230016313,0.781538461538462,0.534072900158479,0.534920634920635,0.551020408163265,0.771565495207668,0.7859375,0.550473186119874,0.465686274509804,0.510500807754443,0.546042003231018,0.76056338028169,0.768253968253968,0.760064412238325,0.545008183306056,0.770769230769231,0.453560371517028,0.767660910518053,0.765822784810127,0.77133655394525,0.765923566878981,0.554347826086957,0.774193548387097,0.53960396039604,0.566246056782334,0.449920508744038,0.542673107890499,0.778135048231511,0.553968253968254,0.539412673879444,0.527868852459016,0.765923566878981,0.528771384136858,0.771704180064309,0.549230769230769,0.411302982731554,0.556618819776715,0.553225806451613,0.532385466034755,0.772511848341232,0.5376,0.533333333333333,0.769592476489028,0.764240506329114,0.544740973312402,0.537735849056604,0.76813880126183,0.613104524180967,0.551724137931034,0.552922590837283,0.548183254344392,0.458333333333333,0.781499202551834,0.522875816993464,0.753184713375796,0.640901771336554,0.537720706260032,0.221698113207547,0.648148148148148,0.536348949919225,0.542452830188679,0.23969465648855,0.261980830670927,0.755591054313099,0.5392,0.778129952456418,0.535031847133758,0.53160453808752,0.77207062600321,0.561128526645768,0.549050632911392,0.45718901453958,0.768860353130016,0.550702028081123,0.5392,0.777059773828756,0.539184952978056,0.535369774919614,0.763665594855305,0.5671875,0.538095238095238,0.54160125588697,0.556259904912837,0.561128526645768,0.775351014040562,0.807692307692308,0.773353751914242,0.786624203821656,0.238782051282051,0.755555555555556,0.769108280254777,0.783151326053042,0.652448657187994,0.771474878444084,0.550632911392405,0.77373417721519,0.553090332805071,0.771790808240888,0.559633027522936,0.511664074650078,0.549606299212598,0.549689440993789,0.513385826771654,0.551155115511551,0.230046948356808,0.50561797752809,0.470113085621971,0.541471048513302,0.220634920634921,0.542993630573248,0.534992223950233,1,0.554675118858954,0.460063897763578,0.539708265802269,0.538341158059468,0.552590266875981,0.547581903276131,0.77175697865353,0.259090909090909,0.217675941080196,0.566718995290424,0.548335974643423,0.500789889415482,0.7734375,0.579872204472843,0.552715654952077,0.761980830670926,0.530708661417323,0.713841368584759,0.565217391304348,0.764150943396226,0.767692307692308,0.780201342281879,0.559375,0.558641975308642,0.555900621118012,0.526916802610114,0.536277602523659,0.652307692307692,0.759677419354839,0.540540540540541,0.783018867924528,0.55877616747182,0.540983606557377,0.762578616352201,0.541935483870968,0.781874039938556,0.559294871794872,0.777955271565495,0.768860353130016,0.547169811320755,0.226114649681529,0.773700305810398,0.558176100628931,0.768982229402262,0.477777777777778,0.773082942097027,0.625978090766823,0.771822358346095,0.457278481012658,0.770833333333333,0.553054662379421,0.769592476489028,0.778294573643411,0.773228346456693,0.556438791732909,0.553054662379421,0.546165884194053,0.517241379310345,0.566502463054187,0.531300160513644,0.763458401305057,0.542586750788643,0.776119402985075,0.77007874015748,0.554140127388535,0.547811993517018,0.530959752321981,0.445497630331754,0.555384615384615,0.769349845201238,0.781102362204724,0.54858934169279,0.540584415584416,0.527508090614887,0.541139240506329,0.538095238095238,0.536977491961415,0.769968051118211,0.551181102362205,0.543076923076923,0.764240506329114,0.541118421052632,0.532283464566929,0.231974921630094,0.381395348837209,0.540412044374009,0.448484848484848,0.547923322683706,0.554699537750385,0.566869300911854,0.778491171749599,0.536624203821656,0.768621236133122,0.535143769968051,0.505546751188589,0.553090332805071,0.381933438985737,0.545023696682464,0.776167471819646,0.547169811320755,0.552334943639291,0.544303797468354,0.465007776049767,0.763245033112583,0.538336052202284,0.54953560371517,0.219903691813804,0.542056074766355,0.776911076443058,0.7171875,0.769352290679305,0.54375,0.554502369668246,0.542264752791069,0.558282208588957,0.763578274760383,0.547231270358306,0.544,0.771956856702619,0.775862068965517,0.729299363057325,0.452076677316294,0.556962025316456,0.484076433121019,0.551342812006319,0.547880690737834,0.766505636070853,0.756548536209553,0.6208,0.497607655502392,0.785714285714286,0.766929133858268,0.772585669781931,0.457326892109501,0.778129952456418,0.544461778471139,0.457869634340223,0.772870662460568,0.557098765432099,0.550079491255962,0.546456692913386,0.771293375394322,0.777602523659306,0.504901960784314,0.544881889763779,0.787539936102236,0.773790951638066,0.556603773584906,0.545454545454545,0.768621236133122,0.227124183006536,0.533442088091354,0.5376,0.233333333333333,0.53870458135861,0.782945736434108,0.552674230145867,0.776377952755905,0.3963133640553,0.23206106870229,0.881987577639752,0.565015479876161,0.754250386398764,0.766929133858268,0.224842767295597,0.230293663060278,0.549206349206349,0.77373417721519,0.550724637681159,0.769347496206373,0.542130365659777,0.765079365079365,0.769726247987118,0.727416798732171,0.884735202492212,0.771615008156607,0.767628205128205,0.239234449760766,0.767295597484277,0.598039215686274,0.555379746835443,0.454828660436137,0.559375,0.759677419354839,0.538950715421304,0.457326892109501,0.77724358974359,0.76537216828479,0.551219512195122,0.519938650306748,0.558028616852146,0.5536,0.73961661341853,0.545310015898251,0.5168,0.250393700787402,0.526813880126183,0.537007874015748,0.54773082942097,0.775947281713344,0.503105590062112,0.529503105590062,0.666666666666667,0.57258064516129,0.74375,0.77115987460815,0.775510204081633,0.533965244865719,0.529886914378029,0.547770700636943,0.542452830188679,0.533333333333333,0.526964560862866,0.54416403785489,0.226771653543307,0.458143074581431,0.775,0.538582677165354,0.546031746031746,0.544570502431118,0.542721518987342,0.562401263823065,0.765069551777434,0.543478260869565,0.548956661316212,0.544715447154472,0.549273021001615,0.555555555555556,0.544426494345719,0.434850863422292,0.485342019543974,0.539906103286385,0.552922590837283,0.771790808240888,0.48503937007874,0.554848966613672,0.68860353130016,0.786535303776683,0.761453396524487,0.544303797468354,0.500802568218299,0.768388106416275,0.536547433903577,0.536547433903577,0.726978998384491,0.770542635658915,0.769716088328076,0.771929824561403,0.540031397174254,0.782608695652174,0.7640625,0.881493506493506,0.777955271565495,0.509287925696594,0.766871165644172,0.542622950819672,0.774803149606299,0.444790046656299,0.541139240506329,0.563607085346216,0.770833333333333,0.77007874015748,0.770465489566613,0.555900621118012,0.538819875776398,0.556280587275693,0.55,0.548387096774194,0.557911908646003,0.747572815533981,0.541139240506329,0.776886035313002,0.759663865546218,0.875195007800312,0.227053140096618,0.568535825545171,0.541996830427892,0.45625,0.770416024653313,0.581761006289308,0.545736434108527,0.504761904761905,0.54140127388535,0.546204620462046,0.7616,0.5472,0.538087520259319,0.92332268370607,0.87987012987013,0.564024390243902,0.547504025764895,0.549432739059968,0.549050632911392,0.5424,0.533018867924528,0.559105431309904,0.461897356143079,0.768025078369906,0.661881977671451,0.776212832550861,0.444617784711388,0.772727272727273,0.546623794212219,0.545893719806763,0.549019607843137,0.788888888888889,0.767295597484277,0.645468998410175,0.773399014778325,0.76661514683153,0.773940345368917,0.542993630573248,0.549050632911392,0.782258064516129,0.543939393939394,0.468944099378882,0.548387096774194,0.638095238095238,0.552,0.215288611544462,0.536163522012579,0.758293838862559,0.748784440842788,0.528213166144201,0.238317757009346,0.551505546751189,0.539808917197452,0.3312,0.667221297836938,0.775862068965517,0.75974025974026,0.532915360501567,0.761146496815287,0.642054574638844,0.77124183006536,0.55868544600939,0.577044025157233,0.551181102362205,0.537735849056604,0.761217948717949,0.219869706840391,0.753993610223642,0.539344262295082,0.538827258320127,0.760188087774295,0.766929133858268,0.757716049382716,0.666666666666667,0.767628205128205,0.544025157232704,0.516279069767442,0.565768621236133,0.544861337683524,0.231012658227848,0.285261489698891,0.769736842105263,0.516483516483517,0.766773162939297,0.545741324921136,0.535830618892508,0.764240506329114,0.75796178343949,0.385579937304075,0.545023696682464,0.755485893416928,0.835403726708075,0.76813880126183,0.554699537750385,0.422647527910686,0.453821656050955,0.766091051805338,0.77557251908397,0.778135048231511,0.781906300484653,0.766823161189358,0.529042386185243,0.543443917851501,0.771653543307087,0.342622950819672,0.240322580645161,0.664576802507837,0.234710743801653,0.54066985645933,0.766929133858268,0.467845659163987,0.753532182103611,0.764240506329114,0.842767295597484,0.768621236133122,0.466034755134281,0.776898734177215,0.779032258064516,0.767515923566879,0.763665594855305
"454",1,1,1,1,1,1,0.693650793650794,1,1,0.0948553054662379,1,0.0431432973805855,0.812302839116719,1,0.325,0.312210200927357,0.067175572519084,0.685064935064935,1,1,0.297339593114241,0.315707620528771,1,0.150855365474339,1,0.323664122137405,0.324281150159744,1,1,0.776190476190476,0.31441717791411,0.729393468118196,0.964560862865948,0.31974921630094,0,1,0.546728971962617,1,0.307692307692308,1,0.659409020217729,0.67530487804878,0.68140243902439,1,1,0.323343848580442,0.32398753894081,0.311827956989247,0.328173374613003,0.335413416536661,0,1,0.315789473684211,1,1,0.4896,0.559429477020602,1,1,1,0.336434108527132,0.324881141045959,0.326465927099842,0.670886075949367,1,1,0.0364500792393027,1,0.0592705167173252,0.319938176197836,1,0.325,0.332258064516129,0.965189873417722,0.511591962905719,1,0.314329738058552,0.345146379044684,1,0.323763955342903,0.0907643312101911,0.330173775671406,0.330246913580247,1,0.347826086956522,1,1,1,1,0.684782608695652,1,1,0.0015600624024961,0.104294478527607,1,0.0453857791225416,0,1,0.5648,0.671899529042386,1,0.0559875583203732,0.315132605304212,1,0.31832298136646,1,0.685670261941448,1,0.314465408805031,0.323574730354391,0.323390894819466,1,0.327131782945736,1,0.5,1,0.317829457364341,0.298921417565485,0.328746177370031,0.323390894819466,0.484423676012461,0.998459167950693,0.333848531684699,0.331723027375201,1,0.31441717791411,1,1,0.329173166926677,0.557603686635945,1,0.32120253164557,1,0.0393939393939394,1,0.31651376146789,0.672333848531685,0.330203442879499,0.932203389830508,0.435483870967742,0.1046875,0.0947204968944099,1,1,0.341614906832298,1,0.317293233082707,1,0.796899224806202,1,0.325434439178515,1,1,1,1,0.334379905808477,1,0.33175355450237,0.255813953488372,1,0.318112633181126,1,0.307692307692308,0.0825545171339564,1,0.31687898089172,1,1,1,0.345201238390093,1,0.331240188383046,1,0.315625,1,0.318037974683544,0.0796875,1,0.632423756019262,1,1,0.322734499205087,1,1,1,1,0.327044025157233,0.319938176197836,1,0.998461538461539,0.320182094081942,0.315789473684211,1,0.442040185471406,0.661169415292354,0,0.317557251908397,0.660377358490566,1,0.326656394453005,1,0.998489425981873,1,0.325038880248834,0.326251896813354,0.329652996845426,1,1,1,0,1,0.308917197452229,0.976415094339623,0.324534161490683,0.311424100156495,0.755832037325039,1,1,1,1,1,0.0416666666666667,0.319685039370079,0.329754601226994,1,0.678407350689127,1,1,0.998442367601246,0.998452012383901,1,1,0.00304878048780488,0.32370820668693,1,0.319182389937107,1,0.308049535603715,1,1,1,1,1,0.325471698113208,1,0.496774193548387,0.323529411764706,0.335913312693498,0.310897435897436,0.322834645669291,0.33489827856025,0.42472266244057,0.333855799373041,0.320610687022901,0.322981366459627,1,0.326594090202177,1,0.674242424242424,0.316118935837246,0.317901234567901,0.343701399688958,1,1,1,0.261755485893417,0.315301391035549,1,0.322884012539185,0.331297709923664,0.322429906542056,0.328267477203647,0.670826833073323,1,0.334876543209877,0.321316614420063,1,0.304838709677419,1,0.311827956989247,0.313846153846154,1,1,1,0.555382215288612,1,0.682170542635659,0.0805471124620061,0.3265625,1,1,0.0987654320987654,0.326625386996904,0.332293291731669,1,1,0.312210200927357,0.0217729393468118,0.00157728706624606,1,1,0.337962962962963,0.998435054773083,1,0.317147192716237,1,1,0.325038880248834,1,1,1,1,0.329133858267717,0.316109422492401,0.330683624801272,1,1,0.674382716049383,0.31619937694704,1,0.324615384615385,0.305295950155763,1,1,0.998466257668712,1,1,0.325,1,1,0.107594936708861,0.340458015267176,0.487538940809969,0.314553990610329,0.667180277349769,0.323076923076923,1,0.313664596273292,0.335413416536661,0.263888888888889,0.322678843226788,1,0.334351145038168,1,1,1,0.3171875,0.320182094081942,0.998463901689708,0.920583468395462,0.06645056726094,1,0.31924882629108,0.323854660347551,0.311424100156495,1,0.335394126738794,0.477308294209703,0.325617283950617,0.31875,0.322169059011164,0.309409888357257,1,0.334384858044164,1,1,0,1,0.328100470957614,1,1,1,0.330733229329173,1,0.31974921630094,1,0.8375,1,1,1,0.318461538461538,1,1,0.317829457364341,0.32,1,1,0.317484662576687,0.191717791411043,1,0.998449612403101,1,0,0.315873015873016,1,0.317557251908397,0.248407643312102,1,0.669254658385093,0.433846153846154,1,1,0.675635276532138,0.697674418604651,0.349453978159126,1,0.322480620155039,1,1,0.338050314465409,1,0.998432601880878,0.00786163522012579,0.330733229329173,1,1,0.32753164556962,1,1,0.307448494453249,0.34,1,1,1,0.51840490797546,0.314728682170543,0.346811819595645,0.327272727272727,0.335365853658537,0.686915887850467,0.324655436447167,0.331288343558282,0.323619631901841,0.247261345852895,0.326984126984127,1,0.331316187594554,0.998456790123457,0.324615384615385,0.0843373493975904,0.049306625577812,1,1,0.0392464678178964,1,0.686153846153846,0.0398773006134969,0.0110935023771791,1,0.68380062305296,1,1,0.554675118858954,1,0,0.0749601275917065,1,1,1,0.328100470957614,0.643712574850299,0.683954619124797,0.992307692307692,1,0.985959438377535,0.308411214953271,0.337480559875583,1,0.303937007874016,1,0.374414976599064,0.105015673981191,0.311926605504587,0.322137404580153,0.343234323432343,1,0.0775193798449612,1,1,1,0.261941448382126,0.322378716744914,1,0.326086956521739,1,1,0.316770186335404,1,0.328849028400598,1,0.314241486068111,0.322530864197531,1,0.670382165605096,0.322727272727273,1,0.318037974683544,0.762951334379906,0.319083969465649,0.16,0.326865671641791,0.779874213836478,0.310897435897436,1,0.328638497652582,0.345509893455099,0.30077519379845,1,1,1,0.969453376205788,0.352272727272727,1,0.3296,1,0.32258064516129,0.325190839694657,1,1,1,0.92093023255814,1,0.316923076923077,0.322480620155039,1,1,0.0477707006369427,0.080188679245283,1,1,0.311004784688995,1,1,0.315625,1,1,0.677519379844961,0.539969834087481,1,0,1,1,0.100917431192661,0.333843797856049,1,0.328660436137072,0.998449612403101,0.968895800933126,0.998420221169036,0.823348694316436,1,0.337579617834395,1,1,1,0,0.31687898089172,1,1,0.671899529042386,1,0.317829457364341,0.366153846153846,0.323943661971831,1,1,1,0.0888208269525268,0.322429906542056,0.0904761904761905,0.998432601880878,0.313664596273292,0.312024353120244,0.359567901234568,0,1,0.959752321981424,1,1,0.323854660347551,0.30804248861912,0.157556270096463,0.0392464678178964,0.327160493827161,0.324960753532182,0.335365853658537,0.00157977883096367,0.317262830482115,1,0,0.323664122137405,1,1,1,0.327131782945736,0.329286798179059,0.0354838709677419,1,0.322932917316693,0.314329738058552,1,1,0.326018808777429,0.696825396825397,1,1,0.690737833594976,1,0.308396946564885,1,0.317972350230415,0.535060975609756,0.664624808575804,0.413690476190476,1,0.305936073059361,0.3203125,0.676783004552352,0.662058371735791,1,0.321100917431193,1,0.32469512195122,1,0.313084112149533,0.31687898089172,0.361240310077519,0.529862174578867,0.322683706070288,0.320813771517997,0.6546875,0.31937984496124,0.147909967845659,1,0,1,0.302469135802469,1,0,0.323854660347551,0.322784810126582,1,0.0574018126888218,1,0.0899053627760252,0.349056603773585,1,0.0661538461538462,0.665625,1,1,1,0.3136,0.0379362670713202,1,0.429245283018868,0.0940438871473354,0.366261398176292,0.322480620155039,0.331306990881459,1,1,1,1,1,0.0675675675675676,0.996965098634294,0.682027649769585,0.00301204819277108,0.330203442879499,1,1,1,1,0.0889235569422777,0.314814814814815,1,1,1,1,1,1,0.489984591679507,0.00156494522691706,1,0.0830769230769231,0.33179012345679,0.450858034321373,1,0.391304347826087,0.316393442622951,0.3125,1,0.0373250388802488,0.323076923076923,1,1,0.377567140600316,0.315870570107858,0.316279069767442,0.322222222222222,0.998456790123457,0.334394904458599,0.325077399380805,0.416666666666667,0.32120253164557,0.97428139183056,0.319340329835082,0.0864779874213836,0.333853354134165,0,1,0.0867507886435331,0.316614420062696,0.33125,0.322327044025157,1,1,1,1,1,1,0.331230283911672,1,0.317829457364341,0.324414715719064,0.618238021638331,0.677215189873418,1,1,0,0.321044546850998,0.116535433070866,0.998477929984779,0.0331230283911672,1,1,0.325077399380805,1,1,0.637958532695375,0.418940609951846,0.997063142437592,0.0811232449297972,0.101105845181675,1,1,1,0.0858034321372855,0,0.327639751552795,0.420062695924765,0.322678843226788,0,0.332288401253919,0.0850393700787402,1,1,0.323619631901841,0.322480620155039,0.246875,0.340222575516693,0.320493066255778,0.323574730354391,1,1,0.32807570977918,1,0,1,0.223950233281493,1,0.672868217054264,1,0.315707620528771,0.306349206349206,0.0772727272727273,0.672360248447205,1,1,0.782677165354331,0.900158478605388,0.32755905511811,0.319685039370079,1,0.329192546583851,0.259375,0.322222222222222,1,0.098613251155624,1,1,0.323390894819466,0.678855325914149,0.309748427672956,1,1,0.311627906976744,0.31055900621118,0.322085889570552,0.864139020537125,0.317034700315457,1,0.0537634408602151,1,1,0.696734059097978,0.64622641509434,0.325281803542673,0.0564263322884013,0.329173166926677,1,1,0.313572542901716,0.334905660377358,0.619195046439629,1,0.320121951219512,0.373111782477341,0.313935681470138,0.989345509893455,0.476635514018692,0.00462249614791988,0.309006211180124,0.327354260089686,0.333333333333333,0.319182389937107,0.316590563165906,0.967840735068913,1,0.321592649310873,0.548335974643423,0.677725118483412,0.23943661971831,0.684210526315789,1,0.329192546583851,0.0031104199066874,0.331782945736434,0.315789473684211,0.371695178849145,0.332283464566929,0,0.336391437308869,0.325508607198748,0.325508607198748,0.314553990610329
"455",0,0,0,0,0,0,0.286833855799373,0,0,0.903069466882068,0,0.956521739130435,0.1875,0,0.696343402225755,0.703296703296703,0.936825885978428,0.30655737704918,0,0,0.714728682170543,0.697160883280757,0,0.84331797235023,0,0.685758513931889,0.68370607028754,0,0,0.2128,0.693251533742331,0.263565891472868,0.0346456692913386,0.690993788819876,1,0,0.456386292834891,0,0.708649468892261,0,0.325914149443561,0.309707241910632,0.303951367781155,0,0,0.687203791469194,0.687797147385103,0.690292758089368,0.680981595092024,0.678461538461538,1,0,0.689814814814815,0,0,0.499215070643642,0.433281004709576,0,0,0,0.673282442748092,0.681089743589744,0.690140845070423,0.321259842519685,0,0,0.965678627145086,0,0.941265060240964,0.67687595712098,0,0.686153846153846,0.673633440514469,0.0332278481012658,0.492307692307692,0,0.698757763975155,0.667687595712098,0,0.690095846645367,0.911717495987159,0.675507020280811,0.677672955974843,0,0.669767441860465,0,0,0,0,0.301075268817204,0,0,1,0.896713615023474,0,0.954407294832827,1,0,0.435562805872757,0.318681318681319,0,0.945945945945946,0.704225352112676,0,0.683464566929134,0,0.311728395061728,0,0.684698608964451,0.683881064162754,0.680124223602484,0,0.675,0,0.505343511450382,0,0.688888888888889,0.698608964451314,0.68030303030303,0.68895800933126,0.523449319213313,0.0015527950310559,0.685496183206107,0.690705128205128,0,0.699074074074074,0,0,0.667192429022082,0.451612903225806,0,0.694573643410853,0,0.95852534562212,0,0.690184049079755,0.321044546850998,0.678516228748068,0.0676100628930818,0.571428571428571,0.896875,0.904538341158059,0,0,0.675548589341693,0,0.688622754491018,0,0.1921875,0,0.682615629984051,0,0,0,0,0.6765625,0,0.68621236133122,0.745736434108527,0,0.686244204018547,0,0.695046439628483,0.916666666666667,0,0.694041867954911,0,0,0,0.660990712074303,0,0.675118858954041,0,0.696540880503145,0,0.677316293929712,0.921052631578947,0,0.353796445880452,0,0,0.687797147385103,0,0,0,0,0.684375,0.690880989180835,0,0.0015552099533437,0.689969604863222,0.69170579029734,0,0.542056074766355,0.331334332833583,1,0.685670261941448,0.327613104524181,0,0.682442748091603,0,0.00151285930408472,0,0.688783570300158,0.676425269645609,0.676145339652449,0,0,0,1,0,0.690737833594976,0.0248447204968944,0.67879746835443,0.698564593301435,0.241706161137441,0,0,0,0,0,0.957943925233645,0.679626749611198,0.682737169517885,0,0.311526479750779,0,0,0.00156739811912226,0.00153609831029186,0,0,0.996879875195008,0.67687595712098,0,0.689655172413793,0,0.703588143525741,0,0,0,0,0,0.683307332293292,0,0.491283676703645,0.68025078369906,0.674772036474164,0.690590111642743,0.679365079365079,0.671406003159558,0.579617834394904,0.673501577287066,0.696124031007752,0.687697160883281,0,0.685534591194969,0,0.306990881458967,0.688372093023256,0.688350983358548,0.669291338582677,0,0,0,0.739403453689168,0.695447409733124,0,0.691943127962085,0.681681681681682,0.692667706708268,0.686244204018547,0.316846986089645,0,0.683563748079877,0.6890625,0,0.705314009661836,0,0.688751926040062,0.697819314641745,0,0,0,0.45511811023622,0,0.305511811023622,0.918057663125948,0.685358255451713,0,0,0.904173106646059,0.684766214177979,0.682464454976303,0,0,0.702325581395349,0.974960876369327,0.996825396825397,0,0,0.66412213740458,0.00156494522691706,0,0.692901234567901,0,0,0.683720930232558,0,0,0,0,0.678627145085803,0.694029850746269,0.672,0,0,0.323529411764706,0.693396226415094,0,0.679273827534039,0.704113924050633,0,0,0.00155038759689922,0,0,0.679186228482003,0,0,0.896825396825397,0.670807453416149,0.507086614173228,0.699044585987261,0.321259842519685,0.691358024691358,0,0.69170579029734,0.673469387755102,0.733436055469954,0.686153846153846,0,0.674311926605505,0,0,0,0.693270735524257,0.686153846153846,0.0015600624024961,0.0798722044728434,0.937699680511182,0,0.691833590138675,0.685126582278481,0.696875,0,0.673252279635258,0.525984251968504,0.68025078369906,0.694704049844237,0.687301587301587,0.693522906793049,0,0.687898089171974,0,0,1,0,0.678233438485804,0,0,0,0.674884437596302,0,0.697262479871176,0,0.1609375,0,0,0,0.693251533742331,0,0,0.695652173913043,0.691222570532915,0,0,0.691588785046729,0.806748466257669,0,0.00152905198776758,0,1,0.694968553459119,0,0.697674418604651,0.747648902821317,0,0.316846986089645,0.565284178187404,0,0,0.317910447761194,0.288372093023256,0.654088050314465,0,0.683881064162754,0,0,0.6765625,0,0.00158730158730159,0.995290423861852,0.674565560821485,0,0,0.687106918238994,0,0,0.695859872611465,0.661514683153014,0,0,0,0.468412942989214,0.690993788819876,0.667192429022082,0.684370257966616,0.668769716088328,0.308176100628931,0.68266253869969,0.677621283255086,0.682515337423313,0.753846153846154,0.684952978056426,0,0.680365296803653,0.00159235668789809,0.692667706708268,0.917168674698795,0.95144157814871,0,0,0.960998439937597,0,0.309451219512195,0.961538461538462,0.990610328638498,0,0.315301391035549,0,0,0.460063897763578,0,1,0.926829268292683,0,0,0,0.690251572327044,0.349702380952381,0.304975922953451,0.00775193798449612,0,0.012326656394453,0.699844479004666,0.663594470046083,0,0.701754385964912,0,0.63849765258216,0.896661367249603,0.696319018404908,0.686838124054463,0.673267326732673,0,0.922137404580153,0,0,0,0.735384615384615,0.682389937106918,0,0.688783570300158,0,0,0.695852534562212,0,0.681818181818182,0,0.697784810126582,0.679245283018868,0,0.313271604938272,0.690332326283988,0,0.694488188976378,0.230293663060278,0.688751926040062,0.838759689922481,0.687405159332322,0.215748031496063,0.6875,0,0.683544303797468,0.669230769230769,0.713178294573643,0,0,0,0.0286624203821656,0.655284552845528,0,0.679032258064516,0,0.687096774193548,0.682926829268293,0,0,0,0.0771604938271605,0,0.694099378881988,0.677570093457944,0,0,0.9504,0.925233644859813,0,0,0.697160883280757,0,0,0.691588785046729,0,0,0.3140625,0.460244648318043,0,1,0,0,0.904109589041096,0.682888540031397,0,0.67651632970451,0.0015527950310559,0.0344287949921753,0.0015625,0.171296296296296,0,0.67304625199362,0,0,0,1,0.692182410423453,0,0,0.3265625,0,0.687106918238994,0.649769585253456,0.683962264150943,0,0,0,0.910060975609756,0.681458003169572,0.9104,0.00157977883096367,0.693972179289026,0.70015455950541,0.651305683563748,1,0,0.0477657935285054,0,0,0.677165354330709,0.702743902439024,0.841521394611727,0.9609375,0.6859375,0.69435736677116,0.678071539657854,1,0.695517774343122,0,1,0.688650306748466,0,0,0,0.686915887850467,0.682370820668693,0.966346153846154,0,0.687692307692308,0.696456086286595,0,0,0.683464566929134,0.304625199362041,0,0,0.300623052959502,0,0.696509863429439,0,0.688087774294671,0.468509984639017,0.325652841781874,0.59577677224736,0,0.699846860643185,0.687692307692308,0.311349693251534,0.328767123287671,0,0.685015290519878,0,0.68018018018018,0,0.688473520249221,0.697262479871176,0.649612403100775,0.470769230769231,0.679304897314376,0.701112877583466,0.327639751552795,0.689127105666156,0.852327447833066,0,1,0,0.71608832807571,0,1,0.684952978056426,0.691455696202532,0,0.946348733233979,0,0.913522012578616,0.664050235478807,0,0.932601880877743,0.320754716981132,0,0,0,0.696629213483146,0.962674961119751,0,0.580093312597201,0.904761904761905,0.648318042813456,0.678787878787879,0.686728395061728,0,0,0,0,0,0.934351145038168,0.00154559505409583,0.311827956989247,0.996969696969697,0.679506933744222,0,0,0,0,0.915644171779141,0.690658499234303,0,0,0,0,0,0,0.51588502269289,1,0,0.91601866251944,0.684867394695788,0.559190031152648,0,0.613564668769716,0.694444444444444,0.696261682242991,0,0.962790697674419,0.685758513931889,0,0,0.632492113564669,0.695252679938744,0.690251572327044,0.683042789223455,0.00154083204930663,0.682539682539683,0.681047765793529,0.593114241001565,0.686119873817035,0.0261941448382126,0.696923076923077,0.9168,0.683385579937304,1,0,0.910828025477707,0.698757763975155,0.684867394695788,0.688575899843505,0,0,0,0,0,0,0.667721518987342,0,0.686821705426357,0.686046511627907,0.390965732087227,0.31911532385466,0,0,1,0.690909090909091,0.885400313971743,0.00151515151515152,0.9671875,0,0,0.683962264150943,0,0,0.374021909233177,0.598694942903752,0.00298953662182362,0.919175911251981,0.90521327014218,0,0,0,0.91588785046729,1,0.680061823802164,0.573667711598746,0.683563748079877,1,0.680817610062893,0.91692789968652,0,0,0.687022900763359,0.681181959564541,0.752321981424149,0.660287081339713,0.686544342507645,0.686728395061728,0,0,0.675590551181102,0,1,0,0.776212832550861,0,0.3198127925117,0,0.688087774294671,0.7,0.927692307692308,0.315384615384615,0,0,0.1921875,0.110576923076923,0.683464566929134,0.691573926868045,0,0.684294871794872,0.731012658227848,0.678740157480315,0,0.9,0,0,0.688854489164087,0.315619967793881,0.694006309148265,0,0,0.692307692307692,0.702028081123245,0.687116564417178,0.131537242472266,0.69377990430622,0,0.942724458204334,0,0,0.297256097560976,0.352201257861635,0.685393258426966,0.9484375,0.677672955974843,0,0,0.692913385826772,0.677570093457944,0.374807987711214,0,0.693023255813954,0.628834355828221,0.695046439628483,0.0153609831029186,0.52555910543131,1,0.699074074074074,0.6875,0.678913738019169,0.694136291600634,0.678678678678679,0.0214067278287462,0,0.694444444444444,0.447495961227787,0.309636650868878,0.757763975155279,0.313311688311688,0,0.684210526315789,0.998447204968944,0.670846394984326,0.69478527607362,0.631498470948012,0.684713375796178,1,0.668238993710692,0.682615629984051,0.678288431061807,0.686427457098284
"456",0.0736497545008183,0.0754414125200642,0.0689102564102564,0.06645056726094,0.0721153846153846,0.0761750405186386,0.376026272577997,0.0738916256157636,0.0706260032102729,0.995137763371151,0.0686900958466454,0.960567823343849,0.090311986863711,0.0754098360655738,0.598684210526316,0.600644122383253,0.988941548183254,0.404006677796327,0.0726978998384491,0.0674157303370786,0.617021276595745,0.603618421052632,0.0764331210191083,0.941176470588235,0.0853080568720379,0.584126984126984,0.593137254901961,0.0678807947019868,0.0796178343949045,0.13474025974026,0.609324758842444,0.178403755868545,0.0558213716108453,0.604575163398693,0.94408945686901,0.0791245791245791,0.56140350877193,0.0718849840255591,0.615141955835962,0.0798722044728434,0.424,0.39589905362776,0.408668730650155,0.0731707317073171,0.077175697865353,0.591735537190083,0.599041533546326,0.601910828025478,0.5952,0.576138147566719,0.92822966507177,0.07085346215781,0.606012658227848,0.0718849840255591,0.07223113964687,0.408723747980614,0.537459283387622,0.0736,0.0789049919484702,0.074313408723748,0.583201267828843,0.593247588424437,0.598070739549839,0.4176,0.0742574257425743,0.082018927444795,0.968,0.0736,0.990625,0.585055643879173,0.06957928802589,0.605475040257649,0.582781456953642,0.107438016528926,0.585326953748006,0.0726698262243286,0.607198748043818,0.575709779179811,0.0692913385826772,0.589108910891089,0.996655518394649,0.588709677419355,0.599681020733652,0.0786516853932584,0.5814696485623,0.0698757763975155,0.0703764320785597,0.0710823909531502,0.0743670886075949,0.397745571658615,0.0705128205128205,0.0655226209048362,0.928,0.995238095238095,0.065252854812398,0.967032967032967,0.930533117932149,0.0763116057233704,0.533996683250415,0.407108239095315,0.0700636942675159,0.983739837398374,0.605475040257649,0.0823529411764706,0.606741573033708,0.0689102564102564,0.4016,0.080824088748019,0.585089141004862,0.593949044585987,0.590837282780411,0.078525641025641,0.585483870967742,0.0789049919484702,0.60062893081761,0.07981220657277,0.594507269789984,0.799363057324841,0.586854460093897,0.594813614262561,0.614886731391586,0.0777777777777778,0.5984,0.601639344262295,0.0627943485086342,0.614285714285714,0.0652173913043478,0.0751173708920188,0.774603174603175,0.547770700636943,0.0716666666666667,0.595505617977528,0.0717781402936378,0.967340590979782,0.066884176182708,0.598116169544741,0.413848631239936,0.589257503949447,0.0161030595813204,0.644844517184943,0.998387096774194,0.995245641838352,0.0754414125200642,0.0742574257425743,0.576243980738363,0.0774193548387097,0.598736176935229,0.0747967479674797,0.0933977455716586,0.0771653543307087,0.594417077175698,0.0663430420711974,0.0781758957654723,0.0801963993453355,0.0635179153094463,0.575806451612903,0.0816993464052288,0.582258064516129,0.849025974025974,0.0766773162939297,0.600946372239748,0.0776545166402536,0.610223642172524,0.99837925445705,0.0718954248366013,0.601941747572815,0.0842607313195548,0.0743670886075949,0.074313408723748,0.587677725118483,0.0784,0.587662337662338,0.0726978998384491,0.592651757188498,0.0719063545150502,0.595394736842105,0.996835443037975,0.0715421303656598,0.454545454545455,0.0723472668810289,0.0764331210191083,0.604538087520259,0.0728155339805825,0.07223113964687,0.0766823161189358,0.0709677419354839,0.593548387096774,0.601574803149606,0.0827814569536424,0.0746031746031746,0.593004769475358,0.611111111111111,0.0721153846153846,0.650717703349282,0.421779141104294,0.922077922077922,0.597110754414125,0.423510466988728,0.0729001584786054,0.588607594936709,0.0774299835255354,0.0763239875389408,0.0651828298887122,0.609794628751975,0.59047619047619,0.585,0.0747217806041336,0.0717863105175292,0.0688,0.93517017828201,0.0770465489566613,0.619281045751634,0.0504065040650407,0.59375,0.603149606299213,0.338141025641026,0.0772946859903382,0.0765625,0.0681818181818182,0.0760517799352751,0.0724876441515651,0.9648,0.596434359805511,0.587025316455696,0.0786163522012579,0.40952380952381,0.0749601275917065,0.0821705426356589,0.074313408723748,0.0748407643312102,0.0680713128038898,0.0737833594976452,0.92776886035313,0.781789638932496,0.0760697305863708,0.595813204508857,0.073482428115016,0.603531300160514,0.069620253164557,0.0746753246753247,0.0718954248366013,0.072463768115942,0.0818030050083473,0.588617886178862,0.0744849445324881,0.396411092985318,0.589660743134087,0.588516746411483,0.591133004926108,0.587096774193548,0.580906148867314,0.655115511551155,0.579967689822294,0.593301435406699,0.597791798107255,0.0764331210191083,0.581059390048154,0.0750407830342577,0.401898734177215,0.592125984251968,0.789223454833597,0.581967213114754,0.0740131578947368,0.067741935483871,0.0709779179810726,0.838095238095238,0.605388272583201,0.0615141955835962,0.592471358428805,0.586750788643533,0.604838709677419,0.599681020733652,0.40064620355412,0.065359477124183,0.597156398104265,0.594507269789984,0.0728155339805825,0.613976705490849,0.0805687203791469,0.605633802816901,0.60596546310832,0.0725806451612903,0.0766721044045677,0.0721153846153846,0.565916398713826,0.0755336617405583,0.390322580645161,0.998454404945904,0.584541062801932,0.0772870662460568,0.0731707317073171,0.996789727126806,0.590690208667737,0.588996763754045,0.0704918032786885,0.0774299835255354,0.598736176935229,0.945859872611465,0.923333333333333,0.0800653594771242,0.0759075907590759,0.584518167456556,0.0704,0.0775193798449612,0.609324758842444,0.072,0.0707547169811321,0.60291734197731,0.0746753246753247,0.0741324921135647,0.0665610142630745,0.0740157480314961,0.587096774193548,0.605873261205564,0.590243902439024,0.0725806451612903,0.0760517799352751,0.41335453100159,0.592532467532468,0.0638297872340425,0.596463022508039,0.613162118780096,0.0803149606299213,0.0771653543307087,0.0744849445324881,0.0681458003169572,0.069620253164557,0.5856,0.0779220779220779,0.0762987012987013,0.988467874794069,0.584518167456556,0.587761674718196,0.604575163398693,0.416666666666667,0.591935483870968,0.0706436420722135,0.613268608414239,0.580645161290323,0.841269841269841,0.593996840442338,0.0757825370675453,0.590266875981162,0.0805152979066023,0.0716612377850163,0.0754414125200642,0.606851549755302,0.60093896713615,0.0753205128205128,0.00494233937397035,0.982229402261712,0.0795454545454545,0.595879556259905,0.598023064250412,0.607907742998353,0.0693069306930693,0.588050314465409,0.632686084142395,0.585644371941272,0.609195402298851,0.599009900990099,0.611650485436893,0.069620253164557,0.583061889250814,0.0642504118616145,0.0688,0.936893203883495,0.0784,0.591639871382637,0.0741935483870968,0.0721003134796238,0.0710743801652893,0.586538461538462,0.0713153724247227,0.606158833063209,0.0773993808049536,0.0822784810126582,0.0806451612903226,0.0776699029126214,0.0746031746031746,0.598086124401914,0.0657051282051282,0.078525641025641,0.60377358490566,0.590909090909091,0.0691318327974277,0.06957928802589,0.59775641025641,0.912140575079872,0.0746268656716418,0.0721153846153846,0.0700636942675159,0.927302100161551,0.602627257799672,0.0745033112582782,0.59967845659164,0.853181076672104,0.067741935483871,0.4064,0.466353677621283,0.082258064516129,0.0700325732899023,0.419003115264797,0.388978930307942,0.558252427184466,0.074313408723748,0.588235294117647,0.0825242718446602,0.0678807947019868,0.581320450885668,0.0737179487179487,0.0761750405186386,0.932038834951456,0.591276252019386,0.0757825370675453,0.0703764320785597,0.594771241830065,0.0681458003169572,0.0776859504132231,0.598070739549839,0.756843800322061,0.0745542949756888,0.0737833594976452,0.0693548387096774,0.383280757097792,0.604133545310016,0.60291734197731,0.598130841121495,0.593004769475358,0.394822006472492,0.580542264752791,0.579032258064516,0.601880877742947,0.855753646677472,0.59344262295082,0.0769230769230769,0.590909090909091,0.0798722044728434,0.59904912836767,1,0.977952755905512,0.0752351097178683,0.0796178343949045,0.968102073365231,0.0700325732899023,0.399053627760252,0.972402597402597,0.942622950819672,0.0721003134796238,0.402555910543131,0.0653907496012759,0.0805152979066023,0.539708265802269,0.0749601275917065,0.926829268292683,1,0.0713128038897893,0.0763116057233704,0.0809061488673139,0.587275693311582,0.444617784711388,0.380794701986755,0.0859872611464968,0.0711974110032362,0.0455259026687598,0.606687898089172,0.754442649434572,0.0760697305863708,0.61389337641357,0.071656050955414,0.536977491961415,0.993464052287582,0.606796116504854,0.603076923076923,0.576271186440678,0.0758293838862559,1,0.0826833073322933,0.0714285714285714,0.0726978998384491,0.8448,0.585808580858086,0.0859504132231405,0.595432300163132,0.0677685950413223,0.0788590604026846,0.613418530351438,0.0777957860615883,0.6,0.074313408723748,0.608626198083067,0.59349593495935,0.0701754385964912,0.40194489465154,0.6,0.073482428115016,0.602291325695581,0.164516129032258,0.597464342313788,0.942583732057416,0.591194968553459,0.143312101910828,0.610837438423645,0.0844370860927152,0.586921850079745,0.580696202531646,0.616113744075829,0.0729335494327391,0.0714285714285714,0.0661417322834646,0.05,0.747048903878583,0.0758064516129032,0.579378068739771,0.0768,0.591666666666667,0.602201257861635,0.0764331210191083,0.0754098360655738,0.065625,0,0.0742496050552923,0.601851851851852,0.596491228070175,0.0732484076433121,0.0640394088669951,0.983633387888707,1,0.07085346215781,0.0747508305647841,0.593080724876441,0.0814696485623003,0.073094867807154,0.604200323101777,0.080327868852459,0.0796178343949045,0.404186795491143,0.561128526645768,0.0688,0.936532507739938,0.080327868852459,0.0788643533123028,0.995297805642633,0.598387096774194,0.0722495894909688,0.583198707592892,0.0787781350482315,0.0439024390243902,0.0773026315789474,0.0829346092503987,0.0754414125200642,0.593851132686084,0.0704,0.0693548387096774,0.0757825370675453,0.927884615384615,0.60530679933665,0.0630048465266559,0.0771704180064309,0.412140575079872,0.0755905511811024,0.590614886731392,0.549763033175355,0.591935483870968,0.0726698262243286,0.0736,0.0817307692307692,0.998402555910543,0.591572123176661,1,0.0692431561996779,0.614533965244866,0.610492845786963,0.558544303797468,0.924679487179487,0.0718849840255591,0.0319488817891374,0.0776545166402536,0.0725552050473186,0.590460526315789,0.601255886970173,0.938110749185668,0.968903436988543,0.597133757961783,0.598694942903752,0.581648522550544,0.935855263157895,0.596546310832025,0.0713153724247227,0.924959216965742,0.597464342313788,0.0784,0.0774193548387097,0.0723472668810289,0.5953125,0.595975232198142,0.968333333333333,0.0733652312599681,0.602272727272727,0.604133545310016,0.078525641025641,0.0798722044728434,0.587378640776699,0.380794701986755,0.066884176182708,0.078525641025641,0.400662251655629,0.0734375,0.600633914421553,0.0823723228995058,0.601286173633441,0.572100313479624,0.420722135007849,0.664098613251156,0.0715421303656598,0.610410094637224,0.6016,0.398073836276083,0.418789808917197,0.0681458003169572,0.595846645367412,0.0782029950083195,0.595975232198142,0.0703764320785597,0.586319218241042,0.607843137254902,0.556836902800659,0.547923322683706,0.596434359805511,0.606158833063209,0.418789808917197,0.596214511041009,0.95777027027027,0.0654664484451719,0.93026941362916,0.0729001584786054,0.606109324758842,0.0781758957654723,0.935587761674718,0.6032,0.603896103896104,0.0756578947368421,0.984520123839009,0.0760697305863708,0.9984,0.561093247588424,0.0634146341463415,0.987261146496815,0.4112,0.0682926829268293,0.0771704180064309,0.0713153724247227,0.595993322203673,0.960254372019078,0.0647709320695103,0.473515248796148,0.995114006514658,0.560821484992101,0.596184419713832,0.584758942457232,0.0769230769230769,0.0540983606557377,0.0861788617886179,0.0674157303370786,0.0701754385964912,0.987480438184664,0.0824088748019017,0.408163265306122,0.928125,0.58908507223114,0.0723472668810289,0.0745542949756888,0.0661157024793388,0.0727848101265823,1,0.593354430379747,0.0646687697160883,0.0702875399361022,0.0697674418604651,0.07085346215781,0.0798722044728434,0.077175697865353,0.606060606060606,0.940322580645161,0.072,1,0.604166666666667,0.670967741935484,0.0749601275917065,0.516962843295638,0.606907894736842,0.601895734597156,0.0814696485623003,0.963549920760697,0.596184419713832,0.0690208667736758,0.0754414125200642,0.541463414634146,0.598086124401914,0.607936507936508,0.604838709677419,0.064873417721519,0.595779220779221,0.5872,0.656,0.607085346215781,0.0429936305732484,0.594135802469136,1,0.5936,0.923809523809524,0.0707395498392283,0.9967585089141,0.607431340872375,0.597133757961783,0.603864734299517,0.0735524256651017,0.0638977635782748,0.0747508305647841,0.0731319554848967,0.0770491803278689,0.076797385620915,0.577049180327869,0.0736677115987461,0.597110754414125,0.590987868284229,0.468699839486356,0.414075286415712,0.0705329153605016,0.0766823161189358,0.931528662420382,0.600953895071542,0.974151857835218,0.0698757763975155,0.962903225806452,0.0756843800322061,0.070957095709571,0.6,0.074313408723748,0.0779436152570481,0.453225806451613,0.657331136738056,0.0860215053763441,1,0.996710526315789,0.0743670886075949,0.0726978998384491,0.07223113964687,1,0.927652733118971,0.589984350547731,0.479406919275124,0.5875,0.93015873015873,0.573770491803279,1,0.073482428115016,0.0813008130081301,0.596825396825397,0.585987261146497,0.858075040783034,0.582792207792208,0.593650793650794,0.5984,0.0751633986928105,0.0700636942675159,0.582792207792208,0.0738461538461539,0.931637519872814,0.0673076923076923,0.873581847649919,0.0757825370675453,0.412420382165605,0.0714285714285714,0.603531300160514,0.598684210526316,0.998420221169036,0.412044374009509,0.0759289176090469,0.0680713128038898,0.298869143780291,0.181818181818182,0.593800978792822,0.603588907014682,0.0717703349282297,0.584013050570963,0.845161290322581,0.600993377483444,0.08,0.996763754045307,0.0749601275917065,0.0707395498392283,0.587301587301587,0.404567699836868,0.604612850082372,0.0760330578512397,0.0674157303370786,0.595238095238095,0.613782051282051,0.581504702194357,0.233009708737864,0.592833876221498,0.0770491803278689,0.977742448330684,0.0737179487179487,0.0672131147540984,0.39622641509434,0.453808752025932,0.583193277310924,0.983870967741935,0.586038961038961,0.0752,0.0608552631578947,0.605519480519481,0.577235772357724,0.465079365079365,0.0754414125200642,0.606012658227848,0.679936305732484,0.608,0.0934579439252336,0.621187800963082,0.935023771790808,0.608490566037736,0.593798449612403,0.594507269789984,0.598347107438017,0.596244131455399,0.0984375,0.0772946859903382,0.612698412698413,0.545454545454545,0.405228758169935,0.855784469096672,0.400667779632721,0.0644122383252818,0.593548387096774,0.936274509803922,0.579710144927536,0.60223642172524,0.692185007974482,0.587561374795417,0.929373996789727,0.577952755905512,0.603588907014682,0.592471358428805,0.606109324758842
"457",1,1,1,1,1,1,0.708265802269044,1,1,0.0979133226324237,1,0.0452418096723869,0.811410459587956,1,0.314935064935065,0.304821150855365,0.0640625,0.691029900332226,1,1,0.287066246056782,0.309178743961353,1,0.150855365474339,1,0.33026113671275,0.309677419354839,1,1,0.786963434022258,0.3109375,0.735202492211838,0.970219435736677,0.307448494453249,0,1,0.545031055900621,1,0.293577981651376,1,0.669856459330144,0.677672955974843,0.696594427244582,1,1,0.313694267515924,0.306581059390048,0.305084745762712,0.312893081761006,0.327131782945736,0,1,0.308892355694228,1,1,0.498387096774194,0.570063694267516,1,1,1,0.330769230769231,0.3140625,0.320512820512821,0.682389937106918,1,1,0.0363924050632911,1,0.0553846153846154,0.315789473684211,1,0.313479623824451,0.323717948717949,0.965023847376789,0.5140625,1,0.303599374021909,0.331782945736434,1,0.312703583061889,0.0856219709208401,0.326465927099842,0.326018808777429,1,0.333855799373041,1,1,1,1,0.688087774294671,1,1,0.00157232704402516,0.106646058732612,1,0.0464396284829721,0,1,0.562398703403566,0.668810289389068,1,0.053968253968254,0.306603773584906,1,0.315457413249211,1,0.689922480620155,1,0.320754716981132,0.31201248049922,0.315541601255887,1,0.322480620155039,1,0.495253164556962,1,0.307448494453249,0.289719626168224,0.317757009345794,0.31496062992126,0.47906976744186,1,0.323574730354391,0.308186195826645,1,0.300925925925926,1,1,0.329652996845426,0.540581929555896,1,0.307086614173228,1,0.039453717754173,1,0.312401883830455,0.681047765793529,0.329133858267717,0.930708661417323,0.431147540983607,0.103174603174603,0.0979462875197472,1,1,0.330203442879499,1,0.315548780487805,1,0.811437403400309,1,0.323577235772358,1,1,1,1,0.332797427652733,1,0.3248,0.247244094488189,1,0.309341500765697,1,0.304212168486739,0.0914826498422713,1,0.308562197092084,1,1,1,0.330745341614907,1,0.327014218009479,1,0.30298273155416,1,0.322169059011164,0.0758293838862559,1,0.635922330097087,1,1,0.320126782884311,1,1,1,1,0.326498422712934,0.313364055299539,1,1,0.308282208588957,0.314102564102564,1,0.444094488188976,0.672230652503794,0,0.318037974683544,0.669767441860465,1,0.327613104524181,1,1,1,0.3125,0.318042813455657,0.3264,1,1,1,0,1,0.312599681020734,0.974603174603175,0.31637519872814,0.306853582554517,0.751552795031056,1,1,1,1,1,0.0416,0.315625,0.327014218009479,1,0.684292379471229,1,1,0.998415213946117,1,1,1,0.00460829493087558,0.313271604938272,1,0.314375987361769,1,0.3046875,1,1,1,1,1,0.320634920634921,1,0.510268562401264,0.320695102685624,0.32093023255814,0.307936507936508,0.318037974683544,0.325471698113208,0.419614147909968,0.324534161490683,0.31055900621118,0.311811023622047,1,0.31924882629108,1,0.691489361702128,0.306349206349206,0.304747320061256,0.326433121019108,1,1,1,0.259141494435612,0.31104199066874,1,0.310015898251192,0.327217125382263,0.311111111111111,0.321981424148607,0.691082802547771,1,0.313572542901716,0.314785373608903,1,0.305691056910569,1,0.306748466257669,0.309748427672956,1,1,1,0.542319749216301,1,0.689763779527559,0.0819165378670788,0.322884012539185,1,1,0.094488188976378,0.316037735849057,0.33122028526149,1,1,0.304615384615385,0.0235478806907378,0.0032,1,1,0.334862385321101,0.998430141287284,1,0.313271604938272,1,1,0.314465408805031,1,1,1,1,0.3264,0.31039755351682,0.325878594249201,1,1,0.6671875,0.307814992025518,1,0.317972350230415,0.296062992125984,1,1,1,1,1,0.323943661971831,1,1,0.109872611464968,0.334370139968896,0.488853503184713,0.305111821086262,0.676656151419558,0.31651376146789,1,0.309033280507132,0.324960753532182,0.255054432348367,0.315707620528771,1,0.332307692307692,1,1,1,0.311004784688995,0.325652841781874,1,0.926350245499182,0.0646687697160883,1,0.314375987361769,0.316957210776545,0.310126582278481,1,0.323574730354391,0.469953775038521,0.323529411764706,0.300469483568075,0.315619967793881,0.306836248012719,1,0.323151125401929,1,1,0,1,0.318910256410256,1,1,1,0.327044025157233,1,0.313213703099511,1,0.835403726708075,1,1,1,0.310077519379845,1,1,0.308544303797468,0.313572542901716,1,1,0.312210200927357,0.192604006163328,1,1,1,0,0.307570977917981,1,0.30829420970266,0.241758241758242,1,0.677570093457944,0.437978560490046,1,1,0.683582089552239,0.706708268330733,0.336973478939158,1,0.315372424722662,1,1,0.329073482428115,1,1,0.00783699059561128,0.333333333333333,1,1,0.325396825396825,1,1,0.2992,0.326594090202177,1,1,1,0.529968454258675,0.311627906976744,0.34748427672956,0.320668693009119,0.326594090202177,0.694533762057878,0.323529411764706,0.3265625,0.314641744548287,0.232854864433812,0.324281150159744,1,0.318529862174579,1,0.314152410575428,0.0871559633027523,0.0475460122699387,1,1,0.0396825396825397,1,0.690880989180835,0.0443740095087163,0.0110759493670886,1,0.680379746835443,1,1,0.538341158059468,1,0,0.0713128038897893,1,1,1,0.324367088607595,0.648729446935725,0.692182410423453,0.99537037037037,1,0.984447900466563,0.304552590266876,0.335443037974684,1,0.29635499207607,1,0.366352201257862,0.109872611464968,0.306501547987616,0.315467075038285,0.334459459459459,1,0.0802469135802469,1,1,1,0.253456221198157,0.31687898089172,1,0.321711568938193,1,1,0.30568356374808,1,0.316998468606432,1,0.308306709265176,0.318471337579618,1,0.678571428571429,0.315789473684211,1,0.306089743589744,0.772012578616352,0.315707620528771,0.155172413793103,0.316436251920123,0.769968051118211,0.303174603174603,1,0.31687898089172,0.331775700934579,0.296124031007752,1,1,1,0.972402597402597,0.340909090909091,1,0.325984251968504,1,0.317434210526316,0.315789473684211,1,1,1,0.921011058451817,1,0.308755760368664,0.315217391304348,1,1,0.0461783439490446,0.0834645669291339,1,1,0.303715670436187,1,1,0.308544303797468,1,1,0.682242990654206,0.539755351681957,1,0,1,1,0.0990853658536585,0.32258064516129,1,0.32398753894081,1,0.966613672496025,1,0.81832298136646,1,0.322528363047002,1,1,1,0,0.313504823151125,1,1,0.670866141732283,1,0.318461538461538,0.355590062111801,0.318681318681319,1,1,1,0.0893682588597843,0.315873015873016,0.0912,1,0.303875968992248,0.313364055299539,0.349453978159126,0,1,0.96031746031746,1,1,0.317817014446228,0.298761609907121,0.15569823434992,0.0394321766561514,0.31974921630094,0.313385826771654,0.327666151468315,0.00157232704402516,0.314465408805031,1,0,0.316535433070866,1,1,1,0.31201248049922,0.316923076923077,0.0339805825242718,1,0.309262166405024,0.303599374021909,1,1,0.317460317460317,0.694668820678514,1,1,0.6992,1,0.312977099236641,1,0.306477093206951,0.534456355283308,0.671274961597542,0.398791540785498,1,0.307692307692308,0.315372424722662,0.679186228482003,0.671296296296296,1,0.321372854914197,1,0.321044546850998,1,0.316455696202532,0.308064516129032,0.348101265822785,0.527131782945736,0.315447154471545,0.308544303797468,0.662992125984252,0.313880126182965,0.145395799676898,1,0,1,0.296825396825397,1,0,0.31974921630094,0.317817014446228,1,0.0575757575757576,1,0.0892018779342723,0.330143540669856,1,0.062992125984252,0.67981072555205,1,1,1,0.313001605136437,0.036697247706422,1,0.416798732171157,0.0955414012738854,0.346749226006192,0.327073552425665,0.324492979719189,1,1,1,1,1,0.0636363636363636,0.995391705069124,0.682316118935837,0.00451807228915663,0.31875,1,1,1,1,0.0897832817337461,0.311526479750779,1,1,1,1,1,1,0.495356037151703,0.00158478605388273,1,0.0828125,0.31924882629108,0.433281004709576,1,0.386217948717949,0.313311688311688,0.3140625,1,0.0389408099688473,0.319314641744548,1,1,0.367149758454106,0.308166409861325,0.3046875,0.316129032258064,1,0.317741935483871,0.310832025117739,0.410174880763116,0.318611987381703,0.976452119309262,0.314024390243902,0.0858995137763371,0.319444444444444,0,1,0.0861244019138756,0.301109350237718,0.32120253164557,0.3152,1,1,1,1,1,1,0.324324324324324,1,0.315286624203822,0.313232830820771,0.598449612403101,0.686520376175549,1,1,0,0.310185185185185,0.114241001564945,1,0.0332278481012658,1,1,0.311501597444089,1,1,0.624,0.416393442622951,0.995495495495496,0.0810810810810811,0.10207336523126,1,1,1,0.0886075949367089,0,0.317683881064163,0.415213946117274,0.309597523219814,0,0.327503974562798,0.0881410256410256,1,1,0.31937984496124,0.315047021943574,0.238924050632911,0.334935897435897,0.306853582554517,0.314152410575428,1,1,0.329635499207607,1,0,1,0.219589257503949,1,0.682464454976303,1,0.308777429467085,0.302250803858521,0.0779816513761468,0.680685358255452,1,1,0.785714285714286,0.905537459283388,0.319554848966614,0.308186195826645,1,0.312302839116719,0.254716981132075,0.323343848580442,1,0.0989180834621329,1,1,0.320695102685624,0.683279742765273,0.303030303030303,1,1,0.308527131782946,0.301261829652997,0.328197226502311,0.861904761904762,0.311111111111111,1,0.0514018691588785,1,1,0.693146417445483,0.657728706624606,0.327974276527331,0.0558213716108453,0.316118935837246,1,1,0.306089743589744,0.31924882629108,0.632398753894081,1,0.305295950155763,0.374233128834356,0.300155520995334,0.98145285935085,0.47723704866562,0.0031496062992126,0.305295950155763,0.317073170731707,0.325242718446602,0.313099041533546,0.316998468606432,0.973354231974922,1,0.309262166405024,0.547231270358306,0.688995215311005,0.2296875,0.681372549019608,1,0.319182389937107,0.00158982511923688,0.323343848580442,0.3140625,0.365203761755486,0.315873015873016,0,0.336448598130841,0.312302839116719,0.318541996830428,0.314785373608903
"458",1,1,1,1,1,1,0.698587127158556,1,1,0.101105845181675,1,0.047040971168437,0.8046875,1,0.315047021943574,0.306278713629403,0.0689127105666156,0.685805422647528,1,1,0.281055900621118,0.313935681470138,1,0.168453292496172,1,0.322678843226788,0.311216429699842,1,1,0.7712,0.310030395136778,0.723564954682779,0.962349397590361,0.308166409861325,0,1,0.540958268933539,1,0.305722891566265,1,0.665123456790123,0.676470588235294,0.692653673163418,1,1,0.320754716981132,0.312788906009245,0.309667673716012,0.32370820668693,0.322137404580153,0,1,0.309090909090909,1,1,0.4828125,0.554179566563467,1,1,1,0.334862385321101,0.318529862174579,0.317111459968603,0.67651632970451,1,1,0.0373250388802488,1,0.0612855007473842,0.320668693009119,1,0.324773413897281,0.332273449920509,0.966666666666667,0.515479876160991,1,0.310708898944193,0.337899543378995,1,0.319620253164557,0.0906200317965024,0.331269349845201,0.31937984496124,1,0.342987804878049,1,1,1,1,0.683890577507599,1,1,0,0.112480739599384,1,0.0476900149031297,0,1,0.561128526645768,0.68380062305296,1,0.0544323483670296,0.309859154929577,1,0.312111801242236,1,0.687211093990755,1,0.319875776397516,0.315068493150685,0.318529862174579,1,0.32258064516129,1,0.490936555891239,1,0.320433436532508,0.307926829268293,0.316964285714286,0.3198127925117,0.491525423728814,0.998477929984779,0.314674735249622,0.31637519872814,1,0.303951367781155,1,1,0.332824427480916,0.547904191616767,1,0.311349693251534,1,0.0445103857566766,1,0.310502283105023,0.672205438066465,0.327743902439024,0.929770992366412,0.438003220611916,0.113707165109034,0.10077519379845,1,1,0.332302936630603,1,0.319213313161876,1,0.799696509863429,1,0.325,1,1,1,1,0.33695652173913,1,0.318110236220472,0.262917933130699,1,0.311349693251534,1,0.30521472392638,0.0910518053375196,1,0.313971742543171,1,1,1,0.333333333333333,1,0.328220858895706,1,0.302891933028919,1,0.320251177394035,0.0782208588957055,1,0.637820512820513,1,1,0.31974921630094,1,1,1,1,0.3171875,0.316964285714286,1,0.9984375,0.32262996941896,0.315873015873016,1,0.457886676875957,0.672082717872969,0,0.317972350230415,0.666160849772382,1,0.327794561933535,1,0.998498498498498,1,0.311827956989247,0.324773413897281,0.326498422712934,1,1,1,0,1,0.310344827586207,0.971875,0.326153846153846,0.310077519379845,0.755690440060698,1,1,1,1,1,0.0450310559006211,0.315870570107858,0.326251896813354,1,0.67629179331307,1,1,0.998439937597504,0.998477929984779,1,1,0.00305810397553517,0.326315789473684,1,0.310185185185185,1,0.306278713629403,1,1,1,1,1,0.320987654320988,1,0.507020280811232,0.329192546583851,0.322239031770045,0.311811023622047,0.3328125,0.328660436137072,0.431924882629108,0.332307692307692,0.321044546850998,0.306748466257669,1,0.321483771251932,1,0.682299546142209,0.316846986089645,0.319148936170213,0.333850931677019,1,1,1,0.261755485893417,0.313546423135464,1,0.320433436532508,0.326347305389222,0.30829420970266,0.318529862174579,0.683563748079877,1,0.323216995447648,0.3198127925117,1,0.303317535545024,1,0.313636363636364,0.310344827586207,1,1,1,0.538461538461538,1,0.692307692307692,0.0835820895522388,0.316923076923077,1,1,0.0983358547655068,0.326251896813354,0.328100470957614,1,1,0.303215926493109,0.0261136712749616,0.0031496062992126,1,1,0.340840840840841,1,1,0.310975609756098,1,1,0.320121951219512,1,1,1,1,0.324655436447167,0.313636363636364,0.330683624801272,1,1,0.671802773497689,0.312883435582822,1,0.319148936170213,0.297971918876755,1,1,0.998477929984779,1,1,0.32258064516129,1,1,0.117834394904459,0.335843373493976,0.49768875192604,0.308049535603715,0.666146645865835,0.314503816793893,1,0.313084112149533,0.330218068535826,0.263803680981595,0.321752265861027,1,0.329323308270677,1,1,1,0.313664596273292,0.322727272727273,0.998484848484849,0.916666666666667,0.0669781931464174,1,0.308396946564885,0.3203125,0.316358024691358,1,0.327272727272727,0.47758887171561,0.323076923076923,0.311912225705329,0.318037974683544,0.30625,1,0.3171875,1,1,0,1,0.318181818181818,1,1,1,0.330246913580247,1,0.310725552050473,1,0.828483920367534,1,1,1,0.314329738058552,1,1,0.306625577812018,0.316846986089645,1,1,0.315301391035549,0.194570135746606,1,0.998473282442748,1,0,0.311320754716981,1,0.304878048780488,0.252679938744257,1,0.670731707317073,0.430930930930931,1,1,0.678571428571429,0.701863354037267,0.345679012345679,1,0.326625386996904,1,1,0.332298136645963,1,0.998447204968944,0.00617283950617284,0.327666151468315,1,1,0.319182389937107,1,1,0.305900621118012,0.340458015267176,1,1,1,0.529051987767584,0.308980213089802,0.337442218798151,0.310911808669656,0.329787234042553,0.694704049844237,0.333333333333333,0.328173374613003,0.312594840667678,0.23963133640553,0.324492979719189,1,0.322239031770045,0.998449612403101,0.30781010719755,0.0874811463046757,0.0528700906344411,1,1,0.0401234567901235,1,0.68429003021148,0.0460829493087558,0.00782472613458529,1,0.674382716049383,1,1,0.552590266875981,1,0,0.0763116057233704,1,1,1,0.325984251968504,0.64868804664723,0.696,0.995440729483283,1,0.984732824427481,0.29922480620155,0.3375,1,0.304075235109718,1,0.374617737003058,0.1125,0.309667673716012,0.311377245508982,0.332242225859247,1,0.0853293413173653,1,1,1,0.267477203647416,0.320373250388802,1,0.324031007751938,1,1,0.312121212121212,1,0.322916666666667,1,0.3078125,0.324534161490683,1,0.678071539657854,0.317577548005908,1,0.313664596273292,0.758832565284178,0.315233785822021,0.165137614678899,0.322822822822823,0.76271186440678,0.306477093206951,1,0.326656394453005,0.336890243902439,0.290571870170015,1,1,1,0.966019417475728,0.34248788368336,1,0.321144674085851,1,0.323717948717949,0.322137404580153,1,1,1,0.91324200913242,1,0.303030303030303,0.321752265861027,1,1,0.0514820592823713,0.0832025117739403,1,1,0.308527131782946,1,1,0.309119010819165,1,1,0.683153013910355,0.538805970149254,1,0,1,1,0.103915662650602,0.320872274143302,1,0.325227963525836,0.998452012383901,0.961119751166407,0.998442367601246,0.812121212121212,1,0.323151125401929,1,1,1,0,0.312698412698413,1,1,0.67651632970451,1,0.319938176197836,0.361702127659574,0.318885448916409,1,1,1,0.0953101361573374,0.318037974683544,0.0940438871473354,0.998454404945904,0.307922272047833,0.310872894333844,0.351309707241911,0,1,0.953846153846154,1,1,0.318252730109204,0.305389221556886,0.169491525423729,0.0386996904024768,0.319148936170213,0.308411214953271,0.322727272727273,0,0.309486780715397,1,0,0.321752265861027,1,1,1,0.319758672699849,0.321321321321321,0.0333333333333333,1,0.316279069767442,0.311550151975684,1,1,0.321928460342146,0.691935483870968,1,1,0.695384615384615,1,0.312024353120244,1,0.315870570107858,0.530734632683658,0.66965620328849,0.410958904109589,1,0.300898203592814,0.318461538461538,0.6797583081571,0.665158371040724,1,0.32375189107413,1,0.323353293413174,1,0.31733746130031,0.307692307692308,0.361408882082695,0.537993920972644,0.315217391304348,0.31104199066874,0.667692307692308,0.314589665653495,0.154213036565978,1,0,1,0.288854003139717,1,0,0.32398753894081,0.319182389937107,1,0.0612855007473842,1,0.0874233128834356,0.342229199372057,1,0.0681114551083591,0.670750382848392,1,1,1,0.30952380952381,0.0406015037593985,1,0.426380368098159,0.0987460815047022,0.357142857142857,0.319277108433735,0.329754601226994,1,1,1,1,1,0.0673652694610778,0.995447647951442,0.685015290519878,0.00293685756240822,0.322188449848024,1,1,1,1,0.093167701863354,0.319758672699849,1,1,1,1,1,1,0.494736842105263,0,1,0.0863636363636364,0.326219512195122,0.445131375579598,1,0.389751552795031,0.312399355877617,0.30781010719755,1,0.0414746543778802,0.314984709480122,1,1,0.370486656200942,0.305471124620061,0.305810397553517,0.317610062893082,0.998466257668712,0.328660436137072,0.31570996978852,0.423017107309487,0.316118935837246,0.968133535660091,0.312312312312312,0.0890625,0.319314641744548,0,1,0.0956112852664577,0.305863708399366,0.321483771251932,0.315301391035549,1,1,1,1,1,1,0.329093799682035,1,0.31839258114374,0.313821138211382,0.608024691358025,0.672413793103448,1,1,0,0.312121212121212,0.125757575757576,0.998509687034277,0.0370942812982998,1,1,0.315457413249211,1,1,0.628930817610063,0.41786283891547,0.995607613469985,0.0829420970266041,0.0995334370139969,1,1,1,0.0939907550077042,0,0.315629742033384,0.423017107309487,0.318042813455657,0,0.322932917316693,0.089171974522293,1,1,0.321156773211568,0.312977099236641,0.250384024577573,0.333860759493671,0.315629742033384,0.322678843226788,1,1,0.325,1,0,1,0.224111282843895,1,0.6797583081571,1,0.309968847352025,0.308426073131955,0.0790273556231003,0.674698795180723,1,1,0.787925696594427,0.893819334389857,0.317411402157165,0.318181818181818,1,0.317683881064163,0.261205564142195,0.3216,1,0.106544901065449,1,1,0.31306990881459,0.681388012618297,0.316770186335404,1,1,0.302611367127496,0.308755760368664,0.314759036144578,0.858034321372855,0.320872274143302,1,0.060882800608828,1,1,0.701062215477997,0.653250773993808,0.32120253164557,0.0552147239263804,0.320433436532508,1,1,0.311424100156495,0.32469512195122,0.623277182235835,1,0.311278195488722,0.378048780487805,0.313725490196078,0.983154670750383,0.4703125,0.00151975683890578,0.306278713629403,0.326347305389222,0.329113924050633,0.311605723370429,0.32383808095952,0.967791411042945,1,0.314984709480122,0.548489666136725,0.684292379471229,0.237730061349693,0.684126984126984,1,0.321538461538462,0.00312989045383412,0.328149300155521,0.30920060331825,0.368340943683409,0.313971742543171,0,0.331306990881459,0.31378763866878,0.320872274143302,0.311827956989247
"459",1,1,1,1,1,1,0.723027375201288,1,1,0.107936507936508,1,0.048062015503876,0.79454253611557,1,0.299524564183835,0.280564263322884,0.0695517774343122,0.705211726384365,1,1,0.2671875,0.296825396825397,1,0.172897196261682,1,0.313178294573643,0.300632911392405,1,1,0.76031746031746,0.290519877675841,0.705069124423963,0.964230171073095,0.29393468118196,0,1,0.568992248062016,1,0.28030303030303,1,0.686427457098284,0.69620253164557,0.711009174311927,1,1,0.297124600638978,0.291731669266771,0.288109756097561,0.304012345679012,0.31055900621118,0,1,0.288819875776398,1,1,0.478537360890302,0.568720379146919,1,1,1,0.309375,0.304761904761905,0.296062992125984,0.698907956318253,1,1,0.037914691943128,1,0.0639269406392694,0.298165137614679,1,0.296754250386399,0.3078125,0.974603174603175,0.529320987654321,1,0.291925465838509,0.316666666666667,1,0.302884615384615,0.100164203612479,0.30503144654088,0.312989045383412,1,0.319875776397516,1,1,1,1,0.706605222734255,1,1,0.00156985871271586,0.1201248049922,1,0.0519083969465649,0,1,0.582381729200653,0.690851735015773,1,0.0599369085173502,0.295886075949367,1,0.296411856474259,1,0.7015625,1,0.299212598425197,0.297507788161994,0.298461538461538,1,0.304212168486739,1,0.51301684532925,1,0.293291731669267,0.319018404907975,0.300153139356815,0.298245614035088,0.50314465408805,1,0.299847792998478,0.293460925039872,1,0.287901990811639,1,1,0.346153846153846,0.556390977443609,1,0.29393468118196,1,0.0465465465465465,1,0.292307692307692,0.691472868217054,0.309006211180124,0.926216640502355,0.418416801292407,0.117460317460317,0.106646058732612,1,1,0.313664596273292,1,0.295665634674923,1,0.785046728971963,1,0.30952380952381,1,1,1,1,0.313971742543171,1,0.304347826086957,0.2782874617737,1,0.291021671826625,1,0.278740157480315,0.0950871632329636,1,0.290015847860539,1,1,1,0.322480620155039,1,0.31055900621118,1,0.285491419656786,1,0.295345104333868,0.0842433697347894,1,0.651539708265802,1,1,0.296,1,1,1,1,0.301412872841444,0.294027565084227,1,1,0.302147239263804,0.288643533123028,1,0.466049382716049,0.685714285714286,0,0.304147465437788,0.686915887850467,1,0.304878048780488,1,1,1,0.301412872841444,0.299694189602446,0.309294871794872,1,1,1,0,1,0.286624203821656,0.9734375,0.300955414012739,0.296875,0.753086419753086,1,1,1,1,1,0.0482115085536547,0.302507836990596,0.308282208588957,1,0.699074074074074,1,1,0.998439937597504,1,1,1,0.00467289719626168,0.331278890600925,1,0.286392405063291,1,0.287692307692308,1,1,1,1,1,0.300632911392405,1,0.492138364779874,0.305772230889236,0.310291858678955,0.294770206022187,0.298887122416534,0.30564263322884,0.410828025477707,0.313178294573643,0.291277258566978,0.290372670807453,1,0.300955414012739,1,0.710323574730354,0.289763779527559,0.332298136645963,0.310832025117739,1,1,1,0.278740157480315,0.288188976377953,1,0.306729264475743,0.301829268292683,0.288854003139717,0.302795031055901,0.7015625,1,0.299392097264438,0.294025157232704,1,0.289430894308943,1,0.292682926829268,0.297674418604651,1,1,1,0.564742589703588,1,0.702660406885759,0.0957446808510638,0.297971918876755,1,1,0.108231707317073,0.30077519379845,0.306962025316456,1,1,0.282407407407407,0.0248447204968944,0.00319488817891374,1,1,0.320987654320988,0.998422712933754,1,0.288990825688073,1,1,0.292569659442724,1,1,1,1,0.313971742543171,0.29500756429652,0.31687898089172,1,1,0.690076335877863,0.297169811320755,1,0.302290076335878,0.276729559748428,1,1,1,1,1,0.298887122416534,1,1,0.123397435897436,0.313271604938272,0.483306836248013,0.283255086071987,0.691107644305772,0.30030959752322,1,0.29140127388535,0.317262830482115,0.278033794162826,0.300623052959502,1,0.309451219512195,1,1,1,0.290880503144654,0.301223241590214,1,0.918831168831169,0.0715421303656598,1,0.291079812206573,0.295527156549521,0.294770206022187,1,0.311349693251534,0.488335925349922,0.305295950155763,0.295489891135303,0.292604501607717,0.285714285714286,1,0.304761904761905,1,1,0,1,0.296875,1,1,1,0.310897435897436,1,0.296178343949045,1,0.809968847352025,1,1,1,0.293291731669267,1,1,0.285046728971963,0.294488188976378,1,1,0.297339593114241,0.214618973561431,1,1,1,0,0.29570747217806,1,0.288819875776398,0.265210608424337,1,0.694444444444444,0.412576687116564,1,1,0.698340874811463,0.718995290423862,0.326594090202177,1,0.296238244514107,1,1,0.314241486068111,1,1,0.00940438871473354,0.303317535545024,1,1,0.295238095238095,1,1,0.280701754385965,0.352112676056338,1,1,1,0.511700468018721,0.292569659442724,0.326465927099842,0.304477611940298,0.310832025117739,0.710280373831776,0.305555555555556,0.308755760368664,0.296124031007752,0.265210608424337,0.3008,1,0.305555555555556,1,0.299079754601227,0.0950226244343891,0.0562310030395137,1,1,0.0401854714064915,1,0.707055214723926,0.0462249614791988,0.0142405063291139,1,0.697784810126582,1,1,0.547581903276131,1,0,0.0809061488673139,1,1,1,0.30173775671406,0.664661654135338,0.709470304975923,0.992331288343558,1,0.981308411214953,0.286604361370716,0.355932203389831,1,0.294392523364486,1,0.359937402190923,0.115141955835962,0.296296296296296,0.293846153846154,0.319932998324958,1,0.0876923076923077,1,1,1,0.279034690799397,0.300940438871473,1,0.302694136291601,1,1,0.29483282674772,1,0.300604229607251,1,0.288188976377953,0.302839116719243,1,0.702362204724409,0.29607250755287,1,0.286846275752773,0.753105590062112,0.3,0.180277349768875,0.300455235204856,0.748043818466354,0.291993720565149,1,0.306976744186047,0.312788906009245,0.270769230769231,1,1,1,0.966237942122186,0.353035143769968,1,0.3008,1,0.297560975609756,0.307575757575758,1,1,1,0.909937888198758,1,0.292944785276074,0.296875,1,1,0.0545746388443018,0.0881889763779528,1,1,0.296238244514107,1,1,0.293563579277865,1,1,0.696875,0.552352048558422,1,0,1,1,0.110429447852761,0.30564263322884,1,0.301261829652997,1,0.964230171073095,1,0.80521472392638,1,0.312297734627832,1,1,1,0,0.301435406698565,1,1,0.691082802547771,1,0.303405572755418,0.340557275541796,0.293846153846154,1,1,1,0.101382488479263,0.29922480620155,0.10031847133758,1,0.293577981651376,0.291858678955453,0.329754601226994,0,1,0.956043956043956,1,1,0.302839116719243,0.286594761171032,0.173708920187793,0.0408805031446541,0.296875,0.297090352220521,0.302936630602782,0.0016,0.296583850931677,1,0,0.296636085626911,1,1,1,0.300153139356815,0.301801801801802,0.0372771474878444,1,0.294209702660407,0.286594761171032,1,1,0.302652106084243,0.7216,1,1,0.705974842767296,1,0.291793313069909,1,0.302507836990596,0.552307692307692,0.688751926040062,0.398496240601504,1,0.280966767371601,0.294753086419753,0.694573643410853,0.681957186544342,1,0.305555555555556,1,0.299546142208775,1,0.296411856474259,0.286407766990291,0.33641975308642,0.511591962905719,0.2944,0.286634460547504,0.683307332293292,0.29595015576324,0.163166397415186,1,0,1,0.276295133437991,1,0,0.310344827586207,0.293739967897271,1,0.0617469879518072,1,0.0990712074303406,0.32120253164557,1,0.0691823899371069,0.686520376175549,1,1,1,0.2914653784219,0.0460829493087558,1,0.415094339622642,0.107981220657277,0.33693972179289,0.308527131782946,0.302507836990596,1,1,1,1,1,0.0684931506849315,0.996946564885496,0.705701078582434,0.00445765230312036,0.304012345679012,1,1,1,1,0.0975232198142415,0.293051359516616,1,1,1,1,1,1,0.507598784194529,0.00158982511923688,1,0.093167701863354,0.296124031007752,0.455974842767296,1,0.367741935483871,0.298701298701299,0.296754250386399,1,0.0457413249211356,0.305084745762712,1,1,0.348031496062992,0.286377708978328,0.2953125,0.302737520128824,1,0.302362204724409,0.300314465408805,0.408450704225352,0.300787401574803,0.975155279503106,0.293313069908815,0.0913461538461538,0.30829420970266,0,1,0.0987460815047022,0.291338582677165,0.29874213836478,0.294670846394984,1,1,1,1,1,1,0.3140625,1,0.300157977883096,0.299835255354201,0.584496124031008,0.702028081123245,1,1,0,0.292609351432881,0.130365659777424,1,0.0362204724409449,1,1,0.294952681388013,1,1,0.625,0.408427876823339,0.998502994011976,0.0903328050713154,0.112341772151899,1,1,1,0.0981012658227848,0,0.30030959752322,0.40282131661442,0.293759512937595,0,0.30298273155416,0.0946372239747634,1,1,0.297546012269939,0.296124031007752,0.262672811059908,0.312698412698413,0.292758089368259,0.308396946564885,1,1,0.305863708399366,1,0,1,0.24685534591195,1,0.70015455950541,1,0.299843014128728,0.282467532467532,0.0802469135802469,0.693251533742331,1,1,0.801574803149606,0.8976,0.302839116719243,0.2944,1,0.303125,0.272151898734177,0.30379746835443,1,0.115384615384615,1,1,0.294670846394984,0.692556634304207,0.29047619047619,1,1,0.282170542635659,0.287713841368585,0.29607250755287,0.863275039745628,0.293739967897271,1,0.0639625585023401,1,1,0.7171875,0.660990712074303,0.300970873786408,0.0579029733959311,0.302547770700637,1,1,0.287519747235387,0.30173775671406,0.645510835913313,1,0.289634146341463,0.358372456964006,0.286594761171032,0.984591679506934,0.489795918367347,0.00467289719626168,0.284178187403994,0.30640243902439,0.304416403785489,0.293929712460064,0.304545454545455,0.969465648854962,1,0.291021671826625,0.569354838709677,0.708399366085578,0.255417956656347,0.706840390879479,1,0.307210031347962,0.00316455696202532,0.302325581395349,0.300462249614792,0.357032457496136,0.297045101088647,0,0.316455696202532,0.296774193548387,0.30622009569378,0.297939778129952
"460",0.302737520128824,0.322981366459627,0.319488817891374,0.334928229665072,0.311708860759494,0.308306709265176,0.00970873786407767,0.329635499207607,0.311424100156495,0.566993464052288,0.32348367029549,0.637795275590551,0.517628205128205,0.319422150882825,1,1,0.612752721617418,0,0.331730769230769,0.309033280507132,1,1,0.324451410658307,0.509375,0.315541601255887,1,1,0.337115072933549,0.312210200927357,0.52724358974359,1,0.584639498432602,0.36817472698908,0.996820349761526,0.662884927066451,0.318255250403877,0.141494435612083,0.325508607198748,1,0.309748427672956,0,0,0,0.328571428571429,0.323151125401929,1,0.996850393700787,1,1,1,0.683385579937304,0.330097087378641,1,0.33122028526149,0.311145510835913,0.829545454545455,0.121212121212121,0.32,0.321875,0.323390894819466,0.993808049535604,1,1,0.00158982511923688,0.315181518151815,0.322834645669291,0.648562300319489,0.326984126984127,0.594470046082949,1,0.318681318681319,1,1,0.276252019386107,0.158805031446541,0.318461538461538,1,0.996913580246914,0.326594090202177,1,0.600985221674877,1,1,0.325508607198748,1,0.327102803738318,0.315619967793881,0.332807570977918,0.319685039370079,0,0.320325203252033,0.326687116564417,0.679936305732484,0.580696202531646,0.314009661835749,0.632558139534884,0.678233438485804,0.31201248049922,0.116086235489221,0,0.315789473684211,0.614767255216693,1,0.313821138211382,1,0.322327044025157,0,0.323943661971831,1,1,1,0.307210031347962,0.998417721518987,0.336990595611285,0.189147286821705,0.312788906009245,1,0.376360808709176,1,1,0.187301587301587,0.3140625,1,1,0.334905660377358,1,0.323880597014925,0.322884012539185,0.36031746031746,0.769953051643192,0.322950819672131,1,0.337662337662338,0.63020030816641,0.33974358974359,1,0,1,0.384493670886076,0.894480519480519,0.585173501577287,0.588328075709779,0.317152103559871,0.328407224958949,1,0.319685039370079,1,0.303656597774245,0.507064364207221,0.321928460342146,1,0.313694267515924,0.316957210776545,0.327447833065811,0.329113924050633,1,0.313099041533546,1,0.42992125984252,0.328660436137072,1,0.328125,1,0.583333333333333,0.324237560192616,1,0.323763955342903,0.321372854914197,0.332278481012658,0.990580847723705,0.331730769230769,1,0.332794830371567,1,0.321252059308072,1,0.587301587301587,0.303317535545024,0.0264462809917355,0.298869143780291,0.32,1,0.312597200622084,0.324367088607595,0.328593996840442,0.343307086614173,1,1,0.330112721417069,0.330188679245283,1,1,0.327102803738318,0.231139646869984,0.0152671755725191,0.687106918238994,1,0,0.31496062992126,1,0.329073482428115,0.307210031347962,0.31974921630094,0.9968,1,1,0.330781010719755,0.319148936170213,0.321372854914197,0.677884615384615,0.308186195826645,1,0.342356687898089,1,1,0.44496855345912,0.323248407643312,0.323076923076923,0.327503974562798,0.313694267515924,0.31629392971246,0.641955835962145,1,1,0.312893081761006,0.00156985871271586,0.330232558139535,0.320987654320988,0.323763955342903,0.310832025117739,0.30298273155416,0.326186830015314,0.691338582677165,0.357254290171607,0.3046875,1,0.329032258064516,1,0.305863708399366,0.314285714285714,0.320695102685624,0.330658105939005,0.310743801652893,1,0.324960753532182,0.800322061191626,1,1,1,1,1,0.893890675241158,1,1,1,0.322378716744914,1,0.331136738056013,0,1,0.382716049382716,1,0.321027287319422,0.324367088607595,0.321086261980831,0.414976599063963,1,0.32018927444795,1,1,1,1,0,0.316455696202532,1,1,0.330708661417323,1,0.324451410658307,1,1,0.314606741573034,0.329545454545455,0.303174603174603,0.145539906103286,0.329617834394904,0,0.58307210031348,1,0.325471698113208,0.325914149443561,0.567610062893082,1,1,0.331707317073171,0.330658105939005,1,0.653605015673981,0.695299837925446,0.305379746835443,0.320066334991708,0.996913580246914,0.325434439178515,0.309559939301973,1,0.32,0.308527131782946,1,0.314102564102564,0.318979266347687,0.319554848966614,0.325434439178515,1,1,1,0.310236220472441,0.3264,0.00775193798449612,0.996805111821086,0.335504885993485,1,1,0.317484662576687,0.335413416536661,0.309859154929577,0.3232,0.319554848966614,1,0.311216429699842,0.317460317460317,0.567880794701987,1,0.846275752773376,1,0,1,0.323529411764706,1,1,0.416923076923077,1,0.321486268174475,1,0.307570977917981,0.312101910828025,0.316118935837246,1,1,0.326984126984127,0.400329489291598,0.596153846153846,0.299679487179487,1,1,1,0.319805194805195,1,0.1952,1,1,1,1,0.330173775671406,1,0.321311475409836,0.338187702265372,0.673469387755102,0.306709265175719,1,0.323943661971831,0.324451410658307,0.316993464052288,1,0.318952234206472,1,0.325581395348837,0.488958990536278,0.330188679245283,0.333868378812199,0.312989045383412,1,0.33063209076175,0.310897435897436,1,1,0.326923076923077,0.311605723370429,1,0.472222222222222,0.320066334991708,0.323390894819466,0.329704510108865,0.671339563862928,1,0.304487179487179,1,0.420545746388443,0.315955766192733,0,0.894573643410853,0.323717948717949,0.3248,0,0.028125,0.985849056603774,0.311320754716981,1,0.317307692307692,0.322422258592471,1,0.333853354134165,0.320634920634921,0.67032967032967,1,0.328525641025641,0.326366559485531,1,0.31496062992126,0.310177705977383,1,0.335949764521193,0.314009661835749,0.322884012539185,0.334379905808477,0.802215189873418,1,0.97752808988764,1,1,0,1,0.996875,1,0.416536661466459,0.998373983739837,0.312307692307692,0.996894409937888,0.33652312599681,0.9984375,0.605504587155963,0.622874806800618,0.322429906542056,0.321981424148607,0.642969984202212,0.323101777059774,0,0.622641509433962,0.676898222940226,0.330721003134796,0,0.324451410658307,0.314696485623003,0.77175697865353,0.328100470957614,0.690251572327044,0.587275693311582,0.324367088607595,0.325984251968504,0.30173775671406,1,0.0213089802130898,0,0.322884012539185,0.329173166926677,0.335987261146497,1,0.340659340659341,0.323390894819466,1,0.308176100628931,0.950793650793651,0.562903225806452,1,1,0.995024875621891,0.324534161490683,0.602465331278891,0.325545171339564,0.312399355877617,0.3184,0.419656786271451,1,0.309409888357257,1,0.33387358184765,0.324193548387097,1,0.330645161290323,1,0.326860841423948,1,1,0.326465927099842,0,1,0.323943661971831,1,0.568535825545171,1,0.5,1,0.565079365079365,1,0.317817014446228,1,1,1,0.313479623824451,0.324193548387097,0.316279069767442,0.35632183908046,0.33665008291874,0.319875776397516,1,0.3312,1,1,0.32807570977918,0.322061191626409,0.31875,0.394568690095847,0.32348367029549,1,1,0.327586206896552,0.3264,0.62621359223301,0.589825119236884,0.31496062992126,0.323151125401929,1,0.310832025117739,0.316358024691358,0.995260663507109,0.312602291325696,0.317034700315457,0,0.136712749615975,0.3216,0.684370257966616,0.31924882629108,0.332293291731669,0.595348837209302,0.998435054773083,0.309677419354839,1,0.318471337579618,0.346092503987241,0.318471337579618,0.478672985781991,0.319488817891374,1,0.32398753894081,0.322274881516588,0.330097087378641,0.684044233807267,1,0.336,0.324960753532182,0,0.331259720062208,1,0.9671875,1,0.333860759493671,0.31911532385466,0.313694267515924,0.581648522550544,1,0.587479935794542,0.335473515248796,1,1,0.968701095461659,0.677884615384615,0.333333333333333,0.364353312302839,0.327131782945736,0.32018927444795,1,1,0.5136,0.633757961783439,1,1,1,0.688816855753647,1,0.326053042121685,0.67981072555205,1,0.32753164556962,0.32484076433121,0.324237560192616,0.998439937597504,1,0.638752052545156,0.323248407643312,1,1,0.325471698113208,0.316118935837246,1,0,0.319422150882825,0.314465408805031,0.00316455696202532,0.322327044025157,1,0.306581059390048,1,0.1453125,0,0.901365705614568,0.334394904458599,1,1,0,0,0.331738437001595,1,0.309791332263242,1,0.316211878009631,1,0.998394863563403,0.973228346456693,0.778662420382166,1,1,0.00316455696202532,1,0.512987012987013,0.328455284552846,0.668721109399075,0.324534161490683,1,0.312698412698413,0.673015873015873,1,1,0.318255250403877,0.61144578313253,0.334394904458599,0.581583198707593,0.97933227344992,0.334905660377358,0.594339622641509,0.00638977635782748,0.316037735849057,0.325396825396825,0.322274881516588,1,0.6328125,0.315132605304212,0.908945686900958,0.57258064516129,0.972350230414747,1,1,0.3140625,0.337115072933549,0.3104,0.319314641744548,0.311424100156495,0.607963246554365,0.316118935837246,0,0.672256097560976,0.998427672955975,0.329052969502408,0.314873417721519,0.322950819672131,0.322429906542056,0.593949044585987,1,0.339144215530903,0.339774557165862,0.333333333333333,0.329093799682035,0.31201248049922,0.311501597444089,0.187596899224806,0.684380032206119,0.323809523809524,0.594383775351014,1,0.239747634069401,0.324367088607595,0.93485342019544,1,1,0.318979266347687,0.638230647709321,1,0.324960753532182,0.298245614035088,0.961722488038278,1,1,0.998371335504886,0.321928460342146,1,1,0.89792663476874,1,0.355799373040752,1,0.587096774193548,1,0.668759811616955,0.304416403785489,0.5904,1,1,0.991935483870968,0.327073552425665,0.331230283911672,0.330605564648118,0.324921135646688,0.32300163132137,0.331730769230769,0.987179487179487,0.312989045383412,1,1,0.709175738724728,0,0.320813771517997,0.321316614420063,0.677067082683307,1,0.560821484992101,0.330232558139535,0.642289348171701,0.315705128205128,0.32475884244373,1,0.315619967793881,0.32258064516129,0.681818181818182,0.905228758169935,0.31969696969697,0.599348534201954,0.571428571428571,0.322784810126582,0.325358851674641,0.305111821086262,0.590764331210191,0.685714285714286,1,0.916139240506329,1,0.666666666666667,0.998392282958199,0.581699346405229,0.3203125,0.324237560192616,1,1,0.42992125984252,0.996768982229402,0.998420221169036,1,0.310618066561014,0.331775700934579,1,0.313935681470138,0.67981072555205,0.338735818476499,0.453376205787781,0.311688311688312,0,0.31104199066874,1,1,0.593004769475358,0,0.338072669826224,0.325,0.1046875,0.426446280991736,1,1,0.31911532385466,1,0.404838709677419,1,0.331811263318113,0.585669781931464,0.325949367088608,0.325842696629214,1,0,1,0.314194577352472,0.324367088607595,1,1,1,0.446982055464927,1,0.326923076923077,0.607198748043818,0.332802547770701,0.33112582781457,0,0.0305466237942122,1,0.616352201257862,1,0.332293291731669,0.332247557003257,1,1,0.166407465007776,0.309748427672956,1,0.893915756630265,1,0.326594090202177,0.19872813990461,0.660855784469097,1,1,1,1,1,0.28393135725429,0.309791332263242,1,0.113861386138614,0,0.444099378881988,0,0.330683624801272,1,0.6736,1,1,0.890822784810127,1,0.680124223602484,1,1,1,1
"461",0.665123456790123,0.650817236255572,0.654078549848943,0.639939485627837,0.657616892911011,0.664145234493192,0.963746223564955,0.645645645645646,0.653846153846154,0.469860896445131,0.645833333333333,0.392961876832845,0.445288753799392,0.650224215246637,0.0284431137724551,0.0327868852459016,0.414454277286136,0.973643410852713,0.641025641025641,0.652757078986587,0.0288315629742033,0.0275229357798165,0.650145772594752,0.516129032258065,0.664190193164933,0.026865671641791,0.0292758089368259,0.622874806800618,0.652941176470588,0.434848484848485,0.0313432835820895,0.365102639296188,0.6,0.024024024024024,0.365413533834586,0.648818897637795,0.887387387387387,0.646359583952452,0.0249266862170088,0.654970760233918,0.977477477477477,0.97593984962406,0.970544918998527,0.642215568862275,0.652503793626707,0.027231467473525,0.0195488721804511,0.0265486725663717,0.0311111111111111,0.0278184480234261,0.339791356184799,0.643292682926829,0.0252225519287834,0.641063515509601,0.651651651651652,0.148148148148148,0.904109589041096,0.647147147147147,0.65037037037037,0.642642642642643,0.0222222222222222,0.0253731343283582,0.0255255255255255,0.984984984984985,0.650695517774343,0.64767616191904,0.379727685325265,0.639344262295082,0.422125181950509,0.0265486725663717,0.651917404129793,0.0266272189349112,0.0231839258114374,0.69218989280245,0.870967741935484,0.654124457308249,0.028023598820059,0.0237037037037037,0.64306784660767,0.0308166409861325,0.43944099378882,0.0238805970149254,0.0284005979073244,0.641791044776119,0.0221565731166913,0.65123010130246,0.664167916041979,0.635276532137519,0.644677661169415,0.976296296296296,0.655436447166922,0.644793152639087,0.35207100591716,0.451994091580502,0.649769585253456,0.403508771929825,0.356390977443609,0.646449704142012,0.906441717791411,0.974320241691843,0.65345080763583,0.417168674698795,0.0303030303030303,0.660964230171073,0.031866464339909,0.652905198776758,0.973013493253373,0.648967551622419,0.0284431137724551,0.029673590504451,0.0267062314540059,0.656804733727811,0.0191740412979351,0.639221556886228,0.826023391812866,0.664748201438849,0.0251851851851852,0.662241887905605,0.0273381294964029,0.0256797583081571,0.832585949177877,0.655223880597015,0.0248901903367496,0.0227617602427921,0.637573964497041,0.0312035661218425,0.646638054363376,0.654970760233918,0.662704309063893,0.25904486251809,0.647865853658537,0.0285285285285285,0.643504531722054,0.402031930333817,0.643185298621746,0.028023598820059,0.974702380952381,0.0268256333830104,0.585438335809807,0.140866873065015,0.453996983408748,0.43202416918429,0.65321375186846,0.640364188163885,0.0254110612855007,0.653902798232695,0.0246734397677794,0.661218424962853,0.458579881656805,0.646627565982405,0.0274390243902439,0.658682634730539,0.65402124430956,0.650306748466258,0.644916540212443,0.0256797583081571,0.664167916041979,0.0254491017964072,0.598200899550225,0.641063515509601,0.0297619047619048,0.644314868804665,0.0312035661218425,0.443946188340807,0.649769585253456,0.0257966616084977,0.654357459379616,0.655325443786982,0.640834575260805,0.0237388724035608,0.644144144144144,0.0199692780337942,0.639939485627837,0.0209580838323353,0.645865834633385,0.0273972602739726,0.438988095238095,0.666165413533835,0.989010989010989,0.666666666666667,0.64767616191904,0.0257575757575758,0.662704309063893,0.644144144144144,0.649851632047478,0.647407407407407,0.027027027027027,0.0206185567010309,0.646341463414634,0.63963963963964,0.0308823529411765,0.0290519877675841,0.644776119402985,0.797058823529412,0.991341991341991,0.348281016442451,0.0267459138187221,0.980712166172107,0.647845468053492,0.0279411764705882,0.647779479326187,0.664705882352941,0.651651651651652,0.0328358208955224,0.025,0.0244648318042813,0.63901018922853,0.653963414634146,0.652616279069767,0.35258358662614,0.662650602409639,0.0257575757575758,0.625920471281296,0.0194319880418535,0.0253731343283582,0.583086053412463,0.64167916041979,0.650957290132548,0.639517345399698,0.660237388724036,0.656534954407295,0.397608370702541,0.0286144578313253,0.029806259314456,0.657817109144543,0.979351032448378,0.639941690962099,0.650724637681159,0.649253731343284,0.65727002967359,0.666666666666667,0.646888567293777,0.336283185840708,0.673020527859237,0.656760772659733,0.027190332326284,0.638719512195122,0.0282738095238095,0.654357459379616,0.654708520179372,0.661654135338346,0.638167938931298,0.666158536585366,0.0253353204172876,0.645588235294118,0.18018018018018,0.0266272189349112,0.0250737463126844,0.0197869101978691,0.0255639097744361,0.0316265060240964,0.134848484848485,0.0311572700296736,0.025260029717682,0.0234604105571848,0.656023222060958,0.0297176820208024,0.647515527950311,0.976811594202899,0.0266666666666667,0.651470588235294,0.027231467473525,0.64,0.645112781954887,0.647761194029851,0.609212481426449,0.0316265060240964,0.646971935007385,0.027355623100304,0.0234604105571848,0.0207715133531157,0.0265095729013255,0.974397590361446,0.653092006033183,0.0281481481481481,0.0225903614457831,0.64167916041979,0.0261941448382126,0.647321428571429,0.0265486725663717,0.029806259314456,0.656488549618321,0.645990922844175,0.666172106824926,0.884498480243161,0.644716692189893,0.976154992548435,0.440751445086705,0.0267857142857143,0.645588235294118,0.652439024390244,0.446902654867257,0.029673590504451,0.0258751902587519,0.636792452830189,0.646176911544228,0.0294985250737463,0.379727685325265,0.335854765506808,0.660550458715596,0.648318042813456,0.0205278592375367,0.642324888226528,0.662790697674419,0.029585798816568,0.65327380952381,0.662141779788839,0.0267459138187221,0.654191616766467,0.663636363636364,0.654814814814815,0.64767616191904,0.0237388724035608,0.0277777777777778,0.0212765957446809,0.658246656760773,0.64767616191904,0.967213114754098,0.0165165165165165,0.636085626911315,0.0220913107511046,0.0294550810014728,0.655882352941176,0.638643067846608,0.657698056801196,0.648809523809524,0.648367952522255,0.024024024024024,0.664661654135338,0.658132530120482,0.469135802469136,0.0253353204172876,0.18955223880597,0.0291411042944785,0.971428571428571,0.0277777777777778,0.64327485380117,0.028657616892911,0.0258751902587519,0.60672514619883,0.0250368188512518,0.646879756468798,0.0260869565217391,0.657056145675266,0.663650075414781,0.657856093979442,0.0257186081694402,0.0279411764705882,0.648888888888889,0.568992248062016,0.429210134128167,0.666666666666667,0.029940119760479,0.0257966616084977,0.0226244343891403,0.641653905053599,0.0263929618768328,0.838038632986627,0.029673590504451,0.0222882615156018,0.0275650842266462,0.0239520958083832,0.642752562225476,0.0272727272727273,0.6453125,0.635958395245171,0.36377245508982,0.661119515885023,0.0254872563718141,0.648888888888889,0.652236652236652,0.653495440729483,0.0300751879699248,0.657393850658858,0.0259146341463415,0.646198830409357,0.484444444444444,0.644776119402985,0.639939485627837,0.645588235294118,0.0325443786982249,0.647951441578149,0.653963414634146,0.031390134529148,0.03003003003003,0.646359583952452,0.65037037037037,0.0265095729013255,0.552129221732746,0.654961832061069,0.640949554896142,0.639705882352941,0.353115727002967,0.0256410256410256,0.666666666666667,0.0285285285285285,0.616417910447761,0.657099697885196,0.970631424375918,0.0915805022156573,0.653030303030303,0.646017699115044,0.978479196556671,0.942857142857143,0.0134328358208955,0.649624060150376,0.0286144578313253,0.653495440729483,0.648985959438378,0.0287443267776097,0.637702503681885,0.648036253776435,0.36390977443609,0.0237388724035608,0.648036253776435,0.648648648648649,0.0290964777947933,0.655274888558692,0.660606060606061,0.0257966616084977,0.697810218978102,0.65015015015015,0.65345080763583,0.637313432835821,0.176296296296296,0.0269058295964126,0.0483383685800604,0.0247093023255814,0.0266666666666667,0.972685887708649,0.0204678362573099,0.0194902548725637,0.0237741456166419,0.604790419161677,0.0181543116490166,0.6602658788774,0.0219619326500732,0.642424242424242,0.0194902548725637,0.434782608695652,0.413690476190476,0.64714494875549,0.657738095238095,0.390461997019374,0.648773006134969,0.976608187134503,0.411940298507463,0.343843843843844,0.648011782032401,0.979135618479881,0.655538694992413,0.664190193164933,0.259090909090909,0.643712574850299,0.349702380952381,0.444617784711388,0.648729446935725,0.64868804664723,0.664661654135338,0.0213089802130898,1,0.970679012345679,0.648367952522255,0.639344262295082,0.629685157421289,0.0267857142857143,0.691489361702128,0.653392330383481,0.0288315629742033,0.659324522760646,0.0403587443946188,0.462709284627093,0.0263929618768328,0.0263157894736842,0.0222222222222222,0.65028901734104,0.415316642120766,0.648093841642229,0.646697388632873,0.64540059347181,0.619047619047619,0.0255639097744361,0.654490106544901,0.0301204819277108,0.653905053598775,0.646879756468798,0.0251479289940828,0.650075414781297,0.0289017341040462,0.641791044776119,0.0258358662613982,0.031437125748503,0.652818991097923,0.974588938714499,0.0291970802919708,0.64306784660767,0.0197268588770865,0.398826979472141,0.0291545189504373,0.529061102831595,0.0305232558139535,0.399103139013453,0.0303951367781155,0.645801526717557,0.0242792109256449,0.025,0.0294550810014728,0.654814814814815,0.644677661169415,0.64714494875549,0.616588419405321,0.700934579439252,0.655274888558692,0.0228658536585366,0.649331352154532,0.0280373831775701,0.0279001468428781,0.638392857142857,0.653495440729483,0.646198830409357,0.575528700906344,0.646539027982327,0.026431718061674,0.029806259314456,0.642647058823529,0.643292682926829,0.409984871406959,0.44527736131934,0.651266766020864,0.64741641337386,0.0332326283987915,0.662202380952381,0.655122655122655,0.028657616892911,0.656923076923077,0.655639097744361,0.974702380952381,0.89327485380117,0.648729446935725,0.357348703170029,0.656671664167916,0.649045521292217,0.433962264150943,0.029806259314456,0.656203288490284,0.0238805970149254,0.649175412293853,0.619548872180451,0.657616892911011,0.48301329394387,0.654135338345865,0.0275650842266462,0.645550527903469,0.646525679758308,0.642967542503864,0.344674556213018,0.0264797507788162,0.642638036809816,0.646715328467153,0.974512743628186,0.648529411764706,0.0298953662182362,0.0413589364844904,0.025297619047619,0.649700598802395,0.64540059347181,0.656203288490284,0.448476052249637,0.0302571860816944,0.44104134762634,0.628440366972477,0.0261248185776488,0.0263929618768328,0.0284857571214393,0.357249626307922,0.630769230769231,0.602391629297459,0.646627565982405,0.648648648648649,0.0268256333830104,0.0304789550072569,0.52790346907994,0.408682634730539,0.031866464339909,0.0286144578313253,0.0283159463487332,0.339339339339339,0.0239162929745889,0.63901018922853,0.355855855855856,0.0262773722627737,0.639880952380952,0.649016641452345,0.64167916041979,0.025,0.0262773722627737,0.399075500770416,0.646359583952452,0.0302114803625378,0.026431718061674,0.648286140089419,0.658788774002954,0.0284857571214393,0.97196261682243,0.655068078668684,0.665667166416792,0.980421686746988,0.650513950073421,0.0262390670553936,0.658573596358118,0.0254110612855007,0.886430678466077,0.975146198830409,0.125547445255474,0.63353115727003,0.025,0.0266666666666667,0.970326409495549,0.980854197349043,0.646176911544228,0.0253353204172876,0.651771956856703,0.0249632892804699,0.658646616541353,0.0269461077844311,0.0273972602739726,0.0253731343283582,0.242647058823529,0.0269865067466267,0.027027027027027,0.982035928143713,0.023598820058997,0.510835913312694,0.645112781954887,0.357566765578635,0.641703377386197,0.0258751902587519,0.659638554216867,0.357566765578635,0.027027027027027,0.0284431137724551,0.652241112828439,0.417503586800574,0.639344262295082,0.448640483383686,0.0211161387631976,0.635135135135135,0.43070044709389,0.980712166172107,0.650746268656716,0.640117994100295,0.640416047548291,0.0276073619631902,0.400584795321637,0.650957290132548,0.0899550224887556,0.447806354009077,0.0288600288600289,0.0237037037037037,0.023598820058997,0.655688622754491,0.62691131498471,0.664624808575804,0.652757078986587,0.658170914542729,0.427113702623907,0.661290322580645,0.976296296296296,0.354978354978355,0.0249266862170088,0.645209580838323,0.658718330849478,0.648936170212766,0.646017699115044,0.43928035982009,0.0307467057101025,0.632352941176471,0.629742033383915,0.64451313755796,0.649468892261001,0.655834564254062,0.663663663663664,0.832844574780059,0.358547655068079,0.652694610778443,0.432592592592593,0.0270676691729323,0.792592592592593,0.65037037037037,0.0712121212121212,0.0250391236306729,0.0281065088757396,0.649253731343284,0.397037037037037,0.0295420974889217,0.647058823529412,0.667664670658683,0.0383435582822086,0.0263543191800878,0.0238805970149254,0.0278637770897833,0.641369047619048,0.0255639097744361,0.0281481481481481,0.135670731707317,0.0224550898203593,0.614475627769572,0.0261627906976744,0.44969512195122,0.0239162929745889,0.363367799113737,0.658170914542729,0.43796711509716,0.0303490136570561,0.0255255255255255,0.0290519877675841,0.642011834319527,0.641063515509601,0.644067796610169,0.649851632047478,0.653030303030303,0.641881638846737,0.0179640718562874,0.663716814159292,0.0285285285285285,0.0283464566929134,0.302083333333333,0.974085365853659,0.651982378854626,0.65345080763583,0.358407079646018,0.0247093023255814,0.465081723625557,0.643063583815029,0.392215568862275,0.65158371040724,0.647149460708783,0.027190332326284,0.658610271903323,0.655172413793103,0.338905775075988,0.12326656394453,0.643776824034335,0.43030303030303,0.460365853658537,0.643916913946588,0.645259938837921,0.65922619047619,0.446428571428571,0.356821589205397,0.0237388724035608,0.0865671641791045,0.0263929618768328,0.368575624082232,0.0196078431372549,0.437025796661609,0.65424739195231,0.647425897035881,0.0293685756240822,0.0254110612855007,0.599112426035503,0.0184049079754601,0.025,0.0251107828655835,0.658132530120482,0.645015105740181,0.0194029850746269,0.655221745350501,0.35640648011782,0.638138138138138,0.581183611532625,0.665144596651446,0.979351032448378,0.657738095238095,0.0257966616084977,0.0305343511450382,0.437223042836041,0.971935007385524,0.639760837070254,0.640601503759399,0.871449925261584,0.592024539877301,0.0287443267776097,0.0227617602427921,0.657657657657658,0.0224550898203593,0.618759455370651,0.0290076335877863,0.644412191582003,0.447717231222386,0.65037037037037,0.65424739195231,0.0226586102719033,0.972222222222222,0.0261941448382126,0.660030627871363,0.650674662668666,0.0235294117647059,0.0252225519287834,0.023598820058997,0.532724505327245,0.0259541984732824,0.638805970149254,0.421364985163205,0.635568513119534,0.644067796610169,0.974664679582712,0.98937784522003,0.0290519877675841,0.418290854572714,0.0211480362537764,0.639393939393939,0.63719512195122,0.0284857571214393,0.0227272727272727,0.865583456425406,0.652694610778443,0.0290697674418605,0.128318584070796,0.0263543191800878,0.64963503649635,0.823353293413174,0.36,0.0294117647058824,0.0233236151603499,0.0213089802130898,0.0295031055900621,0.0320232896652111,0.680473372781065,0.656626506024096,0.0281899109792285,0.911490683229814,0.977099236641221,0.591776798825257,0.972644376899696,0.639393939393939,0.0256410256410256,0.360730593607306,0.0238450074515648,0.0224887556221889,0.141592920353982,0.030441400304414,0.353982300884956,0.0269058295964126,0.0259541984732824,0.0229709035222052,0.0271493212669683
"462",0.704132231404959,0.697262479871176,0.701612903225806,0.67779632721202,0.687797147385103,0.700325732899023,0.990016638935108,0.691176470588235,0.698083067092652,0.40531561461794,0.687702265372168,0.341384863123994,0.504132231404959,0.680327868852459,0,0,0.365539452495974,1,0.688013136288998,0.698234349919743,0,0,0.688102893890675,0.456310679611651,0.693910256410256,0,0,0.670608108108108,0.7,0.490066225165563,0,0.42332268370607,0.645528455284553,0.00485436893203883,0.331136738056013,0.698466780238501,0.857843137254902,0.685990338164251,0,0.696485623003195,0.996768982229402,1,1,0.686985172981878,0.693200663349917,0,0.00651465798045603,0,0,0,0.295345104333868,0.687394957983193,0,0.678972712680578,0.694805194805195,0.187396351575456,0.871287128712871,0.685950413223141,0.697262479871176,0.687908496732026,0.0095389507154213,0,0,0.995098039215686,0.692436974789916,0.690322580645161,0.331168831168831,0.685575364667747,0.369668246445498,0,0.692926045016077,0,0,0.728187919463087,0.831442463533225,0.69435736677116,0,0.00480769230769231,0.694805194805195,0,0.369491525423729,0,0,0.685393258426966,0,0.688783570300158,0.699013157894737,0.67741935483871,0.691680261011419,1,0.689655172413793,0.688783570300158,0.296416938110749,0.398412698412698,0.698360655737705,0.342271293375394,0.302631578947368,0.698083067092652,0.871621621621622,1,0.6976,0.361386138613861,0,0.694158075601375,0,0.701149425287356,1,0.6848,0,0,0,0.704545454545455,0.0048780487804878,0.687196110210697,0.787301587301587,0.696400625978091,0,0.604878048780488,0,0,0.783171521035599,0.696141479099678,0,0,0.681744749596123,0,0.684782608695652,0.695652173913043,0.620915032679739,0.2288,0.686046511627907,0,0.682565789473684,0.351014040561622,0.677852348993289,0,0.998381877022654,0,0.649501661129568,0.0983333333333333,0.396103896103896,0.377076411960133,0.697411003236246,0.696869851729819,0,0.692185007974482,0,0.705314009661836,0.514563106796116,0.690437601296596,0,0.698541329011345,0.689144736842105,0.686567164179104,0.690322580645161,0,0.696428571428571,0,0.549755301794454,0.6832,0,0.685126582278481,0,0.391803278688525,0.694352159468439,0,0.695439739413681,0.690322580645161,0.675986842105263,0.0143540669856459,0.682487725040916,0,0.678513731825525,0,0.688963210702341,0,0.384370015948963,0.712903225806452,0.962328767123288,0.710264900662252,0.693548387096774,0,0.700657894736842,0.693053311793215,0.683360258481422,0.68,0,0,0.687086092715232,0.687397708674304,0,0,0.692556634304207,0.756756756756757,0.977883096366509,0.300492610837438,0,0.996779388083736,0.697749196141479,0,0.682410423452769,0.703525641025641,0.691437802907916,0.00162074554294976,0,0,0.6832,0.708191126279863,0.686688311688312,0.304276315789474,0.694942903752039,0,0.66557911908646,0,0,0.564935064935065,0.679933665008292,0.690737833594976,0.684887459807074,0.708943089430894,0.697829716193656,0.348111658456486,0,0,0.700320512820513,0.996763754045307,0.683870967741935,0.689873417721519,0.686688311688312,0.703225806451613,0.702746365105008,0.6928,0.291530944625407,0.624801271860095,0.705882352941177,0,0.684297520661157,0,0.6928,0.708674304418985,0.704132231404959,0.673333333333333,0.692561983471074,0,0.685245901639344,0.203583061889251,0,0,0.00332778702163062,0,0,0.09688013136289,0,0,0,0.694533762057878,0,0.690635451505017,1,0,0.592592592592593,0,0.697865353037767,0.693181818181818,0.6996699669967,0.564724919093851,0,0.680064308681672,0,0,0,0,1,0.692939244663383,0,0,0.688013136288998,0,0.681672025723473,0,0,0.703459637561779,0.694942903752039,0.712903225806452,0.84789644012945,0.680327868852459,1,0.384858044164038,0,0.686305732484076,0.685337726523888,0.401294498381877,0,0,0.690280065897858,0.683860232945091,0,0.330605564648118,0.296540362438221,0.696223316912972,0.682196339434276,0.00809061488673139,0.682410423452769,0.707278481012658,0,0.697712418300654,0.708133971291866,0,0.703459637561779,0.683870967741935,0.700320512820513,0.691558441558442,0,0,0,0.706075533661741,0.685064935064935,0.991909385113269,0.00813008130081301,0.685524126455907,0,0,0.703403565640194,0.687600644122383,0.708064516129032,0.694942903752039,0.696428571428571,0,0.705298013245033,0.693679092382496,0.408094435075885,0,0.149350649350649,0,1,0,0.68621236133122,0,0,0.567567567567568,0.00161290322580645,0.684729064039409,0,0.695934959349593,0.709150326797386,0.6912,0,0,0.693679092382496,0.612956810631229,0.370065789473684,0.7,0,0,0,0.685245901639344,0,0.778688524590164,0,0,0,0,0.685126582278481,0,0.693602693602694,0.672609400324149,0.311793214862682,0.697674418604651,0,0.679092382495948,0.694006309148265,0.695,0,0.695721077654517,0,0.690851735015773,0.533333333333333,0.685154975530179,0.688225538971808,0.694267515923567,0,0.692556634304207,0.701130856219709,0,0,0.684039087947883,0.704654895666132,0,0.4992,0.694117647058824,0.678913738019169,0.677367576243981,0.305466237942122,0,0.718855218855219,0,0.567043618739903,0.701812191103789,1,0.12280701754386,0.697520661157025,0.682182985553772,1,0.975083056478405,0.0197044334975369,0.693811074918567,0,0.708609271523179,0.699346405228758,0,0.687400318979266,0.693522906793049,0.317230273752013,0,0.691056910569106,0.692939244663383,0,0.697749196141479,0.70327868852459,0,0.642857142857143,0.691542288557214,0.697068403908795,0.682487725040916,0.201938610662359,0,0.0180623973727422,0,0,0.998360655737705,0,0.00650406504065041,0,0.554649265905383,0.00335570469798658,0.700949367088608,0.0063391442155309,0.678747940691928,0.00326797385620915,0.372611464968153,0.357030015797788,0.692429022082019,0.688498402555911,0.340836012861736,0.693467336683417,1,0.358064516129032,0.306930693069307,0.6896,0.998392282958199,0.702439024390244,0.699346405228758,0.217675941080196,0.683954619124797,0.304975922953451,0.380794701986755,0.692182410423453,0.696,0.709470304975923,0,0.970679012345679,1,0.690095846645367,0.681229773462783,0.684294871794872,0,0.64297253634895,0.6957928802589,0,0.704761904761905,0.0616883116883117,0.411184210526316,0,0,0.00693240901213172,0.696,0.378594249201278,0.685805422647528,0.697478991596639,0.686688311688312,0.560897435897436,0,0.696223316912972,0,0.695059625212947,0.689075630252101,0,0.68976897689769,0,0.682565789473684,0,0,0.691693290734824,1,0,0.68860353130016,0,0.449111470113086,0,0.465709728867624,0,0.453507340946166,0,0.683250414593698,0,0,0,0.699186991869919,0.688851913477537,0.690737833594976,0.666666666666667,0.650170648464164,0.701612903225806,0,0.690163934426229,0,0,0.687400318979266,0.696869851729819,0.698564593301435,0.633279483037157,0.686900958466454,0,0,0.686804451510334,0.696629213483146,0.356550580431177,0.398042414355628,0.695934959349593,0.691297208538588,0,0.710310965630115,0.693650793650794,0.00491803278688525,0.702521008403361,0.7024,1,0.855048859934853,0.690437601296596,0.311320754716981,0.691056910569106,0.689984101748808,0.3728,0.00162074554294976,0.702572347266881,0,0.694581280788177,0.667768595041322,0.693548387096774,0.541666666666667,0.691297208538588,0,0.687397708674304,0.687603305785124,0.677577741407529,0.307936507936508,0,0.683168316831683,0.692058346839546,1,0.686900958466454,0.00163934426229508,0.0490196078431373,0,0.686084142394822,0.681229773462783,0.695299837925446,0.39652448657188,0,0.39261744966443,0.68099173553719,0,0,0.0369181380417336,0.309562398703404,0.683006535947712,0.663398692810457,0.685805422647528,0.689490445859873,0,0,0.463815789473684,0.343853820598007,0,0,0.00158227848101266,0.297029702970297,0,0.69047619047619,0.309090909090909,0,0.688816855753647,0.692182410423453,0.688311688311688,0.00318471337579618,0,0.340033500837521,0.691680261011419,0,0,0.68370607028754,0.705211726384365,0.00160771704180064,1,0.69983416252073,0.700331125827815,0.993464052287582,0.701468189233279,0,0.689256198347107,0,0.8512,1,0.0812101910828025,0.685430463576159,0,0,1,0.998384491114701,0.683441558441558,0,0.693467336683417,0.00316455696202532,0.698205546492659,0,0.00164203612479475,0.0407166123778502,0.221508828250401,0,0,0.995098039215686,0,0.463497453310696,0.681967213114754,0.314516129032258,0.685483870967742,0,0.703459637561779,0.315024232633279,0,0,0.698675496688742,0.361934477379095,0.685667752442997,0.392220421393841,0.0311475409836066,0.683523654159869,0.376221498371336,0.987261146496815,0.701149425287356,0.682333873581848,0.690789473684211,0,0.34493670886076,0.701754385964912,0.110929853181077,0.387987012987013,0.0376766091051805,0,0,0.701468189233279,0.675496688741722,0.701986754966887,0.703225806451613,0.697560975609756,0.363924050632911,0.704180064308682,1,0.309006211180124,0.00161290322580645,0.685064935064935,0.698541329011345,0.696308724832215,0.687400318979266,0.379705400981997,0,0.6784,0.680194805194805,0.685,0.690938511326861,0.704361873990307,0.696428571428571,0.796147672552167,0.31953642384106,0.698051948051948,0.3776,0,0.752012882447665,0.694308943089431,0.0827814569536424,0,0,0.692431561996779,0.350565428109855,0,0.696343402225755,0.709624796084829,0.0495049504950495,0,0,0.00337837837837838,0.688709677419355,0,0,0.087893864013267,0,0.65987460815047,0,0.39,0,0.309033280507132,0.694041867954911,0.383606557377049,0,0,0.00975609756097561,0.681458003169572,0.675850891410049,0.691029900332226,0.687702265372168,0.685245901639344,0.68976897689769,0.0165016501650165,0.696141479099678,0,0,0.283870967741935,1,0.693163751987281,0.696141479099678,0.312399355877617,0,0.418006430868167,0.684375,0.333333333333333,0.698387096774194,0.698305084745763,0,0.699507389162562,0.696095076400679,0.295379537953795,0.0830564784053156,0.688650306748466,0.373970345963756,0.398989898989899,0.6864,0.686666666666667,0.704838709677419,0.383870967741935,0.314424635332253,0,0.109120521172638,0,0.324409448818898,0.00330578512396694,0.388888888888889,0.694805194805195,0.678747940691928,0,0,0.553745928338762,0.00662251655629139,0.00161030595813205,0,0.704918032786885,0.687600644122383,0,0.690851735015773,0.306709265175719,0.68026101141925,0.524509803921569,0.71004942339374,1,0.698387096774194,0,0,0.380645161290323,0.99836867862969,0.679276315789474,0.697411003236246,0.902597402597403,0.587748344370861,0,0,0.695161290322581,0,0.57166392092257,0,0.678855325914149,0.387722132471729,0.688709677419355,0.694256756756757,0,1,0,0.712374581939799,0.686178861788618,0,0,0,0.559210526315789,0,0.692307692307692,0.368336025848142,0.683523654159869,0.689597315436242,0.998394863563403,0.96039603960396,0,0.357605177993528,0,0.680577849117175,0.683946488294314,0,0,0.847402597402597,0.701130856219709,0,0.086677367576244,0,0.681528662420382,0.792763157894737,0.312903225806452,0,0,0,0,0,0.723270440251572,0.700490998363339,0,0.874161073825503,0.998363338788871,0.541062801932367,1,0.683006535947712,0,0.315270935960591,0,0,0.092948717948718,0,0.313504823151125,0,0,0,0
"463",0.995215311004785,0.992295839753467,0.99236641221374,0.995283018867924,0.992307692307692,0.992331288343558,0.705229793977813,0.993836671802773,0.992401215805471,0.107765451664025,0.993846153846154,0.0626911314984709,0.797147385103011,0.992199687987519,0.3203125,0.304821150855365,0.0801232665639445,0.688311688311688,0.992199687987519,0.996937212863706,0.278996865203762,0.307324840764331,0.996965098634294,0.179447852760736,0.995481927710843,0.322033898305085,0.3125,0.993537964458804,0.992435703479576,0.780373831775701,0.311728395061728,0.712962962962963,0.958461538461538,0.306853582554517,0.00783699059561128,0.991762767710049,0.54601226993865,0.992343032159265,0.300448430493274,0.993930197268589,0.665629860031104,0.684615384615385,0.691489361702128,0.993720565149137,0.9953125,0.316770186335404,0.319314641744548,0.312883435582822,0.32262996941896,0.328220858895706,0.00619195046439629,0.996850393700787,0.307692307692308,0.993846153846154,0.993874425727412,0.487301587301587,0.565830721003135,0.993827160493827,0.993836671802773,0.993730407523511,0.331782945736434,0.322932917316693,0.313084112149533,0.683307332293292,0.993730407523511,0.992307692307692,0.0518053375196232,0.992175273865415,0.0723981900452489,0.317771084337349,0.992389649923896,0.326086956521739,0.322683706070288,0.961965134706815,0.529051987767584,0.992581602373887,0.310769230769231,0.332824427480916,0.992424242424242,0.321656050955414,0.1024,0.318529862174579,0.32258064516129,0.99236641221374,0.334869431643625,0.992435703479576,0.99375,0.993865030674847,0.992175273865415,0.692780337941628,0.993798449612403,0.992469879518072,0.00771604938271605,0.120795107033639,0.992175273865415,0.0634441087613293,0.00458015267175573,0.993874425727412,0.566455696202532,0.683042789223455,0.992272024729521,0.0690737833594976,0.311424100156495,0.992,0.317757009345794,0.992125984251969,0.690184049079755,0.993865030674847,0.318181818181818,0.315870570107858,0.317220543806647,0.993920972644377,0.323216995447648,0.995334370139969,0.506060606060606,0.992503748125937,0.306976744186047,0.320493066255778,0.318181818181818,0.318181818181818,0.500758725341426,0.992272024729521,0.328267477203647,0.306836248012719,0.993827160493827,0.30568356374808,0.992548435171386,0.994029850746269,0.347286821705426,0.560422960725076,0.995230524642289,0.314553990610329,0.993788819875776,0.0577777777777778,0.992012779552716,0.309923664122137,0.67687595712098,0.326594090202177,0.915514592933948,0.437802907915994,0.114374034003091,0.111459968602826,0.993874425727412,0.992,0.32469512195122,0.992236024844721,0.311746987951807,0.992163009404389,0.79236641221374,0.993984962406015,0.325949367088608,0.995334370139969,0.995297805642633,0.993759750390016,0.992236024844721,0.334384858044164,0.992248062015504,0.327102803738318,0.28,0.992389649923896,0.312121212121212,0.992435703479576,0.297674418604651,0.0967238689547582,0.993779160186625,0.322327044025157,0.993865030674847,0.99236641221374,0.993788819875776,0.328220858895706,0.993779160186625,0.315541601255887,0.992307692307692,0.308641975308642,0.992076069730586,0.315955766192733,0.0893939393939394,0.992307692307692,0.6416,0.992138364779874,0.995327102803738,0.315047021943574,0.993827160493827,1,0.995412844036697,0.99388379204893,0.320754716981132,0.309667673716012,0.996850393700787,0.990536277602524,0.314112291350531,0.313971742543171,0.993817619783617,0.46048632218845,0.666666666666667,0.0061633281972265,0.321100917431193,0.669230769230769,0.995412844036697,0.325652841781874,0.99194847020934,0.990922844175492,0.993846153846154,0.321100917431193,0.313546423135464,0.320872274143302,0.99400299850075,0.995161290322581,0.995327102803738,0.00470957613814757,0.996875,0.304278922345483,0.959938366718028,0.328100470957614,0.307931570762053,0.755417956656347,0.995305164319249,0.993874425727412,0.993846153846154,0.993808049535604,0.993670886075949,0.0607476635514019,0.313479623824451,0.319571865443425,0.992354740061162,0.68140243902439,0.993930197268589,0.99400299850075,0.993827160493827,0.990853658536585,0.992283950617284,0.992412746585736,0.00909090909090909,0.338905775075988,0.99390243902439,0.308056872037915,0.995275590551181,0.301659125188537,0.992307692307692,0.993680884676145,0.99375,0.992163009404389,0.993670886075949,0.328197226502311,0.993817619783617,0.502340093603744,0.325153374233129,0.323619631901841,0.310077519379845,0.324200913242009,0.331775700934579,0.432389937106918,0.335384615384615,0.317484662576687,0.314503816793893,0.995391705069124,0.327102803738318,0.993620414673046,0.691376701966717,0.317629179331307,0.336349924585219,0.330745341614907,0.992175273865415,0.995363214837713,0.995356037151703,0.28816199376947,0.312307692307692,0.993893129770992,0.315789473684211,0.333333333333333,0.303599374021909,0.314329738058552,0.684952978056426,0.992295839753467,0.326315789473684,0.316118935837246,0.993720565149137,0.299050632911392,0.993911719939117,0.314199395770393,0.31619937694704,0.992260061919505,0.998422712933754,0.993855606758833,0.546850998463902,0.993779160186625,0.698776758409786,0.0917293233082707,0.316846986089645,0.995426829268293,0.99685534591195,0.110260336906585,0.313846153846154,0.324031007751938,0.992076069730586,0.993730407523511,0.305343511450382,0.0337941628264209,0.00789889415481832,0.992223950233281,0.993589743589744,0.340909090909091,0.993827160493827,0.995515695067265,0.305084745762712,0.993808049535604,0.993920972644377,0.315870570107858,0.993817619783617,0.993759750390016,0.992331288343558,0.993779160186625,0.327160493827161,0.306525037936267,0.344,0.993855606758833,0.995334370139969,0.672754946727549,0.317111459968603,0.993650793650794,0.315233785822021,0.302469135802469,0.993939393939394,0.992458521870287,0.992248062015504,0.993779160186625,0.9953125,0.323574730354391,0.992199687987519,0.993808049535604,0.122448979591837,0.332312404287902,0.508607198748044,0.311526479750779,0.673946957878315,0.31859756097561,0.996996996996997,0.303125,0.330275229357798,0.279210925644917,0.322727272727273,0.993779160186625,0.327327327327327,0.992138364779874,0.993779160186625,0.992389649923896,0.304416403785489,0.322530864197531,0.993740219092332,0.916006339144215,0.0793650793650794,0.992125984251969,0.313455657492355,0.313385826771654,0.3125,0.993690851735016,0.327718223583461,0.487616099071207,0.326656394453005,0.303738317757009,0.310015898251192,0.306603773584906,0.995348837209302,0.317111459968603,0.995137763371151,0.992260061919505,0.0078003120124805,0.993808049535604,0.314285714285714,0.993808049535604,0.992492492492492,0.993680884676145,0.323390894819466,0.99251497005988,0.313880126182965,0.992401215805471,0.826625386996904,0.995319812792512,0.995215311004785,0.992343032159265,0.312121212121212,0.996904024767802,0.993798449612403,0.305993690851735,0.31733746130031,0.993948562783661,0.996918335901387,0.312597200622084,0.209090909090909,0.993630573248408,0.99075500770416,0.993865030674847,0.00606980273141123,0.311424100156495,0.993670886075949,0.312307692307692,0.262578616352201,0.996894409937888,0.676335877862595,0.434389140271493,0.995268138801262,0.993846153846154,0.682422451994092,0.703588143525741,0.34472049689441,0.992295839753467,0.316666666666667,0.993827160493827,0.993640699523052,0.334379905808477,0.993827160493827,0.990683229813665,0.0138888888888889,0.322981366459627,0.996923076923077,0.993769470404984,0.326498422712934,0.993911719939117,0.993660855784469,0.302507836990596,0.347094801223242,0.992199687987519,0.992331288343558,0.993710691823899,0.520123839009288,0.309486780715397,0.346394984326019,0.311844077961019,0.327188940092166,0.694573643410853,0.327718223583461,0.326120556414219,0.315068493150685,0.26040061633282,0.325471698113208,0.992389649923896,0.321156773211568,0.990654205607477,0.312307692307692,0.0983358547655068,0.0688073394495413,0.992354740061162,0.993920972644377,0.0541795665634675,0.993680884676145,0.686838124054463,0.0570987654320988,0.0185758513931889,0.995398773006135,0.681538461538462,0.995398773006135,0.993855606758833,0.566718995290424,0.992307692307692,0.00775193798449612,0.0859872611464968,0.99537037037037,0.995440729483283,0.992331288343558,0.322884012539185,0.648367952522255,0.690095846645367,1,0.992331288343558,0.975757575757576,0.302936630602782,0.355828220858896,0.992236024844721,0.300623052959502,0.993836671802773,0.375,0.1198738170347,0.302891933028919,0.309417040358744,0.338815789473684,0.996987951807229,0.0885496183206107,0.992469879518072,0.995176848874598,0.993865030674847,0.278787878787879,0.3234375,0.995348837209302,0.328616352201258,0.993690851735016,0.993670886075949,0.301829268292683,0.995297805642633,0.319880418535127,0.993779160186625,0.3109375,0.321044546850998,0.993865030674847,0.677115987460815,0.310549777117385,0.995356037151703,0.312893081761006,0.751543209876543,0.322188449848024,0.18125,0.314759036144578,0.76,0.311912225705329,0.996810207336523,0.327102803738318,0.338391502276176,0.292944785276074,0.995440729483283,0.995253164556962,0.992526158445441,0.954911433172303,0.359424920127796,0.992272024729521,0.319047619047619,0.993690851735016,0.3184,0.319213313161876,0.993788819875776,0.995260663507109,0.992458521870287,0.904468412942989,0.995495495495496,0.311844077961019,0.316187594553706,0.992378048780488,0.993730407523511,0.0661417322834646,0.0887480190174326,0.993769470404984,0.993779160186625,0.306729264475743,0.993817619783617,0.993975903614458,0.316923076923077,0.996815286624204,0.995426829268293,0.682588597842835,0.536474164133739,0.993779160186625,0.00739644970414201,0.992175273865415,0.993930197268589,0.109939759036145,0.325545171339564,0.993759750390016,0.317411402157165,0.993827160493827,0.948517940717629,0.993846153846154,0.810606060606061,0.993788819875776,0.33015873015873,0.993893129770992,0.993740219092332,0.995230524642289,0.00611620795107034,0.304838709677419,0.996830427892235,0.99388379204893,0.674382716049383,0.992435703479576,0.315047021943574,0.362654320987654,0.313664596273292,0.993788819875776,0.992283950617284,0.992211838006231,0.100609756097561,0.31911532385466,0.10062893081761,0.992199687987519,0.314900153609831,0.306870229007634,0.350152905198777,0.00155038759689922,0.993660855784469,0.940458015267176,0.996960486322188,0.993948562783661,0.322378716744914,0.305471124620061,0.183514774494557,0.0579029733959311,0.321875,0.305772230889236,0.320121951219512,0.00786163522012579,0.308892355694228,0.992412746585736,0.00619195046439629,0.321646341463415,0.992319508448541,0.993788819875776,0.996884735202492,0.314589665653495,0.326378539493294,0.05103668261563,0.996913580246914,0.31733746130031,0.311248073959938,0.993836671802773,0.99388379204893,0.320493066255778,0.699044585987261,0.992211838006231,0.992101105845182,0.687697160883281,0.993817619783617,0.308980213089802,0.993690851735016,0.323943661971831,0.535768645357686,0.670196671709531,0.409711684370258,0.992343032159265,0.289193302891933,0.31832298136646,0.684698608964451,0.667173252279635,0.995334370139969,0.322530864197531,0.993670886075949,0.321699544764795,0.992050874403816,0.317411402157165,0.308544303797468,0.345201238390093,0.525345622119816,0.319620253164557,0.309262166405024,0.669811320754717,0.323619631901841,0.167741935483871,0.993740219092332,0.00604229607250755,0.993808049535604,0.294670846394984,0.992272024729521,0.00770416024653313,0.321875,0.316455696202532,0.996955859969559,0.0715350223546945,0.992354740061162,0.0982839313572543,0.333853354134165,0.993759750390016,0.0794392523364486,0.676380368098159,0.993846153846154,0.993836671802773,0.992319508448541,0.314009661835749,0.0559757942511346,0.993893129770992,0.434514637904468,0.108661417322835,0.354103343465046,0.319634703196347,0.321646341463415,0.99375,0.99194847020934,0.99211356466877,0.99537750385208,0.993855606758833,0.0780780780780781,0.992343032159265,0.685015290519878,0.0117647058823529,0.320552147239264,0.993827160493827,0.995334370139969,0.993589743589744,0.992378048780488,0.0989180834621329,0.31651376146789,0.995433789954338,0.995341614906832,0.99512987012987,0.996865203761755,0.995384615384615,0.993798449612403,0.496194824961948,0.00632911392405063,0.995260663507109,0.0961832061068702,0.315548780487805,0.447692307692308,0.995468277945619,0.393416927899687,0.310289389067524,0.312788906009245,0.993846153846154,0.0543478260869565,0.322289156626506,0.992469879518072,0.993788819875776,0.366929133858268,0.311077389984825,0.312210200927357,0.3216,0.993865030674847,0.32967032967033,0.31441717791411,0.431924882629108,0.307931570762053,0.960244648318043,0.305970149253731,0.0979133226324237,0.319444444444444,0.0075642965204236,0.992138364779874,0.108359133126935,0.312788906009245,0.318181818181818,0.315372424722662,0.996960486322188,0.993846153846154,0.993700787401575,0.992378048780488,0.995192307692308,0.995341614906832,0.330173775671406,0.9921875,0.315707620528771,0.320066334991708,0.612654320987654,0.683881064162754,0.995488721804511,0.995348837209302,0.00301204819277108,0.307926829268293,0.134969325153374,0.990977443609023,0.0462249614791988,0.99375,0.99203821656051,0.31875,0.993808049535604,0.993485342019544,0.638801261829653,0.425632911392405,0.988200589970501,0.0916271721958926,0.111811023622047,0.992260061919505,0.993700787401575,0.995405819295559,0.0965732087227414,0.00606060606060606,0.309559939301973,0.423676012461059,0.312312312312312,0.00453857791225416,0.322327044025157,0.101088646967341,0.993846153846154,0.993630573248408,0.325190839694657,0.310769230769231,0.26046511627907,0.333333333333333,0.317073170731707,0.316590563165906,0.992295839753467,0.992343032159265,0.326018808777429,0.992603550295858,0.0061633281972265,0.993798449612403,0.247278382581649,0.995253164556962,0.675840978593272,0.992389649923896,0.306278713629403,0.306603773584906,0.0870229007633588,0.675226586102719,0.992260061919505,0.993798449612403,0.795631825273011,0.911811023622047,0.316998468606432,0.315372424722662,0.998466257668712,0.315789473684211,0.271317829457364,0.315372424722662,0.994020926756353,0.113846153846154,0.993836671802773,0.9921875,0.314641744548287,0.678233438485804,0.309859154929577,0.993710691823899,0.99537037037037,0.297380585516179,0.306027820710974,0.317557251908397,0.855140186915888,0.312989045383412,0.995283018867924,0.0675883256528418,0.992331288343558,0.995161290322581,0.701219512195122,0.655384615384615,0.323343848580442,0.0708782742681048,0.313755795981453,0.993817619783617,0.992012779552716,0.305164319248826,0.324492979719189,0.63013698630137,0.993808049535604,0.305135951661631,0.382530120481928,0.306153846153846,0.973926380368098,0.4859375,0.00923076923076923,0.306525037936267,0.321699544764795,0.32753164556962,0.31637519872814,0.312688821752266,0.968133535660091,0.996904024767802,0.303215926493109,0.549763033175355,0.690966719492868,0.265243902439024,0.686900958466454,0.992150706436421,0.314641744548287,0.010989010989011,0.322239031770045,0.313161875945537,0.378995433789954,0.3171875,0.0062015503875969,0.341614906832298,0.310832025117739,0.326018808777429,0.309262166405024
"464",1,1,1,1,1,1,0.69551282051282,1,1,0.095389507154213,1,0.0405616224648986,0.820063694267516,1,0.323717948717949,0.308411214953271,0.0610687022900763,0.677993527508091,1,1,0.295031055900621,0.323390894819466,1,0.15600624024961,1,0.33693972179289,0.320251177394035,1,1,0.782131661442006,0.31832298136646,0.731182795698925,0.962848297213622,0.32807570977918,0,1,0.540752351097179,1,0.307458143074581,1,0.658841940532081,0.666149068322981,0.685496183206107,1,1,0.325984251968504,0.325508607198748,0.314503816793893,0.329704510108865,0.337962962962963,0,1,0.322530864197531,1,1,0.495253164556962,0.55993690851735,1,1,1,0.341463414634146,0.3296875,0.33125,0.668224299065421,1,1,0.0332805071315372,1,0.0601503759398496,0.325264750378215,1,0.329173166926677,0.335413416536661,0.959742351046699,0.507668711656442,1,0.314814814814815,0.341049382716049,1,0.323671497584541,0.088,0.336434108527132,0.335949764521193,1,0.352574102964119,1,1,1,1,0.673846153846154,1,1,0,0.105754276827372,1,0.0414746543778802,0,1,0.555374592833876,0.664556962025316,1,0.0529695024077047,0.3171875,1,0.321316614420063,1,0.680061823802164,1,0.325396825396825,0.329230769230769,0.326687116564417,1,0.338072669826224,1,0.493920972644377,1,0.324921135646688,0.287692307692308,0.328746177370031,0.3296875,0.4703125,0.998456790123457,0.333846153846154,0.326433121019108,1,0.318181818181818,1,1,0.31875,0.545871559633027,1,0.325471698113208,1,0.0358208955223881,1,0.319444444444444,0.666666666666667,0.341121495327103,0.933125972006221,0.435562805872757,0.1046875,0.0941915227629513,1,1,0.336463223787167,1,0.325825825825826,1,0.80625,1,0.332797427652733,1,1,1,1,0.338582677165354,1,0.329635499207607,0.25585023400936,1,0.319571865443425,1,0.30757341576507,0.0855365474339036,1,0.327613104524181,1,1,1,0.342679127725857,1,0.337539432176656,1,0.311728395061728,1,0.323390894819466,0.0735524256651017,1,0.635483870967742,1,1,0.332805071315372,1,1,1,1,0.329173166926677,0.318885448916409,1,0.998442367601246,0.330246913580247,0.314873417721519,1,0.434108527131783,0.661144578313253,0,0.325,0.65987460815047,1,0.331288343558282,1,0.998447204968944,1,0.31924882629108,0.326251896813354,0.333868378812199,1,1,1,0,1,0.320126782884311,0.973478939157566,0.326530612244898,0.319508448540707,0.75195007800312,1,1,1,1,1,0.0391236306729265,0.3232,0.33693972179289,1,0.670788253477589,1,1,0.9984375,0.998461538461539,1,1,0.00154083204930663,0.302936630602782,1,0.31378763866878,1,0.308166409861325,1,1,1,1,1,0.329173166926677,1,0.5103668261563,0.334375,0.335901386748844,0.318110236220472,0.336434108527132,0.34012539184953,0.437990580847724,0.336434108527132,0.325545171339564,0.317901234567901,1,0.330745341614907,1,0.682926829268293,0.323296354992076,0.298780487804878,0.344339622641509,1,1,1,0.259026687598116,0.325038880248834,1,0.324281150159744,0.337386018237082,0.320754716981132,0.324116743471582,0.677570093457944,1,0.329268292682927,0.328571428571429,1,0.305825242718447,1,0.321483771251932,0.324574961360124,1,1,1,0.538216560509554,1,0.680555555555556,0.0778625954198473,0.32967032967033,1,1,0.0928792569659443,0.334375,0.332805071315372,1,1,0.311728395061728,0.0200617283950617,0.00158982511923688,1,1,0.345092024539877,1,1,0.31619937694704,1,1,0.330218068535826,1,1,1,1,0.335423197492163,0.320182094081942,0.336538461538462,1,1,0.665109034267913,0.31924882629108,1,0.33026113671275,0.303738317757009,1,1,0.998466257668712,1,1,0.336434108527132,1,1,0.104430379746835,0.337941628264209,0.493001555209953,0.312693498452012,0.6578125,0.327188940092166,1,0.320126782884311,0.339622641509434,0.251543209876543,0.320987654320988,1,0.337878787878788,1,1,1,0.315873015873016,0.322480620155039,0.998435054773083,0.92332268370607,0.0595611285266458,1,0.314814814814815,0.330173775671406,0.315955766192733,1,0.340490797546012,0.461180124223602,0.324655436447167,0.314873417721519,0.32,0.313385826771654,1,0.325038880248834,1,1,0,1,0.328149300155521,1,1,1,0.330721003134796,1,0.321656050955414,1,0.842349304482226,1,1,1,0.324574961360124,1,1,0.313664596273292,0.330733229329173,1,1,0.321428571428571,0.186259541984733,1,0.998473282442748,1,0,0.317891373801917,1,0.323619631901841,0.247619047619048,1,0.666153846153846,0.44309559939302,1,1,0.673559822747415,0.69435736677116,0.35625,1,0.322981366459627,1,1,0.339593114241002,1,0.998430141287284,0.00464396284829721,0.329635499207607,1,1,0.327447833065811,1,1,0.314641744548287,0.323076923076923,1,1,1,0.528771384136858,0.312307692307692,0.350157728706625,0.328313253012048,0.336434108527132,0.679304897314376,0.335901386748844,0.332814930015552,0.318042813455657,0.234375,0.329011345218801,1,0.330757341576507,0.998410174880763,0.329721362229102,0.0824427480916031,0.0477657935285054,1,1,0.0325077399380805,1,0.679626749611198,0.0373250388802488,0.00786163522012579,1,0.664586583463339,1,1,0.548335974643423,1,0,0.0711974110032362,1,1,1,0.329173166926677,0.639344262295082,0.681229773462783,0.992331288343558,1,0.98613251155624,0.316118935837246,0.32967032967033,1,0.314873417721519,1,0.371695178849145,0.104761904761905,0.318461538461538,0.32375189107413,0.343383584589615,1,0.0770416024653313,1,1,1,0.258751902587519,0.331746031746032,1,0.333333333333333,1,1,0.314900153609831,1,0.332833583208396,1,0.314785373608903,0.324031007751938,1,0.669278996865204,0.321212121212121,1,0.316957210776545,0.763440860215054,0.323216995447648,0.157407407407407,0.326315789473684,0.77115987460815,0.321144674085851,1,0.321538461538462,0.339009287925697,0.294753086419753,1,1,1,0.972312703583062,0.331179321486268,1,0.338735818476499,1,0.32843137254902,0.329704510108865,1,1,1,0.922955974842767,1,0.319148936170213,0.324615384615385,1,1,0.0479233226837061,0.078740157480315,1,1,0.318181818181818,1,1,0.308527131782946,1,1,0.668730650154799,0.534954407294833,1,0,1,1,0.0957446808510638,0.33489827856025,1,0.340590979782271,0.998420221169036,0.96513470681458,0.998430141287284,0.828926905132193,1,0.338658146964856,1,1,1,0,0.316476345840131,1,1,0.665620094191523,1,0.332302936630603,0.369565217391304,0.325581395348837,1,1,1,0.0930232558139535,0.328050713153724,0.0854430379746835,0.998420221169036,0.319018404907975,0.315467075038285,0.357032457496136,0,1,0.957878315132605,1,1,0.325949367088608,0.311349693251534,0.152755905511811,0.034375,0.331775700934579,0.319620253164557,0.333333333333333,0,0.319875776397516,1,0,0.330275229357798,1,1,1,0.322188449848024,0.331306990881459,0.032626427406199,1,0.327102803738318,0.316998468606432,1,1,0.323170731707317,0.685154975530179,1,1,0.695447409733124,1,0.320121951219512,1,0.324367088607595,0.528593508500773,0.656877897990726,0.414156626506024,1,0.309559939301973,0.329754601226994,0.669767441860465,0.663594470046083,1,0.326120556414219,1,0.330781010719755,1,0.327639751552795,0.314606741573034,0.355590062111801,0.524256651017214,0.320754716981132,0.320695102685624,0.650621118012422,0.315384615384615,0.145833333333333,1,0,1,0.299050632911392,1,0,0.331797235023041,0.321711568938193,1,0.0558912386706949,1,0.0839813374805599,0.343260188087774,1,0.0652503793626707,0.668238993710692,1,1,1,0.318181818181818,0.0352760736196319,1,0.435534591194969,0.0939490445859873,0.355623100303951,0.329770992366412,0.324574961360124,1,1,1,1,1,0.0637329286798179,0.995384615384615,0.682442748091603,0.00150375939849624,0.329721362229102,1,1,1,1,0.0834621329211747,0.323574730354391,1,1,1,1,1,1,0.48,0,1,0.0777604976671851,0.333333333333333,0.427244582043344,1,0.40095087163233,0.313915857605178,0.319508448540707,1,0.0344827586206897,0.330781010719755,1,1,0.375399361022364,0.319083969465649,0.312401883830455,0.322528363047002,0.998447204968944,0.326433121019108,0.326251896813354,0.4125,0.331259720062208,0.972136222910217,0.319634703196347,0.0786516853932584,0.328616352201258,0,1,0.0864,0.31629392971246,0.327044025157233,0.321766561514196,1,1,1,1,1,1,0.334928229665072,1,0.321928460342146,0.325,0.595054095826893,0.679365079365079,1,1,0,0.324734446130501,0.118195956454121,0.998475609756098,0.0342146189735614,1,1,0.323854660347551,1,1,0.620253164556962,0.415986949429038,0.99554234769688,0.0747217806041336,0.098256735340729,1,1,1,0.0849056603773585,0,0.324116743471582,0.435857805255023,0.331297709923664,0,0.333863275039746,0.0850393700787402,1,1,0.328220858895706,0.327692307692308,0.241486068111455,0.344827586206897,0.323529411764706,0.32312404287902,1,1,0.335453100158982,1,0,1,0.220985691573927,1,0.665130568356375,1,0.31911532385466,0.317384370015949,0.0753846153846154,0.675507020280811,1,1,0.771875,0.905296950240771,0.328616352201258,0.32,1,0.326498422712934,0.255485893416928,0.333870967741935,1,0.101538461538462,1,1,0.325115562403698,0.670947030497592,0.317891373801917,1,1,0.318529862174579,0.324615384615385,0.325825825825826,0.86031746031746,0.322115384615385,1,0.0552995391705069,1,1,0.693877551020408,0.649842271293375,0.332794830371567,0.0534591194968553,0.335949764521193,1,1,0.311501597444089,0.334375,0.622291021671827,1,0.32262996941896,0.377675840978593,0.313846153846154,0.984447900466563,0.462145110410095,0.0031104199066874,0.309815950920245,0.333333333333333,0.337662337662338,0.318037974683544,0.328197226502311,0.970679012345679,1,0.31937984496124,0.542673107890499,0.6768,0.230650154798762,0.684466019417476,1,0.334862385321101,0.00158730158730159,0.332302936630603,0.321316614420063,0.366459627329193,0.326465927099842,0,0.345368916797488,0.322632423756019,0.339116719242902,0.317262830482115
"465",0.981191222570533,0.984567901234568,0.986024844720497,0.984326018808777,0.984544049459042,0.981337480559876,0.692431561996779,0.985781990521327,0.984350547730829,0.0670926517571885,0.986217457886677,0.0231481481481481,0.846153846153846,0.984496124031008,0.331240188383046,0.322480620155039,0.0388802488335925,0.668820678513732,0.982758620689655,0.981566820276498,0.303405572755418,0.315286624203822,0.981679389312977,0.121538461538462,0.983358547655068,0.342024539877301,0.329652996845426,0.982456140350877,0.983282674772036,0.813880126182965,0.323076923076923,0.769924812030075,0.97542242703533,0.323574730354391,0.0111464968152866,0.983633387888707,0.522205206738132,0.983180428134557,0.313161875945537,0.980480480480481,0.661538461538462,0.664596273291925,0.677224736048265,0.987577639751553,0.982758620689655,0.332278481012658,0.321928460342146,0.326251896813354,0.341085271317829,0.343465045592705,0.0108864696734059,0.988924050632911,0.324159021406728,0.986046511627907,0.980213089802131,0.529133858267717,0.531545741324921,0.98310291858679,0.984732824427481,0.984496124031008,0.341653666146646,0.327160493827161,0.324492979719189,0.660910518053375,0.982428115015974,0.983257229832572,0.0232198142414861,0.986046511627907,0.0274390243902439,0.337423312883436,0.981510015408321,0.328682170542636,0.341894060995185,0.949286846275753,0.482115085536547,0.983508245877061,0.32093023255814,0.350769230769231,0.984732824427481,0.332794830371567,0.0592948717948718,0.346333853354134,0.341653666146646,0.984709480122324,0.347826086956522,0.98796992481203,0.984567901234568,0.984520123839009,0.984423676012461,0.681047765793529,0.982892690513219,0.984802431610942,0.0138461538461538,0.0743034055727554,0.987220447284345,0.0242057488653555,0.0108191653786708,0.986089644513138,0.533011272141707,0.658423493044822,0.982892690513219,0.033175355450237,0.322378716744914,0.983948635634029,0.333863275039746,0.984326018808777,0.671296296296296,0.984520123839009,0.330708661417323,0.337461300309598,0.332822085889571,0.98145285935085,0.341121495327103,0.987616099071207,0.464723926380368,0.984894259818731,0.325581395348837,0.258513931888545,0.332826747720365,0.334379905808477,0.451162790697674,0.981366459627329,0.330781010719755,0.332797427652733,0.986466165413534,0.319018404907975,0.985185185185185,0.983483483483483,0.292452830188679,0.507692307692308,0.987321711568938,0.328149300155521,0.98740157480315,0.0225563909774436,0.988924050632911,0.327718223583461,0.665123456790123,0.336973478939158,0.962145110410095,0.395833333333333,0.0690737833594976,0.0714285714285714,0.981424148606811,0.982945736434109,0.344287949921753,0.985915492957746,0.328808446455505,0.984520123839009,0.841704718417047,0.981900452488688,0.332283464566929,0.987577639751553,0.984177215189873,0.985959438377535,0.986068111455108,0.351937984496124,0.982945736434109,0.336923076923077,0.213622291021672,0.987654320987654,0.325190839694657,0.983231707317073,0.311248073959938,0.0529595015576324,0.985736925515055,0.3312,0.979655712050078,0.979907264296754,0.982785602503912,0.34984520123839,0.984520123839009,0.333333333333333,0.9858934169279,0.325,0.98256735340729,0.332807570977918,0.0532724505327245,0.987616099071207,0.616,0.984101748807631,0.98125,0.325434439178515,0.985871271585557,0.990697674418605,0.984447900466563,0.981366459627329,0.333850931677019,0.324574961360124,0.983792544570502,0.986046511627907,0.330804248861912,0.323296354992076,0.983180428134557,0.418960244648318,0.652694610778443,0.015552099533437,0.327613104524181,0.654798761609907,0.98468606431853,0.330246913580247,0.984076433121019,0.986384266263237,0.9890625,0.323619631901841,0.336363636363636,0.342948717948718,0.984917043740573,0.983948635634029,0.984591679506934,0.0139103554868624,0.981538461538462,0.321766561514196,0.990740740740741,0.334905660377358,0.325545171339564,0.723270440251572,0.986003110419907,0.981308411214953,0.986111111111111,0.985981308411215,0.982594936708861,0.0216049382716049,0.333855799373041,0.340030911901082,0.981707317073171,0.664086687306502,0.986259541984733,0.981818181818182,0.984227129337539,0.981623277182236,0.982866043613707,0.98644578313253,0.015552099533437,0.272727272727273,0.983076923076923,0.330696202531646,0.984227129337539,0.312210200927357,0.986466165413534,0.982785602503912,0.986003110419907,0.984447900466563,0.982484076433121,0.341158059467919,0.983180428134557,0.543307086614173,0.343213728549142,0.336405529953917,0.324492979719189,0.335433070866142,0.343799058084772,0.381642512077295,0.346153846153846,0.326656394453005,0.335384615384615,0.983154670750383,0.338557993730408,0.985365853658537,0.675799086757991,0.334384858044164,0.268292682926829,0.34850863422292,0.982731554160126,0.984520123839009,0.985915492957746,0.218210361067504,0.32348367029549,0.986404833836858,0.331782945736434,0.332335329341317,0.325,0.336405529953917,0.670846394984326,0.982866043613707,0.336463223787167,0.333853354134165,0.984399375975039,0.319620253164557,0.983433734939759,0.329249617151608,0.320373250388802,0.982785602503912,0.985804416403785,0.981191222570533,0.510204081632653,0.98740157480315,0.68125,0.0499243570347958,0.338006230529595,0.984662576687117,0.982945736434109,0.0630769230769231,0.335375191424196,0.337042925278219,0.990536277602524,0.984326018808777,0.323029366306028,0.0138036809815951,0.0141509433962264,0.979166666666667,0.9856,0.350824587706147,0.98297213622291,0.983383685800604,0.332302936630603,0.984662576687117,0.984472049689441,0.333333333333333,0.984350547730829,0.984301412872841,0.984567901234568,0.98297213622291,0.340030911901082,0.323795180722892,0.339116719242902,0.982998454404946,0.981337480559876,0.656877897990726,0.328638497652582,0.98256735340729,0.329754601226994,0.31201248049922,0.986175115207373,0.983483483483483,0.982758620689655,0.983050847457627,0.983231707317073,0.338509316770186,0.984177215189873,0.982945736434109,0.0758293838862559,0.347560975609756,0.459842519685039,0.320373250388802,0.659409020217729,0.334346504559271,0.98355754857997,0.327073552425665,0.344236760124611,0.221374045801527,0.336890243902439,0.985849056603774,0.341317365269461,0.984350547730829,0.982731554160126,0.984423676012461,0.321372854914197,0.336448598130841,0.987538940809969,0.951612903225806,0.0330188679245283,0.981220657276995,0.328197226502311,0.335453100158982,0.315873015873016,0.987361769352291,0.336363636363636,0.438759689922481,0.339477726574501,0.325508607198748,0.329113924050633,0.323809523809524,0.984779299847793,0.334913112164297,0.988888888888889,0.984591679506934,0.0139751552795031,0.982731554160126,0.332278481012658,0.982839313572543,0.98340874811463,0.987220447284345,0.342679127725857,0.981707317073171,0.329093799682035,0.981707317073171,0.864535768645358,0.983128834355828,0.980861244019139,0.981510015408321,0.332321699544765,0.987421383647799,0.984251968503937,0.325581395348837,0.329738058551618,0.986089644513138,0.9858934169279,0.322480620155039,0.158295281582953,0.985668789808917,0.987748851454824,0.981873111782477,0.0184615384615385,0.323854660347551,0.984025559105431,0.328703703703704,0.207488299531981,0.988976377952756,0.662557781201849,0.46048632218845,0.985668789808917,0.989147286821705,0.660740740740741,0.687789799072643,0.366771159874608,0.986089644513138,0.328660436137072,0.982758620689655,0.984177215189873,0.35062893081761,0.984662576687117,0.984375,0.0107033639143731,0.3375,0.9828125,0.980982567353407,0.3328125,0.981481481481482,0.984076433121019,0.322033898305085,0.292117465224111,0.989028213166144,0.984591679506934,0.984350547730829,0.555384615384615,0.319938176197836,0.339652448657188,0.334828101644245,0.337962962962963,0.675548589341693,0.348367029548989,0.345146379044684,0.322727272727273,0.1984375,0.33968253968254,0.981679389312977,0.330838323353293,0.9828125,0.324451410658307,0.0553064275037369,0.027355623100304,0.983231707317073,0.98468606431853,0.0202492211838006,0.987261146496815,0.672811059907834,0.0233644859813084,0.0109717868338558,0.984848484848485,0.667697063369397,0.98297213622291,0.986024844720497,0.500789889415482,0.985959438377535,0.012326656394453,0.0455259026687598,0.984447900466563,0.984732824427481,0.981308411214953,0.335987261146497,0.629685157421289,0.684294871794872,0.975757575757576,0.98613251155624,1,0.31733746130031,0.304347826086957,0.981366459627329,0.310344827586207,0.984544049459042,0.389147286821705,0.0742496050552923,0.320610687022901,0.330316742081448,0.356550580431177,0.987654320987654,0.0515151515151515,0.981679389312977,0.982142857142857,0.982945736434109,0.215170278637771,0.341232227488152,0.981337480559876,0.342229199372057,0.980861244019139,0.9826224328594,0.32262996941896,0.9858934169279,0.329341317365269,0.985759493670886,0.315870570107858,0.334370139968896,0.981735159817352,0.6671826625387,0.334328358208955,0.987823439878234,0.323854660347551,0.794117647058823,0.328746177370031,0.124807395993837,0.331334332833583,0.799689440993789,0.32967032967033,0.979166666666667,0.337984496124031,0.351309707241911,0.310502283105023,0.984276729559748,0.987158908507223,0.984802431610942,0.991935483870968,0.313694267515924,0.981481481481482,0.347003154574132,0.984399375975039,0.331715210355987,0.329211746522411,0.981308411214953,0.9858934169279,0.990811638591118,0.948356807511737,0.983483483483483,0.327718223583461,0.335365853658537,0.986175115207373,0.985781990521327,0.0233644859813084,0.056782334384858,0.98297213622291,0.985804416403785,0.321372854914197,0.981366459627329,0.980538922155689,0.32348367029549,0.980922098569157,0.981538461538462,0.669796557120501,0.50920245398773,0.986046511627907,0.0177514792899408,0.984301412872841,0.981366459627329,0.0670731707317073,0.342679127725857,0.985849056603774,0.337519623233909,0.984615384615385,0.982594936708861,0.982919254658385,0.851851851851852,0.982839313572543,0.341307814992026,0.986068111455108,0.982704402515723,0.984399375975039,0.0122324159021407,0.32463295269168,0.985759493670886,0.983154670750383,0.656923076923077,0.980091883614089,0.329230769230769,0.37984496124031,0.334370139968896,0.986153846153846,0.98468606431853,0.982649842271293,0.0610687022900763,0.333333333333333,0.063391442155309,0.987596899224806,0.319508448540707,0.320668693009119,0.371340523882897,0.0141065830721003,0.987577639751553,0.978625954198473,0.981651376146789,0.981481481481482,0.340625,0.316187594553706,0.12788906009245,0.0185758513931889,0.330745341614907,0.329113924050633,0.340458015267176,0.00938967136150235,0.334370139968896,0.983128834355828,0.015625,0.326656394453005,0.983231707317073,0.981042654028436,0.983076923076923,0.331797235023041,0.321699544764795,0.0176848874598071,0.987841945288754,0.329192546583851,0.326656394453005,0.989180834621329,0.982866043613707,0.327160493827161,0.676375404530744,0.984326018808777,0.985826771653543,0.682316118935837,0.981651376146789,0.320061255742726,0.983818770226537,0.330733229329173,0.502318392581144,0.655538694992413,0.374242424242424,0.986003110419907,0.314112291350531,0.322932917316693,0.671779141104294,0.654490106544901,0.983050847457627,0.343122102009274,0.985413290113452,0.332833583208396,0.985871271585557,0.333333333333333,0.326984126984127,0.36055469953775,0.489164086687306,0.328593996840442,0.325949367088608,0.664596273291925,0.343032159264931,0.111831442463533,0.990521327014218,0.0153139356814701,0.984662576687117,0.307210031347962,0.98116169544741,0.0137825421133231,0.333855799373041,0.335453100158982,0.984126984126984,0.0296296296296296,0.98310291858679,0.0607476635514019,0.35,0.986175115207373,0.0360501567398119,0.65625,0.981424148606811,0.987538940809969,0.984779299847793,0.327974276527331,0.0196969696969697,0.983257229832572,0.457231726283048,0.069620253164557,0.372163388804841,0.338957055214724,0.341538461538462,0.984662576687117,0.985714285714286,0.979365079365079,0.9859375,0.986175115207373,0.037202380952381,0.978819969742814,0.672811059907834,0.0134932533733133,0.340523882896764,0.982945736434109,0.984496124031008,0.990461049284579,0.986384266263237,0.0550314465408805,0.331278890600925,0.986301369863014,0.9826224328594,0.985530546623794,0.986024844720497,0.983050847457627,0.981337480559876,0.45635528330781,0.0125391849529781,0.984301412872841,0.0537634408602151,0.330745341614907,0.399688958009331,0.984447900466563,0.41692789968652,0.322006472491909,0.324492979719189,0.981366459627329,0.0200617283950617,0.330289193302892,0.98468606431853,0.986046511627907,0.382539682539683,0.32572298325723,0.329230769230769,0.333855799373041,0.984709480122324,0.34009360374415,0.341049382716049,0.38871473354232,0.334370139968896,0.990895295902883,0.329323308270677,0.0507936507936508,0.33641975308642,0.0167173252279635,0.982919254658385,0.0603174603174603,0.316118935837246,0.334389857369255,0.325984251968504,0.987596899224806,0.983128834355828,0.985623003194888,0.981735159817352,0.988941548183254,0.980861244019139,0.347962382445141,0.983206106870229,0.330218068535826,0.339901477832512,0.56752655538695,0.663026521060842,0.984639016897081,0.98159509202454,0.0136986301369863,0.331297709923664,0.0882352941176471,0.988059701492537,0.0172955974842767,0.986003110419907,0.990461049284579,0.333333333333333,0.987341772151899,0.985413290113452,0.576138147566719,0.380875202593193,0.978978978978979,0.0557324840764331,0.0699523052464229,0.984447900466563,0.984472049689441,0.989096573208723,0.0558139534883721,0.0154798761609907,0.330275229357798,0.447900466562986,0.33026113671275,0.0168711656441718,0.345736434108527,0.0549450549450549,0.984520123839009,0.979099678456592,0.329268292682927,0.338983050847458,0.208722741433022,0.353968253968254,0.328746177370031,0.332814930015552,0.981308411214953,0.98613251155624,0.338607594936709,0.982378854625551,0.0154320987654321,0.990625,0.19188767550702,0.985736925515055,0.667177914110429,0.981623277182236,0.327014218009479,0.3184,0.0520673813169985,0.668217054263566,0.985981308411215,0.984447900466563,0.76813880126183,0.868044515103339,0.337042925278219,0.328548644338118,0.98159509202454,0.334375,0.219284603421462,0.340222575516693,0.980568011958146,0.0728682170542636,0.982945736434109,0.984227129337539,0.337461300309598,0.668276972624799,0.32753164556962,0.988817891373802,0.985981308411215,0.322678843226788,0.321483771251932,0.332831325301205,0.839171974522293,0.331189710610932,0.979719188767551,0.027231467473525,0.9796875,0.985553772070626,0.675757575757576,0.639191290824261,0.343499197431782,0.0232558139534884,0.342592592592593,0.983024691358025,0.9875,0.318818040435459,0.344186046511628,0.603053435114504,0.984567901234568,0.319571865443425,0.347560975609756,0.328197226502311,0.964396284829721,0.448275862068966,0.0121765601217656,0.323795180722892,0.337899543378995,0.337007874015748,0.330708661417323,0.33134328358209,0.961948249619482,0.984447900466563,0.321646341463415,0.530063291139241,0.674565560821485,0.198461538461538,0.675762439807384,0.987441130298273,0.33641975308642,0.0157232704402516,0.348367029548989,0.326687116564417,0.33953488372093,0.339035769828927,0.0138036809815951,0.351014040561622,0.33015873015873,0.339116719242902,0.325545171339564
"466",0.290220820189274,0.295489891135303,0.299843014128728,0.31637519872814,0.298904538341158,0.289308176100629,0.0143312101910828,0.303317535545024,0.300925925925926,0.584269662921348,0.308755760368664,0.649691358024691,0.503184713375796,0.309748427672956,1,1,0.625585023400936,0,0.30952380952381,0.299843014128728,1,1,0.306027820710974,0.531881804043546,0.301075268817204,1,1,0.320325203252033,0.298165137614679,0.515974440894569,1,0.575803981623277,0.352307692307692,0.996879875195008,0.674491392801252,0.297697368421053,0.143079315707621,0.302147239263804,1,0.296296296296296,0.00313479623824451,0,0,0.315789473684211,0.306709265175719,1,0.993690851735016,1,1,1,0.704791344667697,0.312599681020734,1,0.314152410575428,0.29264475743349,0.818181818181818,0.121069182389937,0.300314465408805,0.304147465437788,0.312401883830455,0.992424242424242,1,1,0.00627943485086342,0.296,0.303599374021909,0.668238993710692,0.309636650868878,0.631419939577039,1,0.302611367127496,1,1,0.260096930533118,0.167441860465116,0.299546142208775,1,0.993759750390016,0.309707241910632,1,0.620578778135048,1,1,0.311912225705329,1,0.305597579425113,0.301261829652997,0.306603773584906,0.302652106084243,0,0.305732484076433,0.310606060606061,0.700617283950617,0.605590062111801,0.292134831460674,0.656534954407295,0.69435736677116,0.297213622291022,0.122549019607843,0,0.301242236024845,0.63166144200627,1,0.304,1,0.3008,0,0.308527131782946,1,1,1,0.297213622291022,0.995398773006135,0.309486780715397,0.218266253869969,0.297256097560976,1,0.394126738794436,1,1,0.209876543209877,0.3,1,1,0.311424100156495,1,0.301801801801802,0.29601226993865,0.384735202492212,0.776923076923077,0.301282051282051,1,0.314375987361769,0.650224215246637,0.319935691318328,1,0.00153846153846154,1,0.363067292644757,0.885167464114832,0.591549295774648,0.607874015748031,0.300314465408805,0.310509554140127,1,0.296875,1,0.2944,0.489296636085627,0.308980213089802,1,0.299539170506912,0.299065420560748,0.308306709265176,0.311728395061728,1,0.284591194968553,1,0.449230769230769,0.310769230769231,1,0.297090352220521,1,0.604724409448819,0.3024,1,0.304482225656878,0.295031055900621,0.325545171339564,0.987673343605547,0.312989045383412,1,0.306729264475743,1,0.305194805194805,1,0.606531881804043,0.277258566978193,0.032258064516129,0.287974683544304,0.300157977883096,1,0.299382716049383,0.304821150855365,0.306976744186047,0.31974921630094,1,1,0.303370786516854,0.309375,1,1,0.309748427672956,0.248037676609105,0.018018018018018,0.702492211838006,1,0.00310077519379845,0.298136645962733,1,0.304761904761905,0.29320987654321,0.309707241910632,0.996889580093313,1,1,0.313725490196078,0.298555377207063,0.297674418604651,0.688995215311005,0.294573643410853,1,0.328638497652582,1,1,0.449768160741886,0.307692307692308,0.306027820710974,0.306122448979592,0.292307692307692,0.300940438871473,0.652713178294574,1,1,0.29618320610687,0.00458715596330275,0.309341500765697,0.305810397553517,0.313084112149533,0.291472868217054,0.278560250391236,0.302891933028919,0.706686930091185,0.380585516178737,0.297045101088647,1,0.309748427672956,1,0.290769230769231,0.290880503144654,0.3,0.307324840764331,0.299837925445705,1,0.303875968992248,0.787781350482315,1,1,0.996835443037975,1,1,0.893481717011129,1,1,1,0.299079754601227,1,0.305280528052805,0,1,0.398773006134969,1,0.308306709265176,0.300157977883096,0.298904538341158,0.434645669291339,1,0.302147239263804,1,1,1,1,0,0.296703296703297,1,1,0.3,1,0.310185185185185,1,1,0.295886075949367,0.316455696202532,0.290372670807453,0.15,0.310725552050473,0,0.6,1,0.298003072196621,0.299843014128728,0.587786259541985,1,1,0.308064516129032,0.31378763866878,1,0.666666666666667,0.71451355661882,0.292913385826772,0.309294871794872,0.993874425727412,0.314641744548287,0.292168674698795,1,0.293103448275862,0.293023255813953,1,0.287735849056604,0.300314465408805,0.300623052959502,0.30757341576507,1,1,1,0.291338582677165,0.305863708399366,0.00778816199376947,0.990639625585023,0.312202852614897,1,1,0.296466973886329,0.307098765432099,0.284829721362229,0.299689440993789,0.297637795275591,1,0.290015847860539,0.29559748427673,0.585874799357945,1,0.835182250396197,1,0,1,0.306748466257669,1,1,0.434915773353752,0.998456790123457,0.305246422893482,1,0.2984375,0.287949921752739,0.29393468118196,1,1,0.304821150855365,0.389694041867955,0.625199362041467,0.2914653784219,1,1,1,0.309409888357257,1,0.22015503875969,1,1,1,1,0.312597200622084,1,0.298531810766721,0.318681318681319,0.68380062305296,0.288643533123028,1,0.308166409861325,0.305597579425113,0.302362204724409,1,0.293394777265745,1,0.30804248861912,0.469040247678019,0.311424100156495,0.304625199362041,0.301092043681747,1,0.30379746835443,0.29393468118196,1,1,0.305900621118012,0.297169811320755,1,0.496932515337423,0.29951690821256,0.312893081761006,0.312597200622084,0.689655172413793,1,0.2864,1,0.444270015698587,0.29559748427673,0,0.879389312977099,0.309636650868878,0.304075235109718,0,0.0315457413249211,0.981102362204724,0.301857585139319,1,0.2914653784219,0.300653594771242,1,0.308166409861325,0.309748427672956,0.68125,1,0.303656597774245,0.304212168486739,1,0.301538461538462,0.299363057324841,1,0.353941267387944,0.305511811023622,0.305772230889236,0.31637519872814,0.783616692426584,1,0.978193146417445,1,1,0.00157232704402516,1,0.993769470404984,1,0.450393700787402,0.996784565916399,0.296923076923077,0.993874425727412,0.317535545023697,0.995363214837713,0.62125748502994,0.639016897081413,0.307692307692308,0.298621745788668,0.654205607476635,0.303715670436187,0,0.649612403100775,0.695374800637959,0.298003072196621,0.0015600624024961,0.305164319248826,0.294117647058824,0.7734375,0.308411214953271,0.699844479004666,0.606687898089172,0.304552590266876,0.29922480620155,0.286604361370716,1,0.0267857142857143,0,0.302936630602782,0.316118935837246,0.31733746130031,1,0.356918238993711,0.307219662058372,1,0.288819875776398,0.935837245696401,0.577708006279435,1,1,0.993366500829187,0.299694189602446,0.617511520737327,0.308734939759036,0.294498381877023,0.305295950155763,0.434915773353752,1,0.293563579277865,1,0.306581059390048,0.305466237942122,1,0.311216429699842,1,0.305863708399366,1,1,0.313178294573643,0,1,0.303599374021909,1,0.553654743390358,1,0.524539877300613,1,0.547169811320755,1,0.305246422893482,1,1,1,0.297805642633229,0.311216429699842,0.306184012066365,0.335504885993485,0.347266881028939,0.294753086419753,1,0.313271604938272,1,1,0.316614420062696,0.300476947535771,0.305084745762712,0.374608150470219,0.307098765432099,1,1,0.314329738058552,0.310618066561014,0.6359375,0.607594936708861,0.296583850931677,0.303174603174603,1,0.285714285714286,0.30030487804878,0.995334370139969,0.295819935691318,0.290423861852433,0,0.142635658914729,0.303265940902022,0.693233082706767,0.295208655332303,0.303875968992248,0.610015174506829,0.996845425867508,0.290679304897314,1,0.297169811320755,0.325545171339564,0.30625,0.458074534161491,0.302795031055901,1,0.305084745762712,0.3072,0.316720257234727,0.70679012345679,1,0.310509554140127,0.304012345679012,0,0.309119010819165,0.998425196850394,0.948916408668731,1,0.304147465437788,0.311145510835913,0.29393468118196,0.591805766312595,1,0.60731319554849,0.320251177394035,1,1,0.9640625,0.682389937106918,0.314873417721519,0.341653666146646,0.305084745762712,0.300155520995334,1,1,0.528861154446178,0.650316455696203,1,1,0.998470948012232,0.709470304975923,1,0.310872894333844,0.705148205928237,1,0.304482225656878,0.298107255520505,0.300787401574803,0.996951219512195,1,0.66231647634584,0.306603773584906,1,1,0.309230769230769,0.295665634674923,0.998425196850394,0,0.296998420221169,0.292527821939587,0.00623052959501558,0.295665634674923,1,0.300157977883096,1,0.149922720247295,0,0.906060606060606,0.312210200927357,1,1,0,0.00153609831029186,0.304821150855365,1,0.294212218649518,0.996918335901387,0.298107255520505,1,0.998452012383901,0.957943925233645,0.781201848998459,1,1,0.0046801872074883,1,0.535073409461664,0.306729264475743,0.690076335877863,0.303543913713405,1,0.293103448275862,0.6921875,1,1,0.295345104333868,0.635135135135135,0.313664596273292,0.60410094637224,0.971608832807571,0.314285714285714,0.618973561430793,0.0125195618153365,0.298273155416013,0.315132605304212,0.306853582554517,1,0.65144596651446,0.299079754601227,0.885400313971743,0.610591900311526,0.964560862865948,1,1,0.298600311041991,0.32,0.296875,0.297971918876755,0.296875,0.630862329803328,0.286377708978328,0,0.689863842662632,0.998468606431853,0.309486780715397,0.288643533123028,0.299679487179487,0.30757341576507,0.623639191290824,1,0.319508448540707,0.318541996830428,0.315960912052117,0.304140127388535,0.298600311041991,0.303599374021909,0.204018547140649,0.692913385826772,0.308777429467085,0.607305936073059,1,0.25,0.302034428794992,0.916398713826367,1,1,0.302469135802469,0.647887323943662,1,0.291021671826625,0.284829721362229,0.94896331738437,1,1,0.996865203761755,0.310291858678955,1,1,0.902325581395349,1,0.33695652173913,1,0.610932475884244,1,0.691131498470948,0.302362204724409,0.616588419405321,1,1,0.990476190476191,0.310185185185185,0.3125,0.309904153354633,0.302507836990596,0.313504823151125,0.308544303797468,0.984301412872841,0.294117647058824,1,1,0.724191063174114,0,0.303215926493109,0.310975609756098,0.690548780487805,1,0.580594679186229,0.312688821752266,0.65987460815047,0.291993720565149,0.302547770700637,1,0.300955414012739,0.293245469522241,0.700949367088608,0.907348242811502,0.310650887573964,0.62200956937799,0.588976377952756,0.310832025117739,0.309375,0.288611544461778,0.6078125,0.699844479004666,1,0.889408099688474,1,0.685099846390169,0.996860282574568,0.595846645367412,0.301412872841444,0.309904153354633,1,1,0.448657187993681,0.992050874403816,0.996937212863706,1,0.298273155416013,0.306122448979592,1,0.3,0.694099378881988,0.310832025117739,0.469387755102041,0.289808917197452,0,0.296466973886329,1,1,0.61214953271028,0.00154559505409583,0.310769230769231,0.305466237942122,0.0946372239747634,0.4032,1,1,0.299689440993789,1,0.433070866141732,1,0.317557251908397,0.602167182662539,0.305555555555556,0.30173775671406,1,0,1,0.28735632183908,0.306709265175719,1,1,1,0.434439178515008,1,0.305426356589147,0.631415241057543,0.307570977917981,0.319354838709677,0.00155763239875389,0.0400616332819723,1,0.634375,1,0.311349693251534,0.309294871794872,1,1,0.159126365054602,0.306976744186047,1,0.906298003072197,1,0.317484662576687,0.214968152866242,0.677067082683307,1,1,1,1,1,0.278713629402757,0.291139240506329,1,0.125407166123779,0.00161550888529887,0.461778471138846,0,0.311912225705329,1,0.693650793650794,1,1,0.895384615384615,1,0.693623639191291,1,1,1,1
"467",0.349436392914654,0.334384858044164,0.346518987341772,0.334905660377358,0.330203442879499,0.343898573692552,0.6304,0.33974358974359,0.346811819595645,0.763578274760383,0.338006230529595,0.710730948678072,0.141065830721003,0.329093799682035,0.335443037974684,0.342271293375394,0.729393468118196,0.662866449511401,0.3328,0.34472049689441,0.348101265822785,0.332268370607029,0.344287949921753,0.833592534992224,0.359756097560976,0.331768388106416,0.328525641025641,0.330112721417069,0.35548686244204,0.163751987281399,0.356697819314642,0.136858475894246,0.315457413249211,0.3390625,0.675675675675676,0.328925619834711,0.807511737089202,0.320433436532508,0.35258358662614,0.343653250773994,0.670886075949367,0.658805031446541,0.658986175115207,0.322222222222222,0.329581993569132,0.334394904458599,0.345368916797488,0.336923076923077,0.333848531684699,0.336477987421384,0.666666666666667,0.318181818181818,0.35062893081761,0.333333333333333,0.346273291925466,0.161858974358974,0.8,0.33125,0.349606299212598,0.341269841269841,0.325581395348837,0.338095238095238,0.355905511811024,0.673534072900158,0.345659163987138,0.348837209302326,0.699685534591195,0.329093799682035,0.731818181818182,0.317683881064163,0.339563862928349,0.340659340659341,0.328,0.381877022653722,0.841940532081377,0.341984732824427,0.349230769230769,0.326656394453005,0.330792682926829,0.332802547770701,0.758064516129032,0.34488188976378,0.331230283911672,0.330696202531646,0.323529411764706,0.331288343558282,0.34887459807074,0.330757341576507,0.328100470957614,0.6515625,0.342356687898089,0.328149300155521,0.67032967032967,0.767080745341615,0.335443037974684,0.722222222222222,0.674491392801252,0.327586206896552,0.798013245033113,0.678288431061807,0.338050314465409,0.739549839228296,0.357366771159875,0.352941176470588,0.342229199372057,0.338050314465409,0.671899529042386,0.344287949921753,0.335987261146497,0.331230283911672,0.322033898305085,0.345679012345679,0.331240188383046,0.33175355450237,0.888198757763975,0.345509893455099,0.334379905808477,0.955589586523737,0.33179012345679,0.337007874015748,0.891849529780564,0.331230283911672,0.338461538461538,0.336012861736334,0.334365325077399,0.357142857142857,0.343373493975904,0.339477726574501,0.974842767295597,0.576864535768645,0.32569558101473,0.350078492935636,0.352564102564103,0.70257966616085,0.317817014446228,0.339009287925697,0.677215189873418,0.33693972179289,0.278041074249605,0.463414634146341,0.761904761904762,0.764240506329114,0.328100470957614,0.328525641025641,0.333333333333333,0.336477987421384,0.330769230769231,0.333863275039746,0.161442006269592,0.34984520123839,0.338709677419355,0.334375,0.346153846153846,0.343548387096774,0.333333333333333,0.302215189873418,0.350078492935636,0.321086261980831,0.911490683229814,0.335925349922239,0.35548686244204,0.346036585365854,0.353218210361067,0.756410256410256,0.334935897435897,0.332273449920509,0.34789391575663,0.346094946401225,0.333333333333333,0.33641975308642,0.338072669826224,0.332288401253919,0.345483359746434,0.330683624801272,0.324193548387097,0.335987261146497,0.744945567651633,0.340157480314961,0.712871287128713,0.332794830371567,0.343898573692552,0.340872374798061,0.340764331210191,0.344391785150079,0.345971563981043,0.337007874015748,0.348580441640379,0.34,0.343499197431782,0.3328,0.331804281345566,0.3486529318542,0.334351145038168,0.891304347826087,0.682962962962963,0.652448657187994,0.341653666146646,0.678343949044586,0.339035769828927,0.342146189735614,0.355519480519481,0.332298136645963,0.343898573692552,0.342767295597484,0.35548686244204,0.329563812600969,0.342024539877301,0.344103392568659,0.340590979782271,0.667731629392971,0.341732283464567,0.336492890995261,0.319047619047619,0.321656050955414,0.33652312599681,0.61198738170347,0.335423197492163,0.329230769230769,0.328593996840442,0.345425867507886,0.340288924558588,0.711598746081505,0.33015873015873,0.348228043143297,0.339506172839506,0.666666666666667,0.343032159264931,0.337941628264209,0.346456692913386,0.334360554699538,0.34850863422292,0.329819277108434,0.642633228840125,0.975646879756469,0.342146189735614,0.3354943273906,0.330696202531646,0.339009287925697,0.338509316770186,0.335443037974684,0.338072669826224,0.323717948717949,0.338735818476499,0.317034700315457,0.344339622641509,0.129746835443038,0.314194577352472,0.341576506955178,0.346839546191248,0.341307814992026,0.344103392568659,0.443910256410256,0.334883720930233,0.324574961360124,0.3328125,0.361801242236025,0.328025477707006,0.343648208469055,0.653846153846154,0.335394126738794,0.956923076923077,0.335949764521193,0.346092503987241,0.322884012539185,0.332797427652733,0.930817610062893,0.35062893081761,0.328660436137072,0.339116719242902,0.328220858895706,0.329704510108865,0.344339622641509,0.662460567823344,0.337539432176656,0.342105263157895,0.340322580645161,0.3328125,0.3354943273906,0.339009287925697,0.333860759493671,0.352380952380952,0.333333333333333,0.337579617834395,0.350237717908082,0.820031298904538,0.330670926517572,0.662974683544304,0.754147812971342,0.327503974562798,0.347417840375587,0.328638497652582,0.770061728395062,0.333855799373041,0.337078651685393,0.334405144694534,0.332802547770701,0.343167701863354,0.686028257456829,0.652173913043478,0.3424,0.332792207792208,0.333333333333333,0.335974643423138,0.349230769230769,0.338957055214724,0.336990595611285,0.352850539291217,0.335413416536661,0.338658146964856,0.335443037974684,0.33596214511041,0.333333333333333,0.326018808777429,0.34984520123839,0.345659163987138,0.346875,0.345047923322684,0.665629860031104,0.334905660377358,0.330128205128205,0.337962962962963,0.345425867507886,0.347222222222222,0.332822085889571,0.333333333333333,0.33175355450237,0.343701399688958,0.339652448657188,0.33596214511041,0.34789391575663,0.774960380348653,0.327188940092166,0.496050552922591,0.344827586206897,0.655502392344498,0.333850931677019,0.33843797856049,0.3424,0.331210191082803,0.928792569659443,0.345256609642302,0.339712918660287,0.345565749235474,0.336507936507937,0.34488188976378,0.333333333333333,0.340694006309148,0.349768875192604,0.338006230529595,0.261363636363636,0.740740740740741,0.348242811501597,0.333333333333333,0.335433070866142,0.323151125401929,0.325878594249201,0.329268292682927,0.890649762282092,0.334905660377358,0.332273449920509,0.331715210355987,0.337519623233909,0.333333333333333,0.345483359746434,0.32516339869281,0.347068145800317,0.662480376766091,0.349683544303797,0.3408,0.336448598130841,0.326120556414219,0.333333333333333,0.327014218009479,0.335375191424196,0.328025477707006,0.342064714946071,0.173708920187793,0.351937984496124,0.340836012861736,0.33179012345679,0.346938775510204,0.330143540669856,0.341194968553459,0.341653666146646,0.34009360374415,0.343354430379747,0.337519623233909,0.343122102009274,0.87175572519084,0.35048231511254,0.342064714946071,0.33026113671275,0.664566929133858,0.352272727272727,0.318555008210181,0.339593114241002,0.927672955974843,0.347551342812006,0.660964230171073,0.215926493108729,0.32520325203252,0.328593996840442,0.66969696969697,0.642633228840125,0.3203125,0.340189873417722,0.337519623233909,0.335463258785943,0.320512820512821,0.33175355450237,0.336448598130841,0.335423197492163,0.68025078369906,0.334375,0.342767295597484,0.3232,0.337579617834395,0.345794392523364,0.332258064516129,0.340694006309148,0.967084639498433,0.334943639291465,0.31832298136646,0.335423197492163,0.123417721518987,0.350387596899225,0.376,0.334862385321101,0.331761006289308,0.671974522292994,0.328197226502311,0.330173775671406,0.342064714946071,0.908372827804107,0.336025848142165,0.347826086956522,0.336923076923077,0.329133858267717,0.339506172839506,0.746564885496183,0.716510903426791,0.342723004694836,0.344615384615385,0.709779179810726,0.349840255591054,0.658461538461538,0.707241910631741,0.675078864353312,0.330745341614907,0.6609375,0.345256609642302,0.337519623233909,0.579872204472843,0.337480559875583,0.663594470046083,0.754442649434572,0.335443037974684,0.3375,0.355932203389831,0.340659340659341,0.691489361702128,0.64297253634895,0.355828220858896,0.32967032967033,0.304347826086957,0.356918238993711,1,0.33489827856025,0.3376,0.33695652173913,0.281150159744409,0.7696,0.34789391575663,0.332312404287902,0.33277027027027,0.335384615384615,0.752671755725191,0.343032159264931,0.327390599675851,0.330188679245283,0.927357032457496,0.3264,0.342857142857143,0.343949044585987,0.342948717948718,0.344103392568659,0.340557275541796,0.337007874015748,0.354984894259819,0.349056603773585,0.350157728706625,0.334384858044164,0.3328125,0.6608,0.342900302114804,0.33953488372093,0.34789644012945,0.201550387596899,0.344512195121951,0.844135802469136,0.33030303030303,0.156589147286822,0.354838709677419,0.3456,0.331230283911672,0.324200913242009,0.367692307692308,0.343949044585987,0.341307814992026,0.352307692307692,0.293159609120521,0.995098039215686,0.343213728549142,0.320967741935484,0.325508607198748,0.343137254901961,0.33641975308642,0.332273449920509,0.324451410658307,0.321100917431193,0.266982622432859,0.337423312883436,0.346213292117465,0.341158059467919,0.326018808777429,0.330658105939005,0.72258064516129,0.746456692913386,0.340590979782271,0.328025477707006,0.345659163987138,0.353582554517134,0.340943683409437,0.339652448657188,0.352272727272727,0.334389857369255,0.658227848101266,0.831775700934579,0.329073482428115,0.655172413793103,0.335974643423138,0.336448598130841,0.747678018575851,0.334905660377358,0.328548644338118,0.325,0.334928229665072,0.305379746835443,0.344391785150079,0.172684458398744,0.345425867507886,0.334384858044164,0.336990595611285,0.325320512820513,0.327974276527331,0.662519440124417,0.337171052631579,0.327974276527331,0.333855799373041,0.667197452229299,0.333333333333333,0.334920634920635,0.29393468118196,0.333333333333333,0.343167701863354,0.329721362229102,0.342812006319115,0.763803680981595,0.333333333333333,0.755591054313099,0.323763955342903,0.354938271604938,0.347417840375587,0.305426356589147,0.6703125,0.33122028526149,0.288372093023256,0.332288401253919,0.342105263157895,0.336538461538462,0.342592592592593,0.846275752773376,0.713153724247227,0.346875,0.337519623233909,0.341049382716049,0.660347551342812,0.340729001584786,0.333333333333333,0.659235668789809,0.333333333333333,0.327692307692308,0.337539432176656,0.332278481012658,0.338485316846986,0.345146379044684,0.719806763285024,0.3375,0.359621451104101,0.3484375,0.334365325077399,0.346811819595645,0.344773790951638,0.655574043261231,0.331723027375201,0.345541401273885,0.663551401869159,0.342592592592593,0.353658536585366,0.358184764991896,0.342902711323764,0.835866261398176,0.66820987654321,0.453149001536098,0.339089481946625,0.337984496124031,0.336492890995261,0.660436137071651,0.68,0.331259720062208,0.33125,0.337641357027464,0.343511450381679,0.32741935483871,0.328638497652582,0.35048231511254,0.303599374021909,0.545166402535658,0.3408,0.342948717948718,0.67981072555205,0.340523882896764,0.828947368421053,0.328025477707006,0.673879443585781,0.33695652173913,0.349840255591054,0.342723004694836,0.678683385579937,0.344236760124611,0.336507936507937,0.351524879614767,0.72782874617737,0.332288401253919,0.76984126984127,0.303656597774245,0.325434439178515,0.736263736263736,0.6859375,0.330218068535826,0.329704510108865,0.34012539184953,0.343137254901961,0.72,0.340523882896764,0.23015873015873,0.760252365930599,0.304347826086957,0.338582677165354,0.334355828220859,0.339035769828927,0.311793214862682,0.343548387096774,0.32755905511811,0.337461300309598,0.735474006116208,0.349693251533742,0.667706708268331,0.662162162162162,0.348909657320872,0.331240188383046,0.359055118110236,0.338235294117647,0.331804281345566,0.746875,0.349693251533742,0.322480620155039,0.321656050955414,0.32520325203252,0.347068145800317,0.333855799373041,0.346333853354134,0.873282442748092,0.690208667736758,0.331210191082803,0.74347158218126,0.344773790951638,0.932389937106918,0.345161290322581,0.26742301458671,0.363192182410423,0.336477987421384,0.342723004694836,0.718068535825545,0.338983050847458,0.328638497652582,0.355095541401274,0.288461538461538,0.329192546583851,0.339652448657188,0.35,0.327102803738318,0.3504,0.343076923076923,0.4448,0.342767295597484,0.295839753466872,0.335375191424196,0.750814332247557,0.340062111801242,0.659442724458204,0.344339622641509,0.7504,0.347266881028939,0.345047923322684,0.34384858044164,0.328173374613003,0.325508607198748,0.341894060995185,0.339563862928349,0.331189710610932,0.331179321486268,0.323624595469256,0.341194968553459,0.35377358490566,0.341750841750842,0.545878693623639,0.653968253968254,0.347626339969372,0.349378881987578,0.66820987654321,0.337984496124031,0.783227848101266,0.327743902439024,0.707547169811321,0.338118022328549,0.342532467532468,0.333333333333333,0.332802547770701,0.333868378812199,0.642172523961661,0.429497568881686,0.343373493975904,0.7488,0.762738853503185,0.340062111801242,0.321711568938193,0.344339622641509,0.759375,0.665639445300462,0.333333333333333,0.225552050473186,0.344186046511628,0.665123456790123,0.338164251207729,0.749201277955272,0.339089481946625,0.3354943273906,0.343032159264931,0.343701399688958,0.927786499215071,0.336025848142165,0.352941176470588,0.34009360374415,0.34585289514867,0.33489827856025,0.333333333333333,0.350453172205438,0.676923076923077,0.334384858044164,0.892913385826772,0.352564102564103,0.6671875,0.345679012345679,0.333333333333333,0.342356687898089,0.743431221020093,0.66875,0.3328173374613,0.332273449920509,0.546623794212219,0.451298701298701,0.337519623233909,0.3456,0.332805071315372,0.327014218009479,0.925984251968504,0.334405144694534,0.340425531914894,0.7703125,0.341121495327103,0.333333333333333,0.330232558139535,0.653721682847896,0.330143540669856,0.346278317152104,0.332278481012658,0.343701399688958,0.341653666146646,0.337920489296636,0.432646592709984,0.331746031746032,0.341232227488152,0.723765432098765,0.332293291731669,0.326298701298701,0.653188180404355,0.70253164556962,0.328455284552846,0.728139904610493,0.328025477707006,0.333333333333333,0.320907617504052,0.33596214511041,0.326018808777429,0.718553459119497,0.331230283911672,0.341121495327103,0.438080495356037,0.344615384615385,0.359253499222395,0.873040752351097,0.658307210031348,0.350689127105666,0.337442218798151,0.333333333333333,0.348387096774194,0.334351145038168,0.366306027820711,0.356576862123613,0.337480559875583,0.794830371567044,0.660194174757282,0.899529042386185,0.664484451718494,0.323390894819466,0.32348367029549,0.670364500792393,0.316535433070866,0.332288401253919,0.454968944099379,0.331746031746032,0.667706708268331,0.327102803738318,0.344660194174757,0.32695374800638,0.321766561514196
"468",1,1,1,1,1,1,0.699044585987261,1,1,0.102848101265823,1,0.0518053375196232,0.812893081761006,1,0.316455696202532,0.306853582554517,0.0675883256528418,0.6784,1,1,0.293563579277865,0.314696485623003,1,0.163297045101089,1,0.321646341463415,0.317512274959083,1,1,0.78060413354531,0.310975609756098,0.725308641975309,0.963020030816641,0.308426073131955,0,1,0.536923076923077,1,0.296352583586626,1,0.667185069984448,0.67651632970451,0.695987654320988,1,1,0.31629392971246,0.310344827586207,0.301684532924962,0.31832298136646,0.324615384615385,0,1,0.30757341576507,1,1,0.495253164556962,0.563291139240506,1,1,1,0.330769230769231,0.317262830482115,0.314641744548287,0.683385579937304,1,1,0.0409448818897638,1,0.0639269406392694,0.316187594553706,1,0.312693498452012,0.324367088607595,0.962783171521036,0.515243902439024,1,0.304012345679012,0.332298136645963,1,0.309033280507132,0.0894308943089431,0.32120253164557,0.325508607198748,1,0.338509316770186,1,1,1,1,0.692068429237947,1,1,0.00157232704402516,0.110939907550077,1,0.0552147239263804,0,1,0.569131832797428,0.673946957878315,1,0.0613207547169811,0.308527131782946,1,0.315047021943574,1,0.683076923076923,1,0.310452418096724,0.317829457364341,0.312404287901991,1,0.322834645669291,1,0.486821705426357,1,0.307692307692308,0.300925925925926,0.324812030075188,0.313880126182965,0.480122324159021,0.998461538461539,0.319018404907975,0.3056,1,0.302325581395349,1,1,0.326656394453005,0.555555555555556,1,0.313479623824451,1,0.0492537313432836,1,0.314900153609831,0.683720930232558,0.326086956521739,0.922600619195046,0.437299035369775,0.108150470219436,0.102918586789555,1,1,0.3296875,1,0.319508448540707,1,0.796557120500782,1,0.318979266347687,1,1,1,1,0.332278481012658,1,0.319047619047619,0.25462962962963,1,0.311926605504587,1,0.3015625,0.0887480190174326,1,0.310236220472441,1,1,1,0.329738058551618,1,0.327639751552795,1,0.304552590266876,1,0.320813771517997,0.0801232665639445,1,0.640322580645161,1,1,0.312989045383412,1,1,1,1,0.325038880248834,0.307098765432099,1,0.998430141287284,0.31651376146789,0.303514376996805,1,0.44375,0.675635276532138,0,0.315132605304212,0.671826625386997,1,0.317901234567901,1,0.998470948012232,1,0.31055900621118,0.320121951219512,0.331715210355987,1,1,1,0,1,0.301282051282051,0.970358814352574,0.325949367088608,0.307098765432099,0.75531914893617,1,1,1,1,1,0.0514018691588785,0.317683881064163,0.324655436447167,1,0.68025078369906,1,1,0.998430141287284,0.998466257668712,1,1,0.0046656298600311,0.321100917431193,1,0.312101910828025,1,0.300623052959502,1,1,1,1,1,0.315457413249211,1,0.513260530421217,0.317829457364341,0.326153846153846,0.313694267515924,0.320251177394035,0.326018808777429,0.424920127795527,0.324534161490683,0.317972350230415,0.311526479750779,1,0.317262830482115,1,0.690658499234303,0.306376360808709,0.30920060331825,0.329173166926677,1,1,1,0.260802469135802,0.305900621118012,1,0.320126782884311,0.32572298325723,0.306603773584906,0.315467075038285,0.690140845070423,1,0.320121951219512,0.313385826771654,1,0.294871794871795,1,0.306870229007634,0.311912225705329,1,1,1,0.541085271317829,1,0.687402799377916,0.0865671641791045,0.319685039370079,1,1,0.102874432677761,0.322981366459627,0.324324324324324,1,1,0.296875,0.0280373831775701,0.0031496062992126,1,1,0.335832083958021,0.9984375,1,0.314589665653495,1,1,0.315870570107858,1,1,1,1,0.322274881516588,0.311746987951807,0.331730769230769,1,1,0.667687595712098,0.317683881064163,1,0.320061255742726,0.293291731669267,1,1,0.998470948012232,1,1,0.327102803738318,1,1,0.118589743589744,0.336405529953917,0.485981308411215,0.304278922345483,0.672955974842767,0.314900153609831,1,0.315132605304212,0.327102803738318,0.254992319508449,0.317484662576687,1,0.325227963525836,1,1,1,0.300155520995334,0.318461538461538,0.998417721518987,0.921440261865794,0.0675039246467818,1,0.313664596273292,0.319047619047619,0.303514376996805,1,0.329211746522411,0.466458658346334,0.318885448916409,0.30625,0.318979266347687,0.305900621118012,1,0.319620253164557,1,1,0,1,0.315625,1,1,1,0.330143540669856,1,0.307324840764331,1,0.83179012345679,1,1,1,0.311248073959938,1,1,0.310185185185185,0.310077519379845,1,1,0.31055900621118,0.18960244648318,1,0.998459167950693,1,0,0.31378763866878,1,0.30564263322884,0.240566037735849,1,0.680491551459293,0.428787878787879,1,1,0.683582089552239,0.699212598425197,0.345201238390093,1,0.316692667706708,1,1,0.322932917316693,1,0.998447204968944,0.0077639751552795,0.326530612244898,1,1,0.324881141045959,1,1,0.306477093206951,0.331804281345566,1,1,1,0.525581395348837,0.314553990610329,0.348580441640379,0.320668693009119,0.332307692307692,0.696540880503145,0.328197226502311,0.330232558139535,0.312693498452012,0.238759689922481,0.312401883830455,1,0.320726172465961,0.998432601880878,0.319938176197836,0.086232980332829,0.0561456752655539,1,1,0.043613707165109,1,0.690184049079755,0.04858934169279,0.0124804992199688,1,0.683720930232558,1,1,0.552715654952077,1,0,0.0760697305863708,1,1,1,0.323390894819466,0.653392330383481,0.6957928802589,0.992236024844721,1,0.981366459627329,0.307219662058372,0.33489827856025,1,0.300157977883096,1,0.367601246105919,0.109872611464968,0.306278713629403,0.314199395770393,0.33768352365416,1,0.0864197530864197,1,1,1,0.262345679012346,0.314785373608903,1,0.319314641744548,1,1,0.320552147239264,1,0.315789473684211,1,0.307086614173228,0.315541601255887,1,0.681818181818182,0.308980213089802,1,0.306836248012719,0.755832037325039,0.308396946564885,0.164133738601824,0.312781954887218,0.7625,0.300469483568075,1,0.328682170542636,0.330815709969789,0.291411042944785,1,1,1,0.963934426229508,0.346341463414634,1,0.317891373801917,1,0.316993464052288,0.315629742033384,1,1,1,0.916537867078825,1,0.311550151975684,0.317829457364341,1,1,0.0524642289348172,0.0799373040752351,1,1,0.302215189873418,1,1,0.309006211180124,1,1,0.6801872074883,0.533127889060092,1,0,1,1,0.105263157894737,0.326594090202177,1,0.327131782945736,0.998432601880878,0.960127591706539,0.998430141287284,0.821100917431193,1,0.322169059011164,1,1,1,0,0.315112540192926,1,1,0.68025078369906,1,0.31875,0.361240310077519,0.322085889570552,1,1,1,0.0954545454545455,0.315955766192733,0.0930599369085174,0.998425196850394,0.309309309309309,0.308868501529052,0.346153846153846,0,1,0.952234206471495,1,1,0.312302839116719,0.3,0.163232963549921,0.0453834115805947,0.323029366306028,0.31937984496124,0.325227963525836,0.00160513643659711,0.309486780715397,1,0,0.313546423135464,1,1,1,0.313364055299539,0.317484662576687,0.040453074433657,1,0.309033280507132,0.307926829268293,1,1,0.313084112149533,0.693811074918567,1,1,0.692789968652038,1,0.305084745762712,1,0.318181818181818,0.530674846625767,0.678407350689127,0.411497730711044,1,0.301369863013699,0.3109375,0.675507020280811,0.673252279635258,1,0.322480620155039,1,0.322085889570552,1,0.319444444444444,0.306477093206951,0.354037267080745,0.528593508500773,0.30829420970266,0.311526479750779,0.669278996865204,0.31039755351682,0.156606851549755,1,0,1,0.29093799682035,1,0,0.32182103610675,0.317111459968603,1,0.0611028315946349,1,0.0910518053375196,0.345483359746434,1,0.0700934579439252,0.670826833073323,1,1,1,0.308943089430894,0.0457317073170732,1,0.426307448494453,0.1,0.35375191424196,0.320987654320988,0.319444444444444,1,1,1,1,1,0.0681818181818182,0.995412844036697,0.689230769230769,0.00451127819548872,0.32,1,1,1,1,0.0929133858267717,0.308755760368664,1,1,1,1,1,1,0.480680061823802,0.00161290322580645,1,0.0888208269525268,0.3171875,0.43206106870229,1,0.379746835443038,0.309562398703404,0.314728682170543,1,0.0473282442748092,0.316770186335404,1,1,0.381789137380192,0.310077519379845,0.302795031055901,0.3136,0.998454404945904,0.320574162679426,0.314641744548287,0.420401854714065,0.325038880248834,0.970724191063174,0.312883435582822,0.089171974522293,0.322884012539185,0,1,0.0913385826771654,0.300940438871473,0.311320754716981,0.31496062992126,1,1,1,1,1,1,0.32182103610675,1,0.31104199066874,0.308580858085809,0.599690880989181,0.678125,1,1,0,0.317365269461078,0.127692307692308,0.998454404945904,0.0391849529780564,1,1,0.313694267515924,1,1,0.630573248407643,0.420711974110032,0.99702823179792,0.0855784469096672,0.10062893081761,1,1,1,0.0900621118012422,0,0.310185185185185,0.414826498422713,0.311550151975684,0,0.323854660347551,0.0910518053375196,1,1,0.315950920245399,0.316436251920123,0.237947122861586,0.330733229329173,0.318112633181126,0.3198127925117,1,1,0.325471698113208,1,0,1,0.227202472952087,1,0.674961119751166,1,0.307086614173228,0.304761904761905,0.0814132104454685,0.681957186544342,1,1,0.78516228748068,0.885483870967742,0.316846986089645,0.3136,1,0.314329738058552,0.247648902821317,0.316535433070866,1,0.106976744186047,1,1,0.313084112149533,0.676328502415459,0.30298273155416,1,1,0.307692307692308,0.314728682170543,0.319213313161876,0.85781990521327,0.306477093206951,1,0.0602782071097372,1,1,0.70077519379845,0.645608628659476,0.32258064516129,0.0588235294117647,0.320695102685624,1,1,0.305993690851735,0.323899371069182,0.614307931570762,1,0.304147465437788,0.373456790123457,0.304212168486739,0.983128834355828,0.472783825816485,0.00308166409861325,0.296754250386399,0.316964285714286,0.330721003134796,0.311004784688995,0.314900153609831,0.967889908256881,1,0.313479623824451,0.551446945337621,0.688291139240506,0.235384615384615,0.688417618270799,1,0.32182103610675,0.0015748031496063,0.316692667706708,0.301684532924962,0.358578052550232,0.323390894819466,0,0.328149300155521,0.317610062893082,0.325878594249201,0.312307692307692
"469",0.285024154589372,0.29951690821256,0.293563579277865,0.307324840764331,0.29570747217806,0.295055821371611,0.00958466453674121,0.307568438003221,0.297637795275591,0.581993569131833,0.30564263322884,0.659842519685039,0.4992,0.304838709677419,1,1,0.628930817610063,0,0.309562398703404,0.293650793650794,1,1,0.297045101088647,0.5328125,0.284389489953632,1,1,0.318481848184819,0.2953125,0.508090614886731,1,0.577708006279435,0.349761526232114,0.995275590551181,0.6957928802589,0.299668874172185,0.135860979462875,0.31104199066874,1,0.284829721362229,0.00319488817891374,0,0,0.313195548489666,0.300813008130081,1,0.993610223642173,1,1,1,0.70859872611465,0.308943089430894,1,0.309262166405024,0.298107255520505,0.815409309791332,0.12,0.3008,0.297637795275591,0.305246422893482,0.993670886075949,1,1,0.00638977635782748,0.297520661157025,0.300469483568075,0.672552166934189,0.306089743589744,0.629402756508423,1,0.29635499207607,1,1,0.270358306188925,0.163232963549921,0.299392097264438,1,0.99375,0.301710730948678,1,0.611021069692058,1,1,0.30625,1,0.307098765432099,0.297427652733119,0.307936507936508,0.30503144654088,0,0.307324840764331,0.309090909090909,0.699842022116904,0.591482649842271,0.289430894308943,0.655763239875389,0.693037974683544,0.295238095238095,0.124394184168013,0,0.289099526066351,0.628617363344051,1,0.298217179902755,1,0.307936507936508,0,0.306709265175719,1,1,1,0.283464566929134,0.995260663507109,0.315955766192733,0.202472952086553,0.284829721362229,1,0.389671361502347,1,1,0.200622083981337,0.3,1,1,0.30757341576507,1,0.302710843373494,0.298299845440495,0.36724960254372,0.761467889908257,0.300163132137031,1,0.304838709677419,0.651305683563748,0.319148936170213,1,0.00157977883096367,1,0.353968253968254,0.886138613861386,0.594896331738437,0.608214849921011,0.299843014128728,0.300163132137031,1,0.2992,1,0.28594249201278,0.496087636932707,0.302795031055901,1,0.291734197730956,0.301916932907348,0.307814992025518,0.308441558441558,1,0.29264475743349,1,0.429252782193959,0.30379746835443,1,0.310185185185185,1,0.605475040257649,0.3056,1,0.300469483568075,0.297169811320755,0.312401883830455,0.989010989010989,0.307086614173228,1,0.301916932907348,1,0.3042071197411,1,0.607535321821036,0.286392405063291,0.0310965630114566,0.281553398058252,0.299212598425197,1,0.285714285714286,0.302694136291601,0.300314465408805,0.315457413249211,1,1,0.301302931596091,0.301127214170692,1,1,0.304278922345483,0.236677115987461,0.0201238390092879,0.705128205128205,1,0.00316455696202532,0.298904538341158,1,0.302737520128824,0.289269051321928,0.297637795275591,0.996840442338073,1,1,0.307458143074581,0.293245469522241,0.301109350237718,0.702127659574468,0.295133437990581,1,0.319554848966614,1,1,0.429252782193959,0.3088,0.30173775671406,0.306709265175719,0.28343949044586,0.296900489396411,0.658227848101266,1,1,0.29559748427673,0.0047244094488189,0.305084745762712,0.302611367127496,0.306603773584906,0.288854003139717,0.290679304897314,0.290123456790123,0.715179968701095,0.365054602184087,0.283699059561129,1,0.307568438003221,1,0.29264475743349,0.292332268370607,0.291600633914422,0.306188925081433,0.293075684380032,1,0.300476947535771,0.796502384737679,1,1,0.996805111821086,1,1,0.8928,1,1,1,0.291666666666667,1,0.306688417618271,0,1,0.381846635367762,1,0.307568438003221,0.300476947535771,0.29093799682035,0.422222222222222,1,0.30298273155416,1,1,1,1,0,0.298245614035088,1,1,0.302066772655008,1,0.30379746835443,1,1,0.290584415584416,0.304560260586319,0.282780410742496,0.145569620253165,0.311793214862682,0,0.604615384615385,1,0.303076923076923,0.302439024390244,0.594896331738437,1,1,0.306946688206785,0.311897106109325,1,0.678288431061807,0.717495987158908,0.288492706645057,0.299837925445705,0.993788819875776,0.312989045383412,0.285060975609756,1,0.29746835443038,0.2953125,1,0.289644012944984,0.299524564183835,0.29746835443038,0.299524564183835,1,1,1,0.289308176100629,0.307814992025518,0.0078003120124805,0.990551181102362,0.309178743961353,1,1,0.295774647887324,0.310664605873261,0.284820031298905,0.296703296703297,0.303738317757009,1,0.285016286644951,0.292993630573248,0.584690553745928,1,0.821656050955414,1,0,1,0.308049535603715,1,1,0.423913043478261,0.998435054773083,0.302100161550889,1,0.2976,0.288643533123028,0.300314465408805,1,1,0.301412872841444,0.382059800664452,0.624595469255663,0.293838862559242,1,1,1,0.309061488673139,1,0.210776545166403,1,1,1,1,0.3109375,1,0.305555555555556,0.315286624203822,0.690363349131122,0.287560581583199,1,0.3125,0.308892355694228,0.301765650080257,1,0.287284144427002,1,0.304953560371517,0.474683544303797,0.305379746835443,0.302250803858521,0.299843014128728,1,0.307073954983923,0.282679738562091,1,1,0.301261829652997,0.295886075949367,1,0.478672985781991,0.292407108239095,0.313694267515924,0.312989045383412,0.700315457413249,1,0.277960526315789,1,0.423510466988728,0.288244766505636,0,0.884914463452566,0.299674267100977,0.301109350237718,0,0.0312989045383412,0.979299363057325,0.294685990338164,1,0.296178343949045,0.294308943089431,1,0.301261829652997,0.297427652733119,0.687598116169545,1,0.298722044728434,0.304487179487179,1,0.289514866979656,0.287319422150883,1,0.344391785150079,0.299684542586751,0.302362204724409,0.315286624203822,0.793103448275862,1,0.980982567353407,1,1,0.00160513643659711,1,0.992125984251969,1,0.43956043956044,0.996747967479675,0.296583850931677,0.9921875,0.312893081761006,0.995319812792512,0.618320610687023,0.644961240310078,0.300623052959502,0.303543913713405,0.658767772511848,0.303921568627451,0,0.652866242038217,0.691222570532915,0.300469483568075,0.00158227848101266,0.292682926829268,0.28503937007874,0.761980830670926,0.303937007874016,0.701754385964912,0.61389337641357,0.29635499207607,0.304075235109718,0.294392523364486,1,0.0288315629742033,0,0.300623052959502,0.314873417721519,0.310344827586207,1,0.3376,0.300157977883096,1,0.29595015576324,0.942675159235669,0.586319218241042,1,1,0.99151103565365,0.300462249614792,0.62015503875969,0.30568356374808,0.303630363036304,0.303599374021909,0.419656786271451,1,0.298869143780291,1,0.30278232405892,0.295867768595041,1,0.296474358974359,1,0.30503144654088,1,1,0.303514376996805,0,1,0.305164319248826,1,0.549920760697306,1,0.515873015873016,1,0.546875,1,0.303571428571429,1,1,1,0.300319488817891,0.31139646869984,0.292379471228616,0.330081300813008,0.335515548281506,0.292721518987342,1,0.304761904761905,1,1,0.303459119496855,0.301765650080257,0.304953560371517,0.375198728139905,0.306729264475743,1,1,0.314285714285714,0.311290322580645,0.655844155844156,0.601612903225806,0.295886075949367,0.300324675324675,1,0.289922480620155,0.303265940902022,0.993527508090615,0.285481239804241,0.291600633914422,0,0.136923076923077,0.3,0.701378254211332,0.29047619047619,0.313971742543171,0.614420062695925,0.996815286624204,0.290529695024077,1,0.305511811023622,0.328638497652582,0.297297297297297,0.476415094339623,0.291666666666667,1,0.296998420221169,0.3088,0.309562398703404,0.707086614173228,1,0.310855263157895,0.296703296703297,0,0.304416403785489,0.998420221169036,0.95440251572327,1,0.300314465408805,0.308176100628931,0.29093799682035,0.598755832037325,1,0.599348534201954,0.315286624203822,1,1,0.96551724137931,0.701112877583466,0.308681672025723,0.339593114241002,0.305863708399366,0.305164319248826,1,1,0.52,0.648562300319489,1,1,0.998447204968944,0.707317073170732,1,0.312111801242236,0.695721077654517,1,0.312401883830455,0.304347826086957,0.311501597444089,0.996875,1,0.662847790507365,0.303459119496855,1,1,0.309006211180124,0.294025157232704,0.998447204968944,0,0.300476947535771,0.294392523364486,0.00641025641025641,0.295774647887324,1,0.294685990338164,1,0.146831530139104,0,0.899068322981366,0.308056872037915,1,1,0,0.00154559505409583,0.311216429699842,1,0.301765650080257,0.996918335901387,0.294303797468354,1,0.998392282958199,0.962441314553991,0.764705882352941,1,1,0.00476190476190476,1,0.52741935483871,0.311111111111111,0.687203791469194,0.305900621118012,1,0.285031847133758,0.699367088607595,1,1,0.295751633986928,0.640672782874618,0.309033280507132,0.608974358974359,0.974068071312804,0.308186195826645,0.628346456692913,0.0128,0.288676236044657,0.304075235109718,0.304821150855365,1,0.657894736842105,0.29595015576324,0.890850722311397,0.601957585644372,0.967136150234742,1,1,0.294117647058824,0.323624595469256,0.28780487804878,0.293460925039872,0.296062992125984,0.637209302325581,0.289473684210526,0,0.687782805429864,0.998432601880878,0.312796208530806,0.286833855799373,0.30327868852459,0.302180685358255,0.615262321144674,1,0.313880126182965,0.31687898089172,0.315,0.306349206349206,0.298578199052133,0.293650793650794,0.194053208137715,0.69983948635634,0.287758346581876,0.617784711388456,1,0.235569422776911,0.295133437990581,0.917460317460317,1,1,0.294025157232704,0.6608,1,0.294392523364486,0.281889763779528,0.955882352941177,1,1,0.996810207336523,0.30298273155416,1,1,0.892109500805153,1,0.332273449920509,1,0.606209150326797,1,0.685847589424572,0.300157977883096,0.613312202852615,1,1,0.992,0.3078125,0.307086614173228,0.299837925445705,0.300623052959502,0.307317073170732,0.3088,0.985413290113452,0.291277258566978,1,1,0.702060221870048,0,0.306729264475743,0.295489891135303,0.700156985871272,1,0.573482428115016,0.306501547987616,0.670382165605096,0.296529968454259,0.301458670988655,1,0.293650793650794,0.295798319327731,0.668276972624799,0.902120717781403,0.309451219512195,0.610662358642973,0.590614886731392,0.306962025316456,0.309951060358891,0.28006329113924,0.61198738170347,0.695238095238095,1,0.895071542130366,1,0.680817610062893,0.9967585089141,0.605177993527508,0.292721518987342,0.309791332263242,1,1,0.433753943217666,0.99194847020934,0.996879875195008,1,0.296650717703349,0.308176100628931,1,0.296686746987952,0.696062992125984,0.312599681020734,0.464401294498382,0.287560581583199,0,0.294753086419753,1,1,0.606012658227848,0.00153139356814701,0.307936507936508,0.3042071197411,0.0894568690095847,0.397372742200328,1,1,0.298107255520505,1,0.42215088282504,1,0.314814814814815,0.598412698412698,0.304487179487179,0.301587301587302,1,0,1,0.292962356792144,0.294788273615635,1,1,1,0.432956381260097,1,0.304975922953451,0.644654088050314,0.318681318681319,0.311986863711002,0.00156985871271586,0.0443740095087163,1,0.643423137876387,1,0.307073954983923,0.316476345840131,1,1,0.160377358490566,0.288888888888889,1,0.901869158878505,1,0.307692307692308,0.198098256735341,0.689763779527559,1,1,1,1,1,0.268987341772152,0.287974683544304,1,0.115072933549433,0.0016,0.449275362318841,0,0.305993690851735,1,0.702229299363057,1,1,0.892018779342723,1,0.702830188679245,1,1,1,1
"470",1,1,1,1,1,1,0.712,1,1,0.100158982511924,1,0.0412213740458015,0.818897637795276,1,0.295774647887324,0.3,0.06,0.704180064308682,1,1,0.278637770897833,0.3,1,0.156441717791411,1,0.315870570107858,0.302034428794992,1,1,0.784591194968553,0.29320987654321,0.72824427480916,0.963020030816641,0.306625577812018,0,1,0.550077041602465,1,0.287856071964018,1,0.673879443585781,0.691717791411043,0.704097116843703,1,1,0.305295950155763,0.30298273155416,0.297709923664122,0.310975609756098,0.311450381679389,0,1,0.290519877675841,1,1,0.478740157480315,0.570977917981073,1,1,1,0.312121212121212,0.309119010819165,0.308777429467085,0.697063369397218,1,1,0.0375,1,0.0585585585585586,0.304084720121029,1,0.303875968992248,0.317891373801917,0.964912280701754,0.516030534351145,1,0.30030487804878,0.311550151975684,1,0.29951690821256,0.080824088748019,0.317829457364341,0.310344827586207,1,0.319875776397516,1,1,1,1,0.70257966616085,1,1,0.00156985871271586,0.102134146341463,1,0.0432190760059613,0,1,0.579365079365079,0.688783570300158,1,0.0521472392638037,0.303076923076923,1,0.297971918876755,1,0.693498452012384,1,0.3046875,0.312883435582822,0.310291858678955,1,0.31441717791411,1,0.499252615844544,1,0.304615384615385,0.300911854103343,0.309985096870343,0.303875968992248,0.490045941807044,0.998449612403101,0.302891933028919,0.313572542901716,1,0.293846153846154,1,1,0.329738058551618,0.528700906344411,1,0.300469483568075,1,0.0430906389301634,1,0.299093655589124,0.691717791411043,0.316998468606432,0.936630602782071,0.4112,0.103610675039246,0.097331240188383,1,1,0.31733746130031,1,0.308623298033283,1,0.8,1,0.312893081761006,1,1,1,1,0.318952234206472,1,0.305772230889236,0.25625,1,0.30441400304414,1,0.288135593220339,0.0807453416149068,1,0.293460925039872,1,1,1,0.316030534351145,1,0.318885448916409,1,0.292379471228616,1,0.30298273155416,0.0692307692307692,1,0.651968503937008,1,1,0.302507836990596,1,1,1,1,0.308755760368664,0.299694189602446,1,0.998456790123457,0.303951367781155,0.296411856474259,1,0.462249614791988,0.687964338781575,0,0.301242236024845,0.686244204018547,1,0.308282208588957,1,0.998484848484849,1,0.305426356589147,0.309774436090226,0.314194577352472,1,1,1,0,1,0.29153605015674,0.975155279503106,0.306122448979592,0.299236641221374,0.744548286604361,1,1,1,1,1,0.0419254658385093,0.307448494453249,0.31570996978852,1,0.688922610015175,1,1,1,0.998468606431853,1,1,0.0046583850931677,0.31651376146789,1,0.292913385826772,1,0.287480680061824,1,1,1,1,1,0.303543913713405,1,0.504672897196262,0.310975609756098,0.313161875945537,0.29559748427673,0.306729264475743,0.326594090202177,0.407582938388626,0.317757009345794,0.308510638297872,0.298621745788668,1,0.309375,1,0.703030303030303,0.30757341576507,0.314984709480122,0.319182389937107,1,1,1,0.253105590062112,0.304747320061256,1,0.307448494453249,0.314984709480122,0.306153846153846,0.309341500765697,0.695102685624013,1,0.314199395770393,0.307332293291732,1,0.2944,1,0.297872340425532,0.301242236024845,1,1,1,0.549141965678627,1,0.693251533742331,0.0825825825825826,0.305900621118012,1,1,0.0969230769230769,0.305936073059361,0.318110236220472,1,1,0.290769230769231,0.0246153846153846,0.00317965023847377,1,1,0.324364723467862,0.998449612403101,1,0.307004470938897,1,1,0.306870229007634,1,1,1,1,0.31832298136646,0.29803328290469,0.311708860759494,1,1,0.679447852760736,0.302362204724409,1,0.305007587253414,0.290322580645161,1,1,0.998473282442748,1,1,0.311526479750779,1,1,0.108452950558214,0.316998468606432,0.474576271186441,0.2984375,0.683385579937304,0.303680981595092,1,0.297939778129952,0.319938176197836,0.259146341463415,0.306153846153846,1,0.317220543806647,1,1,1,0.296529968454259,0.309667673716012,0.998463901689708,0.933544303797468,0.0596546310832025,1,0.299539170506912,0.314152410575428,0.310236220472441,1,0.314674735249622,0.476708074534161,0.311728395061728,0.296754250386399,0.301587301587302,0.29375,1,0.307936507936508,1,1,0,1,0.310452418096724,1,1,1,0.31974921630094,1,0.306603773584906,1,0.842024539877301,1,1,1,0.308734939759036,1,1,0.298165137614679,0.303875968992248,1,1,0.293663060278207,0.181818181818182,1,0.998473282442748,1,0,0.31201248049922,1,0.296803652968037,0.246875,1,0.68348623853211,0.427710843373494,1,1,0.697058823529412,0.712074303405573,0.333850931677019,1,0.301857585139319,1,1,0.327718223583461,1,0.9984375,0.00611620795107034,0.311605723370429,1,1,0.306122448979592,1,1,0.300469483568075,0.334876543209877,1,1,1,0.526799387442573,0.30568356374808,0.339593114241002,0.302395209580838,0.319508448540707,0.703588143525741,0.313755795981453,0.306976744186047,0.303625377643505,0.241538461538462,0.304761904761905,1,0.312781954887218,0.998407643312102,0.299382716049383,0.0787518573551263,0.0512820512820513,1,1,0.0342679127725857,1,0.695522388059701,0.0402476780185759,0.00930232558139535,1,0.685758513931889,1,1,0.530708661417323,1,0,0.071656050955414,1,1,1,0.308176100628931,0.659324522760646,0.704761904761905,0.993836671802773,1,0.984544049459042,0.288819875776398,0.33695652173913,1,0.29595015576324,1,0.353582554517134,0.10031847133758,0.294753086419753,0.305597579425113,0.327272727272727,1,0.0733532934131736,1,1,1,0.262269938650307,0.3078125,1,0.311728395061728,1,1,0.29601226993865,1,0.308623298033283,1,0.302034428794992,0.305993690851735,1,0.688473520249221,0.303892215568862,1,0.300632911392405,0.759938837920489,0.307228915662651,0.158778625954198,0.307922272047833,0.771384136858476,0.297169811320755,1,0.312111801242236,0.327666151468315,0.275650842266462,1,1,1,0.969889064976228,0.350162866449511,1,0.309294871794872,1,0.309033280507132,0.306184012066365,1,1,1,0.926040061633282,1,0.297256097560976,0.301684532924962,1,1,0.0441640378548896,0.0748829953198128,1,1,0.297805642633229,1,1,0.301242236024845,1,1,0.694099378881988,0.546686746987952,1,0,1,1,0.0989345509893455,0.312210200927357,1,0.310185185185185,0.998439937597504,0.967289719626168,0.998435054773083,0.824427480916031,1,0.317460317460317,1,1,1,0,0.296116504854369,1,1,0.682515337423313,1,0.303875968992248,0.345565749235474,0.306027820710974,1,1,1,0.0863636363636364,0.31378763866878,0.0847723704866562,0.998430141287284,0.3,0.304675716440422,0.341538461538462,0,1,0.962962962962963,1,1,0.307692307692308,0.296352583586626,0.148606811145511,0.0356589147286822,0.309486780715397,0.29984544049459,0.312404287901991,0.0015748031496063,0.305772230889236,1,0,0.304878048780488,1,1,1,0.315301391035549,0.307578008915305,0.033175355450237,1,0.301092043681747,0.294298921417565,1,1,0.302325581395349,0.707865168539326,1,1,0.708978328173375,1,0.299850074962519,1,0.303076923076923,0.546564885496183,0.683563748079877,0.386706948640483,1,0.294117647058824,0.300925925925926,0.685670261941448,0.683563748079877,1,0.314112291350531,1,0.307926829268293,1,0.307931570762053,0.29635499207607,0.346273291925466,0.508396946564886,0.299524564183835,0.302003081664099,0.674961119751166,0.306060606060606,0.145395799676898,1,0,1,0.27742946708464,1,0,0.303875968992248,0.306853582554517,1,0.0567164179104478,1,0.0841121495327103,0.324451410658307,1,0.058641975308642,0.688751926040062,1,1,1,0.292134831460674,0.0358744394618834,1,0.406779661016949,0.0950155763239875,0.336842105263158,0.314024390243902,0.307575757575758,1,1,1,1,1,0.0588235294117647,0.996974281391831,0.687116564417178,0.00446428571428571,0.311550151975684,1,1,1,1,0.0829493087557604,0.302752293577982,1,1,1,1,1,1,0.497702909647779,0.00157232704402516,1,0.0801815431164902,0.305471124620061,0.445468509984639,1,0.377777777777778,0.294498381877023,0.295107033639144,1,0.0434108527131783,0.302710843373494,1,1,0.34850863422292,0.30030487804878,0.294478527607362,0.304278922345483,0.998493975903614,0.311811023622047,0.30521472392638,0.396496815286624,0.308282208588957,0.974358974358974,0.302533532041729,0.0815047021943574,0.311728395061728,0,1,0.0882352941176471,0.295208655332303,0.304552590266876,0.308166409861325,1,1,1,1,1,1,0.312989045383412,1,0.301857585139319,0.294599018003273,0.597222222222222,0.690140845070423,1,1,0,0.305059523809524,0.113003095975232,0.998498498498498,0.0341085271317829,1,1,0.297971918876755,1,1,0.622611464968153,0.406940063091483,0.997054491899853,0.0774091627172196,0.0932069510268562,1,1,1,0.081377151799687,0,0.31441717791411,0.408037094281298,0.303030303030303,0,0.3109375,0.0830670926517572,1,1,0.305936073059361,0.301391035548686,0.236760124610592,0.325396825396825,0.301204819277108,0.311827956989247,1,1,0.314241486068111,1,0,1,0.221003134796238,1,0.685015290519878,1,0.297213622291022,0.299373040752351,0.0716463414634146,0.687405159332322,1,1,0.788491446345257,0.891891891891892,0.302034428794992,0.302694136291601,1,0.301972685887709,0.257009345794392,0.310509554140127,1,0.0992248062015504,1,1,0.306376360808709,0.692307692307692,0.294585987261146,1,1,0.295208655332303,0.292834890965732,0.300604229607251,0.8578125,0.297770700636943,1,0.0510835913312693,1,1,0.704718417047184,0.667716535433071,0.307692307692308,0.0516431924882629,0.316923076923077,1,1,0.297971918876755,0.31733746130031,0.627092846270928,1,0.298484848484848,0.356269113149847,0.301369863013699,0.983257229832572,0.48,0.00305810397553517,0.296352583586626,0.310344827586207,0.317683881064163,0.299524564183835,0.306646525679758,0.971684053651267,1,0.303405572755418,0.5553772070626,0.700310559006211,0.234108527131783,0.695024077046549,1,0.313664596273292,0.00312989045383412,0.313664596273292,0.296754250386399,0.349085365853659,0.303030303030303,0,0.319018404907975,0.301109350237718,0.318181818181818,0.304953560371517
"471",0.35031847133758,0.370542635658915,0.3703125,0.381877022653722,0.370426829268293,0.364485981308411,0.0645669291338583,0.367834394904459,0.356697819314642,0.522906793048973,0.354489164086687,0.587155963302752,0.570287539936102,0.370486656200942,0.943037974683544,0.933229813664596,0.564142194744977,0.0585365853658537,0.378164556962025,0.370486656200942,0.937996820349762,0.939968404423381,0.364485981308411,0.476635514018692,0.362121212121212,0.943307086614173,0.944983818770227,0.383147853736089,0.365558912386707,0.587301587301587,0.934817170111288,0.648233486943164,0.429892141756549,0.936608557844691,0.613707165109034,0.361247947454844,0.0889235569422777,0.367127496159754,0.937972768532526,0.356814701378254,0.0560747663551402,0.0587326120556414,0.0613496932515337,0.375196232339089,0.369905956112853,0.944794952681388,0.946957878315133,0.936825885978428,0.93603744149766,0.940993788819876,0.641104294478528,0.378980891719745,0.941807044410414,0.362204724409449,0.362790697674419,0.89047619047619,0.0621019108280255,0.371069182389937,0.348367029548989,0.373250388802488,0.954268292682927,0.9390625,0.944267515923567,0.0466988727858293,0.360128617363344,0.363779527559055,0.608,0.378930817610063,0.55421686746988,0.938837920489297,0.369734789391576,0.943396226415094,0.95,0.34185303514377,0.0965732087227414,0.367534456355283,0.942635658914729,0.949618320610687,0.3796875,0.944983818770227,0.543230016313214,0.942006269592476,0.935534591194969,0.371913580246914,0.944444444444444,0.378787878787879,0.358609794628752,0.394321766561514,0.378335949764521,0.0569230769230769,0.368088467614534,0.378947368421053,0.62888198757764,0.526479750778816,0.366559485530547,0.581929555895865,0.627692307692308,0.368827160493827,0.0859872611464968,0.0605095541401274,0.359375,0.557142857142857,0.941640378548896,0.364077669902913,0.930926216640502,0.373626373626374,0.0623052959501558,0.371428571428571,0.937205651491366,0.946624803767661,0.935837245696401,0.366459627329193,0.947692307692308,0.376175548589342,0.143939393939394,0.365413533834586,0.942457231726283,0.327131782945736,0.935384615384615,0.946456692913386,0.137007874015748,0.354938271604938,0.941984732824428,0.949919224555735,0.373271889400922,0.935384615384615,0.367069486404834,0.363774733637747,0.307936507936508,0.71580547112462,0.373040752351097,0.941640378548896,0.376,0.578947368421053,0.380417335473515,0.942249240121581,0.0494590417310665,0.934477379095164,0.432646592709984,0.828200972447326,0.522834645669291,0.54160125588697,0.356012658227848,0.377207062600321,0.941915227629513,0.366003062787136,0.941877794336811,0.363349131121643,0.553353658536585,0.368827160493827,0.938193343898574,0.351097178683386,0.363349131121643,0.36231884057971,0.372274143302181,0.940625,0.359177215189873,0.941176470588235,0.389830508474576,0.376947040498442,0.937694704049844,0.367781155015198,0.934375,0.545310015898251,0.36741214057508,0.949606299212598,0.35968992248062,0.369397217928903,0.382677165354331,0.94392523364486,0.375594294770206,0.943127962085308,0.365930599369085,0.945482866043614,0.368678629690049,0.944620253164557,0.537984496124031,0.346153846153846,0.0209339774557166,0.347826086956522,0.366197183098592,0.940251572327044,0.353870458135861,0.371653543307087,0.376360808709176,0.374803149606299,0.944620253164557,0.941807044410414,0.380573248407643,0.372854914196568,0.938461538461538,0.939393939393939,0.370139968895801,0.182527301092044,0.0390977443609023,0.634945397815913,0.94383775351014,0.0515625,0.374617737003058,0.942901234567901,0.357594936708861,0.353941267387944,0.369230769230769,0.936825885978428,0.936236391912908,0.943307086614173,0.372128637059724,0.368589743589744,0.371695178849145,0.623211446740858,0.35625,0.9456,0.39622641509434,0.943217665615142,0.938679245283019,0.361963190184049,0.368503937007874,0.373250388802488,0.375389408099688,0.357585139318885,0.36,0.591772151898734,0.940809968847352,0.937402190923318,0.368258859784284,0.05625,0.375565610859729,0.371987951807229,0.365506329113924,0.363919129082426,0.354330708661417,0.380152671755725,0.648985959438378,0.303353658536585,0.356466876971609,0.941455696202532,0.380348652931854,0.943338437978561,0.369631901840491,0.374613003095975,0.367670364500792,0.385964912280702,0.362903225806452,0.954186413902054,0.376923076923077,0.864649681528662,0.942492012779553,0.9390625,0.954330708661417,0.941176470588235,0.934609250398724,0.833870967741935,0.94556765163297,0.956454121306376,0.940717628705148,0.363636363636364,0.935331230283912,0.376026272577997,0.0545454545454545,0.938176197836167,0.327692307692308,0.941548183254344,0.370892018779343,0.373817034700315,0.363067292644757,0.361198738170347,0.936532507739938,0.371165644171779,0.938582677165354,0.939024390243902,0.946117274167987,0.946070878274268,0.0551181102362205,0.3671875,0.945736434108527,0.941269841269841,0.373831775700935,0.94524959742351,0.376160990712074,0.944530046224962,0.943037974683544,0.3648,0.375601926163724,0.350387596899225,0.0951638065522621,0.364069952305246,0.0566037735849057,0.536697247706422,0.941448382126348,0.372056514913658,0.375987361769352,0.528771384136858,0.937791601866252,0.9488,0.380191693290735,0.378164556962025,0.929339477726575,0.608490566037736,0.648953301127214,0.353968253968254,0.376012965964344,0.959876543209877,0.377777777777778,0.359327217125382,0.936923076923077,0.372854914196568,0.3625,0.937402190923318,0.364353312302839,0.367692307692308,0.373846153846154,0.370839936608558,0.946117274167987,0.93394777265745,0.942028985507246,0.35981308411215,0.372239747634069,0.0683229813664596,0.953125,0.381180223285486,0.947932618683001,0.939778129952456,0.361963190184049,0.37962962962963,0.349768875192604,0.370486656200942,0.366412213740458,0.939490445859873,0.359497645211931,0.358255451713396,0.517628205128205,0.941267387944359,0.785266457680251,0.936908517350158,0.0702028081123245,0.93587786259542,0.366666666666667,0.942006269592476,0.94375,0.378504672897196,0.939628482972136,0.366666666666667,0.935483870967742,0.370253164556962,0.356697819314642,0.366153846153846,0.94383775351014,0.938366718027735,0.360808709175739,0.448220064724919,0.5568,0.353130016051364,0.937116564417178,0.941915227629513,0.941548183254344,0.3728,0.939814814814815,0.132605304212168,0.939628482972136,0.941823899371069,0.935794542536116,0.935433070866142,0.372093023255814,0.940988835725678,0.359477124183007,0.3828125,0.618012422360248,0.362179487179487,0.942122186495177,0.373065015479876,0.361280487804878,0.362916006339144,0.941176470588235,0.36280487804878,0.954113924050633,0.374233128834356,0.541085271317829,0.375196232339089,0.369085173501577,0.373456790123457,0.940092165898618,0.36624203821656,0.367507886435331,0.934579439252336,0.933962264150943,0.368827160493827,0.3640625,0.936608557844691,0.426829268292683,0.369085173501577,0.375572519083969,0.380952380952381,0.625391849529781,0.936102236421725,0.355305466237942,0.941362916006339,0.36624203821656,0.359937402190923,0.0619195046439628,0.939393939393939,0.3712,0.374223602484472,0.0545454545454545,0.0875,0.963779527559055,0.368992248062016,0.937106918238994,0.361904761904762,0.359055118110236,0.938193343898574,0.372093023255814,0.376971608832808,0.615625,0.939490445859873,0.372641509433962,0.374800637958533,0.938582677165354,0.365740740740741,0.364227642276423,0.936,0.281972265023112,0.376788553259142,0.373456790123457,0.381619937694704,0.861417322834646,0.942367601246106,0.920886075949367,0.939577039274924,0.938775510204082,0.0566929133858268,0.941176470588235,0.944794952681388,0.946236559139785,0.379310344827586,0.953748006379585,0.350769230769231,0.945904173106646,0.379968203497615,0.948678071539658,0.550074738415546,0.572769953051643,0.36875,0.36969696969697,0.587155963302752,0.356564019448947,0.0599078341013825,0.575235109717868,0.630094043887147,0.36986301369863,0.0567484662576687,0.364485981308411,0.359253499222395,0.713841368584759,0.374414976599064,0.63849765258216,0.536977491961415,0.366352201257862,0.374617737003058,0.359937402190923,0.950793650793651,0.0403587443946188,0.0616883116883117,0.375,0.371695178849145,0.389147286821705,0.935837245696401,0.281150159744409,0.367601246105919,0.942675159235669,0.353582554517134,1,0.516693163751987,0.94006309148265,0.933846153846154,0.939739413680782,0.372307692307692,0.55045871559633,0.365853658536585,0.361873990306947,0.370542635658915,0.365591397849462,0.95125786163522,0.368503937007874,0.942307692307692,0.368,0.370192307692308,0.944272445820433,0.368839427662957,0.93562874251497,0.380348652931854,0.940251572327044,0.938485804416404,0.371294851794072,0.0484375,0.938530734632684,0.368584758942457,0.951768488745981,0.605633802816901,0.937404580152672,0.461180124223602,0.938438438438438,0.615506329113924,0.933544303797468,0.368167202572347,0.940184049079755,0.947692307692308,0.938366718027735,0.369327073552426,0.3696,0.371559633027523,0.404567699836868,0.280327868852459,0.366306027820711,0.941082802547771,0.373626373626374,0.936893203883495,0.940639269406393,0.366153846153846,0.374407582938389,0.367223065250379,0.438184663536776,0.371913580246914,0.941628264208909,0.934272300469484,0.378294573643411,0.372827804107425,0.570977917981073,0.530612244897959,0.367441860465116,0.371382636655949,0.94006309148265,0.353582554517134,0.367378048780488,0.934375,0.357843137254902,0.363354037267081,0.0590062111801242,0.088145896656535,0.372056514913658,0.625189681335357,0.364353312302839,0.371340523882897,0.54337899543379,0.934272300469484,0.361464968152866,0.950540958268934,0.37245696400626,0.394321766561514,0.360062893081761,0.533026113671275,0.357366771159875,0.944535073409462,0.371340523882897,0.378335949764521,0.378205128205128,0.635258358662614,0.931372549019608,0.382775119617225,0.378294573643411,0.0573248407643312,0.36687306501548,0.938556067588326,0.985959438377535,0.944099378881988,0.362654320987654,0.376175548589342,0.362179487179487,0.532507739938081,0.942028985507246,0.53015873015873,0.370892018779343,0.94,0.940993788819876,0.976744186046512,0.614533965244866,0.378164556962025,0.415241057542768,0.370030581039755,0.359375,0.942215088282504,0.938080495356037,0.468354430379747,0.574132492113565,0.942097026604069,0.934713375796178,0.941628264208909,0.635772357723577,0.943485086342229,0.375,0.6296875,0.935285053929122,0.367762128325509,0.374203821656051,0.378548895899054,0.945482866043614,0.944024205748865,0.578947368421053,0.37403400309119,0.933962264150943,0.94478527607362,0.37888198757764,0.349922239502333,0.936728395061728,0.0642054574638844,0.365814696485623,0.36150234741784,0.0457413249211356,0.372093023255814,0.934351145038168,0.352472089314195,0.94375,0.0902140672782875,0.0515625,0.839150227617602,0.382716049382716,0.936267071320182,0.945652173913043,0.062015503875969,0.0519083969465649,0.374608150470219,0.950617283950617,0.361464968152866,0.940092165898618,0.371610845295056,0.940157480314961,0.945337620578778,0.984227129337539,0.729230769230769,0.936608557844691,0.933858267716535,0.0455259026687598,0.937116564417178,0.4608,0.371473354231975,0.621329211746522,0.369969040247678,0.942947702060222,0.361331220285261,0.62085308056872,0.944267515923567,0.936,0.366043613707165,0.571214392803598,0.380655226209048,0.536624203821656,0.977987421383648,0.387755102040816,0.55054432348367,0.0451713395638629,0.364928909952607,0.371913580246914,0.36085626911315,0.944535073409462,0.571648690292758,0.35375191424196,0.947286821705426,0.539936102236422,0.977064220183486,0.942546583850932,0.945820433436533,0.366043613707165,0.393987341772152,0.362341772151899,0.361111111111111,0.361067503924647,0.56030534351145,0.34715821812596,0.0557275541795666,0.632776934749621,0.94383775351014,0.382581648522551,0.363349131121643,0.367909238249595,0.371695178849145,0.550156739811912,0.938461538461538,0.385802469135802,0.384126984126984,0.378980891719745,0.372019077901431,0.363777089783282,0.36608557844691,0.133942161339422,0.618670886075949,0.377742946708464,0.542372881355932,0.943396226415094,0.177952755905512,0.363636363636364,0.975845410628019,0.945337620578778,0.940902021772939,0.371559633027523,0.592476489028213,0.940993788819876,0.366306027820711,0.347758887171561,0.962264150943396,0.943076923076923,0.948995363214838,0.935794542536116,0.37173579109063,0.941269841269841,0.940902021772939,0.837795275590551,0.943037974683544,0.410876132930514,0.943076923076923,0.537480063795853,0.944444444444444,0.624420401854714,0.3546875,0.553090332805071,0.935126582278481,0.94392523364486,0.954330708661417,0.372699386503067,0.37888198757764,0.377813504823151,0.373831775700935,0.373983739837398,0.377567140600316,0.963549920760697,0.353125,0.944099378881988,0.938333333333333,0.670826833073323,0.0568720379146919,0.360429447852761,0.362229102167183,0.621538461538461,0.940639269406393,0.513260530421217,0.376899696048632,0.592063492063492,0.3609375,0.359098228663446,0.944356120826709,0.367924528301887,0.368078175895765,0.624600638977636,0.854368932038835,0.366071428571429,0.550561797752809,0.520569620253165,0.368421052631579,0.376971608832808,0.369397217928903,0.536392405063291,0.622257053291536,0.941538461538462,0.946875,0.941358024691358,0.613251155624037,0.949044585987261,0.533333333333333,0.367762128325509,0.368253968253968,0.943076923076923,0.945736434108527,0.38390092879257,0.945686900958466,0.949152542372881,0.94392523364486,0.362204724409449,0.373643410852713,0.948194662480377,0.371641791044776,0.630841121495327,0.385826771653543,0.404423380726698,0.36608557844691,0.0573643410852713,0.362095531587057,0.942367601246106,0.938095238095238,0.545878693623639,0.0533536585365854,0.373831775700935,0.368503937007874,0.15689381933439,0.407108239095315,0.94488188976378,0.94408945686901,0.361669242658423,0.949206349206349,0.359937402190923,0.942947702060222,0.363076923076923,0.529320987654321,0.374009508716323,0.366666666666667,0.944530046224962,0.0610932475884244,0.940988835725678,0.356913183279743,0.370662460567823,0.941176470588235,0.937402190923318,0.945038167938931,0.461904761904762,0.941455696202532,0.368916797488226,0.569422776911076,0.393188854489164,0.381789137380192,0.0545171339563863,0.0236593059936909,0.937699680511182,0.56786271450858,0.948517940717629,0.382445141065831,0.3808,0.934579439252336,0.948356807511737,0.101538461538462,0.3703125,0.937597503900156,0.836671802773498,0.945482866043614,0.365203761755486,0.14622641509434,0.625,0.942635658914729,0.938176197836167,0.941176470588235,0.9376,0.939577039274924,0.337423312883436,0.369734789391576,0.947040498442368,0.0780487804878049,0.0536277602523659,0.38810641627543,0.0586319218241042,0.372641509433962,0.9456,0.625391849529781,0.945141065830721,0.947932618683001,0.826153846153846,0.949447077409163,0.629230769230769,0.940532081377152,0.941176470588235,0.94620253164557,0.944968553459119
"472",0.109324758842444,0.1078125,0.101880877742947,0.1,0.0987261146496815,0.111287758346582,0.4032,0.104669887278583,0.105769230769231,0.995024875621891,0.103610675039246,0.942583732057416,0.0812101910828025,0.110210696920583,0.568881685575365,0.590189873417722,0.966929133858268,0.430213464696223,0.104838709677419,0.10223642172524,0.585714285714286,0.576190476190476,0.108150470219436,0.945054945054945,0.113884555382215,0.557661927330174,0.574712643678161,0.103789126853377,0.115625,0.141447368421053,0.591482649842271,0.1640625,0.0716510903426791,0.576243980738363,0.907766990291262,0.109612141652614,0.566510172143975,0.105015673981191,0.585516178736518,0.1109375,0.444976076555024,0.4288,0.418856259659969,0.104501607717042,0.106796116504854,0.56507413509061,0.582938388625592,0.57427258805513,0.574568288854003,0.566718995290424,0.896875,0.102728731942215,0.573643410852713,0.10016155088853,0.110410094637224,0.392282958199357,0.5553772070626,0.105263157894737,0.112698412698413,0.106623586429725,0.558176100628931,0.567307692307692,0.57487922705314,0.441971383147854,0.109634551495017,0.111801242236025,0.943089430894309,0.103174603174603,0.969230769230769,0.55968992248062,0.10126582278481,0.579778830963665,0.567961165048544,0.135313531353135,0.600313479623824,0.113003095975232,0.584758942457232,0.559748427672956,0.108832807570978,0.567699836867863,0.991909385113269,0.562700964630225,0.567524115755627,0.110419906687403,0.553125,0.104037267080745,0.106109324758842,0.111464968152866,0.0995184590690209,0.41838351822504,0.101941747572816,0.0992248062015504,0.903328050713154,0.993769470404984,0.10016155088853,0.947449768160742,0.903481012658228,0.102362204724409,0.557565789473684,0.426731078904992,0.106518282988871,0.957792207792208,0.581059390048154,0.118506493506494,0.575516693163752,0.1056,0.424920127795527,0.106012658227848,0.562300319488818,0.567307692307692,0.561622464898596,0.11216429699842,0.566302652106084,0.108320251177394,0.622641509433962,0.108761329305136,0.568720379146919,0.808777429467085,0.569230769230769,0.562197092084006,0.639423076923077,0.105511811023622,0.576323987538941,0.571194762684124,0.101088646967341,0.582278481012658,0.106544901065449,0.105754276827372,0.781446540880503,0.5609375,0.100328947368421,0.580952380952381,0.104928457869634,0.944954128440367,0.0993485342019544,0.572555205047319,0.446740858505564,0.559241706161137,0.0368589743589744,0.655683690280066,0.990461049284579,0.991974317817014,0.10702875399361,0.103109656301146,0.547923322683706,0.101426307448494,0.574961360123648,0.107890499194847,0.087962962962963,0.112654320987654,0.564860426929392,0.100961538461538,0.109677419354839,0.110927152317881,0.0938511326860841,0.56260162601626,0.1184,0.568,0.856687898089172,0.105511811023622,0.581102362204724,0.111111111111111,0.59047619047619,0.990353697749196,0.100649350649351,0.573268921095008,0.112877583465819,0.109350237717908,0.110591900311526,0.556942277691108,0.110754414125201,0.560777957860616,0.107717041800643,0.566188197767145,0.10655737704918,0.572337042925278,0.987321711568938,0.101286173633441,0.476112026359143,0.102439024390244,0.108832807570978,0.579710144927536,0.101286173633441,0.105431309904153,0.108320251177394,0.1072,0.576862123613312,0.575384615384615,0.11219512195122,0.1072,0.566246056782334,0.584690553745928,0.104166666666667,0.6672,0.454268292682927,0.889067524115756,0.572769953051643,0.441640378548896,0.102040816326531,0.562596599690881,0.106280193236715,0.103610675039246,0.092948717948718,0.579617834394904,0.574766355140187,0.566284779050736,0.109034267912773,0.102819237147595,0.0941915227629513,0.909967845659164,0.109149277688604,0.583468395461912,0.0736,0.570287539936102,0.581320450885668,0.362041467304625,0.103392568659128,0.110764430577223,0.0980707395498392,0.109177215189873,0.103059581320451,0.943729903536977,0.570967741935484,0.568075117370892,0.108452950558214,0.423380726698262,0.109546165884194,0.108359133126935,0.108832807570978,0.108490566037736,0.105691056910569,0.1089258698941,0.89622641509434,0.78783151326053,0.113057324840764,0.577922077922078,0.106451612903226,0.577352472089314,0.102685624012638,0.104575163398693,0.10207336523126,0.103503184713376,0.106280193236715,0.553259141494436,0.108490566037736,0.386217948717949,0.556089743589744,0.57032457496136,0.572567783094099,0.556270096463023,0.560777957860616,0.663446054750403,0.553259141494436,0.565830721003135,0.568037974683544,0.107981220657277,0.570532915360502,0.100164203612479,0.422955974842767,0.576619273301738,0.8,0.556818181818182,0.109854604200323,0.103833865814696,0.102564102564103,0.84185303514377,0.585874799357945,0.100156494522692,0.568253968253968,0.569230769230769,0.572567783094099,0.578696343402226,0.439297124600639,0.1,0.572317262830482,0.566129032258065,0.108626198083067,0.58957654723127,0.108490566037736,0.56656346749226,0.576190476190476,0.102439024390244,0.104234527687296,0.106858054226475,0.581358609794629,0.112012987012987,0.427884615384615,0.984615384615385,0.574162679425837,0.106687898089172,0.0984126984126984,0.992236024844721,0.561815336463224,0.55,0.107084019769357,0.104838709677419,0.575277337559429,0.920886075949367,0.895330112721417,0.109500805152979,0.109090909090909,0.550702028081123,0.102106969205835,0.11280487804878,0.579778830963665,0.108832807570978,0.109717868338558,0.568503937007874,0.104166666666667,0.102272727272727,0.107936507936508,0.105095541401274,0.558252427184466,0.590138674884438,0.566284779050736,0.105431309904153,0.108108108108108,0.43701399688958,0.564516129032258,0.10586319218241,0.580495356037152,0.583465818759936,0.101721439749609,0.0998439937597504,0.101880877742947,0.104166666666667,0.102803738317757,0.555555555555556,0.112179487179487,0.115873015873016,1,0.556414219474498,0.608974358974359,0.592356687898089,0.440381558028617,0.554858934169279,0.104776579352851,0.59047619047619,0.561904761904762,0.848101265822785,0.568720379146919,0.104,0.561430793157076,0.102893890675241,0.103448275862069,0.109375,0.587025316455696,0.58125,0.100313479623824,0.0181219110378913,0.958132045088567,0.113300492610837,0.56875,0.571197411003236,0.583198707592892,0.0959349593495935,0.563579277864992,0.643642072213501,0.566929133858268,0.575949367088608,0.569558101472995,0.588045234248788,0.0971786833855799,0.561014263074485,0.0967741935483871,0.0966719492868463,0.895071542130366,0.110932475884244,0.569131832797428,0.1078125,0.101721439749609,0.107843137254902,0.565705128205128,0.102040816326531,0.572784810126582,0.102290076335878,0.0694006309148265,0.11216429699842,0.107371794871795,0.102362204724409,0.573482428115016,0.0916398713826367,0.112540192926045,0.576243980738363,0.572555205047319,0.100313479623824,0.102523659305994,0.580188679245283,0.919937205651491,0.11219512195122,0.0985691573926868,0.0974842767295598,0.8859375,0.57641196013289,0.0993485342019544,0.575039494470774,0.857142857142857,0.105939004815409,0.429245283018868,0.45141065830721,0.10983606557377,0.107086614173228,0.435779816513761,0.410174880763116,0.536858974358974,0.108626198083067,0.563694267515924,0.112179487179487,0.101973684210526,0.561996779388084,0.104928457869634,0.110749185667752,0.904458598726115,0.557877813504823,0.112359550561798,0.102893890675241,0.570274636510501,0.105180533751962,0.10327868852459,0.576489533011272,0.772511848341232,0.110576923076923,0.108832807570978,0.0990415335463259,0.355905511811024,0.583987441130298,0.58664546899841,0.568147013782542,0.567741935483871,0.422955974842767,0.549606299212598,0.550955414012739,0.577464788732394,0.864649681528662,0.5712,0.1078125,0.563664596273292,0.10223642172524,0.566246056782334,0.984662576687117,0.952904238618524,0.10641627543036,0.113707165109034,0.946688206785137,0.104065040650407,0.420062695924765,0.949206349206349,0.911003236245955,0.106518282988871,0.421135646687697,0.10702875399361,0.106012658227848,0.565217391304348,0.105015673981191,0.896661367249603,0.993464052287582,0.109872611464968,0.1125,0.115141955835962,0.562903225806452,0.462709284627093,0.411184210526316,0.1198738170347,0.104761904761905,0.0742496050552923,0.577708006279435,0.7696,0.109872611464968,0.586319218241042,0.10031847133758,0.516693163751987,1,0.577952755905512,0.577223088923557,0.56175972927242,0.107361963190184,0.982649842271293,0.111801242236025,0.0973597359735974,0.107544141252006,0.854003139717425,0.563106796116505,0.116057233704293,0.57051282051282,0.104575163398693,0.108910891089109,0.57433489827856,0.105939004815409,0.57814871016692,0.101426307448494,0.577777777777778,0.572337042925278,0.10377358490566,0.436482084690554,0.580152671755725,0.1046875,0.581583198707593,0.146496815286624,0.574303405572755,0.95583596214511,0.568778979907264,0.126198083067093,0.580065359477124,0.123993558776167,0.569157392686804,0.55054432348367,0.6,0.112341772151899,0.105519480519481,0.10077519379845,0.0734094616639478,0.765573770491803,0.105345911949686,0.562091503267974,0.106750392464678,0.575,0.581903276131045,0.113237639553429,0.103225806451613,0.0971786833855799,0.0171606864274571,0.100154083204931,0.585516178736518,0.585669781931464,0.0985915492957746,0.108626198083067,0.961290322580645,0.982511923688394,0.10702875399361,0.103559870550162,0.571884984025559,0.119617224880383,0.105754276827372,0.586538461538462,0.119086460032626,0.107255520504732,0.431528662420382,0.584394904458599,0.1,0.894899536321484,0.110047846889952,0.110759493670886,0.988941548183254,0.580188679245283,0.106858054226475,0.558587479935794,0.106280193236715,0.0690208667736758,0.107371794871795,0.0724409448818898,0.101612903225806,0.576797385620915,0.100158982511924,0.0972447325769854,0.10016155088853,0.90015600624025,0.57495881383855,0.0949263502454992,0.10989010989011,0.424635332252836,0.106687898089172,0.574132492113565,0.528951486697966,0.567567567567568,0.106918238993711,0.105678233438486,0.109854604200323,0.98755832037325,0.56661316211878,0.982113821138211,0.0970873786407767,0.582018927444795,0.588976377952756,0.537735849056604,0.893481717011129,0.0976,0.0507131537242472,0.103395061728395,0.10625,0.567479674796748,0.578947368421053,0.940418679549114,0.941653160453809,0.582539682539683,0.566718995290424,0.560371517027864,0.896551724137931,0.584786053882726,0.105590062111801,0.897314375987362,0.572769953051643,0.109350237717908,0.113268608414239,0.107371794871795,0.564742589703588,0.579439252336449,0.949675324675325,0.0984126984126984,0.582278481012658,0.58609794628752,0.110584518167457,0.11402157164869,0.566246056782334,0.408866995073892,0.0983870967741935,0.103896103896104,0.419871794871795,0.109546165884194,0.585023400936037,0.117263843648208,0.575079872204473,0.592767295597484,0.446708463949843,0.667177914110429,0.103503184713376,0.588697017268446,0.576619273301738,0.416139240506329,0.443410852713178,0.100638977635783,0.572998430141287,0.105769230769231,0.571428571428571,0.099025974025974,0.572784810126582,0.580645161290323,0.54066985645933,0.562893081761006,0.567260940032415,0.575757575757576,0.445350734094617,0.567307692307692,0.969849246231156,0.0964630225080386,0.900311526479751,0.107424960505529,0.593949044585987,0.113964686998395,0.905362776025237,0.569377990430622,0.57395498392283,0.102439024390244,0.961948249619482,0.110062893081761,0.995283018867924,0.54281098546042,0.0954616588419405,0.960443037974684,0.44215530903328,0.0987261146496815,0.106687898089172,0.106012658227848,0.582781456953642,0.946624803767661,0.0962145110410095,0.461414790996785,0.99016393442623,0.534883720930233,0.569858712715856,0.568037974683544,0.108626198083067,0.0780487804878049,0.109697933227345,0.10377358490566,0.105095541401274,0.965625,0.1125,0.426307448494453,0.893455098934551,0.570532915360502,0.106518282988871,0.110047846889952,0.104234527687296,0.103875968992248,0.988853503184713,0.568075117370892,0.0930232558139535,0.103833865814696,0.099009900990099,0.10702875399361,0.113924050632911,0.111975116640746,0.628304821150855,0.917341977309562,0.101426307448494,0.989010989010989,0.578696343402226,0.69047619047619,0.111287758346582,0.500805152979066,0.583333333333333,0.575899843505477,0.114104595879556,0.946372239747634,0.573228346456693,0.102484472049689,0.113057324840764,0.523125996810207,0.573692551505547,0.5818759936407,0.578352180936995,0.0935023771790808,0.571428571428571,0.566096423017107,0.673076923076923,0.581993569131833,0.0645669291338583,0.585139318885449,0.99009900990099,0.569640062597809,0.894819466248038,0.108766233766234,0.987096774193548,0.585644371941272,0.569620253164557,0.570967741935484,0.10377358490566,0.0949367088607595,0.107142857142857,0.109697933227345,0.111831442463533,0.112012987012987,0.553945249597424,0.100470957613815,0.576190476190476,0.570234113712375,0.490566037735849,0.430194805194805,0.1046875,0.11216429699842,0.897356143079316,0.569620253164557,0.985871271585557,0.100463678516229,0.945425361155698,0.105177993527508,0.10327868852459,0.570048309178744,0.109872611464968,0.104651162790698,0.474193548387097,0.657937806873977,0.111111111111111,0.985507246376812,0.993399339933993,0.10223642172524,0.106012658227848,0.10126582278481,0.984051036682616,0.900787401574803,0.565625,0.47068145800317,0.571428571428571,0.898753894080997,0.552884615384615,0.988745980707395,0.1008,0.107084019769357,0.575193798449612,0.56418383518225,0.873397435897436,0.560855263157895,0.577464788732394,0.568075117370892,0.106918238993711,0.107086614173228,0.564593301435407,0.104134762633997,0.908805031446541,0.0990415335463259,0.881410256410256,0.112929623567921,0.430359937402191,0.103286384976526,0.569377990430622,0.579119086460033,0.985849056603774,0.435054773082942,0.1,0.10031847133758,0.309904153354633,0.219512195121951,0.570502431118314,0.570048309178744,0.0987460815047022,0.571428571428571,0.848631239935588,0.573070607553366,0.113846153846154,0.998425196850394,0.106180665610143,0.0987261146496815,0.573033707865168,0.431855500821018,0.573505654281099,0.11219512195122,0.0983870967741935,0.572784810126582,0.576802507836991,0.55968992248062,0.250396196513471,0.572847682119205,0.108150470219436,0.962558502340094,0.113237639553429,0.100649350649351,0.417460317460317,0.477777777777778,0.567479674796748,0.961904761904762,0.564593301435407,0.105769230769231,0.0944625407166124,0.588888888888889,0.559808612440191,0.492236024844721,0.105263157894737,0.58125,0.67032967032967,0.586921850079745,0.122670807453416,0.634493670886076,0.904238618524333,0.591482649842271,0.5703125,0.57051282051282,0.580542264752791,0.575617283950617,0.126582278481013,0.106687898089172,0.586921850079745,0.566129032258065,0.431781701444623,0.868044515103339,0.423333333333333,0.0963665086887836,0.555023923444976,0.912903225806452,0.565977742448331,0.578446909667195,0.694620253164557,0.562101910828026,0.9,0.558917197452229,0.580128205128205,0.566284779050736,0.56984126984127
"473",0.28594249201278,0.297805642633229,0.299689440993789,0.313694267515924,0.300613496932515,0.294753086419753,0.0140845070422535,0.302936630602782,0.298621745788668,0.582539682539683,0.304012345679012,0.658015267175573,0.504777070063694,0.307098765432099,1,1,0.63013698630137,0,0.315625,0.297256097560976,1,1,0.308510638297872,0.528771384136858,0.300911854103343,1,1,0.323899371069182,0.299248120300752,0.508634222919937,1,0.582952815829528,0.353395061728395,0.996865203761755,0.685534591194969,0.302287581699346,0.139318885448916,0.307098765432099,1,0.298461538461538,0.00155763239875389,0,0,0.31637519872814,0.310725552050473,1,0.996845425867508,1,1,1,0.703875968992248,0.308056872037915,1,0.304953560371517,0.297213622291022,0.81377151799687,0.123613312202853,0.301710730948678,0.305343511450382,0.307086614173228,0.993827160493827,1,1,0.00463678516228748,0.300955414012739,0.31104199066874,0.667701863354037,0.308176100628931,0.625377643504532,1,0.30804248861912,1,1,0.2576,0.162327718223583,0.302255639097744,1,0.995363214837713,0.302469135802469,1,0.611916264090177,1,1,0.312883435582822,1,0.311940298507463,0.302652106084243,0.311526479750779,0.304212168486739,0,0.30503144654088,0.312874251497006,0.697965571205008,0.590769230769231,0.300632911392405,0.655963302752294,0.695517774343122,0.301391035548686,0.118780096308186,0,0.309006211180124,0.634493670886076,1,0.296825396825397,1,0.303514376996805,0,0.309119010819165,1,1,1,0.297380585516179,0.998447204968944,0.313846153846154,0.213313161875946,0.291479820627803,1,0.386398763523957,1,1,0.210122699386503,0.30030959752322,1,1,0.316923076923077,1,0.307237813884786,0.29803328290469,0.375766871165644,0.766917293233083,0.307448494453249,1,0.311526479750779,0.65321375186846,0.323248407643312,1,0,1,0.361702127659574,0.878980891719745,0.596244131455399,0.606299212598425,0.303405572755418,0.315286624203822,1,0.29922480620155,1,0.292117465224111,0.498466257668712,0.307339449541284,1,0.296411856474259,0.30564263322884,0.307936507936508,0.310664605873261,1,0.292379471228616,1,0.459293394777266,0.319508448540707,1,0.306646525679758,1,0.60347551342812,0.302547770700637,1,0.303076923076923,0.303680981595092,0.318885448916409,0.989247311827957,0.308544303797468,1,0.31441717791411,1,0.299352750809061,1,0.603975535168196,0.29393468118196,0.0313014827018122,0.276190476190476,0.310344827586207,1,0.294753086419753,0.31201248049922,0.308411214953271,0.320987654320988,1,1,0.307814992025518,0.312594840667678,1,1,0.312977099236641,0.235747303543914,0.0179910044977511,0.697819314641745,1,0.00154320987654321,0.301223241590214,1,0.309006211180124,0.294027565084227,0.303265940902022,0.996951219512195,1,1,0.317220543806647,0.303459119496855,0.303405572755418,0.695102685624013,0.295731707317073,1,0.328100470957614,1,1,0.434782608695652,0.3109375,0.30781010719755,0.309968847352025,0.304012345679012,0.30625,0.657728706624606,1,1,0.298937784522003,0.00152905198776758,0.311550151975684,0.304281345565749,0.307931570762053,0.287713841368585,0.278560250391236,0.3125,0.699844479004666,0.380368098159509,0.30441400304414,1,0.309375,1,0.296520423600605,0.292259083728278,0.300469483568075,0.311111111111111,0.298578199052133,1,0.311248073959938,0.794992175273865,1,1,0.998417721518987,1,1,0.892744479495268,1,1,1,0.305597579425113,1,0.312599681020734,0,1,0.393665158371041,1,0.30564263322884,0.312893081761006,0.303599374021909,0.431924882629108,1,0.319444444444444,1,1,1,1,0,0.306153846153846,1,1,0.305772230889236,1,0.313935681470138,1,1,0.300314465408805,0.309748427672956,0.284603421461897,0.146417445482866,0.311627906976744,0,0.605381165919282,1,0.30568356374808,0.308176100628931,0.596358118361153,1,1,0.314785373608903,0.319875776397516,1,0.669242658423493,0.702194357366771,0.291798107255521,0.312302839116719,0.992458521870287,0.313572542901716,0.289592760180996,1,0.296875,0.290715372907154,1,0.289719626168224,0.303125,0.303875968992248,0.304821150855365,1,1,1,0.297380585516179,0.315132605304212,0.00769230769230769,0.99537037037037,0.312202852614897,1,1,0.296520423600605,0.316666666666667,0.301369863013699,0.303125,0.304012345679012,1,0.290423861852433,0.301242236024845,0.576489533011272,1,0.835403726708075,1,0,1,0.315151515151515,1,1,0.434915773353752,0.998466257668712,0.308777429467085,1,0.295418641390205,0.292117465224111,0.299539170506912,1,1,0.310872894333844,0.386363636363636,0.622611464968153,0.285031847133758,1,1,1,0.315217391304348,1,0.20679012345679,1,1,1,1,0.314024390243902,1,0.301127214170692,0.324031007751938,0.692913385826772,0.288401253918495,1,0.311827956989247,0.309667673716012,0.301109350237718,1,0.29500756429652,1,0.310344827586207,0.466666666666667,0.311728395061728,0.306349206349206,0.302325581395349,1,0.302694136291601,0.293291731669267,1,1,0.312307692307692,0.304747320061256,1,0.487841945288754,0.300157977883096,0.309341500765697,0.312883435582822,0.689922480620155,1,0.27591706539075,1,0.440809968847352,0.289348171701113,0,0.875384615384615,0.313479623824451,0.301829268292683,0,0.031055900621118,0.984375,0.29984544049459,1,0.302936630602782,0.29903536977492,1,0.312693498452012,0.305993690851735,0.683720930232558,1,0.311526479750779,0.308544303797468,1,0.310606060606061,0.289855072463768,1,0.352048558421851,0.299524564183835,0.304953560371517,0.31619937694704,0.790625,1,0.979750778816199,1,1,0,1,0.993769470404984,1,0.438569206842924,0.998410174880763,0.293759512937595,0.995522388059702,0.31496062992126,0.996884735202492,0.620637329286798,0.646433990895296,0.302147239263804,0.30030487804878,0.656394453004623,0.300157977883096,0,0.650231124807396,0.697160883280757,0.308166409861325,0,0.297339593114241,0.296296296296296,0.764150943396226,0.311926605504587,0.696319018404908,0.606796116504854,0.306501547987616,0.309667673716012,0.296296296296296,1,0.0263929618768328,0,0.302891933028919,0.318461538461538,0.320610687022901,1,0.34789391575663,0.306278713629403,1,0.294753086419753,0.94006309148265,0.577952755905512,1,1,0.993311036789298,0.308396946564885,0.623655913978495,0.305936073059361,0.309178743961353,0.303738317757009,0.436641221374046,1,0.300314465408805,1,0.310509554140127,0.308681672025723,1,0.301261829652997,1,0.316692667706708,1,1,0.311450381679389,0,1,0.309707241910632,1,0.542056074766355,1,0.518575851393189,1,0.542721518987342,1,0.303656597774245,1,1,1,0.301538461538462,0.311708860759494,0.305135951661631,0.332792207792208,0.341463414634146,0.299689440993789,1,0.31201248049922,1,1,0.311248073959938,0.313880126182965,0.301857585139319,0.37442218798151,0.311926605504587,1,1,0.316590563165906,0.317535545023697,0.636650868878357,0.60410094637224,0.303215926493109,0.301710730948678,1,0.2953125,0.301659125188537,0.993759750390016,0.296950240770466,0.29601226993865,0,0.137557959814529,0.301391035548686,0.690582959641256,0.300469483568075,0.310975609756098,0.60790273556231,0.996845425867508,0.299212598425197,1,0.296062992125984,0.332810047095761,0.302936630602782,0.457886676875957,0.299050632911392,1,0.304281345565749,0.316692667706708,0.316957210776545,0.694656488549618,1,0.323248407643312,0.309451219512195,0,0.315068493150685,0.998456790123457,0.947852760736196,1,0.304147465437788,0.30781010719755,0.307931570762053,0.596385542168675,1,0.609177215189873,0.318681318681319,1,1,0.969230769230769,0.686427457098284,0.3171875,0.351766513056836,0.312788906009245,0.306625577812018,1,1,0.528951486697966,0.639498432601881,1,1,0.998475609756098,0.704761904761905,1,0.307692307692308,0.694835680751174,1,0.308755760368664,0.301092043681747,0.302752293577982,0.998466257668712,1,0.659744408945687,0.309559939301973,1,1,0.310452418096724,0.296296296296296,0.998449612403101,0,0.304416403785489,0.29874213836478,0.0062015503875969,0.302255639097744,1,0.29595015576324,1,0.143292682926829,0,0.904109589041096,0.317972350230415,1,1,0,0,0.309968847352025,1,0.298722044728434,0.998480243161094,0.296703296703297,1,0.998412698412698,0.961119751166407,0.772445820433437,1,1,0.00625,1,0.52258064516129,0.322884012539185,0.684615384615385,0.30920060331825,1,0.284375,0.688473520249221,1,1,0.302507836990596,0.632986627043091,0.314329738058552,0.587774294670846,0.97045101088647,0.324574961360124,0.614791987673344,0.00924499229583975,0.293478260869565,0.313364055299539,0.308868501529052,1,0.652567975830816,0.299694189602446,0.891509433962264,0.602803738317757,0.966514459665145,1,1,0.29874213836478,0.319554848966614,0.295133437990581,0.3,0.308980213089802,0.629129129129129,0.296520423600605,0,0.685240963855422,1,0.306376360808709,0.289763779527559,0.308544303797468,0.309090909090909,0.616224648985959,1,0.319508448540707,0.320373250388802,0.316720257234727,0.308777429467085,0.297380585516179,0.297805642633229,0.201219512195122,0.690363349131122,0.310769230769231,0.614197530864197,1,0.237366003062787,0.3109375,0.9248,1,1,0.301242236024845,0.649149922720247,1,0.308623298033283,0.284591194968553,0.953674121405751,1,1,1,0.305900621118012,1,1,0.897151898734177,1,0.330781010719755,1,0.609250398724083,1,0.685887708649469,0.2921875,0.608903020667727,1,1,0.992076069730586,0.318112633181126,0.314152410575428,0.307936507936508,0.30781010719755,0.311605723370429,0.305511811023622,0.98256735340729,0.301684532924962,1,1,0.723172628304821,0,0.300462249614792,0.299539170506912,0.688449848024316,1,0.577464788732394,0.319402985074627,0.661949685534591,0.300623052959502,0.305246422893482,1,0.300632911392405,0.301458670988655,0.686427457098284,0.909090909090909,0.312592592592593,0.612698412698413,0.592651757188498,0.311526479750779,0.307570977917981,0.297380585516179,0.607255520504732,0.695046439628483,1,0.887675507020281,1,0.669218989280245,0.998430141287284,0.60596546310832,0.308755760368664,0.304552590266876,1,1,0.447852760736196,0.995275590551181,0.998482549317147,1,0.30188679245283,0.30568356374808,1,0.304154302670623,0.694444444444444,0.314241486068111,0.47723704866562,0.289308176100629,0,0.296296296296296,1,1,0.607692307692308,0,0.316770186335404,0.305164319248826,0.0913385826771654,0.39776357827476,1,1,0.295839753466872,1,0.4265625,1,0.312781954887218,0.604615384615385,0.309968847352025,0.30625,1,0,1,0.295238095238095,0.306603773584906,1,1,1,0.434169278996865,1,0.310077519379845,0.629402756508423,0.307926829268293,0.312101910828025,0,0.0386398763523957,1,0.633385335413417,1,0.313546423135464,0.3152,1,1,0.15968992248062,0.296124031007752,1,0.906584992343032,1,0.312688821752266,0.210608424336973,0.681818181818182,1,1,1,1,1,0.27906976744186,0.292758089368259,1,0.119236883942766,0,0.457098283931357,0,0.319182389937107,1,0.692307692307692,1,1,0.89247311827957,1,0.689922480620155,1,1,1,1
"474",0.300623052959502,0.312121212121212,0.319758672699849,0.332298136645963,0.307575757575758,0.307098765432099,0.0109717868338558,0.320373250388802,0.316998468606432,0.578616352201258,0.32258064516129,0.638009049773756,0.512422360248447,0.321538461538462,1,1,0.626506024096386,0,0.325652841781874,0.310291858678955,1,1,0.323353293413174,0.516768292682927,0.30849478390462,1,1,0.342356687898089,0.315789473684211,0.517080745341615,1,0.587878787878788,0.365151515151515,0.996937212863706,0.670788253477589,0.314102564102564,0.140030441400304,0.326347305389222,1,0.302752293577982,0.00305343511450382,0,0,0.327160493827161,0.316846986089645,1,0.993846153846154,1,1,1,0.688922610015175,0.332293291731669,1,0.324812030075188,0.317073170731707,0.816640986132512,0.125,0.327300150829563,0.317365269461078,0.326717557251908,0.992492492492492,1,1,0.00617283950617284,0.317535545023697,0.319213313161876,0.649847094801223,0.325077399380805,0.62407132243685,1,0.317147192716237,1,1,0.274294670846395,0.16236722306525,0.320531757754801,1,0.99406528189911,0.320359281437126,1,0.606299212598425,1,1,0.326283987915408,1,0.320058997050148,0.320373250388802,0.326747720364742,0.324200913242009,0,0.316279069767442,0.331858407079646,0.684370257966616,0.594180704441041,0.310185185185185,0.648203592814371,0.679878048780488,0.310708898944193,0.118858954041204,0,0.306625577812018,0.629457364341085,1,0.318541996830428,1,0.319508448540707,0,0.328746177370031,1,1,1,0.304878048780488,0.995426829268293,0.328267477203647,0.203007518796992,0.308605341246291,1,0.371951219512195,1,1,0.202723146747353,0.30804248861912,1,1,0.334332833583208,1,0.321114369501466,0.313521545319465,0.361408882082695,0.760416666666667,0.31937984496124,1,0.32781954887218,0.636496350364964,0.335394126738794,1,0.00151285930408472,1,0.373292867981791,0.893249607535322,0.592933947772657,0.609831029185868,0.31570996978852,0.319047619047619,1,0.311550151975684,1,0.302290076335878,0.505970149253731,0.325859491778774,1,0.309451219512195,0.318885448916409,0.327666151468315,0.322678843226788,1,0.30521472392638,1,0.433734939759036,0.327300150829563,1,0.325373134328358,1,0.6046875,0.321428571428571,1,0.320610687022901,0.317700453857791,0.325227963525836,0.986486486486487,0.323216995447648,1,0.325227963525836,1,0.323296354992076,1,0.600910470409712,0.296686746987952,0.0330708661417323,0.30030959752322,0.316109422492401,1,0.304281345565749,0.319213313161876,0.32089552238806,0.326315789473684,1,1,0.323943661971831,0.323529411764706,1,1,0.3202416918429,0.23583460949464,0.0205882352941176,0.688650306748466,1,0.00304878048780488,0.322188449848024,1,0.323076923076923,0.311844077961019,0.315151515151515,0.998480243161094,1,1,0.324963072378139,0.3203125,0.315548780487805,0.676470588235294,0.308157099697885,1,0.342507645259939,1,1,0.437593984962406,0.324159021406728,0.320121951219512,0.324200913242009,0.297090352220521,0.318611987381703,0.647779479326187,1,1,0.317700453857791,0.00461538461538462,0.329286798179059,0.323054331864905,0.320121951219512,0.3125,0.297872340425532,0.317979197622585,0.698027314112291,0.361702127659574,0.30316742081448,1,0.324451410658307,1,0.311746987951807,0.302936630602782,0.312883435582822,0.331240188383046,0.311526479750779,1,0.32383808095952,0.795384615384615,1,1,0.996913580246914,1,1,0.9015625,1,1,1,0.316265060240964,1,0.327044025157233,0,1,0.376524390243902,1,0.324921135646688,0.320121951219512,0.317484662576687,0.410876132930514,1,0.319340329835082,1,1,1,1,0,0.312307692307692,1,1,0.323216995447648,1,0.32078313253012,1,1,0.311349693251534,0.324074074074074,0.305936073059361,0.147812971342383,0.322932917316693,0,0.602985074626866,1,0.318181818181818,0.323076923076923,0.592649310872894,1,1,0.325508607198748,0.329721362229102,1,0.657492354740061,0.697530864197531,0.306625577812018,0.322734499205087,0.992570579494799,0.327769347496206,0.305882352941176,1,0.312977099236641,0.308845577211394,1,0.306990881458967,0.322033898305085,0.310344827586207,0.323308270676692,1,1,1,0.301075268817204,0.327217125382263,0.00298507462686567,0.990867579908676,0.328149300155521,1,1,0.311377245508982,0.330838323353293,0.306427503736921,0.328290468986384,0.3125,1,0.3078125,0.316846986089645,0.582554517133956,1,0.840425531914894,1,0,1,0.323008849557522,1,1,0.411497730711044,0.998491704374057,0.321044546850998,1,0.310077519379845,0.302611367127496,0.313636363636364,1,1,0.323216995447648,0.38740157480315,0.618380062305296,0.304747320061256,1,1,1,0.322378716744914,1,0.201538461538462,1,1,1,1,0.326807228915663,1,0.318110236220472,0.333333333333333,0.682370820668693,0.304615384615385,1,0.321646341463415,0.318318318318318,0.315457413249211,1,0.310810810810811,1,0.328869047619048,0.477203647416413,0.32572298325723,0.322530864197531,0.309667673716012,1,0.323574730354391,0.301412872841444,1,1,0.323170731707317,0.310030395136778,1,0.475903614457831,0.3171875,0.330289193302892,0.328787878787879,0.680428134556575,1,0.300623052959502,1,0.416539050535988,0.311248073959938,0,0.878378378378378,0.316535433070866,0.325190839694657,0,0.032258064516129,0.978428351309707,0.318181818181818,1,0.308049535603715,0.314375987361769,1,0.324159021406728,0.319314641744548,0.664098613251156,1,0.322678843226788,0.323574730354391,1,0.308270676691729,0.311248073959938,1,0.335365853658537,0.312404287901991,0.319340329835082,0.335365853658537,0.799392097264438,1,0.982892690513219,1,1,0.00153609831029186,1,0.995447647951442,1,0.42572741194487,0.996918335901387,0.308270676691729,0.994082840236686,0.329754601226994,0.995447647951442,0.608047690014903,0.626865671641791,0.321804511278195,0.30804248861912,0.636225266362253,0.322378716744914,0,0.635670731707317,0.680428134556575,0.321156773211568,0.00150375939849624,0.313813813813814,0.313455657492355,0.767692307692308,0.322137404580153,0.686838124054463,0.603076923076923,0.315467075038285,0.311377245508982,0.293846153846154,1,0.0263157894736842,0,0.309417040358744,0.32375189107413,0.330316742081448,1,0.332312404287902,0.314199395770393,1,0.305597579425113,0.933846153846154,0.577223088923557,1,1,0.993527508090615,0.319148936170213,0.614220877458396,0.33134328358209,0.310344827586207,0.316998468606432,0.418674698795181,1,0.311926605504587,1,0.31911532385466,0.3203125,1,0.320433436532508,1,0.325038880248834,1,1,0.323795180722892,0,1,0.326251896813354,1,0.575987841945289,1,0.509893455098935,1,0.556067588325653,1,0.320695102685624,1,1,1,0.30781010719755,0.330769230769231,0.317979197622585,0.351524879614767,0.32753164556962,0.311077389984825,1,0.328267477203647,1,1,0.324734446130501,0.314241486068111,0.307228915662651,0.383107088989442,0.321907600596125,1,1,0.322289156626506,0.319875776397516,0.635114503816794,0.600924499229584,0.320182094081942,0.313664596273292,1,0.305597579425113,0.316816816816817,0.995426829268293,0.314152410575428,0.315548780487805,0,0.138138138138138,0.315217391304348,0.682215743440233,0.316030534351145,0.324283559577677,0.604477611940298,0.996978851963746,0.314329738058552,1,0.320433436532508,0.343122102009274,0.317484662576687,0.47976011994003,0.314900153609831,1,0.31866464339909,0.319508448540707,0.328660436137072,0.691154422788606,1,0.322884012539185,0.316666666666667,0,0.322916666666667,0.998480243161094,0.949308755760369,1,0.326186830015314,0.320668693009119,0.31306990881459,0.598518518518519,1,0.604068857589984,0.334855403348554,1,1,0.96177370030581,0.673846153846154,0.333846153846154,0.35375191424196,0.321699544764795,0.319213313161876,1,1,0.518575851393189,0.633693972179289,1,1,0.998491704374057,0.688372093023256,1,0.324850299401198,0.684129429892142,1,0.325337331334333,0.319571865443425,0.325190839694657,0.997001499250375,1,0.639751552795031,0.322137404580153,1,1,0.316187594553706,0.311178247734139,0.998468606431853,0,0.319508448540707,0.314589665653495,0.00764525993883792,0.318518518518519,1,0.316037735849057,1,0.145454545454545,0,0.910581222056632,0.333333333333333,1,1,0,0.00149925037481259,0.324283559577677,1,0.315286624203822,0.997041420118343,0.313572542901716,1,0.998463901689708,0.958397534668721,0.770167427701674,1,1,0.00611620795107034,1,0.521462639109698,0.318461538461538,0.674735249621785,0.32572298325723,1,0.309667673716012,0.678787878787879,1,1,0.316770186335404,0.62280701754386,0.328358208955224,0.595975232198142,0.970404984423676,0.330792682926829,0.616207951070336,0.0151057401812689,0.311349693251534,0.322338830584708,0.32469512195122,1,0.638297872340426,0.30849478390462,0.887537993920973,0.591549295774648,0.965465465465465,1,1,0.311349693251534,0.335974643423138,0.311424100156495,0.312874251497006,0.317700453857791,0.627596439169139,0.306306306306306,0,0.677372262773723,0.998482549317147,0.324734446130501,0.303215926493109,0.313971742543171,0.32185628742515,0.612121212121212,1,0.335820895522388,0.331782945736434,0.324409448818898,0.321646341463415,0.316666666666667,0.308641975308642,0.195195195195195,0.679506933744222,0.314112291350531,0.603576751117735,1,0.234939759036145,0.31866464339909,0.91499227202473,1,1,0.311550151975684,0.632218844984802,1,0.311178247734139,0.307692307692308,0.951181102362205,1,1,0.996904024767802,0.317629179331307,1,1,0.903726708074534,1,0.344776119402985,1,0.609375,1,0.673748103186646,0.314589665653495,0.605828220858896,1,1,0.992354740061162,0.332330827067669,0.325264750378215,0.330708661417323,0.318862275449102,0.323854660347551,0.321372854914197,0.980030721966206,0.316109422492401,1,1,0.708459214501511,0,0.315315315315315,0.319880418535127,0.674140508221226,1,0.574018126888218,0.325925925925926,0.651840490797546,0.31306990881459,0.3125,1,0.310185185185185,0.319554848966614,0.689708141321045,0.920255183413078,0.325513196480938,0.613707165109034,0.587326120556414,0.326219512195122,0.324574961360124,0.303076923076923,0.601208459214502,0.679640718562874,1,0.8887171561051,1,0.665671641791045,0.996875,0.604068857589984,0.31306990881459,0.321428571428571,1,1,0.424886191198786,0.992223950233281,0.996983408748115,1,0.314814814814815,0.326153846153846,1,0.311764705882353,0.682706766917293,0.327743902439024,0.461656441717791,0.305772230889236,0,0.309417040358744,1,1,0.607518796992481,0.00150375939849624,0.330769230769231,0.325077399380805,0.0953846153846154,0.416139240506329,1,1,0.312217194570136,1,0.410138248847926,1,0.327354260089686,0.590634441087613,0.327245053272451,0.311926605504587,1,0,1,0.307936507936508,0.324116743471582,1,1,1,0.446875,1,0.313546423135464,0.631024096385542,0.326251896813354,0.322834645669291,0.00149253731343284,0.0419906687402799,1,0.632716049382716,1,0.327743902439024,0.332278481012658,1,1,0.163109756097561,0.311450381679389,1,0.912121212121212,1,0.325373134328358,0.198449612403101,0.669184290030212,1,1,1,1,1,0.294029850746269,0.300455235204856,1,0.117370892018779,0.00154320987654321,0.43202416918429,0,0.322137404580153,1,0.677966101694915,1,1,0.90210843373494,1,0.671709531013616,1,1,1,1
"475",0.315068493150685,0.327841845140033,0.325657894736842,0.350340136054422,0.31953642384106,0.322742474916388,0.0219966159052453,0.331081081081081,0.32512315270936,0.565811965811966,0.336601307189543,0.618487394957983,0.527397260273973,0.337152209492635,0.993333333333333,0.991652754590985,0.609756097560976,0.00863557858376511,0.341296928327645,0.326194398682043,0.993344425956739,0.993243243243243,0.33665008291874,0.506578947368421,0.320785597381342,0.99505766062603,0.993174061433447,0.35405872193437,0.31953642384106,0.529900332225914,0.991624790619765,0.60556464811784,0.377265238879736,0.998347107438017,0.648739495798319,0.330464716006885,0.134328358208955,0.338187702265372,0.991735537190083,0.323481116584565,0.00664451827242525,0.00662251655629139,0.0065252854812398,0.338926174496644,0.328257191201354,0.99492385786802,0.998327759197324,0.99194847020934,0.993377483443709,0.99505766062603,0.672131147540984,0.339011925042589,0.993431855500821,0.336106489184692,0.321131447587354,0.825210084033613,0.112794612794613,0.334442595673877,0.335537190082645,0.333333333333333,0.99347471451876,0.993311036789298,0.991624790619765,0.00332778702163062,0.338461538461538,0.334448160535117,0.6286701208981,0.346026490066225,0.596153846153846,0.995114006514658,0.329450915141431,0.99327731092437,0.99492385786802,0.287931034482759,0.152684563758389,0.336038961038961,0.993421052631579,0.998381877022654,0.345637583892617,0.994845360824742,0.596521739130435,0.994949494949495,0.991680532445923,0.34375,0.996710526315789,0.344444444444444,0.3248730964467,0.33889816360601,0.33889816360601,0.00823723228995058,0.333898305084746,0.34257748776509,0.666666666666667,0.577557755775578,0.325938566552901,0.623376623376623,0.669394435351882,0.330564784053156,0.108247422680412,0.0050761421319797,0.325,0.599664991624791,0.993344425956739,0.335034013605442,0.991582491582492,0.338308457711443,0.00330578512396694,0.341666666666667,0.991680532445923,0.993464052287582,0.991680532445923,0.327814569536424,0.995024875621891,0.336120401337793,0.196110210696921,0.325320512820513,0.995016611295681,0.371859296482412,0.991909385113269,0.99490662139219,0.193069306930693,0.324459234608985,0.995049504950495,0.993162393162393,0.347540983606557,0.991680532445923,0.337579617834395,0.325769854132901,0.364842454394693,0.77175697865353,0.326565143824027,0.993377483443709,0.343383584589615,0.61637239165329,0.342465753424658,0.991869918699187,0.00490998363338789,0.994991652754591,0.400990099009901,0.887372013651877,0.572390572390572,0.586440677966102,0.33389544688027,0.345299145299145,0.991652754590985,0.329411764705882,0.993569131832797,0.315345699831366,0.513866231647635,0.340288924558588,0.993197278911565,0.320066334991708,0.318864774624374,0.338383838383838,0.338983050847458,0.991568296795953,0.321976149914821,0.99327731092437,0.42833607907743,0.333884297520661,0.99341021416804,0.33605220228385,0.991816693944354,0.568527918781726,0.332764505119454,0.993265993265993,0.332773109243697,0.326158940397351,0.343383584589615,0.991749174917492,0.339527027027027,0.996644295302013,0.334991708126036,0.995008319467554,0.33800350262697,0.993333333333333,0.579034941763727,0.309364548494983,0.0256410256410256,0.314189189189189,0.333333333333333,0.991496598639456,0.324590163934426,0.3261231281198,0.333884297520661,0.341584158415842,0.993299832495812,0.99504132231405,0.331641285956007,0.333889816360601,0.991869918699187,0.994818652849741,0.332778702163062,0.23489932885906,0.0162074554294976,0.678807947019868,0.996638655462185,0.00324675324675325,0.329052969502408,0.99184339314845,0.340640809443508,0.321724709784411,0.326699834162521,0.991735537190083,0.996699669966997,0.993197278911565,0.342995169082126,0.324137931034483,0.326797385620915,0.662207357859532,0.313559322033898,0.993197278911565,0.35303776683087,0.994991652754591,0.99492385786802,0.437810945273632,0.343003412969283,0.339901477832512,0.334991708126036,0.321608040201005,0.325463743676223,0.623115577889447,0.995024875621891,0.995073891625616,0.326699834162521,0.00322061191626409,0.337096774193548,0.330670926517572,0.346218487394958,0.322368421052632,0.3125,0.329032258064516,0.679338842975207,0.353719008264463,0.325082508250825,0.994983277591973,0.342327150084317,0.993377483443709,0.321895424836601,0.319796954314721,0.325,0.354237288135593,0.31986531986532,0.996661101836394,0.334967320261438,0.809931506849315,0.991624790619765,0.99510603588907,0.996644295302013,0.993311036789298,0.991539763113367,0.89267461669506,0.991694352159468,0.99344262295082,0.995,0.336079077429984,0.993388429752066,0.341337907375643,0.00646203554119548,0.991624790619765,0.371100164203612,0.991762767710049,0.334476843910806,0.32994923857868,0.336134453781513,0.419898819561551,0.991735537190083,0.333876221498371,0.991582491582492,0.995153473344103,0.994983277591973,0.991749174917492,0.00336700336700337,0.326699834162521,0.991762767710049,0.995016611295681,0.32943143812709,0.994932432432432,0.333333333333333,0.993431855500821,0.99505766062603,0.332775919732441,0.343383584589615,0.313333333333333,0.146864686468647,0.338983050847458,0.00673400673400673,0.580906148867314,0.995049504950495,0.339901477832512,0.333887043189369,0.566558441558442,0.991816693944354,0.993174061433447,0.343696027633851,0.350758853288364,0.993355481727575,0.636666666666667,0.679661016949153,0.32258064516129,0.335042735042735,0.991830065359477,0.342715231788079,0.318327974276527,0.99194847020934,0.336106489184692,0.324013157894737,0.996615905245347,0.318181818181818,0.33389544688027,0.327868852459016,0.333892617449664,0.995,0.995161290322581,0.996598639455782,0.325657894736842,0.340677966101695,0.0117056856187291,0.996677740863787,0.34406779661017,0.995114006514658,0.993377483443709,0.319148936170213,0.348534201954397,0.31438127090301,0.332236842105263,0.334437086092715,0.993197278911565,0.32312925170068,0.324503311258278,0.559865092748735,0.995065789473684,0.842454394693201,0.993231810490694,0.00837520938023451,0.993517017828201,0.340872374798061,0.991554054054054,0.995,0.413223140495868,0.99344262295082,0.344709897610922,0.995215311004785,0.320945945945946,0.32013201320132,0.330049261083744,0.99492385786802,0.991735537190083,0.341666666666667,0.40893470790378,0.587436332767402,0.319256756756757,0.991749174917492,0.993197278911565,0.994983277591973,0.343589743589744,0.991721854304636,0.197654941373534,0.993377483443709,0.993464052287582,0.996610169491525,0.993265993265993,0.341463414634146,0.993355481727575,0.331623931623932,0.345177664974619,0.664418212478921,0.316498316498317,0.993344425956739,0.336601307189543,0.334415584415584,0.327731092436975,0.993377483443709,0.314935064935065,0.991467576791809,0.329545454545455,0.494983277591973,0.343801652892562,0.34125636672326,0.332247557003257,0.99347471451876,0.34125636672326,0.316053511705686,0.993366500829187,0.995008319467554,0.347039473684211,0.332220367278798,0.995008319467554,0.469721767594108,0.321976149914821,0.338954468802698,0.338842975206612,0.671031096563011,0.991610738255034,0.298969072164948,0.994949494949495,0.407470288624788,0.324958123953099,0.00651465798045603,0.887254901960784,0.32937181663837,0.331691297208539,0.00487012987012987,0.0364842454394693,0.984873949579832,0.330578512396694,0.991610738255034,0.330494037478705,0.339655172413793,0.993322203672788,0.338259441707718,0.328859060402685,0.655574043261231,0.994932432432432,0.336134453781513,0.336106489184692,0.993150684931507,0.328382838283828,0.32590051457976,0.993265993265993,0.335504885993485,0.323825503355705,0.333333333333333,0.34006734006734,0.804241435562806,0.993288590604027,0.974704890387858,0.993620414673046,0.99347471451876,0.00675675675675676,0.995008319467554,1,0.995090016366612,0.42809364548495,0.994854202401372,0.327922077922078,0.998371335504886,0.350847457627119,0.998344370860927,0.592233009708738,0.609555189456343,0.337133550488599,0.324149108589951,0.623355263157895,0.335559265442404,0.00809061488673139,0.613065326633166,0.671641791044776,0.330605564648118,0.00844594594594595,0.327212020033389,0.316309719934102,0.780201342281879,0.343234323432343,0.673267326732673,0.576271186440678,0.334459459459459,0.332242225859247,0.319932998324958,0.995024875621891,0.0222222222222222,0.00693240901213172,0.338815789473684,0.343383584589615,0.356550580431177,0.993366500829187,0.33277027027027,0.33768352365416,0.99151103565365,0.327272727272727,0.939739413680782,0.56175972927242,0.993311036789298,0.993527508090615,1,0.342105263157895,0.5856,0.334405144694534,0.335051546391753,0.327242524916944,0.415973377703827,0.993288590604027,0.316749585406302,0.991525423728814,0.33160621761658,0.330479452054795,0.99349593495935,0.346283783783784,0.992012779552716,0.333892617449664,0.993288590604027,0.99151103565365,0.337770382695507,0.00338409475465313,0.991896272285251,0.343283582089552,0.996592844974446,0.570480928689884,0.99185667752443,0.509646302250804,0.993558776167472,0.57001647446458,0.993231810490694,0.335559265442404,0.994932432432432,0.995121951219512,0.991776315789474,0.326666666666667,0.336148648648649,0.339256865912762,0.36551724137931,0.317241379310345,0.321666666666667,0.994854202401372,0.337209302325581,0.991438356164384,0.991909385113269,0.343801652892562,0.320338983050847,0.328502415458937,0.398333333333333,0.333878887070376,0.993548387096774,0.993322203672788,0.340495867768595,0.343103448275862,0.614213197969543,0.581666666666667,0.331683168316832,0.336683417085427,0.991554054054054,0.320469798657718,0.331136738056013,0.990131578947368,0.328205128205128,0.327212020033389,0.00664451827242525,0.133663366336634,0.333333333333333,0.66824644549763,0.33,0.339966832504146,0.582922824302135,0.991680532445923,0.328813559322034,0.998349834983498,0.326050420168067,0.359060402684564,0.326086956521739,0.481666666666667,0.326732673267327,0.993197278911565,0.337190082644628,0.34125636672326,0.34125636672326,0.671544715447154,0.994718309859155,0.337907375643225,0.333333333333333,0.00672268907563025,0.335537190082645,0.993333333333333,0.957166392092257,0.993355481727575,0.330049261083744,0.348993288590604,0.322091062394604,0.580327868852459,0.991568296795953,0.580479452054795,0.348258706467662,0.995081967213115,0.995024875621891,0.968174204355109,0.666112956810631,0.347682119205298,0.381188118811881,0.331683168316832,0.33605220228385,0.993162393162393,0.993517017828201,0.498338870431894,0.613333333333333,0.991680532445923,0.993344425956739,0.993527508090615,0.676767676767677,0.993431855500821,0.344051446945338,0.675540765391015,0.99347471451876,0.338308457711443,0.326633165829146,0.333892617449664,0.995090016366612,0.995161290322581,0.625215889464594,0.337792642140468,0.993399339933993,0.993485342019544,0.342715231788079,0.325082508250825,0.994957983193277,0.00677966101694915,0.326565143824027,0.313333333333333,0.00336700336700337,0.325041459369818,0.99347471451876,0.328178694158076,0.995033112582781,0.14168039538715,0.00650406504065041,0.897435897435897,0.342809364548495,0.993453355155483,0.991735537190083,0.00821018062397373,0.00810372771474878,0.346218487394958,0.993355481727575,0.331623931623932,0.993453355155483,0.326565143824027,0.99504132231405,0.993243243243243,0.966722129783694,0.770867430441899,0.996627318718381,0.99488926746167,0.00165837479270315,0.993453355155483,0.50513698630137,0.336148648648649,0.652960526315789,0.33931484502447,0.993265993265993,0.3248730964467,0.656514382402707,0.994940978077572,0.994949494949495,0.321305841924399,0.598715890850722,0.336065573770492,0.575085324232082,0.972881355932203,0.356550580431177,0.581548599670511,0.0115131578947368,0.323232323232323,0.325657894736842,0.334983498349835,0.994854202401372,0.626602564102564,0.32626427406199,0.893790849673203,0.569491525423729,0.970826580226904,0.991776315789474,0.995065789473684,0.331136738056013,0.352745424292845,0.319039451114923,0.323333333333333,0.325581395348837,0.586601307189543,0.320261437908497,0.0065252854812398,0.663987138263666,0.995024875621891,0.337228714524207,0.32,0.335060449050086,0.339403973509934,0.59,0.99185667752443,0.337078651685393,0.348561759729272,0.352941176470588,0.341793570219966,0.328358208955224,0.323873121869783,0.19047619047619,0.672354948805461,0.339100346020761,0.590243902439024,0.996638655462185,0.226973684210526,0.340567612687813,0.921535893155259,0.993162393162393,0.995,0.32569558101473,0.612850082372323,0.991694352159468,0.330618892508143,0.310286677908938,0.954849498327759,0.993421052631579,0.993333333333333,0.994782608695652,0.33278955954323,0.993265993265993,0.993464052287582,0.893333333333333,0.993299832495812,0.366288492706645,0.99185667752443,0.580372250423012,0.99505766062603,0.658415841584158,0.314720812182741,0.589134125636672,0.993185689948893,0.993355481727575,0.991624790619765,0.339869281045752,0.342105263157895,0.344234079173838,0.325542570951586,0.33781512605042,0.3446519524618,0.98471986417657,0.329508196721311,0.993421052631579,0.991197183098592,0.730132450331126,0.00675675675675676,0.335526315789474,0.331699346405229,0.659016393442623,0.993579454253612,0.555371900826446,0.335473515248796,0.625412541254125,0.316139767054908,0.333898305084746,0.993333333333333,0.327731092436975,0.330998248686515,0.683587140439932,0.909090909090909,0.334920634920635,0.589830508474576,0.569230769230769,0.340425531914894,0.33781512605042,0.32396694214876,0.5787728026534,0.666666666666667,0.995145631067961,0.900332225913621,0.991735537190083,0.657284768211921,0.994871794871795,0.568561872909699,0.328308207705193,0.327702702702703,0.995049504950495,0.993377483443709,0.433389544688027,0.998296422487223,0.998341625207297,0.996672212978369,0.33220910623946,0.341750841750842,0.996592844974446,0.325396825396825,0.668308702791461,0.337248322147651,0.445923460898502,0.31748726655348,0.00496688741721854,0.3261231281198,0.993355481727575,0.991438356164384,0.584013050570963,0.00986842105263158,0.345779220779221,0.341176470588235,0.109120521172638,0.425423728813559,0.993299832495812,0.991624790619765,0.325619834710744,0.996615905245347,0.416118421052632,0.993220338983051,0.346709470304976,0.577557755775578,0.337268128161889,0.33502538071066,0.991735537190083,0.00686106346483705,0.99660441426146,0.324829931972789,0.33220910623946,0.996688741721854,0.991762767710049,0.993485342019544,0.457912457912458,0.993265993265993,0.328859060402685,0.596375617792422,0.345454545454545,0.336148648648649,0.00831946755407654,0.0367278797996661,0.99488926746167,0.612312811980033,0.996615905245347,0.342857142857143,0.347676419965577,0.991735537190083,0.993388429752066,0.160655737704918,0.323873121869783,0.991721854304636,0.897350993377483,0.995,0.337704918032787,0.192953020134228,0.660655737704918,0.991610738255034,0.995073891625616,0.991452991452991,0.993243243243243,0.991869918699187,0.303130148270181,0.315091210613599,0.991776315789474,0.110169491525424,0.00823723228995058,0.433006535947712,0.0069204152249135,0.339495798319328,0.993344425956739,0.664440734557596,0.993355481727575,0.993366500829187,0.883031301482702,0.994915254237288,0.668292682926829,0.996672212978369,0.993299832495812,0.994836488812392,0.996688741721854
"476",1,1,1,1,1,1,0.699376947040498,1,1,0.100961538461538,1,0.0458715596330275,0.814641744548287,1,0.318252730109204,0.307339449541284,0.0632716049382716,0.682539682539683,1,1,0.286604361370716,0.320433436532508,1,0.161387631975867,1,0.32579185520362,0.317535545023697,1,1,0.781591263650546,0.315548780487805,0.720364741641337,0.968036529680365,0.316998468606432,0,1,0.552307692307692,1,0.300448430493274,1,0.663109756097561,0.680365296803653,0.694736842105263,1,1,0.324960753532182,0.309119010819165,0.313455657492355,0.320610687022901,0.333841463414634,0,1,0.310708898944193,1,1,0.486902927580894,0.572981366459627,1,1,1,0.333836858006042,0.318529862174579,0.31619937694704,0.677067082683307,1,1,0.0373250388802488,1,0.0580357142857143,0.322338830584708,1,0.319148936170213,0.324921135646688,0.966876971608833,0.531202435312024,1,0.309559939301973,0.338391502276176,1,0.310832025117739,0.0904761904761905,0.329192546583851,0.328173374613003,1,0.333333333333333,1,1,1,1,0.692889561270802,1,1,0.00151745068285281,0.10790273556231,1,0.0471976401179941,0,1,0.57097288676236,0.673469387755102,1,0.0604651162790698,0.309486780715397,1,0.313846153846154,1,0.680786686838124,1,0.320552147239264,0.32312404287902,0.319018404907975,1,0.332317073170732,1,0.506787330316742,1,0.316923076923077,0.300150829562594,0.325264750378215,0.31733746130031,0.5,1,0.321212121212121,0.314375987361769,1,0.309230769230769,1,1,0.332819722650231,0.548192771084337,1,0.310769230769231,1,0.0427728613569322,1,0.316187594553706,0.672256097560976,0.330289193302892,0.931506849315068,0.43581616481775,0.106317411402157,0.100154083204931,1,1,0.330769230769231,1,0.322338830584708,1,0.798461538461538,1,0.332288401253919,1,1,1,1,0.328682170542636,1,0.32348367029549,0.262917933130699,1,0.311077389984825,1,0.300925925925926,0.0875576036866359,1,0.318252730109204,1,1,1,0.327794561933535,1,0.327639751552795,1,0.308755760368664,1,0.32093023255814,0.0782208588957055,1,0.639553429027113,1,1,0.311627906976744,1,1,1,1,0.321316614420063,0.310136157337368,1,1,0.316742081447964,0.305993690851735,1,0.45662100456621,0.664688427299703,0,0.320493066255778,0.669218989280245,1,0.327844311377246,1,1,1,0.319018404907975,0.31981981981982,0.32807570977918,1,1,1,0,1,0.306853582554517,0.977064220183486,0.327160493827161,0.307931570762053,0.777089783281734,1,1,1,1,1,0.0430769230769231,0.31875,0.32185628742515,1,0.68215892053973,1,1,0.998477929984779,1,1,1,0.00451127819548872,0.322775263951735,1,0.311912225705329,1,0.302891933028919,1,1,1,1,1,0.324574961360124,1,0.5,0.327272727272727,0.326315789473684,0.31924882629108,0.327188940092166,0.335413416536661,0.432348367029549,0.329192546583851,0.314199395770393,0.313725490196078,1,0.323664122137405,1,0.690332326283988,0.305471124620061,0.316816816816817,0.333846153846154,1,1,1,0.268817204301075,0.310185185185185,1,0.321875,0.33034379671151,0.315870570107858,0.317557251908397,0.686064318529862,1,0.32078313253012,0.318252730109204,1,0.307936507936508,1,0.312874251497006,0.308641975308642,1,1,1,0.555727554179567,1,0.687595712098009,0.086053412462908,0.317901234567901,1,1,0.0987841945288754,0.317073170731707,0.32398753894081,1,1,0.305343511450382,0.0230414746543779,0.00313479623824451,1,1,0.334841628959276,1,1,0.317220543806647,1,1,0.321699544764795,1,1,1,1,0.325115562403698,0.303964757709251,0.333858267716535,1,1,0.674242424242424,0.318112633181126,1,0.321699544764795,0.303543913713405,1,1,1,1,1,0.32258064516129,1,1,0.107086614173228,0.334332833583208,0.492283950617284,0.311627906976744,0.674347158218126,0.318318318318318,1,0.308892355694228,0.334883720930233,0.268768768768769,0.315315315315315,1,0.325373134328358,1,1,1,0.313084112149533,0.317293233082707,1,0.924764890282132,0.065625,1,0.315467075038285,0.328660436137072,0.312597200622084,1,0.324773413897281,0.486196319018405,0.324200913242009,0.306278713629403,0.311145510835913,0.30829420970266,1,0.324031007751938,1,1,0,1,0.316770186335404,1,1,1,0.322033898305085,1,0.312401883830455,1,0.836391437308868,1,1,1,0.320061255742726,1,1,0.310502283105023,0.315467075038285,1,1,0.30781010719755,0.193984962406015,1,1,1,0,0.31104199066874,1,0.302147239263804,0.256609642301711,1,0.674846625766871,0.424698795180723,1,1,0.677891654465593,0.693498452012384,0.343987823439878,1,0.323664122137405,1,1,0.331259720062208,1,1,0.00768049155145929,0.325115562403698,1,1,0.322378716744914,1,1,0.312693498452012,0.346444780635401,1,1,1,0.523520485584218,0.31104199066874,0.351393188854489,0.317577548005908,0.332321699544765,0.690625,0.327272727272727,0.326656394453005,0.315233785822021,0.258064516129032,0.323899371069182,1,0.325825825825826,1,0.310664605873261,0.0866965620328849,0.0492307692307692,1,1,0.0403726708074534,1,0.684370257966616,0.0426829268292683,0.0109546165884194,1,0.681887366818874,1,1,0.559375,1,0,0.0758293838862559,1,1,1,0.324534161490683,0.65028901734104,0.696,0.996987951807229,1,0.987654320987654,0.299694189602446,0.335384615384615,1,0.300462249614792,1,0.372307692307692,0.107361963190184,0.308396946564885,0.319148936170213,0.342105263157895,1,0.0838414634146342,1,1,1,0.264750378214826,0.31875,1,0.317683881064163,1,1,0.308980213089802,1,0.3215859030837,1,0.31104199066874,0.321981424148607,1,0.677469135802469,0.319526627218935,1,0.317610062893082,0.755725190839695,0.31044776119403,0.160246533127889,0.320839580209895,0.765891472868217,0.309375,1,0.326153846153846,0.337858220211161,0.294027565084227,1,1,1,0.973186119873817,0.341269841269841,1,0.321875,1,0.319935691318328,0.317365269461078,1,1,1,0.919083969465649,1,0.312781954887218,0.314589665653495,1,1,0.0485133020344288,0.0808709175738725,1,1,0.306122448979592,1,1,0.316998468606432,1,1,0.680786686838124,0.552083333333333,1,0,1,1,0.100903614457831,0.328197226502311,1,0.319938176197836,1,0.965732087227414,1,0.822458270106222,1,0.334913112164297,1,1,1,0,0.318910256410256,1,1,0.677966101694915,1,0.313178294573643,0.361669242658423,0.325153374233129,1,1,1,0.0981873111782477,0.318885448916409,0.0909090909090909,1,0.311649016641452,0.314024390243902,0.347560975609756,0,1,0.955792682926829,1,1,0.31839258114374,0.303030303030303,0.160493827160494,0.0400616332819723,0.325038880248834,0.313178294573643,0.326687116564417,0.00156985871271586,0.313546423135464,1,0,0.317700453857791,1,1,1,0.320726172465961,0.315629742033384,0.0363924050632911,1,0.313755795981453,0.309774436090226,1,1,0.316666666666667,0.690590111642743,1,1,0.687692307692308,1,0.309090909090909,1,0.317484662576687,0.538461538461538,0.670196671709531,0.407518796992481,1,0.301829268292683,0.315068493150685,0.678407350689127,0.668665667166417,1,0.322678843226788,1,0.321907600596125,1,0.319018404907975,0.313971742543171,0.353211009174312,0.531393568147014,0.320433436532508,0.312788906009245,0.664605873261206,0.317700453857791,0.1472,1,0,1,0.297839506172839,1,0,0.315548780487805,0.313271604938272,1,0.0555555555555556,1,0.0866261398176292,0.330745341614907,1,0.067175572519084,0.673748103186646,1,1,1,0.307324840764331,0.0389221556886228,1,0.43778801843318,0.0996835443037975,0.350299401197605,0.324734446130501,0.322869955156951,1,1,1,1,1,0.0645645645645646,0.996996996996997,0.687022900763359,0.00446428571428571,0.323216995447648,1,1,1,1,0.0885496183206107,0.317629179331307,1,1,1,1,1,1,0.505247376311844,0.00154798761609907,1,0.0827067669172932,0.322727272727273,0.436834094368341,1,0.385093167701863,0.311708860759494,0.310136157337368,1,0.0405405405405405,0.316742081447964,1,1,0.377708978328173,0.307458143074581,0.307098765432099,0.3203125,1,0.329153605015674,0.318862275449102,0.419254658385093,0.315467075038285,0.972809667673716,0.307922272047833,0.0850393700787402,0.3267776096823,0,1,0.0927357032457496,0.306729264475743,0.318885448916409,0.31832298136646,1,1,1,1,1,1,0.329211746522411,1,0.322678843226788,0.311793214862682,0.612462006079027,0.677067082683307,1,1,0,0.324444444444444,0.118098159509202,1,0.0366412213740458,1,1,0.309636650868878,1,1,0.630672926447574,0.420382165605096,0.997076023391813,0.0859375,0.100470957613815,1,1,1,0.0893939393939394,0,0.324200913242009,0.413846153846154,0.311475409836066,0,0.326530612244898,0.0883280757097792,1,1,0.321752265861027,0.319083969465649,0.249619482496195,0.339622641509434,0.319213313161876,0.318318318318318,1,1,0.320813771517997,1,0,1,0.227629513343799,1,0.672727272727273,1,0.315789473684211,0.3078125,0.0795107033639144,0.675149700598802,1,1,0.787365177195686,0.911811023622047,0.319938176197836,0.319875776397516,1,0.319018404907975,0.261205564142195,0.317535545023697,1,0.106481481481481,1,1,0.319018404907975,0.677570093457944,0.309486780715397,1,1,0.309923664122137,0.31039755351682,0.315233785822021,0.861801242236025,0.314241486068111,1,0.0548780487804878,1,1,0.694189602446483,0.653786707882535,0.329581993569132,0.0579268292682927,0.333846153846154,1,1,0.312210200927357,0.323943661971831,0.625192012288787,1,0.312781954887218,0.372932330827068,0.312121212121212,0.987915407854985,0.48531684698609,0.0030441400304414,0.307458143074581,0.323880597014925,0.328616352201258,0.311320754716981,0.318452380952381,0.972727272727273,1,0.308396946564885,0.558869701726845,0.68167701863354,0.248854961832061,0.690821256038647,1,0.320121951219512,0.0031496062992126,0.322678843226788,0.314329738058552,0.370481927710843,0.320813771517997,0,0.332302936630603,0.320634920634921,0.32018927444795,0.31651376146789
"477",0.0805687203791469,0.0783410138248848,0.0785824345146379,0.0719874804381847,0.0801815431164902,0.0785824345146379,0.365777080062794,0.0850077279752705,0.0807926829268293,0.990521327014218,0.0773899848254932,0.965151515151515,0.1015625,0.0796324655436447,0.613601236476043,0.615501519756839,0.984756097560976,0.392628205128205,0.0785824345146379,0.0770416024653313,0.628659476117103,0.622257053291536,0.0808383233532934,0.933846153846154,0.087218045112782,0.590214067278288,0.605431309904153,0.0750798722044728,0.0874811463046757,0.147286821705426,0.62037037037037,0.183890577507599,0.0559757942511346,0.619783616692427,0.932515337423313,0.0873015873015873,0.545454545454545,0.0803030303030303,0.625187406296852,0.0821917808219178,0.417310664605873,0.382262996941896,0.389221556886228,0.0784615384615385,0.0833333333333333,0.601246105919003,0.611963190184049,0.615499254843517,0.604327666151468,0.591044776119403,0.917808219178082,0.0775316455696203,0.606382978723404,0.0734375,0.0833333333333333,0.431034482758621,0.5078125,0.0737833594976452,0.081447963800905,0.0801232665639445,0.598200899550225,0.603395061728395,0.601236476043277,0.396923076923077,0.0878594249201278,0.0856269113149847,0.969040247678019,0.0783410138248848,0.988023952095808,0.597875569044006,0.0719754977029096,0.614220877458396,0.5859375,0.105678233438486,0.570992366412214,0.0830860534124629,0.62012012012012,0.586989409984871,0.0748091603053435,0.6,0.990430622009569,0.592933947772657,0.608628659476117,0.0832072617246596,0.590015128593041,0.075,0.0773993808049536,0.0769230769230769,0.0770416024653313,0.382039573820396,0.0754716981132075,0.0696296296296296,0.925644916540212,0.989280245022971,0.0701754385964912,0.968515742128936,0.922480620155039,0.0785498489425982,0.524486571879937,0.400943396226415,0.0784929356357928,0.978328173374613,0.615267175572519,0.080824088748019,0.603715170278638,0.0745341614906832,0.392156862745098,0.086687306501548,0.610510046367852,0.603715170278638,0.601538461538462,0.0848484848484849,0.603369065849923,0.0792682926829268,0.590288315629742,0.0839580209895052,0.614916286149163,0.790199081163859,0.602373887240356,0.605345911949686,0.603343465045593,0.0817901234567901,0.602118003025719,0.604430379746835,0.0691244239631336,0.617378048780488,0.0719530102790015,0.0804769001490313,0.763076923076923,0.543154761904762,0.0735524256651017,0.606382978723404,0.073094867807154,0.964338781575037,0.069620253164557,0.606382978723404,0.401225114854518,0.589393939393939,0.0186625194401244,0.645833333333333,0.990712074303406,0.990783410138249,0.0850077279752705,0.0756843800322061,0.598145285935085,0.0775075987841945,0.603007518796992,0.080370942812983,0.107088989441931,0.08649468892261,0.610328638497653,0.0712074303405573,0.0868217054263566,0.0832025117739403,0.0677966101694915,0.584496124031008,0.0844854070660522,0.604037267080745,0.838709677419355,0.078907435508346,0.620426829268293,0.0801815431164902,0.619047619047619,0.996908809891808,0.0714285714285714,0.609794628751975,0.0851393188854489,0.0764525993883792,0.0816640986132511,0.594180704441041,0.0826833073322933,0.604294478527607,0.0803149606299213,0.604580152671756,0.0830670926517572,0.601574803149606,0.996937212863706,0.081039755351682,0.437898089171975,0.078125,0.0815384615384615,0.610492845786963,0.0739064856711916,0.0811638591117917,0.0790273556231003,0.0717557251908397,0.605263157894737,0.608169440242057,0.0864779874213836,0.081039755351682,0.602134146341463,0.625194401244168,0.0807926829268293,0.639817629179331,0.400593471810089,0.911901081916538,0.606980273141123,0.40393343419062,0.0780780780780781,0.6,0.0817610062893082,0.0819423368740516,0.0748091603053435,0.609230769230769,0.609090909090909,0.60126582278481,0.0816944024205749,0.078125,0.0766917293233083,0.925349922239502,0.0864197530864197,0.619496855345912,0.0528771384136858,0.604651162790698,0.607963246554365,0.346625766871166,0.0709876543209877,0.0870229007633588,0.0698027314112291,0.081039755351682,0.0737833594976452,0.962848297213622,0.593798449612403,0.594512195121951,0.0824587706146927,0.399089529590288,0.0829562594268477,0.0843195266272189,0.0801232665639445,0.0840840840840841,0.0834621329211747,0.0784313725490196,0.92412746585736,0.77910447761194,0.0811638591117917,0.609105180533752,0.0760869565217391,0.62,0.0721804511278196,0.0802469135802469,0.0733229329173167,0.0800627943485086,0.0815047021943574,0.595348837209302,0.0842105263157895,0.405320813771518,0.593846153846154,0.593703148425787,0.608628659476117,0.591263650546022,0.586687306501548,0.666666666666667,0.584992343032159,0.605828220858896,0.606106870229008,0.0827067669172932,0.597842835130971,0.0764331210191083,0.387387387387387,0.604580152671756,0.781626506024096,0.5875,0.0821484992101106,0.0753532182103611,0.0806697108066971,0.83179012345679,0.611620795107034,0.0726172465960666,0.599374021909233,0.599702380952381,0.608359133126935,0.606758832565284,0.391304347826087,0.0750382848392037,0.608108108108108,0.596385542168675,0.0740740740740741,0.634028892455859,0.0886850152905199,0.604229607250755,0.619631901840491,0.0804953560371517,0.0806201550387597,0.0781010719754977,0.543778801843318,0.0791925465838509,0.385208012326656,0.998484848484849,0.599393019726859,0.081447963800905,0.0703125,0.990963855421687,0.599695585996956,0.598736176935229,0.0764331210191083,0.084375,0.613394216133942,0.948012232415902,0.921752738654147,0.0795631825273011,0.0818897637795276,0.593093093093093,0.0763358778625954,0.0852017937219731,0.611195158850227,0.0781954887218045,0.078907435508346,0.605504587155963,0.0781010719754977,0.0779816513761468,0.0758725341426404,0.0781010719754977,0.598765432098765,0.618343195266272,0.602503912363067,0.0776255707762557,0.0834621329211747,0.403993855606759,0.607033639143731,0.0764331210191083,0.614583333333333,0.621705426356589,0.0840840840840841,0.0762331838565022,0.0802469135802469,0.0791476407914764,0.0736196319018405,0.596302003081664,0.0843558282208589,0.0871559633027523,0.977987421383648,0.591743119266055,0.59472049689441,0.612954186413902,0.395672333848532,0.601823708206687,0.0800604229607251,0.613707165109034,0.595384615384615,0.832326283987915,0.599695585996956,0.0756172839506173,0.597597597597598,0.0847457627118644,0.0789473684210526,0.081447963800905,0.611801242236025,0.61178247734139,0.0784615384615385,0.00622083981337481,0.976708074534162,0.0830721003134796,0.602134146341463,0.599688473520249,0.616954474097331,0.0735524256651017,0.597305389221557,0.619047619047619,0.594180704441041,0.614439324116744,0.605015673981191,0.62111801242236,0.0745814307458143,0.591414944356121,0.0760697305863708,0.0721003134796238,0.929339477726575,0.0821484992101106,0.602782071097372,0.0796324655436447,0.0783132530120482,0.0800627943485086,0.595015576323987,0.0744047619047619,0.613458528951487,0.0793413173652695,0.0842105263157895,0.0872894333843798,0.0800627943485086,0.0828313253012048,0.609756097560976,0.06875,0.0773993808049536,0.606481481481482,0.60763358778626,0.0779816513761468,0.08,0.614678899082569,0.903177004538578,0.0828125,0.074468085106383,0.0716463414634146,0.921417565485362,0.608,0.0818897637795276,0.604294478527607,0.836641221374046,0.0743034055727554,0.400900900900901,0.484398216939079,0.0863422291993721,0.0789473684210526,0.406480117820324,0.377708978328173,0.575153374233129,0.0794392523364486,0.601515151515152,0.0854037267080745,0.0758513931888545,0.589783281733746,0.0812883435582822,0.0829420970266041,0.927357032457496,0.599383667180277,0.0858034321372855,0.0754716981132075,0.601226993865031,0.0744186046511628,0.0760697305863708,0.614551083591331,0.750759878419453,0.0806201550387597,0.0805471124620061,0.077639751552795,0.39117199391172,0.620060790273556,0.62,0.602086438152012,0.595092024539877,0.392248062015504,0.596676737160121,0.596969696969697,0.609281437125748,0.847457627118644,0.604430379746835,0.0803030303030303,0.601181683899557,0.0835913312693498,0.615384615384615,1,0.977203647416413,0.0820668693009119,0.0854572713643178,0.963302752293578,0.0694006309148265,0.384155455904335,0.96937212863706,0.933744221879815,0.0787878787878788,0.385802469135802,0.0768049155145929,0.0830769230769231,0.558641975308642,0.0775193798449612,0.922137404580153,1,0.0802469135802469,0.0853293413173653,0.0876923076923077,0.602465331278891,0.415316642120766,0.378594249201278,0.0885496183206107,0.0770416024653313,0.0515151515151515,0.617511520737327,0.752671755725191,0.0864197530864197,0.62015503875969,0.0733532934131736,0.55045871559633,0.982649842271293,0.623655913978495,0.614220877458396,0.5856,0.0838414634146342,1,0.0857988165680473,0.0715421303656598,0.08,0.833841463414634,0.60093896713615,0.0911901081916538,0.613601236476043,0.0781499202551834,0.0817610062893082,0.614088820826952,0.0790697674418605,0.60655737704918,0.077639751552795,0.623052959501558,0.600917431192661,0.0781010719754977,0.399082568807339,0.608695652173913,0.0750382848392037,0.618238021638331,0.163109756097561,0.607305936073059,0.935338345864662,0.604197901049475,0.144186046511628,0.618012422360248,0.0965189873417722,0.598159509202454,0.584821428571429,0.635114503816794,0.0821917808219178,0.0773993808049536,0.079646017699115,0.0506329113924051,0.746341463414634,0.0796324655436447,0.605388272583201,0.0796324655436447,0.610492845786963,0.609939759036145,0.0830769230769231,0.0839813374805599,0.0746268656716418,0.00310077519379845,0.0750750750750751,0.621052631578947,0.599397590361446,0.0736196319018405,0.0792393026941363,0.982594936708861,1,0.0824427480916031,0.0728682170542636,0.599686028257457,0.0847201210287443,0.075187969924812,0.618827160493827,0.0846645367412141,0.0875576036866359,0.394171779141104,0.552870090634441,0.0776255707762557,0.928677563150074,0.0797546012269939,0.0898021308980213,0.989457831325301,0.606531881804043,0.0791925465838509,0.599388379204893,0.0820433436532508,0.0455974842767296,0.0835913312693498,0.0974124809741248,0.0809160305343511,0.609448818897638,0.0703363914373089,0.0751173708920188,0.0777777777777778,0.924698795180723,0.616504854368932,0.0700934579439252,0.0830815709969789,0.397217928902628,0.0749625187406297,0.604545454545454,0.569069069069069,0.607033639143731,0.0779816513761468,0.0793893129770992,0.0829420970266041,0.992492492492492,0.602523659305994,1,0.0793157076205288,0.615733736762481,0.618975903614458,0.578386605783866,0.918461538461538,0.0736196319018405,0.0336391437308868,0.0867579908675799,0.0826952526799387,0.600931677018634,0.611111111111111,0.923197492163009,0.964341085271318,0.612307692307692,0.61189358372457,0.589665653495441,0.923794712286159,0.611111111111111,0.0750750750750751,0.925349922239502,0.610859728506787,0.0846153846153846,0.0802469135802469,0.0766871165644172,0.610015174506829,0.606927710843373,0.966666666666667,0.075968992248062,0.61214953271028,0.616666666666667,0.0845921450151057,0.0884146341463415,0.608895705521472,0.3824,0.0692913385826772,0.0828125,0.382126348228043,0.0779610194902549,0.617691154422789,0.0855784469096672,0.605546995377504,0.558461538461538,0.409160305343511,0.683109118086697,0.0769230769230769,0.613533834586466,0.6156202143951,0.3928035982009,0.411229135053111,0.0706605222734255,0.603945371775417,0.0777604976671851,0.611111111111111,0.0724191063174114,0.598449612403101,0.62111801242236,0.571865443425077,0.568807339449541,0.596273291925466,0.608695652173913,0.403053435114504,0.602760736196319,0.94770206022187,0.073394495412844,0.926717557251908,0.0795795795795796,0.621283255086072,0.0824261275272162,0.935483870967742,0.609831029185868,0.611544461778471,0.0786163522012579,0.980597014925373,0.0809160305343511,0.990697674418605,0.588509316770186,0.0737327188940092,0.983154670750383,0.407692307692308,0.0755007704160247,0.0832049306625578,0.0840978593272171,0.615141955835962,0.962292609351433,0.0748091603053435,0.499227202472952,0.990668740279938,0.57315233785822,0.598200899550225,0.602409638554217,0.0787037037037037,0.0594679186228482,0.0910518053375196,0.0718654434250764,0.0726429675425039,0.981900452488688,0.0834597875569044,0.397572078907436,0.922287390029325,0.605143721633888,0.0776255707762557,0.0832049306625578,0.0726698262243286,0.0720720720720721,0.995426829268293,0.605421686746988,0.0667678300455235,0.0752688172043011,0.0744849445324881,0.0796875,0.0853658536585366,0.084375,0.596946564885496,0.942006269592476,0.0763239875389408,1,0.60882800608828,0.649847094801223,0.0817901234567901,0.523882896764253,0.614649681528662,0.616588419405321,0.0851393188854489,0.969742813918306,0.610606060606061,0.073394495412844,0.0886850152905199,0.565891472868217,0.609756097560976,0.616923076923077,0.614035087719298,0.0726172465960666,0.604068857589984,0.602446483180428,0.664586583463339,0.607692307692308,0.0409090909090909,0.609212481426449,1,0.603100775193798,0.922844175491679,0.0797546012269939,0.995327102803738,0.616459627329193,0.60741885625966,0.608964451313756,0.0797546012269939,0.0657492354740061,0.0789049919484702,0.0792682926829268,0.0829420970266041,0.0815047021943574,0.592417061611374,0.0809160305343511,0.613846153846154,0.600985221674877,0.49618320610687,0.395348837209302,0.081203007518797,0.0791476407914764,0.92156862745098,0.606927710843373,0.964777947932619,0.0762331838565022,0.968992248062015,0.077639751552795,0.0757097791798107,0.606481481481482,0.0775193798449612,0.0779014308426073,0.464342313787639,0.667726550079491,0.0865102639296188,1,0.990551181102362,0.0776255707762557,0.0817610062893082,0.0716463414634146,1,0.929339477726575,0.606656580937973,0.510736196319018,0.608433734939759,0.922374429223744,0.596850393700787,1,0.0771604938271605,0.0816326530612245,0.608169440242057,0.595744680851064,0.84447900466563,0.597809076682316,0.606656580937973,0.612213740458015,0.0808709175738725,0.0805471124620061,0.603421461897356,0.0782865583456425,0.932721712538226,0.0758513931888545,0.864274570982839,0.0809968847352025,0.405819295558959,0.0810810810810811,0.608231707317073,0.612698412698413,0.996946564885496,0.397260273972603,0.0770416024653313,0.0705521472392638,0.291411042944785,0.186305732484076,0.610591900311526,0.610328638497653,0.0801815431164902,0.604395604395604,0.830246913580247,0.604430379746835,0.086053412462908,0.987692307692308,0.0819165378670788,0.0777604976671851,0.608231707317073,0.390551181102362,0.61198738170347,0.0830721003134796,0.0757341576506955,0.614220877458396,0.618320610687023,0.597597597597598,0.218944099378882,0.609717868338558,0.0824261275272162,0.974045801526718,0.0832049306625578,0.0784,0.379310344827586,0.427914110429448,0.595879556259905,0.979876160990712,0.591614906832298,0.0766871165644172,0.0727848101265823,0.62015503875969,0.591679506933744,0.452488687782805,0.0759878419452888,0.617021276595745,0.691603053435115,0.614678899082569,0.104790419161677,0.603715170278638,0.929984779299848,0.621004566210046,0.602391629297459,0.602201257861635,0.610142630744849,0.612275449101796,0.106446776611694,0.0790697674418605,0.619047619047619,0.530448717948718,0.401869158878505,0.849085365853659,0.391935483870968,0.0702028081123245,0.604327666151468,0.931357254290172,0.590909090909091,0.600303951367781,0.713629402756508,0.593114241001565,0.929447852760736,0.593893129770992,0.615987460815047,0.591194968553459,0.605919003115265
"478",1,1,1,1,1,1,0.697347893915757,1,1,0.105180533751962,1,0.0523168908819133,0.808641975308642,1,0.312788906009245,0.317073170731707,0.072289156626506,0.68380062305296,1,1,0.290824261275272,0.315132605304212,1,0.163608562691131,1,0.334355828220859,0.322981366459627,1,1,0.779160186625194,0.319083969465649,0.729446935724963,0.959398496240601,0.317411402157165,0,1,0.548048048048048,1,0.304606240713224,1,0.664615384615385,0.679817905918058,0.694736842105263,1,1,0.324031007751938,0.313455657492355,0.310240963855422,0.329850746268657,0.32396449704142,0,1,0.320839580209895,1,1,0.485362095531587,0.568807339449541,1,1,1,0.329819277108434,0.317972350230415,0.319018404907975,0.680786686838124,1,1,0.0428134556574924,1,0.0646108663729809,0.320474777448071,1,0.319634703196347,0.326594090202177,0.9609375,0.513473053892216,1,0.312965722801788,0.342261904761905,1,0.322274881516588,0.0929133858267717,0.327217125382263,0.328267477203647,1,0.344410876132931,1,1,1,1,0.687782805429864,1,1,0.00151515151515152,0.11144578313253,1,0.0545722713864307,0,1,0.559748427672956,0.67192429022082,1,0.0613496932515337,0.310185185185185,1,0.31832298136646,1,0.68429003021148,1,0.321646341463415,0.325825825825826,0.31859756097561,1,0.327354260089686,1,0.490254872563718,1,0.318731117824773,0.304675716440422,0.32781954887218,0.32348367029549,0.484662576687117,0.998496240601504,0.319758672699849,0.316692667706708,1,0.303759398496241,1,1,0.341013824884793,0.55290611028316,1,0.312217194570136,1,0.0502215657311669,1,0.321428571428571,0.668195718654434,0.330289193302892,0.922374429223744,0.450079239302694,0.109923664122137,0.102446483180428,1,1,0.336377473363775,1,0.320058997050148,1,0.799107142857143,1,0.33125,1,1,1,1,0.333333333333333,1,0.326625386996904,0.262121212121212,1,0.309309309309309,1,0.3,0.0960365853658537,1,0.315870570107858,1,1,1,0.344360902255639,1,0.333846153846154,1,0.311278195488722,1,0.318529862174579,0.0871559633027523,1,0.636505460218409,1,1,0.314152410575428,1,1,1,1,0.32572298325723,0.310810810810811,1,0.998468606431853,0.31981981981982,0.304212168486739,1,0.449010654490107,0.669161676646707,0,0.324925816023739,0.666160849772382,1,0.325373134328358,1,0.998509687034277,1,0.318250377073906,0.31981981981982,0.331768388106416,1,1,1,0,1,0.307453416149068,0.968036529680365,0.326120556414219,0.314900153609831,0.766975308641975,1,1,1,1,1,0.0535168195718654,0.322033898305085,0.321533923303835,1,0.676691729323308,1,1,0.998461538461539,0.998487140695915,1,1,0.00453857791225416,0.332833583208396,1,0.312693498452012,1,0.305597579425113,1,1,1,1,1,0.329249617151608,1,0.499236641221374,0.331818181818182,0.333333333333333,0.315301391035549,0.32262996941896,0.338461538461538,0.434049079754601,0.337404580152672,0.317557251908397,0.311844077961019,1,0.33030303030303,1,0.679049034175334,0.321100917431193,0.32383808095952,0.339035769828927,1,1,1,0.267884322678843,0.308396946564885,1,0.327217125382263,0.328828828828829,0.322981366459627,0.323397913561848,0.680555555555556,1,0.323008849557522,0.32093023255814,1,0.3,1,0.320300751879699,0.312977099236641,1,1,1,0.537519142419602,1,0.68133535660091,0.0933333333333333,0.322822822822823,1,1,0.103759398496241,0.319277108433735,0.327692307692308,1,1,0.298192771084337,0.0287443267776097,0.00310077519379845,1,1,0.343239227340267,0.998491704374057,1,0.319758672699849,1,1,0.320668693009119,1,1,1,1,0.332317073170732,0.310192023633678,0.328616352201258,1,1,0.671171171171171,0.319571865443425,1,0.329323308270677,0.302891933028919,1,1,0.998477929984779,1,1,0.329770992366412,1,1,0.114728682170543,0.342814371257485,0.503039513677812,0.30829420970266,0.669254658385093,0.318862275449102,1,0.319314641744548,0.334848484848485,0.267164179104478,0.331851851851852,1,0.329850746268657,1,1,1,0.316998468606432,0.324404761904762,0.998482549317147,0.917701863354037,0.0715396578538103,1,0.3202416918429,0.330218068535826,0.311349693251534,1,0.331825037707391,0.48,0.331297709923664,0.308868501529052,0.317034700315457,0.31839258114374,1,0.32398753894081,1,1,0,1,0.320610687022901,1,1,1,0.3328173374613,1,0.315467075038285,1,0.822727272727273,1,1,1,0.320182094081942,1,1,0.316265060240964,0.317073170731707,1,1,0.312874251497006,0.194902548725637,1,0.998493975903614,1,0,0.313572542901716,1,0.313935681470138,0.252713178294574,1,0.673252279635258,0.431547619047619,1,1,0.678885630498534,0.69969512195122,0.347222222222222,1,0.319758672699849,1,1,0.332824427480916,1,0.9984375,0.00923076923076923,0.326717557251908,1,1,0.320610687022901,1,1,0.304416403785489,0.343373493975904,1,1,1,0.528158295281583,0.311844077961019,0.34715821812596,0.318248175182482,0.336391437308869,0.684451219512195,0.321804511278195,0.330316742081448,0.323795180722892,0.248097412480974,0.324574961360124,1,0.324850299401198,0.998444790046656,0.322727272727273,0.0911764705882353,0.0561456752655539,1,1,0.047040971168437,1,0.681681681681682,0.0499243570347958,0.0137614678899083,1,0.675799086757991,1,1,0.555900621118012,1,0,0.0826833073322933,1,1,1,0.325545171339564,0.648093841642229,0.685805422647528,0.992469879518072,1,0.981679389312977,0.308734939759036,0.343032159264931,1,0.30568356374808,1,0.365853658536585,0.111801242236025,0.305936073059361,0.33134328358209,0.334405144694534,1,0.0857988165680473,1,1,1,0.265460030165913,0.327692307692308,1,0.326186830015314,1,1,0.310240963855422,1,0.325925925925926,1,0.319018404907975,0.321156773211568,1,0.673405909797823,0.315169366715758,1,0.311926605504587,0.75642965204236,0.318518518518519,0.167420814479638,0.318862275449102,0.766412213740458,0.316358024691358,1,0.327743902439024,0.341463414634146,0.293494704992436,1,1,1,0.963607594936709,0.344827586206897,1,0.323529411764706,1,0.320574162679426,0.317037037037037,1,1,1,0.909365558912387,1,0.315555555555556,0.324324324324324,1,1,0.0559006211180124,0.0868217054263566,1,1,0.306376360808709,1,1,0.32258064516129,1,1,0.677862595419847,0.538575667655786,1,0,1,1,0.105105105105105,0.328267477203647,1,0.323216995447648,0.998463901689708,0.956989247311828,0.998470948012232,0.81447963800905,1,0.331761006289308,1,1,1,0,0.312202852614897,1,1,0.667682926829268,1,0.314199395770393,0.358547655068079,0.322239031770045,1,1,1,0.101796407185629,0.321538461538462,0.10062893081761,0.998468606431853,0.31969696969697,0.310240963855422,0.35660091047041,0,1,0.949924127465857,1,1,0.329211746522411,0.306332842415317,0.172043010752688,0.0476190476190476,0.325652841781874,0.315396113602392,0.331352154531946,0.0015625,0.320726172465961,1,0,0.318731117824773,1,1,1,0.323795180722892,0.31892697466468,0.0428571428571429,1,0.316436251920123,0.308955223880597,1,1,0.322727272727273,0.699685534591195,1,1,0.6828125,1,0.306184012066365,1,0.319634703196347,0.536731634182909,0.666666666666667,0.41839762611276,1,0.306306306306306,0.31570996978852,0.680241327300151,0.667166416791604,1,0.327300150829563,1,0.323922734026746,1,0.318461538461538,0.320610687022901,0.349693251533742,0.534039334341906,0.318252730109204,0.317972350230415,0.668702290076336,0.315789473684211,0.152276295133438,1,0,1,0.307098765432099,1,0,0.323574730354391,0.322981366459627,1,0.0636094674556213,1,0.093558282208589,0.33695652173913,1,0.0748502994011976,0.670245398773006,1,1,1,0.309148264984227,0.0466165413533835,1,0.428571428571429,0.100931677018634,0.356287425149701,0.327272727272727,0.329359165424739,1,1,1,1,1,0.0725925925925926,0.995481927710843,0.689127105666156,0.0043731778425656,0.326283987915408,1,1,1,1,0.0932330827067669,0.316265060240964,1,1,1,1,1,1,0.488822652757079,0.00157232704402516,1,0.091044776119403,0.331818181818182,0.439393939393939,1,0.392248062015504,0.306962025316456,0.313935681470138,1,0.0472560975609756,0.320726172465961,1,1,0.37173579109063,0.310810810810811,0.323216995447648,0.325077399380805,0.998500749625187,0.330246913580247,0.319277108433735,0.421538461538462,0.318952234206472,0.96996996996997,0.313813813813814,0.0930232558139535,0.328725038402458,0,1,0.098613251155624,0.312597200622084,0.321156773211568,0.325617283950617,1,1,1,1,1,1,0.336405529953917,1,0.314984709480122,0.319218241042345,0.620845921450151,0.679012345679012,1,1,0,0.315946348733234,0.123475609756098,0.998525073746313,0.043343653250774,1,1,0.315301391035549,1,1,0.646058732612056,0.424290220820189,0.995620437956204,0.0903426791277259,0.103715170278638,1,1,1,0.0983358547655068,0,0.316890881913303,0.42042042042042,0.322916666666667,0,0.325264750378215,0.0964230171073095,1,1,0.321321321321321,0.319148936170213,0.248475609756098,0.337423312883436,0.312874251497006,0.327217125382263,1,1,0.327666151468315,1,0,1,0.23374613003096,1,0.672727272727273,1,0.313364055299539,0.306976744186047,0.0853658536585366,0.675757575757576,1,1,0.792626728110599,0.90894819466248,0.317411402157165,0.321928460342146,1,0.32572298325723,0.26646248085758,0.331768388106416,1,0.109230769230769,1,1,0.320493066255778,0.683076923076923,0.310769230769231,1,1,0.312121212121212,0.304804804804805,0.318796992481203,0.863141524105754,0.320552147239264,1,0.0640243902439024,1,1,0.698365527488856,0.649769585253456,0.322327044025157,0.0636363636363636,0.332826747720365,1,1,0.307458143074581,0.332824427480916,0.626307922272048,1,0.321375186846039,0.388888888888889,0.311649016641452,0.985007496251874,0.478658536585366,0.0045045045045045,0.308623298033283,0.326894502228826,0.333333333333333,0.320433436532508,0.318777292576419,0.96996996996997,1,0.319213313161876,0.547021943573668,0.67741935483871,0.246951219512195,0.68,1,0.32312404287902,0,0.329787234042553,0.315629742033384,0.373873873873874,0.319508448540707,0,0.336363636363636,0.31832298136646,0.323076923076923,0.318112633181126
"479",1,1,1,1,1,1,0.70655737704918,1,1,0.0904605263157895,1,0.0461049284578696,0.813915857605178,1,0.303225806451613,0.290996784565916,0.0609951845906902,0.692176870748299,1,1,0.285251215559157,0.308186195826645,1,0.154952076677316,1,0.315619967793881,0.31438127090301,1,1,0.783828382838284,0.306581059390048,0.731942215088282,0.956591639871383,0.311004784688995,0,1,0.540584415584416,1,0.29635499207607,1,0.669381107491857,0.684126984126984,0.6890625,1,1,0.312913907284768,0.310344827586207,0.296238244514107,0.327974276527331,0.320574162679426,0,1,0.312,1,1,0.489256198347107,0.559349593495935,1,1,1,0.318770226537217,0.318627450980392,0.303921568627451,0.691680261011419,1,1,0.0339805825242718,1,0.0537974683544304,0.31687898089172,1,0.317307692307692,0.316831683168317,0.960330578512397,0.511182108626198,1,0.297939778129952,0.330173775671406,1,0.31438127090301,0.0827814569536424,0.329032258064516,0.318181818181818,1,0.331210191082803,1,1,1,1,0.701277955271565,1,1,0,0.100813008130081,1,0.0458860759493671,0,1,0.562604340567613,0.682410423452769,1,0.0487804878048781,0.303858520900322,1,0.318255250403877,1,0.692307692307692,1,0.315960912052117,0.308681672025723,0.311501597444089,1,0.317152103559871,1,0.485623003194888,1,0.29903536977492,0.294585987261146,0.31687898089172,0.317434210526316,0.477491961414791,0.998373983739837,0.31496062992126,0.31404958677686,1,0.30016051364366,1,1,0.317965023847377,0.537974683544304,1,0.305691056910569,1,0.0416666666666667,1,0.311912225705329,0.675282714054927,0.326298701298701,0.933333333333333,0.417376490630324,0.0975609756097561,0.0864600326264274,1,1,0.325769854132901,1,0.311216429699842,1,0.804140127388535,1,0.318481848184819,1,1,1,1,0.32626427406199,1,0.317512274959083,0.240770465489567,1,0.307814992025518,1,0.298217179902755,0.0861788617886179,1,0.304418985270049,1,1,1,0.338118022328549,1,0.320907617504052,1,0.3072,1,0.307073954983923,0.0754414125200642,1,0.642016806722689,1,1,0.311258278145695,1,1,1,1,0.317535545023697,0.307692307692308,1,0.99837925445705,0.315541601255887,0.298679867986799,1,0.442088091353997,0.675384615384615,0,0.319286871961102,0.670988654781199,1,0.313880126182965,1,0.998405103668262,1,0.308441558441558,0.321144674085851,0.318481848184819,1,1,1,0,1,0.304560260586319,0.971383147853736,0.316476345840131,0.301948051948052,0.749603803486529,1,1,1,1,1,0.0453074433656958,0.31023102310231,0.316129032258064,1,0.677884615384615,1,1,0.99836867862969,0.9984,1,1,0.00161550888529887,0.3125,1,0.306946688206785,1,0.290584415584416,1,1,1,1,1,0.319805194805195,1,0.521172638436482,0.31973898858075,0.320967741935484,0.306930693069307,0.3125,0.318255250403877,0.412828947368421,0.325769854132901,0.308426073131955,0.308702791461412,1,0.317073170731707,1,0.690625,0.304065040650407,0.306089743589744,0.32520325203252,1,1,1,0.245192307692308,0.308306709265176,1,0.3125,0.322274881516588,0.309178743961353,0.310679611650485,0.686178861788618,1,0.315705128205128,0.320197044334975,1,0.305,1,0.303599374021909,0.305555555555556,1,1,1,0.550161812297735,1,0.690590111642743,0.078125,0.304276315789474,1,1,0.0907617504051864,0.312,0.320846905537459,1,1,0.306962025316456,0.0226171243941842,0.00163934426229508,1,1,0.325396825396825,0.998363338788871,1,0.311004784688995,1,1,0.311793214862682,1,1,1,1,0.316045380875203,0.305511811023622,0.32013201320132,1,1,0.679365079365079,0.312803889789303,1,0.307692307692308,0.302100161550889,1,1,0.998430141287284,1,1,0.322475570032573,1,1,0.107563025210084,0.323248407643312,0.482758620689655,0.298045602605863,0.675941080196399,0.317384370015949,1,0.312803889789303,0.326229508196721,0.244019138755981,0.313694267515924,1,0.318611987381703,1,1,1,0.302439024390244,0.311501597444089,0.998389694041868,0.926910299003322,0.0574712643678161,1,0.306818181818182,0.317355371900826,0.302134646962233,1,0.318252730109204,0.469820554649266,0.32,0.306818181818182,0.30655737704918,0.290909090909091,1,0.313114754098361,1,1,0,1,0.308681672025723,1,1,1,0.323624595469256,1,0.307317073170732,1,0.839546191247974,1,1,1,0.308441558441558,1,1,0.300970873786408,0.310457516339869,1,1,0.312,0.186813186813187,1,0.998420221169036,1,0,0.315447154471545,1,0.305331179321486,0.236245954692557,1,0.681672025723473,0.433870967741936,1,1,0.6875,0.708943089430894,0.337115072933549,1,0.306581059390048,1,1,0.323671497584541,1,0.998387096774194,0.00482315112540193,0.325281803542673,1,1,0.317880794701987,1,1,0.29635761589404,0.320574162679426,1,1,1,0.53525641025641,0.296950240770466,0.331715210355987,0.315541601255887,0.326797385620915,0.701639344262295,0.314785373608903,0.319148936170213,0.314375987361769,0.23462783171521,0.310855263157895,1,0.320574162679426,0.998371335504886,0.307568438003221,0.0736677115987461,0.0462519936204147,1,1,0.0405186385737439,1,0.689381933438986,0.0416666666666667,0.00821018062397373,1,0.689710610932476,1,1,0.526916802610114,1,0,0.0714285714285714,1,1,1,0.312399355877617,0.646697388632873,0.697478991596639,0.995176848874598,1,0.982142857142857,0.294498381877023,0.327390599675851,1,0.303630363036304,1,0.361873990306947,0.0973597359735974,0.309178743961353,0.310344827586207,0.335051546391753,1,0.0715421303656598,1,1,1,0.251993620414673,0.313821138211382,1,0.317152103559871,1,1,0.307817589576547,1,0.315789473684211,1,0.301639344262295,0.314424635332253,1,0.687702265372168,0.304552590266876,1,0.302479338842975,0.762903225806452,0.309707241910632,0.159305993690852,0.315625,0.775641025641026,0.310344827586207,1,0.316993464052288,0.327390599675851,0.289348171701113,1,1,1,0.964882943143813,0.323232323232323,1,0.321548821548822,1,0.317647058823529,0.313195548489666,1,1,1,0.923948220064725,1,0.2976,0.307936507936508,1,1,0.0474631751227496,0.0704918032786885,1,1,0.308823529411765,1,1,0.305466237942122,1,1,0.688995215311005,0.536776212832551,1,0,1,1,0.0949367088607595,0.318181818181818,1,0.320450885668277,0.998384491114701,0.963993453355156,0.998355263157895,0.821484992101106,1,0.327759197324415,1,1,1,0,0.309644670050761,1,1,0.677577741407529,1,0.313821138211382,0.352180936995153,0.309294871794872,1,1,1,0.0907668231611894,0.314754098360656,0.0798668885191348,0.998357963875205,0.305246422893482,0.306349206349206,0.353503184713376,0,1,0.954765751211632,1,1,0.316831683168317,0.300157977883096,0.14975845410628,0.039344262295082,0.319047619047619,0.303225806451613,0.313694267515924,0,0.304065040650407,1,0,0.311501597444089,1,1,1,0.310015898251192,0.318541996830428,0.0403361344537815,1,0.311793214862682,0.303514376996805,1,1,0.315286624203822,0.693843594009983,1,1,0.694888178913738,1,0.304140127388535,1,0.316211878009631,0.534375,0.6784,0.397849462365591,1,0.298245614035088,0.305691056910569,0.682539682539683,0.670967741935484,1,0.311897106109325,1,0.313880126182965,1,0.307941653160454,0.305555555555556,0.351524879614767,0.496794871794872,0.310344827586207,0.298507462686567,0.671009771986971,0.310289389067524,0.145973154362416,1,0,1,0.284090909090909,1,0,0.321428571428571,0.308943089430894,1,0.0513219284603421,1,0.0813008130081301,0.331707317073171,1,0.0606060606060606,0.675850891410049,1,1,1,0.304777594728171,0.0394321766561514,1,0.423452768729642,0.0907590759075908,0.352201257861635,0.317891373801917,0.319047619047619,1,1,1,1,1,0.0584518167456556,0.995283018867924,0.691318327974277,0.0015600624024961,0.318037974683544,1,1,1,1,0.0797448165869219,0.3024,1,1,1,1,1,1,0.483306836248013,0,1,0.0758064516129032,0.3168,0.417335473515249,1,0.38628762541806,0.307823129251701,0.306089743589744,1,0.0386473429951691,0.314285714285714,1,1,0.371941272430669,0.301282051282051,0.303030303030303,0.316749585406302,0.998402555910543,0.317230273752013,0.312302839116719,0.399014778325123,0.313628899835796,0.96984126984127,0.308426073131955,0.0727580372250423,0.317589576547231,0,1,0.0801963993453355,0.30114566284779,0.307941653160454,0.309791332263242,1,1,1,1,1,1,0.332781456953642,1,0.309061488673139,0.305699481865285,0.592592592592593,0.682487725040916,1,1,0,0.310832025117739,0.114886731391586,0.998422712933754,0.0350877192982456,1,1,0.311148086522463,1,1,0.616144975288303,0.402684563758389,0.995412844036697,0.0754098360655738,0.0894308943089431,1,1,1,0.0785597381342062,0,0.315533980582524,0.42483660130719,0.312401883830455,0,0.315112540192926,0.0804597701149425,1,1,0.310015898251192,0.308426073131955,0.233226837060703,0.327272727272727,0.306349206349206,0.31687898089172,1,1,0.323432343234323,1,0,1,0.206896551724138,1,0.685805422647528,1,0.3024,0.294314381270903,0.0736,0.678456591639871,1,1,0.790064102564103,0.898477157360406,0.314662273476112,0.305921052631579,1,0.308441558441558,0.239669421487603,0.309719934102142,1,0.0950080515297907,1,1,0.306188925081433,0.691056910569106,0.304065040650407,1,1,0.290996784565916,0.295269168026101,0.310679611650485,0.846153846153846,0.306930693069307,1,0.0529695024077047,1,1,0.694888178913738,0.65359477124183,0.313953488372093,0.0583468395461912,0.315091210613599,1,1,0.296900489396411,0.32258064516129,0.620634920634921,1,0.31055900621118,0.356120826709062,0.306451612903226,0.984126984126984,0.464285714285714,0.00323624595469256,0.304487179487179,0.320754716981132,0.324013157894737,0.303130148270181,0.310126582278481,0.971383147853736,1,0.310457516339869,0.551782682512733,0.693311582381729,0.225283630470016,0.688552188552189,1,0.319805194805195,0.00318979266347687,0.316558441558442,0.314935064935065,0.3536,0.311688311688312,0,0.326923076923077,0.313014827018122,0.319672131147541,0.303921568627451
"480",1,1,1,1,1,1,0.707006369426752,1,1,0.0982286634460548,1,0.0453125,0.820919175911252,1,0.318611987381703,0.30757341576507,0.0622083981337481,0.690048939641109,1,1,0.288611544461778,0.302839116719243,1,0.155864197530864,1,0.326086956521739,0.3152,1,1,0.801574803149606,0.310291858678955,0.730829420970266,0.962732919254658,0.308777429467085,0,1,0.532710280373832,1,0.293051359516616,1,0.665639445300462,0.687010954616588,0.696594427244582,1,1,0.315873015873016,0.312893081761006,0.306027820710974,0.324534161490683,0.326120556414219,0,1,0.305900621118012,1,1,0.503154574132492,0.555023923444976,1,1,1,0.326120556414219,0.311811023622047,0.312202852614897,0.687797147385103,1,1,0.0381558028616852,1,0.060882800608828,0.316998468606432,1,0.314375987361769,0.3248,0.971337579617834,0.513846153846154,1,0.30521472392638,0.334360554699538,1,0.312,0.092948717948718,0.315873015873016,0.314375987361769,1,0.339622641509434,1,1,1,1,0.696124031007752,1,1,0.00153846153846154,0.10752688172043,1,0.0490045941807044,0,1,0.562700964630225,0.682692307692308,1,0.0551181102362205,0.302507836990596,1,0.304552590266876,1,0.683962264150943,1,0.303405572755418,0.312401883830455,0.31839258114374,1,0.321928460342146,1,0.484162895927602,1,0.310832025117739,0.290571870170015,0.31651376146789,0.312597200622084,0.475743348982786,1,0.321538461538462,0.308186195826645,1,0.299382716049383,1,1,0.323854660347551,0.542813455657492,1,0.307692307692308,1,0.0434131736526946,1,0.307453416149068,0.678571428571429,0.319685039370079,0.930926216640502,0.424878836833603,0.103610675039246,0.0981012658227848,1,1,0.321766561514196,1,0.319634703196347,1,0.805255023183926,1,0.31687898089172,1,1,1,1,0.32182103610675,1,0.313694267515924,0.251177394034537,1,0.305772230889236,1,0.299382716049383,0.0857142857142857,1,0.310618066561014,1,1,1,0.328173374613003,1,0.318979266347687,1,0.296998420221169,1,0.315873015873016,0.0764430577223089,1,0.640394088669951,1,1,0.307692307692308,1,1,1,1,0.318611987381703,0.301242236024845,1,1,0.312401883830455,0.299050632911392,1,0.449297971918877,0.667678300455235,0,0.313479623824451,0.678683385579937,1,0.315301391035549,1,1,1,0.309748427672956,0.314984709480122,0.322683706070288,1,1,1,0,1,0.302839116719243,0.973643410852713,0.318471337579618,0.306501547987616,0.736517719568567,1,1,1,1,1,0.0449612403100775,0.316037735849057,0.318471337579618,1,0.6890625,1,1,0.998422712933754,1,1,1,0.00460829493087558,0.311827956989247,1,0.314285714285714,1,0.2921875,1,1,1,1,1,0.317610062893082,1,0.513470681458003,0.323899371069182,0.325,0.315955766192733,0.320695102685624,0.324451410658307,0.413629160063391,0.325508607198748,0.314873417721519,0.304821150855365,1,0.314152410575428,1,0.689335394126739,0.311912225705329,0.307926829268293,0.333333333333333,1,1,1,0.252730109204368,0.305772230889236,1,0.307324840764331,0.326153846153846,0.308176100628931,0.315217391304348,0.693396226415094,1,0.321372854914197,0.306477093206951,1,0.298245614035088,1,0.30564263322884,0.302034428794992,1,1,1,0.5359375,1,0.694704049844237,0.081203007518797,0.310725552050473,1,1,0.0965732087227414,0.317073170731707,0.322006472491909,1,1,0.301710730948678,0.0251968503937008,0.00317965023847377,1,1,0.328767123287671,0.998454404945904,1,0.308892355694228,1,1,0.317829457364341,1,1,1,1,0.322222222222222,0.306525037936267,0.3296,1,1,0.673813169984686,0.316614420062696,1,0.316358024691358,0.295774647887324,1,1,1,1,1,0.320754716981132,1,1,0.114285714285714,0.325617283950617,0.498442367601246,0.305246422893482,0.675548589341693,0.311077389984825,1,0.308544303797468,0.327613104524181,0.244961240310078,0.319018404907975,1,0.319634703196347,1,1,1,0.307814992025518,0.321100917431193,1,0.924193548387097,0.0647709320695103,1,0.309262166405024,0.31637519872814,0.301435406698565,1,0.321483771251932,0.462732919254658,0.31832298136646,0.299373040752351,0.318840579710145,0.300787401574803,1,0.323809523809524,1,1,0,1,0.314553990610329,1,1,1,0.324409448818898,1,0.308186195826645,1,0.837837837837838,1,1,1,0.310769230769231,1,1,0.307332293291732,0.306376360808709,1,1,0.304953560371517,0.18361153262519,1,1,1,0,0.3078125,1,0.30503144654088,0.240566037735849,1,0.678627145085803,0.436447166921899,1,1,0.673716012084592,0.709627329192547,0.339652448657188,1,0.318181818181818,1,1,0.329635499207607,1,1,0.00782472613458529,0.324881141045959,1,1,0.313195548489666,1,1,0.302694136291601,0.337386018237082,1,1,1,0.530326594090202,0.3078125,0.347417840375587,0.314589665653495,0.332810047095761,0.691455696202532,0.318952234206472,0.320813771517997,0.312404287901991,0.233644859813084,0.317817014446228,1,0.313935681470138,1,0.313084112149533,0.0834597875569044,0.0506134969325153,1,1,0.0422535211267606,1,0.693129770992366,0.043613707165109,0.0125391849529781,1,0.688473520249221,1,1,0.536277602523659,1,0,0.0726978998384491,1,1,1,0.3184,0.64540059347181,0.686688311688312,0.993865030674847,1,0.982945736434109,0.305295950155763,0.330188679245283,1,0.303599374021909,1,0.370542635658915,0.107544141252006,0.303738317757009,0.316998468606432,0.327242524916944,1,0.08,1,1,1,0.256488549618321,0.320126782884311,1,0.313001605136437,1,1,0.309486780715397,1,0.320359281437126,1,0.296411856474259,0.31496062992126,1,0.685624012638231,0.311550151975684,1,0.3072,0.772585669781931,0.304147465437788,0.157894736842105,0.318385650224215,0.776911076443058,0.305732484076433,1,0.324534161490683,0.332302936630603,0.299236641221374,1,1,1,0.965798045602606,0.332242225859247,1,0.320512820512821,1,0.311688311688312,0.309451219512195,1,1,1,0.918876755070203,1,0.304281345565749,0.311827956989247,1,1,0.0483091787439614,0.0800627943485086,1,1,0.2984375,1,1,0.313694267515924,1,1,0.682888540031397,0.521341463414634,1,0,1,1,0.0996932515337423,0.312893081761006,1,0.320695102685624,1,0.962558502340094,1,0.831775700934579,1,0.326923076923077,1,1,1,0,0.30655737704918,1,1,0.678683385579937,1,0.3140625,0.364632237871674,0.317683881064163,1,1,1,0.0903522205206738,0.320574162679426,0.0885668276972625,1,0.304552590266876,0.30568356374808,0.352574102964119,0,1,0.953488372093023,1,1,0.320126782884311,0.299079754601227,0.158805031446541,0.0440251572327044,0.321483771251932,0.304897314375987,0.32093023255814,0.00158478605388273,0.309748427672956,1,0,0.31039755351682,1,1,1,0.319444444444444,0.312883435582822,0.0374592833876222,1,0.307086614173228,0.305900621118012,1,1,0.314465408805031,0.698872785829308,1,1,0.697305863708399,1,0.30640243902439,1,0.306349206349206,0.522205206738132,0.672868217054264,0.40273556231003,1,0.294117647058824,0.307931570762053,0.684458398744113,0.670196671709531,1,0.321981424148607,1,0.325688073394495,1,0.311811023622047,0.304897314375987,0.351014040561622,0.520440251572327,0.315286624203822,0.301435406698565,0.669316375198728,0.313479623824451,0.14951768488746,1,0,1,0.2928,1,0,0.319685039370079,0.310177705977383,1,0.0586466165413534,1,0.0906200317965024,0.3424,1,0.0641627543035994,0.672333848531685,1,1,1,0.305958132045089,0.043343653250774,1,0.438184663536776,0.0926517571884984,0.349618320610687,0.321928460342146,0.320373250388802,1,1,1,1,1,0.0625954198473282,0.996870109546166,0.689335394126739,0.00458015267175573,0.318252730109204,1,1,1,1,0.089922480620155,0.30521472392638,1,1,1,1,1,1,0.476043276661515,0.00158478605388273,1,0.0820433436532508,0.32018927444795,0.430379746835443,1,0.3952,0.311688311688312,0.306729264475743,1,0.0392464678178964,0.307458143074581,1,1,0.37007874015748,0.302003081664099,0.306603773584906,0.314194577352472,1,0.315541601255887,0.312307692307692,0.427215189873418,0.310452418096724,0.971653543307087,0.310030395136778,0.0871632329635499,0.321259842519685,0,1,0.0900473933649289,0.302547770700637,0.32120253164557,0.305863708399366,1,1,1,1,1,1,0.335443037974684,1,0.3171875,0.311774461028192,0.6,0.683544303797468,1,1,0,0.312111801242236,0.120743034055728,1,0.0342679127725857,1,1,0.317230273752013,1,1,0.6144,0.416666666666667,0.997001499250375,0.078525641025641,0.100158982511924,1,1,1,0.089622641509434,0,0.320433436532508,0.419152276295133,0.306990881458967,0,0.320695102685624,0.0883280757097792,1,1,0.316846986089645,0.316770186335404,0.2328125,0.338632750397456,0.308166409861325,0.310725552050473,1,1,0.321144674085851,1,0,1,0.21993670886076,1,0.683307332293292,1,0.313385826771654,0.303858520900322,0.0754716981132075,0.68380062305296,1,1,0.787878787878788,0.888709677419355,0.311708860759494,0.314785373608903,1,0.312893081761006,0.251582278481013,0.307941653160454,1,0.106976744186047,1,1,0.312302839116719,0.686688311688312,0.307570977917981,1,1,0.303680981595092,0.300955414012739,0.314814814814815,0.851097178683386,0.314102564102564,1,0.0563165905631659,1,1,0.705246913580247,0.646322378716745,0.3125,0.0516431924882629,0.317034700315457,1,1,0.296124031007752,0.325434439178515,0.615501519756839,1,0.303543913713405,0.370942812982998,0.306501547987616,0.984615384615385,0.471428571428571,0.00465116279069767,0.304953560371517,0.323076923076923,0.320063694267516,0.309178743961353,0.316187594553706,0.972477064220184,1,0.31104199066874,0.545016077170418,0.6912,0.235202492211838,0.691803278688525,1,0.315457413249211,0.00316957210776545,0.328660436137072,0.310452418096724,0.371913580246914,0.316455696202532,0,0.327131782945736,0.31629392971246,0.323763955342903,0.309707241910632
"481",0.2625,0.256172839506173,0.263399693721286,0.247261345852895,0.25531914893617,0.266362252663623,0.547770700636943,0.261205564142195,0.270353302611367,0.847723704866562,0.266362252663623,0.800925925925926,0.0804953560371517,0.250388802488336,0.422776911076443,0.429007633587786,0.820552147239264,0.575757575757576,0.267496111975117,0.257575757575758,0.43531202435312,0.427018633540373,0.264525993883792,0.918335901386749,0.277439024390244,0.410958904109589,0.421135646687697,0.26530612244898,0.268365817091454,0.137223974763407,0.442073170731707,0.121538461538462,0.222052067381317,0.429230769230769,0.74922600619195,0.259319286871961,0.721109399075501,0.248097412480974,0.428785607196402,0.264880952380952,0.594427244582043,0.573846153846154,0.587183308494784,0.241324921135647,0.246130030959752,0.422955974842767,0.424615384615385,0.419062027231467,0.415267175572519,0.420574886535552,0.742424242424242,0.255485893416928,0.426605504587156,0.2557781201849,0.262996941896024,0.236306729264476,0.706708268330733,0.252713178294574,0.271493212669683,0.264296754250386,0.411764705882353,0.422187981510015,0.431643625192012,0.598449612403101,0.261980830670927,0.273716951788491,0.787037037037037,0.25585023400936,0.819969742813918,0.407350689127106,0.261724659606657,0.412037037037037,0.411111111111111,0.296062992125984,0.757207890743551,0.264264264264264,0.42406015037594,0.404545454545455,0.254872563718141,0.419047619047619,0.849206349206349,0.418604651162791,0.412576687116564,0.269113149847095,0.4,0.261261261261261,0.271450858034321,0.256211180124224,0.251170046801872,0.567732115677321,0.257410296411856,0.251506024096386,0.743511450381679,0.858678955453149,0.253499222395023,0.796992481203007,0.74922600619195,0.258461538461538,0.717703349282297,0.5875,0.263076923076923,0.816358024691358,0.439628482972136,0.266457680250784,0.414976599063963,0.269470404984424,0.588325652841782,0.261467889908257,0.418320610687023,0.416024653312789,0.408037094281298,0.268996960486322,0.410958904109589,0.245022970903522,0.794871794871795,0.263079222720478,0.416796267496112,0.975794251134644,0.407350689127106,0.417054263565891,0.801232665639445,0.252307692307692,0.42089552238806,0.415094339622642,0.25226586102719,0.437308868501529,0.251479289940828,0.262443438914027,0.949479940564636,0.65321375186846,0.251177394034537,0.426356589147287,0.257410296411856,0.788690476190476,0.245192307692308,0.420333839150228,0.599393019726859,0.417177914110429,0.190769230769231,0.559429477020602,0.854517611026034,0.852760736196319,0.26791277258567,0.257911392405063,0.418070444104135,0.263636363636364,0.417287630402384,0.266975308641975,0.0902140672782875,0.26355421686747,0.42472266244057,0.258114374034003,0.258566978193146,0.258215962441315,0.252336448598131,0.396604938271605,0.261136712749616,0.411580594679186,0.990922844175492,0.255351681957187,0.430321592649311,0.26395173453997,0.436923076923077,0.834633385335413,0.253918495297806,0.419656786271451,0.269113149847095,0.272036474164134,0.258064516129032,0.400914634146341,0.263399693721286,0.417956656346749,0.253869969040248,0.416417910447761,0.253164556962025,0.406542056074766,0.835098335854766,0.266153846153846,0.629513343799058,0.254263565891473,0.264036418816388,0.421216848673947,0.255742725880551,0.261068702290076,0.261538461538462,0.256134969325153,0.427469135802469,0.424471299093656,0.258320126782884,0.25194401244168,0.411674347158218,0.444617784711388,0.252279635258359,0.81055900621118,0.591654247391952,0.73159509202454,0.410060975609756,0.592823712948518,0.258751902587519,0.417047184170472,0.263074484944533,0.26497005988024,0.256923076923077,0.42967542503864,0.431818181818182,0.416139240506329,0.256371814092954,0.262830482115086,0.260736196319018,0.759316770186335,0.263482280431433,0.428794992175274,0.24079754601227,0.41358024691358,0.413373860182371,0.517611026033691,0.252747252747253,0.257142857142857,0.258805513016845,0.267477203647416,0.260663507109005,0.787365177195686,0.415007656967841,0.422492401215805,0.263719512195122,0.583206106870229,0.248502994011976,0.261976047904192,0.271604938271605,0.258409785932722,0.268217054263566,0.255255255255255,0.736600306278714,0.957575757575758,0.274809160305344,0.422291993720565,0.255886970172684,0.423493044822257,0.254237288135593,0.251543209876543,0.253477588871716,0.244582043343653,0.259493670886076,0.393893129770992,0.267175572519084,0.213953488372093,0.40405616224649,0.413010590015129,0.421553090332805,0.41304347826087,0.415503875968992,0.535714285714286,0.410334346504559,0.415902140672783,0.411944869831547,0.279635258358663,0.402476780185758,0.259677419354839,0.576751117734724,0.411402157164869,0.96996996996997,0.422360248447205,0.26625386996904,0.243865030674847,0.262917933130699,1,0.437978560490046,0.251533742331288,0.414976599063963,0.414156626506024,0.411580594679186,0.420333839150228,0.5790273556231,0.253086419753086,0.419062027231467,0.418096723868955,0.258461538461538,0.433333333333333,0.264661654135338,0.421052631578947,0.428348909657321,0.248847926267281,0.253543307086614,0.267175572519084,0.734254992319508,0.245341614906832,0.584615384615385,0.842261904761905,0.409160305343511,0.265648854961832,0.250793650793651,0.847560975609756,0.410958904109589,0.419152276295133,0.25705329153605,0.261682242990654,0.428571428571429,0.762633996937213,0.743348982785602,0.264525993883792,0.258730158730159,0.414523449319213,0.262422360248447,0.266272189349112,0.419939577039275,0.264385692068429,0.27217125382263,0.414893617021277,0.2703125,0.260530421216849,0.261398176291793,0.249619482496195,0.413953488372093,0.43134328358209,0.422955974842767,0.263482280431433,0.271317829457364,0.58599695585997,0.420970266040689,0.25511811023622,0.429003021148036,0.430340557275542,0.259426847662142,0.251885369532428,0.261136712749616,0.261941448382126,0.257575757575758,0.425499231950845,0.252713178294574,0.274658573596358,0.856474258970359,0.41969696969697,0.577223088923557,0.432348367029549,0.575342465753425,0.422727272727273,0.262839879154079,0.4296875,0.416024653312789,1,0.41743119266055,0.269470404984424,0.429429429429429,0.261275272161742,0.262751159196291,0.262518968133536,0.433697347893916,0.425787106446777,0.259938837920489,0.17329093799682,0.812403100775194,0.268217054263566,0.411042944785276,0.410742496050553,0.42015503875969,0.258513931888545,0.413897280966767,0.807633587786259,0.418960244648318,0.420807453416149,0.417582417582418,0.422118380062305,0.258308157099698,0.423861852433281,0.254838709677419,0.261609907120743,0.74884437596302,0.268562401263823,0.424806201550388,0.258859784283513,0.255639097744361,0.251968503937008,0.408805031446541,0.260606060606061,0.417445482866044,0.265060240963855,0.0957446808510638,0.267281105990783,0.270142180094787,0.246951219512195,0.426403641881639,0.253105590062112,0.253822629969419,0.426810477657935,0.425113464447806,0.254185692541857,0.261205564142195,0.429447852760736,0.947932618683001,0.262910798122066,0.259600614439324,0.2473604826546,0.738532110091743,0.432601880877743,0.252782193958665,0.424196018376723,1,0.266770670826833,0.575617283950617,0.291479820627803,0.245253164556962,0.25,0.595900439238653,0.555384615384615,0.400302114803625,0.262422360248447,0.42530487804878,0.263399693721286,0.255886970172684,0.416796267496112,0.263399693721286,0.270061728395062,0.749221183800623,0.412403100775194,0.267801857585139,0.248097412480974,0.420731707317073,0.257621951219512,0.254716981132075,0.427906976744186,0.920060331825038,0.259659969088099,0.253414264036419,0.256211180124224,0.203363914373089,0.429892141756549,0.448382126348228,0.422388059701493,0.421538461538462,0.588050314465409,0.399385560675883,0.4104134762634,0.426403641881639,0.992295839753467,0.421461897356143,0.268072289156627,0.428787878787879,0.258513931888545,0.41131498470948,0.841010401188707,0.795763993948563,0.264750378214826,0.267584097859327,0.799387442572741,0.269537480063796,0.587786259541985,0.8,0.751533742331288,0.250379362670713,0.574923547400612,0.259600614439324,0.265527950310559,0.652307692307692,0.261941448382126,0.735384615384615,0.8448,0.253456221198157,0.267477203647416,0.279034690799397,0.419656786271451,0.619047619047619,0.560897435897436,0.278787878787879,0.258751902587519,0.215170278637771,0.434915773353752,0.927357032457496,0.262345679012346,0.419656786271451,0.262269938650307,0.365591397849462,0.854003139717425,0.436641221374046,0.418674698795181,0.415973377703827,0.264750378214826,0.833841463414634,0.265460030165913,0.251993620414673,0.256488549618321,1,0.408736349453978,0.264385692068429,0.426332288401254,0.2608,0.254746835443038,0.423192771084337,0.253869969040248,0.435935198821797,0.271212121212121,0.435458786936236,0.415503875968992,0.258064516129032,0.582434514637905,0.417159763313609,0.258409785932722,0.426584234930448,0.165898617511521,0.430091185410334,0.918586789554531,0.415037593984962,0.126365054602184,0.423676012461059,0.27742946708464,0.411764705882353,0.408536585365854,0.443768996960486,0.269817073170732,0.268680445151033,0.255673222390318,0.222222222222222,0.921348314606742,0.258114374034003,0.409733124018838,0.248466257668712,0.430176565008026,0.429850746268657,0.254185692541857,0.258461538461538,0.253414264036419,0.172573189522342,0.247344461305008,0.421613394216134,0.426204819277108,0.247328244274809,0.259375,0.815625,0.828616352201258,0.25652841781874,0.250391236306729,0.432766615146832,0.274924471299094,0.26015037593985,0.424846625766871,0.276898734177215,0.257621951219512,0.577812018489985,0.741506646971935,0.257229832572298,0.740298507462687,0.268025078369906,0.27175572519084,0.83710407239819,0.422664624808576,0.250769230769231,0.413685847589425,0.256211180124224,0.226708074534162,0.273291925465839,0.0902140672782875,0.266770670826833,0.4185303514377,0.250750750750751,0.262422360248447,0.26031746031746,0.74885145482389,0.411392405063291,0.245283018867925,0.26027397260274,0.584375,0.262048192771084,0.41875,0.376701966717095,0.412403100775194,0.258982035928144,0.258751902587519,0.26,0.850903614457831,0.409162717219589,0.845181674565561,0.244514106583072,0.432267884322679,0.431818181818182,0.37888198757764,0.742681047765794,0.259600614439324,0.203363914373089,0.258805513016845,0.265957446808511,0.402190923317684,0.422155688622754,0.917445482866044,0.789393939393939,0.430141287284144,0.418461538461538,0.408602150537634,0.737678855325914,0.420731707317073,0.257186081694402,0.733644859813084,0.423831070889894,0.255384615384615,0.264296754250386,0.252696456086287,0.431164901664145,0.426865671641791,0.793322734499205,0.2546875,0.447368421052632,0.432880844645551,0.261941448382126,0.269113149847095,0.415007656967841,0.568218298555377,0.26027397260274,0.255054432348367,0.575663026521061,0.255287009063444,0.43609022556391,0.272292993630573,0.428790199081164,0.75346687211094,0.58796992481203,0.542424242424242,0.262996941896024,0.428139183055976,0.420890937019969,0.56989247311828,0.592481203007519,0.251524390243902,0.416793893129771,0.262166405023548,0.415545590433483,0.253499222395023,0.411764705882353,0.435054773082942,0.377125193199382,0.569465648854962,0.420221169036335,0.427899686520376,0.608024691358025,0.424886191198786,0.905750798722045,0.255485893416928,0.751145038167939,0.256488549618321,0.432766615146832,0.270897832817337,0.751926040061633,0.422839506172839,0.412322274881517,0.261146496815287,0.811487481590574,0.266362252663623,0.846986089644513,0.396551724137931,0.248854961832061,0.813846153846154,0.600924499229584,0.25652841781874,0.248108925869894,0.251896813353566,0.424336973478939,0.794947994056464,0.252307692307692,0.308527131782946,0.84447900466563,0.375757575757576,0.420574886535552,0.418569254185693,0.262672811059908,0.227707006369427,0.262422360248447,0.258751902587519,0.251127819548872,0.816964285714286,0.270516717325228,0.582568807339449,0.741506646971935,0.43161094224924,0.257716049382716,0.282407407407407,0.253968253968254,0.254901960784314,0.830045523520486,0.431137724550898,0.242378048780488,0.246875,0.253968253968254,0.26219512195122,0.272865853658537,0.263399693721286,0.780780780780781,0.76875,0.2515625,0.832826747720365,0.415644171779141,0.857142857142857,0.268181818181818,0.349683544303797,0.447784810126582,0.415123456790123,0.264615384615385,0.792626728110599,0.414523449319213,0.248097412480974,0.265527950310559,0.371875,0.421613394216134,0.428134556574924,0.4288,0.246969696969697,0.424336973478939,0.415525114155251,0.524409448818898,0.429237947122862,0.222390317700454,0.414523449319213,0.836477987421384,0.425038639876352,0.74468085106383,0.270186335403727,0.834890965732087,0.427892234548336,0.419354838709677,0.422118380062305,0.258308157099698,0.246177370030581,0.261829652996845,0.265553869499241,0.259141494435612,0.260188087774295,0.405956112852665,0.275384615384615,0.438356164383562,0.418679549114332,0.54160363086233,0.57433489827856,0.273425499231951,0.254601226993865,0.749625187406297,0.421289355322339,0.868421052631579,0.245877061469265,0.789554531490015,0.264705882352941,0.2574568288854,0.414976599063963,0.263910969793323,0.253634894991922,0.627329192546584,0.516077170418006,0.265095729013255,0.834375,0.849293563579278,0.253822629969419,0.237654320987654,0.262996941896024,0.835384615384615,0.742378048780488,0.419062027231467,0.315301391035549,0.428139183055976,0.745864661654135,0.407523510971787,0.836507936507937,0.25920245398773,0.263975155279503,0.4337899543379,0.409295352323838,0.99537750385208,0.419152276295133,0.422018348623853,0.420647149460709,0.258513931888545,0.259090909090909,0.41875,0.264264264264264,0.751533742331288,0.258215962441315,0.973354231974922,0.270186335403727,0.571860816944024,0.258751902587519,0.414860681114551,0.40746500777605,0.832572298325723,0.590704647676162,0.256172839506173,0.250769230769231,0.472136222910217,0.376190476190476,0.418856259659969,0.426771653543307,0.265842349304482,0.406201550387597,1,0.416666666666667,0.265275707898659,0.852080123266564,0.263975155279503,0.25511811023622,0.414483821263482,0.565830721003135,0.422776911076443,0.262578616352201,0.249607535321821,0.42185128983308,0.438461538461538,0.420029895366218,0.386645962732919,0.416139240506329,0.256965944272446,0.809815950920245,0.254573170731707,0.246031746031746,0.575987841945289,0.621165644171779,0.418269230769231,0.804281345565749,0.409582689335394,0.248475609756098,0.246445497630332,0.412403100775194,0.409582689335394,0.63013698630137,0.258164852255054,0.411854103343465,0.518910741301059,0.422664624808576,0.283333333333333,0.784591194968553,0.740399385560676,0.427258805513017,0.414264036418816,0.416275430359937,0.422360248447205,0.416036308623298,0.285060975609756,0.27906976744186,0.418461538461538,0.711145996860283,0.58887171561051,0.984984984984985,0.58974358974359,0.250778816199377,0.41131498470948,0.749611197511664,0.396024464831804,0.426380368098159,0.548238897396631,0.411214953271028,0.750764525993884,0.414746543778802,0.42566510172144,0.41287284144427,0.41743119266055
"482",0.303225806451613,0.313664596273292,0.321144674085851,0.329581993569132,0.315789473684211,0.308562197092084,0.012987012987013,0.32695374800638,0.31496062992126,0.565853658536585,0.322378716744914,0.6296875,0.529983792544571,0.330143540669856,1,1,0.613458528951487,0,0.326433121019108,0.314102564102564,1,1,0.320754716981132,0.502369668246445,0.316109422492401,1,1,0.333333333333333,0.31201248049922,0.538461538461538,1,0.601895734597156,0.376395534290271,0.995253164556962,0.664546899841017,0.321252059308072,0.128164556962025,0.329173166926677,1,0.308892355694228,0.00315955766192733,0,0,0.32794830371567,0.321711568938193,1,0.995184590690209,1,1,1,0.681962025316456,0.331723027375201,1,0.323248407643312,0.310618066561014,0.833602584814216,0.1184,0.3264,0.314241486068111,0.32753164556962,0.993798449612403,1,1,0.00478468899521531,0.318481848184819,0.319182389937107,0.639871382636656,0.332797427652733,0.602465331278891,1,0.322932917316693,1,1,0.273322422258592,0.154213036565978,0.324074074074074,1,0.995268138801262,0.31924882629108,1,0.588429752066116,1,1,0.325545171339564,1,0.322429906542056,0.319354838709677,0.330112721417069,0.322884012539185,0,0.325732899022801,0.33026113671275,0.680952380952381,0.580031695721078,0.322061191626409,0.635384615384615,0.674528301886792,0.3152,0.11219512195122,0,0.320634920634921,0.607085346215781,1,0.320388349514563,1,0.321711568938193,0,0.328050713153724,1,1,1,0.3072,0.995260663507109,0.326498422712934,0.198757763975155,0.313364055299539,1,0.367762128325509,1,1,0.1888,0.314375987361769,1,1,0.337025316455696,1,0.319083969465649,0.31651376146789,0.34913112164297,0.763975155279503,0.330592105263158,1,0.332797427652733,0.635239567233385,0.327868852459016,1,0.0015625,1,0.387987012987013,0.886855241264559,0.5776,0.589371980676328,0.32,0.328502415458937,1,0.320813771517997,1,0.313195548489666,0.513385826771654,0.326120556414219,1,0.320126782884311,0.321027287319422,0.326332794830372,0.327974276527331,1,0.308056872037915,1,0.415748031496063,0.328682170542636,1,0.32348367029549,1,0.585874799357945,0.318255250403877,1,0.325,0.313971742543171,0.332278481012658,0.987381703470032,0.326433121019108,1,0.330128205128205,1,0.320469798657718,1,0.585714285714286,0.303317535545024,0.0296052631578947,0.303225806451613,0.312698412698413,1,0.303858520900322,0.329635499207607,0.318611987381703,0.327639751552795,1,1,0.327332242225859,0.321144674085851,1,1,0.323343848580442,0.24,0.0213740458015267,0.686305732484076,1,0.00318979266347687,0.321711568938193,1,0.315873015873016,0.308777429467085,0.315286624203822,0.996850393700787,1,1,0.334876543209877,0.321895424836601,0.313880126182965,0.677938808373591,0.314696485623003,1,0.345425867507886,1,1,0.436619718309859,0.325769854132901,0.324881141045959,0.316535433070866,0.308426073131955,0.316129032258064,0.642969984202212,1,1,0.315541601255887,0.00469483568075117,0.3375,0.325115562403698,0.325949367088608,0.31201248049922,0.311708860759494,0.322429906542056,0.694227769110764,0.341653666146646,0.306349206349206,1,0.327476038338658,1,0.316037735849057,0.307692307692308,0.318255250403877,0.330618892508143,0.317666126418152,1,0.321259842519685,0.807383627608347,1,1,0.996789727126806,1,1,0.899186991869919,1,1,1,0.3125,1,0.331683168316832,0,1,0.368421052631579,1,0.322528363047002,0.328050713153724,0.315705128205128,0.401913875598086,1,0.32807570977918,1,1,1,1,0,0.321656050955414,1,1,0.323717948717949,1,0.331761006289308,1,1,0.317741935483871,0.3278955954323,0.305379746835443,0.145569620253165,0.328478964401294,0,0.585403726708075,1,0.332807570977918,0.323151125401929,0.574367088607595,1,1,0.322475570032573,0.340872374798061,1,0.657728706624606,0.697068403908795,0.313504823151125,0.32516339869281,0.993865030674847,0.326366559485531,0.3125,1,0.319422150882825,0.309636650868878,1,0.317034700315457,0.318979266347687,0.317034700315457,0.316211878009631,1,1,1,0.303858520900322,0.3296,0.00783699059561128,0.993610223642173,0.33063209076175,1,1,0.319620253164557,0.325581395348837,0.30379746835443,0.324281150159744,0.320251177394035,1,0.30622009569378,0.315619967793881,0.560581583198708,1,0.837320574162679,1,0,1,0.334360554699538,1,1,0.408385093167702,0.9984375,0.322632423756019,1,0.313821138211382,0.30503144654088,0.311424100156495,1,1,0.323390894819466,0.409240924092409,0.605177993527508,0.307443365695793,1,1,1,0.331699346405229,1,0.198387096774194,1,1,1,1,0.33122028526149,1,0.31219512195122,0.341772151898734,0.673501577287066,0.307568438003221,1,0.328125,0.325038880248834,0.322006472491909,1,0.311728395061728,1,0.321483771251932,0.494417862838915,0.326018808777429,0.32741935483871,0.320063694267516,1,0.326465927099842,0.314424635332253,1,1,0.324324324324324,0.3184,1,0.464454976303318,0.317666126418152,0.334394904458599,0.334375,0.685714285714286,1,0.297029702970297,1,0.405448717948718,0.314285714285714,0,0.885758998435055,0.321951219512195,0.322274881516588,0,0.0332805071315372,0.984301412872841,0.318681318681319,1,0.3152,0.314754098360656,1,0.33125,0.32120253164557,0.662921348314607,1,0.322683706070288,0.3184,1,0.311912225705329,0.314935064935065,1,0.321711568938193,0.3104,0.322327044025157,0.333860759493671,0.803767660910518,1,0.980613893376414,1,1,0.0016025641025641,1,0.992050874403816,1,0.414944356120827,0.996810207336523,0.3140625,0.993720565149137,0.333333333333333,0.995319812792512,0.593220338983051,0.619496855345912,0.326053042121685,0.313971742543171,0.635792778649921,0.314907872696817,0,0.626984126984127,0.687898089171974,0.31974921630094,0.00156739811912226,0.321144674085851,0.310725552050473,0.759677419354839,0.322378716744914,0.682389937106918,0.585808580858086,0.31687898089172,0.320373250388802,0.300940438871473,1,0.0255639097744361,0,0.3234375,0.331746031746032,0.341232227488152,1,0.3264,0.314785373608903,1,0.3078125,0.95125786163522,0.563106796116505,1,1,0.993288590604027,0.31875,0.60093896713615,0.327692307692308,0.313821138211382,0.320126782884311,0.408736349453978,1,0.318910256410256,1,0.326229508196721,0.326765188834154,1,0.323763955342903,1,0.3232,1,1,0.31911532385466,0,1,0.32967032967033,1,0.571205007824726,1,0.503937007874016,1,0.568910256410256,1,0.324104234527687,1,1,1,0.313694267515924,0.32626427406199,0.320493066255778,0.352845528455285,0.322528363047002,0.314465408805031,1,0.325396825396825,1,1,0.328571428571429,0.321027287319422,0.319182389937107,0.400318979266348,0.328682170542636,1,1,0.329153605015674,0.326860841423948,0.619439868204283,0.589371980676328,0.311111111111111,0.317230273752013,1,0.312,0.318818040435459,0.993650793650794,0.311475409836066,0.315873015873016,0,0.130970724191063,0.326433121019108,0.677321156773212,0.314785373608903,0.318979266347687,0.597503900156006,0.998427672955975,0.31378763866878,1,0.323854660347551,0.351822503961965,0.324324324324324,0.493730407523511,0.319488817891374,1,0.3232,0.319554848966614,0.34094616639478,0.680061823802164,1,0.333333333333333,0.326018808777429,0,0.329153605015674,0.998402555910543,0.9671875,1,0.320695102685624,0.33122028526149,0.31378763866878,0.574102964118565,1,0.584415584415584,0.329052969502408,1,1,0.973186119873817,0.670906200317965,0.332802547770701,0.365203761755486,0.3234375,0.322327044025157,1,1,0.499194847020934,0.627980922098569,1,1,0.998435054773083,0.681818181818182,1,0.322033898305085,0.677830940988836,1,0.327044025157233,0.322061191626409,0.321656050955414,0.996835443037975,1,0.635772357723577,0.325949367088608,1,1,0.326018808777429,0.311320754716981,0.998427672955975,0,0.32018927444795,0.317384370015949,0.00643086816720257,0.321144674085851,1,0.319488817891374,1,0.139968895800933,0,0.903669724770642,0.326530612244898,1,1,0,0.0015527950310559,0.330128205128205,1,0.314332247557003,0.996904024767802,0.3184,1,0.9984,0.96984126984127,0.764331210191083,1,1,0.00478468899521531,1,0.507487520798669,0.323854660347551,0.669278996865204,0.325508607198748,1,0.3088,0.677884615384615,1,1,0.317666126418152,0.613981762917933,0.329652996845426,0.5814696485623,0.980952380952381,0.337519623233909,0.592356687898089,0.0126984126984127,0.313694267515924,0.327503974562798,0.31974921630094,1,0.627118644067797,0.310077519379845,0.903937007874016,0.573743922204214,0.975232198142415,1,1,0.316957210776545,0.340425531914894,0.309061488673139,0.316455696202532,0.31629392971246,0.601851851851852,0.310452418096724,0,0.669207317073171,0.998430141287284,0.333865814696486,0.306477093206951,0.324193548387097,0.325508607198748,0.597774244833068,1,0.338485316846986,0.339712918660287,0.333881578947368,0.323248407643312,0.315873015873016,0.313880126182965,0.19175911251981,0.673667205169628,0.329581993569132,0.592476489028213,1,0.231496062992126,0.32484076433121,0.936688311688312,1,1,0.31139646869984,0.625196850393701,1,0.31974921630094,0.297637795275591,0.965964343598055,1,1,0.996768982229402,0.320373250388802,1,1,0.89540412044374,1,0.355242566510172,1,0.581847649918963,1,0.666146645865835,0.310509554140127,0.588996763754045,1,1,0.995207667731629,0.32398753894081,0.340764331210191,0.330097087378641,0.3232,0.328478964401294,0.324675324675325,0.983974358974359,0.316455696202532,1,1,0.70859872611465,0,0.320126782884311,0.317829457364341,0.667716535433071,1,0.563694267515924,0.335413416536661,0.63391442155309,0.315457413249211,0.324149108589951,1,0.3168,0.318333333333333,0.680194805194805,0.908794788273616,0.323262839879154,0.587947882736156,0.568938193343899,0.328100470957614,0.3264,0.303174603174603,0.592125984251968,0.679748822605965,1,0.905144694533762,1,0.661949685534591,0.996794871794872,0.588617886178862,0.323763955342903,0.32520325203252,1,1,0.41838351822504,0.9936,0.996941896024465,1,0.3168,0.329617834394904,1,0.315548780487805,0.675968992248062,0.333865814696486,0.432956381260097,0.308441558441558,0,0.308892355694228,1,1,0.5921875,0.00157728706624606,0.327586206896552,0.322169059011164,0.107765451664025,0.416118421052632,1,1,0.311708860759494,1,0.4,1,0.329192546583851,0.577287066246057,0.32755905511811,0.320967741935484,1,0,1,0.314144736842105,0.3248,1,1,1,0.448220064724919,1,0.319554848966614,0.609177215189873,0.333860759493671,0.328455284552846,0.00157977883096367,0.0353130016051364,1,0.6144,1,0.329093799682035,0.331723027375201,1,1,0.167987321711569,0.312202852614897,1,0.898911353032659,1,0.31924882629108,0.199044585987261,0.668740279937792,1,1,1,1,1,0.289514866979656,0.304487179487179,1,0.117839607201309,0.00161290322580645,0.430379746835443,0,0.324193548387097,1,0.67515923566879,1,1,0.885758998435055,1,0.675548589341693,1,1,1,1
"483",1,1,1,1,1,1,0.708064516129032,1,1,0.107843137254902,1,0.0527131782945736,0.795238095238095,1,0.309677419354839,0.299843014128728,0.0729813664596273,0.686274509803922,1,1,0.284820031298905,0.312,1,0.17192429022082,1,0.318110236220472,0.310569105691057,1,1,0.785714285714286,0.301435406698565,0.7234375,0.962264150943396,0.300940438871473,0,1,0.54773082942097,1,0.28902627511592,1,0.671451355661882,0.682888540031397,0.702325581395349,1,1,0.312091503267974,0.310236220472441,0.29922480620155,0.321981424148607,0.3125,0,1,0.302147239263804,1,1,0.483974358974359,0.570300157977883,1,1,1,0.324960753532182,0.311793214862682,0.307936507936508,0.68025078369906,1,1,0.0432692307692308,1,0.0658499234303216,0.3198127925117,1,0.313694267515924,0.315024232633279,0.968698517298188,0.518691588785047,1,0.304347826086957,0.323664122137405,1,0.318255250403877,0.0970873786407767,0.325320512820513,0.317384370015949,1,0.328682170542636,1,1,1,1,0.705148205928237,1,1,0.00158227848101266,0.118564742589704,1,0.0546021840873635,0,1,0.57641196013289,0.684126984126984,1,0.0605095541401274,0.306836248012719,1,0.308544303797468,1,0.696875,1,0.302547770700637,0.31496062992126,0.310452418096724,1,0.317535545023697,1,0.496111975116641,1,0.309409888357257,0.308411214953271,0.312788906009245,0.311605723370429,0.492063492063492,0.998442367601246,0.317484662576687,0.302134646962233,1,0.299065420560748,1,1,0.342723004694836,0.555209953343701,1,0.304487179487179,1,0.0524691358024691,1,0.302469135802469,0.681318681318681,0.321144674085851,0.921850079744817,0.438625204582651,0.117647058823529,0.108490566037736,1,1,0.322884012539185,1,0.30640243902439,1,0.788906009244992,1,0.308319738988581,1,1,1,1,0.320574162679426,1,0.302362204724409,0.268445839874411,1,0.308777429467085,1,0.295133437990581,0.0947030497592295,1,0.306349206349206,1,1,1,0.330232558139535,1,0.321711568938193,1,0.30298273155416,1,0.308917197452229,0.0879120879120879,1,0.643435980551053,1,1,0.315541601255887,1,1,1,1,0.310897435897436,0.305772230889236,1,0.998427672955975,0.311827956989247,0.299524564183835,1,0.466353677621283,0.680365296803653,0,0.309262166405024,0.683229813664596,1,0.305084745762712,1,0.9984375,1,0.302795031055901,0.316614420062696,0.323717948717949,1,1,1,0,1,0.300970873786408,0.968304278922345,0.318840579710145,0.304278922345483,0.753554502369668,1,1,1,1,1,0.0522151898734177,0.309904153354633,0.314728682170543,1,0.68621236133122,1,1,0.998402555910543,0.998427672955975,1,1,0.00470219435736677,0.327131782945736,1,0.310289389067524,1,0.297805642633229,1,1,1,1,1,0.311111111111111,1,0.503184713375796,0.317965023847377,0.309968847352025,0.2976,0.317965023847377,0.320251177394035,0.429725363489499,0.32753164556962,0.308777429467085,0.296998420221169,1,0.314873417721519,1,0.687789799072643,0.309262166405024,0.321428571428571,0.323717948717949,1,1,1,0.267828843106181,0.305379746835443,1,0.308426073131955,0.31201248049922,0.306603773584906,0.308777429467085,0.688888888888889,1,0.319685039370079,0.311004784688995,1,0.296296296296296,1,0.306625577812018,0.301612903225806,1,1,1,0.554160125588697,1,0.688679245283019,0.0906298003072197,0.315217391304348,1,1,0.106811145510836,0.304897314375987,0.315619967793881,1,1,0.293291731669267,0.0299212598425197,0.00320512820512821,1,1,0.330218068535826,0.9984375,1,0.301109350237718,1,1,0.310832025117739,1,1,1,1,0.317307692307692,0.295384615384615,0.316720257234727,1,1,0.680124223602484,0.315789473684211,1,0.314900153609831,0.289389067524116,1,1,0.9984375,1,1,0.314785373608903,1,1,0.117460317460317,0.322834645669291,0.500792393026941,0.296650717703349,0.6801872074883,0.307332293291732,1,0.307814992025518,0.326984126984127,0.267801857585139,0.308411214953271,1,0.320061255742726,1,1,1,0.299840510366826,0.31859756097561,0.998427672955975,0.911475409836066,0.0737179487179487,1,0.302547770700637,0.311320754716981,0.3072,1,0.322884012539185,0.482428115015974,0.316535433070866,0.294117647058824,0.304560260586319,0.298245614035088,1,0.309178743961353,1,1,0,1,0.314102564102564,1,1,1,0.315705128205128,1,0.301794453507341,1,0.829457364341085,1,1,1,0.307570977917981,1,1,0.301261829652997,0.302652106084243,1,1,0.301916932907348,0.200312989045383,1,0.998454404945904,1,0,0.304487179487179,1,0.301075268817204,0.255520504731861,1,0.684867394695788,0.427906976744186,1,1,0.680786686838124,0.703470031545741,0.340764331210191,1,0.318541996830428,1,1,0.316957210776545,1,0.99837925445705,0.00793650793650794,0.31496062992126,1,1,0.321543408360129,1,1,0.301948051948052,0.342723004694836,1,1,1,0.516640253565769,0.295774647887324,0.336569579288026,0.308868501529052,0.32695374800638,0.694488188976378,0.322033898305085,0.317610062893082,0.310452418096724,0.246056782334385,0.314516129032258,1,0.316118935837246,0.9984,0.310344827586207,0.0960365853658537,0.0571870170015456,1,1,0.0461049284578696,1,0.69478527607362,0.0506329113924051,0.0128410914927769,1,0.694006309148265,1,1,0.540540540540541,1,0,0.0859504132231405,1,1,1,0.309409888357257,0.654490106544901,0.696223316912972,0.995348837209302,1,0.981337480559876,0.293563579277865,0.342857142857143,1,0.298869143780291,1,0.368503937007874,0.116057233704293,0.300314465408805,0.311926605504587,0.316749585406302,1,0.0911901081916538,1,1,1,0.264385692068429,0.318910256410256,1,0.312698412698413,1,1,0.305426356589147,1,0.315467075038285,1,0.297906602254428,0.319554848966614,1,0.683788121990369,0.304953560371517,1,0.298722044728434,0.751582278481013,0.30640243902439,0.169811320754717,0.304747320061256,0.7671875,0.299352750809061,1,0.314285714285714,0.328197226502311,0.28858024691358,1,1,1,0.962233169129721,0.348837209302326,1,0.310679611650485,1,0.315702479338843,0.308892355694228,1,1,1,0.90894819466248,1,0.307931570762053,0.312893081761006,1,1,0.0588235294117647,0.0886075949367089,1,1,0.298387096774194,1,1,0.296650717703349,1,1,0.688783570300158,0.542768273716952,1,0,1,1,0.111455108359133,0.314375987361769,1,0.318681318681319,0.998444790046656,0.958990536277603,0.998415213946117,0.81377151799687,1,0.313725490196078,1,1,1,0,0.308562197092084,1,1,0.681020733652313,1,0.310832025117739,0.353218210361067,0.318611987381703,1,1,1,0.0992248062015504,0.312903225806452,0.0996835443037975,0.998402555910543,0.305295950155763,0.30077519379845,0.350157728706625,0,1,0.950310559006211,1,1,0.312101910828025,0.288188976377953,0.179365079365079,0.0479233226837061,0.310509554140127,0.302839116719243,0.313271604938272,0.00163398692810458,0.302839116719243,1,0,0.307931570762053,1,1,1,0.3109375,0.315625,0.040650406504065,1,0.312698412698413,0.303738317757009,1,1,0.309859154929577,0.704620462046205,1,1,0.709208400646204,1,0.299065420560748,1,0.311320754716981,0.53968253968254,0.680061823802164,0.406491499227202,1,0.293846153846154,0.310236220472441,0.686064318529862,0.672333848531685,1,0.314641744548287,1,0.317411402157165,1,0.309409888357257,0.307073954983923,0.343213728549142,0.524922118380062,0.305246422893482,0.302250803858521,0.674603174603175,0.310344827586207,0.16006600660066,1,0,1,0.289176090468498,1,0,0.314785373608903,0.305825242718447,1,0.0647149460708783,1,0.0985691573926868,0.328502415458937,1,0.0729001584786054,0.678288431061807,1,1,1,0.298850574712644,0.047112462006079,1,0.4224,0.107142857142857,0.344773790951638,0.310077519379845,0.318818040435459,1,1,1,1,1,0.0720858895705521,0.996899224806202,0.695447409733124,0.00457317073170732,0.313084112149533,1,1,1,1,0.0992,0.30757341576507,1,1,1,1,1,1,0.495327102803738,0.00160771704180064,1,0.0956112852664577,0.3125,0.440494590417311,1,0.393312101910828,0.303425774877651,0.306962025316456,1,0.0488958990536278,0.316535433070866,1,1,0.367741935483871,0.300940438871473,0.301092043681747,0.308319738988581,0.998442367601246,0.315112540192926,0.309262166405024,0.420382165605096,0.3152,0.968895800933126,0.3,0.0974025974025974,0.319685039370079,0,1,0.103225806451613,0.305691056910569,0.307692307692308,0.310236220472441,1,1,1,1,1,1,0.323577235772358,1,0.309859154929577,0.317355371900826,0.615863141524106,0.689210950080515,1,1,0,0.306027820710974,0.131537242472266,0.998468606431853,0.0429252782193959,1,1,0.305466237942122,1,1,0.630818619582664,0.425986842105263,0.997001499250375,0.0910569105691057,0.1104,1,1,1,0.100156494522692,0,0.309375,0.418238993710692,0.304416403785489,0,0.314696485623003,0.0995184590690209,1,1,0.313664596273292,0.307931570762053,0.248407643312102,0.325842696629214,0.304821150855365,0.309968847352025,1,1,0.32,1,0,1,0.239747634069401,1,0.679186228482003,1,0.302694136291601,0.301127214170692,0.0837282780410742,0.686520376175549,1,1,0.7888,0.891846921797005,0.313880126182965,0.310064935064935,1,0.307568438003221,0.263492063492063,0.311897106109325,1,0.1140625,1,1,0.3046875,0.686786296900489,0.297045101088647,1,1,0.294573643410853,0.299843014128728,0.309119010819165,0.864734299516908,0.30048465266559,1,0.0661417322834646,1,1,0.707547169811321,0.653418124006359,0.313531353135314,0.0628930817610063,0.313880126182965,1,1,0.29746835443038,0.322061191626409,0.616588419405321,1,0.305426356589147,0.369397217928903,0.30298273155416,0.990654205607477,0.492845786963434,0.00313971742543171,0.296998420221169,0.313455657492355,0.321086261980831,0.311111111111111,0.307219662058372,0.974085365853659,1,0.304487179487179,0.568881685575365,0.692429022082019,0.246081504702194,0.693708609271523,1,0.320126782884311,0.00159235668789809,0.315789473684211,0.310344827586207,0.377329192546584,0.311605723370429,0,0.326530612244898,0.31219512195122,0.317965023847377,0.313385826771654
"484",0.296650717703349,0.313572542901716,0.322274881516588,0.325358851674641,0.316614420062696,0.309178743961353,0.0144694533762058,0.322274881516588,0.311424100156495,0.581847649918963,0.325077399380805,0.644549763033175,0.503174603174603,0.32755905511811,1,1,0.621875,0,0.3248,0.312202852614897,1,1,0.3265625,0.526148969889065,0.315950920245399,1,1,0.336617405582923,0.30521472392638,0.519169329073482,1,0.5671875,0.366771159874608,0.995275590551181,0.661367249602544,0.316309719934102,0.135725429017161,0.332288401253919,1,0.3171875,0.00316455696202532,0,0,0.341894060995185,0.315789473684211,1,0.993670886075949,1,1,1,0.687400318979266,0.325320512820513,1,0.322884012539185,0.313385826771654,0.817307692307692,0.121642969984202,0.321027287319422,0.312401883830455,0.326433121019108,0.992307692307692,1,1,0.00632911392405063,0.319286871961102,0.32967032967033,0.6608,0.327044025157233,0.617021276595745,1,0.314465408805031,1,1,0.277777777777778,0.161189358372457,0.319148936170213,1,0.993798449612403,0.31832298136646,1,0.609046849757674,1,1,0.325,1,0.325077399380805,0.318611987381703,0.329133858267717,0.329635499207607,0,0.32,0.327217125382263,0.690140845070423,0.59190031152648,0.318770226537217,0.632621951219512,0.674491392801252,0.309486780715397,0.123355263157895,0,0.313291139240506,0.628164556962025,1,0.311688311688312,1,0.321086261980831,0,0.322480620155039,1,1,1,0.30173775671406,0.995222929936306,0.331761006289308,0.207165109034268,0.309341500765697,1,0.383647798742138,1,1,0.194099378881988,0.310832025117739,1,1,0.329230769230769,1,0.31969696969697,0.320493066255778,0.370839936608558,0.772797527047913,0.321252059308072,1,0.32516339869281,0.633693972179289,0.336025848142165,1,0.00157728706624606,1,0.370892018779343,0.896607431340872,0.595541401273885,0.601286173633441,0.325,0.320967741935484,1,0.313880126182965,1,0.30173775671406,0.49306625577812,0.331797235023041,1,0.315372424722662,0.320967741935484,0.32520325203252,0.32753164556962,1,0.311424100156495,1,0.448598130841121,0.323763955342903,1,0.326086956521739,1,0.583601286173633,0.328571428571429,1,0.317965023847377,0.311320754716981,0.328571428571429,0.984423676012461,0.324193548387097,1,0.322683706070288,1,0.322422258592471,1,0.59748427672956,0.297770700636943,0.0341463414634146,0.305111821086262,0.323763955342903,1,0.307814992025518,0.320574162679426,0.323943661971831,0.334370139968896,1,1,0.326860841423948,0.325434439178515,1,1,0.328050713153724,0.240369799691834,0.0229007633587786,0.68860353130016,1,0.00317460317460317,0.319314641744548,1,0.323051948051948,0.316436251920123,0.32182103610675,0.996789727126806,1,1,0.326186830015314,0.318555008210181,0.32093023255814,0.6752,0.304897314375987,1,0.337579617834395,1,1,0.433229813664596,0.329581993569132,0.318181818181818,0.326018808777429,0.30757341576507,0.312,0.645669291338583,1,1,0.312302839116719,0.00465116279069767,0.325,0.323619631901841,0.332283464566929,0.311912225705329,0.309636650868878,0.319018404907975,0.69375,0.3578125,0.309636650868878,1,0.323809523809524,1,0.31055900621118,0.310618066561014,0.308426073131955,0.329581993569132,0.310064935064935,1,0.321316614420063,0.800637958532695,1,1,0.996805111821086,1,1,0.898387096774194,1,1,1,0.316279069767442,1,0.315789473684211,0,1,0.386292834890966,1,0.316720257234727,0.317152103559871,0.314009661835749,0.432038834951456,1,0.325508607198748,1,1,1,1,0,0.320754716981132,1,1,0.324149108589951,1,0.32398753894081,1,1,0.314285714285714,0.324237560192616,0.297213622291022,0.150554675118859,0.331189710610932,0,0.599690880989181,1,0.327014218009479,0.328571428571429,0.58411214953271,1,1,0.334410339256866,0.337096774193548,1,0.645865834633385,0.69983948635634,0.310064935064935,0.321486268174475,0.993817619783617,0.329133858267717,0.300462249614792,1,0.310344827586207,0.307692307692308,1,0.308562197092084,0.319182389937107,0.314873417721519,0.320126782884311,1,1,1,0.310126582278481,0.3265625,0.00630914826498423,0.990654205607477,0.329052969502408,1,1,0.307086614173228,0.325688073394495,0.304552590266876,0.3265625,0.313572542901716,1,0.312,0.307570977917981,0.573268921095008,1,0.850393700787402,1,0,1,0.327666151468315,1,1,0.424764890282132,0.998444790046656,0.324237560192616,1,0.306962025316456,0.305511811023622,0.312597200622084,1,1,0.328571428571429,0.395081967213115,0.6120826709062,0.3104,1,1,1,0.319218241042345,1,0.205607476635514,1,1,1,1,0.324031007751938,1,0.321252059308072,0.329153605015674,0.67192429022082,0.304625199362041,1,0.319554848966614,0.32312404287902,0.3216,1,0.310077519379845,1,0.321928460342146,0.4734375,0.3328125,0.3232,0.318885448916409,1,0.320574162679426,0.308681672025723,1,1,0.327073552425665,0.316535433070866,1,0.49144634525661,0.319870759289176,0.33175355450237,0.329721362229102,0.672926447574335,1,0.297208538587849,1,0.42215088282504,0.302250803858521,0,0.882534775888717,0.317073170731707,0.318611987381703,0,0.0302547770700637,0.977812995245642,0.315457413249211,1,0.318979266347687,0.317512274959083,1,0.329652996845426,0.321144674085851,0.672386895475819,1,0.312893081761006,0.325396825396825,1,0.309968847352025,0.310177705977383,1,0.350547730829421,0.31810766721044,0.317535545023697,0.33175355450237,0.807210031347962,1,0.982649842271293,1,1,0.00160513643659711,1,0.993640699523052,1,0.436507936507937,0.9967585089141,0.309815950920245,0.992248062015504,0.332807570977918,0.995268138801262,0.60490045941807,0.633281972265023,0.322834645669291,0.3109375,0.643642072213501,0.317817014446228,0,0.632165605095541,0.6752,0.322378716744914,0.00155763239875389,0.320574162679426,0.310618066561014,0.783018867924528,0.326086956521739,0.688783570300158,0.595432300163132,0.321711568938193,0.324031007751938,0.302694136291601,1,0.0301204819277108,0,0.328616352201258,0.333333333333333,0.342229199372057,1,0.343949044585987,0.319314641744548,1,0.311728395061728,0.942307692307692,0.57051282051282,1,1,0.991525423728814,0.317683881064163,0.613601236476043,0.326186830015314,0.317152103559871,0.313001605136437,0.426332288401254,1,0.312698412698413,1,0.323481116584565,0.320785597381342,1,0.3216,1,0.322169059011164,1,1,0.328125,0,1,0.324074074074074,1,0.545741324921136,1,0.521806853582555,1,0.549606299212598,1,0.314516129032258,1,1,1,0.316037735849057,0.326366559485531,0.321483771251932,0.345718901453958,0.335537190082645,0.317757009345794,1,0.321086261980831,1,1,0.33175355450237,0.312399355877617,0.31924882629108,0.374203821656051,0.329249617151608,1,1,0.335925349922239,0.324281150159744,0.633116883116883,0.593114241001565,0.309262166405024,0.316455696202532,1,0.313479623824451,0.318461538461538,0.995222929936306,0.305691056910569,0.311811023622047,0,0.141321044546851,0.311708860759494,0.675757575757576,0.312,0.325581395348837,0.6049766718507,0.996865203761755,0.312,1,0.315625,0.345659163987138,0.32018927444795,0.462249614791988,0.317307692307692,1,0.3296875,0.325878594249201,0.3328,0.680555555555556,1,0.330683624801272,0.3198127925117,0,0.320872274143302,0.998442367601246,0.956454121306376,1,0.314641744548287,0.316118935837246,0.313694267515924,0.591463414634146,1,0.590909090909091,0.333868378812199,1,1,0.965625,0.6801872074883,0.327014218009479,0.358161648177496,0.324921135646688,0.320872274143302,1,1,0.522364217252396,0.633173843700159,1,1,0.998452012383901,0.687096774193548,1,0.324655436447167,0.675039246467818,1,0.322784810126582,0.315873015873016,0.313479623824451,0.99685534591195,1,0.649350649350649,0.332810047095761,1,1,0.324921135646688,0.304953560371517,0.998405103668262,0,0.310789049919485,0.3152,0.00792393026941363,0.313846153846154,1,0.313408723747981,1,0.144838212634823,0,0.908675799086758,0.327044025157233,1,1,0,0.00156739811912226,0.326530612244898,1,0.310064935064935,0.996908809891808,0.310289389067524,1,0.998397435897436,0.960815047021944,0.778125,1,1,0.00641025641025641,1,0.517355371900826,0.318037974683544,0.674491392801252,0.3234375,1,0.308306709265176,0.675548589341693,1,1,0.318181818181818,0.616666666666667,0.332805071315372,0.591639871382637,0.971428571428571,0.329113924050633,0.6015625,0.0127591706539075,0.311912225705329,0.319620253164557,0.317484662576687,1,0.640062597809077,0.306122448979592,0.895833333333333,0.595846645367412,0.968944099378882,1,1,0.314873417721519,0.345218800648298,0.309061488673139,0.310832025117739,0.316535433070866,0.618098159509202,0.308527131782946,0,0.672205438066465,0.9984375,0.328173374613003,0.310789049919485,0.316045380875203,0.3198127925117,0.60952380952381,1,0.333333333333333,0.336012861736334,0.326892109500805,0.317817014446228,0.316846986089645,0.314194577352472,0.193798449612403,0.673170731707317,0.314375987361769,0.601246105919003,1,0.240566037735849,0.329652996845426,0.92109500805153,1,1,0.318681318681319,0.634340222575517,1,0.312893081761006,0.301765650080257,0.959677419354839,1,1,0.99673735725938,0.318541996830428,1,1,0.902866242038217,1,0.352484472049689,1,0.593851132686084,1,0.671850699844479,0.310509554140127,0.602893890675241,1,1,0.99198717948718,0.326018808777429,0.329652996845426,0.317666126418152,0.3171875,0.323717948717949,0.325320512820513,0.982171799027553,0.314375987361769,1,1,0.714285714285714,0,0.316770186335404,0.317891373801917,0.683153013910355,1,0.575516693163752,0.329754601226994,0.640253565768621,0.315286624203822,0.320846905537459,1,0.315372424722662,0.313725490196078,0.690938511326861,0.917207792207792,0.323216995447648,0.602893890675241,0.580385852090032,0.323899371069182,0.323763955342903,0.309486780715397,0.607535321821036,0.685534591194969,1,0.904912836767036,1,0.669266770670827,0.996774193548387,0.589825119236884,0.325878594249201,0.326923076923077,1,1,0.440381558028617,0.991896272285251,0.996870109546166,1,0.314873417721519,0.327014218009479,1,0.31859756097561,0.682170542635659,0.320813771517997,0.477308294209703,0.300813008130081,0,0.311424100156495,1,1,0.593996840442338,0.00155038759689922,0.334920634920635,0.321316614420063,0.107594936708861,0.417618270799347,1,1,0.309968847352025,1,0.426517571884984,1,0.33026113671275,0.585714285714286,0.32484076433121,0.322683706070288,1,0,1,0.3042071197411,0.324324324324324,1,1,1,0.440322580645161,1,0.323717948717949,0.625196850393701,0.328682170542636,0.329032258064516,0.0015625,0.0414012738853503,1,0.631496062992126,1,0.322222222222222,0.327332242225859,1,1,0.155763239875389,0.315457413249211,1,0.911490683229814,1,0.321428571428571,0.200626959247649,0.666666666666667,1,1,1,1,1,0.2953125,0.311912225705329,1,0.115635179153094,0.00160513643659711,0.457098283931357,0,0.325358851674641,1,0.6832,1,1,0.906050955414013,1,0.675883256528418,1,1,1,1
"485",1,1,1,1,1,1,0.700980392156863,1,1,0.0978441127694859,1,0.0454545454545455,0.807443365695793,1,0.316558441558442,0.304838709677419,0.0610328638497653,0.690671031096563,1,1,0.295566502463054,0.316225165562914,1,0.154704944178628,1,0.33122028526149,0.317434210526316,1,1,0.783171521035599,0.311111111111111,0.713385826771654,0.965023847376789,0.311074918566775,0,1,0.545893719806763,1,0.299531981279251,1,0.664516129032258,0.674679487179487,0.696969696969697,1,1,0.313432835820896,0.313408723747981,0.304075235109718,0.321316614420063,0.331746031746032,0,1,0.308426073131955,1,1,0.481054365733114,0.564648117839607,1,1,1,0.329052969502408,0.320907617504052,0.318770226537217,0.671497584541063,1,1,0.0398089171974522,1,0.0563380281690141,0.324367088607595,1,0.321711568938193,0.326599326599327,0.96523178807947,0.512903225806452,1,0.308056872037915,0.337025316455696,1,0.312605042016807,0.0834724540901502,0.324590163934426,0.327044025157233,1,0.34181240063593,1,1,1,1,0.686520376175549,1,1,0.0016025641025641,0.105431309904153,1,0.0471698113207547,0,1,0.566164154103853,0.669934640522876,1,0.0551053484602917,0.313099041533546,1,0.317152103559871,1,0.679611650485437,1,0.31973898858075,0.316037735849057,0.317034700315457,1,0.318255250403877,1,0.496038034865293,1,0.310789049919485,0.303715670436187,0.325581395348837,0.317817014446228,0.491027732463295,0.998381877022654,0.325434439178515,0.317275747508306,1,0.306089743589744,1,1,0.334959349593496,0.54858934169279,1,0.312,1,0.0423861852433281,1,0.316455696202532,0.669871794871795,0.325842696629214,0.933764135702746,0.440677966101695,0.103109656301146,0.0954692556634304,1,1,0.33768352365416,1,0.321928460342146,1,0.796502384737679,1,0.324459234608985,1,1,1,1,0.3344,1,0.327302631578947,0.259259259259259,1,0.317610062893082,1,0.303079416531605,0.0810372771474878,1,0.31219512195122,1,1,1,0.322683706070288,1,0.3278955954323,1,0.300813008130081,1,0.323151125401929,0.0747217806041336,1,0.641196013289037,1,1,0.317434210526316,1,1,1,1,0.322061191626409,0.315789473684211,1,0.998360655737705,0.327503974562798,0.308072487644152,1,0.450479233226837,0.66306027820711,0,0.32,0.670947030497592,1,0.325508607198748,1,0.998407643312102,1,0.324281150159744,0.323343848580442,0.319218241042345,1,1,1,0,1,0.311881188118812,0.971246006389776,0.3248,0.308681672025723,0.764516129032258,1,1,1,1,1,0.0461783439490446,0.313628899835796,0.322683706070288,1,0.681528662420382,1,1,1,0.998422712933754,1,1,0.00475435816164818,0.321875,1,0.313725490196078,1,0.3,1,1,1,1,1,0.327841845140033,1,0.497584541062802,0.324149108589951,0.326433121019108,0.315875613747954,0.324675324675325,0.331168831168831,0.425774877650897,0.330128205128205,0.311111111111111,0.320325203252033,1,0.32569558101473,1,0.691338582677165,0.317741935483871,0.316720257234727,0.334426229508197,1,1,1,0.261712439418417,0.315024232633279,1,0.324717285945073,0.326984126984127,0.308562197092084,0.3232,0.680577849117175,1,0.325434439178515,0.314935064935065,1,0.303079416531605,1,0.313694267515924,0.315789473684211,1,1,1,0.5488,1,0.692182410423453,0.0841121495327103,0.326298701298701,1,1,0.0966719492868463,0.320907617504052,0.320907617504052,1,1,0.304487179487179,0.0238095238095238,0.00329489291598023,1,1,0.335433070866142,0.998373983739837,1,0.313099041533546,1,1,0.316045380875203,1,1,1,1,0.329052969502408,0.312401883830455,0.332236842105263,1,1,0.665605095541401,0.315619967793881,1,0.314465408805031,0.305057096247961,1,1,0.9984,1,1,0.325732899022801,1,1,0.108695652173913,0.326625386996904,0.488636363636364,0.319286871961102,0.671031096563011,0.320063694267516,1,0.312091503267974,0.325281803542673,0.264847512038523,0.322632423756019,1,0.330218068535826,1,1,1,0.316045380875203,0.3232,0.998432601880878,0.931893687707641,0.0648298217179903,1,0.317965023847377,0.317512274959083,0.315533980582524,1,0.333333333333333,0.4784,0.327014218009479,0.312803889789303,0.311986863711002,0.308426073131955,1,0.320846905537459,1,1,0,1,0.327476038338658,1,1,1,0.32952691680261,1,0.311367380560132,1,0.83147853736089,1,1,1,0.314785373608903,1,1,0.315789473684211,0.310618066561014,1,1,0.3136,0.196513470681458,1,0.998389694041868,1,0,0.313725490196078,1,0.314194577352472,0.247540983606557,1,0.676703645007924,0.42992125984252,1,1,0.674418604651163,0.704065040650407,0.339256865912762,1,0.322632423756019,1,1,0.328478964401294,1,0.998389694041868,0.00980392156862745,0.318910256410256,1,1,0.324237560192616,1,1,0.310289389067524,0.34181240063593,1,1,1,0.52411575562701,0.31629392971246,0.345335515548282,0.318252730109204,0.334928229665072,0.686495176848875,0.323343848580442,0.32741935483871,0.314194577352472,0.246006389776358,0.318032786885246,1,0.316957210776545,0.998384491114701,0.311111111111111,0.08125,0.0536277602523659,1,1,0.0372168284789644,1,0.688372093023256,0.0453074433656958,0.0130293159609121,1,0.679153094462541,1,1,0.55877616747182,1,0,0.0677685950413223,1,1,1,0.33387358184765,0.653905053598775,0.695059625212947,0.993690851735016,1,0.980861244019139,0.306581059390048,0.342948717948718,1,0.30278232405892,1,0.368,0.104575163398693,0.310509554140127,0.31911532385466,0.33160621761658,1,0.0781499202551834,1,1,1,0.2608,0.326229508196721,1,0.323481116584565,1,1,0.309748427672956,1,0.324574961360124,1,0.314424635332253,0.323051948051948,1,0.672,0.315625,1,0.310344827586207,0.743221690590112,0.323899371069182,0.15955766192733,0.321592649310873,0.764227642276423,0.314569536423841,1,0.32695374800638,0.3392,0.295638126009693,1,1,1,0.965630114566285,0.340033500837521,1,0.322259136212625,1,0.317355371900826,0.318252730109204,1,1,1,0.922098569157393,1,0.305993690851735,0.323151125401929,1,1,0.0483091787439614,0.0772946859903382,1,1,0.312913907284768,1,1,0.323717948717949,1,1,0.681159420289855,0.547318611987382,1,0,1,1,0.0966719492868463,0.326860841423948,1,0.320450885668277,0.998355263157895,0.967532467532468,0.998376623376623,0.821086261980831,1,0.328358208955224,1,1,1,0,0.316225165562914,1,1,0.673139158576052,1,0.319354838709677,0.360128617363344,0.329093799682035,1,1,1,0.0913385826771654,0.315447154471545,0.0922570016474465,0.998376623376623,0.304212168486739,0.311111111111111,0.352564102564103,0,1,0.961227786752827,1,1,0.3184,0.304140127388535,0.160975609756098,0.0400641025641026,0.326860841423948,0.310679611650485,0.327503974562798,0.00162866449511401,0.319286871961102,1,0,0.329173166926677,1,1,1,0.315286624203822,0.322378716744914,0.0370994940978078,1,0.318770226537217,0.314285714285714,1,1,0.322528363047002,0.698653198653199,1,1,0.688816855753647,1,0.31055900621118,1,0.326332794830372,0.540540540540541,0.6752,0.408450704225352,1,0.3015625,0.313694267515924,0.673170731707317,0.66875,1,0.324193548387097,1,0.322784810126582,1,0.315112540192926,0.310743801652893,0.356451612903226,0.515974440894569,0.320785597381342,0.30718954248366,0.663961038961039,0.3296,0.155371900826446,1,0,1,0.304838709677419,1,0,0.32695374800638,0.316309719934102,1,0.0594679186228482,1,0.0836120401337793,0.34248788368336,1,0.0608,0.6677471636953,1,1,1,0.313856427378965,0.0408805031446541,1,0.422647527910686,0.0953150242326333,0.351437699680511,0.32753164556962,0.326530612244898,1,1,1,1,1,0.0610328638497653,0.995290423861852,0.682692307692308,0.00460122699386503,0.325396825396825,1,1,1,1,0.0909090909090909,0.312796208530806,1,1,1,1,1,1,0.504761904761905,0.00162866449511401,1,0.0853080568720379,0.318327974276527,0.44264943457189,1,0.382495948136143,0.319256756756757,0.313001605136437,1,0.0414012738853503,0.322834645669291,1,1,0.367047308319739,0.312698412698413,0.30622009569378,0.315091210613599,0.998402555910543,0.329011345218801,0.325320512820513,0.411003236245955,0.321543408360129,0.973101265822785,0.314641744548287,0.0852459016393443,0.317384370015949,0,1,0.0922330097087379,0.303571428571429,0.320261437908497,0.317512274959083,1,1,1,1,1,1,0.329563812600969,1,0.322734499205087,0.310169491525424,0.600961538461538,0.681967213114754,1,1,0,0.315625,0.117363344051447,0.998449612403101,0.0358890701468189,1,1,0.317355371900826,1,1,0.625,0.42200328407225,0.99537037037037,0.0813008130081301,0.0943708609271523,1,1,1,0.0894308943089431,0,0.318681318681319,0.4192,0.316957210776545,0,0.32520325203252,0.0870279146141215,1,1,0.32755905511811,0.32182103610675,0.246835443037975,0.332242225859247,0.315705128205128,0.322734499205087,1,1,0.3278955954323,1,0,1,0.226904376012966,1,0.674603174603175,1,0.315619967793881,0.305921052631579,0.0754414125200642,0.6736,1,1,0.798387096774194,0.914141414141414,0.31973898858075,0.312602291325696,1,0.316129032258064,0.257698541329011,0.318407960199005,1,0.101910828025478,1,1,0.322632423756019,0.672667757774141,0.307817589576547,1,1,0.304487179487179,0.310509554140127,0.319018404907975,0.856677524429967,0.318481848184819,1,0.054140127388535,1,1,0.704180064308682,0.651685393258427,0.323283082077052,0.0542264752791069,0.315533980582524,1,1,0.308186195826645,0.323151125401929,0.637239165329053,1,0.303459119496855,0.384735202492212,0.314516129032258,0.987361769352291,0.486970684039088,0.00473186119873817,0.305111821086262,0.329173166926677,0.330618892508143,0.313114754098361,0.317757009345794,0.971246006389776,1,0.312101910828025,0.559663865546218,0.686084142394822,0.242765273311897,0.680743243243243,1,0.325396825396825,0.00163132137030995,0.331168831168831,0.307692307692308,0.368670886075949,0.317589576547231,0,0.332263242375602,0.32,0.327841845140033,0.318037974683544
"486",1,1,1,1,1,1,0.704318936877076,1,1,0.102177554438861,1,0.0479233226837061,0.806763285024155,1,0.321656050955414,0.29951690821256,0.0668789808917197,0.685337726523888,1,1,0.291056910569106,0.312602291325696,1,0.159420289855072,1,0.330696202531646,0.318555008210181,1,1,0.778861788617886,0.309904153354633,0.726837060702875,0.966719492868463,0.317460317460317,0,1,0.538338658146965,1,0.295238095238095,1,0.669918699186992,0.679549114331723,0.696969696969697,1,1,0.322475570032573,0.314009661835749,0.30952380952381,0.319620253164557,0.32695374800638,0,1,0.322061191626409,1,1,0.501633986928105,0.566993464052288,1,1,1,0.332807570977918,0.319488817891374,0.320325203252033,0.685575364667747,1,1,0.0388978930307942,1,0.0601851851851852,0.319182389937107,1,0.313099041533546,0.317957166392092,0.966722129783694,0.508038585209003,1,0.314194577352472,0.33489827856025,1,0.320723684210526,0.0838815789473684,0.325242718446602,0.325878594249201,1,0.33868378812199,1,1,1,1,0.693181818181818,1,1,0.00158982511923688,0.112341772151899,1,0.0485133020344288,0,1,0.559405940594059,0.678104575163399,1,0.0551053484602917,0.309148264984227,1,0.320450885668277,1,0.680952380952381,1,0.314696485623003,0.320695102685624,0.312302839116719,1,0.321711568938193,1,0.498427672955975,1,0.313725490196078,0.29903536977492,0.323343848580442,0.318979266347687,0.486656200941915,0.998405103668262,0.325,0.312811980033278,1,0.304975922953451,1,1,0.330143540669856,0.543171114599686,1,0.317741935483871,1,0.0434108527131783,1,0.317384370015949,0.6734375,0.322115384615385,0.930489731437599,0.427609427609428,0.103174603174603,0.10223642172524,1,1,0.326892109500805,1,0.325038880248834,1,0.804451510333863,1,0.328382838283828,1,1,1,1,0.330016583747927,1,0.319935691318328,0.260731319554849,1,0.306729264475743,1,0.290996784565916,0.0844155844155844,1,0.326229508196721,1,1,1,0.324960753532182,1,0.322115384615385,1,0.313880126182965,1,0.314424635332253,0.0763116057233704,1,0.638474295190713,1,1,0.311183144246353,1,1,1,1,0.318840579710145,0.3072,1,0.998371335504886,0.317460317460317,0.301458670988655,1,0.432907348242812,0.666666666666667,0,0.32120253164557,0.676100628930818,1,0.317262830482115,1,0.998417721518987,1,0.315024232633279,0.321259842519685,0.330128205128205,1,1,1,0,1,0.310064935064935,0.974193548387097,0.324058919803601,0.305732484076433,0.764516129032258,1,1,1,1,1,0.043338683788122,0.313628899835796,0.323343848580442,1,0.68621236133122,1,1,0.998394863563403,0.998397435897436,1,1,0.00471698113207547,0.319182389937107,1,0.316045380875203,1,0.304625199362041,1,1,1,1,1,0.32137030995106,1,0.514705882352941,0.327503974562798,0.322734499205087,0.308970099667774,0.318181818181818,0.329563812600969,0.418451400329489,0.328548644338118,0.31496062992126,0.305732484076433,1,0.314785373608903,1,0.691588785046729,0.309178743961353,0.312,0.329032258064516,1,1,1,0.253634894991922,0.311475409836066,1,0.310177705977383,0.331278890600925,0.314009661835749,0.320126782884311,0.686028257456829,1,0.327014218009479,0.313408723747981,1,0.293046357615894,1,0.305863708399366,0.309748427672956,1,1,1,0.542949756888169,1,0.690821256038647,0.0807453416149068,0.312,1,1,0.0993690851735016,0.322784810126582,0.322528363047002,1,1,0.2976,0.0269413629160063,0.00325732899022801,1,1,0.332288401253919,0.9984,1,0.315955766192733,1,1,0.3136,1,1,1,1,0.326923076923077,0.309148264984227,0.331691297208539,1,1,0.675039246467818,0.311793214862682,1,0.315132605304212,0.302884615384615,1,1,0.998407643312102,1,1,0.325769854132901,1,1,0.110743801652893,0.328100470957614,0.49512987012987,0.309061488673139,0.678972712680578,0.313385826771654,1,0.307443365695793,0.329635499207607,0.259083728278041,0.314375987361769,1,0.326717557251908,1,1,1,0.314102564102564,0.320754716981132,0.9984,0.922056384742952,0.067741935483871,1,0.309904153354633,0.325281803542673,0.313001605136437,1,0.323943661971831,0.481658692185008,0.329133858267717,0.302547770700637,0.312602291325696,0.305057096247961,1,0.32512315270936,1,1,0,1,0.318979266347687,1,1,1,0.325281803542673,1,0.311793214862682,1,0.829581993569132,1,1,1,0.315955766192733,1,1,0.302588996763754,0.315705128205128,1,1,0.309178743961353,0.192063492063492,1,0.998425196850394,1,0,0.311475409836066,1,0.307324840764331,0.245161290322581,1,0.676328502415459,0.437795275590551,1,1,0.673252279635258,0.695583596214511,0.345104333868379,1,0.314375987361769,1,1,0.33278955954323,1,0.998381877022654,0.0062992125984252,0.323624595469256,1,1,0.318840579710145,1,1,0.309210526315789,0.337060702875399,1,1,1,0.526148969889065,0.303858520900322,0.34584013050571,0.322884012539185,0.325434439178515,0.685897435897436,0.323854660347551,0.322834645669291,0.316037735849057,0.248,0.314662273476112,1,0.317683881064163,0.998402555910543,0.313001605136437,0.0872274143302181,0.050314465408805,1,1,0.0403225806451613,1,0.686708860759494,0.0445151033386327,0.0113452188006483,1,0.67741935483871,1,1,0.540983606557377,1,0,0.0788590604026846,1,1,1,0.324193548387097,0.646879756468798,0.689075630252101,0.993670886075949,1,0.9826224328594,0.305466237942122,0.344103392568659,1,0.295867768595041,1,0.370192307692308,0.108910891089109,0.308681672025723,0.3203125,0.330479452054795,1,0.0817610062893082,1,1,1,0.254746835443038,0.326765188834154,1,0.320785597381342,1,1,0.311320754716981,1,0.326086956521739,1,0.306188925081433,0.326860841423948,1,0.678855325914149,0.308049535603715,1,0.305958132045089,0.760697305863708,0.320872274143302,0.159677419354839,0.316770186335404,0.766025641025641,0.305111821086262,1,0.322683706070288,0.345425867507886,0.295055821371611,1,1,1,0.966555183946488,0.352745424292845,1,0.322847682119205,1,0.326050420168067,0.316692667706708,1,1,1,0.917741935483871,1,0.310618066561014,0.312698412698413,1,1,0.0489396411092985,0.0800653594771242,1,1,0.30655737704918,1,1,0.315533980582524,1,1,0.6848,0.5296875,1,0,1,1,0.101404056162246,0.328478964401294,1,0.318840579710145,0.998405103668262,0.963696369636964,0.9984,0.813804173354735,1,0.336079077429984,1,1,1,0,0.311973018549747,1,1,0.67479674796748,1,0.313915857605178,0.355095541401274,0.316211878009631,1,1,1,0.0926216640502355,0.320907617504052,0.0925619834710744,0.998373983739837,0.306477093206951,0.300632911392405,0.344444444444444,0,1,0.959807073954984,1,1,0.319672131147541,0.312893081761006,0.160130718954248,0.0420711974110032,0.319047619047619,0.316129032258064,0.3264,0.00165837479270315,0.315873015873016,1,0,0.315047021943574,1,1,1,0.306836248012719,0.31839258114374,0.0378912685337726,1,0.314696485623003,0.301587301587302,1,1,0.315705128205128,0.692691029900332,1,1,0.696343402225755,1,0.30298273155416,1,0.31139646869984,0.534810126582278,0.667197452229299,0.407176287051482,1,0.306122448979592,0.317666126418152,0.679873217115689,0.673501577287066,1,0.318979266347687,1,0.31924882629108,1,0.321951219512195,0.31404958677686,0.353130016051364,0.5136,0.322847682119205,0.312399355877617,0.675850891410049,0.311424100156495,0.143564356435644,1,0,1,0.293924466338259,1,0,0.325878594249201,0.316993464052288,1,0.0606531881804044,1,0.0869565217391304,0.338815789473684,1,0.0690208667736758,0.684887459807074,1,1,1,0.307178631051753,0.0395569620253165,1,0.427215189873418,0.0979133226324237,0.352755905511811,0.318471337579618,0.320251177394035,1,1,1,1,1,0.0651162790697674,0.996879875195008,0.690363349131122,0.0046875,0.320695102685624,1,1,1,1,0.0854430379746835,0.31911532385466,1,1,1,1,1,1,0.493808049535604,0.00162074554294976,1,0.0860719874804382,0.318252730109204,0.440322580645161,1,0.395081967213115,0.315436241610738,0.312399355877617,1,0.0445859872611465,0.33015873015873,1,1,0.374392220421394,0.305246422893482,0.315789473684211,0.323051948051948,0.998392282958199,0.318255250403877,0.314102564102564,0.412621359223301,0.317073170731707,0.9744,0.310832025117739,0.0916530278232406,0.320126782884311,0,1,0.087719298245614,0.30327868852459,0.312599681020734,0.316476345840131,1,1,1,1,1,1,0.325769854132901,1,0.318327974276527,0.315161839863714,0.608903020667727,0.676567656765677,1,1,0,0.318681318681319,0.121019108280255,0.998442367601246,0.0355411954765751,1,1,0.315619967793881,1,1,0.626016260162602,0.424749163879599,0.995384615384615,0.0829268292682927,0.104065040650407,1,1,1,0.0901771336553945,0,0.31378763866878,0.4224,0.316692667706708,0,0.323151125401929,0.0906148867313916,1,1,0.314465408805031,0.31687898089172,0.246774193548387,0.327922077922078,0.314873417721519,0.317965023847377,1,1,0.325769854132901,1,0,1,0.221138211382114,1,0.672955974842767,1,0.312,0.314424635332253,0.0780254777070064,0.676190476190476,1,1,0.786644951140065,0.898671096345515,0.324717285945073,0.310064935064935,1,0.311183144246353,0.2512,0.324193548387097,1,0.104669887278583,1,1,0.317817014446228,0.67741935483871,0.313821138211382,1,1,0.303599374021909,0.311501597444089,0.317683881064163,0.863414634146341,0.316309719934102,1,0.0590111642743222,1,1,0.6912,0.648562300319489,0.322847682119205,0.0591054313099042,0.323763955342903,1,1,0.314935064935065,0.3322528363047,0.6296875,1,0.312401883830455,0.375198728139905,0.306836248012719,0.98256735340729,0.474878444084279,0.00318979266347687,0.301587301587302,0.324492979719189,0.327390599675851,0.310517529215359,0.315625,0.971291866028708,1,0.309791332263242,0.545304777594728,0.691318327974277,0.231259968102073,0.687290969899666,1,0.324367088607595,0.00325732899022801,0.325806451612903,0.314102564102564,0.365814696485623,0.317230273752013,0,0.339144215530903,0.316831683168317,0.316476345840131,0.310289389067524
"487",0.290880503144654,0.302469135802469,0.306376360808709,0.323296354992076,0.307692307692308,0.297674418604651,0.0110236220472441,0.306122448979592,0.300925925925926,0.580031695721078,0.30781010719755,0.647779479326187,0.514774494556765,0.311728395061728,1,1,0.629402756508423,0,0.30952380952381,0.303353658536585,1,1,0.310708898944193,0.518461538461538,0.302431610942249,1,1,0.327102803738318,0.30421686746988,0.52803738317757,1,0.583206106870229,0.358346094946401,0.995348837209302,0.678627145085803,0.297077922077922,0.135303265940902,0.305810397553517,1,0.293577981651376,0.00155763239875389,0,0,0.315132605304212,0.303459119496855,1,0.996865203761755,1,1,1,0.699236641221374,0.325,1,0.312404287901991,0.303543913713405,0.818040435458787,0.119195046439628,0.310077519379845,0.303405572755418,0.31441717791411,0.993920972644377,1,1,0.003125,0.3072,0.304953560371517,0.668721109399075,0.319444444444444,0.623688155922039,1,0.304281345565749,1,1,0.277864992150706,0.166153846153846,0.308734939759036,1,0.995461422087746,0.309230769230769,1,0.606109324758842,1,1,0.309815950920245,1,0.31390134529148,0.307453416149068,0.313846153846154,0.308166409861325,0,0.310832025117739,0.318318318318318,0.698315467075038,0.584097859327217,0.308176100628931,0.653153153153153,0.689922480620155,0.303215926493109,0.118022328548644,0,0.302936630602782,0.626749611197512,1,0.307936507936508,1,0.30625,0,0.307453416149068,1,1,1,0.298299845440495,0.996946564885496,0.315625,0.206373292867982,0.298350824587706,1,0.371951219512195,1,1,0.206201550387597,0.310502283105023,1,1,0.318818040435459,1,0.313235294117647,0.303303303303303,0.37037037037037,0.760180995475113,0.309859154929577,1,0.309707241910632,0.644444444444444,0.323899371069182,1,0,1,0.366153846153846,0.883647798742138,0.590697674418605,0.606481481481482,0.298761609907121,0.311424100156495,1,0.302290076335878,1,0.290171606864275,0.497709923664122,0.315315315315315,1,0.298461538461538,0.308892355694228,0.308056872037915,0.307332293291732,1,0.293103448275862,1,0.43328335832084,0.316109422492401,1,0.306525037936267,1,0.6015625,0.309375,1,0.312883435582822,0.300763358778626,0.314329738058552,0.98936170212766,0.321592649310873,1,0.310344827586207,1,0.314194577352472,1,0.60061919504644,0.284839203675345,0.0331230283911672,0.289308176100629,0.307332293291732,1,0.29742033383915,0.30781010719755,0.309486780715397,0.316436251920123,1,1,0.31201248049922,0.314152410575428,1,1,0.314728682170543,0.245775729646697,0.0209267563527653,0.695852534562212,1,0.00151515151515152,0.312217194570136,1,0.31496062992126,0.29803328290469,0.306748466257669,0.996904024767802,1,1,0.317507418397626,0.304278922345483,0.302795031055901,0.691573926868045,0.296583850931677,1,0.322429906542056,1,1,0.438759689922481,0.314553990610329,0.312217194570136,0.309006211180124,0.294117647058824,0.30829420970266,0.653786707882535,1,1,0.30441400304414,0.00302571860816944,0.318731117824773,0.303759398496241,0.310291858678955,0.298484848484848,0.287250384024578,0.306547619047619,0.702909647779479,0.362121212121212,0.297090352220521,1,0.31832298136646,1,0.295281582952816,0.294025157232704,0.305295950155763,0.320754716981132,0.302066772655008,1,0.316923076923077,0.790297339593114,1,1,0.998420221169036,1,1,0.894154818325434,1,1,1,0.305847076461769,1,0.3125,0,1,0.381818181818182,1,0.320251177394035,0.308176100628931,0.304953560371517,0.422955974842767,1,0.315396113602392,1,1,1,1,0,0.305084745762712,1,1,0.316118935837246,1,0.310872894333844,1,1,0.302795031055901,0.310452418096724,0.286363636363636,0.15,0.31839258114374,0,0.6,1,0.310872894333844,0.309375,0.595166163141994,1,1,0.323899371069182,0.316037735849057,1,0.666666666666667,0.703588143525741,0.294930875576037,0.308306709265176,0.992447129909366,0.321372854914197,0.298219584569733,1,0.307339449541284,0.290769230769231,1,0.299065420560748,0.312210200927357,0.302611367127496,0.305936073059361,1,1,1,0.29595015576324,0.3125,0.00917431192660551,0.993779160186625,0.318818040435459,1,1,0.304084720121029,0.321212121212121,0.295208655332303,0.305772230889236,0.305426356589147,1,0.29570747217806,0.311248073959938,0.575,1,0.834890965732087,1,0,1,0.310089020771513,1,1,0.41743119266055,0.998470948012232,0.316614420062696,1,0.301092043681747,0.293846153846154,0.30781010719755,1,1,0.308980213089802,0.391096979332273,0.62111801242236,0.288611544461778,1,1,1,0.314873417721519,1,0.208074534161491,1,1,1,1,0.319634703196347,1,0.305246422893482,0.318818040435459,0.685099846390169,0.297637795275591,1,0.311627906976744,0.313343328335832,0.310236220472441,1,0.296969696969697,1,0.311940298507463,0.475460122699386,0.314728682170543,0.314873417721519,0.302003081664099,1,0.307210031347962,0.300925925925926,1,1,0.314503816793893,0.300911854103343,1,0.477341389728097,0.303937007874016,0.316030534351145,0.31969696969697,0.691019786910198,1,0.28343949044586,1,0.422712933753943,0.306477093206951,0,0.880844645550528,0.311424100156495,0.314814814814815,0,0.0264385692068429,0.984520123839009,0.310452418096724,1,0.299373040752351,0.313099041533546,1,0.312594840667678,0.304416403785489,0.674884437596302,1,0.31201248049922,0.313572542901716,1,0.306278713629403,0.302066772655008,1,0.343939393939394,0.303125,0.307219662058372,0.320872274143302,0.784283513097072,1,0.979559748427673,1,1,0,1,0.992307692307692,1,0.425076452599388,0.996840442338073,0.298219584569733,0.99236641221374,0.322932917316693,0.995461422087746,0.612275449101796,0.639817629179331,0.315068493150685,0.299694189602446,0.641421947449768,0.299363057324841,0,0.640866873065015,0.683720930232558,0.306278713629403,0,0.302180685358255,0.295031055900621,0.762578616352201,0.316770186335404,0.695852534562212,0.613418530351438,0.30568356374808,0.312121212121212,0.29483282674772,1,0.0251479289940828,0,0.301829268292683,0.314900153609831,0.32262996941896,1,0.340557275541796,0.320552147239264,1,0.29601226993865,0.944272445820433,0.57433489827856,1,1,0.99349593495935,0.308980213089802,0.614088820826952,0.310240963855422,0.307817589576547,0.309486780715397,0.423192771084337,1,0.305426356589147,1,0.309748427672956,0.311320754716981,1,0.302507836990596,1,0.310077519379845,1,1,0.31039755351682,0,1,0.3125,1,0.554531490015361,1,0.518348623853211,1,0.557275541795666,1,0.313880126182965,1,1,1,0.299694189602446,0.315047021943574,0.309774436090226,0.333868378812199,0.329093799682035,0.296296296296296,1,0.309375,1,1,0.313178294573643,0.31937984496124,0.309774436090226,0.381901840490798,0.314503816793893,1,1,0.318529862174579,0.313694267515924,0.639016897081413,0.60061919504644,0.311627906976744,0.314553990610329,1,0.304147465437788,0.303625377643505,0.993817619783617,0.29093799682035,0.30568356374808,0,0.138036809815951,0.304147465437788,0.690265486725664,0.309486780715397,0.312788906009245,0.602391629297459,0.996899224806202,0.3078125,1,0.30298273155416,0.338028169014085,0.305555555555556,0.477477477477477,0.31039755351682,1,0.313364055299539,0.30564263322884,0.32182103610675,0.694610778443114,1,0.3171875,0.311827956989247,0,0.315548780487805,0.998447204968944,0.952599388379205,1,0.318461538461538,0.317557251908397,0.307692307692308,0.592424242424242,1,0.607198748043818,0.322932917316693,1,1,0.965151515151515,0.684292379471229,0.314814814814815,0.346444780635401,0.310664605873261,0.311178247734139,1,1,0.510903426791277,0.642633228840125,1,1,0.998468606431853,0.701095461658842,1,0.313056379821958,0.690031152647975,1,0.30781010719755,0.315384615384615,0.308282208588957,0.996946564885496,1,0.655007949125596,0.307098765432099,1,1,0.320493066255778,0.29984544049459,0.9984375,0,0.304075235109718,0.297805642633229,0.00311526479750779,0.298780487804878,1,0.301092043681747,1,0.152798789712557,0,0.903759398496241,0.318461538461538,1,1,0,0,0.312210200927357,1,0.305246422893482,0.998507462686567,0.30503144654088,1,0.998432601880878,0.962962962962963,0.765151515151515,1,1,0.00307219662058372,1,0.518341307814992,0.317262830482115,0.683890577507599,0.319634703196347,1,0.301538461538462,0.682515337423313,1,1,0.302694136291601,0.624629080118694,0.319938176197836,0.600308641975309,0.975193798449612,0.31924882629108,0.611620795107034,0.0108864696734059,0.306625577812018,0.306278713629403,0.311077389984825,1,0.650075414781297,0.303215926493109,0.890262751159196,0.590979782270607,0.96996996996997,1,1,0.304878048780488,0.328525641025641,0.305511811023622,0.301075268817204,0.308755760368664,0.62704309063893,0.292237442922374,0,0.681952662721893,0.998473282442748,0.319875776397516,0.302936630602782,0.3056,0.313343328335832,0.607692307692308,1,0.321646341463415,0.327131782945736,0.31911532385466,0.313755795981453,0.31441717791411,0.306501547987616,0.196696696696697,0.696875,0.304482225656878,0.601823708206687,1,0.243491577335375,0.309230769230769,0.923556942277691,1,1,0.302003081664099,0.649624060150376,1,0.306870229007634,0.295665634674923,0.956043956043956,1,1,0.998402555910543,0.312121212121212,1,1,0.896713615023474,1,0.339449541284404,1,0.599041533546326,1,0.686453576864536,0.306278713629403,0.607692307692308,1,1,0.990683229813665,0.312788906009245,0.319213313161876,0.311526479750779,0.309451219512195,0.316957210776545,0.309859154929577,0.984399375975039,0.300911854103343,1,1,0.711627906976744,0,0.308510638297872,0.311077389984825,0.688650306748466,1,0.56989247311828,0.314674735249622,0.655384615384615,0.298299845440495,0.312893081761006,1,0.308056872037915,0.311475409836066,0.669278996865204,0.910685805422648,0.311572700296736,0.61259842519685,0.58695652173913,0.31733746130031,0.31832298136646,0.295558958652374,0.603076923076923,0.683969465648855,1,0.894899536321484,1,0.675226586102719,0.996870109546166,0.598746081504702,0.307453416149068,0.315457413249211,1,1,0.426179604261796,0.995222929936306,0.996960486322188,1,0.307692307692308,0.315467075038285,1,0.308148148148148,0.695987654320988,0.322981366459627,0.461658841940532,0.291600633914422,0,0.306184012066365,1,1,0.601538461538462,0,0.317829457364341,0.314329738058552,0.0951638065522621,0.398412698412698,1,1,0.304084720121029,1,0.41112828438949,1,0.318991097922849,0.592933947772657,0.308892355694228,0.312693498452012,1,0,1,0.299050632911392,0.309006211180124,1,1,1,0.429245283018868,1,0.313271604938272,0.630699088145897,0.315217391304348,0.317460317460317,0,0.0381679389312977,1,0.634108527131783,1,0.317411402157165,0.324921135646688,1,1,0.157251908396947,0.30381679389313,1,0.903323262839879,1,0.316109422492401,0.203100775193798,0.682588597842835,1,1,1,1,1,0.276018099547511,0.29320987654321,1,0.114832535885167,0,0.442218798151002,0,0.316279069767442,1,0.684698608964451,1,1,0.88719512195122,1,0.688650306748466,1,1,1,1
"488",1,1,1,1,1,1,0.705211726384365,1,1,0.104132231404959,1,0.0424528301886792,0.821428571428571,1,0.319554848966614,0.3088,0.0702028081123245,0.681592039800995,1,1,0.29093799682035,0.311183144246353,1,0.156398104265403,1,0.323854660347551,0.311501597444089,1,1,0.775244299674267,0.308176100628931,0.725984251968504,0.968404423380727,0.311004784688995,0,1,0.538827258320127,1,0.300623052959502,1,0.662420382165605,0.680445151033386,0.690140845070423,1,1,0.322006472491909,0.313099041533546,0.315625,0.323854660347551,0.32182103610675,0,1,0.308661417322835,1,1,0.503987240829346,0.561904761904762,1,1,1,0.329704510108865,0.316720257234727,0.321144674085851,0.680645161290323,1,1,0.0353697749196141,1,0.0600924499229584,0.320872274143302,1,0.321086261980831,0.324717285945073,0.970540098199673,0.509404388714734,1,0.313291139240506,0.3359375,1,0.31973898858075,0.0900163666121113,0.328593996840442,0.319047619047619,1,0.341732283464567,1,1,1,1,0.697305863708399,1,1,0,0.110759493670886,1,0.0449612403100775,0,1,0.556280587275693,0.677471636952998,1,0.0544,0.309294871794872,1,0.314009661835749,1,0.681020733652313,1,0.316455696202532,0.314465408805031,0.321259842519685,1,0.323899371069182,1,0.480376766091052,1,0.307936507936508,0.294488188976378,0.326120556414219,0.314606741573034,0.476340694006309,0.998410174880763,0.321766561514196,0.313432835820896,1,0.3088,1,1,0.325949367088608,0.548989113530327,1,0.313504823151125,1,0.0416024653312789,1,0.317111459968603,0.674085850556439,0.328593996840442,0.931528662420382,0.435855263157895,0.104265402843602,0.1,1,1,0.322169059011164,1,0.315870570107858,1,0.807874015748032,1,0.329052969502408,1,1,1,1,0.335987261146497,1,0.318327974276527,0.251956181533646,1,0.306349206349206,1,0.298722044728434,0.0901771336553945,1,0.321486268174475,1,1,1,0.331230283911672,1,0.321144674085851,1,0.312202852614897,1,0.3264,0.0752,1,0.642740619902121,1,1,0.306451612903226,1,1,1,1,0.321543408360129,0.312893081761006,1,0.998387096774194,0.318818040435459,0.31139646869984,1,0.443037974683544,0.673252279635258,0,0.317535545023697,0.675675675675676,1,0.31619937694704,1,0.998459167950693,1,0.318681318681319,0.321483771251932,0.316476345840131,1,1,1,0,1,0.304560260586319,0.977382875605816,0.32794830371567,0.306122448979592,0.746056782334385,1,1,1,1,1,0.0410742496050553,0.320450885668277,0.322734499205087,1,0.678071539657854,1,1,1,0.998425196850394,1,1,0.0015748031496063,0.317411402157165,1,0.312399355877617,1,0.299524564183835,1,1,1,1,1,0.325842696629214,1,0.510673234811166,0.324881141045959,0.322884012539185,0.316558441558442,0.314696485623003,0.335483870967742,0.422512234910277,0.32182103610675,0.317610062893082,0.31104199066874,1,0.32018927444795,1,0.688073394495413,0.319182389937107,0.302003081664099,0.338187702265372,1,1,1,0.250401284109149,0.310015898251192,1,0.318471337579618,0.327639751552795,0.314009661835749,0.322274881516588,0.688291139240506,1,0.326530612244898,0.314194577352472,1,0.298679867986799,1,0.311912225705329,0.317111459968603,1,1,1,0.534810126582278,1,0.686804451510334,0.0856697819314642,0.310236220472441,1,1,0.0998415213946117,0.317610062893082,0.326829268292683,1,1,0.303370786516854,0.0222929936305732,0.00162074554294976,1,1,0.339009287925697,0.998405103668262,1,0.316455696202532,1,1,0.31637519872814,1,1,1,1,0.332802547770701,0.308049535603715,0.332786885245902,1,1,0.675465838509317,0.313291139240506,1,0.317610062893082,0.303514376996805,1,1,0.998407643312102,1,1,0.327476038338658,1,1,0.106969205834684,0.334389857369255,0.494417862838915,0.296,0.676848874598071,0.318037974683544,1,0.310015898251192,0.329073482428115,0.25,0.322327044025157,1,0.325,1,1,1,0.309409888357257,0.326086956521739,0.998454404945904,0.925324675324675,0.0618892508143322,1,0.315457413249211,0.32137030995106,0.304065040650407,1,0.328682170542636,0.45933014354067,0.323854660347551,0.3072,0.317666126418152,0.317460317460317,1,0.323717948717949,1,1,0,1,0.320512820512821,1,1,1,0.331761006289308,1,0.313311688311688,1,0.845047923322684,1,1,1,0.315372424722662,1,1,0.318611987381703,0.31687898089172,1,1,0.312698412698413,0.190327613104524,1,0.998432601880878,1,0,0.317589576547231,1,0.311004784688995,0.235864297253635,1,0.6801872074883,0.438948995363215,1,1,0.676829268292683,0.702229299363057,0.343354430379747,1,0.318979266347687,1,1,0.33387358184765,1,0.998392282958199,0.00316455696202532,0.325434439178515,1,1,0.3216,1,1,0.310126582278481,0.325842696629214,1,1,1,0.534700315457413,0.309375,0.343949044585987,0.316358024691358,0.33596214511041,0.686804451510334,0.322834645669291,0.322734499205087,0.316692667706708,0.234920634920635,0.323101777059774,1,0.321428571428571,0.998422712933754,0.314641744548287,0.0871559633027523,0.0504731861198738,1,1,0.0369774919614148,1,0.684210526315789,0.0396825396825397,0.00481540930979133,1,0.675078864353312,1,1,0.541935483870968,1,0,0.0777957860615883,1,1,1,0.330645161290323,0.650075414781297,0.68976897689769,0.995297805642633,1,0.9858934169279,0.311216429699842,0.337007874015748,1,0.296474358974359,1,0.368839427662957,0.105939004815409,0.301261829652997,0.320433436532508,0.346283783783784,1,0.0790697674418605,1,1,1,0.253869969040248,0.323763955342903,1,0.3216,1,1,0.302507836990596,1,0.321483771251932,1,0.319354838709677,0.315705128205128,1,0.6864,0.316998468606432,1,0.3,0.76,0.315870570107858,0.161137440758294,0.322085889570552,0.774294670846395,0.308562197092084,1,0.325914149443561,0.338485316846986,0.293375394321767,1,1,1,0.972668810289389,0.331691297208539,1,0.319148936170213,1,0.32137030995106,0.309968847352025,1,1,1,0.919354838709677,1,0.309148264984227,0.311708860759494,1,1,0.0488599348534202,0.078525641025641,1,1,0.311897106109325,1,1,0.314285714285714,1,1,0.684210526315789,0.536050156739812,1,0,1,1,0.104524180967239,0.329052969502408,1,0.326498422712934,0.998407643312102,0.966772151898734,0.998412698412698,0.832807570977918,1,0.330065359477124,1,1,1,0,0.307820299500832,1,1,0.6768,1,0.322734499205087,0.356466876971609,0.313385826771654,1,1,1,0.0916149068322981,0.321428571428571,0.0907617504051864,0.9984,0.30188679245283,0.307210031347962,0.349606299212598,0,1,0.960691823899371,1,1,0.324149108589951,0.3078125,0.161189358372457,0.0368,0.321027287319422,0.306709265175719,0.32753164556962,0,0.315789473684211,1,0,0.3171875,1,1,1,0.316614420062696,0.313572542901716,0.0344827586206897,1,0.309294871794872,0.310725552050473,1,1,0.31637519872814,0.691927512355848,1,1,0.7008,1,0.318885448916409,1,0.317817014446228,0.527733755942948,0.666144200626959,0.416796267496112,1,0.296703296703297,0.311605723370429,0.683881064162754,0.669811320754717,1,0.328050713153724,1,0.318681318681319,1,0.320450885668277,0.310679611650485,0.346153846153846,0.526898734177215,0.317152103559871,0.308064516129032,0.666134185303514,0.316614420062696,0.143801652892562,1,0,1,0.291600633914422,1,0,0.322169059011164,0.329052969502408,1,0.0547945205479452,1,0.0907643312101911,0.33974358974359,1,0.065625,0.681962025316456,1,1,1,0.309328968903437,0.0365079365079365,1,0.4375,0.098705501618123,0.354587869362364,0.3216,0.3198127925117,1,1,1,1,1,0.0645161290322581,0.995363214837713,0.684375,0.00153846153846154,0.324324324324324,1,1,1,1,0.0874403815580286,0.314641744548287,1,1,1,1,1,1,0.481308411214953,0,1,0.0858034321372855,0.318037974683544,0.427662957074722,1,0.396411092985318,0.316912972085386,0.306349206349206,1,0.0381558028616852,0.3198127925117,1,1,0.366612111292962,0.311320754716981,0.310236220472441,0.322006472491909,0.998442367601246,0.329032258064516,0.318471337579618,0.426966292134831,0.315372424722662,0.974643423137876,0.307692307692308,0.0888157894736842,0.328100470957614,0,1,0.0923824959481361,0.30327868852459,0.325806451612903,0.320846905537459,1,1,1,1,1,1,0.332802547770701,1,0.324324324324324,0.313131313131313,0.605055292259084,0.681672025723473,1,1,0,0.312401883830455,0.117460317460317,0.998493975903614,0.032051282051282,1,1,0.308064516129032,1,1,0.618270799347471,0.423841059602649,0.996937212863706,0.0818619582664527,0.0988654781199352,1,1,1,0.087719298245614,0,0.323899371069182,0.423948220064725,0.314375987361769,0,0.336553945249597,0.0878594249201278,1,1,0.3198127925117,0.318979266347687,0.229903536977492,0.331707317073171,0.314728682170543,0.322169059011164,1,1,0.335483870967742,1,0,1,0.217322834645669,1,0.674050632911392,1,0.309033280507132,0.303571428571429,0.0772870662460568,0.677165354330709,1,1,0.797734627831715,0.890343698854337,0.318037974683544,0.317073170731707,1,0.320388349514563,0.2496,0.316558441558442,1,0.102201257861635,1,1,0.320063694267516,0.672697368421053,0.309677419354839,1,1,0.30952380952381,0.303317535545024,0.320373250388802,0.861337683523654,0.326892109500805,1,0.0530421216848674,1,1,0.695102685624013,0.648562300319489,0.323432343234323,0.0534591194968553,0.325878594249201,1,1,0.309409888357257,0.332797427652733,0.613312202852615,1,0.305732484076433,0.377742946708464,0.311912225705329,0.9859375,0.473344103392569,0.00157232704402516,0.307332293291732,0.324960753532182,0.332797427652733,0.314935064935065,0.318885448916409,0.970858895705521,1,0.318252730109204,0.552631578947368,0.6832,0.227129337539432,0.687707641196013,1,0.323390894819466,0.00322061191626409,0.330683624801272,0.309859154929577,0.369158878504673,0.3216,0,0.335453100158982,0.32183908045977,0.319286871961102,0.31687898089172
"489",0.296923076923077,0.321044546850998,0.318385650224215,0.330757341576507,0.314199395770393,0.31969696969697,0.00771604938271605,0.328808446455505,0.313813813813814,0.578369905956113,0.318385650224215,0.644042232277526,0.513636363636364,0.324242424242424,1,1,0.620535714285714,0,0.331288343558282,0.312024353120244,1,1,0.332835820895522,0.522255192878338,0.30952380952381,1,1,0.339035769828927,0.313521545319465,0.525914634146341,1,0.579970104633782,0.367164179104478,0.995447647951442,0.66156202143951,0.311111111111111,0.143074581430746,0.329941860465116,1,0.30952380952381,0.00301204819277108,0,0,0.327743902439024,0.317757009345794,1,0.994038748137109,1,1,1,0.691616766467066,0.327188940092166,1,0.32383808095952,0.315315315315315,0.813455657492355,0.121765601217656,0.322289156626506,0.31784107946027,0.328828828828829,0.992548435171386,1,1,0.00612557427258806,0.313572542901716,0.323308270676692,0.651908396946565,0.329286798179059,0.616417910447761,1,0.319465081723626,1,1,0.282608695652174,0.164670658682635,0.317109144542773,1,0.994038748137109,0.318452380952381,1,0.605633802816901,1,1,0.332326283987915,1,0.32561505065123,0.323574730354391,0.332824427480916,0.325227963525836,0,0.326656394453005,0.332848837209302,0.681681681681682,0.584683357879234,0.315870570107858,0.640532544378698,0.68133535660091,0.315868263473054,0.12326656394453,0,0.314589665653495,0.612708018154312,1,0.313846153846154,1,0.318796992481203,0,0.326186830015314,1,1,1,0.307807807807808,0.995481927710843,0.32383808095952,0.213235294117647,0.307467057101025,1,0.389380530973451,1,1,0.219033232628399,0.31570996978852,1,1,0.326500732064422,1,0.321167883211679,0.317507418397626,0.382621951219512,0.782544378698225,0.331278890600925,1,0.328746177370031,0.630882352941176,0.345368916797488,1,0.00150829562594268,1,0.368740515933232,0.893416927899687,0.584848484848485,0.598802395209581,0.316187594553706,0.325581395348837,1,0.316964285714286,1,0.301204819277108,0.494720965309201,0.325925925925926,1,0.311077389984825,0.311728395061728,0.326219512195122,0.332321699544765,1,0.310708898944193,1,0.44527736131934,0.327354260089686,1,0.3240058910162,1,0.592987804878049,0.319938176197836,1,0.323880597014925,0.31437125748503,0.336377473363775,0.985029940119761,0.328267477203647,1,0.329787234042553,1,0.322327044025157,1,0.591527987897126,0.309880239520958,0.0342146189735614,0.300455235204856,0.320417287630402,1,0.311450381679389,0.31981981981982,0.324773413897281,0.328313253012048,1,1,0.328125,0.329819277108434,1,1,0.327844311377246,0.248875562218891,0.021551724137931,0.685410334346505,1,0.00302114803625378,0.320474777448071,1,0.318252730109204,0.306451612903226,0.322822822822823,0.996992481203008,1,1,0.329866270430906,0.31875,0.316265060240964,0.680365296803653,0.311248073959938,1,0.343939393939394,1,1,0.454135338345865,0.326219512195122,0.322338830584708,0.327354260089686,0.304347826086957,0.316030534351145,0.643939393939394,1,1,0.31784107946027,0.00453172205438067,0.330860534124629,0.323529411764706,0.326251896813354,0.309063893016345,0.302431610942249,0.32,0.692537313432836,0.373887240356083,0.312594840667678,1,0.322085889570552,1,0.310240963855422,0.313546423135464,0.314285714285714,0.332822085889571,0.312111801242236,1,0.33037037037037,0.793478260869565,1,1,0.996918335901387,1,1,0.903076923076923,1,1,1,0.319587628865979,1,0.321428571428571,0,1,0.398496240601504,1,0.325190839694657,0.326219512195122,0.324200913242009,0.43161094224924,1,0.33037037037037,1,1,1,1,0,0.317629179331307,1,1,0.322188449848024,1,0.322822822822823,1,1,0.317557251908397,0.324492979719189,0.311844077961019,0.151515151515152,0.330804248861912,0,0.597953216374269,1,0.325892857142857,0.322480620155039,0.582959641255605,1,1,0.334883720930233,0.330792682926829,1,0.659732540861813,0.692073170731707,0.308868501529052,0.322274881516588,0.992679355783309,0.335854765506808,0.305309734513274,1,0.317220543806647,0.312874251497006,1,0.308755760368664,0.321044546850998,0.318452380952381,0.322678843226788,1,1,1,0.313636363636364,0.32824427480916,0.00600600600600601,0.990881458966565,0.318529862174579,1,1,0.318114874815906,0.326409495548961,0.305514157973174,0.319277108433735,0.32375189107413,1,0.319148936170213,0.320300751879699,0.568992248062016,1,0.847201210287443,1,0,1,0.326378539493294,1,1,0.424514200298954,0.99851411589896,0.328725038402458,1,0.315467075038285,0.308623298033283,0.324963072378139,1,1,0.323262839879154,0.399068322981366,0.609756097560976,0.305007587253414,1,1,1,0.322480620155039,1,0.216867469879518,1,1,1,1,0.325337331334333,1,0.32348367029549,0.334855403348554,0.672754946727549,0.306278713629403,1,0.328808446455505,0.325859491778774,0.318885448916409,1,0.311111111111111,1,0.328966521106259,0.469357249626308,0.323308270676692,0.324574961360124,0.311377245508982,1,0.320610687022901,0.303680981595092,1,1,0.324773413897281,0.318862275449102,1,0.479289940828402,0.323390894819466,0.334821428571429,0.336795252225519,0.67616191904048,1,0.299689440993789,1,0.43206106870229,0.310077519379845,0,0.877218934911243,0.324574961360124,0.323216995447648,0,0.0303951367781155,0.977511244377811,0.31892697466468,1,0.312121212121212,0.325545171339564,1,0.33033033033033,0.326153846153846,0.664133738601824,1,0.321100917431193,0.324200913242009,1,0.315946348733234,0.306501547987616,1,0.342301943198804,0.320182094081942,0.31508875739645,0.341389728096677,0.78955223880597,1,0.981679389312977,1,1,0.00153374233128834,1,0.992481203007519,1,0.443425076452599,0.996923076923077,0.312223858615611,0.992581602373887,0.331818181818182,0.995488721804511,0.610044313146233,0.632440476190476,0.318649045521292,0.315946348733234,0.638805970149254,0.323029366306028,0,0.63030303030303,0.678843226788432,0.319940476190476,0.00152439024390244,0.315950920245399,0.32185628742515,0.781874039938556,0.328849028400598,0.681818181818182,0.6,0.316998468606432,0.322916666666667,0.300604229607251,1,0.0289017341040462,0,0.319880418535127,0.332833583208396,0.329341317365269,1,0.354984894259819,0.315789473684211,1,0.308623298033283,0.93562874251497,0.57814871016692,1,1,0.992012779552716,0.3215859030837,0.60655737704918,0.325925925925926,0.315789473684211,0.320359281437126,0.435935198821797,1,0.315467075038285,1,0.324574961360124,0.326086956521739,1,0.321483771251932,1,0.327217125382263,1,1,0.318385650224215,0,1,0.333333333333333,1,0.563718140929535,1,0.509715994020927,1,0.549698795180723,1,0.31924882629108,1,1,1,0.315789473684211,0.333333333333333,0.324444444444444,0.345971563981043,0.353968253968254,0.309774436090226,1,0.32824427480916,1,1,0.328828828828829,0.323619631901841,0.318518518518519,0.384615384615385,0.327380952380952,1,1,0.332326283987915,0.340557275541796,0.629969418960245,0.597859327217125,0.325264750378215,0.322530864197531,1,0.309667673716012,0.325036603221083,0.993948562783661,0.306853582554517,0.311278195488722,0,0.140949554896142,0.318318318318318,0.673381294964029,0.309815950920245,0.326347305389222,0.599105812220566,0.998487140695915,0.312024353120244,1,0.310502283105023,0.345399698340875,0.310502283105023,0.472012102874433,0.319213313161876,1,0.322727272727273,0.327272727272727,0.335901386748844,0.685294117647059,1,0.325508607198748,0.323397913561848,0,0.327407407407407,0.998507462686567,0.946508172362556,1,0.31892697466468,0.330815709969789,0.316187594553706,0.590163934426229,1,0.592592592592593,0.333839150227618,1,1,0.959761549925484,0.667173252279635,0.333333333333333,0.352154531946508,0.324324324324324,0.321804511278195,1,1,0.519817073170732,0.628614916286149,1,1,0.998505231689088,0.685015290519878,1,0.323008849557522,0.680851063829787,1,0.335809806835067,0.320668693009119,0.318181818181818,0.997032640949555,1,0.651017214397496,0.331316187594554,1,1,0.328808446455505,0.319148936170213,0.998496240601504,0,0.324283559577677,0.305343511450382,0.00769230769230769,0.323880597014925,1,0.313755795981453,1,0.150521609538003,0,0.907352941176471,0.328808446455505,1,1,0,0.00148809523809524,0.322775263951735,1,0.314329738058552,0.997063142437592,0.311349693251534,1,0.998439937597504,0.959881129271917,0.790030211480363,1,1,0.00606980273141123,1,0.518808777429467,0.329305135951662,0.671111111111111,0.331838565022422,1,0.309815950920245,0.675149700598802,1,1,0.31875,0.620087336244541,0.330838323353293,0.591805766312595,0.968036529680365,0.336363636363636,0.606606606606607,0.0151975683890578,0.315629742033384,0.326894502228826,0.322436849925706,1,0.638483965014577,0.312035661218425,0.881458966565349,0.585253456221198,0.963343108504399,1,1,0.313813813813814,0.343605546995377,0.310185185185185,0.313725490196078,0.318250377073906,0.620991253644315,0.316100443131462,0,0.670058139534884,0.998511904761905,0.331838565022422,0.305597579425113,0.319620253164557,0.323572474377745,0.604545454545454,1,0.335329341317365,0.339366515837104,0.335925349922239,0.322678843226788,0.32185628742515,0.320061255742726,0.200594353640416,0.673780487804878,0.321100917431193,0.603915662650602,1,0.24251497005988,0.328267477203647,0.91705069124424,1,1,0.318731117824773,0.638680659670165,1,0.322962962962963,0.312688821752266,0.94969512195122,1,1,0.996870109546166,0.325373134328358,1,1,0.900459418070444,1,0.35,1,0.590625,1,0.673134328358209,0.315068493150685,0.603369065849923,1,1,0.990712074303406,0.328869047619048,0.329323308270677,0.327131782945736,0.326687116564417,0.328149300155521,0.325115562403698,0.980091883614089,0.316417910447761,1,1,0.730538922155689,0,0.32089552238806,0.31981981981982,0.677941176470588,1,0.568215892053973,0.331369661266568,0.640834575260805,0.322289156626506,0.321372854914197,1,0.321699544764795,0.322274881516588,0.705426356589147,0.914463452566096,0.328966521106259,0.608695652173913,0.581929555895865,0.33134328358209,0.331316187594554,0.304545454545455,0.591805766312595,0.676737160120846,1,0.886706948640483,1,0.659159159159159,0.996937212863706,0.595092024539877,0.316666666666667,0.321538461538462,1,1,0.443939393939394,0.992319508448541,0.996983408748115,1,0.316187594553706,0.328808446455505,1,0.323144104803493,0.680534918276374,0.334862385321101,0.469604863221884,0.311827956989247,0,0.316964285714286,1,1,0.603293413173653,0.00148367952522255,0.33033033033033,0.328290468986384,0.103395061728395,0.422360248447205,1,1,0.325337331334333,1,0.432098765432099,1,0.334306569343066,0.585585585585586,0.331297709923664,0.325038880248834,1,0,1,0.308282208588957,0.330757341576507,1,1,1,0.439509954058193,1,0.32370820668693,0.617777777777778,0.333832335329341,0.332298136645963,0.00149253731343284,0.0448430493273543,1,0.622556390977444,1,0.328808446455505,0.329754601226994,1,1,0.167414050822123,0.317700453857791,1,0.905044510385757,1,0.319277108433735,0.209480122324159,0.66865671641791,1,1,1,1,1,0.292101341281669,0.307575757575758,1,0.1171875,0.00152439024390244,0.444947209653092,0,0.326747720364742,1,0.672307692307692,1,1,0.88955223880597,1,0.68107302533532,1,1,1,1
"490",1,1,1,1,1,1,0.696284329563813,1,1,0.0958466453674121,1,0.046031746031746,0.808306709265176,1,0.318471337579618,0.306477093206951,0.0622083981337481,0.679738562091503,1,1,0.296703296703297,0.317384370015949,1,0.159305993690852,1,0.330745341614907,0.323101777059774,1,1,0.783521809369952,0.308917197452229,0.719188767550702,0.964560862865948,0.31687898089172,0,1,0.531446540880503,1,0.302147239263804,1,0.66824644549763,0.673534072900158,0.681957186544342,1,1,0.324149108589951,0.31911532385466,0.310769230769231,0.330721003134796,0.336492890995261,0,1,0.324074074074074,1,1,0.502377179080824,0.55205047318612,1,1,1,0.333333333333333,0.32967032967033,0.32120253164557,0.676190476190476,1,1,0.0398089171974522,1,0.0578386605783866,0.324031007751938,1,0.327014218009479,0.325806451612903,0.964856230031949,0.508500772797527,1,0.316846986089645,0.339477726574501,1,0.322475570032573,0.0923824959481361,0.33122028526149,0.329652996845426,1,0.341194968553459,1,1,1,1,0.687402799377916,1,1,0.00158730158730159,0.1078125,1,0.0473282442748092,0,1,0.550888529886914,0.67304625199362,1,0.05625,0.314465408805031,1,0.323151125401929,1,0.681388012618297,1,0.322932917316693,0.324492979719189,0.320373250388802,1,0.32807570977918,1,0.484615384615385,1,0.31937984496124,0.311248073959938,0.326120556414219,0.327044025157233,0.481366459627329,1,0.333850931677019,0.321486268174475,1,0.314641744548287,1,1,0.341732283464567,0.562406015037594,1,0.319554848966614,1,0.0443425076452599,1,0.316358024691358,0.672333848531685,0.335949764521193,0.932584269662921,0.436392914653784,0.104199066874028,0.10031847133758,1,1,0.333333333333333,1,0.320552147239264,1,0.796636085626911,1,0.326332794830372,1,1,1,1,0.345541401273885,1,0.322784810126582,0.264797507788162,1,0.309486780715397,1,0.307448494453249,0.0847723704866562,1,0.317891373801917,1,1,1,0.343799058084772,1,0.330658105939005,1,0.312202852614897,1,0.317965023847377,0.0751173708920188,1,0.623762376237624,1,1,0.326465927099842,1,1,1,1,0.330670926517572,0.315789473684211,1,1,0.322884012539185,0.310509554140127,1,0.438871473354232,0.667170953101362,0,0.329113924050633,0.66984126984127,1,0.329738058551618,1,1,1,0.323854660347551,0.326018808777429,0.328502415458937,1,1,1,0,1,0.315705128205128,0.9734375,0.322169059011164,0.318181818181818,0.740219092331768,1,1,1,1,1,0.0445859872611465,0.323763955342903,0.326120556414219,1,0.667189952904239,1,1,0.9984375,1,1,1,0.00460829493087558,0.333333333333333,1,0.314102564102564,1,0.307936507936508,1,1,1,1,1,0.324921135646688,1,0.507936507936508,0.326018808777429,0.32093023255814,0.32120253164557,0.31911532385466,0.333863275039746,0.427215189873418,0.340189873417722,0.31937984496124,0.313572542901716,1,0.31924882629108,1,0.68266253869969,0.31496062992126,0.325617283950617,0.338118022328549,1,1,1,0.262166405023548,0.312597200622084,1,0.3264,0.332312404287902,0.315286624203822,0.328125,0.674491392801252,1,0.328220858895706,0.321086261980831,1,0.311688311688312,1,0.318885448916409,0.318681318681319,1,1,1,0.529133858267717,1,0.681962025316456,0.081447963800905,0.324367088607595,1,1,0.0964230171073095,0.321483771251932,0.328502415458937,1,1,0.308056872037915,0.0251177394034537,0.00320512820512821,1,1,0.334890965732087,0.998427672955975,1,0.315132605304212,1,1,0.320987654320988,1,1,1,1,0.334370139968896,0.3125,0.335483870967742,1,1,0.664050235478807,0.3232,1,0.323529411764706,0.307324840764331,1,1,1,1,1,0.331738437001595,1,1,0.108064516129032,0.329211746522411,0.500797448165869,0.310897435897436,0.665610142630745,0.317829457364341,1,0.312401883830455,0.330188679245283,0.267584097859327,0.319875776397516,1,0.331797235023041,1,1,1,0.31139646869984,0.321483771251932,1,0.923701298701299,0.0619047619047619,1,0.316692667706708,0.323151125401929,0.31378763866878,1,0.334365325077399,0.465408805031447,0.325508607198748,0.313195548489666,0.316720257234727,0.301261829652997,1,0.3312,1,1,0,1,0.323671497584541,1,1,1,0.333865814696486,1,0.31911532385466,1,0.833594976452119,1,1,1,0.316535433070866,1,1,0.3109375,0.31875,1,1,0.31832298136646,0.1850699844479,1,1,1,0,0.321027287319422,1,0.315955766192733,0.258785942492013,1,0.66820987654321,0.441358024691358,1,1,0.675265553869499,0.697965571205008,0.348909657320872,1,0.32967032967033,1,1,0.329635499207607,1,1,0.00625,0.330683624801272,1,1,0.326923076923077,1,1,0.315286624203822,0.343799058084772,1,1,1,0.530708661417323,0.315955766192733,0.341732283464567,0.321156773211568,0.334379905808477,0.687106918238994,0.327131782945736,0.324534161490683,0.317901234567901,0.251956181533646,0.32516339869281,1,0.326086956521739,1,0.322884012539185,0.0820668693009119,0.0529595015576324,1,1,0.0396825396825397,1,0.68062015503876,0.0456692913385827,0.00943396226415094,1,0.670866141732283,1,1,0.559294871794872,1,0,0.074313408723748,1,1,1,0.326860841423948,0.641791044776119,0.682565789473684,0.993779160186625,1,0.985759493670886,0.305863708399366,0.349056603773585,1,0.30503144654088,1,0.380348652931854,0.101426307448494,0.316692667706708,0.325038880248834,0.333892617449664,1,0.077639751552795,1,1,1,0.271212121212121,0.3232,1,0.322169059011164,1,1,0.310077519379845,1,0.327217125382263,1,0.3136,0.324451410658307,1,0.677215189873418,0.317484662576687,1,0.325914149443561,0.764521193092622,0.320552147239264,0.162538699690402,0.326656394453005,0.762658227848101,0.309409888357257,1,0.327586206896552,0.3375,0.292721518987342,1,1,1,0.968646864686469,0.35108153078203,1,0.3354943273906,1,0.32300163132137,0.32824427480916,1,1,1,0.919303797468354,1,0.316030534351145,0.32182103610675,1,1,0.0470016207455429,0.0775316455696203,1,1,0.310618066561014,1,1,0.327073552425665,1,1,0.675118858954041,0.52241112828439,1,0,1,1,0.0993788819875776,0.324367088607595,1,0.327044025157233,1,0.964516129032258,1,0.819314641744548,1,0.333333333333333,1,1,1,0,0.32520325203252,1,1,0.669871794871795,1,0.319182389937107,0.364632237871674,0.325077399380805,1,1,1,0.0934150076569678,0.324324324324324,0.0893141945773525,1,0.31104199066874,0.308755760368664,0.362637362637363,0,1,0.9578125,1,1,0.331723027375201,0.310077519379845,0.164296998420221,0.0411392405063291,0.322222222222222,0.312202852614897,0.332293291731669,0.00161290322580645,0.317262830482115,1,0,0.323619631901841,1,1,1,0.325508607198748,0.323574730354391,0.0360065466448445,1,0.320126782884311,0.309968847352025,1,1,0.319620253164557,0.691935483870968,1,1,0.689984101748808,1,0.319938176197836,1,0.325434439178515,0.516079632465544,0.667701863354037,0.417565485362096,1,0.306853582554517,0.327131782945736,0.673946957878315,0.660493827160494,1,0.327639751552795,1,0.328725038402458,1,0.320634920634921,0.315619967793881,0.35377358490566,0.530326594090202,0.332263242375602,0.314785373608903,0.666136724960254,0.317610062893082,0.15112540192926,1,0,1,0.295161290322581,1,0,0.327586206896552,0.319047619047619,1,0.0558912386706949,1,0.0838607594936709,0.34493670886076,1,0.0619195046439628,0.665620094191523,1,1,1,0.314424635332253,0.0416024653312789,1,0.432907348242812,0.0960912052117264,0.363636363636364,0.333855799373041,0.327102803738318,1,1,1,1,1,0.0625,0.996932515337423,0.675078864353312,0.00454545454545455,0.324451410658307,1,1,1,1,0.0841121495327103,0.320493066255778,1,1,1,1,1,1,0.483076923076923,0.00158982511923688,1,0.0822981366459627,0.326594090202177,0.433229813664596,1,0.414125200642055,0.311074918566775,0.315047021943574,1,0.0422535211267606,0.325190839694657,1,1,0.375394321766562,0.3109375,0.323809523809524,0.325806451612903,1,0.333865814696486,0.322932917316693,0.416534181240064,0.3265625,0.975077881619938,0.313364055299539,0.0809061488673139,0.324960753532182,0,1,0.0884676145339652,0.313099041533546,0.317965023847377,0.323624595469256,1,1,1,1,1,1,0.331189710610932,1,0.322932917316693,0.322847682119205,0.600315955766193,0.6832,1,1,0,0.324574961360124,0.117004680187207,1,0.0349206349206349,1,1,0.317891373801917,1,1,0.642405063291139,0.420361247947455,0.996996996996997,0.0807754442649435,0.100158982511924,1,1,1,0.0862068965517241,0,0.323390894819466,0.42515923566879,0.321646341463415,0,0.325878594249201,0.0845295055821372,1,1,0.328100470957614,0.325581395348837,0.25,0.334394904458599,0.31733746130031,0.324451410658307,1,1,0.337559429477021,1,0,1,0.223809523809524,1,0.669781931464174,1,0.321086261980831,0.305511811023622,0.0791139240506329,0.675265553869499,1,1,0.793478260869565,0.906349206349206,0.318840579710145,0.314009661835749,1,0.326923076923077,0.258267716535433,0.323717948717949,1,0.102803738317757,1,1,0.322932917316693,0.669341894060995,0.310897435897436,1,1,0.311349693251534,0.314375987361769,0.321100917431193,0.861904761904762,0.321486268174475,1,0.0559875583203732,1,1,0.693270735524257,0.645110410094637,0.319870759289176,0.055205047318612,0.321486268174475,1,1,0.310618066561014,0.335463258785943,0.612654320987654,1,0.311526479750779,0.375389408099688,0.310832025117739,0.982839313572543,0.464856230031949,0.0031496062992126,0.304347826086957,0.323076923076923,0.332794830371567,0.320388349514563,0.326153846153846,0.974921630094044,1,0.31619937694704,0.534090909090909,0.678343949044586,0.245696400625978,0.687296416938111,1,0.330203442879499,0.00315457413249211,0.326625386996904,0.31924882629108,0.37914691943128,0.325878594249201,0,0.34375,0.322632423756019,0.328,0.3109375
"491",0.292604501607717,0.296998420221169,0.311526479750779,0.3184,0.304897314375987,0.2992,0.012924071082391,0.310126582278481,0.308056872037915,0.582802547770701,0.304416403785489,0.655712050078247,0.511773940345369,0.309148264984227,1,1,0.63452566096423,0,0.314194577352472,0.303459119496855,1,1,0.309968847352025,0.534562211981567,0.304347826086957,1,1,0.320261437908497,0.29264475743349,0.511075949367089,1,0.58359133126935,0.349453978159126,0.996830427892235,0.67205169628433,0.302013422818792,0.145339652448657,0.3140625,1,0.296062992125984,0,0,0,0.327503974562798,0.305111821086262,1,0.996850393700787,1,1,1,0.702492211838006,0.318471337579618,1,0.3152,0.302180685358255,0.814580031695721,0.130781499202552,0.31637519872814,0.307931570762053,0.308056872037915,0.993759750390016,1,1,0.00318979266347687,0.298217179902755,0.311912225705329,0.662957074721781,0.314553990610329,0.618461538461539,1,0.304552590266876,1,1,0.273615635179153,0.167449139280125,0.308049535603715,1,0.9953125,0.315301391035549,1,0.611382113821138,1,1,0.315384615384615,1,0.316770186335404,0.30064308681672,0.318541996830428,0.308661417322835,0,0.312796208530806,0.311450381679389,0.695859872611465,0.58887171561051,0.309636650868878,0.654907975460123,0.689655172413793,0.300613496932515,0.116693679092382,0,0.309148264984227,0.629213483146067,1,0.311793214862682,1,0.311111111111111,0,0.31637519872814,1,1,1,0.293375394321767,0.998435054773083,0.315955766192733,0.207951070336391,0.30030487804878,1,0.392801251956182,1,1,0.21256038647343,0.295774647887324,1,1,0.321981424148607,1,0.305263157894737,0.310664605873261,0.378125,0.769349845201238,0.30655737704918,1,0.315789473684211,0.646341463414634,0.319935691318328,1,0,1,0.361198738170347,0.884244372990354,0.5829307568438,0.605388272583201,0.306603773584906,0.311183144246353,1,0.309968847352025,1,0.301261829652997,0.493108728943338,0.31839258114374,1,0.301391035548686,0.310725552050473,0.312698412698413,0.318541996830428,1,0.299373040752351,1,0.446177847113885,0.309486780715397,1,0.309341500765697,1,0.605633802816901,0.3125,1,0.30625,0.304075235109718,0.31687898089172,0.989130434782609,0.322222222222222,1,0.307324840764331,1,0.313213703099511,1,0.601880877742947,0.287284144427002,0.0307941653160454,0.279742765273312,0.301092043681747,1,0.296650717703349,0.310344827586207,0.316614420062696,0.320813771517997,1,1,0.330097087378641,0.307210031347962,1,1,0.311526479750779,0.234276729559748,0.0181543116490166,0.697492163009404,1,0,0.308661417322835,1,0.313099041533546,0.304953560371517,0.310236220472441,0.998447204968944,1,1,0.315467075038285,0.301765650080257,0.308544303797468,0.686804451510334,0.294488188976378,1,0.320126782884311,1,1,0.455259026687598,0.310679611650485,0.311708860759494,0.311912225705329,0.307931570762053,0.3104,0.653418124006359,1,1,0.301391035548686,0.0031104199066874,0.322932917316693,0.30521472392638,0.312599681020734,0.298136645962733,0.298578199052133,0.321212121212121,0.699530516431925,0.378504672897196,0.296583850931677,1,0.318471337579618,1,0.306376360808709,0.297939778129952,0.308306709265176,0.321486268174475,0.312101910828025,1,0.312401883830455,0.793929712460064,1,1,1,1,1,0.896661367249603,1,1,1,0.309968847352025,1,0.312,0,1,0.398763523956723,1,0.315372424722662,0.314194577352472,0.309262166405024,0.436507936507937,1,0.311526479750779,1,1,1,1,0,0.305511811023622,1,1,0.312698412698413,1,0.3171875,1,1,0.303370786516854,0.310679611650485,0.290679304897314,0.159375,0.315112540192926,0,0.606106870229008,1,0.311627906976744,0.313195548489666,0.590062111801242,1,1,0.317230273752013,0.320634920634921,1,0.666136724960254,0.70327868852459,0.303514376996805,0.303425774877651,0.993846153846154,0.320695102685624,0.295454545454545,1,0.309636650868878,0.296703296703297,1,0.294212218649518,0.306349206349206,0.304552590266876,0.306729264475743,1,1,1,0.302362204724409,0.317460317460317,0.00628930817610063,0.995215311004785,0.326332794830372,1,1,0.301538461538462,0.311424100156495,0.292452830188679,0.304075235109718,0.301092043681747,1,0.29140127388535,0.301261829652997,0.583067092651757,1,0.835987261146497,1,0,1,0.318461538461538,1,1,0.440625,1,0.311708860759494,1,0.308917197452229,0.294025157232704,0.307210031347962,1,1,0.317034700315457,0.388349514563107,0.620355411954766,0.29073482428115,1,1,1,0.309033280507132,1,0.213141025641026,1,1,1,1,0.31937984496124,1,0.314569536423841,0.32755905511811,0.688995215311005,0.298887122416534,1,0.315047021943574,0.310664605873261,0.301612903225806,1,0.298299845440495,1,0.315384615384615,0.468652037617555,0.312302839116719,0.31637519872814,0.303599374021909,1,0.307936507936508,0.298578199052133,1,1,0.311708860759494,0.303656597774245,1,0.492211838006231,0.304418985270049,0.318681318681319,0.3171875,0.690737833594976,1,0.283870967741935,1,0.435772357723577,0.304552590266876,0,0.87402799377916,0.313915857605178,0.304075235109718,0,0.0300157977883096,0.982539682539682,0.304761904761905,1,0.298217179902755,0.309061488673139,1,0.320251177394035,0.316957210776545,0.681818181818182,1,0.314375987361769,0.309148264984227,1,0.310291858678955,0.300319488817891,1,0.344236760124611,0.298245614035088,0.309119010819165,0.315955766192733,0.795031055900621,1,0.98389694041868,1,1,0,1,0.995341614906832,1,0.440625,0.998402555910543,0.303875968992248,0.9953125,0.31687898089172,0.996879875195008,0.609351432880845,0.644409937888199,0.30625,0.3046875,0.655763239875389,0.308319738988581,0,0.645569620253165,0.6875,0.309968847352025,0,0.310236220472441,0.2984375,0.777955271565495,0.314241486068111,0.697784810126582,0.608626198083067,0.308306709265176,0.3078125,0.288188976377953,1,0.0258358662613982,0,0.3109375,0.314785373608903,0.315870570107858,1,0.350157728706625,0.307086614173228,1,0.302034428794992,0.940251572327044,0.577777777777778,1,1,0.993288590604027,0.31104199066874,0.623052959501558,0.319018404907975,0.301639344262295,0.296411856474259,0.435458786936236,1,0.297906602254428,1,0.314424635332253,0.306188925081433,1,0.319354838709677,1,0.3136,1,1,0.306836248012719,0,1,0.315707620528771,1,0.551505546751189,1,0.523510971786834,1,0.545310015898251,1,0.316720257234727,1,1,1,0.300157977883096,0.305466237942122,0.310502283105023,0.345218800648298,0.340983606557377,0.295886075949367,1,0.31378763866878,1,1,0.316118935837246,0.312893081761006,0.30521472392638,0.374608150470219,0.315870570107858,1,1,0.324534161490683,0.315112540192926,0.633440514469453,0.600321027287319,0.304416403785489,0.3104,1,0.294025157232704,0.305555555555556,0.996860282574568,0.291803278688525,0.299689440993789,0,0.144427001569859,0.308306709265176,0.692307692307692,0.306581059390048,0.313971742543171,0.609567901234568,0.996810207336523,0.301765650080257,1,0.303599374021909,0.330658105939005,0.311216429699842,0.464788732394366,0.306122448979592,1,0.3140625,0.311897106109325,0.319935691318328,0.70077519379845,1,0.310679611650485,0.3125,0,0.321483771251932,1,0.952160493827161,1,0.309968847352025,0.3125,0.309904153354633,0.600311041990669,1,0.607717041800643,0.335443037974684,1,1,0.967084639498433,0.684713375796178,0.31629392971246,0.335403726708075,0.306836248012719,0.305164319248826,1,1,0.519354838709677,0.638230647709321,1,1,1,0.695161290322581,1,0.315950920245399,0.698412698412698,1,0.31937984496124,0.303514376996805,0.310015898251192,0.998435054773083,1,0.656301145662848,0.309859154929577,1,1,0.31496062992126,0.303125,1,0,0.303317535545024,0.30188679245283,0.00474683544303797,0.302611367127496,1,0.30173775671406,1,0.156346749226006,0,0.906009244992296,0.318181818181818,1,1,0,0,0.31637519872814,1,0.308319738988581,1,0.302547770700637,1,0.998415213946117,0.963779527559055,0.773584905660377,1,1,0.0046875,1,0.527004909983633,0.319935691318328,0.68062015503876,0.322429906542056,1,0.299065420560748,0.681181959564541,1,1,0.311074918566775,0.629179331306991,0.3198127925117,0.593004769475358,0.968253968253968,0.319685039370079,0.619344773790952,0.0111287758346582,0.310236220472441,0.30173775671406,0.309486780715397,1,0.652582159624413,0.297839506172839,0.88801261829653,0.60126582278481,0.967084639498433,1,1,0.307332293291732,0.325878594249201,0.302250803858521,0.304416403785489,0.304212168486739,0.631172839506173,0.296875,0,0.686186186186186,0.998420221169036,0.312698412698413,0.29635499207607,0.310789049919485,0.311349693251534,0.609375,1,0.323574730354391,0.325358851674641,0.322528363047002,0.310897435897436,0.294303797468354,0.303317535545024,0.204615384615385,0.687702265372168,0.31378763866878,0.604938271604938,1,0.241706161137441,0.30952380952381,0.92258064516129,1,1,0.307570977917981,0.647244094488189,1,0.306603773584906,0.294488188976378,0.952998379254457,1,1,0.998425196850394,0.308892355694228,1,1,0.897271268057785,1,0.342679127725857,1,0.611290322580645,1,0.683385579937304,0.302652106084243,0.611745513866232,1,1,0.992,0.314641744548287,0.304212168486739,0.312803889789303,0.307086614173228,0.317152103559871,0.312903225806452,0.982315112540193,0.306729264475743,1,1,0.720679012345679,0,0.309968847352025,0.31055900621118,0.691358024691358,1,0.572327044025157,0.318529862174579,0.658227848101266,0.301282051282051,0.306055646481178,1,0.309409888357257,0.309602649006623,0.698717948717949,0.908507223113965,0.320300751879699,0.612277867528271,0.583333333333333,0.317535545023697,0.317152103559871,0.293375394321767,0.607255520504732,0.686821705426357,1,0.893987341772152,1,0.677018633540373,0.998412698412698,0.597110754414125,0.301587301587302,0.311183144246353,1,1,0.441497659906396,0.995230524642289,0.996879875195008,1,0.29746835443038,0.319182389937107,1,0.308868501529052,0.686520376175549,0.322222222222222,0.479495268138801,0.292332268370607,0,0.2984375,1,1,0.6125,0,0.323763955342903,0.312698412698413,0.10459587955626,0.414239482200647,1,1,0.312597200622084,1,0.431962025316456,1,0.323574730354391,0.598736176935229,0.319182389937107,0.307568438003221,1,0,1,0.295269168026101,0.311111111111111,1,1,1,0.43042071197411,1,0.30952380952381,0.635093167701863,0.322784810126582,0.317384370015949,0,0.0408805031446541,1,0.634340222575517,1,0.314873417721519,0.319354838709677,1,1,0.170015455950541,0.302694136291601,1,0.906396255850234,1,0.316846986089645,0.202898550724638,0.675465838509317,1,1,1,1,1,0.282608695652174,0.296,1,0.117073170731707,0,0.454823889739663,0,0.317384370015949,1,0.686804451510334,1,1,0.889589905362776,1,0.692667706708268,1,1,1,1
"492",0.299352750809061,0.311811023622047,0.313099041533546,0.331230283911672,0.305511811023622,0.308527131782946,0.0113085621970921,0.32484076433121,0.30829420970266,0.577170418006431,0.320373250388802,0.63452566096423,0.511182108626198,0.321372854914197,1,1,0.616588419405321,0,0.334394904458599,0.313572542901716,1,1,0.320813771517997,0.521060842433697,0.308282208588957,1,1,0.336585365853659,0.318529862174579,0.531045751633987,1,0.59594383775351,0.36875,0.995238095238095,0.667726550079491,0.3125,0.138674884437596,0.321428571428571,1,0.308166409861325,0.00315955766192733,0,0,0.328502415458937,0.315024232633279,1,0.993630573248408,1,1,1,0.691222570532915,0.328050713153724,1,0.32398753894081,0.322981366459627,0.808612440191388,0.124409448818898,0.31924882629108,0.320493066255778,0.323943661971831,0.992295839753467,1,1,0.00627943485086342,0.314935064935065,0.317829457364341,0.647798742138365,0.325038880248834,0.609567901234568,1,0.32182103610675,1,1,0.274636510500808,0.156589147286822,0.322775263951735,1,0.993798449612403,0.322429906542056,1,0.602564102564103,1,1,0.328149300155521,1,0.32262996941896,0.322734499205087,0.327586206896552,0.321656050955414,0,0.322061191626409,0.32375189107413,0.683229813664596,0.591614906832298,0.315789473684211,0.63452566096423,0.68167701863354,0.311728395061728,0.126229508196721,0,0.306477093206951,0.6192,1,0.307438016528926,1,0.328571428571429,0,0.319620253164557,1,1,1,0.3078125,0.995305164319249,0.325984251968504,0.216923076923077,0.311550151975684,1,0.36833855799373,1,1,0.20919175911252,0.311912225705329,1,1,0.325984251968504,1,0.321699544764795,0.313364055299539,0.363636363636364,0.765069551777434,0.323671497584541,1,0.330173775671406,0.638009049773756,0.333333333333333,1,0.0015552099533437,1,0.380877742946708,0.895867768595041,0.585987261146497,0.595611285266458,0.313291139240506,0.3278955954323,1,0.3198127925117,1,0.307570977917981,0.505511811023622,0.327666151468315,1,0.313385826771654,0.314785373608903,0.325471698113208,0.32807570977918,1,0.303317535545024,1,0.434169278996865,0.33125,1,0.324615384615385,1,0.590189873417722,0.321711568938193,1,0.317683881064163,0.316770186335404,0.33015873015873,0.987538940809969,0.320063694267516,1,0.324367088607595,1,0.321486268174475,1,0.5890625,0.302180685358255,0.0342019543973941,0.303514376996805,0.315047021943574,1,0.309262166405024,0.321086261980831,0.323943661971831,0.332283464566929,1,1,0.330097087378641,0.32398753894081,1,1,0.327586206896552,0.248818897637795,0.0226586102719033,0.682034976152623,1,0.00313971742543171,0.313479623824451,1,0.320967741935484,0.305343511450382,0.320433436532508,0.996884735202492,1,1,0.327718223583461,0.318840579710145,0.329211746522411,0.676236044657097,0.305246422893482,1,0.343402225755167,1,1,0.438184663536776,0.332288401253919,0.319620253164557,0.328682170542636,0.305511811023622,0.31687898089172,0.639937106918239,1,1,0.313084112149533,0.00469483568075117,0.324574961360124,0.330792682926829,0.321316614420063,0.302795031055901,0.30173775671406,0.317557251908397,0.695652173913043,0.370199692780338,0.305511811023622,1,0.321766561514196,1,0.316358024691358,0.306089743589744,0.308056872037915,0.331189710610932,0.315270935960591,1,0.3234375,0.801916932907348,1,1,0.996835443037975,1,1,0.899350649350649,1,1,1,0.310664605873261,1,0.326298701298701,0,1,0.382848392036753,1,0.321259842519685,0.325396825396825,0.315457413249211,0.418238993710692,1,0.322734499205087,1,1,1,1,0,0.315286624203822,1,1,0.324881141045959,1,0.323029366306028,1,1,0.309791332263242,0.323763955342903,0.30298273155416,0.151273885350318,0.325434439178515,0,0.595712098009188,1,0.321766561514196,0.318541996830428,0.574961360123648,1,1,0.326829268292683,0.332268370607029,1,0.658767772511848,0.6976,0.313195548489666,0.31810766721044,0.993975903614458,0.325949367088608,0.302003081664099,1,0.315625,0.30564263322884,1,0.311912225705329,0.321486268174475,0.317610062893082,0.325949367088608,1,1,1,0.304278922345483,0.324960753532182,0.00622083981337481,0.990639625585023,0.326892109500805,1,1,0.313846153846154,0.33179012345679,0.304953560371517,0.32182103610675,0.316770186335404,1,0.299524564183835,0.315541601255887,0.560192616372392,1,0.838351822503962,1,0,1,0.32469512195122,1,1,0.414556962025316,0.998439937597504,0.32484076433121,1,0.30829420970266,0.307814992025518,0.312796208530806,1,1,0.319685039370079,0.403908794788274,0.605431309904153,0.302737520128824,1,1,1,0.322061191626409,1,0.210862619808307,1,1,1,1,0.330232558139535,1,0.317073170731707,0.332805071315372,0.681818181818182,0.304347826086957,1,0.321316614420063,0.312307692307692,0.312091503267974,1,0.311349693251534,1,0.326219512195122,0.477657935285054,0.330708661417323,0.328525641025641,0.323076923076923,1,0.323296354992076,0.308056872037915,1,1,0.326086956521739,0.313195548489666,1,0.47906976744186,0.320325203252033,0.329230769230769,0.329211746522411,0.67398119122257,1,0.3024,1,0.421052631578947,0.315047021943574,0,0.874213836477987,0.317589576547231,0.321372854914197,0,0.0316455696202532,0.979623824451411,0.315047021943574,1,0.311708860759494,0.323624595469256,1,0.330745341614907,0.31629392971246,0.667716535433071,1,0.320754716981132,0.315955766192733,1,0.310725552050473,0.313504823151125,1,0.341194968553459,0.309636650868878,0.317262830482115,0.334905660377358,0.796899224806202,1,0.9824,1,1,0.00158227848101266,1,0.993769470404984,1,0.430176565008026,0.9968,0.315467075038285,0.992223950233281,0.326923076923077,0.995319812792512,0.610091743119266,0.627511591962906,0.325545171339564,0.315132605304212,0.638801261829653,0.330618892508143,0,0.625194401244168,0.6875,0.318181818181818,0.00156985871271586,0.317817014446228,0.310725552050473,0.768860353130016,0.322530864197531,0.679245283018868,0.59349593495935,0.318471337579618,0.324534161490683,0.302839116719243,1,0.031437125748503,0,0.321044546850998,0.324031007751938,0.334370139968896,1,0.334384858044164,0.315541601255887,1,0.305993690851735,0.938485804416404,0.572337042925278,1,1,0.99151103565365,0.321981424148607,0.600917431192661,0.321156773211568,0.314424635332253,0.31496062992126,0.415503875968992,1,0.319554848966614,1,0.323051948051948,0.326860841423948,1,0.315705128205128,1,0.324451410658307,1,1,0.321372854914197,0,1,0.318979266347687,1,0.566718995290424,1,0.505376344086022,1,0.565768621236133,1,0.31810766721044,1,1,1,0.313664596273292,0.332268370607029,0.318818040435459,0.356677524429967,0.336569579288026,0.316118935837246,1,0.330696202531646,1,1,0.322784810126582,0.323717948717949,0.320373250388802,0.387045813586098,0.321483771251932,1,1,0.328149300155521,0.321027287319422,0.626198083067093,0.591772151898734,0.318818040435459,0.314696485623003,1,0.314553990610329,0.320987654320988,0.995222929936306,0.309061488673139,0.322429906542056,0,0.144817073170732,0.317460317460317,0.679273827534039,0.3109375,0.323029366306028,0.592085235920852,0.996850393700787,0.314696485623003,1,0.312796208530806,0.349025974025974,0.314785373608903,0.480499219968799,0.319554848966614,1,0.325471698113208,0.323763955342903,0.333333333333333,0.6890625,1,0.32520325203252,0.313971742543171,0,0.324116743471582,0.998425196850394,0.951104100946372,1,0.31974921630094,0.316692667706708,0.315955766192733,0.582554517133956,1,0.596463022508039,0.334389857369255,1,1,0.963949843260188,0.674121405750799,0.33175355450237,0.35968992248062,0.32807570977918,0.326053042121685,1,1,0.507936507936508,0.635220125786163,1,1,0.998463901689708,0.688206785137318,1,0.335413416536661,0.684782608695652,1,0.328616352201258,0.322274881516588,0.316957210776545,0.996884735202492,1,0.64390243902439,0.327503974562798,1,1,0.323296354992076,0.311926605504587,0.998444790046656,0,0.318611987381703,0.308681672025723,0.00791139240506329,0.3203125,1,0.304838709677419,1,0.149618320610687,0,0.90288315629742,0.328149300155521,1,1,0,0.0015527950310559,0.326984126984127,1,0.313311688311688,0.996927803379416,0.3152,1,0.998387096774194,0.963665086887836,0.771875,1,1,0.00631911532385466,1,0.51628664495114,0.323343848580442,0.670278637770898,0.327613104524181,1,0.310452418096724,0.6796875,1,1,0.311708860759494,0.61631419939577,0.330203442879499,0.589540412044374,0.971518987341772,0.324492979719189,0.604037267080745,0.0126782884310618,0.3104,0.319875776397516,0.314641744548287,1,0.631578947368421,0.315217391304348,0.888188976377953,0.586151368760064,0.967592592592593,1,1,0.313694267515924,0.338709677419355,0.306451612903226,0.314728682170543,0.313385826771654,0.617151607963247,0.310664605873261,0,0.670229007633588,0.998442367601246,0.324960753532182,0.3109375,0.322950819672131,0.328173374613003,0.605919003115265,1,0.334883720930233,0.331210191082803,0.33442088091354,0.323763955342903,0.318818040435459,0.3168,0.2,0.677777777777778,0.326433121019108,0.592024539877301,1,0.246835443037975,0.312893081761006,0.915064102564103,1,1,0.31911532385466,0.632492113564669,1,0.310452418096724,0.305993690851735,0.953821656050955,1,1,0.996810207336523,0.321875,1,1,0.900787401574803,1,0.35377358490566,1,0.589869281045752,1,0.675,0.316455696202532,0.59170653907496,1,1,0.990384615384615,0.327613104524181,0.32398753894081,0.329032258064516,0.324492979719189,0.324193548387097,0.324281150159744,0.982594936708861,0.322530864197531,1,1,0.729299363057325,0,0.320987654320988,0.316118935837246,0.671875,1,0.564668769716088,0.326656394453005,0.640944881889764,0.317683881064163,0.31687898089172,1,0.316535433070866,0.320512820512821,0.693053311793215,0.909967845659164,0.323353293413174,0.604465709728868,0.574638844301766,0.323899371069182,0.319488817891374,0.30625,0.582417582417582,0.682464454976303,1,0.888364779874214,1,0.665116279069767,0.996753246753247,0.589171974522293,0.313880126182965,0.328502415458937,1,1,0.434231378763867,0.992012779552716,0.996918335901387,1,0.319554848966614,0.328149300155521,1,0.32383808095952,0.679873217115689,0.327044025157233,0.452418096723869,0.307692307692308,0,0.3140625,1,1,0.590266875981162,0.00152671755725191,0.332819722650231,0.329133858267717,0.10207336523126,0.412724306688418,1,1,0.321875,1,0.413078149920255,1,0.328787878787879,0.58712715855573,0.32348367029549,0.318327974276527,1,0,1,0.306188925081433,0.320126782884311,1,1,1,0.452076677316294,1,0.317891373801917,0.614906832298137,0.3265625,0.33115823817292,0.00156494522691706,0.0419906687402799,1,0.6198738170347,1,0.330708661417323,0.325281803542673,1,1,0.172360248447205,0.311248073959938,1,0.903522205206738,1,0.322530864197531,0.205047318611987,0.669781931464174,1,1,1,1,1,0.291217257318952,0.304278922345483,1,0.119935170178282,0.00163132137030995,0.435458786936236,0,0.324367088607595,1,0.680952380952381,1,1,0.892690513219285,1,0.68125,1,1,1,1
"493",1,1,1,1,1,1,0.699044585987261,1,1,0.0926517571884984,1,0.0450310559006211,0.826291079812207,1,0.31637519872814,0.318952234206472,0.0600924499229584,0.686084142394822,1,1,0.296754250386399,0.32182103610675,1,0.158139534883721,1,0.327245053272451,0.317965023847377,1,1,0.796529968454259,0.30757341576507,0.746105919003115,0.969183359013868,0.322981366459627,0,1,0.540625,1,0.29742033383915,1,0.66304347826087,0.674961119751166,0.689393939393939,1,1,0.314194577352472,0.3140625,0.312210200927357,0.324159021406728,0.339477726574501,0,1,0.311349693251534,1,1,0.50625,0.559561128526646,1,1,1,0.330246913580247,0.322834645669291,0.321259842519685,0.680124223602484,1,1,0.0375586854460094,1,0.0547112462006079,0.32262996941896,1,0.324960753532182,0.322169059011164,0.961538461538462,0.506079027355623,1,0.305555555555556,0.333333333333333,1,0.319286871961102,0.0886075949367089,0.332805071315372,0.331240188383046,1,0.33693972179289,1,1,1,1,0.695384615384615,1,1,0,0.103235747303544,1,0.0471841704718417,0,1,0.565079365079365,0.674085850556439,1,0.0519685039370079,0.310344827586207,1,0.31496062992126,1,0.68266253869969,1,0.313385826771654,0.325,0.31651376146789,1,0.326186830015314,1,0.480974124809741,1,0.314375987361769,0.291858678955453,0.324324324324324,0.320251177394035,0.468944099378882,0.998459167950693,0.327300150829563,0.313385826771654,1,0.30381679389313,1,1,0.330745341614907,0.547655068078669,1,0.315132605304212,1,0.0405405405405405,1,0.31866464339909,0.669230769230769,0.327160493827161,0.935736677115988,0.438311688311688,0.0970266040688576,0.0949367088607595,1,1,0.325545171339564,1,0.318318318318318,1,0.817629179331307,1,0.325914149443561,1,1,1,1,0.33125,1,0.33179012345679,0.250778816199377,1,0.314503816793893,1,0.299079754601227,0.0868878357030016,1,0.308306709265176,1,1,1,0.330769230769231,1,0.3248,1,0.315707620528771,1,0.32398753894081,0.077639751552795,1,0.635483870967742,1,1,0.320126782884311,1,1,1,1,0.324655436447167,0.310769230769231,1,0.998435054773083,0.318885448916409,0.313572542901716,1,0.439749608763693,0.673590504451039,0,0.318181818181818,0.667697063369397,1,0.331297709923664,1,0.998489425981873,1,0.314728682170543,0.324159021406728,0.331230283911672,1,1,1,0,1,0.307324840764331,0.970496894409938,0.325038880248834,0.311320754716981,0.743076923076923,1,1,1,1,1,0.0421875,0.322222222222222,0.327666151468315,1,0.68348623853211,1,1,1,0.998475609756098,1,1,0.00304878048780488,0.324655436447167,1,0.318110236220472,1,0.302034428794992,1,1,1,1,1,0.324574961360124,1,0.512539184952978,0.327044025157233,0.328703703703704,0.31974921630094,0.321875,0.330218068535826,0.417460317460317,0.328660436137072,0.31651376146789,0.314814814814815,1,0.324960753532182,1,0.687116564417178,0.315132605304212,0.310030395136778,0.335987261146497,1,1,1,0.259026687598116,0.322085889570552,1,0.317262830482115,0.327743902439024,0.312597200622084,0.326747720364742,0.68380062305296,1,0.332302936630603,0.318471337579618,1,0.307568438003221,1,0.315467075038285,0.321428571428571,1,1,1,0.536209553158706,1,0.684210526315789,0.0851063829787234,0.320813771517997,1,1,0.0924499229583975,0.31839258114374,0.335453100158982,1,1,0.304821150855365,0.0263975155279503,0.00315955766192733,1,1,0.338855421686747,0.998463901689708,1,0.315548780487805,1,1,0.319875776397516,1,1,1,1,0.324574961360124,0.317629179331307,0.333865814696486,1,1,0.666156202143951,0.322981366459627,1,0.31969696969697,0.300787401574803,1,1,0.998463901689708,1,1,0.331782945736434,1,1,0.104430379746835,0.332312404287902,0.505426356589147,0.309033280507132,0.669291338582677,0.32348367029549,1,0.312401883830455,0.336990595611285,0.256488549618321,0.31859756097561,1,0.326717557251908,1,1,1,0.310344827586207,0.327300150829563,0.998454404945904,0.9232,0.0614173228346457,1,0.312788906009245,0.328616352201258,0.306709265175719,1,0.329738058551618,0.4609375,0.328725038402458,0.305772230889236,0.322734499205087,0.305863708399366,1,0.327073552425665,1,1,0,1,0.323943661971831,1,1,1,0.333333333333333,1,0.310126582278481,1,0.844175491679274,1,1,1,0.320610687022901,1,1,0.311145510835913,0.315301391035549,1,1,0.309859154929577,0.188163884673748,1,0.998459167950693,1,0,0.31378763866878,1,0.314900153609831,0.247226624405705,1,0.67601246105919,0.441400304414003,1,1,0.67218045112782,0.701095461658842,0.348297213622291,1,0.322378716744914,1,1,0.335913312693498,1,0.998422712933754,0.00771604938271605,0.324921135646688,1,1,0.320695102685624,1,1,0.309636650868878,0.329721362229102,1,1,1,0.541795665634675,0.314241486068111,0.342679127725857,0.323353293413174,0.334360554699538,0.683720930232558,0.327794561933535,0.327639751552795,0.318885448916409,0.238021638330757,0.323296354992076,1,0.326315789473684,0.998432601880878,0.316118935837246,0.0805471124620061,0.0505359877488515,1,1,0.036979969183359,1,0.686746987951807,0.042654028436019,0.0109546165884194,1,0.679566563467492,1,1,0.547169811320755,1,0,0.0701754385964912,1,1,1,0.326465927099842,0.652818991097923,0.691693290734824,0.993865030674847,1,0.981735159817352,0.313178294573643,0.3328125,1,0.303514376996805,1,0.371294851794072,0.10377358490566,0.311450381679389,0.323795180722892,0.337770382695507,1,0.0781010719754977,1,1,1,0.258064516129032,0.31911532385466,1,0.328125,1,1,0.31039755351682,1,0.318385650224215,1,0.306836248012719,0.321372854914197,1,0.672333848531685,0.314842578710645,1,0.311111111111111,0.76625386996904,0.322727272727273,0.16,0.326315789473684,0.781789638932496,0.312401883830455,1,0.324534161490683,0.340978593272171,0.290322580645161,1,1,1,0.967689822294023,0.335483870967742,1,0.33175355450237,1,0.325769854132901,0.314285714285714,1,1,1,0.913928012519562,1,0.316109422492401,0.320373250388802,1,1,0.0492063492063492,0.078740157480315,1,1,0.306349206349206,1,1,0.303937007874016,1,1,0.6801872074883,0.526073619631902,1,0,1,1,0.094311377245509,0.324655436447167,1,0.327131782945736,0.998466257668712,0.966772151898734,0.998449612403101,0.833841463414634,1,0.33652312599681,1,1,1,0,0.311688311688312,1,1,0.667180277349769,1,0.32,0.36697247706422,0.318818040435459,1,1,1,0.0867579908675799,0.31832298136646,0.0881889763779528,0.998444790046656,0.310502283105023,0.312594840667678,0.35375191424196,0,1,0.96,1,1,0.327476038338658,0.301369863013699,0.161442006269592,0.037914691943128,0.326625386996904,0.312111801242236,0.334848484848485,0,0.31832298136646,1,0,0.319634703196347,1,1,1,0.326747720364742,0.322137404580153,0.0334928229665072,1,0.322274881516588,0.314641744548287,1,1,0.323029366306028,0.693311582381729,1,1,0.686520376175549,1,0.302611367127496,1,0.319182389937107,0.521472392638037,0.673716012084592,0.41025641025641,1,0.30030487804878,0.314329738058552,0.67651632970451,0.668730650154799,1,0.322085889570552,1,0.321804511278195,1,0.321981424148607,0.31496062992126,0.344339622641509,0.534039334341906,0.32120253164557,0.316692667706708,0.662519440124417,0.313935681470138,0.146964856230032,1,0,1,0.29153605015674,1,0,0.321316614420063,0.321316614420063,1,0.0534918276374443,1,0.0846394984326019,0.342723004694836,1,0.0589147286821705,0.670295489891135,1,1,1,0.307941653160454,0.0384024577572965,1,0.428571428571429,0.090032154340836,0.351351351351351,0.328703703703704,0.328746177370031,1,1,1,1,1,0.0592705167173252,0.995363214837713,0.684615384615385,0.00298507462686567,0.323029366306028,1,1,1,1,0.0790697674418605,0.313364055299539,1,1,1,1,1,1,0.476263399693721,0,1,0.0833333333333333,0.3171875,0.429892141756549,1,0.394654088050314,0.314516129032258,0.319938176197836,1,0.0409090909090909,0.322530864197531,1,1,0.372424722662441,0.310872894333844,0.319182389937107,0.323717948717949,0.998477929984779,0.325878594249201,0.322678843226788,0.413629160063391,0.321928460342146,0.970769230769231,0.314842578710645,0.0805687203791469,0.320872274143302,0,1,0.0847723704866562,0.3109375,0.320251177394035,0.322784810126582,1,1,1,1,1,1,0.339089481946625,1,0.316957210776545,0.316831683168317,0.613740458015267,0.666141732283465,1,1,0,0.320726172465961,0.118380062305296,0.998484848484849,0.034375,1,1,0.322834645669291,1,1,0.628751974723539,0.4185667752443,0.995548961424332,0.0748407643312102,0.0942492012779553,1,1,1,0.0875576036866359,0,0.319634703196347,0.42992125984252,0.316030534351145,0,0.329652996845426,0.0838607594936709,1,1,0.327188940092166,0.320552147239264,0.240126382306477,0.334394904458599,0.315151515151515,0.321372854914197,1,1,0.331230283911672,1,0,1,0.228346456692913,1,0.675344563552833,1,0.314152410575428,0.304897314375987,0.0736196319018405,0.671317829457364,1,1,0.779503105590062,0.890127388535032,0.314814814814815,0.312599681020734,1,0.316846986089645,0.255924170616114,0.329093799682035,1,0.0981308411214953,1,1,0.31974921630094,0.67304625199362,0.310344827586207,1,1,0.309341500765697,0.305900621118012,0.323216995447648,0.864566929133858,0.314606741573034,1,0.0556414219474498,1,1,0.691131498470948,0.65251572327044,0.320574162679426,0.0527131782945736,0.329721362229102,1,1,0.309486780715397,0.330203442879499,0.617737003058104,1,0.311827956989247,0.372881355932203,0.311349693251534,0.984779299847793,0.472783825816485,0.00307692307692308,0.308868501529052,0.325227963525836,0.327014218009479,0.314785373608903,0.316666666666667,0.96969696969697,1,0.310769230769231,0.542264752791069,0.692429022082019,0.233281493001555,0.686305732484076,1,0.325652841781874,0.0031496062992126,0.333333333333333,0.318818040435459,0.359877488514548,0.318252730109204,0,0.34012539184953,0.318110236220472,0.324921135646688,0.320061255742726
"494",0.692431561996779,0.678683385579937,0.67879746835443,0.666666666666667,0.683464566929134,0.691573926868045,0.99025974025974,0.681388012618297,0.685358255451713,0.428802588996764,0.677570093457944,0.360808709175739,0.478672985781991,0.670926517571885,0,0,0.3765625,1,0.674085850556439,0.686614173228347,0,0,0.670826833073323,0.4896,0.685015290519878,0,0,0.665584415584416,0.687402799377916,0.468497576736672,0,0.40282131661442,0.626959247648903,0.0015748031496063,0.334905660377358,0.683333333333333,0.855784469096672,0.67601246105919,0,0.689655172413793,1,1,1,0.667726550079491,0.675895765472313,0,0.00159744408945687,0,0,0,0.312788906009245,0.662847790507365,0,0.679127725856698,0.688372093023256,0.170418006430868,0.879173290937997,0.67948717948718,0.682737169517885,0.676609105180534,0.0046583850931677,0,0,0.998415213946117,0.683087027914614,0.6796875,0.343354430379747,0.674121405750799,0.389147286821705,0,0.676656151419558,0,0,0.720853858784893,0.844339622641509,0.681538461538462,0,0.00306278713629403,0.679012345679012,0,0.398387096774194,0,0,0.676470588235294,0,0.670261941448382,0.682316118935837,0.66877971473851,0.682464454976303,1,0.678456591639871,0.675799086757991,0.320433436532508,0.41875,0.6864,0.365030674846626,0.325984251968504,0.684375,0.880131362889984,1,0.681458003169572,0.386217948717949,0,0.68780487804878,0,0.678343949044586,1,0.676703645007924,0,0,0,0.694835680751174,0.00157728706624606,0.6703125,0.798771121351767,0.695178849144635,0,0.628659476117103,0,0,0.799373040752351,0.684126984126984,0,0,0.669266770670827,0,0.677760968229955,0.682098765432099,0.641390205371248,0.234567901234568,0.683441558441558,0,0.670947030497592,0.36687306501548,0.666666666666667,0,1,0,0.625,0.107142857142857,0.421725239616613,0.4064,0.678740157480315,0.676518883415435,0,0.68798751950078,0,0.690590111642743,0.491365777080063,0.673343605546995,0,0.692185007974482,0.682539682539683,0.676236044657097,0.672496025437202,0,0.6859375,0,0.569659442724458,0.668238993710692,0,0.675384615384615,0,0.409235668789809,0.670454545454545,0,0.678683385579937,0.6828125,0.661927330173776,0.0077639751552795,0.670906200317965,0,0.66984126984127,0,0.67483660130719,0,0.401898734177215,0.701892744479495,0.969155844155844,0.697115384615385,0.685214626391097,0,0.683307332293292,0.677725118483412,0.675548589341693,0.67398119122257,0,0,0.677471636952998,0.669856459330144,0,0,0.676656151419558,0.760869565217391,0.981845688350983,0.31924882629108,0,1,0.686427457098284,0,0.675850891410049,0.681538461538462,0.678571428571429,0.003125,0,0,0.667173252279635,0.680327868852459,0.68088467614534,0.32137030995106,0.69435736677116,0,0.657728706624606,0,0,0.562300319488818,0.684044233807267,0.672868217054264,0.673469387755102,0.695102685624013,0.687898089171974,0.357371794871795,0,0,0.68798751950078,0.996865203761755,0.671296296296296,0.685099846390169,0.68312101910828,0.691717791411043,0.701277955271565,0.682852807283763,0.312788906009245,0.640432098765432,0.692551505546751,0,0.67156862745098,0,0.685847589424572,0.685393258426966,0.6816,0.666666666666667,0.682410423452769,0,0.669781931464174,0.196110210696921,0,0,0,0,0,0.103668261562998,0,0,0,0.680851063829787,0,0.677100494233937,1,0,0.616564417177914,0,0.677316293929712,0.673534072900158,0.678855325914149,0.576862123613312,0,0.671361502347418,0,0,0,0,1,0.682389937106918,0,0,0.677265500794913,0,0.67651632970451,0,0,0.69047619047619,0.673633440514469,0.695178849144635,0.858747993579454,0.669354838709677,1,0.419106317411402,0,0.680061823802164,0.679626749611198,0.42457231726283,0,0,0.672,0.673015873015873,0,0.3515625,0.310569105691057,0.696485623003195,0.677049180327869,0.00460829493087558,0.678125,0.691842900302115,0,0.678233438485804,0.690851735015773,0,0.693650793650794,0.677316293929712,0.682888540031397,0.680511182108626,0,0,0,0.683881064162754,0.662939297124601,0.990625,0.00470219435736677,0.670364500792393,0,0,0.691950464396285,0.674884437596302,0.691472868217054,0.68503937007874,0.684542586750789,0,0.692307692307692,0.689102564102564,0.432739059967585,0,0.160513643659711,0,1,0,0.671779141104294,0,0,0.583333333333333,0,0.680064308681672,0,0.685393258426966,0.692789968652038,0.684044233807267,0,0,0.676609105180534,0.597359735973597,0.389776357827476,0.697115384615385,0,0,0,0.674641148325359,0,0.795886075949367,0,0,0,0,0.67398119122257,0,0.683006535947712,0.667711598746082,0.318037974683544,0.684126984126984,0,0.676609105180534,0.678899082568807,0.676948051948052,0,0.690513219284603,0,0.6797583081571,0.507911392405063,0.678018575851393,0.675806451612903,0.688575899843505,0,0.679304897314376,0.692926045016077,0,0,0.675,0.684458398744113,0,0.531881804043546,0.687702265372168,0.671899529042386,0.670846394984326,0.321875,0,0.704918032786885,0,0.584786053882726,0.684887459807074,1,0.106811145510836,0.679549114331723,0.679936305732484,1,0.9734375,0.0157728706624606,0.682737169517885,0,0.692675159235669,0.678104575163399,0,0.675507020280811,0.680445151033386,0.327014218009479,0,0.679425837320574,0.676328502415459,0,0.688087774294671,0.691680261011419,0,0.663009404388715,0.685126582278481,0.681747269890796,0.660883280757098,0.196567862714509,0,0.0211726384364821,0,0,1,0,0.0046583850931677,0,0.570287539936102,0.00160771704180064,0.685847589424572,0.00460829493087558,0.664025356576862,0.00312989045383412,0.395419847328244,0.36687306501548,0.67651632970451,0.681470137825421,0.362041467304625,0.67524115755627,1,0.374414976599064,0.32018927444795,0.674922600619195,1,0.685534591194969,0.694006309148265,0.226114649681529,0.670382165605096,0.313271604938272,0.40194489465154,0.678571428571429,0.678071539657854,0.702362204724409,0,0.974588938714499,1,0.677115987460815,0.669278996865204,0.6671826625387,0,0.6608,0.681818181818182,0,0.688473520249221,0.0484375,0.436482084690554,0,0,0.00338409475465313,0.677469135802469,0.399082568807339,0.673405909797823,0.687702265372168,0.685624012638231,0.582434514637905,0,0.683788121990369,0,0.672,0.678855325914149,0,0.6864,0,0.677215189873418,0,0,0.672333848531685,1,0,0.67601246105919,0,0.426332288401254,0,0.493001555209953,0,0.432692307692308,0,0.682926829268293,0,0,0,0.685805422647528,0.66936790923825,0.680981595092024,0.653290529695024,0.66721044045677,0.683881064162754,0,0.67244094488189,0,0,0.670826833073323,0.683523654159869,0.680851063829787,0.61244019138756,0.669724770642202,0,0,0.670295489891135,0.666666666666667,0.367909238249595,0.406752411575563,0.6816,0.682847896440129,0,0.6875,0.68380062305296,0.004739336492891,0.693053311793215,0.68503937007874,1,0.869158878504673,0.674050632911392,0.321538461538462,0.687898089171974,0.677469135802469,0.406392694063927,0,0.6848,0,0.683153013910355,0.651685393258427,0.684542586750789,0.517133956386293,0.683385579937304,0,0.676145339652449,0.677265500794913,0.6704,0.312401883830455,0,0.672,0.679748822605965,1,0.674884437596302,0,0.0410094637223975,0,0.68075117370892,0.670886075949367,0.685303514376997,0.41112828438949,0,0.409017713365539,0.664,0,0,0.0314465408805031,0.329093799682035,0.665605095541401,0.635220125786163,0.671850699844479,0.680061823802164,0,0,0.495948136142626,0.366929133858268,0,0,0,0.310177705977383,0,0.671274961597542,0.318541996830428,0,0.665620094191523,0.675590551181102,0.682108626198083,0.00155763239875389,0,0.356907894736842,0.685271317829457,0,0,0.674121405750799,0.692667706708268,0,1,0.683788121990369,0.690251572327044,0.998422712933754,0.683076923076923,0,0.684887459807074,0,0.853582554517134,1,0.0900763358778626,0.668769716088328,0,0,1,1,0.675078864353312,0,0.681229773462783,0,0.685805422647528,0,0,0.0315457413249211,0.222047244094488,0,0,0.998417721518987,0,0.484602917341977,0.671383647798742,0.328660436137072,0.669767441860465,0,0.692551505546751,0.329133858267717,0,0,0.683870967741935,0.375766871165644,0.67192429022082,0.414516129032258,0.0206349206349206,0.670364500792393,0.396850393700787,0.990506329113924,0.686998394863563,0.676703645007924,0.674418604651163,0,0.359208523592085,0.688854489164087,0.092948717948718,0.41025641025641,0.0217391304347826,0,0,0.680817610062893,0.653658536585366,0.681818181818182,0.685126582278481,0.684867394695788,0.384259259259259,0.693623639191291,1,0.325264750378215,0.00156494522691706,0.663507109004739,0.690363349131122,0.677367576243981,0.6765625,0.404615384615385,0,0.664586583463339,0.662420382165605,0.665573770491803,0.683042789223455,0.681388012618297,0.685214626391097,0.80625,0.3184,0.680445151033386,0.4015625,0,0.758998435054773,0.677215189873418,0.064,0,0,0.693623639191291,0.363924050632911,0,0.687888198757764,0.696343402225755,0.0306946688206785,0,0,0.00162337662337662,0.67244094488189,0,0,0.0998415213946117,0,0.644654088050314,0,0.407467532467532,0,0.329133858267717,0.689490445859873,0.391373801916933,0,0,0.00634920634920635,0.673469387755102,0.678125,0.674267100977199,0.677725118483412,0.672,0.676375404530744,0.0128205128205128,0.681818181818182,0,0,0.268562401263823,1,0.676923076923077,0.680555555555556,0.317262830482115,0,0.437694704049844,0.674382716049383,0.354838709677419,0.682888540031397,0.686998394863563,0,0.68312101910828,0.673170731707317,0.313880126182965,0.0891410048622366,0.673716012084592,0.398073836276083,0.42443729903537,0.669796557120501,0.666666666666667,0.697784810126582,0.413461538461538,0.325949367088608,0,0.0919175911251981,0,0.3375,0.00158730158730159,0.412621359223301,0.681962025316456,0.67536704730832,0,0,0.578696343402226,0.00318979266347687,0.00307692307692308,0,0.686119873817035,0.675590551181102,0,0.689127105666156,0.318252730109204,0.669316375198728,0.5456,0.696969696969697,1,0.685624012638231,0,0,0.402799377916019,1,0.66824644549763,0.679245283018868,0.905660377358491,0.572368421052632,0,0,0.686520376175549,0,0.5829307568438,0,0.665137614678899,0.412322274881517,0.672,0.677830940988836,0,1,0,0.693311582381729,0.677884615384615,0,0,0,0.550239234449761,0,0.6768,0.383540372670807,0.662440570522979,0.660771704180064,1,0.960063897763578,0,0.377742946708464,0,0.67192429022082,0.670967741935484,0,0,0.847962382445141,0.687306501547988,0,0.0992248062015504,0,0.672413793103448,0.799682034976153,0.334379905808477,0,0,0,0,0,0.7140625,0.694620253164557,0,0.883870967741936,1,0.561240310077519,1,0.674085850556439,0,0.327476038338658,0,0,0.107644305772231,0,0.318818040435459,0,0,0,0
"495",0.298003072196621,0.312404287901991,0.311077389984825,0.322530864197531,0.310606060606061,0.297709923664122,0.0078740157480315,0.32,0.309451219512195,0.582298136645963,0.317771084337349,0.648484848484848,0.509833585476551,0.3125,1,1,0.627067669172932,0,0.319213313161876,0.303490136570561,1,1,0.319526627218935,0.518237082066869,0.304932735426009,1,1,0.333333333333333,0.30952380952381,0.511485451761103,1,0.569924812030075,0.359516616314199,0.995405819295559,0.673343605546995,0.314102564102564,0.145015105740181,0.31390134529148,1,0.303030303030303,0.00303951367781155,0,0,0.332814930015552,0.32093023255814,1,0.993930197268589,1,1,1,0.69578313253012,0.325581395348837,1,0.319148936170213,0.311550151975684,0.80030959752322,0.127272727272727,0.319083969465649,0.30920060331825,0.320610687022901,0.990909090909091,1,1,0.00612557427258806,0.311708860759494,0.311649016641452,0.661042944785276,0.320987654320988,0.611521418020679,1,0.311844077961019,1,1,0.269349845201238,0.159638554216867,0.315169366715758,1,0.994011976047904,0.319277108433735,1,0.608695652173913,1,1,0.315315315315315,1,0.314456035767511,0.315068493150685,0.328746177370031,0.315301391035549,0,0.316358024691358,0.325443786982249,0.687022900763359,0.596701649175412,0.306153846153846,0.638766519823789,0.685714285714286,0.310240963855422,0.129746835443038,0,0.310606060606061,0.627300613496933,1,0.303875968992248,1,0.315068493150685,0,0.321699544764795,1,1,1,0.298642533936652,0.995433789954338,0.327743902439024,0.20353982300885,0.308029197080292,1,0.372372372372372,1,1,0.201820940819423,0.305471124620061,1,1,0.326378539493294,1,0.321325648414986,0.311764705882353,0.362670713201821,0.763392857142857,0.3140625,1,0.329268292682927,0.644216691068814,0.329133858267717,1,0.00149700598802395,1,0.36969696969697,0.892913385826772,0.592424242424242,0.60546282245827,0.309923664122137,0.316770186335404,1,0.312688821752266,1,0.300925925925926,0.494047619047619,0.314842578710645,1,0.303490136570561,0.315789473684211,0.319508448540707,0.321483771251932,1,0.303437967115097,1,0.4375,0.323353293413174,1,0.318991097922849,1,0.598473282442748,0.321100917431193,1,0.314842578710645,0.306092124814265,0.323216995447648,0.985119047619048,0.319083969465649,1,0.323664122137405,1,0.312893081761006,1,0.602102102102102,0.299847792998478,0.0314465408805031,0.295208655332303,0.313455657492355,1,0.310136157337368,0.31570996978852,0.316742081447964,0.328767123287671,1,1,0.322378716744914,0.325264750378215,1,1,0.316341829085457,0.243076923076923,0.0206185567010309,0.689497716894977,1,0.00303951367781155,0.313343328335832,1,0.31924882629108,0.308148148148148,0.309230769230769,0.996978851963746,1,1,0.324404761904762,0.315047021943574,0.318318318318318,0.687789799072643,0.303543913713405,1,0.334841628959276,1,1,0.437025796661609,0.317972350230415,0.316742081447964,0.329286798179059,0.299698795180723,0.310185185185185,0.645259938837921,1,1,0.316341829085457,0.00451127819548872,0.324444444444444,0.311669128508124,0.315384615384615,0.301204819277108,0.299546142208775,0.31424375917768,0.697604790419162,0.353982300884956,0.302114803625378,1,0.320493066255778,1,0.303519061583578,0.304147465437788,0.30521472392638,0.329173166926677,0.308527131782946,1,0.313813813813814,0.790909090909091,1,1,0.996937212863706,1,1,0.898119122257053,1,1,1,0.318385650224215,1,0.318471337579618,0,1,0.381872213967311,1,0.321928460342146,0.321699544764795,0.313636363636364,0.416282642089094,1,0.316265060240964,1,1,1,1,0,0.308157099697885,1,1,0.31390134529148,1,0.319526627218935,1,1,0.304821150855365,0.31839258114374,0.295352323838081,0.154311649016641,0.319314641744548,0,0.605612998522895,1,0.316590563165906,0.314329738058552,0.584592145015106,1,1,0.317262830482115,0.328746177370031,1,0.657534246575342,0.697347893915757,0.30030959752322,0.317535545023697,0.992548435171386,0.320417287630402,0.298969072164948,1,0.309667673716012,0.301659125188537,1,0.301369863013699,0.316109422492401,0.305722891566265,0.318318318318318,1,1,1,0.304878048780488,0.324159021406728,0.00445765230312036,0.990881458966565,0.32398753894081,1,1,0.311475409836066,0.320417287630402,0.296296296296296,0.310975609756098,0.313988095238095,1,0.304281345565749,0.312121212121212,0.573846153846154,1,0.836140888208269,1,0,1,0.319587628865979,1,1,0.414781297134238,0.998487140695915,0.318461538461538,1,0.306990881458967,0.302752293577982,0.303951367781155,1,1,0.316590563165906,0.392307692307692,0.617151607963247,0.301092043681747,1,1,1,0.31839258114374,1,0.207261724659607,1,1,1,1,0.321212121212121,1,0.312893081761006,0.327692307692308,0.680786686838124,0.295031055900621,1,0.323795180722892,0.3125,0.307692307692308,1,0.307922272047833,1,0.318991097922849,0.467669172932331,0.318796992481203,0.3234375,0.311475409836066,1,0.321156773211568,0.302147239263804,1,1,0.317293233082707,0.309815950920245,1,0.485074626865672,0.319875776397516,0.3202416918429,0.325264750378215,0.683976261127596,1,0.294392523364486,1,0.424615384615385,0.298937784522003,0,0.870535714285714,0.318952234206472,0.317220543806647,0,0.0259938837920489,0.978819969742814,0.317629179331307,1,0.306525037936267,0.31839258114374,1,0.320182094081942,0.317484662576687,0.666167664670659,1,0.316030534351145,0.315548780487805,1,0.307228915662651,0.299065420560748,1,0.338830584707646,0.309375,0.310502283105023,0.32579185520362,0.792109256449165,1,0.98159509202454,1,1,0.00153846153846154,1,0.992343032159265,1,0.425499231950845,0.996879875195008,0.303892215568862,0.992592592592593,0.322137404580153,0.995426829268293,0.616519174041298,0.637573964497041,0.315555555555556,0.31858407079646,0.645896656534954,0.314152410575428,0,0.637462235649547,0.690076335877863,0.31892697466468,0.00152439024390244,0.309559939301973,0.301059001512859,0.773700305810398,0.322727272727273,0.690332326283988,0.6,0.315789473684211,0.317577548005908,0.29607250755287,1,0.0291970802919708,0,0.310549777117385,0.321212121212121,0.334328358208955,1,0.342900302114804,0.308980213089802,1,0.303892215568862,0.938530734632684,0.580152671755725,1,1,0.991896272285251,0.319526627218935,0.608695652173913,0.315169366715758,0.304552590266876,0.311550151975684,0.417159763313609,1,0.304953560371517,1,0.315625,0.308049535603715,1,0.316998468606432,1,0.317484662576687,1,1,0.314842578710645,0,1,0.31784107946027,1,0.551359516616314,1,0.51063829787234,1,0.539170506912442,1,0.307210031347962,1,1,1,0.312217194570136,0.319444444444444,0.313609467455621,0.35,0.336492890995261,0.305847076461769,1,0.320668693009119,1,1,0.321375186846039,0.313178294573643,0.315789473684211,0.389984825493171,0.322822822822823,1,1,0.322289156626506,0.316358024691358,0.633956386292835,0.603100775193798,0.306060606060606,0.316358024691358,1,0.305970149253731,0.313235294117647,0.993948562783661,0.302034428794992,0.304878048780488,0,0.144776119402985,0.319508448540707,0.684892086330935,0.306027820710974,0.324734446130501,0.605029585798817,0.998491704374057,0.311349693251534,1,0.307575757575758,0.348024316109422,0.318461538461538,0.472346786248132,0.303353658536585,1,0.320417287630402,0.319148936170213,0.32348367029549,0.693693693693694,1,0.325115562403698,0.312965722801788,0,0.323262839879154,0.998482549317147,0.948872180451128,1,0.311746987951807,0.32375189107413,0.309923664122137,0.594353640416048,1,0.597791798107255,0.326153846153846,1,1,0.962178517397882,0.680916030534351,0.330757341576507,0.355322338830585,0.323397913561848,0.313988095238095,1,1,0.520485584218513,0.631818181818182,1,1,0.998484848484849,0.68266253869969,1,0.323442136498516,0.685887708649469,1,0.329323308270677,0.313364055299539,0.319148936170213,0.996983408748115,1,0.65,0.32078313253012,1,1,0.320668693009119,0.312781954887218,0.998491704374057,0,0.315301391035549,0.306027820710974,0.00764525993883792,0.315233785822021,1,0.308892355694228,1,0.15592203898051,0,0.909361069836553,0.321212121212121,1,1,0,0.0014792899408284,0.321699544764795,1,0.310291858678955,0.997080291970803,0.308049535603715,1,0.998454404945904,0.960426179604262,0.766666666666667,1,1,0.00614439324116743,1,0.521943573667712,0.321592649310873,0.680597014925373,0.322869955156951,1,0.298484848484848,0.678624813153961,1,1,0.313664596273292,0.62280701754386,0.321212121212121,0.589939024390244,0.966049382716049,0.325227963525836,0.61280487804878,0.0120845921450151,0.305810397553517,0.323922734026746,0.316890881913303,1,0.639760837070254,0.305389221556886,0.880916030534351,0.605222734254992,0.961481481481481,1,1,0.311377245508982,0.332288401253919,0.308411214953271,0.306427503736921,0.310708898944193,0.614264919941776,0.3023598820059,0,0.677842565597668,0.998477929984779,0.323795180722892,0.310708898944193,0.3140625,0.322388059701493,0.610015174506829,1,0.322962962962963,0.33026113671275,0.321875,0.317629179331307,0.306990881458967,0.310136157337368,0.197014925373134,0.682098765432099,0.312594840667678,0.607843137254902,1,0.237082066869301,0.320668693009119,0.915756630265211,1,1,0.306766917293233,0.643730886850153,1,0.311649016641452,0.302469135802469,0.949308755760369,1,1,0.996899224806202,0.312874251497006,1,1,0.903522205206738,1,0.344776119402985,1,0.597200622083981,1,0.677177177177177,0.308396946564885,0.606153846153846,1,1,0.992199687987519,0.323262839879154,0.319758672699849,0.31937984496124,0.321752265861027,0.317262830482115,0.316923076923077,0.981308411214953,0.303951367781155,1,1,0.706060606060606,0,0.317220543806647,0.318112633181126,0.679699248120301,1,0.570552147239264,0.325958702064897,0.64767616191904,0.311450381679389,0.31619937694704,1,0.310664605873261,0.311708860759494,0.680428134556575,0.913522012578616,0.320289855072464,0.608964451313756,0.588325652841782,0.318862275449102,0.32312404287902,0.296352583586626,0.600910470409712,0.682852807283763,1,0.881720430107527,1,0.672205438066465,0.996923076923077,0.600931677018634,0.316187594553706,0.324960753532182,1,1,0.442598187311178,0.992211838006231,0.997005988023952,1,0.310606060606061,0.318112633181126,1,0.310948905109489,0.684210526315789,0.322137404580153,0.455927051671733,0.29922480620155,0,0.305970149253731,1,1,0.600299401197605,0.00148588410104012,0.322239031770045,0.317700453857791,0.105426356589147,0.401869158878505,1,1,0.310030395136778,1,0.410876132930514,1,0.322962962962963,0.597859327217125,0.324200913242009,0.30521472392638,1,0,1,0.305772230889236,0.315467075038285,1,1,1,0.435857805255023,1,0.321100917431193,0.620795107033639,0.322239031770045,0.31924882629108,0.00147710487444609,0.0432098765432099,1,0.625,1,0.319213313161876,0.325077399380805,1,1,0.165151515151515,0.305007587253414,1,0.899700598802395,1,0.318862275449102,0.203363914373089,0.671171171171171,1,1,1,1,1,0.285498489425982,0.30521472392638,1,0.117554858934169,0.00155038759689922,0.435240963855422,0,0.325264750378215,1,0.682588597842835,1,1,0.895280235988201,1,0.685459940652819,1,1,1,1
"496",1,1,1,1,1,1,0.70096463022508,1,1,0.0935023771790808,1,0.0434108527131783,0.813953488372093,1,0.326530612244898,0.308049535603715,0.0646153846153846,0.676190476190476,1,1,0.29393468118196,0.313694267515924,1,0.161787365177196,1,0.335889570552147,0.320063694267516,1,1,0.788401253918495,0.310291858678955,0.735963581183611,0.961479198767334,0.318885448916409,0,1,0.545176110260337,1,0.30030487804878,1,0.664586583463339,0.676470588235294,0.693251533742331,1,1,0.319422150882825,0.318252730109204,0.314589665653495,0.329754601226994,0.329230769230769,0,1,0.313178294573643,1,1,0.498417721518987,0.562401263823065,1,1,1,0.338368580060423,0.31619937694704,0.314873417721519,0.6801872074883,1,1,0.0360501567398119,1,0.0590015128593041,0.325153374233129,1,0.321044546850998,0.325358851674641,0.968553459119497,0.519938650306748,1,0.317629179331307,0.342857142857143,1,0.322006472491909,0.0859872611464968,0.328725038402458,0.3328173374613,1,0.337442218798151,1,1,1,1,0.692789968652038,1,1,0.00152671755725191,0.100308641975309,1,0.0455927051671733,0,1,0.563607085346216,0.678740157480315,1,0.055205047318612,0.3140625,1,0.318541996830428,1,0.678516228748068,1,0.318818040435459,0.331782945736434,0.323619631901841,1,0.331288343558282,1,0.486322188449848,1,0.319938176197836,0.303265940902022,0.327300150829563,0.32093023255814,0.480559875583204,1,0.322727272727273,0.3125,1,0.311145510835913,1,1,0.327639751552795,0.555891238670695,1,0.318181818181818,1,0.0434131736526946,1,0.316358024691358,0.676425269645609,0.330188679245283,0.931087289433384,0.448553054662379,0.101246105919003,0.0925925925925926,1,1,0.336990595611285,1,0.319277108433735,1,0.805255023183926,1,0.32695374800638,1,1,1,1,0.332807570977918,1,0.32807570977918,0.261868300153139,1,0.322480620155039,1,0.307692307692308,0.0852713178294574,1,0.311811023622047,1,1,1,0.336874051593323,1,0.329704510108865,1,0.308176100628931,1,0.321428571428571,0.0765696784073507,1,0.643086816720257,1,1,0.321766561514196,1,1,1,1,0.323943661971831,0.3125,1,1,0.320182094081942,0.313880126182965,1,0.436728395061728,0.661169415292354,0,0.324615384615385,0.663565891472868,1,0.328767123287671,1,1,1,0.31619937694704,0.326717557251908,0.334389857369255,1,1,1,0,1,0.312796208530806,0.97542242703533,0.328660436137072,0.313846153846154,0.75609756097561,1,1,1,1,1,0.0440251572327044,0.319685039370079,0.328725038402458,1,0.674846625766871,1,1,1,1,1,1,0.00154798761609907,0.318112633181126,1,0.309968847352025,1,0.311450381679389,1,1,1,1,1,0.327613104524181,1,0.512383900928793,0.324534161490683,0.326120556414219,0.314285714285714,0.327188940092166,0.335423197492163,0.421303656597774,0.335375191424196,0.322033898305085,0.314814814814815,1,0.325581395348837,1,0.686453576864536,0.311248073959938,0.317972350230415,0.333333333333333,1,1,1,0.260869565217391,0.310077519379845,1,0.325038880248834,0.329286798179059,0.319685039370079,0.321646341463415,0.680555555555556,1,0.325153374233129,0.319554848966614,1,0.302884615384615,1,0.312594840667678,0.315217391304348,1,1,1,0.540785498489426,1,0.684698608964451,0.0794602698650675,0.325545171339564,1,1,0.0938461538461538,0.324734446130501,0.33122028526149,1,1,0.310502283105023,0.0233644859813084,0,1,1,0.341867469879518,0.998449612403101,1,0.313271604938272,1,1,0.317901234567901,1,1,1,1,0.328703703703704,0.314589665653495,0.337519623233909,1,1,0.666666666666667,0.322480620155039,1,0.32258064516129,0.297971918876755,1,1,1,1,1,0.337539432176656,1,1,0.107890499194847,0.331288343558282,0.500777604976672,0.309033280507132,0.666149068322981,0.316846986089645,1,0.312597200622084,0.33489827856025,0.258064516129032,0.331804281345566,1,0.333333333333333,1,1,1,0.316118935837246,0.322188449848024,1,0.92891760904685,0.0608424336973479,1,0.312210200927357,0.326530612244898,0.315541601255887,1,0.327794561933535,0.467592592592593,0.329192546583851,0.31441717791411,0.315286624203822,0.311216429699842,1,0.32093023255814,1,1,0,1,0.327131782945736,1,1,1,0.333333333333333,1,0.314465408805031,1,0.831269349845201,1,1,1,0.31832298136646,1,1,0.307692307692308,0.317829457364341,1,1,0.320872274143302,0.18960244648318,1,1,1,0,0.3198127925117,1,0.321044546850998,0.241809672386895,1,0.670261941448382,0.432515337423313,1,1,0.671664167916042,0.694704049844237,0.352850539291217,1,0.326625386996904,1,1,0.330733229329173,1,1,0.0062402496099844,0.326086956521739,1,1,0.335413416536661,1,1,0.319314641744548,0.331288343558282,1,1,1,0.530326594090202,0.313755795981453,0.353312302839117,0.324283559577677,0.338533541341654,0.689873417721519,0.336890243902439,0.333333333333333,0.319571865443425,0.24390243902439,0.323854660347551,1,0.32312404287902,1,0.327639751552795,0.0805970149253731,0.0492307692307692,1,1,0.0371517027863777,1,0.678955453149002,0.0422535211267606,0.0109546165884194,1,0.678955453149002,1,1,0.558176100628931,1,0,0.073482428115016,1,1,1,0.323943661971831,0.64306784660767,0.68860353130016,0.995356037151703,1,0.987823439878234,0.303599374021909,0.33953488372093,1,0.305164319248826,1,0.368584758942457,0.1046875,0.309707241910632,0.326251896813354,0.343283582089552,1,0.0750382848392037,1,1,1,0.258409785932722,0.32967032967033,1,0.324074074074074,1,1,0.3125,1,0.333333333333333,1,0.315707620528771,0.318979266347687,1,0.67601246105919,0.31784107946027,1,0.312698412698413,0.764615384615385,0.314112291350531,0.164852255054432,0.321481481481481,0.777080062794348,0.3088,1,0.331782945736434,0.338880484114977,0.291411042944785,1,1,1,0.97427652733119,0.3424,1,0.325984251968504,1,0.321543408360129,0.319213313161876,1,1,1,0.926100628930818,1,0.316030534351145,0.327718223583461,1,1,0.0448717948717949,0.0794392523364486,1,1,0.310832025117739,1,1,0.317610062893082,1,1,0.678627145085803,0.529500756429652,1,0,1,1,0.0961832061068702,0.328125,1,0.330232558139535,1,0.966772151898734,1,0.819722650231125,1,0.318979266347687,1,1,1,0,0.316720257234727,1,1,0.669767441860465,1,0.320872274143302,0.366197183098592,0.328197226502311,1,1,1,0.0847457627118644,0.32093023255814,0.0887480190174326,1,0.316358024691358,0.317972350230415,0.351851851851852,0,1,0.957943925233645,1,1,0.319875776397516,0.310606060606061,0.161949685534591,0.0359937402190923,0.319047619047619,0.315541601255887,0.331782945736434,0.0015748031496063,0.324031007751938,1,0,0.328767123287671,1,1,1,0.317901234567901,0.326219512195122,0.0336538461538462,1,0.315047021943574,0.311145510835913,1,1,0.317262830482115,0.691935483870968,1,1,0.696540880503145,1,0.316030534351145,1,0.322480620155039,0.532110091743119,0.658536585365854,0.405487804878049,1,0.304878048780488,0.319444444444444,0.674454828660436,0.664634146341463,1,0.326747720364742,1,0.332321699544765,1,0.326086956521739,0.309409888357257,0.353488372093023,0.530959752321981,0.320634920634921,0.317965023847377,0.65990639625585,0.316998468606432,0.145367412140575,1,0,1,0.301092043681747,1,0,0.330203442879499,0.320695102685624,1,0.0541353383458647,1,0.0857580398162328,0.343402225755167,1,0.0639625585023401,0.672413793103448,1,1,1,0.314516129032258,0.0410958904109589,1,0.430141287284144,0.0920436817472699,0.358662613981763,0.330289193302892,0.32579185520362,1,1,1,1,1,0.0641791044776119,0.995398773006135,0.680916030534351,0.00147710487444609,0.319938176197836,1,1,1,1,0.0856697819314642,0.322822822822823,1,1,1,1,1,1,0.486196319018405,0.00159235668789809,1,0.0817901234567901,0.329230769230769,0.428351309707242,1,0.39873417721519,0.311290322580645,0.313178294573643,1,0.0365296803652968,0.331278890600925,1,1,0.370892018779343,0.315217391304348,0.320061255742726,0.322274881516588,1,0.328660436137072,0.324116743471582,0.421553090332805,0.321316614420063,0.976708074534162,0.317293233082707,0.0750798722044728,0.323529411764706,0,1,0.0815047021943574,0.311811023622047,0.322378716744914,0.312893081761006,1,1,1,1,1,1,0.327586206896552,1,0.325077399380805,0.315702479338843,0.613496932515337,0.671875,1,1,0,0.320182094081942,0.120556414219474,1,0.0341085271317829,1,1,0.31619937694704,1,1,0.630744849445325,0.418679549114332,0.995548961424332,0.078525641025641,0.0957613814756672,1,1,1,0.0818897637795276,0,0.31651376146789,0.417445482866044,0.317073170731707,0,0.326018808777429,0.0876369327073552,1,1,0.327272727272727,0.325652841781874,0.250386398763524,0.340764331210191,0.322678843226788,0.332819722650231,1,1,0.335949764521193,1,0,1,0.226059654631083,1,0.671296296296296,1,0.313178294573643,0.310897435897436,0.0743034055727554,0.68030303030303,1,1,0.782945736434108,0.900481540930979,0.324031007751938,0.317111459968603,1,0.316692667706708,0.2546875,0.328548644338118,1,0.0995334370139969,1,1,0.321316614420063,0.669856459330144,0.311145510835913,1,1,0.311349693251534,0.309815950920245,0.324655436447167,0.872813990461049,0.31974921630094,1,0.0553846153846154,1,1,0.697388632872504,0.650695517774343,0.323717948717949,0.0528771384136858,0.321928460342146,1,1,0.307324840764331,0.333333333333333,0.621374045801527,1,0.313935681470138,0.374436090225564,0.316923076923077,0.984520123839009,0.4703125,0.00458015267175573,0.301242236024845,0.334848484848485,0.335453100158982,0.324409448818898,0.321699544764795,0.969418960244648,1,0.319444444444444,0.553968253968254,0.680817610062893,0.236641221374046,0.68362480127186,1,0.326153846153846,0.0031055900621118,0.329173166926677,0.313846153846154,0.368258859784284,0.322834645669291,0,0.335889570552147,0.320754716981132,0.33175355450237,0.324881141045959
"497",0.298722044728434,0.305466237942122,0.317111459968603,0.326892109500805,0.3056,0.300157977883096,0.0112721417069243,0.307568438003221,0.304278922345483,0.57641196013289,0.304552590266876,0.645110410094637,0.513776337115073,0.312,1,1,0.638535031847134,0,0.32,0.302547770700637,1,1,0.316846986089645,0.515772870662461,0.300632911392405,1,1,0.335537190082645,0.303738317757009,0.523424878836834,1,0.5829307568438,0.364632237871674,0.998394863563403,0.6672,0.3,0.130990415335463,0.314728682170543,1,0.306853582554517,0.00160513643659711,0,0,0.316129032258064,0.305691056910569,1,0.996830427892235,1,1,1,0.699842022116904,0.321895424836601,1,0.319554848966614,0.303875968992248,0.829268292682927,0.120967741935484,0.313694267515924,0.308641975308642,0.313001605136437,1,1,1,0.0032,0.301980198019802,0.315707620528771,0.665071770334928,0.314935064935065,0.624420401854714,1,0.30625,1,1,0.278688524590164,0.159677419354839,0.309451219512195,1,0.996894409937888,0.310832025117739,1,0.616393442622951,1,1,0.314873417721519,1,0.3140625,0.314696485623003,0.317891373801917,0.317817014446228,0,0.317307692307692,0.320433436532508,0.694006309148265,0.59190031152648,0.301612903225806,0.64624808575804,0.692675159235669,0.30829420970266,0.11437908496732,0,0.304140127388535,0.627642276422764,1,0.302100161550889,1,0.311793214862682,0,0.315541601255887,1,1,1,0.302215189873418,0.998417721518987,0.322222222222222,0.205329153605016,0.300155520995334,1,0.382677165354331,1,1,0.201587301587302,0.305825242718447,1,1,0.323763955342903,1,0.310291858678955,0.302325581395349,0.369085173501577,0.7601246105919,0.317073170731707,1,0.321782178217822,0.637614678899083,0.325806451612903,1,0,1,0.365384615384615,0.887070376432079,0.596153846153846,0.599041533546326,0.305993690851735,0.318555008210181,1,0.309597523219814,1,0.293460925039872,0.496875,0.309968847352025,1,0.304,0.308562197092084,0.32120253164557,0.312297734627832,1,0.299363057324841,1,0.439807383627608,0.316037735849057,1,0.31733746130031,1,0.596825396825397,0.316720257234727,1,0.314285714285714,0.313195548489666,0.330097087378641,0.995253164556962,0.314194577352472,1,0.317891373801917,1,0.310569105691057,1,0.600953895071542,0.289855072463768,0.0246710526315789,0.293269230769231,0.3088,1,0.297169811320755,0.315955766192733,0.315286624203822,0.317384370015949,1,1,0.320450885668277,0.311501597444089,1,1,0.312101910828025,0.22992125984252,0.0107692307692308,0.696141479099678,1,0.00161550888529887,0.30298273155416,1,0.312,0.304212168486739,0.306709265175719,0.996830427892235,1,1,0.320872274143302,0.311774461028192,0.30564263322884,0.68780487804878,0.30173775671406,1,0.332283464566929,1,1,0.436018957345972,0.312399355877617,0.307448494453249,0.320063694267516,0.290271132376396,0.310177705977383,0.651685393258427,1,1,0.307570977917981,0,0.324574961360124,0.306625577812018,0.316211878009631,0.29635499207607,0.287974683544304,0.309707241910632,0.699530516431925,0.369734789391576,0.296825396825397,1,0.3024,1,0.301261829652997,0.298217179902755,0.30379746835443,0.321086261980831,0.304838709677419,1,0.313385826771654,0.805194805194805,1,1,0.998415213946117,1,1,0.902866242038217,1,1,1,0.310185185185185,1,0.317073170731707,0,1,0.391575663026521,1,0.313408723747981,0.311111111111111,0.309262166405024,0.418940609951846,1,0.311111111111111,1,1,1,1,0,0.310452418096724,1,1,0.314285714285714,1,0.313880126182965,1,1,0.3072,0.310679611650485,0.294670846394984,0.146263910969793,0.315447154471545,0,0.600614439324117,1,0.308411214953271,0.305958132045089,0.584905660377358,1,1,0.321543408360129,0.315873015873016,1,0.666129032258065,0.700636942675159,0.292134831460674,0.31404958677686,0.995341614906832,0.322734499205087,0.294930875576037,1,0.306603773584906,0.29746835443038,1,0.294975688816856,0.308917197452229,0.309148264984227,0.302507836990596,1,1,1,0.2992,0.316129032258064,0.00625,0.996815286624204,0.323151125401929,1,1,0.309748427672956,0.31619937694704,0.295133437990581,0.311004784688995,0.305863708399366,1,0.298045602605863,0.301435406698565,0.585089141004862,1,0.833602584814216,1,0,1,0.317411402157165,1,1,0.421800947867299,0.9984375,0.316558441558442,1,0.298245614035088,0.287758346581876,0.304821150855365,1,1,0.311605723370429,0.38562091503268,0.620967741935484,0.297770700636943,1,1,1,0.301948051948052,1,0.202194357366771,1,1,1,1,0.315955766192733,1,0.313232830820771,0.334913112164297,0.689984101748808,0.303514376996805,1,0.318471337579618,0.310452418096724,0.306320907617504,1,0.299843014128728,1,0.308641975308642,0.471786833855799,0.31875,0.307814992025518,0.3125,1,0.313311688311688,0.298412698412698,1,1,0.315286624203822,0.304278922345483,1,0.488262910798122,0.306451612903226,0.320063694267516,0.314329738058552,0.687301587301587,1,0.29064039408867,1,0.420032310177706,0.300319488817891,0,0.891167192429022,0.314102564102564,0.3168,0,0.0304975922953451,0.990369181380417,0.304625199362041,1,0.298555377207063,0.307438016528926,1,0.316279069767442,0.310177705977383,0.678343949044586,1,0.318037974683544,0.315705128205128,1,0.300940438871473,0.294599018003273,1,0.341614906832298,0.305825242718447,0.313385826771654,0.325358851674641,0.803174603174603,1,0.980707395498392,1,1,0,1,0.998397435897436,1,0.438202247191011,0.998387096774194,0.299689440993789,0.998439937597504,0.323248407643312,0.998417721518987,0.615503875968992,0.638932496075353,0.315132605304212,0.305379746835443,0.645264847512038,0.305863708399366,0,0.636220472440945,0.687096774193548,0.313971742543171,0,0.299840510366826,0.293460925039872,0.768982229402262,0.318037974683544,0.694488188976378,0.602291325695581,0.306089743589744,0.313664596273292,0.286846275752773,1,0.0197268588770865,0,0.312893081761006,0.316957210776545,0.323854660347551,1,0.34789644012945,0.306836248012719,1,0.300632911392405,0.951768488745981,0.581583198707593,1,1,0.996592844974446,0.317610062893082,0.618238021638331,0.311926605504587,0.302479338842975,0.3072,0.426584234930448,1,0.298722044728434,1,0.310344827586207,0.305958132045089,1,0.3,1,0.325914149443561,1,1,0.311111111111111,0,1,0.312698412698413,1,0.562009419152276,1,0.509493670886076,1,0.551446945337621,1,0.311074918566775,1,1,1,0.310509554140127,0.317817014446228,0.305471124620061,0.332231404958678,0.331666666666667,0.302507836990596,1,0.310126582278481,1,1,0.321711568938193,0.310569105691057,0.311111111111111,0.377388535031847,0.324574961360124,1,1,0.3232,0.317152103559871,0.633711507293355,0.610662358642973,0.310015898251192,0.3136,1,0.298600311041991,0.307219662058372,0.993670886075949,0.303571428571429,0.307570977917981,0,0.135007849293564,0.307936507936508,0.684782608695652,0.298722044728434,0.315955766192733,0.602167182662539,0.998402555910543,0.307448494453249,1,0.305993690851735,0.339256865912762,0.311811023622047,0.470866141732283,0.308186195826645,1,0.311111111111111,0.311290322580645,0.319805194805195,0.6953125,1,0.314935064935065,0.305772230889236,0,0.312401883830455,0.998389694041868,0.960505529225908,1,0.306122448979592,0.315047021943574,0.305379746835443,0.596625766871166,1,0.605519480519481,0.3278955954323,1,1,0.976114649681529,0.682108626198083,0.323809523809524,0.349761526232114,0.307086614173228,0.30625,1,1,0.518638573743922,0.642172523961661,1,1,0.998430141287284,0.699013157894737,1,0.320433436532508,0.684210526315789,1,0.319182389937107,0.309033280507132,0.309677419354839,0.998449612403101,1,0.66068515497553,0.3136,1,1,0.314785373608903,0.300787401574803,0.998405103668262,0,0.310789049919485,0.310064935064935,0.00321543408360129,0.302034428794992,1,0.303079416531605,1,0.1421875,0,0.906542056074766,0.324409448818898,1,1,0,0,0.315789473684211,1,0.309446254071661,0.998452012383901,0.29951690821256,1,0.998397435897436,0.965079365079365,0.77984496124031,1,1,0.00316455696202532,1,0.527687296416938,0.317152103559871,0.678233438485804,0.324881141045959,1,0.303858520900322,0.688102893890675,1,1,0.309904153354633,0.627692307692308,0.31496062992126,0.595541401273885,0.98371335504886,0.325878594249201,0.614285714285714,0.00315955766192733,0.301587301587302,0.31629392971246,0.314553990610329,1,0.640746500777605,0.308777429467085,0.8992,0.598715890850722,0.976923076923077,1,1,0.302884615384615,0.334426229508197,0.298555377207063,0.30503144654088,0.310725552050473,0.623456790123457,0.301391035548686,0,0.688650306748466,1,0.317034700315457,0.30016051364366,0.30983606557377,0.312893081761006,0.614649681528662,1,0.321316614420063,0.323671497584541,0.322528363047002,0.310177705977383,0.308176100628931,0.308176100628931,0.196261682242991,0.692675159235669,0.312101910828025,0.609831029185868,1,0.235015772870662,0.318770226537217,0.923202614379085,1,1,0.296703296703297,0.644654088050314,1,0.30379746835443,0.296998420221169,0.967793880837359,1,1,1,0.316957210776545,1,1,0.901898734177215,1,0.34850863422292,1,0.59640522875817,1,0.685446009389671,0.309677419354839,0.613636363636364,1,1,0.993589743589744,0.314465408805031,0.319805194805195,0.315960912052117,0.311708860759494,0.309061488673139,0.317073170731707,0.990430622009569,0.305993690851735,1,1,0.704761904761905,0,0.314102564102564,0.31619937694704,0.68621236133122,1,0.572784810126582,0.316030534351145,0.65224358974359,0.313291139240506,0.309677419354839,1,0.302884615384615,0.308333333333333,0.683523654159869,0.914614121510673,0.311178247734139,0.612277867528271,0.590243902439024,0.324324324324324,0.321428571428571,0.295418641390205,0.598726114649682,0.685714285714286,1,0.9024,1,0.673469387755102,0.998381877022654,0.597423510466989,0.30064308681672,0.313504823151125,1,1,0.435612082670906,0.99673735725938,1,1,0.302547770700637,0.315873015873016,1,0.303076923076923,0.694573643410853,0.321027287319422,0.466129032258065,0.299679487179487,0,0.308176100628931,1,1,0.605095541401274,0,0.323763955342903,0.313385826771654,0.0993589743589744,0.413509060955519,1,1,0.302507836990596,1,0.414285714285714,1,0.317757009345794,0.592295345104334,0.309061488673139,0.3008,1,0,1,0.299837925445705,0.313311688311688,1,1,1,0.43485342019544,1,0.314785373608903,0.627172195892575,0.32182103610675,0.316393442622951,0,0.0304487179487179,1,0.635048231511254,1,0.315372424722662,0.322368421052632,1,1,0.15527950310559,0.302795031055901,1,0.9109375,1,0.3125,0.192125984251969,0.681388012618297,1,1,1,1,1,0.288888888888889,0.296,1,0.101806239737274,0,0.4352,0,0.312698412698413,1,0.684640522875817,1,1,0.896166134185304,1,0.688,1,1,1,1
"498",0.7552,0.746875,0.754358161648177,0.782539682539683,0.766975308641975,0.758190327613105,0.452380952380952,0.759433962264151,0.756630265210608,0.147619047619048,0.760670731707317,0.202177293934681,0.9078125,0.762738853503185,0.562009419152276,0.551242236024845,0.177293934681182,0.431089743589744,0.754716981132076,0.76625386996904,0.5390625,0.555735056542811,0.760606060606061,0.126153846153846,0.741935483870968,0.582945736434109,0.56984126984127,0.753623188405797,0.763157894736842,0.90521327014218,0.541795665634675,0.926040061633282,0.807339449541284,0.552922590837283,0.210852713178295,0.755775577557756,0.324574961360124,0.764264264264264,0.551051051051051,0.758139534883721,0.419906687402799,0.426356589147287,0.435114503816794,0.755832037325039,0.771293375394322,0.561797752808989,0.554517133956386,0.566412213740458,0.574766355140187,0.572755417956656,0.242658423493045,0.778662420382166,0.560675883256528,0.757009345794392,0.7546875,0.73449920508744,0.345425867507886,0.773291925465838,0.744582043343653,0.767801857585139,0.573394495412844,0.568720379146919,0.561240310077519,0.422535211267606,0.755233494363929,0.757296466973886,0.202511773940345,0.748043818466354,0.171641791044776,0.564341085271318,0.757387247278383,0.5703125,0.571658615136876,0.72107765451664,0.308049535603715,0.761398176291793,0.539050535987749,0.580792682926829,0.774583963691377,0.565916398713826,0.15569823434992,0.573667711598746,0.581102362204724,0.768273716951788,0.591263650546022,0.758308157099698,0.75748031496063,0.7625,0.77007874015748,0.436728395061728,0.771065182829889,0.759455370650529,0.244992295839753,0.154083204930663,0.7664,0.190332326283988,0.230524642289348,0.769113149847095,0.344497607655502,0.429699842022117,0.763693270735524,0.181818181818182,0.552099533437014,0.760765550239234,0.557120500782473,0.758998435054773,0.425269645608629,0.758675078864353,0.558461538461538,0.562596599690881,0.574468085106383,0.76,0.572998430141287,0.764150943396226,0.276497695852535,0.761398176291793,0.566455696202532,0.1875,0.576452599388379,0.566246056782334,0.268633540372671,0.766823161189358,0.55045871559633,0.57097288676236,0.764430577223089,0.550925925925926,0.759342301943199,0.759878419452888,0.209876543209877,0.494720965309201,0.767515923566879,0.563981042654028,0.753554502369668,0.187028657616893,0.777059773828756,0.55690440060698,0.429457364341085,0.56786271450858,0.827426810477658,0.490384615384615,0.144427001569859,0.152886115444618,0.745627980922099,0.754777070063694,0.566510172143975,0.759630200308166,0.56859756097561,0.761682242990654,0.921174652241113,0.757251908396947,0.562998405103668,0.758190327613105,0.7625,0.755980861244019,0.766295707472178,0.574961360123648,0.743710691823899,0.549763033175355,0.171253822629969,0.768875192604006,0.56055900621118,0.751902587519026,0.540752351097179,0.183098591549296,0.751188589540412,0.558730158730159,0.7625,0.7609375,0.762345679012346,0.574923547400612,0.761829652996845,0.571870170015456,0.764521193092622,0.557993730407524,0.768852459016393,0.567233384853168,0.163551401869159,0.762870514820593,0.379478827361564,0.766295707472178,0.749611197511664,0.556603773584906,0.767441860465116,0.769230769230769,0.756965944272446,0.75748031496063,0.561240310077519,0.564615384615385,0.76,0.777777777777778,0.570992366412214,0.553627760252366,0.783742331288344,0.284820031298905,0.415915915915916,0.245426829268293,0.555555555555556,0.432515337423313,0.757716049382716,0.571648690292758,0.753205128205128,0.768992248062015,0.771121351766513,0.561622464898596,0.554531490015361,0.572567783094099,0.764437689969605,0.75801282051282,0.773291925465838,0.2171875,0.761006289308176,0.54746835443038,0.791469194312796,0.557453416149068,0.56782334384858,0.553125,0.7640625,0.759630200308166,0.767550702028081,0.750778816199377,0.772511848341232,0.197160883280757,0.554858934169279,0.562596599690881,0.76625386996904,0.432558139534884,0.76605504587156,0.753363228699552,0.75195007800312,0.774193548387097,0.748427672955975,0.767228177641654,0.247706422018349,0.198184568835098,0.761467889908257,0.5578125,0.75796178343949,0.555555555555556,0.774691358024691,0.766773162939297,0.763866877971474,0.753968253968254,0.753968253968254,0.566037735849057,0.762269938650307,0.735340729001585,0.571651090342679,0.569230769230769,0.555732484076433,0.561815336463224,0.572100313479624,0.511182108626198,0.572100313479624,0.56832298136646,0.566770186335404,0.752279635258359,0.55868544600939,0.772435897435897,0.434451219512195,0.556942277691108,0.183925811437403,0.561430793157076,0.753554502369668,0.78806907378336,0.764984227129338,0.157728706624606,0.548286604361371,0.768875192604006,0.56120826709062,0.57469512195122,0.575899843505477,0.56832298136646,0.436420722135008,0.753968253968254,0.554711246200608,0.56418383518225,0.755905511811024,0.56140350877193,0.774803149606299,0.560371517027864,0.55205047318612,0.761526232114467,0.769352290679305,0.752721617418352,0.307692307692308,0.754746835443038,0.439370078740157,0.169415292353823,0.5546875,0.756134969325153,0.764341085271318,0.158778625954198,0.565420560747664,0.564724919093851,0.76,0.771565495207668,0.553680981595092,0.205564142194745,0.249602543720191,0.757433489827856,0.757281553398058,0.578703703703704,0.767801857585139,0.746606334841629,0.567901234567901,0.770670826833073,0.7442218798151,0.561128526645768,0.753510140405616,0.752336448598131,0.760188087774295,0.770186335403727,0.580594679186229,0.562121212121212,0.5712,0.757763975155279,0.768987341772152,0.420245398773006,0.564263322884012,0.7728,0.559451219512195,0.557959814528594,0.759938837920489,0.770642201834862,0.760061919504644,0.773940345368917,0.760736196319018,0.568965517241379,0.753532182103611,0.761682242990654,0.162074554294976,0.579352850539291,0.502362204724409,0.5472,0.426751592356688,0.559451219512195,0.761689291101056,0.547169811320755,0.564945226917058,0.159574468085106,0.561919504643963,0.768503937007874,0.56838905775076,0.769230769230769,0.764612954186414,0.754276827371695,0.55968992248062,0.55640243902439,0.764521193092622,0.822294022617124,0.178233438485804,0.763492063492063,0.566037735849057,0.573692551505547,0.56828885400314,0.773885350318471,0.569230769230769,0.246894409937888,0.553158705701079,0.5625,0.574568288854003,0.565149136577708,0.76049766718507,0.577352472089314,0.7712,0.769230769230769,0.221003134796238,0.749606299212598,0.562111801242236,0.773993808049536,0.762557077625571,0.76517571884984,0.570754716981132,0.76030534351145,0.554858934169279,0.766666666666667,0.901716068642746,0.747252747252747,0.76517571884984,0.761102603369066,0.556942277691108,0.759615384615385,0.756329113924051,0.565687789799073,0.567140600315956,0.760432766615147,0.765432098765432,0.558502340093604,0.13089802130898,0.767772511848341,0.776744186046512,0.770642201834862,0.230889235569423,0.556782334384858,0.751612903225806,0.566510172143975,0.162790697674419,0.768867924528302,0.428571428571429,0.660606060606061,0.753184713375796,0.76625386996904,0.42962962962963,0.462732919254658,0.592476489028213,0.746081504702194,0.569640062597809,0.759873617693523,0.767145135566188,0.570093457943925,0.756468797564688,0.762052877138414,0.223809523809524,0.572784810126582,0.761006289308176,0.765822784810127,0.573667711598746,0.753105590062112,0.770833333333333,0.571658615136876,0.188361408882083,0.761006289308176,0.747269890795632,0.771653543307087,0.751552795031056,0.556240369799692,0.553090332805071,0.559577677224736,0.568535825545171,0.427001569858713,0.586523736600306,0.572317262830482,0.563165905631659,0.150855365474339,0.57395498392283,0.750380517503805,0.569678407350689,0.763779527559055,0.574961360123648,0.163663663663664,0.175925925925926,0.761467889908257,0.748475609756098,0.187017001545595,0.783783783783784,0.428129829984544,0.183514774494557,0.233176838810642,0.762481089258699,0.434375,0.759259259259259,0.760432766615147,0.477777777777778,0.762951334379906,0.230293663060278,0.164516129032258,0.772012578616352,0.758832565284178,0.753105590062112,0.568535825545171,0.398826979472141,0.449111470113086,0.751543209876543,0.763440860215054,0.794117647058823,0.553654743390358,0.201550387596899,0.755832037325039,0.549920760697306,0.759938837920489,0.605633802816901,0.146496815286624,0.542056074766355,0.575987841945289,0.570480928689884,0.755725190839695,0.163109756097561,0.75642965204236,0.762903225806452,0.772585669781931,0.165898617511521,0.571205007824726,0.751582278481013,0.545741324921136,0.743221690590112,0.760697305863708,0.554531490015361,0.76,0.563718140929535,0.764521193092622,0.551505546751189,0.566718995290424,0.76625386996904,0.426332288401254,0.551359516616314,0.764615384615385,0.562009419152276,1,0.5625,0.133738601823708,0.562406015037594,0.934065934065934,0.55591054313099,0.761146496815287,0.5609375,0.580495356037152,0.551987767584098,0.768518518518518,0.775510204081633,0.751902587519026,0.790849673202614,0.211631663974152,0.760802469135803,0.564516129032258,0.770061728395062,0.545901639344262,0.553516819571865,0.76030534351145,0.777602523659306,0.761171032357473,0.823161189358372,0.75808936825886,0.549770290964778,0.558599695585997,0.778637770897833,0.779904306220096,0.193396226415094,0.175355450236967,0.753488372093023,0.767515923566879,0.557632398753894,0.754946727549467,0.757847533632287,0.555209953343701,0.746753246753247,0.763888888888889,0.43879173290938,0.305555555555556,0.758675078864353,0.237878787878788,0.753125,0.761240310077519,0.159332321699545,0.571207430340557,0.768388106416275,0.567278287461774,0.774143302180685,0.785488958990536,0.761075949367089,0.89938080495356,0.77337559429477,0.576243980738363,0.75,0.763116057233704,0.771065182829889,0.243865030674847,0.556451612903226,0.780096308186196,0.755038759689923,0.434312210200927,0.751552795031056,0.566718995290424,0.601538461538462,0.59594383775351,0.762052877138414,0.753510140405616,0.743710691823899,0.155251141552511,0.558213716108453,0.159163987138264,0.775510204081633,0.557632398753894,0.54434250764526,0.611801242236025,0.219814241486068,0.7703125,0.815503875968992,0.755038759689923,0.758832565284178,0.568938193343899,0.565349544072948,0.134674922600619,0.196594427244582,0.552262090483619,0.569182389937107,0.56221198156682,0.23444976076555,0.559748427672956,0.751902587519026,0.224137931034483,0.559398496240601,0.76661514683153,0.765625,0.765723270440252,0.573189522342065,0.56859756097561,0.168284789644013,0.751937984496124,0.57032457496136,0.559139784946237,0.761240310077519,0.747286821705426,0.565149136577708,0.449838187702265,0.76517571884984,0.758139534883721,0.434984520123839,0.763358778625954,0.546686746987952,0.757527733755943,0.55205047318612,0.298937784522003,0.419452887537994,0.495481927710843,0.775193798449612,0.557926829268293,0.565950920245399,0.421947449768161,0.425499231950845,0.767550702028081,0.566820276497696,0.762135922330097,0.567073170731707,0.761240310077519,0.569206842923795,0.552,0.609717868338558,0.576982892690513,0.574603174603175,0.554858934169279,0.419504643962848,0.560371517027864,0.144480519480519,0.768867924528302,0.225460122699387,0.765060240963855,0.5484375,0.757097791798107,0.236760124610592,0.564341085271318,0.546603475513428,0.753164556962025,0.169924812030075,0.7546875,0.153968253968254,0.60347551342812,0.783570300157978,0.174726989079563,0.425867507886435,0.758942457231726,0.774539877300613,0.773148148148148,0.561904761904762,0.184899845916795,0.744976816074189,0.666666666666667,0.15615141955836,0.601208459214502,0.560490045941807,0.5662100456621,0.745736434108527,0.785714285714286,0.75625,0.760869565217391,0.757296466973886,0.167664670658683,0.752994011976048,0.430321592649311,0.238805970149254,0.569678407350689,0.76875,0.747678018575851,0.764984227129338,0.769465648854962,0.168970814132104,0.562691131498471,0.776758409785933,0.774647887323944,0.760834670947031,0.764521193092622,0.747720364741641,0.754330708661417,0.280245022970904,0.217806041335453,0.75625,0.17629179331307,0.560675883256528,0.259659969088099,0.762870514820593,0.645569620253165,0.552884615384615,0.572307692307692,0.7484375,0.190923317683881,0.556923076923077,0.757387247278383,0.749603803486529,0.615141955835962,0.558641975308642,0.5600624024961,0.5625,0.7782874617737,0.566718995290424,0.568147013782542,0.4984375,0.571428571428571,0.796636085626911,0.553353658536585,0.15311004784689,0.5640625,0.237442922374429,0.756965944272446,0.171114599686028,0.553090332805071,0.561128526645768,0.570532915360502,0.754198473282443,0.770670826833073,0.769854132901134,0.7625,0.752791068580542,0.762658227848101,0.576862123613312,0.750387596899225,0.561128526645768,0.558528428093645,0.601550387596899,0.434294871794872,0.747286821705426,0.755007704160247,0.224111282843895,0.566820276497696,0.171875,0.766312594840668,0.1850699844479,0.763239875389408,0.753943217665615,0.563579277864992,0.755520504731861,0.76260162601626,0.54675118858954,0.511326860841424,0.746626686656672,0.173775671406003,0.169628432956381,0.764521193092622,0.768621236133122,0.764612954186414,0.163076923076923,0.239197530864198,0.560675883256528,0.658307210031348,0.568147013782542,0.231481481481481,0.582417582417582,0.160377358490566,0.761102603369066,0.750793650793651,0.559451219512195,0.573846153846154,0.156985871271586,0.5872,0.560490045941807,0.555555555555556,0.765337423312883,0.770186335403727,0.5609375,0.767722473604827,0.221198156682028,0.770569620253165,0.143533123028391,0.763779527559055,0.43161094224924,0.751533742331288,0.557299843014129,0.5718901453958,0.184732824427481,0.430124223602484,0.7875,0.759750390015601,0.538819875776398,0.700980392156863,0.560126582278481,0.560747663551402,0.767692307692308,0.582043343653251,0.154330708661417,0.564102564102564,0.754916792738275,0.161832061068702,0.752738654147105,0.775157232704403,0.5671875,0.415605095541401,0.559429477020602,0.754807692307692,0.767801857585139,0.554531490015361,0.559139784946237,0.573170731707317,0.761453396524487,0.579872204472843,0.753894080996885,0.181679389312977,0.7671875,0.763866877971474,0.448854961832061,0.400313971742543,0.563492063492063,0.177570093457944,0.564742589703588,0.760432766615147,0.783521809369952,0.551242236024845,0.578616352201258,0.409861325115562,0.764341085271318,0.565349544072948,0.480243161094225,0.561162079510703,0.744648318042814,0.286163522012579,0.235849056603774,0.549618320610687,0.569230769230769,0.5818759936407,0.560192616372392,0.558912386706949,0.734756097560976,0.74414976599064,0.551242236024845,0.33931484502447,0.422291993720565,0.185534591194969,0.444264943457189,0.775157232704403,0.569640062597809,0.216640502354788,0.570987654320988,0.562790697674419,0.457055214723926,0.563380281690141,0.220338983050847,0.571428571428571,0.559055118110236,0.571653543307087,0.5640625
"499",0.294573643410853,0.316998468606432,0.316187594553706,0.321316614420063,0.307926829268293,0.306976744186047,0.0124416796267496,0.314152410575428,0.311248073959938,0.575039494470774,0.320182094081942,0.645015105740181,0.511627906976744,0.311349693251534,1,1,0.614220877458396,0,0.326153846153846,0.308868501529052,1,1,0.322289156626506,0.514415781487102,0.309880239520958,1,1,0.330188679245283,0.300150829562594,0.516923076923077,1,0.576399394856278,0.363636363636364,0.995447647951442,0.676425269645609,0.305732484076433,0.153262518968134,0.317577548005908,1,0.300898203592814,0.0015625,0,0,0.327217125382263,0.315548780487805,1,0.995481927710843,1,1,1,0.698630136986301,0.324116743471582,1,0.320182094081942,0.306870229007634,0.804651162790698,0.133846153846154,0.317411402157165,0.313546423135464,0.320493066255778,0.993957703927492,1,1,0.00460829493087558,0.310618066561014,0.315467075038285,0.655913978494624,0.320121951219512,0.612275449101796,1,0.314112291350531,1,1,0.272012578616352,0.173453996983409,0.310549777117385,1,0.993966817496229,0.318318318318318,1,0.605633802816901,1,1,0.321752265861027,1,0.316493313521545,0.307098765432099,0.327272727272727,0.318250377073906,0,0.319571865443425,0.317577548005908,0.691265060240964,0.584848484848485,0.311424100156495,0.639221556886228,0.686838124054463,0.307692307692308,0.1312,0,0.309451219512195,0.623853211009174,1,0.3088,1,0.311827956989247,0,0.315301391035549,1,1,1,0.30381679389313,0.996904024767802,0.326717557251908,0.219033232628399,0.306427503736921,1,0.390060240963855,1,1,0.21319018404908,0.309451219512195,1,1,0.318862275449102,1,0.312316715542522,0.317507418397626,0.386706948640483,0.763473053892216,0.311216429699842,1,0.321928460342146,0.634472511144131,0.332283464566929,1,0,1,0.373475609756098,0.886435331230284,0.589041095890411,0.598755832037325,0.31866464339909,0.320433436532508,1,0.310872894333844,1,0.295839753466872,0.493171471927162,0.315946348733234,1,0.310769230769231,0.310077519379845,0.318885448916409,0.321372854914197,1,0.306853582554517,1,0.448328267477204,0.326656394453005,1,0.31784107946027,1,0.594470046082949,0.310077519379845,1,0.311728395061728,0.310872894333844,0.323943661971831,0.986301369863014,0.320610687022901,1,0.32,1,0.317817014446228,1,0.592085235920852,0.299236641221374,0.0363349131121643,0.306501547987616,0.310291858678955,1,0.299694189602446,0.308755760368664,0.312977099236641,0.339421613394216,1,1,0.318181818181818,0.316923076923077,1,1,0.319083969465649,0.256060606060606,0.0219298245614035,0.689024390243902,1,0.00152439024390244,0.309090909090909,1,0.315873015873016,0.301204819277108,0.311649016641452,0.996941896024465,1,1,0.32383808095952,0.317610062893082,0.307575757575758,0.68798751950078,0.303215926493109,1,0.338957055214724,1,1,0.445966514459665,0.316923076923077,0.313432835820896,0.320987654320988,0.295384615384615,0.311627906976744,0.650306748466258,1,1,0.313725490196078,0.003003003003003,0.318862275449102,0.314159292035398,0.313178294573643,0.301634472511144,0.29595015576324,0.315555555555556,0.698170731707317,0.38763197586727,0.308396946564885,1,0.315467075038285,1,0.304747320061256,0.30521472392638,0.309341500765697,0.325038880248834,0.31104199066874,1,0.316666666666667,0.784283513097072,1,1,0.998456790123457,1,1,0.893518518518518,1,1,1,0.310136157337368,1,0.322784810126582,0,1,0.391891891891892,1,0.326656394453005,0.318461538461538,0.311145510835913,0.428353658536585,1,0.318112633181126,1,1,1,1,0,0.310769230769231,1,1,0.31733746130031,1,0.312874251497006,1,1,0.303265940902022,0.319685039370079,0.29483282674772,0.163608562691131,0.326594090202177,0,0.603857566765579,1,0.319083969465649,0.321928460342146,0.584821428571429,1,1,0.321711568938193,0.321044546850998,1,0.662079510703364,0.709828393135725,0.301075268817204,0.313084112149533,0.994029850746269,0.328725038402458,0.30948905109489,1,0.309923664122137,0.302571860816944,1,0.303680981595092,0.303543913713405,0.316279069767442,0.316358024691358,1,1,1,0.305810397553517,0.325115562403698,0.0075642965204236,0.992307692307692,0.327639751552795,1,1,0.304347826086957,0.317293233082707,0.299850074962519,0.3125,0.30804248861912,1,0.306625577812018,0.308282208588957,0.574162679425837,1,0.845329249617152,1,0,1,0.318250377073906,1,1,0.421212121212121,0.998466257668712,0.31974921630094,1,0.31039755351682,0.299079754601227,0.303625377643505,1,1,0.320121951219512,0.400313971742543,0.606201550387597,0.3015625,1,1,1,0.323343848580442,1,0.216793893129771,1,1,1,1,0.322338830584708,1,0.312599681020734,0.327692307692308,0.677862595419847,0.301684532924962,1,0.319083969465649,0.315789473684211,0.3140625,1,0.30421686746988,1,0.314159292035398,0.470769230769231,0.320610687022901,0.322378716744914,0.304675716440422,1,0.316923076923077,0.2953125,1,1,0.311450381679389,0.312594840667678,1,0.487951807228916,0.309486780715397,0.327245053272451,0.323353293413174,0.687311178247734,1,0.295489891135303,1,0.428348909657321,0.31055900621118,0,0.870870870870871,0.316279069767442,0.310030395136778,0,0.0310077519379845,0.9796875,0.315548780487805,1,0.31441717791411,0.312796208530806,1,0.325859491778774,0.313084112149533,0.673312883435583,1,0.316358024691358,0.319571865443425,1,0.311550151975684,0.299212598425197,1,0.353383458646617,0.317411402157165,0.318181818181818,0.323574730354391,0.786786786786787,1,0.979813664596273,1,1,0,1,0.992295839753467,1,0.444272445820433,0.996835443037975,0.298662704309064,0.992458521870287,0.327666151468315,0.995433789954338,0.606508875739645,0.626139817629179,0.317700453857791,0.310030395136778,0.643730886850153,0.315625,0,0.634294385432473,0.683563748079877,0.31044776119403,0,0.316998468606432,0.304747320061256,0.773082942097027,0.319083969465649,0.688751926040062,0.597464342313788,0.315707620528771,0.315233785822021,0.3,1,0.0291545189504373,0,0.322188449848024,0.323216995447648,0.328746177370031,1,0.344512195121951,0.308396946564885,1,0.307228915662651,0.937404580152672,0.574303405572755,1,1,0.99185667752443,0.31044776119403,0.607305936073059,0.318518518518519,0.309707241910632,0.304147465437788,0.430091185410334,1,0.30640243902439,1,0.323899371069182,0.320872274143302,1,0.315870570107858,1,0.320552147239264,1,1,0.322727272727273,0,1,0.314112291350531,1,0.5625,1,0.510510510510511,1,0.549618320610687,1,0.31733746130031,1,1,1,0.306990881458967,0.325,0.311940298507463,0.34,0.348242811501597,0.301369863013699,1,0.327666151468315,1,1,0.320726172465961,0.316998468606432,0.31044776119403,0.384615384615385,0.319213313161876,1,1,0.32572298325723,0.318818040435459,0.62888198757764,0.593220338983051,0.31306990881459,0.313755795981453,1,0.302431610942249,0.313988095238095,0.993865030674847,0.299212598425197,0.308396946564885,0,0.154992548435171,0.312307692307692,0.683284457478006,0.308282208588957,0.320726172465961,0.594268476621418,0.998461538461539,0.303405572755418,1,0.310872894333844,0.350078492935636,0.3125,0.46048632218845,0.308049535603715,1,0.319018404907975,0.316358024691358,0.330203442879499,0.69578313253012,1,0.317535545023697,0.31390134529148,0,0.323397913561848,0.998484848484849,0.948484848484848,1,0.305471124620061,0.317220543806647,0.316358024691358,0.584821428571429,1,0.595911949685535,0.331797235023041,1,1,0.963636363636364,0.680061823802164,0.320987654320988,0.365591397849462,0.319634703196347,0.311844077961019,1,1,0.525835866261398,0.632621951219512,1,1,0.998502994011976,0.6921875,1,0.315868263473054,0.685887708649469,1,0.323170731707317,0.320493066255778,0.312977099236641,0.996983408748115,1,0.647151898734177,0.32,1,1,0.326186830015314,0.311550151975684,0.998493975903614,0,0.31201248049922,0.304147465437788,0.0062111801242236,0.315789473684211,1,0.30829420970266,1,0.16289592760181,0,0.901325478645066,0.32579185520362,1,1,0,0,0.323216995447648,1,0.306603773584906,0.998500749625187,0.309859154929577,1,0.998415213946117,0.961597542242704,0.78,1,1,0.00614439324116743,1,0.526984126984127,0.324074074074074,0.67616191904048,0.31866464339909,1,0.30568356374808,0.680981595092024,1,1,0.312401883830455,0.613095238095238,0.322137404580153,0.592307692307692,0.973684210526316,0.325115562403698,0.604580152671756,0.0138461538461538,0.308282208588957,0.311926605504587,0.317507418397626,1,0.63622754491018,0.299847792998478,0.877488514548239,0.588976377952756,0.966666666666667,1,1,0.308166409861325,0.334365325077399,0.309148264984227,0.314112291350531,0.32,0.616766467065868,0.305135951661631,0,0.675036927621861,0.998475609756098,0.321646341463415,0.308049535603715,0.317262830482115,0.319148936170213,0.601515151515152,1,0.323442136498516,0.329230769230769,0.328149300155521,0.313084112149533,0.308980213089802,0.312788906009245,0.20627802690583,0.681818181818182,0.312788906009245,0.593939393939394,1,0.249235474006116,0.321483771251932,0.91358024691358,1,1,0.313725490196078,0.641025641025641,1,0.307110438729198,0.294117647058824,0.951070336391437,1,1,0.998425196850394,0.314674735249622,1,1,0.900621118012422,1,0.343843843843844,1,0.598755832037325,1,0.672645739910314,0.316923076923077,0.601246105919003,1,1,0.992211838006231,0.319277108433735,0.323170731707317,0.320373250388802,0.317629179331307,0.322734499205087,0.327102803738318,0.981762917933131,0.306990881458967,1,1,0.720121028744327,0,0.319083969465649,0.309667673716012,0.68030303030303,1,0.57427258805513,0.326923076923077,0.648690292758089,0.309006211180124,0.317034700315457,1,0.311248073959938,0.317817014446228,0.697063369397218,0.905660377358491,0.317180616740088,0.603395061728395,0.579029733959311,0.320668693009119,0.322327044025157,0.301515151515152,0.594180704441041,0.678955453149002,1,0.878048780487805,1,0.673748103186646,0.996918335901387,0.5984375,0.310872894333844,0.323343848580442,1,1,0.439209726443769,0.993640699523052,0.996983408748115,1,0.311450381679389,0.321156773211568,1,0.312684365781711,0.684451219512195,0.329230769230769,0.471036585365854,0.292758089368259,0,0.313253012048193,1,1,0.59236641221374,0,0.327245053272451,0.314329738058552,0.0990712074303406,0.414012738853503,1,1,0.315068493150685,1,0.423368740515933,1,0.321375186846039,0.595712098009188,0.32258064516129,0.31441717791411,1,0,1,0.29595015576324,0.314329738058552,1,1,1,0.451313755795981,1,0.313846153846154,0.622154779969651,0.326283987915408,0.322834645669291,0,0.0419254658385093,1,0.618541033434651,1,0.321538461538462,0.330188679245283,1,1,0.179487179487179,0.306184012066365,1,0.896240601503759,1,0.317293233082707,0.215170278637771,0.6732223903177,1,1,1,1,1,0.28978978978979,0.306870229007634,1,0.125386996904025,0,0.454961832061069,0,0.316109422492401,1,0.685271317829457,1,1,0.892586989409985,1,0.684131736526946,1,1,1,1
"500",0.162974683544304,0.158139534883721,0.168469860896445,0.154458598726115,0.155864197530864,0.161993769470405,0.459546925566343,0.164296998420221,0.172256097560976,0.94896331738437,0.156773211567732,0.890432098765432,0.0492845786963434,0.161490683229814,0.522082018927445,0.5171875,0.920245398773006,0.492635024549918,0.156832298136646,0.152777777777778,0.527047913446677,0.510869565217391,0.171516079632466,0.998459167950693,0.176024279210926,0.490825688073394,0.505529225908373,0.161341853035144,0.165653495440729,0.120634920634921,0.524031007751938,0.112480739599384,0.127659574468085,0.510172143974961,0.855365474339036,0.15927750410509,0.637904468412943,0.155589123867069,0.524737631184408,0.16289592760181,0.517665130568356,0.486821705426357,0.496240601503759,0.156739811912226,0.166139240506329,0.511111111111111,0.52112676056338,0.512084592145015,0.502318392581144,0.502283105022831,0.836166924265842,0.154330708661417,0.515197568389058,0.156985871271586,0.16793893129771,0.329721362229102,0.615748031496063,0.160883280757098,0.173374613003096,0.162246489859594,0.499234303215926,0.505409582689335,0.511075949367089,0.507109004739337,0.16,0.169230769230769,0.890965732087227,0.162538699690402,0.920777279521674,0.499234303215926,0.153609831029186,0.516975308641975,0.5024,0.201267828843106,0.661119515885023,0.169184290030211,0.525037936267071,0.490769230769231,0.153374233128834,0.505672609400324,0.947452229299363,0.499219968798752,0.496894409937888,0.160550458715596,0.486111111111111,0.157099697885196,0.160990712074303,0.155038759689922,0.165634674922601,0.482388973966309,0.163009404388715,0.153030303030303,0.843797856049005,0.945038167938931,0.158478605388273,0.900602409638554,0.84399375975039,0.155624036979969,0.617693522906793,0.505494505494505,0.165109034267913,0.902973395931142,0.52241112828439,0.166666666666667,0.510204081632653,0.161741835147745,0.488549618320611,0.16820987654321,0.509287925696594,0.511664074650078,0.495398773006135,0.172143974960876,0.50611620795107,0.153139356814701,0.696784073506891,0.166163141993958,0.506955177743431,0.88597842835131,0.496194824961948,0.507064364207221,0.71183800623053,0.158218125960061,0.515981735159817,0.5,0.156202143950995,0.519319938176198,0.163934426229508,0.162861491628615,0.853125,0.620272314674735,0.15987460815047,0.51468315301391,0.156645569620253,0.890060240963855,0.145135566188198,0.50748502994012,0.506787330316742,0.49537037037037,0.0938967136150235,0.630990415335463,0.947122861586314,0.948598130841122,0.1671826625387,0.164012738853503,0.490566037735849,0.159442724458204,0.509893455098935,0.166926677067083,0.0601851851851852,0.174506828528073,0.510268562401264,0.161240310077519,0.164596273291925,0.170579029733959,0.149765990639626,0.4858934169279,0.169781931464174,0.4953125,0.920489296636086,0.162406015037594,0.519817073170732,0.162079510703364,0.518691588785047,0.931034482758621,0.15955766192733,0.516535433070866,0.168711656441718,0.170769230769231,0.157320872274143,0.493846153846154,0.169781931464174,0.498456790123457,0.150554675118859,0.506191950464396,0.157556270096463,0.501552795031056,0.934451219512195,0.160741885625966,0.547049441786284,0.15541601255887,0.162538699690402,0.515974440894569,0.150537634408602,0.163076923076923,0.160849772382398,0.16,0.513975155279503,0.503828483920367,0.173015873015873,0.152173913043478,0.505231689088191,0.528301886792453,0.158778625954198,0.725038402457757,0.514074074074074,0.834609494640122,0.51301684532925,0.504658385093168,0.161875945537065,0.507575757575758,0.169303797468354,0.165905631659056,0.155763239875389,0.509345794392523,0.51896813353566,0.503961965134707,0.16566265060241,0.160063391442155,0.149390243902439,0.855555555555556,0.167449139280125,0.520440251572327,0.134259259259259,0.504658385093168,0.5109375,0.425076452599388,0.158631415241058,0.161538461538462,0.149691358024691,0.161189358372457,0.164319248826291,0.890769230769231,0.506912442396313,0.504615384615385,0.170015455950541,0.494672754946728,0.157099697885196,0.162650602409639,0.165123456790123,0.167420814479638,0.163297045101089,0.166167664670659,0.846625766871166,0.861702127659574,0.172782874617737,0.509493670886076,0.157977883096367,0.519083969465649,0.155864197530864,0.15919629057187,0.15552099533437,0.149606299212598,0.15814696485623,0.489130434782609,0.16030534351145,0.299212598425197,0.494573643410853,0.509923664122137,0.512618296529968,0.498442367601246,0.5,0.604761904761905,0.494623655913978,0.504615384615385,0.50611620795107,0.174045801526718,0.507763975155279,0.152,0.48036253776435,0.505443234836703,0.881458966565349,0.507763975155279,0.164012738853503,0.156739811912226,0.160125588697017,0.921875,0.525345622119816,0.154779969650986,0.491228070175439,0.503828483920367,0.512422360248447,0.50611620795107,0.503154574132492,0.153965785381026,0.511485451761103,0.510903426791277,0.159126365054602,0.524959742351047,0.161585365853659,0.503048780487805,0.520061728395062,0.158227848101266,0.163009404388715,0.159442724458204,0.643856920684292,0.163297045101089,0.487577639751553,0.93423019431988,0.500772797527048,0.164885496183206,0.15615141955836,0.95144157814871,0.499222395023328,0.496835443037975,0.1664,0.1609375,0.511520737327189,0.864406779661017,0.834905660377358,0.16796267496112,0.168831168831169,0.494704992435703,0.158385093167702,0.168405365126677,0.521406727828746,0.162037037037037,0.162538699690402,0.501533742331288,0.16380655226209,0.158385093167702,0.161585365853659,0.158385093167702,0.506153846153846,0.521481481481481,0.51188589540412,0.1609375,0.161392405063291,0.497709923664122,0.504658385093168,0.156985871271586,0.512121212121212,0.5296875,0.155251141552511,0.156297420333839,0.16236722306525,0.155172413793103,0.165644171779141,0.49613601236476,0.157566302652106,0.171073094867807,0.957345971563981,0.496941896024465,0.633647798742138,0.519500780031201,0.492211838006231,0.509893455098935,0.15695067264574,0.521604938271605,0.499215070643642,0.913636363636364,0.509230769230769,0.160629921259843,0.510542168674699,0.162287480680062,0.158778625954198,0.161094224924012,0.523291925465838,0.514548238897397,0.16,0.0777777777777778,0.909657320872274,0.169781931464174,0.505376344086022,0.503949447077409,0.52418096723869,0.1472,0.496194824961948,0.711598746081505,0.505376344086022,0.518518518518518,0.505494505494505,0.514150943396226,0.159090909090909,0.496087636932707,0.154093097913323,0.15600624024961,0.842349304482226,0.169278996865204,0.5109375,0.154311649016641,0.156534954407295,0.151898734177215,0.506289308176101,0.160606060606061,0.502354788069074,0.159879336349925,0.0570987654320988,0.175115207373272,0.161240310077519,0.158778625954198,0.507716049382716,0.149842271293375,0.165625,0.510835913312694,0.511811023622047,0.155172413793103,0.158631415241058,0.516079632465544,0.95187969924812,0.169059011164274,0.159442724458204,0.154320987654321,0.833846153846154,0.52132701421801,0.160063391442155,0.507692307692308,0.917829457364341,0.162204724409449,0.49165402124431,0.396630934150077,0.160377358490566,0.150855365474339,0.498516320474777,0.464615384615385,0.484615384615385,0.1625,0.505460218408736,0.161490683229814,0.152350081037277,0.49922480620155,0.166919575113809,0.166926677067083,0.847826086956522,0.492283950617284,0.168486739469579,0.159126365054602,0.507861635220126,0.160246533127889,0.155802861685215,0.51496062992126,0.829528158295282,0.167456556082148,0.162861491628615,0.159375,0.296466973886329,0.523148148148148,0.534992223950233,0.514328808446455,0.50834597875569,0.492979719188768,0.492378048780488,0.500763358778626,0.506849315068493,0.925867507886435,0.503194888178914,0.17638036809816,0.506766917293233,0.15600624024961,0.502304147465438,0.930163447251114,0.901386748844376,0.156297420333839,0.167673716012085,0.890282131661442,0.152,0.485671191553544,0.892355694227769,0.848200312989045,0.158054711246201,0.49609984399376,0.161993769470405,0.159021406727829,0.625978090766823,0.16,0.838759689922481,0.942583732057416,0.155172413793103,0.165137614678899,0.180277349768875,0.5,0.529061102831595,0.465709728867624,0.18125,0.157407407407407,0.124807395993837,0.524539877300613,0.844135802469136,0.164133738601824,0.515873015873016,0.158778625954198,0.461180124223602,0.95583596214511,0.518575851393189,0.509893455098935,0.509646302250804,0.160246533127889,0.935338345864662,0.167420814479638,0.159305993690852,0.157894736842105,0.918586789554531,0.503937007874016,0.169811320754717,0.521806853582555,0.15955766192733,0.159677419354839,0.518348623853211,0.161137440758294,0.509715994020927,0.162538699690402,0.523510971786834,0.505376344086022,0.16,0.493001555209953,0.51063829787234,0.164852255054432,0.509493670886076,0.133738601823708,0.510510510510511,1,0.506766917293233,0.110773899848255,0.515151515151515,0.177777777777778,0.49537037037037,0.484802431610942,0.54364471669219,0.167441860465116,0.161189358372457,0.164424514200299,0.126198083067093,0.833333333333333,0.156202143950995,0.488993710691824,0.148377125193199,0.5168,0.509174311926605,0.166409861325116,0.159126365054602,0.146706586826347,0.0744186046511628,0.155624036979969,0.525679758308157,0.521406727828746,0.148148148148148,0.155309033280507,0.910798122065728,0.928237129485179,0.1546875,0.160686427457098,0.515007898894155,0.172413793103448,0.163109756097561,0.524691358024691,0.173913043478261,0.162576687116564,0.494607087827427,0.650914634146341,0.1609375,0.842105263157895,0.164869029275809,0.170015455950541,0.943854324734446,0.509316770186335,0.1578125,0.498466257668712,0.153013910355487,0.126959247648903,0.169517884914463,0.0495356037151703,0.153726708074534,0.513513513513513,0.162538699690402,0.162246489859594,0.161137440758294,0.851063829787234,0.509646302250804,0.150159744408946,0.164615384615385,0.486024844720497,0.160550458715596,0.517080745341615,0.465543644716692,0.50229709035222,0.157650695517774,0.167177914110429,0.165366614664587,0.943251533742331,0.500784929356358,0.936102236421725,0.149300155520995,0.512820512820513,0.525037936267071,0.471494607087827,0.839313572542902,0.154330708661417,0.100931677018634,0.16338880484115,0.168469860896445,0.507020280811232,0.514328808446455,0.992199687987519,0.890795631825273,0.520186335403727,0.507668711656442,0.50076103500761,0.845425867507886,0.519440124416796,0.160849772382398,0.842024539877301,0.514415781487102,0.1671826625387,0.173981191222571,0.156832298136646,0.510769230769231,0.50834597875569,0.892628205128205,0.159754224270353,0.527216174183515,0.517557251908397,0.158705701078582,0.166921898928025,0.509345794392523,0.469354838709677,0.15625,0.16380655226209,0.485133020344288,0.156441717791411,0.522935779816514,0.174880763116057,0.515384615384615,0.662058371735791,0.493171471927162,0.624629080118694,0.164615384615385,0.517450682852807,0.518348623853211,0.491628614916286,0.510670731707317,0.147919876733436,0.506828528072838,0.164556962025316,0.509774436090226,0.154330708661417,0.504615384615385,0.515772870662461,0.472222222222222,0.557275541795666,0.511848341232227,0.519685039370079,0.510046367851623,0.513975155279503,0.988745980707395,0.162754303599374,0.852359208523592,0.160550458715596,0.523809523809524,0.165109034267913,0.849056603773585,0.506998444790047,0.508716323296355,0.166929133858268,0.904619970193741,0.162826420890937,0.943661971830986,0.476635514018692,0.14064914992272,0.916158536585366,0.513846153846154,0.153013910355487,0.161585365853659,0.159332321699545,0.518638573743922,0.89618320610687,0.16030534351145,0.39938080495356,0.942367601246106,0.483383685800604,0.515337423312883,0.503058103975535,0.168970814132104,0.131045241809672,0.167456556082148,0.157814871016692,0.153846153846154,0.913767019667171,0.170694864048338,0.496951219512195,0.838518518518519,0.507668711656442,0.160246533127889,0.176470588235294,0.1552,0.157185628742515,0.932203389830508,0.50384024577573,0.149096385542169,0.148606811145511,0.158227848101266,0.164596273291925,0.166921898928025,0.173981191222571,0.705069124423963,0.868462757527734,0.161189358372457,0.928787878787879,0.504658385093168,0.746500777604977,0.162287480680062,0.429699842022117,0.523961661341853,0.511415525114155,0.171779141104294,0.898278560250391,0.500763358778626,0.154907975460123,0.159937888198758,0.461180124223602,0.51702786377709,0.515384615384615,0.5168,0.148036253776435,0.511848341232227,0.501547987616099,0.621664050235479,0.50625,0.119083969465649,0.519083969465649,0.934477379095164,0.506153846153846,0.837349397590361,0.170542635658915,0.934375,0.522834645669291,0.506134969325153,0.516483516483517,0.162538699690402,0.147515527950311,0.158982511923688,0.162826420890937,0.168539325842697,0.159055118110236,0.493730407523511,0.157099697885196,0.514774494556765,0.504118616144975,0.520801232665639,0.488151658767773,0.16969696969697,0.162287480680062,0.849315068493151,0.508955223880597,0.964396284829721,0.156862745098039,0.893249607535322,0.164341085271318,0.164012738853503,0.505529225908373,0.167974882260597,0.15609756097561,0.537974683544304,0.608832807570978,0.169161676646707,0.943217665615142,0.945054945054945,0.15919629057187,0.154818325434439,0.158555729984301,0.938744257274119,0.83641975308642,0.510015408320493,0.393188854489164,0.512977099236641,0.845329249617152,0.492868462757528,0.929712460063898,0.173846153846154,0.161695447409733,0.514592933947773,0.501538461538461,0.934782608695652,0.497659906396256,0.516030534351145,0.507668711656442,0.165625,0.163358778625954,0.505426356589147,0.154761904761905,0.850609756097561,0.150470219435737,0.947784810126582,0.175355450236967,0.490712074303406,0.150455927051672,0.513137557959815,0.505494505494505,0.935779816513762,0.505295007564297,0.159509202453988,0.1484375,0.393518518518519,0.263157894736842,0.507064364207221,0.503912363067293,0.157575757575758,0.504587155963303,0.90894819466248,0.507836990595611,0.16338880484115,0.948406676783004,0.16820987654321,0.158982511923688,0.503912363067293,0.487261146496815,0.5086887835703,0.167731629392971,0.15,0.509923664122137,0.514637904468413,0.488619119878604,0.300955414012739,0.511773940345369,0.161042944785276,0.908814589665654,0.167950693374422,0.155309033280507,0.484662576687117,0.542503863987635,0.507131537242472,0.909797822706065,0.498432601880878,0.157164869029276,0.143769968051118,0.521193092621664,0.496904024767802,0.552995391705069,0.160550458715596,0.51131221719457,0.610169491525424,0.507668711656442,0.179910044977511,0.693146417445483,0.848297213622291,0.516030534351145,0.499248120300752,0.497659906396256,0.517515923566879,0.512743628185907,0.194864048338369,0.1671875,0.517665130568356,0.617977528089888,0.497637795275591,0.927244582043344,0.488709677419355,0.149300155520995,0.50386398763524,0.857364341085271,0.489922480620155,0.503115264797508,0.638065522620905,0.497645211930926,0.849230769230769,0.499229583975347,0.514285714285714,0.499215070643642,0.505392912172573
"501",0.293929712460064,0.314112291350531,0.316030534351145,0.326153846153846,0.310769230769231,0.306525037936267,0.0123647604327666,0.314814814814815,0.318862275449102,0.569875776397516,0.318796992481203,0.639344262295082,0.51937984496124,0.322137404580153,1,1,0.621987951807229,0,0.326687116564417,0.315548780487805,1,1,0.324404761904762,0.512781954887218,0.315868263473054,1,1,0.338050314465409,0.30849478390462,0.519201228878648,1,0.586466165413534,0.361861861861862,0.995495495495496,0.669195751138088,0.318840579710145,0.147013782542113,0.326865671641791,1,0.310240963855422,0.00302571860816944,0,0,0.329230769230769,0.31839258114374,1,0.99537750385208,1,1,1,0.683812405446294,0.330232558139535,1,0.320182094081942,0.313253012048193,0.815950920245399,0.124804992199688,0.326251896813354,0.313725490196078,0.317629179331307,0.991017964071856,1,1,0.00459418070444104,0.316279069767442,0.312781954887218,0.652905198776758,0.328682170542636,0.618479880774963,1,0.319277108433735,1,1,0.279620853080569,0.165424739195231,0.32258064516129,1,0.995562130177515,0.321958456973294,1,0.611544461778471,1,1,0.322338830584708,1,0.318991097922849,0.323262839879154,0.32572298325723,0.320061255742726,0,0.322981366459627,0.332842415316642,0.689024390243902,0.586567164179104,0.315467075038285,0.642750373692078,0.680916030534351,0.313056379821958,0.121495327102804,0,0.313455657492355,0.619195046439629,1,0.313572542901716,1,0.326251896813354,0,0.318796992481203,1,1,1,0.313725490196078,0.995508982035928,0.327743902439024,0.202941176470588,0.309838472834068,1,0.375189107413011,1,1,0.202453987730061,0.307692307692308,1,1,0.329341317365269,1,0.322206095791001,0.315007429420505,0.355725190839695,0.762962962962963,0.327188940092166,1,0.338485316846986,0.630116959064328,0.334876543209877,1,0.00149476831091181,1,0.375191424196018,0.888888888888889,0.589147286821705,0.594761171032357,0.307228915662651,0.328703703703704,1,0.316742081447964,1,0.298780487804878,0.495495495495495,0.326865671641791,1,0.309559939301973,0.32262996941896,0.324615384615385,0.322678843226788,1,0.309451219512195,1,0.432267884322679,0.326836581709145,1,0.320644216691069,1,0.590138674884438,0.319571865443425,1,0.321100917431193,0.318862275449102,0.333333333333333,0.987897125567322,0.319634703196347,1,0.32312404287902,1,0.32018927444795,1,0.595488721804511,0.295902883156297,0.0371517027863777,0.297971918876755,0.320061255742726,1,0.301515151515152,0.318731117824773,0.3202416918429,0.328767123287671,1,1,0.326086956521739,0.329835082458771,1,1,0.323922734026746,0.233687405159332,0.0244956772334294,0.686064318529862,1,0.00303490136570561,0.320417287630402,1,0.31937984496124,0.307346326836582,0.318181818181818,1,1,1,0.323485967503693,0.317901234567901,0.319340329835082,0.674884437596302,0.306990881458967,1,0.338368580060423,1,1,0.449319213313162,0.32262996941896,0.322775263951735,0.323076923076923,0.301515151515152,0.323170731707317,0.642642642642643,1,1,0.315315315315315,0.00455235204855842,0.325408618127786,0.31858407079646,0.323170731707317,0.304932735426009,0.298780487804878,0.318452380952381,0.695915279878971,0.351632047477745,0.309309309309309,1,0.328746177370031,1,0.306427503736921,0.308641975308642,0.316923076923077,0.329787234042553,0.317484662576687,1,0.324925816023739,0.803076923076923,1,1,0.996951219512195,1,1,0.895475819032761,1,1,1,0.318047337278107,1,0.329192546583851,0,1,0.385756676557863,1,0.322085889570552,0.319508448540707,0.314589665653495,0.410138248847926,1,0.325825825825826,1,1,1,1,0,0.307098765432099,1,1,0.319213313161876,1,0.316417910447761,1,1,0.321928460342146,0.324655436447167,0.298484848484848,0.14854517611026,0.329211746522411,0,0.59882005899705,1,0.320417287630402,0.321646341463415,0.578787878787879,1,1,0.326594090202177,0.327718223583461,1,0.648854961832061,0.696923076923077,0.311450381679389,0.322530864197531,0.992592592592593,0.328220858895706,0.304538799414348,1,0.31390134529148,0.307004470938897,1,0.308282208588957,0.319571865443425,0.318250377073906,0.319213313161876,1,1,1,0.305263157894737,0.33125,0.00599700149925037,0.992401215805471,0.332814930015552,1,1,0.317365269461078,0.331825037707391,0.304675716440422,0.325688073394495,0.319213313161876,1,0.303076923076923,0.310975609756098,0.568567026194145,1,0.836140888208269,1,0,1,0.326894502228826,1,1,0.422960725075529,0.998482549317147,0.329754601226994,1,0.312788906009245,0.304084720121029,0.313161875945537,1,1,0.322338830584708,0.398119122257053,0.614906832298137,0.301223241590214,1,1,1,0.327639751552795,1,0.200303490136571,1,1,1,1,0.328335832083958,1,0.322884012539185,0.335347432024169,0.677272727272727,0.308527131782946,1,0.329268292682927,0.316417910447761,0.310291858678955,1,0.313988095238095,1,0.320531757754801,0.476407914764079,0.324734446130501,0.326687116564417,0.319277108433735,1,0.32572298325723,0.311627906976744,1,1,0.3202416918429,0.3125,1,0.474777448071217,0.321928460342146,0.326378539493294,0.330827067669173,0.683890577507599,1,0.305295950155763,1,0.421538461538462,0.307926829268293,0,0.876304023845007,0.32258064516129,0.319634703196347,0,0.0360902255639098,0.980243161094225,0.317629179331307,1,0.31441717791411,0.31937984496124,1,0.329323308270677,0.312788906009245,0.667682926829268,1,0.321044546850998,0.319875776397516,1,0.308270676691729,0.300940438871473,1,0.335329341317365,0.324200913242009,0.32579185520362,0.33587786259542,0.796992481203007,1,0.981481481481482,1,1,0.00151745068285281,1,0.992389649923896,1,0.43010752688172,0.996918335901387,0.306784660766962,0.99261447562777,0.325617283950617,0.995454545454545,0.602658788774003,0.626307922272048,0.326409495548961,0.311178247734139,0.640483383685801,0.318952234206472,0,0.630862329803328,0.681047765793529,0.317910447761194,0.00151975683890578,0.313546423135464,0.310185185185185,0.771822358346095,0.326865671641791,0.687405159332322,0.591194968553459,0.316436251920123,0.322822822822823,0.300455235204856,1,0.0305232558139535,0,0.314759036144578,0.326315789473684,0.331334332833583,1,0.33030303030303,0.312781954887218,1,0.307922272047833,0.938438438438438,0.568778979907264,1,1,0.993558776167472,0.320839580209895,0.604197901049475,0.318862275449102,0.315625,0.318385650224215,0.415037593984962,1,0.304747320061256,1,0.321592649310873,0.316770186335404,1,0.322085889570552,1,0.326656394453005,1,1,0.326315789473684,0,1,0.321481481481481,1,0.562406015037594,1,0.506766917293233,1,0.549923195084485,1,0.317901234567901,1,1,1,0.313253012048193,0.328197226502311,0.322916666666667,0.346456692913386,0.323899371069182,0.312217194570136,1,0.322338830584708,1,1,0.327300150829563,0.320493066255778,0.316417910447761,0.382621951219512,0.321428571428571,1,1,0.324734446130501,0.321044546850998,0.630030959752322,0.597243491577335,0.316590563165906,0.313271604938272,1,0.306646525679758,0.315007429420505,0.998449612403101,0.310185185185185,0.318181818181818,0,0.134730538922156,0.318529862174579,0.68029197080292,0.311450381679389,0.326283987915408,0.601470588235294,0.996960486322188,0.324074074074074,1,0.313935681470138,0.344086021505376,0.316109422492401,0.470499243570348,0.318529862174579,1,0.323216995447648,0.327718223583461,0.334370139968896,0.690119760479042,1,0.324574961360124,0.321321321321321,0,0.328313253012048,0.998470948012232,0.95045045045045,1,0.323216995447648,0.324324324324324,0.319938176197836,0.590163934426229,1,0.59717868338558,0.3328173374613,1,1,0.960725075528701,0.669710806697108,0.329770992366412,0.357686453576865,0.322188449848024,0.316341829085457,1,1,0.50920245398773,0.63206106870229,1,1,0.998502994011976,0.692660550458716,1,0.324483775811209,0.677760968229955,1,0.334848484848485,0.315384615384615,0.32258064516129,0.996992481203008,1,0.640944881889764,0.321375186846039,1,1,0.329787234042553,0.309451219512195,0.998480243161094,0,0.317411402157165,0.312404287901991,0.00598802395209581,0.319648093841642,1,0.305900621118012,1,0.146449704142012,0,0.90014684287812,0.324655436447167,1,1,0,0.00149925037481259,0.321212121212121,1,0.314641744548287,0.99702823179792,0.312210200927357,1,0.998447204968944,0.958966565349544,0.767371601208459,1,1,0.00461538461538462,1,0.514240506329114,0.336405529953917,0.674107142857143,0.328313253012048,1,0.306646525679758,0.67629179331307,1,1,0.317262830482115,0.619259259259259,0.328828828828829,0.584615384615385,0.972434915773354,0.336363636363636,0.602719033232628,0.013595166163142,0.3125,0.316816816816817,0.32375189107413,1,0.640834575260805,0.307110438729198,0.889922480620155,0.587155963302752,0.964232488822653,1,1,0.319758672699849,0.336434108527132,0.309119010819165,0.322869955156951,0.317365269461078,0.617429837518464,0.308383233532934,0,0.677991137370753,0.998489425981873,0.32781954887218,0.308510638297872,0.318252730109204,0.322388059701493,0.603369065849923,1,0.326440177252585,0.334346504559271,0.331259720062208,0.317484662576687,0.319340329835082,0.315384615384615,0.196107784431138,0.677272727272727,0.318461538461538,0.597907324364723,1,0.228658536585366,0.321156773211568,0.91820987654321,1,1,0.315868263473054,0.640060240963855,1,0.314842578710645,0.303875968992248,0.954476479514416,1,1,0.996830427892235,0.319277108433735,1,1,0.898773006134969,1,0.344213649851632,1,0.593798449612403,1,0.676119402985075,0.316998468606432,0.603369065849923,1,1,0.990853658536585,0.33134328358209,0.320300751879699,0.322834645669291,0.319277108433735,0.327639751552795,0.325153374233129,0.982919254658385,0.321266968325792,1,1,0.712765957446808,0,0.316265060240964,0.318452380952381,0.683812405446294,1,0.566066066066066,0.328888888888889,0.652373660030628,0.313935681470138,0.321372854914197,1,0.320182094081942,0.3216,0.686728395061728,0.909090909090909,0.324599708879185,0.60708782742681,0.576036866359447,0.325757575757576,0.323529411764706,0.308734939759036,0.593893129770992,0.683734939759036,1,0.890743550834598,1,0.671111111111111,0.996875,0.59190031152648,0.316187594553706,0.322834645669291,1,1,0.432267884322679,0.993827160493827,0.996960486322188,1,0.313935681470138,0.324283559577677,1,0.313953488372093,0.68030303030303,0.333333333333333,0.459665144596651,0.305810397553517,0,0.30962962962963,1,1,0.598507462686567,0.0015015015015015,0.333333333333333,0.321592649310873,0.0896656534954407,0.421630094043887,1,1,0.315629742033384,1,0.4104134762634,1,0.329394387001477,0.585585585585586,0.322678843226788,0.320987654320988,1,0,1,0.30564263322884,0.31866464339909,1,1,1,0.443585780525502,1,0.313455657492355,0.622754491017964,0.327794561933535,0.326018808777429,0.00149476831091181,0.0423600605143722,1,0.629573170731707,1,0.324655436447167,0.332298136645963,1,1,0.166917293233083,0.31651376146789,1,0.902402402402402,1,0.323353293413174,0.201848998459168,0.665667166416792,1,1,1,1,1,0.286350148367953,0.306525037936267,1,0.123630672926448,0.00154083204930663,0.438438438438438,0,0.323216995447648,1,0.685496183206107,1,1,0.887878787878788,1,0.681681681681682,1,1,1,1
"502",0.763665594855305,0.767036450079239,0.769592476489028,0.785031847133758,0.772870662460568,0.770569620253165,0.470774091627172,0.775641025641026,0.77151799687011,0.129807692307692,0.758620689655172,0.187793427230047,0.946859903381642,0.781789638932496,0.563897763578275,0.544881889763779,0.157894736842105,0.440129449838188,0.780063291139241,0.766091051805338,0.541009463722397,0.551612903225806,0.771604938271605,0.105590062111801,0.75,0.5671875,0.5648,0.766612641815235,0.767441860465116,0.931596091205212,0.534992223950233,0.967441860465116,0.82018927444795,0.549141965678627,0.209779179810726,0.765676567656766,0.290171606864275,0.776073619631902,0.541085271317829,0.761102603369066,0.418238993710692,0.434579439252336,0.446153846153846,0.774803149606299,0.774244833068362,0.557507987220447,0.543720190779014,0.562790697674419,0.565625,0.561728395061728,0.231366459627329,0.772151898734177,0.551342812006319,0.774294670846395,0.762052877138414,0.750798722044728,0.321086261980831,0.782334384858044,0.75705329153605,0.779904306220096,0.56418383518225,0.568535825545171,0.548489666136725,0.423756019261637,0.760450160771704,0.7609375,0.193396226415094,0.764612954186414,0.16036308623298,0.5671875,0.765258215962441,0.562599049128368,0.571658615136876,0.725363489499192,0.273155416012559,0.774885145482389,0.543913713405239,0.584097859327217,0.77639751552795,0.563812600969305,0.128246753246753,0.5728,0.575899843505477,0.783359497645212,0.58359133126935,0.77557251908397,0.759170653907496,0.769953051643192,0.785150078988942,0.446540880503145,0.773940345368917,0.77217125382263,0.225,0.12888198757764,0.774193548387097,0.182098765432099,0.227987421383648,0.7765625,0.315960912052117,0.441640378548896,0.774091627172196,0.171701112877583,0.544881889763779,0.768608414239482,0.554140127388535,0.771428571428571,0.426356589147287,0.766025641025641,0.56031746031746,0.560250391236307,0.571428571428571,0.769953051643192,0.565830721003135,0.772797527047913,0.242703533026114,0.764525993883792,0.567353407290016,0.127725856697819,0.562974203338392,0.563291139240506,0.234375,0.781395348837209,0.542901716068643,0.558917197452229,0.777950310559006,0.550387596899225,0.772455089820359,0.76103500761035,0.169303797468354,0.475460122699386,0.779220779220779,0.552380952380952,0.760904684975767,0.17737003058104,0.777957860615883,0.565015479876161,0.432389937106918,0.56386292834891,0.843601895734597,0.485294117647059,0.127591706539075,0.139717425431711,0.768633540372671,0.769230769230769,0.566770186335404,0.754777070063694,0.554531490015361,0.771565495207668,0.941915227629513,0.764615384615385,0.554662379421222,0.760188087774295,0.765472312703583,0.764705882352941,0.77602523659306,0.571428571428571,0.755038759689923,0.550561797752809,0.133956386292835,0.770670826833073,0.548686244204019,0.761609907120743,0.543720190779014,0.158227848101266,0.773675762439807,0.557692307692308,0.757097791798107,0.770542635658915,0.765432098765432,0.557098765432099,0.771428571428571,0.571653543307087,0.778846153846154,0.555727554179567,0.786991869918699,0.559294871794872,0.133956386292835,0.77567140600316,0.394088669950739,0.778481012658228,0.755905511811024,0.544728434504792,0.776377952755905,0.766929133858268,0.76049766718507,0.764240506329114,0.549363057324841,0.568356374807988,0.766129032258065,0.785031847133758,0.5703125,0.549679487179487,0.782270606531882,0.273291925465839,0.413010590015129,0.240506329113924,0.544585987261146,0.424764890282132,0.775193798449612,0.554364471669219,0.761750405186386,0.76219512195122,0.767036450079239,0.563981042654028,0.550077041602465,0.556818181818182,0.769113149847095,0.762987012987013,0.778471138845554,0.224522292993631,0.766091051805338,0.540540540540541,0.798136645962733,0.558213716108453,0.560126582278481,0.527301092043682,0.767295597484277,0.762128325508607,0.777080062794348,0.759811616954474,0.784126984126984,0.187697160883281,0.562101910828026,0.557299843014129,0.7734375,0.435779816513761,0.767080745341615,0.759878419452888,0.768621236133122,0.774844720496894,0.756289308176101,0.776416539050536,0.229199372056515,0.15600624024961,0.771384136858476,0.564593301435407,0.765822784810127,0.557098765432099,0.768759571209801,0.776527331189711,0.771293375394322,0.76984126984127,0.770597738287561,0.565286624203822,0.770542635658915,0.764423076923077,0.579527559055118,0.5609375,0.558064516129032,0.549679487179487,0.554848966613672,0.482315112540193,0.56828885400314,0.565625,0.561815336463224,0.757433489827856,0.573692551505547,0.769854132901134,0.450617283950617,0.551724137931034,0.142194744976816,0.564308681672026,0.770833333333333,0.791732909379968,0.772870662460568,0.11216429699842,0.549450549450549,0.774343122102009,0.553772070626003,0.576687116564417,0.557299843014129,0.559190031152648,0.433333333333333,0.772655007949126,0.556765163297045,0.56031746031746,0.775157232704403,0.543548387096774,0.78516228748068,0.563467492260062,0.5484375,0.773015873015873,0.772151898734177,0.758887171561051,0.28169014084507,0.772435897435897,0.454545454545455,0.149546827794562,0.571653543307087,0.761102603369066,0.776357827476038,0.136434108527132,0.5515625,0.565079365079365,0.767213114754098,0.776714513556619,0.544323483670295,0.204968944099379,0.2336,0.764705882352941,0.766666666666667,0.567278287461774,0.763406940063092,0.761467889908257,0.554347826086957,0.777777777777778,0.760432766615147,0.559241706161137,0.766773162939297,0.770932069510269,0.765625,0.772655007949126,0.580093312597201,0.553680981595092,0.570739549839228,0.774244833068362,0.775834658187599,0.434514637904468,0.560629921259843,0.791139240506329,0.549141965678627,0.563779527559055,0.76271186440678,0.774193548387097,0.770542635658915,0.78060413354531,0.770186335403727,0.558869701726845,0.773015873015873,0.764797507788162,0.123809523809524,0.56832298136646,0.501587301587302,0.547770700636943,0.436102236421725,0.550769230769231,0.762996941896025,0.55784469096672,0.572107765451664,0.113671274961598,0.556589147286822,0.770833333333333,0.566820276497696,0.776729559748428,0.772230889235569,0.765696784073507,0.555205047318612,0.546583850931677,0.776377952755905,0.845528455284553,0.17192429022082,0.766129032258065,0.557453416149068,0.558213716108453,0.554675118858954,0.784090909090909,0.553353658536585,0.221337579617834,0.55,0.544740973312402,0.568627450980392,0.559429477020602,0.772797527047913,0.553429027113238,0.763934426229508,0.771293375394322,0.216772151898734,0.768987341772152,0.558587479935794,0.76056338028169,0.762996941896025,0.7696,0.569157392686804,0.759259259259259,0.564465408805031,0.779299847792998,0.927786499215071,0.751159196290572,0.768370607028754,0.776911076443058,0.551181102362205,0.780063291139241,0.766561514195584,0.558359621451104,0.561904761904762,0.773940345368917,0.770932069510269,0.558869701726845,0.0890937019969278,0.765853658536585,0.780907668231612,0.772445820433437,0.22884012539185,0.540192926045016,0.752883031301483,0.550473186119874,0.1198738170347,0.784469096671949,0.441497659906396,0.673252279635258,0.766881028938907,0.775700934579439,0.433587786259542,0.465331278890601,0.591263650546022,0.770932069510269,0.552262090483619,0.77115987460815,0.774716369529984,0.57667731629393,0.75462962962963,0.764612954186414,0.226059654631083,0.567140600315956,0.77151799687011,0.772151898734177,0.565977742448331,0.76625386996904,0.77207062600321,0.560747663551402,0.176744186046512,0.767036450079239,0.755832037325039,0.762903225806452,0.776911076443058,0.550079491255962,0.534375,0.556748466257669,0.5578125,0.436220472440945,0.576219512195122,0.572555205047319,0.552307692307692,0.121684867394696,0.5568,0.769230769230769,0.561538461538462,0.778481012658228,0.567441860465116,0.142640364188164,0.172897196261682,0.773082942097027,0.763440860215054,0.186915887850467,0.7808,0.441538461538462,0.1743264659271,0.225396825396825,0.768992248062015,0.4390625,0.772292993630573,0.7671875,0.457278481012658,0.779874213836478,0.215748031496063,0.143312101910828,0.769968051118211,0.76271186440678,0.748043818466354,0.565079365079365,0.399103139013453,0.453507340946166,0.76,0.77115987460815,0.799689440993789,0.547169811320755,0.156589147286822,0.7625,0.546875,0.771384136858476,0.615506329113924,0.126198083067093,0.542721518987342,0.556067588325653,0.57001647446458,0.765891472868217,0.144186046511628,0.766412213740458,0.775641025641026,0.776911076443058,0.126365054602184,0.568910256410256,0.7671875,0.549606299212598,0.764227642276423,0.766025641025641,0.557275541795666,0.774294670846395,0.549698795180723,0.762658227848101,0.545310015898251,0.565768621236133,0.781789638932496,0.432692307692308,0.539170506912442,0.777080062794348,0.551446945337621,0.934065934065934,0.549618320610687,0.110773899848255,0.549923195084485,1,0.556270096463023,0.764044943820225,0.559748427672956,0.574500768049155,0.538940809968847,0.776729559748428,0.771790808240888,0.771212121212121,0.790064102564103,0.157545605306799,0.774244833068362,0.569105691056911,0.770542635658915,0.553921568627451,0.550387596899225,0.762128325508607,0.774193548387097,0.771251931993818,0.852380952380952,0.775038520801233,0.546850998463902,0.546021840873635,0.775888717156105,0.789137380191693,0.173139158576052,0.152755905511811,0.7734375,0.776886035313002,0.554675118858954,0.768867924528302,0.772370486656201,0.546325878594249,0.762295081967213,0.770670826833073,0.450549450549451,0.287878787878788,0.77151799687011,0.225563909774436,0.765451664025357,0.769349845201238,0.140405616224649,0.5625,0.77373417721519,0.57120253164557,0.776049766718507,0.805071315372425,0.763866877971474,0.925515055467512,0.777429467084639,0.551669316375199,0.76661514683153,0.76461038961039,0.78343949044586,0.21671826625387,0.551386623164764,0.777597402597403,0.762951334379906,0.426332288401254,0.759811616954474,0.56140350877193,0.609567901234568,0.580847723704867,0.760252365930599,0.776212832550861,0.751572327044025,0.127496159754224,0.546603475513428,0.141494435612083,0.780757097791798,0.553323029366306,0.547318611987382,0.609302325581395,0.219589257503949,0.767036450079239,0.821428571428571,0.75968992248062,0.765527950310559,0.563694267515924,0.555725190839695,0.111111111111111,0.197431781701445,0.562893081761006,0.556426332288401,0.556748466257669,0.228070175438596,0.559006211180124,0.763636363636364,0.218649517684887,0.549689440993789,0.781102362204724,0.77491961414791,0.77373417721519,0.563664596273292,0.558823529411765,0.172920065252855,0.762951334379906,0.553990610328638,0.551242236024845,0.7703125,0.764797507788162,0.5609375,0.457516339869281,0.77724358974359,0.763955342902711,0.443381180223285,0.771739130434783,0.533742331288344,0.766505636070853,0.554675118858954,0.2703125,0.429012345679012,0.468315301391036,0.781055900621118,0.547692307692308,0.565891472868217,0.439178515007899,0.423255813953488,0.773584905660377,0.570093457943925,0.763458401305057,0.559633027522936,0.784688995215311,0.564873417721519,0.546623794212219,0.597826086956522,0.572542901716069,0.567307692307692,0.5456,0.418641390205371,0.558139534883721,0.119741100323625,0.774091627172196,0.21583850931677,0.778816199376947,0.544,0.76038338658147,0.223622047244094,0.558544303797468,0.54874213836478,0.760195758564437,0.166666666666667,0.770440251572327,0.137658227848101,0.599358974358974,0.78740157480315,0.161949685534591,0.431464174454829,0.776377952755905,0.771822358346095,0.775541795665635,0.555737704918033,0.180834621329212,0.763440860215054,0.665086887835703,0.130434782608696,0.603343465045593,0.553822152886115,0.562883435582822,0.753918495297806,0.788617886178862,0.764991896272285,0.768253968253968,0.769592476489028,0.153609831029186,0.750783699059561,0.436728395061728,0.224550898203593,0.568111455108359,0.768253968253968,0.75314465408805,0.775974025974026,0.759259259259259,0.136363636363636,0.560422960725076,0.778637770897833,0.773675762439807,0.772435897435897,0.762282091917591,0.761978361669243,0.748031496062992,0.252321981424149,0.202898550724638,0.779527559055118,0.146189735614308,0.563380281690141,0.231974921630094,0.755070202808112,0.646964856230032,0.5553772070626,0.559241706161137,0.757575757575758,0.174726989079563,0.555384615384615,0.767801857585139,0.753532182103611,0.613057324840764,0.557926829268293,0.54773082942097,0.546325878594249,0.784375,0.563981042654028,0.551617873651772,0.4739336492891,0.552755905511811,0.806106870229008,0.550925925925926,0.133971291866029,0.556962025316456,0.225954198473282,0.767550702028081,0.147385103011094,0.545893719806763,0.554675118858954,0.572567783094099,0.761832061068702,0.772585669781931,0.769108280254777,0.777434312210201,0.76555023923445,0.761075949367089,0.572815533980582,0.754250386398764,0.554160125588697,0.568822553897181,0.595015576323987,0.434022257551669,0.76271186440678,0.761171032357473,0.222395023328149,0.56,0.134165366614665,0.781679389312977,0.180511182108626,0.769230769230769,0.758169934640523,0.552,0.760252365930599,0.773246329526917,0.511290322580645,0.48792270531401,0.768181818181818,0.146964856230032,0.137007874015748,0.776212832550861,0.7856,0.768273716951788,0.146031746031746,0.222395023328149,0.553846153846154,0.67398119122257,0.560862865947612,0.217054263565891,0.575757575757576,0.138095238095238,0.778996865203762,0.759170653907496,0.561240310077519,0.565217391304348,0.118195956454121,0.573926868044515,0.553488372093023,0.562111801242236,0.76984126984127,0.769828926905132,0.565705128205128,0.773211567732116,0.214953271028037,0.774760383386581,0.115805946791862,0.773675762439807,0.432098765432099,0.762790697674419,0.539432176656151,0.568659127625202,0.144859813084112,0.427682737169518,0.788309636650869,0.775351014040562,0.546165884194053,0.661264181523501,0.559241706161137,0.552715654952077,0.766718506998445,0.571651090342679,0.117460317460317,0.559294871794872,0.76103500761035,0.1321044546851,0.768987341772152,0.779714738510301,0.567140600315956,0.4288,0.551612903225806,0.760904684975767,0.77207062600321,0.555727554179567,0.545454545454545,0.568567026194145,0.728867623604466,0.566188197767145,0.755102040816326,0.170992366412214,0.777429467084639,0.770967741935484,0.460691823899371,0.398412698412698,0.568852459016393,0.1640625,0.565495207667732,0.763779527559055,0.786516853932584,0.545166402535658,0.579029733959311,0.386541471048513,0.772585669781931,0.555209953343701,0.46319018404908,0.559451219512195,0.752336448598131,0.26031746031746,0.221875,0.546583850931677,0.561538461538462,0.580952380952381,0.552334943639291,0.55054432348367,0.735294117647059,0.762738853503185,0.55,0.316558441558442,0.435054773082942,0.150943396226415,0.448844884488449,0.787974683544304,0.565354330708661,0.222748815165877,0.572327044025157,0.564465408805031,0.437209302325581,0.565079365079365,0.22360248447205,0.567651632970451,0.544585987261146,0.561904761904762,0.560629921259843
"503",0.29042904290429,0.314194577352472,0.3136,0.321895424836601,0.297427652733119,0.296,0.013136288998358,0.310679611650485,0.298555377207063,0.587848932676519,0.3109375,0.6515625,0.507269789983845,0.303656597774245,1,1,0.622820919175911,0,0.317384370015949,0.304487179487179,1,1,0.312202852614897,0.517295597484277,0.309006211180124,1,1,0.327841845140033,0.299689440993789,0.516025641025641,1,0.582018927444795,0.359055118110236,0.995222929936306,0.680511182108626,0.303839732888147,0.144904458598726,0.312401883830455,1,0.294117647058824,0.0032,0,0,0.317589576547231,0.311183144246353,1,0.9952,1,1,1,0.708920187793427,0.31869918699187,1,0.312698412698413,0.308056872037915,0.806873977086743,0.135922330097087,0.30952380952381,0.314641744548287,0.3136,0.990654205607477,1,1,0.00474683544303797,0.310457516339869,0.310618066561014,0.672552166934189,0.318541996830428,0.620583717357911,1,0.306729264475743,1,1,0.265676567656766,0.171114599686028,0.306501547987616,1,0.995253164556962,0.310236220472441,1,0.605263157894737,1,1,0.314785373608903,1,0.310077519379845,0.302931596091205,0.321543408360129,0.31378763866878,0,0.315457413249211,0.314728682170543,0.691573926868045,0.589456869009585,0.305691056910569,0.649149922720247,0.686305732484076,0.297971918876755,0.127062706270627,0,0.295819935691318,0.629032258064516,1,0.305785123966942,1,0.306349206349206,0,0.309791332263242,1,1,1,0.298273155416013,0.995215311004785,0.3104,0.2140625,0.300613496932515,1,0.384012539184953,1,1,0.209375,0.299531981279251,1,1,0.321875,1,0.309815950920245,0.305810397553517,0.379746835443038,0.759259259259259,0.298187808896211,1,0.3168,0.644409937888199,0.327868852459016,1,0.00158982511923688,1,0.362916006339144,0.889983579638752,0.594855305466238,0.606060606060606,0.304278922345483,0.317741935483871,1,0.297939778129952,1,0.297297297297297,0.503949447077409,0.317683881064163,1,0.301282051282051,0.310177705977383,0.314845024469821,0.321144674085851,1,0.291935483870968,1,0.443573667711599,0.313479623824451,1,0.302936630602782,1,0.609872611464968,0.311290322580645,1,0.303317535545024,0.305863708399366,0.314696485623003,0.985781990521327,0.309791332263242,1,0.310509554140127,1,0.311881188118812,1,0.608557844690967,0.288216560509554,0.0347682119205298,0.292880258899676,0.304,1,0.298412698412698,0.309409888357257,0.3056,0.320373250388802,1,1,0.309328968903437,0.311897106109325,1,1,0.315619967793881,0.253543307086614,0.0216383307573416,0.693910256410256,1,0.00323624595469256,0.308661417322835,1,0.30983606557377,0.296754250386399,0.30379746835443,0.996840442338073,1,1,0.315707620528771,0.304487179487179,0.302215189873418,0.685897435897436,0.300970873786408,1,0.332263242375602,1,1,0.448,0.316476345840131,0.308544303797468,0.318541996830428,0.289099526066351,0.306320907617504,0.658105939004815,1,1,0.301587301587302,0.00475435816164818,0.317965023847377,0.298461538461538,0.304140127388535,0.300787401574803,0.287337662337662,0.303656597774245,0.704472843450479,0.373817034700315,0.293650793650794,1,0.309791332263242,1,0.291079812206573,0.29570747217806,0.303174603174603,0.31810766721044,0.303425774877651,1,0.309262166405024,0.783034257748777,1,1,0.996794871794872,1,1,0.898387096774194,1,1,1,0.311912225705329,1,0.316139767054908,0,1,0.389324960753532,1,0.312602291325696,0.316129032258064,0.301109350237718,0.432,1,0.311320754716981,1,1,1,1,0,0.3072,1,1,0.312,1,0.311424100156495,1,1,0.299363057324841,0.3125,0.290064102564103,0.154205607476636,0.323051948051948,0,0.603125,1,0.307692307692308,0.316639741518578,0.591263650546022,1,1,0.315789473684211,0.325358851674641,1,0.659270998415214,0.706362153344209,0.294975688816856,0.305418719211823,0.993817619783617,0.31629392971246,0.290171606864275,1,0.304975922953451,0.300940438871473,1,0.291798107255521,0.31139646869984,0.296529968454259,0.303514376996805,1,1,1,0.301282051282051,0.314102564102564,0.0063391442155309,0.99198717948718,0.319218241042345,1,1,0.297169811320755,0.315047021943574,0.290372670807453,0.302694136291601,0.296529968454259,1,0.298701298701299,0.2992,0.575364667747164,1,0.841269841269841,1,0,1,0.313572542901716,1,1,0.419558359621451,0.998415213946117,0.30718954248366,1,0.301127214170692,0.2976,0.297339593114241,1,1,0.313385826771654,0.395695364238411,0.625,0.289902280130293,1,1,1,0.314238952536825,1,0.213592233009709,1,1,1,1,0.3109375,1,0.308970099667774,0.318840579710145,0.684380032206119,0.293159609120521,1,0.3136,0.307453416149068,0.307692307692308,1,0.297339593114241,1,0.305993690851735,0.480127186009539,0.317034700315457,0.310679611650485,0.298273155416013,1,0.312698412698413,0.298887122416534,1,1,0.307086614173228,0.303174603174603,1,0.484472049689441,0.298507462686567,0.315132605304212,0.312302839116719,0.697160883280757,1,0.280327868852459,1,0.4224,0.305825242718447,0,0.862341772151899,0.311183144246353,0.311708860759494,0,0.0369181380417336,0.982258064516129,0.2992,1,0.306709265175719,0.303715670436187,1,0.309904153354633,0.301794453507341,0.676751592356688,1,0.313001605136437,0.315112540192926,1,0.309636650868878,0.301948051948052,1,0.350078492935636,0.3,0.309748427672956,0.321027287319422,0.778481012658228,1,0.980645161290323,1,1,0.00158730158730159,1,0.993620414673046,1,0.432432432432432,0.996732026143791,0.304347826086957,0.992211838006231,0.317230273752013,0.995245641838352,0.614420062695925,0.6421875,0.308426073131955,0.306853582554517,0.644444444444444,0.302439024390244,0,0.63751987281399,0.691935483870968,0.299373040752351,0.00158478605388273,0.298722044728434,0.295527156549521,0.770833333333333,0.310897435897436,0.6875,0.610837438423645,0.303174603174603,0.306477093206951,0.291993720565149,1,0.0303951367781155,0,0.311912225705329,0.321144674085851,0.32967032967033,1,0.354838709677419,0.300469483568075,1,0.297169811320755,0.933544303797468,0.580065359477124,1,1,0.993231810490694,0.309375,0.618012422360248,0.316358024691358,0.310344827586207,0.305732484076433,0.423676012461059,1,0.299352750809061,1,0.314569536423841,0.305111821086262,1,0.308562197092084,1,0.309409888357257,1,1,0.312401883830455,0,1,0.3088,1,0.55591054313099,1,0.515151515151515,1,0.556270096463023,1,0.308072487644152,1,1,1,0.298245614035088,0.313915857605178,0.303125,0.344771241830065,0.349337748344371,0.298722044728434,1,0.3125,1,1,0.31104199066874,0.304065040650407,0.304821150855365,0.371835443037975,0.310618066561014,1,1,0.314465408805031,0.311582381729201,0.634894991922456,0.6,0.304140127388535,0.308562197092084,1,0.299840510366826,0.296754250386399,0.995215311004785,0.301302931596091,0.299679487179487,0,0.147151898734177,0.304838709677419,0.693474962063733,0.309446254071661,0.312401883830455,0.61189358372457,0.996815286624204,0.300970873786408,1,0.301127214170692,0.338187702265372,0.302737520128824,0.473354231974922,0.305825242718447,1,0.31378763866878,0.307817589576547,0.319805194805195,0.694006309148265,1,0.315447154471545,0.304212168486739,0,0.31496062992126,0.998435054773083,0.951026856240126,1,0.309748427672956,0.304278922345483,0.29951690821256,0.59190031152648,1,0.603648424543947,0.317891373801917,1,1,0.963665086887836,0.688,0.321543408360129,0.352290679304897,0.3088,0.305732484076433,1,1,0.518518518518518,0.645367412140575,1,1,0.998417721518987,0.696574225122349,1,0.312404287901991,0.694041867954911,1,0.314553990610329,0.30298273155416,0.30622009569378,0.996865203761755,1,0.658576051779935,0.31637519872814,1,1,0.314194577352472,0.295527156549521,0.998402555910543,0,0.309677419354839,0.297253634894992,0.00644122383252818,0.298578199052133,1,0.296416938110749,1,0.150470219435737,0,0.9015625,0.318541996830428,1,1,0,0.00157977883096367,0.312399355877617,1,0.298701298701299,0.996913580246914,0.303858520900322,1,1,0.960443037974684,0.781847133757962,1,1,0.00480769230769231,1,0.520391517128874,0.309446254071661,0.68075117370892,0.30952380952381,1,0.29126213592233,0.693270735524257,1,1,0.306451612903226,0.621374045801527,0.313385826771654,0.597110754414125,0.96984126984127,0.322378716744914,0.603833865814696,0.0111464968152866,0.2944,0.311004784688995,0.310344827586207,1,0.64696734059098,0.299373040752351,0.88,0.598694942903752,0.963779527559055,1,1,0.301412872841444,0.326860841423948,0.302134646962233,0.304416403785489,0.300476947535771,0.624806201550388,0.291925465838509,0,0.683076923076923,0.998392282958199,0.314465408805031,0.292483660130719,0.304492512479201,0.311424100156495,0.614262560777958,1,0.320872274143302,0.321543408360129,0.315960912052117,0.306688417618271,0.310185185185185,0.301765650080257,0.2109375,0.689210950080515,0.303715670436187,0.608214849921011,1,0.2528,0.31687898089172,0.917609046849758,1,1,0.296529968454259,0.649762282091918,1,0.305863708399366,0.289137380191693,0.952922077922078,1,1,0.996726677577741,0.315132605304212,1,1,0.894308943089431,1,0.342229199372057,1,0.598347107438017,1,0.686119873817035,0.2976,0.617504051863857,1,1,0.995176848874598,0.3171875,0.310832025117739,0.310965630114566,0.308917197452229,0.314424635332253,0.310177705977383,0.985576923076923,0.299684542586751,1,1,0.722044728434505,0,0.311811023622047,0.304075235109718,0.688188976377953,1,0.572347266881029,0.31832298136646,0.657097288676236,0.2992,0.307941653160454,1,0.301916932907348,0.308600337268128,0.696078431372549,0.904448105436573,0.31306990881459,0.616144975288303,0.583870967741935,0.313291139240506,0.317307692307692,0.297124600638978,0.600315955766193,0.689490445859873,1,0.880573248407643,1,0.673534072900158,0.996784565916399,0.59967585089141,0.304975922953451,0.311897106109325,1,1,0.438202247191011,0.993548387096774,0.996815286624204,1,0.309904153354633,0.314606741573034,1,0.31039755351682,0.6921875,0.305111821086262,0.45958795562599,0.284329563812601,0,0.300469483568075,1,1,0.604761904761905,0.0015527950310559,0.320512820512821,0.307941653160454,0.103059581320451,0.407894736842105,1,1,0.298722044728434,1,0.421221864951768,1,0.313935681470138,0.592948717948718,0.315705128205128,0.311582381729201,1,0,1,0.292962356792144,0.311183144246353,1,1,1,0.439542483660131,1,0.306709265175719,0.623604465709729,0.318840579710145,0.312602291325696,0.00155763239875389,0.0427892234548336,1,0.626794258373206,1,0.320574162679426,0.31869918699187,1,1,0.175911251980983,0.294975688816856,1,0.89873417721519,1,0.313084112149533,0.208064516129032,0.675590551181102,1,1,1,1,1,0.280564263322884,0.298887122416534,1,0.125407166123779,0.00161550888529887,0.440570522979398,0,0.308917197452229,1,0.690590111642743,1,1,0.888364779874214,1,0.688394276629571,1,1,1,1
"504",1,1,1,1,1,1,0.706840390879479,1,1,0.118032786885246,1,0.0546623794212219,0.80226904376013,1,0.32258064516129,0.297124600638978,0.0761904761904762,0.681592039800995,1,1,0.287081339712919,0.320661157024793,1,0.172248803827751,1,0.32695374800638,0.317512274959083,1,1,0.789644012944984,0.301282051282051,0.722222222222222,0.962204724409449,0.311501597444089,0,1,0.541935483870968,1,0.2976,1,0.669329073482428,0.680129240710824,0.693396226415094,1,1,0.322422258592471,0.312703583061889,0.310452418096724,0.321027287319422,0.325984251968504,0,1,0.305164319248826,1,1,0.502431118314425,0.549593495934959,1,1,1,0.325984251968504,0.3125,0.317741935483871,0.6768,1,1,0.0455284552845528,1,0.06875,0.318110236220472,1,0.312302839116719,0.314754098360656,0.968595041322314,0.5,1,0.311605723370429,0.332298136645963,1,0.322847682119205,0.105348460291734,0.32396694214876,0.322528363047002,1,0.340189873417722,1,1,1,1,0.691082802547771,1,1,0.00162074554294976,0.125786163522013,1,0.0579937304075235,0,1,0.569078947368421,0.673139158576052,1,0.0652866242038217,0.315619967793881,1,0.31139646869984,1,0.6832,1,0.319554848966614,0.315286624203822,0.313694267515924,1,0.323717948717949,1,0.493788819875776,1,0.310289389067524,0.307210031347962,0.320872274143302,0.317741935483871,0.483870967741935,0.998407643312102,0.318037974683544,0.308848080133556,1,0.307324840764331,1,1,0.331230283911672,0.555209953343701,1,0.318770226537217,1,0.0515625,1,0.31378763866878,0.67246835443038,0.328050713153724,0.918138041733547,0.447882736156352,0.123176661264182,0.118314424635332,1,1,0.33868378812199,1,0.324574961360124,1,0.792452830188679,1,0.328947368421053,1,1,1,1,0.333870967741935,1,0.3264,0.278041074249605,1,0.310289389067524,1,0.296116504854369,0.105263157894737,1,0.311688311688312,1,1,1,0.327586206896552,1,0.326892109500805,1,0.30188679245283,1,0.316639741518578,0.0901898734177215,1,0.633333333333333,1,1,0.315359477124183,1,1,1,1,0.326298701298701,0.303317535545024,1,0.998417721518987,0.314553990610329,0.299679487179487,1,0.460191082802548,0.667692307692308,0,0.324193548387097,0.676328502415459,1,0.315541601255887,1,0.998417721518987,1,0.312796208530806,0.319685039370079,0.32626427406199,1,1,1,0,1,0.308196721311475,0.967689822294023,0.326332794830372,0.308562197092084,0.739549839228296,1,1,1,1,1,0.0526315789473684,0.312399355877617,0.3264,1,0.684044233807267,1,1,0.998392282958199,0.998397435897436,1,1,0.00479233226837061,0.334905660377358,1,0.303571428571429,1,0.304,1,1,1,1,1,0.323051948051948,1,0.507987220447284,0.317152103559871,0.32484076433121,0.315447154471545,0.318979266347687,0.323671497584541,0.435855263157895,0.325949367088608,0.315457413249211,0.307814992025518,1,0.314009661835749,1,0.684952978056426,0.3216,0.325434439178515,0.33442088091354,1,1,1,0.271132376395534,0.3088,1,0.318181818181818,0.334890965732087,0.312302839116719,0.323809523809524,0.6848,1,0.315789473684211,0.308562197092084,1,0.301948051948052,1,0.309636650868878,0.306451612903226,1,1,1,0.534810126582278,1,0.690705128205128,0.0976744186046512,0.31629392971246,1,1,0.115689381933439,0.319047619047619,0.327841845140033,1,1,0.301109350237718,0.0300157977883096,0.00327868852459016,1,1,0.323529411764706,0.998392282958199,1,0.303599374021909,1,1,0.313880126182965,1,1,1,1,0.317891373801917,0.311424100156495,0.323529411764706,1,1,0.67515923566879,0.320126782884311,1,0.324615384615385,0.297297297297297,1,1,0.998410174880763,1,1,0.323671497584541,1,1,0.127090301003344,0.328050713153724,0.504807692307692,0.3125,0.677884615384615,0.323899371069182,1,0.308562197092084,0.328593996840442,0.276629570747218,0.313971742543171,1,0.325617283950617,1,1,1,0.308186195826645,0.317891373801917,0.998397435897436,0.911666666666667,0.0754414125200642,1,0.312,0.315112540192926,0.313504823151125,1,0.327613104524181,0.473684210526316,0.323671497584541,0.304140127388535,0.316993464052288,0.30622009569378,1,0.314606741573034,1,1,0,1,0.324193548387097,1,1,1,0.326765188834154,1,0.30718954248366,1,0.830427892234548,1,1,1,0.312893081761006,1,1,0.303514376996805,0.312,1,1,0.307568438003221,0.206022187004754,1,0.9984,1,0,0.316558441558442,1,0.308917197452229,0.262820512820513,1,0.680379746835443,0.432766615146832,1,1,0.682737169517885,0.702875399361022,0.35426731078905,1,0.323671497584541,1,1,0.328968903436989,1,0.998392282958199,0.00961538461538462,0.324324324324324,1,1,0.32396694214876,1,1,0.313628899835796,0.341772151898734,1,1,1,0.527331189710611,0.307448494453249,0.348949919224556,0.315068493150685,0.332802547770701,0.692556634304207,0.320695102685624,0.32258064516129,0.318681318681319,0.2544,0.321252059308072,1,0.3198127925117,0.998384491114701,0.326366559485531,0.0995334370139969,0.061128526645768,1,1,0.0466988727858293,1,0.687106918238994,0.0516129032258065,0.014446227929374,1,0.680064308681672,1,1,0.553054662379421,1,0,0.0844370860927152,1,1,1,0.317817014446228,0.645801526717557,0.683250414593698,0.996810207336523,1,0.979166666666667,0.305246422893482,0.3456,1,0.303571428571429,1,0.368167202572347,0.123993558776167,0.303656597774245,0.320695102685624,0.335559265442404,1,0.0965189873417722,1,1,1,0.27742946708464,0.324104234527687,1,0.314516129032258,1,1,0.313880126182965,1,0.31924882629108,1,0.316720257234727,0.31810766721044,1,0.682926829268293,0.307210031347962,1,0.311074918566775,0.761146496815287,0.31733746130031,0.177777777777778,0.317901234567901,0.764044943820225,0.308072487644152,1,0.31911532385466,0.336434108527132,0.292993630573248,1,1,1,0.961857379767827,0.341098169717138,1,0.318555008210181,1,0.317434210526316,0.325434439178515,1,1,1,0.903225806451613,1,0.309033280507132,0.321086261980831,1,1,0.0586319218241042,0.0935483870967742,1,1,0.299674267100977,1,1,0.317384370015949,1,1,0.676898222940226,0.533646322378717,1,0,1,1,0.117739403453689,0.325281803542673,1,0.322169059011164,0.998402555910543,0.95928338762215,0.998394863563403,0.817891373801917,1,0.326229508196721,1,1,1,0,0.309090909090909,1,1,0.66884176182708,1,0.317230273752013,0.358161648177496,0.323763955342903,1,1,1,0.107142857142857,0.320907617504052,0.106732348111658,0.998360655737705,0.30829420970266,0.3088,0.361464968152866,0,1,0.950320512820513,1,1,0.317384370015949,0.303599374021909,0.168831168831169,0.0483870967741935,0.320450885668277,0.311111111111111,0.323296354992076,0.0016750418760469,0.315372424722662,1,0,0.317034700315457,1,1,1,0.316211878009631,0.319182389937107,0.0429752066115702,1,0.314332247557003,0.304761904761905,1,1,0.31687898089172,0.688442211055276,1,1,0.691680261011419,1,0.303738317757009,1,0.31139646869984,0.517940717628705,0.669811320754717,0.422776911076443,1,0.299843014128728,0.314516129032258,0.682464454976303,0.669316375198728,1,0.319870759289176,1,0.31974921630094,1,0.320574162679426,0.306688417618271,0.346278317152104,0.540412044374009,0.31973898858075,0.311897106109325,0.661904761904762,0.31055900621118,0.168557536466775,1,0,1,0.296062992125984,1,0,0.324281150159744,0.317073170731707,1,0.0690184049079755,1,0.105090311986864,0.341463414634146,1,0.0761904761904762,0.675282714054927,1,1,1,0.299159663865546,0.0496894409937888,1,0.42741935483871,0.113636363636364,0.354066985645933,0.320512820512821,0.328616352201258,1,1,1,1,1,0.0765625,0.995283018867924,0.687697160883281,0.00458015267175573,0.322169059011164,1,1,1,1,0.0998415213946117,0.311320754716981,1,1,1,1,1,1,0.485804416403785,0.00163132137030995,1,0.0998415213946117,0.314285714285714,0.441786283891547,1,0.397350993377483,0.311447811447811,0.312202852614897,1,0.0491283676703645,0.316770186335404,1,1,0.375,0.30952380952381,0.308064516129032,0.326158940397351,0.998430141287284,0.322899505766063,0.317891373801917,0.439868204283361,0.315705128205128,0.970496894409938,0.311912225705329,0.0975609756097561,0.322061191626409,0,1,0.105095541401274,0.296900489396411,0.316639741518578,0.320450885668277,1,1,1,1,1,1,0.336065573770492,1,0.312599681020734,0.306506849315068,0.613418530351438,0.682847896440129,1,1,0,0.318110236220472,0.134069400630915,0.998447204968944,0.0422077922077922,1,1,0.316639741518578,1,1,0.642857142857143,0.433554817275748,0.995412844036697,0.0940594059405941,0.11869918699187,1,1,1,0.103668261562998,0,0.315132605304212,0.419093851132686,0.311349693251534,0,0.319286871961102,0.101141924959217,1,1,0.316455696202532,0.316211878009631,0.261075949367089,0.328947368421053,0.307086614173228,0.320574162679426,1,1,0.320907617504052,1,0,1,0.24512987012987,1,0.668276972624799,1,0.3125,0.307438016528926,0.0916398713826367,0.672523961661342,1,1,0.778135048231511,0.894736842105263,0.31637519872814,0.312602291325696,1,0.314285714285714,0.267605633802817,0.320261437908497,1,0.123595505617978,1,1,0.3232,0.67373572593801,0.305555555555556,1,1,0.299524564183835,0.304,0.31924882629108,0.862838915470494,0.316993464052288,1,0.0685805422647528,1,1,0.69826224328594,0.653907496012759,0.324503311258278,0.0678513731825525,0.320512820512821,1,1,0.306946688206785,0.327922077922078,0.607594936708861,1,0.305772230889236,0.3921875,0.309294871794872,0.987480438184664,0.474548440065681,0.00483870967741936,0.309791332263242,0.320872274143302,0.320388349514563,0.309446254071661,0.315873015873016,0.978056426332288,1,0.315619967793881,0.551894563426689,0.684552845528455,0.25,0.689542483660131,1,0.322683706070288,0.00323624595469256,0.327476038338658,0.309033280507132,0.394944707740916,0.304918032786885,0,0.329581993569132,0.312091503267974,0.323481116584565,0.314102564102564
"505",0.30379746835443,0.315384615384615,0.324534161490683,0.333333333333333,0.31924882629108,0.310236220472441,0.0127591706539075,0.326465927099842,0.32093023255814,0.566188197767145,0.322085889570552,0.624223602484472,0.519809825673534,0.328616352201258,1,1,0.612403100775194,0,0.330696202531646,0.314241486068111,1,1,0.331811263318113,0.512383900928793,0.311926605504587,1,1,0.342902711323764,0.317411402157165,0.520766773162939,1,0.590214067278288,0.374608150470219,0.998432601880878,0.661367249602544,0.315960912052117,0.139751552795031,0.319018404907975,1,0.308527131782946,0.0031496062992126,0,0,0.336507936507937,0.316037735849057,1,0.995268138801262,1,1,1,0.685670261941448,0.329635499207607,1,0.329230769230769,0.322981366459627,0.820754716981132,0.120634920634921,0.323943661971831,0.3203125,0.324451410658307,0.993798449612403,1,1,0.00625,0.318910256410256,0.314728682170543,0.649206349206349,0.328125,0.609756097560976,1,0.321538461538462,1,1,0.283464566929134,0.158461538461538,0.324925816023739,1,0.995412844036697,0.329704510108865,1,0.59344262295082,1,1,0.33026113671275,1,0.33026113671275,0.329153605015674,0.340062111801242,0.31937984496124,0,0.323248407643312,0.328313253012048,0.68380062305296,0.574303405572755,0.320634920634921,0.636500754147813,0.674846625766871,0.309486780715397,0.122383252818035,0,0.313479623824451,0.608150470219436,1,0.320574162679426,1,0.322429906542056,0,0.328616352201258,1,1,1,0.311320754716981,0.996884735202492,0.328616352201258,0.2,0.317220543806647,1,0.379785604900459,1,1,0.210608424336973,0.307692307692308,1,1,0.335375191424196,1,0.317507418397626,0.320182094081942,0.371294851794072,0.765957446808511,0.322683706070288,1,0.334928229665072,0.628224582701062,0.339256865912762,1,0.00156985871271586,1,0.382215288611544,0.884430176565008,0.576138147566719,0.593406593406593,0.317411402157165,0.328525641025641,1,0.31687898089172,1,0.304552590266876,0.5,0.329738058551618,1,0.308777429467085,0.320754716981132,0.321144674085851,0.333860759493671,1,0.308176100628931,1,0.433179723502304,0.331259720062208,1,0.327718223583461,1,0.589257503949447,0.331746031746032,1,0.325545171339564,0.318885448916409,0.336463223787167,0.987767584097859,0.332805071315372,1,0.329652996845426,1,0.3232,1,0.582554517133956,0.302362204724409,0.0272873194221509,0.300319488817891,0.325581395348837,1,0.312796208530806,0.327586206896552,0.329721362229102,0.340625,1,1,0.333876221498371,0.328660436137072,1,1,0.326625386996904,0.240683229813665,0.0178837555886736,0.687106918238994,1,0.003125,0.321592649310873,1,0.323763955342903,0.32,0.321100917431193,1,1,1,0.329803328290469,0.31378763866878,0.325115562403698,0.677884615384615,0.308777429467085,1,0.343799058084772,1,1,0.4515625,0.329652996845426,0.327666151468315,0.327639751552795,0.303265940902022,0.312302839116719,0.634375,1,1,0.326656394453005,0.00308641975308642,0.336391437308869,0.323308270676692,0.327014218009479,0.309230769230769,0.303656597774245,0.320182094081942,0.694227769110764,0.36322188449848,0.313572542901716,1,0.322834645669291,1,0.315870570107858,0.309636650868878,0.317460317460317,0.336507936507937,0.318181818181818,1,0.328638497652582,0.800314465408805,1,1,0.996889580093313,1,1,0.888178913738019,1,1,1,0.318529862174579,1,0.332786885245902,0,1,0.383076923076923,1,0.326498422712934,0.3234375,0.319314641744548,0.418238993710692,1,0.328767123287671,1,1,1,1,0,0.322834645669291,1,1,0.326053042121685,1,0.325581395348837,1,1,0.316455696202532,0.3248,0.304953560371517,0.154205607476636,0.334920634920635,0,0.590288315629742,1,0.325115562403698,0.320754716981132,0.578461538461538,1,1,0.332802547770701,0.335423197492163,1,0.650695517774343,0.696629213483146,0.311111111111111,0.32018927444795,0.992503748125937,0.330733229329173,0.307458143074581,1,0.319314641744548,0.317411402157165,1,0.310832025117739,0.322530864197531,0.322378716744914,0.326625386996904,1,1,1,0.308176100628931,0.327666151468315,0.0062402496099844,0.992272024729521,0.337519623233909,1,1,0.321646341463415,0.334869431643625,0.305936073059361,0.321981424148607,0.319314641744548,1,0.312302839116719,0.315707620528771,0.564465408805031,1,0.835423197492163,1,0,1,0.326836581709145,1,1,0.419753086419753,0.998444790046656,0.323343848580442,1,0.312597200622084,0.311424100156495,0.313755795981453,1,1,0.323943661971831,0.405797101449275,0.605723370429253,0.312401883830455,1,1,1,0.324367088607595,1,0.207221350078493,1,1,1,1,0.32824427480916,1,0.327361563517915,0.342549923195084,0.666151468315301,0.307086614173228,1,0.329704510108865,0.318112633181126,0.320967741935484,1,0.30920060331825,1,0.32370820668693,0.479938271604938,0.330232558139535,0.330188679245283,0.321981424148607,1,0.318979266347687,0.312989045383412,1,1,0.324534161490683,0.314984709480122,1,0.47166921898928,0.324237560192616,0.328173374613003,0.332317073170732,0.68125,1,0.311111111111111,1,0.417197452229299,0.321372854914197,0,0.881638846737481,0.325984251968504,0.31974921630094,0,0.0326594090202177,0.98116169544741,0.31832298136646,1,0.315132605304212,0.318541996830428,1,0.327666151468315,0.322429906542056,0.666146645865835,1,0.331775700934579,0.328025477707006,1,0.316279069767442,0.313504823151125,1,0.341121495327103,0.31378763866878,0.323619631901841,0.333858267716535,0.796583850931677,1,0.982649842271293,1,1,0.00156985871271586,1,0.995348837209302,1,0.425465838509317,0.998389694041868,0.311450381679389,0.995391705069124,0.33122028526149,0.996927803379416,0.602102102102102,0.623277182235835,0.329230769230769,0.317147192716237,0.63482280431433,0.324281150159744,0,0.6234375,0.668789808917197,0.326594090202177,0.00153846153846154,0.319875776397516,0.319444444444444,0.769592476489028,0.328638497652582,0.683544303797468,0.586921850079745,0.31687898089172,0.326656394453005,0.306976744186047,1,0.0242792109256449,0,0.327102803738318,0.321538461538462,0.337984496124031,1,0.331230283911672,0.328682170542636,1,0.312111801242236,0.940184049079755,0.569157392686804,1,1,0.994932432432432,0.326153846153846,0.598159509202454,0.327743902439024,0.316993464052288,0.324534161490683,0.411764705882353,1,0.314285714285714,1,0.32695374800638,0.322683706070288,1,0.325914149443561,1,0.327586206896552,1,1,0.324534161490683,0,1,0.331782945736434,1,0.5609375,1,0.49537037037037,1,0.559748427672956,1,0.31911532385466,1,1,1,0.316535433070866,0.322784810126582,0.325153374233129,0.349840255591054,0.325769854132901,0.321044546850998,1,0.325545171339564,1,1,0.336434108527132,0.328571428571429,0.318042813455657,0.396825396825397,0.333333333333333,1,1,0.334869431643625,0.328050713153724,0.618819776714514,0.584518167456556,0.321316614420063,0.33122028526149,1,0.312883435582822,0.318042813455657,0.996923076923077,0.312399355877617,0.323029366306028,0,0.140672782874618,0.323390894819466,0.675675675675676,0.314553990610329,0.328746177370031,0.5895865237366,0.996835443037975,0.318252730109204,1,0.316279069767442,0.352380952380952,0.316692667706708,0.475308641975309,0.320251177394035,1,0.325,0.326498422712934,0.334935897435897,0.682588597842835,1,0.330645161290323,0.318818040435459,0,0.332298136645963,0.998447204968944,0.952830188679245,1,0.3265625,0.325227963525836,0.326984126984127,0.580893682588598,1,0.592651757188498,0.339652448657188,1,1,0.970769230769231,0.677519379844961,0.330721003134796,0.361538461538462,0.328638497652582,0.326120556414219,1,1,0.504716981132076,0.63182527301092,1,1,0.998480243161094,0.688206785137318,1,0.326153846153846,0.680817610062893,1,0.331775700934579,0.320634920634921,0.332288401253919,0.998454404945904,1,0.642628205128205,0.327160493827161,1,1,0.332302936630603,0.31039755351682,0.998452012383901,0,0.322222222222222,0.310236220472441,0.00771604938271605,0.317147192716237,1,0.312302839116719,1,0.148091603053435,0,0.901812688821752,0.333333333333333,1,1,0,0.00154083204930663,0.333333333333333,1,0.318471337579618,0.996969696969697,0.318910256410256,1,0.998420221169036,0.959183673469388,0.772585669781931,1,1,0.0062402496099844,1,0.507223113964687,0.325984251968504,0.671191553544495,0.335925349922239,1,0.315217391304348,0.667192429022082,1,1,0.315112540192926,0.612121212121212,0.334375,0.579527559055118,0.969889064976228,0.331269349845201,0.599688473520249,0.0126382306477093,0.321928460342146,0.324451410658307,0.327743902439024,1,0.634108527131783,0.315467075038285,0.888024883359253,0.578446909667195,0.967987804878049,1,1,0.321259842519685,0.349206349206349,0.313195548489666,0.319571865443425,0.321044546850998,0.610606060606061,0.309090909090909,0,0.67420814479638,1,0.331240188383046,0.315707620528771,0.324149108589951,0.329787234042553,0.610248447204969,1,0.337423312883436,0.338582677165354,0.334928229665072,0.323296354992076,0.313084112149533,0.316957210776545,0.195718654434251,0.677367576243981,0.325914149443561,0.589393939393939,1,0.240126382306477,0.325038880248834,0.934920634920635,1,1,0.316279069767442,0.632558139534884,1,0.313846153846154,0.307332293291732,0.957878315132605,1,1,0.998422712933754,0.324574961360124,1,1,0.897151898734177,1,0.349693251533742,1,0.582664526484751,1,0.670229007633588,0.316614420062696,0.594043887147335,1,1,0.99211356466877,0.333850931677019,0.325545171339564,0.327476038338658,0.320433436532508,0.330670926517572,0.331210191082803,0.984,0.318529862174579,1,1,0.720610687022901,0,0.322429906542056,0.321483771251932,0.672811059907834,1,0.55177743431221,0.327794561933535,0.63391442155309,0.315873015873016,0.317460317460317,1,0.317034700315457,0.323529411764706,0.699680511182109,0.908653846153846,0.325408618127786,0.594936708860759,0.566246056782334,0.330173775671406,0.334928229665072,0.307453416149068,0.586477987421384,0.674382716049383,1,0.893312101910828,1,0.666666666666667,0.998407643312102,0.5814696485623,0.315625,0.328050713153724,1,1,0.424615384615385,0.993640699523052,0.998468606431853,1,0.322784810126582,0.328125,1,0.31969696969697,0.676470588235294,0.338509316770186,0.459119496855346,0.311111111111111,0,0.310502283105023,1,1,0.585669781931464,0.0015527950310559,0.335403726708075,0.328638497652582,0.106349206349206,0.416,1,1,0.324200913242009,1,0.416666666666667,1,0.337386018237082,0.578052550231839,0.331269349845201,0.322274881516588,1,0,1,0.310509554140127,0.325434439178515,1,1,1,0.448553054662379,1,0.325,0.617283950617284,0.326625386996904,0.3344,0.00155763239875389,0.0380952380952381,1,0.619718309859155,1,0.322784810126582,0.334928229665072,1,1,0.159264931087289,0.316770186335404,1,0.902587519025875,1,0.325227963525836,0.203791469194313,0.671296296296296,1,1,1,1,1,0.293577981651376,0.305164319248826,1,0.11198738170347,0.00157232704402516,0.428794992175274,0,0.333333333333333,1,0.672523961661342,1,1,0.88785046728972,1,0.675465838509317,1,1,1,1
"506",0.317610062893082,0.332307692307692,0.329249617151608,0.341614906832298,0.329192546583851,0.329173166926677,0.0142630744849445,0.333858267716535,0.325190839694657,0.555732484076433,0.334848484848485,0.621951219512195,0.532710280373832,0.33953488372093,1,1,0.60546282245827,0,0.344339622641509,0.329173166926677,1,1,0.338957055214724,0.5,0.327272727272727,1,1,0.353225806451613,0.328787878787879,0.541009463722397,1,0.602134146341463,0.37904468412943,0.996879875195008,0.646604938271605,0.334959349593496,0.132218844984802,0.343511450381679,1,0.323216995447648,0,0,0,0.345201238390093,0.335413416536661,1,0.998459167950693,1,1,1,0.667180277349769,0.345368916797488,1,0.343167701863354,0.331797235023041,0.819047619047619,0.110248447204969,0.335925349922239,0.333841463414634,0.341121495327103,0.992492492492492,1,1,0.0015600624024961,0.330143540669856,0.33179012345679,0.635514018691589,0.351477449455676,0.598496240601504,1,0.334355828220859,1,1,0.303370786516854,0.154434250764526,0.340329835082459,1,0.996937212863706,0.342592592592593,1,0.577777777777778,1,1,0.341013824884793,1,0.340329835082459,0.334905660377358,0.349453978159126,0.331782945736434,0,0.3390625,0.343328335832084,0.664624808575804,0.563165905631659,0.33122028526149,0.613846153846154,0.661585365853659,0.332298136645963,0.112519809825674,0,0.331782945736434,0.594976452119309,1,0.334405144694534,1,0.331768388106416,0,0.338485316846986,1,1,1,0.321699544764795,0.998461538461539,0.344615384615385,0.201210287443268,0.329850746268657,1,0.356269113149847,1,1,0.198449612403101,0.327217125382263,1,1,0.346094946401225,1,0.333827893175074,0.328828828828829,0.355182926829268,0.770739064856712,0.33868378812199,1,0.348297213622291,0.61961367013373,0.3536,1,0,1,0.394366197183099,0.891547049441786,0.561430793157076,0.576923076923077,0.331259720062208,0.3392,1,0.332293291731669,1,0.317610062893082,0.523809523809524,0.337837837837838,1,0.326747720364742,0.33125,0.33953488372093,0.341653666146646,1,0.330275229357798,1,0.421705426356589,0.34715821812596,1,0.340361445783133,1,0.575709779179811,0.332298136645963,1,0.339009287925697,0.330275229357798,0.353302611367127,0.989345509893455,0.339506172839506,1,0.341049382716049,1,0.336012861736334,1,0.56859756097561,0.314900153609831,0.0299212598425197,0.314375987361769,0.334869431643625,1,0.320433436532508,0.337423312883436,0.338983050847458,0.349157733537519,1,1,0.343799058084772,0.343213728549142,1,1,0.345565749235474,0.226244343891403,0.0207715133531157,0.671850699844479,1,0,0.332831325301205,1,0.34012539184953,0.326283987915408,0.329249617151608,0.996918335901387,1,1,0.347305389221557,0.331746031746032,0.33535660091047,0.658805031446541,0.325,1,0.359133126934985,1,1,0.449612403100775,0.344667697063369,0.338368580060423,0.341013824884793,0.327217125382263,0.333333333333333,0.618098159509202,1,1,0.332321699544765,0.00307219662058372,0.345921450151057,0.338830584707646,0.345092024539877,0.328725038402458,0.321316614420063,0.342857142857143,0.680428134556575,0.342900302114804,0.324074074074074,1,0.347826086956522,1,0.321752265861027,0.322274881516588,0.326594090202177,0.348909657320872,0.33122028526149,1,0.340943683409437,0.808777429467085,1,1,1,1,1,0.897476340694006,1,1,1,0.331811263318113,1,0.3424,0,1,0.370820668693009,1,0.33968253968254,0.34,0.3328125,0.408450704225352,1,0.339449541284404,1,1,1,1,0,0.327131782945736,1,1,0.33693972179289,1,0.339421613394216,1,1,0.337984496124031,0.341121495327103,0.321538461538462,0.145510835913313,0.350078492935636,0,0.576168929110106,1,0.342024539877301,0.334905660377358,0.560121765601218,1,1,0.341384863123994,0.344186046511628,1,0.637636080870918,0.68088467614534,0.327131782945736,0.337519623233909,0.995461422087746,0.3453125,0.325925925925926,1,0.327188940092166,0.322530864197531,1,0.324031007751938,0.334370139968896,0.330246913580247,0.338006230529595,1,1,1,0.331775700934579,0.35202492211838,0.0091324200913242,0.995334370139969,0.339563862928349,1,1,0.332326283987915,0.349544072948328,0.31733746130031,0.335889570552147,0.326717557251908,1,0.317901234567901,0.326656394453005,0.552547770700637,1,0.844615384615385,1,0,1,0.347957639939486,1,1,0.402777777777778,1,0.338557993730408,1,0.32398753894081,0.323029366306028,0.332822085889571,1,1,0.340943683409437,0.411671924290221,0.590551181102362,0.323529411764706,1,1,1,0.340625,1,0.200310559006211,1,1,1,1,0.342465753424658,1,0.3322528363047,0.354330708661417,0.660606060606061,0.323390894819466,1,0.341984732824427,0.340393343419062,0.333853354134165,1,0.326717557251908,1,0.343939393939394,0.50611620795107,0.346273291925466,0.341194968553459,0.331804281345566,1,0.337480559875583,0.319685039370079,1,1,0.345679012345679,0.332302936630603,1,0.462006079027356,0.336492890995261,0.346153846153846,0.344563552833078,0.65891472868217,1,0.312903225806452,1,0.406542056074766,0.330203442879499,0,0.888721804511278,0.335949764521193,0.333848531684699,0,0.0291411042944785,0.981510015408321,0.335403726708075,1,0.325508607198748,0.328525641025641,1,0.344135802469136,0.33489827856025,0.651090342679128,1,0.342064714946071,0.341085271317829,1,0.32572298325723,0.328,1,0.322137404580153,0.325984251968504,0.338414634146341,0.345679012345679,0.800911854103343,1,0.979782270606532,1,1,0,1,0.993855606758833,1,0.409657320872274,0.998420221169036,0.325153374233129,0.993930197268589,0.352941176470588,0.996932515337423,0.584592145015106,0.612121212121212,0.336349924585219,0.33134328358209,0.62095531587057,0.335453100158982,0,0.614916286149163,0.668224299065421,0.338905775075988,0,0.333333333333333,0.325652841781874,0.778294573643411,0.345509893455099,0.669230769230769,0.580696202531646,0.331775700934579,0.336890243902439,0.312788906009245,1,0.025,0,0.338391502276176,0.339009287925697,0.351309707241911,1,0.324200913242009,0.330815709969789,1,0.327666151468315,0.947692307692308,0.55054432348367,1,1,0.995121951219512,0.337858220211161,0.584821428571429,0.341463414634146,0.327390599675851,0.332302936630603,0.408536585365854,1,0.328197226502311,1,0.3392,0.345425867507886,1,0.338485316846986,1,0.3375,1,1,0.340978593272171,0,1,0.338880484114977,1,0.580495356037152,1,0.484802431610942,1,0.574500768049155,1,0.336434108527132,1,1,1,0.323619631901841,0.339089481946625,0.339339339339339,0.374193548387097,0.3232,0.325617283950617,1,0.346749226006192,1,1,0.345201238390093,0.333333333333333,0.334841628959276,0.408320493066256,0.348024316109422,1,1,0.346094946401225,0.342229199372057,0.601895734597156,0.576086956521739,0.335375191424196,0.335987261146497,1,0.323664122137405,0.324888226527571,0.995356037151703,0.3232,0.332810047095761,0,0.13464447806354,0.335913312693498,0.664688427299703,0.332814930015552,0.339449541284404,0.580547112462006,0.996908809891808,0.331768388106416,1,0.332814930015552,0.36,0.330721003134796,0.49306625577812,0.333333333333333,1,0.344667697063369,0.329173166926677,0.343799058084772,0.674735249621785,1,0.346709470304976,0.334346504559271,0,0.341426403641882,1,0.951293759512938,1,0.338509316770186,0.343511450381679,0.334883720930233,0.567484662576687,1,0.565768621236133,0.349453978159126,1,1,0.967791411042945,0.659509202453988,0.349453978159126,0.378625954198473,0.332330827067669,0.33587786259542,1,1,0.496884735202492,0.615625,1,1,1,0.674641148325359,1,0.345864661654135,0.665123456790123,1,0.338905775075988,0.331259720062208,0.33641975308642,0.998482549317147,1,0.6203125,0.337920489296636,1,1,0.345679012345679,0.332302936630603,1,0,0.3296875,0.327131782945736,0.00315955766192733,0.333843797856049,1,0.336492890995261,1,0.147239263803681,0,0.901639344262295,0.348091603053435,1,1,0,0,0.344186046511628,1,0.333858267716535,1,0.33175355450237,1,1,0.967441860465116,0.767441860465116,1,1,0.003125,1,0.497584541062802,0.34375,0.650695517774343,0.341013824884793,1,0.324492979719189,0.653188180404355,1,1,0.331210191082803,0.604197901049475,0.342024539877301,0.567651632970451,0.973520249221184,0.347758887171561,0.593558282208589,0.00927357032457496,0.327692307692308,0.338931297709924,0.33535660091047,1,0.614114114114114,0.32262996941896,0.8921875,0.56828885400314,0.97112462006079,1,1,0.325077399380805,0.360890302066773,0.325434439178515,0.331288343558282,0.332822085889571,0.597907324364723,0.324734446130501,0,0.656760772659733,0.998459167950693,0.341049382716049,0.328149300155521,0.336,0.334848484848485,0.589147286821705,1,0.35232383808096,0.35202492211838,0.34913112164297,0.342767295597484,0.334351145038168,0.330757341576507,0.192955589586524,0.6640625,0.342146189735614,0.578461538461538,1,0.229230769230769,0.335913312693498,0.926100628930818,1,1,0.333333333333333,0.615384615384615,1,0.330792682926829,0.313664596273292,0.95625,1,1,0.998412698412698,0.336923076923077,1,1,0.895223420647149,1,0.370030581039755,1,0.569400630914827,1,0.656967840735069,0.32258064516129,0.592248062015504,1,1,0.9921875,0.343653250773994,0.341945288753799,0.337539432176656,0.338391502276176,0.342812006319115,0.3486529318542,0.984251968503937,0.327769347496206,1,1,0.719083969465649,0,0.331818181818182,0.337962962962963,0.664133738601824,1,0.541666666666667,0.350531107738998,0.627906976744186,0.3296875,0.337042925278219,1,0.332805071315372,0.338187702265372,0.691573926868045,0.91283676703645,0.341211225997046,0.583987441130298,0.558359621451104,0.340978593272171,0.345425867507886,0.32398753894081,0.5671875,0.667180277349769,1,0.901538461538462,1,0.645454545454546,0.998420221169036,0.566770186335404,0.330246913580247,0.339712918660287,1,1,0.41287284144427,0.996810207336523,0.996927803379416,1,0.324492979719189,0.343511450381679,1,0.329881656804734,0.664615384615385,0.344773790951638,0.434049079754601,0.318611987381703,0,0.326687116564417,1,1,0.575384615384615,0,0.356269113149847,0.336405529953917,0.101851851851852,0.428346456692913,1,1,0.331804281345566,1,0.398133748055988,1,0.34672619047619,0.579185520361991,0.338461538461538,0.331259720062208,1,0,1,0.31687898089172,0.346394984326019,1,1,1,0.453703703703704,1,0.3375,0.603369065849923,0.349378881987578,0.346774193548387,0,0.0373250388802488,1,0.6,1,0.342064714946071,0.342857142857143,1,1,0.151057401812689,0.323076923076923,1,0.907294832826748,1,0.342342342342342,0.197472353870458,0.653374233128834,1,1,1,1,1,0.307228915662651,0.325038880248834,1,0.105431309904153,0,0.424615384615385,0,0.343605546995377,1,0.657728706624606,1,1,0.893846153846154,1,0.661538461538462,1,1,1,1
"507",0.275752773375594,0.297134238310709,0.294027565084227,0.302547770700637,0.287250384024578,0.284829721362229,0.0111111111111111,0.298412698412698,0.286377708978328,0.60062893081761,0.29393468118196,0.664634146341463,0.479559748427673,0.292117465224111,1,1,0.639269406392694,0,0.299212598425197,0.287692307692308,1,1,0.295107033639144,0.543076923076923,0.28310502283105,1,1,0.312698412698413,0.291158536585366,0.50314465408805,1,0.56793893129771,0.347094801223242,0.995348837209302,0.693023255813954,0.288998357963875,0.152647975077882,0.301829268292683,1,0.278963414634146,0.00307692307692308,0,0,0.302507836990596,0.293185419968304,1,0.993788819875776,1,1,1,0.71889400921659,0.306962025316456,1,0.301092043681747,0.290322580645161,0.80248833592535,0.133858267716535,0.287735849056604,0.294656488549618,0.298600311041991,0.990895295902883,1,1,0.00623052959501558,0.291666666666667,0.297839506172839,0.676609105180534,0.294209702660407,0.649175412293853,1,0.289230769230769,1,1,0.26148969889065,0.172043010752688,0.288519637462236,1,0.993911719939117,0.296520423600605,1,0.633440514469453,1,1,0.298136645962733,1,0.296520423600605,0.290220820189274,0.297805642633229,0.289676425269646,0,0.287974683544304,0.300148588410104,0.709480122324159,0.61280487804878,0.281200631911532,0.670788253477589,0.712074303405573,0.289230769230769,0.132911392405063,0,0.285491419656786,0.650793650793651,1,0.289389067524116,1,0.2859375,0,0.301075268817204,1,1,1,0.293577981651376,0.99537750385208,0.29393468118196,0.221385542168675,0.285500747384155,1,0.409436834094368,1,1,0.221879815100154,0.285046728971963,1,1,0.304878048780488,1,0.288059701492537,0.288519637462236,0.398773006134969,0.769115442278861,0.29570747217806,1,0.307210031347962,0.660633484162896,0.308426073131955,1,0.00155038759689922,1,0.345256609642302,0.892455858747994,0.604724409448819,0.625585023400936,0.286153846153846,0.296650717703349,1,0.29320987654321,1,0.275700934579439,0.48036253776435,0.299539170506912,1,0.282131661442006,0.291993720565149,0.3,0.299382716049383,1,0.281733746130031,1,0.457627118644068,0.301223241590214,1,0.295625942684766,1,0.62402496099844,0.296703296703297,1,0.29249617151608,0.287692307692308,0.306853582554517,0.984732824427481,0.300469483568075,1,0.297507788161994,1,0.290113452188006,1,0.618320610687023,0.26905132192846,0.0337078651685393,0.275752773375594,0.289676425269646,1,0.287480680061824,0.291472868217054,0.293394777265745,0.306376360808709,1,1,0.296825396825397,0.304482225656878,1,1,0.29483282674772,0.2660406885759,0.020497803806735,0.718027734976888,1,0.00311526479750779,0.288372093023256,1,0.292721518987342,0.28129829984544,0.289099526066351,0.998442367601246,1,1,0.299093655589124,0.286624203821656,0.285493827160494,0.699059561128527,0.276827371695179,1,0.314241486068111,1,1,0.434579439252336,0.299531981279251,0.292307692307692,0.295665634674923,0.281972265023112,0.288401253918495,0.665109034267913,1,1,0.291411042944785,0.00465116279069767,0.302571860816944,0.288956127080182,0.290880503144654,0.283969465648855,0.280811232449298,0.28955223880597,0.717829457364341,0.387878787878788,0.278963414634146,1,0.292913385826772,1,0.286149162861492,0.28816199376947,0.291472868217054,0.303599374021909,0.281399046104928,1,0.30381679389313,0.78716744913928,1,1,0.996845425867508,1,1,0.898573692551506,1,1,1,0.292867981790592,1,0.297077922077922,0,1,0.40763358778626,1,0.295489891135303,0.299524564183835,0.293291731669267,0.442040185471406,1,0.294573643410853,1,1,1,1,0,0.291021671826625,1,1,0.28902627511592,1,0.299382716049383,1,1,0.288188976377953,0.290271132376396,0.277182235834609,0.16385911179173,0.301092043681747,0,0.617469879518072,1,0.294656488549618,0.289808917197452,0.608497723823976,1,1,0.2992,0.302839116719243,1,0.679938744257274,0.723704866562009,0.283018867924528,0.299050632911392,0.992424242424242,0.295839753466872,0.285500747384155,1,0.286377708978328,0.278637770897833,1,0.287037037037037,0.290171606864275,0.292307692307692,0.295839753466872,1,1,1,0.284375,0.297507788161994,0.00764525993883792,0.990639625585023,0.3,1,1,0.289592760180996,0.296969696969697,0.276758409785933,0.285493827160494,0.290964777947933,1,0.28393135725429,0.283720930232558,0.593650793650794,1,0.84012539184953,1,0,1,0.292168674698795,1,1,0.447806354009077,0.998484848484849,0.29153605015674,1,0.286821705426357,0.282170542635659,0.280674846625767,1,1,0.294117647058824,0.371753246753247,0.645669291338583,0.279365079365079,1,1,1,0.297297297297297,1,0.227554179566563,1,1,1,1,0.298780487804878,1,0.293548387096774,0.3046875,0.694573643410853,0.281446540880503,1,0.295031055900621,0.291981845688351,0.29153605015674,1,0.286144578313253,1,0.299698795180723,0.457186544342508,0.302034428794992,0.293838862559242,0.287461773700306,1,0.291338582677165,0.278816199376947,1,1,0.300153139356815,0.283950617283951,1,0.505409582689335,0.280507131537242,0.298165137614679,0.302147239263804,0.7015625,1,0.269354838709677,1,0.443573667711599,0.2859375,0,0.867669172932331,0.295238095238095,0.299065420560748,0,0.0304878048780488,0.977848101265823,0.298299845440495,1,0.290171606864275,0.291866028708134,1,0.30441400304414,0.293563579277865,0.69811320754717,1,0.29595015576324,0.297213622291022,1,0.285932721712538,0.282747603833866,1,0.370992366412214,0.280564263322884,0.294930875576037,0.309375,0.780525502318393,1,0.984301412872841,1,1,0.0015552099533437,1,0.993836671802773,1,0.450704225352113,0.996835443037975,0.281818181818182,0.992389649923896,0.302652106084243,0.995363214837713,0.632375189107413,0.657975460122699,0.299847792998478,0.283742331288344,0.664615384615385,0.290679304897314,0,0.66403785488959,0.708661417322835,0.294478527607362,0.00155038759689922,0.289719626168224,0.28310502283105,0.773228346456693,0.30077519379845,0.713178294573643,0.616113744075829,0.296124031007752,0.290571870170015,0.270769230769231,1,0.0294550810014728,0,0.292944785276074,0.294753086419753,0.310502283105023,1,0.367692307692308,0.291411042944785,1,0.275650842266462,0.938366718027735,0.6,1,1,0.991776315789474,0.294027565084227,0.635114503816794,0.293494704992436,0.289348171701113,0.299236641221374,0.443768996960486,1,0.28858024691358,1,0.295638126009693,0.295055821371611,1,0.293375394321767,1,0.292721518987342,1,1,0.290322580645161,0,1,0.291411042944785,1,0.551987767584098,1,0.54364471669219,1,0.538940809968847,1,0.292993630573248,1,1,1,0.28343949044586,0.297939778129952,0.296969696969697,0.318611987381703,0.36624203821656,0.28902627511592,1,0.298600311041991,1,1,0.302469135802469,0.289099526066351,0.291981845688351,0.358578052550232,0.291858678955453,1,1,0.305936073059361,0.301092043681747,0.6515625,0.625194401244168,0.290824261275272,0.294298921417565,1,0.28129829984544,0.287901990811639,0.996860282574568,0.280193236714976,0.281931464174455,0,0.150829562594268,0.296754250386399,0.704477611940298,0.28858024691358,0.290769230769231,0.628048780487805,0.998459167950693,0.288401253918495,1,0.294392523364486,0.319182389937107,0.285491419656786,0.444274809160305,0.295665634674923,1,0.296754250386399,0.294025157232704,0.305379746835443,0.717357910906298,1,0.300955414012739,0.292682926829268,0,0.300604229607251,0.998447204968944,0.9546875,1,0.29320987654321,0.292944785276074,0.290372670807453,0.612213740458015,1,0.624600638977636,0.306962025316456,1,1,0.961300309597523,0.706896551724138,0.305295950155763,0.334375,0.294027565084227,0.285932721712538,1,1,0.544303797468354,0.660377358490566,1,1,0.998449612403101,0.716300940438871,1,0.298192771084337,0.70625,1,0.293023255813953,0.291798107255521,0.290824261275272,0.996937212863706,1,0.668789808917197,0.290964777947933,1,1,0.297637795275591,0.29483282674772,0.998456790123457,0,0.28594249201278,0.28169014084507,0.00786163522012579,0.293577981651376,1,0.286392405063291,1,0.159574468085106,0,0.907993966817496,0.299065420560748,1,1,0,0.00152671755725191,0.293394777265745,1,0.288244766505636,0.996941896024465,0.281645569620253,1,0.998420221169036,0.958074534161491,0.770290964777948,1,1,0.00617283950617284,1,0.549432739059968,0.2984375,0.707951070336391,0.305343511450382,1,0.278816199376947,0.707430340557275,1,1,0.287301587301587,0.647058823529412,0.302147239263804,0.617784711388456,0.968553459119497,0.306853582554517,0.631415241057543,0.0138461538461538,0.293577981651376,0.297583081570997,0.294656488549618,1,0.668188736681887,0.28110599078341,0.88719512195122,0.616352201257862,0.963800904977376,1,1,0.290076335877863,0.3104,0.28343949044586,0.288372093023256,0.283950617283951,0.639344262295082,0.287671232876712,0,0.702823179791976,0.998452012383901,0.297674418604651,0.28169014084507,0.286846275752773,0.295731707317073,0.632970451010886,1,0.310975609756098,0.303317535545024,0.306451612903226,0.290824261275272,0.284403669724771,0.285046728971963,0.218181818181818,0.702362204724409,0.298136645962733,0.627659574468085,1,0.260061919504644,0.294027565084227,0.92246835443038,1,1,0.282608695652174,0.669753086419753,1,0.289634146341463,0.280864197530864,0.95260663507109,1,1,0.996830427892235,0.299093655589124,1,1,0.904984423676013,1,0.320668693009119,1,0.623604465709729,1,0.698630136986301,0.290880503144654,0.628482972136223,1,1,0.990668740279938,0.300751879699248,0.306870229007634,0.299050632911392,0.292307692307692,0.292407108239095,0.300314465408805,0.981012658227848,0.285714285714286,1,1,0.723241590214067,0,0.293313069908815,0.291472868217054,0.703363914373089,1,0.58695652173913,0.303030303030303,0.674418604651163,0.288819875776398,0.298555377207063,1,0.288643533123028,0.29126213592233,0.691943127962085,0.91304347826087,0.302083333333333,0.624600638977636,0.608214849921011,0.304615384615385,0.301242236024845,0.278560250391236,0.621705426356589,0.709035222052067,1,0.885579937304075,1,0.689969604863222,0.996875,0.62085308056872,0.292569659442724,0.298904538341158,1,1,0.447852760736196,0.992138364779874,0.996937212863706,1,0.286604361370716,0.296124031007752,1,0.290560471976401,0.704441041347626,0.300787401574803,0.484423676012461,0.282371294851794,0,0.284829721362229,1,1,0.629573170731707,0.00154559505409583,0.305164319248826,0.292452830188679,0.0885093167701863,0.399676375404531,1,1,0.285493827160494,1,0.438569206842924,1,0.3003003003003,0.61136712749616,0.29922480620155,0.296411856474259,1,0,1,0.281847133757962,0.290679304897314,1,1,1,0.437106918238994,1,0.287037037037037,0.647779479326187,0.304552590266876,0.301765650080257,0.00152905198776758,0.043010752688172,1,0.643081761006289,1,0.299539170506912,0.308426073131955,1,1,0.168711656441718,0.285714285714286,1,0.908536585365854,1,0.298937784522003,0.221003134796238,0.690184049079755,1,1,1,1,1,0.265553869499241,0.279320987654321,1,0.12924071082391,0.00156739811912226,0.463565891472868,0,0.302362204724409,1,0.704866562009419,1,1,0.899845916795069,1,0.703703703703704,1,1,1,1
"508",1,1,1,1,1,1,0.7056,1,1,0.103225806451613,1,0.05,0.8144,1,0.3088,0.299531981279251,0.0647149460708783,0.700162074554295,1,1,0.275752773375594,0.306836248012719,1,0.160686427457098,1,0.315467075038285,0.3088,1,1,0.782270606531882,0.298761609907121,0.72952086553323,0.969088098918083,0.304897314375987,0,1,0.551937984496124,1,0.290225563909774,1,0.673566878980892,0.684210526315789,0.697709923664122,1,1,0.31687898089172,0.314241486068111,0.30381679389313,0.317557251908397,0.316846986089645,0,1,0.30077519379845,1,1,0.489566613162119,0.570300157977883,1,1,1,0.322429906542056,0.313385826771654,0.307570977917981,0.688679245283019,1,1,0.043338683788122,1,0.0606060606060606,0.315384615384615,1,0.312597200622084,0.323151125401929,0.966507177033493,0.524564183835182,1,0.298003072196621,0.337962962962963,1,0.307324840764331,0.0940032414910859,0.315541601255887,0.322429906542056,1,0.324960753532182,1,1,1,1,0.695046439628483,1,1,0.0015552099533437,0.111111111111111,1,0.0520673813169985,0,1,0.578696343402226,0.684627575277338,1,0.0590979782270607,0.300157977883096,1,0.315625,1,0.696875,1,0.310664605873261,0.311424100156495,0.311145510835913,1,0.3171875,1,0.500768049155146,1,0.30173775671406,0.31201248049922,0.312312312312312,0.313099041533546,0.494556765163297,0.998435054773083,0.317411402157165,0.298722044728434,1,0.296466973886329,1,1,0.3421875,0.55895865237366,1,0.309968847352025,1,0.048411497730711,1,0.312788906009245,0.680685358255452,0.322222222222222,0.926677067082683,0.431340872374798,0.106583072100313,0.0977917981072555,1,1,0.32348367029549,1,0.311278195488722,1,0.802795031055901,1,0.314696485623003,1,1,1,1,0.322834645669291,1,0.321543408360129,0.255417956656347,1,0.305471124620061,1,0.291798107255521,0.0909090909090909,1,0.305732484076433,1,1,1,0.328125,1,0.323717948717949,1,0.300155520995334,1,0.308661417322835,0.0758293838862559,1,0.645161290322581,1,1,0.308426073131955,1,1,1,1,0.316037735849057,0.310664605873261,1,0.998442367601246,0.316265060240964,0.305111821086262,1,0.45141065830721,0.671171171171171,0,0.309597523219814,0.677469135802469,1,0.32,1,0.998463901689708,1,0.309597523219814,0.309119010819165,0.317034700315457,1,1,1,0,1,0.296703296703297,0.973058637083994,0.322834645669291,0.299065420560748,0.743390357698289,1,1,1,1,1,0.0485133020344288,0.304761904761905,0.317262830482115,1,0.67906976744186,1,1,0.998420221169036,0.998459167950693,1,1,0.00461538461538462,0.325190839694657,1,0.304075235109718,1,0.297546012269939,1,1,1,1,1,0.311248073959938,1,0.50788643533123,0.316279069767442,0.315301391035549,0.303030303030303,0.316535433070866,0.322327044025157,0.419614147909968,0.322327044025157,0.303738317757009,0.30757341576507,1,0.314465408805031,1,0.69558599695586,0.3140625,0.324116743471582,0.324367088607595,1,1,1,0.271028037383178,0.302034428794992,1,0.3171875,0.313755795981453,0.30379746835443,0.306976744186047,0.690513219284603,1,0.32312404287902,0.304552590266876,1,0.308441558441558,1,0.296803652968037,0.302839116719243,1,1,1,0.555382215288612,1,0.695178849144635,0.0876132930513595,0.309148264984227,1,1,0.098159509202454,0.310185185185185,0.324367088607595,1,1,0.29922480620155,0.025,0.00321543408360129,1,1,0.330289193302892,1,1,0.303875968992248,1,1,0.314984709480122,1,1,1,1,0.318461538461538,0.308623298033283,0.324675324675325,1,1,0.680061823802164,0.312796208530806,1,0.315384615384615,0.293185419968304,1,1,0.998447204968944,1,1,0.31832298136646,1,1,0.112341772151899,0.326086956521739,0.496825396825397,0.2992,0.6796875,0.312111801242236,1,0.299363057324841,0.327044025157233,0.265625,0.312693498452012,1,0.318042813455657,1,1,1,0.304552590266876,0.306278713629403,0.998463901689708,0.924679487179487,0.0676100628930818,1,0.303543913713405,0.312796208530806,0.299212598425197,1,0.322530864197531,0.478605388272583,0.317411402157165,0.30077519379845,0.3104,0.299050632911392,1,0.314785373608903,1,1,0,1,0.3125,1,1,1,0.315372424722662,1,0.308426073131955,1,0.835423197492163,1,1,1,0.309006211180124,1,1,0.299373040752351,0.305164319248826,1,1,0.301710730948678,0.190327613104524,1,0.998439937597504,1,0,0.306836248012719,1,0.3,0.248037676609105,1,0.684867394695788,0.425499231950845,1,1,0.684848484848485,0.705974842767296,0.339035769828927,1,0.31055900621118,1,1,0.322834645669291,1,0.998430141287284,0.00934579439252336,0.313880126182965,1,1,0.314873417721519,1,1,0.298076923076923,0.345256609642302,1,1,1,0.526881720430108,0.305900621118012,0.338557993730408,0.310030395136778,0.314553990610329,0.697305863708399,0.310185185185185,0.323390894819466,0.312788906009245,0.248012718600954,0.306836248012719,1,0.314900153609831,0.998387096774194,0.309597523219814,0.0887218045112782,0.0554699537750385,1,1,0.0423861852433281,1,0.687595712098009,0.0474732006125574,0.0109204368174727,1,0.687598116169545,1,1,0.556438791732909,1,0,0.0729335494327391,1,1,1,0.313479623824451,0.654814814814815,0.699186991869919,0.995440729483283,1,0.984276729559748,0.297805642633229,0.343949044585987,1,0.300319488817891,1,0.369327073552426,0.112341772151899,0.301538461538462,0.30781010719755,0.326666666666667,1,0.0821917808219178,1,1,1,0.269817073170732,0.313694267515924,1,0.316037735849057,1,1,0.299694189602446,1,0.315789473684211,1,0.300157977883096,0.313664596273292,1,0.685805422647528,0.312217194570136,1,0.310509554140127,0.768518518518518,0.306990881458967,0.167441860465116,0.313253012048193,0.776729559748428,0.298245614035088,1,0.316535433070866,0.323619631901841,0.28343949044586,1,1,1,0.967793880837359,0.345335515548282,1,0.314785373608903,1,0.312803889789303,0.309667673716012,1,1,1,0.918495297805643,1,0.304147465437788,0.315132605304212,1,1,0.0514469453376206,0.0847723704866562,1,1,0.29874213836478,1,1,0.313385826771654,1,1,0.697637795275591,0.541353383458647,1,0,1,1,0.103715170278638,0.3140625,1,0.313291139240506,0.998447204968944,0.962085308056872,0.998439937597504,0.819018404907976,1,0.323151125401929,1,1,1,0,0.302588996763754,1,1,0.668769716088328,1,0.308176100628931,0.34984520123839,0.313479623824451,1,1,1,0.0939907550077042,0.317891373801917,0.0926517571884984,0.998417721518987,0.30757341576507,0.30441400304414,0.346213292117465,0,1,0.951638065522621,1,1,0.314873417721519,0.294207317073171,0.166926677067083,0.0417956656346749,0.312893081761006,0.29874213836478,0.315467075038285,0.00158478605388273,0.308166409861325,1,0,0.305936073059361,1,1,1,0.306153846153846,0.322033898305085,0.0377049180327869,1,0.30503144654088,0.302003081664099,1,1,0.312597200622084,0.704838709677419,1,1,0.696682464454976,1,0.298642533936652,1,0.316923076923077,0.536209553158706,0.675799086757991,0.405529953917051,1,0.291411042944785,0.304615384615385,0.689922480620155,0.676425269645609,1,0.313455657492355,1,0.311248073959938,1,0.306729264475743,0.307692307692308,0.346394984326019,0.532710280373832,0.313880126182965,0.305511811023622,0.667721518987342,0.317411402157165,0.156957928802589,1,0,1,0.287066246056782,1,0,0.3140625,0.3136,1,0.0612855007473842,1,0.0857142857142857,0.329635499207607,1,0.0677165354330709,0.676056338028169,1,1,1,0.302737520128824,0.0444104134762634,1,0.428120063191153,0.100478468899522,0.348228043143297,0.311526479750779,0.31937984496124,1,1,1,1,1,0.0654490106544901,0.995327102803738,0.689167974882261,0.00452488687782805,0.311248073959938,1,1,1,1,0.0895061728395062,0.31306990881459,1,1,1,1,1,1,0.491472868217054,0.00158730158730159,1,0.0864197530864197,0.312989045383412,0.44392523364486,1,0.3872,0.300970873786408,0.311424100156495,1,0.0441640378548896,0.313572542901716,1,1,0.365079365079365,0.306501547987616,0.308777429467085,0.316211878009631,0.998447204968944,0.3232,0.311248073959938,0.4208,0.304278922345483,0.96937212863706,0.306990881458967,0.0855784469096672,0.315286624203822,0,1,0.0932069510268562,0.308306709265176,0.317034700315457,0.307324840764331,1,1,1,1,1,1,0.323899371069182,1,0.309262166405024,0.315091210613599,0.613458528951487,0.687301587301587,1,1,0,0.30804248861912,0.12888198757764,0.998461538461539,0.0436817472698908,1,1,0.305246422893482,1,1,0.63301282051282,0.412520064205457,0.995515695067265,0.083596214511041,0.101748807631161,1,1,1,0.0929133858267717,0,0.306976744186047,0.41588785046729,0.305084745762712,0,0.323390894819466,0.0919175911251981,1,1,0.315789473684211,0.311248073959938,0.249211356466877,0.324367088607595,0.302752293577982,0.305900621118012,1,1,0.318541996830428,1,0,1,0.226984126984127,1,0.681747269890796,1,0.30503144654088,0.304140127388535,0.0770416024653313,0.681957186544342,1,1,0.78125,0.904306220095694,0.30952380952381,0.308176100628931,1,0.316118935837246,0.265625,0.3184,1,0.104454685099846,1,1,0.30829420970266,0.691693290734824,0.298722044728434,1,1,0.294392523364486,0.301391035548686,0.315548780487805,0.870813397129187,0.309409888357257,1,0.0606531881804044,1,1,0.705790297339593,0.657853810264386,0.314102564102564,0.0582677165354331,0.318110236220472,1,1,0.30188679245283,0.317384370015949,0.626543209876543,1,0.306748466257669,0.370199692780338,0.304012345679012,0.987673343605547,0.484944532488114,0.0046875,0.297380585516179,0.31866464339909,0.324367088607595,0.312399355877617,0.306870229007634,0.976923076923077,1,0.301412872841444,0.56260162601626,0.695859872611465,0.242236024844721,0.692675159235669,1,0.312893081761006,0.0015748031496063,0.321981424148607,0.309262166405024,0.362776025236593,0.314285714285714,0,0.3296875,0.305958132045089,0.308306709265176,0.302652106084243
"509",1,1,1,1,1,1,0.702439024390244,1,1,0.0991869918699187,1,0.0393700787401575,0.813204508856683,1,0.311793214862682,0.306946688206785,0.0645669291338583,0.68046357615894,1,1,0.298555377207063,0.317460317460317,1,0.152996845425868,1,0.329581993569132,0.327302631578947,1,1,0.79126213592233,0.310509554140127,0.7344,0.967136150234742,0.316211878009631,0,1,0.538095238095238,1,0.311248073959938,1,0.664556962025316,0.675039246467818,0.68503937007874,1,1,0.319286871961102,0.309904153354633,0.313880126182965,0.325949367088608,0.332805071315372,0,1,0.320813771517997,1,1,0.5024,0.559241706161137,1,1,1,0.340694006309148,0.322115384615385,0.328571428571429,0.669871794871795,1,1,0.0337620578778135,1,0.0589147286821705,0.3140625,1,0.322274881516588,0.327974276527331,0.964516129032258,0.511700468018721,1,0.309486780715397,0.342767295597484,1,0.327361563517915,0.0915032679738562,0.339171974522293,0.32348367029549,1,0.34012539184953,1,1,1,1,0.691082802547771,1,1,0.00156985871271586,0.108490566037736,1,0.0425867507886435,0,1,0.567921440261866,0.675850891410049,1,0.0568181818181818,0.310064935064935,1,0.324193548387097,1,0.674603174603175,1,0.319422150882825,0.321144674085851,0.322378716744914,1,0.322274881516588,1,0.488262910798122,1,0.318979266347687,0.30829420970266,0.334876543209877,0.322528363047002,0.47626582278481,1,0.330733229329173,0.324058919803601,1,0.309262166405024,1,1,0.335473515248796,0.554364471669219,1,0.317230273752013,1,0.0386996904024768,1,0.3203125,0.671949286846276,0.334384858044164,0.9296,0.427631578947368,0.107142857142857,0.0990415335463259,1,1,0.334935897435897,1,0.324574961360124,1,0.808477237048666,1,0.333333333333333,1,1,1,1,0.335453100158982,1,0.324281150159744,0.256735340729002,1,0.321259842519685,1,0.305863708399366,0.0874403815580286,1,0.317307692307692,1,1,1,0.334379905808477,1,0.331189710610932,1,0.316535433070866,1,0.312903225806452,0.0748407643312102,1,0.634266886326194,1,1,0.324104234527687,1,1,1,1,0.322734499205087,0.311320754716981,1,1,0.314152410575428,0.312399355877617,1,0.451923076923077,0.663608562691132,0,0.320512820512821,0.670436187399031,1,0.335901386748844,1,1,1,0.316957210776545,0.332293291731669,0.329617834394904,1,1,1,0,1,0.316129032258064,0.976452119309262,0.324675324675325,0.313099041533546,0.753993610223642,1,1,1,1,1,0.0402576489533011,0.313694267515924,0.3296,1,0.675039246467818,1,1,0.998412698412698,1,1,1,0.00465116279069767,0.326018808777429,1,0.316211878009631,1,0.304761904761905,1,1,1,1,1,0.322115384615385,1,0.519417475728155,0.325320512820513,0.329173166926677,0.319805194805195,0.316211878009631,0.339144215530903,0.425324675324675,0.330143540669856,0.321543408360129,0.318181818181818,1,0.326498422712934,1,0.6801872074883,0.311605723370429,0.320872274143302,0.332258064516129,1,1,1,0.263665594855305,0.323029366306028,1,0.328382838283828,0.334883720930233,0.315705128205128,0.327102803738318,0.67948717948718,1,0.327666151468315,0.313001605136437,1,0.312703583061889,1,0.309968847352025,0.313195548489666,1,1,1,0.531300160513644,1,0.686119873817035,0.0832049306625578,0.31911532385466,1,1,0.0947867298578199,0.328616352201258,0.3354943273906,1,1,0.307086614173228,0.0220472440944882,0.00321543408360129,1,1,0.336990595611285,1,1,0.313479623824451,1,1,0.320126782884311,1,1,1,1,0.3312,0.314728682170543,0.331707317073171,1,1,0.662480376766091,0.322734499205087,1,0.321592649310873,0.306089743589744,1,1,1,1,1,0.323624595469256,1,1,0.108414239482201,0.333333333333333,0.495207667731629,0.307692307692308,0.661788617886179,0.316118935837246,1,0.309409888357257,0.335463258785943,0.260061919504644,0.3171875,1,0.331782945736434,1,1,1,0.315447154471545,0.318252730109204,1,0.929967426710098,0.06645056726094,1,0.31637519872814,0.328548644338118,0.308186195826645,1,0.334375,0.468454258675079,0.32753164556962,0.30952380952381,0.316476345840131,0.309791332263242,1,0.330605564648118,1,1,0,1,0.325878594249201,1,1,1,0.335987261146497,1,0.316558441558442,1,0.836220472440945,1,1,1,0.316614420062696,1,1,0.315372424722662,0.319685039370079,1,1,0.320813771517997,0.193302891933029,1,1,1,0,0.306320907617504,1,0.313504823151125,0.252411575562701,1,0.672868217054264,0.435257410296412,1,1,0.666163141993958,0.701754385964912,0.344827586206897,1,0.329617834394904,1,1,0.338141025641026,1,1,0.00803858520900321,0.334920634920635,1,1,0.319604612850082,1,1,0.307443365695793,0.334394904458599,1,1,1,0.538950715421304,0.315955766192733,0.346581875993641,0.317972350230415,0.332807570977918,0.677830940988836,0.331230283911672,0.3248,0.31974921630094,0.25518341307815,0.319805194805195,1,0.33125,1,0.316037735849057,0.0816640986132511,0.0470957613814757,1,1,0.03486529318542,1,0.677519379844961,0.0446570972886762,0.00813008130081301,1,0.670382165605096,1,1,0.553054662379421,1,0,0.0714285714285714,1,1,1,0.324193548387097,0.644677661169415,0.688851913477537,0.995253164556962,1,0.987158908507223,0.311216429699842,0.341307814992026,1,0.31139646869984,1,0.3696,0.105519480519481,0.311708860759494,0.330769230769231,0.336148648648649,1,0.0773993808049536,1,1,1,0.268680445151033,0.32626427406199,1,0.326366559485531,1,1,0.315047021943574,1,0.333333333333333,1,0.305466237942122,0.332268370607029,1,0.66936790923825,0.319444444444444,1,0.317817014446228,0.775510204081633,0.325,0.161189358372457,0.328197226502311,0.771790808240888,0.313915857605178,1,0.322784810126582,0.339089481946625,0.297939778129952,1,1,1,0.971854304635762,0.346534653465347,1,0.324546952224053,1,0.320197044334975,0.321928460342146,1,1,1,0.920508744038156,1,0.3125,0.32120253164557,1,1,0.0468497576736672,0.0789049919484702,1,1,0.314516129032258,1,1,0.311501597444089,1,1,0.681889763779528,0.541213063763608,1,0,1,1,0.102803738317757,0.326923076923077,1,0.328050713153724,1,0.9648,1,0.817322834645669,1,0.33167495854063,1,1,1,0,0.311447811447811,1,1,0.670418006430868,1,0.317034700315457,0.365659777424483,0.32755905511811,1,1,1,0.0907668231611894,0.319935691318328,0.0878048780487805,1,0.317683881064163,0.309119010819165,0.359497645211931,0,1,0.9568,1,1,0.325769854132901,0.308049535603715,0.159420289855072,0.0336538461538462,0.322884012539185,0.309148264984227,0.330218068535826,0.0016,0.318471337579618,1,0,0.318681318681319,1,1,1,0.326465927099842,0.322981366459627,0.0295081967213115,1,0.321027287319422,0.310618066561014,1,1,0.317307692307692,0.690789473684211,1,1,0.689763779527559,1,0.313755795981453,1,0.321259842519685,0.525157232704403,0.670866141732283,0.411674347158218,1,0.303405572755418,0.319554848966614,0.678233438485804,0.667189952904239,1,0.328593996840442,1,0.317411402157165,1,0.321428571428571,0.311897106109325,0.352090032154341,0.526315789473684,0.32137030995106,0.314516129032258,0.65818759936407,0.32,0.147299509001637,1,0,1,0.296596434359805,1,0,0.323717948717949,0.325806451612903,1,0.0566615620214395,1,0.0840064620355412,0.349206349206349,1,0.0642054574638844,0.672523961661342,1,1,1,0.308943089430894,0.0359375,1,0.427662957074722,0.0998389694041868,0.363349131121643,0.331768388106416,0.327073552425665,1,1,1,1,1,0.0646153846153846,0.995356037151703,0.685446009389671,0.00458015267175573,0.3296,1,1,1,1,0.0880503144654088,0.322683706070288,1,1,1,1,1,1,0.482866043613707,0.00161030595813205,1,0.0834645669291339,0.329133858267717,0.437106918238994,1,0.397435897435897,0.311986863711002,0.318681318681319,1,0.0364500792393027,0.327073552425665,1,1,0.379084967320261,0.310452418096724,0.314696485623003,0.317073170731707,1,0.335515548281506,0.325878594249201,0.419354838709677,0.326465927099842,0.976303317535545,0.320251177394035,0.0798045602605863,0.329635499207607,0,1,0.0914927768860353,0.314606741573034,0.31687898089172,0.320634920634921,1,1,1,1,1,1,0.332268370607029,1,0.315372424722662,0.328836424957841,0.613312202852615,0.67862969004894,1,1,0,0.321928460342146,0.111642743221691,1,0.0332805071315372,1,1,0.317666126418152,1,1,0.627450980392157,0.419834710743802,0.995447647951442,0.0809061488673139,0.0979133226324237,1,1,1,0.0859375,0,0.323943661971831,0.414125200642055,0.322981366459627,0,0.325806451612903,0.0827922077922078,1,1,0.325617283950617,0.328,0.241706161137441,0.336569579288026,0.322429906542056,0.322327044025157,1,1,0.33015873015873,1,0,1,0.228896103896104,1,0.666139240506329,1,0.31629392971246,0.30655737704918,0.075,0.669811320754717,1,1,0.7824,0.892384105960265,0.318910256410256,0.32516339869281,1,0.324324324324324,0.259615384615385,0.329581993569132,1,0.100946372239748,1,1,0.318255250403877,0.667741935483871,0.3125,1,1,0.314152410575428,0.30622009569378,0.324074074074074,0.866883116883117,0.314935064935065,1,0.0559875583203732,1,1,0.696682464454976,0.646103896103896,0.322422258592471,0.0548387096774194,0.326433121019108,1,1,0.30952380952381,0.337060702875399,0.616352201257862,1,0.315467075038285,0.379471228615863,0.3140625,0.984326018808777,0.473429951690821,0.00316455696202532,0.307332293291732,0.326625386996904,0.328990228013029,0.312602291325696,0.327102803738318,0.974763406940063,1,0.314785373608903,0.555921052631579,0.676422764227642,0.244444444444444,0.683606557377049,1,0.323343848580442,0.00319488817891374,0.329652996845426,0.314553990610329,0.375987361769352,0.326860841423948,0,0.338118022328549,0.321951219512195,0.3248,0.315873015873016
"510",1,1,1,1,1,1,0.7046875,1,1,0.0943396226415094,1,0.0438729198184569,0.807866868381241,1,0.31832298136646,0.307228915662651,0.0663650075414781,0.687301587301587,1,1,0.284389489953632,0.309119010819165,1,0.157164869029276,1,0.328313253012048,0.311912225705329,1,1,0.770542635658915,0.300448430493274,0.725190839694656,0.965204236006051,0.314503816793893,0,1,0.545176110260337,1,0.299248120300752,1,0.663594470046083,0.684451219512195,0.690014903129657,1,1,0.320251177394035,0.313364055299539,0.309063893016345,0.328358208955224,0.322188449848024,0,1,0.311178247734139,1,1,0.492307692307692,0.56055900621118,1,1,1,0.328725038402458,0.323170731707317,0.316037735849057,0.682170542635659,1,1,0.0384615384615385,1,0.0593471810089021,0.3125,1,0.310030395136778,0.318681318681319,0.963779527559055,0.505295007564297,1,0.310344827586207,0.335854765506808,1,0.312989045383412,0.0850393700787402,0.32348367029549,0.330316742081448,1,0.337878787878788,1,1,1,1,0.696107784431138,1,1,0,0.102719033232628,1,0.0445765230312036,0,1,0.563579277864992,0.675925925925926,1,0.0516717325227964,0.316666666666667,1,0.31201248049922,1,0.685887708649469,1,0.320610687022901,0.311926605504587,0.312121212121212,1,0.321646341463415,1,0.489583333333333,1,0.312883435582822,0.301943198804185,0.324888226527571,0.320493066255778,0.484848484848485,0.998454404945904,0.32572298325723,0.309262166405024,1,0.299093655589124,1,1,0.332822085889571,0.546827794561934,1,0.312788906009245,1,0.0412979351032448,1,0.317293233082707,0.673684210526316,0.323216995447648,0.930769230769231,0.431496062992126,0.101669195751138,0.09375,1,1,0.328725038402458,1,0.321428571428571,1,0.798496240601504,1,0.3328125,1,1,1,1,0.332298136645963,1,0.320872274143302,0.257186081694402,1,0.315151515151515,1,0.307110438729198,0.083969465648855,1,0.311728395061728,1,1,1,0.334828101644245,1,0.322033898305085,1,0.308734939759036,1,0.316030534351145,0.0709969788519638,1,0.641838351822504,1,1,0.314814814814815,1,1,1,1,0.319444444444444,0.308955223880597,1,0.998468606431853,0.312024353120244,0.305772230889236,1,0.451761102603369,0.668141592920354,0,0.314199395770393,0.670769230769231,1,0.326378539493294,1,0.998507462686567,1,0.317557251908397,0.322775263951735,0.323390894819466,1,1,1,0,1,0.302325581395349,0.974242424242424,0.327131782945736,0.307110438729198,0.747368421052632,1,1,1,1,1,0.0414110429447853,0.3125,0.321699544764795,1,0.680059523809524,1,1,0.998482549317147,0.998502994011976,1,1,0.00301659125188537,0.32383808095952,1,0.310291858678955,1,0.298484848484848,1,1,1,1,1,0.327160493827161,1,0.50547730829421,0.319148936170213,0.327300150829563,0.312597200622084,0.32348367029549,0.329754601226994,0.412772585669782,0.326153846153846,0.314024390243902,0.311926605504587,1,0.33179012345679,1,0.687407407407407,0.312688821752266,0.321752265861027,0.332293291731669,1,1,1,0.263888888888889,0.313253012048193,1,0.314641744548287,0.320474777448071,0.313364055299539,0.321212121212121,0.683563748079877,1,0.324324324324324,0.31441717791411,1,0.302325581395349,1,0.311011904761905,0.31441717791411,1,1,1,0.541158536585366,1,0.694656488549618,0.0795795795795796,0.316265060240964,1,1,0.0937972768532526,0.3202416918429,0.329721362229102,1,1,0.304804804804805,0.0229007633587786,0.0031055900621118,1,1,0.334801762114537,0.998463901689708,1,0.311649016641452,1,1,0.318112633181126,1,1,1,1,0.330316742081448,0.309278350515464,0.323899371069182,1,1,0.681268882175227,0.314329738058552,1,0.318385650224215,0.298921417565485,1,1,0.998466257668712,1,1,0.33030303030303,1,1,0.100156494522692,0.325825825825826,0.483870967741935,0.30757341576507,0.675425038639876,0.316890881913303,1,0.310077519379845,0.330781010719755,0.257966616084977,0.321321321321321,1,0.322916666666667,1,1,1,0.305471124620061,0.318731117824773,0.998489425981873,0.924764890282132,0.0627943485086342,1,0.311178247734139,0.316770186335404,0.302147239263804,1,0.327272727272727,0.474085365853659,0.314589665653495,0.30521472392638,0.31104199066874,0.307098765432099,1,0.320668693009119,1,1,0,1,0.320726172465961,1,1,1,0.328220858895706,1,0.307692307692308,1,0.831325301204819,1,1,1,0.315868263473054,1,1,0.313455657492355,0.312883435582822,1,1,0.312024353120244,0.191330343796712,1,0.998491704374057,1,0,0.308777429467085,1,0.30781010719755,0.25,1,0.682442748091603,0.428358208955224,1,1,0.680758017492711,0.697247706422018,0.345679012345679,1,0.313271604938272,1,1,0.330246913580247,1,0.998473282442748,0.0060790273556231,0.319083969465649,1,1,0.321538461538462,1,1,0.30757341576507,0.342383107088989,1,1,1,0.524096385542169,0.307110438729198,0.350769230769231,0.320950965824666,0.321804511278195,0.696124031007752,0.323880597014925,0.327354260089686,0.312965722801788,0.244204018547141,0.320121951219512,1,0.322916666666667,0.998456790123457,0.314024390243902,0.0808823529411765,0.0493273542600897,1,1,0.036697247706422,1,0.68955223880597,0.0419790104947526,0.0107197549770291,1,0.683969465648855,1,1,0.546165884194053,1,0,0.0661417322834646,1,1,1,0.316279069767442,0.64714494875549,0.690737833594976,0.992526158445441,1,0.984802431610942,0.306184012066365,0.352307692307692,1,0.292379471228616,1,0.371559633027523,0.10077519379845,0.305135951661631,0.317979197622585,0.339256865912762,1,0.079646017699115,1,1,1,0.255673222390318,0.320493066255778,1,0.321483771251932,1,1,0.309774436090226,1,0.324444444444444,1,0.310502283105023,0.318818040435459,1,0.680981595092024,0.313609467455621,1,0.305471124620061,0.751902587519026,0.311940298507463,0.164424514200299,0.322916666666667,0.771212121212121,0.303125,1,0.325153374233129,0.339339339339339,0.296969696969697,1,1,1,0.97275641025641,0.349683544303797,1,0.322274881516588,1,0.317891373801917,0.307575757575758,1,1,1,0.923780487804878,1,0.305970149253731,0.31981981981982,1,1,0.0484375,0.0829493087557604,1,1,0.312788906009245,1,1,0.310291858678955,1,1,0.679389312977099,0.535022354694486,1,0,1,1,0.0923994038748137,0.320121951219512,1,0.316998468606432,0.998449612403101,0.967289719626168,0.998470948012232,0.818731117824773,1,0.328682170542636,1,1,1,0,0.309148264984227,1,1,0.670212765957447,1,0.310872894333844,0.360182370820669,0.313161875945537,1,1,1,0.0906389301634472,0.314152410575428,0.089622641509434,0.998447204968944,0.311278195488722,0.303625377643505,0.352048558421851,0,1,0.960061443932412,1,1,0.320433436532508,0.307237813884786,0.15919629057187,0.0382848392036753,0.318862275449102,0.315625,0.33034379671151,0,0.311278195488722,1,0,0.314925373134328,1,1,1,0.314759036144578,0.321375186846039,0.0314465408805031,1,0.312307692307692,0.303759398496241,1,1,0.322775263951735,0.698412698412698,1,1,0.694992412746586,1,0.307578008915305,1,0.307575757575758,0.526555386949924,0.670180722891566,0.402061855670103,1,0.293591654247392,0.31039755351682,0.681203007518797,0.674140508221226,1,0.324324324324324,1,0.321804511278195,1,0.317557251908397,0.302469135802469,0.356374807987711,0.528158295281583,0.311728395061728,0.308411214953271,0.668181818181818,0.320182094081942,0.141509433962264,1,0,1,0.295208655332303,1,0,0.320433436532508,0.319875776397516,1,0.0592592592592593,1,0.0808709175738725,0.3390625,1,0.0658682634730539,0.672754946727549,1,1,1,0.310289389067524,0.0387481371087928,1,0.422492401215805,0.0927357032457496,0.350903614457831,0.318181818181818,0.31784107946027,1,1,1,1,1,0.0622222222222222,0.995515695067265,0.686186186186186,0.00293685756240822,0.317700453857791,1,1,1,1,0.0829493087557604,0.311077389984825,1,1,1,1,1,1,0.490284005979073,0,1,0.0812407680945347,0.324324324324324,0.436363636363636,1,0.388127853881279,0.306603773584906,0.311649016641452,1,0.0364741641337386,0.320182094081942,1,1,0.366459627329193,0.313253012048193,0.309451219512195,0.313755795981453,0.998470948012232,0.328660436137072,0.318318318318318,0.413953488372093,0.312594840667678,0.972017673048601,0.307004470938897,0.078125,0.32,0,1,0.0860215053763441,0.302325581395349,0.31866464339909,0.321483771251932,1,1,1,1,1,1,0.328725038402458,1,0.317411402157165,0.313725490196078,0.597579425113464,0.68140243902439,1,1,0,0.308605341246291,0.112633181126332,0.998522895125554,0.0340557275541796,1,1,0.308527131782946,1,1,0.63849765258216,0.417445482866044,0.995670995670996,0.0791925465838509,0.0911901081916538,1,1,1,0.0823170731707317,0,0.322058823529412,0.418181818181818,0.307578008915305,0,0.32824427480916,0.0851393188854489,1,1,0.316493313521545,0.312883435582822,0.242378048780488,0.337480559875583,0.313161875945537,0.316666666666667,1,1,0.330745341614907,1,0,1,0.231839258114374,1,0.670713201820941,1,0.30521472392638,0.311912225705329,0.0795795795795796,0.678247734138973,1,1,0.790769230769231,0.900158478605388,0.317972350230415,0.318952234206472,1,0.318181818181818,0.259541984732824,0.318037974683544,1,0.101515151515152,1,1,0.312404287901991,0.6890625,0.313971742543171,1,1,0.302431610942249,0.301829268292683,0.315007429420505,0.854070660522273,0.313755795981453,1,0.052790346907994,1,1,0.697744360902256,0.646433990895296,0.322981366459627,0.050381679389313,0.32258064516129,1,1,0.303405572755418,0.328767123287671,0.609351432880845,1,0.308623298033283,0.370149253731343,0.308755760368664,0.986587183308495,0.481538461538462,0.00302114803625378,0.298780487804878,0.318047337278107,0.335403726708075,0.314375987361769,0.319940476190476,0.973254086181278,1,0.311450381679389,0.549050632911392,0.68380062305296,0.244309559939302,0.689381933438986,1,0.322137404580153,0.0031055900621118,0.324159021406728,0.308734939759036,0.354198473282443,0.327692307692308,0,0.327272727272727,0.312597200622084,0.31937984496124,0.307692307692308
"511",0.961602671118531,0.966237942122186,0.974193548387097,0.968595041322314,0.967532467532468,0.966237942122186,0.678217821782178,0.970394736842105,0.969004893964111,0.068561872909699,0.96998420221169,0.0111464968152866,0.847933884297521,0.967266775777414,0.341935483870968,0.34248788368336,0.0333863275039746,0.648556876061121,0.967637540453074,0.9696,0.325806451612903,0.342715231788079,0.967532467532468,0.125,0.968253968253968,0.359677419354839,0.344771241830065,0.968543046357616,0.966507177033493,0.809446254071661,0.336553945249597,0.766881028938907,0.9744,0.334943639291465,0.0244299674267101,0.966044142614601,0.501607717041801,0.968253968253968,0.330708661417323,0.966613672496025,0.636952998379254,0.656,0.662480376766091,0.973898858075041,0.968903436988543,0.355848434925865,0.335526315789474,0.333333333333333,0.344605475040258,0.349761526232114,0.0270700636942675,0.973727422003284,0.331730769230769,0.9696,0.96417445482866,0.536585365853659,0.526916802610114,0.967637540453074,0.967845659163987,0.970540098199673,0.357710651828299,0.344771241830065,0.343089430894309,0.63801652892562,0.964646464646465,0.964401294498382,0.00978792822185971,0.972624798711755,0.0266875981161695,0.349056603773585,0.970873786407767,0.343548387096774,0.36046511627907,0.931034482758621,0.472,0.967592592592593,0.33868378812199,0.360446570972887,0.970125786163522,0.346153846153846,0.0632279534109817,0.358208955223881,0.352365415986949,0.971383147853736,0.36231884057971,0.969936708860759,0.970540098199673,0.967266775777414,0.97258064516129,0.659270998415214,0.96551724137931,0.974763406940063,0.0256,0.0675039246467818,0.973856209150327,0.0124804992199688,0.0255591054313099,0.969745222929936,0.524207011686144,0.648026315789474,0.97092084006462,0.0277324632952692,0.341346153846154,0.964941569282137,0.346972176759411,0.9696,0.655896607431341,0.973058637083994,0.343598055105348,0.349840255591054,0.348726114649682,0.964573268921095,0.346153846153846,0.970684039087948,0.454113924050633,0.967391304347826,0.344992050874404,0.2608,0.34913112164297,0.349593495934959,0.453225806451613,0.96551724137931,0.352472089314195,0.350498338870432,0.973015873015873,0.333870967741935,0.971036585365854,0.965354330708661,0.282679738562091,0.506329113924051,0.971666666666667,0.340909090909091,0.970636215334421,0.0111287758346582,0.97682119205298,0.347133757961783,0.6432,0.363929146537842,0.966019417475728,0.400332225913621,0.06645056726094,0.0709677419354839,0.964856230031949,0.970443349753695,0.367213114754098,0.971107544141252,0.3486529318542,0.970826580226904,0.8496,0.96551724137931,0.344827586206897,0.972222222222222,0.966996699669967,0.972312703583062,0.972972972972973,0.357495881383855,0.964573268921095,0.359271523178808,0.220285261489699,0.970873786407767,0.347687400318979,0.96875,0.330112721417069,0.0610932475884244,0.970873786407767,0.344941956882255,0.965964343598055,0.966237942122186,0.963993453355156,0.3648,0.969793322734499,0.348460291734198,0.970540098199673,0.347826086956522,0.966996699669967,0.357377049180328,0.0453808752025932,0.968051118210863,0.601990049751244,0.970731707317073,0.964573268921095,0.340425531914894,0.970684039087948,0.97752808988764,0.966666666666667,0.964401294498382,0.353130016051364,0.338632750397456,0.969849246231156,0.973941368078176,0.345659163987138,0.334437086092715,0.972624798711755,0.403225806451613,0.638888888888889,0.0278688524590164,0.347334410339257,0.634304207119741,0.971291866028708,0.349206349206349,0.971428571428571,0.968404423380727,0.971107544141252,0.340909090909091,0.340694006309148,0.36241610738255,0.968895800933126,0.97319932998325,0.96969696969697,0.0261437908496732,0.967637540453074,0.337704918032787,0.996794871794872,0.354200988467875,0.337641357027464,0.70327868852459,0.972131147540984,0.96656050955414,0.970967741935484,0.971153846153846,0.973898858075041,0.00969305331179321,0.355737704918033,0.354066985645933,0.968354430379747,0.654458598726115,0.966292134831461,0.9640625,0.969105691056911,0.968152866242038,0.970779220779221,0.968404423380727,0.0335463258785942,0.265079365079365,0.971061093247588,0.343648208469055,0.971900826446281,0.333870967741935,0.971563981042654,0.972447325769854,0.975288303130148,0.970636215334421,0.969354838709677,0.341463414634146,0.971246006389776,0.551948051948052,0.357723577235772,0.346709470304976,0.342019543973941,0.345659163987138,0.360330578512397,0.395348837209302,0.3664,0.3456,0.350961538461538,0.968152866242038,0.346839546191248,0.972649572649573,0.661927330173776,0.362153344208809,0.262243285939968,0.358428805237316,0.967213114754098,0.970394736842105,0.96742671009772,0.215559157212318,0.343598055105348,0.970684039087948,0.344262295081967,0.353125,0.338187702265372,0.353420195439739,0.654340836012862,0.968954248366013,0.355095541401274,0.340872374798061,0.965853658536585,0.333889816360601,0.967793880837359,0.340189873417722,0.33974358974359,0.968595041322314,0.97029702970297,0.969305331179321,0.502407704654896,0.968543046357616,0.659609120521173,0.055379746835443,0.351132686084142,0.966237942122186,0.970731707317073,0.0652866242038217,0.348387096774194,0.355960264900662,0.979763912310287,0.972131147540984,0.333863275039746,0.0128410914927769,0.0310457516339869,0.961227786752827,0.97171381031614,0.360189573459716,0.965964343598055,0.968602825745683,0.333333333333333,0.970731707317073,0.968354430379747,0.354166666666667,0.970540098199673,0.97092084006462,0.966019417475728,0.969155844155844,0.362438220757825,0.338006230529595,0.345454545454545,0.970684039087948,0.965964343598055,0.636363636363636,0.344660194174757,0.965909090909091,0.343260188087774,0.325732899022801,0.971246006389776,0.96969696969697,0.967741935483871,0.967689822294023,0.96656050955414,0.354943273905997,0.964285714285714,0.964110929853181,0.0716666666666667,0.36724960254372,0.458128078817734,0.334975369458128,0.639024390243902,0.355661881977671,0.97191887675507,0.334437086092715,0.353130016051364,0.224522292993631,0.351701782820097,0.976782752902156,0.355694227769111,0.968954248366013,0.972712680577849,0.968203497615262,0.33931484502447,0.342902711323764,0.97444089456869,0.955,0.0293159609120521,0.964052287581699,0.354166666666667,0.352365415986949,0.336617405582923,0.974025974025974,0.364779874213836,0.430441898527005,0.359098228663446,0.336538461538462,0.350498338870432,0.344262295081967,0.968102073365231,0.355628058727569,0.978187919463087,0.970491803278689,0.0308441558441558,0.96523178807947,0.350819672131148,0.964968152866242,0.970266040688576,0.971854304635762,0.350081037277148,0.971653543307087,0.347039473684211,0.970266040688576,0.860576923076923,0.968354430379747,0.963815789473684,0.968,0.34789644012945,0.976859504132231,0.972357723577236,0.343354430379747,0.339774557165862,0.975922953451043,0.972624798711755,0.34775641025641,0.161084529505582,0.96742671009772,0.970967741935484,0.964912280701754,0.0353697749196141,0.344771241830065,0.973421926910299,0.337620578778135,0.212662337662338,0.970873786407767,0.653290529695024,0.465818759936407,0.969798657718121,0.973813420621931,0.649612403100775,0.669381107491857,0.375203915171289,0.969354838709677,0.343949044585987,0.965853658536585,0.970247933884298,0.36437908496732,0.972843450479233,0.970345963756178,0.0177133655394525,0.36260162601626,0.967845659163987,0.967585089141005,0.355960264900662,0.967948717948718,0.968698517298188,0.336633663366337,0.289855072463768,0.971619365609349,0.971337579617834,0.970588235294118,0.569131832797428,0.334928229665072,0.348949919224556,0.350850077279753,0.355305466237942,0.652246256239601,0.353035143769968,0.36,0.33974358974359,0.208400646203554,0.347826086956522,0.966453674121406,0.352755905511811,0.967051070840198,0.349282296650718,0.0609375,0.0143769968051118,0.966453674121406,0.968553459119497,0.00967741935483871,0.976666666666667,0.650793650793651,0.00816993464052288,0.0211726384364821,0.971153846153846,0.653530377668309,0.965909090909091,0.965909090909091,0.517241379310345,0.969453376205788,0.0286624203821656,0.05,0.972402597402597,0.966019417475728,0.966237942122186,0.35632183908046,0.616588419405321,0.666666666666667,0.954911433172303,0.972312703583062,0.991935483870968,0.335504885993485,0.293159609120521,0.963934426229508,0.330081300813008,0.969889064976228,0.404567699836868,0.0734094616639478,0.332792207792208,0.351524879614767,0.36551724137931,0.973186119873817,0.0506329113924051,0.963607594936709,0.964882943143813,0.965798045602606,0.222222222222222,0.352845528455285,0.962233169129721,0.345718901453958,0.965630114566285,0.966555183946488,0.333868378812199,0.972668810289389,0.345971563981043,0.968646864686469,0.345218800648298,0.356677524429967,0.967689822294023,0.653290529695024,0.35,0.97427652733119,0.332231404958678,0.790849673202614,0.34,0.126198083067093,0.346456692913386,0.790064102564103,0.344771241830065,0.961857379767827,0.349840255591054,0.374193548387097,0.318611987381703,0.967793880837359,0.971854304635762,0.97275641025641,1,0.294807370184255,0.967637540453074,0.358803986710963,0.974068071312804,0.354026845637584,0.353407290015848,0.962783171521036,0.96843853820598,0.974358974358974,0.949346405228758,0.968454258675079,0.32753164556962,0.350961538461538,0.97258064516129,0.976973684210526,0.0182421227197347,0.0561056105610561,0.969404186795491,0.970443349753695,0.336079077429984,0.965798045602606,0.96513470681458,0.337641357027464,0.961857379767827,0.966666666666667,0.657467532467532,0.496815286624204,0.973983739837398,0.0327613104524181,0.970684039087948,0.967897271268058,0.0667726550079491,0.346278317152104,0.970588235294118,0.348684210526316,0.974151857835218,0.995121951219512,0.969055374592834,0.863344051446945,0.9696,0.355960264900662,0.971246006389776,0.972624798711755,0.973597359735974,0.0287081339712919,0.342237061769616,0.971760797342193,0.964968152866242,0.635772357723577,0.963492063492064,0.334935897435897,0.387358184764992,0.348387096774194,0.972972972972973,0.967637540453074,0.963934426229508,0.0634920634920635,0.34983498349835,0.0582362728785358,0.973983739837398,0.340189873417722,0.341346153846154,0.3856,0.0276872964169381,0.972222222222222,0.98858075040783,0.96474358974359,0.968203497615262,0.354368932038835,0.32807570977918,0.126829268292683,0.00961538461538462,0.351219512195122,0.344103392568659,0.365231259968102,0.0182119205298013,0.339116719242902,0.97045101088647,0.0308943089430894,0.349358974358974,0.967845659163987,0.963636363636364,0.970345963756178,0.343949044585987,0.34850863422292,0.00986842105263158,0.977198697068404,0.34181240063593,0.333333333333333,0.971291866028708,0.96474358974359,0.352090032154341,0.665557404326123,0.973421926910299,0.969205834683955,0.665032679738562,0.96998420221169,0.338607594936709,0.966996699669967,0.344262295081967,0.494417862838915,0.6421875,0.373643410852713,0.971061093247588,0.330143540669856,0.343402225755167,0.647435897435897,0.644094488188976,0.974151857835218,0.354066985645933,0.96843853820598,0.34913112164297,0.973684210526316,0.345276872964169,0.347176079734219,0.38610662358643,0.486486486486487,0.349180327868852,0.343185550082102,0.645264847512038,0.3504,0.11241610738255,0.978792822185971,0.0268987341772152,0.96656050955414,0.330564784053156,0.966292134831461,0.0290322580645161,0.3488,0.344827586206897,0.970394736842105,0.0234009360374415,0.969648562300319,0.0645695364238411,0.367909238249595,0.970588235294118,0.0355987055016181,0.6464,0.96474358974359,0.967948717948718,0.972491909385113,0.336106489184692,0.00940438871473354,0.966453674121406,0.462295081967213,0.0696517412935323,0.386837881219904,0.351822503961965,0.351014040561622,0.970684039087948,0.983249581239531,0.967213114754098,0.97258064516129,0.972536348949919,0.036741214057508,0.961783439490446,0.645569620253165,0.0266457680250784,0.346709470304976,0.967689822294023,0.9688013136289,0.975206611570248,0.973186119873817,0.0566343042071197,0.34185303514377,0.974358974358974,0.971014492753623,0.973377703826955,0.97258064516129,0.969936708860759,0.967585089141005,0.456112852664577,0.021523178807947,0.973770491803279,0.0523809523809524,0.338735818476499,0.392220421393841,0.969155844155844,0.425496688741722,0.338383838383838,0.335483870967742,0.971061093247588,0.00949367088607595,0.34887459807074,0.973186119873817,0.968954248366013,0.392384105960265,0.34910277324633,0.339837398373984,0.344771241830065,0.972972972972973,0.360927152317881,0.355305466237942,0.38562091503268,0.344992050874404,0.995222929936306,0.34488188976378,0.0503355704697987,0.348171701112878,0.0273752012882448,0.967637540453074,0.057660626029654,0.331168831168831,0.360258481421648,0.338788870703764,0.971473851030111,0.967479674796748,0.966777408637874,0.966129032258065,0.969747899159664,0.969155844155844,0.361386138613861,0.972972972972973,0.3486529318542,0.347079037800687,0.564935064935065,0.644844517184943,0.969889064976228,0.966183574879227,0.0267716535433071,0.342229199372057,0.0920840064620355,0.976635514018692,0.0065252854812398,0.97557003257329,0.976391231028668,0.342532467532468,0.97258064516129,0.971235194585448,0.583061889250814,0.381512605042017,0.962441314553991,0.0585284280936455,0.0685154975530179,0.966666666666667,0.971571906354515,0.974068071312804,0.0533980582524272,0.0275526742301459,0.3488,0.456486042692939,0.3488,0.0284810126582278,0.35973597359736,0.0511551155115512,0.967637540453074,0.965460526315789,0.346938775510204,0.352941176470588,0.205414012738854,0.358208955223881,0.338632750397456,0.343598055105348,0.965853658536585,0.974723538704581,0.349753694581281,0.965571205007825,0.0258064516129032,0.978827361563518,0.182985553772071,0.96875,0.647909967845659,0.96474358974359,0.348949919224556,0.332784184514003,0.0471544715447154,0.645833333333333,0.972536348949919,0.969255663430421,0.752427184466019,0.852100840336134,0.346153846153846,0.344316309719934,0.969155844155844,0.34789644012945,0.230392156862745,0.352348993288591,0.966929133858268,0.072,0.969354838709677,0.972267536704731,0.358974358974359,0.645107794361526,0.339373970345964,0.973727422003284,0.975409836065574,0.337096774193548,0.339256865912762,0.34493670886076,0.814029363784666,0.33889816360601,0.967741935483871,0.0238473767885533,0.962783171521036,0.968646864686469,0.662939297124601,0.627450980392157,0.35702479338843,0.0244698205546493,0.359934853420195,0.97092084006462,0.971524288107203,0.335526315789474,0.358552631578947,0.583601286173633,0.971153846153846,0.33652312599681,0.341894060995185,0.334928229665072,0.951026856240126,0.435855263157895,0.027027027027027,0.338187702265372,0.349206349206349,0.356564019448947,0.350734094616639,0.34472049689441,0.943037974683544,0.967105263157895,0.33495145631068,0.511666666666667,0.653973509933775,0.2016,0.649063032367973,0.974235104669887,0.354943273905997,0.0275526742301459,0.356677524429967,0.339622641509434,0.330670926517572,0.350819672131148,0.023961661341853,0.36031746031746,0.348837209302326,0.351701782820097,0.347266881028939
"512",0.355704697986577,0.343598055105348,0.34860883797054,0.333881578947368,0.334991708126036,0.350245499181669,0.638190954773869,0.341021416803954,0.356907894736842,0.75787728026534,0.347266881028939,0.708469055374593,0.152597402597403,0.337704918032787,0.341098169717138,0.346341463414634,0.727124183006536,0.674061433447099,0.337228714524207,0.346645367412141,0.344715447154472,0.337704918032787,0.358520900321543,0.829821717990275,0.358044164037855,0.322006472491909,0.331649831649832,0.33500837520938,0.357487922705314,0.166394779771615,0.356564019448947,0.139384116693679,0.308681672025723,0.338333333333333,0.674917491749175,0.33955857385399,0.824959481361426,0.320634920634921,0.342857142857143,0.351910828025478,0.690671031096563,0.660655737704918,0.661341853035144,0.339373970345964,0.33605220228385,0.331658291457286,0.348684210526316,0.331230283911672,0.320967741935484,0.327447833065811,0.655063291139241,0.324590163934426,0.347402597402597,0.344155844155844,0.340460526315789,0.164744645799012,0.804347826086957,0.340909090909091,0.358974358974359,0.348949919224556,0.316720257234727,0.332794830371567,0.349358974358974,0.683606557377049,0.344594594594595,0.347266881028939,0.69449081803005,0.34257748776509,0.732371794871795,0.323671497584541,0.336601307189543,0.33063209076175,0.332231404958678,0.383471074380165,0.845161290322581,0.338582677165354,0.340288924558588,0.310897435897436,0.336538461538462,0.334442595673877,0.756345177664975,0.329450915141431,0.331189710610932,0.339171974522293,0.319870759289176,0.334913112164297,0.342019543973941,0.338762214983713,0.329545454545455,0.659090909090909,0.347611202635914,0.334890965732087,0.663920922570016,0.75974025974026,0.340531561461794,0.704225352112676,0.666666666666667,0.331730769230769,0.799003322259136,0.682274247491639,0.348387096774194,0.734323432343234,0.352159468438538,0.340604026845638,0.331103678929766,0.347753743760399,0.676375404530744,0.3442088091354,0.324503311258278,0.33442088091354,0.321086261980831,0.343089430894309,0.326298701298701,0.332794830371567,0.88301282051282,0.34012539184953,0.326332794830372,0.951612903225806,0.319422150882825,0.338788870703764,0.89672131147541,0.343089430894309,0.342356687898089,0.328282828282828,0.3354943273906,0.3504,0.343898573692552,0.343260188087774,0.970540098199673,0.574162679425837,0.336106489184692,0.34257748776509,0.343906510851419,0.697492163009404,0.327787021630616,0.33122028526149,0.685483870967742,0.337190082644628,0.273322422258592,0.446843853820598,0.762135922330097,0.754471544715447,0.337662337662338,0.328282828282828,0.3376,0.343137254901961,0.329073482428115,0.343801652892562,0.170178282009724,0.346518987341772,0.32996632996633,0.347402597402597,0.343234323432343,0.33442088091354,0.345963756177924,0.296900489396411,0.34094616639478,0.315091210613599,0.906451612903226,0.336507936507937,0.339171974522293,0.3424,0.355263157894737,0.743882544861338,0.338842975206612,0.328925619834711,0.34910277324633,0.347826086956522,0.334975369458128,0.319422150882825,0.353618421052632,0.326765188834154,0.342762063227953,0.32516339869281,0.330522765598651,0.330605564648118,0.739059967585089,0.351612903225806,0.731666666666667,0.337268128161889,0.346972176759411,0.339901477832512,0.33993399339934,0.341625207296849,0.349514563106796,0.336617405582923,0.328502415458937,0.342443729903537,0.341216216216216,0.344155844155844,0.332802547770701,0.355108877721943,0.341269841269841,0.902800658978583,0.689167974882261,0.650974025974026,0.336477987421384,0.686688311688312,0.338762214983713,0.338118022328549,0.348408710217755,0.333868378812199,0.349358974358974,0.337620578778135,0.351014040561622,0.32943143812709,0.340322580645161,0.345117845117845,0.341463414634146,0.675496688741722,0.347107438016529,0.335570469798658,0.32952691680261,0.322899505766063,0.333333333333333,0.610932475884244,0.338870431893688,0.3392,0.3354943273906,0.343949044585987,0.342532467532468,0.701612903225806,0.332784184514003,0.334943639291465,0.3408,0.671949286846276,0.346581875993641,0.342229199372057,0.344103392568659,0.330696202531646,0.360065466448445,0.3359375,0.6416,0.968503937007874,0.348387096774194,0.332236842105263,0.334991708126036,0.324104234527687,0.3472,0.333887043189369,0.341977309562399,0.323577235772358,0.341708542713568,0.308702791461412,0.347334410339257,0.114238410596026,0.321311475409836,0.320063694267516,0.334437086092715,0.326860841423948,0.337133550488599,0.433110367892977,0.325806451612903,0.330065359477124,0.32741935483871,0.363492063492063,0.322528363047002,0.342419080068143,0.660828025477707,0.331723027375201,0.955271565495208,0.335559265442404,0.346972176759411,0.32843137254902,0.343137254901961,0.923841059602649,0.350328947368421,0.336585365853659,0.323383084577114,0.324409448818898,0.32569558101473,0.335463258785943,0.668820678513732,0.344715447154472,0.334935897435897,0.332236842105263,0.340425531914894,0.328382838283828,0.3424,0.326892109500805,0.343648208469055,0.348258706467662,0.341666666666667,0.348684210526316,0.824590163934426,0.344370860927152,0.666123778501629,0.751962323390895,0.32741935483871,0.353697749196141,0.344103392568659,0.769105691056911,0.326332794830372,0.328382838283828,0.344941956882255,0.346278317152104,0.3344,0.686495176848875,0.653160453808752,0.350649350649351,0.33277027027027,0.32475884244373,0.338762214983713,0.353503184713376,0.333333333333333,0.341977309562399,0.347967479674797,0.330618892508143,0.357843137254902,0.343853820598007,0.33931484502447,0.335515548281506,0.329508196721311,0.35031847133758,0.333333333333333,0.337171052631579,0.352066115702479,0.671974522292994,0.33,0.340460526315789,0.331746031746032,0.344715447154472,0.338164251207729,0.329133858267717,0.336025848142165,0.338658146964856,0.338735818476499,0.341894060995185,0.338815789473684,0.350993377483444,0.768718801996672,0.3264,0.490066225165563,0.351485148514851,0.657331136738056,0.329052969502408,0.348982785602504,0.333333333333333,0.332247557003257,0.931746031746032,0.338072669826224,0.342532467532468,0.348101265822785,0.353135313531353,0.348534201954397,0.33868378812199,0.334442595673877,0.336012861736334,0.342995169082126,0.263865546218487,0.726666666666667,0.353719008264463,0.33387358184765,0.33112582781457,0.32512315270936,0.338842975206612,0.318910256410256,0.893267651888342,0.33063209076175,0.328407224958949,0.332214765100671,0.339464882943144,0.330112721417069,0.340909090909091,0.334453781512605,0.346839546191248,0.662847790507365,0.344884488448845,0.334967320261438,0.344051446945338,0.332268370607029,0.328836424957841,0.32569558101473,0.349436392914654,0.322689075630252,0.345483359746434,0.193811074918567,0.355155482815057,0.346534653465347,0.335453100158982,0.343949044585987,0.329489291598023,0.346534653465347,0.337133550488599,0.341423948220065,0.344992050874404,0.346774193548387,0.331715210355987,0.859934853420195,0.343185550082102,0.343598055105348,0.3392,0.66394779771615,0.351395730706076,0.337792642140468,0.341346153846154,0.92396694214876,0.354409317803661,0.669887278582931,0.210272873194221,0.341666666666667,0.331707317073171,0.674382716049383,0.642857142857143,0.310965630114566,0.33931484502447,0.328455284552846,0.340460526315789,0.331103678929766,0.324104234527687,0.3536,0.344660194174757,0.675409836065574,0.328358208955224,0.353233830845771,0.330618892508143,0.325657894736842,0.351132686084142,0.338842975206612,0.330592105263158,0.975409836065574,0.338235294117647,0.3312,0.337115072933549,0.120717781402936,0.341384863123994,0.371666666666667,0.337559429477021,0.331715210355987,0.676518883415435,0.325320512820513,0.325242718446602,0.340872374798061,0.903752039151713,0.325503355704698,0.351612903225806,0.336025848142165,0.326229508196721,0.336585365853659,0.738170347003155,0.70873786407767,0.344103392568659,0.34991974317817,0.710310965630115,0.35016835016835,0.665605095541401,0.699680511182109,0.665032679738562,0.342948717948718,0.675409836065574,0.342532467532468,0.338735818476499,0.566502463054187,0.352272727272727,0.655284552845528,0.747048903878583,0.340909090909091,0.34248788368336,0.353035143769968,0.33665008291874,0.700934579439252,0.650170648464164,0.359424920127796,0.331179321486268,0.313694267515924,0.347266881028939,0.995098039215686,0.346341463414634,0.335515548281506,0.350162866449511,0.280327868852459,0.765573770491803,0.341463414634146,0.32753164556962,0.317241379310345,0.341269841269841,0.746341463414634,0.344827586206897,0.323232323232323,0.332242225859247,0.921348314606742,0.322528363047002,0.348837209302326,0.335537190082645,0.340033500837521,0.352745424292845,0.329093799682035,0.331691297208539,0.353968253968254,0.35108153078203,0.340983606557377,0.336569579288026,0.335483870967742,0.66721044045677,0.336492890995261,0.3424,0.331666666666667,0.211631663974152,0.348242811501597,0.833333333333333,0.323899371069182,0.157545605306799,0.349337748344371,0.341098169717138,0.325769854132901,0.3232,0.36624203821656,0.345335515548282,0.346534653465347,0.349683544303797,0.294807370184255,1,0.342995169082126,0.314475873544093,0.33605220228385,0.344234079173838,0.335949764521193,0.334405144694534,0.336092715231788,0.333333333333333,0.262214983713355,0.341346153846154,0.341894060995185,0.343499197431782,0.332263242375602,0.332784184514003,0.714521452145215,0.749169435215947,0.346341463414634,0.32396694214876,0.343185550082102,0.361904761904762,0.339622641509434,0.339344262295082,0.355108877721943,0.345276872964169,0.675806451612903,0.828525641025641,0.337662337662338,0.658805031446541,0.347540983606557,0.352180936995153,0.75,0.327332242225859,0.338259441707718,0.315,0.34747145187602,0.312292358803987,0.344605475040258,0.186795491143317,0.355519480519481,0.33889816360601,0.33993399339934,0.343185550082102,0.33500837520938,0.66025641025641,0.332214765100671,0.342281879194631,0.340288924558588,0.675453047775947,0.333865814696486,0.331168831168831,0.279483037156704,0.338141025641026,0.352750809061489,0.327974276527331,0.345454545454545,0.760904684975767,0.322147651006711,0.749169435215947,0.323432343234323,0.352272727272727,0.3408,0.296416938110749,0.672727272727273,0.345394736842105,0.297253634894992,0.334405144694534,0.3488,0.326732673267327,0.340836012861736,0.836393989983305,0.696369636963696,0.338815789473684,0.331723027375201,0.331715210355987,0.654036243822076,0.33115823817292,0.335987261146497,0.663414634146341,0.325281803542673,0.333333333333333,0.34094616639478,0.342105263157895,0.32475884244373,0.344551282051282,0.713576158940397,0.349282296650718,0.352365415986949,0.349436392914654,0.336569579288026,0.346774193548387,0.337171052631579,0.66271186440678,0.340460526315789,0.342062193126023,0.672667757774141,0.3424,0.340659340659341,0.361386138613861,0.339285714285714,0.841091492776886,0.680379746835443,0.44620253164557,0.337620578778135,0.34181240063593,0.331179321486268,0.658653846153846,0.682464454976303,0.337096774193548,0.333333333333333,0.342148760330579,0.32807570977918,0.331136738056013,0.331723027375201,0.343801652892562,0.300492610837438,0.543548387096774,0.34006734006734,0.33112582781457,0.689935064935065,0.338187702265372,0.818027210884354,0.337704918032787,0.671451355661882,0.346709470304976,0.344771241830065,0.347266881028939,0.675941080196399,0.336585365853659,0.333889816360601,0.341098169717138,0.726415094339623,0.336025848142165,0.759615384615385,0.308457711442786,0.32463295269168,0.731391585760518,0.690821256038647,0.332792207792208,0.341977309562399,0.340222575516693,0.33220910623946,0.711145996860283,0.337060702875399,0.215210355987055,0.753694581280788,0.3008,0.340255591054313,0.33015873015873,0.3354943273906,0.30983606557377,0.345454545454545,0.338658146964856,0.340322580645161,0.724960254372019,0.356120826709062,0.675895765472313,0.656346749226006,0.33868378812199,0.334415584415584,0.375617792421746,0.345637583892617,0.333868378812199,0.748376623376623,0.337060702875399,0.334394904458599,0.336601307189543,0.328859060402685,0.351485148514851,0.343598055105348,0.355628058727569,0.87797147385103,0.682410423452769,0.336601307189543,0.748807631160572,0.335504885993485,0.942307692307692,0.34887459807074,0.270315091210614,0.352542372881356,0.326984126984127,0.343698854337152,0.710823909531502,0.332268370607029,0.338658146964856,0.360655737704918,0.273476112026359,0.320388349514563,0.3354943273906,0.338383838383838,0.330670926517572,0.341021416803954,0.332263242375602,0.427631578947368,0.339434276206323,0.315447154471545,0.335423197492163,0.755775577557756,0.329563812600969,0.664546899841017,0.35,0.737190082644628,0.340567612687813,0.338235294117647,0.340425531914894,0.32695374800638,0.331715210355987,0.350584307178631,0.343137254901961,0.338870431893688,0.338211382113821,0.307565789473684,0.35048231511254,0.336079077429984,0.343915343915344,0.545746388443018,0.659468438538206,0.347133757961783,0.348726114649682,0.665040650406504,0.335473515248796,0.774350649350649,0.329073482428115,0.709415584415584,0.362619808306709,0.354785478547855,0.328968903436989,0.336092715231788,0.33446519524618,0.635772357723577,0.430272108843537,0.354938271604938,0.73841059602649,0.753333333333333,0.34094616639478,0.329508196721311,0.340836012861736,0.756933115823817,0.669918699186992,0.332805071315372,0.220588235294118,0.336538461538462,0.668276972624799,0.330081300813008,0.740066225165563,0.343137254901961,0.341296928327645,0.333333333333333,0.330645161290323,0.918962722852512,0.329450915141431,0.34621578099839,0.334405144694534,0.35632183908046,0.33278955954323,0.332242225859247,0.351648351648352,0.675718849840256,0.334959349593496,0.885572139303483,0.363636363636364,0.66131621187801,0.346839546191248,0.339869281045752,0.337770382695507,0.744372990353698,0.681089743589744,0.342443729903537,0.33993399339934,0.56957928802589,0.451612903225806,0.336617405582923,0.327302631578947,0.336617405582923,0.32300163132137,0.928687196110211,0.335548172757475,0.344339622641509,0.76,0.355411954765751,0.341584158415842,0.319148936170213,0.660033167495854,0.327212020033389,0.349337748344371,0.333333333333333,0.344551282051282,0.3392,0.329052969502408,0.449752883031302,0.322314049586777,0.330618892508143,0.722044728434505,0.347266881028939,0.332781456953642,0.66394779771615,0.711507293354943,0.327212020033389,0.726829268292683,0.320066334991708,0.333876221498371,0.321252059308072,0.334991708126036,0.318864774624374,0.733766233766234,0.338187702265372,0.340729001584786,0.435612082670906,0.345218800648298,0.36248012718601,0.888888888888889,0.658653846153846,0.34248788368336,0.325396825396825,0.326732673267327,0.350328947368421,0.338072669826224,0.3744,0.355371900826446,0.330065359477124,0.804020100502513,0.663907284768212,0.889067524115756,0.669435215946844,0.326829268292683,0.32300163132137,0.666666666666667,0.318627450980392,0.328455284552846,0.45933014354067,0.329450915141431,0.672025723472669,0.32843137254902,0.336633663366337,0.31404958677686,0.325769854132901
"513",1,1,1,1,1,1,0.70952380952381,1,1,0.0988654781199352,1,0.0465116279069767,0.808411214953271,1,0.310832025117739,0.298904538341158,0.0676923076923077,0.694174757281553,1,1,0.281055900621118,0.299050632911392,1,0.15919629057187,1,0.321372854914197,0.305111821086262,1,1,0.797448165869219,0.309119010819165,0.728260869565217,0.966101694915254,0.304075235109718,0,1,0.545454545454545,1,0.290468986384266,1,0.671899529042386,0.690993788819876,0.707055214723926,1,1,0.311004784688995,0.305295950155763,0.297090352220521,0.314728682170543,0.32093023255814,0,1,0.299847792998478,1,1,0.5008,0.563380281690141,1,1,1,0.325227963525836,0.307453416149068,0.307332293291732,0.695238095238095,1,1,0.0361635220125786,1,0.0586466165413534,0.313846153846154,1,0.308049535603715,0.311897106109325,0.961904761904762,0.517829457364341,1,0.302469135802469,0.326186830015314,1,0.306709265175719,0.0932475884244373,0.3140625,0.312401883830455,1,0.331269349845201,1,1,1,1,0.69969040247678,1,1,0.00156494522691706,0.110077519379845,1,0.047112462006079,0,1,0.56260162601626,0.69047619047619,1,0.0551181102362205,0.304416403785489,1,0.307086614173228,1,0.698289269051322,1,0.300940438871473,0.307931570762053,0.312977099236641,1,0.314641744548287,1,0.486068111455108,1,0.299065420560748,0.294298921417565,0.313364055299539,0.311320754716981,0.471317829457364,0.998447204968944,0.309451219512195,0.3042071197411,1,0.296466973886329,1,1,0.329230769230769,0.535060975609756,1,0.3046875,1,0.0449101796407186,1,0.298461538461538,0.687402799377916,0.318681318681319,0.929797191887676,0.43317230273752,0.107255520504732,0.0998463901689708,1,1,0.31924882629108,1,0.309815950920245,1,0.805513016845329,1,0.314696485623003,1,1,1,1,0.328125,1,0.31378763866878,0.258114374034003,1,0.303738317757009,1,0.295208655332303,0.0897435897435897,1,0.304761904761905,1,1,1,0.325617283950617,1,0.321259842519685,1,0.298761609907121,1,0.309262166405024,0.0764430577223089,1,0.642054574638844,1,1,0.306603773584906,1,1,1,1,0.312597200622084,0.29922480620155,1,0.998452012383901,0.30640243902439,0.289348171701113,1,0.453689167974882,0.673684210526316,0,0.30757341576507,0.680981595092024,1,0.312210200927357,1,0.998444790046656,1,0.308176100628931,0.309090909090909,0.316957210776545,1,1,1,0,1,0.296998420221169,0.972136222910217,0.315372424722662,0.30077519379845,0.727414330218069,1,1,1,1,1,0.0450310559006211,0.304278922345483,0.320987654320988,1,0.68944099378882,1,1,0.998427672955975,0.998470948012232,1,1,0.00462249614791988,0.32572298325723,1,0.3024,1,0.288819875776398,1,1,1,1,1,0.311728395061728,1,0.508828250401284,0.308892355694228,0.316666666666667,0.310832025117739,0.311111111111111,0.321766561514196,0.4208,0.317829457364341,0.30757341576507,0.301092043681747,1,0.306027820710974,1,0.692660550458716,0.307453416149068,0.319083969465649,0.327014218009479,1,1,1,0.258215962441315,0.3,1,0.307086614173228,0.313161875945537,0.298904538341158,0.308049535603715,0.695721077654517,1,0.307931570762053,0.309636650868878,1,0.287096774193548,1,0.299698795180723,0.30564263322884,1,1,1,0.548183254344392,1,0.700310559006211,0.0833333333333333,0.307332293291732,1,1,0.0984615384615385,0.309119010819165,0.320634920634921,1,1,0.3,0.0249221183800623,0.00321027287319422,1,1,0.326219512195122,0.998425196850394,1,0.302469135802469,1,1,0.309968847352025,1,1,1,1,0.313572542901716,0.298642533936652,0.314285714285714,1,1,0.682588597842835,0.303875968992248,1,0.307339449541284,0.284820031298905,1,1,0.998473282442748,1,1,0.318611987381703,1,1,0.109177215189873,0.332307692307692,0.485133020344288,0.2992,0.676656151419558,0.313364055299539,1,0.305379746835443,0.325545171339564,0.260869565217391,0.309341500765697,1,0.316109422492401,1,1,1,0.302215189873418,0.313846153846154,0.998456790123457,0.924315619967794,0.0638977635782748,1,0.31055900621118,0.305863708399366,0.2976,1,0.315789473684211,0.464285714285714,0.313084112149533,0.304615384615385,0.304487179487179,0.299212598425197,1,0.315457413249211,1,1,0,1,0.316957210776545,1,1,1,0.322884012539185,1,0.301127214170692,1,0.836702954898911,1,1,1,0.31104199066874,1,1,0.302936630602782,0.3046875,1,1,0.305900621118012,0.186153846153846,1,0.998466257668712,1,0,0.302839116719243,1,0.297256097560976,0.247261345852895,1,0.680061823802164,0.421538461538462,1,1,0.693233082706767,0.710280373831776,0.340062111801242,1,0.315286624203822,1,1,0.320574162679426,1,0.998452012383901,0.0078740157480315,0.3203125,1,1,0.306962025316456,1,1,0.299050632911392,0.331797235023041,1,1,1,0.522273425499232,0.296062992125984,0.338072669826224,0.314112291350531,0.323529411764706,0.696400625978091,0.31937984496124,0.315467075038285,0.306625577812018,0.244897959183673,0.304140127388535,1,0.311728395061728,0.998447204968944,0.309375,0.0850746268656716,0.0509259259259259,1,1,0.0389408099688473,1,0.702743902439024,0.0434782608695652,0.0128,1,0.685758513931889,1,1,0.531300160513644,1,0,0.0758064516129032,1,1,1,0.319875776397516,0.655274888558692,0.701612903225806,0.992272024729521,1,0.981481481481482,0.294753086419753,0.343213728549142,1,0.292721518987342,1,0.366306027820711,0.105345911949686,0.299689440993789,0.311077389984825,0.321666666666667,1,0.0796324655436447,1,1,1,0.258114374034003,0.314465408805031,1,0.317757009345794,1,1,0.296296296296296,1,0.309774436090226,1,0.295886075949367,0.316118935837246,1,0.683881064162754,0.305847076461769,1,0.302507836990596,0.760802469135803,0.301369863013699,0.156202143950995,0.312217194570136,0.774244833068362,0.298722044728434,1,0.321044546850998,0.325617283950617,0.28902627511592,1,1,1,0.967637540453074,0.342995169082126,1,0.314332247557003,1,0.310064935064935,0.309923664122137,1,1,1,0.917573872472784,1,0.30441400304414,0.303680981595092,1,1,0.0544871794871795,0.0832025117739403,1,1,0.304278922345483,1,1,0.30503144654088,1,1,0.689763779527559,0.534562211981567,1,0,1,1,0.101361573373676,0.308411214953271,1,0.3140625,0.998447204968944,0.967032967032967,0.998452012383901,0.823255813953488,1,0.321027287319422,1,1,1,0,0.297560975609756,1,1,0.68944099378882,1,0.311811023622047,0.353941267387944,0.311526479750779,1,1,1,0.0920245398773006,0.30952380952381,0.0935483870967742,0.998407643312102,0.3015625,0.302652106084243,0.343122102009274,0,1,0.958074534161491,1,1,0.314641744548287,0.293759512937595,0.154574132492114,0.0414012738853503,0.318952234206472,0.30503144654088,0.314503816793893,0.00158227848101266,0.300469483568075,1,0,0.306990881458967,1,1,1,0.3125,0.31866464339909,0.0352,1,0.298761609907121,0.295384615384615,1,1,0.31201248049922,0.703883495145631,1,1,0.707472178060413,1,0.294298921417565,1,0.308641975308642,0.525741029641186,0.683076923076923,0.401826484018265,1,0.288519637462236,0.304012345679012,0.695517774343122,0.675425038639876,1,0.309119010819165,1,0.320726172465961,1,0.307692307692308,0.303514376996805,0.34009360374415,0.524031007751938,0.313479623824451,0.299524564183835,0.671406003159558,0.308527131782946,0.146067415730337,1,0,1,0.287539936102236,1,0,0.3140625,0.304552590266876,1,0.055472263868066,1,0.087719298245614,0.334905660377358,1,0.0646153846153846,0.68075117370892,1,1,1,0.298045602605863,0.0409090909090909,1,0.425431711145997,0.0990415335463259,0.343511450381679,0.318818040435459,0.314503816793893,1,1,1,1,1,0.0658499234303216,0.995412844036697,0.69431643625192,0.0045662100456621,0.313084112149533,1,1,1,1,0.0873634945397816,0.307098765432099,1,1,1,1,1,1,0.490045941807044,0.00158478605388273,1,0.0834597875569044,0.305555555555556,0.433641975308642,1,0.388888888888889,0.305555555555556,0.297380585516179,1,0.0418604651162791,0.302652106084243,1,1,0.366826156299841,0.301857585139319,0.304953560371517,0.301435406698565,0.998444790046656,0.31974921630094,0.311728395061728,0.410742496050553,0.307936507936508,0.972602739726027,0.307228915662651,0.0862619808306709,0.310185185185185,0,1,0.0941915227629513,0.303656597774245,0.305863708399366,0.304212168486739,1,1,1,1,1,1,0.317610062893082,1,0.308892355694228,0.316139767054908,0.607751937984496,0.694835680751174,1,1,0,0.306748466257669,0.121351766513057,0.998491704374057,0.0359375,1,1,0.306836248012719,1,1,0.618441971383148,0.413078149920255,0.995568685376662,0.0837282780410742,0.100470957613815,1,1,1,0.0895061728395062,0,0.307339449541284,0.416012558869702,0.301972685887709,0,0.317384370015949,0.0899053627760252,1,1,0.309815950920245,0.306278713629403,0.241758241758242,0.319047619047619,0.306027820710974,0.314152410575428,1,1,0.320695102685624,1,0,1,0.226209048361934,1,0.689335394126739,1,0.304075235109718,0.305732484076433,0.0768025078369906,0.688087774294671,1,1,0.796529968454259,0.893719806763285,0.2992,0.304897314375987,1,0.307692307692308,0.268867924528302,0.312101910828025,1,0.101694915254237,1,1,0.305164319248826,0.693679092382496,0.30625,1,1,0.294573643410853,0.304347826086957,0.303543913713405,0.851910828025478,0.305958132045089,1,0.055045871559633,1,1,0.711598746081505,0.656101426307448,0.305111821086262,0.0583596214511041,0.310725552050473,1,1,0.297297297297297,0.312693498452012,0.616459627329193,1,0.298921417565485,0.364760432766615,0.29601226993865,0.983180428134557,0.474576271186441,0.00307692307692308,0.296296296296296,0.319148936170213,0.320574162679426,0.303030303030303,0.305007587253414,0.969040247678019,1,0.310832025117739,0.548387096774194,0.694753577106518,0.237577639751553,0.696141479099678,1,0.3125,0.00159489633173844,0.315707620528771,0.300925925925926,0.355932203389831,0.316957210776545,0,0.322981366459627,0.312101910828025,0.311111111111111,0.306729264475743
"514",0.300492610837438,0.314102564102564,0.320695102685624,0.33115823817292,0.315533980582524,0.314424635332253,0.0147783251231527,0.325878594249201,0.315024232633279,0.557213930348259,0.329093799682035,0.630573248407643,0.51869918699187,0.324717285945073,1,1,0.60731319554849,0,0.331723027375201,0.317666126418152,1,1,0.325508607198748,0.505494505494505,0.3109375,1,1,0.337190082644628,0.315372424722662,0.522727272727273,1,0.60031847133758,0.362776025236593,0.996794871794872,0.656910569105691,0.311447811447811,0.121753246753247,0.319685039370079,1,0.310236220472441,0.00160513643659711,0,0,0.333333333333333,0.323101777059774,1,0.995161290322581,1,1,1,0.688,0.32843137254902,1,0.322169059011164,0.318471337579618,0.831973898858075,0.10586319218241,0.329617834394904,0.319620253164557,0.331189710610932,0.992088607594937,1,1,0.00327332242225859,0.329470198675497,0.328025477707006,0.649434571890145,0.32463295269168,0.6046875,1,0.322834645669291,1,1,0.283142389525368,0.14218009478673,0.322378716744914,1,0.996840442338073,0.31911532385466,1,0.59327731092437,1,1,0.329093799682035,1,0.330203442879499,0.315286624203822,0.333333333333333,0.321543408360129,0,0.327447833065811,0.331768388106416,0.67741935483871,0.572567783094099,0.322368421052632,0.632911392405063,0.671451355661882,0.328050713153724,0.102479338842975,0,0.319488817891374,0.61637239165329,1,0.32279534109817,1,0.320197044334975,0,0.320907617504052,1,1,1,0.311811023622047,0.996820349761526,0.328,0.184419713831479,0.313846153846154,1,0.354430379746835,1,1,0.187399030694669,0.316211878009631,1,1,0.339116719242902,1,0.31441717791411,0.321592649310873,0.353420195439739,0.758675078864353,0.321311475409836,1,0.330645161290323,0.62962962962963,0.340390879478827,1,0.00157728706624606,1,0.370786516853933,0.881578947368421,0.572815533980582,0.589371980676328,0.322115384615385,0.324590163934426,1,0.319935691318328,1,0.311793214862682,0.509523809523809,0.33641975308642,1,0.313504823151125,0.317817014446228,0.326797385620915,0.332268370607029,1,0.308064516129032,1,0.417721518987342,0.32484076433121,1,0.326018808777429,1,0.585245901639344,0.322422258592471,1,0.322061191626409,0.312893081761006,0.33495145631068,0.990476190476191,0.332797427652733,1,0.318032786885246,1,0.318481848184819,1,0.590764331210191,0.307692307692308,0.028099173553719,0.293637846655791,0.324324324324324,1,0.311793214862682,0.319935691318328,0.320872274143302,0.331761006289308,1,1,0.330605564648118,0.32794830371567,1,1,0.3232,0.215070643642072,0.0152905198776758,0.680194805194805,1,0.00160771704180064,0.322222222222222,1,0.318255250403877,0.316770186335404,0.317965023847377,0.996825396825397,1,1,0.334365325077399,0.31900826446281,0.317384370015949,0.676567656765677,0.313213703099511,1,0.346709470304976,1,1,0.419713831478537,0.326332794830372,0.324237560192616,0.3322528363047,0.306349206349206,0.309677419354839,0.6336,1,1,0.316614420062696,0.00311526479750779,0.322834645669291,0.31875,0.324717285945073,0.310897435897436,0.301765650080257,0.3203125,0.695924764890282,0.341158059467919,0.317307692307692,1,0.325281803542673,1,0.311811023622047,0.313725490196078,0.315619967793881,0.34257748776509,0.316476345840131,1,0.33015873015873,0.8125,1,1,0.99837925445705,1,1,0.888707037643208,1,1,1,0.325508607198748,1,0.321131447587354,0,1,0.366666666666667,1,0.327272727272727,0.324717285945073,0.3136,0.412520064205457,1,0.330203442879499,1,1,1,1,0,0.313001605136437,1,1,0.331715210355987,1,0.327503974562798,1,1,0.315359477124183,0.327332242225859,0.302694136291601,0.137763371150729,0.331715210355987,0,0.587057010785824,1,0.3232,0.326433121019108,0.572555205047319,1,1,0.327814569536424,0.334405144694534,1,0.646129541864139,0.685761047463175,0.315270935960591,0.326194398682043,0.9936,0.332802547770701,0.313479623824451,1,0.321086261980831,0.307936507936508,1,0.310569105691057,0.3278955954323,0.315705128205128,0.321543408360129,1,1,1,0.310679611650485,0.3322528363047,0.0095389507154213,0.993548387096774,0.330097087378641,1,1,0.310725552050473,0.330173775671406,0.311111111111111,0.324193548387097,0.317307692307692,1,0.31219512195122,0.313001605136437,0.55794701986755,1,0.822294022617124,1,0,1,0.327014218009479,1,1,0.409677419354839,1,0.330578512396694,1,0.319805194805195,0.305993690851735,0.3168,1,1,0.325878594249201,0.402640264026403,0.608766233766234,0.312399355877617,1,1,1,0.321724709784411,1,0.188102893890675,1,1,1,1,0.326498422712934,1,0.325503355704698,0.334928229665072,0.676328502415459,0.312903225806452,1,0.329545454545455,0.323390894819466,0.320598006644518,1,0.312302839116719,1,0.325038880248834,0.492935635792779,0.332802547770701,0.327332242225859,0.318471337579618,1,0.320785597381342,0.311774461028192,1,1,0.324409448818898,0.313291139240506,1,0.47244094488189,0.320723684210526,0.332263242375602,0.332288401253919,0.676190476190476,1,0.294214876033058,1,0.412052117263844,0.306451612903226,0,0.88503937007874,0.323920265780731,0.320063694267516,0,0.0335463258785942,0.98389694041868,0.321486268174475,1,0.317384370015949,0.329470198675497,1,0.329073482428115,0.324058919803601,0.656401944894652,1,0.321486268174475,0.324717285945073,1,0.321027287319422,0.307438016528926,1,0.317073170731707,0.317589576547231,0.321259842519685,0.332792207792208,0.807936507936508,1,0.982200647249191,1,1,0.00162337662337662,1,0.995207667731629,1,0.418006430868167,0.998381877022654,0.310725552050473,0.995268138801262,0.331746031746032,0.998402555910543,0.599364069952305,0.625796178343949,0.324921135646688,0.305246422893482,0.631160572337043,0.318327974276527,0,0.627831715210356,0.672523961661342,0.321144674085851,0.0016,0.314935064935065,0.310897435897436,0.763458401305057,0.3296,0.679032258064516,0.579378068739771,0.325984251968504,0.321144674085851,0.3008,1,0.0228658536585366,0,0.319047619047619,0.338735818476499,0.347003154574132,1,0.320967741935484,0.317891373801917,1,0.309294871794872,0.941082802547771,0.562091503267974,1,1,0.994854202401372,0.321875,0.605388272583201,0.323529411764706,0.321548821548822,0.320512820512821,0.409733124018838,1,0.310679611650485,1,0.322259136212625,0.322847682119205,1,0.319148936170213,1,0.3354943273906,1,1,0.33175355450237,0,1,0.325984251968504,1,0.564516129032258,1,0.488993710691824,1,0.569105691056911,1,0.318555008210181,1,1,1,0.314785373608903,0.324546952224053,0.322274881516588,0.358803986710963,0.314475873544093,0.314332247557003,1,0.3184,1,1,0.330670926517572,0.324193548387097,0.316535433070866,0.388625592417062,0.325949367088608,1,1,0.338118022328549,0.328947368421053,0.622331691297209,0.586816720257235,0.321486268174475,0.327814569536424,1,0.304347826086957,0.318885448916409,0.9936,0.316309719934102,0.323296354992076,0,0.12597200622084,0.324590163934426,0.676425269645609,0.318770226537217,0.326366559485531,0.590625,0.996742671009772,0.319422150882825,1,0.313195548489666,0.353130016051364,0.317965023847377,0.478740157480315,0.315359477124183,1,0.327974276527331,0.325842696629214,0.327868852459016,0.684044233807267,1,0.333333333333333,0.320063694267516,0,0.332802547770701,1,0.954113924050633,1,0.324193548387097,0.322061191626409,0.322683706070288,0.5818759936407,1,0.576547231270358,0.340909090909091,1,1,0.968404423380727,0.6736,0.334959349593496,0.354066985645933,0.320634920634921,0.324409448818898,1,1,0.497568881685575,0.62779552715655,1,1,1,0.685855263157895,1,0.325949367088608,0.677938808373591,1,0.325320512820513,0.312599681020734,0.325842696629214,0.998422712933754,1,0.640468227424749,0.3264,1,1,0.331179321486268,0.310789049919485,1,0,0.313001605136437,0.314424635332253,0.00328407224958949,0.311320754716981,1,0.314332247557003,1,0.1328125,0,0.9,0.332810047095761,1,1,0,0.00158730158730159,0.33063209076175,1,0.314662273476112,0.998435054773083,0.312698412698413,1,0.998381877022654,0.964912280701754,0.768740031897927,1,1,0.00159489633173844,1,0.497512437810945,0.322950819672131,0.667192429022082,0.326433121019108,1,0.316558441558442,0.674157303370786,1,1,0.321951219512195,0.610328638497653,0.330708661417323,0.570491803278689,0.96984126984127,0.331707317073171,0.588607594936709,0.0112179487179487,0.315447154471545,0.321656050955414,0.323854660347551,1,0.629160063391442,0.310509554140127,0.887820512820513,0.582922824302135,0.967793880837359,1,1,0.314285714285714,0.339966832504146,0.320388349514563,0.312599681020734,0.324237560192616,0.613953488372093,0.30952380952381,0,0.666151468315301,0.998427672955975,0.328548644338118,0.3,0.32516339869281,0.3265625,0.598387096774194,1,0.339563862928349,0.338709677419355,0.340322580645161,0.330683624801272,0.319488817891374,0.316639741518578,0.178683385579937,0.670418006430868,0.328478964401294,0.587677725118483,1,0.228434504792332,0.322169059011164,0.91869918699187,1,1,0.31869918699187,0.629984051036683,1,0.318910256410256,0.303079416531605,0.954397394136808,1,1,0.99670510708402,0.321656050955414,1,1,0.895424836601307,1,0.348242811501597,1,0.582922824302135,1,0.671406003159558,0.314102564102564,0.596122778675283,1,1,0.991789819376026,0.3376,0.330173775671406,0.327272727272727,0.324881141045959,0.320785597381342,0.320723684210526,0.98694942903752,0.321711568938193,1,1,0.704472843450479,0,0.323248407643312,0.323248407643312,0.676236044657097,1,0.5456,0.33122028526149,0.638668779714738,0.315024232633279,0.325,1,0.312903225806452,0.323873121869783,0.674342105263158,0.900662251655629,0.31969696969697,0.600977198697068,0.568595041322314,0.322734499205087,0.341584158415842,0.303030303030303,0.581583198707593,0.676703645007924,1,0.894904458598726,1,0.665086887835703,0.998381877022654,0.583333333333333,0.317307692307692,0.328502415458937,1,1,0.42443729903537,0.995081967213115,0.998405103668262,1,0.320388349514563,0.334389857369255,1,0.319018404907975,0.675118858954041,0.338788870703764,0.446078431372549,0.305825242718447,0,0.313479623824451,1,1,0.589825119236884,0.00157728706624606,0.333333333333333,0.321428571428571,0.0980392156862745,0.401639344262295,1,1,0.320695102685624,1,0.412140575079872,1,0.333333333333333,0.5824,0.323943661971831,0.316639741518578,1,0,1,0.311148086522463,0.334410339256866,1,1,1,0.425324675324675,1,0.32626427406199,0.610492845786963,0.330188679245283,0.328358208955224,0.00158982511923688,0.0390243902439024,1,0.616613418530351,1,0.332273449920509,0.33665008291874,1,1,0.149606299212598,0.312202852614897,1,0.897476340694006,1,0.32695374800638,0.177814029363785,0.664050235478807,1,1,1,1,1,0.287974683544304,0.315372424722662,1,0.10016694490818,0.00165289256198347,0.426307448494453,0,0.329508196721311,1,0.677471636952998,1,1,0.889415481832543,1,0.674641148325359,1,1,1,1
"515",1,1,1,1,1,1,0.697933227344992,1,1,0.1024,1,0.0454545454545455,0.8256735340729,1,0.31875,0.309486780715397,0.0660522273425499,0.683523654159869,1,1,0.29746835443038,0.315705128205128,1,0.151702786377709,1,0.330745341614907,0.317891373801917,1,1,0.794585987261146,0.3078125,0.731066460587326,0.966101694915254,0.318818040435459,0,1,0.529968454258675,1,0.302469135802469,1,0.663522012578616,0.672413793103448,0.684049079754601,1,1,0.321027287319422,0.324921135646688,0.31441717791411,0.324534161490683,0.330733229329173,0,1,0.3140625,1,1,0.507911392405063,0.550079491255962,1,1,1,0.336434108527132,0.325878594249201,0.317965023847377,0.669811320754717,1,1,0.0380952380952381,1,0.0561456752655539,0.32348367029549,1,0.317829457364341,0.329545454545455,0.969453376205788,0.499229583975347,1,0.315707620528771,0.34,1,0.322115384615385,0.0823909531502423,0.327503974562798,0.334379905808477,1,0.341121495327103,1,1,1,1,0.685758513931889,1,1,0.00156494522691706,0.102009273570325,1,0.0471841704718417,0,1,0.564387917329094,0.666666666666667,1,0.0523809523809524,0.316118935837246,1,0.311708860759494,1,0.684542586750789,1,0.324451410658307,0.330218068535826,0.325153374233129,1,0.327102803738318,1,0.472952086553323,1,0.3140625,0.291021671826625,0.323216995447648,0.324367088607595,0.470866141732283,0.998444790046656,0.320987654320988,0.3171875,1,0.310725552050473,1,1,0.31378763866878,0.538343558282209,1,0.3234375,1,0.0442073170731707,1,0.327160493827161,0.669230769230769,0.327073552425665,0.931464174454829,0.436988543371522,0.105095541401274,0.0962732919254658,1,1,0.326053042121685,1,0.320668693009119,1,0.813374805598756,1,0.327476038338658,1,1,1,1,0.331761006289308,1,0.326923076923077,0.246894409937888,1,0.313455657492355,1,0.307692307692308,0.0833333333333333,1,0.310289389067524,1,1,1,0.337984496124031,1,0.326530612244898,1,0.313846153846154,1,0.323717948717949,0.0735524256651017,1,0.636807817589576,1,1,0.313880126182965,1,1,1,1,0.324324324324324,0.316770186335404,1,0.998454404945904,0.326153846153846,0.304975922953451,1,0.44496855345912,0.66464339908953,0,0.3203125,0.659340659340659,1,0.322033898305085,1,0.998454404945904,1,0.315541601255887,0.325617283950617,0.33387358184765,1,1,1,0,1,0.315457413249211,0.977812995245642,0.324921135646688,0.310344827586207,0.7390625,1,1,1,1,1,0.043613707165109,0.321027287319422,0.330218068535826,1,0.676609105180534,1,1,0.998430141287284,0.998459167950693,1,1,0.00467289719626168,0.309815950920245,1,0.3136,1,0.302694136291601,1,1,1,1,1,0.328571428571429,1,0.519747235387046,0.3328125,0.326153846153846,0.308186195826645,0.324921135646688,0.334905660377358,0.416267942583732,0.328638497652582,0.326053042121685,0.316535433070866,1,0.32755905511811,1,0.68160741885626,0.31839258114374,0.298136645962733,0.337539432176656,1,1,1,0.24685534591195,0.312788906009245,1,0.323296354992076,0.329305135951662,0.316037735849057,0.322884012539185,0.678233438485804,1,0.328767123287671,0.325914149443561,1,0.297077922077922,1,0.305810397553517,0.313971742543171,1,1,1,0.5265625,1,0.68075117370892,0.0784313725490196,0.32182103610675,1,1,0.0976744186046512,0.327073552425665,0.322061191626409,1,1,0.301710730948678,0.0267295597484277,0.00321027287319422,1,1,0.338461538461538,0.998417721518987,1,0.319314641744548,1,1,0.3234375,1,1,1,1,0.325581395348837,0.312977099236641,0.329073482428115,1,1,0.668231611893584,0.318110236220472,1,0.319213313161876,0.303125,1,1,0.998454404945904,1,1,0.329113924050633,1,1,0.105095541401274,0.330289193302892,0.496894409937888,0.312796208530806,0.667701863354037,0.325038880248834,1,0.312599681020734,0.332807570977918,0.248840803709428,0.317829457364341,1,0.32781954887218,1,1,1,0.311111111111111,0.321538461538462,0.998447204968944,0.922824302134647,0.0615141955835962,1,0.321316614420063,0.316455696202532,0.317460317460317,1,0.333333333333333,0.460218408736349,0.325038880248834,0.30379746835443,0.316720257234727,0.320634920634921,1,0.329073482428115,1,1,0,1,0.329113924050633,1,1,1,0.331210191082803,1,0.317307692307692,1,0.836734693877551,1,1,1,0.324492979719189,1,1,0.321316614420063,0.320251177394035,1,1,0.320813771517997,0.185358255451713,1,0.998432601880878,1,0,0.313504823151125,1,0.317757009345794,0.238473767885533,1,0.673374613003096,0.439509954058193,1,1,0.674662668665667,0.696540880503145,0.348837209302326,1,0.326498422712934,1,1,0.33974358974359,1,0.998407643312102,0.00941915227629513,0.329073482428115,1,1,0.324193548387097,1,1,0.310832025117739,0.324451410658307,1,1,1,0.546583850931677,0.316358024691358,0.353312302839117,0.321804511278195,0.339035769828927,0.682108626198083,0.328703703703704,0.326018808777429,0.308641975308642,0.226771653543307,0.329635499207607,1,0.326717557251908,0.998412698412698,0.317901234567901,0.0870870870870871,0.0539291217257319,1,1,0.0391236306729265,1,0.68266253869969,0.0445151033386327,0.0126782884310618,1,0.679748822605965,1,1,0.542586750788643,1,0,0.0768,1,1,1,0.3312,0.649331352154532,0.690163934426229,0.993690851735016,1,0.984399375975039,0.313271604938272,0.325508607198748,1,0.304761904761905,1,0.373626373626374,0.106750392464678,0.31201248049922,0.328267477203647,0.337209302325581,1,0.0796324655436447,1,1,1,0.248466257668712,0.325396825396825,1,0.321086261980831,1,1,0.309375,1,0.32824427480916,1,0.31378763866878,0.330696202531646,1,0.67244094488189,0.320668693009119,1,0.310126582278481,0.770061728395062,0.327666151468315,0.148377125193199,0.322338830584708,0.770542635658915,0.3125,1,0.325545171339564,0.346749226006192,0.298600311041991,1,1,1,0.974068071312804,0.33605220228385,1,0.3184,1,0.316912972085386,0.321483771251932,1,1,1,0.920886075949367,1,0.306501547987616,0.322834645669291,1,1,0.0494417862838915,0.082670906200318,1,1,0.312399355877617,1,1,0.32182103610675,1,1,0.678627145085803,0.52833078101072,1,0,1,1,0.0971168437025797,0.331761006289308,1,0.326018808777429,0.998439937597504,0.966666666666667,0.998410174880763,0.82807570977918,1,0.326433121019108,1,1,1,0,0.320450885668277,1,1,0.6609375,1,0.313971742543171,0.366929133858268,0.326053042121685,1,1,1,0.0875576036866359,0.324237560192616,0.0919354838709677,0.998387096774194,0.316692667706708,0.31651376146789,0.365891472868217,0,1,0.956937799043062,1,1,0.321144674085851,0.305936073059361,0.152755905511811,0.0376766091051805,0.324492979719189,0.316455696202532,0.337461300309598,0.00158478605388273,0.323943661971831,1,0,0.319314641744548,1,1,1,0.320433436532508,0.319444444444444,0.0324149108589951,1,0.316358024691358,0.313271604938272,1,1,0.322884012539185,0.692939244663383,1,1,0.692913385826772,1,0.313271604938272,1,0.316037735849057,0.518053375196232,0.667692307692308,0.41743119266055,1,0.300613496932515,0.32,0.674418604651163,0.664098613251156,1,0.325038880248834,1,0.322480620155039,1,0.315286624203822,0.3125,0.360062893081761,0.520249221183801,0.319935691318328,0.311111111111111,0.65987460815047,0.31839258114374,0.142628205128205,1,0,1,0.296474358974359,1,0,0.321928460342146,0.317307692307692,1,0.0586466165413534,1,0.0880503144654088,0.345161290322581,1,0.0646687697160883,0.667726550079491,1,1,1,0.305111821086262,0.0385208012326656,1,0.442006269592476,0.0977564102564103,0.356481481481481,0.324031007751938,0.326656394453005,1,1,1,1,1,0.0652503793626707,0.995426829268293,0.683720930232558,0.00451807228915663,0.325,1,1,1,1,0.0871632329635499,0.312693498452012,1,1,1,1,1,1,0.470319634703196,0.00159489633173844,1,0.0870917573872473,0.324574961360124,0.42879746835443,1,0.398073836276083,0.318255250403877,0.315541601255887,1,0.0414110429447853,0.323574730354391,1,1,0.365079365079365,0.311145510835913,0.3171875,0.321486268174475,0.998435054773083,0.329073482428115,0.317411402157165,0.423809523809524,0.328100470957614,0.975077881619938,0.314589665653495,0.0839936608557845,0.324960753532182,0,1,0.0880503144654088,0.314009661835749,0.316614420062696,0.321144674085851,1,1,1,1,1,1,0.335443037974684,1,0.329652996845426,0.327787021630616,0.603369065849923,0.682539682539683,1,1,0,0.318042813455657,0.119195046439628,0.998475609756098,0.0362204724409449,1,1,0.321027287319422,1,1,0.619741100323625,0.418679549114332,0.995481927710843,0.0816326530612245,0.0936507936507937,1,1,1,0.0900473933649289,0,0.327272727272727,0.430577223088924,0.318461538461538,0,0.332805071315372,0.0904684975767367,1,1,0.321981424148607,0.320373250388802,0.234076433121019,0.334920634920635,0.317757009345794,0.320872274143302,1,1,0.3264,1,0,1,0.227848101265823,1,0.670807453416149,1,0.312693498452012,0.310177705977383,0.0732824427480916,0.670278637770898,1,1,0.774960380348653,0.893964110929853,0.322429906542056,0.323343848580442,1,0.32967032967033,0.248427672955975,0.319286871961102,1,0.102362204724409,1,1,0.325545171339564,0.6752,0.3104,1,1,0.318461538461538,0.312989045383412,0.315868263473054,0.863344051446945,0.322734499205087,1,0.0552147239263804,1,1,0.694227769110764,0.638230647709321,0.330097087378641,0.0518867924528302,0.33015873015873,1,1,0.307324840764331,0.328616352201258,0.601866251944012,1,0.317111459968603,0.375579598145286,0.316436251920123,0.984591679506934,0.458333333333333,0.00465116279069767,0.306122448979592,0.326717557251908,0.328502415458937,0.320846905537459,0.323664122137405,0.97239263803681,1,0.314503816793893,0.530179445350734,0.678343949044586,0.226415094339623,0.691813804173355,1,0.324031007751938,0.00157728706624606,0.3328125,0.3140625,0.368258859784284,0.320574162679426,0,0.336973478939158,0.318255250403877,0.329093799682035,0.323390894819466
"516",0.298507462686567,0.316639741518578,0.316476345840131,0.329489291598023,0.310064935064935,0.306425041186161,0.00838926174496644,0.316666666666667,0.309951060358891,0.573604060913706,0.329052969502408,0.638709677419355,0.507563025210084,0.315270935960591,1,1,0.622611464968153,0,0.327814569536424,0.306688417618271,1,1,0.31687898089172,0.527156549520767,0.312698412698413,1,1,0.332778702163062,0.312,0.518333333333333,1,0.5936,0.362179487179487,0.995073891625616,0.663907284768212,0.313356164383562,0.145662847790507,0.319422150882825,1,0.309409888357257,0.0033167495854063,0,0,0.33387358184765,0.311582381729201,1,0.993421052631579,1,1,1,0.687400318979266,0.328925619834711,1,0.324675324675325,0.313821138211382,0.801313628899836,0.131011608623549,0.32137030995106,0.313821138211382,0.319218241042345,0.99185667752443,1,1,0.00657894736842105,0.319256756756757,0.319870759289176,0.659504132231405,0.319218241042345,0.618973561430793,1,0.317230273752013,1,1,0.279731993299833,0.1712,0.324367088607595,1,0.993610223642173,0.3125,1,0.596638655462185,1,1,0.324149108589951,1,0.327476038338658,0.309446254071661,0.330143540669856,0.3232,0,0.325619834710744,0.329093799682035,0.689542483660131,0.592,0.308580858085809,0.652312599681021,0.684124386252046,0.310789049919485,0.129194630872483,0,0.306818181818182,0.627062706270627,1,0.311367380560132,1,0.32137030995106,0,0.318627450980392,1,1,1,0.306188925081433,0.995169082125604,0.32843137254902,0.216129032258065,0.3078125,1,0.385852090032154,1,1,0.219312602291326,0.311183144246353,1,1,0.325769854132901,1,0.319875776397516,0.317460317460317,0.376835236541599,0.774960380348653,0.319327731092437,1,0.331683168316832,0.639498432601881,0.32998324958124,1,0.00159489633173844,1,0.37152209492635,0.893653516295026,0.585,0.602893890675241,0.317073170731707,0.320066334991708,1,0.312,1,0.309602649006623,0.484751203852327,0.322061191626409,1,0.314144736842105,0.313114754098361,0.325581395348837,0.325657894736842,1,0.30327868852459,1,0.446601941747573,0.321951219512195,1,0.321766561514196,1,0.599667774086379,0.317512274959083,1,0.320325203252033,0.313504823151125,0.332792207792208,0.98538961038961,0.328990228013029,1,0.318627450980392,1,0.31438127090301,1,0.596434359805511,0.30327868852459,0.0348837209302326,0.302134646962233,0.31869918699187,1,0.304418985270049,0.319148936170213,0.314606741573034,0.325358851674641,1,1,0.325542570951586,0.318555008210181,1,1,0.325842696629214,0.25518341307815,0.0247295208655332,0.680645161290323,1,0.00321027287319422,0.312,1,0.316053511705686,0.305466237942122,0.314845024469821,0.996763754045307,1,1,0.326984126984127,0.311036789297659,0.313001605136437,0.683333333333333,0.302439024390244,1,0.333333333333333,1,1,0.439418416801292,0.326332794830372,0.317891373801917,0.325242718446602,0.311074918566775,0.306666666666667,0.647154471544715,1,1,0.314009661835749,0.00478468899521531,0.323717948717949,0.318541996830428,0.317073170731707,0.30048465266559,0.302631578947368,0.323248407643312,0.691558441558442,0.3728,0.304975922953451,1,0.316139767054908,1,0.303225806451613,0.307317073170732,0.308319738988581,0.330605564648118,0.31438127090301,1,0.318840579710145,0.789735099337748,1,1,0.996661101836394,1,1,0.903814262023217,1,1,1,0.3136,1,0.312080536912752,0,1,0.393890675241158,1,0.330536912751678,0.315270935960591,0.31953642384106,0.425566343042071,1,0.322784810126582,1,1,1,1,0,0.310569105691057,1,1,0.328407224958949,1,0.317307692307692,1,1,0.306156405990017,0.320066334991708,0.308319738988581,0.155844155844156,0.331136738056013,0,0.599683544303797,1,0.317589576547231,0.321666666666667,0.588330632090762,1,1,0.328257191201354,0.331136738056013,1,0.663934426229508,0.700980392156863,0.305555555555556,0.317275747508306,0.993548387096774,0.325769854132901,0.304212168486739,1,0.307692307692308,0.303571428571429,1,0.308072487644152,0.315112540192926,0.310177705977383,0.318181818181818,1,1,1,0.301765650080257,0.324193548387097,0.008,0.9904,0.325581395348837,1,1,0.317817014446228,0.33122028526149,0.3024,0.319218241042345,0.313915857605178,1,0.308970099667774,0.310965630114566,0.574043261231281,1,0.850328947368421,1,0,1,0.322222222222222,1,1,0.435406698564593,0.998397435897436,0.319604612850082,1,0.304635761589404,0.307817589576547,0.31687898089172,1,1,0.312101910828025,0.397976391231029,0.615511551155115,0.293532338308458,1,1,1,0.325619834710744,1,0.220032840722496,1,1,1,1,0.319554848966614,1,0.310810810810811,0.32626427406199,0.676422764227642,0.309951060358891,1,0.319805194805195,0.325396825396825,0.31063122923588,1,0.306603773584906,1,0.320126782884311,0.476038338658147,0.326860841423948,0.326229508196721,0.315619967793881,1,0.320197044334975,0.305418719211823,1,1,0.324590163934426,0.303571428571429,1,0.492845786963434,0.313432835820896,0.32741935483871,0.326923076923077,0.675850891410049,1,0.289517470881864,1,0.437194127243067,0.308333333333333,0,0.868589743589744,0.316498316498317,0.318910256410256,0,0.0313014827018122,0.978618421052632,0.320785597381342,1,0.316558441558442,0.314475873544093,1,0.322683706070288,0.311258278145695,0.665024630541872,1,0.319672131147541,0.32741935483871,1,0.308306709265176,0.301003344481605,1,0.351307189542484,0.311774461028192,0.3168,0.336585365853659,0.78125,1,0.980392156862745,1,1,0.0016260162601626,1,0.991708126036484,1,0.444625407166124,0.996699669966997,0.306836248012719,0.992211838006231,0.33442088091354,0.995192307692308,0.6049766718507,0.630503144654088,0.31139646869984,0.317460317460317,0.643548387096774,0.315702479338843,0,0.637110016420361,0.681818181818182,0.322061191626409,0.0016366612111293,0.314569536423841,0.303571428571429,0.776119402985075,0.32258064516129,0.687096774193548,0.591666666666667,0.317434210526316,0.323717948717949,0.297560975609756,1,0.0280373831775701,0,0.3184,0.32843137254902,0.331715210355987,1,0.343137254901961,0.316993464052288,1,0.309033280507132,0.936893203883495,0.575,1,1,0.991438356164384,0.319935691318328,0.610492845786963,0.320574162679426,0.317647058823529,0.311688311688312,0.430176565008026,1,0.315702479338843,1,0.317355371900826,0.326050420168067,1,0.32137030995106,1,0.32300163132137,1,1,0.325769854132901,0,1,0.321543408360129,1,0.545901639344262,1,0.5168,1,0.553921568627451,1,0.317434210526316,1,1,1,0.312803889789303,0.320197044334975,0.317891373801917,0.354026845637584,0.344234079173838,0.310064935064935,1,0.316912972085386,1,1,0.329052969502408,0.316749585406302,0.314785373608903,0.386138613861386,0.320450885668277,1,1,0.32475884244373,0.321192052980132,0.632279534109817,0.58957654723127,0.31023102310231,0.325619834710744,1,0.308186195826645,0.314009661835749,0.995098039215686,0.30514096185738,0.3168,0,0.148148148148148,0.315447154471545,0.684292379471229,0.317512274959083,0.322115384615385,0.604465709728868,0.996763754045307,0.30718954248366,1,0.311793214862682,0.343137254901961,0.315447154471545,0.462519936204147,0.310344827586207,1,0.313408723747981,0.320066334991708,0.320325203252033,0.688206785137318,1,0.330550918196995,0.320063694267516,0,0.320967741935484,0.998357963875205,0.946601941747573,1,0.321951219512195,0.323101777059774,0.320846905537459,0.589371980676328,1,0.588333333333333,0.33,1,1,0.961290322580645,0.680194805194805,0.317355371900826,0.35725677830941,0.326298701298701,0.318770226537217,1,1,0.515806988352745,0.635467980295567,1,1,0.998384491114701,0.688118811881188,1,0.325949367088608,0.681089743589744,1,0.321428571428571,0.320197044334975,0.314238952536825,0.996805111821086,1,0.649916247906198,0.317666126418152,1,1,0.326366559485531,0.314754098360656,0.998376623376623,0,0.313014827018122,0.31219512195122,0.00837520938023451,0.315705128205128,1,0.31404958677686,1,0.157392686804452,0,0.911858974358974,0.328502415458937,1,1,0,0.00159235668789809,0.324675324675325,1,0.313028764805415,0.996820349761526,0.302828618968386,1,0.998330550918197,0.959216965742251,0.783387622149837,1,1,0.00657894736842105,1,0.517412935323383,0.331691297208539,0.676898222940226,0.328,1,0.299835255354201,0.670529801324503,1,1,0.3125,0.626356589147287,0.327390599675851,0.590381426202322,0.967479674796748,0.324590163934426,0.5984,0.0164203612479475,0.310289389067524,0.321543408360129,0.326298701298701,1,0.638709677419355,0.298387096774194,0.8768,0.590381426202322,0.964686998394864,1,1,0.309562398703404,0.327868852459016,0.308319738988581,0.31139646869984,0.305825242718447,0.624405705229794,0.306089743589744,0,0.674050632911392,0.998371335504886,0.323577235772358,0.307692307692308,0.316053511705686,0.315955766192733,0.604269293924466,1,0.333863275039746,0.331723027375201,0.327814569536424,0.325769854132901,0.303921568627451,0.310344827586207,0.211446740858506,0.681518151815181,0.315875613747954,0.600638977635783,1,0.246753246753247,0.313821138211382,0.908789386401327,1,1,0.310569105691057,0.641693811074919,1,0.309294871794872,0.307692307692308,0.946666666666667,1,1,0.996649916247906,0.31687898089172,1,1,0.903814262023217,1,0.34775641025641,1,0.597989949748744,1,0.677777777777778,0.308319738988581,0.60556464811784,1,1,0.990049751243781,0.323101777059774,0.331168831168831,0.325619834710744,0.325842696629214,0.316666666666667,0.324013157894737,0.978618421052632,0.317230273752013,1,1,0.728013029315961,0,0.320450885668277,0.313504823151125,0.684552845528455,1,0.579207920792079,0.330143540669856,0.648117839607201,0.316476345840131,0.317725752508361,1,0.316666666666667,0.313131313131313,0.697171381031614,0.916943521594684,0.319444444444444,0.600331674958541,0.58112582781457,0.32484076433121,0.319286871961102,0.304065040650407,0.597444089456869,0.678513731825525,1,0.883306320907618,1,0.668261562998405,0.996688741721854,0.594370860927152,0.312803889789303,0.323432343234323,1,1,0.443181818181818,0.991694352159468,0.996794871794872,1,0.314569536423841,0.332268370607029,1,0.309748427672956,0.682182985553772,0.337133550488599,0.476666666666667,0.300335570469799,0,0.314285714285714,1,1,0.59805510534846,0.00160771704180064,0.329032258064516,0.312297734627832,0.103333333333333,0.417637271214642,1,1,0.305057096247961,1,0.429738562091503,1,0.330696202531646,0.594202898550725,0.320907617504052,0.313432835820896,1,0,1,0.308600337268128,0.315875613747954,1,1,1,0.462311557788945,1,0.316831683168317,0.624203821656051,0.338164251207729,0.326633165829146,0.00160771704180064,0.042483660130719,1,0.627257799671593,1,0.330578512396694,0.326699834162521,1,1,0.167471819645733,0.306946688206785,1,0.905996758508914,1,0.317965023847377,0.210440456769984,0.67430441898527,1,1,1,1,1,0.296474358974359,0.308319738988581,1,0.12396694214876,0.00166112956810631,0.447495961227787,0,0.328455284552846,1,0.682565789473684,1,1,0.904376012965964,1,0.676282051282051,1,1,1,1
"517",0.307086614173228,0.313846153846154,0.317972350230415,0.329635499207607,0.316436251920123,0.311926605504587,0.0110236220472441,0.315955766192733,0.314984709480122,0.577223088923557,0.322289156626506,0.638426626323752,0.510015408320493,0.317411402157165,1,1,0.620845921450151,0,0.319083969465649,0.310502283105023,1,1,0.323795180722892,0.520485584218513,0.306184012066365,1,1,0.338072669826224,0.308383233532934,0.52093023255814,1,0.573134328358209,0.367781155015198,0.995363214837713,0.669724770642202,0.312399355877617,0.139356814701378,0.320610687022901,1,0.300604229607251,0.0015220700152207,0,0,0.327131782945736,0.314553990610329,1,0.995433789954338,1,1,1,0.693815987933635,0.329173166926677,1,0.323308270676692,0.310708898944193,0.817757009345794,0.12326656394453,0.319571865443425,0.319508448540707,0.324534161490683,0.992526158445441,1,1,0.00467289719626168,0.311912225705329,0.317771084337349,0.654907975460123,0.317972350230415,0.616191904047976,1,0.318731117824773,1,1,0.274015748031496,0.159879336349925,0.316890881913303,1,0.993975903614458,0.321804511278195,1,0.605678233438486,1,1,0.328220858895706,1,0.318649045521292,0.312401883830455,0.330246913580247,0.315707620528771,0,0.320373250388802,0.325892857142857,0.688751926040062,0.584474885844749,0.309597523219814,0.635958395245171,0.68380062305296,0.311844077961019,0.121835443037975,0,0.306976744186047,0.621538461538461,1,0.315955766192733,1,0.312307692307692,0,0.316030534351145,1,1,1,0.309451219512195,0.996932515337423,0.322727272727273,0.207261724659607,0.307807807807808,1,0.381381381381381,1,1,0.203363914373089,0.306278713629403,1,1,0.326347305389222,1,0.318713450292398,0.314285714285714,0.359447004608295,0.769345238095238,0.321372854914197,1,0.324492979719189,0.638360175695461,0.328682170542636,1,0,1,0.372128637059724,0.898894154818325,0.586890243902439,0.598774885145482,0.30781010719755,0.317757009345794,1,0.318112633181126,1,0.297213622291022,0.500758725341426,0.314842578710645,1,0.306748466257669,0.313364055299539,0.325545171339564,0.318181818181818,1,0.302936630602782,1,0.437878787878788,0.324116743471582,1,0.323353293413174,1,0.602465331278891,0.326594090202177,1,0.320182094081942,0.311827956989247,0.336973478939158,0.986466165413534,0.330757341576507,1,0.319875776397516,1,0.317034700315457,1,0.595744680851064,0.290322580645161,0.0317965023847377,0.294851794071763,0.313846153846154,1,0.307458143074581,0.321981424148607,0.322137404580153,0.329819277108434,1,1,0.322932917316693,0.324734446130501,1,1,0.316742081447964,0.225656877897991,0.0221565731166913,0.685015290519878,1,0.00155038759689922,0.315548780487805,1,0.317757009345794,0.308035714285714,0.31892697466468,0.996969696969697,1,1,0.322485207100592,0.310344827586207,0.318796992481203,0.684615384615385,0.303738317757009,1,0.342465753424658,1,1,0.441221374045802,0.323390894819466,0.318385650224215,0.32312404287902,0.298325722983257,0.311627906976744,0.647692307692308,1,1,0.309774436090226,0.003003003003003,0.324812030075188,0.313432835820896,0.317411402157165,0.311077389984825,0.297090352220521,0.321375186846039,0.69558599695586,0.357357357357357,0.300150829562594,1,0.322378716744914,1,0.310502283105023,0.3046875,0.304675716440422,0.329153605015674,0.313291139240506,1,0.321538461538462,0.8,1,1,0.998417721518987,1,1,0.898278560250391,1,1,1,0.312312312312312,1,0.3216,0,1,0.384848484848485,1,0.327160493827161,0.322530864197531,0.311349693251534,0.424657534246575,1,0.319213313161876,1,1,1,1,0,0.313546423135464,1,1,0.321156773211568,1,0.318796992481203,1,1,0.30564263322884,0.325508607198748,0.30521472392638,0.153729071537291,0.322981366459627,0,0.595238095238095,1,0.314024390243902,0.317557251908397,0.591743119266055,1,1,0.321875,0.327613104524181,1,0.655538694992413,0.692789968652038,0.304615384615385,0.324324324324324,0.992526158445441,0.323664122137405,0.302395209580838,1,0.308396946564885,0.308868501529052,1,0.306027820710974,0.316998468606432,0.311649016641452,0.3125,1,1,1,0.308396946564885,0.324159021406728,0.00754147812971342,0.992283950617284,0.328125,1,1,0.308734939759036,0.324812030075188,0.295795795795796,0.324200913242009,0.312977099236641,1,0.305900621118012,0.316030534351145,0.572107765451664,1,0.838461538461538,1,0,1,0.320726172465961,1,1,0.428787878787879,0.998480243161094,0.323529411764706,1,0.308868501529052,0.307453416149068,0.312883435582822,1,1,0.318112633181126,0.393364928909953,0.613251155624037,0.297507788161994,1,1,1,0.3203125,1,0.207109737248841,1,1,1,1,0.324812030075188,1,0.313291139240506,0.332312404287902,0.674311926605505,0.303405572755418,1,0.328767123287671,0.32089552238806,0.318471337579618,1,0.311844077961019,1,0.317979197622585,0.478723404255319,0.326747720364742,0.323076923076923,0.312874251497006,1,0.317683881064163,0.303265940902022,1,1,0.318385650224215,0.303405572755418,1,0.488755622188906,0.314465408805031,0.328267477203647,0.325264750378215,0.681047765793529,1,0.301916932907348,1,0.419254658385093,0.308396946564885,0,0.877828054298643,0.311811023622047,0.317757009345794,0,0.0259938837920489,0.97869101978691,0.313364055299539,1,0.315870570107858,0.32182103610675,1,0.329268292682927,0.316279069767442,0.668721109399075,1,0.317901234567901,0.323029366306028,1,0.310606060606061,0.314375987361769,1,0.344512195121951,0.302180685358255,0.313725490196078,0.327718223583461,0.79483282674772,1,0.980061349693252,1,1,0,1,0.992458521870287,1,0.433229813664596,0.996870109546166,0.300751879699248,0.992559523809524,0.323076923076923,0.995488721804511,0.614349775784753,0.633383010432191,0.319880418535127,0.310344827586207,0.637614678899083,0.320872274143302,0,0.632621951219512,0.681047765793529,0.321266968325792,0,0.309707241910632,0.306278713629403,0.77007874015748,0.325190839694657,0.682926829268293,0.602201257861635,0.315789473684211,0.322137404580153,0.307575757575758,1,0.0279001468428781,0,0.319213313161876,0.329704510108865,0.329211746522411,1,0.33641975308642,0.315629742033384,1,0.306184012066365,0.940639269406393,0.581903276131045,1,1,0.991909385113269,0.317365269461078,0.609939759036145,0.317037037037037,0.313195548489666,0.309451219512195,0.429850746268657,1,0.308892355694228,1,0.318252730109204,0.316692667706708,1,0.309968847352025,1,0.32824427480916,1,1,0.314285714285714,0,1,0.319213313161876,1,0.553516819571865,1,0.509174311926605,1,0.550387596899225,1,0.325434439178515,1,1,1,0.309667673716012,0.321928460342146,0.307575757575758,0.353407290015848,0.335949764521193,0.309923664122137,1,0.321483771251932,1,1,0.318250377073906,0.321372854914197,0.319402985074627,0.380517503805175,0.327380952380952,1,1,0.327769347496206,0.32258064516129,0.629860031104199,0.599383667180277,0.312024353120244,0.321483771251932,1,0.309451219512195,0.317507418397626,0.993920972644377,0.306962025316456,0.31570996978852,0,0.140060240963855,0.319444444444444,0.68,0.315301391035549,0.3202416918429,0.605067064083458,0.996927803379416,0.311349693251534,1,0.317557251908397,0.345038167938931,0.314503816793893,0.472809667673716,0.313664596273292,1,0.322775263951735,0.317610062893082,0.326053042121685,0.690332326283988,1,0.324409448818898,0.318862275449102,0,0.326315789473684,0.998470948012232,0.95475113122172,1,0.316923076923077,0.319571865443425,0.320610687022901,0.5949177877429,1,0.596273291925466,0.334876543209877,1,1,0.965098634294385,0.676470588235294,0.329721362229102,0.359208523592085,0.319634703196347,0.313988095238095,1,1,0.508422664624809,0.631172839506173,1,1,0.998477929984779,0.698630136986301,1,0.329866270430906,0.686635944700461,1,0.32469512195122,0.314503816793893,0.316436251920123,0.996987951807229,1,0.647425897035881,0.323170731707317,1,1,0.329249617151608,0.310240963855422,0.998463901689708,0,0.30829420970266,0.308641975308642,0.00611620795107034,0.3125,1,0.314152410575428,1,0.148484848484848,0,0.906906906906907,0.328725038402458,1,1,0,0,0.324242424242424,1,0.310725552050473,0.998511904761905,0.313572542901716,1,0.998452012383901,0.96319018404908,0.774583963691377,1,1,0.0060882800608828,1,0.51993620414673,0.31832298136646,0.67218045112782,0.323308270676692,1,0.303353658536585,0.673813169984686,1,1,0.315217391304348,0.620178041543027,0.327300150829563,0.589424572317263,0.970496894409938,0.32469512195122,0.605783866057839,0.0138248847926267,0.303125,0.322727272727273,0.316666666666667,1,0.639269406392694,0.311550151975684,0.887171561051005,0.594637223974763,0.963636363636364,1,1,0.316358024691358,0.334890965732087,0.313572542901716,0.320726172465961,0.30781010719755,0.62555720653789,0.30804248861912,0,0.671071953010279,0.998491704374057,0.319444444444444,0.3,0.314285714285714,0.324850299401198,0.609422492401216,1,0.329803328290469,0.329704510108865,0.325984251968504,0.319571865443425,0.312210200927357,0.316614420062696,0.198198198198198,0.675465838509317,0.32398753894081,0.603293413173653,1,0.228177641653905,0.323076923076923,0.920807453416149,1,1,0.311178247734139,0.640483383685801,1,0.313161875945537,0.298921417565485,0.952160493827161,1,1,0.998422712933754,0.323795180722892,1,1,0.898617511520737,1,0.344512195121951,1,0.593700787401575,1,0.672307692307692,0.313271604938272,0.601236476043277,1,1,0.990639625585023,0.329323308270677,0.324812030075188,0.32348367029549,0.32,0.325508607198748,0.323664122137405,0.979655712050078,0.309341500765697,1,1,0.713629402756508,0,0.326807228915663,0.319634703196347,0.679817905918058,1,0.563076923076923,0.332335329341317,0.647149460708783,0.313846153846154,0.314553990610329,1,0.309341500765697,0.322169059011164,0.6890625,0.911575562700965,0.322720694645441,0.608150470219436,0.584758942457232,0.320121951219512,0.325652841781874,0.297709923664122,0.59577677224736,0.678843226788432,1,0.893682588597843,1,0.667175572519084,0.996875,0.596518987341772,0.312977099236641,0.329704510108865,1,1,0.43167701863354,0.993874425727412,0.996960486322188,1,0.314814814814815,0.324200913242009,1,0.313411078717201,0.682926829268293,0.323574730354391,0.459627329192547,0.301242236024845,0,0.308270676691729,1,1,0.592814371257485,0,0.321646341463415,0.324492979719189,0.100763358778626,0.422647527910686,1,1,0.319634703196347,1,0.418960244648318,1,0.329359165424739,0.591463414634146,0.319634703196347,0.3109375,1,0,1,0.303738317757009,0.318952234206472,1,1,1,0.431496062992126,1,0.320493066255778,0.618401206636501,0.325077399380805,0.323296354992076,0,0.0414110429447853,1,0.625766871165644,1,0.323664122137405,0.324492979719189,1,1,0.159332321699545,0.314984709480122,1,0.904977375565611,1,0.314759036144578,0.197492163009404,0.674242424242424,1,1,1,1,1,0.285280728376328,0.304821150855365,1,0.122480620155039,0,0.440422322775264,0,0.327160493827161,1,0.682515337423313,1,1,0.893939393939394,1,0.682852807283763,1,1,1,1
"518",1,1,1,1,1,1,0.698890649762282,1,1,0.101286173633441,1,0.0461538461538462,0.815457413249211,1,0.319047619047619,0.310872894333844,0.0652173913043478,0.678855325914149,1,1,0.289269051321928,0.320574162679426,1,0.164362519201229,1,0.337480559875583,0.32475884244373,1,1,0.78343949044586,0.315301391035549,0.726993865030675,0.959438377535101,0.320251177394035,0,1,0.539781591263651,1,0.304747320061256,1,0.658227848101266,0.675507020280811,0.688549618320611,1,1,0.322222222222222,0.3234375,0.313455657492355,0.328173374613003,0.340458015267176,0,1,0.322480620155039,1,1,0.505582137161085,0.562300319488818,1,1,1,0.33843797856049,0.322378716744914,0.324960753532182,0.677777777777778,1,1,0.0393081761006289,1,0.0634441087613293,0.32469512195122,1,0.324451410658307,0.331761006289308,0.963549920760697,0.510802469135803,1,0.31859756097561,0.33843797856049,1,0.31687898089172,0.0917874396135266,0.331210191082803,0.333853354134165,1,0.345736434108527,1,1,1,1,0.684049079754601,1,1,0.0015625,0.110606060606061,1,0.0481927710843374,0,1,0.5616,0.6734375,1,0.0550314465408805,0.320373250388802,1,0.32182103610675,1,0.67817896389325,1,0.323529411764706,0.325581395348837,0.327131782945736,1,0.334883720930233,1,0.483920367534456,1,0.319875776397516,0.288135593220339,0.334341906202723,0.317111459968603,0.472644376899696,0.998442367601246,0.328703703703704,0.317817014446228,1,0.311526479750779,1,1,0.317901234567901,0.552671755725191,1,0.31637519872814,1,0.0435435435435435,1,0.316998468606432,0.669230769230769,0.337984496124031,0.926605504587156,0.436507936507937,0.107309486780715,0.103235747303544,1,1,0.335413416536661,1,0.323308270676692,1,0.798449612403101,1,0.325545171339564,1,1,1,1,0.3390625,1,0.3296875,0.256211180124224,1,0.322137404580153,1,0.3125,0.0892018779342723,1,0.315457413249211,1,1,1,0.340490797546012,1,0.330173775671406,1,0.315132605304212,1,0.322378716744914,0.0783410138248848,1,0.634615384615385,1,1,0.319685039370079,1,1,1,1,0.334379905808477,0.315151515151515,1,0.998444790046656,0.327743902439024,0.310725552050473,1,0.449139280125196,0.666666666666667,0,0.331782945736434,0.659442724458204,1,0.327188940092166,1,0.998487140695915,1,0.318461538461538,0.326283987915408,0.338095238095238,1,1,1,0,1,0.31619937694704,0.968895800933126,0.327639751552795,0.316692667706708,0.758513931888545,1,1,1,1,1,0.046656298600311,0.321875,0.336377473363775,1,0.669230769230769,1,1,0.998422712933754,0.998456790123457,1,1,0.00459418070444104,0.311450381679389,1,0.311708860759494,1,0.306870229007634,1,1,1,1,1,0.326465927099842,1,0.516535433070866,0.332288401253919,0.332814930015552,0.323763955342903,0.331259720062208,0.337042925278219,0.427662957074722,0.337559429477021,0.327160493827161,0.31055900621118,1,0.322981366459627,1,0.680786686838124,0.323854660347551,0.31306990881459,0.335423197492163,1,1,1,0.255451713395639,0.313084112149533,1,0.328,0.333333333333333,0.317683881064163,0.326153846153846,0.683464566929134,1,0.330275229357798,0.325949367088608,1,0.308544303797468,1,0.315548780487805,0.320493066255778,1,1,1,0.544753086419753,1,0.67651632970451,0.0845921450151057,0.324451410658307,1,1,0.1,0.325077399380805,0.336990595611285,1,1,0.307926829268293,0.0247678018575851,0.00316957210776545,1,1,0.345092024539877,0.998449612403101,1,0.321212121212121,1,1,0.323619631901841,1,1,1,1,0.330721003134796,0.31859756097561,0.329052969502408,1,1,0.664615384615385,0.319314641744548,1,0.328746177370031,0.308892355694228,1,1,0.998482549317147,1,1,0.335949764521193,1,1,0.113924050632911,0.334855403348554,0.500780031201248,0.31219512195122,0.665109034267913,0.322085889570552,1,0.315457413249211,0.3421875,0.245083207261725,0.324159021406728,1,0.330781010719755,1,1,1,0.31104199066874,0.332317073170732,0.998439937597504,0.918789808917197,0.0650793650793651,1,0.320251177394035,0.329192546583851,0.314641744548287,1,0.334855403348554,0.463949843260188,0.331797235023041,0.318181818181818,0.323248407643312,0.305246422893482,1,0.336477987421384,1,1,0,1,0.329113924050633,1,1,1,0.336990595611285,1,0.309033280507132,1,0.830218068535826,1,1,1,0.322033898305085,1,1,0.31839258114374,0.3203125,1,1,0.31911532385466,0.191717791411043,1,0.998473282442748,1,0,0.323390894819466,1,0.317484662576687,0.246105919003115,1,0.663594470046083,0.440184049079755,1,1,0.672205438066465,0.691107644305772,0.355242566510172,1,0.327014218009479,1,1,0.342229199372057,1,0.998435054773083,0.0077639751552795,0.325581395348837,1,1,0.328050713153724,1,1,0.311216429699842,0.327188940092166,1,1,1,0.527522935779816,0.31733746130031,0.349683544303797,0.323880597014925,0.34715821812596,0.682737169517885,0.330781010719755,0.337480559875583,0.325652841781874,0.238993710691824,0.322834645669291,1,0.330804248861912,0.998442367601246,0.325545171339564,0.0865671641791045,0.0507692307692308,1,1,0.0405616224648986,1,0.673282442748092,0.0449612403100775,0.0124804992199688,1,0.671779141104294,1,1,0.554140127388535,1,0,0.0764331210191083,1,1,1,0.32807570977918,0.638392857142857,0.687400318979266,0.993788819875776,1,0.981308411214953,0.316614420062696,0.332273449920509,1,0.303459119496855,1,0.366153846153846,0.113237639553429,0.311248073959938,0.324734446130501,0.343801652892562,1,0.0830769230769231,1,1,1,0.254185692541857,0.328571428571429,1,0.33175355450237,1,1,0.313178294573643,1,0.328828828828829,1,0.316118935837246,0.322784810126582,1,0.670826833073323,0.321375186846039,1,0.321711568938193,0.76030534351145,0.320726172465961,0.166409861325116,0.327300150829563,0.762128325508607,0.31104199066874,1,0.336434108527132,0.345201238390093,0.302469135802469,1,1,1,0.962783171521036,0.334405144694534,1,0.330670926517572,1,0.329052969502408,0.318250377073906,1,1,1,0.916279069767442,1,0.329249617151608,0.327160493827161,1,1,0.0490506329113924,0.08125,1,1,0.312302839116719,1,1,0.319488817891374,1,1,0.671361502347418,0.524922118380062,1,0,1,1,0.104294478527607,0.325471698113208,1,0.324492979719189,0.998444790046656,0.960815047021944,0.998427672955975,0.81377151799687,1,0.340288924558588,1,1,1,0,0.318181818181818,1,1,0.669266770670827,1,0.326086956521739,0.363636363636364,0.321428571428571,1,1,1,0.0958904109589041,0.3296,0.0901898734177215,0.998412698412698,0.315301391035549,0.309006211180124,0.351014040561622,0,1,0.954128440366973,1,1,0.337984496124031,0.313664596273292,0.160125588697017,0.0421875,0.330232558139535,0.32093023255814,0.333846153846154,0.00157728706624606,0.317411402157165,1,0,0.322085889570552,1,1,1,0.323664122137405,0.329268292682927,0.0401929260450161,1,0.31875,0.317901234567901,1,1,0.326656394453005,0.685575364667747,1,1,0.685714285714286,1,0.313455657492355,1,0.324492979719189,0.525267993874426,0.663608562691132,0.418320610687023,1,0.308755760368664,0.322429906542056,0.675465838509317,0.66,1,0.326687116564417,1,0.337367624810893,1,0.325,0.3234375,0.352755905511811,0.5203125,0.327014218009479,0.320251177394035,0.656923076923077,0.316846986089645,0.152979066022544,1,0,1,0.299684542586751,1,0,0.327073552425665,0.318611987381703,1,0.0586466165413534,1,0.0923317683881064,0.342767295597484,1,0.0653495440729483,0.666666666666667,1,1,1,0.309562398703404,0.0415384615384615,1,0.434984520123839,0.103338632750397,0.355283307810107,0.328220858895706,0.331797235023041,1,1,1,1,1,0.0656488549618321,0.995454545454545,0.683812405446294,0.00452488687782805,0.328682170542636,1,1,1,1,0.089922480620155,0.32,1,1,1,1,1,1,0.485407066052227,0.00158478605388273,1,0.087962962962963,0.322429906542056,0.430124223602484,1,0.407582938388626,0.314424635332253,0.32093023255814,1,0.0419906687402799,0.326153846153846,1,1,0.377777777777778,0.317411402157165,0.312883435582822,0.321086261980831,0.998452012383901,0.328593996840442,0.324074074074074,0.431279620853081,0.3265625,0.972179289026275,0.31969696969697,0.0850393700787402,0.336492890995261,0,1,0.0920634920634921,0.320754716981132,0.324451410658307,0.315707620528771,1,1,1,1,1,1,0.348101265822785,1,0.322378716744914,0.317957166392092,0.599071207430341,0.671949286846276,1,1,0,0.32375189107413,0.128682170542636,0.998482549317147,0.0388198757763975,1,1,0.315457413249211,1,1,0.632075471698113,0.424878836833603,0.995562130177515,0.0832025117739403,0.102848101265823,1,1,1,0.0890937019969278,0,0.325153374233129,0.425867507886435,0.328746177370031,0,0.333333333333333,0.0913312693498452,1,1,0.327692307692308,0.322085889570552,0.243369734789392,0.343354430379747,0.31306990881459,0.32348367029549,1,1,0.333333333333333,1,0,1,0.227488151658768,1,0.675883256528418,1,0.32262996941896,0.311004784688995,0.0772797527047913,0.677177177177177,1,1,0.769230769230769,0.906602254428341,0.322222222222222,0.325358851674641,1,0.32398753894081,0.250391236306729,0.329093799682035,1,0.1112828438949,1,1,0.320987654320988,0.674085850556439,0.314465408805031,1,1,0.313846153846154,0.311424100156495,0.319508448540707,0.86031746031746,0.329153605015674,1,0.0582822085889571,1,1,0.692780337941628,0.649068322981366,0.330097087378641,0.0563380281690141,0.328682170542636,1,1,0.315541601255887,0.335433070866142,0.619565217391304,1,0.314503816793893,0.385321100917431,0.313364055299539,0.987748851454824,0.472353870458136,0.0046875,0.313178294573643,0.331775700934579,0.337559429477021,0.326984126984127,0.320552147239264,0.968133535660091,1,0.322480620155039,0.542673107890499,0.680952380952381,0.225460122699387,0.6768,1,0.327131782945736,0.00312989045383412,0.3375,0.320872274143302,0.373660030627871,0.331230283911672,0,0.336405529953917,0.325949367088608,0.332805071315372,0.320813771517997
"519",1,1,1,1,1,1,0.698697068403909,1,1,0.098705501618123,1,0.0454545454545455,0.810810810810811,1,0.3216,0.310236220472441,0.0604651162790698,0.688225538971808,1,1,0.290015847860539,0.322632423756019,1,0.154818325434439,1,0.3296875,0.317512274959083,1,1,0.794212218649518,0.30622009569378,0.735849056603774,0.965299684542587,0.310789049919485,0,1,0.543720190779014,1,0.299065420560748,1,0.671451355661882,0.685714285714286,0.699367088607595,1,1,0.314935064935065,0.305732484076433,0.30564263322884,0.315625,0.322981366459627,0,1,0.307570977917981,1,1,0.502446982055465,0.557692307692308,1,1,1,0.326530612244898,0.316129032258064,0.318037974683544,0.682108626198083,1,1,0.037156704361874,1,0.0572755417956656,0.3171875,1,0.320126782884311,0.327841845140033,0.964516129032258,0.505546751188589,1,0.310344827586207,0.338582677165354,1,0.314754098360656,0.0872374798061389,0.322734499205087,0.323671497584541,1,0.33968253968254,1,1,1,1,0.686915887850467,1,1,0,0.106858054226475,1,0.046801872074883,0,1,0.570951585976628,0.679092382495948,1,0.0544,0.311708860759494,1,0.304,1,0.690590111642743,1,0.312796208530806,0.322834645669291,0.32120253164557,1,0.326433121019108,1,0.483076923076923,1,0.31139646869984,0.293650793650794,0.32,0.319935691318328,0.47444089456869,0.998415213946117,0.316614420062696,0.317230273752013,1,0.303937007874016,1,1,0.330708661417323,0.549770290964778,1,0.308562197092084,1,0.0458015267175573,1,0.312210200927357,0.677725118483412,0.327014218009479,0.932148626817447,0.430441898527005,0.103833865814696,0.0963081861958267,1,1,0.333333333333333,1,0.314641744548287,1,0.812893081761006,1,0.329545454545455,1,1,1,1,0.328025477707006,1,0.323101777059774,0.25511811023622,1,0.312599681020734,1,0.294952681388013,0.0866013071895425,1,0.307568438003221,1,1,1,0.338557993730408,1,0.326923076923077,1,0.306962025316456,1,0.31629392971246,0.0737833594976452,1,0.637254901960784,1,1,0.317666126418152,1,1,1,1,0.324717285945073,0.314873417721519,1,0.998407643312102,0.31496062992126,0.306946688206785,1,0.441497659906396,0.668730650154799,0,0.31687898089172,0.66984126984127,1,0.325545171339564,1,0.998432601880878,1,0.312202852614897,0.316279069767442,0.330658105939005,1,1,1,0,1,0.3,0.97444089456869,0.3248,0.304975922953451,0.734375,1,1,1,1,1,0.0444444444444444,0.314102564102564,0.332302936630603,1,0.68503937007874,1,1,0.998407643312102,0.998422712933754,1,1,0.00316455696202532,0.321928460342146,1,0.305921052631579,1,0.304625199362041,1,1,1,1,1,0.321144674085851,1,0.521394611727417,0.325396825396825,0.323664122137405,0.307568438003221,0.324281150159744,0.3296,0.42741935483871,0.333333333333333,0.316957210776545,0.309033280507132,1,0.322528363047002,1,0.684952978056426,0.320388349514563,0.314728682170543,0.330143540669856,1,1,1,0.260663507109005,0.311320754716981,1,0.320512820512821,0.32182103610675,0.311004784688995,0.313971742543171,0.679611650485437,1,0.322429906542056,0.309061488673139,1,0.300986842105263,1,0.304416403785489,0.308681672025723,1,1,1,0.53968253968254,1,0.687797147385103,0.0850077279752705,0.317741935483871,1,1,0.0940438871473354,0.320813771517997,0.327361563517915,1,1,0.306477093206951,0.0253565768621236,0.00323624595469256,1,1,0.332278481012658,0.998427672955975,1,0.310725552050473,1,1,0.325396825396825,1,1,1,1,0.329011345218801,0.308049535603715,0.328455284552846,1,1,0.674528301886792,0.318327974276527,1,0.321928460342146,0.30173775671406,1,1,0.998447204968944,1,1,0.321711568938193,1,1,0.106209150326797,0.337480559875583,0.488924050632911,0.314102564102564,0.6688,0.319444444444444,1,0.311290322580645,0.329133858267717,0.258215962441315,0.317535545023697,1,0.327160493827161,1,1,1,0.311793214862682,0.32348367029549,0.998430141287284,0.925686591276252,0.0593900481540931,1,0.316692667706708,0.31973898858075,0.313311688311688,1,0.322429906542056,0.460420032310178,0.320574162679426,0.304761904761905,0.320846905537459,0.305958132045089,1,0.317741935483871,1,1,0,1,0.323854660347551,1,1,1,0.322632423756019,1,0.307443365695793,1,0.838304552590267,1,1,1,0.312989045383412,1,1,0.314696485623003,0.308056872037915,1,1,0.316614420062696,0.183673469387755,1,0.998435054773083,1,0,0.308917197452229,1,0.307324840764331,0.25,1,0.681818181818182,0.434715821812596,1,1,0.681957186544342,0.701112877583466,0.340157480314961,1,0.323296354992076,1,1,0.330143540669856,1,0.998402555910543,0.00635930047694754,0.320512820512821,1,1,0.321656050955414,1,1,0.301612903225806,0.32967032967033,1,1,1,0.534883720930233,0.309375,0.340157480314961,0.31441717791411,0.330683624801272,0.677367576243981,0.32967032967033,0.328025477707006,0.31974921630094,0.238473767885533,0.322006472491909,1,0.313880126182965,0.998392282958199,0.314375987361769,0.0817901234567901,0.0499219968798752,1,1,0.0396196513470681,1,0.677621283255086,0.041335453100159,0.0113268608414239,1,0.684713375796178,1,1,0.547811993517018,1,0,0.0754098360655738,1,1,1,0.322061191626409,0.653495440729483,0.696869851729819,0.995260663507109,1,0.9858934169279,0.300476947535771,0.324451410658307,1,0.301765650080257,1,0.374407582938389,0.103225806451613,0.313880126182965,0.314241486068111,0.320338983050847,1,0.0839813374805599,1,1,1,0.258461538461538,0.321027287319422,1,0.312399355877617,1,1,0.31937984496124,1,0.323619631901841,1,0.312893081761006,0.323717948717949,1,0.683523654159869,0.313178294573643,1,0.310569105691057,0.777602523659306,0.316998468606432,0.159126365054602,0.320493066255778,0.774193548387097,0.304065040650407,1,0.328571428571429,0.333333333333333,0.289099526066351,1,1,1,0.96843853820598,0.336092715231788,1,0.324193548387097,1,0.316749585406302,0.321372854914197,1,1,1,0.91866028708134,1,0.308544303797468,0.322932917316693,1,1,0.0460526315789474,0.0786516853932584,1,1,0.298869143780291,1,1,0.305863708399366,1,1,0.675118858954041,0.530674846625767,1,0,1,1,0.0998439937597504,0.320063694267516,1,0.31378763866878,0.998397435897436,0.968954248366013,0.998384491114701,0.824088748019017,1,0.32569558101473,1,1,1,0,0.315270935960591,1,1,0.675118858954041,1,0.317817014446228,0.367088607594937,0.33015873015873,1,1,1,0.0909090909090909,0.32183908045977,0.0910569105691057,0.998397435897436,0.309262166405024,0.3125,0.355450236966825,0,1,0.958730158730159,1,1,0.324237560192616,0.300623052959502,0.155591572123177,0.0366826156299841,0.31687898089172,0.3072,0.331761006289308,0,0.31637519872814,1,0,0.317610062893082,1,1,1,0.316118935837246,0.315132605304212,0.0362438220757825,1,0.315533980582524,0.3109375,1,1,0.314873417721519,0.691399662731872,1,1,0.693910256410256,1,0.301261829652997,1,0.315960912052117,0.521193092621664,0.676100628930818,0.395705521472393,1,0.294025157232704,0.316957210776545,0.67879746835443,0.658423493044822,1,0.332278481012658,1,0.322932917316693,1,0.317307692307692,0.306451612903226,0.351735015772871,0.522906793048973,0.314516129032258,0.312703583061889,0.667721518987342,0.311111111111111,0.148514851485149,1,0,1,0.294022617124394,1,0,0.3184,0.312803889789303,1,0.0540958268933539,1,0.0852090032154341,0.337060702875399,1,0.063391442155309,0.666139240506329,1,1,1,0.306425041186161,0.0372670807453416,1,0.434920634920635,0.100649350649351,0.353582554517134,0.322327044025157,0.32753164556962,1,1,1,1,1,0.0605590062111801,0.995327102803738,0.687106918238994,0.00306278713629403,0.31911532385466,1,1,1,1,0.0842607313195548,0.315625,1,1,1,1,1,1,0.479750778816199,0,1,0.0842433697347894,0.320126782884311,0.431496062992126,1,0.391162029459902,0.314569536423841,0.316455696202532,1,0.0423197492163009,0.312989045383412,1,1,0.368589743589744,0.31875,0.316720257234727,0.320785597381342,0.998430141287284,0.320388349514563,0.318611987381703,0.411392405063291,0.3248,0.97045101088647,0.315384615384615,0.0801963993453355,0.322115384615385,0,1,0.0890302066772655,0.307568438003221,0.325320512820513,0.314606741573034,1,1,1,1,1,1,0.324717285945073,1,0.307814992025518,0.315789473684211,0.600624024960998,0.682692307692308,1,1,0,0.313178294573643,0.11198738170347,0.998442367601246,0.0380348652931854,1,1,0.316558441558442,1,1,0.6304,0.413907284768212,0.995481927710843,0.0795454545454545,0.0966183574879227,1,1,1,0.0861244019138756,0,0.31619937694704,0.420382165605096,0.312989045383412,0,0.321428571428571,0.0863192182410423,1,1,0.321875,0.318979266347687,0.24232633279483,0.331699346405229,0.312401883830455,0.320754716981132,1,1,0.324149108589951,1,0,1,0.220064724919094,1,0.679245283018868,1,0.314785373608903,0.296900489396411,0.0758293838862559,0.678125,1,1,0.784911717495987,0.901453957996769,0.319935691318328,0.321782178217822,1,0.321543408360129,0.257911392405063,0.320785597381342,1,0.106012658227848,1,1,0.314375987361769,0.676567656765677,0.308917197452229,1,1,0.299684542586751,0.303030303030303,0.319938176197836,0.864516129032258,0.3104,1,0.0533751962323391,1,1,0.700787401574803,0.65112540192926,0.321311475409836,0.0521172638436482,0.32018927444795,1,1,0.301458670988655,0.329617834394904,0.610492845786963,1,0.307086614173228,0.3671875,0.308176100628931,0.98740157480315,0.46839546191248,0.00157728706624606,0.302362204724409,0.31839258114374,0.327922077922078,0.310344827586207,0.322480620155039,0.971875,1,0.311216429699842,0.537067545304778,0.681818181818182,0.234248788368336,0.696223316912972,1,0.323248407643312,0.00323101777059774,0.323248407643312,0.311811023622047,0.362776025236593,0.318181818181818,0,0.338735818476499,0.317891373801917,0.318032786885246,0.314194577352472
"520",1,1,1,1,1,1,0.7140625,1,1,0.0935023771790808,1,0.0409711684370258,0.823712948517941,1,0.314329738058552,0.305555555555556,0.0574886535552194,0.689320388349515,1,1,0.286153846153846,0.309006211180124,1,0.146153846153846,1,0.321156773211568,0.314728682170543,1,1,0.781733746130031,0.303759398496241,0.727272727272727,0.963525835866261,0.309968847352025,0,1,0.532307692307692,1,0.303254437869822,1,0.669242658423493,0.680428134556575,0.697289156626506,1,1,0.320987654320988,0.313455657492355,0.304932735426009,0.318318318318318,0.323308270676692,0,1,0.305936073059361,1,1,0.492211838006231,0.542452830188679,1,1,1,0.330289193302892,0.315217391304348,0.312210200927357,0.679012345679012,1,1,0.0337941628264209,1,0.0537313432835821,0.324200913242009,1,0.322775263951735,0.324324324324324,0.965299684542587,0.506870229007634,1,0.304477611940298,0.334346504559271,1,0.317891373801917,0.0854430379746835,0.327160493827161,0.326656394453005,1,0.339506172839506,1,1,1,1,0.700152207001522,1,1,0,0.100609756097561,1,0.0433482810164425,0,1,0.554330708661417,0.68167701863354,1,0.0506912442396313,0.31055900621118,1,0.312404287901991,1,0.690548780487805,1,0.312693498452012,0.314900153609831,0.318112633181126,1,0.320300751879699,1,0.475699558173785,1,0.310502283105023,0.291044776119403,0.315315315315315,0.313178294573643,0.480122324159021,1,0.318181818181818,0.3109375,1,0.307110438729198,1,1,0.321156773211568,0.535338345864662,1,0.310185185185185,1,0.0381231671554252,1,0.312121212121212,0.68133535660091,0.333843797856049,0.934351145038168,0.421303656597774,0.0966257668711656,0.0914728682170543,1,1,0.327131782945736,1,0.32078313253012,1,0.813455657492355,1,0.3234375,1,1,1,1,0.329738058551618,1,0.314152410575428,0.249235474006116,1,0.312121212121212,1,0.297971918876755,0.0819165378670788,1,0.312597200622084,1,1,1,0.339449541284404,1,0.324615384615385,1,0.30030959752322,1,0.31104199066874,0.0709969788519638,1,0.638535031847134,1,1,0.31055900621118,1,1,1,1,0.324492979719189,0.311649016641452,1,1,0.315868263473054,0.296529968454259,1,0.442073170731707,0.664705882352941,0,0.317972350230415,0.676783004552352,1,0.318796992481203,1,1,1,0.317293233082707,0.315068493150685,0.320251177394035,1,1,1,0,1,0.300632911392405,0.975794251134644,0.318885448916409,0.306376360808709,0.741641337386018,1,1,1,1,1,0.0385802469135802,0.314241486068111,0.326219512195122,1,0.682370820668693,1,1,0.998466257668712,1,1,1,0.00305343511450382,0.307121661721068,1,0.305772230889236,1,0.298761609907121,1,1,1,1,1,0.32093023255814,1,0.510869565217391,0.312788906009245,0.315233785822021,0.307931570762053,0.31832298136646,0.317901234567901,0.41304347826087,0.324655436447167,0.314728682170543,0.305343511450382,1,0.318885448916409,1,0.686656671664168,0.312977099236641,0.304804804804805,0.327131782945736,1,1,1,0.25,0.301684532924962,1,0.326594090202177,0.31981981981982,0.315950920245399,0.31784107946027,0.684615384615385,1,0.316890881913303,0.31832298136646,1,0.2992,1,0.306060606060606,0.314329738058552,1,1,1,0.526073619631902,1,0.693846153846154,0.0764705882352941,0.317901234567901,1,1,0.0882800608828006,0.319148936170213,0.324409448818898,1,1,0.298798798798799,0.0198776758409786,0.00313971742543171,1,1,0.330827067669173,1,1,0.310606060606061,1,1,0.315548780487805,1,1,1,1,0.321372854914197,0.31314623338257,0.322274881516588,1,1,0.677272727272727,0.314900153609831,1,0.311649016641452,0.294207317073171,1,1,1,1,1,0.315384615384615,1,1,0.100470957613815,0.327743902439024,0.47360248447205,0.308049535603715,0.674311926605505,0.313725490196078,1,0.304482225656878,0.330769230769231,0.253030303030303,0.315315315315315,1,0.324483775811209,1,1,1,0.307931570762053,0.314674735249622,1,0.933649289099526,0.057542768273717,1,0.30781010719755,0.313479623824451,0.308641975308642,1,0.325264750378215,0.459876543209877,0.327718223583461,0.30381679389313,0.309636650868878,0.308641975308642,1,0.321483771251932,1,1,0,1,0.317411402157165,1,1,1,0.328703703703704,1,0.306729264475743,1,0.837423312883436,1,1,1,0.31039755351682,1,1,0.305471124620061,0.305084745762712,1,1,0.308527131782946,0.183890577507599,1,1,1,0,0.309859154929577,1,0.311827956989247,0.241486068111455,1,0.678787878787879,0.437593984962406,1,1,0.680597014925373,0.703875968992248,0.338957055214724,1,0.313664596273292,1,1,0.328149300155521,1,1,0.00307692307692308,0.322981366459627,1,1,0.313178294573643,1,1,0.311145510835913,0.327300150829563,1,1,1,0.540334855403349,0.303543913713405,0.335913312693498,0.317910447761194,0.327743902439024,0.689335394126739,0.321646341463415,0.31866464339909,0.316590563165906,0.230652503793627,0.309033280507132,1,0.317771084337349,1,0.312788906009245,0.08,0.0458715596330275,1,1,0.0353302611367127,1,0.686274509803922,0.0383435582822086,0.00611620795107034,1,0.682170542635659,1,1,0.530959752321981,1,0,0.065625,1,1,1,0.31875,0.646198830409357,0.698564593301435,0.992458521870287,1,0.990811638591118,0.305084745762712,0.321100917431193,1,0.304953560371517,1,0.367223065250379,0.0971786833855799,0.301857585139319,0.307228915662651,0.328502415458937,1,0.0746268656716418,1,1,1,0.253414264036419,0.319182389937107,1,0.31924882629108,1,1,0.309774436090226,1,0.318518518518519,1,0.30521472392638,0.320373250388802,1,0.680851063829787,0.315789473684211,1,0.311111111111111,0.761171032357473,0.31044776119403,0.146706586826347,0.316417910447761,0.771251931993818,0.304821150855365,1,0.318042813455657,0.334841628959276,0.291981845688351,1,1,1,0.974358974358974,0.333333333333333,1,0.316535433070866,1,0.314785373608903,0.319402985074627,1,1,1,0.921658986175115,1,0.30849478390462,0.31441717791411,1,1,0.0469483568075117,0.0762052877138414,1,1,0.3140625,1,1,0.312883435582822,1,1,0.681470137825421,0.523952095808383,1,0,1,1,0.0913173652694611,0.320121951219512,1,0.325190839694657,1,0.965625,1,0.827272727272727,1,0.327586206896552,1,1,1,0,0.302694136291601,1,1,0.679506933744222,1,0.320061255742726,0.360983102918587,0.312788906009245,1,1,1,0.0851063829787234,0.322834645669291,0.0839936608557845,1,0.305970149253731,0.306278713629403,0.35375191424196,0,1,0.959090909090909,1,1,0.313755795981453,0.305263157894737,0.148902821316614,0.0348484848484849,0.313364055299539,0.30757341576507,0.321156773211568,0,0.306625577812018,1,0,0.318385650224215,1,1,1,0.308383233532934,0.317293233082707,0.0347551342812006,1,0.317073170731707,0.308623298033283,1,1,0.317411402157165,0.690821256038647,1,1,0.697852760736196,1,0.306184012066365,1,0.315870570107858,0.518237082066869,0.677321156773212,0.397360703812317,1,0.299410029498525,0.309341500765697,0.685887708649469,0.668693009118541,1,0.317557251908397,1,0.318385650224215,1,0.313271604938272,0.310344827586207,0.356374807987711,0.512232415902141,0.320433436532508,0.29922480620155,0.672839506172839,0.31570996978852,0.137715179968701,1,0,1,0.295031055900621,1,0,0.31733746130031,0.311424100156495,1,0.0505952380952381,1,0.0820433436532508,0.337480559875583,1,0.0580152671755725,0.673282442748092,1,1,1,0.3056,0.036036036036036,1,0.42967542503864,0.0867507886435331,0.35187969924812,0.311746987951807,0.324242424242424,1,1,1,1,1,0.0608308605341246,0.996965098634294,0.688821752265861,0.0029673590504451,0.327743902439024,1,1,1,1,0.0858895705521472,0.309667673716012,1,1,1,1,1,1,0.470588235294118,0,1,0.0775075987841945,0.314024390243902,0.437116564417178,1,0.391304347826087,0.3088,0.309923664122137,1,0.0381679389312977,0.317411402157165,1,1,0.367127496159754,0.303030303030303,0.305343511450382,0.316692667706708,1,0.3203125,0.32370820668693,0.408385093167702,0.31651376146789,0.975720789074355,0.305389221556886,0.0782472613458529,0.321646341463415,0,1,0.0841121495327103,0.299373040752351,0.311728395061728,0.3125,1,1,1,1,1,1,0.328660436137072,1,0.312693498452012,0.313628899835796,0.592424242424242,0.684210526315789,1,1,0,0.312217194570136,0.112480739599384,1,0.031201248049922,1,1,0.313178294573643,1,1,0.605678233438486,0.406940063091483,0.995607613469985,0.0763239875389408,0.0945736434108527,1,1,1,0.0819423368740516,0,0.318250377073906,0.43010752688172,0.311649016641452,0,0.321316614420063,0.0854430379746835,1,1,0.317771084337349,0.318042813455657,0.236842105263158,0.330733229329173,0.309451219512195,0.31866464339909,1,1,0.317829457364341,1,0,1,0.21875,1,0.684129429892142,1,0.309451219512195,0.308056872037915,0.0711043872919818,0.678247734138973,1,1,0.8,0.889240506329114,0.316436251920123,0.311526479750779,1,0.311728395061728,0.249609984399376,0.311424100156495,1,0.0943683409436834,1,1,0.318112633181126,0.686028257456829,0.305379746835443,1,1,0.305343511450382,0.309597523219814,0.311278195488722,0.849293563579278,0.31104199066874,1,0.0540958268933539,1,1,0.699551569506726,0.643518518518518,0.316720257234727,0.0492307692307692,0.31619937694704,1,1,0.3125,0.329133858267717,0.617511520737327,1,0.307228915662651,0.371775417298938,0.311377245508982,0.981818181818182,0.470588235294118,0,0.311278195488722,0.319940476190476,0.322981366459627,0.312401883830455,0.317629179331307,0.974320241691843,1,0.312594840667678,0.547770700636943,0.687888198757764,0.23216995447648,0.693548387096774,1,0.321100917431193,0.00311526479750779,0.325153374233129,0.309230769230769,0.364723467862481,0.315132605304212,0,0.327217125382263,0.312401883830455,0.324492979719189,0.308282208588957
"521",0.916398713826367,0.91875,0.924882629107981,0.927536231884058,0.919811320754717,0.92018779342723,0.634340222575517,0.919303797468354,0.919003115264797,0.0112721417069243,0.922720247295209,0.0341614906832298,0.888178913738019,0.923930269413629,0.376395534290271,0.3801261829653,0.0187793427230047,0.619439868204283,0.915470494417863,0.923930269413629,0.369905956112853,0.370662460567823,0.91601866251944,0.0835913312693498,0.906727828746177,0.405023547880691,0.386731391585761,0.920065252854812,0.912307692307692,0.842105263157895,0.373626373626374,0.80625,0.939721792890263,0.382945736434109,0.0713153724247227,0.913680781758958,0.455676516329705,0.92093023255814,0.36697247706422,0.913713405238829,0.593406593406593,0.617054263565891,0.615267175572519,0.918110236220472,0.9136,0.394276629570747,0.386792452830189,0.384024577572965,0.387096774193548,0.402777777777778,0.0815047021943574,0.921474358974359,0.384136858475894,0.923076923076923,0.912772585669782,0.563981042654028,0.486486486486487,0.92246835443038,0.910077519379845,0.923566878980892,0.402457757296467,0.389589905362776,0.385714285714286,0.609448818897638,0.909238249594814,0.910355486862442,0.0363924050632911,0.918367346938776,0.013595166163142,0.394495412844037,0.922600619195046,0.3859375,0.40194489465154,0.882352941176471,0.444790046656299,0.921686746987952,0.372670807453416,0.403076923076923,0.922480620155039,0.384863123993559,0.00813008130081301,0.390822784810127,0.388802488335925,0.914596273291925,0.410174880763116,0.920852359208524,0.920382165605096,0.920760697305864,0.918876755070203,0.615146831530139,0.918918918918919,0.925190839694657,0.0748829953198128,0.0093603744149766,0.92845786963434,0.0336906584992343,0.0764331210191083,0.922137404580153,0.486042692939245,0.613057324840764,0.917316692667707,0.0253565768621236,0.381102362204724,0.909677419354839,0.383886255924171,0.923076923076923,0.625786163522013,0.91692789968652,0.396196513470681,0.381703470031546,0.401225114854518,0.916666666666667,0.390282131661442,0.917445482866044,0.417818740399386,0.916030534351145,0.384012539184953,0.217527386541471,0.390432098765432,0.391167192429022,0.4125,0.91499227202473,0.387345679012346,0.386473429951691,0.927580893682589,0.376160990712074,0.924924924924925,0.919254658385093,0.245341614906832,0.447166921898928,0.921725239616613,0.384858044164038,0.92515923566879,0.0347432024169184,0.928802588996764,0.386748844375963,0.604651162790698,0.399075500770416,0.976489028213166,0.351701782820097,0.00949367088607595,0.0094488188976378,0.919937205651491,0.920065252854812,0.397435897435897,0.92246835443038,0.383435582822086,0.916535433070866,0.87906976744186,0.916413373860182,0.391167192429022,0.929245283018868,0.918962722852512,0.914421553090333,0.928012519561815,0.406645569620253,0.908227848101266,0.389423076923077,0.167711598746081,0.921658986175115,0.384259259259259,0.911719939117199,0.374213836477987,0.00631911532385466,0.926868044515103,0.387820512820513,0.908805031446541,0.914241960183767,0.91304347826087,0.402457757296467,0.9140625,0.391785150078989,0.923930269413629,0.38755980861244,0.918433931484502,0.393026941362916,0.00464396284829721,0.919254658385093,0.562300319488818,0.92109500805153,0.914826498422713,0.377742946708464,0.920807453416149,0.918495297805643,0.913978494623656,0.922360248447205,0.384136858475894,0.387442572741194,0.914516129032258,0.919811320754717,0.386259541984733,0.369327073552426,0.91937984496124,0.3734375,0.599695585996956,0.0846394984326019,0.38871473354232,0.60031847133758,0.923317683881064,0.393241167434716,0.927099841521395,0.922256097560976,0.927899686520376,0.381026438569207,0.382945736434109,0.390322580645161,0.91324200913242,0.918138041733547,0.925349922239502,0.0760697305863708,0.914196567862715,0.377567140600316,0.948356807511737,0.389324960753532,0.389324960753532,0.670769230769231,0.921011058451817,0.914196567862715,0.919558359621451,0.915756630265211,0.927099841521395,0.0436817472698908,0.392744479495268,0.38863287250384,0.919629057187017,0.611801242236025,0.917304747320061,0.912121212121212,0.912772585669782,0.913312693498452,0.924409448818898,0.917808219178082,0.0832025117739403,0.227202472952087,0.917829457364341,0.383252818035427,0.922834645669291,0.377535101404056,0.920807453416149,0.9168,0.928012519561815,0.919093851132686,0.9152,0.397476340694006,0.917573872472784,0.589984350547731,0.40251572327044,0.405909797822706,0.382022471910112,0.39776357827476,0.403815580286169,0.329581993569132,0.404423380726698,0.3921875,0.388198757763975,0.915773353751914,0.39937106918239,0.922098569157393,0.621004566210046,0.38390092879257,0.226502311248074,0.40282131661442,0.917460317460317,0.922712933753943,0.917851500789889,0.174050632911392,0.371473354231975,0.926216640502355,0.394654088050314,0.394736842105263,0.375394321766562,0.377125193199382,0.60952380952381,0.92246835443038,0.388888888888889,0.380348652931854,0.919558359621451,0.373608903020668,0.916158536585366,0.386605783866058,0.37914691943128,0.917981072555205,0.919175911251981,0.921383647798742,0.464788732394366,0.915470494417863,0.614779874213837,0.00455235204855842,0.388976377952756,0.915123456790123,0.925750394944708,0.0093167701863354,0.394654088050314,0.3952,0.922950819672131,0.920634920634921,0.383280757097792,0.0546021840873635,0.080188679245283,0.916398713826367,0.921440261865794,0.403669724770642,0.918238993710692,0.914027149321267,0.374613003095975,0.918918918918919,0.919629057187017,0.386996904024768,0.923809523809524,0.922098569157393,0.919003115264797,0.915492957746479,0.397174254317111,0.376923076923077,0.386217948717949,0.924409448818898,0.917460317460317,0.610248447204969,0.390822784810127,0.928,0.381538461538462,0.374608150470219,0.918836140888208,0.919083969465649,0.922360248447205,0.921507064364207,0.91692789968652,0.39906103286385,0.914826498422713,0.917981072555205,0.0211038961038961,0.391768292682927,0.401253918495298,0.379585326953748,0.611023622047244,0.386792452830189,0.919575113808801,0.375196232339089,0.39776357827476,0.180685358255452,0.385802469135802,0.918269230769231,0.391705069124424,0.912280701754386,0.921135646687697,0.919504643962848,0.376971608832808,0.387786259541985,0.921752738654147,0.992012779552716,0.0256821829855538,0.916006339144215,0.383647798742138,0.392,0.375198728139905,0.927184466019418,0.385692068429238,0.39622641509434,0.401883830455259,0.384615384615385,0.385350318471338,0.369426751592357,0.929555895865237,0.39873417721519,0.925324675324675,0.926751592356688,0.0737833594976452,0.921474358974359,0.40282131661442,0.912363067292645,0.920731707317073,0.917609046849758,0.391785150078989,0.921417565485362,0.379585326953748,0.915902140672783,0.90521327014218,0.913112164296998,0.916932907348243,0.916537867078825,0.377742946708464,0.931637519872814,0.916139240506329,0.379905808477237,0.384735202492212,0.924764890282132,0.921135646687697,0.380434782608696,0.103610675039246,0.915857605177994,0.924031007751938,0.921417565485362,0.0832025117739403,0.379746835443038,0.920711974110032,0.384375,0.167464114832536,0.923566878980892,0.605304212168487,0.499229583975347,0.915993537964459,0.921630094043887,0.602698650674663,0.627943485086342,0.420472440944882,0.918876755070203,0.396551724137931,0.908805031446541,0.922824302134647,0.392914653784219,0.91937984496124,0.916139240506329,0.0693374422187981,0.3950233281493,0.919003115264797,0.920886075949367,0.39652448657188,0.919504643962848,0.922953451043339,0.380417335473515,0.256651017214397,0.921135646687697,0.921417565485362,0.92246835443038,0.606531881804043,0.380434782608696,0.380655226209048,0.384848484848485,0.394366197183099,0.610410094637224,0.404320987654321,0.404320987654321,0.386503067484663,0.155905511811024,0.387045813586098,0.920367534456355,0.39453717754173,0.918238993710692,0.382075471698113,0.00153139356814701,0.0321592649310873,0.919129082426128,0.914596273291925,0.037914691943128,0.923566878980892,0.618604651162791,0.0341085271317829,0.0686900958466454,0.918622848200313,0.623456790123457,0.91640866873065,0.91937984496124,0.445497630331754,0.92093023255814,0.0771604938271605,0,0.921011058451817,0.91324200913242,0.909937888198758,0.394568690095847,0.575528700906344,0.633279483037157,0.904468412942989,0.922955974842767,0.948356807511737,0.374608150470219,0.266982622432859,0.916537867078825,0.375198728139905,0.926040061633282,0.438184663536776,0.0171606864274571,0.37442218798151,0.383107088989442,0.398333333333333,0.919083969465649,0.00310077519379845,0.909365558912387,0.923948220064725,0.918876755070203,0.172573189522342,0.400318979266348,0.90894819466248,0.374203821656051,0.922098569157393,0.917741935483871,0.381901840490798,0.919354838709677,0.384615384615385,0.919303797468354,0.374608150470219,0.387045813586098,0.913928012519562,0.61244019138756,0.389984825493171,0.926100628930818,0.377388535031847,0.823161189358372,0.384615384615385,0.0744186046511628,0.382621951219512,0.852380952380952,0.371835443037975,0.903225806451613,0.396825396825397,0.408320493066256,0.358578052550232,0.918495297805643,0.920508744038156,0.923780487804878,0.949346405228758,0.262214983713355,0.917573872472784,0.388625592417062,0.920886075949367,0.386138613861386,0.380517503805175,0.916279069767442,0.91866028708134,0.921658986175115,1,0.915514592933948,0.382262996941896,0.378670788253478,0.927131782945736,0.926634768740032,0.0252764612954186,0,0.921630094043887,0.918918918918919,0.389324960753532,0.912974683544304,0.925190839694657,0.378335949764521,0.911003236245955,0.911214953271028,0.613104524180967,0.461897356143079,0.925632911392405,0.0736842105263158,0.918238993710692,0.9140625,0.0091324200913242,0.384012539184953,0.916139240506329,0.394409937888199,0.91588785046729,0.960380348652932,0.915227629513344,0.901716068642746,0.917981072555205,0.381729200652529,0.923317683881064,0.92741935483871,0.913875598086124,0.0773993808049536,0.384364820846906,0.932367149758454,0.91588785046729,0.60410094637224,0.915123456790123,0.383411580594679,0.438080495356037,0.393135725429017,0.9258114374034,0.924031007751938,0.912698412698413,0.00617283950617284,0.392,0.0032,0.921259842519685,0.372854914196568,0.377329192546584,0.438271604938272,0.0777777777777778,0.925039872408293,0.963949843260188,0.914196567862715,0.918960244648318,0.389671361502347,0.384732824427481,0.0839936608557845,0.03486529318542,0.384012539184953,0.38740157480315,0.39906103286385,0.07223113964687,0.37914691943128,0.922839506172839,0.0804416403785489,0.390505359877489,0.91692789968652,0.912087912087912,0.919558359621451,0.389489953632148,0.384024577572965,0.0323624595469256,0.924764890282132,0.375786163522013,0.371340523882897,0.911949685534591,0.908950617283951,0.390822784810127,0.628246753246753,0.920062695924765,0.919558359621451,0.620253164556962,0.91601866251944,0.383561643835616,0.910094637223975,0.381933438985737,0.452344931921331,0.595348837209302,0.31306990881459,0.919254658385093,0.377473363774734,0.395931142410016,0.616822429906542,0.597875569044006,0.9203125,0.391304347826087,0.919224555735057,0.38622754491018,0.926100628930818,0.390282131661442,0.371794871794872,0.423676012461059,0.434984520123839,0.386687797147385,0.383012820512821,0.595911949685535,0.388455538221529,0.0572831423895254,0.925278219395866,0.0714285714285714,0.923076923076923,0.367834394904459,0.91283676703645,0.0690737833594976,0.390894819466248,0.381933438985737,0.918238993710692,0.0276497695852535,0.920807453416149,0.00801282051282051,0.416267942583732,0.924290220820189,0.0205696202531646,0.602484472049689,0.922955974842767,0.91496062992126,0.921052631578947,0.383739837398374,0.0370942812982998,0.926380368098159,0.500768049155146,0.00950871632329636,0.43167701863354,0.3950233281493,0.392912172573189,0.918622848200313,0.9456,0.912559618441971,0.925349922239502,0.924764890282132,0.0198776758409786,0.909785932721712,0.61189358372457,0.078907435508346,0.382215288611544,0.918461538461538,0.913112164296998,0.92443729903537,0.924731182795699,0.00934579439252336,0.388544891640867,0.926717557251908,0.920760697305864,0.920065252854812,0.922360248447205,0.916279069767442,0.913112164296998,0.416282642089094,0.0591054313099042,0.92246835443038,0.00309119010819165,0.384136858475894,0.35423197492163,0.918622848200313,0.46422893481717,0.378068739770867,0.386153846153846,0.913385826771654,0.0340557275541796,0.385093167701863,0.925465838509317,0.915739268680445,0.431528662420382,0.384024577572965,0.375586854460094,0.379421221864952,0.926791277258567,0.385483870967742,0.393468118195956,0.318110236220472,0.385826771653543,0.956723338485317,0.383792048929664,0.00324675324675325,0.390205371248025,0.0773993808049536,0.917329093799682,0.00634920634920635,0.380726698262243,0.385714285714286,0.390205371248025,0.920634920634921,0.933125972006221,0.921221864951768,0.916666666666667,0.920711974110032,0.917460317460317,0.406885758998435,0.91304347826087,0.388802488335925,0.389250814332248,0.506998444790047,0.610410094637224,0.919753086419753,0.919129082426128,0.0762052877138414,0.390697674418605,0.0375,0.922727272727273,0.0362776025236593,0.91588785046729,0.922950819672131,0.382539682539683,0.918918918918919,0.913621262458472,0.539074960127592,0.325242718446602,0.909495548961424,0.00317965023847377,0.00956937799043062,0.917829457364341,0.920760697305864,0.927018633540373,0.003125,0.0798771121351766,0.391640866873065,0.488993710691824,0.394216133942161,0.0790697674418605,0.405909797822706,0.00318979266347687,0.922098569157393,0.914516129032258,0.379785604900459,0.388544891640867,0.156105100463679,0.398387096774194,0.389489953632148,0.386792452830189,0.919129082426128,0.921630094043887,0.3936,0.91981845688351,0.0700152207001522,0.926751592356688,0.140575079872204,0.916129032258065,0.611455108359133,0.91705069124424,0.383886255924171,0.386942675159236,0.00462962962962963,0.611111111111111,0.924050632911392,0.924409448818898,0.722044728434505,0.805825242718447,0.390322580645161,0.382636655948553,0.917956656346749,0.387247278382582,0.178683385579937,0.389967637540453,0.907834101382488,0.0109034267912773,0.9140625,0.919871794871795,0.38740157480315,0.603174603174603,0.381329113924051,0.919093851132686,0.925632911392405,0.379095163806552,0.376175548589342,0.400928792569659,0.774447949526814,0.377388535031847,0.911076443057722,0.0278637770897833,0.910236220472441,0.922330097087379,0.622699386503067,0.569182389937107,0.392798690671031,0.0232919254658385,0.391373801916933,0.920127795527157,0.933656957928803,0.366352201257862,0.401898734177215,0.549141965678627,0.916535433070866,0.373250388802488,0.291798107255521,0.380281690140845,0.900466562986003,0.406995230524642,0.0725308641975309,0.370542635658915,0.395136778115502,0.386687797147385,0.372990353697749,0.389649923896499,0.888208269525268,0.918876755070203,0.379256965944272,0.477564102564103,0.617834394904459,0.162538699690402,0.61437908496732,0.932707355242567,0.400630914826498,0.0705329153605016,0.394321766561514,0.3843797856049,0.287901990811639,0.405750798722045,0.0727554179566563,0.403400309119011,0.375,0.390675241157556,0.3859375
"522",1,1,1,1,1,1,0.697637795275591,1,1,0.0982839313572543,1,0.0454545454545455,0.813664596273292,1,0.326625386996904,0.309230769230769,0.0625,0.682182985553772,1,1,0.295839753466872,0.320373250388802,1,0.153495440729483,1,0.329770992366412,0.323899371069182,1,1,0.788732394366197,0.31039755351682,0.741301059001513,0.966309341500766,0.317073170731707,0,1,0.541856925418569,1,0.304283604135894,1,0.666153846153846,0.675344563552833,0.692653673163418,1,1,0.321928460342146,0.321372854914197,0.314925373134328,0.332326283987915,0.334855403348554,0,1,0.322188449848024,1,1,0.502354788069074,0.560185185185185,1,1,1,0.336842105263158,0.324031007751938,0.320373250388802,0.678461538461538,1,1,0.0341085271317829,1,0.0539730134932534,0.323170731707317,1,0.326747720364742,0.331230283911672,0.963836477987421,0.509146341463415,1,0.318112633181126,0.336858006042296,1,0.323296354992076,0.0864,0.332810047095761,0.333333333333333,1,0.342987804878049,1,1,1,1,0.68609865470852,1,1,0,0.10590015128593,1,0.0445765230312036,0,1,0.558730158730159,0.672897196261682,1,0.0494590417310665,0.314984709480122,1,0.316118935837246,1,0.675968992248062,1,0.324534161490683,0.314674735249622,0.328787878787879,1,0.325077399380805,1,0.48411497730711,1,0.317771084337349,0.294930875576037,0.326378539493294,0.325153374233129,0.478527607361963,0.998468606431853,0.322188449848024,0.326465927099842,1,0.309341500765697,1,1,0.324116743471582,0.54434250764526,1,0.319508448540707,1,0.0415430267062315,1,0.318862275449102,0.675757575757576,0.333333333333333,0.935779816513762,0.425196850393701,0.101694915254237,0.100463678516229,1,1,0.336906584992343,1,0.317910447761194,1,0.806015037593985,1,0.322033898305085,1,1,1,1,0.342635658914729,1,0.3328173374613,0.250759878419453,1,0.317147192716237,1,0.304615384615385,0.0861538461538462,1,0.312796208530806,1,1,1,0.341945288753799,1,0.325652841781874,1,0.315950920245399,1,0.319083969465649,0.0729483282674772,1,0.628705148205928,1,1,0.324492979719189,1,1,1,1,0.329211746522411,0.318042813455657,1,0.998475609756098,0.324200913242009,0.30952380952381,1,0.451274362818591,0.662721893491124,0,0.328746177370031,0.668217054263566,1,0.32781954887218,1,0.998502994011976,1,0.321044546850998,0.326219512195122,0.329173166926677,1,1,1,0,1,0.311320754716981,0.975384615384615,0.330203442879499,0.313935681470138,0.753445635528331,1,1,1,1,1,0.0428790199081164,0.31733746130031,0.332312404287902,1,0.671253822629969,1,1,0.998444790046656,0.998491704374057,1,1,0.0030441400304414,0.314285714285714,1,0.321259842519685,1,0.302431610942249,1,1,1,1,1,0.332293291731669,1,0.500772797527048,0.339477726574501,0.328849028400598,0.31441717791411,0.326594090202177,0.336405529953917,0.427018633540373,0.335375191424196,0.322678843226788,0.312977099236641,1,0.331278890600925,1,0.67814371257485,0.320987654320988,0.308270676691729,0.337984496124031,1,1,1,0.25077399380805,0.312210200927357,1,0.320987654320988,0.331831831831832,0.316998468606432,0.332307692307692,0.675883256528418,1,0.329819277108434,0.319314641744548,1,0.300155520995334,1,0.316265060240964,0.315384615384615,1,1,1,0.538221528861154,1,0.677519379844961,0.0807174887892377,0.327131782945736,1,1,0.0995405819295559,0.326251896813354,0.32695374800638,1,1,0.312404287901991,0.0229007633587786,0.0031201248049922,1,1,0.33984962406015,0.998456790123457,1,0.318112633181126,1,1,0.326219512195122,1,1,1,1,0.335384615384615,0.316493313521545,0.329133858267717,1,1,0.667177914110429,0.321538461538462,1,0.319402985074627,0.304615384615385,1,1,0.998491704374057,1,1,0.332312404287902,1,1,0.108150470219436,0.339285714285714,0.4890625,0.313178294573643,0.669781931464174,0.320610687022901,1,0.316998468606432,0.335889570552147,0.248875562218891,0.325892857142857,1,0.33134328358209,1,1,1,0.313846153846154,0.324850299401198,0.998487140695915,0.928348909657321,0.0594679186228482,1,0.324116743471582,0.32398753894081,0.317972350230415,1,0.333834586466165,0.465543644716692,0.326807228915663,0.310872894333844,0.3171875,0.302325581395349,1,0.327666151468315,1,1,0,1,0.321372854914197,1,1,1,0.331259720062208,1,0.3203125,1,0.836140888208269,1,1,1,0.330781010719755,1,1,0.321156773211568,0.322033898305085,1,1,0.313455657492355,0.183734939759036,1,0.998468606431853,1,0,0.313291139240506,1,0.316666666666667,0.240740740740741,1,0.671253822629969,0.441132637853949,1,1,0.674140508221226,0.688854489164087,0.352484472049689,1,0.327692307692308,1,1,0.333333333333333,1,0.998444790046656,0.00765696784073507,0.32258064516129,1,1,0.329652996845426,1,1,0.317111459968603,0.334346504559271,1,1,1,0.526717557251908,0.313546423135464,0.34472049689441,0.322869955156951,0.336906584992343,0.685758513931889,0.331818181818182,0.326283987915408,0.32383808095952,0.236923076923077,0.3203125,1,0.328290468986384,0.998449612403101,0.322085889570552,0.0832095096582467,0.0503048780487805,1,1,0.038109756097561,1,0.681268882175227,0.0411585365853659,0.0109375,1,0.67906976744186,1,1,0.555384615384615,1,0,0.0742496050552923,1,1,1,0.32348367029549,0.646539027982327,0.686900958466454,0.995495495495496,1,0.983483483483483,0.307098765432099,0.337423312883436,1,0.306729264475743,1,0.371913580246914,0.100154083204931,0.311926605504587,0.321907600596125,0.333878887070376,1,0.0750750750750751,1,1,1,0.247344461305008,0.328682170542636,1,0.329249617151608,1,1,0.314503816793893,1,0.327380952380952,1,0.315870570107858,0.321483771251932,1,0.669724770642202,0.322822822822823,1,0.324574961360124,0.75808936825886,0.319213313161876,0.155624036979969,0.321428571428571,0.775038520801233,0.310618066561014,1,0.333333333333333,0.348024316109422,0.291858678955453,1,1,1,0.968454258675079,0.341346153846154,1,0.325949367088608,1,0.320450885668277,0.327380952380952,1,1,1,0.915514592933948,1,0.312874251497006,0.324159021406728,1,1,0.043613707165109,0.0791925465838509,1,1,0.315955766192733,1,1,0.326625386996904,1,1,0.674884437596302,0.535928143712575,1,0,1,1,0.102831594634873,0.335365853658537,1,0.325077399380805,0.998466257668712,0.969183359013868,0.998454404945904,0.821482602118003,1,0.331768388106416,1,1,1,0,0.317741935483871,1,1,0.671779141104294,1,0.322678843226788,0.355384615384615,0.325652841781874,1,1,1,0.0942249240121581,0.328173374613003,0.0870917573872473,0.998439937597504,0.315151515151515,0.315629742033384,0.357686453576865,0,1,0.96177370030581,1,1,0.328660436137072,0.306646525679758,0.1546875,0.0390015600624025,0.328660436137072,0.320872274143302,0.326807228915663,0,0.324655436447167,1,0,0.324242424242424,1,1,1,0.318385650224215,0.326378539493294,0.0338709677419355,1,0.317262830482115,0.313546423135464,1,1,0.323529411764706,0.687400318979266,1,1,0.683307332293292,1,0.314925373134328,1,0.319571865443425,0.528787878787879,0.666163141993958,0.412202380952381,1,0.307575757575758,0.318112633181126,0.676380368098159,0.662721893491124,1,0.329286798179059,1,0.328828828828829,1,0.315707620528771,0.322981366459627,0.355828220858896,0.529141104294479,0.317535545023697,0.316358024691358,0.666153846153846,0.323795180722892,0.139871382636656,1,0,1,0.29393468118196,1,0,0.326053042121685,0.321483771251932,1,0.0546528803545052,1,0.0875576036866359,0.341121495327103,1,0.0621212121212121,0.664624808575804,1,1,1,0.311605723370429,0.0393343419062027,1,0.430555555555556,0.0987261146496815,0.35660091047041,0.330316742081448,0.333834586466165,1,1,1,1,1,0.0603318250377074,0.995454545454545,0.681957186544342,0.00294550810014728,0.320668693009119,1,1,1,1,0.0846153846153846,0.318112633181126,1,1,1,1,1,1,0.483282674772036,0,1,0.0818181818181818,0.327300150829563,0.438271604938272,1,0.404423380726698,0.319870759289176,0.320552147239264,1,0.0395136778115502,0.333333333333333,1,1,0.375987361769352,0.315548780487805,0.316923076923077,0.327692307692308,0.998470948012232,0.336448598130841,0.331831831831832,0.422776911076443,0.325038880248834,0.971168437025797,0.318862275449102,0.0829420970266041,0.325264750378215,0,1,0.0889235569422777,0.309375,0.319444444444444,0.321981424148607,1,1,1,1,1,1,0.332810047095761,1,0.320061255742726,0.322368421052632,0.601217656012177,0.679127725856698,1,1,0,0.322775263951735,0.116030534351145,0.998509687034277,0.0340557275541796,1,1,0.3234375,1,1,0.627329192546584,0.422893481717011,0.995588235294118,0.0766823161189358,0.10061919504644,1,1,1,0.086687306501548,0,0.320610687022901,0.428134556574924,0.321538461538462,0,0.326656394453005,0.0883280757097792,1,1,0.326747720364742,0.32370820668693,0.238532110091743,0.341692789968652,0.316742081447964,0.328313253012048,1,1,0.335925349922239,1,0,1,0.219814241486068,1,0.667173252279635,1,0.317411402157165,0.310618066561014,0.072700296735905,0.672230652503794,1,1,0.783616692426584,0.899841017488076,0.320813771517997,0.320754716981132,1,0.323170731707317,0.243865030674847,0.324409448818898,1,0.100917431192661,1,1,0.324159021406728,0.675548589341693,0.317411402157165,1,1,0.313161875945537,0.310975609756098,0.323922734026746,0.861963190184049,0.317411402157165,1,0.0515933232169954,1,1,0.688549618320611,0.645161290322581,0.324960753532182,0.0510835913312693,0.329754601226994,1,1,0.31055900621118,0.332317073170732,0.607963246554365,1,0.315868263473054,0.376119402985075,0.317557251908397,0.984871406959153,0.476117103235747,0.00305810397553517,0.311077389984825,0.328888888888889,0.3328125,0.31924882629108,0.322008862629247,0.970948012232416,1,0.321928460342146,0.537974683544304,0.678300455235205,0.22239263803681,0.679936305732484,1,0.336405529953917,0.0031055900621118,0.332826747720365,0.316666666666667,0.365740740740741,0.325115562403698,0,0.336434108527132,0.325115562403698,0.331269349845201,0.319508448540707
"523",0.293185419968304,0.309923664122137,0.302290076335878,0.324574961360124,0.305936073059361,0.300613496932515,0.00946372239747634,0.313271604938272,0.30804248861912,0.577708006279435,0.310240963855422,0.653963414634146,0.4984375,0.309968847352025,1,1,0.635258358662614,0,0.312693498452012,0.29618320610687,1,1,0.319758672699849,0.525190839694657,0.302533532041729,1,1,0.328660436137072,0.303759398496241,0.517080745341615,1,0.584592145015106,0.356060606060606,0.996889580093313,0.676970633693972,0.299837925445705,0.150375939849624,0.314674735249622,1,0.30030487804878,0,0,0,0.319018404907975,0.30625,1,0.996899224806202,1,1,1,0.698315467075038,0.318818040435459,1,0.314589665653495,0.303951367781155,0.808777429467085,0.132075471698113,0.316846986089645,0.308157099697885,0.311526479750779,0.992401215805471,1,1,0.00310077519379845,0.306122448979592,0.311926605504587,0.663076923076923,0.313664596273292,0.623893805309734,1,0.30804248861912,1,1,0.271585557299843,0.170437405731523,0.31044776119403,1,0.995433789954338,0.312688821752266,1,0.606973058637084,1,1,0.30920060331825,1,0.310240963855422,0.304878048780488,0.318529862174579,0.307458143074581,0,0.302795031055901,0.316176470588235,0.697388632872504,0.58974358974359,0.304953560371517,0.652173913043478,0.693023255813954,0.299847792998478,0.12597200622084,0,0.302752293577982,0.62962962962963,1,0.307210031347962,1,0.303265940902022,0,0.313935681470138,1,1,1,0.303076923076923,0.998475609756098,0.315384615384615,0.213636363636364,0.304154302670623,1,0.386466165413534,1,1,0.207692307692308,0.30441400304414,1,1,0.326687116564417,1,0.307352941176471,0.306184012066365,0.375384615384615,0.763636363636364,0.309636650868878,1,0.312788906009245,0.637313432835821,0.321316614420063,1,0,1,0.363777089783282,0.89297124600639,0.585516178736518,0.602150537634409,0.307453416149068,0.315789473684211,1,0.303405572755418,1,0.294573643410853,0.491603053435115,0.311377245508982,1,0.299382716049383,0.305164319248826,0.315789473684211,0.314152410575428,1,0.302180685358255,1,0.444108761329305,0.31859756097561,1,0.309667673716012,1,0.602167182662539,0.303459119496855,1,0.304347826086957,0.304545454545455,0.321044546850998,0.987897125567322,0.319875776397516,1,0.317484662576687,1,0.312796208530806,1,0.604580152671756,0.290123456790123,0.0305466237942122,0.28858024691358,0.310872894333844,1,0.298325722983257,0.308396946564885,0.310344827586207,0.320493066255778,1,1,0.315541601255887,0.31733746130031,1,1,0.311077389984825,0.25077399380805,0.0192307692307692,0.698776758409786,1,0,0.303951367781155,1,0.306027820710974,0.30952380952381,0.303490136570561,0.996978851963746,1,1,0.319880418535127,0.305993690851735,0.311926605504587,0.68944099378882,0.295665634674923,1,0.328267477203647,1,1,0.453292496171516,0.312111801242236,0.308623298033283,0.312594840667678,0.291925465838509,0.305772230889236,0.652241112828439,1,1,0.306184012066365,0.00301204819277108,0.323216995447648,0.309417040358744,0.31441717791411,0.302255639097744,0.288819875776398,0.304347826086957,0.704892966360856,0.374436090225564,0.299539170506912,1,0.30564263322884,1,0.299093655589124,0.298136645962733,0.303680981595092,0.317411402157165,0.299050632911392,1,0.314589665653495,0.8,1,1,1,1,1,0.893987341772152,1,1,1,0.310810810810811,1,0.314102564102564,0,1,0.396656534954407,1,0.306976744186047,0.316923076923077,0.309119010819165,0.422839506172839,1,0.315548780487805,1,1,1,1,0,0.303738317757009,1,1,0.311349693251534,1,0.315789473684211,1,1,0.305164319248826,0.318110236220472,0.294478527607362,0.156202143950995,0.314553990610329,0,0.604229607250755,1,0.307339449541284,0.316692667706708,0.59214501510574,1,1,0.319182389937107,0.318529862174579,1,0.667682926829268,0.703875968992248,0.296238244514107,0.309033280507132,0.995562130177515,0.314814814814815,0.291479820627803,1,0.300613496932515,0.303625377643505,1,0.301684532924962,0.30640243902439,0.306990881458967,0.311248073959938,1,1,1,0.294656488549618,0.316436251920123,0.00765696784073507,0.993779160186625,0.32093023255814,1,1,0.300604229607251,0.316666666666667,0.29618320610687,0.319508448540707,0.306870229007634,1,0.30030959752322,0.303215926493109,0.577287066246057,1,0.837962962962963,1,0,1,0.311111111111111,1,1,0.425531914893617,1,0.315789473684211,1,0.299236641221374,0.290123456790123,0.305007587253414,1,1,0.308868501529052,0.389857369255151,0.614906832298137,0.305426356589147,1,1,1,0.308056872037915,1,0.218654434250765,1,1,1,1,0.311077389984825,1,0.307814992025518,0.327160493827161,0.685847589424572,0.294209702660407,1,0.311844077961019,0.310810810810811,0.304278922345483,1,0.293853073463268,1,0.311011904761905,0.464555052790347,0.315151515151515,0.320433436532508,0.311450381679389,1,0.31055900621118,0.302003081664099,1,1,0.308641975308642,0.297256097560976,1,0.487841945288754,0.307086614173228,0.321592649310873,0.31859756097561,0.692660550458716,1,0.293838862559242,1,0.425925925925926,0.301391035548686,0,0.875562218890555,0.3015625,0.312693498452012,0,0.0336391437308868,0.981707317073171,0.308527131782946,1,0.307098765432099,0.313572542901716,1,0.315870570107858,0.315870570107858,0.673780487804878,1,0.3109375,0.310344827586207,1,0.301223241590214,0.299843014128728,1,0.347560975609756,0.303405572755418,0.305936073059361,0.32093023255814,0.790030211480363,1,0.9828125,1,1,0,1,0.99388379204893,1,0.432721712538226,0.998415213946117,0.302255639097744,0.993893129770992,0.322981366459627,0.996983408748115,0.613670133729569,0.640791476407915,0.311077389984825,0.305007587253414,0.645801526717557,0.301242236024845,0,0.63969465648855,0.691358024691358,0.312404287901991,0,0.303405572755418,0.301059001512859,0.769349845201238,0.316923076923077,0.694099378881988,0.601851851851852,0.308755760368664,0.303030303030303,0.292944785276074,1,0.026431718061674,0,0.311844077961019,0.319148936170213,0.327718223583461,1,0.346213292117465,0.311550151975684,1,0.297256097560976,0.941628264208909,0.585516178736518,1,1,0.993548387096774,0.312781954887218,0.621052631578947,0.315555555555556,0.2976,0.304281345565749,0.421613394216134,1,0.307931570762053,1,0.305993690851735,0.310618066561014,1,0.309148264984227,1,0.316030534351145,1,1,0.316109422492401,0,1,0.316030534351145,1,0.549770290964778,1,0.525679758308157,1,0.546850998463902,1,0.309033280507132,1,1,1,0.304147465437788,0.3125,0.305970149253731,0.32753164556962,0.341894060995185,0.30441400304414,1,0.306501547987616,1,1,0.329249617151608,0.308544303797468,0.30849478390462,0.382262996941896,0.312874251497006,1,1,0.314199395770393,0.312210200927357,0.637209302325581,0.601880877742947,0.307926829268293,0.307219662058372,1,0.301538461538462,0.311844077961019,0.993808049535604,0.29559748427673,0.303076923076923,0,0.148748159057437,0.309119010819165,0.691629955947137,0.302611367127496,0.307458143074581,0.604444444444444,0.996908809891808,0.308527131782946,1,0.308755760368664,0.333853354134165,0.305900621118012,0.458143074581431,0.306278713629403,1,0.3125,0.3140625,0.326086956521739,0.696562032884903,1,0.321316614420063,0.306870229007634,0,0.312594840667678,1,0.951367781155015,1,0.315467075038285,0.313636363636364,0.310236220472441,0.597285067873303,1,0.603125,0.329173166926677,1,1,0.966101694915254,0.682515337423313,0.326219512195122,0.352850539291217,0.316998468606432,0.310606060606061,1,1,0.52099533437014,0.639876352395672,1,1,1,0.700310559006211,1,0.312781954887218,0.692660550458716,1,0.313935681470138,0.312883435582822,0.306376360808709,0.998487140695915,1,0.6512,0.317073170731707,1,1,0.307692307692308,0.302431610942249,1,0,0.302180685358255,0.297090352220521,0.0046583850931677,0.303759398496241,1,0.302795031055901,1,0.156626506024096,0,0.902548725637181,0.31306990881459,1,1,0,0,0.310769230769231,1,0.309262166405024,1,0.307098765432099,1,0.9984375,0.964506172839506,0.768996960486322,1,1,0.00462249614791988,1,0.523961661341853,0.311145510835913,0.685887708649469,0.310291858678955,1,0.300462249614792,0.679566563467492,1,1,0.309375,0.623703703703704,0.320061255742726,0.594427244582043,0.970814132104455,0.319314641744548,0.614329268292683,0.0120663650075415,0.303405572755418,0.311746987951807,0.309309309309309,1,0.646176911544228,0.297297297297297,0.887692307692308,0.598755832037325,0.968468468468468,1,1,0.307332293291732,0.321928460342146,0.303738317757009,0.303215926493109,0.306625577812018,0.61961367013373,0.296851574212894,0,0.686478454680535,0.998461538461539,0.322085889570552,0.308527131782946,0.302507836990596,0.31547619047619,0.617378048780488,1,0.320121951219512,0.327102803738318,0.321711568938193,0.309815950920245,0.303405572755418,0.305426356589147,0.204204204204204,0.688188976377953,0.318885448916409,0.605105105105105,1,0.241960183767228,0.310664605873261,0.9234375,1,1,0.305084745762712,0.650602409638554,1,0.309923664122137,0.295489891135303,0.953560371517028,1,1,0.998435054773083,0.317700453857791,1,1,0.8953125,1,0.340458015267176,1,0.597503900156006,1,0.679699248120301,0.303543913713405,0.605873261205564,1,1,0.992223950233281,0.31981981981982,0.315301391035549,0.317817014446228,0.304953560371517,0.320754716981132,0.318037974683544,0.9828125,0.298165137614679,1,1,0.720183486238532,0,0.312781954887218,0.30640243902439,0.688350983358548,1,0.575075075075075,0.316816816816817,0.657364341085271,0.302936630602782,0.302884615384615,1,0.297169811320755,0.310015898251192,0.690292758089368,0.911811023622047,0.315634218289086,0.602167182662539,0.5921875,0.319148936170213,0.320872274143302,0.291981845688351,0.599383667180277,0.692889561270802,1,0.890262751159196,1,0.674846625766871,0.998425196850394,0.596899224806202,0.304482225656878,0.315541601255887,1,1,0.431432973805855,0.9953125,0.996955859969559,1,0.306976744186047,0.315870570107858,1,0.3023598820059,0.685015290519878,0.320061255742726,0.471317829457364,0.290123456790123,0,0.31039755351682,1,1,0.604580152671756,0,0.325,0.307453416149068,0.0939907550077042,0.413793103448276,1,1,0.306990881458967,1,0.426584234930448,1,0.318796992481203,0.599695585996956,0.316666666666667,0.29984544049459,1,0,1,0.303738317757009,0.313178294573643,1,1,1,0.441679626749611,1,0.30625,0.629909365558912,0.321538461538462,0.317535545023697,0,0.0401234567901235,1,0.626339969372129,1,0.31733746130031,0.322884012539185,1,1,0.175840978593272,0.305084745762712,1,0.894259818731118,1,0.311844077961019,0.204368174726989,0.680428134556575,1,1,1,1,1,0.275602409638554,0.29618320610687,1,0.128980891719745,0,0.440909090909091,0,0.318885448916409,1,0.692901234567901,1,1,0.88719512195122,1,0.697568389057751,1,1,1,1
"524",0.293185419968304,0.314329738058552,0.31733746130031,0.33175355450237,0.319314641744548,0.304747320061256,0.0127591706539075,0.314152410575428,0.31104199066874,0.5856,0.315789473684211,0.63914373088685,0.513888888888889,0.326498422712934,1,1,0.623456790123457,0,0.319938176197836,0.306870229007634,1,1,0.325227963525836,0.52803738317757,0.31570996978852,1,1,0.33015873015873,0.310975609756098,0.522012578616352,1,0.578386605783866,0.371875,0.996894409937888,0.669796557120501,0.314332247557003,0.144596651445967,0.320610687022901,1,0.310606060606061,0.00313971742543171,0,0,0.328173374613003,0.3216,1,0.995334370139969,1,1,1,0.689024390243902,0.325878594249201,1,0.325652841781874,0.320552147239264,0.806656101426308,0.133437990580848,0.320813771517997,0.315548780487805,0.330769230769231,0.992412746585736,1,1,0.00617283950617284,0.319286871961102,0.317557251908397,0.652905198776758,0.327102803738318,0.606875934230194,1,0.31441717791411,1,1,0.280564263322884,0.161094224924012,0.312781954887218,1,0.995419847328244,0.316358024691358,1,0.610576923076923,1,1,0.327188940092166,1,0.319634703196347,0.3203125,0.329211746522411,0.319444444444444,0,0.313364055299539,0.329323308270677,0.686153846153846,0.587057010785824,0.311320754716981,0.636913767019667,0.683563748079877,0.317411402157165,0.121794871794872,0,0.313664596273292,0.620253164556962,1,0.31496062992126,1,0.320373250388802,0,0.322480620155039,1,1,1,0.299382716049383,0.996918335901387,0.32348367029549,0.208909370199693,0.310136157337368,1,0.393241167434716,1,1,0.20679012345679,0.313755795981453,1,1,0.329268292682927,1,0.321167883211679,0.31437125748503,0.381026438569207,0.780152671755725,0.32475884244373,1,0.332288401253919,0.636904761904762,0.331210191082803,1,0.00154798761609907,1,0.363636363636364,0.905144694533762,0.593167701863354,0.602825745682888,0.310769230769231,0.322169059011164,1,0.318252730109204,1,0.304552590266876,0.502304147465438,0.321592649310873,1,0.308641975308642,0.31496062992126,0.328571428571429,0.327044025157233,1,0.311145510835913,1,0.440860215053763,0.32312404287902,1,0.324773413897281,1,0.590342679127726,0.32348367029549,1,0.321981424148607,0.315384615384615,0.334883720930233,0.986259541984733,0.331768388106416,1,0.321372854914197,1,0.31687898089172,1,0.599690880989181,0.299539170506912,0.0344287949921753,0.3015625,0.317757009345794,1,0.311424100156495,0.319875776397516,0.316770186335404,0.329754601226994,1,1,0.32753164556962,0.325471698113208,1,1,0.317557251908397,0.238828967642527,0.0226586102719033,0.686915887850467,1,0.00309119010819165,0.327188940092166,1,0.321711568938193,0.312977099236641,0.315789473684211,0.996860282574568,1,1,0.328290468986384,0.318541996830428,0.314329738058552,0.681388012618297,0.309375,1,0.340557275541796,1,1,0.450920245398773,0.32120253164557,0.318952234206472,0.325581395348837,0.299847792998478,0.312401883830455,0.643185298621746,1,1,0.312111801242236,0.00306278713629403,0.32375189107413,0.316642120765832,0.32018927444795,0.309597523219814,0.308166409861325,0.32370820668693,0.701834862385321,0.374057315233786,0.301391035548686,1,0.32755905511811,1,0.311827956989247,0.312893081761006,0.3125,0.325434439178515,0.311811023622047,1,0.316436251920123,0.79080824088748,1,1,0.996840442338073,1,1,0.907790143084261,1,1,1,0.310872894333844,1,0.320512820512821,0,1,0.393292682926829,1,0.319875776397516,0.322884012539185,0.314241486068111,0.429017160686427,1,0.327245053272451,1,1,1,1,0,0.313385826771654,1,1,0.318461538461538,1,0.323664122137405,1,1,0.31104199066874,0.320574162679426,0.302325581395349,0.157975460122699,0.326018808777429,0,0.603603603603604,1,0.32370820668693,0.316037735849057,0.588414634146341,1,1,0.324409448818898,0.326086956521739,1,0.658986175115207,0.688783570300158,0.303265940902022,0.313821138211382,0.992435703479576,0.328682170542636,0.299698795180723,1,0.316030534351145,0.306278713629403,1,0.304347826086957,0.321259842519685,0.324116743471582,0.326594090202177,1,1,1,0.305900621118012,0.32018927444795,0.00768049155145929,0.9921875,0.324921135646688,1,1,0.312121212121212,0.332326283987915,0.301242236024845,0.311145510835913,0.318461538461538,1,0.30503144654088,0.311424100156495,0.58974358974359,1,0.84375,1,0,1,0.324655436447167,1,1,0.420574886535552,0.998473282442748,0.330218068535826,1,0.313271604938272,0.30521472392638,0.308980213089802,1,1,0.319018404907975,0.396135265700483,0.614533965244866,0.310725552050473,1,1,1,0.322378716744914,1,0.219284603421462,1,1,1,1,0.324734446130501,1,0.320907617504052,0.325077399380805,0.674491392801252,0.300157977883096,1,0.329738058551618,0.322239031770045,0.312,1,0.308980213089802,1,0.320726172465961,0.469953775038521,0.324367088607595,0.325471698113208,0.314241486068111,1,0.317901234567901,0.310725552050473,1,1,0.321428571428571,0.319444444444444,1,0.487878787878788,0.315789473684211,0.327639751552795,0.323664122137405,0.677018633540373,1,0.30016051364366,1,0.421947449768161,0.305295950155763,0,0.867362146050671,0.318541996830428,0.326625386996904,0,0.0283018867924528,0.979719188767551,0.31832298136646,1,0.307931570762053,0.326498422712934,1,0.328746177370031,0.322222222222222,0.665116279069767,1,0.32348367029549,0.322327044025157,1,0.308980213089802,0.310509554140127,1,0.346094946401225,0.31619937694704,0.321981424148607,0.331230283911672,0.793798449612403,1,0.98116169544741,1,1,0.0015748031496063,1,0.993808049535604,1,0.424615384615385,0.998430141287284,0.301659125188537,0.993827160493827,0.32348367029549,0.996923076923077,0.610119047619048,0.628787878787879,0.320182094081942,0.315467075038285,0.635093167701863,0.31629392971246,0,0.631336405529954,0.675039246467818,0.32093023255814,0.00154798761609907,0.321928460342146,0.303599374021909,0.781102362204724,0.322480620155039,0.677570093457944,0.596491228070175,0.315217391304348,0.321752265861027,0.296875,1,0.029806259314456,0,0.316187594553706,0.324615384615385,0.335365853658537,1,0.341158059467919,0.317829457364341,1,0.301684532924962,0.934272300469484,0.585669781931464,1,1,0.993322203672788,0.314589665653495,0.599397590361446,0.324324324324324,0.307936507936508,0.311827956989247,0.426204819277108,1,0.312893081761006,1,0.323151125401929,0.312698412698413,1,0.311708860759494,1,0.32182103610675,1,1,0.320373250388802,0,1,0.327718223583461,1,0.558599695585997,1,0.521406727828746,1,0.546021840873635,1,0.321086261980831,1,1,1,0.315132605304212,0.32120253164557,0.31981981981982,0.350961538461538,0.343499197431782,0.303680981595092,1,0.322834645669291,1,1,0.327160493827161,0.322932917316693,0.31441717791411,0.378670788253478,0.324159021406728,1,1,0.325115562403698,0.329652996845426,0.627943485086342,0.598746081504702,0.316118935837246,0.316770186335404,1,0.310664605873261,0.315233785822021,0.9953125,0.302547770700637,0.312788906009245,0,0.146969696969697,0.32,0.681547619047619,0.315047021943574,0.323076923076923,0.610687022900763,0.998439937597504,0.308544303797468,1,0.315707620528771,0.343898573692552,0.317411402157165,0.470137825421133,0.31875,1,0.321592649310873,0.320251177394035,0.333863275039746,0.684931506849315,1,0.323854660347551,0.318042813455657,0,0.327666151468315,0.998456790123457,0.948091603053435,1,0.316770186335404,0.322678843226788,0.312796208530806,0.584474885844749,1,0.59775641025641,0.331761006289308,1,1,0.962674961119751,0.677519379844961,0.327073552425665,0.352484472049689,0.319508448540707,0.319508448540707,1,1,0.518691588785047,0.630094043887147,1,1,0.998454404945904,0.68503937007874,1,0.325190839694657,0.681181959564541,1,0.322530864197531,0.312597200622084,0.322429906542056,0.998456790123457,1,0.647798742138365,0.318461538461538,1,1,0.328660436137072,0.317629179331307,0.998442367601246,0,0.312989045383412,0.307692307692308,0.0077639751552795,0.315068493150685,1,0.315372424722662,1,0.150684931506849,0,0.911144578313253,0.328682170542636,1,1,0,0.00154083204930663,0.326153846153846,1,0.321316614420063,0.996965098634294,0.311912225705329,1,1,0.956856702619414,0.791476407914764,1,1,0.00614439324116743,1,0.526229508196721,0.327613104524181,0.675265553869499,0.327272727272727,1,0.305426356589147,0.673813169984686,1,1,0.317535545023697,0.618401206636501,0.324242424242424,0.596850393700787,0.969745222929936,0.333846153846154,0.599688473520249,0.0121212121212121,0.304615384615385,0.319444444444444,0.323574730354391,1,0.642105263157895,0.311926605504587,0.879443585780526,0.59748427672956,0.966767371601209,1,1,0.320552147239264,0.338658146964856,0.313971742543171,0.313971742543171,0.313664596273292,0.622356495468278,0.305936073059361,0,0.670118343195266,1,0.328682170542636,0.307692307692308,0.316211878009631,0.314842578710645,0.614791987673344,1,0.332826747720365,0.332293291731669,0.330097087378641,0.322932917316693,0.314241486068111,0.318037974683544,0.201538461538462,0.682965299684543,0.325,0.607575757575758,1,0.241960183767228,0.323029366306028,0.918495297805643,1,1,0.31055900621118,0.631336405529954,1,0.317484662576687,0.297805642633229,0.952380952380952,1,1,0.998407643312102,0.31651376146789,1,1,0.909657320872274,1,0.352671755725191,1,0.601910828025478,1,0.675799086757991,0.3140625,0.610410094637224,1,1,0.993660855784469,0.320726172465961,0.329249617151608,0.319047619047619,0.325153374233129,0.328571428571429,0.319935691318328,0.982456140350877,0.316436251920123,1,1,0.725308641975309,0,0.313725490196078,0.321981424148607,0.67687595712098,1,0.576687116564417,0.323795180722892,0.636645962732919,0.31378763866878,0.313099041533546,1,0.31496062992126,0.316129032258064,0.701095461658842,0.919224555735057,0.322916666666667,0.615629984051037,0.585714285714286,0.323574730354391,0.329073482428115,0.303353658536585,0.603076923076923,0.679506933744222,1,0.886996904024768,1,0.666666666666667,0.998425196850394,0.594294770206022,0.3198127925117,0.322834645669291,1,1,0.433021806853583,0.993640699523052,0.998487140695915,1,0.308755760368664,0.324031007751938,1,0.314159292035398,0.676970633693972,0.325545171339564,0.46676970633694,0.300632911392405,0,0.306278713629403,1,1,0.601866251944012,0.00152671755725191,0.333333333333333,0.326086956521739,0.102643856920684,0.417197452229299,1,1,0.316846986089645,1,0.422955974842767,1,0.326747720364742,0.592024539877301,0.324534161490683,0.309859154929577,1,0,1,0.312893081761006,0.324921135646688,1,1,1,0.458003169572108,1,0.315625,0.62037037037037,0.328638497652582,0.327476038338658,0.00152905198776758,0.0454545454545455,1,0.620472440944882,1,0.317484662576687,0.330128205128205,1,1,0.169724770642202,0.310664605873261,1,0.916286149162861,1,0.325190839694657,0.209048361934477,0.665658093797277,1,1,1,1,1,0.295625942684766,0.304212168486739,1,0.131329113924051,0.00156985871271586,0.452012383900929,0,0.327586206896552,1,0.680124223602484,1,1,0.904907975460123,1,0.681818181818182,1,1,1,1
"525",1,1,1,1,1,1,0.693877551020408,1,1,0.0935023771790808,1,0.0403100775193798,0.823899371069182,1,0.327073552425665,0.314241486068111,0.0613496932515337,0.679425837320574,1,1,0.298904538341158,0.322932917316693,1,0.147465437788018,1,0.335365853658537,0.320695102685624,1,1,0.777952755905512,0.32258064516129,0.738931297709924,0.96594427244582,0.31974921630094,0,1,0.527472527472527,1,0.312312312312312,1,0.658385093167702,0.670769230769231,0.685410334346505,1,1,0.328100470957614,0.314329738058552,0.321646341463415,0.333333333333333,0.333333333333333,0,1,0.325617283950617,1,1,0.506309148264984,0.548136645962733,1,1,1,0.336874051593323,0.32348367029549,0.328660436137072,0.672955974842767,1,1,0.0310077519379845,1,0.0522388059701493,0.326315789473684,1,0.327245053272451,0.330670926517572,0.9648,0.496923076923077,1,0.323076923076923,0.345622119815668,1,0.32182103610675,0.0801282051282051,0.332283464566929,0.334876543209877,1,0.349768875192604,1,1,1,1,0.685015290519878,1,1,0.00152905198776758,0.0975232198142415,1,0.0412213740458015,0,1,0.549050632911392,0.671406003159558,1,0.0479876160990712,0.324534161490683,1,0.319182389937107,1,0.680981595092024,1,0.329192546583851,0.328660436137072,0.321592649310873,1,0.330769230769231,1,0.47209653092006,1,0.324159021406728,0.291793313069909,0.331825037707391,0.328125,0.4640625,0.998461538461539,0.324734446130501,0.32753164556962,1,0.310872894333844,1,1,0.318252730109204,0.542424242424242,1,0.318611987381703,1,0.037147102526003,1,0.322239031770045,0.664596273291925,0.334360554699538,0.936434108527132,0.42902711323764,0.0955315870570108,0.0923317683881064,1,1,0.335384615384615,1,0.321266968325792,1,0.814307458143075,1,0.328616352201258,1,1,1,1,0.339563862928349,1,0.330696202531646,0.242331288343558,1,0.312121212121212,1,0.304552590266876,0.0789473684210526,1,0.321875,1,1,1,0.348484848484849,1,0.339089481946625,1,0.322378716744914,1,0.320813771517997,0.0715372907153729,1,0.623778501628665,1,1,0.324960753532182,1,1,1,1,0.329153605015674,0.316923076923077,1,0.998466257668712,0.3265625,0.319554848966614,1,0.430981595092025,0.661721068249258,0,0.329704510108865,0.666153846153846,1,0.335365853658537,1,0.998502994011976,1,0.329173166926677,0.32824427480916,0.333860759493671,1,1,1,0,1,0.319685039370079,0.976303317535545,0.334375,0.320373250388802,0.749615975422427,1,1,1,1,1,0.0374414976599064,0.32398753894081,0.331811263318113,1,0.668693009118541,1,1,1,0.998470948012232,1,1,0.00306748466257669,0.304084720121029,1,0.324492979719189,1,0.303215926493109,1,1,1,1,1,0.331804281345566,1,0.5203125,0.337539432176656,0.329268292682927,0.317111459968603,0.330218068535826,0.336463223787167,0.424100156494523,0.337984496124031,0.321428571428571,0.318042813455657,1,0.334890965732087,1,0.676783004552352,0.330781010719755,0.305263157894737,0.342812006319115,1,1,1,0.25,0.324574961360124,1,0.326086956521739,0.335365853658537,0.317972350230415,0.327769347496206,0.6765625,1,0.327300150829563,0.32348367029549,1,0.313385826771654,1,0.317557251908397,0.311526479750779,1,1,1,0.518518518518518,1,0.677621283255086,0.0750750750750751,0.328682170542636,1,1,0.0909090909090909,0.325190839694657,0.337519623233909,1,1,0.315068493150685,0.0217729393468118,0.00157728706624606,1,1,0.346385542168675,1,1,0.315301391035549,1,1,0.329249617151608,1,1,1,1,0.334365325077399,0.321321321321321,0.331179321486268,1,1,0.664110429447853,0.326687116564417,1,0.326283987915408,0.314641744548287,1,1,0.998470948012232,1,1,0.337461300309598,1,1,0.0981012658227848,0.336363636363636,0.482115085536547,0.315625,0.6640625,0.32312404287902,1,0.31937984496124,0.33695652173913,0.247692307692308,0.326347305389222,1,0.332330827067669,1,1,1,0.317683881064163,0.326717557251908,0.998456790123457,0.9264,0.0568720379146919,1,0.32348367029549,0.332278481012658,0.3125,1,0.334351145038168,0.459247648902821,0.335913312693498,0.316692667706708,0.322169059011164,0.316535433070866,1,0.335423197492163,1,1,0,1,0.3390625,1,1,1,0.339116719242902,1,0.325,1,0.844036697247706,1,1,1,0.324574961360124,1,1,0.318818040435459,0.313364055299539,1,1,0.322033898305085,0.188163884673748,1,0.998468606431853,1,0,0.322169059011164,1,0.318885448916409,0.240566037735849,1,0.667692307692308,0.448640483383686,1,1,0.670180722891566,0.69435736677116,0.350547730829421,1,0.328660436137072,1,1,0.334883720930233,1,0.998430141287284,0.00615384615384615,0.334365325077399,1,1,0.32967032967033,1,1,0.315541601255887,0.319508448540707,1,1,1,0.54337899543379,0.3171875,0.35062893081761,0.330316742081448,0.337920489296636,0.681747269890796,0.327692307692308,0.335384615384615,0.325153374233129,0.237129485179407,0.329113924050633,1,0.328808446455505,0.998439937597504,0.327769347496206,0.0768094534711965,0.0505359877488515,1,1,0.0340030911901082,1,0.675968992248062,0.0385802469135802,0.00628930817610063,1,0.674884437596302,1,1,0.54858934169279,1,0,0.0732484076433121,1,1,1,0.327586206896552,0.642647058823529,0.686804451510334,0.992378048780488,1,0.986175115207373,0.314329738058552,0.326018808777429,1,0.314285714285714,1,0.378294573643411,0.0985915492957746,0.316590563165906,0.322289156626506,0.340495867768595,1,0.0736196319018405,1,1,1,0.247328244274809,0.329153605015674,1,0.335925349922239,1,1,0.318529862174579,1,0.332326283987915,1,0.324534161490683,0.328149300155521,1,0.670295489891135,0.322289156626506,1,0.3232,0.778637770897833,0.32572298325723,0.148148148148148,0.324734446130501,0.775888717156105,0.314465408805031,1,0.334869431643625,0.346094946401225,0.305936073059361,1,1,1,0.97258064516129,0.332263242375602,1,0.338118022328549,1,0.32475884244373,0.327769347496206,1,1,1,0.927131782945736,1,0.314199395770393,0.325115562403698,1,1,0.043613707165109,0.075,1,1,0.312202852614897,1,1,0.324615384615385,1,1,0.671802773497689,0.522590361445783,1,0,1,1,0.0911808669656203,0.342105263157895,1,0.338582677165354,0.9984375,0.969648562300319,0.998442367601246,0.830015313935682,1,0.329635499207607,1,1,1,0,0.323671497584541,1,1,0.660990712074303,1,0.322530864197531,0.372907153729072,0.327188940092166,1,1,1,0.086232980332829,0.332810047095761,0.082018927444795,0.998432601880878,0.320182094081942,0.320121951219512,0.36,0,1,0.96141975308642,1,1,0.329073482428115,0.31866464339909,0.146417445482866,0.0327102803738318,0.329268292682927,0.321928460342146,0.332312404287902,0.00158730158730159,0.319938176197836,1,0,0.328197226502311,1,1,1,0.325115562403698,0.327743902439024,0.0332278481012658,1,0.323390894819466,0.313455657492355,1,1,0.324534161490683,0.680194805194805,1,1,0.675425038639876,1,0.317629179331307,1,0.325038880248834,0.514592933947773,0.661538461538462,0.415037593984962,1,0.301829268292683,0.326120556414219,0.665644171779141,0.662058371735791,1,0.3328173374613,1,0.33033033033033,1,0.323029366306028,0.320063694267516,0.36150234741784,0.526153846153846,0.330203442879499,0.318252730109204,0.6578125,0.321592649310873,0.143769968051118,1,0,1,0.304552590266876,1,0,0.329173166926677,0.322274881516588,1,0.0525525525525526,1,0.0795631825273011,0.349378881987578,1,0.0596330275229358,0.663551401869159,1,1,1,0.3184,0.031866464339909,1,0.4390625,0.0878594249201278,0.364471669218989,0.333333333333333,0.331818181818182,1,1,1,1,1,0.0618401206636501,0.996987951807229,0.676923076923077,0.00297619047619048,0.334351145038168,1,1,1,1,0.0768025078369906,0.32,1,1,1,1,1,1,0.469788519637462,0.00156739811912226,1,0.0791476407914764,0.333333333333333,0.416796267496112,1,0.401587301587302,0.320967741935484,0.318952234206472,1,0.0382848392036753,0.326186830015314,1,1,0.392125984251968,0.318529862174579,0.321428571428571,0.329617834394904,0.998470948012232,0.336973478939158,0.334862385321101,0.418096723868955,0.333855799373041,0.975720789074355,0.320668693009119,0.0771653543307087,0.329249617151608,0,1,0.084375,0.314465408805031,0.32398753894081,0.3265625,1,1,1,1,1,1,0.336492890995261,1,0.326656394453005,0.318555008210181,0.599085365853659,0.67398119122257,1,1,0,0.318042813455657,0.114906832298137,0.998493975903614,0.0312989045383412,1,1,0.32755905511811,1,1,0.632970451010886,0.415481832543444,0.995601173020528,0.0758513931888545,0.0890625,1,1,1,0.081039755351682,0,0.329211746522411,0.438759689922481,0.326315789473684,0,0.33175355450237,0.078125,1,1,0.331297709923664,0.329230769230769,0.234662576687117,0.340189873417722,0.319634703196347,0.328197226502311,1,1,0.332807570977918,1,0,1,0.207221350078493,1,0.672281776416539,1,0.318818040435459,0.320634920634921,0.0695517774343122,0.671779141104294,1,1,0.787596899224806,0.901929260450161,0.331278890600925,0.321144674085851,1,0.328703703703704,0.248826291079812,0.329652996845426,1,0.0943396226415094,1,1,0.324159021406728,0.667192429022082,0.3198127925117,1,1,0.318529862174579,0.311526479750779,0.321699544764795,0.859842519685039,0.321316614420063,1,0.0523882896764253,1,1,0.692780337941628,0.644615384615385,0.330218068535826,0.0506912442396313,0.327639751552795,1,1,0.316846986089645,0.336463223787167,0.608497723823976,1,0.316590563165906,0.372699386503067,0.319758672699849,0.984567901234568,0.460093896713615,0.00307692307692308,0.311450381679389,0.329850746268657,0.338607594936709,0.323763955342903,0.324888226527571,0.969418960244648,1,0.319444444444444,0.536741214057508,0.672386895475819,0.226502311248074,0.672552166934189,1,0.331240188383046,0.00313971742543171,0.328767123287671,0.313364055299539,0.369137670196672,0.325984251968504,0,0.34,0.328525641025641,0.32967032967033,0.31733746130031
"526",1,1,1,1,1,1,0.700647249190938,1,1,0.0957792207792208,1,0.0399361022364217,0.814935064935065,1,0.319488817891374,0.311216429699842,0.0586370839936609,0.681372549019608,1,1,0.294685990338164,0.304838709677419,1,0.150078988941548,1,0.332810047095761,0.319148936170213,1,1,0.789389067524116,0.305993690851735,0.744479495268139,0.973186119873817,0.314873417721519,0,1,0.529505582137161,1,0.300155520995334,1,0.659340659340659,0.6796875,0.684292379471229,1,1,0.317307692307692,0.323671497584541,0.31378763866878,0.325984251968504,0.334384858044164,0,1,0.317757009345794,1,1,0.502392344497608,0.548231511254019,1,1,1,0.34384858044164,0.317891373801917,0.319805194805195,0.673107890499195,1,1,0.0335463258785942,1,0.0540958268933539,0.328616352201258,1,0.325806451612903,0.32512315270936,0.969255663430421,0.50547730829421,1,0.309375,0.343213728549142,1,0.320785597381342,0.0870967741935484,0.338632750397456,0.33122028526149,1,0.341772151898734,1,1,1,1,0.6912,1,1,0.00158478605388273,0.102803738317757,1,0.0407523510971787,0,1,0.556836902800659,0.674193548387097,1,0.0487012987012987,0.314194577352472,1,0.314696485623003,1,0.679936305732484,1,0.325320512820513,0.326984126984127,0.327613104524181,1,0.334389857369255,1,0.479134466769706,1,0.322632423756019,0.293375394321767,0.327073552425665,0.324409448818898,0.472843450479233,1,0.326018808777429,0.317666126418152,1,0.312893081761006,1,1,0.321316614420063,0.549295774647887,1,0.315789473684211,1,0.0367534456355283,1,0.318611987381703,0.671451355661882,0.332283464566929,0.932584269662921,0.439344262295082,0.100470957613815,0.098256735340729,1,1,0.337579617834395,1,0.320552147239264,1,0.810126582278481,1,0.32516339869281,1,1,1,1,0.33931484502447,1,0.325806451612903,0.25,1,0.314873417721519,1,0.311501597444089,0.0870967741935484,1,0.315447154471545,1,1,1,0.34012539184953,1,0.332792207792208,1,0.3088,1,0.325806451612903,0.069620253164557,1,0.632952691680261,1,1,0.3216,1,1,1,1,0.328571428571429,0.309748427672956,1,1,0.319685039370079,0.310064935064935,1,0.441269841269841,0.666666666666667,0,0.317965023847377,0.655502392344498,1,0.328125,1,1,1,0.319182389937107,0.321483771251932,0.333333333333333,1,1,1,0,1,0.319620253164557,0.971337579617834,0.329052969502408,0.310618066561014,0.740916271721959,1,1,1,1,1,0.0380348652931854,0.316211878009631,0.324409448818898,1,0.677165354330709,1,1,0.998412698412698,1,1,1,0.00315955766192733,0.3125,1,0.312803889789303,1,0.307814992025518,1,1,1,1,1,0.324881141045959,1,0.516962843295638,0.332278481012658,0.3312,0.314102564102564,0.32695374800638,0.331746031746032,0.423014586709887,0.333333333333333,0.319620253164557,0.317683881064163,1,0.323671497584541,1,0.682588597842835,0.320126782884311,0.308777429467085,0.334415584415584,1,1,1,0.2508038585209,0.314194577352472,1,0.324881141045959,0.329754601226994,0.31924882629108,0.324921135646688,0.682965299684543,1,0.325,0.315024232633279,1,0.309562398703404,1,0.31104199066874,0.311605723370429,1,1,1,0.518638573743922,1,0.682108626198083,0.0823170731707317,0.3296,1,1,0.0949367088607595,0.318885448916409,0.330097087378641,1,1,0.312307692307692,0.0189873417721519,0.0016025641025641,1,1,0.341732283464567,0.998394863563403,1,0.310344827586207,1,1,0.3184,1,1,1,1,0.327073552425665,0.315625,0.326797385620915,1,1,0.671949286846276,0.317817014446228,1,0.3234375,0.297939778129952,1,1,1,1,1,0.330696202531646,1,1,0.106969205834684,0.335403726708075,0.493589743589744,0.317152103559871,0.6704,0.324409448818898,1,0.3152,0.337042925278219,0.249607535321821,0.325038880248834,1,0.331269349845201,1,1,1,0.308661417322835,0.327044025157233,1,0.928925619834711,0.0609951845906902,1,0.308777429467085,0.321486268174475,0.317384370015949,1,0.332288401253919,0.456730769230769,0.32018927444795,0.317891373801917,0.318555008210181,0.305825242718447,1,0.32794830371567,1,1,0,1,0.3216,1,1,1,0.33175355450237,1,0.323151125401929,1,0.84012539184953,1,1,1,0.32182103610675,1,1,0.316211878009631,0.316129032258064,1,1,0.313099041533546,0.185015290519878,1,1,1,0,0.324058919803601,1,0.31911532385466,0.244019138755981,1,0.67244094488189,0.443234836702955,1,1,0.672782874617737,0.694267515923567,0.352755905511811,1,0.328,1,1,0.344155844155844,1,1,0.004739336492891,0.328,1,1,0.328525641025641,1,1,0.315024232633279,0.332807570977918,1,1,1,0.541996830427892,0.311605723370429,0.348726114649682,0.327160493827161,0.333865814696486,0.685990338164251,0.328616352201258,0.330683624801272,0.318461538461538,0.236133122028526,0.320388349514563,1,0.322480620155039,1,0.317460317460317,0.0826952526799387,0.0446153846153846,1,1,0.0345911949685535,1,0.6875,0.0378548895899054,0.00977198697068404,1,0.686119873817035,1,1,0.540584415584416,1,0,0.0640394088669951,1,1,1,0.3264,0.643292682926829,0.696629213483146,0.993730407523511,1,0.985781990521327,0.310618066561014,0.330658105939005,1,0.311290322580645,1,0.372827804107425,0.108626198083067,0.317535545023697,0.319875776397516,0.343103448275862,1,0.0792393026941363,1,1,1,0.259375,0.326860841423948,1,0.324281150159744,1,1,0.313694267515924,1,0.340557275541796,1,0.315112540192926,0.321027287319422,1,0.666666666666667,0.316358024691358,1,0.317152103559871,0.779904306220096,0.318818040435459,0.155309033280507,0.321044546850998,0.789137380191693,0.311582381729201,1,0.328050713153724,0.342229199372057,0.301092043681747,1,1,1,0.976973684210526,0.332784184514003,1,0.328947368421053,1,0.321192052980132,0.32258064516129,1,1,1,0.926634768740032,1,0.312210200927357,0.329652996845426,1,1,0.0434782608695652,0.0770465489566613,1,1,0.311897106109325,1,1,0.31973898858075,1,1,0.678288431061807,0.520186335403727,1,0,1,1,0.0984375,0.321316614420063,1,0.329032258064516,1,0.96969696969697,1,0.828025477707006,1,0.338842975206612,1,1,1,0,0.309328968903437,1,1,0.665605095541401,1,0.31637519872814,0.369668246445498,0.323248407643312,1,1,1,0.0883720930232558,0.3248,0.0873146622734761,1,0.314873417721519,0.318110236220472,0.361331220285261,0,1,0.961476725521669,1,1,0.331210191082803,0.305295950155763,0.147672552166934,0.0350877192982456,0.326465927099842,0.31637519872814,0.329133858267717,0.0016025641025641,0.317535545023697,1,0,0.320813771517997,1,1,1,0.324921135646688,0.323390894819466,0.0328407224958949,1,0.319047619047619,0.315955766192733,1,1,0.318611987381703,0.688741721854305,1,1,0.690966719492868,1,0.316692667706708,1,0.32018927444795,0.515625,0.663565891472868,0.408385093167702,1,0.30829420970266,0.326923076923077,0.675675675675676,0.663026521060842,1,0.323943661971831,1,0.328197226502311,1,0.323296354992076,0.314754098360656,0.357945425361156,0.537007874015748,0.3216,0.314009661835749,0.655007949125596,0.314641744548287,0.15,1,0,1,0.302737520128824,1,0,0.321027287319422,0.320325203252033,1,0.0553846153846154,1,0.0870967741935484,0.337115072933549,1,0.0578125,0.674050632911392,1,1,1,0.313432835820896,0.0328638497652582,1,0.440514469453376,0.0947030497592295,0.360501567398119,0.31974921630094,0.331761006289308,1,1,1,1,1,0.0606531881804044,1,0.673566878980892,0.00305343511450382,0.323809523809524,1,1,1,1,0.0841269841269841,0.322834645669291,1,1,1,1,1,1,0.4739336492891,0.00161812297734628,1,0.0793650793650794,0.325396825396825,0.422955974842767,1,0.404220779220779,0.31404958677686,0.316037735849057,1,0.033175355450237,0.329652996845426,1,1,0.368,0.311811023622047,0.309033280507132,0.3184,1,0.334959349593496,0.322981366459627,0.415730337078652,0.326433121019108,0.979813664596273,0.315707620528771,0.0761750405186386,0.326530612244898,0,1,0.0846645367412141,0.317817014446228,0.32695374800638,0.323151125401929,1,1,1,1,1,1,0.335483870967742,1,0.325842696629214,0.318718381112985,0.618524332810047,0.684210526315789,1,1,0,0.32093023255814,0.1198738170347,1,0.0299212598425197,1,1,0.319148936170213,1,1,0.632,0.420454545454545,0.998487140695915,0.0796747967479675,0.0947030497592295,1,1,1,0.0825396825396825,0,0.326594090202177,0.432646592709984,0.320433436532508,0,0.331723027375201,0.0823909531502423,1,1,0.32398753894081,0.315873015873016,0.239234449760766,0.343450479233227,0.320813771517997,0.325471698113208,1,1,0.332258064516129,1,0,1,0.218649517684887,1,0.676100628930818,1,0.317460317460317,0.31219512195122,0.0770440251572327,0.669767441860465,1,1,0.786283891547049,0.883415435139573,0.323671497584541,0.319286871961102,1,0.3216,0.251592356687898,0.331730769230769,1,0.100787401574803,1,1,0.322169059011164,0.672158154859967,0.310177705977383,1,1,0.310618066561014,0.309677419354839,0.325471698113208,0.858995137763371,0.324237560192616,1,0.0529595015576324,1,1,0.69701726844584,0.649038461538462,0.326229508196721,0.055205047318612,0.3264,1,1,0.306451612903226,0.324237560192616,0.611197511664075,1,0.315047021943574,0.378548895899054,0.312302839116719,0.984276729559748,0.473767885532591,0.0031496062992126,0.311912225705329,0.329192546583851,0.332794830371567,0.312803889789303,0.322378716744914,0.974803149606299,1,0.314696485623003,0.538834951456311,0.687196110210697,0.22626582278481,0.682042833607908,1,0.325508607198748,0.00317460317460317,0.322169059011164,0.317460317460317,0.376582278481013,0.330112721417069,0,0.339652448657188,0.325242718446602,0.325242718446602,0.31911532385466
"527",0.0526315789473684,0.0450885668276973,0.0470219435736677,0.0439739413680782,0.05,0.0543130990415335,0.34257748776509,0.0490998363338789,0.0516129032258065,0.967159277504105,0.0475435816164818,0.985759493670886,0.134087237479806,0.0477707006369427,0.638709677419355,0.645007923930269,0.995319812792512,0.365,0.0505529225908373,0.0500807754442649,0.644694533762058,0.641571194762684,0.0503937007874016,0.905660377358491,0.0546875,0.614035087719298,0.632352941176471,0.0477759472817133,0.0518867924528302,0.168269230769231,0.639810426540284,0.211598746081505,0.040625,0.636650868878357,0.96260162601626,0.0535117056856187,0.52741935483871,0.0473186119873817,0.648690292758089,0.050314465408805,0.396496815286624,0.37239165329053,0.361934477379095,0.0496794871794872,0.0517799352750809,0.621533442088091,0.639423076923077,0.643642072213501,0.621835443037975,0.619344773790952,0.955414012738854,0.0458265139116203,0.640378548895899,0.0478468899521531,0.050314465408805,0.449180327868852,0.502415458937198,0.0483870967741935,0.0493630573248408,0.0513643659711075,0.617322834645669,0.632165605095541,0.635782747603834,0.381933438985737,0.0542763157894737,0.054140127388535,0.993517017828201,0.0483091787439614,0.998447204968944,0.625,0.0455259026687598,0.634069400630915,0.61525974025974,0.0795454545454545,0.554313099041534,0.0510046367851623,0.638801261829653,0.612244897959184,0.0507131537242472,0.625,0.970826580226904,0.61525974025974,0.622186495176849,0.0475435816164818,0.615384615384615,0.048062015503876,0.0492845786963434,0.0436893203883495,0.0479233226837061,0.363207547169811,0.0486223662884927,0.046583850931677,0.951026856240126,0.964230171073095,0.0405844155844156,0.990625,0.955342902711324,0.0495207667731629,0.496710526315789,0.367149758454106,0.0492063492063492,0.998405103668262,0.649289099526066,0.0495049504950495,0.633757961783439,0.0483870967741935,0.366771159874608,0.053484602917342,0.629337539432177,0.63275039745628,0.62754303599374,0.0524642289348172,0.619496855345912,0.046474358974359,0.564263322884012,0.0498442367601246,0.630818619582664,0.763693270735524,0.616954474097331,0.631663974151858,0.573926868044515,0.0546875,0.629107981220657,0.619902120717781,0.0377952755905512,0.646322378716745,0.0432766615146832,0.0505359877488515,0.748792270531401,0.530805687203792,0.0454545454545455,0.634894991922456,0.0487012987012987,0.99079754601227,0.0439024390243902,0.626182965299685,0.379365079365079,0.6120826709062,0.0016,0.626029654036244,0.968253968253968,0.9696,0.0528846153846154,0.0509031198686371,0.618971061093248,0.0445151033386327,0.628659476117103,0.0512820512820513,0.133437990580848,0.057542768273717,0.630718954248366,0.0446570972886762,0.0528,0.0520325203252033,0.0401284109149278,0.622222222222222,0.0579710144927536,0.619354838709677,0.815873015873016,0.0516431924882629,0.634796238244514,0.0485133020344288,0.648177496038035,0.978861788617886,0.0465489566613162,0.628571428571429,0.0579029733959311,0.0517241379310345,0.0481540930979133,0.615141955835962,0.0499194847020934,0.618296529968454,0.0480769230769231,0.62843295638126,0.0485762144053601,0.62379421221865,0.9858934169279,0.0516431924882629,0.417218543046358,0.0487012987012987,0.0506329113924051,0.634460547504026,0.0429936305732484,0.0475435816164818,0.0470957613814757,0.0445859872611465,0.628205128205128,0.637362637362637,0.0536585365853659,0.0479233226837061,0.621705426356589,0.643322475570033,0.0503937007874016,0.614896988906498,0.389230769230769,0.94896331738437,0.625592417061611,0.384737678855326,0.0493630573248408,0.6234375,0.0488599348534202,0.0483619344773791,0.045958795562599,0.639625585023401,0.633693972179289,0.623973727422003,0.0497667185069984,0.0451612903225806,0.0456692913385827,0.952768729641694,0.0514469453376206,0.638297872340426,0.0189274447949527,0.62779552715655,0.636070853462158,0.312599681020734,0.0496794871794872,0.0506329113924051,0.0414012738853503,0.0477707006369427,0.0488599348534202,0.990415335463259,0.629690048939641,0.627906976744186,0.0521327014218009,0.375,0.0490506329113924,0.054858934169279,0.0512,0.0508744038155803,0.05,0.0489296636085627,0.949367088607595,0.752336448598131,0.0473186119873817,0.626198083067093,0.0471544715447154,0.634185303514377,0.0453125,0.0511182108626198,0.048,0.0516129032258065,0.0518638573743922,0.623003194888179,0.0503937007874016,0.42879746835443,0.618122977346278,0.624801271860095,0.636510500807754,0.628849270664506,0.615629984051037,0.637704918032787,0.610845295055821,0.629984051036683,0.627388535031847,0.05320813771518,0.620578778135048,0.0429042904290429,0.369085173501577,0.633173843700159,0.758566978193146,0.615883306320908,0.0496794871794872,0.04,0.0528,0.814634146341463,0.63349131121643,0.0406885758998435,0.626794258373206,0.6203125,0.6384,0.621664050235479,0.368670886075949,0.0480769230769231,0.624801271860095,0.628617363344051,0.0483091787439614,0.647819063004846,0.0559875583203732,0.63182527301092,0.637239165329053,0.0547504025764895,0.0505709624796085,0.0521327014218009,0.52931854199683,0.0464,0.366987179487179,0.976744186046512,0.626984126984127,0.0483619344773791,0.0417335473515249,0.968895800933126,0.630225080385852,0.625796178343949,0.0353535353535354,0.0471544715447154,0.630503144654088,0.975806451612903,0.9504,0.0518638573743922,0.0495049504950495,0.615264797507788,0.0483091787439614,0.0528771384136858,0.64873417721519,0.0493630573248408,0.0511182108626198,0.625199362041467,0.0481540930979133,0.0527156549520767,0.0458860759493671,0.0505529225908373,0.613782051282051,0.638198757763975,0.625204582651391,0.0528,0.0537459283387622,0.38375796178344,0.630048465266559,0.0487012987012987,0.631496062992126,0.656910569105691,0.05,0.0471698113207547,0.0438184663536776,0.0482315112540193,0.0453834115805947,0.622792937399679,0.0528,0.0538336052202284,0.959481361426256,0.617693522906793,0.571658615136876,0.635048231511254,0.38375796178344,0.630602782071097,0.0446153846153846,0.645833333333333,0.617124394184168,0.803767660910518,0.637958532695375,0.0452342487883683,0.616692426584235,0.0509554140127389,0.0524642289348172,0.0501567398119122,0.64274322169059,0.629283489096573,0.0476190476190476,0.0147783251231527,1,0.0511551155115512,0.631496062992126,0.632952691680261,0.637987012987013,0.0377049180327869,0.624806201550388,0.588045234248788,0.618441971383148,0.634768740031898,0.635332252836305,0.638263665594855,0.043613707165109,0.615008156606852,0.0445544554455446,0.0452342487883683,0.959935897435897,0.053921568627451,0.622977346278317,0.0487421383647799,0.0529595015576324,0.0471544715447154,0.62760834670947,0.05320813771518,0.630894308943089,0.0528771384136858,0.107765451664025,0.0576923076923077,0.053921568627451,0.053125,0.630503144654088,0.0444078947368421,0.0494417862838915,0.636363636363636,0.647527910685805,0.0423197492163009,0.048,0.633870967741936,0.877742946708464,0.0485436893203883,0.043613707165109,0.0491283676703645,0.950558213716108,0.642512077294686,0.0490998363338789,0.636650868878357,0.820678513731826,0.0438311688311688,0.373417721518987,0.508527131782946,0.0487804878048781,0.0477707006369427,0.389649923896499,0.346153846153846,0.5968,0.0483091787439614,0.632,0.0549273021001615,0.0484140233722871,0.619047619047619,0.0464,0.0452342487883683,0.961227786752827,0.621621621621622,0.0525477707006369,0.0461783439490446,0.624798711755233,0.0457413249211356,0.0491803278688525,0.636952998379254,0.733652312599681,0.0466237942122186,0.0443037974683544,0.0450885668276973,0.411023622047244,0.645110410094637,0.643548387096774,0.626168224299065,0.62779552715655,0.364975450081833,0.614779874213837,0.615136876006441,0.630094043887147,0.820063694267516,0.627035830618892,0.0551181102362205,0.627145085803432,0.051948051948052,0.631329113924051,0.976887519260401,0.996830427892235,0.0510835913312693,0.0518867924528302,0.990668740279938,0.0413907284768212,0.371517027863777,0.995215311004785,0.964516129032258,0.0495356037151703,0.369181380417335,0.0499194847020934,0.0523809523809524,0.527508090614887,0.0477707006369427,0.9504,0.983633387888707,0.0461783439490446,0.0514820592823713,0.0545746388443018,0.62621359223301,0.409984871406959,0.356550580431177,0.0661417322834646,0.0479233226837061,0.0233644859813084,0.6359375,0.72258064516129,0.0524642289348172,0.655844155844156,0.0441640378548896,0.570977917981073,0.961290322580645,0.636650868878357,0.635114503816794,0.614213197969543,0.0485133020344288,0.982594936708861,0.0559006211180124,0.0474631751227496,0.0483091787439614,0.815625,0.619439868204283,0.0588235294117647,0.633116883116883,0.0483091787439614,0.0489396411092985,0.639016897081413,0.0488599348534202,0.629969418960245,0.0470016207455429,0.633440514469453,0.626198083067093,0.0492063492063492,0.367909238249595,0.633956386292835,0.0448717948717949,0.633711507293355,0.193396226415094,0.62888198757764,0.910798122065728,0.630030959752322,0.173139158576052,0.634894991922456,0.0586319218241042,0.618819776714514,0.601895734597156,0.6515625,0.0514469453376206,0.0468497576736672,0.0484375,0.0182421227197347,0.714521452145215,0.0544871794871795,0.622331691297209,0.0494417862838915,0.632279534109817,0.629860031104199,0.0490506329113924,0.0460526315789474,0.0469483568075117,0.0252764612954186,0.043613707165109,0.637209302325581,0.627943485086342,0.043613707165109,0.0434782608695652,1,0.974068071312804,0.0478468899521531,0.0494417862838915,0.639741518578352,0.0505529225908373,0.0483619344773791,0.636655948553055,0.0556464811783961,0.055205047318612,0.368584758942457,0.525157232704403,0.0448,0.955725190839695,0.0538827258320127,0.0566037735849057,0.967032967032967,0.630645161290323,0.0501618122977346,0.629160063391442,0.0483870967741935,0.0193236714975845,0.0485436893203883,0.122222222222222,0.0528846153846154,0.624183006535948,0.0440944881889764,0.0487012987012987,0.0460526315789474,0.952380952380952,0.632619439868204,0.0459016393442623,0.0557324840764331,0.374603174603175,0.05,0.62200956937799,0.588141025641026,0.616954474097331,0.0470957613814757,0.05,0.0523731587561375,0.96875,0.620521172638437,0.978441127694859,0.045016077170418,0.641065830721003,0.64873417721519,0.592823712948518,0.950080515297907,0.0421393841166937,0.00478468899521531,0.0523809523809524,0.0517241379310345,0.620578778135048,0.647335423197492,0.903691813804173,0.991974317817014,0.635646687697161,0.642628205128205,0.620634920634921,0.956591639871383,0.638709677419355,0.0477657935285054,0.94912559618442,0.62754303599374,0.053968253968254,0.0511182108626198,0.0491283676703645,0.624605678233438,0.628705148205928,0.993377483443709,0.0445151033386327,0.639291465378422,0.636792452830189,0.0471698113207547,0.0555555555555556,0.6352,0.360134003350084,0.0456769983686786,0.0512,0.354368932038835,0.05,0.640378548895899,0.0483870967741935,0.627831715210356,0.52639751552795,0.386895475819033,0.657894736842105,0.0507131537242472,0.645412130637636,0.626959247648903,0.36687306501548,0.383886255924171,0.0462519936204147,0.6296875,0.0471544715447154,0.63125,0.0465489566613162,0.626391096979332,0.637096774193548,0.5904,0.547880690737834,0.62843295638126,0.630048465266559,0.380726698262243,0.626373626373626,0.917785234899329,0.0422077922077922,0.948275862068966,0.0501567398119122,0.649837133550489,0.0493630573248408,0.960063897763578,0.6192,0.633663366336634,0.0504065040650407,1,0.0490506329113924,0.971014492753623,0.606109324758842,0.0428571428571429,0.998410174880763,0.380191693290735,0.0503937007874016,0.0493630573248408,0.0470957613814757,0.631067961165049,0.989130434782609,0.0502354788069074,0.509554140127389,0.96474358974359,0.58695652173913,0.635646687697161,0.627329192546584,0.0504731861198738,0.0405186385737439,0.0589171974522293,0.0440251572327044,0.0394321766561514,0.998459167950693,0.0574534161490683,0.375796178343949,0.956856702619414,0.62992125984252,0.0466237942122186,0.05,0.044189852700491,0.040625,0.975961538461538,0.625786163522013,0.0438871473354232,0.0500807754442649,0.0445544554455446,0.0470016207455429,0.0547504025764895,0.0546623794212219,0.566358024691358,0.966237942122186,0.0491283676703645,0.9826224328594,0.641148325358852,0.63265306122449,0.0488188976377953,0.55663430420712,0.640132669983416,0.635220125786163,0.0552922590837283,0.993690851735016,0.633802816901408,0.0445151033386327,0.0494417862838915,0.57328990228013,0.632492113564669,0.6448,0.629324546952224,0.0403726708074534,0.618506493506494,0.627575277337559,0.646203554119548,0.635634028892456,0.0109375,0.635792778649921,0.978688524590164,0.6272,0.955555555555556,0.0508744038155803,0.97411003236246,0.639477977161501,0.620472440944882,0.634768740031898,0.046875,0.0407523510971787,0.043261231281198,0.0507936507936508,0.0443349753694581,0.0505709624796085,0.61389337641357,0.04858934169279,0.633333333333333,0.633499170812604,0.46129541864139,0.371100164203612,0.0498442367601246,0.0520504731861199,0.954186413902054,0.63125,0.944794952681388,0.0464396284829721,0.991974317817014,0.0464,0.044189852700491,0.633711507293355,0.0501618122977346,0.0511551155115512,0.42671009771987,0.637561779242175,0.0572289156626506,0.974025974025974,0.969354838709677,0.048,0.0513643659711075,0.0462519936204147,0.976152623211447,0.954258675078864,0.626771653543307,0.523961661341853,0.624036979969183,0.953560371517028,0.613162118780096,0.980487804878049,0.0521172638436482,0.0491803278688525,0.635792778649921,0.625585023400936,0.825119236883943,0.611202635914333,0.632423756019262,0.628571428571429,0.0525477707006369,0.0473186119873817,0.623397435897436,0.0514372163388805,0.954258675078864,0.0414673046251994,0.850891410048622,0.0512820512820513,0.379527559055118,0.0514018691588785,0.636075949367089,0.632520325203252,0.985530546623794,0.377535101404056,0.0461783439490446,0.0415335463258786,0.25974025974026,0.161397670549085,0.620578778135048,0.631493506493506,0.0521327014218009,0.625,0.806089743589744,0.618357487922705,0.0590979782270607,0.965244865718799,0.0512820512820513,0.05,0.630818619582664,0.383870967741935,0.641233766233766,0.0454545454545455,0.0438311688311688,0.637795275590551,0.6359375,0.626356589147287,0.209415584415584,0.634266886326194,0.0505529225908373,1,0.0543130990415335,0.0424143556280587,0.358372456964006,0.409309791332263,0.614754098360656,1,0.625204582651391,0.0517241379310345,0.0392156862745098,0.6448,0.619582664526485,0.437201907790143,0.046031746031746,0.635384615384615,0.684375,0.64251968503937,0.0660377358490566,0.579967689822294,0.962204724409449,0.640502354788069,0.61741835147745,0.617647058823529,0.637239165329053,0.629800307219662,0.0770440251572327,0.0547504025764895,0.641955835962145,0.504901960784314,0.370731707317073,0.834375,0.369281045751634,0.0398089171974522,0.619582664526485,0.9552,0.625201938610662,0.638263665594855,0.685624012638231,0.6192,0.955905511811024,0.617693522906793,0.630225080385852,0.620745542949757,0.632423756019262
"528",0.0791599353796446,0.0825545171339564,0.0729001584786054,0.0750798722044728,0.0775316455696203,0.0794912559618442,0.3824,0.0772870662460568,0.0839936608557845,0.988709677419355,0.0756172839506173,0.958664546899841,0.105939004815409,0.08,0.598070739549839,0.61198738170347,0.982785602503912,0.406611570247934,0.0809061488673139,0.0740157480314961,0.606973058637084,0.602870813397129,0.0822784810126582,0.923444976076555,0.0902140672782875,0.579029733959311,0.590909090909091,0.073051948051948,0.0895061728395062,0.153846153846154,0.6046875,0.185358255451713,0.0646687697160883,0.603833865814696,0.933649289099526,0.090311986863711,0.571879936808847,0.0818897637795276,0.615740740740741,0.0865533230293663,0.427672955974843,0.396875,0.404651162790698,0.0775316455696203,0.0854838709677419,0.58957654723127,0.592709984152139,0.599690880989181,0.593059936908517,0.576377952755906,0.917851500789889,0.0848,0.602825745682888,0.0786163522012579,0.081377151799687,0.39349593495935,0.5344,0.0780254777070064,0.0846394984326019,0.080952380952381,0.578866768759571,0.590909090909091,0.594155844155844,0.415605095541401,0.0863192182410423,0.0854037267080745,0.9616,0.0792393026941363,0.984709480122324,0.583596214511041,0.0828125,0.596214511041009,0.578861788617886,0.119086460032626,0.596546310832025,0.0830769230769231,0.610410094637224,0.576506955177743,0.0778816199376947,0.587064676616915,0.990291262135922,0.590111642743222,0.595645412130638,0.089622641509434,0.574803149606299,0.0787037037037037,0.0852090032154341,0.0783699059561129,0.0786163522012579,0.400621118012422,0.0694668820678514,0.0775193798449612,0.924528301886792,0.987261146496815,0.0700636942675159,0.962558502340094,0.919303797468354,0.0754716981132075,0.536065573770492,0.414125200642055,0.0857142857142857,0.974235104669887,0.604430379746835,0.0875202593192869,0.592,0.074313408723748,0.404761904761905,0.0806962025316456,0.590189873417722,0.590909090909091,0.579937304075235,0.0852713178294574,0.576138147566719,0.082670906200318,0.616692426584235,0.08649468892261,0.595505617977528,0.786833855799373,0.586523736600306,0.592356687898089,0.618897637795276,0.0834645669291339,0.594383775351014,0.591572123176661,0.0766823161189358,0.6,0.0785498489425982,0.0785824345146379,0.763578274760383,0.543343653250774,0.0718954248366013,0.6,0.074313408723748,0.960244648318043,0.0759289176090469,0.593406593406593,0.41838351822504,0.579365079365079,0.0223642172523962,0.63953488372093,0.990430622009569,0.990369181380417,0.081377151799687,0.0766773162939297,0.575471698113208,0.0757097791798107,0.590288315629742,0.0812101910828025,0.114420062695925,0.0845070422535211,0.593301435406699,0.0700636942675159,0.0821484992101106,0.0837359098228663,0.0710900473933649,0.570739549839228,0.0894568690095847,0.588330632090762,0.830188679245283,0.0803149606299213,0.594383775351014,0.0821705426356589,0.604430379746835,0.995238095238095,0.0766773162939297,0.595121951219512,0.0850393700787402,0.0791139240506329,0.0864779874213836,0.579113924050633,0.0850722311396469,0.588141025641026,0.0838709677419355,0.59170653907496,0.0823909531502423,0.593247588424437,0.998420221169036,0.078525641025641,0.454248366013072,0.076797385620915,0.0864779874213836,0.592651757188498,0.0763116057233704,0.0772870662460568,0.0815047021943574,0.0784929356357928,0.5888,0.594135802469136,0.0846905537459283,0.0822784810126582,0.587962962962963,0.610223642172524,0.0783699059561129,0.65615141955836,0.420647149460709,0.913461538461538,0.593301435406699,0.421383647798742,0.0783699059561129,0.587596899224806,0.0768,0.0808709175738725,0.0772870662460568,0.601910828025478,0.591331269349845,0.589456869009585,0.0842266462480858,0.0842787682333874,0.0738993710691824,0.9296,0.0839936608557845,0.6,0.0595611285266458,0.590111642743222,0.594594594594595,0.35625,0.0780254777070064,0.0830721003134796,0.0761904761904762,0.0800627943485086,0.0775444264943457,0.952978056426332,0.593996840442338,0.587227414330218,0.083596214511041,0.410015649452269,0.0860215053763441,0.0832049306625578,0.0771653543307087,0.0860719874804382,0.0776545166402536,0.0787037037037037,0.925396825396825,0.776049766718507,0.0889235569422777,0.606741573033708,0.0764331210191083,0.60377358490566,0.0771604938271605,0.080952380952381,0.0777777777777778,0.0775444264943457,0.0833333333333333,0.580031695721078,0.0834645669291339,0.386731391585761,0.588697017268446,0.5796875,0.5904,0.579967689822294,0.577777777777778,0.653721682847896,0.569823434991974,0.593996840442338,0.589257503949447,0.0865533230293663,0.587774294670846,0.0805921052631579,0.404945904173107,0.587579617834395,0.780373831775701,0.583333333333333,0.0827922077922078,0.0747217806041336,0.0810810810810811,0.822866344605475,0.602825745682888,0.0736677115987461,0.586538461538462,0.589861751152074,0.595879556259905,0.594043887147335,0.410174880763116,0.0706260032102729,0.5921875,0.587859424920128,0.0806962025316456,0.617021276595745,0.0864197530864197,0.596875,0.603125,0.0789049919484702,0.0798722044728434,0.0772870662460568,0.571653543307087,0.0803858520900322,0.407290015847861,0.996937212863706,0.592063492063492,0.0804416403785489,0.0806962025316456,0.987480438184664,0.592063492063492,0.588330632090762,0.0796747967479675,0.0872374798061389,0.597523219814242,0.941915227629513,0.919093851132686,0.0853462157809984,0.0813008130081301,0.580745341614907,0.0813397129186603,0.0865533230293663,0.606864274570983,0.0881889763779528,0.0800627943485086,0.602201257861635,0.0802568218298555,0.0738993710691824,0.0816326530612245,0.0803149606299213,0.584518167456556,0.60708782742681,0.591276252019386,0.0768,0.083596214511041,0.4125,0.587859424920128,0.0721153846153846,0.588419405320814,0.609250398724083,0.0834621329211747,0.0753532182103611,0.0800627943485086,0.0797448165869219,0.0784929356357928,0.592709984152139,0.0856219709208401,0.0816,0.979233226837061,0.582159624413146,0.583201267828843,0.605304212168487,0.412974683544304,0.596244131455399,0.0817901234567901,0.609400324149109,0.591414944356121,0.828125,0.590625,0.0812101910828025,0.581143740340031,0.0884676145339652,0.0794912559618442,0.0875,0.594896331738437,0.6078125,0.0850393700787402,0.00491803278688525,0.97427652733119,0.0852090032154341,0.589424572317263,0.581583198707593,0.608346709470305,0.07085346215781,0.578947368421053,0.61993769470405,0.584905660377358,0.595879556259905,0.590538336052202,0.613207547169811,0.0723076923076923,0.583732057416268,0.0716612377850163,0.0717703349282297,0.926282051282051,0.0796178343949045,0.582802547770701,0.0842607313195548,0.0788253477588872,0.0749185667752443,0.585173501577287,0.0781010719754977,0.603225806451613,0.0823170731707317,0.0845070422535211,0.0884676145339652,0.0832,0.0782472613458529,0.590551181102362,0.0699523052464229,0.0826580226904376,0.595611285266458,0.596153846153846,0.0792393026941363,0.0732484076433121,0.59375,0.897832817337461,0.0825242718446602,0.0746500777604977,0.0736677115987461,0.918495297805643,0.589540412044374,0.0788177339901478,0.590909090909091,0.830963665086888,0.0759493670886076,0.411949685534591,0.464615384615385,0.0906148867313916,0.0793650793650794,0.418856259659969,0.390625,0.555023923444976,0.0790322580645161,0.587479935794542,0.0893141945773525,0.0713128038897893,0.589171974522293,0.0784929356357928,0.092948717948718,0.928571428571429,0.583601286173633,0.0833333333333333,0.082670906200318,0.586816720257235,0.0713178294573643,0.0774193548387097,0.60223642172524,0.749606299212598,0.0810810810810811,0.0845070422535211,0.0765625,0.377777777777778,0.6046875,0.607874015748031,0.598484848484849,0.580093312597201,0.403785488958991,0.580246913580247,0.580847723704867,0.597523219814242,0.841269841269841,0.5936,0.0811232449297972,0.585403726708075,0.0817307692307692,0.589703588143526,1,0.968992248062015,0.0796875,0.0897832817337461,0.958990536277603,0.0746753246753247,0.397174254317111,0.964686998394864,0.93563579277865,0.0817610062893082,0.405320813771518,0.0761904761904762,0.0838607594936709,0.541139240506329,0.080188679245283,0.925233644859813,1,0.0834645669291339,0.0832025117739403,0.0881889763779528,0.589825119236884,0.44527736131934,0.398042414355628,0.0887480190174326,0.078740157480315,0.056782334384858,0.607594936708861,0.746456692913386,0.0799373040752351,0.601612903225806,0.0748829953198128,0.530612244897959,0.982511923688394,0.60410094637224,0.600924499229584,0.581666666666667,0.0808709175738725,1,0.0868217054263566,0.0704918032786885,0.0800627943485086,0.828616352201258,0.589371980676328,0.0886075949367089,0.593114241001565,0.0772946859903382,0.0800653594771242,0.60061919504644,0.078525641025641,0.597859327217125,0.0775316455696203,0.600321027287319,0.591772151898734,0.078740157480315,0.406752411575563,0.603100775193798,0.0794392523364486,0.610662358642973,0.175355450236967,0.593220338983051,0.928237129485179,0.597243491577335,0.152755905511811,0.6,0.0935483870967742,0.584518167456556,0.576086956521739,0.625194401244168,0.0847723704866562,0.0789049919484702,0.0829493087557604,0.0561056105610561,0.749169435215947,0.0832025117739403,0.586816720257235,0.082670906200318,0.58957654723127,0.599383667180277,0.08125,0.0786516853932584,0.0762052877138414,0,0.0791925465838509,0.601880877742947,0.598746081504702,0.075,0.0770465489566613,0.974068071312804,1,0.0792393026941363,0.08,0.593301435406699,0.0886075949367089,0.0769230769230769,0.60126582278481,0.0878048780487805,0.0841269841269841,0.404423380726698,0.5765625,0.0771653543307087,0.924471299093656,0.0816326530612245,0.0866141732283465,0.9890625,0.594936708860759,0.0811688311688312,0.581358609794629,0.0849358974358974,0.0536585365853659,0.0832,0.0964230171073095,0.0819935691318328,0.590614886731392,0.0726698262243286,0.073015873015873,0.0809061488673139,0.923913043478261,0.597381342062193,0.0685154975530179,0.0860719874804382,0.415605095541401,0.0815047021943574,0.581761006289308,0.549050632911392,0.588419405320814,0.0754716981132075,0.080188679245283,0.0879120879120879,0.99075500770416,0.580385852090032,1,0.0794912559618442,0.608359133126935,0.607198748043818,0.553459119496855,0.919175911251981,0.0794912559618442,0.0396196513470681,0.08125,0.0782472613458529,0.584664536741214,0.599378881987578,0.921850079744817,0.958333333333333,0.596214511041009,0.598425196850394,0.577639751552795,0.924193548387097,0.59717868338558,0.0791925465838509,0.917981072555205,0.594427244582043,0.0808709175738725,0.0893141945773525,0.0771704180064309,0.591549295774648,0.598755832037325,0.961730449251248,0.0795631825273011,0.605431309904153,0.608964451313756,0.0871632329635499,0.0873015873015873,0.599374021909233,0.393092105263158,0.0734094616639478,0.0874403815580286,0.39297124600639,0.0806201550387597,0.608695652173913,0.086038961038961,0.598116169544741,0.589984350547731,0.414746543778802,0.668202764976959,0.0817901234567901,0.601236476043277,0.5921875,0.405320813771518,0.421705426356589,0.0737833594976452,0.590837282780411,0.0826580226904376,0.59606656580938,0.0770465489566613,0.588050314465409,0.606451612903226,0.55784469096672,0.549520766773163,0.5888,0.597402597402597,0.419558359621451,0.594427244582043,0.946166394779772,0.0708661417322835,0.931142410015649,0.0799373040752351,0.613162118780096,0.0859872611464968,0.927672955974843,0.592063492063492,0.601926163723916,0.0759289176090469,0.975308641975309,0.0809968847352025,0.990322580645161,0.553429027113238,0.0741324921135647,0.977917981072555,0.413793103448276,0.0768,0.0897637795275591,0.075,0.595394736842105,0.955108359133127,0.0738993710691824,0.479495268138801,0.988673139158576,0.550860719874804,0.587869362363919,0.585443037974684,0.0794392523364486,0.0592,0.086677367576244,0.0832025117739403,0.0796875,0.981424148606811,0.0858034321372855,0.405956112852665,0.921898928024502,0.5888,0.0794392523364486,0.0849056603773585,0.0735294117647059,0.0736196319018405,0.993620414673046,0.59253499222395,0.0696594427244582,0.0775444264943457,0.0796747967479675,0.078525641025641,0.0811232449297972,0.0875202593192869,0.617647058823529,0.943639291465378,0.078740157480315,1,0.593949044585987,0.666666666666667,0.0857142857142857,0.51373182552504,0.59771986970684,0.59717868338558,0.084375,0.958925750394945,0.594976452119309,0.0723270440251572,0.0834645669291339,0.548076923076923,0.60062893081761,0.609250398724083,0.591205211726384,0.0743670886075949,0.592651757188498,0.58814352574103,0.662939297124601,0.593700787401575,0.0474732006125574,0.595744680851064,1,0.58161648177496,0.9203125,0.0812101910828025,0.991922455573506,0.601275917065391,0.583732057416268,0.592169657422512,0.0797546012269939,0.0715396578538103,0.0827922077922078,0.0802469135802469,0.0837359098228663,0.0831973898858075,0.581059390048154,0.0824088748019017,0.595238095238095,0.592905405405405,0.475357710651828,0.414125200642055,0.0795631825273011,0.0828125,0.927899686520376,0.601866251944012,0.963722397476341,0.0781010719754977,0.958466453674121,0.0842607313195548,0.0844155844155844,0.588424437299035,0.0787781350482315,0.0844155844155844,0.451355661881978,0.649754500818331,0.0837138508371385,1,0.988871224165342,0.080188679245283,0.0782747603833866,0.0740157480314961,1,0.922360248447205,0.577044025157233,0.486571879936809,0.588976377952756,0.925233644859813,0.576862123613312,1,0.080824088748019,0.0770465489566613,0.591117917304747,0.58641975308642,0.842857142857143,0.587378640776699,0.6015625,0.592125984251968,0.0812101910828025,0.0786163522012579,0.579872204472843,0.0769230769230769,0.929797191887676,0.0721153846153846,0.864864864864865,0.0819935691318328,0.412322274881517,0.0741324921135647,0.601574803149606,0.606109324758842,0.998430141287284,0.409020217729393,0.0779014308426073,0.0740740740740741,0.297427652733119,0.18801996672213,0.593548387096774,0.6016,0.0755905511811024,0.583860759493671,0.828843106180666,0.58957654723127,0.0829493087557604,0.9875,0.080952380952381,0.0819935691318328,0.597774244833068,0.407051282051282,0.600638977635783,0.0849673202614379,0.0740740740740741,0.604037267080745,0.602218700475436,0.579666160849772,0.218649517684887,0.601941747572815,0.0794912559618442,0.97191887675507,0.0806962025316456,0.0766721044045677,0.395275590551181,0.456279809220986,0.591735537190083,0.973101265822785,0.589540412044374,0.0770440251572327,0.0674342105263158,0.605388272583201,0.575949367088608,0.490654205607477,0.0817610062893082,0.6,0.684210526315789,0.609717868338558,0.0995405819295559,0.62200956937799,0.932069510268562,0.61198738170347,0.585669781931464,0.58908507223114,0.596747967479675,0.592024539877301,0.104851330203443,0.0822784810126582,0.60952380952381,0.552845528455285,0.406099518459069,0.848200312989045,0.408566721581549,0.0761904761904762,0.582018927444795,0.934189406099519,0.574603174603175,0.5953125,0.696969696969697,0.583067092651757,0.928348909657321,0.572998430141287,0.598715890850722,0.588235294117647,0.59904912836767
"529",1,1,1,1,1,1,0.707395498392283,1,1,0.098546042003231,1,0.0449612403100775,0.812400635930048,1,0.310725552050473,0.297839506172839,0.0658307210031348,0.686688311688312,1,1,0.288643533123028,0.306836248012719,1,0.151326053042122,1,0.328703703703704,0.313001605136437,1,1,0.784345047923323,0.317610062893082,0.730232558139535,0.962382445141066,0.309486780715397,0,1,0.549844236760125,1,0.297256097560976,1,0.669291338582677,0.689547581903276,0.69683257918552,1,1,0.314285714285714,0.316614420062696,0.301684532924962,0.314728682170543,0.322085889570552,0,1,0.313755795981453,1,1,0.49047619047619,0.565286624203822,1,1,1,0.32469512195122,0.31496062992126,0.310832025117739,0.686915887850467,1,1,0.0408805031446541,1,0.0548780487804878,0.325115562403698,1,0.311424100156495,0.323624595469256,0.964516129032258,0.52,1,0.302469135802469,0.336906584992343,1,0.311605723370429,0.0862619808306709,0.322734499205087,0.330721003134796,1,0.329192546583851,1,1,1,1,0.700934579439252,1,1,0.00156985871271586,0.105100463678516,1,0.0462962962962963,0,1,0.566129032258065,0.679425837320574,1,0.0487421383647799,0.309262166405024,1,0.305863708399366,1,0.687598116169545,1,0.314465408805031,0.316614420062696,0.31201248049922,1,0.320872274143302,1,0.494640122511485,1,0.3056,0.293103448275862,0.322289156626506,0.318541996830428,0.483464566929134,0.998456790123457,0.322033898305085,0.318910256410256,1,0.297839506172839,1,1,0.332283464566929,0.539755351681957,1,0.309375,1,0.0432835820895522,1,0.312210200927357,0.678571428571429,0.318181818181818,0.932283464566929,0.422697368421053,0.105845181674566,0.0956112852664577,1,1,0.327014218009479,1,0.311278195488722,1,0.80521472392638,1,0.317741935483871,1,1,1,1,0.333333333333333,1,0.315112540192926,0.254185692541857,1,0.310185185185185,1,0.295774647887324,0.0858505564387917,1,0.309677419354839,1,1,1,0.331278890600925,1,0.321766561514196,1,0.3046875,1,0.31875,0.0783410138248848,1,0.643548387096774,1,1,0.310618066561014,1,1,1,1,0.31733746130031,0.30568356374808,1,0.998454404945904,0.314641744548287,0.3125,1,0.462365591397849,0.672230652503794,0,0.317034700315457,0.67192429022082,1,0.326219512195122,1,0.998454404945904,1,0.313971742543171,0.314814814814815,0.323899371069182,1,1,1,0,1,0.302215189873418,0.972049689440994,0.315873015873016,0.302362204724409,0.746456692913386,1,1,1,1,1,0.0441640378548896,0.315372424722662,0.316692667706708,1,0.688473520249221,1,1,1,0.998447204968944,1,1,0.00460122699386503,0.318885448916409,1,0.303656597774245,1,0.302034428794992,1,1,1,1,1,0.317034700315457,1,0.498432601880878,0.319685039370079,0.326120556414219,0.3072,0.316118935837246,0.321766561514196,0.410828025477707,0.324960753532182,0.314329738058552,0.315467075038285,1,0.318110236220472,1,0.691472868217054,0.310452418096724,0.308049535603715,0.332278481012658,1,1,1,0.250391236306729,0.305772230889236,1,0.321086261980831,0.325652841781874,0.310452418096724,0.314728682170543,0.694006309148265,1,0.31875,0.311424100156495,1,0.297734627831715,1,0.306501547987616,0.311424100156495,1,1,1,0.544600938967136,1,0.688372093023256,0.0825688073394495,0.320251177394035,1,1,0.0964230171073095,0.315548780487805,0.32484076433121,1,1,0.307098765432099,0.0286168521462639,0.00321027287319422,1,1,0.334355828220859,0.998425196850394,1,0.312210200927357,1,1,0.312693498452012,1,1,1,1,0.318818040435459,0.301829268292683,0.324881141045959,1,1,0.671296296296296,0.313971742543171,1,0.311827956989247,0.291798107255521,1,1,0.998452012383901,1,1,0.318818040435459,1,1,0.100638977635783,0.33587786259542,0.477848101265823,0.305111821086262,0.673913043478261,0.317757009345794,1,0.31139646869984,0.332807570977918,0.256568778979907,0.319018404907975,1,0.317484662576687,1,1,1,0.306477093206951,0.31937984496124,0.998473282442748,0.922455573505654,0.0628019323671498,1,0.311627906976744,0.314285714285714,0.302839116719243,1,0.317557251908397,0.477379095163807,0.317262830482115,0.301391035548686,0.313504823151125,0.3015625,1,0.322784810126582,1,1,0,1,0.318110236220472,1,1,1,0.31924882629108,1,0.306818181818182,1,0.838709677419355,1,1,1,0.311550151975684,1,1,0.306153846153846,0.313572542901716,1,1,0.31201248049922,0.189473684210526,1,0.998452012383901,1,0,0.312599681020734,1,0.298600311041991,0.241758241758242,1,0.67398119122257,0.429447852760736,1,1,0.679699248120301,0.704791344667697,0.342679127725857,1,0.312111801242236,1,1,0.324409448818898,1,0.998420221169036,0.00783699059561128,0.318681318681319,1,1,0.322222222222222,1,1,0.295774647887324,0.324534161490683,1,1,1,0.524031007751938,0.313364055299539,0.343260188087774,0.314199395770393,0.330246913580247,0.693037974683544,0.326153846153846,0.327586206896552,0.317972350230415,0.240944881889764,0.3125,1,0.321699544764795,0.9984375,0.315217391304348,0.0853658536585366,0.0496894409937888,1,1,0.0416024653312789,1,0.690402476780186,0.0417956656346749,0.0125195618153365,1,0.688575899843505,1,1,0.538095238095238,1,0,0.07085346215781,1,1,1,0.31496062992126,0.651266766020864,0.695934959349593,0.993769470404984,1,0.98297213622291,0.296583850931677,0.340590979782271,1,0.295886075949367,1,0.367441860465116,0.10702875399361,0.303215926493109,0.320182094081942,0.331683168316832,1,0.0824427480916031,1,1,1,0.25652841781874,0.311111111111111,1,0.309262166405024,1,1,0.311627906976744,1,0.325264750378215,1,0.304416403785489,0.318818040435459,1,0.6816,0.306060606060606,1,0.310015898251192,0.753488372093023,0.31306990881459,0.1546875,0.316590563165906,0.7734375,0.304140127388535,1,0.321316614420063,0.335375191424196,0.290824261275272,1,1,1,0.969404186795491,0.346341463414634,1,0.321486268174475,1,0.31023102310231,0.312024353120244,1,1,1,0.921630094043887,1,0.307926829268293,0.316118935837246,1,1,0.0478468899521531,0.0792393026941363,1,1,0.304897314375987,1,1,0.310832025117739,1,1,0.683153013910355,0.54,1,0,1,1,0.098613251155624,0.319938176197836,1,0.312404287901991,0.998425196850394,0.965408805031447,0.998415213946117,0.826086956521739,1,0.325769854132901,1,1,1,0,0.315533980582524,1,1,0.675,1,0.306122448979592,0.357251908396947,0.317901234567901,1,1,1,0.0904907975460123,0.319047619047619,0.0937996820349762,0.998430141287284,0.30625,0.304953560371517,0.347417840375587,0,1,0.95583596214511,1,1,0.320695102685624,0.299694189602446,0.156494522691706,0.0406885758998435,0.321766561514196,0.302652106084243,0.326153846153846,0.00158730158730159,0.311424100156495,1,0,0.310769230769231,1,1,1,0.309006211180124,0.314589665653495,0.0355411954765751,1,0.313291139240506,0.310664605873261,1,1,0.31733746130031,0.693311582381729,1,1,0.702786377708978,1,0.301075268817204,1,0.306603773584906,0.536547433903577,0.668740279937792,0.399390243902439,1,0.30077519379845,0.312111801242236,0.686635944700461,0.670807453416149,1,0.314728682170543,1,0.321699544764795,1,0.315047021943574,0.320754716981132,0.349157733537519,0.527777777777778,0.315286624203822,0.300476947535771,0.671383647798742,0.317901234567901,0.141025641025641,1,0,1,0.294573643410853,1,0,0.318181818181818,0.315286624203822,1,0.056547619047619,1,0.083596214511041,0.331230283911672,1,0.062402496099844,0.684210526315789,1,1,1,0.310064935064935,0.0382848392036753,1,0.417701863354037,0.0955414012738854,0.350531107738998,0.3171875,0.311827956989247,1,1,1,1,1,0.0629800307219662,0.996908809891808,0.687010954616588,0.00454545454545455,0.313971742543171,1,1,1,1,0.0852713178294574,0.309923664122137,1,1,1,1,1,1,0.49615975422427,0.0016,1,0.0870917573872473,0.317683881064163,0.44031007751938,1,0.395833333333333,0.313408723747981,0.309119010819165,1,0.0376175548589342,0.314152410575428,1,1,0.375601926163724,0.308166409861325,0.310452418096724,0.315789473684211,0.998466257668712,0.312796208530806,0.308411214953271,0.408585055643879,0.312302839116719,0.970404984423676,0.310769230769231,0.0837359098228663,0.320433436532508,0,1,0.0838709677419355,0.309375,0.313694267515924,0.319620253164557,1,1,1,1,1,1,0.32753164556962,1,0.313291139240506,0.316045380875203,0.598765432098765,0.6832,1,1,0,0.311926605504587,0.110584518167457,0.998466257668712,0.0363924050632911,1,1,0.3056,1,1,0.622641509433962,0.408866995073892,0.995555555555556,0.0816,0.0952380952380952,1,1,1,0.0877742946708464,0,0.321044546850998,0.405956112852665,0.310975609756098,0,0.3232,0.0868878357030016,1,1,0.312788906009245,0.313572542901716,0.2375,0.328502415458937,0.311728395061728,0.317757009345794,1,1,0.330128205128205,1,0,1,0.2171875,1,0.675840978593272,1,0.309707241910632,0.306349206349206,0.0775193798449612,0.678018575851393,1,1,0.791344667697063,0.895330112721417,0.318910256410256,0.3136,1,0.30952380952381,0.255451713395639,0.323248407643312,1,0.104294478527607,1,1,0.317683881064163,0.683544303797468,0.310725552050473,1,1,0.303459119496855,0.302180685358255,0.315548780487805,0.864864864864865,0.305246422893482,1,0.0558139534883721,1,1,0.703533026113671,0.658423493044822,0.324281150159744,0.0549450549450549,0.317111459968603,1,1,0.309375,0.323899371069182,0.621495327102804,1,0.307339449541284,0.36322188449848,0.303599374021909,0.986175115207373,0.482484076433121,0.00462249614791988,0.300469483568075,0.322480620155039,0.323899371069182,0.302215189873418,0.310030395136778,0.975460122699387,1,0.3109375,0.555915721231767,0.6875,0.231839258114374,0.693548387096774,1,0.321086261980831,0.0015625,0.326053042121685,0.312210200927357,0.363076923076923,0.31832298136646,0,0.338028169014085,0.310015898251192,0.322115384615385,0.310344827586207
"530",1,1,1,1,1,1,0.705211726384365,1,1,0.0960912052117264,1,0.04858934169279,0.821543408360129,1,0.319422150882825,0.306477093206951,0.0664556962025316,0.691927512355848,1,1,0.29093799682035,0.3088,1,0.152996845425868,1,0.329153605015674,0.310289389067524,1,1,0.79153605015674,0.307570977917981,0.7328125,0.960691823899371,0.30379746835443,0,1,0.536050156739812,1,0.299539170506912,1,0.66131621187801,0.67948717948718,0.699530516431925,1,1,0.313915857605178,0.305331179321486,0.305863708399366,0.319554848966614,0.328616352201258,0,1,0.313572542901716,1,1,0.496784565916399,0.555915721231767,1,1,1,0.328660436137072,0.316558441558442,0.321543408360129,0.682464454976303,1,1,0.0420711974110032,1,0.0610687022900763,0.317111459968603,1,0.311111111111111,0.325281803542673,0.965964343598055,0.497607655502392,1,0.309262166405024,0.332814930015552,1,0.315181518151815,0.0841423948220065,0.32475884244373,0.32484076433121,1,0.332805071315372,1,1,1,1,0.687106918238994,1,1,0.00159744408945687,0.103286384976526,1,0.0524691358024691,0,1,0.558292282430213,0.680129240710824,1,0.0556438791732909,0.316720257234727,1,0.312399355877617,1,0.691823899371069,1,0.314285714285714,0.318979266347687,0.313291139240506,1,0.324881141045959,1,0.482704402515723,1,0.313099041533546,0.286604361370716,0.320987654320988,0.3136,0.470588235294118,0.998415213946117,0.316535433070866,0.314238952536825,1,0.311708860759494,1,1,0.314873417721519,0.541666666666667,1,0.305732484076433,1,0.0487062404870624,1,0.311424100156495,0.6768,0.328548644338118,0.930708661417323,0.442434210526316,0.10126582278481,0.094551282051282,1,1,0.330143540669856,1,0.314728682170543,1,0.807511737089202,1,0.32516339869281,1,1,1,1,0.331746031746032,1,0.313099041533546,0.245222929936306,1,0.310832025117739,1,0.296703296703297,0.0837282780410742,1,0.304838709677419,1,1,1,0.336434108527132,1,0.3312,1,0.307568438003221,1,0.313099041533546,0.0752351097178683,1,0.631578947368421,1,1,0.312,1,1,1,1,0.321543408360129,0.304897314375987,1,0.998410174880763,0.309486780715397,0.308562197092084,1,0.43879173290938,0.667692307692308,0,0.316720257234727,0.667726550079491,1,0.321981424148607,1,0.998449612403101,1,0.310618066561014,0.317757009345794,0.331210191082803,1,1,1,0,1,0.306089743589744,0.971473851030111,0.3168,0.311688311688312,0.735668789808917,1,1,1,1,1,0.0494417862838915,0.325434439178515,0.328149300155521,1,0.6801872074883,1,1,0.998405103668262,0.998427672955975,1,1,0.00476947535771065,0.303265940902022,1,0.308064516129032,1,0.293375394321767,1,1,1,1,1,0.32475884244373,1,0.517571884984026,0.315457413249211,0.326687116564417,0.315024232633279,0.317034700315457,0.327974276527331,0.419249592169657,0.31924882629108,0.3203125,0.310832025117739,1,0.314606741573034,1,0.692068429237947,0.304140127388535,0.309968847352025,0.321486268174475,1,1,1,0.261417322834646,0.307814992025518,1,0.315705128205128,0.324451410658307,0.3104,0.322378716744914,0.684044233807267,1,0.321259842519685,0.311074918566775,1,0.300653594771242,1,0.311627906976744,0.314785373608903,1,1,1,0.522620904836194,1,0.694136291600634,0.0817901234567901,0.317683881064163,1,1,0.097331240188383,0.317965023847377,0.326892109500805,1,1,0.302507836990596,0.0283464566929134,0.00324675324675325,1,1,0.334370139968896,0.998405103668262,1,0.31832298136646,1,1,0.317460317460317,1,1,1,1,0.319422150882825,0.308396946564885,0.325281803542673,1,1,0.675,0.318471337579618,1,0.31937984496124,0.296650717703349,1,1,0.998442367601246,1,1,0.319935691318328,1,1,0.106280193236715,0.337025316455696,0.486312399355878,0.310789049919485,0.666134185303514,0.322327044025157,1,0.319870759289176,0.336025848142165,0.25508607198748,0.31832298136646,1,0.327131782945736,1,1,1,0.306818181818182,0.316455696202532,0.998432601880878,0.919672131147541,0.0650406504065041,1,0.311811023622047,0.312803889789303,0.314606741573034,1,0.328125,0.456279809220986,0.3234375,0.308064516129032,0.314935064935065,0.309294871794872,1,0.31629392971246,1,1,0,1,0.321027287319422,1,1,1,0.324921135646688,1,0.309719934102142,1,0.842271293375394,1,1,1,0.308661417322835,1,1,0.311004784688995,0.317683881064163,1,1,0.310832025117739,0.1828125,1,0.998412698412698,1,0,0.306349206349206,1,0.305511811023622,0.249597423510467,1,0.68088467614534,0.445669291338583,1,1,0.678899082568807,0.705882352941177,0.349761526232114,1,0.313694267515924,1,1,0.329073482428115,1,0.9984,0.00789889415481832,0.327447833065811,1,1,0.320967741935484,1,1,0.307443365695793,0.31832298136646,1,1,1,0.541009463722397,0.312401883830455,0.346092503987241,0.319634703196347,0.33175355450237,0.685897435897436,0.329617834394904,0.322784810126582,0.31201248049922,0.233226837060703,0.316476345840131,1,0.324200913242009,0.998397435897436,0.319685039370079,0.0815384615384615,0.054773082942097,1,1,0.0446570972886762,1,0.686708860759494,0.0466237942122186,0.012779552715655,1,0.674050632911392,1,1,0.536977491961415,1,0,0.0747508305647841,1,1,1,0.323151125401929,0.64741641337386,0.691297208538588,0.993779160186625,1,0.985804416403785,0.303174603174603,0.328025477707006,1,0.300324675324675,1,0.371382636655949,0.103559870550162,0.301710730948678,0.313664596273292,0.336683417085427,1,0.0728682170542636,1,1,1,0.250391236306729,0.317230273752013,1,0.316455696202532,1,1,0.314553990610329,1,0.322530864197531,1,0.3104,0.314696485623003,1,0.682847896440129,0.316358024691358,1,0.3136,0.767515923566879,0.313755795981453,0.160686427457098,0.313271604938272,0.776886035313002,0.308562197092084,1,0.33122028526149,0.335987261146497,0.294298921417565,1,1,1,0.970443349753695,0.32396694214876,1,0.327814569536424,1,0.325619834710744,0.321483771251932,1,1,1,0.918918918918919,1,0.307219662058372,0.316770186335404,1,1,0.0494417862838915,0.08,1,1,0.301612903225806,1,1,0.320450885668277,1,1,0.680511182108626,0.522550544323484,1,0,1,1,0.0981308411214953,0.325949367088608,1,0.329073482428115,0.998392282958199,0.961227786752827,0.998412698412698,0.823161189358372,1,0.327868852459016,1,1,1,0,0.317434210526316,1,1,0.677265500794913,1,0.314696485623003,0.364632237871674,0.313572542901716,1,1,1,0.088646967340591,0.321486268174475,0.0830618892508143,0.998373983739837,0.311912225705329,0.30379746835443,0.350547730829421,0,1,0.953225806451613,1,1,0.322683706070288,0.301857585139319,0.163461538461538,0.0430622009569378,0.321144674085851,0.316957210776545,0.31619937694704,0.00160771704180064,0.319554848966614,1,0,0.32398753894081,1,1,1,0.321766561514196,0.3171875,0.0377668308702791,1,0.309791332263242,0.3109375,1,1,0.312599681020734,0.684466019417476,1,1,0.692185007974482,1,0.297805642633229,1,0.310126582278481,0.519440124416796,0.669266770670827,0.403076923076923,1,0.303265940902022,0.310126582278481,0.682737169517885,0.669278996865204,1,0.3234375,1,0.318042813455657,1,0.318541996830428,0.307073954983923,0.35377358490566,0.514820592823713,0.317307692307692,0.309294871794872,0.657097288676236,0.317610062893082,0.145,1,0,1,0.296900489396411,1,0,0.324281150159744,0.320967741935484,1,0.0570107858243451,1,0.0881410256410256,0.340836012861736,1,0.0670926517571885,0.665610142630745,1,1,1,0.309602649006623,0.0449612403100775,1,0.44,0.0925039872408294,0.359327217125382,0.32348367029549,0.320373250388802,1,1,1,1,1,0.0648148148148148,0.995341614906832,0.681388012618297,0.00459418070444104,0.316957210776545,1,1,1,1,0.0859375,0.309707241910632,1,1,1,1,1,1,0.466981132075472,0.00161812297734628,1,0.083596214511041,0.323296354992076,0.424,1,0.390048154093098,0.31023102310231,0.315372424722662,1,0.0451010886469673,0.320126782884311,1,1,0.378421900161031,0.304761904761905,0.306349206349206,0.313114754098361,0.998435054773083,0.330097087378641,0.315625,0.414673046251994,0.320063694267516,0.975116640746501,0.308411214953271,0.0840064620355412,0.32120253164557,0,1,0.0840064620355412,0.311004784688995,0.320126782884311,0.313408723747981,1,1,1,1,1,1,0.337152209492635,1,0.307448494453249,0.31786941580756,0.601574803149606,0.679611650485437,1,1,0,0.314241486068111,0.114779874213836,0.998449612403101,0.0384615384615385,1,1,0.312399355877617,1,1,0.609046849757674,0.420792079207921,0.996951219512195,0.0769230769230769,0.098546042003231,1,1,1,0.0833333333333333,0,0.318110236220472,0.4288,0.317262830482115,0,0.329052969502408,0.0846645367412141,1,1,0.316770186335404,0.315955766192733,0.236133122028526,0.331723027375201,0.315870570107858,0.321483771251932,1,1,0.32569558101473,1,0,1,0.2176,1,0.679365079365079,1,0.310618066561014,0.311290322580645,0.0733652312599681,0.677672955974843,1,1,0.794212218649518,0.891447368421053,0.319935691318328,0.313915857605178,1,0.317965023847377,0.246422893481717,0.324717285945073,1,0.101426307448494,1,1,0.320063694267516,0.684380032206119,0.303174603174603,1,1,0.30503144654088,0.311708860759494,0.315047021943574,0.852512155591572,0.319354838709677,1,0.0564263322884013,1,1,0.700310559006211,0.657686212361331,0.327841845140033,0.0559105431309904,0.318840579710145,1,1,0.3,0.329563812600969,0.612852664576803,1,0.310452418096724,0.373456790123457,0.312401883830455,0.982785602503912,0.4656,0.00317460317460317,0.297169811320755,0.325077399380805,0.328,0.308441558441558,0.313178294573643,0.968701095461659,1,0.311605723370429,0.538461538461538,0.681229773462783,0.234741784037559,0.684385382059801,1,0.317965023847377,0.00159235668789809,0.324367088607595,0.307814992025518,0.363924050632911,0.318037974683544,0,0.329093799682035,0.313311688311688,0.328,0.318770226537217
"531",0.289855072463768,0.305772230889236,0.308426073131955,0.317589576547231,0.300314465408805,0.29746835443038,0.0113452188006483,0.309636650868878,0.303715670436187,0.570967741935484,0.30503144654088,0.645569620253165,0.504038772213247,0.31378763866878,1,1,0.624405705229794,0,0.31139646869984,0.309148264984227,1,1,0.311912225705329,0.518867924528302,0.304075235109718,1,1,0.329508196721311,0.298600311041991,0.511961722488038,1,0.582938388625592,0.367834394904459,0.995145631067961,0.678343949044586,0.306156405990017,0.145569620253165,0.306748466257669,1,0.289473684210526,0.0032,0,0,0.317891373801917,0.300955414012739,1,0.993610223642173,1,1,1,0.697347893915757,0.311897106109325,1,0.3109375,0.306603773584906,0.809983896940419,0.12520325203252,0.309294871794872,0.303937007874016,0.317034700315457,0.990639625585023,1,1,0.00638977635782748,0.31023102310231,0.309262166405024,0.658105939004815,0.3184,0.61608497723824,1,0.30564263322884,1,1,0.276252019386107,0.162974683544304,0.302290076335878,1,0.993700787401575,0.308411214953271,1,0.604538087520259,1,1,0.312202852614897,1,0.310769230769231,0.298701298701299,0.320512820512821,0.3104,0,0.296950240770466,0.310077519379845,0.694006309148265,0.580847723704867,0.303370786516854,0.64451313755796,0.68503937007874,0.309148264984227,0.126009693053312,0,0.309791332263242,0.628617363344051,1,0.29903536977492,1,0.298887122416534,0,0.312399355877617,1,1,1,0.301412872841444,0.995268138801262,0.310618066561014,0.21483771251932,0.297546012269939,1,0.386075949367089,1,1,0.213716108452951,0.299212598425197,1,1,0.318611987381703,1,0.30521472392638,0.307098765432099,0.375586854460094,0.773846153846154,0.313408723747981,1,0.32,0.63944530046225,0.327242524916944,1,0.0016,1,0.365384615384615,0.883223684210526,0.577777777777778,0.604465709728868,0.303937007874016,0.308064516129032,1,0.302839116719243,1,0.294585987261146,0.499227202472952,0.313178294573643,1,0.30298273155416,0.308681672025723,0.314516129032258,0.311501597444089,1,0.28892455858748,1,0.449526813880126,0.316614420062696,1,0.31201248049922,1,0.588709677419355,0.308064516129032,1,0.309148264984227,0.302839116719243,0.322683706070288,0.98740157480315,0.318910256410256,1,0.305331179321486,1,0.3,1,0.597791798107255,0.287539936102236,0.0328947368421053,0.285024154589372,0.303514376996805,1,0.297297297297297,0.310289389067524,0.306603773584906,0.317535545023697,1,1,0.315960912052117,0.318471337579618,1,1,0.30952380952381,0.247244094488189,0.0214723926380368,0.699523052464229,1,0.00316455696202532,0.302362204724409,1,0.311074918566775,0.294573643410853,0.315047021943574,0.996805111821086,1,1,0.310664605873261,0.304918032786885,0.298245614035088,0.688498402555911,0.2928,1,0.339712918660287,1,1,0.428346456692913,0.313213703099511,0.30379746835443,0.313099041533546,0.298107255520505,0.306946688206785,0.6496,1,1,0.303599374021909,0.00467289719626168,0.321483771251932,0.309707241910632,0.315789473684211,0.299065420560748,0.297124600638978,0.301092043681747,0.70440251572327,0.3640625,0.294209702660407,1,0.312,1,0.301857585139319,0.292407108239095,0.297253634894992,0.316455696202532,0.304700162074554,1,0.314285714285714,0.788709677419355,1,1,0.996789727126806,1,1,0.892332789559543,1,1,1,0.3046875,1,0.315447154471545,0,1,0.391035548686244,1,0.306451612903226,0.303030303030303,0.300955414012739,0.4352,1,0.310236220472441,1,1,1,1,0,0.306451612903226,1,1,0.316129032258064,1,0.308777429467085,1,1,0.307060755336617,0.3125,0.299373040752351,0.16031746031746,0.316129032258064,0,0.599378881987578,1,0.31201248049922,0.309677419354839,0.579277864992151,1,1,0.314606741573034,0.321086261980831,1,0.670347003154574,0.707119741100324,0.3024,0.305825242718447,0.992260061919505,0.304487179487179,0.290322580645161,1,0.306451612903226,0.289763779527559,1,0.299352750809061,0.311004784688995,0.307086614173228,0.304975922953451,1,1,1,0.29570747217806,0.313504823151125,0.0078740157480315,0.990369181380417,0.310289389067524,1,1,0.297805642633229,0.308892355694228,0.292721518987342,0.313001605136437,0.302839116719243,1,0.28892455858748,0.297939778129952,0.5696,1,0.829855537720706,1,0,1,0.310344827586207,1,1,0.423913043478261,0.998430141287284,0.315789473684211,1,0.303174603174603,0.296825396825397,0.301412872841444,1,1,0.305111821086262,0.393790849673203,0.613782051282051,0.296900489396411,1,1,1,0.316558441558442,1,0.215408805031447,1,1,1,1,0.318818040435459,1,0.30655737704918,0.322274881516588,0.688291139240506,0.291325695581015,1,0.310236220472441,0.309486780715397,0.306055646481178,1,0.30625,1,0.311526479750779,0.473851030110935,0.313971742543171,0.313821138211382,0.30625,1,0.313001605136437,0.290064102564103,1,1,0.312401883830455,0.302694136291601,1,0.486739469578783,0.294498381877023,0.32018927444795,0.3198127925117,0.693146417445483,1,0.28125,1,0.432038834951456,0.298722044728434,0,0.877358490566038,0.306320907617504,0.311424100156495,0,0.0282574568288854,0.979365079365079,0.306709265175719,1,0.297124600638978,0.309446254071661,1,0.309597523219814,0.311004784688995,0.6752,1,0.30622009569378,0.313385826771654,1,0.292332268370607,0.292962356792144,1,0.344339622641509,0.30952380952381,0.310725552050473,0.321656050955414,0.785266457680251,1,0.979032258064516,1,1,0.00160513643659711,1,0.991974317817014,1,0.431279620853081,0.996774193548387,0.297213622291022,0.992260061919505,0.316129032258064,0.995238095238095,0.613251155624037,0.629107981220657,0.305164319248826,0.295238095238095,0.648089171974522,0.305555555555556,0,0.640378548895899,0.687600644122383,0.299524564183835,0.00158227848101266,0.310126582278481,0.29570747217806,0.769968051118211,0.311004784688995,0.697160883280757,0.593080724876441,0.303715670436187,0.308527131782946,0.296238244514107,1,0.0332326283987915,0,0.306729264475743,0.318181818181818,0.321372854914197,1,0.345659163987138,0.302215189873418,1,0.297805642633229,0.94006309148265,0.571884984025559,1,1,0.991554054054054,0.306122448979592,0.599686028257457,0.306376360808709,0.308823529411765,0.2984375,0.432766615146832,1,0.298387096774194,1,0.312913907284768,0.30655737704918,1,0.311897106109325,1,0.310618066561014,1,1,0.306349206349206,0,1,0.310832025117739,1,0.557632398753894,1,0.515007898894155,1,0.554675118858954,1,0.299674267100977,1,1,1,0.29874213836478,0.314516129032258,0.312788906009245,0.336079077429984,0.343185550082102,0.304278922345483,1,0.312399355877617,1,1,0.312302839116719,0.298869143780291,0.3140625,0.389324960753532,0.315955766192733,1,1,0.312202852614897,0.311897106109325,0.639741518578352,0.593301435406699,0.304897314375987,0.301612903225806,1,0.301261829652997,0.306376360808709,0.993720565149137,0.293245469522241,0.300476947535771,0,0.15015479876161,0.305295950155763,0.684848484848485,0.306451612903226,0.310618066561014,0.603125,0.996815286624204,0.297077922077922,1,0.3024,0.341894060995185,0.304761904761905,0.472868217054264,0.309562398703404,1,0.310126582278481,0.3056,0.323624595469256,0.697305863708399,1,0.316393442622951,0.309262166405024,0,0.312597200622084,0.998435054773083,0.952978056426332,1,0.310452418096724,0.314194577352472,0.311582381729201,0.588509316770186,1,0.596091205211726,0.317589576547231,1,1,0.963607594936709,0.6890625,0.312893081761006,0.34850863422292,0.311145510835913,0.306729264475743,1,1,0.523052464228935,0.637931034482759,1,1,0.998427672955975,0.703525641025641,1,0.310769230769231,0.688394276629571,1,0.310897435897436,0.310789049919485,0.304625199362041,0.996835443037975,1,0.654098360655738,0.311708860759494,1,1,0.314785373608903,0.299363057324841,0.998432601880878,0,0.305825242718447,0.303079416531605,0.00630914826498423,0.303599374021909,1,0.301127214170692,1,0.152886115444618,0,0.893518518518518,0.320813771517997,1,1,0,0.00157232704402516,0.318910256410256,1,0.301980198019802,0.996870109546166,0.304975922953451,1,1,0.960753532182104,0.766666666666667,1,1,0.004739336492891,1,0.520128824476651,0.306946688206785,0.690031152647975,0.315047021943574,1,0.294770206022187,0.687697160883281,1,1,0.307073954983923,0.627118644067797,0.320634920634921,0.59047619047619,0.972929936305732,0.315112540192926,0.604133545310016,0.0127186009538951,0.296650717703349,0.311708860759494,0.313271604938272,1,0.638629283489097,0.29264475743349,0.889415481832543,0.587561374795417,0.964777947932619,1,1,0.30625,0.326332794830372,0.290529695024077,0.297124600638978,0.300157977883096,0.626356589147287,0.302325581395349,0,0.683409436834094,0.998425196850394,0.319554848966614,0.298887122416534,0.301302931596091,0.314329738058552,0.60093896713615,1,0.321428571428571,0.317741935483871,0.321724709784411,0.304140127388535,0.307936507936508,0.302694136291601,0.202786377708978,0.68780487804878,0.308306709265176,0.595015576323987,1,0.248803827751196,0.312401883830455,0.915605095541401,1,1,0.297297297297297,0.640253565768621,1,0.302507836990596,0.286858974358974,0.951377633711507,1,1,0.996763754045307,0.313664596273292,1,1,0.887122416534181,1,0.34375,1,0.600977198697068,1,0.682965299684543,0.305379746835443,0.597774244833068,1,1,0.990491283676704,0.316118935837246,0.3152,0.319672131147541,0.301261829652997,0.311582381729201,0.311793214862682,0.982200647249191,0.301261829652997,1,1,0.701754385964912,0,0.312698412698413,0.308661417322835,0.689873417721519,1,0.56782334384858,0.319083969465649,0.649762282091918,0.303514376996805,0.30983606557377,1,0.301127214170692,0.303482587064677,0.683279742765273,0.90311986863711,0.318731117824773,0.611745513866232,0.585874799357945,0.3125,0.315286624203822,0.299363057324841,0.598116169544741,0.687301587301587,1,0.887122416534181,1,0.680817610062893,0.996815286624204,0.592169657422512,0.305246422893482,0.305331179321486,1,1,0.442700156985871,0.991896272285251,0.996879875195008,1,0.30622009569378,0.312401883830455,1,0.305810397553517,0.69377990430622,0.32137030995106,0.473767885532591,0.291666666666667,0,0.29559748427673,1,1,0.6,0.00156739811912226,0.314873417721519,0.311708860759494,0.0920634920634921,0.405891980360065,1,1,0.299843014128728,1,0.42215088282504,1,0.319314641744548,0.590837282780411,0.314873417721519,0.304975922953451,1,0,1,0.289473684210526,0.306946688206785,1,1,1,0.441033925686591,1,0.305295950155763,0.625194401244168,0.318541996830428,0.304838709677419,0.0015748031496063,0.0440944881889764,1,0.626984126984127,1,0.311004784688995,0.316393442622951,1,1,0.167721518987342,0.298578199052133,1,0.90015600624025,1,0.311811023622047,0.209003215434084,0.687010954616588,1,1,1,1,1,0.273155416012559,0.292452830188679,1,0.122950819672131,0.0016025641025641,0.454689984101749,0,0.311793214862682,1,0.693679092382496,1,1,0.8890625,1,0.694968553459119,1,1,1,1
"532",1,1,1,1,1,1,0.720257234726688,1,1,0.106687898089172,1,0.0524691358024691,0.803125,1,0.307692307692308,0.290769230769231,0.0717628705148206,0.696,1,1,0.274961597542243,0.29635499207607,1,0.169517884914463,1,0.316923076923077,0.308306709265176,1,1,0.788491446345257,0.304281345565749,0.72386895475819,0.964341085271318,0.3,0,1,0.549923195084485,1,0.287443267776097,1,0.672955974842767,0.686453576864536,0.703076923076923,1,1,0.304487179487179,0.303265940902022,0.297839506172839,0.308641975308642,0.320610687022901,0,1,0.295384615384615,1,1,0.487341772151899,0.579617834394904,1,1,1,0.320668693009119,0.310344827586207,0.305084745762712,0.7015625,1,1,0.0423861852433281,1,0.0619335347432024,0.297709923664122,1,0.308411214953271,0.320063694267516,0.97007874015748,0.52418096723869,1,0.303030303030303,0.324655436447167,1,0.306089743589744,0.0947867298578199,0.310832025117739,0.318818040435459,1,0.318461538461538,1,1,1,1,0.702492211838006,1,1,0.0015600624024961,0.113671274961598,1,0.0525525525525526,0,1,0.572567783094099,0.695583596214511,1,0.0594679186228482,0.301710730948678,1,0.303125,1,0.691131498470948,1,0.303405572755418,0.310077519379845,0.312597200622084,1,0.309119010819165,1,0.500772797527048,1,0.305555555555556,0.313846153846154,0.314112291350531,0.306729264475743,0.494590417310665,0.998444790046656,0.311349693251534,0.302547770700637,1,0.292758089368259,1,1,0.344667697063369,0.548632218844985,1,0.303317535545024,1,0.0491803278688525,1,0.302936630602782,0.690769230769231,0.318110236220472,0.925867507886435,0.428343949044586,0.110248447204969,0.101851851851852,1,1,0.318541996830428,1,0.308035714285714,1,0.797235023041475,1,0.314375987361769,1,1,1,1,0.320754716981132,1,0.311111111111111,0.268933539412674,1,0.303543913713405,1,0.296754250386399,0.0965732087227414,1,0.302839116719243,1,1,1,0.321428571428571,1,0.313084112149533,1,0.291079812206573,1,0.311320754716981,0.0807453416149068,1,0.650563607085346,1,1,0.307570977917981,1,1,1,1,0.30503144654088,0.295281582952816,1,0.998468606431853,0.30521472392638,0.297939778129952,1,0.460708782742681,0.681547619047619,0,0.30521472392638,0.678018575851393,1,0.311827956989247,1,0.998468606431853,1,0.30298273155416,0.306870229007634,0.318541996830428,1,1,1,0,1,0.294303797468354,0.970724191063174,0.31104199066874,0.29595015576324,0.750387596899225,1,1,1,1,1,0.0500782472613459,0.300940438871473,0.309230769230769,1,0.690880989180835,1,1,1,0.998463901689708,1,1,0.00453172205438067,0.334848484848485,1,0.290625,1,0.292307692307692,1,1,1,1,1,0.309375,1,0.495283018867925,0.313971742543171,0.321483771251932,0.300632911392405,0.305993690851735,0.313385826771654,0.410094637223975,0.31104199066874,0.305555555555556,0.301075268817204,1,0.309375,1,0.696646341463415,0.303738317757009,0.333333333333333,0.323854660347551,1,1,1,0.274294670846395,0.296583850931677,1,0.30379746835443,0.312688821752266,0.298136645962733,0.307210031347962,0.695046439628483,1,0.312693498452012,0.30379746835443,1,0.293460925039872,1,0.290273556231003,0.294298921417565,1,1,1,0.5484375,1,0.707430340557275,0.0932330827067669,0.312111801242236,1,1,0.104615384615385,0.305343511450382,0.316957210776545,1,1,0.298299845440495,0.0299212598425197,0.00317460317460317,1,1,0.324200913242009,0.998444790046656,1,0.300925925925926,1,1,0.306153846153846,1,1,1,1,0.31839258114374,0.298642533936652,0.314009661835749,1,1,0.684615384615385,0.299373040752351,1,0.303680981595092,0.295665634674923,1,1,0.998461538461539,1,1,0.31201248049922,1,1,0.113564668769716,0.320121951219512,0.5,0.292452830188679,0.688575899843505,0.302147239263804,1,0.303125,0.31924882629108,0.274268104776579,0.311926605504587,1,0.313343328335832,1,1,1,0.305295950155763,0.309707241910632,0.998442367601246,0.920195439739414,0.0665610142630745,1,0.3,0.311605723370429,0.306477093206951,1,0.314984709480122,0.476635514018692,0.309375,0.296923076923077,0.309791332263242,0.30030959752322,1,0.310832025117739,1,1,0,1,0.308176100628931,1,1,1,0.3171875,1,0.306729264475743,1,0.827102803738318,1,1,1,0.303076923076923,1,1,0.30077519379845,0.304212168486739,1,1,0.2984375,0.199386503067485,1,0.998454404945904,1,0,0.30622009569378,1,0.294573643410853,0.259904912836767,1,0.684129429892142,0.416158536585366,1,1,0.689910979228487,0.71585557299843,0.333333333333333,1,0.309859154929577,1,1,0.320695102685624,1,0.998410174880763,0.00940438871473354,0.311811023622047,1,1,0.318181818181818,1,1,0.293291731669267,0.353941267387944,1,1,1,0.518461538461538,0.298921417565485,0.333850931677019,0.305847076461769,0.321981424148607,0.697530864197531,0.31570996978852,0.307453416149068,0.306027820710974,0.254263565891473,0.3072,1,0.303353658536585,0.998459167950693,0.299079754601227,0.0899550224887556,0.0574534161490683,1,1,0.0464396284829721,1,0.689708141321045,0.0482115085536547,0.0141955835962145,1,0.6921875,1,1,0.551181102362205,1,0,0.0814696485623003,1,1,1,0.310832025117739,0.662202380952381,0.710310965630115,0.993817619783617,1,0.981366459627329,0.285714285714286,0.353582554517134,1,0.289922480620155,1,0.353582554517134,0.119617224880383,0.2953125,0.305597579425113,0.320469798657718,1,0.0847201210287443,1,1,1,0.274924471299094,0.312,1,0.313479623824451,1,1,0.304147465437788,1,0.309667673716012,1,0.294025157232704,0.314553990610329,1,0.6875,0.305970149253731,1,0.298600311041991,0.754946727549467,0.302431610942249,0.172413793103448,0.306646525679758,0.768867924528302,0.299840510366826,1,0.312883435582822,0.323664122137405,0.28129829984544,1,1,1,0.965798045602606,0.361904761904762,1,0.304347826086957,1,0.308186195826645,0.309451219512195,1,1,1,0.912974683544304,1,0.301538461538462,0.310664605873261,1,1,0.0505529225908373,0.0886075949367089,1,1,0.301261829652997,1,1,0.297507788161994,1,1,0.687595712098009,0.544891640866873,1,0,1,1,0.106707317073171,0.304821150855365,1,0.302936630602782,0.998449612403101,0.961904761904762,0.998449612403101,0.812307692307692,1,0.314516129032258,1,1,1,0,0.306188925081433,1,1,0.686427457098284,1,0.303599374021909,0.343701399688958,0.3140625,1,1,1,0.0995405819295559,0.312202852614897,0.0958466453674121,0.998405103668262,0.298136645962733,0.294478527607362,0.344236760124611,0,1,0.953416149068323,1,1,0.318471337579618,0.296969696969697,0.171156893819334,0.0454545454545455,0.314641744548287,0.299212598425197,0.31651376146789,0.0016025641025641,0.307332293291732,1,0,0.306525037936267,1,1,1,0.30077519379845,0.30781010719755,0.0403225806451613,1,0.301092043681747,0.292117465224111,1,1,0.302325581395349,0.709677419354839,1,1,0.709119496855346,1,0.300455235204856,1,0.297380585516179,0.54434250764526,0.677321156773212,0.407350689127106,1,0.290322580645161,0.30077519379845,0.693251533742331,0.680061823802164,1,0.315467075038285,1,0.319634703196347,1,0.305164319248826,0.300955414012739,0.344773790951638,0.529953917050691,0.304975922953451,0.301710730948678,0.674015748031496,0.30077519379845,0.160453808752026,1,0,1,0.281200631911532,1,0,0.306376360808709,0.307692307692308,1,0.0603318250377074,1,0.0923566878980892,0.329113924050633,1,0.0709876543209877,0.68503937007874,1,1,1,0.300319488817891,0.0445468509984639,1,0.41875,0.105095541401274,0.34703196347032,0.313364055299539,0.308510638297872,1,1,1,1,1,0.0676691729323308,0.996960486322188,0.698461538461538,0.00444444444444444,0.303738317757009,1,1,1,1,0.0945736434108527,0.310030395136778,1,1,1,1,1,1,0.497751124437781,0.00157977883096367,1,0.0929878048780488,0.310664605873261,0.444961240310077,1,0.382539682539683,0.297734627831715,0.292379471228616,1,0.0479876160990712,0.310872894333844,1,1,0.356576862123613,0.30568356374808,0.304212168486739,0.305466237942122,0.998459167950693,0.318471337579618,0.304482225656878,0.422535211267606,0.302362204724409,0.967889908256881,0.305847076461769,0.0901898734177215,0.313880126182965,0,1,0.0933125972006221,0.295055821371611,0.305164319248826,0.310618066561014,1,1,1,1,1,1,0.325396825396825,1,0.30625,0.304635761589404,0.620743034055728,0.685805422647528,1,1,0,0.30920060331825,0.133228840125392,0.998502994011976,0.0432098765432099,1,1,0.301412872841444,1,1,0.627388535031847,0.410801963993453,0.997005988023952,0.0873015873015873,0.104265402843602,1,1,1,0.0975232198142415,0,0.307219662058372,0.404354587869362,0.306646525679758,0,0.310832025117739,0.095389507154213,1,1,0.308623298033283,0.310769230769231,0.253894080996885,0.323343848580442,0.3,0.310664605873261,1,1,0.319685039370079,1,0,1,0.240445859872611,1,0.692901234567901,1,0.304212168486739,0.295345104333868,0.0806697108066971,0.686153846153846,1,1,0.78783151326053,0.892282958199357,0.303937007874016,0.302694136291601,1,0.310452418096724,0.269890795631825,0.307448494453249,1,0.113496932515337,1,1,0.31055900621118,0.693522906793049,0.295238095238095,1,1,0.292307692307692,0.300613496932515,0.30781010719755,0.859154929577465,0.311216429699842,1,0.057542768273717,1,1,0.713629402756508,0.656832298136646,0.309033280507132,0.0603715170278638,0.307086614173228,1,1,0.296411856474259,0.310236220472441,0.636645962732919,1,0.301972685887709,0.368740515933232,0.297971918876755,0.984848484848485,0.484375,0.00462962962962963,0.292048929663609,0.314199395770393,0.3140625,0.307692307692308,0.30381679389313,0.971080669710807,1,0.307098765432099,0.567567567567568,0.694136291600634,0.248833592534992,0.701468189233279,1,0.307931570762053,0.00315955766192733,0.315217391304348,0.304012345679012,0.358778625954198,0.304761904761905,0,0.320433436532508,0.312893081761006,0.307448494453249,0.305555555555556
"533",1,1,1,1,1,1,0.697530864197531,1,1,0.0995260663507109,1,0.0501519756838906,0.815217391304348,1,0.309119010819165,0.302891933028919,0.0667678300455235,0.689655172413793,1,1,0.281818181818182,0.30757341576507,1,0.161094224924012,1,0.328767123287671,0.31832298136646,1,1,0.786482334869432,0.306870229007634,0.732223903177005,0.964992389649924,0.314503816793893,0,1,0.545180722891566,1,0.301329394387001,1,0.671802773497689,0.681749622926094,0.69578313253012,1,1,0.31974921630094,0.311450381679389,0.312312312312312,0.318731117824773,0.328849028400598,0,1,0.311649016641452,1,1,0.502332814930016,0.572755417956656,1,1,1,0.33037037037037,0.315068493150685,0.31441717791411,0.684615384615385,1,1,0.0398773006134969,1,0.0582241630276565,0.319940476190476,1,0.32262996941896,0.322429906542056,0.96551724137931,0.522522522522523,1,0.309417040358744,0.339791356184799,1,0.317111459968603,0.0875796178343949,0.331288343558282,0.319277108433735,1,0.334355828220859,1,1,1,1,0.690440060698027,1,1,0.00153374233128834,0.101669195751138,1,0.050520059435364,0,1,0.57007874015748,0.672926447574335,1,0.0567484662576687,0.303215926493109,1,0.309707241910632,1,0.684931506849315,1,0.311728395061728,0.314984709480122,0.318250377073906,1,0.32262996941896,1,0.493233082706767,1,0.312977099236641,0.302395209580838,0.319880418535127,0.322085889570552,0.49390243902439,0.998498498498498,0.316187594553706,0.309486780715397,1,0.30316742081448,1,1,0.339908952959029,0.543283582089552,1,0.312121212121212,1,0.0455882352941176,1,0.315007429420505,0.679273827534039,0.322289156626506,0.931087289433384,0.423963133640553,0.0987841945288754,0.096969696969697,1,1,0.322188449848024,1,0.3215859030837,1,0.801195814648729,1,0.317757009345794,1,1,1,1,0.332307692307692,1,0.322085889570552,0.260479041916168,1,0.316666666666667,1,0.292792792792793,0.0851393188854489,1,0.309451219512195,1,1,1,0.331316187594554,1,0.326153846153846,1,0.298798798798799,1,0.31733746130031,0.0759878419452888,1,0.638198757763975,1,1,0.31733746130031,1,1,1,1,0.31969696969697,0.307807807807808,1,0.998468606431853,0.322289156626506,0.310291858678955,1,0.459214501510574,0.675036927621861,0,0.318731117824773,0.672281776416539,1,0.323353293413174,1,0.998500749625187,1,0.315467075038285,0.31547619047619,0.31733746130031,1,1,1,0,1,0.3078125,0.970948012232416,0.31875,0.305135951661631,0.751515151515151,1,1,1,1,1,0.0474732006125574,0.307692307692308,0.321752265861027,1,0.683257918552036,1,1,1,0.998473282442748,1,1,0.00302114803625378,0.327327327327327,1,0.311811023622047,1,0.303703703703704,1,1,1,1,1,0.319508448540707,1,0.502318392581144,0.328267477203647,0.330316742081448,0.307692307692308,0.314984709480122,0.333846153846154,0.41875,0.330316742081448,0.317073170731707,0.310136157337368,1,0.322239031770045,1,0.682228915662651,0.308157099697885,0.315151515151515,0.332822085889571,1,1,1,0.256060606060606,0.308270676691729,1,0.317484662576687,0.31981981981982,0.311349693251534,0.320839580209895,0.686453576864536,1,0.322338830584708,0.308868501529052,1,0.303875968992248,1,0.30952380952381,0.313546423135464,1,1,1,0.549770290964778,1,0.686274509803922,0.0823529411764706,0.316742081447964,1,1,0.0972644376899696,0.314199395770393,0.320987654320988,1,1,0.304347826086957,0.0255639097744361,0.00155038759689922,1,1,0.330838323353293,0.998484848484849,1,0.314759036144578,1,1,0.317700453857791,1,1,1,1,0.324773413897281,0.304283604135894,0.323943661971831,1,1,0.674698795180723,0.318112633181126,1,0.315868263473054,0.295795795795796,1,1,0.998489425981873,1,1,0.33026113671275,1,1,0.108527131782946,0.334323922734027,0.490712074303406,0.304482225656878,0.673813169984686,0.31390134529148,1,0.311550151975684,0.339009287925697,0.26015037593985,0.316816816816817,1,0.321958456973294,1,1,1,0.310077519379845,0.317365269461078,0.998482549317147,0.927131782945736,0.0657492354740061,1,0.310136157337368,0.32093023255814,0.309486780715397,1,0.324283559577677,0.481089258698941,0.326315789473684,0.304615384615385,0.305426356589147,0.304747320061256,1,0.325190839694657,1,1,0,1,0.320668693009119,1,1,1,0.322429906542056,1,0.308892355694228,1,0.836140888208269,1,1,1,0.313636363636364,1,1,0.307926829268293,0.308035714285714,1,1,0.314759036144578,0.192192192192192,1,0.998493975903614,1,0,0.30781010719755,1,0.30849478390462,0.248854961832061,1,0.678247734138973,0.430059523809524,1,1,0.682539682539683,0.696509863429439,0.343939393939394,1,0.319444444444444,1,1,0.333843797856049,1,0.998473282442748,0.00759878419452888,0.315301391035549,1,1,0.327692307692308,1,1,0.303875968992248,0.34575260804769,1,1,1,0.53003003003003,0.305722891566265,0.346094946401225,0.315396113602392,0.328290468986384,0.698924731182796,0.328828828828829,0.3267776096823,0.314759036144578,0.247678018575851,0.306477093206951,1,0.317436661698957,0.998459167950693,0.314112291350531,0.0838323353293413,0.0541353383458647,1,1,0.0427480916030534,1,0.687964338781575,0.0455235204855842,0.0108359133126935,1,0.683001531393568,1,1,0.543076923076923,1,0,0.073094867807154,1,1,1,0.316358024691358,0.655122655122655,0.693650793650794,0.993975903614458,1,0.980538922155689,0.30030487804878,0.340943683409437,1,0.303265940902022,1,0.367378048780488,0.105754276827372,0.301659125188537,0.316816816816817,0.331136738056013,1,0.075187969924812,1,1,1,0.26015037593985,0.318818040435459,1,0.318461538461538,1,1,0.303625377643505,1,0.325036603221083,1,0.305555555555556,0.320987654320988,1,0.68380062305296,0.313235294117647,1,0.307219662058372,0.757847533632287,0.313988095238095,0.163109756097561,0.315007429420505,0.772370486656201,0.296754250386399,1,0.318042813455657,0.324888226527571,0.287901990811639,1,1,1,0.96513470681458,0.339622641509434,1,0.318885448916409,1,0.314009661835749,0.317507418397626,1,1,1,0.925190839694657,1,0.311844077961019,0.315233785822021,1,1,0.0483619344773791,0.0769230769230769,1,1,0.306376360808709,1,1,0.310240963855422,1,1,0.686838124054463,0.541353383458647,1,0,1,1,0.1,0.31859756097561,1,0.317557251908397,0.998473282442748,0.963133640552995,0.998482549317147,0.818181818181818,1,0.319314641744548,1,1,1,0,0.311111111111111,1,1,0.675344563552833,1,0.325301204819277,0.365269461077844,0.319634703196347,1,1,1,0.088855421686747,0.313364055299539,0.0860215053763441,0.998473282442748,0.303303303303303,0.303303303303303,0.353120243531202,0,1,0.956325301204819,1,1,0.320373250388802,0.307004470938897,0.158778625954198,0.043343653250774,0.313546423135464,0.301075268817204,0.319402985074627,0.00154798761609907,0.313813813813814,1,0,0.321375186846039,1,1,1,0.319940476190476,0.31547619047619,0.0380348652931854,1,0.310975609756098,0.308270676691729,1,1,0.315950920245399,0.696062992125984,1,1,0.692068429237947,1,0.307922272047833,1,0.316436251920123,0.538230884557721,0.67420814479638,0.406804733727811,1,0.302670623145401,0.312024353120244,0.683641975308642,0.672645739910314,1,0.324242424242424,1,0.319526627218935,1,0.317972350230415,0.314329738058552,0.342024539877301,0.526475037821483,0.325,0.307926829268293,0.66969696969697,0.312217194570136,0.146456692913386,1,0,1,0.290964777947933,1,0,0.319875776397516,0.31619937694704,1,0.0618556701030928,1,0.0865533230293663,0.334360554699538,1,0.0649546827794562,0.672205438066465,1,1,1,0.306709265175719,0.0432190760059613,1,0.433179723502304,0.0876923076923077,0.34984984984985,0.320359281437126,0.322338830584708,1,1,1,1,1,0.0669642857142857,0.997041420118343,0.685325264750378,0.00295420974889217,0.320726172465961,1,1,1,1,0.0847201210287443,0.315868263473054,1,1,1,1,1,1,0.495508982035928,0.0015527950310559,1,0.0810810810810811,0.31859756097561,0.443939393939394,1,0.396899224806202,0.305246422893482,0.313725490196078,1,0.0440060698027314,0.321005917159763,1,1,0.367762128325509,0.31390134529148,0.315629742033384,0.323390894819466,0.998507462686567,0.326120556414219,0.3202416918429,0.414483821263482,0.318529862174579,0.968373493975904,0.316964285714286,0.0850393700787402,0.323262839879154,0,1,0.0834621329211747,0.308396946564885,0.312210200927357,0.313755795981453,1,1,1,1,1,1,0.326625386996904,1,0.314589665653495,0.314144736842105,0.604826546003017,0.683153013910355,1,1,0,0.312406576980568,0.124233128834356,0.998522895125554,0.0414110429447853,1,1,0.314329738058552,1,1,0.63020030816641,0.412322274881517,0.995652173913044,0.075,0.0962732919254658,1,1,1,0.0888208269525268,0,0.310708898944193,0.414110429447853,0.312874251497006,0,0.323664122137405,0.0897832817337461,1,1,0.318318318318318,0.312688821752266,0.242378048780488,0.328149300155521,0.311844077961019,0.313636363636364,1,1,0.331797235023041,1,0,1,0.226502311248074,1,0.677177177177177,1,0.31306990881459,0.310769230769231,0.0727272727272727,0.68133535660091,1,1,0.790123456790123,0.903785488958991,0.312788906009245,0.314553990610329,1,0.312788906009245,0.253067484662577,0.3203125,1,0.0972644376899696,1,1,0.31651376146789,0.681181959564541,0.300462249614792,1,1,0.305847076461769,0.298798798798799,0.317436661698957,0.863705972434916,0.315047021943574,1,0.0574886535552194,1,1,0.697604790419162,0.659021406727829,0.320695102685624,0.0576631259484067,0.32469512195122,1,1,0.299382716049383,0.330792682926829,0.62109955423477,1,0.303625377643505,0.371212121212121,0.311278195488722,0.986627043090639,0.483771251931994,0.00448430493273543,0.297872340425532,0.319054652880355,0.330733229329173,0.313178294573643,0.316023738872404,0.968796433878158,1,0.315233785822021,0.553990610328638,0.690184049079755,0.236526946107784,0.684627575277338,1,0.321212121212121,0.0031055900621118,0.323170731707317,0.312781954887218,0.360902255639098,0.316030534351145,0,0.333843797856049,0.3171875,0.322480620155039,0.305936073059361
"534",0.291338582677165,0.307570977917981,0.311424100156495,0.324281150159744,0.303030303030303,0.300632911392405,0.016,0.319620253164557,0.308056872037915,0.579032258064516,0.308755760368664,0.651968503937008,0.512861736334405,0.310236220472441,0.993670886075949,0.993660855784469,0.628482972136223,0.00493421052631579,0.318252730109204,0.308777429467085,0.995305164319249,0.993610223642173,0.315467075038285,0.51468315301391,0.302034428794992,0.995348837209302,0.993558776167472,0.332792207792208,0.304482225656878,0.513302034428795,0.995334370139969,0.573872472783826,0.367029548989114,0.993690851735016,0.679245283018868,0.311475409836066,0.149842271293375,0.316846986089645,0.993911719939117,0.30568356374808,0.00632911392405063,0.00626959247648903,0.00614439324116743,0.324367088607595,0.3088,0.995230524642289,0.990625,0.993874425727412,0.993808049535604,0.995245641838352,0.693623639191291,0.320512820512821,0.99537037037037,0.32018927444795,0.310344827586207,0.803827751196172,0.131955484896661,0.312989045383412,0.307692307692308,0.316118935837246,0.992260061919505,0.995275590551181,0.993710691823899,0.00794912559618442,0.306320907617504,0.314728682170543,0.670846394984326,0.321259842519685,0.621374045801527,0.995405819295559,0.313271604938272,0.993759750390016,0.99349593495935,0.272435897435897,0.165094339622642,0.313455657492355,0.993846153846154,0.993788819875776,0.32120253164557,0.995121951219512,0.616260162601626,0.995222929936306,0.995297805642633,0.316770186335404,0.995363214837713,0.313546423135464,0.311111111111111,0.32398753894081,0.308661417322835,0.00469483568075117,0.306477093206951,0.324734446130501,0.691943127962085,0.591614906832298,0.313291139240506,0.652905198776758,0.681181959564541,0.309119010819165,0.122977346278317,0.00321543408360129,0.309486780715397,0.63265306122449,0.996830427892235,0.312803889789303,0.993690851735016,0.310897435897436,0.00623052959501558,0.321766561514196,0.995334370139969,0.993710691823899,0.99537750385208,0.30030959752322,0.990697674418605,0.317610062893082,0.213740458015267,0.306625577812018,0.9953125,0.374807987711214,0.993865030674847,0.993660855784469,0.214733542319749,0.312989045383412,0.996889580093313,0.995230524642289,0.31832298136646,0.995275590551181,0.309774436090226,0.31733746130031,0.366929133858268,0.756880733944954,0.320907617504052,0.995245641838352,0.325806451612903,0.650602409638554,0.332247557003257,0.998461538461539,0.0062111801242236,0.993730407523511,0.36624203821656,0.8816,0.587025316455696,0.60347551342812,0.315541601255887,0.319047619047619,0.993630573248408,0.309148264984227,0.993939393939394,0.302362204724409,0.5,0.314728682170543,0.998402555910543,0.305164319248826,0.314785373608903,0.318840579710145,0.310015898251192,0.996860282574568,0.301109350237718,0.995297805642633,0.418604651162791,0.319938176197836,0.99375,0.318885448916409,0.993650793650794,0.60223642172524,0.312101910828025,0.993589743589744,0.314152410575428,0.312597200622084,0.328616352201258,0.987519500780031,0.3234375,0.996875,0.319047619047619,0.993730407523511,0.306818181818182,0.995260663507109,0.600624024960998,0.294209702660407,0.0335463258785942,0.295886075949367,0.31496062992126,0.995169082125604,0.2984375,0.314641744548287,0.313271604938272,0.328660436137072,0.995275590551181,0.998444790046656,0.320574162679426,0.328125,0.993846153846154,0.996768982229402,0.318681318681319,0.248037676609105,0.0226928895612708,0.689922480620155,0.996894409937888,0.00625,0.308527131782946,0.995341614906832,0.320450885668277,0.302147239263804,0.308411214953271,1,0.996894409937888,0.995161290322581,0.319083969465649,0.310569105691057,0.307453416149068,0.685303514376997,0.303174603174603,0.995145631067961,0.319685039370079,0.993710691823899,0.996830427892235,0.447409733124019,0.31687898089172,0.312989045383412,0.322327044025157,0.29570747217806,0.308544303797468,0.657187993680885,0.993710691823899,0.995283018867924,0.309707241910632,0.0078125,0.32398753894081,0.308157099697885,0.310015898251192,0.302795031055901,0.3,0.310975609756098,0.70735524256651,0.358578052550232,0.299684542586751,0.9952,0.319488817891374,0.996870109546166,0.302795031055901,0.301916932907348,0.304416403785489,0.326332794830372,0.314102564102564,0.995275590551181,0.316279069767442,0.794871794871795,0.993720565149137,0.993855606758833,0.992101105845182,0.993640699523052,0.995238095238095,0.890145395799677,0.995260663507109,0.995290423861852,0.995356037151703,0.313846153846154,0.993700787401575,0.317434210526316,0.00458715596330275,0.995297805642633,0.382488479262673,0.995275590551181,0.326332794830372,0.311912225705329,0.299840510366826,0.41112828438949,0.993740219092332,0.318885448916409,0.995230524642289,0.99390243902439,0.995305164319249,0.995305164319249,0.00314465408805031,0.310618066561014,0.993827160493827,0.996815286624204,0.320126782884311,0.993527508090615,0.320552147239264,0.993874425727412,0.996835443037975,0.303174603174603,0.313195548489666,0.293929712460064,0.158307210031348,0.318255250403877,0.00622083981337481,0.608231707317073,0.995260663507109,0.320433436532508,0.317610062893082,0.589703588143526,0.993817619783617,0.993630573248408,0.314009661835749,0.3264,0.993700787401575,0.6703125,0.703703703703704,0.301109350237718,0.315960912052117,0.985981308411215,0.314465408805031,0.299392097264438,0.995327102803738,0.309375,0.306625577812018,0.995253164556962,0.302694136291601,0.304075235109718,0.306853582554517,0.309597523219814,0.996845425867508,0.993948562783661,0.995192307692308,0.302652106084243,0.318541996830428,0.0125195618153365,0.990551181102362,0.317817014446228,0.995440729483283,0.995253164556962,0.309597523219814,0.312111801242236,0.2953125,0.309262166405024,0.3109375,0.993720565149137,0.302215189873418,0.309148264984227,0.579872204472843,0.993779160186625,0.833070866141732,0.995268138801262,0.00630914826498423,0.99390243902439,0.31039755351682,0.996825396825397,0.995290423861852,0.417956656346749,0.993788819875776,0.3152,0.996937212863706,0.297805642633229,0.2953125,0.3,0.995215311004785,0.995327102803738,0.318611987381703,0.388709677419355,0.6224,0.299363057324841,0.99537750385208,0.995184590690209,0.998427672955975,0.309409888357257,0.995412844036697,0.219474497681607,0.993808049535604,0.993720565149137,0.993710691823899,0.99375,0.321372854914197,0.9984375,0.313014827018122,0.31924882629108,0.680952380952381,0.295238095238095,0.995275590551181,0.315047021943574,0.312210200927357,0.306188925081433,0.993589743589744,0.30381679389313,0.993650793650794,0.316666666666667,0.47581903276131,0.317829457364341,0.321486268174475,0.310077519379845,0.996820349761526,0.311216429699842,0.29635499207607,0.993817619783617,0.993720565149137,0.313880126182965,0.304416403785489,0.993700787401575,0.479389312977099,0.310509554140127,0.320695102685624,0.323574730354391,0.689490445859873,0.995268138801262,0.286858974358974,0.99537037037037,0.41838351822504,0.301435406698565,0.0062402496099844,0.873282442748092,0.303656597774245,0.308661417322835,0.00594353640416048,0.0328638497652582,0.976415094339623,0.3015625,0.995363214837713,0.305164319248826,0.311475409836066,0.995215311004785,0.318461538461538,0.317460317460317,0.67981072555205,0.996825396825397,0.312698412698413,0.307814992025518,0.995192307692308,0.310077519379845,0.301794453507341,0.993710691823899,0.3375,0.307692307692308,0.317034700315457,0.3248,0.790625,0.998452012383901,0.985915492957746,0.993948562783661,0.99375,0.00474683544303797,0.995356037151703,0.993759750390016,0.99537750385208,0.42457231726283,0.99194847020934,0.304552590266876,0.989296636085627,0.323763955342903,0.992223950233281,0.616438356164384,0.643076923076923,0.3125,0.301538461538462,0.653481012658228,0.311183144246353,0.0062015503875969,0.641627543035994,0.696284329563813,0.309707241910632,0.0046656298600311,0.312202852614897,0.300623052959502,0.764240506329114,0.315625,0.691588785046729,0.604200323101777,0.308544303797468,0.309119010819165,0.293563579277865,0.995260663507109,0.028657616892911,0.00491803278688525,0.316923076923077,0.308527131782946,0.32348367029549,0.995334370139969,0.339652448657188,0.309006211180124,0.993527508090615,0.301242236024845,0.934375,0.586538461538462,0.993759750390016,0.995426829268293,0.990131578947368,0.316998468606432,0.618827160493827,0.32258064516129,0.305466237942122,0.313694267515924,0.424846625766871,0.993650793650794,0.296650717703349,0.995222929936306,0.323717948717949,0.315533980582524,0.993817619783617,0.314285714285714,0.993948562783661,0.327073552425665,0.996860282574568,0.995222929936306,0.303937007874016,0.004739336492891,0.993948562783661,0.317610062893082,0.993670886075949,0.555209953343701,0.993865030674847,0.524691358024691,0.998449612403101,0.546325878594249,0.995215311004785,0.317384370015949,0.996923076923077,0.995356037151703,0.996860282574568,0.313385826771654,0.311501597444089,0.310291858678955,0.337641357027464,0.339344262295082,0.30503144654088,0.9936,0.32182103610675,0.995098039215686,0.993920972644377,0.319488817891374,0.305863708399366,0.312883435582822,0.378335949764521,0.326625386996904,0.993808049535604,0.9953125,0.324615384615385,0.31973898858075,0.636655948553055,0.60126582278481,0.310832025117739,0.320450885668277,0.993720565149137,0.297507788161994,0.310240963855422,1,0.306818181818182,0.30503144654088,0.004739336492891,0.151840490797546,0.31637519872814,0.681681681681682,0.311708860759494,0.31733746130031,0.609160305343511,0.993740219092332,0.304212168486739,0.993710691823899,0.308661417322835,0.332807570977918,0.311320754716981,0.47723704866562,0.310015898251192,0.993527508090615,0.316455696202532,0.316455696202532,0.325806451612903,0.690769230769231,0.996747967479675,0.31687898089172,0.311627906976744,0.00316455696202532,0.327217125382263,0.992199687987519,0.944707740916272,0.9953125,0.312111801242236,0.3171875,0.308544303797468,0.597859327217125,0.995176848874598,0.610662358642973,0.327014218009479,0.995334370139969,0.993836671802773,0.959752321981424,0.6828125,0.321711568938193,0.334370139968896,0.309968847352025,0.311248073959938,0.9953125,0.993846153846154,0.517241379310345,0.648177496038035,0.995260663507109,0.993690851735016,0.992175273865415,0.699680511182109,0.996884735202492,0.31441717791411,0.689873417721519,0.996889580093313,0.323854660347551,0.312989045383412,0.315217391304348,0.992175273865415,0.998466257668712,0.66131621187801,0.314641744548287,0.995275590551181,0.998442367601246,0.321981424148607,0.305900621118012,0.993730407523511,0.00483091787439614,0.305993690851735,0.293291731669267,0.00630914826498423,0.311912225705329,0.993836671802773,0.303370786516854,0.993710691823899,0.154320987654321,0.00615384615384615,0.898176291793313,0.322981366459627,0.996889580093313,0.996870109546166,0.0062111801242236,0.0061633281972265,0.318681318681319,0.995222929936306,0.304,0.99390243902439,0.304140127388535,0.995268138801262,0.995283018867924,0.956181533646322,0.770670826833073,0.995260663507109,0.995297805642633,0.00481540930979133,0.993865030674847,0.528641571194763,0.319620253164557,0.680817610062893,0.319875776397516,0.995222929936306,0.304552590266876,0.676656151419558,0.993779160186625,0.996820349761526,0.316535433070866,0.631659056316591,0.32398753894081,0.592709984152139,0.965023847376789,0.317384370015949,0.622464898595944,0.0176282051282051,0.309262166405024,0.315457413249211,0.31875,0.993558776167472,0.648401826484018,0.306976744186047,0.878594249201278,0.592592592592593,0.964285714285714,0.995334370139969,0.99537037037037,0.306729264475743,0.332263242375602,0.302547770700637,0.311627906976744,0.309486780715397,0.627692307692308,0.306625577812018,0.00614439324116743,0.692307692307692,0.992236024844721,0.325581395348837,0.295345104333868,0.3104,0.317901234567901,0.6140625,0.993769470404984,0.324574961360124,0.322115384615385,0.320512820512821,0.319685039370079,0.308411214953271,0.308777429467085,0.206106870229008,0.688087774294671,0.314553990610329,0.614439324116744,0.993690851735016,0.249614791987673,0.306962025316456,0.909238249594814,0.995090016366612,0.995348837209302,0.3109375,0.654743390357698,0.99375,0.30757341576507,0.299524564183835,0.94888178913738,0.995319812792512,0.995290423861852,0.991961414790997,0.316118935837246,0.996815286624204,0.996875,0.897832817337461,0.993690851735016,0.337962962962963,0.993893129770992,0.606109324758842,0.993720565149137,0.675465838509317,0.30625,0.61198738170347,0.996840442338073,0.993640699523052,0.988817891373802,0.32348367029549,0.31924882629108,0.323577235772358,0.314728682170543,0.322683706070288,0.315112540192926,0.977635782747604,0.311424100156495,0.993700787401575,0.99496644295302,0.709428129829985,0.00483091787439614,0.308527131782946,0.3109375,0.687888198757764,0.99537750385208,0.566358024691358,0.316109422492401,0.66403785488959,0.310015898251192,0.315024232633279,0.996835443037975,0.313971742543171,0.319604612850082,0.689984101748808,0.910130718954248,0.322289156626506,0.612903225806452,0.58740157480315,0.3203125,0.31911532385466,0.30188679245283,0.601236476043277,0.686915887850467,0.993827160493827,0.885167464114832,0.993865030674847,0.674311926605505,0.990625,0.605815831987076,0.308426073131955,0.32475884244373,0.996946564885496,0.993710691823899,0.430577223088924,0.990445859872611,0.995348837209302,0.993759750390016,0.305246422893482,0.318885448916409,0.993640699523052,0.314285714285714,0.687888198757764,0.319488817891374,0.454976303317536,0.300157977883096,0.00461538461538462,0.297213622291022,0.993620414673046,0.995207667731629,0.603421461897356,0.00464396284829721,0.319314641744548,0.314873417721519,0.104928457869634,0.4185667752443,0.996840442338073,0.995192307692308,0.302795031055901,0.993700787401575,0.413793103448276,0.9936,0.329787234042553,0.594679186228482,0.319047619047619,0.310618066561014,0.995297805642633,0.00632911392405063,0.993650793650794,0.296825396825397,0.312698412698413,0.993948562783661,0.99685534591195,0.993874425727412,0.433544303797468,0.996830427892235,0.319182389937107,0.63265306122449,0.320695102685624,0.319422150882825,0.00623052959501558,0.0429252782193959,0.99347471451876,0.638977635782748,0.993650793650794,0.317111459968603,0.33063209076175,0.993670886075949,0.993680884676145,0.172839506172839,0.308527131782946,0.993855606758833,0.903726708074534,0.995334370139969,0.316358024691358,0.207547169811321,0.675,0.996908809891808,0.993984962406015,0.99349593495935,0.995192307692308,0.995398773006135,0.277258566978193,0.29874213836478,0.996850393700787,0.1168,0.0063391442155309,0.437694704049844,0.00648298217179903,0.314194577352472,0.995275590551181,0.681528662420382,0.995290423861852,0.995290423861852,0.892690513219285,0.998402555910543,0.685015290519878,0.9953125,0.993579454253612,0.998397435897436,0.995275590551181
"535",1,1,1,1,1,1,0.711947626841244,1,1,0.108374384236453,1,0.0515297906602254,0.800664451827243,1,0.299173553719008,0.295055821371611,0.0718849840255591,0.698492462311558,1,1,0.274350649350649,0.308319738988581,1,0.173076923076923,1,0.315024232633279,0.303571428571429,1,1,0.775974025974026,0.307814992025518,0.710862619808307,0.966346153846154,0.308319738988581,0,1,0.55748031496063,1,0.293291731669267,1,0.678513731825525,0.692185007974482,0.701587301587302,1,1,0.307565789473684,0.300492610837438,0.29635499207607,0.302215189873418,0.316720257234727,0,1,0.2921875,1,1,0.486885245901639,0.57825370675453,1,1,1,0.327503974562798,0.30655737704918,0.306320907617504,0.700325732899023,1,1,0.0429752066115702,1,0.0659340659340659,0.305111821086262,1,0.308681672025723,0.308457711442786,0.97,0.527910685805423,1,0.299684542586751,0.315047021943574,1,0.304276315789474,0.0966666666666667,0.315112540192926,0.31219512195122,1,0.322734499205087,1,1,1,1,0.697452229299363,1,1,0.00161030595813205,0.1198738170347,1,0.0540540540540541,0,1,0.565943238731219,0.687603305785124,1,0.0639344262295082,0.296474358974359,1,0.296596434359805,1,0.69377990430622,1,0.310289389067524,0.305331179321486,0.310509554140127,1,0.316720257234727,1,0.506369426751592,1,0.307448494453249,0.311111111111111,0.317034700315457,0.298045602605863,0.495114006514658,0.998410174880763,0.314194577352472,0.310855263157895,1,0.297427652733119,1,1,0.34094616639478,0.545166402535658,1,0.307443365695793,1,0.0488958990536278,1,0.307448494453249,0.684713375796178,0.313504823151125,0.925324675324675,0.433673469387755,0.112179487179487,0.104838709677419,1,1,0.317073170731707,1,0.3015625,1,0.792721518987342,1,0.313856427378965,1,1,1,1,0.32520325203252,1,0.318032786885246,0.2752,1,0.305863708399366,1,0.292604501607717,0.0941558441558442,1,0.306946688206785,1,1,1,0.323151125401929,1,0.305555555555556,1,0.292134831460674,1,0.305194805194805,0.0884244372990354,1,0.653465346534653,1,1,0.305057096247961,1,1,1,1,0.311475409836066,0.297805642633229,1,0.998389694041868,0.304552590266876,0.309951060358891,1,0.454838709677419,0.68380062305296,0,0.306477093206951,0.68621236133122,1,0.3056,1,0.998422712933754,1,0.304838709677419,0.311811023622047,0.310344827586207,1,1,1,0,1,0.297560975609756,0.969502407704655,0.309446254071661,0.302100161550889,0.759615384615385,1,1,1,1,1,0.0507131537242472,0.3,0.315625,1,0.684044233807267,1,1,0.998381877022654,0.998381877022654,1,1,0.00323101777059774,0.332273449920509,1,0.297906602254428,1,0.288461538461538,1,1,1,1,1,0.305691056910569,1,0.492659053833605,0.311897106109325,0.319422150882825,0.309446254071661,0.305057096247961,0.323481116584565,0.415156507413509,0.313504823151125,0.306089743589744,0.297297297297297,1,0.313725490196078,1,0.690737833594976,0.310679611650485,0.327044025157233,0.322475570032573,1,1,1,0.281098546042003,0.312202852614897,1,0.3,0.309968847352025,0.296596434359805,0.309677419354839,0.698717948717949,1,0.313099041533546,0.3,1,0.298531810766721,1,0.29559748427673,0.30016051364366,1,1,1,0.544283413848631,1,0.700787401574803,0.0911901081916538,0.309602649006623,1,1,0.107544141252006,0.307936507936508,0.312602291325696,1,1,0.296650717703349,0.0274193548387097,0.00163132137030995,1,1,0.321027287319422,0.998373983739837,1,0.291866028708134,1,1,0.30016051364366,1,1,1,1,0.318327974276527,0.29153605015674,0.308724832214765,1,1,0.685393258426966,0.305057096247961,1,0.304,0.292682926829268,1,1,0.998405103668262,1,1,0.310897435897436,1,1,0.11900826446281,0.325914149443561,0.498376623376623,0.292962356792144,0.680645161290323,0.301587301587302,1,0.300492610837438,0.323624595469256,0.273015873015873,0.304975922953451,1,0.315372424722662,1,1,1,0.295379537953795,0.319182389937107,0.998425196850394,0.916943521594684,0.0710743801652893,1,0.301612903225806,0.305825242718447,0.299019607843137,1,0.314696485623003,0.482200647249191,0.313880126182965,0.291666666666667,0.299342105263158,0.294788273615635,1,0.309951060358891,1,1,0,1,0.305825242718447,1,1,1,0.311290322580645,1,0.300664451827243,1,0.822966507177033,1,1,1,0.299212598425197,1,1,0.294212218649518,0.30064308681672,1,1,0.310289389067524,0.206299212598425,1,0.998402555910543,1,0,0.29344262295082,1,0.292134831460674,0.257328990228013,1,0.690590111642743,0.4140625,1,1,0.687116564417178,0.72275641025641,0.336025848142165,1,0.309294871794872,1,1,0.31900826446281,1,0.998366013071895,0.0065252854812398,0.310679611650485,1,1,0.306291390728477,1,1,0.300813008130081,0.353225806451613,1,1,1,0.515151515151515,0.297770700636943,0.333878887070376,0.304878048780488,0.324324324324324,0.707592891760905,0.310509554140127,0.320512820512821,0.292993630573248,0.260450160771704,0.314845024469821,1,0.306349206349206,0.998394863563403,0.297906602254428,0.0913385826771654,0.0571428571428571,1,1,0.0436187399030695,1,0.694488188976378,0.0484652665589661,0.0115511551155116,1,0.684975767366721,1,1,0.541118421052632,1,0,0.080327868852459,1,1,1,0.312602291325696,0.656923076923077,0.702521008403361,0.996815286624204,1,0.980922098569157,0.295819935691318,0.352272727272727,1,0.285481239804241,1,0.357843137254902,0.119086460032626,0.296950240770466,0.314152410575428,0.328205128205128,1,0.0846645367412141,1,1,1,0.276898734177215,0.311475409836066,1,0.305691056910569,1,1,0.29093799682035,1,0.306853582554517,1,0.291803278688525,0.309061488673139,1,0.693053311793215,0.302034428794992,1,0.303571428571429,0.746753246753247,0.299212598425197,0.173913043478261,0.310185185185185,0.762295081967213,0.301302931596091,1,0.312399355877617,0.3232,0.280193236714976,1,1,1,0.961857379767827,0.355108877721943,1,0.316309719934102,1,0.30514096185738,0.306962025316456,1,1,1,0.911003236245955,1,0.29559748427673,0.302547770700637,1,1,0.0556464811783961,0.0878048780487805,1,1,0.293245469522241,1,1,0.306818181818182,1,1,0.69551282051282,0.553429027113238,1,0,1,1,0.109177215189873,0.317589576547231,1,0.308064516129032,0.998389694041868,0.962295081967213,0.998394863563403,0.802232854864434,1,0.315091210613599,1,1,1,0,0.298507462686567,1,1,0.681229773462783,1,0.309791332263242,0.33974358974359,0.310789049919485,1,1,1,0.100478468899522,0.303130148270181,0.0978441127694859,0.998381877022654,0.296474358974359,0.296474358974359,0.339228295819936,0,1,0.950738916256158,1,1,0.305418719211823,0.291798107255521,0.171052631578947,0.0476973684210526,0.308681672025723,0.299352750809061,0.311320754716981,0.00163934426229508,0.298722044728434,1,0,0.306349206349206,1,1,1,0.309294871794872,0.306836248012719,0.0423728813559322,1,0.301948051948052,0.294685990338164,1,1,0.309904153354633,0.706666666666667,1,1,0.70873786407767,1,0.298578199052133,1,0.301127214170692,0.54140127388535,0.685214626391097,0.40527950310559,1,0.287735849056604,0.304975922953451,0.691693290734824,0.68075117370892,1,0.310289389067524,1,0.306603773584906,1,0.312602291325696,0.300986842105263,0.333333333333333,0.52588996763754,0.304635761589404,0.294214876033058,0.672131147540984,0.30379746835443,0.160267111853088,1,0,1,0.278048780487805,1,0,0.305691056910569,0.302931596091205,1,0.0630914826498423,1,0.0941558441558442,0.327922077922078,1,0.0717703349282297,0.684887459807074,1,1,1,0.295867768595041,0.0464,1,0.415309446254072,0.107667210440457,0.33652312599681,0.310289389067524,0.315286624203822,1,1,1,1,1,0.0686427457098284,0.996879875195008,0.701612903225806,0.00307219662058372,0.311183144246353,1,1,1,1,0.0926829268292683,0.3024,1,1,1,1,1,1,0.510301109350238,0.00160771704180064,1,0.0936507936507937,0.305691056910569,0.455128205128205,1,0.379934210526316,0.293918918918919,0.310897435897436,1,0.046031746031746,0.31139646869984,1,1,0.355263157894737,0.306962025316456,0.297560975609756,0.303986710963455,0.998412698412698,0.312091503267974,0.30952380952381,0.419934640522876,0.308186195826645,0.968454258675079,0.308641975308642,0.0913621262458472,0.314285714285714,0,1,0.0981996726677578,0.306055646481178,0.299019607843137,0.309719934102142,1,1,1,1,1,1,0.319604612850082,1,0.311501597444089,0.30155979202773,0.601275917065391,0.688206785137318,1,1,0,0.304821150855365,0.130016051364366,0.998435054773083,0.0412541254125413,1,1,0.310743801652893,1,1,0.625204582651391,0.416526138279933,0.996894409937888,0.0897009966777409,0.106035889070147,1,1,1,0.0966719492868463,0,0.303317535545024,0.406752411575563,0.309636650868878,0,0.319218241042345,0.0921052631578947,1,1,0.306089743589744,0.3056,0.264705882352941,0.321951219512195,0.300476947535771,0.307568438003221,1,1,0.324149108589951,1,0,1,0.238952536824877,1,0.690095846645367,1,0.296474358974359,0.291118421052632,0.0842607313195548,0.684044233807267,1,1,0.788617886178862,0.902155887230514,0.3,0.298850574712644,1,0.306320907617504,0.266129032258065,0.306156405990017,1,0.111642743221691,1,1,0.302884615384615,0.683168316831683,0.294308943089431,1,1,0.298722044728434,0.292332268370607,0.30503144654088,0.860615883306321,0.301164725457571,1,0.0600315955766193,1,1,0.704654895666132,0.674718196457327,0.312186978297162,0.0618892508143322,0.306581059390048,1,1,0.294022617124394,0.311793214862682,0.636363636363636,1,0.294585987261146,0.357827476038339,0.293739967897271,0.982084690553746,0.493589743589744,0.00474683544303797,0.29635499207607,0.311708860759494,0.315789473684211,0.297029702970297,0.297507788161994,0.965079365079365,1,0.300476947535771,0.559405940594059,0.694581280788177,0.252396166134185,0.696160267111853,1,0.304418985270049,0.00326797385620915,0.311793214862682,0.298217179902755,0.36,0.308196721311475,0,0.321027287319422,0.304418985270049,0.30718954248366,0.302250803858521
"536",1,1,1,1,1,1,0.709935897435897,1,1,0.10207336523126,1,0.0490045941807044,0.816037735849057,1,0.305993690851735,0.30077519379845,0.0667701863354037,0.693548387096774,1,1,0.28062015503876,0.30625,1,0.159375,1,0.322884012539185,0.309791332263242,1,1,0.792393026941363,0.303875968992248,0.7298937784522,0.961059190031153,0.309968847352025,0,1,0.554012345679012,1,0.3,1,0.677966101694915,0.688679245283019,0.703245749613601,1,1,0.312903225806452,0.300157977883096,0.306525037936267,0.311424100156495,0.320987654320988,0,1,0.30521472392638,1,1,0.495268138801262,0.559561128526646,1,1,1,0.32262996941896,0.315217391304348,0.312202852614897,0.687203791469194,1,1,0.0393700787401575,1,0.0623100303951368,0.309559939301973,1,0.309033280507132,0.315457413249211,0.967845659163987,0.523882896764253,1,0.306625577812018,0.326251896813354,1,0.310569105691057,0.0890302066772655,0.312989045383412,0.312796208530806,1,0.325038880248834,1,1,1,1,0.69558599695586,1,1,0.00156494522691706,0.106153846153846,1,0.0516717325227964,0,1,0.578616352201258,0.688291139240506,1,0.059748427672956,0.306603773584906,1,0.311708860759494,1,0.690184049079755,1,0.307692307692308,0.310344827586207,0.312693498452012,1,0.322480620155039,1,0.493846153846154,1,0.308527131782946,0.291666666666667,0.319634703196347,0.313880126182965,0.489891135303266,0.998459167950693,0.309923664122137,0.310569105691057,1,0.290571870170015,1,1,0.324492979719189,0.543511450381679,1,0.309262166405024,1,0.0477611940298507,1,0.303405572755418,0.683890577507599,0.321928460342146,0.927018633540373,0.426073131955485,0.108150470219436,0.1015625,1,1,0.323390894819466,1,0.314759036144578,1,0.808575803981623,1,0.315873015873016,1,1,1,1,0.333860759493671,1,0.317034700315457,0.251543209876543,1,0.303405572755418,1,0.299382716049383,0.0903328050713154,1,0.306477093206951,1,1,1,0.326086956521739,1,0.318681318681319,1,0.298273155416013,1,0.308544303797468,0.0856269113149847,1,0.645631067961165,1,1,0.302362204724409,1,1,1,1,0.311708860759494,0.302003081664099,1,0.998461538461539,0.320610687022901,0.303174603174603,1,0.448916408668731,0.667164179104478,0,0.308527131782946,0.679127725856698,1,0.317972350230415,1,0.998461538461539,1,0.304821150855365,0.313455657492355,0.319047619047619,1,1,1,0,1,0.30016051364366,0.968992248062015,0.312101910828025,0.302694136291601,0.746105919003115,1,1,1,1,1,0.0502354788069074,0.310344827586207,0.31839258114374,1,0.679938744257274,1,1,0.998442367601246,0.998452012383901,1,1,0.00470219435736677,0.312788906009245,1,0.305732484076433,1,0.290123456790123,1,1,1,1,1,0.316614420062696,1,0.498427672955975,0.31924882629108,0.314900153609831,0.307073954983923,0.316614420062696,0.322932917316693,0.408585055643879,0.325581395348837,0.315301391035549,0.302469135802469,1,0.307931570762053,1,0.699386503067485,0.313572542901716,0.310872894333844,0.323854660347551,1,1,1,0.259026687598116,0.298003072196621,1,0.312202852614897,0.319571865443425,0.306376360808709,0.303405572755418,0.688783570300158,1,0.321044546850998,0.311004784688995,1,0.293929712460064,1,0.310975609756098,0.308777429467085,1,1,1,0.540498442367601,1,0.699842022116904,0.0877458396369138,0.309375,1,1,0.102446483180428,0.313935681470138,0.318979266347687,1,1,0.292117465224111,0.0261136712749616,0.00321543408360129,1,1,0.328787878787879,0.998410174880763,1,0.301391035548686,1,1,0.312989045383412,1,1,1,1,0.318252730109204,0.29806259314456,0.317891373801917,1,1,0.682515337423313,0.320251177394035,1,0.308396946564885,0.289514866979656,1,1,0.998463901689708,1,1,0.322378716744914,1,1,0.105095541401274,0.329803328290469,0.484423676012461,0.307210031347962,0.677265500794913,0.31039755351682,1,0.300940438871473,0.323899371069182,0.258461538461538,0.313271604938272,1,0.311746987951807,1,1,1,0.305164319248826,0.316590563165906,0.998461538461539,0.918138041733547,0.0694006309148265,1,0.30521472392638,0.307324840764331,0.299373040752351,1,0.329230769230769,0.46583850931677,0.314152410575428,0.298299845440495,0.301587301587302,0.297939778129952,1,0.314285714285714,1,1,0,1,0.314785373608903,1,1,1,0.322274881516588,1,0.306477093206951,1,0.841538461538462,1,1,1,0.313084112149533,1,1,0.304012345679012,0.306501547987616,1,1,0.303125,0.182235834609495,1,0.998456790123457,1,0,0.302507836990596,1,0.295133437990581,0.247278382581649,1,0.683153013910355,0.428790199081164,1,1,0.689189189189189,0.709576138147567,0.339506172839506,1,0.31039755351682,1,1,0.31911532385466,1,0.998425196850394,0.0077639751552795,0.322834645669291,1,1,0.3168,1,1,0.304075235109718,0.33179012345679,1,1,1,0.522865853658537,0.303265940902022,0.3390625,0.311278195488722,0.325077399380805,0.700949367088608,0.318042813455657,0.314152410575428,0.31039755351682,0.245723172628305,0.314873417721519,1,0.312883435582822,0.998452012383901,0.313846153846154,0.0887218045112782,0.0549618320610687,1,1,0.0417956656346749,1,0.685496183206107,0.0461538461538462,0.0124031007751938,1,0.679938744257274,1,1,0.532283464566929,1,0,0.0796178343949045,1,1,1,0.317034700315457,0.655639097744361,0.7024,0.995426829268293,1,0.981538461538462,0.290423861852433,0.334389857369255,1,0.291600633914422,1,0.363354037267081,0.107255520504732,0.29601226993865,0.315548780487805,0.327212020033389,1,0.0875576036866359,1,1,1,0.257621951219512,0.315873015873016,1,0.311811023622047,1,1,0.30568356374808,1,0.311278195488722,1,0.299689440993789,0.322429906542056,1,0.68503937007874,0.304878048780488,1,0.307570977917981,0.763888888888889,0.308396946564885,0.162576687116564,0.318181818181818,0.770670826833073,0.299679487179487,1,0.323029366306028,0.332810047095761,0.281931464174455,1,1,1,0.966666666666667,0.345276872964169,1,0.323296354992076,1,0.3168,0.31570996978852,1,1,1,0.911214953271028,1,0.303076923076923,0.312788906009245,1,1,0.055205047318612,0.0841269841269841,1,1,0.300476947535771,1,1,0.30503144654088,1,1,0.687203791469194,0.53858024691358,1,0,1,1,0.100763358778626,0.31924882629108,1,0.316614420062696,0.998449612403101,0.963779527559055,0.998439937597504,0.826747720364742,1,0.317034700315457,1,1,1,0,0.3,1,1,0.678125,1,0.309748427672956,0.352574102964119,0.317757009345794,1,1,1,0.0916030534351145,0.310832025117739,0.097444089456869,0.998459167950693,0.29922480620155,0.302795031055901,0.349618320610687,0,1,0.953416149068323,1,1,0.316455696202532,0.295558958652374,0.162246489859594,0.0443740095087163,0.313084112149533,0.3078125,0.318529862174579,0.00158478605388273,0.304147465437788,1,0,0.309230769230769,1,1,1,0.303543913713405,0.308980213089802,0.038961038961039,1,0.309748427672956,0.307458143074581,1,1,0.309486780715397,0.696774193548387,1,1,0.692429022082019,1,0.298165137614679,1,0.309409888357257,0.528158295281583,0.680786686838124,0.405446293494705,1,0.295281582952816,0.309597523219814,0.69478527607362,0.680491551459293,1,0.32312404287902,1,0.31866464339909,1,0.31201248049922,0.295238095238095,0.34375,0.52112676056338,0.312796208530806,0.303030303030303,0.670295489891135,0.308892355694228,0.153344208809135,1,0,1,0.285031847133758,1,0,0.31496062992126,0.313880126182965,1,0.0597907324364723,1,0.0894819466248038,0.33175355450237,1,0.0680061823802164,0.684210526315789,1,1,1,0.304418985270049,0.0442748091603053,1,0.423861852433281,0.0971337579617834,0.344461305007587,0.318112633181126,0.314814814814815,1,1,1,1,1,0.0695915279878971,0.995419847328244,0.684952978056426,0.00449101796407186,0.311627906976744,1,1,1,1,0.0885093167701863,0.309451219512195,1,1,1,1,1,1,0.48780487804878,0.0016,1,0.0888208269525268,0.3125,0.4399375975039,1,0.386217948717949,0.303858520900322,0.302652106084243,1,0.0476923076923077,0.307098765432099,1,1,0.355450236966825,0.297674418604651,0.304482225656878,0.309061488673139,0.998456790123457,0.318681318681319,0.312597200622084,0.4096,0.310077519379845,0.969558599695586,0.308623298033283,0.0879120879120879,0.316614420062696,0,1,0.0937996820349762,0.303937007874016,0.312693498452012,0.310077519379845,1,1,1,1,1,1,0.330708661417323,1,0.312210200927357,0.304132231404959,0.596899224806202,0.689167974882261,1,1,0,0.306153846153846,0.122291021671827,0.998487140695915,0.0389408099688473,1,1,0.307448494453249,1,1,0.612698412698413,0.413398692810457,0.995515695067265,0.0859872611464968,0.10062893081761,1,1,1,0.0948012232415902,0,0.312404287901991,0.415241057542768,0.313846153846154,0,0.313291139240506,0.0919175911251981,1,1,0.312307692307692,0.312210200927357,0.23963133640553,0.324921135646688,0.313546423135464,0.315870570107858,1,1,0.317535545023697,1,0,1,0.217665615141956,1,0.685271317829457,1,0.301242236024845,0.30564263322884,0.0811232449297972,0.684782608695652,1,1,0.794992175273865,0.903691813804173,0.310126582278481,0.3104,1,0.308166409861325,0.251956181533646,0.313195548489666,1,0.102040816326531,1,1,0.31839258114374,0.688888888888889,0.306477093206951,1,1,0.302936630602782,0.300462249614792,0.310136157337368,0.856687898089172,0.308186195826645,1,0.0611620795107034,1,1,0.703533026113671,0.661490683229814,0.315286624203822,0.0608424336973479,0.317460317460317,1,1,0.296825396825397,0.318818040435459,0.626356589147287,1,0.30030487804878,0.369230769230769,0.300314465408805,0.984591679506934,0.478672985781991,0.00309119010819165,0.295031055900621,0.31651376146789,0.318471337579618,0.306962025316456,0.311178247734139,0.96937212863706,1,0.30077519379845,0.556982343499197,0.696875,0.233486943164363,0.693181818181818,1,0.314641744548287,0.0031496062992126,0.323529411764706,0.306976744186047,0.365891472868217,0.305993690851735,0,0.324074074074074,0.309294871794872,0.313385826771654,0.304552590266876
"537",0.701587301587302,0.688087774294671,0.688854489164087,0.669291338582677,0.6859375,0.692913385826772,0.990506329113924,0.675078864353312,0.688372093023256,0.435275080906149,0.679878048780488,0.361538461538462,0.483359746434231,0.682539682539683,0,0,0.379416282642089,1,0.679873217115689,0.69170579029734,0,0,0.676970633693972,0.478939157566303,0.690184049079755,0,0,0.662921348314607,0.689024390243902,0.484423676012461,0,0.41820987654321,0.634556574923547,0.00470957613814757,0.335949764521193,0.687296416938111,0.854938271604938,0.673405909797823,0,0.691107644305772,0.996860282574568,1,1,0.670886075949367,0.682965299684543,0,0.00630914826498423,0,0,0,0.310077519379845,0.677265500794913,0,0.680061823802164,0.685358255451713,0.187599364069952,0.869496855345912,0.680314960629921,0.685185185185185,0.679748822605965,0.00924499229583975,0,0,0.995230524642289,0.691680261011419,0.67817896389325,0.347003154574132,0.678740157480315,0.385074626865672,0,0.676056338028169,0,0,0.723704866562009,0.83969465648855,0.681008902077151,0,0.00461538461538462,0.680124223602484,0,0.398058252427184,0,0,0.681181959564541,0,0.682228915662651,0.691823899371069,0.673469387755102,0.684952978056426,1,0.6796875,0.676783004552352,0.317557251908397,0.414860681114551,0.68860353130016,0.362940275650842,0.3203125,0.688650306748466,0.871335504885994,1,0.68798751950078,0.379365079365079,0,0.682182985553772,0,0.683464566929134,1,0.676145339652449,0,0,0,0.68895800933126,0.00462962962962963,0.671317829457364,0.796946564885496,0.69359756097561,0,0.628086419753086,0,0,0.800623052959502,0.691950464396285,0,0,0.669767441860465,0,0.684684684684685,0.682852807283763,0.636650868878357,0.222222222222222,0.683464566929134,0,0.672985781990521,0.367867867867868,0.6624,0,0.998442367601246,0,0.626984126984127,0.112903225806452,0.415503875968992,0.405320813771518,0.689167974882261,0.674230145867099,0,0.680061823802164,0,0.699059561128527,0.494573643410853,0.677914110429448,0,0.695924764890282,0.681528662420382,0.674603174603175,0.6765625,0,0.692307692307692,0,0.557098765432099,0.667177914110429,0,0.67624810892587,0,0.403815580286169,0.681388012618297,0,0.683076923076923,0.681047765793529,0.665629860031104,0.0136986301369863,0.673534072900158,0,0.677830940988836,0,0.685064935064935,0,0.408602150537634,0.698757763975155,0.969055374592834,0.70952380952381,0.683464566929134,0,0.696734059097978,0.679127725856698,0.683307332293292,0.673312883435583,0,0,0.667192429022082,0.674454828660436,0,0,0.671383647798742,0.762052877138414,0.980243161094225,0.306748466257669,0,0.996894409937888,0.684698608964451,0,0.6752,0.688854489164087,0.686520376175549,0.00311526479750779,0,0,0.670676691729323,0.686998394863563,0.681818181818182,0.31974921630094,0.695102685624013,0,0.659442724458204,0,0,0.563271604938272,0.678288431061807,0.679447852760736,0.668231611893584,0.695987654320988,0.693877551020408,0.365054602184087,0,0,0.678899082568807,0.996904024767802,0.676425269645609,0.684370257966616,0.672386895475819,0.693374422187982,0.694099378881988,0.684451219512195,0.308166409861325,0.644274809160305,0.694099378881988,0,0.676970633693972,0,0.689230769230769,0.691472868217054,0.687106918238994,0.676609105180534,0.682615629984051,0,0.678571428571429,0.204761904761905,0,0,0.00314465408805031,0,0,0.103011093502377,0,0,0,0.6875,0,0.67699836867863,1,0,0.617873651771957,0,0.681889763779528,0.6828125,0.686119873817035,0.572555205047319,0,0.679566563467492,0,0,0,0,1,0.684867394695788,0,0,0.679626749611198,0,0.684129429892142,0,0,0.691455696202532,0.67515923566879,0.688575899843505,0.846394984326019,0.673015873015873,1,0.411764705882353,0,0.682098765432099,0.677367576243981,0.416539050535988,0,0,0.671428571428571,0.672523961661342,0,0.346394984326019,0.305111821086262,0.6944,0.673107890499195,0.00610687022900763,0.667194928684628,0.692424242424242,0,0.685446009389671,0.693623639191291,0,0.697965571205008,0.675968992248062,0.684698608964451,0.683881064162754,0,0,0,0.693270735524257,0.667721518987342,0.993817619783617,0.0063391442155309,0.679365079365079,0,0,0.687022900763359,0.668231611893584,0.694835680751174,0.683881064162754,0.68160741885626,0,0.693163751987281,0.695046439628483,0.435897435897436,0,0.15748031496063,0,1,0,0.681887366818874,0,0,0.58179012345679,0.00154083204930663,0.679873217115689,0,0.683385579937304,0.696261682242991,0.682027649769585,0,0,0.679012345679012,0.611821086261981,0.391849529780564,0.695859872611465,0,0,0,0.680817610062893,0,0.802795031055901,0,0,0,0,0.674884437596302,0,0.685761047463175,0.66347687400319,0.327613104524181,0.691338582677165,0,0.674922600619195,0.684532924961715,0.690590111642743,0,0.687975646879756,0,0.67616191904048,0.522550544323484,0.683153013910355,0.678343949044586,0.688473520249221,0,0.677884615384615,0.692789968652038,0,0,0.679506933744222,0.689230769230769,0,0.512345679012346,0.681229773462783,0.675425038639876,0.671732522796353,0.318461538461538,0,0.702875399361022,0,0.57484076433121,0.695178849144635,1,0.122913505311077,0.678233438485804,0.681181959564541,1,0.973478939157566,0.0202808112324493,0.686635944700461,0,0.689102564102564,0.681159420289855,0,0.671253822629969,0.675078864353312,0.333333333333333,0,0.686915887850467,0.676100628930818,0,0.691603053435115,0.697749196141479,0,0.658878504672897,0.69435736677116,0.680916030534351,0.661417322834646,0.204651162790698,0,0.0158478605388273,0,0,0.998405103668262,0,0.0046875,0,0.561128526645768,0.00317965023847377,0.690076335877863,0.00458015267175573,0.672985781990521,0.00309597523219814,0.387786259541985,0.371340523882897,0.680124223602484,0.691833590138675,0.354838709677419,0.676751592356688,1,0.368258859784284,0.316614420062696,0.679626749611198,0.998439937597504,0.68380062305296,0.687402799377916,0.231974921630094,0.677519379844961,0.3140625,0.404186795491143,0.682242990654206,0.683153013910355,0.696875,0,0.974702380952381,1,0.682588597842835,0.668730650154799,0.669796557120501,0,0.658227848101266,0.6801872074883,0,0.694099378881988,0.0590062111801242,0.431528662420382,0,0,0.00664451827242525,0.680786686838124,0.394171779141104,0.677862595419847,0.688995215311005,0.682888540031397,0.577812018489985,0,0.688783570300158,0,0.681159420289855,0.6848,0,0.684210526315789,0,0.675118858954041,0,0,0.6801872074883,1,0,0.678627145085803,0,0.43879173290938,0,0.494607087827427,0,0.450549450549451,0,0.676898222940226,0,0,0,0.697637795275591,0.681889763779528,0.679389312977099,0.657467532467532,0.675806451612903,0.689763779527559,0,0.678627145085803,0,0,0.671361502347418,0.675118858954041,0.681470137825421,0.613104524180967,0.674884437596302,0,0,0.671802773497689,0.678288431061807,0.368584758942457,0.404423380726698,0.683153013910355,0.680511182108626,0,0.687595712098009,0.686838124054463,0.004739336492891,0.69551282051282,0.687203791469194,1,0.854517611026034,0.679127725856698,0.317037037037037,0.685534591194969,0.678899082568807,0.402439024390244,0.0031055900621118,0.690095846645367,0,0.686028257456829,0.650546021840874,0.685624012638231,0.519201228878648,0.687598116169545,0,0.677519379844961,0.674603174603175,0.67192429022082,0.314152410575428,0,0.6736,0.67651632970451,1,0.670180722891566,0.00152905198776758,0.0417310664605873,0,0.679938744257274,0.680061823802164,0.686804451510334,0.420489296636086,0,0.40224358974359,0.665610142630745,0,0,0.0313971742543171,0.31974921630094,0.67244094488189,0.640062597809077,0.680124223602484,0.679447852760736,0,0,0.484227129337539,0.364500792393027,0,0,0.00153374233128834,0.300632911392405,0,0.672699849170437,0.318818040435459,0,0.671875,0.683385579937304,0.681047765793529,0.0031055900621118,0,0.354632587859425,0.677018633540373,0,0,0.670261941448382,0.683076923076923,0.00154798761609907,1,0.68088467614534,0.686614173228347,0.993779160186625,0.689497716894977,0,0.687203791469194,0,0.848765432098765,1,0.0939393939393939,0.673405909797823,0,0,1,0.998496240601504,0.671875,0,0.688995215311005,0.00303951367781155,0.690363349131122,0,0.00158730158730159,0.0375,0.217592592592593,0,0,0.995268138801262,0,0.489465153970827,0.68025078369906,0.32572298325723,0.673780487804878,0,0.697674418604651,0.323899371069182,0,0,0.682108626198083,0.378582202111614,0.671383647798742,0.41471048513302,0.0251968503937008,0.675507020280811,0.398133748055988,0.987730061349693,0.682316118935837,0.678955453149002,0.673748103186646,0,0.364615384615385,0.693251533742331,0.110410094637224,0.406995230524642,0.0319148936170213,0,0,0.688854489164087,0.665594855305466,0.693163751987281,0.690993788819876,0.688271604938272,0.377245508982036,0.696048632218845,1,0.324444444444444,0.00156494522691706,0.678018575851393,0.69620253164557,0.679936305732484,0.676783004552352,0.398148148148148,0,0.671296296296296,0.666666666666667,0.66504854368932,0.678627145085803,0.683307332293292,0.690851735015773,0.803625377643505,0.321259842519685,0.68125,0.400616332819723,0,0.761006289308176,0.675039246467818,0.0732484076433121,0,0,0.689922480620155,0.364197530864198,0,0.685015290519878,0.692789968652038,0.0425867507886435,0,0,0.00315955766192733,0.678571428571429,0,0,0.101426307448494,0,0.645801526717557,0,0.401294498381877,0,0.328173374613003,0.686520376175549,0.399053627760252,0,0,0.0078740157480315,0.672839506172839,0.675548589341693,0.678913738019169,0.677018633540373,0.67741935483871,0.679245283018868,0.0159235668789809,0.688473520249221,0,0,0.270735524256651,1,0.683563748079877,0.679938744257274,0.322033898305085,0,0.432766615146832,0.670731707317073,0.357927786499215,0.696540880503145,0.681020733652313,0,0.6859375,0.686274509803922,0.310725552050473,0.094551282051282,0.680597014925373,0.393939393939394,0.424528301886792,0.678018575851393,0.681181959564541,0.695924764890282,0.403755868544601,0.3234375,0,0.106583072100313,0,0.332822085889571,0.00316957210776545,0.403508771929825,0.681962025316456,0.676328502415459,0,0,0.569640062597809,0.00631911532385466,0.00155038759689922,0,0.690363349131122,0.671296296296296,0,0.683109118086697,0.3203125,0.674961119751166,0.532591414944356,0.695583596214511,1,0.686915887850467,0,0,0.406441717791411,0.998452012383901,0.665109034267913,0.67651632970451,0.913793103448276,0.579967689822294,0,0,0.683307332293292,0,0.589341692789969,0,0.671686746987952,0.408882082695253,0.682170542635659,0.685534591194969,0,1,0,0.690966719492868,0.679873217115689,0,0,0,0.553627760252366,0,0.68266253869969,0.384375,0.671383647798742,0.677830940988836,0.998447204968944,0.959375,0,0.38390092879257,0,0.678071539657854,0.674121405750799,0,0,0.84080370942813,0.685271317829457,0,0.0967741935483871,0,0.672307692307692,0.790220820189274,0.322188449848024,0,0,0,0,0,0.714503816793893,0.693163751987281,0,0.874403815580286,0.998425196850394,0.557959814528594,1,0.668238993710692,0,0.321766561514196,0,0,0.113464447806354,0,0.318885448916409,0,0,0,0
"538",0.555729984301413,0.522137404580153,0.538343558282209,0.527301092043682,0.540123456790123,0.545731707317073,0.850234009360374,0.525581395348837,0.548238897396631,0.578864353312303,0.536363636363636,0.514459665144597,0.339089481946625,0.530046224961479,0.142638036809816,0.143721633888048,0.542168674698795,0.8609375,0.536661466458658,0.547112462006079,0.149765990639626,0.143297380585516,0.532137518684604,0.621580547112462,0.550074738415546,0.134238310708899,0.137071651090343,0.519561815336463,0.546686746987952,0.313971742543171,0.152337858220211,0.265842349304482,0.490196078431373,0.137984496124031,0.483920367534456,0.538338658146965,0.987711213517665,0.530395136778115,0.136842105263158,0.54833836858006,0.877300613496933,0.863914373088685,0.860326894502229,0.51937984496124,0.524332810047096,0.133437990580848,0.136434108527132,0.142642642642643,0.145896656534954,0.135746606334842,0.46177370030581,0.532924961715161,0.146747352496218,0.536363636363636,0.540458015267176,0.0715396578538103,0.981481481481482,0.535384615384615,0.552395209580838,0.521671826625387,0.131818181818182,0.139356814701378,0.142414860681115,0.875389408099688,0.544600938967136,0.540458015267176,0.489891135303266,0.53680981595092,0.542042042042042,0.136842105263158,0.533232628398791,0.138931297709924,0.138845553822153,0.580246913580247,0.996927803379416,0.54066265060241,0.144992526158445,0.128787878787879,0.52833078101072,0.139280125195618,0.55993690851735,0.131045241809672,0.147640791476408,0.527272727272727,0.124233128834356,0.527736131934033,0.544891640866873,0.516079632465544,0.525914634146341,0.859969558599696,0.530959752321981,0.540740740740741,0.465857359635812,0.573596358118361,0.537151702786378,0.512937595129376,0.475113122171946,0.526555386949924,0.984301412872841,0.868217054263566,0.535168195718654,0.544072948328267,0.145285935085008,0.535433070866142,0.139968895800933,0.531587057010786,0.870229007633588,0.543511450381679,0.13125,0.141779788838612,0.143074581430746,0.523809523809524,0.133738601823708,0.531587057010786,0.964125560538117,0.547723935389134,0.144634525660964,0.776096822995461,0.136431784107946,0.134466769706337,0.962962962962963,0.536098310291859,0.140060240963855,0.14018691588785,0.524962178517398,0.151285930408472,0.535502958579882,0.536512667660209,0.802147239263804,0.384843982169391,0.528481012658228,0.145482388973966,0.542901716068643,0.510385756676558,0.534181240063593,0.134036144578313,0.87211093990755,0.137557959814529,0.466463414634146,0.26517571884984,0.574961360123648,0.565284178187404,0.533950617283951,0.527733755942948,0.143950995405819,0.54434250764526,0.13037037037037,0.53953488372093,0.349397590361446,0.532330827067669,0.130708661417323,0.544049459041731,0.53343701399689,0.545595054095827,0.522620904836194,0.121951219512195,0.540123456790123,0.132921174652241,0.720965309200603,0.532824427480916,0.142424242424242,0.54337899543379,0.150306748466258,0.555727554179567,0.53405572755418,0.131578947368421,0.537177541729894,0.536363636363636,0.518348623853211,0.141993957703928,0.538343558282209,0.13312693498452,0.534668721109399,0.134441087613293,0.528213166144201,0.137557959814529,0.562021439509954,0.554699537750385,0.901098901098901,0.543171114599686,0.534848484848485,0.143525741029641,0.550077041602465,0.526717557251908,0.534954407294833,0.540334855403349,0.143076923076923,0.141337386018237,0.517350157728707,0.529141104294479,0.141141141141141,0.151799687010955,0.524316109422492,0.92412746585736,0.882440476190476,0.457886676875957,0.136294027565084,0.866459627329193,0.532233883058471,0.13767019667171,0.542319749216301,0.541106128550075,0.540581929555896,0.148318042813456,0.150227617602428,0.142405063291139,0.527941176470588,0.535321821036107,0.537404580152672,0.469325153374233,0.548929663608563,0.140405616224649,0.513888888888889,0.122641509433962,0.130769230769231,0.710365853658537,0.529874213836478,0.533033033033033,0.526964560862866,0.54601226993865,0.542901716068643,0.505343511450382,0.137931034482759,0.147013782542113,0.539969834087481,0.868460388639761,0.528358208955224,0.539143279172821,0.541666666666667,0.536953242835596,0.551145038167939,0.520485584218513,0.449848024316109,0.811746987951807,0.549467275494673,0.147058823529412,0.530326594090202,0.133633633633634,0.540581929555896,0.535768645357686,0.530769230769231,0.517829457364341,0.532488114104596,0.134556574923547,0.528700906344411,0.0595611285266458,0.125574272588055,0.14567526555387,0.136792452830189,0.140432098765432,0.146604938271605,0.259026687598116,0.135176651305684,0.123287671232877,0.135802469135802,0.544227886056971,0.137984496124031,0.5424,0.865443425076453,0.134052388289676,0.777609682299546,0.137770897832817,0.530139103554869,0.526234567901235,0.540706605222734,0.744548286604361,0.150306748466258,0.523736600306279,0.142635658914729,0.15015015015015,0.133640552995392,0.140929535232384,0.863914373088685,0.533026113671275,0.136157337367625,0.139968895800933,0.529862174578867,0.140350877192982,0.531722054380665,0.142428785607196,0.152073732718894,0.536891679748823,0.533018867924528,0.548484848484848,1,0.529968454258675,0.854517611026034,0.569069069069069,0.132307692307692,0.545045045045045,0.525157232704403,0.566412213740458,0.142640364188164,0.127131782945736,0.526315789473684,0.536098310291859,0.156060606060606,0.492469879518072,0.453560371517028,0.544600938967136,0.533646322378717,0.125748502994012,0.537993920972644,0.549192364170338,0.146747352496218,0.535660091047041,0.549317147192716,0.143730886850153,0.531202435312024,0.535603715170279,0.548484848484848,0.529411764705882,0.139817629179331,0.150297619047619,0.139280125195618,0.537151702786378,0.533127889060092,0.856060606060606,0.124807395993837,0.535101404056162,0.13984962406015,0.145285935085008,0.534638554216867,0.52914798206278,0.543247344461305,0.52760736196319,0.538694992412747,0.142638036809816,0.536923076923077,0.542113323124043,0.572337042925278,0.129909365558912,0.302611367127496,0.147692307692308,0.854517611026034,0.13963963963964,0.53125,0.139498432601881,0.134762633996937,0.740909090909091,0.131297709923664,0.535493827160494,0.143283582089552,0.537519142419602,0.534456355283308,0.535168195718654,0.132398753894081,0.145015105740181,0.539755351681957,0.463223787167449,0.542768273716952,0.5421875,0.139393939393939,0.138036809815951,0.1375,0.519685039370079,0.142857142857143,0.955993930197269,0.142857142857143,0.133640552995392,0.125581395348837,0.140215716486903,0.530460624071322,0.140845070422535,0.536624203821656,0.530395136778115,0.472952086553323,0.54375,0.133640552995392,0.549467275494673,0.53698224852071,0.525741029641186,0.131375579598145,0.531013615733737,0.130769230769231,0.534638554216867,0.363086232980333,0.54531490015361,0.5375,0.532625189681335,0.144796380090498,0.529595015576324,0.530516431924883,0.145962732919255,0.149773071104387,0.532924961715161,0.53822629969419,0.136923076923077,0.676691729323308,0.527472527472527,0.532110091743119,0.515695067264574,0.466360856269113,0.137285491419657,0.535545023696682,0.153614457831325,0.741486068111455,0.542944785276074,0.861280487804878,0.0430906389301634,0.527131782945736,0.53587786259542,0.868924889543446,0.840425531914894,0.12781954887218,0.536321483771252,0.142419601837672,0.527692307692308,0.530959752321981,0.134052388289676,0.543283582089552,0.537634408602151,0.480798771121352,0.130568356374808,0.541666666666667,0.519319938176198,0.133748055987558,0.535768645357686,0.543720190779014,0.129283489096573,0.829819277108434,0.523956723338485,0.535768645357686,0.527216174183515,0.0630769230769231,0.142419601837672,0.166407465007776,0.139673105497771,0.141993957703928,0.866251944012442,0.132132132132132,0.120980091883614,0.138719512195122,0.743939393939394,0.137770897832817,0.535552193645991,0.141141141141141,0.524031007751938,0.13767019667171,0.557377049180328,0.521341463414634,0.542728635682159,0.543939393939394,0.512898330804249,0.545886075949367,0.858220211161388,0.516030534351145,0.476708074534161,0.527439024390244,0.869230769230769,0.533846153846154,0.548238897396631,0.381395348837209,0.539969834087481,0.460244648318043,0.561128526645768,0.539755351681957,0.538805970149254,0.552352048558422,0.136712749615975,0.89327485380117,0.855048859934853,0.536474164133739,0.534954407294833,0.50920245398773,0.142635658914729,0.831775700934579,0.533127889060092,0.136923076923077,0.546686746987952,0.088145896656535,0.584394904458599,0.137557959814529,0.138138138138138,0.133663366336634,0.552083333333333,0.552870090634441,0.538575667655786,0.536776212832551,0.521341463414634,0.741506646971935,0.130970724191063,0.542768273716952,0.141321044546851,0.547318611987382,0.5296875,0.138036809815951,0.536050156739812,0.140949554896142,0.52241112828439,0.144427001569859,0.144817073170732,0.526073619631902,0.869158878504673,0.144776119402985,0.529500756429652,0.135007849293564,0.305555555555556,0.154992548435171,0.650914634146341,0.134730538922156,0.287878787878788,0.147151898734177,0.533646322378717,0.140672782874618,0.13464447806354,0.150829562594268,0.541353383458647,0.541213063763608,0.535022354694486,0.496815286624204,0.828525641025641,0.534562211981567,0.12597200622084,0.52833078101072,0.148148148148148,0.140060240963855,0.524922118380062,0.530674846625767,0.523952095808383,0.461897356143079,0.535928143712575,0.148748159057437,0.146969696969697,0.522590361445783,0.520186335403727,0.525157232704403,0.5765625,0.54,0.522550544323484,0.15015479876161,0.544891640866873,0.541353383458647,0.151840490797546,0.553429027113238,0.53858024691358,0.854517611026034,1,0.519260400616333,0.455357142857143,0.542503863987635,0.532824427480916,0.567567567567568,0.143518518518519,0.536661466458658,0.126717557251908,0.537065052950076,0.510670731707317,0.541795665634675,0.364741641337386,0.546707503828484,0.135007849293564,0.535987748851455,0.532507739938081,0.523809523809524,0.458646616541353,0.1488,0.518691588785047,0.531297709923664,0.867807153965785,0.535768645357686,0.143511450381679,0.099236641221374,0.14175654853621,0.534246575342466,0.528158295281583,0.546153846153846,0.58030303030303,0.1421875,0.571879936808847,0.51702786377709,0.146969696969697,0.140929535232384,0.111791730474732,0.478193146417445,0.531587057010786,0.483920367534456,0.531818181818182,0.532110091743119,0.134883720930233,0.147590361445783,0.642967542503864,0.519938650306748,0.153846153846154,0.141304347826087,0.142640364188164,0.454545454545455,0.144817073170732,0.523952095808383,0.469325153374233,0.139183055975794,0.522205206738132,0.530674846625767,0.541984732824427,0.138297872340426,0.141122913505311,0.514376996805112,0.530211480362538,0.149922720247295,0.148203592814371,0.538812785388128,0.551515151515152,0.140909090909091,0.857369255150555,0.52833078101072,0.548238897396631,0.875,0.535060975609756,0.151285930408472,0.557993730407524,0.142201834862385,0.998484848484849,0.861236802413273,0.250750750750751,0.525190839694657,0.149253731343284,0.13719512195122,0.853474320241692,0.870149253731343,0.524539877300613,0.136157337367625,0.533965244865719,0.141779788838612,0.535211267605634,0.140405616224649,0.138413685847589,0.105343511450382,0.36687306501548,0.142857142857143,0.148205928237129,0.878603945371775,0.137404580152672,0.637223974763407,0.536776212832551,0.480243161094225,0.533434650455927,0.139570552147239,0.547433903576983,0.474497681607419,0.147692307692308,0.139968895800933,0.539308176100629,0.526946107784431,0.519201228878648,0.563076923076923,0.108527131782946,0.513803680981595,0.531107738998483,0.873668188736682,0.527777777777778,0.528528528528528,0.532526475037821,0.139498432601881,0.521804511278195,0.541856925418569,0.0766871165644172,0.564873417721519,0.102564102564103,0.139817629179331,0.141791044776119,0.531684698608965,0.504731861198738,0.546583850931677,0.532012195121951,0.543076923076923,0.543833580980683,0.549317147192716,0.857359635811836,0.479351032448378,0.138297872340426,0.522273425499232,0.544186046511628,0.533965244865719,0.529323308270677,0.552995391705069,0.146487294469357,0.509954058192956,0.509375,0.526315789473684,0.540581929555896,0.533742331288344,0.54,0.965361445783133,0.468118195956454,0.536209553158706,0.549770290964778,0.14027149321267,0.911042944785276,0.535168195718654,0.106646058732612,0.139646869983949,0.143511450381679,0.532407407407407,0.513719512195122,0.141984732824427,0.536253776435045,0.545592705167173,0.104938271604938,0.130827067669173,0.129032258064516,0.147335423197492,0.523168908819133,0.141085271317829,0.141993957703928,0.250769230769231,0.138198757763975,0.505359877488515,0.138805970149254,0.565485362095532,0.140215716486903,0.474885844748858,0.544186046511628,0.549844236760125,0.144427001569859,0.141965678627145,0.136923076923077,0.523168908819133,0.520547945205479,0.523052464228935,0.526234567901235,0.552547770700637,0.539657853810264,0.131782945736434,0.553030303030303,0.142635658914729,0.130718954248366,0.42530487804878,0.856920684292379,0.535552193645991,0.540334855403349,0.474164133738602,0.137254901960784,0.595054095826893,0.523378582202112,0.501524390243902,0.54601226993865,0.541341653666147,0.129485179407176,0.539877300613497,0.532051282051282,0.472613458528951,0.229793977812995,0.531386861313869,0.553990610328638,0.569659442724458,0.529680365296804,0.512422360248447,0.539170506912442,0.562403697996918,0.465151515151515,0.136431784107946,0.0672782874617737,0.146926536731634,0.479638009049774,0.141524105754277,0.557632398753894,0.545176110260337,0.531055900621118,0.14567526555387,0.144376899696049,0.738390092879257,0.130434782608696,0.146118721461187,0.132420091324201,0.530864197530864,0.534918276374443,0.12962962962963,0.533039647577093,0.477996965098634,0.529411764705882,0.695652173913043,0.541213063763608,0.873282442748092,0.543116490166415,0.135464231354642,0.143518518518519,0.546827794561934,0.866464339908953,0.529680365296804,0.525835866261398,0.761102603369066,0.588607594936709,0.133540372670807,0.146417445482866,0.542857142857143,0.132398753894081,0.749618320610687,0.146456692913386,0.529850746268657,0.563165905631659,0.540372670807453,0.540157480314961,0.136085626911315,0.854914196567863,0.138198757763975,0.539308176100629,0.530421216848674,0.148260211800303,0.140672782874618,0.135493372606775,0.541864139020537,0.131045241809672,0.532208588957055,0.52824427480916,0.527522935779816,0.527646129541864,0.860606060606061,0.90726429675425,0.133757961783439,0.527216174183515,0.134466769706337,0.540123456790123,0.515822784810127,0.145085803432137,0.129829984544049,0.900751879699248,0.530827067669173,0.145038167938931,0.244712990936556,0.144360902255639,0.554198473282443,0.954330708661417,0.466973886328725,0.144144144144144,0.130239520958084,0.126182965299685,0.135220125786164,0.144360902255639,0.569044006069803,0.541411042944785,0.142857142857143,0.984202211690363,0.865325077399381,0.720789074355083,0.849840255591054,0.521060842433697,0.130168453292496,0.4734375,0.122727272727273,0.133640552995392,0.262672811059908,0.131375579598145,0.478787878787879,0.143511450381679,0.146831530139104,0.122670807453416,0.141104294478528
"539",1,1,1,1,1,1,0.708064516129032,1,1,0.0916398713826367,1,0.0360501567398119,0.812995245641838,1,0.321144674085851,0.307339449541284,0.0634674922600619,0.685064935064935,1,1,0.29047619047619,0.313195548489666,1,0.155172413793103,1,0.321428571428571,0.314845024469821,1,1,0.78743961352657,0.3015625,0.727699530516432,0.970358814352574,0.310725552050473,0,1,0.539906103286385,1,0.297546012269939,1,0.667706708268331,0.68621236133122,0.697247706422018,1,1,0.312903225806452,0.309748427672956,0.309707241910632,0.323029366306028,0.328682170542636,0,1,0.306853582554517,1,1,0.493610223642172,0.554119547657512,1,1,1,0.332814930015552,0.320574162679426,0.310897435897436,0.685805422647528,1,1,0.033175355450237,1,0.0568356374807988,0.317972350230415,1,0.317683881064163,0.32569558101473,0.967373572593801,0.504702194357367,1,0.314329738058552,0.334370139968896,1,0.320907617504052,0.0891410048622366,0.328502415458937,0.329652996845426,1,0.3359375,1,1,1,1,0.6921875,1,1,0.00155763239875389,0.100463678516229,1,0.0383435582822086,0,1,0.563311688311688,0.674603174603175,1,0.05320813771518,0.30568356374808,1,0.306836248012719,1,0.684867394695788,1,0.316957210776545,0.316923076923077,0.316692667706708,1,0.318681318681319,1,0.480061349693252,1,0.315047021943574,0.297213622291022,0.319083969465649,0.319554848966614,0.473354231974922,1,0.315132605304212,0.313504823151125,1,0.309597523219814,1,1,0.325545171339564,0.54364471669219,1,0.310725552050473,1,0.0395738203957382,1,0.31055900621118,0.676056338028169,0.325434439178515,0.935534591194969,0.436392914653784,0.0971786833855799,0.0927672955974843,1,1,0.329704510108865,1,0.320061255742726,1,0.809148264984227,1,0.317965023847377,1,1,1,1,0.330128205128205,1,0.316535433070866,0.25625,1,0.312989045383412,1,0.302507836990596,0.0836012861736334,1,0.310789049919485,1,1,1,0.330769230769231,1,0.322327044025157,1,0.311708860759494,1,0.310618066561014,0.0685358255451713,1,0.640449438202247,1,1,0.316211878009631,1,1,1,1,0.327044025157233,0.308527131782946,1,1,0.316770186335404,0.302100161550889,1,0.442724458204334,0.673282442748092,0,0.3078125,0.673913043478261,1,0.313971742543171,1,1,1,0.312796208530806,0.318952234206472,0.322006472491909,1,1,1,0,1,0.299840510366826,0.976228209191759,0.315873015873016,0.31104199066874,0.740916271721959,1,1,1,1,1,0.0362204724409449,0.315286624203822,0.327188940092166,1,0.678461538461538,1,1,1,1,1,1,0.00469483568075117,0.321592649310873,1,0.314285714285714,1,0.300787401574803,1,1,1,1,1,0.317460317460317,1,0.516483516483517,0.326984126984127,0.320061255742726,0.310177705977383,0.318471337579618,0.328571428571429,0.41786283891547,0.325545171339564,0.313572542901716,0.300623052959502,1,0.32182103610675,1,0.68558282208589,0.313755795981453,0.314814814814815,0.328050713153724,1,1,1,0.256778309409888,0.312796208530806,1,0.320063694267516,0.322085889570552,0.311811023622047,0.314814814814815,0.685714285714286,1,0.324574961360124,0.315372424722662,1,0.297427652733119,1,0.309451219512195,0.314606741573034,1,1,1,0.527821939586645,1,0.687010954616588,0.0791476407914764,0.3234375,1,1,0.093167701863354,0.316037735849057,0.332268370607029,1,1,0.300314465408805,0.0248447204968944,0.00318471337579618,1,1,0.339506172839506,0.998422712933754,1,0.311728395061728,1,1,0.31619937694704,1,1,1,1,0.328571428571429,0.307219662058372,0.325878594249201,1,1,0.669278996865204,0.312599681020734,1,0.313935681470138,0.302507836990596,1,1,1,1,1,0.322734499205087,1,1,0.106796116504854,0.334360554699538,0.490415335463259,0.302884615384615,0.676751592356688,0.318885448916409,1,0.307210031347962,0.328050713153724,0.25585023400936,0.31839258114374,1,0.326687116564417,1,1,1,0.307570977917981,0.319875776397516,1,0.925324675324675,0.0598425196850394,1,0.309375,0.317535545023697,0.307814992025518,1,0.325688073394495,0.46749226006192,0.320251177394035,0.306836248012719,0.311793214862682,0.306962025316456,1,0.315789473684211,1,1,0,1,0.322480620155039,1,1,1,0.325914149443561,1,0.310569105691057,1,0.83695652173913,1,1,1,0.320872274143302,1,1,0.306349206349206,0.308892355694228,1,1,0.310236220472441,0.188473520249221,1,1,1,0,0.308306709265176,1,0.3125,0.241653418124006,1,0.68075117370892,0.442922374429224,1,1,0.681470137825421,0.699680511182109,0.341194968553459,1,0.321259842519685,1,1,0.325434439178515,1,1,0.00792393026941363,0.322981366459627,1,1,0.323151125401929,1,1,0.303459119496855,0.324960753532182,1,1,1,0.534668721109399,0.306976744186047,0.344391785150079,0.319018404907975,0.333333333333333,0.687898089171974,0.326656394453005,0.3296875,0.315950920245399,0.242566510172144,0.316045380875203,1,0.314503816793893,1,0.312111801242236,0.0792682926829268,0.0465116279069767,1,1,0.0311526479750779,1,0.690076335877863,0.0373250388802488,0.0111642743221691,1,0.688575899843505,1,1,0.540412044374009,1,0,0.0688,1,1,1,0.3216,0.648729446935725,0.690437601296596,0.993779160186625,1,0.986046511627907,0.303265940902022,0.329073482428115,1,0.3,1,0.372056514913658,0.1,0.301391035548686,0.315217391304348,0.333333333333333,1,0.0776255707762557,1,1,1,0.257229832572298,0.326433121019108,1,0.311708860759494,1,1,0.304147465437788,1,0.318318318318318,1,0.308306709265176,0.317460317460317,1,0.674050632911392,0.319508448540707,1,0.307936507936508,0.758675078864353,0.312307692307692,0.1609375,0.318529862174579,0.77151799687011,0.304838709677419,1,0.323390894819466,0.335913312693498,0.296754250386399,1,1,1,0.973983739837398,0.337662337662338,1,0.324590163934426,1,0.315447154471545,0.319444444444444,1,1,1,0.925632911392405,1,0.309119010819165,0.32,1,1,0.0448,0.0771653543307087,1,1,0.305295950155763,1,1,0.31637519872814,1,1,0.679127725856698,0.519260400616333,1,0,1,1,0.0942812982998454,0.324367088607595,1,0.321656050955414,1,0.97092084006462,1,0.819595645412131,1,0.326332794830372,1,1,1,0,0.312811980033278,1,1,0.664556962025316,1,0.3125,0.361408882082695,0.318181818181818,1,1,1,0.0848765432098765,0.321086261980831,0.0842607313195548,1,0.30757341576507,0.308049535603715,0.339089481946625,0,1,0.967692307692308,1,1,0.324237560192616,0.304281345565749,0.161137440758294,0.0301587301587302,0.316535433070866,0.314465408805031,0.323216995447648,0.0016,0.316279069767442,1,0,0.321483771251932,1,1,1,0.323574730354391,0.324116743471582,0.0263157894736842,1,0.316455696202532,0.306122448979592,1,1,0.321428571428571,0.693811074918567,1,1,0.692307692307692,1,0.306501547987616,1,0.3140625,0.52803738317757,0.673813169984686,0.397534668721109,1,0.29601226993865,0.309148264984227,0.684292379471229,0.672897196261682,1,0.321428571428571,1,0.321044546850998,1,0.314785373608903,0.314102564102564,0.35377358490566,0.520610687022901,0.317460317460317,0.311793214862682,0.669303797468354,0.318885448916409,0.146864686468647,1,0,1,0.29375,1,0,0.313195548489666,0.31219512195122,1,0.0515933232169954,1,0.0781499202551834,0.33868378812199,1,0.0626959247648903,0.66877971473851,1,1,1,0.304777594728171,0.0350609756097561,1,0.438485804416404,0.0917874396135266,0.351309707241911,0.318252730109204,0.328197226502311,1,1,1,1,1,0.0574018126888218,0.9953125,0.689547581903276,0.00453172205438067,0.321538461538462,1,1,1,1,0.07981220657277,0.314984709480122,1,1,1,1,1,1,0.478260869565217,0.00160513643659711,1,0.0809968847352025,0.313178294573643,0.4265625,1,0.399030694668821,0.316993464052288,0.310452418096724,1,0.0341085271317829,0.314984709480122,1,1,0.368839427662957,0.314152410575428,0.311811023622047,0.310064935064935,1,0.326892109500805,0.317111459968603,0.416666666666667,0.310725552050473,0.975346687211094,0.305343511450382,0.0786516853932584,0.317460317460317,0,1,0.0828025477707006,0.303514376996805,0.317891373801917,0.3152,1,1,1,1,1,1,0.322169059011164,1,0.308777429467085,0.313628899835796,0.596899224806202,0.682034976152623,1,1,0,0.318461538461538,0.11353032659409,1,0.0304,1,1,0.31378763866878,1,1,0.6288,0.4064,0.996960486322188,0.0739549839228296,0.0926517571884984,1,1,1,0.0814696485623003,0,0.320061255742726,0.428120063191153,0.317411402157165,0,0.324960753532182,0.0846645367412141,1,1,0.322033898305085,0.317411402157165,0.249211356466877,0.331189710610932,0.309119010819165,0.316358024691358,1,1,0.324324324324324,1,0,1,0.2224,1,0.683720930232558,1,0.313572542901716,0.310897435897436,0.0665634674922601,0.685185185185185,1,1,0.790880503144654,0.888168557536467,0.318327974276527,0.314102564102564,1,0.309486780715397,0.250393700787402,0.317891373801917,1,0.0979462875197472,1,1,0.31687898089172,0.683870967741935,0.3056,1,1,0.296296296296296,0.306603773584906,0.316770186335404,0.858064516129032,0.315873015873016,1,0.0495356037151703,1,1,0.703588143525741,0.645412130637636,0.316393442622951,0.0499219968798752,0.32120253164557,1,1,0.307936507936508,0.322274881516588,0.619122257053291,1,0.304147465437788,0.364197530864198,0.309375,0.984544049459042,0.475120385232745,0.00313479623824451,0.301857585139319,0.327131782945736,0.330188679245283,0.310289389067524,0.31201248049922,0.970724191063174,1,0.309968847352025,0.545746388443018,0.688498402555911,0.2328125,0.694805194805195,1,0.31832298136646,0.0031496062992126,0.320251177394035,0.30564263322884,0.360374414976599,0.313001605136437,0,0.334379905808477,0.313504823151125,0.323151125401929,0.309859154929577
"540",0,0,0,0,0,0,0.291731669266771,0,0,0.90527950310559,0,0.959152798789713,0.182648401826484,0,0.687116564417178,0.693233082706767,0.942307692307692,0.315301391035549,0,0,0.705614567526555,0.683409436834094,0,0.842578710644678,0,0.674140508221226,0.684615384615385,0,0,0.211077844311377,0.692995529061103,0.266766020864382,0.0358744394618834,0.689189189189189,1,0,0.457831325301205,0,0.703101920236337,0,0.336890243902439,0.317365269461078,0.306332842415317,0,0,0.683153013910355,0.681547619047619,0.683357879234168,0.674041297935103,0.667669172932331,1,0,0.691376701966717,0,0,0.500768049155146,0.435975609756098,0,0,0,0.658718330849478,0.67921686746988,0.679817905918058,0.318181818181818,0,0,0.965204236006051,0,0.942028985507246,0.676602086438152,0,0.682370820668693,0.673846153846154,0.0338461538461538,0.478518518518519,0,0.69150521609538,0.663703703703704,0,0.677519379844961,0.913446676970634,0.676737160120846,0.668154761904762,0,0.664179104477612,0,0,0,0,0.30920060331825,0,0,0.998491704374057,0.897626112759644,0,0.955817378497791,1,0,0.434579439252336,0.32572298325723,0,0.946319018404908,0.692653673163418,0,0.685410334346505,0,0.325373134328358,0,0.682852807283763,0.676204819277108,0.682020802377415,0,0.675149700598802,0,0.511045655375552,0,0.688253012048193,0.698507462686567,0.675,0.679447852760736,0.509774436090226,0.00150375939849624,0.674626865671642,0.684049079754601,0,0.693572496263079,0,0,0.669172932330827,0.449253731343284,0,0.679447852760736,0,0.962373371924747,0,0.681952662721893,0.323485967503693,0.668674698795181,0.0652503793626707,0.565420560747664,0.90210843373494,0.904833836858006,0,0,0.666666666666667,0,0.676470588235294,0,0.196136701337296,0,0.671779141104294,0,0,0,0,0.661194029850746,0,0.677914110429448,0.735905044510386,0,0.688330871491876,0,0.695652173913043,0.919452887537994,0,0.688172043010753,0,0,0,0.665676077265973,0,0.677272727272727,0,0.692077727952167,0,0.677811550151976,0.931547619047619,0,0.366306027820711,0,0,0.679878048780488,0,0,0,0,0.671664167916042,0.684603886397608,0,0.00150375939849624,0.674556213017751,0.6875,0,0.558734939759036,0.334306569343066,1,0.675716440422323,0.331325301204819,0,0.676991150442478,0,0.00147058823529412,0,0.677177177177177,0.6784140969163,0.672811059907834,0,0,0,1,0,0.69195751138088,0.0255255255255255,0.680365296803653,0.691964285714286,0.251488095238095,0,0,0,0,0,0.961077844311377,0.680981595092024,0.676557863501484,0,0.320950965824666,0,0,0.00150829562594268,0.00145985401459854,0,0,0.995481927710843,0.679468242245199,0,0.68348623853211,0,0.700740740740741,0,0,0,0,0,0.674809160305344,0,0.493939393939394,0.675226586102719,0.670133729569094,0.690292758089368,0.679878048780488,0.669683257918552,0.586583463338534,0.669642857142857,0.678571428571429,0.685925925925926,0,0.677321156773212,0,0.317037037037037,0.682779456193353,0.683357879234168,0.667692307692308,0,0,0,0.741741741741742,0.692307692307692,0,0.680786686838124,0.66965620328849,0.681547619047619,0.681481481481481,0.317293233082707,0,0.672566371681416,0.687975646879756,0,0.696923076923077,0,0.688330871491876,0.68609865470852,0,0,0,0.451708766716196,0,0.310136157337368,0.919590643274854,0.6797583081571,0,0,0.907462686567164,0.682089552238806,0.670229007633588,0,0,0.693452380952381,0.977511244377811,0.996955859969559,0,0,0.664705882352941,0.00153374233128834,0,0.69047619047619,0,0,0.681137724550898,0,0,0,0,0.670713201820941,0.687134502923977,0.670769230769231,0,0,0.320359281437126,0.681818181818182,0,0.682284040995608,0.701515151515152,0,0,0.00149700598802395,0,0,0.669195751138088,0,0,0.900306748466258,0.665185185185185,0.503012048192771,0.696048632218845,0.325757575757576,0.680351906158358,0,0.687789799072643,0.66,0.745127436281859,0.671111111111111,0,0.669106881405564,0,0,0,0.68960244648318,0.672106824925816,0.00151057401812689,0.0633693972179289,0.940458015267176,0,0.688059701492537,0.677321156773212,0.68558282208589,0,0.6784140969163,0.533432392273403,0.674591381872214,0.688988095238095,0.686728395061728,0.691376701966717,0,0.677661169415292,0,0,1,0,0.670196671709531,0,0,0,0.670196671709531,0,0.687789799072643,0,0.163934426229508,0,0,0,0.682890855457227,0,0,0.683183183183183,0.690119760479042,0,0,0.684848484848485,0.807069219440353,0,0.00148148148148148,0,1,0.684532924961715,0,0.68452380952381,0.756838905775076,0,0.321375186846039,0.562408223201175,0,0,0.32761087267525,0.298953662182362,0.655223880597015,0,0.679331306990882,0,0,0.670212765957447,0,0.0015220700152207,0.992447129909366,0.672256097560976,0,0,0.676425269645609,0,0,0.691154422788606,0.65929203539823,0,0,0,0.46577380952381,0.686943620178042,0.646788990825688,0.682215743440233,0.672058823529412,0.306525037936267,0.672540381791483,0.677177177177177,0.677037037037037,0.74468085106383,0.682588597842835,0,0.674041297935103,0.0015220700152207,0.687687687687688,0.920821114369501,0.951541850220264,0,0,0.965309200603318,0,0.317577548005908,0.959459459459459,0.989393939393939,0,0.319277108433735,0,0,0.448484848484848,0,1,0.936532507739938,0,0,0,0.684370257966616,0.357348703170029,0.311320754716981,0.00739644970414201,0,0.0177514792899408,0.693233082706767,0.655172413793103,0,0.701378254211332,0,0.625189681335357,0.894899536321484,0.690582959641256,0.682215743440233,0.66824644549763,0,0.928677563150074,0,0,0,0.740298507462687,0.677321156773212,0,0.675757575757576,0,0,0.690265486725664,0,0.673381294964029,0,0.692307692307692,0.679273827534039,0,0.321538461538462,0.684892086330935,0,0.684782608695652,0.237878787878788,0.683284457478006,0.842105263157895,0.68029197080292,0.225563909774436,0.693474962063733,0,0.675675675675676,0.664688427299703,0.704477611940298,0,0,0,0.0327613104524181,0.658805031446541,0,0.676425269645609,0,0.684292379471229,0.68,0,0,0,0.0736842105263158,0,0.691629955947137,0.681547619047619,0,0,0.955725190839695,0.924471299093656,0,0,0.684848484848485,0,0,0.681681681681682,0,0,0.317037037037037,0.455357142857143,0,1,0,0,0.904477611940299,0.673716012084592,0,0.677272727272727,0.00150829562594268,0.0333839150227618,0.00149925037481259,0.174298375184638,0,0.673374613003096,0,0,0,1,0.685805422647528,0,0,0.33134328358209,0,0.684766214177979,0.639344262295082,0.674698795180723,0,0,0,0.914580265095729,0.680428134556575,0.915123456790123,0.00152671755725191,0.692307692307692,0.69423929098966,0.646268656716418,1,0,0.0404191616766467,0,0,0.675799086757991,0.696612665684831,0.839150227617602,0.962121212121212,0.684766214177979,0.68429003021148,0.677083333333333,0.998475609756098,0.682962962962963,0,1,0.683357879234168,0,0,0,0.681547619047619,0.681818181818182,0.967032967032967,0,0.683734939759036,0.690014903129657,0,0,0.681547619047619,0.309748427672956,0,0,0.316187594553706,0,0.686046511627907,0,0.681268882175227,0.468053491827637,0.335798816568047,0.592105263157895,0,0.699704142011834,0.687593423019432,0.320300751879699,0.33134328358209,0,0.680241327300151,0,0.674008810572687,0,0.680851063829787,0.690119760479042,0.650986342943854,0.476047904191617,0.68558282208589,0.691603053435115,0.333333333333333,0.678994082840237,0.849612403100775,0,1,0,0.704097116843703,0,1,0.681203007518797,0.68348623853211,0,0.942857142857143,0,0.918305597579425,0.658499234303216,0,0.942249240121581,0.333834586466165,0,0,0,0.684952978056426,0.963235294117647,0,0.56437125748503,0.909090909090909,0.644216691068814,0.677177177177177,0.675516224188791,0,0,0,0,0,0.94014598540146,0.00297176820208024,0.321804511278195,0.995639534883721,0.678247734138973,0,0,0,0,0.918057663125948,0.682890855457227,0,0,0,0,0,0,0.511045655375552,0.998491704374057,0,0.923641703377386,0.677710843373494,0.563063063063063,0,0.59480122324159,0.68266253869969,0.680597014925373,0,0.961424332344214,0.675716440422323,0,0,0.630769230769231,0.69150521609538,0.68815592203898,0.673879443585781,0.00148148148148148,0.671253822629969,0.68,0.583586626139818,0.681749622926094,0.0254491017964072,0.686676427525622,0.917701863354037,0.680241327300151,1,0,0.913846153846154,0.692660550458716,0.683333333333333,0.679447852760736,0,0,0,0,0,0,0.661993769470405,0,0.68107302533532,0.692063492063492,0.38863976083707,0.319148936170213,0,0,1,0.679824561403509,0.885369532428356,0.00145985401459854,0.966767371601209,0,0,0.68693009118541,0,0,0.371517027863777,0.583850931677019,0.00434153400868307,0.925696594427245,0.909090909090909,0,0,0,0.916918429003021,1,0.676646706586826,0.579425113464448,0.68575624082232,1,0.666153846153846,0.918711656441718,0,0,0.676077265973254,0.681547619047619,0.755656108597285,0.66,0.688427299703264,0.678678678678679,0,0,0.669753086419753,0,1,0,0.77526395173454,0,0.330827067669173,0,0.686656671664168,0.692780337941628,0.931952662721893,0.322533136966127,0,0,0.210687022900763,0.102964118564743,0.67687595712098,0.686453576864536,0,0.678300455235205,0.739393939393939,0.680428134556575,0,0.90288315629742,0,0,0.678678678678679,0.324534161490683,0.689291101055807,0,0,0.689088191330344,0.681203007518797,0.675912408759124,0.141768292682927,0.683076923076923,0,0.949025487256372,0,0,0.307692307692308,0.357034795763994,0.671428571428571,0.949848024316109,0.66969696969697,0,0,0.697388632872504,0.671171171171171,0.387387387387387,0,0.688988095238095,0.626488095238095,0.685157421289355,0.0118168389955687,0.516666666666667,0.995535714285714,0.692537313432836,0.673469387755102,0.670731707317073,0.687888198757764,0.684992570579495,0.0265878877400295,0,0.681547619047619,0.452566096423017,0.314112291350531,0.76,0.3171875,0,0.678518518518519,0.996960486322188,0.670229007633588,0.68685376661743,0.634873323397914,0.682779456193353,1,0.660606060606061,0.686544342507645,0.67737003058104,0.689088191330344
"541",1,1,1,1,1,1,0.720967741935484,1,1,0.1024,1,0.0470957613814757,0.805379746835443,1,0.30064308681672,0.293478260869565,0.0713178294573643,0.69179229480737,1,1,0.288888888888889,0.30622009569378,1,0.166402535657686,1,0.318252730109204,0.314102564102564,1,1,0.769475357710652,0.298107255520505,0.72386895475819,0.962848297213622,0.308176100628931,0,1,0.543443917851501,1,0.296636085626911,1,0.671428571428571,0.687797147385103,0.703703703703704,1,1,0.306320907617504,0.300955414012739,0.302752293577982,0.313755795981453,0.3171875,0,1,0.3078125,1,1,0.4928,0.563091482649842,1,1,1,0.331269349845201,0.316455696202532,0.311708860759494,0.687106918238994,1,1,0.0398724082934609,1,0.0639269406392694,0.316358024691358,1,0.313385826771654,0.319805194805195,0.965909090909091,0.517133956386293,1,0.300469483568075,0.3234375,1,0.312091503267974,0.0904684975767367,0.321656050955414,0.3234375,1,0.330733229329173,1,1,1,1,0.701726844583987,1,1,0.00155038759689922,0.1078125,1,0.0478395061728395,0,1,0.571428571428571,0.685624012638231,1,0.0605095541401274,0.309375,1,0.301412872841444,1,0.687402799377916,1,0.306581059390048,0.314465408805031,0.311627906976744,1,0.31924882629108,1,0.49922480620155,1,0.305772230889236,0.305295950155763,0.315068493150685,0.309409888357257,0.485179407176287,0.9984375,0.314553990610329,0.310509554140127,1,0.300155520995334,1,1,0.334379905808477,0.54434250764526,1,0.312101910828025,1,0.0490045941807044,1,0.310664605873261,0.682098765432099,0.318252730109204,0.924646781789639,0.429497568881686,0.109004739336493,0.101748807631161,1,1,0.322784810126582,1,0.31039755351682,1,0.8,1,0.307568438003221,1,1,1,1,0.318910256410256,1,0.313001605136437,0.273010920436817,1,0.304482225656878,1,0.29570747217806,0.0894308943089431,1,0.292962356792144,1,1,1,0.333333333333333,1,0.32755905511811,1,0.297507788161994,1,0.311708860759494,0.0766823161189358,1,0.641693811074919,1,1,0.313385826771654,1,1,1,1,0.316614420062696,0.301710730948678,1,0.998425196850394,0.307453416149068,0.30048465266559,1,0.45583596214511,0.676783004552352,0,0.314152410575428,0.671383647798742,1,0.313664596273292,1,0.998432601880878,1,0.31201248049922,0.312307692307692,0.326298701298701,1,1,1,0,1,0.303425774877651,0.973101265822785,0.313479623824451,0.306581059390048,0.7453125,1,1,1,1,1,0.045958795562599,0.3104,0.31839258114374,1,0.686915887850467,1,1,0.998420221169036,0.998452012383901,1,1,0.0046801872074883,0.329192546583851,1,0.302884615384615,1,0.301710730948678,1,1,1,1,1,0.308661417322835,1,0.496794871794872,0.3171875,0.31839258114374,0.307570977917981,0.317034700315457,0.316118935837246,0.414673046251994,0.3232,0.305555555555556,0.303125,1,0.309294871794872,1,0.695046439628483,0.304897314375987,0.317484662576687,0.32120253164557,1,1,1,0.265625,0.307570977917981,1,0.312903225806452,0.320668693009119,0.306603773584906,0.31201248049922,0.692063492063492,1,0.310185185185185,0.305246422893482,1,0.290064102564103,1,0.303076923076923,0.30503144654088,1,1,1,0.544025157232704,1,0.696261682242991,0.0889570552147239,0.311320754716981,1,1,0.101880877742947,0.311708860759494,0.320512820512821,1,1,0.297169811320755,0.0251968503937008,0.00314465408805031,1,1,0.329249617151608,0.998410174880763,1,0.308049535603715,1,1,0.310344827586207,1,1,1,1,0.322734499205087,0.303215926493109,0.32475884244373,1,1,0.673312883435583,0.314375987361769,1,0.318461538461538,0.291079812206573,1,1,0.998420221169036,1,1,0.322784810126582,1,1,0.115569823434992,0.32398753894081,0.493650793650794,0.295886075949367,0.686119873817035,0.310185185185185,1,0.302694136291601,0.322327044025157,0.262996941896024,0.307453416149068,1,0.323574730354391,1,1,1,0.307814992025518,0.315707620528771,0.998432601880878,0.923577235772358,0.0688,1,0.301857585139319,0.317307692307692,0.303514376996805,1,0.323619631901841,0.474015748031496,0.311526479750779,0.3078125,0.309061488673139,0.299373040752351,1,0.325396825396825,1,1,0,1,0.312101910828025,1,1,1,0.325949367088608,1,0.3042071197411,1,0.828125,1,1,1,0.310832025117739,1,1,0.302507836990596,0.3046875,1,1,0.3046875,0.196923076923077,1,0.998427672955975,1,0,0.308426073131955,1,0.306376360808709,0.259083728278041,1,0.677115987460815,0.423076923076923,1,1,0.68215892053973,0.712025316455696,0.342229199372057,1,0.312698412698413,1,1,0.32695374800638,1,0.998397435897436,0.00777604976671851,0.317891373801917,1,1,0.317230273752013,1,1,0.2976,0.339622641509434,1,1,1,0.521875,0.306962025316456,0.339116719242902,0.313161875945537,0.326465927099842,0.696141479099678,0.317484662576687,0.32262996941896,0.308527131782946,0.244582043343653,0.308681672025723,1,0.319083969465649,0.998405103668262,0.314152410575428,0.086890243902439,0.0541795665634675,1,1,0.040625,1,0.685847589424572,0.0446570972886762,0.0126182965299685,1,0.68621236133122,1,1,0.547923322683706,1,0,0.080327868852459,1,1,1,0.31924882629108,0.656671664167916,0.691056910569106,0.992175273865415,1,0.984301412872841,0.295208655332303,0.335974643423138,1,0.29047619047619,1,0.364353312302839,0.110047846889952,0.300469483568075,0.316030534351145,0.33,1,0.0797546012269939,1,1,1,0.268025078369906,0.314785373608903,1,0.312,1,1,0.309486780715397,1,0.309815950920245,1,0.306581059390048,0.3109375,1,0.687898089171974,0.306027820710974,1,0.298722044728434,0.753125,0.308282208588957,0.164869029275809,0.311450381679389,0.765451664025357,0.309446254071661,1,0.314553990610329,0.332814930015552,0.28858024691358,1,1,1,0.970684039087948,0.347540983606557,1,0.318770226537217,1,0.317512274959083,0.315301391035549,1,1,1,0.918238993710692,1,0.302611367127496,0.315047021943574,1,1,0.0538827258320127,0.0816326530612245,1,1,0.306451612903226,1,1,0.311708860759494,1,1,0.685534591194969,0.542503863987635,1,0,1,1,0.101851851851852,0.317262830482115,1,0.314465408805031,0.998407643312102,0.966346153846154,0.998430141287284,0.812693498452012,1,0.318181818181818,1,1,1,0,0.306055646481178,1,1,0.684627575277338,1,0.310509554140127,0.355242566510172,0.308641975308642,1,1,1,0.0939907550077042,0.314935064935065,0.092948717948718,0.998412698412698,0.308411214953271,0.308777429467085,0.352664576802508,0,1,0.957680250783699,1,1,0.311501597444089,0.295665634674923,0.169572107765452,0.0396825396825397,0.311216429699842,0.318110236220472,0.316846986089645,0.0016,0.304897314375987,1,0,0.306027820710974,1,1,1,0.309597523219814,0.316846986089645,0.0359477124183007,1,0.311605723370429,0.2953125,1,1,0.307086614173228,0.702302631578947,1,1,0.695924764890282,1,0.306153846153846,1,0.31875,0.533333333333333,0.679566563467492,0.403348554033486,1,0.297045101088647,0.306853582554517,0.688751926040062,0.675384615384615,1,0.309859154929577,1,0.319083969465649,1,0.311811023622047,0.301948051948052,0.344497607655502,0.511811023622047,0.308426073131955,0.307692307692308,0.673566878980892,0.311145510835913,0.154605263157895,1,0,1,0.281399046104928,1,0,0.314102564102564,0.317817014446228,1,0.060790273556231,1,0.0841269841269841,0.337025316455696,1,0.0719874804381847,0.677165354330709,1,1,1,0.30048465266559,0.0406885758998435,1,0.420886075949367,0.0998415213946117,0.349768875192604,0.316279069767442,0.319875776397516,1,1,1,1,1,0.0693374422187981,0.996899224806202,0.69375,0.0045045045045045,0.312401883830455,1,1,1,1,0.088646967340591,0.302652106084243,1,1,1,1,1,1,0.487538940809969,0.00161812297734628,1,0.0903426791277259,0.31496062992126,0.440251572327044,1,0.386942675159236,0.308823529411765,0.30503144654088,1,0.0458135860979463,0.31974921630094,1,1,0.36248012718601,0.298299845440495,0.301261829652997,0.312903225806452,0.998430141287284,0.31378763866878,0.305426356589147,0.408805031446541,0.313479623824451,0.972006220839813,0.308049535603715,0.086038961038961,0.320634920634921,0,1,0.0917721518987342,0.296650717703349,0.312903225806452,0.317891373801917,1,1,1,1,1,1,0.321086261980831,1,0.307332293291732,0.316498316498317,0.605388272583201,0.696062992125984,1,1,0,0.309451219512195,0.120556414219474,0.998468606431853,0.037914691943128,1,1,0.311216429699842,1,1,0.634615384615385,0.416398713826367,0.996951219512195,0.0830670926517572,0.101426307448494,1,1,1,0.0875,0,0.306625577812018,0.411111111111111,0.304953560371517,0,0.323577235772358,0.0916398713826367,1,1,0.314900153609831,0.310832025117739,0.260596546310832,0.324281150159744,0.310664605873261,0.317610062893082,1,1,0.321428571428571,1,0,1,0.237639553429027,1,0.6801872074883,1,0.310344827586207,0.294685990338164,0.0800627943485086,0.685758513931889,1,1,0.789137380191693,0.894389438943894,0.320450885668277,0.31139646869984,1,0.309375,0.27244094488189,0.315533980582524,1,0.107361963190184,1,1,0.309033280507132,0.689274447949527,0.301916932907348,1,1,0.307453416149068,0.298273155416013,0.317147192716237,0.858712715855573,0.305958132045089,1,0.0598159509202454,1,1,0.698907956318253,0.657770800627943,0.325878594249201,0.0604133545310016,0.3216,1,1,0.300157977883096,0.322378716744914,0.627118644067797,1,0.302752293577982,0.369734789391576,0.299065420560748,0.984802431610942,0.477449455676516,0.00311526479750779,0.300787401574803,0.32,0.318910256410256,0.3042071197411,0.315217391304348,0.972307692307692,1,0.30952380952381,0.549755301794454,0.6957928802589,0.245283018867925,0.695867768595041,1,0.324655436447167,0.00319488817891374,0.313195548489666,0.299684542586751,0.364207221350078,0.311605723370429,0,0.324881141045959,0.313694267515924,0.316614420062696,0.299843014128728
"542",1,1,1,1,1,1,0.706070287539936,1,1,0.105008077544426,1,0.0501519756838906,0.805946791862285,1,0.32258064516129,0.309486780715397,0.0717557251908397,0.678513731825525,1,1,0.293394777265745,0.319875776397516,1,0.158536585365854,1,0.324159021406728,0.318037974683544,1,1,0.772151898734177,0.31441717791411,0.721792890262751,0.963246554364472,0.318818040435459,0,1,0.533846153846154,1,0.301634472511144,1,0.665629860031104,0.678627145085803,0.694277108433735,1,1,0.32120253164557,0.31937984496124,0.311248073959938,0.321804511278195,0.328220858895706,0,1,0.310502283105023,1,1,0.488188976377953,0.564263322884012,1,1,1,0.330246913580247,0.317757009345794,0.327102803738318,0.674884437596302,1,1,0.042654028436019,1,0.0653789004457652,0.319634703196347,1,0.318461538461538,0.325434439178515,0.960629921259842,0.50920245398773,1,0.313935681470138,0.342064714946071,1,0.311320754716981,0.0909090909090909,0.32753164556962,0.331761006289308,1,0.345679012345679,1,1,1,1,0.686453576864536,1,1,0.00153374233128834,0.110091743119266,1,0.0531107738998483,0,1,0.56120826709062,0.673501577287066,1,0.0615384615384615,0.323619631901841,1,0.313479623824451,1,0.680555555555556,1,0.31832298136646,0.314814814814815,0.318461538461538,1,0.326219512195122,1,0.490166414523449,1,0.315301391035549,0.309815950920245,0.32781954887218,0.320813771517997,0.479198767334361,0.998459167950693,0.325688073394495,0.31924882629108,1,0.300153139356815,1,1,0.33953488372093,0.552083333333333,1,0.316358024691358,1,0.0479041916167665,1,0.315384615384615,0.677862595419847,0.332302936630603,0.923076923076923,0.439739413680782,0.111811023622047,0.102964118564743,1,1,0.331297709923664,1,0.321266968325792,1,0.799392097264438,1,0.328,1,1,1,1,0.335949764521193,1,0.3203125,0.261868300153139,1,0.315467075038285,1,0.308282208588957,0.0927357032457496,1,0.311320754716981,1,1,1,0.335384615384615,1,0.3265625,1,0.309230769230769,1,0.322834645669291,0.0824427480916031,1,0.634028892455859,1,1,0.316535433070866,1,1,1,1,0.327639751552795,0.312977099236641,1,0.998442367601246,0.316030534351145,0.307936507936508,1,0.451863354037267,0.661266568483063,0,0.318885448916409,0.668721109399075,1,0.319148936170213,1,0.998473282442748,1,0.313178294573643,0.321044546850998,0.331746031746032,1,1,1,0,1,0.307814992025518,0.967391304347826,0.327586206896552,0.313755795981453,0.74884437596302,1,1,1,1,1,0.050314465408805,0.314553990610329,0.330246913580247,1,0.670245398773006,1,1,0.998435054773083,0.998482549317147,1,1,0.00306278713629403,0.327300150829563,1,0.312302839116719,1,0.300763358778626,1,1,1,1,1,0.323076923076923,1,0.503095975232198,0.324615384615385,0.327188940092166,0.317757009345794,0.318818040435459,0.330203442879499,0.426332288401254,0.331230283911672,0.318885448916409,0.314329738058552,1,0.319444444444444,1,0.686838124054463,0.316846986089645,0.321804511278195,0.336990595611285,1,1,1,0.271186440677966,0.320668693009119,1,0.322378716744914,0.327769347496206,0.313364055299539,0.32262996941896,0.684292379471229,1,0.32469512195122,0.321372854914197,1,0.298412698412698,1,0.312594840667678,0.314152410575428,1,1,1,0.532307692307692,1,0.683076923076923,0.0893939393939394,0.320121951219512,1,1,0.103875968992248,0.324574961360124,0.328616352201258,1,1,0.310606060606061,0.0264385692068429,0.00158478605388273,1,1,0.335365853658537,0.998456790123457,1,0.312121212121212,1,1,0.319571865443425,1,1,1,1,0.333848531684699,0.316341829085457,0.326465927099842,1,1,0.670229007633588,0.323529411764706,1,0.315068493150685,0.304347826086957,1,1,0.998480243161094,1,1,0.325115562403698,1,1,0.111464968152866,0.339939024390244,0.50077519379845,0.308411214953271,0.665629860031104,0.317700453857791,1,0.313084112149533,0.329704510108865,0.268292682926829,0.318042813455657,1,0.328808446455505,1,1,1,0.312597200622084,0.325227963525836,0.998459167950693,0.9184,0.073208722741433,1,0.315301391035549,0.326053042121685,0.313084112149533,1,0.335889570552147,0.46676970633694,0.328682170542636,0.310344827586207,0.3152,0.317262830482115,1,0.328125,1,1,0,1,0.327044025157233,1,1,1,0.335913312693498,1,0.317901234567901,1,0.826625386996904,1,1,1,0.322033898305085,1,1,0.320610687022901,0.318818040435459,1,1,0.317829457364341,0.188449848024316,1,0.998473282442748,1,0,0.315372424722662,1,0.308411214953271,0.261682242990654,1,0.670713201820941,0.43328335832084,1,1,0.676602086438152,0.700468018720749,0.34984520123839,1,0.320987654320988,1,1,0.3421875,1,0.998430141287284,0.00778816199376947,0.330203442879499,1,1,0.317610062893082,1,1,0.306729264475743,0.344563552833078,1,1,1,0.529051987767584,0.319148936170213,0.345146379044684,0.321907600596125,0.337878787878788,0.684458398744113,0.329305135951662,0.325077399380805,0.315548780487805,0.246130030959752,0.318037974683544,1,0.321156773211568,0.998452012383901,0.320433436532508,0.0911808669656203,0.0570107858243451,1,1,0.0432098765432099,1,0.680428134556575,0.0479876160990712,0.0125588697017268,1,0.679447852760736,1,1,0.554699537750385,1,0,0.0788643533123028,1,1,1,0.332293291731669,0.649045521292217,0.689984101748808,0.993930197268589,1,0.981366459627329,0.303875968992248,0.336448598130841,1,0.313971742543171,1,0.371340523882897,0.110759493670886,0.310975609756098,0.324283559577677,0.339966832504146,1,0.0898021308980213,1,1,1,0.27175572519084,0.318979266347687,1,0.325581395348837,1,1,0.312788906009245,1,0.326347305389222,1,0.313971742543171,0.323029366306028,1,0.677469135802469,0.324734446130501,1,0.315955766192733,0.761240310077519,0.320726172465961,0.170015455950541,0.326283987915408,0.769349845201238,0.312401883830455,1,0.328746177370031,0.339449541284404,0.290769230769231,1,1,1,0.967897271268058,0.352180936995153,1,0.326366559485531,1,0.322115384615385,0.3202416918429,1,1,1,0.9140625,1,0.307458143074581,0.323076923076923,1,1,0.0566037735849057,0.0866141732283465,1,1,0.310618066561014,1,1,0.31733746130031,1,1,0.678899082568807,0.532824427480916,1,0,1,1,0.10381679389313,0.327639751552795,1,0.32348367029549,0.998456790123457,0.961300309597523,0.998425196850394,0.817764165390505,1,0.331730769230769,1,1,1,0,0.316037735849057,1,1,0.670788253477589,1,0.318885448916409,0.36055469953775,0.317557251908397,1,1,1,0.0977099236641221,0.319875776397516,0.0974842767295598,0.998444790046656,0.311450381679389,0.316187594553706,0.354838709677419,0,1,0.951181102362205,1,1,0.323943661971831,0.304675716440422,0.1640625,0.043956043956044,0.326687116564417,0.316770186335404,0.327245053272451,0.00156739811912226,0.31733746130031,1,0,0.320433436532508,1,1,1,0.31866464339909,0.326807228915663,0.0423197492163009,1,0.317262830482115,0.319018404907975,1,1,0.324031007751938,0.693418940609952,1,1,0.684375,1,0.308734939759036,1,0.318885448916409,0.530395136778115,0.667173252279635,0.414307004470939,1,0.301972685887709,0.317829457364341,0.675840978593272,0.668702290076336,1,0.326717557251908,1,0.325859491778774,1,0.317829457364341,0.309006211180124,0.353488372093023,0.529230769230769,0.318110236220472,0.308661417322835,0.658878504672897,0.320610687022901,0.160453808752026,1,0,1,0.293375394321767,1,0,0.327613104524181,0.31924882629108,1,0.0643712574850299,1,0.0933544303797468,0.346687211093991,1,0.0726429675425039,0.667173252279635,1,1,1,0.3136,0.0443425076452599,1,0.422118380062305,0.102685624012638,0.354354354354354,0.321592649310873,0.327300150829563,1,1,1,1,1,0.0744047619047619,0.995440729483283,0.682098765432099,0.00294550810014728,0.326717557251908,1,1,1,1,0.0938461538461538,0.315629742033384,1,1,1,1,1,1,0.490909090909091,0.00157728706624606,1,0.0921450151057402,0.326594090202177,0.444961240310077,1,0.386581469648562,0.3104,0.313572542901716,1,0.0462249614791988,0.319148936170213,1,1,0.366197183098592,0.317629179331307,0.312111801242236,0.315372424722662,0.998459167950693,0.324960753532182,0.320987654320988,0.42566510172144,0.32,0.96937212863706,0.315946348733234,0.0881889763779528,0.331782945736434,0,1,0.0995334370139969,0.312796208530806,0.322480620155039,0.319314641744548,1,1,1,1,1,1,0.332814930015552,1,0.318818040435459,0.326229508196721,0.611111111111111,0.681114551083591,1,1,0,0.315789473684211,0.123475609756098,0.998509687034277,0.0403726708074534,1,1,0.312401883830455,1,1,0.638932496075353,0.429487179487179,0.995581737849779,0.0880503144654088,0.10223642172524,1,1,1,0.0954616588419405,0,0.319571865443425,0.411023622047244,0.313725490196078,0,0.328638497652582,0.0927357032457496,1,1,0.328290468986384,0.326186830015314,0.251543209876543,0.339144215530903,0.319508448540707,0.318112633181126,1,1,0.327102803738318,1,0,1,0.227272727272727,1,0.665137614678899,1,0.315132605304212,0.307324840764331,0.0825688073394495,0.672727272727273,1,1,0.788491446345257,0.897435897435897,0.312989045383412,0.319047619047619,1,0.327131782945736,0.264797507788162,0.316957210776545,1,0.111455108359133,1,1,0.322530864197531,0.684627575277338,0.3168,1,1,0.310136157337368,0.30829420970266,0.320950965824666,0.860979462875197,0.321144674085851,1,0.0642201834862385,1,1,0.695652173913043,0.644859813084112,0.32695374800638,0.0648148148148148,0.324031007751938,1,1,0.312883435582822,0.325038880248834,0.629742033383915,1,0.312594840667678,0.37987987987988,0.3125,0.986342943854325,0.464831804281346,0.00459418070444104,0.305555555555556,0.327327327327327,0.328593996840442,0.315705128205128,0.318731117824773,0.974164133738602,1,0.312977099236641,0.546325878594249,0.678125,0.247295208655332,0.685667752442997,1,0.3234375,0.00313479623824451,0.329704510108865,0.311728395061728,0.375,0.321766561514196,0,0.333333333333333,0.32182103610675,0.321483771251932,0.313935681470138
"543",0.101404056162246,0.098159509202454,0.0947204968944099,0.0923076923076923,0.0975232198142415,0.10355486862442,0.377742946708464,0.0996884735202492,0.0980091883614089,1,0.0941704035874439,0.949618320610687,0.0923317683881064,0.103715170278638,0.605633802816901,0.614916286149163,0.975867269984917,0.398058252427184,0.102760736196319,0.0973724884080371,0.618827160493827,0.605263157894737,0.105263157894737,0.935681470137825,0.108955223880597,0.584474885844749,0.602218700475436,0.0990566037735849,0.107142857142857,0.138413685847589,0.608895705521472,0.171779141104294,0.0682852807283763,0.602782071097372,0.914373088685015,0.10983606557377,0.568567026194145,0.105182926829268,0.617339312406577,0.104072398190045,0.418856259659969,0.393893129770992,0.392749244712991,0.0977917981072555,0.103076923076923,0.596875,0.606758832565284,0.604294478527607,0.607575757575758,0.584474885844749,0.901960784313726,0.094488188976378,0.604229607250755,0.0957446808510638,0.106153846153846,0.408950617283951,0.534375,0.0993788819875776,0.104863221884498,0.0972644376899696,0.582712369597616,0.600308641975309,0.598765432098765,0.41358024691358,0.104166666666667,0.112307692307692,0.956723338485317,0.0996932515337423,0.977810650887574,0.591044776119403,0.091324200913242,0.602760736196319,0.584664536741214,0.133956386292835,0.586206896551724,0.106446776611694,0.615151515151515,0.585218702865762,0.0988023952095808,0.591772151898734,1,0.596006144393241,0.596625766871166,0.105182926829268,0.578866768759571,0.0982142857142857,0.0984615384615385,0.0995334370139969,0.0934150076569678,0.389984825493171,0.0957613814756672,0.0917293233082707,0.905487804878049,1,0.0920245398773006,0.955752212389381,0.903225806451613,0.0966767371601208,0.537480063795853,0.408450704225352,0.0990853658536585,0.966309341500766,0.611455108359133,0.1046875,0.605590062111801,0.0980091883614089,0.405120481927711,0.105504587155963,0.594761171032357,0.599388379204893,0.593655589123867,0.10958904109589,0.589041095890411,0.103076923076923,0.605067064083458,0.102985074626866,0.598473282442748,0.800904977375566,0.591928251121076,0.598187311178248,0.625,0.102564102564103,0.601809954751131,0.60347551342812,0.0886850152905199,0.60882800608828,0.0945347119645495,0.0990990990990991,0.767584097859327,0.566066066066066,0.09375,0.600917431192661,0.0990566037735849,0.950965824665676,0.088785046728972,0.600903614457831,0.414414414414414,0.591867469879518,0.0290519877675841,0.667189952904239,1,1,0.101382488479263,0.1015625,0.587962962962963,0.098159509202454,0.603293413173653,0.101246105919003,0.0936555891238671,0.101949025487256,0.592767295597484,0.0945736434108527,0.102643856920684,0.106084243369735,0.0864779874213836,0.58125,0.108562691131498,0.585403726708075,0.841389728096677,0.0978915662650602,0.610429447852761,0.104545454545455,0.610429447852761,0.99375,0.0919003115264797,0.599688473520249,0.112828438948995,0.100449775112444,0.101226993865031,0.580838323353293,0.107858243451464,0.585139318885449,0.0959752321981424,0.593939393939394,0.10031847133758,0.583203732503888,0.987860394537178,0.0923076923076923,0.45933014354067,0.0987460815047022,0.105990783410138,0.604327666151468,0.0963302752293578,0.0961832061068702,0.100456621004566,0.0972644376899696,0.593558282208589,0.6,0.107765451664025,0.0970724191063174,0.595808383233533,0.612341772151899,0.0972644376899696,0.655384615384615,0.424153166421208,0.897435897435897,0.601837672281776,0.424846625766871,0.0964777947932619,0.588855421686747,0.10077519379845,0.100890207715134,0.087218045112782,0.606382978723404,0.598200899550225,0.592767295597484,0.100890207715134,0.100470957613815,0.0907692307692308,0.914556962025316,0.101071975497703,0.611801242236025,0.0697674418604651,0.592307692307692,0.600308641975309,0.356923076923077,0.0975609756097561,0.103030303030303,0.0933125972006221,0.104387291981846,0.0930599369085174,0.94969512195122,0.596923076923077,0.592705167173252,0.102719033232628,0.397865853658537,0.1,0.105812220566319,0.101404056162246,0.103658536585366,0.101246105919003,0.103857566765579,0.905631659056317,0.775757575757576,0.104454685099846,0.602503912363067,0.0993788819875776,0.612951807228916,0.0975975975975976,0.0959752321981424,0.0973724884080371,0.10062893081761,0.103125,0.585889570552147,0.0986547085201794,0.393700787401575,0.58868501529052,0.587253414264036,0.602782071097372,0.588055130168453,0.579439252336449,0.684375,0.579352850539291,0.598774885145482,0.602739726027397,0.104633781763827,0.590342679127726,0.0920840064620355,0.392215568862275,0.599099099099099,0.78796992481203,0.591331269349845,0.101880877742947,0.0987654320987654,0.099236641221374,0.831775700934579,0.617378048780488,0.0888208269525268,0.590417310664606,0.596701649175412,0.605546995377504,0.597579425113464,0.400921658986175,0.0976744186046512,0.598774885145482,0.59748427672956,0.0961240310077519,0.626794258373206,0.104615384615385,0.600896860986547,0.612213740458015,0.0971786833855799,0.1015625,0.105182926829268,0.566153846153846,0.101404056162246,0.394817073170732,0.991071428571429,0.594761171032357,0.105022831050228,0.0964777947932619,1,0.585585585585586,0.592417061611374,0.0987460815047022,0.102009273570325,0.6,0.931506849315068,0.898911353032659,0.105426356589147,0.104928457869634,0.582335329341317,0.0984848484848485,0.108308605341246,0.609831029185868,0.0977099236641221,0.0972644376899696,0.599085365853659,0.101694915254237,0.100154083204931,0.0984848484848485,0.102290076335878,0.592987804878049,0.607784431137725,0.6,0.0974124809741248,0.0972644376899696,0.411944869831547,0.589506172839506,0.0934579439252336,0.600299401197605,0.613394216133942,0.0973053892215569,0.100151745068285,0.100903614457831,0.0939393939393939,0.0958904109589041,0.583717357910906,0.104776579352851,0.105421686746988,0.989147286821705,0.595454545454545,0.613740458015267,0.608024691358025,0.420091324200913,0.591251885369532,0.0956651718983558,0.609567901234568,0.585253456221198,0.832072617246596,0.600301659125189,0.0965732087227414,0.5952023988006,0.1046875,0.0984615384615385,0.104633781763827,0.604006163328197,0.608169440242057,0.0984615384615385,0.0206677265500795,0.967840735068913,0.106646058732612,0.596923076923077,0.594679186228482,0.614307931570762,0.0850393700787402,0.584821428571429,0.633333333333333,0.590769230769231,0.611455108359133,0.6,0.610591900311526,0.0932721712538226,0.582554517133956,0.0953150242326333,0.0930232558139535,0.906298003072197,0.108661417322835,0.592248062015504,0.102918586789555,0.0988023952095808,0.0979462875197472,0.6,0.0978593272171254,0.601880877742947,0.0982142857142857,0.0759878419452888,0.107575757575758,0.0981308411214953,0.0980392156862745,0.603053435114504,0.0904836193447738,0.105754276827372,0.600303951367781,0.605222734254992,0.0929878048780488,0.0972222222222222,0.605783866057839,0.906766917293233,0.103503184713376,0.0948012232415902,0.0963302752293578,0.895384615384615,0.60708782742681,0.102964118564743,0.602719033232628,0.839874411302983,0.0921450151057402,0.408256880733945,0.474550898203593,0.102964118564743,0.0970724191063174,0.409425625920471,0.385802469135802,0.558641975308642,0.0963302752293578,0.592879256965944,0.107309486780715,0.0903328050713154,0.593220338983051,0.102134146341463,0.105990783410138,0.915022761760243,0.584876543209877,0.109230769230769,0.0950920245398773,0.5953125,0.0965309200603318,0.0981308411214953,0.604037267080745,0.763358778625954,0.101088646967341,0.103915662650602,0.0938461538461538,0.372128637059724,0.615975422427035,0.616224648985959,0.603857566765579,0.599383667180277,0.392248062015504,0.584218512898331,0.582952815829528,0.603007518796992,0.848024316109423,0.601880877742947,0.103448275862069,0.595166163141994,0.0990712074303406,0.603343465045593,0.988304093567251,0.962121212121212,0.096969696969697,0.108231707317073,0.952380952380952,0.0877742946708464,0.398496240601504,0.956856702619414,0.915644171779141,0.100456621004566,0.394777265745008,0.0950155763239875,0.0983358547655068,0.566869300911854,0.100917431192661,0.904109589041096,0.995297805642633,0.0990853658536585,0.103915662650602,0.110429447852761,0.595348837209302,0.433962264150943,0.3728,0.109939759036145,0.0957446808510638,0.0670731707317073,0.610015174506829,0.747678018575851,0.105263157894737,0.614420062695925,0.0989345509893455,0.54337899543379,0.988941548183254,0.60790273556231,0.604477611940298,0.582922824302135,0.100903614457831,0.989457831325301,0.105105105105105,0.0949367088607595,0.0996932515337423,0.83710407239819,0.597503900156006,0.111455108359133,0.6049766718507,0.0966719492868463,0.101404056162246,0.602391629297459,0.104524180967239,0.599105812220566,0.0993788819875776,0.609567901234568,0.592085235920852,0.094311377245509,0.406392694063927,0.605029585798817,0.0961832061068702,0.602167182662539,0.159332321699545,0.594268476621418,0.943854324734446,0.601470588235294,0.140405616224649,0.61189358372457,0.117739403453689,0.5895865237366,0.580547112462006,0.628048780487805,0.103715170278638,0.102803738317757,0.0923994038748137,0.0667726550079491,0.75,0.101361573373676,0.590625,0.0971168437025797,0.604465709728868,0.605067064083458,0.104294478527607,0.0998439937597504,0.0913173652694611,0.0091324200913242,0.102831594634873,0.604444444444444,0.610687022900763,0.0911808669656203,0.0984375,0.967032967032967,0.9890625,0.098613251155624,0.0981308411214953,0.603125,0.106707317073171,0.1,0.609160305343511,0.109177215189873,0.100763358778626,0.402439024390244,0.567567567567568,0.0942812982998454,0.904477611940299,0.101851851851852,0.10381679389313,1,0.607361963190184,0.0948678071539658,0.590563165905632,0.0966257668711656,0.0635658914728682,0.104134762633997,0.0800604229607251,0.0989180834621329,0.601587301587302,0.0934150076569678,0.0948678071539658,0.0978260869565217,0.910581222056632,0.600633914421553,0.0882352941176471,0.105504587155963,0.407692307692308,0.0998487140695915,0.598159509202454,0.553706505295008,0.596625766871166,0.0990853658536585,0.103759398496241,0.105590062111801,1,0.591836734693878,0.987441130298273,0.089922480620155,0.605421686746988,0.608695652173913,0.5662100456621,0.902627511591963,0.0962732919254658,0.0472560975609756,0.102290076335878,0.101226993865031,0.596573208722741,0.603030303030303,0.932283464566929,0.950769230769231,0.594761171032357,0.593220338983051,0.585218702865762,0.902668759811617,0.608964451313756,0.0968703427719821,0.894009216589862,0.603053435114504,0.106060606060606,0.104615384615385,0.0990712074303406,0.600600600600601,0.610271903323263,0.9546875,0.0949464012251149,0.60741885625966,0.606980273141123,0.105666156202144,0.107575757575758,0.595645412130638,0.387820512820513,0.0892018779342723,0.0990712074303406,0.389489953632148,0.1,0.613636363636364,0.109907120743034,0.608024691358025,0.572727272727273,0.412912912912913,0.692995529061103,0.0969230769230769,0.606875934230194,0.603686635944701,0.390243902439024,0.41969696969697,0.0939907550077042,0.597560975609756,0.0976377952755905,0.597615499254843,0.093603744149766,0.584962406015038,0.612055641421947,0.556942277691108,0.583717357910906,0.590837282780411,0.604294478527607,0.41471048513302,0.598473282442748,0.957278481012658,0.093603744149766,0.905688622754491,0.100917431192661,0.61741835147745,0.106221547799697,0.909090909090909,0.596036585365854,0.601574803149606,0.093558282208589,0.964653902798233,0.105105105105105,1,0.569018404907976,0.088646967340591,0.970633693972179,0.416036308623298,0.0941358024691358,0.0995475113122172,0.0993975903614458,0.609794628751975,0.945701357466063,0.095166163141994,0.477519379844961,1,0.551671732522796,0.596651445966514,0.597579425113464,0.0993788819875776,0.0721003134796238,0.109717868338558,0.0955993930197269,0.099236641221374,0.973333333333333,0.106287425149701,0.401197604790419,0.902366863905325,0.599700149925038,0.100917431192661,0.100154083204931,0.0914826498422713,0.0935143288084465,0.995440729483283,0.590977443609023,0.0861027190332326,0.0949464012251149,0.0959119496855346,0.0950920245398773,0.108231707317073,0.10355486862442,0.62407132243685,0.923556942277691,0.0958268933539413,0.991017964071856,0.602118003025719,0.66156202143951,0.100151745068285,0.530903328050713,0.60828025477707,0.599099099099099,0.10806697108067,0.951145038167939,0.602719033232628,0.0907715582450832,0.10355486862442,0.547318611987382,0.599085365853659,0.610169491525424,0.599056603773585,0.0894187779433681,0.60377358490566,0.591251885369532,0.692068429237947,0.604361370716511,0.0593607305936073,0.600890207715134,0.992125984251969,0.598793363499246,0.898203592814371,0.104294478527607,0.995319812792512,0.608150470219436,0.585735963581184,0.603076923076923,0.0984848484848485,0.0909090909090909,0.0989010989010989,0.100763358778626,0.103338632750397,0.10377358490566,0.587774294670846,0.101361573373676,0.60126582278481,0.601307189542484,0.505295007564297,0.405238828967643,0.0984848484848485,0.105580693815988,0.904545454545455,0.603576751117735,0.972768532526475,0.09375,0.94954128440367,0.0976744186046512,0.100478468899522,0.590625,0.101426307448494,0.10223642172524,0.479876160990712,0.695721077654517,0.106259097525473,0.988958990536278,1,0.0984848484848485,0.0975232198142415,0.0924242424242424,0.992307692307692,0.904545454545455,0.6,0.490712074303406,0.595488721804511,0.906441717791411,0.578461538461538,0.993710691823899,0.101382488479263,0.102523659305994,0.606927710843373,0.590563165905632,0.849923430321593,0.588328075709779,0.596358118361153,0.599092284417549,0.104938271604938,0.1,0.58678955453149,0.101769911504425,0.913303437967115,0.0871559633027523,0.871875,0.109034267912773,0.397865853658537,0.0948795180722892,0.596625766871166,0.611635220125786,0.990881458966565,0.407914764079148,0.0982839313572543,0.0944272445820433,0.303076923076923,0.207606973058637,0.603395061728395,0.601895734597156,0.0963302752293578,0.587326120556414,0.835384615384615,0.593114241001565,0.109144542772861,0.996974281391831,0.0974124809741248,0.095679012345679,0.6,0.40809968847352,0.6125,0.102523659305994,0.0958268933539413,0.60546282245827,0.602760736196319,0.588588588588589,0.238390092879257,0.599378881987578,0.104454685099846,0.964831804281346,0.104134762633997,0.0996835443037975,0.393939393939394,0.445801526717557,0.598116169544741,0.967741935483871,0.589312977099237,0.0989345509893455,0.0860719874804382,0.610852713178295,0.58411214953271,0.472012102874433,0.101823708206687,0.610859728506787,0.701357466063348,0.608231707317073,0.124624624624625,0.627906976744186,0.91350531107739,0.618541033434651,0.588938714499253,0.59717868338558,0.602825745682888,0.605697151424288,0.124620060790274,0.102918586789555,0.613981762917933,0.56120826709062,0.403815580286169,0.849170437405732,0.393700787401575,0.0938461538461538,0.584992343032159,0.913373860182371,0.588145896656535,0.605222734254992,0.729041916167665,0.58641975308642,0.905918057663126,0.58796992481203,0.594383775351014,0.593167701863354,0.597875569044006
"544",0.30564263322884,0.322884012539185,0.319620253164557,0.331240188383046,0.317757009345794,0.318471337579618,0.0143312101910828,0.325396825396825,0.317610062893082,0.5712,0.325038880248834,0.635514018691589,0.513556618819777,0.322169059011164,0.996815286624204,0.996875,0.613740458015267,0.00164203612479475,0.329635499207607,0.318037974683544,0.996840442338073,0.996820349761526,0.333848531684699,0.511075949367089,0.31441717791411,0.996884735202492,0.996784565916399,0.340425531914894,0.313161875945537,0.515772870662461,0.998466257668712,0.584496124031008,0.368012422360248,0.993779160186625,0.667701863354037,0.313014827018122,0.142635658914729,0.33125,0.998491704374057,0.315950920245399,0.00626959247648903,0.0015527950310559,0.00154798761609907,0.324409448818898,0.321766561514196,0.998397435897436,0.99375,0.996904024767802,0.998466257668712,0.996889580093313,0.68944099378882,0.3376,0.996927803379416,0.326053042121685,0.318252730109204,0.81259842519685,0.137007874015748,0.331230283911672,0.325508607198748,0.324492979719189,0.989147286821705,0.998420221169036,0.996840442338073,0.00778816199376947,0.32300163132137,0.316846986089645,0.654088050314465,0.326498422712934,0.614567526555387,0.996923076923077,0.325652841781874,0.998422712933754,0.996753246753247,0.276252019386107,0.170542635658915,0.327272727272727,0.996913580246914,0.993769470404984,0.323029366306028,0.998357963875205,0.603803486529319,0.998412698412698,1,0.330769230769231,0.998463901689708,0.338345864661654,0.311605723370429,0.332814930015552,0.321372854914197,0.00154320987654321,0.323717948717949,0.337878787878788,0.68062015503876,0.594427244582043,0.316720257234727,0.636503067484663,0.6734375,0.317901234567901,0.127831715210356,0.00318979266347687,0.313291139240506,0.617693522906793,0.998427672955975,0.319935691318328,0.99685534591195,0.319554848966614,0.00315457413249211,0.326594090202177,0.996835443037975,0.996860282574568,0.996955859969559,0.309262166405024,0.993779160186625,0.334365325077399,0.209553158705701,0.311827956989247,0.998447204968944,0.380216383307573,0.996951219512195,0.996870109546166,0.205607476635514,0.3203125,0.998466257668712,0.996789727126806,0.337442218798151,0.998452012383901,0.322289156626506,0.322188449848024,0.36547433903577,0.759630200308166,0.326433121019108,0.996889580093313,0.337060702875399,0.631024096385542,0.33868378812199,0.996960486322188,0.0015527950310559,0.996850393700787,0.374608150470219,0.894651539708266,0.584664536741214,0.596273291925466,0.31637519872814,0.331210191082803,0.99685534591195,0.319875776397516,0.998487140695915,0.310126582278481,0.508527131782946,0.33030303030303,1,0.312302839116719,0.322222222222222,0.331746031746032,0.328125,0.996884735202492,0.312893081761006,0.996794871794872,0.434375,0.338485316846986,0.996889580093313,0.326625386996904,0.996840442338073,0.593548387096774,0.322061191626409,0.998422712933754,0.321766561514196,0.31733746130031,0.334913112164297,0.982866043613707,0.325,0.9968,0.32967032967033,0.996889580093313,0.323432343234323,1,0.598755832037325,0.296875,0.0392798690671031,0.302250803858521,0.322932917316693,0.996810207336523,0.306729264475743,0.324960753532182,0.333855799373041,0.33641975308642,1,0.996927803379416,0.333865814696486,0.330733229329173,0.998452012383901,0.996768982229402,0.326120556414219,0.241653418124006,0.0222551928783383,0.683969465648855,0.996904024767802,0.0046875,0.322429906542056,0.9984375,0.321766561514196,0.314152410575428,0.318110236220472,0.996870109546166,0.996904024767802,0.996820349761526,0.336363636363636,0.317307692307692,0.321981424148607,0.669856459330144,0.310126582278481,0.996840442338073,0.3421875,0.996835443037975,0.998427672955975,0.460567823343849,0.33596214511041,0.328149300155521,0.32967032967033,0.306976744186047,0.325434439178515,0.64251968503937,0.996889580093313,0.998452012383901,0.316846986089645,0.00623052959501558,0.329704510108865,0.318181818181818,0.332278481012658,0.314814814814815,0.315047021943574,0.323397913561848,0.697852760736196,0.361111111111111,0.30757341576507,0.996810207336523,0.332802547770701,0.996860282574568,0.313755795981453,0.319488817891374,0.320574162679426,0.3359375,0.319047619047619,0.998420221169036,0.32807570977918,0.802884615384615,0.996913580246914,0.996899224806202,0.993690851735016,0.996845425867508,0.996794871794872,0.905660377358491,0.996884735202492,0.996889580093313,0.998427672955975,0.316279069767442,0.996845425867508,0.327390599675851,0,0.996894409937888,0.386996904024768,0.998417721518987,0.323854660347551,0.319685039370079,0.313880126182965,0.421383647798742,0.996879875195008,0.3328173374613,0.996810207336523,0.998487140695915,0.998417721518987,0.996904024767802,0.00315955766192733,0.322327044025157,0.996923076923077,0.996805111821086,0.3265625,0.998389694041868,0.328197226502311,0.996894409937888,1,0.314785373608903,0.330670926517572,0.306027820710974,0.152380952380952,0.331768388106416,0.0015552099533437,0.59304084720121,0.996835443037975,0.323029366306028,0.331746031746032,0.588697017268446,0.996927803379416,0.996784565916399,0.326433121019108,0.337060702875399,0.996913580246914,0.654263565891473,0.691082802547771,0.309859154929577,0.323624595469256,0.990769230769231,0.330708661417323,0.307110438729198,0.998442367601246,0.321766561514196,0.312210200927357,0.996894409937888,0.317965023847377,0.322530864197531,0.315047021943574,0.3203125,0.998432601880878,0.996908809891808,0.998392282958199,0.309006211180124,0.325949367088608,0.00467289719626168,0.992101105845182,0.329032258064516,0.998463901689708,0.998444790046656,0.316923076923077,0.334370139968896,0.318181818181818,0.324324324324324,0.320433436532508,0.99685534591195,0.311111111111111,0.321711568938193,0.573692551505547,0.996894409937888,0.844690966719493,0.996894409937888,0.00157232704402516,0.996923076923077,0.333333333333333,0.998427672955975,0.998422712933754,0.414860681114551,0.995398773006135,0.333333333333333,1,0.311912225705329,0.313291139240506,0.315707620528771,0.998439937597504,0.996927803379416,0.327666151468315,0.399676375404531,0.615141955835962,0.306477093206951,0.998456790123457,0.9968,0.998407643312102,0.330112721417069,0.996941896024465,0.215408805031447,0.998420221169036,0.998425196850394,0.996789727126806,0.998425196850394,0.329721362229102,0.996835443037975,0.315112540192926,0.338582677165354,0.669753086419753,0.312302839116719,0.996870109546166,0.32182103610675,0.319938176197836,0.32258064516129,0.996835443037975,0.319571865443425,0.996810207336523,0.329230769230769,0.476708074534161,0.332822085889571,0.32695374800638,0.318252730109204,0.998444790046656,0.32755905511811,0.307814992025518,0.996875,0.998439937597504,0.3265625,0.312401883830455,0.996835443037975,0.48382126348228,0.318471337579618,0.3359375,0.333333333333333,0.672333848531685,0.996810207336523,0.301458670988655,0.996913580246914,0.412974683544304,0.310077519379845,0.00308641975308642,0.86697247706422,0.3248,0.320695102685624,0.00300751879699248,0.0333333333333333,0.981510015408321,0.324451410658307,0.996810207336523,0.320126782884311,0.317307692307692,0.996875,0.331259720062208,0.324367088607595,0.660910518053375,0.996860282574568,0.329113924050633,0.322378716744914,0.998387096774194,0.31733746130031,0.311111111111111,0.9984,0.335913312693498,0.315955766192733,0.328660436137072,0.338509316770186,0.798761609907121,0.996894409937888,0.979495268138801,0.996965098634294,0.996870109546166,0.0047244094488189,0.996884735202492,0.993740219092332,0.996889580093313,0.433229813664596,0.996845425867508,0.31039755351682,0.992389649923896,0.335433070866142,0.993690851735016,0.612121212121212,0.627692307692308,0.32262996941896,0.322137404580153,0.625391849529781,0.324675324675325,0.00153609831029186,0.627329192546584,0.681458003169572,0.325038880248834,0.00467289719626168,0.317034700315457,0.309636650868878,0.778491171749599,0.333843797856049,0.682888540031397,0.598387096774194,0.32258064516129,0.320872274143302,0.30564263322884,0.998435054773083,0.029806259314456,0.00162074554294976,0.325545171339564,0.33489827856025,0.342679127725857,0.996845425867508,0.334905660377358,0.326594090202177,0.996815286624204,0.312210200927357,0.934272300469484,0.580188679245283,0.996845425867508,0.996978851963746,0.991680532445923,0.328197226502311,0.606531881804043,0.328267477203647,0.318181818181818,0.312893081761006,0.422664624808576,0.998427672955975,0.314375987361769,0.996865203761755,0.326860841423948,0.328478964401294,0.996899224806202,0.329052969502408,0.998487140695915,0.324367088607595,0.996810207336523,0.996850393700787,0.324655436447167,0,0.998491704374057,0.328125,0.998402555910543,0.571207430340557,0.998461538461539,0.509316770186335,0.996960486322188,0.5625,0.996815286624204,0.325281803542673,0.996835443037975,0.996908809891808,0.998459167950693,0.3140625,0.326923076923077,0.320121951219512,0.346278317152104,0.327332242225859,0.308411214953271,0.996742671009772,0.331761006289308,0.996763754045307,0.996927803379416,0.325471698113208,0.320063694267516,0.320121951219512,0.384012539184953,0.335365853658537,0.996908809891808,0.998439937597504,0.342105263157895,0.321316614420063,0.630645161290323,0.594936708860759,0.319938176197836,0.325949367088608,0.996815286624204,0.304821150855365,0.31859756097561,0.993740219092332,0.317589576547231,0.31924882629108,0.0031055900621118,0.143518518518519,0.324367088607595,0.673716012084592,0.317262830482115,0.327639751552795,0.607361963190184,1,0.310236220472441,0.99685534591195,0.315541601255887,0.351735015772871,0.315625,0.476993865030675,0.322834645669291,0.998376623376623,0.326594090202177,0.326829268292683,0.331210191082803,0.682515337423313,0.996710526315789,0.331189710610932,0.317411402157165,0.00309597523219814,0.332824427480916,0.995334370139969,0.947368421052632,0.998456790123457,0.329754601226994,0.327613104524181,0.317965023847377,0.583076923076923,0.996830427892235,0.597402597402597,0.337579617834395,0.998456790123457,0.996908809891808,0.958074534161491,0.670846394984326,0.332293291731669,0.362204724409449,0.320373250388802,0.323619631901841,0.998392282958199,0.996955859969559,0.511075949367089,0.6296875,0.996870109546166,0.998452012383901,0.996884735202492,0.6848,0.996850393700787,0.324655436447167,0.67981072555205,0.998461538461539,0.330733229329173,0.321259842519685,0.325471698113208,0.995426829268293,0.998466257668712,0.636070853462158,0.326053042121685,0.996810207336523,0.998427672955975,0.331782945736434,0.310185185185185,0.995283018867924,0.0032520325203252,0.321711568938193,0.316614420062696,0.0109204368174727,0.323170731707317,0.996951219512195,0.319554848966614,0.998452012383901,0.155624036979969,0.00308641975308642,0.912977099236641,0.332807570977918,0.996889580093313,0.996889580093313,0.00309597523219814,0.00464396284829721,0.33489827856025,0.996894409937888,0.327361563517915,0.99388379204893,0.317307692307692,0.998432601880878,0.995238095238095,0.958268933539413,0.771251931993818,0.998410174880763,1,0.00941915227629513,0.996899224806202,0.520325203252033,0.331189710610932,0.673374613003096,0.328746177370031,0.996850393700787,0.310832025117739,0.67246835443038,0.998407643312102,0.998417721518987,0.314009661835749,0.614008941877794,0.328682170542636,0.58609794628752,0.966613672496025,0.332822085889571,0.5953125,0.0142630744849445,0.3234375,0.330745341614907,0.319083969465649,0.998389694041868,0.628834355828221,0.309707241910632,0.884555382215289,0.588996763754045,0.962962962962963,1,0.996899224806202,0.311526479750779,0.335974643423138,0.312,0.316923076923077,0.311827956989247,0.609567901234568,0.318112633181126,0.00308641975308642,0.67420814479638,0.996875,0.328125,0.3136,0.32475884244373,0.326687116564417,0.608150470219436,0.996927803379416,0.333848531684699,0.336,0.333868378812199,0.326086956521739,0.313846153846154,0.313479623824451,0.206471494607088,0.682108626198083,0.32120253164557,0.604327666151468,0.998422712933754,0.247244094488189,0.321372854914197,0.9072,0.9967585089141,0.998430141287284,0.316118935837246,0.624413145539906,0.998454404945904,0.322429906542056,0.308777429467085,0.957142857142857,0.996875,1,0.995238095238095,0.322480620155039,0.998412698412698,0.996918335901387,0.907790143084261,0.998449612403101,0.354938271604938,0.996941896024465,0.586921850079745,0.996899224806202,0.665629860031104,0.313880126182965,0.604166666666667,0.998405103668262,0.996820349761526,0.990461049284579,0.329738058551618,0.325984251968504,0.33387358184765,0.326053042121685,0.325806451612903,0.329073482428115,0.981132075471698,0.321981424148607,0.998430141287284,0.996677740863787,0.714953271028037,0.00318471337579618,0.326086956521739,0.320433436532508,0.673374613003096,0.998496240601504,0.57120253164557,0.331316187594554,0.644757433489828,0.320373250388802,0.328548644338118,0.99685534591195,0.316118935837246,0.326732673267327,0.689274447949527,0.913461538461538,0.33034379671151,0.605769230769231,0.574568288854003,0.330733229329173,0.335443037974684,0.305295950155763,0.592823712948518,0.676923076923077,0.996904024767802,0.889751552795031,0.996955859969559,0.657407407407407,0.995184590690209,0.595846645367412,0.32,0.32695374800638,0.996978851963746,0.996927803379416,0.426332288401254,0.990476190476191,0.995391705069124,0.996904024767802,0.317034700315457,0.3359375,0.998405103668262,0.323795180722892,0.68167701863354,0.330683624801272,0.457680250783699,0.314785373608903,0.0015527950310559,0.311145510835913,0.99685534591195,0.996779388083736,0.598774885145482,0.003125,0.340062111801242,0.320813771517997,0.104037267080745,0.431118314424635,0.998410174880763,0.9984,0.321372854914197,0.996860282574568,0.408517350157729,0.998389694041868,0.332831325301205,0.59190031152648,0.325545171339564,0.325396825396825,0.996889580093313,0.00161550888529887,0.996794871794872,0.308681672025723,0.321766561514196,0.99685534591195,0.996879875195008,0.998470948012232,0.458466453674121,0.996789727126806,0.315707620528771,0.616224648985959,0.334370139968896,0.3312,0.0031055900621118,0.0458135860979463,0.9968,0.626391096979332,0.996908809891808,0.329704510108865,0.33495145631068,0.996865203761755,0.998410174880763,0.178571428571429,0.319875776397516,1,0.902325581395349,0.998444790046656,0.321428571428571,0.203174603174603,0.664110429447853,0.996894409937888,0.996969696969697,0.998412698412698,0.996789727126806,0.998468606431853,0.284829721362229,0.30829420970266,0.996904024767802,0.128246753246753,0.00316455696202532,0.443573667711599,0.00322061191626409,0.32484076433121,0.996908809891808,0.674603174603175,0.996845425867508,0.996904024767802,0.88646967340591,0.996805111821086,0.67737003058104,0.996860282574568,0.998407643312102,0.996805111821086,0.996870109546166
"545",1,1,1,1,1,1,0.717285945072698,1,1,0.0919354838709677,1,0.042654028436019,0.823434991974318,1,0.314606741573034,0.302362204724409,0.0627943485086342,0.692434210526316,1,1,0.280952380952381,0.299837925445705,1,0.157232704402516,1,0.325878594249201,0.315705128205128,1,1,0.784440842787682,0.30564263322884,0.735202492211838,0.967084639498433,0.307568438003221,0,1,0.549206349206349,1,0.299539170506912,1,0.673015873015873,0.687400318979266,0.705426356589147,1,1,0.310965630114566,0.303030303030303,0.298461538461538,0.318681318681319,0.315955766192733,0,1,0.310077519379845,1,1,0.494290375203915,0.568659127625202,1,1,1,0.319314641744548,0.310177705977383,0.309178743961353,0.68860353130016,1,1,0.036624203821656,1,0.0602782071097372,0.313664596273292,1,0.311708860759494,0.313213703099511,0.965686274509804,0.523584905660377,1,0.304347826086957,0.329704510108865,1,0.310344827586207,0.0834724540901502,0.312599681020734,0.325949367088608,1,0.332283464566929,1,1,1,1,0.693146417445483,1,1,0.00156985871271586,0.104199066874028,1,0.0462962962962963,0,1,0.562189054726368,0.679153094462541,1,0.0571428571428571,0.30188679245283,1,0.306477093206951,1,0.698412698412698,1,0.313099041533546,0.312399355877617,0.309262166405024,1,0.325949367088608,1,0.493023255813954,1,0.314465408805031,0.29874213836478,0.31974921630094,0.311004784688995,0.480190174326466,1,0.311627906976744,0.307814992025518,1,0.292913385826772,1,1,0.324921135646688,0.53416149068323,1,0.309375,1,0.0415384615384615,1,0.305732484076433,0.681889763779528,0.319488817891374,0.928343949044586,0.420454545454545,0.10031847133758,0.0944,1,1,0.3264,1,0.314728682170543,1,0.811526479750779,1,0.315286624203822,1,1,1,1,0.329093799682035,1,0.316720257234727,0.252747252747253,1,0.302839116719243,1,0.295238095238095,0.0791139240506329,1,0.308562197092084,1,1,1,0.3234375,1,0.319620253164557,1,0.298600311041991,1,0.309409888357257,0.0746500777604977,1,0.651960784313726,1,1,0.306962025316456,1,1,1,1,0.314873417721519,0.306853582554517,1,1,0.3125,0.303030303030303,1,0.444094488188976,0.67530487804878,0,0.319685039370079,0.675675675675676,1,0.313846153846154,1,1,1,0.313971742543171,0.316923076923077,0.320325203252033,1,1,1,0,1,0.303030303030303,0.974803149606299,0.319620253164557,0.302066772655008,0.74375,1,1,1,1,1,0.0463258785942492,0.306581059390048,0.320754716981132,1,0.686427457098284,1,1,0.998427672955975,1,1,1,0.00471698113207547,0.315625,1,0.307941653160454,1,0.298107255520505,1,1,1,1,1,0.31629392971246,1,0.511041009463722,0.317111459968603,0.323390894819466,0.313915857605178,0.311004784688995,0.330658105939005,0.40194489465154,0.330683624801272,0.311111111111111,0.306729264475743,1,0.31629392971246,1,0.695046439628483,0.309486780715397,0.311627906976744,0.32695374800638,1,1,1,0.255520504731861,0.302507836990596,1,0.313099041533546,0.31839258114374,0.306603773584906,0.312111801242236,0.6832,1,0.315707620528771,0.304487179487179,1,0.301612903225806,1,0.30188679245283,0.309262166405024,1,1,1,0.538950715421304,1,0.694620253164557,0.0795107033639144,0.316720257234727,1,1,0.0897637795275591,0.314553990610329,0.314845024469821,1,1,0.293478260869565,0.0208,0.00320512820512821,1,1,0.327073552425665,0.998420221169036,1,0.3046875,1,1,0.317610062893082,1,1,1,1,0.32018927444795,0.304747320061256,0.317741935483871,1,1,0.676190476190476,0.3109375,1,0.304212168486739,0.292527821939587,1,1,1,1,1,0.318037974683544,1,1,0.107317073170732,0.324492979719189,0.479233226837061,0.304975922953451,0.677316293929712,0.309748427672956,1,0.300324675324675,0.329093799682035,0.251572327044025,0.318110236220472,1,0.318112633181126,1,1,1,0.310509554140127,0.317757009345794,1,0.929032258064516,0.0674157303370786,1,0.304075235109718,0.315873015873016,0.308064516129032,1,0.324074074074074,0.4608,0.321316614420063,0.303459119496855,0.30278232405892,0.297770700636943,1,0.312399355877617,1,1,0,1,0.3168,1,1,1,0.323248407643312,1,0.306946688206785,1,0.84185303514377,1,1,1,0.315286624203822,1,1,0.305863708399366,0.305863708399366,1,1,0.310509554140127,0.1828125,1,1,1,0,0.310177705977383,1,0.304416403785489,0.242566510172144,1,0.683881064162754,0.432766615146832,1,1,0.687595712098009,0.706436420722135,0.335433070866142,1,0.316037735849057,1,1,0.3168,1,1,0.00798722044728434,0.318110236220472,1,1,0.317152103559871,1,1,0.301916932907348,0.328616352201258,1,1,1,0.528682170542636,0.302884615384615,0.336569579288026,0.317700453857791,0.323248407643312,0.70096463022508,0.319685039370079,0.322884012539185,0.309597523219814,0.241987179487179,0.309061488673139,1,0.306729264475743,1,0.306729264475743,0.0847457627118644,0.0499219968798752,1,1,0.0356589147286822,1,0.69170579029734,0.0442338072669826,0.0128,1,0.691222570532915,1,1,0.536624203821656,1,0,0.0722495894909688,1,1,1,0.309677419354839,0.656203288490284,0.702572347266881,0.993759750390016,1,0.985849056603774,0.290679304897314,0.328548644338118,1,0.290529695024077,1,0.361464968152866,0.106858054226475,0.299212598425197,0.314329738058552,0.328813559322034,1,0.0791925465838509,1,1,1,0.250769230769231,0.31378763866878,1,0.312,1,1,0.3078125,1,0.312024353120244,1,0.301765650080257,0.314696485623003,1,0.6848,0.311349693251534,1,0.307448494453249,0.768388106416275,0.303405572755418,0.1578125,0.324074074074074,0.77373417721519,0.300970873786408,1,0.318252730109204,0.331768388106416,0.288401253918495,1,1,1,0.970588235294118,0.338259441707718,1,0.319422150882825,1,0.30718954248366,0.311349693251534,1,1,1,0.916139240506329,1,0.308527131782946,0.308544303797468,1,1,0.0501618122977346,0.0811688311688312,1,1,0.297077922077922,1,1,0.304212168486739,1,1,0.690095846645367,0.536661466458658,1,0,1,1,0.0948678071539658,0.310236220472441,1,0.312903225806452,1,0.964630225080386,1,0.825196850393701,1,0.32741935483871,1,1,1,0,0.303482587064677,1,1,0.679365079365079,1,0.300955414012739,0.350793650793651,0.313971742543171,1,1,1,0.0911901081916538,0.317384370015949,0.0880913539967374,1,0.307332293291732,0.304012345679012,0.341692789968652,0,1,0.958925750394945,1,1,0.318840579710145,0.297971918876755,0.155802861685215,0.0383386581469649,0.317460317460317,0.304140127388535,0.31924882629108,0.00161812297734628,0.305164319248826,1,0,0.305900621118012,1,1,1,0.302180685358255,0.314199395770393,0.0358306188925081,1,0.306581059390048,0.29984544049459,1,1,0.307086614173228,0.698697068403909,1,1,0.694533762057878,1,0.304482225656878,1,0.313971742543171,0.535321821036107,0.67906976744186,0.394495412844037,1,0.291217257318952,0.311912225705329,0.691573926868045,0.673913043478261,1,0.32018927444795,1,0.314329738058552,1,0.309636650868878,0.306709265175719,0.341692789968652,0.511811023622047,0.315181518151815,0.301948051948052,0.672955974842767,0.312693498452012,0.145901639344262,1,0,1,0.282296650717703,1,0,0.318471337579618,0.314194577352472,1,0.0596330275229358,1,0.0843949044585987,0.337579617834395,1,0.0673981191222571,0.675632911392405,1,1,1,0.294407894736842,0.0404354587869362,1,0.419713831478537,0.0977564102564103,0.346749226006192,0.317683881064163,0.321875,1,1,1,1,1,0.0630769230769231,0.996889580093313,0.693374422187982,0.0045662100456621,0.320251177394035,1,1,1,1,0.0832025117739403,0.311248073959938,1,1,1,1,1,1,0.484472049689441,0.00162337662337662,1,0.0815047021943574,0.320754716981132,0.433281004709576,1,0.388083735909823,0.30514096185738,0.306477093206951,1,0.0377952755905512,0.315457413249211,1,1,0.357827476038339,0.306122448979592,0.29903536977492,0.307317073170732,1,0.32,0.3203125,0.411111111111111,0.308426073131955,0.981279251170047,0.302325581395349,0.0777957860615883,0.318611987381703,0,1,0.0884676145339652,0.301765650080257,0.3152,0.3125,1,1,1,1,1,1,0.320695102685624,1,0.311216429699842,0.312605042016807,0.596573208722741,0.688206785137318,1,1,0,0.308049535603715,0.118110236220472,1,0.0347551342812006,1,1,0.3088,1,1,0.607142857142857,0.409836065573771,0.996937212863706,0.0787781350482315,0.101286173633441,1,1,1,0.0846394984326019,0,0.313935681470138,0.41875,0.311827956989247,0,0.322169059011164,0.0837359098228663,1,1,0.316358024691358,0.318681318681319,0.241269841269841,0.325806451612903,0.306976744186047,0.31055900621118,1,1,0.326498422712934,1,0,1,0.218298555377207,1,0.67651632970451,1,0.309409888357257,0.309562398703404,0.0791925465838509,0.682170542635659,1,1,0.797752808988764,0.892682926829268,0.30952380952381,0.310897435897436,1,0.317535545023697,0.250788643533123,0.317230273752013,1,0.103125,1,1,0.316957210776545,0.675850891410049,0.301458670988655,1,1,0.298136645962733,0.301109350237718,0.312977099236641,0.853697749196141,0.306451612903226,1,0.0577223088923557,1,1,0.70404984423676,0.660771704180064,0.317434210526316,0.053968253968254,0.314194577352472,1,1,0.309409888357257,0.325914149443561,0.633540372670807,1,0.302611367127496,0.368012422360248,0.310452418096724,0.984591679506934,0.475120385232745,0.00314465408805031,0.296875,0.315301391035549,0.32013201320132,0.304487179487179,0.316770186335404,0.968847352024922,1,0.301092043681747,0.551386623164764,0.691693290734824,0.232963549920761,0.692682926829268,1,0.322274881516588,0.00323624595469256,0.318471337579618,0.301261829652997,0.352290679304897,0.31637519872814,0,0.333333333333333,0.305958132045089,0.316211878009631,0.310618066561014
"546",0.303514376996805,0.321711568938193,0.322085889570552,0.335949764521193,0.314152410575428,0.313291139240506,0.0112,0.329652996845426,0.311526479750779,0.56260162601626,0.321592649310873,0.634108527131783,0.515923566878981,0.327639751552795,1,1,0.615625,0,0.331210191082803,0.315457413249211,1,1,0.325038880248834,0.521739130434783,0.312121212121212,1,1,0.340836012861736,0.31039755351682,0.520634920634921,1,0.598449612403101,0.371340523882897,0.998442367601246,0.667192429022082,0.31869918699187,0.125386996904025,0.327639751552795,1,0.311248073959938,0.0015748031496063,0,0,0.325434439178515,0.322115384615385,1,0.996875,1,1,1,0.674347158218126,0.340222575516693,1,0.32755905511811,0.318252730109204,0.8288,0.110223642172524,0.324409448818898,0.322378716744914,0.324921135646688,0.99388379204893,1,1,0.00156739811912226,0.316129032258064,0.322480620155039,0.647244094488189,0.330143540669856,0.605783866057839,1,0.324159021406728,1,1,0.275039745627981,0.146604938271605,0.316030534351145,1,0.998452012383901,0.320987654320988,1,0.590322580645161,1,1,0.325115562403698,1,0.327743902439024,0.319047619047619,0.341653666146646,0.326594090202177,0,0.329133858267717,0.332317073170732,0.684292379471229,0.574102964118565,0.321086261980831,0.640243902439024,0.677672955974843,0.313271604938272,0.116987179487179,0,0.320126782884311,0.617363344051447,1,0.315619967793881,1,0.32348367029549,0,0.327639751552795,1,1,1,0.316535433070866,0.996908809891808,0.32755905511811,0.188854489164087,0.314503816793893,1,0.36405529953917,1,1,0.190031152647975,0.329211746522411,1,1,0.342105263157895,1,0.316341829085457,0.319277108433735,0.350157728706625,0.766214177978884,0.322734499205087,1,0.330188679245283,0.635542168674699,0.3392,1,0.00154798761609907,1,0.382945736434109,0.888349514563107,0.577287066246057,0.589341692789969,0.320754716981132,0.3264,1,0.315625,1,0.304761904761905,0.512307692307692,0.324655436447167,1,0.310236220472441,0.31687898089172,0.3184,0.331230283911672,1,0.307936507936508,1,0.422427035330261,0.331269349845201,1,0.326186830015314,1,0.59375,0.322683706070288,1,0.313755795981453,0.318818040435459,0.332298136645963,0.993846153846154,0.328593996840442,1,0.325984251968504,1,0.319672131147541,1,0.591049382716049,0.30564263322884,0.0273752012882448,0.301282051282051,0.323809523809524,1,0.307453416149068,0.320433436532508,0.31974921630094,0.335949764521193,1,1,0.323717948717949,0.33125,1,1,0.322429906542056,0.222047244094488,0.0164917541229385,0.684292379471229,1,0.0015527950310559,0.31839258114374,1,0.32182103610675,0.314152410575428,0.317683881064163,0.996889580093313,1,1,0.330316742081448,0.316129032258064,0.320373250388802,0.674157303370786,0.311320754716981,1,0.344667697063369,1,1,0.437400950871632,0.337559429477021,0.327743902439024,0.321711568938193,0.311320754716981,0.314102564102564,0.6359375,1,1,0.320987654320988,0.00309119010819165,0.331804281345566,0.321266968325792,0.319182389937107,0.309262166405024,0.299524564183835,0.318529862174579,0.691950464396285,0.349157733537519,0.305900621118012,1,0.328548644338118,1,0.313178294573643,0.320126782884311,0.312796208530806,0.334935897435897,0.3152,1,0.324116743471582,0.813586097946288,1,1,0.998417721518987,1,1,0.895330112721417,1,1,1,0.32312404287902,1,0.327974276527331,0,1,0.364760432766615,1,0.328525641025641,0.326086956521739,0.3109375,0.40952380952381,1,0.32398753894081,1,1,1,1,0,0.313385826771654,1,1,0.330143540669856,1,0.320493066255778,1,1,0.313001605136437,0.320126782884311,0.303599374021909,0.133858267716535,0.330683624801272,0,0.587878787878788,1,0.325153374233129,0.325358851674641,0.573415765069552,1,1,0.3322528363047,0.334920634920635,1,0.650231124807396,0.698564593301435,0.310015898251192,0.329052969502408,0.995419847328244,0.334905660377358,0.312024353120244,1,0.311912225705329,0.3140625,1,0.312893081761006,0.318818040435459,0.324409448818898,0.3232,1,1,1,0.304075235109718,0.328593996840442,0.00772797527047913,0.995327102803738,0.326892109500805,1,1,0.309707241910632,0.328703703703704,0.313084112149533,0.318681318681319,0.317829457364341,1,0.317535545023697,0.31496062992126,0.559105431309904,1,0.833850931677019,1,0,1,0.322727272727273,1,1,0.407692307692308,1,0.32794830371567,1,0.309859154929577,0.305772230889236,0.317829457364341,1,1,0.317610062893082,0.40032414910859,0.609375,0.307941653160454,1,1,1,0.3312,1,0.20094191522763,1,1,1,1,0.328197226502311,1,0.315091210613599,0.336477987421384,0.677115987460815,0.311605723370429,1,0.322884012539185,0.319083969465649,0.313195548489666,1,0.313725490196078,1,0.324159021406728,0.491419656786271,0.327639751552795,0.330670926517572,0.317901234567901,1,0.324717285945073,0.313099041533546,1,1,0.325077399380805,0.310344827586207,1,0.467889908256881,0.319554848966614,0.328149300155521,0.334365325077399,0.680685358255452,1,0.294892915980231,1,0.405750798722045,0.311320754716981,0,0.892911010558069,0.319422150882825,0.324960753532182,0,0.0265210608424337,0.987281399046105,0.318681318681319,1,0.313971742543171,0.3125,1,0.329738058551618,0.32,0.656923076923077,1,0.324492979719189,0.329093799682035,1,0.316037735849057,0.311004784688995,1,0.322932917316693,0.31629392971246,0.327073552425665,0.339144215530903,0.819595645412131,1,0.977777777777778,1,1,0.00156985871271586,1,0.996908809891808,1,0.416012558869702,0.998373983739837,0.309341500765697,0.996955859969559,0.3328125,0.998430141287284,0.597243491577335,0.622874806800618,0.323529411764706,0.313178294573643,0.633228840125392,0.3232,0,0.62402496099844,0.681388012618297,0.325652841781874,0.00154083204930663,0.3140625,0.313755795981453,0.768621236133122,0.328660436137072,0.67651632970451,0.583198707592892,0.32398753894081,0.325227963525836,0.301261829652997,1,0.0238805970149254,0,0.317411402157165,0.340590979782271,0.337519623233909,1,0.325,0.327131782945736,1,0.310185185185185,0.950540958268934,0.558587479935794,1,1,0.998349834983498,0.319938176197836,0.599388379204893,0.323216995447648,0.320450885668277,0.320695102685624,0.413685847589425,1,0.318681318681319,1,0.320450885668277,0.318840579710145,1,0.326498422712934,1,0.327044025157233,1,1,0.327131782945736,0,1,0.330232558139535,1,0.567278287461774,1,0.498466257668712,1,0.57120253164557,1,0.322169059011164,1,1,1,0.313291139240506,0.328050713153724,0.316998468606432,0.348684210526316,0.315,0.3140625,1,0.326018808777429,1,1,0.324492979719189,0.31378763866878,0.325190839694657,0.394409937888199,0.325077399380805,1,1,0.338582677165354,0.329032258064516,0.629160063391442,0.581358609794629,0.312404287901991,0.329073482428115,1,0.302936630602782,0.317557251908397,0.993710691823899,0.308064516129032,0.316614420062696,0,0.126717557251908,0.321656050955414,0.677272727272727,0.314465408805031,0.32348367029549,0.590563165905632,0.99685534591195,0.312903225806452,1,0.31911532385466,0.3546875,0.321656050955414,0.474258970358814,0.319620253164557,1,0.326053042121685,0.323296354992076,0.334384858044164,0.677321156773212,1,0.329093799682035,0.328125,0,0.327613104524181,1,0.95800933125972,1,0.325434439178515,0.323529411764706,0.315789473684211,0.578866768759571,1,0.5872,0.332273449920509,1,1,0.97196261682243,0.675078864353312,0.33968253968254,0.369496855345912,0.325115562403698,0.31839258114374,1,1,0.496845425867508,0.623622047244095,1,1,1,0.689102564102564,1,0.325652841781874,0.677018633540373,1,0.323529411764706,0.320126782884311,0.327044025157233,0.998435054773083,1,0.638263665594855,0.327639751552795,1,1,0.328125,0.3109375,1,0,0.319047619047619,0.310725552050473,0.0016025641025641,0.316436251920123,1,0.3168,1,0.138248847926267,0,0.901990811638591,0.330246913580247,1,1,0,0.00154559505409583,0.327102803738318,1,0.3088,0.998463901689708,0.309409888357257,1,0.998425196850394,0.965571205007825,0.771604938271605,1,1,0,1,0.5104,0.333333333333333,0.670750382848392,0.325115562403698,1,0.3072,0.666666666666667,1,1,0.314785373608903,0.61144578313253,0.332298136645963,0.577106518282989,0.979495268138801,0.3359375,0.593406593406593,0.0093603744149766,0.311811023622047,0.323943661971831,0.325077399380805,1,0.622291021671827,0.305772230889236,0.895148669796557,0.583870967741935,0.97542242703533,1,1,0.313572542901716,0.346774193548387,0.313504823151125,0.320373250388802,0.316770186335404,0.606106870229008,0.311349693251534,0,0.671686746987952,0.998444790046656,0.330733229329173,0.310725552050473,0.318910256410256,0.320061255742726,0.592823712948518,1,0.337920489296636,0.338141025641026,0.3312,0.321144674085851,0.316923076923077,0.321766561514196,0.183890577507599,0.679365079365079,0.319620253164557,0.593508500772797,1,0.224806201550388,0.323529411764706,0.934609250398724,1,1,0.322327044025157,0.626356589147287,1,0.322033898305085,0.315457413249211,0.963779527559055,1,1,0.996810207336523,0.324116743471582,1,1,0.896825396825397,1,0.357585139318885,1,0.5904,1,0.669781931464174,0.312302839116719,0.593996840442338,1,1,0.993788819875776,0.330232558139535,0.330203442879499,0.332263242375602,0.323763955342903,0.323624595469256,0.317683881064163,0.987301587301587,0.314814814814815,1,1,0.714508580343214,0,0.326153846153846,0.315870570107858,0.671875,1,0.55748031496063,0.328267477203647,0.641269841269841,0.312893081761006,0.317891373801917,1,0.321259842519685,0.319327731092437,0.679032258064516,0.907742998352554,0.327380952380952,0.592,0.572100313479624,0.327160493827161,0.332263242375602,0.305900621118012,0.584251968503937,0.685534591194969,1,0.900787401574803,1,0.660606060606061,0.998407643312102,0.583465818759936,0.32120253164557,0.329052969502408,1,1,0.419558359621451,0.996830427892235,0.998442367601246,1,0.317034700315457,0.330246913580247,1,0.317700453857791,0.677570093457944,0.339089481946625,0.448657187993681,0.317111459968603,0,0.312111801242236,1,1,0.591549295774648,0.00154798761609907,0.338557993730408,0.326018808777429,0.0965189873417722,0.413570274636511,1,1,0.31839258114374,1,0.407523510971787,1,0.333333333333333,0.58695652173913,0.329652996845426,0.317034700315457,1,0,1,0.312599681020734,0.325984251968504,1,1,1,0.4432,1,0.328593996840442,0.609831029185868,0.329738058551618,0.331723027375201,0.00151285930408472,0.0388802488335925,1,0.621451104100946,1,0.332302936630603,0.334913112164297,1,1,0.140845070422535,0.3198127925117,1,0.896024464831804,1,0.326625386996904,0.183544303797468,0.668188736681887,1,1,1,1,1,0.294298921417565,0.304821150855365,1,0.111642743221691,0.00160513643659711,0.42015503875969,0,0.325508607198748,1,0.671899529042386,1,1,0.889060092449923,1,0.67741935483871,1,1,1,1
"547",0.998407643312102,0.998454404945904,1,1,0.998427672955975,1,0.702265372168285,1,0.998468606431853,0.0967741935483871,1,0.0430769230769231,0.825196850393701,0.998407643312102,0.3104,0.309707241910632,0.0652173913043478,0.689430894308943,0.998432601880878,0.998422712933754,0.287713841368585,0.314873417721519,0.998459167950693,0.151937984496124,0.998459167950693,0.322884012539185,0.311004784688995,0.998360655737705,0.998461538461539,0.7952,0.30625,0.741433021806854,0.969135802469136,0.305511811023622,0,1,0.54858934169279,1,0.294573643410853,0.998461538461539,0.668253968253968,0.681181959564541,0.688073394495413,0.998412698412698,0.9984,0.313880126182965,0.316037735849057,0.314152410575428,0.324074074074074,0.32182103610675,0.0015527950310559,0.998407643312102,0.30757341576507,1,0.998425196850394,0.505546751188589,0.559618441971383,0.9984,0.998442367601246,1,0.3296875,0.309636650868878,0.310236220472441,0.684542586750789,0.99837925445705,0.998447204968944,0.0342146189735614,0.998420221169036,0.0570570570570571,0.310030395136778,0.9984375,0.317034700315457,0.319935691318328,0.961661341853035,0.5171875,0.998475609756098,0.308411214953271,0.335901386748844,0.998447204968944,0.320450885668277,0.0850722311396469,0.323343848580442,0.314375987361769,0.998449612403101,0.3328125,0.998456790123457,0.998435054773083,0.998435054773083,0.998447204968944,0.691222570532915,0.998381877022654,0.998487140695915,0.00157728706624606,0.101823708206687,0.998402555910543,0.0460122699386503,0,0.998452012383901,0.56260162601626,0.67879746835443,0.998427672955975,0.0538827258320127,0.305511811023622,0.9984375,0.308777429467085,0.9984375,0.688679245283019,0.998430141287284,0.31378763866878,0.319182389937107,0.319938176197836,0.998459167950693,0.316118935837246,0.998447204968944,0.495412844036697,0.998466257668712,0.308166409861325,0.293478260869565,0.316590563165906,0.315541601255887,0.486614173228346,1,0.321981424148607,0.314102564102564,0.998447204968944,0.306278713629403,0.998477929984779,0.998459167950693,0.329652996845426,0.539050535987749,0.998402555910543,0.307814992025518,0.998387096774194,0.0413476263399694,0.998412698412698,0.316770186335404,0.679506933744222,0.322530864197531,0.93217665615142,0.425837320574163,0.101286173633441,0.0949367088607595,0.998439937597504,0.998394863563403,0.332273449920509,0.998427672955975,0.310975609756098,0.998425196850394,0.815384615384615,0.998477929984779,0.312803889789303,0.998407643312102,0.9984,0.998430141287284,0.998417721518987,0.326530612244898,0.998447204968944,0.322115384615385,0.251170046801872,0.998435054773083,0.315384615384615,0.998473282442748,0.296703296703297,0.0849358974358974,0.998417721518987,0.302884615384615,0.998425196850394,0.998444790046656,0.998420221169036,0.330757341576507,0.998432601880878,0.323717948717949,0.998425196850394,0.306962025316456,1,0.314553990610329,0.0729001584786054,1,0.637987012987013,0.9984,0.998420221169036,0.314553990610329,1,0.998402555910543,0.998430141287284,0.9984375,0.318037974683544,0.3125,0.998397435897436,1,0.303951367781155,0.307448494453249,1,0.454545454545455,0.672205438066465,0.00159744408945687,0.313664596273292,0.675,1,0.315870570107858,0.998384491114701,1,1,0.310452418096724,0.311728395061728,0.325769854132901,0.998493975903614,1,1,0.00156494522691706,0.998427672955975,0.297427652733119,0.978056426332288,0.313971742543171,0.30298273155416,0.749221183800623,0.998415213946117,0.998452012383901,1,0.998412698412698,0.998412698412698,0.0422535211267606,0.309636650868878,0.317460317460317,0.998456790123457,0.682170542635659,1,0.998463901689708,0.998407643312102,1,0.998430141287284,0.998463901689708,0.0062111801242236,0.317901234567901,0.998444790046656,0.311912225705329,1,0.301242236024845,0.998456790123457,0.998420221169036,0.998412698412698,0.998392282958199,0.998392282958199,0.312,1,0.513470681458003,0.320872274143302,0.319314641744548,0.3056,0.315132605304212,0.325434439178515,0.410543130990415,0.32967032967033,0.313572542901716,0.308777429467085,1,0.3109375,1,0.682027649769585,0.314465408805031,0.310185185185185,0.324881141045959,1,0.998412698412698,1,0.251572327044025,0.30503144654088,0.998439937597504,0.316639741518578,0.314759036144578,0.30952380952381,0.321428571428571,0.692307692307692,0.998435054773083,0.316692667706708,0.315286624203822,0.998435054773083,0.299837925445705,0.998447204968944,0.303215926493109,0.314465408805031,0.99837925445705,0.998392282958199,0.998449612403101,0.54416403785489,0.998397435897436,0.693877551020408,0.0833333333333333,0.318681318681319,0.998427672955975,0.998407643312102,0.0951638065522621,0.3140625,0.320634920634921,1,0.998425196850394,0.296124031007752,0.0249221183800623,0.00483870967741936,0.998412698412698,0.99836867862969,0.335375191424196,0.996870109546166,0.998500749625187,0.306376360808709,1,0.998427672955975,0.313479623824451,0.998422712933754,0.998420221169036,0.9984375,0.998417721518987,0.323943661971831,0.31039755351682,0.325358851674641,0.9984,0.998447204968944,0.679012345679012,0.313291139240506,0.998439937597504,0.320493066255778,0.295774647887324,1,0.998480243161094,1,0.998435054773083,0.998439937597504,0.32182103610675,0.99837925445705,0.998415213946117,0.104838709677419,0.326687116564417,0.48,0.299684542586751,0.677067082683307,0.30625,0.998489425981873,0.299684542586751,0.337025316455696,0.253894080996885,0.315467075038285,1,0.323619631901841,0.998417721518987,0.998449612403101,1,0.309748427672956,0.317147192716237,1,0.923202614379085,0.0590111642743222,0.998422712933754,0.306853582554517,0.311605723370429,0.303514376996805,0.998407643312102,0.326219512195122,0.46583850931677,0.322085889570552,0.306853582554517,0.311897106109325,0.298722044728434,0.998447204968944,0.316957210776545,0.998376623376623,0.998432601880878,0.00157728706624606,0.998417721518987,0.32120253164557,0.998473282442748,1,0.998389694041868,0.327476038338658,0.998470948012232,0.309904153354633,0.998473282442748,0.847589424572317,0.998430141287284,0.998407643312102,0.998432601880878,0.31201248049922,1,0.998402555910543,0.304482225656878,0.313755795981453,1,0.998435054773083,0.309748427672956,0.184375,0.998402555910543,1,0.998456790123457,0.0015625,0.303656597774245,0.998384491114701,0.308777429467085,0.240944881889764,1,0.680685358255452,0.444104134762634,1,0.998449612403101,0.682563338301043,0.70735524256651,0.340694006309148,0.998456790123457,0.324534161490683,0.998439937597504,1,0.32695374800638,0.998444790046656,1,0.0109717868338558,0.325471698113208,0.998425196850394,0.998410174880763,0.324367088607595,0.998422712933754,0.99836867862969,0.299684542586751,0.333333333333333,1,1,1,0.528771384136858,0.3078125,0.333333333333333,0.312312312312312,0.329704510108865,0.689655172413793,0.323308270676692,0.3265625,0.312210200927357,0.23696682464455,0.32120253164557,0.998439937597504,0.316770186335404,1,0.317262830482115,0.0898021308980213,0.0459418070444104,0.998461538461539,1,0.0375,1,0.6953125,0.0425867507886435,0.0156985871271586,0.998454404945904,0.680379746835443,0.998425196850394,0.9984375,0.535143769968051,0.998449612403101,0.0015527950310559,0.0787781350482315,1,0.998452012383901,1,0.318471337579618,0.649175412293853,0.694581280788177,0.993827160493827,0.998420221169036,0.984615384615385,0.297169811320755,0.334928229665072,0.998432601880878,0.305511811023622,0.998439937597504,0.37245696400626,0.106280193236715,0.296062992125984,0.320433436532508,0.326050420168067,1,0.0820433436532508,0.998463901689708,0.998384491114701,1,0.256211180124224,0.323854660347551,0.998444790046656,0.315625,0.998355263157895,0.998405103668262,0.30298273155416,0.998407643312102,0.310502283105023,1,0.303599374021909,0.312796208530806,0.998466257668712,0.683153013910355,0.307575757575758,1,0.305993690851735,0.774143302180685,0.310872894333844,0.153013910355487,0.313935681470138,0.776049766718507,0.301127214170692,0.998402555910543,0.316279069767442,0.332814930015552,0.294392523364486,0.998447204968944,1,0.998449612403101,0.974151857835218,0.34747145187602,0.998447204968944,0.313195548489666,0.998439937597504,0.311793214862682,0.317557251908397,0.998444790046656,0.998397435897436,1,0.91588785046729,0.998466257668712,0.308755760368664,0.315707620528771,0.9984375,1,0.0483870967741935,0.0849358974358974,0.998425196850394,0.998392282958199,0.3024,0.998449612403101,0.998473282442748,0.308661417322835,0.998389694041868,0.998449612403101,0.686028257456829,0.537065052950076,1,0.00150829562594268,0.998407643312102,0.998456790123457,0.0966257668711656,0.315541601255887,1,0.31911532385466,1,0.965463108320251,1,0.83641975308642,0.998415213946117,0.318910256410256,0.998432601880878,1,0.998392282958199,0,0.308823529411765,0.998420221169036,0.998454404945904,0.667192429022082,0.998461538461539,0.3171875,0.360501567398119,0.318541996830428,1,1,0.998415213946117,0.0916030534351145,0.312599681020734,0.0875796178343949,1,0.301857585139319,0.305343511450382,0.354489164086687,0.00156985871271586,1,0.958268933539413,0.998454404945904,0.998461538461539,0.318910256410256,0.301659125188537,0.152866242038217,0.0390625,0.321711568938193,0.302839116719243,0.321100917431193,0.0016025641025641,0.31201248049922,0.998459167950693,0.0015600624024961,0.312788906009245,0.998459167950693,0.998412698412698,0.998425196850394,0.31924882629108,0.320872274143302,0.0349206349206349,0.998449612403101,0.309409888357257,0.300155520995334,0.998417721518987,0.998444790046656,0.3078125,0.700320512820513,0.998389694041868,1,0.699367088607595,0.998444790046656,0.303951367781155,0.998387096774194,0.309375,0.535493827160494,0.679447852760736,0.405238828967643,0.998452012383901,0.288786482334869,0.309262166405024,0.681047765793529,0.673312883435583,0.998439937597504,0.324534161490683,1,0.31859756097561,0.998427672955975,0.314375987361769,0.309033280507132,0.3546875,0.519500780031201,0.307936507936508,0.305511811023622,0.669266770670827,0.305936073059361,0.146341463414634,1,0.00153374233128834,1,0.29073482428115,0.998427672955975,0.00156739811912226,0.317535545023697,0.314785373608903,0.998422712933754,0.0532724505327245,0.998442367601246,0.0864,0.332273449920509,0.998420221169036,0.0631741140215717,0.67244094488189,0.998410174880763,1,1,0.305555555555556,0.0386398763523957,0.998454404945904,0.436018957345972,0.0980707395498392,0.350769230769231,0.315870570107858,0.318952234206472,0.998444790046656,1,0.998392282958199,1,1,0.0619335347432024,0.995419847328244,0.686244204018547,0.00599700149925037,0.314641744548287,0.998435054773083,0.998422712933754,0.998373983739837,0.998473282442748,0.084375,0.313846153846154,1,0.998427672955975,0.998381877022654,0.998432601880878,1,0.998415213946117,0.493846153846154,0.00316957210776545,0.998425196850394,0.0824261275272162,0.318181818181818,0.435054773082942,1,0.397476340694006,0.300324675324675,0.302839116719243,0.998447204968944,0.0388802488335925,0.318885448916409,0.998463901689708,1,0.368839427662957,0.30568356374808,0.311320754716981,0.3184,1,0.322784810126582,0.311450381679389,0.4109375,0.3125,0.975155279503106,0.309707241910632,0.0878594249201278,0.320251177394035,0,0.998432601880878,0.0883280757097792,0.297427652733119,0.31637519872814,0.315873015873016,0.998442367601246,0.9984375,0.998373983739837,0.998442367601246,0.998376623376623,0.998405103668262,0.329073482428115,1,0.32018927444795,0.316949152542373,0.605873261205564,0.6736,1,0.998432601880878,0.00154083204930663,0.314900153609831,0.119309262166405,1,0.0347003154574132,0.998422712933754,0.998384491114701,0.317891373801917,0.998420221169036,0.998366013071895,0.616242038216561,0.410828025477707,0.993993993993994,0.0825396825396825,0.0956239870340357,0.998415213946117,1,0.998432601880878,0.0897637795275591,0,0.309230769230769,0.432646592709984,0.305810397553517,0.00153374233128834,0.31637519872814,0.092948717948718,0.998425196850394,0.998407643312102,0.322530864197531,0.316692667706708,0.243034055727554,0.332802547770701,0.310452418096724,0.316535433070866,0.998427672955975,1,0.324281150159744,0.998502994011976,0.0015527950310559,0.998427672955975,0.214511041009464,0.998412698412698,0.677621283255086,0.998449612403101,0.308777429467085,0.302250803858521,0.0752688172043011,0.683881064162754,0.998430141287284,0.998459167950693,0.795918367346939,0.900958466453674,0.31378763866878,0.304975922953451,0.998442367601246,0.309148264984227,0.247634069400631,0.323854660347551,0.998475609756098,0.0995405819295559,0.998417721518987,0.998412698412698,0.312111801242236,0.685805422647528,0.307073954983923,1,0.998415213946117,0.30568356374808,0.297637795275591,0.3125,0.864864864864865,0.305246422893482,0.998425196850394,0.0493827160493827,0.998459167950693,0.998389694041868,0.697996918335901,0.644904458598726,0.313821138211382,0.0534591194968553,0.318818040435459,0.998425196850394,1,0.299050632911392,0.327073552425665,0.629107981220657,0.998447204968944,0.308641975308642,0.367534456355283,0.309968847352025,0.984544049459042,0.473684210526316,0.00611620795107034,0.298273155416013,0.322530864197531,0.320063694267516,0.309409888357257,0.312024353120244,0.969278033794163,0.998454404945904,0.310452418096724,0.547657512116317,0.691082802547771,0.230283911671924,0.695374800637959,1,0.316118935837246,0.00316957210776545,0.323390894819466,0.313385826771654,0.35377358490566,0.306603773584906,0.0015625,0.332293291731669,0.317152103559871,0.318471337579618,0.310077519379845
"548",0.957074721780604,0.966613672496025,0.973186119873817,0.966453674121406,0.969453376205788,0.963549920760697,0.67515923566879,0.966237942122186,0.966824644549763,0.07,0.968895800933126,0.0110410094637224,0.840836012861736,0.96474358974359,0.339256865912762,0.334375,0.0299684542586751,0.661129568106312,0.9632,0.963141025641026,0.318979266347687,0.346153846153846,0.964341085271318,0.122861586314152,0.9625,0.348982785602504,0.343089430894309,0.96260162601626,0.963246554364472,0.818910256410256,0.331738437001595,0.75625,0.9796875,0.348367029548989,0.028892455858748,0.962295081967213,0.515248796147673,0.96417445482866,0.322678843226788,0.960998439937597,0.634645669291339,0.6513470681458,0.660493827160494,0.968304278922345,0.962903225806452,0.353225806451613,0.3456,0.33125,0.34789391575663,0.35126582278481,0.031496062992126,0.965189873417722,0.340590979782271,0.964006259780908,0.963665086887836,0.540412044374009,0.543548387096774,0.962264150943396,0.961240310077519,0.961414790996785,0.356230031948882,0.347133757961783,0.345718901453958,0.636942675159236,0.962479608482871,0.963492063492064,0.0063391442155309,0.965023847376789,0.0246153846153846,0.353125,0.972136222910217,0.345104333868379,0.367909238249595,0.92671009771987,0.483516483516484,0.964669738863287,0.335403726708075,0.368916797488226,0.962323390894819,0.339344262295082,0.0604575163398693,0.36,0.347619047619048,0.966824644549763,0.363067292644757,0.966153846153846,0.966772151898734,0.96031746031746,0.966824644549763,0.659810126582278,0.962025316455696,0.969558599695586,0.0268987341772152,0.0634674922600619,0.966019417475728,0.010752688172043,0.032967032967033,0.966824644549763,0.536824877250409,0.652866242038217,0.966876971608833,0.0272435897435897,0.334389857369255,0.961165048543689,0.337539432176656,0.963836477987421,0.66031746031746,0.966981132075472,0.34488188976378,0.340189873417722,0.353677621283255,0.961965134706815,0.352664576802508,0.96513470681458,0.468944099378882,0.963636363636364,0.35031847133758,0.259842519685039,0.349693251533742,0.343042071197411,0.462639109697933,0.962323390894819,0.34715821812596,0.350649350649351,0.96551724137931,0.3390625,0.966360856269113,0.96,0.298412698412698,0.510736196319018,0.965964343598055,0.341269841269841,0.964458804523425,0.0108359133126935,0.969155844155844,0.347003154574132,0.647798742138365,0.35828025477707,0.971563981042654,0.395799676898223,0.0635930047694754,0.0614173228346457,0.960876369327074,0.966237942122186,0.35828025477707,0.971107544141252,0.344036697247706,0.965244865718799,0.835913312693498,0.959501557632399,0.34094616639478,0.963607594936709,0.963375796178344,0.969255663430421,0.969745222929936,0.357710651828299,0.955414012738854,0.349840255591054,0.223101265822785,0.960505529225908,0.34012539184953,0.967492260061919,0.324921135646688,0.0470016207455429,0.9712,0.344444444444444,0.960876369327074,0.9629057187017,0.959311424100156,0.363636363636364,0.965408805031447,0.357371794871795,0.966772151898734,0.339563862928349,0.962479608482871,0.35126582278481,0.0424528301886792,0.967084639498433,0.615131578947368,0.967479674796748,0.965189873417722,0.338187702265372,0.969745222929936,0.96984126984127,0.966876971608833,0.966666666666667,0.357927786499215,0.338461538461538,0.965573770491803,0.969155844155844,0.350850077279753,0.339774557165862,0.967238689547582,0.429477020602219,0.634703196347032,0.0363349131121643,0.341158059467919,0.639370078740157,0.968701095461659,0.33953488372093,0.964573268921095,0.964831804281346,0.96656050955414,0.344287949921753,0.343701399688958,0.353225806451613,0.961300309597523,0.966074313408724,0.968701095461659,0.0324675324675325,0.966237942122186,0.334935897435897,0.993670886075949,0.34185303514377,0.346031746031746,0.7085346215781,0.971153846153846,0.960629921259842,0.96998420221169,0.965463108320251,0.96656050955414,0.00782472613458529,0.349529780564263,0.352380952380952,0.964285714285714,0.648522550544324,0.963076923076923,0.96,0.961661341853035,0.96513470681458,0.963607594936709,0.961656441717791,0.0411392405063291,0.280564263322884,0.9671875,0.345161290322581,0.967479674796748,0.328025477707006,0.966876971608833,0.9648,0.971246006389776,0.963022508038585,0.965630114566285,0.3486529318542,0.964006259780908,0.54066985645933,0.36031746031746,0.355242566510172,0.341935483870968,0.3504,0.347068145800317,0.380645161290323,0.361022364217252,0.342271293375394,0.342146189735614,0.96583850931677,0.345718901453958,0.967213114754098,0.66046511627907,0.348101265822785,0.274844720496894,0.359098228663446,0.964630225080386,0.972886762360447,0.963779527559055,0.22626582278481,0.335453100158982,0.96551724137931,0.351437699680511,0.357698289269051,0.340694006309148,0.355242566510172,0.654281098546042,0.965299684542587,0.350467289719626,0.346581875993641,0.960191082802548,0.326332794830372,0.962085308056872,0.342592592592593,0.345541401273885,0.962962962962963,0.964343598055105,0.963607594936709,0.511923688394277,0.966346153846154,0.65149136577708,0.0527131782945736,0.345541401273885,0.966981132075472,0.9664,0.0627943485086342,0.352574102964119,0.3536,0.975490196078431,0.964912280701754,0.339652448657188,0.0173228346456693,0.0369181380417336,0.962903225806452,0.964285714285714,0.361067503924647,0.963836477987421,0.964831804281346,0.339009287925697,0.966719492868463,0.9625,0.339089481946625,0.968051118210863,0.966876971608833,0.960380348652932,0.965354330708661,0.355345911949686,0.337962962962963,0.347540983606557,0.962323390894819,0.958860759493671,0.642301710730949,0.351046698872786,0.964912280701754,0.347758887171561,0.332268370607029,0.967032967032967,0.968895800933126,0.967441860465116,0.96513470681458,0.963665086887836,0.35725677830941,0.961904761904762,0.958860759493671,0.0725806451612903,0.362790697674419,0.454838709677419,0.332258064516129,0.643879173290938,0.351822503961965,0.966153846153846,0.339171974522293,0.359424920127796,0.221698113207547,0.335423197492163,0.969354838709677,0.354391371340524,0.961661341853035,0.965189873417722,0.965408805031447,0.340764331210191,0.344984802431611,0.973520249221184,0.961038961038961,0.0275526742301459,0.964169381107492,0.34009360374415,0.354838709677419,0.341772151898734,0.971383147853736,0.356481481481481,0.444444444444444,0.358609794628752,0.331746031746032,0.349358974358974,0.33015873015873,0.967441860465116,0.354632587859425,0.968698517298188,0.964343598055105,0.0298273155416013,0.960443037974684,0.342948717948718,0.965625,0.964560862865948,0.967897271268058,0.350710900473934,0.968992248062015,0.344605475040258,0.962674961119751,0.853736089030207,0.961965134706815,0.959546925566343,0.962382445141066,0.339593114241002,0.971107544141252,0.967793880837359,0.341121495327103,0.344391785150079,0.968652037617555,0.965408805031447,0.343898573692552,0.165378670788253,0.960720130932897,0.968051118210863,0.960629921259842,0.0352564102564103,0.337620578778135,0.968954248366013,0.340189873417722,0.213826366559486,0.967845659163987,0.658950617283951,0.466141732283465,0.964458804523425,0.965408805031447,0.649468892261001,0.672897196261682,0.382445141065831,0.969936708860759,0.349761526232114,0.963258785942492,0.965630114566285,0.360446570972887,0.965189873417722,0.967741935483871,0.0274193548387097,0.358730158730159,0.963779527559055,0.966666666666667,0.346031746031746,0.964396284829721,0.965909090909091,0.3376,0.312796208530806,0.966666666666667,0.9640625,0.9664,0.553125,0.34472049689441,0.343402225755167,0.347222222222222,0.357366771159875,0.65378421900161,0.359253499222395,0.36150234741784,0.342723004694836,0.211783439490446,0.357371794871795,0.9629057187017,0.354134165366615,0.965732087227414,0.335413416536661,0.0491551459293395,0.0139968895800933,0.962674961119751,0.964615384615385,0.00940438871473354,0.966292134831461,0.662538699690402,0.00625978090766823,0.0324675324675325,0.964451313755796,0.64968152866242,0.965354330708661,0.963607594936709,0.505546751188589,0.968895800933126,0.0344287949921753,0.0439024390243902,0.966613672496025,0.961119751166407,0.964230171073095,0.346092503987241,0.619548872180451,0.667768595041322,0.948517940717629,0.96513470681458,0.982594936708861,0.325545171339564,0.305379746835443,0.960127591706539,0.328638497652582,0.967289719626168,0.394321766561514,0.0690208667736758,0.332810047095761,0.343122102009274,0.359060402684564,0.965732087227414,0.0455974842767296,0.956989247311828,0.963993453355156,0.962558502340094,0.226708074534162,0.351822503961965,0.958990536277603,0.345659163987138,0.967532467532468,0.963696369636964,0.338028169014085,0.966772151898734,0.345399698340875,0.964516129032258,0.330658105939005,0.349025974025974,0.966772151898734,0.651685393258427,0.348024316109422,0.966772151898734,0.339256865912762,0.785488958990536,0.350078492935636,0.126959247648903,0.344086021505376,0.805071315372425,0.338187702265372,0.95928338762215,0.352380952380952,0.36,0.319182389937107,0.962085308056872,0.9648,0.967289719626168,0.995121951219512,0.312292358803987,0.967032967032967,0.353130016051364,0.966666666666667,0.343137254901961,0.345038167938931,0.960815047021944,0.968954248366013,0.965625,0.960380348652932,0.969183359013868,0.333853354134165,0.343898573692552,0.969648562300319,0.96969696969697,0.0193236714975845,0.0536585365853659,0.965408805031447,0.961227786752827,0.341894060995185,0.961904761904762,0.963133640552995,0.332807570977918,0.962295081967213,0.963779527559055,0.650546021840874,0.510670731707317,0.97092084006462,0.0333839150227618,0.966346153846154,0.961300309597523,0.0635658914728682,0.351735015772871,0.964630225080386,0.3546875,0.965463108320251,1,0.963258785942492,0.8515625,0.96513470681458,0.35,0.965463108320251,0.969793322734499,0.971107544141252,0.0352760736196319,0.334967320261438,0.969745222929936,0.959627329192547,0.646496815286624,0.962264150943396,0.347551342812006,0.391575663026521,0.345911949685535,0.970125786163522,0.967340590979782,0.963022508038585,0.0579029733959311,0.3424,0.0516129032258065,0.97092084006462,0.333333333333333,0.338509316770186,0.391509433962264,0.0349206349206349,0.967845659163987,0.992088607594937,0.961300309597523,0.962558502340094,0.346092503987241,0.326594090202177,0.131955484896661,0.0063391442155309,0.347687400318979,0.34493670886076,0.358934169278997,0.0256821829855538,0.33968253968254,0.969135802469136,0.0347003154574132,0.335925349922239,0.9625,0.958266452648475,0.963492063492064,0.349378881987578,0.344287949921753,0.00647249190938511,0.970125786163522,0.346645367412141,0.336434108527132,0.965732087227414,0.957210776545166,0.352848101265823,0.67430441898527,0.966613672496025,0.964573268921095,0.67258064516129,0.965354330708661,0.335375191424196,0.964401294498382,0.344444444444444,0.50462962962963,0.640986132511556,0.366564417177914,0.968152866242038,0.325581395348837,0.342857142857143,0.6453125,0.639876352395672,0.967032967032967,0.352848101265823,0.962479608482871,0.342024539877301,0.968404423380727,0.344339622641509,0.347619047619048,0.382075471698113,0.491392801251956,0.345779220779221,0.3424,0.636792452830189,0.350237717908082,0.112769485903814,0.974193548387097,0.0326594090202177,0.963893249607535,0.324675324675325,0.962025316455696,0.0303030303030303,0.353035143769968,0.34775641025641,0.962540716612378,0.0200927357032458,0.960629921259842,0.0572337042925278,0.364951768488746,0.96656050955414,0.0280811232449298,0.642072213500785,0.964968152866242,0.965571205007825,0.964341085271318,0.333333333333333,0.0093167701863354,0.9629057187017,0.455573505654281,0.0647249190938511,0.390965732087227,0.350710900473934,0.355242566510172,0.965571205007825,0.978998384491115,0.963141025641026,0.968847352024922,0.965408805031447,0.0294117647058824,0.9578125,0.652307692307692,0.033587786259542,0.338557993730408,0.965354330708661,0.966876971608833,0.969155844155844,0.969135802469136,0.0509554140127389,0.345425867507886,0.97339593114241,0.966453674121406,0.967213114754098,0.967032967032967,0.963893249607535,0.963549920760697,0.457055214723926,0.0191387559808612,0.970266040688576,0.047244094488189,0.346092503987241,0.412974683544304,0.960815047021944,0.4170692431562,0.339869281045752,0.332288401253919,0.963722397476341,0.0110759493670886,0.351351351351351,0.967136150234742,0.963375796178344,0.389694041867955,0.349056603773585,0.33596214511041,0.345161290322581,0.9671875,0.3568,0.344391785150079,0.38375796178344,0.3392,0.996840442338073,0.34472049689441,0.0484652665589661,0.356466876971609,0.0314465408805031,0.965354330708661,0.0525477707006369,0.329617834394904,0.354166666666667,0.346581875993641,0.971830985915493,0.965023847376789,0.963756177924217,0.962085308056872,0.968051118210863,0.964968152866242,0.37156704361874,0.966049382716049,0.3456,0.342857142857143,0.563779527559055,0.655502392344498,0.967592592592593,0.962382445141066,0.0285261489698891,0.348228043143297,0.0864779874213836,0.972136222910217,0.00941915227629513,0.969889064976228,0.969354838709677,0.342443729903537,0.962025316455696,0.966777408637874,0.58974358974359,0.384868421052632,0.959214501510574,0.0494417862838915,0.0608974358974359,0.967289719626168,0.96656050955414,0.968503937007874,0.0528846153846154,0.031055900621118,0.344827586206897,0.446570972886762,0.338533541341654,0.0360501567398119,0.354838709677419,0.0469255663430421,0.963949843260188,0.962962962962963,0.333333333333333,0.346518987341772,0.211290322580645,0.363492063492063,0.342271293375394,0.354330708661417,0.966183574879227,0.968992248062015,0.3536,0.960725075528701,0.0323076923076923,0.973015873015873,0.192675159235669,0.957074721780604,0.652647975077882,0.959814528593508,0.346153846153846,0.334410339256866,0.0393700787401575,0.646058732612056,0.965678627145086,0.966772151898734,0.755134281200632,0.855973813420622,0.349840255591054,0.3408,0.965354330708661,0.343499197431782,0.225961538461538,0.354575163398693,0.96030534351145,0.0668740279937792,0.965023847376789,0.969354838709677,0.343402225755167,0.6464,0.3359375,0.967373572593801,0.967793880837359,0.347417840375587,0.329173166926677,0.345146379044684,0.823909531502423,0.35,0.961722488038278,0.0235109717868339,0.960063897763578,0.969055374592834,0.661971830985915,0.626391096979332,0.354200988467875,0.0249609984399376,0.357142857142857,0.971518987341772,0.97029702970297,0.329581993569132,0.360629921259843,0.60062893081761,0.9712,0.332302936630603,0.331297709923664,0.341692789968652,0.948757763975155,0.454253611556982,0.0332278481012658,0.334375,0.355283307810107,0.3472,0.345104333868379,0.342635658914729,0.938775510204082,0.960505529225908,0.342723004694836,0.524350649350649,0.659305993690852,0.20846394984326,0.653973509933775,0.973015873015873,0.354066985645933,0.0346456692913386,0.359055118110236,0.336463223787167,0.328638497652582,0.35048231511254,0.0251177394034537,0.362204724409449,0.345161290322581,0.343260188087774,0.344339622641509
"549",0.998397435897436,0.998417721518987,1,1,0.998430141287284,1,0.7072,1,0.998439937597504,0.100961538461538,1,0.0485133020344288,0.796502384737679,0.998417721518987,0.309409888357257,0.29874213836478,0.0659340659340659,0.695934959349593,0.998417721518987,0.998412698412698,0.285266457680251,0.315286624203822,0.998454404945904,0.166926677067083,0.998468606431853,0.321316614420063,0.321027287319422,0.998357963875205,0.998470948012232,0.775834658187599,0.305900621118012,0.724137931034483,0.967238689547582,0.310725552050473,0,1,0.56043956043956,1,0.301075268817204,0.998466257668712,0.667197452229299,0.687010954616588,0.694915254237288,0.998430141287284,0.998397435897436,0.318255250403877,0.306376360808709,0.313364055299539,0.322932917316693,0.329192546583851,0.00155763239875389,0.998381877022654,0.310975609756098,1,0.998447204968944,0.488188976377953,0.57741935483871,0.998432601880878,0.998432601880878,1,0.325,0.31637519872814,0.310126582278481,0.690251572327044,0.998381877022654,0.998420221169036,0.0379746835443038,0.998417721518987,0.0644677661169415,0.309230769230769,0.998461538461539,0.31637519872814,0.315447154471545,0.963081861958267,0.531684698608965,0.998477929984779,0.301242236024845,0.331297709923664,0.998459167950693,0.3168,0.0957792207792208,0.31875,0.324409448818898,0.998447204968944,0.33125,0.998447204968944,0.998425196850394,0.998422712933754,0.998427672955975,0.694488188976378,0.998420221169036,0.998480243161094,0.0015625,0.112480739599384,0.998407643312102,0.0492307692307692,0,0.998430141287284,0.576489533011272,0.6784,0.998430141287284,0.0569620253164557,0.306122448979592,0.998389694041868,0.307448494453249,0.998422712933754,0.688172043010753,0.9984375,0.3125,0.318110236220472,0.314814814814815,0.998435054773083,0.314728682170543,0.998425196850394,0.50231124807396,0.998489425981873,0.309968847352025,0.309707241910632,0.32312404287902,0.314465408805031,0.490683229813665,1,0.311178247734139,0.308426073131955,0.998449612403101,0.303599374021909,0.998489425981873,0.998484848484849,0.346394984326019,0.55177743431221,0.998417721518987,0.316118935837246,0.998392282958199,0.045662100456621,0.998392282958199,0.309119010819165,0.678516228748068,0.323899371069182,0.925632911392405,0.437704918032787,0.111459968602826,0.109204368174727,0.998422712933754,0.998410174880763,0.328616352201258,0.998417721518987,0.321100917431193,0.998447204968944,0.797872340425532,0.998454404945904,0.321486268174475,0.998427672955975,0.998422712933754,0.998407643312102,0.998422712933754,0.323248407643312,0.998442367601246,0.319554848966614,0.2642089093702,0.998452012383901,0.313935681470138,0.998461538461539,0.292452830188679,0.0959119496855346,0.998417721518987,0.308056872037915,0.998420221169036,0.998466257668712,0.998425196850394,0.332283464566929,0.998412698412698,0.329052969502408,0.998394863563403,0.303459119496855,1,0.316455696202532,0.0815047021943574,1,0.647342995169082,0.998412698412698,0.998417721518987,0.31629392971246,1,0.998442367601246,0.998422712933754,0.998456790123457,0.322378716744914,0.30568356374808,0.998397435897436,1,0.308049535603715,0.304838709677419,1,0.460218408736349,0.671732522796353,0.00158478605388273,0.319182389937107,0.677067082683307,1,0.320610687022901,0.998389694041868,1,1,0.31201248049922,0.311728395061728,0.320574162679426,0.998489425981873,1,1,0.00159235668789809,0.998410174880763,0.310509554140127,0.970769230769231,0.322784810126582,0.300157977883096,0.756172839506173,0.998394863563403,0.998459167950693,1,0.998439937597504,0.998430141287284,0.0458135860979463,0.304347826086957,0.323076923076923,0.998449612403101,0.688271604938272,1,0.998489425981873,0.996884735202492,1,0.998422712933754,0.998470948012232,0.00612557427258806,0.332293291731669,0.998442367601246,0.308917197452229,1,0.299684542586751,0.998452012383901,0.998397435897436,0.998410174880763,0.998425196850394,0.998389694041868,0.319182389937107,1,0.504777070063694,0.325949367088608,0.32398753894081,0.317683881064163,0.31911532385466,0.323296354992076,0.422712933753943,0.324031007751938,0.311145510835913,0.302795031055901,1,0.317111459968603,1,0.689497716894977,0.306729264475743,0.326656394453005,0.3264,1,0.998417721518987,1,0.2704,0.308777429467085,0.998449612403101,0.312599681020734,0.323664122137405,0.302547770700637,0.317262830482115,0.691222570532915,0.998412698412698,0.32,0.311111111111111,0.998415213946117,0.298722044728434,0.998452012383901,0.305772230889236,0.312698412698413,0.998387096774194,0.998381877022654,0.998439937597504,0.541864139020537,0.998417721518987,0.701421800947867,0.0916030534351145,0.314152410575428,0.998454404945904,0.998422712933754,0.100154083204931,0.315301391035549,0.321027287319422,1,0.998420221169036,0.295774647887324,0.0267295597484277,0.00484652665589661,0.998384491114701,0.998387096774194,0.332317073170732,0.996860282574568,0.998461538461539,0.298299845440495,1,0.998444790046656,0.315625,0.998397435897436,0.998439937597504,0.998442367601246,0.998417721518987,0.322222222222222,0.310030395136778,0.326923076923077,0.998407643312102,0.998425196850394,0.674491392801252,0.318252730109204,0.998397435897436,0.313455657492355,0.2944,1,0.998447204968944,1,0.998430141287284,0.998430141287284,0.322327044025157,0.998410174880763,0.998435054773083,0.116129032258065,0.331259720062208,0.503154574132492,0.304552590266876,0.674679487179487,0.317757009345794,0.998463901689708,0.307936507936508,0.330708661417323,0.274143302180685,0.316279069767442,1,0.320726172465961,0.998427672955975,0.998417721518987,1,0.315047021943574,0.3171875,1,0.920325203252032,0.067524115755627,0.998394863563403,0.310185185185185,0.314785373608903,0.307936507936508,0.998381877022654,0.325,0.482649842271293,0.317610062893082,0.305772230889236,0.314516129032258,0.300314465408805,0.998459167950693,0.321027287319422,0.998357963875205,0.998444790046656,0.00159235668789809,0.998412698412698,0.315873015873016,0.998430141287284,1,0.998389694041868,0.323343848580442,0.998461538461539,0.305732484076433,0.998468606431853,0.827856025039124,0.998410174880763,0.998425196850394,0.998459167950693,0.309486780715397,1,0.998402555910543,0.311004784688995,0.312210200927357,1,0.998444790046656,0.314728682170543,0.207165109034268,0.998392282958199,1,0.998454404945904,0.00158227848101266,0.303079416531605,0.998394863563403,0.302325581395349,0.260663507109005,1,0.68075117370892,0.424615384615385,1,0.998454404945904,0.681749622926094,0.709119496855346,0.344391785150079,0.998430141287284,0.3171875,0.998427672955975,1,0.323343848580442,0.998444790046656,1,0.00782472613458529,0.317965023847377,0.998422712933754,0.998422712933754,0.319422150882825,0.998439937597504,0.998410174880763,0.310618066561014,0.342635658914729,1,1,1,0.529503105590062,0.311424100156495,0.344,0.316923076923077,0.32753164556962,0.690140845070423,0.32348367029549,0.322378716744914,0.311912225705329,0.256211180124224,0.313099041533546,0.998449612403101,0.32312404287902,1,0.316118935837246,0.0848484848484849,0.0525502318392581,0.998466257668712,1,0.0404354587869362,1,0.698142414860681,0.0453834115805947,0.0128410914927769,0.998459167950693,0.684292379471229,0.998412698412698,0.998425196850394,0.553090332805071,0.998420221169036,0.0015625,0.0773026315789474,1,0.998442367601246,1,0.318471337579618,0.657616892911011,0.693548387096774,0.993846153846154,0.998430141287284,0.982919254658385,0.30625,0.344391785150079,0.998430141287284,0.297297297297297,0.998435054773083,0.360062893081761,0.107371794871795,0.302936630602782,0.317484662576687,0.326086956521739,1,0.0835913312693498,0.998470948012232,0.998355263157895,1,0.273291925465839,0.324324324324324,0.998415213946117,0.32018927444795,0.998376623376623,0.9984,0.305555555555556,0.998412698412698,0.310502283105023,1,0.311216429699842,0.314785373608903,0.998449612403101,0.684542586750789,0.318461538461538,1,0.311811023622047,0.761075949367089,0.3125,0.169517884914463,0.316109422492401,0.763866877971474,0.302737520128824,0.998394863563403,0.316692667706708,0.330721003134796,0.285491419656786,0.998439937597504,1,0.998470948012232,0.969055374592834,0.344605475040258,0.998452012383901,0.317965023847377,0.998410174880763,0.315447154471545,0.314503816793893,0.998427672955975,0.998384491114701,1,0.915227629513344,0.998454404945904,0.305900621118012,0.317411402157165,0.998442367601246,1,0.0485436893203883,0.0832,0.998415213946117,0.998412698412698,0.304761904761905,0.998449612403101,0.998482549317147,0.311320754716981,0.998394863563403,0.998439937597504,0.685624012638231,0.541795665634675,1,0.00149925037481259,0.998430141287284,0.998425196850394,0.104134762633997,0.315625,1,0.321656050955414,1,0.963258785942492,1,0.811819595645412,0.998412698412698,0.325657894736842,0.998435054773083,1,0.998389694041868,0,0.306688417618271,0.9984,0.998447204968944,0.6734375,0.998449612403101,0.31378763866878,0.356037151702786,0.317610062893082,1,1,0.9984,0.0964777947932619,0.319488817891374,0.0923566878980892,1,0.304821150855365,0.309090909090909,0.356918238993711,0.00157232704402516,1,0.954968944099379,0.998447204968944,0.998470948012232,0.315955766192733,0.303076923076923,0.168503937007874,0.043956043956044,0.314873417721519,0.298273155416013,0.324074074074074,0.00158730158730159,0.312210200927357,0.998473282442748,0.0015748031496063,0.310185185185185,0.998425196850394,0.998415213946117,0.998439937597504,0.313755795981453,0.321928460342146,0.0372168284789644,0.998449612403101,0.313195548489666,0.2984375,0.9984375,0.998447204968944,0.314553990610329,0.694805194805195,0.998412698412698,1,0.694136291600634,0.998447204968944,0.302611367127496,0.998397435897436,0.312401883830455,0.539050535987749,0.671850699844479,0.4,0.998439937597504,0.303215926493109,0.314641744548287,0.68266253869969,0.670278637770898,0.998435054773083,0.319938176197836,1,0.32258064516129,0.998392282958199,0.319875776397516,0.309904153354633,0.3390625,0.523364485981308,0.316211878009631,0.305863708399366,0.661367249602544,0.312111801242236,0.159869494290375,1,0.00154320987654321,1,0.292259083728278,0.998425196850394,0.00157728706624606,0.319182389937107,0.3184,0.998420221169036,0.0587349397590361,0.998444790046656,0.0935023771790808,0.330670926517572,0.998410174880763,0.0675039246467818,0.677725118483412,0.998425196850394,1,1,0.308072487644152,0.0410334346504559,0.998461538461539,0.432907348242812,0.10031847133758,0.350850077279753,0.31201248049922,0.321592649310873,0.998430141287284,1,0.998415213946117,1,1,0.0659509202453988,0.993817619783617,0.687402799377916,0.00600600600600601,0.318037974683544,0.9984375,0.998422712933754,0.998412698412698,0.998463901689708,0.0920436817472699,0.315870570107858,1,0.998435054773083,0.998389694041868,0.998432601880878,1,0.998417721518987,0.493846153846154,0.00318979266347687,0.998415213946117,0.0892307692307692,0.315217391304348,0.453271028037383,1,0.395833333333333,0.304276315789474,0.311248073959938,0.9984375,0.0440944881889764,0.314553990610329,0.998439937597504,1,0.371473354231975,0.308641975308642,0.311424100156495,0.318840579710145,1,0.325242718446602,0.3125,0.421052631578947,0.310725552050473,0.973520249221184,0.31784107946027,0.0894568690095847,0.314465408805031,0,0.998412698412698,0.0907668231611894,0.2992,0.315873015873016,0.317460317460317,0.998454404945904,0.998420221169036,0.998392282958199,0.998435054773083,0.998363338788871,0.998417721518987,0.3264,1,0.308661417322835,0.314332247557003,0.610169491525424,0.688679245283019,1,0.998449612403101,0.00155038759689922,0.310077519379845,0.123222748815166,1,0.0361067503924647,0.998392282958199,0.998387096774194,0.312796208530806,0.998405103668262,0.998357963875205,0.6352,0.420289855072464,0.99400299850075,0.0881410256410256,0.107717041800643,0.998430141287284,1,0.998459167950693,0.0907668231611894,0,0.313755795981453,0.431746031746032,0.311145510835913,0.00156985871271586,0.324237560192616,0.0937996820349762,0.998420221169036,0.998412698412698,0.316846986089645,0.322530864197531,0.2544,0.329652996845426,0.314152410575428,0.313271604938272,0.9984,1,0.3198127925117,0.998500749625187,0.0015600624024961,0.998402555910543,0.233542319749216,0.998405103668262,0.681318681318681,0.998447204968944,0.302507836990596,0.308544303797468,0.08125,0.681747269890796,0.998432601880878,0.998430141287284,0.788888888888889,0.905996758508914,0.318037974683544,0.310897435897436,0.998449612403101,0.311320754716981,0.2703125,0.317817014446228,0.998484848484849,0.107476635514019,0.998432601880878,0.998422712933754,0.31911532385466,0.686786296900489,0.304416403785489,1,0.998422712933754,0.303076923076923,0.305164319248826,0.315625,0.861685214626391,0.312202852614897,0.998447204968944,0.0590062111801242,0.998427672955975,0.998384491114701,0.70077519379845,0.651234567901235,0.315447154471545,0.0569620253164557,0.320063694267516,0.998452012383901,1,0.300940438871473,0.324534161490683,0.639751552795031,0.998427672955975,0.302611367127496,0.379471228615863,0.305084745762712,0.982758620689655,0.487301587301587,0.00467289719626168,0.304075235109718,0.322678843226788,0.328593996840442,0.311111111111111,0.314589665653495,0.969325153374233,0.998410174880763,0.311811023622047,0.55663430420712,0.694888178913738,0.25508607198748,0.690938511326861,1,0.32018927444795,0.00478468899521531,0.317610062893082,0.310077519379845,0.366197183098592,0.320634920634921,0.00153139356814701,0.327586206896552,0.315705128205128,0.315286624203822,0.310832025117739
"550",0.822784810126582,0.820826952526799,0.816358024691358,0.831761006289308,0.834094368340944,0.814352574102964,0.554502369668246,0.820031298904538,0.815503875968992,0.0692913385826772,0.815384615384615,0.13302034428795,0.984779299847793,0.832288401253918,0.4703125,0.469860896445131,0.104938271604938,0.524350649350649,0.816614420062696,0.823255813953488,0.454263565891473,0.476340694006309,0.814701378254211,0.0445468509984639,0.806697108066971,0.489296636085627,0.471246006389776,0.813204508856683,0.816541353383459,0.911627906976744,0.456086286594761,0.896923076923077,0.858024691358025,0.473520249221184,0.170846394984326,0.817292006525285,0.369230769230769,0.823529411764706,0.464872944693572,0.822900763358779,0.497674418604651,0.526234567901235,0.523520485584218,0.827856025039124,0.822503961965135,0.481717011128776,0.471786833855799,0.478851963746224,0.479820627802691,0.477726574500768,0.166409861325116,0.828298887122417,0.475037821482602,0.819295558958652,0.818740399385561,0.6578125,0.394080996884735,0.825273010920437,0.808936825885978,0.820919175911252,0.483180428134557,0.473684210526316,0.462992125984252,0.509316770186335,0.813291139240506,0.813169984686064,0.129485179407176,0.824175824175824,0.100903614457831,0.4884437596302,0.816232771822358,0.478328173374613,0.475279106858054,0.783699059561129,0.341013824884793,0.818862275449102,0.461305007587253,0.490196078431373,0.828703703703704,0.483974358974359,0.0769230769230769,0.481191222570533,0.493001555209953,0.830045523520486,0.496217851739788,0.82051282051282,0.81377151799687,0.825077399380805,0.829953198127925,0.535660091047041,0.827371695178849,0.828571428571429,0.176651305683564,0.0757341576506955,0.8328125,0.126888217522659,0.171296296296296,0.825227963525836,0.396551724137931,0.522292993630573,0.823529411764706,0.114779874213836,0.456521739130435,0.813099041533546,0.474339035769829,0.814701378254211,0.515432098765432,0.818604651162791,0.470404984423676,0.482334869431644,0.480916030534351,0.808282208588957,0.485133020344288,0.819444444444444,0.318529862174579,0.817220543806647,0.483076923076923,0.121351766513057,0.496194824961948,0.47360248447205,0.308868501529052,0.831029185867896,0.477134146341463,0.47427652733119,0.836193447737909,0.463525835866261,0.819940476190476,0.82406015037594,0.152671755725191,0.40422322775264,0.82120253164557,0.469578783151326,0.822884012539185,0.129323308270677,0.836990595611285,0.474164133738602,0.511485451761103,0.478806907378336,0.885802469135803,0.370662460567823,0.0782472613458529,0.0796875,0.812883435582822,0.823622047244094,0.482334869431644,0.817901234567901,0.480243161094225,0.815503875968992,0.981762917933131,0.815315315315315,0.474097331240188,0.825545171339564,0.826625386996904,0.822884012539185,0.823712948517941,0.494505494505495,0.814241486068111,0.48125,0.0917431192660551,0.822085889570552,0.464339908952959,0.817091454272864,0.466872110939908,0.0984375,0.821875,0.473186119873817,0.799694189602447,0.819148936170213,0.822706065318818,0.489230769230769,0.818466353677621,0.486529318541997,0.834905660377358,0.487577639751553,0.831460674157303,0.488299531981279,0.0944272445820433,0.824806201550388,0.470113085621971,0.831210191082803,0.815503875968992,0.45511811023622,0.829721362229102,0.81733746130031,0.8125,0.812982998454405,0.473035439137134,0.475609756097561,0.818181818181818,0.8359375,0.48531684698609,0.458990536277603,0.829457364341085,0.287692307692308,0.515555555555556,0.182945736434109,0.476043276661515,0.517940717628705,0.828483920367534,0.475968992248062,0.813586097946288,0.825563909774436,0.831530139103555,0.472222222222222,0.466767371601208,0.484992101105845,0.819571865443425,0.818471337579618,0.834101382488479,0.165615141955836,0.818040435458787,0.461180124223602,0.858267716535433,0.475513428120063,0.474339035769829,0.569640062597809,0.824644549763033,0.817204301075269,0.827743902439024,0.81733746130031,0.832049306625578,0.12788906009245,0.480438184663537,0.48,0.815950920245399,0.517665130568356,0.824427480916031,0.815592203898051,0.816770186335404,0.829787234042553,0.813271604938272,0.829596412556054,0.172307692307692,0.147465437788018,0.808936825885978,0.467614533965245,0.82398753894081,0.467592592592593,0.833078101071976,0.822981366459627,0.827586206896552,0.825,0.827476038338658,0.489984591679507,0.817629179331307,0.675968992248062,0.485981308411215,0.482334869431644,0.477519379844961,0.471317829457364,0.486821705426357,0.387658227848101,0.493001555209953,0.480798771121352,0.486024844720497,0.808734939759036,0.486068111455108,0.8336,0.528443113772455,0.476117103235747,0.128593040847201,0.471786833855799,0.811912225705329,0.828393135725429,0.823255813953488,0.0847723704866562,0.456923076923077,0.829268292682927,0.482594936708861,0.478063540090772,0.474258970358814,0.471212121212121,0.519561815336463,0.823529411764706,0.475609756097561,0.485981308411215,0.810047095761381,0.463375796178344,0.822530864197531,0.477203647416413,0.454263565891473,0.825949367088608,0.828346456692913,0.813084112149533,0.362776025236593,0.824451410658307,0.535493827160494,0.0987841945288754,0.485271317829457,0.817619783616692,0.822429906542056,0.0794392523364486,0.475308641975309,0.488038277511962,0.818759936406995,0.826833073322933,0.469512195121951,0.151090342679128,0.175824175824176,0.816485225505443,0.813397129186603,0.488059701492537,0.82306477093207,0.809309309309309,0.47239263803681,0.820826952526799,0.816358024691358,0.476263399693721,0.814814814814815,0.820872274143302,0.817901234567901,0.820872274143302,0.488262910798122,0.471810089020772,0.477564102564103,0.82398753894081,0.820031298904538,0.509146341463415,0.48297213622291,0.829888712241653,0.469512195121951,0.462848297213622,0.819295558958652,0.832326283987915,0.815267175572519,0.821705426356589,0.814814814814815,0.490654205607477,0.828571428571429,0.815789473684211,0.0722135007849294,0.495384615384615,0.389589905362776,0.462875197472354,0.52241112828439,0.472307692307692,0.826865671641791,0.458786936236392,0.478740157480315,0.0850077279752705,0.469135802469136,0.816485225505443,0.470059880239521,0.824806201550388,0.827639751552795,0.815384615384615,0.47196261682243,0.458461538461538,0.820987654320988,0.90224358974359,0.117088607594937,0.812403100775194,0.481651376146789,0.475279106858054,0.467408585055644,0.82753164556962,0.476263399693721,0.304953560371517,0.481651376146789,0.472049689440994,0.483306836248013,0.4765625,0.828787878787879,0.485759493670886,0.821829855537721,0.822605965463108,0.174382716049383,0.812893081761006,0.473926380368098,0.820668693009118,0.819548872180451,0.8288,0.480952380952381,0.822995461422088,0.477917981072555,0.824587706146927,0.986322188449848,0.81055900621118,0.823248407643312,0.82542113323124,0.468606431852986,0.829953198127925,0.81974921630094,0.472136222910217,0.480122324159021,0.826153846153846,0.827217125382263,0.472477064220183,0.0377073906485671,0.82120253164557,0.827906976744186,0.832317073170732,0.178625954198473,0.466141732283465,0.820919175911252,0.469767441860465,0.0849056603773585,0.820472440944882,0.525502318392581,0.5948406676783,0.818897637795276,0.829953198127925,0.515555555555556,0.540625,0.507788161993769,0.81441717791411,0.465625,0.81832298136646,0.828298887122417,0.47900466562986,0.820276497695853,0.811819595645412,0.164596273291925,0.486571879936809,0.817322834645669,0.837461300309598,0.477093206951027,0.818320610687023,0.825878594249201,0.477379095163807,0.165644171779141,0.823161189358372,0.809160305343511,0.816901408450704,0.693972179289026,0.462962962962963,0.451968503937008,0.476550680786687,0.47906976744186,0.524464831804281,0.493171471927162,0.483180428134557,0.476119402985075,0.0914728682170543,0.48503937007874,0.811463046757164,0.478593272171254,0.828438948995363,0.480061349693252,0.0920060331825038,0.123456790123457,0.827217125382263,0.813636363636364,0.123853211009174,0.838304552590267,0.524539877300613,0.130970724191063,0.166158536585366,0.816232771822358,0.527047913446677,0.82225656877898,0.821705426356589,0.381933438985737,0.823348694316436,0.171296296296296,0.0829346092503987,0.81832298136646,0.812121212121212,0.80521472392638,0.478672985781991,0.48301329394387,0.541666666666667,0.810606060606061,0.828926905132193,0.851851851851852,0.458074534161491,0.172684458398744,0.821100917431193,0.476415094339623,0.824427480916031,0.533026113671275,0.0724409448818898,0.457886676875957,0.47976011994003,0.481666666666667,0.822458270106222,0.0974124809741248,0.81447963800905,0.821484992101106,0.831775700934579,0.0902140672782875,0.493730407523511,0.81377151799687,0.462249614791988,0.821086261980831,0.813804173354735,0.477477477477477,0.832807570977918,0.472012102874433,0.819314641744548,0.464788732394366,0.480499219968799,0.833841463414634,0.517133956386293,0.472346786248132,0.819722650231125,0.470866141732283,0.89938080495356,0.46048632218845,0.0495356037151703,0.470499243570348,0.925515055467512,0.473354231974922,0.817891373801917,0.475308641975309,0.49306625577812,0.444274809160305,0.819018404907976,0.817322834645669,0.818731117824773,0.863344051446945,0.186795491143317,0.823255813953488,0.478740157480315,0.82807570977918,0.462519936204147,0.472809667673716,0.81377151799687,0.824088748019017,0.827272727272727,0.901716068642746,0.821482602118003,0.458143074581431,0.470137825421133,0.830015313935682,0.828025477707006,0.122222222222222,0.0964230171073095,0.826086956521739,0.823161189358372,0.472868217054264,0.812307692307692,0.818181818181818,0.47723704866562,0.802232854864434,0.826747720364742,0.519201228878648,0.364741641337386,0.819595645412131,0.174298375184638,0.812693498452012,0.817764165390505,0.0800604229607251,0.476993865030675,0.825196850393701,0.474258970358814,0.83641975308642,0.8515625,0.811819595645412,1,0.828298887122417,0.466882067851373,0.82015503875969,0.828438948995363,0.83015873015873,0.16385911179173,0.460674157303371,0.833333333333333,0.818320610687023,0.513097072419106,0.818320610687023,0.476923076923077,0.516768292682927,0.489393939393939,0.816640986132512,0.823802163833076,0.804107424960506,0.0801815431164902,0.475513428120063,0.0919175911251981,0.826224328593997,0.474085365853659,0.458143074581431,0.514372163388805,0.18025078369906,0.824345146379045,0.878315132605304,0.819295558958652,0.817771084337349,0.48489666136725,0.475609756097561,0.0488188976377953,0.137071651090343,0.472136222910217,0.479134466769706,0.487022900763359,0.176100628930818,0.466049382716049,0.816816816816817,0.171032357473035,0.470229007633588,0.825153374233129,0.817472698907956,0.827692307692308,0.47758887171561,0.476263399693721,0.12199036918138,0.816640986132512,0.455259026687598,0.460708782742681,0.822706065318818,0.819018404907976,0.474258970358814,0.537964458804523,0.831761006289308,0.820031298904538,0.522620904836194,0.825954198473282,0.464939024390244,0.812792511700468,0.465116279069767,0.351681957186544,0.515337423312883,0.375189107413011,0.818320610687023,0.461769115442279,0.474258970358814,0.529680365296804,0.506870229007634,0.833846153846154,0.478527607361963,0.811410459587956,0.477134146341463,0.828660436137072,0.486024844720497,0.466353677621283,0.521604938271605,0.474006116207951,0.477848101265823,0.464898595943838,0.516380655226209,0.475757575757576,0.0580645161290323,0.828926905132193,0.163328197226502,0.821538461538462,0.459752321981424,0.814352574102964,0.169230769230769,0.476635514018692,0.473186119873817,0.820472440944882,0.108955223880597,0.823348694316436,0.0835913312693498,0.506955177743431,0.830985915492958,0.110236220472441,0.506191950464396,0.829984544049459,0.831546707503829,0.825153374233129,0.461412151067323,0.131818181818182,0.822995461422088,0.595611285266458,0.0740157480314961,0.515105740181269,0.476923076923077,0.477203647416413,0.809968847352025,0.850393700787402,0.818471337579618,0.820121951219512,0.822085889570552,0.111278195488722,0.807926829268293,0.518575851393189,0.174626865671642,0.466153846153846,0.821538461538462,0.805337519623234,0.822784810126582,0.822358346094946,0.0941358024691358,0.468373493975904,0.836363636363636,0.8390625,0.826923076923077,0.817054263565892,0.814589665653495,0.811232449297972,0.328849028400598,0.154458598726115,0.820710973724884,0.0974124809741248,0.481424148606811,0.252336448598131,0.815267175572519,0.556962025316456,0.477564102564103,0.478527607361963,0.809302325581395,0.128834355828221,0.474809160305344,0.827217125382263,0.811526479750779,0.526232114467409,0.476923076923077,0.458786936236392,0.476874003189793,0.830792682926829,0.47244094488189,0.480243161094225,0.376377952755906,0.469387755102041,0.851908396946565,0.469788519637462,0.0929133858267717,0.467716535433071,0.178571428571429,0.814756671899529,0.0914826498422713,0.4609375,0.470404984423676,0.470957613814757,0.818318318318318,0.828173374613003,0.817460317460317,0.822530864197531,0.815580286168522,0.815165876777251,0.492957746478873,0.822085889570552,0.469483568075117,0.477905073649754,0.50547730829421,0.529780564263323,0.813559322033898,0.813271604938272,0.170694864048338,0.474320241691843,0.0704225352112676,0.835098335854766,0.124423963133641,0.825347758887172,0.823622047244094,0.484177215189873,0.811616954474097,0.837096774193548,0.46875,0.391304347826087,0.813333333333333,0.0903328050713154,0.0765625,0.827692307692308,0.832288401253918,0.825757575757576,0.0910493827160494,0.177811550151976,0.467175572519084,0.574766355140187,0.465045592705167,0.168195718654434,0.485849056603774,0.0947867298578199,0.822981366459627,0.817460317460317,0.476479514415782,0.486111111111111,0.0748829953198128,0.4859375,0.473604826546003,0.478461538461538,0.8203125,0.828703703703704,0.470957613814757,0.825185185185185,0.161538461538462,0.826498422712934,0.0729813664596273,0.819466248037677,0.525423728813559,0.824806201550388,0.468217054263566,0.47068145800317,0.0949464012251149,0.515933232169954,0.830482115085537,0.827856025039124,0.631987577639752,0.711568938193344,0.478537360890302,0.470494417862839,0.82015503875969,0.490595611285266,0.089644513137558,0.480830670926518,0.818318318318318,0.074468085106383,0.82398753894081,0.827102803738318,0.475155279503106,0.518987341772152,0.471786833855799,0.8171875,0.82992125984252,0.470679012345679,0.466360856269113,0.476479514415782,0.697347893915757,0.478125,0.821263482280431,0.117378048780488,0.824345146379045,0.826224328593997,0.537984496124031,0.480680061823802,0.464968152866242,0.115030674846626,0.479938271604938,0.819165378670788,0.845541401273885,0.474258970358814,0.488479262672811,0.46177370030581,0.824345146379045,0.479699248120301,0.376701966717095,0.463746223564955,0.802731411229135,0.30625,0.171779141104294,0.464723926380368,0.47583081570997,0.481191222570533,0.463258785942492,0.467571644042232,0.791476407914764,0.8149300155521,0.465437788018433,0.380348652931854,0.514018691588785,0.102760736196319,0.5311004784689,0.836220472440945,0.485362095531587,0.164835164835165,0.50384024577573,0.471036585365854,0.351309707241911,0.467084639498433,0.166666666666667,0.4858934169279,0.463108320251177,0.473270440251572,0.46656298600311
"551",1,1,1,1,1,1,0.717532467532468,1,1,0.0998363338788871,1,0.0452418096723869,0.817034700315457,1,0.3152,0.297169811320755,0.0707692307692308,0.688925081433225,1,1,0.284810126582278,0.31139646869984,1,0.145539906103286,1,0.322784810126582,0.312101910828025,1,1,0.78060413354531,0.312788906009245,0.737756714060032,0.969040247678019,0.31378763866878,0,1,0.547433903576983,1,0.296520423600605,1,0.668231611893584,0.690031152647975,0.695652173913043,1,1,0.311501597444089,0.305379746835443,0.302795031055901,0.319571865443425,0.326656394453005,0,1,0.302652106084243,1,1,0.485342019543974,0.575277337559429,1,1,1,0.322480620155039,0.317460317460317,0.319685039370079,0.682108626198083,1,1,0.0383386581469649,1,0.0631741140215717,0.316358024691358,1,0.309748427672956,0.322327044025157,0.961227786752827,0.520504731861199,1,0.303875968992248,0.330721003134796,1,0.307443365695793,0.0903225806451613,0.3232,0.322884012539185,1,0.332302936630603,1,1,1,1,0.700468018720749,1,1,0.0015527950310559,0.103715170278638,1,0.0471841704718417,0,1,0.5632,0.682108626198083,1,0.0570522979397781,0.311811023622047,1,0.312693498452012,1,0.684952978056426,1,0.306477093206951,0.307086614173228,0.306853582554517,1,0.318818040435459,1,0.495398773006135,1,0.309968847352025,0.310344827586207,0.32312404287902,0.315132605304212,0.496062992125984,0.9984375,0.326656394453005,0.30622009569378,1,0.298761609907121,1,1,0.330721003134796,0.548632218844985,1,0.313291139240506,1,0.0468986384266263,1,0.312210200927357,0.681181959564541,0.327102803738318,0.924646781789639,0.427406199021207,0.102803738317757,0.0993690851735016,1,1,0.327974276527331,1,0.312217194570136,1,0.814814814814815,1,0.318840579710145,1,1,1,1,0.325434439178515,1,0.311811023622047,0.263565891472868,1,0.305295950155763,1,0.296062992125984,0.0864779874213836,1,0.303858520900322,1,1,1,0.333333333333333,1,0.321656050955414,1,0.3,1,0.317384370015949,0.0777604976671851,1,0.65089722675367,1,1,0.306836248012719,1,1,1,1,0.321428571428571,0.311248073959938,1,0.998435054773083,0.308049535603715,0.308064516129032,1,0.451968503937008,0.668195718654434,0,0.31201248049922,0.679127725856698,1,0.312024353120244,1,0.998456790123457,1,0.310126582278481,0.316279069767442,0.32516339869281,1,1,1,0,1,0.3008,0.97339593114241,0.317384370015949,0.305993690851735,0.7601246105919,1,1,1,1,1,0.0455259026687598,0.310126582278481,0.312989045383412,1,0.687306501547988,1,1,1,0.998447204968944,1,1,0.0046583850931677,0.323619631901841,1,0.307324840764331,1,0.296411856474259,1,1,1,1,1,0.318681318681319,1,0.511182108626198,0.31911532385466,0.321372854914197,0.303225806451613,0.315372424722662,0.326498422712934,0.419354838709677,0.321928460342146,0.306122448979592,0.313271604938272,1,0.319554848966614,1,0.692068429237947,0.31911532385466,0.317972350230415,0.328593996840442,1,1,1,0.273301737756714,0.309636650868878,1,0.305993690851735,0.324074074074074,0.308777429467085,0.315217391304348,0.693650793650794,1,0.316923076923077,0.317384370015949,1,0.299186991869919,1,0.304552590266876,0.302066772655008,1,1,1,0.547169811320755,1,0.688679245283019,0.0889894419306184,0.3125,1,1,0.0967238689547582,0.3171875,0.325878594249201,1,1,0.299843014128728,0.0251968503937008,0.00316455696202532,1,1,0.325077399380805,0.9984375,1,0.309230769230769,1,1,0.311708860759494,1,1,1,1,0.31974921630094,0.303543913713405,0.324104234527687,1,1,0.679304897314376,0.306349206349206,1,0.311145510835913,0.2928,1,1,0.998430141287284,1,1,0.313880126182965,1,1,0.10410094637224,0.330218068535826,0.491283676703645,0.30952380952381,0.674491392801252,0.31839258114374,1,0.302694136291601,0.321259842519685,0.266666666666667,0.312111801242236,1,0.320433436532508,1,1,1,0.310126582278481,0.314728682170543,0.998430141287284,0.923076923076923,0.07085346215781,1,0.308892355694228,0.323296354992076,0.305246422893482,1,0.325652841781874,0.476947535771065,0.319314641744548,0.306853582554517,0.3136,0.298578199052133,1,0.329052969502408,1,1,0,1,0.323899371069182,1,1,1,0.318681318681319,1,0.3136,1,0.837539432176656,1,1,1,0.313755795981453,1,1,0.308527131782946,0.313880126182965,1,1,0.313385826771654,0.191588785046729,1,0.998449612403101,1,0,0.308186195826645,1,0.308777429467085,0.251184834123223,1,0.680379746835443,0.420245398773006,1,1,0.681681681681682,0.710651828298887,0.338050314465409,1,0.308176100628931,1,1,0.3376,1,0.998407643312102,0.00792393026941363,0.321711568938193,1,1,0.322734499205087,1,1,0.30829420970266,0.349378881987578,1,1,1,0.522550544323484,0.307692307692308,0.342902711323764,0.308623298033283,0.327160493827161,0.690363349131122,0.326086956521739,0.323390894819466,0.314329738058552,0.251192368839428,0.306709265175719,1,0.319508448540707,0.9984375,0.310344827586207,0.0867579908675799,0.0540958268933539,1,1,0.0390625,1,0.692667706708268,0.0455974842767296,0.0127591706539075,1,0.686614173228347,1,1,0.545023696682464,1,0,0.0754414125200642,1,1,1,0.319488817891374,0.654135338345865,0.691297208538588,0.993788819875776,1,0.982839313572543,0.302795031055901,0.345425867507886,1,0.291666666666667,1,0.357366771159875,0.101612903225806,0.299050632911392,0.314900153609831,0.326732673267327,1,0.0809160305343511,1,1,1,0.266770670826833,0.319488817891374,1,0.317307692307692,1,1,0.31039755351682,1,0.319213313161876,1,0.306122448979592,0.319554848966614,1,0.683385579937304,0.303353658536585,1,0.308186195826645,0.77337559429477,0.308049535603715,0.153726708074534,0.318529862174579,0.777429467084639,0.305825242718447,1,0.320251177394035,0.333333333333333,0.295665634674923,1,1,1,0.9696,0.355519480519481,1,0.315359477124183,1,0.310344827586207,0.313664596273292,1,1,1,0.917981072555205,1,0.306278713629403,0.31875,1,1,0.0528846153846154,0.0819935691318328,1,1,0.309562398703404,1,1,0.310015898251192,1,1,0.687598116169545,0.546707503828484,1,0,1,1,0.0989180834621329,0.322834645669291,1,0.319620253164557,0.998415213946117,0.96513470681458,0.998412698412698,0.828298887122417,1,0.325769854132901,1,1,1,0,0.305057096247961,1,1,0.681388012618297,1,0.318110236220472,0.353870458135861,0.314873417721519,1,1,1,0.088646967340591,0.31629392971246,0.0938511326860841,0.998405103668262,0.306376360808709,0.304147465437788,0.347826086956522,0,1,0.957074721780604,1,1,0.321144674085851,0.299539170506912,0.152996845425868,0.0385852090032154,0.311912225705329,0.300476947535771,0.325617283950617,0.00161030595813205,0.31104199066874,1,0,0.311912225705329,1,1,1,0.311627906976744,0.312693498452012,0.032520325203252,1,0.312101910828025,0.304212168486739,1,1,0.3171875,0.707592891760905,1,1,0.698717948717949,1,0.302752293577982,1,0.309859154929577,0.537984496124031,0.673282442748092,0.394777265745008,1,0.28858024691358,0.312989045383412,0.686153846153846,0.673374613003096,1,0.316037735849057,1,0.318731117824773,1,0.310077519379845,0.307936507936508,0.341232227488152,0.5296875,0.313504823151125,0.311111111111111,0.666141732283465,0.314152410575428,0.142389525368249,1,0,1,0.291600633914422,1,0,0.312796208530806,0.314696485623003,1,0.0636363636363636,1,0.0818619582664527,0.33015873015873,1,0.0707547169811321,0.670347003154574,1,1,1,0.313114754098361,0.0384024577572965,1,0.420062695924765,0.0962145110410095,0.347626339969372,0.313572542901716,0.313664596273292,1,1,1,1,1,0.0684931506849315,0.996889580093313,0.692660550458716,0.00458015267175573,0.316614420062696,1,1,1,1,0.0846394984326019,0.314728682170543,1,1,1,1,1,1,0.494607087827427,0.00158227848101266,1,0.0861538461538462,0.316037735849057,0.453689167974882,1,0.390127388535032,0.306020066889632,0.311320754716981,1,0.0416024653312789,0.310832025117739,1,1,0.361873990306947,0.303543913713405,0.307448494453249,0.319935691318328,0.998466257668712,0.3184,0.31378763866878,0.414285714285714,0.316692667706708,0.97196261682243,0.307339449541284,0.0890302066772655,0.32018927444795,0,1,0.0912,0.3056,0.3125,0.313291139240506,1,1,1,1,1,1,0.325878594249201,1,0.312401883830455,0.309484193011647,0.611544461778471,0.681528662420382,1,1,0,0.312217194570136,0.113564668769716,0.998444790046656,0.0362204724409449,1,1,0.311501597444089,1,1,0.637239165329053,0.415711947626841,0.998484848484849,0.0825396825396825,0.0929133858267717,1,1,1,0.0904761904761905,0,0.312404287901991,0.408163265306122,0.311145510835913,0,0.322061191626409,0.0876369327073552,1,1,0.317829457364341,0.312111801242236,0.2491961414791,0.331168831168831,0.309006211180124,0.314152410575428,1,1,0.317891373801917,1,0,1,0.2272,1,0.677215189873418,1,0.314641744548287,0.296774193548387,0.0775193798449612,0.682242990654206,1,1,0.787878787878788,0.907617504051864,0.313099041533546,0.317460317460317,1,0.314553990610329,0.267080745341615,0.312599681020734,1,0.100154083204931,1,1,0.310832025117739,0.678343949044586,0.301435406698565,1,1,0.307692307692308,0.297939778129952,0.31055900621118,0.857142857142857,0.309061488673139,1,0.0607476635514019,1,1,0.710031347962382,0.655172413793103,0.321027287319422,0.0582677165354331,0.313178294573643,1,1,0.306603773584906,0.322683706070288,0.633802816901408,1,0.301857585139319,0.362928348909657,0.306729264475743,0.984496124031008,0.480952380952381,0.00314465408805031,0.301857585139319,0.318181818181818,0.321027287319422,0.308702791461412,0.312688821752266,0.969040247678019,1,0.310077519379845,0.568403908794788,0.6912,0.245641838351823,0.699013157894737,1,0.322429906542056,0.00317460317460317,0.320251177394035,0.315625,0.358255451713396,0.321711568938193,0,0.3328125,0.317683881064163,0.317460317460317,0.3171875
"552",0.308333333333333,0.320634920634921,0.32475884244373,0.332794830371567,0.316045380875203,0.317073170731707,0.00657894736842105,0.338211382113821,0.322115384615385,0.565505804311774,0.3312,0.638977635782748,0.508169934640523,0.330049261083744,1,1,0.615015974440895,0,0.3264,0.321086261980831,1,1,0.331230283911672,0.518459069020867,0.325038880248834,1,1,0.346026490066225,0.317535545023697,0.527597402597403,1,0.585874799357945,0.371428571428571,0.995153473344103,0.656401944894652,0.321858864027539,0.138709677419355,0.336492890995261,1,0.317891373801917,0.00162337662337662,0,0,0.33442088091354,0.332786885245902,1,0.995137763371151,1,1,1,0.677938808373591,0.333876221498371,1,0.335473515248796,0.328,0.81953642384106,0.123333333333333,0.32794830371567,0.323899371069182,0.338709677419355,0.993630573248408,1,1,0.00325732899022801,0.325041459369818,0.330658105939005,0.648208469055375,0.331715210355987,0.609717868338558,1,0.332805071315372,1,1,0.282430213464696,0.158908507223114,0.320813771517997,1,0.995222929936306,0.325396825396825,1,0.602023608768971,1,1,0.335453100158982,1,0.328571428571429,0.324149108589951,0.339712918660287,0.327922077922078,0,0.333333333333333,0.329173166926677,0.677316293929712,0.580031695721078,0.320388349514563,0.625592417061611,0.674085850556439,0.323763955342903,0.116013071895425,0,0.321543408360129,0.611111111111111,1,0.325581395348837,1,0.330097087378641,0,0.330618892508143,1,1,1,0.312399355877617,0.996825396825397,0.337620578778135,0.211023622047244,0.32398753894081,1,0.371428571428571,1,1,0.205787781350482,0.32,1,1,0.342812006319115,1,0.324655436447167,0.318611987381703,0.36525974025974,0.777952755905512,0.334437086092715,1,0.336079077429984,0.634408602150538,0.343283582089552,1,0,1,0.381578947368421,0.899505766062603,0.578864353312303,0.592169657422512,0.326892109500805,0.324675324675325,1,0.326860841423948,1,0.310965630114566,0.501597444089457,0.340157480314961,1,0.325732899022801,0.32516339869281,0.3278955954323,0.3392,1,0.314194577352472,1,0.43338683788122,0.332268370607029,1,0.336448598130841,1,0.588429752066116,0.326229508196721,1,0.3296,0.316720257234727,0.334928229665072,0.990521327014218,0.339228295819936,1,0.333333333333333,1,0.327787021630616,1,0.6,0.310789049919485,0.0282861896838602,0.302134646962233,0.324675324675325,1,0.316558441558442,0.327361563517915,0.330203442879499,0.335463258785943,1,1,0.335537190082645,0.336538461538462,1,1,0.329581993569132,0.248397435897436,0.0200617283950617,0.672609400324149,1,0.00160771704180064,0.331738437001595,1,0.328925619834711,0.322734499205087,0.326433121019108,0.996794871794872,1,1,0.333333333333333,0.319932998324958,0.328525641025641,0.669918699186992,0.315024232633279,1,0.340909090909091,1,1,0.455414012738854,0.331746031746032,0.328025477707006,0.331147540983607,0.320388349514563,0.318481848184819,0.639291465378422,1,1,0.322784810126582,0.00156494522691706,0.342356687898089,0.325581395348837,0.328502415458937,0.315789473684211,0.310457516339869,0.328638497652582,0.685897435897436,0.355038759689922,0.320126782884311,1,0.331691297208539,1,0.318979266347687,0.314845024469821,0.324675324675325,0.342019543973941,0.315789473684211,1,0.334935897435897,0.802653399668325,1,1,0.998373983739837,1,1,0.911764705882353,1,1,1,0.331210191082803,1,0.327242524916944,0,1,0.383386581469649,1,0.327390599675851,0.333333333333333,0.319935691318328,0.427652733118971,1,0.334928229665072,1,1,1,1,0,0.325806451612903,1,1,0.340909090909091,1,0.324881141045959,1,1,0.324104234527687,0.327841845140033,0.308176100628931,0.149350649350649,0.336092715231788,0,0.588509316770186,1,0.332278481012658,0.334967320261438,0.582677165354331,1,1,0.338283828382838,0.333333333333333,1,0.645367412140575,0.688333333333333,0.313915857605178,0.321252059308072,0.993680884676145,0.332797427652733,0.315132605304212,1,0.323671497584541,0.317891373801917,1,0.30983606557377,0.327332242225859,0.3168,0.327922077922078,1,1,1,0.320967741935484,0.33605220228385,0.00632911392405063,0.99344262295082,0.326765188834154,1,1,0.324324324324324,0.331768388106416,0.3168,0.330081300813008,0.3248,1,0.318770226537217,0.320785597381342,0.579901153212521,1,0.850574712643678,1,0,1,0.336463223787167,1,1,0.417582417582418,0.998417721518987,0.327390599675851,1,0.320785597381342,0.306818181818182,0.319554848966614,1,1,0.329581993569132,0.402337228714524,0.610197368421053,0.313432835820896,1,1,1,0.329489291598023,1,0.211631663974152,1,1,1,1,0.332807570977918,1,0.330097087378641,0.348314606741573,0.666666666666667,0.308319738988581,1,0.326984126984127,0.327476038338658,0.321724709784411,1,0.31832298136646,1,0.328125,0.482871125611745,0.335473515248796,0.334431630971993,0.324237560192616,1,0.326892109500805,0.313408723747981,1,1,0.331707317073171,0.323671497584541,1,0.480252764612954,0.322422258592471,0.338118022328549,0.34181240063593,0.676898222940226,1,0.303182579564489,1,0.425081433224756,0.315447154471545,0,0.884126984126984,0.325657894736842,0.325320512820513,0,0.0301109350237718,0.985507246376812,0.323624595469256,1,0.315359477124183,0.332778702163062,1,0.326984126984127,0.327922077922078,0.659643435980551,1,0.333333333333333,0.329032258064516,1,0.321086261980831,0.313531353135314,1,0.338118022328549,0.323151125401929,0.332797427652733,0.347266881028939,0.800632911392405,1,0.978476821192053,1,1,0,1,0.995121951219512,1,0.42671009771987,0.996732026143791,0.311811023622047,0.993700787401575,0.331707317073171,0.996794871794872,0.6,0.619426751592357,0.326984126984127,0.325396825396825,0.629032258064516,0.32520325203252,0,0.620192307692308,0.67258064516129,0.331210191082803,0,0.322061191626409,0.31629392971246,0.776167471819646,0.337579617834395,0.67304625199362,0.593851132686084,0.322528363047002,0.323151125401929,0.312297734627832,1,0.0275650842266462,0,0.33015873015873,0.338658146964856,0.341307814992026,1,0.334384858044164,0.322169059011164,1,0.317460317460317,0.944535073409462,0.576797385620915,1,1,0.993197278911565,0.334913112164297,0.609448818897638,0.331761006289308,0.327759197324415,0.326923076923077,0.4185303514377,1,0.313725490196078,1,0.328358208955224,0.336079077429984,1,0.330065359477124,1,0.333333333333333,1,1,0.33652312599681,0,1,0.318979266347687,1,0.576243980738363,1,0.513513513513513,1,0.551669316375199,1,0.326229508196721,1,1,1,0.323151125401929,0.33167495854063,0.328682170542636,0.355960264900662,0.33889816360601,0.321027287319422,1,0.326433121019108,1,1,0.340288924558588,0.32569558101473,0.327586206896552,0.381729200652529,0.331768388106416,1,1,0.329635499207607,0.338842975206612,0.624183006535948,0.590614886731392,0.325769854132901,0.327868852459016,1,0.314516129032258,0.319314641744548,0.993527508090615,0.315091210613599,0.317034700315457,0,0.135007849293564,0.326332794830372,0.673374613003096,0.318181818181818,0.331730769230769,0.601587301587302,0.998376623376623,0.32741935483871,1,0.318910256410256,0.35,0.325657894736842,0.466882067851373,0.325769854132901,1,0.3296,0.325769854132901,0.342148760330579,0.675675675675676,1,0.333333333333333,0.327447833065811,0,0.333333333333333,0.998392282958199,0.9616,1,0.326433121019108,0.337078651685393,0.331738437001595,0.582417582417582,1,0.592105263157895,0.343548387096774,1,1,0.970967741935484,0.663987138263666,0.338735818476499,0.364951768488746,0.3328,0.3232,1,1,0.512437810945274,0.627831715210356,1,1,0.998420221169036,0.684818481848185,1,0.327044025157233,0.675282714054927,1,0.334943639291465,0.322368421052632,0.32626427406199,0.996820349761526,1,0.639455782312925,0.333870967741935,1,1,0.32695374800638,0.320512820512821,0.998381877022654,0,0.31810766721044,0.315619967793881,0.00490998363338789,0.319620253164557,1,0.317355371900826,1,0.1472,0,0.914330218068536,0.33122028526149,1,1,0,0,0.33868378812199,1,0.324058919803601,0.9984375,0.3216,1,1,0.970779220779221,0.776167471819646,1,1,0.00483091787439614,1,0.529605263157895,0.339869281045752,0.658267716535433,0.330128205128205,1,0.318840579710145,0.669856459330144,1,1,0.322742474916388,0.609375,0.337078651685393,0.587378640776699,0.9728,0.33868378812199,0.590551181102362,0.0128617363344051,0.317512274959083,0.3344,0.328,1,0.633757961783439,0.311912225705329,0.890522875816993,0.579901153212521,0.971653543307087,1,1,0.323624595469256,0.349753694581281,0.320907617504052,0.327974276527331,0.323101777059774,0.608424336973479,0.314785373608903,0,0.666149068322981,0.998397435897436,0.331189710610932,0.319672131147541,0.327841845140033,0.336507936507937,0.600644122383253,1,0.339116719242902,0.342532467532468,0.351351351351351,0.327361563517915,0.319488817891374,0.32569558101473,0.201267828843106,0.679674796747967,0.324104234527687,0.6,1,0.237179487179487,0.333870967741935,0.929042904290429,1,1,0.318327974276527,0.638668779714738,1,0.326433121019108,0.305194805194805,0.96,1,1,0.998355263157895,0.329635499207607,1,1,0.908794788273616,1,0.35828025477707,1,0.591869918699187,1,0.663461538461538,0.315705128205128,0.597063621533442,1,1,0.991869918699187,0.332805071315372,0.331730769230769,0.332225913621262,0.327974276527331,0.332242225859247,0.327272727272727,0.985365853658537,0.315619967793881,1,1,0.732371794871795,0,0.333863275039746,0.327586206896552,0.668810289389068,1,0.568720379146919,0.327613104524181,0.635332252836305,0.3216,0.326699834162521,1,0.326194398682043,0.32998324958124,0.696574225122349,0.918739635157546,0.329738058551618,0.605610561056106,0.573770491803279,0.331730769230769,0.337726523887974,0.304,0.600654664484452,0.670906200317965,1,0.9,1,0.656692913385827,0.996732026143791,0.5814332247557,0.323717948717949,0.329489291598023,1,1,0.43317230273752,0.995090016366612,0.998412698412698,1,0.321428571428571,0.337096774193548,1,0.320610687022901,0.677018633540373,0.333865814696486,0.449838187702265,0.311688311688312,0,0.320754716981132,1,1,0.597423510466989,0,0.344051446945338,0.331715210355987,0.102564102564103,0.423529411764706,1,1,0.313821138211382,1,0.412337662337662,1,0.335925349922239,0.592295345104334,0.330112721417069,0.331168831168831,1,0,1,0.313432835820896,0.331189710610932,1,1,1,0.447368421052632,1,0.334405144694534,0.609375,0.343089430894309,0.332773109243697,0,0.0394736842105263,1,0.616883116883117,1,0.334405144694534,0.33889816360601,1,1,0.162074554294976,0.316720257234727,1,0.914556962025316,1,0.331210191082803,0.204213938411669,0.664,1,1,1,1,1,0.301435406698565,0.314102564102564,1,0.120860927152318,0,0.44408945686901,0,0.338735818476499,1,0.673202614379085,1,1,0.901612903225806,1,0.670906200317965,1,1,1,1
"553",1,1,1,1,1,1,0.704,1,1,0.0922330097087379,1,0.0401234567901235,0.80188679245283,1,0.315457413249211,0.308641975308642,0.0625978090766823,0.682333873581848,1,1,0.29153605015674,0.312401883830455,1,0.16380655226209,1,0.328660436137072,0.321543408360129,1,1,0.781789638932496,0.312111801242236,0.727411944869832,0.964451313755796,0.316455696202532,0,1,0.545031055900621,1,0.298484848484848,1,0.663009404388715,0.683001531393568,0.692541856925419,1,1,0.313099041533546,0.312698412698413,0.309451219512195,0.326625386996904,0.33026113671275,0,1,0.314503816793893,1,1,0.496845425867508,0.556782334384858,1,1,1,0.330289193302892,0.320813771517997,0.318611987381703,0.682464454976303,1,1,0.034375,1,0.0538922155688623,0.319148936170213,1,0.317683881064163,0.326860841423948,0.973143759873618,0.504643962848297,1,0.309815950920245,0.334869431643625,1,0.318910256410256,0.0848,0.328638497652582,0.325581395348837,1,0.331804281345566,1,1,1,1,0.685496183206107,1,1,0.00154798761609907,0.0982839313572543,1,0.0425531914893617,0,1,0.555023923444976,0.67601246105919,1,0.0500782472613459,0.315625,1,0.314728682170543,1,0.68,1,0.324281150159744,0.319314641744548,0.315217391304348,1,0.325077399380805,1,0.485451761102603,1,0.315132605304212,0.297971918876755,0.330781010719755,0.321656050955414,0.486068111455108,0.998439937597504,0.319083969465649,0.316957210776545,1,0.311627906976744,1,1,0.32182103610675,0.545176110260337,1,0.325545171339564,1,0.04047976011994,1,0.317771084337349,0.670750382848392,0.32398753894081,0.932917316692668,0.431561996779388,0.0974842767295598,0.0894819466248038,1,1,0.331278890600925,1,0.321212121212121,1,0.803625377643505,1,0.321144674085851,1,1,1,1,0.335423197492163,1,0.324881141045959,0.252713178294574,1,0.311349693251534,1,0.302362204724409,0.080188679245283,1,0.318327974276527,1,1,1,0.338485316846986,1,0.326053042121685,1,0.303265940902022,1,0.320373250388802,0.0702290076335878,1,0.63301282051282,1,1,0.32018927444795,1,1,1,1,0.321316614420063,0.311550151975684,1,0.998449612403101,0.321483771251932,0.312599681020734,1,0.445141065830721,0.665667166416792,0,0.318818040435459,0.66875,1,0.321538461538462,1,0.998466257668712,1,0.319314641744548,0.321699544764795,0.323763955342903,1,1,1,0,1,0.307692307692308,0.978159126365055,0.328616352201258,0.314553990610329,0.753067484662577,1,1,1,1,1,0.0418604651162791,0.318181818181818,0.322981366459627,1,0.680491551459293,1,1,1,0.998468606431853,1,1,0.0046583850931677,0.306525037936267,1,0.315789473684211,1,0.301829268292683,1,1,1,1,1,0.328703703703704,1,0.506230529595016,0.33125,0.333333333333333,0.315873015873016,0.322884012539185,0.328638497652582,0.410742496050553,0.332822085889571,0.317972350230415,0.312597200622084,1,0.324960753532182,1,0.686746987951807,0.319314641744548,0.310030395136778,0.330173775671406,1,1,1,0.264150943396226,0.313271604938272,1,0.324324324324324,0.327743902439024,0.315132605304212,0.323619631901841,0.68025078369906,1,0.315384615384615,0.319047619047619,1,0.302066772655008,1,0.318862275449102,0.311145510835913,1,1,1,0.535545023696682,1,0.6859375,0.0721804511278196,0.325077399380805,1,1,0.0923076923076923,0.322981366459627,0.32807570977918,1,1,0.303875968992248,0.0231124807395994,0.00313479623824451,1,1,0.337878787878788,0.998456790123457,1,0.309341500765697,1,1,0.322981366459627,1,1,1,1,0.330733229329173,0.310810810810811,0.330658105939005,1,1,0.673405909797823,0.322327044025157,1,0.326747720364742,0.296875,1,1,0.998456790123457,1,1,0.333333333333333,1,1,0.102523659305994,0.333843797856049,0.486862442040185,0.311004784688995,0.67032967032967,0.31937984496124,1,0.315132605304212,0.337480559875583,0.253822629969419,0.328787878787879,1,0.327245053272451,1,1,1,0.317460317460317,0.327794561933535,0.998473282442748,0.928687196110211,0.0586370839936609,1,0.314553990610329,0.322784810126582,0.311912225705329,1,0.327217125382263,0.465007776049767,0.330232558139535,0.314152410575428,0.3104,0.304747320061256,1,0.324281150159744,1,1,0,1,0.329153605015674,1,1,1,0.329704510108865,1,0.308426073131955,1,0.833075734157651,1,1,1,0.325115562403698,1,1,0.311145510835913,0.313664596273292,1,1,0.316692667706708,0.193548387096774,1,0.998447204968944,1,0,0.31911532385466,1,0.310291858678955,0.237577639751553,1,0.669796557120501,0.447328244274809,1,1,0.667164179104478,0.702492211838006,0.346394984326019,1,0.322981366459627,1,1,0.332810047095761,1,0.998415213946117,0.00775193798449612,0.328682170542636,1,1,0.323899371069182,1,1,0.304897314375987,0.332312404287902,1,1,1,0.53953488372093,0.313664596273292,0.350467289719626,0.321428571428571,0.333846153846154,0.691943127962085,0.328197226502311,0.326594090202177,0.312404287901991,0.24294670846395,0.320126782884311,1,0.319018404907975,0.998430141287284,0.315870570107858,0.0798192771084337,0.0463678516228748,1,1,0.0365296803652968,1,0.685099846390169,0.0386996904024768,0.0110759493670886,1,0.683385579937304,1,1,0.547169811320755,1,0,0.0704,1,1,1,0.32398753894081,0.645550527903469,0.687397708674304,0.993893129770992,1,0.986068111455108,0.305084745762712,0.336990595611285,1,0.296998420221169,1,0.371340523882897,0.100158982511924,0.304281345565749,0.31866464339909,0.337190082644628,1,0.0703363914373089,1,1,1,0.250750750750751,0.3232,1,0.3296875,1,1,0.313364055299539,1,0.322727272727273,1,0.3140625,0.325471698113208,1,0.676145339652449,0.320417287630402,1,0.311111111111111,0.75,0.319018404907975,0.162538699690402,0.323216995447648,0.76661514683153,0.31378763866878,1,0.325,0.344667697063369,0.296754250386399,1,1,1,0.971246006389776,0.33993399339934,1,0.327974276527331,1,0.313408723747981,0.322775263951735,1,1,1,0.923317683881064,1,0.3125,0.321592649310873,1,1,0.0440944881889764,0.0726698262243286,1,1,0.310126582278481,1,1,0.316455696202532,1,1,0.677519379844961,0.535987748851455,1,0,1,1,0.0934150076569678,0.326594090202177,1,0.326053042121685,0.998432601880878,0.965463108320251,0.998435054773083,0.82015503875969,1,0.3296,1,1,1,0,0.316476345840131,1,1,0.666146645865835,1,0.320373250388802,0.361669242658423,0.326717557251908,1,1,1,0.0860215053763441,0.327014218009479,0.0830670926517572,0.998417721518987,0.31937984496124,0.304953560371517,0.350769230769231,0,1,0.956386292834891,1,1,0.331746031746032,0.306153846153846,0.163551401869159,0.0373831775700935,0.317610062893082,0.308411214953271,0.329704510108865,0.00158478605388273,0.317972350230415,1,0,0.313546423135464,1,1,1,0.315870570107858,0.32375189107413,0.032051282051282,1,0.315132605304212,0.31039755351682,1,1,0.315870570107858,0.686688311688312,1,1,0.698587127158556,1,0.310872894333844,1,0.3198127925117,0.528963414634146,0.670769230769231,0.405819295558959,1,0.298165137614679,0.318818040435459,0.681747269890796,0.660091047040971,1,0.322530864197531,1,0.319277108433735,1,0.317034700315457,0.310126582278481,0.354587869362364,0.501538461538461,0.312698412698413,0.306729264475743,0.663536776212833,0.324074074074074,0.146302250803859,1,0,1,0.299373040752351,1,0,0.324960753532182,0.318541996830428,1,0.0522388059701493,1,0.0788643533123028,0.330708661417323,1,0.0605590062111801,0.674418604651163,1,1,1,0.316455696202532,0.038109756097561,1,0.436018957345972,0.0947867298578199,0.352134146341463,0.31937984496124,0.328290468986384,1,1,1,1,1,0.0603318250377074,0.996941896024465,0.6875,0.00446428571428571,0.324534161490683,1,1,1,1,0.0819165378670788,0.314984709480122,1,1,1,1,1,1,0.48780487804878,0.0015552099533437,1,0.0779816513761468,0.31937984496124,0.430359937402191,1,0.391785150078989,0.309677419354839,0.318611987381703,1,0.0342679127725857,0.313846153846154,1,1,0.364217252396166,0.308755760368664,0.31619937694704,0.315372424722662,0.998461538461539,0.32348367029549,0.321928460342146,0.429457364341085,0.316535433070866,0.975572519083969,0.319634703196347,0.0760517799352751,0.328725038402458,0,1,0.0830721003134796,0.31496062992126,0.325,0.313385826771654,1,1,1,1,1,1,0.334913112164297,1,0.320872274143302,0.309562398703404,0.601866251944012,0.67032967032967,1,1,0,0.319571865443425,0.117004680187207,0.998484848484849,0.031104199066874,1,1,0.320126782884311,1,1,0.624610591900312,0.413848631239936,0.997058823529412,0.0739549839228296,0.0957613814756672,1,1,1,0.078740157480315,0,0.319508448540707,0.428792569659443,0.315548780487805,0,0.327503974562798,0.0817307692307692,1,1,0.324074074074074,0.323529411764706,0.236760124610592,0.331240188383046,0.312883435582822,0.32398753894081,1,1,0.324921135646688,1,0,1,0.220634920634921,1,0.670788253477589,1,0.314152410575428,0.304761904761905,0.0726429675425039,0.673813169984686,1,1,0.791925465838509,0.895833333333333,0.323943661971831,0.324409448818898,1,0.318611987381703,0.256651017214397,0.319554848966614,1,0.096875,1,1,0.320493066255778,0.682965299684543,0.303265940902022,1,1,0.311248073959938,0.315047021943574,0.323216995447648,0.855095541401274,0.317384370015949,1,0.0538461538461538,1,1,0.701700154559505,0.65,0.324367088607595,0.0545171339563863,0.332307692307692,1,1,0.310344827586207,0.329173166926677,0.624427480916031,1,0.306278713629403,0.370542635658915,0.310344827586207,0.984709480122324,0.474178403755869,0.0031055900621118,0.308892355694228,0.327718223583461,0.329093799682035,0.319488817891374,0.321646341463415,0.972265023112481,1,0.31733746130031,0.544,0.682108626198083,0.233281493001555,0.674193548387097,1,0.327613104524181,0.00155038759689922,0.326153846153846,0.317901234567901,0.36687306501548,0.329617834394904,0,0.335925349922239,0.322834645669291,0.320754716981132,0.314814814814815
"554",1,1,1,1,1,1,0.693811074918567,1,1,0.0913539967373573,1,0.0376766091051805,0.818327974276527,1,0.319422150882825,0.310236220472441,0.0612244897959184,0.686985172981878,1,1,0.297339593114241,0.316393442622951,1,0.154704944178628,1,0.335423197492163,0.321951219512195,1,1,0.779578606158833,0.318181818181818,0.725705329153605,0.968102073365231,0.319935691318328,0,1,0.545886075949367,1,0.296520423600605,1,0.665610142630745,0.674050632911392,0.68895800933126,1,1,0.31973898858075,0.316535433070866,0.315301391035549,0.32262996941896,0.327014218009479,0,1,0.311111111111111,1,1,0.495176848874598,0.561708860759494,1,1,1,0.333333333333333,0.317535545023697,0.314696485623003,0.671428571428571,1,1,0.0304975922953451,1,0.0584615384615385,0.316846986089645,1,0.322834645669291,0.326332794830372,0.964343598055105,0.505529225908373,1,0.315047021943574,0.335384615384615,1,0.316476345840131,0.0827814569536424,0.33015873015873,0.329635499207607,1,0.3359375,1,1,1,1,0.678627145085803,1,1,0.00158982511923688,0.098256735340729,1,0.04,0,1,0.557911908646003,0.6677471636953,1,0.055379746835443,0.317460317460317,1,0.321656050955414,1,0.68362480127186,1,0.317965023847377,0.324281150159744,0.325984251968504,1,0.326465927099842,1,0.489953632148377,1,0.316211878009631,0.307210031347962,0.321981424148607,0.314424635332253,0.475279106858054,1,0.327639751552795,0.31953642384106,1,0.308661417322835,1,1,0.329113924050633,0.553822152886115,1,0.3125,1,0.0371517027863777,1,0.316614420062696,0.674528301886792,0.33122028526149,0.932601880877743,0.430194805194805,0.0940032414910859,0.0893141945773525,1,1,0.328548644338118,1,0.314900153609831,1,0.807210031347962,1,0.319870759289176,1,1,1,1,0.331746031746032,1,0.3296,0.260188087774295,1,0.313971742543171,1,0.310509554140127,0.080824088748019,1,0.313311688311688,1,1,1,0.340157480314961,1,0.330112721417069,1,0.309006211180124,1,0.318255250403877,0.0678233438485804,1,0.63961038961039,1,1,0.319870759289176,1,1,1,1,0.324881141045959,0.314553990610329,1,1,0.327044025157233,0.311183144246353,1,0.441269841269841,0.666666666666667,0,0.317460317460317,0.659270998415214,1,0.322884012539185,1,1,1,0.321766561514196,0.322530864197531,0.323624595469256,1,1,1,0,1,0.307817589576547,0.976228209191759,0.323671497584541,0.321766561514196,0.746056782334385,1,1,1,1,1,0.0398089171974522,0.316211878009631,0.323943661971831,1,0.674454828660436,1,1,0.998397435897436,1,1,1,0.00475435816164818,0.316770186335404,1,0.31219512195122,1,0.300319488817891,1,1,1,1,1,0.328025477707006,1,0.504777070063694,0.327390599675851,0.327586206896552,0.315533980582524,0.319047619047619,0.331738437001595,0.413680781758958,0.330173775671406,0.316639741518578,0.315132605304212,1,0.323763955342903,1,0.685271317829457,0.318037974683544,0.323899371069182,0.330708661417323,1,1,1,0.2576,0.315789473684211,1,0.327503974562798,0.327131782945736,0.3136,0.324409448818898,0.676656151419558,1,0.328638497652582,0.3168,1,0.306425041186161,1,0.320251177394035,0.316614420062696,1,1,1,0.538950715421304,1,0.686900958466454,0.0749235474006116,0.321027287319422,1,1,0.0936507936507937,0.3198127925117,0.333865814696486,1,1,0.306501547987616,0.019047619047619,0.00323101777059774,1,1,0.337962962962963,0.998394863563403,1,0.305511811023622,1,1,0.32018927444795,1,1,1,1,0.333863275039746,0.310769230769231,0.331707317073171,1,1,0.672868217054264,0.319554848966614,1,0.32182103610675,0.301109350237718,1,1,1,1,1,0.329052969502408,1,1,0.103727714748784,0.33596214511041,0.489533011272142,0.3072,0.669291338582677,0.317610062893082,1,0.306836248012719,0.3312,0.256172839506173,0.313971742543171,1,0.325115562403698,1,1,1,0.315789473684211,0.321875,1,0.931484502446982,0.0608974358974359,1,0.319685039370079,0.3232,0.316211878009631,1,0.338006230529595,0.466981132075472,0.324451410658307,0.308562197092084,0.316129032258064,0.306836248012719,1,0.3264,1,1,0,1,0.323854660347551,1,1,1,0.328525641025641,1,0.31219512195122,1,0.840944881889764,1,1,1,0.315372424722662,1,1,0.315457413249211,0.310344827586207,1,1,0.318681318681319,0.188679245283019,1,1,1,0,0.313504823151125,1,0.311811023622047,0.247603833865815,1,0.66877971473851,0.427230046948357,1,1,0.677272727272727,0.697784810126582,0.350237717908082,1,0.323296354992076,1,1,0.337042925278219,1,1,0.008,0.326530612244898,1,1,0.325769854132901,1,1,0.308681672025723,0.335433070866142,1,1,1,0.518167456556082,0.31496062992126,0.34887459807074,0.320668693009119,0.329635499207607,0.68621236133122,0.321316614420063,0.327586206896552,0.322378716744914,0.245222929936306,0.317152103559871,1,0.328638497652582,1,0.321875,0.0787037037037037,0.0454545454545455,1,1,0.0315457413249211,1,0.682242990654206,0.0382775119617225,0.0112540192926045,1,0.678233438485804,1,1,0.552334943639291,1,0,0.0693548387096774,1,1,1,0.322274881516588,0.646525679758308,0.687603305785124,0.993740219092332,1,0.982704402515723,0.3072,0.325320512820513,1,0.3088,1,0.378335949764521,0.0972447325769854,0.316692667706708,0.319508448540707,0.34125636672326,1,0.0751173708920188,1,1,1,0.262422360248447,0.319554848966614,1,0.325878594249201,1,1,0.30564263322884,1,0.327272727272727,1,0.311897106109325,0.323763955342903,1,0.677265500794913,0.319148936170213,1,0.311290322580645,0.763116057233704,0.316358024691358,0.162246489859594,0.327718223583461,0.76461038961039,0.307817589576547,1,0.326498422712934,0.329173166926677,0.294025157232704,1,1,1,0.972624798711755,0.343185550082102,1,0.325842696629214,1,0.320066334991708,0.317610062893082,1,1,1,0.92741935483871,1,0.3140625,0.320251177394035,1,1,0.0487012987012987,0.073015873015873,1,1,0.3056,1,1,0.316455696202532,1,1,0.674603174603175,0.532507739938081,1,0,1,1,0.0948678071539658,0.326829268292683,1,0.323296354992076,1,0.969793322734499,1,0.828438948995363,1,0.325769854132901,1,1,1,0,0.311475409836066,1,1,0.668269230769231,1,0.315047021943574,0.364779874213836,0.323248407643312,1,1,1,0.0873015873015873,0.322006472491909,0.0801282051282051,1,0.308411214953271,0.313572542901716,0.357594936708861,0,1,0.96031746031746,1,1,0.325434439178515,0.306477093206951,0.157556270096463,0.0345911949685535,0.325358851674641,0.312893081761006,0.330721003134796,0.00161290322580645,0.310725552050473,1,0,0.318252730109204,1,1,1,0.325038880248834,0.327613104524181,0.0307443365695793,1,0.317384370015949,0.313291139240506,1,1,0.320872274143302,0.694352159468439,1,1,0.682182985553772,1,0.308049535603715,1,0.313195548489666,0.524332810047096,0.667189952904239,0.402124430955994,1,0.303215926493109,0.316455696202532,0.675,0.66304347826087,1,0.33015873015873,1,0.32398753894081,1,0.315619967793881,0.3125,0.363067292644757,0.518987341772152,0.32258064516129,0.307568438003221,0.660287081339713,0.319182389937107,0.142389525368249,1,0,1,0.296825396825397,1,0,0.319354838709677,0.317073170731707,1,0.0556414219474498,1,0.0802568218298555,0.344992050874404,1,0.0618066561014263,0.664025356576862,1,1,1,0.31810766721044,0.0359937402190923,1,0.438202247191011,0.092948717948718,0.355590062111801,0.322884012539185,0.327102803738318,1,1,1,1,1,0.0612557427258806,0.995260663507109,0.68503937007874,0.0045662100456621,0.325434439178515,1,1,1,1,0.082670906200318,0.320373250388802,1,1,1,1,1,1,0.484276729559748,0.00160513643659711,1,0.0772870662460568,0.324367088607595,0.431061806656101,1,0.39413680781759,0.319078947368421,0.315619967793881,1,0.0368,0.320126782884311,1,1,0.367576243980738,0.313291139240506,0.314375987361769,0.31869918699187,1,0.3328,0.3203125,0.413629160063391,0.320574162679426,0.975039001560062,0.315384615384615,0.0770491803278689,0.323899371069182,0,1,0.0810372771474878,0.304416403785489,0.322115384615385,0.320785597381342,1,1,1,1,1,1,0.332797427652733,1,0.31139646869984,0.325503355704698,0.603503184713376,0.679549114331723,1,1,0,0.31441717791411,0.115689381933439,1,0.0315955766192733,1,1,0.323151125401929,1,1,0.633440514469453,0.410299003322259,0.995363214837713,0.0713128038897893,0.090032154340836,1,1,1,0.0800627943485086,0,0.324324324324324,0.424960505529226,0.315384615384615,0,0.326366559485531,0.0810372771474878,1,1,0.321928460342146,0.325545171339564,0.246422893481717,0.332273449920509,0.310344827586207,0.317535545023697,1,1,0.322222222222222,1,0,1,0.231647634584013,1,0.67879746835443,1,0.321259842519685,0.300653594771242,0.0690737833594976,0.677067082683307,1,1,0.781299524564184,0.901960784313726,0.315533980582524,0.321951219512195,1,0.3216,0.254716981132075,0.320967741935484,1,0.0930232558139535,1,1,0.31687898089172,0.677631578947368,0.310289389067524,1,1,0.307931570762053,0.307086614173228,0.323574730354391,0.859934853420195,0.321027287319422,1,0.0522151898734177,1,1,0.694099378881988,0.646964856230032,0.325732899022801,0.0543130990415335,0.325320512820513,1,1,0.309791332263242,0.325434439178515,0.624605678233438,1,0.309230769230769,0.366771159874608,0.312796208530806,0.984662576687117,0.472,0.0046875,0.30188679245283,0.328638497652582,0.328525641025641,0.320388349514563,0.32093023255814,0.973684210526316,1,0.321316614420063,0.548701298701299,0.682333873581848,0.238317757009346,0.682410423452769,1,0.325320512820513,0.00161812297734628,0.33125,0.312401883830455,0.365659777424483,0.325842696629214,0,0.342902711323764,0.321543408360129,0.325242718446602,0.323101777059774
"555",1,1,1,1,1,1,0.696574225122349,1,1,0.0964052287581699,1,0.0412698412698413,0.820388349514563,1,0.330605564648118,0.318471337579618,0.0598425196850394,0.677152317880795,1,1,0.303858520900322,0.32952691680261,1,0.150316455696203,1,0.339144215530903,0.32626427406199,1,1,0.801932367149758,0.3232,0.735433070866142,0.961904761904762,0.324237560192616,0,1,0.530254777070064,1,0.304075235109718,1,0.647527910685805,0.67244094488189,0.68380062305296,1,1,0.328455284552846,0.321428571428571,0.317683881064163,0.332298136645963,0.340157480314961,0,1,0.316455696202532,1,1,0.50801282051282,0.558441558441558,1,1,1,0.346092503987241,0.329093799682035,0.325769854132901,0.667731629392971,1,1,0.0287539936102236,1,0.0521472392638037,0.338533541341654,1,0.326984126984127,0.339869281045752,0.964169381107492,0.50402576489533,1,0.31924882629108,0.3390625,1,0.322950819672131,0.0859504132231405,0.332797427652733,0.339805825242718,1,0.349056603773585,1,1,1,1,0.678683385579937,1,1,0,0.10126582278481,1,0.0387596899224806,0,1,0.553719008264463,0.663987138263666,1,0.0495207667731629,0.321144674085851,1,0.321428571428571,1,0.666136724960254,1,0.327476038338658,0.329617834394904,0.326984126984127,1,0.331738437001595,1,0.481717011128776,1,0.326433121019108,0.297124600638978,0.332293291731669,0.326892109500805,0.476725521669342,0.998420221169036,0.330188679245283,0.32569558101473,1,0.313880126182965,1,1,0.326892109500805,0.546995377503852,1,0.31911532385466,1,0.0368663594470046,1,0.322981366459627,0.66824644549763,0.342902711323764,0.9375,0.451986754966887,0.0988835725677831,0.0919354838709677,1,1,0.340157480314961,1,0.327102803738318,1,0.812018489984592,1,0.332784184514003,1,1,1,1,0.344103392568659,1,0.3328,0.248025276461295,1,0.325434439178515,1,0.315705128205128,0.0805152979066023,1,0.328925619834711,1,1,1,0.343307086614173,1,0.335473515248796,1,0.317817014446228,1,0.333868378812199,0.0752351097178683,1,0.631932773109244,1,1,0.3312,1,1,1,1,0.336012861736334,0.31974921630094,1,0.998402555910543,0.328616352201258,0.323051948051948,1,0.441640378548896,0.657935285053929,0,0.331738437001595,0.66031746031746,1,0.332288401253919,1,0.998439937597504,1,0.326366559485531,0.325471698113208,0.334928229665072,1,1,1,0,1,0.318181818181818,0.975961538461538,0.342443729903537,0.315619967793881,0.74685534591195,1,1,1,1,1,0.0429936305732484,0.322061191626409,0.332810047095761,1,0.673501577287066,1,1,0.998394863563403,0.9984375,1,1,0.00316455696202532,0.314152410575428,1,0.325769854132901,1,0.31378763866878,1,1,1,1,1,0.33652312599681,1,0.513687600644122,0.332792207792208,0.33641975308642,0.317666126418152,0.3296,0.33652312599681,0.426929392446634,0.337984496124031,0.323763955342903,0.32753164556962,1,0.331210191082803,1,0.671406003159558,0.32755905511811,0.312302839116719,0.351132686084142,1,1,1,0.261637239165329,0.311004784688995,1,0.32258064516129,0.339171974522293,0.319870759289176,0.32967032967033,0.674757281553398,1,0.334379905808477,0.332797427652733,1,0.317355371900826,1,0.315707620528771,0.3216,1,1,1,0.527733755942948,1,0.675718849840256,0.0841121495327103,0.339144215530903,1,1,0.0962145110410095,0.327014218009479,0.33605220228385,1,1,0.317965023847377,0.0190779014308426,0.00325732899022801,1,1,0.348982785602504,0.998402555910543,1,0.320450885668277,1,1,0.327476038338658,1,1,1,1,0.336012861736334,0.321875,0.334426229508197,1,1,0.663009404388715,0.324717285945073,1,0.332283464566929,0.309178743961353,1,1,0.998389694041868,1,1,0.333333333333333,1,1,0.103559870550162,0.34488188976378,0.504823151125402,0.322632423756019,0.661812297734628,0.332288401253919,1,0.32463295269168,0.344,0.255555555555556,0.332283464566929,1,0.33695652173913,1,1,1,0.324367088607595,0.3328125,0.998412698412698,0.927631578947368,0.0563607085346216,1,0.33015873015873,0.332273449920509,0.323101777059774,1,0.339089481946625,0.463258785942492,0.335473515248796,0.318541996830428,0.320261437908497,0.321027287319422,1,0.33442088091354,1,1,0,1,0.329581993569132,1,1,1,0.341384863123994,1,0.316639741518578,1,0.847512038523275,1,1,1,0.326465927099842,1,1,0.326892109500805,0.323717948717949,1,1,0.3184,0.180533751962323,1,0.998389694041868,1,0,0.322368421052632,1,0.314553990610329,0.235008103727715,1,0.669871794871795,0.441130298273155,1,1,0.669753086419753,0.692307692307692,0.361022364217252,1,0.333333333333333,1,1,0.345104333868379,1,0.998387096774194,0.00805152979066022,0.337078651685393,1,1,0.330645161290323,1,1,0.316639741518578,0.324881141045959,1,1,1,0.538216560509554,0.3203125,0.351132686084142,0.330246913580247,0.337539432176656,0.681159420289855,0.339089481946625,0.338164251207729,0.322378716744914,0.238709677419355,0.333878887070376,1,0.321259842519685,0.998430141287284,0.32484076433121,0.0804953560371517,0.043613707165109,1,1,0.0352564102564103,1,0.678740157480315,0.0368589743589744,0.0129659643435981,1,0.665064102564103,1,1,0.544303797468354,1,0,0.0757825370675453,1,1,1,0.330097087378641,0.642967542503864,0.677577741407529,0.995230524642289,1,0.984399375975039,0.316720257234727,0.327974276527331,1,0.309562398703404,1,0.378205128205128,0.10016155088853,0.316957210776545,0.328660436137072,0.34125636672326,1,0.0777777777777778,1,1,1,0.26031746031746,0.34094616639478,1,0.3328,1,1,0.32182103610675,1,0.335901386748844,1,0.319935691318328,0.333333333333333,1,0.6704,0.32348367029549,1,0.319805194805195,0.771065182829889,0.330203442879499,0.161137440758294,0.334370139968896,0.78343949044586,0.319805194805195,1,0.334935897435897,0.343799058084772,0.305379746835443,1,1,1,0.973597359735974,0.33500837520938,1,0.327868852459016,1,0.320325203252033,0.326053042121685,1,1,1,0.913875598086124,1,0.326086956521739,0.333863275039746,1,1,0.0460526315789474,0.0809061488673139,1,1,0.323624595469256,1,1,0.325806451612903,1,1,0.67192429022082,0.523809523809524,1,0,1,1,0.0978260869565217,0.331210191082803,1,0.334384858044164,0.998392282958199,0.971107544141252,0.998389694041868,0.83015873015873,1,0.342148760330579,1,1,1,0,0.316666666666667,1,1,0.656,1,0.323809523809524,0.367924528301887,0.325914149443561,1,1,1,0.0878274268104777,0.333333333333333,0.0848287112561175,0.998376623376623,0.326018808777429,0.311526479750779,0.359300476947536,0,1,0.962962962962963,1,1,0.337115072933549,0.316118935837246,0.159305993690852,0.0339805825242718,0.335463258785943,0.321656050955414,0.336463223787167,0,0.329617834394904,1,0,0.333863275039746,1,1,1,0.329133858267717,0.33489827856025,0.0281456953642384,1,0.333333333333333,0.323763955342903,1,1,0.3344,0.681518151815181,1,1,0.685154975530179,1,0.3234375,1,0.326892109500805,0.518808777429467,0.659375,0.411023622047244,1,0.311627906976744,0.326892109500805,0.672955974842767,0.663551401869159,1,0.33974358974359,1,0.335375191424196,1,0.333863275039746,0.324013157894737,0.3664,0.531446540880503,0.332778702163062,0.319354838709677,0.65,0.333333333333333,0.149501661129568,1,0,1,0.297872340425532,1,0,0.333333333333333,0.330645161290323,1,0.0516431924882629,1,0.0846905537459283,0.355305466237942,1,0.0604133545310016,0.661367249602544,1,1,1,0.320066334991708,0.0372670807453416,1,0.439222042139384,0.0938511326860841,0.375786163522013,0.332805071315372,0.337042925278219,1,1,1,1,1,0.0603715170278638,0.995305164319249,0.678683385579937,0.00306278713629403,0.328616352201258,1,1,1,1,0.082670906200318,0.326625386996904,1,1,1,1,1,1,0.477449455676516,0,1,0.0793157076205288,0.331230283911672,0.420062695924765,1,0.411669367909238,0.323529411764706,0.328548644338118,1,0.0353130016051364,0.332283464566929,1,1,0.391517128874388,0.321875,0.316957210776545,0.329032258064516,0.998415213946117,0.34094616639478,0.334905660377358,0.424483306836248,0.329073482428115,0.976452119309262,0.318461538461538,0.0793388429752066,0.32967032967033,0,1,0.0841423948220065,0.311986863711002,0.330658105939005,0.32520325203252,1,1,1,1,1,1,0.339256865912762,1,0.329052969502408,0.32013769363167,0.623028391167192,0.670947030497592,1,1,0,0.328197226502311,0.115506329113924,0.998454404945904,0.0336538461538462,1,1,0.32569558101473,1,1,0.637380191693291,0.424143556280587,0.997001499250375,0.0787781350482315,0.0920840064620355,1,1,1,0.0882825040128411,0,0.33125,0.428120063191153,0.3234375,0,0.337620578778135,0.0826580226904376,1,1,0.32398753894081,0.328525641025641,0.233009708737864,0.336569579288026,0.321766561514196,0.331738437001595,1,1,0.336585365853659,1,0,1,0.217806041335453,1,0.674961119751166,1,0.312202852614897,0.32463295269168,0.076555023923445,0.667202572347267,1,1,0.778491171749599,0.895522388059702,0.336025848142165,0.32520325203252,1,0.328,0.251612903225806,0.328502415458937,1,0.0987460815047022,1,1,0.333865814696486,0.67536704730832,0.318840579710145,1,1,0.318541996830428,0.317307692307692,0.322327044025157,0.86326194398682,0.323051948051948,1,0.0500782472613459,1,1,0.684044233807267,0.637658227848101,0.336065573770492,0.0523809523809524,0.333863275039746,1,1,0.319047619047619,0.338709677419355,0.617322834645669,1,0.324451410658307,0.386996904024768,0.319047619047619,0.987381703470032,0.470209339774557,0.00314465408805031,0.310832025117739,0.330246913580247,0.33868378812199,0.324590163934426,0.330696202531646,0.968304278922345,1,0.320754716981132,0.532894736842105,0.673170731707317,0.230891719745223,0.676126878130217,1,0.337042925278219,0.0016260162601626,0.332802547770701,0.322169059011164,0.361635220125786,0.330645161290323,0,0.344551282051282,0.326465927099842,0.333333333333333,0.322274881516588
"556",0,0,0,0,0,0,0.296124031007752,0,0,0.908945686900958,0,0.954545454545455,0.179127725856698,0,0.689763779527559,0.699846860643185,0.930981595092024,0.304838709677419,0,0,0.721286370597244,0.696875,0,0.849923430321593,0,0.682027649769585,0.681470137825421,0,0,0.202194357366771,0.696240601503759,0.268292682926829,0.0363086232980333,0.686728395061728,1,0,0.445987654320988,0,0.708520179372197,0,0.327718223583461,0.30521472392638,0.303215926493109,0,0,0.6859375,0.687211093990755,0.699248120300752,0.684451219512195,0.684848484848485,1,0,0.692541856925419,0,0,0.511591962905719,0.43167701863354,0,0,0,0.672672672672673,0.689127105666156,0.683229813664596,0.3078125,0,0,0.960061443932412,0,0.938714499252616,0.681749622926094,0,0.683563748079877,0.6801872074883,0.0347551342812006,0.470499243570348,0,0.694063926940639,0.66969696969697,0,0.681889763779528,0.92246835443038,0.672360248447205,0.674347158218126,0,0.672281776416539,0,0,0,0,0.301538461538462,0,0,0.998461538461539,0.905343511450382,0,0.952451708766716,1,0,0.431528662420382,0.321259842519685,0,0.940625,0.69170579029734,0,0.698924731182796,0,0.313455657492355,0,0.686728395061728,0.686635944700461,0.685410334346505,0,0.676970633693972,0,0.495440729483283,0,0.691244239631336,0.702127659574468,0.686656671664168,0.68266253869969,0.515479876160991,0,0.688073394495413,0.691222570532915,0,0.697530864197531,0,0,0.668217054263566,0.452631578947368,0,0.693023255813954,0,0.955489614243323,0,0.692889561270802,0.313546423135464,0.680916030534351,0.0712074303405573,0.578864353312303,0.902021772939347,0.906584992343032,0,0,0.677570093457944,0,0.688721804511278,0,0.18562874251497,0,0.685897435897436,0,0,0,0,0.679012345679012,0,0.682737169517885,0.752279635258359,0,0.690548780487805,0,0.70015455950541,0.917573872472784,0,0.696734059097978,0,0,0,0.660606060606061,0,0.6734375,0,0.705521472392638,0,0.685271317829457,0.930197268588771,0,0.350793650793651,0,0,0.691222570532915,0,0,0,0,0.683076923076923,0.685800604229607,0,0,0.681818181818182,0.693146417445483,0,0.540458015267176,0.325337331334333,1,0.682779456193353,0.324534161490683,0,0.686363636363636,0,0,0,0.686153846153846,0.687218045112782,0.68362480127186,0,0,0,1,0,0.70253164556962,0.0261538461538462,0.686915887850467,0.695987654320988,0.245426829268293,0,0,0,0,0,0.955521472392638,0.691833590138675,0.684931506849315,0,0.319213313161876,0,0,0.00154083204930663,0,0,0,0.99537750385208,0.680786686838124,0,0.701112877583466,0,0.699088145896657,0,0,0,0,0,0.682888540031397,0,0.495297805642633,0.682098765432099,0.672699849170437,0.69922480620155,0.690625,0.677519379844961,0.600313479623824,0.675344563552833,0.68960244648318,0.692660550458716,0,0.688372093023256,0,0.303892215568862,0.686728395061728,0.692077727952167,0.675344563552833,0,0,0,0.74414976599064,0.697247706422018,0,0.680555555555556,0.680722891566265,0.691603053435115,0.680786686838124,0.312111801242236,0,0.679699248120301,0.686028257456829,0,0.709779179810726,0,0.693009118541033,0.688271604938272,0,0,0,0.445300462249615,0,0.306027820710974,0.919642857142857,0.687116564417178,0,0,0.912844036697248,0.688549618320611,0.67651632970451,0,0,0.70679012345679,0.97542242703533,0.996894409937888,0,0,0.674140508221226,0.00154320987654321,0,0.690440060698027,0,0,0.691244239631336,0,0,0,0,0.679012345679012,0.697466467958271,0.6765625,0,0,0.315950920245399,0.686427457098284,0,0.682515337423313,0.702909647779479,0,0,0,0,0,0.680491551459293,0,0,0.903328050713154,0.670750382848392,0.517080745341615,0.701238390092879,0.32348367029549,0.689969604863222,0,0.697674418604651,0.671850699844479,0.748103186646434,0.685325264750378,0,0.685157421289355,0,0,0,0.697996918335901,0.68609865470852,0,0.0725552050473186,0.936335403726708,0,0.687692307692308,0.684129429892142,0.696540880503145,0,0.678733031674208,0.512307692307692,0.682515337423313,0.701238390092879,0.700475435816165,0.697347893915757,0,0.680685358255452,0,0,1,0,0.684952978056426,0,0,0,0.682098765432099,0,0.690031152647975,0,0.145015105740181,0,0,0,0.68558282208589,0,0,0.697388632872504,0.688751926040062,0,0,0.697108066971081,0.823439878234399,0,0,0,1,0.692913385826772,0,0.697247706422018,0.758778625954198,0,0.31859756097561,0.568215892053973,0,0,0.309734513274336,0.295489891135303,0.657407407407407,0,0.695252679938744,0,0,0.675548589341693,0,0,0.99079754601227,0.68798751950078,0,0,0.677519379844961,0,0,0.700310559006211,0.667170953101362,0,0,0,0.46583850931677,0.697247706422018,0.662519440124417,0.690265486725664,0.674242424242424,0.304012345679012,0.681203007518797,0.673846153846154,0.697744360902256,0.766871165644172,0.6890625,0,0.684370257966616,0,0.686064318529862,0.919161676646707,0.94856278366112,0,0,0.96,0,0.304932735426009,0.954198473282443,0.987616099071207,0,0.309923664122137,0,0,0.465007776049767,0,1,0.927884615384615,0,0,0,0.684044233807267,0.344674556213018,0.307936507936508,0.00611620795107034,0,0.0122324159021407,0.70679012345679,0.662519440124417,0,0.707086614173228,0,0.635258358662614,0.90015600624025,0.694656488549618,0.691154422788606,0.671544715447154,0,0.924698795180723,0,0,0,0.74885145482389,0.680061823802164,0,0.680555555555556,0,0,0.694610778443114,0,0.685294117647059,0,0.70077519379845,0.6890625,0,0.312401883830455,0.693693693693694,0,0.6953125,0.243865030674847,0.69578313253012,0.851063829787234,0.690119760479042,0.21671826625387,0.694006309148265,0,0.682588597842835,0.674735249621785,0.717357910906298,0,0,0,0.0287081339712919,0.66025641025641,0,0.684044233807267,0,0.688206785137318,0.690332326283988,0,0,0,0.0773993808049536,0,0.696562032884903,0.684931506849315,0,0,0.952380952380952,0.923913043478261,0,0,0.697305863708399,0,0,0.690769230769231,0,0,0.314152410575428,0.458646616541353,0,1,0,0,0.910581222056632,0.682515337423313,0,0.677321156773212,0,0.0352760736196319,0,0.16385911179173,0,0.675675675675676,0,0,0,1,0.697899838449112,0,0,0.322981366459627,0,0.683076923076923,0.648690292758089,0.686728395061728,0,0,0,0.913373860182371,0.685624012638231,0.913385826771654,0,0.69618320610687,0.696509863429439,0.644274809160305,1,0,0.0438066465256798,0,0,0.6875,0.702865761689291,0.842349304482226,0.957613814756672,0.684375,0.697063369397218,0.68018018018018,0.998439937597504,0.694573643410853,0,1,0.691489361702128,0,0,0,0.693374422187982,0.689655172413793,0.9648,0,0.683153013910355,0.699386503067485,0,0,0.689814814814815,0.299840510366826,0,0,0.30173775671406,0,0.695324283559578,0,0.691603053435115,0.458015267175573,0.321752265861027,0.603857566765579,0,0.706686930091185,0.689393939393939,0.308623298033283,0.326347305389222,0,0.684049079754601,0,0.689497716894977,0,0.690658499234303,0.700617283950617,0.65891472868217,0.471212121212121,0.687692307692308,0.696261682242991,0.331269349845201,0.686544342507645,0.857371794871795,0,1,0,0.7125,0,1,0.686635944700461,0.689655172413793,0,0.943703703703704,0,0.921752738654147,0.667697063369397,0,0.931818181818182,0.325617283950617,0,0,0,0.6976,0.958271236959762,0,0.575193798449612,0.91496062992126,0.649769585253456,0.685496183206107,0.679938744257274,0,0,0,0,0,0.933333333333333,0.00452488687782805,0.310502283105023,0.995588235294118,0.685015290519878,0,0,0,0,0.9209726443769,0.688922610015175,0,0,0,0,0,0,0.502269288956127,0.998435054773083,0,0.918335901386749,0.684049079754601,0.553516819571865,0,0.611455108359133,0.694888178913738,0.699088145896657,0,0.958588957055215,0.687405159332322,0,0,0.63452566096423,0.693009118541033,0.697568389057751,0.689984101748808,0,0.682539682539683,0.689814814814815,0.595975232198142,0.686153846153846,0.0259146341463415,0.695522388059701,0.918238993710692,0.683001531393568,1,0,0.917829457364341,0.703937007874016,0.685847589424572,0.68798751950078,0,0,0,0,0,0,0.67817896389325,0,0.685185185185185,0.699507389162562,0.392694063926941,0.313755795981453,0,0,1,0.695522388059701,0.889739663093415,0,0.96030534351145,0,0,0.682389937106918,0,0,0.377329192546584,0.603149606299213,0.00440528634361234,0.92246835443038,0.910077519379845,0,0,0,0.918335901386749,1,0.687975646879756,0.586314152410575,0.689291101055807,1,0.681318681318681,0.911627906976744,0,0,0.692192192192192,0.692780337941628,0.762839879154079,0.671406003159558,0.692660550458716,0.687116564417178,0,0,0.674884437596302,0,1,0,0.784829721362229,0,0.32262996941896,0,0.694099378881988,0.704581358609795,0.925644916540212,0.318731117824773,0,0,0.202786377708978,0.0968253968253968,0.689335394126739,0.684292379471229,0,0.690184049079755,0.746543778801843,0.681747269890796,0,0.906727828746177,0,0,0.691358024691358,0.316770186335404,0.69969040247678,0,0,0.700305810397553,0.704718417047184,0.681681681681682,0.144444444444444,0.690513219284603,0,0.945121951219512,0,0,0.295522388059701,0.347222222222222,0.677672955974843,0.94392523364486,0.684782608695652,0,0,0.701399688958009,0.675925925925926,0.369631901840491,0,0.69618320610687,0.638719512195122,0.691603053435115,0.0121028744326778,0.517080745341615,0.995384615384615,0.696646341463415,0.68215892053973,0.682316118935837,0.694968553459119,0.687125748502994,0.0298507462686567,0,0.689497716894977,0.437001594896332,0.309748427672956,0.769113149847095,0.302588996763754,0,0.683563748079877,0.998442367601246,0.676335877862595,0.694189602446483,0.650914634146341,0.68125,1,0.675925925925926,0.683385579937304,0.675039246467818,0.693374422187982
"557",0.295934959349594,0.302100161550889,0.299352750809061,0.32516339869281,0.305194805194805,0.303571428571429,0.00830564784053156,0.318936877076412,0.312903225806452,0.576470588235294,0.315789473684211,0.652032520325203,0.508278145695364,0.30983606557377,1,1,0.634460547504026,0,0.30718954248366,0.305958132045089,1,1,0.314102564102564,0.523731587561375,0.305379746835443,1,1,0.329411764705882,0.307443365695793,0.515447154471545,1,0.576,0.36038961038961,0.996710526315789,0.67483660130719,0.305172413793103,0.144215530903328,0.313001605136437,1,0.296774193548387,0.0032626427406199,0,0,0.326765188834154,0.312292358803987,1,0.995024875621891,1,1,1,0.699186991869919,0.317880794701987,1,0.311582381729201,0.308426073131955,0.803660565723794,0.13477537437604,0.316476345840131,0.314009661835749,0.317589576547231,0.99194847020934,1,1,0.00489396411092985,0.311973018549747,0.311897106109325,0.669407894736842,0.315024232633279,0.623052959501558,1,0.311004784688995,1,1,0.278606965174129,0.171701112877583,0.307692307692308,1,0.996820349761526,0.311290322580645,1,0.602368866328257,1,1,0.316476345840131,1,0.316720257234727,0.307565789473684,0.323577235772358,0.307817589576547,0,0.315270935960591,0.315372424722662,0.692185007974482,0.583870967741935,0.306666666666667,0.649289099526066,0.684729064039409,0.307073954983923,0.127731092436975,0,0.305691056910569,0.629032258064516,1,0.304347826086957,1,0.317589576547231,0,0.315270935960591,1,1,1,0.296296296296296,0.996768982229402,0.318181818181818,0.210776545166403,0.294770206022187,1,0.380875202593193,1,1,0.208400646203554,0.303079416531605,1,1,0.320846905537459,1,0.309486780715397,0.312401883830455,0.374392220421394,0.761075949367089,0.319327731092437,1,0.32013201320132,0.6513470681458,0.325041459369818,1,0.00161550888529887,1,0.367647058823529,0.887563884156729,0.587275693311582,0.596774193548387,0.307317073170732,0.31438127090301,1,0.309328968903437,1,0.296116504854369,0.498397435897436,0.318541996830428,1,0.309178743961353,0.308970099667774,0.318032786885246,0.319672131147541,1,0.29951690821256,1,0.428571428571429,0.317307692307692,1,0.311290322580645,1,0.603559870550162,0.317275747508306,1,0.314516129032258,0.297427652733119,0.326829268292683,0.987240829346092,0.31869918699187,1,0.313014827018122,1,0.313758389261745,1,0.604918032786885,0.298555377207063,0.0302521008403361,0.287603305785124,0.304838709677419,1,0.291734197730956,0.3125,0.312202852614897,0.321252059308072,1,1,0.311986863711002,0.314144736842105,1,1,0.31629392971246,0.253658536585366,0.0217391304347826,0.688709677419355,1,0.00321543408360129,0.303858520900322,1,0.313432835820896,0.304897314375987,0.313195548489666,0.998397435897436,1,1,0.320063694267516,0.31063122923588,0.302588996763754,0.686985172981878,0.298013245033113,1,0.327922077922078,1,1,0.451355661881978,0.318407960199005,0.317666126418152,0.313001605136437,0.307073954983923,0.303839732888147,0.650819672131148,1,1,0.307443365695793,0.00158227848101266,0.325396825396825,0.310236220472441,0.32183908045977,0.307814992025518,0.297077922077922,0.313880126182965,0.707395498392283,0.367088607594937,0.298701298701299,1,0.315,1,0.301765650080257,0.302479338842975,0.307817589576547,0.322368421052632,0.307565789473684,1,0.314785373608903,0.782894736842105,1,1,0.996715927750411,1,1,0.897520661157025,1,1,1,0.313408723747981,1,0.309931506849315,0,1,0.388272583201268,1,0.322689075630252,0.317073170731707,0.311183144246353,0.423140495867769,1,0.316045380875203,1,1,1,1,0,0.309061488673139,1,1,0.315270935960591,1,0.316129032258064,1,1,0.301794453507341,0.312396694214876,0.2944,0.160975609756098,0.321311475409836,0,0.59904912836767,1,0.309791332263242,0.315789473684211,0.591276252019386,1,1,0.322368421052632,0.320846905537459,1,0.668831168831169,0.71,0.301324503311258,0.313758389261745,0.992088607594937,0.323577235772358,0.295418641390205,1,0.305825242718447,0.295161290322581,1,0.29042904290429,0.317230273752013,0.314696485623003,0.3136,1,1,1,0.304,0.31973898858075,0.00641025641025641,0.99349593495935,0.326765188834154,1,1,0.302884615384615,0.32120253164557,0.308426073131955,0.309951060358891,0.313014827018122,1,0.300324675324675,0.307308970099668,0.568595041322314,1,0.831189710610932,1,0,1,0.315372424722662,1,1,0.418006430868167,0.998410174880763,0.314424635332253,1,0.304065040650407,0.289389067524116,0.308306709265176,1,1,0.310289389067524,0.390784982935154,0.622331691297209,0.296849087893864,1,1,1,0.310965630114566,1,0.205787781350482,1,1,1,1,0.320695102685624,1,0.315966386554622,0.325358851674641,0.682410423452769,0.298013245033113,1,0.318840579710145,0.311216429699842,0.30514096185738,1,0.295418641390205,1,0.3109375,0.472843450479233,0.320450885668277,0.31973898858075,0.30564263322884,1,0.308196721311475,0.305418719211823,1,1,0.317891373801917,0.302931596091205,1,0.480645161290323,0.309121621621622,0.322115384615385,0.319554848966614,0.684887459807074,1,0.299668874172185,1,0.421138211382114,0.306688417618271,0,0.871632329635499,0.31973898858075,0.317152103559871,0,0.0327332242225859,0.980392156862745,0.305331179321486,1,0.301948051948052,0.311864406779661,1,0.3152,0.313628899835796,0.680194805194805,1,0.32137030995106,0.319354838709677,1,0.303656597774245,0.31,1,0.339774557165862,0.304276315789474,0.306451612903226,0.326829268292683,0.784219001610306,1,0.983606557377049,1,1,0.00163132137030995,1,0.995137763371151,1,0.429951690821256,0.998336106489185,0.308056872037915,0.995207667731629,0.322259136212625,0.998394863563403,0.605304212168487,0.63768115942029,0.314102564102564,0.308186195826645,0.649350649350649,0.312811980033278,0,0.645214521452145,0.693181818181818,0.313694267515924,0.00161812297734628,0.305785123966942,0.302439024390244,0.763245033112583,0.31687898089172,0.692182410423453,0.60530679933665,0.313504823151125,0.312698412698413,0.301435406698565,1,0.0264797507788162,0,0.304838709677419,0.316476345840131,0.32463295269168,1,0.337171052631579,0.315112540192926,1,0.296116504854369,0.931372549019608,0.57495881383855,1,1,0.994718309859155,0.318910256410256,0.616504854368932,0.312202852614897,0.309644670050761,0.30655737704918,0.411392405063291,1,0.308562197092084,1,0.316225165562914,0.311973018549747,1,0.307820299500832,1,0.32520325203252,1,1,0.311688311688312,0,1,0.316720257234727,1,0.556451612903226,1,0.509646302250804,1,0.551386623164764,1,0.309090909090909,1,1,1,0.302588996763754,0.311447811447811,0.309148264984227,0.342237061769616,0.332214765100671,0.297560975609756,1,0.320450885668277,1,1,0.318181818181818,0.315270935960591,0.302694136291601,0.384364820846906,0.317741935483871,1,1,0.323671497584541,0.309328968903437,0.632619439868204,0.597381342062193,0.315533980582524,0.317434210526316,1,0.306188925081433,0.311111111111111,0.996747967479675,0.298507462686567,0.3,0,0.1488,0.312811980033278,0.685805422647528,0.306055646481178,0.316037735849057,0.600633914421553,0.996710526315789,0.303482587064677,1,0.308823529411765,0.334967320261438,0.306688417618271,0.460674157303371,0.305057096247961,1,0.316476345840131,0.311475409836066,0.316666666666667,0.697899838449112,1,0.309719934102142,0.311290322580645,0,0.317152103559871,0.998363338788871,0.948553054662379,1,0.316129032258064,0.319935691318328,0.315875613747954,0.5872,1,0.592409240924092,0.324590163934426,1,1,0.965686274509804,0.688524590163934,0.327922077922078,0.350993377483444,0.31629392971246,0.311501597444089,1,1,0.515702479338843,0.645528455284553,1,1,0.998394863563403,0.7,1,0.314194577352472,0.685154975530179,1,0.315619967793881,0.310116086235489,0.311290322580645,0.998384491114701,1,0.651741293532338,0.315955766192733,1,1,0.324717285945073,0.3,0.99836867862969,0,0.304918032786885,0.306425041186161,0.00646203554119548,0.311004784688995,1,0.302876480541455,1,0.158833063209076,0,0.899068322981366,0.32258064516129,1,1,0,0.00158227848101266,0.304347826086957,1,0.315,0.996865203761755,0.308970099667774,1,0.998333333333333,0.959742351046699,0.779904306220096,1,1,0.00487012987012987,1,0.520408163265306,0.314754098360656,0.679425837320574,0.312297734627832,1,0.311793214862682,0.685575364667747,1,1,0.307178631051753,0.625391849529781,0.320967741935484,0.590032154340836,0.970636215334421,0.322475570032573,0.608482871125612,0.0130718954248366,0.301302931596091,0.314102564102564,0.3088,1,0.652380952380952,0.29903536977492,0.878489326765189,0.6,0.963665086887836,1,1,0.311688311688312,0.332231404958678,0.306425041186161,0.306581059390048,0.304560260586319,0.626582278481013,0.310509554140127,0,0.686427457098284,1,0.319488817891374,0.3042071197411,0.312080536912752,0.31637519872814,0.6128,1,0.325434439178515,0.328968903436989,0.32258064516129,0.304700162074554,0.302066772655008,0.310344827586207,0.202247191011236,0.686985172981878,0.311688311688312,0.606109324758842,1,0.241157556270096,0.310965630114566,0.912972085385878,1,1,0.308562197092084,0.648387096774194,1,0.304777594728171,0.296774193548387,0.955592105263158,1,1,0.998344370860927,0.313880126182965,1,1,0.898713826366559,1,0.340222575516693,1,0.613598673300166,1,0.681528662420382,0.303079416531605,0.608766233766234,1,1,0.993366500829187,0.315533980582524,0.32258064516129,0.320066334991708,0.309562398703404,0.314569536423841,0.310344827586207,0.983498349834984,0.307568438003221,1,1,0.718446601941748,0,0.306451612903226,0.308441558441558,0.680194805194805,1,0.569558101472995,0.314465408805031,0.655683690280066,0.311475409836066,0.312602291325696,1,0.30655737704918,0.306228373702422,0.683250414593698,0.911222780569514,0.316436251920123,0.609271523178808,0.588235294117647,0.318471337579618,0.315447154471545,0.295161290322581,0.607431340872375,0.686688311688312,1,0.884678747940692,1,0.676236044657097,0.998355263157895,0.591735537190083,0.307060755336617,0.318936877076412,1,1,0.419249592169657,0.99505766062603,1,1,0.297208538587849,0.325806451612903,1,0.311526479750779,0.688709677419355,0.320261437908497,0.447154471544715,0.296900489396411,0,0.308544303797468,1,1,0.603803486529319,0.00158982511923688,0.321311475409836,0.309562398703404,0.0998363338788871,0.406666666666667,1,1,0.313915857605178,1,0.414516129032258,1,0.321372854914197,0.596518987341772,0.315705128205128,0.310116086235489,1,0,1,0.3003300330033,0.313213703099511,1,1,1,0.448051948051948,1,0.312297734627832,0.629392971246006,0.320325203252033,0.319467554076539,0.00160771704180064,0.0372771474878444,1,0.62621359223301,1,0.312803889789303,0.32312925170068,1,1,0.177705977382876,0.306946688206785,1,0.905362776025237,1,0.307817589576547,0.208469055374593,0.678343949044586,1,1,1,1,1,0.287519747235387,0.287603305785124,1,0.125,0.0016366612111293,0.444976076555024,0,0.322528363047002,1,0.685245901639344,1,1,0.895424836601307,1,0.686998394863563,1,1,1,1
"558",1,1,1,1,1,1,0.695364238410596,1,1,0.0897226753670473,1,0.036741214057508,0.822475570032573,1,0.318770226537217,0.309033280507132,0.0559875583203732,0.681666666666667,1,1,0.28892455858748,0.324058919803601,1,0.14785373608903,1,0.333863275039746,0.320066334991708,1,1,0.79073482428115,0.32120253164557,0.739747634069401,0.968253968253968,0.322115384615385,0,1,0.536163522012579,1,0.305164319248826,1,0.656451612903226,0.675675675675676,0.685126582278481,1,1,0.331707317073171,0.316720257234727,0.318181818181818,0.324921135646688,0.335443037974684,0,1,0.31619937694704,1,1,0.506514657980456,0.543408360128617,1,1,1,0.34181240063593,0.325806451612903,0.328478964401294,0.670418006430868,1,1,0.0290791599353796,1,0.0529595015576324,0.329113924050633,1,0.328548644338118,0.337726523887974,0.967213114754098,0.500794912559618,1,0.311605723370429,0.338141025641026,1,0.3278955954323,0.076158940397351,0.325984251968504,0.333863275039746,1,0.340729001584786,1,1,1,1,0.688291139240506,1,1,0.0016025641025641,0.0942492012779553,1,0.0406885758998435,0,1,0.548387096774194,0.6645056726094,1,0.0467741935483871,0.321027287319422,1,0.3216,1,0.680817610062893,1,0.323671497584541,0.32741935483871,0.327503974562798,1,0.335463258785943,1,0.486656200941915,1,0.323101777059774,0.280952380952381,0.332283464566929,0.321311475409836,0.478468899521531,0.998415213946117,0.331230283911672,0.325041459369818,1,0.314194577352472,1,1,0.322632423756019,0.538102643856921,1,0.325320512820513,1,0.0358255451713396,1,0.322222222222222,0.669826224328594,0.334913112164297,0.940226171243942,0.436454849498328,0.0914927768860353,0.0851063829787234,1,1,0.338788870703764,1,0.326153846153846,1,0.822503961965135,1,0.330592105263158,1,1,1,1,0.34185303514377,1,0.334426229508197,0.245980707395498,1,0.326923076923077,1,0.311605723370429,0.0805152979066023,1,0.315359477124183,1,1,1,0.340764331210191,1,0.330143540669856,1,0.316129032258064,1,0.325878594249201,0.0634920634920635,1,0.632450331125828,1,1,0.329011345218801,1,1,1,1,0.328548644338118,0.32755905511811,1,0.998394863563403,0.330708661417323,0.315270935960591,1,0.436507936507937,0.661514683153014,0,0.325434439178515,0.662974683544304,1,0.332278481012658,1,0.998397435897436,1,0.323854660347551,0.326498422712934,0.330065359477124,1,1,1,0,1,0.319935691318328,0.97588424437299,0.325878594249201,0.310789049919485,0.749601275917065,1,1,1,1,1,0.0392156862745098,0.328,0.3328125,1,0.667189952904239,1,1,0.998422712933754,0.998410174880763,1,1,0.00323101777059774,0.308306709265176,1,0.323481116584565,1,0.313385826771654,1,1,1,1,1,0.329052969502408,1,0.514657980456026,0.333870967741935,0.334883720930233,0.319078947368421,0.33652312599681,0.3354943273906,0.420880913539967,0.333863275039746,0.32755905511811,0.312599681020734,1,0.329052969502408,1,0.681458003169572,0.317741935483871,0.301261829652997,0.337620578778135,1,1,1,0.246376811594203,0.318471337579618,1,0.32569558101473,0.336448598130841,0.318327974276527,0.322884012539185,0.677316293929712,1,0.3328125,0.325242718446602,1,0.317114093959732,1,0.315217391304348,0.325508607198748,1,1,1,0.529032258064516,1,0.688498402555911,0.0728682170542636,0.325281803542673,1,1,0.0839936608557845,0.321144674085851,0.332247557003257,1,1,0.312796208530806,0.0226171243941842,0.00163398692810458,1,1,0.347962382445141,1,1,0.318611987381703,1,1,0.325806451612903,1,1,1,1,0.3344,0.321928460342146,0.335537190082645,1,1,0.66031746031746,0.324324324324324,1,0.329173166926677,0.305732484076433,1,1,0.998394863563403,1,1,0.330670926517572,1,1,0.0954692556634304,0.341232227488152,0.491171749598716,0.325732899022801,0.663961038961039,0.320634920634921,1,0.317073170731707,0.335443037974684,0.249607535321821,0.326984126984127,1,0.329173166926677,1,1,1,0.319286871961102,0.330246913580247,0.998430141287284,0.935323383084577,0.053921568627451,1,0.323248407643312,0.328968903436989,0.321951219512195,1,0.337539432176656,0.460443037974684,0.3408,0.315705128205128,0.315960912052117,0.309210526315789,1,0.331699346405229,1,1,0,1,0.32520325203252,1,1,1,0.337641357027464,1,0.323051948051948,1,0.848673946957878,1,1,1,0.321711568938193,1,1,0.319620253164557,0.315286624203822,1,1,0.317965023847377,0.180817610062893,1,0.998417721518987,1,0,0.315619967793881,1,0.318110236220472,0.233278955954323,1,0.660347551342812,0.446708463949843,1,1,0.666666666666667,0.695081967213115,0.35031847133758,1,0.324921135646688,1,1,0.337115072933549,1,0.998381877022654,0.00797448165869218,0.331723027375201,1,1,0.330112721417069,1,1,0.312399355877617,0.333333333333333,1,1,1,0.5376,0.317965023847377,0.351701782820097,0.326086956521739,0.340189873417722,0.683870967741935,0.335443037974684,0.33122028526149,0.328050713153724,0.229903536977492,0.324149108589951,1,0.328638497652582,0.998410174880763,0.320126782884311,0.0744186046511628,0.0454545454545455,1,1,0.0306451612903226,1,0.672413793103448,0.0347003154574132,0.00970873786407767,1,0.668269230769231,1,1,0.538336052202284,1,0,0.0630048465266559,1,1,1,0.336,0.642638036809816,0.683168316831683,0.996830427892235,1,0.985759493670886,0.310509554140127,0.327974276527331,1,0.310855263157895,1,0.382775119617225,0.0949263502454992,0.323248407643312,0.322884012539185,0.337907375643225,1,0.0700934579439252,1,1,1,0.245283018867925,0.333333333333333,1,0.330683624801272,1,1,0.3171875,1,0.325508607198748,1,0.310679611650485,0.32520325203252,1,0.672,0.325115562403698,1,0.314935064935065,0.780096308186196,0.317535545023697,0.150159744408946,0.324574961360124,0.777597402597403,0.315447154471545,1,0.330645161290323,0.346709470304976,0.300955414012739,1,1,1,0.971760797342193,0.342281879194631,1,0.333333333333333,1,0.330550918196995,0.324409448818898,1,1,1,0.932367149758454,1,0.321316614420063,0.323854660347551,1,1,0.0459016393442623,0.0685154975530179,1,1,0.316393442622951,1,1,0.31687898089172,1,1,0.6736,0.518691588785047,1,0,1,1,0.0882352941176471,0.331189710610932,1,0.329093799682035,0.998420221169036,0.969745222929936,0.9984,0.833333333333333,1,0.333333333333333,1,1,1,0,0.309719934102142,1,1,0.668269230769231,1,0.330670926517572,0.368253968253968,0.332242225859247,1,1,1,0.0788643533123028,0.320388349514563,0.0774299835255354,0.998387096774194,0.310725552050473,0.31104199066874,0.367834394904459,0,1,0.962962962962963,1,1,0.332784184514003,0.305511811023622,0.147487844408428,0.0302066772655008,0.330143540669856,0.3152,0.334913112164297,0.0016260162601626,0.322169059011164,1,0,0.32120253164557,1,1,1,0.32475884244373,0.329652996845426,0.0280528052805281,1,0.326465927099842,0.318681318681319,1,1,0.324237560192616,0.686468646864686,1,1,0.684039087947883,1,0.317683881064163,1,0.319620253164557,0.512618296529968,0.667711598746082,0.403697996918336,1,0.306729264475743,0.32,0.675118858954041,0.665625,1,0.329113924050633,1,0.333853354134165,1,0.327447833065811,0.320325203252033,0.3616,0.516693163751987,0.324149108589951,0.317666126418152,0.662921348314607,0.324409448818898,0.138103161397671,1,0,1,0.304918032786885,1,0,0.332268370607029,0.323151125401929,1,0.0470219435736677,1,0.0803858520900322,0.340872374798061,1,0.0546623794212219,0.668269230769231,1,1,1,0.320661157024793,0.03125,1,0.431372549019608,0.0864,0.367924528301887,0.332797427652733,0.331730769230769,1,1,1,1,1,0.0552995391705069,0.9953125,0.671974522292994,0.00309597523219814,0.323854660347551,1,1,1,1,0.076555023923445,0.325396825396825,1,1,1,1,1,1,0.484375,0.00161812297734628,1,0.0753532182103611,0.323151125401929,0.428341384863124,1,0.410339256865913,0.313531353135314,0.314785373608903,1,0.0366826156299841,0.330670926517572,1,1,0.373983739837398,0.317610062893082,0.323671497584541,0.328925619834711,0.998410174880763,0.332258064516129,0.328571428571429,0.409677419354839,0.326465927099842,0.97752808988764,0.3234375,0.0691318327974277,0.329093799682035,0,1,0.0807248764415156,0.318327974276527,0.328502415458937,0.326366559485531,1,1,1,1,1,1,0.337096774193548,1,0.323717948717949,0.325938566552901,0.602825745682888,0.663987138263666,1,1,0,0.3171875,0.113237639553429,0.998442367601246,0.032258064516129,1,1,0.322632423756019,1,1,0.623164763458401,0.419141914191419,0.995384615384615,0.0694668820678514,0.0856219709208401,1,1,1,0.0797448165869219,0,0.327014218009479,0.431561996779388,0.320813771517997,0,0.330065359477124,0.0726978998384491,1,1,0.327586206896552,0.323763955342903,0.22866344605475,0.330128205128205,0.325396825396825,0.323809523809524,1,1,0.338709677419355,1,0,1,0.211974110032362,1,0.668810289389068,1,0.31869918699187,0.312803889789303,0.0629032258064516,0.665620094191523,1,1,0.787638668779715,0.903654485049834,0.328502415458937,0.319218241042345,1,0.325806451612903,0.242671009771987,0.332225913621262,1,0.0884244372990354,1,1,0.327974276527331,0.676282051282051,0.321311475409836,1,1,0.313291139240506,0.312202852614897,0.32572298325723,0.864,0.32626427406199,1,0.0473186119873817,1,1,0.687010954616588,0.641233766233766,0.330592105263158,0.046474358974359,0.337096774193548,1,1,0.312297734627832,0.338709677419355,0.626794258373206,1,0.319685039370079,0.372056514913658,0.319182389937107,0.984326018808777,0.475806451612903,0.00475435816164818,0.311605723370429,0.328616352201258,0.333881578947368,0.326194398682043,0.321483771251932,0.96998420221169,1,0.322169059011164,0.537437603993344,0.683441558441558,0.223454833597464,0.676518883415435,1,0.329052969502408,0.00162074554294976,0.332268370607029,0.321766561514196,0.358730158730159,0.330097087378641,0,0.336507936507937,0.323051948051948,0.327361563517915,0.316455696202532
"559",1,1,1,1,1,1,0.705882352941177,1,1,0.10223642172524,1,0.0504587155963303,0.8140625,1,0.30829420970266,0.306748466257669,0.0702290076335878,0.689490445859873,1,1,0.285935085007728,0.313572542901716,1,0.160606060606061,1,0.325617283950617,0.313971742543171,1,1,0.77373417721519,0.309119010819165,0.716923076923077,0.958966565349544,0.314900153609831,0,1,0.54,1,0.298350824587706,1,0.6625,0.678955453149002,0.694402420574887,1,1,0.315457413249211,0.313084112149533,0.309774436090226,0.323170731707317,0.32312404287902,0,1,0.308868501529052,1,1,0.499227202472952,0.560675883256528,1,1,1,0.332824427480916,0.311627906976744,0.31974921630094,0.678955453149002,1,1,0.0411392405063291,1,0.0643712574850299,0.315315315315315,1,0.314503816793893,0.324409448818898,0.9664,0.509118541033435,1,0.303353658536585,0.332826747720365,1,0.31687898089172,0.0882825040128411,0.332819722650231,0.323574730354391,1,0.335901386748844,1,1,1,1,0.692307692307692,1,1,0.00154798761609907,0.10806697108067,1,0.0526315789473684,0,1,0.565705128205128,0.681047765793529,1,0.0582822085889571,0.312693498452012,1,0.320695102685624,1,0.684292379471229,1,0.317972350230415,0.321428571428571,0.320061255742726,1,0.325153374233129,1,0.484257871064468,1,0.302147239263804,0.299694189602446,0.322388059701493,0.309748427672956,0.480857580398162,0.998439937597504,0.319083969465649,0.312202852614897,1,0.303353658536585,1,1,0.323170731707317,0.547655068078669,1,0.309597523219814,1,0.0483383685800604,1,0.317629179331307,0.679817905918058,0.324574961360124,0.923076923076923,0.436220472440945,0.108359133126935,0.100931677018634,1,1,0.33179012345679,1,0.319940476190476,1,0.793846153846154,1,0.316535433070866,1,1,1,1,0.335433070866142,1,0.318818040435459,0.257318952234206,1,0.312597200622084,1,0.297045101088647,0.088785046728972,1,0.308892355694228,1,1,1,0.328746177370031,1,0.32967032967033,1,0.305555555555556,1,0.316770186335404,0.0826952526799387,1,0.639553429027113,1,1,0.319182389937107,1,1,1,1,0.324655436447167,0.306060606060606,1,0.998456790123457,0.318112633181126,0.306376360808709,1,0.453435114503817,0.668161434977579,0,0.319571865443425,0.667180277349769,1,0.314503816793893,1,0.998480243161094,1,0.313664596273292,0.320610687022901,0.323296354992076,1,1,1,0,1,0.311424100156495,0.967592592592593,0.324409448818898,0.309119010819165,0.748079877112135,1,1,1,1,1,0.0524691358024691,0.311708860759494,0.326747720364742,1,0.684532924961715,1,1,0.998459167950693,0.998468606431853,1,1,0.00455235204855842,0.309341500765697,1,0.311811023622047,1,0.305426356589147,1,1,1,1,1,0.316846986089645,1,0.512345679012346,0.325652841781874,0.32469512195122,0.307086614173228,0.321538461538462,0.332288401253919,0.4234375,0.332814930015552,0.319444444444444,0.305343511450382,1,0.320493066255778,1,0.687311178247734,0.312307692307692,0.305007587253414,0.335949764521193,1,1,1,0.255023183925811,0.305426356589147,1,0.317610062893082,0.330838323353293,0.309486780715397,0.324074074074074,0.677018633540373,1,0.321592649310873,0.310725552050473,1,0.2912,1,0.306870229007634,0.306027820710974,1,1,1,0.546707503828484,1,0.68266253869969,0.087797619047619,0.313755795981453,1,1,0.099236641221374,0.31859756097561,0.328593996840442,1,1,0.305343511450382,0.0260736196319018,0.00316455696202532,1,1,0.337367624810893,1,1,0.313455657492355,1,1,0.312597200622084,1,1,1,1,0.321981424148607,0.3125,0.333333333333333,1,1,0.668188736681887,0.309597523219814,1,0.318250377073906,0.301857585139319,1,1,0.998468606431853,1,1,0.332283464566929,1,1,0.110410094637224,0.329305135951662,0.494539781591264,0.311320754716981,0.673846153846154,0.308868501529052,1,0.309636650868878,0.327613104524181,0.258015267175572,0.314241486068111,1,0.330827067669173,1,1,1,0.309968847352025,0.31570996978852,0.998449612403101,0.919175911251981,0.0732484076433121,1,0.308049535603715,0.3198127925117,0.316279069767442,1,0.322137404580153,0.467987804878049,0.328197226502311,0.30781010719755,0.322378716744914,0.295774647887324,1,0.322274881516588,1,1,0,1,0.31875,1,1,1,0.324324324324324,1,0.308661417322835,1,0.830275229357798,1,1,1,0.314984709480122,1,1,0.309119010819165,0.313271604938272,1,1,0.308641975308642,0.188073394495413,1,0.998449612403101,1,0,0.311526479750779,1,0.308166409861325,0.246875,1,0.678733031674208,0.441754916792738,1,1,0.674041297935103,0.702325581395349,0.341614906832298,1,0.319571865443425,1,1,0.330769230769231,1,0.998430141287284,0.00934579439252336,0.325,1,1,0.32182103610675,1,1,0.30625,0.333843797856049,1,1,1,0.536547433903577,0.309230769230769,0.340557275541796,0.3125,0.334848484848485,0.683720930232558,0.322530864197531,0.325617283950617,0.314199395770393,0.23950233281493,0.317034700315457,1,0.3202416918429,0.998430141287284,0.311077389984825,0.0898021308980213,0.0560606060606061,1,1,0.0446153846153846,1,0.678247734138973,0.0477657935285054,0.0125786163522013,1,0.684129429892142,1,1,0.54953560371517,1,0,0.0771704180064309,1,1,1,0.324960753532182,0.646715328467153,0.692058346839546,0.99388379204893,1,0.983154670750383,0.304012345679012,0.333855799373041,1,0.296703296703297,1,0.378294573643411,0.10989010989011,0.309451219512195,0.316666666666667,0.333333333333333,1,0.0830815709969789,1,1,1,0.26027397260274,0.326018808777429,1,0.3198127925117,1,1,0.311827956989247,1,0.323397913561848,1,0.3125,0.313971742543171,1,0.679748822605965,0.312965722801788,1,0.305772230889236,0.755038759689923,0.31390134529148,0.164615384615385,0.321321321321321,0.762951334379906,0.304212168486739,1,0.318818040435459,0.334346504559271,0.292682926829268,1,1,1,0.964968152866242,0.340288924558588,1,0.320063694267516,1,0.320063694267516,0.318862275449102,1,1,1,0.91588785046729,1,0.306870229007634,0.318042813455657,1,1,0.0557324840764331,0.0860719874804382,1,1,0.309262166405024,1,1,0.311627906976744,1,1,0.67651632970451,0.531297709923664,1,0,1,1,0.105504587155963,0.317411402157165,1,0.328125,0.998454404945904,0.959627329192547,0.998447204968944,0.818320610687023,1,0.327447833065811,1,1,1,0,0.311290322580645,1,1,0.671317829457364,1,0.31859756097561,0.362940275650842,0.315384615384615,1,1,1,0.0945945945945946,0.308176100628931,0.0969793322734499,0.998435054773083,0.306153846153846,0.304804804804805,0.350230414746544,0,1,0.951293759512938,1,1,0.322378716744914,0.298192771084337,0.166666666666667,0.0438871473354232,0.318181818181818,0.308282208588957,0.327743902439024,0.00157232704402516,0.315950920245399,1,0,0.317557251908397,1,1,1,0.316109422492401,0.318250377073906,0.0397456279809221,1,0.324031007751938,0.306525037936267,1,1,0.313935681470138,0.69377990430622,1,1,0.69435736677116,1,0.307346326836582,1,0.316666666666667,0.526636225266362,0.674311926605505,0.409711684370258,1,0.298192771084337,0.316923076923077,0.680851063829787,0.668181818181818,1,0.324031007751938,1,0.31866464339909,1,0.319938176197836,0.309006211180124,0.350308641975309,0.525993883792049,0.318611987381703,0.316770186335404,0.66407465007776,0.322085889570552,0.149443561208267,1,0,1,0.296062992125984,1,0,0.3203125,0.315625,1,0.0638930163447251,1,0.0874233128834356,0.333333333333333,1,0.0709876543209877,0.673913043478261,1,1,1,0.317460317460317,0.0444104134762634,1,0.426179604261796,0.0953125,0.356164383561644,0.321538461538462,0.319083969465649,1,1,1,1,1,0.0721804511278196,0.998493975903614,0.688350983358548,0.00442477876106195,0.321483771251932,1,1,1,1,0.0949464012251149,0.316109422492401,1,1,1,1,1,1,0.490166414523449,0.00156985871271586,1,0.0892586989409985,0.317411402157165,0.435185185185185,1,0.404423380726698,0.303858520900322,0.314329738058552,1,0.0443425076452599,0.318318318318318,1,1,0.364207221350078,0.31306990881459,0.307453416149068,0.32120253164557,0.998466257668712,0.324960753532182,0.315467075038285,0.415213946117274,0.315047021943574,0.970948012232416,0.31390134529148,0.0899053627760252,0.322981366459627,0,1,0.0934579439252336,0.306976744186047,0.319444444444444,0.314641744548287,1,1,1,1,1,1,0.325949367088608,1,0.308641975308642,0.314569536423841,0.590839694656489,0.677621283255086,1,1,0,0.321804511278195,0.121351766513057,0.998480243161094,0.0432766615146832,1,1,0.312597200622084,1,1,0.617554858934169,0.41786283891547,0.99702823179792,0.0874403815580286,0.101105845181675,1,1,1,0.0944272445820433,0,0.310502283105023,0.425696594427245,0.310606060606061,0,0.322932917316693,0.0924764890282132,1,1,0.319148936170213,0.314024390243902,0.241324921135647,0.334384858044164,0.310502283105023,0.319444444444444,1,1,0.327160493827161,1,0,1,0.224299065420561,1,0.679389312977099,1,0.314152410575428,0.298722044728434,0.0814132104454685,0.682706766917293,1,1,0.783489096573209,0.89589905362776,0.319314641744548,0.311501597444089,1,0.3140625,0.254237288135593,0.320872274143302,1,0.106870229007634,1,1,0.311728395061728,0.681020733652313,0.306376360808709,1,1,0.304281345565749,0.306625577812018,0.316341829085457,0.855345911949686,0.308527131782946,1,0.0621212121212121,1,1,0.700305810397553,0.651632970451011,0.318979266347687,0.0615384615384615,0.332814930015552,1,1,0.308755760368664,0.325508607198748,0.621538461538461,1,0.306547619047619,0.381538461538462,0.305084745762712,0.987878787878788,0.476043276661515,0.00465116279069767,0.306870229007634,0.321212121212121,0.320754716981132,0.3171875,0.316341829085457,0.971212121212121,1,0.3125,0.552166934189406,0.689547581903276,0.237082066869301,0.687702265372168,1,0.319875776397516,0.00153374233128834,0.320987654320988,0.311926605504587,0.364885496183206,0.321259842519685,0,0.332824427480916,0.310725552050473,0.319685039370079,0.313935681470138
"560",0.697933227344992,0.677672955974843,0.678125,0.662420382165605,0.683229813664596,0.681962025316456,0.991909385113269,0.673534072900158,0.6765625,0.438311688311688,0.678627145085803,0.371248025276461,0.471246006389776,0.667721518987342,0,0,0.384615384615385,1,0.659937888198758,0.687697160883281,0,0,0.673879443585781,0.487577639751553,0.685847589424572,0,0,0.65742251223491,0.674809160305344,0.465927099841521,0,0.406885758998435,0.621495327102804,0.00479233226837061,0.343260188087774,0.673805601317957,0.865203761755486,0.673312883435583,0,0.684375,0.998417721518987,1,1,0.663522012578616,0.677367576243981,0,0.00317965023847377,0,0,0,0.318252730109204,0.660225442834139,0,0.666666666666667,0.67651632970451,0.184887459807074,0.878594249201278,0.673076923076923,0.675425038639876,0.6688,0.00464396284829721,0,0,0.996840442338073,0.676703645007924,0.67398119122257,0.355661881977671,0.659842519685039,0.389140271493213,0,0.674347158218126,0,0,0.717285945072698,0.846511627906977,0.669753086419753,0,0.00464396284829721,0.667692307692308,0,0.401305057096248,0,0,0.665109034267913,0,0.671732522796353,0.674565560821485,0.666139240506329,0.675078864353312,1,0.667721518987342,0.671212121212121,0.320813771517997,0.419656786271451,0.67205169628433,0.364329268292683,0.328149300155521,0.668730650154799,0.886217948717949,1,0.681889763779528,0.388888888888889,0,0.669887278582931,0,0.677725118483412,1,0.670886075949367,0,0,0,0.68380062305296,0.00310077519379845,0.671361502347418,0.804043545878694,0.685975609756098,0,0.627329192546584,0,0,0.799373040752351,0.680817610062893,0,0,0.662079510703364,0,0.67427701674277,0.67687595712098,0.644094488188976,0.227554179566563,0.6721044045677,0,0.657187993680885,0.3710407239819,0.658576051779935,0,1,0,0.621621621621622,0.0985221674876847,0.418789808917197,0.409090909090909,0.668253968253968,0.671406003159558,0,0.674491392801252,0,0.675,0.488408037094281,0.664634146341463,0,0.67398119122257,0.680445151033386,0.666666666666667,0.67192429022082,0,0.681388012618297,0,0.572981366459627,0.665634674922601,0,0.665130568356375,0,0.414285714285714,0.674679487179487,0,0.673469387755102,0.673946957878315,0.660883280757098,0.0108695652173913,0.666666666666667,0,0.671899529042386,0,0.667763157894737,0,0.411214953271028,0.687789799072643,0.963258785942492,0.691318327974277,0.67981072555205,0,0.689873417721519,0.668224299065421,0.666146645865835,0.663565891472868,0,0,0.674757281553398,0.665615141955836,0,0,0.670846394984326,0.764890282131661,0.978915662650602,0.318818040435459,0,0.998444790046656,0.682389937106918,0,0.667731629392971,0.683307332293292,0.674015748031496,0.00309597523219814,0,0,0.669724770642202,0.675762439807384,0.68380062305296,0.332268370607029,0.684627575277338,0,0.648522550544324,0,0,0.549141965678627,0.665079365079365,0.673374613003096,0.675,0.689547581903276,0.67515923566879,0.365203761755486,0,0,0.678071539657854,0.996899224806202,0.666666666666667,0.678353658536585,0.666666666666667,0.680124223602484,0.689763779527559,0.676380368098159,0.311728395061728,0.645161290322581,0.68895800933126,0,0.671428571428571,0,0.677914110429448,0.687697160883281,0.672985781990521,0.669329073482428,0.680952380952381,0,0.673913043478261,0.195238095238095,0,0,0.0016025641025641,0,0,0.0996732026143791,0,0,0,0.682027649769585,0,0.668300653594771,1,0,0.620743034055728,0,0.662358642972536,0.667726550079491,0.672496025437202,0.58664546899841,0,0.670807453416149,0,0,0,0,1,0.678683385579937,0,0,0.668261562998405,0,0.668711656441718,0,0,0.681318681318681,0.667194928684628,0.687010954616588,0.858505564387917,0.664556962025316,1,0.411497730711044,0,0.670769230769231,0.668789808917197,0.421133231240429,0,0,0.67047308319739,0.65814696485623,0,0.357710651828299,0.304975922953451,0.6896,0.676751592356688,0.00458715596330275,0.666666666666667,0.68,0,0.675384615384615,0.683001531393568,0,0.6752,0.671383647798742,0.672926447574335,0.672496025437202,0,0,0,0.680314960629921,0.663492063492063,0.993720565149137,0.00630914826498423,0.662420382165605,0,0,0.683881064162754,0.66304347826087,0.683881064162754,0.671875,0.6765625,0,0.692307692307692,0.680817610062893,0.431962025316456,0,0.155172413793103,0,1,0,0.666156202143951,0,0,0.587677725118483,0.00154083204930663,0.666666666666667,0,0.685624012638231,0.692429022082019,0.675384615384615,0,0,0.677966101694915,0.600644122383253,0.397798742138365,0.687702265372168,0,0,0,0.664516129032258,0,0.796529968454259,0,0,0,0,0.666666666666667,0,0.681818181818182,0.655063291139241,0.332807570977918,0.682108626198083,0,0.670261941448382,0.676829268292683,0.676328502415459,0,0.688854489164087,0,0.662557781201849,0.516129032258065,0.662538699690402,0.67515923566879,0.681318681318681,0,0.675632911392405,0.682182985553772,0,0,0.669826224328594,0.680685358255452,0,0.519025875190259,0.679153094462541,0.659969088098918,0.663076923076923,0.327586206896552,0,0.695867768595041,0,0.5872,0.682316118935837,1,0.11609907120743,0.671521035598705,0.671428571428571,1,0.968701095461659,0.0140405616224649,0.672496025437202,0,0.675806451612903,0.675324675324675,0,0.66306027820711,0.670347003154574,0.338582677165354,0,0.672985781990521,0.669291338582677,0,0.681114551083591,0.68,0,0.666146645865835,0.672,0.67398119122257,0.658267716535433,0.19435736677116,0,0.0174050632911392,0,0,1,0,0.00622083981337481,0,0.5671875,0.00317460317460317,0.684129429892142,0.0077639751552795,0.657686212361331,0.00458015267175573,0.396369137670197,0.375951293759513,0.66973886328725,0.68160741885626,0.368992248062016,0.675806451612903,1,0.378763866877971,0.3296,0.672307692307692,1,0.67032967032967,0.685271317829457,0.219903691813804,0.671899529042386,0.3265625,0.412140575079872,0.670866141732283,0.67651632970451,0.691082802547771,0,0.974512743628186,1,0.674382716049383,0.665620094191523,0.656923076923077,0,0.667197452229299,0.68025078369906,0,0.682515337423313,0.0573248407643312,0.424635332252836,0,0,0.00672268907563025,0.677966101694915,0.397217928902628,0.667682926829268,0.677577741407529,0.678683385579937,0.584375,0,0.681020733652313,0,0.673139158576052,0.67479674796748,0,0.6768,0,0.669871794871795,0,0,0.667180277349769,1,0,0.669767441860465,0,0.434312210200927,0,0.486024844720497,0,0.426332288401254,0,0.66884176182708,0,0,0,0.668769716088328,0.670418006430868,0.670212765957447,0.635772357723577,0.675453047775947,0.68944099378882,0,0.6609375,0,0,0.669266770670827,0.675118858954041,0.679506933744222,0.60410094637224,0.671779141104294,0,0,0.660990712074303,0.665605095541401,0.374603174603175,0.415605095541401,0.675,0.677265500794913,0,0.686427457098284,0.675344563552833,0.00316455696202532,0.681229773462783,0.678125,1,0.867807153965785,0.664556962025316,0.33134328358209,0.684627575277338,0.670788253477589,0.407692307692308,0.00309597523219814,0.679365079365079,0,0.667192429022082,0.646496815286624,0.6734375,0.513097072419106,0.681388012618297,0,0.666146645865835,0.668269230769231,0.656,0.322981366459627,0,0.668269230769231,0.671317829457364,1,0.66875,0.0015600624024961,0.0462962962962963,0,0.674015748031496,0.668740279937792,0.682464454976303,0.421461897356143,0,0.40829346092504,0.654088050314465,0,0,0.0324574961360124,0.333868378812199,0.659270998415214,0.63349131121643,0.6765625,0.675425038639876,0,0,0.491283676703645,0.380417335473515,0,0,0.00154798761609907,0.316720257234727,0,0.671709531013616,0.333333333333333,0,0.665625,0.668269230769231,0.673015873015873,0.00310077519379845,0,0.363192182410423,0.669254658385093,0,0,0.668769716088328,0.681747269890796,0.0015748031496063,1,0.674121405750799,0.6796875,0.995161290322581,0.680817610062893,0,0.682108626198083,0,0.858024691358025,1,0.0949464012251149,0.661927330173776,0,0,1,1,0.666141732283465,0,0.679674796747967,0.00154083204930663,0.681020733652313,0,0.00159235668789809,0.0362204724409449,0.222222222222222,0,0,0.995230524642289,0,0.483606557377049,0.669303797468354,0.343701399688958,0.669242658423493,0,0.689274447949527,0.33122028526149,0,0,0.67205169628433,0.390317700453858,0.662557781201849,0.417197452229299,0.0241545893719807,0.654516640253566,0.407582938388626,0.9875,0.682965299684543,0.670295489891135,0.668740279937792,0,0.372307692307692,0.6801872074883,0.11128526645768,0.421303656597774,0.0246913580246914,0,0,0.674015748031496,0.652032520325203,0.67948717948718,0.67246835443038,0.679748822605965,0.389830508474576,0.686335403726708,1,0.333333333333333,0.00158730158730159,0.665094339622642,0.6848,0.670436187399031,0.672256097560976,0.395238095238095,0,0.654263565891473,0.651685393258427,0.667207792207792,0.674454828660436,0.678288431061807,0.679936305732484,0.809302325581395,0.335987261146497,0.67304625199362,0.408882082695253,0,0.77007874015748,0.67398119122257,0.0755627009646302,0,0,0.678071539657854,0.370716510903427,0,0.682242990654206,0.695583596214511,0.04,0,0,0.00161030595813205,0.667716535433071,0,0,0.0996835443037975,0,0.642072213500785,0,0.40952380952381,0,0.338485316846986,0.677067082683307,0.401898734177215,0,0,0.00631911532385466,0.663507109004739,0.665610142630745,0.669856459330144,0.672985781990521,0.668292682926829,0.667192429022082,0.0144694533762058,0.681818181818182,0,0,0.281931464174455,1,0.675465838509317,0.667706708268331,0.33125,0,0.436908517350158,0.659509202453988,0.365384615384615,0.673469387755102,0.668284789644013,0,0.679549114331723,0.674418604651163,0.306836248012719,0.0872374798061389,0.667664670658683,0.394184168012924,0.434504792332268,0.671296296296296,0.66131621187801,0.69170579029734,0.404088050314465,0.322884012539185,0,0.100946372239748,0,0.337461300309598,0.0032,0.412238325281804,0.679127725856698,0.664516129032258,0,0,0.575757575757576,0.00484652665589661,0.00306748466257669,0,0.680817610062893,0.663536776212833,0,0.675799086757991,0.328149300155521,0.668759811616955,0.544303797468354,0.688709677419355,1,0.683229813664596,0,0,0.41820987654321,1,0.660828025477707,0.668769716088328,0.898089171974522,0.579378068739771,0,0,0.684458398744113,0,0.591772151898734,0,0.663157894736842,0.417956656346749,0.662460567823344,0.672552166934189,0,1,0,0.683087027914614,0.677725118483412,0,0,0,0.543130990415335,0,0.6703125,0.387247278382582,0.660436137071651,0.667205169628433,1,0.959183673469388,0,0.383280757097792,0,0.6671875,0.659574468085106,0,0,0.83695652173913,0.676703645007924,0,0.0907692307692308,0,0.670750382848392,0.802527646129542,0.340659340659341,0,0,0,0,0,0.704615384615385,0.680379746835443,0,0.880645161290323,1,0.559055118110236,1,0.667731629392971,0,0.329113924050633,0,0,0.110236220472441,0,0.326594090202177,0,0,0,0
"561",1,1,1,1,1,1,0.693037974683544,1,1,0.0935023771790808,1,0.0490045941807044,0.811320754716981,1,0.317262830482115,0.310077519379845,0.0654490106544901,0.679549114331723,1,1,0.292569659442724,0.3203125,1,0.148318042813456,1,0.327692307692308,0.31924882629108,1,1,0.771739130434783,0.324574961360124,0.713841368584759,0.958715596330275,0.316692667706708,0,1,0.543247344461305,1,0.302848575712144,1,0.656923076923077,0.675344563552833,0.690440060698027,1,1,0.322784810126582,0.311912225705329,0.313725490196078,0.329230769230769,0.332822085889571,0,1,0.31570996978852,1,1,0.493710691823899,0.5609375,1,1,1,0.332831325301205,0.322188449848024,0.321981424148607,0.673913043478261,1,1,0.0385802469135802,1,0.062407132243685,0.323262839879154,1,0.326186830015314,0.329073482428115,0.967845659163987,0.51468315301391,1,0.31570996978852,0.340909090909091,1,0.326892109500805,0.0841269841269841,0.329738058551618,0.330745341614907,1,0.345565749235474,1,1,1,1,0.683563748079877,1,1,0.00152905198776758,0.103076923076923,1,0.0518292682926829,0,1,0.5648,0.667706708268331,1,0.0545171339563863,0.316436251920123,1,0.321538461538462,1,0.680916030534351,1,0.31937984496124,0.327131782945736,0.329249617151608,1,0.332317073170732,1,0.490936555891239,1,0.320061255742726,0.300455235204856,0.337386018237082,0.313271604938272,0.48531684698609,0.998459167950693,0.328267477203647,0.318181818181818,1,0.308641975308642,1,1,0.327692307692308,0.540909090909091,1,0.320493066255778,1,0.0474777448071217,1,0.322033898305085,0.672360248447205,0.337423312883436,0.928125,0.436908517350158,0.0995334370139969,0.093167701863354,1,1,0.329211746522411,1,0.32185628742515,1,0.803328290468986,1,0.325358851674641,1,1,1,1,0.33953488372093,1,0.328682170542636,0.252663622526636,1,0.320121951219512,1,0.300462249614792,0.0873634945397816,1,0.321316614420063,1,1,1,0.339449541284404,1,0.331259720062208,1,0.312597200622084,1,0.32967032967033,0.0785824345146379,1,0.633440514469453,1,1,0.322884012539185,1,1,1,1,0.330232558139535,0.3125,1,0.998463901689708,0.324200913242009,0.304075235109718,1,0.440366972477064,0.666167664670659,0,0.325190839694657,0.662037037037037,1,0.327718223583461,1,0.998470948012232,1,0.323574730354391,0.323664122137405,0.33175355450237,1,1,1,0,1,0.309262166405024,0.968553459119497,0.325508607198748,0.310077519379845,0.751926040061633,1,1,1,1,1,0.0493827160493827,0.316770186335404,0.329305135951662,1,0.681887366818874,1,1,0.998456790123457,0.998459167950693,1,1,0.00459418070444104,0.311550151975684,1,0.313479623824451,1,0.304012345679012,1,1,1,1,1,0.3265625,1,0.50386398763524,0.325,0.337899543378995,0.3234375,0.328125,0.33695652173913,0.417197452229299,0.338414634146341,0.324031007751938,0.32,1,0.327131782945736,1,0.680659670164918,0.325115562403698,0.313546423135464,0.338582677165354,1,1,1,0.259659969088099,0.316358024691358,1,0.327102803738318,0.337386018237082,0.321428571428571,0.327245053272451,0.677862595419847,1,0.326747720364742,0.318952234206472,1,0.305863708399366,1,0.313546423135464,0.316590563165906,1,1,1,0.540498442367601,1,0.676829268292683,0.0827178729689808,0.324074074074074,1,1,0.0955315870570108,0.328682170542636,0.329153605015674,1,1,0.31651376146789,0.0296411856474259,0.00311526479750779,1,1,0.342383107088989,0.998439937597504,1,0.315870570107858,1,1,0.320121951219512,1,1,1,1,0.33693972179289,0.320726172465961,0.339089481946625,1,1,0.665137614678899,0.321538461538462,1,0.326315789473684,0.307931570762053,1,1,0.998480243161094,1,1,0.330188679245283,1,1,0.109677419354839,0.344984802431611,0.490769230769231,0.3203125,0.668217054263566,0.323262839879154,1,0.317610062893082,0.3375,0.253499222395023,0.327217125382263,1,0.331825037707391,1,1,1,0.3203125,0.32824427480916,0.998463901689708,0.925750394944708,0.064873417721519,1,0.31733746130031,0.323343848580442,0.319182389937107,1,0.337386018237082,0.472952086553323,0.333841463414634,0.316770186335404,0.320251177394035,0.315707620528771,1,0.327102803738318,1,1,0,1,0.333333333333333,1,1,1,0.336477987421384,1,0.315955766192733,1,0.830015313935682,1,1,1,0.32078313253012,1,1,0.322137404580153,0.313455657492355,1,1,0.31733746130031,0.186830015313936,1,0.998466257668712,1,0,0.316692667706708,1,0.310769230769231,0.241324921135647,1,0.671232876712329,0.43030303030303,1,1,0.671111111111111,0.692780337941628,0.347352024922118,1,0.327666151468315,1,1,0.334379905808477,1,0.998454404945904,0.00934579439252336,0.3328173374613,1,1,0.325471698113208,1,1,0.3078125,0.330275229357798,1,1,1,0.535060975609756,0.309119010819165,0.348982785602504,0.318991097922849,0.334862385321101,0.680314960629921,0.328787878787879,0.328220858895706,0.321428571428571,0.237871674491393,0.324324324324324,1,0.324812030075188,0.998422712933754,0.313546423135464,0.0810810810810811,0.0547945205479452,1,1,0.0434108527131783,1,0.670196671709531,0.0462249614791988,0.0142857142857143,1,0.678899082568807,1,1,0.542056074766355,1,0,0.0755905511811024,1,1,1,0.331259720062208,0.648529411764706,0.686900958466454,0.992435703479576,1,0.980091883614089,0.309119010819165,0.333333333333333,1,0.304416403785489,1,0.36687306501548,0.106687898089172,0.315068493150685,0.322916666666667,0.335537190082645,1,0.0749625187406297,1,1,1,0.262048192771084,0.329153605015674,1,0.320872274143302,1,1,0.315548780487805,1,0.327407407407407,1,0.321483771251932,0.324116743471582,1,0.674884437596302,0.323262839879154,1,0.312401883830455,0.751552795031056,0.323397913561848,0.160550458715596,0.328313253012048,0.759811616954474,0.31496062992126,1,0.332298136645963,0.341426403641882,0.300604229607251,1,1,1,0.963492063492064,0.333865814696486,1,0.332802547770701,1,0.320967741935484,0.326315789473684,1,1,1,0.915123456790123,1,0.312594840667678,0.327666151468315,1,1,0.05,0.0815047021943574,1,1,0.312597200622084,1,1,0.327217125382263,1,1,0.670180722891566,0.535768645357686,1,0,1,1,0.0998487140695915,0.332824427480916,1,0.327613104524181,0.998461538461539,0.962264150943396,0.998449612403101,0.818320610687023,1,0.333333333333333,1,1,1,0,0.317152103559871,1,1,0.66875,1,0.326251896813354,0.361408882082695,0.325227963525836,1,1,1,0.0876132930513595,0.326465927099842,0.0878594249201278,0.998456790123457,0.31866464339909,0.31306990881459,0.364471669218989,0,1,0.952307692307692,1,1,0.33125,0.306060606060606,0.153726708074534,0.0454545454545455,0.317972350230415,0.315047021943574,0.330275229357798,0.00158478605388273,0.32469512195122,1,0,0.319083969465649,1,1,1,0.320552147239264,0.32572298325723,0.0384,1,0.319444444444444,0.320839580209895,1,1,0.324200913242009,0.688,1,1,0.689814814814815,1,0.319340329835082,1,0.317147192716237,0.529770992366412,0.659574468085106,0.411411411411411,1,0.305471124620061,0.320121951219512,0.673312883435583,0.660091047040971,1,0.323262839879154,1,0.332339791356185,1,0.321428571428571,0.314873417721519,0.354489164086687,0.522727272727273,0.321144674085851,0.314194577352472,0.660436137071651,0.320552147239264,0.146730462519936,1,0,1,0.295133437990581,1,0,0.328100470957614,0.328050713153724,1,0.0580357142857143,1,0.0842433697347894,0.341121495327103,1,0.0657492354740061,0.671779141104294,1,1,1,0.317384370015949,0.043609022556391,1,0.432558139534884,0.0920436817472699,0.363086232980333,0.327245053272451,0.331818181818182,1,1,1,1,1,0.0637982195845697,0.995488721804511,0.668711656441718,0.00441826215022091,0.326687116564417,1,1,1,1,0.0860215053763441,0.319213313161876,1,1,1,1,1,1,0.485540334855403,0.0015552099533437,1,0.0858433734939759,0.328149300155521,0.435257410296412,1,0.395866454689984,0.311290322580645,0.320872274143302,1,0.0441400304414003,0.325190839694657,1,1,0.370662460567823,0.315233785822021,0.316923076923077,0.331738437001595,0.998461538461539,0.333860759493671,0.322727272727273,0.424615384615385,0.31937984496124,0.966666666666667,0.323353293413174,0.0842607313195548,0.332307692307692,0,1,0.0867507886435331,0.318252730109204,0.328220858895706,0.326530612244898,1,1,1,1,1,1,0.339144215530903,1,0.326186830015314,0.316139767054908,0.605504587155963,0.669242658423493,1,1,0,0.322727272727273,0.11280487804878,0.998498498498498,0.0402476780185759,1,1,0.325471698113208,1,1,0.625,0.413629160063391,0.995614035087719,0.0755905511811024,0.0956112852664577,1,1,1,0.0883720930232558,0,0.32262996941896,0.418351477449456,0.32383808095952,0,0.333333333333333,0.0878594249201278,1,1,0.326347305389222,0.318181818181818,0.242658423493045,0.332302936630603,0.319508448540707,0.324159021406728,1,1,0.333333333333333,1,0,1,0.225552050473186,1,0.667177914110429,1,0.311627906976744,0.313880126182965,0.0759878419452888,0.66464339908953,1,1,0.782270606531882,0.890127388535032,0.326120556414219,0.322115384615385,1,0.320987654320988,0.25511811023622,0.325471698113208,1,0.100917431192661,1,1,0.323574730354391,0.677725118483412,0.322274881516588,1,1,0.307922272047833,0.312788906009245,0.328787878787879,0.860501567398119,0.322932917316693,1,0.0551301684532925,1,1,0.695718654434251,0.652777777777778,0.329052969502408,0.0574534161490683,0.330733229329173,1,1,0.312302839116719,0.332293291731669,0.619047619047619,1,0.312121212121212,0.377675840978593,0.316358024691358,0.986384266263237,0.4765625,0.00455927051671732,0.30441400304414,0.335832083958021,0.337519623233909,0.32018927444795,0.318385650224215,0.970724191063174,1,0.321646341463415,0.547923322683706,0.68088467614534,0.236641221374046,0.674157303370786,1,0.327718223583461,0.0031055900621118,0.328682170542636,0.31866464339909,0.375,0.329133858267717,0,0.343558282208589,0.320872274143302,0.330696202531646,0.317629179331307
"562",0.300476947535771,0.311320754716981,0.31201248049922,0.3264,0.31201248049922,0.308892355694228,0.0128,0.329073482428115,0.30829420970266,0.579032258064516,0.315870570107858,0.643302180685358,0.511146496815287,0.31924882629108,1,0.998444790046656,0.625382262996942,0.00161030595813205,0.323343848580442,0.30503144654088,0.998422712933754,0.998405103668262,0.324574961360124,0.519500780031201,0.315629742033384,0.998442367601246,0.998394863563403,0.336025848142165,0.30030487804878,0.534181240063593,0.998432601880878,0.585669781931464,0.3625,0.996845425867508,0.67304625199362,0.314332247557003,0.143950995405819,0.328220858895706,0.998484848484849,0.306501547987616,0.00157728706624606,0.00154559505409583,0.00153846153846154,0.334405144694534,0.32120253164557,0.9984,0.995245641838352,0.998493975903614,0.998449612403101,0.998466257668712,0.690880989180835,0.324367088607595,0.998449612403101,0.320813771517997,0.311526479750779,0.82601880877743,0.130573248407643,0.315047021943574,0.311424100156495,0.32967032967033,0.990769230769231,1,0.998425196850394,0.0047244094488189,0.317741935483871,0.31937984496124,0.650717703349282,0.31619937694704,0.613394216133942,0.998463901689708,0.321372854914197,0.998452012383901,1,0.279874213836478,0.162079510703364,0.310975609756098,0.998447204968944,0.995391705069124,0.324159021406728,0.998384491114701,0.604200323101777,1,0.998412698412698,0.322033898305085,1,0.317771084337349,0.317610062893082,0.325581395348837,0.318979266347687,0.00152439024390244,0.314102564102564,0.317629179331307,0.68944099378882,0.585780525502318,0.317307692307692,0.641221374045801,0.685099846390169,0.304347826086957,0.122611464968153,0,0.3109375,0.616954474097331,0.998432601880878,0.317152103559871,0.998425196850394,0.315457413249211,0.0015527950310559,0.324451410658307,0.998422712933754,1,0.9984375,0.303076923076923,0.996908809891808,0.317757009345794,0.202416918429003,0.310502283105023,1,0.373271889400922,0.998468606431853,0.998405103668262,0.200626959247649,0.315789473684211,0.998459167950693,0.998387096774194,0.333846153846154,0.998439937597504,0.318796992481203,0.31441717791411,0.360501567398119,0.765601217656012,0.329563812600969,0.998430141287284,0.322632423756019,0.631419939577039,0.331168831168831,0.998461538461539,0.0015527950310559,1,0.375,0.893030794165316,0.580031695721078,0.6,0.311424100156495,0.323717948717949,0.998427672955975,0.3109375,0.998511904761905,0.302362204724409,0.504658385093168,0.327666151468315,0.998410174880763,0.3015625,0.31378763866878,0.317965023847377,0.322884012539185,0.998412698412698,0.305379746835443,0.998432601880878,0.437888198757764,0.323170731707317,1,0.314674735249622,0.998439937597504,0.59472049689441,0.3184,0.998427672955975,0.313479623824451,0.312893081761006,0.331259720062208,0.985981308411215,0.327613104524181,1,0.310344827586207,0.998422712933754,0.313114754098361,1,0.590266875981162,0.302936630602782,0.0351437699680511,0.302215189873418,0.321928460342146,0.998389694041868,0.303599374021909,0.310344827586207,0.319182389937107,0.329721362229102,0.998412698412698,0.998468606431853,0.319935691318328,0.323943661971831,0.998463901689708,1,0.321928460342146,0.235478806907378,0.0196671709531014,0.687402799377916,1,0.00157977883096367,0.314900153609831,0.998439937597504,0.3216,0.309707241910632,0.310236220472441,0.996870109546166,0.998468606431853,1,0.322916666666667,0.313408723747981,0.316436251920123,0.688291139240506,0.306477093206951,0.998422712933754,0.337559429477021,0.998412698412698,0.998422712933754,0.441538461538462,0.318611987381703,0.319875776397516,0.323899371069182,0.299212598425197,0.310452418096724,0.649532710280374,0.998425196850394,0.998442367601246,0.308641975308642,0.00463678516228748,0.32312404287902,0.314199395770393,0.327044025157233,0.306027820710974,0.29595015576324,0.314112291350531,0.697819314641745,0.360182370820669,0.302469135802469,1,0.319047619047619,0.998444790046656,0.309341500765697,0.306349206349206,0.306853582554517,0.326465927099842,0.302362204724409,0.998412698412698,0.317411402157165,0.809220985691574,0.998405103668262,1,0.998422712933754,0.998430141287284,0.998394863563403,0.896331738437002,0.998444790046656,0.998439937597504,1,0.316998468606432,0.998425196850394,0.320785597381342,0.00150602409638554,0.998447204968944,0.37442218798151,0.9984375,0.322169059011164,0.3234375,0.312796208530806,0.42215088282504,0.998435054773083,0.321316614420063,0.998425196850394,0.998480243161094,0.998430141287284,0.998444790046656,0,0.3171875,0.998449612403101,1,0.322327044025157,1,0.323619631901841,0.998452012383901,0.998442367601246,0.30829420970266,0.319422150882825,0.299382716049383,0.148499210110585,0.320574162679426,0.00156494522691706,0.600306278713629,1,0.31875,0.321928460342146,0.58359133126935,0.998442367601246,0.998381877022654,0.322632423756019,0.324409448818898,0.998463901689708,0.651090342679128,0.694888178913738,0.311004784688995,0.315112540192926,0.996937212863706,0.330218068535826,0.301801801801802,0.998468606431853,0.304012345679012,0.304212168486739,1,0.300623052959502,0.317610062893082,0.318461538461538,0.319182389937107,0.998417721518987,0.998470948012232,1,0.309748427672956,0.327014218009479,0.00772797527047913,0.992050874403816,0.321144674085851,1,1,0.306646525679758,0.32469512195122,0.30757341576507,0.312693498452012,0.315789473684211,0.998402555910543,0.310126582278481,0.314375987361769,0.576,1,0.844094488188976,1,0.0015600624024961,0.998439937597504,0.320493066255778,0.998422712933754,1,0.413476263399694,1,0.32120253164557,0.998498498498498,0.311728395061728,0.297805642633229,0.316692667706708,1,0.998482549317147,0.31832298136646,0.392405063291139,0.605345911949686,0.296998420221169,0.998449612403101,1,0.998417721518987,0.318541996830428,0.998473282442748,0.203100775193798,0.998452012383901,0.998425196850394,0.998417721518987,0.998392282958199,0.321428571428571,0.998420221169036,0.311290322580645,0.326530612244898,0.675590551181102,0.304140127388535,1,0.32093023255814,0.323170731707317,0.311793214862682,0.998422712933754,0.305471124620061,0.998407643312102,0.322188449848024,0.4796875,0.318611987381703,0.322274881516588,0.312210200927357,0.998454404945904,0.321086261980831,0.305295950155763,1,0.998439937597504,0.317757009345794,0.310344827586207,1,0.486238532110092,0.318770226537217,0.329230769230769,0.328149300155521,0.682098765432099,0.998405103668262,0.294022617124394,0.998466257668712,0.425396825396825,0.313694267515924,0.00154320987654321,0.88109756097561,0.311111111111111,0.320373250388802,0.00150602409638554,0.0314465408805031,0.981072555205047,0.317111459968603,0.998420221169036,0.311111111111111,0.318327974276527,1,0.321044546850998,0.314553990610329,0.6671826625387,0.998420221169036,0.315132605304212,0.32753164556962,0.998410174880763,0.310077519379845,0.3072,0.998430141287284,0.332814930015552,0.310725552050473,0.31619937694704,0.333855799373041,0.807874015748032,1,0.977777777777778,0.998509687034277,0.9984375,0.00313971742543171,0.998439937597504,0.995348837209302,1,0.431962025316456,0.998387096774194,0.304953560371517,0.993865030674847,0.324921135646688,0.996904024767802,0.610015174506829,0.630030959752322,0.321646341463415,0.306153846153846,0.6375,0.312,0.00153374233128834,0.625585023400936,0.677621283255086,0.316846986089645,0.00310077519379845,0.320754716981132,0.30564263322884,0.776911076443058,0.317829457364341,0.687106918238994,0.590614886731392,0.318461538461538,0.319938176197836,0.303405572755418,1,0.0298953662182362,0.00163934426229508,0.315047021943574,0.332302936630603,0.329230769230769,0.998425196850394,0.334920634920635,0.31875,0.998420221169036,0.303875968992248,0.938556067588326,0.574132492113565,0.998456790123457,0.998480243161094,0.993333333333333,0.313178294573643,0.604545454545454,0.314199395770393,0.313821138211382,0.3140625,0.41875,0.998402555910543,0.310832025117739,0.998442367601246,0.319354838709677,0.313915857605178,0.998447204968944,0.322734499205087,0.998507462686567,0.319182389937107,1,0.998425196850394,0.32,0,0.998482549317147,0.320872274143302,0.998389694041868,0.566718995290424,0.998484848484849,0.517080745341615,0.998470948012232,0.56140350877193,0.998435054773083,0.317230273752013,0.998447204968944,1,0.998447204968944,0.308176100628931,0.317034700315457,0.310872894333844,0.334935897435897,0.331168831168831,0.311811023622047,1,0.313971742543171,0.998357963875205,0.998470948012232,0.326086956521739,0.317817014446228,0.320061255742726,0.383411580594679,0.322678843226788,1,0.998456790123457,0.322530864197531,0.31637519872814,0.62200956937799,0.581761006289308,0.306122448979592,0.314696485623003,0.998435054773083,0.303599374021909,0.325301204819277,0.992199687987519,0.309791332263242,0.309748427672956,0.00152905198776758,0.143511450381679,0.3125,0.684766214177979,0.310509554140127,0.318885448916409,0.598159509202454,0.995334370139969,0.300955414012739,1,0.3171875,0.347551342812006,0.31378763866878,0.476923076923077,0.318110236220472,0.998392282958199,0.320373250388802,0.315047021943574,0.323809523809524,0.683076923076923,0.998363338788871,0.330670926517572,0.31859756097561,0.0015600624024961,0.326251896813354,1,0.954828660436137,0.998439937597504,0.31839258114374,0.32182103610675,0.308056872037915,0.587326120556414,0.998415213946117,0.593354430379747,0.335423197492163,1,0.998463901689708,0.965732087227414,0.672985781990521,0.328100470957614,0.354134165366615,0.318252730109204,0.316279069767442,0.998417721518987,0.998484848484849,0.52132701421801,0.636220472440945,0.998454404945904,0.998410174880763,1,0.6864,0.998447204968944,0.322137404580153,0.68798751950078,0.998449612403101,0.322429906542056,0.308777429467085,0.318885448916409,0.998468606431853,0.998461538461539,0.645161290322581,0.31839258114374,0.998412698412698,0.998461538461539,0.325038880248834,0.307453416149068,1,0.0016260162601626,0.309791332263242,0.309262166405024,0.00636942675159236,0.308411214953271,0.998470948012232,0.314696485623003,0.998449612403101,0.146831530139104,0.00151745068285281,0.898507462686567,0.3234375,0.998477929984779,0.9984375,0.00155038759689922,0.0015527950310559,0.326594090202177,0.998449612403101,0.310289389067524,0.998477929984779,0.313195548489666,0.998430141287284,0.996794871794872,0.961965134706815,0.777434312210201,1,0.998420221169036,0.0046801872074883,1,0.51869918699187,0.328050713153724,0.674961119751166,0.321928460342146,0.998397435897436,0.304552590266876,0.677519379844961,1,0.998402555910543,0.311708860759494,0.612121212121212,0.328682170542636,0.586854460093897,0.971383147853736,0.327073552425665,0.610248447204969,0.0125588697017268,0.306729264475743,0.313084112149533,0.319938176197836,1,0.63013698630137,0.301857585139319,0.89375,0.582258064516129,0.967441860465116,0.998459167950693,0.998459167950693,0.314465408805031,0.334389857369255,0.312599681020734,0.3109375,0.309375,0.615501519756839,0.304878048780488,0.00156739811912226,0.672672672672673,0.998439937597504,0.329192546583851,0.307936507936508,0.318770226537217,0.321044546850998,0.60596546310832,0.998454404945904,0.334370139968896,0.332805071315372,0.336553945249597,0.313479623824451,0.315467075038285,0.311216429699842,0.190993788819876,0.678740157480315,0.317262830482115,0.602465331278891,0.998412698412698,0.232449297971919,0.320126782884311,0.921630094043887,0.99836867862969,0.998452012383901,0.310452418096724,0.637071651090343,0.998459167950693,0.315548780487805,0.302034428794992,0.955696202531646,0.998466257668712,0.998444790046656,0.996825396825397,0.320552147239264,0.998389694041868,0.998452012383901,0.900943396226415,0.998447204968944,0.348837209302326,0.998484848484849,0.590982286634461,0.998439937597504,0.670788253477589,0.308661417322835,0.603833865814696,0.998442367601246,0.998407643312102,0.993720565149137,0.327692307692308,0.329173166926677,0.314935064935065,0.31733746130031,0.324237560192616,0.319554848966614,0.982539682539682,0.312307692307692,1,0.99835255354201,0.722308892355694,0.00158730158730159,0.325115562403698,0.317557251908397,0.678899082568807,0.998484848484849,0.5625,0.318112633181126,0.637362637362637,0.317262830482115,0.317741935483871,0.998439937597504,0.314873417721519,0.316720257234727,0.688498402555911,0.908212560386473,0.326865671641791,0.5968,0.573899371069182,0.324574961360124,0.31924882629108,0.302936630602782,0.59170653907496,0.6796875,0.998452012383901,0.894409937888199,0.998470948012232,0.66358024691358,0.998407643312102,0.586816720257235,0.311424100156495,0.315024232633279,0.998461538461539,0.998442367601246,0.433281004709576,0.993650793650794,0.996946564885496,0.998435054773083,0.310236220472441,0.326594090202177,1,0.313432835820896,0.689335394126739,0.328125,0.456112852664577,0.308306709265176,0.00156739811912226,0.310664605873261,0.998435054773083,0.998410174880763,0.591397849462366,0.00305343511450382,0.327102803738318,0.31974921630094,0.102523659305994,0.415185783521809,0.998415213946117,0.998381877022654,0.311145510835913,0.998447204968944,0.40952380952381,1,0.324812030075188,0.585626911314985,0.321144674085851,0.315873015873016,0.998417721518987,0.0016,1,0.305732484076433,0.320695102685624,1,0.998420221169036,1,0.452076677316294,1,0.31619937694704,0.622291021671827,0.326498422712934,0.321711568938193,0.00313479623824451,0.0444444444444444,0.998381877022654,0.623839009287926,0.998422712933754,0.319314641744548,0.330143540669856,0.998420221169036,0.998425196850394,0.164869029275809,0.3125,0.998447204968944,0.89938080495356,1,0.316923076923077,0.198425196850394,0.671850699844479,0.998454404945904,1,0.998422712933754,1,0.998480243161094,0.281889763779528,0.300623052959502,0.998439937597504,0.121555915721232,0.00157232704402516,0.446153846153846,0,0.3216,0.998463901689708,0.676609105180534,1,0.998459167950693,0.886996904024768,1,0.680916030534351,0.998417721518987,0.9984,1,0.998442367601246
"563",0.338658146964856,0.357032457496136,0.355384615384615,0.373040752351097,0.351063829787234,0.350387596899225,0.0506329113924051,0.357142857142857,0.354489164086687,0.537480063795853,0.346687211093991,0.594761171032357,0.556962025316456,0.360808709175739,0.958990536277603,0.949921752738654,0.585023400936037,0.0448,0.366197183098592,0.34472049689441,0.95,0.95125786163522,0.355725190839695,0.486068111455108,0.343987823439878,0.954337899543379,0.9536,0.37037037037037,0.351796407185629,0.583333333333333,0.950693374422188,0.638330757341577,0.41185647425897,0.949843260188088,0.627358490566038,0.353322528363047,0.0969230769230769,0.364885496183206,0.948948948948949,0.347496206373293,0.0481366459627329,0.0431432973805855,0.0486322188449848,0.363349131121643,0.370662460567823,0.957074721780604,0.956454121306376,0.952671755725191,0.948249619482496,0.9558599695586,0.653846153846154,0.373626373626374,0.953488372093023,0.355345911949686,0.346153846153846,0.874804381846635,0.0815047021943574,0.364779874213836,0.347222222222222,0.371875,0.963358778625954,0.955038759689922,0.9546875,0.0385802469135802,0.348242811501597,0.350308641975309,0.610169491525424,0.367601246105919,0.56929955290611,0.94954128440367,0.364329268292683,0.957943925233645,0.962843295638126,0.320695102685624,0.116030534351145,0.355623100303951,0.956127080181543,0.96141975308642,0.367851622874807,0.960380348652932,0.551505546751189,0.954041204437401,0.951638065522621,0.360248447204969,0.956856702619414,0.365963855421687,0.351181102362205,0.364615384615385,0.370892018779343,0.0428134556574924,0.360759493670886,0.371212121212121,0.644067796610169,0.541213063763608,0.355769230769231,0.596036585365854,0.640746500777605,0.361538461538462,0.0849358974358974,0.0461783439490446,0.355694227769111,0.575471698113208,0.952453987730061,0.359677419354839,0.946708463949843,0.361635220125786,0.0483619344773791,0.361669242658423,0.951334379905808,0.961597542242704,0.951293759512938,0.34984520123839,0.961300309597523,0.36405529953917,0.140243902439024,0.35249621785174,0.953125,0.329230769230769,0.949771689497717,0.959311424100156,0.142635658914729,0.35303265940902,0.951293759512938,0.957746478873239,0.36979969183359,0.948916408668731,0.355982274741507,0.357575757575758,0.317484662576687,0.724924012158055,0.366666666666667,0.952904238618524,0.357927786499215,0.594879518072289,0.369354838709677,0.952743902439024,0.0416666666666667,0.948678071539658,0.420807453416149,0.840510366826156,0.53198127925117,0.554517133956386,0.359013867488444,0.366987179487179,0.951334379905808,0.344615384615385,0.95414201183432,0.355038759689922,0.542944785276074,0.366666666666667,0.951026856240126,0.342679127725857,0.352574102964119,0.356012658227848,0.369668246445498,0.949685534591195,0.356697819314642,0.951334379905808,0.401550387596899,0.369631901840491,0.954819277108434,0.36085626911315,0.952681388012618,0.551181102362205,0.355345911949686,0.965023847376789,0.355345911949686,0.355140186915888,0.36875,0.95679012345679,0.36875,0.956454121306376,0.364632237871674,0.957055214723926,0.355661881977671,0.955555555555556,0.546850998463902,0.34472049689441,0.0256821829855538,0.342635658914729,0.351766513056836,0.951104100946372,0.339969372128637,0.366043613707165,0.363496932515337,0.362654320987654,0.956723338485317,0.950995405819296,0.364649681528662,0.363214837712519,0.955038759689922,0.952076677316294,0.365030674846626,0.187981510015408,0.036144578313253,0.647058823529412,0.958074534161491,0.0450310559006211,0.36,0.955453149001536,0.371069182389937,0.349693251533742,0.355384615384615,0.947286821705426,0.947932618683001,0.950793650793651,0.366818873668189,0.35748031496063,0.357251908396947,0.641390205371248,0.349606299212598,0.951334379905808,0.382716049382716,0.952978056426332,0.952307692307692,0.388544891640867,0.365659777424483,0.362519201228879,0.368503937007874,0.355283307810107,0.350793650793651,0.597222222222222,0.954828660436137,0.950617283950617,0.349768875192604,0.0431432973805855,0.36404833836858,0.359090909090909,0.367441860465116,0.359447004608295,0.34472049689441,0.368421052631579,0.65144596651446,0.313546423135464,0.35375191424196,0.955625990491284,0.368421052631579,0.95405819295559,0.358461538461538,0.355694227769111,0.359253499222395,0.362068965517241,0.347619047619048,0.959501557632399,0.368258859784284,0.851330203442879,0.960380348652932,0.953453453453453,0.962204724409449,0.953198127925117,0.952456418383518,0.845425867507886,0.955589586523737,0.963246554364472,0.952453987730061,0.36,0.952086553323029,0.362619808306709,0.0453172205438066,0.951788491446345,0.338391502276176,0.954330708661417,0.361198738170347,0.365930599369085,0.363777089783282,0.383280757097792,0.95046439628483,0.356495468277946,0.949526813880126,0.95738203957382,0.959876543209877,0.952380952380952,0.0421875,0.357361963190184,0.956259426847662,0.954330708661417,0.365354330708661,0.955484896661367,0.369465648854962,0.958588957055215,0.952012383900929,0.355590062111801,0.371835443037975,0.345146379044684,0.105754276827372,0.364485981308411,0.0435458786936236,0.547256097560976,0.957746478873239,0.36030534351145,0.363207547169811,0.540958268933539,0.952526799387443,0.960567823343849,0.369774919614148,0.364632237871674,0.945205479452055,0.618604651162791,0.653907496012759,0.345679012345679,0.352472089314195,0.972644376899696,0.375,0.346385542168675,0.954337899543379,0.364906832298137,0.344036697247706,0.952380952380952,0.347286821705426,0.353218210361067,0.358231707317073,0.3546875,0.956454121306376,0.946969696969697,0.96031746031746,0.352941176470588,0.362204724409449,0.0513595166163142,0.967391304347826,0.371019108280255,0.9558599695586,0.9546875,0.348694316436252,0.366153846153846,0.348159509202454,0.370139968895801,0.366003062787136,0.953488372093023,0.346456692913386,0.351393188854489,0.532695374800638,0.95405819295559,0.794712286158631,0.95253164556962,0.0565149136577708,0.947530864197531,0.366564417177914,0.951334379905808,0.959627329192547,0.383435582822086,0.950995405819296,0.351097178683386,0.95166163141994,0.357142857142857,0.353488372093023,0.352307692307692,0.956386292834891,0.952959028831563,0.359567901234568,0.4416,0.563981042654028,0.342313787638669,0.9453125,0.954758190327613,0.952755905511811,0.363494539781591,0.952380952380952,0.145962732919255,0.951863354037267,0.953488372093023,0.95389507154213,0.947530864197531,0.359877488514548,0.95125786163522,0.356451612903226,0.37245696400626,0.636505460218409,0.353218210361067,0.953125,0.365325077399381,0.34984520123839,0.354430379746835,0.950540958268934,0.344984802431611,0.961844197138315,0.364864864864865,0.517611026033691,0.361669242658423,0.367692307692308,0.357910906298003,0.949152542372881,0.36833855799373,0.351181102362205,0.954616588419405,0.948757763975155,0.361111111111111,0.351393188854489,0.952086553323029,0.445288753799392,0.363636363636364,0.367029548989114,0.366666666666667,0.644067796610169,0.94888178913738,0.347619047619048,0.954968944099379,0.380348652931854,0.343701399688958,0.0504587155963303,0.931192660550459,0.359300476947536,0.367601246105919,0.0432190760059613,0.0771604938271605,0.968895800933126,0.362363919129082,0.95125786163522,0.358490566037736,0.353407290015848,0.958074534161491,0.364329268292683,0.361111111111111,0.622083981337481,0.95046439628483,0.355242566510172,0.356357927786499,0.955766192733017,0.349618320610687,0.354632587859425,0.951334379905808,0.290123456790123,0.356807511737089,0.36906584992343,0.371294851794072,0.854324734446131,0.952234206471495,0.927786499215071,0.957446808510638,0.952234206471495,0.04375,0.954337899543379,0.959814528593508,0.955589586523737,0.375586854460094,0.964856230031949,0.351681957186544,0.959152798789713,0.367601246105919,0.958139534883721,0.557377049180328,0.583460949464012,0.357784431137725,0.357575757575758,0.600931677018634,0.35748031496063,0.0414110429447853,0.585669781931464,0.642857142857143,0.362670713201821,0.0432098765432099,0.357910906298003,0.348694316436252,0.7171875,0.366153846153846,0.649769585253456,0.549763033175355,0.355590062111801,0.361702127659574,0.340557275541796,0.9671875,0.0413589364844904,0.0490196078431373,0.362654320987654,0.369565217391304,0.37984496124031,0.948916408668731,0.29393468118196,0.361240310077519,0.95440251572327,0.345565749235474,0.985959438377535,0.528951486697966,0.947852760736196,0.949308755760369,0.957166392092257,0.361669242658423,0.569069069069069,0.358547655068079,0.352180936995153,0.364632237871674,0.376701966717095,0.9671875,0.353218210361067,0.956454121306376,0.360128617363344,0.355095541401274,0.952599388379205,0.356466876971609,0.946508172362556,0.364632237871674,0.952160493827161,0.951104100946372,0.36697247706422,0.0410094637223975,0.948872180451128,0.366197183098592,0.960505529225908,0.601538461538462,0.948484848484848,0.465543644716692,0.95045045045045,0.609567901234568,0.951026856240126,0.358161648177496,0.952830188679245,0.951293759512938,0.9546875,0.34984520123839,0.365659777424483,0.360182370820669,0.387358184764992,0.279483037156704,0.353941267387944,0.954113924050633,0.366929133858268,0.946601941747573,0.95475113122172,0.363636363636364,0.367088607594937,0.360983102918587,0.438080495356037,0.355384615384615,0.951367781155015,0.948091603053435,0.372907153729072,0.369668246445498,0.588141025641026,0.549050632911392,0.357251908396947,0.364632237871674,0.952978056426332,0.343701399688958,0.365269461077844,0.944707740916272,0.33974358974359,0.352574102964119,0.0417310664605873,0.099236641221374,0.361408882082695,0.639344262295082,0.355242566510172,0.36055469953775,0.553706505295008,0.947368421052632,0.350793650793651,0.95800933125972,0.360501567398119,0.391575663026521,0.356037151702786,0.516768292682927,0.353870458135861,0.9616,0.361669242658423,0.364779874213836,0.367924528301887,0.648690292758089,0.948553054662379,0.368253968253968,0.362940275650842,0.0462962962962963,0.361408882082695,0.954828660436137,1,0.954828660436137,0.353302611367127,0.36833855799373,0.35423197492163,0.546827794561934,0.955342902711324,0.549920760697306,0.372239747634069,0.952380952380952,0.955589586523737,0.987841945288754,0.633228840125392,0.358139534883721,0.401854714064915,0.366261398176292,0.35548686244204,0.956730769230769,0.952815829528158,0.4640625,0.587692307692308,0.955038759689922,0.945987654320988,0.948484848484848,0.65,0.955993930197269,0.358778625954198,0.640502354788069,0.946646341463415,0.368663594470046,0.364632237871674,0.354489164086687,0.956856702619414,0.957894736842105,0.601626016260163,0.3625,0.951334379905808,0.957186544342508,0.366718027734977,0.343122102009274,0.951937984496124,0.0532258064516129,0.360062893081761,0.354430379746835,0.0341614906832298,0.361702127659574,0.948328267477204,0.356466876971609,0.961059190031153,0.101071975497703,0.0412213740458015,0.85824345146379,0.36817472698908,0.946889226100152,0.962674961119751,0.0458015267175573,0.0446153846153846,0.369327073552426,0.961597542242704,0.353130016051364,0.956586826347305,0.359055118110236,0.95583596214511,0.960505529225908,0.984615384615385,0.741301059001513,0.95253164556962,0.950155763239875,0.0342679127725857,0.953488372093023,0.469354838709677,0.364779874213836,0.625192012288787,0.362519201228879,0.954545454545455,0.349529780564263,0.624223602484472,0.949843260188088,0.950558213716108,0.360128617363344,0.575485799701046,0.364615384615385,0.548031496062992,0.986111111111111,0.382945736434109,0.560862865947612,0.040625,0.356357927786499,0.364341085271318,0.36280487804878,0.959742351046699,0.589861751152074,0.350689127105666,0.948995363214838,0.542857142857143,0.984732824427481,0.953632148377125,0.954198473282443,0.355590062111801,0.38125,0.338658146964856,0.366614664586583,0.357698289269051,0.576219512195122,0.350931677018634,0.0446153846153846,0.634182908545727,0.954268292682927,0.36687306501548,0.349453978159126,0.35828025477707,0.358778625954198,0.559006211180124,0.948717948717949,0.371951219512195,0.381846635367762,0.374798061389338,0.365930599369085,0.362790697674419,0.354134165366615,0.134441087613293,0.625396825396825,0.363349131121643,0.564142194744977,0.954828660436137,0.171073094867807,0.362519201228879,0.971830985915493,0.957792207792208,0.954828660436137,0.35968992248062,0.600311041990669,0.952086553323029,0.361801242236025,0.333855799373041,0.976377952755906,0.949924127465857,0.959814528593508,0.950479233226837,0.361280487804878,0.953525641025641,0.94954128440367,0.849445324881141,0.95625,0.389649923896499,0.956325301204819,0.546031746031746,0.955108359133127,0.628304821150855,0.345256609642302,0.559748427672956,0.953125,0.95748031496063,0.962382445141066,0.366564417177914,0.365030674846626,0.363636363636364,0.359877488514548,0.359497645211931,0.360629921259843,0.971653543307087,0.347626339969372,0.955177743431221,0.954765751211632,0.678353658536585,0.0440251572327044,0.356269113149847,0.359133126934985,0.635114503816794,0.95738203957382,0.529503105590062,0.373292867981791,0.601255886970173,0.3578125,0.349761526232114,0.9546875,0.350078492935636,0.352272727272727,0.625592417061611,0.869774919614148,0.365781710914454,0.55993690851735,0.534072900158479,0.357910906298003,0.357030015797788,0.345679012345679,0.552469135802469,0.636641221374046,0.953917050691244,0.944012441679627,0.95144157814871,0.626153846153846,0.960443037974684,0.550314465408805,0.369158878504673,0.3584,0.959876543209877,0.955384615384615,0.381933438985737,0.960629921259842,0.955993930197269,0.953488372093023,0.353488372093023,0.365891472868217,0.952978056426332,0.355182926829268,0.638036809815951,0.365777080062794,0.413416536661466,0.344339622641509,0.0474006116207951,0.347222222222222,0.958139534883721,0.955974842767296,0.557427258805513,0.0379939209726444,0.375,0.352850539291217,0.140243902439024,0.429725363489499,0.95800933125972,0.951104100946372,0.351477449455676,0.959119496855346,0.364207221350078,0.959119496855346,0.362686567164179,0.540581929555896,0.357910906298003,0.357032457496136,0.953488372093023,0.0431309904153355,0.953125,0.344103392568659,0.358814352574103,0.954198473282443,0.954616588419405,0.960244648318043,0.45839874411303,0.962025316455696,0.349453978159126,0.575384615384615,0.372881355932203,0.362179487179487,0.0474732006125574,0.028169014084507,0.9552,0.570552147239264,0.954758190327613,0.369631901840491,0.375594294770206,0.951181102362205,0.957613814756672,0.121351766513057,0.35423197492163,0.953846153846154,0.856702619414484,0.955246913580247,0.359635811836115,0.148089171974522,0.624808575803982,0.952380952380952,0.96030534351145,0.956112852664577,0.950479233226837,0.954476479514416,0.336363636363636,0.358934169278997,0.9546875,0.096,0.0434782608695652,0.400921658986175,0.0439739413680782,0.362341772151899,0.953703703703704,0.63849765258216,0.9546875,0.957878315132605,0.84,0.962558502340094,0.630368098159509,0.950078003120125,0.955625990491284,0.9578125,0.953560371517028
"564",0.291666666666667,0.309859154929577,0.320872274143302,0.32695374800638,0.311145510835913,0.315541601255887,0.0110935023771791,0.324367088607595,0.314241486068111,0.566129032258065,0.318952234206472,0.638330757341577,0.523885350318471,0.323854660347551,1,1,0.610410094637224,0,0.325984251968504,0.309006211180124,1,1,0.326086956521739,0.503852080123267,0.307098765432099,1,1,0.3354943273906,0.307926829268293,0.545023696682464,1,0.610091743119266,0.368584758942457,0.995260663507109,0.672360248447205,0.319148936170213,0.140432098765432,0.325688073394495,1,0.306625577812018,0.0031055900621118,0,0,0.328050713153724,0.316455696202532,1,0.995305164319249,1,1,1,0.680555555555556,0.326433121019108,1,0.324492979719189,0.314241486068111,0.812698412698413,0.125,0.324492979719189,0.31441717791411,0.322429906542056,0.992378048780488,1,1,0.00473186119873817,0.316129032258064,0.321372854914197,0.648089171974522,0.332293291731669,0.609682299546142,1,0.319508448540707,1,1,0.28436018957346,0.165123456790123,0.324283559577677,1,0.995398773006135,0.323029366306028,1,0.588996763754045,1,1,0.323029366306028,1,0.324655436447167,0.305863708399366,0.320813771517997,0.313572542901716,0,0.320634920634921,0.324812030075188,0.684049079754601,0.581039755351682,0.31687898089172,0.636363636363636,0.677018633540373,0.307098765432099,0.119935170178282,0,0.311912225705329,0.615873015873016,1,0.3184,1,0.318611987381703,0,0.323343848580442,1,1,1,0.310832025117739,0.995319812792512,0.321316614420063,0.207951070336391,0.308510638297872,1,0.378086419753086,1,1,0.209779179810726,0.309006211180124,1,1,0.330781010719755,1,0.315007429420505,0.31859756097561,0.372056514913658,0.773211567732116,0.325358851674641,1,0.323296354992076,0.630792227204783,0.340255591054313,1,0.00153846153846154,1,0.382911392405063,0.892682926829268,0.5734375,0.586750788643533,0.315950920245399,0.322632423756019,1,0.324492979719189,1,0.309748427672956,0.521604938271605,0.321646341463415,1,0.314728682170543,0.315873015873016,0.323296354992076,0.322784810126582,1,0.310832025117739,1,0.432307692307692,0.335394126738794,1,0.321592649310873,1,0.594339622641509,0.313291139240506,1,0.326717557251908,0.310769230769231,0.335423197492163,0.986175115207373,0.329153605015674,1,0.3203125,1,0.316639741518578,1,0.584758942457232,0.297507788161994,0.0309446254071661,0.306581059390048,0.322033898305085,1,0.309262166405024,0.3234375,0.321428571428571,0.3296875,1,1,0.326465927099842,0.326984126984127,1,1,0.322378716744914,0.245641838351823,0.0195488721804511,0.693846153846154,1,0.0031104199066874,0.316118935837246,1,0.318181818181818,0.308396946564885,0.317972350230415,0.998456790123457,1,1,0.33695652173913,0.3232,0.326053042121685,0.681020733652313,0.302694136291601,1,0.342679127725857,1,1,0.448916408668731,0.322378716744914,0.314329738058552,0.324492979719189,0.306962025316456,0.313971742543171,0.641955835962145,1,1,0.320552147239264,0.00459418070444104,0.326153846153846,0.315068493150685,0.321372854914197,0.310769230769231,0.302034428794992,0.316666666666667,0.693498452012384,0.370992366412214,0.303680981595092,1,0.31619937694704,1,0.314900153609831,0.313385826771654,0.316923076923077,0.329153605015674,0.319870759289176,1,0.327188940092166,0.807017543859649,1,1,0.996850393700787,1,1,0.89776357827476,1,1,1,0.311827956989247,1,0.326829268292683,0,1,0.386748844375963,1,0.321372854914197,0.32967032967033,0.320695102685624,0.41588785046729,1,0.321538461538462,1,1,1,1,0,0.314641744548287,1,1,0.318252730109204,1,0.327188940092166,1,1,0.314285714285714,0.324921135646688,0.300940438871473,0.151090342679128,0.325434439178515,0,0.58796992481203,1,0.321483771251932,0.31911532385466,0.576744186046512,1,1,0.330143540669856,0.332263242375602,1,0.657728706624606,0.701095461658842,0.310832025117739,0.31687898089172,0.99236641221374,0.330203442879499,0.307692307692308,1,0.315625,0.309486780715397,1,0.31055900621118,0.316358024691358,0.316692667706708,0.324031007751938,1,1,1,0.306603773584906,0.331775700934579,0.00460122699386503,0.992236024844721,0.325914149443561,1,1,0.313178294573643,0.328267477203647,0.312883435582822,0.330757341576507,0.313755795981453,1,0.309148264984227,0.313479623824451,0.568910256410256,1,0.852201257861635,1,0,1,0.322678843226788,1,1,0.416666666666667,0.998480243161094,0.323943661971831,1,0.313880126182965,0.302547770700637,0.31437125748503,1,1,0.320493066255778,0.405750798722045,0.603174603174603,0.308661417322835,1,1,1,0.322734499205087,1,0.2078125,1,1,1,1,0.320493066255778,1,0.318910256410256,0.333853354134165,0.672955974842767,0.30379746835443,1,0.330733229329173,0.315548780487805,0.314873417721519,1,0.301538461538462,1,0.328787878787879,0.500772797527048,0.314814814814815,0.324324324324324,0.316118935837246,1,0.319554848966614,0.300476947535771,1,1,0.321428571428571,0.315047021943574,1,0.476263399693721,0.313694267515924,0.331259720062208,0.331278890600925,0.670846394984326,1,0.293739967897271,1,0.418238993710692,0.309033280507132,0,0.871715610510046,0.308917197452229,0.321316614420063,0,0.0341085271317829,0.982758620689655,0.3109375,1,0.312302839116719,0.314009661835749,1,0.330781010719755,0.31875,0.672955974842767,1,0.318471337579618,0.324451410658307,1,0.312307692307692,0.305732484076433,1,0.345092024539877,0.307570977917981,0.32312404287902,0.335974643423138,0.804314329738058,1,0.981042654028436,1,1,0.0015625,1,0.992223950233281,1,0.43125,0.996825396825397,0.311450381679389,0.992343032159265,0.33652312599681,0.99537037037037,0.603318250377074,0.624233128834356,0.326219512195122,0.308641975308642,0.634493670886076,0.321486268174475,0,0.627145085803432,0.681747269890796,0.320552147239264,0.00154798761609907,0.318252730109204,0.307098765432099,0.769352290679305,0.323943661971831,0.683962264150943,0.591935483870968,0.318681318681319,0.318885448916409,0.293846153846154,1,0.025297619047619,0,0.313664596273292,0.325581395348837,0.334370139968896,1,0.333333333333333,0.322085889570552,1,0.306027820710974,0.944099378881988,0.567567567567568,1,1,0.993355481727575,0.325153374233129,0.607033639143731,0.322239031770045,0.309294871794872,0.317683881064163,0.412403100775194,1,0.318611987381703,1,0.329093799682035,0.316211878009631,1,0.313385826771654,1,0.325077399380805,1,1,0.318818040435459,0,1,0.328197226502311,1,0.59594383775351,1,0.50229709035222,1,0.580847723704867,1,0.323763955342903,1,1,1,0.313479623824451,0.32755905511811,0.313161875945537,0.348387096774194,0.338141025641026,0.311526479750779,1,0.326053042121685,1,1,0.321428571428571,0.33015873015873,0.312788906009245,0.393135725429017,0.325652841781874,1,1,0.327188940092166,0.323248407643312,0.616954474097331,0.588419405320814,0.317901234567901,0.313572542901716,1,0.3140625,0.319634703196347,0.9953125,0.310789049919485,0.317757009345794,0,0.14175654853621,0.318181818181818,0.674698795180723,0.308641975308642,0.317557251908397,0.596625766871166,0.998456790123457,0.313971742543171,1,0.318541996830428,0.345911949685535,0.317610062893082,0.489393939393939,0.314873417721519,1,0.326717557251908,0.323248407643312,0.325914149443561,0.686728395061728,1,0.332242225859247,0.315384615384615,0,0.325227963525836,0.998439937597504,0.954828660436137,1,0.317901234567901,0.324451410658307,0.31619937694704,0.583206106870229,1,0.581358609794629,0.340222575516693,1,1,0.963133640552995,0.6703125,0.334389857369255,0.366666666666667,0.320061255742726,0.321428571428571,1,1,0.512,0.629337539432177,1,1,0.998461538461539,0.691943127962085,1,0.331804281345566,0.680685358255452,1,0.329211746522411,0.324409448818898,0.330203442879499,0.996894409937888,1,0.644844517184943,0.321428571428571,1,1,0.321316614420063,0.313846153846154,0.998444790046656,0,0.318611987381703,0.307568438003221,0.00631911532385466,0.325190839694657,1,0.309409888357257,1,0.150769230769231,0,0.905631659056317,0.331269349845201,1,1,0,0.00151745068285281,0.328746177370031,1,0.311793214862682,0.996987951807229,0.312893081761006,1,0.998427672955975,0.963949843260188,0.791987673343606,1,1,0.00470219435736677,1,0.506514657980456,0.328616352201258,0.667185069984448,0.326656394453005,1,0.308056872037915,0.675590551181102,1,1,0.317034700315457,0.609022556390977,0.330757341576507,0.575235109717868,0.97007874015748,0.334375,0.599688473520249,0.0124031007751938,0.313385826771654,0.326530612244898,0.320061255742726,1,0.635670731707317,0.312594840667678,0.8890625,0.588516746411483,0.965204236006051,1,1,0.315301391035549,0.3392,0.319685039370079,0.316436251920123,0.314728682170543,0.609682299546142,0.310872894333844,0,0.677130044843049,0.998444790046656,0.327639751552795,0.307448494453249,0.311501597444089,0.326153846153846,0.598130841121495,1,0.330781010719755,0.3328,0.335473515248796,0.322327044025157,0.317972350230415,0.308411214953271,0.197568389057751,0.674085850556439,0.323170731707317,0.591614906832298,1,0.244167962674961,0.321044546850998,0.924071082390953,1,1,0.312693498452012,0.634108527131783,1,0.31039755351682,0.305555555555556,0.955625990491284,1,1,0.9968,0.321538461538462,1,1,0.898595943837754,1,0.354587869362364,1,0.592948717948718,1,0.669767441860465,0.307570977917981,0.593650793650794,1,1,0.990595611285266,0.328220858895706,0.327639751552795,0.325320512820513,0.325688073394495,0.325769854132901,0.325949367088608,0.984177215189873,0.310769230769231,1,1,0.732503888024883,0,0.321044546850998,0.31651376146789,0.676425269645609,1,0.562596599690881,0.329819277108434,0.641065830721003,0.309486780715397,0.326465927099842,1,0.311216429699842,0.321951219512195,0.695102685624013,0.909385113268608,0.32396449704142,0.598086124401914,0.574603174603175,0.329192546583851,0.32807570977918,0.306027820710974,0.594427244582043,0.68,1,0.886614173228346,1,0.661016949152542,0.996875,0.591054313099042,0.31496062992126,0.319935691318328,1,1,0.424336973478939,0.993700787401575,0.996951219512195,1,0.317034700315457,0.335423197492163,1,0.316742081447964,0.679566563467492,0.333333333333333,0.459247648902821,0.304140127388535,0,0.31733746130031,1,1,0.594470046082949,0.00154320987654321,0.335443037974684,0.319938176197836,0.103668261562998,0.412520064205457,1,1,0.316923076923077,1,0.414219474497682,1,0.326251896813354,0.575987841945289,0.327131782945736,0.315955766192733,1,0,1,0.307332293291732,0.322378716744914,1,1,1,0.457869634340223,1,0.317610062893082,0.6156202143951,0.333333333333333,0.324237560192616,0.00155038759689922,0.0388802488335925,1,0.620583717357911,1,0.322981366459627,0.331715210355987,1,1,0.165644171779141,0.310077519379845,1,0.899848254931715,1,0.317901234567901,0.205087440381558,0.669266770670827,1,1,1,1,1,0.294656488549618,0.304212168486739,1,0.120521172638436,0.00156985871271586,0.444790046656299,0,0.326984126984127,1,0.672985781990521,1,1,0.893846153846154,1,0.67651632970451,1,1,1,1
"565",1,1,1,1,1,1,0.704581358609795,1,1,0.0995184590690209,1,0.0403726708074534,0.805152979066023,1,0.313880126182965,0.302839116719243,0.0619195046439628,0.684466019417476,1,1,0.289719626168224,0.311216429699842,1,0.16304347826087,1,0.32398753894081,0.321951219512195,1,1,0.778301886792453,0.314329738058552,0.721286370597244,0.969650986342944,0.310344827586207,0,1,0.543778801843318,1,0.301801801801802,1,0.667697063369397,0.684210526315789,0.694736842105263,1,1,0.315955766192733,0.305900621118012,0.308396946564885,0.319444444444444,0.325038880248834,0,1,0.319634703196347,1,1,0.489891135303266,0.56782334384858,1,1,1,0.324200913242009,0.315132605304212,0.320813771517997,0.683464566929134,1,1,0.0315955766192733,1,0.0544629349470499,0.318181818181818,1,0.316118935837246,0.32182103610675,0.964856230031949,0.523882896764253,1,0.31306990881459,0.334351145038168,1,0.313694267515924,0.0917874396135266,0.324492979719189,0.324534161490683,1,0.337404580152672,1,1,1,1,0.685670261941448,1,1,0.00153374233128834,0.102918586789555,1,0.0442073170731707,0,1,0.555379746835443,0.685847589424572,1,0.054858934169279,0.314553990610329,1,0.309486780715397,1,0.691107644305772,1,0.316846986089645,0.315870570107858,0.317972350230415,1,0.32262996941896,1,0.501529051987768,1,0.309815950920245,0.303738317757009,0.323308270676692,0.317891373801917,0.487616099071207,1,0.321428571428571,0.314606741573034,1,0.297674418604651,1,1,0.334883720930233,0.54833836858006,1,0.31937984496124,1,0.039039039039039,1,0.311728395061728,0.683076923076923,0.3234375,0.933229813664596,0.432646592709984,0.103715170278638,0.0938461538461538,1,1,0.328593996840442,1,0.314024390243902,1,0.801526717557252,1,0.323717948717949,1,1,1,1,0.333853354134165,1,0.319620253164557,0.254658385093168,1,0.307692307692308,1,0.299065420560748,0.0839936608557845,1,0.318541996830428,1,1,1,0.334365325077399,1,0.326594090202177,1,0.307453416149068,1,0.317829457364341,0.0751533742331288,1,0.646203554119548,1,1,0.311912225705329,1,1,1,1,0.317262830482115,0.311827956989247,1,1,0.320061255742726,0.301261829652997,1,0.455538221528861,0.665165165165165,0,0.320987654320988,0.673374613003096,1,0.317484662576687,1,1,1,0.316770186335404,0.321156773211568,0.318840579710145,1,1,1,0,1,0.308917197452229,0.977917981072555,0.329133858267717,0.315047021943574,0.765258215962441,1,1,1,1,1,0.0393081761006289,0.309968847352025,0.320668693009119,1,0.680555555555556,1,1,0.9984375,1,1,1,0.00458015267175573,0.321100917431193,1,0.308426073131955,1,0.304821150855365,1,1,1,1,1,0.31911532385466,1,0.490506329113924,0.325545171339564,0.327718223583461,0.314465408805031,0.320251177394035,0.332278481012658,0.418351477449456,0.333333333333333,0.309006211180124,0.302180685358255,1,0.317411402157165,1,0.685015290519878,0.311320754716981,0.314728682170543,0.329153605015674,1,1,1,0.261755485893417,0.315301391035549,1,0.315286624203822,0.325859491778774,0.311424100156495,0.317411402157165,0.686244204018547,1,0.324655436447167,0.310344827586207,1,0.301765650080257,1,0.3125,0.31055900621118,1,1,1,0.544753086419753,1,0.685185185185185,0.0823353293413174,0.322378716744914,1,1,0.0951638065522621,0.320987654320988,0.323763955342903,1,1,0.299546142208775,0.0231839258114374,0.00320512820512821,1,1,0.331297709923664,0.998425196850394,1,0.310291858678955,1,1,0.312989045383412,1,1,1,1,0.324534161490683,0.309667673716012,0.320695102685624,1,1,0.672230652503794,0.314553990610329,1,0.309559939301973,0.303599374021909,1,1,1,1,1,0.320493066255778,1,1,0.112,0.325227963525836,0.493710691823899,0.310832025117739,0.677018633540373,0.318042813455657,1,0.313178294573643,0.330218068535826,0.26219512195122,0.323076923076923,1,0.328767123287671,1,1,1,0.311627906976744,0.316846986089645,1,0.923809523809524,0.0623003194888179,1,0.315955766192733,0.312698412698413,0.308411214953271,1,0.325227963525836,0.490853658536585,0.323029366306028,0.303599374021909,0.315286624203822,0.309006211180124,1,0.32018927444795,1,1,0,1,0.326498422712934,1,1,1,0.327639751552795,1,0.315541601255887,1,0.829007633587786,1,1,1,0.310291858678955,1,1,0.312210200927357,0.306278713629403,1,1,0.317073170731707,0.191904047976012,1,1,1,0,0.314465408805031,1,0.301857585139319,0.254716981132075,1,0.668730650154799,0.434915773353752,1,1,0.679160419790105,0.701726844583987,0.339035769828927,1,0.320251177394035,1,1,0.332814930015552,1,1,0.00773993808049536,0.323899371069182,1,1,0.326465927099842,1,1,0.310452418096724,0.339969372128637,1,1,1,0.518461538461538,0.305343511450382,0.349282296650718,0.314285714285714,0.330745341614907,0.687301587301587,0.320061255742726,0.324960753532182,0.312883435582822,0.238317757009346,0.312599681020734,1,0.316590563165906,1,0.32312404287902,0.0817236255572065,0.0481366459627329,1,1,0.0388198757763975,1,0.680365296803653,0.0374414976599064,0.0111111111111111,1,0.680314960629921,1,1,0.54375,1,0,0.0726698262243286,1,1,1,0.333860759493671,0.649700598802395,0.686084142394822,0.993788819875776,1,0.986153846153846,0.304147465437788,0.343167701863354,1,0.300314465408805,1,0.362654320987654,0.106918238993711,0.304147465437788,0.326186830015314,0.330049261083744,1,0.0779816513761468,1,1,1,0.258982035928144,0.320695102685624,1,0.314641744548287,1,1,0.318461538461538,1,0.31892697466468,1,0.309968847352025,0.31974921630094,1,0.68075117370892,0.311746987951807,1,0.306122448979592,0.762052877138414,0.305471124620061,0.157650695517774,0.323216995447648,0.760252365930599,0.309748427672956,1,0.3265625,0.338509316770186,0.29320987654321,1,1,1,0.972972972972973,0.352750809061489,1,0.324193548387097,1,0.321951219512195,0.316923076923077,1,1,1,0.9258114374034,1,0.315467075038285,0.316770186335404,1,1,0.0470957613814757,0.0754716981132075,1,1,0.310452418096724,1,1,0.312111801242236,1,1,0.679938744257274,0.534246575342466,1,0,1,1,0.0990853658536585,0.329754601226994,1,0.325434439178515,1,0.970125786163522,1,0.816640986132512,1,0.326433121019108,1,1,1,0,0.316129032258064,1,1,0.674015748031496,1,0.31839258114374,0.353302611367127,0.317901234567901,1,1,1,0.0887218045112782,0.31619937694704,0.0856697819314642,1,0.312594840667678,0.309597523219814,0.349529780564263,0,1,0.961119751166407,1,1,0.322274881516588,0.300455235204856,0.161392405063291,0.0343213728549142,0.321372854914197,0.304347826086957,0.321592649310873,0.00157728706624606,0.306501547987616,1,0,0.317901234567901,1,1,1,0.317829457364341,0.324773413897281,0.0321543408360129,1,0.313971742543171,0.309597523219814,1,1,0.3198127925117,0.698564593301435,1,1,0.6921875,1,0.305722891566265,1,0.310769230769231,0.533132530120482,0.672256097560976,0.409711684370258,1,0.303951367781155,0.319875776397516,0.680685358255452,0.676691729323308,1,0.326153846153846,1,0.323216995447648,1,0.32182103610675,0.314285714285714,0.356589147286822,0.510835913312694,0.315955766192733,0.31201248049922,0.667189952904239,0.314329738058552,0.146774193548387,1,0,1,0.286384976525822,1,0,0.317757009345794,0.315873015873016,1,0.0524737631184408,1,0.086687306501548,0.336973478939158,1,0.0630769230769231,0.670295489891135,1,1,1,0.313099041533546,0.033587786259542,1,0.433903576982893,0.0925039872408294,0.352671755725191,0.317901234567901,0.318952234206472,1,1,1,1,1,0.0625,0.995447647951442,0.67629179331307,0.00447093889716841,0.325652841781874,1,1,1,1,0.0889570552147239,0.317147192716237,1,1,1,1,1,1,0.490106544901065,0.00159235668789809,1,0.080370942812983,0.31875,0.445652173913043,1,0.389776357827476,0.310457516339869,0.313935681470138,1,0.0375586854460094,0.318042813455657,1,1,0.369668246445498,0.310452418096724,0.307453416149068,0.320574162679426,1,0.327102803738318,0.320121951219512,0.4140625,0.318110236220472,0.978658536585366,0.314674735249622,0.0828025477707006,0.325115562403698,0,1,0.0897637795275591,0.308661417322835,0.322530864197531,0.328616352201258,1,1,1,1,1,1,0.33015873015873,1,0.316358024691358,0.314144736842105,0.593798449612403,0.678913738019169,1,1,0,0.314842578710645,0.1201248049922,1,0.0314465408805031,1,1,0.317111459968603,1,1,0.628571428571429,0.418269230769231,0.997032640949555,0.0795631825273011,0.0947867298578199,1,1,1,0.0841121495327103,0,0.313455657492355,0.428792569659443,0.316998468606432,0,0.326053042121685,0.0832025117739403,1,1,0.314984709480122,0.318042813455657,0.243076923076923,0.327613104524181,0.307339449541284,0.326086956521739,1,1,0.330188679245283,1,0,1,0.227272727272727,1,0.674922600619195,1,0.312401883830455,0.304,0.0729813664596273,0.680491551459293,1,1,0.783018867924528,0.907915993537964,0.316957210776545,0.318541996830428,1,0.320987654320988,0.258675078864353,0.315789473684211,1,0.103875968992248,1,1,0.317901234567901,0.67948717948718,0.304212168486739,1,1,0.300763358778626,0.305426356589147,0.314024390243902,0.852664576802508,0.317610062893082,1,0.0541795665634675,1,1,0.696923076923077,0.6515625,0.321144674085851,0.0533751962323391,0.319314641744548,1,1,0.307692307692308,0.325508607198748,0.631415241057543,1,0.309707241910632,0.372881355932203,0.307210031347962,0.987767584097859,0.482919254658385,0.00309597523219814,0.30829420970266,0.325652841781874,0.325949367088608,0.311320754716981,0.317365269461078,0.964831804281346,1,0.317757009345794,0.552674230145867,0.688888888888889,0.229135053110774,0.682333873581848,1,0.31875,0.00313971742543171,0.327073552425665,0.316358024691358,0.364760432766615,0.322932917316693,0,0.327102803738318,0.318471337579618,0.324409448818898,0.306748466257669
"566",1,1,1,1,1,1,0.7,1,1,0.1024,1,0.0477657935285054,0.817896389324961,1,0.321372854914197,0.3109375,0.0679012345679012,0.683523654159869,1,1,0.292452830188679,0.319685039370079,1,0.16,1,0.334370139968896,0.3232,1,1,0.792778649921507,0.317901234567901,0.73497688751926,0.969465648854962,0.3198127925117,0,1,0.533026113671275,1,0.302848575712144,1,0.656200941915228,0.674961119751166,0.689863842662632,1,1,0.319685039370079,0.315217391304348,0.316590563165906,0.331297709923664,0.335347432024169,0,1,0.311145510835913,1,1,0.505529225908373,0.553259141494436,1,1,1,0.332822085889571,0.319938176197836,0.322327044025157,0.674961119751166,1,1,0.0374414976599064,1,0.062874251497006,0.326865671641791,1,0.32348367029549,0.332797427652733,0.971291866028708,0.507668711656442,1,0.319083969465649,0.341576506955178,1,0.324281150159744,0.0890302066772655,0.332283464566929,0.329173166926677,1,0.341984732824427,1,1,1,1,0.684458398744113,1,1,0.00153609831029186,0.104294478527607,1,0.0468277945619335,0,1,0.551282051282051,0.675,1,0.06,0.313479623824451,1,0.306729264475743,1,0.684210526315789,1,0.3198127925117,0.320813771517997,0.321981424148607,1,0.324615384615385,1,0.483969465648855,1,0.318037974683544,0.294117647058824,0.330781010719755,0.329133858267717,0.476780185758514,1,0.323619631901841,0.3232,1,0.312693498452012,1,1,0.328638497652582,0.556231003039514,1,0.317111459968603,1,0.0421686746987952,1,0.319571865443425,0.66820987654321,0.334351145038168,0.928792569659443,0.428571428571429,0.105754276827372,0.0995260663507109,1,1,0.339477726574501,1,0.324283559577677,1,0.807633587786259,1,0.329635499207607,1,1,1,1,0.3328173374613,1,0.322274881516588,0.25462962962963,1,0.310664605873261,1,0.307931570762053,0.0825545171339564,1,0.316614420062696,1,1,1,0.337941628264209,1,0.334370139968896,1,0.308411214953271,1,0.317683881064163,0.075642965204236,1,0.624390243902439,1,1,0.322884012539185,1,1,1,1,0.320610687022901,0.31839258114374,1,1,0.32469512195122,0.311320754716981,1,0.443234836702955,0.666666666666667,0,0.3265625,0.659375,1,0.322727272727273,1,1,1,0.325617283950617,0.324812030075188,0.321144674085851,1,1,1,0,1,0.311216429699842,0.974882260596546,0.325,0.314329738058552,0.743827160493827,1,1,1,1,1,0.0435458786936236,0.316535433070866,0.329286798179059,1,0.674347158218126,1,1,0.9984375,1,1,1,0.003125,0.3125,1,0.312,1,0.306853582554517,1,1,1,1,1,0.329704510108865,1,0.515673981191223,0.329721362229102,0.3328173374613,0.322274881516588,0.329192546583851,0.340659340659341,0.429467084639498,0.333855799373041,0.313846153846154,0.319508448540707,1,0.32348367029549,1,0.687311178247734,0.31875,0.30521472392638,0.337984496124031,1,1,1,0.249609984399376,0.31055900621118,1,0.329173166926677,0.329770992366412,0.315950920245399,0.32089552238806,0.682888540031397,1,0.325077399380805,0.322274881516588,1,0.312698412698413,1,0.315870570107858,0.315301391035549,1,1,1,0.529503105590062,1,0.6765625,0.0842105263157895,0.323574730354391,1,1,0.0963302752293578,0.329249617151608,0.326053042121685,1,1,0.299382716049383,0.0249609984399376,0.0015625,1,1,0.339939024390244,0.998466257668712,1,0.312977099236641,1,1,0.31937984496124,1,1,1,1,0.330757341576507,0.317220543806647,0.337060702875399,1,1,0.668721109399075,0.323390894819466,1,0.322137404580153,0.301092043681747,1,1,1,1,1,0.326053042121685,1,1,0.108320251177394,0.337899543378995,0.491419656786271,0.317460317460317,0.663026521060842,0.31441717791411,1,0.316118935837246,0.34375,0.253869969040248,0.319018404907975,1,0.326807228915663,1,1,1,0.317610062893082,0.322188449848024,1,0.931089743589744,0.0685358255451713,1,0.316998468606432,0.326984126984127,0.313572542901716,1,0.328849028400598,0.464506172839506,0.330218068535826,0.31104199066874,0.314375987361769,0.312210200927357,1,0.332807570977918,1,1,0,1,0.322932917316693,1,1,1,0.3265625,1,0.311216429699842,1,0.838006230529595,1,1,1,0.3267776096823,1,1,0.317757009345794,0.321981424148607,1,1,0.314152410575428,0.19047619047619,1,1,1,0,0.315541601255887,1,0.303076923076923,0.240944881889764,1,0.673312883435583,0.447488584474886,1,1,0.674174174174174,0.702325581395349,0.352574102964119,1,0.318461538461538,1,1,0.340659340659341,1,1,0.00771604938271605,0.322834645669291,1,1,0.319182389937107,1,1,0.311145510835913,0.331288343558282,1,1,1,0.532608695652174,0.30781010719755,0.350547730829421,0.318318318318318,0.335384615384615,0.689763779527559,0.330232558139535,0.332307692307692,0.322932917316693,0.23861852433281,0.329093799682035,1,0.320668693009119,1,0.313636363636364,0.0824587706146927,0.0538461538461538,1,1,0.0401854714064915,1,0.680916030534351,0.043343653250774,0.0125,1,0.678955453149002,1,1,0.554502369668246,1,0,0.0736,1,1,1,0.31911532385466,0.64540059347181,0.681229773462783,0.992283950617284,1,0.98468606431853,0.311145510835913,0.329721362229102,1,0.308176100628931,1,0.376175548589342,0.105678233438486,0.30781010719755,0.320668693009119,0.348993288590604,1,0.0793893129770992,1,1,1,0.258751902587519,0.33122028526149,1,0.316118935837246,1,1,0.317557251908397,1,0.330815709969789,1,0.3125,0.316692667706708,1,0.670886075949367,0.32375189107413,1,0.315047021943574,0.753510140405616,0.317220543806647,0.167177914110429,0.324324324324324,0.776212832550861,0.304278922345483,1,0.325227963525836,0.343511450381679,0.292944785276074,1,1,1,0.967637540453074,0.327974276527331,1,0.322061191626409,1,0.323101777059774,0.319571865443425,1,1,1,0.924031007751938,1,0.313636363636364,0.322678843226788,1,1,0.05,0.080188679245283,1,1,0.314194577352472,1,1,0.3171875,1,1,0.680061823802164,0.528158295281583,1,0,1,1,0.103759398496241,0.327613104524181,1,0.323529411764706,1,0.967340590979782,1,0.823802163833076,1,0.337078651685393,1,1,1,0,0.319935691318328,1,1,0.668740279937792,1,0.32182103610675,0.36833855799373,0.324451410658307,1,1,1,0.0889570552147239,0.31924882629108,0.0877742946708464,1,0.311178247734139,0.309559939301973,0.363076923076923,0,1,0.956656346749226,1,1,0.322884012539185,0.299847792998478,0.158478605388273,0.0412698412698413,0.322884012539185,0.321928460342146,0.324074074074074,0.00157977883096367,0.320373250388802,1,0,0.319634703196347,1,1,1,0.326625386996904,0.317629179331307,0.0361067503924647,1,0.309968847352025,0.308623298033283,1,1,0.325,0.688311688311688,1,1,0.689167974882261,1,0.314329738058552,1,0.3328125,0.527522935779816,0.663109756097561,0.416289592760181,1,0.300153139356815,0.322188449848024,0.678571428571429,0.660578386605784,1,0.326747720364742,1,0.328290468986384,1,0.325545171339564,0.312401883830455,0.36150234741784,0.522205206738132,0.319685039370079,0.309636650868878,0.66046511627907,0.325115562403698,0.146579804560261,1,0,1,0.296825396825397,1,0,0.329211746522411,0.324237560192616,1,0.0598802395209581,1,0.0828125,0.344186046511628,1,0.0684292379471229,0.659442724458204,1,1,1,0.311986863711002,0.0412844036697248,1,0.435857805255023,0.0984375,0.361702127659574,0.327718223583461,0.326747720364742,1,1,1,1,1,0.0681818181818182,0.995398773006135,0.683641975308642,0.00298507462686567,0.327666151468315,1,1,1,1,0.0856697819314642,0.318461538461538,1,1,1,1,1,1,0.476407914764079,0.00156739811912226,1,0.0833333333333333,0.329249617151608,0.432307692307692,1,0.402208201892744,0.316393442622951,0.31832298136646,1,0.0435458786936236,0.323076923076923,1,1,0.376971608832808,0.316118935837246,0.311728395061728,0.322169059011164,1,0.323854660347551,0.330275229357798,0.423566878980892,0.324574961360124,0.972179289026275,0.312781954887218,0.0833333333333333,0.333855799373041,0,1,0.0879120879120879,0.309748427672956,0.317610062893082,0.321656050955414,1,1,1,1,1,1,0.345047923322684,1,0.316770186335404,0.317957166392092,0.604615384615385,0.674050632911392,1,1,0,0.328808446455505,0.115562403697997,1,0.0373831775700935,1,1,0.318252730109204,1,1,0.630914826498423,0.418495297805643,0.997005988023952,0.0758293838862559,0.103125,1,1,1,0.0865533230293663,0,0.31969696969697,0.42246835443038,0.314674735249622,0,0.329635499207607,0.0865384615384615,1,1,0.321646341463415,0.321699544764795,0.244615384615385,0.335453100158982,0.31866464339909,0.326120556414219,1,1,0.327586206896552,1,0,1,0.215408805031447,1,0.670769230769231,1,0.315789473684211,0.311708860759494,0.0762052877138414,0.672754946727549,1,1,0.78516228748068,0.895666131621188,0.315955766192733,0.317460317460317,1,0.322932917316693,0.248826291079812,0.322169059011164,1,0.102325581395349,1,1,0.324574961360124,0.677777777777778,0.315286624203822,1,1,0.305084745762712,0.30521472392638,0.326747720364742,0.856692913385827,0.318681318681319,1,0.0597243491577335,1,1,0.691472868217054,0.638629283489097,0.325842696629214,0.0589147286821705,0.335423197492163,1,1,0.318885448916409,0.333853354134165,0.620583717357911,1,0.313161875945537,0.374807987711214,0.309230769230769,0.984756097560976,0.469673405909798,0.00458015267175573,0.302936630602782,0.331831831831832,0.33175355450237,0.312,0.322727272727273,0.973805855161787,1,0.318181818181818,0.540540540540541,0.682389937106918,0.234108527131783,0.682769726247987,1,0.327639751552795,0.00314465408805031,0.332298136645963,0.320987654320988,0.369969040247678,0.32018927444795,0,0.332312404287902,0.321711568938193,0.322932917316693,0.31832298136646
"567",1,1,1,1,1,1,0.703099510603589,1,1,0.103448275862069,1,0.047244094488189,0.802610114192496,1,0.312698412698413,0.310725552050473,0.0709876543209877,0.697674418604651,1,1,0.282296650717703,0.311004784688995,1,0.162246489859594,1,0.322784810126582,0.318910256410256,1,1,0.75974025974026,0.3015625,0.716535433070866,0.960815047021944,0.307073954983923,0,1,0.55205047318612,1,0.295107033639144,1,0.669811320754717,0.692429022082019,0.703076923076923,1,1,0.313311688311688,0.312302839116719,0.3046875,0.320872274143302,0.32398753894081,0,1,0.3125,1,1,0.488817891373802,0.572337042925278,1,1,1,0.318461538461538,0.299684542586751,0.316455696202532,0.690363349131122,1,1,0.0383386581469649,1,0.062402496099844,0.313479623824451,1,0.322274881516588,0.32475884244373,0.969305331179321,0.518518518518518,1,0.305084745762712,0.33489827856025,1,0.319870759289176,0.0940032414910859,0.327974276527331,0.325984251968504,1,0.34009360374415,1,1,1,1,0.688473520249221,1,1,0.00157728706624606,0.111455108359133,1,0.0497667185069984,0,1,0.553745928338762,0.678343949044586,1,0.057784911717496,0.311811023622047,1,0.31139646869984,1,0.691943127962085,1,0.31378763866878,0.312893081761006,0.309748427672956,1,0.324881141045959,1,0.495398773006135,1,0.303514376996805,0.301684532924962,0.323076923076923,0.318910256410256,0.488958990536278,0.998412698412698,0.317262830482115,0.308441558441558,1,0.309748427672956,1,1,0.341194968553459,0.537267080745342,1,0.314194577352472,1,0.0455235204855842,1,0.314465408805031,0.673946957878315,0.325949367088608,0.927215189873418,0.431147540983607,0.109204368174727,0.1056,1,1,0.32753164556962,1,0.311926605504587,1,0.786833855799373,1,0.3136,1,1,1,1,0.330683624801272,1,0.32,0.262166405023548,1,0.312111801242236,1,0.298245614035088,0.0925039872408294,1,0.309951060358891,1,1,1,0.327586206896552,1,0.32484076433121,1,0.308056872037915,1,0.315286624203822,0.0842433697347894,1,0.64297253634895,1,1,0.313311688311688,1,1,1,1,0.317384370015949,0.307692307692308,1,0.998407643312102,0.31619937694704,0.310177705977383,1,0.454258675078864,0.667687595712098,0,0.31832298136646,0.668769716088328,1,0.320813771517997,1,0.998466257668712,1,0.314641744548287,0.316118935837246,0.32475884244373,1,1,1,0,1,0.306451612903226,0.972972972972973,0.322683706070288,0.312302839116719,0.744548286604361,1,1,1,1,1,0.0473186119873817,0.317965023847377,0.325581395348837,1,0.676970633693972,1,1,0.998410174880763,0.9984375,1,1,0.00314465408805031,0.3234375,1,0.306477093206951,1,0.301412872841444,1,1,1,1,1,0.314285714285714,1,0.504761904761905,0.31629392971246,0.321928460342146,0.307443365695793,0.318110236220472,0.325914149443561,0.413848631239936,0.328571428571429,0.311424100156495,0.305900621118012,1,0.312202852614897,1,0.693846153846154,0.305164319248826,0.322429906542056,0.33115823817292,1,1,1,0.266244057052298,0.305732484076433,1,0.317230273752013,0.321483771251932,0.31619937694704,0.31937984496124,0.685534591194969,1,0.322932917316693,0.3056,1,0.296296296296296,1,0.305295950155763,0.312893081761006,1,1,1,0.54675118858954,1,0.690363349131122,0.0910493827160494,0.316037735849057,1,1,0.107424960505529,0.316692667706708,0.332273449920509,1,1,0.300314465408805,0.0237341772151899,0.00161812297734628,1,1,0.333855799373041,0.998417721518987,1,0.312693498452012,1,1,0.32018927444795,1,1,1,1,0.318181818181818,0.305084745762712,0.325320512820513,1,1,0.681114551083591,0.3125,1,0.321316614420063,0.290679304897314,1,1,0.998420221169036,1,1,0.325396825396825,1,1,0.108766233766234,0.333333333333333,0.496062992125984,0.297427652733119,0.675632911392405,0.315301391035549,1,0.310569105691057,0.3296,0.255886970172684,0.316770186335404,1,0.319508448540707,1,1,1,0.304975922953451,0.321372854914197,0.998427672955975,0.916802610114193,0.0690208667736758,1,0.30952380952381,0.322006472491909,0.304,1,0.326656394453005,0.472527472527473,0.3234375,0.302034428794992,0.307568438003221,0.304625199362041,1,0.318541996830428,1,1,0,1,0.317817014446228,1,1,1,0.327974276527331,1,0.307448494453249,1,0.818466353677621,1,1,1,0.310832025117739,1,1,0.30503144654088,0.307448494453249,1,1,0.311320754716981,0.194401244167963,1,0.998430141287284,1,0,0.310897435897436,1,0.3046875,0.258785942492013,1,0.68362480127186,0.420722135007849,1,1,0.680365296803653,0.6992,0.343450479233227,1,0.315047021943574,1,1,0.322734499205087,1,0.998405103668262,0.00792393026941363,0.31911532385466,1,1,0.314102564102564,1,1,0.29951690821256,0.340694006309148,1,1,1,0.529874213836478,0.306976744186047,0.333863275039746,0.319213313161876,0.3296875,0.6944,0.317262830482115,0.315789473684211,0.31104199066874,0.24251968503937,0.316129032258064,1,0.316436251920123,0.998397435897436,0.306603773584906,0.0917431192660551,0.0559006211180124,1,1,0.0410094637223975,1,0.683229813664596,0.0440944881889764,0.0110584518167457,1,0.686614173228347,1,1,0.542264752791069,1,0,0.0817307692307692,1,1,1,0.313694267515924,0.656203288490284,0.695299837925446,0.992211838006231,1,0.982649842271293,0.29393468118196,0.342812006319115,1,0.29093799682035,1,0.362179487179487,0.109854604200323,0.307931570762053,0.31306990881459,0.322091062394604,1,0.0829420970266041,1,1,1,0.26,0.31378763866878,1,0.313694267515924,1,1,0.307692307692308,1,0.316187594553706,1,0.309904153354633,0.315955766192733,1,0.685303514376997,0.309923664122137,1,0.305379746835443,0.743710691823899,0.316358024691358,0.165366614664587,0.319938176197836,0.751572327044025,0.29951690821256,1,0.326984126984127,0.334883720930233,0.290372670807453,1,1,1,0.963934426229508,0.345454545454545,1,0.322683706070288,1,0.320846905537459,0.320610687022901,1,1,1,0.912698412698413,1,0.310236220472441,0.312796208530806,1,1,0.0523731587561375,0.0879120879120879,1,1,0.311582381729201,1,1,0.308544303797468,1,1,0.686804451510334,0.546153846153846,1,0,1,1,0.105590062111801,0.317965023847377,1,0.315789473684211,0.998415213946117,0.963022508038585,0.9984,0.804107424960506,1,0.331738437001595,1,1,1,0,0.315875613747954,1,1,0.682464454976303,1,0.308056872037915,0.35423197492163,0.31619937694704,1,1,1,0.0981308411214953,0.325320512820513,0.0925039872408294,0.998417721518987,0.306603773584906,0.299212598425197,0.343307086614173,0,1,0.954258675078864,1,1,0.322222222222222,0.299539170506912,0.165605095541401,0.0401284109149278,0.311111111111111,0.310236220472441,0.325508607198748,0.00163934426229508,0.312698412698413,1,0,0.312302839116719,1,1,1,0.310452418096724,0.319571865443425,0.0378289473684211,1,0.308056872037915,0.311728395061728,1,1,0.314553990610329,0.701812191103789,1,1,0.701754385964912,1,0.301092043681747,1,0.310452418096724,0.53448275862069,0.672281776416539,0.407066052227343,1,0.296296296296296,0.310725552050473,0.6801872074883,0.673913043478261,1,0.314553990610329,1,0.31733746130031,1,0.309033280507132,0.305111821086262,0.339116719242902,0.517241379310345,0.312202852614897,0.318910256410256,0.66877971473851,0.310452418096724,0.152823920265781,1,0,1,0.299840510366826,1,0,0.315457413249211,0.3136,1,0.0613496932515337,1,0.0913385826771654,0.333333333333333,1,0.0685358255451713,0.676751592356688,1,1,1,0.305921052631579,0.0434782608695652,1,0.425396825396825,0.100961538461538,0.3375,0.316455696202532,0.31875,1,1,1,1,1,0.0694444444444444,0.996894409937888,0.6875,0.00307219662058372,0.31924882629108,1,1,1,1,0.0911949685534591,0.317262830482115,1,1,1,1,1,1,0.486943164362519,0.00158730158730159,1,0.0930232558139535,0.31629392971246,0.43944099378882,1,0.391025641025641,0.303571428571429,0.312302839116719,1,0.042654028436019,0.322884012539185,1,1,0.364077669902913,0.301391035548686,0.307086614173228,0.315024232633279,0.998442367601246,0.323809523809524,0.309375,0.422222222222222,0.309033280507132,0.972006220839813,0.309006211180124,0.0895765472312704,0.325878594249201,0,1,0.0937996820349762,0.3056,0.315047021943574,0.318979266347687,1,1,1,1,1,1,0.325242718446602,1,0.318471337579618,0.313131313131313,0.606349206349206,0.683360258481422,1,1,0,0.310344827586207,0.125195618153365,0.998470948012232,0.0397456279809221,1,1,0.312599681020734,1,1,0.624390243902439,0.416393442622951,0.996969696969697,0.0886699507389163,0.105263157894737,1,1,1,0.0952380952380952,0,0.316118935837246,0.4185303514377,0.314241486068111,0,0.326433121019108,0.0910543130990415,1,1,0.312597200622084,0.318681318681319,0.254317111459969,0.327974276527331,0.3078125,0.31496062992126,1,1,0.3264,1,0,1,0.233494363929147,1,0.676145339652449,1,0.314873417721519,0.299674267100977,0.0784929356357928,0.673469387755102,1,1,0.796825396825397,0.896607431340872,0.315873015873016,0.315024232633279,1,0.32018927444795,0.268488745980707,0.318840579710145,1,0.11214953271028,1,1,0.319620253164557,0.68130081300813,0.307324840764331,1,1,0.305900621118012,0.311811023622047,0.32,0.854838709677419,0.31139646869984,1,0.0609375,1,1,0.700468018720749,0.660771704180064,0.327361563517915,0.0592,0.322683706070288,1,1,0.30048465266559,0.3216,0.621875,1,0.308661417322835,0.375196232339089,0.305426356589147,0.989214175654854,0.481540930979133,0.004739336492891,0.297169811320755,0.314241486068111,0.327503974562798,0.317152103559871,0.311145510835913,0.978090766823161,1,0.311320754716981,0.554119547657512,0.688709677419355,0.237048665620094,0.686371100164204,1,0.323390894819466,0.00317460317460317,0.329052969502408,0.309636650868878,0.374414976599064,0.319620253164557,0,0.325,0.309677419354839,0.324367088607595,0.315047021943574
"568",0.0949367088607595,0.0885093167701863,0.0899390243902439,0.0835913312693498,0.0863636363636364,0.0923076923076923,0.389589905362776,0.090625,0.0943683409436834,1,0.0911854103343465,0.950920245398773,0.0919003115264797,0.0920245398773006,0.595015576323987,0.602719033232628,0.978593272171254,0.410339256865913,0.0928792569659443,0.0920245398773006,0.595348837209302,0.591263650546022,0.0981873111782477,0.938176197836167,0.103030303030303,0.576687116564417,0.587774294670846,0.0901898734177215,0.100600600600601,0.139968895800933,0.602760736196319,0.168693009118541,0.0630769230769231,0.598145285935085,0.916795069337442,0.0954692556634304,0.572078907435508,0.0910470409711684,0.601492537313433,0.0968229954614221,0.434984520123839,0.412307692307692,0.409365558912387,0.0933125972006221,0.0933125972006221,0.57984496124031,0.59472049689441,0.596096096096096,0.585626911314985,0.574018126888218,0.907975460122699,0.0883280757097792,0.595454545454545,0.0863636363636364,0.0972644376899696,0.395962732919255,0.538819875776398,0.0906298003072197,0.0975609756097561,0.0902140672782875,0.571646341463415,0.579598145285935,0.585139318885449,0.421947449768161,0.0970266040688576,0.0962406015037594,0.952307692307692,0.0903426791277259,0.978915662650602,0.574242424242424,0.0866965620328849,0.597542242703533,0.570532915360502,0.128930817610063,0.602427921092564,0.0990990990990991,0.606875934230194,0.56969696969697,0.0853658536585366,0.584905660377358,1,0.574303405572755,0.588325652841782,0.100151745068285,0.562883435582822,0.0880597014925373,0.0904836193447738,0.0848484848484849,0.0942812982998454,0.414634146341463,0.0904836193447738,0.0791044776119403,0.919753086419753,1,0.0828125,0.955089820359281,0.914503816793893,0.0914634146341463,0.543443917851501,0.415360501567398,0.0885496183206107,0.96594427244582,0.598159509202454,0.103610675039246,0.589230769230769,0.088785046728972,0.420647149460709,0.0953846153846154,0.582568807339449,0.581039755351682,0.580152671755725,0.0925644916540212,0.58,0.100154083204931,0.616541353383459,0.0950965824665676,0.590839694656489,0.809815950920245,0.581183611532625,0.580893682588598,0.633181126331811,0.0914634146341463,0.590015128593041,0.586477987421384,0.081203007518797,0.599078341013825,0.089311859443631,0.09375,0.779299847792998,0.556221889055472,0.0854430379746835,0.592248062015504,0.0845070422535211,0.952592592592593,0.0818897637795276,0.580547112462006,0.423780487804878,0.583206106870229,0.0278207109737249,0.648264984227129,1,1,0.0893682588597843,0.0909090909090909,0.573596358118361,0.0870229007633588,0.591251885369532,0.0992248062015504,0.0972644376899696,0.0943952802359882,0.588697017268446,0.0809160305343511,0.0903426791277259,0.0959752321981424,0.0770440251572327,0.568965517241379,0.101851851851852,0.577399380804954,0.84984984984985,0.0922844175491679,0.5948406676783,0.0965309200603318,0.59480122324159,0.995334370139969,0.0841121495327103,0.597523219814242,0.0995405819295559,0.0917431192660551,0.0955315870570108,0.566666666666667,0.099236641221374,0.57427258805513,0.0890625,0.586523736600306,0.0926517571884984,0.580495356037152,0.992331288343558,0.0852359208523592,0.463768115942029,0.0927357032457496,0.101088646967341,0.595712098009188,0.0892307692307692,0.0889570552147239,0.0920060331825038,0.0884146341463415,0.581570996978852,0.591527987897126,0.0923076923076923,0.0942812982998454,0.584097859327217,0.600624024960998,0.0867579908675799,0.662595419847328,0.430249632892805,0.903726708074534,0.585106382978723,0.431643625192012,0.086890243902439,0.576751117734724,0.0903426791277259,0.0870870870870871,0.0753846153846154,0.592933947772657,0.589041095890411,0.58125,0.0948148148148148,0.0940438871473354,0.0847201210287443,0.916279069767442,0.0939907550077042,0.59748427672956,0.0660522273425499,0.57984496124031,0.592307692307692,0.366261398176292,0.0913312693498452,0.0934150076569678,0.0846153846153846,0.0906298003072197,0.0894819466248038,0.949771689497717,0.58740157480315,0.584084084084084,0.0909090909090909,0.417298937784522,0.092814371257485,0.0988023952095808,0.0967238689547582,0.094311377245509,0.0916149068322981,0.0902366863905325,0.911987860394537,0.785714285714286,0.0920060331825038,0.585139318885449,0.0892018779342723,0.6,0.0895295902883156,0.0952380952380952,0.0850077279752705,0.0920436817472699,0.0974842767295598,0.578461538461538,0.0929878048780488,0.377742946708464,0.571870170015456,0.57469512195122,0.583724569640063,0.5765625,0.575617283950617,0.665109034267913,0.569678407350689,0.581538461538462,0.584474885844749,0.095166163141994,0.579109062980031,0.0861244019138756,0.403903903903904,0.585780525502318,0.800904977375566,0.578294573643411,0.0944272445820433,0.0844854070660522,0.0927357032457496,0.845201238390093,0.596036585365854,0.081447963800905,0.587057010785824,0.578947368421053,0.588235294117647,0.595744680851064,0.415123456790123,0.0857580398162328,0.577507598784195,0.584758942457232,0.0847457627118644,0.609250398724083,0.094311377245509,0.583710407239819,0.60763358778626,0.0865533230293663,0.0927357032457496,0.0914728682170543,0.579268292682927,0.0902021772939347,0.406727828746177,0.992592592592593,0.578294573643411,0.0950226244343891,0.0847723704866562,1,0.584218512898331,0.574766355140187,0.0887480190174326,0.0920436817472699,0.594553706505295,0.93558282208589,0.910518053375196,0.096875,0.0936507936507937,0.571860816944024,0.0917431192660551,0.102526002971768,0.593167701863354,0.0932330827067669,0.091324200913242,0.584992343032159,0.0889235569422777,0.0882352941176471,0.0933125972006221,0.093558282208589,0.578294573643411,0.600596125186289,0.588235294117647,0.0920060331825038,0.0937019969278034,0.415525114155251,0.58678955453149,0.0815047021943574,0.596992481203008,0.598145285935085,0.0929878048780488,0.0866261398176292,0.086890243902439,0.0900621118012422,0.0854961832061069,0.574961360123648,0.0976377952755905,0.0971786833855799,0.987519500780031,0.572519083969466,0.59472049689441,0.587596899224806,0.426179604261796,0.582335329341317,0.0899550224887556,0.602484472049689,0.577639751552795,0.845454545454545,0.585365853658537,0.0854037267080745,0.576980568011958,0.0934150076569678,0.0903522205206738,0.0995475113122172,0.598145285935085,0.592424242424242,0.0916030534351145,0.0161030595813204,0.965354330708661,0.0963665086887836,0.58868501529052,0.5921875,0.594427244582043,0.0833333333333333,0.582959641255605,0.64031007751938,0.581570996978852,0.594427244582043,0.586750788643533,0.596946564885496,0.0825825825825826,0.58179012345679,0.0838607594936709,0.0828220858895705,0.920367534456355,0.0920436817472699,0.578386605783866,0.0949464012251149,0.0920060331825038,0.0947204968944099,0.577812018489985,0.0948012232415902,0.581538461538462,0.0914542728635682,0.0737327188940092,0.100154083204931,0.0956112852664577,0.0886850152905199,0.589861751152074,0.0822981366459627,0.0942812982998454,0.592987804878049,0.59480122324159,0.0880989180834621,0.0925925925925926,0.595744680851064,0.914414414414414,0.0921875,0.0925644916540212,0.087218045112782,0.904689863842663,0.596875,0.0952380952380952,0.587786259541985,0.852134146341463,0.0907692307692308,0.412844036697248,0.453453453453453,0.0932069510268562,0.0884146341463415,0.424778761061947,0.4,0.556748466257669,0.0889570552147239,0.578461538461538,0.101721439749609,0.0829346092503987,0.572981366459627,0.0917431192660551,0.0950155763239875,0.9209726443769,0.579908675799087,0.0942812982998454,0.0832049306625578,0.580495356037152,0.0886850152905199,0.088646967340591,0.59717868338558,0.761619190404798,0.0873634945397816,0.0914634146341463,0.0885093167701863,0.368340943683409,0.593846153846154,0.597542242703533,0.588673621460507,0.579268292682927,0.409861325115562,0.572916666666667,0.573208722741433,0.590214067278288,0.86,0.587057010785824,0.0929535232383808,0.587183308494784,0.0907692307692308,0.591463414634146,0.991137370753324,0.960843373493976,0.0920060331825038,0.0984848484848485,0.950769230769231,0.0884676145339652,0.407239819004525,0.954198473282443,0.921052631578947,0.0943683409436834,0.404255319148936,0.0900763358778626,0.0911854103343465,0.558282208588957,0.0888208269525268,0.910060975609756,0.998402555910543,0.0893682588597843,0.0953101361573374,0.101382488479263,0.581648522550544,0.448476052249637,0.39652448657188,0.100609756097561,0.0930232558139535,0.0610687022900763,0.591805766312595,0.763803680981595,0.0954545454545455,0.598755832037325,0.0863636363636364,0.532507739938081,0.98755832037325,0.596385542168675,0.598518518518519,0.580327868852459,0.0981873111782477,0.992492492492492,0.101796407185629,0.0907668231611894,0.0903522205206738,0.850903614457831,0.574102964118565,0.0992248062015504,0.591463414634146,0.0913385826771654,0.0926216640502355,0.592424242424242,0.0916149068322981,0.590163934426229,0.0934150076569678,0.600311041990669,0.582554517133956,0.0867579908675799,0.41112828438949,0.594353640416048,0.0847457627118644,0.596625766871166,0.155251141552511,0.584821428571429,0.943251533742331,0.590163934426229,0.127496159754224,0.59190031152648,0.107142857142857,0.580893682588598,0.567484662576687,0.612213740458015,0.0939907550077042,0.0907668231611894,0.0906389301634472,0.0634920634920635,0.760904684975767,0.0920245398773006,0.5818759936407,0.0875576036866359,0.589371980676328,0.5949177877429,0.0958904109589041,0.0909090909090909,0.0851063829787234,0.00617283950617284,0.0942249240121581,0.597285067873303,0.584474885844749,0.086232980332829,0.0883720930232558,0.96875,0.99075500770416,0.0904907975460123,0.088646967340591,0.588509316770186,0.0995405819295559,0.088855421686747,0.597859327217125,0.100478468899522,0.0916030534351145,0.420489296636086,0.58030303030303,0.0848765432098765,0.914580265095729,0.0939907550077042,0.0977099236641221,1,0.583076923076923,0.0911901081916538,0.578866768759571,0.0916030534351145,0.0579029733959311,0.0964777947932619,0.0801815431164902,0.088646967340591,0.582417582417582,0.0860215053763441,0.0873015873015873,0.0878274268104777,0.913373860182371,0.5872,0.0788643533123028,0.0945945945945946,0.421461897356143,0.0876132930513595,0.587326120556414,0.546827794561934,0.583206106870229,0.0887218045112782,0.0889570552147239,0.0981308411214953,1,0.578052550231839,0.990476190476191,0.0808709175738725,0.597243491577335,0.596358118361153,0.554545454545455,0.908116385911179,0.0833333333333333,0.0427480916030534,0.0933734939759036,0.0882800608828006,0.582159624413146,0.586989409984871,0.927051671732523,0.951638065522621,0.585253456221198,0.580893682588598,0.565610859728507,0.913928012519562,0.595129375951294,0.0909090909090909,0.911901081916538,0.586206896551724,0.0929535232383808,0.0965732087227414,0.0857580398162328,0.583208395802099,0.594353640416048,0.9536,0.0875576036866359,0.593272171253823,0.603030303030303,0.099236641221374,0.101071975497703,0.586687306501548,0.393258426966292,0.0842433697347894,0.0925925925925926,0.406441717791411,0.0961832061068702,0.601796407185629,0.0992125984251968,0.588770864946889,0.58433734939759,0.423192771084337,0.673105497771174,0.0925644916540212,0.596096096096096,0.586523736600306,0.403641881638847,0.427272727272727,0.0851393188854489,0.582066869300912,0.0879120879120879,0.590236686390533,0.0856697819314642,0.578703703703704,0.601246105919003,0.549382716049383,0.5625,0.578783151326053,0.583975346687211,0.43701399688958,0.582701062215478,0.9552,0.0834621329211747,0.918057663125948,0.086232980332829,0.612403100775194,0.0992248062015504,0.921174652241113,0.577708006279435,0.590625,0.0883280757097792,0.968421052631579,0.0931297709923664,1,0.55607476635514,0.0824427480916031,0.970903522205207,0.431818181818182,0.0892307692307692,0.0914634146341463,0.0943683409436834,0.598726114649682,0.948717948717949,0.0848484848484849,0.479876160990712,1,0.543939393939394,0.586102719033233,0.582831325301205,0.0946564885496183,0.069620253164557,0.100313479623824,0.0866261398176292,0.0871559633027523,0.974626865671642,0.0962406015037594,0.421921921921922,0.911373707533235,0.584084084084084,0.0960365853658537,0.0953846153846154,0.088785046728972,0.0844645550527904,0.996908809891808,0.580451127819549,0.0778443113772455,0.0882352941176471,0.0889235569422777,0.0854037267080745,0.0965309200603318,0.0976744186046512,0.63001485884101,0.933753943217666,0.0920060331825038,0.993920972644377,0.599078341013825,0.675799086757991,0.0937019969278034,0.513219284603421,0.600953895071542,0.587155963302752,0.100154083204931,0.954128440366973,0.58751902587519,0.0820668693009119,0.0984375,0.535101404056162,0.587253414264036,0.593893129770992,0.584394904458599,0.0803030303030303,0.58712715855573,0.582317073170732,0.666666666666667,0.593220338983051,0.0551415797317437,0.584454409566517,0.993740219092332,0.57984496124031,0.908132530120482,0.0942812982998454,0.996879875195008,0.595645412130638,0.574534161490683,0.58411214953271,0.092814371257485,0.0776255707762557,0.089171974522293,0.0950226244343891,0.0930599369085174,0.0930232558139535,0.56786271450858,0.100151745068285,0.587326120556414,0.584013050570963,0.498475609756098,0.419003115264797,0.0898021308980213,0.0971168437025797,0.914798206278027,0.584454409566517,0.97125567322239,0.0896860986547085,0.953703703703704,0.0927357032457496,0.0919175911251981,0.582945736434109,0.0947204968944099,0.0920840064620355,0.463790446841294,0.665056360708535,0.101321585903084,0.993808049535604,1,0.0907692307692308,0.0900621118012422,0.0876923076923077,0.992272024729521,0.914764079147641,0.583456425406204,0.482280431432974,0.583208395802099,0.915902140672783,0.56656346749226,0.993769470404984,0.0883720930232558,0.0947867298578199,0.589665653495441,0.582317073170732,0.864823348694316,0.577952755905512,0.585329341317365,0.580060422960725,0.0962732919254658,0.0955315870570108,0.577639751552795,0.0909090909090909,0.916413373860182,0.0835913312693498,0.884792626728111,0.0961240310077519,0.422960725075529,0.0870870870870871,0.59253499222395,0.600313479623824,0.992378048780488,0.420180722891566,0.0882352941176471,0.086687306501548,0.299689440993789,0.202551834130782,0.579109062980031,0.590979782270607,0.088145896656535,0.589393939393939,0.855182926829268,0.586477987421384,0.0993975903614458,0.996987951807229,0.0970724191063174,0.090625,0.587253414264036,0.411392405063291,0.594679186228482,0.0943396226415094,0.0821917808219178,0.600910470409712,0.59236641221374,0.581954887218045,0.23208722741433,0.593059936908517,0.0945736434108527,0.969788519637462,0.0963302752293578,0.0870253164556962,0.403348554033486,0.448757763975155,0.588785046728972,0.969418960244648,0.573643410852713,0.0927357032457496,0.0772870662460568,0.598145285935085,0.569444444444444,0.474242424242424,0.0922844175491679,0.598802395209581,0.681470137825421,0.596036585365854,0.112107623318386,0.634259259259259,0.922137404580153,0.598187311178248,0.57957957957958,0.584905660377358,0.589540412044374,0.580693815987934,0.115853658536585,0.0948012232415902,0.595454545454545,0.555205047318612,0.412130637636081,0.861280487804878,0.406050955414013,0.0835913312693498,0.581679389312977,0.924528301886792,0.571651090342679,0.586363636363636,0.704819277108434,0.571205007824726,0.915151515151515,0.575757575757576,0.586477987421384,0.58,0.589861751152074
"569",0.300492610837438,0.314194577352472,0.320126782884311,0.332797427652733,0.312,0.302694136291601,0.0114566284779051,0.318770226537217,0.313572542901716,0.570739549839228,0.3198127925117,0.632075471698113,0.516129032258065,0.323671497584541,1,1,0.613312202852615,0,0.332258064516129,0.313694267515924,1,1,0.323029366306028,0.509493670886076,0.31201248049922,1,1,0.33112582781457,0.31201248049922,0.504823151125402,1,0.580594679186229,0.357594936708861,0.9953125,0.662379421221865,0.315436241610738,0.134375,0.321372854914197,1,0.308056872037915,0.0032,0,0,0.326923076923077,0.318032786885246,1,0.993690851735016,1,1,1,0.691082802547771,0.32794830371567,1,0.325984251968504,0.315286624203822,0.808441558441558,0.125396825396825,0.323854660347551,0.317460317460317,0.31687898089172,0.993740219092332,1,1,0.00647249190938511,0.317073170731707,0.318681318681319,0.650717703349282,0.323809523809524,0.617511520737327,1,0.312693498452012,1,1,0.282009724473258,0.159305993690852,0.315870570107858,1,0.993769470404984,0.326625386996904,1,0.600985221674877,1,1,0.329133858267717,1,0.322981366459627,0.3125,0.329032258064516,0.320754716981132,0,0.320063694267516,0.321981424148607,0.690140845070423,0.579527559055118,0.315789473684211,0.637209302325581,0.684542586750789,0.31496062992126,0.128246753246753,0,0.3104,0.614006514657981,1,0.313821138211382,1,0.323624595469256,0,0.321543408360129,1,1,1,0.307936507936508,0.995238095238095,0.325396825396825,0.20253164556962,0.308049535603715,1,0.370253164556962,1,1,0.196513470681458,0.306836248012719,1,1,0.334375,1,0.315629742033384,0.31832298136646,0.351735015772871,0.759316770186335,0.320846905537459,1,0.327361563517915,0.625194401244168,0.337704918032787,1,0.00157977883096367,1,0.379421221864952,0.883031301482702,0.5776,0.595779220779221,0.315286624203822,0.317891373801917,1,0.313099041533546,1,0.304347826086957,0.508634222919937,0.325038880248834,1,0.313099041533546,0.315960912052117,0.324590163934426,0.3232,1,0.31687898089172,1,0.421725239616613,0.328025477707006,1,0.32258064516129,1,0.586991869918699,0.320907617504052,1,0.318541996830428,0.317535545023697,0.327476038338658,0.987480438184664,0.326433121019108,1,0.328025477707006,1,0.321782178217822,1,0.584639498432602,0.296650717703349,0.0366056572379368,0.3,0.321543408360129,1,0.310015898251192,0.318681318681319,0.321766561514196,0.330143540669856,1,1,0.327476038338658,0.32182103610675,1,1,0.322169059011164,0.239747634069401,0.0229709035222052,0.6896,1,0.00322061191626409,0.316692667706708,1,0.320907617504052,0.320813771517997,0.321543408360129,0.998402555910543,1,1,0.321875,0.315533980582524,0.31875,0.679092382495948,0.313099041533546,1,0.347003154574132,1,1,0.4328125,0.3232,0.321259842519685,0.321144674085851,0.301261829652997,0.318327974276527,0.640322580645161,1,1,0.315625,0.00471698113207547,0.324409448818898,0.316846986089645,0.326433121019108,0.309148264984227,0.299684542586751,0.314152410575428,0.68798751950078,0.349453978159126,0.307086614173228,1,0.32258064516129,1,0.3109375,0.303571428571429,0.309409888357257,0.328548644338118,0.320785597381342,1,0.321259842519685,0.804560260586319,1,1,0.996763754045307,1,1,0.886731391585761,1,1,1,0.3140625,1,0.32300163132137,0,1,0.383280757097792,1,0.319218241042345,0.326860841423948,0.320063694267516,0.414790996784566,1,0.317683881064163,1,1,1,1,0,0.312803889789303,1,1,0.326984126984127,1,0.324534161490683,1,1,0.300476947535771,0.32258064516129,0.298887122416534,0.148499210110585,0.32741935483871,0,0.589230769230769,1,0.320433436532508,0.32258064516129,0.574534161490683,1,1,0.324193548387097,0.330143540669856,1,0.65818759936407,0.694444444444444,0.310457516339869,0.319078947368421,0.995327102803738,0.334389857369255,0.306748466257669,1,0.311811023622047,0.315047021943574,1,0.3152,0.317741935483871,0.308661417322835,0.3136,1,1,1,0.3,0.329093799682035,0.00794912559618442,0.990445859872611,0.327390599675851,1,1,0.310344827586207,0.328025477707006,0.29984544049459,0.318037974683544,0.319685039370079,1,0.308072487644152,0.304897314375987,0.566188197767145,1,0.836507936507937,1,0,1,0.329704510108865,1,1,0.407643312101911,0.998430141287284,0.323624595469256,1,0.305426356589147,0.306709265175719,0.317034700315457,1,1,0.32398753894081,0.409836065573771,0.6064,0.311688311688312,1,1,1,0.324104234527687,1,0.204472843450479,1,1,1,1,0.32753164556962,1,0.318864774624374,0.338632750397456,0.684126984126984,0.30655737704918,1,0.326984126984127,0.317757009345794,0.317666126418152,1,0.310344827586207,1,0.318885448916409,0.487381703470032,0.326530612244898,0.32695374800638,0.313084112149533,1,0.3152,0.306089743589744,1,1,0.326465927099842,0.310509554140127,1,0.46656298600311,0.32516339869281,0.330188679245283,0.326594090202177,0.685897435897436,1,0.293624161073825,1,0.415185783521809,0.311320754716981,0,0.874411302982732,0.316720257234727,0.319620253164557,0,0.0272435897435897,0.9792,0.315372424722662,1,0.309178743961353,0.315359477124183,1,0.322834645669291,0.311897106109325,0.6609375,1,0.320574162679426,0.323717948717949,1,0.31496062992126,0.306581059390048,1,0.329093799682035,0.302884615384615,0.330218068535826,0.334379905808477,0.807511737089202,1,0.979166666666667,1,1,0.00159744408945687,1,0.991961414790997,1,0.419093851132686,0.996763754045307,0.312597200622084,0.992199687987519,0.3264,0.9953125,0.596330275229358,0.623417721518987,0.324881141045959,0.311216429699842,0.635350318471338,0.3125,0,0.632237871674491,0.677993527508091,0.318681318681319,0.00158730158730159,0.314606741573034,0.308943089430894,0.763578274760383,0.322429906542056,0.681458003169572,0.591572123176661,0.315873015873016,0.318037974683544,0.29922480620155,1,0.0302571860816944,0,0.31911532385466,0.328050713153724,0.333333333333333,1,0.333333333333333,0.315955766192733,1,0.31378763866878,0.942028985507246,0.56661316211878,1,1,0.991568296795953,0.318885448916409,0.602523659305994,0.321538461538462,0.314754098360656,0.320574162679426,0.409162717219589,1,0.312903225806452,1,0.315447154471545,0.320907617504052,1,0.321428571428571,1,0.324324324324324,1,1,0.31832298136646,0,1,0.32093023255814,1,0.558213716108453,1,0.500784929356358,1,0.546603475513428,1,0.320907617504052,1,1,1,0.317891373801917,0.319935691318328,0.314152410575428,0.34983498349835,0.322147651006711,0.30952380952381,1,0.324237560192616,1,1,0.3296,0.32183908045977,0.322834645669291,0.392,0.328173374613003,1,1,0.332810047095761,0.3248,0.620521172638437,0.580385852090032,0.319047619047619,0.321486268174475,1,0.312202852614897,0.313364055299539,0.995176848874598,0.303130148270181,0.310832025117739,0,0.1421875,0.321086261980831,0.680428134556575,0.314935064935065,0.319875776397516,0.591836734693878,0.996830427892235,0.317384370015949,1,0.312599681020734,0.3424,0.319488817891374,0.475513428120063,0.31629392971246,1,0.327014218009479,0.322006472491909,0.333333333333333,0.685624012638231,1,0.320388349514563,0.308176100628931,0,0.326465927099842,0.998415213946117,0.955342902711324,1,0.31619937694704,0.31924882629108,0.325320512820513,0.578052550231839,1,0.586816720257235,0.332263242375602,1,1,0.963722397476341,0.672523961661342,0.332805071315372,0.361022364217252,0.324324324324324,0.3140625,1,1,0.50402576489533,0.62843295638126,1,1,0.998449612403101,0.693181818181818,1,0.32258064516129,0.684210526315789,1,0.324367088607595,0.312803889789303,0.321144674085851,0.996870109546166,1,0.636065573770492,0.333863275039746,1,1,0.326433121019108,0.311627906976744,0.998389694041868,0,0.316720257234727,0.316639741518578,0.00806451612903226,0.313479623824451,1,0.309178743961353,1,0.147515527950311,0,0.894899536321484,0.329617834394904,1,1,0,0.00156494522691706,0.324960753532182,1,0.32183908045977,0.996918335901387,0.314516129032258,1,0.998373983739837,0.961227786752827,0.760697305863708,1,1,0.0063391442155309,1,0.515497553017945,0.324237560192616,0.673469387755102,0.323854660347551,1,0.309294871794872,0.676375404530744,1,1,0.32137030995106,0.614791987673344,0.331761006289308,0.579454253611557,0.97411003236246,0.331189710610932,0.598116169544741,0.0143312101910828,0.313001605136437,0.320063694267516,0.322429906542056,1,0.633956386292835,0.309375,0.887122416534181,0.583739837398374,0.965678627145086,1,1,0.308544303797468,0.333878887070376,0.305958132045089,0.314465408805031,0.313479623824451,0.612307692307692,0.306376360808709,0,0.67420814479638,0.9984,0.328478964401294,0.310789049919485,0.321311475409836,0.323943661971831,0.60062893081761,1,0.335925349922239,0.3354943273906,0.330081300813008,0.320512820512821,0.314465408805031,0.306818181818182,0.19375,0.673139158576052,0.319620253164557,0.59594383775351,1,0.228346456692913,0.321086261980831,0.922455573505654,1,1,0.315541601255887,0.633070866141732,1,0.313880126182965,0.306089743589744,0.953225806451613,1,1,0.996715927750411,0.318037974683544,1,1,0.896272285251216,1,0.358609794628752,1,0.585644371941272,1,0.675465838509317,0.309294871794872,0.5952,1,1,0.991909385113269,0.325508607198748,0.33015873015873,0.315533980582524,0.318037974683544,0.322475570032573,0.322061191626409,0.985507246376812,0.31619937694704,1,1,0.708920187793427,0,0.31832298136646,0.32120253164557,0.676100628930818,1,0.558730158730159,0.326717557251908,0.643548387096774,0.317965023847377,0.324058919803601,1,0.309904153354633,0.321252059308072,0.682615629984051,0.898671096345515,0.327743902439024,0.604269293924466,0.571197411003236,0.324921135646688,0.320450885668277,0.301282051282051,0.585826771653543,0.677215189873418,1,0.889067524115756,1,0.664566929133858,0.996742671009772,0.585089141004862,0.307448494453249,0.322950819672131,1,1,0.420886075949367,0.991816693944354,0.996879875195008,1,0.311004784688995,0.324921135646688,1,0.319634703196347,0.685847589424572,0.327014218009479,0.447784810126582,0.30655737704918,0,0.306962025316456,1,1,0.587677725118483,0.00156494522691706,0.331761006289308,0.320126782884311,0.0988835725677831,0.403940886699507,1,1,0.31875,1,0.41335453100159,1,0.327769347496206,0.582539682539683,0.332263242375602,0.3104,1,0,1,0.300163132137031,0.323624595469256,1,1,1,0.432038834951456,1,0.325320512820513,0.613564668769716,0.335987261146497,0.327841845140033,0.00159489633173844,0.0456026058631922,1,0.617088607594937,1,0.330658105939005,0.330049261083744,1,1,0.160990712074303,0.312796208530806,1,0.893915756630265,1,0.327613104524181,0.203470031545741,0.668769716088328,1,1,1,1,1,0.291338582677165,0.301435406698565,1,0.11869918699187,0.00160513643659711,0.42472266244057,0,0.325806451612903,1,0.680129240710824,1,1,0.882995319812793,1,0.675118858954041,1,1,1,1
"570",0.0906148867313916,0.0838607594936709,0.0856219709208401,0.0815660685154976,0.0893141945773525,0.0912,0.382978723404255,0.0894568690095847,0.0914927768860353,0.98531810766721,0.0870917573872473,0.96031746031746,0.0920840064620355,0.0885668276972625,0.605136436597111,0.609794628751975,0.982785602503912,0.40228013029316,0.0900163666121113,0.0910569105691057,0.616,0.606109324758842,0.0935023771790808,0.930979133226324,0.102964118564743,0.580952380952381,0.595744680851064,0.0877483443708609,0.101088646967341,0.143322475570033,0.611111111111111,0.167464114832536,0.0638977635782748,0.606451612903226,0.925806451612903,0.0984974958263773,0.559105431309904,0.0870917573872473,0.614307931570762,0.0957613814756672,0.429712460063898,0.409020217729393,0.401244167962675,0.0893141945773525,0.0985221674876847,0.590460526315789,0.599025974025974,0.600953895071542,0.590909090909091,0.585326953748006,0.909667194928685,0.0871710526315789,0.602218700475436,0.0814696485623003,0.0955414012738854,0.400974025974026,0.536824877250409,0.0837282780410742,0.095389507154213,0.0916398713826367,0.582677165354331,0.591639871382637,0.584415584415584,0.42443729903537,0.0961857379767828,0.101123595505618,0.961661341853035,0.0888888888888889,0.984615384615385,0.588785046728972,0.0868878357030016,0.58974358974359,0.575320512820513,0.122749590834697,0.583596214511041,0.0970266040688576,0.603503184713376,0.574102964118565,0.0900473933649289,0.591133004926108,0.990033222591362,0.5888,0.594155844155844,0.0990566037735849,0.572337042925278,0.0870917573872473,0.0917874396135266,0.0859872611464968,0.0888529886914378,0.40032154340836,0.0836012861736334,0.0809968847352025,0.916666666666667,0.985714285714286,0.0783034257748776,0.9625,0.914691943127962,0.087719298245614,0.553119730185497,0.408866995073892,0.090032154340836,0.975728155339806,0.6,0.0929853181076672,0.596434359805511,0.0834670947030498,0.413738019169329,0.0917721518987342,0.590243902439024,0.595541401273885,0.579778830963665,0.0947867298578199,0.585987261146497,0.0907643312101911,0.614173228346457,0.0975232198142415,0.596091205211726,0.793977812995246,0.584097859327217,0.588996763754045,0.6176,0.0904761904761905,0.593059936908517,0.588429752066116,0.0792393026941363,0.595846645367412,0.0839813374805599,0.0916149068322981,0.767366720516963,0.554347826086957,0.0806451612903226,0.604200323101777,0.0856219709208401,0.961240310077519,0.0845771144278607,0.596214511041009,0.422712933753943,0.580441640378549,0.0225806451612903,0.651239669421488,0.988745980707395,0.987281399046105,0.0914927768860353,0.0846905537459283,0.582677165354331,0.0873015873015873,0.593457943925234,0.0887480190174326,0.1,0.0933544303797468,0.600985221674877,0.0816,0.0944,0.0953150242326333,0.076555023923445,0.574193548387097,0.0977564102564103,0.594462540716612,0.835483870967742,0.0897435897435897,0.597791798107255,0.0909090909090909,0.614035087719298,0.995114006514658,0.0818330605564648,0.597402597402597,0.0983870967741935,0.0922330097087379,0.0930599369085174,0.580031695721078,0.0920634920634921,0.58664546899841,0.0901771336553945,0.594813614262561,0.0970394736842105,0.595779220779221,0.996850393700787,0.0904761904761905,0.449251247920133,0.0953150242326333,0.0926517571884984,0.596091205211726,0.0848,0.0872374798061389,0.0900473933649289,0.082258064516129,0.599033816425121,0.599374021909233,0.0962479608482871,0.0909090909090909,0.584758942457232,0.59967845659164,0.0916271721958926,0.656,0.416282642089094,0.904838709677419,0.587096774193548,0.425837320574163,0.0846645367412141,0.583732057416268,0.0875202593192869,0.093167701863354,0.0850722311396469,0.600315955766193,0.601255886970173,0.588045234248788,0.09375,0.086522462562396,0.0832,0.918433931484502,0.0936507936507937,0.606907894736842,0.0616113744075829,0.585245901639344,0.588141025641026,0.356576862123613,0.0838709677419355,0.0955414012738854,0.0858505564387917,0.0900473933649289,0.0846905537459283,0.953968253968254,0.589285714285714,0.581210191082803,0.0926216640502355,0.4046875,0.0962145110410095,0.0950155763239875,0.0907643312101911,0.0916271721958926,0.0919354838709677,0.0897832817337461,0.912420382165605,0.786271450858034,0.0950080515297907,0.599041533546326,0.0827922077922078,0.606349206349206,0.0890302066772655,0.0894308943089431,0.0844155844155844,0.0909090909090909,0.0939044481054366,0.5824,0.0913385826771654,0.387358184764992,0.578778135048232,0.587227414330218,0.594855305466238,0.5856,0.573051948051948,0.665040650406504,0.5696,0.596825396825397,0.598746081504702,0.0960629921259843,0.591346153846154,0.0889261744966443,0.402190923317684,0.587579617834395,0.787878787878788,0.591205211726384,0.0907617504051864,0.0812101910828025,0.0909090909090909,0.84072249589491,0.608626198083067,0.0837282780410742,0.587275693311582,0.59472049689441,0.591639871382637,0.597156398104265,0.405186385737439,0.0852090032154341,0.592417061611374,0.594462540716612,0.0894308943089431,0.616260162601626,0.0970266040688576,0.594637223974763,0.602291325695581,0.0907617504051864,0.0941558441558442,0.0900473933649289,0.567961165048544,0.0906148867313916,0.4048,0.99685534591195,0.584786053882726,0.0911949685534591,0.0848287112561175,0.988958990536278,0.592,0.586538461538462,0.0851063829787234,0.0967741935483871,0.599063962558502,0.936,0.907894736842105,0.0914927768860353,0.0922570016474465,0.585826771653543,0.0864,0.0945736434108527,0.610062893081761,0.0904684975767367,0.0887480190174326,0.599683544303797,0.0901771336553945,0.0854430379746835,0.0871632329635499,0.0897435897435897,0.584415584415584,0.603125,0.594417077175698,0.0920840064620355,0.0951612903225806,0.420472440944882,0.592,0.0844155844155844,0.595275590551181,0.613057324840764,0.0921875,0.0864779874213836,0.0874403815580286,0.0875796178343949,0.0854430379746835,0.585089141004862,0.0941558441558442,0.0935483870967742,0.974151857835218,0.58740157480315,0.593949044585987,0.597738287560582,0.418679549114332,0.590111642743222,0.0882352941176471,0.61244019138756,0.57258064516129,0.836477987421384,0.593700787401575,0.0875202593192869,0.586046511627907,0.0957792207792208,0.0870967741935484,0.0937996820349762,0.599681020733652,0.596214511041009,0.0888888888888889,0.00665557404326123,0.972886762360447,0.0926517571884984,0.594551282051282,0.594155844155844,0.604538087520259,0.0858995137763371,0.584251968503937,0.629746835443038,0.588235294117647,0.594855305466238,0.593800978792822,0.607491856677524,0.0845295055821372,0.586038961038961,0.0851419031719533,0.0838709677419355,0.914927768860353,0.0910569105691057,0.58908507223114,0.0935483870967742,0.0892018779342723,0.0873146622734761,0.589198036006547,0.0880503144654088,0.600985221674877,0.0921875,0.0753532182103611,0.101612903225806,0.0948553054662379,0.0930599369085174,0.598726114649682,0.0761750405186386,0.0904684975767367,0.596184419713832,0.595813204508857,0.0870967741935484,0.0836012861736334,0.60031847133758,0.898573692551506,0.0919540229885057,0.0812101910828025,0.0841269841269841,0.908945686900958,0.595744680851064,0.0889261744966443,0.60347551342812,0.844155844155844,0.0849358974358974,0.410628019323671,0.459375,0.0957792207792208,0.0912,0.418070444104135,0.394276629570747,0.562798092209857,0.087378640776699,0.580031695721078,0.0964630225080386,0.0813953488372093,0.580645161290323,0.0868878357030016,0.0953150242326333,0.91866028708134,0.5904,0.0944,0.0870279146141215,0.58252427184466,0.0839936608557845,0.085427135678392,0.601612903225806,0.754777070063694,0.0932475884244373,0.0911949685534591,0.087719298245614,0.374800637958533,0.597464342313788,0.61576354679803,0.599378881987578,0.58609794628752,0.405537459283388,0.572784810126582,0.5872,0.59717868338558,0.858054226475279,0.594728171334432,0.090625,0.585173501577287,0.0912,0.59775641025641,1,0.9712,0.0880503144654088,0.0976377952755905,0.959150326797386,0.0819672131147541,0.404388714733542,0.964912280701754,0.928338762214984,0.0899053627760252,0.40032154340836,0.087719298245614,0.0943396226415094,0.547231270358306,0.0904761904761905,0.9104,1,0.0912,0.0940438871473354,0.10031847133758,0.587479935794542,0.44104134762634,0.39261744966443,0.10062893081761,0.0854430379746835,0.063391442155309,0.60731319554849,0.755591054313099,0.0930599369085174,0.599348534201954,0.0847723704866562,0.53015873015873,0.982113821138211,0.609177215189873,0.604068857589984,0.580479452054795,0.0909090909090909,1,0.10062893081761,0.0798668885191348,0.0885668276972625,0.845181674565561,0.584415584415584,0.0996835443037975,0.590909090909091,0.0922570016474465,0.0925619834710744,0.607198748043818,0.0907617504051864,0.592592592592593,0.0893141945773525,0.607717041800643,0.596463022508039,0.0881889763779528,0.409017713365539,0.597791798107255,0.0887480190174326,0.605519480519481,0.159163987138264,0.595911949685535,0.936102236421725,0.59717868338558,0.141494435612083,0.603648424543947,0.106732348111658,0.592651757188498,0.565768621236133,0.624600638977636,0.0926517571884984,0.0878048780487805,0.089622641509434,0.0582362728785358,0.749169435215947,0.0935483870967742,0.576547231270358,0.0919354838709677,0.588333333333333,0.596273291925466,0.0901898734177215,0.0910569105691057,0.0839936608557845,0.0032,0.0870917573872473,0.603125,0.59775641025641,0.082018927444795,0.0873146622734761,0.978441127694859,1,0.0937996820349762,0.0830618892508143,0.596091205211726,0.0958466453674121,0.0860215053763441,0.610662358642973,0.0978441127694859,0.097444089456869,0.40224358974359,0.571879936808847,0.0842607313195548,0.915123456790123,0.092948717948718,0.0974842767295598,0.987441130298273,0.597402597402597,0.0880913539967374,0.5872,0.0875796178343949,0.0516129032258065,0.0923566878980892,0.0919175911251981,0.0938511326860841,0.592105263157895,0.0830670926517572,0.0801282051282051,0.0848287112561175,0.913385826771654,0.592409240924092,0.0774299835255354,0.0969793322734499,0.40829346092504,0.0878594249201278,0.593354430379747,0.549920760697306,0.581358609794629,0.0856697819314642,0.0877742946708464,0.0925039872408294,0.990476190476191,0.586816720257235,1,0.0878048780487805,0.601587301587302,0.608150470219436,0.55379746835443,0.912,0.0875202593192869,0.037914691943128,0.0935023771790808,0.0929133858267717,0.593548387096774,0.600638977635783,0.922330097087379,0.96,0.596491228070175,0.594551282051282,0.581395348837209,0.912685337726524,0.600644122383253,0.0856697819314642,0.9088,0.590837282780411,0.0943396226415094,0.0950080515297907,0.0829346092503987,0.592709984152139,0.596546310832025,0.963272120200334,0.0884676145339652,0.615008156606852,0.60731319554849,0.0988835725677831,0.0977917981072555,0.590111642743222,0.388513513513513,0.0836065573770492,0.0916398713826367,0.392568659127625,0.0950871632329636,0.606583072100313,0.0940032414910859,0.6016,0.567398119122257,0.421875,0.673469387755102,0.0875796178343949,0.601255886970173,0.594637223974763,0.401574803149606,0.417445482866044,0.0796178343949045,0.586261980830671,0.0897009966777409,0.594679186228482,0.0842787682333874,0.586991869918699,0.61437908496732,0.549679487179487,0.558730158730159,0.592169657422512,0.593137254901961,0.416129032258065,0.589257503949447,0.944078947368421,0.0781499202551834,0.916139240506329,0.0910543130990415,0.611916264090177,0.0944,0.92109500805153,0.598070739549839,0.592471358428805,0.0915032679738562,0.976635514018692,0.0906200317965024,0.988636363636364,0.562805872756933,0.0838709677419355,0.979133226324238,0.419614147909968,0.0901771336553945,0.0966183574879227,0.0874403815580286,0.599667774086379,0.957613814756672,0.0828025477707006,0.474025974025974,0.986820428336079,0.544303797468354,0.593059936908517,0.586583463338534,0.089171974522293,0.066006600660066,0.101141924959217,0.0845295055821372,0.0853462157809984,0.978260869565217,0.0966719492868463,0.413629160063391,0.915514592933948,0.58974358974359,0.0907643312101911,0.0957792207792208,0.0852459016393443,0.0815047021943574,0.993610223642173,0.591049382716049,0.0774091627172196,0.0866013071895425,0.0895765472312704,0.0888529886914378,0.0936507936507937,0.0964630225080386,0.616352201257862,0.930979133226324,0.0868167202572347,1,0.596184419713832,0.671974522292994,0.0917874396135266,0.522167487684729,0.606010016694491,0.596518987341772,0.0966719492868463,0.96260162601626,0.590551181102362,0.0815047021943574,0.099025974025974,0.534959349593496,0.594637223974763,0.598360655737705,0.595161290322581,0.0792393026941363,0.594507269789984,0.58712715855573,0.660714285714286,0.5984,0.0492845786963434,0.599056603773585,1,0.589540412044374,0.913112164296998,0.0913461538461538,0.992,0.608414239482201,0.593247588424437,0.59349593495935,0.0874403815580286,0.0796178343949045,0.0906095551894563,0.0907643312101911,0.0943708609271523,0.0926829268292683,0.582113821138211,0.0919175911251981,0.602201257861635,0.594594594594595,0.497630331753554,0.42515923566879,0.0903328050713154,0.0947030497592295,0.91496062992126,0.595645412130638,0.957996768982229,0.0864197530864197,0.963022508038585,0.0926517571884984,0.0867430441898527,0.590982286634461,0.0895765472312704,0.0912106135986733,0.46481178396072,0.650662251655629,0.0995405819295559,1,0.987096774193548,0.0874403815580286,0.0913461538461538,0.0832,1,0.917329093799682,0.585173501577287,0.483037156704362,0.593406593406593,0.915094339622642,0.578606158833063,1,0.086677367576244,0.0895765472312704,0.603395061728395,0.585055643879173,0.850157728706625,0.58957654723127,0.590909090909091,0.594896331738437,0.095389507154213,0.0909090909090909,0.576797385620915,0.0880989180834621,0.924558587479936,0.0830670926517572,0.873801916932907,0.0934426229508197,0.411023622047244,0.0909090909090909,0.598425196850394,0.600660066006601,0.996810207336523,0.415503875968992,0.0856219709208401,0.086038961038961,0.306451612903226,0.198003327787022,0.592891760904685,0.598373983739837,0.0873015873015873,0.585760517799353,0.833602584814216,0.587458745874587,0.0969230769230769,0.987240829346092,0.0941558441558442,0.0926829268292683,0.589171974522293,0.405537459283388,0.599673202614379,0.0913539967373573,0.0837359098228663,0.606687898089172,0.609250398724083,0.581903276131045,0.231139646869984,0.598694942903752,0.0933977455716586,0.972886762360447,0.0923317683881064,0.086038961038961,0.397781299524564,0.449838187702265,0.594771241830065,0.977742448330684,0.5888,0.0886075949367089,0.0775577557755776,0.613782051282051,0.5824,0.484126984126984,0.0901898734177215,0.610675039246468,0.697674418604651,0.599364069952305,0.115987460815047,0.624798711755233,0.918006430868167,0.606973058637084,0.589540412044374,0.584690553745928,0.59344262295082,0.601866251944012,0.112676056338028,0.0909090909090909,0.605769230769231,0.557755775577558,0.409756097560976,0.857364341085271,0.40228013029316,0.0791139240506329,0.578274760383387,0.921824104234528,0.583601286173633,0.589622641509434,0.695721077654517,0.578525641025641,0.917573872472784,0.570048309178744,0.600644122383253,0.584664536741214,0.593949044585987
"571",0.998389694041868,0.998407643312102,1,1,0.998444790046656,1,0.686178861788618,1,0.998444790046656,0.0884244372990354,1,0.0410094637223975,0.817886178861789,0.998420221169036,0.318910256410256,0.321086261980831,0.0601851851851852,0.670988654781199,0.998422712933754,0.998415213946117,0.298578199052133,0.327476038338658,0.998430141287284,0.147385103011094,0.998466257668712,0.342229199372057,0.327447833065811,0.998349834983498,0.9984375,0.792544570502431,0.324451410658307,0.742589703588144,0.975,0.330658105939005,0,1,0.524256651017214,1,0.3140625,0.998452012383901,0.653481012658228,0.668769716088328,0.677519379844961,0.998389694041868,0.998402555910543,0.33495145631068,0.326018808777429,0.33125,0.333333333333333,0.339622641509434,0.00156985871271586,0.998389694041868,0.323943661971831,1,0.998407643312102,0.509554140127389,0.540322580645161,0.998425196850394,0.998454404945904,1,0.339563862928349,0.331230283911672,0.332810047095761,0.668269230769231,0.998387096774194,0.998439937597504,0.0352,0.9984,0.0522273425499232,0.336434108527132,0.998435054773083,0.338118022328549,0.341021416803954,0.959216965742251,0.5015625,0.998456790123457,0.326086956521739,0.358139534883721,0.998432601880878,0.326229508196721,0.0833333333333333,0.34185303514377,0.338095238095238,0.998432601880878,0.355905511811024,0.998461538461539,0.998422712933754,0.998405103668262,0.998407643312102,0.680817610062893,0.998394863563403,0.998439937597504,0,0.0962145110410095,0.998387096774194,0.0416666666666667,0,0.998432601880878,0.541598694942904,0.659777424483307,0.998407643312102,0.05229793977813,0.323248407643312,0.998373983739837,0.32120253164557,0.998415213946117,0.665605095541401,0.998425196850394,0.335987261146497,0.33175355450237,0.332278481012658,0.998439937597504,0.334375,0.998412698412698,0.46594427244582,0.998430141287284,0.329617834394904,0.28149300155521,0.339506172839506,0.332278481012658,0.46984126984127,1,0.338006230529595,0.32794830371567,0.998449612403101,0.312302839116719,0.998480243161094,0.998447204968944,0.320126782884311,0.545454545454545,0.998389694041868,0.327476038338658,0.998394863563403,0.0381679389312977,0.998392282958199,0.327160493827161,0.658423493044822,0.341772151898734,0.936204146730462,0.434359805510535,0.0953125,0.0868878357030016,0.998435054773083,0.998371335504886,0.34384858044164,0.998454404945904,0.330804248861912,0.998420221169036,0.808777429467085,0.998456790123457,0.33495145631068,0.9984,0.998415213946117,0.998405103668262,0.998397435897436,0.34488188976378,0.998387096774194,0.338788870703764,0.244897959183673,0.998444790046656,0.330203442879499,0.998461538461539,0.313099041533546,0.0807754442649435,0.998376623376623,0.328548644338118,0.998402555910543,0.998417721518987,0.998425196850394,0.34789391575663,0.998432601880878,0.341307814992026,0.998394863563403,0.323296354992076,1,0.334943639291465,0.0727554179566563,1,0.617647058823529,0.998397435897436,0.998417721518987,0.321027287319422,1,0.998415213946117,0.998422712933754,0.998415213946117,0.337579617834395,0.322784810126582,0.998373983739837,1,0.331259720062208,0.319422150882825,1,0.441176470588235,0.653188180404355,0.00158478605388273,0.328660436137072,0.659810126582278,1,0.33695652173913,0.998397435897436,1,1,0.327586206896552,0.332298136645963,0.336012861736334,0.998480243161094,1,1,0.00156494522691706,0.998412698412698,0.31973898858075,0.97588424437299,0.340222575516693,0.325806451612903,0.752351097178683,0.998394863563403,0.998427672955975,1,0.998417721518987,0.998394863563403,0.0401284109149278,0.330128205128205,0.339035769828927,0.9984375,0.669781931464174,1,0.998463901689708,0.998420221169036,1,0.998397435897436,0.998461538461539,0.00316455696202532,0.303125,0.998427672955975,0.318471337579618,1,0.315457413249211,0.998461538461539,0.998397435897436,0.998422712933754,0.998387096774194,0.99836867862969,0.335974643423138,1,0.5216,0.3408,0.335423197492163,0.32794830371567,0.337060702875399,0.34181240063593,0.423263327948304,0.3421875,0.332278481012658,0.326018808777429,1,0.33015873015873,1,0.676470588235294,0.331746031746032,0.292452830188679,0.344,1,0.9984,1,0.246376811594203,0.323343848580442,0.998410174880763,0.336434108527132,0.340062111801242,0.334405144694534,0.330721003134796,0.668261562998405,0.998405103668262,0.336973478939158,0.334410339256866,0.9984,0.313213703099511,0.998454404945904,0.3328173374613,0.332807570977918,0.998394863563403,0.998397435897436,0.998439937597504,0.521193092621664,0.99837925445705,0.67246835443038,0.0757341576506955,0.335433070866142,0.998425196850394,0.9984,0.0892018779342723,0.333850931677019,0.342715231788079,1,0.998381877022654,0.314375987361769,0.021978021978022,0.0032,0.998371335504886,0.998389694041868,0.350467289719626,0.998417721518987,0.998454404945904,0.327073552425665,1,0.998432601880878,0.328050713153724,0.998387096774194,0.998389694041868,0.998422712933754,0.998422712933754,0.340729001584786,0.323574730354391,0.346905537459283,0.998427672955975,0.998415213946117,0.656645569620253,0.32755905511811,0.99837925445705,0.329754601226994,0.311216429699842,1,0.998430141287284,1,0.998422712933754,0.998432601880878,0.346581875993641,0.998412698412698,0.998439937597504,0.098705501618123,0.346811819595645,0.4928,0.320388349514563,0.657556270096463,0.329704510108865,0.998459167950693,0.320967741935484,0.347551342812006,0.244897959183673,0.340659340659341,1,0.340557275541796,0.998427672955975,0.998422712933754,1,0.321656050955414,0.331240188383046,1,0.928802588996764,0.0608,0.998392282958199,0.332814930015552,0.334389857369255,0.326860841423948,0.9984,0.33953488372093,0.451816745655608,0.338582677165354,0.32182103610675,0.3344,0.323624595469256,0.998430141287284,0.338072669826224,0.998392282958199,0.998412698412698,0.00158730158730159,0.998392282958199,0.332810047095761,0.998427672955975,1,0.99837925445705,0.345971563981043,0.998422712933754,0.323051948051948,0.998466257668712,0.8359375,0.998412698412698,0.998402555910543,0.998430141287284,0.331782945736434,1,0.998392282958199,0.322327044025157,0.326984126984127,1,0.998435054773083,0.330173775671406,0.175654853620955,0.998384491114701,1,0.998468606431853,0.0015625,0.332263242375602,0.99837925445705,0.326018808777429,0.236044657097289,1,0.664050235478807,0.449843260188088,1,0.998427672955975,0.657450076804916,0.692307692307692,0.359872611464968,0.998410174880763,0.3328,0.998415213946117,1,0.34493670886076,0.998427672955975,1,0.00625978090766823,0.339171974522293,0.998432601880878,0.998407643312102,0.335987261146497,0.998459167950693,0.998371335504886,0.32484076433121,0.320251177394035,1,1,1,0.543035993740219,0.326086956521739,0.356576862123613,0.333333333333333,0.33953488372093,0.683042789223455,0.341732283464567,0.344444444444444,0.328125,0.229430379746835,0.332794830371567,0.998454404945904,0.337442218798151,1,0.330188679245283,0.0806201550387597,0.0470219435736677,0.9984375,1,0.0328125,1,0.667697063369397,0.0398089171974522,0.0096,0.998435054773083,0.6656,0.998432601880878,0.998422712933754,0.544,0.998432601880878,0.00157977883096367,0.0692431561996779,1,0.998454404945904,1,0.335473515248796,0.628440366972477,0.68099173553719,0.992199687987519,0.998420221169036,0.987596899224806,0.320251177394035,0.323763955342903,0.998425196850394,0.315286624203822,0.998430141287284,0.370892018779343,0.0970873786407767,0.318681318681319,0.334855403348554,0.348258706467662,1,0.0793157076205288,0.998468606431853,0.998357963875205,1,0.244514106583072,0.329052969502408,0.998402555910543,0.333868378812199,0.998376623376623,0.998373983739837,0.322932917316693,0.9984,0.333839150227618,1,0.335443037974684,0.334389857369255,0.998444790046656,0.664,0.326153846153846,1,0.3278955954323,0.775510204081633,0.331797235023041,0.149300155520995,0.3328173374613,0.780757097791798,0.317891373801917,0.998360655737705,0.339652448657188,0.349453978159126,0.306962025316456,0.998417721518987,1,0.998447204968944,0.973983739837398,0.323432343234323,0.998407643312102,0.340909090909091,0.998387096774194,0.33,0.334876543209877,0.998412698412698,0.998397435897436,1,0.921259842519685,0.998439937597504,0.329173166926677,0.331761006289308,0.998432601880878,1,0.045016077170418,0.0794912559618442,0.998430141287284,0.998373983739837,0.317589576547231,0.998405103668262,0.998473282442748,0.327014218009479,0.998381877022654,0.998459167950693,0.665610142630745,0.51702786377709,1,0.00152671755725191,0.998412698412698,0.998444790046656,0.089922480620155,0.337579617834395,1,0.332273449920509,1,0.97092084006462,1,0.826224328593997,0.998405103668262,0.343548387096774,0.998417721518987,1,0.998376623376623,0,0.324590163934426,0.998387096774194,0.998435054773083,0.654088050314465,0.998456790123457,0.335423197492163,0.372239747634069,0.340222575516693,1,1,0.998417721518987,0.0808709175738725,0.332263242375602,0.0878048780487805,1,0.319444444444444,0.321044546850998,0.36817472698908,0.00158982511923688,1,0.961965134706815,0.9984375,0.998442367601246,0.342902711323764,0.31733746130031,0.152487961476726,0.0351437699680511,0.33122028526149,0.321027287319422,0.337442218798151,0,0.333333333333333,0.998461538461539,0.00157728706624606,0.327666151468315,0.998439937597504,0.998412698412698,0.9984,0.329192546583851,0.330781010719755,0.0295566502463054,0.998432601880878,0.330696202531646,0.324409448818898,0.9984375,0.998442367601246,0.335433070866142,0.673234811165846,0.998387096774194,1,0.6736,0.998452012383901,0.322378716744914,0.998373983739837,0.326465927099842,0.51617873651772,0.658461538461538,0.40763358778626,0.998417721518987,0.321538461538462,0.333333333333333,0.670261941448382,0.655172413793103,0.998432601880878,0.335413416536661,1,0.337404580152672,0.998389694041868,0.333333333333333,0.321027287319422,0.362041467304625,0.520569620253165,0.332263242375602,0.320450885668277,0.655063291139241,0.332810047095761,0.132786885245902,1,0.00153374233128834,1,0.308186195826645,0.998412698412698,0.00156739811912226,0.333876221498371,0.328525641025641,0.998394863563403,0.0534351145038168,0.998425196850394,0.0753205128205128,0.351791530944625,0.998417721518987,0.0618066561014263,0.654952076677316,0.998417721518987,1,1,0.320846905537459,0.0386996904024768,0.998444790046656,0.437001594896332,0.0888529886914378,0.365203761755486,0.339563862928349,0.338931297709924,0.998420221169036,1,0.998384491114701,1,1,0.0602782071097372,0.996860282574568,0.666666666666667,0.00308641975308642,0.333333333333333,0.998402555910543,0.998417721518987,0.998371335504886,0.998425196850394,0.0803149606299213,0.329173166926677,1,0.9984,0.998376623376623,0.998402555910543,1,0.998410174880763,0.471786833855799,0.00162866449511401,0.998410174880763,0.0793157076205288,0.329652996845426,0.417981072555205,1,0.406807131280389,0.321895424836601,0.332288401253919,0.998412698412698,0.0359375,0.337007874015748,0.998452012383901,1,0.379644588045234,0.321372854914197,0.326498422712934,0.341384863123994,1,0.337096774193548,0.338582677165354,0.418006430868167,0.328571428571429,0.971742543171115,0.325757575757576,0.0833333333333333,0.337539432176656,0,0.998427672955975,0.0853462157809984,0.327503974562798,0.332807570977918,0.337539432176656,0.998444790046656,0.998422712933754,0.998376623376623,0.998430141287284,0.998376623376623,0.998371335504886,0.350565428109855,1,0.329133858267717,0.33276740237691,0.608214849921011,0.665589660743134,1,0.9984375,0.00158227848101266,0.327639751552795,0.103833865814696,1,0.032,0.998427672955975,0.998371335504886,0.32807570977918,0.998392282958199,0.998349834983498,0.624600638977636,0.409240924092409,0.995447647951442,0.0789049919484702,0.0907617504051864,0.998415213946117,1,0.998405103668262,0.0875,0,0.334890965732087,0.437400950871632,0.3359375,0.00155038759689922,0.337078651685393,0.0854430379746835,0.998415213946117,0.99837925445705,0.337519623233909,0.334379905808477,0.225396825396825,0.351437699680511,0.3265625,0.331761006289308,0.998420221169036,1,0.341423948220065,0.998500749625187,0.0015527950310559,0.9984375,0.220125786163522,0.998407643312102,0.665109034267913,0.998454404945904,0.31911532385466,0.310289389067524,0.0722135007849294,0.668231611893584,0.998420221169036,0.998405103668262,0.776527331189711,0.890343698854337,0.331738437001595,0.332792207792208,0.998442367601246,0.327476038338658,0.245641838351823,0.33278955954323,0.998461538461539,0.0930599369085174,0.998405103668262,0.998405103668262,0.326594090202177,0.660771704180064,0.319286871961102,1,0.9984,0.323574730354391,0.325471698113208,0.331797235023041,0.864297253634895,0.332268370607029,0.998425196850394,0.0517241379310345,0.998430141287284,0.998357963875205,0.683881064162754,0.628346456692913,0.338235294117647,0.0473933649289099,0.340222575516693,0.998427672955975,1,0.319488817891374,0.341232227488152,0.605919003115265,0.998432601880878,0.31832298136646,0.376175548589342,0.321875,0.984520123839009,0.459807073954984,0.00314465408805031,0.317965023847377,0.339449541284404,0.344,0.329545454545455,0.331288343558282,0.967642526964561,0.998405103668262,0.327044025157233,0.541195476575121,0.674157303370786,0.2328125,0.672212978369384,1,0.338582677165354,0.00477707006369427,0.340255591054313,0.3234375,0.367088607594937,0.333333333333333,0.0015600624024961,0.34913112164297,0.33387358184765,0.332802547770701,0.320695102685624
"572",0.297637795275591,0.302795031055901,0.304747320061256,0.322429906542056,0.303680981595092,0.294117647058824,0.010989010989011,0.310344827586207,0.307692307692308,0.578125,0.310769230769231,0.658610271903323,0.503164556962025,0.31441717791411,1,1,0.625382262996942,0,0.307692307692308,0.303405572755418,1,1,0.311926605504587,0.523148148148148,0.295454545454545,1,1,0.32120253164557,0.305007587253414,0.513385826771654,1,0.579425113464448,0.357798165137615,0.996875,0.676100628930818,0.303370786516854,0.148837209302326,0.320121951219512,1,0.295625942684766,0,0,0,0.319314641744548,0.299684542586751,1,0.996904024767802,1,1,1,0.700305810397553,0.315870570107858,1,0.312693498452012,0.304615384615385,0.804416403785489,0.130708661417323,0.306376360808709,0.309559939301973,0.311145510835913,0.995488721804511,1,1,0.00155763239875389,0.303514376996805,0.30640243902439,0.664624808575804,0.311145510835913,0.623867069486405,1,0.306153846153846,1,1,0.274760383386581,0.171339563862928,0.314589665653495,1,0.996941896024465,0.309451219512195,1,0.611374407582938,1,1,0.313935681470138,1,0.315868263473054,0.30625,0.319938176197836,0.304953560371517,0,0.317535545023697,0.319465081723626,0.691154422788606,0.58599695585997,0.304821150855365,0.650914634146341,0.682027649769585,0.310606060606061,0.125396825396825,0,0.29618320610687,0.631741140215716,1,0.302547770700637,1,0.305295950155763,0,0.308049535603715,1,1,1,0.295665634674923,0.998470948012232,0.324031007751938,0.216867469879518,0.299703264094956,1,0.38145896656535,1,1,0.213063763608087,0.30521472392638,1,1,0.325688073394495,1,0.310294117647059,0.305597579425113,0.384496124031008,0.765321375186846,0.305164319248826,1,0.322327044025157,0.646616541353383,0.322834645669291,1,0,1,0.361963190184049,0.889763779527559,0.595054095826893,0.608087091757387,0.307931570762053,0.312401883830455,1,0.299689440993789,1,0.299689440993789,0.497723823975721,0.319634703196347,1,0.308049535603715,0.312401883830455,0.312893081761006,0.318611987381703,1,0.301075268817204,1,0.437116564417178,0.319213313161876,1,0.313432835820896,1,0.60062893081761,0.312302839116719,1,0.310291858678955,0.306027820710974,0.318110236220472,0.993893129770992,0.316846986089645,1,0.316279069767442,1,0.318471337579618,1,0.604615384615385,0.296124031007752,0.0317460317460317,0.286168521462639,0.304482225656878,1,0.303543913713405,0.319083969465649,0.311926605504587,0.315789473684211,1,1,0.312796208530806,0.312693498452012,1,1,0.309090909090909,0.255384615384615,0.0192023633677991,0.689922480620155,1,0,0.312693498452012,1,0.313195548489666,0.30421686746988,0.305555555555556,0.998447204968944,1,1,0.317365269461078,0.3056,0.304615384615385,0.693396226415094,0.299065420560748,1,0.328703703703704,1,1,0.442367601246106,0.318252730109204,0.308396946564885,0.316358024691358,0.296686746987952,0.30625,0.656441717791411,1,1,0.310030395136778,0.00154320987654321,0.31866464339909,0.312874251497006,0.308641975308642,0.300911854103343,0.295208655332303,0.307922272047833,0.701219512195122,0.373313343328336,0.30030487804878,1,0.309486780715397,1,0.30381679389313,0.299212598425197,0.3,0.322932917316693,0.307570977917981,1,0.317484662576687,0.782131661442006,1,1,1,1,1,0.896389324960754,1,1,1,0.30781010719755,1,0.31637519872814,0,1,0.396656534954407,1,0.318952234206472,0.314900153609831,0.31039755351682,0.429457364341085,1,0.314589665653495,1,1,1,1,0,0.304012345679012,1,1,0.313572542901716,1,0.312688821752266,1,1,0.305164319248826,0.315372424722662,0.288956127080182,0.16,0.3198127925117,0,0.601796407185629,1,0.321538461538462,0.310832025117739,0.59304084720121,1,1,0.314696485623003,0.324451410658307,1,0.666666666666667,0.707740916271722,0.302325581395349,0.312202852614897,0.994020926756353,0.324574961360124,0.296851574212894,1,0.312693498452012,0.29618320610687,1,0.302180685358255,0.3046875,0.302325581395349,0.30640243902439,1,1,1,0.301857585139319,0.313755795981453,0.0060790273556231,0.99537037037037,0.317683881064163,1,1,0.303490136570561,0.319148936170213,0.293313069908815,0.309968847352025,0.309815950920245,1,0.295133437990581,0.304878048780488,0.578025477707006,1,0.845181674565561,1,0,1,0.31866464339909,1,1,0.430745814307458,1,0.314152410575428,1,0.299065420560748,0.294851794071763,0.30781010719755,1,1,0.308623298033283,0.389154704944179,0.621283255086072,0.295886075949367,1,1,1,0.319620253164557,1,0.215716486902928,1,1,1,1,0.313725490196078,1,0.3072,0.325077399380805,0.686635944700461,0.29595015576324,1,0.315384615384615,0.305471124620061,0.306962025316456,1,0.292237442922374,1,0.321752265861027,0.467275494672755,0.320373250388802,0.308661417322835,0.305135951661631,1,0.309119010819165,0.30030959752322,1,1,0.31619937694704,0.303265940902022,1,0.48103186646434,0.301587301587302,0.314024390243902,0.320610687022901,0.690658499234303,1,0.28548644338118,1,0.424764890282132,0.302795031055901,0,0.86676875957121,0.311912225705329,0.307219662058372,0,0.0293663060278207,0.985981308411215,0.314152410575428,1,0.301435406698565,0.310015898251192,1,0.315467075038285,0.306376360808709,0.669796557120501,1,0.311349693251534,0.308166409861325,1,0.303353658536585,0.299373040752351,1,0.348091603053435,0.3,0.3,0.322530864197531,0.787650602409639,1,0.981308411214953,1,1,0,1,0.996904024767802,1,0.438569206842924,0.998422712933754,0.304804804804805,0.995468277945619,0.324492979719189,0.998473282442748,0.617246596066566,0.646525679758308,0.313546423135464,0.309923664122137,0.645896656534954,0.309409888357257,0,0.643185298621746,0.689547581903276,0.307458143074581,0,0.304482225656878,0.298003072196621,0.771956856702619,0.313664596273292,0.693972179289026,0.614533965244866,0.303875968992248,0.307922272047833,0.293577981651376,1,0.0261248185776488,0,0.314900153609831,0.319018404907975,0.319508448540707,1,0.354938271604938,0.309309309309309,1,0.3,0.94,0.582018927444795,1,1,0.995081967213115,0.311649016641452,0.615733736762481,0.31969696969697,0.305246422893482,0.304552590266876,0.432267884322679,1,0.305295950155763,1,0.304212168486739,0.306477093206951,1,0.30188679245283,1,0.31104199066874,1,1,0.310502283105023,0,1,0.316358024691358,1,0.557632398753894,1,0.512820512820513,1,0.553323029366306,1,0.30829420970266,1,1,1,0.30757341576507,0.317683881064163,0.311278195488722,0.340189873417722,0.352272727272727,0.3015625,1,0.316692667706708,1,1,0.315301391035549,0.309262166405024,0.305970149253731,0.372854914196568,0.315151515151515,1,1,0.320182094081942,0.314873417721519,0.641065830721003,0.608359133126935,0.30625,0.311912225705329,1,0.298136645962733,0.303303303303303,0.995334370139969,0.296474358974359,0.29922480620155,0,0.146969696969697,0.30757341576507,0.692307692307692,0.308411214953271,0.311450381679389,0.605421686746988,0.998456790123457,0.307332293291732,1,0.301857585139319,0.333333333333333,0.304821150855365,0.474085365853659,0.306376360808709,1,0.31937984496124,0.308411214953271,0.326018808777429,0.69618320610687,1,0.310725552050473,0.306153846153846,0,0.31866464339909,1,0.952380952380952,1,0.312594840667678,0.311178247734139,0.306603773584906,0.597243491577335,1,0.601587301587302,0.319444444444444,1,1,0.969325153374233,0.679012345679012,0.325077399380805,0.344667697063369,0.32,0.304878048780488,1,1,0.526645768025078,0.645865834633385,1,1,1,0.697492163009404,1,0.317507418397626,0.690140845070423,1,0.310606060606061,0.305555555555556,0.312597200622084,0.998454404945904,1,0.658841940532081,0.311145510835913,1,1,0.316590563165906,0.297674418604651,1,0,0.302325581395349,0.302652106084243,0.00312989045383412,0.305263157894737,1,0.307931570762053,1,0.161290322580645,0,0.904334828101644,0.316279069767442,1,1,0,0,0.314728682170543,1,0.303937007874016,1,0.303125,1,0.998444790046656,0.963414634146341,0.770992366412214,1,1,0.00309597523219814,1,0.531948881789137,0.31832298136646,0.677811550151976,0.313364055299539,1,0.296124031007752,0.687022900763359,1,1,0.3104,0.624251497005988,0.320668693009119,0.601246105919003,0.973684210526316,0.324574961360124,0.613149847094801,0.00914634146341463,0.308755760368664,0.316109422492401,0.309923664122137,1,0.644144144144144,0.292682926829268,0.881804043545879,0.6,0.969742813918306,1,1,0.301857585139319,0.325,0.297045101088647,0.301075268817204,0.301829268292683,0.62780269058296,0.299850074962519,0,0.683899556868538,0.998466257668712,0.318252730109204,0.301710730948678,0.314375987361769,0.310769230769231,0.615267175572519,1,0.322727272727273,0.330203442879499,0.323854660347551,0.31924882629108,0.312024353120244,0.301538461538462,0.206896551724138,0.694704049844237,0.311349693251534,0.608169440242057,1,0.25193199381762,0.304347826086957,0.924290220820189,1,1,0.30521472392638,0.649310872894334,1,0.307228915662651,0.294392523364486,0.956937799043062,1,1,0.998410174880763,0.30804248861912,1,1,0.899686520376176,1,0.340909090909091,1,0.6016,1,0.682926829268293,0.296754250386399,0.609302325581395,1,1,0.992199687987519,0.315068493150685,0.314814814814815,0.3125,0.310975609756098,0.31911532385466,0.321766561514196,0.985826771653543,0.298921417565485,1,1,0.716236722306525,0,0.305471124620061,0.30920060331825,0.683409436834094,1,0.571865443425077,0.311746987951807,0.649452269170579,0.307692307692308,0.312202852614897,1,0.310077519379845,0.308064516129032,0.699842022116904,0.910828025477707,0.319648093841642,0.606299212598425,0.576619273301738,0.315548780487805,0.31911532385466,0.289473684210526,0.602782071097372,0.692307692307692,1,0.884914463452566,1,0.670196671709531,0.998444790046656,0.593059936908517,0.304084720121029,0.317610062893082,1,1,0.434715821812596,0.996815286624204,0.998468606431853,1,0.307098765432099,0.316279069767442,1,0.301775147928994,0.691489361702128,0.318818040435459,0.466872110939908,0.30030959752322,0,0.310030395136778,1,1,0.608895705521472,0,0.321212121212121,0.309968847352025,0.10061919504644,0.414125200642055,1,1,0.315950920245399,1,0.423076923076923,1,0.319526627218935,0.598784194528875,0.317411402157165,0.307931570762053,1,0,1,0.299840510366826,0.309006211180124,1,1,1,0.43956043956044,1,0.309341500765697,0.630534351145038,0.320433436532508,0.324409448818898,0,0.0385208012326656,1,0.637636080870918,1,0.31039755351682,0.324960753532182,1,1,0.166153846153846,0.307926829268293,1,0.900611620795107,1,0.312217194570136,0.2078125,0.678300455235205,1,1,1,1,1,0.282245827010622,0.296466973886329,1,0.120253164556962,0,0.452743902439024,0,0.321044546850998,1,0.685126582278481,1,1,0.892638036809816,1,0.687595712098009,1,1,1,1
"573",0.289968652037618,0.304012345679012,0.302469135802469,0.3140625,0.302290076335878,0.291021671826625,0.0094488188976378,0.311627906976744,0.299236641221374,0.588419405320814,0.305263157894737,0.653786707882535,0.505443234836703,0.305084745762712,1,1,0.63093415007657,0,0.3171875,0.296352583586626,1,1,0.311450381679389,0.52887537993921,0.295454545454545,1,1,0.32484076433121,0.302752293577982,0.504658385093168,1,0.578703703703704,0.346969696969697,0.99537037037037,0.677570093457944,0.3042071197411,0.141085271317829,0.309341500765697,1,0.294656488549618,0.00308641975308642,0,0,0.327131782945736,0.308892355694228,1,0.995391705069124,1,1,1,0.704097116843703,0.3109375,1,0.31441717791411,0.302611367127496,0.809672386895476,0.121451104100946,0.312693498452012,0.301515151515152,0.306501547987616,0.990769230769231,1,1,0.0031201248049922,0.314465408805031,0.312121212121212,0.66875,0.311912225705329,0.628148148148148,1,0.311349693251534,1,1,0.268330733229329,0.165390505359877,0.305970149253731,1,0.996932515337423,0.314024390243902,1,0.611650485436893,1,1,0.311827956989247,1,0.313813813813814,0.305732484076433,0.311349693251534,0.304212168486739,0,0.304761904761905,0.311377245508982,0.688271604938272,0.596946564885496,0.298412698412698,0.655223880597015,0.697388632872504,0.305936073059361,0.122834645669291,0,0.305426356589147,0.63182527301092,1,0.303317535545024,1,0.30564263322884,0,0.311450381679389,1,1,1,0.29595015576324,0.995440729483283,0.315950920245399,0.208523592085236,0.293853073463268,1,0.385670731707317,1,1,0.21183800623053,0.309486780715397,1,1,0.319018404907975,1,0.309838472834068,0.304932735426009,0.373643410852713,0.772932330827068,0.30077519379845,1,0.316770186335404,0.65321375186846,0.322169059011164,1,0.0015220700152207,1,0.357910906298003,0.890850722311397,0.597200622083981,0.606811145510836,0.304747320061256,0.320634920634921,1,0.300462249614792,1,0.29320987654321,0.494688922610015,0.310606060606061,1,0.301223241590214,0.301391035548686,0.310185185185185,0.311320754716981,1,0.298299845440495,1,0.445966514459665,0.313846153846154,1,0.309923664122137,1,0.615030674846626,0.307210031347962,1,0.30640243902439,0.305810397553517,0.324074074074074,0.98937784522003,0.320373250388802,1,0.319685039370079,1,0.303030303030303,1,0.610091743119266,0.287267080745342,0.0287539936102236,0.2859375,0.308755760368664,1,0.288372093023256,0.3125,0.308868501529052,0.315950920245399,1,1,0.311501597444089,0.311827956989247,1,1,0.313755795981453,0.243491577335375,0.0208643815201192,0.70257966616085,1,0.0031055900621118,0.308641975308642,1,0.308544303797468,0.300455235204856,0.300925925925926,0.996918335901387,1,1,0.316023738872404,0.307332293291732,0.30030487804878,0.696261682242991,0.297045101088647,1,0.321928460342146,1,1,0.438167938931298,0.310832025117739,0.308282208588957,0.31441717791411,0.288401253918495,0.300314465408805,0.660990712074303,1,1,0.307458143074581,0.0029940119760479,0.313161875945537,0.303120356612184,0.309230769230769,0.298642533936652,0.284389489953632,0.30688622754491,0.698170731707317,0.375565610859729,0.294930875576037,1,0.3171875,1,0.298780487804878,0.300925925925926,0.298299845440495,0.317829457364341,0.303656597774245,1,0.308396946564885,0.789473684210526,1,1,0.996899224806202,1,1,0.899521531100478,1,1,1,0.306060606060606,1,0.308426073131955,0,1,0.398782343987823,1,0.314553990610329,0.313755795981453,0.304747320061256,0.430340557275542,1,0.309090909090909,1,1,1,1,0,0.303937007874016,1,1,0.317757009345794,1,0.309667673716012,1,1,0.308176100628931,0.312401883830455,0.289473684210526,0.151702786377709,0.310664605873261,0,0.609865470852018,1,0.306060606060606,0.308777429467085,0.600609756097561,1,1,0.320695102685624,0.316692667706708,1,0.673282442748092,0.706436420722135,0.297507788161994,0.311320754716981,0.992503748125937,0.315217391304348,0.293154761904762,1,0.304747320061256,0.295107033639144,1,0.297839506172839,0.309968847352025,0.302936630602782,0.310664605873261,1,1,1,0.29984544049459,0.315625,0.00615384615384615,0.993769470404984,0.317610062893082,1,1,0.301515151515152,0.320182094081942,0.295902883156297,0.306501547987616,0.305810397553517,1,0.295886075949367,0.301857585139319,0.593004769475358,1,0.84399375975039,1,0,1,0.311844077961019,1,1,0.432973805855162,0.998470948012232,0.305993690851735,1,0.296583850931677,0.291666666666667,0.296923076923077,1,1,0.304821150855365,0.384615384615385,0.628705148205928,0.292452830188679,1,1,1,0.313694267515924,1,0.217325227963526,1,1,1,1,0.314900153609831,1,0.3008,0.322932917316693,0.689922480620155,0.290824261275272,1,0.320433436532508,0.309774436090226,0.310015898251192,1,0.298937784522003,1,0.312312312312312,0.466973886328725,0.30829420970266,0.312101910828025,0.303490136570561,1,0.315625,0.294488188976378,1,1,0.309707241910632,0.300153139356815,1,0.49615975422427,0.305164319248826,0.314589665653495,0.315233785822021,0.69558599695586,1,0.283018867924528,1,0.436018957345972,0.290769230769231,0,0.875187969924812,0.310236220472441,0.308166409861325,0,0.028169014084507,0.983206106870229,0.30381679389313,1,0.304012345679012,0.305331179321486,1,0.314503816793893,0.306603773584906,0.676970633693972,1,0.303265940902022,0.305426356589147,1,0.301684532924962,0.289968652037618,1,0.351309707241911,0.297674418604651,0.306060606060606,0.317757009345794,0.781538461538462,1,0.985915492957746,1,1,0.00155038759689922,1,0.99537037037037,1,0.442724458204334,0.996805111821086,0.29803328290469,0.993993993993994,0.31875,0.996946564885496,0.619760479041916,0.641566265060241,0.307110438729198,0.295107033639144,0.655332302936631,0.304761904761905,0,0.644067796610169,0.693846153846154,0.309090909090909,0.00154798761609907,0.298780487804878,0.301857585139319,0.775862068965517,0.312024353120244,0.70015455950541,0.610492845786963,0.313364055299539,0.310872894333844,0.291858678955453,1,0.0263929618768328,0,0.306870229007634,0.315467075038285,0.320668693009119,1,0.347417840375587,0.308868501529052,1,0.304675716440422,0.940993788819876,0.588976377952756,1,1,0.995024875621891,0.314024390243902,0.618975903614458,0.310240963855422,0.306349206349206,0.30568356374808,0.431818181818182,1,0.30077519379845,1,0.311111111111111,0.300632911392405,1,0.307210031347962,1,0.308755760368664,1,1,0.312594840667678,0,1,0.317972350230415,1,0.54434250764526,1,0.525037936267071,1,0.547318611987382,1,0.3088,1,1,1,0.30441400304414,0.309119010819165,0.303625377643505,0.341346153846154,0.3408,0.302652106084243,1,0.31651376146789,1,1,0.309006211180124,0.3125,0.306278713629403,0.377329192546584,0.315629742033384,1,1,0.320121951219512,0.318110236220472,0.64873417721519,0.607198748043818,0.304953560371517,0.30379746835443,1,0.294478527607362,0.303303303303303,0.993836671802773,0.296474358974359,0.302795031055901,0,0.140929535232384,0.308049535603715,0.69423929098966,0.308777429467085,0.316187594553706,0.608695652173913,0.996908809891808,0.304012345679012,1,0.305343511450382,0.338509316770186,0.309090909090909,0.458143074581431,0.304147465437788,1,0.304953560371517,0.313572542901716,0.311526479750779,0.696509863429439,1,0.31104199066874,0.304804804804805,0,0.31306990881459,0.998463901689708,0.955589586523737,1,0.309597523219814,0.309559939301973,0.299212598425197,0.596358118361153,1,0.608150470219436,0.321044546850998,1,1,0.965891472868217,0.69375,0.317901234567901,0.344410876132931,0.307926829268293,0.30441400304414,1,1,0.516380655226209,0.645061728395062,1,1,0.998470948012232,0.702194357366771,1,0.309090909090909,0.690440060698027,1,0.313935681470138,0.305295950155763,0.315384615384615,0.996955859969559,1,0.660287081339713,0.312883435582822,1,1,0.318042813455657,0.301391035548686,0.998468606431853,0,0.308049535603715,0.297045101088647,0.0031055900621118,0.298484848484848,1,0.300787401574803,1,0.155015197568389,0,0.905688622754491,0.32093023255814,1,1,0,0.00150829562594268,0.318461538461538,1,0.303656597774245,0.996987951807229,0.297339593114241,1,0.998439937597504,0.964669738863287,0.780525502318393,1,1,0.00154083204930663,1,0.532154340836013,0.317757009345794,0.685185185185185,0.311349693251534,1,0.297213622291022,0.6890625,1,1,0.310832025117739,0.635014836795252,0.317757009345794,0.605590062111801,0.973312401883831,0.312693498452012,0.62037037037037,0.0107858243451464,0.303680981595092,0.308510638297872,0.311746987951807,1,0.645645645645646,0.296636085626911,0.882445141065831,0.6015625,0.968325791855204,1,1,0.301242236024845,0.324324324324324,0.302507836990596,0.302611367127496,0.301059001512859,0.631892697466468,0.298937784522003,0,0.681137724550898,0.998454404945904,0.318112633181126,0.30077519379845,0.303317535545024,0.30640243902439,0.623255813953488,1,0.323216995447648,0.330203442879499,0.316558441558442,0.307332293291732,0.301829268292683,0.301857585139319,0.202723146747353,0.690625,0.305164319248826,0.61633281972265,1,0.239130434782609,0.302936630602782,0.91679748822606,1,1,0.297546012269939,0.652905198776758,1,0.302003081664099,0.29595015576324,0.951713395638629,1,1,0.996865203761755,0.311178247734139,1,1,0.9078125,1,0.332824427480916,1,0.605055292259084,1,0.677862595419847,0.305900621118012,0.618604651162791,1,1,0.990712074303406,0.318112633181126,0.316187594553706,0.311320754716981,0.312307692307692,0.308426073131955,0.3140625,0.984152139461173,0.302114803625378,1,1,0.721036585365854,0,0.310030395136778,0.307219662058372,0.68348623853211,1,0.575,0.317293233082707,0.658385093167702,0.301223241590214,0.312302839116719,1,0.305511811023622,0.303858520900322,0.690625,0.9136,0.313696612665685,0.6203125,0.588419405320814,0.313178294573643,0.312597200622084,0.292944785276074,0.611620795107034,0.695046439628483,1,0.891135303265941,1,0.685015290519878,0.996850393700787,0.608763693270736,0.300787401574803,0.318541996830428,1,1,0.442700156985871,0.995297805642633,0.998482549317147,1,0.308411214953271,0.311728395061728,1,0.303834808259587,0.696048632218845,0.319508448540707,0.472136222910217,0.2875,0,0.301829268292683,1,1,0.603318250377074,0.00151975683890578,0.313846153846154,0.309597523219814,0.0876369327073552,0.401913875598086,1,1,0.298621745788668,1,0.423547400611621,1,0.314842578710645,0.603975535168196,0.303680981595092,0.313178294573643,1,0,1,0.303174603174603,0.3046875,1,1,1,0.427672955974843,1,0.309119010819165,0.635528330781011,0.321100917431193,0.314194577352472,0.00153374233128834,0.0386398763523957,1,0.643856920684292,1,0.3140625,0.318979266347687,1,1,0.161290322580645,0.303680981595092,1,0.906202723146747,1,0.30688622754491,0.2099533437014,0.68062015503876,1,1,1,1,1,0.271623672230652,0.298761609907121,1,0.120063191153239,0.00156494522691706,0.458333333333333,0,0.315707620528771,1,0.688372093023256,1,1,0.886328725038402,1,0.688073394495413,1,1,1,1
"574",0.337025316455696,0.356143079315708,0.350467289719626,0.359497645211931,0.349606299212598,0.342271293375394,0.0427892234548336,0.351735015772871,0.345622119815668,0.541666666666667,0.347094801223242,0.597826086956522,0.550079491255962,0.348909657320872,0.968354430379747,0.962674961119751,0.59236641221374,0.0304487179487179,0.355384615384615,0.341049382716049,0.959438377535101,0.967136150234742,0.358974358974359,0.482280431432974,0.344410876132931,0.970496894409938,0.966876971608833,0.356687898089172,0.344615384615385,0.578538102643857,0.959438377535101,0.626728110599078,0.403453689167975,0.967136150234742,0.627145085803432,0.340356564019449,0.114678899082569,0.356814701378254,0.962574850299401,0.330275229357798,0.0327102803738318,0.0338461538461538,0.0338461538461538,0.3640625,0.3578125,0.971653543307087,0.9734375,0.958841463414634,0.968085106382979,0.966309341500766,0.656967840735069,0.365506329113924,0.96319018404908,0.355038759689922,0.344186046511628,0.862928348909657,0.0913385826771654,0.362068965517241,0.343032159264931,0.357585139318885,0.970858895705521,0.965732087227414,0.965625,0.0234009360374415,0.335443037974684,0.348623853211009,0.6234375,0.358255451713396,0.582450832072617,0.960061443932412,0.347826086956522,0.964831804281346,0.967032967032967,0.307448494453249,0.12824427480916,0.350453172205438,0.964723926380368,0.966049382716049,0.364906832298137,0.9728,0.557165861513688,0.967441860465116,0.962382445141066,0.361280487804878,0.967791411042945,0.357566765578635,0.342767295597484,0.367029548989114,0.357698289269051,0.0292758089368259,0.347003154574132,0.366111951588502,0.652173913043478,0.547140649149923,0.345971563981043,0.603603603603604,0.643518518518518,0.350769230769231,0.0984126984126984,0.0347551342812006,0.344135802469136,0.581504702194357,0.970125786163522,0.338118022328549,0.957413249211357,0.352664576802508,0.0372093023255814,0.355140186915888,0.960815047021944,0.972179289026275,0.966817496229261,0.344036697247706,0.967592592592593,0.354938271604938,0.163109756097561,0.342424242424242,0.968847352024922,0.337858220211161,0.965045592705167,0.967840735068913,0.171826625386997,0.348909657320872,0.966309341500766,0.969551282051282,0.360902255639098,0.963358778625954,0.352765321375187,0.353474320241692,0.330203442879499,0.73780487804878,0.358161648177496,0.965571205007825,0.34789391575663,0.598784194528875,0.367576243980738,0.966360856269113,0.0311526479750779,0.967642526964561,0.41185647425897,0.858974358974359,0.553125,0.5609375,0.353395061728395,0.35031847133758,0.962145110410095,0.344186046511628,0.966966966966967,0.340659340659341,0.544753086419753,0.349924585218703,0.96998420221169,0.339009287925697,0.343799058084772,0.3408,0.35748031496063,0.963722397476341,0.341576506955178,0.961904761904762,0.399693721286371,0.358895705521472,0.965098634294385,0.34789156626506,0.9629057187017,0.553990610328638,0.34775641025641,0.966929133858268,0.346273291925466,0.350230414746544,0.360189573459716,0.975572519083969,0.362940275650842,0.973684210526316,0.354134165366615,0.968503937007874,0.357827476038339,0.965299684542587,0.555382215288612,0.337442218798151,0.0146103896103896,0.329133858267717,0.346687211093991,0.963607594936709,0.341194968553459,0.357254290171607,0.350931677018634,0.358255451713396,0.964506172839506,0.969558599695586,0.356012658227848,0.361240310077519,0.963746223564955,0.963022508038585,0.364485981308411,0.214953271028037,0.0178041543026706,0.658385093167702,0.967542503863988,0.0313479623824451,0.349544072948328,0.966666666666667,0.352201257861635,0.340298507462687,0.343167701863354,0.964396284829721,0.964723926380368,0.963549920760697,0.361963190184049,0.351181102362205,0.356374807987711,0.64576802507837,0.343799058084772,0.96998420221169,0.380434782608696,0.968203497615262,0.966101694915254,0.398133748055988,0.359497645211931,0.358024691358025,0.357585139318885,0.336448598130841,0.341772151898734,0.6140625,0.965625,0.963133640552995,0.349693251533742,0.0320610687022901,0.355623100303951,0.352048558421851,0.35625,0.346444780635401,0.333858267716535,0.35187969924812,0.669753086419753,0.337941628264209,0.345622119815668,0.967084639498433,0.358255451713396,0.96417445482866,0.343465045592705,0.34488188976378,0.348982785602504,0.365506329113924,0.33974358974359,0.976887519260401,0.358346094946401,0.824644549763033,0.968944099378882,0.97125567322239,0.979397781299525,0.963779527559055,0.959311424100156,0.8672,0.9629057187017,0.973643410852713,0.969278033794163,0.346564885496183,0.965732087227414,0.35702746365105,0.0333333333333333,0.964831804281346,0.350076103500761,0.965463108320251,0.356918238993711,0.363636363636364,0.353407290015848,0.376971608832808,0.962616822429907,0.354838709677419,0.960998439937597,0.969604863221885,0.972006220839813,0.968133535660091,0.028391167192429,0.35062893081761,0.964885496183206,0.968152866242038,0.353968253968254,0.968102073365231,0.358461538461538,0.966257668711656,0.965463108320251,0.339089481946625,0.357030015797788,0.339506172839506,0.120500782472613,0.356576862123613,0.0303490136570561,0.554380664652568,0.966257668711656,0.351766513056836,0.357142857142857,0.552671755725191,0.964615384615385,0.966772151898734,0.355987055016181,0.354587869362364,0.9578125,0.613707165109034,0.662519440124417,0.341158059467919,0.350877192982456,0.981845688350983,0.35981308411215,0.345864661654135,0.967692307692308,0.344186046511628,0.339449541284404,0.967084639498433,0.341732283464567,0.342857142857143,0.346749226006192,0.347758887171561,0.967492260061919,0.962406015037594,0.966129032258065,0.343122102009274,0.35748031496063,0.0430769230769231,0.976599063962558,0.364951768488746,0.969135802469136,0.965891472868217,0.336890243902439,0.358024691358025,0.34715821812596,0.356481481481481,0.349013657056146,0.9671875,0.335403726708075,0.339622641509434,0.534920634920635,0.968944099378882,0.812982998454405,0.963549920760697,0.040625,0.959814528593508,0.358118361153263,0.964006259780908,0.970496894409938,0.390432098765432,0.963133640552995,0.341232227488152,0.966717095310136,0.346564885496183,0.331775700934579,0.350453172205438,0.963836477987421,0.963746223564955,0.351226993865031,0.438202247191011,0.585173501577287,0.3328125,0.964396284829721,0.967032967032967,0.97007874015748,0.357030015797788,0.967741935483871,0.166924265842349,0.966257668711656,0.962732919254658,0.963607594936709,0.965891472868217,0.349230769230769,0.966824644549763,0.358184764991896,0.366197183098592,0.647425897035881,0.34748427672956,0.97007874015748,0.352484472049689,0.350769230769231,0.354430379746835,0.964285714285714,0.341906202723147,0.971518987341772,0.358006042296073,0.517719568567026,0.355694227769111,0.361331220285261,0.351145038167939,0.967492260061919,0.353312302839117,0.343354430379747,0.960061443932412,0.967692307692308,0.355932203389831,0.334883720930233,0.962674961119751,0.439509954058193,0.348314606741573,0.363636363636364,0.356697819314642,0.651234567901235,0.96656050955414,0.333333333333333,0.964451313755796,0.3861852433281,0.342146189735614,0.0342679127725857,0.914503816793893,0.3486529318542,0.358255451713396,0.0312035661218425,0.0608424336973479,0.981366459627329,0.348982785602504,0.961479198767334,0.354489164086687,0.334935897435897,0.967238689547582,0.352850539291217,0.360189573459716,0.62888198757764,0.967289719626168,0.35625,0.349529780564263,0.970125786163522,0.347626339969372,0.348171701112878,0.971653543307087,0.307453416149068,0.351822503961965,0.347692307692308,0.358934169278997,0.831050228310502,0.964006259780908,0.950310559006211,0.966565349544073,0.963076923076923,0.0308166409861325,0.970588235294118,0.96875,0.969512195121951,0.384735202492212,0.974522292993631,0.347094801223242,0.968229954614221,0.364207221350078,0.973846153846154,0.568215892053973,0.598187311178248,0.354009077155825,0.354545454545455,0.606060606060606,0.3486529318542,0.0349544072948328,0.588597842835131,0.647798742138365,0.360983102918587,0.0341085271317829,0.344667697063369,0.338983050847458,0.729299363057325,0.359567901234568,0.651305683563748,0.558544303797468,0.349453978159126,0.351309707241911,0.329754601226994,0.968701095461659,0.0284857571214393,0.0369181380417336,0.350152905198777,0.357032457496136,0.371340523882897,0.9640625,0.305426356589147,0.346153846153846,0.96551724137931,0.341538461538462,0.976744186046512,0.537735849056604,0.969230769230769,0.96177370030581,0.968174204355109,0.347560975609756,0.578386605783866,0.35660091047041,0.353503184713376,0.352574102964119,0.37888198757764,0.973186119873817,0.350157728706625,0.965625,0.352564102564103,0.344444444444444,0.965151515151515,0.349606299212598,0.959761549925484,0.362637362637363,0.967084639498433,0.963949843260188,0.35375191424196,0.0314465408805031,0.962178517397882,0.351851851851852,0.976114649681529,0.611801242236025,0.963636363636364,0.471494607087827,0.960725075528701,0.609302325581395,0.963665086887836,0.361464968152866,0.970769230769231,0.967791411042945,0.961300309597523,0.346213292117465,0.359497645211931,0.352048558421851,0.3856,0.296416938110749,0.343122102009274,0.968404423380727,0.365891472868217,0.961290322580645,0.965098634294385,0.351014040561622,0.355450236966825,0.35375191424196,0.438271604938272,0.357686453576865,0.966101694915254,0.962674961119751,0.36,0.361331220285261,0.592823712948518,0.553459119496855,0.347417840375587,0.350547730829421,0.963607594936709,0.344236760124611,0.353120243531202,0.959752321981424,0.339228295819936,0.349618320610687,0.0313971742543171,0.111791730474732,0.339089481946625,0.646268656716418,0.352664576802508,0.354838709677419,0.5662100456621,0.958074534161491,0.341692789968652,0.97196261682243,0.354489164086687,0.391509433962264,0.356918238993711,0.514372163388805,0.347826086956522,0.970967741935484,0.350769230769231,0.357594936708861,0.359300476947536,0.644274809160305,0.965686274509804,0.367834394904459,0.350230414746544,0.0324574961360124,0.364471669218989,0.965732087227414,0.987841945288754,0.963133640552995,0.349529780564263,0.363076923076923,0.343307086614173,0.554545454545455,0.963722397476341,0.55379746835443,0.36817472698908,0.969325153374233,0.965891472868217,1,0.638364779874214,0.359447004608295,0.394736842105263,0.348297213622291,0.354009077155825,0.966981132075472,0.963302752293578,0.474418604651163,0.599374021909233,0.958268933539413,0.958333333333333,0.966360856269113,0.655948553054662,0.967441860465116,0.354449472096531,0.647709320695103,0.958461538461538,0.35474006116208,0.35,0.354037267080745,0.967741935483871,0.967065868263473,0.605815831987076,0.358695652173913,0.963893249607535,0.967987804878049,0.358578052550232,0.343558282208589,0.962732919254658,0.0372771474878444,0.353870458135861,0.345425867507886,0.0246913580246914,0.355384615384615,0.962178517397882,0.342229199372057,0.964285714285714,0.112307692307692,0.0274390243902439,0.867981790591806,0.366043613707165,0.963414634146341,0.967642526964561,0.0353846153846154,0.0276497695852535,0.361370716510903,0.966817496229261,0.337559429477021,0.968373493975904,0.343354430379747,0.963722397476341,0.962145110410095,0.989096573208723,0.774844720496894,0.9648,0.960815047021944,0.0263975155279503,0.9629057187017,0.483870967741935,0.3546875,0.63302752293578,0.362940275650842,0.974763406940063,0.34,0.639625585023401,0.970404984423676,0.966666666666667,0.348101265822785,0.587349397590361,0.355725190839695,0.565354330708661,0.992272024729521,0.371875,0.571870170015456,0.025,0.344186046511628,0.358139534883721,0.355384615384615,0.972267536704731,0.591397849462366,0.345565749235474,0.928792569659443,0.552380952380952,0.992389649923896,0.967791411042945,0.969278033794163,0.346273291925466,0.3824,0.346153846153846,0.356374807987711,0.339506172839506,0.581954887218045,0.340909090909091,0.0287878787878788,0.637048192771084,0.972179289026275,0.354587869362364,0.342767295597484,0.346153846153846,0.345399698340875,0.568992248062016,0.964831804281346,0.362095531587057,0.3640625,0.364649681528662,0.357032457496136,0.343465045592705,0.339563862928349,0.158132530120482,0.641509433962264,0.359133126934985,0.568147013782542,0.964615384615385,0.204368174726989,0.357032457496136,0.962204724409449,0.965853658536585,0.963076923076923,0.349922239502333,0.600924499229584,0.967791411042945,0.344135802469136,0.331230283911672,0.976038338658147,0.967791411042945,0.96594427244582,0.967845659163987,0.357910906298003,0.970219435736677,0.963020030816641,0.861198738170347,0.968602825745683,0.383792048929664,0.966817496229261,0.546774193548387,0.968944099378882,0.636503067484663,0.335901386748844,0.56386292834891,0.961059190031153,0.968701095461659,0.975346687211094,0.361702127659574,0.363358778625954,0.3584,0.351432880844646,0.3488,0.365814696485623,0.98125,0.338957055214724,0.968895800933126,0.965630114566285,0.710566615620214,0.0325077399380805,0.359281437125749,0.351063829787234,0.641860465116279,0.967889908256881,0.523584905660377,0.364599092284418,0.608695652173913,0.356269113149847,0.3552,0.967084639498433,0.35,0.3504,0.651419558359621,0.880763116057234,0.361764705882353,0.565560821484992,0.549844236760125,0.361702127659574,0.361904761904762,0.34,0.55640243902439,0.646511627906977,0.969418960244648,0.92093023255814,0.964831804281346,0.638167938931298,0.967340590979782,0.559429477020602,0.35625,0.351181102362205,0.965151515151515,0.964506172839506,0.388973966309342,0.972972972972973,0.968036529680365,0.965996908809892,0.34488188976378,0.36517719568567,0.966876971608833,0.356083086053412,0.650381679389313,0.364779874213836,0.418897637795276,0.333333333333333,0.0338461538461538,0.344563552833078,0.965571205007825,0.965354330708661,0.561919504643963,0.0273141122913505,0.3609375,0.350850077279753,0.135093167701863,0.411003236245955,0.968354430379747,0.963893249607535,0.356037151702786,0.975155279503106,0.376744186046512,0.969936708860759,0.348942598187311,0.551301684532925,0.357254290171607,0.349529780564263,0.966412213740458,0.0374414976599064,0.968602825745683,0.331730769230769,0.350467289719626,0.963020030816641,0.962382445141066,0.974242424242424,0.472843450479233,0.963722397476341,0.34585289514867,0.588414634146341,0.36085626911315,0.363057324840764,0.0352220520673813,0.0205047318611987,0.96,0.59236641221374,0.96875,0.36055469953775,0.368760064412238,0.968454258675079,0.968085106382979,0.131699846860643,0.350230414746544,0.964831804281346,0.867692307692308,0.966412213740458,0.35258358662614,0.171606864274571,0.641768292682927,0.967889908256881,0.968325791855204,0.965463108320251,0.96513470681458,0.959580838323353,0.314589665653495,0.352395672333849,0.968085106382979,0.0977564102564103,0.0313479623824451,0.396923076923077,0.0304,0.361111111111111,0.967840735068913,0.64797507788162,0.963020030816641,0.97239263803681,0.851393188854489,0.971653543307087,0.641975308641975,0.963133640552995,0.9712,0.973058637083994,0.9703125
"575",0,0,0,0,0,0,0.297297297297297,0,0,0.901294498381877,0,0.957746478873239,0.185714285714286,0,0.676282051282051,0.688854489164087,0.938176197836167,0.314845024469821,0,0,0.704581358609795,0.678571428571429,0,0.840062111801242,0,0.672955974842767,0.679276315789474,0,0,0.193343898573693,0.69170579029734,0.262751159196291,0.0377952755905512,0.685126582278481,1,0,0.472698907956318,0,0.691472868217054,0,0.343354430379747,0.327102803738318,0.308755760368664,0,0,0.683360258481422,0.685534591194969,0.683076923076923,0.665634674922601,0.668740279937792,1,0,0.686821705426357,0,0,0.491228070175439,0.448553054662379,0,0,0,0.667706708268331,0.675118858954041,0.681458003169572,0.322274881516588,0,0,0.962204724409449,0,0.941984732824428,0.67906976744186,0,0.673501577287066,0.668276972624799,0.0387722132471729,0.492236024844721,0,0.684698608964451,0.663522012578616,0,0.679674796747967,0.91653290529695,0.666139240506329,0.667721518987342,0,0.65527950310559,0,0,0,0,0.311627906976744,0,0,0.998439937597504,0.893846153846154,0,0.958397534668721,1,0,0.449511400651466,0.337060702875399,0,0.947284345047923,0.679245283018868,0,0.676236044657097,0,0.31687898089172,0,0.684044233807267,0.678125,0.679245283018868,0,0.670382165605096,0,0.513137557959815,0,0.686915887850467,0.710323574730354,0.667175572519084,0.681020733652313,0.528481012658228,0.00155763239875389,0.673846153846154,0.674230145867099,0,0.693270735524257,0,0,0.683464566929134,0.448698315467075,0,0.675675675675676,0,0.961019490254873,0,0.683076923076923,0.330218068535826,0.66510172143975,0.0642633228840125,0.555555555555556,0.897476340694006,0.90251572327044,0,0,0.664576802507837,0,0.679878048780488,0,0.191424196018377,0,0.670510708401977,0,0,0,0,0.668769716088328,0,0.67817896389325,0.744186046511628,0,0.683153013910355,0,0.692429022082019,0.915993537964459,0,0.6768,0,0,0,0.658986175115207,0,0.66877971473851,0,0.690031152647975,0,0.677672955974843,0.92822966507177,0,0.363338788870704,0,0,0.67862969004894,0,0,0,0,0.673534072900158,0.683720930232558,0,0.00156985871271586,0.672868217054264,0.694753577106518,0,0.554160125588697,0.338905775075988,1,0.675078864353312,0.335423197492163,0,0.671317829457364,0,0.0015600624024961,0,0.677672955974843,0.678407350689127,0.674157303370786,0,0,0,1,0,0.69377990430622,0.0268987341772152,0.671451355661882,0.682539682539683,0.249216300940439,0,0,0,0,0,0.96031746031746,0.674641148325359,0.66877971473851,0,0.318252730109204,0,0,0.00158227848101266,0.00157728706624606,0,0,0.996875,0.683563748079877,0,0.684542586750789,0,0.696540880503145,0,0,0,0,0,0.675632911392405,0,0.480891719745223,0.677777777777778,0.674382716049383,0.678972712680578,0.677725118483412,0.667189952904239,0.57258064516129,0.661904761904762,0.684458398744113,0.686728395061728,0,0.674528301886792,0,0.316846986089645,0.683881064162754,0.687211093990755,0.661881977671451,0,0,0,0.7453125,0.680685358255452,0,0.681528662420382,0.6671826625387,0.686244204018547,0.670846394984326,0.312796208530806,0,0.674846625766871,0.689102564102564,0,0.689935064935065,0,0.6801872074883,0.67515923566879,0,0,0,0.468553459119497,0,0.317829457364341,0.920731707317073,0.678740157480315,0,0,0.903276131045242,0.679186228482003,0.669316375198728,0,0,0.690292758089368,0.976452119309262,0.9984,0,0,0.658986175115207,0.00157977883096367,0,0.688372093023256,0,0,0.68167701863354,0,0,0,0,0.6703125,0.685099846390169,0.666666666666667,0,0,0.3328173374613,0.680817610062893,0,0.674846625766871,0.696343402225755,0,0,0.00158730158730159,0,0,0.671383647798742,0,0,0.893548387096774,0.669230769230769,0.5078125,0.68860353130016,0.332807570977918,0.670788253477589,0,0.681089743589744,0.669316375198728,0.74922600619195,0.676970633693972,0,0.66412213740458,0,0,0,0.690851735015773,0.672307692307692,0.00157232704402516,0.0769230769230769,0.937399678972713,0,0.684542586750789,0.673566878980892,0.684466019417476,0,0.666666666666667,0.540752351097179,0.670295489891135,0.676100628930818,0.684380032206119,0.691222570532915,0,0.677265500794913,0,0,1,0,0.672,0,0,0,0.661341853035144,0,0.684713375796178,0,0.158385093167702,0,0,0,0.672897196261682,0,0,0.681458003169572,0.681318681318681,0,0,0.68503937007874,0.813169984686064,0,0.00157232704402516,0,1,0.681672025723473,0,0.685358255451713,0.755102040816326,0,0.33026113671275,0.554699537750385,0,0,0.327272727272727,0.302034428794992,0.648648648648649,0,0.679186228482003,0,0,0.666144200626959,0,0.00158227848101266,0.995275590551181,0.677519379844961,0,0,0.677884615384615,0,0,0.691813804173355,0.669767441860465,0,0,0,0.463722397476341,0.684713375796178,0.651273885350318,0.677272727272727,0.668740279937792,0.320813771517997,0.673879443585781,0.669316375198728,0.683641975308642,0.761240310077519,0.676375404530744,0,0.677966101694915,0.00157728706624606,0.68025078369906,0.91553544494721,0.955108359133127,0,0,0.96583850931677,0,0.317411402157165,0.961059190031153,0.990384615384615,0,0.315047021943574,0,0,0.452076677316294,0,1,0.924679487179487,0,0,0,0.677884615384615,0.357249626307922,0.309562398703404,0.00155038759689922,0,0.0141065830721003,0.682389937106918,0.6703125,0,0.701112877583466,0,0.614533965244866,0.893481717011129,0.686427457098284,0.673846153846154,0.666112956810631,0,0.918461538461538,0,0,0,0.742681047765794,0.670906200317965,0,0.6801872074883,0,0,0.684292379471229,0,0.667173252279635,0,0.684713375796178,0.674121405750799,0,0.329093799682035,0.680916030534351,0,0.682108626198083,0.219814241486068,0.680061823802164,0.839313572542902,0.669710806697108,0.219589257503949,0.688,0,0.677519379844961,0.659509202453988,0.706896551724138,0,0,0,0.0276872964169381,0.672727272727273,0,0.6736,0,0.680194805194805,0.676470588235294,0,0,0,0.0777777777777778,0,0.682515337423313,0.677519379844961,0,0,0.950080515297907,0.919175911251981,0,0,0.6890625,0,0,0.6828125,0,0,0.31974921630094,0.478193146417445,0,1,0,0,0.902627511591963,0.670846394984326,0,0.675078864353312,0.00156985871271586,0.0349206349206349,0.00157232704402516,0.18025078369906,0,0.663987138263666,0,0,0,1,0.688524590163934,0,0,0.333868378812199,0,0.672985781990521,0.633228840125392,0.6703125,0,0,0,0.908116385911179,0.672523961661342,0.912,0.00158982511923688,0.679012345679012,0.69375,0.638364779874214,1,0,0.0405616224648986,0,0,0.676703645007924,0.700460829493088,0.84,0.961240310077519,0.668224299065421,0.684542586750789,0.667180277349769,0.998397435897436,0.687402799377916,0,1,0.672782874617737,0,0,0,0.670295489891135,0.672727272727273,0.964516129032258,0,0.67879746835443,0.68266253869969,0,0,0.675078864353312,0.308319738988581,0,0,0.304416403785489,0,0.687306501547988,0,0.670347003154574,0.474339035769829,0.331811263318113,0.587155963302752,0,0.692780337941628,0.679186228482003,0.319182389937107,0.342146189735614,0,0.671826625386997,0,0.664615384615385,0,0.681889763779528,0.685303514376997,0.64171974522293,0.471698113207547,0.679549114331723,0.687106918238994,0.337007874015748,0.670731707317073,0.850649350649351,0,1,0,0.69701726844584,0,1,0.681388012618297,0.6816,0,0.946808510638298,0,0.912280701754386,0.648062015503876,0,0.93563579277865,0.334379905808477,0,0,0,0.689320388349515,0.964777947932619,0,0.558587479935794,0.89983844911147,0.639570552147239,0.671899529042386,0.675507020280811,0,0,0,0,0,0.94081942336874,0.00460122699386503,0.325545171339564,0.996932515337423,0.6671875,0,0,0,0,0.9171875,0.681114551083591,0,0,0,0,0,0,0.514018691588785,0.998412698412698,0,0.917057902973396,0.67817896389325,0.574303405572755,0,0.597774244833068,0.690821256038647,0.684542586750789,0,0.9609375,0.683153013910355,0,0,0.616242038216561,0.680817610062893,0.68312101910828,0.68,0.0015527950310559,0.667741935483871,0.674382716049383,0.576862123613312,0.683229813664596,0.0276073619631902,0.681047765793529,0.91747572815534,0.667192429022082,1,0,0.907936507936508,0.685897435897436,0.670926517571885,0.673015873015873,0,0,0,0,0,0,0.666666666666667,0,0.676656151419558,0.67687074829932,0.395348837209302,0.324717285945073,0,0,1,0.681957186544342,0.881987577639752,0.00151975683890578,0.964006259780908,0,0,0.679873217115689,0,0,0.371428571428571,0.579119086460033,0.00452488687782805,0.914790996784566,0.901898734177215,0,0,0,0.913385826771654,1,0.676335877862595,0.573692551505547,0.686728395061728,1,0.662420382165605,0.911392405063291,0,0,0.675344563552833,0.68,0.761310452418097,0.65818759936407,0.681114551083591,0.68062015503876,0,0,0.674603174603175,0,1,0,0.780564263322884,0,0.328638497652582,0,0.69375,0.686495176848875,0.925349922239502,0.326086956521739,0,0,0.211356466876972,0.0979133226324237,0.676751592356688,0.679936305732484,0,0.677115987460815,0.748043818466354,0.673701298701299,0,0.892744479495268,0,0,0.673946957878315,0.3248,0.691813804173355,0,0,0.68895800933126,0.699059561128527,0.670750382848392,0.13290113452188,0.676898222940226,0,0.949386503067485,0,0,0.310664605873261,0.351351351351351,0.681372549019608,0.948356807511737,0.671899529042386,0,0,0.690363349131122,0.666141732283465,0.380585516178737,0,0.683563748079877,0.626339969372129,0.683720930232558,0.0168711656441718,0.536741214057508,0.996875,0.688575899843505,0.676470588235294,0.668253968253968,0.678571428571429,0.670750382848392,0.027355623100304,0,0.682389937106918,0.458536585365854,0.318471337579618,0.759873617693523,0.305111821086262,0,0.669266770670827,0.996805111821086,0.666151468315301,0.677067082683307,0.63182527301092,0.665079365079365,1,0.661442006269592,0.685303514376997,0.668261562998405,0.681889763779528
"576",1,1,1,1,1,1,0.690821256038647,1,1,0.0958466453674121,1,0.0374414976599064,0.809148264984227,1,0.335443037974684,0.312989045383412,0.0607476635514019,0.673139158576052,1,1,0.30379746835443,0.32018927444795,1,0.153724247226624,1,0.337962962962963,0.326892109500805,1,1,0.777080062794348,0.313479623824451,0.729264475743349,0.967032967032967,0.316535433070866,0,1,0.53405572755418,1,0.303215926493109,1,0.658841940532081,0.670866141732283,0.674311926605505,1,1,0.32794830371567,0.318979266347687,0.321981424148607,0.326625386996904,0.342679127725857,0,1,0.319018404907975,1,1,0.493610223642172,0.561290322580645,1,1,1,0.337984496124031,0.332805071315372,0.325434439178515,0.669291338582677,1,1,0.0335463258785942,1,0.0551301684532925,0.331775700934579,1,0.327102803738318,0.328990228013029,0.962783171521036,0.50314465408805,1,0.320373250388802,0.348024316109422,1,0.325242718446602,0.0858995137763371,0.3344,0.345794392523364,1,0.343653250773994,1,1,1,1,0.689708141321045,1,1,0.00156739811912226,0.102040816326531,1,0.0417310664605873,0,1,0.561093247588424,0.66347687400319,1,0.0525477707006369,0.314194577352472,1,0.322734499205087,1,0.673879443585781,1,0.328050713153724,0.325038880248834,0.327102803738318,1,0.335433070866142,1,0.49609984399376,1,0.324960753532182,0.303405572755418,0.329754601226994,0.328593996840442,0.482428115015974,1,0.335925349922239,0.320846905537459,1,0.314900153609831,1,1,0.329211746522411,0.563271604938272,1,0.324881141045959,1,0.0384615384615385,1,0.327666151468315,0.665625,0.340659340659341,0.93730407523511,0.438003220611916,0.101123595505618,0.0937996820349762,1,1,0.349056603773585,1,0.326656394453005,1,0.806501547987616,1,0.331730769230769,1,1,1,1,0.342271293375394,1,0.337060702875399,0.265210608424337,1,0.325545171339564,1,0.311320754716981,0.0833333333333333,1,0.3232,1,1,1,0.347352024922118,1,0.33868378812199,1,0.315873015873016,1,0.328025477707006,0.0749601275917065,1,0.621487603305785,1,1,0.328525641025641,1,1,1,1,0.331761006289308,0.316037735849057,1,1,0.327131782945736,0.317152103559871,1,0.446177847113885,0.654490106544901,0,0.333848531684699,0.664586583463339,1,0.329770992366412,1,1,1,0.326530612244898,0.333333333333333,0.336538461538462,1,1,1,0,1,0.311111111111111,0.979527559055118,0.33015873015873,0.316957210776545,0.749211356466877,1,1,1,1,1,0.0380348652931854,0.31911532385466,0.338533541341654,1,0.670278637770898,1,1,0.998442367601246,1,1,1,0.0046801872074883,0.31441717791411,1,0.317460317460317,1,0.316037735849057,1,1,1,1,1,0.338607594936709,1,0.497568881685575,0.331761006289308,0.328703703703704,0.323343848580442,0.327044025157233,0.339622641509434,0.425361155698234,0.343701399688958,0.330188679245283,0.321316614420063,1,0.332807570977918,1,0.678125,0.323296354992076,0.319444444444444,0.337519623233909,1,1,1,0.264423076923077,0.315047021943574,1,0.328,0.331811263318113,0.321144674085851,0.335925349922239,0.676145339652449,1,0.328197226502311,0.325471698113208,1,0.312,1,0.32,0.322327044025157,1,1,1,0.526984126984127,1,0.674641148325359,0.0791476407914764,0.338006230529595,1,1,0.0911949685534591,0.326656394453005,0.332797427652733,1,1,0.310236220472441,0.0202492211838006,0.00320512820512821,1,1,0.346036585365854,1,1,0.3198127925117,1,1,0.32967032967033,1,1,1,1,0.339622641509434,0.325652841781874,0.339171974522293,1,1,0.659340659340659,0.33175355450237,1,0.328725038402458,0.315372424722662,1,1,1,1,1,0.335974643423138,1,1,0.103225806451613,0.340030911901082,0.494435612082671,0.314606741573034,0.662460567823344,0.32753164556962,1,0.320126782884311,0.343354430379747,0.260061919504644,0.330769230769231,1,0.331804281345566,1,1,1,0.323854660347551,0.329192546583851,1,0.927868852459016,0.057784911717496,1,0.323899371069182,0.331189710610932,0.320512820512821,1,0.33695652173913,0.475155279503106,0.334890965732087,0.314696485623003,0.323671497584541,0.317535545023697,1,0.337096774193548,1,1,0,1,0.324281150159744,1,1,1,0.338557993730408,1,0.319488817891374,1,0.832550860719875,1,1,1,0.327613104524181,1,1,0.319620253164557,0.325471698113208,1,1,0.321316614420063,0.191290824261275,1,1,1,0,0.316720257234727,1,0.318110236220472,0.245222929936306,1,0.667711598746082,0.434782608695652,1,1,0.667173252279635,0.691823899371069,0.358044164037855,1,0.332293291731669,1,1,0.337539432176656,1,1,0.00793650793650794,0.330173775671406,1,1,0.33652312599681,1,1,0.314102564102564,0.33641975308642,1,1,1,0.5320813771518,0.323029366306028,0.356451612903226,0.336923076923077,0.339089481946625,0.680817610062893,0.341049382716049,0.336477987421384,0.328197226502311,0.248037676609105,0.338187702265372,1,0.332293291731669,1,0.320373250388802,0.0804248861911988,0.0474683544303797,1,1,0.0347003154574132,1,0.679447852760736,0.0377358490566038,0.00801282051282051,1,0.67244094488189,1,1,0.556962025316456,1,0,0.0718849840255591,1,1,1,0.333333333333333,0.630769230769231,0.683006535947712,0.993660855784469,1,0.987577639751553,0.314873417721519,0.33122028526149,1,0.308681672025723,1,0.378164556962025,0.0976,0.3171875,0.333846153846154,0.347682119205298,1,0.0736196319018405,1,1,1,0.259600614439324,0.332802547770701,1,0.327014218009479,1,1,0.314814814814815,1,0.333333333333333,1,0.31629392971246,0.33175355450237,1,0.665605095541401,0.330757341576507,1,0.323809523809524,0.7703125,0.320987654320988,0.154330708661417,0.329770992366412,0.767036450079239,0.321543408360129,1,0.330721003134796,0.349453978159126,0.305295950155763,1,1,1,0.972222222222222,0.345394736842105,1,0.334959349593496,1,0.317355371900826,0.329721362229102,1,1,1,0.925039872408293,1,0.326219512195122,0.327073552425665,1,1,0.0421393841166937,0.0794912559618442,1,1,0.312893081761006,1,1,0.321711568938193,1,1,0.67244094488189,0.531587057010786,1,0,1,1,0.0962732919254658,0.332293291731669,1,0.33968253968254,1,0.967845659163987,1,0.824345146379045,1,0.338735818476499,1,1,1,0,0.327922077922078,1,1,0.659270998415214,1,0.328100470957614,0.358139534883721,0.334389857369255,1,1,1,0.0833333333333333,0.332805071315372,0.0875202593192869,1,0.325077399380805,0.317901234567901,0.359447004608295,0,1,0.963722397476341,1,1,0.326984126984127,0.317411402157165,0.159420289855072,0.0318979266347687,0.330745341614907,0.315873015873016,0.337984496124031,0.00160771704180064,0.327131782945736,1,0,0.330745341614907,1,1,1,0.328660436137072,0.332819722650231,0.0324675324675325,1,0.329581993569132,0.31733746130031,1,1,0.325115562403698,0.679214402618658,1,1,0.680445151033386,1,0.310769230769231,1,0.31875,0.53416149068323,0.660493827160494,0.418461538461538,1,0.312989045383412,0.321766561514196,0.674454828660436,0.655063291139241,1,0.333333333333333,1,0.334351145038168,1,0.328616352201258,0.315024232633279,0.356697819314642,0.533018867924528,0.318979266347687,0.314785373608903,0.655608214849921,0.326120556414219,0.140752864157119,1,0,1,0.303514376996805,1,0,0.334389857369255,0.326433121019108,1,0.0499243570347958,1,0.0829420970266041,0.346645367412141,1,0.0585443037974684,0.655660377358491,1,1,1,0.315789473684211,0.0337941628264209,1,0.432475884244373,0.0950080515297907,0.362068965517241,0.333333333333333,0.335403726708075,1,1,1,1,1,0.0593607305936073,0.995412844036697,0.676100628930818,0.00452488687782805,0.329093799682035,1,1,1,1,0.0833333333333333,0.329230769230769,1,1,1,1,1,1,0.488335925349922,0.00156494522691706,1,0.0841121495327103,0.336434108527132,0.441130298273155,1,0.4016,0.316476345840131,0.3198127925117,1,0.0357698289269051,0.335423197492163,1,1,0.381410256410256,0.32120253164557,0.317111459968603,0.330683624801272,1,0.337042925278219,0.327769347496206,0.424960505529226,0.328548644338118,0.977307110438729,0.326687116564417,0.0798045602605863,0.324574961360124,0,1,0.0821484992101106,0.31869918699187,0.327102803738318,0.325396825396825,1,1,1,1,1,1,0.347687400318979,1,0.329153605015674,0.32436974789916,0.616113744075829,0.668261562998405,1,1,0,0.329770992366412,0.110935023771791,1,0.031496062992126,1,1,0.325914149443561,1,1,0.63751987281399,0.419871794871795,0.995508982035928,0.078525641025641,0.0936995153473344,1,1,1,0.0845070422535211,0,0.330757341576507,0.419303797468354,0.321044546850998,0,0.333860759493671,0.0832,1,1,0.329704510108865,0.328173374613003,0.24804992199688,0.35,0.318112633181126,0.339089481946625,1,1,0.33652312599681,1,0,1,0.224165341812401,1,0.659442724458204,1,0.325914149443561,0.32,0.0702028081123245,0.668217054263566,1,1,0.781645569620253,0.891760904684976,0.327476038338658,0.318840579710145,1,0.336,0.255520504731861,0.332273449920509,1,0.0998439937597504,1,1,0.325038880248834,0.669871794871795,0.3168,1,1,0.321428571428571,0.310344827586207,0.325190839694657,0.864649681528662,0.325281803542673,1,0.0501567398119122,1,1,0.682888540031397,0.640944881889764,0.326332794830372,0.0493630573248408,0.330218068535826,1,1,0.317683881064163,0.338095238095238,0.614906832298137,1,0.318529862174579,0.373271889400922,0.318681318681319,0.984350547730829,0.481658692185008,0.00470219435736677,0.313084112149533,0.330246913580247,0.335453100158982,0.330645161290323,0.328725038402458,0.967692307692308,1,0.322784810126582,0.54066985645933,0.682464454976303,0.230889235569423,0.67862969004894,1,0.335443037974684,0,0.331746031746032,0.33125,0.372827804107425,0.331723027375201,0,0.341653666146646,0.330112721417069,0.330683624801272,0.327014218009479
"577",0.94888178913738,0.956856702619414,0.964506172839506,0.958333333333333,0.959311424100156,0.951104100946372,0.667721518987342,0.955342902711324,0.956318252730109,0.0466237942122186,0.959938366718028,0.00460829493087558,0.863057324840764,0.957120980091884,0.357594936708861,0.344236760124611,0.0202177293934681,0.642394822006472,0.953051643192488,0.95447409733124,0.334890965732087,0.353677621283255,0.957251908396947,0.103235747303544,0.953383458646617,0.368503937007874,0.355661881977671,0.954911433172303,0.952599388379205,0.8256,0.338028169014085,0.78858024691358,0.9796875,0.352755905511811,0.0347003154574132,0.951585976627713,0.485133020344288,0.956923076923077,0.341829085457271,0.956923076923077,0.625,0.638888888888889,0.646879756468798,0.955905511811024,0.954041204437401,0.35625,0.343898573692552,0.350076103500761,0.358934169278997,0.369969040247678,0.0388198757763975,0.958664546899841,0.358461538461538,0.958333333333333,0.956386292834891,0.552590266875981,0.515007898894155,0.953198127925117,0.9578125,0.958397534668721,0.368501529051988,0.357366771159875,0.354330708661417,0.624213836477987,0.952,0.953488372093023,0.0031201248049922,0.958795562599049,0.0151515151515152,0.366003062787136,0.962616822429907,0.364615384615385,0.367507886435331,0.923076923076923,0.459041731066461,0.95619335347432,0.354642313546423,0.376722817764165,0.954198473282443,0.368,0.0439024390243902,0.371294851794072,0.351477449455676,0.95800933125972,0.377329192546584,0.957120980091884,0.958925750394945,0.954545454545455,0.962441314553991,0.64576802507837,0.957210776545166,0.96078431372549,0.0374414976599064,0.0495356037151703,0.963022508038585,0.0045045045045045,0.0386996904024768,0.956318252730109,0.520259319286872,0.638668779714738,0.957210776545166,0.0125786163522013,0.34585289514867,0.952153110047847,0.357594936708861,0.959055118110236,0.641744548286604,0.954545454545455,0.351014040561622,0.351014040561622,0.367601246105919,0.953846153846154,0.35981308411215,0.956723338485317,0.430955993930197,0.953383458646617,0.35625,0.247328244274809,0.362940275650842,0.353677621283255,0.418604651162791,0.953125,0.355083459787557,0.3609375,0.96319018404908,0.346687211093991,0.959821428571429,0.951145038167939,0.272161741835148,0.484520123839009,0.956381260096931,0.348242811501597,0.957345971563981,0.00600600600600601,0.959935897435897,0.339366515837104,0.632398753894081,0.370769230769231,0.984447900466563,0.380573248407643,0.0423861852433281,0.0479134466769706,0.949685534591195,0.959871589085072,0.370139968895801,0.962616822429907,0.359090909090909,0.955905511811024,0.856488549618321,0.950844854070661,0.346645367412141,0.959183673469388,0.952978056426332,0.958795562599049,0.9640625,0.369734789391576,0.946875,0.366197183098592,0.19751166407465,0.954128440366973,0.351393188854489,0.957317073170732,0.340590979782271,0.0380348652931854,0.961844197138315,0.361635220125786,0.952904238618524,0.955246913580247,0.953198127925117,0.376146788990826,0.95800933125972,0.374213836477987,0.955905511811024,0.360248447204969,0.955414012738854,0.354632587859425,0.027906976744186,0.955974842767296,0.595161290322581,0.955905511811024,0.95800933125972,0.3578125,0.96551724137931,0.96551724137931,0.960753532182104,0.956181533646322,0.360374414976599,0.3515625,0.956521739130435,0.959876543209877,0.360182370820669,0.337007874015748,0.959814528593508,0.403726708074534,0.626686656671664,0.0448916408668731,0.357910906298003,0.622670807453416,0.962558502340094,0.358461538461538,0.956239870340357,0.95565749235474,0.95679012345679,0.357142857142857,0.356814701378254,0.365105008077544,0.953313253012048,0.959807073954984,0.961832061068702,0.0377952755905512,0.956112852664577,0.343499197431782,0.987538940809969,0.362204724409449,0.345911949685535,0.680817610062893,0.962323390894819,0.955246913580247,0.960998439937597,0.956386292834891,0.960380348652932,0.00465116279069767,0.359621451104101,0.359567901234568,0.955725190839695,0.641221374045801,0.95405819295559,0.949848024316109,0.959055118110236,0.956723338485317,0.955905511811024,0.954407294832827,0.0449612403100775,0.26840490797546,0.959627329192547,0.360189573459716,0.959055118110236,0.346273291925466,0.959752321981424,0.955696202531646,0.961180124223602,0.954113924050633,0.954838709677419,0.363492063492063,0.953560371517028,0.56782334384858,0.362637362637363,0.361801242236025,0.35377358490566,0.361904761904762,0.369668246445498,0.366666666666667,0.369969040247678,0.350689127105666,0.352201257861635,0.952671755725191,0.367670364500792,0.962783171521036,0.656671664167916,0.362363919129082,0.25,0.36734693877551,0.956937799043062,0.96417445482866,0.956318252730109,0.196850393700787,0.347417840375587,0.957055214723926,0.357142857142857,0.367069486404834,0.346811819595645,0.367781155015198,0.644305772230889,0.959183673469388,0.362229102167183,0.355555555555556,0.954186413902054,0.333333333333333,0.952599388379205,0.35202492211838,0.355140186915888,0.957142857142857,0.957142857142857,0.958074534161491,0.489096573208723,0.95748031496063,0.640866873065015,0.0346907993966818,0.3625,0.961479198767334,0.957613814756672,0.0428790199081164,0.363636363636364,0.362637362637363,0.969404186795491,0.957680250783699,0.347826086956522,0.0185471406491499,0.0431309904153355,0.95253164556962,0.952153110047847,0.371601208459215,0.956656346749226,0.954407294832827,0.347758887171561,0.956923076923077,0.952160493827161,0.357254290171607,0.958925750394945,0.954041204437401,0.952012383900929,0.959564541213064,0.369496855345912,0.348091603053435,0.371019108280255,0.951937984496124,0.950540958268934,0.629800307219662,0.357366771159875,0.958860759493671,0.355283307810107,0.346749226006192,0.96048632218845,0.958397534668721,0.961180124223602,0.957680250783699,0.958715596330275,0.373015873015873,0.951026856240126,0.948598130841122,0.055379746835443,0.37442218798151,0.43701399688958,0.354330708661417,0.636505460218409,0.363914373088685,0.958904109589041,0.349529780564263,0.368827160493827,0.201863354037267,0.360123647604328,0.961414790996785,0.365443425076453,0.952305246422893,0.954330708661417,0.956989247311828,0.3453125,0.352484472049689,0.961119751166407,0.969354838709677,0.0111464968152866,0.955766192733017,0.357366771159875,0.358161648177496,0.351910828025478,0.964968152866242,0.364885496183206,0.417956656346749,0.363636363636364,0.34384858044164,0.356918238993711,0.349206349206349,0.958204334365325,0.361331220285261,0.959349593495935,0.962204724409449,0.0375586854460094,0.951026856240126,0.35748031496063,0.954758190327613,0.957120980091884,0.961661341853035,0.363924050632911,0.96030534351145,0.3536,0.952307692307692,0.880434782608696,0.95125786163522,0.950871632329635,0.954758190327613,0.353941267387944,0.95968992248062,0.955766192733017,0.348982785602504,0.35625,0.960815047021944,0.960998439937597,0.34984520123839,0.135802469135802,0.953525641025641,0.959375,0.95679012345679,0.0417956656346749,0.349282296650718,0.95928338762215,0.349693251533742,0.193396226415094,0.961722488038278,0.639318885448916,0.474962063732929,0.953525641025641,0.956723338485317,0.629349470499244,0.66407465007776,0.389489953632148,0.960691823899371,0.363636363636364,0.954758190327613,0.963022508038585,0.365930599369085,0.961119751166407,0.958730158730159,0.0298273155416013,0.365054602184087,0.954545454545455,0.959375,0.364928909952607,0.957746478873239,0.956937799043062,0.346092503987241,0.290372670807453,0.956043956043956,0.956589147286822,0.959627329192547,0.57984496124031,0.340694006309148,0.35423197492163,0.35660091047041,0.363354037267081,0.645007923930269,0.369158878504673,0.3671875,0.355932203389831,0.191222570532915,0.36031746031746,0.954268292682927,0.365151515151515,0.953748006379585,0.355932203389831,0.0389805097451274,0.0061633281972265,0.955725190839695,0.955927051671733,0.0031055900621118,0.961722488038278,0.639939485627837,0.00310077519379845,0.0315955766192733,0.956521739130435,0.645061728395062,0.956454121306376,0.951638065522621,0.484076433121019,0.959752321981424,0.0477657935285054,0.0319488817891374,0.96031746031746,0.953846153846154,0.956043956043956,0.364353312302839,0.602391629297459,0.663398692810457,0.940458015267176,0.957878315132605,0.978625954198473,0.341653666146646,0.288372093023256,0.952234206471495,0.339593114241002,0.962962962962963,0.415241057542768,0.0507131537242472,0.351766513056836,0.35375191424196,0.381188118811881,0.955792682926829,0.0336391437308868,0.949924127465857,0.954765751211632,0.953488372093023,0.203363914373089,0.365203761755486,0.950310559006211,0.358161648177496,0.961227786752827,0.959807073954984,0.346444780635401,0.960691823899371,0.352154531946508,0.9578125,0.335403726708075,0.35968992248062,0.96,0.635220125786163,0.355322338830585,0.957943925233645,0.349761526232114,0.815503875968992,0.365591397849462,0.100931677018634,0.357686453576865,0.821428571428571,0.352290679304897,0.950320512820513,0.361538461538462,0.378625954198473,0.334375,0.951638065522621,0.9568,0.960061443932412,0.98858075040783,0.297253634894992,0.958074534161491,0.354066985645933,0.956937799043062,0.35725677830941,0.359208523592085,0.954128440366973,0.958730158730159,0.959090909090909,0.963949843260188,0.96177370030581,0.352850539291217,0.352484472049689,0.96141975308642,0.961476725521669,0.00478468899521531,0.0396196513470681,0.95583596214511,0.953225806451613,0.34850863422292,0.953416149068323,0.956325301204819,0.334370139968896,0.950738916256158,0.953416149068323,0.640062597809077,0.483920367534456,0.967692307692308,0.0404191616766467,0.957680250783699,0.951181102362205,0.0472560975609756,0.362204724409449,0.958925750394945,0.369496855345912,0.958268933539413,0.992088607594937,0.954968944099379,0.878315132605304,0.957074721780604,0.364951768488746,0.956386292834891,0.96031746031746,0.962962962962963,0.0438066465256798,0.350993377483444,0.962962962962963,0.951293759512938,0.63349131121643,0.952307692307692,0.354134165366615,0.401854714064915,0.366666666666667,0.961119751166407,0.956656346749226,0.954258675078864,0.0427480916030534,0.361022364217252,0.037914691943128,0.961965134706815,0.344667697063369,0.344410876132931,0.394736842105263,0.0405616224648986,0.963722397476341,1,0.953488372093023,0.95679012345679,0.364951768488746,0.346094946401225,0.110248447204969,0.00471698113207547,0.35968992248062,0.354037267080745,0.371951219512195,0.0353130016051364,0.355932203389831,0.959398496240601,0.0458135860979463,0.357251908396947,0.95046439628483,0.952681388012618,0.953488372093023,0.36280487804878,0.361027190332326,0.00322061191626409,0.961300309597523,0.363067292644757,0.345146379044684,0.957680250783699,0.94954128440367,0.358139534883721,0.658615136876006,0.959119496855346,0.955177743431221,0.661367249602544,0.95852534562212,0.346153846153846,0.959183673469388,0.355799373040752,0.480559875583204,0.640672782874618,0.357142857142857,0.962674961119751,0.347626339969372,0.350769230769231,0.640062597809077,0.628614916286149,0.960998439937597,0.368421052631579,0.957996768982229,0.351226993865031,0.958990536277603,0.356918238993711,0.351097178683386,0.396578538102644,0.473684210526316,0.364365971107544,0.353677621283255,0.637209302325581,0.363076923076923,0.0907617504051864,0.964506172839506,0.0398162327718224,0.953917050691244,0.339035769828927,0.954898911353033,0.0374414976599064,0.363779527559055,0.354531001589825,0.952691680261011,0.0118518518518519,0.953488372093023,0.0419254658385093,0.382911392405063,0.959438377535101,0.0153609831029186,0.623824451410658,0.955177743431221,0.954828660436137,0.958204334365325,0.349514563106796,0.0030441400304414,0.950920245398773,0.469483568075117,0.0458135860979463,0.411402157164869,0.362385321100917,0.362385321100917,0.957943925233645,0.973058637083994,0.952456418383518,0.957878315132605,0.958268933539413,0.0179910044977511,0.951070336391437,0.642857142857143,0.0417287630402385,0.365296803652968,0.955108359133127,0.95748031496063,0.961165048543689,0.960902255639098,0.0377952755905512,0.358231707317073,0.96583850931677,0.959438377535101,0.959349593495935,0.957547169811321,0.953343701399689,0.954828660436137,0.440860215053763,0.0271132376395534,0.960254372019078,0.0323574730354391,0.347826086956522,0.386541471048513,0.953488372093023,0.435612082670906,0.363344051446945,0.342635658914729,0.953198127925117,0.0046801872074883,0.350931677018634,0.963020030816641,0.954258675078864,0.4181240063593,0.357798165137615,0.339116719242902,0.356687898089172,0.963020030816641,0.370839936608558,0.357473035439137,0.365079365079365,0.3546875,0.996918335901387,0.346036585365854,0.0369181380417336,0.3546875,0.0372093023255814,0.956112852664577,0.0412698412698413,0.342356687898089,0.364500792393027,0.35377358490566,0.9609375,0.96048632218845,0.958333333333333,0.955038759689922,0.958199356913183,0.955696202531646,0.369668246445498,0.959183673469388,0.354587869362364,0.358766233766234,0.562111801242236,0.639240506329114,0.958204334365325,0.954758190327613,0.0385208012326656,0.356707317073171,0.0705329153605016,0.962178517397882,0.0031496062992126,0.960876369327074,0.963549920760697,0.358372456964006,0.95253164556962,0.954619124797407,0.573926868044515,0.374800637958533,0.947839046199702,0.0363349131121643,0.0470219435736677,0.957943925233645,0.955974842767296,0.958904109589041,0.0402476780185759,0.0387596899224806,0.362519201228879,0.4625,0.355828220858896,0.0430769230769231,0.375389408099688,0.0337620578778135,0.953343701399689,0.9552,0.358346094946401,0.360123647604328,0.186915887850467,0.376788553259142,0.352220520673813,0.362637362637363,0.957210776545166,0.961360123647604,0.363349131121643,0.95059880239521,0.0404354587869362,0.960443037974684,0.163265306122449,0.949286846275753,0.636923076923077,0.957446808510638,0.350467289719626,0.34585289514867,0.0307692307692308,0.631987577639752,0.958588957055215,0.960815047021944,0.744444444444444,0.842857142857143,0.359055118110236,0.343307086614173,0.955725190839695,0.354889589905363,0.202808112324493,0.361290322580645,0.952453987730061,0.0470957613814757,0.957547169811321,0.957278481012658,0.359937402190923,0.634185303514377,0.350710900473934,0.954911433172303,0.962025316455696,0.350850077279753,0.3421875,0.367851622874807,0.817610062893082,0.353130016051364,0.955414012738854,0.00925925925925926,0.953560371517028,0.95928338762215,0.648690292758089,0.595611285266458,0.374183006535948,0.00930232558139535,0.365203761755486,0.959876543209877,0.962616822429907,0.340222575516693,0.366614664586583,0.585139318885449,0.962674961119751,0.346273291925466,0.332307692307692,0.345794392523364,0.937019969278034,0.427001569858713,0.0339506172839506,0.349693251533742,0.364741641337386,0.365079365079365,0.354531001589825,0.362790697674419,0.934250764525994,0.956386292834891,0.347417840375587,0.498387096774194,0.642405063291139,0.177469135802469,0.641571194762684,0.962558502340094,0.36322188449848,0.0432766615146832,0.37007874015748,0.349304482225657,0.32258064516129,0.371428571428571,0.0358255451713396,0.375,0.356451612903226,0.363047001620746,0.357585139318885
"578",1,1,1,1,1,1,0.699680511182109,1,1,0.0984126984126984,1,0.0479134466769706,0.81042654028436,1,0.318181818181818,0.304747320061256,0.0626911314984709,0.678571428571429,1,1,0.291277258566978,0.3198127925117,1,0.161442006269592,1,0.327692307692308,0.321656050955414,1,1,0.786729857819905,0.306625577812018,0.71969696969697,0.961538461538462,0.313084112149533,0,1,0.543343653250774,1,0.304932735426009,1,0.660406885758998,0.679506933744222,0.694864048338369,1,1,0.318979266347687,0.313178294573643,0.310502283105023,0.317972350230415,0.326219512195122,0,1,0.315384615384615,1,1,0.492957746478873,0.561514195583596,1,1,1,0.333333333333333,0.321483771251932,0.315955766192733,0.672985781990521,1,1,0.0377358490566038,1,0.0584707646176912,0.316998468606432,1,0.324534161490683,0.327476038338658,0.966507177033493,0.512461059190031,1,0.30441400304414,0.334365325077399,1,0.315457413249211,0.0920840064620355,0.327044025157233,0.329754601226994,1,0.332819722650231,1,1,1,1,0.687595712098009,1,1,0.0015552099533437,0.105990783410138,1,0.048411497730711,0,1,0.5616,0.675632911392405,1,0.0538827258320127,0.311248073959938,1,0.312111801242236,1,0.686335403726708,1,0.31839258114374,0.316279069767442,0.322137404580153,1,0.331269349845201,1,0.4884437596302,1,0.31201248049922,0.290571870170015,0.318731117824773,0.31733746130031,0.481308411214953,0.998461538461539,0.322678843226788,0.315286624203822,1,0.311178247734139,1,1,0.325115562403698,0.550375939849624,1,0.313291139240506,1,0.0466165413533835,1,0.314759036144578,0.670788253477589,0.324116743471582,0.930708661417323,0.43879173290938,0.107309486780715,0.102167182662539,1,1,0.328149300155521,1,0.324200913242009,1,0.800613496932515,1,0.319554848966614,1,1,1,1,0.328660436137072,1,0.3198127925117,0.251162790697674,1,0.321646341463415,1,0.304347826086957,0.0868878357030016,1,0.315047021943574,1,1,1,0.340943683409437,1,0.324960753532182,1,0.310185185185185,1,0.317829457364341,0.0775193798449612,1,0.640065146579805,1,1,0.32018927444795,1,1,1,1,0.321981424148607,0.309667673716012,1,0.998432601880878,0.317147192716237,0.311708860759494,1,0.444104134762634,0.671130952380952,0,0.321372854914197,0.669753086419753,1,0.324655436447167,1,0.998484848484849,1,0.313971742543171,0.316923076923077,0.321711568938193,1,1,1,0,1,0.313291139240506,0.967642526964561,0.324409448818898,0.318461538461538,0.749235474006116,1,1,1,1,1,0.0481366459627329,0.316037735849057,0.320552147239264,1,0.68348623853211,1,1,0.998447204968944,0.998459167950693,1,1,0.00304878048780488,0.320061255742726,1,0.314375987361769,1,0.302936630602782,1,1,1,1,1,0.31937984496124,1,0.509433962264151,0.326086956521739,0.328220858895706,0.315625,0.325508607198748,0.332278481012658,0.418940609951846,0.333850931677019,0.322085889570552,0.316436251920123,1,0.321981424148607,1,0.682779456193353,0.312111801242236,0.315629742033384,0.333333333333333,1,1,1,0.253477588871716,0.316692667706708,1,0.32018927444795,0.327769347496206,0.305900621118012,0.323619631901841,0.684210526315789,1,0.33026113671275,0.310452418096724,1,0.301916932907348,1,0.318112633181126,0.324031007751938,1,1,1,0.537383177570093,1,0.686728395061728,0.0839580209895052,0.321981424148607,1,1,0.0980091883614089,0.318181818181818,0.331768388106416,1,1,0.306501547987616,0.0276073619631902,0.00158478605388273,1,1,0.340393343419062,0.998454404945904,1,0.313755795981453,1,1,0.315629742033384,1,1,1,1,0.326120556414219,0.308157099697885,0.3248,1,1,0.664652567975831,0.321372854914197,1,0.320182094081942,0.301391035548686,1,1,0.998452012383901,1,1,0.330733229329173,1,1,0.109872611464968,0.332307692307692,0.491472868217054,0.303317535545024,0.6703125,0.318112633181126,1,0.309119010819165,0.329192546583851,0.250759878419453,0.319508448540707,1,0.334351145038168,1,1,1,0.311320754716981,0.329286798179059,0.998477929984779,0.91866028708134,0.0643642072213501,1,0.30781010719755,0.324960753532182,0.310344827586207,1,0.331269349845201,0.469512195121951,0.321156773211568,0.307086614173228,0.319554848966614,0.306976744186047,1,0.324367088607595,1,1,0,1,0.322327044025157,1,1,1,0.332278481012658,1,0.311111111111111,1,0.842266462480858,1,1,1,0.318818040435459,1,1,0.311349693251534,0.316923076923077,1,1,0.319444444444444,0.179723502304147,1,0.998442367601246,1,0,0.315286624203822,1,0.31039755351682,0.241758241758242,1,0.676970633693972,0.429007633587786,1,1,0.680722891566265,0.693498452012384,0.347496206373293,1,0.320433436532508,1,1,0.330188679245283,1,0.998435054773083,0.00615384615384615,0.326120556414219,1,1,0.321316614420063,1,1,0.302066772655008,0.333333333333333,1,1,1,0.527216174183515,0.310975609756098,0.343260188087774,0.320474777448071,0.338983050847458,0.690880989180835,0.326251896813354,0.333855799373041,0.312307692307692,0.235658914728682,0.320695102685624,1,0.321752265861027,0.998447204968944,0.312594840667678,0.088145896656535,0.0522273425499232,1,1,0.040625,1,0.690769230769231,0.0447530864197531,0.0109375,1,0.682098765432099,1,1,0.551342812006319,1,0,0.0776545166402536,1,1,1,0.327131782945736,0.646627565982405,0.685805422647528,0.996960486322188,1,0.981651376146789,0.305084745762712,0.332288401253919,1,0.305863708399366,1,0.370030581039755,0.103395061728395,0.312788906009245,0.321699544764795,0.331683168316832,1,0.0867579908675799,1,1,1,0.258805513016845,0.3234375,1,0.324921135646688,1,1,0.310664605873261,1,0.324324324324324,1,0.306836248012719,0.32807570977918,1,0.671850699844479,0.323397913561848,1,0.307086614173228,0.755038759689923,0.319634703196347,0.16338880484115,0.322188449848024,0.75968992248062,0.3088,1,0.328638497652582,0.332330827067669,0.294027565084227,1,1,1,0.96474358974359,0.334405144694534,1,0.320634920634921,1,0.326298701298701,0.319634703196347,1,1,1,0.914196567862715,1,0.316998468606432,0.319508448540707,1,1,0.0523809523809524,0.08125,1,1,0.311145510835913,1,1,0.309968847352025,1,1,0.680124223602484,0.531818181818182,1,0,1,1,0.102290076335878,0.320373250388802,1,0.325115562403698,0.998454404945904,0.961300309597523,0.998447204968944,0.819295558958652,1,0.3328,1,1,1,0,0.31629392971246,1,1,0.6765625,1,0.318252730109204,0.366261398176292,0.320061255742726,1,1,1,0.0933734939759036,0.324324324324324,0.0935023771790808,0.9984375,0.32,0.307926829268293,0.348297213622291,0,1,0.953488372093023,1,1,0.327131782945736,0.299248120300752,0.160883280757098,0.0421216848673947,0.315870570107858,0.309707241910632,0.326747720364742,0.0015748031496063,0.316770186335404,1,0,0.3125,1,1,1,0.322033898305085,0.32781954887218,0.0386473429951691,1,0.312893081761006,0.316358024691358,1,1,0.318952234206472,0.692682926829268,1,1,0.687106918238994,1,0.311377245508982,1,0.318818040435459,0.533742331288344,0.670713201820941,0.410606060606061,1,0.299392097264438,0.315950920245399,0.676923076923077,0.665648854961832,1,0.328149300155521,1,0.328313253012048,1,0.319314641744548,0.309748427672956,0.353582554517134,0.517611026033691,0.314814814814815,0.309597523219814,0.6640625,0.31055900621118,0.154589371980676,1,0,1,0.29922480620155,1,0,0.328616352201258,0.317384370015949,1,0.0582959641255605,1,0.090625,0.333333333333333,1,0.0637636080870918,0.6703125,1,1,1,0.307692307692308,0.0425531914893617,1,0.430124223602484,0.0965189873417722,0.352409638554217,0.319571865443425,0.324159021406728,1,1,1,1,1,0.065052950075643,0.995398773006135,0.683890577507599,0.00299850074962519,0.316998468606432,1,1,1,1,0.0850077279752705,0.310240963855422,1,1,1,1,1,1,0.486196319018405,0.00158478605388273,1,0.0850077279752705,0.3140625,0.429447852760736,1,0.398412698412698,0.30622009569378,0.31875,1,0.0445468509984639,0.328682170542636,1,1,0.370253164556962,0.311077389984825,0.31619937694704,0.316957210776545,0.998482549317147,0.321875,0.318952234206472,0.416923076923077,0.315457413249211,0.969465648854962,0.308845577211394,0.0873015873015873,0.328703703703704,0,1,0.0910518053375196,0.308426073131955,0.321875,0.317829457364341,1,1,1,1,1,1,0.332283464566929,1,0.315301391035549,0.315702479338843,0.602446483180428,0.677115987460815,1,1,0,0.318731117824773,0.121684867394696,0.998491704374057,0.0407523510971787,1,1,0.31496062992126,1,1,0.617924528301887,0.416932907348243,0.995555555555556,0.0842607313195548,0.101105845181675,1,1,1,0.0948678071539658,0,0.31306990881459,0.41588785046729,0.314503816793893,0,0.331230283911672,0.0916271721958926,1,1,0.323216995447648,0.323574730354391,0.236760124610592,0.332293291731669,0.31306990881459,0.319508448540707,1,1,0.335403726708075,1,0,1,0.217054263565891,1,0.670731707317073,1,0.315707620528771,0.310509554140127,0.0758513931888545,0.67427701674277,1,1,0.777604976671851,0.902555910543131,0.3198127925117,0.315457413249211,1,0.312693498452012,0.25077399380805,0.323943661971831,1,0.103500761035008,1,1,0.320872274143302,0.67879746835443,0.310452418096724,1,1,0.312883435582822,0.309451219512195,0.330815709969789,0.857594936708861,0.316279069767442,1,0.0575757575757576,1,1,0.696319018404908,0.655712050078247,0.331723027375201,0.0538461538461538,0.326018808777429,1,1,0.307692307692308,0.328173374613003,0.616207951070336,1,0.305471124620061,0.387096774193548,0.307692307692308,0.983076923076923,0.468454258675079,0.00303030303030303,0.304147465437788,0.321266968325792,0.329721362229102,0.315873015873016,0.318529862174579,0.972477064220184,1,0.316358024691358,0.546031746031746,0.686119873817035,0.229102167182663,0.694533762057878,1,0.327044025157233,0,0.328616352201258,0.314152410575428,0.373660030627871,0.318681318681319,0,0.336434108527132,0.313971742543171,0.328682170542636,0.316846986089645
"579",1,1,1,1,1,1,0.708860759493671,1,1,0.102523659305994,1,0.0458015267175573,0.803125,1,0.314728682170543,0.30781010719755,0.0615615615615616,0.689710610932476,1,1,0.290123456790123,0.314873417721519,1,0.168730650154799,1,0.322678843226788,0.316692667706708,1,1,0.783076923076923,0.309707241910632,0.717357910906298,0.966205837173579,0.312788906009245,0,1,0.546850998463902,1,0.299093655589124,1,0.664576802507837,0.68266253869969,0.694992412746586,1,1,0.317384370015949,0.306376360808709,0.306525037936267,0.32089552238806,0.325190839694657,0,1,0.307926829268293,1,1,0.491392801251956,0.556414219474498,1,1,1,0.325264750378215,0.321372854914197,0.314728682170543,0.679626749611198,1,1,0.0372093023255814,1,0.0596125186289121,0.310240963855422,1,0.318461538461538,0.32348367029549,0.96984126984127,0.51219512195122,1,0.307926829268293,0.335843373493976,1,0.317111459968603,0.0894568690095847,0.321928460342146,0.324074074074074,1,0.330815709969789,1,1,1,1,0.687595712098009,1,1,0.00153846153846154,0.10752688172043,1,0.0479041916167665,0,1,0.569131832797428,0.67906976744186,1,0.0559875583203732,0.310769230769231,1,0.311526479750779,1,0.692546583850932,1,0.315301391035549,0.323664122137405,0.313725490196078,1,0.328220858895706,1,0.490045941807044,1,0.309486780715397,0.314329738058552,0.322239031770045,0.315384615384615,0.489130434782609,0.998463901689708,0.31866464339909,0.311526479750779,1,0.302290076335878,1,1,0.341158059467919,0.548872180451128,1,0.315707620528771,1,0.0434131736526946,1,0.315629742033384,0.679938744257274,0.320061255742726,0.931464174454829,0.438985736925515,0.100308641975309,0.0978260869565217,1,1,0.326594090202177,1,0.314674735249622,1,0.796636085626911,1,0.327476038338658,1,1,1,1,0.327102803738318,1,0.32182103610675,0.263399693721286,1,0.310502283105023,1,0.309451219512195,0.0857580398162328,1,0.306729264475743,1,1,1,0.336377473363775,1,0.327102803738318,1,0.305900621118012,1,0.314728682170543,0.0782472613458529,1,0.63015873015873,1,1,0.315541601255887,1,1,1,1,0.320987654320988,0.308510638297872,1,0.998459167950693,0.312594840667678,0.306603773584906,1,0.448540706605223,0.672082717872969,0,0.314329738058552,0.672811059907834,1,0.321212121212121,1,0.998477929984779,1,0.308396946564885,0.324283559577677,0.321711568938193,1,1,1,0,1,0.312302839116719,0.972350230414747,0.321259842519685,0.308892355694228,0.744615384615385,1,1,1,1,1,0.0451713395638629,0.311627906976744,0.3267776096823,1,0.68030303030303,1,1,0.998454404945904,0.998468606431853,1,1,0.00463678516228748,0.325301204819277,1,0.303265940902022,1,0.298621745788668,1,1,1,1,1,0.319018404907975,1,0.507836990595611,0.325581395348837,0.327794561933535,0.309707241910632,0.318681318681319,0.328616352201258,0.418897637795276,0.335403726708075,0.313178294573643,0.313178294573643,1,0.31832298136646,1,0.690548780487805,0.312111801242236,0.319277108433735,0.3296875,1,1,1,0.265527950310559,0.308527131782946,1,0.318252730109204,0.325892857142857,0.309486780715397,0.323619631901841,0.678018575851393,1,0.320359281437126,0.313572542901716,1,0.300157977883096,1,0.314503816793893,0.314553990610329,1,1,1,0.542242703533026,1,0.686153846153846,0.0863095238095238,0.322480620155039,1,1,0.0941358024691358,0.320121951219512,0.328050713153724,1,1,0.298003072196621,0.0247295208655332,0.00317965023847377,1,1,0.333836858006042,1,1,0.314329738058552,1,1,0.313271604938272,1,1,1,1,0.329704510108865,0.309667673716012,0.330683624801272,1,1,0.678899082568807,0.321372854914197,1,0.317220543806647,0.294209702660407,1,1,0.998496240601504,1,1,0.32807570977918,1,1,0.107424960505529,0.329770992366412,0.499236641221374,0.310509554140127,0.677067082683307,0.311450381679389,1,0.310077519379845,0.326498422712934,0.269865067466267,0.319938176197836,1,0.326865671641791,1,1,1,0.312788906009245,0.321100917431193,0.998463901689708,0.926517571884984,0.0636645962732919,1,0.316436251920123,0.316118935837246,0.318181818181818,1,0.326219512195122,0.480122324159021,0.321483771251932,0.304482225656878,0.308917197452229,0.308892355694228,1,0.317757009345794,1,1,0,1,0.325115562403698,1,1,1,0.328593996840442,1,0.305863708399366,1,0.829230769230769,1,1,1,0.3125,1,1,0.308641975308642,0.312307692307692,1,1,0.317972350230415,0.197836166924266,1,0.998454404945904,1,0,0.317111459968603,1,0.306853582554517,0.256692913385827,1,0.68348623853211,0.423780487804878,1,1,0.679525222551929,0.704791344667697,0.338461538461538,1,0.315789473684211,1,1,0.329652996845426,1,0.998442367601246,0.00772797527047913,0.319938176197836,1,1,0.321875,1,1,0.307931570762053,0.35375191424196,1,1,1,0.528505392912173,0.308868501529052,0.34748427672956,0.320359281437126,0.329286798179059,0.690880989180835,0.318731117824773,0.325581395348837,0.311450381679389,0.248847926267281,0.3234375,1,0.324773413897281,0.998442367601246,0.311827956989247,0.0854572713643178,0.050381679389313,1,1,0.04,1,0.682926829268293,0.0417310664605873,0.0110410094637224,1,0.683641975308642,1,1,0.547880690737834,1,0,0.0725552050473186,1,1,1,0.32018927444795,0.648648648648649,0.689490445859873,0.993948562783661,1,0.981481481481482,0.300155520995334,0.342105263157895,1,0.305164319248826,1,0.359375,0.10625,0.306625577812018,0.319213313161876,0.33605220228385,1,0.0826952526799387,1,1,1,0.265957446808511,0.322327044025157,1,0.320872274143302,1,1,0.311178247734139,1,0.321804511278195,1,0.305164319248826,0.326053042121685,1,0.680061823802164,0.313988095238095,1,0.30625,0.758832565284178,0.311844077961019,0.168469860896445,0.316341829085457,0.765527950310559,0.305732484076433,1,0.326120556414219,0.33587786259542,0.285932721712538,1,1,1,0.968203497615262,0.3488,1,0.324409448818898,1,0.318770226537217,0.313988095238095,1,1,1,0.918960244648318,1,0.310606060606061,0.319508448540707,1,1,0.0517241379310345,0.0782472613458529,1,1,0.306729264475743,1,1,0.311248073959938,1,1,0.679447852760736,0.532110091743119,1,0,1,1,0.101226993865031,0.323619631901841,1,0.31839258114374,0.998461538461539,0.962558502340094,0.998470948012232,0.817771084337349,1,0.3232,1,1,1,0,0.311501597444089,1,1,0.675425038639876,1,0.316279069767442,0.35548686244204,0.321428571428571,1,1,1,0.0882800608828006,0.3140625,0.0929133858267717,0.998442367601246,0.304878048780488,0.30441400304414,0.354009077155825,0,1,0.95679012345679,1,1,0.317757009345794,0.300448430493274,0.176470588235294,0.0421216848673947,0.31055900621118,0.308892355694228,0.328173374613003,0.00157232704402516,0.312977099236641,1,0,0.31651376146789,1,1,1,0.318112633181126,0.3202416918429,0.03486529318542,1,0.314329738058552,0.306748466257669,1,1,0.31733746130031,0.695374800637959,1,1,0.691222570532915,1,0.309559939301973,1,0.310769230769231,0.52824427480916,0.674735249621785,0.406344410876133,1,0.29742033383915,0.311827956989247,0.684049079754601,0.670196671709531,1,0.32262996941896,1,0.321212121212121,1,0.312989045383412,0.307931570762053,0.344186046511628,0.535493827160494,0.312202852614897,0.305511811023622,0.664050235478807,0.314900153609831,0.152979066022544,1,0,1,0.289099526066351,1,0,0.316923076923077,0.3203125,1,0.056547619047619,1,0.08,0.329635499207607,1,0.0669781931464174,0.677469135802469,1,1,1,0.304278922345483,0.0384024577572965,1,0.423493044822257,0.0927672955974843,0.351598173515982,0.31839258114374,0.321375186846039,1,1,1,1,1,0.0641791044776119,0.995405819295559,0.690184049079755,0.00442477876106195,0.323529411764706,1,1,1,1,0.0833333333333333,0.316666666666667,1,1,1,1,1,1,0.494011976047904,0.00158478605388273,1,0.0843373493975904,0.318952234206472,0.444444444444444,1,0.389671361502347,0.315047021943574,0.306278713629403,1,0.0395738203957382,0.31859756097561,1,1,0.346875,0.308396946564885,0.315217391304348,0.319047619047619,0.998480243161094,0.31378763866878,0.30781010719755,0.415625,0.311627906976744,0.972972972972973,0.311011904761905,0.0868878357030016,0.321483771251932,0,1,0.0885093167701863,0.301109350237718,0.31733746130031,0.313479623824451,1,1,1,1,1,1,0.331746031746032,1,0.308892355694228,0.313953488372093,0.618098159509202,0.681889763779528,1,1,0,0.315233785822021,0.126153846153846,0.998529411764706,0.0391236306729265,1,1,0.313271604938272,1,1,0.63301282051282,0.41335453100159,0.99554234769688,0.0810810810810811,0.0961240310077519,1,1,1,0.0937019969278034,0,0.315151515151515,0.420062695924765,0.314285714285714,0,0.325984251968504,0.0868878357030016,1,1,0.316030534351145,0.315870570107858,0.254992319508449,0.335423197492163,0.308510638297872,0.31866464339909,1,1,0.323854660347551,1,0,1,0.237048665620094,1,0.671802773497689,1,0.316590563165906,0.300476947535771,0.0751533742331288,0.679389312977099,1,1,0.786936236391913,0.89776357827476,0.323899371069182,0.31875,1,0.310664605873261,0.269767441860465,0.315955766192733,1,0.101226993865031,1,1,0.317073170731707,0.675039246467818,0.311526479750779,1,1,0.306748466257669,0.303599374021909,0.31892697466468,0.85179407176287,0.311424100156495,1,0.0566615620214395,1,1,0.698924731182796,0.651632970451011,0.325396825396825,0.0573643410852713,0.323943661971831,1,1,0.301092043681747,0.329704510108865,0.62557781201849,1,0.308510638297872,0.368181818181818,0.308396946564885,0.987987987987988,0.493023255813954,0.00455927051671732,0.307332293291732,0.323353293413174,0.328050713153724,0.320813771517997,0.31784107946027,0.969788519637462,1,0.313846153846154,0.546031746031746,0.689708141321045,0.241112828438949,0.68503937007874,1,0.325652841781874,0.00313971742543171,0.326625386996904,0.314024390243902,0.361408882082695,0.316037735849057,0,0.327131782945736,0.31974921630094,0.322327044025157,0.306153846153846
"580",0.3042071197411,0.314696485623003,0.324281150159744,0.334410339256866,0.318541996830428,0.311897106109325,0.0114942528735632,0.33015873015873,0.318681318681319,0.558677685950413,0.327073552425665,0.630331753554502,0.522508038585209,0.321144674085851,1,1,0.609448818897638,0,0.335483870967742,0.318681318681319,1,1,0.327073552425665,0.505546751188589,0.317411402157165,1,1,0.344155844155844,0.313572542901716,0.536585365853659,1,0.603448275862069,0.373626373626374,0.996830427892235,0.661835748792271,0.317647058823529,0.13237639553429,0.327586206896552,1,0.309968847352025,0.00313971742543171,0,0,0.335974643423138,0.315619967793881,1,0.993506493506494,1,1,1,0.690363349131122,0.327332242225859,1,0.326053042121685,0.325984251968504,0.82051282051282,0.119354838709677,0.319685039370079,0.324921135646688,0.327922077922078,0.995275590551181,1,1,0.00643086816720257,0.316393442622951,0.324921135646688,0.648867313915858,0.329073482428115,0.608562691131499,1,0.317411402157165,1,1,0.280645161290323,0.146687697160883,0.324159021406728,1,0.993827160493827,0.322480620155039,1,0.598673300165838,1,1,0.335913312693498,1,0.325545171339564,0.317683881064163,0.334920634920635,0.321027287319422,0,0.325242718446602,0.330733229329173,0.681818181818182,0.579277864992151,0.320907617504052,0.632621951219512,0.677471636952998,0.310185185185185,0.110927152317881,0,0.315541601255887,0.611023622047244,1,0.320846905537459,1,0.31496062992126,0,0.32753164556962,1,1,1,0.311111111111111,0.995245641838352,0.334394904458599,0.202511773940345,0.310077519379845,1,0.365354330708661,1,1,0.197115384615385,0.317460317460317,1,1,0.331782945736434,1,0.324812030075188,0.317829457364341,0.354430379746835,0.755038759689923,0.323051948051948,1,0.3376,0.629800307219662,0.338211382113821,1,0.00158730158730159,1,0.373608903020668,0.891089108910891,0.572337042925278,0.584394904458599,0.318611987381703,0.32463295269168,1,0.31687898089172,1,0.305863708399366,0.517295597484277,0.328660436137072,1,0.313694267515924,0.32258064516129,0.326860841423948,0.328616352201258,1,0.310618066561014,1,0.4171875,0.333333333333333,1,0.328682170542636,1,0.588516746411483,0.327361563517915,1,0.322274881516588,0.315789473684211,0.339144215530903,0.989079563182527,0.335423197492163,1,0.337115072933549,1,0.316393442622951,1,0.587677725118483,0.307936507936508,0.0276872964169381,0.300813008130081,0.321259842519685,1,0.311501597444089,0.333860759493671,0.326530612244898,0.336463223787167,1,1,0.325806451612903,0.332273449920509,1,1,0.328660436137072,0.229329173166927,0.0198473282442748,0.685714285714286,1,0.00316455696202532,0.3168,1,0.326298701298701,0.320552147239264,0.323248407643312,0.996830427892235,1,1,0.327718223583461,0.321895424836601,0.315870570107858,0.677830940988836,0.31496062992126,1,0.341732283464567,1,1,0.433333333333333,0.327447833065811,0.319182389937107,0.324492979719189,0.304761904761905,0.32300163132137,0.636942675159236,1,1,0.317610062893082,0.00470957613814757,0.328173374613003,0.3234375,0.325396825396825,0.312302839116719,0.299840510366826,0.322884012539185,0.689922480620155,0.350850077279753,0.310077519379845,1,0.328478964401294,1,0.310126582278481,0.310289389067524,0.319354838709677,0.34094616639478,0.314845024469821,1,0.326498422712934,0.808752025931929,1,1,0.996820349761526,1,1,0.894909688013136,1,1,1,0.315789473684211,1,0.32516339869281,0,1,0.371875,1,0.325842696629214,0.330658105939005,0.313195548489666,0.402225755166932,1,0.324409448818898,1,1,1,1,0,0.320126782884311,1,1,0.325358851674641,1,0.328660436137072,1,1,0.315112540192926,0.32695374800638,0.305111821086262,0.146496815286624,0.331715210355987,0,0.583460949464012,1,0.326530612244898,0.329052969502408,0.574568288854003,1,1,0.336025848142165,0.343949044585987,1,0.656786271450858,0.688709677419355,0.308426073131955,0.323481116584565,0.993827160493827,0.329652996845426,0.306976744186047,1,0.323296354992076,0.316037735849057,1,0.3125,0.3216,0.312893081761006,0.320695102685624,1,1,1,0.312599681020734,0.333333333333333,0.0046801872074883,0.990430622009569,0.3322528363047,1,1,0.318885448916409,0.321981424148607,0.306976744186047,0.315372424722662,0.320126782884311,1,0.307941653160454,0.321144674085851,0.562091503267974,1,0.838095238095238,1,0,1,0.321044546850998,1,1,0.397496087636933,0.998442367601246,0.32520325203252,1,0.313099041533546,0.303656597774245,0.317757009345794,1,1,0.324451410658307,0.403940886699507,0.606349206349206,0.307570977917981,1,1,1,0.328990228013029,1,0.195548489666137,1,1,1,1,0.328682170542636,1,0.320661157024793,0.338095238095238,0.668261562998405,0.303858520900322,1,0.33175355450237,0.32093023255814,0.32520325203252,1,0.307931570762053,1,0.326625386996904,0.489827856025039,0.332807570977918,0.336025848142165,0.318681318681319,1,0.328025477707006,0.312903225806452,1,1,0.319182389937107,0.309636650868878,1,0.462382445141066,0.314662273476112,0.328050713153724,0.328638497652582,0.675039246467818,1,0.303571428571429,1,0.407051282051282,0.322683706070288,0,0.882629107981221,0.322734499205087,0.329052969502408,0,0.0375586854460094,0.982677165354331,0.318037974683544,1,0.316211878009631,0.325732899022801,1,0.320754716981132,0.327974276527331,0.664,1,0.324281150159744,0.319422150882825,1,0.322327044025157,0.312297734627832,1,0.325471698113208,0.316129032258064,0.325396825396825,0.341463414634146,0.811912225705329,1,0.97752808988764,1,1,0.00158982511923688,1,0.995260663507109,1,0.419047619047619,0.996768982229402,0.314152410575428,0.993827160493827,0.332263242375602,0.9952,0.599690880989181,0.623255813953488,0.322932917316693,0.319875776397516,0.629337539432177,0.317434210526316,0,0.624213836477987,0.685303514376997,0.31924882629108,0.00158730158730159,0.320574162679426,0.309968847352025,0.766505636070853,0.323854660347551,0.677165354330709,0.590460526315789,0.317817014446228,0.318252730109204,0.302839116719243,1,0.0268256333830104,0,0.322378716744914,0.325949367088608,0.340625,1,0.336538461538462,0.312302839116719,1,0.307692307692308,0.942215088282504,0.567479674796748,1,1,0.993162393162393,0.31839258114374,0.600931677018634,0.329211746522411,0.316831683168317,0.320126782884311,0.402190923317684,1,0.312101910828025,1,0.3184,0.319672131147541,1,0.324149108589951,1,0.331723027375201,1,1,0.327476038338658,0,1,0.319875776397516,1,0.568938193343899,1,0.507020280811232,1,0.563694267515924,1,0.317384370015949,1,1,1,0.314873417721519,0.325769854132901,0.320433436532508,0.354368932038835,0.326732673267327,0.314641744548287,1,0.321144674085851,1,1,0.337984496124031,0.324237560192616,0.313755795981453,0.389671361502347,0.328660436137072,1,1,0.329073482428115,0.331210191082803,0.620578778135048,0.584664536741214,0.320695102685624,0.322683706070288,1,0.318471337579618,0.320373250388802,0.9953125,0.305418719211823,0.316455696202532,0,0.134883720930233,0.324237560192616,0.675799086757991,0.311501597444089,0.323943661971831,0.596573208722741,0.998392282958199,0.318840579710145,1,0.318910256410256,0.346092503987241,0.315955766192733,0.48489666136725,0.321144674085851,1,0.331746031746032,0.325434439178515,0.337115072933549,0.6875,1,0.332784184514003,0.322378716744914,0,0.33125,0.998417721518987,0.956730769230769,1,0.322274881516588,0.322884012539185,0.322222222222222,0.582159624413146,1,0.593548387096774,0.342902711323764,1,1,0.966981132075472,0.676703645007924,0.326984126984127,0.364951768488746,0.327131782945736,0.317757009345794,1,1,0.497568881685575,0.633173843700159,1,1,0.998425196850394,0.684466019417476,1,0.324960753532182,0.676190476190476,1,0.337007874015748,0.312903225806452,0.324237560192616,0.996879875195008,1,0.638888888888889,0.328593996840442,1,1,0.329133858267717,0.318541996830428,0.998410174880763,0,0.310679611650485,0.313099041533546,0.0063391442155309,0.317034700315457,1,0.310569105691057,1,0.141538461538462,0,0.907407407407407,0.334920634920635,1,1,0,0.0015600624024961,0.325,1,0.323671497584541,0.996927803379416,0.314009661835749,1,0.998389694041868,0.965463108320251,0.773228346456693,1,1,0.00483870967741936,1,0.511475409836066,0.3344,0.663565891472868,0.322932917316693,1,0.311811023622047,0.667721518987342,1,1,0.325281803542673,0.610328638497653,0.333333333333333,0.5904,0.975845410628019,0.333333333333333,0.594294770206022,0.0142857142857143,0.311111111111111,0.328616352201258,0.328593996840442,1,0.629107981220657,0.311708860759494,0.892628205128205,0.5824,0.973684210526316,1,1,0.319182389937107,0.345541401273885,0.308917197452229,0.317034700315457,0.316957210776545,0.613846153846154,0.312210200927357,0,0.663076923076923,0.998417721518987,0.334375,0.31687898089172,0.319805194805195,0.322932917316693,0.598715890850722,1,0.334905660377358,0.33868378812199,0.326860841423948,0.325281803542673,0.313971742543171,0.316211878009631,0.192429022082019,0.677165354330709,0.322169059011164,0.589984350547731,1,0.224165341812401,0.323248407643312,0.9185303514377,1,1,0.323671497584541,0.623809523809524,1,0.321766561514196,0.306836248012719,0.964458804523425,1,1,0.996747967479675,0.325038880248834,1,1,0.901116427432217,1,0.349230769230769,1,0.586709886547812,1,0.667185069984448,0.311501597444089,0.601286173633441,1,1,0.990521327014218,0.329173166926677,0.32807570977918,0.32520325203252,0.322784810126582,0.327447833065811,0.328548644338118,0.982229402261712,0.318037974683544,1,1,0.7168,0,0.325581395348837,0.321259842519685,0.676056338028169,1,0.558359621451104,0.337941628264209,0.647151898734177,0.322632423756019,0.317152103559871,1,0.316455696202532,0.323920265780731,0.690938511326861,0.909090909090909,0.330289193302892,0.598039215686274,0.570739549839228,0.328125,0.329011345218801,0.305863708399366,0.590322580645161,0.681962025316456,1,0.895833333333333,1,0.662538699690402,0.996747967479675,0.577487765089723,0.316455696202532,0.332263242375602,1,1,0.417981072555205,0.991961414790997,0.996845425867508,1,0.310897435897436,0.329635499207607,1,0.32370820668693,0.679245283018868,0.333333333333333,0.4464,0.3104,0,0.316692667706708,1,1,0.593059936908517,0.00157728706624606,0.333333333333333,0.333333333333333,0.107667210440457,0.413223140495868,1,1,0.316614420062696,1,0.397129186602871,1,0.333333333333333,0.580441640378549,0.3328,0.318840579710145,1,0,1,0.309328968903437,0.324237560192616,1,1,1,0.435064935064935,1,0.323296354992076,0.608087091757387,0.333333333333333,0.3322528363047,0.00157728706624606,0.0373250388802488,1,0.618296529968454,1,0.330645161290323,0.3278955954323,1,1,0.16403785488959,0.312893081761006,1,0.905132192846034,1,0.328125,0.193910256410256,0.668231611893584,1,1,1,1,1,0.292117465224111,0.302694136291601,1,0.107142857142857,0.0016,0.43213728549142,0,0.333333333333333,1,0.6784,1,1,0.891338582677165,1,0.670278637770898,1,1,1,1
"581",0.296124031007752,0.29601226993865,0.305471124620061,0.316535433070866,0.295731707317073,0.294027565084227,0.0126984126984127,0.30521472392638,0.296969696969697,0.572769953051643,0.294207317073171,0.654377880184332,0.513931888544892,0.301684532924962,1,1,0.633633633633634,0,0.3109375,0.295107033639144,1,1,0.308734939759036,0.523449319213313,0.292792792792793,1,1,0.32120253164557,0.291666666666667,0.52418096723869,1,0.586259541984733,0.349013657056146,0.996960486322188,0.686028257456829,0.300319488817891,0.141984732824427,0.307228915662651,1,0.28657616892911,0.00308166409861325,0,0,0.308166409861325,0.306625577812018,1,0.993874425727412,1,1,1,0.709923664122137,0.313084112149533,1,0.310975609756098,0.295281582952816,0.823439878234399,0.123076923076923,0.297839506172839,0.301659125188537,0.311349693251534,0.993939393939394,1,1,0.00617283950617284,0.296998420221169,0.305847076461769,0.666153846153846,0.309486780715397,0.615952732644018,1,0.29742033383915,1,1,0.259375,0.161631419939577,0.302670623145401,1,0.993920972644377,0.308734939759036,1,0.602825745682888,1,1,0.306525037936267,1,0.310344827586207,0.301391035548686,0.31055900621118,0.304281345565749,0,0.305295950155763,0.307922272047833,0.706240487062405,0.589939024390244,0.296124031007752,0.653673163418291,0.696456086286595,0.296686746987952,0.120879120879121,0,0.29483282674772,0.629230769230769,1,0.300632911392405,1,0.302936630602782,0,0.308282208588957,1,1,1,0.288343558282209,0.995419847328244,0.310185185185185,0.201192250372578,0.28955223880597,1,0.38821752265861,1,1,0.203619909502262,0.298003072196621,1,1,0.314759036144578,1,0.30307467057101,0.295522388059701,0.373111782477341,0.752623688155922,0.30188679245283,1,0.314728682170543,0.6513353115727,0.318110236220472,1,0.00151975683890578,1,0.364885496183206,0.878787878787879,0.586153846153846,0.60490045941807,0.298325722983257,0.303656597774245,1,0.302255639097744,1,0.287925696594427,0.498484848484848,0.308734939759036,1,0.290769230769231,0.3,0.305084745762712,0.299531981279251,1,0.295107033639144,1,0.433534743202417,0.310975609756098,1,0.308035714285714,1,0.599690880989181,0.314553990610329,1,0.304545454545455,0.295281582952816,0.318885448916409,0.986404833836858,0.308282208588957,1,0.310291858678955,1,0.3,1,0.595054095826893,0.287037037037037,0.0345911949685535,0.28129829984544,0.297256097560976,1,0.293759512937595,0.304147465437788,0.31039755351682,0.318042813455657,1,1,0.306122448979592,0.309090909090909,1,1,0.308510638297872,0.237313432835821,0.0220588235294118,0.703703703703704,1,0.00306278713629403,0.307346326836582,1,0.308411214953271,0.299107142857143,0.30381679389313,0.996918335901387,1,1,0.313056379821958,0.296998420221169,0.303303303303303,0.696261682242991,0.29320987654321,1,0.320552147239264,1,1,0.441538461538462,0.307210031347962,0.29803328290469,0.310502283105023,0.287461773700306,0.301075268817204,0.658423493044822,1,1,0.295902883156297,0.00454545454545455,0.316816816816817,0.29745889387145,0.308166409861325,0.292609351432881,0.284389489953632,0.308035714285714,0.70516717325228,0.366366366366366,0.288519637462236,1,0.307453416149068,1,0.294027565084227,0.294656488549618,0.290769230769231,0.316118935837246,0.29635499207607,1,0.305722891566265,0.8,1,1,0.996865203761755,1,1,0.889751552795031,1,1,1,0.300898203592814,1,0.311424100156495,0,1,0.386466165413534,1,0.295208655332303,0.311145510835913,0.303076923076923,0.427921092564492,1,0.304084720121029,1,1,1,1,0,0.297045101088647,1,1,0.306278713629403,1,0.30421686746988,1,1,0.300763358778626,0.308661417322835,0.284178187403994,0.153609831029186,0.316770186335404,0,0.602985074626866,1,0.310502283105023,0.301092043681747,0.587962962962963,1,1,0.309119010819165,0.310452418096724,1,0.662632375189107,0.717628705148206,0.295489891135303,0.299363057324841,0.992603550295858,0.316923076923077,0.287187039764359,1,0.297090352220521,0.289393939393939,1,0.288135593220339,0.293051359516616,0.294930875576037,0.30640243902439,1,1,1,0.292682926829268,0.309597523219814,0.00609756097560976,0.990825688073395,0.3125,1,1,0.293674698795181,0.311844077961019,0.284615384615385,0.302147239263804,0.299847792998478,1,0.288611544461778,0.298165137614679,0.580696202531646,1,0.826747720364742,1,0,1,0.30576070901034,1,1,0.417417417417417,0.998498498498498,0.308892355694228,1,0.294027565084227,0.29249617151608,0.302710843373494,1,1,0.30521472392638,0.388625592417062,0.619195046439629,0.288643533123028,1,1,1,0.302362204724409,1,0.21505376344086,1,1,1,1,0.306184012066365,1,0.306603773584906,0.316358024691358,0.687022900763359,0.296583850931677,1,0.309451219512195,0.304733727810651,0.291798107255521,1,0.289355322338831,1,0.305970149253731,0.477862595419847,0.311349693251534,0.310452418096724,0.29249617151608,1,0.303599374021909,0.286604361370716,1,1,0.301075268817204,0.296803652968037,1,0.478978978978979,0.295133437990581,0.314024390243902,0.315629742033384,0.697388632872504,1,0.28125,1,0.427469135802469,0.291217257318952,0,0.877086494688923,0.29874213836478,0.302752293577982,0,0.0279937791601866,0.98,0.308282208588957,1,0.294656488549618,0.300940438871473,1,0.30441400304414,0.296466973886329,0.682299546142209,1,0.302611367127496,0.305084745762712,1,0.290273556231003,0.293023255813953,1,0.347368421052632,0.299689440993789,0.305135951661631,0.321981424148607,0.797564687975647,1,0.978755690440061,1,1,0.00155763239875389,1,0.993920972644377,1,0.425925925925926,0.996884735202492,0.3003003003003,0.993984962406015,0.315132605304212,0.995468277945619,0.613193403298351,0.646084337349398,0.310240963855422,0.297297297297297,0.655913978494624,0.30379746835443,0,0.642313546423135,0.690184049079755,0.310136157337368,0.00153846153846154,0.290625,0.291350531107739,0.756548536209553,0.30804248861912,0.702743902439024,0.601255886970173,0.298761609907121,0.305389221556886,0.286594761171032,1,0.0304789550072569,0,0.305471124620061,0.311349693251534,0.316187594553706,1,0.342592592592593,0.3,1,0.296352583586626,0.938080495356037,0.578947368421053,1,1,0.993517017828201,0.303030303030303,0.611111111111111,0.306332842415317,0.300157977883096,0.299079754601227,0.422155688622754,1,0.288188976377953,1,0.304140127388535,0.312893081761006,1,0.3078125,1,0.310077519379845,1,1,0.301369863013699,0,1,0.310606060606061,1,0.565349544072948,1,0.514328808446455,1,0.555725190839695,1,0.303599374021909,1,1,1,0.294207317073171,0.308049535603715,0.307237813884786,0.32807570977918,0.340836012861736,0.293759512937595,1,0.305936073059361,1,1,0.313664596273292,0.300623052959502,0.305263157894737,0.384732824427481,0.306646525679758,1,1,0.31866464339909,0.305295950155763,0.647335423197492,0.599378881987578,0.299694189602446,0.301857585139319,1,0.296969696969697,0.307004470938897,0.993846153846154,0.291798107255521,0.295558958652374,0,0.147590361445783,0.304281345565749,0.696612665684831,0.295665634674923,0.304675716440422,0.603030303030303,0.996955859969559,0.297971918876755,1,0.301659125188537,0.326594090202177,0.303076923076923,0.475609756097561,0.299539170506912,1,0.306153846153846,0.306477093206951,0.316118935837246,0.702865761689291,1,0.305511811023622,0.298192771084337,0,0.306060606060606,0.998484848484849,0.952815829528158,1,0.300455235204856,0.299847792998478,0.299539170506912,0.586989409984871,1,0.600638977635783,0.31733746130031,1,1,0.963302752293578,0.700460829493088,0.317411402157165,0.346094946401225,0.299248120300752,0.300448430493274,1,1,0.507692307692308,0.649769585253456,1,1,0.998489425981873,0.700617283950617,1,0.305722891566265,0.696923076923077,1,0.306646525679758,0.3015625,0.299539170506912,0.996974281391831,1,0.659744408945687,0.308166409861325,1,1,0.305597579425113,0.302255639097744,0.998477929984779,0,0.304552590266876,0.29595015576324,0.00762195121951219,0.296851574212894,1,0.301710730948678,1,0.148648648648649,0,0.897626112759644,0.309815950920245,1,1,0,0.0015220700152207,0.30781010719755,1,0.305379746835443,0.997045790251108,0.298273155416013,1,0.998449612403101,0.960725075528701,0.759878419452888,1,1,0.00606060606060606,1,0.518987341772152,0.309968847352025,0.692653673163418,0.311844077961019,1,0.295454545454545,0.697247706422018,1,1,0.301412872841444,0.628865979381443,0.316816816816817,0.59480122324159,0.97196261682243,0.314814814814815,0.615740740740741,0.0137404580152672,0.293759512937595,0.294561933534743,0.303303303303303,1,0.64750378214826,0.295454545454545,0.886328725038402,0.593167701863354,0.96875,1,1,0.29601226993865,0.323854660347551,0.291079812206573,0.294656488549618,0.298192771084337,0.629909365558912,0.294736842105263,0,0.689705882352941,0.998487140695915,0.311349693251534,0.288611544461778,0.297169811320755,0.306646525679758,0.615030674846626,1,0.315151515151515,0.324534161490683,0.3104,0.304347826086957,0.300455235204856,0.297213622291022,0.19578313253012,0.696400625978091,0.296124031007752,0.605105105105105,1,0.240909090909091,0.306870229007634,0.925581395348837,1,1,0.289833080424886,0.655068078668684,1,0.304084720121029,0.278461538461538,0.951713395638629,1,1,0.996870109546166,0.301659125188537,1,1,0.890282131661442,1,0.334821428571429,1,0.596825396825397,1,0.692192192192192,0.296803652968037,0.601866251944012,1,1,0.990639625585023,0.305263157894737,0.312693498452012,0.31104199066874,0.306976744186047,0.302215189873418,0.309375,0.979750778816199,0.297134238310709,1,1,0.700607902735562,0,0.301204819277108,0.303490136570561,0.685714285714286,1,0.574500768049155,0.312406576980568,0.663565891472868,0.29984544049459,0.306603773584906,1,0.294117647058824,0.303174603174603,0.678071539657854,0.904912836767036,0.305676855895196,0.608964451313756,0.58678955453149,0.308166409861325,0.306027820710974,0.292682926829268,0.592592592592593,0.693129770992366,1,0.89060092449923,1,0.680722891566265,0.996904024767802,0.598130841121495,0.298461538461538,0.311320754716981,1,1,0.434514637904468,0.992211838006231,0.996987951807229,1,0.301223241590214,0.310664605873261,1,0.299552906110283,0.702127659574468,0.312401883830455,0.460949464012251,0.289473684210526,0,0.296803652968037,1,1,0.601208459214502,0.00151515151515152,0.313455657492355,0.304545454545455,0.100308641975309,0.408945686900958,1,1,0.301659125188537,1,0.415503875968992,1,0.311669128508124,0.593607305936073,0.310664605873261,0.29595015576324,1,0,1,0.287735849056604,0.309119010819165,1,1,1,0.430599369085173,1,0.304804804804805,0.632930513595166,0.308282208588957,0.303656597774245,0.00150375939849624,0.0432766615146832,1,0.63020030816641,1,0.30441400304414,0.315217391304348,1,1,0.162327718223583,0.294736842105263,1,0.900452488687783,1,0.301659125188537,0.201848998459168,0.687125748502994,1,1,1,1,1,0.278115501519757,0.287671232876712,1,0.119236883942766,0.00153609831029186,0.435857805255023,0,0.301075268817204,1,0.686728395061728,1,1,0.887366818873668,1,0.698940998487141,1,1,1,1
"582",0.162903225806452,0.158982511923688,0.164817749603803,0.145135566188198,0.14937106918239,0.168269230769231,0.456730769230769,0.1632,0.17246835443038,0.945990180032733,0.15625,0.887147335423197,0.0477707006369427,0.162204724409449,0.519169329073482,0.524409448818898,0.911811023622047,0.48772504091653,0.161904761904762,0.158227848101266,0.5392,0.516077170418006,0.169517884914463,0.99375,0.182965299684543,0.492138364779874,0.510466988727858,0.168810289389068,0.169254658385093,0.124600638977636,0.529042386185243,0.109923664122137,0.127329192546584,0.511700468018721,0.847376788553259,0.162866449511401,0.636075949367089,0.149842271293375,0.52760736196319,0.1625,0.5,0.475968992248062,0.482919254658385,0.156299840510367,0.157212317666126,0.506389776357827,0.512658227848101,0.515576323987539,0.507177033492823,0.502325581395349,0.841194968553459,0.15689381933439,0.519440124416796,0.154205607476636,0.166407465007776,0.328571428571429,0.61198738170347,0.15689381933439,0.168769716088328,0.157894736842105,0.500784929356358,0.5104,0.525396825396825,0.505636070853462,0.166394779771615,0.17425431711146,0.883386581469649,0.1568,0.911179173047473,0.504702194357367,0.160377358490566,0.520634920634921,0.507246376811594,0.204180064308682,0.656298600311042,0.162826420890937,0.532507739938081,0.50077519379845,0.148902821316614,0.51559934318555,0.932454695222405,0.495222929936306,0.506451612903226,0.161695447409733,0.489795918367347,0.158536585365854,0.162118780096308,0.158307210031348,0.15748031496063,0.4765625,0.161341853035144,0.154083204930663,0.847376788553259,0.934375,0.163097199341021,0.893023255813953,0.845070422535211,0.162460567823344,0.624390243902439,0.493610223642172,0.158478605388273,0.895569620253165,0.527733755942948,0.169686985172982,0.52,0.159420289855072,0.492163009404389,0.167987321711569,0.516025641025641,0.509493670886076,0.503937007874016,0.167197452229299,0.507086614173228,0.16380655226209,0.686153846153846,0.166921898928025,0.5141065830721,0.876755070202808,0.5,0.511961722488038,0.698907956318253,0.150554675118859,0.518691588785047,0.512820512820513,0.15600624024961,0.532695374800638,0.166917293233083,0.164383561643836,0.85243328100471,0.629230769230769,0.1620294599018,0.520634920634921,0.165584415584416,0.887022900763359,0.146774193548387,0.513975155279503,0.505494505494505,0.511075949367089,0.101105845181675,0.622764227642276,0.934272300469484,0.937799043062201,0.159305993690852,0.162866449511401,0.507861635220126,0.165884194053208,0.506153846153846,0.166931637519873,0.0636645962732919,0.171253822629969,0.516181229773463,0.166666666666667,0.167207792207792,0.163987138263666,0.15112540192926,0.491338582677165,0.176287051482059,0.503949447077409,0.927018633540373,0.164596273291925,0.517884914463453,0.15919629057187,0.523809523809524,0.928802588996764,0.159744408945687,0.514516129032258,0.169572107765452,0.171114599686028,0.167974882260597,0.495283018867925,0.171428571428571,0.504761904761905,0.154589371980676,0.511773940345369,0.15359477124183,0.504807692307692,0.919129082426128,0.157728706624606,0.542949756888169,0.158908507223114,0.159163987138264,0.523424878836834,0.157728706624606,0.162754303599374,0.167987321711569,0.161904761904762,0.52555910543131,0.514820592823713,0.169105691056911,0.154088050314465,0.502332814930016,0.523885350318471,0.152996845425868,0.719492868462758,0.504545454545455,0.832543443917852,0.514820592823713,0.493670886075949,0.161240310077519,0.518633540372671,0.158833063209076,0.15668202764977,0.15,0.517460317460318,0.525,0.504823151125402,0.166414523449319,0.168810289389068,0.153965785381026,0.85828025477707,0.164012738853503,0.526742301458671,0.140600315955766,0.512779552715655,0.52132701421801,0.415094339622642,0.161084529505582,0.166924265842349,0.155555555555556,0.163009404388715,0.163961038961039,0.888024883359253,0.509584664536741,0.514592933947773,0.17219589257504,0.496913580246914,0.157650695517774,0.171032357473035,0.166666666666667,0.163265306122449,0.166144200626959,0.168711656441718,0.838557993730408,0.86875,0.167701863354037,0.518225039619651,0.150485436893204,0.519561815336463,0.157650695517774,0.158730158730159,0.154458598726115,0.155555555555556,0.163398692810458,0.498412698412698,0.161993769470405,0.293739967897271,0.496825396825397,0.500780031201248,0.525040387722132,0.505582137161085,0.504792332268371,0.610662358642973,0.499210110584518,0.506289308176101,0.504731861198738,0.173166926677067,0.510268562401264,0.158756137479542,0.48062015503876,0.507861635220126,0.881804043545879,0.506369426751592,0.165869218500797,0.155309033280507,0.160883280757098,0.923444976076555,0.532182103610675,0.149460708782743,0.501587301587302,0.50693374422188,0.5203125,0.5125,0.480891719745223,0.156050955414013,0.516483516483517,0.513556618819777,0.15962441314554,0.523887973640857,0.1609375,0.515384615384615,0.528481012658228,0.167471819645733,0.153846153846154,0.156549520766773,0.639498432601881,0.151612903225806,0.482003129890454,0.929012345679012,0.510236220472441,0.166144200626959,0.154458598726115,0.929230769230769,0.506309148264984,0.5,0.163097199341021,0.158653846153846,0.519500780031201,0.851097178683386,0.843548387096774,0.161137440758294,0.163430420711974,0.5015625,0.162974683544304,0.170278637770898,0.522550544323484,0.159305993690852,0.166407465007776,0.510172143974961,0.165064102564103,0.157643312101911,0.157977883096367,0.151181102362205,0.503125,0.523736600306279,0.513957307060755,0.168253968253968,0.164781906300485,0.499212598425197,0.514423076923077,0.147487844408428,0.522691705790297,0.528753993610224,0.162826420890937,0.155145929339478,0.161442006269592,0.158478605388273,0.159937888198758,0.504792332268371,0.156549520766773,0.166402535657686,0.942622950819672,0.500772797527048,0.629746835443038,0.524959742351047,0.474842767295597,0.510971786833856,0.164341085271318,0.516908212560386,0.506389776357827,0.926332288401254,0.517241379310345,0.1648,0.519142419601838,0.160883280757098,0.154704944178628,0.1609375,0.526984126984127,0.524409448818898,0.160883280757098,0.08,0.91025641025641,0.1669341894061,0.5078125,0.515297906602254,0.519417475728155,0.150159744408946,0.50920245398773,0.707006369426752,0.504702194357367,0.526232114467409,0.51869918699187,0.5184,0.15552099533437,0.5104,0.149350649350649,0.160572337042925,0.847860538827258,0.166666666666667,0.518110236220472,0.160629921259843,0.15668202764977,0.15210355987055,0.508771929824561,0.161189358372457,0.515007898894155,0.158705701078582,0.0584518167456556,0.173775671406003,0.160513643659711,0.153846153846154,0.522012578616352,0.15224358974359,0.161084529505582,0.515873015873016,0.512618296529968,0.16031746031746,0.161490683229814,0.512539184952978,0.95968992248062,0.167207792207792,0.154088050314465,0.157320872274143,0.836734693877551,0.52,0.155115511551155,0.517884914463453,0.9264,0.165869218500797,0.488408037094281,0.392966360856269,0.15780998389694,0.157392686804452,0.493939393939394,0.470588235294118,0.474842767295597,0.168503937007874,0.517996870109546,0.1536,0.154838709677419,0.500792393026941,0.166149068322981,0.167197452229299,0.845669291338583,0.504716981132076,0.1669341894061,0.152733118971061,0.511111111111111,0.162717219589258,0.154975530179445,0.51685393258427,0.835164835164835,0.1669341894061,0.15968992248062,0.1640625,0.289922480620155,0.528301886792453,0.536277602523659,0.525993883792049,0.515479876160991,0.478119935170178,0.493023255813954,0.5088,0.513178294573643,0.934294871794872,0.516447368421053,0.171653543307087,0.513846153846154,0.163751987281399,0.504716981132076,0.92802450229709,0.89589905362776,0.158385093167702,0.173708920187793,0.8859375,0.157467532467532,0.493808049535604,0.885579937304075,0.846275752773376,0.15600624024961,0.484276729559748,0.15689381933439,0.163779527559055,0.6208,0.157556270096463,0.841521394611727,0.938110749185668,0.15569823434992,0.169491525423729,0.173708920187793,0.5136,0.52790346907994,0.463815789473684,0.183514774494557,0.152755905511811,0.12788906009245,0.528861154446178,0.846275752773376,0.163232963549921,0.52,0.148606811145511,0.468354430379747,0.940418679549114,0.528951486697966,0.518575851393189,0.498338870431894,0.160493827160494,0.923197492163009,0.172043010752688,0.14975845410628,0.158805031446541,0.917445482866044,0.499194847020934,0.179365079365079,0.522364217252396,0.160975609756098,0.160130718954248,0.510903426791277,0.161189358372457,0.519817073170732,0.164296998420221,0.519354838709677,0.507936507936508,0.161442006269592,0.495948136142626,0.520485584218513,0.161949685534591,0.518638573743922,0.134674922600619,0.525835866261398,0.992199687987519,0.50920245398773,0.111111111111111,0.518518518518518,0.168831168831169,0.504716981132076,0.496884735202492,0.544303797468354,0.166926677067083,0.159420289855072,0.15919629057187,0.126829268292683,0.836393989983305,0.154574132492114,0.497568881685575,0.152755905511811,0.515806988352745,0.508422664624809,0.160125588697017,0.155591572123177,0.148902821316614,0.0839936608557845,0.1546875,0.52099533437014,0.518691588785047,0.146417445482866,0.147672552166934,0.903691813804173,0.921850079744817,0.156494522691706,0.163461538461538,0.523052464228935,0.171156893819334,0.158778625954198,0.517241379310345,0.171052631578947,0.162246489859594,0.484227129337539,0.642967542503864,0.161137440758294,0.839150227617602,0.169572107765452,0.1640625,0.932283464566929,0.511075949367089,0.155802861685215,0.496845425867508,0.152866242038217,0.131955484896661,0.168503937007874,0.0488188976377953,0.152996845425868,0.512437810945274,0.163551401869159,0.157556270096463,0.159305993690852,0.842349304482226,0.515702479338843,0.147487844408428,0.166666666666667,0.491283676703645,0.153726708074534,0.52132701421801,0.4640625,0.512,0.161392405063291,0.158478605388273,0.165605095541401,0.927051671732523,0.50402576489533,0.922330097087379,0.152487961476726,0.526645768025078,0.516380655226209,0.474418604651163,0.84,0.159420289855072,0.110248447204969,0.160883280757098,0.176470588235294,0.497568881685575,0.507692307692308,1,0.884493670886076,0.531001589825119,0.508744038155803,0.505409582689335,0.840322580645161,0.5140625,0.164576802507837,0.834365325077399,0.516129032258065,0.157142857142857,0.174121405750799,0.158307210031348,0.517241379310345,0.509230769230769,0.890343698854337,0.162717219589258,0.53015873015873,0.526717557251908,0.160377358490566,0.170015455950541,0.516640253565769,0.466227347611203,0.166666666666667,0.165605095541401,0.478125,0.158878504672897,0.5320813771518,0.178981937602627,0.52555910543131,0.663076923076923,0.497652582159624,0.619631901840491,0.158805031446541,0.524844720496894,0.517940717628705,0.475155279503106,0.496111975116641,0.149920255183413,0.508716323296355,0.165329052969502,0.514774494556765,0.149038461538462,0.504777070063694,0.517741935483871,0.473186119873817,0.557661927330174,0.508064516129032,0.521035598705502,0.504777070063694,0.521259842519685,0.978333333333333,0.158227848101266,0.850539291217257,0.162460567823344,0.524642289348172,0.162974683544304,0.852614896988906,0.5229793977813,0.511961722488038,0.165853658536585,0.901065449010654,0.164596273291925,0.932707355242567,0.483253588516746,0.148264984227129,0.906940063091483,0.500784929356358,0.154704944178628,0.153724247226624,0.158139534883721,0.528145695364238,0.884498480243161,0.153364632237872,0.395238095238095,0.941463414634146,0.479876160990712,0.518808777429467,0.512618296529968,0.162287480680062,0.130016051364366,0.166397415185784,0.156299840510367,0.156739811912226,0.906009244992296,0.1703125,0.493690851735016,0.834087481146305,0.51188589540412,0.152,0.168503937007874,0.159677419354839,0.159375,0.923197492163009,0.506191950464396,0.143297380585516,0.14951768488746,0.157051282051282,0.160063391442155,0.15962441314554,0.171701112877583,0.697996918335901,0.866129032258064,0.157051282051282,0.921174652241113,0.520123839009288,0.760252365930599,0.161949685534591,0.427876823338736,0.528641571194763,0.515772870662461,0.173228346456693,0.888888888888889,0.516329704510109,0.145736434108527,0.163723916532905,0.463022508038585,0.522480620155039,0.521060842433697,0.52411575562701,0.151090342679128,0.5168,0.5141065830721,0.6208,0.519500780031201,0.130232558139535,0.528158295281583,0.92520325203252,0.521259842519685,0.842592592592593,0.160629921259843,0.921348314606742,0.524564183835182,0.51294498381877,0.518518518518518,0.169811320754717,0.156645569620253,0.15702479338843,0.1578125,0.169105691056911,0.167202572347267,0.5,0.156050955414013,0.520833333333333,0.520525451559934,0.511737089201878,0.488,0.171156893819334,0.160125588697017,0.856474258970359,0.513931888544892,0.957074721780604,0.155015197568389,0.881141045958796,0.166405023547881,0.159539473684211,0.517684887459807,0.167456556082148,0.152317880794702,0.534510433386838,0.604838709677419,0.169161676646707,0.92948717948718,0.929936305732484,0.15552099533437,0.151757188498403,0.159489633173844,0.924409448818898,0.837753510140406,0.506955177743431,0.406995230524642,0.510736196319018,0.849765258215962,0.492822966507177,0.920508744038156,0.162717219589258,0.154340836012862,0.527216174183515,0.517295597484277,0.932707355242567,0.509001636661211,0.509230769230769,0.515772870662461,0.159305993690852,0.164817749603803,0.512155591572123,0.156626506024096,0.845669291338583,0.152487961476726,0.952456418383518,0.178282009724473,0.483670295489891,0.156105100463679,0.524642289348172,0.499197431781701,0.923197492163009,0.5,0.157232704402516,0.150159744408946,0.369668246445498,0.254098360655738,0.519292604501608,0.511217948717949,0.15987460815047,0.502407704654896,0.921259842519685,0.496784565916399,0.16,0.93613707165109,0.161392405063291,0.158982511923688,0.512539184952978,0.477272727272727,0.507246376811594,0.159869494290375,0.15748031496063,0.525741029641186,0.522435897435897,0.509345794392523,0.299837925445705,0.514469453376206,0.16,0.906542056074766,0.161904761904762,0.149425287356322,0.480376766091052,0.531446540880503,0.509677419354839,0.903937007874016,0.509523809523809,0.156985871271586,0.136585365853659,0.528391167192429,0.502377179080824,0.543913713405239,0.157320872274143,0.514018691588785,0.597503900156006,0.521875,0.184663536776213,0.699523052464229,0.847352024922118,0.524922118380062,0.507692307692308,0.503236245954693,0.529790660225443,0.523219814241486,0.190697674418605,0.166134185303514,0.525741029641186,0.628849270664506,0.492845786963434,0.93026941362916,0.47682119205298,0.147011308562197,0.505409582689335,0.8528,0.49375,0.513513513513513,0.638036809815951,0.509677419354839,0.851097178683386,0.505529225908373,0.518518518518518,0.505654281098546,0.517996870109546
"583",0.0467741935483871,0.0406885758998435,0.0344827586206897,0.0385232744783307,0.0392464678178964,0.0429936305732484,0.345718901453958,0.0429936305732484,0.0438871473354232,0.947030497592295,0.0385208012326656,1,0.147619047619048,0.0411392405063291,0.632165605095541,0.644654088050314,0.987480438184664,0.366612111292962,0.0410742496050553,0.0409448818897638,0.661858974358974,0.635930047694754,0.0417310664605873,0.886970172684458,0.0415384615384615,0.622083981337481,0.630894308943089,0.0400641025641026,0.0446153846153846,0.172684458398744,0.655712050078247,0.229583975346687,0.0282131661442006,0.640575079872205,0.96551724137931,0.0412541254125413,0.503125,0.0403726708074534,0.651908396946565,0.0404984423676012,0.3856,0.3671875,0.361963190184049,0.0379746835443038,0.041335453100159,0.632165605095541,0.640253565768621,0.644615384615385,0.632237871674491,0.622083981337481,0.966824644549763,0.0369181380417336,0.6421875,0.0429936305732484,0.0434782608695652,0.447077409162717,0.501582278481013,0.0394944707740916,0.0386398763523957,0.0408805031446541,0.624413145539906,0.629570747217806,0.642172523961661,0.376175548589342,0.0456769983686786,0.043613707165109,0.998427672955975,0.0397456279809221,0.986259541984733,0.628482972136223,0.0344287949921753,0.638932496075353,0.617124394184168,0.0745542949756888,0.543171114599686,0.0430769230769231,0.647951441578149,0.612752721617418,0.0408163265306122,0.635772357723577,0.951060358890702,0.621451104100946,0.63391442155309,0.0364500792393027,0.614896988906498,0.0366412213740458,0.0398724082934609,0.0455259026687598,0.0347003154574132,0.355590062111801,0.0420032310177706,0.0352760736196319,0.966981132075472,0.944869831546707,0.0317460317460317,0.998473282442748,0.965354330708661,0.0408163265306122,0.495081967213115,0.3744,0.0398089171974522,0.984025559105431,0.643642072213501,0.042483660130719,0.639810426540284,0.0360501567398119,0.364207221350078,0.0423197492163009,0.634645669291339,0.633228840125392,0.62962962962963,0.0455974842767296,0.622848200312989,0.0378548895899054,0.56298600311042,0.0428134556574924,0.634222919937206,0.748043818466354,0.633385335413417,0.626003210272873,0.56782334384858,0.0436817472698908,0.637636080870918,0.62760834670947,0.0344287949921753,0.649612403100775,0.0393343419062027,0.0432098765432099,0.724299065420561,0.5,0.0402576489533011,0.636363636363636,0.0416,1,0.0361247947454844,0.635514018691589,0.370486656200942,0.622641509433962,0.015748031496063,0.595846645367412,0.9504,0.952153110047847,0.0444444444444444,0.0387722132471729,0.618819776714514,0.0357142857142857,0.624242424242424,0.0402476780185759,0.151090342679128,0.0446153846153846,0.638126009693053,0.0396825396825397,0.0415335463258786,0.0398089171974522,0.0361635220125786,0.62200956937799,0.0455974842767296,0.627831715210356,0.792778649921507,0.0421875,0.640986132511556,0.0415384615384615,0.647058823529412,0.964630225080386,0.035426731078905,0.639871382636656,0.04375,0.0391849529780564,0.046031746031746,0.611023622047244,0.0383386581469649,0.627388535031847,0.0416666666666667,0.641627543035994,0.0403877221324717,0.639240506329114,0.973228346456693,0.0427215189873418,0.409967845659164,0.0416666666666667,0.037914691943128,0.6416,0.0330708661417323,0.0316455696202532,0.0363349131121643,0.0403100775193798,0.633173843700159,0.640822784810127,0.040650406504065,0.0345368916797488,0.637614678899083,0.650485436893204,0.0378548895899054,0.603174603174603,0.382621951219512,0.956454121306376,0.630818619582664,0.38351822503962,0.0375,0.628304821150855,0.0420032310177706,0.0384615384615385,0.0391849529780564,0.631496062992126,0.629969418960245,0.6272,0.0412844036697248,0.0355411954765751,0.0359375,0.966719492868463,0.0378548895899054,0.642054574638844,0.0141955835962145,0.628389154704944,0.643312101910828,0.28414442700157,0.0369181380417336,0.0450310559006211,0.0363349131121643,0.0395569620253165,0.0377952755905512,1,0.627980922098569,0.626771653543307,0.0398773006134969,0.370716510903427,0.0415384615384615,0.0458715596330275,0.0382165605095541,0.0410094637223975,0.0422535211267606,0.0410334346504559,0.959501557632399,0.737654320987654,0.0370942812982998,0.636507936507936,0.03486529318542,0.647058823529412,0.033434650455927,0.0381558028616852,0.03486529318542,0.0428571428571429,0.0434083601286174,0.629984051036683,0.0419906687402799,0.437699680511182,0.628571428571429,0.619565217391304,0.640449438202247,0.63258785942492,0.623397435897436,0.615015974440895,0.613564668769716,0.632148377125193,0.633802816901408,0.0434782608695652,0.634768740031898,0.033167495854063,0.364615384615385,0.624012638230648,0.744976816074189,0.624595469255663,0.0394321766561514,0.0345911949685535,0.0394944707740916,0.78743961352657,0.637658227848101,0.0371517027863777,0.62258064516129,0.628440366972477,0.637083993660856,0.628705148205928,0.364353312302839,0.0415335463258786,0.630769230769231,0.635782747603834,0.0440944881889764,0.652665589660743,0.0435458786936236,0.639016897081413,0.639109697933227,0.0401929260450161,0.0407166123778502,0.0404354587869362,0.520766773162939,0.0402576489533011,0.362619808306709,0.961656441717791,0.630744849445325,0.0376175548589342,0.036741214057508,0.951638065522621,0.62888198757764,0.625,0.0272435897435897,0.0363924050632911,0.643081761006289,0.987261146496815,0.960975609756098,0.0416666666666667,0.0401929260450161,0.616923076923077,0.0388802488335925,0.0411585365853659,0.64696734059098,0.0387096774193548,0.0441640378548896,0.635792778649921,0.0417335473515249,0.0399361022364217,0.0449612403100775,0.0394944707740916,0.624413145539906,0.635528330781011,0.625407166123778,0.0422535211267606,0.0475435816164818,0.383775351014041,0.63265306122449,0.0448,0.636645962732919,0.651898734177215,0.0389408099688473,0.036979969183359,0.037914691943128,0.0411392405063291,0.0408163265306122,0.620472440944882,0.0440251572327044,0.043956043956044,0.936204146730462,0.625192012288787,0.55111821086262,0.63968253968254,0.376,0.623824451410658,0.0336906584992343,0.642172523961661,0.622611464968153,0.787596899224806,0.637345679012346,0.0339256865912763,0.624048706240487,0.0421875,0.0425196850393701,0.0388198757763975,0.64,0.634222919937206,0.0316455696202532,0.0296052631578947,0.985781990521327,0.043338683788122,0.63452566096423,0.627035830618892,0.64251968503937,0.0339805825242718,0.618524332810047,0.592063492063492,0.619122257053291,0.646031746031746,0.63301282051282,0.646031746031746,0.0343213728549142,0.62760834670947,0.0382695507487521,0.0375586854460094,0.960567823343849,0.0465489566613162,0.63275039745628,0.043956043956044,0.0401854714064915,0.0390243902439024,0.618441971383148,0.037037037037037,0.635483870967742,0.0429447852760736,0.122448979591837,0.0444444444444444,0.0435483870967742,0.0400616332819723,0.641065830721003,0.0351437699680511,0.0384615384615385,0.639937106918239,0.640866873065015,0.0346456692913386,0.0390015600624025,0.636932707355243,0.852713178294574,0.0421393841166937,0.0335463258785942,0.0424528301886792,0.962732919254658,0.640502354788069,0.0388978930307942,0.643856920684292,0.799684542586751,0.0382775119617225,0.372274143302181,0.514592933947773,0.0402576489533011,0.0394944707740916,0.379362670713202,0.343898573692552,0.608832807570978,0.0365659777424483,0.634493670886076,0.0410094637223975,0.037037037037037,0.62754303599374,0.035548686244204,0.0369774919614148,0.96998420221169,0.625,0.0449438202247191,0.04,0.633173843700159,0.0436817472698908,0.0392156862745098,0.644230769230769,0.712962962962963,0.0395569620253165,0.037037037037037,0.0359937402190923,0.41875,0.639498432601881,0.643423137876387,0.629969418960245,0.626182965299685,0.362637362637363,0.622874806800618,0.625391849529781,0.6390625,0.805337519623234,0.63391442155309,0.0410742496050553,0.624048706240487,0.0443740095087163,0.640378548895899,0.959152798789713,0.992272024729521,0.0432766615146832,0.0416666666666667,1,0.0307443365695793,0.368584758942457,1,0.968602825745683,0.0393081761006289,0.367029548989114,0.0397456279809221,0.0421216848673947,0.497607655502392,0.0392464678178964,0.9609375,0.968903436988543,0.0394321766561514,0.0386996904024768,0.0408805031446541,0.633757961783439,0.408682634730539,0.343853820598007,0.0579029733959311,0.034375,0.0185758513931889,0.650316455696203,0.713153724247227,0.0453834115805947,0.648562300319489,0.0356589147286822,0.574132492113565,0.941653160453809,0.639498432601881,0.633693972179289,0.613333333333333,0.0400616332819723,0.964341085271318,0.0476190476190476,0.039344262295082,0.0440251572327044,0.789393939393939,0.627980922098569,0.0479233226837061,0.633173843700159,0.0400641025641026,0.0420711974110032,0.642633228840125,0.0368,0.628614916286149,0.0411392405063291,0.638230647709321,0.635220125786163,0.037914691943128,0.366929133858268,0.631818181818182,0.0359937402190923,0.642172523961661,0.196594427244582,0.632621951219512,0.890795631825273,0.63206106870229,0.197431781701445,0.645367412140575,0.0483870967741935,0.63182527301092,0.615625,0.660377358490566,0.0417956656346749,0.0336538461538462,0.0382848392036753,0.00961538461538462,0.696369636963696,0.0414012738853503,0.62779552715655,0.0376766091051805,0.635467980295567,0.631172839506173,0.0421875,0.0366826156299841,0.0348484848484849,0.03486529318542,0.0390015600624025,0.639876352395672,0.630094043887147,0.0327102803738318,0.0350877192982456,0.991974317817014,0.958333333333333,0.0406885758998435,0.0430622009569378,0.637931034482759,0.0454545454545455,0.043343653250774,0.648177496038035,0.0476973684210526,0.0443740095087163,0.364500792393027,0.519938650306748,0.0301587301587302,0.962121212121212,0.0396825396825397,0.043956043956044,0.950769230769231,0.6296875,0.0383386581469649,0.623622047244095,0.0390625,0.0063391442155309,0.043956043956044,0.137071651090343,0.0385852090032154,0.627831715210356,0.0373831775700935,0.0345911949685535,0.0339805825242718,0.957613814756672,0.645528455284553,0.0302066772655008,0.0438871473354232,0.380417335473515,0.0454545454545455,0.636220472440945,0.587692307692308,0.629337539432177,0.0343213728549142,0.0412698412698413,0.0401284109149278,0.951638065522621,0.62843295638126,0.96,0.0351437699680511,0.645865834633385,0.645061728395062,0.599374021909233,0.961240310077519,0.0318979266347687,0.00471698113207547,0.0421216848673947,0.0421216848673947,0.633173843700159,0.649769585253456,0.884493670886076,1,0.631083202511774,0.641390205371248,0.620689655172414,0.971428571428571,0.640746500777605,0.0356589147286822,0.958466453674121,0.63182527301092,0.0458135860979463,0.0443740095087163,0.0408163265306122,0.636923076923077,0.635384615384615,1,0.0344827586206897,0.639751552795031,0.63944530046225,0.0363349131121643,0.0465116279069767,0.631083202511774,0.357723577235772,0.0363349131121643,0.0418679549114332,0.34748427672956,0.043010752688172,0.645061728395062,0.0357142857142857,0.642072213500785,0.521806853582555,0.378504672897196,0.632307692307692,0.0359937402190923,0.647239263803681,0.638932496075353,0.368670886075949,0.386645962732919,0.0365079365079365,0.624213836477987,0.0345394736842105,0.635670731707317,0.0354838709677419,0.632492113564669,0.637820512820513,0.594679186228482,0.525984251968504,0.632423756019262,0.636655948553055,0.377952755905512,0.625194401244168,0.9,0.03486529318542,0.964669738863287,0.0421216848673947,0.655608214849921,0.0414012738853503,0.96551724137931,0.631911532385466,0.632423756019262,0.04,0.989409984871407,0.0452418096723869,0.953821656050955,0.607655502392344,0.0421875,0.985714285714286,0.381789137380192,0.0394321766561514,0.0385802469135802,0.0385208012326656,0.646031746031746,1,0.0394321766561514,0.519230769230769,0.948470209339775,0.584474885844749,0.632558139534884,0.624610591900312,0.0386398763523957,0.0225442834138486,0.046474358974359,0.0357698289269051,0.0359375,0.984709480122324,0.043343653250774,0.361370716510903,0.96030534351145,0.626959247648903,0.0440251572327044,0.0420560747663551,0.035031847133758,0.0350076103500761,0.95852534562212,0.63020030816641,0.0311526479750779,0.0349206349206349,0.0373983739837398,0.0395569620253165,0.0425196850393701,0.0429936305732484,0.561349693251534,0.97258064516129,0.0349761526232114,0.965732087227414,0.639498432601881,0.621835443037975,0.0394321766561514,0.554848966613672,0.643548387096774,0.645468998410175,0.0427215189873418,1,0.636792452830189,0.0340557275541796,0.0428571428571429,0.5814696485623,0.636932707355243,0.6448,0.634185303514377,0.0325077399380805,0.627388535031847,0.634796238244514,0.617460317460317,0.639810426540284,0.00307219662058372,0.643518518518518,0.961352657004831,0.631083202511774,0.96411856474259,0.0409448818897638,0.958532695374801,0.650974025974026,0.621019108280255,0.640322580645161,0.0341614906832298,0.0393700787401575,0.0407166123778502,0.0421216848673947,0.037156704361874,0.0435483870967742,0.623417721518987,0.0360501567398119,0.642857142857143,0.632890365448505,0.440625,0.365384615384615,0.0375,0.0407523510971787,0.959876543209877,0.636923076923077,0.92368839427663,0.0348484848484849,1,0.035031847133758,0.0353130016051364,0.636507936507936,0.0418006430868167,0.040133779264214,0.415730337078652,0.625204582651391,0.0452488687782805,0.959807073954984,0.945773524720893,0.0394321766561514,0.0398089171974522,0.0376175548589342,0.957613814756672,0.965732087227414,0.630672926447574,0.523659305993691,0.64018691588785,0.959814528593508,0.622186495176849,0.964227642276423,0.042654028436019,0.0452342487883683,0.640746500777605,0.631172839506173,0.80811232449298,0.605723370429253,0.6359375,0.633802816901408,0.0409448818897638,0.0362204724409449,0.627228525121556,0.0438066465256798,0.968354430379747,0.0336538461538462,0.828025477707006,0.0438311688311688,0.367762128325509,0.0418604651162791,0.639370078740157,0.647249190938511,0.970588235294118,0.375579598145286,0.0394321766561514,0.0392464678178964,0.253943217665615,0.150242326332795,0.625990491283677,0.635499207606973,0.0421875,0.631410256410256,0.786963434022258,0.631493506493506,0.0443425076452599,0.946875,0.0396825396825397,0.0398089171974522,0.636505460218409,0.369181380417335,0.645833333333333,0.0369181380417336,0.0365079365079365,0.642969984202212,0.651419558359621,0.632375189107413,0.184126984126984,0.640944881889764,0.0417956656346749,0.987577639751553,0.0438871473354232,0.0372168284789644,0.356143079315708,0.40506329113924,0.629807692307692,0.988941548183254,0.63015873015873,0.0384,0.0386473429951691,0.64873417721519,0.617460317460317,0.418897637795276,0.0362204724409449,0.644067796610169,0.668217054263566,0.644859813084112,0.0570987654320988,0.57741935483871,0.965354330708661,0.64018691588785,0.621913580246914,0.625990491283677,0.63915857605178,0.629179331306991,0.0682170542635659,0.0427892234548336,0.64622641509434,0.50814332247557,0.370786516853933,0.815789473684211,0.357945425361156,0.0300632911392405,0.624600638977636,0.958333333333333,0.626182965299685,0.638801261829653,0.672926447574335,0.624796084828711,0.968454258675079,0.615987460815047,0.636070853462158,0.636363636363636,0.642289348171701
"584",0.29093799682035,0.31619937694704,0.317460317460317,0.330708661417323,0.308544303797468,0.305379746835443,0.0111821086261981,0.326433121019108,0.316770186335404,0.576489533011272,0.315384615384615,0.646322378716745,0.507861635220126,0.3203125,1,1,0.62037037037037,0,0.327974276527331,0.310126582278481,1,1,0.322085889570552,0.520865533230294,0.311827956989247,1,1,0.331715210355987,0.311827956989247,0.52931854199683,1,0.588785046728972,0.371294851794072,0.995283018867924,0.668238993710692,0.308072487644152,0.1421875,0.329249617151608,1,0.304821150855365,0.00313479623824451,0,0,0.323809523809524,0.318979266347687,1,0.993660855784469,1,1,1,0.6921875,0.324237560192616,1,0.317829457364341,0.314814814814815,0.813397129186603,0.131621187800963,0.316614420062696,0.320373250388802,0.325914149443561,0.992199687987519,1,1,0.00636942675159236,0.311897106109325,0.318885448916409,0.654516640253566,0.3203125,0.615151515151515,1,0.316846986089645,1,1,0.278768233387358,0.175,0.32262996941896,1,0.993865030674847,0.328173374613003,1,0.599681020733652,1,1,0.326687116564417,1,0.324655436447167,0.310725552050473,0.324031007751938,0.318979266347687,0,0.314424635332253,0.322429906542056,0.690513219284603,0.583333333333333,0.315112540192926,0.645801526717557,0.678071539657854,0.308176100628931,0.126418152350081,0,0.312302839116719,0.621236133122029,1,0.313628899835796,1,0.323343848580442,0,0.322834645669291,1,1,1,0.305164319248826,0.995260663507109,0.326498422712934,0.211093990755008,0.310975609756098,1,0.394817073170732,1,1,0.208137715179969,0.307210031347962,1,1,0.333333333333333,1,0.321752265861027,0.312693498452012,0.382352941176471,0.775914634146341,0.323529411764706,1,0.323101777059774,0.628398791540785,0.32695374800638,1,0.00156739811912226,1,0.38125,0.896272285251216,0.58528951486698,0.602218700475436,0.316535433070866,0.326298701298701,1,0.312893081761006,1,0.302362204724409,0.496913580246914,0.331288343558282,1,0.306122448979592,0.315286624203822,0.32120253164557,0.326498422712934,1,0.303459119496855,1,0.452160493827161,0.3203125,1,0.329268292682927,1,0.598425196850394,0.3232,1,0.3140625,0.314152410575428,0.330696202531646,0.984276729559748,0.320251177394035,1,0.321086261980831,1,0.315270935960591,1,0.588976377952756,0.29393468118196,0.0361247947454844,0.298722044728434,0.316037735849057,1,0.309859154929577,0.316770186335404,0.325471698113208,0.330232558139535,1,1,0.323101777059774,0.330696202531646,1,1,0.323574730354391,0.25,0.0226244343891403,0.686821705426357,1,0.00311526479750779,0.319875776397516,1,0.31496062992126,0.30640243902439,0.313880126182965,0.998430141287284,1,1,0.330792682926829,0.3125,0.323529411764706,0.672523961661342,0.302839116719243,1,0.340764331210191,1,1,0.456112852664577,0.326892109500805,0.322378716744914,0.324921135646688,0.302325581395349,0.318327974276527,0.642857142857143,1,1,0.309119010819165,0.00463678516228748,0.329192546583851,0.316187594553706,0.329173166926677,0.306376360808709,0.300314465408805,0.31839258114374,0.691472868217054,0.373643410852713,0.304821150855365,1,0.325878594249201,1,0.309119010819165,0.308661417322835,0.308426073131955,0.325949367088608,0.317307692307692,1,0.327160493827161,0.795819935691318,1,1,0.996784565916399,1,1,0.899529042386185,1,1,1,0.320493066255778,1,0.32183908045977,0,1,0.394126738794436,1,0.312401883830455,0.322222222222222,0.320433436532508,0.43217665615142,1,0.322378716744914,1,1,1,1,0,0.313099041533546,1,1,0.322834645669291,1,0.318885448916409,1,1,0.313084112149533,0.32475884244373,0.2984375,0.156739811912226,0.324149108589951,0,0.600910470409712,1,0.317411402157165,0.327586206896552,0.580745341614907,1,1,0.330097087378641,0.326018808777429,1,0.64797507788162,0.704654895666132,0.314375987361769,0.322006472491909,0.99388379204893,0.329093799682035,0.301972685887709,1,0.315625,0.308527131782946,1,0.312989045383412,0.316957210776545,0.315132605304212,0.318252730109204,1,1,1,0.311708860759494,0.326433121019108,0.00765696784073507,0.990580847723705,0.331210191082803,1,1,0.313546423135464,0.322085889570552,0.304012345679012,0.31974921630094,0.321372854914197,1,0.30952380952381,0.313099041533546,0.578274760383387,1,0.855095541401274,1,0,1,0.321592649310873,1,1,0.428348909657321,0.998456790123457,0.321766561514196,1,0.31104199066874,0.304347826086957,0.316770186335404,1,1,0.320754716981132,0.392282958199357,0.605769230769231,0.298887122416534,1,1,1,0.317307692307692,1,0.217592592592593,1,1,1,1,0.326251896813354,1,0.319286871961102,0.336990595611285,0.673501577287066,0.308306709265176,1,0.323390894819466,0.316187594553706,0.314332247557003,1,0.306625577812018,1,0.319634703196347,0.47360248447205,0.323296354992076,0.329635499207607,0.314329738058552,1,0.317034700315457,0.307324840764331,1,1,0.324451410658307,0.306376360808709,1,0.48531684698609,0.314606741573034,0.322378716744914,0.328703703703704,0.679566563467492,1,0.296178343949045,1,0.432389937106918,0.308306709265176,0,0.874425727411945,0.31629392971246,0.316118935837246,0,0.0330188679245283,0.977917981072555,0.317965023847377,1,0.313291139240506,0.319078947368421,1,0.324031007751938,0.315047021943574,0.67398119122257,1,0.329704510108865,0.321711568938193,1,0.3125,0.305958132045089,1,0.346394984326019,0.315705128205128,0.326625386996904,0.332814930015552,0.786604361370717,1,0.980952380952381,1,1,0.00157728706624606,1,0.99211356466877,1,0.441455696202532,0.996794871794872,0.308282208588957,0.992223950233281,0.330708661417323,0.995391705069124,0.611026033690659,0.632398753894081,0.32258064516129,0.311145510835913,0.64576802507837,0.316129032258064,0,0.62992125984252,0.678855325914149,0.320433436532508,0.0015220700152207,0.313572542901716,0.308892355694228,0.785714285714286,0.327160493827161,0.6859375,0.597133757961783,0.31974921630094,0.319148936170213,0.296875,1,0.031866464339909,0,0.321875,0.331775700934579,0.330745341614907,1,0.346875,0.323029366306028,1,0.309486780715397,0.942097026604069,0.582539682539683,1,1,0.991680532445923,0.325038880248834,0.612307692307692,0.325652841781874,0.319047619047619,0.321483771251932,0.430141287284144,1,0.310509554140127,1,0.326860841423948,0.319047619047619,1,0.321027287319422,1,0.322222222222222,1,1,0.326625386996904,0,1,0.319047619047619,1,0.552262090483619,1,0.520186335403727,1,0.562893081761006,1,0.320450885668277,1,1,1,0.312893081761006,0.322884012539185,0.318862275449102,0.351219512195122,0.338815789473684,0.318952234206472,1,0.324492979719189,1,1,0.330232558139535,0.31687898089172,0.313364055299539,0.384012539184953,0.328660436137072,1,1,0.329268292682927,0.326465927099842,0.635646687697161,0.596214511041009,0.321766561514196,0.321144674085851,1,0.314641744548287,0.313546423135464,0.995260663507109,0.308681672025723,0.313084112149533,0,0.153846153846154,0.316535433070866,0.684766214177979,0.311216429699842,0.326687116564417,0.594761171032357,0.996870109546166,0.317460317460317,1,0.321711568938193,0.347687400318979,0.314873417721519,0.472136222910217,0.311912225705329,1,0.317610062893082,0.325358851674641,0.335463258785943,0.684375,1,0.330143540669856,0.318181818181818,0,0.317972350230415,0.998454404945904,0.955038759689922,1,0.321372854914197,0.322884012539185,0.311111111111111,0.585253456221198,1,0.596491228070175,0.33122028526149,1,1,0.958268933539413,0.668224299065421,0.330745341614907,0.35968992248062,0.315870570107858,0.31055900621118,1,1,0.531001589825119,0.631083202511774,1,1,0.998456790123457,0.687400318979266,1,0.328767123287671,0.680379746835443,1,0.320987654320988,0.316535433070866,0.314728682170543,0.996923076923077,1,0.646869983948636,0.323529411764706,1,1,0.317757009345794,0.311526479750779,0.998430141287284,0,0.319422150882825,0.312989045383412,0.0078003120124805,0.318461538461538,1,0.307448494453249,1,0.161042944785276,0,0.906060606060606,0.323529411764706,1,1,0,0.00153846153846154,0.323899371069182,1,0.317073170731707,0.996965098634294,0.310789049919485,1,0.998410174880763,0.963607594936709,0.785046728971963,1,1,0.00618238021638331,1,0.52442996742671,0.322734499205087,0.672307692307692,0.325617283950617,1,0.310344827586207,0.679626749611198,1,1,0.315359477124183,0.610350076103501,0.324534161490683,0.59904912836767,0.971428571428571,0.341194968553459,0.603100775193798,0.0156985871271586,0.311004784688995,0.318681318681319,0.321044546850998,1,0.64624808575804,0.306184012066365,0.887675507020281,0.595238095238095,0.966257668711656,1,1,0.318818040435459,0.334913112164297,0.303514376996805,0.311424100156495,0.313572542901716,0.623298033282905,0.311248073959938,0,0.675187969924812,0.998452012383901,0.336492890995261,0.310618066561014,0.314516129032258,0.320610687022901,0.611023622047244,1,0.328703703703704,0.334389857369255,0.335483870967742,0.322115384615385,0.321044546850998,0.309294871794872,0.2,0.6832,0.314465408805031,0.607142857142857,1,0.252747252747253,0.318181818181818,0.919743178170145,1,1,0.31104199066874,0.6421875,1,0.310664605873261,0.299524564183835,0.953968253968254,1,1,0.996774193548387,0.312989045383412,1,1,0.906050955414013,1,0.349544072948328,1,0.597110754414125,1,0.674382716049383,0.317535545023697,0.605723370429253,1,1,0.992088607594937,0.323529411764706,0.321372854914197,0.318327974276527,0.317757009345794,0.329011345218801,0.330112721417069,0.980830670926518,0.307458143074581,1,1,0.728125,0,0.315384615384615,0.315625,0.670295489891135,1,0.574766355140187,0.323308270676692,0.647425897035881,0.30503144654088,0.314194577352472,1,0.308426073131955,0.321192052980132,0.702060221870048,0.912762520193861,0.319054652880355,0.602870813397129,0.581761006289308,0.322981366459627,0.3216,0.309748427672956,0.596214511041009,0.683229813664596,1,0.889763779527559,1,0.66,0.996830427892235,0.588697017268446,0.322429906542056,0.322115384615385,1,1,0.444444444444444,0.992076069730586,0.996946564885496,1,0.314241486068111,0.327073552425665,1,0.312121212121212,0.683641975308642,0.323763955342903,0.473354231974922,0.301261829652997,0,0.309375,1,1,0.595975232198142,0.0015552099533437,0.331240188383046,0.3140625,0.103011093502377,0.421900161030596,1,1,0.307332293291732,1,0.42472266244057,1,0.328767123287671,0.591614906832298,0.32807570977918,0.318252730109204,1,0,1,0.306709265175719,0.321656050955414,1,1,1,0.445705024311183,1,0.316037735849057,0.619414483821264,0.332805071315372,0.325242718446602,0.00156494522691706,0.0467289719626168,1,0.615264797507788,1,0.328616352201258,0.325769854132901,1,1,0.177394034536892,0.304212168486739,1,0.900928792569659,1,0.32312404287902,0.210443037974684,0.671253822629969,1,1,1,1,1,0.28680981595092,0.309148264984227,1,0.125611745513866,0.00160771704180064,0.445131375579598,0,0.319314641744548,1,0.678456591639871,1,1,0.890795631825273,1,0.680685358255452,1,1,1,1
"585",0.2992,0.30757341576507,0.310236220472441,0.324281150159744,0.306477093206951,0.292721518987342,0.00974025974025974,0.314873417721519,0.310452418096724,0.576736672051696,0.320987654320988,0.645865834633385,0.517515923566879,0.313971742543171,1,1,0.621329211746522,0,0.312698412698413,0.297839506172839,1,1,0.313178294573643,0.508634222919937,0.300462249614792,1,1,0.322006472491909,0.302469135802469,0.531645569620253,1,0.595645412130638,0.360374414976599,0.995215311004785,0.671361502347418,0.306156405990017,0.141065830721003,0.318252730109204,1,0.297674418604651,0.00312989045383412,0,0,0.325396825396825,0.310015898251192,1,0.995305164319249,1,1,1,0.695924764890282,0.317152103559871,1,0.322981366459627,0.30077519379845,0.815580286168522,0.124203821656051,0.314553990610329,0.309597523219814,0.315873015873016,0.99079754601227,1,1,0.00473186119873817,0.314424635332253,0.309707241910632,0.657643312101911,0.308661417322835,0.618541033434651,1,0.307931570762053,1,1,0.261712439418417,0.156441717791411,0.309230769230769,1,0.995412844036697,0.312597200622084,1,0.608695652173913,1,1,0.319685039370079,1,0.318529862174579,0.304278922345483,0.320126782884311,0.311424100156495,0,0.308917197452229,0.320610687022901,0.6953125,0.583724569640063,0.306836248012719,0.646153846153846,0.682316118935837,0.31104199066874,0.120967741935484,0,0.309148264984227,0.614285714285714,1,0.303571428571429,1,0.310509554140127,0,0.316455696202532,1,1,1,0.300314465408805,0.99537750385208,0.318818040435459,0.205246913580247,0.305722891566265,1,0.371340523882897,1,1,0.198098256735341,0.306853582554517,1,1,0.325984251968504,1,0.315007429420505,0.302431610942249,0.373228346456693,0.763358778625954,0.308562197092084,1,0.317891373801917,0.642965204236006,0.324149108589951,1,0.00156985871271586,1,0.381026438569207,0.884552845528455,0.583732057416268,0.598449612403101,0.305295950155763,0.309904153354633,1,0.304212168486739,1,0.294770206022187,0.501543209876543,0.313846153846154,1,0.305426356589147,0.309409888357257,0.314102564102564,0.321144674085851,1,0.291993720565149,1,0.429230769230769,0.315541601255887,1,0.306870229007634,1,0.588419405320814,0.304975922953451,1,0.309148264984227,0.302652106084243,0.323809523809524,0.9875,0.3171875,1,0.31875,1,0.3088,1,0.593996840442338,0.288854003139717,0.0354838709677419,0.288709677419355,0.308892355694228,1,0.295031055900621,0.313572542901716,0.310077519379845,0.321144674085851,1,1,0.304140127388535,0.314375987361769,1,1,0.315625,0.232339089481947,0.0256797583081571,0.694488188976378,1,0.00309119010819165,0.310452418096724,1,0.315447154471545,0.302469135802469,0.313572542901716,0.996860282574568,1,1,0.323529411764706,0.303079416531605,0.30503144654088,0.688394276629571,0.301412872841444,1,0.341732283464567,1,1,0.432348367029549,0.318037974683544,0.31924882629108,0.312401883830455,0.299684542586751,0.305111821086262,0.644654088050314,1,1,0.303543913713405,0.00459418070444104,0.318252730109204,0.306990881458967,0.310725552050473,0.301092043681747,0.289099526066351,0.312307692307692,0.702786377708978,0.36055469953775,0.297045101088647,1,0.318037974683544,1,0.298273155416013,0.293269230769231,0.304278922345483,0.322834645669291,0.302884615384615,1,0.312401883830455,0.803542673107891,1,1,0.996779388083736,1,1,0.885350318471338,1,1,1,0.302752293577982,1,0.317666126418152,0,1,0.38366718027735,1,0.315024232633279,0.321027287319422,0.303858520900322,0.416798732171157,1,0.318818040435459,1,1,1,1,0,0.307086614173228,1,1,0.310832025117739,1,0.313846153846154,1,1,0.302737520128824,0.311320754716981,0.28902627511592,0.149765990639626,0.319620253164557,0,0.595712098009188,1,0.308892355694228,0.3125,0.579192546583851,1,1,0.319805194805195,0.323809523809524,1,0.660910518053375,0.702875399361022,0.300314465408805,0.315024232633279,0.992343032159265,0.324409448818898,0.300150829562594,1,0.309006211180124,0.299843014128728,1,0.29093799682035,0.309375,0.302652106084243,0.309262166405024,1,1,1,0.304897314375987,0.318910256410256,0.00930232558139535,0.992076069730586,0.321086261980831,1,1,0.303125,0.314814814814815,0.297805642633229,0.309904153354633,0.303738317757009,1,0.293075684380032,0.303174603174603,0.568253968253968,1,0.83968253968254,1,0,1,0.316998468606432,1,1,0.414596273291925,0.998456790123457,0.312599681020734,1,0.300314465408805,0.295133437990581,0.307453416149068,1,1,0.311424100156495,0.397394136807818,0.603833865814696,0.300632911392405,1,1,1,0.314516129032258,1,0.201574803149606,1,1,1,1,0.322085889570552,1,0.309677419354839,0.325984251968504,0.685446009389671,0.299212598425197,1,0.319314641744548,0.309707241910632,0.306709265175719,1,0.296466973886329,1,0.315548780487805,0.485271317829457,0.319182389937107,0.317891373801917,0.304482225656878,1,0.311216429699842,0.294952681388013,1,1,0.315217391304348,0.300314465408805,1,0.477449455676516,0.304140127388535,0.318818040435459,0.320695102685624,0.688575899843505,1,0.283849918433931,1,0.4203125,0.30503144654088,0,0.884914463452566,0.312101910828025,0.3171875,0,0.0297805642633229,0.979527559055118,0.30564263322884,1,0.296062992125984,0.306451612903226,1,0.321428571428571,0.3088,0.671949286846276,1,0.308661417322835,0.307210031347962,1,0.306027820710974,0.310897435897436,1,0.336990595611285,0.304,0.306853582554517,0.325914149443561,0.797507788161994,1,0.977671451355662,1,1,0.00158982511923688,1,0.992101105845182,1,0.427444794952681,0.996810207336523,0.308623298033283,0.992307692307692,0.324237560192616,0.995319812792512,0.602760736196319,0.624223602484472,0.311248073959938,0.306153846153846,0.648902821316614,0.316045380875203,0,0.636792452830189,0.684952978056426,0.302325581395349,0.00156494522691706,0.301092043681747,0.297805642633229,0.766929133858268,0.324960753532182,0.69435736677116,0.598694942903752,0.313385826771654,0.308411214953271,0.297090352220521,1,0.0286144578313253,0,0.305772230889236,0.319620253164557,0.329113924050633,1,0.337519623233909,0.31937984496124,1,0.29984544049459,0.934713375796178,0.566718995290424,1,1,0.993344425956739,0.313178294573643,0.61189358372457,0.315396113602392,0.303225806451613,0.304897314375987,0.418461538461538,1,0.302839116719243,1,0.310679611650485,0.316129032258064,1,0.306709265175719,1,0.312202852614897,1,1,0.312111801242236,0,1,0.315541601255887,1,0.569182389937107,1,0.507668711656442,1,0.556426332288401,1,0.311111111111111,1,1,1,0.29874213836478,0.309148264984227,0.315625,0.344103392568659,0.331723027375201,0.30503144654088,1,0.316455696202532,1,1,0.32093023255814,0.3072,0.30757341576507,0.38740157480315,0.320872274143302,1,1,0.321928460342146,0.31637519872814,0.642628205128205,0.598425196850394,0.302652106084243,0.316957210776545,1,0.299212598425197,0.301075268817204,0.993690851735016,0.299352750809061,0.3078125,0,0.141304347826087,0.314465408805031,0.68429003021148,0.318110236220472,0.316770186335404,0.593220338983051,0.998452012383901,0.304140127388535,1,0.302839116719243,0.34493670886076,0.298273155416013,0.479134466769706,0.300476947535771,1,0.308411214953271,0.312893081761006,0.321656050955414,0.697063369397218,1,0.3152,0.308282208588957,0,0.315047021943574,0.998410174880763,0.945987654320988,1,0.304347826086957,0.321928460342146,0.310236220472441,0.580893682588598,1,0.594551282051282,0.321027287319422,1,1,0.958333333333333,0.684542586750789,0.315873015873016,0.354037267080745,0.309707241910632,0.308892355694228,1,1,0.508744038155803,0.641390205371248,1,1,0.998452012383901,0.701112877583466,1,0.310769230769231,0.694006309148265,1,0.317829457364341,0.313001605136437,0.311708860759494,0.996899224806202,1,0.653027823240589,0.309859154929577,1,1,0.317111459968603,0.306962025316456,0.998444790046656,0,0.308426073131955,0.303858520900322,0.00634920634920635,0.30625,1,0.306349206349206,1,0.152307692307692,0,0.897744360902256,0.315870570107858,1,1,0,0.0015527950310559,0.317901234567901,1,0.304975922953451,0.996946564885496,0.3104,1,0.998412698412698,0.962323390894819,0.763975155279503,1,1,0.00474683544303797,1,0.515548281505728,0.313195548489666,0.683720930232558,0.31937984496124,1,0.302362204724409,0.6796875,1,1,0.305555555555556,0.622926093514329,0.3234375,0.584126984126984,0.968992248062015,0.325878594249201,0.602167182662539,0.0139968895800933,0.303125,0.317829457364341,0.310185185185185,1,0.643076923076923,0.302936630602782,0.892063492063492,0.590690208667737,0.960244648318043,1,1,0.298904538341158,0.329617834394904,0.302250803858521,0.298904538341158,0.306501547987616,0.616666666666667,0.291793313069909,0,0.682228915662651,0.9984375,0.322932917316693,0.299065420560748,0.306946688206785,0.311926605504587,0.603395061728395,1,0.326086956521739,0.322327044025157,0.319148936170213,0.315372424722662,0.303738317757009,0.302215189873418,0.192307692307692,0.689381933438986,0.308544303797468,0.592933947772657,1,0.22848200312989,0.318818040435459,0.917065390749601,1,1,0.306349206349206,0.643081761006289,1,0.301242236024845,0.288188976377953,0.94794952681388,1,1,0.9967585089141,0.30625,1,1,0.888888888888889,1,0.342679127725857,1,0.593548387096774,1,0.684210526315789,0.305246422893482,0.587955625990491,1,1,0.990430622009569,0.31055900621118,0.321428571428571,0.32,0.31055900621118,0.315533980582524,0.313694267515924,0.982511923688394,0.29984544049459,1,1,0.70440251572327,0,0.30757341576507,0.310452418096724,0.687402799377916,1,0.555729984301413,0.316436251920123,0.642289348171701,0.306122448979592,0.31219512195122,1,0.302100161550889,0.305057096247961,0.678233438485804,0.901294498381877,0.310810810810811,0.607371794871795,0.583061889250814,0.315217391304348,0.315789473684211,0.293838862559242,0.59253499222395,0.692789968652038,1,0.892744479495268,1,0.673846153846154,0.996784565916399,0.594551282051282,0.307692307692308,0.321144674085851,1,1,0.4296875,0.993640699523052,0.996913580246914,1,0.306122448979592,0.31875,1,0.301492537313433,0.696124031007752,0.313001605136437,0.46551724137931,0.293460925039872,0,0.302936630602782,1,1,0.599688473520249,0.0015625,0.320251177394035,0.306501547987616,0.0984126984126984,0.402597402597403,1,1,0.310077519379845,1,0.41390205371248,1,0.317293233082707,0.585023400936037,0.315384615384615,0.304761904761905,1,0,1,0.299186991869919,0.312101910828025,1,1,1,0.441082802547771,1,0.311320754716981,0.615264797507788,0.322784810126582,0.322006472491909,0.00156494522691706,0.0441640378548896,1,0.621069182389937,1,0.316692667706708,0.3264,1,1,0.169254658385093,0.303125,1,0.89644513137558,1,0.312024353120244,0.201892744479495,0.675968992248062,1,1,1,1,1,0.280864197530864,0.300925925925926,1,0.120385232744783,0.00158478605388273,0.442700156985871,0,0.323854660347551,1,0.68621236133122,1,1,0.884493670886076,1,0.688854489164087,1,1,1,1
"586",0.305164319248826,0.314503816793893,0.321928460342146,0.332298136645963,0.322033898305085,0.313755795981453,0.0156494522691706,0.328173374613003,0.313546423135464,0.556603773584906,0.323664122137405,0.62557781201849,0.525902668759812,0.340523882896764,1,0.998468606431853,0.605263157894737,0.00160513643659711,0.334379905808477,0.31619937694704,0.998466257668712,0.9984375,0.325688073394495,0.504643962848297,0.319083969465649,0.998461538461539,0.998435054773083,0.338607594936709,0.315548780487805,0.525984251968504,0.998454404945904,0.590769230769231,0.378461538461538,0.996889580093313,0.657320872274143,0.322006472491909,0.13914373088685,0.324655436447167,0.998511904761905,0.310769230769231,0.00154083204930663,0.00153139356814701,0.00150829562594268,0.334370139968896,0.322274881516588,0.998420221169036,0.9953125,0.998470948012232,0.998475609756098,0.998466257668712,0.691833590138675,0.331269349845201,0.998475609756098,0.325617283950617,0.321483771251932,0.813084112149533,0.122641509433962,0.327666151468315,0.320668693009119,0.327586206896552,0.990839694656489,1,0.998439937597504,0.00464396284829721,0.31924882629108,0.32572298325723,0.64375,0.331278890600925,0.607462686567164,0.998482549317147,0.323529411764706,0.998447204968944,1,0.283891547049442,0.162576687116564,0.324404761904762,0.998468606431853,0.995419847328244,0.324200913242009,0.9984375,0.584935897435897,1,0.998452012383901,0.32572298325723,1,0.330827067669173,0.31496062992126,0.328197226502311,0.327102803738318,0.00151975683890578,0.331230283911672,0.333832335329341,0.68,0.570776255707763,0.323943661971831,0.623318385650224,0.665144596651446,0.319148936170213,0.125996810207337,0,0.316358024691358,0.598765432098765,0.998444790046656,0.322683706070288,0.998449612403101,0.32093023255814,0.0015220700152207,0.328149300155521,0.998444790046656,1,0.998459167950693,0.308755760368664,0.996904024767802,0.329230769230769,0.209653092006033,0.317293233082707,1,0.36144578313253,0.998496240601504,0.9984375,0.21183800623053,0.31306990881459,0.998482549317147,0.998435054773083,0.338414634146341,0.998461538461539,0.324444444444444,0.318181818181818,0.358461538461538,0.758258258258258,0.322734499205087,0.998444790046656,0.334928229665072,0.621621621621622,0.33652312599681,0.998493975903614,0.00150602409638554,1,0.386748844375963,0.8864,0.5671875,0.58307210031348,0.320493066255778,0.331738437001595,0.998442367601246,0.325652841781874,0.998502994011976,0.310769230769231,0.506912442396313,0.342383107088989,0.998432601880878,0.316846986089645,0.320493066255778,0.324451410658307,0.326594090202177,0.998447204968944,0.315132605304212,0.998456790123457,0.424657534246575,0.332317073170732,1,0.327743902439024,0.998459167950693,0.574367088607595,0.323809523809524,0.998439937597504,0.328660436137072,0.314241486068111,0.336990595611285,0.987878787878788,0.329173166926677,1,0.3296875,0.998480243161094,0.3278955954323,1,0.578703703703704,0.314241486068111,0.032,0.30077519379845,0.319875776397516,0.998439937597504,0.313178294573643,0.319938176197836,0.327718223583461,0.337442218798151,0.998461538461539,0.998480243161094,0.333333333333333,0.327160493827161,0.998484848484849,1,0.331797235023041,0.23159509202454,0.0237037037037037,0.686614173228347,1,0.00151057401812689,0.324159021406728,0.998500749625187,0.330188679245283,0.312883435582822,0.322530864197531,0.996937212863706,0.998482549317147,1,0.328849028400598,0.3248,0.326251896813354,0.668730650154799,0.30521472392638,0.998444790046656,0.353941267387944,0.998444790046656,0.998459167950693,0.44031007751938,0.333853354134165,0.323170731707317,0.337423312883436,0.310664605873261,0.322378716744914,0.633281972265023,0.998468606431853,0.998470948012232,0.326747720364742,0.00460122699386503,0.332831325301205,0.325373134328358,0.331782945736434,0.321212121212121,0.309486780715397,0.32370820668693,0.681818181818182,0.356060606060606,0.314814814814815,1,0.330203442879499,0.998477929984779,0.321100917431193,0.317610062893082,0.318181818181818,0.337519623233909,0.316535433070866,0.998432601880878,0.329819277108434,0.800627943485086,0.998452012383901,1,0.998427672955975,0.998444790046656,0.998435054773083,0.887301587301587,0.998463901689708,0.998466257668712,1,0.320300751879699,0.998461538461539,0.331738437001595,0.00153374233128834,0.998463901689708,0.374812593703148,0.998456790123457,0.326018808777429,0.326120556414219,0.324615384615385,0.41304347826087,0.998456790123457,0.331797235023041,0.998447204968944,0.998477929984779,0.998461538461539,0.998487140695915,0,0.32182103610675,0.998468606431853,1,0.326594090202177,1,0.328787878787879,0.998477929984779,0.998459167950693,0.317034700315457,0.334913112164297,0.308527131782946,0.152410575427683,0.330683624801272,0.00153609831029186,0.57973174366617,1,0.327300150829563,0.324031007751938,0.565151515151515,0.998468606431853,0.998435054773083,0.325,0.3359375,0.998463901689708,0.645357686453577,0.691455696202532,0.309597523219814,0.327014218009479,0.995440729483283,0.326530612244898,0.313056379821958,0.998496240601504,0.321981424148607,0.311827956989247,1,0.317901234567901,0.325652841781874,0.319938176197836,0.323076923076923,0.998432601880878,0.998502994011976,1,0.30757341576507,0.334876543209877,0.00916030534351145,0.992260061919505,0.335443037974684,1,1,0.314112291350531,0.334848484848485,0.305936073059361,0.325688073394495,0.324655436447167,0.9984375,0.309148264984227,0.312111801242236,0.555732484076433,1,0.828393135725429,1,0.00156985871271586,0.998482549317147,0.329819277108434,0.998439937597504,1,0.408668730650155,1,0.32807570977918,0.998487140695915,0.316358024691358,0.30503144654088,0.323170731707317,1,0.998475609756098,0.328220858895706,0.412238325281804,0.591549295774648,0.312302839116719,0.998468606431853,1,0.998425196850394,0.321711568938193,0.998480243161094,0.213960546282246,0.998477929984779,0.998454404945904,0.998430141287284,0.998435054773083,0.333333333333333,0.998439937597504,0.32484076433121,0.344036697247706,0.666146645865835,0.314375987361769,1,0.324159021406728,0.326747720364742,0.329635499207607,0.998444790046656,0.312312312312312,0.9984375,0.331838565022422,0.490106544901065,0.328725038402458,0.327586206896552,0.320061255742726,0.998468606431853,0.318818040435459,0.31619937694704,1,0.998480243161094,0.334360554699538,0.311145510835913,1,0.458521870286576,0.325434439178515,0.338957055214724,0.334355828220859,0.670769230769231,0.998412698412698,0.30064308681672,0.998477929984779,0.405616224648986,0.314728682170543,0.00152671755725191,0.881381381381381,0.322884012539185,0.320373250388802,0.00148367952522255,0.027906976744186,0.979813664596273,0.320061255742726,0.998461538461539,0.318461538461538,0.320695102685624,1,0.332326283987915,0.324492979719189,0.661993769470405,0.998442367601246,0.326053042121685,0.327044025157233,0.998447204968944,0.309559939301973,0.312597200622084,0.998449612403101,0.338957055214724,0.322222222222222,0.326717557251908,0.334883720930233,0.794251134644478,1,0.978056426332288,0.998484848484849,0.998461538461539,0.003125,0.998468606431853,0.993836671802773,1,0.414330218068536,0.998427672955975,0.317365269461078,0.99388379204893,0.341049382716049,0.996955859969559,0.595808383233533,0.621987951807229,0.329286798179059,0.319634703196347,0.622291021671827,0.320813771517997,0.00151975683890578,0.617151607963247,0.674050632911392,0.326717557251908,0.00313479623824451,0.318885448916409,0.311827956989247,0.772585669781931,0.335365853658537,0.678071539657854,0.581648522550544,0.327666151468315,0.322727272727273,0.302936630602782,1,0.0283159463487332,0.00158227848101266,0.320121951219512,0.333333333333333,0.340458015267176,0.998470948012232,0.341049382716049,0.325227963525836,0.998447204968944,0.312404287901991,0.941628264208909,0.560371517027864,0.998475609756098,0.998491704374057,0.993527508090615,0.326687116564417,0.589665653495441,0.331352154531946,0.313694267515924,0.32093023255814,0.408602150537634,0.998435054773083,0.313271604938272,0.998452012383901,0.327503974562798,0.3264,0.998468606431853,0.32753164556962,0.998505231689088,0.332293291731669,1,0.998463901689708,0.334848484848485,0,0.998484848484849,0.331782945736434,0.998430141287284,0.56221198156682,0.998502994011976,0.50076103500761,0.998502994011976,0.556748466257669,0.998417721518987,0.323296354992076,0.998480243161094,1,0.998449612403101,0.315467075038285,0.330218068535826,0.33034379671151,0.365231259968102,0.331715210355987,0.314503816793893,1,0.337461300309598,0.998384491114701,0.998477929984779,0.333846153846154,0.331761006289308,0.321156773211568,0.39906103286385,0.326807228915663,1,0.998454404945904,0.332312404287902,0.329133858267717,0.620634920634921,0.577639751552795,0.326153846153846,0.31619937694704,0.998427672955975,0.31651376146789,0.319402985074627,0.992175273865415,0.311320754716981,0.318529862174579,0.00153374233128834,0.142640364188164,0.323216995447648,0.677083333333333,0.316846986089645,0.327245053272451,0.585218702865762,0.996884735202492,0.31924882629108,1,0.321100917431193,0.358934169278997,0.324074074074074,0.487022900763359,0.325617283950617,0.998420221169036,0.329704510108865,0.330721003134796,0.336463223787167,0.68018018018018,0.998394863563403,0.334913112164297,0.327743902439024,0.00154798761609907,0.330275229357798,1,0.948484848484848,0.998461538461539,0.321592649310873,0.324074074074074,0.325508607198748,0.565610859728507,0.998449612403101,0.581395348837209,0.337442218798151,1,0.998470948012232,0.966360856269113,0.667180277349769,0.337984496124031,0.371951219512195,0.326747720364742,0.328173374613003,0.998425196850394,0.998489425981873,0.505409582689335,0.620689655172414,0.998456790123457,0.998452012383901,1,0.685126582278481,0.998484848484849,0.332330827067669,0.674922600619195,0.998473282442748,0.329787234042553,0.318952234206472,0.329230769230769,0.998487140695915,0.998484848484849,0.629746835443038,0.324200913242009,0.998442367601246,0.998470948012232,0.325688073394495,0.3125,1,0.0016025641025641,0.322884012539185,0.317829457364341,0.00628930817610063,0.321266968325792,0.998475609756098,0.314465408805031,0.998447204968944,0.150602409638554,0.00149476831091181,0.896396396396396,0.334341906202723,0.998487140695915,0.998463901689708,0.00152905198776758,0.00152671755725191,0.332307692307692,0.998452012383901,0.321543408360129,0.998482549317147,0.318681318681319,0.998444790046656,0.998449612403101,0.961890243902439,0.774539877300613,1,0.998432601880878,0.00470219435736677,1,0.5008,0.330188679245283,0.662079510703364,0.331782945736434,0.998456790123457,0.314900153609831,0.672926447574335,1,0.998427672955975,0.316957210776545,0.601492537313433,0.336923076923077,0.575235109717868,0.9703125,0.329754601226994,0.591185410334346,0.0139103554868624,0.317111459968603,0.330757341576507,0.326153846153846,1,0.630075187969925,0.318112633181126,0.889589905362776,0.580128205128205,0.96390977443609,0.998484848484849,0.998477929984779,0.321928460342146,0.335433070866142,0.320872274143302,0.316770186335404,0.325077399380805,0.603007518796992,0.310030395136778,0.00151057401812689,0.662222222222222,0.998475609756098,0.331297709923664,0.315707620528771,0.325878594249201,0.33030303030303,0.592592592592593,0.998477929984779,0.33535660091047,0.336391437308869,0.341732283464567,0.330733229329173,0.322727272727273,0.31974921630094,0.2,0.669278996865204,0.3359375,0.578386605783866,0.998449612403101,0.236923076923077,0.327613104524181,0.923676012461059,0.998402555910543,0.998459167950693,0.321592649310873,0.622526636225266,0.998461538461539,0.317484662576687,0.302611367127496,0.948275862068966,0.998473282442748,0.998466257668712,0.996870109546166,0.323308270676692,0.998415213946117,0.998473282442748,0.8921875,0.998439937597504,0.365591397849462,0.998491704374057,0.580286168521463,0.998463901689708,0.667664670658683,0.312307692307692,0.584518167456556,0.998447204968944,0.998449612403101,0.992307692307692,0.328787878787879,0.334876543209877,0.331230283911672,0.329770992366412,0.327476038338658,0.338141025641026,0.9828125,0.318112633181126,1,0.998341625207297,0.717095310136157,0.0015625,0.324734446130501,0.325757575757576,0.666666666666667,0.998487140695915,0.554364471669219,0.327327327327327,0.631741140215716,0.316923076923077,0.323943661971831,0.998439937597504,0.322033898305085,0.315705128205128,0.690851735015773,0.899053627760252,0.330396475770925,0.586854460093897,0.558359621451104,0.326747720364742,0.324451410658307,0.3125,0.578538102643857,0.679331306990882,0.998507462686567,0.887675507020281,0.998489425981873,0.661094224924012,0.998435054773083,0.572964669738863,0.321044546850998,0.333860759493671,0.998487140695915,0.998487140695915,0.423493044822257,0.993660855784469,0.996955859969559,0.998463901689708,0.32093023255814,0.329754601226994,1,0.327459618208517,0.67687595712098,0.334883720930233,0.446319018404908,0.306376360808709,0.00153846153846154,0.317629179331307,0.998442367601246,0.99837925445705,0.578787878787879,0.00306748466257669,0.337423312883436,0.330218068535826,0.103235747303544,0.424960505529226,0.998454404945904,0.998447204968944,0.326219512195122,0.998463901689708,0.4,1,0.329376854599407,0.577912254160363,0.328746177370031,0.325617283950617,0.998435054773083,0.00158730158730159,1,0.311004784688995,0.329211746522411,1,0.998454404945904,1,0.43879173290938,1,0.322480620155039,0.607305936073059,0.331297709923664,0.333863275039746,0.00302571860816944,0.0415384615384615,0.998427672955975,0.608087091757387,0.998461538461539,0.331804281345566,0.332805071315372,0.998439937597504,0.998447204968944,0.158461538461538,0.32469512195122,0.998484848484849,0.893617021276596,1,0.324773413897281,0.207165109034268,0.661608497723824,0.998491704374057,1,0.998435054773083,1,0.998516320474777,0.296969696969697,0.312977099236641,0.998456790123457,0.122641509433962,0.00155763239875389,0.437308868501529,0,0.334876543209877,0.998461538461539,0.671317829457364,1,0.998470948012232,0.883435582822086,1,0.678195488721804,0.998480243161094,0.998427672955975,1,0.998475609756098
"587",0.00163132137030995,0,0.0016,0.00161812297734628,0,0.00158982511923688,0.276948590381426,0,0.00157977883096367,0.899505766062603,0.00156494522691706,0.963549920760697,0.1875,0.00158478605388273,0.688417618270799,0.699212598425197,0.944707740916272,0.31063122923588,0,0.0016025641025641,0.719354838709677,0.705691056910569,0.00156494522691706,0.854430379746835,0.00155763239875389,0.687301587301587,0.699029126213592,0.00164744645799012,0.00157728706624606,0.210272873194221,0.7,0.276729559748428,0.0317460317460317,0.689984101748808,1,0.00165562913907285,0.4576,0.0015600624024961,0.713622291021672,0.00156739811912226,0.322222222222222,0.3072,0.302652106084243,0,0.00165289256198347,0.694078947368421,0.696969696969697,0.700305810397553,0.69047619047619,0.681388012618297,1,0.0016260162601626,0.702060221870048,0.0016,0.00159235668789809,0.505766062602965,0.439542483660131,0.00160771704180064,0,0.00161030595813205,0.676190476190476,0.69620253164557,0.692682926829268,0.309409888357257,0,0,0.971608832807571,0.00164203612479475,0.950844854070661,0.685446009389671,0.00157728706624606,0.684210526315789,0.683523654159869,0.0340356564019449,0.481832543443918,0.00153846153846154,0.708920187793427,0.680685358255452,0.00155038759689922,0.701149425287356,0.909531502423263,0.690095846645367,0.686804451510334,0.0016025641025641,0.674121405750799,0,0,0.00157728706624606,0.00160513643659711,0.299679487179487,0,0.00154083204930663,1,0.89873417721519,0.00162074554294976,0.964230171073095,0.998405103668262,0,0.435139573070608,0.315619967793881,0.00158478605388273,0.95016077170418,0.697411003236246,0.00165837479270315,0.693290734824281,0,0.300314465408805,0,0.694805194805195,0.691588785046729,0.690140845070423,0.00158730158730159,0.6896,0.00158227848101266,0.501552795031056,0.00154798761609907,0.696682464454976,0.694136291600634,0.685358255451713,0.702265372168285,0.51510333863275,0.0016025641025641,0.68075117370892,0.696920583468395,0.00158227848101266,0.705882352941177,0.00151515151515152,0.00156739811912226,0.668810289389068,0.461778471138846,0.00164203612479475,0.6944,0.0016025641025641,0.966205837173579,0.00160771704180064,0.6953125,0.3104,0.678233438485804,0.0614173228346457,0.579901153212521,0.900813008130081,0.908360128617363,0.00158982511923688,0.00163132137030995,0.678288431061807,0,0.691472868217054,0,0.185126582278481,0.00156494522691706,0.685950413223141,0,0.0016025641025641,0,0,0.677830940988836,0.0016,0.692307692307692,0.741626794258373,0.00157977883096367,0.699530516431925,0,0.713607594936709,0.918138041733547,0.00162074554294976,0.7,0.00158227848101266,0.0015748031496063,0.00162074554294976,0.682464454976303,0.00161030595813205,0.687702265372168,0.00161290322580645,0.710144927536232,0.00164473684210526,0.69377990430622,0.936204146730462,0.0015748031496063,0.354409317803661,0.00161812297734628,0.0016,0.694444444444444,0.00157728706624606,0,0.00158730158730159,0.00160513643659711,0.689542483660131,0.69435736677116,0.00164203612479475,0.00161290322580645,0.6890625,0.694041867954911,0.00156985871271586,0.5424,0.326687116564417,0.998394863563403,0.698541329011345,0.324237560192616,0.00158982511923688,0.690363349131122,0.00163398692810458,0.0015625,0.00157977883096367,0.700320512820513,0.684698608964451,0.684380032206119,0.00154320987654321,0.00163398692810458,0.00156739811912226,1,0,0.701923076923077,0.0207667731629393,0.688498402555911,0.703703703703704,0.248803827751196,0.00162074554294976,0.0015748031496063,0.00160771704180064,0,0.00162866449511401,0.967793880837359,0.693679092382496,0.6864,0.00156494522691706,0.303656597774245,0.00156739811912226,0,0.00160513643659711,0.00159744408945687,0.00156494522691706,0.00154320987654321,0.998410174880763,0.678233438485804,0.00157232704402516,0.697411003236246,0.00161812297734628,0.704944178628389,0.00157728706624606,0.00161812297734628,0.00158730158730159,0.00161812297734628,0.00164203612479475,0.688995215311005,0.0016025641025641,0.487179487179487,0.687600644122383,0.683153013910355,0.689144736842105,0.693650793650794,0.677367576243981,0.594155844155844,0.681159420289855,0.687106918238994,0.697637795275591,0.00156494522691706,0.687898089171974,0.00166666666666667,0.304212168486739,0.700159489633174,0.687598116169545,0.673667205169628,0.00161812297734628,0.0016025641025641,0,0.742351046698873,0.689763779527559,0.00158227848101266,0.694942903752039,0.680555555555556,0.699842022116904,0.687203791469194,0.304140127388535,0,0.68944099378882,0.691082802547771,0.0016,0.707516339869281,0.0015625,0.702060221870048,0.69551282051282,0.00164473684210526,0,0.00156985871271586,0.458860759493671,0,0.296950240770466,0.920367534456355,0.691693290734824,0,0.00159235668789809,0.90521327014218,0.688087774294671,0.679674796747967,0,0.00159489633173844,0.704866562009419,0.985668789808917,0.998363338788871,0.0016260162601626,0.0016366612111293,0.676923076923077,0.00158982511923688,0,0.696825396825397,0.00156494522691706,0,0.693163751987281,0.00158730158730159,0,0.00157232704402516,0,0.692675159235669,0.699386503067485,0.679276315789474,0.00159489633173844,0.0016260162601626,0.316614420062696,0.687702265372168,0.00163398692810458,0.695583596214511,0.709415584415584,0.00156494522691706,0,0.0016025641025641,0.0016260162601626,0.00160771704180064,0.688311688311688,0,0.00159235668789809,0.8992,0.67817896389325,0.526570048309179,0.698697068403909,0.317610062893082,0.696734059097978,0,0.704,0.681372549019608,0.74294670846395,0.6921875,0,0.683544303797468,0.00157977883096367,0.00161030595813205,0.0015625,0.700636942675159,0.690993788819876,0.00158478605388273,0.0678807947019868,0.941272430668842,0.00161030595813205,0.690251572327044,0.69344262295082,0.699346405228758,0.00164203612479475,0.683307332293292,0.518110236220472,0.682539682539683,0.701095461658842,0.697115384615385,0.7008,0.00156739811912226,0.684552845528455,0.00162337662337662,0.00157232704402516,0.998422712933754,0.00161290322580645,0.690821256038647,0.00157977883096367,0.00154798761609907,0,0.678456591639871,0.00156739811912226,0.702922077922078,0.00153609831029186,0.163492063492063,0.00158982511923688,0.00161550888529887,0.0015527950310559,0.698890649762282,0.00162337662337662,0.00161550888529887,0.70253164556962,0.69620253164557,0.0015748031496063,0,0.694753577106518,0.816037735849057,0.00162866449511401,0.0016025641025641,0.00157977883096367,0.998407643312102,0.702746365105008,0,0.704654895666132,0.759229534510433,0,0.319685039370079,0.5671875,0.00162074554294976,0,0.316998468606432,0.2672,0.664566929133858,0,0.68503937007874,0.0016025641025641,0,0.680064308681672,0,0.00162337662337662,0.995207667731629,0.688394276629571,0.00159235668789809,0.00161030595813205,0.688925081433225,0.0015625,0.00162337662337662,0.707119741100324,0.665109034267913,0,0.00157232704402516,0.0016025641025641,0.469483568075117,0.702362204724409,0.674085850556439,0.693623639191291,0.682316118935837,0.308064516129032,0.6828125,0.678513731825525,0.6984375,0.759615384615385,0.685393258426966,0.00157728706624606,0.689814814814815,0.00161812297734628,0.697637795275591,0.915123456790123,0.959183673469388,0,0.0015552099533437,0.966346153846154,0.0016260162601626,0.300314465408805,0.968152866242038,0.993548387096774,0.00157728706624606,0.313001605136437,0,0.0016025641025641,0.457326892109501,0.00157977883096367,1,0.935855263157895,0.00157232704402516,0,0.0016,0.688816855753647,0.339339339339339,0.297029702970297,0.00786163522012579,0,0.00938967136150235,0.709470304975923,0.660347551342812,0.00160513643659711,0.707317073170732,0.0015748031496063,0.635772357723577,0.896551724137931,0.704761904761905,0.688372093023256,0.676767676767677,0.00156985871271586,0.923794712286159,0.0015625,0,0.00158478605388273,0.737678855325914,0.681818181818182,0.00163398692810458,0.687096774193548,0.00162866449511401,0.00165837479270315,0.701095461658842,0,0.685015290519878,0.00161290322580645,0.695161290322581,0.688206785137318,0,0.310177705977383,0.68266253869969,0.0015748031496063,0.699013157894737,0.23444976076555,0.6921875,0.845425867507886,0.692660550458716,0.228070175438596,0.696574225122349,0.0016750418760469,0.688206785137318,0.674641148325359,0.716300940438871,0.00158478605388273,0.0016,0,0.0182119205298013,0.654036243822076,0.00158227848101266,0.685855263157895,0.00158478605388273,0.688118811881188,0.698630136986301,0.00157728706624606,0,0,0.07223113964687,0,0.700310559006211,0.68503937007874,0.00158730158730159,0.0016025641025641,0.956591639871383,0.924193548387097,0.00158730158730159,0.00160771704180064,0.703525641025641,0.0016025641025641,0.00154798761609907,0.699680511182109,0.00163934426229508,0.00158478605388273,0.300632911392405,0.454545454545455,0.0016,0.998475609756098,0.0016,0.00156739811912226,0.902668759811617,0.6848,0.00161812297734628,0.689102564102564,0.0016025641025641,0.0256821829855538,0.00158730158730159,0.176100628930818,0.00161030595813205,0.684818481848185,0.00158478605388273,0.00161290322580645,0,0.998439937597504,0.7,0.0016260162601626,0.00157232704402516,0.316720257234727,0.00158478605388273,0.6864,0.65,0.691943127962085,0.00157728706624606,0.00157977883096367,0.00163934426229508,0.913928012519562,0.693181818181818,0.912685337726524,0,0.697492163009404,0.702194357366771,0.655948553054662,0.998397435897436,0.00160771704180064,0.0353130016051364,0.0015748031496063,0.00157232704402516,0.684466019417476,0.700617283950617,0.840322580645161,0.971428571428571,0.687400318979266,0.701112877583466,0.685126582278481,1,0.696629213483146,0.00155038759689922,0.998381877022654,0.693146417445483,0.00157728706624606,0.00160513643659711,0.0016025641025641,0.696540880503145,0.695924764890282,0.973684210526316,0.00158730158730159,0.696485623003195,0.699842022116904,0,0,0.688394276629571,0.301003344481605,0,0.0016260162601626,0.296825396825397,0.0015625,0.697674418604651,0,0.695102685624013,0.473354231974922,0.327073552425665,0.609642301710731,0.00160513643659711,0.707165109034268,0.695721077654517,0.308441558441558,0.328197226502311,0.00158982511923688,0.682464454976303,0.00164744645799012,0.688271604938272,0.00160771704180064,0.6875,0.704944178628389,0.658767772511848,0.491338582677165,0.702439024390244,0.701954397394137,0.325914149443561,0.691338582677165,0.857859531772575,0.0016,0.998439937597504,0.00157977883096367,0.718241042345277,0.0016,0.998405103668262,0.684887459807074,0.68860353130016,0,0.952086553323029,0.00159235668789809,0.916129032258065,0.669316375198728,0,0.940988835725678,0.318471337579618,0.00157728706624606,0.00158478605388273,0.00156494522691706,0.69672131147541,0.970125786163522,0.0015625,0.573505654281099,0.9064039408867,0.652173913043478,0.688188976377953,0.678740157480315,0.00157977883096367,0.00162337662337662,0.00162074554294976,0.00158478605388273,0.00157232704402516,0.939814814814815,0.00317460317460317,0.307941653160454,0.998466257668712,0.693290734824281,0.00157232704402516,0,0.00163398692810458,0.00155763239875389,0.915873015873016,0.693146417445483,0,0.0016025641025641,0.00163934426229508,0.00160513643659711,0.00158982511923688,0.00161290322580645,0.507064364207221,1,0.00159489633173844,0.920382165605096,0.688291139240506,0.561128526645768,0.00158478605388273,0.607142857142857,0.696223316912972,0.7008,0.00161030595813205,0.971563981042654,0.697965571205008,0.00157728706624606,0,0.641693811074919,0.700626959247649,0.699044585987261,0.695581014729951,0.00157977883096367,0.684380032206119,0.69620253164557,0.6,0.69047619047619,0.0234741784037559,0.691717791411043,0.92741935483871,0.690966719492868,0.998449612403101,0,0.913322632423756,0.705977382875606,0.697712418300654,0.689822294022617,0.0015625,0.00158730158730159,0.00162866449511401,0.00158982511923688,0.00161030595813205,0.00161290322580645,0.678104575163399,0.0015748031496063,0.696969696969697,0.698305084745763,0.406349206349206,0.312,0,0.00157728706624606,0.998422712933754,0.7,0.885167464114832,0,0.9712,0.00157232704402516,0,0.69551282051282,0,0.00165016501650165,0.382258064516129,0.597701149425287,0.00455927051671732,0.92246835443038,0.901612903225806,0.00156985871271586,0.00161550888529887,0.00158730158730159,0.915739268680445,0.998449612403101,0.697160883280757,0.584,0.690625,1,0.68189233278956,0.917898193760263,0.00159235668789809,0.00163398692810458,0.686821705426357,0.688783570300158,0.756410256410256,0.6721044045677,0.689873417721519,0.687400318979266,0.00158478605388273,0.00160513643659711,0.688417618270799,0.00152439024390244,0.9984,0,0.786283891547049,0.0016,0.308426073131955,0,0.706436420722135,0.703583061889251,0.932069510268562,0.314553990610329,0.00159235668789809,0.00161812297734628,0.188102893890675,0.107084019769357,0.69281045751634,0.696428571428571,0.00159744408945687,0.698717948717949,0.743178170144462,0.687296416938111,0.00157232704402516,0.902711323763955,0,0,0.695374800637959,0.300492610837438,0.702922077922078,0.00162074554294976,0,0.699367088607595,0.701892744479495,0.685847589424572,0.149425287356322,0.690705128205128,0.00158982511923688,0.949764521193093,0.00158730158730159,0,0.298722044728434,0.339256865912762,0.693200663349917,0.948194662480377,0.685990338164251,0.00158730158730159,0,0.706539074960128,0.684466019417476,0.357827476038339,0,0.693877551020408,0.648902821316614,0.701095461658842,0.0156985871271586,0.516025641025641,0.998439937597504,0.707086614173228,0.6859375,0.67699836867863,0.702479338842975,0.690140845070423,0.0299684542586751,0.00160513643659711,0.696682464454976,0.45114006514658,0.307814992025518,0.767772511848341,0.302479338842975,0.00160513643659711,0.685624012638231,0.998376623376623,0.684375,0.69435736677116,0.657097288676236,0.692926045016077,1,0.675718849840256,0.69721767594108,0.689935064935065,0.695374800637959
"588",0.292259083728278,0.314465408805031,0.307931570762053,0.329113924050633,0.307219662058372,0.308777429467085,0.00810372771474878,0.321875,0.309262166405024,0.584,0.316030534351145,0.643302180685358,0.5125,0.321144674085851,1,1,0.622464898595944,0,0.32093023255814,0.308049535603715,1,1,0.315384615384615,0.521538461538462,0.303353658536585,1,1,0.325878594249201,0.306748466257669,0.520504731861199,1,0.588414634146341,0.363494539781591,0.995327102803738,0.666141732283465,0.300813008130081,0.132398753894081,0.315132605304212,1,0.302752293577982,0.0031104199066874,0,0,0.326018808777429,0.308426073131955,1,0.99375,1,1,1,0.693498452012384,0.3234375,1,0.321928460342146,0.310077519379845,0.811802232854864,0.115506329113924,0.320872274143302,0.315789473684211,0.319685039370079,0.990783410138249,1,1,0.00469483568075117,0.3168,0.314814814814815,0.664025356576862,0.31974921630094,0.625,1,0.31441717791411,1,1,0.271860095389507,0.154083204930663,0.311349693251534,1,0.995412844036697,0.315950920245399,1,0.608766233766234,1,1,0.313935681470138,1,0.316187594553706,0.306581059390048,0.326594090202177,0.319314641744548,0,0.3152,0.322239031770045,0.69170579029734,0.596302003081664,0.306853582554517,0.642201834862385,0.6875,0.306625577812018,0.112179487179487,0,0.307453416149068,0.623417721518987,1,0.312803889789303,1,0.313880126182965,0,0.309968847352025,1,1,1,0.297169811320755,0.995268138801262,0.3198127925117,0.203957382039574,0.304545454545455,1,0.374233128834356,1,1,0.204368174726989,0.306976744186047,1,1,0.321699544764795,1,0.312775330396476,0.309667673716012,0.362654320987654,0.76840490797546,0.309033280507132,1,0.3198127925117,0.641452344931921,0.328050713153724,1,0.00154320987654321,1,0.369565217391304,0.894904458598726,0.596923076923077,0.611635220125786,0.306376360808709,0.318770226537217,1,0.306376360808709,1,0.301261829652997,0.507716049382716,0.315950920245399,1,0.302839116719243,0.314194577352472,0.319685039370079,0.318541996830428,1,0.309968847352025,1,0.435257410296412,0.317411402157165,1,0.314984709480122,1,0.601587301587302,0.307073954983923,1,0.311627906976744,0.312307692307692,0.324409448818898,0.986003110419907,0.325471698113208,1,0.321259842519685,1,0.308681672025723,1,0.603448275862069,0.297045101088647,0.0307443365695793,0.293103448275862,0.313178294573643,1,0.30298273155416,0.315217391304348,0.308892355694228,0.32755905511811,1,1,0.318979266347687,0.316692667706708,1,1,0.318181818181818,0.23374613003096,0.0196374622356495,0.693396226415094,1,0.003125,0.309968847352025,1,0.3168,0.305810397553517,0.304212168486739,0.996913580246914,1,1,0.320121951219512,0.3136,0.308527131782946,0.682888540031397,0.300787401574803,1,0.332288401253919,1,1,0.433021806853583,0.318541996830428,0.315151515151515,0.31859756097561,0.297213622291022,0.300155520995334,0.643302180685358,1,1,0.318952234206472,0.00306278713629403,0.321100917431193,0.307110438729198,0.31733746130031,0.307931570762053,0.299684542586751,0.311178247734139,0.697674418604651,0.361408882082695,0.299065420560748,1,0.318037974683544,1,0.308868501529052,0.305900621118012,0.308176100628931,0.32182103610675,0.303514376996805,1,0.311145510835913,0.810725552050473,1,1,0.996820349761526,1,1,0.898894154818325,1,1,1,0.316436251920123,1,0.316211878009631,0,1,0.390769230769231,1,0.317535545023697,0.316614420062696,0.317610062893082,0.419811320754717,1,0.314641744548287,1,1,1,1,0,0.311708860759494,1,1,0.321316614420063,1,0.318181818181818,1,1,0.299212598425197,0.314102564102564,0.298600311041991,0.143974960876369,0.327974276527331,0,0.61236802413273,1,0.313271604938272,0.317460317460317,0.591331269349845,1,1,0.31629392971246,0.322274881516588,1,0.66358024691358,0.703937007874016,0.289808917197452,0.312893081761006,0.993911719939117,0.322378716744914,0.302710843373494,1,0.313178294573643,0.299689440993789,1,0.297805642633229,0.3140625,0.309968847352025,0.315047021943574,1,1,1,0.300314465408805,0.317683881064163,0.00611620795107034,0.992211838006231,0.32018927444795,1,1,0.307228915662651,0.320061255742726,0.29249617151608,0.317683881064163,0.309707241910632,1,0.296998420221169,0.303405572755418,0.583860759493671,1,0.846275752773376,1,0,1,0.320726172465961,1,1,0.420489296636086,0.998473282442748,0.314465408805031,1,0.308049535603715,0.292452830188679,0.308641975308642,1,1,0.312597200622084,0.392628205128205,0.616113744075829,0.295055821371611,1,1,1,0.311708860759494,1,0.207692307692308,1,1,1,1,0.31570996978852,1,0.313311688311688,0.327014218009479,0.681388012618297,0.300787401574803,1,0.315870570107858,0.30920060331825,0.305379746835443,1,0.300763358778626,1,0.315384615384615,0.480559875583204,0.316279069767442,0.318541996830428,0.304347826086957,1,0.320552147239264,0.304075235109718,1,1,0.313084112149533,0.299065420560748,1,0.479876160990712,0.311605723370429,0.31733746130031,0.324159021406728,0.691588785046729,1,0.2896,1,0.419968304278922,0.309748427672956,0,0.879573170731707,0.314285714285714,0.31496062992126,0,0.0233644859813084,0.981191222570533,0.317535545023697,1,0.305993690851735,0.315457413249211,1,0.319018404907975,0.309597523219814,0.682442748091603,1,0.316037735849057,0.318110236220472,1,0.30757341576507,0.303030303030303,1,0.33641975308642,0.304,0.311550151975684,0.330188679245283,0.807692307692308,1,0.979430379746835,1,1,0.0015600624024961,1,0.993759750390016,1,0.428346456692913,0.996830427892235,0.304675716440422,0.993966817496229,0.325949367088608,0.996923076923077,0.609682299546142,0.639570552147239,0.312977099236641,0.307219662058372,0.643410852713178,0.318471337579618,0,0.643192488262911,0.6912,0.312404287901991,0.00154083204930663,0.305555555555556,0.298904538341158,0.778129952456418,0.317262830482115,0.695517774343122,0.596546310832025,0.314465408805031,0.309486780715397,0.296583850931677,1,0.0239162929745889,0,0.308892355694228,0.319875776397516,0.334370139968896,1,0.340729001584786,0.309486780715397,1,0.305772230889236,0.943485086342229,0.584786053882726,1,1,0.993431855500821,0.313546423135464,0.611111111111111,0.320726172465961,0.304065040650407,0.309748427672956,0.420731707317073,1,0.302839116719243,1,0.319286871961102,0.315873015873016,1,0.315789473684211,1,0.317262830482115,1,1,0.31832298136646,0,1,0.324031007751938,1,0.559748427672956,1,0.519440124416796,1,0.559006211180124,1,0.315372424722662,1,1,1,0.308166409861325,0.318471337579618,0.311278195488722,0.339116719242902,0.33115823817292,0.300469483568075,1,0.323943661971831,1,1,0.317411402157165,0.31637519872814,0.306625577812018,0.37914691943128,0.324655436447167,1,1,0.319938176197836,0.317535545023697,0.638709677419355,0.59717868338558,0.311424100156495,0.319554848966614,1,0.307332293291732,0.313813813813814,0.996884735202492,0.298722044728434,0.304147465437788,0,0.144817073170732,0.316279069767442,0.682962962962963,0.304897314375987,0.31733746130031,0.608964451313756,0.996850393700787,0.305164319248826,1,0.31201248049922,0.33968253968254,0.312210200927357,0.466049382716049,0.31104199066874,1,0.317972350230415,0.310725552050473,0.329617834394904,0.694573643410853,1,0.322169059011164,0.315950920245399,0,0.32469512195122,0.998447204968944,0.955993930197269,1,0.306501547987616,0.320373250388802,0.312698412698413,0.595129375951294,1,0.600644122383253,0.333333333333333,1,1,0.967441860465116,0.687402799377916,0.327131782945736,0.355932203389831,0.316770186335404,0.312977099236641,1,1,0.5140625,0.640746500777605,1,1,0.998484848484849,0.696629213483146,1,0.316109422492401,0.693037974683544,1,0.321928460342146,0.315955766192733,0.30564263322884,0.996918335901387,1,0.643769968051118,0.313364055299539,1,1,0.322378716744914,0.314329738058552,0.9984375,0,0.310344827586207,0.306603773584906,0.00637958532695375,0.308166409861325,1,0.308681672025723,1,0.143740340030912,0,0.909090909090909,0.325652841781874,1,1,0,0.00154559505409583,0.314641744548287,1,0.303937007874016,0.996965098634294,0.304140127388535,1,1,0.965785381026439,0.774844720496894,1,1,0.0046583850931677,1,0.525641025641026,0.32695374800638,0.682027649769585,0.326186830015314,1,0.303459119496855,0.678955453149002,1,1,0.311004784688995,0.626686656671664,0.324615384615385,0.600311041990669,0.971428571428571,0.323899371069182,0.610248447204969,0.0122699386503067,0.3125,0.309923664122137,0.318885448916409,1,0.643185298621746,0.30441400304414,0.890282131661442,0.598387096774194,0.967987804878049,1,1,0.31055900621118,0.32484076433121,0.303514376996805,0.308049535603715,0.305084745762712,0.624620060790274,0.299079754601227,0,0.682962962962963,0.998412698412698,0.311811023622047,0.311111111111111,0.308441558441558,0.316109422492401,0.6125,1,0.328746177370031,0.332298136645963,0.319354838709677,0.31924882629108,0.307219662058372,0.302469135802469,0.196620583717358,0.68362480127186,0.316692667706708,0.601226993865031,1,0.234375,0.310618066561014,0.923197492163009,1,1,0.306853582554517,0.643962848297214,1,0.30781010719755,0.296529968454259,0.956937799043062,1,1,0.996830427892235,0.31201248049922,1,1,0.905511811023622,1,0.336906584992343,1,0.596122778675283,1,0.674347158218126,0.309148264984227,0.608763693270736,1,1,0.992088607594937,0.320182094081942,0.316998468606432,0.318770226537217,0.320493066255778,0.313099041533546,0.316957210776545,0.985759493670886,0.305810397553517,1,1,0.721538461538462,0,0.319571865443425,0.311450381679389,0.681538461538462,1,0.571205007824726,0.322775263951735,0.655007949125596,0.304821150855365,0.309791332263242,1,0.306853582554517,0.311986863711002,0.685534591194969,0.916264090177134,0.319940476190476,0.605055292259084,0.587677725118483,0.31733746130031,0.315873015873016,0.299689440993789,0.602803738317757,0.684292379471229,1,0.888024883359253,1,0.674311926605505,0.996810207336523,0.596546310832025,0.315132605304212,0.316535433070866,1,1,0.436420722135008,0.993650793650794,0.998454404945904,1,0.304212168486739,0.320373250388802,1,0.311649016641452,0.691358024691358,0.326625386996904,0.456828885400314,0.2992,0,0.304147465437788,1,1,0.603744149765991,0.00153609831029186,0.318252730109204,0.30829420970266,0.0909090909090909,0.421303656597774,1,1,0.30781010719755,1,0.423547400611621,1,0.319402985074627,0.603100775193798,0.322480620155039,0.309859154929577,1,0,1,0.297253634894992,0.317610062893082,1,1,1,0.444620253164557,1,0.311912225705329,0.628440366972477,0.323529411764706,0.317666126418152,0.00154083204930663,0.0359375,1,0.624803767660911,1,0.318252730109204,0.323809523809524,1,1,0.152777777777778,0.311248073959938,1,0.902777777777778,1,0.314285714285714,0.202194357366771,0.6734375,1,1,1,1,1,0.286585365853659,0.300925925925926,1,0.118110236220472,0.0015527950310559,0.450229709035222,0,0.322981366459627,1,0.685805422647528,1,1,0.893416927899687,1,0.687306501547988,1,1,1,1
"589",1,1,1,1,1,1,0.69922480620155,1,1,0.0987460815047022,1,0.0404191616766467,0.81055900621118,1,0.313161875945537,0.309451219512195,0.0615615615615616,0.684542586750789,1,1,0.295731707317073,0.317901234567901,1,0.159332321699545,1,0.329803328290469,0.318252730109204,1,1,0.784375,0.311649016641452,0.728943338437979,0.968036529680365,0.32258064516129,0,1,0.530046224961479,1,0.302985074626866,1,0.657407407407407,0.673846153846154,0.686274509803922,1,1,0.322327044025157,0.317411402157165,0.320417287630402,0.325301204819277,0.335866261398176,0,1,0.322727272727273,1,1,0.5,0.550077041602465,1,1,1,0.334834834834835,0.32262996941896,0.317411402157165,0.673405909797823,1,1,0.0323574730354391,1,0.0533333333333333,0.322727272727273,1,0.326656394453005,0.332283464566929,0.973478939157566,0.509803921568627,1,0.314199395770393,0.343373493975904,1,0.326498422712934,0.0868217054263566,0.3328173374613,0.328267477203647,1,0.33535660091047,1,1,1,1,0.686453576864536,1,1,0.00150829562594268,0.102409638554217,1,0.0409356725146199,0,1,0.549606299212598,0.664098613251156,1,0.0509259259259259,0.321100917431193,1,0.322085889570552,1,0.682299546142209,1,0.323664122137405,0.321699544764795,0.325757575757576,1,0.328767123287671,1,0.477996965098634,1,0.325190839694657,0.301059001512859,0.333825701624815,0.31937984496124,0.474320241691843,0.998459167950693,0.334332833583208,0.32093023255814,1,0.310975609756098,1,1,0.321646341463415,0.549925484351714,1,0.322188449848024,1,0.0387481371087928,1,0.31981981981982,0.667673716012085,0.338414634146341,0.937019969278034,0.429906542056075,0.101694915254237,0.0960365853658537,1,1,0.331259720062208,1,0.327380952380952,1,0.806990881458967,1,0.330696202531646,1,1,1,1,0.337461300309598,1,0.322932917316693,0.254185692541857,1,0.316341829085457,1,0.306060606060606,0.086687306501548,1,0.317262830482115,1,1,1,0.34789156626506,1,0.3296875,1,0.314984709480122,1,0.329652996845426,0.0745814307458143,1,0.62992125984252,1,1,0.320987654320988,1,1,1,1,0.326251896813354,0.319340329835082,1,0.998463901689708,0.314285714285714,0.3140625,1,0.43030303030303,0.664723032069971,0,0.324116743471582,0.668683812405446,1,0.332326283987915,1,0.998482549317147,1,0.316590563165906,0.322916666666667,0.327160493827161,1,1,1,0,1,0.312883435582822,0.974045801526718,0.332302936630603,0.313664596273292,0.741935483870968,1,1,1,1,1,0.0399385560675883,0.324074074074074,0.329787234042553,1,0.679389312977099,1,1,0.998466257668712,0.998477929984779,1,1,0.00457317073170732,0.318181818181818,1,0.3125,1,0.313546423135464,1,1,1,1,1,0.324655436447167,1,0.517080745341615,0.331811263318113,0.329341317365269,0.319314641744548,0.323076923076923,0.338509316770186,0.420472440944882,0.333843797856049,0.319634703196347,0.315467075038285,1,0.332826747720365,1,0.680534918276374,0.321592649310873,0.30688622754491,0.341984732824427,1,1,1,0.253499222395023,0.32312404287902,1,0.314728682170543,0.337313432835821,0.317411402157165,0.324734446130501,0.681538461538462,1,0.322239031770045,0.322981366459627,1,0.314553990610329,1,0.319277108433735,0.324615384615385,1,1,1,0.529953917050691,1,0.67737003058104,0.0824742268041237,0.328746177370031,1,1,0.0924242424242424,0.326747720364742,0.329738058551618,1,1,0.31039755351682,0.0245398773006135,0.00313479623824451,1,1,0.345345345345345,0.998468606431853,1,0.315555555555556,1,1,0.322188449848024,1,1,1,1,0.331278890600925,0.317979197622585,0.334389857369255,1,1,0.660633484162896,0.327160493827161,1,0.324283559577677,0.309597523219814,1,1,0.998475609756098,1,1,0.327160493827161,1,1,0.1046875,0.341906202723147,0.496941896024465,0.311627906976744,0.662037037037037,0.320668693009119,1,0.312401883830455,0.335423197492163,0.257575757575758,0.323922734026746,1,0.329850746268657,1,1,1,0.315217391304348,0.320950965824666,0.998487140695915,0.925984251968504,0.062015503875969,1,0.316187594553706,0.328173374613003,0.312210200927357,1,0.328358208955224,0.45619335347432,0.334862385321101,0.314112291350531,0.31832298136646,0.31201248049922,1,0.330733229329173,1,1,0,1,0.328682170542636,1,1,1,0.334370139968896,1,0.315625,1,0.830075187969925,1,1,1,0.32312404287902,1,1,0.311926605504587,0.316590563165906,1,1,0.320552147239264,0.193061840120664,1,0.998468606431853,1,0,0.318885448916409,1,0.312977099236641,0.24653312788906,1,0.671253822629969,0.44812030075188,1,1,0.665198237885463,0.692073170731707,0.353302611367127,1,0.324655436447167,1,1,0.342507645259939,1,0.9984375,0.00770416024653313,0.33641975308642,1,1,0.327613104524181,1,1,0.316614420062696,0.329754601226994,1,1,1,0.534954407294833,0.311926605504587,0.351937984496124,0.326865671641791,0.337941628264209,0.68160741885626,0.331325301204819,0.336923076923077,0.320839580209895,0.243119266055046,0.315301391035549,1,0.324812030075188,0.998454404945904,0.322338830584708,0.0848214285714286,0.0455927051671733,1,1,0.0364741641337386,1,0.686011904761905,0.037821482602118,0.0108864696734059,1,0.675384615384615,1,1,0.544461778471139,1,0,0.0713153724247227,1,1,1,0.326053042121685,0.63901018922853,0.69047619047619,0.992412746585736,1,0.983128834355828,0.310872894333844,0.333333333333333,1,0.312111801242236,1,0.375,0.105590062111801,0.307692307692308,0.324850299401198,0.344051446945338,1,0.0750750750750751,1,1,1,0.257186081694402,0.322033898305085,1,0.324655436447167,1,1,0.313056379821958,1,0.323008849557522,1,0.315950920245399,0.335413416536661,1,0.671274961597542,0.323442136498516,1,0.320433436532508,0.751902587519026,0.315868263473054,0.160849772382398,0.324483775811209,0.763636363636364,0.312404287901991,1,0.326153846153846,0.345864661654135,0.298192771084337,1,1,1,0.97045101088647,0.335987261146497,1,0.325949367088608,1,0.325949367088608,0.329866270430906,1,1,1,0.922839506172839,1,0.312781954887218,0.325190839694657,1,1,0.0477657935285054,0.0791925465838509,1,1,0.310769230769231,1,1,0.31441717791411,1,1,0.672699849170437,0.523952095808383,1,0,1,1,0.0968703427719821,0.324655436447167,1,0.325652841781874,0.998459167950693,0.969135802469136,0.998473282442748,0.816816816816817,1,0.327044025157233,1,1,1,0,0.314194577352472,1,1,0.671709531013616,1,0.322137404580153,0.358778625954198,0.331804281345566,1,1,1,0.0909090909090909,0.32258064516129,0.0856697819314642,0.998461538461539,0.317507418397626,0.309090909090909,0.354449472096531,0,1,0.959398496240601,1,1,0.324960753532182,0.305722891566265,0.164576802507837,0.0356589147286822,0.328767123287671,0.310769230769231,0.332330827067669,0.00155038759689922,0.316109422492401,1,0,0.323216995447648,1,1,1,0.3267776096823,0.332321699544765,0.0313479623824451,1,0.313935681470138,0.314199395770393,1,1,0.320121951219512,0.684126984126984,1,1,0.682170542635659,1,0.315396113602392,1,0.327692307692308,0.524812030075188,0.668665667166417,0.412202380952381,1,0.301204819277108,0.320182094081942,0.675265553869499,0.650817236255572,1,0.327300150829563,1,0.328928046989721,1,0.320610687022901,0.313846153846154,0.355725190839695,0.521804511278195,0.328638497652582,0.313178294573643,0.658986175115207,0.326347305389222,0.14218009478673,1,0,1,0.294117647058824,1,0,0.328197226502311,0.325581395348837,1,0.053019145802651,1,0.0852359208523592,0.33695652173913,1,0.0625954198473282,0.661094224924012,1,1,1,0.32753164556962,0.036036036036036,1,0.437978560490046,0.0970266040688576,0.36036036036036,0.323795180722892,0.324364723467862,1,1,1,1,1,0.0607407407407407,0.996969696969697,0.681203007518797,0.00443131462333826,0.328746177370031,1,1,1,1,0.0854961832061069,0.317910447761194,1,1,1,1,1,1,0.475975975975976,0.0015552099533437,1,0.0829562594268477,0.326186830015314,0.430091185410334,1,0.390625,0.318910256410256,0.317147192716237,1,0.036036036036036,0.327217125382263,1,1,0.376190476190476,0.319634703196347,0.320987654320988,0.325545171339564,0.998473282442748,0.330232558139535,0.323170731707317,0.426356589147287,0.328197226502311,0.974242424242424,0.315868263473054,0.0796875,0.336874051593323,0,1,0.0832049306625578,0.309119010819165,0.326086956521739,0.316358024691358,1,1,1,1,1,1,0.333855799373041,1,0.32469512195122,0.321951219512195,0.606980273141123,0.667701863354037,1,1,0,0.317577548005908,0.118279569892473,0.998496240601504,0.0320610687022901,1,1,0.324031007751938,1,1,0.630094043887147,0.416666666666667,0.995626822157434,0.07981220657277,0.100154083204931,1,1,1,0.0840978593272171,0,0.328313253012048,0.432558139534884,0.321375186846039,0,0.330246913580247,0.0804416403785489,1,1,0.330316742081448,0.324242424242424,0.246200607902736,0.346094946401225,0.316964285714286,0.325757575757576,1,1,0.328746177370031,1,0,1,0.221362229102167,1,0.673780487804878,1,0.312977099236641,0.3078125,0.0713201820940819,0.668174962292609,1,1,0.777947932618683,0.892405063291139,0.315950920245399,0.321981424148607,1,0.319938176197836,0.254211332312404,0.33122028526149,1,0.0996978851963746,1,1,0.320552147239264,0.670846394984326,0.315047021943574,1,1,0.321321321321321,0.307575757575758,0.324850299401198,0.849378881987578,0.3171875,1,0.0533536585365854,1,1,0.689655172413793,0.643730886850153,0.324921135646688,0.0513219284603421,0.325190839694657,1,1,0.306376360808709,0.332312404287902,0.611026033690659,1,0.315946348733234,0.372519083969466,0.316742081447964,0.981900452488688,0.455950540958269,0.00308641975308642,0.306278713629403,0.325859491778774,0.328682170542636,0.320987654320988,0.32396449704142,0.971428571428571,1,0.319213313161876,0.538827258320127,0.680981595092024,0.230534351145038,0.680952380952381,1,0.326687116564417,0.00309119010819165,0.33535660091047,0.318731117824773,0.365151515151515,0.32258064516129,0,0.339449541284404,0.325545171339564,0.330188679245283,0.321100917431193
"590",0,0,0,0,0,0,0.298045602605863,0,0,0.902711323763955,0,0.951713395638629,0.1856,0,0.675762439807384,0.69435736677116,0.932283464566929,0.313213703099511,0,0,0.714738510301109,0.691338582677165,0,0.845425867507886,0,0.677519379844961,0.689102564102564,0,0,0.207336523125997,0.684210526315789,0.261275272161742,0.0350076103500761,0.689167974882261,1,0,0.459968602825746,0,0.703245749613601,0,0.336463223787167,0.3140625,0.308282208588957,0,0,0.685214626391097,0.688679245283019,0.692660550458716,0.677570093457944,0.675507020280811,1,0,0.684210526315789,0,0,0.506389776357827,0.435897435897436,0,0,0,0.6734375,0.678855325914149,0.686305732484076,0.315789473684211,0,0,0.956451612903226,0,0.939024390243902,0.68,0,0.68125,0.676898222940226,0.0318471337579618,0.491419656786271,0,0.695924764890282,0.6625,0,0.678048780487805,0.911620294599018,0.675118858954041,0.674603174603175,0,0.663522012578616,0,0,0,0,0.304953560371517,0,0,0.998420221169036,0.89644513137558,0,0.951070336391437,1,0,0.438003220611916,0.322115384615385,0,0.941269841269841,0.692307692307692,0,0.690737833594976,0,0.311811023622047,0,0.682539682539683,0.686915887850467,0.68,0,0.670769230769231,0,0.512307692307692,0,0.686520376175549,0.703937007874016,0.675840978593272,0.684713375796178,0.523125996810207,0.00154798761609907,0.675968992248062,0.686495176848875,0,0.690363349131122,0,0,0.667706708268331,0.456488549618321,0,0.686119873817035,0,0.954337899543379,0,0.689814814814815,0.324031007751938,0.676470588235294,0.0758293838862559,0.570032573289902,0.893141945773525,0.900316455696203,0,0,0.667189952904239,0,0.682779456193353,0,0.191950464396285,0,0.67483660130719,0,0,0,0,0.66824644549763,0,0.677884615384615,0.7339593114241,0,0.680685358255452,0,0.698289269051322,0.913738019169329,0,0.697160883280757,0,0,0,0.6703125,0,0.68312101910828,0,0.696062992125984,0,0.6859375,0.922600619195046,0,0.354943273905997,0,0,0.68621236133122,0,0,0,0,0.678288431061807,0.689335394126739,0,0.00158227848101266,0.684698608964451,0.690208667736758,0,0.559875583203733,0.326251896813354,1,0.68380062305296,0.332298136645963,0,0.677570093457944,0,0.00155038759689922,0,0.684126984126984,0.677519379844961,0.67258064516129,0,0,0,1,0,0.693522906793049,0.0283464566929134,0.6671875,0.691693290734824,0.25705329153605,0,0,0,0,0,0.953198127925117,0.69047619047619,0.673405909797823,0,0.30781010719755,0,0,0,0.00153846153846154,0,0,0.995384615384615,0.67420814479638,0,0.689873417721519,0,0.69701726844584,0,0,0,0,0,0.672985781990521,0,0.482649842271293,0.67817896389325,0.67741935483871,0.691338582677165,0.677215189873418,0.668789808917197,0.581993569131833,0.673469387755102,0.6801872074883,0.682170542635659,0,0.680379746835443,0,0.308282208588957,0.681747269890796,0.690332326283988,0.666666666666667,0,0,0,0.738437001594896,0.6890625,0,0.68370607028754,0.674809160305344,0.690251572327044,0.686244204018547,0.314785373608903,0,0.679506933744222,0.686804451510334,0,0.696920583468395,0,0.685358255451713,0.690140845070423,0,0,0,0.461538461538462,0,0.3078125,0.915407854984894,0.677165354330709,0,0,0.905572755417957,0.6828125,0.672,0,0,0.689230769230769,0.974763406940063,0.996794871794872,0,0,0.660550458715596,0.00156739811912226,0,0.686244204018547,0,0,0.681181959564541,0,0,0,0,0.674528301886792,0.692073170731707,0.672523961661342,0,0,0.324409448818898,0.687598116169545,0,0.682588597842835,0.698587127158556,0,0,0.00154798761609907,0,0,0.675806451612903,0,0,0.89047619047619,0.671875,0.506349206349206,0.694136291600634,0.328593996840442,0.681181959564541,0,0.690208667736758,0.674015748031496,0.746500777604977,0.682098765432099,0,0.677760968229955,0,0,0,0.68895800933126,0.679506933744222,0.00156494522691706,0.0747967479674797,0.934920634920635,0,0.695787831513261,0.680511182108626,0.699680511182109,0,0.672281776416539,0.536163522012579,0.672926447574335,0.690993788819876,0.679802955665025,0.6928,0,0.68362480127186,0,0,1,0,0.685446009389671,0,0,0,0.670364500792393,0,0.6848,0,0.157728706624606,0,0,0,0.6875,0,0,0.694704049844237,0.692789968652038,0,0,0.688473520249221,0.806501547987616,0,0.00153139356814701,0,1,0.690363349131122,0,0.693146417445483,0.754746835443038,0,0.329173166926677,0.565284178187404,0,0,0.323353293413174,0.289556962025316,0.64622641509434,0,0.681528662420382,0,0,0.662480376766091,0,0.00157977883096367,0.990610328638498,0.670826833073323,0,0,0.679748822605965,0,0,0.695024077046549,0.667716535433071,0,0,0,0.464678178963893,0.692546583850932,0.655660377358491,0.682228915662651,0.668238993710692,0.308176100628931,0.669207317073171,0.676425269645609,0.684698608964451,0.756714060031596,0.675850891410049,0,0.682588597842835,0.00156494522691706,0.682965299684543,0.919876733436055,0.944272445820433,0,0,0.957746478873239,0,0.313664596273292,0.950949367088608,0.9875,0,0.3198127925117,0,0,0.457869634340223,0,1,0.924959216965742,0,0,0,0.67981072555205,0.355855855855856,0.309090909090909,0.00619195046439629,0,0.015625,0.705148205928237,0.659235668789809,0,0.695721077654517,0,0.6296875,0.897314375987362,0.694835680751174,0.684129429892142,0.675540765391015,0,0.925349922239502,0,0,0,0.733644859813084,0.677830940988836,0,0.675039246467818,0,0,0.690031152647975,0,0.680851063829787,0,0.698412698412698,0.684782608695652,0,0.318541996830428,0.685887708649469,0,0.684210526315789,0.224137931034483,0.685887708649469,0.842024539877301,0.677760968229955,0.218649517684887,0.694041867954911,0,0.680817610062893,0.665123456790123,0.70625,0,0,0,0.0308943089430894,0.663414634146341,0,0.677938808373591,0,0.681089743589744,0.686635944700461,0,0,0,0.0804416403785489,0,0.692660550458716,0.681181959564541,0,0,0.94912559618442,0.917981072555205,0,0,0.688394276629571,0,0,0.689873417721519,0,0,0.318818040435459,0.469325153374233,0,1,0,0,0.894009216589862,0.67981072555205,0,0.677018633540373,0.0015600624024961,0.0347003154574132,0.0015748031496063,0.171032357473035,0,0.675282714054927,0,0,0,1,0.685154975530179,0,0,0.333333333333333,0,0.68798751950078,0.640502354788069,0.680685358255452,0,0,0,0.911901081916538,0.684210526315789,0.9088,0.00157728706624606,0.690140845070423,0.690440060698027,0.647709320695103,1,0,0.0458135860979463,0,0,0.676190476190476,0.696923076923077,0.834365325077399,0.958466453674121,0.680379746835443,0.694006309148265,0.674922600619195,0.998381877022654,0.693037974683544,0,1,0.68558282208589,0,0,0,0.68075117370892,0.681957186544342,0.962295081967213,0,0.688783570300158,0.685099846390169,0,0,0.680314960629921,0.300492610837438,0,0,0.304897314375987,0,0.690292758089368,0,0.684126984126984,0.480061349693252,0.330275229357798,0.599393019726859,0,0.708333333333333,0.68062015503876,0.320433436532508,0.330246913580247,0,0.67601246105919,0,0.67530487804878,0,0.6796875,0.692431561996779,0.657643312101911,0.474258970358814,0.681089743589744,0.685624012638231,0.336973478939158,0.684698608964451,0.846526655896607,0,1,0,0.711598746081505,0,1,0.677725118483412,0.6864,0,0.939577039274924,0,0.91866028708134,0.664566929133858,0,0.93125,0.323854660347551,0,0,0,0.691437802907916,0.957317073170732,0,0.575516693163752,0.900813008130081,0.645608628659476,0.674922600619195,0.683229813664596,0,0,0,0,0,0.93140243902439,0.00306278713629403,0.309486780715397,0.995440729483283,0.678407350689127,0,0,0,0,0.913928012519562,0.684049079754601,0,0,0,0,0,0,0.521406727828746,0.998422712933754,0,0.913846153846154,0.678125,0.565354330708661,0,0.608974358974359,0.694308943089431,0.684292379471229,0,0.956386292834891,0.675039246467818,0,0,0.633757961783439,0.692307692307692,0.68621236133122,0.678513731825525,0.00154083204930663,0.674528301886792,0.681889763779528,0.585443037974684,0.678855325914149,0.0263157894736842,0.693129770992366,0.919303797468354,0.678899082568807,1,0,0.909379968203498,0.692307692307692,0.681889763779528,0.682615629984051,0,0,0,0,0,0,0.670866141732283,0,0.682539682539683,0.68676716917923,0.398133748055988,0.319685039370079,0,0,1,0.683720930232558,0.883096366508689,0.00153374233128834,0.960815047021944,0,0,0.690208667736758,0,0,0.376190476190476,0.581583198707593,0.0029806259314456,0.918269230769231,0.90224358974359,0,0,0,0.913875598086124,1,0.681957186544342,0.57667731629393,0.683812405446294,1,0.670947030497592,0.911671924290221,0,0,0.675344563552833,0.684292379471229,0.756714060031596,0.66984126984127,0.692068429237947,0.679012345679012,0,0,0.674193548387097,0,1,0,0.77151799687011,0,0.325508607198748,0,0.689763779527559,0.700949367088608,0.922480620155039,0.324534161490683,0,0,0.214953271028037,0.101806239737274,0.674085850556439,0.685714285714286,0,0.68075117370892,0.741085271317829,0.67515923566879,0,0.900311526479751,0,0,0.686708860759494,0.323296354992076,0.691943127962085,0,0,0.689547581903276,0.69435736677116,0.677811550151976,0.139423076923077,0.679936305732484,0,0.941085271317829,0,0,0.298904538341158,0.347692307692308,0.683523654159869,0.942367601246106,0.677725118483412,0,0,0.69826224328594,0.6688,0.369631901840491,0,0.691717791411043,0.624233128834356,0.686821705426357,0.0139103554868624,0.524642289348172,0.995297805642633,0.694704049844237,0.680428134556575,0.669887278582931,0.686900958466454,0.678516228748068,0.0263975155279503,0,0.68944099378882,0.4512,0.3168,0.758293838862559,0.314845024469821,0,0.684044233807267,0.996820349761526,0.668769716088328,0.693498452012384,0.636932707355243,0.6816,1,0.665086887835703,0.67981072555205,0.669303797468354,0.690031152647975
"591",0.298273155416013,0.313935681470138,0.319571865443425,0.323029366306028,0.313546423135464,0.304281345565749,0.0125984251968504,0.320373250388802,0.313455657492355,0.573015873015873,0.31651376146789,0.639570552147239,0.517884914463453,0.320872274143302,1,1,0.628048780487805,0,0.325077399380805,0.309815950920245,1,1,0.322289156626506,0.515479876160991,0.312121212121212,1,1,0.337042925278219,0.308157099697885,0.529503105590062,1,0.583963691376702,0.365151515151515,0.995341614906832,0.668217054263566,0.311897106109325,0.137345679012346,0.32469512195122,1,0.301659125188537,0.0030441400304414,0,0,0.326018808777429,0.309375,1,0.993827160493827,1,1,1,0.686635944700461,0.330721003134796,1,0.317484662576687,0.305810397553517,0.814641744548287,0.123824451410658,0.31974921630094,0.321699544764795,0.321981424148607,0.990936555891239,1,1,0.00462962962962963,0.311320754716981,0.323619631901841,0.654853620955316,0.324492979719189,0.616191904047976,1,0.319148936170213,1,1,0.274881516587678,0.163884673748103,0.312688821752266,1,0.995454545454545,0.324283559577677,1,0.598070739549839,1,1,0.318952234206472,1,0.318385650224215,0.312893081761006,0.326153846153846,0.315384615384615,0,0.315301391035549,0.327327327327327,0.690184049079755,0.586626139817629,0.314465408805031,0.635276532137519,0.681470137825421,0.314674735249622,0.120192307692308,0,0.312883435582822,0.620795107033639,1,0.312401883830455,1,0.314728682170543,0,0.320373250388802,1,1,1,0.303875968992248,0.995405819295559,0.326625386996904,0.203619909502262,0.305059523809524,1,0.376327769347496,1,1,0.206422018348624,0.311145510835913,1,1,0.327692307692308,1,0.315555555555556,0.312121212121212,0.361408882082695,0.769347496206373,0.319314641744548,1,0.326625386996904,0.636764705882353,0.337539432176656,1,0.0015015015015015,1,0.377125193199382,0.89540412044374,0.582554517133956,0.595712098009188,0.311248073959938,0.324881141045959,1,0.313455657492355,1,0.297213622291022,0.507507507507508,0.326865671641791,1,0.312307692307692,0.315541601255887,0.320695102685624,0.327073552425665,1,0.309486780715397,1,0.434514637904468,0.32370820668693,1,0.322775263951735,1,0.591397849462366,0.316535433070866,1,0.320987654320988,0.30804248861912,0.325652841781874,0.986404833836858,0.32093023255814,1,0.323854660347551,1,0.313099041533546,1,0.602134146341463,0.287692307692308,0.0337620578778135,0.294303797468354,0.311424100156495,1,0.301829268292683,0.316109422492401,0.314112291350531,0.327102803738318,1,1,0.31924882629108,0.327217125382263,1,1,0.31306990881459,0.234930448222566,0.0224550898203593,0.692307692307692,1,0.00303490136570561,0.311649016641452,1,0.322734499205087,0.309667673716012,0.31859756097561,0.998468606431853,1,1,0.328849028400598,0.310832025117739,0.31441717791411,0.675425038639876,0.304482225656878,1,0.34,1,1,0.449848024316109,0.317610062893082,0.317147192716237,0.318042813455657,0.302936630602782,0.314728682170543,0.645357686453577,1,1,0.315068493150685,0.00303490136570561,0.325264750378215,0.310911808669656,0.320373250388802,0.308383233532934,0.297546012269939,0.318731117824773,0.694189602446483,0.357686453576865,0.303625377643505,1,0.3203125,1,0.301684532924962,0.304212168486739,0.315707620528771,0.327586206896552,0.311424100156495,1,0.317147192716237,0.801574803149606,1,1,0.996835443037975,1,1,0.897959183673469,1,1,1,0.318318318318318,1,0.321656050955414,0,1,0.386123680241327,1,0.317829457364341,0.324960753532182,0.316692667706708,0.436251920122888,1,0.315629742033384,1,1,1,1,0,0.308892355694228,1,1,0.321538461538462,1,0.31969696969697,1,1,0.316614420062696,0.319182389937107,0.296923076923077,0.149922720247295,0.326625386996904,0,0.591988130563798,1,0.313636363636364,0.323343848580442,0.583333333333333,1,1,0.324881141045959,0.326498422712934,1,0.651840490797546,0.714506172839506,0.3015625,0.323390894819466,0.992503748125937,0.329738058551618,0.3,1,0.306027820710974,0.308980213089802,1,0.303937007874016,0.31832298136646,0.312977099236641,0.316358024691358,1,1,1,0.312977099236641,0.326086956521739,0.00462249614791988,0.992283950617284,0.31974921630094,1,1,0.306060606060606,0.323216995447648,0.308157099697885,0.320987654320988,0.3125,1,0.311627906976744,0.311248073959938,0.575899843505477,1,0.846273291925466,1,0,1,0.329323308270677,1,1,0.433333333333333,0.998482549317147,0.319444444444444,1,0.313846153846154,0.299065420560748,0.322239031770045,1,1,0.319083969465649,0.398412698412698,0.615264797507788,0.304552590266876,1,1,1,0.317610062893082,1,0.209800918836141,1,1,1,1,0.321699544764795,1,0.324324324324324,0.336405529953917,0.68167701863354,0.304075235109718,1,0.317629179331307,0.315007429420505,0.314873417721519,1,0.306646525679758,1,0.322289156626506,0.477794793261868,0.321212121212121,0.321766561514196,0.308755760368664,1,0.310452418096724,0.304821150855365,1,1,0.319938176197836,0.305900621118012,1,0.482549317147193,0.318252730109204,0.330769230769231,0.324655436447167,0.677966101694915,1,0.296474358974359,1,0.420807453416149,0.304212168486739,0,0.8763197586727,0.320373250388802,0.315384615384615,0,0.033434650455927,0.978658536585366,0.312788906009245,1,0.306501547987616,0.320063694267516,1,0.324615384615385,0.318110236220472,0.675465838509317,1,0.316358024691358,0.316279069767442,1,0.311649016641452,0.312202852614897,1,0.34077380952381,0.312210200927357,0.317147192716237,0.327718223583461,0.797276853252648,1,0.981042654028436,1,1,0.00152439024390244,1,0.993865030674847,1,0.432973805855162,0.99685534591195,0.305722891566265,0.993966817496229,0.321928460342146,0.996927803379416,0.610119047619048,0.63093415007657,0.317365269461078,0.305135951661631,0.636641221374046,0.314873417721519,0,0.632465543644717,0.678018575851393,0.315548780487805,0.00154320987654321,0.311349693251534,0.303543913713405,0.772870662460568,0.323664122137405,0.688650306748466,0.597464342313788,0.316535433070866,0.321752265861027,0.296636085626911,1,0.0262773722627737,0,0.321646341463415,0.330275229357798,0.326656394453005,1,0.333333333333333,0.313546423135464,1,0.304878048780488,0.935285053929122,0.572769953051643,1,1,0.99347471451876,0.317700453857791,0.610859728506787,0.318731117824773,0.311501597444089,0.31039755351682,0.423831070889894,1,0.307931570762053,1,0.329173166926677,0.315047021943574,1,0.3171875,1,0.323619631901841,1,1,0.319634703196347,0,1,0.328767123287671,1,0.559398496240601,1,0.514415781487102,1,0.549689440993789,1,0.317034700315457,1,1,1,0.305936073059361,0.318681318681319,0.314925373134328,0.349358974358974,0.325281803542673,0.306990881458967,1,0.319314641744548,1,1,0.322085889570552,0.317610062893082,0.318385650224215,0.390505359877489,0.324242424242424,1,1,0.328197226502311,0.320813771517997,0.62754303599374,0.594427244582043,0.310769230769231,0.32398753894081,1,0.306525037936267,0.321375186846039,0.996889580093313,0.306349206349206,0.309230769230769,0,0.139183055975794,0.321483771251932,0.683357879234168,0.306027820710974,0.320433436532508,0.603053435114504,0.998461538461539,0.305900621118012,1,0.312788906009245,0.335925349922239,0.310185185185185,0.470229007633588,0.311912225705329,1,0.313546423135464,0.318252730109204,0.333863275039746,0.691489361702128,1,0.32120253164557,0.317557251908397,0,0.319083969465649,0.998449612403101,0.946646341463415,1,0.317901234567901,0.319634703196347,0.312302839116719,0.586206896551724,1,0.590837282780411,0.327666151468315,1,1,0.958461538461538,0.672782874617737,0.330745341614907,0.357251908396947,0.3125,0.31651376146789,1,1,0.516129032258065,0.63182527301092,1,1,0.998473282442748,0.693146417445483,1,0.323216995447648,0.68558282208589,1,0.322678843226788,0.315789473684211,0.315217391304348,0.996974281391831,1,0.644694533762058,0.318885448916409,1,1,0.33030303030303,0.308980213089802,0.998466257668712,0,0.309968847352025,0.306603773584906,0.00619195046439629,0.309667673716012,1,0.308176100628931,1,0.150829562594268,0,0.901033973412112,0.318250377073906,1,1,0,0.00149925037481259,0.315707620528771,1,0.311111111111111,0.997010463378176,0.306976744186047,1,0.998420221169036,0.956989247311828,0.774242424242424,1,1,0.00462962962962963,1,0.52755905511811,0.323943661971831,0.671150971599402,0.31969696969697,1,0.310185185185185,0.675344563552833,1,1,0.315789473684211,0.616519174041298,0.327718223583461,0.584234930448223,0.968944099378882,0.332824427480916,0.602446483180428,0.0138248847926267,0.305555555555556,0.313546423135464,0.319571865443425,1,0.635811836115326,0.310606060606061,0.884080370942813,0.586206896551724,0.961077844311377,1,1,0.308868501529052,0.337480559875583,0.3109375,0.313546423135464,0.315151515151515,0.614349775784753,0.310344827586207,0,0.680412371134021,0.998475609756098,0.322239031770045,0.305295950155763,0.313291139240506,0.314925373134328,0.607361963190184,1,0.332829046898638,0.331775700934579,0.321259842519685,0.312989045383412,0.317293233082707,0.311926605504587,0.200603318250377,0.680817610062893,0.312893081761006,0.599085365853659,1,0.240853658536585,0.318042813455657,0.913928012519562,1,1,0.311550151975684,0.635670731707317,1,0.321212121212121,0.29922480620155,0.951937984496124,1,1,0.996825396825397,0.317557251908397,1,1,0.901716068642746,1,0.354009077155825,1,0.599686028257457,1,0.673846153846154,0.309262166405024,0.6,1,1,0.990697674418605,0.32,0.318181818181818,0.31911532385466,0.317700453857791,0.320126782884311,0.321316614420063,0.981191222570533,0.315467075038285,1,1,0.712962962962963,0,0.313725490196078,0.319148936170213,0.680851063829787,1,0.570762052877138,0.321375186846039,0.645865834633385,0.316846986089645,0.318541996830428,1,0.313178294573643,0.316639741518578,0.685847589424572,0.908945686900958,0.322485207100592,0.60828025477707,0.580093312597201,0.332826747720365,0.328149300155521,0.3,0.596273291925466,0.684848484848485,1,0.886153846153846,1,0.665137614678899,0.996835443037975,0.59253499222395,0.317972350230415,0.322884012539185,1,1,0.438948995363215,0.993680884676145,0.998463901689708,1,0.306278713629403,0.318112633181126,1,0.314925373134328,0.683812405446294,0.322981366459627,0.457886676875957,0.30521472392638,0,0.305597579425113,1,1,0.600301659125189,0.0015220700152207,0.325652841781874,0.321538461538462,0.102325581395349,0.416932907348243,1,1,0.310872894333844,1,0.422839506172839,1,0.323397913561848,0.589123867069486,0.319938176197836,0.31441717791411,1,0,1,0.310126582278481,0.319444444444444,1,1,1,0.438184663536776,1,0.315789473684211,0.618238021638331,0.321428571428571,0.3232,0.00151975683890578,0.0415384615384615,1,0.621165644171779,1,0.317972350230415,0.330188679245283,1,1,0.166158536585366,0.312404287901991,1,0.903469079939668,1,0.314842578710645,0.195924764890282,0.674735249621785,1,1,1,1,1,0.284005979073244,0.302147239263804,1,0.122222222222222,0.0015625,0.446153846153846,0,0.326594090202177,1,0.67906976744186,1,1,0.888549618320611,1,0.679938744257274,1,1,1,1
"592",1,1,1,1,1,1,0.698234349919743,1,1,0.1,1,0.0512422360248447,0.808936825885978,1,0.330696202531646,0.317757009345794,0.0696594427244582,0.682410423452769,1,1,0.297507788161994,0.318681318681319,1,0.156923076923077,1,0.332298136645963,0.318541996830428,1,1,0.793650793650794,0.319018404907975,0.735068912710567,0.96583850931677,0.31924882629108,0,1,0.528951486697966,1,0.303303303303303,1,0.6625,0.675465838509317,0.688271604938272,1,1,0.319620253164557,0.3171875,0.319277108433735,0.327718223583461,0.330246913580247,0,1,0.312693498452012,1,1,0.498402555910543,0.548183254344392,1,1,1,0.335901386748844,0.314152410575428,0.322834645669291,0.669781931464174,1,1,0.0421875,1,0.0624048706240487,0.325153374233129,1,0.32093023255814,0.330670926517572,0.964573268921095,0.496171516079632,1,0.310185185185185,0.343032159264931,1,0.3248,0.0894568690095847,0.328660436137072,0.330218068535826,1,0.346811819595645,1,1,1,1,0.679186228482003,1,1,0.00153139356814701,0.107361963190184,1,0.0515151515151515,0,1,0.55,0.671361502347418,1,0.0569620253164557,0.318611987381703,1,0.322378716744914,1,0.680685358255452,1,0.322222222222222,0.325617283950617,0.328703703703704,1,0.331269349845201,1,0.472477064220183,1,0.318252730109204,0.295384615384615,0.32781954887218,0.327131782945736,0.468509984639017,0.998456790123457,0.32579185520362,0.327503974562798,1,0.306525037936267,1,1,0.327073552425665,0.559939301972686,1,0.321981424148607,1,0.0464767616191904,1,0.317972350230415,0.668721109399075,0.34012539184953,0.926791277258567,0.447665056360709,0.107424960505529,0.0992248062015504,1,1,0.332814930015552,1,0.325859491778774,1,0.808049535603715,1,0.328571428571429,1,1,1,1,0.344773790951638,1,0.32398753894081,0.255451713395639,1,0.317901234567901,1,0.307210031347962,0.0904836193447738,1,0.314194577352472,1,1,1,0.339477726574501,1,0.333333333333333,1,0.31839258114374,1,0.327073552425665,0.0819165378670788,1,0.619354838709677,1,1,0.320695102685624,1,1,1,1,0.329249617151608,0.31839258114374,1,0.998430141287284,0.321266968325792,0.314285714285714,1,0.439509954058193,0.658170914542729,0,0.31937984496124,0.665639445300462,1,0.332307692307692,1,0.998491704374057,1,0.322429906542056,0.327692307692308,0.330203442879499,1,1,1,0,1,0.316957210776545,0.969230769230769,0.32967032967033,0.316692667706708,0.734059097978227,1,1,1,1,1,0.0477657935285054,0.317901234567901,0.329770992366412,1,0.674884437596302,1,1,0.998427672955975,0.998468606431853,1,1,0.00461538461538462,0.314984709480122,1,0.324367088607595,1,0.298136645962733,1,1,1,1,1,0.325581395348837,1,0.5140625,0.333333333333333,0.326219512195122,0.314641744548287,0.320813771517997,0.332288401253919,0.423622047244094,0.336990595611285,0.317557251908397,0.326656394453005,1,0.329113924050633,1,0.685975609756098,0.318181818181818,0.311349693251534,0.335974643423138,1,1,1,0.254290171606864,0.312693498452012,1,0.322834645669291,0.332326283987915,0.316436251920123,0.324159021406728,0.680314960629921,1,0.324200913242009,0.317965023847377,1,0.314375987361769,1,0.317262830482115,0.318952234206472,1,1,1,0.525078369905956,1,0.677115987460815,0.0880121396054628,0.321316614420063,1,1,0.102134146341463,0.322137404580153,0.333860759493671,1,1,0.311827956989247,0.0278637770897833,0.00316957210776545,1,1,0.340978593272171,0.998430141287284,1,0.318042813455657,1,1,0.320182094081942,1,1,1,1,0.328125,0.316666666666667,0.337620578778135,1,1,0.662519440124417,0.321711568938193,1,0.324773413897281,0.302034428794992,1,1,0.998463901689708,1,1,0.330218068535826,1,1,0.110223642172524,0.345622119815668,0.503912363067293,0.316614420062696,0.662037037037037,0.321592649310873,1,0.317034700315457,0.336434108527132,0.253067484662577,0.323262839879154,1,0.332826747720365,1,1,1,0.310832025117739,0.323619631901841,0.998482549317147,0.922829581993569,0.0691823899371069,1,0.317829457364341,0.325,0.310236220472441,1,0.335394126738794,0.457055214723926,0.331825037707391,0.3125,0.324367088607595,0.312989045383412,1,0.325949367088608,1,1,0,1,0.334375,1,1,1,0.332283464566929,1,0.315024232633279,1,0.843076923076923,1,1,1,0.322033898305085,1,1,0.312210200927357,0.327692307692308,1,1,0.314553990610329,0.189312977099237,1,0.998470948012232,1,0,0.324367088607595,1,0.320987654320988,0.245696400625978,1,0.672811059907834,0.446319018404908,1,1,0.668168168168168,0.698608964451314,0.355038759689922,1,0.327073552425665,1,1,0.333853354134165,1,0.998412698412698,0.00778816199376947,0.329652996845426,1,1,0.322784810126582,1,1,0.317460317460317,0.321538461538462,1,1,1,0.53858024691358,0.307692307692308,0.35423197492163,0.322188449848024,0.3375,0.679304897314376,0.331269349845201,0.330696202531646,0.323076923076923,0.23861852433281,0.3216,1,0.332317073170732,0.998444790046656,0.326086956521739,0.0891238670694864,0.0560606060606061,1,1,0.0442073170731707,1,0.683641975308642,0.0470219435736677,0.0124416796267496,1,0.674347158218126,1,1,0.557098765432099,1,0,0.0784,1,1,1,0.32753164556962,0.639880952380952,0.688816855753647,0.992319508448541,1,0.983231707317073,0.304482225656878,0.327692307692308,1,0.312401883830455,1,0.367762128325509,0.109350237717908,0.308755760368664,0.325337331334333,0.338308457711443,1,0.0846153846153846,1,1,1,0.255384615384615,0.327044025157233,1,0.322784810126582,1,1,0.30781010719755,1,0.335809806835067,1,0.31937984496124,0.328616352201258,1,0.665620094191523,0.329323308270677,1,0.319182389937107,0.76661514683153,0.323170731707317,0.1671826625387,0.334848484848485,0.781102362204724,0.314553990610329,1,0.331775700934579,0.338905775075988,0.293023255813953,1,1,1,0.967845659163987,0.333333333333333,1,0.325320512820513,1,0.321428571428571,0.32469512195122,1,1,1,0.91692789968652,1,0.313935681470138,0.322530864197531,1,1,0.053968253968254,0.0808709175738725,1,1,0.310897435897436,1,1,0.323854660347551,1,1,0.671875,0.522205206738132,1,0,1,1,0.106060606060606,0.330733229329173,1,0.323529411764706,0.998459167950693,0.9625,0.998425196850394,0.825153374233129,1,0.334943639291465,1,1,1,0,0.315619967793881,1,1,0.665625,1,0.322429906542056,0.368663594470046,0.329211746522411,1,1,1,0.0929535232383808,0.324367088607595,0.0943396226415094,0.998439937597504,0.310606060606061,0.313935681470138,0.35474006116208,0,1,0.95046439628483,1,1,0.337007874015748,0.306646525679758,0.157142857142857,0.0458135860979463,0.320987654320988,0.317829457364341,0.329787234042553,0.00157728706624606,0.321928460342146,1,0,0.322678843226788,1,1,1,0.325115562403698,0.324116743471582,0.0418006430868167,1,0.31875,0.313846153846154,1,1,0.321372854914197,0.681744749596123,1,1,0.680817610062893,1,0.317073170731707,1,0.321875,0.512937595129376,0.665144596651446,0.410526315789474,1,0.307458143074581,0.325115562403698,0.675968992248062,0.668683812405446,1,0.326625386996904,1,0.322388059701493,1,0.320754716981132,0.324451410658307,0.351937984496124,0.534883720930233,0.32475884244373,0.316455696202532,0.662037037037037,0.326717557251908,0.15569823434992,1,0,1,0.3015625,1,0,0.330232558139535,0.322884012539185,1,0.0622222222222222,1,0.0897637795275591,0.349056603773585,1,0.071097372488408,0.664596273291925,1,1,1,0.318181818181818,0.0424242424242424,1,0.42967542503864,0.0976377952755905,0.36280487804878,0.326747720364742,0.334869431643625,1,1,1,1,1,0.0719640179910045,0.996937212863706,0.675344563552833,0.00451127819548872,0.326053042121685,1,1,1,1,0.0916149068322981,0.316187594553706,1,1,1,1,1,1,0.477862595419847,0.00157977883096367,1,0.0870229007633588,0.324574961360124,0.426791277258567,1,0.398119122257053,0.31869918699187,0.321428571428571,1,0.0432098765432099,0.327666151468315,1,1,0.385350318471338,0.315467075038285,0.317683881064163,0.328571428571429,0.998482549317147,0.333860759493671,0.326120556414219,0.4234375,0.326625386996904,0.969278033794163,0.319213313161876,0.0870253164556962,0.329230769230769,0,1,0.0974842767295598,0.309597523219814,0.3203125,0.327044025157233,1,1,1,1,1,1,0.334384858044164,1,0.317610062893082,0.329470198675497,0.604327666151468,0.67398119122257,1,1,0,0.323795180722892,0.119496855345912,0.998480243161094,0.0390625,1,1,0.322274881516588,1,1,0.618066561014263,0.424193548387097,0.995508982035928,0.0884676145339652,0.0993589743589744,1,1,1,0.0909090909090909,0,0.321483771251932,0.419906687402799,0.321646341463415,0,0.33489827856025,0.0897637795275591,1,1,0.328767123287671,0.321592649310873,0.243034055727554,0.348242811501597,0.314984709480122,0.321538461538462,1,1,0.329073482428115,1,0,1,0.22360248447205,1,0.670245398773006,1,0.318952234206472,0.306962025316456,0.0779816513761468,0.667175572519084,1,1,0.784251968503937,0.888349514563107,0.320126782884311,0.320754716981132,1,0.325,0.248447204968944,0.327073552425665,1,0.104776579352851,1,1,0.32,0.670947030497592,0.309904153354633,1,1,0.315548780487805,0.310664605873261,0.325264750378215,0.856466876971609,0.315705128205128,1,0.060882800608828,1,1,0.688854489164087,0.644305772230889,0.326465927099842,0.0622083981337481,0.327102803738318,1,1,0.306122448979592,0.328725038402458,0.609567901234568,1,0.311248073959938,0.38030303030303,0.316030534351145,0.983257229832572,0.463836477987421,0.0031055900621118,0.308868501529052,0.324812030075188,0.333860759493671,0.317741935483871,0.325757575757576,0.970724191063174,1,0.32182103610675,0.532258064516129,0.681458003169572,0.233024691358025,0.680194805194805,1,0.323574730354391,0.00158478605388273,0.332814930015552,0.327666151468315,0.373088685015291,0.322834645669291,0,0.341538461538462,0.318611987381703,0.324492979719189,0.323029366306028
"593",1,1,1,1,1,1,0.705400981996727,1,1,0.101141924959217,1,0.0517241379310345,0.804838709677419,1,0.312202852614897,0.304075235109718,0.0705521472392638,0.682487725040916,1,1,0.287519747235387,0.314606741573034,1,0.167711598746081,1,0.3328125,0.315024232633279,1,1,0.784810126582278,0.309375,0.727131782945736,0.961479198767334,0.304,0,1,0.537124802527646,1,0.297839506172839,1,0.669316375198728,0.67817896389325,0.698757763975155,1,1,0.321486268174475,0.313195548489666,0.305900621118012,0.316614420062696,0.322834645669291,0,1,0.31055900621118,1,1,0.501587301587302,0.553054662379421,1,1,1,0.327743902439024,0.313385826771654,0.3248,0.692068429237947,1,1,0.0429936305732484,1,0.0651515151515152,0.312693498452012,1,0.322274881516588,0.321027287319422,0.960655737704918,0.511848341232227,1,0.309815950920245,0.328125,1,0.315359477124183,0.0910569105691057,0.321086261980831,0.328571428571429,1,0.333333333333333,1,1,1,1,0.695787831513261,1,1,0.00159744408945687,0.110077519379845,1,0.0532915360501567,0,1,0.55718954248366,0.671474358974359,1,0.0575079872204473,0.313572542901716,1,0.314785373608903,1,0.685534591194969,1,0.311424100156495,0.317034700315457,0.320987654320988,1,0.319554848966614,1,0.486068111455108,1,0.306729264475743,0.309968847352025,0.320987654320988,0.311111111111111,0.477917981072555,0.998447204968944,0.327692307692308,0.305863708399366,1,0.294117647058824,1,1,0.329173166926677,0.557251908396947,1,0.312302839116719,1,0.0486322188449848,1,0.312302839116719,0.6734375,0.322327044025157,0.925039872408293,0.440983606557377,0.106518282988871,0.1015625,1,1,0.328050713153724,1,0.320061255742726,1,0.799377916018662,1,0.319286871961102,1,1,1,1,0.331230283911672,1,0.314424635332253,0.255451713395639,1,0.306625577812018,1,0.304482225656878,0.0944,1,0.314009661835749,1,1,1,0.319571865443425,1,0.329093799682035,1,0.309262166405024,1,0.31629392971246,0.0822784810126582,1,0.6384,1,1,0.323763955342903,1,1,1,1,0.324367088607595,0.308641975308642,1,0.998412698412698,0.312989045383412,0.31637519872814,1,0.450236966824645,0.672754946727549,0,0.317683881064163,0.668238993710692,1,0.321372854914197,1,0.998454404945904,1,0.311708860759494,0.32,0.321951219512195,1,1,1,0,1,0.305246422893482,0.96656050955414,0.326433121019108,0.315132605304212,0.748815165876777,1,1,1,1,1,0.0501567398119122,0.312599681020734,0.31924882629108,1,0.687010954616588,1,1,0.998410174880763,0.998444790046656,1,1,0.0046875,0.320552147239264,1,0.304347826086957,1,0.307692307692308,1,1,1,1,1,0.321766561514196,1,0.5056,0.326892109500805,0.319938176197836,0.302215189873418,0.315873015873016,0.325878594249201,0.421135646687697,0.325,0.317034700315457,0.308056872037915,1,0.323899371069182,1,0.688372093023256,0.315047021943574,0.320433436532508,0.330097087378641,1,1,1,0.262992125984252,0.309262166405024,1,0.314102564102564,0.32093023255814,0.311897106109325,0.321372854914197,0.68503937007874,1,0.317683881064163,0.309409888357257,1,0.303225806451613,1,0.309341500765697,0.304278922345483,1,1,1,0.539556962025316,1,0.685214626391097,0.0923076923076923,0.321259842519685,1,1,0.100931677018634,0.315541601255887,0.320450885668277,1,1,0.303599374021909,0.0282574568288854,0.00321543408360129,1,1,0.334862385321101,1,1,0.315047021943574,1,1,0.306603773584906,1,1,1,1,0.318037974683544,0.30521472392638,0.324675324675325,1,1,0.669781931464174,0.309859154929577,1,0.319938176197836,0.302215189873418,1,1,0.998456790123457,1,1,0.320634920634921,1,1,0.113964686998395,0.331278890600925,0.4976,0.302884615384615,0.677115987460815,0.316692667706708,1,0.3104,0.332268370607029,0.258114374034003,0.308411214953271,1,0.32375189107413,1,1,1,0.301587301587302,0.319875776397516,0.998435054773083,0.920792079207921,0.0679304897314376,1,0.303937007874016,0.317666126418152,0.315789473684211,1,0.325581395348837,0.46676970633694,0.3216,0.309148264984227,0.309033280507132,0.308306709265176,1,0.3168,1,1,0,1,0.319488817891374,1,1,1,0.323248407643312,1,0.310457516339869,1,0.830455259026688,1,1,1,0.315541601255887,1,1,0.306962025316456,0.309859154929577,1,1,0.317111459968603,0.184615384615385,1,0.998425196850394,1,0,0.312399355877617,1,0.313084112149533,0.250798722044728,1,0.679127725856698,0.440860215053763,1,1,0.675799086757991,0.707006369426752,0.346456692913386,1,0.313291139240506,1,1,0.333860759493671,1,0.998392282958199,0.0095389507154213,0.324409448818898,1,1,0.318681318681319,1,1,0.304487179487179,0.337461300309598,1,1,1,0.522906793048973,0.311320754716981,0.343898573692552,0.315068493150685,0.32398753894081,0.691693290734824,0.32348367029549,0.320813771517997,0.316692667706708,0.248833592534992,0.318840579710145,1,0.319444444444444,0.9984375,0.3078125,0.0904836193447738,0.0587326120556414,1,1,0.0443740095087163,1,0.68798751950078,0.0499219968798752,0.0126984126984127,1,0.677570093457944,1,1,0.550079491255962,1,0,0.0774193548387097,1,1,1,0.32484076433121,0.649016641452345,0.692182410423453,0.993788819875776,1,0.981042654028436,0.298107255520505,0.337539432176656,1,0.304347826086957,1,0.374203821656051,0.113268608414239,0.301092043681747,0.319571865443425,0.326633165829146,1,0.0802469135802469,1,1,1,0.264296754250386,0.322061191626409,1,0.315873015873016,1,1,0.315384615384615,1,0.320668693009119,1,0.303514376996805,0.322274881516588,1,0.675590551181102,0.313364055299539,1,0.309033280507132,0.765625,0.320493066255778,0.173981191222571,0.315384615384615,0.77491961414791,0.30298273155416,1,0.320634920634921,0.331259720062208,0.291798107255521,1,1,1,0.963636363636364,0.34094616639478,1,0.312599681020734,1,0.320197044334975,0.314503816793893,1,1,1,0.912087912087912,1,0.312883435582822,0.312597200622084,1,1,0.0511182108626198,0.0893141945773525,1,1,0.310789049919485,1,1,0.312989045383412,1,1,0.683385579937304,0.530674846625767,1,0,1,1,0.104615384615385,0.321259842519685,1,0.320126782884311,0.998412698412698,0.958266452648475,0.998415213946117,0.817472698907956,1,0.322368421052632,1,1,1,0,0.310116086235489,1,1,0.668269230769231,1,0.308777429467085,0.364632237871674,0.324409448818898,1,1,1,0.0965732087227414,0.312803889789303,0.0950080515297907,0.998412698412698,0.305555555555556,0.305295950155763,0.35,0,1,0.952681388012618,1,1,0.312903225806452,0.3015625,0.174121405750799,0.0443740095087163,0.316535433070866,0.313001605136437,0.318952234206472,0.00160513643659711,0.315955766192733,1,0,0.315789473684211,1,1,1,0.303738317757009,0.318529862174579,0.0403225806451613,1,0.3168,0.310725552050473,1,1,0.306349206349206,0.69344262295082,1,1,0.690590111642743,1,0.313271604938272,1,0.312893081761006,0.531881804043546,0.674454828660436,0.402799377916019,1,0.301857585139319,0.313694267515924,0.677621283255086,0.66407465007776,1,0.325545171339564,1,0.323029366306028,1,0.31637519872814,0.307568438003221,0.352664576802508,0.520504731861199,0.318840579710145,0.309409888357257,0.665615141955836,0.31974921630094,0.160194174757282,1,0,1,0.295161290322581,1,0,0.31911532385466,0.315024232633279,1,0.0621212121212121,1,0.0865384615384615,0.339228295819936,1,0.0697305863708399,0.677672955974843,1,1,1,0.315181518151815,0.0446153846153846,1,0.430379746835443,0.0998389694041868,0.355038759689922,0.318681318681319,0.317262830482115,1,1,1,1,1,0.0680786686838124,0.998439937597504,0.6875,0.0045662100456621,0.316846986089645,1,1,1,1,0.0921875,0.311912225705329,1,1,1,1,1,1,0.489130434782609,0.00159744408945687,1,0.087962962962963,0.314152410575428,0.433697347893916,1,0.394944707740916,0.312091503267974,0.303405572755418,1,0.0455259026687598,0.315707620528771,1,1,0.371428571428571,0.315789473684211,0.304140127388535,0.312803889789303,0.998449612403101,0.314516129032258,0.302325581395349,0.42332268370607,0.313479623824451,0.967492260061919,0.314329738058552,0.0910569105691057,0.320754716981132,0,1,0.0972886762360447,0.307814992025518,0.313291139240506,0.319620253164557,1,1,1,1,1,1,0.3322528363047,1,0.317965023847377,0.318791946308725,0.603744149765991,0.680064308681672,1,1,0,0.317901234567901,0.124605678233438,0.998491704374057,0.0407523510971787,1,1,0.304,1,1,0.628980891719745,0.418416801292407,0.997001499250375,0.0837359098228663,0.0987261146496815,1,1,1,0.0956112852664577,0,0.314814814814815,0.425396825396825,0.309486780715397,0,0.320634920634921,0.0944,1,1,0.321044546850998,0.314785373608903,0.250788643533123,0.338187702265372,0.316846986089645,0.313271604938272,1,1,0.320907617504052,1,0,1,0.23015873015873,1,0.673946957878315,1,0.311320754716981,0.299674267100977,0.0796875,0.680555555555556,1,1,0.787974683544304,0.894563426688633,0.318471337579618,0.314424635332253,1,0.316037735849057,0.266875981161695,0.323151125401929,1,0.10828025477707,1,1,0.313291139240506,0.686084142394822,0.311897106109325,1,1,0.300613496932515,0.312111801242236,0.318042813455657,0.8704,0.3088,1,0.0613207547169811,1,1,0.705148205928237,0.654574132492114,0.317512274959083,0.060126582278481,0.317535545023697,1,1,0.304416403785489,0.324717285945073,0.628930817610063,1,0.306729264475743,0.375193798449612,0.307692307692308,0.984301412872841,0.47427652733119,0.00470219435736677,0.299065420560748,0.321538461538462,0.321027287319422,0.310569105691057,0.310975609756098,0.967692307692308,1,0.311708860759494,0.545602605863192,0.686688311688312,0.247648902821317,0.691419141914191,1,0.327073552425665,0.00157977883096367,0.319620253164557,0.305993690851735,0.365625,0.3184,0,0.332814930015552,0.313504823151125,0.318541996830428,0.315707620528771
"594",1,1,1,1,1,1,0.705128205128205,1,1,0.0960912052117264,1,0.0451713395638629,0.818325434439178,1,0.314873417721519,0.306027820710974,0.062111801242236,0.683954619124797,1,1,0.293375394321767,0.318541996830428,1,0.160436137071651,1,0.323943661971831,0.317817014446228,1,1,0.791332263242376,0.310664605873261,0.736111111111111,0.965571205007825,0.309859154929577,0,1,0.547581903276131,1,0.305810397553517,1,0.670826833073323,0.682737169517885,0.69218989280245,1,1,0.319422150882825,0.315457413249211,0.311827956989247,0.325617283950617,0.324492979719189,0,1,0.315950920245399,1,1,0.496050552922591,0.564387917329094,1,1,1,0.328638497652582,0.318910256410256,0.318541996830428,0.680445151033386,1,1,0.0390625,1,0.0547945205479452,0.316998468606432,1,0.322378716744914,0.319286871961102,0.967845659163987,0.524844720496894,1,0.311450381679389,0.332819722650231,1,0.312703583061889,0.0868852459016393,0.326465927099842,0.330708661417323,1,0.339089481946625,1,1,1,1,0.693623639191291,1,1,0.00154320987654321,0.101246105919003,1,0.0477657935285054,0,1,0.561488673139159,0.672552166934189,1,0.0534591194968553,0.317111459968603,1,0.308544303797468,1,0.684292379471229,1,0.31687898089172,0.321981424148607,0.315625,1,0.330745341614907,1,0.491525423728814,1,0.306477093206951,0.294670846394984,0.325581395348837,0.311501597444089,0.490506329113924,0.998452012383901,0.319018404907975,0.3152,1,0.304212168486739,1,1,0.314553990610329,0.546282245827011,1,0.316957210776545,1,0.0425531914893617,1,0.31201248049922,0.672897196261682,0.322981366459627,0.932283464566929,0.430645161290323,0.100478468899522,0.0968253968253968,1,1,0.326053042121685,1,0.321212121212121,1,0.8125,1,0.3216,1,1,1,1,0.332283464566929,1,0.322061191626409,0.246130030959752,1,0.309119010819165,1,0.299050632911392,0.0845295055821372,1,0.317666126418152,1,1,1,0.33695652173913,1,0.327044025157233,1,0.309375,1,0.320634920634921,0.0736196319018405,1,0.630573248407643,1,1,0.32,1,1,1,1,0.319620253164557,0.312788906009245,1,0.998430141287284,0.320987654320988,0.304838709677419,1,0.449685534591195,0.665667166416792,0,0.314465408805031,0.671974522292994,1,0.323390894819466,1,0.998470948012232,1,0.317535545023697,0.319508448540707,0.330645161290323,1,1,1,0,1,0.301109350237718,0.970358814352574,0.330128205128205,0.307210031347962,0.759433962264151,1,1,1,1,1,0.0438871473354232,0.317891373801917,0.31875,1,0.688650306748466,1,1,1,0.998449612403101,1,1,0.00313971742543171,0.312788906009245,1,0.315789473684211,1,0.300623052959502,1,1,1,1,1,0.326433121019108,1,0.517241379310345,0.329073482428115,0.326625386996904,0.322222222222222,0.323248407643312,0.328050713153724,0.409967845659164,0.328125,0.3140625,0.311708860759494,1,0.318037974683544,1,0.682170542635659,0.31637519872814,0.308282208588957,0.328638497652582,1,1,1,0.248818897637795,0.317683881064163,1,0.323248407643312,0.325115562403698,0.310618066561014,0.319314641744548,0.67906976744186,1,0.321875,0.3216,1,0.307568438003221,1,0.309597523219814,0.311811023622047,1,1,1,0.542586750788643,1,0.689547581903276,0.0785498489425982,0.316770186335404,1,1,0.093167701863354,0.325038880248834,0.322222222222222,1,1,0.302507836990596,0.0235849056603774,0.00161290322580645,1,1,0.334360554699538,0.998422712933754,1,0.315870570107858,1,1,0.315950920245399,1,1,1,1,0.318818040435459,0.312404287901991,0.332258064516129,1,1,0.672839506172839,0.319314641744548,1,0.318952234206472,0.302694136291601,1,1,0.9984375,1,1,0.323763955342903,1,1,0.107142857142857,0.330781010719755,0.483568075117371,0.30564263322884,0.669291338582677,0.321372854914197,1,0.307324840764331,0.333858267716535,0.252713178294574,0.317829457364341,1,0.327769347496206,1,1,1,0.309294871794872,0.320987654320988,0.998430141287284,0.923076923076923,0.0620031796502385,1,0.315301391035549,0.31496062992126,0.307448494453249,1,0.322932917316693,0.47196261682243,0.328100470957614,0.313880126182965,0.318910256410256,0.312101910828025,1,0.329011345218801,1,1,0,1,0.323296354992076,1,1,1,0.329617834394904,1,0.314516129032258,1,0.8390625,1,1,1,0.313084112149533,1,1,0.308892355694228,0.3140625,1,1,0.31619937694704,0.194189602446483,1,0.998435054773083,1,0,0.31629392971246,1,0.315132605304212,0.243328100470958,1,0.676656151419558,0.430955993930197,1,1,0.68018018018018,0.697452229299363,0.347551342812006,1,0.320634920634921,1,1,0.324960753532182,1,0.9984,0.00627943485086342,0.3296875,1,1,0.324881141045959,1,1,0.305732484076433,0.324451410658307,1,1,1,0.528861154446178,0.309262166405024,0.348031496062992,0.314112291350531,0.334913112164297,0.69620253164557,0.330781010719755,0.324960753532182,0.315384615384615,0.238689547581903,0.31629392971246,1,0.316436251920123,0.998417721518987,0.32,0.0796324655436447,0.0496124031007752,1,1,0.0389408099688473,1,0.687306501547988,0.0419906687402799,0.00964630225080386,1,0.68167701863354,1,1,0.546456692913386,1,0,0.0723472668810289,1,1,1,0.324237560192616,0.64167916041979,0.688311688311688,0.996884735202492,1,0.983076923076923,0.300787401574803,0.332278481012658,1,0.311501597444089,1,0.378548895899054,0.107371794871795,0.302752293577982,0.325190839694657,0.333892617449664,1,0.0766871165644172,1,1,1,0.252696456086287,0.321656050955414,1,0.313479623824451,1,1,0.308282208588957,1,0.318181818181818,1,0.310015898251192,0.316957210776545,1,0.682108626198083,0.319148936170213,1,0.309677419354839,0.765723270440252,0.312977099236641,0.156832298136646,0.32258064516129,0.77373417721519,0.30622009569378,1,0.332288401253919,0.33641975308642,0.290824261275272,1,1,1,0.970345963756178,0.342105263157895,1,0.325842696629214,1,0.314238952536825,0.316436251920123,1,1,1,0.919558359621451,1,0.306376360808709,0.322429906542056,1,1,0.0491283676703645,0.0771704180064309,1,1,0.304625199362041,1,1,0.315217391304348,1,1,0.681047765793529,0.541984732824427,1,0,1,1,0.0990712074303406,0.325471698113208,1,0.327044025157233,0.998425196850394,0.963492063492064,0.998439937597504,0.827692307692308,1,0.32626427406199,1,1,1,0,0.311290322580645,1,1,0.673015873015873,1,0.318885448916409,0.354489164086687,0.330203442879499,1,1,1,0.0857580398162328,0.321144674085851,0.0829346092503987,0.9984,0.312597200622084,0.315384615384615,0.354037267080745,0,1,0.953488372093023,1,1,0.324237560192616,0.299539170506912,0.158307210031348,0.0408163265306122,0.314728682170543,0.311708860759494,0.329230769230769,0.0016025641025641,0.30564263322884,1,0,0.315217391304348,1,1,1,0.318818040435459,0.318885448916409,0.0383386581469649,1,0.312202852614897,0.306976744186047,1,1,0.312111801242236,0.692434210526316,1,1,0.692307692307692,1,0.308527131782946,1,0.314553990610329,0.534775888717156,0.669266770670827,0.40519877675841,1,0.299065420560748,0.316770186335404,0.674961119751166,0.670261941448382,1,0.322981366459627,1,0.324615384615385,1,0.319620253164557,0.308544303797468,0.356807511737089,0.511041009463722,0.319422150882825,0.314194577352472,0.67032967032967,0.315625,0.150729335494327,1,0,1,0.296296296296296,1,0,0.323296354992076,0.309294871794872,1,0.0553064275037369,1,0.0818897637795276,0.340694006309148,1,0.0625978090766823,0.661417322834646,1,1,1,0.312297734627832,0.0403726708074534,1,0.424050632911392,0.0948553054662379,0.357473035439137,0.323029366306028,0.324615384615385,1,1,1,1,1,0.0621212121212121,0.996941896024465,0.678683385579937,0.00300751879699248,0.320433436532508,1,1,1,1,0.0810810810810811,0.314984709480122,1,1,1,1,1,1,0.49306625577812,0.0016,1,0.0830721003134796,0.317262830482115,0.436018957345972,1,0.389240506329114,0.302479338842975,0.313084112149533,1,0.0421875,0.318252730109204,1,1,0.373590982286634,0.309923664122137,0.309748427672956,0.316455696202532,0.998444790046656,0.322222222222222,0.313271604938272,0.41471048513302,0.318471337579618,0.972222222222222,0.317901234567901,0.0777957860615883,0.325434439178515,0,1,0.0884676145339652,0.3136,0.314873417721519,0.318681318681319,1,1,1,1,1,1,0.334410339256866,1,0.315955766192733,0.31869918699187,0.595348837209302,0.678740157480315,1,1,0,0.316436251920123,0.120443740095087,0.998473282442748,0.0359937402190923,1,1,0.31378763866878,1,1,0.628019323671498,0.41042345276873,0.997010463378176,0.0750798722044728,0.0916271721958926,1,1,1,0.0832025117739403,0,0.313846153846154,0.42566510172144,0.308527131782946,0,0.333333333333333,0.0790322580645161,1,1,0.325581395348837,0.3198127925117,0.23861852433281,0.334410339256866,0.313664596273292,0.324921135646688,1,1,0.329133858267717,1,0,1,0.218408736349454,1,0.674961119751166,1,0.309006211180124,0.305958132045089,0.0740740740740741,0.68160741885626,1,1,0.79179810725552,0.902960526315789,0.319554848966614,0.315705128205128,1,0.317610062893082,0.252365930599369,0.317384370015949,1,0.0976744186046512,1,1,0.31687898089172,0.683279742765273,0.310289389067524,1,1,0.304953560371517,0.312111801242236,0.316109422492401,0.870047543581617,0.313099041533546,1,0.0559875583203732,1,1,0.698608964451314,0.639810426540284,0.323717948717949,0.0583596214511041,0.315047021943574,1,1,0.312401883830455,0.324921135646688,0.622874806800618,1,0.30757341576507,0.375963020030817,0.304821150855365,0.984639016897081,0.474763406940063,0.0031104199066874,0.303875968992248,0.327743902439024,0.326923076923077,0.313694267515924,0.318112633181126,0.976635514018692,1,0.312401883830455,0.553745928338762,0.684542586750789,0.237129485179407,0.68026101141925,1,0.31496062992126,0.00316455696202532,0.320251177394035,0.311811023622047,0.370542635658915,0.321766561514196,0,0.335453100158982,0.322734499205087,0.326923076923077,0.313971742543171
"595",0.292527821939587,0.310185185185185,0.317411402157165,0.329704510108865,0.313271604938272,0.306376360808709,0.0126582278481013,0.316279069767442,0.308510638297872,0.572815533980582,0.322678843226788,0.63677811550152,0.513470681458003,0.315707620528771,0.998439937597504,0.996923076923077,0.622154779969651,0.00318979266347687,0.321372854914197,0.313178294573643,0.996923076923077,0.996913580246914,0.32,0.519083969465649,0.316187594553706,0.998456790123457,0.99685534591195,0.336,0.30688622754491,0.533965244865719,0.996941896024465,0.592085235920852,0.36687306501548,0.998459167950693,0.6640625,0.312,0.126348228043143,0.318042813455657,0.996992481203008,0.3,0.00308166409861325,0.0015527950310559,0.00301204819277108,0.324116743471582,0.314152410575428,0.996835443037975,0.996860282574568,0.996992481203008,0.996978851963746,0.998477929984779,0.696048632218845,0.326465927099842,0.996899224806202,0.313178294573643,0.313455657492355,0.830721003134796,0.119631901840491,0.3203125,0.313364055299539,0.317034700315457,0.993920972644377,0.998444790046656,0.996932515337423,0.00462249614791988,0.318681318681319,0.315068493150685,0.66304347826087,0.312788906009245,0.609281437125748,0.998477929984779,0.314241486068111,0.996927803379416,0.998417721518987,0.284565916398714,0.156773211567732,0.312217194570136,0.996941896024465,0.996983408748115,0.31570996978852,0.996810207336523,0.603531300160514,0.998468606431853,0.996879875195008,0.327718223583461,1,0.319277108433735,0.315047021943574,0.324615384615385,0.327131782945736,0.00304878048780488,0.312796208530806,0.323880597014925,0.696923076923077,0.585889570552147,0.313971742543171,0.634586466165414,0.680061823802164,0.30781010719755,0.120826709062003,0,0.311248073959938,0.609375,0.998442367601246,0.318327974276527,0.996845425867508,0.31733746130031,0.00305810397553517,0.325038880248834,0.996923076923077,0.998452012383901,0.996946564885496,0.308868501529052,0.998473282442748,0.326086956521739,0.20516717325228,0.306646525679758,1,0.370597243491577,0.996983408748115,0.996845425867508,0.201515151515152,0.309230769230769,0.998475609756098,0.996870109546166,0.329770992366412,0.996960486322188,0.317910447761194,0.308157099697885,0.366818873668189,0.766666666666667,0.31637519872814,0.998427672955975,0.31974921630094,0.630177514792899,0.330143540669856,0.996951219512195,0.00305343511450382,0.998454404945904,0.371913580246914,0.889952153110048,0.580093312597201,0.601226993865031,0.310769230769231,0.317610062893082,0.996894409937888,0.310769230769231,0.996969696969697,0.301075268817204,0.51219512195122,0.324404761904762,0.998412698412698,0.306625577812018,0.309968847352025,0.316692667706708,0.321928460342146,0.996884735202492,0.305900621118012,0.996840442338073,0.439209726443769,0.320668693009119,0.998475609756098,0.317147192716237,0.996946564885496,0.59594383775351,0.314553990610329,0.996850393700787,0.317829457364341,0.313455657492355,0.3296875,0.987823439878234,0.3234375,0.998435054773083,0.322429906542056,0.998470948012232,0.320967741935484,0.998420221169036,0.594180704441041,0.302571860816944,0.0317965023847377,0.298299845440495,0.315384615384615,0.996908809891808,0.306027820710974,0.320987654320988,0.315467075038285,0.328787878787879,0.998452012383901,0.998480243161094,0.325949367088608,0.328682170542636,0.996941896024465,0.998417721518987,0.321212121212121,0.235023041474654,0.0192592592592593,0.6875,0.998435054773083,0.0015600624024961,0.314112291350531,0.997014925373134,0.318471337579618,0.310708898944193,0.310769230769231,0.996923076923077,0.998468606431853,0.998410174880763,0.324242424242424,0.317610062893082,0.314589665653495,0.68025078369906,0.308049535603715,0.996879875195008,0.335394126738794,0.996870109546166,0.998452012383901,0.43206106870229,0.3203125,0.317771084337349,0.328173374613003,0.30030959752322,0.312698412698413,0.642414860681115,0.996918335901387,0.998470948012232,0.312024353120244,0.00308166409861325,0.32579185520362,0.312781954887218,0.322378716744914,0.308980213089802,0.297045101088647,0.317557251908397,0.701538461538462,0.366412213740458,0.309559939301973,0.998432601880878,0.320813771517997,0.996918335901387,0.30781010719755,0.311526479750779,0.307210031347962,0.329133858267717,0.303599374021909,0.9984375,0.321538461538462,0.805946791862285,0.996875,0.998484848484849,0.998442367601246,0.996937212863706,0.996899224806202,0.896551724137931,0.996978851963746,0.996927803379416,0.998475609756098,0.313253012048193,0.996899224806202,0.32258064516129,0.00151975683890578,0.996923076923077,0.382978723404255,0.996904024767802,0.320695102685624,0.325115562403698,0.308755760368664,0.419254658385093,0.996927803379416,0.320552147239264,0.996899224806202,0.996965098634294,0.996894409937888,0.996923076923077,0,0.313479623824451,0.997010463378176,0.998415213946117,0.317757009345794,0.998410174880763,0.321699544764795,0.996969696969697,0.998454404945904,0.308661417322835,0.320063694267516,0.298461538461538,0.140866873065015,0.317111459968603,0.00308166409861325,0.592481203007519,0.998427672955975,0.315629742033384,0.318181818181818,0.580893682588598,0.996913580246914,0.996845425867508,0.316037735849057,0.333333333333333,0.998459167950693,0.656346749226006,0.700626959247649,0.297297297297297,0.314516129032258,1,0.329153605015674,0.305059523809524,0.996937212863706,0.314329738058552,0.303353658536585,1,0.306853582554517,0.3171875,0.309707241910632,0.313846153846154,0.998444790046656,0.998496240601504,0.998407643312102,0.311349693251534,0.317829457364341,0.0123076923076923,0.993808049535604,0.326018808777429,1,0.998447204968944,0.310240963855422,0.324655436447167,0.305555555555556,0.324074074074074,0.316846986089645,0.996875,0.305426356589147,0.311912225705329,0.574162679425837,0.998470948012232,0.837962962962963,0.9984375,0.00307692307692308,0.998487140695915,0.327769347496206,0.996860282574568,0.998452012383901,0.425757575757576,0.998463901689708,0.321316614420063,0.997001499250375,0.306976744186047,0.303875968992248,0.311550151975684,0.998439937597504,0.996951219512195,0.316846986089645,0.4,0.613707165109034,0.298600311041991,0.996941896024465,0.998430141287284,0.998427672955975,0.318611987381703,0.996937212863706,0.205521472392638,0.996894409937888,0.996879875195008,0.996845425867508,0.9984375,0.329738058551618,0.996845425867508,0.310897435897436,0.334355828220859,0.681047765793529,0.307931570762053,0.998449612403101,0.32579185520362,0.319402985074627,0.318252730109204,0.996879875195008,0.307228915662651,0.996825396825397,0.313432835820896,0.47926267281106,0.320610687022901,0.31875,0.310872894333844,0.998454404945904,0.326120556414219,0.300155520995334,0.998473282442748,0.998466257668712,0.318461538461538,0.308755760368664,0.998459167950693,0.484802431610942,0.318110236220472,0.32258064516129,0.317073170731707,0.68140243902439,0.99685534591195,0.289348171701113,0.996960486322188,0.434782608695652,0.303738317757009,0.00152905198776758,0.887022900763359,0.318681318681319,0.314503816793893,0.00150375939849624,0.0325077399380805,0.98310291858679,0.319875776397516,0.996923076923077,0.3171875,0.309791332263242,0.998439937597504,0.31859756097561,0.316614420062696,0.666156202143951,0.998459167950693,0.318885448916409,0.320987654320988,0.996840442338073,0.308282208588957,0.297939778129952,0.996875,0.337442218798151,0.308411214953271,0.319634703196347,0.326687116564417,0.802752293577982,0.998454404945904,0.978294573643411,0.99702823179792,0.996946564885496,0.00463678516228748,0.998475609756098,0.995290423861852,0.998468606431853,0.439628482972136,1,0.308980213089802,0.995481927710843,0.328616352201258,0.998461538461539,0.599700149925038,0.629969418960245,0.316890881913303,0.306766917293233,0.63719512195122,0.312893081761006,0.0030441400304414,0.629283489096573,0.686028257456829,0.317557251908397,0.00458715596330275,0.311248073959938,0.300613496932515,0.771293375394322,0.327131782945736,0.686915887850467,0.5953125,0.31201248049922,0.319758672699849,0.300153139356815,0.998439937597504,0.025,0.00318471337579618,0.314589665653495,0.322188449848024,0.331797235023041,0.996951219512195,0.338485316846986,0.313364055299539,0.996875,0.315301391035549,0.945482866043614,0.564742589703588,0.998466257668712,0.997001499250375,0.995090016366612,0.320726172465961,0.610015174506829,0.323795180722892,0.310015898251192,0.319444444444444,0.431164901664145,0.996835443037975,0.3109375,0.99685534591195,0.315286624203822,0.306836248012719,0.996946564885496,0.316614420062696,0.997032640949555,0.325508607198748,0.998435054773083,0.996884735202492,0.326747720364742,0.00155763239875389,0.996983408748115,0.317901234567901,0.998449612403101,0.573189522342065,0.996983408748115,0.510769230769231,0.996992481203008,0.563664596273292,0.996865203761755,0.316211878009631,0.998454404945904,0.998482549317147,0.996937212863706,0.306153846153846,0.326465927099842,0.314759036144578,0.343949044585987,0.32475884244373,0.3125,0.998422712933754,0.320433436532508,0.996805111821086,0.996987951807229,0.323664122137405,0.316118935837246,0.308383233532934,0.389489953632148,0.318385650224215,0.998487140695915,0.998456790123457,0.325115562403698,0.324921135646688,0.624605678233438,0.591549295774648,0.309006211180124,0.321766561514196,0.996835443037975,0.30077519379845,0.319940476190476,0.992175273865415,0.309294871794872,0.303543913713405,0.0031055900621118,0.138297872340426,0.323574730354391,0.681547619047619,0.309597523219814,0.31866464339909,0.600600600600601,0.995426829268293,0.302180685358255,0.998435054773083,0.31924882629108,0.349378881987578,0.313755795981453,0.47758887171561,0.311627906976744,0.996820349761526,0.315870570107858,0.325038880248834,0.329133858267717,0.693374422187982,0.998384491114701,0.32475884244373,0.316109422492401,0.00310077519379845,0.320552147239264,0.998468606431853,0.956856702619414,0.996894409937888,0.317829457364341,0.326625386996904,0.310452418096724,0.583208395802099,0.996870109546166,0.592709984152139,0.329192546583851,0.998454404945904,0.996955859969559,0.967741935483871,0.670295489891135,0.328660436137072,0.36280487804878,0.322033898305085,0.318112633181126,0.996879875195008,0.996974281391831,0.517241379310345,0.636923076923077,0.996923076923077,0.996899224806202,0.998487140695915,0.696540880503145,0.996918335901387,0.3267776096823,0.68075117370892,0.996974281391831,0.325115562403698,0.303738317757009,0.318818040435459,1,0.99702823179792,0.636507936507936,0.325153374233129,0.996913580246914,0.996913580246914,0.319938176197836,0.311926605504587,1,0.00163934426229508,0.313084112149533,0.311627906976744,0.0062402496099844,0.306525037936267,0.996951219512195,0.312101910828025,0.996908809891808,0.14567526555387,0.00303490136570561,0.904761904761905,0.318461538461538,0.996960486322188,0.996932515337423,0.00305343511450382,0.00305343511450382,0.325038880248834,0.996978851963746,0.315705128205128,0.998522895125554,0.313880126182965,0.996932515337423,0.996889580093313,0.967441860465116,0.774343122102009,1,0.998456790123457,0.00461538461538462,0.998466257668712,0.515297906602254,0.325038880248834,0.672230652503794,0.323619631901841,0.996894409937888,0.299689440993789,0.674961119751166,1,0.998425196850394,0.311708860759494,0.618127786032689,0.326747720364742,0.594043887147335,0.975077881619938,0.324574961360124,0.595712098009188,0.0107197549770291,0.31441717791411,0.320121951219512,0.322137404580153,0.998394863563403,0.631498470948012,0.305936073059361,0.89644513137558,0.590625,0.969418960244648,0.996932515337423,0.998468606431853,0.314984709480122,0.332802547770701,0.304416403785489,0.313846153846154,0.314503816793893,0.616892911010558,0.302290076335878,0.00152905198776758,0.68451519536903,1,0.321483771251932,0.313935681470138,0.307814992025518,0.322289156626506,0.609034267912773,0.996955859969559,0.326219512195122,0.334365325077399,0.326530612244898,0.320126782884311,0.315870570107858,0.304821150855365,0.190977443609023,0.681747269890796,0.321538461538462,0.6,0.998442367601246,0.231124807395994,0.317901234567901,0.922955974842767,0.996774193548387,0.996932515337423,0.303738317757009,0.634674922600619,0.996927803379416,0.30781010719755,0.292569659442724,0.959438377535101,0.998466257668712,0.996908809891808,0.998427672955975,0.318529862174579,0.996894409937888,0.996978851963746,0.901386748844376,0.996884735202492,0.350152905198777,0.996978851963746,0.596214511041009,0.998482549317147,0.667682926829268,0.312989045383412,0.59904912836767,0.996830427892235,0.9984375,0.996879875195008,0.32312404287902,0.322033898305085,0.316720257234727,0.312693498452012,0.319354838709677,0.325396825396825,0.9890625,0.314329738058552,0.998452012383901,0.996683250414594,0.719939117199391,0.00313479623824451,0.321212121212121,0.317629179331307,0.677811550151976,0.996969696969697,0.564814814814815,0.31981981981982,0.642967542503864,0.304012345679012,0.314375987361769,0.998452012383901,0.303738317757009,0.309677419354839,0.6921875,0.909531502423263,0.319587628865979,0.601246105919003,0.583596214511041,0.319148936170213,0.32120253164557,0.300613496932515,0.591549295774648,0.680428134556575,0.998482549317147,0.895865237366003,0.996927803379416,0.670731707317073,1,0.5921875,0.311349693251534,0.318252730109204,0.996992481203008,0.998468606431853,0.433962264150943,0.995245641838352,0.998466257668712,0.998468606431853,0.306729264475743,0.324031007751938,1,0.315007429420505,0.685496183206107,0.328100470957614,0.460244648318043,0.295886075949367,0.00305343511450382,0.30640243902439,0.996923076923077,0.996830427892235,0.59726443768997,0.00458015267175573,0.328682170542636,0.320251177394035,0.100931677018634,0.410828025477707,0.996918335901387,0.996830427892235,0.313364055299539,0.998454404945904,0.412130637636081,0.998435054773083,0.326347305389222,0.589939024390244,0.319083969465649,0.31832298136646,0.996960486322188,0.00317460317460317,1,0.3104,0.319444444444444,0.998459167950693,0.996932515337423,0.998493975903614,0.446153846153846,0.998412698412698,0.316846986089645,0.6156202143951,0.324116743471582,0.324367088607595,0.00458015267175573,0.0400616332819723,0.996794871794872,0.624427480916031,0.998449612403101,0.322981366459627,0.3328,0.996865203761755,0.998439937597504,0.159264931087289,0.309968847352025,0.996978851963746,0.894656488549618,0.998466257668712,0.327245053272451,0.1953125,0.669724770642202,0.996951219512195,0.998493975903614,0.996884735202492,0.998427672955975,0.996955859969559,0.287671232876712,0.312210200927357,0.996969696969697,0.112179487179487,0.00313479623824451,0.441896024464832,0.00160771704180064,0.331782945736434,0.998456790123457,0.6801872074883,0.998463901689708,0.996951219512195,0.884848484848485,0.998420221169036,0.677272727272727,0.996899224806202,0.996860282574568,0.998442367601246,0.998452012383901
"596",0.294952681388013,0.324200913242009,0.314674735249622,0.3198127925117,0.309451219512195,0.309119010819165,0.0126582278481013,0.322429906542056,0.318181818181818,0.5792,0.322678843226788,0.642965204236006,0.515527950310559,0.320061255742726,1,1,0.624624624624625,0,0.322530864197531,0.314024390243902,1,1,0.32579185520362,0.515197568389058,0.312121212121212,1,1,0.330173775671406,0.312688821752266,0.521060842433697,1,0.583333333333333,0.364599092284418,0.996969696969697,0.670769230769231,0.310789049919485,0.141779788838612,0.324773413897281,1,0.30688622754491,0.00305343511450382,0,0,0.325077399380805,0.317484662576687,1,0.993920972644377,1,1,1,0.694528875379939,0.330733229329173,1,0.323664122137405,0.305597579425113,0.819595645412131,0.118012422360248,0.32093023255814,0.31570996978852,0.322530864197531,0.992481203007519,1,1,0.00464396284829721,0.319182389937107,0.321212121212121,0.659937888198758,0.326153846153846,0.612094395280236,1,0.319213313161876,1,1,0.278740157480315,0.158295281582953,0.319180087847731,1,0.995454545454545,0.323216995447648,1,0.607655502392344,1,1,0.321699544764795,1,0.32,0.319444444444444,0.33179012345679,0.318461538461538,0,0.31859756097561,0.329376854599407,0.68798751950078,0.593655589123867,0.314728682170543,0.641369047619048,0.674846625766871,0.312312312312312,0.128980891719745,0,0.308868501529052,0.618461538461539,1,0.322274881516588,1,0.320433436532508,0,0.326186830015314,1,1,1,0.310030395136778,0.995419847328244,0.32185628742515,0.209267563527653,0.312781954887218,1,0.38109756097561,1,1,0.208841463414634,0.308623298033283,1,1,0.330827067669173,1,0.323572474377745,0.307004470938897,0.366412213740458,0.772932330827068,0.3203125,1,0.329704510108865,0.641176470588235,0.338658146964856,1,0.00151057401812689,1,0.369969040247678,0.894154818325434,0.584992343032159,0.602503912363067,0.31832298136646,0.322834645669291,1,0.314759036144578,1,0.308755760368664,0.501506024096386,0.32,1,0.307692307692308,0.3171875,0.321766561514196,0.327188940092166,1,0.301391035548686,1,0.437216338880484,0.326836581709145,1,0.328849028400598,1,0.6,0.319314641744548,1,0.315068493150685,0.315068493150685,0.333333333333333,0.989345509893455,0.329211746522411,1,0.324492979719189,1,0.317817014446228,1,0.597579425113464,0.303353658536585,0.0286624203821656,0.301710730948678,0.320493066255778,1,0.310975609756098,0.312883435582822,0.326747720364742,0.337404580152672,1,1,0.325581395348837,0.325190839694657,1,1,0.32572298325723,0.238461538461538,0.0177514792899408,0.686274509803922,1,0.0030441400304414,0.318250377073906,1,0.321875,0.307926829268293,0.319571865443425,0.998461538461539,1,1,0.328380386329866,0.3140625,0.315151515151515,0.684532924961715,0.307219662058372,1,0.336890243902439,1,1,0.443939393939394,0.323076923076923,0.321266968325792,0.326153846153846,0.305343511450382,0.317683881064163,0.647865853658537,1,1,0.313725490196078,0.00301204819277108,0.328869047619048,0.319402985074627,0.322239031770045,0.311278195488722,0.303738317757009,0.316964285714286,0.694277108433735,0.371775417298938,0.308157099697885,1,0.323529411764706,1,0.302255639097744,0.302611367127496,0.315467075038285,0.333333333333333,0.314285714285714,1,0.328725038402458,0.801251956181534,1,1,0.996918335901387,1,1,0.903276131045242,1,1,1,0.316187594553706,1,0.325434439178515,0,1,0.394259818731118,1,0.325038880248834,0.318818040435459,0.31859756097561,0.428571428571429,1,0.324812030075188,1,1,1,1,0,0.315384615384615,1,1,0.323076923076923,1,0.3267776096823,1,1,0.316030534351145,0.326594090202177,0.299847792998478,0.151468315301391,0.338461538461538,0,0.598811292719168,1,0.321907600596125,0.317262830482115,0.590634441087613,1,1,0.33125,0.336434108527132,1,0.652503793626707,0.699059561128527,0.312788906009245,0.322222222222222,0.99400299850075,0.326120556414219,0.304733727810651,1,0.319018404907975,0.305970149253731,1,0.311320754716981,0.318461538461538,0.311649016641452,0.320610687022901,1,1,1,0.314024390243902,0.328173374613003,0.00904977375565611,0.993836671802773,0.332814930015552,1,1,0.309774436090226,0.326807228915663,0.303215926493109,0.321212121212121,0.31306990881459,1,0.306990881458967,0.314814814814815,0.575277337559429,1,0.842024539877301,1,0,1,0.326378539493294,1,1,0.426229508196721,0.998482549317147,0.317901234567901,1,0.314814814814815,0.30757341576507,0.317220543806647,1,1,0.321699544764795,0.395275590551181,0.611455108359133,0.31104199066874,1,1,1,0.320987654320988,1,0.208074534161491,1,1,1,1,0.327245053272451,1,0.317535545023697,0.332826747720365,0.673716012084592,0.309119010819165,1,0.327743902439024,0.316890881913303,0.315955766192733,1,0.308383233532934,1,0.316964285714286,0.482442748091603,0.326687116564417,0.328682170542636,0.31039755351682,1,0.321428571428571,0.308411214953271,1,1,0.329803328290469,0.317147192716237,1,0.479820627802691,0.316614420062696,0.332326283987915,0.328787878787879,0.680365296803653,1,0.293460925039872,1,0.434915773353752,0.309230769230769,0,0.878195488721805,0.322429906542056,0.316846986089645,0,0.0321592649310873,0.983257229832572,0.320987654320988,1,0.318042813455657,0.315372424722662,1,0.324242424242424,0.316436251920123,0.674311926605505,1,0.319314641744548,0.324031007751938,1,0.311349693251534,0.306853582554517,1,0.346036585365854,0.313178294573643,0.316023738872404,0.334862385321101,0.792998477929985,1,0.984472049689441,1,1,0.00152671755725191,1,0.995391705069124,1,0.436170212765957,0.996860282574568,0.31306990881459,0.997032640949555,0.328682170542636,0.996951219512195,0.607784431137725,0.626506024096386,0.323353293413174,0.312874251497006,0.639016897081413,0.316279069767442,0,0.631659056316591,0.684049079754601,0.32185628742515,0.00152671755725191,0.311377245508982,0.304545454545455,0.777602523659306,0.329286798179059,0.682370820668693,0.595975232198142,0.316923076923077,0.321321321321321,0.301801801801802,1,0.0262773722627737,0,0.326378539493294,0.331306990881459,0.321699544764795,1,0.345146379044684,0.317484662576687,1,0.307578008915305,0.944024205748865,0.579439252336449,1,1,0.995161290322581,0.315629742033384,0.606927710843373,0.31892697466468,0.318541996830428,0.312883435582822,0.426865671641791,1,0.315625,1,0.322378716744914,0.31839258114374,1,0.313572542901716,1,0.323574730354391,1,1,0.322137404580153,0,1,0.326219512195122,1,0.56859756097561,1,0.50834597875569,1,0.558823529411765,1,0.319182389937107,1,1,1,0.322033898305085,0.322981366459627,0.321375186846039,0.34850863422292,0.344551282051282,0.31866464339909,1,0.319444444444444,1,1,0.329268292682927,0.315132605304212,0.317293233082707,0.384024577572965,0.326378539493294,1,1,0.327743902439024,0.323390894819466,0.628705148205928,0.598755832037325,0.314589665653495,0.3171875,1,0.30781010719755,0.31547619047619,0.998466257668712,0.306836248012719,0.308980213089802,0,0.141122913505311,0.324116743471582,0.681818181818182,0.316846986089645,0.326807228915663,0.610271903323263,0.998466257668712,0.314199395770393,1,0.320872274143302,0.344287949921753,0.321928460342146,0.476263399693721,0.312693498452012,1,0.32375189107413,0.327613104524181,0.33489827856025,0.689655172413793,1,0.329652996845426,0.318250377073906,0,0.32572298325723,0.998461538461539,0.957894736842105,1,0.324773413897281,0.317629179331307,0.319571865443425,0.594353640416048,1,0.596546310832025,0.330781010719755,1,1,0.967065868263473,0.672727272727273,0.332819722650231,0.361027190332326,0.32781954887218,0.3202416918429,1,1,0.509230769230769,0.635384615384615,1,1,0.998484848484849,0.695924764890282,1,0.332321699544765,0.681957186544342,1,0.324116743471582,0.318529862174579,0.318885448916409,0.99702823179792,1,0.652931854199683,0.324283559577677,1,1,0.330289193302892,0.311450381679389,0.998484848484849,0,0.318952234206472,0.306990881458967,0.00463678516228748,0.316265060240964,1,0.319444444444444,1,0.15210843373494,0,0.910846953937593,0.327692307692308,1,1,0,0.00151745068285281,0.331811263318113,1,0.31496062992126,0.99702380952381,0.318529862174579,1,0.998456790123457,0.967441860465116,0.779122541603631,1,1,0.00303030303030303,1,0.519623233908948,0.332307692307692,0.66865671641791,0.32579185520362,1,0.309968847352025,0.67687595712098,1,1,0.31619937694704,0.616959064327485,0.324283559577677,0.593220338983051,0.975460122699387,0.337461300309598,0.598145285935085,0.010752688172043,0.311550151975684,0.324812030075188,0.324364723467862,1,0.633633633633634,0.307922272047833,0.895705521472393,0.588785046728972,0.966767371601209,1,1,0.315467075038285,0.341194968553459,0.311708860759494,0.309559939301973,0.316742081447964,0.617083946980854,0.307121661721068,0,0.674927113702624,0.998473282442748,0.328267477203647,0.307453416149068,0.325471698113208,0.317436661698957,0.605783866057839,1,0.332826747720365,0.340030911901082,0.336477987421384,0.317901234567901,0.312781954887218,0.314152410575428,0.198184568835098,0.684867394695788,0.324031007751938,0.606287425149701,1,0.242331288343558,0.322137404580153,0.930124223602484,1,1,0.312688821752266,0.645357686453577,1,0.319277108433735,0.297674418604651,0.957746478873239,1,1,0.996835443037975,0.318250377073906,1,1,0.909657320872274,1,0.350531107738998,1,0.597156398104265,1,0.671641791044776,0.307926829268293,0.6,1,1,0.992272024729521,0.322775263951735,0.323216995447648,0.325984251968504,0.317411402157165,0.320126782884311,0.3328173374613,0.984350547730829,0.316187594553706,1,1,0.718608169440242,0,0.316666666666667,0.314674735249622,0.672106824925816,1,0.569678407350689,0.329376854599407,0.648148148148148,0.306853582554517,0.324881141045959,1,0.31441717791411,0.315024232633279,0.702660406885759,0.915094339622642,0.32514450867052,0.608695652173913,0.592592592592593,0.324200913242009,0.325153374233129,0.299694189602446,0.600614439324117,0.678461538461538,1,0.899082568807339,1,0.666666666666667,0.996913580246914,0.598755832037325,0.323353293413174,0.324451410658307,1,1,0.438543247344461,0.99375,0.998525073746313,1,0.3125,0.32258064516129,1,0.307692307692308,0.682442748091603,0.333333333333333,0.457886676875957,0.308777429467085,0,0.311178247734139,1,1,0.597597597597598,0.00149700598802395,0.331306990881459,0.325153374233129,0.104454685099846,0.424960505529226,1,1,0.317220543806647,1,0.418351477449456,1,0.333827893175074,0.596385542168675,0.323076923076923,0.320182094081942,1,0,1,0.3171875,0.318112633181126,1,1,1,0.439749608763693,1,0.317411402157165,0.623298033282905,0.335365853658537,0.321259842519685,0.00150375939849624,0.0409711684370258,1,0.629742033383915,1,0.32375189107413,0.32967032967033,1,1,0.158610271903323,0.306501547987616,1,0.903323262839879,1,0.326347305389222,0.206106870229008,0.675187969924812,1,1,1,1,1,0.288690476190476,0.307339449541284,1,0.119047619047619,0.00153374233128834,0.445121951219512,0,0.32572298325723,1,0.669230769230769,1,1,0.894977168949772,1,0.679582712369598,1,1,1,1
"597",0.040650406504065,0.0365659777424483,0.0302547770700637,0.034257748776509,0.0323624595469256,0.0374592833876222,0.328358208955224,0.0333333333333333,0.0384615384615385,0.953177257525084,0.033175355450237,1,0.13474025974026,0.0355987055016181,0.649434571890145,0.65625,0.984177215189873,0.356418918918919,0.0344827586206897,0.0356564019448947,0.676422764227642,0.648692810457516,0.0352564102564103,0.893141945773525,0.0364500792393027,0.634584013050571,0.645,0.0366056572379368,0.037914691943128,0.151815181518152,0.658064516129032,0.20952380952381,0.022508038585209,0.647634584013051,0.969205834683955,0.0349417637271215,0.505654281098546,0.0363349131121643,0.669796557120501,0.0368,0.372990353697749,0.358642972536349,0.345483359746434,0.0354838709677419,0.0378289473684211,0.640650406504065,0.660194174757282,0.650717703349282,0.645007923930269,0.6384,0.971014492753623,0.0324149108589951,0.650563607085346,0.0388978930307942,0.0384615384615385,0.44189852700491,0.49672131147541,0.0368589743589744,0.0366826156299841,0.038961038961039,0.632237871674491,0.642394822006472,0.645631067961165,0.369706840390879,0.0373514431239389,0.0390879478827362,1,0.0358306188925081,0.990506329113924,0.645468998410175,0.0323101777059774,0.642512077294686,0.638655462184874,0.0702341137123746,0.540064102564103,0.0391236306729265,0.657643312101911,0.629337539432177,0.037914691943128,0.649586776859504,0.957095709570957,0.634768740031898,0.645631067961165,0.0334928229665072,0.637958532695375,0.0345911949685535,0.0344262295081967,0.0394088669950739,0.0322061191626409,0.346153846153846,0.0394088669950739,0.0296875,0.967532467532468,0.95253164556962,0.0295566502463054,0.998432601880878,0.967793880837359,0.0350877192982456,0.494214876033058,0.361525704809287,0.0372168284789644,0.990243902439024,0.65210355987055,0.0397350993377483,0.645056726094003,0.0359477124183007,0.346278317152104,0.0354838709677419,0.647249190938511,0.65224358974359,0.646129541864139,0.0414673046251994,0.644230769230769,0.0352564102564103,0.560821484992101,0.0390015600624025,0.642857142857143,0.751602564102564,0.638095238095238,0.652317880794702,0.560581583198708,0.0387096774193548,0.642289348171701,0.637123745819398,0.0336,0.664526484751204,0.0356037151702786,0.0363924050632911,0.724193548387097,0.499219968798752,0.0347682119205298,0.651612903225806,0.0378912685337726,1,0.0347682119205298,0.64937106918239,0.36231884057971,0.6368,0.014446227929374,0.610648918469218,0.957792207792208,0.95417348608838,0.0372168284789644,0.0348258706467662,0.635922330097087,0.0309446254071661,0.644200626959248,0.0357142857142857,0.133540372670807,0.0381558028616852,0.645107794361526,0.0345394736842105,0.0377668308702791,0.0345394736842105,0.0328407224958949,0.632090761750405,0.0403225806451613,0.640522875816993,0.79349593495935,0.0396825396825397,0.657051282051282,0.0363349131121643,0.669902912621359,0.965573770491803,0.032626427406199,0.645590682196339,0.0402576489533011,0.0352564102564103,0.0407166123778502,0.629513343799058,0.0359477124183007,0.63915857605178,0.037156704361874,0.652032520325203,0.038655462184874,0.645056726094003,0.974522292993631,0.0372771474878444,0.402684563758389,0.0394736842105263,0.0356564019448947,0.652597402597403,0.0305958132045089,0.0259319286871961,0.0339256865912763,0.0339256865912763,0.640394088669951,0.6528,0.0370994940978078,0.0333333333333333,0.646774193548387,0.661764705882353,0.0361635220125786,0.588330632090762,0.3765625,0.961661341853035,0.651465798045603,0.368078175895765,0.0318471337579618,0.63849765258216,0.0391517128874388,0.0377952755905512,0.032626427406199,0.65415986949429,0.653968253968254,0.635024549918167,0.0378548895899054,0.0318791946308725,0.0318471337579618,0.970684039087948,0.03125,0.649586776859504,0.0113268608414239,0.647727272727273,0.658576051779935,0.28892455858748,0.032520325203252,0.0378548895899054,0.0360065466448445,0.0352,0.0360655737704918,1,0.635772357723577,0.647909967845659,0.0351437699680511,0.350877192982456,0.0393700787401575,0.0407523510971787,0.0337078651685393,0.0318471337579618,0.0355411954765751,0.0365079365079365,0.959481361426256,0.741269841269841,0.0351437699680511,0.658022690437601,0.0310965630114566,0.657643312101911,0.0304975922953451,0.0309951060358891,0.0294599018003273,0.0363636363636364,0.0361842105263158,0.647909967845659,0.0388978930307942,0.437704918032787,0.640650406504065,0.638709677419355,0.649180327868852,0.632686084142395,0.633499170812604,0.627906976744186,0.634146341463415,0.647819063004846,0.65,0.0369774919614148,0.644371941272431,0.0268456375838926,0.349206349206349,0.649762282091918,0.747252747252747,0.63768115942029,0.0382059800664452,0.0296540362438221,0.0356564019448947,0.799347471451876,0.652032520325203,0.0328407224958949,0.648117839607201,0.640378548895899,0.653658536585366,0.635048231511254,0.343648208469055,0.0357142857142857,0.642512077294686,0.643548387096774,0.0418679549114332,0.66499162479062,0.0383386581469649,0.656050955414013,0.649434571890145,0.0345394736842105,0.0361842105263158,0.0408496732026144,0.515151515151515,0.04,0.350162866449511,0.962441314553991,0.643769968051118,0.0324149108589951,0.0354838709677419,0.953301127214171,0.642289348171701,0.641109298531811,0.0265339966832504,0.0340909090909091,0.653225806451613,0.987281399046105,0.964824120603015,0.040650406504065,0.0352941176470588,0.635071090047393,0.0339805825242718,0.0356589147286822,0.659810126582278,0.0338709677419355,0.0385852090032154,0.644122383252818,0.0391517128874388,0.0345963756177924,0.0394088669950739,0.0352,0.636513157894737,0.652448657187994,0.638333333333333,0.0411184210526316,0.0425531914893617,0.372019077901431,0.645424836601307,0.0388978930307942,0.644409937888199,0.664495114006515,0.0332278481012658,0.0297805642633229,0.0353130016051364,0.0339805825242718,0.0363924050632911,0.644371941272431,0.0413907284768212,0.0407166123778502,0.945634266886326,0.626003210272873,0.555194805194805,0.6557911908646,0.357605177993528,0.6464,0.0284810126582278,0.657331136738056,0.63562091503268,0.788553259141494,0.646869983948636,0.0310965630114566,0.632911392405063,0.0390243902439024,0.034257748776509,0.035031847133758,0.650563607085346,0.647527910685805,0.0271565495207668,0.0268456375838926,0.990147783251232,0.0405186385737439,0.6448,0.639669421487603,0.646864686468647,0.0311986863711002,0.638535031847134,0.567524115755627,0.636807817589576,0.65,0.643926788685524,0.66006600660066,0.0313971742543171,0.633550488599348,0.0320404721753794,0.0337620578778135,0.96474358974359,0.042833607907743,0.651612903225806,0.0398089171974522,0.0360501567398119,0.033500837520938,0.640776699029126,0.0349206349206349,0.651741293532338,0.0393700787401575,0.112877583465819,0.0399361022364217,0.037156704361874,0.0366826156299841,0.646869983948636,0.0290322580645161,0.0354838709677419,0.654838709677419,0.65086887835703,0.0290322580645161,0.0336,0.647819063004846,0.8672,0.0375203915171289,0.0323624595469256,0.0398724082934609,0.962962962962963,0.656198347107438,0.0360065466448445,0.653658536585366,0.799674267100977,0.0372168284789644,0.361769352290679,0.514240506329114,0.0367278797996661,0.0353130016051364,0.361934477379095,0.333333333333333,0.60586319218241,0.0307941653160454,0.644230769230769,0.0343137254901961,0.0327332242225859,0.629508196721312,0.0305466237942122,0.0344827586206897,0.972536348949919,0.630048465266559,0.0386473429951691,0.0385852090032154,0.637271214642263,0.0350877192982456,0.0364842454394693,0.650246305418719,0.71869918699187,0.0361247947454844,0.0323101777059774,0.0318979266347687,0.416932907348243,0.651273885350318,0.65089722675367,0.640944881889764,0.637223974763407,0.350819672131148,0.624801271860095,0.635048231511254,0.653290529695024,0.805555555555556,0.635761589403974,0.0396825396825397,0.633802816901408,0.0359477124183007,0.645056726094003,0.961722488038278,0.998394863563403,0.0384615384615385,0.0383386581469649,1,0.0296540362438221,0.348171701112878,1,0.970345963756178,0.0363349131121643,0.3552,0.0387096774193548,0.0403877221324717,0.504901960784314,0.0354838709677419,0.966346153846154,0.968333333333333,0.0339805825242718,0.0333333333333333,0.0372771474878444,0.638752052545156,0.399075500770416,0.340033500837521,0.05103668261563,0.032626427406199,0.0176848874598071,0.66231647634584,0.719806763285024,0.040453074433657,0.662847790507365,0.033175355450237,0.578947368421053,0.949675324675325,0.659744408945687,0.639751552795031,0.625215889464594,0.0363924050632911,0.966666666666667,0.0428571428571429,0.0403361344537815,0.0374592833876222,0.793322734499205,0.635772357723577,0.040650406504065,0.649350649350649,0.0370994940978078,0.0378912685337726,0.655007949125596,0.0344827586206897,0.651017214397496,0.0360065466448445,0.656301145662848,0.64390243902439,0.0334928229665072,0.356907894736842,0.65,0.0336538461538462,0.66068515497553,0.168284789644013,0.647151898734177,0.892628205128205,0.640944881889764,0.172920065252855,0.658576051779935,0.0429752066115702,0.642628205128205,0.6203125,0.668789808917197,0.0377049180327869,0.0295081967213115,0.0314465408805031,0.00986842105263158,0.713576158940397,0.0352,0.640468227424749,0.0324149108589951,0.649916247906198,0.647425897035881,0.0401929260450161,0.0362438220757825,0.0347551342812006,0.0323624595469256,0.0338709677419355,0.6512,0.647798742138365,0.0332278481012658,0.0328407224958949,0.993377483443709,0.961730449251248,0.0355411954765751,0.0377668308702791,0.654098360655738,0.0403225806451613,0.0380348652931854,0.66131621187801,0.0423728813559322,0.038961038961039,0.354632587859425,0.514376996805112,0.0263157894736842,0.967032967032967,0.0359477124183007,0.0423197492163009,0.9546875,0.636070853462158,0.0358306188925081,0.638263665594855,0.0349206349206349,0.00647249190938511,0.0372168284789644,0.12199036918138,0.032520325203252,0.639455782312925,0.032051282051282,0.0307443365695793,0.0281456953642384,0.9648,0.651741293532338,0.0280528052805281,0.0397456279809221,0.363192182410423,0.0384,0.645161290322581,0.601626016260163,0.644844517184943,0.0321543408360129,0.0361067503924647,0.0378289473684211,0.9536,0.636065573770492,0.963272120200334,0.0295566502463054,0.658841940532081,0.660287081339713,0.605815831987076,0.964516129032258,0.0324675324675325,0.00322061191626409,0.0386473429951691,0.03486529318542,0.638888888888889,0.659744408945687,0.890343698854337,1,0.646869983948636,0.653027823240589,0.629746835443038,0.973684210526316,0.643769968051118,0.0313479623824451,0.962295081967213,0.644694533762058,0.0418006430868167,0.0403225806451613,0.0383386581469649,0.636507936507936,0.652931854199683,1,0.0345368916797488,0.649586776859504,0.660098522167488,0.0337620578778135,0.0415335463258786,0.642276422764228,0.339966832504146,0.0308943089430894,0.0356564019448947,0.336065573770492,0.0382775119617225,0.656597774244833,0.033167495854063,0.65089722675367,0.517460317460318,0.375399361022364,0.642857142857143,0.0305466237942122,0.667192429022082,0.652173913043478,0.355305466237942,0.36624203821656,0.0309951060358891,0.636070853462158,0.0327332242225859,0.642405063291139,0.0280528052805281,0.64367816091954,0.660714285714286,0.589951377633712,0.526315789473684,0.642262895174709,0.654220779220779,0.369105691056911,0.647435897435897,0.908783783783784,0.0296540362438221,0.965299684542587,0.0403225806451613,0.66887417218543,0.0387096774193548,0.967845659163987,0.637254901960784,0.646864686468647,0.0364238410596026,0.993788819875776,0.0398089171974522,0.957723577235772,0.624796084828711,0.0388349514563107,0.985099337748344,0.369354838709677,0.0326797385620915,0.0382165605095541,0.0334928229665072,0.656896551724138,1,0.0351437699680511,0.519354838709677,0.950980392156863,0.601286173633441,0.644904458598726,0.640699523052464,0.0368589743589744,0.0232558139534884,0.0383333333333333,0.0300157977883096,0.0338164251207729,0.985915492957746,0.0448717948717949,0.357827476038339,0.964560862865948,0.647058823529412,0.0370967741935484,0.0374592833876222,0.0284280936454849,0.0332805071315372,0.964110929853181,0.650563607085346,0.028169014084507,0.0343137254901961,0.0332225913621262,0.0340909090909091,0.0358306188925081,0.0372771474878444,0.548335974643423,0.97557003257329,0.0304975922953451,0.966824644549763,0.652312599681021,0.619354838709677,0.0373983739837398,0.551894563426689,0.656040268456376,0.654281098546042,0.0373376623376623,1,0.646496815286624,0.0303514376996805,0.0390879478827362,0.59344262295082,0.651465798045603,0.65112540192926,0.647840531561462,0.0334394904458599,0.640776699029126,0.648562300319489,0.623987034035656,0.654781199351702,0.00480769230769231,0.66403785488959,0.963696369636964,0.639871382636656,0.971246006389776,0.0394736842105263,0.963875205254516,0.667768595041322,0.643322475570033,0.645631067961165,0.025974025974026,0.0354838709677419,0.0377668308702791,0.0381558028616852,0.0335570469798658,0.0357723577235772,0.629752066115702,0.0321027287319422,0.644371941272431,0.651724137931034,0.442857142857143,0.357377049180328,0.0380348652931854,0.0385232744783307,0.966876971608833,0.645865834633385,0.924170616113744,0.0300632911392405,1,0.0292682926829268,0.0332225913621262,0.648208469055375,0.0373376623376623,0.0358974358974359,0.419568822553897,0.628289473684211,0.0428134556574924,0.958745874587459,0.955665024630542,0.0336,0.0323624595469256,0.0335463258785942,0.958132045088567,0.971061093247588,0.6416,0.53322528363047,0.650393700787402,0.962264150943396,0.629139072847682,0.964941569282137,0.0420711974110032,0.0378912685337726,0.654028436018957,0.642857142857143,0.8042071197411,0.622296173044925,0.6544,0.649038461538462,0.0356564019448947,0.0353130016051364,0.640522875816993,0.0386398763523957,0.969155844155844,0.0290791599353796,0.823529411764706,0.0425531914893617,0.352848101265823,0.0387096774193548,0.650485436893204,0.656565656565657,0.97258064516129,0.356913183279743,0.0372168284789644,0.0358890701468189,0.25,0.148086522462562,0.644951140065147,0.647727272727273,0.0326797385620915,0.638297872340426,0.794407894736842,0.639261744966443,0.0394321766561514,0.949206349206349,0.0352564102564103,0.032520325203252,0.644588045234249,0.365448504983389,0.662273476112026,0.0317195325542571,0.0311986863711002,0.655502392344498,0.650563607085346,0.650546021840874,0.179401993355482,0.649586776859504,0.037156704361874,0.990415335463259,0.0414012738853503,0.0281923714759536,0.34248788368336,0.396774193548387,0.634390651085142,0.991816693944354,0.646481178396072,0.0340909090909091,0.031404958677686,0.658536585365854,0.636065573770492,0.419753086419753,0.034257748776509,0.65615141955836,0.675632911392405,0.66025641025641,0.0518053375196232,0.5810147299509,0.968102073365231,0.654340836012862,0.63265306122449,0.637846655791191,0.651960784313726,0.64622641509434,0.0638977635782748,0.0405844155844156,0.657004830917874,0.500829187396352,0.352941176470588,0.812297734627832,0.355218855218855,0.0261437908496732,0.642394822006472,0.964343598055105,0.637380191693291,0.651612903225806,0.679549114331723,0.640983606557377,0.971291866028708,0.631663974151858,0.651888341543514,0.643207855973813,0.644588045234249
"598",1,1,1,1,1,1,0.702875399361022,1,1,0.0917874396135266,1,0.0401854714064915,0.80690737833595,1,0.319685039370079,0.30503144654088,0.0623100303951368,0.679674796747967,1,1,0.288854003139717,0.31619937694704,1,0.157894736842105,1,0.327102803738318,0.328548644338118,1,1,0.776377952755905,0.309707241910632,0.716486902927581,0.966101694915254,0.316118935837246,0,1,0.537750385208012,1,0.304675716440422,1,0.664596273291925,0.670807453416149,0.692660550458716,1,1,0.312698412698413,0.321316614420063,0.308623298033283,0.325227963525836,0.326656394453005,0,1,0.316846986089645,1,1,0.497637795275591,0.559241706161137,1,1,1,0.333836858006042,0.324451410658307,0.320251177394035,0.672386895475819,1,1,0.0331230283911672,1,0.052710843373494,0.325757575757576,1,0.329721362229102,0.330683624801272,0.9664,0.513097072419106,1,0.316030534351145,0.338391502276176,1,0.323248407643312,0.0859872611464968,0.325508607198748,0.328660436137072,1,0.338414634146341,1,1,1,1,0.682852807283763,1,1,0.00157977883096367,0.101538461538462,1,0.0421052631578947,0,1,0.5504,0.675548589341693,1,0.0518867924528302,0.3203125,1,0.315625,1,0.684049079754601,1,0.320251177394035,0.319444444444444,0.323619631901841,1,0.330757341576507,1,0.491577335375191,1,0.313271604938272,0.296411856474259,0.320417287630402,0.3234375,0.476635514018692,0.9984375,0.325115562403698,0.322169059011164,1,0.308049535603715,1,1,0.322932917316693,0.546564885496183,1,0.311320754716981,1,0.0393343419062027,1,0.310136157337368,0.672811059907834,0.327639751552795,0.931993817619784,0.430868167202572,0.10126582278481,0.0958268933539413,1,1,0.33489827856025,1,0.3267776096823,1,0.803981623277182,1,0.328548644338118,1,1,1,1,0.342723004694836,1,0.328548644338118,0.248847926267281,1,0.317484662576687,1,0.30568356374808,0.082018927444795,1,0.319935691318328,1,1,1,0.335365853658537,1,0.329738058551618,1,0.310452418096724,1,0.320872274143302,0.0709876543209877,1,0.636070853462158,1,1,0.311004784688995,1,1,1,1,0.324574961360124,0.310502283105023,1,0.998442367601246,0.321266968325792,0.316957210776545,1,0.446676970633694,0.662632375189107,0,0.325038880248834,0.668224299065421,1,0.325688073394495,1,0.998482549317147,1,0.323076923076923,0.31651376146789,0.332792207792208,1,1,1,0,1,0.313694267515924,0.979813664596273,0.3203125,0.3109375,0.757296466973886,1,1,1,1,1,0.0386398763523957,0.317683881064163,0.329230769230769,1,0.675344563552833,1,1,0.998459167950693,0.998452012383901,1,1,0.00153846153846154,0.315950920245399,1,0.312302839116719,1,0.305722891566265,1,1,1,1,1,0.329153605015674,1,0.507042253521127,0.331240188383046,0.325153374233129,0.318541996830428,0.325545171339564,0.336463223787167,0.428115015974441,0.328725038402458,0.325652841781874,0.315707620528771,1,0.324409448818898,1,0.68558282208589,0.319314641744548,0.309707241910632,0.33125,1,1,1,0.259433962264151,0.315301391035549,1,0.320813771517997,0.323619631901841,0.317262830482115,0.323619631901841,0.681181959564541,1,0.327160493827161,0.317034700315457,1,0.305863708399366,1,0.315789473684211,0.316118935837246,1,1,1,0.5390625,1,0.688073394495413,0.0780780780780781,0.320433436532508,1,1,0.0928792569659443,0.32398753894081,0.325914149443561,1,1,0.306153846153846,0.021505376344086,0,1,1,0.336874051593323,0.998442367601246,1,0.314112291350531,1,1,0.325115562403698,1,1,1,1,0.333853354134165,0.308980213089802,0.337096774193548,1,1,0.664605873261206,0.31875,1,0.319277108433735,0.302652106084243,1,1,0.998480243161094,1,1,0.326086956521739,1,1,0.102848101265823,0.335384615384615,0.498422712933754,0.304212168486739,0.672307692307692,0.313271604938272,1,0.310236220472441,0.333855799373041,0.25652841781874,0.321592649310873,1,0.333841463414634,1,1,1,0.307692307692308,0.32,0.998461538461539,0.923930269413629,0.0570522979397781,1,0.315789473684211,0.317384370015949,0.313084112149533,1,0.330289193302892,0.478328173374613,0.3265625,0.308777429467085,0.320373250388802,0.308661417322835,1,0.327044025157233,1,1,0,1,0.323899371069182,1,1,1,0.327102803738318,1,0.310015898251192,1,0.83641975308642,1,1,1,0.321981424148607,1,1,0.314814814814815,0.31619937694704,1,1,0.31875,0.191424196018377,1,0.998473282442748,1,0,0.31378763866878,1,0.3125,0.241809672386895,1,0.677811550151976,0.435508345978756,1,1,0.675149700598802,0.704334365325077,0.35377358490566,1,0.322932917316693,1,1,0.328703703703704,1,0.998435054773083,0.00457317073170732,0.326594090202177,1,1,0.325281803542673,1,1,0.311708860759494,0.331797235023041,1,1,1,0.524031007751938,0.313364055299539,0.347619047619048,0.322388059701493,0.329738058551618,0.690625,0.33026113671275,0.324534161490683,0.316358024691358,0.237048665620094,0.323899371069182,1,0.324773413897281,0.998417721518987,0.318952234206472,0.0799396681749623,0.0436817472698908,1,1,0.0357142857142857,1,0.690909090909091,0.0373250388802488,0.00947867298578199,1,0.670788253477589,1,1,0.544881889763779,1,0,0.0733652312599681,1,1,1,0.323248407643312,0.646359583952452,0.691680261011419,0.996913580246914,1,0.987841945288754,0.306603773584906,0.3375,1,0.303459119496855,1,0.37403400309119,0.0984126984126984,0.309559939301973,0.322137404580153,0.337792642140468,1,0.075968992248062,1,1,1,0.2546875,0.325949367088608,1,0.332810047095761,1,1,0.307098765432099,1,0.331316187594554,1,0.309859154929577,0.327503974562798,1,0.685271317829457,0.32078313253012,1,0.3136,0.751937984496124,0.32,0.159754224270353,0.321375186846039,0.762951334379906,0.31637519872814,1,0.327160493827161,0.337920489296636,0.290964777947933,1,1,1,0.977198697068404,0.349282296650718,1,0.3264,1,0.317666126418152,0.323170731707317,1,1,1,0.924764890282132,1,0.317073170731707,0.318461538461538,1,1,0.0445151033386327,0.0795631825273011,1,1,0.311708860759494,1,1,0.314641744548287,1,1,0.677018633540373,0.530211480362538,1,0,1,1,0.0949464012251149,0.326053042121685,1,0.327639751552795,0.998449612403101,0.970125786163522,0.998449612403101,0.816640986132512,1,0.333870967741935,1,1,1,0,0.315955766192733,1,1,0.669254658385093,1,0.31839258114374,0.3625,0.321428571428571,1,1,1,0.0875576036866359,0.333863275039746,0.0884676145339652,0.998432601880878,0.311145510835913,0.312883435582822,0.358695652173913,0,1,0.961300309597523,1,1,0.328593996840442,0.308166409861325,0.162717219589258,0.0344827586206897,0.323529411764706,0.309859154929577,0.324200913242009,0.00158730158730159,0.313364055299539,1,0,0.318885448916409,1,1,1,0.325153374233129,0.324283559577677,0.0345368916797488,1,0.317535545023697,0.310030395136778,1,1,0.325508607198748,0.685303514376997,1,1,0.694620253164557,1,0.312977099236641,1,0.312693498452012,0.531297709923664,0.665653495440729,0.408814589665653,1,0.304084720121029,0.322429906542056,0.678461538461538,0.658499234303216,1,0.325077399380805,1,0.328313253012048,1,0.323390894819466,0.314465408805031,0.362928348909657,0.518461538461538,0.32182103610675,0.317384370015949,0.655172413793103,0.320552147239264,0.145867098865478,1,0,1,0.296529968454259,1,0,0.329153605015674,0.318037974683544,1,0.0513595166163142,1,0.0818897637795276,0.349453978159126,1,0.0626911314984709,0.667711598746082,1,1,1,0.316639741518578,0.0346385542168675,1,0.428571428571429,0.0930599369085174,0.364471669218989,0.324655436447167,0.327217125382263,1,1,1,1,1,0.0606980273141123,0.998470948012232,0.68693009118541,0.00149253731343284,0.327639751552795,1,1,1,1,0.0829493087557604,0.32375189107413,1,1,1,1,1,1,0.489296636085627,0.00158227848101266,1,0.078907435508346,0.321483771251932,0.434169278996865,1,0.39589905362776,0.321311475409836,0.314329738058552,1,0.0373250388802488,0.33179012345679,1,1,0.379527559055118,0.317757009345794,0.318252730109204,0.324881141045959,0.998454404945904,0.32755905511811,0.323529411764706,0.420886075949367,0.318681318681319,0.98297213622291,0.312594840667678,0.0799373040752351,0.329211746522411,0,1,0.0842607313195548,0.304140127388535,0.320872274143302,0.323899371069182,1,1,1,1,1,1,0.3424,1,0.322834645669291,0.330564784053156,0.602184087363494,0.674491392801252,1,1,0,0.312121212121212,0.110599078341014,0.998470948012232,0.0300632911392405,1,1,0.317965023847377,1,1,0.626198083067093,0.419457735247209,0.997058823529412,0.0800627943485086,0.0956112852664577,1,1,1,0.0825545171339564,0,0.326747720364742,0.421875,0.320552147239264,0,0.324451410658307,0.0839936608557845,1,1,0.324200913242009,0.319314641744548,0.242612752721617,0.337559429477021,0.314329738058552,0.328149300155521,1,1,0.331768388106416,1,0,1,0.231007751937985,1,0.668702290076336,1,0.315301391035549,0.311216429699842,0.0736196319018405,0.677811550151976,1,1,0.788553259141494,0.894736842105263,0.3234375,0.319047619047619,1,0.326530612244898,0.262751159196291,0.322006472491909,1,0.0984615384615385,1,1,0.319018404907975,0.676236044657097,0.303514376996805,1,1,0.311827956989247,0.305426356589147,0.323574730354391,0.848580441640379,0.313971742543171,1,0.0510835913312693,1,1,0.69218989280245,0.646511627906977,0.323717948717949,0.0518053375196232,0.324074074074074,1,1,0.312893081761006,0.340523882896764,0.627871362940276,1,0.314024390243902,0.369230769230769,0.311827956989247,0.981566820276498,0.469673405909798,0.00308166409861325,0.31104199066874,0.323262839879154,0.334890965732087,0.315286624203822,0.319758672699849,0.965996908809892,1,0.315625,0.544881889763779,0.685126582278481,0.237577639751553,0.679611650485437,1,0.329738058551618,0.00314465408805031,0.326053042121685,0.312693498452012,0.364329268292683,0.321259842519685,0,0.3375,0.322932917316693,0.323943661971831,0.321372854914197
"599",0.290322580645161,0.302839116719243,0.307936507936508,0.319620253164557,0.313084112149533,0.304416403785489,0.0145631067961165,0.313971742543171,0.312698412698413,0.578099838969404,0.314984709480122,0.641304347826087,0.5,0.315789473684211,1,1,0.627725856697819,0,0.325914149443561,0.301857585139319,1,1,0.316118935837246,0.533333333333333,0.307692307692308,1,1,0.331210191082803,0.307692307692308,0.5136,1,0.581903276131045,0.366771159874608,0.995283018867924,0.676100628930818,0.31063122923588,0.141965678627145,0.317683881064163,1,0.302325581395349,0.00313971742543171,0,0,0.32475884244373,0.316455696202532,1,0.995238095238095,1,1,1,0.695178849144635,0.330112721417069,1,0.317683881064163,0.313271604938272,0.808544303797468,0.126582278481013,0.307086614173228,0.311926605504587,0.316957210776545,0.992248062015504,1,1,0.00471698113207547,0.310679611650485,0.313971742543171,0.661417322834646,0.314873417721519,0.618759455370651,1,0.314900153609831,1,1,0.2656,0.1703125,0.311926605504587,1,0.995348837209302,0.309375,1,0.6112,1,1,0.322834645669291,1,0.31651376146789,0.312599681020734,0.32348367029549,0.323763955342903,0,0.321086261980831,0.318529862174579,0.696,0.585139318885449,0.3125,0.646788990825688,0.687598116169545,0.309375,0.131795716639209,0,0.306349206349206,0.623604465709729,1,0.305331179321486,1,0.303174603174603,0,0.315789473684211,1,1,1,0.308176100628931,0.995319812792512,0.31974921630094,0.213395638629283,0.304747320061256,1,0.3984375,1,1,0.209375,0.310832025117739,1,1,0.319314641744548,1,0.31437125748503,0.308641975308642,0.388888888888889,0.787925696594427,0.325769854132901,1,0.317891373801917,0.635400907715582,0.32741935483871,1,0.00157232704402516,1,0.369668246445498,0.894651539708266,0.591194968553459,0.60093896713615,0.315457413249211,0.317460317460317,1,0.314553990610329,1,0.299684542586751,0.491338582677165,0.323619631901841,1,0.309636650868878,0.311004784688995,0.328525641025641,0.327447833065811,1,0.296296296296296,1,0.459041731066461,0.320373250388802,1,0.315151515151515,1,0.595541401273885,0.3088,1,0.313099041533546,0.314152410575428,0.323343848580442,0.987673343605547,0.317891373801917,1,0.318037974683544,1,0.30114566284779,1,0.597809076682316,0.29746835443038,0.0342019543973941,0.290064102564103,0.306962025316456,1,0.303459119496855,0.310725552050473,0.317262830482115,0.331768388106416,1,1,0.313628899835796,0.321875,1,1,0.317683881064163,0.256692913385827,0.024024024024024,0.689763779527559,1,0.00314465408805031,0.309486780715397,1,0.315024232633279,0.306376360808709,0.313178294573643,0.996820349761526,1,1,0.324242424242424,0.307317073170732,0.314241486068111,0.678855325914149,0.300940438871473,1,0.334890965732087,1,1,0.457098283931357,0.317965023847377,0.319875776397516,0.320634920634921,0.297637795275591,0.314606741573034,0.649842271293375,1,1,0.313178294573643,0.00464396284829721,0.324574961360124,0.310769230769231,0.31924882629108,0.300940438871473,0.291139240506329,0.309451219512195,0.695046439628483,0.381761978361669,0.300632911392405,1,0.321144674085851,1,0.300940438871473,0.305772230889236,0.307692307692308,0.323854660347551,0.303370786516854,1,0.313971742543171,0.788216560509554,1,1,0.996763754045307,1,1,0.903381642512077,1,1,1,0.310769230769231,1,0.315875613747954,0,1,0.408668730650155,1,0.312101910828025,0.318037974683544,0.304975922953451,0.436908517350158,1,0.31839258114374,1,1,1,1,0,0.312202852614897,1,1,0.315541601255887,1,0.321100917431193,1,1,0.307692307692308,0.318910256410256,0.302180685358255,0.164319248826291,0.330143540669856,0,0.602118003025719,1,0.311627906976744,0.312796208530806,0.595975232198142,1,1,0.320907617504052,0.334913112164297,1,0.659409020217729,0.704180064308682,0.29951690821256,0.307692307692308,0.993788819875776,0.3232,0.300455235204856,1,0.314553990610329,0.302469135802469,1,0.298076923076923,0.309375,0.311526479750779,0.31139646869984,1,1,1,0.300314465408805,0.316045380875203,0.00626959247648903,0.992076069730586,0.319488817891374,1,1,0.303875968992248,0.321428571428571,0.302652106084243,0.310015898251192,0.314873417721519,1,0.305863708399366,0.312401883830455,0.581168831168831,1,0.848580441640379,1,0,1,0.319444444444444,1,1,0.442006269592476,0.998452012383901,0.320907617504052,1,0.306836248012719,0.300153139356815,0.308641975308642,1,1,0.310015898251192,0.395081967213115,0.61244019138756,0.298701298701299,1,1,1,0.320388349514563,1,0.218553459119497,1,1,1,1,0.323529411764706,1,0.312703583061889,0.326018808777429,0.68088467614534,0.301261829652997,1,0.322981366459627,0.322981366459627,0.314606741573034,1,0.309923664122137,1,0.313271604938272,0.470125786163522,0.322429906542056,0.326923076923077,0.31055900621118,1,0.308176100628931,0.305379746835443,1,1,0.317262830482115,0.310344827586207,1,0.498442367601246,0.311986863711002,0.318611987381703,0.329211746522411,0.682737169517885,1,0.283849918433931,1,0.441786283891547,0.297297297297297,0,0.878086419753086,0.312893081761006,0.315625,0,0.0345911949685535,0.977883096366509,0.305772230889236,1,0.313971742543171,0.311475409836066,1,0.3203125,0.310509554140127,0.675675675675676,1,0.313385826771654,0.314465408805031,1,0.307339449541284,0.303370786516854,1,0.350850077279753,0.305732484076433,0.309375,0.328548644338118,0.792834890965732,1,0.982785602503912,1,1,0.00156494522691706,1,0.993788819875776,1,0.449139280125196,0.996805111821086,0.3,0.992295839753467,0.324921135646688,0.995391705069124,0.61136712749616,0.63452566096423,0.316279069767442,0.306748466257669,0.646781789638933,0.318770226537217,0,0.638668779714738,0.688995215311005,0.306027820710974,0.0015625,0.307448494453249,0.298904538341158,0.787539936102236,0.322932917316693,0.687692307692308,0.602272727272727,0.309262166405024,0.316279069767442,0.294209702660407,1,0.0302114803625378,0,0.31733746130031,0.327102803738318,0.329192546583851,1,0.359621451104101,0.309033280507132,1,0.301092043681747,0.933962264150943,0.582278481012658,1,1,0.993399339933993,0.313755795981453,0.61214953271028,0.316436251920123,0.311793214862682,0.307086614173228,0.447368421052632,1,0.312698412698413,1,0.318770226537217,0.314696485623003,1,0.309294871794872,1,0.320126782884311,1,1,0.322274881516588,0,1,0.315047021943574,1,0.57032457496136,1,0.527216174183515,1,0.553990610328638,1,0.314332247557003,1,1,1,0.30503144654088,0.321027287319422,0.312307692307692,0.34181240063593,0.352365415986949,0.298761609907121,1,0.316358024691358,1,1,0.31875,0.315533980582524,0.317073170731707,0.375786163522013,0.317262830482115,1,1,0.323390894819466,0.319047619047619,0.639291465378422,0.605431309904153,0.313291139240506,0.309791332263242,1,0.301092043681747,0.310975609756098,0.995275590551181,0.301948051948052,0.309748427672956,0,0.149922720247295,0.316455696202532,0.683734939759036,0.311605723370429,0.317262830482115,0.60741885625966,0.996810207336523,0.306581059390048,1,0.309409888357257,0.346645367412141,0.313195548489666,0.455259026687598,0.312101910828025,1,0.315132605304212,0.317384370015949,0.333333333333333,0.683153013910355,1,0.326465927099842,0.324031007751938,0,0.319444444444444,0.998412698412698,0.951334379905808,1,0.313971742543171,0.309968847352025,0.308056872037915,0.593272171253823,1,0.615008156606852,0.330696202531646,1,1,0.963893249607535,0.67879746835443,0.329581993569132,0.363067292644757,0.312893081761006,0.314329738058552,1,1,0.53015873015873,0.639751552795031,1,1,0.998442367601246,0.696485623003195,1,0.313935681470138,0.688783570300158,1,0.31875,0.3168,0.312202852614897,0.996913580246914,1,0.649586776859504,0.317535545023697,1,1,0.315457413249211,0.302652106084243,0.998425196850394,0,0.312202852614897,0.300955414012739,0.0063391442155309,0.303738317757009,1,0.315873015873016,1,0.159937888198758,0,0.908396946564885,0.316118935837246,1,1,0,0.0015600624024961,0.314814814814815,1,0.309562398703404,0.996951219512195,0.304278922345483,1,0.998397435897436,0.962204724409449,0.793798449612403,1,1,0.004739336492891,1,0.53322528363047,0.315705128205128,0.673846153846154,0.3203125,1,0.301587301587302,0.68075117370892,1,1,0.309562398703404,0.624242424242424,0.322429906542056,0.593949044585987,0.9728,0.323343848580442,0.60625,0.0125984251968504,0.299212598425197,0.317262830482115,0.316614420062696,1,0.63482280431433,0.303405572755418,0.881410256410256,0.598086124401914,0.967791411042945,1,1,0.310236220472441,0.332792207792208,0.303858520900322,0.30829420970266,0.31201248049922,0.616564417177914,0.301857585139319,0,0.671732522796353,0.998459167950693,0.325984251968504,0.304075235109718,0.314009661835749,0.317700453857791,0.610062893081761,1,0.330232558139535,0.328,0.327332242225859,0.319685039370079,0.303076923076923,0.305111821086262,0.205479452054795,0.683544303797468,0.313291139240506,0.610852713178295,1,0.250401284109149,0.313195548489666,0.9185303514377,1,1,0.307692307692308,0.6421875,1,0.311728395061728,0.294303797468354,0.955128205128205,1,1,0.996742671009772,0.31104199066874,1,1,0.897314375987362,1,0.342592592592593,1,0.592948717948718,1,0.68025078369906,0.305863708399366,0.603503184713376,1,1,0.992125984251969,0.316846986089645,0.317757009345794,0.317307692307692,0.309859154929577,0.319805194805195,0.311897106109325,0.983792544570502,0.308166409861325,1,1,0.736263736263736,0,0.322429906542056,0.314728682170543,0.68944099378882,1,0.5765625,0.324812030075188,0.647619047619048,0.298887122416534,0.317666126418152,1,0.317111459968603,0.313432835820896,0.709728867623604,0.914614121510673,0.315396113602392,0.621578099838969,0.585326953748006,0.31104199066874,0.314873417721519,0.29984544049459,0.602848101265823,0.685534591194969,1,0.893987341772152,1,0.670245398773006,0.996774193548387,0.599364069952305,0.313572542901716,0.323809523809524,1,1,0.451713395638629,0.993650793650794,0.996927803379416,1,0.30829420970266,0.330683624801272,1,0.310030395136778,0.683881064162754,0.3198127925117,0.486443381180223,0.295886075949367,0,0.314152410575428,1,1,0.599383667180277,0.00156985871271586,0.32753164556962,0.316037735849057,0.10952380952381,0.427168576104746,1,1,0.308661417322835,1,0.436908517350158,1,0.323170731707317,0.604068857589984,0.320251177394035,0.317307692307692,1,0,1,0.301765650080257,0.312599681020734,1,1,1,0.449760765550239,1,0.313479623824451,0.623839009287926,0.322327044025157,0.319354838709677,0.00156739811912226,0.0452418096723869,1,0.63265306122449,1,0.323296354992076,0.325320512820513,1,1,0.178343949044586,0.305993690851735,1,0.912442396313364,1,0.315467075038285,0.213141025641026,0.675465838509317,1,1,1,1,1,0.285046728971963,0.293185419968304,1,0.129720853858785,0.00163132137030995,0.471317829457364,0,0.316535433070866,1,0.682769726247987,1,1,0.898148148148148,1,0.686335403726708,1,1,1,1
"600",0.29570747217806,0.298600311041991,0.313664596273292,0.317683881064163,0.306376360808709,0.294298921417565,0.0110062893081761,0.3109375,0.3,0.591639871382637,0.312217194570136,0.653250773993808,0.503115264797508,0.309375,1,1,0.626707132018209,0,0.315873015873016,0.290123456790123,1,1,0.306646525679758,0.526073619631902,0.301369863013699,1,1,0.329652996845426,0.296969696969697,0.524256651017214,1,0.586153846153846,0.357686453576865,0.996918335901387,0.67398119122257,0.3056,0.143950995405819,0.30757341576507,1,0.293129770992366,0.00309597523219814,0,0,0.313971742543171,0.305295950155763,1,0.993788819875776,1,1,1,0.697852760736196,0.317965023847377,1,0.308049535603715,0.304545454545455,0.817757009345794,0.123244929797192,0.307692307692308,0.302571860816944,0.314241486068111,0.993865030674847,1,1,0.00623052959501558,0.303514376996805,0.304147465437788,0.666141732283465,0.308641975308642,0.630630630630631,1,0.307922272047833,1,1,0.263823064770932,0.160493827160494,0.300911854103343,1,0.993827160493827,0.315301391035549,1,0.612540192926045,1,1,0.314112291350531,1,0.309667673716012,0.3109375,0.314329738058552,0.307692307692308,0,0.307448494453249,0.315548780487805,0.692780337941628,0.595092024539877,0.300632911392405,0.651975683890577,0.696734059097978,0.303680981595092,0.124600638977636,0,0.298921417565485,0.63849765258216,1,0.297906602254428,1,0.312893081761006,0,0.3125,1,1,1,0.295731707317073,0.995447647951442,0.316923076923077,0.209580838323353,0.296352583586626,1,0.389570552147239,1,1,0.213292117465224,0.304747320061256,1,1,0.319277108433735,1,0.307462686567164,0.300751879699248,0.379471228615863,0.773556231003039,0.310725552050473,1,0.318110236220472,0.646449704142012,0.321656050955414,1,0.0015220700152207,1,0.361111111111111,0.894991922455573,0.594090202177294,0.609642301710731,0.298299845440495,0.315457413249211,1,0.301075268817204,1,0.298273155416013,0.491628614916286,0.313846153846154,1,0.296923076923077,0.306976744186047,0.308527131782946,0.317262830482115,1,0.29375,1,0.447488584474886,0.316436251920123,1,0.304084720121029,1,0.605919003115265,0.303656597774245,1,0.310975609756098,0.298136645962733,0.318252730109204,0.987767584097859,0.31619937694704,1,0.313084112149533,1,0.307570977917981,1,0.604615384615385,0.295208655332303,0.0290322580645161,0.291731669266771,0.308527131782946,1,0.294392523364486,0.311550151975684,0.303875968992248,0.322981366459627,1,1,0.307086614173228,0.313271604938272,1,1,0.312883435582822,0.244548286604361,0.0164179104477612,0.705882352941177,1,0.00306748466257669,0.307926829268293,1,0.306122448979592,0.298484848484848,0.30781010719755,0.998452012383901,1,1,0.311649016641452,0.302034428794992,0.300455235204856,0.694006309148265,0.295031055900621,1,0.318529862174579,1,1,0.440184049079755,0.314553990610329,0.310291858678955,0.317683881064163,0.295208655332303,0.303265940902022,0.658950617283951,1,1,0.306748466257669,0.00460122699386503,0.312781954887218,0.307228915662651,0.306027820710974,0.29500756429652,0.29393468118196,0.308845577211394,0.710485133020344,0.374622356495468,0.300911854103343,1,0.308661417322835,1,0.29803328290469,0.297507788161994,0.300613496932515,0.320251177394035,0.301587301587302,1,0.313725490196078,0.800623052959502,1,1,0.99685534591195,1,1,0.90302066772655,1,1,1,0.309774436090226,1,0.315286624203822,0,1,0.394856278366112,1,0.31055900621118,0.311912225705329,0.303738317757009,0.428125,1,0.319402985074627,1,1,1,1,0,0.306122448979592,1,1,0.311827956989247,1,0.309815950920245,1,1,0.299065420560748,0.308411214953271,0.288549618320611,0.151001540832049,0.317460317460317,0,0.603915662650602,1,0.310502283105023,0.309859154929577,0.595744680851064,1,1,0.315873015873016,0.317262830482115,1,0.671850699844479,0.718110236220472,0.298273155416013,0.311708860759494,0.992481203007519,0.314900153609831,0.291729323308271,1,0.301223241590214,0.298325722983257,1,0.293291731669267,0.307453416149068,0.309090909090909,0.299539170506912,1,1,1,0.302147239263804,0.313880126182965,0.00917431192660551,0.990697674418605,0.311526479750779,1,1,0.303625377643505,0.310708898944193,0.298325722983257,0.306027820710974,0.306748466257669,1,0.297839506172839,0.301538461538462,0.582938388625592,1,0.842923794712286,1,0,1,0.305936073059361,1,1,0.434250764525994,0.998473282442748,0.305295950155763,1,0.302936630602782,0.291277258566978,0.298621745788668,1,1,0.308641975308642,0.377633711507293,0.6203125,0.2921875,1,1,1,0.308426073131955,1,0.212307692307692,1,1,1,1,0.309667673716012,1,0.308917197452229,0.31875,0.689763779527559,0.296411856474259,1,0.317901234567901,0.304347826086957,0.306477093206951,1,0.291603053435115,1,0.313813813813814,0.476263399693721,0.3171875,0.315707620528771,0.305810397553517,1,0.309148264984227,0.294585987261146,1,1,0.308641975308642,0.30521472392638,1,0.485540334855403,0.301587301587302,0.312883435582822,0.320493066255778,0.690513219284603,1,0.289763779527559,1,0.432558139534884,0.302325581395349,0,0.87874251497006,0.311424100156495,0.308892355694228,0,0.0295031055900621,0.982919254658385,0.3046875,1,0.3015625,0.309636650868878,1,0.313455657492355,0.300787401574803,0.68167701863354,1,0.30625,0.309375,1,0.301204819277108,0.289389067524116,1,0.346846846846847,0.303656597774245,0.30441400304414,0.318681318681319,0.790199081163859,1,0.982484076433121,1,1,0.0015552099533437,1,0.99388379204893,1,0.434645669291339,0.996875,0.297872340425532,0.993966817496229,0.315047021943574,0.995447647951442,0.618975903614458,0.649769585253456,0.304084720121029,0.295454545454545,0.654434250764526,0.307570977917981,0,0.639876352395672,0.696124031007752,0.311450381679389,0.00153374233128834,0.30077519379845,0.305135951661631,0.773790951638066,0.314329738058552,0.696456086286595,0.604133545310016,0.303599374021909,0.311550151975684,0.286594761171032,1,0.026431718061674,0,0.311248073959938,0.316998468606432,0.326656394453005,1,0.3484375,0.307926829268293,1,0.294298921417565,0.94478527607362,0.58609794628752,1,1,0.993485342019544,0.309774436090226,0.616666666666667,0.308955223880597,0.303514376996805,0.305900621118012,0.432880844645551,1,0.303738317757009,1,0.314285714285714,0.301587301587302,1,0.310725552050473,1,0.309968847352025,1,1,0.314641744548287,0,1,0.311145510835913,1,0.559139784946237,1,0.517557251908397,1,0.551242236024845,1,0.304761904761905,1,1,1,0.302003081664099,0.310618066561014,0.303759398496241,0.333333333333333,0.349436392914654,0.295384615384615,1,0.313271604938272,1,1,0.317901234567901,0.3109375,0.308623298033283,0.371340523882897,0.313546423135464,1,1,0.313455657492355,0.315955766192733,0.636792452830189,0.608964451313756,0.310664605873261,0.3109375,1,0.292117465224111,0.308270676691729,0.998442367601246,0.294685990338164,0.307458143074581,0,0.148203592814371,0.306122448979592,0.690014903129657,0.2953125,0.319018404907975,0.606980273141123,0.998427672955975,0.29984544049459,1,0.300155520995334,0.336434108527132,0.2984375,0.460708782742681,0.304212168486739,1,0.31039755351682,0.313291139240506,0.323763955342903,0.699386503067485,1,0.318681318681319,0.306525037936267,0,0.320839580209895,0.998461538461539,0.957186544342508,1,0.309597523219814,0.308623298033283,0.311728395061728,0.603030303030303,1,0.60731319554849,0.324409448818898,1,1,0.967987804878049,0.68266253869969,0.31733746130031,0.345146379044684,0.316358024691358,0.306748466257669,1,1,0.526717557251908,0.63944530046225,1,1,0.998470948012232,0.699842022116904,1,0.314199395770393,0.685099846390169,1,0.313846153846154,0.310725552050473,0.306976744186047,0.996913580246914,1,0.660098522167488,0.310030395136778,1,1,0.313178294573643,0.30030487804878,0.998482549317147,0,0.304075235109718,0.3,0.00777604976671851,0.307575757575758,1,0.297637795275591,1,0.152439024390244,0,0.903903903903904,0.31306990881459,1,1,0,0.00152439024390244,0.305936073059361,1,0.300632911392405,0.996996996996997,0.294392523364486,1,0.9984375,0.965732087227414,0.772865853658537,1,1,0.00611620795107034,1,0.530179445350734,0.31619937694704,0.683076923076923,0.309923664122137,1,0.3,0.685758513931889,1,1,0.302215189873418,0.626307922272048,0.315384615384615,0.600917431192661,0.976599063962558,0.324492979719189,0.621745788667688,0.0137614678899083,0.304147465437788,0.307926829268293,0.312594840667678,1,0.649546827794562,0.295731707317073,0.890937019969278,0.60093896713615,0.970059880239521,1,1,0.301242236024845,0.321372854914197,0.302034428794992,0.298003072196621,0.294656488549618,0.625189681335357,0.293759512937595,0,0.683035714285714,0.998466257668712,0.316846986089645,0.30030959752322,0.30048465266559,0.307807807807808,0.611280487804878,1,0.316030534351145,0.323899371069182,0.32484076433121,0.3109375,0.309090909090909,0.30188679245283,0.201492537313433,0.696400625978091,0.308049535603715,0.610606060606061,1,0.244615384615385,0.317484662576687,0.930448222565688,1,1,0.308623298033283,0.652307692307692,1,0.306278713629403,0.292758089368259,0.95389507154213,1,1,0.996784565916399,0.3125,1,1,0.901098901098901,1,0.333333333333333,1,0.602848101265823,1,0.686635944700461,0.308282208588957,0.619122257053291,1,1,0.993779160186625,0.309923664122137,0.314900153609831,0.316692667706708,0.31055900621118,0.320063694267516,0.3125,0.9828125,0.303680981595092,1,1,0.725460122699387,0,0.307110438729198,0.305471124620061,0.696784073506891,1,0.57427258805513,0.320300751879699,0.657894736842105,0.303875968992248,0.305993690851735,1,0.3,0.306946688206785,0.699212598425197,0.909235668789809,0.314159292035398,0.615625,0.590837282780411,0.316358024691358,0.314814814814815,0.29320987654321,0.606811145510836,0.689127105666156,1,0.891304347826087,1,0.676829268292683,0.996884735202492,0.596214511041009,0.3078125,0.310725552050473,1,1,0.446130500758725,0.992088607594937,0.996960486322188,1,0.305426356589147,0.313178294573643,1,0.312223858615611,0.694992412746586,0.307219662058372,0.472527472527473,0.294212218649518,0,0.305810397553517,1,1,0.610429447852761,0.00151057401812689,0.316846986089645,0.314728682170543,0.0916149068322981,0.416534181240064,1,1,0.302611367127496,1,0.428571428571429,1,0.316341829085457,0.603076923076923,0.317901234567901,0.310185185185185,1,0,1,0.302507836990596,0.317972350230415,1,1,1,0.436619718309859,1,0.309341500765697,0.627067669172932,0.318885448916409,0.316614420062696,0.00153139356814701,0.0388802488335925,1,0.63594470046083,1,0.316614420062696,0.316037735849057,1,1,0.157733537519142,0.298165137614679,1,0.904109589041096,1,0.312781954887218,0.207488299531981,0.682098765432099,1,1,1,1,1,0.277439024390244,0.2921875,1,0.127760252365931,0.00154798761609907,0.454823889739663,0,0.314329738058552,1,0.686028257456829,1,1,0.897709923664122,1,0.693009118541033,1,1,1,1
"601",1,1,1,1,1,1,0.706539074960128,1,1,0.109149277688604,1,0.0428790199081164,0.812995245641838,1,0.321316614420063,0.313084112149533,0.0660522273425499,0.686688311688312,1,1,0.291731669266771,0.317034700315457,1,0.158218125960061,1,0.336434108527132,0.320634920634921,1,1,0.789889415481833,0.31619937694704,0.720679012345679,0.959938366718028,0.313572542901716,0,1,0.541085271317829,1,0.309985096870343,1,0.658423493044822,0.672413793103448,0.693721286370597,1,1,0.31924882629108,0.313971742543171,0.312977099236641,0.322530864197531,0.33026113671275,0,1,0.313846153846154,1,1,0.481132075471698,0.561128526645768,1,1,1,0.340943683409437,0.326018808777429,0.323390894819466,0.671899529042386,1,1,0.0341085271317829,1,0.0586466165413534,0.329787234042553,1,0.322530864197531,0.328025477707006,0.96984126984127,0.522935779816514,1,0.310769230769231,0.335854765506808,1,0.32137030995106,0.0930979133226324,0.328660436137072,0.335925349922239,1,0.338461538461538,1,1,1,1,0.679012345679012,1,1,0,0.112462006079027,1,0.0453172205438066,0,1,0.573717948717949,0.678683385579937,1,0.0522151898734177,0.319875776397516,1,0.319938176197836,1,0.674311926605505,1,0.321483771251932,0.326153846153846,0.327613104524181,1,0.332819722650231,1,0.493212669683258,1,0.319314641744548,0.29320987654321,0.326315789473684,0.322378716744914,0.488262910798122,0.998435054773083,0.327217125382263,0.319935691318328,1,0.315301391035549,1,1,0.337962962962963,0.563636363636364,1,0.321928460342146,1,0.0422322775263952,1,0.314674735249622,0.667185069984448,0.337519623233909,0.930232558139535,0.44336569579288,0.111801242236025,0.101538461538462,1,1,0.333853354134165,1,0.321804511278195,1,0.8,1,0.331189710610932,1,1,1,1,0.334375,1,0.326530612244898,0.260530421216849,1,0.314329738058552,1,0.306477093206951,0.0917721518987342,1,0.322274881516588,1,1,1,0.338905775075988,1,0.332814930015552,1,0.311728395061728,1,0.326018808777429,0.0819165378670788,1,0.637540453074434,1,1,0.31937984496124,1,1,1,1,0.331782945736434,0.318181818181818,1,0.998454404945904,0.320552147239264,0.30829420970266,1,0.459293394777266,0.666666666666667,0,0.323029366306028,0.657935285053929,1,0.325264750378215,1,0.998470948012232,1,0.320872274143302,0.323262839879154,0.337078651685393,1,1,1,0,1,0.312599681020734,0.975308641975309,0.328220858895706,0.3109375,0.755795981452859,1,1,1,1,1,0.0432766615146832,0.323943661971831,0.332824427480916,1,0.674347158218126,1,1,0.998449612403101,0.998447204968944,1,1,0.00304878048780488,0.318529862174579,1,0.318611987381703,1,0.311145510835913,1,1,1,1,1,0.3296875,1,0.496825396825397,0.332822085889571,0.324655436447167,0.323248407643312,0.329738058551618,0.339116719242902,0.43171114599686,0.33596214511041,0.318818040435459,0.319083969465649,1,0.328149300155521,1,0.686838124054463,0.321372854914197,0.315301391035549,0.340062111801242,1,1,1,0.262090483619345,0.31937984496124,1,0.323854660347551,0.329305135951662,0.316846986089645,0.325153374233129,0.678461538461538,1,0.332822085889571,0.329133858267717,1,0.309178743961353,1,0.313935681470138,0.315217391304348,1,1,1,0.548286604361371,1,0.684782608695652,0.0867579908675799,0.327586206896552,1,1,0.104361370716511,0.326053042121685,0.330696202531646,1,1,0.309341500765697,0.0230769230769231,0.00316455696202532,1,1,0.345622119815668,1,1,0.317111459968603,1,1,0.320987654320988,1,1,1,1,0.340557275541796,0.311649016641452,0.333333333333333,1,1,0.670731707317073,0.321259842519685,1,0.318181818181818,0.304552590266876,1,1,0.998454404945904,1,1,0.333858267716535,1,1,0.107086614173228,0.337920489296636,0.503105590062112,0.315217391304348,0.665620094191523,0.325617283950617,1,0.311216429699842,0.33489827856025,0.257229832572298,0.320552147239264,1,0.332835820895522,1,1,1,0.31201248049922,0.327188940092166,0.998442367601246,0.921725239616613,0.0642054574638844,1,0.320373250388802,0.324881141045959,0.323529411764706,1,0.329286798179059,0.477657935285054,0.330246913580247,0.315132605304212,0.320813771517997,0.317901234567901,1,0.323248407643312,1,1,0,1,0.32348367029549,1,1,1,0.329173166926677,1,0.3216,1,0.835913312693498,1,1,1,0.314329738058552,1,1,0.32258064516129,0.319875776397516,1,1,0.317757009345794,0.186830015313936,1,0.998444790046656,1,0,0.316614420062696,1,0.314024390243902,0.250783699059561,1,0.671802773497689,0.43609022556391,1,1,0.673621460506706,0.703245749613601,0.345679012345679,1,0.323529411764706,1,1,0.341121495327103,1,0.998422712933754,0.00458715596330275,0.330203442879499,1,1,0.32753164556962,1,1,0.316692667706708,0.334876543209877,1,1,1,0.515432098765432,0.320493066255778,0.353582554517134,0.323795180722892,0.343701399688958,0.677672955974843,0.328746177370031,0.328173374613003,0.316358024691358,0.241486068111455,0.329545454545455,1,0.32312404287902,0.998430141287284,0.315789473684211,0.0902255639097744,0.0491551459293395,1,1,0.0388802488335925,1,0.685496183206107,0.0393700787401575,0.00789889415481832,1,0.668740279937792,1,1,0.556603773584906,1,0,0.078525641025641,1,1,1,0.325471698113208,0.648286140089419,0.68370607028754,0.993836671802773,1,0.989180834621329,0.309230769230769,0.334365325077399,1,0.309006211180124,1,0.37888198757764,0.110584518167457,0.310452418096724,0.316187594553706,0.342715231788079,1,0.0845921450151057,1,1,1,0.261941448382126,0.326018808777429,1,0.324921135646688,1,1,0.320493066255778,1,0.328808446455505,1,0.31496062992126,0.323296354992076,1,0.674121405750799,0.320668693009119,1,0.314785373608903,0.761240310077519,0.326186830015314,0.158705701078582,0.329787234042553,0.7703125,0.314194577352472,1,0.332302936630603,0.345679012345679,0.297637795275591,1,1,1,0.971291866028708,0.336569579288026,1,0.331179321486268,1,0.326366559485531,0.329249617151608,1,1,1,0.911949685534591,1,0.307692307692308,0.328660436137072,1,1,0.0471698113207547,0.0871632329635499,1,1,0.314785373608903,1,1,0.321981424148607,1,1,0.670261941448382,0.538812785388128,1,0,1,1,0.105666156202144,0.331782945736434,1,0.328125,0.998417721518987,0.965732087227414,0.9984375,0.822706065318818,1,0.32695374800638,1,1,1,0,0.324717285945073,1,1,0.668769716088328,1,0.325038880248834,0.366718027734977,0.321316614420063,1,1,1,0.099236641221374,0.326433121019108,0.0988835725677831,0.9984375,0.316590563165906,0.318042813455657,0.358578052550232,0,1,0.957680250783699,1,1,0.329133858267717,0.305597579425113,0.160377358490566,0.0363349131121643,0.317757009345794,0.317111459968603,0.325688073394495,0,0.322378716744914,1,0,0.33030303030303,1,1,1,0.319938176197836,0.330289193302892,0.0337620578778135,1,0.315457413249211,0.313178294573643,1,1,0.319444444444444,0.689710610932476,1,1,0.691472868217054,1,0.317073170731707,1,0.326594090202177,0.526234567901235,0.661144578313253,0.424657534246575,1,0.303030303030303,0.32348367029549,0.669195751138088,0.659021406727829,1,0.328725038402458,1,0.325859491778774,1,0.321766561514196,0.313291139240506,0.362363919129082,0.537290715372907,0.321928460342146,0.316692667706708,0.666144200626959,0.31937984496124,0.155088852988691,1,0,1,0.301587301587302,1,0,0.328638497652582,0.328548644338118,1,0.0581222056631893,1,0.0947204968944099,0.345483359746434,1,0.0648148148148148,0.672811059907834,1,1,1,0.3104,0.0353846153846154,1,0.424764890282132,0.103125,0.356707317073171,0.330769230769231,0.328703703703704,1,1,1,1,1,0.0677710843373494,0.996969696969697,0.674311926605505,0.0029940119760479,0.329738058551618,1,1,1,1,0.0919003115264797,0.319758672699849,1,1,1,1,1,1,0.49615975422427,0,1,0.0893682588597843,0.325077399380805,0.431221020092736,1,0.401587301587302,0.315702479338843,0.320813771517997,1,0.0386996904024768,0.322033898305085,1,1,0.376766091051805,0.319508448540707,0.3125,0.320634920634921,0.998452012383901,0.332278481012658,0.325038880248834,0.43213728549142,0.320373250388802,0.975460122699387,0.312688821752266,0.0890302066772655,0.327692307692308,0,1,0.0917721518987342,0.317610062893082,0.323943661971831,0.316118935837246,1,1,1,1,1,1,0.337559429477021,1,0.324534161490683,0.322899505766063,0.620272314674735,0.675078864353312,1,1,0,0.315548780487805,0.123475609756098,0.998482549317147,0.0357698289269051,1,1,0.322378716744914,1,1,0.625796178343949,0.433441558441558,0.99702823179792,0.0879120879120879,0.10377358490566,1,1,1,0.0947204968944099,0,0.323574730354391,0.4171875,0.320610687022901,0,0.329153605015674,0.0935023771790808,1,1,0.326153846153846,0.325581395348837,0.237795275590551,0.336477987421384,0.3125,0.328290468986384,1,1,0.333853354134165,1,0,1,0.225,1,0.675757575757576,1,0.3171875,0.314465408805031,0.080370942812983,0.671253822629969,1,1,0.784251968503937,0.890322580645161,0.325508607198748,0.319182389937107,1,0.317757009345794,0.260188087774295,0.322884012539185,1,0.109230769230769,1,1,0.319444444444444,0.670436187399031,0.31378763866878,1,1,0.312210200927357,0.321538461538462,0.326807228915663,0.858954041204437,0.3265625,1,0.0573643410852713,1,1,0.688271604938272,0.648902821316614,0.330065359477124,0.053125,0.329133858267717,1,1,0.303174603174603,0.32967032967033,0.624413145539906,1,0.313636363636364,0.382488479262673,0.311926605504587,0.989280245022971,0.474339035769829,0.0015625,0.314900153609831,0.330804248861912,0.333333333333333,0.321766561514196,0.322727272727273,0.969558599695586,1,0.32258064516129,0.544283413848631,0.678955453149002,0.241538461538462,0.684380032206119,1,0.332819722650231,0.0031055900621118,0.332293291731669,0.318611987381703,0.373660030627871,0.328125,0,0.342064714946071,0.32,0.330218068535826,0.318037974683544
"602",1,1,1,1,1,1,0.708920187793427,1,1,0.104333868378812,1,0.0546875,0.79874213836478,1,0.304416403785489,0.296703296703297,0.0719754977029096,0.694006309148265,1,1,0.283048211508554,0.307332293291732,1,0.160990712074303,1,0.313271604938272,0.309636650868878,1,1,0.772870662460568,0.310606060606061,0.719325153374233,0.962732919254658,0.307332293291732,0,1,0.563467492260062,1,0.298642533936652,1,0.6703125,0.693721286370597,0.706060606060606,1,1,0.31201248049922,0.302795031055901,0.305007587253414,0.311728395061728,0.317484662576687,0,1,0.305970149253731,1,1,0.473851030110935,0.567441860465116,1,1,1,0.323029366306028,0.3125,0.30503144654088,0.694573643410853,1,1,0.043613707165109,1,0.0645645645645646,0.306990881458967,1,0.314329738058552,0.308681672025723,0.968253968253968,0.521806853582555,1,0.303215926493109,0.331288343558282,1,0.304761904761905,0.0957792207792208,0.321766561514196,0.3203125,1,0.325153374233129,1,1,1,1,0.698757763975155,1,1,0,0.115805946791862,1,0.0538116591928251,0,1,0.5664,0.686708860759494,1,0.059748427672956,0.302325581395349,1,0.304953560371517,1,0.693146417445483,1,0.309262166405024,0.309968847352025,0.313935681470138,1,0.313178294573643,1,0.498489425981873,1,0.308755760368664,0.310872894333844,0.316187594553706,0.309968847352025,0.497681607418856,0.998432601880878,0.316998468606432,0.303174603174603,1,0.300153139356815,1,1,0.341121495327103,0.551515151515152,1,0.302034428794992,1,0.0494011976047904,1,0.308396946564885,0.683641975308642,0.326186830015314,0.922239502332815,0.428343949044586,0.111111111111111,0.102643856920684,1,1,0.323343848580442,1,0.303303303303303,1,0.793939393939394,1,0.32018927444795,1,1,1,1,0.31875,1,0.308661417322835,0.267801857585139,1,0.308166409861325,1,0.296703296703297,0.0923317683881064,1,0.308527131782946,1,1,1,0.326687116564417,1,0.313694267515924,1,0.301391035548686,1,0.306603773584906,0.0875,1,0.653225806451613,1,1,0.310452418096724,1,1,1,1,0.312893081761006,0.300613496932515,1,0.998449612403101,0.308282208588957,0.30016051364366,1,0.461300309597523,0.683257918552036,0,0.305426356589147,0.677672955974843,1,0.315950920245399,1,0.998480243161094,1,0.305164319248826,0.317411402157165,0.31378763866878,1,1,1,0,1,0.302034428794992,0.967289719626168,0.324367088607595,0.295031055900621,0.757716049382716,1,1,1,1,1,0.0525502318392581,0.309968847352025,0.31866464339909,1,0.694915254237288,1,1,0.998449612403101,0.998452012383901,1,1,0.00307219662058372,0.328267477203647,1,0.299212598425197,1,0.295489891135303,1,1,1,1,1,0.318461538461538,1,0.489795918367347,0.313755795981453,0.313364055299539,0.304075235109718,0.314241486068111,0.322327044025157,0.425196850393701,0.3171875,0.307098765432099,0.304821150855365,1,0.316770186335404,1,0.692889561270802,0.306976744186047,0.317771084337349,0.32695374800638,1,1,1,0.271450858034321,0.304821150855365,1,0.308892355694228,0.319634703196347,0.304212168486739,0.315384615384615,0.696734059097978,1,0.312693498452012,0.315541601255887,1,0.297770700636943,1,0.305597579425113,0.30503144654088,1,1,1,0.552833078101072,1,0.695517774343122,0.0917293233082707,0.3140625,1,1,0.103875968992248,0.310769230769231,0.317535545023697,1,1,0.300623052959502,0.0265625,0.00315955766192733,1,1,0.328828828828829,0.998444790046656,1,0.304747320061256,1,1,0.310077519379845,1,1,1,1,0.312693498452012,0.298621745788668,0.315789473684211,1,1,0.678571428571429,0.308157099697885,1,0.30640243902439,0.298299845440495,1,1,0.998459167950693,1,1,0.317610062893082,1,1,0.1184,0.32258064516129,0.49607535321821,0.300787401574803,0.679566563467492,0.313161875945537,1,0.31104199066874,0.323343848580442,0.263157894736842,0.319018404907975,1,0.321266968325792,1,1,1,0.299531981279251,0.311827956989247,0.998444790046656,0.916932907348243,0.0726698262243286,1,0.310185185185185,0.309859154929577,0.293375394321767,1,0.318461538461538,0.481366459627329,0.32258064516129,0.295839753466872,0.308306709265176,0.300469483568075,1,0.313385826771654,1,1,0,1,0.312210200927357,1,1,1,0.321656050955414,1,0.305772230889236,1,0.833587786259542,1,1,1,0.3,1,1,0.305555555555556,0.310291858678955,1,1,0.311728395061728,0.196946564885496,1,0.9984375,1,0,0.306962025316456,1,0.299539170506912,0.261075949367089,1,0.690440060698027,0.412121212121212,1,1,0.68452380952381,0.709627329192547,0.338509316770186,1,0.308641975308642,1,1,0.320872274143302,1,0.998435054773083,0.00625,0.323029366306028,1,1,0.314465408805031,1,1,0.298921417565485,0.348837209302326,1,1,1,0.513677811550152,0.295489891135303,0.338006230529595,0.306766917293233,0.323529411764706,0.699376947040498,0.320987654320988,0.314152410575428,0.306427503736921,0.252747252747253,0.307210031347962,1,0.311178247734139,0.998430141287284,0.309815950920245,0.0921450151057402,0.0601851851851852,1,1,0.0470957613814757,1,0.696594427244582,0.0499219968798752,0.0110410094637224,1,0.678516228748068,1,1,0.545454545454545,1,0,0.0798722044728434,1,1,1,0.316118935837246,0.658788774002954,0.705211726384365,0.99388379204893,1,0.982866043613707,0.295665634674923,0.346811819595645,1,0.294025157232704,1,0.349922239502333,0.11402157164869,0.296296296296296,0.311178247734139,0.325082508250825,1,0.0884146341463415,1,1,1,0.269113149847095,0.311320754716981,1,0.304953560371517,1,1,0.29984544049459,1,0.319148936170213,1,0.303125,0.311926605504587,1,0.692667706708268,0.312781954887218,1,0.300787401574803,0.747286821705426,0.311550151975684,0.166921898928025,0.309451219512195,0.764797507788162,0.295527156549521,1,0.31039755351682,0.332302936630603,0.29483282674772,1,1,1,0.96474358974359,0.346774193548387,1,0.310789049919485,1,0.314754098360656,0.310240963855422,1,1,1,0.908950617283951,1,0.302431610942249,0.317629179331307,1,1,0.0555555555555556,0.0873015873015873,1,1,0.299363057324841,1,1,0.305900621118012,1,1,0.683076923076923,0.551515151515152,1,0,1,1,0.107575757575758,0.310185185185185,1,0.3109375,0.998444790046656,0.957210776545166,0.998447204968944,0.819018404907976,1,0.320512820512821,1,1,1,0,0.3,1,1,0.681747269890796,1,0.307453416149068,0.343122102009274,0.313846153846154,1,1,1,0.101071975497703,0.311627906976744,0.0977917981072555,0.998442367601246,0.297674418604651,0.301391035548686,0.343558282208589,0,1,0.94954128440367,1,1,0.318541996830428,0.302255639097744,0.170015455950541,0.0465116279069767,0.311526479750779,0.306962025316456,0.3125,0,0.314329738058552,1,0,0.308980213089802,1,1,1,0.311926605504587,0.311450381679389,0.0415335463258786,1,0.302652106084243,0.30030487804878,1,1,0.310344827586207,0.7088,1,1,0.705607476635514,1,0.299847792998478,1,0.312693498452012,0.54434250764526,0.68030303030303,0.396396396396396,1,0.286149162861492,0.304953560371517,0.685758513931889,0.671732522796353,1,0.315950920245399,1,0.313935681470138,1,0.309119010819165,0.293563579277865,0.343260188087774,0.524691358024691,0.312302839116719,0.301261829652997,0.665629860031104,0.307210031347962,0.156606851549755,1,0,1,0.287461773700306,1,0,0.303076923076923,0.312893081761006,1,0.0673652694610778,1,0.0923566878980892,0.322327044025157,1,0.0729813664596273,0.678233438485804,1,1,1,0.299352750809061,0.0458015267175573,1,0.410658307210031,0.102201257861635,0.342987804878049,0.311145510835913,0.312977099236641,1,1,1,1,1,0.0729483282674772,0.995454545454545,0.690993788819876,0.00298953662182362,0.306870229007634,1,1,1,1,0.0923076923076923,0.306153846153846,1,1,1,1,1,1,0.501519756838906,0,1,0.0907715582450832,0.314728682170543,0.442396313364055,1,0.376788553259142,0.302588996763754,0.302180685358255,1,0.0460829493087558,0.306625577812018,1,1,0.362760834670947,0.30030959752322,0.301092043681747,0.306089743589744,0.998442367601246,0.321144674085851,0.314329738058552,0.414442700156986,0.315384615384615,0.968847352024922,0.301972685887709,0.0901898734177215,0.315301391035549,0,1,0.100946372239748,0.297169811320755,0.309375,0.311111111111111,1,1,1,1,1,1,0.317683881064163,1,0.309748427672956,0.303776683087028,0.609567901234568,0.686915887850467,1,1,0,0.307807807807808,0.131987577639752,0.998496240601504,0.0424528301886792,1,1,0.304212168486739,1,1,0.625990491283677,0.4096,0.995548961424332,0.0886075949367089,0.103503184713376,1,1,1,0.0967741935483871,0,0.307228915662651,0.4015625,0.306525037936267,0,0.318541996830428,0.0949367088607595,1,1,0.312688821752266,0.306990881458967,0.253456221198157,0.326530612244898,0.302611367127496,0.311248073959938,1,1,0.320126782884311,1,0,1,0.234741784037559,1,0.685271317829457,1,0.300155520995334,0.301109350237718,0.0893682588597843,0.687022900763359,1,1,0.793798449612403,0.8944,0.311708860759494,0.307086614173228,1,0.304347826086957,0.268330733229329,0.317307692307692,1,0.111620795107034,1,1,0.30503144654088,0.691455696202532,0.302839116719243,1,1,0.304147465437788,0.301223241590214,0.30920060331825,0.858034321372855,0.314873417721519,1,0.0630769230769231,1,1,0.705521472392638,0.662480376766091,0.313291139240506,0.0635658914728682,0.313664596273292,1,1,0.300925925925926,0.311912225705329,0.635239567233385,1,0.301223241590214,0.369300911854103,0.307110438729198,0.984732824427481,0.483516483516484,0.00154083204930663,0.301684532924962,0.310606060606061,0.319047619047619,0.30952380952381,0.307110438729198,0.971080669710807,1,0.307692307692308,0.558213716108453,0.685758513931889,0.250769230769231,0.696284329563813,1,0.316692667706708,0.00312989045383412,0.313084112149533,0.296636085626911,0.355623100303951,0.310725552050473,0,0.319875776397516,0.307936507936508,0.311501597444089,0.311827956989247
"603",0.298722044728434,0.312302839116719,0.3140625,0.33015873015873,0.305993690851735,0.306962025316456,0.0144,0.329133858267717,0.31055900621118,0.573268921095008,0.3198127925117,0.647149460708783,0.512618296529968,0.323390894819466,1,0.998422712933754,0.617151607963247,0.00161290322580645,0.323809523809524,0.305772230889236,0.998412698412698,0.998430141287284,0.321372854914197,0.514018691588785,0.319018404907975,0.998442367601246,0.998415213946117,0.337115072933549,0.307219662058372,0.537480063795853,0.998452012383901,0.592248062015504,0.367851622874807,0.998430141287284,0.667194928684628,0.313114754098361,0.138582677165354,0.314900153609831,0.998482549317147,0.30381679389313,0.00154320987654321,0.00155038759689922,0.00151285930408472,0.3265625,0.317683881064163,0.998407643312102,0.996860282574568,0.998454404945904,0.998452012383901,0.998439937597504,0.68895800933126,0.314285714285714,0.998454404945904,0.321928460342146,0.313385826771654,0.820472440944882,0.122641509433962,0.321928460342146,0.316358024691358,0.323343848580442,0.992248062015504,1,0.998407643312102,0.0046875,0.319422150882825,0.316770186335404,0.652582159624413,0.322327044025157,0.610942249240122,0.998482549317147,0.310769230769231,0.998439937597504,1,0.276699029126214,0.161240310077519,0.319277108433735,0.998473282442748,0.996918335901387,0.316998468606432,0.998360655737705,0.605769230769231,1,0.998425196850394,0.321981424148607,1,0.325190839694657,0.313479623824451,0.323343848580442,0.318611987381703,0.00153846153846154,0.30952380952381,0.321699544764795,0.68160741885626,0.586314152410575,0.312101910828025,0.636363636363636,0.674311926605505,0.314814814814815,0.123397435897436,0,0.305426356589147,0.620689655172414,0.998452012383901,0.310897435897436,0.998442367601246,0.318110236220472,0.00153609831029186,0.32807570977918,0.998430141287284,1,0.998475609756098,0.303599374021909,0.998427672955975,0.3198127925117,0.204268292682927,0.310344827586207,1,0.379573170731707,0.998459167950693,0.998410174880763,0.203125,0.311912225705329,0.998454404945904,0.998415213946117,0.324074074074074,0.998454404945904,0.31547619047619,0.307110438729198,0.37173579109063,0.759571209800919,0.316455696202532,0.998425196850394,0.330708661417323,0.644578313253012,0.3312,0.998463901689708,0.00154083204930663,1,0.374608150470219,0.887987012987013,0.572555205047319,0.603744149765991,0.315217391304348,0.31687898089172,0.998442367601246,0.313084112149533,0.998493975903614,0.311827956989247,0.500768049155146,0.322137404580153,0.998387096774194,0.306729264475743,0.320433436532508,0.320063694267516,0.33015873015873,0.998435054773083,0.301412872841444,0.998412698412698,0.43206106870229,0.328682170542636,1,0.316923076923077,0.998439937597504,0.588328075709779,0.316037735849057,0.998407643312102,0.322327044025157,0.315132605304212,0.327586206896552,0.987711213517665,0.32018927444795,1,0.324960753532182,0.9984375,0.315873015873016,1,0.585139318885449,0.304347826086957,0.0337620578778135,0.2944,0.317757009345794,0.9984,0.304761904761905,0.319314641744548,0.317111459968603,0.328682170542636,0.998456790123457,0.998468606431853,0.320967741935484,0.321928460342146,0.998470948012232,1,0.318461538461538,0.242612752721617,0.021021021021021,0.68895800933126,1,0.00152671755725191,0.316279069767442,0.998461538461539,0.325358851674641,0.29984544049459,0.317411402157165,0.998439937597504,0.998475609756098,1,0.326186830015314,0.315024232633279,0.315707620528771,0.678683385579937,0.302839116719243,0.9984,0.33953488372093,0.998415213946117,0.998439937597504,0.443573667711599,0.3264,0.314814814814815,0.329133858267717,0.306376360808709,0.309006211180124,0.642745709828393,0.998430141287284,0.998459167950693,0.323574730354391,0.0031055900621118,0.326717557251908,0.317147192716237,0.319875776397516,0.306646525679758,0.296650717703349,0.313455657492355,0.693374422187982,0.364197530864198,0.305772230889236,1,0.321428571428571,0.998442367601246,0.310975609756098,0.304897314375987,0.312302839116719,0.332263242375602,0.309636650868878,0.998435054773083,0.321372854914197,0.795275590551181,0.998412698412698,1,0.998412698412698,0.998417721518987,0.998412698412698,0.895666131621188,0.998430141287284,0.998449612403101,1,0.314641744548287,0.998432601880878,0.318181818181818,0.00152905198776758,0.998447204968944,0.381679389312977,0.998422712933754,0.316535433070866,0.324921135646688,0.313479623824451,0.414976599063963,0.998449612403101,0.319314641744548,0.998410174880763,0.998477929984779,0.998432601880878,0.998439937597504,0,0.313195548489666,0.998470948012232,1,0.31832298136646,1,0.320121951219512,0.998463901689708,0.998420221169036,0.305732484076433,0.320325203252033,0.298600311041991,0.149136577708006,0.32753164556962,0.00157232704402516,0.589041095890411,1,0.320552147239264,0.3248,0.579598145285935,0.998477929984779,0.998405103668262,0.325842696629214,0.325508607198748,0.998452012383901,0.659937888198758,0.696343402225755,0.308544303797468,0.317817014446228,0.996978851963746,0.330188679245283,0.305722891566265,0.998459167950693,0.314465408805031,0.306625577812018,1,0.301092043681747,0.318110236220472,0.312210200927357,0.317683881064163,0.998463901689708,0.998487140695915,1,0.307931570762053,0.326018808777429,0.00921658986175115,0.993680884676145,0.327447833065811,1,1,0.314728682170543,0.329738058551618,0.301092043681747,0.316037735849057,0.31496062992126,0.998420221169036,0.310126582278481,0.309148264984227,0.567783094098884,1,0.835658914728682,1,0.00157232704402516,0.998470948012232,0.327217125382263,0.998402555910543,1,0.423312883435583,1,0.317610062893082,0.998477929984779,0.303937007874016,0.304552590266876,0.312989045383412,1,0.998470948012232,0.313178294573643,0.408945686900958,0.605055292259084,0.30188679245283,0.998477929984779,1,0.998417721518987,0.321656050955414,0.998473282442748,0.203100775193798,0.998463901689708,0.9984375,0.998376623376623,0.9984375,0.322085889570552,0.998435054773083,0.312297734627832,0.328100470957614,0.681889763779528,0.300632911392405,1,0.329721362229102,0.313755795981453,0.311501597444089,0.998407643312102,0.313253012048193,0.998394863563403,0.324116743471582,0.489130434782609,0.321428571428571,0.319620253164557,0.318952234206472,0.998439937597504,0.315955766192733,0.305732484076433,1,0.998449612403101,0.322932917316693,0.306748466257669,1,0.484567901234568,0.314102564102564,0.327102803738318,0.325077399380805,0.682316118935837,0.998402555910543,0.28780487804878,0.998427672955975,0.419558359621451,0.3125,0.00154559505409583,0.873846153846154,0.3184,0.31924882629108,0.0015220700152207,0.0329153605015674,0.979719188767551,0.317111459968603,0.998459167950693,0.309748427672956,0.310177705977383,1,0.327639751552795,0.323343848580442,0.67192429022082,0.998427672955975,0.318681318681319,0.317034700315457,0.998407643312102,0.313271604938272,0.306581059390048,0.998420221169036,0.340943683409437,0.310344827586207,0.315068493150685,0.329192546583851,0.8,1,0.979495268138801,0.998498498498498,0.998435054773083,0.00316455696202532,0.998449612403101,0.996899224806202,1,0.420970266040689,1,0.3125,0.995363214837713,0.319685039370079,0.998435054773083,0.604863221884498,0.629179331306991,0.314024390243902,0.315068493150685,0.643192488262911,0.320063694267516,0.00153139356814701,0.627906976744186,0.6875,0.317972350230415,0.00309119010819165,0.3140625,0.306625577812018,0.768621236133122,0.326018808777429,0.683464566929134,0.587378640776699,0.317460317460317,0.321928460342146,0.302652106084243,1,0.0284857571214393,0.00160771704180064,0.320493066255778,0.323170731707317,0.327160493827161,0.998425196850394,0.344773790951638,0.313084112149533,0.998447204968944,0.302325581395349,0.936728395061728,0.566246056782334,0.998449612403101,0.998468606431853,0.994957983193277,0.316666666666667,0.608895705521472,0.322727272727273,0.315286624203822,0.314465408805031,0.415007656967841,0.998427672955975,0.309859154929577,0.998405103668262,0.322528363047002,0.315705128205128,0.9984375,0.31637519872814,0.998496240601504,0.319620253164557,1,0.998444790046656,0.323029366306028,0,0.998491704374057,0.317262830482115,0.998405103668262,0.565149136577708,0.998493975903614,0.509345794392523,0.998480243161094,0.5609375,0.998402555910543,0.31687898089172,0.998452012383901,1,0.998456790123457,0.312597200622084,0.317307692307692,0.322775263951735,0.352090032154341,0.337171052631579,0.31201248049922,1,0.322884012539185,0.998376623376623,0.998463901689708,0.326656394453005,0.314873417721519,0.317411402157165,0.390822784810127,0.323529411764706,1,0.998442367601246,0.324534161490683,0.318611987381703,0.6352,0.599374021909233,0.31733746130031,0.312599681020734,0.998432601880878,0.302325581395349,0.315950920245399,0.993730407523511,0.309904153354633,0.309486780715397,0.00154798761609907,0.140909090909091,0.321428571428571,0.681547619047619,0.307086614173228,0.324031007751938,0.595645412130638,0.995283018867924,0.307086614173228,1,0.3078125,0.352848101265823,0.314553990610329,0.474258970358814,0.3171875,0.998381877022654,0.315870570107858,0.320872274143302,0.3344,0.689814814814815,0.99836867862969,0.324237560192616,0.313935681470138,0.0015748031496063,0.324200913242009,1,0.951937984496124,0.998444790046656,0.3198127925117,0.325,0.314553990610329,0.586687306501548,0.998389694041868,0.590111642743222,0.335433070866142,1,0.998468606431853,0.962732919254658,0.675078864353312,0.325115562403698,0.358139534883721,0.318952234206472,0.31733746130031,0.998410174880763,0.998477929984779,0.516640253565769,0.631083202511774,0.998430141287284,0.998444790046656,1,0.688394276629571,0.9984375,0.320121951219512,0.680314960629921,0.998466257668712,0.321372854914197,0.306349206349206,0.312111801242236,1,0.998484848484849,0.642276422764228,0.325508607198748,0.998425196850394,0.998482549317147,0.319444444444444,0.310344827586207,1,0.00161550888529887,0.317034700315457,0.313084112149533,0.00636942675159236,0.314814814814815,0.998461538461539,0.314785373608903,0.998422712933754,0.154083204930663,0.00151515151515152,0.895927601809955,0.330218068535826,0.998461538461539,0.998425196850394,0.00155763239875389,0.00154083204930663,0.328660436137072,0.998435054773083,0.312,0.998480243161094,0.309968847352025,0.998435054773083,0.996830427892235,0.957943925233645,0.776911076443058,1,0.9984375,0.0046875,1,0.514516129032258,0.328638497652582,0.667175572519084,0.328173374613003,0.998417721518987,0.314152410575428,0.680061823802164,1,0.998430141287284,0.308917197452229,0.619190404797601,0.3265625,0.588419405320814,0.968454258675079,0.324031007751938,0.608024691358025,0.0125,0.314814814814815,0.322981366459627,0.323529411764706,1,0.632776934749621,0.316358024691358,0.884555382215289,0.592295345104334,0.967889908256881,0.998447204968944,0.998461538461539,0.31201248049922,0.333863275039746,0.313099041533546,0.309597523219814,0.308282208588957,0.613533834586466,0.307339449541284,0.0015600624024961,0.675675675675676,1,0.332807570977918,0.303937007874016,0.317666126418152,0.318112633181126,0.595015576323987,0.998489425981873,0.331259720062208,0.330670926517572,0.324149108589951,0.321711568938193,0.313572542901716,0.311811023622047,0.191063174114022,0.677165354330709,0.321766561514196,0.595975232198142,0.998452012383901,0.236677115987461,0.313572542901716,0.911076443057722,0.99837925445705,0.998449612403101,0.312024353120244,0.635514018691589,0.998435054773083,0.315707620528771,0.297805642633229,0.957345971563981,0.998452012383901,0.998442367601246,0.998425196850394,0.316358024691358,0.998407643312102,0.998463901689708,0.8921875,0.998410174880763,0.341013824884793,0.998498498498498,0.589285714285714,0.998435054773083,0.673913043478261,0.304416403785489,0.601255886970173,0.998415213946117,0.998422712933754,0.996850393700787,0.32093023255814,0.320872274143302,0.3296,0.316770186335404,0.323624595469256,0.321875,0.987261146496815,0.320987654320988,1,0.998355263157895,0.711180124223602,0.00158730158730159,0.314984709480122,0.318181818181818,0.679389312977099,0.998487140695915,0.55625,0.32469512195122,0.644094488188976,0.313880126182965,0.318910256410256,0.998417721518987,0.310725552050473,0.315614617940199,0.696682464454976,0.910543130990415,0.325859491778774,0.602870813397129,0.577106518282989,0.324574961360124,0.317460317460317,0.304281345565749,0.593114241001565,0.68075117370892,0.998459167950693,0.889589905362776,0.998463901689708,0.666153846153846,1,0.590551181102362,0.310618066561014,0.320754716981132,0.998456790123457,0.998447204968944,0.428571428571429,0.995184590690209,0.998459167950693,0.998456790123457,0.311424100156495,0.325617283950617,1,0.314199395770393,0.685126582278481,0.330683624801272,0.449920508744038,0.305379746835443,0.0015527950310559,0.308868501529052,0.998435054773083,0.998427672955975,0.586687306501548,0.0030441400304414,0.329192546583851,0.313880126182965,0.0967238689547582,0.420711974110032,0.998405103668262,0.998427672955975,0.309597523219814,0.998412698412698,0.405405405405405,1,0.326219512195122,0.590062111801242,0.32182103610675,0.320695102685624,0.998439937597504,0.00157977883096367,1,0.309791332263242,0.32018927444795,1,0.998454404945904,1,0.454106280193237,1,0.320813771517997,0.622699386503067,0.333850931677019,0.320063694267516,0.00308641975308642,0.0454545454545455,0.998387096774194,0.627511591962906,0.998439937597504,0.333333333333333,0.326366559485531,0.998430141287284,0.998412698412698,0.165094339622642,0.307692307692308,0.998466257668712,0.898773006134969,1,0.32262996941896,0.188888888888889,0.669230769230769,0.998454404945904,1,0.998430141287284,1,0.998466257668712,0.285932721712538,0.305426356589147,0.998454404945904,0.116987179487179,0.00157728706624606,0.445669291338583,0,0.3264,0.9984375,0.682888540031397,1,0.998439937597504,0.890262751159196,1,0.68160741885626,0.998439937597504,0.9984,1,0.998427672955975
"604",0.716171617161716,0.698697068403909,0.703703703703704,0.692953020134228,0.701954397394137,0.702127659574468,0.990115321252059,0.689883913764511,0.704361873990307,0.406666666666667,0.696141479099678,0.340288924558588,0.495033112582781,0.6896,0,0,0.365105008077544,1,0.68189233278956,0.708469055374593,0,0,0.694041867954911,0.4688,0.699523052464229,0,0,0.678868552412646,0.696629213483146,0.48111658456486,0,0.42258064516129,0.650406504065041,0.00325732899022801,0.311897106109325,0.700516351118761,0.859450726978998,0.686998394863563,0,0.704,0.996794871794872,1,1,0.684039087947883,0.692307692307692,0,0.00486223662884927,0,0,0,0.302439024390244,0.691176470588235,0,0.688311688311688,0.697749196141479,0.188216039279869,0.880523731587561,0.69721767594108,0.69377990430622,0.697068403908795,0.00632911392405063,0,0,0.99344262295082,0.696517412935323,0.689935064935065,0.32512315270936,0.688013136288998,0.369734789391576,0,0.697411003236246,0,0,0.743801652892562,0.835748792270531,0.695374800637959,0,0.00482315112540193,0.692307692307692,0,0.383701188455009,0,0,0.688816855753647,0,0.696062992125984,0.695081967213115,0.685575364667747,0.68780487804878,1,0.691542288557214,0.691588785046729,0.302287581699346,0.397058823529412,0.689883913764511,0.340189873417722,0.310177705977383,0.692431561996779,0.868113522537563,1,0.69721767594108,0.367986798679868,0,0.701168614357262,0,0.690789473684211,1,0.69281045751634,0,0,0,0.704545454545455,0.00323624595469256,0.692307692307692,0.792993630573248,0.708661417322835,0,0.613526570048309,0,0,0.790660225442834,0.698051948051948,0,0,0.685126582278481,0,0.696456086286595,0.700159489633174,0.623778501628665,0.227488151658768,0.691927512355848,0,0.681444991789819,0.347551342812006,0.674496644295302,0,0.998373983739837,0,0.632090761750405,0.110552763819095,0.405492730210016,0.379310344827586,0.6957928802589,0.686567164179104,0,0.688816855753647,0,0.701130856219709,0.509584664536741,0.690705128205128,0,0.702791461412151,0.69672131147541,0.689883913764511,0.688632619439868,0,0.702127659574468,0,0.55205047318612,0.689710610932476,0,0.683385579937304,0,0.388524590163934,0.693708609271523,0,0.700325732899023,0.697749196141479,0.686178861788618,0.0129032258064516,0.690909090909091,0,0.688632619439868,0,0.694352159468439,0,0.403908794788274,0.712903225806452,0.966832504145937,0.706467661691542,0.7,0,0.704,0.695299837925446,0.69983948635634,0.679276315789474,0,0,0.695507487520799,0.684975767366721,0,0,0.688206785137318,0.756843800322061,0.97626582278481,0.311501597444089,0,0.996715927750411,0.693910256410256,0,0.694078947368421,0.706070287539936,0.701298701298701,0.00325732899022801,0,0,0.682769726247987,0.696517412935323,0.694620253164557,0.314662273476112,0.708674304418985,0,0.679338842975207,0,0,0.560855263157895,0.689935064935065,0.691935483870968,0.690938511326861,0.706467661691542,0.697520661157025,0.333876221498371,0,0,0.697068403908795,0.996794871794872,0.690251572327044,0.698289269051322,0.6928,0.712195121951219,0.706840390879479,0.700475435816165,0.2914653784219,0.619047619047619,0.706840390879479,0,0.692307692307692,0,0.702093397745572,0.705211726384365,0.7,0.683006535947712,0.705387205387205,0,0.695299837925446,0.206322795341098,0,0,0.0033003300330033,0,0,0.102177554438861,0,0,0,0.696682464454976,0,0.699831365935919,1,0,0.611021069692058,0,0.680921052631579,0.682926829268293,0.698872785829308,0.564019448946515,0,0.68860353130016,0,0,0,0,1,0.696920583468395,0,0,0.695934959349593,0,0.69377990430622,0,0,0.703826955074875,0.68561872909699,0.711038961038961,0.843393148450245,0.682119205298013,1,0.385103011093502,0,0.694041867954911,0.681444991789819,0.40064620355412,0,0,0.683501683501683,0.690515806988353,0,0.334410339256866,0.289735099337748,0.702439024390244,0.694772344013491,0.00638977635782748,0.684466019417476,0.70735524256651,0,0.689542483660131,0.70906200317965,0,0.695299837925446,0.704180064308682,0.696141479099678,0.695439739413681,0,0,0,0.71078431372549,0.687397708674304,0.993558776167472,0.00819672131147541,0.687603305785124,0,0,0.702265372168285,0.690966719492868,0.713365539452496,0.697411003236246,0.700787401574803,0,0.705298013245033,0.693708609271523,0.410385259631491,0,0.157635467980296,0,1,0,0.685393258426966,0,0,0.567961165048544,0.00159744408945687,0.693843594009983,0,0.706754530477759,0.712903225806452,0.694041867954911,0,0,0.6928,0.610561056105611,0.380398671096346,0.707236842105263,0,0,0,0.688741721854305,0,0.785483870967742,0,0,0,0,0.694078947368421,0,0.695286195286195,0.685245901639344,0.309210526315789,0.710743801652893,0,0.688709677419355,0.699685534591195,0.700996677740864,0,0.697933227344992,0,0.696284329563813,0.527687296416938,0.686804451510334,0.688741721854305,0.7,0,0.701812191103789,0.707993474714519,0,0,0.69047619047619,0.696343402225755,0,0.509646302250804,0.685337726523888,0.6784,0.683870967741935,0.305194805194805,0,0.721008403361345,0,0.568333333333333,0.703764320785597,1,0.124401913875598,0.690397350993378,0.699029126213592,1,0.971014492753623,0.0199335548172757,0.699836867862969,0,0.703883495145631,0.697171381031614,0,0.685575364667747,0.69485903814262,0.326298701298701,0,0.694174757281553,0.695581014729951,0,0.702922077922078,0.697520661157025,0,0.659163987138264,0.6996699669967,0.69935691318328,0.688925081433225,0.206022187004754,0,0.0193548387096774,0,0,0.998376623376623,0,0.00650406504065041,0,0.556291390728477,0.00167785234899329,0.7,0.00626959247648903,0.688417618270799,0.00321027287319422,0.376788553259142,0.358730158730159,0.6896,0.7008,0.346839546191248,0.695507487520799,1,0.354735152487962,0.300986842105263,0.697262479871176,0.998384491114701,0.706645056726094,0.706070287539936,0.227124183006536,0.696825396825397,0.304625199362041,0.380794701986755,0.694668820678514,0.691935483870968,0.7216,0,0.97196261682243,1,0.699044585987261,0.685154975530179,0.676375404530744,0,0.655574043261231,0.693811074918567,0,0.707865168539326,0.0642054574638844,0.408866995073892,0,0,0.00677966101694915,0.690590111642743,0.3824,0.699685534591195,0.693843594009983,0.698872785829308,0.568218298555377,0,0.704620462046205,0,0.698653198653199,0.692691029900332,0,0.691927512355848,0,0.691935483870968,0,0,0.693311582381729,1,0,0.691935483870968,0,0.449838187702265,0,0.469354838709677,0,0.457516339869281,0,0.688442211055276,0,0,0,0.704838709677419,0.690789473684211,0.698412698412698,0.665557404326123,0.66271186440678,0.703883495145631,0,0.692939244663383,0,0,0.685575364667747,0.691399662731872,0.690821256038647,0.628246753246753,0.687400318979266,0,0,0.680194805194805,0.688741721854305,0.360134003350084,0.393092105263158,0.693311582381729,0.684466019417476,0,0.709677419354839,0.696062992125984,0.00483091787439614,0.706666666666667,0.696774193548387,1,0.857369255150555,0.693811074918567,0.309748427672956,0.702302631578947,0.693418940609952,0.387820512820513,0.0032520325203252,0.698697068403909,0,0.700320512820513,0.67430441898527,0.694805194805195,0.537964458804523,0.707592891760905,0,0.686688311688312,0.694352159468439,0.681518151815181,0.299840510366826,0,0.686468646864686,0.69377990430622,1,0.688,0.0016260162601626,0.0532258064516129,0,0.698564593301435,0.688311688311688,0.701812191103789,0.393258426966292,0,0.388513513513513,0.673234811165846,0,0,0.0372771474878444,0.308319738988581,0.679214402618658,0.658615136876006,0.692682926829268,0.695374800637959,0,0,0.466227347611203,0.357723577235772,0,0,0.0016025641025641,0.301003344481605,0,0.684126984126984,0.300492610837438,0,0.681744749596123,0.69344262295082,0.692434210526316,0.00163934426229508,0,0.339966832504146,0.685303514376997,0,0,0.689710610932476,0.7088,0.00161550888529887,1,0.69672131147541,0.705785123966942,0.991749174917492,0.697933227344992,0,0.71334431630972,0,0.848,1,0.0958466453674121,0.694805194805195,0,0,1,0.9984,0.689822294022617,0,0.706081081081081,0.00313479623824451,0.707037643207856,0,0.00165562913907285,0.0407166123778502,0.229903536977492,0,0,0.99347471451876,0,0.467116357504216,0.684124386252046,0.322222222222222,0.684627575277338,0,0.709624796084829,0.315024232633279,0,0,0.700826446280992,0.364341085271318,0.688995215311005,0.392156862745098,0.03125,0.67536704730832,0.378205128205128,0.98531810766721,0.702302631578947,0.698387096774194,0.698083067092652,0,0.353503184713376,0.706645056726094,0.115894039735099,0.395659432387312,0.0352,0,0,0.694078947368421,0.67603305785124,0.712396694214876,0.702746365105008,0.704545454545455,0.373228346456693,0.705414012738854,1,0.310236220472441,0,0.680064308681672,0.701954397394137,0.697829716193656,0.687400318979266,0.376996805111821,0,0.682692307692308,0.6721044045677,0.678510998307953,0.696078431372549,0.706349206349206,0.7,0.79080824088748,0.305,0.692561983471074,0.381558028616852,0,0.756978653530378,0.701444622792937,0.0853858784893268,0,0,0.701782820097245,0.350649350649351,0,0.690851735015773,0.720516962843296,0.0471544715447154,0,0,0.00166389351081531,0.690322580645161,0,0,0.0950819672131148,0,0.669856459330144,0,0.392678868552413,0,0.312903225806452,0.6996699669967,0.381578947368421,0,0,0.00491803278688525,0.683360258481422,0.690553745928339,0.690117252931323,0.691693290734824,0.683168316831683,0.689655172413793,0.0181219110378913,0.699675324675325,0,0,0.279935275080906,1,0.696,0.699029126213592,0.307448494453249,0,0.427652733118971,0.68621236133122,0.339805825242718,0.698051948051948,0.69449081803005,0,0.698360655737705,0.697916666666667,0.323383084577114,0.0875420875420875,0.685446009389671,0.376884422110553,0.401680672268908,0.684380032206119,0.684297520661157,0.706260032102729,0.392914653784219,0.304975922953451,0,0.105960264900662,0,0.324149108589951,0.00164744645799012,0.393034825870647,0.700325732899023,0.6875,0,0,0.556089743589744,0.0066334991708126,0.00159235668789809,0,0.702127659574468,0.681744749596123,0,0.693270735524257,0.308186195826645,0.682644628099174,0.527004909983633,0.709302325581395,1,0.705128205128205,0,0,0.3888,0.9984,0.687600644122383,0.691680261011419,0.904761904761905,0.602348993288591,0,0,0.6976,0,0.570032573289902,0,0.6801872074883,0.393790849673203,0.684887459807074,0.694444444444444,0,1,0,0.70216306156406,0.69344262295082,0,0,0,0.560777957860616,0,0.691419141914191,0.357723577235772,0.686688311688312,0.688552188552189,0.9984,0.955665024630542,0,0.363486842105263,0,0.686274509803922,0.682885906040268,0,0,0.8336,0.699013157894737,0,0.0998415213946117,0,0.685393258426966,0.792421746293245,0.318770226537217,0,0,0,0,0,0.717741935483871,0.708333333333333,0,0.872665534804754,0.99836867862969,0.556451612903226,1,0.69281045751634,0,0.30983606557377,0,0,0.102773246329527,0,0.317152103559871,0,0,0,0
"605",1,1,1,1,1,1,0.711475409836066,1,1,0.0897226753670473,1,0.0419254658385093,0.819334389857369,1,0.318770226537217,0.304897314375987,0.056782334384858,0.692307692307692,1,1,0.292063492063492,0.30952380952381,1,0.155555555555556,1,0.329635499207607,0.316211878009631,1,1,0.797124600638978,0.311216429699842,0.734789391575663,0.966772151898734,0.305863708399366,0,1,0.536776212832551,1,0.29393468118196,1,0.670947030497592,0.692429022082019,0.695987654320988,1,1,0.316045380875203,0.304975922953451,0.310452418096724,0.319314641744548,0.318611987381703,0,1,0.308777429467085,1,1,0.498402555910543,0.555732484076433,1,1,1,0.32755905511811,0.313694267515924,0.308681672025723,0.687898089171974,1,1,0.0304487179487179,1,0.0502283105022831,0.313084112149533,1,0.312796208530806,0.313311688311688,0.968903436988543,0.515772870662461,1,0.310769230769231,0.323854660347551,1,0.319604612850082,0.0849673202614379,0.319488817891374,0.313385826771654,1,0.337025316455696,1,1,1,1,0.699376947040498,1,1,0,0.0972886762360447,1,0.044822256568779,0,1,0.567213114754098,0.683006535947712,1,0.0444444444444444,0.311111111111111,1,0.317535545023697,1,0.696,1,0.318910256410256,0.315047021943574,0.317460317460317,1,0.320695102685624,1,0.483619344773791,1,0.304347826086957,0.294303797468354,0.316692667706708,0.315047021943574,0.486529318541997,0.9984,0.309375,0.309562398703404,1,0.300157977883096,1,1,0.325434439178515,0.540752351097179,1,0.308426073131955,1,0.0399385560675883,1,0.308892355694228,0.683042789223455,0.322115384615385,0.938095238095238,0.4185667752443,0.096,0.087719298245614,1,1,0.323809523809524,1,0.31651376146789,1,0.809748427672956,1,0.323151125401929,1,1,1,1,0.32695374800638,1,0.320063694267516,0.244514106583072,1,0.308426073131955,1,0.295055821371611,0.0797448165869219,1,0.304838709677419,1,1,1,0.333853354134165,1,0.318979266347687,1,0.296124031007752,1,0.311793214862682,0.0697674418604651,1,0.648475120385233,1,1,0.314285714285714,1,1,1,1,0.325949367088608,0.302652106084243,1,0.998405103668262,0.310077519379845,0.297560975609756,1,0.448494453248811,0.672307692307692,0,0.311912225705329,0.680445151033386,1,0.325,1,0.998415213946117,1,0.304897314375987,0.318181818181818,0.329563812600969,1,1,1,0,1,0.301127214170692,0.974803149606299,0.319354838709677,0.307568438003221,0.746522411128284,1,1,1,1,1,0.042654028436019,0.316720257234727,0.319685039370079,1,0.682389937106918,1,1,0.998425196850394,0.998407643312102,1,1,0.0031496062992126,0.313084112149533,1,0.313725490196078,1,0.2912,1,1,1,1,1,0.321086261980831,1,0.5104,0.323671497584541,0.316692667706708,0.309904153354633,0.320512820512821,0.333333333333333,0.414239482200647,0.32018927444795,0.307086614173228,0.307692307692308,1,0.317965023847377,1,0.693146417445483,0.314696485623003,0.309748427672956,0.331707317073171,1,1,1,0.257142857142857,0.304552590266876,1,0.3216,0.323943661971831,0.3072,0.315047021943574,0.693163751987281,1,0.326053042121685,0.3088,1,0.289644012944984,1,0.300787401574803,0.303656597774245,1,1,1,0.535885167464115,1,0.692429022082019,0.0788253477588872,0.312599681020734,1,1,0.0906200317965024,0.320813771517997,0.319354838709677,1,1,0.303599374021909,0.0220472440944882,0.00318979266347687,1,1,0.335925349922239,1,1,0.305511811023622,1,1,0.313178294573643,1,1,1,1,0.32967032967033,0.308892355694228,0.328990228013029,1,1,0.673501577287066,0.313195548489666,1,0.318181818181818,0.2914653784219,1,1,0.998427672955975,1,1,0.318910256410256,1,1,0.102649006622517,0.329721362229102,0.487220447284345,0.304347826086957,0.681528662420382,0.317535545023697,1,0.305246422893482,0.326860841423948,0.251543209876543,0.31201248049922,1,0.324574961360124,1,1,1,0.308681672025723,0.324574961360124,0.998420221169036,0.927536231884058,0.0571895424836601,1,0.309968847352025,0.311793214862682,0.302250803858521,1,0.326086956521739,0.470304975922953,0.318541996830428,0.304897314375987,0.308186195826645,0.3072,1,0.318327974276527,1,1,0,1,0.312893081761006,1,1,1,0.322222222222222,1,0.304487179487179,1,0.838351822503962,1,1,1,0.31104199066874,1,1,0.31378763866878,0.308661417322835,1,1,0.306962025316456,0.177115987460815,1,0.998397435897436,1,0,0.3056,1,0.298273155416013,0.238853503184713,1,0.682389937106918,0.427906976744186,1,1,0.685410334346505,0.706070287539936,0.33596214511041,1,0.31687898089172,1,1,0.325914149443561,1,0.99837925445705,0.00798722044728434,0.328525641025641,1,1,0.313915857605178,1,1,0.299186991869919,0.3421875,1,1,1,0.529225908372828,0.306603773584906,0.3408,0.312024353120244,0.327503974562798,0.6928,0.3234375,0.319554848966614,0.314553990610329,0.234177215189873,0.318181818181818,1,0.316358024691358,0.998384491114701,0.31201248049922,0.0740740740740741,0.046656298600311,1,1,0.0379746835443038,1,0.688575899843505,0.0393700787401575,0.0110759493670886,1,0.687106918238994,1,1,0.533442088091354,1,0,0.066884176182708,1,1,1,0.319422150882825,0.655068078668684,0.69983416252073,0.992211838006231,1,0.984326018808777,0.296998420221169,0.331723027375201,1,0.300476947535771,1,0.365814696485623,0.0983870967741935,0.304416403785489,0.319508448540707,0.326565143824027,1,0.0692913385826772,1,1,1,0.26027397260274,0.32018927444795,1,0.310789049919485,1,1,0.304075235109718,1,0.324283559577677,1,0.303317535545024,0.318611987381703,1,0.683788121990369,0.315301391035549,1,0.310789049919485,0.76517571884984,0.31201248049922,0.15625,0.317411402157165,0.77724358974359,0.309677419354839,1,0.322222222222222,0.3296875,0.28594249201278,1,1,1,0.973421926910299,0.340460526315789,1,0.313001605136437,1,0.313014827018122,0.30829420970266,1,1,1,0.920062695924765,1,0.302180685358255,0.312989045383412,1,1,0.0456769983686786,0.0734094616639478,1,1,0.305825242718447,1,1,0.305993690851735,1,1,0.68088467614534,0.52833078101072,1,0,1,1,0.0892018779342723,0.321711568938193,1,0.319047619047619,0.998389694041868,0.966613672496025,0.998412698412698,0.831761006289308,1,0.31810766721044,1,1,1,0,0.304918032786885,1,1,0.674121405750799,1,0.309791332263242,0.360062893081761,0.318611987381703,1,1,1,0.0842433697347894,0.316720257234727,0.0836065573770492,0.998387096774194,0.302325581395349,0.308049535603715,0.353870458135861,0,1,0.959119496855346,1,1,0.310679611650485,0.304552590266876,0.166666666666667,0.0363349131121643,0.319422150882825,0.308426073131955,0.322884012539185,0,0.310344827586207,1,0,0.309968847352025,1,1,1,0.313084112149533,0.318952234206472,0.0308943089430894,1,0.312202852614897,0.304075235109718,1,1,0.317034700315457,0.69672131147541,1,1,0.699029126213592,1,0.304212168486739,1,0.308056872037915,0.528391167192429,0.671339563862928,0.395061728395062,1,0.293846153846154,0.309148264984227,0.688575899843505,0.675465838509317,1,0.328100470957614,1,0.315132605304212,1,0.309904153354633,0.30622009569378,0.348580441640379,0.526315789473684,0.312399355877617,0.307443365695793,0.673139158576052,0.312989045383412,0.144518272425249,1,0,1,0.293075684380032,1,0,0.319488817891374,0.310679611650485,1,0.0485584218512898,1,0.0796178343949045,0.335463258785943,1,0.0587301587301587,0.676751592356688,1,1,1,0.304276315789474,0.038109756097561,1,0.430868167202572,0.0832,0.359133126934985,0.316957210776545,0.3265625,1,1,1,1,1,0.0557275541795666,0.995305164319249,0.693650793650794,0.00301659125188537,0.318110236220472,1,1,1,1,0.0830721003134796,0.305164319248826,1,1,1,1,1,1,0.488514548238897,0,1,0.0768025078369906,0.314465408805031,0.434920634920635,1,0.394230769230769,0.306055646481178,0.306451612903226,1,0.0368589743589744,0.307210031347962,1,1,0.362041467304625,0.307936507936508,0.307936507936508,0.313213703099511,0.9984375,0.316129032258064,0.308661417322835,0.409017713365539,0.322222222222222,0.977987421383648,0.310291858678955,0.0760697305863708,0.318471337579618,0,1,0.0779014308426073,0.307814992025518,0.317817014446228,0.3125,1,1,1,1,1,1,0.326829268292683,1,0.30379746835443,0.312709030100334,0.6,0.685897435897436,1,1,0,0.310664605873261,0.111111111111111,0.998449612403101,0.0300157977883096,1,1,0.311688311688312,1,1,0.611021069692058,0.401960784313726,0.996955859969559,0.0706260032102729,0.0913461538461538,1,1,1,0.0862068965517241,0,0.317757009345794,0.416534181240064,0.306729264475743,0,0.317891373801917,0.0785597381342062,1,1,0.314241486068111,0.307570977917981,0.233333333333333,0.335473515248796,0.308176100628931,0.3140625,1,1,0.320512820512821,1,0,1,0.220285261489699,1,0.683464566929134,1,0.316455696202532,0.302439024390244,0.0698757763975155,0.681181959564541,1,1,0.798732171156894,0.891410048622366,0.318541996830428,0.311582381729201,1,0.31687898089172,0.251592356687898,0.314009661835749,1,0.0930599369085174,1,1,0.314873417721519,0.683788121990369,0.304,1,1,0.300157977883096,0.297939778129952,0.316770186335404,0.853035143769968,0.307692307692308,1,0.0579937304075235,1,1,0.7,0.657643312101911,0.314845024469821,0.05229793977813,0.323101777059774,1,1,0.297637795275591,0.325914149443561,0.627943485086342,1,0.305426356589147,0.361934477379095,0.30188679245283,0.982998454404946,0.475435816164818,0.00315955766192733,0.297805642633229,0.318112633181126,0.328968903436989,0.305331179321486,0.315707620528771,0.967340590979782,1,0.306477093206951,0.552674230145867,0.685303514376997,0.234375,0.697019867549669,1,0.321027287319422,0.00158730158730159,0.32120253164557,0.305295950155763,0.361635220125786,0.315619967793881,0,0.33175355450237,0.314424635332253,0.3168,0.3088
"606",1,1,1,1,1,1,0.71107544141252,1,1,0.0993485342019544,1,0.0487421383647799,0.813614262560778,1,0.3056,0.300476947535771,0.0681114551083591,0.696013289036545,1,1,0.286384976525822,0.304278922345483,1,0.160125588697017,1,0.319685039370079,0.310897435897436,1,1,0.781299524564184,0.299212598425197,0.726844583987441,0.961119751166407,0.304416403785489,0,1,0.54773082942097,1,0.300153139356815,1,0.676236044657097,0.686821705426357,0.708333333333333,1,1,0.314785373608903,0.302362204724409,0.296238244514107,0.316692667706708,0.316037735849057,0,1,0.305900621118012,1,1,0.482258064516129,0.56120826709062,1,1,1,0.3296875,0.313001605136437,0.304897314375987,0.683788121990369,1,1,0.0404984423676012,1,0.0618238021638331,0.310344827586207,1,0.306477093206951,0.315875613747954,0.966183574879227,0.523125996810207,1,0.302325581395349,0.331240188383046,1,0.307941653160454,0.0894308943089431,0.317111459968603,0.312101910828025,1,0.324881141045959,1,1,1,1,0.698315467075038,1,1,0.00158478605388273,0.10625,1,0.0490045941807044,0,1,0.576736672051696,0.684466019417476,1,0.0618066561014263,0.302250803858521,1,0.306962025316456,1,0.695859872611465,1,0.30503144654088,0.311216429699842,0.315870570107858,1,0.317460317460317,1,0.493975903614458,1,0.306349206349206,0.29984544049459,0.313084112149533,0.306477093206951,0.484992101105845,1,0.312989045383412,0.307073954983923,1,0.298600311041991,1,1,0.333860759493671,0.543613707165109,1,0.303225806451613,1,0.0463678516228748,1,0.312210200927357,0.68125,0.321766561514196,0.924050632911392,0.425774877650897,0.1072,0.0992,1,1,0.314194577352472,1,0.30521472392638,1,0.803432137285491,1,0.310289389067524,1,1,1,1,0.32120253164557,1,0.312401883830455,0.258620689655172,1,0.30379746835443,1,0.29047619047619,0.0913461538461538,1,0.295527156549521,1,1,1,0.321928460342146,1,0.318541996830428,1,0.296529968454259,1,0.303514376996805,0.0805687203791469,1,0.656814449917898,1,1,0.305900621118012,1,1,1,1,0.312698412698413,0.300940438871473,1,1,0.310344827586207,0.294117647058824,1,0.444444444444444,0.682370820668693,0,0.3109375,0.681962025316456,1,0.312111801242236,1,1,1,0.300940438871473,0.30298273155416,0.317073170731707,1,1,1,0,1,0.297253634894992,0.974882260596546,0.310289389067524,0.303317535545024,0.747269890795632,1,1,1,1,1,0.0470957613814757,0.311004784688995,0.3198127925117,1,0.694227769110764,1,1,0.998412698412698,1,1,1,0.00462249614791988,0.322429906542056,1,0.301282051282051,1,0.299382716049383,1,1,1,1,1,0.31496062992126,1,0.504,0.309904153354633,0.318681318681319,0.298387096774194,0.312903225806452,0.319047619047619,0.416932907348243,0.3234375,0.30564263322884,0.294209702660407,1,0.311004784688995,1,0.693129770992366,0.306603773584906,0.315217391304348,0.325471698113208,1,1,1,0.25518341307815,0.300476947535771,1,0.3168,0.314152410575428,0.298578199052133,0.305555555555556,0.689381933438986,1,0.317757009345794,0.307073954983923,1,0.284313725490196,1,0.291925465838509,0.297805642633229,1,1,1,0.544303797468354,1,0.688291139240506,0.083969465648855,0.314465408805031,1,1,0.0982839313572543,0.309033280507132,0.321144674085851,1,1,0.293375394321767,0.0239234449760766,0.00322061191626409,1,1,0.332814930015552,0.998432601880878,1,0.302611367127496,1,1,0.314285714285714,1,1,1,1,0.319422150882825,0.303215926493109,0.321311475409836,1,1,0.678571428571429,0.308917197452229,1,0.305511811023622,0.294303797468354,1,1,1,1,1,0.314285714285714,1,1,0.106732348111658,0.321483771251932,0.476340694006309,0.296296296296296,0.677672955974843,0.304482225656878,1,0.299679487179487,0.322734499205087,0.256692913385827,0.311248073959938,1,0.31859756097561,1,1,1,0.30622009569378,0.313084112149533,1,0.922697368421053,0.0729335494327391,1,0.302839116719243,0.304487179487179,0.310289389067524,1,0.312307692307692,0.472178060413355,0.314375987361769,0.298887122416534,0.305111821086262,0.295055821371611,1,0.3125,1,1,0,1,0.312893081761006,1,1,1,0.321656050955414,1,0.3,1,0.834384858044164,1,1,1,0.296875,1,1,0.301412872841444,0.301261829652997,1,1,0.307332293291732,0.1921875,1,1,1,0,0.298722044728434,1,0.306477093206951,0.251192368839428,1,0.688783570300158,0.422360248447205,1,1,0.690658499234303,0.714285714285714,0.336477987421384,1,0.30564263322884,1,1,0.325471698113208,1,1,0.00950871632329636,0.3152,1,1,0.309791332263242,1,1,0.298412698412698,0.345368916797488,1,1,1,0.523659305993691,0.3,0.336025848142165,0.305936073059361,0.315707620528771,0.698083067092652,0.312111801242236,0.312401883830455,0.301857585139319,0.245696400625978,0.307568438003221,1,0.314152410575428,1,0.305511811023622,0.086286594761171,0.0543478260869565,1,1,0.0427215189873418,1,0.694915254237288,0.0501567398119122,0.0126582278481013,1,0.684458398744113,1,1,0.5376,1,0,0.078525641025641,1,1,1,0.314465408805031,0.665667166416792,0.700331125827815,0.992101105845182,1,0.985826771653543,0.292527821939587,0.345541401273885,1,0.294392523364486,1,0.36150234741784,0.103896103896104,0.29874213836478,0.314589665653495,0.313333333333333,1,0.0828125,1,1,1,0.255054432348367,0.317384370015949,1,0.3152,1,1,0.297805642633229,1,0.305343511450382,1,0.30188679245283,0.308681672025723,1,0.690251572327044,0.306027820710974,1,0.310064935064935,0.758139534883721,0.304147465437788,0.16380655226209,0.312404287901991,0.763955342902711,0.297253634894992,1,0.310236220472441,0.327131782945736,0.28169014084507,1,1,1,0.969205834683955,0.342062193126023,1,0.314424635332253,1,0.31219512195122,0.308641975308642,1,1,1,0.919558359621451,1,0.297090352220521,0.307692307692308,1,1,0.0512,0.0874403815580286,1,1,0.303079416531605,1,1,0.293291731669267,1,1,0.686614173228347,0.548238897396631,1,0,1,1,0.0990712074303406,0.316614420062696,1,0.310725552050473,1,0.964573268921095,1,0.820031298904538,1,0.315619967793881,1,1,1,0,0.306425041186161,1,1,0.6796875,1,0.309262166405024,0.354430379746835,0.307568438003221,1,1,1,0.0925925925925926,0.316639741518578,0.0916398713826367,1,0.302652106084243,0.297045101088647,0.345425867507886,0,1,0.955177743431221,1,1,0.313099041533546,0.29595015576324,0.165605095541401,0.0418679549114332,0.312989045383412,0.303858520900322,0.317829457364341,0.0016260162601626,0.306603773584906,1,0,0.306603773584906,1,1,1,0.311627906976744,0.306990881458967,0.0356564019448947,1,0.300955414012739,0.3,1,1,0.313084112149533,0.705785123966942,1,1,0.701277955271565,1,0.298299845440495,1,0.303599374021909,0.539291217257319,0.673846153846154,0.395419847328244,1,0.29320987654321,0.307332293291732,0.68895800933126,0.678516228748068,1,0.314728682170543,1,0.313271604938272,1,0.312202852614897,0.304838709677419,0.3421875,0.513343799058085,0.312602291325696,0.29951690821256,0.67817896389325,0.305511811023622,0.152459016393443,1,0,1,0.284345047923323,1,0,0.310126582278481,0.302250803858521,1,0.0623100303951368,1,0.0888529886914378,0.332258064516129,1,0.0691823899371069,0.674085850556439,1,1,1,0.296296296296296,0.0460829493087558,1,0.431746031746032,0.0976,0.342679127725857,0.309859154929577,0.305772230889236,1,1,1,1,1,0.0705521472392638,0.99537750385208,0.694968553459119,0.00457317073170732,0.314553990610329,1,1,1,1,0.0911949685534591,0.304075235109718,1,1,1,1,1,1,0.493001555209953,0.0016025641025641,1,0.0865533230293663,0.317460317460317,0.438095238095238,1,0.387301587301587,0.298850574712644,0.300632911392405,1,0.043956043956044,0.309748427672956,1,1,0.361873990306947,0.296583850931677,0.30298273155416,0.319218241042345,1,0.320063694267516,0.31055900621118,0.400958466453674,0.310725552050473,0.975155279503106,0.303405572755418,0.0849673202614379,0.318541996830428,0,1,0.0928,0.301261829652997,0.308544303797468,0.302694136291601,1,1,1,1,1,1,0.322061191626409,1,0.30622009569378,0.299832495812395,0.595911949685535,0.689984101748808,1,1,0,0.30757341576507,0.118012422360248,1,0.0402576489533011,1,1,0.309636650868878,1,1,0.62200956937799,0.419512195121951,0.995419847328244,0.0854838709677419,0.103174603174603,1,1,1,0.0890302066772655,0,0.309748427672956,0.407643312101911,0.305555555555556,0,0.319935691318328,0.0970873786407767,1,1,0.305084745762712,0.308176100628931,0.238924050632911,0.326332794830372,0.302325581395349,0.314375987361769,1,1,0.313880126182965,1,0,1,0.221864951768489,1,0.686119873817035,1,0.306349206349206,0.302100161550889,0.07981220657277,0.684782608695652,1,1,0.786624203821656,0.887987012987013,0.313001605136437,0.306089743589744,1,0.304625199362041,0.256369426751592,0.314009661835749,1,0.101880877742947,1,1,0.309148264984227,0.691813804173355,0.301587301587302,1,1,0.298600311041991,0.296998420221169,0.310769230769231,0.856910569105691,0.30718954248366,1,0.062015503875969,1,1,0.703416149068323,0.659744408945687,0.310855263157895,0.0585443037974684,0.316211878009631,1,1,0.298887122416534,0.317741935483871,0.625585023400936,1,0.302180685358255,0.363067292644757,0.299531981279251,0.989312977099237,0.476114649681529,0.00477707006369427,0.297805642633229,0.308755760368664,0.32,0.316476345840131,0.309923664122137,0.970679012345679,1,0.316535433070866,0.558587479935794,0.68370607028754,0.235478806907378,0.697368421052632,1,0.314375987361769,0.00315955766192733,0.321259842519685,0.303459119496855,0.355799373040752,0.311897106109325,0,0.326053042121685,0.307692307692308,0.316957210776545,0.304897314375987
"607",0.717703349282297,0.694006309148265,0.686614173228347,0.679032258064516,0.69826224328594,0.703296703296703,0.985483870967742,0.689490445859873,0.701095461658842,0.42512077294686,0.694488188976378,0.3421875,0.486486486486487,0.693910256410256,0.0064,0.00783699059561128,0.365930599369085,0.995033112582781,0.691693290734824,0.700626959247649,0.004739336492891,0.00632911392405063,0.686064318529862,0.47626582278481,0.698315467075038,0.00615384615384615,0.00644122383252818,0.674230145867099,0.703875968992248,0.471061093247588,0.00773993808049536,0.404615384615385,0.640502354788069,0.00469483568075117,0.313880126182965,0.694719471947195,0.874015748031496,0.689167974882261,0.00768049155145929,0.70846394984326,0.995290423861852,0.992211838006231,0.992283950617284,0.6816,0.690590111642743,0.0016025641025641,0.00161550888529887,0.00773993808049536,0.0078003120124805,0.00618238021638331,0.294209702660407,0.686688311688312,0.0077639751552795,0.686614173228347,0.699059561128527,0.165079365079365,0.895330112721417,0.684210526315789,0.70125786163522,0.686028257456829,0.0031055900621118,0.00470957613814757,0.00631911532385466,0.998410174880763,0.692182410423453,0.69170579029734,0.329073482428115,0.688498402555911,0.373475609756098,0.00470957613814757,0.695924764890282,0.00630914826498423,0.00490196078431373,0.724919093851133,0.847352024922118,0.700453857791225,0.00626959247648903,0.00152671755725191,0.6875,0.00655737704918033,0.393890675241158,0.00475435816164818,0.00792393026941363,0.6953125,0.00473186119873817,0.683001531393568,0.700156985871272,0.689490445859873,0.700949367088608,0.993700787401575,0.690553745928339,0.686153846153846,0.305164319248826,0.409020217729393,0.693548387096774,0.3390625,0.304140127388535,0.693522906793049,0.893790849673203,0.993680884676145,0.687697160883281,0.363782051282051,0.00625978090766823,0.702746365105008,0.00794912559618442,0.688291139240506,0.995268138801262,0.687697160883281,0.00797448165869218,0.00627943485086342,0.00782472613458529,0.699367088607595,0.00313479623824451,0.694136291600634,0.811638591117917,0.704791344667697,0.00471698113207547,0.629746835443038,0.00617283950617284,0.00630914826498423,0.816614420062696,0.702229299363057,0.00625,0.00494233937397035,0.686915887850467,0.00786163522012579,0.695324283559578,0.689922480620155,0.644094488188976,0.245022970903522,0.689542483660131,0.00796178343949045,0.6875,0.346036585365854,0.681672025723473,0.00778816199376947,0.998435054773083,0.00475435816164818,0.63968253968254,0.115894039735099,0.408945686900958,0.395534290271132,0.702194357366771,0.696574225122349,0.00796178343949045,0.69826224328594,0.00762195121951219,0.700787401574803,0.501567398119122,0.683563748079877,0.00647249190938511,0.703470031545741,0.697749196141479,0.693418940609952,0.696,0.00634920634920635,0.70735524256651,0.00635930047694754,0.55968992248062,0.690993788819876,0.00626959247648903,0.688172043010753,0.00631911532385466,0.400318979266348,0.691082802547771,0.00645161290322581,0.69435736677116,0.697347893915757,0.679873217115689,0.00156739811912226,0.6912,0.0032,0.686998394863563,0.00627943485086342,0.694444444444444,0.00474683544303797,0.393939393939394,0.709119496855346,0.97708674304419,0.712680577849117,0.688888888888889,0.00806451612903226,0.701700154559505,0.683962264150943,0.692429022082019,0.68362480127186,0.00782472613458529,0.00473186119873817,0.694041867954911,0.681747269890796,0.00625,0.00478468899521531,0.691107644305772,0.784469096671949,0.98937784522003,0.299843014128728,0.00467289719626168,1,0.697160883280757,0.00768049155145929,0.68312101910828,0.698315467075038,0.686335403726708,0.0062992125984252,0.00617283950617284,0.00645161290322581,0.682442748091603,0.699029126213592,0.702194357366771,0.303174603174603,0.704944178628389,0.00646203554119548,0.679365079365079,0.00631911532385466,0.00634920634920635,0.574603174603175,0.69551282051282,0.688751926040062,0.6859375,0.708920187793427,0.694174757281553,0.334928229665072,0.00636942675159236,0.00627943485086342,0.698289269051322,1,0.685847589424572,0.695987654320988,0.696774193548387,0.699376947040498,0.710236220472441,0.694099378881988,0.293291731669267,0.637480798771121,0.703416149068323,0.00470957613814757,0.689710610932476,0.00476947535771065,0.708722741433022,0.69951534733441,0.702875399361022,0.679549114331723,0.697749196141479,0.00476947535771065,0.690737833594976,0.192,0.0063391442155309,0.0046656298600311,0.00162074554294976,0.00316957210776545,0.00805152979066022,0.108239095315024,0.00789889415481832,0.0031055900621118,0.00630914826498423,0.688854489164087,0.00636942675159236,0.688925081433225,0.99390243902439,0.00625,0.619195046439629,0.00643086816720257,0.68621236133122,0.695102685624013,0.697305863708399,0.581993569131833,0.00782472613458529,0.684458398744113,0.00797448165869218,0.00615384615384615,0.0046875,0.00777604976671851,0.995341614906832,0.694488188976378,0.00778816199376947,0.00321543408360129,0.690737833594976,0.00643086816720257,0.686614173228347,0.00467289719626168,0.00470957613814757,0.693290734824281,0.684552845528455,0.705790297339593,0.865414710485133,0.686998394863563,0.993740219092332,0.394216133942161,0.00473186119873817,0.698142414860681,0.688372093023256,0.41692789968652,0.00789889415481832,0.00648298217179903,0.681528662420382,0.679748822605965,0.00786163522012579,0.334913112164297,0.289348171701113,0.696062992125984,0.692682926829268,0.00617283950617284,0.685534591194969,0.704892966360856,0.00777604976671851,0.694136291600634,0.7046875,0.0031496062992126,0.701277955271565,0.690437601296596,0.699367088607595,0.687402799377916,0.00636942675159236,0.00610687022900763,0.00161550888529887,0.694835680751174,0.685214626391097,0.9890625,0,0.682847896440129,0.00462249614791988,0.00473186119873817,0.7109375,0.688372093023256,0.701421800947867,0.695102685624013,0.698890649762282,0.00791139240506329,0.710610932475884,0.698083067092652,0.417618270799347,0.00306748466257669,0.17007874015748,0.00634920634920635,0.993670886075949,0.00778816199376947,0.681470137825421,0.00642054574638844,0.00477707006369427,0.577223088923557,0.00619195046439629,0.692431561996779,0.00619195046439629,0.694753577106518,0.698738170347003,0.702954898911353,0.00474683544303797,0.00627943485086342,0.688473520249221,0.612377850162866,0.372168284789644,0.704180064308682,0.00632911392405063,0.00637958532695375,0.008,0.690095846645367,0.00467289719626168,0.80824088748019,0.0062015503875969,0.00628930817610063,0.00324149108589951,0.0063391442155309,0.681114551083591,0.00798722044728434,0.691927512355848,0.68075117370892,0.311912225705329,0.7024,0.0062992125984252,0.696062992125984,0.697674418604651,0.694668820678514,0.00636942675159236,0.704334365325077,0.00794912559618442,0.688650306748466,0.53125,0.690880989180835,0.694668820678514,0.701399688958009,0.0062111801242236,0.685714285714286,0.704,0.00622083981337481,0.00632911392405063,0.690031152647975,0.699212598425197,0.00469483568075117,0.521806853582555,0.6976,0.690513219284603,0.685271317829457,0.309748427672956,0.00805152979066022,0.707516339869281,0.0048,0.583201267828843,0.700315457413249,0.992199687987519,0.104134762633997,0.692556634304207,0.691823899371069,0.996983408748115,0.966981132075472,0.00786163522012579,0.694968553459119,0.00778816199376947,0.702746365105008,0.686591276252019,0.00634920634920635,0.690993788819876,0.69170579029734,0.315955766192733,0.00638977635782748,0.690208667736758,0.688188976377953,0.00638977635782748,0.701095461658842,0.710097719869707,0.00477707006369427,0.656101426307448,0.693650793650794,0.691833590138675,0.679304897314376,0.189655172413793,0.00625,0.0221870047543582,0.00453172205438067,0.00635930047694754,0.998412698412698,0.00625978090766823,0.00157728706624606,0.00307692307692308,0.570300157977883,0.00650406504065041,0.696734059097978,0.00153374233128834,0.682258064516129,0.00156739811912226,0.377675840978593,0.351393188854489,0.693023255813954,0.696594427244582,0.336507936507937,0.691056910569106,0.993827160493827,0.352755905511811,0.307086614173228,0.694444444444444,0.993690851735016,0.698757763975155,0.704225352112676,0.233333333333333,0.690737833594976,0.300623052959502,0.400662251655629,0.6992,0.695384615384615,0.705974842767296,0.00316455696202532,0.980421686746988,0.993464052287582,0.687697160883281,0.695447409733124,0.682316118935837,0.00623052959501558,0.663551401869159,0.692789968652038,0.00641025641025641,0.708978328173375,0.0457413249211356,0.419871794871795,0.0062015503875969,0.00764525993883792,0.00336700336700337,0.687692307692308,0.382126348228043,0.6828125,0.694888178913738,0.697305863708399,0.575663026521061,0.00643086816720257,0.709208400646204,0.00792393026941363,0.688816855753647,0.696343402225755,0.00311526479750779,0.7008,0.00769230769230769,0.689984101748808,0.00474683544303797,0.00791139240506329,0.686520376175549,0.998422712933754,0.00764525993883792,0.696540880503145,0.00321543408360129,0.434984520123839,0.0062111801242236,0.485133020344288,0.00598802395209581,0.443381180223285,0.00644122383252818,0.691680261011419,0.00771604938271605,0.00315955766192733,0.00786163522012579,0.696682464454976,0.689763779527559,0.694992412746586,0.665032679738562,0.672667757774141,0.707472178060413,0.00328407224958949,0.692913385826772,0.00837520938023451,0.00611620795107034,0.685714285714286,0.693910256410256,0.697852760736196,0.620253164556962,0.683307332293292,0.0046583850931677,0.0077639751552795,0.675425038639876,0.690966719492868,0.354368932038835,0.39297124600639,0.702786377708978,0.692185007974482,0.00630914826498423,0.709119496855346,0.692068429237947,0.00630914826498423,0.70873786407767,0.692429022082019,0.993779160186625,0.875,0.692307692307692,0.316187594553706,0.695924764890282,0.684375,0.389489953632148,0.0109204368174727,0.694533762057878,0.0016025641025641,0.699367088607595,0.67258064516129,0.694136291600634,0.522620904836194,0.698717948717949,0.00490998363338789,0.698587127158556,0.682182985553772,0.685154975530179,0.30173775671406,0.00646203554119548,0.684039087947883,0.69435736677116,0.995161290322581,0.689814814814815,0.00636942675159236,0.0341614906832298,0.00631911532385466,0.6921875,0.689167974882261,0.701754385964912,0.406441717791411,0.00806451612903226,0.392568659127625,0.6736,0.00312989045383412,0.0031055900621118,0.0246913580246914,0.304416403785489,0.680445151033386,0.661367249602544,0.687106918238994,0.691222570532915,0.0063391442155309,0.00762195121951219,0.478125,0.34748427672956,0.0078003120124805,0.00634920634920635,0.00628930817610063,0.296825396825397,0.00637958532695375,0.682170542635659,0.304897314375987,0.00619195046439629,0.680817610062893,0.690590111642743,0.692307692307692,0.0062402496099844,0.00463678516228748,0.336065573770492,0.694620253164557,0.0063391442155309,0.00777604976671851,0.691472868217054,0.705607476635514,0.00636942675159236,0.991749174917492,0.699029126213592,0.701277955271565,1,0.695517774343122,0.00777604976671851,0.703225806451613,0.00476947535771065,0.869029275808937,0.992163009404389,0.10260336906585,0.684867394695788,0.0076103500761035,0.00628930817610063,0.993740219092332,0.995319812792512,0.691943127962085,0.0062402496099844,0.696284329563813,0.00455927051671732,0.695024077046549,0.0064,0.00643086816720257,0.0284810126582278,0.226771653543307,0.00478468899521531,0.00636942675159236,1,0.00627943485086342,0.469320066334992,0.6875,0.3203125,0.685534591194969,0.0063391442155309,0.705329153605016,0.313880126182965,0.00476947535771065,0.00793650793650794,0.690437601296596,0.366718027734977,0.679873217115689,0.404423380726698,0.0144230769230769,0.677215189873418,0.374803149606299,0.998420221169036,0.693877551020408,0.693396226415094,0.689922480620155,0.0033003300330033,0.340490797546012,0.705607476635514,0.0897435897435897,0.402555910543131,0.0216049382716049,0.0078003120124805,0.0046875,0.692789968652038,0.673202614379085,0.705691056910569,0.689274447949527,0.694620253164557,0.368098159509202,0.707620528771384,0.992211838006231,0.306990881458967,0.00467289719626168,0.6828125,0.703001579778831,0.690821256038647,0.693721286370597,0.3859375,0.00786163522012579,0.686244204018547,0.679936305732484,0.679214402618658,0.69377990430622,0.691107644305772,0.708133971291866,0.819571865443425,0.305379746835443,0.692675159235669,0.385321100917431,0.0047244094488189,0.772511848341232,0.688995215311005,0.0641025641025641,0.00488599348534202,0.0046801872074883,0.695787831513261,0.343799058084772,0.0046801872074883,0.692546583850932,0.712480252764613,0.0273311897106109,0.00611620795107034,0.0062402496099844,0.00484652665589661,0.683229813664596,0.00643086816720257,0.00619195046439629,0.113237639553429,0.00625978090766823,0.666149068322981,0.00783699059561128,0.394480519480519,0.0047244094488189,0.31055900621118,0.70364500792393,0.392405063291139,0.00644122383252818,0.00637958532695375,0.00949367088607595,0.681747269890796,0.684867394695788,0.696141479099678,0.698738170347003,0.684975767366721,0.683441558441558,0.00479233226837061,0.700310559006211,0.00645161290322581,0.005,0.289719626168224,0.995161290322581,0.689708141321045,0.698289269051322,0.315132605304212,0.00775193798449612,0.423566878980892,0.685271317829457,0.339089481946625,0.693877551020408,0.694753577106518,0.00796178343949045,0.699523052464229,0.694214876033058,0.325878594249201,0.0956239870340357,0.689497716894977,0.389694041867955,0.406752411575563,0.69170579029734,0.687301587301587,0.706349206349206,0.402208201892744,0.315457413249211,0.00625978090766823,0.0941915227629513,0.00773993808049536,0.322932917316693,0.0048,0.395799676898223,0.700475435816165,0.684975767366721,0.00305810397553517,0.00622083981337481,0.5671875,0.00161290322580645,0.00155763239875389,0.0046801872074883,0.697305863708399,0.686028257456829,0.00485436893203883,0.694864048338369,0.308661417322835,0.689763779527559,0.546899841017488,0.705501618122977,0.993788819875776,0.70606531881804,0.00473186119873817,0.00645161290322581,0.391912908242613,0.995319812792512,0.682965299684543,0.685483870967742,0.901898734177215,0.598023064250412,0.00631911532385466,0.00483091787439614,0.695859872611465,0.00317965023847377,0.58974358974359,0.00646203554119548,0.684698608964451,0.404388714733542,0.693522906793049,0.696343402225755,0.0062111801242236,0.99512987012987,0.00641025641025641,0.711947626841244,0.693877551020408,0.00315457413249211,0.00788643533123028,0.00619195046439629,0.560192616372392,0.00490196078431373,0.69811320754717,0.366459627329193,0.686804451510334,0.689984101748808,0.99375,0.973143759873618,0.0065252854812398,0.358730158730159,0.0063391442155309,0.691943127962085,0.681229773462783,0.00636942675159236,0.0078740157480315,0.859154929577465,0.694968553459119,0.0062111801242236,0.0954616588419405,0.00316455696202532,0.694704049844237,0.80577849117175,0.3078125,0.00623052959501558,0.00618238021638331,0.00806451612903226,0.00645161290322581,0.00771604938271605,0.718068535825545,0.70048309178744,0.0046801872074883,0.889789303079417,0.995192307692308,0.553291536050157,0.99510603588907,0.686708860759494,0.00770416024653313,0.303858520900322,0.0062992125984252,0.00771604938271605,0.109375,0.00316957210776545,0.304552590266876,0.00470219435736677,0.0064,0.00477707006369427,0.00637958532695375
"608",1,1,1,1,1,1,0.701095461658842,1,1,0.101426307448494,1,0.0459418070444104,0.818181818181818,1,0.307332293291732,0.300462249614792,0.0657492354740061,0.691943127962085,1,1,0.287250384024578,0.304347826086957,1,0.154545454545455,1,0.322188449848024,0.315955766192733,1,1,0.793798449612403,0.306184012066365,0.733736762481089,0.966565349544073,0.307931570762053,0,1,0.543778801843318,1,0.301349325337331,1,0.665123456790123,0.685496183206107,0.700301204819277,1,1,0.30564263322884,0.315467075038285,0.305343511450382,0.320668693009119,0.320552147239264,0,1,0.305426356589147,1,1,0.499210110584518,0.554699537750385,1,1,1,0.325227963525836,0.315384615384615,0.3203125,0.683641975308642,1,1,0.0386996904024768,1,0.0597907324364723,0.308868501529052,1,0.318042813455657,0.32120253164557,0.968253968253968,0.511415525114155,1,0.308510638297872,0.331306990881459,1,0.312202852614897,0.0913385826771654,0.328125,0.32258064516129,1,0.335866261398176,1,1,1,1,0.693474962063733,1,1,0.00151975683890578,0.1089258698941,1,0.0494011976047904,0,1,0.5625,0.679127725856698,1,0.0553846153846154,0.304012345679012,1,0.308049535603715,1,0.694656488549618,1,0.314900153609831,0.316358024691358,0.311649016641452,1,0.317829457364341,1,0.48411497730711,1,0.305471124620061,0.303353658536585,0.326347305389222,0.317034700315457,0.482442748091603,0.998461538461539,0.318318318318318,0.312101910828025,1,0.301515151515152,1,1,0.328703703703704,0.542042042042042,1,0.314589665653495,1,0.0435435435435435,1,0.311178247734139,0.675384615384615,0.3234375,0.931782945736434,0.426307448494453,0.1046875,0.098613251155624,1,1,0.327188940092166,1,0.319880418535127,1,0.807283763277693,1,0.328025477707006,1,1,1,1,0.326625386996904,1,0.320126782884311,0.256449165402124,1,0.304545454545455,1,0.299079754601227,0.0863422291993721,1,0.308777429467085,1,1,1,0.329249617151608,1,0.328616352201258,1,0.300911854103343,1,0.31937984496124,0.0764525993883792,1,0.635782747603834,1,1,0.310725552050473,1,1,1,1,0.314589665653495,0.309815950920245,1,0.998477929984779,0.321100917431193,0.302034428794992,1,0.450381679389313,0.677941176470588,0,0.312693498452012,0.67398119122257,1,0.316187594553706,1,0.998493975903614,1,0.313935681470138,0.321907600596125,0.328571428571429,1,1,1,0,1,0.303405572755418,0.972434915773354,0.318529862174579,0.307219662058372,0.737169517884914,1,1,1,1,1,0.043010752688172,0.314728682170543,0.321100917431193,1,0.691833590138675,1,1,0.998454404945904,0.998473282442748,1,1,0.0045662100456621,0.320182094081942,1,0.304075235109718,1,0.293846153846154,1,1,1,1,1,0.31859756097561,1,0.503095975232198,0.3198127925117,0.32383808095952,0.309375,0.31832298136646,0.324492979719189,0.423017107309487,0.325153374233129,0.311178247734139,0.310872894333844,1,0.321044546850998,1,0.693474962063733,0.308641975308642,0.308845577211394,0.326053042121685,1,1,1,0.255451713395639,0.309923664122137,1,0.320373250388802,0.323170731707317,0.303215926493109,0.323076923076923,0.686821705426357,1,0.321752265861027,0.310126582278481,1,0.30503144654088,1,0.30381679389313,0.309451219512195,1,1,1,0.541085271317829,1,0.690625,0.085972850678733,0.314503816793893,1,1,0.096969696969697,0.309815950920245,0.324921135646688,1,1,0.299248120300752,0.027906976744186,0.00314465408805031,1,1,0.337313432835821,0.9984375,1,0.30441400304414,1,1,0.31039755351682,1,1,1,1,0.318818040435459,0.303437967115097,0.325358851674641,1,1,0.67420814479638,0.319444444444444,1,0.314112291350531,0.298165137614679,1,1,0.998473282442748,1,1,0.323529411764706,1,1,0.11128526645768,0.329286798179059,0.492354740061162,0.302652106084243,0.675425038639876,0.312217194570136,1,0.315217391304348,0.325617283950617,0.254601226993865,0.317557251908397,1,0.3202416918429,1,1,1,0.304347826086957,0.315315315315315,0.998468606431853,0.92368839427663,0.0615141955835962,1,0.307339449541284,0.318252730109204,0.31055900621118,1,0.326251896813354,0.465543644716692,0.319508448540707,0.300925925925926,0.311424100156495,0.303875968992248,1,0.315457413249211,1,1,0,1,0.317972350230415,1,1,1,0.322378716744914,1,0.30379746835443,1,0.844274809160305,1,1,1,0.30568356374808,1,1,0.314024390243902,0.307339449541284,1,1,0.304084720121029,0.186943620178042,1,0.998468606431853,1,0,0.310344827586207,1,0.303076923076923,0.244897959183673,1,0.678899082568807,0.438152011922504,1,1,0.675555555555556,0.706422018348624,0.343167701863354,1,0.316770186335404,1,1,0.319938176197836,1,0.9984375,0.00768049155145929,0.321428571428571,1,1,0.315541601255887,1,1,0.302034428794992,0.335384615384615,1,1,1,0.529141104294479,0.309341500765697,0.340062111801242,0.313432835820896,0.326717557251908,0.694704049844237,0.317220543806647,0.311827956989247,0.306870229007634,0.238759689922481,0.309006211180124,1,0.308270676691729,0.998435054773083,0.309815950920245,0.085972850678733,0.0499243570347958,1,1,0.0414110429447853,1,0.689088191330344,0.0412844036697248,0.0125786163522013,1,0.682098765432099,1,1,0.53870458135861,1,0,0.0734375,1,1,1,0.322327044025157,0.650513950073421,0.701468189233279,0.993817619783617,1,0.981651376146789,0.295665634674923,0.342592592592593,1,0.295774647887324,1,0.372093023255814,0.109546165884194,0.302255639097744,0.318518518518519,0.325041459369818,1,0.0779610194902549,1,1,1,0.255287009063444,0.321144674085851,1,0.313846153846154,1,1,0.298780487804878,1,0.323880597014925,1,0.302611367127496,0.3203125,1,0.683076923076923,0.315233785822021,1,0.302034428794992,0.763358778625954,0.315789473684211,0.156441717791411,0.319648093841642,0.771739130434783,0.298578199052133,1,0.317147192716237,0.333843797856049,0.293577981651376,1,1,1,0.96998420221169,0.3424,1,0.311320754716981,1,0.315705128205128,0.3125,1,1,1,0.91601866251944,1,0.303759398496241,0.315068493150685,1,1,0.05,0.0806201550387597,1,1,0.303599374021909,1,1,0.311912225705329,1,1,0.689497716894977,0.535060975609756,1,0,1,1,0.1,0.323170731707317,1,0.316436251920123,0.998444790046656,0.965354330708661,0.998447204968944,0.825954198473282,1,0.319620253164557,1,1,1,0,0.311004784688995,1,1,0.680817610062893,1,0.308411214953271,0.361702127659574,0.325190839694657,1,1,1,0.0961832061068702,0.313479623824451,0.0950871632329636,0.998452012383901,0.305263157894737,0.298484848484848,0.355384615384615,0,1,0.95852534562212,1,1,0.317034700315457,0.296851574212894,0.158878504672897,0.043010752688172,0.318461538461538,0.30625,0.321266968325792,0.0015625,0.308166409861325,1,0,0.309667673716012,1,1,1,0.306525037936267,0.316265060240964,0.0382775119617225,1,0.303738317757009,0.307575757575758,1,1,0.314814814814815,0.697933227344992,1,1,0.695517774343122,1,0.30804248861912,1,0.314152410575428,0.529862174578867,0.675265553869499,0.40210843373494,1,0.29618320610687,0.314329738058552,0.689127105666156,0.671191553544495,1,0.321646341463415,1,0.315151515151515,1,0.312893081761006,0.309748427672956,0.35548686244204,0.526717557251908,0.3125,0.305555555555556,0.673813169984686,0.309559939301973,0.146302250803859,1,0,1,0.291079812206573,1,0,0.317972350230415,0.317757009345794,1,0.0578635014836795,1,0.0910493827160494,0.335901386748844,1,0.0658499234303216,0.67906976744186,1,1,1,0.304416403785489,0.039039039039039,1,0.431007751937985,0.0952380952380952,0.349775784753363,0.316030534351145,0.322822822822823,1,1,1,1,1,0.0646616541353384,0.996978851963746,0.691244239631336,0.00446428571428571,0.324159021406728,1,1,1,1,0.0899390243902439,0.308396946564885,1,1,1,1,1,1,0.492378048780488,0.00157977883096367,1,0.0842266462480858,0.313546423135464,0.432766615146832,1,0.394654088050314,0.307936507936508,0.306501547987616,1,0.0425531914893617,0.306525037936267,1,1,0.369085173501577,0.300763358778626,0.309119010819165,0.311526479750779,0.998461538461539,0.319182389937107,0.313846153846154,0.417701863354037,0.319875776397516,0.974436090225564,0.312874251497006,0.0864779874213836,0.316436251920123,0,1,0.0884676145339652,0.297339593114241,0.317901234567901,0.315789473684211,1,1,1,1,1,1,0.32807570977918,1,0.315467075038285,0.308319738988581,0.610429447852761,0.685358255451713,1,1,0,0.312312312312312,0.113707165109034,0.998507462686567,0.0346456692913386,1,1,0.310344827586207,1,1,0.625978090766823,0.406050955414013,0.998529411764706,0.0804416403785489,0.102848101265823,1,1,1,0.0902140672782875,0,0.307228915662651,0.428794992175274,0.312594840667678,0,0.328125,0.0879120879120879,1,1,0.318042813455657,0.311550151975684,0.243975903614458,0.333333333333333,0.307458143074581,0.312024353120244,1,1,0.326594090202177,1,0,1,0.220679012345679,1,0.67737003058104,1,0.300925925925926,0.302694136291601,0.0784615384615385,0.674809160305344,1,1,0.784615384615385,0.896661367249603,0.313664596273292,0.314152410575428,1,0.313971742543171,0.258064516129032,0.318037974683544,1,0.106481481481481,1,1,0.309667673716012,0.685126582278481,0.306122448979592,1,1,0.297380585516179,0.302003081664099,0.320839580209895,0.851968503937008,0.312202852614897,1,0.0546282245827011,1,1,0.70499243570348,0.651234567901235,0.312599681020734,0.053125,0.319444444444444,1,1,0.304482225656878,0.322033898305085,0.607361963190184,1,0.304804804804805,0.366261398176292,0.310502283105023,0.987915407854985,0.478461538461538,0.00455235204855842,0.299236641221374,0.324850299401198,0.321316614420063,0.305379746835443,0.311278195488722,0.973053892215569,1,0.308892355694228,0.549363057324841,0.68944099378882,0.238601823708207,0.696,1,0.313546423135464,0,0.323619631901841,0.307339449541284,0.360060514372163,0.31055900621118,0,0.334869431643625,0.310509554140127,0.323343848580442,0.309341500765697
"609",0.291798107255521,0.305810397553517,0.309597523219814,0.3203125,0.303599374021909,0.296636085626911,0.00947867298578199,0.314152410575428,0.302469135802469,0.584639498432602,0.307575757575758,0.654434250764526,0.50231124807396,0.315707620528771,1,1,0.633484162895928,0,0.308892355694228,0.299847792998478,1,1,0.315315315315315,0.533742331288344,0.298484848484848,1,1,0.331738437001595,0.295454545454545,0.518691588785047,1,0.569018404907976,0.355083459787557,0.996899224806202,0.674922600619195,0.310126582278481,0.148318042813456,0.316187594553706,1,0.299698795180723,0.00308166409861325,0,0,0.321428571428571,0.30568356374808,1,0.993930197268589,1,1,1,0.693353474320242,0.317111459968603,1,0.315950920245399,0.303076923076923,0.815748031496063,0.129230769230769,0.309341500765697,0.303030303030303,0.31055900621118,0.992458521870287,1,1,0.00617283950617284,0.301412872841444,0.307098765432099,0.671317829457364,0.30441400304414,0.627627627627628,1,0.311077389984825,1,1,0.281200631911532,0.178353658536585,0.304804804804805,1,0.993975903614458,0.308868501529052,1,0.613672496025437,1,1,0.314984709480122,1,0.318385650224215,0.309375,0.313084112149533,0.309707241910632,0,0.313755795981453,0.323442136498516,0.694864048338369,0.593655589123867,0.301261829652997,0.651197604790419,0.693251533742331,0.303030303030303,0.132911392405063,0,0.305426356589147,0.641221374045801,1,0.308892355694228,1,0.308049535603715,0,0.310185185185185,1,1,1,0.29742033383915,0.995405819295559,0.314984709480122,0.218236173393124,0.297337278106509,1,0.394216133942161,1,1,0.219178082191781,0.300613496932515,1,1,0.322530864197531,1,0.310294117647059,0.309309309309309,0.392694063926941,0.772382397572079,0.317757009345794,1,0.31832298136646,0.64540059347181,0.324324324324324,1,0.00153609831029186,1,0.352307692307692,0.899521531100478,0.588597842835131,0.608294930875576,0.309006211180124,0.30952380952381,1,0.30781010719755,1,0.296636085626911,0.487179487179487,0.317771084337349,1,0.301684532924962,0.306976744186047,0.317901234567901,0.320610687022901,1,0.297674418604651,1,0.454407294832827,0.326747720364742,1,0.308734939759036,1,0.600931677018634,0.304552590266876,1,0.309815950920245,0.307922272047833,0.327160493827161,0.986363636363636,0.317557251908397,1,0.316770186335404,1,0.304140127388535,1,0.603686635944701,0.289592760180996,0.0333863275039746,0.279937791601866,0.304281345565749,1,0.293577981651376,0.306853582554517,0.308166409861325,0.317484662576687,1,1,0.3078125,0.317262830482115,1,1,0.310030395136778,0.25531914893617,0.0238095238095238,0.696594427244582,1,0.00303951367781155,0.303030303030303,1,0.309033280507132,0.295180722891566,0.30441400304414,0.996955859969559,1,1,0.313813813813814,0.307448494453249,0.303625377643505,0.681818181818182,0.29320987654321,1,0.322678843226788,1,1,0.455370650529501,0.317111459968603,0.304878048780488,0.313455657492355,0.294478527607362,0.299065420560748,0.655864197530864,1,1,0.308845577211394,0.00457317073170732,0.314759036144578,0.304023845007452,0.310452418096724,0.289634146341463,0.297090352220521,0.310192023633678,0.703647416413374,0.382440476190476,0.304804804804805,1,0.320872274143302,1,0.294561933534743,0.296754250386399,0.309006211180124,0.320813771517997,0.301261829652997,1,0.315151515151515,0.789877300613497,1,1,0.996899224806202,1,1,0.899521531100478,1,1,1,0.305389221556886,1,0.311111111111111,0,1,0.409984871406959,1,0.306976744186047,0.307453416149068,0.30077519379845,0.436335403726708,1,0.312594840667678,1,1,1,1,0,0.3015625,1,1,0.313546423135464,1,0.309309309309309,1,1,0.297805642633229,0.313880126182965,0.294027565084227,0.163551401869159,0.322137404580153,0,0.605571847507331,1,0.307926829268293,0.3078125,0.591463414634146,1,1,0.314375987361769,0.318461538461538,1,0.665123456790123,0.706161137440758,0.290322580645161,0.3078125,0.994091580502216,0.313755795981453,0.297744360902256,1,0.298937784522003,0.294027565084227,1,0.2953125,0.309815950920245,0.306748466257669,0.302325581395349,1,1,1,0.302936630602782,0.315625,0.00749625187406297,0.990712074303406,0.313084112149533,1,1,0.305936073059361,0.311278195488722,0.288549618320611,0.311248073959938,0.300153139356815,1,0.303875968992248,0.302431610942249,0.581903276131045,1,0.84472049689441,1,0,1,0.314456035767511,1,1,0.43531202435312,0.998496240601504,0.312693498452012,1,0.297213622291022,0.295839753466872,0.300604229607251,1,1,0.30757341576507,0.380573248407643,0.625776397515528,0.299689440993789,1,1,1,0.311627906976744,1,0.223404255319149,1,1,1,1,0.314024390243902,1,0.307936507936508,0.318461538461538,0.692780337941628,0.29375,1,0.316590563165906,0.307807807807808,0.296062992125984,1,0.296851574212894,1,0.314623338257016,0.463076923076923,0.310185185185185,0.313195548489666,0.299847792998478,1,0.31104199066874,0.294851794071763,1,1,0.305810397553517,0.301391035548686,1,0.498489425981873,0.300940438871473,0.3125,0.322137404580153,0.691717791411043,1,0.296178343949045,1,0.441221374045802,0.303405572755418,0,0.875379939209726,0.3109375,0.311248073959938,0,0.0309119010819165,0.978494623655914,0.304747320061256,1,0.293478260869565,0.307324840764331,1,0.318042813455657,0.304212168486739,0.676970633693972,1,0.30568356374808,0.319508448540707,1,0.294385432473445,0.297297297297297,1,0.362951807228916,0.303405572755418,0.306278713629403,0.32,0.780821917808219,1,0.979782270606532,1,1,0.00156739811912226,1,0.993836671802773,1,0.44478527607362,0.996908809891808,0.297297297297297,0.99400299850075,0.321372854914197,0.995475113122172,0.621861152141802,0.637048192771084,0.316998468606432,0.301492537313433,0.647951441578149,0.308892355694228,0,0.643835616438356,0.698907956318253,0.310030395136778,0.0015552099533437,0.303951367781155,0.29601226993865,0.782945736434108,0.308396946564885,0.696509863429439,0.600633914421553,0.312977099236641,0.312024353120244,0.291793313069909,1,0.0262390670553936,0,0.308980213089802,0.320121951219512,0.320061255742726,1,0.353658536585366,0.305084745762712,1,0.299850074962519,0.934351145038168,0.585023400936037,1,1,0.99347471451876,0.309090909090909,0.617691154422789,0.306184012066365,0.304140127388535,0.30640243902439,0.43609022556391,1,0.299065420560748,1,0.31055900621118,0.30298273155416,1,0.318885448916409,1,0.319938176197836,1,1,0.302611367127496,0,1,0.316030534351145,1,0.546686746987952,1,0.522935779816514,1,0.533742331288344,1,0.303738317757009,1,1,1,0.298642533936652,0.313755795981453,0.307578008915305,0.338607594936709,0.340659340659341,0.294298921417565,1,0.313271604938272,1,1,0.313455657492355,0.301261829652997,0.306184012066365,0.383561643835616,0.314925373134328,1,1,0.317629179331307,0.316692667706708,0.640378548895899,0.608695652173913,0.301075268817204,0.297805642633229,1,0.300455235204856,0.307922272047833,0.993836671802773,0.298578199052133,0.298165137614679,0,0.151285930408472,0.306501547987616,0.686046511627907,0.306153846153846,0.308734939759036,0.613636363636364,0.996951219512195,0.304482225656878,1,0.303951367781155,0.335375191424196,0.302611367127496,0.464939024390244,0.302752293577982,1,0.310872894333844,0.308049535603715,0.3234375,0.695324283559578,1,0.317683881064163,0.307346326836582,0,0.319340329835082,0.998470948012232,0.948328267477204,1,0.305722891566265,0.314329738058552,0.301092043681747,0.601796407185629,1,0.606583072100313,0.322378716744914,1,1,0.962178517397882,0.687306501547988,0.310769230769231,0.346153846153846,0.311377245508982,0.309559939301973,1,1,0.5320813771518,0.645061728395062,1,1,0.998475609756098,0.697674418604651,1,0.315396113602392,0.690292758089368,1,0.317073170731707,0.313271604938272,0.308527131782946,0.996951219512195,1,0.656597774244833,0.312977099236641,1,1,0.317073170731707,0.299847792998478,0.998461538461539,0,0.304212168486739,0.298299845440495,0.00777604976671851,0.30804248861912,1,0.299373040752351,1,0.159817351598174,0,0.90625,0.319148936170213,1,1,0,0.00151515151515152,0.320668693009119,1,0.300319488817891,0.996987951807229,0.296466973886329,1,0.998435054773083,0.958904109589041,0.773700305810398,1,1,0.0062015503875969,1,0.5328,0.315625,0.687125748502994,0.31892697466468,1,0.295031055900621,0.683969465648855,1,1,0.313178294573643,0.637853949329359,0.315151515151515,0.5895865237366,0.972093023255814,0.31839258114374,0.622324159021407,0.015220700152207,0.307692307692308,0.313725490196078,0.309090909090909,1,0.641881638846737,0.298780487804878,0.888544891640867,0.604006163328197,0.963746223564955,1,1,0.298761609907121,0.328593996840442,0.303599374021909,0.304747320061256,0.302003081664099,0.631736526946108,0.300751879699248,0,0.691851851851852,0.998487140695915,0.315068493150685,0.29393468118196,0.304140127388535,0.311377245508982,0.615853658536585,1,0.320300751879699,0.318252730109204,0.317965023847377,0.312788906009245,0.30441400304414,0.303405572755418,0.211711711711712,0.692429022082019,0.314329738058552,0.62012012012012,1,0.249617151607963,0.311827956989247,0.918876755070203,1,1,0.308623298033283,0.65144596651446,1,0.305597579425113,0.295107033639144,0.950693374422188,1,1,0.996884735202492,0.305007587253414,1,1,0.899691358024691,1,0.33532041728763,1,0.603744149765991,1,0.688350983358548,0.302469135802469,0.614664586583463,1,1,0.990726429675425,0.31981981981982,0.311450381679389,0.308544303797468,0.310872894333844,0.311708860759494,0.31839258114374,0.980061349693252,0.299079754601227,1,1,0.725308641975309,0,0.312594840667678,0.303951367781155,0.68693009118541,1,0.571646341463415,0.317910447761194,0.653905053598775,0.312977099236641,0.309148264984227,1,0.308527131782946,0.302884615384615,0.695852534562212,0.909822866344606,0.310043668122271,0.620528771384137,0.58712715855573,0.314900153609831,0.312210200927357,0.294930875576037,0.611455108359133,0.694528875379939,1,0.888719512195122,1,0.67921686746988,0.996894409937888,0.605304212168487,0.310291858678955,0.309409888357257,1,1,0.447737909516381,0.992223950233281,0.996946564885496,1,0.301829268292683,0.313935681470138,1,0.300884955752212,0.69478527607362,0.327217125382263,0.471406491499227,0.290625,0,0.29607250755287,1,1,0.611111111111111,0.00151057401812689,0.3267776096823,0.311349693251534,0.102290076335878,0.414173228346457,1,1,0.304084720121029,1,0.432515337423313,1,0.320474777448071,0.596651445966514,0.314589665653495,0.310725552050473,1,0,1,0.293375394321767,0.309707241910632,1,1,1,0.433903576982893,1,0.309707241910632,0.625,0.32370820668693,0.316037735849057,0.0015220700152207,0.0401854714064915,1,0.638036809815951,1,0.321044546850998,0.319685039370079,1,1,0.172465960665658,0.304615384615385,1,0.903469079939668,1,0.312781954887218,0.215716486902928,0.677966101694915,1,1,1,1,1,0.278195488721804,0.29601226993865,1,0.1328,0.00154559505409583,0.45662100456621,0,0.314641744548287,1,0.691588785046729,1,1,0.897239263803681,1,0.692660550458716,1,1,1,1
"610",1,1,1,1,1,1,0.708943089430894,1,1,0.106969205834684,1,0.0425867507886435,0.799357945425361,1,0.302931596091205,0.298578199052133,0.0662557781201849,0.695142378559464,1,1,0.28341384863124,0.307941653160454,1,0.178343949044586,1,0.316957210776545,0.313531353135314,1,1,0.771704180064309,0.299212598425197,0.717252396166134,0.958795562599049,0.309294871794872,0,1,0.558359621451104,1,0.294027565084227,1,0.674603174603175,0.691823899371069,0.700920245398773,1,1,0.314144736842105,0.298722044728434,0.304821150855365,0.314375987361769,0.319685039370079,0,1,0.302362204724409,1,1,0.474193548387097,0.574433656957929,1,1,1,0.326594090202177,0.304761904761905,0.311290322580645,0.688394276629571,1,1,0.0338164251207729,1,0.0608424336973479,0.309597523219814,1,0.308064516129032,0.314662273476112,0.967585089141005,0.533333333333333,1,0.296062992125984,0.326923076923077,1,0.314424635332253,0.0957095709570957,0.314516129032258,0.320695102685624,1,0.329173166926677,1,1,1,1,0.70440251572327,1,1,0,0.117739403453689,1,0.0449612403100775,0,1,0.583881578947368,0.686998394863563,1,0.0558213716108453,0.3046875,1,0.304700162074554,1,0.691455696202532,1,0.300813008130081,0.31201248049922,0.313291139240506,1,0.309748427672956,1,0.5078125,1,0.303656597774245,0.309486780715397,0.31875,0.3125,0.503194888178914,0.998435054773083,0.304212168486739,0.312703583061889,1,0.299050632911392,1,1,0.340729001584786,0.555209953343701,1,0.308917197452229,1,0.0390015600624025,1,0.308544303797468,0.68362480127186,0.327447833065811,0.926517571884984,0.435215946843854,0.111464968152866,0.107371794871795,1,1,0.322115384615385,1,0.301857585139319,1,0.798425196850394,1,0.309951060358891,1,1,1,1,0.317891373801917,1,0.311183144246353,0.271585557299843,1,0.306349206349206,1,0.292006525285481,0.092948717948718,1,0.3104,1,1,1,0.326530612244898,1,0.323248407643312,1,0.304,1,0.310897435897436,0.0793650793650794,1,0.648117839607201,1,1,0.311708860759494,1,1,1,1,0.314785373608903,0.306729264475743,1,0.998410174880763,0.30952380952381,0.297253634894992,1,0.468553459119497,0.676380368098159,0,0.311708860759494,0.674015748031496,1,0.315541601255887,1,0.998435054773083,1,0.311004784688995,0.310344827586207,0.318936877076412,1,1,1,0,1,0.302287581699346,0.97588424437299,0.308186195826645,0.301916932907348,0.771704180064309,1,1,1,1,1,0.0410742496050553,0.305246422893482,0.320251177394035,1,0.690590111642743,1,1,0.998407643312102,0.998456790123457,1,1,0.00313971742543171,0.333333333333333,1,0.304487179487179,1,0.296703296703297,1,1,1,1,1,0.315789473684211,1,0.488673139158576,0.315873015873016,0.315132605304212,0.305331179321486,0.317741935483871,0.320967741935484,0.42512077294686,0.322169059011164,0.307936507936508,0.299843014128728,1,0.316455696202532,1,0.695046439628483,0.303514376996805,0.330203442879499,0.324281150159744,1,1,1,0.280193236714976,0.300476947535771,1,0.308064516129032,0.321483771251932,0.3072,0.311605723370429,0.692556634304207,1,0.321259842519685,0.301302931596091,1,0.29064039408867,1,0.301261829652997,0.309294871794872,1,1,1,0.568659127625202,1,0.689763779527559,0.088785046728972,0.317460317460317,1,1,0.109697933227345,0.30503144654088,0.315359477124183,1,1,0.296703296703297,0.0202808112324493,0.00323101777059774,1,1,0.331269349845201,1,1,0.297297297297297,1,1,0.310725552050473,1,1,1,1,0.322274881516588,0.303738317757009,0.315960912052117,1,1,0.676056338028169,0.30379746835443,1,0.304416403785489,0.292134831460674,1,1,0.998425196850394,1,1,0.320634920634921,1,1,0.120192307692308,0.323390894819466,0.500810372771475,0.301435406698565,0.681159420289855,0.307692307692308,1,0.304,0.325842696629214,0.273010920436817,0.312893081761006,1,0.318252730109204,1,1,1,0.3056,0.312893081761006,0.998417721518987,0.919672131147541,0.0684039087947883,1,0.304975922953451,0.302439024390244,0.305194805194805,1,0.315372424722662,0.49203821656051,0.317460317460317,0.300632911392405,0.306055646481178,0.302547770700637,1,0.312297734627832,1,1,0,1,0.313001605136437,1,1,1,0.319870759289176,1,0.307443365695793,1,0.825119236883943,1,1,1,0.308306709265176,1,1,0.311004784688995,0.3056,1,1,0.301302931596091,0.208530805687204,1,0.998407643312102,1,0,0.304838709677419,1,0.303174603174603,0.258957654723127,1,0.67879746835443,0.419254658385093,1,1,0.688350983358548,0.710443037974684,0.3328,1,0.30952380952381,1,1,0.329617834394904,1,0.998389694041868,0.00803858520900321,0.31637519872814,1,1,0.308441558441558,1,1,0.30064308681672,0.34748427672956,1,1,1,0.511811023622047,0.302547770700637,0.339774557165862,0.31104199066874,0.320754716981132,0.704545454545455,0.316037735849057,0.31911532385466,0.309748427672956,0.257911392405063,0.303571428571429,1,0.31201248049922,0.998376623376623,0.307210031347962,0.0893682588597843,0.0506329113924051,1,1,0.0366826156299841,1,0.691222570532915,0.0416,0.00964630225080386,1,0.682692307692308,1,1,0.552674230145867,1,0,0.0823723228995058,1,1,1,0.306581059390048,0.658573596358118,0.689256198347107,0.993690851735016,1,0.983818770226537,0.300157977883096,0.358184764991896,1,0.294685990338164,1,0.352472089314195,0.117263843648208,0.29595015576324,0.316037735849057,0.328178694158076,1,0.0855784469096672,1,1,1,0.272292993630573,0.319488817891374,1,0.313408723747981,1,1,0.301092043681747,1,0.313755795981453,1,0.30173775671406,0.304838709677419,1,0.684887459807074,0.308892355694228,1,0.303079416531605,0.757527733755943,0.30829420970266,0.174880763116057,0.305900621118012,0.766505636070853,0.296416938110749,1,0.312302839116719,0.336492890995261,0.286392405063291,1,1,1,0.966996699669967,0.361386138613861,1,0.314332247557003,1,0.31404958677686,0.314152410575428,1,1,1,0.910094637223975,1,0.302795031055901,0.315372424722662,1,1,0.0483870967741935,0.086038961038961,1,1,0.301127214170692,1,1,0.303370786516854,1,1,0.687203791469194,0.557993730407524,1,0,1,1,0.109907120743034,0.319554848966614,1,0.3168,0.998387096774194,0.964401294498382,0.998397435897436,0.812792511700468,1,0.317355371900826,1,1,1,0,0.302876480541455,1,1,0.682108626198083,1,0.314696485623003,0.356466876971609,0.309409888357257,1,1,1,0.0992125984251968,0.309178743961353,0.0940032414910859,0.998373983739837,0.307931570762053,0.300787401574803,0.342229199372057,0,1,0.959183673469388,1,1,0.310569105691057,0.301710730948678,0.178981937602627,0.0357142857142857,0.307448494453249,0.306349206349206,0.314465408805031,0,0.308681672025723,1,0,0.308176100628931,1,1,1,0.312101910828025,0.319444444444444,0.033167495854063,1,0.315873015873016,0.297637795275591,1,1,0.314785373608903,0.71334431630972,1,1,0.703225806451613,1,0.299373040752351,1,0.304897314375987,0.55868544600939,0.68025078369906,0.412225705329154,1,0.291277258566978,0.308176100628931,0.690208667736758,0.681318681318681,1,0.317384370015949,1,0.322981366459627,1,0.309791332263242,0.3088,0.3312,0.532591414944356,0.303715670436187,0.306089743589744,0.669291338582677,0.306836248012719,0.157119476268412,1,0,1,0.287319422150883,1,0,0.31687898089172,0.303858520900322,1,0.0599078341013825,1,0.0969793322734499,0.326984126984127,1,0.0681458003169572,0.683279742765273,1,1,1,0.298507462686567,0.0373250388802488,1,0.413570274636511,0.107544141252006,0.33968253968254,0.316455696202532,0.315625,1,1,1,1,1,0.0659509202453988,0.995290423861852,0.696261682242991,0.0030441400304414,0.321259842519685,1,1,1,1,0.0942492012779553,0.310725552050473,1,1,1,1,1,1,0.514820592823713,0,1,0.0893416927899686,0.312202852614897,0.455555555555556,1,0.382113821138211,0.301666666666667,0.310236220472441,1,0.0399361022364217,0.312698412698413,1,1,0.36084142394822,0.301109350237718,0.293831168831169,0.309719934102142,0.998415213946117,0.314754098360656,0.317683881064163,0.423014586709887,0.311501597444089,0.973312401883831,0.299694189602446,0.0907617504051864,0.317460317460317,0,1,0.0948553054662379,0.301282051282051,0.309409888357257,0.31219512195122,1,1,1,1,1,1,0.322061191626409,1,0.310064935064935,0.308998302207131,0.620031796502385,0.687096774193548,1,1,0,0.310077519379845,0.129746835443038,0.998435054773083,0.0337078651685393,1,1,0.309294871794872,1,1,0.63915857605178,0.419407894736842,0.995440729483283,0.0851063829787234,0.108589951377634,1,1,1,0.0961538461538462,0,0.309748427672956,0.408064516129032,0.305900621118012,0,0.317384370015949,0.0915032679738562,1,1,0.316037735849057,0.304761904761905,0.250783699059561,0.325842696629214,0.307210031347962,0.312796208530806,1,1,0.315619967793881,1,0,1,0.239234449760766,1,0.682888540031397,1,0.2976,0.313099041533546,0.0811232449297972,0.68088467614534,1,1,0.80448717948718,0.900826446280992,0.308306709265176,0.304918032786885,1,0.310015898251192,0.270833333333333,0.318481848184819,1,0.112519809825674,1,1,0.3104,0.685950413223141,0.305057096247961,1,1,0.298722044728434,0.298107255520505,0.314641744548287,0.868506493506494,0.298387096774194,1,0.0616113744075829,1,1,0.703821656050955,0.665589660743134,0.318936877076412,0.0571428571428571,0.318910256410256,1,1,0.298076923076923,0.315372424722662,0.630573248407643,1,0.30188679245283,0.376582278481013,0.301261829652997,0.986046511627907,0.498381877022654,0.00315457413249211,0.29393468118196,0.316614420062696,0.328455284552846,0.305647840531561,0.30757341576507,0.973143759873618,1,0.30952380952381,0.566993464052288,0.690437601296596,0.246835443037975,0.688741721854305,1,0.322274881516588,0.00325732899022801,0.318110236220472,0.3015625,0.374608150470219,0.312297734627832,0,0.32807570977918,0.303425774877651,0.310897435897436,0.301765650080257
"611",0.30016051364366,0.311912225705329,0.311605723370429,0.319422150882825,0.308049535603715,0.299684542586751,0.0144927536231884,0.31629392971246,0.31201248049922,0.576862123613312,0.313546423135464,0.643423137876387,0.510301109350238,0.311912225705329,1,1,0.622083981337481,0,0.324367088607595,0.30625,1,1,0.326687116564417,0.523510971786834,0.313271604938272,1,1,0.337133550488599,0.305810397553517,0.51033386327504,1,0.575851393188854,0.35981308411215,0.995297805642633,0.667711598746082,0.315875613747954,0.13953488372093,0.316846986089645,1,0.306748466257669,0.00315457413249211,0,0,0.326465927099842,0.311605723370429,1,0.995348837209302,1,1,1,0.691950464396285,0.328025477707006,1,0.31875,0.316770186335404,0.816,0.128930817610063,0.313291139240506,0.304212168486739,0.318252730109204,0.992150706436421,1,1,0.00315457413249211,0.316720257234727,0.31832298136646,0.655555555555556,0.32695374800638,0.619909502262443,1,0.315047021943574,1,1,0.279742765273312,0.165378670788253,0.313935681470138,1,0.996894409937888,0.318885448916409,1,0.614262560777958,1,1,0.320987654320988,1,0.321100917431193,0.311216429699842,0.324451410658307,0.314873417721519,0,0.3216,0.322822822822823,0.693522906793049,0.591263650546022,0.306962025316456,0.649468892261001,0.684210526315789,0.307931570762053,0.121951219512195,0,0.308176100628931,0.626959247648903,1,0.312101910828025,1,0.323248407643312,0,0.318181818181818,1,1,1,0.306376360808709,0.995268138801262,0.325471698113208,0.210445468509985,0.311844077961019,1,0.37962962962963,1,1,0.208860759493671,0.309262166405024,1,1,0.328149300155521,1,0.316187594553706,0.312788906009245,0.362790697674419,0.76793893129771,0.314516129032258,1,0.325320512820513,0.638426626323752,0.3216,1,0.00154083204930663,1,0.36875,0.891233766233766,0.589905362776025,0.605388272583201,0.319182389937107,0.314696485623003,1,0.309968847352025,1,0.294952681388013,0.493710691823899,0.313935681470138,1,0.3078125,0.310236220472441,0.317817014446228,0.319488817891374,1,0.302362204724409,1,0.439749608763693,0.322834645669291,1,0.315301391035549,1,0.60062893081761,0.314935064935065,1,0.318252730109204,0.312302839116719,0.321259842519685,0.987692307692308,0.3203125,1,0.324237560192616,1,0.309328968903437,1,0.600946372239748,0.293460925039872,0.0342019543973941,0.299363057324841,0.311424100156495,1,0.304212168486739,0.30564263322884,0.321316614420063,0.326625386996904,1,1,0.324590163934426,0.316535433070866,1,1,0.314728682170543,0.244131455399061,0.0213414634146341,0.691823899371069,1,0.0031496062992126,0.315217391304348,1,0.320634920634921,0.30568356374808,0.320813771517997,0.996865203761755,1,1,0.31859756097561,0.314009661835749,0.314641744548287,0.686900958466454,0.303875968992248,1,0.330246913580247,1,1,0.446875,0.324409448818898,0.314241486068111,0.3203125,0.298273155416013,0.317666126418152,0.64968152866242,1,1,0.306153846153846,0.00310077519379845,0.315548780487805,0.307692307692308,0.312101910828025,0.306962025316456,0.300623052959502,0.31866464339909,0.69969040247678,0.36405529953917,0.30521472392638,1,0.319554848966614,1,0.299065420560748,0.311320754716981,0.30829420970266,0.326433121019108,0.306836248012719,1,0.317111459968603,0.788888888888889,1,1,0.996805111821086,1,1,0.89776357827476,1,1,1,0.315384615384615,1,0.318327974276527,0,1,0.389230769230769,1,0.324881141045959,0.315217391304348,0.309859154929577,0.43015873015873,1,0.322033898305085,1,1,1,1,0,0.318681318681319,1,1,0.323296354992076,1,0.320493066255778,1,1,0.30379746835443,0.317230273752013,0.294573643410853,0.150316455696203,0.331210191082803,0,0.600609756097561,1,0.313479623824451,0.317535545023697,0.582689335394127,1,1,0.320846905537459,0.325878594249201,1,0.654743390357698,0.697784810126582,0.305466237942122,0.321711568938193,0.992354740061162,0.319685039370079,0.299392097264438,1,0.309006211180124,0.308411214953271,1,0.30188679245283,0.316614420062696,0.312302839116719,0.317610062893082,1,1,1,0.302507836990596,0.321259842519685,0.00619195046439629,0.993779160186625,0.322683706070288,1,1,0.307219662058372,0.331259720062208,0.294851794071763,0.311605723370429,0.312404287901991,1,0.309859154929577,0.307692307692308,0.580952380952381,1,0.846645367412141,1,0,1,0.325688073394495,1,1,0.427682737169518,0.998444790046656,0.317683881064163,1,0.309006211180124,0.30503144654088,0.317901234567901,1,1,0.3140625,0.397415185783522,0.613418530351438,0.301587301587302,1,1,1,0.31973898858075,1,0.214618973561431,1,1,1,1,0.326018808777429,1,0.313821138211382,0.321875,0.688854489164087,0.305511811023622,1,0.320373250388802,0.317557251908397,0.315024232633279,1,0.302652106084243,1,0.313664596273292,0.471048513302034,0.316614420062696,0.325545171339564,0.307332293291732,1,0.317965023847377,0.302547770700637,1,1,0.31832298136646,0.307570977917981,1,0.493846153846154,0.316558441558442,0.321259842519685,0.329113924050633,0.685358255451713,1,0.292407108239095,1,0.426073131955485,0.303317535545024,0,0.88062015503876,0.315873015873016,0.313664596273292,0,0.0313971742543171,0.982731554160126,0.313291139240506,1,0.300157977883096,0.313628899835796,1,0.321259842519685,0.305900621118012,0.672897196261682,1,0.321766561514196,0.324960753532182,1,0.306027820710974,0.30952380952381,1,0.339506172839506,0.313291139240506,0.312404287901991,0.330143540669856,0.786163522012579,1,0.9776,1,1,0.00158982511923688,1,0.995363214837713,1,0.437795275590551,0.996794871794872,0.307219662058372,0.993827160493827,0.324960753532182,0.996899224806202,0.60882800608828,0.629402756508423,0.313935681470138,0.313846153846154,0.642633228840125,0.313311688311688,0,0.640502354788069,0.683881064162754,0.315217391304348,0.00154798761609907,0.315047021943574,0.306122448979592,0.776377952755905,0.317972350230415,0.688087774294671,0.601286173633441,0.306477093206951,0.315870570107858,0.302507836990596,1,0.0254110612855007,0,0.323943661971831,0.324367088607595,0.330733229329173,1,0.342902711323764,0.318181818181818,1,0.303076923076923,0.94375,0.575079872204473,1,1,0.995033112582781,0.317484662576687,0.605546995377504,0.319634703196347,0.316211878009631,0.306349206349206,0.428790199081164,1,0.311320754716981,1,0.326332794830372,0.31139646869984,1,0.317817014446228,1,0.325434439178515,1,1,0.319182389937107,0,1,0.322480620155039,1,0.55205047318612,1,0.515384615384615,1,0.554675118858954,1,0.31139646869984,1,1,1,0.316923076923077,0.321259842519685,0.307575757575758,0.344262295081967,0.339285714285714,0.308641975308642,1,0.316037735849057,1,1,0.324492979719189,0.315960912052117,0.315870570107858,0.381933438985737,0.319571865443425,1,1,0.325038880248834,0.32018927444795,0.627831715210356,0.598116169544741,0.306603773584906,0.310126582278481,1,0.297380585516179,0.316436251920123,0.993710691823899,0.301127214170692,0.309409888357257,0,0.142201834862385,0.3140625,0.681268882175227,0.31875,0.318885448916409,0.608024691358025,0.998452012383901,0.313971742543171,1,0.309375,0.344444444444444,0.312401883830455,0.465116279069767,0.309859154929577,1,0.3198127925117,0.313195548489666,0.326892109500805,0.691603053435115,1,0.319620253164557,0.316666666666667,0,0.317147192716237,0.998449612403101,0.961059190031153,1,0.310769230769231,0.3328125,0.310452418096724,0.588770864946889,1,0.6016,0.326465927099842,1,1,0.964285714285714,0.670347003154574,0.31875,0.355799373040752,0.318818040435459,0.310769230769231,1,1,0.52555910543131,0.642072213500785,1,1,0.998447204968944,0.695102685624013,1,0.327692307692308,0.684126984126984,1,0.321875,0.312893081761006,0.314553990610329,0.996908809891808,1,0.65089722675367,0.312693498452012,1,1,0.326594090202177,0.312693498452012,0.998422712933754,0,0.308056872037915,0.303599374021909,0.00476947535771065,0.314152410575428,1,0.304897314375987,1,0.151376146788991,0,0.903076923076923,0.32348367029549,1,1,0,0.00153139356814701,0.326530612244898,1,0.315705128205128,0.996955859969559,0.304761904761905,1,0.998407643312102,0.96551724137931,0.764341085271318,1,1,0.00311526479750779,1,0.528363047001621,0.3232,0.67651632970451,0.31839258114374,1,0.296650717703349,0.678627145085803,1,1,0.316639741518578,0.623672230652504,0.329192546583851,0.592767295597484,0.974803149606299,0.330173775671406,0.608424336973479,0.0126582278481013,0.309262166405024,0.32093023255814,0.316998468606432,1,0.645896656534954,0.301538461538462,0.890649762282092,0.594679186228482,0.970172684458399,1,1,0.313291139240506,0.330143540669856,0.303174603174603,0.310077519379845,0.306603773584906,0.63013698630137,0.305555555555556,0,0.675595238095238,0.998447204968944,0.322932917316693,0.315955766192733,0.314424635332253,0.321592649310873,0.5984375,1,0.326086956521739,0.3328,0.324367088607595,0.318110236220472,0.308777429467085,0.30952380952381,0.205246913580247,0.687301587301587,0.313546423135464,0.606758832565284,1,0.242566510172144,0.318252730109204,0.917721518987342,1,1,0.311811023622047,0.652996845425868,1,0.306603773584906,0.298412698412698,0.953376205787781,1,1,0.996732026143791,0.31201248049922,1,1,0.898573692551506,1,0.342943854324734,1,0.5952,1,0.67651632970451,0.30503144654088,0.604465709728868,1,1,0.990536277602524,0.321928460342146,0.324492979719189,0.324675324675325,0.316118935837246,0.318627450980392,0.329093799682035,0.982428115015974,0.308777429467085,1,1,0.700626959247649,0,0.317901234567901,0.313455657492355,0.68160741885626,1,0.576377952755906,0.321156773211568,0.645211930926217,0.304897314375987,0.3168,1,0.307086614173228,0.325242718446602,0.6944,0.911620294599018,0.316816816816817,0.613057324840764,0.58213716108453,0.324960753532182,0.315955766192733,0.295489891135303,0.602825745682888,0.691472868217054,1,0.890453834115806,1,0.674528301886792,0.996815286624204,0.5968,0.316923076923077,0.321543408360129,1,1,0.434375,0.995222929936306,0.998444790046656,1,0.310832025117739,0.31911532385466,1,0.311746987951807,0.686915887850467,0.325984251968504,0.46129541864139,0.300319488817891,0,0.30503144654088,1,1,0.604006163328197,0.00152439024390244,0.325545171339564,0.315541601255887,0.0953125,0.422764227642276,1,1,0.313291139240506,1,0.414012738853503,1,0.317771084337349,0.591482649842271,0.317034700315457,0.31637519872814,1,0,1,0.31139646869984,0.318885448916409,1,1,1,0.441971383147854,1,0.312401883830455,0.625,0.326086956521739,0.324281150159744,0.00154559505409583,0.0398724082934609,1,0.630094043887147,1,0.325949367088608,0.323101777059774,1,1,0.168486739469579,0.3109375,1,0.901869158878505,1,0.315629742033384,0.207165109034268,0.67244094488189,1,1,1,1,1,0.289922480620155,0.304075235109718,1,0.122383252818035,0.00160513643659711,0.445652173913043,0,0.32018927444795,1,0.684627575277338,1,1,0.888540031397174,1,0.679506933744222,1,1,1,1
"612",0.551669316375199,0.525190839694657,0.533541341653666,0.513219284603421,0.535384615384615,0.545871559633027,0.844094488188976,0.520865533230294,0.539393939393939,0.591549295774648,0.532625189681335,0.520547945205479,0.305164319248826,0.530769230769231,0.141065830721003,0.148091603053435,0.545038167938931,0.858974358974359,0.526813880126183,0.541795665634675,0.152037617554859,0.151326053042122,0.536842105263158,0.65015479876161,0.538805970149254,0.143511450381679,0.150855365474339,0.51685393258427,0.537634408602151,0.304615384615385,0.158139534883721,0.251896813353566,0.474006116207951,0.141538461538462,0.489859594383775,0.529886914378029,0.984399375975039,0.521870286576169,0.149925037481259,0.534638554216867,0.86085626911315,0.856488549618321,0.858858858858859,0.512422360248447,0.518867924528302,0.140405616224649,0.145962732919255,0.147640791476408,0.157814871016692,0.136503067484663,0.462480857580398,0.512658227848101,0.154779969650986,0.533536585365854,0.531297709923664,0.0707692307692308,0.979813664596273,0.524691358024691,0.552995391705069,0.523148148148148,0.140030441400304,0.143079315707621,0.154929577464789,0.870229007633588,0.534920634920635,0.544095665171898,0.503115264797508,0.526234567901235,0.554234769687964,0.142642642642643,0.532625189681335,0.151702786377709,0.14218009478673,0.572337042925278,0.998463901689708,0.530280649926145,0.153729071537291,0.136636636636637,0.524615384615385,0.147619047619048,0.570300157977883,0.141321044546851,0.154929577464789,0.522273425499232,0.12824427480916,0.533632286995516,0.530232558139535,0.516329704510109,0.516129032258065,0.850152905198777,0.533646322378717,0.53037037037037,0.471228615863142,0.570561456752656,0.533646322378717,0.520958083832335,0.475,0.522796352583587,0.977952755905512,0.862229102167183,0.529953917050691,0.542944785276074,0.153139356814701,0.534181240063593,0.152671755725191,0.522273425499232,0.858447488584475,0.53323029366306,0.134052388289676,0.145061728395062,0.157012195121951,0.524539877300613,0.142419601837672,0.524256651017214,0.968277945619335,0.533033033033033,0.14900153609831,0.796352583586626,0.147590361445783,0.141085271317829,0.966412213740458,0.534668721109399,0.15015015015015,0.149136577708006,0.528417818740399,0.154083204930663,0.532738095238095,0.535127055306427,0.811145510835913,0.392537313432836,0.519685039370079,0.154670750382848,0.535321821036107,0.516417910447761,0.525477707006369,0.141337386018237,0.861027190332326,0.152886115444618,0.46177370030581,0.273015873015873,0.584518167456556,0.567441860465116,0.526964560862866,0.5296875,0.15015479876161,0.538343558282209,0.137931034482759,0.531393568147014,0.326687116564417,0.523809523809524,0.148902821316614,0.536434108527132,0.530674846625767,0.538819875776398,0.526315789473684,0.12597200622084,0.536776212832551,0.143079315707621,0.728658536585366,0.530674846625767,0.152073732718894,0.535338345864662,0.161993769470405,0.56786271450858,0.528771384136858,0.14375,0.540334855403349,0.52824427480916,0.513803680981595,0.148936170212766,0.53323029366306,0.141984732824427,0.524332810047096,0.147239263803681,0.529886914378029,0.151702786377709,0.562883435582822,0.543076923076923,0.896166134185304,0.541996830427892,0.535603715170279,0.143525741029641,0.542635658914729,0.518575851393189,0.539657853810264,0.532507739938081,0.145962732919255,0.151745068285281,0.514150943396226,0.532507739938081,0.143928035982009,0.1578125,0.516768292682927,0.914764079147641,0.878299120234604,0.461897356143079,0.14854517611026,0.855828220858896,0.533639143730887,0.143074581430746,0.53448275862069,0.534246575342466,0.531107738998483,0.156441717791411,0.154887218045113,0.150078988941548,0.523168908819133,0.533646322378717,0.528963414634146,0.486656200941915,0.537519142419602,0.142857142857143,0.496124031007752,0.134674922600619,0.142635658914729,0.723076923076923,0.520249221183801,0.525757575757576,0.527863777089783,0.542553191489362,0.530805687203792,0.523956723338485,0.152173913043478,0.156534954407295,0.540212443095599,0.859327217125382,0.527272727272727,0.529411764705882,0.537383177570093,0.533434650455927,0.547021943573668,0.517910447761194,0.450381679389313,0.824508320726172,0.53030303030303,0.144186046511628,0.530959752321981,0.143730886850153,0.53323029366306,0.527131782945736,0.528951486697966,0.514150943396226,0.534591194968553,0.138674884437596,0.528787878787879,0.0651162790697674,0.136434108527132,0.150227617602428,0.146964856230032,0.15015479876161,0.158631415241058,0.266141732283465,0.142638036809816,0.132132132132132,0.148318042813456,0.540983606557377,0.140215716486903,0.523584905660377,0.852238805970149,0.142419601837672,0.785607196401799,0.142633228840125,0.524105754276827,0.510140405616225,0.530959752321981,0.753086419753086,0.154670750382848,0.521406727828746,0.151090342679128,0.153383458646617,0.142635658914729,0.150306748466258,0.860643185298622,0.527301092043682,0.156390977443609,0.147798742138365,0.523076923076923,0.146456692913386,0.515981735159817,0.146969696969697,0.161042944785276,0.539906103286385,0.520569620253165,0.542901716068643,0.995384615384615,0.537007874015748,0.847244094488189,0.567208271787297,0.14175654853621,0.536098310291859,0.52,0.582450832072617,0.146564885496183,0.131121642969984,0.522620904836194,0.513260530421217,0.158610271903323,0.497681607418856,0.459119496855346,0.540247678018576,0.5216,0.133433283358321,0.538699690402477,0.550898203592814,0.152798789712557,0.528682170542636,0.54601226993865,0.155725190839695,0.536776212832551,0.527863777089783,0.53343701399689,0.522342064714946,0.1484375,0.162327718223583,0.145569620253165,0.531490015360983,0.531782945736434,0.853846153846154,0.130970724191063,0.525078369905956,0.140695915279879,0.154798761609907,0.529770992366412,0.515015015015015,0.541729893778452,0.526555386949924,0.545871559633027,0.146189735614308,0.536277602523659,0.536923076923077,0.585714285714286,0.140695915279879,0.316279069767442,0.153605015673981,0.84037558685446,0.151745068285281,0.534246575342466,0.151090342679128,0.141975308641975,0.751914241960184,0.145929339477727,0.526645768025078,0.146747352496218,0.526153846153846,0.536661466458658,0.526153846153846,0.140215716486903,0.15,0.535603715170279,0.44408945686901,0.549050632911392,0.539781591263651,0.148377125193199,0.1453125,0.143533123028391,0.521531100478469,0.147640791476408,0.961180124223602,0.145510835913313,0.140432098765432,0.132165605095541,0.150769230769231,0.519201228878648,0.158631415241058,0.52555910543131,0.529141104294479,0.484567901234568,0.53448275862069,0.141065830721003,0.541666666666667,0.539493293591654,0.528301886792453,0.144171779141104,0.54066265060241,0.142414860681115,0.529061102831595,0.338414634146341,0.535384615384615,0.523291925465838,0.526395173453997,0.157575757575758,0.523219814241486,0.524767801857585,0.155251141552511,0.158950617283951,0.532724505327245,0.536923076923077,0.148710166919575,0.69683257918552,0.533227848101266,0.529141104294479,0.518126888217523,0.477064220183486,0.14576802507837,0.53015873015873,0.157733537519142,0.736760124610592,0.537267080745342,0.853168469860896,0.055045871559633,0.523885350318471,0.530232558139535,0.864306784660767,0.818461538461538,0.128398791540786,0.537267080745342,0.142201834862385,0.529051987767584,0.518459069020867,0.139784946236559,0.539755351681957,0.540958268933539,0.485496183206107,0.14,0.532208588957055,0.5171875,0.146417445482866,0.542813455657492,0.529695024077046,0.137007874015748,0.835403726708075,0.52112676056338,0.521341463414634,0.523219814241486,0.0640243902439024,0.148773006134969,0.176100628930818,0.146926536731634,0.152905198776758,0.85981308411215,0.138763197586727,0.137770897832817,0.152337858220211,0.751159196290572,0.140845070422535,0.52887537993921,0.146969696969697,0.528505392912173,0.144171779141104,0.560538116591928,0.531722054380665,0.529770992366412,0.538575667655786,0.510046367851623,0.540498442367601,0.858220211161388,0.525502318392581,0.477308294209703,0.53393665158371,0.861491628614916,0.535714285714286,0.536209553158706,0.3963133640553,0.535060975609756,0.468509984639017,0.572100313479624,0.534456355283308,0.530734632683658,0.552307692307692,0.1453125,0.886430678466077,0.8512,0.535768645357686,0.528593508500773,0.502318392581144,0.149922720247295,0.835866261398176,0.530674846625767,0.146831530139104,0.546564885496183,0.0902140672782875,0.592767295597484,0.143292682926829,0.145454545454545,0.14168039538715,0.538461538461538,0.558461538461538,0.536731634182909,0.534375,0.522205206738132,0.75346687211094,0.139968895800933,0.53968253968254,0.144838212634823,0.540540540540541,0.534810126582278,0.152798789712557,0.527733755942948,0.150521609538003,0.516079632465544,0.156346749226006,0.149618320610687,0.521472392638037,0.853582554517134,0.15592203898051,0.532110091743119,0.1421875,0.298937784522003,0.16289592760181,0.662058371735791,0.146449704142012,0.2703125,0.150470219435737,0.517940717628705,0.148091603053435,0.147239263803681,0.159574468085106,0.536209553158706,0.525157232704403,0.526555386949924,0.494417862838915,0.841091492776886,0.525741029641186,0.1328125,0.518053375196232,0.157392686804452,0.148484848484848,0.525267993874426,0.521193092621664,0.518237082066869,0.452344931921331,0.528787878787879,0.156626506024096,0.150684931506849,0.514592933947773,0.515625,0.52639751552795,0.589984350547731,0.536547433903577,0.519440124416796,0.152886115444618,0.54434250764526,0.538230884557721,0.154320987654321,0.54140127388535,0.528158295281583,0.848765432098765,0.998484848484849,0.52803738317757,0.468053491827637,0.533333333333333,0.530395136778115,0.572727272727273,0.155624036979969,0.535321821036107,0.138248847926267,0.535493827160494,0.50462962962963,0.539050535987749,0.351681957186544,0.537984496124031,0.1472,0.528963414634146,0.524332810047096,0.518808777429467,0.458015267175573,0.158833063209076,0.512618296529968,0.526636225266362,0.858024691358025,0.529770992366412,0.146831530139104,0.101071975497703,0.150769230769231,0.533132530120482,0.527522935779816,0.53448275862069,0.58433734939759,0.147515527950311,0.567398119122257,0.51617873651772,0.161290322580645,0.155015197568389,0.112307692307692,0.474339035769829,0.53416149068323,0.480559875583204,0.533742331288344,0.52824427480916,0.141538461538462,0.148648648648649,0.663076923076923,0.521806853582555,0.161042944785276,0.152307692307692,0.150602409638554,0.473354231974922,0.143740340030912,0.524812030075188,0.480061349693252,0.150829562594268,0.512937595129376,0.531881804043546,0.534775888717156,0.14567526555387,0.15210843373494,0.517460317460318,0.531297709923664,0.159937888198758,0.152439024390244,0.526234567901235,0.54434250764526,0.154083204930663,0.848,0.528391167192429,0.539291217257319,0.869029275808937,0.529862174578867,0.159817351598174,0.55868544600939,0.151376146788991,1,0.86535552193646,0.264661654135338,0.525602409638554,0.148260211800303,0.136923076923077,0.845220030349014,0.86412213740458,0.52803738317757,0.144171779141104,0.530612244897959,0.150746268656716,0.529042386185243,0.145482388973966,0.150793650793651,0.114374034003091,0.359877488514548,0.150078988941548,0.153605015673981,0.877708978328173,0.149847094801223,0.647527910685805,0.531347962382445,0.490076335877863,0.519938650306748,0.146875,0.541795665634675,0.478193146417445,0.153488372093023,0.154088050314465,0.541213063763608,0.537650602409639,0.509954058192956,0.577287066246057,0.117088607594937,0.502340093603744,0.549079754601227,0.867378048780488,0.527131782945736,0.526717557251908,0.530395136778115,0.14218009478673,0.536144578313253,0.53822629969419,0.081039755351682,0.571875,0.110773899848255,0.143730886850153,0.147192716236722,0.526555386949924,0.499210110584518,0.530232558139535,0.535384615384615,0.53822629969419,0.541791044776119,0.555555555555556,0.852134146341463,0.482035928143713,0.141768292682927,0.517241379310345,0.536776212832551,0.531948881789137,0.520361990950226,0.550769230769231,0.154887218045113,0.51063829787234,0.510903426791277,0.519747235387046,0.534375,0.528505392912173,0.537867078825348,0.969924812030075,0.4890625,0.5296875,0.564024390243902,0.148773006134969,0.921174652241113,0.533333333333333,0.101105845181675,0.143769968051118,0.149162861491629,0.529770992366412,0.530046224961479,0.150455927051672,0.533132530120482,0.544323483670295,0.1140625,0.141321044546851,0.139968895800933,0.15251572327044,0.523736600306279,0.153125,0.147640791476408,0.269349845201238,0.1515625,0.491577335375191,0.151057401812689,0.582018927444795,0.14900153609831,0.474732006125574,0.538940809968847,0.565217391304348,0.148902821316614,0.15600624024961,0.137931034482759,0.523520485584218,0.511520737327189,0.522151898734177,0.522342064714946,0.540880503144654,0.52755905511811,0.13015873015873,0.539050535987749,0.151702786377709,0.145662847790507,0.427682737169518,0.849293563579278,0.536404160475483,0.533742331288344,0.47900466562986,0.138972809667674,0.607692307692308,0.523449319213313,0.50077519379845,0.533333333333333,0.536741214057508,0.13302034428795,0.534883720930233,0.533011272141707,0.481308411214953,0.234548335974643,0.525849335302807,0.563492063492063,0.591263650546022,0.522003034901366,0.518053375196232,0.525423728813559,0.574730354391371,0.471317829457364,0.148091603053435,0.073094867807154,0.150074294205052,0.481707317073171,0.143302180685358,0.568075117370892,0.531202435312024,0.533858267716535,0.15015015015015,0.147865853658537,0.736681887366819,0.13968253968254,0.156156156156156,0.144171779141104,0.527522935779816,0.530581039755352,0.1421875,0.524517087667162,0.478723404255319,0.507788161993769,0.704791344667697,0.536547433903577,0.860816944024206,0.535552193645991,0.140625,0.15919629057187,0.555555555555556,0.858858858858859,0.513846153846154,0.52241112828439,0.753125,0.593650793650794,0.1359375,0.149068322981366,0.539050535987749,0.137071651090343,0.751937984496124,0.161442006269592,0.526785714285714,0.585626911314985,0.53680981595092,0.527950310559006,0.144615384615385,0.849765258215962,0.146417445482866,0.534072900158479,0.532110091743119,0.155038759689922,0.141768292682927,0.143939393939394,0.548536209553159,0.140405616224649,0.530139103554869,0.534848484848485,0.519260400616333,0.530063291139241,0.852678571428571,0.906103286384977,0.134069400630915,0.540832049306626,0.143076923076923,0.531152647975078,0.509554140127389,0.146189735614308,0.136222910216718,0.902140672782875,0.513846153846154,0.154887218045113,0.251896813353566,0.155251141552511,0.546969696969697,0.953632148377125,0.473765432098765,0.149390243902439,0.137724550898204,0.136792452830189,0.16031746031746,0.145015105740181,0.549618320610687,0.542113323124043,0.144596651445967,0.976,0.859594383775351,0.725731895223421,0.845528455284553,0.523291925465838,0.144186046511628,0.472783825816485,0.136503067484663,0.142857142857143,0.263318112633181,0.136858475894246,0.469879518072289,0.152439024390244,0.151326053042122,0.137715179968701,0.149618320610687
"613",0.688291139240506,0.674809160305344,0.67687595712098,0.658385093167702,0.675968992248062,0.687306501547988,0.987381703470032,0.669767441860465,0.67651632970451,0.447115384615385,0.667682926829268,0.372699386503067,0.477379095163807,0.674961119751166,0,0,0.388804841149773,1,0.658423493044822,0.683969465648855,0,0,0.66464339908953,0.495398773006135,0.680659670164918,0,0,0.657232704402516,0.682779456193353,0.462025316455696,0,0.400611620795107,0.628012048192771,0.0031104199066874,0.340490797546012,0.672025723472669,0.871165644171779,0.663608562691132,0,0.686186186186186,0.996913580246914,1,1,0.661466458658346,0.674418604651163,0,0.0060882800608828,0,0,0,0.322239031770045,0.661993769470405,0,0.675716440422323,0.67741935483871,0.169278996865204,0.8875,0.661585365853659,0.672699849170437,0.664605873261206,0.00606980273141123,0,0,0.993827160493827,0.670886075949367,0.670713201820941,0.362928348909657,0.673846153846154,0.397608370702541,0,0.672360248447205,0,0,0.719435736677116,0.851851851851852,0.673684210526316,0,0.00601503759398496,0.673652694610778,0,0.411764705882353,0,0,0.667673716012085,0,0.667170953101362,0.678683385579937,0.661631419939577,0.6703125,1,0.667192429022082,0.664156626506024,0.325115562403698,0.427051671732523,0.677067082683307,0.371428571428571,0.333333333333333,0.671232876712329,0.890822784810127,1,0.675344563552833,0.395569620253165,0,0.670886075949367,0,0.672839506172839,1,0.667180277349769,0,0,0,0.684698608964451,0.00455927051671732,0.664605873261206,0.802114803625378,0.678247734138973,0,0.638167938931298,0,0,0.804381846635368,0.678516228748068,0,0,0.660633484162896,0,0.673559822747415,0.673716012084592,0.644067796610169,0.230421686746988,0.671875,0,0.660377358490566,0.37370753323486,0.652448657187994,0,0.998482549317147,0,0.606758832565284,0.115323854660348,0.438759689922481,0.41820987654321,0.673780487804878,0.674418604651163,0,0.672333848531685,0,0.686728395061728,0.487915407854985,0.671686746987952,0,0.6801872074883,0.672782874617737,0.666666666666667,0.66875,0,0.682588597842835,0,0.581430745814307,0.663663663663664,0,0.663173652694611,0,0.424148606811146,0.665086887835703,0,0.674347158218126,0.679817905918058,0.658461538461538,0.0121580547112462,0.668202764976959,0,0.671779141104294,0,0.681818181818182,0,0.425954198473282,0.684049079754601,0.972886762360447,0.690031152647975,0.670229007633588,0,0.689655172413793,0.670769230769231,0.675265553869499,0.66,0,0,0.66031746031746,0.664596273291925,0,0,0.666163141993958,0.772865853658537,0.980825958702065,0.325115562403698,0,0.996946564885496,0.671232876712329,0,0.667716535433071,0.680851063829787,0.6734375,0.00309597523219814,0,0,0.666165413533835,0.676656151419558,0.677811550151976,0.334375,0.684292379471229,0,0.654377880184332,0,0,0.552671755725191,0.666144200626959,0.677862595419847,0.664086687306502,0.681470137825421,0.6796875,0.37403400309119,0,0,0.675716440422323,0.995440729483283,0.660633484162896,0.670694864048338,0.670788253477589,0.685325264750378,0.684867394695788,0.669150521609538,0.312977099236641,0.650224215246637,0.684370257966616,0,0.668224299065421,0,0.672727272727273,0.684292379471229,0.678955453149002,0.655172413793103,0.678627145085803,0,0.669710806697108,0.185358255451713,0,0,0.00313479623824451,0,0,0.113418530351438,0,0,0,0.669683257918552,0,0.662420382165605,1,0,0.632218844984802,0,0.671317829457364,0.670807453416149,0.677469135802469,0.596899224806202,0,0.667682926829268,0,0,0,0,1,0.6734375,0,0,0.664050235478807,0,0.672672672672673,0,0,0.67817896389325,0.660406885758998,0.687211093990755,0.859304084720121,0.661442006269592,1,0.415178571428571,0,0.674772036474164,0.666666666666667,0.428355957767722,0,0,0.662957074721781,0.656692913385827,0,0.356481481481481,0.31201248049922,0.682737169517885,0.664546899841017,0.00447093889716841,0.662037037037037,0.683431952662722,0,0.675384615384615,0.681887366818874,0,0.683001531393568,0.668202764976959,0.675883256528418,0.671779141104294,0,0,0,0.681181959564541,0.667177914110429,0.995461422087746,0.00777604976671851,0.665130568356375,0,0,0.679817905918058,0.657099697885196,0.687878787878788,0.670788253477589,0.67530487804878,0,0.683307332293292,0.673946957878315,0.44392523364486,0,0.157733537519142,0,1,0,0.666167664670659,0,0,0.586102719033233,0.0015220700152207,0.667716535433071,0,0.676425269645609,0.690402476780186,0.672307692307692,0,0,0.669724770642202,0.583732057416268,0.398753894080997,0.680685358255452,0,0,0,0.675425038639876,0,0.794207317073171,0,0,0,0,0.668674698795181,0,0.674050632911392,0.658054711246201,0.336405529953917,0.68503937007874,0,0.668202764976959,0.67420814479638,0.670906200317965,0,0.682492581602374,0,0.668181818181818,0.508527131782946,0.668683812405446,0.669811320754717,0.67624810892587,0,0.664050235478807,0.683307332293292,0,0,0.666156202143951,0.679506933744222,0,0.535552193645991,0.6765625,0.657975460122699,0.666666666666667,0.325038880248834,0,0.6928,0,0.590697674418605,0.680981595092024,1,0.112426035502959,0.670807453416149,0.674347158218126,1,0.963076923076923,0.0169491525423729,0.669218989280245,0,0.681318681318681,0.667726550079491,0,0.666163141993958,0.672897196261682,0.344667697063369,0,0.671732522796353,0.666151468315301,0,0.677224736048265,0.687010954616588,0,0.669710806697108,0.677165354330709,0.672727272727273,0.657853810264386,0.1875,0,0.0170278637770898,0,0,0.998425196850394,0,0.00460122699386503,0,0.580645161290323,0.00313971742543171,0.681268882175227,0.00452488687782805,0.660990712074303,0.00459418070444104,0.408345752608048,0.379362670713202,0.671732522796353,0.679699248120301,0.374617737003058,0.673469387755102,1,0.385321100917431,0.326086956521739,0.666666666666667,0.998473282442748,0.678461538461538,0.681887366818874,0.23206106870229,0.664624808575804,0.325652841781874,0.420722135007849,0.671274961597542,0.66965620328849,0.688751926040062,0,0.975146198830409,1,0.670196671709531,0.656877897990726,0.655538694992413,0,0.66820987654321,0.678407350689127,0,0.683563748079877,0.0515625,0.446708463949843,0,0,0.00650406504065041,0.670196671709531,0.409160305343511,0.666666666666667,0.6784,0.672868217054264,0.58796992481203,0,0.680061823802164,0,0.6752,0.667197452229299,0,0.666144200626959,0,0.667701863354037,0,0,0.673716012084592,1,0,0.658536585365854,0,0.419452887537994,0,0.493171471927162,0,0.429012345679012,0,0.669811320754717,0,0,0,0.675799086757991,0.670866141732283,0.670180722891566,0.6421875,0.680379746835443,0.683076923076923,0,0.667692307692308,0,0,0.663608562691132,0.676100628930818,0.677321156773212,0.595348837209302,0.666163141993958,0,0,0.661538461538462,0.663565891472868,0.386895475819033,0.414746543778802,0.668740279937792,0.669266770670827,0,0.677321156773212,0.67420814479638,0.00615384615384615,0.685214626391097,0.680786686838124,1,0.861236802413273,0.673813169984686,0.335798816568047,0.679566563467492,0.667173252279635,0.412912912912913,0.00308641975308642,0.67906976744186,0,0.679447852760736,0.640986132511556,0.671850699844479,0.515337423312883,0.673282442748092,0,0.670769230769231,0.667189952904239,0.659375,0.321752265861027,0,0.667711598746082,0.674311926605505,1,0.659574468085106,0.00151745068285281,0.0412213740458015,0,0.672256097560976,0.663109756097561,0.672281776416539,0.423192771084337,0,0.421875,0.658461538461538,0,0,0.0274390243902439,0.331811263318113,0.660493827160494,0.640672782874618,0.670713201820941,0.674735249621785,0,0,0.497652582159624,0.378504672897196,0,0,0.00149476831091181,0.327073552425665,0,0.668665667166417,0.330275229357798,0,0.665144596651446,0.674454828660436,0.669266770670827,0.00303490136570561,0,0.375399361022364,0.665653495440729,0,0,0.661144578313253,0.68030303030303,0.00151515151515152,1,0.671339563862928,0.673846153846154,0.992163009404389,0.675265553869499,0,0.68025078369906,0,0.86535552193646,1,0.0981873111782477,0.661654135338346,0,0,1,0.998487140695915,0.662613981762918,0,0.676145339652449,0.00294550810014728,0.679566563467492,0,0.0015625,0.031104199066874,0.223744292237443,0,0,0.993855606758833,0,0.48966613672496,0.659442724458204,0.33433734939759,0.658536585365854,0,0.683409436834094,0.337920489296636,0,0,0.668224299065421,0.400295420974889,0.655436447166922,0.430577223088924,0.0246913580246914,0.65527950310559,0.407975460122699,0.9859375,0.678247734138973,0.665151515151515,0.663622526636225,0,0.380090497737557,0.683333333333333,0.0996932515337423,0.42992125984252,0.0228310502283105,0,0,0.675840978593272,0.65086887835703,0.68362480127186,0.675799086757991,0.67737003058104,0.396449704142012,0.68693009118541,1,0.335347432024169,0.00152671755725191,0.662037037037037,0.683229813664596,0.676609105180534,0.66969696969697,0.411585365853659,0,0.656580937972769,0.657935285053929,0.655502392344498,0.668740279937792,0.675226586102719,0.678407350689127,0.811377245508982,0.326465927099842,0.669278996865204,0.413793103448276,0,0.77639751552795,0.670788253477589,0.0726429675425039,0,0,0.674884437596302,0.372727272727273,0,0.669184290030212,0.690880989180835,0.0331230283911672,0,0,0.00313479623824451,0.662100456621005,0,0,0.103125,0,0.640909090909091,0,0.422712933753943,0,0.341426403641882,0.678461538461538,0.411949685534591,0,0,0.00769230769230769,0.665653495440729,0.659476117103236,0.665094339622642,0.669195751138088,0.666141732283465,0.664556962025316,0.0173501577287066,0.675187969924812,0,0,0.279569892473118,1,0.677224736048265,0.672256097560976,0.332829046898638,0,0.451908396946565,0.659159159159159,0.371385083713851,0.67175572519084,0.669811320754717,0,0.67398119122257,0.677165354330709,0.316358024691358,0.0899053627760252,0.664714494875549,0.406542056074766,0.429467084639498,0.658950617283951,0.671317829457364,0.692780337941628,0.421296296296296,0.333333333333333,0,0.0927357032457496,0,0.344776119402985,0.0031055900621118,0.424528301886792,0.671339563862928,0.666149068322981,0,0,0.586153846153846,0.0078740157480315,0.00300751879699248,0,0.677519379844961,0.664098613251156,0,0.675555555555556,0.325688073394495,0.657320872274143,0.553488372093023,0.681747269890796,1,0.680722891566265,0,0,0.419306184012066,0.998480243161094,0.662576687116564,0.672811059907834,0.896284829721362,0.577952755905512,0,0,0.674809160305344,0,0.600308641975309,0,0.665178571428571,0.418070444104135,0.669207317073171,0.674884437596302,0,1,0,0.688087774294671,0.664086687306502,0,0,0,0.545454545454545,0,0.671274961597542,0.387387387387387,0.660578386605784,0.662420382165605,0.998463901689708,0.965732087227414,0,0.39258114374034,0,0.662595419847328,0.655608214849921,0,0,0.838709677419355,0.680428134556575,0,0.099236641221374,0,0.670713201820941,0.811912225705329,0.339393939393939,0,0,0,0,0,0.702416918429003,0.683001531393568,0,0.884310618066561,0.998454404945904,0.568147013782542,1,0.662538699690402,0,0.330246913580247,0,0,0.107197549770291,0,0.332321699544765,0,0,0,0
"614",0.39258114374034,0.394126738794436,0.401206636500754,0.409861325115562,0.396656534954407,0.393617021276596,0.110591900311526,0.404615384615385,0.398473282442748,0.672333848531685,0.414925373134328,0.641452344931921,0.415765069551777,0.410493827160494,0.908385093167702,0.904109589041096,0.664167916041979,0.100961538461538,0.421374045801527,0.396946564885496,0.892261001517451,0.905572755417957,0.414264036418816,0.621417797888386,0.41037037037037,0.898021308980213,0.904320987654321,0.419303797468354,0.406015037593985,0.4640625,0.910197869101979,0.475903614457831,0.391830559757943,0.896604938271605,0.588325652841782,0.4048,0.253435114503817,0.409495548961424,0.906389301634473,0.402402402402402,0.103395061728395,0.0876132930513595,0.104947526236882,0.417177914110429,0.409230769230769,0.898595943837754,0.89739663093415,0.90327380952381,0.909785932721712,0.903560830860534,0.603915662650602,0.414219474497682,0.902548725637181,0.404287901990812,0.406906906906907,0.718223583460949,0.221198156682028,0.406153846153846,0.414670658682635,0.412576687116564,0.891369047619048,0.901365705614568,0.908256880733945,0.110429447852761,0.410174880763116,0.417298937784522,0.643076923076923,0.406153846153846,0.655688622754491,0.9,0.397260273972603,0.907435508345979,0.893682588597843,0.36741214057508,0.269578313253012,0.405970149253731,0.909638554216867,0.894419306184012,0.408618127786033,0.894984326018809,0.688995215311005,0.903875968992248,0.911901081916538,0.423880597014925,0.903963414634146,0.413075780089153,0.403076923076923,0.412746585735964,0.403076923076923,0.0981873111782477,0.407914764079148,0.397626112759644,0.61203007518797,0.688253012048193,0.393893129770992,0.645305514157973,0.593655589123867,0.400297619047619,0.232704402515723,0.09375,0.402140672782875,0.644171779141104,0.909509202453988,0.41287284144427,0.901065449010654,0.403348554033486,0.099388379204893,0.415902140672783,0.895927601809955,0.901664145234493,0.893778452200303,0.399390243902439,0.895770392749245,0.41969696969697,0.317979197622585,0.400293255131965,0.901812688821752,0.490106544901065,0.898658718330849,0.902927580893683,0.32262996941896,0.392749244712991,0.906344410876133,0.9015625,0.419306184012066,0.904400606980273,0.406203840472674,0.403614457831325,0.478851963746224,0.878923766816143,0.398753894080997,0.904761904761905,0.405909797822706,0.638392857142857,0.409582689335394,0.896296296296296,0.103603603603604,0.902290076335878,0.333841463414634,0.982731554160126,0.690184049079755,0.68960244648318,0.409160305343511,0.411302982731554,0.900153609831029,0.396992481203008,0.906110283159464,0.399390243902439,0.398791540785498,0.416047548291233,0.912772585669782,0.388719512195122,0.407751937984496,0.418604651162791,0.402140672782875,0.903374233128834,0.395705521472393,0.902439024390244,0.550151975683891,0.409022556390977,0.909638554216867,0.412721893491124,0.901049475262369,0.682098765432099,0.400309119010819,0.90077519379845,0.4051593323217,0.400302114803625,0.423963133640553,0.892053973013493,0.415915915915916,0.901386748844376,0.40625,0.890743550834598,0.409448818897638,0.903374233128834,0.664110429447853,0.381165919282511,0.135646687697161,0.378504672897196,0.409436834094368,0.909090909090909,0.389649923896499,0.402714932126697,0.411940298507463,0.414110429447853,0.908952959028832,0.895988112927192,0.409090909090909,0.42185128983308,0.904191616766467,0.902021772939347,0.409022556390977,0.356060606060606,0.128654970760234,0.594879518072289,0.909090909090909,0.106221547799697,0.40210843373494,0.899550224887556,0.409657320872274,0.403249630723781,0.396423248882265,0.90785498489426,0.905120481927711,0.90625,0.416909620991254,0.400316455696203,0.400900900900901,0.608628659476117,0.392966360856269,0.904836193447738,0.376119402985075,0.89922480620155,0.894009216589862,0.548725637181409,0.405238828967643,0.414781297134238,0.400611620795107,0.394216133942161,0.399082568807339,0.637614678899083,0.894656488549618,0.901215805471125,0.409711684370258,0.105105105105105,0.416167664670659,0.413843888070692,0.411402157164869,0.396992481203008,0.38828967642527,0.411242603550296,0.613636363636364,0.487951807228916,0.4,0.901234567901235,0.406392694063927,0.899082568807339,0.391566265060241,0.394453004622496,0.394777265745008,0.421133231240429,0.406832298136646,0.894495412844037,0.415037593984962,0.679626749611198,0.898484848484848,0.900302114803625,0.900611620795107,0.898773006134969,0.902325581395349,0.992211838006231,0.896764252696456,0.897280966767372,0.89409984871407,0.411411411411411,0.894009216589862,0.408427876823339,0.0921248142644874,0.897435897435897,0.503770739064857,0.905775075987842,0.410575427682737,0.402173913043478,0.400914634146341,0.529680365296804,0.911411411411411,0.404191616766467,0.895962732919255,0.907079646017699,0.903469079939668,0.907875185735513,0.102290076335878,0.396255850234009,0.908148148148148,0.899236641221374,0.412576687116564,0.910094637223975,0.423192771084337,0.895612708018154,0.911987860394537,0.397534668721109,0.417054263565891,0.392424242424242,0.256134969325153,0.415360501567398,0.0949464012251149,0.671150971599402,0.901081916537867,0.412121212121212,0.402173913043478,0.677177177177177,0.897435897435897,0.903276131045242,0.417840375586854,0.420489296636086,0.894970414201183,0.609682299546142,0.612055641421947,0.396604938271605,0.409375,0.899556868537666,0.410958904109589,0.403534609720177,0.911808669656203,0.405120481927711,0.395522388059701,0.904109589041096,0.392248062015504,0.403669724770642,0.394817073170732,0.406779661016949,0.902439024390244,0.904831625183016,0.910377358490566,0.390769230769231,0.422600619195046,0.10260336906585,0.888888888888889,0.416666666666667,0.90881913303438,0.904255319148936,0.397321428571429,0.413333333333333,0.39236641221374,0.405529953917051,0.400304414003044,0.902587519025875,0.392036753445636,0.412650602409639,0.677115987460815,0.909090909090909,0.943511450381679,0.902927580893683,0.0967741935483871,0.899550224887556,0.409495548961424,0.908256880733945,0.905718701700155,0.531437125748503,0.907046476761619,0.408536585365854,0.910162002945508,0.401215805471125,0.393568147013783,0.399698340874811,0.906832298136646,0.910044977511244,0.406015037593985,0.3359375,0.645510835913313,0.401234567901235,0.894817073170732,0.905572755417957,0.907120743034056,0.400621118012422,0.903030303030303,0.318042813455657,0.899248120300752,0.898148148148148,0.9046875,0.902927580893683,0.407796101949025,0.898484848484848,0.391653290529695,0.417310664605873,0.6,0.398753894080997,0.899390243902439,0.416289592760181,0.409836065573771,0.398133748055988,0.905718701700155,0.397913561847988,0.89618320610687,0.408682634730539,0.385432473444613,0.422322775263952,0.412772585669782,0.405970149253731,0.902255639097744,0.397865853658537,0.393846153846154,0.900452488687783,0.903522205206738,0.401526717557252,0.403030303030303,0.909228441754917,0.592203898050975,0.402799377916019,0.405120481927711,0.411144578313253,0.592537313432836,0.906727828746177,0.382075471698113,0.897897897897898,0.527987897125567,0.407066052227343,0.095166163141994,0.77893175074184,0.408256880733945,0.4,0.100591715976331,0.13030303030303,0.876923076923077,0.403641881638847,0.897081413210445,0.396656534954407,0.400943396226415,0.907435508345979,0.408472012102874,0.411674347158218,0.598784194528875,0.901234567901235,0.420091324200913,0.412746585735964,0.908668730650155,0.398190045248869,0.389324960753532,0.896923076923077,0.451807228915663,0.400306748466258,0.404511278195489,0.418181818181818,0.688821752265861,0.907046476761619,0.92412746585736,0.901759530791789,0.917933130699088,0.103286384976526,0.894817073170732,0.886877828054299,0.905263157894737,0.540212443095599,0.900311526479751,0.400900900900901,0.894345238095238,0.418604651162791,0.896499238964992,0.678832116788321,0.643916913946588,0.410898379970545,0.403641881638847,0.637462235649547,0.3950233281493,0.0932330827067669,0.632930513595166,0.617054263565891,0.40327380952381,0.0904907975460123,0.395705521472393,0.393846153846154,0.881987577639752,0.413690476190476,0.59577677224736,0.664098613251156,0.398791540785498,0.410958904109589,0.398496240601504,0.901365705614568,0.125547445255474,0.0812101910828025,0.409711684370258,0.414156626506024,0.374242424242424,0.906060606060606,0.453149001536098,0.411497730711044,0.899068322981366,0.386706948640483,0.839150227617602,0.667177914110429,0.904109589041096,0.910581222056632,0.897435897435897,0.407518796992481,0.683109118086697,0.41839762611276,0.397849462365591,0.40273556231003,0.542424242424242,0.903669724770642,0.406491499227202,0.908675799086758,0.408450704225352,0.407176287051482,0.903759398496241,0.416796267496112,0.907352941176471,0.417565485362096,0.906009244992296,0.90288315629742,0.41025641025641,0.0900763358778626,0.909361069836553,0.405487804878049,0.906542056074766,0.495481927710843,0.901325478645066,0.624629080118694,0.90014684287812,0.468315301391036,0.9015625,0.422776911076443,0.901812688821752,0.901639344262295,0.907993966817496,0.405529953917051,0.411674347158218,0.402061855670103,0.373643410852713,0.44620253164557,0.401826484018265,0.9,0.41743119266055,0.911858974358974,0.906906906906907,0.418320610687023,0.395705521472393,0.397360703812317,0.31306990881459,0.412202380952381,0.902548725637181,0.911144578313253,0.415037593984962,0.408385093167702,0.657894736842105,0.668202764976959,0.399390243902439,0.403076923076923,0.893518518518518,0.407350689127106,0.406804733727811,0.898176291793313,0.40527950310559,0.405446293494705,0.0939393939393939,0.250750750750751,0.397534668721109,0.592105263157895,0.403348554033486,0.414307004470939,0.692995529061103,0.912977099236641,0.394495412844037,0.901990811638591,0.405238828967643,0.366564417177914,0.4,0.375189107413011,0.394777265745008,0.914330218068536,0.405819295558959,0.402124430955994,0.411023622047244,0.603857566765579,0.899068322981366,0.403697996918336,0.409711684370258,0.0949464012251149,0.411411411411411,0.898507462686567,0.85824345146379,0.905631659056317,0.409711684370258,0.416289592760181,0.407066052227343,0.673105497771174,0.894899536321484,0.673469387755102,0.40763358778626,0.904334828101644,0.905688622754491,0.867981790591806,0.587155963302752,0.418461538461538,0.357142857142857,0.410606060606061,0.406344410876133,0.907407407407407,0.897626112759644,0.619631901840491,0.632307692307692,0.906060606060606,0.897744360902256,0.896396396396396,0.609642301710731,0.909090909090909,0.412202380952381,0.599393019726859,0.901033973412112,0.410526315789474,0.402799377916019,0.40519877675841,0.904761904761905,0.910846953937593,0.642857142857143,0.408814589665653,0.908396946564885,0.903903903903904,0.424657534246575,0.396396396396396,0.895927601809955,0.0958466453674121,0.395061728395062,0.395419847328244,0.10260336906585,0.40210843373494,0.90625,0.412225705329154,0.903076923076923,0.264661654135338,0.0981873111782477,1,0.419452887537994,0.897280966767372,0.905120481927711,0.0818181818181818,0.0989505247376312,0.413273001508296,0.903030303030303,0.399068322981366,0.911808669656203,0.392307692307692,0.899096385542169,0.904761904761905,0.864535768645358,0.876506024096386,0.890262751159196,0.895061728395062,0.104134762633997,0.897125567322239,0.637795275590551,0.407012195121951,0.59375,0.411589895988113,0.900928792569659,0.402420574886536,0.598173515981735,0.90381679389313,0.907692307692308,0.4015625,0.641288433382138,0.424471299093656,0.672782874617737,0.868827160493827,0.408882082695253,0.636363636363636,0.118003025718608,0.39209726443769,0.415915915915916,0.399399399399399,0.900473933649289,0.628148148148148,0.383808095952024,0.795384615384615,0.692780337941628,0.865470852017937,0.904903417533432,0.904619970193741,0.395136778115502,0.408602150537634,0.408536585365854,0.39453717754173,0.395802098950525,0.656716417910448,0.394160583941606,0.103915662650602,0.594752186588921,0.901365705614568,0.409436834094368,0.403697996918336,0.39906103286385,0.403007518796992,0.689393939393939,0.894578313253012,0.405365126676602,0.415902140672783,0.41875,0.405238828967643,0.407796101949025,0.405529953917051,0.31044776119403,0.616459627329193,0.396341463414634,0.684684684684685,0.914764079147641,0.362121212121212,0.413533834586466,0.833846153846154,0.901869158878505,0.90273556231003,0.402124430955994,0.633888048411498,0.905405405405405,0.393343419062027,0.393846153846154,0.866359447004608,0.900151285930408,0.908545727136432,0.902053712480253,0.399700598802395,0.907153729071537,0.899096385542169,0.993966817496229,0.909785932721712,0.374251497005988,0.903367496339678,0.668740279937792,0.908952959028832,0.589123867069486,0.398449612403101,0.688854489164087,0.903469079939668,0.899543378995434,0.898148148148148,0.41566265060241,0.401538461538462,0.417322834645669,0.40785498489426,0.415748031496063,0.411214953271028,0.886328725038402,0.399702823179792,0.908116385911179,0.900326797385621,0.822021116138763,0.0931297709923664,0.403249630723781,0.405775075987842,0.60119940029985,0.906528189910979,0.670180722891566,0.408888888888889,0.642313546423135,0.401234567901235,0.405660377358491,0.900302114803625,0.401234567901235,0.400641025641026,0.80030959752322,0.996840442338073,0.410480349344978,0.674922600619195,0.678071539657854,0.413173652694611,0.400914634146341,0.384848484848485,0.683969465648855,0.599697885196375,0.901812688821752,0.799093655589124,0.895833333333333,0.590015128593041,0.889408099688474,0.675968992248062,0.399696048632219,0.415748031496063,0.907462686567164,0.897435897435897,0.544901065449011,0.901408450704225,0.894736842105263,0.904903417533432,0.408602150537634,0.418674698795181,0.901689708141321,0.40406976744186,0.607250755287009,0.405819295558959,0.566412213740458,0.399375975039002,0.0948012232415902,0.396992481203008,0.906485671191554,0.89618320610687,0.668181818181818,0.105105105105105,0.419790104947526,0.403374233128834,0.203647416413374,0.51496062992126,0.904984423676013,0.903426791277259,0.406855439642325,0.897865853658537,0.529953917050691,0.9046875,0.426900584795322,0.693233082706767,0.404545454545455,0.403374233128834,0.900151285930408,0.0962732919254658,0.896124031007752,0.392744479495268,0.405819295558959,0.901197604790419,0.902140672782875,0.896706586826347,0.550077041602465,0.902325581395349,0.404255319148936,0.648286140089419,0.418711656441718,0.409020217729393,0.0986342943854325,0.145234493192133,0.906793048973144,0.643962848297214,0.903030303030303,0.410138248847926,0.407176287051482,0.902325581395349,0.901812688821752,0.259370314842579,0.402714932126697,0.904903417533432,0.955089820359281,0.901812688821752,0.417910447761194,0.316846986089645,0.59077380952381,0.904545454545455,0.903225806451613,0.910355486862442,0.900311526479751,0.904903417533432,0.37260677466863,0.396923076923077,0.91238670694864,0.223787167449139,0.108191653786708,0.548632218844985,0.097444089456869,0.404907975460123,0.897709923664122,0.601851851851852,0.898176291793313,0.902694610778443,0.962349397590361,0.889408099688474,0.597014925373134,0.903522205206738,0.91358024691358,0.903225806451613,0.899543378995434
"615",1,1,1,1,1,1,0.697933227344992,1,1,0.0963665086887836,1,0.0417310664605873,0.811912225705329,1,0.323343848580442,0.314641744548287,0.0659509202453988,0.669887278582931,1,1,0.293838862559242,0.319685039370079,1,0.1640625,1,0.341013824884793,0.323248407643312,1,1,0.788553259141494,0.31832298136646,0.729646697388633,0.966101694915254,0.314873417721519,0,1,0.54375,1,0.306990881458967,1,0.663507109004739,0.665634674922601,0.685325264750378,1,1,0.326465927099842,0.321372854914197,0.321100917431193,0.334346504559271,0.332302936630603,0,1,0.322981366459627,1,1,0.509375,0.556259904912837,1,1,1,0.338855421686747,0.333333333333333,0.324367088607595,0.669254658385093,1,1,0.0360501567398119,1,0.0563165905631659,0.329770992366412,1,0.322429906542056,0.33868378812199,0.96551724137931,0.507645259938838,1,0.32312404287902,0.349544072948328,1,0.332805071315372,0.0942492012779553,0.336434108527132,0.334905660377358,1,0.341049382716049,1,1,1,1,0.685410334346505,1,1,0.00153846153846154,0.105666156202144,1,0.0428134556574924,0,1,0.559157212317666,0.662957074721781,1,0.0544323483670296,0.32182103610675,1,0.315467075038285,1,0.66820987654321,1,0.321100917431193,0.329754601226994,0.329230769230769,1,0.327692307692308,1,0.478395061728395,1,0.32348367029549,0.302469135802469,0.338414634146341,0.322834645669291,0.475155279503106,0.998449612403101,0.328787878787879,0.324324324324324,1,0.316358024691358,1,1,0.329230769230769,0.551051051051051,1,0.32807570977918,1,0.0405405405405405,1,0.324200913242009,0.6732223903177,0.332307692307692,0.933229813664596,0.447495961227787,0.103448275862069,0.0962145110410095,1,1,0.340625,1,0.330804248861912,1,0.806451612903226,1,0.33122028526149,1,1,1,1,0.339593114241002,1,0.329153605015674,0.262595419847328,1,0.321100917431193,1,0.304747320061256,0.0880503144654088,1,0.315286624203822,1,1,1,0.341463414634146,1,0.332283464566929,1,0.313364055299539,1,0.32348367029549,0.0768025078369906,1,0.63015873015873,1,1,0.318181818181818,1,1,1,1,0.326086956521739,0.319018404907975,1,0.998435054773083,0.327245053272451,0.315286624203822,1,0.44392523364486,0.656716417910448,0,0.323574730354391,0.657894736842105,1,0.32572298325723,1,0.998477929984779,1,0.326086956521739,0.32824427480916,0.334394904458599,1,1,1,0,1,0.312202852614897,0.975308641975309,0.332293291731669,0.316692667706708,0.752721617418352,1,1,1,1,1,0.0406885758998435,0.321086261980831,0.335365853658537,1,0.671779141104294,1,1,0.998447204968944,0.998452012383901,1,1,0.00309119010819165,0.326219512195122,1,0.316118935837246,1,0.314728682170543,1,1,1,1,1,0.322378716744914,1,0.512658227848101,0.333333333333333,0.333843797856049,0.322784810126582,0.325,0.329704510108865,0.430379746835443,0.335913312693498,0.32258064516129,0.313546423135464,1,0.326153846153846,1,0.672230652503794,0.328149300155521,0.310810810810811,0.341269841269841,1,1,1,0.255451713395639,0.324074074074074,1,0.329133858267717,0.333836858006042,0.320433436532508,0.326747720364742,0.678516228748068,1,0.326717557251908,0.31875,1,0.304897314375987,1,0.31306990881459,0.319314641744548,1,1,1,0.530421216848674,1,0.68160741885626,0.0819672131147541,0.322429906542056,1,1,0.0955315870570108,0.326086956521739,0.333863275039746,1,1,0.319083969465649,0.0232558139534884,0.00157728706624606,1,1,0.341945288753799,0.9984375,1,0.317484662576687,1,1,0.331278890600925,1,1,1,1,0.340157480314961,0.322822822822823,0.340222575516693,1,1,0.662519440124417,0.320433436532508,1,0.326251896813354,0.302147239263804,1,1,0.998477929984779,1,1,0.332298136645963,1,1,0.106012658227848,0.340978593272171,0.5015625,0.313880126182965,0.661490683229814,0.325617283950617,1,0.31911532385466,0.336434108527132,0.262917933130699,0.327188940092166,1,0.332829046898638,1,1,1,0.31974921630094,0.329738058551618,0.998447204968944,0.925925925925926,0.0587301587301587,1,0.325652841781874,0.333865814696486,0.319620253164557,1,0.344036697247706,0.464012251148545,0.330246913580247,0.315132605304212,0.323296354992076,0.316118935837246,1,0.330683624801272,1,1,0,1,0.331269349845201,1,1,1,0.335987261146497,1,0.324367088607595,1,0.832307692307692,1,1,1,0.318818040435459,1,1,0.316770186335404,0.322378716744914,1,1,0.322530864197531,0.1875,1,0.998456790123457,1,0,0.320574162679426,1,0.317972350230415,0.245696400625978,1,0.666666666666667,0.438066465256798,1,1,0.668148148148148,0.693270735524257,0.3546875,1,0.332293291731669,1,1,0.343949044585987,1,0.998439937597504,0.00777604976671851,0.328050713153724,1,1,0.338072669826224,1,1,0.319182389937107,0.339908952959029,1,1,1,0.532507739938081,0.322378716744914,0.35748031496063,0.327917282127031,0.342146189735614,0.683229813664596,0.332826747720365,0.337480559875583,0.322085889570552,0.244548286604361,0.324409448818898,1,0.325264750378215,0.998463901689708,0.321592649310873,0.0833333333333333,0.0507692307692308,1,1,0.0368098159509202,1,0.680981595092024,0.0432098765432099,0.0109375,1,0.672839506172839,1,1,0.565015479876161,1,0,0.0715421303656598,1,1,1,0.334394904458599,0.63353115727003,0.685430463576159,0.992343032159265,1,0.986003110419907,0.312210200927357,0.339089481946625,1,0.308056872037915,1,0.382716049382716,0.103503184713376,0.317972350230415,0.333333333333333,0.342809364548495,1,0.0769230769230769,1,1,1,0.262996941896024,0.326530612244898,1,0.327044025157233,1,1,0.318461538461538,1,0.328808446455505,1,0.318181818181818,0.328149300155521,1,0.668769716088328,0.321212121212121,1,0.324409448818898,0.775193798449612,0.32579185520362,0.164615384615385,0.324655436447167,0.781055900621118,0.318541996830428,1,0.333333333333333,0.348091603053435,0.299065420560748,1,1,1,0.971061093247588,0.337620578778135,1,0.332810047095761,1,0.328502415458937,0.328725038402458,1,1,1,0.919254658385093,1,0.31306990881459,0.328682170542636,1,1,0.0507131537242472,0.0817901234567901,1,1,0.320813771517997,1,1,0.322981366459627,1,1,0.673405909797823,0.525190839694657,1,0,1,1,0.0969230769230769,0.332807570977918,1,0.330246913580247,0.998452012383901,0.968152866242038,0.998439937597504,0.818320610687023,1,0.33122028526149,1,1,1,0,0.32258064516129,1,1,0.661927330173776,1,0.3234375,0.36817472698908,0.331269349845201,1,1,1,0.0925644916540212,0.329617834394904,0.0875796178343949,0.998417721518987,0.316279069767442,0.32093023255814,0.366043613707165,0,1,0.962674961119751,1,1,0.334920634920635,0.309815950920245,0.158805031446541,0.0359937402190923,0.323529411764706,0.315870570107858,0.334341906202723,0.00160513643659711,0.325652841781874,1,0,0.318250377073906,1,1,1,0.318461538461538,0.327692307692308,0.0305466237942122,1,0.316118935837246,0.31306990881459,1,1,0.330218068535826,0.694805194805195,1,1,0.684867394695788,1,0.319148936170213,1,0.32348367029549,0.525602409638554,0.661654135338346,0.419452887537994,1,0.30920060331825,0.326018808777429,0.672281776416539,0.65284178187404,1,0.331269349845201,1,0.326251896813354,1,0.322981366459627,0.320754716981132,0.361240310077519,0.534883720930233,0.325396825396825,0.315955766192733,0.657853810264386,0.329305135951662,0.152487961476726,1,0,1,0.307448494453249,1,0,0.322834645669291,0.321711568938193,1,0.0537313432835821,1,0.0838607594936709,0.345425867507886,1,0.065015479876161,0.661442006269592,1,1,1,0.320574162679426,0.0393939393939394,1,0.442700156985871,0.094551282051282,0.364341085271318,0.329704510108865,0.330769230769231,1,1,1,1,1,0.0631578947368421,0.995454545454545,0.67741935483871,0.00300751879699248,0.327131782945736,1,1,1,1,0.0855365474339036,0.328787878787879,1,1,1,1,1,1,0.483076923076923,0.00157232704402516,1,0.0829493087557604,0.327666151468315,0.430359937402191,1,0.405362776025237,0.314696485623003,0.316358024691358,1,0.0370942812982998,0.321981424148607,1,1,0.377358490566038,0.324655436447167,0.316692667706708,0.333853354134165,0.998456790123457,0.329133858267717,0.322530864197531,0.425632911392405,0.326530612244898,0.974164133738602,0.320726172465961,0.0791139240506329,0.328660436137072,0,1,0.0942492012779553,0.31629392971246,0.324960753532182,0.318611987381703,1,1,1,1,1,1,0.33596214511041,1,0.325038880248834,0.327841845140033,0.615146831530139,0.666666666666667,1,1,0,0.325688073394495,0.120556414219474,0.998482549317147,0.0328638497652582,1,1,0.32120253164557,1,1,0.644757433489828,0.423076923076923,0.995535714285714,0.0814696485623003,0.0984126984126984,1,1,1,0.0858034321372855,0,0.325688073394495,0.429022082018927,0.321212121212121,0,0.332807570977918,0.0862068965517241,1,1,0.330769230769231,0.33026113671275,0.242612752721617,0.341232227488152,0.317073170731707,0.329770992366412,1,1,0.340729001584786,1,0,1,0.230529595015576,1,0.659442724458204,1,0.323390894819466,0.318110236220472,0.0743034055727554,0.664624808575804,1,1,0.777777777777778,0.893650793650794,0.329153605015674,0.321875,1,0.325984251968504,0.261538461538462,0.330645161290323,1,0.100931677018634,1,1,0.327102803738318,0.668789808917197,0.306962025316456,1,1,0.321483771251932,0.310185185185185,0.329787234042553,0.870458135860979,0.324324324324324,1,0.0511627906976744,1,1,0.687211093990755,0.642414860681115,0.325281803542673,0.0514820592823713,0.327131782945736,1,1,0.3140625,0.337007874015748,0.608562691131499,1,0.315151515151515,0.382262996941896,0.31733746130031,0.987841945288754,0.466876971608833,0.00462962962962963,0.310077519379845,0.331306990881459,0.337025316455696,0.326984126984127,0.329819277108434,0.975683890577508,1,0.328725038402458,0.539808917197452,0.673534072900158,0.241167434715822,0.677367576243981,1,0.327102803738318,0.003125,0.337404580152672,0.324615384615385,0.377300613496933,0.330745341614907,0,0.335384615384615,0.324921135646688,0.333333333333333,0.322429906542056
"616",0.282574568288854,0.291350531107739,0.297256097560976,0.311708860759494,0.289634146341463,0.296923076923077,0.0110410094637224,0.302180685358255,0.29249617151608,0.58740157480315,0.30316742081448,0.658132530120482,0.5,0.302611367127496,1,1,0.630699088145897,0,0.3046875,0.28902627511592,1,1,0.300604229607251,0.52887537993921,0.294029850746269,1,1,0.316118935837246,0.284857571214393,0.509404388714734,1,0.57814871016692,0.346504559270517,0.996941896024465,0.686153846153846,0.293650793650794,0.143292682926829,0.302710843373494,1,0.28310502283105,0.00307692307692308,0,0,0.308527131782946,0.299843014128728,1,0.993788819875776,1,1,1,0.709531013615734,0.303875968992248,1,0.302469135802469,0.295731707317073,0.808346213292117,0.12962962962963,0.301075268817204,0.301204819277108,0.305426356589147,0.993993993993994,1,1,0.00612557427258806,0.289763779527559,0.302571860816944,0.66412213740458,0.311145510835913,0.628185907046477,1,0.298798798798799,1,1,0.265940902021773,0.167420814479638,0.299248120300752,1,0.993966817496229,0.297709923664122,1,0.615748031496063,1,1,0.30381679389313,1,0.306092124814265,0.295031055900621,0.312404287901991,0.296520423600605,0,0.301538461538462,0.301349325337331,0.706686930091185,0.592760180995475,0.296825396825397,0.657228017883756,0.700763358778626,0.291540785498489,0.122641509433962,0,0.296636085626911,0.637480798771121,1,0.293375394321767,1,0.301538461538462,0,0.308510638297872,1,1,1,0.292609351432881,0.995433789954338,0.30757341576507,0.203030303030303,0.289512555391433,1,0.379727685325265,1,1,0.201526717557252,0.299392097264438,1,1,0.312688821752266,1,0.292753623188406,0.293413173652695,0.367223065250379,0.748878923766816,0.300314465408805,1,0.30625,0.650817236255572,0.309262166405024,1,0.00152439024390244,1,0.364329268292683,0.884984025559105,0.592024539877301,0.60882800608828,0.296803652968037,0.306349206349206,1,0.3,1,0.280916030534351,0.48575712143928,0.298816568047337,1,0.285493827160494,0.297507788161994,0.296636085626911,0.308980213089802,1,0.287692307692308,1,0.439759036144578,0.306306306306306,1,0.304477611940298,1,0.605546995377504,0.3046875,1,0.296969696969697,0.292048929663609,0.312693498452012,0.987860394537178,0.303405572755418,1,0.302003081664099,1,0.299524564183835,1,0.608562691131499,0.280060882800609,0.0284810126582278,0.286158631415241,0.297256097560976,1,0.285493827160494,0.299694189602446,0.301515151515152,0.311827956989247,1,1,0.30379746835443,0.306027820710974,1,1,0.303759398496241,0.241221374045802,0.0164424514200299,0.702290076335878,1,0.00305343511450382,0.299392097264438,1,0.300787401574803,0.293494704992436,0.303303303303303,0.998482549317147,1,1,0.307462686567164,0.296411856474259,0.3003003003003,0.693846153846154,0.289877300613497,1,0.317484662576687,1,1,0.429003021148036,0.302469135802469,0.299093655589124,0.300925925925926,0.281155015197568,0.29984544049459,0.657975460122699,1,1,0.291158536585366,0.00451807228915663,0.304477611940298,0.296572280178838,0.300613496932515,0.283969465648855,0.280674846625767,0.297619047619048,0.712349397590361,0.369436201780415,0.293233082706767,1,0.304347826086957,1,0.295795795795796,0.289230769230769,0.300613496932515,0.301242236024845,0.290220820189274,1,0.300604229607251,0.795918367346939,1,1,0.99685534591195,1,1,0.891849529780564,1,1,1,0.300150829562594,1,0.303656597774245,0,1,0.382308845577211,1,0.302003081664099,0.303680981595092,0.294478527607362,0.419847328244275,1,0.303951367781155,1,1,1,1,0,0.292117465224111,1,1,0.302611367127496,1,0.297872340425532,1,1,0.290372670807453,0.298578199052133,0.286149162861492,0.151975683890578,0.307332293291732,0,0.606240713224368,1,0.299847792998478,0.298299845440495,0.593558282208589,1,1,0.307210031347962,0.311424100156495,1,0.670212765957447,0.713841368584759,0.289269051321928,0.303459119496855,0.992447129909366,0.307219662058372,0.285714285714286,1,0.296969696969697,0.286798179059181,1,0.287480680061824,0.299065420560748,0.295454545454545,0.295902883156297,1,1,1,0.297839506172839,0.310502283105023,0.00592592592592593,0.990853658536585,0.30379746835443,1,1,0.294561933534743,0.303437967115097,0.282442748091603,0.299531981279251,0.301204819277108,1,0.292569659442724,0.292048929663609,0.582945736434109,1,0.829192546583851,1,0,1,0.3023598820059,1,1,0.420489296636086,0.998473282442748,0.3015625,1,0.289676425269646,0.279320987654321,0.294029850746269,1,1,0.301829268292683,0.381558028616852,0.620904836193448,0.2859375,1,1,1,0.304821150855365,1,0.206738131699847,1,1,1,1,0.304347826086957,1,0.298555377207063,0.310664605873261,0.701238390092879,0.286377708978328,1,0.302891933028919,0.298798798798799,0.297169811320755,1,0.288490284005979,1,0.300898203592814,0.465361445783133,0.302147239263804,0.30829420970266,0.295625942684766,1,0.289922480620155,0.282642089093702,1,1,0.30441400304414,0.290273556231003,1,0.486486486486487,0.299689440993789,0.304878048780488,0.311844077961019,0.704268292682927,1,0.273155416012559,1,0.429457364341085,0.289877300613497,0,0.870286576168929,0.300155520995334,0.299236641221374,0,0.0319148936170213,0.980182926829268,0.291666666666667,1,0.297839506172839,0.2928,1,0.302571860816944,0.296296296296296,0.687405159332322,1,0.306153846153846,0.297507788161994,1,0.293939393939394,0.283255086071987,1,0.338931297709924,0.292569659442724,0.305810397553517,0.31039755351682,0.798484848484848,1,0.984520123839009,1,1,0.00153609831029186,1,0.993911719939117,1,0.424806201550388,0.996870109546166,0.290225563909774,0.994020926756353,0.304953560371517,0.995391705069124,0.614583333333333,0.645925925925926,0.299079754601227,0.290468986384266,0.661538461538462,0.301710730948678,0,0.642967542503864,0.699537750385208,0.302710843373494,0.00151745068285281,0.286585365853659,0.29500756429652,0.754250386398764,0.305936073059361,0.699846860643185,0.610410094637224,0.307692307692308,0.300898203592814,0.280966767371601,1,0.025,0,0.289193302891933,0.309559939301973,0.314112291350531,1,0.337984496124031,0.301369863013699,1,0.294117647058824,0.936267071320182,0.588697017268446,1,1,0.993453355155483,0.301829268292683,0.613533834586466,0.306306306306306,0.298245614035088,0.294117647058824,0.428139183055976,1,0.293846153846154,1,0.3015625,0.306122448979592,1,0.296703296703297,1,0.306853582554517,1,1,0.30030487804878,0,1,0.304878048780488,1,0.557926829268293,1,0.517450682852807,1,0.547692307692308,1,0.299843014128728,1,1,1,0.291411042944785,0.303405572755418,0.293591654247392,0.330143540669856,0.34181240063593,0.288519637462236,1,0.300613496932515,1,1,0.308755760368664,0.294025157232704,0.299410029498525,0.377473363774734,0.307575757575758,1,1,0.301829268292683,0.30829420970266,0.645412130637636,0.601236476043277,0.30077519379845,0.303265940902022,1,0.290322580645161,0.302670623145401,0.996889580093313,0.287735849056604,0.295281582952816,0,0.149253731343284,0.29601226993865,0.699704142011834,0.297045101088647,0.301972685887709,0.606875934230194,0.996889580093313,0.291217257318952,1,0.288786482334869,0.325581395348837,0.303215926493109,0.461769115442279,0.28858024691358,1,0.298165137614679,0.303215926493109,0.311627906976744,0.706686930091185,1,0.306729264475743,0.298192771084337,0,0.305471124620061,0.998477929984779,0.946889226100152,1,0.303951367781155,0.300153139356815,0.296296296296296,0.596096096096096,1,0.601255886970173,0.321538461538462,1,1,0.963414634146341,0.692780337941628,0.312989045383412,0.347626339969372,0.299392097264438,0.29742033383915,1,1,0.524844720496894,0.647239263803681,1,1,0.998487140695915,0.707165109034268,1,0.301204819277108,0.708333333333333,1,0.307458143074581,0.301857585139319,0.299065420560748,0.996960486322188,1,0.667192429022082,0.304084720121029,1,1,0.303030303030303,0.286149162861492,0.998461538461539,0,0.293846153846154,0.29320987654321,0.0076103500761035,0.29618320610687,1,0.291277258566978,1,0.148260211800303,0,0.897280966767372,0.30920060331825,1,1,0,0.0015015015015015,0.305471124620061,1,0.297169811320755,0.997014925373134,0.291277258566978,1,0.9984375,0.958841463414634,0.763277693474962,1,1,0.00604229607250755,1,0.515673981191223,0.303405572755418,0.688622754491018,0.307692307692308,1,0.289922480620155,0.689814814814815,1,1,0.292307692307692,0.632132132132132,0.306525037936267,0.6,0.968652037617555,0.310975609756098,0.61631419939577,0.0107361963190184,0.290123456790123,0.299392097264438,0.298780487804878,1,0.654919236417034,0.288084464555053,0.880804953560371,0.599690880989181,0.962406015037594,1,1,0.292048929663609,0.316692667706708,0.287735849056604,0.289393939393939,0.295558958652374,0.630239520958084,0.292353823088456,0,0.701470588235294,0.998475609756098,0.304147465437788,0.285932721712538,0.298076923076923,0.304545454545455,0.612612612612613,1,0.308035714285714,0.317972350230415,0.313971742543171,0.30030959752322,0.296520423600605,0.292758089368259,0.191330343796712,0.705607476635514,0.3,0.62012012012012,1,0.243975903614458,0.298937784522003,0.913928012519562,1,1,0.294027565084227,0.659125188536953,1,0.298937784522003,0.283763277693475,0.948837209302326,1,1,0.996889580093313,0.303571428571429,1,1,0.892523364485981,1,0.331316187594554,1,0.613953488372093,1,0.686635944700461,0.292834890965732,0.619631901840491,1,1,0.992295839753467,0.303759398496241,0.30316742081448,0.305772230889236,0.297213622291022,0.306376360808709,0.296583850931677,0.982866043613707,0.293494704992436,1,1,0.694528875379939,0,0.301659125188537,0.301801801801802,0.696969696969697,1,0.579754601226994,0.30962962962963,0.665639445300462,0.297213622291022,0.29922480620155,1,0.297380585516179,0.301435406698565,0.675507020280811,0.902362204724409,0.306122448979592,0.617554858934169,0.59190031152648,0.303030303030303,0.307332293291732,0.280245022970904,0.604006163328197,0.701515151515152,1,0.880368098159509,1,0.689189189189189,0.996899224806202,0.60061919504644,0.297256097560976,0.299531981279251,1,1,0.437403400309119,0.992260061919505,0.996941896024465,1,0.294753086419753,0.309451219512195,1,0.296783625730994,0.703533026113671,0.315301391035549,0.470496894409938,0.282407407407407,0,0.296520423600605,1,1,0.614220877458396,0.00151745068285281,0.309597523219814,0.296923076923077,0.0920436817472699,0.389857369255151,1,1,0.293759512937595,1,0.421461897356143,1,0.31314623338257,0.603053435114504,0.301242236024845,0.293759512937595,1,0,1,0.292527821939587,0.307453416149068,1,1,1,0.433846153846154,1,0.304147465437788,0.63855421686747,0.305426356589147,0.309968847352025,0.00151515151515152,0.0368098159509202,1,0.63914373088685,1,0.30568356374808,0.313479623824451,1,1,0.159574468085106,0.296803652968037,1,0.892802450229709,1,0.304545454545455,0.204081632653061,0.692780337941628,1,1,1,1,1,0.266467065868263,0.282642089093702,1,0.118483412322275,0.00157232704402516,0.447129909365559,0,0.306603773584906,1,0.693498452012384,1,1,0.887048192771084,1,0.695067264573991,1,1,1,1
"617",0.293460925039872,0.309006211180124,0.314152410575428,0.32626427406199,0.30829420970266,0.308056872037915,0.00955414012738853,0.31629392971246,0.304953560371517,0.576736672051696,0.312024353120244,0.647425897035881,0.506329113924051,0.311708860759494,1,1,0.618098159509202,0,0.317460317460317,0.305164319248826,1,1,0.321538461538462,0.520249221183801,0.312594840667678,1,1,0.337078651685393,0.307692307692308,0.531446540880503,1,0.587423312883436,0.361538461538462,0.995341614906832,0.67244094488189,0.309061488673139,0.133748055987558,0.31859756097561,1,0.303543913713405,0.0031496062992126,0,0,0.323390894819466,0.317535545023697,1,0.993720565149137,1,1,1,0.694704049844237,0.319488817891374,1,0.31924882629108,0.308282208588957,0.823622047244094,0.121835443037975,0.315047021943574,0.312788906009245,0.316692667706708,0.992295839753467,1,1,0.00627943485086342,0.307443365695793,0.309119010819165,0.65414710485133,0.313084112149533,0.611872146118721,1,0.317972350230415,1,1,0.274038461538462,0.150855365474339,0.312307692307692,1,0.993817619783617,0.32469512195122,1,0.609120521172638,1,1,0.326186830015314,1,0.315548780487805,0.311501597444089,0.320872274143302,0.309748427672956,0,0.320813771517997,0.31969696969697,0.685847589424572,0.591331269349845,0.312101910828025,0.646969696969697,0.684782608695652,0.310077519379845,0.112540192926045,0,0.3088,0.621069182389937,1,0.305331179321486,1,0.314375987361769,0,0.321372854914197,1,1,1,0.304953560371517,0.995356037151703,0.321044546850998,0.198767334360555,0.30421686746988,1,0.383206106870229,1,1,0.198098256735341,0.310077519379845,1,1,0.330792682926829,1,0.311572700296736,0.310030395136778,0.376766091051805,0.771689497716895,0.316692667706708,1,0.326498422712934,0.64167916041979,0.329581993569132,1,0.0015552099533437,1,0.368663594470046,0.892063492063492,0.58307210031348,0.596546310832025,0.308777429467085,0.321086261980831,1,0.31039755351682,1,0.304552590266876,0.49613601236476,0.326687116564417,1,0.308176100628931,0.308917197452229,0.3184,0.322274881516588,1,0.308411214953271,1,0.436532507739938,0.319148936170213,1,0.318181818181818,1,0.598116169544741,0.313479623824451,1,0.310452418096724,0.309375,0.324367088607595,0.986003110419907,0.3171875,1,0.319422150882825,1,0.303370786516854,1,0.590417310664606,0.290769230769231,0.0324149108589951,0.293375394321767,0.315870570107858,1,0.297339593114241,0.312989045383412,0.316998468606432,0.32398753894081,1,1,0.325242718446602,0.31924882629108,1,1,0.319444444444444,0.238461538461538,0.0183206106870229,0.694227769110764,1,0.003125,0.310769230769231,1,0.313694267515924,0.308396946564885,0.305426356589147,0.996904024767802,1,1,0.316341829085457,0.307936507936508,0.314112291350531,0.678456591639871,0.3046875,1,0.333853354134165,1,1,0.426810477657935,0.320813771517997,0.312883435582822,0.31875,0.298107255520505,0.320126782884311,0.647149460708783,1,1,0.314024390243902,0.00458715596330275,0.326251896813354,0.31044776119403,0.317034700315457,0.308980213089802,0.29153605015674,0.311844077961019,0.699074074074074,0.36986301369863,0.306153846153846,1,0.322327044025157,1,0.305471124620061,0.303317535545024,0.307086614173228,0.323899371069182,0.321316614420063,1,0.319508448540707,0.797788309636651,1,1,0.996875,1,1,0.9008,1,1,1,0.307926829268293,1,0.316476345840131,0,1,0.390505359877489,1,0.324960753532182,0.319444444444444,0.311216429699842,0.420221169036335,1,0.31651376146789,1,1,1,1,0,0.312401883830455,1,1,0.315955766192733,1,0.314241486068111,1,1,0.306853582554517,0.317965023847377,0.290571870170015,0.140625,0.322834645669291,0,0.591654247391952,1,0.317829457364341,0.317111459968603,0.587155963302752,1,1,0.321486268174475,0.320493066255778,1,0.666666666666667,0.707278481012658,0.304075235109718,0.31637519872814,0.993920972644377,0.31937984496124,0.303030303030303,1,0.312210200927357,0.298937784522003,1,0.305379746835443,0.314152410575428,0.307219662058372,0.31637519872814,1,1,1,0.305295950155763,0.319554848966614,0.00765696784073507,0.9921875,0.325320512820513,1,1,0.303951367781155,0.317829457364341,0.305426356589147,0.314465408805031,0.317757009345794,1,0.304897314375987,0.310664605873261,0.575039494470774,1,0.842679127725857,1,0,1,0.322289156626506,1,1,0.424806201550388,0.998459167950693,0.315286624203822,1,0.309375,0.299373040752351,0.310291858678955,1,1,0.31859756097561,0.4016,0.618066561014263,0.304761904761905,1,1,1,0.3216,1,0.203703703703704,1,1,1,1,0.323664122137405,1,0.312903225806452,0.329133858267717,0.680817610062893,0.30016051364366,1,0.325617283950617,0.30521472392638,0.306946688206785,1,0.307692307692308,1,0.320182094081942,0.479813664596273,0.320126782884311,0.313195548489666,0.305555555555556,1,0.315789473684211,0.300955414012739,1,1,0.3203125,0.302795031055901,1,0.477064220183486,0.30952380952381,0.324534161490683,0.317757009345794,0.685358255451713,1,0.2914653784219,1,0.424050632911392,0.309597523219814,0,0.883792048929664,0.317965023847377,0.311424100156495,0,0.0265210608424337,0.983024691358025,0.316535433070866,1,0.308176100628931,0.306451612903226,1,0.311926605504587,0.315047021943574,0.666666666666667,1,0.319685039370079,0.315457413249211,1,0.313846153846154,0.300955414012739,1,0.348297213622291,0.308777429467085,0.315548780487805,0.327586206896552,0.792307692307692,1,0.984251968503937,1,1,0.00155763239875389,1,0.992211838006231,1,0.430577223088924,0.996830427892235,0.302325581395349,0.993939393939394,0.323809523809524,0.995426829268293,0.603915662650602,0.638065522620905,0.319083969465649,0.304747320061256,0.64,0.3088,0,0.630331753554502,0.684375,0.321981424148607,0.00154798761609907,0.3078125,0.302469135802469,0.766929133858268,0.3203125,0.687692307692308,0.6016,0.315372424722662,0.318461538461538,0.294753086419753,1,0.0266666666666667,0,0.31832298136646,0.329754601226994,0.322932917316693,1,0.336492890995261,0.3109375,1,0.300925925925926,0.945652173913043,0.576619273301738,1,1,0.991735537190083,0.315068493150685,0.6156202143951,0.31570996978852,0.305691056910569,0.307931570762053,0.420890937019969,1,0.310236220472441,1,0.313694267515924,0.317666126418152,1,0.311605723370429,1,0.327131782945736,1,1,0.314329738058552,0,1,0.319444444444444,1,0.565950920245399,1,0.518348623853211,1,0.565891472868217,1,0.314516129032258,1,1,1,0.304615384615385,0.319554848966614,0.31039755351682,0.343402225755167,0.331179321486268,0.304012345679012,1,0.32,1,1,0.322429906542056,0.316957210776545,0.309341500765697,0.395931142410016,0.318112633181126,1,1,0.326120556414219,0.326923076923077,0.626959247648903,0.5921875,0.312111801242236,0.310126582278481,1,0.30077519379845,0.312024353120244,0.996870109546166,0.304975922953451,0.309597523219814,0,0.13719512195122,0.309148264984227,0.687593423019432,0.306853582554517,0.317829457364341,0.603686635944701,0.996889580093313,0.311912225705329,1,0.309262166405024,0.342857142857143,0.314641744548287,0.474258970358814,0.312989045383412,1,0.318818040435459,0.316455696202532,0.326892109500805,0.689393939393939,1,0.32,0.316923076923077,0,0.320121951219512,0.9984375,0.962674961119751,1,0.319875776397516,0.322188449848024,0.310725552050473,0.586523736600306,1,0.594637223974763,0.333333333333333,1,1,0.967642526964561,0.679186228482003,0.321766561514196,0.350769230769231,0.315950920245399,0.311827956989247,1,1,0.517940717628705,0.638932496075353,1,1,0.998463901689708,0.695721077654517,1,0.320182094081942,0.68062015503876,1,0.325115562403698,0.313694267515924,0.316770186335404,0.996932515337423,1,0.652173913043478,0.322429906542056,1,1,0.32348367029549,0.304953560371517,0.998425196850394,0,0.309148264984227,0.307332293291732,0.00628930817610063,0.314329738058552,1,0.308176100628931,1,0.136923076923077,0,0.905120481927711,0.326018808777429,1,1,0,0.00151285930408472,0.325545171339564,1,0.307814992025518,0.996992481203008,0.310725552050473,1,1,0.968602825745683,0.774494556765163,1,1,0.0046583850931677,1,0.522950819672131,0.32398753894081,0.674735249621785,0.321538461538462,1,0.297971918876755,0.678018575851393,1,1,0.310725552050473,0.624813153961136,0.315950920245399,0.592879256965944,0.979495268138801,0.327073552425665,0.6049766718507,0.0125786163522013,0.310236220472441,0.313271604938272,0.314984709480122,1,0.633846153846154,0.308868501529052,0.889763779527559,0.593301435406699,0.96969696969697,1,1,0.305084745762712,0.337662337662338,0.314375987361769,0.304953560371517,0.313664596273292,0.618181818181818,0.305343511450382,0,0.679582712369598,0.998449612403101,0.321928460342146,0.306729264475743,0.318037974683544,0.31039755351682,0.608359133126935,1,0.328220858895706,0.332288401253919,0.3264,0.315047021943574,0.314814814814815,0.311912225705329,0.190258751902588,0.69047619047619,0.310344827586207,0.605182926829268,1,0.238689547581903,0.315217391304348,0.929260450160772,1,1,0.318252730109204,0.640986132511556,1,0.306376360808709,0.299065420560748,0.9552,1,1,0.996810207336523,0.308049535603715,1,1,0.897151898734177,1,0.351145038167939,1,0.599033816425121,1,0.678955453149002,0.312989045383412,0.6128,1,1,0.990566037735849,0.317484662576687,0.32348367029549,0.317666126418152,0.312401883830455,0.323343848580442,0.311811023622047,0.981012658227848,0.307931570762053,1,1,0.720496894409938,0,0.311450381679389,0.316692667706708,0.677519379844961,1,0.568535825545171,0.318731117824773,0.651017214397496,0.311912225705329,0.308562197092084,1,0.311216429699842,0.317512274959083,0.694888178913738,0.91304347826087,0.326378539493294,0.608903020667727,0.580952380952381,0.320373250388802,0.31687898089172,0.302362204724409,0.592823712948518,0.68558282208589,1,0.897356143079316,1,0.670245398773006,0.996820349761526,0.596518987341772,0.313572542901716,0.311605723370429,1,1,0.438461538461538,0.991974317817014,0.996937212863706,1,0.31201248049922,0.312307692307692,1,0.314074074074074,0.682888540031397,0.321711568938193,0.462015503875969,0.304897314375987,0,0.29984544049459,1,1,0.601851851851852,0.00153374233128834,0.322932917316693,0.316279069767442,0.0921875,0.408940397350993,1,1,0.308868501529052,1,0.41335453100159,1,0.321266968325792,0.591962905718702,0.317683881064163,0.3109375,1,0,1,0.306089743589744,0.314329738058552,1,1,1,0.435897435897436,1,0.310832025117739,0.618618618618619,0.319938176197836,0.321086261980831,0.00153609831029186,0.0389408099688473,1,0.623233908948195,1,0.320872274143302,0.324717285945073,1,1,0.153374233128834,0.304615384615385,1,0.897832817337461,1,0.321100917431193,0.206572769953052,0.676425269645609,1,1,1,1,1,0.277182235834609,0.306122448979592,1,0.114147909967846,0.0015748031496063,0.441176470588235,0,0.32753164556962,1,0.677115987460815,1,1,0.885625965996909,1,0.679447852760736,1,1,1,1
"618",0.705696202531646,0.687116564417178,0.690031152647975,0.670926517571885,0.692307692307692,0.691455696202532,0.990697674418605,0.681747269890796,0.686244204018547,0.413570274636511,0.683969465648855,0.357357357357357,0.4913112164297,0.682316118935837,0,0,0.379362670713202,1,0.666141732283465,0.694704049844237,0,0,0.677519379844961,0.479326186830015,0.686453576864536,0,0,0.665610142630745,0.685496183206107,0.479430379746835,0,0.422360248447205,0.63482280431433,0.00467289719626168,0.3328,0.689210950080515,0.851622874806801,0.679878048780488,0,0.685325264750378,0.996870109546166,1,1,0.667721518987342,0.679748822605965,0,0.0062015503875969,0,0,0,0.300462249614792,0.676328502415459,0,0.679245283018868,0.685015290519878,0.183229813664596,0.869362363919129,0.684542586750789,0.684931506849315,0.683881064162754,0.0062015503875969,0,0,0.993788819875776,0.687600644122383,0.686028257456829,0.343260188087774,0.672839506172839,0.385432473444613,0,0.677177177177177,0,0,0.722397476340694,0.836702954898911,0.681614349775785,0,0.00604229607250755,0.676380368098159,0,0.388625592417062,0,0,0.673780487804878,0,0.681203007518797,0.678233438485804,0.670788253477589,0.676056338028169,1,0.675039246467818,0.675635276532138,0.316279069767442,0.406542056074766,0.687203791469194,0.363496932515337,0.317484662576687,0.690184049079755,0.874801901743265,1,0.689335394126739,0.372274143302181,0,0.686305732484076,0,0.67906976744186,1,0.677621283255086,0,0,0,0.69431643625192,0.00459418070444104,0.674961119751166,0.790346907993967,0.690440060698027,0,0.616564417177914,0,0,0.798449612403101,0.68380062305296,0,0,0.671732522796353,0,0.679049034175334,0.680365296803653,0.62015503875969,0.228310502283105,0.68125,0,0.675548589341693,0.362146050670641,0.669871794871795,0,0.998461538461539,0,0.632237871674491,0.0988654781199352,0.413953488372093,0.393416927899687,0.688372093023256,0.669856459330144,0,0.681818181818182,0,0.696124031007752,0.505343511450382,0.678300455235205,0,0.693146417445483,0.681470137825421,0.67651632970451,0.667189952904239,0,0.690292758089368,0,0.554531490015361,0.666158536585366,0,0.678461538461538,0,0.399053627760252,0.6859375,0,0.6765625,0.679938744257274,0.666666666666667,0.0109034267912773,0.672333848531685,0,0.681181959564541,0,0.682769726247987,0,0.405819295558959,0.69478527607362,0.966292134831461,0.70253164556962,0.676335877862595,0,0.693146417445483,0.683385579937304,0.676783004552352,0.659409020217729,0,0,0.68088467614534,0.681181959564541,0,0,0.684210526315789,0.754601226993865,0.980509745127436,0.313479623824451,0,0.996955859969559,0.686363636363636,0,0.678288431061807,0.685975609756098,0.687595712098009,0.00303030303030303,0,0,0.674626865671642,0.681744749596123,0.682170542635659,0.314873417721519,0.695787831513261,0,0.658805031446541,0,0,0.543778801843318,0.673501577287066,0.681957186544342,0.675968992248062,0.696923076923077,0.678740157480315,0.358578052550232,0,0,0.682588597842835,0.995461422087746,0.678678678678679,0.682779456193353,0.681747269890796,0.687692307692308,0.699376947040498,0.678624813153961,0.306976744186047,0.627450980392157,0.686153846153846,0,0.68125,0,0.686453576864536,0.687010954616588,0.684292379471229,0.676190476190476,0.6875,0,0.669724770642202,0.203732503888025,0,0,0.00312989045383412,0,0,0.0946372239747634,0,0,0,0.685325264750378,0,0.67524115755627,1,0,0.609494640122512,0,0.679186228482003,0.68025078369906,0.685758513931889,0.575663026521061,0,0.677811550151976,0,0,0,0,1,0.684542586750789,0,0,0.67906976744186,0,0.678843226788432,0,0,0.687898089171974,0.679365079365079,0.698289269051322,0.843076923076923,0.670295489891135,1,0.397881996974281,0,0.674772036474164,0.679365079365079,0.409509202453988,0,0,0.675762439807384,0.667716535433071,0,0.348580441640379,0.303738317757009,0.699844479004666,0.6848,0.00775193798449612,0.674884437596302,0.695324283559578,0,0.686335403726708,0.691717791411043,0,0.687106918238994,0.679127725856698,0.686544342507645,0.685847589424572,0,0,0,0.691717791411043,0.670295489891135,0.992412746585736,0.00933125972006221,0.667711598746082,0,0,0.690909090909091,0.672281776416539,0.694992412746586,0.689167974882261,0.682588597842835,0,0.688575899843505,0.6875,0.409810126582278,0,0.156494522691706,0,1,0,0.678733031674208,0,0,0.574045801526718,0.00153846153846154,0.6796875,0,0.686244204018547,0.698142414860681,0.681114551083591,0,0,0.682515337423313,0.60828025477707,0.381475667189953,0.692675159235669,0,0,0,0.676609105180534,0,0.791601866251944,0,0,0,0,0.673282442748092,0,0.682615629984051,0.668730650154799,0.319875776397516,0.693290734824281,0,0.676056338028169,0.680241327300151,0.68370607028754,0,0.690658499234303,0,0.681749622926094,0.527863777089783,0.678071539657854,0.677165354330709,0.688449848024316,0,0.679365079365079,0.69375,0,0,0.683563748079877,0.68348623853211,0,0.516030534351145,0.686520376175549,0.671274961597542,0.669218989280245,0.31937984496124,0,0.698412698412698,0,0.569206842923795,0.685446009389671,1,0.11890243902439,0.682965299684543,0.680124223602484,1,0.968944099378882,0.0201550387596899,0.690993788819876,0,0.689274447949527,0.685303514376997,0,0.670769230769231,0.684044233807267,0.334370139968896,0,0.677067082683307,0.679304897314376,0,0.690880989180835,0.696629213483146,0,0.653726708074534,0.679626749611198,0.683563748079877,0.666666666666667,0.197549770290965,0,0.0141509433962264,0,0,0.998459167950693,0,0.00618238021638331,0,0.569444444444444,0.00313971742543171,0.69478527607362,0.00758725341426404,0.6703125,0.00467289719626168,0.385885885885886,0.378254211332312,0.682706766917293,0.692889561270802,0.355182926829268,0.683870967741935,1,0.366718027734977,0.31832298136646,0.680555555555556,0.998459167950693,0.683076923076923,0.692780337941628,0.224842767295597,0.676783004552352,0.311349693251534,0.398073836276083,0.679186228482003,0.6797583081571,0.694573643410853,0,0.970326409495549,1,0.684698608964451,0.669767441860465,0.671779141104294,0,0.660436137071651,0.675507020280811,0,0.685670261941448,0.062015503875969,0.416139240506329,0,0,0.00821018062397373,0.678407350689127,0.3928035982009,0.680241327300151,0.682539682539683,0.684458398744113,0.56989247311828,0,0.686064318529862,0,0.673170731707317,0.679873217115689,0,0.683881064162754,0,0.673946957878315,0,0,0.67651632970451,1,0,0.674454828660436,0,0.421947449768161,0,0.491628614916286,0,0.439178515007899,0,0.682464454976303,0,0,0,0.689922480620155,0.678233438485804,0.681203007518797,0.647435897435897,0.658653846153846,0.695517774343122,0,0.674418604651163,0,0,0.675465838509317,0.67879746835443,0.685887708649469,0.616822429906542,0.676380368098159,0,0,0.665644171779141,0.675675675675676,0.36687306501548,0.405320813771518,0.686635944700461,0.682737169517885,0,0.693251533742331,0.683641975308642,0.0062111801242236,0.691693290734824,0.69478527607362,1,0.853474320241692,0.684292379471229,0.320300751879699,0.688751926040062,0.675840978593272,0.390243902439024,0.00309597523219814,0.691573926868045,0,0.681047765793529,0.6453125,0.68266253869969,0.529680365296804,0.686153846153846,0,0.681747269890796,0.675,0.672955974842767,0.308623298033283,0,0.675118858954041,0.680851063829787,1,0.673312883435583,0.00155038759689922,0.0458015267175573,0,0.680685358255452,0.678571428571429,0.6801872074883,0.403641881638847,0,0.401574803149606,0.670261941448382,0,0,0.0353846153846154,0.319182389937107,0.674454828660436,0.640062597809077,0.676923076923077,0.684049079754601,0,0,0.475155279503106,0.368670886075949,0,0,0.00152905198776758,0.308441558441558,0,0.675265553869499,0.320433436532508,0,0.675968992248062,0.677621283255086,0.674961119751166,0.00305343511450382,0,0.355305466237942,0.678461538461538,0,0,0.669195751138088,0.685758513931889,0.00155763239875389,1,0.688575899843505,0.68895800933126,0.993740219092332,0.689127105666156,0,0.690208667736758,0,0.845220030349014,1,0.0818181818181818,0.672281776416539,0,0,1,0.998459167950693,0.675384615384615,0,0.689381933438986,0.00302114803625378,0.693270735524257,0,0,0.0356037151702786,0.221879815100154,0,0,0.9953125,0,0.464342313787639,0.670866141732283,0.323170731707317,0.674418604651163,0,0.689547581903276,0.327044025157233,0,0,0.680124223602484,0.37370753323486,0.670769230769231,0.39873417721519,0.0266875981161695,0.670347003154574,0.395348837209302,0.987596899224806,0.688854489164087,0.675968992248062,0.677914110429448,0,0.361027190332326,0.699088145896657,0.110591900311526,0.411392405063291,0.0321100917431193,0,0,0.687598116169545,0.662974683544304,0.686305732484076,0.686064318529862,0.688271604938272,0.384155455904335,0.694277108433735,1,0.324404761904762,0.00155038759689922,0.672360248447205,0.69620253164557,0.686708860759494,0.68348623853211,0.3843797856049,0,0.664133738601824,0.672281776416539,0.668253968253968,0.683544303797468,0.687692307692308,0.686614173228347,0.803053435114504,0.320754716981132,0.683153013910355,0.399696048632219,0,0.7515625,0.68062015503876,0.0808709175738725,0,0,0.688271604938272,0.360681114551084,0,0.68558282208589,0.693146417445483,0.0423861852433281,0,0,0.0031496062992126,0.676783004552352,0,0,0.0924764890282132,0,0.653495440729483,0,0.402866242038217,0,0.333333333333333,0.6890625,0.38810641627543,0,0,0.0078003120124805,0.668693009118541,0.675344563552833,0.67304625199362,0.680491551459293,0.678972712680578,0.679186228482003,0.014218009478673,0.680241327300151,0,0,0.285493827160494,1,0.684615384615385,0.680555555555556,0.319634703196347,0,0.419656786271451,0.672754946727549,0.350931677018634,0.690402476780186,0.67981072555205,0,0.6859375,0.686274509803922,0.305511811023622,0.0758064516129032,0.67741935483871,0.391509433962264,0.411949685534591,0.674454828660436,0.679365079365079,0.699236641221374,0.398148148148148,0.318818040435459,0,0.10260336906585,0,0.328313253012048,0.00313971742543171,0.4,0.684952978056426,0.671451355661882,0,0,0.566358024691358,0.00792393026941363,0.00308641975308642,0,0.68075117370892,0.670278637770898,0,0.684053651266766,0.315467075038285,0.666153846153846,0.53416149068323,0.694006309148265,1,0.694063926940639,0,0,0.394817073170732,0.998466257668712,0.666666666666667,0.675548589341693,0.910077519379845,0.587761674718196,0,0,0.685496183206107,0,0.575663026521061,0,0.669161676646707,0.404287901990812,0.679566563467492,0.684458398744113,0,1,0,0.691935483870968,0.677884615384615,0,0,0,0.545741324921136,0,0.681114551083591,0.38391502276176,0.675883256528418,0.6736,0.998475609756098,0.956656346749226,0,0.37904468412943,0,0.672281776416539,0.662358642972536,0,0,0.821812596006144,0.685670261941448,0,0.0900763358778626,0,0.682926829268293,0.794071762870515,0.33179012345679,0,0,0,0,0,0.720543806646526,0.697996918335901,0,0.876404494382023,0.998430141287284,0.551459293394777,1,0.677115987460815,0,0.326625386996904,0,0,0.10061919504644,0,0.320726172465961,0,0,0,0
"619",0.692307692307692,0.672754946727549,0.670278637770898,0.652647975077882,0.675840978593272,0.677018633540373,0.9859375,0.668769716088328,0.672811059907834,0.447784810126582,0.670731707317073,0.377300613496933,0.472307692307692,0.669724770642202,0.0015552099533437,0.00154798761609907,0.392966360856269,1,0.665086887835703,0.673879443585781,0.00155038759689922,0.00157728706624606,0.663677130044843,0.498480243161094,0.678733031674208,0.00152671755725191,0.0015625,0.65251572327044,0.675757575757576,0.452950558213716,0.00153139356814701,0.397280966767372,0.620426829268293,0.00465116279069767,0.345679012345679,0.670418006430868,0.87211093990755,0.670694864048338,0.0014903129657228,0.6797583081571,1,0.998470948012232,0.998487140695915,0.661514683153014,0.674015748031496,0,0.0031201248049922,0.0014903129657228,0.00151515151515152,0.00151745068285281,0.325688073394495,0.658307210031348,0.00151745068285281,0.665130568356375,0.675840978593272,0.177570093457944,0.885802469135803,0.666146645865835,0.669218989280245,0.668202764976959,0.0060882800608828,0,0,0.996860282574568,0.669826224328594,0.670245398773006,0.362654320987654,0.663076923076923,0.402694610778443,0,0.663594470046083,0.00154083204930663,0.00155763239875389,0.699059561128527,0.843939393939394,0.671091445427729,0.00151515151515152,0.00609756097560976,0.660606060606061,0.00158730158730159,0.423510466988728,0.00156494522691706,0.00153609831029186,0.660633484162896,0.00154083204930663,0.664179104477612,0.672307692307692,0.662100456621005,0.669278996865204,1,0.664596273291925,0.658246656760773,0.324734446130501,0.428139183055976,0.675344563552833,0.378539493293592,0.336890243902439,0.670731707317073,0.889423076923077,0.998444790046656,0.68,0.392912172573189,0.00154798761609907,0.670347003154574,0.00156739811912226,0.667711598746082,0.998461538461539,0.666156202143951,0.00154320987654321,0.00154083204930663,0.00150829562594268,0.679566563467492,0.00152439024390244,0.664615384615385,0.809741248097412,0.683357879234168,0,0.63969465648855,0,0.0015527950310559,0.812213740458015,0.674846625766871,0.00150829562594268,0,0.653495440729483,0.00153139356814701,0.670553935860058,0.672205438066465,0.653188180404355,0.230538922155689,0.665094339622642,0.00154083204930663,0.660964230171073,0.375558867362146,0.654574132492114,0.00151515151515152,1,0,0.606153846153846,0.118780096308186,0.436923076923077,0.423780487804878,0.675384615384615,0.665605095541401,0.00153609831029186,0.673780487804878,0.0015015015015015,0.689708141321045,0.481927710843373,0.669172932330827,0,0.67530487804878,0.665116279069767,0.667189952904239,0.666144200626959,0,0.680124223602484,0.0015625,0.578386605783866,0.661094224924012,0.00153374233128834,0.665676077265973,0.00153609831029186,0.422360248447205,0.666144200626959,0.00156739811912226,0.667177914110429,0.670676691729323,0.655963302752294,0.0106544901065449,0.661585365853659,0,0.664576802507837,0.0015600624024961,0.66984126984127,0.00154320987654321,0.418960244648318,0.690880989180835,0.973101265822785,0.691813804173355,0.672782874617737,0.00154559505409583,0.684615384615385,0.671732522796353,0.670713201820941,0.660030627871363,0.00155038759689922,0,0.669278996865204,0.657770800627943,0.00152671755725191,0.00155763239875389,0.664605873261206,0.770992366412214,0.982169390787519,0.323170731707317,0.0015220700152207,1,0.67420814479638,0.00151745068285281,0.66510172143975,0.675226586102719,0.673343605546995,0.00453172205438067,0.0015220700152207,0.00156739811912226,0.657657657657658,0.665079365079365,0.672727272727273,0.333853354134165,0.684049079754601,0.00156494522691706,0.649847094801223,0.00154559505409583,0.0015527950310559,0.565809379727685,0.664086687306502,0.668693009118541,0.662557781201849,0.68,0.667185069984448,0.371340523882897,0.00153139356814701,0.00150602409638554,0.675265553869499,0.996955859969559,0.665165165165165,0.672131147540984,0.667692307692308,0.680365296803653,0.68266253869969,0.66965620328849,0.317484662576687,0.650914634146341,0.683409436834094,0.00158227848101266,0.659476117103236,0,0.675716440422323,0.687306501547988,0.671232876712329,0.658841940532081,0.675548589341693,0.00153609831029186,0.672699849170437,0.194144838212635,0.00152671755725191,0.0014903129657228,0,0,0.0015600624024961,0.107594936708861,0.00153609831029186,0,0.00153609831029186,0.665653495440729,0.00154083204930663,0.670382165605096,0.998525073746313,0.00153846153846154,0.631818181818182,0,0.666666666666667,0.665137614678899,0.670826833073323,0.590417310664606,0.00153846153846154,0.664605873261206,0.00157232704402516,0.00149925037481259,0,0.00151975683890578,0.998466257668712,0.677914110429448,0.00152439024390244,0,0.657975460122699,0.0015552099533437,0.670676691729323,0.0015015015015015,0.00154083204930663,0.678125,0.661442006269592,0.688751926040062,0.857142857142857,0.651090342679128,0.998480243161094,0.42684766214178,0.00154798761609907,0.666156202143951,0.665109034267913,0.436281859070465,0.00151975683890578,0.0015625,0.657097288676236,0.661466458658346,0.00153846153846154,0.350769230769231,0.317757009345794,0.685358255451713,0.668224299065421,0.00447093889716841,0.657935285053929,0.681481481481481,0.00151057401812689,0.673343605546995,0.68030303030303,0.00153139356814701,0.678018575851393,0.666160849772382,0.668202764976959,0.670245398773006,0.00155038759689922,0.00150829562594268,0,0.678071539657854,0.666146645865835,0.990963855421687,0.0062015503875969,0.662974683544304,0,0.0015552099533437,0.670229007633588,0.659159159159159,0.682515337423313,0.67244094488189,0.67427701674277,0.00153374233128834,0.677018633540373,0.67906976744186,0.446875,0,0.160550458715596,0.00155038759689922,1,0.0015015015015015,0.661698956780924,0.0015625,0.00152905198776758,0.592649310872894,0.00154083204930663,0.671339563862928,0.00148809523809524,0.6796875,0.683641975308642,0.670731707317073,0.00153139356814701,0.00149925037481259,0.665151515151515,0.580952380952381,0.399046104928458,0.675465838509317,0,0.00154559505409583,0.00154320987654321,0.66031746031746,0,0.808734939759036,0.00151975683890578,0.00153139356814701,0.0015625,0,0.662121212121212,0.0015600624024961,0.673566878980892,0.648902821316614,0.336923076923077,0.683962264150943,0.00153374233128834,0.665671641791045,0.668174962292609,0.66984126984127,0.00154083204930663,0.684210526315789,0.00156985871271586,0.660179640718563,0.504601226993865,0.66156202143951,0.662440570522979,0.666153846153846,0.00152905198776758,0.668224299065421,0.684782608695652,0.00153846153846154,0.00153374233128834,0.660060975609756,0.677067082683307,0.00152671755725191,0.533333333333333,0.671317829457364,0.662037037037037,0.662632375189107,0.328267477203647,0.00154320987654321,0.691455696202532,0.00153374233128834,0.598130841121495,0.681181959564541,0.998496240601504,0.113943028485757,0.670347003154574,0.667177914110429,1,0.967642526964561,0.0170015455950541,0.668730650154799,0.00151975683890578,0.679127725856698,0.674565560821485,0.00155038759689922,0.658054711246201,0.670886075949367,0.344615384615385,0,0.665137614678899,0.664086687306502,0,0.672256097560976,0.679873217115689,0,0.673813169984686,0.676656151419558,0.662141779788839,0.6578125,0.191489361702128,0.00153374233128834,0.021671826625387,0.00147275405007364,0.00152439024390244,1,0.00151975683890578,0.0062015503875969,0.00150829562594268,0.579268292682927,0.00308641975308642,0.681818181818182,0.00605143721633888,0.662557781201849,0.00306278713629403,0.41037037037037,0.387724550898204,0.663650075414781,0.67218045112782,0.369397217928903,0.667197452229299,0.998491704374057,0.38,0.332293291731669,0.669195751138088,1,0.672811059907834,0.681887366818874,0.230293663060278,0.662058371735791,0.328767123287671,0.418789808917197,0.671296296296296,0.665158371040724,0.681957186544342,0,0.980854197349043,0.998384491114701,0.667173252279635,0.663594470046083,0.654490106544901,0.00153609831029186,0.68,0.673252279635258,0.00154559505409583,0.683563748079877,0.0519083969465649,0.443410852713178,0,0.00149925037481259,0.00810372771474878,0.668665667166417,0.411229135053111,0.667166416791604,0.670967741935484,0.670196671709531,0.592481203007519,0.0015527950310559,0.672333848531685,0.00156739811912226,0.66875,0.673501577287066,0,0.669811320754717,0.00148809523809524,0.660493827160494,0,0.0015527950310559,0.668730650154799,1,0.0014792899408284,0.664634146341463,0,0.425499231950845,0,0.510670731707317,0.00149925037481259,0.423255813953488,0.00157977883096367,0.669316375198728,0.00154083204930663,0,0.00152671755725191,0.676425269645609,0.667189952904239,0.674140508221226,0.644094488188976,0.682464454976303,0.675425038639876,0.00158730158730159,0.664098613251156,0.00159235668789809,0,0.66,0.658423493044822,0.668693009118541,0.597875569044006,0.662721893491124,0,0.00154083204930663,0.662058371735791,0.663026521060842,0.383886255924171,0.421705426356589,0.670807453416149,0.669278996865204,0.00157232704402516,0.680061823802164,0.672645739910314,0.0061633281972265,0.68075117370892,0.680491551459293,0.998496240601504,0.870149253731343,0.672897196261682,0.33134328358209,0.675384615384615,0.668702290076336,0.41969696969697,0.00464396284829721,0.673913043478261,0.00154559505409583,0.673312883435583,0.639876352395672,0.670278637770898,0.506870229007634,0.673374613003096,0,0.660091047040971,0.66304347826087,0.663551401869159,0.326347305389222,0.00158227848101266,0.665625,0.668181818181818,1,0.660091047040971,0.0015527950310559,0.0446153846153846,0.00151745068285281,0.676691729323308,0.660578386605784,0.673913043478261,0.427272727272727,0.00156494522691706,0.417445482866044,0.655172413793103,0,0.00150829562594268,0.0276497695852535,0.342146189735614,0.655063291139241,0.628614916286149,0.665648854961832,0.670196671709531,0.0015600624024961,0.0015220700152207,0.496111975116641,0.386645962732919,0.00153846153846154,0.0015527950310559,0.00152671755725191,0.328197226502311,0.00154559505409583,0.650817236255572,0.330246913580247,0.00149925037481259,0.668683812405446,0.66407465007776,0.670261941448382,0.00305343511450382,0.00151745068285281,0.36624203821656,0.658499234303216,0.0015600624024961,0.00152439024390244,0.659021406727829,0.671732522796353,0.00154083204930663,0.9984,0.675465838509317,0.678516228748068,0.995319812792512,0.671191553544495,0.00151515151515152,0.681318681318681,0.00153139356814701,0.86412213740458,0.998487140695915,0.0989505247376312,0.65284178187404,0.0015015015015015,0.00151285930408472,0.998459167950693,1,0.663125948406677,0.00153139356814701,0.674565560821485,0,0.675590551181102,0.0015527950310559,0.00312989045383412,0.0307219662058372,0.22782874617737,0.00156985871271586,0.00156739811912226,0.99537037037037,0.00151745068285281,0.508771929824561,0.663109756097561,0.337367624810893,0.660060975609756,0.00155763239875389,0.683076923076923,0.335403726708075,0,0.00156494522691706,0.671383647798742,0.396170839469809,0.65891472868217,0.427692307692308,0.0259938837920489,0.654434250764526,0.407012195121951,0.989247311827957,0.674382716049383,0.666666666666667,0.667175572519084,0.00156739811912226,0.384615384615385,0.673163418290855,0.111620795107034,0.421052631578947,0.0301204819277108,0.0015015015015015,0,0.671802773497689,0.650621118012422,0.676970633693972,0.67629179331307,0.671274961597542,0.392070484581498,0.677862595419847,0.998463901689708,0.333819241982507,0.00151057401812689,0.662595419847328,0.67601246105919,0.672897196261682,0.66015037593985,0.415007656967841,0.00150375939849624,0.655120481927711,0.654263565891473,0.653846153846154,0.660030627871363,0.672782874617737,0.671339563862928,0.815037593984962,0.335423197492163,0.670245398773006,0.420333839150228,0.00153846153846154,0.765957446808511,0.671296296296296,0.0706436420722135,0.00159235668789809,0.00153609831029186,0.674846625766871,0.377300613496933,0,0.673312883435583,0.68503937007874,0.0440944881889764,0,0.00154320987654321,0.00156985871271586,0.668702290076336,0,0.00152905198776758,0.105182926829268,0.00153846153846154,0.637329286798179,0.00148809523809524,0.416666666666667,0,0.339820359281437,0.675425038639876,0.414110429447853,0.00157232704402516,0.00153374233128834,0.0078125,0.662079510703364,0.654907975460123,0.658767772511848,0.668702290076336,0.661904761904762,0.662519440124417,0.0156494522691706,0.674382716049383,0.00151285930408472,0,0.282874617737003,1,0.667175572519084,0.669195751138088,0.329341317365269,0.00148588410104012,0.45565749235474,0.657616892911011,0.371951219512195,0.681470137825421,0.660406885758998,0.00156494522691706,0.666141732283465,0.670947030497592,0.30568356374808,0.097444089456869,0.656760772659733,0.411764705882353,0.438080495356037,0.66412213740458,0.66,0.686544342507645,0.421613394216134,0.332312404287902,0,0.105828220858896,0.00151745068285281,0.344827586206897,0.0015552099533437,0.421216848673947,0.670261941448382,0.666666666666667,0.00150602409638554,0.00151975683890578,0.574468085106383,0.00473186119873817,0.00303490136570561,0.00151975683890578,0.675968992248062,0.662100456621005,0.00156985871271586,0.674041297935103,0.332307692307692,0.658423493044822,0.554347826086957,0.686728395061728,0.998470948012232,0.667682926829268,0,0.00160513643659711,0.424242424242424,1,0.662058371735791,0.666666666666667,0.894245723172628,0.5792,0.00156739811912226,0,0.673813169984686,0.00155763239875389,0.599078341013825,0.00158982511923688,0.665185185185185,0.430955993930197,0.666156202143951,0.667701863354037,0,1,0.00157977883096367,0.679748822605965,0.667692307692308,0.00152439024390244,0.00152439024390244,0.00149476831091181,0.545031055900621,0.00157232704402516,0.665639445300462,0.393939393939394,0.655913978494624,0.664586583463339,1,0.964230171073095,0.0016025641025641,0.386748844375963,0.00154798761609907,0.660030627871363,0.663026521060842,0,0.00153846153846154,0.846036585365854,0.672754946727549,0.00153139356814701,0.101382488479263,0.00150829562594268,0.662632375189107,0.80952380952381,0.341945288753799,0,0.00149476831091181,0.00157977883096367,0.00155763239875389,0.00147275405007364,0.705705705705706,0.683229813664596,0,0.892744479495268,1,0.566009104704097,0.998394863563403,0.658461538461538,0.00154320987654321,0.331259720062208,0.00153374233128834,0.00152439024390244,0.114803625377644,0,0.330781010719755,0.00153846153846154,0.0015600624024961,0.00155763239875389,0.00153846153846154
"620",1,1,1,1,1,1,0.702060221870048,1,1,0.0950080515297907,1,0.0401854714064915,0.815457413249211,1,0.3264,0.305164319248826,0.0613496932515337,0.681159420289855,1,1,0.305084745762712,0.311605723370429,1,0.14797507788162,1,0.330769230769231,0.3248,1,1,0.788461538461538,0.318818040435459,0.737654320987654,0.962441314553991,0.31875,0,1,0.53323029366306,1,0.302114803625378,1,0.657276995305164,0.674454828660436,0.683641975308642,1,1,0.322784810126582,0.322834645669291,0.319938176197836,0.325581395348837,0.339009287925697,0,1,0.323216995447648,1,1,0.499217527386541,0.555732484076433,1,1,1,0.333843797856049,0.321981424148607,0.323854660347551,0.675118858954041,1,1,0.032967032967033,1,0.0552238805970149,0.328220858895706,1,0.321592649310873,0.333868378812199,0.968051118210863,0.504658385093168,1,0.320433436532508,0.342064714946071,1,0.328525641025641,0.0878594249201278,0.324921135646688,0.333333333333333,1,0.338983050847458,1,1,1,1,0.684867394695788,1,1,0.00155038759689922,0.101382488479263,1,0.039453717754173,0,1,0.554098360655738,0.669341894060995,1,0.0476947535771065,0.325,1,0.316957210776545,1,0.6765625,1,0.320695102685624,0.332293291731669,0.327188940092166,1,0.322981366459627,1,0.483771251931994,1,0.324960753532182,0.296124031007752,0.327718223583461,0.320813771517997,0.471786833855799,0.998422712933754,0.324074074074074,0.322632423756019,1,0.312307692307692,1,1,0.323029366306028,0.544901065449011,1,0.3140625,1,0.0381679389312977,1,0.318885448916409,0.66875,0.331768388106416,0.936608557844691,0.4336,0.0977917981072555,0.0889235569422777,1,1,0.332807570977918,1,0.323262839879154,1,0.811059907834101,1,0.333333333333333,1,1,1,1,0.340694006309148,1,0.334928229665072,0.248447204968944,1,0.316998468606432,1,0.30503144654088,0.0804953560371517,1,0.313084112149533,1,1,1,0.342105263157895,1,0.328660436137072,1,0.315047021943574,1,0.321543408360129,0.0666666666666667,1,0.633870967741936,1,1,0.32,1,1,1,1,0.328660436137072,0.318461538461538,1,0.9984375,0.32348367029549,0.307814992025518,1,0.43613707165109,0.66969696969697,0,0.325471698113208,0.672386895475819,1,0.319875776397516,1,0.998459167950693,1,0.31832298136646,0.326219512195122,0.332263242375602,1,1,1,0,1,0.317965023847377,0.970724191063174,0.3265625,0.321372854914197,0.747678018575851,1,1,1,1,1,0.0390625,0.324367088607595,0.329721362229102,1,0.673282442748092,1,1,1,0.998447204968944,1,1,0.0031055900621118,0.310291858678955,1,0.3125,1,0.306853582554517,1,1,1,1,1,0.326530612244898,1,0.514240506329114,0.333333333333333,0.333333333333333,0.317683881064163,0.324881141045959,0.338050314465409,0.417197452229299,0.338557993730408,0.320373250388802,0.314641744548287,1,0.333848531684699,1,0.677862595419847,0.321875,0.306748466257669,0.337641357027464,1,1,1,0.251184834123223,0.317262830482115,1,0.320634920634921,0.332826747720365,0.316037735849057,0.322085889570552,0.679186228482003,1,0.334346504559271,0.324409448818898,1,0.305111821086262,1,0.315950920245399,0.328149300155521,1,1,1,0.533751962323391,1,0.682515337423313,0.0776255707762557,0.330757341576507,1,1,0.089622641509434,0.327131782945736,0.3312,1,1,0.308411214953271,0.0267295597484277,0.0015527950310559,1,1,0.340978593272171,0.9984375,1,0.317901234567901,1,1,0.3234375,1,1,1,1,0.3296875,0.32375189107413,0.344660194174757,1,1,0.662595419847328,0.328125,1,0.324574961360124,0.303317535545024,1,1,0.998439937597504,1,1,0.327102803738318,1,1,0.105678233438486,0.337899543378995,0.490683229813665,0.310236220472441,0.669796557120501,0.320872274143302,1,0.315047021943574,0.336492890995261,0.253435114503817,0.328173374613003,1,0.328313253012048,1,1,1,0.316118935837246,0.327217125382263,0.998447204968944,0.93217665615142,0.0544871794871795,1,0.325115562403698,0.323809523809524,0.312202852614897,1,0.333843797856049,0.470496894409938,0.327073552425665,0.309262166405024,0.322632423756019,0.3168,1,0.324921135646688,1,1,0,1,0.324451410658307,1,1,1,0.333333333333333,1,0.32484076433121,1,0.849144634525661,1,1,1,0.327613104524181,1,1,0.322884012539185,0.320813771517997,1,1,0.318681318681319,0.190184049079755,1,0.998442367601246,1,0,0.312302839116719,1,0.313271604938272,0.2421875,1,0.672333848531685,0.43993993993994,1,1,0.674591381872214,0.699059561128527,0.348909657320872,1,0.324451410658307,1,1,0.341653666146646,1,0.998417721518987,0.0061633281972265,0.333855799373041,1,1,0.322632423756019,1,1,0.313084112149533,0.329153605015674,1,1,1,0.5390625,0.315625,0.344827586206897,0.33034379671151,0.341732283464567,0.689167974882261,0.329173166926677,0.330232558139535,0.31839258114374,0.236133122028526,0.315286624203822,1,0.332822085889571,0.998430141287284,0.324074074074074,0.0816944024205749,0.0444104134762634,1,1,0.0358255451713396,1,0.671253822629969,0.0367534456355283,0.0109375,1,0.675968992248062,1,1,0.549206349206349,1,0,0.0681458003169572,1,1,1,0.331738437001595,0.646176911544228,0.683441558441558,0.995334370139969,1,0.983050847457627,0.304821150855365,0.331259720062208,1,0.311216429699842,1,0.374608150470219,0.100638977635783,0.309968847352025,0.324283559577677,0.346218487394958,1,0.0706605222734255,1,1,1,0.251524390243902,0.330128205128205,1,0.326530612244898,1,1,0.312210200927357,1,0.322775263951735,1,0.31637519872814,0.326984126984127,1,0.675078864353312,0.321699544764795,1,0.315789473684211,0.767550702028081,0.323216995447648,0.147919876733436,0.321212121212121,0.773584905660377,0.312399355877617,1,0.333333333333333,0.344186046511628,0.293394777265745,1,1,1,0.974151857835218,0.337096774193548,1,0.33063209076175,1,0.324675324675325,0.324242424242424,1,1,1,0.9203125,1,0.310769230769231,0.326153846153846,1,1,0.0462519936204147,0.0737833594976452,1,1,0.318910256410256,1,1,0.318681318681319,1,1,0.671875,0.524539877300613,1,0,1,1,0.0939907550077042,0.33489827856025,1,0.327102803738318,0.998439937597504,0.967032967032967,0.998435054773083,0.833846153846154,1,0.33868378812199,1,1,1,0,0.304347826086957,1,1,0.666141732283465,1,0.326594090202177,0.369327073552426,0.328746177370031,1,1,1,0.0851393188854489,0.324960753532182,0.0796178343949045,0.998432601880878,0.314728682170543,0.318461538461538,0.361370716510903,0,1,0.960998439937597,1,1,0.325,0.30781010719755,0.149920255183413,0.0365079365079365,0.323899371069182,0.317901234567901,0.332307692307692,0.00158982511923688,0.314641744548287,1,0,0.315707620528771,1,1,1,0.325038880248834,0.331811263318113,0.0309951060358891,1,0.314814814814815,0.305936073059361,1,1,0.328660436137072,0.689822294022617,1,1,0.691943127962085,1,0.320668693009119,1,0.326530612244898,0.52803738317757,0.662613981762918,0.413273001508296,1,0.305471124620061,0.325545171339564,0.675384615384615,0.663125948406677,1,0.332307692307692,1,0.329787234042553,1,0.322327044025157,0.31974921630094,0.357142857142857,0.520186335403727,0.321259842519685,0.3184,0.655172413793103,0.323076923076923,0.140776699029126,1,0,1,0.302066772655008,1,0,0.323296354992076,0.317384370015949,1,0.0483383685800604,1,0.083596214511041,0.34181240063593,1,0.0559875583203732,0.666666666666667,1,1,1,0.310789049919485,0.0340557275541796,1,0.433489827856025,0.0894819466248038,0.361573373676248,0.330275229357798,0.33179012345679,1,1,1,1,1,0.0594512195121951,0.99537750385208,0.677018633540373,0.00300751879699248,0.326625386996904,1,1,1,1,0.0858895705521472,0.3125,1,1,1,1,1,1,0.477862595419847,0.00160513643659711,1,0.0743034055727554,0.328125,0.430141287284144,1,0.393364928909953,0.312803889789303,0.315870570107858,1,0.0354391371340524,0.331811263318113,1,1,0.377179080824089,0.31733746130031,0.318681318681319,0.326498422712934,0.998459167950693,0.327044025157233,0.322981366459627,0.420722135007849,0.329133858267717,0.976744186046512,0.315151515151515,0.0754414125200642,0.335403726708075,0,1,0.0834645669291339,0.310236220472441,0.32018927444795,0.321316614420063,1,1,1,1,1,1,0.334920634920635,1,0.327639751552795,0.327150084317032,0.599078341013825,0.673534072900158,1,1,0,0.325227963525836,0.105015673981191,0.998487140695915,0.031201248049922,1,1,0.325320512820513,1,1,0.612954186413902,0.419512195121951,0.995529061102832,0.0731319554848967,0.0940988835725678,1,1,1,0.0826833073322933,0,0.324492979719189,0.428794992175274,0.322775263951735,0,0.32753164556962,0.0814696485623003,1,1,0.326687116564417,0.330757341576507,0.239263803680982,0.342313787638669,0.323029366306028,0.325115562403698,1,1,0.33489827856025,1,0,1,0.218210361067504,1,0.673374613003096,1,0.3198127925117,0.321144674085851,0.0683229813664596,0.671802773497689,1,1,0.780063291139241,0.900990099009901,0.320574162679426,0.321656050955414,1,0.318818040435459,0.248826291079812,0.331723027375201,1,0.0921875,1,1,0.326656394453005,0.674679487179487,0.3125,1,1,0.319508448540707,0.307098765432099,0.326251896813354,0.85214626391097,0.320574162679426,1,0.050381679389313,1,1,0.688271604938272,0.650943396226415,0.327447833065811,0.0490045941807044,0.328548644338118,1,1,0.319488817891374,0.337539432176656,0.62111801242236,1,0.315629742033384,0.370199692780338,0.313178294573643,0.983180428134557,0.46656050955414,0.00309597523219814,0.308049535603715,0.329305135951662,0.335453100158982,0.320063694267516,0.320182094081942,0.967840735068913,1,0.319508448540707,0.542949756888169,0.670866141732283,0.231974921630094,0.680395387149918,1,0.3234375,0.00313479623824451,0.332293291731669,0.312597200622084,0.372881355932203,0.323854660347551,0,0.337984496124031,0.326433121019108,0.33122028526149,0.322932917316693
"621",0.303174603174603,0.318681318681319,0.316923076923077,0.331240188383046,0.322530864197531,0.309486780715397,0.00634920634920635,0.317757009345794,0.318952234206472,0.573505654281099,0.319571865443425,0.630769230769231,0.516535433070866,0.332293291731669,1,1,0.617511520737327,0,0.32967032967033,0.311349693251534,1,1,0.327718223583461,0.514592933947773,0.307926829268293,1,1,0.338658146964856,0.31859756097561,0.530805687203792,1,0.603658536585366,0.368827160493827,0.995334370139969,0.661466458658346,0.311290322580645,0.133738601823708,0.329249617151608,1,0.312210200927357,0.0031104199066874,0,0,0.331230283911672,0.322274881516588,1,0.995305164319249,1,1,1,0.691131498470948,0.332293291731669,1,0.324574961360124,0.319083969465649,0.831230283911672,0.118022328548644,0.327073552425665,0.318042813455657,0.331230283911672,0.992343032159265,1,1,0.00470957613814757,0.31496062992126,0.324655436447167,0.6515625,0.328125,0.609090909090909,1,0.323076923076923,1,1,0.28436018957346,0.15668202764977,0.32375189107413,1,0.995454545454545,0.323076923076923,1,0.60062893081761,1,1,0.322085889570552,1,0.324283559577677,0.324615384615385,0.335394126738794,0.325471698113208,0,0.32967032967033,0.334341906202723,0.683641975308642,0.58179012345679,0.313880126182965,0.632776934749621,0.676470588235294,0.310291858678955,0.1152,0,0.312883435582822,0.621664050235479,1,0.317111459968603,1,0.322932917316693,0,0.320987654320988,1,1,1,0.312111801242236,0.995412844036697,0.326687116564417,0.1996996996997,0.305847076461769,1,0.377300613496933,1,1,0.202492211838006,0.310872894333844,1,1,0.338905775075988,1,0.322962962962963,0.31547619047619,0.366153846153846,0.768181818181818,0.32182103610675,1,0.326018808777429,0.632440476190476,0.339116719242902,1,0.00153374233128834,1,0.372670807453416,0.895161290322581,0.579277864992151,0.594470046082949,0.322085889570552,0.322222222222222,1,0.32,1,0.309262166405024,0.502304147465438,0.32185628742515,1,0.312307692307692,0.316692667706708,0.327639751552795,0.324451410658307,1,0.316358024691358,1,0.437116564417178,0.327743902439024,1,0.327272727272727,1,0.590764331210191,0.323899371069182,1,0.328638497652582,0.317411402157165,0.330721003134796,0.987767584097859,0.336923076923077,1,0.323854660347551,1,0.319870759289176,1,0.587596899224806,0.302469135802469,0.0319488817891374,0.307086614173228,0.325077399380805,1,0.307332293291732,0.326625386996904,0.323170731707317,0.331782945736434,1,1,0.326465927099842,0.326120556414219,1,1,0.328197226502311,0.240566037735849,0.0206794682422452,0.683881064162754,1,0.0031055900621118,0.319083969465649,1,0.31974921630094,0.321699544764795,0.317757009345794,0.996923076923077,1,1,0.337920489296636,0.318541996830428,0.324159021406728,0.678233438485804,0.313572542901716,1,0.341692789968652,1,1,0.439324116743472,0.33489827856025,0.32262996941896,0.324031007751938,0.308868501529052,0.319182389937107,0.638065522620905,1,1,0.314674735249622,0.00458015267175573,0.331316187594554,0.31784107946027,0.3234375,0.310769230769231,0.309006211180124,0.31969696969697,0.694656488549618,0.366111951588502,0.307339449541284,1,0.320126782884311,1,0.317557251908397,0.313291139240506,0.318181818181818,0.331782945736434,0.312302839116719,1,0.326186830015314,0.816455696202532,1,1,0.996820349761526,1,1,0.89589905362776,1,1,1,0.317629179331307,1,0.324149108589951,0,1,0.389393939393939,1,0.322429906542056,0.333848531684699,0.320987654320988,0.420062695924765,1,0.32370820668693,1,1,1,1,0,0.323619631901841,1,1,0.327073552425665,1,0.330815709969789,1,1,0.31974921630094,0.328593996840442,0.305084745762712,0.143740340030912,0.326594090202177,0,0.599092284417549,1,0.323664122137405,0.322884012539185,0.581538461538462,1,1,0.329052969502408,0.333853354134165,1,0.648522550544324,0.686821705426357,0.312101910828025,0.31637519872814,0.995440729483283,0.335423197492163,0.307575757575758,1,0.314329738058552,0.305426356589147,1,0.317262830482115,0.321875,0.321928460342146,0.320433436532508,1,1,1,0.313664596273292,0.327639751552795,0.00924499229583975,0.992272024729521,0.336492890995261,1,1,0.315233785822021,0.330792682926829,0.307575757575758,0.322981366459627,0.31859756097561,1,0.309486780715397,0.310769230769231,0.565079365079365,1,0.841194968553459,1,0,1,0.329286798179059,1,1,0.415525114155251,0.998477929984779,0.328100470957614,1,0.30757341576507,0.305164319248826,0.315233785822021,1,1,0.324116743471582,0.399686520376176,0.613564668769716,0.3109375,1,1,1,0.322327044025157,1,0.199687987519501,1,1,1,1,0.32824427480916,1,0.327974276527331,0.339477726574501,0.67906976744186,0.313755795981453,1,0.327639751552795,0.320300751879699,0.321766561514196,1,0.310664605873261,1,0.328290468986384,0.485086342229199,0.325190839694657,0.327073552425665,0.314589665653495,1,0.32398753894081,0.309748427672956,1,1,0.321538461538462,0.319444444444444,1,0.474809160305344,0.322429906542056,0.335365853658537,0.329249617151608,0.675039246467818,1,0.3008,1,0.417061611374408,0.312989045383412,0,0.893778452200303,0.327044025157233,0.323076923076923,0,0.0326594090202177,0.984350547730829,0.31875,1,0.318110236220472,0.3184,1,0.329738058551618,0.318885448916409,0.667678300455235,1,0.321592649310873,0.323943661971831,1,0.310185185185185,0.313195548489666,1,0.3328125,0.319422150882825,0.32824427480916,0.337962962962963,0.803432137285491,1,0.981366459627329,1,1,0.00155038759689922,1,0.992331288343558,1,0.423963133640553,0.996835443037975,0.309451219512195,0.992458521870287,0.334905660377358,0.995405819295559,0.601481481481482,0.623853211009174,0.325227963525836,0.317147192716237,0.640122511485452,0.312698412698413,0,0.628304821150855,0.675039246467818,0.327188940092166,0.00153374233128834,0.316279069767442,0.308411214953271,0.77373417721519,0.321100917431193,0.685015290519878,0.595846645367412,0.321372854914197,0.32375189107413,0.305555555555556,1,0.0253353204172876,0,0.322530864197531,0.326120556414219,0.343122102009274,1,0.33125,0.322480620155039,1,0.314112291350531,0.950617283950617,0.572998430141287,1,1,0.993355481727575,0.322678843226788,0.603945371775417,0.327300150829563,0.311897106109325,0.321981424148607,0.416793893129771,1,0.314641744548287,1,0.324193548387097,0.318979266347687,1,0.328050713153724,1,0.327639751552795,1,1,0.322085889570552,0,1,0.326747720364742,1,0.566820276497696,1,0.506828528072838,1,0.570093457943925,1,0.319870759289176,1,1,1,0.313455657492355,0.328593996840442,0.324324324324324,0.354066985645933,0.333333333333333,0.309119010819165,1,0.325038880248834,1,1,0.326687116564417,0.332278481012658,0.317557251908397,0.391304347826087,0.329286798179059,1,1,0.3328173374613,0.323943661971831,0.6296875,0.590837282780411,0.314728682170543,0.3234375,1,0.315467075038285,0.324242424242424,0.995222929936306,0.310289389067524,0.32312404287902,0,0.136157337367625,0.321428571428571,0.680241327300151,0.309859154929577,0.326717557251908,0.597560975609756,0.996894409937888,0.32018927444795,1,0.324534161490683,0.352848101265823,0.319938176197836,0.478527607361963,0.316037735849057,1,0.322530864197531,0.33015873015873,0.33974358974359,0.684049079754601,1,0.329113924050633,0.324031007751938,0,0.323262839879154,0.998449612403101,0.961597542242704,1,0.326153846153846,0.326747720364742,0.314553990610329,0.582066869300912,1,0.586261980830671,0.335413416536661,1,1,0.966817496229261,0.671826625386997,0.333333333333333,0.368421052631579,0.328149300155521,0.32262996941896,1,1,0.508716323296355,0.624213836477987,1,1,0.998452012383901,0.682464454976303,1,0.327300150829563,0.67601246105919,1,0.326625386996904,0.325545171339564,0.322981366459627,0.996978851963746,1,0.636070853462158,0.325077399380805,1,1,0.328725038402458,0.315950920245399,0.998435054773083,0,0.328100470957614,0.314728682170543,0.0062402496099844,0.321646341463415,1,0.317384370015949,1,0.144171779141104,0,0.903030303030303,0.331269349845201,1,1,0,0.00153139356814701,0.332307692307692,1,0.318110236220472,0.996974281391831,0.309262166405024,1,0.998397435897436,0.97191887675507,0.785493827160494,1,1,0.00462249614791988,1,0.508914100486224,0.328682170542636,0.6732223903177,0.325190839694657,1,0.303599374021909,0.674922600619195,1,1,0.323343848580442,0.618343195266272,0.326717557251908,0.58411214953271,0.979876160990712,0.335901386748844,0.601880877742947,0.0123076923076923,0.315132605304212,0.32469512195122,0.321156773211568,1,0.631419939577039,0.312404287901991,0.901869158878505,0.589341692789969,0.973013493253373,1,1,0.316770186335404,0.34850863422292,0.314465408805031,0.319634703196347,0.311728395061728,0.609756097560976,0.303680981595092,0,0.672082717872969,0.998454404945904,0.333843797856049,0.3125,0.325242718446602,0.326347305389222,0.604327666151468,1,0.340523882896764,0.33693972179289,0.334405144694534,0.323529411764706,0.321266968325792,0.316692667706708,0.1875,0.675675675675676,0.324031007751938,0.585735963581184,1,0.237947122861586,0.319508448540707,0.938582677165354,1,1,0.311526479750779,0.632558139534884,1,0.315467075038285,0.305084745762712,0.962204724409449,1,1,0.996850393700787,0.324159021406728,1,1,0.895148669796557,1,0.350769230769231,1,0.587579617834395,1,0.66358024691358,0.310452418096724,0.601275917065391,1,1,0.993808049535604,0.331811263318113,0.329249617151608,0.322327044025157,0.324159021406728,0.32741935483871,0.331230283911672,0.986003110419907,0.314984709480122,1,1,0.727131782945736,0,0.323353293413174,0.320433436532508,0.671253822629969,1,0.562111801242236,0.341829085457271,0.638801261829653,0.319148936170213,0.323151125401929,1,0.320872274143302,0.326332794830372,0.687096774193548,0.914790996784566,0.320644216691069,0.603448275862069,0.579439252336449,0.329173166926677,0.332283464566929,0.304347826086957,0.599071207430341,0.670261941448382,1,0.90381679389313,1,0.656488549618321,0.996845425867508,0.5953125,0.31839258114374,0.323574730354391,1,1,0.41588785046729,0.993730407523511,0.996955859969559,1,0.319444444444444,0.330745341614907,1,0.321907600596125,0.670788253477589,0.331297709923664,0.448657187993681,0.3024,0,0.318112633181126,1,1,0.597243491577335,0.00151515151515152,0.333333333333333,0.31937984496124,0.0964230171073095,0.424920127795527,1,1,0.318952234206472,1,0.406441717791411,1,0.330316742081448,0.585516178736518,0.32967032967033,0.3198127925117,1,0,1,0.309409888357257,0.324960753532182,1,1,1,0.4512,1,0.320433436532508,0.614220877458396,0.333333333333333,0.328548644338118,0.00151975683890578,0.0339506172839506,1,0.620426829268293,1,0.326625386996904,0.331738437001595,1,1,0.165390505359877,0.309968847352025,1,0.902927580893683,1,0.321646341463415,0.1984375,0.665629860031104,1,1,1,1,1,0.293853073463268,0.307453416149068,1,0.114886731391586,0.0015748031496063,0.439878234398782,0,0.330708661417323,1,0.675,1,1,0.89247311827957,1,0.67175572519084,1,1,1,1
"622",1,1,1,1,1,1,0.710702341137124,1,1,0.0978792822185971,1,0.0412044374009509,0.806138933764136,1,0.309719934102142,0.30379746835443,0.0681458003169572,0.688442211055276,1,1,0.283171521035599,0.311897106109325,1,0.167731629392971,1,0.329617834394904,0.310569105691057,1,1,0.791530944625407,0.31139646869984,0.7232,0.962382445141066,0.317307692307692,0,1,0.537337662337662,1,0.297045101088647,1,0.663430420711974,0.684044233807267,0.695447409733124,1,1,0.312091503267974,0.309677419354839,0.30188679245283,0.32,0.32755905511811,0,1,0.312302839116719,1,1,0.491638795986622,0.559934318555008,1,1,1,0.323296354992076,0.315112540192926,0.309951060358891,0.675282714054927,1,1,0.0338164251207729,1,0.0589147286821705,0.320251177394035,1,0.314285714285714,0.312602291325696,0.974025974025974,0.516693163751987,1,0.303317535545024,0.332797427652733,1,0.320598006644518,0.0897009966777409,0.320325203252033,0.320388349514563,1,0.3344,1,1,1,1,0.697784810126582,1,1,0.0016260162601626,0.104851330203443,1,0.043613707165109,0,1,0.569558101472995,0.680851063829787,1,0.0551053484602917,0.304975922953451,1,0.302588996763754,1,0.696920583468395,1,0.315024232633279,0.315705128205128,0.310177705977383,1,0.319047619047619,1,0.47887323943662,1,0.30173775671406,0.306709265175719,0.320695102685624,0.311074918566775,0.485804416403785,1,0.315372424722662,0.314332247557003,1,0.3024,1,1,0.325320512820513,0.5421875,1,0.305331179321486,1,0.0400616332819723,1,0.3140625,0.682692307692308,0.321486268174475,0.932258064516129,0.42713567839196,0.101612903225806,0.0972447325769854,1,1,0.3248,1,0.317111459968603,1,0.807936507936508,1,0.323529411764706,1,1,1,1,0.323671497584541,1,0.313504823151125,0.256,1,0.29746835443038,1,0.298387096774194,0.0868852459016393,1,0.308457711442786,1,1,1,0.330696202531646,1,0.314009661835749,1,0.298387096774194,1,0.314845024469821,0.0755627009646302,1,0.651315789473684,1,1,0.318255250403877,1,1,1,1,0.311793214862682,0.30625,1,1,0.311605723370429,0.304065040650407,1,0.43968253968254,0.675840978593272,0,0.306709265175719,0.678513731825525,1,0.321766561514196,1,1,1,0.309904153354633,0.311708860759494,0.320723684210526,1,1,1,0,1,0.308848080133556,0.975728155339806,0.317230273752013,0.306320907617504,0.756410256410256,1,1,1,1,1,0.0411392405063291,0.302439024390244,0.318541996830428,1,0.693163751987281,1,1,0.998381877022654,1,1,1,0.00315457413249211,0.322033898305085,1,0.303425774877651,1,0.301109350237718,1,1,1,1,1,0.318181818181818,1,0.50990099009901,0.317384370015949,0.32182103610675,0.311793214862682,0.316720257234727,0.32741935483871,0.414355628058728,0.322006472491909,0.315955766192733,0.308186195826645,1,0.313311688311688,1,0.694099378881988,0.311605723370429,0.310618066561014,0.32695374800638,1,1,1,0.257748776508972,0.313694267515924,1,0.321951219512195,0.321316614420063,0.30718954248366,0.31637519872814,0.689822294022617,1,0.312796208530806,0.311897106109325,1,0.304132231404959,1,0.30173775671406,0.307692307692308,1,1,1,0.538827258320127,1,0.687400318979266,0.0819165378670788,0.313291139240506,1,1,0.0962145110410095,0.317460317460317,0.32258064516129,1,1,0.292721518987342,0.0236220472440945,0.00162337662337662,1,1,0.328638497652582,1,1,0.311526479750779,1,1,0.312101910828025,1,1,1,1,0.319422150882825,0.305295950155763,0.319604612850082,1,1,0.676145339652449,0.314424635332253,1,0.309262166405024,0.2976,1,1,1,1,1,0.315447154471545,1,1,0.107794361525705,0.332273449920509,0.476973684210526,0.298850574712644,0.681672025723473,0.315873015873016,1,0.302439024390244,0.327922077922078,0.260869565217391,0.316455696202532,1,0.315870570107858,1,1,1,0.304065040650407,0.316037735849057,1,0.925742574257426,0.0660225442834139,1,0.303030303030303,0.313915857605178,0.310789049919485,1,0.322327044025157,0.479233226837061,0.313099041533546,0.305825242718447,0.312703583061889,0.296416938110749,1,0.317434210526316,1,1,0,1,0.312091503267974,1,1,1,0.320325203252033,1,0.31404958677686,1,0.830696202531646,1,1,1,0.306089743589744,1,1,0.304975922953451,0.314696485623003,1,1,0.307568438003221,0.191455696202532,1,1,1,0,0.307565789473684,1,0.304487179487179,0.242671009771987,1,0.677215189873418,0.436708860759494,1,1,0.683307332293292,0.708943089430894,0.33868378812199,1,0.316639741518578,1,1,0.322528363047002,1,1,0.008,0.317817014446228,1,1,0.318555008210181,1,1,0.298850574712644,0.323899371069182,1,1,1,0.525806451612903,0.306581059390048,0.33063209076175,0.317901234567901,0.319935691318328,0.698360655737705,0.321766561514196,0.318840579710145,0.306349206349206,0.246006389776358,0.32183908045977,1,0.31629392971246,1,0.3168,0.0876369327073552,0.0513643659711075,1,1,0.0352564102564103,1,0.69701726844584,0.0432692307692308,0.00969305331179321,1,0.6848,1,1,0.550724637681159,1,0,0.0782029950083195,1,1,1,0.309791332263242,0.651771956856703,0.693467336683417,0.993670886075949,1,0.985413290113452,0.294212218649518,0.337641357027464,1,0.301765650080257,1,0.361464968152866,0.105769230769231,0.298722044728434,0.315286624203822,0.331623931623932,1,0.0777604976671851,1,1,1,0.262166405023548,0.314332247557003,1,0.310064935064935,1,1,0.305246422893482,1,0.314329738058552,1,0.308319738988581,0.313311688311688,1,0.681229773462783,0.310291858678955,1,0.309446254071661,0.762135922330097,0.306603773584906,0.164556962025316,0.314641744548287,0.763458401305057,0.298701298701299,1,0.318471337579618,0.333858267716535,0.288244766505636,1,1,1,0.96843853820598,0.342148760330579,1,0.314662273476112,1,0.313028764805415,0.310725552050473,1,1,1,0.919224555735057,1,0.309262166405024,0.321316614420063,1,1,0.0471544715447154,0.0826580226904376,1,1,0.301980198019802,1,1,0.304,1,1,0.688995215311005,0.533965244865719,1,0,1,1,0.0976377952755905,0.327361563517915,1,0.3088,1,0.962479608482871,1,0.811410459587956,1,0.324058919803601,1,1,1,0,0.315,1,1,0.679674796747967,1,0.310289389067524,0.353130016051364,0.311793214862682,1,1,1,0.0879120879120879,0.32183908045977,0.0897009966777409,1,0.303937007874016,0.303656597774245,0.337559429477021,0,1,0.957996768982229,1,1,0.323671497584541,0.305379746835443,0.165329052969502,0.0345394736842105,0.317073170731707,0.304975922953451,0.321543408360129,0.00164744645799012,0.303937007874016,1,0,0.311111111111111,1,1,1,0.315705128205128,0.31496062992126,0.0327332242225859,1,0.309562398703404,0.300632911392405,1,1,0.312,0.706081081081081,1,1,0.696284329563813,1,0.300319488817891,1,0.315705128205128,0.530612244897959,0.676145339652449,0.399068322981366,1,0.297169811320755,0.307814992025518,0.689381933438986,0.674565560821485,1,0.318110236220472,1,0.313664596273292,1,0.305466237942122,0.305691056910569,0.338118022328549,0.508885298869144,0.313014827018122,0.305418719211823,0.66721044045677,0.308917197452229,0.151919866444073,1,0,1,0.290584415584416,1,0,0.315112540192926,0.30794701986755,1,0.0569230769230769,1,0.0868167202572347,0.327332242225859,1,0.0627009646302251,0.676190476190476,1,1,1,0.298333333333333,0.0402476780185759,1,0.425806451612903,0.0946166394779772,0.351097178683386,0.311004784688995,0.320373250388802,1,1,1,1,1,0.0644654088050314,0.996875,0.696682464454976,0.00309119010819165,0.3136,1,1,1,1,0.0897435897435897,0.304278922345483,1,1,1,1,1,1,0.49047619047619,0.00163132137030995,1,0.0856697819314642,0.3184,0.434713375796178,1,0.392156862745098,0.29734219269103,0.305331179321486,1,0.0377358490566038,0.313195548489666,1,1,0.359934853420195,0.306451612903226,0.308064516129032,0.31900826446281,1,0.322847682119205,0.310789049919485,0.411954765751212,0.310064935064935,0.978021978021978,0.30564263322884,0.0882352941176471,0.321144674085851,0,1,0.0912052117263844,0.308441558441558,0.305466237942122,0.310064935064935,1,1,1,1,1,1,0.32300163132137,1,0.305194805194805,0.301204819277108,0.599056603773585,0.68026101141925,1,1,0,0.319182389937107,0.112698412698413,1,0.0326797385620915,1,1,0.307941653160454,1,1,0.619902120717781,0.413907284768212,0.996913580246914,0.0825082508250825,0.1,1,1,1,0.0883280757097792,0,0.317683881064163,0.413290113452188,0.310452418096724,0,0.313014827018122,0.0901639344262295,1,1,0.311111111111111,0.308186195826645,0.24025974025974,0.323051948051948,0.309748427672956,0.315132605304212,1,1,0.318471337579618,1,0,1,0.219155844155844,1,0.676848874598071,1,0.304625199362041,0.30114566284779,0.0733652312599681,0.68312101910828,1,1,0.793831168831169,0.9,0.310569105691057,0.308823529411765,1,0.313915857605178,0.255700325732899,0.318481848184819,1,0.097444089456869,1,1,0.311708860759494,0.68189233278956,0.307817589576547,1,1,0.296650717703349,0.303130148270181,0.313291139240506,0.856209150326797,0.308702791461412,1,0.0587301587301587,1,1,0.703001579778831,0.659163987138264,0.318936877076412,0.0558213716108453,0.315619967793881,1,1,0.308681672025723,0.317741935483871,0.622432859399684,1,0.305164319248826,0.382911392405063,0.302250803858521,0.985736925515055,0.47258064516129,0.00486223662884927,0.298555377207063,0.313755795981453,0.322368421052632,0.306799336650083,0.311912225705329,0.976489028213166,1,0.306581059390048,0.546474358974359,0.68780487804878,0.240322580645161,0.69,1,0.3184,0.0032258064516129,0.3136,0.309033280507132,0.364779874213836,0.316476345840131,0,0.330128205128205,0.320325203252033,0.320723684210526,0.3104
"623",0.298003072196621,0.317147192716237,0.321156773211568,0.339506172839506,0.321752265861027,0.315384615384615,0.0140625,0.323029366306028,0.308623298033283,0.572100313479624,0.320417287630402,0.639939485627837,0.520123839009288,0.322033898305085,0.998449612403101,0.996960486322188,0.625748502994012,0.00158982511923688,0.328173374613003,0.310810810810811,0.996908809891808,0.996965098634294,0.328335832083958,0.510574018126888,0.315007429420505,0.996992481203008,0.996918335901387,0.339652448657188,0.31892697466468,0.533646322378717,0.996965098634294,0.596385542168675,0.36500754147813,0.996941896024465,0.666156202143951,0.318471337579618,0.143074581430746,0.326807228915663,0.997054491899853,0.30688622754491,0,0.00303951367781155,0.003003003003003,0.333333333333333,0.326153846153846,0.998439937597504,0.998461538461539,0.997001499250375,0.996987951807229,0.997014925373134,0.680786686838124,0.331782945736434,0.996987951807229,0.322678843226788,0.320610687022901,0.826356589147287,0.122670807453416,0.324116743471582,0.31437125748503,0.319508448540707,0.995495495495496,1,0.998459167950693,0.00306748466257669,0.318681318681319,0.316890881913303,0.658573596358118,0.328725038402458,0.613333333333333,0.998493975903614,0.326807228915663,0.996951219512195,0.998430141287284,0.286833855799373,0.166917293233083,0.320588235294118,0.996978851963746,0.995468277945619,0.326347305389222,0.996805111821086,0.605590062111801,0.998449612403101,0.996992481203008,0.332829046898638,0.998493975903614,0.320117474302496,0.321592649310873,0.327272727272727,0.321044546850998,0.00152439024390244,0.321428571428571,0.324888226527571,0.682370820668693,0.583963691376702,0.319083969465649,0.638109305760709,0.672256097560976,0.321266968325792,0.120634920634921,0.00155038759689922,0.316358024691358,0.624223602484472,0.996937212863706,0.322327044025157,0.996913580246914,0.320182094081942,0.00303030303030303,0.321699544764795,0.996937212863706,0.998466257668712,0.996974281391831,0.316109422492401,1,0.330792682926829,0.204204204204204,0.312406576980568,1,0.369369369369369,0.998518518518518,0.996923076923077,0.208206686930091,0.317629179331307,0.997032640949555,0.998447204968944,0.333834586466165,0.996974281391831,0.321167883211679,0.321375186846039,0.35474006116208,0.773472429210134,0.327073552425665,0.996913580246914,0.331269349845201,0.640117994100295,0.337519623233909,0.996965098634294,0,1,0.370769230769231,0.8875,0.576271186440678,0.599695585996956,0.322085889570552,0.324451410658307,0.996937212863706,0.315068493150685,0.99702823179792,0.314589665653495,0.504491017964072,0.333827893175074,0.998435054773083,0.312977099236641,0.316923076923077,0.322981366459627,0.334855403348554,0.998459167950693,0.312024353120244,0.996941896024465,0.436363636363636,0.326836581709145,0.998509687034277,0.327407407407407,0.996908809891808,0.597523219814242,0.315132605304212,0.996884735202492,0.31859756097561,0.314674735249622,0.333843797856049,0.98956780923994,0.331818181818182,1,0.33596214511041,0.996955859969559,0.32018927444795,0.998454404945904,0.597875569044006,0.312977099236641,0.0315955766192733,0.303599374021909,0.321428571428571,0.996932515337423,0.306990881458967,0.324734446130501,0.326865671641791,0.329803328290469,0.996941896024465,0.998491704374057,0.32967032967033,0.325227963525836,0.997001499250375,0.998454404945904,0.320668693009119,0.231818181818182,0.0176730486008837,0.684698608964451,0.998477929984779,0,0.318385650224215,0.997045790251108,0.329738058551618,0.316964285714286,0.320061255742726,0.995515695067265,0.99702380952381,0.998452012383901,0.335329341317365,0.321372854914197,0.319758672699849,0.67687595712098,0.305471124620061,0.996865203761755,0.343605546995377,0.996932515337423,0.996904024767802,0.458715596330275,0.327639751552795,0.325825825825826,0.324200913242009,0.30757341576507,0.314553990610329,0.644716692189893,0.996965098634294,0.996983408748115,0.317037037037037,0.00151057401812689,0.331831831831832,0.311111111111111,0.316030534351145,0.31570996978852,0.313935681470138,0.319465081723626,0.690184049079755,0.360239162929746,0.305847076461769,0.998463901689708,0.322085889570552,0.998491704374057,0.314285714285714,0.31104199066874,0.314024390243902,0.337962962962963,0.320634920634921,0.996946564885496,0.3202416918429,0.794753086419753,0.996899224806202,0.998489425981873,1,0.998477929984779,0.996923076923077,0.904024767801858,0.996983408748115,0.998480243161094,0.998487140695915,0.320182094081942,0.996932515337423,0.326018808777429,0.00294117647058824,0.996974281391831,0.380451127819549,0.998452012383901,0.324031007751938,0.323029366306028,0.320552147239264,0.410296411856474,0.996974281391831,0.324324324324324,0.996860282574568,0.996992481203008,0.998475609756098,0.996955859969559,0.00153609831029186,0.316692667706708,0.996987951807229,1,0.324812030075188,0.998442367601246,0.323922734026746,0.996978851963746,0.996946564885496,0.309090909090909,0.325581395348837,0.308510638297872,0.154559505409583,0.328149300155521,0.00307692307692308,0.595900439238653,0.998480243161094,0.325264750378215,0.319444444444444,0.582466567607727,0.997005988023952,0.996860282574568,0.3328125,0.335394126738794,0.996987951807229,0.656534954407295,0.695178849144635,0.307453416149068,0.31687898089172,0.994074074074074,0.329286798179059,0.31314623338257,0.996996996996997,0.317557251908397,0.316265060240964,0.998480243161094,0.30568356374808,0.32469512195122,0.319634703196347,0.321981424148607,0.996955859969559,0.997050147492625,1,0.311077389984825,0.331269349845201,0.00898203592814371,0.996904024767802,0.327718223583461,1,0.998475609756098,0.311746987951807,0.33134328358209,0.309667673716012,0.322239031770045,0.315384615384615,0.996923076923077,0.308049535603715,0.31441717791411,0.567651632970451,1,0.842024539877301,0.998461538461539,0.00151515151515152,0.996996996996997,0.334828101644245,0.996894409937888,0.998461538461539,0.41203007518797,0.998507462686567,0.32182103610675,0.997014925373134,0.314503816793893,0.3125,0.315946348733234,0.998466257668712,0.99702823179792,0.326219512195122,0.400313971742543,0.616352201257862,0.304147465437788,0.998473282442748,0.998449612403101,0.996913580246914,0.327073552425665,0.998505231689088,0.209726443768997,0.996969696969697,0.996965098634294,0.996908809891808,0.998496240601504,0.326865671641791,0.996904024767802,0.314641744548287,0.336377473363775,0.674772036474164,0.31039755351682,0.998456790123457,0.329803328290469,0.32,0.316037735849057,0.996941896024465,0.308035714285714,0.996860282574568,0.327433628318584,0.477203647416413,0.32579185520362,0.331782945736434,0.323170731707317,0.996965098634294,0.317829457364341,0.305426356589147,0.998491704374057,0.996960486322188,0.334332833583208,0.311926605504587,0.998470948012232,0.48,0.321316614420063,0.329770992366412,0.329803328290469,0.677177177177177,0.996965098634294,0.304416403785489,0.996946564885496,0.415765069551777,0.313084112149533,0.00302114803625378,0.875748502994012,0.319938176197836,0.325757575757576,0.00146627565982405,0.0307692307692308,0.983257229832572,0.321156773211568,0.996937212863706,0.318461538461538,0.317111459968603,0.998489425981873,0.329770992366412,0.315548780487805,0.662079510703364,0.998468606431853,0.3267776096823,0.321428571428571,0.998461538461539,0.321907600596125,0.307332293291732,0.998456790123457,0.335347432024169,0.31875,0.327844311377246,0.330757341576507,0.80421686746988,0.998456790123457,0.981762917933131,0.997063142437592,0.996978851963746,0.00153609831029186,0.996983408748115,0.995468277945619,0.998491704374057,0.423780487804878,0.9984375,0.312781954887218,0.997010463378176,0.329211746522411,0.998480243161094,0.599415204678363,0.626323751891074,0.325301204819277,0.31784107946027,0.644171779141104,0.324492979719189,0.00301204819277108,0.629007633587786,0.67741935483871,0.325373134328358,0.00151975683890578,0.318181818181818,0.313636363636364,0.769347496206373,0.32469512195122,0.68018018018018,0.595975232198142,0.321044546850998,0.323353293413174,0.299546142208775,1,0.0249632892804699,0.00316455696202532,0.321699544764795,0.330781010719755,0.332833583208396,0.996918335901387,0.343511450381679,0.322085889570552,0.996918335901387,0.307926829268293,0.940092165898618,0.571428571428571,0.998480243161094,0.997041420118343,0.993453355155483,0.321907600596125,0.611111111111111,0.323922734026746,0.313880126182965,0.325688073394495,0.415545590433483,0.996904024767802,0.317411402157165,0.996908809891808,0.322784810126582,0.31924882629108,0.998507462686567,0.318681318681319,0.997063142437592,0.328725038402458,1,0.996927803379416,0.321804511278195,0,0.997080291970803,0.332321699544765,0.998452012383901,0.567073170731707,0.998500749625187,0.509774436090226,0.99702823179792,0.559633027522936,0.996913580246914,0.31974921630094,0.996969696969697,1,0.996941896024465,0.311248073959938,0.317411402157165,0.321804511278195,0.34913112164297,0.32807570977918,0.320726172465961,0.998435054773083,0.322480620155039,0.996820349761526,0.998511904761905,0.337367624810893,0.322932917316693,0.318385650224215,0.38622754491018,0.328828828828829,1,0.996965098634294,0.33033033033033,0.328197226502311,0.63125,0.59606656580938,0.321699544764795,0.318042813455657,0.996870109546166,0.319634703196347,0.319526627218935,0.99390243902439,0.306603773584906,0.31866464339909,0.00303951367781155,0.141779788838612,0.321044546850998,0.674008810572687,0.319083969465649,0.325859491778774,0.597615499254843,0.99388379204893,0.314329738058552,0.998463901689708,0.31859756097561,0.342024539877301,0.32258064516129,0.477134146341463,0.318731117824773,0.9984375,0.319277108433735,0.32398753894081,0.335375191424196,0.689497716894977,0.996865203761755,0.333853354134165,0.31866464339909,0.00154083204930663,0.332339791356185,0.998477929984779,0.956586826347305,0.996987951807229,0.323216995447648,0.328290468986384,0.31733746130031,0.590236686390533,0.996918335901387,0.594679186228482,0.337404580152672,1,0.996987951807229,0.968373493975904,0.664615384615385,0.334351145038168,0.351226993865031,0.328313253012048,0.321212121212121,0.996927803379416,0.997045790251108,0.514774494556765,0.635670731707317,0.996965098634294,0.996946564885496,0.998482549317147,0.688271604938272,0.996965098634294,0.328928046989721,0.67530487804878,0.997010463378176,0.322388059701493,0.323029366306028,0.324615384615385,0.998522895125554,0.99702380952381,0.642405063291139,0.328313253012048,0.996951219512195,0.996996996996997,0.325859491778774,0.313935681470138,0.998480243161094,0.00313479623824451,0.315132605304212,0.313271604938272,0.00455927051671732,0.315151515151515,0.996987951807229,0.322981366459627,0.996955859969559,0.150746268656716,0.00294550810014728,0.911808669656203,0.326251896813354,0.997014925373134,0.996992481203008,0.00302114803625378,0,0.329787234042553,0.996974281391831,0.313664596273292,1,0.318252730109204,0.996937212863706,0.995363214837713,0.966565349544073,0.783987915407855,0.998449612403101,0.996951219512195,0.00457317073170732,0.998500749625187,0.519685039370079,0.330232558139535,0.668174962292609,0.327769347496206,0.996884735202492,0.316998468606432,0.666666666666667,1,0.996960486322188,0.318818040435459,0.615271659324523,0.332339791356185,0.589041095890411,0.973846153846154,0.332826747720365,0.606707317073171,0.0091324200913242,0.31651376146789,0.322188449848024,0.326378539493294,0.998432601880878,0.636636636636637,0.315868263473054,0.894656488549618,0.587326120556414,0.967164179104478,0.997005988023952,0.998496240601504,0.321100917431193,0.344287949921753,0.314152410575428,0.314842578710645,0.319213313161876,0.623511904761905,0.310708898944193,0.00300751879699248,0.676811594202899,1,0.331825037707391,0.313455657492355,0.31974921630094,0.323880597014925,0.603630862329803,0.99702823179792,0.333827893175074,0.329286798179059,0.330188679245283,0.324574961360124,0.313725490196078,0.316358024691358,0.20211161387632,0.672333848531685,0.320182094081942,0.599700149925038,0.996946564885496,0.232628398791541,0.326120556414219,0.923676012461059,0.996810207336523,0.996978851963746,0.318042813455657,0.642201834862385,0.998475609756098,0.317771084337349,0.305936073059361,0.958333333333333,0.99851411589896,0.996941896024465,1,0.321156773211568,0.998442367601246,0.996960486322188,0.903963414634146,0.996918335901387,0.347761194029851,0.997019374068554,0.587774294670846,0.998489425981873,0.670750382848392,0.312883435582822,0.6015625,0.996923076923077,0.996974281391831,0.992354740061162,0.327743902439024,0.330827067669173,0.325038880248834,0.322775263951735,0.323529411764706,0.324451410658307,0.982919254658385,0.318862275449102,0.998493975903614,0.998381877022654,0.725225225225225,0.00153846153846154,0.31981981981982,0.325825825825826,0.675757575757576,0.997019374068554,0.568627450980392,0.333333333333333,0.654434250764526,0.314112291350531,0.320251177394035,0.996904024767802,0.316923076923077,0.327044025157233,0.693251533742331,0.912698412698413,0.336719883889695,0.607142857142857,0.579937304075235,0.328787878787879,0.326186830015314,0.309451219512195,0.597285067873303,0.675149700598802,0.998498498498498,0.898617511520737,0.997014925373134,0.66015037593985,1,0.595645412130638,0.318181818181818,0.322429906542056,0.997010463378176,0.996987951807229,0.422664624808576,0.996884735202492,0.998496240601504,0.996978851963746,0.314984709480122,0.336890243902439,0.998444790046656,0.319648093841642,0.680851063829787,0.330769230769231,0.450229709035222,0.310185185185185,0.00304878048780488,0.31784107946027,0.998477929984779,0.996908809891808,0.596385542168675,0.00151285930408472,0.330289193302892,0.326315789473684,0.107361963190184,0.427892234548336,0.996955859969559,0.9984375,0.316742081447964,0.996978851963746,0.411042944785276,0.998435054773083,0.335294117647059,0.590361445783133,0.329803328290469,0.315301391035549,0.998477929984779,0.00156739811912226,0.998463901689708,0.311708860759494,0.327272727272727,0.998496240601504,0.996965098634294,0.998507462686567,0.441358024691358,0.998439937597504,0.320610687022901,0.625563909774436,0.338414634146341,0.331768388106416,0.00149700598802395,0.0401854714064915,0.996845425867508,0.625942684766214,0.996960486322188,0.330781010719755,0.333850931677019,0.998475609756098,0.996951219512195,0.16566265060241,0.316187594553706,0.996996996996997,0.903469079939668,0.998484848484849,0.330827067669173,0.200920245398773,0.666156202143951,0.998480243161094,0.998516320474777,0.996889580093313,0.998430141287284,0.997045790251108,0.288549618320611,0.307453416149068,0.998498498498498,0.122257053291536,0,0.438729198184569,0.00157232704402516,0.330827067669173,0.996996996996997,0.670769230769231,0.998463901689708,0.996965098634294,0.893072289156627,1,0.677661169415292,0.996951219512195,0.996904024767802,0.998461538461539,0.996918335901387
"624",1,1,1,1,1,1,0.710569105691057,1,1,0.0921052631578947,1,0.0394321766561514,0.82051282051282,1,0.313821138211382,0.296703296703297,0.0603174603174603,0.694444444444444,1,1,0.281446540880503,0.3056,1,0.149922720247295,1,0.317460317460317,0.306320907617504,1,1,0.79902755267423,0.300157977883096,0.732171156893819,0.967238689547582,0.299212598425197,0,1,0.537124802527646,1,0.287250384024578,1,0.675675675675676,0.684210526315789,0.702619414483821,1,1,0.309562398703404,0.305863708399366,0.300787401574803,0.314375987361769,0.317307692307692,0,1,0.302795031055901,1,1,0.4896,0.56661316211878,1,1,1,0.3203125,0.309791332263242,0.310897435897436,0.689381933438986,1,1,0.0317460317460317,1,0.0568356374807988,0.312111801242236,1,0.305993690851735,0.319805194805195,0.967585089141005,0.513343799058085,1,0.296583850931677,0.33175355450237,1,0.300492610837438,0.0813008130081301,0.318181818181818,0.324717285945073,1,0.329617834394904,1,1,1,1,0.692546583850932,1,1,0.00158982511923688,0.0941358024691358,1,0.0419254658385093,0,1,0.559870550161812,0.677884615384615,1,0.0476947535771065,0.305246422893482,1,0.308306709265176,1,0.694704049844237,1,0.302547770700637,0.3125,0.308056872037915,1,0.320754716981132,1,0.486943164362519,1,0.303459119496855,0.285939968404423,0.31306990881459,0.305958132045089,0.479623824451411,0.998402555910543,0.31496062992126,0.303571428571429,1,0.290880503144654,1,1,0.3312,0.53582554517134,1,0.310126582278481,1,0.0387596899224806,1,0.304761904761905,0.685758513931889,0.314375987361769,0.939490445859873,0.423701298701299,0.097444089456869,0.0871632329635499,1,1,0.321486268174475,1,0.302936630602782,1,0.808477237048666,1,0.317152103559871,1,1,1,1,0.323763955342903,1,0.318327974276527,0.243670886075949,1,0.304416403785489,1,0.294488188976378,0.0819672131147541,1,0.303715670436187,1,1,1,0.3171875,1,0.319935691318328,1,0.302737520128824,1,0.307692307692308,0.0710900473933649,1,0.645056726094003,1,1,0.305057096247961,1,1,1,1,0.3072,0.30188679245283,1,0.998420221169036,0.30829420970266,0.295819935691318,1,0.4484375,0.668683812405446,0,0.308892355694228,0.687797147385103,1,0.311526479750779,1,0.998444790046656,1,0.30952380952381,0.307570977917981,0.308562197092084,1,1,1,0,1,0.297734627831715,0.976303317535545,0.305958132045089,0.305511811023622,0.727707006369427,1,1,1,1,1,0.0380348652931854,0.302250803858521,0.31378763866878,1,0.68944099378882,1,1,1,0.998452012383901,1,1,0.00476190476190476,0.311145510835913,1,0.3042071197411,1,0.289514866979656,1,1,1,1,1,0.31637519872814,1,0.511290322580645,0.311708860759494,0.320695102685624,0.300319488817891,0.304347826086957,0.321086261980831,0.413008130081301,0.326433121019108,0.305863708399366,0.304140127388535,1,0.313001605136437,1,0.696400625978091,0.299524564183835,0.313971742543171,0.322734499205087,1,1,1,0.253205128205128,0.29746835443038,1,0.313213703099511,0.318681318681319,0.307324840764331,0.313664596273292,0.685303514376997,1,0.3125,0.304278922345483,1,0.287337662337662,1,0.302652106084243,0.305863708399366,1,1,1,0.539074960127592,1,0.697784810126582,0.0804248861911988,0.313971742543171,1,1,0.0911949685534591,0.312597200622084,0.315447154471545,1,1,0.290423861852433,0.0282131661442006,0.00329489291598023,1,1,0.328682170542636,0.998407643312102,1,0.30829420970266,1,1,0.303079416531605,1,1,1,1,0.314194577352472,0.292944785276074,0.313915857605178,1,1,0.678627145085803,0.306451612903226,1,0.309148264984227,0.2912,1,1,0.998415213946117,1,1,0.312202852614897,1,1,0.0991869918699187,0.321766561514196,0.470304975922953,0.299674267100977,0.680952380952381,0.306853582554517,1,0.303079416531605,0.321086261980831,0.246153846153846,0.310725552050473,1,0.317829457364341,1,1,1,0.299363057324841,0.312989045383412,0.9984375,0.925445705024311,0.0567260940032415,1,0.300469483568075,0.316045380875203,0.307073954983923,1,0.317901234567901,0.469194312796209,0.307570977917981,0.29570747217806,0.297906602254428,0.297297297297297,1,0.314424635332253,1,1,0,1,0.315457413249211,1,1,1,0.320450885668277,1,0.305958132045089,1,0.845425867507886,1,1,1,0.307931570762053,1,1,0.304075235109718,0.297770700636943,1,1,0.306477093206951,0.177018633540373,1,0.998444790046656,1,0,0.307073954983923,1,0.293185419968304,0.240506329113924,1,0.68798751950078,0.424528301886792,1,1,0.688650306748466,0.715873015873016,0.343354430379747,1,0.304897314375987,1,1,0.324193548387097,1,0.998402555910543,0.00793650793650794,0.316455696202532,1,1,0.304975922953451,1,1,0.297734627831715,0.34009360374415,1,1,1,0.528951486697966,0.302034428794992,0.336553945249597,0.311627906976744,0.322169059011164,0.694942903752039,0.30829420970266,0.312698412698413,0.306376360808709,0.233704292527822,0.3042071197411,1,0.3046875,0.998387096774194,0.303599374021909,0.0793893129770992,0.0484375,1,1,0.0365659777424483,1,0.7015625,0.0368,0.0127388535031847,1,0.692307692307692,1,1,0.542130365659777,1,0,0.0703764320785597,1,1,1,0.316211878009631,0.658646616541353,0.698205546492659,0.992050874403816,1,0.985871271585557,0.298107255520505,0.32741935483871,1,0.294303797468354,1,0.371610845295056,0.099025974025974,0.296703296703297,0.313572542901716,0.326565143824027,1,0.0724191063174114,1,1,1,0.253499222395023,0.3184,1,0.310289389067524,1,1,0.30503144654088,1,0.311349693251534,1,0.302547770700637,0.3152,1,0.685805422647528,0.308049535603715,1,0.29951690821256,0.761240310077519,0.309859154929577,0.154330708661417,0.312210200927357,0.784688995215311,0.303858520900322,1,0.318910256410256,0.33175355450237,0.281645569620253,1,1,1,0.973684210526316,0.331136738056013,1,0.312698412698413,1,0.302828618968386,0.313572542901716,1,1,1,0.926100628930818,1,0.307098765432099,0.311912225705329,1,1,0.0465489566613162,0.0770465489566613,1,1,0.304975922953451,1,1,0.304140127388535,1,1,0.690363349131122,0.535211267605634,1,0,1,1,0.093603744149766,0.317307692307692,1,0.309409888357257,0.998427672955975,0.968404423380727,0.998392282958199,0.828660436137072,1,0.3216,1,1,1,0,0.308970099667774,1,1,0.681020733652313,1,0.313195548489666,0.359055118110236,0.312893081761006,1,1,1,0.0856697819314642,0.314516129032258,0.0842787682333874,0.998389694041868,0.303125,0.297339593114241,0.343354430379747,0,1,0.958990536277603,1,1,0.314009661835749,0.298273155416013,0.149038461538462,0.0354838709677419,0.310789049919485,0.3104,0.318681318681319,0.00160771704180064,0.304140127388535,1,0,0.306976744186047,1,1,1,0.313880126182965,0.318529862174579,0.0280528052805281,1,0.304278922345483,0.294392523364486,1,1,0.309968847352025,0.707037643207856,1,1,0.695024077046549,1,0.296466973886329,1,0.304761904761905,0.529042386185243,0.679566563467492,0.392307692307692,1,0.291277258566978,0.310725552050473,0.693270735524257,0.675590551181102,1,0.309262166405024,1,0.318252730109204,1,0.307936507936508,0.296950240770466,0.346518987341772,0.507836990595611,0.304838709677419,0.298555377207063,0.675078864353312,0.309636650868878,0.141693811074919,1,0,1,0.2816,1,0,0.308917197452229,0.309328968903437,1,0.049306625577812,1,0.0755627009646302,0.3344,1,0.0599369085173502,0.671974522292994,1,1,1,0.298187808896211,0.0339506172839506,1,0.4256,0.0881410256410256,0.34850863422292,0.309859154929577,0.308777429467085,1,1,1,1,1,0.0585516178736518,0.996875,0.697347893915757,0.00455927051671732,0.313572542901716,1,1,1,1,0.0828125,0.30568356374808,1,1,1,1,1,1,0.489891135303266,0.00158730158730159,1,0.0765696784073507,0.310618066561014,0.436708860759494,1,0.394863563402889,0.300653594771242,0.306603773584906,1,0.0340030911901082,0.311216429699842,1,1,0.36084142394822,0.303459119496855,0.300955414012739,0.308562197092084,0.998442367601246,0.31139646869984,0.306962025316456,0.399366085578447,0.299840510366826,0.975077881619938,0.308641975308642,0.0810372771474878,0.318979266347687,0,1,0.082018927444795,0.298245614035088,0.304140127388535,0.310897435897436,1,1,1,1,1,1,0.323101777059774,1,0.3056,0.307438016528926,0.597464342313788,0.689935064935065,1,1,0,0.3140625,0.107765451664025,0.998442367601246,0.0282574568288854,1,1,0.305825242718447,1,1,0.621138211382114,0.4,0.996978851963746,0.0740740740740741,0.0900163666121113,1,1,1,0.0833333333333333,0,0.311320754716981,0.410658307210031,0.308868501529052,0,0.315024232633279,0.0789049919484702,1,1,0.304281345565749,0.308426073131955,0.234177215189873,0.319148936170213,0.308176100628931,0.306962025316456,1,1,0.312903225806452,1,0,1,0.215088282504013,1,0.6796875,1,0.305732484076433,0.301302931596091,0.0676100628930818,0.690031152647975,1,1,0.787539936102236,0.885433715220949,0.307443365695793,0.309409888357257,1,0.309148264984227,0.242811501597444,0.314754098360656,1,0.0935023771790808,1,1,0.305993690851735,0.692182410423453,0.305057096247961,1,1,0.301092043681747,0.303937007874016,0.312404287901991,0.859903381642512,0.302588996763754,1,0.0515625,1,1,0.711811023622047,0.656597774244833,0.311986863711002,0.0473186119873817,0.315112540192926,1,1,0.295055821371611,0.316639741518578,0.624012638230648,1,0.305295950155763,0.361111111111111,0.29559748427673,0.982919254658385,0.474959612277868,0.00317460317460317,0.29153605015674,0.315384615384615,0.316720257234727,0.306451612903226,0.307332293291732,0.976599063962558,1,0.305732484076433,0.547077922077922,0.701298701298701,0.226415094339623,0.698675496688742,1,0.319488817891374,0.00316957210776545,0.3184,0.295418641390205,0.349768875192604,0.310679611650485,0,0.319554848966614,0.314194577352472,0.3136,0.306603773584906
"625",0.298722044728434,0.31974921630094,0.312597200622084,0.326984126984127,0.307332293291732,0.304075235109718,0.0113268608414239,0.311320754716981,0.310832025117739,0.564516129032258,0.318181818181818,0.6421875,0.5260663507109,0.3168,1,1,0.613953488372093,0,0.31974921630094,0.304625199362041,1,1,0.321428571428571,0.511737089201878,0.309923664122137,1,1,0.332797427652733,0.309859154929577,0.5328,1,0.596625766871166,0.36547433903577,0.996825396825397,0.666129032258065,0.317275747508306,0.138582677165354,0.316923076923077,1,0.305084745762712,0.00316957210776545,0,0,0.331210191082803,0.313694267515924,1,0.993730407523511,1,1,1,0.700934579439252,0.320574162679426,1,0.32093023255814,0.312111801242236,0.819047619047619,0.12241653418124,0.320695102685624,0.311912225705329,0.319554848966614,0.993846153846154,1,1,0.00477707006369427,0.307941653160454,0.312893081761006,0.653968253968254,0.322683706070288,0.606060606060606,1,0.318252730109204,1,1,0.267100977198697,0.157320872274143,0.316187594553706,1,0.995341614906832,0.315384615384615,1,0.59771986970684,1,1,0.324534161490683,1,0.323076923076923,0.313195548489666,0.327586206896552,0.323809523809524,0,0.323717948717949,0.327743902439024,0.68895800933126,0.574102964118565,0.309148264984227,0.63914373088685,0.683962264150943,0.311627906976744,0.124193548387097,0,0.311627906976744,0.618296529968454,1,0.3136,1,0.315457413249211,0,0.315541601255887,1,1,1,0.3078125,0.995363214837713,0.322932917316693,0.205837173579109,0.304878048780488,1,0.370486656200942,1,1,0.210445468509985,0.306376360808709,1,1,0.330218068535826,1,0.322137404580153,0.316030534351145,0.359621451104101,0.759571209800919,0.315359477124183,1,0.332268370607029,0.634294385432473,0.32741935483871,1,0.00155038759689922,1,0.371069182389937,0.882160392798691,0.5828125,0.597464342313788,0.312202852614897,0.32475884244373,1,0.3125,1,0.305379746835443,0.513931888544892,0.323574730354391,1,0.304821150855365,0.315873015873016,0.324409448818898,0.322274881516588,1,0.300940438871473,1,0.428792569659443,0.320552147239264,1,0.313455657492355,1,0.590690208667737,0.318840579710145,1,0.3140625,0.307098765432099,0.331230283911672,0.987692307692308,0.324367088607595,1,0.324409448818898,1,0.318555008210181,1,0.58528951486698,0.299843014128728,0.0324149108589951,0.293929712460064,0.312693498452012,1,0.306729264475743,0.3171875,0.319444444444444,0.331768388106416,1,1,0.315286624203822,0.320126782884311,1,1,0.317829457364341,0.241433021806854,0.0197268588770865,0.691472868217054,1,0.00313971742543171,0.316614420062696,1,0.314606741573034,0.307332293291732,0.314553990610329,0.998439937597504,1,1,0.320552147239264,0.314606741573034,0.312302839116719,0.681089743589744,0.309748427672956,1,0.337042925278219,1,1,0.445141065830721,0.323248407643312,0.323943661971831,0.322378716744914,0.297169811320755,0.306122448979592,0.6352,1,1,0.315789473684211,0.00306748466257669,0.335384615384615,0.314589665653495,0.322981366459627,0.311349693251534,0.29746835443038,0.312121212121212,0.69969040247678,0.36405529953917,0.3109375,1,0.322274881516588,1,0.309597523219814,0.315873015873016,0.31378763866878,0.323809523809524,0.307817589576547,1,0.321928460342146,0.798722044728435,1,1,0.996845425867508,1,1,0.888535031847134,1,1,1,0.313846153846154,1,0.323481116584565,0,1,0.381679389312977,1,0.31629392971246,0.323296354992076,0.315955766192733,0.413522012578616,1,0.322429906542056,1,1,1,1,0,0.3078125,1,1,0.323343848580442,1,0.323029366306028,1,1,0.316045380875203,0.32794830371567,0.302652106084243,0.147104851330203,0.3216,0,0.58751902587519,1,0.317262830482115,0.322784810126582,0.572317262830482,1,1,0.3264,0.333863275039746,1,0.65615141955836,0.695102685624013,0.303030303030303,0.318627450980392,0.992343032159265,0.323529411764706,0.302936630602782,1,0.312893081761006,0.302507836990596,1,0.300319488817891,0.31875,0.31937984496124,0.316535433070866,1,1,1,0.3125,0.323296354992076,0.00625,0.992223950233281,0.327476038338658,1,1,0.312404287901991,0.329211746522411,0.299382716049383,0.322884012539185,0.312302839116719,1,0.310618066561014,0.312401883830455,0.567353407290016,1,0.833333333333333,1,0,1,0.320493066255778,1,1,0.413953488372093,0.998456790123457,0.320063694267516,1,0.307936507936508,0.305379746835443,0.31055900621118,1,1,0.306729264475743,0.40228013029316,0.609448818897638,0.297427652733119,1,1,1,0.317152103559871,1,0.205329153605016,1,1,1,1,0.326656394453005,1,0.314424635332253,0.328571428571429,0.675675675675676,0.303514376996805,1,0.326625386996904,0.312307692307692,0.315789473684211,1,0.304012345679012,1,0.322530864197531,0.4953125,0.325545171339564,0.32,0.314728682170543,1,0.323296354992076,0.309677419354839,1,1,0.3171875,0.30564263322884,1,0.466458658346334,0.307941653160454,0.320373250388802,0.325508607198748,0.679566563467492,1,0.297253634894992,1,0.413629160063391,0.311424100156495,0,0.880804953560371,0.314424635332253,0.317262830482115,0,0.0313479623824451,0.982677165354331,0.310452418096724,1,0.313479623824451,0.317512274959083,1,0.323529411764706,0.321875,0.658385093167702,1,0.31629392971246,0.315955766192733,1,0.315301391035549,0.2944,1,0.34375,0.317384370015949,0.314728682170543,0.328616352201258,0.78816199376947,1,0.980891719745223,1,1,0.00158478605388273,1,0.995348837209302,1,0.428346456692913,0.996753246753247,0.303405572755418,0.995412844036697,0.331761006289308,0.996889580093313,0.602446483180428,0.627145085803432,0.322033898305085,0.308166409861325,0.637931034482759,0.317307692307692,0,0.628705148205928,0.675507020280811,0.3203125,0.00156739811912226,0.309148264984227,0.307453416149068,0.765079365079365,0.313084112149533,0.688473520249221,0.586319218241042,0.316455696202532,0.31733746130031,0.296411856474259,1,0.0269461077844311,0,0.317411402157165,0.327639751552795,0.333333333333333,1,0.328638497652582,0.319444444444444,1,0.307931570762053,0.940157480314961,0.572784810126582,1,1,0.99504132231405,0.319018404907975,0.598449612403101,0.318461538461538,0.307941653160454,0.311811023622047,0.411764705882353,1,0.309409888357257,1,0.315112540192926,0.321951219512195,1,0.320450885668277,1,0.320634920634921,1,1,0.321981424148607,0,1,0.326086956521739,1,0.569206842923795,1,0.504615384615385,1,0.564873417721519,1,0.320574162679426,1,1,1,0.306729264475743,0.321428571428571,0.317557251908397,0.345276872964169,0.331723027375201,0.307692307692308,1,0.315286624203822,1,1,0.325,0.317307692307692,0.313271604938272,0.390282131661442,0.315707620528771,1,1,0.323029366306028,0.323296354992076,0.626391096979332,0.588050314465409,0.315047021943574,0.318541996830428,1,0.305164319248826,0.317972350230415,0.995268138801262,0.312602291325696,0.31201248049922,0,0.140405616224649,0.314785373608903,0.680851063829787,0.311811023622047,0.317829457364341,0.584962406015038,0.998432601880878,0.309636650868878,1,0.314375987361769,0.344339622641509,0.319875776397516,0.486024844720497,0.310077519379845,1,0.317034700315457,0.315619967793881,0.333863275039746,0.690658499234303,1,0.327447833065811,0.319938176197836,0,0.321428571428571,0.998430141287284,0.95583596214511,1,0.32182103610675,0.325545171339564,0.309033280507132,0.578703703703704,1,0.586991869918699,0.333333333333333,1,1,0.963722397476341,0.681889763779528,0.328616352201258,0.356918238993711,0.319314641744548,0.312989045383412,1,1,0.504777070063694,0.632492113564669,1,1,0.998444790046656,0.6875,1,0.320610687022901,0.6796875,1,0.320754716981132,0.31637519872814,0.319620253164557,0.996932515337423,1,0.64367816091954,0.323390894819466,1,1,0.321766561514196,0.309119010819165,0.998435054773083,0,0.309904153354633,0.312202852614897,0.0064,0.312893081761006,1,0.309791332263242,1,0.145482388973966,0,0.899096385542169,0.322981366459627,1,1,0,0.0015527950310559,0.322327044025157,1,0.305466237942122,0.996937212863706,0.307936507936508,1,0.998405103668262,0.965354330708661,0.768992248062015,1,1,0.004739336492891,1,0.501650165016502,0.326465927099842,0.671274961597542,0.323390894819466,1,0.296062992125984,0.678740157480315,1,1,0.315789473684211,0.612121212121212,0.322884012539185,0.584126984126984,0.974683544303797,0.330670926517572,0.597200622083981,0.013953488372093,0.30952380952381,0.314241486068111,0.323529411764706,1,0.638426626323752,0.303076923076923,0.884676145339652,0.585326953748006,0.967889908256881,1,1,0.314152410575428,0.33495145631068,0.308661417322835,0.306376360808709,0.31104199066874,0.609422492401216,0.308282208588957,0,0.67921686746988,0.998430141287284,0.3198127925117,0.305246422893482,0.318181818181818,0.318952234206472,0.59594383775351,1,0.332317073170732,0.337025316455696,0.323529411764706,0.315955766192733,0.306376360808709,0.309148264984227,0.199692780337942,0.67948717948718,0.31974921630094,0.593508500772797,1,0.237577639751553,0.311811023622047,0.920886075949367,1,1,0.303405572755418,0.638759689922481,1,0.314814814814815,0.302694136291601,0.9568,1,1,0.9968,0.31619937694704,1,1,0.897106109324759,1,0.347286821705426,1,0.591276252019386,1,0.6765625,0.310236220472441,0.592,1,1,0.992125984251969,0.330745341614907,0.323390894819466,0.324590163934426,0.320493066255778,0.326465927099842,0.321875,0.980830670926518,0.310077519379845,1,1,0.716951788491446,0,0.311827956989247,0.310077519379845,0.677570093457944,1,0.565977742448331,0.324574961360124,0.643533123028391,0.305993690851735,0.310789049919485,1,0.303858520900322,0.315875613747954,0.684210526315789,0.9,0.324364723467862,0.598086124401914,0.574367088607595,0.322274881516588,0.319047619047619,0.300469483568075,0.589341692789969,0.683307332293292,1,0.885895404120444,1,0.665130568356375,0.996860282574568,0.578606158833063,0.320126782884311,0.321656050955414,1,1,0.429022082018927,0.993485342019544,0.998454404945904,1,0.319685039370079,0.328100470957614,1,0.312312312312312,0.685758513931889,0.325471698113208,0.449526813880126,0.301435406698565,0,0.311248073959938,1,1,0.593406593406593,0.00152671755725191,0.32967032967033,0.316957210776545,0.1,0.409235668789809,1,1,0.314375987361769,1,0.411949685534591,1,0.329738058551618,0.576506955177743,0.31974921630094,0.312599681020734,1,0,1,0.313504823151125,0.317965023847377,1,1,1,0.432432432432432,1,0.31201248049922,0.612213740458015,0.328638497652582,0.320512820512821,0.00154559505409583,0.0410742496050553,1,0.618524332810047,1,0.32093023255814,0.329581993569132,1,1,0.165366614664587,0.311912225705329,1,0.892638036809816,1,0.322981366459627,0.201267828843106,0.675,1,1,1,1,1,0.282407407407407,0.303738317757009,1,0.117741935483871,0.0016025641025641,0.439628482972136,0,0.328050713153724,1,0.676145339652449,1,1,0.884914463452566,1,0.677018633540373,1,1,1,1
"626",0.3024,0.30503144654088,0.312202852614897,0.321086261980831,0.308056872037915,0.296116504854369,0.0112179487179487,0.315457413249211,0.307098765432099,0.591433278418451,0.309148264984227,0.649390243902439,0.502407704654896,0.308917197452229,1,0.998387096774194,0.636363636363636,0,0.309677419354839,0.297253634894992,1,1,0.315132605304212,0.523510971786834,0.305511811023622,0.998405103668262,0.998355263157895,0.326699834162521,0.311424100156495,0.514469453376206,0.998435054773083,0.586921850079745,0.362204724409449,0.995245641838352,0.676848874598071,0.307563025210084,0.136075949367089,0.3078125,0.998454404945904,0.2921875,0.00476947535771065,0,0,0.32,0.314606741573034,0.99837925445705,0.993620414673046,0.998452012383901,1,0.998435054773083,0.6953125,0.317073170731707,0.998435054773083,0.315286624203822,0.304212168486739,0.82258064516129,0.11470113085622,0.31687898089172,0.308892355694228,0.309178743961353,0.990580847723705,0.998407643312102,0.998387096774194,0.00632911392405063,0.309446254071661,0.310725552050473,0.668810289389068,0.319805194805195,0.622324159021407,0.998468606431853,0.310725552050473,0.998405103668262,0.998402555910543,0.263071895424837,0.161648177496038,0.311926605504587,0.998422712933754,0.993759750390016,0.313971742543171,0.998371335504886,0.611382113821138,0.99837925445705,0.998405103668262,0.317535545023697,1,0.31201248049922,0.310897435897436,0.314285714285714,0.313099041533546,0.00162337662337662,0.30622009569378,0.311450381679389,0.694488188976378,0.592476489028213,0.297906602254428,0.640672782874618,0.687797147385103,0.307210031347962,0.112769485903814,0.00161030595813205,0.3024,0.628019323671498,0.998397435897436,0.312297734627832,0.998407643312102,0.315112540192926,0,0.315372424722662,0.998420221169036,0.998425196850394,0.998422712933754,0.298904538341158,0.995290423861852,0.320634920634921,0.209302325581395,0.296754250386399,0.998427672955975,0.391575663026521,1,0.998394863563403,0.201923076923077,0.304416403785489,0.998432601880878,0.998373983739837,0.322884012539185,0.998405103668262,0.302611367127496,0.309006211180124,0.384737678855326,0.770186335403727,0.308580858085809,1,0.321428571428571,0.647515527950311,0.323624595469256,0.998432601880878,0.00315457413249211,1,0.365079365079365,0.892508143322476,0.591935483870968,0.605095541401274,0.307210031347962,0.310344827586207,0.998412698412698,0.311111111111111,0.998461538461539,0.298245614035088,0.490712074303406,0.316358024691358,0.998363338788871,0.2976,0.305466237942122,0.319805194805195,0.319620253164557,0.998415213946117,0.30188679245283,0.998384491114701,0.443057722308892,0.322981366459627,0.998420221169036,0.31733746130031,0.998415213946117,0.614516129032258,0.308681672025723,0.998405103668262,0.304897314375987,0.312202852614897,0.327974276527331,0.987577639751553,0.321144674085851,1,0.317535545023697,0.998466257668712,0.30655737704918,0.9984,0.613564668769716,0.294488188976378,0.0321027287319422,0.284345047923323,0.3078125,0.998373983739837,0.296650717703349,0.32484076433121,0.317111459968603,0.316614420062696,0.998432601880878,0.998456790123457,0.318255250403877,0.315873015873016,0.998435054773083,0.998376623376623,0.313971742543171,0.23861852433281,0.0214723926380368,0.6976,1,0.00318979266347687,0.312202852614897,1,0.3104,0.302325581395349,0.306477093206951,0.996865203761755,0.998415213946117,0.99835255354201,0.327188940092166,0.305921052631579,0.30952380952381,0.688311688311688,0.297906602254428,1,0.335453100158982,0.998381877022654,0.998394863563403,0.438291139240506,0.316129032258064,0.311912225705329,0.323717948717949,0.291666666666667,0.304487179487179,0.647527910685805,0.998394863563403,0.998422712933754,0.309597523219814,0.0031104199066874,0.320987654320988,0.298136645962733,0.309033280507132,0.296583850931677,0.295527156549521,0.309119010819165,0.707278481012658,0.376766091051805,0.297169811320755,0.998417721518987,0.3136,0.998442367601246,0.30298273155416,0.294788273615635,0.3008,0.323671497584541,0.302479338842975,1,0.311605723370429,0.792,0.998405103668262,0.998439937597504,0.995137763371151,0.9984,0.998384491114701,0.902960526315789,0.998389694041868,0.998415213946117,0.998435054773083,0.304347826086957,0.998412698412698,0.308457711442786,0.00153609831029186,0.998405103668262,0.395962732919255,1,0.314516129032258,0.310509554140127,0.306709265175719,0.4368,0.998412698412698,0.316118935837246,1,0.998439937597504,0.998412698412698,0.9984375,0.00161030595813205,0.307814992025518,0.998432601880878,0.998366013071895,0.313099041533546,1,0.309262166405024,0.998435054773083,0.998410174880763,0.303858520900322,0.315619967793881,0.296062992125984,0.145339652448657,0.318255250403877,0.0015625,0.602150537634409,0.998417721518987,0.311811023622047,0.3125,0.590837282780411,0.998417721518987,0.998366013071895,0.319286871961102,0.32484076433121,0.998432601880878,0.666134185303514,0.713821138211382,0.3,0.306425041186161,0.992199687987519,0.313291139240506,0.296520423600605,0.998430141287284,0.299373040752351,0.3015625,0.998417721518987,0.292207792207792,0.3125,0.302694136291601,0.308917197452229,0.998415213946117,1,0.998371335504886,0.298887122416534,0.324237560192616,0.00789889415481832,0.992101105845182,0.318770226537217,1,0.998402555910543,0.298107255520505,0.315955766192733,0.296998420221169,0.319488817891374,0.303738317757009,0.998405103668262,0.296474358974359,0.295886075949367,0.581168831168831,0.998420221169036,0.843700159489633,0.998384491114701,0.00159489633173844,0.998427672955975,0.317972350230415,1,1,0.437106918238994,0.998417721518987,0.309061488673139,0.998435054773083,0.299363057324841,0.291600633914422,0.304278922345483,1,1,0.312202852614897,0.391517128874388,0.625407166123778,0.29570747217806,0.998420221169036,0.998402555910543,1,0.313628899835796,0.998452012383901,0.207606973058637,0.998442367601246,0.998405103668262,1,0.998402555910543,0.3125,1,0.304492512479201,0.319182389937107,0.685624012638231,0.296474358974359,0.998405103668262,0.315047021943574,0.313935681470138,0.310569105691057,1,0.298904538341158,1,0.311827956989247,0.469096671949287,0.31911532385466,0.314935064935065,0.302795031055901,0.998432601880878,0.312803889789303,0.30016051364366,0.998420221169036,0.998430141287284,0.315457413249211,0.29874213836478,0.998412698412698,0.491365777080063,0.305466237942122,0.313385826771654,0.31911532385466,0.68503937007874,0.998389694041868,0.293548387096774,0.998432601880878,0.436102236421725,0.298412698412698,0.00156985871271586,0.890965732087227,0.318327974276527,0.310832025117739,0,0.0299684542586751,0.979133226324238,0.308426073131955,0.998412698412698,0.303571428571429,0.302100161550889,1,0.317535545023697,0.308681672025723,0.68,0.998407643312102,0.318541996830428,0.311111111111111,1,0.299524564183835,0.302134646962233,0.9984,0.34850863422292,0.304625199362041,0.308056872037915,0.320634920634921,0.796557120500782,0.998420221169036,0.979032258064516,0.998444790046656,1,0.00318471337579618,0.998422712933754,0.993680884676145,0.998449612403101,0.441786283891547,0.996784565916399,0.303317535545024,0.992307692307692,0.3248,0.995290423861852,0.624806201550388,0.637795275590551,0.312111801242236,0.298600311041991,0.648089171974522,0.311475409836066,0.00156985871271586,0.642969984202212,0.688394276629571,0.306603773584906,0.0015625,0.302694136291601,0.299363057324841,0.769726247987118,0.31687898089172,0.697262479871176,0.607843137254902,0.308064516129032,0.307692307692308,0.286407766990291,0.998394863563403,0.0273972602739726,0.00164203612479475,0.308544303797468,0.314606741573034,0.326984126984127,0.998452012383901,0.35048231511254,0.306477093206951,0.998392282958199,0.29635499207607,0.945337620578778,0.580645161290323,0.998412698412698,0.998463901689708,0.993243243243243,0.313971742543171,0.62111801242236,0.320610687022901,0.305555555555556,0.304897314375987,0.435054773082942,0.9984,0.307073954983923,0.998397435897436,0.310743801652893,0.31404958677686,0.998432601880878,0.310679611650485,0.998439937597504,0.315619967793881,0.998415213946117,0.998387096774194,0.31496062992126,0,0.998454404945904,0.309409888357257,0.998397435897436,0.552,0.998415213946117,0.515772870662461,0.998447204968944,0.546623794212219,1,0.306688417618271,0.998420221169036,1,0.998420221169036,0.307692307692308,0.311897106109325,0.302469135802469,0.347176079734219,0.343801652892562,0.303514376996805,0.998381877022654,0.3125,0.998330550918197,0.998452012383901,0.3234375,0.306451612903226,0.310344827586207,0.371794871794872,0.322981366459627,0.9984375,1,0.320063694267516,0.314754098360656,0.637096774193548,0.606451612903226,0.320754716981132,0.307073954983923,1,0.300955414012739,0.314329738058552,0.995283018867924,0.300986842105263,0.295238095238095,0.00158730158730159,0.138413685847589,0.314102564102564,0.690119760479042,0.301948051948052,0.309006211180124,0.612055641421947,0.995238095238095,0.306709265175719,0.998425196850394,0.309033280507132,0.347619047619048,0.309904153354633,0.466353677621283,0.307936507936508,1,0.310126582278481,0.3125,0.324013157894737,0.700617283950617,0.998333333333333,0.320325203252033,0.309006211180124,0.00159235668789809,0.314873417721519,0.996794871794872,0.960505529225908,0.998427672955975,0.314285714285714,0.312401883830455,0.305111821086262,0.601246105919003,0.998373983739837,0.61437908496732,0.321027287319422,0.998444790046656,0.998439937597504,0.962145110410095,0.685303514376997,0.315024232633279,0.351097178683386,0.309748427672956,0.307931570762053,0.998389694041868,0.998449612403101,0.517741935483871,0.637820512820513,0.998410174880763,0.998412698412698,0.998449612403101,0.704944178628389,1,0.313846153846154,0.692431561996779,0.998420221169036,0.324451410658307,0.307568438003221,0.308544303797468,0.996889580093313,0.998456790123457,0.660714285714286,0.314465408805031,0.998397435897436,0.9984375,0.313291139240506,0.293563579277865,0.996830427892235,0.00165562913907285,0.30622009569378,0.304838709677419,0.00643086816720257,0.309748427672956,0.998435054773083,0.3088,0.998407643312102,0.150793650793651,0.0015625,0.904761904761905,0.320754716981132,0.9984375,1,0,0.00312989045383412,0.31974921630094,0.998397435897436,0.305691056910569,0.995363214837713,0.296950240770466,0.998405103668262,1,0.960191082802548,0.772370486656201,0.998402555910543,0.998392282958199,0.00632911392405063,1,0.530179445350734,0.324149108589951,0.681818181818182,0.317034700315457,0.998417721518987,0.303030303030303,0.684713375796178,0.9984,0.998392282958199,0.311183144246353,0.629402756508423,0.315541601255887,0.600969305331179,0.972668810289389,0.328478964401294,0.612341772151899,0.0141955835962145,0.304975922953451,0.310618066561014,0.310725552050473,0.998344370860927,0.643642072213501,0.299531981279251,0.902086677367576,0.601612903225806,0.970125786163522,0.998422712933754,0.998439937597504,0.307324840764331,0.331715210355987,0.31139646869984,0.309748427672956,0.304140127388535,0.632621951219512,0.301857585139319,0.00157977883096367,0.688350983358548,0.998432601880878,0.311216429699842,0.301435406698565,0.303079416531605,0.312989045383412,0.623417721518987,0.998452012383901,0.326530612244898,0.322734499205087,0.32,0.317384370015949,0.309636650868878,0.312796208530806,0.193146417445483,0.6944,0.304625199362041,0.611801242236025,0.998394863563403,0.24203821656051,0.309148264984227,0.921348314606742,0.998366013071895,0.998412698412698,0.3072,0.648351648351648,0.998415213946117,0.301412872841444,0.296474358974359,0.957996768982229,0.998456790123457,0.998417721518987,0.99837925445705,0.312111801242236,0.998392282958199,0.998435054773083,0.8992,1,0.338095238095238,0.998461538461539,0.607491856677524,0.998427672955975,0.68088467614534,0.302362204724409,0.618357487922705,0.998387096774194,1,0.99203821656051,0.316037735849057,0.308661417322835,0.312297734627832,0.309904153354633,0.319672131147541,0.313001605136437,0.98546042003231,0.304278922345483,0.998397435897436,0.998327759197324,0.717592592592593,0,0.308661417322835,0.317829457364341,0.68944099378882,0.998452012383901,0.572998430141287,0.312024353120244,0.658730158730159,0.305246422893482,0.305194805194805,0.998381877022654,0.302066772655008,0.312811980033278,0.692182410423453,0.909390444810544,0.312874251497006,0.618506493506494,0.59349593495935,0.323854660347551,0.315112540192926,0.292834890965732,0.609794628751975,0.690031152647975,0.998427672955975,0.903225806451613,1,0.673534072900158,0.996794871794872,0.600323624595469,0.303030303030303,0.316993464052288,0.998456790123457,0.998417721518987,0.448165869218501,0.991883116883117,0.996870109546166,0.998420221169036,0.30622009569378,0.319182389937107,1,0.305471124620061,0.695583596214511,0.31687898089172,0.464285714285714,0.289176090468498,0.00157728706624606,0.300787401574803,0.998415213946117,0.998384491114701,0.606973058637084,0.00156494522691706,0.32018927444795,0.314873417721519,0.0990415335463259,0.417218543046358,0.998387096774194,0.998381877022654,0.304416403785489,0.998397435897436,0.424242424242424,1,0.326053042121685,0.601866251944012,0.311111111111111,0.305825242718447,0.998430141287284,0.00161550888529887,0.998402555910543,0.301482701812191,0.310679611650485,0.998430141287284,0.998392282958199,0.998456790123457,0.429725363489499,1,0.306089743589744,0.626771653543307,0.32018927444795,0.316476345840131,0.00313479623824451,0.0401284109149278,0.998373983739837,0.625806451612903,0.998410174880763,0.324409448818898,0.321428571428571,1,0.998397435897436,0.158478605388273,0.309148264984227,0.998454404945904,0.904238618524333,0.998439937597504,0.31619937694704,0.206785137318255,0.677672955974843,0.998425196850394,0.998461538461539,0.998389694041868,0.998387096774194,1,0.285714285714286,0.292332268370607,0.998430141287284,0.120661157024793,0.0016,0.44811320754717,0.00164473684210526,0.314375987361769,0.9984,0.682692307692308,1,0.998444790046656,0.896988906497623,0.998387096774194,0.6875,0.998415213946117,1,0.998405103668262,1
"627",0.3312,0.352220520673813,0.347962382445141,0.355661881977671,0.348031496062992,0.336492890995261,0.0456769983686786,0.350078492935636,0.342229199372057,0.53525641025641,0.343605546995377,0.602184087363494,0.55868544600939,0.346938775510204,0.962025316455696,0.962264150943396,0.588050314465409,0.0377049180327869,0.355769230769231,0.340157480314961,0.960815047021944,0.963141025641026,0.349056603773585,0.481366459627329,0.331797235023041,0.966929133858268,0.968304278922345,0.366612111292962,0.345794392523364,0.57007874015748,0.957613814756672,0.634674922600619,0.3950233281493,0.961715160796325,0.623604465709729,0.345394736842105,0.10062893081761,0.354391371340524,0.962292609351433,0.337920489296636,0.0309119010819165,0.0362776025236593,0.0397553516819572,0.367088607594937,0.34887459807074,0.960691823899371,0.970219435736677,0.963470319634703,0.956656346749226,0.962558502340094,0.661417322834646,0.360576923076923,0.963470319634703,0.350237717908082,0.339506172839506,0.85781990521327,0.082018927444795,0.356687898089172,0.347758887171561,0.357030015797788,0.968895800933126,0.963492063492064,0.965244865718799,0.0234375,0.346774193548387,0.345201238390093,0.628389154704944,0.355095541401274,0.575113808801214,0.961538461538462,0.351681957186544,0.964285714285714,0.971107544141252,0.314332247557003,0.12037037037037,0.354887218045113,0.965891472868217,0.964506172839506,0.360681114551084,0.969354838709677,0.566993464052288,0.965463108320251,0.962382445141066,0.3578125,0.962674961119751,0.36687306501548,0.343402225755167,0.366771159874608,0.360446570972887,0.033587786259542,0.3504,0.354103343465046,0.647058823529412,0.547169811320755,0.34991974317817,0.599085365853659,0.646322378716745,0.351851851851852,0.0884244372990354,0.040625,0.345911949685535,0.5875,0.960753532182104,0.347334410339257,0.955414012738854,0.351014040561622,0.0342679127725857,0.347286821705426,0.9578125,0.965189873417722,0.965785381026439,0.350931677018634,0.971830985915493,0.357142857142857,0.161290322580645,0.344984802431611,0.96583850931677,0.344086021505376,0.960365853658537,0.966824644549763,0.164596273291925,0.342635658914729,0.963246554364472,0.968652037617555,0.3671875,0.957878315132605,0.349397590361446,0.350769230769231,0.32967032967033,0.724924012158055,0.358642972536349,0.964006259780908,0.356576862123613,0.604826546003017,0.370192307692308,0.960061443932412,0.0326086956521739,0.95800933125972,0.407523510971787,0.847790507364975,0.544740973312402,0.556618819776715,0.349606299212598,0.351219512195122,0.965244865718799,0.346811819595645,0.96793893129771,0.340189873417722,0.548929663608563,0.351598173515982,0.961414790996785,0.334384858044164,0.355555555555556,0.345971563981043,0.362204724409449,0.957613814756672,0.335403726708075,0.962145110410095,0.402476780185758,0.359327217125382,0.964777947932619,0.356143079315708,0.961722488038278,0.553627760252366,0.34991974317817,0.971383147853736,0.344827586206897,0.354489164086687,0.370662460567823,0.963358778625954,0.357254290171607,0.968203497615262,0.359872611464968,0.969793322734499,0.35426731078905,0.960191082802548,0.556942277691108,0.333858267716535,0.0191693290734824,0.324281150159744,0.345425867507886,0.961352657004831,0.338582677165354,0.354134165366615,0.348982785602504,0.3578125,0.962204724409449,0.961300309597523,0.358730158730159,0.358814352574103,0.959876543209877,0.963022508038585,0.35981308411215,0.200617283950617,0.027355623100304,0.656832298136646,0.966101694915254,0.0341614906832298,0.35303265940902,0.961832061068702,0.35426731078905,0.344563552833078,0.347758887171561,0.957613814756672,0.961597542242704,0.962025316455696,0.356374807987711,0.357487922705314,0.35,0.639240506329114,0.335433070866142,0.963607594936709,0.365506329113924,0.960127591706539,0.962441314553991,0.396255850234009,0.35725677830941,0.353488372093023,0.354037267080745,0.347758887171561,0.343307086614173,0.609717868338558,0.960567823343849,0.957878315132605,0.343605546995377,0.0313479623824451,0.354938271604938,0.353030303030303,0.351351351351351,0.336990595611285,0.333855799373041,0.350903614457831,0.660436137071651,0.324655436447167,0.34984520123839,0.960191082802548,0.3625,0.964396284829721,0.344086021505376,0.349453978159126,0.34384858044164,0.356687898089172,0.346031746031746,0.971383147853736,0.352941176470588,0.834394904458599,0.966876971608833,0.966205837173579,0.973228346456693,0.965408805031447,0.957680250783699,0.8624,0.961059190031153,0.970496894409938,0.962382445141066,0.34984520123839,0.962145110410095,0.355769230769231,0.0338461538461538,0.965299684542587,0.353941267387944,0.9625,0.353677621283255,0.355345911949686,0.348580441640379,0.38006230529595,0.95748031496063,0.353488372093023,0.958925750394945,0.966309341500766,0.96984126984127,0.961119751166407,0.0344287949921753,0.346273291925466,0.964341085271318,0.968,0.365079365079365,0.962903225806452,0.360123647604328,0.963076923076923,0.960876369327074,0.34775641025641,0.359550561797753,0.335433070866142,0.111811023622047,0.353503184713376,0.0347003154574132,0.553353658536585,0.966666666666667,0.360248447204969,0.357487922705314,0.551301684532925,0.964560862865948,0.9648,0.358184764991896,0.362341772151899,0.956318252730109,0.62111801242236,0.662420382165605,0.333333333333333,0.352,0.978593272171254,0.357030015797788,0.338931297709924,0.96141975308642,0.355694227769111,0.338533541341654,0.960505529225908,0.345794392523364,0.345201238390093,0.3484375,0.349761526232114,0.967032967032967,0.958841463414634,0.963022508038585,0.337559429477021,0.353407290015848,0.0419906687402799,0.972049689440994,0.361022364217252,0.968847352024922,0.963722397476341,0.344512195121951,0.351226993865031,0.333333333333333,0.35031847133758,0.353941267387944,0.963949843260188,0.339712918660287,0.333850931677019,0.536858974358974,0.967340590979782,0.794348508634223,0.962323390894819,0.0423861852433281,0.95968992248062,0.360182370820669,0.960254372019078,0.96969696969697,0.382716049382716,0.962674961119751,0.35126582278481,0.96177370030581,0.334905660377358,0.341692789968652,0.33843797856049,0.968102073365231,0.961715160796325,0.348909657320872,0.434146341463415,0.580226904376013,0.340222575516693,0.957613814756672,0.963375796178344,0.962085308056872,0.363344051446945,0.961538461538462,0.169014084507042,0.961059190031153,0.96411856474259,0.959119496855346,0.962382445141066,0.348623853211009,0.963258785942492,0.344605475040258,0.361769352290679,0.647709320695103,0.332802547770701,0.9640625,0.352484472049689,0.346625766871166,0.347402597402597,0.963317384370016,0.341984732824427,0.966507177033493,0.356374807987711,0.518633540372671,0.356357927786499,0.358520900321543,0.355590062111801,0.95852534562212,0.3484375,0.347003154574132,0.961240310077519,0.958204334365325,0.352307692307692,0.342679127725857,0.962616822429907,0.444615384615385,0.348171701112878,0.356697819314642,0.36405529953917,0.653786707882535,0.963607594936709,0.33868378812199,0.960691823899371,0.381180223285486,0.342271293375394,0.0398162327718224,0.924242424242424,0.35828025477707,0.359497645211931,0.036036036036036,0.0643642072213501,0.979495268138801,0.338072669826224,0.962323390894819,0.346031746031746,0.34248788368336,0.960380348652932,0.355140186915888,0.358490566037736,0.629860031104199,0.96411856474259,0.353677621283255,0.364649681528662,0.965023847376789,0.346094946401225,0.343499197431782,0.960629921259842,0.302469135802469,0.348580441640379,0.357032457496136,0.360890302066773,0.84031007751938,0.961240310077519,0.946624803767661,0.961832061068702,0.965408805031447,0.0345911949685535,0.965732087227414,0.967136150234742,0.96937212863706,0.394695787831513,0.969648562300319,0.334351145038168,0.969465648854962,0.363924050632911,0.969183359013868,0.568807339449541,0.596330275229358,0.344773790951638,0.349157733537519,0.60625,0.347266881028939,0.0328638497652582,0.59253499222395,0.650793650793651,0.352850539291217,0.0329153605015674,0.346394984326019,0.339563862928349,0.727416798732171,0.361240310077519,0.649612403100775,0.556836902800659,0.348101265822785,0.361408882082695,0.33641975308642,0.973228346456693,0.0253731343283582,0.0407166123778502,0.345201238390093,0.355590062111801,0.36055469953775,0.957943925233645,0.303599374021909,0.354037267080745,0.962441314553991,0.346273291925466,0.984227129337539,0.54066985645933,0.961119751166407,0.958397534668721,0.966722129783694,0.353211009174312,0.571865443425077,0.349693251533742,0.351524879614767,0.351014040561622,0.377125193199382,0.96984126984127,0.343213728549142,0.960815047021944,0.356451612903226,0.353130016051364,0.962962962962963,0.346153846153846,0.959881129271917,0.35377358490566,0.963779527559055,0.963665086887836,0.344339622641509,0.0315457413249211,0.960426179604262,0.353488372093023,0.965079365079365,0.609717868338558,0.961597542242704,0.472222222222222,0.958966565349544,0.597826086956522,0.960443037974684,0.346278317152104,0.959183673469388,0.967441860465116,0.958074534161491,0.346394984326019,0.352090032154341,0.356374807987711,0.38610662358643,0.300492610837438,0.34009360374415,0.964912280701754,0.360062893081761,0.959216965742251,0.96319018404908,0.352755905511811,0.351735015772871,0.356374807987711,0.423676012461059,0.355828220858896,0.964506172839506,0.956856702619414,0.36150234741784,0.357945425361156,0.5904,0.55784469096672,0.349157733537519,0.35377358490566,0.960753532182104,0.344773790951638,0.342024539877301,0.956181533646322,0.333333333333333,0.34375,0.0375,0.105343511450382,0.35377358490566,0.650986342943854,0.344497607655502,0.353488372093023,0.556942277691108,0.958268933539413,0.341692789968652,0.965571205007825,0.3546875,0.382075471698113,0.3390625,0.521604938271605,0.341232227488152,0.970779220779221,0.354587869362364,0.363067292644757,0.3664,0.65891472868217,0.959742351046699,0.3616,0.350308641975309,0.0362204724409449,0.354489164086687,0.961965134706815,0.984615384615385,0.963949843260188,0.356589147286822,0.36150234741784,0.339116719242902,0.549382716049383,0.961227786752827,0.549679487179487,0.362041467304625,0.963414634146341,0.964669738863287,0.989096573208723,0.64171974522293,0.356697819314642,0.396578538102644,0.353582554517134,0.344186046511628,0.965463108320251,0.960725075528701,0.473186119873817,0.594679186228482,0.963607594936709,0.962323390894819,0.961890243902439,0.658767772511848,0.965785381026439,0.355725190839695,0.657643312101911,0.956989247311828,0.351937984496124,0.352664576802508,0.356807511737089,0.967441860465116,0.967441860465116,0.589951377633712,0.362928348909657,0.962204724409449,0.965732087227414,0.362363919129082,0.343260188087774,0.957943925233645,0.0407166123778502,0.348580441640379,0.3421875,0.0284810126582278,0.35548686244204,0.958904109589041,0.3312,0.96551724137931,0.114374034003091,0.031104199066874,0.864535768645358,0.361240310077519,0.958841463414634,0.968602825745683,0.0356037151702786,0.0307219662058372,0.357142857142857,0.97191887675507,0.338118022328549,0.966565349544073,0.346518987341772,0.965354330708661,0.960191082802548,1,0.761682242990654,0.959935897435897,0.959871589085072,0.0327613104524181,0.962962962962963,0.479674796747967,0.352201257861635,0.640986132511556,0.360429447852761,0.961844197138315,0.345483359746434,0.641065830721003,0.962085308056872,0.957680250783699,0.34748427672956,0.59304084720121,0.35625,0.559429477020602,0.993690851735016,0.363349131121643,0.575039494470774,0.0296411856474259,0.345201238390093,0.353211009174312,0.346687211093991,0.966183574879227,0.596302003081664,0.340557275541796,0.929577464788732,0.549520766773163,0.99079754601227,0.964230171073095,0.964669738863287,0.345256609642302,0.378421900161031,0.335463258785943,0.360808709175739,0.340157480314961,0.577160493827161,0.341867469879518,0.035548686244204,0.639517345399698,0.965571205007825,0.360123647604328,0.332810047095761,0.348534201954397,0.350152905198777,0.566770186335404,0.960183767228178,0.37037037037037,0.372239747634069,0.357827476038339,0.350769230769231,0.344827586206897,0.3421875,0.159509202453988,0.640699523052464,0.353870458135861,0.566153846153846,0.961059190031153,0.2046875,0.35062893081761,0.960063897763578,0.966019417475728,0.962323390894819,0.349056603773585,0.613458528951487,0.961300309597523,0.348228043143297,0.327014218009479,0.977812995245642,0.964396284829721,0.963836477987421,0.9584,0.350387596899225,0.961180124223602,0.961119751166407,0.850863422291994,0.96551724137931,0.386153846153846,0.964939024390244,0.552845528455285,0.965785381026439,0.639191290824261,0.337559429477021,0.56418383518225,0.963258785942492,0.965244865718799,0.963949843260188,0.354294478527607,0.356589147286822,0.3584,0.361370716510903,0.3456,0.364365971107544,0.9824,0.340557275541796,0.963549920760697,0.962046204620462,0.697965571205008,0.0285714285714286,0.350387596899225,0.354838709677419,0.651162790697674,0.963246554364472,0.5265625,0.356374807987711,0.613707165109034,0.343402225755167,0.357371794871795,0.959247648902821,0.34009360374415,0.345454545454545,0.644444444444444,0.877887788778878,0.355654761904762,0.567783094098884,0.544728434504792,0.3515625,0.35,0.340062111801242,0.549689440993789,0.645161290322581,0.961479198767334,0.930340557275542,0.964723926380368,0.635658914728682,0.96656050955414,0.562700964630225,0.352112676056338,0.353968253968254,0.96319018404908,0.962962962962963,0.385579937304075,0.973015873015873,0.963949843260188,0.966049382716049,0.344287949921753,0.363636363636364,0.966613672496025,0.352671755725191,0.646417445482866,0.357594936708861,0.424050632911392,0.341692789968652,0.0358814352574103,0.339009287925697,0.965408805031447,0.959612277867528,0.567026194144838,0.03125,0.362790697674419,0.355555555555556,0.127760252365931,0.416129032258065,0.963665086887836,0.965023847376789,0.3421875,0.970358814352574,0.376788553259142,0.967741935483871,0.350076103500761,0.55177743431221,0.349378881987578,0.357142857142857,0.965408805031447,0.0385852090032154,0.961722488038278,0.346278317152104,0.345541401273885,0.964451313755796,0.963779527559055,0.966205837173579,0.467304625199362,0.964912280701754,0.351822503961965,0.584992343032159,0.363354037267081,0.361736334405145,0.0368098159509202,0.0171606864274571,0.957654723127036,0.590625,0.9632,0.356357927786499,0.358974358974359,0.962025316455696,0.967032967032967,0.130914826498423,0.346456692913386,0.963302752293578,0.859111791730475,0.964396284829721,0.347286821705426,0.158982511923688,0.629800307219662,0.964285714285714,0.964939024390244,0.960254372019078,0.964968152866242,0.963581183611533,0.316358024691358,0.34488188976378,0.965785381026439,0.096,0.0363924050632911,0.406593406593407,0.0390879478827362,0.352664576802508,0.965785381026439,0.642072213500785,0.970358814352574,0.967791411042945,0.847352024922118,0.9671875,0.648148148148148,0.9640625,0.96656050955414,0.965189873417722,0.967441860465116
"628",0.515055467511886,0.520376175548589,0.523364485981308,0.528125,0.521538461538462,0.510903426791277,0.238546603475513,0.531847133757962,0.520865533230294,0.55609756097561,0.513595166163142,0.533646322378717,0.511923688394277,0.5390625,0.789389067524116,0.772230889235569,0.556765163297045,0.233494363929147,0.531645569620253,0.512539184952978,0.7601246105919,0.770334928229665,0.533536585365854,0.557781201848998,0.531013615733737,0.769706336939722,0.768370607028754,0.528180354267311,0.541478129713424,0.540880503144654,0.784496124031008,0.563467492260062,0.522342064714946,0.775541795665635,0.471138845553822,0.508972267536705,0.367127496159754,0.513056835637481,0.773006134969325,0.509984639016897,0.217928902627512,0.212732919254658,0.230769230769231,0.527386541471048,0.521462639109698,0.772655007949126,0.780757097791798,0.774885145482389,0.771956856702619,0.768992248062015,0.483969465648855,0.534181240063593,0.772445820433437,0.516329704510109,0.518518518518518,0.631083202511774,0.343898573692552,0.530708661417323,0.52824427480916,0.539308176100629,0.765891472868217,0.77151799687011,0.782608695652174,0.229329173166927,0.512779552715655,0.529503105590062,0.537984496124031,0.528505392912173,0.546142208774584,0.765337423312883,0.513975155279503,0.772012578616352,0.76537216828479,0.484751203852327,0.385321100917431,0.534743202416918,0.7673343605547,0.775384615384615,0.528213166144201,0.7808,0.571197411003236,0.784711388455538,0.790625,0.546728971962617,0.782208588957055,0.521276595744681,0.514866979655712,0.5265625,0.519685039370079,0.216589861751152,0.526645768025078,0.525602409638554,0.488299531981279,0.576036866359447,0.515248796147673,0.53393665158371,0.476851851851852,0.516871165644172,0.358851674641148,0.234930448222566,0.519685039370079,0.547880690737834,0.7859375,0.527070063694268,0.767080745341615,0.529225908372828,0.23208722741433,0.528682170542636,0.755102040816326,0.769706336939722,0.761978361669243,0.52,0.77639751552795,0.522480620155039,0.41358024691358,0.519519519519519,0.782071097372488,0.537867078825348,0.768292682926829,0.777952755905512,0.413416536661466,0.528125,0.767801857585139,0.767772511848341,0.529953917050691,0.769585253456221,0.521674140508221,0.513677811550152,0.585023400936037,0.899543378995434,0.52112676056338,0.774494556765163,0.535714285714286,0.517189835575486,0.529411764705882,0.768996960486322,0.236111111111111,0.781733746130031,0.443932411674347,0.886581469648562,0.566037735849057,0.578703703703704,0.510172143974961,0.530063291139241,0.778461538461538,0.521472392638037,0.769578313253012,0.520249221183801,0.505327245053272,0.528158295281583,0.784911717495987,0.510108864696734,0.534267912772586,0.53125,0.52755905511811,0.766718506998445,0.515673981191223,0.751987281399046,0.599388379204893,0.521739130434783,0.781055900621118,0.529500756429652,0.775888717156105,0.57007874015748,0.515673981191223,0.766091051805338,0.536776212832551,0.520249221183801,0.538827258320127,0.765432098765432,0.53582554517134,0.784711388455538,0.537151702786378,0.756211180124224,0.532488114104596,0.769592476489028,0.547839506172839,0.505376344086022,0.2576,0.506309148264984,0.52099533437014,0.773082942097027,0.508580343213729,0.530139103554869,0.521739130434783,0.518867924528302,0.765625,0.775384615384615,0.54066985645933,0.533751962323391,0.777099236641221,0.784037558685446,0.527950310559006,0.47900466562986,0.241641337386018,0.483076923076923,0.759630200308166,0.223255813953488,0.52073732718894,0.780674846625767,0.541269841269841,0.516030534351145,0.512461059190031,0.778471138845554,0.784522003034901,0.780254777070064,0.525914634146341,0.520440251572327,0.519260400616333,0.479365079365079,0.513260530421217,0.767255216693419,0.506849315068493,0.767660910518053,0.763322884012539,0.624615384615385,0.515723270440252,0.512307692307692,0.529230769230769,0.520061728395062,0.522508038585209,0.535603715170279,0.757575757575758,0.777434312210201,0.517611026033691,0.228658536585366,0.531107738998483,0.52623688155922,0.529595015576324,0.518633540372671,0.506172839506173,0.530827067669173,0.498452012383901,0.579908675799087,0.514018691588785,0.763239875389408,0.518053375196232,0.76049766718507,0.524390243902439,0.503164556962025,0.521739130434783,0.516975308641975,0.511146496815287,0.761682242990654,0.522273425499232,0.573415765069552,0.756671899529042,0.774390243902439,0.775316455696203,0.763239875389408,0.774603174603175,0.883386581469649,0.769585253456221,0.763157894736842,0.755725190839695,0.532824427480916,0.769349845201238,0.52827140549273,0.222054380664653,0.762345679012346,0.565548780487805,0.780564263322884,0.527301092043682,0.529874213836478,0.524256651017214,0.565560821484992,0.777777777777778,0.511591962905719,0.765258215962441,0.771689497716895,0.765163297045101,0.772657450076805,0.225856697819315,0.517884914463453,0.779320987654321,0.775351014040562,0.533541341653666,0.776212832550861,0.539657853810264,0.763277693474962,0.782945736434108,0.516329704510109,0.535657686212361,0.504643962848297,0.356357927786499,0.525984251968504,0.233281493001555,0.576980568011958,0.764705882352941,0.522137404580153,0.510204081632653,0.571646341463415,0.757341576506955,0.771428571428571,0.541269841269841,0.540752351097179,0.76271186440678,0.502347417840376,0.495283018867925,0.513470681458003,0.538827258320127,0.783866057838661,0.52639751552795,0.521212121212121,0.774390243902439,0.529503105590062,0.509954058192956,0.770061728395062,0.506349206349206,0.524767801857585,0.523006134969325,0.514866979655712,0.777950310559006,0.781109445277361,0.785714285714286,0.513219284603421,0.547880690737834,0.228748068006182,0.764521193092622,0.532051282051282,0.775417298937785,0.768518518518518,0.510736196319018,0.523378582202112,0.510802469135803,0.525902668759812,0.521875,0.774960380348653,0.518808777429467,0.522620904836194,0.56031746031746,0.784732824427481,0.900158478605388,0.765990639625585,0.2203125,0.768518518518518,0.524812030075188,0.776212832550861,0.783227848101266,0.574730354391371,0.774885145482389,0.52373417721519,0.782805429864253,0.512383900928793,0.510971786833856,0.513595166163142,0.776212832550861,0.779141104294479,0.525581395348837,0.4384,0.540247678018576,0.511773940345369,0.76625386996904,0.785714285714286,0.765822784810127,0.521943573667712,0.769113149847095,0.422360248447205,0.773790951638066,0.761006289308176,0.777955271565495,0.783825816485226,0.518181818181818,0.765527950310559,0.521669341894061,0.531152647975078,0.46417445482866,0.509523809523809,0.768503937007874,0.54601226993865,0.516768292682927,0.516962843295638,0.775510204081633,0.498498498498498,0.770932069510269,0.522796352583587,0.496960486322188,0.544891640866873,0.536507936507936,0.507020280811232,0.775541795665635,0.517996870109546,0.515673981191223,0.773082942097027,0.778637770897833,0.519877675840979,0.517884914463453,0.768867924528302,0.540958268933539,0.526232114467409,0.541085271317829,0.524464831804281,0.478461538461538,0.770932069510269,0.497622820919176,0.763239875389408,0.566096423017107,0.527821939586645,0.225,0.661068702290076,0.516640253565769,0.525660964230171,0.241741741741742,0.263650546021841,0.76875,0.519561815336463,0.772012578616352,0.5265625,0.508064516129032,0.784037558685446,0.52824427480916,0.532507739938081,0.482758620689655,0.777434312210201,0.537007874015748,0.517774343122102,0.787638668779715,0.513975155279503,0.519872813990461,0.775862068965517,0.554699537750385,0.521739130434783,0.509259259259259,0.529874213836478,0.59253499222395,0.773006134969325,0.816745655608215,0.773413897280967,0.785266457680251,0.232704402515723,0.772382397572079,0.771604938271605,0.778294573643411,0.563380281690141,0.781102362204724,0.526395173453997,0.775914634146341,0.537617554858934,0.781874039938556,0.572072072072072,0.51702786377709,0.530487804878049,0.529680365296804,0.527950310559006,0.527070063694268,0.237730061349693,0.51875,0.503949447077409,0.51617873651772,0.225656877897991,0.52099533437014,0.515527950310559,0.884735202492212,0.529862174578867,0.470769230769231,0.547923322683706,0.527131782945736,0.537993920972644,0.511591962905719,0.778662420382166,0.242647058823529,0.221508828250401,0.525345622119816,0.524256651017214,0.489164086687306,0.781201848998459,0.545166402535658,0.528593508500773,0.764705882352941,0.508396946564886,0.729230769230769,0.562893081761006,0.772445820433437,0.770167427701674,0.770867430441899,0.531393568147014,0.568807339449541,0.534039334341906,0.496794871794872,0.520440251572327,0.569465648854962,0.764331210191083,0.524922118380062,0.778125,0.515974440894569,0.5136,0.765151515151515,0.526898734177215,0.790030211480363,0.530326594090202,0.773584905660377,0.771875,0.534039334341906,0.222047244094488,0.766666666666667,0.530959752321981,0.77984496124031,0.576982892690513,0.78,0.557275541795666,0.767371601208459,0.572542901716069,0.781847133757962,0.540412044374009,0.772585669781931,0.767441860465116,0.770290964777948,0.532710280373832,0.526315789473684,0.528158295281583,0.486486486486487,0.543548387096774,0.524031007751938,0.768740031897927,0.520249221183801,0.783387622149837,0.774583963691377,0.5203125,0.522906793048973,0.512232415902141,0.434984520123839,0.529141104294479,0.768996960486322,0.791476407914764,0.526153846153846,0.537007874015748,0.547880690737834,0.549520766773163,0.527777777777778,0.514820592823713,0.766666666666667,0.529953917050691,0.526475037821483,0.770670826833073,0.52588996763754,0.52112676056338,0.217592592592593,0.36687306501548,0.520610687022901,0.476047904191617,0.511811023622047,0.529230769230769,0.583717357910906,0.771251931993818,0.511811023622047,0.771604938271605,0.519500780031201,0.491392801251956,0.523364485981308,0.474006116207951,0.5296875,0.776167471819646,0.501538461538461,0.518987341772152,0.531446540880503,0.471212121212121,0.779904306220096,0.516693163751987,0.525993883792049,0.222222222222222,0.522727272727273,0.777434312210201,0.741301059001513,0.791987673343606,0.510835913312694,0.522205206738132,0.517241379310345,0.5625,0.760697305863708,0.558730158730159,0.520569620253165,0.770992366412214,0.780525502318393,0.774844720496894,0.471698113207547,0.533018867924528,0.473684210526316,0.517611026033691,0.535493827160494,0.773228346456693,0.759878419452888,0.557661927330174,0.525984251968504,0.785046728971963,0.763975155279503,0.774539877300613,0.491338582677165,0.774844720496894,0.521804511278195,0.474258970358814,0.774242424242424,0.534883720930233,0.520504731861199,0.511041009463722,0.774343122102009,0.779122541603631,0.526315789473684,0.518461538461538,0.793798449612403,0.772865853658537,0.537290715372907,0.524691358024691,0.776911076443058,0.229903536977492,0.526315789473684,0.513343799058085,0.226771653543307,0.526717557251908,0.773700305810398,0.532591414944356,0.764341085271318,0.359877488514548,0.223744292237443,0.876506024096386,0.534883720930233,0.763277693474962,0.774494556765163,0.221879815100154,0.22782874617737,0.520186335403727,0.785493827160494,0.508885298869144,0.783987915407855,0.507836990595611,0.768992248062015,0.772370486656201,0.761682242990654,1,0.773291925465838,0.762870514820593,0.231124807395994,0.762917933130699,0.560260586319218,0.523809523809524,0.463414634146341,0.539291217257319,0.762790697674419,0.510204081632653,0.486739469578783,0.785826771653543,0.775,0.506309148264984,0.533033033033033,0.524767801857585,0.560250391236307,0.761006289308176,0.529042386185243,0.529230769230769,0.253086419753086,0.503888024883359,0.523291925465838,0.529141104294479,0.766881028938907,0.520673813169985,0.512232415902141,0.688372093023256,0.561128526645768,0.763993948562784,0.776049766718507,0.784522003034901,0.507064364207221,0.508828250401284,0.525396825396825,0.524539877300613,0.508500772797527,0.546707503828484,0.519938650306748,0.226299694189602,0.478454680534918,0.785604900459418,0.514820592823713,0.528662420382166,0.528662420382166,0.509118541033435,0.570532915360502,0.76840490797546,0.531782945736434,0.528861154446178,0.533011272141707,0.52418096723869,0.527522935779816,0.519500780031201,0.407914764079148,0.497637795275591,0.53198127925117,0.566615620214395,0.791925465838509,0.468412942989214,0.528861154446178,0.729264475743349,0.790660225442834,0.768875192604006,0.532724505327245,0.521406727828746,0.773993808049536,0.503125,0.512539184952978,0.752773375594295,0.76030534351145,0.777089783281734,0.77373417721519,0.52093023255814,0.793700787401575,0.769470404984424,0.879256965944272,0.782334384858044,0.503058103975535,0.770045385779123,0.558917197452229,0.768388106416275,0.481366459627329,0.521875,0.571428571428571,0.767405063291139,0.773846153846154,0.792125984251968,0.525502318392581,0.521472392638037,0.532591414944356,0.527522935779816,0.518341307814992,0.540157480314961,0.768025078369906,0.514459665144597,0.783825816485226,0.764415156507414,0.938080495356037,0.217527386541471,0.521936459909228,0.521472392638037,0.476780185758514,0.777272727272727,0.575193798449612,0.524096385542169,0.520123839009288,0.521943573667712,0.524564183835182,0.761829652996845,0.528682170542636,0.516908212560386,0.877934272300469,0.878594249201278,0.539823008849557,0.558730158730159,0.564668769716088,0.53416149068323,0.514913657770801,0.507668711656442,0.564615384615385,0.478260869565217,0.770061728395062,0.683385579937304,0.779969650986343,0.472560975609756,0.777424483306836,0.56687898089172,0.526315789473684,0.528571428571429,0.786259541984733,0.7765625,0.568992248062016,0.785031847133758,0.769465648854962,0.782407407407407,0.533858267716535,0.538102643856921,0.77337559429477,0.527941176470588,0.485362095531587,0.528481012658228,0.571428571428571,0.520504731861199,0.231611893583725,0.505311077389985,0.764797507788162,0.766929133858268,0.543913713405239,0.228915662650602,0.543171114599686,0.525,0.327217125382263,0.601910828025478,0.780907668231612,0.771790808240888,0.521276595744681,0.774844720496894,0.573872472783826,0.783227848101266,0.532738095238095,0.576864535768645,0.521943573667712,0.517295597484277,0.769110764430577,0.207606973058637,0.770932069510269,0.512861736334405,0.515673981191223,0.777265745007681,0.769470404984424,0.765696784073507,0.664050235478807,0.77337559429477,0.519319938176198,0.534668721109399,0.541085271317829,0.520569620253165,0.238828967642527,0.264797507788162,0.765273311897106,0.53416149068323,0.767550702028081,0.520186335403727,0.521531100478469,0.775700934579439,0.765625,0.372093023255814,0.518292682926829,0.771251931993818,0.830769230769231,0.774193548387097,0.533950617283951,0.413249211356467,0.471841704718417,0.773353751914242,0.777947932618683,0.790951638065523,0.770542635658915,0.768292682926829,0.487730061349693,0.525157232704403,0.780674846625767,0.349358974358974,0.234375,0.584758942457232,0.22866344605475,0.528301886792453,0.768160741885626,0.486697965571205,0.768633540372671,0.768875192604006,0.83641975308642,0.762578616352201,0.482280431432974,0.779160186625194,0.780907668231612,0.767885532591415,0.761310452418097
"629",0.290375203915171,0.3136,0.312698412698413,0.330605564648118,0.3104,0.308426073131955,0.0129449838187702,0.318770226537217,0.313291139240506,0.568181818181818,0.31924882629108,0.635930047694754,0.51685393258427,0.321027287319422,1,1,0.62085308056872,0,0.3232,0.309791332263242,1,1,0.315286624203822,0.511290322580645,0.308892355694228,1,1,0.342019543973941,0.312989045383412,0.530081300813008,1,0.598425196850394,0.3734375,0.998407643312102,0.6704,0.306666666666667,0.137876386687797,0.313572542901716,1,0.304821150855365,0.00162074554294976,0,0,0.32475884244373,0.307443365695793,1,0.996779388083736,1,1,1,0.68088467614534,0.322475570032573,1,0.318327974276527,0.32120253164557,0.830917874396135,0.128205128205128,0.313311688311688,0.313694267515924,0.316211878009631,0.993650793650794,1,1,0.00317965023847377,0.31219512195122,0.31378763866878,0.656957928802589,0.3264,0.604006163328197,1,0.317891373801917,1,1,0.272727272727273,0.161904761904762,0.313455657492355,1,0.9984375,0.32120253164557,1,0.596091205211726,1,1,0.326625386996904,1,0.326687116564417,0.313001605136437,0.325984251968504,0.313099041533546,0,0.318770226537217,0.319314641744548,0.690095846645367,0.580093312597201,0.320388349514563,0.645569620253165,0.6864,0.306349206349206,0.115702479338843,0,0.312903225806452,0.621533442088091,1,0.317275747508306,1,0.321543408360129,0,0.311320754716981,1,1,1,0.313195548489666,0.998392282958199,0.318979266347687,0.205371248025276,0.305772230889236,1,0.377567140600316,1,1,0.198098256735341,0.305958132045089,1,1,0.328050713153724,1,0.317901234567901,0.307453416149068,0.365814696485623,0.761682242990654,0.318979266347687,1,0.321543408360129,0.635802469135803,0.327361563517915,1,0.00155763239875389,1,0.373801916932907,0.887043189368771,0.568910256410256,0.587859424920128,0.309409888357257,0.319935691318328,1,0.313195548489666,1,0.302066772655008,0.500792393026941,0.317757009345794,1,0.305958132045089,0.313001605136437,0.320846905537459,0.325806451612903,1,0.307936507936508,1,0.431279620853081,0.322429906542056,1,0.322981366459627,1,0.598070739549839,0.312297734627832,1,0.315619967793881,0.3109375,0.330658105939005,0.990595611285266,0.323717948717949,1,0.321951219512195,1,0.312186978297162,1,0.589622641509434,0.292259083728278,0.0351170568561873,0.294117647058824,0.3168,1,0.304140127388535,0.3168,0.3203125,0.32967032967033,1,1,0.325806451612903,0.323809523809524,1,1,0.319554848966614,0.238170347003155,0.0197268588770865,0.686708860759494,1,0.00158478605388273,0.310344827586207,1,0.317880794701987,0.30298273155416,0.318327974276527,0.998430141287284,1,1,0.327073552425665,0.315960912052117,0.313664596273292,0.679425837320574,0.308306709265176,1,0.33122028526149,1,1,0.445652173913043,0.322115384615385,0.316614420062696,0.322274881516588,0.301587301587302,0.311582381729201,0.636220472440945,1,1,0.313971742543171,0.00158982511923688,0.325038880248834,0.318885448916409,0.323717948717949,0.303125,0.295345104333868,0.313271604938272,0.696774193548387,0.373250388802488,0.300940438871473,1,0.318840579710145,1,0.303738317757009,0.3056,0.311793214862682,0.325878594249201,0.313628899835796,1,0.318110236220472,0.799674267100977,1,1,0.998366013071895,1,1,0.892857142857143,1,1,1,0.3140625,1,0.32183908045977,0,1,0.385579937304075,1,0.316211878009631,0.316211878009631,0.315112540192926,0.419713831478537,1,0.324960753532182,1,1,1,1,0,0.314009661835749,1,1,0.319554848966614,1,0.322378716744914,1,1,0.308186195826645,0.323248407643312,0.296,0.146774193548387,0.331168831168831,0,0.595679012345679,1,0.317034700315457,0.321895424836601,0.585443037974684,1,1,0.33167495854063,0.32741935483871,1,0.659810126582278,0.690322580645161,0.309951060358891,0.313531353135314,0.996918335901387,0.320450885668277,0.298600311041991,1,0.312903225806452,0.304212168486739,1,0.304487179487179,0.318255250403877,0.311004784688995,0.314696485623003,1,1,1,0.304838709677419,0.323671497584541,0.00470219435736677,0.995176848874598,0.320967741935484,1,1,0.306729264475743,0.319444444444444,0.308056872037915,0.32137030995106,0.312796208530806,1,0.303715670436187,0.307453416149068,0.575757575757576,1,0.842787682333874,1,0,1,0.31839258114374,1,1,0.421216848673947,1,0.322950819672131,1,0.302100161550889,0.305379746835443,0.312698412698413,1,1,0.316455696202532,0.402618657937807,0.606158833063209,0.304700162074554,1,1,1,0.328502415458937,1,0.207006369426752,1,1,1,1,0.327073552425665,1,0.312292358803987,0.333865814696486,0.677725118483412,0.295454545454545,1,0.322734499205087,0.310077519379845,0.317589576547231,1,0.306603773584906,1,0.320872274143302,0.483771251931994,0.320251177394035,0.33115823817292,0.315541601255887,1,0.320907617504052,0.306946688206785,1,1,0.321711568938193,0.314102564102564,1,0.475077881619938,0.309677419354839,0.325984251968504,0.326053042121685,0.677265500794913,1,0.291803278688525,1,0.420127795527157,0.311688311688312,0,0.879443585780526,0.308823529411765,0.314696485623003,0,0.0352,0.984076433121019,0.311004784688995,1,0.310509554140127,0.313531353135314,1,0.314728682170543,0.319870759289176,0.670906200317965,1,0.314285714285714,0.317891373801917,1,0.310236220472441,0.302439024390244,1,0.338072669826224,0.303858520900322,0.315047021943574,0.33175355450237,0.801261829652997,1,0.984025559105431,1,1,0.00161290322580645,1,0.998412698412698,1,0.427652733118971,1,0.302362204724409,0.996904024767802,0.326892109500805,1,0.598755832037325,0.631415241057543,0.3140625,0.307448494453249,0.647249190938511,0.31063122923588,0,0.633757961783439,0.687301587301587,0.311424100156495,0.00157728706624606,0.310289389067524,0.310126582278481,0.771615008156607,0.322683706070288,0.679304897314376,0.596434359805511,0.315447154471545,0.315217391304348,0.2944,1,0.0269865067466267,0,0.319620253164557,0.320754716981132,0.328593996840442,1,0.3408,0.30829420970266,1,0.299524564183835,0.936608557844691,0.567260940032415,1,1,0.996627318718381,0.320433436532508,0.596273291925466,0.318252730109204,0.310344827586207,0.315286624203822,0.420221169036335,1,0.305246422893482,1,0.320785597381342,0.322847682119205,1,0.317152103559871,1,0.332263242375602,1,1,0.32120253164557,0,1,0.320634920634921,1,0.574603174603175,1,0.511848341232227,1,0.567307692307692,1,0.31973898858075,1,1,1,0.313880126182965,0.32137030995106,0.311728395061728,0.349180327868852,0.34006734006734,0.313479623824451,1,0.319935691318328,1,1,0.327014218009479,0.314516129032258,0.320433436532508,0.386687797147385,0.317535545023697,1,1,0.330203442879499,0.3216,0.62843295638126,0.5888,0.315286624203822,0.317307692307692,1,0.304975922953451,0.325,0.995260663507109,0.304635761589404,0.312796208530806,0,0.142857142857143,0.317460317460317,0.68558282208589,0.308426073131955,0.318110236220472,0.590837282780411,0.998410174880763,0.315181518151815,1,0.307936507936508,0.345779220779221,0.316211878009631,0.477848101265823,0.313504823151125,1,0.312698412698413,0.32258064516129,0.332778702163062,0.687692307692308,1,0.324149108589951,0.318611987381703,0,0.321144674085851,1,0.95253164556962,1,0.315955766192733,0.319685039370079,0.312202852614897,0.578783151326053,1,0.592169657422512,0.332263242375602,1,1,0.9648,0.679549114331723,0.318979266347687,0.364365971107544,0.314814814814815,0.312202852614897,1,1,0.508064516129032,0.632423756019262,1,1,1,0.702439024390244,1,0.328638497652582,0.681089743589744,1,0.32475884244373,0.318840579710145,0.319422150882825,1,1,0.642262895174709,0.32182103610675,1,1,0.321928460342146,0.312302839116719,1,0,0.312399355877617,0.312602291325696,0.00478468899521531,0.3125,1,0.303715670436187,1,0.150078988941548,0,0.890262751159196,0.325396825396825,1,1,0,0.00156985871271586,0.321259842519685,1,0.313014827018122,0.998449612403101,0.304838709677419,1,0.998402555910543,0.959935897435897,0.773291925465838,1,1,0.00322061191626409,1,0.515650741350906,0.32475884244373,0.67879746835443,0.326984126984127,1,0.300970873786408,0.676190476190476,1,1,0.312297734627832,0.617283950617284,0.328593996840442,0.582381729200653,0.97427652733119,0.336038961038961,0.59904912836767,0.0112721417069243,0.301282051282051,0.315457413249211,0.318037974683544,1,0.640502354788069,0.308641975308642,0.892455858747994,0.584564860426929,0.970172684458399,1,1,0.311708860759494,0.335526315789474,0.3042071197411,0.3125,0.311811023622047,0.616352201257862,0.30503144654088,0,0.683333333333333,1,0.321656050955414,0.309951060358891,0.313408723747981,0.321766561514196,0.604430379746835,1,0.329635499207607,0.326366559485531,0.330081300813008,0.319805194805195,0.311912225705329,0.308681672025723,0.197204968944099,0.682847896440129,0.316639741518578,0.593996840442338,1,0.23968253968254,0.309677419354839,0.915721231766613,1,1,0.304278922345483,0.637658227848101,1,0.313385826771654,0.306089743589744,0.956381260096931,1,1,0.998373983739837,0.317965023847377,1,1,0.887640449438202,1,0.351735015772871,1,0.588424437299035,1,0.675118858954041,0.3072,0.597423510466989,1,1,0.995153473344103,0.324031007751938,0.329093799682035,0.315270935960591,0.31911532385466,0.326194398682043,0.31869918699187,0.985294117647059,0.316535433070866,1,1,0.726415094339623,0,0.315047021943574,0.310832025117739,0.680817610062893,1,0.563694267515924,0.326153846153846,0.6448,0.304065040650407,0.316393442622951,1,0.316639741518578,0.322259136212625,0.696920583468395,0.90547263681592,0.320121951219512,0.598705501618123,0.568403908794788,0.319554848966614,0.318627450980392,0.305379746835443,0.584251968503937,0.683042789223455,1,0.887122416534181,1,0.668769716088328,1,0.588424437299035,0.312698412698413,0.319672131147541,1,1,0.428571428571429,0.99672131147541,1,1,0.309791332263242,0.328548644338118,1,0.308270676691729,0.688783570300158,0.326433121019108,0.456451612903226,0.3024,0,0.308176100628931,1,1,0.600315955766193,0.00159235668789809,0.325984251968504,0.328525641025641,0.098546042003231,0.419834710743802,1,1,0.30952380952381,1,0.409385113268608,1,0.321483771251932,0.584126984126984,0.328478964401294,0.316476345840131,1,0,1,0.307317073170732,0.31139646869984,1,1,1,0.457654723127036,1,0.314873417721519,0.615141955835962,0.32755905511811,0.319218241042345,0.00157977883096367,0.0415335463258786,1,0.622222222222222,1,0.325949367088608,0.32137030995106,1,1,0.17524115755627,0.311811023622047,1,0.896988906497623,1,0.31974921630094,0.196141479099678,0.675675675675676,1,1,1,1,1,0.284820031298905,0.307568438003221,1,0.11525974025974,0.00161550888529887,0.436908517350158,0,0.318327974276527,1,0.6832,1,1,0.883464566929134,1,0.682464454976303,1,1,1,1
"630",0.294303797468354,0.307692307692308,0.305863708399366,0.316211878009631,0.306376360808709,0.295345104333868,0.008,0.315024232633279,0.296703296703297,0.570491803278689,0.30188679245283,0.643856920684292,0.505654281098546,0.314516129032258,1,1,0.618897637795276,0,0.321543408360129,0.3008,1,1,0.31875,0.522012578616352,0.2984375,1,1,0.327841845140033,0.295489891135303,0.493548387096774,1,0.57345971563981,0.358814352574103,0.996820349761526,0.675806451612903,0.303130148270181,0.146189735614308,0.310832025117739,1,0.295665634674923,0.00320512820512821,0,0,0.321951219512195,0.303514376996805,1,0.995207667731629,1,1,1,0.703875968992248,0.3184,1,0.309968847352025,0.300955414012739,0.814696485623003,0.119162640901771,0.3152,0.304075235109718,0.314553990610329,0.99211356466877,1,1,0.00479233226837061,0.304418985270049,0.309968847352025,0.664526484751204,0.317666126418152,0.615853658536585,1,0.306729264475743,1,1,0.268092105263158,0.164296998420221,0.307098765432099,1,0.996860282574568,0.310077519379845,1,0.609756097560976,1,1,0.316279069767442,1,0.317073170731707,0.30622009569378,0.319047619047619,0.3056,0,0.307814992025518,0.32,0.699680511182109,0.586314152410575,0.302588996763754,0.643730886850153,0.693163751987281,0.295886075949367,0.124595469255663,0,0.297297297297297,0.624398073836276,1,0.301612903225806,1,0.302839116719243,0,0.308306709265176,1,1,1,0.297805642633229,0.996860282574568,0.308544303797468,0.209048361934477,0.295208655332303,1,0.384737678855326,1,1,0.201923076923077,0.300632911392405,1,1,0.31832298136646,1,0.311550151975684,0.311349693251534,0.372854914196568,0.755832037325039,0.314516129032258,1,0.318627450980392,0.645061728395062,0.322528363047002,1,0.0015600624024961,1,0.379905808477237,0.88562091503268,0.582938388625592,0.59717868338558,0.310509554140127,0.317741935483871,1,0.301261829652997,1,0.285488958990536,0.485981308411215,0.315870570107858,1,0.304761904761905,0.306581059390048,0.318979266347687,0.3136,1,0.299363057324841,1,0.441455696202532,0.312893081761006,1,0.313971742543171,1,0.590982286634461,0.310177705977383,1,0.307692307692308,0.303656597774245,0.324881141045959,0.987361769352291,0.317535545023697,1,0.314606741573034,1,0.305647840531561,1,0.590909090909091,0.297339593114241,0.0330578512396694,0.288643533123028,0.311912225705329,1,0.299684542586751,0.314375987361769,0.311424100156495,0.320251177394035,1,1,0.314696485623003,0.318611987381703,1,1,0.306836248012719,0.244897959183673,0.0213089802130898,0.697784810126582,1,0.00313971742543171,0.305164319248826,1,0.307817589576547,0.301092043681747,0.304552590266876,0.998435054773083,1,1,0.316279069767442,0.309677419354839,0.308176100628931,0.686998394863563,0.292332268370607,1,0.33122028526149,1,1,0.434504792332268,0.314696485623003,0.304075235109718,0.314696485623003,0.287758346581876,0.303571428571429,0.650563607085346,1,1,0.312302839116719,0.00158227848101266,0.314641744548287,0.306625577812018,0.318327974276527,0.289968652037618,0.299524564183835,0.309119010819165,0.697388632872504,0.374021909233177,0.302652106084243,1,0.312101910828025,1,0.298621745788668,0.296650717703349,0.304625199362041,0.3168,0.298076923076923,1,0.3125,0.786858974358974,1,1,0.996840442338073,1,1,0.894568690095847,1,1,1,0.306122448979592,1,0.316045380875203,0,1,0.391035548686244,1,0.318471337579618,0.310679611650485,0.303656597774245,0.42332268370607,1,0.309486780715397,1,1,1,1,0,0.307448494453249,1,1,0.316455696202532,1,0.308641975308642,1,1,0.301587301587302,0.308562197092084,0.293375394321767,0.151757188498403,0.317152103559871,0,0.599071207430341,1,0.30298273155416,0.3104,0.577952755905512,1,1,0.306055646481178,0.315789473684211,1,0.656692913385827,0.700320512820513,0.290529695024077,0.309562398703404,0.992150706436421,0.31378763866878,0.291603053435115,1,0.29570747217806,0.300787401574803,1,0.29635499207607,0.307814992025518,0.296529968454259,0.315789473684211,1,1,1,0.298578199052133,0.324367088607595,0.00933125972006221,0.993640699523052,0.313311688311688,1,1,0.311526479750779,0.317262830482115,0.294952681388013,0.311004784688995,0.310344827586207,1,0.305958132045089,0.30625,0.578606158833063,1,0.836248012718601,1,0,1,0.313755795981453,1,1,0.425696594427245,0.9984375,0.312803889789303,1,0.297637795275591,0.294952681388013,0.301412872841444,1,1,0.302507836990596,0.397058823529412,0.6256,0.29073482428115,1,1,1,0.311793214862682,1,0.219589257503949,1,1,1,1,0.318681318681319,1,0.301794453507341,0.321259842519685,0.681458003169572,0.298245614035088,1,0.313880126182965,0.308527131782946,0.304700162074554,1,0.304953560371517,1,0.309597523219814,0.463678516228748,0.311216429699842,0.310569105691057,0.307453416149068,1,0.30622009569378,0.296178343949045,1,1,0.318681318681319,0.299212598425197,1,0.492957746478873,0.315705128205128,0.320754716981132,0.315625,0.684952978056426,1,0.284072249589491,1,0.438291139240506,0.295238095238095,0,0.87402799377916,0.310965630114566,0.315955766192733,0,0.0238853503184713,0.979299363057325,0.313195548489666,1,0.309033280507132,0.305418719211823,1,0.319875776397516,0.312101910828025,0.67948717948718,1,0.3056,0.301765650080257,1,0.299843014128728,0.294308943089431,1,0.343122102009274,0.307692307692308,0.309636650868878,0.325878594249201,0.794348508634223,1,0.979430379746835,1,1,0.00158478605388273,1,0.995245641838352,1,0.437299035369775,0.998387096774194,0.296754250386399,0.995398773006135,0.321766561514196,0.998420221169036,0.610859728506787,0.633647798742138,0.316692667706708,0.302362204724409,0.644338118022329,0.305732484076433,0,0.635782747603834,0.689984101748808,0.30829420970266,0.0016,0.300157977883096,0.299373040752351,0.767628205128205,0.320813771517997,0.701112877583466,0.606158833063209,0.308544303797468,0.31104199066874,0.286634460547504,1,0.027027027027027,0,0.309262166405024,0.320695102685624,0.325949367088608,1,0.342948717948718,0.311526479750779,1,0.302003081664099,0.933858267716535,0.575757575757576,1,1,0.99488926746167,0.312788906009245,0.608695652173913,0.317972350230415,0.298507462686567,0.301435406698565,0.427899686520376,1,0.302250803858521,1,0.30718954248366,0.312399355877617,1,0.308064516129032,1,0.314785373608903,1,1,0.316692667706708,0,1,0.317965023847377,1,0.554858934169279,1,0.519685039370079,1,0.5456,1,0.311897106109325,1,1,1,0.305511811023622,0.314516129032258,0.308411214953271,0.343185550082102,0.33112582781457,0.299524564183835,1,0.311111111111111,1,1,0.320251177394035,0.312703583061889,0.29922480620155,0.383012820512821,0.316358024691358,1,1,0.318252730109204,0.314009661835749,0.630048465266559,0.597402597402597,0.300476947535771,0.309294871794872,1,0.301710730948678,0.307926829268293,0.995297805642633,0.294214876033058,0.303030303030303,0,0.148205928237129,0.311793214862682,0.691603053435115,0.307692307692308,0.308661417322835,0.604294478527607,1,0.301948051948052,1,0.305511811023622,0.3424,0.305863708399366,0.464898595943838,0.311111111111111,1,0.306729264475743,0.307568438003221,0.319354838709677,0.696261682242991,1,0.317666126418152,0.316770186335404,0,0.314194577352472,0.998420221169036,0.950155763239875,1,0.31201248049922,0.309636650868878,0.318910256410256,0.583975346687211,1,0.593137254901961,0.320450885668277,1,1,0.960815047021944,0.687106918238994,0.314785373608903,0.353677621283255,0.309597523219814,0.305511811023622,1,1,0.521035598705502,0.636655948553055,1,1,0.998432601880878,0.701954397394137,1,0.313178294573643,0.685624012638231,1,0.316455696202532,0.309409888357257,0.314194577352472,0.998456790123457,1,0.654220779220779,0.317384370015949,1,1,0.316692667706708,0.301261829652997,0.9984375,0,0.307443365695793,0.29951690821256,0.00636942675159236,0.305555555555556,1,0.306089743589744,1,0.153605015673981,0,0.895061728395062,0.315955766192733,1,1,0,0.00156739811912226,0.3184,1,0.305418719211823,0.996951219512195,0.298555377207063,1,0.998392282958199,0.959871589085072,0.762870514820593,1,1,0.00476190476190476,1,0.526916802610114,0.320574162679426,0.685624012638231,0.314465408805031,1,0.287066246056782,0.685214626391097,1,1,0.313408723747981,0.618320610687023,0.31875,0.586370839936609,0.968354430379747,0.319422150882825,0.602218700475436,0.0126782884310618,0.309748427672956,0.310015898251192,0.308426073131955,1,0.636645962732919,0.304761904761905,0.882636655948553,0.592532467532468,0.962848297213622,1,1,0.296,0.32520325203252,0.299837925445705,0.303738317757009,0.299050632911392,0.616564417177914,0.302795031055901,0,0.683890577507599,1,0.312302839116719,0.303858520900322,0.306818181818182,0.317901234567901,0.601255886970173,1,0.325077399380805,0.3232,0.31973898858075,0.310289389067524,0.308892355694228,0.303030303030303,0.199059561128527,0.69047619047619,0.309409888357257,0.59717868338558,1,0.237795275590551,0.3078125,0.91042345276873,1,1,0.298578199052133,0.637083993660856,1,0.309859154929577,0.2992,0.953376205787781,1,1,0.998376623376623,0.309859154929577,1,1,0.900481540930979,1,0.342767295597484,1,0.587662337662338,1,0.679304897314376,0.308544303797468,0.598746081504702,1,1,0.993660855784469,0.319047619047619,0.315217391304348,0.313311688311688,0.309375,0.314238952536825,0.317230273752013,0.982484076433121,0.305863708399366,1,1,0.69620253164557,0,0.312302839116719,0.308176100628931,0.682737169517885,1,0.57345971563981,0.308049535603715,0.650159744408946,0.304552590266876,0.306818181818182,1,0.304625199362041,0.316225165562914,0.675806451612903,0.900813008130081,0.317220543806647,0.608130081300813,0.57741935483871,0.315047021943574,0.315619967793881,0.294488188976378,0.592356687898089,0.686708860759494,1,0.887459807073955,1,0.670295489891135,0.998381877022654,0.588709677419355,0.308661417322835,0.319870759289176,1,1,0.449438202247191,0.995145631067961,1,1,0.30829420970266,0.319182389937107,1,0.309341500765697,0.693023255813954,0.324237560192616,0.468998410174881,0.287974683544304,0,0.307098765432099,1,1,0.598726114649682,0.0015625,0.323390894819466,0.316720257234727,0.0875796178343949,0.404605263157895,1,1,0.309148264984227,1,0.426307448494453,1,0.314900153609831,0.583333333333333,0.31629392971246,0.303317535545024,1,0,1,0.298187808896211,0.313385826771654,1,1,1,0.4375,1,0.310897435897436,0.623639191290824,0.315457413249211,0.322528363047002,0.0015600624024961,0.0446570972886762,1,0.635634028892456,1,0.315619967793881,0.320846905537459,1,1,0.15625,0.302884615384615,1,0.889751552795031,1,0.309486780715397,0.20125786163522,0.67981072555205,1,1,1,1,1,0.270569620253165,0.291993720565149,1,0.124172185430464,0.00161030595813205,0.446540880503145,0,0.313385826771654,1,0.679674796747967,1,1,0.879310344827586,1,0.691472868217054,1,1,1,1
"631",0.688102893890675,0.670866141732283,0.67032967032967,0.648953301127214,0.673879443585781,0.675,0.985645933014354,0.665064102564103,0.668769716088328,0.434294871794872,0.669242658423493,0.362790697674419,0.471518987341772,0.668224299065421,0.004739336492891,0.00631911532385466,0.395348837209302,0.995073891625616,0.661392405063291,0.677621283255086,0.00312989045383412,0.00484652665589661,0.66046511627907,0.485362095531587,0.674311926605505,0.00464396284829721,0.00486223662884927,0.646774193548387,0.681470137825421,0.461538461538462,0.00619195046439629,0.393700787401575,0.622641509433962,0.0031496062992126,0.356466876971609,0.672697368421053,0.882170542635659,0.657320872274143,0.0060882800608828,0.678627145085803,0.995297805642633,0.993730407523511,0.993911719939117,0.657364341085271,0.670364500792393,0.00160513643659711,0.00158478605388273,0.00611620795107034,0.00628930817610063,0.00459418070444104,0.3265625,0.656200941915228,0.0061633281972265,0.663536776212833,0.677115987460815,0.155802861685215,0.900161030595813,0.666666666666667,0.671317829457364,0.660910518053375,0.00465116279069767,0.00470957613814757,0.0063391442155309,0.998410174880763,0.667752442996743,0.665109034267913,0.355345911949686,0.66510172143975,0.395672333848532,0.00463678516228748,0.669291338582677,0.00478468899521531,0.00320512820512821,0.707667731629393,0.860429447852761,0.674772036474164,0.0046875,0,0.667175572519084,0.00481540930979133,0.413290113452188,0.00316455696202532,0.00638977635782748,0.659937888198758,0.00308641975308642,0.661042944785276,0.673534072900158,0.658346333853354,0.663522012578616,0.993769470404984,0.667716535433071,0.657407407407407,0.31974921630094,0.432766615146832,0.668769716088328,0.370199692780338,0.338095238095238,0.675384615384615,0.894480519480519,0.995230524642289,0.670866141732283,0.39047619047619,0.00474683544303797,0.666666666666667,0.00630914826498423,0.664025356576862,0.996884735202492,0.664050235478807,0.00625,0.00465116279069767,0.0062992125984252,0.676470588235294,0.00314465408805031,0.662480376766091,0.82225656877898,0.67737003058104,0.0047244094488189,0.642967542503864,0.00610687022900763,0.0047244094488189,0.814352574102964,0.675590551181102,0.0046656298600311,0.00483870967741936,0.660060975609756,0.00614439324116743,0.671686746987952,0.668721109399075,0.653125,0.240853658536585,0.667726550079491,0.00623052959501558,0.656597774244833,0.375766871165644,0.650974025974026,0.00612557427258806,0.9984375,0.0046801872074883,0.607476635514019,0.10586319218241,0.431309904153355,0.41390205371248,0.667716535433071,0.66612641815235,0.00627943485086342,0.6734375,0.00606980273141123,0.6796875,0.486024844720497,0.660578386605784,0.00630914826498423,0.677165354330709,0.671406003159558,0.665615141955836,0.664050235478807,0.00630914826498423,0.675507020280811,0.00475435816164818,0.589905362776025,0.657276995305164,0.00470219435736677,0.660091047040971,0.00470219435736677,0.42515923566879,0.661835748792271,0.00473186119873817,0.668740279937792,0.664596273291925,0.650159744408946,0.00465116279069767,0.65511811023622,0.00313479623824451,0.660910518053375,0.00467289719626168,0.670454545454545,0.00315457413249211,0.415094339622642,0.681889763779528,0.977346278317152,0.680445151033386,0.672839506172839,0.00627943485086342,0.684952978056426,0.657894736842105,0.664576802507837,0.65625,0.00625978090766823,0.00460829493087558,0.659127625201939,0.663009404388715,0.00461538461538462,0.00318979266347687,0.66046511627907,0.7859375,0.989312977099237,0.325471698113208,0.00313479623824451,1,0.668224299065421,0.00612557427258806,0.661264181523501,0.67629179331307,0.671361502347418,0.00467289719626168,0.00459418070444104,0.00482315112540193,0.658536585365854,0.662358642972536,0.666666666666667,0.33968253968254,0.679245283018868,0.00476947535771065,0.6464,0.00473186119873817,0.00471698113207547,0.566037735849057,0.661367249602544,0.658986175115207,0.65615141955836,0.672955974842767,0.671474358974359,0.3640625,0.00478468899521531,0.0046656298600311,0.670826833073323,1,0.654853620955316,0.670229007633588,0.66875,0.68160741885626,0.677672955974843,0.669207317073171,0.321766561514196,0.657320872274143,0.672926447574335,0.00319488817891374,0.662420382165605,0.00463678516228748,0.679626749611198,0.678740157480315,0.669278996865204,0.654838709677419,0.671474358974359,0.00318979266347687,0.667189952904239,0.183835182250396,0.0046875,0.00308641975308642,0.00159235668789809,0.00315457413249211,0.0063391442155309,0.10223642172524,0.0062992125984252,0.00309119010819165,0.00462962962962963,0.668202764976959,0.0046875,0.662295081967213,0.995461422087746,0.00471698113207547,0.638198757763975,0.00626959247648903,0.666141732283465,0.65814696485623,0.661442006269592,0.594551282051282,0.0062402496099844,0.662037037037037,0.00631911532385466,0.0045662100456621,0.0046656298600311,0.0061633281972265,0.996884735202492,0.670364500792393,0.00619195046439629,0.00319488817891374,0.666144200626959,0.0048780487804878,0.657894736842105,0.0031104199066874,0.0031104199066874,0.673566878980892,0.6608,0.680817610062893,0.877165354330709,0.657643312101911,0.995305164319249,0.415644171779141,0.0031496062992126,0.670295489891135,0.667189952904239,0.431432973805855,0.00625978090766823,0.00483870967741936,0.66025641025641,0.655763239875389,0.00614439324116743,0.361370716510903,0.317384370015949,0.672985781990521,0.662358642972536,0.00612557427258806,0.652713178294574,0.680851063829787,0.0062015503875969,0.671875,0.6801872074883,0.00155763239875389,0.679304897314376,0.666144200626959,0.672926447574335,0.672413793103448,0.00474683544303797,0.00453857791225416,0.0016,0.673015873015873,0.662440570522979,0.985849056603774,0.00157977883096367,0.659842519685039,0.00460122699386503,0.003125,0.671317829457364,0.65891472868217,0.674015748031496,0.668769716088328,0.670295489891135,0.00628930817610063,0.67304625199362,0.671361502347418,0.438095238095238,0.00311526479750779,0.16403785488959,0.00476947535771065,0.993779160186625,0.00625,0.663622526636225,0.00478468899521531,0.00316957210776545,0.593558282208589,0.0046583850931677,0.664526484751204,0.00455927051671732,0.675968992248062,0.676145339652449,0.67398119122257,0.00316455696202532,0.00462962962962963,0.660910518053375,0.596122778675283,0.396166134185303,0.678972712680578,0.00617283950617284,0.00483091787439614,0.00634920634920635,0.662420382165605,0.00460829493087558,0.814173228346457,0.00474683544303797,0.00470219435736677,0.00157977883096367,0.00628930817610063,0.655913978494624,0.00637958532695375,0.66612641815235,0.655226209048362,0.333333333333333,0.67879746835443,0.00470219435736677,0.666666666666667,0.672256097560976,0.66877971473851,0.00474683544303797,0.680722891566265,0.00644122383252818,0.660522273425499,0.507042253521127,0.665086887835703,0.656050955414013,0.67192429022082,0.00469483568075117,0.660828025477707,0.678233438485804,0.00467289719626168,0.00467289719626168,0.663536776212833,0.672413793103448,0.00313971742543171,0.533127889060092,0.67304625199362,0.659937888198758,0.655226209048362,0.336463223787167,0.00638977635782748,0.690322580645161,0.00314465408805031,0.605633802816901,0.682539682539683,0.993779160186625,0.0961832061068702,0.662420382165605,0.659842519685039,0.997014925373134,0.961965134706815,0.0108359133126935,0.668253968253968,0.00625978090766823,0.675590551181102,0.663414634146341,0.00470957613814757,0.656877897990726,0.663536776212833,0.342271293375394,0.00630914826498423,0.657320872274143,0.661341853035144,0.00634920634920635,0.670788253477589,0.676848874598071,0.00477707006369427,0.68167701863354,0.679365079365079,0.663594470046083,0.653061224489796,0.178736517719569,0.00464396284829721,0.01743264659271,0.00300751879699248,0.00471698113207547,0.998410174880763,0.0046583850931677,0.00310077519379845,0.0015527950310559,0.594637223974763,0.00478468899521531,0.675507020280811,0.00307219662058372,0.650793650793651,0.00156494522691706,0.4047976011994,0.377329192546584,0.666156202143951,0.671361502347418,0.375196232339089,0.666666666666667,0.995327102803738,0.377567140600316,0.328100470957614,0.664596273291925,0.993769470404984,0.670278637770898,0.675590551181102,0.239234449760766,0.6546875,0.327639751552795,0.418789808917197,0.662992125984252,0.667692307692308,0.683307332293292,0.00316455696202532,0.982035928143713,0.995098039215686,0.669811320754717,0.650621118012422,0.664596273291925,0.0046801872074883,0.67981072555205,0.669278996865204,0.00476190476190476,0.674961119751166,0.0455259026687598,0.445350734094617,0.00625,0.00611620795107034,0.00165837479270315,0.664605873261206,0.403053435114504,0.668702290076336,0.671009771986971,0.669316375198728,0.608024691358025,0.00478468899521531,0.674603174603175,0.00641025641025641,0.663961038961039,0.675850891410049,0.00307219662058372,0.666134185303514,0.00606980273141123,0.666136724960254,0.0046875,0.00631911532385466,0.662519440124417,0.998417721518987,0.00614439324116743,0.65990639625585,0.00316455696202532,0.419504643962848,0.00614439324116743,0.510046367851623,0.00461538461538462,0.418641390205371,0.00480769230769231,0.661904761904762,0.0062402496099844,0.003125,0.00617283950617284,0.667721518987342,0.65818759936407,0.668181818181818,0.645264847512038,0.689935064935065,0.671406003159558,0.00159489633173844,0.65987460815047,0.00657894736842105,0.0060882800608828,0.656923076923077,0.667721518987342,0.672839506172839,0.595911949685535,0.666153846153846,0.00462249614791988,0.00614439324116743,0.6578125,0.655007949125596,0.380726698262243,0.419558359621451,0.671383647798742,0.657097288676236,0.004739336492891,0.674015748031496,0.66969696969697,0.00481540930979133,0.672131147540984,0.670295489891135,0.995268138801262,0.878603945371775,0.669303797468354,0.333333333333333,0.673566878980892,0.658878504672897,0.41471048513302,0.00941915227629513,0.672955974842767,0,0.669266770670827,0.636792452830189,0.661367249602544,0.516380655226209,0.666141732283465,0.00483091787439614,0.663536776212833,0.660287081339713,0.65,0.331269349845201,0.00487012987012987,0.662921348314607,0.66407465007776,0.995230524642289,0.660436137071651,0.0046801872074883,0.0342679127725857,0.00470219435736677,0.667189952904239,0.66046511627907,0.66877971473851,0.43701399688958,0.0063391442155309,0.416129032258065,0.655063291139241,0.00309597523219814,0.00154083204930663,0.0263975155279503,0.337007874015748,0.655608214849921,0.637209302325581,0.6640625,0.664050235478807,0.00483870967741936,0.00606060606060606,0.504777070063694,0.377952755905512,0.00618238021638331,0.00474683544303797,0.00470219435736677,0.325914149443561,0.0046583850931677,0.658986175115207,0.336973478939158,0.00462962962962963,0.662037037037037,0.665615141955836,0.67032967032967,0.00461538461538462,0.00303030303030303,0.369105691056911,0.655172413793103,0.004739336492891,0.00611620795107034,0.666144200626959,0.665629860031104,0.0046875,0.99347471451876,0.673139158576052,0.67817896389325,1,0.673813169984686,0.0062015503875969,0.669291338582677,0.00311526479750779,0.877708978328173,0.993855606758833,0.104134762633997,0.657853810264386,0.00604229607250755,0.0046583850931677,0.9953125,0.99537037037037,0.655172413793103,0.00462249614791988,0.66721044045677,0.00457317073170732,0.675078864353312,0.004739336492891,0.00632911392405063,0.0327613104524181,0.231124807395994,0.00322061191626409,0.00476190476190476,1,0.0046801872074883,0.488636363636364,0.666144200626959,0.345794392523364,0.657364341085271,0.004739336492891,0.681388012618297,0.334379905808477,0.00476190476190476,0.0062992125984252,0.671474358974359,0.391238670694864,0.662015503875969,0.430622009569378,0.0206022187004754,0.653125,0.409582689335394,0.993680884676145,0.666666666666667,0.664050235478807,0.665644171779141,0.00164744645799012,0.37403400309119,0.67601246105919,0.0885093167701863,0.42902711323764,0.0260736196319018,0.00617283950617284,0.00464396284829721,0.668730650154799,0.651757188498403,0.67817896389325,0.6671826625387,0.675425038639876,0.397590361445783,0.682027649769585,0.993730407523511,0.340361445783133,0.00470957613814757,0.661927330173776,0.677777777777778,0.670418006430868,0.66046511627907,0.41692789968652,0.0061633281972265,0.647425897035881,0.646781789638933,0.653225806451613,0.658307210031348,0.675925925925926,0.673015873015873,0.830508474576271,0.3344,0.660377358490566,0.41640866873065,0.003125,0.790297339593114,0.665116279069767,0.0731319554848967,0.0032520325203252,0.00309597523219814,0.671875,0.369397217928903,0.00463678516228748,0.662460567823344,0.684542586750789,0.0352,0.00618238021638331,0.004739336492891,0.00491803278688525,0.662015503875969,0.00634920634920635,0.0046801872074883,0.101105845181675,0.00471698113207547,0.643962848297214,0.00606060606060606,0.428338762214984,0.00471698113207547,0.339009287925697,0.6765625,0.415873015873016,0.00476947535771065,0.00471698113207547,0.00476190476190476,0.658986175115207,0.653125,0.659127625201939,0.665109034267913,0.662379421221865,0.657556270096463,0.00792393026941363,0.674382716049383,0.00474683544303797,0.00497512437810945,0.285271317829457,0.995238095238095,0.666153846153846,0.666666666666667,0.334360554699538,0.0060790273556231,0.456418383518225,0.662141779788839,0.36741214057508,0.678125,0.668769716088328,0.00627943485086342,0.673405909797823,0.663934426229508,0.32120253164557,0.0946166394779772,0.661194029850746,0.409309791332263,0.430817610062893,0.661466458658346,0.66031746031746,0.685126582278481,0.422047244094488,0.340062111801242,0.00623052959501558,0.0876369327073552,0.00611620795107034,0.347826086956522,0.0046875,0.420886075949367,0.66875,0.666136724960254,0.00153609831029186,0.00465116279069767,0.5875,0.00158227848101266,0.00153139356814701,0.00315955766192733,0.66824644549763,0.663551401869159,0.00317965023847377,0.674626865671642,0.331797235023041,0.649921507064364,0.560386473429952,0.686305732484076,0.995297805642633,0.678955453149002,0.00467289719626168,0.00478468899521531,0.419906687402799,0.995341614906832,0.656200941915228,0.654574132492114,0.897674418604651,0.5712,0.00475435816164818,0.00480769230769231,0.671899529042386,0.0015527950310559,0.600313479623824,0.00481540930979133,0.662632375189107,0.433489827856025,0.658307210031348,0.668759811616955,0.0062992125984252,0.995215311004785,0.00482315112540193,0.684713375796178,0.659270998415214,0.00155038759689922,0.0062111801242236,0.00458015267175573,0.56140350877193,0.00317965023847377,0.67032967032967,0.392966360856269,0.655172413793103,0.660828025477707,0.993759750390016,0.968847352024922,0.00484652665589661,0.385220125786164,0.00470219435736677,0.658767772511848,0.664566929133858,0.0064,0.0062992125984252,0.850699844479005,0.6765625,0.00467289719626168,0.0970724191063174,0.00157232704402516,0.657492354740061,0.827697262479871,0.337962962962963,0.00623052959501558,0.00460829493087558,0.0063391442155309,0.00484652665589661,0.00614439324116743,0.691244239631336,0.68025078369906,0.0046801872074883,0.901294498381877,0.995184590690209,0.58179012345679,0.996774193548387,0.66031746031746,0.00622083981337481,0.337025316455696,0.0046875,0.0062015503875969,0.113924050632911,0.00315955766192733,0.332307692307692,0.003125,0.00478468899521531,0.00314465408805031,0.00471698113207547
"632",0.292721518987342,0.311145510835913,0.315217391304348,0.322274881516588,0.306501547987616,0.303459119496855,0.012779552715655,0.323390894819466,0.308049535603715,0.571879936808847,0.311827956989247,0.634408602150538,0.505460218408736,0.323029366306028,1,1,0.620743034055728,0,0.327613104524181,0.305555555555556,1,1,0.318112633181126,0.516129032258065,0.312594840667678,1,1,0.3328,0.314112291350531,0.531446540880503,1,0.580152671755725,0.366003062787136,0.996889580093313,0.673405909797823,0.307692307692308,0.141975308641975,0.316590563165906,1,0.308510638297872,0.0015527950310559,0,0,0.327586206896552,0.31733746130031,1,0.995319812792512,1,1,1,0.691950464396285,0.318681318681319,1,0.321538461538462,0.312307692307692,0.814756671899529,0.120500782472613,0.318885448916409,0.31832298136646,0.31937984496124,0.990839694656489,1,1,0.0046583850931677,0.325396825396825,0.311627906976744,0.653726708074534,0.331768388106416,0.614583333333333,1,0.312883435582822,1,1,0.27027027027027,0.158054711246201,0.312874251497006,1,0.995419847328244,0.313755795981453,1,0.604501607717042,1,1,0.321100917431193,1,0.316590563165906,0.311526479750779,0.32967032967033,0.315384615384615,0,0.317610062893082,0.323262839879154,0.691358024691358,0.577981651376147,0.305379746835443,0.632218844984802,0.685185185185185,0.311728395061728,0.12,0,0.307453416149068,0.614664586583463,1,0.306581059390048,1,0.320872274143302,0,0.331269349845201,1,1,1,0.310664605873261,0.996894409937888,0.322033898305085,0.202702702702703,0.307922272047833,1,0.377880184331797,1,1,0.202472952086553,0.310664605873261,1,1,0.323529411764706,1,0.316100443131462,0.318181818181818,0.367692307692308,0.768532526475038,0.320574162679426,1,0.321316614420063,0.628358208955224,0.325358851674641,1,0.00154320987654321,1,0.38390092879257,0.882725832012678,0.573248407643312,0.596273291925466,0.311248073959938,0.325,1,0.314984709480122,1,0.306729264475743,0.5,0.324283559577677,1,0.316279069767442,0.309262166405024,0.319685039370079,0.325545171339564,1,0.296124031007752,1,0.435384615384615,0.318112633181126,1,0.321699544764795,1,0.588419405320814,0.320063694267516,1,0.32,0.306027820710974,0.331259720062208,0.986238532110092,0.320754716981132,1,0.321875,1,0.314873417721519,1,0.592879256965944,0.297674418604651,0.0304,0.3,0.314728682170543,1,0.303738317757009,0.316998468606432,0.325115562403698,0.337461300309598,1,1,0.31832298136646,0.327073552425665,1,1,0.316590563165906,0.247648902821317,0.0177514792899408,0.691222570532915,1,0.00154320987654321,0.312693498452012,1,0.324492979719189,0.30316742081448,0.313364055299539,0.996927803379416,1,1,0.327769347496206,0.311111111111111,0.318529862174579,0.676703645007924,0.308049535603715,1,0.335403726708075,1,1,0.443076923076923,0.325,0.311827956989247,0.32093023255814,0.30077519379845,0.310769230769231,0.637770897832817,1,1,0.312307692307692,0.00458715596330275,0.325264750378215,0.31570996978852,0.323943661971831,0.298299845440495,0.304482225656878,0.31866464339909,0.694573643410853,0.355623100303951,0.305084745762712,1,0.325115562403698,1,0.303759398496241,0.300469483568075,0.305295950155763,0.330696202531646,0.310289389067524,1,0.319018404907975,0.797488226059655,1,1,0.998439937597504,1,1,0.887122416534181,1,1,1,0.314024390243902,1,0.323051948051948,0,1,0.386949924127466,1,0.3234375,0.322429906542056,0.310725552050473,0.420560747663551,1,0.324574961360124,1,1,1,1,0,0.310077519379845,1,1,0.320493066255778,1,0.322239031770045,1,1,0.313479623824451,0.320754716981132,0.296803652968037,0.152410575427683,0.324960753532182,0,0.590909090909091,1,0.320493066255778,0.314553990610329,0.574923547400612,1,1,0.325396825396825,0.333858267716535,1,0.65015479876161,0.701892744479495,0.3109375,0.321027287319422,0.993911719939117,0.318461538461538,0.302114803625378,1,0.316614420062696,0.310185185185185,1,0.305900621118012,0.312693498452012,0.311248073959938,0.316923076923077,1,1,1,0.306603773584906,0.323943661971831,0.00625978090766823,0.992283950617284,0.325,1,1,0.306990881458967,0.324200913242009,0.295839753466872,0.313971742543171,0.311827956989247,1,0.305164319248826,0.311912225705329,0.564593301435407,1,0.836702954898911,1,0,1,0.324364723467862,1,1,0.425076452599388,1,0.317034700315457,1,0.306603773584906,0.302180685358255,0.308755760368664,1,1,0.32093023255814,0.40224358974359,0.609984399375975,0.302034428794992,1,1,1,0.318681318681319,1,0.206842923794712,1,1,1,1,0.325227963525836,1,0.313099041533546,0.329173166926677,0.677570093457944,0.303125,1,0.316109422492401,0.320300751879699,0.312202852614897,1,0.302571860816944,1,0.317147192716237,0.474732006125574,0.318885448916409,0.320634920634921,0.310664605873261,1,0.319508448540707,0.300925925925926,1,1,0.323076923076923,0.312788906009245,1,0.484756097560976,0.311501597444089,0.325038880248834,0.326153846153846,0.682588597842835,1,0.285483870967742,1,0.423493044822257,0.306122448979592,0,0.874439461883408,0.319314641744548,0.320433436532508,0,0.0327613104524181,0.979938271604938,0.31055900621118,1,0.305900621118012,0.320574162679426,1,0.32312404287902,0.309375,0.671253822629969,1,0.322378716744914,0.323854660347551,1,0.308166409861325,0.309791332263242,1,0.336923076923077,0.311912225705329,0.315467075038285,0.329173166926677,0.795665634674923,1,0.976671850699845,1,1,0.00156494522691706,1,0.993788819875776,1,0.428348909657321,0.998407643312102,0.312121212121212,0.993993993993994,0.328125,0.996879875195008,0.601809954751131,0.622526636225266,0.321100917431193,0.311649016641452,0.636923076923077,0.322274881516588,0,0.632307692307692,0.682737169517885,0.312210200927357,0.0015552099533437,0.308892355694228,0.297839506172839,0.767295597484277,0.31937984496124,0.689127105666156,0.596214511041009,0.313880126182965,0.314589665653495,0.29595015576324,1,0.023598820058997,0,0.323619631901841,0.315384615384615,0.343032159264931,1,0.340523882896764,0.31039755351682,1,0.306060606060606,0.937116564417178,0.567307692307692,1,1,0.993453355155483,0.317700453857791,0.602760736196319,0.315789473684211,0.310289389067524,0.313479623824451,0.424886191198786,1,0.310344827586207,1,0.3296,0.311424100156495,1,0.316614420062696,1,0.317610062893082,1,1,0.313935681470138,0,1,0.316998468606432,1,0.560371517027864,1,0.513975155279503,1,0.558139534883721,1,0.31055900621118,1,1,1,0.317411402157165,0.32,0.320182094081942,0.3504,0.338187702265372,0.308527131782946,1,0.31839258114374,1,1,0.316846986089645,0.311111111111111,0.31570996978852,0.388455538221529,0.323795180722892,1,1,0.321592649310873,0.314641744548287,0.626373626373626,0.594427244582043,0.317901234567901,0.317610062893082,1,0.30077519379845,0.312217194570136,0.993865030674847,0.30379746835443,0.308892355694228,0,0.137404580152672,0.318885448916409,0.678994082840237,0.311145510835913,0.320610687022901,0.598473282442748,0.996899224806202,0.312693498452012,1,0.305936073059361,0.350237717908082,0.312111801242236,0.475757575757576,0.314152410575428,1,0.324074074074074,0.319182389937107,0.333333333333333,0.686544342507645,1,0.324409448818898,0.322085889570552,0,0.320552147239264,1,0.953488372093023,1,0.314329738058552,0.325115562403698,0.310452418096724,0.582701062215478,1,0.589257503949447,0.332810047095761,1,1,0.9629057187017,0.670731707317073,0.326120556414219,0.363076923076923,0.31055900621118,0.314900153609831,1,1,0.521259842519685,0.625194401244168,1,1,1,0.691338582677165,1,0.326347305389222,0.684698608964451,1,0.326717557251908,0.31974921630094,0.315625,0.998466257668712,1,0.647435897435897,0.320552147239264,1,1,0.31937984496124,0.307210031347962,1,0,0.312989045383412,0.305511811023622,0.00627943485086342,0.309559939301973,1,0.306836248012719,1,0.149847094801223,0,0.897125567322239,0.329305135951662,1,1,0,0.00151745068285281,0.323076923076923,1,0.308917197452229,0.998500749625187,0.309636650868878,1,1,0.962962962962963,0.762917933130699,1,1,0.0046801872074883,1,0.5103668261563,0.330745341614907,0.677710843373494,0.329286798179059,1,0.303875968992248,0.67906976744186,1,1,0.319314641744548,0.616296296296296,0.330757341576507,0.588419405320814,0.967084639498433,0.325153374233129,0.606431852986217,0.0122887864823349,0.304012345679012,0.314641744548287,0.313664596273292,1,0.633181126331811,0.317700453857791,0.883540372670807,0.587869362363919,0.960960960960961,1,1,0.319444444444444,0.334920634920635,0.307936507936508,0.308755760368664,0.310769230769231,0.610541727672035,0.307692307692308,0,0.674591381872214,0.998459167950693,0.328725038402458,0.302362204724409,0.306709265175719,0.322085889570552,0.602825745682888,1,0.334862385321101,0.334389857369255,0.330128205128205,0.317111459968603,0.31651376146789,0.311145510835913,0.200612557427259,0.680379746835443,0.316614420062696,0.596969696969697,1,0.242612752721617,0.315789473684211,0.916666666666667,1,1,0.311450381679389,0.640552995391705,1,0.306278713629403,0.299531981279251,0.951334379905808,1,1,0.996889580093313,0.32,1,1,0.891304347826087,1,0.347496206373293,1,0.589341692789969,1,0.679878048780488,0.305164319248826,0.605633802816901,1,1,0.992125984251969,0.324116743471582,0.322480620155039,0.324237560192616,0.321044546850998,0.32695374800638,0.31875,0.982594936708861,0.316030534351145,1,1,0.709627329192547,0,0.314024390243902,0.316742081447964,0.67629179331307,1,0.554347826086957,0.329305135951662,0.637071651090343,0.307448494453249,0.317034700315457,1,0.314465408805031,0.313001605136437,0.692546583850932,0.90521327014218,0.320474777448071,0.598101265822785,0.580188679245283,0.322085889570552,0.31924882629108,0.301223241590214,0.594180704441041,0.682737169517885,1,0.889240506329114,1,0.668711656441718,0.998430141287284,0.578616352201258,0.31733746130031,0.318327974276527,1,1,0.430534351145038,0.993690851735016,0.997001499250375,1,0.314814814814815,0.318818040435459,1,0.31390134529148,0.683641975308642,0.330203442879499,0.452418096723869,0.303656597774245,0,0.303076923076923,1,1,0.595419847328244,0.0015220700152207,0.328725038402458,0.316692667706708,0.105590062111801,0.418006430868167,1,1,0.310769230769231,1,0.418351477449456,1,0.327844311377246,0.58359133126935,0.3198127925117,0.314465408805031,1,0,1,0.303858520900322,0.321875,1,1,1,0.435534591194969,1,0.315132605304212,0.614197530864197,0.327102803738318,0.319488817891374,0.00154320987654321,0.0415384615384615,1,0.618380062305296,1,0.325077399380805,0.327476038338658,1,1,0.166666666666667,0.308527131782946,1,0.898484848484848,1,0.321266968325792,0.203442879499218,0.674961119751166,1,1,1,1,1,0.290909090909091,0.300623052959502,1,0.118314424635332,0.00156985871271586,0.438080495356037,0,0.322274881516588,1,0.680555555555556,1,1,0.890262751159196,1,0.67624810892587,1,1,1,1
"633",0.148086522462562,0.151712887438825,0.1504,0.144499178981938,0.145161290322581,0.152597402597403,0.458881578947368,0.155258764607679,0.155844155844156,0.971760797342193,0.14873417721519,0.903069466882068,0.060556464811784,0.147967479674797,0.523654159869494,0.526058631921824,0.92776886035313,0.476510067114094,0.152317880794702,0.13614262560778,0.535483870967742,0.521523178807947,0.154704944178628,0.982084690553746,0.162204724409449,0.495192307692308,0.515702479338843,0.14759535655058,0.16025641025641,0.13128038897893,0.540192926045016,0.1232,0.120772946859903,0.529215358931553,0.864686468646865,0.147008547008547,0.633825944170772,0.143769968051118,0.539432176656151,0.14968152866242,0.504966887417219,0.479166666666667,0.490353697749196,0.142389525368249,0.150729335494327,0.515650741350906,0.52588996763754,0.518110236220472,0.5152,0.509677419354839,0.8512,0.144736842105263,0.53525641025641,0.144012944983819,0.155948553054662,0.337096774193548,0.598319327731092,0.148450244698206,0.154704944178628,0.148450244698206,0.511961722488038,0.516339869281046,0.523887973640857,0.495948136142626,0.155778894472362,0.159677419354839,0.897180762852405,0.147540983606557,0.931993817619784,0.504,0.146031746031746,0.531300160513644,0.507438016528926,0.183501683501683,0.655448717948718,0.150706436420722,0.52520325203252,0.5,0.144927536231884,0.51541095890411,0.959527824620573,0.516181229773463,0.508223684210526,0.157212317666126,0.496,0.1453125,0.153973509933775,0.145867098865478,0.149671052631579,0.479806138933764,0.152709359605911,0.142857142857143,0.85924713584288,0.964630225080386,0.143780290791599,0.916403785488959,0.855973813420622,0.144694533762058,0.605610561056106,0.494176372712146,0.149425287356322,0.913539967373573,0.533442088091354,0.155629139072848,0.513957307060755,0.146774193548387,0.481481481481481,0.152845528455285,0.515297906602254,0.509031198686371,0.504051863857374,0.15609756097561,0.513776337115073,0.152979066022544,0.677265500794913,0.153125,0.517184942716858,0.865506329113924,0.507223113964687,0.508090614886731,0.701468189233279,0.145187601957586,0.511217948717949,0.510815307820299,0.143780290791599,0.532591414944356,0.155038759689922,0.155309033280507,0.842787682333874,0.601246105919003,0.142620232172471,0.516447368421053,0.143094841930116,0.903125,0.13838550247117,0.5184,0.495222929936306,0.509771986970684,0.077175697865353,0.647058823529412,0.965798045602606,0.961227786752827,0.154220779220779,0.149501661129568,0.506472491909385,0.142857142857143,0.51875,0.157212317666126,0.0666666666666667,0.1546875,0.513513513513513,0.151162790697674,0.154859967051071,0.155115511551155,0.136876006441224,0.490878938640133,0.157392686804452,0.51077943615257,0.901929260450161,0.151368760064412,0.529133858267717,0.148499210110585,0.531707317073171,0.952302631578947,0.145424836601307,0.52520325203252,0.161812297734628,0.152979066022544,0.146302250803859,0.508856682769726,0.154471544715447,0.499165275459099,0.143322475570033,0.517460317460318,0.150592216582064,0.502463054187192,0.950980392156863,0.144715447154472,0.539763113367174,0.148692810457516,0.153970826580227,0.518272425249169,0.144,0.148692810457516,0.146964856230032,0.151658767772512,0.516447368421053,0.517571884984026,0.153846153846154,0.147619047619048,0.508771929824561,0.53476821192053,0.149038461538462,0.726537216828479,0.503134796238245,0.846526655896607,0.51461038961039,0.492706645056726,0.146302250803859,0.512618296529968,0.153719008264463,0.151757188498403,0.135922330097087,0.52724358974359,0.525477707006369,0.517412935323383,0.148606811145511,0.152823920265781,0.133333333333333,0.871125611745514,0.148450244698206,0.527272727272727,0.12012987012987,0.515,0.523731587561375,0.412520064205457,0.142620232172471,0.152733118971061,0.142625607779579,0.151612903225806,0.149108589951378,0.901315789473684,0.512355848434926,0.519872813990461,0.154093097913323,0.487179487179487,0.146687697160883,0.150234741784038,0.151219512195122,0.153968253968254,0.147058823529412,0.152996845425868,0.853658536585366,0.853543307086614,0.159744408945687,0.527363184079602,0.147487844408428,0.517017828200972,0.146964856230032,0.146864686468647,0.143317230273752,0.143092105263158,0.14983164983165,0.495840266222962,0.148562300319489,0.327242524916944,0.501628664495114,0.502407704654896,0.520458265139116,0.508090614886731,0.505728314238953,0.623762376237624,0.5,0.507987220447284,0.51219512195122,0.156549520766773,0.5072,0.14,0.481012658227848,0.51294498381877,0.8608,0.516501650165016,0.152597402597403,0.147249190938511,0.150081566068515,0.90359477124183,0.539452495974235,0.145339652448657,0.503289473684211,0.519623233908948,0.512315270935961,0.520766773162939,0.489184692179701,0.142156862745098,0.519809825673534,0.514657980456026,0.148936170212766,0.533772652388797,0.152733118971061,0.519108280254777,0.532591414944356,0.145,0.152941176470588,0.154471544715447,0.626817447495961,0.146381578947368,0.478964401294498,0.951713395638629,0.521103896103896,0.148387096774194,0.139802631578947,0.959742351046699,0.514331210191083,0.503300330033003,0.153212520593081,0.146341463414634,0.521462639109698,0.876623376623377,0.847290640394089,0.151067323481117,0.156146179401993,0.505582137161085,0.142625607779579,0.161240310077519,0.529505582137161,0.152,0.153094462540717,0.514516129032258,0.15016501650165,0.145867098865478,0.15814696485623,0.150974025974026,0.512987012987013,0.530708661417323,0.517298187808896,0.144480519480519,0.152597402597403,0.487341772151899,0.515297906602254,0.147540983606557,0.524038461538462,0.539452495974235,0.148387096774194,0.141045958795563,0.151033386327504,0.140096618357488,0.152733118971061,0.504078303425775,0.143780290791599,0.156351791530945,0.967266775777414,0.503215434083601,0.629690048939641,0.52970297029703,0.487012987012987,0.519108280254777,0.14756671899529,0.526666666666667,0.507269789983845,0.90302066772655,0.520967741935484,0.149593495934959,0.524691358024691,0.154351395730706,0.147011308562197,0.158653846153846,0.526058631921824,0.532905296950241,0.146537842190016,0.0644628099173554,0.919141914191419,0.155228758169935,0.516025641025641,0.514563106796116,0.528925619834711,0.14,0.508744038155803,0.695161290322581,0.514331210191083,0.53343949044586,0.523102310231023,0.518032786885246,0.145161290322581,0.514516129032258,0.144557823129252,0.145631067961165,0.8624,0.151565074135091,0.507438016528926,0.153354632587859,0.140625,0.143801652892562,0.51373182552504,0.146456692913386,0.508333333333333,0.148031496062992,0.0633116883116883,0.162679425837321,0.145454545454545,0.141045958795563,0.523125996810207,0.13838550247117,0.15670436187399,0.52442996742671,0.519543973941368,0.142628205128205,0.149593495934959,0.521951219512195,0.944968553459119,0.149671052631579,0.150641025641026,0.146067415730337,0.844936708860759,0.517017828200972,0.148900169204738,0.512861736334405,0.9064039408867,0.147487844408428,0.480830670926518,0.399684044233807,0.154228855721393,0.148387096774194,0.487538940809969,0.46656050955414,0.486133768352365,0.148867313915858,0.516129032258065,0.143769968051118,0.141196013289037,0.504918032786885,0.148148148148148,0.161449752883031,0.857827476038339,0.50974025974026,0.15359477124183,0.140752864157119,0.515447154471545,0.14170692431562,0.144278606965174,0.523026315789474,0.81629392971246,0.151067323481117,0.143533123028391,0.144736842105263,0.309446254071661,0.536348949919225,0.531502423263328,0.51937984496124,0.525316455696203,0.487684729064039,0.503154574132492,0.511182108626198,0.525396825396825,0.909967845659164,0.522314049586777,0.15541601255887,0.515772870662461,0.153094462540717,0.516025641025641,0.94556765163297,0.910094637223975,0.14785373608903,0.16,0.903436988543372,0.142148760330579,0.486223662884927,0.903691813804173,0.864909390444811,0.140575079872204,0.482084690553746,0.153473344103393,0.157284768211921,0.598039215686274,0.147909967845659,0.852327447833066,0.95777027027027,0.145395799676898,0.154213036565978,0.163166397415186,0.512987012987013,0.510835913312694,0.463497453310696,0.167741935483871,0.145833333333333,0.111831442463533,0.535073409461664,0.828947368421053,0.156606851549755,0.52741935483871,0.145395799676898,0.4608,0.969849246231156,0.52258064516129,0.521462639109698,0.50513698630137,0.1472,0.94770206022187,0.152276295133438,0.145973154362416,0.14951768488746,0.905750798722045,0.507487520798669,0.16006600660066,0.517355371900826,0.155371900826446,0.143564356435644,0.518341307814992,0.143801652892562,0.518808777429467,0.15112540192926,0.527004909983633,0.51628664495114,0.146964856230032,0.484602917341977,0.521943573667712,0.145367412140575,0.527687296416938,0.144480519480519,0.526984126984127,0.988745980707395,0.514240506329114,0.119741100323625,0.520391517128874,0.168557536466775,0.507223113964687,0.497584541062802,0.549432739059968,0.156957928802589,0.147299509001637,0.141509433962264,0.11241610738255,0.818027210884354,0.146067415730337,0.497512437810945,0.142628205128205,0.517412935323383,0.51993620414673,0.152979066022544,0.148514851485149,0.137715179968701,0.0572831423895254,0.139871382636656,0.523961661341853,0.526229508196721,0.143769968051118,0.15,0.917785234899329,0.946166394779772,0.141025641025641,0.145,0.520128824476651,0.160453808752026,0.146456692913386,0.528641571194763,0.160267111853088,0.153344208809135,0.489465153970827,0.637223974763407,0.146864686468647,0.849612403100775,0.154605263157895,0.160453808752026,0.957278481012658,0.520325203252033,0.145901639344262,0.5104,0.146341463414634,0.112769485903814,0.159869494290375,0.0580645161290323,0.142389525368249,0.529605263157895,0.146302250803859,0.142389525368249,0.149501661129568,0.857371794871795,0.520408163265306,0.138103161397671,0.149443561208267,0.483606557377049,0.146730462519936,0.51869918699187,0.469354838709677,0.506514657980456,0.146774193548387,0.146579804560261,0.152823920265781,0.9552,0.515497553017945,0.944078947368421,0.132786885245902,0.531948881789137,0.532154340836013,0.483870967741935,0.850649350649351,0.140752864157119,0.0907617504051864,0.154589371980676,0.152979066022544,0.511475409836066,0.518987341772152,0.978333333333333,0.9,0.52442996742671,0.515548281505728,0.5008,0.857859531772575,0.525641025641026,0.14218009478673,0.846526655896607,0.52755905511811,0.15569823434992,0.160194174757282,0.150729335494327,0.515297906602254,0.519623233908948,0.908783783783784,0.145867098865478,0.53322528363047,0.530179445350734,0.155088852988691,0.156606851549755,0.514516129032258,0.467116357504216,0.144518272425249,0.152459016393443,0.469320066334992,0.146302250803859,0.5328,0.157119476268412,0.528363047001621,0.647527910685805,0.48966613672496,0.637795275590551,0.152487961476726,0.515673981191223,0.522950819672131,0.464342313787639,0.508771929824561,0.140776699029126,0.508914100486224,0.151919866444073,0.519685039370079,0.141693811074919,0.501650165016502,0.530179445350734,0.479674796747967,0.560260586319218,0.515650741350906,0.526916802610114,0.488636363636364,0.5103668261563,1,0.141196013289037,0.860128617363344,0.148148148148148,0.535947712418301,0.160714285714286,0.867313915857605,0.518518518518518,0.51900826446281,0.150572831423895,0.92018779342723,0.15112540192926,0.966832504145937,0.48440065681445,0.14003294892916,0.918962722852512,0.510673234811166,0.142148760330579,0.14951768488746,0.14446227929374,0.525,0.905750798722045,0.140600315955766,0.414673046251994,0.961857379767827,0.485576923076923,0.52,0.519108280254777,0.159869494290375,0.124792013311148,0.152317880794702,0.153846153846154,0.1456,0.927786499215071,0.15506329113924,0.485714285714286,0.851622874806801,0.509803921568627,0.151757188498403,0.159869494290375,0.149579831932773,0.145135566188198,0.950080515297907,0.519169329073482,0.131832797427653,0.141004862236629,0.145936981757877,0.151565074135091,0.150793650793651,0.158833063209076,0.679549114331723,0.878887070376432,0.153721682847896,0.94524959742351,0.51628664495114,0.744262295081967,0.159677419354839,0.431177446102819,0.534686971235195,0.52,0.163987138263666,0.90453074433657,0.516025641025641,0.139646869983949,0.15609756097561,0.479541734860884,0.520634920634921,0.521809369951535,0.523411371237458,0.138755980861244,0.524834437086093,0.519230769230769,0.631229235880399,0.529126213592233,0.106518282988871,0.531446540880503,0.941763727121464,0.520766773162939,0.85214626391097,0.152845528455285,0.945723684210526,0.52970297029703,0.517298187808896,0.526229508196721,0.150641025641026,0.140776699029126,0.147157190635452,0.153721682847896,0.156765676567657,0.158415841584158,0.498333333333333,0.144904458598726,0.513911620294599,0.515570934256055,0.5056,0.491056910569106,0.153846153846154,0.15311004784689,0.858054226475279,0.521259842519685,0.981757877280265,0.147798742138365,0.905537459283388,0.151219512195122,0.147299509001637,0.51869918699187,0.156507413509061,0.154639175257732,0.518581081081081,0.620338983050847,0.160246533127889,0.956738768718802,0.957654723127036,0.143089430894309,0.143094841930116,0.147672552166934,0.948303715670436,0.846655791190865,0.516025641025641,0.419672131147541,0.520440251572327,0.854430379746835,0.50402576489533,0.942339373970346,0.148562300319489,0.151815181518152,0.525121555915721,0.506472491909385,0.904220779220779,0.513821138211382,0.518341307814992,0.508914100486224,0.149350649350649,0.155448717948718,0.522950819672131,0.148264984227129,0.862838915470494,0.140468227424749,0.922950819672131,0.160535117056856,0.482428115015974,0.141252006420546,0.5216,0.51510067114094,0.946428571428571,0.50402576489533,0.144927536231884,0.144012944983819,0.384488448844884,0.254966887417219,0.51797385620915,0.522240527182867,0.1504,0.509121061359867,0.901639344262295,0.507588532883642,0.148031496062992,0.968051118210863,0.149593495934959,0.146381578947368,0.515923566878981,0.478119935170178,0.523887973640857,0.15025041736227,0.14026402640264,0.521669341894061,0.529505582137161,0.515625,0.282430213464696,0.519933554817276,0.151465798045603,0.915447154471545,0.155448717948718,0.149078726968174,0.469255663430421,0.517857142857143,0.510998307952623,0.918032786885246,0.502471169686985,0.145901639344262,0.134003350083752,0.513776337115073,0.494308943089431,0.556982343499197,0.151757188498403,0.529032258064516,0.625199362041467,0.52724358974359,0.172741679873217,0.684552845528455,0.86161449752883,0.529790660225443,0.50625,0.514950166112957,0.513422818791946,0.519108280254777,0.183279742765273,0.151857835218094,0.52724358974359,0.605351170568562,0.485099337748344,0.912621359223301,0.477537437603993,0.131707317073171,0.506410256410256,0.870279146141215,0.494345718901454,0.517350157728707,0.654952076677316,0.504918032786885,0.8592,0.503194888178914,0.520661157024793,0.501644736842105,0.513911620294599
"634",1,1,1,1,1,1,0.696485623003195,1,1,0.0889967637540453,1,0.0378548895899054,0.820349761526232,1,0.327044025157233,0.305732484076433,0.0537974683544304,0.673841059602649,1,1,0.296,0.319554848966614,1,0.151326053042122,1,0.333333333333333,0.331168831168831,1,1,0.789889415481833,0.314553990610329,0.734789391575663,0.968553459119497,0.3184,0,1,0.545454545454545,1,0.309923664122137,1,0.654458598726115,0.669796557120501,0.687211093990755,1,1,0.319604612850082,0.316720257234727,0.309486780715397,0.330708661417323,0.3328173374613,0,1,0.315789473684211,1,1,0.496805111821086,0.562401263823065,1,1,1,0.33489827856025,0.32475884244373,0.325878594249201,0.667189952904239,1,1,0.0332278481012658,1,0.049079754601227,0.332298136645963,1,0.325471698113208,0.337096774193548,0.964169381107492,0.5171875,1,0.318952234206472,0.340062111801242,1,0.327868852459016,0.0851063829787234,0.334920634920635,0.3312,1,0.344563552833078,1,1,1,1,0.68503937007874,1,1,0.00156739811912226,0.0959119496855346,1,0.0381679389312977,0,1,0.566993464052288,0.669341894060995,1,0.0494417862838915,0.321259842519685,1,0.32741935483871,1,0.68075117370892,1,0.324881141045959,0.316614420062696,0.322327044025157,1,0.333858267716535,1,0.490712074303406,1,0.319620253164557,0.294209702660407,0.33026113671275,0.325949367088608,0.485225505443235,1,0.331278890600925,0.324675324675325,1,0.316279069767442,1,1,0.324324324324324,0.545871559633027,1,0.314785373608903,1,0.0345864661654135,1,0.317111459968603,0.664566929133858,0.340189873417722,0.936,0.429967426710098,0.09375,0.0873015873015873,1,1,0.338607594936709,1,0.32312404287902,1,0.810641627543036,1,0.330081300813008,1,1,1,1,0.338632750397456,1,0.329032258064516,0.240683229813665,1,0.317610062893082,1,0.312698412698413,0.0754414125200642,1,0.319935691318328,1,1,1,0.3421875,1,0.333333333333333,1,0.315873015873016,1,0.322061191626409,0.0688575899843505,1,0.631578947368421,1,1,0.317307692307692,1,1,1,1,0.327503974562798,0.315625,1,1,0.327692307692308,0.313001605136437,1,0.447619047619048,0.665144596651446,0,0.327586206896552,0.660347551342812,1,0.32967032967033,1,1,1,0.325545171339564,0.323619631901841,0.333870967741935,1,1,1,0,1,0.318910256410256,0.98116169544741,0.333863275039746,0.318611987381703,0.749608763693271,1,1,1,1,1,0.0362204724409449,0.327476038338658,0.334375,1,0.675425038639876,1,1,0.998407643312102,1,1,1,0.00313479623824451,0.31201248049922,1,0.317965023847377,1,0.312893081761006,1,1,1,1,1,0.333333333333333,1,0.509523809523809,0.332807570977918,0.334869431643625,0.31629392971246,0.331730769230769,0.339171974522293,0.414910858995138,0.3408,0.327131782945736,0.318252730109204,1,0.328100470957614,1,0.68348623853211,0.320754716981132,0.307692307692308,0.33968253968254,1,1,1,0.253968253968254,0.31496062992126,1,0.323624595469256,0.337423312883436,0.329173166926677,0.32348367029549,0.677215189873418,1,0.330769230769231,0.317817014446228,1,0.303571428571429,1,0.315047021943574,0.318181818181818,1,1,1,0.546178343949045,1,0.68075117370892,0.0697674418604651,0.326465927099842,1,1,0.089622641509434,0.333333333333333,0.327044025157233,1,1,0.317829457364341,0.015600624024961,0.00161550888529887,1,1,0.340062111801242,1,1,0.31496062992126,1,1,0.325984251968504,1,1,1,1,0.330658105939005,0.313846153846154,0.33387358184765,1,1,0.660910518053375,0.32755905511811,1,0.325077399380805,0.31687898089172,1,1,1,1,1,0.330173775671406,1,1,0.10016155088853,0.341614906832298,0.49685534591195,0.320634920634921,0.667731629392971,0.330733229329173,1,0.314696485623003,0.339144215530903,0.251552795031056,0.325984251968504,1,0.334876543209877,1,1,1,0.313694267515924,0.329211746522411,1,0.933115823817292,0.0545746388443018,1,0.322734499205087,0.331189710610932,0.316720257234727,1,0.341614906832298,0.473015873015873,0.3376,0.315286624203822,0.319870759289176,0.309677419354839,1,0.330658105939005,1,1,0,1,0.329635499207607,1,1,1,0.330696202531646,1,0.3216,1,0.845047923322684,1,1,1,0.325358851674641,1,1,0.318611987381703,0.322222222222222,1,1,0.316037735849057,0.172839506172839,1,1,1,0,0.318770226537217,1,0.314785373608903,0.24483306836248,1,0.666146645865835,0.430124223602484,1,1,0.670750382848392,0.688888888888889,0.345425867507886,1,0.330173775671406,1,1,0.336507936507937,1,1,0.0047244094488189,0.3312,1,1,0.330097087378641,1,1,0.308186195826645,0.328125,1,1,1,0.528125,0.308411214953271,0.346031746031746,0.325688073394495,0.340729001584786,0.685303514376997,0.328125,0.3296,0.326086956521739,0.236421725239617,0.323101777059774,1,0.330721003134796,1,0.316692667706708,0.0751533742331288,0.0391849529780564,1,1,0.0296411856474259,1,0.676470588235294,0.0358814352574103,0.00648298217179903,1,0.675507020280811,1,1,0.555379746835443,1,0,0.0654664484451719,1,1,1,0.328455284552846,0.645112781954887,0.681967213114754,0.993740219092332,1,0.990521327014218,0.306729264475743,0.328025477707006,1,0.311111111111111,1,0.371473354231975,0.0964630225080386,0.322884012539185,0.318461538461538,0.336148648648649,1,0.073394495412844,1,1,1,0.255485893416928,0.323854660347551,1,0.318037974683544,1,1,0.317262830482115,1,0.329305135951662,1,0.319935691318328,0.323343848580442,1,0.671383647798742,0.321592649310873,1,0.317152103559871,0.768867924528302,0.324074074074074,0.162754303599374,0.336405529953917,0.774091627172196,0.309446254071661,1,0.325984251968504,0.34375,0.2984375,1,1,1,0.978792822185971,0.337704918032787,1,0.322950819672131,1,0.331691297208539,0.31832298136646,1,1,1,0.925278219395866,1,0.311145510835913,0.327613104524181,1,1,0.0422077922077922,0.0708661417322835,1,1,0.306946688206785,1,1,0.319620253164557,1,1,0.68025078369906,0.536776212832551,1,0,1,1,0.093603744149766,0.331189710610932,1,0.333333333333333,1,0.974193548387097,1,0.828926905132193,1,0.339869281045752,1,1,1,0,0.314754098360656,1,1,0.669303797468354,1,0.328050713153724,0.364779874213836,0.328616352201258,1,1,1,0.0834621329211747,0.324237560192616,0.0781499202551834,1,0.31832298136646,0.317757009345794,0.3546875,0,1,0.964506172839506,1,1,0.3344,0.309968847352025,0.158227848101266,0.03486529318542,0.322734499205087,0.313195548489666,0.330188679245283,0.0016,0.32695374800638,1,0,0.323943661971831,1,1,1,0.325038880248834,0.332307692307692,0.0296540362438221,1,0.315705128205128,0.31619937694704,1,1,0.328638497652582,0.684124386252046,1,1,0.6875,1,0.315625,1,0.3232,0.531347962382445,0.659442724458204,0.407012195121951,1,0.303405572755418,0.32398753894081,0.670866141732283,0.663109756097561,1,0.328682170542636,1,0.330232558139535,1,0.326465927099842,0.324149108589951,0.352201257861635,0.523809523809524,0.32475884244373,0.320574162679426,0.666144200626959,0.330745341614907,0.141196013289037,1,0,1,0.306089743589744,1,0,0.322834645669291,0.324149108589951,1,0.0486322188449848,1,0.0775316455696203,0.342443729903537,1,0.0570522979397781,0.668231611893584,1,1,1,0.315875613747954,0.0348484848484849,1,0.418006430868167,0.0862619808306709,0.357473035439137,0.325,0.329704510108865,1,1,1,1,1,0.0554699537750385,0.995334370139969,0.680379746835443,0.00302571860816944,0.327131782945736,1,1,1,1,0.0786163522012579,0.319938176197836,1,1,1,1,1,1,0.486153846153846,0.00161812297734628,1,0.0733229329173167,0.3265625,0.436908517350158,1,0.387096774193548,0.313014827018122,0.318037974683544,1,0.0332278481012658,0.324534161490683,1,1,0.37378640776699,0.321711568938193,0.313971742543171,0.329052969502408,1,0.330658105939005,0.325,0.415481832543444,0.33122028526149,0.978159126365055,0.319875776397516,0.0729335494327391,0.333860759493671,0,1,0.0823909531502423,0.314696485623003,0.325396825396825,0.328025477707006,1,1,1,1,1,1,0.337096774193548,1,0.319620253164557,0.316582914572864,0.622047244094488,0.664025356576862,1,1,0,0.326153846153846,0.113707165109034,1,0.0318471337579618,1,1,0.324921135646688,1,1,0.628617363344051,0.415584415584416,0.995495495495496,0.072463768115942,0.0912,1,1,1,0.0812101910828025,0,0.326086956521739,0.415481832543444,0.318611987381703,0,0.325878594249201,0.076555023923445,1,1,0.326687116564417,0.317757009345794,0.235109717868339,0.332797427652733,0.328703703703704,0.327666151468315,1,1,0.3312,1,0,1,0.211598746081505,1,0.667682926829268,1,0.318110236220472,0.310569105691057,0.0697305863708399,0.667697063369397,1,1,0.783094098883573,0.905629139072848,0.331189710610932,0.31687898089172,1,0.327014218009479,0.246445497630332,0.327974276527331,1,0.0944,1,1,0.326498422712934,0.671031096563011,0.306946688206785,1,1,0.306976744186047,0.317891373801917,0.332819722650231,0.858044164037855,0.320967741935484,1,0.0484375,1,1,0.683307332293292,0.646964856230032,0.33115823817292,0.0499219968798752,0.337025316455696,1,1,0.315619967793881,0.333860759493671,0.632558139534884,1,0.3234375,0.372641509433962,0.31441717791411,0.98145285935085,0.476114649681529,0.00155038759689922,0.30564263322884,0.328290468986384,0.333870967741935,0.316393442622951,0.325688073394495,0.972644376899696,1,0.321766561514196,0.563517915309446,0.677316293929712,0.23861852433281,0.684729064039409,1,0.338095238095238,0.00316957210776545,0.328593996840442,0.324492979719189,0.361370716510903,0.328593996840442,0,0.340157480314961,0.326860841423948,0.329635499207607,0.322784810126582
"635",0,0,0,0,0,0,0.29746835443038,0,0,0.906050955414013,0,0.957055214723926,0.172413793103448,0,0.673501577287066,0.687116564417178,0.938650306748466,0.316720257234727,0,0,0.69922480620155,0.681957186544342,0,0.856481481481482,0,0.656441717791411,0.674603174603175,0,0,0.209048361934477,0.683001531393568,0.256211180124224,0.029320987654321,0.677469135802469,1,0,0.478593272171254,0,0.690119760479042,0,0.348297213622291,0.326186830015314,0.314199395770393,0,0,0.678343949044586,0.679938744257274,0.67629179331307,0.668188736681887,0.667687595712098,1,0,0.684848484848485,0,0,0.489763779527559,0.456692913385827,0,0,0,0.660060975609756,0.672307692307692,0.66820987654321,0.327102803738318,0,0,0.965996908809892,0,0.943283582089552,0.672645739910314,0,0.671826625386997,0.666666666666667,0.035031847133758,0.493171471927162,0,0.68429003021148,0.653905053598775,0,0.672985781990521,0.917057902973396,0.664634146341463,0.66358024691358,0,0.653435114503817,0,0,0,0,0.31441717791411,0,0,0.998482549317147,0.902290076335878,0,0.954819277108434,1,0,0.445337620578778,0.323943661971831,0,0.945904173106646,0.68160741885626,0,0.671317829457364,0,0.323029366306028,0,0.678571428571429,0.672754946727549,0.667678300455235,0,0.666158536585366,0,0.528700906344411,0,0.679389312977099,0.715151515151515,0.672645739910314,0.670278637770898,0.531055900621118,0.00152905198776758,0.670212765957447,0.669811320754717,0,0.687022900763359,0,0,0.683153013910355,0.453435114503817,0,0.678955453149002,0,0.956716417910448,0,0.675757575757576,0.331306990881459,0.663608562691132,0.0664605873261206,0.570747217806041,0.905487804878049,0.909647779479326,0,0,0.66304347826087,0,0.671641791044776,0,0.178787878787879,0,0.67246835443038,0,0,0,0,0.658878504672897,0,0.672985781990521,0.759512937595129,0,0.677272727272727,0,0.692660550458716,0.919129082426128,0,0.682242990654206,0,0,0,0.656060606060606,0,0.664576802507837,0,0.685271317829457,0,0.668730650154799,0.930875576036866,0,0.378763866877971,0,0,0.675425038639876,0,0,0,0,0.671339563862928,0.676783004552352,0,0.0015552099533437,0.672754946727549,0.676656151419558,0,0.576036866359447,0.34020618556701,1,0.675465838509317,0.343653250773994,0,0.669683257918552,0,0.00151285930408472,0,0.679626749611198,0.672205438066465,0.667192429022082,0,0,0,1,0,0.691107644305772,0.0293663060278207,0.672333848531685,0.680491551459293,0.267993874425727,0,0,0,0,0,0.957878315132605,0.675425038639876,0.671779141104294,0,0.33026113671275,0,0,0.00154320987654321,0.00151057401812689,0,0,0.996932515337423,0.699849170437406,0,0.68960244648318,0,0.694189602446483,0,0,0,0,0,0.667692307692308,0,0.477449455676516,0.664086687306502,0.670212765957447,0.678627145085803,0.66875,0.658307210031348,0.576377952755906,0.656739811912226,0.679626749611198,0.681538461538462,0,0.671296296296296,0,0.320610687022901,0.673846153846154,0.708018154311649,0.653061224489796,0,0,0,0.754658385093168,0.683153013910355,0,0.675968992248062,0.66865671641791,0.681538461538462,0.66412213740458,0.327666151468315,0,0.66566265060241,0.677570093457944,0,0.689763779527559,0,0.675226586102719,0.678407350689127,0,0,0,0.474497681607419,0,0.32262996941896,0.922388059701493,0.67741935483871,0,0,0.911278195488722,0.67530487804878,0.6608,0,0,0.689497716894977,0.973886328725038,0.998407643312102,0,0,0.654654654654655,0.00153609831029186,0,0.681957186544342,0,0,0.672307692307692,0,0,0,0,0.666158536585366,0.675595238095238,0.666666666666667,0,0,0.335365853658537,0.677067082683307,0,0.670694864048338,0.690402476780186,0,0,0.00152905198776758,0,0,0.666666666666667,0,0,0.899212598425197,0.658170914542729,0.506955177743431,0.6859375,0.333853354134165,0.67530487804878,0,0.686427457098284,0.653543307086614,0.755725190839695,0.669753086419753,0,0.659606656580938,0,0,0,0.68160741885626,0.671253822629969,0.00153139356814701,0.0679304897314376,0.938176197836167,0,0.682852807283763,0.671296296296296,0.679186228482003,0,0.670212765957447,0.540581929555896,0.666156202143951,0.680851063829787,0.684044233807267,0.686728395061728,0,0.671317829457364,0,0,1,0,0.670769230769231,0,0,0,0.668721109399075,0,0.690251572327044,0,0.144171779141104,0,0,0,0.673846153846154,0,0,0.684615384615385,0.67741935483871,0,0,0.678955453149002,0.817091454272864,0,0.00153609831029186,0,1,0.682965299684543,0,0.681047765793529,0.763888888888889,0,0.332312404287902,0.554380664652568,0,0,0.329411764705882,0.301538461538462,0.642745709828393,0,0.672839506172839,0,0,0.661585365853659,0,0.00157977883096367,0.993846153846154,0.66046511627907,0,0,0.671383647798742,0,0,0.686153846153846,0.675757575757576,0,0,0,0.459787556904401,0.677811550151976,0.651771956856703,0.686011904761905,0.663125948406677,0.318818040435459,0.66966966966967,0.667692307692308,0.677272727272727,0.770186335403727,0.669856459330144,0,0.672281776416539,0.00155038759689922,0.679389312977099,0.922155688622755,0.94954128440367,0,0,0.96048632218845,0,0.327794561933535,0.956923076923077,0.990566037735849,0,0.325115562403698,0,0,0.454828660436137,0,1,0.93026941362916,0,0,0,0.668721109399075,0.357566765578635,0.314516129032258,0.00604229607250755,0,0.0153139356814701,0.690076335877863,0.673879443585781,0,0.687203791469194,0,0.621329211746522,0.900311526479751,0.684615384615385,0.674735249621785,0.652960526315789,0,0.926717557251908,0,0,0,0.751145038167939,0.669278996865204,0,0.674491392801252,0,0,0.683890577507599,0,0.671111111111111,0,0.68062015503876,0.670278637770898,0,0.328660436137072,0.680597014925373,0,0.678233438485804,0.225460122699387,0.67616191904048,0.852359208523592,0.674107142857143,0.21583850931677,0.68075117370892,0,0.671191553544495,0.650695517774343,0.707951070336391,0,0,0,0.0268987341772152,0.671451355661882,0,0.667192429022082,0,0.676898222940226,0.67218045112782,0,0,0,0.0714285714285714,0,0.685887708649469,0.675265553869499,0,0,0.948275862068966,0.931142410015649,0,0,0.690031152647975,0,0,0.680817610062893,0,0,0.32572298325723,0.480243161094225,0,1,0,0,0.905688622754491,0.673374613003096,0,0.670750382848392,0.00153374233128834,0.0326594090202177,0.00154320987654321,0.163328197226502,0,0.658267716535433,0,0,0,1,0.679425837320574,0,0,0.343701399688958,0,0.674961119751166,0.625192012288787,0.667185069984448,0,0,0,0.918057663125948,0.673469387755102,0.916139240506329,0.00153374233128834,0.677811550151976,0.685185185185185,0.63302752293578,1,0,0.0398162327718224,0,0,0.663565891472868,0.692653673163418,0.850539291217257,0.964669738863287,0.672307692307692,0.683720930232558,0.662079510703364,0.998439937597504,0.682027649769585,0,1,0.671150971599402,0,0,0,0.672230652503794,0.66865671641791,0.965299684542587,0,0.673846153846154,0.683076923076923,0,0,0.667175572519084,0.322222222222222,0,0,0.3203125,0,0.687125748502994,0,0.67651632970451,0.490076335877863,0.33433734939759,0.59375,0,0.688622754491018,0.674735249621785,0.323170731707317,0.337367624810893,0,0.6732223903177,0,0.668174962292609,0,0.671274961597542,0.681818181818182,0.640986132511556,0.463414634146341,0.67879746835443,0.685624012638231,0.345794392523364,0.677710843373494,0.860128617363344,0,1,0,0.6984375,0,1,0.668759811616955,0.677215189873418,0,0.945266272189349,0,0.919753086419753,0.651162790697674,0,0.935681470137825,0.335901386748844,0,0,0,0.681159420289855,0.963414634146341,0,0.561538461538462,0.914196567862715,0.634036144578313,0.668683812405446,0.67420814479638,0,0,0,0,0,0.933628318584071,0.00304878048780488,0.327188940092166,0.997032640949555,0.662037037037037,0,0,0,0,0.919753086419753,0.666666666666667,0,0,0,0,0,0,0.524962178517398,0.998412698412698,0,0.920060331825038,0.666151468315301,0.579598145285935,0,0.600308641975309,0.676703645007924,0.672256097560976,0,0.960244648318043,0.676335877862595,0,0,0.615625,0.685670261941448,0.682588597842835,0.675,0.0015220700152207,0.670347003154574,0.675799086757991,0.584758942457232,0.6734375,0.0240963855421687,0.682228915662651,0.922712933753943,0.66973886328725,1,0,0.915227629513344,0.67817896389325,0.673913043478261,0.670788253477589,0,0,0,0,0,0,0.658267716535433,0,0.680124223602484,0.677471636952998,0.399693721286371,0.329652996845426,0,0,1,0.675716440422323,0.893188854489164,0.00148809523809524,0.967692307692308,0,0,0.673405909797823,0,0,0.373228346456693,0.587677725118483,0.0043859649122807,0.924409448818898,0.908809891808346,0,0,0,0.917701863354037,1,0.676737160120846,0.565420560747664,0.6797583081571,1,0.660347551342812,0.922712933753943,0,0,0.671191553544495,0.682515337423313,0.765696784073507,0.655712050078247,0.682515337423313,0.673716012084592,0,0,0.666146645865835,0,1,0,0.788819875776398,0,0.332307692307692,0,0.678461538461538,0.682965299684543,0.932926829268293,0.333333333333333,0,0,0.216589861751152,0.107936507936508,0.677672955974843,0.672955974842767,0,0.679012345679012,0.753510140405616,0.669291338582677,0,0.90726429675425,0,0,0.67921686746988,0.33489827856025,0.679365079365079,0,0,0.686544342507645,0.684370257966616,0.673716012084592,0.154929577464789,0.67651632970451,0,0.94359756097561,0,0,0.312121212121212,0.36085626911315,0.670382165605096,0.942073170731707,0.66820987654321,0,0,0.689814814814815,0.656739811912226,0.387442572741194,0,0.686656671664168,0.624242424242424,0.676380368098159,0.0152905198776758,0.540157480314961,0.996913580246914,0.680365296803653,0.668174962292609,0.664566929133858,0.678627145085803,0.675149700598802,0.0317220543806647,0,0.67741935483871,0.458333333333333,0.321372854914197,0.772797527047913,0.317460317460317,0,0.668195718654434,0.998452012383901,0.667180277349769,0.682926829268293,0.628571428571429,0.67398119122257,1,0.654490106544901,0.67192429022082,0.669781931464174,0.677966101694915
"636",1,1,1,1,1,1,0.693650793650794,1,1,0.0952380952380952,1,0.0490045941807044,0.814352574102964,1,0.321711568938193,0.311248073959938,0.0658499234303216,0.685990338164251,1,1,0.297045101088647,0.31832298136646,1,0.158461538461538,1,0.3296875,0.317384370015949,1,1,0.787925696594427,0.31733746130031,0.732522796352584,0.966049382716049,0.317683881064163,0,1,0.537065052950076,1,0.306766917293233,1,0.663076923076923,0.674454828660436,0.688922610015175,1,1,0.319554848966614,0.317757009345794,0.322727272727273,0.335384615384615,0.331297709923664,0,1,0.311926605504587,1,1,0.501587301587302,0.54874213836478,1,1,1,0.341463414634146,0.31839258114374,0.32093023255814,0.675507020280811,1,1,0.0408805031446541,1,0.0604229607250755,0.325190839694657,1,0.318461538461538,0.333333333333333,0.963779527559055,0.507645259938838,1,0.312883435582822,0.337962962962963,1,0.326498422712934,0.0906200317965024,0.331230283911672,0.330745341614907,1,0.340523882896764,1,1,1,1,0.679938744257274,1,1,0.00152671755725191,0.103658536585366,1,0.0498489425981873,0,1,0.5568,0.665615141955836,1,0.0609375,0.315870570107858,1,0.324031007751938,1,0.67651632970451,1,0.327586206896552,0.329211746522411,0.332829046898638,1,0.335889570552147,1,0.483483483483483,1,0.320668693009119,0.287022900763359,0.328267477203647,0.327666151468315,0.482442748091603,1,0.322137404580153,0.319620253164557,1,0.310769230769231,1,1,0.3359375,0.55690440060698,1,0.321372854914197,1,0.0447093889716841,1,0.320552147239264,0.671296296296296,0.336448598130841,0.926040061633282,0.440381558028617,0.101404056162246,0.0965732087227414,1,1,0.334883720930233,1,0.319880418535127,1,0.805855161787365,1,0.333333333333333,1,1,1,1,0.340557275541796,1,0.323343848580442,0.249612403100775,1,0.318112633181126,1,0.308527131782946,0.0854037267080745,1,0.310618066561014,1,1,1,0.334862385321101,1,0.333333333333333,1,0.309006211180124,1,0.321259842519685,0.0756172839506173,1,0.630573248407643,1,1,0.318252730109204,1,1,1,1,0.329192546583851,0.312404287901991,1,1,0.321646341463415,0.303656597774245,1,0.447166921898928,0.65922619047619,0,0.32348367029549,0.660522273425499,1,0.328267477203647,1,1,1,0.320433436532508,0.326186830015314,0.32755905511811,1,1,1,0,1,0.314785373608903,0.973805855161787,0.323899371069182,0.312597200622084,0.742681047765794,1,1,1,1,1,0.0464396284829721,0.321981424148607,0.334355828220859,1,0.672230652503794,1,1,0.998454404945904,1,1,1,0.00303030303030303,0.319083969465649,1,0.314285714285714,1,0.309451219512195,1,1,1,1,1,0.333333333333333,1,0.508634222919937,0.333850931677019,0.332317073170732,0.324451410658307,0.322834645669291,0.334890965732087,0.427672955974843,0.335384615384615,0.322137404580153,0.316109422492401,1,0.324116743471582,1,0.687405159332322,0.316770186335404,0.31866464339909,0.336448598130841,1,1,1,0.25462962962963,0.308411214953271,1,0.324451410658307,0.337367624810893,0.317262830482115,0.323664122137405,0.676970633693972,1,0.333839150227618,0.312989045383412,1,0.309636650868878,1,0.3125,0.311526479750779,1,1,1,0.535276073619632,1,0.686335403726708,0.0795795795795796,0.3203125,1,1,0.0949464012251149,0.326120556414219,0.335974643423138,1,1,0.314112291350531,0.024653312788906,0.0015748031496063,1,1,0.349013657056146,0.998461538461539,1,0.320061255742726,1,1,0.323574730354391,1,1,1,1,0.328703703703704,0.311844077961019,0.332273449920509,1,1,0.660493827160494,0.316846986089645,1,0.321428571428571,0.310975609756098,1,1,1,1,1,0.326086956521739,1,1,0.106687898089172,0.33843797856049,0.499212598425197,0.30829420970266,0.671317829457364,0.318952234206472,1,0.314641744548287,0.333858267716535,0.260606060606061,0.326747720364742,1,0.335375191424196,1,1,1,0.313971742543171,0.323262839879154,1,0.923701298701299,0.0675039246467818,1,0.321928460342146,0.327102803738318,0.317683881064163,1,0.333333333333333,0.469418960244648,0.327131782945736,0.310769230769231,0.317610062893082,0.317683881064163,1,0.332283464566929,1,1,0,1,0.335925349922239,1,1,1,0.337899543378995,1,0.315457413249211,1,0.835658914728682,1,1,1,0.315548780487805,1,1,0.322188449848024,0.316436251920123,1,1,0.317683881064163,0.183767228177642,1,1,1,0,0.318110236220472,1,0.313664596273292,0.25194401244168,1,0.674418604651163,0.439324116743472,1,1,0.669150521609538,0.685847589424572,0.348297213622291,1,0.326656394453005,1,1,0.3421875,1,1,0.00771604938271605,0.323529411764706,1,1,0.332273449920509,1,1,0.31924882629108,0.340458015267176,1,1,1,0.527777777777778,0.308892355694228,0.352941176470588,0.322822822822823,0.337962962962963,0.686305732484076,0.329787234042553,0.336973478939158,0.318885448916409,0.23969465648855,0.325320512820513,1,0.329286798179059,1,0.318952234206472,0.0864381520119225,0.0500758725341426,1,1,0.0429447852760736,1,0.68348623853211,0.0458015267175573,0.0124610591900312,1,0.669230769230769,1,1,0.559375,1,0,0.0729001584786054,1,1,1,0.324534161490683,0.641703377386197,0.685483870967742,0.993808049535604,1,0.984662576687117,0.303543913713405,0.33695652173913,1,0.305900621118012,1,0.369969040247678,0.107424960505529,0.30920060331825,0.32572298325723,0.33931484502447,1,0.0795795795795796,1,1,1,0.256488549618321,0.325508607198748,1,0.3234375,1,1,0.319634703196347,1,0.331838565022422,1,0.322429906542056,0.327613104524181,1,0.669767441860465,0.322869955156951,1,0.324881141045959,0.765060240963855,0.31866464339909,0.160550458715596,0.328313253012048,0.778816199376947,0.30952380952381,1,0.335925349922239,0.341013824884793,0.305343511450382,1,1,1,0.96656050955414,0.346709470304976,1,0.326433121019108,1,0.328,0.323308270676692,1,1,1,0.923076923076923,1,0.310291858678955,0.327272727272727,1,1,0.0501567398119122,0.0799373040752351,1,1,0.315047021943574,1,1,0.319875776397516,1,1,0.673780487804878,0.533434650455927,1,0,1,1,0.100917431192661,0.328746177370031,1,0.325115562403698,1,0.963893249607535,1,0.821538461538462,1,0.330128205128205,1,1,1,0,0.312297734627832,1,1,0.669242658423493,1,0.321928460342146,0.362519201228879,0.326656394453005,1,1,1,0.086232980332829,0.323854660347551,0.0910543130990415,1,0.313364055299539,0.311349693251534,0.362940275650842,0,1,0.953917050691244,1,1,0.322932917316693,0.311844077961019,0.162460567823344,0.0421216848673947,0.325617283950617,0.31937984496124,0.331782945736434,0.00157977883096367,0.326186830015314,1,0,0.31969696969697,1,1,1,0.323619631901841,0.32579185520362,0.0403225806451613,1,0.3203125,0.309923664122137,1,1,0.328173374613003,0.684627575277338,1,1,0.685534591194969,1,0.31892697466468,1,0.31839258114374,0.519938650306748,0.658536585365854,0.411589895988113,1,0.307692307692308,0.321538461538462,0.674418604651163,0.660060975609756,1,0.325190839694657,1,0.327769347496206,1,0.323390894819466,0.317034700315457,0.360429447852761,0.539291217257319,0.326984126984127,0.314465408805031,0.657364341085271,0.329286798179059,0.148148148148148,1,0,1,0.305246422893482,1,0,0.325471698113208,0.325914149443561,1,0.057315233785822,1,0.0830721003134796,0.345971563981043,1,0.0664605873261206,0.66156202143951,1,1,1,0.314606741573034,0.0424886191198786,1,0.440809968847352,0.0947204968944099,0.361702127659574,0.33179012345679,0.325077399380805,1,1,1,1,1,0.0662650602409639,0.996974281391831,0.674311926605505,0.0029806259314456,0.328725038402458,1,1,1,1,0.0880989180834621,0.326687116564417,1,1,1,1,1,1,0.475975975975976,0.00158730158730159,1,0.0857580398162328,0.3296875,0.436055469953775,1,0.40405616224649,0.31629392971246,0.314241486068111,1,0.0428790199081164,0.325652841781874,1,1,0.380655226209048,0.311248073959938,0.315384615384615,0.330696202531646,1,0.334379905808477,0.324615384615385,0.426332288401254,0.333333333333333,0.97239263803681,0.322678843226788,0.0839936608557845,0.332302936630603,0,1,0.0893416927899686,0.315457413249211,0.325,0.323899371069182,1,1,1,1,1,1,0.342812006319115,1,0.321428571428571,0.322368421052632,0.618827160493827,0.669242658423493,1,1,0,0.325264750378215,0.11609907120743,1,0.0390625,1,1,0.319314641744548,1,1,0.634069400630915,0.425324675324675,0.995568685376662,0.0810810810810811,0.098256735340729,1,1,1,0.0892307692307692,0,0.320552147239264,0.429237947122862,0.319758672699849,0,0.3359375,0.0899053627760252,1,1,0.327327327327327,0.326687116564417,0.241860465116279,0.344236760124611,0.316923076923077,0.325227963525836,1,1,0.326086956521739,1,0,1,0.222047244094488,1,0.671802773497689,1,0.315789473684211,0.311912225705329,0.0715372907153729,0.670229007633588,1,1,0.779160186625194,0.891410048622366,0.322734499205087,0.324534161490683,1,0.323574730354391,0.250778816199377,0.324409448818898,1,0.0996932515337423,1,1,0.325038880248834,0.67192429022082,0.316535433070866,1,1,0.312217194570136,0.314241486068111,0.333333333333333,0.858730158730159,0.319685039370079,1,0.0571870170015456,1,1,0.69218989280245,0.648985959438378,0.329563812600969,0.0598159509202454,0.333853354134165,1,1,0.312111801242236,0.333853354134165,0.60741885625966,1,0.316030534351145,0.378254211332312,0.311349693251534,0.984802431610942,0.4671875,0.00458015267175573,0.312210200927357,0.3267776096823,0.3328173374613,0.321027287319422,0.332352941176471,0.971471471471472,1,0.320872274143302,0.536977491961415,0.674961119751166,0.236111111111111,0.681229773462783,1,0.333850931677019,0.00309597523219814,0.335413416536661,0.316358024691358,0.370542635658915,0.331230283911672,0,0.342064714946071,0.324451410658307,0.324492979719189,0.31937984496124
"637",0.277597402597403,0.294585987261146,0.298412698412698,0.3008,0.288643533123028,0.281399046104928,0.00963081861958266,0.294585987261146,0.296062992125984,0.590614886731392,0.298136645962733,0.656786271450858,0.5,0.297637795275591,1,1,0.640062597809077,0,0.3008,0.288216560509554,1,1,0.296998420221169,0.530351437699681,0.287692307692308,1,1,0.311582381729201,0.288819875776398,0.512155591572123,1,0.58125,0.344391785150079,0.996840442338073,0.689710610932476,0.294416243654822,0.135135135135135,0.299531981279251,1,0.28125,0.00315457413249211,0,0,0.305466237942122,0.296650717703349,1,0.993630573248408,1,1,1,0.711598746081505,0.298555377207063,1,0.299363057324841,0.298107255520505,0.823717948717949,0.12,0.302215189873418,0.287713841368585,0.298245614035088,0.992199687987519,1,1,0.00627943485086342,0.299837925445705,0.292913385826772,0.674718196457327,0.303715670436187,0.632558139534884,1,0.297805642633229,1,1,0.258116883116883,0.157977883096367,0.291666666666667,1,0.993730407523511,0.29375,1,0.629508196721312,1,1,0.304278922345483,1,0.299539170506912,0.283630470016207,0.3,0.293650793650794,0,0.293548387096774,0.304821150855365,0.714511041009464,0.6078125,0.285251215559157,0.663565891472868,0.70625,0.286384976525822,0.121163166397415,0,0.2896,0.635350318471338,1,0.287337662337662,1,0.290322580645161,0,0.297339593114241,1,1,1,0.284820031298905,0.995297805642633,0.300476947535771,0.201238390092879,0.281345565749235,1,0.3861852433281,1,1,0.211356466876972,0.282988871224165,1,1,0.301391035548686,1,0.298003072196621,0.29249617151608,0.374603174603175,0.746500777604977,0.29672131147541,1,0.299679487179487,0.657099697885196,0.308319738988581,1,0.00155763239875389,1,0.352472089314195,0.885807504078303,0.6016,0.622848200312989,0.286833855799373,0.29126213592233,1,0.283676703645008,1,0.272873194221509,0.491419656786271,0.297839506172839,1,0.280757097791798,0.294851794071763,0.290271132376396,0.294871794871795,1,0.287974683544304,1,0.446841294298921,0.304552590266876,1,0.30030959752322,1,0.610032362459547,0.290322580645161,1,0.296825396825397,0.287949921752739,0.308306709265176,0.9875,0.302884615384615,1,0.301261829652997,1,0.290849673202614,1,0.608626198083067,0.267295597484277,0.0261865793780687,0.279552715654952,0.295774647887324,1,0.280448717948718,0.292993630573248,0.301092043681747,0.311912225705329,1,1,0.296596434359805,0.298107255520505,1,1,0.298273155416013,0.244479495268139,0.0166919575113809,0.717425431711146,1,0.00315955766192733,0.286163522012579,1,0.291866028708134,0.283513097072419,0.294488188976378,0.998427672955975,1,1,0.295208655332303,0.30048465266559,0.290625,0.7085346215781,0.284389489953632,1,0.321711568938193,1,1,0.423809523809524,0.298555377207063,0.300157977883096,0.301587301587302,0.27602523659306,0.294871794871795,0.660287081339713,1,1,0.289514866979656,0.00470957613814757,0.29984544049459,0.287022900763359,0.296950240770466,0.281446540880503,0.282780410742496,0.288990825688073,0.716510903426791,0.367441860465116,0.279365079365079,1,0.304625199362041,1,0.284820031298905,0.282467532467532,0.288461538461538,0.300476947535771,0.287337662337662,1,0.304416403785489,0.80127186009539,1,1,0.996747967479675,1,1,0.89047619047619,1,1,1,0.287925696594427,1,0.304347826086957,0,1,0.395962732919255,1,0.3,0.297124600638978,0.285024154589372,0.426073131955485,1,0.300314465408805,1,1,1,1,0,0.282747603833866,1,1,0.2896,1,0.297507788161994,1,1,0.28892455858748,0.301282051282051,0.274167987321712,0.148969889064976,0.304560260586319,0,0.617737003058104,1,0.298299845440495,0.300955414012739,0.598736176935229,1,1,0.296596434359805,0.304487179487179,1,0.675078864353312,0.719101123595506,0.281399046104928,0.302287581699346,0.993836671802773,0.302737520128824,0.287461773700306,1,0.292259083728278,0.292379471228616,1,0.287539936102236,0.29047619047619,0.295238095238095,0.298107255520505,1,1,1,0.282539682539683,0.299840510366826,0.00788643533123028,0.992150706436421,0.305194805194805,1,1,0.277950310559006,0.300623052959502,0.285939968404423,0.289855072463768,0.292913385826772,1,0.279032258064516,0.289308176100629,0.582508250825083,1,0.825320512820513,1,0,1,0.293023255813953,1,1,0.429906542056075,0.998439937597504,0.297253634894992,1,0.281150159744409,0.283227848101266,0.284375,1,1,0.301242236024845,0.377049180327869,0.636215334420881,0.281350482315113,1,1,1,0.299186991869919,1,0.209856915739269,1,1,1,1,0.295774647887324,1,0.302287581699346,0.309148264984227,0.701112877583466,0.283891547049442,1,0.30503144654088,0.299065420560748,0.298555377207063,1,0.282574568288854,1,0.291925465838509,0.459375,0.297805642633229,0.30064308681672,0.285714285714286,1,0.300469483568075,0.282051282051282,1,1,0.300940438871473,0.286624203821656,1,0.4858934169279,0.294117647058824,0.305993690851735,0.304761904761905,0.6984375,1,0.270226537216828,1,0.430842607313196,0.280811232449298,0,0.876352395672334,0.293831168831169,0.2864,0,0.0266875981161695,0.982539682539682,0.299373040752351,1,0.293929712460064,0.288244766505636,1,0.2921875,0.296650717703349,0.696485623003195,1,0.299840510366826,0.296296296296296,1,0.28414442700157,0.282467532467532,1,0.351648351648352,0.293929712460064,0.29264475743349,0.305246422893482,0.801251956181534,1,0.979233226837061,1,1,0.00158730158730159,1,0.9936,1,0.441786283891547,0.996774193548387,0.286821705426357,0.995391705069124,0.3008,0.995253164556962,0.625192012288787,0.65086887835703,0.298136645962733,0.286158631415241,0.659305993690852,0.30048465266559,0,0.650159744408946,0.701112877583466,0.291338582677165,0.00159235668789809,0.289099526066351,0.284591194968553,0.759677419354839,0.302469135802469,0.71608832807571,0.606109324758842,0.296825396825397,0.288854003139717,0.276295133437991,1,0.0258751902587519,0,0.294670846394984,0.299050632911392,0.307210031347962,1,0.349840255591054,0.29093799682035,1,0.27742946708464,0.942947702060222,0.593949044585987,1,1,0.993265993265993,0.297839506172839,0.621283255086072,0.307098765432099,0.284090909090909,0.2928,0.432766615146832,1,0.289176090468498,1,0.304838709677419,0.293924466338259,1,0.291600633914422,1,0.295161290322581,1,1,0.29153605015674,0,1,0.301092043681747,1,0.5484375,1,0.523809523809524,1,0.544,1,0.296062992125984,1,1,1,0.287066246056782,0.296596434359805,0.295208655332303,0.330564784053156,0.344771241830065,0.287539936102236,1,0.296474358974359,1,1,0.299684542586751,0.294022617124394,0.295031055900621,0.367834394904459,0.29393468118196,1,1,0.304552590266876,0.302737520128824,0.649837133550489,0.613162118780096,0.294573643410853,0.296900489396411,1,0.281200631911532,0.290964777947933,0.995222929936306,0.278048780487805,0.285031847133758,0,0.139570552147239,0.29375,0.704097116843703,0.281399046104928,0.293375394321767,0.61741835147745,0.996850393700787,0.282296650717703,1,0.29073482428115,0.324675324675325,0.292259083728278,0.459752321981424,0.291600633914422,1,0.299373040752351,0.296825396825397,0.297872340425532,0.7125,1,0.304918032786885,0.296062992125984,0,0.295133437990581,0.998397435897436,0.954545454545455,1,0.286384976525822,0.296825396825397,0.299840510366826,0.612403100775194,1,0.611916264090177,0.308186195826645,1,1,0.974763406940063,0.69701726844584,0.303514376996805,0.339035769828927,0.29922480620155,0.289099526066351,1,1,0.524642289348172,0.655608214849921,1,1,0.998456790123457,0.718241042345277,1,0.294117647058824,0.711598746081505,1,0.3015625,0.295161290322581,0.296296296296296,0.996894409937888,1,0.66887417218543,0.296529968454259,1,1,0.301587301587302,0.287461773700306,0.998417721518987,0,0.293075684380032,0.284345047923323,0.0063391442155309,0.291079812206573,1,0.287319422150883,1,0.146875,0,0.900928792569659,0.307448494453249,1,1,0,0.00155763239875389,0.302066772655008,1,0.290584415584416,0.996884735202492,0.2816,1,0.998417721518987,0.961844197138315,0.762790697674419,1,1,0.004739336492891,1,0.535947712418301,0.306089743589744,0.6984375,0.305246422893482,1,0.280952380952381,0.701923076923077,1,1,0.2848,0.645357686453577,0.291139240506329,0.606687898089172,0.97588424437299,0.301612903225806,0.630744849445325,0.0112,0.28503937007874,0.296650717703349,0.295418641390205,1,0.660964230171073,0.288401253918495,0.8848,0.600953895071542,0.968701095461659,1,1,0.288401253918495,0.306156405990017,0.287319422150883,0.290571870170015,0.291798107255521,0.635658914728682,0.285266457680251,0,0.696969696969697,0.998432601880878,0.307936507936508,0.28341384863124,0.294498381877023,0.298136645962733,0.631746031746032,1,0.305164319248826,0.311111111111111,0.307941653160454,0.296474358974359,0.292452830188679,0.292993630573248,0.199683042789223,0.704472843450479,0.290220820189274,0.622257053291536,1,0.243369734789392,0.290679304897314,0.919871794871795,1,1,0.280898876404494,0.660855784469097,1,0.288216560509554,0.281889763779528,0.957006369426752,1,1,0.996774193548387,0.296124031007752,1,1,0.893548387096774,1,0.321259842519685,1,0.613114754098361,1,0.694099378881988,0.29047619047619,0.626817447495961,1,1,0.99185667752443,0.3,0.305164319248826,0.299674267100977,0.294303797468354,0.305691056910569,0.306349206349206,0.984051036682616,0.292993630573248,1,1,0.706349206349206,0,0.2984375,0.295489891135303,0.697637795275591,1,0.585209003215434,0.303875968992248,0.663507109004739,0.282091917591125,0.291734197730956,1,0.280448717948718,0.291245791245791,0.674157303370786,0.9064039408867,0.296969696969697,0.622792937399679,0.604269293924466,0.303656597774245,0.300970873786408,0.276898734177215,0.619426751592357,0.708860759493671,1,0.891167192429022,1,0.696875,0.996794871794872,0.607594936708861,0.298273155416013,0.3056,1,1,0.443740095087163,0.991909385113269,0.996865203761755,1,0.285483870967742,0.303715670436187,1,0.291793313069909,0.705148205928237,0.302931596091205,0.464342313787639,0.275080906148867,0,0.284591194968553,1,1,0.620094191522763,0.0015600624024961,0.302694136291601,0.295238095238095,0.0890302066772655,0.395498392282958,1,1,0.298578199052133,1,0.4272,1,0.302180685358255,0.608832807570978,0.3024,0.303370786516854,1,0,1,0.281505728314239,0.294685990338164,1,1,1,0.426517571884984,1,0.290996784565916,0.645669291338583,0.301587301587302,0.299019607843137,0.00157232704402516,0.0394944707740916,1,0.643533123028391,1,0.298578199052133,0.302588996763754,1,1,0.149206349206349,0.288854003139717,1,0.902627511591963,1,0.29874213836478,0.20926517571885,0.699376947040498,1,1,1,1,1,0.266355140186916,0.281803542673108,1,0.121112929623568,0.00158227848101266,0.453396524486572,0,0.29951690821256,1,0.696629213483146,1,1,0.890965732087227,1,0.703125,1,1,1,1
"638",1,1,1,1,1,1,0.715686274509804,1,1,0.107667210440457,1,0.0467289719626168,0.807936507936508,1,0.30379746835443,0.294573643410853,0.0683229813664596,0.697899838449112,1,1,0.278041074249605,0.304140127388535,1,0.161993769470405,1,0.319938176197836,0.301765650080257,1,1,0.776049766718507,0.294209702660407,0.725429017160686,0.965189873417722,0.30173775671406,0,1,0.546021840873635,1,0.283559577677225,1,0.674603174603175,0.69435736677116,0.705882352941177,1,1,0.306320907617504,0.300787401574803,0.289968652037618,0.311926605504587,0.314152410575428,0,1,0.301391035548686,1,1,0.492890995260663,0.568,1,1,1,0.314728682170543,0.304625199362041,0.306349206349206,0.690590111642743,1,1,0.0373250388802488,1,0.0628834355828221,0.30640243902439,1,0.313694267515924,0.312903225806452,0.966292134831461,0.516483516483517,1,0.304147465437788,0.324200913242009,1,0.302588996763754,0.0942492012779553,0.305246422893482,0.31201248049922,1,0.330232558139535,1,1,1,1,0.705047318611987,1,1,0.00157977883096367,0.113354037267081,1,0.0501519756838906,0,1,0.563607085346216,0.686998394863563,1,0.0542264752791069,0.302795031055901,1,0.302066772655008,1,0.700636942675159,1,0.300787401574803,0.306278713629403,0.301261829652997,1,0.308661417322835,1,0.5,1,0.30077519379845,0.305555555555556,0.317147192716237,0.302936630602782,0.486614173228346,0.998439937597504,0.31104199066874,0.308064516129032,1,0.285266457680251,1,1,0.333860759493671,0.545595054095827,1,0.305863708399366,1,0.0455235204855842,1,0.299079754601227,0.688172043010753,0.315132605304212,0.925984251968504,0.420454545454545,0.109204368174727,0.103610675039246,1,1,0.31496062992126,1,0.305343511450382,1,0.796267496111975,1,0.310618066561014,1,1,1,1,0.318181818181818,1,0.307570977917981,0.262830482115086,1,0.302469135802469,1,0.29320987654321,0.0963665086887836,1,0.301109350237718,1,1,1,0.322137404580153,1,0.312399355877617,1,0.298904538341158,1,0.312796208530806,0.0791925465838509,1,0.639291465378422,1,1,0.297124600638978,1,1,1,1,0.308056872037915,0.295208655332303,1,0.998412698412698,0.303875968992248,0.294770206022187,1,0.450949367088608,0.677661169415292,0,0.30564263322884,0.678125,1,0.310291858678955,1,0.998477929984779,1,0.311627906976744,0.303490136570561,0.318471337579618,1,1,1,0,1,0.290322580645161,0.971518987341772,0.307814992025518,0.300623052959502,0.752365930599369,1,1,1,1,1,0.0458860759493671,0.304278922345483,0.309748427672956,1,0.697347893915757,1,1,1,0.998470948012232,1,1,0.00312989045383412,0.324615384615385,1,0.300476947535771,1,0.286821705426357,1,1,1,1,1,0.312111801242236,1,0.503164556962025,0.313880126182965,0.311145510835913,0.302066772655008,0.314285714285714,0.31974921630094,0.415335463258786,0.315457413249211,0.303265940902022,0.293563579277865,1,0.302180685358255,1,0.697388632872504,0.306376360808709,0.322033898305085,0.323717948717949,1,1,1,0.264240506329114,0.305772230889236,1,0.305732484076433,0.309597523219814,0.305900621118012,0.309968847352025,0.687010954616588,1,0.311526479750779,0.305993690851735,1,0.2914653784219,1,0.30030959752322,0.305993690851735,1,1,1,0.552262090483619,1,0.703937007874016,0.08649468892261,0.307448494453249,1,1,0.102484472049689,0.307453416149068,0.3136,1,1,0.294851794071763,0.026813880126183,0.00160771704180064,1,1,0.325077399380805,0.998439937597504,1,0.298904538341158,1,1,0.307210031347962,1,1,1,1,0.311424100156495,0.294753086419753,0.311290322580645,1,1,0.684292379471229,0.309636650868878,1,0.302936630602782,0.28525641025641,1,1,0.998449612403101,1,1,0.312597200622084,1,1,0.110935023771791,0.32182103610675,0.484375,0.298412698412698,0.690737833594976,0.305426356589147,1,0.297124600638978,0.316692667706708,0.264296754250386,0.306027820710974,1,0.313935681470138,1,1,1,0.297805642633229,0.31104199066874,0.998442367601246,0.923202614379085,0.0642054574638844,1,0.302325581395349,0.303514376996805,0.299524564183835,1,0.313935681470138,0.479559748427673,0.308176100628931,0.297339593114241,0.30048465266559,0.293929712460064,1,0.318541996830428,1,1,0,1,0.309033280507132,1,1,1,0.315286624203822,1,0.304347826086957,1,0.830188679245283,1,1,1,0.30030959752322,1,1,0.2984375,0.296178343949045,1,1,0.306122448979592,0.198757763975155,1,0.998452012383901,1,0,0.298722044728434,1,0.29264475743349,0.245614035087719,1,0.690251572327044,0.422776911076443,1,1,0.693353474320242,0.715408805031447,0.340157480314961,1,0.308411214953271,1,1,0.31496062992126,1,0.998405103668262,0.00628930817610063,0.3125,1,1,0.308186195826645,1,1,0.296998420221169,0.324534161490683,1,1,1,0.523809523809524,0.302469135802469,0.328050713153724,0.307807807807808,0.315625,0.69811320754717,0.310769230769231,0.319508448540707,0.309486780715397,0.245696400625978,0.304897314375987,1,0.300911854103343,0.998402555910543,0.30077519379845,0.0895295902883156,0.0527131782945736,1,1,0.0401854714064915,1,0.700152207001522,0.0448916408668731,0.0111821086261981,1,0.692429022082019,1,1,0.538950715421304,1,0,0.0781758957654723,1,1,1,0.312698412698413,0.659638554216867,0.703459637561779,0.992272024729521,1,0.98116169544741,0.293103448275862,0.342723004694836,1,0.285031847133758,1,0.361331220285261,0.113964686998395,0.284375,0.309667673716012,0.3248730964467,1,0.0824261275272162,1,1,1,0.270897832817337,0.3088,1,0.308306709265176,1,1,0.301538461538462,1,0.309815950920245,1,0.299065420560748,0.310452418096724,1,0.692551505546751,0.298484848484848,1,0.303858520900322,0.757097791798107,0.30568356374808,0.165109034267913,0.306646525679758,0.76038338658147,0.29126213592233,1,0.315217391304348,0.324492979719189,0.278816199376947,1,1,1,0.966292134831461,0.347266881028939,1,0.316558441558442,1,0.299835255354201,0.303353658536585,1,1,1,0.91283676703645,1,0.300462249614792,0.305426356589147,1,1,0.0493630573248408,0.0859872611464968,1,1,0.294770206022187,1,1,0.304552590266876,1,1,0.697674418604651,0.547433903576983,1,0,1,1,0.106221547799697,0.310832025117739,1,0.3072,0.998427672955975,0.962025316455696,0.998425196850394,0.814352574102964,1,0.318840579710145,1,1,1,0,0.311793214862682,1,1,0.689274447949527,1,0.304552590266876,0.349529780564263,0.308056872037915,1,1,1,0.0992248062015504,0.309294871794872,0.0944,0.998412698412698,0.296124031007752,0.297213622291022,0.34,0,1,0.954898911353033,1,1,0.311811023622047,0.295454545454545,0.162974683544304,0.0414012738853503,0.310344827586207,0.302362204724409,0.314900153609831,0.0016,0.303459119496855,1,0,0.310185185185185,1,1,1,0.299689440993789,0.309968847352025,0.0387096774193548,1,0.301587301587302,0.3,1,1,0.314152410575428,0.709624796084829,1,1,0.705329153605016,1,0.295031055900621,1,0.296650717703349,0.541795665634675,0.683409436834094,0.402420574886536,1,0.289922480620155,0.297971918876755,0.689547581903276,0.683076923076923,1,0.303599374021909,1,0.316998468606432,1,0.296062992125984,0.303030303030303,0.345483359746434,0.510204081632653,0.300970873786408,0.287066246056782,0.681388012618297,0.303875968992248,0.160714285714286,1,0,1,0.280952380952381,1,0,0.309748427672956,0.309791332263242,1,0.0622154779969651,1,0.0946372239747634,0.322784810126582,1,0.0667701863354037,0.682464454976303,1,1,1,0.301482701812191,0.0417956656346749,1,0.4272,0.100158982511924,0.344135802469136,0.309968847352025,0.312977099236641,1,1,1,1,1,0.0674846625766871,0.996904024767802,0.703416149068323,0.0029940119760479,0.309006211180124,1,1,1,1,0.090625,0.307098765432099,1,1,1,1,1,1,0.486780715396579,0.00158982511923688,1,0.0882352941176471,0.309006211180124,0.438485804416404,1,0.382022471910112,0.303370786516854,0.30503144654088,1,0.0422535211267606,0.30503144654088,1,1,0.362179487179487,0.300155520995334,0.297805642633229,0.301765650080257,0.998454404945904,0.308917197452229,0.30564263322884,0.409967845659164,0.302215189873418,0.972307692307692,0.29803328290469,0.090311986863711,0.308411214953271,0,1,0.0909090909090909,0.29073482428115,0.308056872037915,0.303174603174603,1,1,1,1,1,1,0.318910256410256,1,0.3015625,0.300335570469799,0.588785046728972,0.696629213483146,1,1,0,0.299694189602446,0.125391849529781,0.998463901689708,0.0347551342812006,1,1,0.299840510366826,1,1,0.615629984051037,0.411954765751212,0.996983408748115,0.0817307692307692,0.105345911949686,1,1,1,0.092948717948718,0,0.307931570762053,0.412974683544304,0.301710730948678,0,0.308306709265176,0.0894568690095847,1,1,0.311349693251534,0.296411856474259,0.246913580246914,0.319286871961102,0.306153846153846,0.310291858678955,1,1,0.315705128205128,1,0,1,0.226209048361934,1,0.687402799377916,1,0.294117647058824,0.297124600638978,0.0801232665639445,0.690880989180835,1,1,0.80188679245283,0.891803278688525,0.299679487179487,0.30622009569378,1,0.303125,0.263406940063092,0.299674267100977,1,0.10989010989011,1,1,0.302795031055901,0.687301587301587,0.299050632911392,1,1,0.29153605015674,0.291338582677165,0.306501547987616,0.860095389507154,0.308306709265176,1,0.0568356374807988,1,1,0.709119496855346,0.656692913385827,0.319870759289176,0.0566929133858268,0.307210031347962,1,1,0.292527821939587,0.322169059011164,0.621913580246914,1,0.297256097560976,0.370769230769231,0.305772230889236,0.984496124031008,0.484944532488114,0.00462249614791988,0.286158631415241,0.310606060606061,0.317535545023697,0.3,0.306990881458967,0.973684210526316,1,0.302936630602782,0.552287581699346,0.696485623003195,0.241860465116279,0.696428571428571,1,0.31104199066874,0.00318979266347687,0.313385826771654,0.299065420560748,0.363636363636364,0.311216429699842,0,0.318181818181818,0.3104,0.307814992025518,0.305863708399366
"639",0,0,0,0,0,0,0.296296296296296,0,0,0.908212560386473,0,0.960753532182104,0.183962264150943,0,0.675118858954041,0.688372093023256,0.94375,0.320450885668277,0,0,0.706896551724138,0.681528662420382,0,0.847723704866562,0,0.667716535433071,0.678972712680578,0,0,0.208530805687204,0.684292379471229,0.262015503875969,0.036979969183359,0.68362480127186,1,0,0.465007776049767,0,0.694992412746586,0,0.34012539184953,0.328125,0.316846986089645,0,0,0.677367576243981,0.681747269890796,0.683409436834094,0.66358024691358,0.670278637770898,1,0,0.68798751950078,0,0,0.488038277511962,0.4512,0,0,0,0.668711656441718,0.676609105180534,0.682737169517885,0.325077399380805,0,0,0.968602825745683,0,0.947368421052632,0.67175572519084,0,0.678461538461538,0.668831168831169,0.0352,0.498442367601246,0,0.686728395061728,0.654320987654321,0,0.68099173553719,0.920127795527157,0.666666666666667,0.668217054263566,0,0.658950617283951,0,0,0,0,0.310077519379845,0,0,0.998447204968944,0.903576982892691,0,0.959938366718028,1,0,0.437699680511182,0.334920634920635,0,0.95440251572327,0.682242990654206,0,0.680314960629921,0,0.320987654320988,0,0.673879443585781,0.666144200626959,0.676970633693972,0,0.664050235478807,0,0.520610687022901,0,0.682242990654206,0.712538226299694,0.670261941448382,0.675118858954041,0.528125,0.00154083204930663,0.668702290076336,0.683954619124797,0,0.6875,0,0,0.689763779527559,0.464339908952959,0,0.679186228482003,0,0.961890243902439,0,0.68160741885626,0.328638497652582,0.668740279937792,0.0572755417956656,0.567353407290016,0.906940063091483,0.909937888198758,0,0,0.655226209048362,0,0.672699849170437,0,0.190327613104524,0,0.673015873015873,0,0,0,0,0.66824644549763,0,0.671428571428571,0.750788643533123,0,0.684698608964451,0,0.696540880503145,0.92515923566879,0,0.684294871794872,0,0,0,0.658986175115207,0,0.667189952904239,0,0.689873417721519,0,0.6784,0.934477379095164,0,0.369181380417335,0,0,0.676236044657097,0,0,0,0,0.673946957878315,0.6875,0,0.00155038759689922,0.677570093457944,0.692429022082019,0,0.562009419152276,0.337331334332834,1,0.675548589341693,0.339622641509434,0,0.667697063369397,0,0.00152439024390244,0,0.670769230769231,0.673813169984686,0.669291338582677,0,0,0,1,0,0.68370607028754,0.0250391236306729,0.6734375,0.684542586750789,0.247648902821317,0,0,0,0,0,0.962558502340094,0.6784,0.672256097560976,0,0.329738058551618,0,0,0.00156985871271586,0.00153609831029186,0,0,0.996865203761755,0.69969040247678,0,0.67948717948718,0,0.690625,0,0,0,0,0,0.670295489891135,0,0.476874003189793,0.671383647798742,0.669781931464174,0.682615629984051,0.668769716088328,0.666134185303514,0.593851132686084,0.66875,0.679748822605965,0.676425269645609,0,0.677519379844961,0,0.317972350230415,0.681962025316456,0.69969040247678,0.660225442834139,0,0,0,0.749606299212598,0.687888198757764,0,0.667716535433071,0.671212121212121,0.678683385579937,0.673282442748092,0.322884012539185,0,0.677862595419847,0.68125,0,0.692185007974482,0,0.682926829268293,0.68125,0,0,0,0.472049689440994,0,0.310832025117739,0.929003021148036,0.673879443585781,0,0,0.912908242612753,0.679566563467492,0.664556962025316,0,0,0.694573643410853,0.976780185758514,0.998410174880763,0,0,0.659159159159159,0,0,0.686821705426357,0,0,0.679748822605965,0,0,0,0,0.661993769470405,0.684931506849315,0.663430420711974,0,0,0.332822085889571,0.67981072555205,0,0.676380368098159,0.694227769110764,0,0,0.0015552099533437,0,0,0.66510172143975,0,0,0.90224358974359,0.662015503875969,0.513931888544892,0.688783570300158,0.334379905808477,0.678516228748068,0,0.684210526315789,0.664576802507837,0.748091603053435,0.67687595712098,0,0.672672672672673,0,0,0,0.684627575277338,0.669242658423493,0.0015552099533437,0.0595813204508857,0.945859872611465,0,0.673913043478261,0.675078864353312,0.681388012618297,0,0.667180277349769,0.53953488372093,0.667692307692308,0.689655172413793,0.6864,0.687898089171974,0,0.67192429022082,0,0,1,0,0.672926447574335,0,0,0,0.663507109004739,0,0.683870967741935,0,0.156739811912226,0,0,0,0.686915887850467,0,0,0.687010954616588,0.67981072555205,0,0,0.689547581903276,0.821812596006144,0,0.0015600624024961,0,1,0.687598116169545,0,0.688679245283019,0.766025641025641,0,0.325,0.556732223903177,0,0,0.327300150829563,0.304821150855365,0.645669291338583,0,0.678125,0,0,0.66347687400319,0,0.00157728706624606,0.993817619783617,0.665109034267913,0,0,0.670866141732283,0,0,0.685624012638231,0.686335403726708,0,0,0,0.458461538461538,0.682588597842835,0.648818897637795,0.677710843373494,0.660406885758998,0.314785373608903,0.667697063369397,0.673312883435583,0.681181959564541,0.758566978193146,0.673076923076923,0,0.678516228748068,0.00156739811912226,0.685358255451713,0.925418569254186,0.955038759689922,0,0,0.965996908809892,0,0.321483771251932,0.966153846153846,0.990536277602524,0,0.326594090202177,0,0,0.457326892109501,0,1,0.935587761674718,0,0,0,0.673015873015873,0.357566765578635,0.315024232633279,0.00770416024653313,0,0.0137825421133231,0.6921875,0.678683385579937,0,0.699367088607595,0,0.62085308056872,0.905362776025237,0.688473520249221,0.678787878787879,0.656514382402707,0,0.935483870967742,0,0,0,0.751926040061633,0.677884615384615,0,0.675548589341693,0,0,0.682515337423313,0,0.675149700598802,0,0.681181959564541,0.6796875,0,0.329133858267717,0.678624813153961,0,0.688102893890675,0.236760124610592,0.680981595092024,0.849056603773585,0.67629179331307,0.223622047244094,0.693270735524257,0,0.667192429022082,0.653188180404355,0.707430340557275,0,0,0,0.0290322580645161,0.675941080196399,0,0.674157303370786,0,0.670529801324503,0.673813169984686,0,0,0,0.0690737833594976,0,0.679566563467492,0.673813169984686,0,0,0.960063897763578,0.927672955974843,0,0,0.687697160883281,0,0,0.676656151419558,0,0,0.323899371069182,0.474497681607419,0,1,0,0,0.909090909090909,0.67246835443038,0,0.666666666666667,0.00156739811912226,0.0303030303030303,0.00157728706624606,0.169230769230769,0,0.669856459330144,0,0,0,1,0.685575364667747,0,0,0.33122028526149,0,0.677519379844961,0.624223602484472,0.675590551181102,0,0,0,0.921174652241113,0.676375404530744,0.92109500805153,0.00156739811912226,0.687022900763359,0.6890625,0.639625585023401,1,0,0.0374414976599064,0,0,0.667721518987342,0.697247706422018,0.852614896988906,0.96551724137931,0.679626749611198,0.6796875,0.672926447574335,0.998405103668262,0.678955453149002,0,1,0.675344563552833,0,0,0,0.674961119751166,0.67687595712098,0.967845659163987,0,0.68075117370892,0.685758513931889,0,0,0.680061823802164,0.315024232633279,0,0,0.313880126182965,0,0.683969465648855,0,0.678627145085803,0.478193146417445,0.337920489296636,0.598173515981735,0,0.689814814814815,0.678018575851393,0.327044025157233,0.335403726708075,0,0.674922600619195,0,0.666666666666667,0,0.678740157480315,0.684713375796178,0.641065830721003,0.486739469578783,0.676190476190476,0.685214626391097,0.334379905808477,0.67906976744186,0.867313915857605,0,1,0,0.701923076923077,0,1,0.674491392801252,0.677672955974843,0,0.950524737631184,0,0.922239502332815,0.659810126582278,0,0.948837209302326,0.328616352201258,0,0,0,0.685990338164251,0.965891472868217,0,0.559241706161137,0.913875598086124,0.638167938931298,0.675465838509317,0.66156202143951,0,0,0,0,0,0.94553706505295,0.00153374233128834,0.32182103610675,0.996978851963746,0.672868217054264,0,0,0,0,0.924764890282132,0.67687595712098,0,0,0,0,0,0,0.519201228878648,0.998405103668262,0,0.926717557251908,0.679506933744222,0.577287066246057,0,0.592948717948718,0.686591276252019,0.6828125,0,0.965785381026439,0.674961119751166,0,0,0.622611464968153,0.680817610062893,0.682242990654206,0.670906200317965,0.0015527950310559,0.676056338028169,0.67175572519084,0.5828125,0.67244094488189,0.0217054263565891,0.683076923076923,0.925324675324675,0.666144200626959,1,0,0.923809523809524,0.689210950080515,0.675590551181102,0.678125,0,0,0,0,0,0,0.671383647798742,0,0.6828125,0.675675675675676,0.408950617283951,0.323343848580442,0,0,1,0.682442748091603,0.891849529780564,0.00151515151515152,0.969040247678019,0,0,0.681388012618297,0,0,0.383280757097792,0.591205211726384,0.00298953662182362,0.932475884244373,0.904458598726115,0,0,0,0.923913043478261,1,0.680124223602484,0.572100313479624,0.678899082568807,1,0.667189952904239,0.926517571884984,0,0,0.670769230769231,0.671339563862928,0.770670826833073,0.658227848101266,0.683153013910355,0.674418604651163,0,0,0.67246835443038,0,1,0,0.780063291139241,0,0.322530864197531,0,0.686119873817035,0.696485623003195,0.93343653250774,0.332293291731669,0,0,0.205651491365777,0.102941176470588,0.674050632911392,0.677725118483412,0,0.672985781990521,0.748447204968944,0.667731629392971,0,0.9078125,0,0,0.671899529042386,0.329617834394904,0.685393258426966,0,0,0.681047765793529,0.692068429237947,0.67737003058104,0.146496815286624,0.682108626198083,0,0.952086553323029,0,0,0.302325581395349,0.353488372093023,0.670454545454545,0.95447409733124,0.672926447574335,0,0,0.684044233807267,0.663507109004739,0.383540372670807,0,0.684451219512195,0.627906976744186,0.685271317829457,0.0184899845916795,0.528951486697966,0.995398773006135,0.693623639191291,0.667173252279635,0.673633440514469,0.679936305732484,0.677321156773212,0.0260736196319018,0,0.683962264150943,0.463022508038585,0.317891373801917,0.777265745007681,0.316045380875203,0,0.672386895475819,0.998410174880763,0.668224299065421,0.685358255451713,0.641860465116279,0.68088467614534,1,0.66304347826087,0.678288431061807,0.675762439807384,0.68075117370892
"640",0.294212218649518,0.3140625,0.30952380952381,0.325914149443561,0.3136,0.306836248012719,0.0113268608414239,0.330696202531646,0.316118935837246,0.571658615136876,0.316279069767442,0.63849765258216,0.514563106796116,0.323763955342903,1,1,0.615023474178404,0,0.325434439178515,0.313572542901716,1,1,0.324492979719189,0.519260400616333,0.311827956989247,1,1,0.335515548281506,0.309815950920245,0.52741935483871,1,0.587227414330218,0.368012422360248,0.998415213946117,0.666666666666667,0.310743801652893,0.13953488372093,0.324242424242424,1,0.30757341576507,0,0,0,0.332263242375602,0.321711568938193,1,0.998415213946117,1,1,1,0.685847589424572,0.333863275039746,1,0.332283464566929,0.317411402157165,0.810509554140127,0.125806451612903,0.325984251968504,0.318181818181818,0.324451410658307,0.993779160186625,1,1,0.00311526479750779,0.312703583061889,0.319182389937107,0.656692913385827,0.319620253164557,0.611111111111111,1,0.322530864197531,1,1,0.277867528271405,0.166666666666667,0.319571865443425,1,0.996913580246914,0.323574730354391,1,0.597087378640777,1,1,0.329153605015674,1,0.324116743471582,0.321656050955414,0.332810047095761,0.318541996830428,0,0.325281803542673,0.330289193302892,0.689167974882261,0.578220858895706,0.318541996830428,0.634146341463415,0.676703645007924,0.31441717791411,0.130081300813008,0,0.313755795981453,0.61648177496038,1,0.314845024469821,1,0.315457413249211,0,0.325396825396825,1,1,1,0.306501547987616,1,0.322834645669291,0.208722741433022,0.311077389984825,1,0.376947040498442,1,1,0.209375,0.322981366459627,1,1,0.330218068535826,1,0.322869955156951,0.316358024691358,0.374407582938389,0.769938650306748,0.325806451612903,1,0.332258064516129,0.633633633633634,0.336553945249597,1,0,1,0.379527559055118,0.888707037643208,0.57784911717496,0.6,0.318252730109204,0.327476038338658,1,0.314194577352472,1,0.296529968454259,0.502304147465438,0.326656394453005,1,0.313971742543171,0.313195548489666,0.330721003134796,0.326923076923077,1,0.315707620528771,1,0.44,0.326687116564417,1,0.326656394453005,1,0.588697017268446,0.318471337579618,1,0.322327044025157,0.315789473684211,0.334384858044164,0.989079563182527,0.323899371069182,1,0.321259842519685,1,0.320846905537459,1,0.589540412044374,0.297297297297297,0.0278688524590164,0.301612903225806,0.315625,1,0.312597200622084,0.31924882629108,0.31201248049922,0.32398753894081,1,1,0.325281803542673,0.32018927444795,1,1,0.321316614420063,0.247261345852895,0.0179910044977511,0.678740157480315,1,0,0.323390894819466,1,0.3216,0.309119010819165,0.317111459968603,0.996899224806202,1,1,0.330275229357798,0.325242718446602,0.313178294573643,0.685990338164251,0.307086614173228,1,0.33974358974359,1,1,0.441860465116279,0.324324324324324,0.321428571428571,0.324324324324324,0.309409888357257,0.314785373608903,0.644094488188976,1,1,0.316614420062696,0.00155038759689922,0.328682170542636,0.320610687022901,0.324492979719189,0.308411214953271,0.302362204724409,0.317901234567901,0.689547581903276,0.370716510903427,0.309262166405024,1,0.317230273752013,1,0.310344827586207,0.305111821086262,0.312399355877617,0.338632750397456,0.315286624203822,1,0.31911532385466,0.795238095238095,1,1,1,1,1,0.900481540930979,1,1,1,0.316279069767442,1,0.322422258592471,0,1,0.392912172573189,1,0.326892109500805,0.326984126984127,0.31496062992126,0.421875,1,0.321538461538462,1,1,1,1,0,0.308661417322835,1,1,0.321316614420063,1,0.320373250388802,1,1,0.310897435897436,0.321086261980831,0.299373040752351,0.156985871271586,0.3312,0,0.593798449612403,1,0.320433436532508,0.3264,0.578125,1,1,0.333876221498371,0.327014218009479,1,0.648351648351648,0.69701726844584,0.309409888357257,0.316045380875203,0.993865030674847,0.325949367088608,0.304878048780488,1,0.3125,0.310664605873261,1,0.307210031347962,0.313694267515924,0.307458143074581,0.324367088607595,1,1,1,0.308917197452229,0.321259842519685,0.00925925925925926,0.995319812792512,0.324881141045959,1,1,0.310291858678955,0.327718223583461,0.308282208588957,0.316692667706708,0.310832025117739,1,0.308777429467085,0.311111111111111,0.564102564102564,1,0.84012539184953,1,0,1,0.324200913242009,1,1,0.41875,1,0.322734499205087,1,0.310618066561014,0.307692307692308,0.314641744548287,1,1,0.318252730109204,0.404567699836868,0.616852146263911,0.307936507936508,1,1,1,0.328,1,0.207936507936508,1,1,1,1,0.320433436532508,1,0.320846905537459,0.338607594936709,0.676145339652449,0.303174603174603,1,0.324367088607595,0.317557251908397,0.316993464052288,1,0.30381679389313,1,0.321592649310873,0.486739469578783,0.326018808777429,0.325434439178515,0.312788906009245,1,0.32475884244373,0.310177705977383,1,1,0.325581395348837,0.315372424722662,1,0.471138845553822,0.316211878009631,0.331230283911672,0.329704510108865,0.678071539657854,1,0.297385620915033,1,0.423137876386688,0.311111111111111,0,0.867807153965785,0.325949367088608,0.320813771517997,0,0.0315457413249211,0.9826224328594,0.317965023847377,1,0.310126582278481,0.315270935960591,1,0.32182103610675,0.313291139240506,0.664050235478807,1,0.323343848580442,0.323854660347551,1,0.307453416149068,0.316045380875203,1,0.351477449455676,0.318979266347687,0.314241486068111,0.329113924050633,0.788643533123028,1,0.977812995245642,1,1,0,1,0.995230524642289,1,0.429699842022117,1,0.309597523219814,0.995348837209302,0.332263242375602,0.998452012383901,0.606980273141123,0.624806201550388,0.316358024691358,0.305295950155763,0.637931034482759,0.317230273752013,0,0.623604465709729,0.678740157480315,0.3198127925117,0,0.312796208530806,0.306603773584906,0.77724358974359,0.323854660347551,0.684952978056426,0.6032,0.31974921630094,0.32398753894081,0.310344827586207,1,0.027027027027027,0,0.321875,0.331797235023041,0.333855799373041,1,0.344236760124611,0.32182103610675,1,0.303875968992248,0.944267515923567,0.569377990430622,1,1,0.994940978077572,0.315548780487805,0.609831029185868,0.323574730354391,0.321428571428571,0.319685039370079,0.422839506172839,1,0.314785373608903,1,0.32695374800638,0.325878594249201,1,0.322169059011164,1,0.327586206896552,1,1,0.321316614420063,0,1,0.330203442879499,1,0.564341085271318,1,0.506998444790047,1,0.558544303797468,1,0.324281150159744,1,1,1,0.3140625,0.323717948717949,0.320433436532508,0.3488,0.336585365853659,0.3140625,1,0.321928460342146,1,1,0.327073552425665,0.3184,0.31733746130031,0.390894819466248,0.326053042121685,1,1,0.329173166926677,0.321027287319422,0.6192,0.592063492063492,0.318181818181818,0.324281150159744,1,0.306376360808709,0.319875776397516,0.993779160186625,0.305691056910569,0.31496062992126,0,0.147692307692308,0.313195548489666,0.681203007518797,0.314102564102564,0.327613104524181,0.596036585365854,0.998407643312102,0.318471337579618,1,0.317535545023697,0.353035143769968,0.319182389937107,0.476635514018692,0.312796208530806,1,0.324960753532182,0.319354838709677,0.333333333333333,0.686635944700461,1,0.332268370607029,0.3203125,0,0.328100470957614,1,0.949843260188088,1,0.317757009345794,0.329211746522411,0.315457413249211,0.577708006279435,1,0.598070739549839,0.333876221498371,1,1,0.970404984423676,0.681388012618297,0.334389857369255,0.363779527559055,0.328616352201258,0.316923076923077,1,1,0.5229793977813,0.631911532385466,1,1,1,0.684887459807074,1,0.328197226502311,0.677725118483412,1,0.330232558139535,0.31911532385466,0.323296354992076,1,1,0.637254901960784,0.329153605015674,1,1,0.328638497652582,0.303076923076923,1,0,0.319488817891374,0.310126582278481,0.00476947535771065,0.317972350230415,1,0.31687898089172,1,0.153488372093023,0,0.90381679389313,0.322834645669291,1,1,0,0,0.323296354992076,1,0.315112540192926,1,0.308917197452229,1,0.9984,0.962085308056872,0.785826771653543,1,1,0.00476190476190476,1,0.518518518518518,0.322834645669291,0.668759811616955,0.325471698113208,1,0.309748427672956,0.674491392801252,1,1,0.316957210776545,0.616766467065868,0.329704510108865,0.587301587301587,0.968203497615262,0.330173775671406,0.606811145510836,0.00950871632329636,0.312202852614897,0.318461538461538,0.323529411764706,1,0.629969418960245,0.309006211180124,0.882636655948553,0.585760517799353,0.969040247678019,1,1,0.31637519872814,0.340288924558588,0.312101910828025,0.315047021943574,0.317683881064163,0.618683001531394,0.311248073959938,0,0.669161676646707,1,0.330757341576507,0.306976744186047,0.319870759289176,0.321100917431193,0.605919003115265,1,0.341049382716049,0.329093799682035,0.325281803542673,0.317891373801917,0.313846153846154,0.320126782884311,0.200612557427259,0.674641148325359,0.319554848966614,0.598159509202454,1,0.242990654205607,0.323809523809524,0.927652733118971,1,1,0.318541996830428,0.634556574923547,1,0.320610687022901,0.299050632911392,0.952380952380952,1,1,1,0.3171875,1,1,0.902053712480253,1,0.355694227769111,1,0.588617886178862,1,0.669767441860465,0.31055900621118,0.594679186228482,1,1,0.993548387096774,0.329211746522411,0.327073552425665,0.322115384615385,0.320813771517997,0.328571428571429,0.325806451612903,0.984177215189873,0.309006211180124,1,1,0.729102167182663,0,0.315707620528771,0.313178294573643,0.681047765793529,1,0.561014263074485,0.326186830015314,0.642172523961661,0.323943661971831,0.322169059011164,1,0.311111111111111,0.320661157024793,0.707472178060413,0.908196721311475,0.326347305389222,0.604501607717042,0.580286168521463,0.334890965732087,0.321543408360129,0.312693498452012,0.591772151898734,0.687306501547988,1,0.892405063291139,1,0.668174962292609,1,0.591414944356121,0.318979266347687,0.324881141045959,1,1,0.432558139534884,0.99673735725938,0.998442367601246,1,0.3171875,0.328616352201258,1,0.313636363636364,0.687402799377916,0.332288401253919,0.468253968253968,0.309562398703404,0,0.309815950920245,1,1,0.593167701863354,0,0.32753164556962,0.321316614420063,0.0950871632329636,0.416393442622951,1,1,0.311605723370429,1,0.416536661466459,1,0.324812030075188,0.5890625,0.329153605015674,0.312599681020734,1,0,1,0.312399355877617,0.319047619047619,1,1,1,0.440894568690096,1,0.319685039370079,0.623052959501558,0.327044025157233,0.327922077922078,0,0.0382165605095541,1,0.620472440944882,1,0.332810047095761,0.335453100158982,1,1,0.169014084507042,0.309262166405024,1,0.903669724770642,1,0.328125,0.2046875,0.667706708268331,1,1,1,1,1,0.289308176100629,0.299050632911392,1,0.116987179487179,0,0.440809968847352,0,0.33122028526149,1,0.673139158576052,1,1,0.894899536321484,1,0.680314960629921,1,1,1,1
"641",0.294599018003273,0.312101910828025,0.306709265175719,0.326298701298701,0.3104,0.310126582278481,0.0115131578947368,0.321951219512195,0.309033280507132,0.585089141004862,0.321928460342146,0.648475120385233,0.513029315960912,0.320512820512821,1,1,0.63166144200627,0,0.322632423756019,0.300319488817891,1,1,0.3265625,0.511848341232227,0.31201248049922,1,1,0.336633663366337,0.306962025316456,0.515447154471545,1,0.586206896551724,0.368670886075949,0.998405103668262,0.673633440514469,0.312186978297162,0.139423076923077,0.324881141045959,1,0.301242236024845,0.00322061191626409,0,0,0.329032258064516,0.315447154471545,1,0.995098039215686,1,1,1,0.691338582677165,0.32258064516129,1,0.321086261980831,0.304625199362041,0.809061488673139,0.126009693053312,0.314785373608903,0.324409448818898,0.319935691318328,0.993690851735016,1,1,0.00642054574638844,0.309951060358891,0.316614420062696,0.65751211631664,0.322115384615385,0.618973561430793,1,0.315541601255887,1,1,0.269789983844911,0.165354330708661,0.312788906009245,1,0.995245641838352,0.322429906542056,1,0.605769230769231,1,1,0.320126782884311,1,0.32,0.312698412698413,0.32741935483871,0.311501597444089,0,0.317817014446228,0.3198127925117,0.687697160883281,0.583860759493671,0.304838709677419,0.640746500777605,0.679549114331723,0.3140625,0.123152709359606,0,0.306709265175719,0.618971061093248,1,0.316993464052288,1,0.31629392971246,0,0.317965023847377,1,1,1,0.301458670988655,0.996835443037975,0.328548644338118,0.203416149068323,0.310185185185185,1,0.372056514913658,1,1,0.205128205128205,0.311526479750779,1,1,0.330745341614907,1,0.324200913242009,0.313755795981453,0.368088467614534,0.760061919504644,0.31973898858075,1,0.321543408360129,0.640746500777605,0.32843137254902,1,0.00157977883096367,1,0.367507886435331,0.891447368421053,0.582664526484751,0.599041533546326,0.315873015873016,0.322950819672131,1,0.309636650868878,1,0.304347826086957,0.508634222919937,0.327666151468315,1,0.309791332263242,0.315112540192926,0.323717948717949,0.324237560192616,1,0.3125,1,0.430555555555556,0.322274881516588,1,0.314152410575428,1,0.602218700475436,0.316558441558442,1,0.315457413249211,0.303937007874016,0.334920634920635,0.987361769352291,0.321086261980831,1,0.323624595469256,1,0.319218241042345,1,0.605136436597111,0.298076923076923,0.0358306188925081,0.294498381877023,0.313694267515924,1,0.305111821086262,0.319554848966614,0.314194577352472,0.329635499207607,1,1,0.315112540192926,0.323390894819466,1,1,0.311605723370429,0.237717908082409,0.0216049382716049,0.692682926829268,1,0.00317965023847377,0.31378763866878,1,0.32258064516129,0.314728682170543,0.310126582278481,0.998392282958199,1,1,0.325190839694657,0.312396694214876,0.31687898089172,0.682258064516129,0.296474358974359,1,0.330658105939005,1,1,0.434645669291339,0.326332794830372,0.322327044025157,0.325545171339564,0.300319488817891,0.308306709265176,0.647819063004846,1,1,0.31201248049922,0.0031496062992126,0.326465927099842,0.311450381679389,0.323151125401929,0.305379746835443,0.301612903225806,0.313178294573643,0.697933227344992,0.3640625,0.3024,1,0.319870759289176,1,0.30829420970266,0.304487179487179,0.312297734627832,0.325242718446602,0.311475409836066,1,0.3234375,0.786516853932584,1,1,0.99673735725938,1,1,0.896039603960396,1,1,1,0.311526479750779,1,0.315181518151815,0,1,0.382945736434109,1,0.317073170731707,0.322061191626409,0.311708860759494,0.415584415584416,1,0.318110236220472,1,1,1,1,0,0.306818181818182,1,1,0.313880126182965,1,0.317535545023697,1,1,0.304838709677419,0.315955766192733,0.303317535545024,0.148387096774194,0.326229508196721,0,0.602803738317757,1,0.320634920634921,0.318979266347687,0.583203732503888,1,1,0.32463295269168,0.329052969502408,1,0.668759811616955,0.703583061889251,0.305194805194805,0.313432835820896,0.993855606758833,0.320450885668277,0.298761609907121,1,0.308681672025723,0.302066772655008,1,0.301587301587302,0.315024232633279,0.317610062893082,0.318910256410256,1,1,1,0.306581059390048,0.32258064516129,0.00625978090766823,0.9921875,0.324058919803601,1,1,0.3109375,0.326625386996904,0.304897314375987,0.314606741573034,0.308176100628931,1,0.306581059390048,0.306603773584906,0.57843137254902,1,0.83968253968254,1,0,1,0.331278890600925,1,1,0.420062695924765,0.998454404945904,0.322683706070288,1,0.299837925445705,0.296178343949045,0.312302839116719,1,1,0.320126782884311,0.397372742200328,0.614886731391586,0.299342105263158,1,1,1,0.321895424836601,1,0.210862619808307,1,1,1,1,0.3203125,1,0.310965630114566,0.328593996840442,0.684294871794872,0.304625199362041,1,0.32120253164557,0.315301391035549,0.31219512195122,1,0.304347826086957,1,0.320552147239264,0.481717011128776,0.323717948717949,0.314102564102564,0.311708860759494,1,0.3184,0.304975922953451,1,1,0.3184,0.310344827586207,1,0.479813664596273,0.318910256410256,0.323296354992076,0.332802547770701,0.684126984126984,1,0.293532338308458,1,0.408064516129032,0.301916932907348,0,0.876755070202808,0.313114754098361,0.317683881064163,0,0.0317460317460317,0.982200647249191,0.315955766192733,1,0.309178743961353,0.320325203252033,1,0.323943661971831,0.316720257234727,0.667202572347267,1,0.322061191626409,0.323151125401929,1,0.306376360808709,0.300970873786408,1,0.337579617834395,0.3072,0.315625,0.329545454545455,0.783783783783784,1,0.983974358974359,1,1,0.00159744408945687,1,0.995297805642633,1,0.420127795527157,0.998371335504886,0.307692307692308,0.995245641838352,0.330658105939005,0.996820349761526,0.606106870229008,0.635220125786163,0.3140625,0.3109375,0.64873417721519,0.311475409836066,0,0.6304,0.681089743589744,0.317757009345794,0.00157977883096367,0.310789049919485,0.30622009569378,0.76537216828479,0.322784810126582,0.691455696202532,0.603896103896104,0.317817014446228,0.319182389937107,0.293739967897271,1,0.0284431137724551,0,0.316455696202532,0.321711568938193,0.335453100158982,1,0.336507936507937,0.317111459968603,1,0.306853582554517,0.936,0.57395498392283,1,1,0.994949494949495,0.313271604938272,0.611544461778471,0.322981366459627,0.308943089430894,0.310177705977383,0.412322274881517,1,0.305825242718447,1,0.316309719934102,0.316993464052288,1,0.329052969502408,1,0.319047619047619,1,1,0.321316614420063,0,1,0.320695102685624,1,0.546603475513428,1,0.508716323296355,1,0.54874213836478,1,0.317073170731707,1,1,1,0.3136,0.325806451612903,0.319875776397516,0.344827586206897,0.333889816360601,0.304552590266876,1,0.317307692307692,1,1,0.318611987381703,0.312803889789303,0.311424100156495,0.381933438985737,0.321483771251932,1,1,0.322274881516588,0.320325203252033,0.633663366336634,0.601926163723916,0.315286624203822,0.320967741935484,1,0.307692307692308,0.31619937694704,0.996820349761526,0.302931596091205,0.313880126182965,0,0.139968895800933,0.31219512195122,0.68348623853211,0.317817014446228,0.31924882629108,0.601574803149606,0.998417721518987,0.314194577352472,1,0.314785373608903,0.34775641025641,0.3184,0.473186119873817,0.314696485623003,1,0.318541996830428,0.317073170731707,0.330645161290323,0.689655172413793,1,0.323151125401929,0.315625,0,0.328050713153724,0.998402555910543,0.950558213716108,1,0.315873015873016,0.324237560192616,0.3136,0.590625,1,0.592471358428805,0.328525641025641,1,1,0.966666666666667,0.6816,0.326433121019108,0.354531001589825,0.317384370015949,0.3203125,1,1,0.511961722488038,0.632423756019262,1,1,0.998427672955975,0.68860353130016,1,0.325581395348837,0.6864,1,0.322884012539185,0.315024232633279,0.309294871794872,0.998425196850394,1,0.646864686468647,0.318037974683544,1,1,0.328548644338118,0.312893081761006,0.998430141287284,0,0.310679611650485,0.302250803858521,0.00793650793650794,0.317757009345794,1,0.303858520900322,1,0.154088050314465,0,0.907692307692308,0.321711568938193,1,1,0,0.00156494522691706,0.317384370015949,1,0.30794701986755,0.996960486322188,0.309328968903437,1,0.998392282958199,0.957680250783699,0.775,1,1,0.0062992125984252,1,0.51900826446281,0.324149108589951,0.677215189873418,0.325914149443561,1,0.309791332263242,0.677672955974843,1,1,0.317741935483871,0.624615384615385,0.324281150159744,0.592356687898089,0.974193548387097,0.326433121019108,0.613057324840764,0.014446227929374,0.310897435897436,0.322884012539185,0.318611987381703,1,0.637071651090343,0.305246422893482,0.887278582930757,0.594417077175698,0.970588235294118,1,1,0.305331179321486,0.336633663366337,0.302439024390244,0.310509554140127,0.312101910828025,0.617021276595745,0.300940438871473,0,0.675265553869499,1,0.32018927444795,0.295886075949367,0.314935064935065,0.3198127925117,0.606687898089172,1,0.327131782945736,0.325878594249201,0.33112582781457,0.319870759289176,0.312597200622084,0.3125,0.198738170347003,0.69047619047619,0.310015898251192,0.607142857142857,1,0.234548335974643,0.313291139240506,0.915993537964459,1,1,0.305246422893482,0.636650868878357,1,0.314465408805031,0.298701298701299,0.950819672131147,1,1,0.998371335504886,0.32018927444795,1,1,0.901587301587302,1,0.346394984326019,1,0.591869918699187,1,0.681458003169572,0.304,0.610114192495922,1,1,0.993517017828201,0.326498422712934,0.317034700315457,0.32520325203252,0.318541996830428,0.324590163934426,0.315705128205128,0.982315112540193,0.310664605873261,1,1,0.72107765451664,0,0.32093023255814,0.317610062893082,0.679245283018868,1,0.571428571428571,0.325757575757576,0.653290529695024,0.309904153354633,0.31973898858075,1,0.305993690851735,0.316666666666667,0.690163934426229,0.910858995137763,0.321699544764795,0.611556982343499,0.585209003215434,0.326530612244898,0.320574162679426,0.306477093206951,0.59775641025641,0.680952380952381,1,0.886255924170616,1,0.668740279937792,0.998392282958199,0.6032,0.311501597444089,0.314935064935065,1,1,0.431089743589744,0.993485342019544,0.998442367601246,1,0.31629392971246,0.325358851674641,1,0.309090909090909,0.680379746835443,0.323854660347551,0.459459459459459,0.290271132376396,0,0.309375,1,1,0.603125,0.00156985871271586,0.325508607198748,0.322834645669291,0.107765451664025,0.409539473684211,1,1,0.306962025316456,1,0.41091492776886,1,0.326120556414219,0.588607594936709,0.323248407643312,0.314696485623003,1,0,1,0.303630363036304,0.325842696629214,1,1,1,0.445528455284553,1,0.32137030995106,0.623233908948195,0.323296354992076,0.3278955954323,0.00157728706624606,0.0436893203883495,1,0.627388535031847,1,0.322632423756019,0.32843137254902,1,1,0.163265306122449,0.308176100628931,1,0.907232704402516,1,0.322274881516588,0.205741626794258,0.669303797468354,1,1,1,1,1,0.291139240506329,0.3008,1,0.126229508196721,0.00162337662337662,0.432601880877743,0,0.324193548387097,1,0.68,1,1,0.89589905362776,1,0.688188976377953,1,1,1,1
"642",1,1,1,1,1,1,0.694942903752039,1,1,0.0934426229508197,1,0.0492845786963434,0.805872756933116,1,0.306451612903226,0.296116504854369,0.0654952076677316,0.688118811881188,1,1,0.287112561174551,0.310743801652893,1,0.162420382165605,1,0.325396825396825,0.310569105691057,1,1,0.78330658105939,0.307073954983923,0.72408293460925,0.957680250783699,0.302100161550889,0,1,0.54746835443038,1,0.3,1,0.666666666666667,0.688188976377953,0.694704049844237,1,1,0.311367380560132,0.311501597444089,0.314553990610329,0.314465408805031,0.318541996830428,0,1,0.308056872037915,1,1,0.489533011272142,0.563725490196078,1,1,1,0.324960753532182,0.310897435897436,0.311290322580645,0.691943127962085,1,1,0.0384,1,0.06,0.317034700315457,1,0.308661417322835,0.318032786885246,0.96260162601626,0.521462639109698,1,0.304212168486739,0.333860759493671,1,0.31438127090301,0.0821018062397373,0.320388349514563,0.32258064516129,1,0.329093799682035,1,1,1,1,0.692675159235669,1,1,0,0.103174603174603,1,0.0499219968798752,0,1,0.57166392092257,0.677884615384615,1,0.0574712643678161,0.3042071197411,1,0.309294871794872,1,0.685393258426966,1,0.32,0.317230273752013,0.312698412698413,1,0.322683706070288,1,0.5,1,0.305511811023622,0.309033280507132,0.321144674085851,0.3184,0.493569131832797,0.998405103668262,0.314285714285714,0.308072487644152,1,0.300314465408805,1,1,0.337042925278219,0.55054432348367,1,0.309409888357257,1,0.0462249614791988,1,0.306477093206951,0.674603174603175,0.33015873015873,0.931637519872814,0.432343234323432,0.0976,0.0972447325769854,1,1,0.325769854132901,1,0.312307692307692,1,0.803486529318542,1,0.314424635332253,1,1,1,1,0.331707317073171,1,0.323051948051948,0.260188087774295,1,0.309033280507132,1,0.297906602254428,0.0851063829787234,1,0.313114754098361,1,1,1,0.329192546583851,1,0.317666126418152,1,0.3024,1,0.317891373801917,0.0760697305863708,1,0.644262295081967,1,1,0.312297734627832,1,1,1,1,0.324104234527687,0.305511811023622,1,0.998405103668262,0.313084112149533,0.305691056910569,1,0.454976303317536,0.675465838509317,0,0.322327044025157,0.680511182108626,1,0.318611987381703,1,0.998442367601246,1,0.309262166405024,0.313971742543171,0.326797385620915,1,1,1,0,1,0.306688417618271,0.970588235294118,0.32,0.301765650080257,0.761904761904762,1,1,1,1,1,0.0484652665589661,0.316720257234727,0.320574162679426,1,0.686804451510334,1,1,0.998405103668262,0.998402555910543,1,1,0.00313479623824451,0.326594090202177,1,0.305958132045089,1,0.299843014128728,1,1,1,1,1,0.326366559485531,1,0.496845425867508,0.322632423756019,0.326465927099842,0.305466237942122,0.314285714285714,0.324717285945073,0.410130718954248,0.327503974562798,0.308544303797468,0.311320754716981,1,0.324193548387097,1,0.693623639191291,0.311216429699842,0.322784810126582,0.33605220228385,1,1,1,0.259433962264151,0.304,1,0.315873015873016,0.320373250388802,0.3072,0.32,0.684210526315789,1,0.322222222222222,0.320261437908497,1,0.30114566284779,1,0.306122448979592,0.31637519872814,1,1,1,0.551669316375199,1,0.694835680751174,0.0830769230769231,0.310618066561014,1,1,0.094488188976378,0.315873015873016,0.321192052980132,1,1,0.305511811023622,0.0254372019077901,0.0032626427406199,1,1,0.328638497652582,0.998371335504886,1,0.304897314375987,1,1,0.313385826771654,1,1,1,1,0.323248407643312,0.309859154929577,0.32843137254902,1,1,0.670382165605096,0.314516129032258,1,0.314553990610329,0.293354943273906,1,1,0.998410174880763,1,1,0.325914149443561,1,1,0.102439024390244,0.331210191082803,0.496794871794872,0.307448494453249,0.674157303370786,0.317460317460317,1,0.3008,0.332263242375602,0.264890282131661,0.319620253164557,1,0.323529411764706,1,1,1,0.307941653160454,0.31496062992126,0.998410174880763,0.924217462932455,0.0619902120717781,1,0.311216429699842,0.321428571428571,0.306320907617504,1,0.322429906542056,0.473515248796148,0.333855799373041,0.307568438003221,0.310679611650485,0.296774193548387,1,0.313821138211382,1,1,0,1,0.317230273752013,1,1,1,0.329032258064516,1,0.307317073170732,1,0.838607594936709,1,1,1,0.305993690851735,1,1,0.308306709265176,0.305732484076433,1,1,0.315955766192733,0.192733017377567,1,0.998412698412698,1,0,0.318327974276527,1,0.310509554140127,0.253658536585366,1,0.679245283018868,0.435126582278481,1,1,0.682170542635659,0.701112877583466,0.344660194174757,1,0.316211878009631,1,1,0.324367088607595,1,0.998397435897436,0.0078125,0.325842696629214,1,1,0.31869918699187,1,1,0.30016051364366,0.338164251207729,1,1,1,0.519543973941368,0.308661417322835,0.332802547770701,0.31839258114374,0.324324324324324,0.691573926868045,0.323296354992076,0.318255250403877,0.313084112149533,0.2491961414791,0.316476345840131,1,0.311320754716981,0.998402555910543,0.307324840764331,0.081039755351682,0.0566929133858268,1,1,0.0421875,1,0.686119873817035,0.0479233226837061,0.0113268608414239,1,0.682965299684543,1,1,0.551219512195122,1,0,0.0756578947368421,1,1,1,0.318255250403877,0.652241112828439,0.698675496688742,0.996955859969559,1,0.984126984126984,0.295345104333868,0.351524879614767,1,0.295751633986928,1,0.366043613707165,0.102439024390244,0.302507836990596,0.316770186335404,0.321305841924399,1,0.0786163522012579,1,1,1,0.261146496815287,0.317666126418152,1,0.318181818181818,1,1,0.302694136291601,1,0.31875,1,0.311074918566775,0.311708860759494,1,0.683870967741935,0.313664596273292,1,0.309904153354633,0.753164556962025,0.312401883830455,0.166929133858268,0.317262830482115,0.760195758564437,0.306451612903226,1,0.315112540192926,0.331210191082803,0.287301587301587,1,1,1,0.970394736842105,0.341098169717138,1,0.321951219512195,1,0.3125,0.315217391304348,1,1,1,0.918238993710692,1,0.309375,0.317535545023697,1,1,0.0504065040650407,0.0759289176090469,1,1,0.307073954983923,1,1,0.316535433070866,1,1,0.682108626198083,0.539308176100629,1,0,1,1,0.093558282208589,0.314009661835749,1,0.314785373608903,0.998422712933754,0.962540716612378,0.998420221169036,0.820472440944882,1,0.322742474916388,1,1,1,0,0.307178631051753,1,1,0.67205169628433,1,0.311708860759494,0.360128617363344,0.317034700315457,1,1,1,0.0883280757097792,0.32137030995106,0.0915032679738562,0.998394863563403,0.3104,0.310832025117739,0.348101265822785,0,1,0.952691680261011,1,1,0.325281803542673,0.301412872841444,0.165853658536585,0.04,0.315359477124183,0.305555555555556,0.316957210776545,0,0.311004784688995,1,0,0.315789473684211,1,1,1,0.311708860759494,0.31619937694704,0.0364238410596026,1,0.309562398703404,0.302215189873418,1,1,0.308917197452229,0.700826446280992,1,1,0.690437601296596,1,0.313178294573643,1,0.316639741518578,0.541213063763608,0.668224299065421,0.4015625,1,0.292307692307692,0.310725552050473,0.680124223602484,0.671383647798742,1,0.323343848580442,1,0.318818040435459,1,0.315789473684211,0.311183144246353,0.34748427672956,0.506309148264984,0.312297734627832,0.313408723747981,0.671474358974359,0.319314641744548,0.150572831423895,1,0,1,0.2848,1,0,0.316957210776545,0.317741935483871,1,0.0583717357910906,1,0.0844155844155844,0.336553945249597,1,0.0657051282051282,0.674157303370786,1,1,1,0.30514096185738,0.0427215189873418,1,0.421974522292994,0.0922570016474465,0.349453978159126,0.324409448818898,0.3140625,1,1,1,1,1,0.0670731707317073,0.996879875195008,0.689274447949527,0.00307219662058372,0.312893081761006,1,1,1,1,0.0821484992101106,0.312401883830455,1,1,1,1,1,1,0.4875,0,1,0.0850393700787402,0.317535545023697,0.440191387559809,1,0.386513157894737,0.303389830508475,0.308917197452229,1,0.0428571428571429,0.319620253164557,1,1,0.369105691056911,0.30564263322884,0.310289389067524,0.318627450980392,0.998417721518987,0.324193548387097,0.3234375,0.41091492776886,0.3216,0.971337579617834,0.313664596273292,0.0813953488372093,0.3168,0,1,0.0868167202572347,0.311183144246353,0.311501597444089,0.314935064935065,1,1,1,1,1,1,0.328990228013029,1,0.321951219512195,0.319587628865979,0.598425196850394,0.680781758957655,1,1,0,0.314241486068111,0.117834394904459,0.998459167950693,0.036741214057508,1,1,0.314424635332253,1,1,0.621578099838969,0.40432612312812,0.996946564885496,0.085,0.0909090909090909,1,1,1,0.0850722311396469,0,0.30625,0.421900161030596,0.309859154929577,0,0.320967741935484,0.0868852459016393,1,1,0.31832298136646,0.31974921630094,0.249201277955272,0.334943639291465,0.310236220472441,0.312597200622084,1,1,0.32475884244373,1,0,1,0.2288,1,0.6768,1,0.303514376996805,0.30114566284779,0.0755905511811024,0.669303797468354,1,1,0.781553398058252,0.908940397350993,0.310965630114566,0.305,1,0.312599681020734,0.262987012987013,0.316309719934102,1,0.0950871632329636,1,1,0.314424635332253,0.676470588235294,0.299352750809061,1,1,0.30503144654088,0.312698412698413,0.31832298136646,0.859450726978998,0.306818181818182,1,0.0550314465408805,1,1,0.69435736677116,0.661341853035144,0.32512315270936,0.0544871794871795,0.314606741573034,1,1,0.298076923076923,0.325806451612903,0.626794258373206,1,0.309636650868878,0.365506329113924,0.305379746835443,0.984496124031008,0.475961538461538,0.00314465408805031,0.303030303030303,0.319685039370079,0.32137030995106,0.314845024469821,0.312210200927357,0.973101265822785,1,0.316535433070866,0.561174551386623,0.684039087947883,0.242424242424242,0.691419141914191,1,0.321656050955414,0.00321027287319422,0.323763955342903,0.3078125,0.36248012718601,0.312,0,0.333333333333333,0.310064935064935,0.32463295269168,0.305732484076433
"643",0.0625954198473282,0.0590909090909091,0.0466867469879518,0.0557228915662651,0.055472263868066,0.0591805766312595,0.357032457496136,0.0599078341013825,0.0594512195121951,0.966049382716049,0.0520833333333333,0.984939759036145,0.12,0.0564885496183206,0.627300613496933,0.634848484848485,0.995502248875562,0.382539682539683,0.0546282245827011,0.0586466165413534,0.641993957703928,0.623100303951368,0.0578635014836795,0.909774436090226,0.0603829160530191,0.610859728506787,0.61633281972265,0.0592823712948518,0.0611028315946349,0.14854517611026,0.629129129129129,0.197309417040359,0.0419790104947526,0.629518072289157,0.952815829528158,0.0653907496012759,0.522189349112426,0.0569715142428786,0.630969609261939,0.0610119047619048,0.390317700453858,0.378176382660688,0.375917767988253,0.0552147239263804,0.0581929555895865,0.607476635514019,0.629685157421289,0.623145400593472,0.613670133729569,0.601783060921248,0.944693572496263,0.0570107858243451,0.630563798219585,0.0581929555895865,0.0578635014836795,0.439137134052388,0.50229709035222,0.0572289156626506,0.0582959641255605,0.0591805766312595,0.605341246290801,0.615267175572519,0.625954198473282,0.39209726443769,0.0632911392405063,0.0647590361445783,0.990839694656489,0.0581929555895865,1,0.611940298507463,0.0535714285714286,0.616417910447761,0.601837672281776,0.0960629921259843,0.552238805970149,0.0595065312046444,0.628148148148148,0.606774668630339,0.0550595238095238,0.61993769470405,0.967289719626168,0.609090909090909,0.611872146118721,0.0584707646176912,0.601492537313433,0.0559646539027982,0.0583717357910906,0.0588235294117647,0.0526315789473684,0.37125748502994,0.0555555555555556,0.05,0.946107784431138,0.960902255639098,0.0519877675840979,0.98813056379822,0.94578313253012,0.0582959641255605,0.50077519379845,0.383561643835616,0.0564885496183206,1,0.63206106870229,0.0590062111801242,0.620426829268293,0.0546282245827011,0.380368098159509,0.0603318250377074,0.614916286149163,0.619335347432024,0.612518628912072,0.0633484162895928,0.61377245508982,0.0548148148148148,0.576023391812866,0.0625,0.629685157421289,0.769115442278861,0.61119293078056,0.628787878787879,0.589123867069486,0.0629685157421289,0.61890694239291,0.617151607963247,0.0523168908819133,0.633484162895928,0.0571428571428571,0.0585651537335286,0.743939393939394,0.517037037037037,0.0508474576271186,0.627092846270928,0.0549618320610687,0.987012987012987,0.0527131782945736,0.62848751835536,0.388971684053651,0.608370702541106,0.00150829562594268,0.612752721617418,0.965465465465465,0.965465465465465,0.060790273556231,0.0555555555555556,0.614457831325301,0.0529500756429652,0.619533527696793,0.0575757575757576,0.127753303964758,0.0628654970760234,0.622496147919877,0.0575757575757576,0.0613496932515337,0.06,0.05,0.597859327217125,0.0636363636363636,0.610942249240122,0.816023738872404,0.0597907324364723,0.622781065088757,0.0592592592592593,0.629909365558912,0.976958525345622,0.049079754601227,0.615975422427035,0.0651515151515152,0.0583832335329341,0.0622154779969651,0.6,0.0577507598784195,0.613636363636364,0.0574886535552194,0.615384615384615,0.0612244897959184,0.613740458015267,0.986425339366516,0.0581222056631893,0.423861852433281,0.0524691358024691,0.0592705167173252,0.618461538461539,0.0516717325227964,0.0531914893617021,0.051698670605613,0.0531914893617021,0.615615615615616,0.620384047267356,0.0599078341013825,0.0555555555555556,0.614008941877794,0.637059724349158,0.0528700906344411,0.621621621621622,0.400291120815138,0.93993993993994,0.61178247734139,0.395833333333333,0.0548148148148148,0.605612998522895,0.0557275541795666,0.0576070901033973,0.0552238805970149,0.626307922272048,0.622058823529412,0.609642301710731,0.06158357771261,0.0522273425499232,0.0519287833827893,0.949308755760369,0.0594512195121951,0.635384615384615,0.0244648318042813,0.612903225806452,0.622356495468278,0.302848575712144,0.0540958268933539,0.0625931445603577,0.0498489425981873,0.0560606060606061,0.055045871559633,0.987841945288754,0.616892911010558,0.607843137254902,0.0625931445603577,0.383333333333333,0.0592592592592593,0.0648967551622419,0.0576631259484067,0.0596125186289121,0.0547112462006079,0.0534124629080119,0.942942942942943,0.757942511346445,0.0597014925373134,0.62015503875969,0.0568356374807988,0.631975867269985,0.0525525525525526,0.0561456752655539,0.0551301684532925,0.0566615620214395,0.059375,0.61178247734139,0.0568862275449102,0.422322775263952,0.615269461077844,0.611607142857143,0.62691131498471,0.615030674846626,0.611195158850227,0.635093167701863,0.602102102102102,0.621052631578947,0.620535714285714,0.0604719764011799,0.618541033434651,0.0527950310559006,0.369661266568483,0.619970193740686,0.764530551415797,0.609090909090909,0.0591805766312595,0.0468986384266263,0.0570570570570571,0.818045112781955,0.62555720653789,0.0494011976047904,0.615030674846626,0.610619469026549,0.623298033282905,0.618479880774963,0.378012048192771,0.0535987748851455,0.61961367013373,0.618098159509202,0.0605143721633888,0.638330757341577,0.0639880952380952,0.629080118694362,0.626126126126126,0.0566615620214395,0.0573643410852713,0.0598159509202454,0.527439024390244,0.055045871559633,0.380809595202399,0.974963181148748,0.614567526555387,0.0581222056631893,0.0546021840873635,0.968325791855204,0.616541353383459,0.622119815668203,0.0496894409937888,0.0585516178736518,0.624624624624625,0.968181818181818,0.942073170731707,0.0621212121212121,0.0554675118858954,0.604956268221574,0.0558912386706949,0.0614035087719298,0.629850746268657,0.0587349397590361,0.0611940298507463,0.62202380952381,0.0557275541795666,0.0569715142428786,0.0610119047619048,0.0575757575757576,0.599092284417549,0.62962962962963,0.610510046367852,0.0587349397590361,0.0653495440729483,0.395488721804511,0.615501519756839,0.06,0.624447717231222,0.635542168674699,0.0583832335329341,0.0524781341107872,0.056047197640118,0.0577507598784195,0.0587371512481645,0.606060606060606,0.0642201834862385,0.0648567119155355,0.95800933125972,0.59882005899705,0.561011904761905,0.627300613496933,0.390317700453858,0.615963855421687,0.0557184750733138,0.634848484848485,0.607196401799101,0.816296296296296,0.617210682492582,0.0520673813169985,0.605571847507331,0.0614692653673163,0.0559757942511346,0.0576923076923077,0.63030303030303,0.628012048192771,0.0537313432835821,0.0139103554868624,0.998475609756098,0.0646153846153846,0.619047619047619,0.611620795107034,0.629800307219662,0.0516431924882629,0.608955223880597,0.599397590361446,0.61136023916293,0.632930513595166,0.615853658536585,0.63013698630137,0.0531757754800591,0.60708782742681,0.0501567398119122,0.0504587155963303,0.949177877428999,0.0630769230769231,0.615733736762481,0.0605143721633888,0.0575221238938053,0.0541795665634675,0.611026033690659,0.0577777777777778,0.624420401854714,0.059593023255814,0.0981873111782477,0.0635400907715582,0.0595419847328244,0.0564635958395245,0.625748502994012,0.0506134969325153,0.0548780487804878,0.627272727272727,0.618759455370651,0.0512820512820513,0.0547112462006079,0.626323751891074,0.879464285714286,0.0581929555895865,0.0513595166163142,0.0591715976331361,0.939393939393939,0.627272727272727,0.05320813771518,0.624624624624625,0.815868263473054,0.0519083969465649,0.385307346326837,0.50520059435364,0.0601851851851852,0.0542986425339367,0.392386530014641,0.36322188449848,0.594553706505295,0.0518292682926829,0.619266055045872,0.0578386605783866,0.0512422360248447,0.609682299546142,0.055472263868066,0.0581929555895865,0.95045045045045,0.616564417177914,0.0636363636363636,0.0587349397590361,0.609230769230769,0.0553064275037369,0.0609756097560976,0.627480916030534,0.740029542097489,0.0564885496183206,0.0536512667660209,0.0487062404870624,0.406626506024096,0.624624624624625,0.634586466165414,0.619883040935672,0.611620795107034,0.375572519083969,0.609281437125748,0.602719033232628,0.623703703703704,0.818722139673105,0.624036979969183,0.0597014925373134,0.613469985358712,0.0590979782270607,0.620481927710843,0.976811594202899,0.997019374068554,0.0593471810089021,0.0609212481426449,0.988165680473373,0.0486656200941915,0.377049180327869,0.995461422087746,0.957639939485628,0.0555555555555556,0.382753403933434,0.0541353383458647,0.0598802395209581,0.519938650306748,0.0574018126888218,0.946348733233979,0.984520123839009,0.0575757575757576,0.0612855007473842,0.0617469879518072,0.61144578313253,0.417503586800574,0.361934477379095,0.0715350223546945,0.0558912386706949,0.0296296296296296,0.635135135135135,0.72782874617737,0.0611028315946349,0.640672782874618,0.0567164179104478,0.571214392803598,0.961948249619482,0.632986627043091,0.62280701754386,0.598715890850722,0.0555555555555556,0.980597014925373,0.0636094674556213,0.0513219284603421,0.0586466165413534,0.811487481590574,0.613981762917933,0.0647149460708783,0.616666666666667,0.0594679186228482,0.0606531881804044,0.624629080118694,0.0547945205479452,0.620087336244541,0.0558912386706949,0.629179331306991,0.61631419939577,0.0534918276374443,0.375766871165644,0.62280701754386,0.0541353383458647,0.627692307692308,0.169924812030075,0.613095238095238,0.904619970193741,0.619259259259259,0.166666666666667,0.621374045801527,0.0690184049079755,0.612121212121212,0.604197901049475,0.647058823529412,0.0612855007473842,0.0566615620214395,0.0592592592592593,0.0234009360374415,0.726415094339623,0.055472263868066,0.610328638497653,0.0586466165413534,0.626356589147287,0.620178041543027,0.0586466165413534,0.0540958268933539,0.0505952380952381,0.0276497695852535,0.0546528803545052,0.623703703703704,0.618401206636501,0.0525525525525526,0.0553846153846154,1,0.975308641975309,0.056547619047619,0.0570107858243451,0.627118644067797,0.0603318250377074,0.0618556701030928,0.631659056316591,0.0630914826498423,0.0597907324364723,0.378582202111614,0.526946107784431,0.0515933232169954,0.942857142857143,0.060790273556231,0.0643712574850299,0.964653902798233,0.614008941877794,0.0596330275229358,0.61144578313253,0.0532724505327245,0.0200927357032458,0.0587349397590361,0.108955223880597,0.0636363636363636,0.609375,0.0522388059701493,0.0556414219474498,0.0516431924882629,0.943703703703704,0.625391849529781,0.0470219435736677,0.0638930163447251,0.390317700453858,0.0580357142857143,0.612121212121212,0.575485799701046,0.609022556390977,0.0524737631184408,0.0598802395209581,0.0613496932515337,0.968421052631579,0.614791987673344,0.976635514018692,0.0534351145038168,0.624251497005988,0.635014836795252,0.587349397590361,0.946808510638298,0.0499243570347958,0.0118518518518519,0.0582959641255605,0.056547619047619,0.610328638497653,0.628865979381443,0.901065449010654,0.989409984871407,0.610350076103501,0.622926093514329,0.601492537313433,0.952086553323029,0.626686656671664,0.053019145802651,0.939577039274924,0.616519174041298,0.0622222222222222,0.0621212121212121,0.0553064275037369,0.618127786032689,0.616959064327485,0.993788819875776,0.0513595166163142,0.624242424242424,0.626307922272048,0.0581222056631893,0.0673652694610778,0.619190404797601,0.364341085271318,0.0485584218512898,0.0623100303951368,0.366718027734977,0.0578635014836795,0.637853949329359,0.0599078341013825,0.623672230652504,0.537650602409639,0.400295420974889,0.641288433382138,0.0537313432835821,0.632132132132132,0.624813153961136,0.37370753323486,0.396170839469809,0.0483383685800604,0.618343195266272,0.0569230769230769,0.615271659324523,0.049306625577812,0.612121212121212,0.629402756508423,0.59304084720121,0.533033033033033,0.617283950617284,0.618320610687023,0.391238670694864,0.616296296296296,0.92018779342723,0.0486322188449848,0.945266272189349,0.057315233785822,0.645357686453577,0.0622154779969651,0.950524737631184,0.616766467065868,0.624615384615385,0.0583717357910906,1,0.0558912386706949,0.96969696969697,0.603053435114504,0.0540540540540541,1,0.396084337349398,0.0564885496183206,0.0597014925373134,0.0553892215568862,0.630503144654088,0.988183161004431,0.0573529411764706,0.509118541033435,0.964777947932619,0.581259150805271,0.616766467065868,0.614349775784753,0.057315233785822,0.0403726708074534,0.0638297872340425,0.055472263868066,0.0526315789473684,0.998540145985401,0.0644216691068814,0.37910447761194,0.941775836972344,0.614114114114114,0.0556390977443609,0.0584615384615385,0.0499219968798752,0.0514705882352941,0.972932330827068,0.620178041543027,0.0494752623688156,0.0579268292682927,0.0499219968798752,0.0562310030395137,0.0597907324364723,0.0599700149925037,0.579795021961933,0.958588957055215,0.0533536585365854,0.980797636632201,0.624813153961136,0.645550527903469,0.0633484162895928,0.547839506172839,0.629107981220657,0.620481927710843,0.0626865671641791,0.989473684210526,0.622188905547226,0.0520833333333333,0.0605143721633888,0.563076923076923,0.623688155922039,0.633333333333333,0.620528771384137,0.0487444608567208,0.622526636225266,0.615844544095665,0.62691131498471,0.622356495468278,0.0164179104477612,0.626647144948756,0.979813664596273,0.621621621621622,0.944693572496263,0.0600600600600601,0.973805855161787,0.627692307692308,0.612612612612613,0.628224582701062,0.0520833333333333,0.0586466165413534,0.0619195046439628,0.0586466165413534,0.0570987654320988,0.0611620795107034,0.603053435114504,0.0559757942511346,0.622699386503067,0.618441971383148,0.460624071322437,0.385560675883257,0.0581222056631893,0.0642750373692078,0.951327433628319,0.617732558139535,0.947209653092006,0.051622418879056,0.987933634992459,0.0553892215568862,0.0542635658914729,0.622154779969651,0.0564885496183206,0.0598425196850394,0.4375,0.635093167701863,0.0622286541244573,0.975270479134467,0.964723926380368,0.0582959641255605,0.0571428571428571,0.0522388059701493,0.973013493253373,0.948795180722892,0.610119047619048,0.520485584218513,0.614814814814815,0.942477876106195,0.602484472049689,0.98,0.0603318250377074,0.0552995391705069,0.625931445603577,0.604477611940298,0.824773413897281,0.599092284417549,0.622613803230543,0.623893805309734,0.0576631259484067,0.0542986425339367,0.613394216133942,0.0553935860058309,0.948872180451128,0.047040971168437,0.840059790732436,0.0612557427258806,0.384384384384384,0.0561299852289513,0.622926093514329,0.629457364341085,0.985228951255539,0.391369047619048,0.0585585585585586,0.057315233785822,0.262595419847328,0.1625,0.61214953271028,0.626749611197512,0.0537313432835821,0.612121212121212,0.809880239520958,0.614551083591331,0.0619469026548673,0.962630792227205,0.057315233785822,0.0553846153846154,0.619414483821264,0.390697674418605,0.623255813953488,0.0557275541795666,0.0540540540540541,0.623123123123123,0.631419939577039,0.613569321533923,0.205837173579109,0.62962962962963,0.057315233785822,0.998516320474777,0.0601503759398496,0.0561622464898596,0.37444279346211,0.414264036418816,0.611801242236025,1,0.613293051359517,0.0563165905631659,0.0490045941807044,0.630862329803328,0.614114114114114,0.434977578475336,0.0533333333333333,0.629246676514033,0.67921686746988,0.630075187969925,0.0816023738872404,0.595744680851064,0.951807228915663,0.62874251497006,0.60932944606414,0.608562691131499,0.627300613496933,0.61037037037037,0.0847953216374269,0.0590909090909091,0.635400907715582,0.514150943396226,0.384259259259259,0.831562974203338,0.376175548589342,0.0454545454545455,0.611195158850227,0.946348733233979,0.606927710843373,0.624441132637854,0.681137724550898,0.612213740458015,0.947839046199702,0.604754829123328,0.630368098159509,0.618098159509202,0.618127786032689
"644",1,1,1,1,1,1,0.69811320754717,1,1,0.102728731942215,1,0.0493827160493827,0.808709175738725,1,0.322784810126582,0.315384615384615,0.0627871362940276,0.667752442996743,1,1,0.296875,0.329113924050633,1,0.164362519201229,1,0.330757341576507,0.324281150159744,1,1,0.788888888888889,0.32093023255814,0.72360248447205,0.970542635658915,0.325508607198748,0,1,0.533123028391167,1,0.309559939301973,1,0.656298600311042,0.673312883435583,0.679878048780488,1,1,0.328548644338118,0.316614420062696,0.322678843226788,0.336810730253353,0.333848531684699,0,1,0.32370820668693,1,1,0.503961965134707,0.548031496062992,1,1,1,0.341389728096677,0.327613104524181,0.322429906542056,0.671339563862928,1,1,0.0401234567901235,1,0.0571428571428571,0.331811263318113,1,0.330218068535826,0.3296,0.963492063492064,0.498447204968944,1,0.320061255742726,0.348765432098765,1,0.3312,0.0892857142857143,0.339116719242902,0.336477987421384,1,0.346564885496183,1,1,1,1,0.676335877862595,1,1,0.0015600624024961,0.108728943338438,1,0.0485584218512898,0,1,0.548956661316212,0.666666666666667,1,0.0546021840873635,0.316614420062696,1,0.323390894819466,1,0.679878048780488,1,0.327586206896552,0.326153846153846,0.32312404287902,1,0.330733229329173,1,0.472477064220183,1,0.326120556414219,0.297546012269939,0.332822085889571,0.324031007751938,0.470496894409938,0.998456790123457,0.329803328290469,0.324324324324324,1,0.312210200927357,1,1,0.328746177370031,0.562874251497006,1,0.323076923076923,1,0.0440729483282675,1,0.327718223583461,0.668168168168168,0.340458015267176,0.930555555555556,0.446570972886762,0.107644305772231,0.10377358490566,1,1,0.337461300309598,1,0.330792682926829,1,0.804580152671756,1,0.332258064516129,1,1,1,1,0.340659340659341,1,0.330232558139535,0.256923076923077,1,0.323619631901841,1,0.311728395061728,0.0884676145339652,1,0.317610062893082,1,1,1,0.342064714946071,1,0.330246913580247,1,0.310872894333844,1,0.330232558139535,0.0764430577223089,1,0.628389154704944,1,1,0.331746031746032,1,1,1,1,0.330203442879499,0.319938176197836,1,0.998456790123457,0.324655436447167,0.320126782884311,1,0.43730407523511,0.661242603550296,0,0.326086956521739,0.659969088098918,1,0.333333333333333,1,0.998493975903614,1,0.329249617151608,0.328220858895706,0.328548644338118,1,1,1,0,1,0.324281150159744,0.970769230769231,0.334928229665072,0.31875,0.757341576506955,1,1,1,1,1,0.0453125,0.327613104524181,0.329721362229102,1,0.674347158218126,1,1,0.998420221169036,0.998463901689708,1,1,0.00309119010819165,0.310606060606061,1,0.325,1,0.317411402157165,1,1,1,1,1,0.335423197492163,1,0.520569620253165,0.339009287925697,0.330781010719755,0.320754716981132,0.337461300309598,0.342313787638669,0.427215189873418,0.336448598130841,0.327692307692308,0.31937984496124,1,0.326086956521739,1,0.67427701674277,0.325581395348837,0.320552147239264,0.341614906832298,1,1,1,0.258620689655172,0.327217125382263,1,0.328050713153724,0.328267477203647,0.318885448916409,0.328725038402458,0.671339563862928,1,0.325581395348837,0.317683881064163,1,0.313880126182965,1,0.317147192716237,0.322378716744914,1,1,1,0.529503105590062,1,0.679626749611198,0.0830815709969789,0.31937984496124,1,1,0.0989180834621329,0.332307692307692,0.33652312599681,1,1,0.309597523219814,0.0264385692068429,0.00158478605388273,1,1,0.346969696969697,0.998466257668712,1,0.317901234567901,1,1,0.325652841781874,1,1,1,1,0.334876543209877,0.314456035767511,0.332268370607029,1,1,0.667687595712098,0.328682170542636,1,0.329305135951662,0.307453416149068,1,1,0.998444790046656,1,1,0.333333333333333,1,1,0.113924050632911,0.345038167938931,0.502354788069074,0.317262830482115,0.667180277349769,0.324655436447167,1,0.319875776397516,0.343213728549142,0.262269938650307,0.33030303030303,1,0.33034379671151,1,1,1,0.324534161490683,0.329249617151608,0.998463901689708,0.926517571884984,0.0608424336973479,1,0.316279069767442,0.324451410658307,0.318541996830428,1,0.338931297709924,0.473035439137134,0.335913312693498,0.318461538461538,0.32741935483871,0.315132605304212,1,0.339144215530903,1,1,0,1,0.338050314465409,1,1,1,0.336448598130841,1,0.323248407643312,1,0.833333333333333,1,1,1,0.317901234567901,1,1,0.319018404907975,0.316770186335404,1,1,0.324031007751938,0.190258751902588,1,0.998442367601246,1,0,0.323943661971831,1,0.320182094081942,0.252730109204368,1,0.667180277349769,0.445987654320988,1,1,0.65922619047619,0.697492163009404,0.360374414976599,1,0.328725038402458,1,1,0.343260188087774,1,0.998422712933754,0.00619195046439629,0.333850931677019,1,1,0.332268370607029,1,1,0.322429906542056,0.336874051593323,1,1,1,0.53822629969419,0.318252730109204,0.356807511737089,0.329323308270677,0.339009287925697,0.686028257456829,0.336890243902439,0.342146189735614,0.319083969465649,0.241809672386895,0.33125,1,0.325825825825826,0.998435054773083,0.325153374233129,0.0874811463046757,0.0538461538461538,1,1,0.0417956656346749,1,0.676380368098159,0.0434108527131783,0.0109204368174727,1,0.671802773497689,1,1,0.558028616852146,1,0,0.0760697305863708,1,1,1,0.334394904458599,0.639344262295082,0.685667752442997,0.992354740061162,1,0.98310291858679,0.313664596273292,0.332288401253919,1,0.309033280507132,1,0.380655226209048,0.110062893081761,0.314329738058552,0.328358208955224,0.336065573770492,1,0.0809160305343511,1,1,1,0.266362252663623,0.329652996845426,1,0.332805071315372,1,1,0.319938176197836,1,0.330838323353293,1,0.3198127925117,0.330203442879499,1,0.67192429022082,0.321212121212121,1,0.31496062992126,0.7546875,0.322137404580153,0.162826420890937,0.328828828828829,0.770440251572327,0.313385826771654,1,0.334375,0.342024539877301,0.302147239263804,1,1,1,0.969648562300319,0.336025848142165,1,0.330708661417323,1,0.327390599675851,0.327300150829563,1,1,1,0.920807453416149,1,0.320061255742726,0.324242424242424,1,1,0.0490506329113924,0.0809968847352025,1,1,0.320634920634921,1,1,0.32398753894081,1,1,0.671383647798742,0.519201228878648,1,0,1,1,0.105105105105105,0.328682170542636,1,0.332298136645963,0.998442367601246,0.960629921259842,0.998444790046656,0.823348694316436,1,0.337078651685393,1,1,1,0,0.320967741935484,1,1,0.662557781201849,1,0.328682170542636,0.364615384615385,0.330757341576507,1,1,1,0.0931297709923664,0.331761006289308,0.0906200317965024,0.998425196850394,0.320668693009119,0.317757009345794,0.355725190839695,0,1,0.953488372093023,1,1,0.333333333333333,0.316816816816817,0.164596273291925,0.0452418096723869,0.324534161490683,0.3234375,0.336923076923077,0.00159235668789809,0.324615384615385,1,0,0.327718223583461,1,1,1,0.326747720364742,0.324283559577677,0.0398089171974522,1,0.322429906542056,0.315384615384615,1,1,0.3265625,0.688995215311005,1,1,0.679873217115689,1,0.315151515151515,1,0.329192546583851,0.509954058192956,0.655436447166922,0.424471299093656,1,0.306525037936267,0.315950920245399,0.670769230769231,0.65891472868217,1,0.326717557251908,1,0.332339791356185,1,0.322884012539185,0.315541601255887,0.35625,0.524767801857585,0.328593996840442,0.31875,0.662015503875969,0.330757341576507,0.15112540192926,1,0,1,0.291139240506329,1,0,0.329704510108865,0.324281150159744,1,0.0558912386706949,1,0.0899053627760252,0.344827586206897,1,0.0635658914728682,0.669254658385093,1,1,1,0.313821138211382,0.0409090909090909,1,0.434579439252336,0.0995260663507109,0.362095531587057,0.329286798179059,0.328787878787879,1,1,1,1,1,0.0652503793626707,0.996960486322188,0.680428134556575,0.00297619047619048,0.33695652173913,1,1,1,1,0.0903522205206738,0.318461538461538,1,1,1,1,1,1,0.482602118003026,0.00158478605388273,1,0.0829562594268477,0.331775700934579,0.437209302325581,1,0.405405405405405,0.313408723747981,0.31937984496124,1,0.043343653250774,0.332824427480916,1,1,0.374800637958533,0.320373250388802,0.315384615384615,0.327503974562798,0.998463901689708,0.332278481012658,0.328197226502311,0.427672955974843,0.329173166926677,0.97112462006079,0.319277108433735,0.0874403815580286,0.329704510108865,0,1,0.0957613814756672,0.322378716744914,0.328100470957614,0.327073552425665,1,1,1,1,1,1,0.339622641509434,1,0.329721362229102,0.32220367278798,0.610510046367852,0.670826833073323,1,1,0,0.32824427480916,0.118279569892473,0.998505231689088,0.0386398763523957,1,1,0.3234375,1,1,0.636507936507936,0.43312101910828,0.997058823529412,0.0830670926517572,0.103338632750397,1,1,1,0.0909090909090909,0,0.325153374233129,0.424528301886792,0.326219512195122,0,0.333333333333333,0.0886075949367089,1,1,0.324200913242009,0.326120556414219,0.249235474006116,0.346581875993641,0.321538461538462,0.326656394453005,1,1,0.33125,1,0,1,0.229559748427673,1,0.668224299065421,1,0.32,0.322061191626409,0.077639751552795,0.668693009118541,1,1,0.78125,0.896940418679549,0.326656394453005,0.321144674085851,1,0.325153374233129,0.263975155279503,0.328050713153724,1,0.107142857142857,1,1,0.327639751552795,0.668261562998405,0.315541601255887,1,1,0.317484662576687,0.316358024691358,0.325757575757576,0.862992125984252,0.323343848580442,1,0.0532724505327245,1,1,0.686453576864536,0.641744548286604,0.333333333333333,0.0550314465408805,0.335394126738794,1,1,0.313385826771654,0.34009360374415,0.61136712749616,1,0.313935681470138,0.382978723404255,0.31839258114374,0.986089644513138,0.468553459119497,0.00305810397553517,0.306376360808709,0.333333333333333,0.339116719242902,0.329073482428115,0.32572298325723,0.966101694915254,1,0.319875776397516,0.533965244865719,0.678740157480315,0.249614791987673,0.666666666666667,1,0.331775700934579,0.00317460317460317,0.336477987421384,0.321316614420063,0.371951219512195,0.334913112164297,0,0.3421875,0.324881141045959,0.335423197492163,0.326053042121685
"645",0.0901898734177215,0.0875796178343949,0.0794912559618442,0.0782747603833866,0.0834645669291339,0.0927672955974843,0.387987012987013,0.0874403815580286,0.0850393700787402,1,0.0856697819314642,0.951638065522621,0.0955414012738854,0.0854430379746835,0.597738287560582,0.61198738170347,0.981132075471698,0.410714285714286,0.0887096774193548,0.0816326530612245,0.605769230769231,0.590690208667737,0.0882352941176471,0.936908517350158,0.0962732919254658,0.569400630914827,0.594507269789984,0.0870967741935484,0.0924499229583975,0.142857142857143,0.602825745682888,0.163551401869159,0.0660377358490566,0.596244131455399,0.918918918918919,0.0904605263157895,0.562305295950156,0.0841121495327103,0.604294478527607,0.0919003115264797,0.4384,0.414826498422713,0.406201550387597,0.0854430379746835,0.0896,0.589660743134087,0.596184419713832,0.593406593406593,0.593114241001565,0.580343213728549,0.912636505460218,0.0817307692307692,0.582689335394127,0.0830721003134796,0.0886075949367089,0.403536977491961,0.527070063694268,0.0868167202572347,0.0929133858267717,0.0904761904761905,0.575851393188854,0.583465818759936,0.590690208667737,0.419303797468354,0.0909090909090909,0.0948678071539658,0.956661316211878,0.0822784810126582,0.978527607361963,0.579192546583851,0.0787037037037037,0.586206896551724,0.5776,0.120578778135048,0.579598145285935,0.0857580398162328,0.590417310664606,0.566096423017107,0.0834621329211747,0.584415584415584,1,0.5744,0.580286168521463,0.09375,0.574534161490683,0.0826952526799387,0.0871632329635499,0.0810810810810811,0.0868878357030016,0.409090909090909,0.0903328050713154,0.0784615384615385,0.920436817472699,1,0.0806451612903226,0.956723338485317,0.914691943127962,0.0879120879120879,0.542622950819672,0.414173228346457,0.0846394984326019,0.969453376205788,0.595879556259905,0.0959349593495935,0.585483870967742,0.0853462157809984,0.410459587955626,0.0916271721958926,0.580286168521463,0.58528951486698,0.577881619937695,0.087719298245614,0.579277864992151,0.0877742946708464,0.611111111111111,0.0890937019969278,0.587677725118483,0.804381846635368,0.574074074074074,0.589660743134087,0.616954474097331,0.0888888888888889,0.587155963302752,0.591572123176661,0.0788253477588872,0.601226993865031,0.0835866261398176,0.0860215053763441,0.78003120124805,0.542056074766355,0.082258064516129,0.593059936908517,0.0819935691318328,0.950995405819296,0.078525641025641,0.592307692307692,0.426771653543307,0.585055643879173,0.0236220472440945,0.65210355987055,1,1,0.0842607313195548,0.0891410048622366,0.571428571428571,0.0869565217391304,0.592879256965944,0.0913385826771654,0.0993690851735016,0.0892307692307692,0.578352180936995,0.0759493670886076,0.0888529886914378,0.0878594249201278,0.0814332247557003,0.56984126984127,0.092948717948718,0.575079872204473,0.842767295597484,0.0890625,0.594976452119309,0.0962732919254658,0.594637223974763,0.993690851735016,0.0817307692307692,0.592833876221498,0.0944272445820433,0.0883280757097792,0.0893416927899686,0.574074074074074,0.0911949685534591,0.5776,0.0852090032154341,0.587025316455696,0.0907590759075908,0.586991869918699,0.990625,0.0850393700787402,0.460655737704918,0.0846645367412141,0.0899053627760252,0.593851132686084,0.082670906200318,0.0829420970266041,0.0873634945397816,0.0841269841269841,0.58664546899841,0.589230769230769,0.0923824959481361,0.0855784469096672,0.581504702194357,0.599369085173502,0.0862068965517241,0.662480376766091,0.436555891238671,0.906200317965024,0.584615384615385,0.434231378763867,0.0824261275272162,0.580893682588598,0.0894308943089431,0.087962962962963,0.0762052877138414,0.58740157480315,0.583841463414634,0.57516339869281,0.0848765432098765,0.0914927768860353,0.078125,0.926282051282051,0.0870253164556962,0.596153846153846,0.062992125984252,0.589257503949447,0.584518167456556,0.338632750397456,0.0868167202572347,0.0920245398773006,0.0835913312693498,0.0936507936507937,0.0824088748019017,0.952380952380952,0.581358609794629,0.580188679245283,0.0887480190174326,0.414219474497682,0.086687306501548,0.0950920245398773,0.089171974522293,0.0842433697347894,0.0878594249201278,0.0843558282208589,0.915360501567398,0.794712286158631,0.0872274143302181,0.593949044585987,0.0814696485623003,0.597503900156006,0.0834621329211747,0.0850722311396469,0.0810810810810811,0.0875796178343949,0.0907590759075908,0.576862123613312,0.0893682588597843,0.376190476190476,0.572784810126582,0.580093312597201,0.593004769475358,0.571428571428571,0.575949367088608,0.658615136876006,0.575899843505477,0.578538102643857,0.588785046728972,0.088785046728972,0.582417582417582,0.0808580858085809,0.403426791277259,0.588976377952756,0.805255023183926,0.582664526484751,0.0842787682333874,0.0801282051282051,0.0864779874213836,0.834130781499203,0.599364069952305,0.0748829953198128,0.584664536741214,0.580937972768533,0.589984350547731,0.594090202177294,0.419558359621451,0.0870253164556962,0.584876543209877,0.583596214511041,0.0819935691318328,0.610837438423645,0.0926216640502355,0.592879256965944,0.601275917065391,0.0842607313195548,0.0869565217391304,0.0907668231611894,0.565286624203822,0.0906200317965024,0.402208201892744,0.990769230769231,0.588328075709779,0.0899053627760252,0.0826580226904376,1,0.5875,0.586429725363489,0.0909090909090909,0.0884244372990354,0.591962905718702,0.93613707165109,0.911858974358974,0.087719298245614,0.0823909531502423,0.575153374233129,0.0838607594936709,0.0920245398773006,0.593508500772797,0.0849056603773585,0.0851735015772871,0.590138674884438,0.0843949044585987,0.0850393700787402,0.0863422291993721,0.0877742946708464,0.578696343402226,0.597859327217125,0.576985413290113,0.0855784469096672,0.0854430379746835,0.423913043478261,0.585874799357945,0.0784,0.589147286821705,0.6,0.0855365474339036,0.0838414634146342,0.0834621329211747,0.0873015873015873,0.0803149606299213,0.570300157977883,0.0942492012779553,0.0922098569157393,0.99510603588907,0.573667711598746,0.589825119236884,0.601910828025478,0.415605095541401,0.582159624413146,0.086232980332829,0.594594594594595,0.573692551505547,0.835889570552147,0.591836734693878,0.0849056603773585,0.582434514637905,0.087719298245614,0.0853080568720379,0.0904836193447738,0.597110754414125,0.593508500772797,0.0811232449297972,0.0161550888529887,0.971608832807571,0.0904761904761905,0.585173501577287,0.580906148867314,0.599369085173502,0.0765472312703583,0.579510703363914,0.6296875,0.582938388625592,0.595879556259905,0.592532467532468,0.598715890850722,0.0766823161189358,0.579527559055118,0.0776699029126214,0.0834645669291339,0.926100628930818,0.0887480190174326,0.58664546899841,0.086687306501548,0.0834597875569044,0.0882825040128411,0.584394904458599,0.0903522205206738,0.599358974358974,0.0860215053763441,0.0771653543307087,0.0969793322734499,0.0841423948220065,0.0858034321372855,0.589341692789969,0.0801282051282051,0.0936995153473344,0.600315955766193,0.593059936908517,0.0817610062893082,0.0834645669291339,0.5936,0.910769230769231,0.0880913539967374,0.0830721003134796,0.0856697819314642,0.911353032659409,0.596214511041009,0.0862619808306709,0.589257503949447,0.843800322061192,0.0828025477707006,0.417582417582418,0.468217054263566,0.0939490445859873,0.0849056603773585,0.421052631578947,0.392,0.557299843014129,0.0861244019138756,0.58307210031348,0.0929133858267717,0.0806451612903226,0.575949367088608,0.0846153846153846,0.0910543130990415,0.918006430868167,0.582278481012658,0.0916398713826367,0.0810810810810811,0.584415584415584,0.08125,0.0841423948220065,0.6,0.769828926905132,0.082670906200318,0.0847723704866562,0.0838607594936709,0.374213836477987,0.605919003115265,0.599041533546326,0.590909090909091,0.586477987421384,0.407766990291262,0.571205007824726,0.564387917329094,0.593846153846154,0.855572998430141,0.5829307568438,0.0906298003072197,0.580246913580247,0.0837359098228663,0.589341692789969,0.989263803680982,0.96551724137931,0.0869565217391304,0.0900621118012422,0.957142857142857,0.0827922077922078,0.409861325115562,0.956318252730109,0.927652733118971,0.089922480620155,0.412225705329154,0.0806962025316456,0.0858034321372855,0.5536,0.0899053627760252,0.913522012578616,0.9984,0.0892018779342723,0.0874233128834356,0.0990712074303406,0.581583198707593,0.448640483383686,0.392220421393841,0.0982839313572543,0.0839813374805599,0.0607476635514019,0.60410094637224,0.76984126984127,0.0910518053375196,0.608974358974359,0.0841121495327103,0.536624203821656,0.995283018867924,0.587774294670846,0.595975232198142,0.575085324232082,0.0866261398176292,0.990697674418605,0.093558282208589,0.0813008130081301,0.0906200317965024,0.846986089644513,0.5814696485623,0.0985691573926868,0.591639871382637,0.0836120401337793,0.0869565217391304,0.600308641975309,0.0907643312101911,0.591805766312595,0.0838607594936709,0.593004769475358,0.589540412044374,0.0846394984326019,0.414516129032258,0.589939024390244,0.0857580398162328,0.595541401273885,0.153968253968254,0.592307692307692,0.943661971830986,0.584615384615385,0.137658227848101,0.597110754414125,0.105090311986864,0.579527559055118,0.567651632970451,0.617784711388456,0.0857142857142857,0.0840064620355412,0.0808709175738725,0.0645695364238411,0.759615384615385,0.087719298245614,0.570491803278689,0.0880503144654088,0.590381426202322,0.589424572317263,0.0923317683881064,0.0852090032154341,0.0820433436532508,0.00801282051282051,0.0875576036866359,0.594427244582043,0.596850393700787,0.0795631825273011,0.0870967741935484,0.971014492753623,0.990322580645161,0.083596214511041,0.0881410256410256,0.59047619047619,0.0923566878980892,0.0865533230293663,0.592709984152139,0.0941558441558442,0.0894819466248038,0.41471048513302,0.563076923076923,0.0781499202551834,0.918305597579425,0.0841269841269841,0.0933544303797468,1,0.58609794628752,0.0843949044585987,0.577106518282989,0.0864,0.0572337042925278,0.0935023771790808,0.0835913312693498,0.0818619582664527,0.587378640776699,0.0788643533123028,0.0802568218298555,0.0846905537459283,0.921752738654147,0.590032154340836,0.0803858520900322,0.0874233128834356,0.417197452229299,0.0842433697347894,0.586854460093897,0.548031496062992,0.575235109717868,0.086687306501548,0.0828125,0.0913385826771654,1,0.579454253611557,0.988636363636364,0.0753205128205128,0.601246105919003,0.605590062111801,0.565354330708661,0.912280701754386,0.0829420970266041,0.0419254658385093,0.090625,0.08,0.5904,0.59480122324159,0.932707355242567,0.953821656050955,0.59904912836767,0.584126984126984,0.575235109717868,0.916129032258065,0.600311041990669,0.0852359208523592,0.91866028708134,0.584234930448223,0.0897637795275591,0.0865384615384615,0.0818897637795276,0.594043887147335,0.593220338983051,0.957723577235772,0.0818897637795276,0.593949044585987,0.600917431192661,0.0947204968944099,0.0923566878980892,0.588419405320814,0.392156862745098,0.0796178343949045,0.0888529886914378,0.404423380726698,0.0910493827160494,0.5895865237366,0.0969793322734499,0.592767295597484,0.577287066246057,0.430577223088924,0.672782874617737,0.0838607594936709,0.6,0.592879256965944,0.39873417721519,0.427692307692308,0.083596214511041,0.58411214953271,0.0868167202572347,0.589041095890411,0.0755627009646302,0.584126984126984,0.600969305331179,0.559429477020602,0.560250391236307,0.582381729200653,0.586370839936609,0.430622009569378,0.588419405320814,0.966832504145937,0.0775316455696203,0.919753086419753,0.0830721003134796,0.606687898089172,0.0946372239747634,0.922239502332815,0.587301587301587,0.592356687898089,0.0844155844155844,0.96969696969697,0.0899053627760252,1,0.567307692307692,0.0799373040752351,0.971608832807571,0.422291993720565,0.0810810810810811,0.0859375,0.0838509316770186,0.590682196339434,0.950769230769231,0.0762052877138414,0.479166666666667,1,0.554711246200608,0.580847723704867,0.581395348837209,0.0841269841269841,0.0643086816720257,0.0897435897435897,0.082018927444795,0.0845070422535211,0.979876160990712,0.0902140672782875,0.415094339622642,0.909228441754917,0.585403726708075,0.083596214511041,0.0881410256410256,0.0783034257748776,0.0806201550387597,0.996835443037975,0.585139318885449,0.0783410138248848,0.0922098569157393,0.0811688311688312,0.0830670926517572,0.0890625,0.0930599369085174,0.62015503875969,0.935587761674718,0.0870253164556962,0.993740219092332,0.590837282780411,0.677570093457944,0.0851735015772871,0.520967741935484,0.594813614262561,0.591125198098257,0.094488188976378,0.954616588419405,0.577639751552795,0.0772797527047913,0.0941915227629513,0.54414125200642,0.596899224806202,0.60093896713615,0.583601286173633,0.0789473684210526,0.586921850079745,0.588419405320814,0.66877971473851,0.595161290322581,0.0528771384136858,0.591331269349845,0.993517017828201,0.586314152410575,0.917573872472784,0.0920634920634921,0.995222929936306,0.586538461538462,0.583987441130298,0.593354430379747,0.0877742946708464,0.075,0.0840064620355412,0.0855365474339036,0.086677367576244,0.090032154340836,0.573268921095008,0.0883720930232558,0.593949044585987,0.590984974958264,0.487654320987654,0.416398713826367,0.0902021772939347,0.0894819466248038,0.917573872472784,0.592933947772657,0.979233226837061,0.0864197530864197,0.953525641025641,0.0822784810126582,0.0884244372990354,0.583596214511041,0.0865384615384615,0.0882352941176471,0.467845659163987,0.6645056726094,0.0911854103343465,0.992050874403816,1,0.0841269841269841,0.0859872611464968,0.078003120124805,0.990506329113924,0.921259842519685,0.589341692789969,0.480376766091052,0.58641975308642,0.915384615384615,0.566129032258065,0.993537964458804,0.0823909531502423,0.0858995137763371,0.591772151898734,0.58307210031348,0.856,0.57484076433121,0.587869362363919,0.583850931677019,0.087719298245614,0.0890625,0.575516693163752,0.08649468892261,0.921996879875195,0.0784,0.876190476190476,0.0946166394779772,0.41692789968652,0.0875,0.592125984251968,0.598387096774194,0.992319508448541,0.419504643962848,0.0828125,0.0817307692307692,0.3,0.191176470588235,0.585557299843014,0.586538461538462,0.0838509316770186,0.579365079365079,0.84310618066561,0.590690208667737,0.0954545454545455,1,0.0871632329635499,0.0814696485623003,0.593354430379747,0.413961038961039,0.5888,0.0864,0.0797448165869219,0.601866251944012,0.597464342313788,0.582317073170732,0.228295819935691,0.593301435406699,0.0926216640502355,0.967238689547582,0.0911949685534591,0.0903225806451613,0.404761904761905,0.448757763975155,0.590759075907591,0.971563981042654,0.575277337559429,0.0900473933649289,0.0768,0.596463022508039,0.569620253164557,0.469387755102041,0.0866141732283465,0.595645412130638,0.676380368098159,0.599056603773585,0.114241001564945,0.627172195892575,0.925,0.601246105919003,0.579598145285935,0.582664526484751,0.594594594594595,0.590214067278288,0.115264797507788,0.0912,0.600315955766193,0.559738134206219,0.404761904761905,0.860062893081761,0.403225806451613,0.0774091627172196,0.574132492113565,0.9248,0.574603174603175,0.593996840442338,0.702619414483821,0.580031695721078,0.917057902973396,0.568503937007874,0.596122778675283,0.580487804878049,0.5936
"646",0.317152103559871,0.342679127725857,0.336477987421384,0.354943273905997,0.339228295819936,0.3152,0.0337620578778135,0.336025848142165,0.332814930015552,0.543946932006633,0.333333333333333,0.624806201550388,0.548387096774194,0.336492890995261,0.976415094339623,0.972929936305732,0.605015673981191,0.0231023102310231,0.341935483870968,0.329652996845426,0.97092084006462,0.9712,0.341576506955178,0.485407066052227,0.321699544764795,0.973101265822785,0.973941368078176,0.349180327868852,0.326625386996904,0.562300319488818,0.970172684458399,0.638095238095238,0.385335413416537,0.971246006389776,0.640449438202247,0.327759197324415,0.1125,0.34488188976378,0.967889908256881,0.3198127925117,0.0270700636942675,0.031055900621118,0.0296411856474259,0.353035143769968,0.344391785150079,0.975922953451043,0.976671850699845,0.967441860465116,0.971875,0.975270479134467,0.671383647798742,0.346774193548387,0.974803149606299,0.332814930015552,0.335413416536661,0.864077669902913,0.0881410256410256,0.343799058084772,0.323343848580442,0.344992050874404,0.980030721966206,0.973228346456693,0.97456279809221,0.0210696920583468,0.329032258064516,0.330670926517572,0.635499207606973,0.3408,0.591962905718702,0.970404984423676,0.342679127725857,0.974643423137876,0.977235772357724,0.295345104333868,0.1265625,0.33693972179289,0.973520249221184,0.97626582278481,0.341732283464567,0.978583196046129,0.56507413509061,0.973143759873618,0.968304278922345,0.346394984326019,0.97339593114241,0.347222222222222,0.328616352201258,0.361464968152866,0.339652448657188,0.0217054263565891,0.340764331210191,0.342507645259939,0.675078864353312,0.554517133956386,0.333333333333333,0.621165644171779,0.655172413793103,0.33122028526149,0.0996732026143791,0.0289389067524116,0.333860759493671,0.599364069952305,0.973186119873817,0.332786885245902,0.967897271268058,0.344497607655502,0.0266457680250784,0.340157480314961,0.966019417475728,0.976340694006309,0.97191887675507,0.328593996840442,0.974603174603175,0.335433070866142,0.17638036809816,0.329286798179059,0.97339593114241,0.341269841269841,0.969325153374233,0.982511923688394,0.162974683544304,0.330721003134796,0.970125786163522,0.975845410628019,0.346031746031746,0.971698113207547,0.336874051593323,0.336874051593323,0.338050314465409,0.732919254658385,0.33605220228385,0.968304278922345,0.33868378812199,0.618461538461539,0.348684210526316,0.972136222910217,0.0250783699059561,0.971830985915493,0.409810126582278,0.850406504065041,0.550156739811912,0.563492063492063,0.340659340659341,0.345104333868379,0.97444089456869,0.328173374613003,0.972727272727273,0.32755905511811,0.52803738317757,0.341013824884793,0.970588235294118,0.332805071315372,0.338709677419355,0.329052969502408,0.345161290322581,0.973186119873817,0.321086261980831,0.971786833855799,0.405660377358491,0.344186046511628,0.971786833855799,0.337461300309598,0.971383147853736,0.568690095846645,0.330112721417069,0.977491961414791,0.337519623233909,0.3421875,0.345161290322581,0.979527559055118,0.339652448657188,0.973058637083994,0.337060702875399,0.976377952755906,0.34375,0.973228346456693,0.565830721003135,0.321259842519685,0.0197044334975369,0.311475409836066,0.338557993730408,0.966074313408724,0.31924882629108,0.346031746031746,0.341013824884793,0.341576506955178,0.972972972972973,0.972049689440994,0.34789644012945,0.348726114649682,0.975039001560062,0.970967741935484,0.343307086614173,0.218009478672986,0.0226244343891403,0.666666666666667,0.976114649681529,0.0224719101123595,0.3375,0.97191887675507,0.341463414634146,0.332824427480916,0.336463223787167,0.966719492868463,0.97045101088647,0.969502407704655,0.348837209302326,0.334967320261438,0.342723004694836,0.655555555555556,0.321766561514196,0.973143759873618,0.35725677830941,0.974481658692185,0.971608832807571,0.399053627760252,0.344339622641509,0.331782945736434,0.33968253968254,0.323248407643312,0.340288924558588,0.626602564102564,0.97275641025641,0.967289719626168,0.327666151468315,0.0247678018575851,0.343167701863354,0.331782945736434,0.340659340659341,0.332278481012658,0.32,0.335901386748844,0.672413793103448,0.331768388106416,0.3328173374613,0.97427652733119,0.346581875993641,0.973101265822785,0.333333333333333,0.334379905808477,0.3344,0.342857142857143,0.329581993569132,0.975922953451043,0.341653666146646,0.828571428571429,0.973101265822785,0.968944099378882,0.977917981072555,0.974481658692185,0.972491909385113,0.864297253634895,0.968,0.979655712050078,0.974882260596546,0.333333333333333,0.971337579617834,0.34094616639478,0.024653312788906,0.971742543171115,0.359133126934985,0.971383147853736,0.336,0.335443037974684,0.337007874015748,0.390551181102362,0.968798751950078,0.3453125,0.969551282051282,0.978461538461538,0.979559748427673,0.971742543171115,0.0250783699059561,0.328525641025641,0.973724884080371,0.976190476190476,0.342313787638669,0.97411003236246,0.343260188087774,0.974723538704581,0.972886762360447,0.330065359477124,0.340764331210191,0.319685039370079,0.118670886075949,0.341423948220065,0.0265625,0.563271604938272,0.973312401883831,0.335423197492163,0.338632750397456,0.555555555555556,0.970948012232416,0.975961538461538,0.344771241830065,0.3392,0.967289719626168,0.634945397815913,0.680713128038898,0.32807570977918,0.339774557165862,0.986046511627907,0.34748427672956,0.324159021406728,0.972093023255814,0.33122028526149,0.326018808777429,0.975193798449612,0.330683624801272,0.333333333333333,0.333333333333333,0.334389857369255,0.971830985915493,0.971299093655589,0.977382875605816,0.328100470957614,0.344497607655502,0.0375586854460094,0.985871271585557,0.352090032154341,0.973765432098765,0.973143759873618,0.329230769230769,0.3421875,0.322169059011164,0.349761526232114,0.336973478939158,0.972972972972973,0.329153605015674,0.3216,0.543973941368078,0.975116640746501,0.812199036918138,0.969453376205788,0.0318979266347687,0.967391304347826,0.341653666146646,0.972843450479233,0.974921630094044,0.400625978090767,0.970172684458399,0.331723027375201,0.97239263803681,0.33596214511041,0.327476038338658,0.338028169014085,0.970031545741325,0.970724191063174,0.328571428571429,0.422829581993569,0.592833876221498,0.319935691318328,0.970266040688576,0.969648562300319,0.97092084006462,0.342622950819672,0.973478939157566,0.167721518987342,0.978193146417445,0.968553459119497,0.974522292993631,0.973228346456693,0.338533541341654,0.971563981042654,0.343042071197411,0.348982785602504,0.66403785488959,0.33015873015873,0.971291866028708,0.341692789968652,0.333843797856049,0.334415584415584,0.972886762360447,0.330745341614907,0.977346278317152,0.34585289514867,0.507836990595611,0.3390625,0.350877192982456,0.339593114241002,0.968553459119497,0.343450479233227,0.328025477707006,0.97045101088647,0.972929936305732,0.339009287925697,0.323854660347551,0.973143759873618,0.45,0.329052969502408,0.339116719242902,0.343799058084772,0.659375,0.96998420221169,0.32258064516129,0.971608832807571,0.391935483870968,0.327974276527331,0.031496062992126,0.919629057187017,0.34248788368336,0.344827586206897,0.0228658536585366,0.0549273021001615,0.985483870967742,0.330721003134796,0.971473851030111,0.330173775671406,0.342812006319115,0.971563981042654,0.346938775510204,0.337579617834395,0.645569620253165,0.974960876369327,0.343402225755167,0.33868378812199,0.975845410628019,0.333333333333333,0.323577235772358,0.974603174603175,0.306962025316456,0.332792207792208,0.337461300309598,0.34384858044164,0.828393135725429,0.973270440251572,0.955056179775281,0.977029096477795,0.973312401883831,0.0207006369426752,0.968944099378882,0.977917981072555,0.97191887675507,0.406995230524642,0.974358974358974,0.328703703703704,0.976923076923077,0.350961538461538,0.979559748427673,0.577981651376147,0.602503912363067,0.328725038402458,0.339009287925697,0.627358490566038,0.334959349593496,0.0275229357798165,0.610759493670886,0.662480376766091,0.341653666146646,0.0237717908082409,0.330696202531646,0.32755905511811,0.73961661341853,0.349056603773585,0.664050235478807,0.561093247588424,0.330143540669856,0.342229199372057,0.32120253164557,0.97933227344992,0.0211161387631976,0.0311475409836066,0.333853354134165,0.343260188087774,0.35,0.971608832807571,0.303656597774245,0.345483359746434,0.974068071312804,0.324451410658307,0.977987421383648,0.54281098546042,0.97045101088647,0.970404984423676,0.972881355932203,0.330745341614907,0.588509316770186,0.33695652173913,0.331707317073171,0.3424,0.396551724137931,0.980952380952381,0.328502415458937,0.971428571428571,0.34248788368336,0.338815789473684,0.975193798449612,0.33974358974359,0.968036529680365,0.34493670886076,0.968253968253968,0.971518987341772,0.342723004694836,0.0206349206349206,0.966049382716049,0.343402225755167,0.98371335504886,0.60347551342812,0.973684210526316,0.476635514018692,0.972434915773354,0.599358974358974,0.96984126984127,0.341463414634146,0.969889064976228,0.973520249221184,0.968553459119497,0.329635499207607,0.349206349206349,0.3390625,0.367909238249595,0.308457711442786,0.334905660377358,0.96984126984127,0.345161290322581,0.967479674796748,0.970496894409938,0.342767295597484,0.337060702875399,0.337480559875583,0.416267942583732,0.341121495327103,0.970814132104455,0.969745222929936,0.349378881987578,0.337115072933549,0.606109324758842,0.553429027113238,0.331230283911672,0.340836012861736,0.972929936305732,0.329113924050633,0.334360554699538,0.965023847376789,0.327922077922078,0.33175355450237,0.0251968503937008,0.108527131782946,0.33868378812199,0.658499234303216,0.337025316455696,0.346687211093991,0.569018404907976,0.966613672496025,0.337579617834395,0.979495268138801,0.332273449920509,0.364951768488746,0.330670926517572,0.506955177743431,0.33015873015873,0.9728,0.330708661417323,0.344992050874404,0.355305466237942,0.667697063369397,0.970636215334421,0.340872374798061,0.333333333333333,0.0241545893719807,0.341121495327103,0.971383147853736,0.986111111111111,0.97007874015748,0.336973478939158,0.344186046511628,0.333333333333333,0.55607476635514,0.97411003236246,0.562805872756933,0.351791530944625,0.973684210526316,0.973312401883831,0.992272024729521,0.648062015503876,0.346645367412141,0.382911392405063,0.333333333333333,0.329635499207607,0.975845410628019,0.97196261682243,0.483253588516746,0.607655502392344,0.971428571428571,0.968992248062015,0.9703125,0.669316375198728,0.971428571428571,0.33695652173913,0.664566929133858,0.968944099378882,0.349056603773585,0.339228295819936,0.340694006309148,0.975077881619938,0.975460122699387,0.624796084828711,0.349453978159126,0.9728,0.976599063962558,0.345483359746434,0.322327044025157,0.968454258675079,0.03125,0.335463258785943,0.332258064516129,0.0144230769230769,0.335901386748844,0.972093023255814,0.326984126984127,0.974803149606299,0.117088607594937,0.0246913580246914,0.868827160493827,0.345425867507886,0.968652037617555,0.979495268138801,0.0266875981161695,0.0259938837920489,0.34181240063593,0.979876160990712,0.327332242225859,0.973846153846154,0.3344,0.974683544303797,0.972668810289389,0.993690851735016,0.761006289308176,0.97427652733119,0.968354430379747,0.0206022187004754,0.967084639498433,0.48440065681445,0.342443729903537,0.651162790697674,0.345971563981043,0.97588424437299,0.322784810126582,0.659810126582278,0.968203497615262,0.974193548387097,0.336553945249597,0.603053435114504,0.344827586206897,0.567307692307692,1,0.348726114649682,0.58125,0.0207336523125997,0.335949764521193,0.338607594936709,0.340557275541796,0.972312703583062,0.614779874213837,0.324451410658307,0.93026941362916,0.562700964630225,0.998439937597504,0.968602825745683,0.975039001560062,0.326530612244898,0.355877616747182,0.330065359477124,0.341194968553459,0.32755905511811,0.586046511627907,0.327160493827161,0.0249609984399376,0.653614457831325,0.975,0.344287949921753,0.323248407643312,0.336617405582923,0.341538461538462,0.577044025157233,0.967592592592593,0.357030015797788,0.353218210361067,0.34910277324633,0.340288924558588,0.330733229329173,0.3296,0.16380655226209,0.660287081339713,0.3376,0.5703125,0.971518987341772,0.214968152866242,0.340694006309148,0.961352657004831,0.968903436988543,0.973143759873618,0.340222575516693,0.622641509433962,0.973015873015873,0.336477987421384,0.322274881516588,0.985623003194888,0.9703125,0.976303317535545,0.97258064516129,0.341158059467919,0.976038338658147,0.968701095461659,0.861244019138756,0.972929936305732,0.370486656200942,0.971299093655589,0.567213114754098,0.9734375,0.654205607476635,0.335453100158982,0.570048309178744,0.971428571428571,0.977671451355662,0.9792663476874,0.350547730829421,0.346333853354134,0.344103392568659,0.340157480314961,0.346774193548387,0.335987261146497,0.987240829346092,0.321711568938193,0.971698113207547,0.971428571428571,0.70364500792393,0.0223642172523962,0.33953488372093,0.332288401253919,0.654798761609907,0.970404984423676,0.530805687203792,0.351937984496124,0.621451104100946,0.331761006289308,0.337133550488599,0.972267536704731,0.333870967741935,0.350245499181669,0.644480519480519,0.883606557377049,0.337367624810893,0.576,0.553429027113238,0.345256609642302,0.33495145631068,0.324921135646688,0.567610062893082,0.657364341085271,0.974842767295597,0.927536231884058,0.972519083969466,0.646058732612056,0.975649350649351,0.564387917329094,0.336492890995261,0.340872374798061,0.973478939157566,0.970496894409938,0.393700787401575,0.977235772357724,0.975039001560062,0.973312401883831,0.334365325077399,0.3453125,0.97456279809221,0.332835820895522,0.654798761609907,0.342857142857143,0.422893481717011,0.325878594249201,0.0234375,0.331269349845201,0.973143759873618,0.972668810289389,0.566929133858268,0.0216383307573416,0.350931677018634,0.325949367088608,0.123244929797192,0.405228758169935,0.974317817014446,0.974025974025974,0.333858267716535,0.976489028213166,0.378763866877971,0.974068071312804,0.338931297709924,0.555209953343701,0.336990595611285,0.345541401273885,0.9734375,0.022508038585209,0.970873786407767,0.323529411764706,0.347962382445141,0.973270440251572,0.977883096366509,0.97542242703533,0.464285714285714,0.97588424437299,0.330173775671406,0.597826086956522,0.348101265822785,0.341894060995185,0.02660406885759,0.0188679245283019,0.970491803278689,0.595576619273302,0.974358974358974,0.349683544303797,0.349514563106796,0.973561430793157,0.974803149606299,0.12755905511811,0.333333333333333,0.97191887675507,0.8640625,0.971875,0.347352024922118,0.176656151419558,0.649532710280374,0.974723538704581,0.976958525345622,0.971061093247588,0.971246006389776,0.972179289026275,0.302147239263804,0.327044025157233,0.976114649681529,0.107491856677524,0.028892455858748,0.409448818897638,0.0275974025974026,0.339774557165862,0.971742543171115,0.655448717948718,0.97045101088647,0.975039001560062,0.852380952380952,0.977952755905512,0.65511811023622,0.976377952755906,0.9744,0.972712680577849,0.976303317535545
"647",1,1,1,1,1,1,0.691935483870968,1,1,0.0871710526315789,1,0.0471698113207547,0.832535885167464,1,0.324409448818898,0.321875,0.054858934169279,0.66936790923825,1,1,0.308426073131955,0.323248407643312,1,0.14064914992272,1,0.342592592592593,0.333870967741935,1,1,0.802547770700637,0.3234375,0.74806800618238,0.967542503863988,0.325434439178515,0,1,0.514150943396226,1,0.314503816793893,1,0.657187993680885,0.665615141955836,0.688073394495413,1,1,0.329563812600969,0.322169059011164,0.319444444444444,0.328173374613003,0.33695652173913,0,1,0.319938176197836,1,1,0.5184,0.527156549520767,1,1,1,0.347417840375587,0.331746031746032,0.331746031746032,0.667192429022082,1,1,0.0394321766561514,1,0.0548780487804878,0.324615384615385,1,0.334379905808477,0.342356687898089,0.961352657004831,0.485133020344288,1,0.320552147239264,0.349529780564263,1,0.333333333333333,0.0770465489566613,0.333858267716535,0.337025316455696,1,0.347962382445141,1,1,1,1,0.678071539657854,1,1,0,0.0973724884080371,1,0.0474006116207951,0,1,0.536065573770492,0.668269230769231,1,0.0532915360501567,0.318110236220472,1,0.330218068535826,1,0.670866141732283,1,0.331240188383046,0.329721362229102,0.326153846153846,1,0.337007874015748,1,0.468412942989214,1,0.322932917316693,0.28062015503876,0.336890243902439,0.329093799682035,0.455696202531646,0.998412698412698,0.329230769230769,0.322061191626409,1,0.314465408805031,1,1,0.309375,0.53822629969419,1,0.328050713153724,1,0.0409711684370258,1,0.329230769230769,0.658307210031348,0.338006230529595,0.937597503900156,0.434571890145396,0.0946372239747634,0.0873634945397816,1,1,0.340189873417722,1,0.328767123287671,1,0.814641744548287,1,0.330670926517572,1,1,1,1,0.34384858044164,1,0.331210191082803,0.244865718799368,1,0.322429906542056,1,0.318818040435459,0.0786163522012579,1,0.331210191082803,1,1,1,0.342635658914729,1,0.344051446945338,1,0.31139646869984,1,0.323854660347551,0.0654205607476635,1,0.621970920840065,1,1,0.326923076923077,1,1,1,1,0.340157480314961,0.329704510108865,1,0.998432601880878,0.326186830015314,0.316129032258064,1,0.435054773082942,0.653905053598775,0,0.329704510108865,0.661341853035144,1,0.331804281345566,1,0.998435054773083,1,0.323943661971831,0.329738058551618,0.340836012861736,1,1,1,0,1,0.313291139240506,0.975039001560062,0.33122028526149,0.323390894819466,0.733333333333333,1,1,1,1,1,0.0424528301886792,0.334384858044164,0.338557993730408,1,0.670788253477589,1,1,0.998420221169036,0.998456790123457,1,1,0.0031201248049922,0.305426356589147,1,0.325242718446602,1,0.31911532385466,1,1,1,1,1,0.339622641509434,1,0.52931854199683,0.329635499207607,0.338485316846986,0.321086261980831,0.337620578778135,0.343402225755167,0.419871794871795,0.340062111801242,0.328100470957614,0.321766561514196,1,0.332263242375602,1,0.683720930232558,0.322327044025157,0.286149162861492,0.34913112164297,1,1,1,0.249607535321821,0.325652841781874,1,0.329052969502408,0.331797235023041,0.322274881516588,0.335403726708075,0.666139240506329,1,0.336906584992343,0.328548644338118,1,0.313408723747981,1,0.326656394453005,0.321086261980831,1,1,1,0.516587677725118,1,0.674491392801252,0.0763358778625954,0.334389857369255,1,1,0.0874233128834356,0.335413416536661,0.340836012861736,1,1,0.31832298136646,0.021875,0.0032626427406199,1,1,0.351937984496124,0.998420221169036,1,0.320182094081942,1,1,0.33179012345679,1,1,1,1,0.338118022328549,0.32093023255814,0.336079077429984,1,1,0.651090342679128,0.32753164556962,1,0.319571865443425,0.313385826771654,1,1,0.998454404945904,1,1,0.338607594936709,1,1,0.100813008130081,0.346687211093991,0.495341614906832,0.327447833065811,0.656200941915228,0.332302936630603,1,0.325358851674641,0.347687400318979,0.242612752721617,0.33695652173913,1,0.338957055214724,1,1,1,0.319047619047619,0.326656394453005,0.998422712933754,0.935064935064935,0.0606060606060606,1,0.326086956521739,0.326433121019108,0.329617834394904,1,0.341576506955178,0.447452229299363,0.33179012345679,0.323809523809524,0.323101777059774,0.320634920634921,1,0.330683624801272,1,1,0,1,0.340764331210191,1,1,1,0.339116719242902,1,0.325242718446602,1,0.848909657320872,1,1,1,0.32967032967033,1,1,0.325878594249201,0.327188940092166,1,1,0.326086956521739,0.180704441041348,1,0.998430141287284,1,0,0.322222222222222,1,0.325,0.241987179487179,1,0.661993769470405,0.453435114503817,1,1,0.668683812405446,0.695102685624013,0.35377358490566,1,0.331761006289308,1,1,0.343402225755167,1,0.998407643312102,0.00470957613814757,0.336492890995261,1,1,0.330128205128205,1,1,0.319554848966614,0.3140625,1,1,1,0.541538461538462,0.317683881064163,0.354430379746835,0.331297709923664,0.34375,0.681458003169572,0.334370139968896,0.335443037974684,0.332307692307692,0.232339089481947,0.326860841423948,1,0.331797235023041,0.998410174880763,0.327044025157233,0.0773899848254932,0.046656298600311,1,1,0.0394321766561514,1,0.670212765957447,0.0414012738853503,0.00947867298578199,1,0.662992125984252,1,1,0.545310015898251,1,0,0.0634146341463415,1,1,1,0.334905660377358,0.635135135135135,0.683523654159869,0.993759750390016,1,0.986175115207373,0.314285714285714,0.325434439178515,1,0.308186195826645,1,0.387755102040816,0.0954616588419405,0.324574961360124,0.330792682926829,0.356550580431177,1,0.0737327188940092,1,1,1,0.248854961832061,0.337519623233909,1,0.329113924050633,1,1,0.31924882629108,1,0.336363636363636,1,0.319685039370079,0.324492979719189,1,0.670364500792393,0.325227963525836,1,0.325878594249201,0.783570300157978,0.325115562403698,0.14064914992272,0.336363636363636,0.78740157480315,0.322378716744914,1,0.331269349845201,0.347758887171561,0.306853582554517,1,1,1,0.970588235294118,0.32463295269168,1,0.331707317073171,1,0.324590163934426,0.32469512195122,1,1,1,0.924290220820189,1,0.319314641744548,0.333846153846154,1,1,0.0428571428571429,0.0741324921135647,1,1,0.315112540192926,1,1,0.317384370015949,1,1,0.675507020280811,0.513803680981595,1,0,1,1,0.088646967340591,0.332822085889571,1,0.3359375,0.998420221169036,0.96656050955414,0.998410174880763,0.830985915492958,1,0.33868378812199,1,1,1,0,0.322475570032573,1,1,0.654516640253566,1,0.327073552425665,0.382945736434109,0.334375,1,1,1,0.0824427480916031,0.331189710610932,0.0838709677419355,0.998417721518987,0.324574961360124,0.312693498452012,0.371875,0,1,0.959438377535101,1,1,0.333333333333333,0.314814814814815,0.148264984227129,0.0421875,0.341194968553459,0.325878594249201,0.329754601226994,0,0.323899371069182,1,0,0.332824427480916,1,1,1,0.324574961360124,0.337461300309598,0.0388349514563107,1,0.323343848580442,0.324492979719189,1,1,0.324031007751938,0.67536704730832,1,1,0.677215189873418,1,0.31839258114374,1,0.330173775671406,0.502340093603744,0.65527950310559,0.408882082695253,1,0.310975609756098,0.327073552425665,0.670347003154574,0.654434250764526,1,0.335901386748844,1,0.332826747720365,1,0.330670926517572,0.328478964401294,0.363349131121643,0.529042386185243,0.336038961038961,0.319422150882825,0.653125,0.325153374233129,0.14003294892916,1,0,1,0.301612903225806,1,0,0.330173775671406,0.326433121019108,1,0.0540540540540541,1,0.0799373040752351,0.348726114649682,1,0.0592823712948518,0.65615141955836,1,1,1,0.321311475409836,0.0416024653312789,1,0.457547169811321,0.0833333333333333,0.372128637059724,0.334360554699538,0.340062111801242,1,1,1,1,1,0.0565749235474006,0.996937212863706,0.671899529042386,0.00308166409861325,0.338582677165354,1,1,1,1,0.0821484992101106,0.317972350230415,1,1,1,1,1,1,0.467075038284839,0,1,0.0733229329173167,0.336477987421384,0.424290220820189,1,0.406698564593301,0.32516339869281,0.3234375,1,0.0419906687402799,0.333333333333333,1,1,0.387301587301587,0.3171875,0.329113924050633,0.326298701298701,0.998461538461539,0.335453100158982,0.333333333333333,0.415873015873016,0.334415584415584,0.976887519260401,0.326656394453005,0.0780254777070064,0.333333333333333,0,1,0.0818619582664527,0.315619967793881,0.332268370607029,0.334394904458599,1,1,1,1,1,1,0.344444444444444,1,0.335949764521193,0.32943143812709,0.6046875,0.671361502347418,1,1,0,0.324200913242009,0.103286384976526,0.998480243161094,0.0347003154574132,1,1,0.323151125401929,1,1,0.626794258373206,0.423452768729642,0.996941896024465,0.0748407643312102,0.0909090909090909,1,1,1,0.0784929356357928,0,0.329230769230769,0.43956043956044,0.329738058551618,0,0.336025848142165,0.0777777777777778,1,1,0.334876543209877,0.331761006289308,0.230647709320695,0.345218800648298,0.334862385321101,0.329153605015674,1,1,0.332805071315372,1,0,1,0.215189873417722,1,0.660436137071651,1,0.319314641744548,0.316045380875203,0.0716510903426791,0.667697063369397,1,1,0.783570300157978,0.89344262295082,0.332273449920509,0.333863275039746,1,0.330173775671406,0.247663551401869,0.330065359477124,1,0.0938967136150235,1,1,0.327073552425665,0.668831168831169,0.3264,1,1,0.314241486068111,0.319685039370079,0.320552147239264,0.858766233766234,0.326829268292683,1,0.0525502318392581,1,1,0.684867394695788,0.634340222575517,0.333333333333333,0.0495356037151703,0.335987261146497,1,1,0.318471337579618,0.340288924558588,0.59717868338558,1,0.319875776397516,0.370716510903427,0.323943661971831,0.984567901234568,0.453100158982512,0.00153374233128834,0.317901234567901,0.333333333333333,0.336,0.3264,0.330815709969789,0.966565349544073,1,0.33125,0.525121555915721,0.672,0.226356589147287,0.68026101141925,1,0.338533541341654,0,0.340659340659341,0.324534161490683,0.364906832298137,0.3328,0,0.343354430379747,0.329093799682035,0.338141025641026,0.331775700934579
"648",0.0679304897314376,0.0642633228840125,0.0578125,0.0615141955835962,0.0678233438485804,0.0686427457098284,0.376395534290271,0.0694006309148265,0.0699844479004666,0.968404423380727,0.0585516178736518,0.976887519260401,0.113964686998395,0.0678233438485804,0.620472440944882,0.618153364632238,0.998461538461539,0.394904458598726,0.0649762282091918,0.0682170542635659,0.624610591900312,0.610328638497653,0.0652503793626707,0.913846153846154,0.0699088145896656,0.592933947772657,0.606012658227848,0.0659163987138264,0.0721966205837174,0.164296998420221,0.617784711388456,0.190108191653787,0.0508474576271186,0.611635220125786,0.948194662480377,0.0699186991869919,0.532915360501567,0.0670731707317073,0.621052631578947,0.0675883256528418,0.421875,0.393188854489164,0.399082568807339,0.0615141955835962,0.0652866242038217,0.601587301587302,0.609177215189873,0.617151607963247,0.597503900156006,0.588597842835131,0.934049079754601,0.0633693972179289,0.610852713178295,0.0661417322834646,0.0651162790697674,0.425396825396825,0.514285714285714,0.0676100628930818,0.0684292379471229,0.0725552050473186,0.585516178736518,0.603100775193798,0.609034267912773,0.4046875,0.0667726550079491,0.0704225352112676,0.9858934169279,0.0651162790697674,1,0.599393019726859,0.0605590062111801,0.606918238993711,0.589257503949447,0.104838709677419,0.566820276497696,0.0684931506849315,0.617511520737327,0.587692307692308,0.0638629283489097,0.604166666666667,0.969745222929936,0.593354430379747,0.607198748043818,0.0659509202453988,0.587326120556414,0.0642750373692078,0.0641627543035994,0.0618238021638331,0.0684931506849315,0.392912172573189,0.0636942675159236,0.0544629349470499,0.9390625,0.964939024390244,0.0555555555555556,0.980273141122914,0.93603744149766,0.0641221374045802,0.515007898894155,0.394984326018809,0.0637636080870918,1,0.612244897959184,0.0704,0.602218700475436,0.0581761006289308,0.390243902439024,0.0723270440251572,0.6,0.608628659476117,0.595015576323987,0.071875,0.597503900156006,0.0660522273425499,0.584355828220859,0.0694864048338369,0.602484472049689,0.782874617737003,0.595712098009188,0.6046875,0.591263650546022,0.071875,0.60763358778626,0.597444089456869,0.0559006211180124,0.612752721617418,0.0625931445603577,0.0660522273425499,0.743348982785602,0.513097072419106,0.0651828298887122,0.6125,0.0671875,0.983483483483483,0.0598425196850394,0.608964451313756,0.405616224648986,0.5890625,0.00155038759689922,0.611464968152866,0.968602825745683,0.97045101088647,0.0691244239631336,0.0637958532695375,0.590189873417722,0.0641627543035994,0.600896860986547,0.0698757763975155,0.128048780487805,0.0714285714285714,0.603833865814696,0.0602782071097372,0.0704225352112676,0.0678233438485804,0.05229793977813,0.591194968553459,0.073094867807154,0.598726114649682,0.818885448916409,0.073394495412844,0.619482496194825,0.0668693009118541,0.619344773790952,0.976377952755906,0.0565149136577708,0.600946372239748,0.0768025078369906,0.0665634674922601,0.0705329153605016,0.586314152410575,0.0686427457098284,0.591194968553459,0.0650793650793651,0.603744149765991,0.0665610142630745,0.600946372239748,0.987421383647799,0.0665634674922601,0.445705024311183,0.0628930817610063,0.0698757763975155,0.605723370429253,0.0585443037974684,0.0639625585023401,0.0642633228840125,0.0578125,0.598130841121495,0.615146831530139,0.0702875399361022,0.0639625585023401,0.597243491577335,0.628751974723539,0.0629800307219662,0.622119815668203,0.414561664190193,0.931888544891641,0.602150537634409,0.411302982731554,0.0581929555895865,0.598461538461538,0.0642054574638844,0.0638297872340425,0.0598159509202454,0.610852713178295,0.609230769230769,0.595161290322581,0.0694864048338369,0.0624,0.0587326120556414,0.942766295707472,0.0670826833073323,0.622611464968153,0.0343213728549142,0.60625,0.610062893081761,0.320872274143302,0.0666666666666667,0.0674846625766871,0.0579937304075235,0.0653188180404355,0.0600315955766193,0.979495268138801,0.606531881804043,0.594679186228482,0.0698757763975155,0.403641881638847,0.0692307692307692,0.0732436472346786,0.0639625585023401,0.065015479876161,0.0625978090766823,0.060882800608828,0.936825885978428,0.761689291101056,0.0642201834862385,0.606973058637084,0.062015503875969,0.614906832298137,0.0584615384615385,0.0664556962025316,0.0630769230769231,0.0655226209048362,0.0690208667736758,0.595015576323987,0.0672782874617737,0.415605095541401,0.586583463338534,0.601538461538462,0.607874015748031,0.595879556259905,0.598755832037325,0.626198083067093,0.58528951486698,0.595092024539877,0.605263157894737,0.0694864048338369,0.599688473520249,0.0593900481540931,0.393124065769806,0.596302003081664,0.762557077625571,0.594637223974763,0.0712025316455696,0.0538827258320127,0.0663507109004739,0.816614420062696,0.615503875968992,0.0537634408602151,0.596850393700787,0.595092024539877,0.606201550387597,0.595975232198142,0.39375,0.0607476635514019,0.606927710843373,0.602218700475436,0.0637636080870918,0.62760834670947,0.0714285714285714,0.60882800608828,0.611455108359133,0.0652866242038217,0.0682539682539682,0.0661538461538462,0.53343701399689,0.0654952076677316,0.395962732919255,0.978947368421053,0.593996840442338,0.0674846625766871,0.0622083981337481,0.970496894409938,0.605873261205564,0.602218700475436,0.0576,0.0646687697160883,0.606201550387597,0.9640625,0.939157566302652,0.0700636942675159,0.0693548387096774,0.58678955453149,0.0645669291338583,0.0687593423019432,0.618238021638331,0.0660377358490566,0.0681114551083591,0.608628659476117,0.0646687697160883,0.0684292379471229,0.0664605873261206,0.0667701863354037,0.594090202177294,0.613149847094801,0.609677419354839,0.0684292379471229,0.0712025316455696,0.401526717557252,0.598746081504702,0.0645669291338583,0.604006163328197,0.621875,0.0661538461538462,0.0595419847328244,0.0602782071097372,0.062015503875969,0.0635658914728682,0.59190031152648,0.0724409448818898,0.0714285714285714,0.958730158730159,0.589041095890411,0.554140127388535,0.611111111111111,0.405956112852665,0.598774885145482,0.0585585585585586,0.614533965244866,0.602760736196319,0.810477657935285,0.611280487804878,0.0580847723704867,0.598484848484849,0.0675039246467818,0.0678233438485804,0.067175572519084,0.610248447204969,0.615267175572519,0.0652173913043478,0.0158227848101266,0.99685534591195,0.0698412698412698,0.608024691358025,0.60347551342812,0.616588419405321,0.0558213716108453,0.592933947772657,0.604327666151468,0.595975232198142,0.615023474178404,0.59935379644588,0.618670886075949,0.0590979782270607,0.58664546899841,0.0611916264090177,0.0577223088923557,0.943217665615142,0.0702028081123245,0.6078125,0.0662557781201849,0.0673813169984686,0.0613207547169811,0.59717868338558,0.0647149460708783,0.614779874213837,0.0725075528700906,0.0984375,0.0733229329173167,0.0671875,0.0680061823802164,0.608294930875576,0.0586370839936609,0.0664556962025316,0.612654320987654,0.609794628751975,0.0590062111801242,0.0676100628930818,0.609984399375975,0.88062015503876,0.0642054574638844,0.0631741140215717,0.0647149460708783,0.934782608695652,0.6128,0.0660225442834139,0.611801242236025,0.817610062893082,0.0610328638497653,0.395672333848532,0.494607087827427,0.0659340659340659,0.0602782071097372,0.400295420974889,0.377916018662519,0.56782334384858,0.0576323987538941,0.6,0.0690737833594976,0.0596774193548387,0.590909090909091,0.0649149922720247,0.0626959247648903,0.947040498442368,0.595645412130638,0.0688575899843505,0.0649762282091918,0.603503184713376,0.0601851851851852,0.0707395498392283,0.609984399375975,0.735614307931571,0.0627943485086342,0.0602782071097372,0.0580847723704867,0.408385093167702,0.615625,0.617693522906793,0.59606656580938,0.600614439324117,0.394611727416799,0.592649310872894,0.593167701863354,0.613740458015267,0.828525641025641,0.604430379746835,0.0692307692307692,0.593607305936073,0.0670826833073323,0.607963246554365,0.980509745127436,0.993865030674847,0.0673813169984686,0.0689127105666156,0.980152671755725,0.057784911717496,0.390577507598784,0.990654205607477,0.949367088607595,0.0648148148148148,0.397196261682243,0.0642633228840125,0.0684292379471229,0.5168,0.0661538461538462,0.932601880877743,0.987261146496815,0.062992125984252,0.0681114551083591,0.0691823899371069,0.594339622641509,0.43070044709389,0.376221498371336,0.0794392523364486,0.0652503793626707,0.0360501567398119,0.618973561430793,0.736263736263736,0.0700934579439252,0.628346456692913,0.058641975308642,0.55054432348367,0.960443037974684,0.614791987673344,0.616207951070336,0.581548599670511,0.067175572519084,0.983154670750383,0.0748502994011976,0.0606060606060606,0.0641627543035994,0.813846153846154,0.592356687898089,0.0729001584786054,0.6015625,0.0608,0.0690208667736758,0.611620795107034,0.065625,0.606606606606607,0.0619195046439628,0.619344773790952,0.604037267080745,0.0589147286821705,0.396850393700787,0.61280487804878,0.0639625585023401,0.614285714285714,0.174726989079563,0.604580152671756,0.916158536585366,0.602719033232628,0.161949685534591,0.603833865814696,0.0761904761904762,0.599688473520249,0.593558282208589,0.631415241057543,0.0677165354330709,0.0642054574638844,0.0658682634730539,0.0355987055016181,0.731391585760518,0.0646153846153846,0.588607594936709,0.0646687697160883,0.5984,0.605783866057839,0.0653495440729483,0.063391442155309,0.0580152671755725,0.0205696202531646,0.0621212121212121,0.614329268292683,0.599688473520249,0.0596330275229358,0.0578125,0.998410174880763,0.977917981072555,0.062402496099844,0.0670926517571885,0.604133545310016,0.0709876543209877,0.0649546827794562,0.622464898595944,0.0717703349282297,0.0680061823802164,0.398133748055988,0.531107738998483,0.0626959247648903,0.942249240121581,0.0719874804381847,0.0726429675425039,0.970633693972179,0.5953125,0.0673981191222571,0.593406593406593,0.0631741140215717,0.0280811232449298,0.0675039246467818,0.110236220472441,0.0707547169811321,0.590551181102362,0.0605590062111801,0.0618066561014263,0.0604133545310016,0.931818181818182,0.608482871125612,0.0546623794212219,0.0709876543209877,0.407582938388626,0.0657492354740061,0.610248447204969,0.560862865947612,0.599688473520249,0.0630769230769231,0.0684292379471229,0.0685358255451713,0.970903522205207,0.598116169544741,0.979133226324238,0.0618066561014263,0.613149847094801,0.62037037037037,0.571870170015456,0.93563579277865,0.0585443037974684,0.0153609831029186,0.0637636080870918,0.0669781931464174,0.594294770206022,0.615740740740741,0.906940063091483,0.985714285714286,0.603100775193798,0.602167182662539,0.591185410334346,0.940988835725678,0.610248447204969,0.0625954198473282,0.93125,0.602446483180428,0.071097372488408,0.0697305863708399,0.0625978090766823,0.595712098009188,0.598145285935085,0.985099337748344,0.0626911314984709,0.60625,0.621745788667688,0.0648148148148148,0.0729813664596273,0.608024691358025,0.378205128205128,0.0587301587301587,0.0691823899371069,0.374803149606299,0.0658499234303216,0.622324159021407,0.0681458003169572,0.608424336973479,0.549079754601227,0.407975460122699,0.636363636363636,0.065015479876161,0.61631419939577,0.6049766718507,0.395348837209302,0.407012195121951,0.0559875583203732,0.601880877742947,0.0627009646302251,0.606707317073171,0.0599369085173502,0.597200622083981,0.612341772151899,0.575039494470774,0.529230769230769,0.59904912836767,0.602218700475436,0.409582689335394,0.606431852986217,0.918962722852512,0.0570522979397781,0.935681470137825,0.0664605873261206,0.630744849445325,0.0667701863354037,0.948837209302326,0.606811145510836,0.613057324840764,0.0657051282051282,1,0.0635658914728682,0.971608832807571,0.58125,0.0592823712948518,1,0.408450704225352,0.0625,0.0659340659340659,0.0612557427258806,0.609400324149109,0.978593272171254,0.0653188180404355,0.496087636932707,0.969793322734499,0.564102564102564,0.601538461538462,0.60546282245827,0.066358024691358,0.0522151898734177,0.0753532182103611,0.0606531881804044,0.0564024390243902,1,0.0729483282674772,0.394453004622496,0.935820895522388,0.596006144393241,0.0647709320695103,0.0654952076677316,0.0614886731391586,0.0557275541795666,0.978159126365055,0.600614439324117,0.0601851851851852,0.0615141955835962,0.0612903225806452,0.060126582278481,0.071097372488408,0.0697305863708399,0.581143740340031,0.951104100946372,0.0577223088923557,0.983206106870229,0.611635220125786,0.649691358024691,0.0662557781201849,0.533751962323391,0.611382113821138,0.606811145510836,0.0722135007849294,0.982866043613707,0.602825745682888,0.0615384615384615,0.0668740279937792,0.551401869158878,0.612903225806452,0.61633281972265,0.607936507936508,0.0558139534883721,0.594896331738437,0.601538461538462,0.6296875,0.621913580246914,0.0232198142414861,0.609090909090909,0.985645933014354,0.598425196850394,0.936267071320182,0.0678233438485804,0.979495268138801,0.614173228346457,0.592879256965944,0.606635071090047,0.0634674922600619,0.0554699537750385,0.0665584415584416,0.0677165354330709,0.0632090761750405,0.0661417322834646,0.593059936908517,0.0692307692307692,0.606583072100313,0.6070826306914,0.456521739130435,0.399688958009331,0.0633693972179289,0.0721966205837174,0.944615384615385,0.608294930875576,0.941823899371069,0.0616541353383459,0.979591836734694,0.0670826833073323,0.0649762282091918,0.60828025477707,0.0686427457098284,0.0658105939004815,0.440570522979398,0.634920634920635,0.0773809523809524,0.977952755905512,0.966346153846154,0.0668740279937792,0.0672926447574335,0.061128526645768,0.9765625,0.938366718027735,0.595129375951294,0.503888024883359,0.602427921092564,0.938556067588326,0.588235294117647,0.978998384491115,0.0690184049079755,0.0665610142630745,0.60763358778626,0.599388379204893,0.826356589147287,0.584786053882726,0.602184087363494,0.594761171032357,0.0658307210031348,0.0596330275229358,0.595541401273885,0.0657698056801196,0.938461538461538,0.0601851851851852,0.845669291338583,0.0718849840255591,0.398461538461538,0.0643185298621746,0.605590062111801,0.611727416798732,0.986089644513138,0.401206636500754,0.0635658914728682,0.0601851851851852,0.282608695652174,0.169082125603865,0.60093896713615,0.615629984051037,0.0649149922720247,0.597464342313788,0.809672386895476,0.606583072100313,0.0721804511278196,0.963949843260188,0.0665634674922601,0.0686427457098284,0.597200622083981,0.406698564593301,0.61389337641357,0.0672,0.0617088607594937,0.611963190184049,0.613846153846154,0.604545454545454,0.206521739130435,0.608832807570978,0.0646687697160883,0.996889580093313,0.0714285714285714,0.0562700964630225,0.387944358578053,0.441640378548896,0.594202898550725,1,0.59717868338558,0.0643642072213501,0.0557324840764331,0.618153364632238,0.592823712948518,0.452307692307692,0.0622083981337481,0.615503875968992,0.68160741885626,0.613953488372093,0.0865533230293663,0.601246105919003,0.946875,0.618238021638331,0.593323216995448,0.587859424920128,0.604395604395604,0.600609756097561,0.0942812982998454,0.071097372488408,0.615863141524106,0.5311004784689,0.393364928909953,0.829984544049459,0.396103896103896,0.0566929133858268,0.600605143721634,0.939873417721519,0.590909090909091,0.610852713178295,0.6828125,0.596825396825397,0.942724458204334,0.589506172839506,0.608974358974359,0.599681020733652,0.606811145510836
"649",0.694267515923567,0.674961119751166,0.6734375,0.653968253968254,0.669266770670827,0.691338582677165,0.979299363057325,0.680379746835443,0.677519379844961,0.438511326860841,0.674347158218126,0.363636363636364,0.462279293739968,0.675590551181102,0.012779552715655,0.0152671755725191,0.386292834890966,0.988467874794069,0.666141732283465,0.674454828660436,0.0125391849529781,0.0109375,0.667175572519084,0.506998444790047,0.678787878787879,0.0125391849529781,0.0112179487179487,0.652866242038217,0.680428134556575,0.463492063492064,0.0158478605388273,0.394321766561514,0.62111801242236,0.0123456790123457,0.351648351648352,0.675895765472313,0.87037037037037,0.663109756097561,0.015015015015015,0.678955453149002,0.988976377952756,0.987538940809969,0.98613251155624,0.661858974358974,0.675718849840256,0.00955414012738853,0.0078740157480315,0.015552099533437,0.013953488372093,0.0123456790123457,0.316279069767442,0.662921348314607,0.0138461538461538,0.668224299065421,0.675,0.168769716088328,0.88871473354232,0.667189952904239,0.676425269645609,0.660910518053375,0.00765696784073507,0.0124416796267496,0.0126182965299685,0.996860282574568,0.6677471636953,0.67601246105919,0.350157728706625,0.659340659340659,0.396084337349398,0.0107692307692308,0.668711656441718,0.0125391849529781,0.0113636363636364,0.708333333333333,0.857805255023184,0.6732223903177,0.0124223602484472,0.00766871165644172,0.676470588235294,0.0128824476650564,0.409756097560976,0.00782472613458529,0.0156985871271586,0.666666666666667,0.0109034267912773,0.669218989280245,0.68,0.664098613251156,0.6703125,0.989147286821705,0.675632911392405,0.66412213740458,0.326018808777429,0.437978560490046,0.674085850556439,0.379154078549849,0.329211746522411,0.6703125,0.89047619047619,0.987441130298273,0.674382716049383,0.394944707740916,0.0110584518167457,0.678343949044586,0.0142857142857143,0.6703125,0.987692307692308,0.669242658423493,0.0141287284144427,0.0109375,0.014018691588785,0.682242990654206,0.00796178343949045,0.666149068322981,0.822727272727273,0.674698795180723,0.00940438871473354,0.648606811145511,0.0122887864823349,0.010989010989011,0.8234375,0.68062015503876,0.0108191653786708,0.0110236220472441,0.658461538461538,0.015527950310559,0.673590504451039,0.676646706586826,0.658227848101266,0.256880733944954,0.665594855305466,0.0140845070422535,0.658227848101266,0.385074626865672,0.665605095541401,0.0153846153846154,0.993779160186625,0.0109034267912773,0.617784711388456,0.128455284552846,0.431279620853081,0.418897637795276,0.673469387755102,0.6645056726094,0.0140405616224649,0.671339563862928,0.0137614678899083,0.680379746835443,0.477794793261868,0.661514683153014,0.0095389507154213,0.679012345679012,0.67948717948718,0.660855784469097,0.666666666666667,0.0125984251968504,0.677621283255086,0.0125984251968504,0.581648522550544,0.659442724458204,0.0125,0.670788253477589,0.0124223602484472,0.422222222222222,0.677215189873418,0.0112359550561798,0.678071539657854,0.677672955974843,0.656597774244833,0.00615384615384615,0.664566929133858,0.00634920634920635,0.665615141955836,0.00782472613458529,0.673202614379085,0.0112721417069243,0.419152276295133,0.687789799072643,0.977124183006536,0.691338582677165,0.671361502347418,0.0158982511923688,0.678683385579937,0.666666666666667,0.669218989280245,0.666666666666667,0.0109717868338558,0.0108695652173913,0.663492063492063,0.668238993710692,0.0123456790123457,0.0128617363344051,0.66875,0.789147286821705,0.989489489489489,0.3171875,0.0108695652173913,0.995327102803738,0.66875,0.0155038759689922,0.668789808917197,0.679626749611198,0.679447852760736,0.0141065830721003,0.0124031007751938,0.0128824476650564,0.660550458715596,0.673667205169628,0.663594470046083,0.326923076923077,0.684627575277338,0.0111821086261981,0.644615384615385,0.00949367088607595,0.00934579439252336,0.582181259600614,0.671406003159558,0.6734375,0.661514683153014,0.684292379471229,0.6816,0.3703125,0.0110759493670886,0.0108191653786708,0.673374613003096,0.993893129770992,0.665644171779141,0.67530487804878,0.678683385579937,0.680124223602484,0.691244239631336,0.67420814479638,0.312693498452012,0.66306027820711,0.678461538461538,0.0110759493670886,0.661367249602544,0.012326656394453,0.680491551459293,0.674454828660436,0.680379746835443,0.654516640253566,0.6832,0.00782472613458529,0.669753086419753,0.183962264150943,0.00933125972006221,0.0108359133126935,0.00481540930979133,0.0094488188976378,0.0157977883096366,0.121212121212121,0.0141955835962145,0.0078003120124805,0.0107858243451464,0.667175572519084,0.0126382306477093,0.6645056726094,0.990839694656489,0.0124223602484472,0.633540372670807,0.0126382306477093,0.664025356576862,0.67246835443038,0.674491392801252,0.606864274570983,0.014018691588785,0.667697063369397,0.0156739811912226,0.0107197549770291,0.009375,0.0154559505409583,0.992138364779874,0.679748822605965,0.0139103554868624,0.00625978090766823,0.671339563862928,0.0128410914927769,0.666666666666667,0.0108191653786708,0.00923076923076923,0.682615629984051,0.668261562998405,0.68621236133122,0.862776025236593,0.666666666666667,0.989147286821705,0.417298937784522,0.00928792569659443,0.669218989280245,0.673566878980892,0.438080495356037,0.0139103554868624,0.0142857142857143,0.665056360708535,0.663507109004739,0.0139968895800933,0.347352024922118,0.313694267515924,0.684627575277338,0.673633440514469,0.0121951219512195,0.670347003154574,0.676691729323308,0.0124031007751938,0.669767441860465,0.687022900763359,0.00772797527047913,0.686614173228347,0.67817896389325,0.673846153846154,0.676145339652449,0.010989010989011,0.0106544901065449,0.00806451612903226,0.672955974842767,0.666666666666667,0.978527607361963,0.00157977883096367,0.6672,0.00921658986175115,0.00943396226415094,0.68062015503876,0.663125948406677,0.686028257456829,0.669291338582677,0.672413793103448,0.014018691588785,0.676145339652449,0.677115987460815,0.4432,0.00934579439252336,0.189274447949527,0.0127388535031847,0.987421383647799,0.0138888888888889,0.664110429447853,0.0110410094637224,0.0126782884310618,0.603125,0.0138036809815951,0.665071770334928,0.0120663650075415,0.675548589341693,0.686520376175549,0.675925925925926,0.0110935023771791,0.0108024691358025,0.675425038639876,0.599358974358974,0.402866242038217,0.685897435897436,0.0123839009287926,0.0113085621970921,0.0128410914927769,0.667205169628433,0.0108191653786708,0.8171875,0.0125786163522013,0.0139968895800933,0.0112,0.010989010989011,0.666666666666667,0.0157728706624606,0.672667757774141,0.654574132492114,0.331775700934579,0.687301587301587,0.0125786163522013,0.666144200626959,0.666666666666667,0.677265500794913,0.0125,0.686544342507645,0.015748031496063,0.668174962292609,0.505460218408736,0.66875,0.665071770334928,0.668759811616955,0.0107858243451464,0.664546899841017,0.682888540031397,0.0138461538461538,0.0124804992199688,0.668231611893584,0.68025078369906,0.0108359133126935,0.532012195121951,0.67246835443038,0.667682926829268,0.668224299065421,0.329192546583851,0.0127388535031847,0.691813804173355,0.0108191653786708,0.599063962558502,0.680817610062893,0.989096573208723,0.106317411402157,0.666136724960254,0.666141732283465,0.993920972644377,0.967492260061919,0.00784929356357928,0.666144200626959,0.0141287284144427,0.678740157480315,0.670988654781199,0.0126382306477093,0.660406885758998,0.677830940988836,0.342313787638669,0.0125,0.67032967032967,0.668231611893584,0.012779552715655,0.67601246105919,0.676375404530744,0.0124610591900312,0.680061823802164,0.678233438485804,0.671339563862928,0.661949685534591,0.179245283018868,0.0125391849529781,0.033175355450237,0.00911854103343465,0.0138248847926267,0.99211356466877,0.010752688172043,0.00941915227629513,0.00934579439252336,0.588785046728972,0.0112540192926045,0.684370257966616,0.0077639751552795,0.661949685534591,0.0062992125984252,0.408950617283951,0.377535101404056,0.665123456790123,0.674884437596302,0.381538461538462,0.681020733652313,0.990769230769231,0.379095163806552,0.328,0.670295489891135,0.985959438377535,0.68167701863354,0.686028257456829,0.250393700787402,0.665625,0.320754716981132,0.4112,0.67981072555205,0.670750382848392,0.686520376175549,0.00638977635782748,0.980712166172107,0.987261146496815,0.676380368098159,0.668238993710692,0.65625,0.0125195618153365,0.6859375,0.670826833073323,0.0128,0.688751926040062,0.0451713395638629,0.44215530903328,0.00924499229583975,0.0151057401812689,0.0115131578947368,0.673748103186646,0.407692307692308,0.670245398773006,0.675850891410049,0.672333848531685,0.600924499229584,0.0126984126984127,0.678288431061807,0.0127591706539075,0.6677471636953,0.684887459807074,0.0108864696734059,0.681962025316456,0.0151975683890578,0.665620094191523,0.0111287758346582,0.0126782884310618,0.670295489891135,0.990506329113924,0.0120845921450151,0.672413793103448,0.00315955766192733,0.425867507886435,0.0138461538461538,0.513846153846154,0.013595166163142,0.431464174454829,0.0111464968152866,0.675282714054927,0.0126382306477093,0.00927357032457496,0.0138461538461538,0.676056338028169,0.672523961661342,0.672754946727549,0.6464,0.690821256038647,0.68075117370892,0.0112179487179487,0.667726550079491,0.0164203612479475,0.0138248847926267,0.666666666666667,0.666139240506329,0.673282442748092,0.602484472049689,0.664624808575804,0.0120663650075415,0.0121212121212121,0.663551401869159,0.674050632911392,0.380191693290735,0.413793103448276,0.684210526315789,0.665610142630745,0.0127186009538951,0.68503937007874,0.672205438066465,0.0176282051282051,0.684887459807074,0.684210526315789,0.987730061349693,0.873668188736682,0.66877971473851,0.333834586466165,0.677165354330709,0.667173252279635,0.416036308623298,0.0142630744849445,0.675632911392405,0.0093603744149766,0.67244094488189,0.642072213500785,0.677725118483412,0.506191950464396,0.670347003154574,0.0128617363344051,0.674418604651163,0.664025356576862,0.661367249602544,0.325617283950617,0.0130718954248366,0.668269230769231,0.673913043478261,0.9875,0.671779141104294,0.0125588697017268,0.040625,0.0124031007751938,0.670295489891135,0.659442724458204,0.676751592356688,0.431818181818182,0.0143312101910828,0.419614147909968,0.654952076677316,0.00914634146341463,0.0107858243451464,0.025,0.334379905808477,0.655660377358491,0.623824451410658,0.6703125,0.677469135802469,0.0142857142857143,0.0137404580152672,0.500784929356358,0.381789137380192,0.0156985871271586,0.0139968895800933,0.0139103554868624,0.318471337579618,0.0122699386503067,0.661094224924012,0.323854660347551,0.0138248847926267,0.664596273291925,0.677672955974843,0.661417322834646,0.0107197549770291,0.010752688172043,0.369354838709677,0.667711598746082,0.0125984251968504,0.0137614678899083,0.672811059907834,0.678233438485804,0.0125,0.98531810766721,0.676751592356688,0.674085850556439,0.998420221169036,0.67906976744186,0.015220700152207,0.683279742765273,0.0126582278481013,0.867378048780488,0.9859375,0.118003025718608,0.661442006269592,0.0107361963190184,0.0125786163522013,0.987596899224806,0.989247311827957,0.666666666666667,0.0123076923076923,0.676190476190476,0.0091324200913242,0.671974522292994,0.013953488372093,0.0141955835962145,0.0296411856474259,0.253086419753086,0.0112721417069243,0.0126782884310618,0.993680884676145,0.0122887864823349,0.510673234811166,0.668231611893584,0.335901386748844,0.66156202143951,0.0112,0.682464454976303,0.328616352201258,0.00950871632329636,0.014446227929374,0.674157303370786,0.396084337349398,0.669254658385093,0.422291993720565,0.0207336523125997,0.65615141955836,0.408450704225352,1,0.680952380952381,0.667697063369397,0.674382716049383,0.00986842105263158,0.375766871165644,0.680061823802164,0.0954616588419405,0.422291993720565,0.0258358662613982,0.0153139356814701,0.0106707317073171,0.67398119122257,0.661392405063291,0.678855325914149,0.677018633540373,0.684292379471229,0.392694063926941,0.693129770992366,0.989230769230769,0.327868852459016,0.00934579439252336,0.658767772511848,0.677725118483412,0.674757281553398,0.668202764976959,0.405956112852665,0.0138674884437596,0.657975460122699,0.655660377358491,0.666131621187801,0.66875,0.673343605546995,0.684458398744113,0.825493171471927,0.332797427652733,0.666141732283465,0.407751937984496,0.0109204368174727,0.781733746130031,0.667706708268331,0.0647709320695103,0.0113268608414239,0.0124031007751938,0.672256097560976,0.379095163806552,0.0125588697017268,0.672307692307692,0.692913385826772,0.0331230283911672,0.0124031007751938,0.0140625,0.00958466453674121,0.663565891472868,0.0143312101910828,0.0123647604327666,0.123824451410658,0.0124610591900312,0.644274809160305,0.013677811550152,0.4185303514377,0.00788643533123028,0.337442218798151,0.68503937007874,0.411949685534591,0.0142857142857143,0.0110935023771791,0.0142857142857143,0.666153846153846,0.666146645865835,0.668292682926829,0.672839506172839,0.66884176182708,0.665071770334928,0.00636942675159236,0.684698608964451,0.014018691588785,0.0116472545757072,0.309375,0.989045383411581,0.672754946727549,0.675425038639876,0.329704510108865,0.0137404580152672,0.453978159126365,0.666666666666667,0.363207547169811,0.679186228482003,0.672025723472669,0.0110759493670886,0.676656151419558,0.676666666666667,0.336463223787167,0.109477124183007,0.670164917541229,0.4112,0.445512820512821,0.667697063369397,0.671949286846276,0.6801872074883,0.418789808917197,0.330696202531646,0.00925925925925926,0.094488188976378,0.0153374233128834,0.341500765696784,0.00791139240506329,0.423809523809524,0.671317829457364,0.669887278582931,0.0108024691358025,0.0124416796267496,0.588419405320814,0.00480769230769231,0.00772797527047913,0.00927357032457496,0.678071539657854,0.664050235478807,0.00628930817610063,0.681547619047619,0.3328173374613,0.658841940532081,0.560126582278481,0.691693290734824,0.987519500780031,0.669230769230769,0.0108864696734059,0.0143312101910828,0.422118380062305,0.987538940809969,0.655226209048362,0.666144200626959,0.889408099688474,0.591935483870968,0.012779552715655,0.0112,0.677067082683307,0.00938967136150235,0.614173228346457,0.0127186009538951,0.666666666666667,0.428129829984544,0.667716535433071,0.676100628930818,0.0125195618153365,0.987158908507223,0.0111642743221691,0.679032258064516,0.666139240506329,0.0108695652173913,0.0141287284144427,0.0122324159021407,0.560126582278481,0.0128824476650564,0.676100628930818,0.400311526479751,0.6578125,0.672523961661342,0.987616099071207,0.968652037617555,0.0145395799676898,0.394944707740916,0.00947867298578199,0.664050235478807,0.664012738853503,0.0124031007751938,0.0125,0.864696734059098,0.670807453416149,0.012326656394453,0.111975116640746,0.0108864696734059,0.671274961597542,0.822327044025157,0.334365325077399,0.0108359133126935,0.0123076923076923,0.014218009478673,0.0111821086261981,0.015220700152207,0.699236641221374,0.683881064162754,0.00763358778625954,0.888357256778309,0.989010989010989,0.576744186046512,0.988467874794069,0.661993769470405,0.0142405063291139,0.3390625,0.0109204368174727,0.0108695652173913,0.121538461538462,0.00949367088607595,0.329230769230769,0.0123839009287926,0.0111111111111111,0.010989010989011,0.0107858243451464
"650",1,1,1,1,1,1,0.714285714285714,1,1,0.0940032414910859,1,0.04375,0.813586097946288,1,0.306603773584906,0.304012345679012,0.0593607305936073,0.689542483660131,1,1,0.278740157480315,0.306349206349206,1,0.148837209302326,1,0.320373250388802,0.312,1,1,0.776886035313002,0.302325581395349,0.723172628304821,0.964506172839506,0.30829420970266,0,1,0.538221528861154,1,0.297090352220521,1,0.663536776212833,0.687203791469194,0.703125,1,1,0.300319488817891,0.300476947535771,0.3,0.315467075038285,0.31937984496124,0,1,0.307332293291732,1,1,0.481717011128776,0.559241706161137,1,1,1,0.325617283950617,0.310897435897436,0.3125,0.682692307692308,1,1,0.0348101265822785,1,0.0591805766312595,0.309262166405024,1,0.304347826086957,0.3184,0.965299684542587,0.509287925696594,1,0.304147465437788,0.326153846153846,1,0.299509001636661,0.0868167202572347,0.321144674085851,0.316535433070866,1,0.330708661417323,1,1,1,1,0.695652173913043,1,1,0.00158227848101266,0.10410094637224,1,0.0458715596330275,0,1,0.554294975688817,0.682108626198083,1,0.0530421216848674,0.310077519379845,1,0.304552590266876,1,0.70015455950541,1,0.306962025316456,0.313572542901716,0.311526479750779,1,0.3234375,1,0.486363636363636,1,0.304821150855365,0.298299845440495,0.316666666666667,0.306089743589744,0.47887323943662,0.998442367601246,0.3125,0.301127214170692,1,0.300155520995334,1,1,0.326086956521739,0.53587786259542,1,0.310725552050473,1,0.0409711684370258,1,0.315301391035549,0.67906976744186,0.316692667706708,0.933962264150943,0.416531604538088,0.100787401574803,0.0892018779342723,1,1,0.316770186335404,1,0.311827956989247,1,0.804915514592934,1,0.315875613747954,1,1,1,1,0.329617834394904,1,0.3152,0.260869565217391,1,0.301857585139319,1,0.288372093023256,0.0863422291993721,1,0.307448494453249,1,1,1,0.326625386996904,1,0.326018808777429,1,0.298600311041991,1,0.312796208530806,0.078003120124805,1,0.636952998379254,1,1,0.309033280507132,1,1,1,1,0.307453416149068,0.306501547987616,1,0.998422712933754,0.306976744186047,0.299840510366826,1,0.43956043956044,0.675595238095238,0,0.312989045383412,0.672985781990521,1,0.309451219512195,1,0.998468606431853,1,0.310832025117739,0.309559939301973,0.325281803542673,1,1,1,0,1,0.3,0.971653543307087,0.32967032967033,0.309148264984227,0.736089030206677,1,1,1,1,1,0.0440251572327044,0.309294871794872,0.32,1,0.68895800933126,1,1,0.998432601880878,0.998468606431853,1,1,0.00464396284829721,0.312111801242236,1,0.297734627831715,1,0.299531981279251,1,1,1,1,1,0.32018927444795,1,0.514240506329114,0.322115384615385,0.320061255742726,0.301916932907348,0.31378763866878,0.3216,0.411483253588517,0.318252730109204,0.303599374021909,0.315625,1,0.310236220472441,1,0.691244239631336,0.30829420970266,0.307098765432099,0.318611987381703,1,1,1,0.257911392405063,0.302180685358255,1,0.305331179321486,0.319444444444444,0.30188679245283,0.316770186335404,0.685624012638231,1,0.319444444444444,0.307324840764331,1,0.294498381877023,1,0.304482225656878,0.306477093206951,1,1,1,0.536163522012579,1,0.687306501547988,0.0772727272727273,0.313572542901716,1,1,0.0911901081916538,0.309375,0.329052969502408,1,1,0.296124031007752,0.0250783699059561,0.00315955766192733,1,1,0.326219512195122,0.998417721518987,1,0.30757341576507,1,1,0.307210031347962,1,1,1,1,0.321259842519685,0.304747320061256,0.319286871961102,1,1,0.67427701674277,0.312401883830455,1,0.308623298033283,0.297169811320755,1,1,0.998425196850394,1,1,0.319182389937107,1,1,0.100638977635783,0.325581395348837,0.483359746434231,0.303937007874016,0.682170542635659,0.312024353120244,1,0.299050632911392,0.320695102685624,0.255351681957187,0.314152410575428,1,0.320610687022901,1,1,1,0.308426073131955,0.312693498452012,0.998444790046656,0.924071082390953,0.0611916264090177,1,0.307692307692308,0.310509554140127,0.31378763866878,1,0.321483771251932,0.459119496855346,0.315707620528771,0.296411856474259,0.306709265175719,0.297770700636943,1,0.318541996830428,1,1,0,1,0.316957210776545,1,1,1,0.317817014446228,1,0.302884615384615,1,0.84472049689441,1,1,1,0.306976744186047,1,1,0.302290076335878,0.310344827586207,1,1,0.300314465408805,0.192307692307692,1,0.998420221169036,1,0,0.308426073131955,1,0.297507788161994,0.245641838351823,1,0.684532924961715,0.429007633587786,1,1,0.679331306990882,0.712480252764613,0.34493670886076,1,0.311708860759494,1,1,0.322222222222222,1,0.998405103668262,0.00783699059561128,0.318471337579618,1,1,0.31378763866878,1,1,0.300955414012739,0.328638497652582,1,1,1,0.526729559748428,0.29984544049459,0.332278481012658,0.305597579425113,0.322327044025157,0.695583596214511,0.310344827586207,0.322429906542056,0.30757341576507,0.235478806907378,0.313001605136437,1,0.308755760368664,0.998412698412698,0.31201248049922,0.0803030303030303,0.0505359877488515,1,1,0.0377358490566038,1,0.6875,0.0404984423676012,0.0110584518167457,1,0.686119873817035,1,1,0.526813880126183,1,0,0.0682926829268293,1,1,1,0.316037735849057,0.650746268656716,0.701149425287356,0.993846153846154,1,0.981424148606811,0.298273155416013,0.330218068535826,1,0.288676236044657,1,0.364928909952607,0.0987261146496815,0.293478260869565,0.311349693251534,0.323232323232323,1,0.0755007704160247,1,1,1,0.25652841781874,0.313694267515924,1,0.311912225705329,1,1,0.306625577812018,1,0.315629742033384,1,0.310236220472441,0.3104,1,0.686998394863563,0.305810397553517,1,0.301587301587302,0.758942457231726,0.308282208588957,0.153013910355487,0.3125,0.776377952755905,0.2944,1,0.321928460342146,0.327692307692308,0.293577981651376,1,1,1,0.96474358974359,0.332792207792208,1,0.315447154471545,1,0.310289389067524,0.303125,1,1,1,0.922955974842767,1,0.303405572755418,0.304615384615385,1,1,0.0503937007874016,0.0768,1,1,0.296650717703349,1,1,0.309262166405024,1,1,0.682316118935837,0.527777777777778,1,0,1,1,0.0941358024691358,0.3234375,1,0.311811023622047,0.998410174880763,0.964968152866242,0.998425196850394,0.829984544049459,1,0.317512274959083,1,1,1,0,0.301302931596091,1,1,0.682965299684543,1,0.306729264475743,0.356357927786499,0.313385826771654,1,1,1,0.0892307692307692,0.313001605136437,0.0901771336553945,0.998417721518987,0.308755760368664,0.303680981595092,0.344186046511628,0,1,0.955177743431221,1,1,0.311111111111111,0.293759512937595,0.154704944178628,0.0394321766561514,0.311004784688995,0.303125,0.317111459968603,0.00157728706624606,0.3125,1,0,0.305555555555556,1,1,1,0.31441717791411,0.311550151975684,0.0326797385620915,1,0.299212598425197,0.304147465437788,1,1,0.314814814814815,0.702302631578947,1,1,0.693877551020408,1,0.307692307692308,1,0.309262166405024,0.527131782945736,0.678247734138973,0.39209726443769,1,0.290123456790123,0.310236220472441,0.688854489164087,0.674382716049383,1,0.315132605304212,1,0.31651376146789,1,0.30952380952381,0.304975922953451,0.345201238390093,0.503888024883359,0.301282051282051,0.309748427672956,0.666666666666667,0.304012345679012,0.142148760330579,1,0,1,0.28503937007874,1,0,0.312202852614897,0.310897435897436,1,0.0564885496183206,1,0.0810810810810811,0.335949764521193,1,0.0625,0.680952380952381,1,1,1,0.301282051282051,0.0384615384615385,1,0.427001569858713,0.0904761904761905,0.35375191424196,0.309006211180124,0.313479623824451,1,1,1,1,1,0.0621212121212121,0.996904024767802,0.690769230769231,0.00453857791225416,0.31733746130031,1,1,1,1,0.0828125,0.308868501529052,1,1,1,1,1,1,0.490015360983103,0.00159235668789809,1,0.0781010719754977,0.311605723370429,0.428571428571429,1,0.3808,0.297077922077922,0.304347826086957,1,0.0394321766561514,0.315068493150685,1,1,0.370015948963317,0.304615384615385,0.30173775671406,0.313099041533546,0.998459167950693,0.3168,0.308411214953271,0.404423380726698,0.308661417322835,0.971080669710807,0.30441400304414,0.0747967479674797,0.317460317460317,0,1,0.0834645669291339,0.295238095238095,0.317535545023697,0.313385826771654,1,1,1,1,1,1,0.325914149443561,1,0.306477093206951,0.311036789297659,0.593457943925234,0.689167974882261,1,1,0,0.308396946564885,0.111459968602826,0.998470948012232,0.0378548895899054,1,1,0.3125,1,1,0.614035087719298,0.40228013029316,0.996978851963746,0.0749601275917065,0.0952380952380952,1,1,1,0.0854037267080745,0,0.304347826086957,0.416536661466459,0.310769230769231,0,0.3184,0.0797448165869219,1,1,0.32262996941896,0.31839258114374,0.24375,0.333333333333333,0.303125,0.317262830482115,1,1,0.312698412698413,1,0,1,0.225908372827804,1,0.6796875,1,0.309636650868878,0.298869143780291,0.073208722741433,0.681181959564541,1,1,0.785266457680251,0.887820512820513,0.317034700315457,0.309562398703404,1,0.313385826771654,0.261006289308176,0.308306709265176,1,0.0978260869565217,1,1,0.304552590266876,0.695161290322581,0.29746835443038,1,1,0.300940438871473,0.300155520995334,0.310975609756098,0.851097178683386,0.302737520128824,1,0.0570987654320988,1,1,0.704892966360856,0.654631083202512,0.3216,0.0551181102362205,0.319047619047619,1,1,0.300476947535771,0.315457413249211,0.616459627329193,1,0.306870229007634,0.353395061728395,0.295384615384615,0.987951807228916,0.472266244057052,0.00467289719626168,0.290824261275272,0.31039755351682,0.314465408805031,0.30064308681672,0.306153846153846,0.966205837173579,1,0.30829420970266,0.547385620915033,0.690851735015773,0.240625,0.693418940609952,1,0.318611987381703,0.0015552099533437,0.312796208530806,0.30030959752322,0.348837209302326,0.314873417721519,0,0.328025477707006,0.310289389067524,0.313408723747981,0.305511811023622
"651",1,1,1,1,1,1,0.703703703703704,1,1,0.0960629921259843,1,0.0463678516228748,0.811616954474097,1,0.317460317460317,0.307453416149068,0.0675883256528418,0.690208667736758,1,1,0.28391167192429,0.315132605304212,1,0.156862745098039,1,0.325508607198748,0.315789473684211,1,1,0.79140127388535,0.308755760368664,0.730474732006126,0.967391304347826,0.313479623824451,0,1,0.54434250764526,1,0.300751879699248,1,0.658767772511848,0.674961119751166,0.684848484848485,1,1,0.323296354992076,0.316118935837246,0.312024353120244,0.324116743471582,0.327639751552795,0,1,0.314024390243902,1,1,0.495222929936306,0.555031446540881,1,1,1,0.330792682926829,0.321928460342146,0.318181818181818,0.677067082683307,1,1,0.0392464678178964,1,0.0586466165413534,0.318112633181126,1,0.320433436532508,0.335433070866142,0.9664,0.503793626707132,1,0.310872894333844,0.338391502276176,1,0.320574162679426,0.098705501618123,0.333858267716535,0.332293291731669,1,0.341049382716049,1,1,1,1,0.686821705426357,1,1,0.00154320987654321,0.10958904109589,1,0.0490045941807044,0,1,0.5632,0.677265500794913,1,0.0595611285266458,0.309033280507132,1,0.31911532385466,1,0.684867394695788,1,0.31832298136646,0.325545171339564,0.323529411764706,1,0.332819722650231,1,0.488479262672811,1,0.321259842519685,0.288109756097561,0.325077399380805,0.318885448916409,0.478461538461538,1,0.327692307692308,0.312101910828025,1,0.304147465437788,1,1,0.322884012539185,0.548632218844985,1,0.31974921630094,1,0.0434131736526946,1,0.317901234567901,0.679389312977099,0.329704510108865,0.929447852760736,0.436305732484076,0.105345911949686,0.0990712074303406,1,1,0.331775700934579,1,0.317700453857791,1,0.806501547987616,1,0.329153605015674,1,1,1,1,0.334379905808477,1,0.32695374800638,0.248475609756098,1,0.317683881064163,1,0.307453416149068,0.0897637795275591,1,0.310015898251192,1,1,1,0.338931297709924,1,0.329173166926677,1,0.314641744548287,1,0.315047021943574,0.0822981366459627,1,0.640194489465154,1,1,0.31832298136646,1,1,1,1,0.329133858267717,0.309230769230769,1,1,0.319571865443425,0.309636650868878,1,0.44822256568779,0.659670164917541,0,0.321538461538462,0.674884437596302,1,0.329286798179059,1,1,1,0.3140625,0.323574730354391,0.329093799682035,1,1,1,0,1,0.308892355694228,0.972222222222222,0.319314641744548,0.318252730109204,0.74885145482389,1,1,1,1,1,0.0453125,0.321316614420063,0.327131782945736,1,0.682588597842835,1,1,0.998432601880878,1,1,1,0.00303490136570561,0.312594840667678,1,0.311320754716981,1,0.308282208588957,1,1,1,1,1,0.322378716744914,1,0.503086419753086,0.331775700934579,0.335384615384615,0.317307692307692,0.320754716981132,0.332810047095761,0.429032258064516,0.330246913580247,0.32093023255814,0.316358024691358,1,0.323029366306028,1,0.688172043010753,0.312796208530806,0.312693498452012,0.333855799373041,1,1,1,0.251170046801872,0.3140625,1,0.319182389937107,0.330804248861912,0.31974921630094,0.326153846153846,0.678740157480315,1,0.322188449848024,0.31911532385466,1,0.303174603174603,1,0.309815950920245,0.310452418096724,1,1,1,0.540752351097179,1,0.67651632970451,0.0824742268041237,0.321875,1,1,0.0958268933539413,0.323574730354391,0.337025316455696,1,1,0.302325581395349,0.0266457680250784,0.0015748031496063,1,1,0.339366515837104,0.998442367601246,1,0.315132605304212,1,1,0.320373250388802,1,1,1,1,0.333333333333333,0.314842578710645,0.326984126984127,1,1,0.665644171779141,0.317757009345794,1,0.328703703703704,0.300940438871473,1,1,1,1,1,0.325471698113208,1,1,0.10989010989011,0.334365325077399,0.498422712933754,0.300314465408805,0.662519440124417,0.324283559577677,1,0.3140625,0.333333333333333,0.254601226993865,0.318181818181818,1,0.327272727272727,1,1,1,0.317683881064163,0.320610687022901,1,0.923076923076923,0.0682539682539682,1,0.316358024691358,0.329133858267717,0.3125,1,0.331306990881459,0.464898595943838,0.320872274143302,0.305295950155763,0.3216,0.306853582554517,1,0.325949367088608,1,1,0,1,0.322981366459627,1,1,1,0.335925349922239,1,0.313479623824451,1,0.839563862928349,1,1,1,0.30781010719755,1,1,0.311827956989247,0.313755795981453,1,1,0.314503816793893,0.193893129770992,1,1,1,0,0.306477093206951,1,0.308777429467085,0.240126382306477,1,0.669254658385093,0.439393939393939,1,1,0.678733031674208,0.6953125,0.351145038167939,1,0.319314641744548,1,1,0.331782945736434,1,1,0.00783699059561128,0.335413416536661,1,1,0.319685039370079,1,1,0.305246422893482,0.326717557251908,1,1,1,0.528771384136858,0.310452418096724,0.348367029548989,0.319940476190476,0.330218068535826,0.694835680751174,0.326687116564417,0.324031007751938,0.321100917431193,0.238461538461538,0.318840579710145,1,0.326251896813354,1,0.31937984496124,0.0880121396054628,0.0532724505327245,1,1,0.0432098765432099,1,0.685099846390169,0.0467289719626168,0.0125391849529781,1,0.681181959564541,1,1,0.537007874015748,1,0,0.0771704180064309,1,1,1,0.325396825396825,0.640117994100295,0.682333873581848,0.993836671802773,1,0.987538940809969,0.315132605304212,0.329704510108865,1,0.304075235109718,1,0.371913580246914,0.106687898089172,0.313364055299539,0.322338830584708,0.325657894736842,1,0.0832049306625578,1,1,1,0.248108925869894,0.327503974562798,1,0.319620253164557,1,1,0.306278713629403,1,0.326894502228826,1,0.30173775671406,0.319875776397516,1,0.676703645007924,0.323922734026746,1,0.31629392971246,0.774539877300613,0.311926605504587,0.161585365853659,0.316816816816817,0.771822358346095,0.311004784688995,1,0.324451410658307,0.338931297709924,0.297583081570997,1,1,1,0.967948717948718,0.341977309562399,1,0.321656050955414,1,0.321543408360129,0.322727272727273,1,1,1,0.91496062992126,1,0.311746987951807,0.319444444444444,1,1,0.0493630573248408,0.0897637795275591,1,1,0.311708860759494,1,1,0.315457413249211,1,1,0.678955453149002,0.528528528528528,1,0,1,1,0.0995475113122172,0.330745341614907,1,0.323943661971831,1,0.965571205007825,1,0.831546707503829,1,0.3344,1,1,1,0,0.314102564102564,1,1,0.670295489891135,1,0.313084112149533,0.364341085271318,0.326530612244898,1,1,1,0.0914634146341463,0.320063694267516,0.0966183574879227,1,0.316109422492401,0.308510638297872,0.358139534883721,0,1,0.954828660436137,1,1,0.328616352201258,0.294561933534743,0.153724247226624,0.0385802469135802,0.318681318681319,0.317829457364341,0.330757341576507,0.00158478605388273,0.309923664122137,1,0,0.313546423135464,1,1,1,0.320121951219512,0.324812030075188,0.0382165605095541,1,0.317262830482115,0.307926829268293,1,1,0.322981366459627,0.698387096774194,1,1,0.693396226415094,1,0.313725490196078,1,0.32093023255814,0.526717557251908,0.665151515151515,0.415915915915916,1,0.299392097264438,0.313271604938272,0.675968992248062,0.666666666666667,1,0.32469512195122,1,0.322188449848024,1,0.314241486068111,0.310618066561014,0.353211009174312,0.523291925465838,0.315457413249211,0.310015898251192,0.664050235478807,0.314641744548287,0.14951768488746,1,0,1,0.296650717703349,1,0,0.318461538461538,0.322884012539185,1,0.0597014925373134,1,0.0859375,0.338607594936709,1,0.0659340659340659,0.667697063369397,1,1,1,0.307814992025518,0.0414746543778802,1,0.424148606811146,0.0971786833855799,0.358547655068079,0.324116743471582,0.32258064516129,1,1,1,1,1,0.0674662668665667,0.995440729483283,0.681957186544342,0.00298953662182362,0.325115562403698,1,1,1,1,0.087962962962963,0.313846153846154,1,1,1,1,1,1,0.488755622188906,0.00157728706624606,1,0.0860215053763441,0.330745341614907,0.434108527131783,1,0.394276629570747,0.305379746835443,0.311145510835913,1,0.0415384615384615,0.326687116564417,1,1,0.373228346456693,0.309341500765697,0.308892355694228,0.321144674085851,1,0.322327044025157,0.319018404907975,0.419457735247209,0.320813771517997,0.9765625,0.314984709480122,0.0866141732283465,0.321981424148607,0,1,0.0900473933649289,0.313195548489666,0.315301391035549,0.323899371069182,1,1,1,1,1,1,0.33968253968254,1,0.321316614420063,0.309602649006623,0.604327666151468,0.674050632911392,1,1,0,0.321100917431193,0.118012422360248,1,0.0361067503924647,1,1,0.313099041533546,1,1,0.624405705229794,0.41042345276873,0.997019374068554,0.0859872611464968,0.101721439749609,1,1,1,0.0914728682170543,0,0.32262996941896,0.425897035881435,0.314900153609831,0,0.338050314465409,0.0906200317965024,1,1,0.320182094081942,0.316358024691358,0.236196319018405,0.340729001584786,0.311926605504587,0.325190839694657,1,1,0.335403726708075,1,0,1,0.220657276995305,1,0.672307692307692,1,0.318181818181818,0.3104,0.0786686838124055,0.676923076923077,1,1,0.789719626168224,0.897435897435897,0.319182389937107,0.321875,1,0.316770186335404,0.246875,0.322734499205087,1,0.10260336906585,1,1,0.322480620155039,0.671974522292994,0.307324840764331,1,1,0.313846153846154,0.309375,0.323262839879154,0.859842519685039,0.317535545023697,1,0.0587326120556414,1,1,0.69478527607362,0.647335423197492,0.323717948717949,0.0595611285266458,0.330232558139535,1,1,0.302034428794992,0.334384858044164,0.607476635514019,1,0.309341500765697,0.38366718027735,0.311178247734139,0.986217457886677,0.477449455676516,0.0046583850931677,0.301391035548686,0.327245053272451,0.332794830371567,0.318541996830428,0.320668693009119,0.972350230414747,1,0.308282208588957,0.550888529886914,0.682965299684543,0.226708074534162,0.686495176848875,1,0.324574961360124,0.0015748031496063,0.330708661417323,0.31937984496124,0.365891472868217,0.326120556414219,0,0.332302936630603,0.316535433070866,0.331775700934579,0.314814814814815
"652",1,1,1,1,1,1,0.70364500792393,1,1,0.0978260869565217,1,0.0445468509984639,0.809597523219814,1,0.313971742543171,0.312788906009245,0.0598159509202454,0.678456591639871,1,1,0.288372093023256,0.316614420062696,1,0.153374233128834,1,0.329721362229102,0.314553990610329,1,1,0.783359497645212,0.308623298033283,0.736681887366819,0.967889908256881,0.321044546850998,0,1,0.542635658914729,1,0.299248120300752,1,0.665634674922601,0.671779141104294,0.692653673163418,1,1,0.312698412698413,0.317557251908397,0.308623298033283,0.327188940092166,0.330275229357798,0,1,0.307228915662651,1,1,0.491365777080063,0.5671875,1,1,1,0.325652841781874,0.321592649310873,0.311811023622047,0.680817610062893,1,1,0.0346456692913386,1,0.054380664652568,0.316436251920123,1,0.321928460342146,0.32695374800638,0.961965134706815,0.515384615384615,1,0.309090909090909,0.340978593272171,1,0.321543408360129,0.0873015873015873,0.329153605015674,0.325038880248834,1,0.340590979782271,1,1,1,1,0.685975609756098,1,1,0.00153374233128834,0.103076923076923,1,0.046969696969697,0,1,0.567353407290016,0.67192429022082,1,0.0514018691588785,0.315870570107858,1,0.316118935837246,1,0.682515337423313,1,0.314589665653495,0.326656394453005,0.321981424148607,1,0.335901386748844,1,0.493150684931507,1,0.313271604938272,0.292048929663609,0.323170731707317,0.317111459968603,0.486943164362519,1,0.321646341463415,0.325914149443561,1,0.302891933028919,1,1,0.319018404907975,0.545454545454545,1,0.307931570762053,1,0.0432835820895522,1,0.317484662576687,0.67427701674277,0.331768388106416,0.934579439252336,0.4304,0.103125,0.0953125,1,1,0.336434108527132,1,0.319880418535127,1,0.805555555555556,1,0.330745341614907,1,1,1,1,0.33693972179289,1,0.321483771251932,0.243410852713178,1,0.315068493150685,1,0.302611367127496,0.0850393700787402,1,0.316614420062696,1,1,1,0.334341906202723,1,0.324492979719189,1,0.30757341576507,1,0.320251177394035,0.074468085106383,1,0.637239165329053,1,1,0.311811023622047,1,1,1,1,0.328173374613003,0.311450381679389,1,1,0.316265060240964,0.304552590266876,1,0.443234836702955,0.66865671641791,0,0.325581395348837,0.668721109399075,1,0.318250377073906,1,1,1,0.321483771251932,0.325859491778774,0.333333333333333,1,1,1,0,1,0.313271604938272,0.975155279503106,0.325652841781874,0.311450381679389,0.755351681957186,1,1,1,1,1,0.0448916408668731,0.313880126182965,0.328767123287671,1,0.677966101694915,1,1,0.998449612403101,1,1,1,0.00465116279069767,0.312594840667678,1,0.310725552050473,1,0.307931570762053,1,1,1,1,1,0.327743902439024,1,0.511773940345369,0.321981424148607,0.327692307692308,0.315625,0.325115562403698,0.333853354134165,0.417322834645669,0.323029366306028,0.31832298136646,0.316846986089645,1,0.323529411764706,1,0.685325264750378,0.315301391035549,0.307458143074581,0.32967032967033,1,1,1,0.2574568288854,0.316436251920123,1,0.320061255742726,0.327188940092166,0.314641744548287,0.32262996941896,0.68348623853211,1,0.321100917431193,0.319875776397516,1,0.295238095238095,1,0.315315315315315,0.315541601255887,1,1,1,0.541085271317829,1,0.683563748079877,0.0858433734939759,0.320610687022901,1,1,0.0983358547655068,0.32,0.325914149443561,1,1,0.312594840667678,0.0244274809160305,0.00316455696202532,1,1,0.333834586466165,1,1,0.311178247734139,1,1,0.314900153609831,1,1,1,1,0.329738058551618,0.316187594553706,0.3312,1,1,0.667175572519084,0.319182389937107,1,0.315233785822021,0.301857585139319,1,1,1,1,1,0.327613104524181,1,1,0.107765451664025,0.333333333333333,0.488372093023256,0.305295950155763,0.668740279937792,0.319634703196347,1,0.318252730109204,0.333333333333333,0.253822629969419,0.317901234567901,1,0.326409495548961,1,1,1,0.314241486068111,0.321212121212121,1,0.927652733118971,0.0607476635514019,1,0.310769230769231,0.318818040435459,0.314241486068111,1,0.327769347496206,0.476993865030675,0.326186830015314,0.308411214953271,0.316037735849057,0.306625577812018,1,0.322327044025157,1,1,0,1,0.322429906542056,1,1,1,0.331259720062208,1,0.31619937694704,1,0.8375,1,1,1,0.321156773211568,1,1,0.311627906976744,0.315548780487805,1,1,0.312307692307692,0.185015290519878,1,1,1,0,0.317757009345794,1,0.311349693251534,0.240683229813665,1,0.68160741885626,0.429003021148036,1,1,0.67603550295858,0.706870229007634,0.343558282208589,1,0.319444444444444,1,1,0.335394126738794,1,1,0.00773993808049536,0.331240188383046,1,1,0.318252730109204,1,1,0.30952380952381,0.330246913580247,1,1,1,0.52781954887218,0.308396946564885,0.342767295597484,0.322338830584708,0.338461538461538,0.68025078369906,0.324773413897281,0.326717557251908,0.320121951219512,0.233024691358025,0.325396825396825,1,0.319571865443425,1,0.314814814814815,0.0817236255572065,0.0475460122699387,1,1,0.0372670807453416,1,0.685410334346505,0.0418604651162791,0.0106221547799697,1,0.671296296296296,1,1,0.54773082942097,1,0,0.0713153724247227,1,1,1,0.322274881516588,0.640416047548291,0.690789473684211,0.992319508448541,1,0.984779299847793,0.306853582554517,0.34012539184953,1,0.304821150855365,1,0.36085626911315,0.106012658227848,0.308868501529052,0.32469512195122,0.334983498349835,1,0.0840978593272171,1,1,1,0.251896813353566,0.31974921630094,1,0.317484662576687,1,1,0.311077389984825,1,0.322436849925706,1,0.309486780715397,0.314641744548287,1,0.674418604651163,0.316890881913303,1,0.314553990610329,0.773148148148148,0.317507418397626,0.159332321699545,0.32375189107413,0.775541795665635,0.310344827586207,1,0.327743902439024,0.33535660091047,0.294656488549618,1,1,1,0.972491909385113,0.340222575516693,1,0.323854660347551,1,0.326298701298701,0.316666666666667,1,1,1,0.921052631578947,1,0.309309309309309,0.323574730354391,1,1,0.0470957613814757,0.075,1,1,0.313271604938272,1,1,0.31875,1,1,0.673748103186646,0.532526475037821,1,0,1,1,0.0993975903614458,0.319083969465649,1,0.325077399380805,1,0.964341085271318,1,0.825153374233129,1,0.328,1,1,1,0,0.3088,1,1,0.668740279937792,1,0.319938176197836,0.36280487804878,0.320061255742726,1,1,1,0.0943683409436834,0.322429906542056,0.0874403815580286,1,0.309923664122137,0.311746987951807,0.355384615384615,0,1,0.958204334365325,1,1,0.328593996840442,0.303303303303303,0.158139534883721,0.0385208012326656,0.321044546850998,0.310185185185185,0.326153846153846,0.00156494522691706,0.318885448916409,1,0,0.319571865443425,1,1,1,0.322137404580153,0.324364723467862,0.0334928229665072,1,0.316614420062696,0.312594840667678,1,1,0.323529411764706,0.698083067092652,1,1,0.689922480620155,1,0.309090909090909,1,0.316998468606432,0.530395136778115,0.663622526636225,0.399399399399399,1,0.298780487804878,0.314984709480122,0.677914110429448,0.667175572519084,1,0.321156773211568,1,0.326378539493294,1,0.323529411764706,0.310725552050473,0.346687211093991,0.529141104294479,0.318037974683544,0.308426073131955,0.665644171779141,0.313664596273292,0.14446227929374,1,0,1,0.295418641390205,1,0,0.323529411764706,0.318611987381703,1,0.0553892215568862,1,0.0838509316770186,0.340557275541796,1,0.0612557427258806,0.674382716049383,1,1,1,0.3125,0.0409090909090909,1,0.427480916030534,0.09375,0.355083459787557,0.319571865443425,0.327272727272727,1,1,1,1,1,0.0601503759398496,0.995508982035928,0.687211093990755,0.00442477876106195,0.32469512195122,1,1,1,1,0.0848765432098765,0.318181818181818,1,1,1,1,1,1,0.486363636363636,0.00159235668789809,1,0.0803030303030303,0.317972350230415,0.432558139534884,1,0.3872,0.310509554140127,0.318952234206472,1,0.04,0.321592649310873,1,1,0.3671875,0.314900153609831,0.313178294573643,0.3125,1,0.324367088607595,0.316109422492401,0.4140625,0.316770186335404,0.974242424242424,0.309171597633136,0.082018927444795,0.327160493827161,0,1,0.0893416927899686,0.310832025117739,0.314641744548287,0.322784810126582,1,1,1,1,1,1,0.334370139968896,1,0.307453416149068,0.317512274959083,0.603658536585366,0.674491392801252,1,1,0,0.319213313161876,0.120184899845917,1,0.0354391371340524,1,1,0.311526479750779,1,1,0.626794258373206,0.417741935483871,0.995562130177515,0.0818897637795276,0.0952380952380952,1,1,1,0.0913312693498452,0,0.3267776096823,0.417054263565891,0.320839580209895,0,0.330203442879499,0.0839936608557845,1,1,0.329803328290469,0.32262996941896,0.236024844720497,0.337007874015748,0.320668693009119,0.3267776096823,1,1,0.324409448818898,1,0,1,0.216383307573416,1,0.673282442748092,1,0.312210200927357,0.311811023622047,0.0758725341426404,0.67175572519084,1,1,0.779320987654321,0.900974025974026,0.323943661971831,0.317610062893082,1,0.317972350230415,0.24804992199688,0.317111459968603,1,0.102484472049689,1,1,0.315625,0.676848874598071,0.311912225705329,1,1,0.302611367127496,0.307453416149068,0.315151515151515,0.868544600938967,0.308306709265176,1,0.0531107738998483,1,1,0.691244239631336,0.655813953488372,0.323151125401929,0.0546282245827011,0.322033898305085,1,1,0.306976744186047,0.331259720062208,0.627092846270928,1,0.314674735249622,0.375572519083969,0.306748466257669,0.981735159817352,0.46676970633694,0.00304878048780488,0.30441400304414,0.326283987915408,0.326018808777429,0.320813771517997,0.315315315315315,0.969558599695586,1,0.312977099236641,0.544,0.687306501547988,0.220858895705521,0.684380032206119,1,0.327245053272451,0.00312989045383412,0.328682170542636,0.313546423135464,0.365740740740741,0.32120253164557,0,0.336923076923077,0.322327044025157,0.328100470957614,0.318252730109204
"653",0.293245469522241,0.313915857605178,0.304347826086957,0.323920265780731,0.30278232405892,0.304065040650407,0.00985221674876847,0.308702791461412,0.296416938110749,0.579298831385643,0.304,0.654281098546042,0.499173553719008,0.315270935960591,1,1,0.63015873015873,0,0.311986863711002,0.314102564102564,1,1,0.312698412698413,0.52741935483871,0.303514376996805,1,1,0.327242524916944,0.30188679245283,0.515650741350906,1,0.590322580645161,0.350961538461538,0.996732026143791,0.672667757774141,0.302675585284281,0.137704918032787,0.316211878009631,1,0.3008,0.00161550888529887,0,0,0.318481848184819,0.313915857605178,1,0.995176848874598,1,1,1,0.696,0.32013201320132,1,0.317230273752013,0.312399355877617,0.823817292006525,0.120065789473684,0.316639741518578,0.304487179487179,0.316045380875203,0.9904,1,1,0.00325732899022801,0.311864406779661,0.308186195826645,0.666666666666667,0.314424635332253,0.620634920634921,1,0.313099041533546,1,1,0.27317880794702,0.155339805825243,0.307448494453249,1,0.996784565916399,0.310789049919485,1,0.60530679933665,1,1,0.310679611650485,1,0.309262166405024,0.30794701986755,0.322475570032573,0.31810766721044,0,0.318407960199005,0.321766561514196,0.684713375796178,0.589825119236884,0.300492610837438,0.647244094488189,0.681159420289855,0.312,0.123745819397993,0,0.305111821086262,0.625806451612903,1,0.305227655986509,1,0.309061488673139,0,0.309061488673139,1,1,1,0.298045602605863,0.996753246753247,0.316393442622951,0.200631911532385,0.305379746835443,1,0.383012820512821,1,1,0.200642054574639,0.3,1,1,0.32258064516129,1,0.310236220472441,0.305863708399366,0.37620578778135,0.764521193092622,0.306532663316583,1,0.31810766721044,0.648264984227129,0.327272727272727,1,0.00159489633173844,1,0.363192182410423,0.884422110552764,0.585924713584288,0.609046849757674,0.309409888357257,0.314814814814815,1,0.303514376996805,1,0.303225806451613,0.496805111821086,0.322784810126582,1,0.307443365695793,0.309951060358891,0.310569105691057,0.32569558101473,1,0.297385620915033,1,0.442122186495177,0.319870759289176,1,0.310618066561014,1,0.605960264900662,0.319467554076539,1,0.311183144246353,0.298555377207063,0.319870759289176,0.9888,0.314424635332253,1,0.315875613747954,1,0.305227655986509,1,0.605475040257649,0.287112561174551,0.0268456375838926,0.289735099337748,0.309791332263242,1,0.301948051948052,0.307317073170732,0.305194805194805,0.326860841423948,1,1,0.312605042016807,0.314606741573034,1,1,0.312101910828025,0.237942122186495,0.0170807453416149,0.693311582381729,1,0.00159489633173844,0.304,1,0.311557788944724,0.301587301587302,0.31219512195122,0.996768982229402,1,1,0.322222222222222,0.303630363036304,0.306451612903226,0.696428571428571,0.295081967213115,1,0.31973898858075,1,1,0.425324675324675,0.318032786885246,0.306818181818182,0.318327974276527,0.288709677419355,0.313628899835796,0.661788617886179,1,1,0.309061488673139,0.00324149108589951,0.311708860759494,0.3152,0.30983606557377,0.295454545454545,0.290584415584416,0.308661417322835,0.707006369426752,0.368421052631579,0.295454545454545,1,0.313915857605178,1,0.305466237942122,0.308943089430894,0.305555555555556,0.320388349514563,0.298657718120805,1,0.317965023847377,0.801313628899836,1,1,0.998360655737705,1,1,0.898193760262726,1,1,1,0.311004784688995,1,0.315436241610738,0,1,0.384493670886076,1,0.314475873544093,0.306320907617504,0.308196721311475,0.42504118616145,1,0.315705128205128,1,1,1,1,0,0.303776683087028,1,1,0.317073170731707,1,0.3088,1,1,0.295269168026101,0.315447154471545,0.2976,0.146103896103896,0.32137030995106,0,0.596244131455399,1,0.309677419354839,0.32013201320132,0.587947882736156,1,1,0.320534223706177,0.32137030995106,1,0.659609120521173,0.704318936877076,0.302287581699346,0.303921568627451,0.996830427892235,0.320723684210526,0.301710730948678,1,0.305921052631579,0.292993630573248,1,0.295081967213115,0.316639741518578,0.309294871794872,0.302931596091205,1,1,1,0.296474358974359,0.312703583061889,0.00801282051282051,0.99344262295082,0.320534223706177,1,1,0.304761904761905,0.324960753532182,0.294871794871795,0.3168,0.301127214170692,1,0.303130148270181,0.30016051364366,0.580698835274542,1,0.844155844155844,1,0,1,0.317610062893082,1,1,0.434022257551669,1,0.310855263157895,1,0.300653594771242,0.29951690821256,0.303656597774245,1,1,0.305111821086262,0.396638655462185,0.626029654036244,0.301482701812191,1,1,1,0.305785123966942,1,0.198373983739837,1,1,1,1,0.323717948717949,1,0.308333333333333,0.321311475409836,0.685897435897436,0.297029702970297,1,0.310177705977383,0.310725552050473,0.308702791461412,1,0.30188679245283,1,0.310725552050473,0.473770491803279,0.32258064516129,0.311557788944724,0.301765650080257,1,0.309446254071661,0.299342105263158,1,1,0.318255250403877,0.303079416531605,1,0.497615262321145,0.308080808080808,0.322528363047002,0.312599681020734,0.684466019417476,1,0.299832495812395,1,0.422764227642276,0.3,0,0.886614173228346,0.305921052631579,0.314662273476112,0,0.0328407224958949,0.982200647249191,0.308072487644152,1,0.305691056910569,0.301003344481605,1,0.31911532385466,0.300813008130081,0.682258064516129,1,0.308186195826645,0.32569558101473,1,0.308186195826645,0.298831385642738,1,0.334928229665072,0.304418985270049,0.306477093206951,0.322368421052632,0.798711755233494,1,0.98202614379085,1,1,0.00165016501650165,1,0.995137763371151,1,0.440650406504065,0.998376623376623,0.3008,0.995245641838352,0.32512315270936,0.998402555910543,0.607874015748031,0.633228840125392,0.313195548489666,0.310015898251192,0.648953301127214,0.313628899835796,0,0.64297253634895,0.691558441558442,0.312,0.0016260162601626,0.300163132137031,0.293548387096774,0.775947281713344,0.3136,0.696629213483146,0.595993322203673,0.313001605136437,0.30952380952381,0.2914653784219,1,0.0276073619631902,0,0.314009661835749,0.318181818181818,0.327974276527331,1,0.343137254901961,0.308943089430894,1,0.292134831460674,0.944535073409462,0.582781456953642,1,1,0.994854202401372,0.307324840764331,0.615141955835962,0.309148264984227,0.304777594728171,0.305958132045089,0.424336973478939,1,0.298850574712644,1,0.313856427378965,0.307178631051753,1,0.309328968903437,1,0.314424635332253,1,1,0.307941653160454,0,1,0.314516129032258,1,0.561904761904762,1,0.518638573743922,1,0.555737704918033,1,0.299159663865546,1,1,1,0.302737520128824,0.308943089430894,0.310289389067524,0.336106489184692,0.33220910623946,0.298045602605863,1,0.305111821086262,1,1,0.309562398703404,0.306425041186161,0.3056,0.383739837398374,0.311605723370429,1,1,0.3184,0.313432835820896,0.631067961165049,0.595394736842105,0.310064935064935,0.309602649006623,1,0.300319488817891,0.306709265175719,0.993558776167472,0.295867768595041,0.304418985270049,0,0.139498432601881,0.304777594728171,0.684952978056426,0.30048465266559,0.3136,0.609794628751975,0.998389694041868,0.294407894736842,1,0.305555555555556,0.333333333333333,0.308072487644152,0.461412151067323,0.313114754098361,1,0.316455696202532,0.31810766721044,0.320066334991708,0.6976,1,0.320661157024793,0.317460317460317,0,0.317384370015949,1,0.959742351046699,1,0.313099041533546,0.311986863711002,0.305921052631579,0.598726114649682,1,0.599667774086379,0.320846905537459,1,1,0.972267536704731,0.689320388349515,0.315789473684211,0.349514563106796,0.307692307692308,0.304278922345483,1,1,0.528145695364238,0.646031746031746,1,1,1,0.69672131147541,1,0.32753164556962,0.691437802907916,1,0.318181818181818,0.315181518151815,0.312297734627832,0.998394863563403,1,0.656896551724138,0.316639741518578,1,1,0.3104,0.299352750809061,1,0,0.304276315789474,0.296296296296296,0.0033003300330033,0.304416403785489,1,0.298507462686567,1,0.14218009478673,0,0.900473933649289,0.320574162679426,1,1,0,0.00156739811912226,0.310789049919485,1,0.298333333333333,0.998432601880878,0.298187808896211,1,0.998344370860927,0.966183574879227,0.766881028938907,1,1,0.00164744645799012,1,0.525,0.315875613747954,0.681159420289855,0.314606741573034,1,0.301482701812191,0.685990338164251,1,1,0.30514096185738,0.630503144654088,0.313821138211382,0.590682196339434,0.972312703583062,0.321311475409836,0.609400324149109,0.00986842105263158,0.301282051282051,0.307814992025518,0.3125,1,0.645933014354067,0.292207792207792,0.895161290322581,0.59672131147541,0.966666666666667,1,1,0.306451612903226,0.326666666666667,0.302439024390244,0.30622009569378,0.302250803858521,0.62402496099844,0.300319488817891,0,0.677621283255086,0.998412698412698,0.328478964401294,0.295638126009693,0.302287581699346,0.312893081761006,0.615755627009646,1,0.323101777059774,0.316129032258064,0.3125,0.308943089430894,0.299050632911392,0.297872340425532,0.189189189189189,0.685950413223141,0.309090909090909,0.608,1,0.243506493506494,0.312703583061889,0.929765886287625,1,1,0.302439024390244,0.651685393258427,1,0.303225806451613,0.304418985270049,0.957377049180328,1,1,0.996694214876033,0.304975922953451,1,1,0.899676375404531,1,0.331179321486268,1,0.602023608768971,1,0.684975767366721,0.304418985270049,0.611940298507463,1,1,0.995098039215686,0.315372424722662,0.328455284552846,0.310286677908938,0.319870759289176,0.312605042016807,0.319932998324958,0.985197368421053,0.302694136291601,1,1,0.717252396166134,0,0.313408723747981,0.309677419354839,0.686998394863563,1,0.581320450885668,0.313880126182965,0.651685393258427,0.307941653160454,0.307692307692308,1,0.304777594728171,0.303448275862069,0.686868686868687,0.910016977928693,0.314814814814815,0.608264462809917,0.577814569536424,0.316558441558442,0.321252059308072,0.29140127388535,0.6016,0.692307692307692,1,0.897394136807818,1,0.673076923076923,0.998355263157895,0.602965403624382,0.312297734627832,0.313131313131313,1,1,0.442463533225284,0.994991652754591,0.998387096774194,1,0.313821138211382,0.320325203252033,1,0.304212168486739,0.682464454976303,0.32952691680261,0.460162601626016,0.302134646962233,0,0.310015898251192,1,1,0.607655502392344,0.00161290322580645,0.322422258592471,0.308319738988581,0.100813008130081,0.418487394957983,1,1,0.306603773584906,1,0.423452768729642,1,0.315541601255887,0.594551282051282,0.317741935483871,0.310743801652893,1,0,1,0.299835255354201,0.310064935064935,1,1,1,0.429765886287625,1,0.310015898251192,0.6272,0.323624595469256,0.313659359190556,0.0016,0.042483660130719,1,0.642857142857143,1,0.320063694267516,0.312292358803987,1,1,0.164536741214058,0.302439024390244,1,0.905448717948718,1,0.320126782884311,0.200652528548124,0.686591276252019,1,1,1,1,1,0.282958199356913,0.30064308681672,1,0.111486486486486,0.00162866449511401,0.449920508744038,0,0.323432343234323,1,0.690048939641109,1,1,0.893312101910828,1,0.687600644122383,1,1,1,1
"654",0.04375,0.0397553516819572,0.0351681957186544,0.0403726708074534,0.0396341463414634,0.0446841294298921,0.338006230529595,0.043343653250774,0.0429447852760736,0.942097026604069,0.0405405405405405,1,0.147919876733436,0.0398162327718224,0.64797507788162,0.646153846153846,0.977168949771689,0.365105008077544,0.0401234567901235,0.0383435582822086,0.66407465007776,0.648148148148148,0.0409090909090909,0.891603053435114,0.0417910447761194,0.629969418960245,0.641065830721003,0.0399361022364217,0.0446428571428571,0.169753086419753,0.653030303030303,0.220877458396369,0.0346907993966818,0.646604938271605,0.965571205007825,0.0446570972886762,0.516819571865443,0.0393343419062027,0.653030303030303,0.0414201183431953,0.381761978361669,0.362252663622527,0.356716417910448,0.0390015600624025,0.0421875,0.630672926447574,0.641653905053599,0.649624060150376,0.643625192012289,0.623867069486405,0.965256797583082,0.0390015600624025,0.645550527903469,0.0409711684370258,0.0455927051671733,0.433021806853583,0.487538940809969,0.0383435582822086,0.039453717754173,0.0393939393939394,0.627272727272727,0.634556574923547,0.647239263803681,0.371913580246914,0.0488188976377953,0.0453857791225416,1,0.0388198757763975,0.983679525222552,0.635400907715582,0.037821482602118,0.638888888888889,0.621664050235479,0.0774091627172196,0.548238897396631,0.0402384500745156,0.63969465648855,0.626506024096386,0.0393343419062027,0.648985959438378,0.95125786163522,0.630030959752322,0.632716049382716,0.037821482602118,0.614439324116744,0.0374812593703148,0.0401854714064915,0.0430769230769231,0.0354391371340524,0.355725190839695,0.0421216848673947,0.0342261904761905,0.964506172839506,0.942249240121581,0.0315457413249211,0.998493975903614,0.96206373292868,0.0392749244712991,0.493670886075949,0.370716510903427,0.0383435582822086,0.987577639751553,0.649310872894334,0.0417956656346749,0.638759689922481,0.0388802488335925,0.360182370820669,0.039039039039039,0.634375,0.646153846153846,0.632465543644717,0.0426829268292683,0.629800307219662,0.0364741641337386,0.578241430700447,0.0427728613569322,0.643185298621746,0.757621951219512,0.639221556886228,0.64018691588785,0.576631259484067,0.0479134466769706,0.635542168674699,0.629570747217806,0.0363636363636364,0.65158371040724,0.039647577092511,0.043026706231454,0.724191063174114,0.495508982035928,0.0410742496050553,0.64451313755796,0.0377358490566038,1,0.0315955766192733,0.645550527903469,0.364885496183206,0.622874806800618,0.0201550387596899,0.603744149765991,0.944272445820433,0.947530864197531,0.0440060698027314,0.0392464678178964,0.627692307692308,0.032258064516129,0.62780269058296,0.0386398763523957,0.148318042813456,0.0457902511078287,0.637380191693291,0.0366412213740458,0.0452418096723869,0.0401854714064915,0.0383435582822086,0.622670807453416,0.0458015267175573,0.629969418960245,0.8,0.0404191616766467,0.639817629179331,0.0415430267062315,0.660964230171073,0.9578125,0.0343213728549142,0.638330757341577,0.0444104134762634,0.0426829268292683,0.0442748091603053,0.615384615384615,0.0383435582822086,0.624806201550388,0.0418604651162791,0.648233486943164,0.0443037974683544,0.636222910216718,0.967889908256881,0.045662100456621,0.416,0.0390015600624025,0.039453717754173,0.639191290824261,0.037037037037037,0.0346385542168675,0.0372093023255814,0.0424886191198786,0.626888217522659,0.639393939393939,0.0420560747663551,0.0365853658536585,0.637181409295352,0.655608214849921,0.0396341463414634,0.608169440242057,0.377581120943953,0.956589147286822,0.63594470046083,0.375757575757576,0.0396946564885496,0.631975867269985,0.0376766091051805,0.04047976011994,0.0439393939393939,0.638591117917305,0.641566265060241,0.630672926447574,0.0417910447761194,0.0376766091051805,0.0369230769230769,0.964341085271318,0.036979969183359,0.646417445482866,0.0136570561456753,0.63020030816641,0.647865853658537,0.310769230769231,0.0357142857142857,0.0438729198184569,0.0368663594470046,0.0380517503805175,0.0338461538461538,1,0.631578947368421,0.632218844984802,0.0419790104947526,0.365296803652968,0.0434782608695652,0.0464767616191904,0.0399385560675883,0.0455235204855842,0.037037037037037,0.0401188707280832,0.96030534351145,0.744011976047904,0.0379362670713202,0.639876352395672,0.0376766091051805,0.651057401812689,0.04047976011994,0.0387596899224806,0.0328125,0.0401234567901235,0.0424528301886792,0.637480798771121,0.0424242424242424,0.424148606811146,0.626749611197512,0.632835820895522,0.63944530046225,0.638759689922481,0.629800307219662,0.616588419405321,0.621052631578947,0.635811836115326,0.637614678899083,0.0453172205438066,0.637209302325581,0.036624203821656,0.356927710843373,0.634294385432473,0.744360902255639,0.623052959501558,0.0431432973805855,0.0323574730354391,0.0423197492163009,0.796296296296296,0.649923896499239,0.0369230769230769,0.633281972265023,0.62125748502994,0.643835616438356,0.632218844984802,0.360123647604328,0.0372093023255814,0.63609022556391,0.64451313755796,0.0414746543778802,0.659270998415214,0.0403587443946188,0.637462235649547,0.641304347826087,0.0418604651162791,0.0394944707740916,0.0380517503805175,0.521604938271605,0.0420560747663551,0.363777089783282,0.956909361069837,0.638167938931298,0.037593984962406,0.0372093023255814,0.946026986506747,0.638009049773756,0.630672926447574,0.0286168521462639,0.0388802488335925,0.642857142857143,0.986196319018405,0.962848297213622,0.0438871473354232,0.0377952755905512,0.625,0.0415384615384615,0.0417287630402385,0.647147147147147,0.0416666666666667,0.0441400304414003,0.631659056316591,0.0390625,0.0401854714064915,0.0475460122699387,0.0400616332819723,0.621913580246914,0.65015015015015,0.639751552795031,0.0414746543778802,0.0472560975609756,0.373088685015291,0.635384615384615,0.0424528301886792,0.636500754147813,0.649310872894334,0.0378787878787879,0.0359820089955022,0.0396341463414634,0.0415384615384615,0.0396946564885496,0.63719512195122,0.0445468509984639,0.0462962962962963,0.940809968847352,0.623493975903614,0.553488372093023,0.644409937888199,0.365030674846626,0.624813153961136,0.0346907993966818,0.651234567901235,0.623076923076923,0.796101949025487,0.63677811550152,0.0375586854460094,0.625,0.0445468509984639,0.0403726708074534,0.0421686746987952,0.649068322981366,0.63677811550152,0.0369230769230769,0.0363924050632911,0.98297213622291,0.0432098765432099,0.637614678899083,0.628086419753086,0.644305772230889,0.0328125,0.627067669172932,0.589665653495441,0.631498470948012,0.646604938271605,0.630914826498423,0.648522550544324,0.0381679389312977,0.630769230769231,0.0368589743589744,0.0325581395348837,0.961119751166407,0.04375,0.638198757763975,0.0442073170731707,0.0430906389301634,0.0393081761006289,0.633540372670807,0.0390977443609023,0.639370078740157,0.0417910447761194,0.117378048780488,0.0423600605143722,0.0454545454545455,0.0395136778115502,0.642201834862385,0.0356037151702786,0.0406885758998435,0.648854961832061,0.641653905053599,0.0365296803652968,0.0364741641337386,0.642526964560863,0.863157894736842,0.0425196850393701,0.0379362670713202,0.0426829268292683,0.96048632218845,0.641860465116279,0.0375586854460094,0.649016641452345,0.800918836140888,0.0372670807453416,0.364599092284418,0.514285714285714,0.0423197492163009,0.0383435582822086,0.367559523809524,0.341538461538462,0.613981762917933,0.0368098159509202,0.635811836115326,0.0414110429447853,0.0380952380952381,0.627511591962906,0.0364741641337386,0.0384615384615385,0.970948012232416,0.631336405529954,0.0434782608695652,0.0388802488335925,0.636363636363636,0.0408472012102874,0.040625,0.644757433489828,0.723723723723724,0.0385208012326656,0.039453717754173,0.0368098159509202,0.410687022900763,0.650381679389313,0.646875,0.6274217585693,0.636363636363636,0.358490566037736,0.627659574468085,0.627092846270928,0.641452344931921,0.811437403400309,0.631911532385466,0.0392749244712991,0.624624624624625,0.0451713395638629,0.638297872340426,0.956586826347305,0.993984962406015,0.0406626506024096,0.0452488687782805,1,0.0328638497652582,0.360902255639098,1,0.970679012345679,0.0392156862745098,0.363214837712519,0.04,0.0415384615384615,0.503105590062112,0.0379362670713202,0.962674961119751,0.960254372019078,0.036697247706422,0.0406015037593985,0.0460829493087558,0.6328125,0.400584795321637,0.34493670886076,0.0559757942511346,0.0352760736196319,0.0196969696969697,0.65144596651446,0.72,0.0457317073170732,0.657894736842105,0.0358744394618834,0.571648690292758,0.946624803767661,0.652567975830816,0.638297872340426,0.626602564102564,0.0389221556886228,0.962292609351433,0.0466165413533835,0.0394321766561514,0.043343653250774,0.794947994056464,0.627118644067797,0.047112462006079,0.640062597809077,0.0408805031446541,0.0395569620253165,0.650075414781297,0.0365079365079365,0.638483965014577,0.0416024653312789,0.652582159624413,0.631578947368421,0.0384024577572965,0.359208523592085,0.639760837070254,0.0410958904109589,0.640746500777605,0.184899845916795,0.63622754491018,0.89618320610687,0.640834575260805,0.180834621329212,0.64696734059098,0.0496894409937888,0.634108527131783,0.614114114114114,0.668188736681887,0.0444104134762634,0.0359375,0.0387481371087928,0.00940438871473354,0.711145996860283,0.0409090909090909,0.629160063391442,0.0385208012326656,0.638709677419355,0.639269406392694,0.0415384615384615,0.0372670807453416,0.036036036036036,0.0370942812982998,0.0393343419062027,0.646176911544228,0.642105263157895,0.031866464339909,0.0328638497652582,0.989130434782609,0.955108359133127,0.0382848392036753,0.0449612403100775,0.638629283489097,0.0445468509984639,0.0432190760059613,0.648401826484018,0.0464,0.0442748091603053,0.364615384615385,0.521804511278195,0.0350609756097561,0.963235294117647,0.0406885758998435,0.0443425076452599,0.945701357466063,0.628834355828221,0.0404354587869362,0.622291021671827,0.0386398763523957,0.0093167701863354,0.0410334346504559,0.131818181818182,0.0384024577572965,0.633757961783439,0.038109756097561,0.0359937402190923,0.0372670807453416,0.958271236959762,0.652380952380952,0.03125,0.0444104134762634,0.372307692307692,0.043609022556391,0.63013698630137,0.589861751152074,0.635670731707317,0.033587786259542,0.0412844036697248,0.0434782608695652,0.948717948717949,0.633956386292835,0.957613814756672,0.0386996904024768,0.644144144144144,0.645645645645646,0.591397849462366,0.964777947932619,0.0337941628264209,0.0030441400304414,0.0425531914893617,0.0384024577572965,0.629107981220657,0.64750378214826,0.884498480243161,1,0.64624808575804,0.643076923076923,0.630075187969925,0.970125786163522,0.643185298621746,0.036036036036036,0.957317073170732,0.635811836115326,0.0424242424242424,0.0446153846153846,0.0403726708074534,0.631498470948012,0.633633633633634,1,0.0346385542168675,0.63482280431433,0.649546827794562,0.0353846153846154,0.0458015267175573,0.632776934749621,0.353503184713376,0.038109756097561,0.0460829493087558,0.340490797546012,0.039039039039039,0.641881638846737,0.0373250388802488,0.645896656534954,0.536144578313253,0.380090497737557,0.628148148148148,0.0393939393939394,0.654919236417034,0.633846153846154,0.361027190332326,0.384615384615385,0.0340557275541796,0.631419939577039,0.0402476780185759,0.636636636636637,0.0339506172839506,0.638426626323752,0.643642072213501,0.596302003081664,0.520673813169985,0.640502354788069,0.636645962732919,0.37403400309119,0.633181126331811,0.905750798722045,0.0348484848484849,0.963414634146341,0.0424886191198786,0.660964230171073,0.0417956656346749,0.965891472868217,0.629969418960245,0.637071651090343,0.0427215189873418,0.988183161004431,0.0409090909090909,0.950769230769231,0.614779874213837,0.0416024653312789,0.978593272171254,0.375766871165644,0.0384615384615385,0.0414746543778802,0.0409090909090909,0.645933014354067,1,0.0407239819004525,0.517940717628705,0.944968553459119,0.595808383233533,0.625,0.635416666666667,0.0396946564885496,0.0234741784037559,0.0446841294298921,0.04,0.0365296803652968,0.979135618479881,0.0468277945619335,0.365705614567527,0.961876832844575,0.627118644067797,0.0428134556574924,0.0404354587869362,0.0336,0.0359820089955022,0.954407294832827,0.63963963963964,0.0347957639939486,0.0375,0.0363924050632911,0.0403726708074534,0.0440060698027314,0.0434108527131783,0.565671641791045,0.975346687211094,0.0324074074074074,0.95952023988006,0.643625192012289,0.621951219512195,0.0416666666666667,0.554347826086957,0.646774193548387,0.649923896499239,0.0445468509984639,1,0.641141141141141,0.0330827067669173,0.0414746543778802,0.583724569640063,0.637878787878788,0.651234567901235,0.638977635782748,0.0343796711509716,0.62992125984252,0.638972809667674,0.611963190184049,0.639876352395672,0.00452488687782805,0.642215568862275,0.96,0.636225266362253,0.965309200603318,0.0420560747663551,0.953632148377125,0.651702786377709,0.63452566096423,0.633846153846154,0.0362537764350453,0.0398773006134969,0.0392464678178964,0.0410958904109589,0.0395569620253165,0.0420560747663551,0.625196850393701,0.037593984962406,0.640552995391705,0.6464,0.43206106870229,0.369397217928903,0.0408472012102874,0.0410958904109589,0.962235649546828,0.634182908545727,0.930618401206637,0.0331325301204819,1,0.0366412213740458,0.0343213728549142,0.642633228840125,0.0404354587869362,0.0401929260450161,0.415241057542768,0.623028391167192,0.0421511627906977,0.952755905511811,0.947449768160742,0.0409711684370258,0.0416666666666667,0.0368663594470046,0.95405819295559,0.96319018404908,0.636913767019667,0.521472392638037,0.641881638846737,0.958966565349544,0.626934984520124,0.961597542242704,0.0450310559006211,0.0413476263399694,0.641025641025641,0.638426626323752,0.81039755351682,0.625978090766823,0.637329286798179,0.637593984962406,0.0418604651162791,0.0350609756097561,0.63166144200627,0.0413589364844904,0.968421052631579,0.0327613104524181,0.829007633587786,0.0403100775193798,0.365853658536585,0.0393939393939394,0.642748091603053,0.64797507788162,0.966717095310136,0.370870870870871,0.0385802469135802,0.0356037151702786,0.250381679389313,0.148264984227129,0.62596599690881,0.642289348171701,0.0417956656346749,0.638198757763975,0.791793313069909,0.628346456692913,0.0444444444444444,0.940998487140696,0.0401854714064915,0.0414746543778802,0.637480798771121,0.368916797488226,0.64797507788162,0.0393081761006289,0.0358255451713396,0.651515151515151,0.649390243902439,0.631578947368421,0.189024390243902,0.647244094488189,0.0418604651162791,0.984871406959153,0.0442748091603053,0.0358814352574103,0.356390977443609,0.403400309119011,0.633070866141732,0.987577639751553,0.635384615384615,0.0383435582822086,0.0343213728549142,0.655763239875389,0.626749611197512,0.43010752688172,0.0347432024169184,0.656108597285068,0.665671641791045,0.657575757575758,0.0606980273141123,0.581648522550544,0.968036529680365,0.649769585253456,0.624624624624625,0.626182965299685,0.646129541864139,0.637048192771084,0.0676691729323308,0.0416666666666667,0.642967542503864,0.511041009463722,0.364779874213836,0.820121951219512,0.357030015797788,0.0305810397553517,0.628834355828221,0.958397534668721,0.625954198473282,0.637747336377473,0.662595419847328,0.627692307692308,0.969558599695586,0.627659574468085,0.641509433962264,0.638759689922481,0.637770897832817
"655",1,1,1,1,1,1,0.713615023474178,1,1,0.0932475884244373,1,0.0458015267175573,0.8171875,1,0.308641975308642,0.292307692307692,0.060882800608828,0.700320512820513,1,1,0.285714285714286,0.298600311041991,1,0.16030534351145,1,0.319083969465649,0.30379746835443,1,1,0.783410138248848,0.295902883156297,0.716440422322775,0.964723926380368,0.307692307692308,0,1,0.552099533437014,1,0.286995515695067,1,0.675,0.693251533742331,0.703479576399395,1,1,0.306962025316456,0.305772230889236,0.302710843373494,0.319213313161876,0.312594840667678,0,1,0.301829268292683,1,1,0.487381703470032,0.565891472868217,1,1,1,0.317972350230415,0.307453416149068,0.302652106084243,0.690402476780186,1,1,0.0357142857142857,1,0.056547619047619,0.311649016641452,1,0.30781010719755,0.313694267515924,0.966666666666667,0.522342064714946,1,0.300604229607251,0.325190839694657,1,0.300469483568075,0.0864779874213836,0.315217391304348,0.31651376146789,1,0.323664122137405,1,1,1,1,0.699074074074074,1,1,0.00152671755725191,0.0975232198142415,1,0.0479041916167665,0,1,0.572107765451664,0.691222570532915,1,0.05320813771518,0.300925925925926,1,0.297507788161994,1,0.698924731182796,1,0.309375,0.312111801242236,0.308510638297872,1,0.314241486068111,1,0.48948948948949,1,0.303543913713405,0.298621745788668,0.313343328335832,0.304615384615385,0.490740740740741,0.998461538461539,0.310240963855422,0.302839116719243,1,0.290030211480363,1,1,0.329133858267717,0.531013615733737,1,0.304347826086957,1,0.0434782608695652,1,0.3003003003003,0.682588597842835,0.315789473684211,0.930769230769231,0.418006430868167,0.0959752321981424,0.089922480620155,1,1,0.32262996941896,1,0.310240963855422,1,0.803951367781155,1,0.314785373608903,1,1,1,1,0.322932917316693,1,0.306477093206951,0.245749613601236,1,0.300763358778626,1,0.297546012269939,0.0815384615384615,1,0.291277258566978,1,1,1,0.330804248861912,1,0.312893081761006,1,0.293663060278207,1,0.307692307692308,0.0658499234303216,1,0.64390243902439,1,1,0.30625,1,1,1,1,0.306748466257669,0.30316742081448,1,0.998444790046656,0.302290076335878,0.298107255520505,1,0.444099378881988,0.678092399403875,0,0.309451219512195,0.686635944700461,1,0.314285714285714,1,0.998466257668712,1,0.305471124620061,0.305343511450382,0.319488817891374,1,1,1,0,1,0.295418641390205,0.970948012232416,0.310452418096724,0.301242236024845,0.742725880551302,1,1,1,1,1,0.044822256568779,0.309859154929577,0.316742081447964,1,0.69359756097561,1,1,0.998470948012232,0.998487140695915,1,1,0.00460122699386503,0.315870570107858,1,0.294303797468354,1,0.284403669724771,1,1,1,1,1,0.313385826771654,1,0.49922480620155,0.31832298136646,0.320726172465961,0.302325581395349,0.306853582554517,0.31974921630094,0.403125,0.318885448916409,0.302752293577982,0.297380585516179,1,0.318952234206472,1,0.696969696969697,0.303215926493109,0.311077389984825,0.325,1,1,1,0.2515625,0.29922480620155,1,0.308166409861325,0.3125,0.303543913713405,0.308755760368664,0.695583596214511,1,0.311827956989247,0.305295950155763,1,0.290824261275272,1,0.308980213089802,0.304615384615385,1,1,1,0.548989113530327,1,0.704441041347626,0.0771513353115727,0.311627906976744,1,1,0.0890937019969278,0.309341500765697,0.312302839116719,1,1,0.298937784522003,0.0276923076923077,0.0031496062992126,1,1,0.326865671641791,1,1,0.300455235204856,1,1,0.306027820710974,1,1,1,1,0.31651376146789,0.29940119760479,0.318471337579618,1,1,0.685099846390169,0.306625577812018,1,0.308510638297872,0.293846153846154,1,1,0.998475609756098,1,1,0.317262830482115,1,1,0.103610675039246,0.32383808095952,0.468944099378882,0.298412698412698,0.678018575851393,0.303680981595092,1,0.2984375,0.32348367029549,0.249619482496195,0.307098765432099,1,0.313636363636364,1,1,1,0.295031055900621,0.315789473684211,0.998477929984779,0.931962025316456,0.0642633228840125,1,0.306748466257669,0.31875,0.300314465408805,1,0.321156773211568,0.476923076923077,0.313364055299539,0.297380585516179,0.299524564183835,0.291925465838509,1,0.3078125,1,1,0,1,0.313178294573643,1,1,1,0.313755795981453,1,0.30503144654088,1,0.836391437308868,1,1,1,0.30640243902439,1,1,0.295731707317073,0.305426356589147,1,1,0.301391035548686,0.188163884673748,1,0.998466257668712,1,0,0.30503144654088,1,0.295384615384615,0.242566510172144,1,0.690769230769231,0.42684766214178,1,1,0.687869822485207,0.709175738724728,0.337962962962963,1,0.308868501529052,1,1,0.319314641744548,1,0.998435054773083,0.00925925925925926,0.307332293291732,1,1,0.31201248049922,1,1,0.300469483568075,0.329721362229102,1,1,1,0.5220700152207,0.295208655332303,0.333853354134165,0.30688622754491,0.319148936170213,0.697204968944099,0.317073170731707,0.319685039370079,0.307692307692308,0.234930448222566,0.309375,1,0.309667673716012,0.998427672955975,0.30781010719755,0.0789865871833085,0.0531107738998483,1,1,0.0415384615384615,1,0.701357466063348,0.043010752688172,0.0109204368174727,1,0.698776758409786,1,1,0.529503105590062,1,0,0.0647709320695103,1,1,1,0.315132605304212,0.650957290132548,0.701754385964912,0.993893129770992,1,0.983257229832572,0.299079754601227,0.340523882896764,1,0.29595015576324,1,0.35375191424196,0.0962145110410095,0.299694189602446,0.30849478390462,0.32626427406199,1,0.0748091603053435,1,1,1,0.252307692307692,0.310077519379845,1,0.306122448979592,1,1,0.303215926493109,1,0.312035661218425,1,0.297839506172839,0.315217391304348,1,0.688854489164087,0.305389221556886,1,0.308777429467085,0.744976816074189,0.299847792998478,0.16030534351145,0.307110438729198,0.763440860215054,0.299373040752351,1,0.315467075038285,0.32262996941896,0.28110599078341,1,1,1,0.966453674121406,0.337060702875399,1,0.310509554140127,1,0.298387096774194,0.311550151975684,1,1,1,0.926380368098159,1,0.297297297297297,0.311926605504587,1,1,0.0502354788069074,0.0738993710691824,1,1,0.29264475743349,1,1,0.306976744186047,1,1,0.693251533742331,0.541856925418569,1,0,1,1,0.095166163141994,0.309707241910632,1,0.305772230889236,0.998454404945904,0.9629057187017,0.998461538461539,0.822995461422088,1,0.311912225705329,1,1,1,0,0.29903536977492,1,1,0.6801872074883,1,0.301857585139319,0.350689127105666,0.312594840667678,1,1,1,0.0848484848484849,0.309375,0.0828025477707006,0.998444790046656,0.292682926829268,0.296636085626911,0.345565749235474,0,1,0.950920245398773,1,1,0.311708860759494,0.295454545454545,0.153364632237872,0.0394321766561514,0.306184012066365,0.302936630602782,0.318112633181126,0.0015625,0.30441400304414,1,0,0.310606060606061,1,1,1,0.305936073059361,0.307922272047833,0.0351437699680511,1,0.303405572755418,0.295731707317073,1,1,0.316358024691358,0.706645056726094,1,1,0.705607476635514,1,0.298780487804878,1,0.301538461538462,0.53822629969419,0.683333333333333,0.383808095952024,1,0.288084464555053,0.308868501529052,0.699088145896657,0.673163418290855,1,0.312404287901991,1,0.315868263473054,1,0.303076923076923,0.299531981279251,0.340557275541796,0.512232415902141,0.308641975308642,0.304761904761905,0.67601246105919,0.317700453857791,0.140600315955766,1,0,1,0.288401253918495,1,0,0.309006211180124,0.305246422893482,1,0.0573529411764706,1,0.0762052877138414,0.324451410658307,1,0.0653188180404355,0.680061823802164,1,1,1,0.292207792207792,0.0407239819004525,1,0.417047184170472,0.0935023771790808,0.338391502276176,0.312788906009245,0.311077389984825,1,1,1,1,1,0.062780269058296,0.996974281391831,0.693009118541033,0.00447093889716841,0.31039755351682,1,1,1,1,0.0798771121351766,0.301829268292683,1,1,1,1,1,1,0.490853658536585,0.0015552099533437,1,0.0781954887218045,0.317557251908397,0.438377535101404,1,0.388625592417062,0.296950240770466,0.311349693251534,1,0.0415384615384615,0.307219662058372,1,1,0.362916006339144,0.30521472392638,0.302290076335878,0.309486780715397,0.998475609756098,0.314641744548287,0.315068493150685,0.398753894080997,0.311550151975684,0.969742813918306,0.298484848484848,0.0743670886075949,0.314641744548287,0,1,0.0804953560371517,0.2984375,0.305084745762712,0.308411214953271,1,1,1,1,1,1,0.333333333333333,1,0.309486780715397,0.304276315789474,0.589783281733746,0.694704049844237,1,1,0,0.302848575712144,0.110599078341014,0.998489425981873,0.0386996904024768,1,1,0.30188679245283,1,1,0.614678899082569,0.396196513470681,0.995689655172414,0.0768025078369906,0.0927357032457496,1,1,1,0.0817901234567901,0,0.30804248861912,0.40809968847352,0.303759398496241,0,0.310236220472441,0.0782472613458529,1,1,0.304675716440422,0.307926829268293,0.242331288343558,0.324451410658307,0.302752293577982,0.312024353120244,1,1,0.309262166405024,1,0,1,0.2217125382263,1,0.691244239631336,1,0.302325581395349,0.291993720565149,0.0682170542635659,0.688253012048193,1,1,0.797527047913447,0.900158478605388,0.303875968992248,0.308777429467085,1,0.307098765432099,0.251162790697674,0.317307692307692,1,0.0955993930197269,1,1,0.299546142208775,0.691943127962085,0.299065420560748,1,1,0.301075268817204,0.296466973886329,0.304878048780488,0.848673946957878,0.31104199066874,1,0.0589123867069486,1,1,0.704791344667697,0.654853620955316,0.310177705977383,0.0567484662576687,0.312883435582822,1,1,0.29984544049459,0.314814814814815,0.632148377125193,1,0.297872340425532,0.355283307810107,0.30030487804878,0.983358547655068,0.479134466769706,0.00454545454545455,0.29249617151608,0.309667673716012,0.314375987361769,0.308426073131955,0.3125,0.972644376899696,1,0.305810397553517,0.556438791732909,0.698924731182796,0.23338485316847,0.6992,1,0.31496062992126,0.00308166409861325,0.315870570107858,0.309923664122137,0.34703196347032,0.312893081761006,0,0.322530864197531,0.30625,0.305511811023622,0.296466973886329
"656",0.411290322580645,0.421216848673947,0.422600619195046,0.434920634920635,0.418351477449456,0.417197452229299,0.119354838709677,0.42902711323764,0.41287284144427,0.463696369636964,0.427230046948357,0.528593508500773,0.626198083067093,0.4390625,0.890995260663507,0.878740157480315,0.513097072419106,0.108064516129032,0.427884615384615,0.421553090332805,0.881435257410296,0.889245585874799,0.428790199081164,0.412576687116564,0.41131498470948,0.89622641509434,0.896166134185304,0.440514469453376,0.422535211267606,0.65224358974359,0.880248833592535,0.715179968701095,0.477379095163807,0.887658227848101,0.556618819776715,0.414593698175788,0.0894819466248038,0.4375,0.89041095890411,0.415765069551777,0.104928457869634,0.112324492979719,0.111627906976744,0.442307692307692,0.424290220820189,0.896940418679549,0.89171974522293,0.881172839506173,0.887864823348694,0.897553516819572,0.580343213728549,0.451816745655608,0.890092879256966,0.431496062992126,0.420560747663551,0.940609951845907,0.0650793650793651,0.441823899371069,0.410296411856474,0.434645669291339,0.905718701700155,0.886292834890966,0.885167464114832,0.0957613814756672,0.426948051948052,0.422360248447205,0.547504025764895,0.427906976744186,0.497730711043873,0.88785046728972,0.432307692307692,0.897959183673469,0.897271268057785,0.398073836276083,0.0855365474339036,0.425981873111782,0.887323943661972,0.904024767801858,0.437888198757764,0.900651465798046,0.491114701130856,0.886255924170616,0.882911392405063,0.445839874411303,0.9015625,0.428134556574924,0.424242424242424,0.440570522979398,0.44496855345912,0.1078125,0.4170692431562,0.429007633587786,0.566096423017107,0.472049689440994,0.424193548387097,0.521739130434783,0.553968253968254,0.427469135802469,0.072463768115942,0.10952380952381,0.420382165605096,0.505529225908373,0.885532591414944,0.429725363489499,0.879614767255217,0.425196850393701,0.105095541401274,0.4203125,0.889776357827476,0.891679748822606,0.888372093023256,0.420970266040689,0.902021772939347,0.436908517350158,0.1078125,0.420814479638009,0.891338582677165,0.278816199376947,0.895295902883156,0.899361022364217,0.105015673981191,0.41471048513302,0.888024883359253,0.896607431340872,0.442367601246106,0.879936808846761,0.428571428571429,0.439024390243902,0.265940902021773,0.66358024691358,0.445528455284553,0.886970172684458,0.433281004709576,0.528963414634146,0.438906752411576,0.896923076923077,0.0965732087227414,0.891891891891892,0.4858934169279,0.778140293637847,0.462757527733756,0.485225505443235,0.424764890282132,0.429497568881686,0.880573248407643,0.423861852433281,0.9,0.421383647798742,0.616692426584235,0.425531914893617,0.891373801916933,0.412974683544304,0.42902711323764,0.426307448494453,0.426751592356688,0.892628205128205,0.407523510971787,0.895330112721417,0.338050314465409,0.444094488188976,0.886645962732919,0.423312883435583,0.873015873015873,0.484177215189873,0.42604501607717,0.898251192368839,0.423913043478261,0.438461538461538,0.434850863422292,0.897832817337461,0.432432432432432,0.897151898734177,0.427906976744186,0.89589905362776,0.431561996779388,0.896825396825397,0.483568075117371,0.411671924290221,0.0694668820678514,0.4112,0.427215189873418,0.891025641025641,0.414442700156986,0.436817472698908,0.431888544891641,0.42992125984252,0.902866242038217,0.893353941267388,0.42512077294686,0.427215189873418,0.890092879256966,0.884176182707993,0.422360248447205,0.140157480314961,0.0936555891238671,0.573899371069182,0.892063492063492,0.101088646967341,0.433021806853583,0.889922480620155,0.420454545454545,0.429457364341085,0.428571428571429,0.880573248407643,0.879310344827586,0.883464566929134,0.438837920489297,0.426494345718901,0.431464174454829,0.552715654952077,0.426307448494453,0.889423076923077,0.457098283931357,0.896166134185304,0.889235569422777,0.352574102964119,0.437001594896332,0.424336973478939,0.438871473354232,0.419811320754717,0.416129032258065,0.517405063291139,0.894060995184591,0.888544891640867,0.417701863354037,0.10625,0.4375,0.436834094368341,0.428346456692913,0.424806201550388,0.417061611374408,0.434915773353752,0.586687306501548,0.253869969040248,0.408602150537634,0.884126984126984,0.424528301886792,0.895734597156398,0.422360248447205,0.43312101910828,0.423076923076923,0.444267515923567,0.423701298701299,0.901587301587302,0.431221020092736,0.89776357827476,0.896496815286624,0.891304347826087,0.901771336553945,0.884012539184953,0.876386687797147,0.787878787878788,0.892575039494471,0.90726429675425,0.884493670886076,0.417445482866044,0.886075949367089,0.435980551053485,0.109923664122137,0.891679748822606,0.275541795665635,0.889423076923077,0.413461538461538,0.431746031746032,0.436708860759494,0.313971742543171,0.881329113924051,0.434782608695652,0.885758998435055,0.888024883359253,0.89776357827476,0.896284829721362,0.108239095315024,0.4296875,0.890092879256966,0.89171974522293,0.434850863422292,0.891410048622366,0.432973805855162,0.895148669796557,0.8859375,0.41471048513302,0.430894308943089,0.4109375,0.0794392523364486,0.429951690821256,0.108490566037736,0.47239263803681,0.897314375987362,0.423197492163009,0.427652733118971,0.474418604651163,0.886435331230284,0.893719806763285,0.426016260162602,0.43217665615142,0.883256528417819,0.542586750788643,0.5824,0.41335453100159,0.436893203883495,0.906153846153846,0.434439178515008,0.414264036418816,0.888208269525268,0.431924882629108,0.418495297805643,0.8953125,0.425,0.421052631578947,0.424336973478939,0.429699842022117,0.894899536321484,0.882352941176471,0.897893030794165,0.417582417582418,0.431309904153355,0.115853658536585,0.908082408874802,0.440705128205128,0.890769230769231,0.88801261829653,0.441896024464832,0.432515337423313,0.420401854714065,0.43213728549142,0.420560747663551,0.887480190174326,0.417460317460317,0.422893481717011,0.464630225080386,0.886645962732919,0.741029641185647,0.885167464114832,0.120879120879121,0.886503067484663,0.422788605697151,0.889776357827476,0.896713615023474,0.316923076923077,0.885802469135803,0.428571428571429,0.881638846737481,0.417322834645669,0.427230046948357,0.417956656346749,0.894321766561514,0.880248833592535,0.436420722135008,0.513071895424837,0.502423263327948,0.417197452229299,0.888540031397174,0.894991922455573,0.890499194847021,0.428802588996764,0.881987577639752,0.10641627543036,0.88801261829653,0.89010989010989,0.887278582930757,0.886435331230284,0.439137134052388,0.889240506329114,0.421926910299003,0.445141065830721,0.568037974683544,0.416,0.888188976377953,0.421216848673947,0.429878048780488,0.424679487179487,0.888888888888889,0.415407854984894,0.895934959349593,0.429892141756549,0.598130841121495,0.422291993720565,0.429487179487179,0.438271604938272,0.885579937304075,0.436507936507937,0.41692789968652,0.896713615023474,0.881977671451356,0.4265625,0.4208,0.897035881435257,0.371559633027523,0.4144,0.429467084639498,0.440494590417311,0.558502340093604,0.891025641025641,0.421138211382114,0.894654088050314,0.310679611650485,0.415605095541401,0.113354037267081,0.975384615384615,0.424143556280587,0.434231378763867,0.100751879699248,0.137931034482759,0.905956112852665,0.424148606811146,0.883280757097792,0.427001569858713,0.423263327948304,0.892575039494471,0.423493044822257,0.434375,0.556748466257669,0.888,0.4203125,0.434920634920635,0.890995260663507,0.417701863354037,0.421138211382114,0.893650793650794,0.237421383647799,0.431746031746032,0.432926829268293,0.439873417721519,0.902362204724409,0.881804043545879,0.858730158730159,0.892424242424242,0.882170542635659,0.115689381933439,0.898753894080997,0.908661417322835,0.889922480620155,0.323809523809524,0.895666131621188,0.415123456790123,0.894899536321484,0.447284345047923,0.898278560250391,0.496263079222721,0.522550544323484,0.432558139534884,0.42967542503864,0.5265625,0.42332268370607,0.112307692307692,0.51702786377709,0.566929133858268,0.432973805855162,0.0967238689547582,0.430124223602484,0.417445482866044,0.666666666666667,0.429245283018868,0.580093312597201,0.473515248796148,0.416798732171157,0.426380368098159,0.415094339622642,0.908945686900958,0.0899550224887556,0.110929853181077,0.434514637904468,0.435534591194969,0.457231726283048,0.885400313971743,0.23015873015873,0.426307448494453,0.890850722311397,0.406779661016949,0.947286821705426,0.461414790996785,0.891509433962264,0.887537993920973,0.893790849673203,0.43778801843318,0.499227202472952,0.428571428571429,0.423452768729642,0.438184663536776,0.308527131782946,0.903937007874016,0.4224,0.895833333333333,0.422647527910686,0.427215189873418,0.890262751159196,0.4375,0.881458966565349,0.432907348242812,0.88801261829653,0.888188976377953,0.428571428571429,0.092948717948718,0.880916030534351,0.430141287284144,0.8992,0.666666666666667,0.877488514548239,0.39938080495356,0.889922480620155,0.665086887835703,0.88,0.42741935483871,0.888024883359253,0.8921875,0.88719512195122,0.428120063191153,0.427662957074722,0.422492401215805,0.462295081967213,0.215210355987055,0.425431711145997,0.887820512820513,0.442006269592476,0.8768,0.887171561051005,0.434984520123839,0.434920634920635,0.42967542503864,0.500768049155146,0.430555555555556,0.887692307692308,0.879443585780526,0.4390625,0.440514469453376,0.509554140127389,0.479495268138801,0.417701863354037,0.44,0.889415481832543,0.41875,0.433179723502304,0.878594249201278,0.415309446254072,0.423861852433281,0.110410094637224,0.0766871165644172,0.438485804416404,0.56437125748503,0.420886075949367,0.422118380062305,0.477519379844961,0.884555382215289,0.419713831478537,0.895148669796557,0.436018957345972,0.455573505654281,0.432907348242812,0.595611285266458,0.420062695924765,0.890522875816993,0.436018957345972,0.438202247191011,0.439222042139384,0.575193798449612,0.878489326765189,0.431372549019608,0.426179604261796,0.11128526645768,0.432558139534884,0.89375,0.948995363214838,0.8890625,0.433903576982893,0.435857805255023,0.425396825396825,0.479876160990712,0.887122416534181,0.474025974025974,0.437001594896332,0.881804043545879,0.882445141065831,0.928792569659443,0.558587479935794,0.432475884244373,0.469483568075117,0.430124223602484,0.423493044822257,0.892628205128205,0.886328725038402,0.395238095238095,0.519230769230769,0.887675507020281,0.892063492063492,0.889589905362776,0.573505654281099,0.890282131661442,0.437978560490046,0.575516693163752,0.884080370942813,0.42967542503864,0.430379746835443,0.424050632911392,0.89644513137558,0.895705521472393,0.519354838709677,0.428571428571429,0.881410256410256,0.890937019969278,0.424764890282132,0.410658307210031,0.884555382215289,0.115894039735099,0.430868167202572,0.431746031746032,0.0897435897435897,0.431007751937985,0.888544891640867,0.413570274636511,0.890649762282092,0.081039755351682,0.0996932515337423,0.795384615384615,0.442700156985871,0.880804953560371,0.889763779527559,0.110591900311526,0.111620795107034,0.433489827856025,0.901869158878505,0.425806451612903,0.894656488549618,0.4256,0.884676145339652,0.902086677367576,0.929577464788732,0.688372093023256,0.892455858747994,0.882636655948553,0.0885093167701863,0.883540372670807,0.414673046251994,0.418006430868167,0.561538461538462,0.440809968847352,0.8848,0.4272,0.559241706161137,0.882636655948553,0.887278582930757,0.421974522292994,0.509118541033435,0.434579439252336,0.479166666666667,0.93026941362916,0.457547169811321,0.496087636932707,0.0954616588419405,0.427001569858713,0.424148606811146,0.427480916030534,0.895161290322581,0.517940717628705,0.417047184170472,1,0.471608832807571,0.927018633540373,0.888372093023256,0.894736842105263,0.421875,0.462279293739968,0.407704654895666,0.430577223088924,0.423493044822257,0.495412844036697,0.412307692307692,0.114374034003091,0.569908814589666,0.89589905362776,0.428348909657321,0.415605095541401,0.430441898527005,0.434915773353752,0.496865203761755,0.890092879256966,0.452830188679245,0.439873417721519,0.440842787682334,0.43312101910828,0.437400950871632,0.416798732171157,0.0953846153846154,0.559294871794872,0.424483306836248,0.49390243902439,0.889922480620155,0.144444444444444,0.421630094043887,0.9488,0.886699507389163,0.884615384615385,0.433903576982893,0.521875,0.883359253499222,0.435736677115987,0.405103668261563,0.9184,0.89247311827957,0.8953125,0.892455858747994,0.440625,0.885220125786163,0.886645962732919,0.79047619047619,0.884126984126984,0.4625,0.893129770992366,0.474193548387097,0.892063492063492,0.566358024691358,0.415873015873016,0.476725521669342,0.883757961783439,0.884375,0.900630914826498,0.439252336448598,0.435257410296412,0.432475884244373,0.425196850393701,0.425081433224756,0.436688311688312,0.910828025477707,0.419152276295133,0.891338582677165,0.894824707846411,0.629283489096573,0.117363344051447,0.421779141104294,0.4337899543379,0.559748427672956,0.893617021276596,0.455259026687598,0.440909090909091,0.527070063694268,0.415625,0.411669367909238,0.902362204724409,0.424193548387097,0.413114754098361,0.569377990430622,0.810679611650485,0.432592592592593,0.492845786963434,0.467741935483871,0.435257410296412,0.444976076555024,0.420970266040689,0.483771251931994,0.570776255707763,0.892141756548536,0.993720565149137,0.889570552147239,0.548536209553159,0.894488188976378,0.48792270531401,0.434920634920635,0.421974522292994,0.888888888888889,0.896551724137931,0.310015898251192,0.900651465798046,0.895962732919255,0.895800933125972,0.4171875,0.430359937402191,0.896661367249603,0.424012158054711,0.568535825545171,0.44620253164557,0.349358974358974,0.416267942583732,0.112324492979719,0.410377358490566,0.894080996884735,0.889067524115756,0.484375,0.10355486862442,0.434108527131783,0.438271604938272,0.215873015873016,0.460674157303371,0.901273885350318,0.883942766295707,0.420560747663551,0.896713615023474,0.304140127388535,0.890850722311397,0.436447166921899,0.473520249221184,0.4234375,0.428120063191153,0.894899536321484,0.11470113085622,0.886942675159236,0.4352,0.429712460063898,0.882075471698113,0.878504672897196,0.899845916795069,0.4688995215311,0.89540412044374,0.419558359621451,0.504702194357367,0.43730407523511,0.4224,0.112324492979719,0.0685358255451713,0.901153212520593,0.509433962264151,0.894654088050314,0.441269841269841,0.4375,0.895569620253165,0.899212598425197,0.1265625,0.425396825396825,0.886676875957121,0.7875,0.895475819032761,0.432348367029549,0.115015974440895,0.562021439509954,0.894819466248038,0.897709923664122,0.890675241157556,0.887278582930757,0.883861236802413,0.397832817337461,0.416403785488959,0.897674418604651,0.088379705400982,0.106349206349206,0.332283464566929,0.113522537562604,0.43338683788122,0.892913385826772,0.57120253164557,0.893081761006289,0.90015600624025,0.776234567901235,0.898876404494382,0.568111455108359,0.889589905362776,0.8896,0.9024,0.8890625
"657",0.100494233937397,0.0970266040688576,0.092948717948718,0.0932475884244373,0.0946372239747634,0.1,0.38961038961039,0.092948717948718,0.0935023771790808,1,0.0873015873015873,0.946117274167987,0.0875796178343949,0.0995184590690209,0.5984,0.599033816425121,0.975155279503106,0.409317803660566,0.0979133226324237,0.0946372239747634,0.604838709677419,0.600644122383253,0.0992125984251968,0.94679186228482,0.106918238993711,0.561514195583596,0.590032154340836,0.0877483443708609,0.102643856920684,0.144012944983819,0.597133757961783,0.171428571428571,0.0746031746031746,0.594637223974763,0.920711974110032,0.106060606060606,0.558730158730159,0.0971786833855799,0.609907120743034,0.0995260663507109,0.430599369085173,0.403453689167975,0.407176287051482,0.0926829268292683,0.100486223662885,0.584814216478191,0.59967845659164,0.590769230769231,0.589703588143526,0.571879936808847,0.909090909090909,0.0969305331179321,0.595275590551181,0.0917721518987342,0.101721439749609,0.411861614497529,0.530351437699681,0.095389507154213,0.102201257861635,0.0932475884244373,0.571428571428571,0.585483870967742,0.588328075709779,0.430599369085173,0.0977198697068404,0.1024,0.954471544715447,0.0961538461538462,0.976958525345622,0.582539682539683,0.0911901081916538,0.588050314465409,0.574918566775244,0.13136288998358,0.586854460093897,0.102964118564743,0.607198748043818,0.575471698113208,0.0916271721958926,0.57843137254902,1,0.584126984126984,0.588516746411483,0.103448275862069,0.559241706161137,0.0967741935483871,0.0956937799043062,0.0906200317965024,0.0917874396135266,0.401913875598086,0.0922330097087379,0.0858895705521472,0.913112164296998,1,0.0879478827361563,0.953917050691244,0.907496012759171,0.0916271721958926,0.536585365853659,0.411003236245955,0.0961538461538462,0.963492063492064,0.6,0.104746317512275,0.595432300163132,0.0944,0.413249211356467,0.102893890675241,0.590032154340836,0.586921850079745,0.5818759936407,0.107371794871795,0.588976377952756,0.0998415213946117,0.603744149765991,0.0989180834621329,0.587096774193548,0.808306709265176,0.583850931677019,0.592709984152139,0.618441971383148,0.0979462875197472,0.58695652173913,0.589285714285714,0.0875796178343949,0.601275917065391,0.0920245398773006,0.0978260869565217,0.774244833068362,0.554531490015361,0.0887096774193548,0.596491228070175,0.0884244372990354,0.950995405819296,0.0851063829787234,0.592476489028213,0.427230046948357,0.57395498392283,0.0288461538461538,0.657284768211921,1,1,0.0990415335463259,0.0957792207792208,0.574675324675325,0.0910518053375196,0.591549295774648,0.1,0.0949367088607595,0.101404056162246,0.586709886547812,0.090032154340836,0.0958466453674121,0.1,0.0861244019138756,0.572815533980582,0.1008,0.58252427184466,0.857142857142857,0.0956112852664577,0.587774294670846,0.0984375,0.608557844690967,0.993620414673046,0.0919540229885057,0.593137254901961,0.106583072100313,0.0954616588419405,0.0964630225080386,0.576086956521739,0.104333868378812,0.57784911717496,0.0919354838709677,0.5824,0.0960264900662252,0.581993569131833,0.988941548183254,0.0865384615384615,0.464696223316913,0.0942492012779553,0.103937007874016,0.600644122383253,0.0928338762214984,0.0926517571884984,0.0944,0.0936995153473344,0.58609794628752,0.59047619047619,0.102605863192182,0.0961538461538462,0.591836734693878,0.605519480519481,0.0933125972006221,0.646592709984152,0.43558282208589,0.900630914826498,0.593700787401575,0.434439178515008,0.0927672955974843,0.578369905956113,0.0972447325769854,0.0914728682170543,0.0818897637795276,0.597444089456869,0.586314152410575,0.587761674718196,0.0979782270606532,0.0962479608482871,0.0870253164556962,0.91219512195122,0.0987261146496815,0.605177993527508,0.0697305863708399,0.588607594936709,0.591482649842271,0.352201257861635,0.0896,0.0990566037735849,0.0906200317965024,0.0979133226324237,0.0920840064620355,0.949675324675325,0.585089141004862,0.582278481012658,0.1,0.414556962025316,0.0965732087227414,0.102523659305994,0.0976,0.102040816326531,0.0976,0.0954616588419405,0.909822866344606,0.79746835443038,0.101721439749609,0.591205211726384,0.100158982511924,0.599056603773585,0.0927672955974843,0.0966183574879227,0.0969793322734499,0.0950819672131148,0.103109656301146,0.578025477707006,0.0977917981072555,0.39708265802269,0.575516693163752,0.572784810126582,0.596375617792422,0.578446909667195,0.575235109717868,0.675850891410049,0.577223088923557,0.584,0.590266875981162,0.0996835443037975,0.587579617834395,0.0941558441558442,0.403125,0.587479935794542,0.802547770700637,0.5744,0.101777059773829,0.0964630225080386,0.0955414012738854,0.84219001610306,0.605055292259084,0.0851735015772871,0.5818759936407,0.585403726708075,0.59967845659164,0.594936708860759,0.411858974358974,0.0956239870340357,0.594679186228482,0.591414944356121,0.0939490445859873,0.614262560777958,0.103448275862069,0.587025316455696,0.609794628751975,0.090032154340836,0.0974025974025974,0.0995184590690209,0.559105431309904,0.0990415335463259,0.406593406593407,0.989214175654854,0.581102362204724,0.0953125,0.088,1,0.581730769230769,0.581847649918963,0.099009900990099,0.0982286634460548,0.593650793650794,0.932692307692308,0.903752039151713,0.0979133226324237,0.0998336106489185,0.567692307692308,0.0958466453674121,0.10355486862442,0.602184087363494,0.097331240188383,0.0950155763239875,0.590690208667737,0.0947030497592295,0.0947030497592295,0.0940988835725678,0.094488188976378,0.578696343402226,0.60062893081761,0.585245901639344,0.0948553054662379,0.099025974025974,0.422047244094488,0.585055643879173,0.090032154340836,0.592879256965944,0.602870813397129,0.100156494522692,0.0933544303797468,0.0957613814756672,0.0937996820349762,0.0949367088607595,0.575320512820513,0.101286173633441,0.104761904761905,0.98858075040783,0.581648522550544,0.610576923076923,0.5952,0.417981072555205,0.580847723704867,0.0948678071539658,0.602893890675241,0.57097288676236,0.839874411302983,0.59190031152648,0.0913539967373573,0.581143740340031,0.104,0.0940988835725678,0.103286384976526,0.592532467532468,0.593700787401575,0.0927672955974843,0.021523178807947,0.965798045602606,0.105519480519481,0.588330632090762,0.590982286634461,0.594936708860759,0.0837359098228663,0.574803149606299,0.617693522906793,0.57487922705314,0.594249201277955,0.592592592592593,0.592233009708738,0.0909090909090909,0.577170418006431,0.0870279146141215,0.0884244372990354,0.913249211356467,0.10223642172524,0.585987261146497,0.0989010989010989,0.0907668231611894,0.0928338762214984,0.577777777777778,0.09375,0.590538336052202,0.0971786833855799,0.0733652312599681,0.106180665610143,0.0926517571884984,0.0995260663507109,0.596546310832025,0.0838709677419355,0.105263157894737,0.589540412044374,0.597110754414125,0.0913385826771654,0.0936507936507937,0.593247588424437,0.921630094043887,0.0962479608482871,0.0894568690095847,0.0914826498422713,0.897476340694006,0.596153846153846,0.0993485342019544,0.585173501577287,0.847020933977456,0.0897637795275591,0.411302982731554,0.470219435736677,0.10016155088853,0.0956239870340357,0.420489296636086,0.399684044233807,0.55111821086262,0.0942492012779553,0.579365079365079,0.103833865814696,0.09,0.573015873015873,0.10031847133758,0.103503184713376,0.915873015873016,0.587579617834395,0.100478468899522,0.0958466453674121,0.588424437299035,0.0900473933649289,0.0967213114754098,0.590834697217676,0.763157894736842,0.0938511326860841,0.101721439749609,0.0932069510268562,0.38375796178344,0.602825745682888,0.604538087520259,0.591331269349845,0.577777777777778,0.407407407407407,0.575949367088608,0.574162679425837,0.591772151898734,0.862838915470494,0.589951377633712,0.0984375,0.574303405572755,0.0988654781199352,0.585443037974684,0.987748851454824,0.961360123647604,0.0920436817472699,0.103937007874016,0.9484375,0.0886699507389163,0.403726708074534,0.9536,0.924193548387097,0.0985915492957746,0.404761904761905,0.0913461538461538,0.095389507154213,0.57258064516129,0.0940438871473354,0.904761904761905,0.995114006514658,0.0955414012738854,0.0987460815047022,0.107981220657277,0.57258064516129,0.447806354009077,0.387987012987013,0.108661417322835,0.0939490445859873,0.069620253164557,0.610591900311526,0.760252365930599,0.1,0.601957585644372,0.0950155763239875,0.539936102236422,0.99016393442623,0.602803738317757,0.591549295774648,0.569491525423729,0.0996835443037975,0.990668740279938,0.100931677018634,0.0907590759075908,0.0926517571884984,0.84447900466563,0.573743922204214,0.107142857142857,0.595846645367412,0.0953150242326333,0.0979133226324237,0.590979782270607,0.098705501618123,0.585253456221198,0.0960912052117264,0.60126582278481,0.586151368760064,0.090032154340836,0.41025641025641,0.605222734254992,0.0920436817472699,0.598715890850722,0.15615141955836,0.588976377952756,0.942367601246106,0.587155963302752,0.130434782608696,0.598694942903752,0.113636363636364,0.578446909667195,0.56828885400314,0.616352201257862,0.100478468899522,0.0998389694041868,0.0927357032457496,0.0696517412935323,0.753694581280788,0.0990415335463259,0.582922824302135,0.0977564102564103,0.590381426202322,0.594637223974763,0.103338632750397,0.100649350649351,0.0867507886435331,0.00950871632329636,0.0987261146496815,0.598755832037325,0.59748427672956,0.0878594249201278,0.0947030497592295,0.96474358974359,0.988673139158576,0.0955414012738854,0.0925039872408294,0.587561374795417,0.105095541401274,0.0876923076923077,0.592592592592593,0.107667210440457,0.0971337579617834,0.406995230524642,0.564873417721519,0.0917874396135266,0.909090909090909,0.0998415213946117,0.102685624012638,1,0.588996763754045,0.0977564102564103,0.583870967741935,0.0980707395498392,0.0647249190938511,0.10031847133758,0.0740157480314961,0.0962145110410095,0.579901153212521,0.0947867298578199,0.092948717948718,0.0938511326860841,0.91496062992126,0.6,0.0864,0.0953125,0.421303656597774,0.0920436817472699,0.582258064516129,0.542857142857143,0.588516746411483,0.0925039872408294,0.0984375,0.100961538461538,1,0.583739837398374,0.986820428336079,0.0888529886914378,0.6,0.6015625,0.552380952380952,0.89983844911147,0.0950080515297907,0.0458135860979463,0.0965189873417722,0.0927672955974843,0.5824,0.593167701863354,0.941463414634146,0.948470209339775,0.595238095238095,0.590690208667737,0.580128205128205,0.9064039408867,0.598387096774194,0.0970266040688576,0.900813008130081,0.586206896551724,0.0976377952755905,0.0998389694041868,0.0948553054662379,0.590625,0.588785046728972,0.950980392156863,0.0930599369085174,0.598086124401914,0.60093896713615,0.103125,0.102201257861635,0.592295345104334,0.395659432387312,0.0832,0.0976,0.402555910543131,0.0952380952380952,0.604006163328197,0.107544141252006,0.594679186228482,0.571875,0.42992125984252,0.692780337941628,0.094551282051282,0.599690880989181,0.593301435406699,0.411392405063291,0.421052631578947,0.0894819466248038,0.589341692789969,0.0946166394779772,0.587326120556414,0.0881410256410256,0.585326953748006,0.601612903225806,0.549520766773163,0.561128526645768,0.584564860426929,0.592532467532468,0.42902711323764,0.587869362363919,0.961857379767827,0.0862619808306709,0.914196567862715,0.0947204968944099,0.600953895071542,0.100158982511924,0.913875598086124,0.585760517799353,0.594417077175698,0.0922570016474465,0.964777947932619,0.0995260663507109,1,0.562700964630225,0.0833333333333333,0.969793322734499,0.422291993720565,0.0904761904761905,0.0971786833855799,0.09375,0.59672131147541,0.944968553459119,0.0935023771790808,0.471608832807571,1,0.54416403785489,0.587677725118483,0.585714285714286,0.0963665086887836,0.07085346215781,0.106382978723404,0.0904836193447738,0.0894819466248038,0.973886328725038,0.103715170278638,0.413312693498452,0.909647779479326,0.58213716108453,0.0996835443037975,0.0980707395498392,0.0894039735099338,0.0913385826771654,0.995260663507109,0.582554517133956,0.0838509316770186,0.0906200317965024,0.0932896890343699,0.0925039872408294,0.0985691573926868,0.102728731942215,0.609567901234568,0.927750410509031,0.0969305331179321,0.992272024729521,0.588328075709779,0.661835748792271,0.0983870967741935,0.517128874388255,0.600985221674877,0.594551282051282,0.104928457869634,0.9536,0.584786053882726,0.0894819466248038,0.103225806451613,0.538961038961039,0.595611285266458,0.600946372239748,0.593698175787728,0.0893416927899686,0.590243902439024,0.584935897435897,0.678683385579937,0.587859424920128,0.061128526645768,0.59594383775351,0.99184339314845,0.5904,0.90625,0.101612903225806,0.9952,0.60223642172524,0.583596214511041,0.592471358428805,0.0932069510268562,0.0886075949367089,0.0993485342019544,0.101449275362319,0.0981996726677578,0.0950080515297907,0.5712,0.100478468899522,0.593548387096774,0.587837837837838,0.495268138801262,0.408064516129032,0.0947867298578199,0.100931677018634,0.907086614173228,0.589147286821705,0.977883096366509,0.087962962962963,0.949286846275753,0.0965189873417722,0.0947712418300654,0.590982286634461,0.0969305331179321,0.095,0.471153846153846,0.67603305785124,0.103395061728395,0.990243902439024,1,0.0923317683881064,0.0922098569157393,0.088785046728972,0.990430622009569,0.908805031446541,0.590266875981162,0.482539682539683,0.585780525502318,0.914826498422713,0.577741407528642,0.993506493506494,0.0960629921259843,0.0977198697068404,0.593846153846154,0.584786053882726,0.864864864864865,0.574918566775244,0.585023400936037,0.591549295774648,0.100478468899522,0.0985691573926868,0.5810147299509,0.0996932515337423,0.914285714285714,0.0872374798061389,0.884244372990354,0.100323624595469,0.416536661466459,0.0894568690095847,0.595576619273302,0.590982286634461,0.988835725677831,0.423622047244094,0.0932475884244373,0.0928,0.311605723370429,0.206219312602291,0.5872,0.595779220779221,0.0934579439252336,0.588235294117647,0.846905537459283,0.596774193548387,0.106481481481481,0.9984375,0.0924764890282132,0.0942492012779553,0.592295345104334,0.420195439739414,0.595161290322581,0.099025974025974,0.0920840064620355,0.593354430379747,0.60347551342812,0.585403726708075,0.243548387096774,0.597381342062193,0.0996835443037975,0.963549920760697,0.0998415213946117,0.0950819672131148,0.400318979266348,0.45324881141046,0.580906148867314,0.965299684542587,0.5814696485623,0.0935023771790808,0.0826580226904376,0.608064516129032,0.580696202531646,0.4671875,0.100478468899522,0.600624024960998,0.685897435897436,0.596546310832025,0.120063191153239,0.619354838709677,0.917197452229299,0.607874015748031,0.588597842835131,0.5824,0.599348534201954,0.591185410334346,0.125391849529781,0.101141924959217,0.599683544303797,0.549342105263158,0.410130718954248,0.8592,0.408710217755444,0.0914927768860353,0.580286168521463,0.916932907348243,0.578947368421053,0.598425196850394,0.714953271028037,0.57741935483871,0.913385826771654,0.575899843505477,0.60129659643436,0.575757575757576,0.584126984126984
"658",0.3328173374613,0.355932203389831,0.355590062111801,0.368584758942457,0.35,0.343076923076923,0.0454545454545455,0.356143079315708,0.344667697063369,0.540031397174254,0.349544072948328,0.598774885145482,0.553158705701079,0.361240310077519,0.968798751950078,0.967692307692308,0.580152671755725,0.0286168521462639,0.36547433903577,0.349230769230769,0.964669738863287,0.967542503863988,0.361963190184049,0.484984984984985,0.345399698340875,0.966412213740458,0.969230769230769,0.369496855345912,0.35249621785174,0.569230769230769,0.964831804281346,0.635528330781011,0.410138248847926,0.970588235294118,0.634108527131783,0.342532467532468,0.0971168437025797,0.359939759036145,0.965824665676077,0.33433734939759,0.0306278713629403,0.032258064516129,0.0343283582089552,0.370942812982998,0.354587869362364,0.971698113207547,0.975270479134467,0.962349397590361,0.969230769230769,0.968085106382979,0.656967840735069,0.368916797488226,0.966767371601209,0.36030534351145,0.345399698340875,0.8671875,0.0815047021943574,0.358139534883721,0.345509893455099,0.359447004608295,0.974320241691843,0.966101694915254,0.967391304347826,0.0229357798165138,0.344773790951638,0.35187969924812,0.609302325581395,0.361963190184049,0.571428571428571,0.965361445783133,0.356269113149847,0.967987804878049,0.968553459119497,0.313479623824451,0.116207951070336,0.358630952380952,0.96969696969697,0.974474474474474,0.358662613981763,0.970219435736677,0.565560821484992,0.965996908809892,0.963893249607535,0.355725190839695,0.96937212863706,0.362146050670641,0.343167701863354,0.361240310077519,0.366564417177914,0.0290076335877863,0.35377358490566,0.366366366366366,0.646153846153846,0.545180722891566,0.348837209302326,0.586567164179104,0.643185298621746,0.356707317073171,0.089622641509434,0.0326086956521739,0.349230769230769,0.571207430340557,0.969135802469136,0.345911949685535,0.9609375,0.353941267387944,0.0349013657056146,0.359567901234568,0.962848297213622,0.969040247678019,0.969465648854962,0.350230414746544,0.969558599695586,0.359877488514548,0.165919282511211,0.347181008902077,0.969183359013868,0.331804281345566,0.963855421686747,0.975384615384615,0.164869029275809,0.352760736196319,0.966767371601209,0.967238689547582,0.361801242236025,0.966616084977238,0.352855051244509,0.346846846846847,0.328173374613003,0.736762481089259,0.357254290171607,0.962732919254658,0.361111111111111,0.593796159527326,0.369905956112853,0.968181818181818,0.029320987654321,0.966463414634146,0.428571428571429,0.859399684044234,0.543478260869565,0.555555555555556,0.355384615384615,0.365777080062794,0.964777947932619,0.351598173515982,0.968609865470852,0.351766513056836,0.541284403669725,0.353550295857988,0.968454258675079,0.349013657056146,0.357698289269051,0.351477449455676,0.369327073552426,0.965732087227414,0.340978593272171,0.964451313755796,0.403669724770642,0.361832061068702,0.962406015037594,0.349924585218703,0.963525835866261,0.55177743431221,0.35625,0.971875,0.344086021505376,0.34984984984985,0.358461538461538,0.974358974358974,0.361111111111111,0.972006220839813,0.359877488514548,0.969418960244648,0.35377358490566,0.970679012345679,0.552671755725191,0.333333333333333,0.0222222222222222,0.327044025157233,0.354938271604938,0.9625,0.337461300309598,0.358778625954198,0.355384615384615,0.36,0.964615384615385,0.971036585365854,0.357254290171607,0.361153262518968,0.966917293233083,0.965244865718799,0.362095531587057,0.208841463414634,0.0263543191800878,0.653905053598775,0.975535168195719,0.0243531202435312,0.353030303030303,0.968181818181818,0.359133126934985,0.347560975609756,0.345622119815668,0.964723926380368,0.967065868263473,0.967084639498433,0.359398496240601,0.352941176470588,0.352048558421851,0.642638036809816,0.343653250773994,0.96875,0.378254211332312,0.967340590979782,0.967592592592593,0.410687022900763,0.355038759689922,0.352409638554217,0.357142857142857,0.341013824884793,0.348909657320872,0.604651162790698,0.963020030816641,0.964451313755796,0.348159509202454,0.0319148936170213,0.357466063348416,0.35207100591716,0.359013867488444,0.346625766871166,0.345622119815668,0.361319340329835,0.663636363636364,0.323262839879154,0.339908952959029,0.969088098918083,0.363214837712519,0.966360856269113,0.342900302114804,0.34715821812596,0.352850539291217,0.361934477379095,0.346518987341772,0.973765432098765,0.362951807228916,0.835913312693498,0.970633693972179,0.96793893129771,0.973765432098765,0.96875,0.96583850931677,0.861635220125786,0.961597542242704,0.972519083969466,0.969788519637462,0.349013657056146,0.964506172839506,0.357827476038339,0.031437125748503,0.963246554364472,0.347761194029851,0.965785381026439,0.353218210361067,0.3640625,0.353941267387944,0.382716049382716,0.961890243902439,0.35660091047041,0.964451313755796,0.966966966966967,0.972093023255814,0.966616084977238,0.0289634146341463,0.351477449455676,0.96711509715994,0.968992248062015,0.359327217125382,0.971698113207547,0.35474006116208,0.969879518072289,0.964885496183206,0.34984520123839,0.356357927786499,0.334346504559271,0.107858243451464,0.357585139318885,0.0322085889570552,0.556053811659193,0.96937212863706,0.356707317073171,0.351648351648352,0.54434250764526,0.966205837173579,0.967391304347826,0.367924528301887,0.366043613707165,0.96206373292868,0.622154779969651,0.661971830985915,0.33693972179289,0.352380952380952,0.983433734939759,0.368663594470046,0.34077380952381,0.965722801788376,0.357798165137615,0.339421613394216,0.969230769230769,0.338028169014085,0.342549923195084,0.355828220858896,0.357910906298003,0.969278033794163,0.96577380952381,0.969889064976228,0.346094946401225,0.360123647604328,0.0363636363636364,0.978755690440061,0.35981308411215,0.971342383107089,0.967791411042945,0.342424242424242,0.36036036036036,0.343987823439878,0.359447004608295,0.356269113149847,0.967741935483871,0.342146189735614,0.345201238390093,0.531446540880503,0.974320241691843,0.812307692307692,0.964285714285714,0.0397553516819572,0.964885496183206,0.364583333333333,0.967642526964561,0.971830985915493,0.386363636363636,0.966616084977238,0.349056603773585,0.962852897473997,0.343213728549142,0.346036585365854,0.346326836581709,0.966360856269113,0.962006079027356,0.35548686244204,0.429022082018927,0.563076923076923,0.34472049689441,0.965204236006051,0.965785381026439,0.967840735068913,0.354788069073783,0.966666666666667,0.171253822629969,0.969135802469136,0.967791411042945,0.968253968253968,0.967289719626168,0.359090909090909,0.972049689440994,0.348909657320872,0.368584758942457,0.643518518518518,0.347962382445141,0.965732087227414,0.353846153846154,0.344262295081967,0.347687400318979,0.965996908809892,0.350531107738998,0.973561430793157,0.357988165680473,0.523291925465838,0.356164383561644,0.357254290171607,0.356060606060606,0.966360856269113,0.3609375,0.344287949921753,0.966463414634146,0.969512195121951,0.360983102918587,0.345201238390093,0.965045592705167,0.441754916792738,0.347619047619048,0.359877488514548,0.357249626307922,0.642857142857143,0.967136150234742,0.337559429477021,0.961479198767334,0.384136858475894,0.34375,0.0340030911901082,0.923308270676692,0.35625,0.360429447852761,0.0279411764705882,0.0665658093797277,0.981538461538462,0.354134165366615,0.966205837173579,0.347826086956522,0.353677621283255,0.965785381026439,0.360606060606061,0.353846153846154,0.62826420890937,0.972519083969466,0.358934169278997,0.356918238993711,0.970542635658915,0.346268656716418,0.343898573692552,0.971786833855799,0.297583081570997,0.349378881987578,0.352671755725191,0.363207547169811,0.836115326251897,0.96937212863706,0.947852760736196,0.96577380952381,0.970769230769231,0.031055900621118,0.968325791855204,0.975609756097561,0.971342383107089,0.387596899224806,0.969040247678019,0.342900302114804,0.96865671641791,0.369734789391576,0.972477064220184,0.559220389805097,0.578787878787879,0.353474320241692,0.350299401197605,0.603030303030303,0.352848101265823,0.0356083086053412,0.587155963302752,0.645865834633385,0.355083459787557,0.0295031055900621,0.340978593272171,0.342857142857143,0.74375,0.366261398176292,0.648318042813456,0.560821484992101,0.346749226006192,0.357142857142857,0.33693972179289,0.972350230414747,0.0288600288600289,0.0376766091051805,0.354103343465046,0.355623100303951,0.372163388804841,0.964560862865948,0.304347826086957,0.35375191424196,0.967136150234742,0.336842105263158,0.977064220183486,0.534883720930233,0.966514459665145,0.965465465465465,0.970826580226904,0.350299401197605,0.57315233785822,0.356287425149701,0.352201257861635,0.349618320610687,0.375757575757576,0.975232198142415,0.344773790951638,0.968944099378882,0.351437699680511,0.352755905511811,0.96996996996997,0.354587869362364,0.963343108504399,0.363636363636364,0.967084639498433,0.967592592592593,0.351351351351351,0.0217391304347826,0.961481481481481,0.358662613981763,0.976923076923077,0.601208459214502,0.966666666666667,0.483383685800604,0.964232488822653,0.603343465045593,0.963779527559055,0.354066985645933,0.967987804878049,0.97112462006079,0.963800904977376,0.348228043143297,0.363349131121643,0.350903614457831,0.386837881219904,0.3008,0.343511450381679,0.967793880837359,0.356481481481481,0.964686998394864,0.963636363636364,0.355283307810107,0.353582554517134,0.35187969924812,0.43167701863354,0.35660091047041,0.968468468468468,0.966767371601209,0.364471669218989,0.360501567398119,0.58695652173913,0.550860719874804,0.350531107738998,0.359327217125382,0.964777947932619,0.34703196347032,0.34984984984985,0.964285714285714,0.33652312599681,0.344461305007587,0.0319148936170213,0.102564102564103,0.351309707241911,0.644216691068814,0.349768875192604,0.354354354354354,0.551671732522796,0.962962962962963,0.346749226006192,0.97542242703533,0.350769230769231,0.390965732087227,0.350850077279753,0.515105740181269,0.347626339969372,0.971653543307087,0.352134146341463,0.355590062111801,0.375786163522013,0.649769585253456,0.963665086887836,0.367924528301887,0.356164383561644,0.0246913580246914,0.363086232980333,0.967441860465116,0.984732824427481,0.965204236006051,0.352671755725191,0.361702127659574,0.3375,0.543939393939394,0.965678627145086,0.544303797468354,0.365203761755486,0.969742813918306,0.968325791855204,0.992389649923896,0.639570552147239,0.362068965517241,0.411402157164869,0.352409638554217,0.351598173515982,0.973684210526316,0.96875,0.479876160990712,0.584474885844749,0.966257668711656,0.960244648318043,0.96390977443609,0.652173913043478,0.967987804878049,0.36036036036036,0.645608628659476,0.961077844311377,0.36280487804878,0.355038759689922,0.357473035439137,0.969418960244648,0.966767371601209,0.601286173633441,0.364471669218989,0.967791411042945,0.970059880239521,0.356707317073171,0.342987804878049,0.967889908256881,0.0352,0.359133126934985,0.342679127725857,0.0216049382716049,0.349775784753363,0.963746223564955,0.33968253968254,0.970172684458399,0.110773899848255,0.0228310502283105,0.865470852017937,0.364341085271318,0.962406015037594,0.96969696969697,0.0321100917431193,0.0301204819277108,0.361573373676248,0.973013493253373,0.351097178683386,0.967164179104478,0.34850863422292,0.967889908256881,0.970125786163522,0.99079754601227,0.763993948562784,0.970172684458399,0.962848297213622,0.0260736196319018,0.960960960960961,0.485576923076923,0.357473035439137,0.634036144578313,0.361702127659574,0.968701095461659,0.344135802469136,0.638167938931298,0.969040247678019,0.970588235294118,0.349453978159126,0.581259150805271,0.362095531587057,0.554711246200608,0.998439937597504,0.372128637059724,0.564102564102564,0.0258358662613982,0.35375191424196,0.358547655068079,0.355083459787557,0.966666666666667,0.595808383233533,0.338391502276176,0.927018633540373,0.54416403785489,1,0.966817496229261,0.968421052631579,0.344563552833078,0.382445141065831,0.343122102009274,0.355384615384615,0.345808383233533,0.564635958395245,0.336349924585219,0.0305810397553517,0.637853949329359,0.973926380368098,0.360983102918587,0.342146189735614,0.349206349206349,0.356269113149847,0.555386949924128,0.962574850299401,0.372907153729072,0.37037037037037,0.363492063492063,0.359567901234568,0.350609756097561,0.344236760124611,0.162613981762918,0.645865834633385,0.356357927786499,0.558245083207262,0.966309341500766,0.202453987730061,0.358346094946401,0.957746478873239,0.966772151898734,0.962848297213622,0.356374807987711,0.598187311178248,0.965204236006051,0.353120243531202,0.336906584992343,0.984591679506934,0.969650986342944,0.973886328725038,0.968304278922345,0.359281437125749,0.970404984423676,0.962235649546828,0.861154446177847,0.969135802469136,0.39117199391172,0.968796433878158,0.546583850931677,0.964777947932619,0.638009049773756,0.341463414634146,0.562111801242236,0.966049382716049,0.970542635658915,0.975535168195719,0.361861861861862,0.368827160493827,0.364632237871674,0.360730593607306,0.3546875,0.360123647604328,0.979655712050078,0.341389728096677,0.968701095461659,0.969055374592834,0.701357466063348,0.0308641975308642,0.345808383233533,0.344360902255639,0.635528330781011,0.966817496229261,0.532307692307692,0.360119047619048,0.604037267080745,0.355083459787557,0.353968253968254,0.970588235294118,0.346394984326019,0.348101265822785,0.652037617554859,0.873617693522907,0.357664233576642,0.555205047318612,0.530805687203792,0.364471669218989,0.358934169278997,0.354198473282443,0.554347826086957,0.634259259259259,0.967889908256881,0.9265625,0.967016491754123,0.629573170731707,0.970633693972179,0.547140649149923,0.359133126934985,0.356143079315708,0.966616084977238,0.969512195121951,0.391768292682927,0.971875,0.97289156626506,0.965151515151515,0.351851851851852,0.363358778625954,0.970404984423676,0.354505169867061,0.63969465648855,0.362790697674419,0.417177914110429,0.342635658914729,0.0352220520673813,0.345921450151057,0.9629057187017,0.96969696969697,0.556732223903177,0.0242057488653555,0.368663594470046,0.363076923076923,0.130970724191063,0.428346456692913,0.968652037617555,0.965625,0.353566009104704,0.975609756097561,0.378461538461538,0.971563981042654,0.351032448377581,0.547400611620795,0.356374807987711,0.351937984496124,0.967889908256881,0.0347003154574132,0.97045101088647,0.346518987341772,0.350308641975309,0.964723926380368,0.968895800933126,0.975720789074355,0.4765625,0.968992248062015,0.346094946401225,0.576807228915663,0.377503852080123,0.357366771159875,0.0348484848484849,0.0201550387596899,0.963607594936709,0.576086956521739,0.96594427244582,0.361280487804878,0.361769352290679,0.966101694915254,0.972850678733032,0.128440366972477,0.34947049924357,0.968468468468468,0.861861861861862,0.966565349544073,0.358006042296073,0.173106646058733,0.633633633633634,0.969465648854962,0.969742813918306,0.970358814352574,0.963949843260188,0.963691376701967,0.316265060240964,0.35,0.966463414634146,0.0893416927899686,0.0297339593114241,0.404287901990812,0.0301587301587302,0.3609375,0.969604863221885,0.641390205371248,0.966257668711656,0.968944099378882,0.843465045592705,0.972265023112481,0.634259259259259,0.969418960244648,0.967032967032967,0.972136222910217,0.969040247678019
"659",0.302362204724409,0.311627906976744,0.321044546850998,0.330721003134796,0.3140625,0.311627906976744,0.0112,0.324409448818898,0.323574730354391,0.5625,0.32258064516129,0.628834355828221,0.510140405616225,0.326498422712934,1,1,0.618541033434651,0,0.332826747720365,0.308641975308642,1,1,0.326251896813354,0.519260400616333,0.312217194570136,1,1,0.339712918660287,0.30920060331825,0.52132701421801,1,0.579754601226994,0.366564417177914,0.995319812792512,0.663608562691132,0.323624595469256,0.135802469135802,0.324200913242009,1,0.314984709480122,0.00314465408805031,0,0,0.330188679245283,0.316118935837246,1,0.993769470404984,1,1,1,0.68266253869969,0.328616352201258,1,0.326687116564417,0.313455657492355,0.823622047244094,0.121212121212121,0.318461538461538,0.320121951219512,0.331775700934579,0.990769230769231,1,1,0.00630914826498423,0.319488817891374,0.332317073170732,0.649921507064364,0.327044025157233,0.609212481426449,1,0.319875776397516,1,1,0.280507131537242,0.157733537519142,0.320359281437126,1,0.993930197268589,0.321699544764795,1,0.60031847133758,1,1,0.329803328290469,1,0.330815709969789,0.314900153609831,0.332302936630603,0.323619631901841,0,0.322884012539185,0.331325301204819,0.684049079754601,0.583975346687211,0.316455696202532,0.637048192771084,0.679626749611198,0.310291858678955,0.1184,0,0.318818040435459,0.617554858934169,1,0.318979266347687,1,0.317757009345794,0,0.325077399380805,1,1,1,0.307692307692308,0.995384615384615,0.332807570977918,0.20763358778626,0.304347826086957,1,0.370426829268293,1,1,0.201863354037267,0.310291858678955,1,1,0.334869431643625,1,0.323442136498516,0.320300751879699,0.37111801242236,0.769924812030075,0.325434439178515,1,0.330188679245283,0.630239520958084,0.343898573692552,1,0.00153139356814701,1,0.374233128834356,0.892857142857143,0.580542264752791,0.596651445966514,0.319314641744548,0.329073482428115,1,0.31832298136646,1,0.311145510835913,0.501524390243902,0.326153846153846,1,0.3125,0.312989045383412,0.322932917316693,0.326530612244898,1,0.3171875,1,0.43010752688172,0.327160493827161,1,0.327327327327327,1,0.587774294670846,0.321372854914197,1,0.314728682170543,0.311627906976744,0.332298136645963,0.984591679506934,0.329704510108865,1,0.318818040435459,1,0.321144674085851,1,0.593167701863354,0.3015625,0.0258481421647819,0.304212168486739,0.319875776397516,1,0.309968847352025,0.327131782945736,0.32,0.328725038402458,1,1,0.323671497584541,0.322530864197531,1,1,0.320987654320988,0.23159509202454,0.0222882615156018,0.687692307692308,1,0.00309597523219814,0.3171875,1,0.319620253164557,0.315548780487805,0.32398753894081,0.998456790123457,1,1,0.334828101644245,0.321543408360129,0.318529862174579,0.678913738019169,0.309006211180124,1,0.339939024390244,1,1,0.449768160741886,0.324960753532182,0.321044546850998,0.322429906542056,0.301684532924962,0.317891373801917,0.64451313755796,1,1,0.321592649310873,0.00460829493087558,0.333836858006042,0.31969696969697,0.326656394453005,0.307692307692308,0.3078125,0.316187594553706,0.685758513931889,0.361702127659574,0.309667673716012,1,0.330721003134796,1,0.309451219512195,0.307931570762053,0.31924882629108,0.330733229329173,0.316037735849057,1,0.320610687022901,0.799373040752351,1,1,0.996865203761755,1,1,0.899686520376176,1,1,1,0.321699544764795,1,0.324717285945073,0,1,0.385083713850837,1,0.320433436532508,0.326625386996904,0.313084112149533,0.411214953271028,1,0.325264750378215,1,1,1,1,0,0.317829457364341,1,1,0.330232558139535,1,0.32370820668693,1,1,0.315132605304212,0.326530612244898,0.30640243902439,0.14576802507837,0.328025477707006,0,0.592203898050975,1,0.324534161490683,0.321766561514196,0.580893682588598,1,1,0.328050713153724,0.32967032967033,1,0.645161290322581,0.699530516431925,0.305426356589147,0.321086261980831,0.993930197268589,0.33693972179289,0.304675716440422,1,0.318042813455657,0.314900153609831,1,0.309968847352025,0.321428571428571,0.315301391035549,0.320987654320988,1,1,1,0.308166409861325,0.328638497652582,0.0076103500761035,0.990610328638498,0.330188679245283,1,1,0.310708898944193,0.327769347496206,0.304615384615385,0.322429906542056,0.314814814814815,1,0.310725552050473,0.31839258114374,0.564873417721519,1,0.843505477308294,1,0,1,0.326315789473684,1,1,0.416793893129771,0.998466257668712,0.318979266347687,1,0.310452418096724,0.313846153846154,0.310769230769231,1,1,0.324655436447167,0.401626016260163,0.60410094637224,0.311811023622047,1,1,1,0.329113924050633,1,0.206201550387597,1,1,1,1,0.331804281345566,1,0.317891373801917,0.34009360374415,0.677966101694915,0.312599681020734,1,0.323619631901841,0.319508448540707,0.321027287319422,1,0.308868501529052,1,0.322338830584708,0.477519379844961,0.334883720930233,0.323899371069182,0.323029366306028,1,0.318818040435459,0.30188679245283,1,1,0.322480620155039,0.314641744548287,1,0.482388973966309,0.317034700315457,0.335375191424196,0.331297709923664,0.678955453149002,1,0.302737520128824,1,0.423255813953488,0.313664596273292,0,0.885022692889561,0.323899371069182,0.320373250388802,0,0.0292758089368259,0.978125,0.314728682170543,1,0.309006211180124,0.314102564102564,1,0.3267776096823,0.313572542901716,0.669254658385093,1,0.316118935837246,0.322378716744914,1,0.311349693251534,0.312599681020734,1,0.341538461538462,0.315132605304212,0.316998468606432,0.328682170542636,0.791666666666667,1,0.97984496124031,1,1,0.00156739811912226,1,0.993836671802773,1,0.421947449768161,0.996879875195008,0.312594840667678,0.992447129909366,0.331240188383046,0.995334370139969,0.602391629297459,0.627480916030534,0.326251896813354,0.312024353120244,0.628705148205928,0.320695102685624,0,0.624610591900312,0.675968992248062,0.324116743471582,0.00154798761609907,0.313084112149533,0.30625,0.77115987460815,0.322480620155039,0.678787878787879,0.596184419713832,0.327073552425665,0.319277108433735,0.308527131782946,1,0.0237037037037037,0,0.319634703196347,0.329770992366412,0.338957055214724,1,0.338582677165354,0.320987654320988,1,0.314024390243902,0.942546583850932,0.569858712715856,1,1,0.991776315789474,0.324734446130501,0.598200899550225,0.327272727272727,0.317891373801917,0.321928460342146,0.420574886535552,1,0.310077519379845,1,0.32753164556962,0.318471337579618,1,0.3216,1,0.333855799373041,1,1,0.328703703703704,0,1,0.330289193302892,1,0.560490045941807,1,0.515337423312883,1,0.553822152886115,1,0.320512820512821,1,1,1,0.311526479750779,0.331768388106416,0.318181818181818,0.351822503961965,0.340255591054313,0.318818040435459,1,0.324031007751938,1,1,0.328220858895706,0.322327044025157,0.311746987951807,0.3950233281493,0.330316742081448,1,1,0.333333333333333,0.31974921630094,0.635646687697161,0.587869362363919,0.3171875,0.32348367029549,1,0.313364055299539,0.320359281437126,0.995334370139969,0.310289389067524,0.318112633181126,0,0.139817629179331,0.318252730109204,0.677177177177177,0.316279069767442,0.321592649310873,0.596651445966514,1,0.317683881064163,1,0.315870570107858,0.350710900473934,0.31201248049922,0.476923076923077,0.313572542901716,1,0.31937984496124,0.322884012539185,0.332805071315372,0.685496183206107,1,0.332797427652733,0.321538461538462,0,0.327245053272451,0.998459167950693,0.953632148377125,1,0.317901234567901,0.327718223583461,0.316455696202532,0.586102719033233,1,0.593059936908517,0.339563862928349,1,1,0.967791411042945,0.671899529042386,0.333333333333333,0.362385321100917,0.319571865443425,0.31839258114374,1,1,0.518808777429467,0.632558139534884,1,1,0.998484848484849,0.688188976377953,1,0.323795180722892,0.674922600619195,1,0.326747720364742,0.318681318681319,0.323029366306028,0.996932515337423,1,0.644904458598726,0.324655436447167,1,1,0.330769230769231,0.311145510835913,0.998447204968944,0,0.316957210776545,0.309859154929577,0.0078003120124805,0.316030534351145,1,0.316455696202532,1,0.143730886850153,0,0.904903417533432,0.329704510108865,1,1,0,0.0015015015015015,0.330275229357798,1,0.311004784688995,0.997005988023952,0.309859154929577,1,0.998422712933754,0.964230171073095,0.776049766718507,1,1,0.00617283950617284,1,0.52,0.325,0.668683812405446,0.33179012345679,1,0.309968847352025,0.675465838509317,1,1,0.324409448818898,0.616766467065868,0.329286798179059,0.580847723704867,0.968602825745683,0.334360554699538,0.601538461538462,0.0153139356814701,0.309006211180124,0.324116743471582,0.319571865443425,1,0.625,0.312788906009245,0.888372093023256,0.587677725118483,0.966817496229261,1,1,0.317411402157165,0.339593114241002,0.312989045383412,0.318042813455657,0.317829457364341,0.609538002980626,0.316109422492401,0,0.674140508221226,0.998447204968944,0.329286798179059,0.3125,0.322734499205087,0.32572298325723,0.595384615384615,1,0.333333333333333,0.340157480314961,0.329652996845426,0.324960753532182,0.32469512195122,0.313880126182965,0.198776758409786,0.677165354330709,0.320695102685624,0.602446483180428,1,0.235474006116208,0.316436251920123,0.919685039370079,1,1,0.313084112149533,0.629230769230769,1,0.320493066255778,0.29984544049459,0.950715421303657,1,1,0.996825396825397,0.319571865443425,1,1,0.897832817337461,1,0.351145038167939,1,0.585443037974684,1,0.673252279635258,0.310077519379845,0.597200622083981,1,1,0.992211838006231,0.323619631901841,0.336923076923077,0.325914149443561,0.322981366459627,0.328050713153724,0.324367088607595,0.981132075471698,0.31839258114374,1,1,0.71850699844479,0,0.324655436447167,0.319148936170213,0.680916030534351,1,0.561240310077519,0.325757575757576,0.63849765258216,0.322085889570552,0.320634920634921,1,0.31832298136646,0.322475570032573,0.690851735015773,0.907166123778502,0.328402366863905,0.608024691358025,0.568253968253968,0.335901386748844,0.328725038402458,0.302936630602782,0.587227414330218,0.670788253477589,1,0.890282131661442,1,0.670261941448382,0.99685534591195,0.589257503949447,0.318818040435459,0.322429906542056,1,1,0.427018633540373,0.99211356466877,0.996946564885496,1,0.308166409861325,0.329192546583851,1,0.315946348733234,0.676923076923077,0.329704510108865,0.455696202531646,0.305993690851735,0,0.315548780487805,1,1,0.588597842835131,0.00153374233128834,0.332826747720365,0.325508607198748,0.0965732087227414,0.4185303514377,1,1,0.321316614420063,1,0.414330218068536,1,0.329359165424739,0.587962962962963,0.329153605015674,0.318681318681319,1,0,1,0.30952380952381,0.319938176197836,1,1,1,0.438377535101404,1,0.319018404907975,0.613496932515337,0.330733229329173,0.329052969502408,0.00153609831029186,0.0368663594470046,1,0.61609907120743,1,0.323619631901841,0.329113924050633,1,1,0.162327718223583,0.319444444444444,1,0.900914634146341,1,0.319634703196347,0.197819314641745,0.664615384615385,1,1,1,1,1,0.283536585365854,0.302507836990596,1,0.113418530351438,0.00154559505409583,0.437596302003082,0,0.329133858267717,1,0.682242990654206,1,1,0.884615384615385,1,0.674884437596302,1,1,1,1
"660",0.309748427672956,0.318461538461538,0.322981366459627,0.332298136645963,0.319938176197836,0.306027820710974,0.0111287758346582,0.321483771251932,0.320987654320988,0.564668769716088,0.32469512195122,0.640060240963855,0.52241112828439,0.329173166926677,1,1,0.615030674846626,0,0.33179012345679,0.313178294573643,1,1,0.329819277108434,0.517397881996974,0.31390134529148,1,1,0.345718901453958,0.312594840667678,0.530232558139535,1,0.593846153846154,0.371165644171779,0.996923076923077,0.657320872274143,0.31629392971246,0.149230769230769,0.331838565022422,1,0.310872894333844,0.0015552099533437,0,0,0.333333333333333,0.313846153846154,1,0.998447204968944,1,1,1,0.685887708649469,0.332807570977918,1,0.320182094081942,0.321156773211568,0.81974921630094,0.125193199381762,0.32312404287902,0.323664122137405,0.326594090202177,0.993975903614458,1,1,0.0031104199066874,0.326332794830372,0.322137404580153,0.652241112828439,0.327666151468315,0.606508875739645,1,0.32262996941896,1,1,0.27373417721519,0.167173252279635,0.324850299401198,1,0.996946564885496,0.325301204819277,1,0.596850393700787,1,1,0.327692307692308,1,0.327868852459016,0.317829457364341,0.335443037974684,0.321044546850998,0,0.332283464566929,0.328335832083958,0.682515337423313,0.580937972768533,0.317111459968603,0.632683658170915,0.671779141104294,0.31866464339909,0.12199036918138,0,0.315467075038285,0.614791987673344,1,0.314873417721519,1,0.321699544764795,0,0.330275229357798,1,1,1,0.312788906009245,0.998454404945904,0.331278890600925,0.206106870229008,0.312781954887218,1,0.376146788990826,1,1,0.204301075268817,0.311649016641452,1,1,0.338391502276176,1,0.3215859030837,0.319880418535127,0.359133126934985,0.772382397572079,0.323296354992076,1,0.336448598130841,0.632835820895522,0.334384858044164,1,0,1,0.374617737003058,0.893819334389857,0.575427682737169,0.595054095826893,0.320182094081942,0.33015873015873,1,0.320493066255778,1,0.306122448979592,0.506891271056662,0.323308270676692,1,0.311728395061728,0.31924882629108,0.329192546583851,0.328682170542636,1,0.318529862174579,1,0.440548780487805,0.326283987915408,1,0.328290468986384,1,0.5921875,0.325038880248834,1,0.323170731707317,0.318112633181126,0.333333333333333,0.989329268292683,0.332307692307692,1,0.322480620155039,1,0.321144674085851,1,0.587962962962963,0.306027820710974,0.0313971742543171,0.301412872841444,0.321592649310873,1,0.315870570107858,0.32312404287902,0.32824427480916,0.332822085889571,1,1,0.328638497652582,0.330246913580247,1,1,0.327692307692308,0.237730061349693,0.0192592592592593,0.689230769230769,1,0.0015552099533437,0.32,1,0.319182389937107,0.321907600596125,0.316590563165906,0.998468606431853,1,1,0.332833583208396,0.321656050955414,0.327245053272451,0.672955974842767,0.314152410575428,1,0.341013824884793,1,1,0.436363636363636,0.320433436532508,0.319213313161876,0.330815709969789,0.310030395136778,0.318461538461538,0.63969465648855,1,1,0.3267776096823,0.00150829562594268,0.328767123287671,0.317293233082707,0.324031007751938,0.312594840667678,0.308868501529052,0.326315789473684,0.697388632872504,0.361194029850746,0.307339449541284,1,0.322429906542056,1,0.315384615384615,0.312693498452012,0.314241486068111,0.333858267716535,0.31974921630094,1,0.325337331334333,0.805555555555556,1,1,0.998449612403101,1,1,0.89589905362776,1,1,1,0.32185628742515,1,0.323717948717949,0,1,0.389473684210526,1,0.331278890600925,0.327102803738318,0.324159021406728,0.423255813953488,1,0.32824427480916,1,1,1,1,0,0.312111801242236,1,1,0.323619631901841,1,0.330804248861912,1,1,0.3140625,0.32398753894081,0.304878048780488,0.147919876733436,0.338557993730408,0,0.583832335329341,1,0.322289156626506,0.324574961360124,0.56969696969697,1,1,0.324409448818898,0.333333333333333,1,0.643625192012289,0.696124031007752,0.304897314375987,0.323943661971831,0.995419847328244,0.331782945736434,0.306427503736921,1,0.32258064516129,0.313546423135464,1,0.310077519379845,0.321981424148607,0.315950920245399,0.322480620155039,1,1,1,0.311926605504587,0.336463223787167,0.00758725341426404,0.995341614906832,0.331259720062208,1,1,0.314199395770393,0.329787234042553,0.307926829268293,0.322932917316693,0.31859756097561,1,0.316436251920123,0.315707620528771,0.573228346456693,1,0.846511627906977,1,0,1,0.33134328358209,1,1,0.423368740515933,0.998466257668712,0.330733229329173,1,0.313755795981453,0.312788906009245,0.31306990881459,1,1,0.324200913242009,0.401587301587302,0.605919003115265,0.306027820710974,1,1,1,0.328593996840442,1,0.20763358778626,1,1,1,1,0.33030303030303,1,0.324881141045959,0.335901386748844,0.6734375,0.310452418096724,1,0.32572298325723,0.321321321321321,0.317111459968603,1,0.310708898944193,1,0.325408618127786,0.490106544901065,0.326219512195122,0.332293291731669,0.320061255742726,1,0.321981424148607,0.309707241910632,1,1,0.324200913242009,0.314814814814815,1,0.477794793261868,0.321875,0.333333333333333,0.328335832083958,0.674884437596302,1,0.293185419968304,1,0.416024653312789,0.3140625,0,0.878461538461539,0.320695102685624,0.324031007751938,0,0.0306748466257669,0.982758620689655,0.324655436447167,1,0.327666151468315,0.325281803542673,1,0.327718223583461,0.320754716981132,0.665625,1,0.325581395348837,0.324116743471582,1,0.317073170731707,0.319047619047619,1,0.337386018237082,0.31875,0.319277108433735,0.336448598130841,0.806106870229008,1,0.979559748427673,1,1,0,1,0.993836671802773,1,0.427469135802469,0.998449612403101,0.30920060331825,0.99400299850075,0.333855799373041,0.996992481203008,0.597633136094675,0.627511591962906,0.32824427480916,0.321266968325792,0.635528330781011,0.315047021943574,0,0.630602782071097,0.675039246467818,0.326747720364742,0,0.324031007751938,0.316846986089645,0.775510204081633,0.331306990881459,0.686728395061728,0.584758942457232,0.324492979719189,0.329754601226994,0.302507836990596,1,0.023598820058997,0,0.321646341463415,0.324574961360124,0.341538461538462,1,0.334355828220859,0.319444444444444,1,0.307575757575758,0.945820433436533,0.568037974683544,1,1,0.995065789473684,0.322869955156951,0.602409638554217,0.329359165424739,0.319047619047619,0.320373250388802,0.418569254185693,1,0.318818040435459,1,0.326530612244898,0.320251177394035,1,0.3198127925117,1,0.327102803738318,1,1,0.328746177370031,0,1,0.32579185520362,1,0.5662100456621,1,0.503058103975535,1,0.562883435582822,1,0.328616352201258,1,1,1,0.31937984496124,0.327073552425665,0.31784107946027,0.351014040561622,0.33015873015873,0.314503816793893,1,0.326656394453005,1,1,0.331797235023041,0.32753164556962,0.324242424242424,0.392912172573189,0.333834586466165,1,1,0.331818181818182,0.331761006289308,0.627329192546584,0.585443037974684,0.311827956989247,0.320373250388802,1,0.308510638297872,0.322338830584708,0.99537037037037,0.315286624203822,0.314814814814815,0,0.141791044776119,0.328197226502311,0.675516224188791,0.319875776397516,0.327300150829563,0.597579425113464,0.996899224806202,0.321875,1,0.318952234206472,0.355242566510172,0.321592649310873,0.477203647416413,0.313664596273292,1,0.328290468986384,0.327102803738318,0.337042925278219,0.679938744257274,1,0.331730769230769,0.319083969465649,0,0.331818181818182,0.998459167950693,0.954198473282443,1,0.318952234206472,0.326747720364742,0.31875,0.582831325301205,1,0.586583463338534,0.338931297709924,1,1,0.969278033794163,0.675507020280811,0.335403726708075,0.362385321100917,0.324159021406728,0.321375186846039,1,1,0.512618296529968,0.624610591900312,1,1,0.998477929984779,0.678740157480315,1,0.324364723467862,0.683229813664596,1,0.334869431643625,0.317262830482115,0.324615384615385,0.998468606431853,1,0.640699523052464,0.327217125382263,1,1,0.328703703703704,0.312977099236641,0.998461538461539,0,0.3265625,0.305772230889236,0.0046875,0.322822822822823,1,0.315625,1,0.147192716236722,0,0.904619970193741,0.330769230769231,1,1,0,0,0.33179012345679,1,0.320373250388802,0.998496240601504,0.308777429467085,1,0.998439937597504,0.964669738863287,0.784522003034901,1,1,0.00464396284829721,1,0.519108280254777,0.329704510108865,0.67420814479638,0.325077399380805,1,0.312977099236641,0.66156202143951,1,1,0.3140625,0.614349775784753,0.328787878787879,0.581395348837209,0.975039001560062,0.340062111801242,0.60546282245827,0.0106707317073171,0.313479623824451,0.32258064516129,0.327272727272727,1,0.635416666666667,0.311077389984825,0.894736842105263,0.585714285714286,0.968421052631579,1,1,0.317484662576687,0.342723004694836,0.317757009345794,0.308527131782946,0.311926605504587,0.611694152923538,0.31441717791411,0,0.66957787481805,1,0.330757341576507,0.315217391304348,0.324451410658307,0.327769347496206,0.603076923076923,1,0.336858006042296,0.339563862928349,0.343307086614173,0.326625386996904,0.324159021406728,0.31104199066874,0.194233687405159,0.671406003159558,0.324451410658307,0.597579425113464,1,0.241590214067278,0.318529862174579,0.925632911392405,1,1,0.316846986089645,0.634703196347032,1,0.322239031770045,0.301391035548686,0.960567823343849,1,1,1,0.324159021406728,1,1,0.903374233128834,1,0.356495468277946,1,0.588328075709779,1,0.665171898355755,0.321428571428571,0.594339622641509,1,1,0.993700787401575,0.331825037707391,0.326717557251908,0.325471698113208,0.326687116564417,0.332802547770701,0.330188679245283,0.985826771653543,0.317073170731707,1,1,0.720430107526882,0,0.324324324324324,0.323795180722892,0.673312883435583,1,0.562021439509954,0.329866270430906,0.641744548286604,0.315541601255887,0.316957210776545,1,0.321928460342146,0.322222222222222,0.694099378881988,0.908082408874802,0.320058997050148,0.5953125,0.566718995290424,0.332307692307692,0.32967032967033,0.30757341576507,0.58641975308642,0.676923076923077,1,0.894409937888199,1,0.665658093797277,0.998435054773083,0.590342679127726,0.32,0.327073552425665,1,1,0.435257410296412,0.996810207336523,0.998466257668712,1,0.311145510835913,0.329230769230769,1,0.315007429420505,0.675799086757991,0.331782945736434,0.461300309597523,0.303317535545024,0,0.312312312312312,1,1,0.593272171253823,0,0.326251896813354,0.328197226502311,0.105990783410138,0.426984126984127,1,1,0.326656394453005,1,0.412844036697248,1,0.335809806835067,0.587869362363919,0.325617283950617,0.321766561514196,1,0,1,0.313880126182965,0.321428571428571,1,1,1,0.451612903225806,1,0.326153846153846,0.60882800608828,0.330745341614907,0.328660436137072,0,0.0372670807453416,1,0.612654320987654,1,0.330745341614907,0.341346153846154,1,1,0.165390505359877,0.31651376146789,1,0.896084337349398,1,0.327245053272451,0.199386503067485,0.664624808575804,1,1,1,1,1,0.289156626506024,0.306625577812018,1,0.123824451410658,0,0.442105263157895,0,0.329192546583851,1,0.678071539657854,1,1,0.889057750759878,1,0.676425269645609,1,1,1,1
"661",1,1,1,1,1,1,0.712460063897764,1,1,0.0987261146496815,1,0.0446153846153846,0.802180685358255,1,0.315047021943574,0.29375,0.0668740279937792,0.686591276252019,1,1,0.289676425269646,0.309148264984227,1,0.164615384615385,1,0.324921135646688,0.316720257234727,1,1,0.778649921507064,0.297839506172839,0.71937984496124,0.9629057187017,0.30829420970266,0,1,0.543307086614173,1,0.291981845688351,1,0.674015748031496,0.687888198757764,0.699544764795144,1,1,0.310015898251192,0.307570977917981,0.303680981595092,0.315789473684211,0.327102803738318,0,1,0.301391035548686,1,1,0.492868462757528,0.558869701726845,1,1,1,0.321981424148607,0.312893081761006,0.308917197452229,0.683229813664596,1,1,0.0377952755905512,1,0.0609756097560976,0.315950920245399,1,0.309968847352025,0.317741935483871,0.963317384370016,0.517774343122102,1,0.304147465437788,0.327217125382263,1,0.313915857605178,0.0856219709208401,0.3248,0.321875,1,0.331278890600925,1,1,1,1,0.701238390092879,1,1,0.00154083204930663,0.104615384615385,1,0.0455927051671733,0,1,0.569805194805195,0.678740157480315,1,0.055379746835443,0.30503144654088,1,0.309859154929577,1,0.694006309148265,1,0.305772230889236,0.312111801242236,0.312307692307692,1,0.316692667706708,1,0.485584218512898,1,0.308166409861325,0.30625,0.32078313253012,0.318037974683544,0.489984591679507,0.998427672955975,0.313455657492355,0.303514376996805,1,0.295133437990581,1,1,0.327613104524181,0.541411042944785,1,0.310344827586207,1,0.0454545454545455,1,0.312024353120244,0.682737169517885,0.327102803738318,0.931142410015649,0.42443729903537,0.102362204724409,0.0963665086887836,1,1,0.321875,1,0.317557251908397,1,0.796042617960426,1,0.312698412698413,1,1,1,1,0.323809523809524,1,0.312893081761006,0.261345852895149,1,0.308396946564885,1,0.30568356374808,0.0837282780410742,1,0.300970873786408,1,1,1,0.331797235023041,1,0.316614420062696,1,0.294670846394984,1,0.310832025117739,0.075968992248062,1,0.6384,1,1,0.3072,1,1,1,1,0.312698412698413,0.297090352220521,1,0.998439937597504,0.304747320061256,0.303079416531605,1,0.455108359133127,0.672106824925816,0,0.308049535603715,0.6703125,1,0.319444444444444,1,0.998466257668712,1,0.315047021943574,0.312404287901991,0.3168,1,1,1,0,1,0.30952380952381,0.973520249221184,0.313291139240506,0.308777429467085,0.7453125,1,1,1,1,1,0.0456692913385827,0.307098765432099,0.321044546850998,1,0.6859375,1,1,0.998417721518987,0.998452012383901,1,1,0.0031055900621118,0.315548780487805,1,0.301587301587302,1,0.293023255813953,1,1,1,1,1,0.315217391304348,1,0.513428120063191,0.318541996830428,0.320987654320988,0.305732484076433,0.312101910828025,0.319620253164557,0.4112,0.320754716981132,0.308166409861325,0.300940438871473,1,0.318181818181818,1,0.690769230769231,0.306976744186047,0.31866464339909,0.327073552425665,1,1,1,0.264385692068429,0.30077519379845,1,0.317034700315457,0.314589665653495,0.310769230769231,0.31832298136646,0.691588785046729,1,0.311728395061728,0.305732484076433,1,0.29140127388535,1,0.30381679389313,0.308661417322835,1,1,1,0.537984496124031,1,0.697305863708399,0.0819423368740516,0.307931570762053,1,1,0.0978260869565217,0.316279069767442,0.319422150882825,1,1,0.301242236024845,0.024653312788906,0.00159235668789809,1,1,0.326186830015314,0.998422712933754,1,0.301223241590214,1,1,0.303215926493109,1,1,1,1,0.314814814814815,0.304878048780488,0.316639741518578,1,1,0.675465838509317,0.308056872037915,1,0.31651376146789,0.289968652037618,1,1,0.998442367601246,1,1,0.31687898089172,1,1,0.107424960505529,0.324492979719189,0.485086342229199,0.304625199362041,0.676190476190476,0.310077519379845,1,0.298887122416534,0.323296354992076,0.2642089093702,0.311550151975684,1,0.321156773211568,1,1,1,0.310344827586207,0.31937984496124,0.998430141287284,0.920454545454545,0.0642633228840125,1,0.300155520995334,0.309033280507132,0.30829420970266,1,0.32262996941896,0.475968992248062,0.31937984496124,0.305900621118012,0.302100161550889,0.294670846394984,1,0.3125,1,1,0,1,0.322327044025157,1,1,1,0.329153605015674,1,0.307448494453249,1,0.8234375,1,1,1,0.311424100156495,1,1,0.303125,0.304953560371517,1,1,0.303599374021909,0.196319018404908,1,0.998430141287284,1,0,0.303858520900322,1,0.302611367127496,0.254746835443038,1,0.674961119751166,0.436641221374046,1,1,0.683734939759036,0.714285714285714,0.337539432176656,1,0.315457413249211,1,1,0.331746031746032,1,0.998407643312102,0.00627943485086342,0.322378716744914,1,1,0.3140625,1,1,0.307210031347962,0.337984496124031,1,1,1,0.524691358024691,0.299065420560748,0.329652996845426,0.310136157337368,0.32182103610675,0.692063492063492,0.319018404907975,0.31875,0.308527131782946,0.24294670846395,0.313694267515924,1,0.308980213089802,0.998422712933754,0.310832025117739,0.0835866261398176,0.0508474576271186,1,1,0.0372670807453416,1,0.691244239631336,0.0440944881889764,0.0109034267912773,1,0.688073394495413,1,1,0.533965244865719,1,0,0.0769230769230769,1,1,1,0.3140625,0.655688622754491,0.701468189233279,0.99375,1,0.984662576687117,0.298600311041991,0.339035769828927,1,0.294117647058824,1,0.366043613707165,0.108626198083067,0.29874213836478,0.311349693251534,0.331136738056013,1,0.0787037037037037,1,1,1,0.262672811059908,0.316957210776545,1,0.314873417721519,1,1,0.304878048780488,1,0.313813813813814,1,0.307332293291732,0.313694267515924,1,0.680817610062893,0.311377245508982,1,0.302884615384615,0.745736434108527,0.308166409861325,0.168970814132104,0.319758672699849,0.753918495297806,0.301412872841444,1,0.321259842519685,0.325077399380805,0.290076335877863,1,1,1,0.970684039087948,0.3354943273906,1,0.314285714285714,1,0.309562398703404,0.316358024691358,1,1,1,0.918622848200313,1,0.307332293291732,0.320552147239264,1,1,0.0504731861198738,0.0794392523364486,1,1,0.30625,1,1,0.306729264475743,1,1,0.688854489164087,0.531684698608965,1,0,1,1,0.0993788819875776,0.311526479750779,1,0.313572542901716,0.998444790046656,0.965571205007825,0.998430141287284,0.809968847352025,1,0.323624595469256,1,1,1,0,0.311688311688312,1,1,0.674015748031496,1,0.314465408805031,0.355590062111801,0.315301391035549,1,1,1,0.0946564885496183,0.308544303797468,0.089171974522293,0.998420221169036,0.301857585139319,0.301242236024845,0.346273291925466,0,1,0.957943925233645,1,1,0.319182389937107,0.29601226993865,0.162287480680062,0.0386398763523957,0.318818040435459,0.298904538341158,0.321928460342146,0.00157977883096367,0.31055900621118,1,0,0.308868501529052,1,1,1,0.314984709480122,0.315467075038285,0.0368589743589744,1,0.310236220472441,0.301242236024845,1,1,0.31201248049922,0.694078947368421,1,1,0.692789968652038,1,0.298761609907121,1,0.313291139240506,0.526555386949924,0.675840978593272,0.395136778115502,1,0.292048929663609,0.305084745762712,0.687598116169545,0.671802773497689,1,0.316770186335404,1,0.321100917431193,1,0.314152410575428,0.307324840764331,0.345256609642302,0.507064364207221,0.311708860759494,0.296,0.668730650154799,0.319444444444444,0.159869494290375,1,0,1,0.288401253918495,1,0,0.31637519872814,0.305331179321486,1,0.057315233785822,1,0.0841269841269841,0.326530612244898,1,0.066358024691358,0.67398119122257,1,1,1,0.306451612903226,0.0396946564885496,1,0.421875,0.0963665086887836,0.344563552833078,0.317411402157165,0.317484662576687,1,1,1,1,1,0.0669710806697108,0.996927803379416,0.692789968652038,0.0029673590504451,0.31832298136646,1,1,1,1,0.0873634945397816,0.307339449541284,1,1,1,1,1,1,0.485451761102603,0.00157232704402516,1,0.0844854070660522,0.3109375,0.441497659906396,1,0.386792452830189,0.297385620915033,0.303738317757009,1,0.0414746543778802,0.308755760368664,1,1,0.368253968253968,0.303405572755418,0.302936630602782,0.310509554140127,0.998454404945904,0.314606741573034,0.314112291350531,0.413793103448276,0.313755795981453,0.969325153374233,0.308980213089802,0.0850393700787402,0.316770186335404,0,1,0.0924764890282132,0.30173775671406,0.312202852614897,0.311811023622047,1,1,1,1,1,1,0.326923076923077,1,0.310452418096724,0.304276315789474,0.601538461538462,0.678855325914149,1,1,0,0.310872894333844,0.123244929797192,0.998493975903614,0.0363349131121643,1,1,0.313572542901716,1,1,0.630331753554502,0.412238325281804,0.997010463378176,0.0801282051282051,0.0980707395498392,1,1,1,0.087962962962963,0,0.315301391035549,0.421705426356589,0.303680981595092,0,0.319620253164557,0.087719298245614,1,1,0.316436251920123,0.306153846153846,0.246445497630332,0.324921135646688,0.30757341576507,0.31104199066874,1,1,0.324921135646688,1,0,1,0.225552050473186,1,0.685099846390169,1,0.29874213836478,0.30064308681672,0.0729813664596273,0.680061823802164,1,1,0.793103448275862,0.893964110929853,0.309033280507132,0.314102564102564,1,0.307570977917981,0.260869565217391,0.314009661835749,1,0.102803738317757,1,1,0.311145510835913,0.688995215311005,0.302066772655008,1,1,0.299065420560748,0.297971918876755,0.309923664122137,0.855769230769231,0.309748427672956,1,0.0555555555555556,1,1,0.704892966360856,0.652647975077882,0.318327974276527,0.0573643410852713,0.3203125,1,1,0.3015625,0.31839258114374,0.632307692307692,1,0.296636085626911,0.368098159509202,0.30757341576507,0.983024691358025,0.47723704866562,0.00307219662058372,0.300155520995334,0.318112633181126,0.324237560192616,0.301435406698565,0.314589665653495,0.972727272727273,1,0.306976744186047,0.555016181229773,0.691943127962085,0.237129485179407,0.693910256410256,1,0.311627906976744,0.00315457413249211,0.320373250388802,0.308527131782946,0.363358778625954,0.313195548489666,0,0.327586206896552,0.316535433070866,0.316720257234727,0.314329738058552
"662",1,1,1,1,1,1,0.690048939641109,1,1,0.0753768844221105,1,0.0271132376395534,0.838235294117647,1,0.330065359477124,0.327390599675851,0.0476190476190476,0.668863261943987,1,1,0.306818181818182,0.332784184514003,1,0.130708661417323,1,0.343354430379747,0.332220367278798,1,1,0.811290322580645,0.324367088607595,0.746434231378764,0.97007874015748,0.328455284552846,0,1,0.512987012987013,1,0.315707620528771,1,0.6432,0.660855784469097,0.671339563862928,1,1,0.333881578947368,0.325949367088608,0.327131782945736,0.337539432176656,0.343354430379747,0,1,0.340189873417722,1,1,0.517915309446254,0.527454242928453,1,1,1,0.350793650793651,0.337078651685393,0.338735818476499,0.656401944894652,1,1,0.0211038961038961,1,0.0426179604261796,0.340625,1,0.340872374798061,0.344827586206897,0.962108731466227,0.488188976377953,1,0.325949367088608,0.353968253968254,1,0.335559265442404,0.0666666666666667,0.342948717948718,0.338164251207729,1,0.355905511811024,1,1,1,1,0.680952380952381,1,1,0.00158982511923688,0.0771704180064309,1,0.0294573643410853,0,1,0.540584415584416,0.664484451718494,1,0.0385852090032154,0.323101777059774,1,0.32794830371567,1,0.666666666666667,1,0.337078651685393,0.341346153846154,0.33125,1,0.349358974358974,1,0.469578783151326,1,0.337662337662338,0.275641025641026,0.342679127725857,0.334920634920635,0.457928802588997,1,0.335403726708075,0.331691297208539,1,0.317384370015949,1,1,0.307448494453249,0.537383177570093,1,0.329545454545455,1,0.0250783699059561,1,0.331259720062208,0.660855784469097,0.349436392914654,0.945072697899838,0.423333333333333,0.0754098360655738,0.0682539682539682,1,1,0.348242811501597,1,0.339563862928349,1,0.831210191082803,1,0.346839546191248,1,1,1,1,0.343450479233227,1,0.346469622331691,0.224,1,0.3296,1,0.323624595469256,0.0587275693311582,1,0.337115072933549,1,1,1,0.352564102564103,1,0.352365415986949,1,0.330112721417069,1,0.331179321486268,0.0574162679425837,1,0.610084033613445,1,1,0.328990228013029,1,1,1,1,0.3424,0.334913112164297,1,1,0.335949764521193,0.320846905537459,1,0.4192,0.651162790697674,0,0.333865814696486,0.656500802568218,1,0.341307814992026,1,1,1,0.338141025641026,0.344827586206897,0.345963756177924,1,1,1,0,1,0.32843137254902,0.977635782747604,0.33868378812199,0.321027287319422,0.731825525040388,1,1,1,1,1,0.0273311897106109,0.330645161290323,0.342902711323764,1,0.666139240506329,1,1,0.998410174880763,1,1,1,0.00321543408360129,0.289763779527559,1,0.33442088091354,1,0.323671497584541,1,1,1,1,1,0.346278317152104,1,0.532338308457711,0.340288924558588,0.33968253968254,0.332247557003257,0.342948717948718,0.3488,0.423645320197044,0.348387096774194,0.338632750397456,0.324281150159744,1,0.3408,1,0.6703125,0.329052969502408,0.282504012841092,0.352941176470588,1,1,1,0.223491027732463,0.33015873015873,1,0.336617405582923,0.350387596899225,0.332268370607029,0.336507936507937,0.665064102564103,1,0.344992050874404,0.334415584415584,1,0.32512315270936,1,0.338557993730408,0.329133858267717,1,1,1,0.519169329073482,1,0.669341894060995,0.0606531881804044,0.338658146964856,1,1,0.0708661417322835,0.340288924558588,0.347611202635914,1,1,0.314553990610329,0.0158982511923688,0.0016260162601626,1,1,0.35625,0.998397435897436,1,0.326530612244898,1,1,0.329581993569132,1,1,1,1,0.348726114649682,0.328682170542636,0.343333333333333,1,1,0.656645569620253,0.335483870967742,1,0.332283464566929,0.313195548489666,1,1,1,1,1,0.343450479233227,1,1,0.0813953488372093,0.351648351648352,0.483253588516746,0.32463295269168,0.654838709677419,0.332283464566929,1,0.330112721417069,0.359746434231379,0.225396825396825,0.340729001584786,1,0.344086021505376,1,1,1,0.326298701298701,0.335925349922239,1,0.940322580645161,0.0479338842975207,1,0.329652996845426,0.339837398373984,0.326860841423948,1,0.346518987341772,0.447154471544715,0.346278317152104,0.326298701298701,0.338308457711443,0.317891373801917,1,0.338187702265372,1,1,0,1,0.337620578778135,1,1,1,0.346581875993641,1,0.330618892508143,1,0.863057324840764,1,1,1,0.330696202531646,1,1,0.329073482428115,0.326984126984127,1,1,0.3312,0.159375,1,1,1,0,0.331723027375201,1,0.329635499207607,0.210696920583468,1,0.664566929133858,0.466876971608833,1,1,0.65527950310559,0.688,0.365814696485623,1,0.340356564019449,1,1,0.349761526232114,1,1,0.00801282051282051,0.346645367412141,1,1,0.339373970345964,1,1,0.31869918699187,0.300314465408805,1,1,1,0.543443917851501,0.3296,0.366720516962843,0.332810047095761,0.34384858044164,0.672609400324149,0.350565428109855,0.345218800648298,0.334389857369255,0.212121212121212,0.336601307189543,1,0.341121495327103,1,0.32741935483871,0.0589147286821705,0.0362776025236593,1,1,0.023961661341853,1,0.664566929133858,0.0287081339712919,0.0113821138211382,1,0.660828025477707,1,1,0.529886914378029,1,0,0.0540983606557377,1,1,1,0.337115072933549,0.62691131498471,0.675496688741722,0.99194847020934,1,0.985714285714286,0.32,0.311793214862682,1,0.323624595469256,1,0.393987341772152,0.0780487804878049,0.319554848966614,0.335974643423138,0.352745424292845,1,0.0594679186228482,1,1,1,0.227707006369427,0.340425531914894,1,0.345218800648298,1,1,0.328525641025641,1,0.343605546995377,1,0.325878594249201,0.338709677419355,1,0.653658536585366,0.332288401253919,1,0.334426229508197,0.785714285714286,0.334365325077399,0.131045241809672,0.336434108527132,0.788617886178862,0.326860841423948,1,0.349206349206349,0.360890302066773,0.3104,1,1,1,0.983249581239531,0.30983606557377,1,0.339966832504146,1,0.327868852459016,0.334890965732087,1,1,1,0.9456,1,0.321928460342146,0.338658146964856,1,1,0.0405186385737439,0.0592,1,1,0.326332794830372,1,1,0.332263242375602,1,1,0.665594855305466,0.504731861198738,1,0,1,1,0.0721003134796238,0.335974643423138,1,0.346774193548387,1,0.978998384491115,1,0.850393700787402,1,0.349753694581281,1,1,1,0,0.332231404958678,1,1,0.652032520325203,1,0.334389857369255,0.38125,0.3392,1,1,1,0.069620253164557,0.333878887070376,0.066006600660066,1,0.325,0.324324324324324,0.3824,0,1,0.973058637083994,1,1,0.345541401273885,0.323854660347551,0.130016051364366,0.0225442834138486,0.334913112164297,0.329617834394904,0.335433070866142,0.00162337662337662,0.32484076433121,1,0,0.337480559875583,1,1,1,0.332802547770701,0.341194968553459,0.0232558139534884,1,0.332792207792208,0.321372854914197,1,1,0.333863275039746,0.67603305785124,1,1,0.673202614379085,1,0.328593996840442,1,0.330143540669856,0.499210110584518,0.65086887835703,0.408602150537634,1,0.316692667706708,0.337662337662338,0.662974683544304,0.650621118012422,1,0.34850863422292,1,0.344287949921753,1,0.33495145631068,0.331715210355987,0.378421900161031,0.508828250401284,0.335526315789474,0.32520325203252,0.651757188498403,0.334920634920635,0.124792013311148,1,0,1,0.306156405990017,1,0,0.340288924558588,0.336633663366337,1,0.0403726708074534,1,0.0643086816720257,0.355877616747182,1,0.0522151898734177,0.661392405063291,1,1,1,0.326666666666667,0.0234741784037559,1,0.462279293739968,0.07085346215781,0.382445141065831,0.339593114241002,0.342723004694836,1,1,1,1,1,0.0512422360248447,0.996875,0.673534072900158,0.00307692307692308,0.337060702875399,1,1,1,1,0.0591054313099042,0.333858267716535,1,1,1,1,1,1,0.458860759493671,0.0016366612111293,1,0.0661417322834646,0.342948717948718,0.409888357256778,1,0.421393841166937,0.332236842105263,0.327476038338658,1,0.0258899676375405,0.3392,1,1,0.393148450244698,0.328050713153724,0.3264,0.333333333333333,1,0.335483870967742,0.334405144694534,0.407108239095315,0.336585365853659,0.985736925515055,0.327613104524181,0.0587275693311582,0.34991974317817,0,1,0.0655737704918033,0.324590163934426,0.340425531914894,0.341894060995185,1,1,1,1,1,1,0.354735152487962,1,0.333333333333333,0.329411764705882,0.595541401273885,0.659163987138264,1,1,0,0.333850931677019,0.0920634920634921,1,0.0211038961038961,1,1,0.329581993569132,1,1,0.610749185667752,0.415841584158416,0.996951219512195,0.0633116883116883,0.0750407830342577,1,1,1,0.0637958532695375,0,0.3421875,0.45718901453958,0.332807570977918,0,0.348258706467662,0.0650406504065041,1,1,0.337579617834395,0.335463258785943,0.201587301587302,0.343450479233227,0.334905660377358,0.335433070866142,1,1,0.340909090909091,1,0,1,0.1968,1,0.653907496012759,1,0.329581993569132,0.328382838283828,0.0592948717948718,0.664576802507837,1,1,0.785829307568438,0.896381578947368,0.332242225859247,0.337096774193548,1,0.333870967741935,0.2272,0.340390879478827,1,0.0769230769230769,1,1,0.339228295819936,0.663398692810457,0.327922077922078,1,1,0.327014218009479,0.322632423756019,0.337539432176656,0.845276872964169,0.338235294117647,1,0.042654028436019,1,1,0.675632911392405,0.625407166123778,0.336633663366337,0.0412698412698413,0.348314606741573,1,1,0.321486268174475,0.353697749196141,0.595541401273885,1,0.329133858267717,0.377207062600321,0.330143540669856,0.987381703470032,0.453957996768982,0.0048,0.324921135646688,0.338582677165354,0.34640522875817,0.332784184514003,0.336463223787167,0.968404423380727,1,0.337620578778135,0.523809523809524,0.669381107491857,0.206572769953052,0.671742808798646,1,0.342313787638669,0.00323624595469256,0.345161290322581,0.332278481012658,0.356012658227848,0.340909090909091,0,0.354066985645933,0.336569579288026,0.346341463414634,0.335453100158982
"663",1,1,1,1,1,1,0.71658615136876,1,1,0.113636363636364,1,0.0520504731861199,0.802215189873418,1,0.311183144246353,0.29635499207607,0.0760697305863708,0.68976897689769,1,1,0.281004709576138,0.312903225806452,1,0.160629921259843,1,0.318327974276527,0.305057096247961,1,1,0.778846153846154,0.296529968454259,0.722397476340694,0.963665086887836,0.29951690821256,0,1,0.5648,1,0.289433384379786,1,0.670988654781199,0.681020733652313,0.698924731182796,1,1,0.300813008130081,0.306709265175719,0.304075235109718,0.310126582278481,0.318818040435459,0,1,0.302034428794992,1,1,0.478896103896104,0.576547231270358,1,1,1,0.320695102685624,0.310126582278481,0.308441558441558,0.693522906793049,1,1,0.0435483870967742,1,0.0672782874617737,0.306603773584906,1,0.30622009569378,0.315359477124183,0.965909090909091,0.527733755942948,1,0.302652106084243,0.330188679245283,1,0.306320907617504,0.0935960591133005,0.314606741573034,0.323101777059774,1,0.327447833065811,1,1,1,1,0.707936507936508,1,1,0.00157728706624606,0.113385826771654,1,0.0510046367851623,0,1,0.572357723577236,0.684039087947883,1,0.0634920634920635,0.3056,1,0.302066772655008,1,0.688,1,0.3088,0.310832025117739,0.311216429699842,1,0.307936507936508,1,0.500784929356358,1,0.305732484076433,0.297637795275591,0.319314641744548,0.304347826086957,0.481717011128776,0.998412698412698,0.3125,0.301980198019802,1,0.287539936102236,1,1,0.339652448657188,0.549079754601227,1,0.30064308681672,1,0.0474732006125574,1,0.30503144654088,0.687697160883281,0.318181818181818,0.920840064620355,0.433224755700326,0.112359550561798,0.102685624012638,1,1,0.319554848966614,1,0.311349693251534,1,0.79874213836478,1,0.309328968903437,1,1,1,1,0.329052969502408,1,0.310789049919485,0.259026687598116,1,0.308777429467085,1,0.29570747217806,0.0925324675324675,1,0.300324675324675,1,1,1,0.324921135646688,1,0.313504823151125,1,0.300787401574803,1,0.315112540192926,0.0858505564387917,1,0.641447368421053,1,1,0.305194805194805,1,1,1,1,0.312101910828025,0.306853582554517,1,0.998425196850394,0.311627906976744,0.305691056910569,1,0.458990536277603,0.676923076923077,0,0.314641744548287,0.674641148325359,1,0.3125,1,0.998425196850394,1,0.308306709265176,0.313572542901716,0.311582381729201,1,1,1,0,1,0.302100161550889,0.969648562300319,0.311290322580645,0.29903536977492,0.747634069400631,1,1,1,1,1,0.0492845786963434,0.304347826086957,0.3198127925117,1,0.686028257456829,1,1,0.998394863563403,0.998430141287284,1,1,0.0046801872074883,0.328682170542636,1,0.306188925081433,1,0.303317535545024,1,1,1,1,1,0.313213703099511,1,0.493527508090615,0.313099041533546,0.31974921630094,0.298555377207063,0.301916932907348,0.314102564102564,0.415986949429038,0.32484076433121,0.305732484076433,0.292063492063492,1,0.32,1,0.69375,0.305111821086262,0.318181818181818,0.319805194805195,1,1,1,0.266244057052298,0.298904538341158,1,0.313915857605178,0.31832298136646,0.305863708399366,0.311501597444089,0.691943127962085,1,0.311145510835913,0.308064516129032,1,0.302287581699346,1,0.302469135802469,0.303125,1,1,1,0.552166934189406,1,0.700159489633174,0.0929878048780488,0.311320754716981,1,1,0.108864696734059,0.309178743961353,0.314606741573034,1,1,0.290679304897314,0.0285714285714286,0.00320512820512821,1,1,0.320695102685624,0.998397435897436,1,0.301710730948678,1,1,0.310509554140127,1,1,1,1,0.32,0.307110438729198,0.31869918699187,1,1,0.688188976377953,0.308306709265176,1,0.307086614173228,0.287319422150883,1,1,0.998447204968944,1,1,0.315457413249211,1,1,0.111295681063123,0.329153605015674,0.482258064516129,0.295527156549521,0.6816,0.301587301587302,1,0.302884615384615,0.319488817891374,0.263975155279503,0.310509554140127,1,0.32093023255814,1,1,1,0.306089743589744,0.313971742543171,0.998410174880763,0.916129032258065,0.072,1,0.313971742543171,0.316912972085386,0.30016051364366,1,0.319314641744548,0.481012658227848,0.318979266347687,0.297906602254428,0.307817589576547,0.2944,1,0.311688311688312,1,1,0,1,0.311004784688995,1,1,1,0.313504823151125,1,0.304487179487179,1,0.83125,1,1,1,0.306962025316456,1,1,0.304552590266876,0.306581059390048,1,1,0.304278922345483,0.195348837209302,1,0.998420221169036,1,0,0.302250803858521,1,0.298273155416013,0.254807692307692,1,0.682389937106918,0.408163265306122,1,1,0.690769230769231,0.715654952076677,0.333863275039746,1,0.309061488673139,1,1,0.323671497584541,1,0.998394863563403,0.00972447325769854,0.312602291325696,1,1,0.317073170731707,1,1,0.303858520900322,0.347417840375587,1,1,1,0.522012578616352,0.30298273155416,0.337078651685393,0.304615384615385,0.3264,0.696920583468395,0.31496062992126,0.319182389937107,0.30829420970266,0.250391236306729,0.313915857605178,1,0.309968847352025,0.998412698412698,0.307570977917981,0.0946564885496183,0.0586370839936609,1,1,0.0448,1,0.689655172413793,0.0480769230769231,0.0144,1,0.688709677419355,1,1,0.547770700636943,1,0,0.0861788617886179,1,1,1,0.3104,0.664624808575804,0.701986754966887,0.99211356466877,1,0.979365079365079,0.296875,0.343548387096774,1,0.28780487804878,1,0.362341772151899,0.109697933227345,0.295133437990581,0.311424100156495,0.319039451114923,1,0.0910518053375196,1,1,1,0.262422360248447,0.309061488673139,1,0.309061488673139,1,1,0.305511811023622,1,0.310185185185185,1,0.302250803858521,0.306451612903226,1,0.681818181818182,0.308411214953271,1,0.298555377207063,0.75625,0.309148264984227,0.167456556082148,0.309119010819165,0.764991896272285,0.302134646962233,1,0.313195548489666,0.325434439178515,0.28343949044586,1,1,1,0.967213114754098,0.345454545454545,1,0.320388349514563,1,0.308319738988581,0.313572542901716,1,1,1,0.912559618441971,1,0.303738317757009,0.313971742543171,1,1,0.0589171974522293,0.086677367576244,1,1,0.290529695024077,1,1,0.302547770700637,1,1,0.693163751987281,0.546583850931677,1,0,1,1,0.109717868338558,0.312,1,0.313504823151125,0.998392282958199,0.963141025641026,0.998415213946117,0.818471337579618,1,0.320907617504052,1,1,1,0,0.306425041186161,1,1,0.67948717948718,1,0.312599681020734,0.338658146964856,0.319685039370079,1,1,1,0.100313479623824,0.305958132045089,0.101141924959217,0.998384491114701,0.297045101088647,0.302507836990596,0.346153846153846,0,1,0.952456418383518,1,1,0.308917197452229,0.291079812206573,0.166397415185784,0.046474358974359,0.303514376996805,0.302250803858521,0.320872274143302,0.00162074554294976,0.303514376996805,1,0,0.3109375,1,1,1,0.304416403785489,0.311708860759494,0.0383333333333333,1,0.303858520900322,0.302034428794992,1,1,0.313099041533546,0.712396694214876,1,1,0.705691056910569,1,0.303599374021909,1,0.303174603174603,0.530232558139535,0.68362480127186,0.408536585365854,1,0.287735849056604,0.314375987361769,0.686305732484076,0.676970633693972,1,0.314465408805031,1,0.314152410575428,1,0.308661417322835,0.31139646869984,0.335463258785943,0.525396825396825,0.3042071197411,0.299837925445705,0.67817896389325,0.307936507936508,0.152317880794702,1,0,1,0.287319422150883,1,0,0.312101910828025,0.302439024390244,1,0.0638297872340425,1,0.0897435897435897,0.330065359477124,1,0.0753532182103611,0.678855325914149,1,1,1,0.302439024390244,0.0446841294298921,1,0.407704654895666,0.106382978723404,0.343122102009274,0.312989045383412,0.317757009345794,1,1,1,1,1,0.0743034055727554,0.9953125,0.694488188976378,0.00455235204855842,0.312302839116719,1,1,1,1,0.0940988835725678,0.298136645962733,1,1,1,1,1,1,0.5,0.00159235668789809,1,0.093167701863354,0.312893081761006,0.437201907790143,1,0.382636655948553,0.303921568627451,0.310236220472441,1,0.0461783439490446,0.309636650868878,1,1,0.366288492706645,0.302362204724409,0.302884615384615,0.311774461028192,0.998439937597504,0.315619967793881,0.314152410575428,0.401929260450161,0.310897435897436,0.967238689547582,0.303680981595092,0.0931372549019608,0.316957210776545,0,1,0.101449275362319,0.292962356792144,0.310289389067524,0.312,1,1,1,1,1,1,0.324193548387097,1,0.305164319248826,0.302521008403361,0.595846645367412,0.695859872611465,1,1,0,0.30757341576507,0.117647058823529,0.998454404945904,0.0401284109149278,1,1,0.296900489396411,1,1,0.619124797406807,0.417218543046358,0.995440729483283,0.0904605263157895,0.106969205834684,1,1,1,0.0982286634460548,0,0.31104199066874,0.406299212598425,0.30077519379845,0,0.317384370015949,0.0978792822185971,1,1,0.3078125,0.312202852614897,0.244408945686901,0.324675324675325,0.302362204724409,0.309033280507132,1,1,0.312599681020734,1,0,1,0.228070175438596,1,0.68621236133122,1,0.296950240770466,0.305057096247961,0.084375,0.680445151033386,1,1,0.800653594771242,0.892915980230643,0.309677419354839,0.30718954248366,1,0.304897314375987,0.259968102073365,0.305057096247961,1,0.109177215189873,1,1,0.309178743961353,0.689710610932476,0.296900489396411,1,1,0.299840510366826,0.296825396825397,0.307098765432099,0.855973813420622,0.301794453507341,1,0.0642633228840125,1,1,0.705974842767296,0.661949685534591,0.304918032786885,0.0654952076677316,0.315619967793881,1,1,0.293739967897271,0.321486268174475,0.638801261829653,1,0.29559748427673,0.374803149606299,0.2976,0.986003110419907,0.486443381180223,0.00479233226837061,0.29570747217806,0.314329738058552,0.322475570032573,0.311582381729201,0.3078125,0.972350230414747,1,0.303030303030303,0.561374795417349,0.693181818181818,0.240566037735849,0.694352159468439,1,0.3125,0.00319488817891374,0.318840579710145,0.300940438871473,0.3632,0.31139646869984,0,0.322169059011164,0.317965023847377,0.312703583061889,0.299050632911392
"664",1,1,1,1,1,1,0.705229793977813,1,1,0.0932475884244373,1,0.0426829268292683,0.81259842519685,1,0.315132605304212,0.302034428794992,0.0611620795107034,0.698205546492659,1,1,0.295031055900621,0.312989045383412,1,0.158631415241058,1,0.322429906542056,0.309148264984227,1,1,0.789308176100629,0.306027820710974,0.733128834355828,0.96937212863706,0.307086614173228,0,1,0.538699690402477,1,0.289592760180996,1,0.667185069984448,0.683641975308642,0.703363914373089,1,1,0.31629392971246,0.3140625,0.307458143074581,0.315548780487805,0.317972350230415,0,1,0.304281345565749,1,1,0.492088607594937,0.561708860759494,1,1,1,0.319444444444444,0.313572542901716,0.313385826771654,0.679748822605965,1,1,0.0347003154574132,1,0.0590015128593041,0.314503816793893,1,0.310769230769231,0.323809523809524,0.971246006389776,0.507692307692308,1,0.303625377643505,0.33587786259542,1,0.307941653160454,0.0855784469096672,0.318110236220472,0.31875,1,0.328197226502311,1,1,1,1,0.694704049844237,1,1,0.00156985871271586,0.0996884735202492,1,0.0453857791225416,0,1,0.558213716108453,0.682034976152623,1,0.0546021840873635,0.3078125,1,0.306853582554517,1,0.687116564417178,1,0.302325581395349,0.311145510835913,0.316998468606432,1,0.311424100156495,1,0.491628614916286,1,0.299373040752351,0.296754250386399,0.318731117824773,0.304897314375987,0.48297213622291,1,0.322085889570552,0.304975922953451,1,0.29595015576324,1,1,0.324615384615385,0.541033434650456,1,0.306729264475743,1,0.0404191616766467,1,0.306990881458967,0.686153846153846,0.32018927444795,0.932203389830508,0.420382165605096,0.100470957613815,0.0907668231611894,1,1,0.327102803738318,1,0.314674735249622,1,0.803951367781155,1,0.318910256410256,1,1,1,1,0.326053042121685,1,0.314465408805031,0.254992319508449,1,0.311450381679389,1,0.296703296703297,0.0860719874804382,1,0.300787401574803,1,1,1,0.331804281345566,1,0.324960753532182,1,0.303738317757009,1,0.312111801242236,0.0735068912710567,1,0.639291465378422,1,1,0.300157977883096,1,1,1,1,0.309375,0.30568356374808,1,1,0.308282208588957,0.299843014128728,1,0.447368421052632,0.66969696969697,0,0.310185185185185,0.67817896389325,1,0.321592649310873,1,1,1,0.317411402157165,0.307926829268293,0.3203125,1,1,1,0,1,0.3,0.973312401883831,0.316118935837246,0.306376360808709,0.745341614906832,1,1,1,1,1,0.0417956656346749,0.30173775671406,0.317829457364341,1,0.690658499234303,1,1,0.998420221169036,1,1,1,0.00464396284829721,0.31969696969697,1,0.304552590266876,1,0.293577981651376,1,1,1,1,1,0.317262830482115,1,0.510236220472441,0.321766561514196,0.320552147239264,0.298273155416013,0.315541601255887,0.321483771251932,0.408517350157729,0.317829457364341,0.304953560371517,0.308623298033283,1,0.312693498452012,1,0.696509863429439,0.309486780715397,0.311349693251534,0.329192546583851,1,1,1,0.257009345794392,0.309815950920245,1,0.310344827586207,0.318952234206472,0.306729264475743,0.308396946564885,0.691943127962085,1,0.321212121212121,0.308306709265176,1,0.292604501607717,1,0.296923076923077,0.307219662058372,1,1,1,0.536050156739812,1,0.68944099378882,0.0819423368740516,0.316692667706708,1,1,0.0929133858267717,0.312210200927357,0.316118935837246,1,1,0.301242236024845,0.0229709035222052,0.00314465408805031,1,1,0.332312404287902,0.998461538461539,1,0.301075268817204,1,1,0.30781010719755,1,1,1,1,0.321483771251932,0.302891933028919,0.317384370015949,1,1,0.673312883435583,0.31201248049922,1,0.309923664122137,0.28902627511592,1,1,1,1,1,0.316118935837246,1,1,0.11128526645768,0.329738058551618,0.481191222570533,0.301412872841444,0.677621283255086,0.308641975308642,1,0.299684542586751,0.327014218009479,0.262269938650307,0.308623298033283,1,0.320668693009119,1,1,1,0.301092043681747,0.316742081447964,1,0.932584269662921,0.0627009646302251,1,0.302180685358255,0.31637519872814,0.305993690851735,1,0.325153374233129,0.46676970633694,0.315301391035549,0.311216429699842,0.306962025316456,0.302795031055901,1,0.312893081761006,1,1,0,1,0.310725552050473,1,1,1,0.314553990610329,1,0.311111111111111,1,0.840245775729647,1,1,1,0.302936630602782,1,1,0.301538461538462,0.301391035548686,1,1,0.305343511450382,0.193645990922844,1,1,1,0,0.301261829652997,1,0.299079754601227,0.243788819875776,1,0.68380062305296,0.43969465648855,1,1,0.687407407407407,0.704225352112676,0.337920489296636,1,0.31974921630094,1,1,0.330173775671406,1,1,0.0094488188976378,0.319685039370079,1,1,0.315873015873016,1,1,0.303030303030303,0.334883720930233,1,1,1,0.530139103554869,0.308282208588957,0.339089481946625,0.312688821752266,0.32093023255814,0.695517774343122,0.316998468606432,0.315132605304212,0.309815950920245,0.242612752721617,0.308917197452229,1,0.316742081447964,1,0.315629742033384,0.0778443113772455,0.0547945205479452,1,1,0.0391236306729265,1,0.69195751138088,0.0446841294298921,0.010989010989011,1,0.686821705426357,1,1,0.542452830188679,1,0,0.0674157303370786,1,1,1,0.319314641744548,0.652757078986587,0.703225806451613,0.99537750385208,1,0.9859375,0.297971918876755,0.32755905511811,1,0.293460925039872,1,0.361111111111111,0.10377358490566,0.3,0.312874251497006,0.323333333333333,1,0.0718654434250764,1,1,1,0.258751902587519,0.316455696202532,1,0.310832025117739,1,1,0.301075268817204,1,0.313725490196078,1,0.304416403785489,0.314728682170543,1,0.685126582278481,0.306427503736921,1,0.30503144654088,0.760869565217391,0.314112291350531,0.157814871016692,0.322869955156951,0.768253968253968,0.304416403785489,1,0.319571865443425,0.331288343558282,0.288372093023256,1,1,1,0.97258064516129,0.338658146964856,1,0.312599681020734,1,0.31139646869984,0.320726172465961,1,1,1,0.925349922239502,1,0.303215926493109,0.313971742543171,1,1,0.0440251572327044,0.0832025117739403,1,1,0.297124600638978,1,1,0.311627906976744,1,1,0.690993788819876,0.532012195121951,1,0,1,1,0.0955993930197269,0.316923076923077,1,0.320373250388802,1,0.968847352024922,1,0.820121951219512,1,0.327974276527331,1,1,1,0,0.306581059390048,1,1,0.67246835443038,1,0.3109375,0.366614664586583,0.316436251920123,1,1,1,0.0866261398176292,0.314465408805031,0.0845295055821372,1,0.301075268817204,0.302611367127496,0.356374807987711,0,1,0.957878315132605,1,1,0.317034700315457,0.294656488549618,0.156299840510367,0.0357698289269051,0.311424100156495,0.298904538341158,0.316770186335404,0.00158478605388273,0.308049535603715,1,0,0.313546423135464,1,1,1,0.313846153846154,0.309559939301973,0.0300157977883096,1,0.30829420970266,0.298003072196621,1,1,0.309597523219814,0.702746365105008,1,1,0.689274447949527,1,0.304747320061256,1,0.310077519379845,0.535384615384615,0.675799086757991,0.39453717754173,1,0.289393939393939,0.304953560371517,0.686064318529862,0.67629179331307,1,0.319634703196347,1,0.314842578710645,1,0.306376360808709,0.309748427672956,0.360808709175739,0.524539877300613,0.3125,0.303738317757009,0.6671826625387,0.308755760368664,0.153846153846154,1,0,1,0.290571870170015,1,0,0.315047021943574,0.310509554140127,1,0.055472263868066,1,0.082018927444795,0.341194968553459,1,0.0606531881804044,0.677018633540373,1,1,1,0.30622009569378,0.04,1,0.430577223088924,0.0904836193447738,0.355384615384615,0.318042813455657,0.308527131782946,1,1,1,1,1,0.0647590361445783,0.995461422087746,0.696594427244582,0.00451807228915663,0.318461538461538,1,1,1,1,0.0850077279752705,0.312594840667678,1,1,1,1,1,1,0.486196319018405,0.0015600624024961,1,0.0793893129770992,0.315132605304212,0.42992125984252,1,0.393026941362916,0.301765650080257,0.306625577812018,1,0.0410742496050553,0.313755795981453,1,1,0.371835443037975,0.306976744186047,0.299382716049383,0.313408723747981,1,0.327102803738318,0.309815950920245,0.408385093167702,0.313479623824451,0.976708074534162,0.306990881458967,0.0800627943485086,0.314641744548287,0,1,0.083596214511041,0.302839116719243,0.310664605873261,0.309262166405024,1,1,1,1,1,1,0.325434439178515,1,0.304416403785489,0.3125,0.598159509202454,0.688291139240506,1,1,0,0.305597579425113,0.1140625,1,0.0341614906832298,1,1,0.302694136291601,1,1,0.617693522906793,0.40224358974359,0.997041420118343,0.0765625,0.0946372239747634,1,1,1,0.081377151799687,0,0.307453416149068,0.4203125,0.306278713629403,0,0.322932917316693,0.0833333333333333,1,1,0.316666666666667,0.312693498452012,0.241538461538462,0.328050713153724,0.305471124620061,0.31441717791411,1,1,0.315625,1,0,1,0.221698113207547,1,0.686153846153846,1,0.308892355694228,0.2976,0.0714285714285714,0.682442748091603,1,1,0.79375,0.888,0.316614420062696,0.312698412698413,1,0.315132605304212,0.257009345794392,0.318255250403877,1,0.0966257668711656,1,1,0.312597200622084,0.6890625,0.304,1,1,0.310077519379845,0.298621745788668,0.310708898944193,0.862123613312203,0.309148264984227,1,0.0569230769230769,1,1,0.702954898911353,0.655712050078247,0.318840579710145,0.0525502318392581,0.312401883830455,1,1,0.303125,0.318110236220472,0.628440366972477,1,0.305084745762712,0.36500754147813,0.30030959752322,0.98340874811463,0.481946624803768,0.00461538461538462,0.299382716049383,0.313935681470138,0.324492979719189,0.310618066561014,0.311077389984825,0.972477064220184,1,0.309119010819165,0.551834130781499,0.691573926868045,0.240121580547112,0.688888888888889,1,0.314241486068111,0.00157728706624606,0.320433436532508,0.300925925925926,0.3609375,0.314465408805031,0,0.326153846153846,0.311501597444089,0.317610062893082,0.30757341576507
"665",1,1,1,1,1,1,0.710144927536232,1,1,0.0925039872408294,1,0.0403726708074534,0.815457413249211,1,0.309262166405024,0.30188679245283,0.0571870170015456,0.695439739413681,1,1,0.289922480620155,0.299684542586751,1,0.155384615384615,1,0.321100917431193,0.306729264475743,1,1,0.784375,0.308166409861325,0.72884012539185,0.964669738863287,0.314152410575428,0,1,0.554160125588697,1,0.293413173652695,1,0.67817896389325,0.686064318529862,0.70196671709531,1,1,0.307817589576547,0.306027820710974,0.301075268817204,0.324116743471582,0.326086956521739,0,1,0.307458143074581,1,1,0.484375,0.566510172143975,1,1,1,0.326687116564417,0.314553990610329,0.313880126182965,0.684698608964451,1,1,0.0310077519379845,1,0.0501519756838906,0.31039755351682,1,0.314503816793893,0.322528363047002,0.973143759873618,0.524691358024691,1,0.304281345565749,0.335384615384615,1,0.311688311688312,0.0868167202572347,0.319685039370079,0.328100470957614,1,0.329230769230769,1,1,1,1,0.698289269051322,1,1,0.00155763239875389,0.100463678516229,1,0.0429447852760736,0,1,0.56984126984127,0.682464454976303,1,0.0498442367601246,0.310077519379845,1,0.311320754716981,1,0.695987654320988,1,0.312893081761006,0.313455657492355,0.311349693251534,1,0.320433436532508,1,0.490196078431373,1,0.310344827586207,0.297045101088647,0.322188449848024,0.3078125,0.485271317829457,1,0.318042813455657,0.3046875,1,0.303030303030303,1,1,0.327102803738318,0.534351145038168,1,0.308527131782946,1,0.0363086232980333,1,0.303076923076923,0.681114551083591,0.32120253164557,0.936532507739938,0.423510466988728,0.101721439749609,0.0948678071539658,1,1,0.321372854914197,1,0.31437125748503,1,0.799396681749623,1,0.308186195826645,1,1,1,1,0.325984251968504,1,0.314465408805031,0.253086419753086,1,0.309923664122137,1,0.29922480620155,0.0784929356357928,1,0.302884615384615,1,1,1,0.334862385321101,1,0.325984251968504,1,0.299694189602446,1,0.317262830482115,0.0719754977029096,1,0.639871382636656,1,1,0.308056872037915,1,1,1,1,0.31619937694704,0.303738317757009,1,1,0.312788906009245,0.302066772655008,1,0.442396313364055,0.674174174174174,0,0.310291858678955,0.677621283255086,1,0.320610687022901,1,1,1,0.312693498452012,0.316590563165906,0.323854660347551,1,1,1,0,1,0.30379746835443,0.976851851851852,0.317757009345794,0.302795031055901,0.752351097178683,1,1,1,1,1,0.0387596899224806,0.314152410575428,0.321483771251932,1,0.682588597842835,1,1,0.998444790046656,1,1,1,0.00307692307692308,0.32093023255814,1,0.303656597774245,1,0.290625,1,1,1,1,1,0.317683881064163,1,0.502384737678855,0.322932917316693,0.321044546850998,0.313084112149533,0.316037735849057,0.325984251968504,0.416666666666667,0.325038880248834,0.310452418096724,0.308282208588957,1,0.310725552050473,1,0.693474962063733,0.306748466257669,0.30568356374808,0.319182389937107,1,1,1,0.250778816199377,0.303875968992248,1,0.320126782884311,0.31570996978852,0.303215926493109,0.317557251908397,0.692913385826772,1,0.314112291350531,0.308892355694228,1,0.294685990338164,1,0.3046875,0.308868501529052,1,1,1,0.544323483670295,1,0.694968553459119,0.0779816513761468,0.313084112149533,1,1,0.093167701863354,0.314814814814815,0.318471337579618,1,1,0.295731707317073,0.0202808112324493,0.00158227848101266,1,1,0.334341906202723,0.998435054773083,1,0.302147239263804,1,1,0.316436251920123,1,1,1,1,0.320493066255778,0.303625377643505,0.325242718446602,1,1,0.671779141104294,0.310452418096724,1,0.316742081447964,0.290625,1,1,1,1,1,0.319444444444444,1,1,0.109697933227345,0.327245053272451,0.473520249221184,0.305379746835443,0.676056338028169,0.308166409861325,1,0.310236220472441,0.330670926517572,0.250388802488336,0.30640243902439,1,0.320300751879699,1,1,1,0.304012345679012,0.315950920245399,1,0.932038834951456,0.0613207547169811,1,0.308049535603715,0.310126582278481,0.310077519379845,1,0.324200913242009,0.476851851851852,0.32398753894081,0.303738317757009,0.304975922953451,0.296411856474259,1,0.310832025117739,1,1,0,1,0.314728682170543,1,1,1,0.319182389937107,1,0.30622009569378,1,0.834890965732087,1,1,1,0.311526479750779,1,1,0.307453416149068,0.314728682170543,1,1,0.308892355694228,0.183076923076923,1,1,1,0,0.303937007874016,1,0.308411214953271,0.241001564945227,1,0.679566563467492,0.433130699088146,1,1,0.680119581464873,0.711180124223602,0.343122102009274,1,0.311728395061728,1,1,0.320251177394035,1,1,0.00619195046439629,0.311320754716981,1,1,0.32120253164557,1,1,0.305164319248826,0.337962962962963,1,1,1,0.517133956386293,0.310291858678955,0.332810047095761,0.311550151975684,0.324116743471582,0.693522906793049,0.324074074074074,0.321428571428571,0.306153846153846,0.236306729264476,0.306603773584906,1,0.316030534351145,1,0.312404287901991,0.0784313725490196,0.0474006116207951,1,1,0.0366412213740458,1,0.697852760736196,0.0386398763523957,0.0093603744149766,1,0.690184049079755,1,1,0.533333333333333,1,0,0.0701754385964912,1,1,1,0.311424100156495,0.658170914542729,0.697560975609756,0.993855606758833,1,0.986175115207373,0.296875,0.337461300309598,1,0.296062992125984,1,0.361067503924647,0.105095541401274,0.308980213089802,0.317700453857791,0.325581395348837,1,0.0726429675425039,1,1,1,0.251127819548872,0.31629392971246,1,0.316535433070866,1,1,0.308755760368664,1,0.318250377073906,1,0.304212168486739,0.313385826771654,1,0.684867394695788,0.310708898944193,1,0.310725552050473,0.757296466973886,0.32,0.153846153846154,0.317365269461078,0.769592476489028,0.300476947535771,1,0.321044546850998,0.332822085889571,0.283950617283951,1,1,1,0.972536348949919,0.340322580645161,1,0.324237560192616,1,0.305825242718447,0.30781010719755,1,1,1,0.924764890282132,1,0.306625577812018,0.313664596273292,1,1,0.0394321766561514,0.0796875,1,1,0.300157977883096,1,1,0.309486780715397,1,1,0.688271604938272,0.543076923076923,1,0,1,1,0.099236641221374,0.311827956989247,1,0.316770186335404,1,0.965408805031447,1,0.822085889570552,1,0.323101777059774,1,1,1,0,0.304560260586319,1,1,0.679748822605965,1,0.309375,0.357698289269051,0.314728682170543,1,1,1,0.0871559633027523,0.313479623824451,0.0853462157809984,1,0.301829268292683,0.301059001512859,0.339506172839506,0,1,0.958268933539413,1,1,0.316957210776545,0.298192771084337,0.156739811912226,0.0359375,0.313572542901716,0.306501547987616,0.325077399380805,0.00157232704402516,0.305084745762712,1,0,0.315151515151515,1,1,1,0.314503816793893,0.316742081447964,0.0338164251207729,1,0.31201248049922,0.294656488549618,1,1,0.308282208588957,0.704545454545455,1,1,0.694620253164557,1,0.302003081664099,1,0.306603773584906,0.53822629969419,0.67737003058104,0.395802098950525,1,0.295558958652374,0.313664596273292,0.688271604938272,0.671274961597542,1,0.311728395061728,1,0.319213313161876,1,0.31104199066874,0.304140127388535,0.340157480314961,0.508500772797527,0.311811023622047,0.299050632911392,0.675425038639876,0.310769230769231,0.1456,1,0,1,0.291798107255521,1,0,0.317683881064163,0.312101910828025,1,0.0526315789473684,1,0.0845070422535211,0.32755905511811,1,0.0564024390243902,0.684292379471229,1,1,1,0.302250803858521,0.0365296803652968,1,0.423493044822257,0.0894819466248038,0.345808383233533,0.317829457364341,0.311926605504587,1,1,1,1,1,0.0591805766312595,0.995529061102832,0.693939393939394,0.00298507462686567,0.317829457364341,1,1,1,1,0.0821705426356589,0.311077389984825,1,1,1,1,1,1,0.492354740061162,0.00155763239875389,1,0.0779816513761468,0.313364055299539,0.437106918238994,1,0.38740157480315,0.307814992025518,0.304821150855365,1,0.0341085271317829,0.308396946564885,1,1,0.370839936608558,0.303405572755418,0.296754250386399,0.310789049919485,1,0.3184,0.313846153846154,0.401253918495298,0.306853582554517,0.979876160990712,0.305847076461769,0.0805687203791469,0.318252730109204,0,1,0.0832,0.292569659442724,0.318818040435459,0.308892355694228,1,1,1,1,1,1,0.323763955342903,1,0.313971742543171,0.315875613747954,0.603658536585366,0.694006309148265,1,1,0,0.31039755351682,0.117647058823529,1,0.0293663060278207,1,1,0.305511811023622,1,1,0.616954474097331,0.409677419354839,0.99702380952381,0.0765625,0.101105845181675,1,1,1,0.0839813374805599,0,0.316030534351145,0.41875,0.308868501529052,0,0.322784810126582,0.0824088748019017,1,1,0.311178247734139,0.31859756097561,0.236024844720497,0.333333333333333,0.307098765432099,0.315384615384615,1,1,0.319685039370079,1,0,1,0.214849921011058,1,0.682442748091603,1,0.312989045383412,0.303174603174603,0.0749235474006116,0.681957186544342,1,1,0.806299212598425,0.900161030595813,0.316614420062696,0.304897314375987,1,0.310452418096724,0.25,0.315873015873016,1,0.098613251155624,1,1,0.316692667706708,0.686900958466454,0.307324840764331,1,1,0.29984544049459,0.299079754601227,0.315868263473054,0.849293563579278,0.309262166405024,1,0.0540123456790123,1,1,0.702290076335878,0.652173913043478,0.321027287319422,0.0515625,0.314152410575428,1,1,0.304075235109718,0.316358024691358,0.64,1,0.303680981595092,0.369397217928903,0.303543913713405,0.983076923076923,0.478672985781991,0.00307692307692308,0.293394777265745,0.315151515151515,0.322834645669291,0.307448494453249,0.31651376146789,0.975270479134467,1,0.309119010819165,0.553429027113238,0.694006309148265,0.229813664596273,0.6928,1,0.317411402157165,0.00157728706624606,0.320121951219512,0.303543913713405,0.358346094946401,0.318037974683544,0,0.327666151468315,0.310725552050473,0.31974921630094,0.306976744186047
"666",0.0674846625766871,0.0642201834862385,0.0574886535552194,0.0590062111801242,0.0643185298621746,0.0657492354740061,0.35981308411215,0.0664605873261206,0.0677710843373494,0.976415094339623,0.0600600600600601,0.975903614457831,0.119448698315467,0.0644171779141104,0.623475609756098,0.632375189107413,0.998502994011976,0.382775119617225,0.0632716049382716,0.0653495440729483,0.642201834862385,0.620743034055728,0.0637982195845697,0.915644171779141,0.0711111111111111,0.605740181268882,0.613104524180967,0.0638629283489097,0.0709969788519638,0.149922720247295,0.628398791540785,0.190045248868778,0.0515151515151515,0.624233128834356,0.944869831546707,0.0700636942675159,0.536697247706422,0.0643712574850299,0.642228739002933,0.0674662668665667,0.401515151515151,0.381954887218045,0.380740740740741,0.0660522273425499,0.0684931506849315,0.609642301710731,0.623277182235835,0.626865671641791,0.61698956780924,0.602719033232628,0.936555891238671,0.065015479876161,0.623493975903614,0.0676691729323308,0.0656488549618321,0.431432973805855,0.50693374422188,0.0648567119155355,0.0693815987933635,0.0698027314112291,0.597922848664688,0.619119878603945,0.622496147919877,0.39509954058193,0.0686427457098284,0.0706766917293233,0.986280487804878,0.0669710806697108,1,0.611111111111111,0.0621212121212121,0.619119878603945,0.604651162790698,0.101246105919003,0.5625,0.0662739322533137,0.629850746268657,0.602698650674663,0.0662650602409639,0.615023474178404,0.976599063962558,0.609160305343511,0.613636363636364,0.0677710843373494,0.602134146341463,0.0652818991097923,0.067175572519084,0.0626911314984709,0.0637329286798179,0.370481927710843,0.0632716049382716,0.0601173020527859,0.93993993993994,0.971385542168675,0.0588235294117647,0.980421686746988,0.934947049924357,0.0647590361445783,0.510971786833856,0.388973966309342,0.0640243902439024,1,0.63013698630137,0.0677165354330709,0.617824773413897,0.0600924499229584,0.383458646616541,0.0690184049079755,0.616793893129771,0.618098159509202,0.614114114114114,0.0707831325301205,0.601217656012177,0.0636363636363636,0.586567164179104,0.0717423133235725,0.624620060790274,0.777443609022556,0.609538002980626,0.622874806800618,0.593607305936073,0.0711043872919818,0.618694362017804,0.610062893081761,0.0570570570570571,0.62202380952381,0.0611353711790393,0.0665680473372781,0.748466257668712,0.529325513196481,0.0590979782270607,0.622699386503067,0.0641221374045802,0.980769230769231,0.0657276995305164,0.622727272727273,0.401799100449775,0.599085365853659,0.00302114803625378,0.633228840125392,0.975646879756469,0.974203338391502,0.0677710843373494,0.065015479876161,0.60882800608828,0.061633281972265,0.622418879056047,0.0675675675675676,0.119581464872945,0.0698365527488856,0.617054263565891,0.0609756097560976,0.0684931506849315,0.0682170542635659,0.0510835913312693,0.602698650674663,0.0736196319018405,0.607692307692308,0.818181818181818,0.0716417910447761,0.630075187969925,0.0675675675675676,0.633633633633634,0.983333333333333,0.0592823712948518,0.62095531587057,0.0754147812971342,0.0648567119155355,0.0696594427244582,0.599702380952381,0.0685975609756098,0.609160305343511,0.0628834355828221,0.624427480916031,0.0683229813664596,0.612557427258805,0.990936555891239,0.0665658093797277,0.43730407523511,0.0633693972179289,0.0673813169984686,0.611026033690659,0.0604229607250755,0.0653495440729483,0.0611620795107034,0.0565749235474006,0.608761329305136,0.616863905325444,0.0659509202453988,0.0663650075414781,0.612855007473842,0.630841121495327,0.0643712574850299,0.620845921450151,0.402349486049927,0.930408472012103,0.617378048780488,0.401826484018265,0.0606060606060606,0.608433734939759,0.0667701863354037,0.0686567164179104,0.0619335347432024,0.63013698630137,0.620328849028401,0.609375,0.0683506686478455,0.0637636080870918,0.0576631259484067,0.941717791411043,0.0658499234303216,0.638198757763975,0.0354938271604938,0.6156202143951,0.618320610687023,0.327844311377246,0.0644171779141104,0.068452380952381,0.0574018126888218,0.0680786686838124,0.0597243491577335,0.978658536585366,0.613496932515337,0.613432835820895,0.068452380952381,0.390243902439024,0.0668647845468053,0.0739644970414201,0.0643185298621746,0.0668693009118541,0.0644171779141104,0.0621301775147929,0.937878787878788,0.75887573964497,0.0664652567975831,0.619266055045872,0.0596330275229358,0.627067669172932,0.0605143721633888,0.0597243491577335,0.0637329286798179,0.0628834355828221,0.0659340659340659,0.608628659476117,0.0675675675675676,0.412942989214176,0.606153846153846,0.609281437125748,0.623052959501558,0.615030674846626,0.605783866057839,0.65210608424337,0.600301659125189,0.613050075872534,0.613293051359517,0.0682492581602374,0.616564417177914,0.0573248407643312,0.376681614349776,0.618320610687023,0.764880952380952,0.596573208722741,0.0693374422187981,0.0527131782945736,0.0657492354740061,0.818042813455658,0.626323751891074,0.0583832335329341,0.617151607963247,0.61044776119403,0.618098159509202,0.614814814814815,0.383792048929664,0.0589147286821705,0.614114114114114,0.622670807453416,0.0657492354740061,0.638364779874214,0.0706766917293233,0.616191904047976,0.629573170731707,0.0629800307219662,0.0668740279937792,0.0682852807283763,0.536474164133739,0.0619195046439628,0.372549019607843,0.981021897810219,0.611026033690659,0.0647590361445783,0.0585516178736518,0.977307110438729,0.61969696969697,0.618320610687023,0.0596546310832025,0.0670731707317073,0.617824773413897,0.959276018099548,0.934681181959565,0.0693374422187981,0.0647709320695103,0.603221083455344,0.0648567119155355,0.0705882352941176,0.626686656671664,0.065052950075643,0.0655487804878049,0.622188905547226,0.0634441087613293,0.071097372488408,0.0637329286798179,0.0642201834862385,0.598784194528875,0.625,0.6128,0.0665658093797277,0.0732824427480916,0.389473684210526,0.613003095975232,0.0648148148148148,0.614925373134328,0.62691131498471,0.0631424375917768,0.0585585585585586,0.0614692653673163,0.0623100303951368,0.0636363636363636,0.610687022900763,0.0715396578538103,0.0684931506849315,0.96551724137931,0.602719033232628,0.576452599388379,0.622699386503067,0.389057750759878,0.609682299546142,0.0594353640416048,0.634408602150538,0.606707317073171,0.814648729446936,0.625187406296852,0.0585516178736518,0.611521418020679,0.0691244239631336,0.0651515151515152,0.0654490106544901,0.625,0.616766467065868,0.0619335347432024,0.0143312101910828,0.996904024767802,0.0695517774343122,0.615037593984962,0.615384615384615,0.624036979969183,0.0568356374807988,0.612184249628529,0.602739726027397,0.610015174506829,0.621004566210046,0.616692426584235,0.622496147919877,0.0588235294117647,0.609422492401216,0.060126582278481,0.057315233785822,0.945454545454545,0.0694444444444444,0.615975422427035,0.0663650075414781,0.0678733031674208,0.0606531881804044,0.603369065849923,0.0651851851851852,0.619266055045872,0.0698365527488856,0.0950226244343891,0.0745814307458143,0.0666666666666667,0.0675675675675676,0.621823617339312,0.057542768273717,0.0652503793626707,0.622526636225266,0.625377643504532,0.0601503759398496,0.0647590361445783,0.623493975903614,0.88821752265861,0.0636645962732919,0.060790273556231,0.0660660660660661,0.93161094224924,0.624808575803982,0.0650793650793651,0.61969696969697,0.823076923076923,0.0614439324116743,0.384266263237519,0.497803806734993,0.0716510903426791,0.0678733031674208,0.390420899854862,0.36280487804878,0.583333333333333,0.0580152671755725,0.620426829268293,0.0687022900763359,0.059748427672956,0.60763358778626,0.0600600600600601,0.0657492354740061,0.941984732824428,0.604006163328197,0.0724191063174114,0.0675883256528418,0.61171032357473,0.0591805766312595,0.0686427457098284,0.626356589147287,0.737237237237237,0.066358024691358,0.061377245508982,0.0610687022900763,0.392424242424242,0.626524390243902,0.633540372670807,0.613138686131387,0.61969696969697,0.381901840490798,0.599402092675635,0.599393019726859,0.620328849028401,0.82469512195122,0.6140625,0.0703592814371257,0.609538002980626,0.0689127105666156,0.620060790273556,0.982326951399116,0.993984962406015,0.0682492581602374,0.0700447093889717,0.98030303030303,0.0581761006289308,0.381381381381381,0.987878787878788,0.947852760736196,0.0670640834575261,0.379310344827586,0.0623100303951368,0.0713201820940819,0.526964560862866,0.0675675675675676,0.934351145038168,0.987480438184664,0.0636363636363636,0.0673652694610778,0.0684931506849315,0.607963246554365,0.427113702623907,0.363924050632911,0.0780780780780781,0.0637329286798179,0.037202380952381,0.630862329803328,0.735474006116208,0.0681818181818182,0.637209302325581,0.0588235294117647,0.56030534351145,0.965625,0.629129129129129,0.627596439169139,0.586601307189543,0.0645645645645646,0.981900452488688,0.0725925925925926,0.0584518167456556,0.0625954198473282,0.816964285714286,0.601851851851852,0.0720858895705521,0.618098159509202,0.0610328638497653,0.0651162790697674,0.62704309063893,0.0645161290322581,0.620991253644315,0.0625,0.631172839506173,0.617151607963247,0.0592705167173252,0.384259259259259,0.614264919941776,0.0641791044776119,0.623456790123457,0.167664670658683,0.616766467065868,0.913767019667171,0.617429837518464,0.153609831029186,0.624806201550388,0.0765625,0.610606060606061,0.597907324364723,0.639344262295082,0.0654490106544901,0.0646153846153846,0.0622222222222222,0.036741214057508,0.724960254372019,0.0658499234303216,0.613953488372093,0.0652503793626707,0.624405705229794,0.62555720653789,0.0656488549618321,0.0605590062111801,0.0608308605341246,0.0198776758409786,0.0603318250377074,0.61961367013373,0.622356495468278,0.0618401206636501,0.0606531881804044,0.998459167950693,0.981424148606811,0.0629800307219662,0.0648148148148148,0.626356589147287,0.0676691729323308,0.0669642857142857,0.627692307692308,0.0686427457098284,0.0695915279878971,0.377245508982036,0.543833580980683,0.0574018126888218,0.94014598540146,0.0693374422187981,0.0744047619047619,0.973333333333333,0.609567901234568,0.0630769230769231,0.606106870229008,0.0619335347432024,0.0294117647058824,0.0659509202453988,0.111278195488722,0.0684931506849315,0.608424336973479,0.0603318250377074,0.0612557427258806,0.0603715170278638,0.933333333333333,0.626582278481013,0.0552995391705069,0.0721804511278196,0.389830508474576,0.0637982195845697,0.615501519756839,0.576219512195122,0.609682299546142,0.0625,0.0681818181818182,0.0694444444444444,0.974626865671642,0.612307692307692,0.978260869565217,0.0602782071097372,0.62780269058296,0.631892697466468,0.581954887218045,0.94081942336874,0.0593607305936073,0.0179910044977511,0.065052950075643,0.0641791044776119,0.613846153846154,0.629909365558912,0.906009244992296,0.984709480122324,0.623298033282905,0.616666666666667,0.603007518796992,0.939814814814815,0.624620060790274,0.0607407407407407,0.93140243902439,0.614349775784753,0.0719640179910045,0.0680786686838124,0.0621212121212121,0.616892911010558,0.617083946980854,0.985915492957746,0.0606980273141123,0.616564417177914,0.625189681335357,0.0677710843373494,0.0729483282674772,0.613533834586466,0.373228346456693,0.0557275541795666,0.0705521472392638,0.368098159509202,0.0646616541353384,0.631736526946108,0.0659509202453988,0.63013698630137,0.541791044776119,0.396449704142012,0.656716417910448,0.0631578947368421,0.630239520958084,0.618181818181818,0.384155455904335,0.392070484581498,0.0594512195121951,0.609756097560976,0.0644654088050314,0.623511904761905,0.0585516178736518,0.609422492401216,0.632621951219512,0.577160493827161,0.546707503828484,0.616352201257862,0.616564417177914,0.397590361445783,0.610541727672035,0.927786499215071,0.0554699537750385,0.933628318584071,0.0662650602409639,0.635658914728682,0.0674846625766871,0.94553706505295,0.618683001531394,0.617021276595745,0.0670731707317073,0.998540145985401,0.0652503793626707,0.979876160990712,0.586046511627907,0.0565749235474006,1,0.392694063926941,0.0621212121212121,0.0674662668665667,0.0601503759398496,0.62402496099844,0.979135618479881,0.062780269058296,0.495412844036697,0.973886328725038,0.564635958395245,0.609538002980626,0.611694152923538,0.0669710806697108,0.0512422360248447,0.0743034055727554,0.0647590361445783,0.0591805766312595,1,0.0760059612518629,0.388888888888889,0.935672514619883,0.612121212121212,0.0636363636363636,0.0659509202453988,0.059375,0.0568011958146487,0.983308042488619,0.616766467065868,0.0601503759398496,0.066358024691358,0.0621019108280255,0.0627871362940276,0.0689655172413793,0.0693374422187981,0.582222222222222,0.949230769230769,0.0599078341013825,0.983679525222552,0.621987951807229,0.64451313755796,0.0702290076335878,0.534992223950233,0.632165605095541,0.625,0.0746951219512195,0.983433734939759,0.619909502262443,0.0582089552238806,0.0676923076923077,0.561622464898596,0.623318385650224,0.63013698630137,0.616692426584235,0.055472263868066,0.612213740458015,0.61961367013373,0.644615384615385,0.620060790273556,0.0253731343283582,0.623529411764706,0.985981308411215,0.612462006079027,0.938897168405365,0.0661538461538462,0.981707317073171,0.625,0.609160305343511,0.621329211746522,0.0611028315946349,0.0581929555895865,0.0651162790697674,0.0638297872340425,0.0635658914728682,0.0676923076923077,0.602167182662539,0.0646616541353384,0.614220877458396,0.620414673046252,0.461538461538462,0.386996904024768,0.0659670164917541,0.0681818181818182,0.944193061840121,0.615952732644018,0.952086553323029,0.0584795321637427,0.978819969742814,0.0655487804878049,0.062402496099844,0.613846153846154,0.0679012345679012,0.0717703349282297,0.440993788819876,0.64696734059098,0.0730994152046784,0.979876160990712,0.974006116207951,0.0675675675675676,0.0643185298621746,0.0622154779969651,0.978593272171254,0.94081942336874,0.611275964391691,0.511485451761103,0.612518628912072,0.933734939759036,0.600917431192661,0.984423676012461,0.0711043872919818,0.0655226209048362,0.62089552238806,0.61178247734139,0.83033033033033,0.600311041990669,0.618834080717489,0.616191904047976,0.0619335347432024,0.0597243491577335,0.610248447204969,0.0646108663729809,0.944693572496263,0.0570107858243451,0.844984802431611,0.0713178294573643,0.385885885885886,0.0625,0.625,0.62596599690881,0.984962406015038,0.397321428571429,0.0611620795107034,0.0590015128593041,0.266871165644172,0.175548589341693,0.608359133126935,0.623456790123457,0.0599700149925037,0.614088820826952,0.816640986132512,0.609831029185868,0.0714285714285714,0.970104633781764,0.0661654135338346,0.0643185298621746,0.613149847094801,0.388036809815951,0.623052959501558,0.0638629283489097,0.0623100303951368,0.628224582701062,0.629742033383915,0.609397944199706,0.195046439628483,0.623255813953488,0.0641221374045802,0.995495495495496,0.0705705705705706,0.0580847723704867,0.375,0.423780487804878,0.610410094637224,1,0.614567526555387,0.0646153846153846,0.0559875583203732,0.631818181818182,0.60625,0.442424242424242,0.0611620795107034,0.626307922272048,0.698507462686567,0.630402384500745,0.0896860986547085,0.600917431192661,0.947604790419162,0.627245508982036,0.608630952380952,0.6171875,0.623052959501558,0.619822485207101,0.0925644916540212,0.0693815987933635,0.629129129129129,0.517405063291139,0.382978723404255,0.825373134328358,0.369905956112853,0.0555555555555556,0.606656580937973,0.940092165898618,0.605182926829268,0.62012012012012,0.701046337817638,0.616793893129771,0.939759036144578,0.60119940029985,0.620689655172414,0.614567526555387,0.617602427921093
"667",0.998435054773083,0.99537037037037,0.996908809891808,0.995348837209302,0.995363214837713,1,0.711388455538221,0.995275590551181,0.995398773006135,0.0995260663507109,0.998475609756098,0.0533536585365854,0.794670846394984,0.996923076923077,0.3,0.296636085626911,0.0787878787878788,0.691823899371069,0.996875,0.996932515337423,0.270061728395062,0.30564263322884,0.995447647951442,0.167692307692308,0.995508982035928,0.309090909090909,0.309859154929577,0.998435054773083,0.996996996996997,0.773082942097027,0.298621745788668,0.714069591527988,0.955927051671733,0.299382716049383,0.0031201248049922,0.995098039215686,0.566412213740458,0.996955859969559,0.286144578313253,0.996992481203008,0.677469135802469,0.690440060698027,0.698365527488856,0.996879875195008,0.9984375,0.30757341576507,0.297256097560976,0.303490136570561,0.314984709480122,0.317147192716237,0.00307692307692308,0.996870109546166,0.303437967115097,0.995341614906832,0.996951219512195,0.482059282371295,0.576744186046512,0.996932515337423,0.998487140695915,0.995348837209302,0.321592649310873,0.305555555555556,0.304147465437788,0.690076335877863,0.995253164556962,0.998484848484849,0.0431432973805855,0.998454404945904,0.0682492581602374,0.309309309309309,0.995529061102832,0.302891933028919,0.30952380952381,0.974763406940063,0.535987748851455,0.995488721804511,0.303030303030303,0.321752265861027,0.995440729483283,0.30622009569378,0.0869565217391304,0.308527131782946,0.317901234567901,0.995454545454545,0.321646341463415,0.995495495495496,0.99537037037037,0.995419847328244,0.996908809891808,0.702255639097744,0.995356037151703,0.995568685376662,0.0060882800608828,0.111963190184049,0.995283018867924,0.0538922155688623,0.00306748466257669,0.996960486322188,0.582298136645963,0.683229813664596,0.996908809891808,0.0602782071097372,0.296583850931677,0.995207667731629,0.29984544049459,0.995356037151703,0.702325581395349,0.996879875195008,0.30441400304414,0.311827956989247,0.314199395770393,0.998477929984779,0.311627906976744,0.995419847328244,0.51270553064275,0.995515695067265,0.29742033383915,0.322085889570552,0.311178247734139,0.304821150855365,0.501547987616099,0.995398773006135,0.30316742081448,0.30188679245283,0.998480243161094,0.29618320610687,0.997054491899853,0.997014925373134,0.345509893455099,0.544360902255639,0.996870109546166,0.302147239263804,0.995348837209302,0.0534918276374443,0.995297805642633,0.303120356612184,0.689024390243902,0.310606060606061,0.922018348623853,0.413629160063391,0.108527131782946,0.100303951367781,0.996913580246914,0.996870109546166,0.320987654320988,0.996918335901387,0.307004470938897,0.998444790046656,0.794294294294294,0.997014925373134,0.3109375,0.995412844036697,0.995341614906832,0.995341614906832,0.995341614906832,0.320433436532508,0.996923076923077,0.307098765432099,0.273425499231951,0.995447647951442,0.301829268292683,0.99702380952381,0.288819875776398,0.0930232558139535,0.996860282574568,0.300157977883096,0.995488721804511,0.995426829268293,0.99537750385208,0.317220543806647,0.995447647951442,0.315950920245399,0.996865203761755,0.303215926493109,0.995192307692308,0.306748466257669,0.0865533230293663,0.995356037151703,0.649289099526066,0.995275590551181,0.996951219512195,0.300314465408805,0.995412844036697,0.996983408748115,0.996965098634294,0.99537750385208,0.31104199066874,0.295281582952816,0.995348837209302,0.99390243902439,0.306646525679758,0.292721518987342,0.995440729483283,0.464506172839506,0.685212298682284,0.00460829493087558,0.307458143074581,0.683076923076923,0.995433789954338,0.310240963855422,0.995341614906832,0.996946564885496,0.995447647951442,0.310769230769231,0.310344827586207,0.318110236220472,0.997041420118343,0.996918335901387,0.996932515337423,0.00307692307692308,0.996904024767802,0.298107255520505,0.964396284829721,0.309859154929577,0.291666666666667,0.772445820433437,0.998454404945904,0.995391705069124,0.995426829268293,0.995384615384615,0.996875,0.0531914893617021,0.303543913713405,0.307926829268293,0.996941896024465,0.694992412746586,0.997005988023952,0.995535714285714,0.995356037151703,0.995419847328244,0.996889580093313,0.99702823179792,0.00755287009063444,0.33433734939759,0.995412844036697,0.297971918876755,0.995384615384615,0.286798179059181,0.996987951807229,0.995341614906832,0.996894409937888,0.996870109546166,0.996845425867508,0.311248073959938,0.995488721804511,0.497659906396256,0.317147192716237,0.320121951219512,0.302936630602782,0.308527131782946,0.319018404907975,0.416666666666667,0.309923664122137,0.305936073059361,0.297744360902256,0.995502248875562,0.311424100156495,0.995253164556962,0.693333333333333,0.306278713629403,0.324850299401198,0.321981424148607,0.998452012383901,0.995297805642633,0.995412844036697,0.273006134969325,0.299392097264438,0.995488721804511,0.306625577812018,0.309309309309309,0.296923076923077,0.305389221556886,0.695121951219512,0.9953125,0.310136157337368,0.308049535603715,0.996978851963746,0.296703296703297,0.995447647951442,0.296572280178838,0.299546142208775,0.996923076923077,0.995253164556962,0.998459167950693,0.564615384615385,0.995356037151703,0.700152207001522,0.0894187779433681,0.298461538461538,0.995405819295559,0.996865203761755,0.0998487140695915,0.309815950920245,0.308661417322835,0.995215311004785,0.996923076923077,0.295902883156297,0.0290964777947933,0.0063391442155309,0.998454404945904,0.996835443037975,0.32089552238806,0.993779160186625,0.995508982035928,0.300911854103343,0.998463901689708,0.996951219512195,0.300604229607251,0.995363214837713,0.995384615384615,0.998489425981873,0.996937212863706,0.31104199066874,0.297619047619048,0.3136,0.996913580246914,0.995412844036697,0.682299546142209,0.30030959752322,0.996879875195008,0.307352941176471,0.288135593220339,0.995495495495496,0.995447647951442,0.995419847328244,0.998461538461539,0.997005988023952,0.32,0.996899224806202,0.996904024767802,0.110223642172524,0.320121951219512,0.476117103235747,0.290423861852433,0.688751926040062,0.30441400304414,0.997050147492625,0.304212168486739,0.325115562403698,0.275075987841945,0.30781010719755,0.995348837209302,0.317979197622585,0.996899224806202,0.995391705069124,0.998482549317147,0.293478260869565,0.307110438729198,0.993874425727412,0.917981072555205,0.0715396578538103,0.996894409937888,0.297674418604651,0.305426356589147,0.30030959752322,0.996835443037975,0.313813813813814,0.495426829268293,0.3125,0.2984375,0.305426356589147,0.294209702660407,0.996918335901387,0.312111801242236,0.996820349761526,0.995384615384615,0.00305810397553517,0.996850393700787,0.307210031347962,0.996951219512195,0.996996996996997,0.995283018867924,0.316846986089645,0.995468277945619,0.299065420560748,0.995508982035928,0.82648401826484,0.996965098634294,0.996904024767802,0.996951219512195,0.296803652968037,0.995275590551181,0.995348837209302,0.297872340425532,0.300153139356815,0.998468606431853,0.995391705069124,0.294656488549618,0.200899550224888,0.996865203761755,0.995475113122172,0.995419847328244,0.00303490136570561,0.308282208588957,0.998442367601246,0.297709923664122,0.259316770186335,0.996889580093313,0.69195751138088,0.417047184170472,0.996875,0.995454545454545,0.695139911634757,0.715596330275229,0.332307692307692,0.996927803379416,0.303543913713405,0.99537037037037,0.996850393700787,0.326120556414219,0.995454545454545,0.993827160493827,0.010752688172043,0.313364055299539,0.996946564885496,0.995356037151703,0.3125,0.996951219512195,0.995253164556962,0.294753086419753,0.348623853211009,0.995334370139969,0.998482549317147,0.995356037151703,0.512269938650307,0.289877300613497,0.331775700934579,0.307237813884786,0.321538461538462,0.696875,0.311649016641452,0.311926605504587,0.298219584569733,0.256568778979907,0.3125,0.995468277945619,0.314925373134328,0.993855606758833,0.303490136570561,0.091044776119403,0.0590015128593041,0.998477929984779,0.995426829268293,0.045662100456621,0.998442367601246,0.701834862385321,0.0522273425499232,0.0169491525423729,0.996965098634294,0.692546583850932,0.995391705069124,0.998466257668712,0.54416403785489,0.996965098634294,0.00154559505409583,0.0824088748019017,0.995391705069124,0.995447647951442,0.996946564885496,0.316118935837246,0.661290322580645,0.704180064308682,0.992343032159265,0.995384615384615,0.978819969742814,0.286377708978328,0.349693251533742,0.995412844036697,0.289473684210526,0.996974281391831,0.34715821812596,0.1125,0.296520423600605,0.306306306306306,0.320261437908497,0.996996996996997,0.0834597875569044,0.995481927710843,0.995283018867924,0.996870109546166,0.270516717325228,0.310452418096724,0.996899224806202,0.308527131782946,0.995290423861852,0.996879875195008,0.292237442922374,0.995363214837713,0.316100443131462,0.996932515337423,0.296875,0.310664605873261,0.995363214837713,0.693623639191291,0.3023598820059,0.995398773006135,0.301391035548686,0.752994011976048,0.305135951661631,0.170694864048338,0.308383233532934,0.750783699059561,0.291925465838509,0.995283018867924,0.309090909090909,0.324734446130501,0.287671232876712,0.995327102803738,0.995356037151703,0.995515695067265,0.961783439490446,0.356120826709062,0.995412844036697,0.30952380952381,0.995426829268293,0.306089743589744,0.30804248861912,0.995454545454545,0.995327102803738,0.996965098634294,0.909785932721712,0.995454545454545,0.296851574212894,0.305936073059361,0.996987951807229,1,0.0574534161490683,0.0858034321372855,0.996908809891808,0.995341614906832,0.302325581395349,0.996960486322188,0.997041420118343,0.306625577812018,0.996879875195008,0.995419847328244,0.696048632218845,0.549317147192716,0.9953125,0.00297176820208024,0.996899224806202,0.995440729483283,0.106287425149701,0.318112633181126,0.996889580093313,0.311349693251534,0.995419847328244,0.9578125,0.993817619783617,0.807926829268293,0.996889580093313,0.314785373608903,0.996941896024465,0.995260663507109,0.995305164319249,0.00452488687782805,0.310509554140127,0.9953125,0.998493975903614,0.686335403726708,0.995488721804511,0.304878048780488,0.350931677018634,0.310872894333844,0.995447647951442,0.995398773006135,0.996894409937888,0.0962406015037594,0.306376360808709,0.0966719492868463,0.996860282574568,0.299850074962519,0.298937784522003,0.340909090909091,0.00460122699386503,0.995412844036697,0.951070336391437,0.995398773006135,0.995405819295559,0.312210200927357,0.294736842105263,0.1703125,0.043343653250774,0.311248073959938,0.291793313069909,0.310030395136778,0.00317460317460317,0.299079754601227,0.996969696969697,0.00306278713629403,0.310344827586207,0.996937212863706,0.998439937597504,0.996941896024465,0.302290076335878,0.307121661721068,0.0448717948717949,0.998470948012232,0.301857585139319,0.293759512937595,0.996969696969697,0.995454545454545,0.307339449541284,0.705414012738854,0.995305164319249,0.99537750385208,0.707620528771384,0.996978851963746,0.300751879699248,0.995290423861852,0.305555555555556,0.555555555555556,0.68693009118541,0.394160583941606,0.995454545454545,0.292353823088456,0.305343511450382,0.694277108433735,0.677862595419847,0.99537750385208,0.303680981595092,0.996875,0.310708898944193,0.996875,0.308282208588957,0.301857585139319,0.341867469879518,0.519938650306748,0.30503144654088,0.302795031055901,0.682027649769585,0.307692307692308,0.15506329113924,0.995334370139969,0.00304878048780488,0.996974281391831,0.285266457680251,0.996904024767802,0.00153374233128834,0.311248073959938,0.300940438871473,0.996879875195008,0.0644216691068814,0.996960486322188,0.0902140672782875,0.327160493827161,0.996937212863706,0.0729483282674772,0.693129770992366,0.996904024767802,0.995440729483283,0.995508982035928,0.300319488817891,0.0468277945619335,0.996974281391831,0.412307692307692,0.103715170278638,0.336349924585219,0.316109422492401,0.31441717791411,0.996927803379416,0.996875,0.9953125,0.995461422087746,0.995529061102832,0.0760059612518629,1,0.696784073506891,0.00734214390602056,0.313455657492355,0.996918335901387,0.996870109546166,0.995238095238095,0.998498498498498,0.0890937019969278,0.302114803625378,0.995461422087746,0.99537037037037,0.995283018867924,0.996894409937888,0.996960486322188,0.996927803379416,0.510606060606061,0.00459418070444104,0.998459167950693,0.0930930930930931,0.307098765432099,0.457055214723926,0.995356037151703,0.37904468412943,0.291139240506329,0.30030487804878,0.996951219512195,0.0476923076923077,0.307110438729198,0.997010463378176,0.998452012383901,0.348909657320872,0.297256097560976,0.290076335877863,0.311501597444089,0.995447647951442,0.313846153846154,0.307692307692308,0.403697996918336,0.309006211180124,0.966917293233083,0.307462686567164,0.0935023771790808,0.313455657492355,0.00460122699386503,0.998447204968944,0.0967238689547582,0.292379471228616,0.301684532924962,0.302752293577982,0.995405819295559,0.996918335901387,0.995305164319249,0.995398773006135,0.995253164556962,0.996870109546166,0.308892355694228,0.995475113122172,0.311526479750779,0.300970873786408,0.596385542168675,0.692068429237947,0.998484848484849,0.995468277945619,0.00452488687782805,0.305847076461769,0.123475609756098,0.995522388059702,0.043343653250774,0.996951219512195,0.996820349761526,0.300623052959502,0.996923076923077,0.995153473344103,0.628482972136223,0.411483253588517,1,0.0855365474339036,0.102523659305994,0.996978851963746,0.996889580093313,0.995327102803738,0.0945736434108527,0.00153846153846154,0.305007587253414,0.408385093167702,0.306427503736921,0.00457317073170732,0.31974921630094,0.0919003115264797,0.995391705069124,0.996845425867508,0.308157099697885,0.309667673716012,0.257274119448698,0.321372854914197,0.296803652968037,0.312406576980568,0.996870109546166,0.996946564885496,0.317972350230415,0.997054491899853,0.00304878048780488,0.995348837209302,0.23950233281493,0.996894409937888,0.684370257966616,0.995461422087746,0.301538461538462,0.291079812206573,0.0810810810810811,0.689291101055807,0.995440729483283,0.996889580093313,0.795031055900621,0.901743264659271,0.307931570762053,0.296875,0.996974281391831,0.310502283105023,0.267387944358578,0.301261829652997,0.998518518518518,0.105666156202144,0.996918335901387,0.996899224806202,0.304615384615385,0.690625,0.291139240506329,0.996840442338073,0.996904024767802,0.300911854103343,0.287250384024578,0.301634472511144,0.859154929577465,0.295886075949367,0.995348837209302,0.0609756097560976,0.995391705069124,0.998415213946117,0.702702702702703,0.665130568356375,0.305246422893482,0.0628834355828221,0.302147239263804,0.995334370139969,0.995238095238095,0.301857585139319,0.305135951661631,0.641768292682927,0.996937212863706,0.293413173652695,0.36322188449848,0.294478527607362,0.981873111782477,0.490825688073394,0.00757575757575758,0.294561933534743,0.310606060606061,0.314641744548287,0.307086614173228,0.308035714285714,0.966867469879518,0.995433789954338,0.299546142208775,0.566455696202532,0.685358255451713,0.25,0.691693290734824,0.995356037151703,0.317073170731707,0.00308166409861325,0.310872894333844,0.29607250755287,0.353915662650602,0.307210031347962,0.00445103857566766,0.316923076923077,0.309033280507132,0.316037735849057,0.292944785276074
"668",0.707086614173228,0.693251533742331,0.688751926040062,0.67601246105919,0.696734059097978,0.697674418604651,0.993630573248408,0.688751926040062,0.695517774343122,0.426073131955485,0.688350983358548,0.354134165366615,0.478939157566303,0.681889763779528,0,0,0.383458646616541,1,0.681318681318681,0.695178849144635,0,0,0.682779456193353,0.49388379204893,0.697289156626506,0,0,0.670926517571885,0.687311178247734,0.471518987341772,0,0.401244167962675,0.637480798771121,0.00312989045383412,0.327044025157233,0.690671031096563,0.853810264385692,0.679389312977099,0,0.696048632218845,0.996899224806202,1,1,0.683307332293292,0.693163751987281,0,0.00462962962962963,0,0,0,0.303543913713405,0.681962025316456,0,0.676056338028169,0.692901234567901,0.182103610675039,0.874213836477987,0.6859375,0.689497716894977,0.683229813664596,0.00611620795107034,0,0,0.993730407523511,0.703049759229534,0.688751926040062,0.339593114241002,0.677570093457944,0.386949924127466,0,0.685800604229607,0,0,0.724409448818898,0.84080370942813,0.689291101055807,0,0.0046583850931677,0.683969465648855,0,0.399355877616747,0,0,0.678571428571429,0,0.686567164179104,0.687203791469194,0.669278996865204,0.684867394695788,1,0.683544303797468,0.676204819277108,0.304075235109718,0.418569254185693,0.6890625,0.354103343465046,0.309006211180124,0.696594427244582,0.878594249201278,1,0.689655172413793,0.378504672897196,0,0.695238095238095,0,0.693023255813954,1,0.67906976744186,0,0,0,0.697204968944099,0.00304878048780488,0.675344563552833,0.796992481203007,0.6996996996997,0,0.63302752293578,0,0,0.795069337442219,0.69478527607362,0,0,0.669218989280245,0,0.686567164179104,0.697289156626506,0.631007751937985,0.245481927710843,0.682615629984051,0,0.686119873817035,0.365963855421687,0.678913738019169,0,0.998461538461539,0,0.626934984520124,0.112,0.422600619195046,0.404945904173107,0.690031152647975,0.680379746835443,0,0.686728395061728,0,0.699530516431925,0.492283950617284,0.683183183183183,0,0.6953125,0.687598116169545,0.682098765432099,0.677215189873418,0,0.696875,0,0.566096423017107,0.677321156773212,0,0.681749622926094,0,0.405362776025237,0.690208667736758,0,0.682737169517885,0.691717791411043,0.675968992248062,0.0106221547799697,0.679938744257274,0,0.68266253869969,0,0.690048939641109,0,0.404287901990812,0.70750382848392,0.971246006389776,0.710443037974684,0.687402799377916,0,0.69375,0.684615384615385,0.677811550151976,0.672839506172839,0,0,0.6768,0.679186228482003,0,0,0.672360248447205,0.768875192604006,0.982008995502249,0.304147465437788,0,0.996965098634294,0.689127105666156,0,0.687301587301587,0.695915279878971,0.687306501547988,0.00309597523219814,0,0,0.679160419790105,0.686591276252019,0.68266253869969,0.317460317460317,0.703001579778831,0,0.667177914110429,0,0,0.574961360123648,0.681818181818182,0.680916030534351,0.684129429892142,0.700310559006211,0.6921875,0.352664576802508,0,0,0.686363636363636,0.996941896024465,0.677177177177177,0.687975646879756,0.678233438485804,0.6875,0.703761755485893,0.686363636363636,0.301684532924962,0.642313546423135,0.696646341463415,0,0.684867394695788,0,0.69478527607362,0.694704049844237,0.695046439628483,0.673501577287066,0.692675159235669,0,0.682852807283763,0.187301587301587,0,0,0.00313971742543171,0,0,0.106349206349206,0,0,0,0.687878787878788,0,0.682182985553772,1,0,0.617737003058104,0,0.683544303797468,0.690031152647975,0.694915254237288,0.584639498432602,0,0.684370257966616,0,0,0,0,1,0.686915887850467,0,0,0.682316118935837,0,0.686064318529862,0,0,0.698587127158556,0.68370607028754,0.697819314641745,0.847457627118644,0.674015748031496,1,0.411326378539493,0,0.686064318529862,0.690880989180835,0.41358024691358,0,0,0.676190476190476,0.668769716088328,0,0.344827586206897,0.305993690851735,0.697819314641745,0.687400318979266,0.00458715596330275,0.684782608695652,0.698507462686567,0,0.689335394126739,0.695252679938744,0,0.6984375,0.685534591194969,0.695178849144635,0.68798751950078,0,0,0,0.692901234567901,0.678071539657854,0.99236641221374,0.00611620795107034,0.675762439807384,0,0,0.693251533742331,0.68558282208589,0.703363914373089,0.687116564417178,0.687888198757764,0,0.7015625,0.695787831513261,0.428120063191153,0,0.16380655226209,0,1,0,0.683890577507599,0,0,0.578866768759571,0.00153374233128834,0.684542586750789,0,0.697347893915757,0.705426356589147,0.685800604229607,0,0,0.680061823802164,0.604501607717042,0.383280757097792,0.702362204724409,0,0,0,0.6801872074883,0,0.78816199376947,0,0,0,0,0.675925925925926,0,0.681229773462783,0.669278996865204,0.31832298136646,0.698587127158556,0,0.677966101694915,0.686453576864536,0.680445151033386,0,0.704268292682927,0,0.681887366818874,0.507668711656442,0.681047765793529,0.676703645007924,0.6890625,0,0.684458398744113,0.702028081123245,0,0,0.681114551083591,0.69701726844584,0,0.529051987767584,0.682615629984051,0.678899082568807,0.67687595712098,0.310291858678955,0,0.709984152139461,0,0.580847723704867,0.694573643410853,1,0.118361153262519,0.688087774294671,0.688087774294671,1,0.979876160990712,0.0155763239875389,0.690769230769231,0,0.694968553459119,0.681672025723473,0,0.677272727272727,0.686821705426357,0.326053042121685,0,0.680685358255452,0.68125,0,0.699846860643185,0.701754385964912,0,0.664605873261206,0.697637795275591,0.686544342507645,0.6734375,0.189522342064715,0,0.0204081632653061,0,0,0.998432601880878,0,0.00617283950617284,0,0.573872472783826,0.0016,0.693233082706767,0.00458015267175573,0.675039246467818,0.00308166409861325,0.393393393393393,0.368827160493827,0.677321156773212,0.690909090909091,0.356481481481481,0.685126582278481,1,0.372854914196568,0.310725552050473,0.681957186544342,0.9984375,0.689708141321045,0.694704049844237,0.226771653543307,0.682027649769585,0.311827956989247,0.408163265306122,0.682316118935837,0.685015290519878,0.705701078582434,0,0.976296296296296,1,0.685015290519878,0.682442748091603,0.672811059907834,0,0.667706708268331,0.689230769230769,0,0.687116564417178,0.0557275541795666,0.426307448494453,0,0,0.0065252854812398,0.687022900763359,0.397572078907436,0.689127105666156,0.691318327974277,0.689335394126739,0.582568807339449,0,0.695447409733124,0,0.682692307692308,0.690363349131122,0,0.684375,0,0.675078864353312,0,0,0.684615384615385,1,0,0.680916030534351,0,0.430321592649311,0,0.496951219512195,0,0.436728395061728,0,0.687697160883281,0,0,0,0.689167974882261,0.685446009389671,0.686186186186186,0.645569620253165,0.675895765472313,0.69431643625192,0,0.683720930232558,0,0,0.683812405446294,0.687106918238994,0.688821752265861,0.61189358372457,0.681957186544342,0,0,0.676923076923077,0.673566878980892,0.375796178343949,0.405956112852665,0.687010954616588,0.681388012618297,0,0.698461538461538,0.685325264750378,0.00614439324116743,0.701612903225806,0.684952978056426,1,0.857359635811836,0.689547581903276,0.321804511278195,0.69375,0.682098765432099,0.401197604790419,0.00308641975308642,0.693374422187982,0,0.686244204018547,0.652307692307692,0.687402799377916,0.518575851393189,0.692660550458716,0,0.6875,0.68503937007874,0.678683385579937,0.310502283105023,0,0.671974522292994,0.688350983358548,1,0.668711656441718,0.00156739811912226,0.0446153846153846,0,0.67629179331307,0.683641975308642,0.6875,0.421921921921922,0,0.413629160063391,0.666666666666667,0,0,0.0287878787878788,0.325545171339564,0.676100628930818,0.642857142857143,0.683890577507599,0.690184049079755,0,0,0.493690851735016,0.361370716510903,0,0,0.00151057401812689,0.307941653160454,0,0.681203007518797,0.309486780715397,0,0.675344563552833,0.6875,0.678683385579937,0.00152905198776758,0,0.357827476038339,0.68693009118541,0,0,0.674311926605505,0.690993788819876,0.0015600624024961,1,0.693650793650794,0.694968553459119,0.992211838006231,0.691244239631336,0,0.696261682242991,0,0.852134146341463,1,0.103915662650602,0.67741935483871,0,0,1,0.998463901689708,0.677018633540373,0,0.696682464454976,0.00300751879699248,0.697347893915757,0,0.00157977883096367,0.035548686244204,0.226299694189602,0,0,0.993730407523511,0,0.485714285714286,0.680379746835443,0.327188940092166,0.674311926605505,0,0.703416149068323,0.32182103610675,0,0,0.689274447949527,0.37910447761194,0.680428134556575,0.415094339622642,0.0249609984399376,0.671899529042386,0.394453004622496,0.989230769230769,0.690769230769231,0.681957186544342,0.687211093990755,0,0.365705614567527,0.693009118541033,0.114374034003091,0.413312693498452,0.0305810397553517,0,0,0.692789968652038,0.673534072900158,0.694488188976378,0.696594427244582,0.693939393939394,0.388888888888889,0.696784073506891,1,0.317293233082707,0,0.674961119751166,0.696456086286595,0.687096774193548,0.680428134556575,0.397534668721109,0,0.675265553869499,0.671253822629969,0.67398119122257,0.683229813664596,0.689127105666156,0.692667706708268,0.806106870229008,0.313195548489666,0.682737169517885,0.395993836671803,0,0.762422360248447,0.687402799377916,0.0740157480314961,0,0,0.68960244648318,0.363919129082426,0,0.691019786910198,0.700310559006211,0.0438184663536776,0,0,0.00158227848101266,0.684931506849315,0,0,0.112324492979719,0,0.650306748466258,0,0.405750798722045,0,0.316030534351145,0.692307692307692,0.398119122257053,0,0,0.00316455696202532,0.67737003058104,0.681887366818874,0.678913738019169,0.679566563467492,0.67515923566879,0.678343949044586,0.0128,0.700305810397553,0,0,0.283950617283951,1,0.684848484848485,0.692073170731707,0.324116743471582,0,0.440809968847352,0.676204819277108,0.35202492211838,0.7,0.684126984126984,0,0.68895800933126,0.691558441558442,0.315286624203822,0.0917874396135266,0.682962962962963,0.4,0.425632911392405,0.683307332293292,0.673501577287066,0.704892966360856,0.408450704225352,0.313479623824451,0,0.1078125,0,0.326687116564417,0.0015600624024961,0.4125,0.687211093990755,0.68362480127186,0,0,0.571205007824726,0.00637958532695375,0.00153609831029186,0,0.68895800933126,0.67687595712098,0,0.689450222882615,0.306027820710974,0.677115987460815,0.548286604361371,0.70253164556962,1,0.690292758089368,0,0,0.401234567901235,0.998470948012232,0.669266770670827,0.674491392801252,0.909516380655226,0.590032154340836,0,0,0.687311178247734,0,0.586854460093897,0,0.670623145400593,0.414893617021277,0.683153013910355,0.694968553459119,0,1,0,0.697784810126582,0.686153846153846,0,0,0,0.55205047318612,0,0.6859375,0.383076923076923,0.673405909797823,0.678343949044586,0.998473282442748,0.960691823899371,0,0.372274143302181,0,0.68075117370892,0.668284789644013,0,0,0.841945288753799,0.691717791411043,0,0.0989180834621329,0,0.679389312977099,0.794071762870515,0.329153605015674,0,0,0,0,0,0.712349397590361,0.702362204724409,0,0.87741935483871,0.998430141287284,0.561162079510703,1,0.673879443585781,0,0.3265625,0,0,0.108895705521472,0,0.31651376146789,0,0,0,0
"669",0.00459418070444104,0.0015015015015015,0.00451807228915663,0.00461538461538462,0.00151515151515152,0.00455235204855842,0.295558958652374,0.00303490136570561,0.00447761194029851,0.904761904761905,0.00295420974889217,0.953869047619048,0.181818181818182,0.00451807228915663,0.673813169984686,0.687782805429864,0.935724962630792,0.321428571428571,0.00301659125188537,0.00455927051671732,0.701492537313433,0.681818181818182,0.00443131462333826,0.847076461769115,0.00439882697947214,0.674174174174174,0.677914110429448,0.00469483568075117,0.00441826215022091,0.215926493108729,0.694029850746269,0.266766020864382,0.039039039039039,0.680241327300151,1,0.00475435816164818,0.467261904761905,0.00443786982248521,0.692982456140351,0.0029585798816568,0.336336336336336,0.328313253012048,0.318114874815906,0.00301659125188537,0.00301204819277108,0.683001531393568,0.684370257966616,0.687315634218289,0.671111111111111,0.666666666666667,0.996996996996997,0.00455235204855842,0.685074626865672,0.00452488687782805,0.00447093889716841,0.505311077389985,0.446293494704992,0.00305810397553517,0,0.00302571860816944,0.675,0.678678678678679,0.682926829268293,0.316816816816817,0.0031055900621118,0.0029940119760479,0.962686567164179,0.00453172205438067,0.941944847605225,0.676991150442478,0.00445765230312036,0.678624813153961,0.673879443585781,0.0416666666666667,0.494047619047619,0.00439882697947214,0.682089552238806,0.671575846833579,0.00442477876106195,0.675465838509317,0.916403785488959,0.673192771084337,0.665667166416792,0.00147492625368732,0.657777777777778,0.00292825768667643,0.00153139356814701,0.00455235204855842,0.00457317073170732,0.316890881913303,0,0.00437956204379562,0.997005988023952,0.899700598802395,0.00306278713629403,0.952592592592593,0.997014925373134,0.00147492625368732,0.44945567651633,0.32370820668693,0.00460122699386503,0.945454545454545,0.680786686838124,0.0031055900621118,0.675840978593272,0.00303951367781155,0.321428571428571,0.00302114803625378,0.675799086757991,0.674662668665667,0.674107142857143,0.0045045045045045,0.675675675675676,0.0029940119760479,0.516272189349112,0.00439882697947214,0.677130044843049,0.703427719821162,0.674008810572687,0.675344563552833,0.522590361445783,0.00590841949778434,0.676557863501484,0.679331306990882,0.00149476831091181,0.69047619047619,0.00431034482758621,0.00436681222707424,0.66965620328849,0.448680351906158,0.00306278713629403,0.675265553869499,0.00460122699386503,0.958883994126285,0.00308166409861325,0.679049034175334,0.327868852459016,0.66566265060241,0.0683890577507599,0.569230769230769,0.897435897435897,0.908408408408408,0.00453857791225416,0.00454545454545455,0.661676646706587,0.00151285930408472,0.675912408759124,0.0029940119760479,0.191458026509573,0.00437956204379562,0.673846153846154,0.00300751879699248,0.00462962962962963,0.00154083204930663,0.00300751879699248,0.662141779788839,0.00446428571428571,0.672256097560976,0.744807121661721,0.0029585798816568,0.683109118086697,0.00294985250737463,0.695195195195195,0.916030534351145,0.00301204819277108,0.683641975308642,0.00449775112443778,0.00445103857566766,0.0045045045045045,0.663189269746647,0.00305343511450382,0.672256097560976,0.00460122699386503,0.685240963855422,0.00313479623824451,0.674735249621785,0.923652694610778,0.00296296296296296,0.363067292644757,0.00460122699386503,0.00296296296296296,0.679878048780488,0.00150602409638554,0,0.00300751879699248,0.00445765230312036,0.673813169984686,0.688888888888889,0.00462962962962963,0.00604229607250755,0.673590504451039,0.696923076923077,0.00296296296296296,0.555389221556886,0.34149855907781,0.996996996996997,0.681137724550898,0.334828101644245,0.0045045045045045,0.669642857142857,0.0030441400304414,0.00294117647058824,0.00446428571428571,0.683183183183183,0.671091445427729,0.669767441860465,0.0043859649122807,0.00308641975308642,0.00298953662182362,0.996918335901387,0.00302571860816944,0.6875,0.0239520958083832,0.671732522796353,0.68429003021148,0.254814814814815,0.00303951367781155,0.00443131462333826,0.00297619047619048,0.00150829562594268,0.00303030303030303,0.957894736842105,0.680241327300151,0.679882525697504,0.00449775112443778,0.318991097922849,0.00297176820208024,0.00291120815138282,0.00300751879699248,0.00597014925373134,0.00303490136570561,0.00437956204379562,1,0.679640718562874,0.00448430493273543,0.681268882175227,0.00464396284829721,0.687407407407407,0.00449101796407186,0.00462249614791988,0.00458715596330275,0.00458015267175573,0.00461538461538462,0.672754946727549,0.00300751879699248,0.496978851963746,0.661654135338346,0.668647845468053,0.679817905918058,0.67616191904048,0.665137614678899,0.589665653495441,0.673105497771174,0.674591381872214,0.683734939759036,0.00447093889716841,0.673748103186646,0.00471698113207547,0.31858407079646,0.678678678678679,0.685925925925926,0.659541984732824,0.00301659125188537,0.00453172205438067,0.00151515151515152,0.738601823708207,0.683257918552036,0.00295420974889217,0.676425269645609,0.666178623718887,0.677661169415292,0.677760968229955,0.31784107946027,0.003003003003003,0.670103092783505,0.682779456193353,0.00299850074962519,0.694573643410853,0.00445103857566766,0.6875,0.686478454680535,0.00457317073170732,0.00153846153846154,0.003003003003003,0.463157894736842,0.00152439024390244,0.311844077961019,0.920821114369501,0.676737160120846,0.00146842878120411,0.00458715596330275,0.906942392909897,0.676602086438152,0.667701863354037,0.00154083204930663,0.0045662100456621,0.689807976366322,0.977477477477477,1,0.00458015267175573,0.0046583850931677,0.662756598240469,0.00611620795107034,0.00290697674418605,0.688988095238095,0.00452488687782805,0.0029673590504451,0.677130044843049,0.00303030303030303,0.00304878048780488,0.00441176470588235,0.00151285930408472,0.67218045112782,0.682748538011696,0.6671875,0.00305343511450382,0.00302114803625378,0.331858407079646,0.680365296803653,0.00303951367781155,0.677891654465593,0.695324283559578,0.00440528634361234,0.00146198830409357,0.00603318250377074,0.00303030303030303,0.00449775112443778,0.671686746987952,0.00150829562594268,0.00452488687782805,0.894736842105263,0.664697193500739,0.508371385083714,0.68693009118541,0.330815709969789,0.676514032496307,0.00146198830409357,0.67737003058104,0.665639445300462,0.738165680473373,0.677563150074294,0.00151975683890578,0.666182873730044,0.00460829493087558,0.00453857791225416,0.00443786982248521,0.685325264750378,0.667157584683358,0.00600600600600601,0.0741885625965997,0.938931297709924,0.00460829493087558,0.68562874251497,0.67687595712098,0.6875,0.00153609831029186,0.669642857142857,0.531946508172363,0.66965620328849,0.687311178247734,0.68,0.692073170731707,0.00447093889716841,0.676335877862595,0.00474683544303797,0.0015220700152207,0.995461422087746,0.0045662100456621,0.671253822629969,0.00297619047619048,0.00146627565982405,0,0.666160849772382,0.00442477876106195,0.685496183206107,0.00434782608695652,0.155223880597015,0.00445765230312036,0.00460829493087558,0.00300751879699248,0.68215892053973,0.00454545454545455,0.00448430493273543,0.680722891566265,0.681681681681682,0.00296296296296296,0.00149253731343284,0.685975609756098,0.81791483113069,0.00460122699386503,0.00451807228915663,0.00149700598802395,0.995562130177515,0.688073394495413,0.00308641975308642,0.683109118086697,0.753383458646616,0.00152439024390244,0.332339791356185,0.559347181008902,0.00306748466257669,0.0015015015015015,0.324599708879185,0.29803328290469,0.649390243902439,0.00151285930408472,0.674174174174174,0.00451807228915663,0,0.660522273425499,0.00298953662182362,0.00606980273141123,0.995495495495496,0.668154761904762,0.00151515151515152,0.00303951367781155,0.666666666666667,0.00446428571428571,0.00461538461538462,0.685975609756098,0.664179104477612,0.00303030303030303,0.00446428571428571,0.00304878048780488,0.470764617691154,0.691265060240964,0.659476117103236,0.677793904208999,0.665178571428571,0.317073170731707,0.668639053254438,0.672106824925816,0.678678678678679,0.764264264264264,0.671317829457364,0.00443131462333826,0.679882525697504,0.0060882800608828,0.684053651266766,0.918604651162791,0.949329359165425,0.00295420974889217,0.00441826215022091,0.959881129271917,0.00308166409861325,0.316100443131462,0.957703927492447,0.990881458966565,0.00297176820208024,0.322338830584708,0.00297619047619048,0.00301659125188537,0.458143074581431,0.00301204819277108,0.996969696969697,0.928125,0.00451807228915663,0.00293685756240822,0.00445765230312036,0.672256097560976,0.354978354978355,0.309006211180124,0.0117647058823529,0.00150375939849624,0.0134932533733133,0.689863842662632,0.662162162162162,0.00451127819548872,0.687782805429864,0.00446428571428571,0.632776934749621,0.893455098934551,0.685240963855422,0.677372262773723,0.663987138263666,0.00446428571428571,0.922287390029325,0.0043731778425656,0.0015600624024961,0.00458015267175573,0.741506646971935,0.669207317073171,0.00457317073170732,0.672205438066465,0.00460122699386503,0.0046875,0.681952662721893,0.00153846153846154,0.670058139534884,0.00454545454545455,0.686186186186186,0.670229007633588,0.00298507462686567,0.325264750378215,0.677842565597668,0.00147710487444609,0.688650306748466,0.238805970149254,0.675036927621861,0.838518518518519,0.677991137370753,0.224550898203593,0.683076923076923,0.00458015267175573,0.67420814479638,0.656760772659733,0.702823179791976,0.00452488687782805,0.00458015267175573,0.00293685756240822,0.0266457680250784,0.656346749226006,0.0045662100456621,0.666151468315301,0.00451807228915663,0.674050632911392,0.671071953010279,0.00452488687782805,0.00306278713629403,0.0029673590504451,0.078907435508346,0.00294550810014728,0.686478454680535,0.670118343195266,0.00297619047619048,0.00305343511450382,0.956856702619414,0.921898928024502,0.00454545454545455,0.00459418070444104,0.683409436834094,0.00444444444444444,0.00295420974889217,0.692307692307692,0.00307219662058372,0.00449101796407186,0.324444444444444,0.479351032448378,0.00453172205438067,0.995639534883721,0.0045045045045045,0.00294550810014728,0.902366863905325,0.67420814479638,0.0045662100456621,0.671686746987952,0.00599700149925037,0.033587786259542,0.00600600600600601,0.174626865671642,0.00458015267175573,0.666149068322981,0.00446428571428571,0.0045662100456621,0.00306278713629403,0.995588235294118,0.686427457098284,0.00309597523219814,0.00442477876106195,0.333333333333333,0.00441826215022091,0.672672672672673,0.634182908545727,0.677130044843049,0.00447093889716841,0.00298507462686567,0.00307219662058372,0.911373707533235,0.67420814479638,0.915514592933948,0.00308641975308642,0.683899556868538,0.681137724550898,0.637048192771084,0.996932515337423,0.00452488687782805,0.0417287630402385,0.00299850074962519,0.00442477876106195,0.663076923076923,0.689705882352941,0.834087481146305,0.96030534351145,0.675187969924812,0.682228915662651,0.662222222222222,0.998466257668712,0.682962962962963,0.00443131462333826,0.995440729483283,0.680412371134021,0.00451127819548872,0.0045662100456621,0.00300751879699248,0.68451519536903,0.674927113702624,0.964560862865948,0.00149253731343284,0.671732522796353,0.683035714285714,0.0029940119760479,0.00298953662182362,0.675675675675676,0.310236220472441,0.00301659125188537,0.00457317073170732,0.306990881458967,0.00446428571428571,0.691851851851852,0.0030441400304414,0.675595238095238,0.482035928143713,0.335347432024169,0.594752186588921,0.00300751879699248,0.701470588235294,0.679582712369598,0.324404761904762,0.333819241982507,0.00300751879699248,0.672082717872969,0.00309119010819165,0.676811594202899,0.00455927051671732,0.67921686746988,0.688350983358548,0.639517345399698,0.478454680534918,0.683333333333333,0.683890577507599,0.340361445783133,0.674591381872214,0.851622874806801,0.00302571860816944,0.997032640949555,0.0029806259314456,0.696969696969697,0.0029940119760479,0.996978851963746,0.669161676646707,0.675265553869499,0.00307219662058372,0.941775836972344,0.00297619047619048,0.909228441754917,0.653614457831325,0.00308166409861325,0.935820895522388,0.327868852459016,0.00453857791225416,0.00298953662182362,0.00442477876106195,0.677621283255086,0.961876832844575,0.00447093889716841,0.569908814589666,0.909647779479326,0.637853949329359,0.674140508221226,0.66957787481805,0.0029673590504451,0.00307692307692308,0.00455235204855842,0.00451807228915663,0.00298507462686567,0.935672514619883,0.00734214390602056,0.317293233082707,1,0.674591381872214,0.00449775112443778,0.0030441400304414,0.00463678516228748,0.00441826215022091,0.913432835820896,0.677514792899408,0.00295420974889217,0.00453172205438067,0.00306748466257669,0.00453172205438067,0.00451127819548872,0.00453172205438067,0.512518409425626,1,0.00447093889716841,0.91776798825257,0.678624813153961,0.561664190193165,0.003003003003003,0.598159509202454,0.682316118935837,0.683582089552239,0.00448430493273543,0.962630792227205,0.671071953010279,0.00296296296296296,0.00303951367781155,0.623853211009174,0.685376661742984,0.69079939668175,0.680555555555556,0.00452488687782805,0.669753086419753,0.681481481481481,0.58599695585997,0.677760968229955,0.0251479289940828,0.679300291545189,0.918711656441718,0.670676691729323,0.995575221238938,0.00301659125188537,0.912576687116564,0.686153846153846,0.676119402985075,0.680491551459293,0.00299850074962519,0.00447093889716841,0.0031055900621118,0.00445765230312036,0.00310077519379845,0.00452488687782805,0.669724770642202,0.00447093889716841,0.68018018018018,0.6768,0.398243045387994,0.329770992366412,0,0.00452488687782805,0.997045790251108,0.679468242245199,0.882089552238806,0.0043859649122807,0.965361445783133,0.00455927051671732,0.00307692307692308,0.67921686746988,0.00298507462686567,0.0046875,0.377845220030349,0.586046511627907,0.00851063829787234,0.923780487804878,0.906584992343032,0.00303030303030303,0.00455235204855842,0.00451127819548872,0.91553544494721,0.99554234769688,0.679882525697504,0.577844311377245,0.679411764705882,0.998518518518518,0.670212765957447,0.915254237288136,0.00443786982248521,0.00462962962962963,0.678779069767442,0.682563338301043,0.75867269984917,0.666156202143951,0.686011904761905,0.670571010248902,0.0029940119760479,0.00451127819548872,0.665648854961832,0.00429799426934097,0.995562130177515,0.00152671755725191,0.780635400907716,0.00303490136570561,0.334814814814815,0.00149476831091181,0.686567164179104,0.686821705426357,0.921713441654357,0.328888888888889,0.00151285930408472,0.0045045045045045,0.218045112781955,0.105590062111801,0.68030303030303,0.681047765793529,0.00448430493273543,0.673163418290855,0.744326777609682,0.671274961597542,0.0043731778425656,0.898507462686567,0.00151515151515152,0.00300751879699248,0.682422451994092,0.326687116564417,0.687405159332322,0.00467289719626168,0.00151515151515152,0.68562874251497,0.688427299703264,0.672514619883041,0.146341463414634,0.685758513931889,0.00298953662182362,0.944858420268256,0.00451127819548872,0.00305810397553517,0.30849478390462,0.349702380952381,0.670866141732283,0.946727549467275,0.668168168168168,0.00303030303030303,0.00306748466257669,0.690225563909774,0.664661654135338,0.378176382660688,0.003003003003003,0.685840707964602,0.625920471281296,0.684684684684685,0.0221238938053097,0.531818181818182,0.997019374068554,0.691740412979351,0.670103092783505,0.666156202143951,0.679566563467492,0.674008810572687,0.0323054331864905,0.00303951367781155,0.686478454680535,0.456964006259781,0.322775263951735,0.760479041916168,0.323343848580442,0.0030441400304414,0.672672672672673,0.993836671802773,0.671191553544495,0.68107302533532,0.62739322533137,0.67741935483871,0.998525073746313,0.659638554216867,0.681749622926094,0.670750382848392,0.680722891566265
"670",0.299840510366826,0.312597200622084,0.317111459968603,0.329652996845426,0.317683881064163,0.309486780715397,0.0127388535031847,0.315955766192733,0.313664596273292,0.5664,0.325652841781874,0.631578947368421,0.516746411483254,0.3234375,0.998427672955975,0.998461538461539,0.615740740740741,0.00161290322580645,0.323943661971831,0.308166409861325,0.998432601880878,0.998407643312102,0.324404761904762,0.519938650306748,0.3125,1,0.998389694041868,0.340356564019449,0.309815950920245,0.524720893141946,0.998439937597504,0.587786259541985,0.372128637059724,0.998454404945904,0.667711598746082,0.315359477124183,0.130970724191063,0.331297709923664,0.998500749625187,0.305555555555556,0.0015527950310559,0,0.00151515151515152,0.331738437001595,0.320813771517997,0.998410174880763,0.998420221169036,0.998461538461539,0.998461538461539,1,0.684615384615385,0.329635499207607,0.998477929984779,0.3203125,0.315132605304212,0.826224328593997,0.115805946791862,0.323809523809524,0.314329738058552,0.330745341614907,0.996918335901387,0.998442367601246,0.998432601880878,0.00311526479750779,0.318627450980392,0.324074074074074,0.654798761609907,0.325508607198748,0.612708018154312,1,0.321483771251932,0.998459167950693,0.998412698412698,0.280193236714976,0.15625,0.31570996978852,0.998477929984779,0.996946564885496,0.324159021406728,0.998415213946117,0.598412698412698,0.998412698412698,0.998447204968944,0.328149300155521,1,0.329323308270677,0.326053042121685,0.322085889570552,0.32182103610675,0.00153609831029186,0.327503974562798,0.337349397590361,0.683720930232558,0.580495356037152,0.312202852614897,0.643072289156627,0.669242658423493,0.310077519379845,0.122383252818035,0,0.317757009345794,0.610687022900763,1,0.317230273752013,0.998452012383901,0.322530864197531,0.00155763239875389,0.320872274143302,0.998452012383901,0.998452012383901,0.998466257668712,0.307692307692308,1,0.327131782945736,0.201210287443268,0.314674735249622,1,0.384853168469861,0.998484848484849,0.998439937597504,0.199381761978362,0.311248073959938,1,0.998407643312102,0.339969372128637,0.998444790046656,0.319648093841642,0.318112633181126,0.374223602484472,0.786910197869102,0.33122028526149,1,0.326984126984127,0.635135135135135,0.335974643423138,0.998466257668712,0.00153139356814701,0.998461538461539,0.377567140600316,0.886255924170616,0.5765625,0.5921875,0.321928460342146,0.323151125401929,0.998452012383901,0.321428571428571,0.998493975903614,0.307692307692308,0.499227202472952,0.329341317365269,1,0.311728395061728,0.318611987381703,0.326984126984127,0.324492979719189,0.998435054773083,0.308527131782946,0.998415213946117,0.440625,0.324116743471582,0.998466257668712,0.322289156626506,0.998449612403101,0.584905660377358,0.325434439178515,0.998425196850394,0.322932917316693,0.315707620528771,0.334379905808477,0.990881458966565,0.330721003134796,0.998447204968944,0.319047619047619,1,0.326433121019108,0.998447204968944,0.58359133126935,0.302936630602782,0.0307941653160454,0.301435406698565,0.315132605304212,0.998439937597504,0.303543913713405,0.326120556414219,0.319444444444444,0.332819722650231,1,1,0.320634920634921,0.328125,0.998454404945904,0.998427672955975,0.330232558139535,0.241112828438949,0.0193740685543964,0.6801872074883,0.998459167950693,0,0.32,0.998456790123457,0.323248407643312,0.312594840667678,0.328725038402458,0.995356037151703,1,0.998376623376623,0.325757575757576,0.317384370015949,0.318952234206472,0.66824644549763,0.309597523219814,0.998410174880763,0.345794392523364,0.998430141287284,1,0.438679245283019,0.321875,0.321592649310873,0.326086956521739,0.3078125,0.315789473684211,0.635658914728682,0.998425196850394,1,0.317557251908397,0.00154559505409583,0.327300150829563,0.32375189107413,0.321766561514196,0.312404287901991,0.300623052959502,0.31651376146789,0.693374422187982,0.366818873668189,0.308049535603715,0.998422712933754,0.32348367029549,0.998468606431853,0.312597200622084,0.308056872037915,0.312693498452012,0.331761006289308,0.317891373801917,1,0.326717557251908,0.789719626168224,0.998456790123457,0.998470948012232,1,0.998444790046656,0.998422712933754,0.888188976377953,0.998447204968944,0.998449612403101,0.998466257668712,0.31570996978852,0.998439937597504,0.319870759289176,0,0.998442367601246,0.394171779141104,0.9984375,0.329133858267717,0.324534161490683,0.315384615384615,0.427444794952681,0.998449612403101,0.327743902439024,0.998427672955975,0.998475609756098,0.998442367601246,0.998477929984779,0,0.321259842519685,0.998461538461539,0.998439937597504,0.327014218009479,0.998397435897436,0.328173374613003,0.998468606431853,1,0.32093023255814,0.321086261980831,0.30757341576507,0.148031496062992,0.332298136645963,0.0015552099533437,0.587443946188341,0.998449612403101,0.325153374233129,0.320126782884311,0.575803981623277,0.998463901689708,0.998420221169036,0.325434439178515,0.331768388106416,1,0.649310872894334,0.694136291600634,0.311424100156495,0.321027287319422,0.995468277945619,0.332288401253919,0.306306306306306,0.998454404945904,0.318818040435459,0.301972685887709,1,0.30952380952381,0.321875,0.311145510835913,0.325077399380805,1,1,0.998412698412698,0.313755795981453,0.32967032967033,0.0106870229007634,0.995297805642633,0.334384858044164,1,0.998461538461539,0.316666666666667,0.330289193302892,0.304347826086957,0.322480620155039,0.326153846153846,0.998447204968944,0.313572542901716,0.314152410575428,0.563694267515924,0.998482549317147,0.839813374805599,0.998427672955975,0.0015552099533437,1,0.329286798179059,0.998449612403101,0.998456790123457,0.425269645608629,0.998444790046656,0.327503974562798,0.998489425981873,0.310236220472441,0.304012345679012,0.318461538461538,0.998463901689708,0.998447204968944,0.31924882629108,0.4064,0.6,0.307570977917981,0.998447204968944,0.998407643312102,1,0.323248407643312,0.998498498498498,0.207165109034268,0.998459167950693,0.998439937597504,0.998427672955975,1,0.330804248861912,0.9984,0.325281803542673,0.335925349922239,0.670866141732283,0.309409888357257,0.998459167950693,0.325688073394495,0.325190839694657,0.310344827586207,0.998432601880878,0.305597579425113,0.998432601880878,0.328808446455505,0.487730061349693,0.328682170542636,0.327476038338658,0.314814814814815,1,0.32018927444795,0.305246422893482,0.998463901689708,1,0.321044546850998,0.314814814814815,0.998447204968944,0.483231707317073,0.321543408360129,0.333333333333333,0.326251896813354,0.679626749611198,0.998425196850394,0.296950240770466,0.998442367601246,0.427682737169518,0.312796208530806,0,0.879336349924585,0.318910256410256,0.328173374613003,0,0.0316455696202532,0.982892690513219,0.319508448540707,0.998427672955975,0.316535433070866,0.317965023847377,0.998463901689708,0.326186830015314,0.31924882629108,0.669796557120501,1,0.32093023255814,0.322884012539185,0.998422712933754,0.316118935837246,0.313195548489666,0.9984375,0.349230769230769,0.319182389937107,0.321044546850998,0.338050314465409,0.8,0.998447204968944,0.979397781299525,0.998496240601504,0.998425196850394,0.00157728706624606,1,0.995327102803738,0.998456790123457,0.435054773082942,1,0.314984709480122,0.995433789954338,0.333853354134165,0.998449612403101,0.604229607250755,0.621165644171779,0.325264750378215,0.315467075038285,0.629057187017002,0.318979266347687,0.00151515151515152,0.635239567233385,0.676470588235294,0.318529862174579,0.00154559505409583,0.317111459968603,0.314152410575428,0.775,0.330203442879499,0.679506933744222,0.58908507223114,0.31875,0.322188449848024,0.304012345679012,0.998427672955975,0.0249266862170088,0.00161290322580645,0.320552147239264,0.329721362229102,0.340523882896764,0.998468606431853,0.348909657320872,0.32,0.998432601880878,0.311550151975684,0.94383775351014,0.570532915360502,1,0.998482549317147,0.995024875621891,0.323216995447648,0.605143721633888,0.326283987915408,0.318037974683544,0.318252730109204,0.43161094224924,0.998430141287284,0.313084112149533,0.9984375,0.325396825396825,0.320695102685624,0.998473282442748,0.324324324324324,0.998511904761905,0.324451410658307,0.998420221169036,0.998442367601246,0.323029366306028,0.00156494522691706,0.998477929984779,0.319938176197836,1,0.569678407350689,0.998475609756098,0.507668711656442,0.998489425981873,0.568111455108359,0.998392282958199,0.322169059011164,1,0.998459167950693,0.998452012383901,0.311248073959938,0.3296,0.317700453857791,0.346709470304976,0.33868378812199,0.313084112149533,0.998427672955975,0.325,0.998371335504886,0.998491704374057,0.328682170542636,0.31911532385466,0.327743902439024,0.382215288611544,0.320668693009119,0.998461538461539,1,0.334351145038168,0.323809523809524,0.62992125984252,0.5888,0.313971742543171,0.316957210776545,0.998425196850394,0.303738317757009,0.320726172465961,0.992236024844721,0.311183144246353,0.311627906976744,0.00156494522691706,0.138297872340426,0.321538461538462,0.678247734138973,0.312401883830455,0.326717557251908,0.599700149925038,0.996875,0.320251177394035,0.998444790046656,0.314641744548287,0.338557993730408,0.318037974683544,0.466153846153846,0.316614420062696,0.998397435897436,0.324534161490683,0.325434439178515,0.328616352201258,0.685015290519878,1,0.323854660347551,0.321483771251932,0.00158730158730159,0.326687116564417,0.998439937597504,0.954268292682927,0.998444790046656,0.325652841781874,0.327666151468315,0.31924882629108,0.584084084084084,0.9984,0.58974358974359,0.333333333333333,0.998466257668712,0.998454404945904,0.972179289026275,0.6671875,0.329093799682035,0.365296803652968,0.316998468606432,0.323529411764706,0.998417721518987,0.998487140695915,0.51188589540412,0.626959247648903,0.998452012383901,0.9984375,0.998475609756098,0.693290734824281,0.998412698412698,0.328746177370031,0.678407350689127,0.998475609756098,0.326053042121685,0.316846986089645,0.320433436532508,1,0.998473282442748,0.647058823529412,0.327639751552795,0.998459167950693,0.998466257668712,0.329738058551618,0.306870229007634,1,0,0.318110236220472,0.314553990610329,0.00467289719626168,0.324159021406728,0.998487140695915,0.321259842519685,0.998447204968944,0.141768292682927,0.00152671755725191,0.901365705614568,0.327131782945736,0.998475609756098,0.998449612403101,0.00155038759689922,0.00151057401812689,0.326625386996904,0.998454404945904,0.3136,1,0.313572542901716,0.998430141287284,0.998432601880878,0.965571205007825,0.785604900459418,1,1,0.00470957613814757,0.998459167950693,0.509803921568627,0.327131782945736,0.662037037037037,0.328725038402458,0.998432601880878,0.309006211180124,0.672868217054264,1,1,0.312893081761006,0.614114114114114,0.33695652173913,0.585403726708075,0.975,0.338582677165354,0.596006144393241,0.00934579439252336,0.31733746130031,0.325115562403698,0.32469512195122,0.998412698412698,0.627118644067797,0.31039755351682,0.89589905362776,0.58213716108453,0.973926380368098,0.998447204968944,1,0.31832298136646,0.337060702875399,0.312302839116719,0.318461538461538,0.317829457364341,0.612121212121212,0.313455657492355,0,0.674591381872214,1,0.324534161490683,0.312111801242236,0.323809523809524,0.325652841781874,0.607198748043818,0.998473282442748,0.330769230769231,0.333333333333333,0.332797427652733,0.322884012539185,0.318952234206472,0.315789473684211,0.19236641221374,0.674679487179487,0.316455696202532,0.601538461538462,1,0.250764525993884,0.320373250388802,0.924920127795527,0.998405103668262,0.998447204968944,0.317683881064163,0.636785162287481,0.998459167950693,0.314814814814815,0.305993690851735,0.95800933125972,1,0.998435054773083,1,0.31839258114374,0.998417721518987,0.998482549317147,0.904238618524333,0.998412698412698,0.352395672333849,0.998463901689708,0.587025316455696,1,0.672281776416539,0.315541601255887,0.596491228070175,0.998415213946117,1,0.993700787401575,0.326153846153846,0.332298136645963,0.327390599675851,0.31924882629108,0.326018808777429,0.330143540669856,0.982539682539682,0.315870570107858,0.998447204968944,0.998347107438017,0.723765432098765,0.00156739811912226,0.31969696969697,0.321044546850998,0.672782874617737,0.998468606431853,0.559875583203733,0.328267477203647,0.644171779141104,0.3109375,0.32,1,0.3109375,0.320450885668277,0.697347893915757,0.905144694533762,0.325301204819277,0.604133545310016,0.580441640378549,0.329738058551618,0.328149300155521,0.302652106084243,0.596244131455399,0.677966101694915,1,0.896024464831804,0.998491704374057,0.662576687116564,1,0.589905362776025,0.315625,0.330670926517572,0.998480243161094,1,0.448382126348228,0.996850393700787,0.998466257668712,1,0.313971742543171,0.328725038402458,1,0.318385650224215,0.681957186544342,0.334394904458599,0.469387755102041,0.301916932907348,0.00153609831029186,0.31570996978852,0.998420221169036,0.998412698412698,0.590015128593041,0.0015220700152207,0.325115562403698,0.322932917316693,0.10641627543036,0.416129032258065,0.998402555910543,0.998420221169036,0.313084112149533,1,0.433753943217666,0.9984,0.329835082458771,0.582181259600614,0.321928460342146,0.32018927444795,0.998444790046656,0.00159235668789809,1,0.312202852614897,0.320813771517997,0.998466257668712,0.998459167950693,0.998491704374057,0.435534591194969,0.998415213946117,0.327586206896552,0.618012422360248,0.324574961360124,0.328,0.00154559505409583,0.0371517027863777,0.998387096774194,0.615264797507788,1,0.325545171339564,0.330696202531646,0.9984375,1,0.153250773993808,0.313084112149533,0.998466257668712,0.903614457831325,0.998456790123457,0.327692307692308,0.202511773940345,0.668202764976959,0.998475609756098,0.998509687034277,0.998425196850394,0.998435054773083,0.998498498498498,0.295839753466872,0.305295950155763,0.998442367601246,0.11525974025974,0.0015748031496063,0.457317073170732,0.00161812297734628,0.330188679245283,1,0.677519379844961,0.998454404945904,0.998452012383901,0.894656488549618,0.998439937597504,0.683563748079877,0.998461538461539,0.998402555910543,0.998432601880878,1
"671",1,1,1,1,1,1,0.697068403908795,1,1,0.1,1,0.0500782472613459,0.816037735849057,1,0.323390894819466,0.316614420062696,0.0630769230769231,0.6721044045677,1,1,0.297507788161994,0.316455696202532,1,0.154205607476636,1,0.33693972179289,0.324104234527687,1,1,0.785714285714286,0.315548780487805,0.733846153846154,0.96583850931677,0.326498422712934,0,1,0.5390625,1,0.30421686746988,1,0.658385093167702,0.669254658385093,0.691244239631336,1,1,0.326433121019108,0.32755905511811,0.30804248861912,0.327245053272451,0.331306990881459,0,1,0.319444444444444,1,1,0.500794912559618,0.5552,1,1,1,0.337404580152672,0.32807570977918,0.33125,0.673469387755102,1,1,0.0391236306729265,1,0.0555555555555556,0.32824427480916,1,0.329754601226994,0.329652996845426,0.961538461538462,0.506912442396313,1,0.312883435582822,0.343032159264931,1,0.320063694267516,0.0889967637540453,0.335413416536661,0.332814930015552,1,0.345679012345679,1,1,1,1,0.692307692307692,1,1,0.00153609831029186,0.107142857142857,1,0.0518292682926829,0,1,0.562091503267974,0.67304625199362,1,0.0521327014218009,0.312893081761006,1,0.318611987381703,1,0.666151468315301,1,0.321316614420063,0.329211746522411,0.327131782945736,1,0.328746177370031,1,0.474242424242424,1,0.3171875,0.291993720565149,0.328787878787879,0.325396825396825,0.468944099378882,0.998432601880878,0.336890243902439,0.318770226537217,1,0.316358024691358,1,1,0.323943661971831,0.544629349470499,1,0.317535545023697,1,0.0466867469879518,1,0.314728682170543,0.665123456790123,0.33695652173913,0.929356357927786,0.431596091205212,0.102803738317757,0.0959119496855346,1,1,0.337007874015748,1,0.329835082458771,1,0.810852713178295,1,0.3296,1,1,1,1,0.34012539184953,1,0.327044025157233,0.246875,1,0.319938176197836,1,0.304897314375987,0.0886075949367089,1,0.322784810126582,1,1,1,0.337984496124031,1,0.336507936507937,1,0.313755795981453,1,0.328100470957614,0.0760869565217391,1,0.634185303514377,1,1,0.322429906542056,1,1,1,1,0.33026113671275,0.314241486068111,1,0.998420221169036,0.319148936170213,0.318541996830428,1,0.437990580847724,0.666666666666667,0,0.31875,0.660406885758998,1,0.326687116564417,1,0.998477929984779,1,0.324116743471582,0.325190839694657,0.333868378812199,1,1,1,0,1,0.313880126182965,0.975155279503106,0.332807570977918,0.31911532385466,0.738244514106583,1,1,1,1,1,0.048062015503876,0.325984251968504,0.326656394453005,1,0.676470588235294,1,1,0.9984375,0.998466257668712,1,1,0.00464396284829721,0.310185185185185,1,0.317535545023697,1,0.314329738058552,1,1,1,1,1,0.332293291731669,1,0.518341307814992,0.331240188383046,0.325190839694657,0.322274881516588,0.332283464566929,0.342313787638669,0.428115015974441,0.340062111801242,0.324615384615385,0.313664596273292,1,0.326018808777429,1,0.682299546142209,0.325508607198748,0.30030487804878,0.338028169014085,1,1,1,0.252336448598131,0.319314641744548,1,0.334928229665072,0.330815709969789,0.321928460342146,0.319875776397516,0.67244094488189,1,0.32258064516129,0.324921135646688,1,0.303514376996805,1,0.319148936170213,0.323529411764706,1,1,1,0.533751962323391,1,0.684542586750789,0.0834597875569044,0.327639751552795,1,1,0.0989180834621329,0.330246913580247,0.333865814696486,1,1,0.305555555555556,0.0276923076923077,0.00315955766192733,1,1,0.346687211093991,0.998422712933754,1,0.317972350230415,1,1,0.32258064516129,1,1,1,1,0.330733229329173,0.321212121212121,0.335443037974684,1,1,0.666666666666667,0.31924882629108,1,0.328787878787879,0.305900621118012,1,1,0.998456790123457,1,1,0.330203442879499,1,1,0.106451612903226,0.337962962962963,0.496124031007752,0.318979266347687,0.662992125984252,0.316923076923077,1,0.317610062893082,0.345736434108527,0.250381679389313,0.329211746522411,1,0.332317073170732,1,1,1,0.313971742543171,0.33026113671275,0.998468606431853,0.928571428571429,0.0616113744075829,1,0.315301391035549,0.326984126984127,0.313385826771654,1,0.337423312883436,0.466973886328725,0.330792682926829,0.323296354992076,0.324921135646688,0.317683881064163,1,0.326018808777429,1,1,0,1,0.331761006289308,1,1,1,0.328125,1,0.3168,1,0.836671802773498,1,1,1,0.327613104524181,1,1,0.320373250388802,0.316279069767442,1,1,0.31201248049922,0.188854489164087,1,0.998439937597504,1,0,0.318840579710145,1,0.317972350230415,0.240188383045526,1,0.66407465007776,0.441896024464832,1,1,0.664201183431953,0.70077519379845,0.344287949921753,1,0.324031007751938,1,1,0.345368916797488,1,0.998415213946117,0.00934579439252336,0.3296875,1,1,0.330173775671406,1,1,0.314873417721519,0.327160493827161,1,1,1,0.538819875776398,0.317073170731707,0.352755905511811,0.313813813813814,0.334883720930233,0.682888540031397,0.334869431643625,0.325617283950617,0.322033898305085,0.230889235569423,0.321259842519685,1,0.322239031770045,0.998435054773083,0.322932917316693,0.0830860534124629,0.0490045941807044,1,1,0.0436817472698908,1,0.675968992248062,0.0460122699386503,0.0140625,1,0.667706708268331,1,1,0.538582677165354,1,0,0.0723472668810289,1,1,1,0.329052969502408,0.645209580838323,0.685064935064935,0.993827160493827,1,0.982945736434109,0.309486780715397,0.331240188383046,1,0.312796208530806,1,0.382581648522551,0.106518282988871,0.306376360808709,0.324734446130501,0.337228714524207,1,0.0776255707762557,1,1,1,0.257716049382716,0.333865814696486,1,0.328173374613003,1,1,0.319875776397516,1,0.331838565022422,1,0.312698412698413,0.324960753532182,1,0.663507109004739,0.323795180722892,1,0.317034700315457,0.76875,0.321646341463415,0.160246533127889,0.32781954887218,0.768253968253968,0.314465408805031,1,0.331240188383046,0.341049382716049,0.297674418604651,1,1,1,0.967689822294023,0.334415584415584,1,0.328548644338118,1,0.323577235772358,0.319444444444444,1,1,1,0.918461538461538,1,0.322085889570552,0.328682170542636,1,1,0.0466237942122186,0.0794392523364486,1,1,0.319554848966614,1,1,0.325581395348837,1,1,0.678018575851393,0.522273425499232,1,0,1,1,0.100917431192661,0.328125,1,0.330733229329173,0.998435054773083,0.965354330708661,0.9984375,0.821538461538462,1,0.331189710610932,1,1,1,0,0.319488817891374,1,1,0.665094339622642,1,0.329192546583851,0.36687306501548,0.327639751552795,1,1,1,0.0960365853658537,0.328478964401294,0.0907643312101911,0.998402555910543,0.318252730109204,0.318112633181126,0.354587869362364,0,1,0.955108359133127,1,1,0.334375,0.311349693251534,0.152,0.0440251572327044,0.336492890995261,0.322932917316693,0.331297709923664,0.00157232704402516,0.311811023622047,1,0,0.322239031770045,1,1,1,0.321483771251932,0.328267477203647,0.0370967741935484,1,0.325984251968504,0.316846986089645,1,1,0.332807570977918,0.680064308681672,1,1,0.6828125,1,0.315068493150685,1,0.322932917316693,0.517241379310345,0.662037037037037,0.409436834094368,1,0.304147465437788,0.321928460342146,0.672360248447205,0.662595419847328,1,0.333843797856049,1,0.331825037707391,1,0.3198127925117,0.311216429699842,0.360123647604328,0.514820592823713,0.321656050955414,0.312302839116719,0.661927330173776,0.328725038402458,0.151757188498403,1,0,1,0.307936507936508,1,0,0.330757341576507,0.32018927444795,1,0.0556390977443609,1,0.083596214511041,0.344287949921753,1,0.0647709320695103,0.658767772511848,1,1,1,0.328478964401294,0.0428134556574924,1,0.428348909657321,0.0996835443037975,0.360983102918587,0.329286798179059,0.330757341576507,1,1,1,1,1,0.0636363636363636,0.996918335901387,0.674961119751166,0.00449775112443778,0.324534161490683,1,1,1,1,0.0897637795275591,0.319508448540707,1,1,1,1,1,1,0.478658536585366,0.00156739811912226,1,0.0838414634146342,0.332814930015552,0.43217665615142,1,0.403815580286169,0.320512820512821,0.314900153609831,1,0.0435458786936236,0.324960753532182,1,1,0.375394321766562,0.314814814814815,0.317757009345794,0.326892109500805,0.998459167950693,0.330173775671406,0.325581395348837,0.424483306836248,0.330733229329173,0.972560975609756,0.319634703196347,0.0839936608557845,0.33125,0,1,0.088,0.310725552050473,0.317757009345794,0.325949367088608,1,1,1,1,1,1,0.340764331210191,1,0.323943661971831,0.326229508196721,0.605678233438486,0.669291338582677,1,1,0,0.32078313253012,0.1265625,0.998477929984779,0.0391849529780564,1,1,0.322222222222222,1,1,0.630990415335463,0.429260450160772,0.995535714285714,0.0812101910828025,0.0971786833855799,1,1,1,0.088646967340591,0,0.328703703703704,0.424806201550388,0.323664122137405,0,0.331730769230769,0.0847723704866562,1,1,0.330804248861912,0.324574961360124,0.238759689922481,0.334394904458599,0.326186830015314,0.327131782945736,1,1,0.330658105939005,1,0,1,0.219435736677116,1,0.667180277349769,1,0.320251177394035,0.31687898089172,0.075968992248062,0.670788253477589,1,1,0.783570300157978,0.890850722311397,0.323943661971831,0.318979266347687,1,0.322480620155039,0.24251968503937,0.329617834394904,1,0.103875968992248,1,1,0.3234375,0.679425837320574,0.318979266347687,1,1,0.310664605873261,0.312302839116719,0.324773413897281,0.853543307086614,0.320754716981132,1,0.0542635658914729,1,1,0.690184049079755,0.639570552147239,0.325806451612903,0.0578125,0.331782945736434,1,1,0.311320754716981,0.333855799373041,0.619195046439629,1,0.308282208588957,0.377708978328173,0.315372424722662,0.989164086687306,0.468553459119497,0.00460122699386503,0.313664596273292,0.331811263318113,0.331730769230769,0.32,0.324283559577677,0.970679012345679,1,0.322932917316693,0.538585209003215,0.67981072555205,0.229457364341085,0.684124386252046,1,0.327639751552795,0.00311526479750779,0.33489827856025,0.322188449848024,0.37403400309119,0.325434439178515,0,0.341426403641882,0.32182103610675,0.32755905511811,0.324409448818898
"672",1,1,1,1,1,1,0.715447154471545,1,1,0.0983870967741935,1,0.047244094488189,0.796529968454259,1,0.309294871794872,0.306501547987616,0.0666666666666667,0.691437802907916,1,1,0.27591706539075,0.304975922953451,1,0.170616113744076,1,0.322378716744914,0.306451612903226,1,1,0.7728,0.300314465408805,0.708588957055215,0.965625,0.305732484076433,0,1,0.555729984301413,1,0.288315629742033,1,0.680314960629921,0.698890649762282,0.695178849144635,1,1,0.302931596091205,0.303514376996805,0.298461538461538,0.312597200622084,0.316279069767442,0,1,0.301857585139319,1,1,0.4912,0.5696,1,1,1,0.313084112149533,0.311111111111111,0.304700162074554,0.688394276629571,1,1,0.0377358490566038,1,0.0601851851851852,0.305810397553517,1,0.304278922345483,0.315181518151815,0.968102073365231,0.524256651017214,1,0.302180685358255,0.325,1,0.310457516339869,0.0923824959481361,0.315955766192733,0.313479623824451,1,0.325434439178515,1,1,1,1,0.698890649762282,1,1,0,0.1078125,1,0.0462249614791988,0,1,0.573051948051948,0.686804451510334,1,0.0546623794212219,0.30173775671406,1,0.302737520128824,1,0.699530516431925,1,0.304975922953451,0.300155520995334,0.300940438871473,1,0.315047021943574,1,0.505359877488515,1,0.300955414012739,0.3234375,0.317147192716237,0.310509554140127,0.499215070643642,0.998432601880878,0.307332293291732,0.299524564183835,1,0.294585987261146,1,1,0.345483359746434,0.550077041602465,1,0.307324840764331,1,0.0441400304414003,1,0.303405572755418,0.682242990654206,0.311111111111111,0.928571428571429,0.426446280991736,0.108832807570978,0.101105845181675,1,1,0.321711568938193,1,0.304615384615385,1,0.794117647058823,1,0.317589576547231,1,1,1,1,0.324921135646688,1,0.312,0.276995305164319,1,0.298904538341158,1,0.291139240506329,0.0917721518987342,1,0.2953125,1,1,1,0.323574730354391,1,0.312101910828025,1,0.297805642633229,1,0.305111821086262,0.0795631825273011,1,0.647058823529412,1,1,0.309904153354633,1,1,1,1,0.313694267515924,0.305555555555556,1,0.998435054773083,0.307453416149068,0.288461538461538,1,0.470957613814757,0.677760968229955,0,0.308777429467085,0.682888540031397,1,0.312883435582822,1,0.998456790123457,1,0.304278922345483,0.307931570762053,0.312602291325696,1,1,1,0,1,0.297297297297297,0.971875,0.312698412698413,0.294585987261146,0.7578125,1,1,1,1,1,0.0473933649289099,0.299840510366826,0.314814814814815,1,0.692667706708268,1,1,0.9984375,0.998456790123457,1,1,0.00314465408805031,0.340523882896764,1,0.300787401574803,1,0.289719626168224,1,1,1,1,1,0.312796208530806,1,0.494435612082671,0.318110236220472,0.312693498452012,0.301282051282051,0.312698412698413,0.315457413249211,0.412903225806452,0.326498422712934,0.309968847352025,0.300623052959502,1,0.311004784688995,1,0.693846153846154,0.305511811023622,0.332317073170732,0.323151125401929,1,1,1,0.284126984126984,0.3015625,1,0.309294871794872,0.310769230769231,0.298412698412698,0.313178294573643,0.69620253164557,1,0.306853582554517,0.304761904761905,1,0.29126213592233,1,0.303680981595092,0.302507836990596,1,1,1,0.552959501557632,1,0.699842022116904,0.0838414634146342,0.313664596273292,1,1,0.101088646967341,0.308176100628931,0.318255250403877,1,1,0.290220820189274,0.0220125786163522,0.00319488817891374,1,1,0.329704510108865,0.998432601880878,1,0.2984375,1,1,0.301587301587302,1,1,1,1,0.319354838709677,0.297256097560976,0.32516339869281,1,1,0.684292379471229,0.305993690851735,1,0.315132605304212,0.285939968404423,1,1,0.998452012383901,1,1,0.315372424722662,1,1,0.108239095315024,0.314465408805031,0.497637795275591,0.298076923076923,0.689710610932476,0.309968847352025,1,0.305466237942122,0.321711568938193,0.278041074249605,0.313572542901716,1,0.314152410575428,1,1,1,0.296825396825397,0.315467075038285,0.998402555910543,0.9185667752443,0.0631911532385466,1,0.294770206022187,0.3088,0.305732484076433,1,0.31937984496124,0.483974358974359,0.316535433070866,0.291139240506329,0.301794453507341,0.29635499207607,1,0.306089743589744,1,1,0,1,0.308777429467085,1,1,1,0.318910256410256,1,0.295638126009693,1,0.819875776397516,1,1,1,0.30625,1,1,0.299050632911392,0.303656597774245,1,1,0.299689440993789,0.202786377708978,1,0.998417721518987,1,0,0.3,1,0.302215189873418,0.267515923566879,1,0.673748103186646,0.422187981510015,1,1,0.692780337941628,0.712264150943396,0.33489827856025,1,0.309968847352025,1,1,0.313504823151125,1,0.998412698412698,0.00631911532385466,0.319047619047619,1,1,0.309409888357257,1,1,0.29140127388535,0.365203761755486,1,1,1,0.511737089201878,0.294303797468354,0.33122028526149,0.302431610942249,0.317111459968603,0.704866562009419,0.317829457364341,0.317034700315457,0.296754250386399,0.262910798122066,0.307443365695793,1,0.305900621118012,0.998405103668262,0.30829420970266,0.0884146341463415,0.0502354788069074,1,1,0.0396825396825397,1,0.696734059097978,0.0443037974683544,0.0111821086261981,1,0.695447409733124,1,1,0.546031746031746,1,0,0.0745542949756888,1,1,1,0.314873417721519,0.658718330849478,0.698541329011345,0.995334370139969,1,0.984496124031008,0.288643533123028,0.359055118110236,1,0.286833855799373,1,0.363349131121643,0.110047846889952,0.289763779527559,0.303215926493109,0.32,1,0.0832049306625578,1,1,1,0.282407407407407,0.306477093206951,1,0.310789049919485,1,1,0.302936630602782,1,0.305597579425113,1,0.29635499207607,0.3109375,1,0.690363349131122,0.310708898944193,1,0.30016051364366,0.747678018575851,0.308049535603715,0.176470588235294,0.308510638297872,0.75314465408805,0.292483660130719,1,0.315707620528771,0.328149300155521,0.28169014084507,1,1,1,0.9688013136289,0.375617792421746,1,0.3,1,0.307692307692308,0.3,1,1,1,0.913112164296998,1,0.308527131782946,0.307692307692308,1,1,0.05,0.0849056603773585,1,1,0.298887122416534,1,1,0.295345104333868,1,1,0.69620253164557,0.544186046511628,1,0,1,1,0.100154083204931,0.3136,1,0.310725552050473,0.998422712933754,0.966876971608833,0.998422712933754,0.805337519623234,1,0.319672131147541,1,1,1,0,0.3042071197411,1,1,0.6848,1,0.307936507936508,0.349453978159126,0.307448494453249,1,1,1,0.0953846153846154,0.310789049919485,0.0957792207792208,0.998417721518987,0.301710730948678,0.30077519379845,0.342767295597484,0,1,0.95748031496063,1,1,0.31687898089172,0.288611544461778,0.168503937007874,0.0420560747663551,0.310618066561014,0.299065420560748,0.315707620528771,0,0.311111111111111,1,0,0.305295950155763,1,1,1,0.313935681470138,0.307453416149068,0.0374592833876222,1,0.304075235109718,0.30030959752322,1,1,0.303937007874016,0.701954397394137,1,1,0.703001579778831,1,0.29393468118196,1,0.315955766192733,0.536776212832551,0.683229813664596,0.403697996918336,1,0.285932721712538,0.306729264475743,0.69620253164557,0.67601246105919,1,0.3125,1,0.313455657492355,1,0.305246422893482,0.301435406698565,0.332810047095761,0.528662420382166,0.309951060358891,0.303858520900322,0.677777777777778,0.302362204724409,0.159869494290375,1,0,1,0.28341384863124,1,0,0.306976744186047,0.295886075949367,1,0.0584615384615385,1,0.0881410256410256,0.323248407643312,1,0.0654952076677316,0.677725118483412,1,1,1,0.295638126009693,0.0404354587869362,1,0.415605095541401,0.0980707395498392,0.342146189735614,0.3125,0.315217391304348,1,1,1,1,1,0.0659509202453988,0.996870109546166,0.696456086286595,0.0030441400304414,0.312111801242236,1,1,1,1,0.0914826498422713,0.304347826086957,1,1,1,1,1,1,0.5,0,1,0.0875576036866359,0.310015898251192,0.46046511627907,1,0.38610662358643,0.302100161550889,0.301242236024845,1,0.0391849529780564,0.303317535545024,1,1,0.359300476947536,0.294488188976378,0.311912225705329,0.302737520128824,0.9984375,0.314285714285714,0.303738317757009,0.411580594679186,0.308426073131955,0.972222222222222,0.304147465437788,0.0889967637540453,0.319182389937107,0,1,0.0942492012779553,0.298387096774194,0.307692307692308,0.308186195826645,1,1,1,1,1,1,0.3232,1,0.30622009569378,0.300840336134454,0.608087091757387,0.689430894308943,1,1,0,0.306027820710974,0.126168224299065,0.998468606431853,0.0380952380952381,1,1,0.313001605136437,1,1,0.647727272727273,0.407467532467532,0.996960486322188,0.0829346092503987,0.100486223662885,1,1,1,0.095389507154213,0,0.303543913713405,0.408945686900958,0.302936630602782,0,0.318327974276527,0.0926517571884984,1,1,0.310452418096724,0.307692307692308,0.258730158730159,0.321543408360129,0.303076923076923,0.313479623824451,1,1,0.316558441558442,1,0,1,0.234076433121019,1,0.681047765793529,1,0.299524564183835,0.299352750809061,0.0829420970266041,0.689655172413793,1,1,0.794585987261146,0.902120717781403,0.3088,0.306477093206951,1,0.305993690851735,0.277511961722488,0.315875613747954,1,0.106012658227848,1,1,0.305511811023622,0.69551282051282,0.294498381877023,1,1,0.295839753466872,0.297674418604651,0.307219662058372,0.856910569105691,0.301948051948052,1,0.0544323483670296,1,1,0.717665615141956,0.657232704402516,0.310064935064935,0.0579937304075235,0.311605723370429,1,1,0.297169811320755,0.317230273752013,0.631987577639752,1,0.298299845440495,0.373846153846154,0.294209702660407,0.984375,0.487961476725522,0.00160513643659711,0.294952681388013,0.315870570107858,0.322683706070288,0.307317073170732,0.3125,0.975077881619938,1,0.304212168486739,0.557723577235772,0.695161290322581,0.262578616352201,0.697411003236246,1,0.312302839116719,0.00160771704180064,0.312989045383412,0.306625577812018,0.357927786499215,0.30952380952381,0,0.325508607198748,0.3125,0.309033280507132,0.302034428794992
"673",1,1,1,1,1,1,0.7085346215781,1,1,0.09,1,0.036741214057508,0.811688311688312,1,0.310064935064935,0.306688417618271,0.0575079872204473,0.688552188552189,1,1,0.289430894308943,0.317741935483871,1,0.151612903225806,1,0.3216,0.320261437908497,1,1,0.782324058919804,0.301109350237718,0.736421725239617,0.965408805031447,0.316129032258064,0,1,0.538834951456311,1,0.30298273155416,1,0.668284789644013,0.684466019417476,0.697492163009404,1,1,0.317275747508306,0.310064935064935,0.308306709265176,0.316211878009631,0.320574162679426,0,1,0.314465408805031,1,1,0.489430894308943,0.564144736842105,1,1,1,0.331723027375201,0.324149108589951,0.316129032258064,0.687397708674304,1,1,0.0368589743589744,1,0.0527950310559006,0.316535433070866,1,0.310177705977383,0.327242524916944,0.966666666666667,0.513643659711075,1,0.309859154929577,0.331230283911672,1,0.308072487644152,0.0784313725490196,0.32520325203252,0.328502415458937,1,0.3312,1,1,1,1,0.691693290734824,1,1,0.00161550888529887,0.101910828025478,1,0.0406885758998435,0,1,0.559210526315789,0.67483660130719,1,0.0503246753246753,0.312903225806452,1,0.317741935483871,1,0.694888178913738,1,0.3168,0.320907617504052,0.3125,1,0.32484076433121,1,0.493630573248408,1,0.310789049919485,0.297906602254428,0.321259842519685,0.316393442622951,0.479233226837061,0.99837925445705,0.322683706070288,0.316749585406302,1,0.3,1,1,0.332792207792208,0.547839506172839,1,0.315112540192926,1,0.0375,1,0.3168,0.670364500792393,0.317230273752013,0.936378466557912,0.429042904290429,0.0977198697068404,0.0901639344262295,1,1,0.330645161290323,1,0.317460317460317,1,0.805466237942122,1,0.322368421052632,1,1,1,1,0.332794830371567,1,0.322683706070288,0.249602543720191,1,0.308777429467085,1,0.298555377207063,0.06957928802589,1,0.31810766721044,1,1,1,0.3312,1,0.32569558101473,1,0.301458670988655,1,0.315447154471545,0.0710823909531502,1,0.63728813559322,1,1,0.313628899835796,1,1,1,1,0.320723684210526,0.3171875,1,0.998381877022654,0.321259842519685,0.310743801652893,1,0.4446227929374,0.675925925925926,0,0.314516129032258,0.673633440514469,1,0.320695102685624,1,0.998420221169036,1,0.312399355877617,0.321656050955414,0.32279534109817,1,1,1,0,1,0.303630363036304,0.974643423137876,0.325769854132901,0.315619967793881,0.755267423014587,1,1,1,1,1,0.038961038961039,0.310965630114566,0.31911532385466,1,0.679304897314376,1,1,0.998387096774194,0.998425196850394,1,1,0.00473186119873817,0.323809523809524,1,0.305825242718447,1,0.299837925445705,1,1,1,1,1,0.325396825396825,1,0.509001636661211,0.3184,0.319620253164557,0.311688311688312,0.322422258592471,0.329011345218801,0.410714285714286,0.329545454545455,0.312599681020734,0.3125,1,0.315619967793881,1,0.684627575277338,0.307817589576547,0.317965023847377,0.33931484502447,1,1,1,0.261943986820428,0.309677419354839,1,0.314935064935065,0.325038880248834,0.307817589576547,0.317230273752013,0.6816,1,0.32753164556962,0.312803889789303,1,0.301482701812191,1,0.305511811023622,0.306946688206785,1,1,1,0.543831168831169,1,0.692058346839546,0.0769230769230769,0.319148936170213,1,1,0.0880503144654088,0.3125,0.329581993569132,1,1,0.296116504854369,0.0224719101123595,0.00328407224958949,1,1,0.331230283911672,0.998407643312102,1,0.31378763866878,1,1,0.311897106109325,1,1,1,1,0.323671497584541,0.302469135802469,0.323920265780731,1,1,0.676656151419558,0.313408723747981,1,0.310236220472441,0.302250803858521,1,1,0.9984,1,1,0.323671497584541,1,1,0.100660066006601,0.330658105939005,0.493506493506494,0.302439024390244,0.67483660130719,0.314785373608903,1,0.308580858085809,0.325242718446602,0.256735340729002,0.316720257234727,1,0.327044025157233,1,1,1,0.3104,0.320512820512821,0.998432601880878,0.926788685524126,0.0551053484602917,1,0.315789473684211,0.326797385620915,0.305466237942122,1,0.3232,0.476038338658147,0.317666126418152,0.301458670988655,0.314475873544093,0.308064516129032,1,0.324546952224053,1,1,0,1,0.319805194805195,1,1,1,0.320907617504052,1,0.309090909090909,1,0.840836012861736,1,1,1,0.309677419354839,1,1,0.305111821086262,0.310789049919485,1,1,0.312796208530806,0.181672025723473,1,0.998405103668262,1,0,0.314662273476112,1,0.301612903225806,0.247572815533981,1,0.674718196457327,0.430599369085173,1,1,0.680555555555556,0.709208400646204,0.349753694581281,1,0.312903225806452,1,1,0.325732899022801,1,0.998371335504886,0.00644122383252818,0.328455284552846,1,1,0.317073170731707,1,1,0.30550918196995,0.344051446945338,1,1,1,0.535031847133758,0.313694267515924,0.334410339256866,0.317610062893082,0.330143540669856,0.694805194805195,0.31911532385466,0.323101777059774,0.315286624203822,0.23968253968254,0.311897106109325,1,0.317460317460317,0.998387096774194,0.308441558441558,0.0786163522012579,0.0466988727858293,1,1,0.0327332242225859,1,0.683042789223455,0.0384,0.00974025974025974,1,0.681159420289855,1,1,0.544570502431118,1,0,0.0661157024793388,1,1,1,0.322950819672131,0.648936170212766,0.696308724832215,0.993589743589744,1,0.990461049284579,0.299679487179487,0.338235294117647,1,0.30327868852459,1,0.367909238249595,0.104234527687296,0.308544303797468,0.313971742543171,0.335060449050086,1,0.0726698262243286,1,1,1,0.253968253968254,0.324193548387097,1,0.316045380875203,1,1,0.3056,1,0.319620253164557,1,0.310789049919485,0.322950819672131,1,0.677367576243981,0.3140625,1,0.30983606557377,0.764984227129338,0.317262830482115,0.1552,0.318252730109204,0.775974025974026,0.304492512479201,1,0.324149108589951,0.336,0.286846275752773,1,1,1,0.975206611570248,0.345637583892617,1,0.32516339869281,1,0.316053511705686,0.314285714285714,1,1,1,0.92443729903537,1,0.302507836990596,0.316211878009631,1,1,0.044189852700491,0.0735294117647059,1,1,0.301302931596091,1,1,0.3104,1,1,0.679936305732484,0.533965244865719,1,0,1,1,0.0914826498422713,0.32475884244373,1,0.318910256410256,0.998373983739837,0.969155844155844,0.998412698412698,0.822784810126582,1,0.327841845140033,1,1,1,0,0.312080536912752,1,1,0.670436187399031,1,0.318770226537217,0.35828025477707,0.311501597444089,1,1,1,0.088785046728972,0.321311475409836,0.0852459016393443,0.998371335504886,0.314375987361769,0.303317535545024,0.346153846153846,0,1,0.961165048543689,1,1,0.319805194805195,0.297169811320755,0.159677419354839,0.035031847133758,0.314516129032258,0.306946688206785,0.325878594249201,0.00163398692810458,0.308441558441558,1,0,0.313291139240506,1,1,1,0.307814992025518,0.325471698113208,0.0284280936454849,1,0.314009661835749,0.30048465266559,1,1,0.317666126418152,0.697829716193656,1,1,0.690821256038647,1,0.304140127388535,1,0.314424635332253,0.531948881789137,0.676609105180534,0.39906103286385,1,0.298076923076923,0.318037974683544,0.686708860759494,0.672897196261682,1,0.325242718446602,1,0.31974921630094,1,0.318181818181818,0.303079416531605,0.348534201954397,0.528662420382166,0.313408723747981,0.306818181818182,0.670418006430868,0.306709265175719,0.149579831932773,1,0,1,0.294498381877023,1,0,0.319870759289176,0.314935064935065,1,0.0499219968798752,1,0.0783034257748776,0.336617405582923,1,0.0614886731391586,0.674757281553398,1,1,1,0.302287581699346,0.0336,1,0.430441898527005,0.0894039735099338,0.349206349206349,0.322734499205087,0.324451410658307,1,1,1,1,1,0.059375,0.995238095238095,0.687096774193548,0.00463678516228748,0.323809523809524,1,1,1,1,0.0768,0.313385826771654,1,1,1,1,1,1,0.488993710691824,0.00164203612479475,1,0.0782747603833866,0.315024232633279,0.4336,1,0.396103896103896,0.312811980033278,0.318255250403877,1,0.0356564019448947,0.313099041533546,1,1,0.361111111111111,0.30622009569378,0.311605723370429,0.319148936170213,0.998381877022654,0.323481116584565,0.31637519872814,0.40650406504065,0.312602291325696,0.981012658227848,0.314728682170543,0.0798045602605863,0.317230273752013,0,1,0.0818330605564648,0.3042071197411,0.314606741573034,0.317230273752013,1,1,1,1,1,1,0.33495145631068,1,0.307941653160454,0.32013769363167,0.598726114649682,0.690437601296596,1,1,0,0.313084112149533,0.110047846889952,0.998444790046656,0.0336,1,1,0.316993464052288,1,1,0.618032786885246,0.404605263157895,0.995461422087746,0.0788177339901478,0.0894308943089431,1,1,1,0.0813008130081301,0,0.311004784688995,0.431118314424635,0.310832025117739,0,0.324104234527687,0.0808580858085809,1,1,0.314465408805031,0.321486268174475,0.238709677419355,0.326732673267327,0.312599681020734,0.315286624203822,1,1,0.32794830371567,1,0,1,0.218241042345277,1,0.684952978056426,1,0.311582381729201,0.305921052631579,0.0695102685624013,0.673076923076923,1,1,0.788368336025848,0.897009966777409,0.312091503267974,0.320388349514563,1,0.315533980582524,0.253289473684211,0.323920265780731,1,0.0955414012738854,1,1,0.314332247557003,0.685337726523888,0.306188925081433,1,1,0.3024,0.303656597774245,0.316535433070866,0.857142857142857,0.316912972085386,1,0.0492845786963434,1,1,0.701112877583466,0.644588045234249,0.315966386554622,0.0472312703583062,0.322006472491909,1,1,0.309446254071661,0.329032258064516,0.630744849445325,1,0.312599681020734,0.361022364217252,0.305331179321486,0.9856,0.474025974025974,0.00161030595813205,0.302066772655008,0.320695102685624,0.327841845140033,0.308823529411765,0.316535433070866,0.970125786163522,1,0.305111821086262,0.541666666666667,0.68780487804878,0.2416,0.694117647058824,1,0.323763955342903,0.00161550888529887,0.328571428571429,0.30952380952381,0.356466876971609,0.317512274959083,0,0.33387358184765,0.320785597381342,0.321486268174475,0.303370786516854
"674",1,1,1,1,1,1,0.698738170347003,1,1,0.0929133858267717,1,0.0412213740458015,0.810185185185185,1,0.320813771517997,0.311077389984825,0.0576631259484067,0.684466019417476,1,1,0.289877300613497,0.314152410575428,1,0.157650695517774,1,0.32572298325723,0.324409448818898,1,1,0.780715396578538,0.309559939301973,0.729198184568835,0.967741935483871,0.318461538461538,0,1,0.535987748851455,1,0.300595238095238,1,0.66412213740458,0.675925925925926,0.691740412979351,1,1,0.322033898305085,0.313455657492355,0.311649016641452,0.32078313253012,0.335843373493976,0,1,0.310606060606061,1,1,0.496111975116641,0.55607476635514,1,1,1,0.33134328358209,0.315950920245399,0.315217391304348,0.679626749611198,1,1,0.0340557275541796,1,0.0515463917525773,0.328290468986384,1,0.314329738058552,0.330721003134796,0.971830985915493,0.506060606060606,1,0.311450381679389,0.333333333333333,1,0.325471698113208,0.0854430379746835,0.331278890600925,0.328725038402458,1,0.341945288753799,1,1,1,1,0.683183183183183,1,1,0.00154083204930663,0.0990853658536585,1,0.0416666666666667,0,1,0.559055118110236,0.661993769470405,1,0.0512422360248447,0.314241486068111,1,0.313084112149533,1,0.684931506849315,1,0.31832298136646,0.324200913242009,0.31859756097561,1,0.320182094081942,1,0.485671191553544,1,0.31441717791411,0.294029850746269,0.324324324324324,0.325508607198748,0.484066767830046,0.998466257668712,0.320300751879699,0.321483771251932,1,0.306278713629403,1,1,0.325153374233129,0.544227886056971,1,0.316109422492401,1,0.0412371134020619,1,0.312594840667678,0.668202764976959,0.332824427480916,0.939721792890263,0.430359937402191,0.0989180834621329,0.0978593272171254,1,1,0.326717557251908,1,0.322962962962963,1,0.804841149773071,1,0.325,1,1,1,1,0.337461300309598,1,0.324492979719189,0.255988023952096,1,0.316030534351145,1,0.303215926493109,0.0808709175738725,1,0.3171875,1,1,1,0.335866261398176,1,0.326219512195122,1,0.308641975308642,1,0.326086956521739,0.0715396578538103,1,0.638668779714738,1,1,0.319875776397516,1,1,1,1,0.327160493827161,0.314112291350531,1,0.998473282442748,0.322239031770045,0.31441717791411,1,0.448757763975155,0.665676077265973,0,0.321981424148607,0.667678300455235,1,0.327354260089686,1,0.998507462686567,1,0.324200913242009,0.32383808095952,0.324921135646688,1,1,1,0,1,0.311320754716981,0.979813664596273,0.330757341576507,0.315629742033384,0.748079877112135,1,1,1,1,1,0.0393939393939394,0.321428571428571,0.325264750378215,1,0.680851063829787,1,1,0.998463901689708,0.998482549317147,1,1,0.00460122699386503,0.307575757575758,1,0.313385826771654,1,0.300613496932515,1,1,1,1,1,0.324615384615385,1,0.507645259938838,0.329738058551618,0.326836581709145,0.314728682170543,0.323029366306028,0.334876543209877,0.421216848673947,0.333843797856049,0.314759036144578,0.308623298033283,1,0.333333333333333,1,0.687687687687688,0.315384615384615,0.304675716440422,0.328725038402458,1,1,1,0.253456221198157,0.310291858678955,1,0.321428571428571,0.331334332833583,0.313725490196078,0.329249617151608,0.683720930232558,1,0.324734446130501,0.318252730109204,1,0.304897314375987,1,0.312781954887218,0.315789473684211,1,1,1,0.532307692307692,1,0.683969465648855,0.0789865871833085,0.314900153609831,1,1,0.0918674698795181,0.324159021406728,0.322137404580153,1,1,0.305555555555556,0.0212443095599393,0.00312989045383412,1,1,0.336858006042296,0.998452012383901,1,0.313253012048193,1,1,0.31969696969697,1,1,1,1,0.328703703703704,0.314159292035398,0.334379905808477,1,1,0.67427701674277,0.325688073394495,1,0.317365269461078,0.301391035548686,1,1,0.998461538461539,1,1,0.323170731707317,1,1,0.104851330203443,0.335854765506808,0.496904024767802,0.310185185185185,0.670245398773006,0.326283987915408,1,0.3109375,0.333333333333333,0.260935143288084,0.32078313253012,1,0.33134328358209,1,1,1,0.312210200927357,0.32089552238806,0.998505231689088,0.932069510268562,0.0573643410852713,1,0.316923076923077,0.322480620155039,0.3078125,1,0.336391437308869,0.468315301391036,0.326251896813354,0.312883435582822,0.317535545023697,0.309707241910632,1,0.325077399380805,1,1,0,1,0.328173374613003,1,1,1,0.332814930015552,1,0.313880126182965,1,0.835595776772247,1,1,1,0.321100917431193,1,1,0.308049535603715,0.310502283105023,1,1,0.313546423135464,0.195195195195195,1,0.998475609756098,1,0,0.315217391304348,1,0.308157099697885,0.253086419753086,1,0.674772036474164,0.438335809806835,1,1,0.671091445427729,0.70381679389313,0.348297213622291,1,0.326747720364742,1,1,0.332819722650231,1,0.998444790046656,0.00612557427258806,0.323619631901841,1,1,0.327613104524181,1,1,0.309119010819165,0.327245053272451,1,1,1,0.525345622119816,0.30521472392638,0.346749226006192,0.322916666666667,0.334862385321101,0.688271604938272,0.328808446455505,0.324242424242424,0.315233785822021,0.24079754601227,0.325581395348837,1,0.325337331334333,0.998444790046656,0.32370820668693,0.082089552238806,0.046969696969697,1,1,0.0369230769230769,1,0.685325264750378,0.0383435582822086,0.00775193798449612,1,0.682926829268293,1,1,0.542721518987342,1,0,0.0727848101265823,1,1,1,0.322429906542056,0.646017699115044,0.687400318979266,0.992378048780488,1,0.986384266263237,0.30757341576507,0.331804281345566,1,0.302180685358255,1,0.371695178849145,0.103875968992248,0.309090909090909,0.32185628742515,0.339403973509934,1,0.0720720720720721,1,1,1,0.254901960784314,0.325508607198748,1,0.3198127925117,1,1,0.313343328335832,1,0.323572474377745,1,0.311349693251534,0.328173374613003,1,0.6765625,0.322388059701493,1,0.312893081761006,0.769465648854962,0.319148936170213,0.157185628742515,0.322388059701493,0.759259259259259,0.311424100156495,1,0.329787234042553,0.334848484848485,0.295731707317073,1,1,1,0.973186119873817,0.333868378812199,1,0.3265625,1,0.315955766192733,0.324850299401198,1,1,1,0.924731182795699,1,0.31547619047619,0.314842578710645,1,1,0.040625,0.0736196319018405,1,1,0.314329738058552,1,1,0.317901234567901,1,1,0.676783004552352,0.529323308270677,1,0,1,1,0.0935143288084465,0.326687116564417,1,0.320061255742726,0.998473282442748,0.969135802469136,0.998463901689708,0.822358346094946,1,0.336507936507937,1,1,1,0,0.31637519872814,1,1,0.672256097560976,1,0.321044546850998,0.358778625954198,0.326153846153846,1,1,1,0.0844645550527904,0.323943661971831,0.0815047021943574,0.998425196850394,0.310769230769231,0.30640243902439,0.345399698340875,0,1,0.960902255639098,1,1,0.322932917316693,0.306646525679758,0.159375,0.0350076103500761,0.320610687022901,0.311926605504587,0.33030303030303,0.00155763239875389,0.316109422492401,1,0,0.314925373134328,1,1,1,0.322289156626506,0.317436661698957,0.0332805071315372,1,0.317700453857791,0.307807807807808,1,1,0.318112633181126,0.687400318979266,1,1,0.693721286370597,1,0.311377245508982,1,0.321592649310873,0.520361990950226,0.66969696969697,0.403007518796992,1,0.304545454545455,0.31039755351682,0.68348623853211,0.66015037593985,1,0.326347305389222,1,0.323880597014925,1,0.318952234206472,0.312989045383412,0.350152905198777,0.509118541033435,0.321766561514196,0.317901234567901,0.66046511627907,0.322085889570552,0.145135566188198,1,0,1,0.298136645962733,1,0,0.321100917431193,0.3198127925117,1,0.0514705882352941,1,0.0806201550387597,0.341538461538462,1,0.0557275541795666,0.668202764976959,1,1,1,0.312893081761006,0.0359820089955022,1,0.434915773353752,0.0913385826771654,0.356269113149847,0.32572298325723,0.327769347496206,1,1,1,1,1,0.0568011958146487,0.998498498498498,0.680428134556575,0.00441826215022091,0.325652841781874,1,1,1,1,0.0813253012048193,0.316417910447761,1,1,1,1,1,1,0.481371087928465,0.00155038759689922,1,0.0792227204783259,0.316890881913303,0.437209302325581,1,0.396578538102644,0.308056872037915,0.315950920245399,1,0.039039039039039,0.319148936170213,1,1,0.379310344827586,0.309923664122137,0.312594840667678,0.320695102685624,0.998482549317147,0.326053042121685,0.324615384615385,0.427035330261137,0.319083969465649,0.978851963746224,0.315315315315315,0.0777604976671851,0.326053042121685,0,1,0.0875576036866359,0.31201248049922,0.324534161490683,0.317484662576687,1,1,1,1,1,1,0.331775700934579,1,0.315384615384615,0.319870759289176,0.591743119266055,0.681181959564541,1,1,0,0.328849028400598,0.115853658536585,0.998509687034277,0.0322085889570552,1,1,0.327044025157233,1,1,0.623824451410658,0.40829346092504,0.998527245949926,0.0799373040752351,0.0944272445820433,1,1,1,0.0782208588957055,0,0.320610687022901,0.417177914110429,0.31892697466468,0,0.329153605015674,0.0777777777777778,1,1,0.321804511278195,0.31969696969697,0.246969696969697,0.346749226006192,0.31441717791411,0.317073170731707,1,1,0.328149300155521,1,0,1,0.226993865030675,1,0.674174174174174,1,0.319508448540707,0.302694136291601,0.0687022900763359,0.670180722891566,1,1,0.787692307692308,0.89968152866242,0.327639751552795,0.322378716744914,1,0.311248073959938,0.257621951219512,0.329173166926677,1,0.101823708206687,1,1,0.322678843226788,0.676056338028169,0.3125,1,1,0.310030395136778,0.318952234206472,0.325892857142857,0.851162790697674,0.319488817891374,1,0.0487804878048781,1,1,0.689291101055807,0.645705521472393,0.32753164556962,0.0471841704718417,0.328197226502311,1,1,0.310664605873261,0.331811263318113,0.617511520737327,1,0.309667673716012,0.368181818181818,0.312121212121212,0.986567164179105,0.474258970358814,0.00150375939849624,0.305007587253414,0.321958456973294,0.323619631901841,0.3152,0.32,0.97125567322239,1,0.319083969465649,0.54675118858954,0.679447852760736,0.235474006116208,0.684713375796178,1,0.326283987915408,0.00309119010819165,0.328725038402458,0.319571865443425,0.364885496183206,0.329173166926677,0,0.337367624810893,0.316455696202532,0.320987654320988,0.316358024691358
"675",0.0881889763779528,0.0821705426356589,0.0753532182103611,0.0825396825396825,0.0829493087557604,0.0868217054263566,0.368421052631579,0.0876369327073552,0.0851393188854489,0.995207667731629,0.0843558282208589,0.954758190327613,0.0982839313572543,0.0852090032154341,0.610492845786963,0.619195046439629,0.98145285935085,0.398058252427184,0.0849056603773585,0.0851735015772871,0.625592417061611,0.608832807570978,0.0885496183206107,0.928348909657321,0.0946564885496183,0.590769230769231,0.599681020733652,0.0843949044585987,0.0981308411214953,0.142635658914729,0.622848200312989,0.177847113884555,0.0633693972179289,0.613953488372093,0.92246835443038,0.0923824959481361,0.543613707165109,0.0824427480916031,0.618618618618619,0.0924499229583975,0.414944356120827,0.390697674418605,0.391371340523883,0.0876369327073552,0.0909090909090909,0.59904912836767,0.608763693270736,0.607692307692308,0.60882800608828,0.598461538461538,0.915756630265211,0.0854430379746835,0.603369065849923,0.0846394984326019,0.0935023771790808,0.422291993720565,0.510204081632653,0.0853080568720379,0.0925925925925926,0.0867507886435331,0.587786259541985,0.59904912836767,0.607594936708861,0.399375975039002,0.0919354838709677,0.0923076923076923,0.96411856474259,0.0829346092503987,0.986363636363636,0.607963246554365,0.08,0.614664586583463,0.590111642743222,0.118022328548644,0.576744186046512,0.0893939393939394,0.611872146118721,0.592024539877301,0.0890937019969278,0.6048,0.996768982229402,0.600315955766193,0.604724409448819,0.0948678071539658,0.587227414330218,0.0863636363636364,0.0893141945773525,0.086687306501548,0.0835913312693498,0.393188854489164,0.0843949044585987,0.0779816513761468,0.919629057187017,0.995341614906832,0.0763116057233704,0.962349397590361,0.912908242612753,0.0824261275272162,0.51869918699187,0.3968,0.0892018779342723,0.974723538704581,0.622874806800618,0.0947030497592295,0.611635220125786,0.0859375,0.393798449612403,0.0874403815580286,0.598145285935085,0.601246105919003,0.602134146341463,0.0934579439252336,0.596573208722741,0.0870917573872473,0.601866251944012,0.0924242424242424,0.600931677018634,0.78680981595092,0.599092284417549,0.601895734597156,0.611197511664075,0.088646967340591,0.610091743119266,0.60223642172524,0.0793157076205288,0.621538461538461,0.0807174887892377,0.0858895705521472,0.765069551777434,0.55,0.0858505564387917,0.609642301710731,0.0788643533123028,0.956127080181543,0.0774193548387097,0.604327666151468,0.410493827160494,0.596599690880989,0.0234741784037559,0.646592709984152,0.99537750385208,0.995305164319249,0.086286594761171,0.0843949044585987,0.592125984251968,0.0834645669291339,0.601809954751131,0.0901898734177215,0.107692307692308,0.0906298003072197,0.602870813397129,0.0766823161189358,0.0864779874213836,0.0875796178343949,0.0764430577223089,0.590837282780411,0.0978260869565217,0.592948717948718,0.831029185867896,0.0874233128834356,0.61171032357473,0.0900763358778626,0.616588419405321,1,0.0783034257748776,0.611821086261981,0.0949367088607595,0.0918836140888208,0.0911949685534591,0.591743119266055,0.0962145110410095,0.596184419713832,0.0858034321372855,0.610591900311526,0.086038961038961,0.601880877742947,0.992248062015504,0.0864197530864197,0.447495961227787,0.0797448165869219,0.0933544303797468,0.613057324840764,0.07981220657277,0.0876369327073552,0.0846153846153846,0.0828125,0.606864274570983,0.606811145510836,0.0896,0.0848765432098765,0.589861751152074,0.618897637795276,0.0830721003134796,0.643302180685358,0.407462686567164,0.907407407407407,0.596875,0.416282642089094,0.0830815709969789,0.595454545454545,0.0896,0.0847457627118644,0.0751533742331288,0.616822429906542,0.607305936073059,0.596825396825397,0.0871559633027523,0.0864600326264274,0.0835913312693498,0.919811320754717,0.0855784469096672,0.621664050235479,0.0608424336973479,0.599056603773585,0.601255886970173,0.341576506955178,0.0845295055821372,0.0928462709284627,0.081039755351682,0.0913312693498452,0.0850393700787402,0.955696202531646,0.602825745682888,0.595679012345679,0.0903522205206738,0.396946564885496,0.0928462709284627,0.0927051671732523,0.0894819466248038,0.0933125972006221,0.0884676145339652,0.0886850152905199,0.910741301059002,0.776758409785933,0.0924499229583975,0.610576923076923,0.0817307692307692,0.614664586583463,0.0833333333333333,0.0868878357030016,0.0817610062893082,0.089622641509434,0.092948717948718,0.595275590551181,0.0846153846153846,0.404388714733542,0.597809076682316,0.589312977099237,0.606349206349206,0.597200622083981,0.589984350547731,0.673633440514469,0.58307210031348,0.594090202177294,0.607476635514019,0.0895295902883156,0.591194968553459,0.0846645367412141,0.390505359877489,0.602523659305994,0.780337941628264,0.594594594594595,0.0867507886435331,0.0851393188854489,0.0900621118012422,0.824451410658307,0.616588419405321,0.0825688073394495,0.604133545310016,0.596651445966514,0.609717868338558,0.610169491525424,0.396875,0.0850393700787402,0.603975535168196,0.59775641025641,0.0850077279752705,0.627009646302251,0.0921658986175115,0.604615384615385,0.619344773790952,0.080824088748019,0.0869565217391304,0.0902021772939347,0.55,0.0865384615384615,0.390625,0.996987951807229,0.603100775193798,0.0864197530864197,0.0833333333333333,0.996894409937888,0.601236476043277,0.599358974358974,0.0849358974358974,0.0897637795275591,0.604615384615385,0.938461538461538,0.9136,0.089622641509434,0.0873015873015873,0.596651445966514,0.0856697819314642,0.0962406015037594,0.617737003058104,0.087962962962963,0.087962962962963,0.607198748043818,0.0846645367412141,0.0828125,0.0878274268104777,0.0862068965517241,0.599071207430341,0.612213740458015,0.602870813397129,0.0873634945397816,0.0880503144654088,0.404320987654321,0.6,0.0851735015772871,0.608497723823976,0.616719242902208,0.0833333333333333,0.0825688073394495,0.0806201550387597,0.0837282780410742,0.0787037037037037,0.598746081504702,0.0920436817472699,0.0875,0.982839313572543,0.586046511627907,0.60223642172524,0.619273301737757,0.405956112852665,0.602465331278891,0.0863636363636364,0.615141955835962,0.595576619273302,0.827692307692308,0.603343465045593,0.0830670926517572,0.596676737160121,0.0870917573872473,0.088785046728972,0.0883720930232558,0.616852146263911,0.607963246554365,0.0838414634146342,0.0128205128205128,0.976190476190476,0.0900473933649289,0.602484472049689,0.603503184713376,0.608214849921011,0.0805687203791469,0.593893129770992,0.629513343799058,0.591263650546022,0.613564668769716,0.610305958132045,0.6171875,0.08,0.592709984152139,0.0795454545454545,0.07981220657277,0.923809523809524,0.0865384615384615,0.608832807570978,0.0909090909090909,0.0861538461538462,0.0857605177993527,0.589540412044374,0.0860215053763441,0.611727416798732,0.0858433734939759,0.0814132104454685,0.093167701863354,0.0870253164556962,0.0820668693009119,0.605873261205564,0.0780254777070064,0.0899053627760252,0.609105180533752,0.607476635514019,0.0852713178294574,0.0839813374805599,0.612654320987654,0.901689708141321,0.0922098569157393,0.0811232449297972,0.0832049306625578,0.910906298003072,0.605919003115265,0.0882352941176471,0.609230769230769,0.831761006289308,0.0807453416149068,0.398133748055988,0.475535168195719,0.0901771336553945,0.0877742946708464,0.405120481927711,0.374414976599064,0.573667711598746,0.0849056603773585,0.602465331278891,0.0960629921259843,0.0771704180064309,0.596214511041009,0.0890937019969278,0.0935023771790808,0.923913043478261,0.596899224806202,0.09375,0.0855784469096672,0.603149606299213,0.083969465648855,0.087378640776699,0.613458528951487,0.748456790123457,0.0903328050713154,0.0920245398773006,0.0825545171339564,0.376947040498442,0.6140625,0.629107981220657,0.605504587155963,0.598130841121495,0.388364779874214,0.591743119266055,0.593167701863354,0.614197530864197,0.843260188087774,0.608832807570978,0.087962962962963,0.599695585996956,0.0897435897435897,0.608964451313756,0.993939393939394,0.969230769230769,0.087962962962963,0.0918836140888208,0.960629921259842,0.0786163522012579,0.390769230769231,0.961360123647604,0.926791277258567,0.0854037267080745,0.384853168469861,0.0830721003134796,0.0855365474339036,0.562401263823065,0.0889235569422777,0.915644171779141,1,0.0897832817337461,0.093167701863354,0.0975232198142415,0.593949044585987,0.43928035982009,0.379705400981997,0.0989180834621329,0.0834621329211747,0.0550314465408805,0.623639191290824,0.746875,0.0929133858267717,0.615262321144674,0.0829493087557604,0.550156739811912,0.988853503184713,0.616224648985959,0.612121212121212,0.59,0.0885496183206107,0.995426829268293,0.0932330827067669,0.0797448165869219,0.089922480620155,0.830045523520486,0.597774244833068,0.0992,0.60952380952381,0.0909090909090909,0.0854430379746835,0.607692307692308,0.0874403815580286,0.604545454545454,0.0841121495327103,0.609375,0.605919003115265,0.0790697674418605,0.404615384615385,0.610015174506829,0.0856697819314642,0.614649681528662,0.168970814132104,0.601515151515152,0.932203389830508,0.603369065849923,0.136363636363636,0.614262560777958,0.0998415213946117,0.610248447204969,0.589147286821705,0.632970451010886,0.0895061728395062,0.0880503144654088,0.0829493087557604,0.0566343042071197,0.748376623376623,0.0873634945397816,0.598387096774194,0.0871632329635499,0.604269293924466,0.609422492401216,0.089922480620155,0.0842607313195548,0.0858895705521472,0.00934579439252336,0.0846153846153846,0.617378048780488,0.614791987673344,0.0768025078369906,0.0841269841269841,0.975961538461538,0.993620414673046,0.0852713178294574,0.0859375,0.60093896713615,0.0945736434108527,0.0847201210287443,0.6140625,0.0926829268292683,0.0885093167701863,0.398148148148148,0.552995391705069,0.07981220657277,0.918057663125948,0.088646967340591,0.0938461538461538,0.995440729483283,0.608150470219436,0.0832025117739403,0.592823712948518,0.084375,0.0509554140127389,0.0920436817472699,0.0941358024691358,0.0846394984326019,0.600644122383253,0.0819165378670788,0.082670906200318,0.082670906200318,0.9209726443769,0.6128,0.076555023923445,0.0949464012251149,0.395238095238095,0.0860215053763441,0.60596546310832,0.559006211180124,0.598130841121495,0.0889570552147239,0.0856697819314642,0.0911949685534591,0.996908809891808,0.60062893081761,0.993610223642173,0.0803149606299213,0.615267175572519,0.623255813953488,0.568992248062016,0.9171875,0.0833333333333333,0.0377952755905512,0.0850077279752705,0.0833333333333333,0.598715890850722,0.615030674846626,0.923197492163009,0.95852534562212,0.611023622047244,0.603395061728395,0.592592592592593,0.915873015873016,0.6125,0.0854961832061069,0.913928012519562,0.607361963190184,0.0916149068322981,0.0921875,0.0810810810810811,0.609034267912773,0.605783866057839,0.964110929853181,0.0829493087557604,0.610062893081761,0.611280487804878,0.0919003115264797,0.0923076923076923,0.595015576323987,0.376996805111821,0.0830721003134796,0.0911949685534591,0.3859375,0.0899390243902439,0.615853658536585,0.0942492012779553,0.5984375,0.550769230769231,0.411585365853659,0.689393939393939,0.0855365474339036,0.612612612612613,0.608359133126935,0.3843797856049,0.415007656967841,0.0858895705521472,0.604327666151468,0.0897435897435897,0.603630862329803,0.0828125,0.59594383775351,0.623417721518987,0.566770186335404,0.570532915360502,0.604430379746835,0.601255886970173,0.41692789968652,0.602825745682888,0.950080515297907,0.0786163522012579,0.919753086419753,0.0880989180834621,0.631746031746032,0.090625,0.924764890282132,0.605919003115265,0.606687898089172,0.0821484992101106,0.972932330827068,0.0903522205206738,0.996835443037975,0.577044025157233,0.0821484992101106,0.978159126365055,0.405956112852665,0.0828125,0.087962962962963,0.0848765432098765,0.615755627009646,0.954407294832827,0.0798771121351766,0.496865203761755,0.995260663507109,0.555386949924128,0.595384615384615,0.603076923076923,0.0873634945397816,0.0591054313099042,0.0940988835725678,0.0850077279752705,0.0821705426356589,0.983308042488619,0.0890937019969278,0.397534668721109,0.913432835820896,0.607198748043818,0.0897637795275591,0.0914826498422713,0.0768,0.0813253012048193,1,0.600896860986547,0.0788253477588872,0.0845070422535211,0.0797448165869219,0.0818897637795276,0.0926216640502355,0.0906200317965024,0.600605143721634,0.939586645468998,0.0839936608557845,0.995440729483283,0.615503875968992,0.663565891472868,0.0920436817472699,0.524038461538462,0.620915032679739,0.616692426584235,0.0934579439252336,0.958397534668721,0.608294930875576,0.0828220858895705,0.0930599369085174,0.550632911392405,0.617151607963247,0.613003095975232,0.608626198083067,0.078907435508346,0.608557844690967,0.605546995377504,0.680685358255452,0.615023474178404,0.0510046367851623,0.607575757575758,0.996805111821086,0.604037267080745,0.910658307210031,0.0909090909090909,0.998442367601246,0.607198748043818,0.596850393700787,0.605678233438486,0.0892018779342723,0.0808709175738725,0.0846645367412141,0.0864779874213836,0.0885668276972625,0.0914927768860353,0.575663026521061,0.0893416927899686,0.605678233438486,0.61028192371476,0.493788819875776,0.405797101449275,0.086286594761171,0.0944272445820433,0.916158536585366,0.611195158850227,0.967542503863988,0.0798771121351766,0.95748031496063,0.0866141732283465,0.0868167202572347,0.601286173633441,0.0877742946708464,0.087378640776699,0.467614533965245,0.680064308681672,0.0913107511045655,0.996835443037975,0.996784565916399,0.0897832817337461,0.0843949044585987,0.0837209302325581,0.996879875195008,0.924012158054711,0.604294478527607,0.503134796238245,0.606758832565284,0.917177914110429,0.58528951486698,0.995222929936306,0.0832049306625578,0.0893141945773525,0.613846153846154,0.602184087363494,0.842592592592593,0.592417061611374,0.610769230769231,0.606153846153846,0.0876369327073552,0.0867507886435331,0.590764331210191,0.0909090909090909,0.928125,0.0765625,0.862068965517241,0.0920436817472699,0.393798449612403,0.0816640986132511,0.606201550387597,0.61698717948718,0.996894409937888,0.409937888198758,0.080188679245283,0.0818897637795276,0.29559748427673,0.1984,0.60952380952381,0.607874015748031,0.0825688073394495,0.600311041990669,0.82398753894081,0.602218700475436,0.0928462709284627,0.993827160493827,0.0854037267080745,0.0828025477707006,0.609907120743034,0.397129186602871,0.609105180533752,0.0868167202572347,0.0849056603773585,0.617647058823529,0.615384615384615,0.599693251533742,0.232339089481947,0.603448275862069,0.0928792569659443,0.974085365853659,0.0865533230293663,0.0868167202572347,0.379471228615863,0.442006269592476,0.598086124401914,0.976489028213166,0.595275590551181,0.0860719874804382,0.0756843800322061,0.620094191522763,0.58712715855573,0.45141065830721,0.0856269113149847,0.612275449101796,0.701674277016743,0.616793893129771,0.110942249240122,0.610142630744849,0.925349922239502,0.62596599690881,0.598774885145482,0.595846645367412,0.603225806451613,0.606382978723404,0.118827160493827,0.0873634945397816,0.617554858934169,0.535545023696682,0.394230769230769,0.84399375975039,0.386623164763458,0.0766773162939297,0.600313479623824,0.924764890282132,0.587869362363919,0.606531881804043,0.727414330218069,0.596518987341772,0.921538461538462,0.58695652173913,0.61698717948718,0.599683544303797,0.603421461897356
"676",0.301092043681747,0.310502283105023,0.317972350230415,0.32093023255814,0.298325722983257,0.301092043681747,0.0126782884310618,0.317610062893082,0.30804248861912,0.568075117370892,0.30781010719755,0.639939485627837,0.511737089201878,0.317901234567901,1,1,0.618759455370651,0,0.318681318681319,0.302147239263804,1,1,0.318042813455657,0.509954058192956,0.309090909090909,1,1,0.330670926517572,0.307692307692308,0.518053375196232,1,0.582568807339449,0.368098159509202,0.995398773006135,0.667711598746082,0.306089743589744,0.141104294478528,0.318796992481203,1,0.307922272047833,0.00308641975308642,0,0,0.315301391035549,0.314329738058552,1,0.993846153846154,1,1,1,0.695852534562212,0.320063694267516,1,0.317972350230415,0.316590563165906,0.81832298136646,0.126543209876543,0.312693498452012,0.309667673716012,0.314728682170543,0.990990990990991,1,1,0.00609756097560976,0.311424100156495,0.316998468606432,0.657853810264386,0.32093023255814,0.61961367013373,1,0.308868501529052,1,1,0.27602523659306,0.160741885625966,0.311278195488722,1,0.99405646359584,0.308868501529052,1,0.60347551342812,1,1,0.324200913242009,1,0.315233785822021,0.310185185185185,0.326186830015314,0.322137404580153,0,0.312788906009245,0.327327327327327,0.686635944700461,0.579666160849772,0.304552590266876,0.634472511144131,0.688073394495413,0.312594840667678,0.125786163522013,0,0.30521472392638,0.62557781201849,1,0.310126582278481,1,0.30757341576507,0,0.318952234206472,1,1,1,0.298621745788668,0.995440729483283,0.325153374233129,0.213313161875946,0.304675716440422,1,0.383792048929664,1,1,0.207055214723926,0.309341500765697,1,1,0.325227963525836,1,0.316493313521545,0.309063893016345,0.374429223744292,0.762917933130699,0.327014218009479,1,0.322834645669291,0.634756995581738,0.326984126984127,1,0.00154083204930663,1,0.364615384615385,0.883386581469649,0.574534161490683,0.599085365853659,0.307219662058372,0.31496062992126,1,0.309667673716012,1,0.299382716049383,0.507462686567164,0.32383808095952,1,0.299079754601227,0.30757341576507,0.324492979719189,0.321428571428571,1,0.305007587253414,1,0.437689969604863,0.320552147239264,1,0.313725490196078,1,0.586206896551724,0.307086614173228,1,0.317557251908397,0.305936073059361,0.326594090202177,0.986342943854325,0.321928460342146,1,0.317757009345794,1,0.31637519872814,1,0.594180704441041,0.293394777265745,0.0332805071315372,0.291666666666667,0.308755760368664,1,0.302936630602782,0.312111801242236,0.320668693009119,0.324159021406728,1,1,0.3140625,0.314900153609831,1,1,0.314900153609831,0.249240121580547,0.0220264317180617,0.698315467075038,1,0.00302571860816944,0.304747320061256,1,0.322480620155039,0.304804804804805,0.310664605873261,0.996960486322188,1,1,0.321533923303835,0.314285714285714,0.312883435582822,0.686028257456829,0.302752293577982,1,0.332822085889571,1,1,0.445468509984639,0.321875,0.312121212121212,0.310975609756098,0.302147239263804,0.30829420970266,0.639876352395672,1,1,0.314199395770393,0.00451807228915663,0.32383808095952,0.31547619047619,0.322678843226788,0.301972685887709,0.297839506172839,0.315396113602392,0.701515151515152,0.367624810892587,0.301515151515152,1,0.317610062893082,1,0.309090909090909,0.300462249614792,0.303680981595092,0.325984251968504,0.306603773584906,1,0.318112633181126,0.801538461538462,1,1,0.996894409937888,1,1,0.892913385826772,1,1,1,0.307578008915305,1,0.312796208530806,0,1,0.389393939393939,1,0.310077519379845,0.315217391304348,0.313178294573643,0.424806201550388,1,0.318042813455657,1,1,1,1,0,0.312989045383412,1,1,0.316358024691358,1,0.310240963855422,1,1,0.3,0.316614420062696,0.294207317073171,0.153013910355487,0.324534161490683,0,0.589285714285714,1,0.318731117824773,0.317829457364341,0.574500768049155,1,1,0.319554848966614,0.324574961360124,1,0.655384615384615,0.701892744479495,0.296923076923077,0.318181818181818,0.992458521870287,0.323574730354391,0.29673590504451,1,0.311550151975684,0.302290076335878,1,0.304012345679012,0.317262830482115,0.310769230769231,0.308777429467085,1,1,1,0.306153846153846,0.316692667706708,0.00763358778625954,0.990654205607477,0.324960753532182,1,1,0.310975609756098,0.316666666666667,0.301075268817204,0.318529862174579,0.313725490196078,1,0.303265940902022,0.309597523219814,0.5640625,1,0.838212634822804,1,0,1,0.32375189107413,1,1,0.419106317411402,0.998470948012232,0.315870570107858,1,0.303125,0.295031055900621,0.313725490196078,1,1,0.313935681470138,0.400958466453674,0.611197511664075,0.295133437990581,1,1,1,0.315286624203822,1,0.214285714285714,1,1,1,1,0.323170731707317,1,0.3203125,0.328682170542636,0.687402799377916,0.302003081664099,1,0.317147192716237,0.312965722801788,0.314785373608903,1,0.305007587253414,1,0.316816816816817,0.476335877862595,0.32262996941896,0.323943661971831,0.312781954887218,1,0.31619937694704,0.299382716049383,1,1,0.319444444444444,0.307692307692308,1,0.488584474885845,0.310832025117739,0.327692307692308,0.326219512195122,0.687022900763359,1,0.286624203821656,1,0.431888544891641,0.29984544049459,0,0.873684210526316,0.316535433070866,0.319444444444444,0,0.0321592649310873,0.980273141122914,0.312788906009245,1,0.310769230769231,0.308917197452229,1,0.321646341463415,0.312111801242236,0.667170953101362,1,0.311526479750779,0.309707241910632,1,0.307575757575758,0.300632911392405,1,0.347957639939486,0.312693498452012,0.309774436090226,0.325077399380805,0.792738275340393,1,0.978260869565217,1,1,0.00153609831029186,1,0.992295839753467,1,0.433179723502304,0.996865203761755,0.309559939301973,0.992389649923896,0.31924882629108,0.995412844036697,0.602962962962963,0.633738601823708,0.313636363636364,0.3,0.636785162287481,0.315047021943574,0,0.629573170731707,0.694189602446483,0.318112633181126,0.00152439024390244,0.308510638297872,0.295731707317073,0.765069551777434,0.314814814814815,0.690658499234303,0.593354430379747,0.311526479750779,0.319758672699849,0.293051359516616,1,0.0307467057101025,0,0.31651376146789,0.323574730354391,0.331278890600925,1,0.349693251533742,0.308755760368664,1,0.302752293577982,0.938461538461538,0.568075117370892,1,1,0.99185667752443,0.317629179331307,0.605421686746988,0.316265060240964,0.3024,0.30521472392638,0.431137724550898,1,0.30757341576507,1,0.312796208530806,0.31911532385466,1,0.314641744548287,1,0.320493066255778,1,1,0.313364055299539,0,1,0.322822822822823,1,0.562691131498471,1,0.50384024577573,1,0.560422960725076,1,0.311320754716981,1,1,1,0.31306990881459,0.322683706070288,0.311077389984825,0.34185303514377,0.337060702875399,0.307098765432099,1,0.312693498452012,1,1,0.32,0.315625,0.309667673716012,0.388544891640867,0.318112633181126,1,1,0.32,0.322834645669291,0.625786163522013,0.59253499222395,0.309923664122137,0.309707241910632,1,0.310030395136778,0.315868263473054,0.993769470404984,0.3024,0.309451219512195,0,0.146487294469357,0.314984709480122,0.682890855457227,0.302652106084243,0.315629742033384,0.590977443609023,0.996927803379416,0.311248073959938,1,0.313846153846154,0.345425867507886,0.315870570107858,0.468373493975904,0.314728682170543,1,0.314984709480122,0.320373250388802,0.326625386996904,0.688922610015175,1,0.325396825396825,0.316109422492401,0,0.319213313161876,0.998454404945904,0.948717948717949,1,0.317147192716237,0.318461538461538,0.317262830482115,0.580451127819549,1,0.591049382716049,0.329173166926677,1,1,0.964831804281346,0.681114551083591,0.329230769230769,0.358231707317073,0.310240963855422,0.316666666666667,1,1,0.506191950464396,0.63020030816641,1,1,0.998477929984779,0.693146417445483,1,0.317910447761194,0.684049079754601,1,0.316187594553706,0.311912225705329,0.314984709480122,0.996955859969559,1,0.650563607085346,0.32375189107413,1,1,0.319758672699849,0.306153846153846,0.998489425981873,0,0.305164319248826,0.304075235109718,0.00786163522012579,0.308396946564885,1,0.310725552050473,1,0.154887218045113,0,0.894578313253012,0.328787878787879,1,1,0,0.00150375939849624,0.3125,1,0.304278922345483,0.99702823179792,0.30568356374808,1,0.998452012383901,0.960183767228178,0.76840490797546,1,1,0.0061633281972265,1,0.519169329073482,0.319938176197836,0.666666666666667,0.326687116564417,1,0.307098765432099,0.67687595712098,1,1,0.312401883830455,0.620178041543027,0.318461538461538,0.585139318885449,0.967592592592593,0.317972350230415,0.600614439324117,0.0138674884437596,0.308868501529052,0.313846153846154,0.318181818181818,1,0.63963963963964,0.301829268292683,0.890092879256966,0.582554517133956,0.962574850299401,1,1,0.307339449541284,0.333858267716535,0.298136645962733,0.312594840667678,0.311077389984825,0.616766467065868,0.302114803625378,0,0.677514792899408,0.998473282442748,0.319508448540707,0.304347826086957,0.313385826771654,0.316417910447761,0.600896860986547,1,0.326747720364742,0.331775700934579,0.325914149443561,0.307931570762053,0.30804248861912,0.308049535603715,0.197309417040359,0.681747269890796,0.317411402157165,0.590977443609023,1,0.243410852713178,0.319018404907975,0.924050632911392,1,1,0.308282208588957,0.635384615384615,1,0.314503816793893,0.298003072196621,0.948275862068966,1,1,0.996840442338073,0.30804248861912,1,1,0.887345679012346,1,0.350299401197605,1,0.592125984251968,1,0.678843226788432,0.302290076335878,0.596573208722741,1,1,0.992331288343558,0.32383808095952,0.324159021406728,0.320754716981132,0.312977099236641,0.316118935837246,0.323943661971831,0.982731554160126,0.309559939301973,1,1,0.713629402756508,0,0.31306990881459,0.314900153609831,0.688721804511278,1,0.560185185185185,0.327380952380952,0.640866873065015,0.304347826086957,0.31875,1,0.313084112149533,0.308562197092084,0.687306501547988,0.905511811023622,0.319526627218935,0.604068857589984,0.579527559055118,0.317557251908397,0.3198127925117,0.298325722983257,0.592592592592593,0.689497716894977,1,0.900763358778626,1,0.668683812405446,0.996899224806202,0.590837282780411,0.312883435582822,0.322784810126582,1,1,0.436532507739938,0.992163009404389,0.996983408748115,1,0.311827956989247,0.323574730354391,1,0.308259587020649,0.689393939393939,0.324534161490683,0.463525835866261,0.29922480620155,0,0.305343511450382,1,1,0.594761171032357,0.00152905198776758,0.321646341463415,0.317901234567901,0.0996932515337423,0.409677419354839,1,1,0.311728395061728,1,0.410334346504559,1,0.321428571428571,0.579908675799087,0.318952234206472,0.314465408805031,1,0,1,0.309748427672956,0.31937984496124,1,1,1,0.433070866141732,1,0.313846153846154,0.621538461538461,0.326687116564417,0.315457413249211,0.0015220700152207,0.0430769230769231,1,0.622324159021407,1,0.322981366459627,0.322784810126582,1,1,0.167434715821813,0.310708898944193,1,0.897473997028232,1,0.317771084337349,0.208074534161491,0.674772036474164,1,1,1,1,1,0.28310502283105,0.298921417565485,1,0.125391849529781,0.00156985871271586,0.446293494704992,0,0.31832298136646,1,0.682027649769585,1,1,0.88719512195122,1,0.688449848024316,1,1,1,1
"677",1,1,1,1,1,1,0.694136291600634,1,1,0.0881889763779528,1,0.0396341463414634,0.823802163833076,1,0.329173166926677,0.323029366306028,0.0566615620214395,0.674603174603175,1,1,0.300623052959502,0.3203125,1,0.144596651445967,1,0.338905775075988,0.327503974562798,1,1,0.799368088467615,0.317411402157165,0.739663093415008,0.971212121212121,0.32312404287902,0,1,0.530581039755352,1,0.316417910447761,1,0.652241112828439,0.670694864048338,0.68107302533532,1,1,0.333858267716535,0.328173374613003,0.325757575757576,0.333841463414634,0.340978593272171,0,1,0.32824427480916,1,1,0.510869565217391,0.542901716068643,1,1,1,0.341426403641882,0.333843797856049,0.329211746522411,0.663565891472868,1,1,0.0282574568288854,1,0.0527859237536657,0.333839150227618,1,0.329738058551618,0.341232227488152,0.962145110410095,0.48936170212766,1,0.321044546850998,0.350453172205438,1,0.333865814696486,0.0866141732283465,0.33641975308642,0.339009287925697,1,0.348091603053435,1,1,1,1,0.676923076923077,1,1,0,0.0921450151057402,1,0.0405405405405405,0,1,0.547619047619048,0.666151468315301,1,0.0529595015576324,0.322033898305085,1,0.329652996845426,1,0.673252279635258,1,0.329704510108865,0.337941628264209,0.326807228915663,1,0.340978593272171,1,0.475037821482602,1,0.333333333333333,0.28,0.337878787878788,0.327639751552795,0.473035439137134,1,0.333333333333333,0.325508607198748,1,0.317629179331307,1,1,0.312307692307692,0.541729893778452,1,0.3328125,1,0.0344311377245509,1,0.31969696969697,0.665648854961832,0.335375191424196,0.938080495356037,0.434920634920635,0.0925925925925926,0.0829493087557604,1,1,0.343653250773994,1,0.331316187594554,1,0.81969696969697,1,0.340157480314961,1,1,1,1,0.344773790951638,1,0.339035769828927,0.244204018547141,1,0.328787878787879,1,0.310344827586207,0.0787037037037037,1,0.327131782945736,1,1,1,0.349085365853659,1,0.339035769828927,1,0.3198127925117,1,0.332298136645963,0.0662557781201849,1,0.623604465709729,1,1,0.324409448818898,1,1,1,1,0.333333333333333,0.32572298325723,1,1,0.327217125382263,0.319182389937107,1,0.436055469953775,0.649776453055142,0,0.328220858895706,0.653666146645866,1,0.328849028400598,1,1,1,0.321752265861027,0.329787234042553,0.343354430379747,1,1,1,0,1,0.318681318681319,0.977029096477795,0.333333333333333,0.32398753894081,0.747678018575851,1,1,1,1,1,0.035548686244204,0.323664122137405,0.333333333333333,1,0.670196671709531,1,1,0.998452012383901,1,1,1,0.00307219662058372,0.299698795180723,1,0.327613104524181,1,0.313364055299539,1,1,1,1,1,0.336463223787167,1,0.513302034428795,0.337941628264209,0.337386018237082,0.327073552425665,0.338461538461538,0.344773790951638,0.419656786271451,0.348297213622291,0.326747720364742,0.320182094081942,1,0.331297709923664,1,0.675187969924812,0.326153846153846,0.296466973886329,0.344667697063369,1,1,1,0.244167962674961,0.321646341463415,1,0.338095238095238,0.339393939393939,0.320987654320988,0.334351145038168,0.667175572519084,1,0.332829046898638,0.328149300155521,1,0.307448494453249,1,0.324324324324324,0.322480620155039,1,1,1,0.528682170542636,1,0.678461538461538,0.0742942050520059,0.336405529953917,1,1,0.0880121396054628,0.329268292682927,0.34384858044164,1,1,0.317484662576687,0.0198170731707317,0.00315457413249211,1,1,0.351270553064275,0.998466257668712,1,0.328220858895706,1,1,0.33179012345679,1,1,1,1,0.341121495327103,0.323397913561848,0.345541401273885,1,1,0.662079510703364,0.335413416536661,1,0.330849478390462,0.310185185185185,1,1,1,1,1,0.342635658914729,1,1,0.10126582278481,0.340874811463047,0.493001555209953,0.323390894819466,0.662058371735791,0.329787234042553,1,0.326530612244898,0.340523882896764,0.253477588871716,0.331306990881459,1,0.340329835082459,1,1,1,0.325115562403698,0.331838565022422,1,0.934713375796178,0.0582677165354331,1,0.327102803738318,0.3359375,0.317411402157165,1,0.345565749235474,0.464831804281346,0.342024539877301,0.32,0.329652996845426,0.32093023255814,1,0.336973478939158,1,1,0,1,0.337480559875583,1,1,1,0.33695652173913,1,0.324451410658307,1,0.85145482388974,1,1,1,0.329268292682927,1,1,0.320552147239264,0.33030303030303,1,1,0.331278890600925,0.178187403993856,1,1,1,0,0.325471698113208,1,0.316998468606432,0.238244514106583,1,0.66412213740458,0.453857791225416,1,1,0.663250366032211,0.684698608964451,0.361934477379095,1,0.332819722650231,1,1,0.342635658914729,1,1,0.00778816199376947,0.344186046511628,1,1,0.335925349922239,1,1,0.321875,0.321100917431193,1,1,1,0.537537537537538,0.32469512195122,0.352664576802508,0.332339791356185,0.343558282208589,0.672360248447205,0.342900302114804,0.340557275541796,0.328808446455505,0.224806201550388,0.33968253968254,1,0.337817638266069,1,0.331269349845201,0.0719640179910045,0.0453857791225416,1,1,0.0337941628264209,1,0.673282442748092,0.0376175548589342,0.0108864696734059,1,0.674382716049383,1,1,0.543478260869565,1,0,0.0646687697160883,1,1,1,0.339144215530903,0.632352941176471,0.6784,0.995433789954338,1,0.986301369863014,0.319508448540707,0.322480620155039,1,0.313880126182965,1,0.385802469135802,0.0930232558139535,0.319508448540707,0.335820895522388,0.337078651685393,1,0.0667678300455235,1,1,1,0.242378048780488,0.338485316846986,1,0.333333333333333,1,1,0.321646341463415,1,0.335329341317365,1,0.323574730354391,0.334883720930233,1,0.664586583463339,0.322962962962963,1,0.321316614420063,0.776758409785933,0.323442136498516,0.149096385542169,0.326440177252585,0.778637770897833,0.320872274143302,1,0.337423312883436,0.35232383808096,0.310975609756098,1,1,1,0.974358974358974,0.334394904458599,1,0.339563862928349,1,0.333863275039746,0.329803328290469,1,1,1,0.926717557251908,1,0.320121951219512,0.332826747720365,1,1,0.0438871473354232,0.0696594427244582,1,1,0.321428571428571,1,1,0.324574961360124,1,1,0.671296296296296,0.509954058192956,1,0,1,1,0.0861027190332326,0.333848531684699,1,0.337920489296636,1,0.97339593114241,1,0.836363636363636,1,0.339116719242902,1,1,1,0,0.325434439178515,1,1,0.654263565891473,1,0.334370139968896,0.371951219512195,0.330781010719755,1,1,1,0.0778443113772455,0.335925349922239,0.0774091627172196,1,0.322727272727273,0.323216995447648,0.362095531587057,0,1,0.96583850931677,1,1,0.334905660377358,0.315151515151515,0.143297380585516,0.0311526479750779,0.328703703703704,0.326086956521739,0.33535660091047,0,0.328746177370031,1,0,0.332829046898638,1,1,1,0.326219512195122,0.332826747720365,0.028169014084507,1,0.330232558139535,0.316030534351145,1,1,0.331259720062208,0.682692307692308,1,1,0.686244204018547,1,0.320300751879699,1,0.326086956521739,0.51063829787234,0.656580937972769,0.405365126676602,1,0.308035714285714,0.328220858895706,0.664133738601824,0.655120481927711,1,0.340523882896764,1,0.333827893175074,1,0.332317073170732,0.326530612244898,0.37037037037037,0.531782945736434,0.329635499207607,0.325077399380805,0.647425897035881,0.334862385321101,0.131832797427653,1,0,1,0.305164319248826,1,0,0.341049382716049,0.327131782945736,1,0.0494752623688156,1,0.0783410138248848,0.357030015797788,1,0.0601851851851852,0.657975460122699,1,1,1,0.323101777059774,0.0347957639939486,1,0.452830188679245,0.0838509316770186,0.372907153729072,0.333333333333333,0.336858006042296,1,1,1,1,1,0.0601503759398496,0.995461422087746,0.675265553869499,0.00295420974889217,0.330769230769231,1,1,1,1,0.0788253477588872,0.326747720364742,1,1,1,1,1,1,0.478787878787879,0,1,0.0723981900452489,0.342146189735614,0.422600619195046,1,0.408163265306122,0.329093799682035,0.329721362229102,1,0.0351681957186544,0.335375191424196,1,1,0.382445141065831,0.322727272727273,0.322137404580153,0.337042925278219,1,0.339089481946625,0.330781010719755,0.414976599063963,0.324534161490683,0.978915662650602,0.323442136498516,0.0753532182103611,0.335913312693498,0,1,0.0809968847352025,0.316846986089645,0.334370139968896,0.32967032967033,1,1,1,1,1,1,0.345201238390093,1,0.329738058551618,0.330564784053156,0.60790273556231,0.668730650154799,1,1,0,0.324364723467862,0.104072398190045,1,0.0278637770897833,1,1,0.324451410658307,1,1,0.624213836477987,0.42332268370607,0.995581737849779,0.0723270440251572,0.0903426791277259,1,1,1,0.0745341614906832,0,0.328808446455505,0.440184049079755,0.323262839879154,0,0.3359375,0.0784929356357928,1,1,0.327327327327327,0.328725038402458,0.233024691358025,0.352574102964119,0.333841463414634,0.3328173374613,1,1,0.34488188976378,1,0,1,0.214285714285714,1,0.663109756097561,1,0.324574961360124,0.325434439178515,0.0657492354740061,0.665144596651446,1,1,0.781931464174455,0.901273885350318,0.329738058551618,0.3234375,1,0.3265625,0.242703533026114,0.332283464566929,1,0.086687306501548,1,1,0.32469512195122,0.666131621187801,0.319875776397516,1,1,0.31651376146789,0.319444444444444,0.329803328290469,0.844961240310077,0.327044025157233,1,0.0534351145038168,1,1,0.683969465648855,0.63849765258216,0.336538461538462,0.0519877675840979,0.341085271317829,1,1,0.322033898305085,0.342549923195084,0.601515151515152,1,0.326347305389222,0.393019726858877,0.316998468606432,0.984802431610942,0.462616822429907,0.00304878048780488,0.321646341463415,0.338855421686747,0.344339622641509,0.332805071315372,0.334828101644245,0.977168949771689,1,0.327188940092166,0.531545741324921,0.672897196261682,0.223926380368098,0.671052631578947,1,0.338931297709924,0.00156494522691706,0.337962962962963,0.327743902439024,0.375,0.328616352201258,0,0.344931921331316,0.331775700934579,0.335925349922239,0.325688073394495
"678",1,1,1,1,1,1,0.69281045751634,1,1,0.0955518945634267,1,0.0423197492163009,0.827476038338658,1,0.325396825396825,0.323248407643312,0.0623052959501558,0.660033167495854,1,1,0.3046875,0.328548644338118,1,0.15625,1,0.345201238390093,0.336601307189543,1,1,0.790996784565916,0.32182103610675,0.736176935229068,0.968454258675079,0.333863275039746,0,1,0.515673981191223,1,0.316998468606432,1,0.64573268921095,0.669871794871795,0.680685358255452,1,1,0.336569579288026,0.320512820512821,0.327613104524181,0.335925349922239,0.339009287925697,0,1,0.323943661971831,1,1,0.504807692307692,0.537096774193548,1,1,1,0.338509316770186,0.3312,0.335974643423138,0.659744408945687,1,1,0.0334394904458599,1,0.0533536585365854,0.3390625,1,0.335433070866142,0.341503267973856,0.959807073954984,0.492138364779874,1,0.327102803738318,0.346875,1,0.338235294117647,0.0871710526315789,0.336492890995261,0.338533541341654,1,0.3515625,1,1,1,1,0.672386895475819,1,1,0.00159235668789809,0.1015625,1,0.0446153846153846,0,1,0.544715447154472,0.66031746031746,1,0.0522151898734177,0.327503974562798,1,0.328571428571429,1,0.667716535433071,1,0.329073482428115,0.335443037974684,0.331768388106416,1,0.340189873417722,1,0.467391304347826,1,0.322222222222222,0.287051482059282,0.341049382716049,0.336,0.471428571428571,0.998432601880878,0.3328125,0.330128205128205,1,0.318611987381703,1,1,0.324881141045959,0.544049459041731,1,0.328638497652582,1,0.0388802488335925,1,0.324574961360124,0.660406885758998,0.344497607655502,0.930599369085173,0.436187399030695,0.0998415213946117,0.0954616588419405,1,1,0.342902711323764,1,0.3359375,1,0.825,1,0.338709677419355,1,1,1,1,0.35048231511254,1,0.338658146964856,0.239130434782609,1,0.322932917316693,1,0.317535545023697,0.0803858520900322,1,0.325949367088608,1,1,1,0.352664576802508,1,0.346092503987241,1,0.324960753532182,1,0.328050713153724,0.0709779179810726,1,0.618657937806874,1,1,0.332807570977918,1,1,1,1,0.334379905808477,0.325038880248834,1,0.998407643312102,0.333853354134165,0.325732899022801,1,0.436220472440945,0.653153153153153,0,0.342812006319115,0.657320872274143,1,0.333333333333333,1,0.998452012383901,1,0.324921135646688,0.334370139968896,0.341935483870968,1,1,1,0,1,0.321543408360129,0.973058637083994,0.343354430379747,0.323809523809524,0.749606299212598,1,1,1,1,1,0.0399361022364217,0.335974643423138,0.3375,1,0.658805031446541,1,1,0.998412698412698,0.998435054773083,1,1,0.00470957613814757,0.309859154929577,1,0.330658105939005,1,0.322784810126582,1,1,1,1,1,0.339712918660287,1,0.524642289348172,0.337042925278219,0.337920489296636,0.323624595469256,0.330696202531646,0.343949044585987,0.427642276422764,0.339089481946625,0.33125,0.322274881516588,1,0.3344,1,0.673913043478261,0.328050713153724,0.303459119496855,0.351524879614767,1,1,1,0.2496,0.322327044025157,1,0.338187702265372,0.340557275541796,0.325914149443561,0.334370139968896,0.670906200317965,1,0.335901386748844,0.329581993569132,1,0.309951060358891,1,0.327102803738318,0.3265625,1,1,1,0.510971786833856,1,0.676100628930818,0.0771604938271605,0.32967032967033,1,1,0.096875,0.338533541341654,0.34860883797054,1,1,0.315217391304348,0.0238095238095238,0.00318471337579618,1,1,0.349304482225657,0.998444790046656,1,0.322429906542056,1,1,0.338028169014085,1,1,1,1,0.338050314465409,0.329770992366412,0.344155844155844,1,1,0.658385093167702,0.32807570977918,1,0.328725038402458,0.307324840764331,1,1,0.998435054773083,1,1,0.346518987341772,1,1,0.109677419354839,0.349922239502333,0.492913385826772,0.322061191626409,0.65511811023622,0.3328125,1,0.319488817891374,0.350237717908082,0.25,0.334890965732087,1,0.340425531914894,1,1,1,0.326465927099842,0.334876543209877,0.998449612403101,0.93042071197411,0.0630048465266559,1,0.325984251968504,0.333870967741935,0.320512820512821,1,0.34850863422292,0.461658841940532,0.339116719242902,0.3264,0.332797427652733,0.3248,1,0.343499197431782,1,1,0,1,0.339622641509434,1,1,1,0.342948717948718,1,0.322528363047002,1,0.851674641148325,1,1,1,0.330218068535826,1,1,0.328616352201258,0.327586206896552,1,1,0.32967032967033,0.183641975308642,1,0.9984375,1,0,0.32520325203252,1,0.325077399380805,0.232854864433812,1,0.652380952380952,0.449612403100775,1,1,0.661094224924012,0.684126984126984,0.352112676056338,1,0.338607594936709,1,1,0.346518987341772,1,0.998417721518987,0.009375,0.344391785150079,1,1,0.338141025641026,1,1,0.320126782884311,0.32120253164557,1,1,1,0.541732283464567,0.32755905511811,0.364500792393027,0.331804281345566,0.351648351648352,0.664526484751204,0.338509316770186,0.33968253968254,0.330203442879499,0.231259968102073,0.334943639291465,1,0.337442218798151,0.998407643312102,0.333850931677019,0.0803030303030303,0.0517241379310345,1,1,0.0379746835443038,1,0.670826833073323,0.042654028436019,0.012779552715655,1,0.665094339622642,1,1,0.548956661316212,1,0,0.0702875399361022,1,1,1,0.339774557165862,0.629742033383915,0.680194805194805,0.995341614906832,1,0.9826224328594,0.318541996830428,0.321656050955414,1,0.31687898089172,1,0.384126984126984,0.103833865814696,0.320373250388802,0.331782945736434,0.348561759729272,1,0.0752688172043011,1,1,1,0.246875,0.339712918660287,1,0.336012861736334,1,1,0.327131782945736,1,0.339366515837104,1,0.325358851674641,0.331210191082803,1,0.662420382165605,0.33026113671275,1,0.323671497584541,0.774647887323944,0.329230769230769,0.148606811145511,0.334346504559271,0.773675762439807,0.321543408360129,1,0.338582677165354,0.35202492211838,0.303317535545024,1,1,1,0.971014492753623,0.336601307189543,1,0.338709677419355,1,0.331723027375201,0.329704510108865,1,1,1,0.920760697305864,1,0.327102803738318,0.332293291731669,1,1,0.0500807754442649,0.0775444264943457,1,1,0.317741935483871,1,1,0.322115384615385,1,1,0.666666666666667,0.509375,1,0,1,1,0.0949464012251149,0.336,1,0.338141025641026,0.998427672955975,0.966453674121406,0.998435054773083,0.8390625,1,0.342532467532468,1,1,1,0,0.328968903436989,1,1,0.651685393258427,1,0.332805071315372,0.381846635367762,0.3328,1,1,1,0.0882352941176471,0.3354943273906,0.0866013071895425,0.9984,0.330203442879499,0.330203442879499,0.3640625,0,1,0.959438377535101,1,1,0.33868378812199,0.324534161490683,0.14951768488746,0.0349206349206349,0.334389857369255,0.322327044025157,0.336391437308869,0.0016025641025641,0.332298136645963,1,0,0.331775700934579,1,1,1,0.334365325077399,0.340030911901082,0.0343137254901961,1,0.328,0.323899371069182,1,1,0.330670926517572,0.6721044045677,1,1,0.679936305732484,1,0.318252730109204,1,0.3328,0.510903426791277,0.657935285053929,0.415902140672783,1,0.317972350230415,0.332288401253919,0.672281776416539,0.654263565891473,1,0.33693972179289,1,0.329286798179059,1,0.337025316455696,0.322734499205087,0.372239747634069,0.528861154446178,0.326366559485531,0.3232,0.646781789638933,0.334389857369255,0.141004862236629,1,0,1,0.311111111111111,1,0,0.329093799682035,0.325878594249201,1,0.0579268292682927,1,0.0922098569157393,0.353218210361067,1,0.0615141955835962,0.655660377358491,1,1,1,0.316129032258064,0.0375,1,0.439873417721519,0.0906200317965024,0.37037037037037,0.340157480314961,0.339563862928349,1,1,1,1,1,0.066358024691358,0.99537037037037,0.671253822629969,0.00453172205438067,0.333333333333333,1,1,1,1,0.0845070422535211,0.331775700934579,1,1,1,1,1,1,0.469040247678019,0.0016260162601626,1,0.0815047021943574,0.334913112164297,0.424242424242424,1,0.4096,0.323432343234323,0.324921135646688,1,0.0408805031446541,0.328100470957614,1,1,0.389776357827476,0.323943661971831,0.33122028526149,0.333870967741935,0.998444790046656,0.341307814992026,0.325358851674641,0.424,0.337060702875399,0.977917981072555,0.327692307692308,0.0826580226904376,0.334375,0,1,0.0862619808306709,0.322061191626409,0.333855799373041,0.32695374800638,1,1,1,1,1,1,0.342948717948718,1,0.330683624801272,0.33109243697479,0.603503184713376,0.675718849840256,1,1,0,0.328682170542636,0.117647058823529,0.998447204968944,0.0300632911392405,1,1,0.335483870967742,1,1,0.631493506493506,0.436482084690554,0.995461422087746,0.0801282051282051,0.0979133226324237,1,1,1,0.082018927444795,0,0.331269349845201,0.435612082670906,0.328703703703704,0,0.33868378812199,0.0816,1,1,0.344827586206897,0.332288401253919,0.229793977812995,0.341307814992026,0.321428571428571,0.3328173374613,1,1,0.332283464566929,1,0,1,0.214849921011058,1,0.656200941915228,1,0.330143540669856,0.323671497584541,0.0726698262243286,0.660347551342812,1,1,0.771565495207668,0.897226753670473,0.328525641025641,0.331715210355987,1,0.330683624801272,0.244408945686901,0.338709677419355,1,0.0959119496855346,1,1,0.33489827856025,0.65905383360522,0.324717285945073,1,1,0.32753164556962,0.325396825396825,0.333333333333333,0.853269537480064,0.326366559485531,1,0.0576323987538941,1,1,0.683076923076923,0.632237871674491,0.33768352365416,0.0521327014218009,0.34185303514377,1,1,0.320512820512821,0.34185303514377,0.609642301710731,1,0.324116743471582,0.383540372670807,0.318252730109204,0.982945736434109,0.449760765550239,0.00470219435736677,0.3203125,0.338391502276176,0.345779220779221,0.326797385620915,0.333333333333333,0.966205837173579,1,0.331775700934579,0.529220779220779,0.665594855305466,0.230031948881789,0.677152317880795,1,0.334365325077399,0.00158730158730159,0.341121495327103,0.326053042121685,0.370892018779343,0.328050713153724,0,0.343260188087774,0.333870967741935,0.336507936507937,0.326530612244898
"679",1,1,1,1,1,1,0.695364238410596,1,1,0.0947546531302876,1,0.0405186385737439,0.818627450980392,1,0.325769854132901,0.312399355877617,0.0555555555555556,0.678451178451178,1,1,0.296596434359805,0.331136738056013,1,0.154838709677419,1,0.338607594936709,0.333333333333333,1,1,0.807628524046434,0.314845024469821,0.7408,0.966719492868463,0.326465927099842,0,1,0.533333333333333,1,0.311912225705329,1,0.662379421221865,0.671474358974359,0.68362480127186,1,1,0.328881469115192,0.317073170731707,0.318541996830428,0.332797427652733,0.341269841269841,0,1,0.328100470957614,1,1,0.504918032786885,0.552504038772213,1,1,1,0.341269841269841,0.326860841423948,0.332258064516129,0.672025723472669,1,1,0.0357142857142857,1,0.0580847723704867,0.332810047095761,1,0.336012861736334,0.336120401337793,0.968646864686469,0.508716323296355,1,0.320634920634921,0.338028169014085,1,0.328947368421053,0.0881863560732113,0.341503267973856,0.333333333333333,1,0.355987055016181,1,1,1,1,0.683881064162754,1,1,0.00160771704180064,0.10207336523126,1,0.0427892234548336,0,1,0.548172757475083,0.663414634146341,1,0.0542264752791069,0.320450885668277,1,0.331168831168831,1,0.67205169628433,1,0.325769854132901,0.333333333333333,0.325806451612903,1,0.33652312599681,1,0.477093206951027,1,0.324281150159744,0.295161290322581,0.337539432176656,0.330618892508143,0.476499189627229,0.998389694041868,0.327476038338658,0.321951219512195,1,0.314873417721519,1,1,0.328478964401294,0.561514195583596,1,0.332797427652733,1,0.0377358490566038,1,0.324921135646688,0.662440570522979,0.338658146964856,0.936065573770492,0.442953020134228,0.0972447325769854,0.09688013136289,1,1,0.340983606557377,1,0.324409448818898,1,0.808612440191388,1,0.332775919732441,1,1,1,1,0.336538461538462,1,0.339256865912762,0.260032102728732,1,0.325320512820513,1,0.320388349514563,0.0833333333333333,1,0.32952691680261,1,1,1,0.347687400318979,1,0.340356564019449,1,0.320967741935484,1,0.326892109500805,0.0701754385964912,1,0.629382303839733,1,1,0.327332242225859,1,1,1,1,0.332794830371567,0.321766561514196,1,0.998389694041868,0.331730769230769,0.31973898858075,1,0.438709677419355,0.658950617283951,0,0.330081300813008,0.662273476112026,1,0.331738437001595,1,0.998430141287284,1,0.325878594249201,0.330670926517572,0.334975369458128,1,1,1,0,1,0.320261437908497,0.972491909385113,0.331723027375201,0.323151125401929,0.753646677471637,1,1,1,1,1,0.0388978930307942,0.329563812600969,0.333870967741935,1,0.669303797468354,1,1,1,0.998392282958199,1,1,0.00319488817891374,0.314285714285714,1,0.326797385620915,1,0.309061488673139,1,1,1,1,1,0.330097087378641,1,0.51980198019802,0.337096774193548,0.338141025641026,0.320261437908497,0.337060702875399,0.346774193548387,0.43485342019544,0.339774557165862,0.325242718446602,0.316129032258064,1,0.332236842105263,1,0.666666666666667,0.328478964401294,0.313880126182965,0.343042071197411,1,1,1,0.253658536585366,0.3216,1,0.32512315270936,0.341158059467919,0.322632423756019,0.326498422712934,0.671544715447154,1,0.329581993569132,0.323529411764706,1,0.309328968903437,1,0.320813771517997,0.332792207792208,1,1,1,0.533442088091354,1,0.682182985553772,0.0837282780410742,0.328025477707006,1,1,0.0930599369085174,0.33015873015873,0.342809364548495,1,1,0.316720257234727,0.0224719101123595,0.00161812297734628,1,1,0.339652448657188,0.998389694041868,1,0.320126782884311,1,1,0.328025477707006,1,1,1,1,0.333333333333333,0.321928460342146,0.333887043189369,1,1,0.661835748792271,0.321543408360129,1,0.329652996845426,0.30278232405892,1,1,0.998425196850394,1,1,0.330097087378641,1,1,0.105008077544426,0.341894060995185,0.504746835443038,0.326366559485531,0.664536741214057,0.328571428571429,1,0.330016583747927,0.346469622331691,0.248407643312102,0.333333333333333,1,0.348982785602504,1,1,1,0.311793214862682,0.332283464566929,0.998415213946117,0.927731092436975,0.0559210526315789,1,0.324281150159744,0.333889816360601,0.323481116584565,1,0.338607594936709,0.461538461538462,0.336569579288026,0.311793214862682,0.328358208955224,0.314332247557003,1,0.334967320261438,1,1,0,1,0.331179321486268,1,1,1,0.338762214983713,1,0.32013201320132,1,0.839171974522293,1,1,1,0.330128205128205,1,1,0.322222222222222,0.331168831168831,1,1,0.322006472491909,0.185126582278481,1,0.998415213946117,1,0,0.321428571428571,1,0.324675324675325,0.235772357723577,1,0.6672,0.44251968503937,1,1,0.661466458658346,0.692551505546751,0.352365415986949,1,0.331738437001595,1,1,0.344660194174757,1,0.998373983739837,0.00815660685154975,0.337115072933549,1,1,0.334426229508197,1,1,0.315359477124183,0.334920634920635,1,1,1,0.548644338118022,0.318181818181818,0.358766233766234,0.32755905511811,0.342356687898089,0.678571428571429,0.334394904458599,0.334410339256866,0.319047619047619,0.24203821656051,0.330065359477124,1,0.329652996845426,0.998371335504886,0.327922077922078,0.0799373040752351,0.0445151033386327,1,1,0.0358306188925081,1,0.677165354330709,0.0390243902439024,0.0131578947368421,1,0.674050632911392,1,1,0.544715447154472,1,0,0.0697674418604651,1,1,1,0.333333333333333,0.64451313755796,0.685,0.99512987012987,1,0.985530546623794,0.315960912052117,0.32520325203252,1,0.315,1,0.378980891719745,0.099009900990099,0.316720257234727,0.324409448818898,0.352941176470588,1,0.0744849445324881,1,1,1,0.253968253968254,0.333881578947368,1,0.326892109500805,1,1,0.31911532385466,1,0.335925349922239,1,0.322528363047002,0.33442088091354,1,0.665573770491803,0.321875,1,0.322528363047002,0.760834670947031,0.328149300155521,0.158227848101266,0.331259720062208,0.772435897435897,0.315960912052117,1,0.334928229665072,0.34913112164297,0.306451612903226,1,1,1,0.973377703826955,0.328859060402685,1,0.340322580645161,1,0.327814569536424,0.325984251968504,1,1,1,0.920065252854812,1,0.321711568938193,0.330097087378641,1,1,0.0445544554455446,0.0796747967479675,1,1,0.321724709784411,1,1,0.320512820512821,1,1,0.66504854368932,0.526315789473684,1,0,1,1,0.0959119496855346,0.333868378812199,1,0.3312,0.998381877022654,0.967213114754098,0.998389694041868,0.826923076923077,1,0.351351351351351,1,1,1,0,0.32258064516129,1,1,0.667207792207792,1,0.336553945249597,0.374798061389338,0.335473515248796,1,1,1,0.0889235569422777,0.330081300813008,0.0895765472312704,0.998376623376623,0.323854660347551,0.316558441558442,0.364649681528662,0,1,0.959349593495935,1,1,0.326860841423948,0.3104,0.157051282051282,0.0373983739837398,0.335483870967742,0.319148936170213,0.341732283464567,0.00163934426229508,0.319354838709677,1,0,0.321259842519685,1,1,1,0.326530612244898,0.336477987421384,0.0332225913621262,1,0.327332242225859,0.32484076433121,1,1,0.324149108589951,0.678510998307953,1,1,0.679214402618658,1,0.317965023847377,1,0.324367088607595,0.519747235387046,0.655502392344498,0.41875,1,0.313971742543171,0.3264,0.668253968253968,0.653846153846154,1,0.334405144694534,1,0.330188679245283,1,0.323529411764706,0.32,0.357827476038339,0.533011272141707,0.330081300813008,0.31973898858075,0.653225806451613,0.330128205128205,0.145936981757877,1,0,1,0.307941653160454,1,0,0.325281803542673,0.33112582781457,1,0.0499219968798752,1,0.0811688311688312,0.34910277324633,1,0.0612903225806452,0.666131621187801,1,1,1,0.3125,0.0363924050632911,1,0.440842787682334,0.0932896890343699,0.363492063492063,0.329652996845426,0.343307086614173,1,1,1,1,1,0.0621019108280255,0.995283018867924,0.67398119122257,0.00306748466257669,0.332797427652733,1,1,1,1,0.0797448165869219,0.325914149443561,1,1,1,1,1,1,0.473015873015873,0.00163934426229508,1,0.078525641025641,0.32626427406199,0.435980551053485,1,0.410891089108911,0.31748726655348,0.318840579710145,1,0.036624203821656,0.338095238095238,1,1,0.386252045826514,0.316957210776545,0.324717285945073,0.334983498349835,0.998402555910543,0.330065359477124,0.329052969502408,0.429268292682927,0.3248,0.973684210526316,0.326018808777429,0.0804597701149425,0.342948717948718,0,1,0.0880913539967374,0.315359477124183,0.33605220228385,0.33605220228385,1,1,1,1,1,1,0.342668863261944,1,0.326923076923077,0.332755632582322,0.6096,0.666666666666667,1,1,0,0.333865814696486,0.108626198083067,0.998432601880878,0.0337078651685393,1,1,0.326860841423948,1,1,0.638474295190713,0.422628951747088,0.99537037037037,0.080327868852459,0.09688013136289,1,1,1,0.0845528455284553,0,0.329073482428115,0.438709677419355,0.327503974562798,0,0.338308457711443,0.0876623376623377,1,1,0.331210191082803,0.329032258064516,0.24,0.348561759729272,0.33015873015873,0.329052969502408,1,1,0.3354943273906,1,0,1,0.219709208400646,1,0.659744408945687,1,0.324281150159744,0.308580858085809,0.0709677419354839,0.665594855305466,1,1,0.771986970684039,0.892797319932998,0.337096774193548,0.334431630971993,1,0.330097087378641,0.256493506493506,0.337152209492635,1,0.102893890675241,1,1,0.334959349593496,0.669421487603306,0.318627450980392,1,1,0.313001605136437,0.317152103559871,0.328616352201258,0.866449511400652,0.322422258592471,1,0.0471698113207547,1,1,0.689984101748808,0.640522875816993,0.341543513957307,0.0480769230769231,0.3322528363047,1,1,0.313213703099511,0.346278317152104,0.6120826709062,1,0.326433121019108,0.383647798742138,0.315705128205128,0.987361769352291,0.469055374592834,0.00476947535771065,0.317817014446228,0.338607594936709,0.340425531914894,0.328382838283828,0.334928229665072,0.964856230031949,1,0.325358851674641,0.540765391014975,0.680781758957655,0.232114467408585,0.676271186440678,1,0.337620578778135,0.00327868852459016,0.340356564019449,0.327476038338658,0.373228346456693,0.327242524916944,0,0.34775641025641,0.331707317073171,0.341543513957307,0.321951219512195
"680",1,1,1,1,1,1,0.707792207792208,1,1,0.0964052287581699,1,0.0443740095087163,0.80448717948718,1,0.3152,0.298273155416013,0.0622083981337481,0.681967213114754,1,1,0.294025157232704,0.3088,1,0.159126365054602,1,0.332298136645963,0.316720257234727,1,1,0.790322580645161,0.313572542901716,0.727838258164852,0.96551724137931,0.31104199066874,0,1,0.5390625,1,0.300925925925926,1,0.666666666666667,0.676100628930818,0.690880989180835,1,1,0.323101777059774,0.317460317460317,0.308049535603715,0.316037735849057,0.330203442879499,0,1,0.315217391304348,1,1,0.496835443037975,0.553627760252366,1,1,1,0.339035769828927,0.31911532385466,0.318327974276527,0.675590551181102,1,1,0.0390625,1,0.053680981595092,0.321044546850998,1,0.312796208530806,0.326765188834154,0.9744,0.517940717628705,1,0.306501547987616,0.334360554699538,1,0.320967741935484,0.0858995137763371,0.3264,0.324960753532182,1,0.339593114241002,1,1,1,1,0.692667706708268,1,1,0.00158478605388273,0.0992248062015504,1,0.0445468509984639,0,1,0.567921440261866,0.674157303370786,1,0.0488958990536278,0.310618066561014,1,0.316129032258064,1,0.682615629984051,1,0.3168,0.326018808777429,0.328638497652582,1,0.322378716744914,1,0.498432601880878,1,0.317111459968603,0.306376360808709,0.325,0.316455696202532,0.488151658767773,0.998417721518987,0.321428571428571,0.3232,1,0.300155520995334,1,1,0.339144215530903,0.550925925925926,1,0.317111459968603,1,0.0428790199081164,1,0.313572542901716,0.675,0.330708661417323,0.938095238095238,0.434146341463415,0.095389507154213,0.0906200317965024,1,1,0.325396825396825,1,0.315629742033384,1,0.799065420560748,1,0.327476038338658,1,1,1,1,0.338072669826224,1,0.328,0.257009345794392,1,0.312693498452012,1,0.30188679245283,0.082670906200318,1,0.314194577352472,1,1,1,0.339009287925697,1,0.328,1,0.311811023622047,1,0.318110236220472,0.0748829953198128,1,0.641479099678457,1,1,0.321144674085851,1,1,1,1,0.325434439178515,0.309119010819165,1,0.998432601880878,0.312788906009245,0.312903225806452,1,0.447409733124019,0.667682926829268,0,0.319938176197836,0.675118858954041,1,0.321372854914197,1,0.998449612403101,1,0.32018927444795,0.329153605015674,0.329093799682035,1,1,1,0,1,0.311320754716981,0.971473851030111,0.327014218009479,0.308056872037915,0.762282091917591,1,1,1,1,1,0.0445859872611465,0.326530612244898,0.323943661971831,1,0.676056338028169,1,1,0.998427672955975,0.998415213946117,1,1,0.0046656298600311,0.32348367029549,1,0.311501597444089,1,0.2984375,1,1,1,1,1,0.324324324324324,1,0.504854368932039,0.325434439178515,0.332312404287902,0.308064516129032,0.322115384615385,0.325358851674641,0.413570274636511,0.329133858267717,0.318611987381703,0.319314641744548,1,0.327447833065811,1,0.682515337423313,0.313385826771654,0.315541601255887,0.335473515248796,1,1,1,0.264475743348983,0.312989045383412,1,0.320574162679426,0.321592649310873,0.310236220472441,0.32120253164557,0.684627575277338,1,0.327044025157233,0.319870759289176,1,0.301302931596091,1,0.313178294573643,0.322429906542056,1,1,1,0.544444444444444,1,0.6801872074883,0.080370942812983,0.319685039370079,1,1,0.0949464012251149,0.323529411764706,0.3296,1,1,0.30622009569378,0.023696682464455,0.00321543408360129,1,1,0.33693972179289,0.998422712933754,1,0.314553990610329,1,1,0.315625,1,1,1,1,0.32753164556962,0.309667673716012,0.329052969502408,1,1,0.664050235478807,0.32753164556962,1,0.316118935837246,0.296650717703349,1,1,0.998439937597504,1,1,0.320634920634921,1,1,0.106451612903226,0.331278890600925,0.484992101105845,0.312399355877617,0.669291338582677,0.318252730109204,1,0.315789473684211,0.331210191082803,0.269767441860465,0.328173374613003,1,0.329787234042553,1,1,1,0.322734499205087,0.326153846153846,0.998435054773083,0.925742574257426,0.0603174603174603,1,0.316614420062696,0.317230273752013,0.302547770700637,1,0.330246913580247,0.476340694006309,0.327073552425665,0.310509554140127,0.315619967793881,0.308562197092084,1,0.32626427406199,1,1,0,1,0.324921135646688,1,1,1,0.325842696629214,1,0.324281150159744,1,0.8328125,1,1,1,0.321316614420063,1,1,0.311912225705329,0.323899371069182,1,1,0.316614420062696,0.190923317683881,1,0.998417721518987,1,0,0.314102564102564,1,0.318541996830428,0.249206349206349,1,0.672955974842767,0.432098765432099,1,1,0.678092399403875,0.697492163009404,0.346333853354134,1,0.32182103610675,1,1,0.333858267716535,1,0.998394863563403,0.0078003120124805,0.325434439178515,1,1,0.321711568938193,1,1,0.314696485623003,0.332293291731669,1,1,1,0.52276295133438,0.314873417721519,0.351181102362205,0.324655436447167,0.330173775671406,0.689102564102564,0.327613104524181,0.334379905808477,0.312788906009245,0.242857142857143,0.327476038338658,1,0.331288343558282,0.998430141287284,0.320433436532508,0.0828220858895705,0.0478395061728395,1,1,0.0375586854460094,1,0.689922480620155,0.0423861852433281,0.0127388535031847,1,0.6801872074883,1,1,0.549273021001615,1,0,0.07085346215781,1,1,1,0.329093799682035,0.649468892261001,0.690938511326861,0.996865203761755,1,0.986024844720497,0.304140127388535,0.347068145800317,1,0.306349206349206,1,0.372019077901431,0.10702875399361,0.308777429467085,0.321646341463415,0.341793570219966,1,0.0796875,1,1,1,0.26219512195122,0.323248407643312,1,0.317817014446228,1,1,0.313755795981453,1,0.322678843226788,1,0.310897435897436,0.323763955342903,1,0.683042789223455,0.317629179331307,1,0.310177705977383,0.764521193092622,0.313084112149533,0.164596273291925,0.317484662576687,0.762282091917591,0.306688417618271,1,0.323296354992076,0.342767295597484,0.290824261275272,1,1,1,0.97258064516129,0.351485148514851,1,0.330683624801272,1,0.325769854132901,0.319571865443425,1,1,1,0.922360248447205,1,0.309815950920245,0.322932917316693,1,1,0.0470016207455429,0.078525641025641,1,1,0.304140127388535,1,1,0.319685039370079,1,1,0.678627145085803,0.540581929555896,1,0,1,1,0.0950920245398773,0.326086956521739,1,0.321144674085851,0.998432601880878,0.967032967032967,0.998432601880878,0.817054263565892,1,0.327361563517915,1,1,1,0,0.304700162074554,1,1,0.674454828660436,1,0.313479623824451,0.365930599369085,0.322327044025157,1,1,1,0.0854037267080745,0.320512820512821,0.0888529886914378,0.998402555910543,0.31924882629108,0.307332293291732,0.357032457496136,0,1,0.957547169811321,1,1,0.325281803542673,0.304347826086957,0.160063391442155,0.0395569620253165,0.322115384615385,0.315372424722662,0.330733229329173,0.00160513643659711,0.31924882629108,1,0,0.312989045383412,1,1,1,0.320126782884311,0.317901234567901,0.0340909090909091,1,0.319685039370079,0.3109375,1,1,0.321711568938193,0.696078431372549,1,1,0.69377990430622,1,0.312788906009245,1,0.318110236220472,0.534375,0.668740279937792,0.405238828967643,1,0.30030959752322,0.315047021943574,0.683544303797468,0.660030627871363,1,0.323529411764706,1,0.324574961360124,1,0.315955766192733,0.317384370015949,0.350769230769231,0.52418096723869,0.319805194805195,0.310289389067524,0.658307210031348,0.317111459968603,0.151565074135091,1,0,1,0.296474358974359,1,0,0.317891373801917,0.319870759289176,1,0.0562310030395137,1,0.0830670926517572,0.340288924558588,1,0.060126582278481,0.66875,1,1,1,0.308943089430894,0.0403726708074534,1,0.43312101910828,0.0925039872408294,0.359567901234568,0.324960753532182,0.326625386996904,1,1,1,1,1,0.0627871362940276,0.996894409937888,0.683229813664596,0.00453172205438067,0.322884012539185,1,1,1,1,0.0818897637795276,0.307931570762053,1,1,1,1,1,1,0.487577639751553,0.00159489633173844,1,0.0812883435582822,0.320251177394035,0.442006269592476,1,0.395461912479741,0.312703583061889,0.311526479750779,1,0.0383435582822086,0.322530864197531,1,1,0.372611464968153,0.309375,0.315457413249211,0.316558441558442,0.998444790046656,0.32475884244373,0.319554848966614,0.411764705882353,0.316037735849057,0.973228346456693,0.317484662576687,0.0834670947030498,0.320872274143302,0,1,0.0875796178343949,0.318037974683544,0.323763955342903,0.317384370015949,1,1,1,1,1,1,0.337078651685393,1,0.32120253164557,0.314720812182741,0.597222222222222,0.675718849840256,1,1,0,0.320552147239264,0.116719242902208,0.998468606431853,0.0349206349206349,1,1,0.316720257234727,1,1,0.64171974522293,0.416938110749186,0.996965098634294,0.0782747603833866,0.0911949685534591,1,1,1,0.0860719874804382,0,0.31832298136646,0.422776911076443,0.31839258114374,0,0.325320512820513,0.0866013071895425,1,1,0.322033898305085,0.31924882629108,0.243710691823899,0.33974358974359,0.318952234206472,0.317683881064163,1,1,0.3248,1,0,1,0.21669341894061,1,0.679127725856698,1,0.314785373608903,0.310289389067524,0.0755905511811024,0.668217054263566,1,1,0.789556962025316,0.907742998352554,0.3232,0.3125,1,0.31378763866878,0.256735340729002,0.324717285945073,1,0.0992125984251968,1,1,0.322327044025157,0.684210526315789,0.307814992025518,1,1,0.306376360808709,0.308661417322835,0.320061255742726,0.868167202572347,0.313821138211382,1,0.0540958268933539,1,1,0.6953125,0.647798742138365,0.325806451612903,0.0552922590837283,0.325878594249201,1,1,0.3088,0.325878594249201,0.625585023400936,1,0.305426356589147,0.365591397849462,0.30625,0.985981308411215,0.476038338658147,0.0031201248049922,0.30298273155416,0.326717557251908,0.325914149443561,0.31687898089172,0.316436251920123,0.969088098918083,1,0.31496062992126,0.544715447154472,0.681388012618297,0.241758241758242,0.687702265372168,1,0.322274881516588,0.00315457413249211,0.326120556414219,0.320373250388802,0.361111111111111,0.319047619047619,0,0.339089481946625,0.316455696202532,0.321656050955414,0.313880126182965
"681",1,1,1,1,1,1,0.70906200317965,1,1,0.104761904761905,1,0.0476190476190476,0.801872074882995,1,0.313385826771654,0.29922480620155,0.0688073394495413,0.691056910569106,1,1,0.280864197530864,0.30625,1,0.157894736842105,1,0.320433436532508,0.305863708399366,1,1,0.776377952755905,0.302469135802469,0.719135802469136,0.963302752293578,0.3125,0,1,0.545038167938931,1,0.294736842105263,1,0.668224299065421,0.681747269890796,0.698630136986301,1,1,0.315619967793881,0.303599374021909,0.304747320061256,0.313636363636364,0.316923076923077,0,1,0.301538461538462,1,1,0.496171516079632,0.566037735849057,1,1,1,0.331288343558282,0.316118935837246,0.308892355694228,0.680314960629921,1,1,0.037914691943128,1,0.0622154779969651,0.316109422492401,1,0.316770186335404,0.32,0.961538461538462,0.516030534351145,1,0.30568356374808,0.329249617151608,1,0.3125,0.094551282051282,0.315372424722662,0.320695102685624,1,0.334862385321101,1,1,1,1,0.693721286370597,1,1,0.00154083204930663,0.110769230769231,1,0.048411497730711,0,1,0.563106796116505,0.677672955974843,1,0.059190031152648,0.310725552050473,1,0.304953560371517,1,0.689922480620155,1,0.314728682170543,0.322480620155039,0.305084745762712,1,0.320813771517997,1,0.487915407854985,1,0.309006211180124,0.308755760368664,0.317629179331307,0.311627906976744,0.486024844720497,1,0.316998468606432,0.304,1,0.299382716049383,1,1,0.333848531684699,0.545180722891566,1,0.313880126182965,1,0.0451127819548872,1,0.309119010819165,0.680491551459293,0.326086956521739,0.926380368098159,0.437001594896332,0.11353032659409,0.103235747303544,1,1,0.328173374613003,1,0.314112291350531,1,0.801232665639445,1,0.317965023847377,1,1,1,1,0.33015873015873,1,0.318252730109204,0.263076923076923,1,0.309597523219814,1,0.301242236024845,0.0897637795275591,1,0.305511811023622,1,1,1,0.332307692307692,1,0.319875776397516,1,0.304821150855365,1,0.307931570762053,0.0822981366459627,1,0.642036124794745,1,1,0.314285714285714,1,1,1,1,0.317484662576687,0.300613496932515,1,1,0.308396946564885,0.302215189873418,1,0.440993788819876,0.674626865671642,0,0.317972350230415,0.678125,1,0.317771084337349,1,1,1,0.308049535603715,0.312210200927357,0.316692667706708,1,1,1,0,1,0.306603773584906,0.970219435736677,0.319444444444444,0.302180685358255,0.739263803680982,1,1,1,1,1,0.0447530864197531,0.308049535603715,0.316998468606432,1,0.69242658423493,1,1,0.998435054773083,1,1,1,0.00464396284829721,0.322137404580153,1,0.30829420970266,1,0.298003072196621,1,1,1,1,1,0.308282208588957,1,0.511006289308176,0.316358024691358,0.320182094081942,0.308777429467085,0.321981424148607,0.328616352201258,0.423809523809524,0.328703703703704,0.3109375,0.305810397553517,1,0.317262830482115,1,0.692424242424242,0.31201248049922,0.31866464339909,0.3234375,1,1,1,0.267295597484277,0.307458143074581,1,0.312698412698413,0.319213313161876,0.304552590266876,0.309815950920245,0.691338582677165,1,0.314589665653495,0.30379746835443,1,0.297770700636943,1,0.302891933028919,0.305900621118012,1,1,1,0.540031397174254,1,0.688473520249221,0.088455772113943,0.321981424148607,1,1,0.103500761035008,0.313846153846154,0.321259842519685,1,1,0.298761609907121,0.0273972602739726,0.00314465408805031,1,1,0.336874051593323,0.998430141287284,1,0.301223241590214,1,1,0.317557251908397,1,1,1,1,0.322378716744914,0.31437125748503,0.323854660347551,1,1,0.675425038639876,0.309486780715397,1,0.320061255742726,0.296466973886329,1,1,1,1,1,0.322429906542056,1,1,0.113207547169811,0.324574961360124,0.488262910798122,0.315625,0.680061823802164,0.314329738058552,1,0.309375,0.327188940092166,0.270769230769231,0.316666666666667,1,0.32396449704142,1,1,1,0.300787401574803,0.320610687022901,1,0.919224555735057,0.069620253164557,1,0.30781010719755,0.308426073131955,0.302362204724409,1,0.32262996941896,0.472222222222222,0.318042813455657,0.294930875576037,0.31629392971246,0.305555555555556,1,0.319554848966614,1,1,0,1,0.31974921630094,1,1,1,0.324960753532182,1,0.304897314375987,1,0.827371695178849,1,1,1,0.307692307692308,1,1,0.303875968992248,0.312597200622084,1,1,0.31055900621118,0.201526717557252,1,1,1,0,0.311111111111111,1,0.305900621118012,0.250783699059561,1,0.68125,0.43328335832084,1,1,0.687869822485207,0.705607476635514,0.336448598130841,1,0.322981366459627,1,1,0.327613104524181,1,1,0.0078003120124805,0.322274881516588,1,1,0.319047619047619,1,1,0.301916932907348,0.337404580152672,1,1,1,0.537151702786378,0.303405572755418,0.333333333333333,0.318452380952381,0.319938176197836,0.688854489164087,0.31969696969697,0.31832298136646,0.311450381679389,0.251162790697674,0.313385826771654,1,0.3125,1,0.309119010819165,0.086232980332829,0.0551301684532925,1,1,0.0414110429447853,1,0.695324283559578,0.0452418096723869,0.0125,1,0.681318681318681,1,1,0.555555555555556,1,0,0.0798722044728434,1,1,1,0.31201248049922,0.655834564254062,0.704361873990307,0.995384615384615,1,0.983050847457627,0.298600311041991,0.333855799373041,1,0.298578199052133,1,0.363777089783282,0.113924050632911,0.297380585516179,0.316666666666667,0.328358208955224,1,0.0853658536585366,1,1,1,0.272865853658537,0.315873015873016,1,0.316846986089645,1,1,0.31441717791411,1,0.32185628742515,1,0.294303797468354,0.318818040435459,1,0.681388012618297,0.306990881458967,1,0.308176100628931,0.747720364741641,0.308980213089802,0.166921898928025,0.319340329835082,0.761978361669243,0.310185185185185,1,0.313084112149533,0.334351145038168,0.284403669724771,1,1,1,0.969936708860759,0.343598055105348,1,0.319488817891374,1,0.303921568627451,0.312210200927357,1,1,1,0.916279069767442,1,0.303405572755418,0.314241486068111,1,1,0.0547504025764895,0.0811232449297972,1,1,0.307936507936508,1,1,0.308411214953271,1,1,0.683307332293292,0.533742331288344,1,0,1,1,0.108231707317073,0.313846153846154,1,0.316923076923077,1,0.963893249607535,1,0.814589665653495,1,0.319488817891374,1,1,1,0,0.302066772655008,1,1,0.678288431061807,1,0.315467075038285,0.362790697674419,0.317972350230415,1,1,1,0.0965309200603318,0.314465408805031,0.0936507936507937,1,0.312024353120244,0.301829268292683,0.343465045592705,0,1,0.953343701399689,1,1,0.313971742543171,0.300455235204856,0.15962441314554,0.0425196850393701,0.321044546850998,0.303738317757009,0.322727272727273,0.00158982511923688,0.307219662058372,1,0,0.317293233082707,1,1,1,0.315870570107858,0.312781954887218,0.0358306188925081,1,0.303076923076923,0.309090909090909,1,1,0.313572542901716,0.706349206349206,1,1,0.691107644305772,1,0.30441400304414,1,0.308777429467085,0.528505392912173,0.675226586102719,0.407796101949025,1,0.296520423600605,0.314814814814815,0.687692307692308,0.672782874617737,1,0.321266968325792,1,0.313725490196078,1,0.306376360808709,0.309636650868878,0.344827586206897,0.527522935779816,0.311912225705329,0.308892355694228,0.675925925925926,0.31651376146789,0.150793650793651,1,0,1,0.292452830188679,1,0,0.313846153846154,0.312597200622084,1,0.0597907324364723,1,0.0890625,0.330733229329173,1,0.071097372488408,0.673343605546995,1,1,1,0.299050632911392,0.0440060698027314,1,0.437400950871632,0.0985691573926868,0.350609756097561,0.32469512195122,0.324159021406728,1,1,1,1,1,0.0689655172413793,0.996960486322188,0.689127105666156,0.00451127819548872,0.318952234206472,1,1,1,1,0.0926216640502355,0.30804248861912,1,1,1,1,1,1,0.487878787878788,0.00158730158730159,1,0.0895061728395062,0.31839258114374,0.435458786936236,1,0.396196513470681,0.304140127388535,0.307931570762053,1,0.0430769230769231,0.319314641744548,1,1,0.367670364500792,0.311450381679389,0.3015625,0.316455696202532,1,0.3234375,0.317484662576687,0.416139240506329,0.314329738058552,0.972602739726027,0.302114803625378,0.0884676145339652,0.31924882629108,0,1,0.0900473933649289,0.304212168486739,0.3140625,0.315457413249211,1,1,1,1,1,1,0.324921135646688,1,0.315384615384615,0.316045380875203,0.596899224806202,0.682316118935837,1,1,0,0.308270676691729,0.118564742589704,1,0.0361635220125786,1,1,0.310725552050473,1,1,0.624203821656051,0.413008130081301,0.995508982035928,0.0839936608557845,0.104524180967239,1,1,1,0.0900621118012422,0,0.318529862174579,0.42566510172144,0.306646525679758,0,0.324451410658307,0.0925039872408294,1,1,0.315068493150685,0.30568356374808,0.250778816199377,0.325,0.311077389984825,0.32093023255814,1,1,0.31924882629108,1,0,1,0.230414746543779,1,0.678461538461538,1,0.302652106084243,0.301435406698565,0.0804248861911988,0.68133535660091,1,1,0.793798449612403,0.895833333333333,0.318611987381703,0.310126582278481,1,0.315217391304348,0.265210608424337,0.320126782884311,1,0.105504587155963,1,1,0.314241486068111,0.676145339652449,0.30625,1,1,0.297090352220521,0.297507788161994,0.313161875945537,0.844827586206897,0.306349206349206,1,0.0623100303951368,1,1,0.697996918335901,0.65414710485133,0.318181818181818,0.0618238021638331,0.313971742543171,1,1,0.297637795275591,0.330781010719755,0.618827160493827,1,0.305007587253414,0.373676248108926,0.305426356589147,0.984779299847793,0.472868217054264,0.00310077519379845,0.301857585139319,0.313161875945537,0.318681318681319,0.312202852614897,0.312024353120244,0.967889908256881,1,0.306278713629403,0.548956661316212,0.690625,0.245454545454545,0.703049759229534,1,0.319571865443425,0.0015552099533437,0.318461538461538,0.313455657492355,0.364599092284418,0.315955766192733,0,0.333333333333333,0.307324840764331,0.318181818181818,0.310077519379845
"682",1,1,1,1,1,1,0.703225806451613,1,1,0.105348460291734,1,0.0488958990536278,0.805111821086262,1,0.311897106109325,0.300314465408805,0.0665610142630745,0.695081967213115,1,1,0.280254777070064,0.306962025316456,1,0.173501577287066,1,0.32093023255814,0.305958132045089,1,1,0.769968051118211,0.308049535603715,0.714511041009464,0.962558502340094,0.308306709265176,0,1,0.549606299212598,1,0.291158536585366,1,0.675590551181102,0.683464566929134,0.696923076923077,1,1,0.310897435897436,0.307086614173228,0.305900621118012,0.313178294573643,0.327014218009479,0,1,0.3078125,1,1,0.474878444084279,0.5584,1,1,1,0.31875,0.3152,0.306089743589744,0.680379746835443,1,1,0.0394944707740916,1,0.0624048706240487,0.3202416918429,1,0.304552590266876,0.316720257234727,0.965964343598055,0.516329704510109,1,0.30564263322884,0.330232558139535,1,0.308306709265176,0.0972886762360447,0.316535433070866,0.317965023847377,1,0.327692307692308,1,1,1,1,0.697965571205008,1,1,0.00158730158730159,0.116459627329193,1,0.0519083969465649,0,1,0.565217391304348,0.687797147385103,1,0.0583596214511041,0.30173775671406,1,0.307332293291732,1,0.690363349131122,1,0.312101910828025,0.316455696202532,0.308755760368664,1,0.319182389937107,1,0.496171516079632,1,0.30625,0.303459119496855,0.316436251920123,0.313694267515924,0.493670886075949,0.998415213946117,0.310664605873261,0.307324840764331,1,0.301242236024845,1,1,0.343354430379747,0.540123456790123,1,0.314194577352472,1,0.0462249614791988,1,0.300462249614792,0.678627145085803,0.32182103610675,0.926100628930818,0.429725363489499,0.1078125,0.0982839313572543,1,1,0.319620253164557,1,0.308980213089802,1,0.799377916018662,1,0.3216,1,1,1,1,0.32120253164557,1,0.317152103559871,0.260596546310832,1,0.301710730948678,1,0.292527821939587,0.0893141945773525,1,0.312401883830455,1,1,1,0.32824427480916,1,0.325471698113208,1,0.299684542586751,1,0.312,0.0834645669291339,1,0.647058823529412,1,1,0.313001605136437,1,1,1,1,0.318252730109204,0.301538461538462,1,0.998397435897436,0.310872894333844,0.305331179321486,1,0.453834115805947,0.685410334346505,0,0.316279069767442,0.681020733652313,1,0.316923076923077,1,0.998444790046656,1,0.315955766192733,0.319875776397516,0.322475570032573,1,1,1,0,1,0.304975922953451,0.96998420221169,0.315789473684211,0.302547770700637,0.74565560821485,1,1,1,1,1,0.048,0.307936507936508,0.31974921630094,1,0.685446009389671,1,1,1,0.998432601880878,1,1,0.00473186119873817,0.328703703703704,1,0.3046875,1,0.300462249614792,1,1,1,1,1,0.3234375,1,0.502369668246445,0.315541601255887,0.324074074074074,0.305466237942122,0.314375987361769,0.317891373801917,0.424679487179487,0.322378716744914,0.315870570107858,0.301242236024845,1,0.319620253164557,1,0.69242658423493,0.304897314375987,0.318885448916409,0.328571428571429,1,1,1,0.269537480063796,0.302694136291601,1,0.309148264984227,0.312024353120244,0.315047021943574,0.31496062992126,0.6928,1,0.313846153846154,0.3056,1,0.301127214170692,1,0.310664605873261,0.312302839116719,1,1,1,0.550314465408805,1,0.694835680751174,0.0872894333843798,0.309409888357257,1,1,0.101721439749609,0.312989045383412,0.328990228013029,1,1,0.298136645962733,0.0301109350237718,0.00317965023847377,1,1,0.333333333333333,0.998415213946117,1,0.303599374021909,1,1,0.312989045383412,1,1,1,1,0.321766561514196,0.307339449541284,0.320388349514563,1,1,0.67398119122257,0.313694267515924,1,0.308641975308642,0.292527821939587,1,1,0.998439937597504,1,1,0.3232,1,1,0.11525974025974,0.327131782945736,0.491338582677165,0.2944,0.680817610062893,0.313084112149533,1,0.3056,0.324409448818898,0.266457680250784,0.313694267515924,1,0.313935681470138,1,1,1,0.307936507936508,0.322033898305085,0.998454404945904,0.921696574225122,0.0680713128038898,1,0.305379746835443,0.304700162074554,0.304897314375987,1,0.32348367029549,0.47723704866562,0.313271604938272,0.300314465408805,0.305331179321486,0.302362204724409,1,0.308917197452229,1,1,0,1,0.31974921630094,1,1,1,0.324193548387097,1,0.311216429699842,1,0.82574568288854,1,1,1,0.309748427672956,1,1,0.301412872841444,0.300940438871473,1,1,0.314285714285714,0.200934579439252,1,0.998432601880878,1,0,0.304065040650407,1,0.299212598425197,0.255555555555556,1,0.680685358255452,0.425038639876352,1,1,0.682926829268293,0.70906200317965,0.336477987421384,1,0.312893081761006,1,1,0.322784810126582,1,0.998425196850394,0.00949367088607595,0.317535545023697,1,1,0.321027287319422,1,1,0.30173775671406,0.33693972179289,1,1,1,0.517884914463453,0.306729264475743,0.343499197431782,0.312217194570136,0.32695374800638,0.697749196141479,0.322033898305085,0.31637519872814,0.311424100156495,0.244094488188976,0.315286624203822,1,0.310452418096724,0.998376623376623,0.308661417322835,0.0880989180834621,0.0555555555555556,1,1,0.0425867507886435,1,0.696784073506891,0.0489731437598736,0.0142405063291139,1,0.686708860759494,1,1,0.544426494345719,1,0,0.077175697865353,1,1,1,0.311501597444089,0.663663663663664,0.696428571428571,0.993798449612403,1,0.981337480559876,0.303599374021909,0.346333853354134,1,0.293650793650794,1,0.36608557844691,0.111975116640746,0.297805642633229,0.308641975308642,0.323873121869783,1,0.084375,1,1,1,0.263399693721286,0.313880126182965,1,0.314194577352472,1,1,0.306501547987616,1,0.320061255742726,1,0.303317535545024,0.3168,1,0.685214626391097,0.310136157337368,1,0.308176100628931,0.754330708661417,0.312788906009245,0.173981191222571,0.315384615384615,0.748031496062992,0.301765650080257,1,0.316957210776545,0.330757341576507,0.285046728971963,1,1,1,0.967585089141005,0.355628058727569,1,0.316639741518578,1,0.310344827586207,0.316614420062696,1,1,1,0.913112164296998,1,0.305426356589147,0.318037974683544,1,1,0.0546623794212219,0.0875202593192869,1,1,0.302694136291601,1,1,0.308777429467085,1,1,0.690851735015773,0.54,1,0,1,1,0.10355486862442,0.313479623824451,1,0.321766561514196,0.998415213946117,0.963549920760697,0.998417721518987,0.811232449297972,1,0.32569558101473,1,1,1,0,0.310344827586207,1,1,0.679936305732484,1,0.311216429699842,0.354134165366615,0.308411214953271,1,1,1,0.0976744186046512,0.306818181818182,0.0964630225080386,0.998410174880763,0.301538461538462,0.301857585139319,0.339563862928349,0,1,0.954828660436137,1,1,0.316211878009631,0.297213622291022,0.171701112877583,0.0429936305732484,0.309294871794872,0.302215189873418,0.31974921630094,0.00161290322580645,0.302469135802469,1,0,0.311926605504587,1,1,1,0.304821150855365,0.314152410575428,0.0372771474878444,1,0.305111821086262,0.30188679245283,1,1,0.311811023622047,0.7,1,1,0.708133971291866,1,0.303405572755418,1,0.30952380952381,0.537867078825348,0.678407350689127,0.405529953917051,1,0.292758089368259,0.311912225705329,0.686614173228347,0.671339563862928,1,0.316692667706708,1,0.316358024691358,1,0.309148264984227,0.312796208530806,0.3421875,0.519500780031201,0.308681672025723,0.303030303030303,0.673015873015873,0.311145510835913,0.158833063209076,1,0,1,0.292993630573248,1,0,0.320126782884311,0.3125,1,0.0599700149925037,1,0.0930599369085174,0.3296,1,0.0697305863708399,0.684458398744113,1,1,1,0.297872340425532,0.0434108527131783,1,0.416798732171157,0.102728731942215,0.344236760124611,0.313880126182965,0.31104199066874,1,1,1,1,1,0.0693374422187981,0.996927803379416,0.692667706708268,0.00453172205438067,0.315789473684211,1,1,1,1,0.0906200317965024,0.308049535603715,1,1,1,1,1,1,0.496932515337423,0.00163934426229508,1,0.0902021772939347,0.312796208530806,0.438679245283019,1,0.390953150242326,0.304418985270049,0.3125,1,0.0438871473354232,0.309968847352025,1,1,0.368589743589744,0.301092043681747,0.306709265175719,0.314424635332253,0.998444790046656,0.314696485623003,0.316279069767442,0.421221864951768,0.307936507936508,0.973270440251572,0.305936073059361,0.0894308943089431,0.317901234567901,0,1,0.0976,0.299840510366826,0.3088,0.315286624203822,1,1,1,1,1,1,0.321086261980831,1,0.315047021943574,0.307178631051753,0.615740740740741,0.684210526315789,1,1,0,0.309451219512195,0.133333333333333,0.998461538461539,0.0365079365079365,1,1,0.306089743589744,1,1,0.635350318471338,0.419934640522876,0.998491704374057,0.0861788617886179,0.105095541401274,1,1,1,0.0946372239747634,0,0.311926605504587,0.418495297805643,0.312883435582822,0,0.320063694267516,0.0896,1,1,0.316846986089645,0.310832025117739,0.251980982567353,0.32755905511811,0.306501547987616,0.316770186335404,1,1,0.3232,1,0,1,0.23968253968254,1,0.68125,1,0.308186195826645,0.301587301587302,0.0808709175738725,0.686614173228347,1,1,0.802861685214626,0.895666131621188,0.309409888357257,0.307692307692308,1,0.311004784688995,0.263736263736264,0.318255250403877,1,0.110062893081761,1,1,0.312989045383412,0.680064308681672,0.299679487179487,1,1,0.300787401574803,0.304140127388535,0.310185185185185,0.858954041204437,0.307073954983923,1,0.0623052959501558,1,1,0.703703703703704,0.665071770334928,0.314009661835749,0.0596546310832025,0.317111459968603,1,1,0.308186195826645,0.323763955342903,0.634259259259259,1,0.302936630602782,0.371294851794072,0.302034428794992,0.987616099071207,0.484944532488114,0.004739336492891,0.300462249614792,0.314503816793893,0.323717948717949,0.313821138211382,0.314329738058552,0.972179289026275,1,0.302507836990596,0.563311688311688,0.6864,0.236024844720497,0.693574958813839,1,0.317262830482115,0.00158982511923688,0.3140625,0.302325581395349,0.36817472698908,0.310897435897436,0,0.32967032967033,0.3104,0.316720257234727,0.309262166405024
"683",0.512578616352201,0.491499227202473,0.499236641221374,0.480739599383667,0.483969465648855,0.503086419753086,0.789889415481833,0.4828125,0.495412844036697,0.624605678233438,0.493150684931507,0.557077625570776,0.28858024691358,0.484423676012461,0.195987654320988,0.206153846153846,0.579754601226994,0.815409309791332,0.491392801251956,0.498452012383901,0.19629057187017,0.200927357032458,0.494640122511485,0.676783004552352,0.508295625942685,0.191290824261275,0.2,0.473101265822785,0.503770739064857,0.271739130434783,0.206471494607088,0.222556390977444,0.443768996960486,0.193893129770992,0.531684698608965,0.496774193548387,0.948170731707317,0.480243161094225,0.201192250372578,0.50521609538003,0.825273010920437,0.80370942812983,0.803328290468986,0.479813664596273,0.475155279503106,0.193146417445483,0.198142414860681,0.2,0.198496240601504,0.193939393939394,0.509063444108761,0.480252764612954,0.203619909502262,0.4890625,0.494736842105263,0.0709876543209877,0.941176470588235,0.487062404870624,0.503793626707132,0.476923076923077,0.1797583081571,0.188271604938272,0.202764976958525,0.819875776397516,0.498417721518987,0.497681607418856,0.535603715170279,0.486280487804878,0.594395280235988,0.191679049034175,0.478723404255319,0.196018376722818,0.187793427230047,0.52931854199683,0.974124809741248,0.491754122938531,0.205128205128205,0.177811550151976,0.48030303030303,0.190031152647975,0.608695652173913,0.187596899224806,0.2,0.481818181818182,0.169724770642202,0.48868778280543,0.496111975116641,0.470046082949309,0.478328173374613,0.802147239263804,0.4890625,0.48575712143928,0.5220700152207,0.616541353383459,0.4859375,0.560357675111773,0.52073732718894,0.48103186646434,0.936608557844691,0.812982998454405,0.495341614906832,0.574766355140187,0.207055214723926,0.491255961844197,0.198757763975155,0.482059282371295,0.814307458143075,0.490015360983103,0.183076923076923,0.18989280245023,0.198795180722892,0.484848484848485,0.188736681887367,0.480739599383667,0.995461422087746,0.497041420118343,0.19969040247678,0.813740458015267,0.193984962406015,0.197226502311248,0.998487140695915,0.489984591679507,0.202143950995406,0.196232339089482,0.476479514415782,0.206373292867982,0.495562130177515,0.482861400894188,0.841538461538462,0.43202416918429,0.47723704866562,0.204651162790698,0.50390015600624,0.555223880597015,0.478740157480315,0.189189189189189,0.815987933634992,0.198767334360555,0.430091185410334,0.31911532385466,0.633738601823708,0.610510046367852,0.494573643410853,0.481889763779528,0.19969040247678,0.493957703927492,0.195845697329377,0.487022900763359,0.307807807807808,0.490936555891239,0.193700787401575,0.499222395023328,0.491472868217054,0.5,0.475077881619938,0.177018633540373,0.489953632148377,0.1890625,0.754887218045113,0.482442748091603,0.202160493827161,0.494752623688156,0.208841463414634,0.609642301710731,0.481072555205047,0.191290824261275,0.483969465648855,0.489425981873112,0.492307692307692,0.197604790419162,0.501538461538461,0.180967238689548,0.485981308411215,0.187596899224806,0.487381703470032,0.196567862714509,0.610942249240122,0.499229583975347,0.851674641148325,0.496875,0.492307692307692,0.193199381761978,0.495398773006135,0.484066767830046,0.504545454545455,0.49079754601227,0.193939393939394,0.2,0.475590551181102,0.47166921898928,0.200906344410876,0.202786377708978,0.477203647416413,0.939117199391172,0.824224519940916,0.503048780487805,0.20211161387632,0.823348694316436,0.490196078431373,0.193645990922844,0.489028213166144,0.490225563909774,0.485451761102603,0.204615384615385,0.21092564491654,0.20440251572327,0.479041916167665,0.4992,0.490076335877863,0.514820592823713,0.496904024767802,0.2,0.462595419847328,0.179289026275116,0.191717791411043,0.731818181818182,0.476635514018692,0.485671191553544,0.476043276661515,0.503828483920367,0.492283950617284,0.561832061068702,0.19188767550702,0.197885196374622,0.489425981873112,0.81306990881459,0.488721804511278,0.484398216939079,0.491499227202473,0.490909090909091,0.510077519379845,0.479940564635958,0.491525423728814,0.849315068493151,0.487951807228916,0.190697674418605,0.493730407523511,0.19047619047619,0.489393939393939,0.484567901234568,0.492236024844721,0.477519379844961,0.503154574132492,0.177469135802469,0.480061349693252,0.0597243491577335,0.193146417445483,0.192481203007519,0.196567862714509,0.193146417445483,0.206471494607088,0.31911532385466,0.190548780487805,0.186259541984733,0.197247706422018,0.499241274658574,0.192307692307692,0.484227129337539,0.80421686746988,0.198461538461538,0.818456883509834,0.183229813664596,0.485271317829457,0.472136222910217,0.492331288343558,0.782945736434108,0.207001522070015,0.477203647416413,0.2015625,0.196992481203008,0.192789968652038,0.206738131699847,0.811728395061728,0.48,0.197268588770865,0.196850393700787,0.480739599383667,0.205371248025276,0.48644578313253,0.194233687405159,0.211508553654743,0.494539781591264,0.492890995260663,0.501543209876543,0.972644376899696,0.496050552922591,0.801829268292683,0.62125748502994,0.188854489164087,0.493233082706767,0.484326018808777,0.617021276595745,0.196107784431138,0.188767550702028,0.482539682539683,0.484615384615385,0.202723146747353,0.551242236024845,0.503105590062112,0.493023255813954,0.486571879936809,0.180059523809524,0.482334869431644,0.50887573964497,0.196671709531014,0.480798771121352,0.507598784194529,0.205748865355522,0.49452269170579,0.489984591679507,0.490825688073394,0.486821705426357,0.195718654434251,0.214714714714715,0.192675159235669,0.486068111455108,0.487841945288754,0.808868501529052,0.18167701863354,0.482059282371295,0.188536953242836,0.203100775193798,0.493939393939394,0.481203007518797,0.488514548238897,0.479198767334361,0.492469879518072,0.189814814814815,0.49452269170579,0.496932515337423,0.640625,0.18910741301059,0.351309707241911,0.206521739130435,0.802752293577982,0.191489361702128,0.490254872563718,0.196946564885496,0.183076923076923,0.782542113323124,0.200603318250377,0.479813664596273,0.198821796759941,0.486943164362519,0.491551459293395,0.480243161094225,0.188562596599691,0.203030303030303,0.490963855421687,0.409888357256778,0.584758942457232,0.494539781591264,0.202453987730061,0.191222570532915,0.192789968652038,0.477165354330709,0.189759036144578,0.992307692307692,0.201219512195122,0.188361408882083,0.186413902053712,0.196899224806202,0.48103186646434,0.204301075268817,0.483870967741935,0.488335925349922,0.518292682926829,0.496904024767802,0.194099378881988,0.498461538461538,0.494736842105263,0.490506329113924,0.196261682242991,0.492492492492492,0.1890625,0.487951807228916,0.327743902439024,0.502276176024279,0.490566037735849,0.480916030534351,0.209160305343511,0.484992101105845,0.491525423728814,0.201201201201201,0.20679012345679,0.490015360983103,0.496987951807229,0.194189602446483,0.721461187214612,0.491392801251956,0.489329268292683,0.465960665658094,0.509923664122137,0.197183098591549,0.494505494505495,0.207692307692308,0.770670826833073,0.501557632398754,0.803680981595092,0.0692771084337349,0.481946624803768,0.486238532110092,0.813333333333333,0.776923076923077,0.183076923076923,0.49375,0.185015290519878,0.486780715396579,0.481132075471698,0.191950464396285,0.5,0.484662576687117,0.527863777089783,0.192424242424242,0.498466257668712,0.476263399693721,0.192955589586524,0.496996996996997,0.490506329113924,0.19435736677116,0.86969696969697,0.48531684698609,0.483483483483483,0.483076923076923,0.0547112462006079,0.202723146747353,0.231950844854071,0.195814648729447,0.195419847328244,0.814352574102964,0.187406296851574,0.18266253869969,0.195454545454545,0.7821482602118,0.195924764890282,0.485627836611195,0.197604790419162,0.486024844720497,0.2,0.605654761904762,0.568807339449541,0.494672754946728,0.503003003003003,0.552193645990923,0.495327102803738,0.804248861911988,0.568807339449541,0.521538461538462,0.490166414523449,0.813253012048193,0.498470948012232,0.492307692307692,0.434850863422292,0.489984591679507,0.51588502269289,0.606060606060606,0.495356037151703,0.494736842105263,0.507598784194529,0.187596899224806,0.832844574780059,0.796147672552167,0.496194824961948,0.48,0.45635528330781,0.204018547140649,0.873282442748092,0.480680061823802,0.194053208137715,0.497702909647779,0.133942161339422,0.628304821150855,0.201219512195122,0.195195195195195,0.19047619047619,0.505247376311844,0.596946564885496,0.488822652757079,0.483306836248013,0.476043276661515,0.780780780780781,0.19175911251981,0.495327102803738,0.193798449612403,0.504761904761905,0.493808049535604,0.196696696696697,0.481308411214953,0.200594353640416,0.483076923076923,0.204615384615385,0.2,0.476263399693721,0.80625,0.197014925373134,0.486196319018405,0.196261682242991,0.280245022970904,0.20627802690583,0.705069124423963,0.196107784431138,0.252321981424149,0.2109375,0.485804416403785,0.195718654434251,0.192955589586524,0.218181818181818,0.491472868217054,0.482866043613707,0.490284005979073,0.456112852664577,0.87797147385103,0.490045941807044,0.178683385579937,0.470319634703196,0.211446740858506,0.198198198198198,0.485407066052227,0.479750778816199,0.470588235294118,0.416282642089094,0.483282674772036,0.204204204204204,0.201538461538462,0.469788519637462,0.4739336492891,0.566358024691358,0.617647058823529,0.49615975422427,0.466981132075472,0.202786377708978,0.497751124437781,0.495508982035928,0.206106870229008,0.510301109350238,0.48780487804878,0.803625377643505,0.965361445783133,0.478260869565217,0.511045655375552,0.487538940809969,0.490909090909091,0.62407132243685,0.206471494607088,0.484472049689441,0.183890577507599,0.493846153846154,0.457055214723926,0.493846153846154,0.328849028400598,0.494607087827427,0.201267828843106,0.48780487804878,0.484276729559748,0.477449455676516,0.502269288956127,0.202247191011236,0.484375,0.490166414523449,0.809302325581395,0.485540334855403,0.190993788819876,0.134441087613293,0.197568389057751,0.490106544901065,0.476407914764079,0.486943164362519,0.63001485884101,0.19375,0.616352201257862,0.471786833855799,0.206896551724138,0.202723146747353,0.158132530120482,0.514018691588785,0.488335925349922,0.440860215053763,0.486196319018405,0.494011976047904,0.192429022082019,0.19578313253012,0.697996918335901,0.561349693251534,0.2,0.192307692307692,0.2,0.507064364207221,0.196620583717358,0.475975975975976,0.521406727828746,0.200603318250377,0.477862595419847,0.489130434782609,0.49306625577812,0.190977443609023,0.198184568835098,0.548335974643423,0.489296636085627,0.205479452054795,0.201492537313433,0.49615975422427,0.501519756838906,0.191063174114022,0.79080824088748,0.488514548238897,0.493001555209953,0.819571865443425,0.492378048780488,0.211711711711712,0.514820592823713,0.205246913580247,0.969924812030075,0.811377245508982,0.31044776119403,0.483076923076923,0.191330343796712,0.190258751902588,0.803053435114504,0.815037593984962,0.477862595419847,0.1875,0.49047619047619,0.20211161387632,0.489891135303266,0.199692780337942,0.193146417445483,0.159509202453988,0.407914764079148,0.197204968944099,0.199059561128527,0.830508474576271,0.200612557427259,0.679549114331723,0.486153846153846,0.524962178517398,0.475975975975976,0.199683042789223,0.486780715396579,0.519201228878648,0.200612557427259,0.198738170347003,0.4875,0.579795021961933,0.482602118003026,0.62015503875969,0.16380655226209,0.467075038284839,0.581143740340031,0.825493171471927,0.490015360983103,0.488755622188906,0.486363636363636,0.189189189189189,0.565671641791045,0.490853658536585,0.0953846153846154,0.609567901234568,0.162613981762918,0.198776758409786,0.194233687405159,0.485451761102603,0.458860759493671,0.5,0.486196319018405,0.492354740061162,0.582222222222222,0.510606060606061,0.806106870229008,0.512518409425626,0.19236641221374,0.478658536585366,0.5,0.488993710691824,0.481371087928465,0.600605143721634,0.197309417040359,0.478787878787879,0.469040247678019,0.473015873015873,0.487577639751553,0.487878787878788,0.496932515337423,1,0.522480620155039,0.486821705426357,0.604545454545454,0.199088145896657,0.940092165898618,0.488479262672811,0.136150234741784,0.201587301587302,0.197268588770865,0.483383685800604,0.564885496183206,0.190548780487805,0.481927710843373,0.507716049382716,0.159264931087289,0.192660550458716,0.183076923076923,0.206624605678233,0.480974124809741,0.203149606299213,0.196696696696697,0.309119010819165,0.192660550458716,0.455505279034691,0.196107784431138,0.611544461778471,0.193846153846154,0.517450682852807,0.486902927580894,0.599693251533742,0.203149606299213,0.197247706422018,0.182527301092044,0.48030303030303,0.475460122699386,0.489731437598736,0.48030303030303,0.498417721518987,0.488335925349922,0.175,0.506870229007634,0.202435312024353,0.19016393442623,0.446130500758725,0.800623052959502,0.495426829268293,0.48780487804878,0.523664122137405,0.190404797601199,0.639570552147239,0.481698389458272,0.547581903276131,0.495398773006135,0.493630573248408,0.190993788819876,0.501582278481013,0.482982171799028,0.523148148148148,0.293739967897271,0.491304347826087,0.60093896713615,0.627358490566038,0.485496183206107,0.472783825816485,0.493827160493827,0.617511520737327,0.515151515151515,0.191904047976012,0.0918674698795181,0.194319880418535,0.519519519519519,0.193798449612403,0.604361370716511,0.489859594383775,0.495297805642633,0.202127659574468,0.194444444444444,0.771822358346095,0.195924764890282,0.205792682926829,0.192716236722307,0.486943164362519,0.486943164362519,0.188767550702028,0.480117820324006,0.524024024024024,0.478806907378336,0.73587786259542,0.498447204968944,0.806106870229008,0.498470948012232,0.193146417445483,0.202211690363349,0.604294478527607,0.812883435582822,0.480182926829268,0.487616099071207,0.697674418604651,0.578696343402226,0.18989280245023,0.190923317683881,0.493129770992366,0.184210526315789,0.785822021116139,0.196567862714509,0.488023952095808,0.618541033434651,0.494688922610015,0.490712074303406,0.190184049079755,0.796238244514107,0.192846034214619,0.492913385826772,0.487730061349693,0.195454545454545,0.201526717557252,0.187028657616893,0.515527950310559,0.188562596599691,0.491628614916286,0.572507552870091,0.484162895927602,0.488188976377953,0.801213960546282,0.856060606060606,0.192488262910798,0.577039274924471,0.193798449612403,0.4884437596302,0.471518987341772,0.196923076923077,0.184331797235023,0.857791225416036,0.483282674772036,0.198198198198198,0.301829268292683,0.196078431372549,0.514970059880239,0.971653543307087,0.518237082066869,0.206686930091185,0.190119760479042,0.18740157480315,0.203125,0.194362017804154,0.516819571865443,0.497674418604651,0.200305810397554,0.930599369085173,0.818040435458787,0.757763975155279,0.799682034976153,0.479198767334361,0.183229813664596,0.51617873651772,0.174114021571649,0.198170731707317,0.313813813813814,0.191222570532915,0.517665130568356,0.202786377708978,0.197819314641745,0.185185185185185,0.188650306748466
"684",0.00162866449511401,0,0.00158730158730159,0.00160771704180064,0,0.00158478605388273,0.294788273615635,0,0.0015625,0.923076923076923,0.00156739811912226,0.967084639498433,0.15780998389694,0.00160513643659711,0.679674796747967,0.694006309148265,0.949606299212598,0.308457711442786,0,0.00158227848101266,0.710900473933649,0.684380032206119,0.00154559505409583,0.865814696485623,0.00156739811912226,0.679748822605965,0.686495176848875,0.00164203612479475,0.0015625,0.188102893890675,0.690966719492868,0.250393700787402,0.0235478806907378,0.685714285714286,1,0.00168067226890756,0.461783439490446,0.0015748031496063,0.700310559006211,0.00154083204930663,0.341772151898734,0.315047021943574,0.308411214953271,0,0.00161812297734628,0.688206785137318,0.690553745928339,0.695787831513261,0.675039246467818,0.667194928684628,1,0.00162337662337662,0.6890625,0.00158982511923688,0.00157728706624606,0.48705501618123,0.446054750402576,0.00157232704402516,0,0.00160771704180064,0.667189952904239,0.690821256038647,0.682182985553772,0.325434439178515,0,0,0.9808,0.00160513643659711,0.957120980091884,0.675590551181102,0.0015600624024961,0.682965299684543,0.67487684729064,0.0275080906148867,0.4992,0.00153846153846154,0.696969696969697,0.664566929133858,0.00157232704402516,0.677100494233937,0.93517017828201,0.679611650485437,0.67515923566879,0.00157977883096367,0.656549520766773,0,0,0.00159235668789809,0.00157977883096367,0.307814992025518,0,0.00153374233128834,1,0.919431279620853,0.00161030595813205,0.97045101088647,0.998405103668262,0,0.445350734094617,0.328,0.00158730158730159,0.961538461538462,0.687600644122383,0.00164473684210526,0.693418940609952,0,0.321766561514196,0,0.679032258064516,0.682539682539683,0.680445151033386,0.00156985871271586,0.672496025437202,0.00160513643659711,0.527777777777778,0.00154320987654321,0.684627575277338,0.730283911671924,0.666158536585366,0.684466019417476,0.5344,0.00320512820512821,0.67398119122257,0.681372549019608,0.00157977883096367,0.691455696202532,0.00152905198776758,0.00156494522691706,0.696,0.47758887171561,0.00160771704180064,0.687096774193548,0.00160513643659711,0.972350230414747,0.00161030595813205,0.67879746835443,0.332273449920509,0.676145339652449,0.053484602917342,0.595,0.9232,0.9264,0.00159489633173844,0.00164744645799012,0.672955974842767,0,0.67741935483871,0,0.167449139280125,0.00155038759689922,0.684640522875817,0,0.00162337662337662,0,0,0.668261562998405,0.0015748031496063,0.68,0.764984227129338,0.00156494522691706,0.683042789223455,0,0.70440251572327,0.936995153473344,0.0016025641025641,0.691437802907916,0.00158478605388273,0.00157977883096367,0.0016025641025641,0.665605095541401,0.00157977883096367,0.676848874598071,0.00161812297734628,0.694620253164557,0.0016366612111293,0.677777777777778,0.938291139240506,0.0015748031496063,0.368333333333333,0.00161550888529887,0.0016,0.68026101141925,0.00156985871271586,0,0.00158227848101266,0.00157232704402516,0.674085850556439,0.691823899371069,0.00163398692810458,0.00313971742543171,0.680817610062893,0.685154975530179,0.0015748031496063,0.560821484992101,0.337367624810893,0.998373983739837,0.679245283018868,0.326465927099842,0.00158227848101266,0.675548589341693,0.0016025641025641,0.00314465408805031,0.00158227848101266,0.685624012638231,0.68075117370892,0.676898222940226,0.00155038759689922,0.00163132137030995,0.0015552099533437,1,0,0.692926045016077,0.014308426073132,0.669918699186992,0.694888178913738,0.261562998405104,0.00159489633173844,0.00157977883096367,0.00158227848101266,0,0.00161550888529887,0.971473851030111,0.677884615384615,0.675507020280811,0.00156985871271586,0.32120253164557,0.0015625,0,0.00161030595813205,0.0031201248049922,0.00158227848101266,0.00155763239875389,1,0.713405238828968,0.00158730158730159,0.685990338164251,0.00161550888529887,0.7,0.00154798761609907,0.00160771704180064,0.00161290322580645,0.00161030595813205,0.00162337662337662,0.675806451612903,0.00157232704402516,0.470873786407767,0.669341894060995,0.668217054263566,0.688888888888889,0.675324675324675,0.671949286846276,0.605220228384992,0.668769716088328,0.685126582278481,0.689381933438986,0.00158227848101266,0.675718849840256,0.00165016501650165,0.310664605873261,0.682182985553772,0.711811023622047,0.661881977671451,0.00162337662337662,0.00157232704402516,0,0.768982229402262,0.688087774294671,0.00156494522691706,0.684039087947883,0.673913043478261,0.682464454976303,0.680379746835443,0.311004784688995,0,0.674603174603175,0.684552845528455,0.00161550888529887,0.694444444444444,0.0015552099533437,0.697674418604651,0.686708860759494,0.00158982511923688,0,0.00157232704402516,0.470873786407767,0,0.312599681020734,0.937791601866252,0.676703645007924,0,0.00158982511923688,0.922955974842767,0.68088467614534,0.67524115755627,0,0.00161290322580645,0.690590111642743,0.987381703470032,1,0.00160771704180064,0.00164744645799012,0.665094339622642,0.00156985871271586,0,0.692185007974482,0.00159744408945687,0,0.68362480127186,0.00159489633173844,0,0.0015625,0,0.674528301886792,0.693846153846154,0.67479674796748,0.00161030595813205,0.0016,0.321372854914197,0.68,0.00162074554294976,0.679506933744222,0.702746365105008,0.00156739811912226,0,0.00313479623824451,0.00157977883096367,0.00157232704402516,0.68362480127186,0,0.00161550888529887,0.917763157894737,0.66824644549763,0.532695374800638,0.686591276252019,0.32755905511811,0.676656151419558,0,0.693053311793215,0.6656,0.770932069510269,0.684375,0,0.673846153846154,0.0016260162601626,0.00157977883096367,0.00157728706624606,0.691813804173355,0.672307692307692,0.0031496062992126,0.0550161812297735,0.953074433656958,0.00161290322580645,0.693910256410256,0.672727272727273,0.690208667736758,0.0016366612111293,0.675465838509317,0.538461538461538,0.673015873015873,0.693163751987281,0.690048939641109,0.698890649762282,0.00156739811912226,0.684466019417476,0.00166112956810631,0.00157232704402516,0.998415213946117,0.0016025641025641,0.682034976152623,0.00157728706624606,0.0015600624024961,0,0.6704,0.00155763239875389,0.685064935064935,0.00155038759689922,0.139280125195618,0.00157977883096367,0.0016025641025641,0.00158478605388273,0.691222570532915,0.00161550888529887,0.00161550888529887,0.687697160883281,0.68312101910828,0.00158982511923688,0,0.684210526315789,0.838607594936709,0.00161550888529887,0.00315955766192733,0.0015527950310559,0.998410174880763,0.682182985553772,0,0.695859872611465,0.786624203821656,0,0.328638497652582,0.558139534883721,0.0016260162601626,0,0.328808446455505,0.292993630573248,0.65086887835703,0,0.681318681318681,0.00160513643659711,0,0.66025641025641,0,0.0032,0.998392282958199,0.675590551181102,0.0016025641025641,0.0016,0.683788121990369,0.0015552099533437,0.00162074554294976,0.6957928802589,0.675590551181102,0,0.00156739811912226,0.00163934426229508,0.460443037974684,0.693498452012384,0.658105939004815,0.6796875,0.67246835443038,0.310289389067524,0.68125,0.675078864353312,0.68798751950078,0.779552715654952,0.67536704730832,0.00157232704402516,0.676923076923077,0.00320512820512821,0.686520376175549,0.937402190923318,0.965189873417722,0,0.00158478605388273,0.971428571428571,0.0016366612111293,0.31911532385466,0.972886762360447,0.996779388083736,0.00156494522691706,0.320695102685624,0,0.00157232704402516,0.485342019543974,0.00156494522691706,1,0.940322580645161,0.00158478605388273,0,0.00158982511923688,0.684380032206119,0.358547655068079,0.31953642384106,0.00632911392405063,0,0.0125391849529781,0.692913385826772,0.690208667736758,0.00161290322580645,0.69983948635634,0.00157232704402516,0.618670886075949,0.917341977309562,0.690363349131122,0.679506933744222,0.672354948805461,0.00154798761609907,0.942006269592476,0.00157232704402516,0,0.00158478605388273,0.76875,0.673667205169628,0.00160771704180064,0.673170731707317,0.00162866449511401,0.00162074554294976,0.696875,0,0.673780487804878,0.00158982511923688,0.687702265372168,0.677777777777778,0,0.3184,0.682098765432099,0.00159235668789809,0.692675159235669,0.217806041335453,0.681818181818182,0.868462757527734,0.677272727272727,0.202898550724638,0.689210950080515,0.00163132137030995,0.677367576243981,0.6640625,0.702362204724409,0.00158730158730159,0.00161030595813205,0,0.021523178807947,0.682410423452769,0.00158478605388273,0.670418006430868,0.00159489633173844,0.681518151815181,0.675465838509317,0.00158478605388273,0,0,0.0591054313099042,0,0.688188976377953,0.682965299684543,0.00156739811912226,0.00161812297734628,0.966237942122186,0.943639291465378,0.0016,0.00161812297734628,0.68780487804878,0.00157977883096367,0.0015527950310559,0.688087774294671,0.00160771704180064,0.0016,0.321259842519685,0.468118195956454,0.00160513643659711,0.998491704374057,0.00161812297734628,0.00157728706624606,0.923556942277691,0.682108626198083,0.00162337662337662,0.679365079365079,0.00316957210776545,0.0191387559808612,0.00318979266347687,0.154458598726115,0.00158227848101266,0.679674796747967,0.0015552099533437,0.00160513643659711,0,0.998435054773083,0.686985172981878,0.00161812297734628,0.00156985871271586,0.335987261146497,0.0015552099533437,0.678740157480315,0.625396825396825,0.674085850556439,0.00159235668789809,0.00156739811912226,0.00158730158730159,0.933753943217666,0.673139158576052,0.930979133226324,0.00162866449511401,0.694704049844237,0.690625,0.641509433962264,0.998412698412698,0.00156494522691706,0.0271132376395534,0.00158478605388273,0.00158478605388273,0.677165354330709,0.696400625978091,0.866129032258064,0.97258064516129,0.6832,0.689381933438986,0.669278996865204,1,0.68362480127186,0.0015552099533437,0.998422712933754,0.680817610062893,0.00157977883096367,0.00159744408945687,0.0016,0.681747269890796,0.684867394695788,0.97557003257329,0.00158227848101266,0.683544303797468,0.696400625978091,0,0,0.677165354330709,0.305,0,0.0016025641025641,0.305379746835443,0.00157977883096367,0.692429022082019,0,0.687301587301587,0.4890625,0.326465927099842,0.616459627329193,0.00157232704402516,0.705607476635514,0.69047619047619,0.320754716981132,0.335423197492163,0.00160513643659711,0.675675675675676,0.00163132137030995,0.672333848531685,0.00158730158730159,0.67948717948718,0.6944,0.640699523052464,0.497637795275591,0.682847896440129,0.69047619047619,0.3344,0.680379746835443,0.878887070376432,0.00161812297734628,0.998412698412698,0.00158730158730159,0.704472843450479,0.00158982511923688,0.998405103668262,0.674641148325359,0.69047619047619,0,0.958588957055215,0.00158478605388273,0.935587761674718,0.660287081339713,0,0.951104100946372,0.332797427652733,0.00159235668789809,0.00157728706624606,0.00159235668789809,0.685950413223141,0.975346687211094,0.0015552099533437,0.559294871794872,0.927750410509031,0.645865834633385,0.677165354330709,0.671406003159558,0.00157232704402516,0.0016366612111293,0.00159235668789809,0.0015600624024961,0.00155763239875389,0.949230769230769,0.00459418070444104,0.313195548489666,1,0.674679487179487,0.00156739811912226,0,0.00164203612479475,0.00155038759689922,0.939586645468998,0.681747269890796,0,0.0016260162601626,0.00163934426229508,0.00159489633173844,0.00158730158730159,0.00163934426229508,0.522480620155039,1,0.00158227848101266,0.938967136150235,0.676656151419558,0.575949367088608,0.00161550888529887,0.59640522875817,0.693843594009983,0.682316118935837,0.00157977883096367,0.971653543307087,0.678683385579937,0.00158227848101266,0,0.626016260162602,0.691338582677165,0.691082802547771,0.686371100164204,0.0031496062992126,0.67192429022082,0.67906976744186,0.606060606060606,0.68362480127186,0.0203761755485893,0.686335403726708,0.938110749185668,0.676100628930818,0.998422712933754,0,0.932907348242812,0.6928,0.684126984126984,0.684627575277338,0.00157977883096367,0.00156739811912226,0.00161550888529887,0.00158478605388273,0.00164744645799012,0.00162074554294976,0.660714285714286,0.0015748031496063,0.683788121990369,0.686868686868687,0.412322274881517,0.321144674085851,0,0.00156985871271586,0.998410174880763,0.678071539657854,0.899841017488076,0.00152671755725191,0.977777777777778,0.00159489633173844,0,0.691680261011419,0,0.00165837479270315,0.40194489465154,0.610114192495922,0.00298953662182362,0.939542483660131,0.924558587479936,0.0015625,0.00160771704180064,0.00159744408945687,0.933014354066986,0.998415213946117,0.680314960629921,0.57395498392283,0.686427457098284,1,0.670988654781199,0.934747145187602,0.00158730158730159,0.00160513643659711,0.675039246467818,0.686614173228347,0.777070063694268,0.66884176182708,0.684044233807267,0.67981072555205,0.00162337662337662,0.0015748031496063,0.669354838709677,0.00151745068285281,0.9984375,0,0.796147672552167,0.00161290322580645,0.327102803738318,0,0.6864,0.699507389162562,0.943573667711599,0.324031007751938,0.00158478605388273,0.00158982511923688,0.207792207792208,0.110197368421053,0.680511182108626,0.686591276252019,0.00159235668789809,0.676751592356688,0.767515923566879,0.678513731825525,0.00155038759689922,0.924882629107981,0,0,0.688995215311005,0.315024232633279,0.691813804173355,0.00163934426229508,0,0.686708860759494,0.693877551020408,0.677067082683307,0.1424,0.686178861788618,0.00161290322580645,0.954113924050633,0.00158982511923688,0,0.303656597774245,0.354992076069731,0.67779632721202,0.954113924050633,0.677316293929712,0.00159489633173844,0,0.695299837925446,0.674718196457327,0.380726698262243,0,0.689547581903276,0.647335423197492,0.6912,0.0110062893081761,0.531502423263328,0.998435054773083,0.698083067092652,0.678125,0.670491803278689,0.684039087947883,0.681181959564541,0.0252764612954186,0.00157977883096367,0.686804451510334,0.463815789473684,0.319870759289176,0.786624203821656,0.315702479338843,0.00158982511923688,0.676236044657097,0.996768982229402,0.678855325914149,0.680445151033386,0.651017214397496,0.673633440514469,1,0.663507109004739,0.67948717948718,0.678571428571429,0.687898089171974
"685",1,1,1,1,1,1,0.71107544141252,1,1,0.0976,1,0.0403726708074534,0.815580286168522,1,0.317384370015949,0.308056872037915,0.059748427672956,0.678571428571429,1,1,0.29047619047619,0.317610062893082,1,0.1578125,1,0.3198127925117,0.309294871794872,1,1,0.774193548387097,0.302795031055901,0.73208722741433,0.965678627145086,0.319620253164557,0,1,0.53448275862069,1,0.294298921417565,1,0.657051282051282,0.676100628930818,0.686544342507645,1,1,0.318555008210181,0.31687898089172,0.309090909090909,0.317262830482115,0.31911532385466,0,1,0.310975609756098,1,1,0.502377179080824,0.557993730407524,1,1,1,0.333333333333333,0.320373250388802,0.313195548489666,0.678740157480315,1,1,0.0300632911392405,1,0.0531914893617021,0.31924882629108,1,0.312401883830455,0.329011345218801,0.964458804523425,0.511627906976744,1,0.310832025117739,0.335413416536661,1,0.311897106109325,0.0857605177993527,0.325949367088608,0.330745341614907,1,0.340625,1,1,1,1,0.688783570300158,1,1,0.00156494522691706,0.102484472049689,1,0.0399385560675883,0,1,0.563311688311688,0.677672955974843,1,0.0447284345047923,0.314194577352472,1,0.312796208530806,1,0.686614173228347,1,0.319685039370079,0.317757009345794,0.321428571428571,1,0.325471698113208,1,0.483024691358025,1,0.316957210776545,0.283489096573209,0.317484662576687,0.310236220472441,0.47723704866562,0.9984375,0.322480620155039,0.310289389067524,1,0.310664605873261,1,1,0.323390894819466,0.552307692307692,1,0.319554848966614,1,0.0379939209726444,1,0.31875,0.672386895475819,0.3296875,0.939490445859873,0.428341384863124,0.0998415213946117,0.0919175911251981,1,1,0.334890965732087,1,0.318112633181126,1,0.808868501529052,1,0.317817014446228,1,1,1,1,0.332268370607029,1,0.323763955342903,0.253499222395023,1,0.313971742543171,1,0.302694136291601,0.0806962025316456,1,0.313821138211382,1,1,1,0.336448598130841,1,0.321766561514196,1,0.308056872037915,1,0.321543408360129,0.0727848101265823,1,0.642857142857143,1,1,0.309262166405024,1,1,1,1,0.326366559485531,0.310664605873261,1,0.998420221169036,0.322033898305085,0.3088,1,0.450549450549451,0.665158371040724,0,0.310664605873261,0.675675675675676,1,0.31937984496124,1,0.998454404945904,1,0.316118935837246,0.323664122137405,0.331730769230769,1,1,1,0,1,0.312399355877617,0.973186119873817,0.324921135646688,0.3078125,0.748043818466354,1,1,1,1,1,0.0414673046251994,0.310897435897436,0.323943661971831,1,0.681318681318681,1,1,0.998427672955975,0.998442367601246,1,1,0.0046656298600311,0.317484662576687,1,0.309033280507132,1,0.299531981279251,1,1,1,1,1,0.32182103610675,1,0.519230769230769,0.322274881516588,0.326086956521739,0.3136,0.32018927444795,0.329073482428115,0.4170692431562,0.330173775671406,0.317610062893082,0.313755795981453,1,0.323343848580442,1,0.688271604938272,0.31924882629108,0.311145510835913,0.328548644338118,1,1,1,0.252764612954186,0.30952380952381,1,0.318979266347687,0.322480620155039,0.304625199362041,0.31104199066874,0.6890625,1,0.319938176197836,0.317610062893082,1,0.30064308681672,1,0.310769230769231,0.317683881064163,1,1,1,0.536891679748823,1,0.685534591194969,0.0801232665639445,0.318110236220472,1,1,0.09375,0.317683881064163,0.336538461538462,1,1,0.299843014128728,0.0249221183800623,0.00315457413249211,1,1,0.338957055214724,0.998422712933754,1,0.308892355694228,1,1,0.311627906976744,1,1,1,1,0.3232,0.312781954887218,0.321656050955414,1,1,0.672413793103448,0.311320754716981,1,0.318529862174579,0.296529968454259,1,1,0.998439937597504,1,1,0.324367088607595,1,1,0.102605863192182,0.328638497652582,0.491228070175439,0.312101910828025,0.667192429022082,0.316358024691358,1,0.310015898251192,0.329617834394904,0.256609642301711,0.31937984496124,1,0.330745341614907,1,1,1,0.305732484076433,0.324031007751938,0.998452012383901,0.927868852459016,0.0593900481540931,1,0.31924882629108,0.32018927444795,0.306581059390048,1,0.329230769230769,0.472307692307692,0.315301391035549,0.309636650868878,0.321144674085851,0.293375394321767,1,0.322169059011164,1,1,0,1,0.318541996830428,1,1,1,0.323343848580442,1,0.314516129032258,1,0.840625,1,1,1,0.320634920634921,1,1,0.302839116719243,0.320126782884311,1,1,0.309262166405024,0.191950464396285,1,0.998459167950693,1,0,0.309178743961353,1,0.303405572755418,0.241001564945227,1,0.681962025316456,0.436923076923077,1,1,0.678787878787879,0.701726844583987,0.353870458135861,1,0.325984251968504,1,1,0.333863275039746,1,0.998425196850394,0.0095389507154213,0.32018927444795,1,1,0.319488817891374,1,1,0.302884615384615,0.337442218798151,1,1,1,0.534072900158479,0.3078125,0.341269841269841,0.321156773211568,0.324492979719189,0.68,0.326018808777429,0.325949367088608,0.3140625,0.239811912225705,0.320063694267516,1,0.318952234206472,0.998422712933754,0.315047021943574,0.0809160305343511,0.04375,1,1,0.0361067503924647,1,0.6875,0.0396196513470681,0.0144927536231884,1,0.685358255451713,1,1,0.539906103286385,1,0,0.072,1,1,1,0.323809523809524,0.652694610778443,0.698051948051948,0.995260663507109,1,0.984301412872841,0.308777429467085,0.331210191082803,1,0.287758346581876,1,0.377742946708464,0.101426307448494,0.310769230769231,0.314112291350531,0.339100346020761,1,0.0763239875389408,1,1,1,0.2515625,0.329581993569132,1,0.314375987361769,1,1,0.304482225656878,1,0.321100917431193,1,0.31378763866878,0.326433121019108,1,0.680445151033386,0.312594840667678,1,0.312101910828025,0.75625,0.312788906009245,0.161189358372457,0.318461538461538,0.779527559055118,0.303715670436187,1,0.325914149443561,0.342146189735614,0.298136645962733,1,1,1,0.973770491803279,0.336601307189543,1,0.328478964401294,1,0.315875613747954,0.32398753894081,1,1,1,0.92246835443038,1,0.318885448916409,0.325,1,1,0.0491283676703645,0.078740157480315,1,1,0.308306709265176,1,1,0.314553990610329,1,1,0.68125,0.536209553158706,1,0,1,1,0.0958268933539413,0.32120253164557,1,0.319620253164557,0.998425196850394,0.970266040688576,0.998415213946117,0.820710973724884,1,0.324104234527687,1,1,1,0,0.311688311688312,1,1,0.67304625199362,1,0.317262830482115,0.363349131121643,0.323170731707317,1,1,1,0.0920060331825038,0.319620253164557,0.0868167202572347,0.998410174880763,0.311349693251534,0.305164319248826,0.359133126934985,0,1,0.960254372019078,1,1,0.322169059011164,0.296124031007752,0.157051282051282,0.0349761526232114,0.314465408805031,0.308544303797468,0.3359375,0.00159489633173844,0.316692667706708,1,0,0.312893081761006,1,1,1,0.321538461538462,0.324031007751938,0.0304975922953451,1,0.313291139240506,0.308049535603715,1,1,0.321766561514196,0.692561983471074,1,1,0.692675159235669,1,0.314329738058552,1,0.313546423135464,0.5296875,0.669278996865204,0.396341463414634,1,0.3,0.310344827586207,0.683153013910355,0.670245398773006,1,0.324031007751938,1,0.320182094081942,1,0.31974921630094,0.304625199362041,0.353870458135861,0.53198127925117,0.316639741518578,0.309409888357257,0.660377358490566,0.316614420062696,0.153721682847896,1,0,1,0.290220820189274,1,0,0.319554848966614,0.310015898251192,1,0.0533536585365854,1,0.0870253164556962,0.3376,1,0.0577223088923557,0.666141732283465,1,1,1,0.309090909090909,0.0324074074074074,1,0.424483306836248,0.0969305331179321,0.356357927786499,0.320695102685624,0.324451410658307,1,1,1,1,1,0.0599078341013825,0.998459167950693,0.682737169517885,0.00447093889716841,0.316455696202532,1,1,1,1,0.0839936608557845,0.317411402157165,1,1,1,1,1,1,0.486821705426357,0.00158227848101266,1,0.0794392523364486,0.314465408805031,0.435857805255023,1,0.392628205128205,0.306930693069307,0.316037735849057,1,0.0342679127725857,0.314900153609831,1,1,0.376413570274637,0.311728395061728,0.304075235109718,0.318910256410256,0.998442367601246,0.327503974562798,0.317757009345794,0.415094339622642,0.315789473684211,0.976635514018692,0.310502283105023,0.0793650793650794,0.322734499205087,0,1,0.0862619808306709,0.307814992025518,0.32755905511811,0.325471698113208,1,1,1,1,1,1,0.334935897435897,1,0.323390894819466,0.318864774624374,0.614197530864197,0.68,1,1,0,0.316998468606432,0.115444617784711,0.998493975903614,0.0331230283911672,1,1,0.307936507936508,1,1,0.6120826709062,0.408794788273616,0.998491704374057,0.0793157076205288,0.0980707395498392,1,1,1,0.0853080568720379,0,0.318818040435459,0.431061806656101,0.309486780715397,0,0.335433070866142,0.0865384615384615,1,1,0.321981424148607,0.315870570107858,0.233542319749216,0.339089481946625,0.309375,0.325434439178515,1,1,0.333865814696486,1,0,1,0.224648985959438,1,0.670846394984326,1,0.309033280507132,0.300319488817891,0.0689655172413793,0.673813169984686,1,1,0.786283891547049,0.894736842105263,0.325281803542673,0.3216,1,0.318110236220472,0.252764612954186,0.326366559485531,1,0.101246105919003,1,1,0.313572542901716,0.685393258426966,0.303030303030303,1,1,0.31201248049922,0.31104199066874,0.323170731707317,0.855095541401274,0.307941653160454,1,0.0496124031007752,1,1,0.700468018720749,0.646129541864139,0.324104234527687,0.0516431924882629,0.31911532385466,1,1,0.304761904761905,0.323854660347551,0.613458528951487,1,0.304482225656878,0.368258859784284,0.307931570762053,0.986089644513138,0.463722397476341,0.00469483568075117,0.305993690851735,0.319571865443425,0.327390599675851,0.31139646869984,0.321044546850998,0.970588235294118,1,0.311912225705329,0.549019607843137,0.681020733652313,0.230889235569423,0.686468646864686,1,0.32348367029549,0.00161812297734628,0.328593996840442,0.310344827586207,0.359375,0.3232,0,0.3376,0.317666126418152,0.316535433070866,0.313880126182965
"686",0.0810810810810811,0.0832049306625578,0.0806201550387597,0.0753532182103611,0.0824427480916031,0.0838509316770186,0.374193548387097,0.0839813374805599,0.0871559633027523,0.990461049284579,0.0766871165644172,0.964560862865948,0.10641627543036,0.0864197530864197,0.603125,0.603975535168196,0.987841945288754,0.400635930047695,0.0822784810126582,0.0837138508371385,0.615503875968992,0.6046875,0.0851063829787234,0.926829268292683,0.0935143288084465,0.584474885844749,0.594976452119309,0.0833333333333333,0.0906344410876133,0.137658227848101,0.616692426584235,0.18558282208589,0.0591805766312595,0.613846153846154,0.927469135802469,0.0947712418300654,0.554868624420402,0.0909090909090909,0.62125748502994,0.0876923076923077,0.414746543778802,0.395770392749245,0.395802098950525,0.0807453416149068,0.0854037267080745,0.592125984251968,0.604615384615385,0.606334841628959,0.596992481203008,0.585476550680787,0.913636363636364,0.081377151799687,0.604545454545454,0.0828220858895705,0.0849772382397572,0.423137876386688,0.525660964230171,0.07981220657277,0.0906298003072197,0.0858034321372855,0.584474885844749,0.59472049689441,0.592307692307692,0.404024767801858,0.0916398713826367,0.0898021308980213,0.969088098918083,0.0878787878787879,0.988183161004431,0.600609756097561,0.0814132104454685,0.608024691358025,0.582159624413146,0.119047619047619,0.579908675799087,0.0885885885885886,0.613636363636364,0.580209895052474,0.0832072617246596,0.596850393700787,0.990461049284579,0.590062111801242,0.60625,0.0920245398773006,0.583460949464012,0.0832072617246596,0.0821705426356589,0.0819165378670788,0.0814132104454685,0.393893129770992,0.0783699059561129,0.075187969924812,0.920731707317073,0.990825688073395,0.0751173708920188,0.965361445783133,0.921898928024502,0.081039755351682,0.522834645669291,0.400625978090767,0.0870917573872473,0.979813664596273,0.608895705521472,0.0886075949367089,0.598746081504702,0.080188679245283,0.400611620795107,0.0888208269525268,0.5921875,0.596946564885496,0.594180704441041,0.0953846153846154,0.593607305936073,0.0914728682170543,0.594268476621418,0.0875370919881306,0.607692307692308,0.792682926829268,0.594311377245509,0.602782071097372,0.604006163328197,0.0880989180834621,0.598793363499246,0.595541401273885,0.0765696784073507,0.608895705521472,0.0778267254038179,0.0887218045112782,0.768273716951788,0.547511312217195,0.0772946859903382,0.602825745682888,0.0807453416149068,0.965875370919881,0.082670906200318,0.603343465045593,0.423135464231355,0.584097859327217,0.0184899845916795,0.6464,0.992248062015504,0.990839694656489,0.086286594761171,0.0828125,0.58887171561051,0.081039755351682,0.598811292719168,0.0900621118012422,0.113464447806354,0.0883233532934132,0.597200622083981,0.0765696784073507,0.0893416927899686,0.0846394984326019,0.0710900473933649,0.582554517133956,0.093558282208589,0.59717868338558,0.833590138674884,0.0869565217391304,0.610852713178295,0.0871559633027523,0.614088820826952,0.995348837209302,0.0774091627172196,0.604006163328197,0.0904907975460123,0.0847457627118644,0.088785046728972,0.587423312883436,0.0882352941176471,0.590490797546012,0.083596214511041,0.593846153846154,0.0841269841269841,0.595679012345679,0.998484848484849,0.0801232665639445,0.448330683624801,0.084375,0.0910493827160494,0.598425196850394,0.0777439024390244,0.0848765432098765,0.0844854070660522,0.0815384615384615,0.603715170278638,0.604261796042618,0.090625,0.0851393188854489,0.593323216995448,0.608214849921011,0.0852359208523592,0.642526964560863,0.414307004470939,0.911490683229814,0.605182926829268,0.415267175572519,0.0782208588957055,0.591867469879518,0.0860719874804382,0.0873493975903614,0.0781010719754977,0.604327666151468,0.601208459214502,0.594043887147335,0.0850746268656716,0.0842607313195548,0.0777439024390244,0.925515055467512,0.0851393188854489,0.610248447204969,0.0527950310559006,0.597842835130971,0.598774885145482,0.355828220858896,0.0824261275272162,0.0921658986175115,0.0779816513761468,0.0825688073394495,0.0783410138248848,0.963076923076923,0.596006144393241,0.594268476621418,0.0876132930513595,0.409984871406959,0.0899550224887556,0.0892857142857143,0.0840978593272171,0.0866261398176292,0.0839813374805599,0.0846953937592868,0.917557251908397,0.779456193353474,0.0876923076923077,0.607198748043818,0.0820433436532508,0.60790273556231,0.0775075987841945,0.0833333333333333,0.0816640986132511,0.0795631825273011,0.0914826498422713,0.580495356037152,0.0890937019969278,0.39906103286385,0.589230769230769,0.589205397301349,0.5984375,0.59190031152648,0.584758942457232,0.660287081339713,0.577639751552795,0.594180704441041,0.593893129770992,0.0867579908675799,0.590417310664606,0.0792393026941363,0.392749244712991,0.596006144393241,0.78907435508346,0.583987441130298,0.0852713178294574,0.0758513931888545,0.0829493087557604,0.825273010920437,0.615863141524106,0.0751533742331288,0.592592592592593,0.590977443609023,0.6049766718507,0.600303951367781,0.402476780185758,0.0795631825273011,0.600924499229584,0.595348837209302,0.0848765432098765,0.623622047244095,0.093558282208589,0.6,0.608024691358025,0.0807453416149068,0.0854430379746835,0.0832072617246596,0.551937984496124,0.0862068965517241,0.389230769230769,0.997005988023952,0.599071207430341,0.0892307692307692,0.081377151799687,0.992492492492492,0.588325652841782,0.596573208722741,0.0791139240506329,0.0860719874804382,0.60490045941807,0.947692307692308,0.914463452566096,0.0890625,0.0893416927899686,0.585476550680787,0.0837209302325581,0.091044776119403,0.616892911010558,0.0837209302325581,0.086232980332829,0.603369065849923,0.083596214511041,0.0865533230293663,0.0838414634146342,0.0825688073394495,0.590342679127726,0.611607142857143,0.607936507936508,0.0842433697347894,0.088785046728972,0.404255319148936,0.600306278713629,0.081377151799687,0.600605143721634,0.612213740458015,0.088145896656535,0.0809160305343511,0.0820668693009119,0.0804953560371517,0.0840978593272171,0.59236641221374,0.0919003115264797,0.0917573872472784,0.979462875197472,0.590490797546012,0.589703588143526,0.614533965244866,0.407692307692308,0.59726443768997,0.0813253012048193,0.60347551342812,0.5859375,0.829787234042553,0.598187311178248,0.0817610062893082,0.601190476190476,0.0917573872472784,0.0800627943485086,0.0873493975903614,0.6,0.608761329305136,0.0837138508371385,0.00473186119873817,0.982649842271293,0.0881889763779528,0.591962905718702,0.600624024960998,0.61198738170347,0.0748407643312102,0.59236641221374,0.624806201550388,0.593220338983051,0.606481481481482,0.603744149765991,0.611801242236025,0.0762195121951219,0.589783281733746,0.0789889415481833,0.0765696784073507,0.9258114374034,0.0858034321372855,0.595092024539877,0.0876923076923077,0.0843373493975904,0.0814696485623003,0.596244131455399,0.0781954887218045,0.597200622083981,0.0890207715133531,0.0896656534954407,0.0931297709923664,0.0859375,0.0884146341463415,0.606431852986217,0.0706436420722135,0.0870917573872473,0.60741885625966,0.600917431192661,0.0820433436532508,0.0861538461538462,0.607692307692308,0.890577507598784,0.0855784469096672,0.0783410138248848,0.0811638591117917,0.913846153846154,0.60625,0.0822784810126582,0.599393019726859,0.830985915492958,0.0815047021943574,0.401826484018265,0.484018264840183,0.0864779874213836,0.086286594761171,0.411160058737151,0.377880184331797,0.575427682737169,0.08,0.598755832037325,0.088785046728972,0.0805687203791469,0.585516178736518,0.0833333333333333,0.0910493827160494,0.925981873111782,0.585139318885449,0.0882352941176471,0.0873634945397816,0.599071207430341,0.0790273556231003,0.0887480190174326,0.600931677018634,0.756508422664625,0.0850393700787402,0.0832072617246596,0.0835913312693498,0.389908256880734,0.61236802413273,0.616224648985959,0.598811292719168,0.596923076923077,0.386398763523957,0.583206106870229,0.591962905718702,0.603658536585366,0.846153846153846,0.59717868338558,0.0845921450151057,0.59375,0.0872274143302181,0.603975535168196,1,0.977341389728097,0.0853658536585366,0.0902140672782875,0.963076923076923,0.0766773162939297,0.38955223880597,0.967791411042945,0.930340557275542,0.0854961832061069,0.401526717557252,0.0804953560371517,0.0870229007633588,0.552922590837283,0.0830769230769231,0.91601866251944,1,0.0828125,0.0863636363636364,0.093167701863354,0.594383775351014,0.432592592592593,0.3776,0.0961832061068702,0.0777604976671851,0.0537634408602151,0.607305936073059,0.74347158218126,0.0888208269525268,0.617784711388456,0.0801815431164902,0.542372881355932,0.989010989010989,0.614197530864197,0.603576751117735,0.590243902439024,0.0827067669172932,1,0.091044776119403,0.0758064516129032,0.0820433436532508,0.832826747720365,0.592476489028213,0.0956112852664577,0.601246105919003,0.0853080568720379,0.0860719874804382,0.601823708206687,0.0858034321372855,0.603915662650602,0.0822981366459627,0.604938271604938,0.592024539877301,0.0833333333333333,0.4015625,0.607843137254902,0.0817901234567901,0.609831029185868,0.17629179331307,0.593939393939394,0.928787878787879,0.597907324364723,0.146189735614308,0.608214849921011,0.0998415213946117,0.589393939393939,0.578461538461538,0.627659574468085,0.0864197530864197,0.0834645669291339,0.0812407680945347,0.0523809523809524,0.748807631160572,0.0834597875569044,0.587677725118483,0.0870917573872473,0.600638977635783,0.603293413173653,0.087962962962963,0.0842433697347894,0.0775075987841945,0.00309119010819165,0.0818181818181818,0.605105105105105,0.607575757575758,0.0791476407914764,0.0793650793650794,0.9826224328594,1,0.0870917573872473,0.083596214511041,0.595015576323987,0.0929878048780488,0.0810810810810811,0.614439324116744,0.0936507936507937,0.0888208269525268,0.400616332819723,0.549770290964778,0.0809968847352025,0.923641703377386,0.0903426791277259,0.0921450151057402,0.991017964071856,0.604327666151468,0.0815047021943574,0.593508500772797,0.0824261275272162,0.047244094488189,0.0892307692307692,0.0974124809741248,0.0861538461538462,0.6,0.0779816513761468,0.0772870662460568,0.0793157076205288,0.918335901386749,0.606109324758842,0.0753532182103611,0.0892586989409985,0.408882082695253,0.0858433734939759,0.602465331278891,0.564142194744977,0.591614906832298,0.080370942812983,0.0833333333333333,0.0930232558139535,0.993920972644377,0.59594383775351,1,0.0793157076205288,0.608169440242057,0.61633281972265,0.568147013782542,0.917057902973396,0.0841121495327103,0.0323574730354391,0.0850077279752705,0.0843373493975904,0.589984350547731,0.605105105105105,0.921174652241113,0.965732087227414,0.607142857142857,0.592933947772657,0.578386605783866,0.920382165605096,0.601226993865031,0.0829562594268477,0.913846153846154,0.599085365853659,0.0870229007633588,0.087962962962963,0.0830721003134796,0.6,0.606287425149701,0.966824644549763,0.078907435508346,0.610852713178295,0.610606060606061,0.0893682588597843,0.0907715582450832,0.595975232198142,0.381558028616852,0.0768025078369906,0.0865533230293663,0.385321100917431,0.0842266462480858,0.62012012012012,0.0893416927899686,0.606758832565284,0.564024390243902,0.413793103448276,0.684684684684685,0.0829493087557604,0.62012012012012,0.605182926829268,0.399696048632219,0.420333839150228,0.0743034055727554,0.585735963581184,0.0856697819314642,0.599700149925038,0.0765696784073507,0.593508500772797,0.611801242236025,0.566153846153846,0.566615620214395,0.593996840442338,0.59717868338558,0.41640866873065,0.596969696969697,0.94524959742351,0.0733229329173167,0.920060331825038,0.0857580398162328,0.622257053291536,0.0882352941176471,0.926717557251908,0.598159509202454,0.607142857142857,0.0850393700787402,0.980797636632201,0.0829562594268477,0.993740219092332,0.5703125,0.0733229329173167,0.983206106870229,0.407751937984496,0.0781010719754977,0.0860215053763441,0.0803030303030303,0.608,0.95952023988006,0.0781954887218045,0.49390243902439,0.992272024729521,0.558245083207262,0.602446483180428,0.597579425113464,0.0844854070660522,0.0661417322834646,0.093167701863354,0.0793893129770992,0.0779816513761468,0.983679525222552,0.0930930930930931,0.395993836671803,0.91776798825257,0.601538461538462,0.0838414634146342,0.0875576036866359,0.0782747603833866,0.0792227204783259,0.995440729483283,0.590977443609023,0.0723981900452489,0.0815047021943574,0.078525641025641,0.0812883435582822,0.0895061728395062,0.0902021772939347,0.604545454545454,0.938967136150235,0.0794392523364486,1,0.600924499229584,0.661514683153014,0.0846153846153846,0.517996870109546,0.61259842519685,0.602150537634409,0.0870917573872473,0.966666666666667,0.604006163328197,0.0772727272727273,0.0924764890282132,0.554140127388535,0.604294478527607,0.612055641421947,0.601851851851852,0.0751533742331288,0.603174603174603,0.600311041990669,0.668231611893584,0.613846153846154,0.0429447852760736,0.603915662650602,1,0.598145285935085,0.916666666666667,0.0864197530864197,0.993827160493827,0.615748031496063,0.584474885844749,0.599374021909233,0.0833333333333333,0.0704225352112676,0.0816326530612245,0.086286594761171,0.0837282780410742,0.0834645669291339,0.58641975308642,0.0867579908675799,0.601246105919003,0.601307189542484,0.494640122511485,0.405909797822706,0.0853658536585366,0.0891238670694864,0.918181818181818,0.603603603603604,0.969558599695586,0.0780780780780781,0.964560862865948,0.0862068965517241,0.0805687203791469,0.604615384615385,0.0816640986132511,0.0874403815580286,0.461904761904762,0.667721518987342,0.0934306569343066,1,0.992223950233281,0.0849772382397572,0.0822981366459627,0.0768049155145929,1,0.92,0.5952023988006,0.504615384615385,0.594512195121951,0.919330289193303,0.582278481012658,1,0.0903522205206738,0.0853080568720379,0.607843137254902,0.590062111801242,0.844615384615385,0.591962905718702,0.597597597597598,0.603658536585366,0.084375,0.0815384615384615,0.597826086956522,0.0819672131147541,0.924382716049383,0.0758513931888545,0.861111111111111,0.0893416927899686,0.407914764079148,0.0817901234567901,0.609230769230769,0.613104524180967,0.996908809891808,0.406441717791411,0.0795107033639144,0.0760869565217391,0.290123456790123,0.195548489666137,0.60625,0.602201257861635,0.0816944024205749,0.588957055214724,0.830745341614907,0.590625,0.0933734939759036,0.98936170212766,0.0889570552147239,0.0853080568720379,0.6,0.397151898734177,0.604068857589984,0.0861244019138756,0.077639751552795,0.60882800608828,0.609642301710731,0.592814371257485,0.236391912908243,0.602848101265823,0.086687306501548,0.978593272171254,0.088785046728972,0.0786163522012579,0.393241167434716,0.434312210200927,0.589825119236884,0.981337480559876,0.589783281733746,0.077639751552795,0.0741324921135647,0.611197511664075,0.582945736434109,0.459293394777266,0.0809160305343511,0.611026033690659,0.702127659574468,0.611872146118721,0.107575757575758,0.615264797507788,0.930197268588771,0.613149847094801,0.591928251121076,0.596244131455399,0.605678233438486,0.599402092675635,0.111620795107034,0.0868217054263566,0.610510046367852,0.54858934169279,0.403726708074534,0.849612403100775,0.402225755166932,0.0737327188940092,0.589230769230769,0.924050632911392,0.588597842835131,0.602102102102102,0.722306525037936,0.584251968503937,0.922720247295209,0.585626911314985,0.601851851851852,0.595275590551181,0.603343465045593
"687",0.307210031347962,0.311708860759494,0.315132605304212,0.330203442879499,0.315541601255887,0.306853582554517,0.00964630225080386,0.322327044025157,0.316770186335404,0.573033707865168,0.317147192716237,0.639625585023401,0.517350157728707,0.329153605015674,1,1,0.621495327102804,0,0.327102803738318,0.3125,1,1,0.320610687022901,0.510140405616225,0.310664605873261,1,1,0.336585365853659,0.309968847352025,0.5203125,1,0.591049382716049,0.363354037267081,0.996870109546166,0.660377358490566,0.30983606557377,0.135303265940902,0.326153846153846,1,0.301857585139319,0.0031104199066874,0,0,0.330097087378641,0.319554848966614,1,0.996860282574568,1,1,1,0.684615384615385,0.326433121019108,1,0.325115562403698,0.318252730109204,0.812302839116719,0.121019108280255,0.328125,0.320987654320988,0.323029366306028,0.992331288343558,1,1,0.00313479623824451,0.312399355877617,0.325581395348837,0.655172413793103,0.322834645669291,0.617469879518072,1,0.312024353120244,1,1,0.282258064516129,0.162287480680062,0.31306990881459,1,0.998480243161094,0.317411402157165,1,0.607779578606159,1,1,0.323574730354391,1,0.3267776096823,0.311811023622047,0.322429906542056,0.318110236220472,0,0.322169059011164,0.327743902439024,0.686244204018547,0.588055130168453,0.314194577352472,0.64339908952959,0.676609105180534,0.312781954887218,0.121753246753247,0,0.314553990610329,0.625391849529781,1,0.310679611650485,1,0.319182389937107,0,0.32398753894081,1,1,1,0.311320754716981,0.996904024767802,0.322480620155039,0.207373271889401,0.314456035767511,1,0.376923076923077,1,1,0.208791208791209,0.315789473684211,1,1,0.327217125382263,1,0.319402985074627,0.315629742033384,0.3734375,0.771121351766513,0.320574162679426,1,0.333333333333333,0.640060240963855,0.334389857369255,1,0.0015600624024961,1,0.368012422360248,0.889067524115756,0.584786053882726,0.601866251944012,0.314641744548287,0.317307692307692,1,0.316923076923077,1,0.305511811023622,0.509923664122137,0.321592649310873,1,0.312693498452012,0.319182389937107,0.318471337579618,0.322274881516588,1,0.308892355694228,1,0.440860215053763,0.323619631901841,1,0.322033898305085,1,0.592823712948518,0.319620253164557,1,0.326018808777429,0.311728395061728,0.330708661417323,0.989164086687306,0.328660436137072,1,0.324960753532182,1,0.319935691318328,1,0.597826086956522,0.297045101088647,0.0305958132045089,0.304761904761905,0.31937984496124,1,0.306853582554517,0.321044546850998,0.321428571428571,0.330203442879499,1,1,0.330658105939005,0.324031007751938,1,1,0.324574961360124,0.24191063174114,0.0209895052473763,0.687975646879756,1,0.00310077519379845,0.321156773211568,1,0.326366559485531,0.30781010719755,0.317683881064163,0.996904024767802,1,1,0.3267776096823,0.320063694267516,0.313846153846154,0.678343949044586,0.304075235109718,1,0.334883720930233,1,1,0.443057722308892,0.329073482428115,0.320493066255778,0.329133858267717,0.305511811023622,0.310126582278481,0.649532710280374,1,1,0.313846153846154,0.00155763239875389,0.332307692307692,0.317073170731707,0.316770186335404,0.310769230769231,0.30625,0.318885448916409,0.689922480620155,0.369230769230769,0.298600311041991,1,0.334905660377358,1,0.305810397553517,0.306836248012719,0.315372424722662,0.331230283911672,0.312599681020734,1,0.329192546583851,0.796502384737679,1,1,0.9968,1,1,0.902711323763955,1,1,1,0.319444444444444,1,0.32794830371567,0,1,0.39258114374034,1,0.315955766192733,0.325038880248834,0.317901234567901,0.421875,1,0.322530864197531,1,1,1,1,0,0.30829420970266,1,1,0.319182389937107,1,0.3198127925117,1,1,0.314553990610329,0.326018808777429,0.301684532924962,0.153605015673981,0.330658105939005,0,0.600903614457831,1,0.324116743471582,0.321316614420063,0.583975346687211,1,1,0.328548644338118,0.326984126984127,1,0.655864197530864,0.696969696969697,0.316692667706708,0.316129032258064,0.99388379204893,0.329173166926677,0.302710843373494,1,0.316770186335404,0.309341500765697,1,0.311811023622047,0.32018927444795,0.314728682170543,0.3171875,1,1,1,0.304897314375987,0.332268370607029,0.00927357032457496,0.995305164319249,0.325396825396825,1,1,0.312883435582822,0.326283987915408,0.309006211180124,0.319182389937107,0.315625,1,0.303174603174603,0.316692667706708,0.573482428115016,1,0.837025316455696,1,0,1,0.330289193302892,1,1,0.42,0.998473282442748,0.323343848580442,1,0.303317535545024,0.308426073131955,0.318529862174579,1,1,0.314814814814815,0.397129186602871,0.614533965244866,0.306349206349206,1,1,1,0.316639741518578,1,0.207488299531981,1,1,1,1,0.32469512195122,1,0.320785597381342,0.338533541341654,0.68075117370892,0.304761904761905,1,0.325508607198748,0.314589665653495,0.31869918699187,1,0.311550151975684,1,0.32824427480916,0.478125,0.324960753532182,0.323248407643312,0.316436251920123,1,0.321656050955414,0.306477093206951,1,1,0.316279069767442,0.310832025117739,1,0.482225656877898,0.311811023622047,0.327666151468315,0.330757341576507,0.682737169517885,1,0.298869143780291,1,0.416534181240064,0.30564263322884,0,0.878834355828221,0.319620253164557,0.318818040435459,0,0.0312989045383412,0.98116169544741,0.309262166405024,1,0.312202852614897,0.322475570032573,1,0.323076923076923,0.315789473684211,0.667175572519084,1,0.330745341614907,0.322222222222222,1,0.310077519379845,0.309904153354633,1,0.33953488372093,0.31637519872814,0.311827956989247,0.328593996840442,0.79304897314376,1,0.981220657276995,1,1,0.00157977883096367,1,0.99537037037037,1,0.427230046948357,0.998439937597504,0.316666666666667,0.995384615384615,0.333333333333333,0.998447204968944,0.60960960960961,0.6265625,0.317073170731707,0.310769230769231,0.646058732612056,0.317384370015949,0,0.630265210608424,0.67981072555205,0.323076923076923,0.00154559505409583,0.309148264984227,0.310077519379845,0.771790808240888,0.33179012345679,0.684867394695788,0.604166666666667,0.31924882629108,0.326219512195122,0.296124031007752,1,0.0270676691729323,0,0.315548780487805,0.333333333333333,0.330745341614907,1,0.344773790951638,0.3171875,1,0.305471124620061,0.943396226415094,0.578696343402226,1,1,0.996638655462185,0.322727272727273,0.60882800608828,0.331818181818182,0.3168,0.32018927444795,0.415644171779141,1,0.3125,1,0.318327974276527,0.318252730109204,1,0.318037974683544,1,0.326594090202177,1,1,0.3171875,0,1,0.329230769230769,1,0.560675883256528,1,0.504658385093168,1,0.563380281690141,1,0.314285714285714,1,1,1,0.312989045383412,0.329133858267717,0.324324324324324,0.338735818476499,0.335504885993485,0.305555555555556,1,0.324574961360124,1,1,0.322429906542056,0.320126782884311,0.314024390243902,0.384136858475894,0.327300150829563,1,1,0.333333333333333,0.325396825396825,0.641148325358852,0.593949044585987,0.317683881064163,0.323296354992076,1,0.310664605873261,0.31859756097561,0.993690851735016,0.305691056910569,0.3125,0,0.14027149321267,0.313178294573643,0.677710843373494,0.31496062992126,0.326594090202177,0.602118003025719,0.998422712933754,0.320754716981132,1,0.318181818181818,0.346092503987241,0.315217391304348,0.481424148606811,0.316037735849057,1,0.31937984496124,0.324367088607595,0.331230283911672,0.684049079754601,1,0.323151125401929,0.317411402157165,0,0.328149300155521,0.998412698412698,0.954828660436137,1,0.31875,0.329249617151608,0.31629392971246,0.599078341013825,1,0.596184419713832,0.329652996845426,1,1,0.964615384615385,0.67817896389325,0.336434108527132,0.347826086956522,0.3140625,0.318952234206472,1,1,0.520123839009288,0.639498432601881,1,1,0.998449612403101,0.688291139240506,1,0.326186830015314,0.678125,1,0.324574961360124,0.314152410575428,0.317262830482115,0.998442367601246,1,0.652312599681021,0.321483771251932,1,1,0.325077399380805,0.314728682170543,0.998452012383901,0,0.314465408805031,0.317460317460317,0.0047244094488189,0.313546423135464,1,0.312202852614897,1,0.148773006134969,0,0.914764079147641,0.327666151468315,1,1,0,0.00153846153846154,0.328125,1,0.3184,0.996946564885496,0.310618066561014,1,0.998394863563403,0.961059190031153,0.791925465838509,1,1,0.003125,1,0.51628664495114,0.3265625,0.666151468315301,0.3296875,1,0.309006211180124,0.679506933744222,1,1,0.317535545023697,0.624813153961136,0.331775700934579,0.590837282780411,0.971518987341772,0.336477987421384,0.611635220125786,0.0109204368174727,0.311605723370429,0.330745341614907,0.317972350230415,1,0.643625192012289,0.317557251908397,0.889922480620155,0.588328075709779,0.966309341500766,1,1,0.3109375,0.342948717948718,0.312893081761006,0.315132605304212,0.313364055299539,0.621987951807229,0.307098765432099,0,0.678624813153961,1,0.332814930015552,0.310015898251192,0.315024232633279,0.316890881913303,0.615503875968992,1,0.342146189735614,0.334913112164297,0.32626427406199,0.320251177394035,0.31839258114374,0.312796208530806,0.199088145896657,0.676656151419558,0.314465408805031,0.600924499229584,1,0.24031007751938,0.320987654320988,0.921974522292994,1,1,0.308056872037915,0.634674922600619,1,0.317901234567901,0.303370786516854,0.952681388012618,1,1,0.998392282958199,0.316846986089645,1,1,0.90521327014218,1,0.346687211093991,1,0.591125198098257,1,0.67629179331307,0.314465408805031,0.604761904761905,1,1,0.993740219092332,0.326530612244898,0.323029366306028,0.334384858044164,0.316279069767442,0.325806451612903,0.324367088607595,0.985736925515055,0.320251177394035,1,1,0.725308641975309,0,0.32,0.313161875945537,0.671779141104294,1,0.5671875,0.3267776096823,0.650470219435737,0.313755795981453,0.317741935483871,1,0.311320754716981,0.316993464052288,0.690851735015773,0.910685805422648,0.321481481481481,0.607594936708861,0.584126984126984,0.328173374613003,0.33015873015873,0.310832025117739,0.594383775351014,0.683076923076923,1,0.892018779342723,1,0.665130568356375,0.998405103668262,0.604430379746835,0.317757009345794,0.324324324324324,1,1,0.432601880877743,0.996784565916399,1,1,0.317411402157165,0.328660436137072,1,0.317073170731707,0.675968992248062,0.325984251968504,0.46046511627907,0.304897314375987,0,0.308641975308642,1,1,0.599690880989181,0.00153846153846154,0.331782945736434,0.31974921630094,0.107765451664025,0.414826498422713,1,1,0.31875,1,0.416149068322981,1,0.32579185520362,0.593457943925234,0.325,0.317891373801917,1,0,1,0.309294871794872,0.322429906542056,1,1,1,0.447284345047923,1,0.325984251968504,0.61875,0.32807570977918,0.327361563517915,0.00154559505409583,0.0432098765432099,1,0.633385335413417,1,0.327131782945736,0.327476038338658,1,1,0.163833075734158,0.313084112149533,1,0.910906298003072,1,0.32370820668693,0.200626959247649,0.671232876712329,1,1,1,1,1,0.289634146341463,0.30298273155416,1,0.122611464968153,0.00157728706624606,0.441176470588235,0,0.328571428571429,1,0.678972712680578,1,1,0.899068322981366,1,0.679127725856698,1,1,1,1
"688",0.451510333863275,0.429936305732484,0.4453125,0.427432216905901,0.42992125984252,0.439324116743472,0.745222929936306,0.424764890282132,0.444272445820433,0.687296416938111,0.440677966101695,0.608087091757387,0.222044728434505,0.443217665615142,0.239234449760766,0.246951219512195,0.640552995391705,0.775444264943457,0.444961240310077,0.446540880503145,0.240126382306477,0.235668789808917,0.446319018404908,0.740219092331768,0.451367781155015,0.230171073094868,0.240770465489567,0.42483660130719,0.448540706605223,0.229166666666667,0.247678018575851,0.209160305343511,0.401869158878505,0.249612403100775,0.570754716981132,0.434210526315789,0.897674418604651,0.413476263399694,0.240853658536585,0.445300462249615,0.7859375,0.757341576506955,0.764976958525346,0.421553090332805,0.420886075949367,0.234076433121019,0.2390625,0.241960183767228,0.235920852359209,0.23159509202454,0.563380281690141,0.426517571884984,0.242658423493045,0.447244094488189,0.443585780525502,0.110223642172524,0.884310618066561,0.433070866141732,0.452713178294574,0.428792569659443,0.218604651162791,0.238689547581903,0.247634069400631,0.78391167192429,0.447325769854133,0.441679626749611,0.613458528951487,0.438291139240506,0.646153846153846,0.231950844854071,0.443585780525502,0.23696682464455,0.233333333333333,0.475040257648953,0.926267281105991,0.434650455927052,0.246177370030581,0.224111282843895,0.441538461538462,0.234726688102894,0.668261562998405,0.232963549920761,0.246130030959752,0.435257410296412,0.226851851851852,0.430955993930197,0.441130298273155,0.420807453416149,0.422118380062305,0.750392464678179,0.438095238095238,0.434451219512195,0.565015479876161,0.679447852760736,0.43879173290938,0.617511520737327,0.572100313479624,0.42967542503864,0.894991922455573,0.769475357710652,0.446372239747634,0.644305772230889,0.253918495297806,0.442834138486312,0.236677115987461,0.435054773082942,0.771028037383178,0.448062015503876,0.225856697819315,0.232919254658385,0.234567901234568,0.44954128440367,0.231839258114374,0.426332288401254,0.950769230769231,0.439209726443769,0.23950233281493,0.884437596302003,0.231578947368421,0.240944881889764,0.95679012345679,0.434375,0.233128834355828,0.226324237560193,0.433489827856025,0.248833592534992,0.443946188340807,0.432721712538226,0.911901081916538,0.496171516079632,0.435691318327974,0.243285939968404,0.444267515923567,0.617691154422789,0.430645161290323,0.237654320987654,0.774045801526718,0.2421875,0.360374414976599,0.367313915857605,0.685446009389671,0.675,0.435126582278481,0.439418416801292,0.242566510172144,0.44794952681388,0.238670694864048,0.4421875,0.245801526717557,0.436251920122888,0.233870967741935,0.446708463949843,0.450636942675159,0.437990580847724,0.425431711145997,0.226059654631083,0.439178515007899,0.226209048361934,0.833592534992224,0.436532507739938,0.246489859594384,0.446130500758725,0.25,0.661858974358974,0.436018957345972,0.234349919743178,0.451010886469673,0.433544303797468,0.428346456692913,0.238021638330757,0.440809968847352,0.232227488151659,0.437795275590551,0.22015503875969,0.431340872374798,0.2359375,0.659409020217729,0.438759689922481,0.815960912052117,0.440570522979398,0.445820433436532,0.244514106583072,0.448598130841121,0.43343653250774,0.438837920489297,0.436728395061728,0.238170347003155,0.254237288135593,0.444976076555024,0.448757763975155,0.233486943164363,0.252351097178683,0.434984520123839,0.963358778625954,0.784313725490196,0.565354330708661,0.236111111111111,0.782945736434108,0.434514637904468,0.238390092879257,0.454253611556982,0.434108527131783,0.43167701863354,0.25434439178515,0.250381679389313,0.232744783306581,0.435185185185185,0.451768488745981,0.438080495356037,0.568471337579618,0.43217665615142,0.237560192616372,0.412403100775194,0.2304,0.234108527131783,0.657894736842105,0.423380726698262,0.433021806853583,0.422047244094488,0.444790046656299,0.436018957345972,0.612244897959184,0.228706624605678,0.243827160493827,0.433179723502304,0.771251931993818,0.430981595092025,0.435508345978756,0.440944881889764,0.43701399688958,0.448598130841121,0.42406015037594,0.554347826086957,0.916795069337442,0.447900466562986,0.232114467408585,0.432646592709984,0.234009360374415,0.435185185185185,0.435612082670906,0.434169278996865,0.413078149920255,0.451768488745981,0.217729393468118,0.432926829268293,0.0709779179810726,0.236842105263158,0.235384615384615,0.234248788368336,0.240944881889764,0.237795275590551,0.353870458135861,0.225,0.225155279503106,0.226851851851852,0.44359756097561,0.232339089481947,0.438625204582651,0.762557077625571,0.243034055727554,0.890577507598784,0.240887480190174,0.430124223602484,0.412322274881517,0.436507936507937,0.855140186915888,0.24804992199688,0.430340557275542,0.235387045813586,0.243119266055046,0.238095238095238,0.248062015503876,0.755832037325039,0.436335403726708,0.227414330218069,0.231611893583725,0.434645669291339,0.228295819935691,0.432766615146832,0.236363636363636,0.244131455399061,0.4446227929374,0.438985736925515,0.448598130841121,0.908668730650155,0.423014586709887,0.764341085271318,0.667697063369397,0.223454833597464,0.44359756097561,0.421303656597774,0.67741935483871,0.235658914728682,0.231496062992126,0.42879746835443,0.444267515923567,0.234472049689441,0.596573208722741,0.559748427672956,0.450949367088608,0.418789808917197,0.224924012158055,0.429457364341085,0.447447447447447,0.236391912908243,0.446009389671362,0.453703703703704,0.232704402515723,0.449438202247191,0.449139280125196,0.439814814814815,0.432601880877743,0.235109717868339,0.252293577981651,0.235576923076923,0.440438871473354,0.437598736176935,0.762121212121212,0.221518987341772,0.43338683788122,0.231481481481481,0.244929797191888,0.444790046656299,0.421613394216134,0.44031007751938,0.430534351145038,0.435257410296412,0.237129485179407,0.433489827856025,0.446177847113885,0.69281045751634,0.229938271604938,0.402843601895735,0.263910969793323,0.751173708920188,0.241538461538462,0.428998505231689,0.239747634069401,0.234009360374415,0.857142857142857,0.241538461538462,0.432520325203252,0.24390243902439,0.44006309148265,0.43701399688958,0.430981595092025,0.237048665620094,0.243491577335375,0.435458786936236,0.348949919224556,0.651968503937008,0.444444444444444,0.238601823708207,0.230769230769231,0.228209191759113,0.421875,0.238095238095238,0.961059190031153,0.232558139534884,0.23338485316847,0.239302694136292,0.241001564945227,0.424846625766871,0.240770465489567,0.433715220949264,0.433281004709576,0.570762052877138,0.443740095087163,0.229166666666667,0.437403400309119,0.432973805855162,0.436482084690554,0.226917057902973,0.446511627906977,0.22432859399684,0.440060698027314,0.258513931888545,0.4484375,0.439024390243902,0.4265625,0.243034055727554,0.432,0.440625,0.242990654205607,0.24375,0.4328125,0.44620253164557,0.237129485179407,0.781874039938556,0.437694704049844,0.42967542503864,0.421296296296296,0.552795031055901,0.240944881889764,0.436187399030695,0.248073959938367,0.851910828025478,0.458333333333333,0.765163297045101,0.120243531202435,0.434782608695652,0.433021806853583,0.769805680119582,0.743827160493827,0.221183800623053,0.439370078740157,0.230769230769231,0.43968253968254,0.426929392446634,0.236507936507937,0.449297971918877,0.435534591194969,0.580745341614907,0.23338485316847,0.444270015698587,0.421135646687697,0.241706161137441,0.451863354037267,0.43581616481775,0.242612752721617,0.917829457364341,0.424764890282132,0.425038639876352,0.427230046948357,0.0651162790697674,0.238317757009346,0.265402843601896,0.244082840236686,0.237947122861586,0.768740031897927,0.235384615384615,0.219092331768388,0.243865030674847,0.845794392523365,0.243630573248408,0.439024390243902,0.233846153846154,0.435612082670906,0.242236024844721,0.660660660660661,0.618604651162791,0.450920245398773,0.443932411674347,0.613104524180967,0.443910256410256,0.766153846153846,0.616352201257862,0.565768621236133,0.439137134052388,0.777952755905512,0.43701399688958,0.440124416796268,0.48503937007874,0.450858034321373,0.559190031152648,0.670967741935484,0.433281004709576,0.445131375579598,0.455974842767296,0.239747634069401,0.792592592592593,0.752012882447665,0.447692307692308,0.427244582043344,0.399688958009331,0.25,0.932389937106918,0.43206106870229,0.235569422776911,0.445468509984639,0.177952755905512,0.69047619047619,0.237366003062787,0.234939759036145,0.226973684210526,0.436834094368341,0.649847094801223,0.439393939393939,0.417335473515249,0.430379746835443,0.857142857142857,0.231496062992126,0.440494590417311,0.240566037735849,0.44264943457189,0.440322580645161,0.243491577335375,0.427662957074722,0.24251497005988,0.433229813664596,0.241706161137441,0.246835443037975,0.429892141756549,0.758998435054773,0.237082066869301,0.428351309707242,0.235015772870662,0.259659969088099,0.249235474006116,0.746500777604977,0.228658536585366,0.231974921630094,0.2528,0.441786283891547,0.240126382306477,0.229230769230769,0.260061919504644,0.44392523364486,0.437106918238994,0.436363636363636,0.392220421393841,0.942307692307692,0.433641975308642,0.228434504792332,0.42879746835443,0.246753246753247,0.228177641653905,0.430124223602484,0.431496062992126,0.437116564417178,0.35423197492163,0.438271604938272,0.241960183767228,0.241960183767228,0.416796267496112,0.422955974842767,0.63265306122449,0.666666666666667,0.44031007751938,0.424,0.248803827751196,0.444961240310077,0.443939393939394,0.249614791987673,0.455128205128205,0.4399375975039,0.761006289308176,0.911042944785276,0.4265625,0.563063063063063,0.440251572327044,0.444961240310077,0.66156202143951,0.247244094488189,0.433281004709576,0.224806201550388,0.435054773082942,0.412974683544304,0.453271028037383,0.252336448598131,0.453689167974882,0.237179487179487,0.430359937402191,0.431061806656101,0.420062695924765,0.553516819571865,0.241157556270096,0.428341384863124,0.435185185185185,0.77007874015748,0.435257410296412,0.232449297971919,0.171073094867807,0.244167962674961,0.445652173913043,0.432307692307692,0.43944099378882,0.675799086757991,0.228346456692913,0.671974522292994,0.417981072555205,0.25193199381762,0.239130434782609,0.204368174726989,0.574303405572755,0.441130298273155,0.386541471048513,0.429447852760736,0.444444444444444,0.224165341812401,0.240909090909091,0.760252365930599,0.621835443037975,0.252747252747253,0.22848200312989,0.236923076923077,0.561128526645768,0.234375,0.430091185410334,0.565354330708661,0.240853658536585,0.426791277258567,0.433697347893916,0.436018957345972,0.231124807395994,0.242331288343558,0.619354838709677,0.434169278996865,0.250401284109149,0.244615384615385,0.431221020092736,0.442396313364055,0.236677115987461,0.756978653530378,0.434920634920635,0.438095238095238,0.772511848341232,0.432766615146832,0.249617151607963,0.455555555555556,0.242566510172144,0.921174652241113,0.77639751552795,0.362121212121212,0.430359937402191,0.243975903614458,0.238689547581903,0.7515625,0.765957446808511,0.430141287284144,0.237947122861586,0.434713375796178,0.232628398791541,0.436708860759494,0.237577639751553,0.24203821656051,0.2046875,0.468412942989214,0.23968253968254,0.237795275590551,0.790297339593114,0.242612752721617,0.744262295081967,0.436908517350158,0.579598145285935,0.436055469953775,0.243369734789392,0.438485804416404,0.577287066246057,0.242990654205607,0.234548335974643,0.440191387559809,0.645550527903469,0.437209302325581,0.677570093457944,0.214968152866242,0.424290220820189,0.649691358024691,0.781733746130031,0.428571428571429,0.434108527131783,0.432558139534884,0.243506493506494,0.621951219512195,0.438377535101404,0.144444444444444,0.661835748792271,0.202453987730061,0.235474006116208,0.241590214067278,0.441497659906396,0.409888357256778,0.437201907790143,0.42992125984252,0.437106918238994,0.64451313755796,0.457055214723926,0.762422360248447,0.561664190193165,0.250764525993884,0.43217665615142,0.46046511627907,0.4336,0.437209302325581,0.663565891472868,0.243410852713178,0.422600619195046,0.424242424242424,0.435980551053485,0.442006269592476,0.435458786936236,0.438679245283019,0.940092165898618,0.575949367088608,0.435857805255023,0.661514683153014,0.24031007751938,1,0.430793157076205,0.180817610062893,0.257234726688103,0.230182926829268,0.447204968944099,0.61214953271028,0.23969465648855,0.431464174454829,0.451463790446841,0.197492163009404,0.233281493001555,0.243788819875776,0.253225806451613,0.429892141756549,0.245557350565428,0.239197530864198,0.350931677018634,0.240506329113924,0.405864197530864,0.238897396630934,0.6704,0.234276729559748,0.578052550231839,0.436708860759494,0.658307210031348,0.239302694136292,0.241001564945227,0.233974358974359,0.422900763358779,0.423728813559322,0.441971383147854,0.433489827856025,0.44215530903328,0.431309904153355,0.227488151658768,0.449297971918877,0.244897959183673,0.233613445378151,0.499227202472952,0.754385964912281,0.435857805255023,0.430555555555556,0.569678407350689,0.240061162079511,0.697347893915757,0.434650455927052,0.613458528951487,0.4399375975039,0.443729903536977,0.231378763866878,0.44620253164557,0.431372549019608,0.582539682539683,0.341384863123994,0.43620178041543,0.651757188498403,0.680314960629921,0.441497659906396,0.423622047244094,0.437795275590551,0.669811320754717,0.567692307692308,0.236722306525038,0.143307086614173,0.243975903614458,0.571428571428571,0.231496062992126,0.658227848101266,0.433962264150943,0.438906752411576,0.247328244274809,0.23374613003096,0.849765258215962,0.229067930489731,0.241486068111455,0.234836702954899,0.444794952681388,0.435257410296412,0.23015873015873,0.447916666666667,0.577287066246057,0.433697347893916,0.812995245641838,0.446570972886762,0.76875,0.438837920489297,0.238317757009346,0.246794871794872,0.661490683229814,0.769938650306748,0.439370078740157,0.421630094043887,0.655172413793103,0.514423076923077,0.231496062992126,0.242472266244057,0.434375,0.227987421383648,0.847352024922118,0.237639553429027,0.443939393939394,0.674961119751166,0.439178515007899,0.4448,0.2328125,0.755980861244019,0.228209191759113,0.441269841269841,0.440191387559809,0.242009132420091,0.242236024844721,0.234848484848485,0.515822784810127,0.236133122028526,0.433333333333333,0.637362637362637,0.440251572327044,0.431781701444623,0.759493670886076,0.810509554140127,0.225806451612903,0.6359375,0.234276729559748,0.443759630200308,0.411290322580645,0.2421875,0.227629513343799,0.814241486068111,0.426380368098159,0.240061162079511,0.352760736196319,0.247678018575851,0.469953775038521,0.960505529225908,0.568535825545171,0.242009132420091,0.232628398791541,0.231012658227848,0.247226624405705,0.232771822358346,0.461656441717791,0.449367088607595,0.235109717868339,0.889245585874799,0.767885532591415,0.824074074074074,0.758842443729904,0.417061611374408,0.229457364341085,0.571656050955414,0.223765432098765,0.237048665620094,0.373831775700935,0.228434504792332,0.576271186440678,0.236760124610592,0.239302694136292,0.225552050473186,0.238317757009346
"689",1,1,1,1,1,1,0.707317073170732,1,1,0.102106969205835,1,0.0453125,0.809148264984227,1,0.317034700315457,0.311526479750779,0.0688575899843505,0.686688311688312,1,1,0.303875968992248,0.307692307692308,1,0.15968992248062,1,0.328100470957614,0.318770226537217,1,1,0.783570300157978,0.305900621118012,0.720062208398134,0.964341085271318,0.317610062893082,0,1,0.537124802527646,1,0.298780487804878,1,0.660964230171073,0.67879746835443,0.691131498470948,1,1,0.315619967793881,0.310344827586207,0.312111801242236,0.329704510108865,0.329704510108865,0,1,0.314900153609831,1,1,0.491255961844197,0.561488673139159,1,1,1,0.329704510108865,0.31619937694704,0.318471337579618,0.680685358255452,1,1,0.0363349131121643,1,0.0623100303951368,0.319213313161876,1,0.319685039370079,0.323151125401929,0.9632,0.521472392638037,1,0.306625577812018,0.335413416536661,1,0.321486268174475,0.0912,0.328,0.330203442879499,1,0.33695652173913,1,1,1,1,0.688854489164087,1,1,0.0015527950310559,0.109034267912773,1,0.0474006116207951,0,1,0.569182389937107,0.680445151033386,1,0.0551181102362205,0.315372424722662,1,0.313880126182965,1,0.682242990654206,1,0.319620253164557,0.323076923076923,0.315707620528771,1,0.326219512195122,1,0.48780487804878,1,0.311320754716981,0.307931570762053,0.324615384615385,0.316614420062696,0.483720930232558,1,0.326153846153846,0.3168,1,0.302325581395349,1,1,0.333333333333333,0.553516819571865,1,0.32120253164557,1,0.0436746987951807,1,0.315467075038285,0.684698608964451,0.324960753532182,0.925696594427245,0.435772357723577,0.108150470219436,0.0984375,1,1,0.333855799373041,1,0.320061255742726,1,0.80184331797235,1,0.3264,1,1,1,1,0.335949764521193,1,0.320754716981132,0.266982622432859,1,0.310077519379845,1,0.306122448979592,0.0910543130990415,1,0.307692307692308,1,1,1,0.332824427480916,1,0.329032258064516,1,0.298761609907121,1,0.321711568938193,0.0804953560371517,1,0.637096774193548,1,1,0.317307692307692,1,1,1,1,0.329113924050633,0.307339449541284,1,1,0.315301391035549,0.302215189873418,1,0.448916408668731,0.671709531013616,0,0.312883435582822,0.676609105180534,1,0.312788906009245,1,1,1,0.314241486068111,0.319571865443425,0.3248,1,1,1,0,1,0.309904153354633,0.972307692307692,0.324921135646688,0.311145510835913,0.745283018867924,1,1,1,1,1,0.0442338072669826,0.312202852614897,0.322884012539185,1,0.678516228748068,1,1,0.998435054773083,1,1,1,0.00313479623824451,0.328746177370031,1,0.315457413249211,1,0.305084745762712,1,1,1,1,1,0.320987654320988,1,0.507911392405063,0.325434439178515,0.327666151468315,0.315372424722662,0.326530612244898,0.339563862928349,0.423137876386688,0.332293291731669,0.324159021406728,0.313664596273292,1,0.321875,1,0.684931506849315,0.312796208530806,0.319634703196347,0.333333333333333,1,1,1,0.269968051118211,0.305900621118012,1,0.318471337579618,0.332826747720365,0.317111459968603,0.317972350230415,0.68125,1,0.321100917431193,0.31496062992126,1,0.297077922077922,1,0.308641975308642,0.32018927444795,1,1,1,0.54746835443038,1,0.688473520249221,0.0852359208523592,0.319182389937107,1,1,0.0981308411214953,0.318952234206472,0.33015873015873,1,1,0.304147465437788,0.0234009360374415,0.0016025641025641,1,1,0.338414634146341,1,1,0.317829457364341,1,1,0.316279069767442,1,1,1,1,0.323943661971831,0.312121212121212,0.328455284552846,1,1,0.675925925925926,0.318681318681319,1,0.31839258114374,0.2953125,1,1,1,1,1,0.325077399380805,1,1,0.113744075829384,0.338485316846986,0.496050552922591,0.310015898251192,0.674050632911392,0.312401883830455,1,0.310832025117739,0.332814930015552,0.261538461538462,0.319508448540707,1,0.3267776096823,1,1,1,0.312698412698413,0.328682170542636,1,0.923824959481361,0.0681458003169572,1,0.309262166405024,0.316037735849057,0.309409888357257,1,0.325545171339564,0.476043276661515,0.332810047095761,0.308527131782946,0.314516129032258,0.311320754716981,1,0.323671497584541,1,1,0,1,0.320695102685624,1,1,1,0.330173775671406,1,0.313479623824451,1,0.824806201550388,1,1,1,0.31937984496124,1,1,0.312597200622084,0.309375,1,1,0.3140625,0.192073170731707,1,1,1,0,0.313694267515924,1,0.308641975308642,0.254716981132075,1,0.674418604651163,0.428353658536585,1,1,0.670164917541229,0.703761755485893,0.346938775510204,1,0.322378716744914,1,1,0.330708661417323,1,1,0.004739336492891,0.32348367029549,1,1,0.325242718446602,1,1,0.307692307692308,0.336448598130841,1,1,1,0.524691358024691,0.311145510835913,0.339652448657188,0.314199395770393,0.334883720930233,0.694704049844237,0.328197226502311,0.326594090202177,0.315384615384615,0.244514106583072,0.317535545023697,1,0.318885448916409,1,0.315301391035549,0.0871559633027523,0.053680981595092,1,1,0.0390625,1,0.683076923076923,0.0453125,0.0078740157480315,1,0.676609105180534,1,1,0.554848966613672,1,0,0.0749601275917065,1,1,1,0.324367088607595,0.65037037037037,0.694308943089431,0.995468277945619,1,0.984447900466563,0.302034428794992,0.345161290322581,1,0.295133437990581,1,0.363636363636364,0.111287758346582,0.3109375,0.31866464339909,0.340567612687813,1,0.0817901234567901,1,1,1,0.268181818181818,0.32484076433121,1,0.329652996845426,1,1,0.309230769230769,1,0.328267477203647,1,0.30952380952381,0.312893081761006,1,0.677215189873418,0.320668693009119,1,0.318770226537217,0.762870514820593,0.321483771251932,0.162287480680062,0.321156773211568,0.755070202808112,0.31687898089172,1,0.325038880248834,0.335913312693498,0.294027565084227,1,1,1,0.969155844155844,0.34887459807074,1,0.322169059011164,1,0.313821138211382,0.323076923076923,1,1,1,0.918622848200313,1,0.310664605873261,0.323029366306028,1,1,0.0488188976377953,0.0857142857142857,1,1,0.312401883830455,1,1,0.306962025316456,1,1,0.675039246467818,0.535168195718654,1,0,1,1,0.100151745068285,0.321372854914197,1,0.323529411764706,1,0.960815047021944,1,0.815267175572519,1,0.333870967741935,1,1,1,0,0.310965630114566,1,1,0.67398119122257,1,0.320126782884311,0.362519201228879,0.321044546850998,1,1,1,0.0937019969278034,0.321086261980831,0.0917874396135266,1,0.304347826086957,0.302936630602782,0.357032457496136,0,1,0.953488372093023,1,1,0.323248407643312,0.306870229007634,0.161949685534591,0.0394321766561514,0.318181818181818,0.318818040435459,0.327613104524181,0.00158478605388273,0.310618066561014,1,0,0.318042813455657,1,1,1,0.317901234567901,0.322137404580153,0.0373983739837398,1,0.313195548489666,0.317484662576687,1,1,0.313572542901716,0.701444622792937,1,1,0.688995215311005,1,0.311827956989247,1,0.318252730109204,0.533333333333333,0.670788253477589,0.413533834586466,1,0.298937784522003,0.315217391304348,0.68062015503876,0.671296296296296,1,0.319508448540707,1,0.326120556414219,1,0.311811023622047,0.309148264984227,0.35062893081761,0.528861154446178,0.309677419354839,0.3078125,0.665116279069767,0.315789473684211,0.159677419354839,1,0,1,0.290679304897314,1,0,0.323809523809524,0.313291139240506,1,0.0633484162895928,1,0.0851735015772871,0.340694006309148,1,0.0662557781201849,0.667706708268331,1,1,1,0.312703583061889,0.0416666666666667,1,0.421630094043887,0.0983870967741935,0.358346094946401,0.316436251920123,0.318529862174579,1,1,1,1,1,0.0702290076335878,0.995356037151703,0.687402799377916,0.003003003003003,0.320373250388802,1,1,1,1,0.0920436817472699,0.319018404907975,1,1,1,1,1,1,0.488479262672811,0.00161550888529887,1,0.0846153846153846,0.320987654320988,0.430793157076205,1,0.405023547880691,0.305691056910569,0.305084745762712,1,0.0405616224648986,0.324116743471582,1,1,0.376996805111821,0.304347826086957,0.311627906976744,0.311501597444089,1,0.330173775671406,0.315047021943574,0.415873015873016,0.317460317460317,0.97191887675507,0.312312312312312,0.0863422291993721,0.325038880248834,0,1,0.0934579439252336,0.312,0.326086956521739,0.32120253164557,1,1,1,1,1,1,0.34181240063593,1,0.315873015873016,0.317114093959732,0.61875,0.670418006430868,1,1,0,0.320061255742726,0.126782884310618,1,0.0346456692913386,1,1,0.314873417721519,1,1,0.634615384615385,0.419303797468354,0.99554234769688,0.0841423948220065,0.1024,1,1,1,0.0911901081916538,0,0.320987654320988,0.418096723868955,0.317629179331307,0,0.328593996840442,0.0907643312101911,1,1,0.320987654320988,0.31733746130031,0.247663551401869,0.333333333333333,0.314329738058552,0.320872274143302,1,1,0.322834645669291,1,0,1,0.222929936305732,1,0.676470588235294,1,0.314641744548287,0.314606741573034,0.08125,0.673780487804878,1,1,0.789889415481833,0.900161030595813,0.3171875,0.3168,1,0.322884012539185,0.262166405023548,0.32753164556962,1,0.101382488479263,1,1,0.310452418096724,0.684466019417476,0.314102564102564,1,1,0.299065420560748,0.313178294573643,0.320610687022901,0.859621451104101,0.315286624203822,1,0.0613496932515337,1,1,0.695384615384615,0.657320872274143,0.315447154471545,0.0572755417956656,0.3198127925117,1,1,0.307570977917981,0.332810047095761,0.623052959501558,1,0.308868501529052,0.377473363774734,0.300925925925926,0.982945736434109,0.476874003189793,0.0031055900621118,0.305295950155763,0.319018404907975,0.330721003134796,0.310126582278481,0.317972350230415,0.97542242703533,1,0.31832298136646,0.547077922077922,0.690737833594976,0.243788819875776,0.688102893890675,1,0.313364055299539,0.00315457413249211,0.330232558139535,0.316846986089645,0.373846153846154,0.328025477707006,0,0.330757341576507,0.322169059011164,0.321875,0.318885448916409
"690",0.382736156351792,0.391096979332273,0.38801261829653,0.403252032520325,0.400316455696203,0.380726698262243,0.0918032786885246,0.396135265700483,0.394904458598726,0.499181669394435,0.388272583201268,0.570522979397781,0.594551282051282,0.403252032520325,0.923948220064725,0.913385826771654,0.552833078101072,0.075503355704698,0.407582938388626,0.38755980861244,0.909967845659164,0.920583468395462,0.402225755166932,0.4453125,0.375579598145286,0.921259842519685,0.92520325203252,0.397708674304419,0.389324960753532,0.625607779578606,0.919047619047619,0.679748822605965,0.443561208267091,0.923809523809524,0.583061889250814,0.389632107023411,0.115015974440895,0.39906103286385,0.920560747663551,0.384375,0.0747967479674797,0.0845295055821372,0.0764430577223089,0.414075286415712,0.399673735725938,0.929032258064516,0.9248,0.916271721958926,0.923676012461059,0.923197492163009,0.626984126984127,0.411003236245955,0.921259842519685,0.39589905362776,0.389857369255151,0.901612903225806,0.0903225806451613,0.406349206349206,0.378164556962025,0.403785488958991,0.939157566302652,0.917460317460317,0.925925925925926,0.0624,0.387312186978297,0.393364928909953,0.579710144927536,0.393548387096774,0.537151702786378,0.918083462132921,0.394611727416799,0.932692307692308,0.925324675324675,0.356340288924559,0.111287758346582,0.390769230769231,0.922712933753943,0.927786499215071,0.403174603174603,0.934210526315789,0.521172638436482,0.922953451043339,0.919558359621451,0.395833333333333,0.9234375,0.398461538461538,0.382495948136143,0.40952380952381,0.4016,0.0770440251572327,0.388349514563107,0.400309119010819,0.605678233438486,0.500792393026941,0.383386581469649,0.558823529411765,0.592709984152139,0.39622641509434,0.108196721311475,0.0839936608557845,0.384370015948963,0.540540540540541,0.920840064620355,0.384742951907131,0.917329093799682,0.393203883495146,0.0791139240506329,0.398073836276083,0.919224555735057,0.930817610062893,0.919175911251981,0.390048154093098,0.928115015974441,0.39589905362776,0.134883720930233,0.391371340523883,0.920508744038156,0.304761904761905,0.921296296296296,0.924558587479936,0.147435897435897,0.383012820512821,0.925581395348837,0.936482084690554,0.410828025477707,0.913928012519562,0.392307692307692,0.392248062015504,0.299212598425197,0.698142414860681,0.397708674304419,0.93026941362916,0.394524959742351,0.559815950920245,0.404605263157895,0.921996879875195,0.0697305863708399,0.918918918918919,0.455555555555556,0.812709030100334,0.503184713375796,0.523349436392915,0.397798742138365,0.405537459283388,0.922705314009662,0.386435331230284,0.921898928024502,0.395833333333333,0.58814352574103,0.404287901990812,0.919141914191419,0.371794871794872,0.386217948717949,0.386991869918699,0.400966183574879,0.921974522292994,0.377179080824089,0.922455573505654,0.373608903020668,0.398104265402844,0.924646781789639,0.4015625,0.924764890282132,0.523349436392915,0.398089171974522,0.926108374384236,0.384491114701131,0.397129186602871,0.402261712439418,0.924646781789639,0.392125984251968,0.921725239616613,0.40224358974359,0.924409448818898,0.397708674304419,0.924193548387097,0.504,0.377952755905512,0.0544554455445545,0.381642512077295,0.384737678855326,0.926163723916533,0.38375796178344,0.400635930047695,0.404088050314465,0.406299212598425,0.922705314009662,0.922239502332815,0.392914653784219,0.394184168012924,0.917829457364341,0.920529801324503,0.402843601895735,0.187993680884676,0.0623052959501558,0.618739903069467,0.923930269413629,0.0738362760834671,0.396255850234009,0.925,0.384,0.386435331230284,0.392464678178964,0.917065390749601,0.915384615384615,0.916118421052632,0.398449612403101,0.396468699839486,0.399068322981366,0.601612903225806,0.3888,0.923327895595432,0.420221169036335,0.923076923076923,0.920127795527157,0.375198728139905,0.398373983739837,0.393026941362916,0.410339256865913,0.382165605095541,0.384370015948963,0.569131832797428,0.919484702093398,0.916535433070866,0.382581648522551,0.0763239875389408,0.402173913043478,0.399075500770416,0.396551724137931,0.387247278382582,0.388443017656501,0.398449612403101,0.614906832298137,0.29595015576324,0.394321766561514,0.92368839427663,0.405405405405405,0.921725239616613,0.390894819466248,0.38599348534202,0.388535031847134,0.40359477124183,0.387722132471729,0.935691318327974,0.397129186602871,0.845161290322581,0.92259083728278,0.925278219395866,0.938311688311688,0.91866028708134,0.92109500805153,0.819512195121951,0.926282051282051,0.939907550077042,0.922222222222222,0.386541471048513,0.91653290529695,0.40655737704918,0.0719874804381847,0.923444976076555,0.316770186335404,0.926517571884984,0.390127388535032,0.395799676898223,0.395498392282958,0.346092503987241,0.921383647798742,0.390822784810127,0.917073170731707,0.924961715160796,0.933649289099526,0.922600619195046,0.0758293838862559,0.390048154093098,0.927786499215071,0.924193548387097,0.397435897435897,0.92914653784219,0.396850393700787,0.919685039370079,0.915605095541401,0.388978930307942,0.398387096774194,0.3744,0.113964686998395,0.399678972712681,0.0768,0.504702194357367,0.923076923076923,0.39375,0.399676375404531,0.503134796238245,0.92018779342723,0.921348314606742,0.398373983739837,0.410048622366288,0.909667194928685,0.582539682539683,0.618270799347471,0.385483870967742,0.397350993377483,0.938176197836167,0.413738019169329,0.384969325153374,0.925117004680187,0.39968152866242,0.378378378378378,0.918367346938776,0.378812199036918,0.387301587301587,0.396255850234009,0.386837881219904,0.922098569157393,0.915254237288136,0.926229508196721,0.384984025559105,0.397106109324759,0.0866141732283465,0.9296,0.400966183574879,0.929245283018868,0.922098569157393,0.381172839506173,0.403453689167975,0.375394321766562,0.398073836276083,0.378763866877971,0.92258064516129,0.388157894736842,0.378594249201278,0.495081967213115,0.919811320754717,0.773524720893142,0.919407894736842,0.0870967741935484,0.915873015873016,0.394171779141104,0.9216,0.924315619967794,0.356357927786499,0.917981072555205,0.384863123993559,0.917956656346749,0.390127388535032,0.388178913738019,0.384493670886076,0.927652733118971,0.91875,0.396496815286624,0.477685950413223,0.531545741324921,0.390322580645161,0.918495297805643,0.925686591276252,0.922077922077922,0.4,0.912636505460218,0.143974960876369,0.917065390749601,0.921011058451817,0.922953451043339,0.920840064620355,0.389671361502347,0.923701298701299,0.394342762063228,0.404153354632588,0.601275917065391,0.375404530744337,0.917329093799682,0.39652448657188,0.391509433962264,0.396103896103896,0.9232,0.3963133640553,0.92741935483871,0.401244167962675,0.567140600315956,0.402843601895735,0.398073836276083,0.393364928909953,0.917721518987342,0.40064620355412,0.384991843393148,0.918918918918919,0.91283676703645,0.3859375,0.381933438985737,0.925750394944708,0.396850393700787,0.395424836601307,0.399366085578447,0.405660377358491,0.608832807570978,0.919354838709677,0.384488448844884,0.921383647798742,0.349025974025974,0.385483870967742,0.081377151799687,0.936908517350158,0.392282958199357,0.394944707740916,0.0796324655436447,0.100486223662885,0.935483870967742,0.394568690095847,0.916666666666667,0.390322580645161,0.381342062193126,0.923076923076923,0.39622641509434,0.392568659127625,0.591935483870968,0.919484702093398,0.405844155844156,0.399361022364217,0.927066450567261,0.3888,0.390879478827362,0.922204213938412,0.278125,0.398042414355628,0.400936037441498,0.400641025641026,0.868589743589744,0.914516129032258,0.90302066772655,0.921898928024502,0.916795069337442,0.0777777777777778,0.922834645669291,0.929712460063898,0.924528301886792,0.353130016051364,0.933656957928803,0.386046511627907,0.928682170542636,0.407232704402516,0.933333333333333,0.529225908372828,0.550702028081123,0.395638629283489,0.384735202492212,0.573692551505547,0.393841166936791,0.073094867807154,0.544585987261146,0.599025974025974,0.397476340694006,0.0766773162939297,0.391096979332273,0.3808,0.68860353130016,0.391304347826087,0.613564668769716,0.516962843295638,0.386217948717949,0.389751552795031,0.367741935483871,0.93485342019544,0.0712121212121212,0.0827814569536424,0.393416927899687,0.40095087163233,0.41692789968652,0.916398713826367,0.26742301458671,0.379746835443038,0.917460317460317,0.377777777777778,0.975845410628019,0.500805152979066,0.9248,0.91499227202473,0.921535893155259,0.385093167701863,0.523882896764253,0.392248062015504,0.38628762541806,0.3952,0.349683544303797,0.936688311688312,0.393312101910828,0.92109500805153,0.382495948136143,0.395081967213115,0.923556942277691,0.396411092985318,0.91705069124424,0.414125200642055,0.92258064516129,0.915064102564103,0.394654088050314,0.064,0.915756630265211,0.39873417721519,0.923202614379085,0.645569620253165,0.91358024691358,0.429699842022117,0.91820987654321,0.646964856230032,0.917609046849758,0.397350993377483,0.934920634920635,0.926100628930818,0.92246835443038,0.3872,0.397435897435897,0.388127853881279,0.425496688741722,0.270315091210614,0.388888888888889,0.91869918699187,0.398073836276083,0.908789386401327,0.920807453416149,0.407582938388626,0.391162029459902,0.391304347826087,0.46422893481717,0.404423380726698,0.9234375,0.918495297805643,0.401587301587302,0.404220779220779,0.55663430420712,0.51373182552504,0.395833333333333,0.390048154093098,0.915605095541401,0.382539682539683,0.396899224806202,0.909238249594814,0.379934210526316,0.386217948717949,0.0732484076433121,0.106646058732612,0.399030694668821,0.59480122324159,0.386942675159236,0.386581469648562,0.530903328050713,0.9072,0.388083735909823,0.934609250398724,0.397476340694006,0.4170692431562,0.395833333333333,0.556962025316456,0.390127388535032,0.929042904290429,0.391785150078989,0.39413680781759,0.411669367909238,0.611455108359133,0.912972085385878,0.410339256865913,0.404423380726698,0.0755627009646302,0.395866454689984,0.921630094043887,0.971830985915493,0.924071082390953,0.389776357827476,0.402208201892744,0.391025641025641,0.513219284603421,0.922455573505654,0.522167487684729,0.406807131280389,0.924290220820189,0.91679748822606,0.962204724409449,0.597774244833068,0.4016,0.435612082670906,0.398412698412698,0.389671361502347,0.9185303514377,0.925581395348837,0.427876823338736,0.554848966613672,0.919743178170145,0.917065390749601,0.923676012461059,0.607142857142857,0.923197492163009,0.390625,0.608974358974359,0.913928012519562,0.398119122257053,0.394944707740916,0.389240506329114,0.922955974842767,0.930124223602484,0.551894563426689,0.39589905362776,0.9185303514377,0.930448222565688,0.401587301587302,0.376788553259142,0.911076443057722,0.0853858784893268,0.394230769230769,0.387301587301587,0.0641025641025641,0.394654088050314,0.918876755070203,0.382113821138211,0.917721518987342,0.101105845181675,0.0726429675425039,0.833846153846154,0.405362776025237,0.913928012519562,0.929260450160772,0.0808709175738725,0.0706436420722135,0.393364928909953,0.938582677165354,0.392156862745098,0.923676012461059,0.394863563402889,0.920886075949367,0.921348314606742,0.960063897763578,0.729264475743349,0.915721231766613,0.91042345276873,0.0731319554848967,0.916666666666667,0.431177446102819,0.387096774193548,0.600308641975309,0.40405616224649,0.919871794871795,0.382022471910112,0.592948717948718,0.927652733118971,0.915993537964459,0.386513157894737,0.547839506172839,0.405405405405405,0.520967741935484,0.961352657004831,0.406698564593301,0.533751962323391,0.0647709320695103,0.3808,0.394276629570747,0.3872,0.929765886287625,0.554347826086957,0.388625592417062,0.9488,0.517128874388255,0.957746478873239,0.919685039370079,0.925632911392405,0.386792452830189,0.421393841166937,0.382636655948553,0.393026941362916,0.38740157480315,0.534992223950233,0.37904468412943,0.0740157480314961,0.598159509202454,0.924920127795527,0.403815580286169,0.38610662358643,0.396103896103896,0.396578538102644,0.524038461538462,0.924050632911392,0.408163265306122,0.4096,0.410891089108911,0.395461912479741,0.396196513470681,0.390953150242326,0.136150234741784,0.59640522875817,0.392628205128205,0.517996870109546,0.921974522292994,0.180817610062893,0.405023547880691,1,0.925124792013311,0.924050632911392,0.389857369255151,0.571428571428571,0.92368839427663,0.380726698262243,0.368167202572347,0.947284345047923,0.919003115264797,0.92891760904685,0.924959216965742,0.400316455696203,0.924713584288052,0.918918918918919,0.815409309791332,0.923076923076923,0.413312693498452,0.917573872472784,0.50487012987013,0.925324675324675,0.597809076682316,0.383386581469649,0.528,0.91437802907916,0.917609046849758,0.932907348242812,0.395238095238095,0.406003159557662,0.404878048780488,0.398412698412698,0.389967637540453,0.40224358974359,0.934747145187602,0.38125,0.922204213938412,0.925801011804384,0.685303514376997,0.0756578947368421,0.384976525821596,0.388364779874214,0.592476489028213,0.925233644859813,0.490506329113924,0.398133748055988,0.575757575757576,0.387820512820513,0.386837881219904,0.915605095541401,0.386942675159236,0.383050847457627,0.625201938610662,0.83739837398374,0.398190045248869,0.533442088091354,0.507269789983845,0.396496815286624,0.404494382022472,0.389240506329114,0.511217948717949,0.598086124401914,0.926791277258567,0.941362916006339,0.91640866873065,0.599369085173502,0.92776886035313,0.507269789983845,0.394524959742351,0.388254486133768,0.924050632911392,0.916006339144215,0.3584,0.922077922077922,0.924528301886792,0.933014354066986,0.390749601275917,0.397496087636933,0.923452768729642,0.392694063926941,0.605678233438486,0.390048154093098,0.378466557911909,0.386252045826514,0.0786516853932584,0.386645962732919,0.9232,0.919175911251981,0.52373417721519,0.0704225352112676,0.411111111111111,0.406050955414013,0.182552504038772,0.456168831168831,0.925324675324675,0.922204213938412,0.38740157480315,0.935691318327974,0.342857142857143,0.926590538336052,0.393846153846154,0.504746835443038,0.398089171974522,0.39708265802269,0.925632911392405,0.0800653594771242,0.919093851132686,0.374172185430464,0.389423076923077,0.918110236220472,0.916139240506329,0.933333333333333,0.48705501618123,0.917874396135266,0.384615384615385,0.550314465408805,0.409162717219589,0.403624382207578,0.0765625,0.0580645161290323,0.92604501607717,0.540322580645161,0.922345483359746,0.395498392282958,0.404567699836868,0.923566878980892,0.933333333333333,0.133971291866029,0.394654088050314,0.919431279620853,0.828438948995363,0.9248,0.401244167962675,0.147909967845659,0.609717868338558,0.9328125,0.921052631578947,0.925806451612903,0.919093851132686,0.919629057187017,0.369397217928903,0.386046511627907,0.926100628930818,0.108943089430894,0.0772946859903382,0.370607028753994,0.0841584158415842,0.39589905362776,0.92368839427663,0.602584814216478,0.925349922239502,0.934920634920635,0.819182389937107,0.933764135702746,0.596518987341772,0.921135646687697,0.923948220064725,0.92604501607717,0.920127795527157
"691",0.292845257903494,0.307317073170732,0.311688311688312,0.31953642384106,0.305057096247961,0.298850574712644,0.0115702479338843,0.31810766721044,0.299352750809061,0.586776859504132,0.305379746835443,0.655448717948718,0.506644518272425,0.314238952536825,1,1,0.623987034035656,0,0.313014827018122,0.29903536977492,1,1,0.314935064935065,0.522508038585209,0.307324840764331,1,1,0.329931972789116,0.301435406698565,0.50814332247557,1,0.583860759493671,0.353130016051364,0.995121951219512,0.672727272727273,0.308998302207131,0.135048231511254,0.313099041533546,1,0.296116504854369,0.00326797385620915,0,0,0.318936877076412,0.307692307692308,1,0.99349593495935,1,1,1,0.692307692307692,0.319397993311037,1,0.31869918699187,0.308064516129032,0.81953642384106,0.116086235489221,0.31219512195122,0.306188925081433,0.314332247557003,0.990338164251208,1,1,0.00494233937397035,0.303986710963455,0.313408723747981,0.666666666666667,0.316666666666667,0.620094191522763,1,0.3008,1,1,0.265993265993266,0.158576051779935,0.30952380952381,1,0.995207667731629,0.316211878009631,1,0.616040955631399,1,1,0.32794830371567,1,0.315217391304348,0.309090909090909,0.314935064935065,0.309061488673139,0,0.315,0.315286624203822,0.686998394863563,0.605095541401274,0.30278232405892,0.6544,0.693811074918567,0.305466237942122,0.12248322147651,0,0.307317073170732,0.626229508196721,1,0.31,1,0.316749585406302,0,0.311986863711002,1,1,1,0.293548387096774,0.995137763371151,0.322683706070288,0.215654952076677,0.300476947535771,1,0.402889245585875,1,1,0.209415584415584,0.303370786516854,1,1,0.318979266347687,1,0.306027820710974,0.302250803858521,0.391803278688525,0.78740157480315,0.309484193011647,1,0.319672131147541,0.646687697160883,0.325,1,0.00158982511923688,1,0.364516129032258,0.898502495840266,0.595394736842105,0.605911330049261,0.307073954983923,0.310743801652893,1,0.314606741573034,1,0.294308943089431,0.48705501618123,0.315789473684211,1,0.303225806451613,0.306799336650083,0.312703583061889,0.322950819672131,1,0.293637846655791,1,0.446031746031746,0.311897106109325,1,0.314785373608903,1,0.603678929765886,0.308457711442786,1,0.304487179487179,0.308186195826645,0.330049261083744,0.987012987012987,0.318555008210181,1,0.313725490196078,1,0.314285714285714,1,0.605136436597111,0.287319422150883,0.0255536626916525,0.289297658862876,0.303715670436187,1,0.28921568627451,0.306688417618271,0.304625199362041,0.313821138211382,1,1,0.315702479338843,0.314662273476112,1,1,0.317307692307692,0.250401284109149,0.0155038759689922,0.693037974683544,1,0.00323101777059774,0.303715670436187,1,0.312393887945671,0.301435406698565,0.310679611650485,0.996768982229402,1,1,0.315457413249211,0.303691275167785,0.3088,0.692307692307692,0.295566502463054,1,0.328968903436989,1,1,0.438625204582651,0.309446254071661,0.315372424722662,0.315789473684211,0.296900489396411,0.300653594771242,0.653721682847896,1,1,0.304838709677419,0.00322061191626409,0.317965023847377,0.312202852614897,0.316393442622951,0.301282051282051,0.288524590163934,0.307448494453249,0.698360655737705,0.391025641025641,0.300163132137031,1,0.314332247557003,1,0.301612903225806,0.294407894736842,0.30718954248366,0.314569536423841,0.306020066889632,1,0.3056,0.791390728476821,1,1,0.996699669966997,1,1,0.903878583473862,1,1,1,0.306581059390048,1,0.315161839863714,0,1,0.408585055643879,1,0.313953488372093,0.313628899835796,0.304276315789474,0.446078431372549,1,0.310897435897436,1,1,1,1,0,0.303130148270181,1,1,0.307317073170732,1,0.31219512195122,1,1,0.30278232405892,0.32183908045977,0.296116504854369,0.150326797385621,0.318555008210181,0,0.605095541401274,1,0.31139646869984,0.318864774624374,0.5904,1,1,0.318104906937394,0.318555008210181,1,0.665040650406504,0.714046822742475,0.300970873786408,0.313628899835796,0.99203821656051,0.312903225806452,0.29393468118196,1,0.306320907617504,0.293075684380032,1,0.3003300330033,0.306188925081433,0.301612903225806,0.302439024390244,1,1,1,0.309602649006623,0.316912972085386,0.00631911532385466,0.99185667752443,0.315,1,1,0.30064308681672,0.314375987361769,0.296,0.311582381729201,0.306581059390048,1,0.294892915980231,0.303921568627451,0.587064676616915,1,0.848039215686274,1,0,1,0.320695102685624,1,1,0.442857142857143,0.998410174880763,0.312709030100334,1,0.298187808896211,0.297520661157025,0.30016051364366,1,1,0.309904153354633,0.392190152801358,0.619439868204283,0.291118421052632,1,1,1,0.313953488372093,1,0.217320261437909,1,1,1,1,0.31629392971246,1,0.304347826086957,0.32843137254902,0.687702265372168,0.289735099337748,1,0.317230273752013,0.307570977917981,0.303691275167785,1,0.297939778129952,1,0.325949367088608,0.47275641025641,0.317230273752013,0.313856427378965,0.295819935691318,1,0.31219512195122,0.296235679214403,1,1,0.314845024469821,0.303130148270181,1,0.4864,0.30114566284779,0.314516129032258,0.322006472491909,0.685303514376997,1,0.288364249578415,1,0.449675324675325,0.305555555555556,0,0.879936808846761,0.317275747508306,0.310064935064935,0,0.0313531353135314,0.982258064516129,0.309562398703404,1,0.297385620915033,0.301346801346801,1,0.319935691318328,0.302980132450331,0.678688524590164,1,0.312091503267974,0.313311688311688,1,0.304838709677419,0.303839732888147,1,0.360708534621578,0.307692307692308,0.31378763866878,0.32569558101473,0.777059773828756,1,0.983525535420099,1,1,0.00165289256198347,1,0.995153473344103,1,0.449346405228758,0.996710526315789,0.308056872037915,0.993630573248408,0.322899505766063,0.996763754045307,0.612852664576803,0.636075949367089,0.311216429699842,0.302839116719243,0.65415986949429,0.311447811447811,0,0.640776699029126,0.695723684210526,0.307073954983923,0.00162074554294976,0.303776683087028,0.2944,0.786535303776683,0.316393442622951,0.694444444444444,0.606907894736842,0.313311688311688,0.312399355877617,0.298701298701299,1,0.0250391236306729,0,0.310289389067524,0.313915857605178,0.322006472491909,1,0.363192182410423,0.309562398703404,1,0.294498381877023,0.945337620578778,0.583333333333333,1,1,0.993162393162393,0.311708860759494,0.614649681528662,0.306962025316456,0.307823129251701,0.311688311688312,0.447784810126582,1,0.303425774877651,1,0.319256756756757,0.315436241610738,1,0.316912972085386,1,0.311074918566775,1,1,0.314516129032258,0,1,0.311290322580645,1,0.552884615384615,1,0.523961661341853,1,0.5553772070626,1,0.311447811447811,1,1,1,0.300970873786408,0.311986863711002,0.306603773584906,0.338383838383838,0.352542372881356,0.305555555555556,1,0.318255250403877,1,1,0.314424635332253,0.314569536423841,0.3088,0.378068739770867,0.319870759289176,1,1,0.320967741935484,0.31404958677686,0.640132669983416,0.59771986970684,0.313408723747981,0.31023102310231,1,0.297734627831715,0.305246422893482,0.995090016366612,0.293918918918919,0.303858520900322,0,0.139646869983949,0.316993464052288,0.68266253869969,0.308823529411765,0.3104,0.60828025477707,0.9967585089141,0.30514096185738,1,0.300324675324675,0.339869281045752,0.304276315789474,0.477564102564103,0.306020066889632,1,0.309677419354839,0.319078947368421,0.323529411764706,0.694888178913738,1,0.313531353135314,0.303858520900322,0,0.311290322580645,0.99836867862969,0.957792207792208,1,0.310457516339869,0.316393442622951,0.303571428571429,0.600953895071542,1,0.606010016694491,0.321895424836601,1,1,0.965853658536585,0.690821256038647,0.316476345840131,0.363344051446945,0.30622009569378,0.315047021943574,1,1,0.528641571194763,0.643548387096774,1,1,0.998402555910543,0.696223316912972,1,0.318910256410256,0.694308943089431,1,0.31869918699187,0.312091503267974,0.302479338842975,0.996774193548387,1,0.656040268456376,0.321311475409836,1,1,0.315702479338843,0.302588996763754,0.99837925445705,0,0.306055646481178,0.298850574712644,0.00488599348534202,0.307936507936508,1,0.301666666666667,1,0.143769968051118,0,0.901869158878505,0.314696485623003,1,1,0,0.00159235668789809,0.312803889789303,1,0.29734219269103,0.996810207336523,0.300653594771242,1,0.998366013071895,0.966019417475728,0.790660225442834,1,1,0.0032520325203252,1,0.534686971235195,0.313014827018122,0.676703645007924,0.31629392971246,1,0.303370786516854,0.686591276252019,1,1,0.303389830508475,0.629107981220657,0.313408723747981,0.594813614262561,0.968903436988543,0.32516339869281,0.611382113821138,0.0113268608414239,0.297077922077922,0.305379746835443,0.310509554140127,1,0.646774193548387,0.296950240770466,0.886699507389163,0.600985221674877,0.966772151898734,1,1,0.297385620915033,0.332236842105263,0.303921568627451,0.301765650080257,0.307814992025518,0.632165605095541,0.291139240506329,0,0.682316118935837,0.998405103668262,0.320512820512821,0.302100161550889,0.312811980033278,0.308056872037915,0.620915032679739,1,0.329093799682035,0.323432343234323,0.31748726655348,0.312703583061889,0.304140127388535,0.304418985270049,0.201587301587302,0.693843594009983,0.306930693069307,0.61259842519685,1,0.257234726688103,0.305691056910569,0.925124792013311,1,1,0.307692307692308,0.651465798045603,1,0.300476947535771,0.28780487804878,0.955954323001631,1,1,0.996694214876033,0.310289389067524,1,1,0.904918032786885,1,0.339712918660287,1,0.596989966555184,1,0.6832,0.301794453507341,0.611842105263158,1,1,0.991652754590985,0.307086614173228,0.311897106109325,0.318181818181818,0.311367380560132,0.312709030100334,0.30983606557377,0.986688851913478,0.298245614035088,1,1,0.732371794871795,0,0.314785373608903,0.3056,0.686900958466454,1,0.57516339869281,0.316118935837246,0.652173913043478,0.301612903225806,0.309882747068677,1,0.301666666666667,0.297945205479452,0.70327868852459,0.916387959866221,0.307210031347962,0.609427609427609,0.589490968801314,0.314332247557003,0.316831683168317,0.298045602605863,0.610114192495922,0.689210950080515,1,0.893030794165316,1,0.674718196457327,0.99672131147541,0.600654664484452,0.303921568627451,0.311774461028192,1,1,0.452188006482982,0.993388429752066,0.998402555910543,1,0.298507462686567,0.3216,1,0.309375,0.689822294022617,0.317434210526316,0.485436893203884,0.296540362438221,0,0.299840510366826,1,1,0.603503184713376,0.00161812297734628,0.319047619047619,0.316309719934102,0.098705501618123,0.412935323383085,1,1,0.305466237942122,1,0.440129449838188,1,0.316614420062696,0.607431340872375,0.311290322580645,0.304777594728171,1,0,1,0.298507462686567,0.308072487644152,1,1,1,0.431666666666667,1,0.312703583061889,0.623417721518987,0.321895424836601,0.31438127090301,0.0016260162601626,0.0373376623376623,1,0.635467980295567,1,0.319148936170213,0.325,1,1,0.169082125603865,0.295269168026101,1,0.904153354632588,1,0.319354838709677,0.212418300653595,0.677830940988836,1,1,1,1,1,0.280507131537242,0.298360655737705,1,0.115894039735099,0.00162866449511401,0.460420032310178,0,0.317152103559871,1,0.690515806988353,1,1,0.889430894308943,1,0.69281045751634,1,1,1,1
"692",0.292259083728278,0.303125,0.304347826086957,0.325914149443561,0.303125,0.299212598425197,0.0127186009538951,0.318037974683544,0.306153846153846,0.576298701298701,0.315548780487805,0.648902821316614,0.516693163751987,0.312989045383412,1,1,0.624420401854714,0,0.31875,0.305295950155763,1,1,0.310872894333844,0.517996870109546,0.305722891566265,1,1,0.329052969502408,0.311728395061728,0.520504731861199,1,0.591463414634146,0.364471669218989,0.995319812792512,0.67244094488189,0.300826446280992,0.144634525660964,0.317073170731707,1,0.300911854103343,0.00311526479750779,0,0,0.322734499205087,0.31378763866878,1,0.995305164319249,1,1,1,0.698142414860681,0.318611987381703,1,0.313084112149533,0.308777429467085,0.811232449297972,0.127388535031847,0.314152410575428,0.309707241910632,0.320433436532508,0.990881458966565,1,1,0.00313479623824451,0.309294871794872,0.31055900621118,0.667706708268331,0.311424100156495,0.622356495468278,1,0.308777429467085,1,1,0.273301737756714,0.163833075734158,0.30804248861912,1,0.996923076923077,0.315301391035549,1,0.603225806451613,1,1,0.315068493150685,1,0.311649016641452,0.313178294573643,0.31619937694704,0.305993690851735,0,0.313084112149533,0.319880418535127,0.691950464396285,0.582945736434109,0.307086614173228,0.652631578947368,0.690993788819876,0.305555555555556,0.119547657512116,0,0.301857585139319,0.624605678233438,1,0.309061488673139,1,0.311811023622047,0,0.316535433070866,1,1,1,0.302034428794992,0.9953125,0.320251177394035,0.212863705972435,0.302431610942249,1,0.371212121212121,1,1,0.213728549141966,0.308755760368664,1,1,0.314984709480122,1,0.308270676691729,0.308396946564885,0.376160990712074,0.759146341463415,0.311605723370429,1,0.32182103610675,0.649546827794562,0.325806451612903,1,0.0015552099533437,1,0.367088607594937,0.888529886914378,0.577708006279435,0.597842835130971,0.305295950155763,0.310509554140127,1,0.316118935837246,1,0.297971918876755,0.50231124807396,0.324734446130501,1,0.305295950155763,0.307086614173228,0.324281150159744,0.31911532385466,1,0.303459119496855,1,0.429892141756549,0.320061255742726,1,0.310136157337368,1,0.593406593406593,0.308544303797468,1,0.316535433070866,0.304212168486739,0.327073552425665,0.989214175654854,0.321316614420063,1,0.3125,1,0.31219512195122,1,0.593457943925234,0.297971918876755,0.035426731078905,0.304975922953451,0.309968847352025,1,0.301391035548686,0.316614420062696,0.315950920245399,0.321928460342146,1,1,0.3152,0.314329738058552,1,1,0.317262830482115,0.233128834355828,0.0208643815201192,0.688372093023256,1,0.00309119010819165,0.311349693251534,1,0.3152,0.306153846153846,0.307098765432099,0.998461538461539,1,1,0.324734446130501,0.311897106109325,0.315047021943574,0.688498402555911,0.30298273155416,1,0.332312404287902,1,1,0.438271604938272,0.311708860759494,0.308892355694228,0.317757009345794,0.29264475743349,0.299363057324841,0.657276995305164,1,1,0.312594840667678,0.00305343511450382,0.322188449848024,0.316265060240964,0.315301391035549,0.30568356374808,0.294025157232704,0.308510638297872,0.699074074074074,0.357142857142857,0.305471124620061,1,0.317683881064163,1,0.300623052959502,0.30298273155416,0.303937007874016,0.322734499205087,0.304700162074554,1,0.311728395061728,0.802839116719243,1,1,0.996840442338073,1,1,0.8976,1,1,1,0.306990881458967,1,0.313725490196078,0,1,0.380152671755725,1,0.319182389937107,0.314553990610329,0.307086614173228,0.4171875,1,0.313084112149533,1,1,1,1,0,0.304416403785489,1,1,0.308892355694228,1,0.32258064516129,1,1,0.2992,0.314102564102564,0.288819875776398,0.153846153846154,0.317460317460317,0,0.604229607250755,1,0.308396946564885,0.313385826771654,0.581679389312977,1,1,0.319488817891374,0.3234375,1,0.66407465007776,0.703937007874016,0.290015847860539,0.309178743961353,0.993893129770992,0.316118935837246,0.301204819277108,1,0.305295950155763,0.295489891135303,1,0.301412872841444,0.312796208530806,0.313846153846154,0.306976744186047,1,1,1,0.308892355694228,0.32093023255814,0.00458015267175573,0.993730407523511,0.311216429699842,1,1,0.307332293291732,0.321483771251932,0.300153139356815,0.313755795981453,0.307692307692308,1,0.303459119496855,0.30173775671406,0.578947368421053,1,0.835423197492163,1,0,1,0.314456035767511,1,1,0.413373860182371,0.998468606431853,0.318471337579618,1,0.305993690851735,0.29595015576324,0.301391035548686,1,1,0.311912225705329,0.400958466453674,0.622641509433962,0.297427652733119,1,1,1,0.313291139240506,1,0.215503875968992,1,1,1,1,0.321100917431193,1,0.306055646481178,0.32398753894081,0.687402799377916,0.295345104333868,1,0.313479623824451,0.311450381679389,0.313001605136437,1,0.304347826086957,1,0.320839580209895,0.481538461538462,0.313178294573643,0.322169059011164,0.304615384615385,1,0.316535433070866,0.297380585516179,1,1,0.311627906976744,0.301391035548686,1,0.484939759036145,0.30952380952381,0.31839258114374,0.317757009345794,0.684867394695788,1,0.293929712460064,1,0.413738019169329,0.306836248012719,0,0.873475609756098,0.309904153354633,0.309119010819165,0,0.0297805642633229,0.982998454404946,0.309597523219814,1,0.304761904761905,0.308064516129032,1,0.319444444444444,0.314329738058552,0.673374613003096,1,0.313971742543171,0.310618066561014,1,0.306027820710974,0.306477093206951,1,0.341121495327103,0.303875968992248,0.324074074074074,0.323390894819466,0.795384615384615,1,0.984251968503937,1,1,0.00157977883096367,1,0.993846153846154,1,0.43125,0.996774193548387,0.303215926493109,0.993893129770992,0.321766561514196,0.996894409937888,0.606875934230194,0.63482280431433,0.313455657492355,0.296754250386399,0.652582159624413,0.312101910828025,0,0.644305772230889,0.694620253164557,0.311926605504587,0.0015625,0.310832025117739,0.301538461538462,0.761453396524487,0.3125,0.696261682242991,0.601895734597156,0.3140625,0.30781010719755,0.296754250386399,1,0.0281065088757396,0,0.312788906009245,0.319508448540707,0.324492979719189,1,0.336477987421384,0.314728682170543,1,0.295107033639144,0.940902021772939,0.575899843505477,1,1,0.995,0.310136157337368,0.616588419405321,0.313935681470138,0.306089743589744,0.306729264475743,0.415123456790123,1,0.306962025316456,1,0.313001605136437,0.312399355877617,1,0.306349206349206,1,0.315047021943574,1,1,0.319938176197836,0,1,0.313178294573643,1,0.572307692307692,1,0.511415525114155,1,0.559241706161137,1,0.312202852614897,1,1,1,0.311424100156495,0.318681318681319,0.311649016641452,0.335483870967742,0.326984126984127,0.297380585516179,1,0.315541601255887,1,1,0.32093023255814,0.316455696202532,0.309923664122137,0.386153846153846,0.320552147239264,1,1,0.318952234206472,0.316037735849057,0.635220125786163,0.59717868338558,0.309119010819165,0.315372424722662,1,0.292379471228616,0.313725490196078,0.995348837209302,0.310897435897436,0.302652106084243,0,0.143511450381679,0.310452418096724,0.680597014925373,0.30503144654088,0.313572542901716,0.599099099099099,0.998430141287284,0.306477093206951,1,0.302839116719243,0.332288401253919,0.311248073959938,0.478527607361963,0.311320754716981,1,0.318611987381703,0.315619967793881,0.328548644338118,0.699088145896657,1,0.314785373608903,0.314329738058552,0,0.320872274143302,0.998452012383901,0.954828660436137,1,0.313935681470138,0.31832298136646,0.312302839116719,0.587155963302752,1,0.596518987341772,0.332288401253919,1,1,0.963076923076923,0.684542586750789,0.3198127925117,0.342635658914729,0.31875,0.306278713629403,1,1,0.515772870662461,0.645468998410175,1,1,0.998459167950693,0.7008,1,0.317147192716237,0.684292379471229,1,0.321428571428571,0.303405572755418,0.313084112149533,0.996932515337423,1,0.654281098546042,0.314329738058552,1,1,0.320813771517997,0.302180685358255,0.998449612403101,0,0.306451612903226,0.300632911392405,0.0046801872074883,0.306501547987616,1,0.310236220472441,1,0.149162861491629,0,0.90273556231003,0.316358024691358,1,1,0,0.00153609831029186,0.315870570107858,1,0.305331179321486,0.996978851963746,0.306603773584906,1,0.998412698412698,0.962323390894819,0.768875192604006,1,1,0.00309597523219814,1,0.52,0.318037974683544,0.672256097560976,0.314241486068111,1,0.30503144654088,0.6828125,1,1,0.308917197452229,0.620481927710843,0.31937984496124,0.591125198098257,0.973143759873618,0.3234375,0.606811145510836,0.0124031007751938,0.304347826086957,0.311145510835913,0.318952234206472,1,0.649923896499239,0.311349693251534,0.884615384615385,0.594551282051282,0.962848297213622,1,1,0.303738317757009,0.327476038338658,0.310236220472441,0.306625577812018,0.304821150855365,0.625,0.30030487804878,0,0.683582089552239,0.998447204968944,0.314900153609831,0.301242236024845,0.318255250403877,0.315950920245399,0.616692426584235,1,0.329721362229102,0.324921135646688,0.318840579710145,0.311526479750779,0.307931570762053,0.3125,0.197268588770865,0.682316118935837,0.316037735849057,0.602150537634409,1,0.230182926829268,0.305084745762712,0.924050632911392,1,1,0.307098765432099,0.644171779141104,1,0.303215926493109,0.3,0.954545454545455,1,1,0.996774193548387,0.319634703196347,1,1,0.897637795275591,1,0.344615384615385,1,0.6032,1,0.679331306990882,0.310725552050473,0.593059936908517,1,1,0.992175273865415,0.321044546850998,0.316998468606432,0.311897106109325,0.309968847352025,0.31687898089172,0.31629392971246,0.985781990521327,0.300925925925926,1,1,0.716510903426791,0,0.316109422492401,0.309341500765697,0.686915887850467,1,0.56386292834891,0.31570996978852,0.653968253968254,0.304482225656878,0.309033280507132,1,0.309294871794872,0.31023102310231,0.679936305732484,0.906050955414013,0.316023738872404,0.610062893081761,0.5890625,0.314553990610329,0.318037974683544,0.294209702660407,0.603076923076923,0.688473520249221,1,0.883830455259027,1,0.674846625766871,0.996845425867508,0.602218700475436,0.302003081664099,0.315789473684211,1,1,0.429237947122862,0.995169082125604,0.998482549317147,1,0.306962025316456,0.317411402157165,1,0.308383233532934,0.68380062305296,0.330708661417323,0.45958795562599,0.29047619047619,0,0.305722891566265,1,1,0.596244131455399,0.00153846153846154,0.324031007751938,0.318611987381703,0.0828125,0.405448717948718,1,1,0.312111801242236,1,0.405320813771518,1,0.326717557251908,0.6,0.320373250388802,0.314194577352472,1,0,1,0.304897314375987,0.315457413249211,1,1,1,0.447040498442368,1,0.30757341576507,0.631987577639752,0.32398753894081,0.320450885668277,0.00152905198776758,0.0421216848673947,1,0.627943485086342,1,0.324655436447167,0.32258064516129,1,1,0.16304347826087,0.303543913713405,1,0.902290076335878,1,0.314814814814815,0.201892744479495,0.67741935483871,1,1,1,1,1,0.284417549167927,0.283720930232558,1,0.124006359300477,0.00158982511923688,0.43613707165109,0,0.320872274143302,1,0.68025078369906,1,1,0.886676875957121,1,0.687789799072643,1,1,1,1
"693",1,1,1,1,1,1,0.707006369426752,1,1,0.103727714748784,1,0.0484375,0.7952,1,0.307570977917981,0.300462249614792,0.0721966205837174,0.69281045751634,1,1,0.284810126582278,0.301282051282051,1,0.168224299065421,1,0.315950920245399,0.306581059390048,1,1,0.778129952456418,0.30077519379845,0.725,0.961479198767334,0.308056872037915,0,1,0.547021943573668,1,0.298953662182362,1,0.672926447574335,0.681181959564541,0.697674418604651,1,1,0.309748427672956,0.316957210776545,0.299694189602446,0.311827956989247,0.320373250388802,0,1,0.298921417565485,1,1,0.497652582159624,0.566455696202532,1,1,1,0.331259720062208,0.310344827586207,0.3168,0.689490445859873,1,1,0.0391849529780564,1,0.0681818181818182,0.312977099236641,1,0.311912225705329,0.31637519872814,0.959742351046699,0.51617873651772,1,0.301242236024845,0.327666151468315,1,0.314009661835749,0.0963081861958267,0.320695102685624,0.31104199066874,1,0.325984251968504,1,1,1,1,0.695046439628483,1,1,0.00153846153846154,0.11402157164869,1,0.0500758725341426,0,1,0.57484076433121,0.683881064162754,1,0.061128526645768,0.305900621118012,1,0.307210031347962,1,0.689274447949527,1,0.314375987361769,0.315870570107858,0.317411402157165,1,0.321928460342146,1,0.493957703927492,1,0.311320754716981,0.301538461538462,0.317147192716237,0.308544303797468,0.486196319018405,0.998444790046656,0.314329738058552,0.305958132045089,1,0.298003072196621,1,1,0.340157480314961,0.548238897396631,1,0.311320754716981,1,0.0468986384266263,1,0.312883435582822,0.675384615384615,0.32469512195122,0.919685039370079,0.440514469453376,0.113057324840764,0.106180665610143,1,1,0.3198127925117,1,0.313253012048193,1,0.790446841294299,1,0.318627450980392,1,1,1,1,0.322222222222222,1,0.31974921630094,0.265432098765432,1,0.30757341576507,1,0.287480680061824,0.0910518053375196,1,0.308917197452229,1,1,1,0.325581395348837,1,0.322115384615385,1,0.303125,1,0.313971742543171,0.0819165378670788,1,0.636510500807754,1,1,0.311111111111111,1,1,1,1,0.312302839116719,0.306748466257669,1,0.998417721518987,0.319083969465649,0.30298273155416,1,0.453703703703704,0.667651403249631,0,0.317757009345794,0.68,1,0.315384615384615,1,0.998459167950693,1,0.308527131782946,0.3125,0.313504823151125,1,1,1,0,1,0.298722044728434,0.970404984423676,0.316535433070866,0.300940438871473,0.748815165876777,1,1,1,1,1,0.0478395061728395,0.306836248012719,0.316770186335404,1,0.693146417445483,1,1,0.998435054773083,0.998461538461539,1,1,0.00463678516228748,0.322137404580153,1,0.29874213836478,1,0.294851794071763,1,1,1,1,1,0.310618066561014,1,0.513302034428795,0.31911532385466,0.324960753532182,0.303125,0.313291139240506,0.317384370015949,0.418152350081037,0.318885448916409,0.307931570762053,0.300462249614792,1,0.313971742543171,1,0.691833590138675,0.314728682170543,0.320987654320988,0.328548644338118,1,1,1,0.267080745341615,0.306625577812018,1,0.310509554140127,0.317972350230415,0.29874213836478,0.313664596273292,0.686335403726708,1,0.32093023255814,0.305732484076433,1,0.301282051282051,1,0.306153846153846,0.315301391035549,1,1,1,0.5375,1,0.688854489164087,0.0895295902883156,0.315625,1,1,0.105828220858896,0.314503816793893,0.317384370015949,1,1,0.303405572755418,0.0284810126582278,0.0032626427406199,1,1,0.327794561933535,0.998432601880878,1,0.301538461538462,1,1,0.315870570107858,1,1,1,1,0.322480620155039,0.305135951661631,0.32,1,1,0.680555555555556,0.310725552050473,1,0.313546423135464,0.294025157232704,1,1,0.998444790046656,1,1,0.322327044025157,1,1,0.115987460815047,0.32824427480916,0.500782472613459,0.299212598425197,0.673846153846154,0.311248073959938,1,0.302839116719243,0.326530612244898,0.269470404984424,0.30781010719755,1,0.315548780487805,1,1,1,0.304212168486739,0.308868501529052,0.998447204968944,0.919354838709677,0.0697305863708399,1,0.306729264475743,0.31687898089172,0.30188679245283,1,0.321044546850998,0.476635514018692,0.320373250388802,0.303680981595092,0.307814992025518,0.304278922345483,1,0.316957210776545,1,1,0,1,0.316118935837246,1,1,1,0.316614420062696,1,0.30379746835443,1,0.828483920367534,1,1,1,0.314984709480122,1,1,0.306976744186047,0.30379746835443,1,1,0.303875968992248,0.201820940819423,1,0.998459167950693,1,0,0.304625199362041,1,0.300623052959502,0.255924170616114,1,0.685099846390169,0.438543247344461,1,1,0.684451219512195,0.699530516431925,0.342723004694836,1,0.313479623824451,1,1,0.325434439178515,1,0.998410174880763,0.00934579439252336,0.321372854914197,1,1,0.312202852614897,1,1,0.299843014128728,0.33693972179289,1,1,1,0.535384615384615,0.303543913713405,0.340222575516693,0.308157099697885,0.322378716744914,0.700787401574803,0.317262830482115,0.318818040435459,0.30381679389313,0.247295208655332,0.3136,1,0.310769230769231,0.998410174880763,0.308049535603715,0.088855421686747,0.0555555555555556,1,1,0.0417956656346749,1,0.689127105666156,0.0463678516228748,0.0144,1,0.6828125,1,1,0.544303797468354,1,0,0.0814696485623003,1,1,1,0.318979266347687,0.649253731343284,0.692431561996779,0.993846153846154,1,0.981366459627329,0.302469135802469,0.342723004694836,1,0.294025157232704,1,0.371559633027523,0.114104595879556,0.301242236024845,0.311550151975684,0.32569558101473,1,0.0851393188854489,1,1,1,0.264615384615385,0.31139646869984,1,0.318681318681319,1,1,0.302003081664099,1,0.318731117824773,1,0.307570977917981,0.31911532385466,1,0.693623639191291,0.306766917293233,1,0.296703296703297,0.7484375,0.313725490196078,0.171779141104294,0.315868263473054,0.757575757575758,0.296529968454259,1,0.316279069767442,0.333333333333333,0.282608695652174,1,1,1,0.971061093247588,0.343698854337152,1,0.31869918699187,1,0.310569105691057,0.311178247734139,1,1,1,0.913385826771654,1,0.305084745762712,0.31055900621118,1,1,0.0552922590837283,0.084375,1,1,0.297297297297297,1,1,0.3109375,1,1,0.689922480620155,0.532407407407407,1,0,1,1,0.10806697108067,0.316118935837246,1,0.322327044025157,0.998447204968944,0.963722397476341,0.9984375,0.809302325581395,1,0.318327974276527,1,1,1,0,0.308562197092084,1,1,0.678071539657854,1,0.310452418096724,0.35968992248062,0.312693498452012,1,1,1,0.100154083204931,0.315541601255887,0.0966719492868463,0.998412698412698,0.30521472392638,0.297546012269939,0.349922239502333,0,1,0.953198127925117,1,1,0.323671497584541,0.289833080424886,0.173228346456693,0.0427215189873418,0.31104199066874,0.306349206349206,0.321592649310873,0.00161030595813205,0.306853582554517,1,0,0.311550151975684,1,1,1,0.303738317757009,0.312688821752266,0.0373376623376623,1,0.307692307692308,0.308623298033283,1,1,0.312024353120244,0.701782820097245,1,1,0.695787831513261,1,0.308623298033283,1,0.311811023622047,0.529770992366412,0.674884437596302,0.402124430955994,1,0.294027565084227,0.318252730109204,0.688271604938272,0.674846625766871,1,0.311526479750779,1,0.318042813455657,1,0.303405572755418,0.3072,0.349056603773585,0.532724505327245,0.304278922345483,0.298578199052133,0.671875,0.311450381679389,0.163987138263666,1,0,1,0.280898876404494,1,0,0.318541996830428,0.305246422893482,1,0.0626865671641791,1,0.094488188976378,0.340222575516693,1,0.0722135007849294,0.672256097560976,1,1,1,0.302439024390244,0.0445468509984639,1,0.433903576982893,0.104928457869634,0.356374807987711,0.313084112149533,0.316846986089645,1,1,1,1,1,0.0746951219512195,0.996951219512195,0.68960244648318,0.00448430493273543,0.317683881064163,1,1,1,1,0.0934579439252336,0.308282208588957,1,1,1,1,1,1,0.483383685800604,0.00157977883096367,1,0.0870917573872473,0.308056872037915,0.447204968944099,1,0.389857369255151,0.307692307692308,0.307098765432099,1,0.0416666666666667,0.306748466257669,1,1,0.365777080062794,0.307339449541284,0.309006211180124,0.315873015873016,0.998439937597504,0.3125,0.315789473684211,0.421630094043887,0.311912225705329,0.972519083969466,0.301369863013699,0.0898876404494382,0.318037974683544,0,1,0.0964230171073095,0.309148264984227,0.305555555555556,0.311811023622047,1,1,1,1,1,1,0.322734499205087,1,0.311248073959938,0.306291390728477,0.601526717557252,0.673534072900158,1,1,0,0.311450381679389,0.133858267716535,0.998505231689088,0.0363349131121643,1,1,0.3056,1,1,0.625990491283677,0.421221864951768,0.995495495495496,0.0868167202572347,0.103338632750397,1,1,1,0.0904836193447738,0,0.308282208588957,0.435331230283912,0.310872894333844,0,0.322932917316693,0.0932475884244373,1,1,0.313271604938272,0.3140625,0.249614791987673,0.330128205128205,0.308777429467085,0.307692307692308,1,1,0.324960753532182,1,0,1,0.239811912225705,1,0.680817610062893,1,0.302652106084243,0.3072,0.0830769230769231,0.687692307692308,1,1,0.783359497645212,0.896381578947368,0.308681672025723,0.309791332263242,1,0.312693498452012,0.263239875389408,0.312,1,0.110410094637224,1,1,0.31055900621118,0.6848,0.296474358974359,1,1,0.296529968454259,0.295839753466872,0.309451219512195,0.856459330143541,0.308064516129032,1,0.0649149922720247,1,1,0.696969696969697,0.652713178294574,0.315789473684211,0.0625,0.31924882629108,1,1,0.310126582278481,0.317829457364341,0.612403100775194,1,0.299079754601227,0.375579598145286,0.304212168486739,0.99079754601227,0.4770206022187,0.00462962962962963,0.292117465224111,0.316590563165906,0.32753164556962,0.306581059390048,0.309923664122137,0.973886328725038,1,0.3125,0.559870550161812,0.696969696969697,0.246105919003115,0.69721767594108,1,0.318681318681319,0.00157728706624606,0.320373250388802,0.30625,0.367692307692308,0.314696485623003,0,0.329211746522411,0.317460317460317,0.3168,0.312597200622084
"694",0.0449438202247191,0.0424528301886792,0.0363349131121643,0.0414673046251994,0.0372093023255814,0.0436817472698908,0.32753164556962,0.0398724082934609,0.0434782608695652,0.94912559618442,0.0368098159509202,1,0.135433070866142,0.0385208012326656,0.637083993660856,0.647058823529412,0.981651376146789,0.361426256077796,0.0397456279809221,0.0373250388802488,0.662480376766091,0.6512,0.04,0.892307692307692,0.0455927051671733,0.63020030816641,0.639553429027113,0.0434083601286174,0.0446153846153846,0.163751987281399,0.651702786377709,0.216133942161339,0.0308166409861325,0.639876352395672,0.968602825745683,0.042833607907743,0.516975308641975,0.0384024577572965,0.666160849772382,0.043343653250774,0.381102362204724,0.36650868878357,0.349013657056146,0.0421875,0.04375,0.634340222575517,0.6484375,0.652777777777778,0.635239567233385,0.617602427921093,0.963358778625954,0.0409448818897638,0.641653905053599,0.043613707165109,0.0438184663536776,0.452229299363057,0.492979719188768,0.0378548895899054,0.0383435582822086,0.0427215189873418,0.622900763358779,0.63452566096423,0.640986132511556,0.373228346456693,0.0438311688311688,0.0465116279069767,1,0.0434782608695652,0.984894259818731,0.62962962962963,0.036979969183359,0.642301710730949,0.622186495176849,0.0727848101265823,0.535603715170279,0.040785498489426,0.651090342679128,0.619631901840491,0.0428134556574924,0.642394822006472,0.9568,0.628571428571429,0.621705426356589,0.0389408099688473,0.62557781201849,0.0411585365853659,0.0393700787401575,0.043343653250774,0.0389408099688473,0.349378881987578,0.0412698412698413,0.0345345345345345,0.960365853658537,0.949230769230769,0.0339256865912763,0.998500749625187,0.961180124223602,0.0426179604261796,0.487844408427877,0.367088607594937,0.0419906687402799,0.985959438377535,0.648985959438378,0.0420032310177706,0.634920634920635,0.0390625,0.364632237871674,0.0425867507886435,0.6390625,0.63206106870229,0.635514018691589,0.046583850931677,0.629230769230769,0.0376766091051805,0.565891472868217,0.043609022556391,0.64031007751938,0.754601226993865,0.635400907715582,0.641390205371248,0.568535825545171,0.0463678516228748,0.635811836115326,0.642405063291139,0.0371517027863777,0.650306748466258,0.037147102526003,0.0440729483282675,0.72884012539185,0.505263157894737,0.0378548895899054,0.643410852713178,0.0397456279809221,1,0.0352564102564103,0.640552995391705,0.369969040247678,0.622526636225266,0.0172143974960876,0.605431309904153,0.953271028037383,0.950387596899225,0.04375,0.0394944707740916,0.628346456692913,0.0343213728549142,0.637181409295352,0.0391236306729265,0.14064914992272,0.0454545454545455,0.636650868878357,0.0390015600624025,0.0461783439490446,0.0364500792393027,0.0393081761006289,0.626959247648903,0.0450310559006211,0.631496062992126,0.799065420560748,0.0432098765432099,0.645061728395062,0.0426179604261796,0.648606811145511,0.965785381026439,0.0393081761006289,0.639498432601881,0.0451010886469673,0.0401854714064915,0.0445859872611465,0.623456790123457,0.0395569620253165,0.63265306122449,0.0421216848673947,0.646058732612056,0.0416,0.634375,0.970358814352574,0.0417956656346749,0.408360128617363,0.0415335463258786,0.0410094637223975,0.647335423197492,0.035548686244204,0.0326086956521739,0.0388802488335925,0.0406885758998435,0.633802816901408,0.653786707882535,0.0461049284578696,0.040625,0.638759689922481,0.651828298887122,0.0419254658385093,0.602803738317757,0.379671150971599,0.957278481012658,0.640986132511556,0.373831775700935,0.0367534456355283,0.635542168674699,0.0410094637223975,0.0426829268292683,0.0386398763523957,0.643856920684292,0.641860465116279,0.62779552715655,0.0423600605143722,0.0352,0.0341085271317829,0.965408805031447,0.0410094637223975,0.65,0.0125195618153365,0.641185647425897,0.642301710730949,0.300925925925926,0.0391236306729265,0.0458715596330275,0.0358255451713396,0.0401234567901235,0.0375586854460094,1,0.636932707355243,0.62691131498471,0.0410334346504559,0.358895705521472,0.0412844036697248,0.0466165413533835,0.0413476263399694,0.0385802469135802,0.0362204724409449,0.0424886191198786,0.959752321981424,0.742033383915023,0.0432766615146832,0.64171974522293,0.0378548895899054,0.657450076804916,0.0371517027863777,0.0349206349206349,0.0376175548589342,0.041335453100159,0.0425867507886435,0.636932707355243,0.0415384615384615,0.429252782193959,0.629283489096573,0.630534351145038,0.639625585023401,0.63166144200627,0.62754303599374,0.625796178343949,0.618380062305296,0.634408602150538,0.638198757763975,0.0431432973805855,0.635646687697161,0.0360065466448445,0.354198473282443,0.635239567233385,0.745454545454545,0.617693522906793,0.0427215189873418,0.0376766091051805,0.0391236306729265,0.804043545878694,0.642633228840125,0.038109756097561,0.6390625,0.624808575803982,0.650621118012422,0.634945397815913,0.355799373040752,0.0409448818897638,0.646879756468798,0.643533123028391,0.0442338072669826,0.664012738853503,0.0445468509984639,0.641881638846737,0.645412130637636,0.0393700787401575,0.0410742496050553,0.0424528301886792,0.513137557959815,0.045958795562599,0.35303265940902,0.962292609351433,0.632398753894081,0.0374414976599064,0.0375586854460094,0.95405819295559,0.639570552147239,0.626959247648903,0.0339256865912763,0.0387596899224806,0.653125,0.984399375975039,0.96031746031746,0.0434782608695652,0.0387722132471729,0.626307922272048,0.0393081761006289,0.0421052631578947,0.646341463414634,0.0383435582822086,0.0444104134762634,0.633693972179289,0.0421875,0.0406885758998435,0.0435458786936236,0.0418604651162791,0.6265625,0.646084337349398,0.628205128205128,0.0418604651162791,0.046801872074883,0.371165644171779,0.63849765258216,0.0419906687402799,0.641993957703928,0.660377358490566,0.0396341463414634,0.0354391371340524,0.0417310664605873,0.0397456279809221,0.040625,0.62596599690881,0.0442338072669826,0.0470219435736677,0.941640378548896,0.623655913978495,0.552631578947368,0.647058823529412,0.369158878504673,0.632218844984802,0.0317700453857791,0.652866242038217,0.624801271860095,0.798151001540832,0.636363636363636,0.0374414976599064,0.625189681335357,0.046583850931677,0.0375,0.039453717754173,0.640625,0.636222910216718,0.0353846153846154,0.0322061191626409,0.989010989010989,0.0451612903225806,0.634969325153374,0.634768740031898,0.648475120385233,0.0347003154574132,0.624808575803982,0.576802507836991,0.631415241057543,0.647887323943662,0.644549763033175,0.641627543035994,0.0381679389312977,0.631329113924051,0.0353697749196141,0.0341085271317829,0.959501557632399,0.0465489566613162,0.639625585023401,0.0418604651162791,0.039453717754173,0.0374592833876222,0.63166144200627,0.0393343419062027,0.64,0.0421686746987952,0.116385911179173,0.043343653250774,0.0461783439490446,0.0416666666666667,0.634408602150538,0.0360501567398119,0.0379746835443038,0.642633228840125,0.644615384615385,0.0368663594470046,0.035548686244204,0.644305772230889,0.861963190184049,0.0452418096723869,0.037037037037037,0.0409711684370258,0.959247648902821,0.648148148148148,0.0370967741935484,0.643856920684292,0.808846761453397,0.0390625,0.357473035439137,0.524962178517398,0.0425196850393701,0.0373250388802488,0.372549019607843,0.345425867507886,0.609984399375975,0.0329153605015674,0.63482280431433,0.0434782608695652,0.0403225806451613,0.626794258373206,0.0340557275541796,0.0385802469135802,0.970992366412214,0.632398753894081,0.0440944881889764,0.0406885758998435,0.631083202511774,0.0417310664605873,0.045016077170418,0.645865834633385,0.710606060606061,0.0411392405063291,0.0373250388802488,0.0379746835443038,0.418856259659969,0.647335423197492,0.647798742138365,0.631419939577039,0.62888198757764,0.364500792393027,0.63020030816641,0.627329192546584,0.647058823529412,0.807511737089202,0.632148377125193,0.0428134556574924,0.631184407796102,0.0444444444444444,0.646058732612056,0.960244648318043,0.99388379204893,0.0428134556574924,0.0430769230769231,1,0.0328125,0.355957767722474,1,0.971608832807571,0.0416666666666667,0.358578052550232,0.0373831775700935,0.0451713395638629,0.500802568218299,0.0373250388802488,0.962790697674419,0.963549920760697,0.0389408099688473,0.0414746543778802,0.0457413249211356,0.638230647709321,0.397037037037037,0.350565428109855,0.0543478260869565,0.0344827586206897,0.0200617283950617,0.647887323943662,0.718068535825545,0.0473282442748092,0.6608,0.0434108527131783,0.592476489028213,0.946372239747634,0.649149922720247,0.632218844984802,0.612850082372323,0.0405405405405405,0.969742813918306,0.0472560975609756,0.0386473429951691,0.0392464678178964,0.792626728110599,0.625196850393701,0.0488958990536278,0.634340222575517,0.0414012738853503,0.0445859872611465,0.649624060150376,0.0381558028616852,0.638680659670165,0.0422535211267606,0.647244094488189,0.632492113564669,0.0409090909090909,0.363924050632911,0.643730886850153,0.0365296803652968,0.644654088050314,0.190923317683881,0.641025641025641,0.898278560250391,0.640060240963855,0.174726989079563,0.649762282091918,0.0491283676703645,0.632558139534884,0.615384615384615,0.669753086419753,0.0441640378548896,0.0364500792393027,0.0364741641337386,0.00949367088607595,0.710823909531502,0.0418604651162791,0.629984051036683,0.0414110429447853,0.641693811074919,0.640483383685801,0.0419906687402799,0.0423197492163009,0.0381679389312977,0.0340557275541796,0.0395136778115502,0.650602409638554,0.631336405529954,0.0382848392036753,0.033175355450237,0.993690851735016,0.958925750394945,0.0376175548589342,0.0451010886469673,0.640253565768621,0.0479876160990712,0.0440060698027314,0.654743390357698,0.046031746031746,0.0476923076923077,0.364197530864198,0.513719512195122,0.0341085271317829,0.961424332344214,0.0458135860979463,0.0462249614791988,0.951145038167939,0.624413145539906,0.0377952755905512,0.626356589147287,0.0388802488335925,0.0110759493670886,0.0440944881889764,0.128834355828221,0.0416024653312789,0.638668779714738,0.0342679127725857,0.0368,0.0353130016051364,0.958588957055215,0.648387096774194,0.0366826156299841,0.0443425076452599,0.370716510903427,0.0441400304414003,0.637071651090343,0.600311041990669,0.634108527131783,0.0375586854460094,0.0435458786936236,0.042654028436019,0.954128440366973,0.633070866141732,0.96260162601626,0.0359375,0.649310872894334,0.652905198776758,0.600924499229584,0.9609375,0.0357698289269051,0.0046801872074883,0.0445468509984639,0.0395738203957382,0.623809523809524,0.655068078668684,0.888888888888889,1,0.6421875,0.643081761006289,0.622526636225266,0.971563981042654,0.643962848297214,0.036036036036036,0.956386292834891,0.635670731707317,0.0432098765432099,0.0455259026687598,0.0421875,0.634674922600619,0.645357686453577,1,0.0373250388802488,0.6421875,0.652307692307692,0.0386996904024768,0.0460829493087558,0.635514018691589,0.350649350649351,0.0368589743589744,0.043956043956044,0.343799058084772,0.0425531914893617,0.65144596651446,0.0399361022364217,0.652996845425868,0.530046224961479,0.372727272727273,0.633888048411498,0.0370942812982998,0.659125188536953,0.640986132511556,0.360681114551084,0.377300613496933,0.0354391371340524,0.632558139534884,0.0377358490566038,0.642201834862385,0.0340030911901082,0.638759689922481,0.648351648351648,0.613458528951487,0.521406727828746,0.637658227848101,0.637083993660856,0.369397217928903,0.640552995391705,0.90453074433657,0.0332278481012658,0.960244648318043,0.0428790199081164,0.660855784469097,0.0422535211267606,0.965785381026439,0.634556574923547,0.636650868878357,0.0428571428571429,0.989473684210526,0.043343653250774,0.954616588419405,0.622641509433962,0.0419906687402799,0.982866043613707,0.379095163806552,0.0394321766561514,0.0415384615384615,0.04,0.651685393258427,1,0.0415384615384615,0.521875,0.9536,0.598187311178248,0.629230769230769,0.634703196347032,0.0414746543778802,0.0258899676375405,0.0461783439490446,0.0410742496050553,0.0341085271317829,0.983433734939759,0.0476923076923077,0.363919129082426,0.962630792227205,0.636785162287481,0.0435458786936236,0.0391849529780564,0.0356564019448947,0.039039039039039,0.958397534668721,0.635384615384615,0.0351681957186544,0.0408805031446541,0.036624203821656,0.0383435582822086,0.0430769230769231,0.0438871473354232,0.564885496183206,0.971653543307087,0.0342679127725857,0.966666666666667,0.634674922600619,0.61214953271028,0.0405616224648986,0.571428571428571,0.651465798045603,0.644171779141104,0.0416666666666667,1,0.640122511485452,0.0320610687022901,0.042654028436019,0.586477987421384,0.642072213500785,0.643856920684292,0.6464,0.0351145038167939,0.635499207606973,0.640625,0.6234375,0.645962732919255,0.00618238021638331,0.649390243902439,0.961661341853035,0.64031007751938,0.964230171073095,0.040625,0.960629921259842,0.654458598726115,0.625786163522013,0.647798742138365,0.0338461538461538,0.0388802488335925,0.0395569620253165,0.043343653250774,0.0384,0.0451713395638629,0.628526645768025,0.0337423312883436,0.636222910216718,0.638613861386139,0.442922374429224,0.3664,0.0403100775193798,0.0430769230769231,0.961538461538462,0.634556574923547,0.927131782945736,0.0321100917431193,1,0.0344287949921753,0.0401284109149278,0.635071090047393,0.0410742496050553,0.0407830342577488,0.416932907348243,0.621533442088091,0.0457902511078287,0.958664546899841,0.956318252730109,0.04,0.0382165605095541,0.04,0.960815047021944,0.963133640552995,0.633693972179289,0.542635658914729,0.633333333333333,0.957120980091884,0.623622047244095,0.960380348652932,0.046656298600311,0.0428571428571429,0.640672782874618,0.631498470948012,0.812403100775194,0.616113744075829,0.634146341463415,0.636785162287481,0.0405616224648986,0.0371517027863777,0.63391442155309,0.0416666666666667,0.963076923076923,0.0343213728549142,0.833860759493671,0.0441640378548896,0.375191424196018,0.0414110429447853,0.644757433489828,0.651419558359621,0.968944099378882,0.362790697674419,0.0407523510971787,0.0359937402190923,0.250783699059561,0.158319870759289,0.631160572337043,0.649762282091918,0.0372670807453416,0.640822784810127,0.7981220657277,0.631746031746032,0.0468277945619335,0.950078003120125,0.0404984423676012,0.0393700787401575,0.637329286798179,0.3776,0.648902821316614,0.0385232744783307,0.034375,0.65052950075643,0.640062597809077,0.630467571644042,0.186708860759494,0.642857142857143,0.0422535211267606,0.990909090909091,0.0482115085536547,0.0338164251207729,0.349157733537519,0.395638629283489,0.633757961783439,0.992248062015504,0.639240506329114,0.0391236306729265,0.0347551342812006,0.654631083202512,0.631496062992126,0.428792569659443,0.0354391371340524,0.656441717791411,0.671779141104294,0.648606811145511,0.0647149460708783,0.580996884735203,0.964777947932619,0.648606811145511,0.629518072289157,0.626984126984127,0.645669291338583,0.643504531722054,0.0673813169984686,0.0438184663536776,0.641744548286604,0.503184713375796,0.361769352290679,0.818885448916409,0.354838709677419,0.0301109350237718,0.634674922600619,0.960505529225908,0.625766871165644,0.644171779141104,0.676923076923077,0.626984126984127,0.966412213740458,0.627329192546584,0.640253565768621,0.643642072213501,0.644757433489828
"695",0.300155520995334,0.312597200622084,0.311550151975684,0.326366559485531,0.317829457364341,0.312210200927357,0.0111464968152866,0.324409448818898,0.31104199066874,0.570300157977883,0.32312404287902,0.640122511485452,0.51702786377709,0.317411402157165,1,1,0.614678899082569,0,0.325,0.313178294573643,1,1,0.317972350230415,0.512937595129376,0.31039755351682,1,1,0.336507936507937,0.310291858678955,0.51685393258427,1,0.5948406676783,0.368340943683409,0.995356037151703,0.672333848531685,0.312297734627832,0.13914373088685,0.327794561933535,1,0.308980213089802,0.00153374233128834,0,0,0.329133858267717,0.31619937694704,1,0.995348837209302,1,1,1,0.688073394495413,0.32967032967033,1,0.324116743471582,0.317411402157165,0.8171875,0.126382306477093,0.319875776397516,0.31201248049922,0.327217125382263,0.992378048780488,1,1,0.00463678516228748,0.3152,0.318885448916409,0.659375,0.325471698113208,0.614803625377644,1,0.317901234567901,1,1,0.274447949526814,0.161387631975867,0.310240963855422,1,0.994011976047904,0.321044546850998,1,0.602848101265823,1,1,0.324116743471582,1,0.323353293413174,0.316770186335404,0.324031007751938,0.309119010819165,0,0.318252730109204,0.329770992366412,0.687789799072643,0.585253456221198,0.321316614420063,0.644716692189893,0.68075117370892,0.311349693251534,0.12280701754386,0,0.303937007874016,0.621495327102804,1,0.316211878009631,1,0.318885448916409,0,0.321428571428571,1,1,1,0.310664605873261,0.996908809891808,0.321428571428571,0.207317073170732,0.302985074626866,1,0.368992248062016,1,1,0.208588957055215,0.308755760368664,1,1,0.327769347496206,1,0.313521545319465,0.317700453857791,0.362928348909657,0.764264264264264,0.325358851674641,1,0.328571428571429,0.637878787878788,0.331210191082803,1,0,1,0.370716510903427,0.888535031847134,0.578783151326053,0.593114241001565,0.312111801242236,0.319422150882825,1,0.318885448916409,1,0.31201248049922,0.509230769230769,0.323262839879154,1,0.312989045383412,0.325038880248834,0.323390894819466,0.327131782945736,1,0.306501547987616,1,0.44478527607362,0.329249617151608,1,0.321699544764795,1,0.593798449612403,0.318611987381703,1,0.323076923076923,0.317557251908397,0.328660436137072,0.987767584097859,0.323529411764706,1,0.325508607198748,1,0.321086261980831,1,0.588597842835131,0.306153846153846,0.0337620578778135,0.306709265175719,0.318885448916409,1,0.305772230889236,0.322784810126582,0.322429906542056,0.341085271317829,1,1,0.327102803738318,0.323619631901841,1,1,0.327188940092166,0.235474006116208,0.0191740412979351,0.68062015503876,1,0.00154559505409583,0.317700453857791,1,0.324881141045959,0.308868501529052,0.313271604938272,0.996904024767802,1,1,0.331804281345566,0.318611987381703,0.312693498452012,0.682098765432099,0.306027820710974,1,0.34,1,1,0.436728395061728,0.32093023255814,0.322033898305085,0.329721362229102,0.299531981279251,0.31104199066874,0.644757433489828,1,1,0.314152410575428,0.00308166409861325,0.321100917431193,0.315629742033384,0.319508448540707,0.309341500765697,0.303875968992248,0.318250377073906,0.690076335877863,0.356495468277946,0.307219662058372,1,0.324409448818898,1,0.304281345565749,0.30379746835443,0.314873417721519,0.331240188383046,0.309178743961353,1,0.322033898305085,0.797805642633229,1,1,0.998417721518987,1,1,0.8953125,1,1,1,0.307926829268293,1,0.32794830371567,0,1,0.380880121396055,1,0.322932917316693,0.324451410658307,0.313084112149533,0.419504643962848,1,0.321646341463415,1,1,1,1,0,0.31619937694704,1,1,0.315707620528771,1,0.32312404287902,1,1,0.308056872037915,0.325984251968504,0.302469135802469,0.148669796557121,0.333863275039746,0,0.592987804878049,1,0.315629742033384,0.322274881516588,0.584234930448223,1,1,0.318327974276527,0.32398753894081,1,0.649923896499239,0.696400625978091,0.301092043681747,0.324324324324324,0.995508982035928,0.329268292682927,0.309880239520958,1,0.310077519379845,0.30781010719755,1,0.3078125,0.3171875,0.310769230769231,0.318952234206472,1,1,1,0.303543913713405,0.334375,0.00762195121951219,0.992223950233281,0.327503974562798,1,1,0.309774436090226,0.323076923076923,0.306278713629403,0.322429906542056,0.311926605504587,1,0.314285714285714,0.313846153846154,0.563981042654028,1,0.838006230529595,1,0,1,0.324888226527571,1,1,0.416666666666667,0.998470948012232,0.316037735849057,1,0.308411214953271,0.305295950155763,0.307692307692308,1,1,0.317683881064163,0.405405405405405,0.606864274570983,0.304416403785489,1,1,1,0.32182103610675,1,0.202160493827161,1,1,1,1,0.32370820668693,1,0.320388349514563,0.333333333333333,0.673879443585781,0.306853582554517,1,0.33179012345679,0.315315315315315,0.312302839116719,1,0.312024353120244,1,0.323397913561848,0.4796875,0.319938176197836,0.320695102685624,0.310291858678955,1,0.320251177394035,0.301092043681747,1,1,0.324031007751938,0.313755795981453,1,0.480974124809741,0.313195548489666,0.323029366306028,0.326251896813354,0.681470137825421,1,0.301282051282051,1,0.416149068322981,0.309006211180124,0,0.873873873873874,0.320063694267516,0.316279069767442,0,0.0263565891472868,0.981337480559876,0.317262830482115,1,0.312989045383412,0.31496062992126,1,0.323170731707317,0.31619937694704,0.674347158218126,1,0.320872274143302,0.330218068535826,1,0.313755795981453,0.307570977917981,1,0.346444780635401,0.312796208530806,0.316279069767442,0.3328173374613,0.794117647058823,1,0.979623824451411,1,1,0,1,0.992150706436421,1,0.438759689922481,0.996825396825397,0.309090909090909,0.99251497005988,0.330683624801272,0.995426829268293,0.610859728506787,0.632683658170915,0.317901234567901,0.309923664122137,0.64451313755796,0.321656050955414,0,0.635384615384615,0.675507020280811,0.317972350230415,0,0.311728395061728,0.309923664122137,0.768388106416275,0.323076923076923,0.685758513931889,0.596184419713832,0.319314641744548,0.314984709480122,0.305084745762712,1,0.0295420974889217,0,0.322289156626506,0.330781010719755,0.330289193302892,1,0.338983050847458,0.316770186335404,1,0.302710843373494,0.940993788819876,0.573228346456693,1,1,0.991694352159468,0.316742081447964,0.610606060606061,0.320726172465961,0.314285714285714,0.307458143074581,0.414523449319213,1,0.316535433070866,1,0.322834645669291,0.33015873015873,1,0.3198127925117,1,0.325190839694657,1,1,0.322530864197531,0,1,0.331278890600925,1,0.556923076923077,1,0.500763358778626,1,0.555384615384615,1,0.316770186335404,1,1,1,0.313572542901716,0.327073552425665,0.320182094081942,0.34887459807074,0.332268370607029,0.302652106084243,1,0.323574730354391,1,1,0.326153846153846,0.312989045383412,0.317411402157165,0.385093167701863,0.333333333333333,1,1,0.326186830015314,0.329652996845426,0.633802816901408,0.594976452119309,0.314152410575428,0.320126782884311,1,0.310872894333844,0.321005917159763,0.99375,0.31139646869984,0.307098765432099,0,0.141984732824427,0.314984709480122,0.675716440422323,0.31974921630094,0.319148936170213,0.602719033232628,0.998454404945904,0.315457413249211,1,0.318885448916409,0.351351351351351,0.314553990610329,0.474809160305344,0.310832025117739,1,0.313846153846154,0.320126782884311,0.332283464566929,0.687405159332322,1,0.330670926517572,0.318318318318318,0,0.325190839694657,0.998459167950693,0.952086553323029,1,0.318042813455657,0.323076923076923,0.322884012539185,0.58751902587519,1,0.590551181102362,0.337007874015748,1,1,0.967791411042945,0.683153013910355,0.335423197492163,0.350931677018634,0.328682170542636,0.31859756097561,1,1,0.516329704510109,0.636792452830189,1,1,0.998461538461539,0.697965571205008,1,0.327217125382263,0.675039246467818,1,0.327666151468315,0.315707620528771,0.318252730109204,0.996927803379416,1,0.646496815286624,0.33179012345679,1,1,0.322033898305085,0.306625577812018,0.998435054773083,0,0.307210031347962,0.309748427672956,0.0046801872074883,0.306525037936267,1,0.312698412698413,1,0.150455927051672,0,0.905405405405405,0.321981424148607,1,1,0,0,0.331811263318113,1,0.313195548489666,0.998475609756098,0.311216429699842,1,0.998415213946117,0.961300309597523,0.773993808049536,1,1,0.00463678516228748,1,0.516025641025641,0.324534161490683,0.676335877862595,0.325652841781874,1,0.30503144654088,0.674961119751166,1,1,0.319620253164557,0.622188905547226,0.332824427480916,0.577639751552795,0.973015873015873,0.333333333333333,0.602825745682888,0.0125588697017268,0.315068493150685,0.326687116564417,0.321592649310873,1,0.641141141141141,0.307219662058372,0.883359253499222,0.584786053882726,0.965204236006051,1,1,0.308755760368664,0.3392,0.309636650868878,0.313755795981453,0.308396946564885,0.619909502262443,0.307110438729198,0,0.671071953010279,0.998459167950693,0.324960753532182,0.303317535545024,0.313099041533546,0.319148936170213,0.608294930875576,1,0.335375191424196,0.328100470957614,0.338095238095238,0.322530864197531,0.319314641744548,0.309968847352025,0.190548780487805,0.678683385579937,0.314900153609831,0.604006163328197,1,0.23969465648855,0.324116743471582,0.92368839427663,1,1,0.306748466257669,0.640122511485452,1,0.323262839879154,0.299065420560748,0.95046439628483,1,1,0.998415213946117,0.315068493150685,1,1,0.899212598425197,1,0.347758887171561,1,0.591194968553459,1,0.670229007633588,0.309748427672956,0.601538461538462,1,1,0.992260061919505,0.328767123287671,0.323529411764706,0.321144674085851,0.322137404580153,0.323248407643312,0.32755905511811,0.984251968503937,0.308166409861325,1,1,0.717948717948718,0,0.324242424242424,0.314728682170543,0.672782874617737,1,0.565687789799073,0.321321321321321,0.643642072213501,0.320433436532508,0.316535433070866,1,0.311424100156495,0.325806451612903,0.689274447949527,0.907643312101911,0.322058823529412,0.59967845659164,0.575899843505477,0.324534161490683,0.32753164556962,0.303215926493109,0.6,0.679506933744222,1,0.882896764252696,1,0.672754946727549,0.996875,0.588328075709779,0.316030534351145,0.32695374800638,1,1,0.438948995363215,0.993610223642173,0.996932515337423,1,0.309968847352025,0.332317073170732,1,0.316568047337278,0.683563748079877,0.331768388106416,0.4609375,0.300157977883096,0,0.308049535603715,1,1,0.593846153846154,0,0.331278890600925,0.324574961360124,0.0923317683881064,0.405797101449275,1,1,0.316692667706708,1,0.413953488372093,1,0.330849478390462,0.581430745814307,0.323529411764706,0.312401883830455,1,0,1,0.310832025117739,0.3296875,1,1,1,0.448818897637795,1,0.320695102685624,0.61890243902439,0.328197226502311,0.330696202531646,0,0.0449612403100775,1,0.619195046439629,1,0.318529862174579,0.318818040435459,1,1,0.158371040723982,0.310291858678955,1,0.903177004538578,1,0.32469512195122,0.205007824726135,0.669724770642202,1,1,1,1,1,0.28310502283105,0.301710730948678,1,0.1168,0,0.436728395061728,0,0.326053042121685,1,0.683385579937304,1,1,0.892586989409985,1,0.679331306990882,1,1,1,1
"696",1,1,1,1,1,1,0.703001579778831,1,1,0.0903328050713154,1,0.037821482602118,0.817472698907956,1,0.312693498452012,0.29375,0.0625954198473282,0.680064308681672,1,1,0.285714285714286,0.311627906976744,1,0.157251908396947,1,0.322085889570552,0.315047021943574,1,1,0.780907668231612,0.302611367127496,0.726027397260274,0.96319018404908,0.309119010819165,0,1,0.541085271317829,1,0.290909090909091,1,0.667687595712098,0.685271317829457,0.693353474320242,1,1,0.313385826771654,0.309006211180124,0.30421686746988,0.31651376146789,0.321212121212121,0,1,0.307926829268293,1,1,0.498447204968944,0.559241706161137,1,1,1,0.32572298325723,0.314900153609831,0.309859154929577,0.678071539657854,1,1,0.0327102803738318,1,0.0566318926974665,0.322775263951735,1,0.315467075038285,0.322274881516588,0.963375796178344,0.515243902439024,1,0.309451219512195,0.337386018237082,1,0.312599681020734,0.078525641025641,0.32398753894081,0.320552147239264,1,0.332317073170732,1,1,1,1,0.69683257918552,1,1,0.00155038759689922,0.0981873111782477,1,0.0406015037593985,0,1,0.558966074313409,0.68062015503876,1,0.0492845786963434,0.301538461538462,1,0.306625577812018,1,0.692068429237947,1,0.310291858678955,0.310664605873261,0.317484662576687,1,0.325190839694657,1,0.48948948948949,1,0.308641975308642,0.292682926829268,0.316109422492401,0.311526479750779,0.490853658536585,0.998454404945904,0.317147192716237,0.305993690851735,1,0.302752293577982,1,1,0.318885448916409,0.526555386949924,1,0.30625,1,0.0373692077727952,1,0.305810397553517,0.682098765432099,0.326717557251908,0.933846153846154,0.426127527216174,0.0947867298578199,0.0866141732283465,1,1,0.323529411764706,1,0.316742081447964,1,0.813740458015267,1,0.320251177394035,1,1,1,1,0.328660436137072,1,0.314375987361769,0.241167434715822,1,0.301369863013699,1,0.291666666666667,0.0811232449297972,1,0.31378763866878,1,1,1,0.337442218798151,1,0.324409448818898,1,0.298136645962733,1,0.315955766192733,0.0707692307692308,1,0.635499207606973,1,1,0.307931570762053,1,1,1,1,0.318885448916409,0.303076923076923,1,0.998444790046656,0.311746987951807,0.29635499207607,1,0.441176470588235,0.667638483965015,0,0.320433436532508,0.679447852760736,1,0.31039755351682,1,0.998466257668712,1,0.311728395061728,0.315068493150685,0.320634920634921,1,1,1,0,1,0.297169811320755,0.978260869565217,0.322429906542056,0.307210031347962,0.751533742331288,1,1,1,1,1,0.0388198757763975,0.314152410575428,0.321538461538462,1,0.680428134556575,1,1,0.998463901689708,0.998459167950693,1,1,0.00307219662058372,0.312594840667678,1,0.302180685358255,1,0.292307692307692,1,1,1,1,1,0.314900153609831,1,0.517405063291139,0.318818040435459,0.321156773211568,0.306853582554517,0.313572542901716,0.323529411764706,0.411764705882353,0.325652841781874,0.317411402157165,0.308396946564885,1,0.316692667706708,1,0.699236641221374,0.308166409861325,0.301829268292683,0.329073482428115,1,1,1,0.244929797191888,0.300469483568075,1,0.319182389937107,0.322775263951735,0.305772230889236,0.312024353120244,0.682027649769585,1,0.319508448540707,0.3109375,1,0.301109350237718,1,0.314024390243902,0.311926605504587,1,1,1,0.54,1,0.693498452012384,0.0749625187406297,0.314728682170543,1,1,0.0878274268104777,0.308868501529052,0.32018927444795,1,1,0.304953560371517,0.0229007633587786,0.0015748031496063,1,1,0.331325301204819,1,1,0.30781010719755,1,1,0.318885448916409,1,1,1,1,0.319685039370079,0.305343511450382,0.328100470957614,1,1,0.673846153846154,0.313178294573643,1,0.311278195488722,0.298136645962733,1,1,0.998463901689708,1,1,0.32182103610675,1,1,0.0990415335463259,0.32370820668693,0.474921630094044,0.304278922345483,0.68,0.318042813455657,1,0.307692307692308,0.329211746522411,0.243531202435312,0.316341829085457,1,0.32089552238806,1,1,1,0.306603773584906,0.312024353120244,0.998459167950693,0.930047694753577,0.0582677165354331,1,0.308166409861325,0.312698412698413,0.304416403785489,1,0.324242424242424,0.471582181259601,0.323029366306028,0.301092043681747,0.306962025316456,0.303937007874016,1,0.320126782884311,1,1,0,1,0.317411402157165,1,1,1,0.328149300155521,1,0.3,1,0.847826086956522,1,1,1,0.311145510835913,1,1,0.305426356589147,0.310291858678955,1,1,0.308282208588957,0.179331306990881,1,0.998461538461539,1,0,0.313479623824451,1,0.30640243902439,0.231496062992126,1,0.685015290519878,0.435114503816794,1,1,0.68815592203898,0.700763358778626,0.345911949685535,1,0.310664605873261,1,1,0.325949367088608,1,0.998447204968944,0.00617283950617284,0.327639751552795,1,1,0.319875776397516,1,1,0.300469483568075,0.329286798179059,1,1,1,0.526964560862866,0.305084745762712,0.346456692913386,0.312406576980568,0.326219512195122,0.689763779527559,0.324655436447167,0.315955766192733,0.318731117824773,0.221875,0.316535433070866,1,0.321266968325792,0.998420221169036,0.313636363636364,0.0813253012048193,0.0460829493087558,1,1,0.0320121951219512,1,0.682852807283763,0.0381679389312977,0.00938967136150235,1,0.682027649769585,1,1,0.536547433903577,1,0,0.0690208667736758,1,1,1,0.324960753532182,0.647058823529412,0.696343402225755,0.992469879518072,1,0.98468606431853,0.291021671826625,0.328638497652582,1,0.294392523364486,1,0.366306027820711,0.102484472049689,0.308623298033283,0.311178247734139,0.330618892508143,1,0.073394495412844,1,1,1,0.248097412480974,0.31974921630094,1,0.312893081761006,1,1,0.306870229007634,1,0.322962962962963,1,0.306603773584906,0.310452418096724,1,0.687888198757764,0.311649016641452,1,0.30379746835443,0.757387247278383,0.307110438729198,0.154907975460123,0.314842578710645,0.767801857585139,0.305863708399366,1,0.313846153846154,0.330792682926829,0.289634146341463,1,1,1,0.973186119873817,0.338658146964856,1,0.318910256410256,1,0.309294871794872,0.313161875945537,1,1,1,0.925465838509317,1,0.309923664122137,0.317484662576687,1,1,0.0445151033386327,0.0723270440251572,1,1,0.302507836990596,1,1,0.30757341576507,1,1,0.685015290519878,0.536253776435045,1,0,1,1,0.0907715582450832,0.322429906542056,1,0.322033898305085,0.998463901689708,0.967136150234742,0.998439937597504,0.827217125382263,1,0.326433121019108,1,1,1,0,0.304777594728171,1,1,0.682242990654206,1,0.315548780487805,0.361801242236025,0.31039755351682,1,1,1,0.0820668693009119,0.313880126182965,0.0815047021943574,0.998452012383901,0.307228915662651,0.302003081664099,0.344135802469136,0,1,0.963020030816641,1,1,0.321766561514196,0.304084720121029,0.145736434108527,0.0340557275541796,0.310664605873261,0.301242236024845,0.317484662576687,0.00157728706624606,0.30781010719755,1,0,0.321212121212121,1,1,1,0.30781010719755,0.319277108433735,0.0303514376996805,1,0.311728395061728,0.306278713629403,1,1,0.315707620528771,0.690851735015773,1,1,0.692546583850932,1,0.305597579425113,1,0.306603773584906,0.533132530120482,0.669184290030212,0.393343419062027,1,0.298937784522003,0.306376360808709,0.68558282208589,0.673312883435583,1,0.315467075038285,1,0.317771084337349,1,0.314814814814815,0.301412872841444,0.348228043143297,0.503125,0.313385826771654,0.309859154929577,0.662460567823344,0.306278713629403,0.139646869983949,1,0,1,0.288216560509554,1,0,0.320610687022901,0.314465408805031,1,0.0520833333333333,1,0.0772797527047913,0.336477987421384,1,0.0615384615384615,0.672307692307692,1,1,1,0.303225806451613,0.0330827067669173,1,0.435736677115987,0.0894819466248038,0.353120243531202,0.320493066255778,0.322239031770045,1,1,1,1,1,0.0582089552238806,0.997010463378176,0.691019786910198,0.00296296296296296,0.314814814814815,1,1,1,1,0.0828220858895705,0.314503816793893,1,1,1,1,1,1,0.481927710843373,0.00158227848101266,1,0.0772727272727273,0.317901234567901,0.431464174454829,1,0.380726698262243,0.300476947535771,0.303215926493109,1,0.0320610687022901,0.323262839879154,1,1,0.362790697674419,0.302003081664099,0.305555555555556,0.315457413249211,0.998482549317147,0.325434439178515,0.317073170731707,0.407874015748032,0.309597523219814,0.975384615384615,0.3003003003003,0.0780254777070064,0.316923076923077,0,1,0.0826833073322933,0.303738317757009,0.313178294573643,0.309707241910632,1,1,1,1,1,1,0.328197226502311,1,0.311526479750779,0.307438016528926,0.591527987897126,0.682539682539683,1,1,0,0.315629742033384,0.116564417177914,0.998507462686567,0.0282131661442006,1,1,0.304897314375987,1,1,0.613207547169811,0.407643312101911,0.997050147492625,0.0710900473933649,0.0872274143302181,1,1,1,0.0846394984326019,0,0.307575757575758,0.4171875,0.311377245508982,0,0.31911532385466,0.0783699059561129,1,1,0.320121951219512,0.310769230769231,0.226993865030675,0.328571428571429,0.313636363636364,0.318112633181126,1,1,0.318611987381703,1,0,1,0.200626959247649,1,0.677862595419847,1,0.303405572755418,0.303937007874016,0.0720858895705521,0.68693009118541,1,1,0.793103448275862,0.890850722311397,0.313178294573643,0.306349206349206,1,0.31201248049922,0.242236024844721,0.307210031347962,1,0.0918836140888208,1,1,0.313455657492355,0.67948717948718,0.308056872037915,1,1,0.304012345679012,0.300911854103343,0.312594840667678,0.847244094488189,0.315132605304212,1,0.0520673813169985,1,1,0.700460829493088,0.653374233128834,0.313291139240506,0.0494590417310665,0.312989045383412,1,1,0.301412872841444,0.320987654320988,0.617511520737327,1,0.30316742081448,0.367069486404834,0.303951367781155,0.983231707317073,0.477165354330709,0.00305810397553517,0.304012345679012,0.31981981981982,0.329133858267717,0.309748427672956,0.312688821752266,0.974164133738602,1,0.306625577812018,0.5488,0.686028257456829,0.223420647149461,0.693418940609952,1,0.31937984496124,0.00310077519379845,0.316770186335404,0.306060606060606,0.359877488514548,0.3171875,0,0.329192546583851,0.313099041533546,0.318110236220472,0.310452418096724
"697",1,1,1,1,1,1,0.716535433070866,1,1,0.10586319218241,1,0.0489296636085627,0.808373590982287,1,0.298412698412698,0.291731669266771,0.06875,0.706645056726094,1,1,0.262738853503185,0.29746835443038,1,0.164596273291925,1,0.308527131782946,0.300970873786408,1,1,0.763578274760383,0.29874213836478,0.712732919254658,0.961059190031153,0.296178343949045,0,1,0.555382215288612,1,0.289433384379786,1,0.682539682539683,0.69435736677116,0.703533026113671,1,1,0.2944,0.293375394321767,0.300623052959502,0.305379746835443,0.308661417322835,0,1,0.297839506172839,1,1,0.467948717948718,0.576190476190476,1,1,1,0.308868501529052,0.296825396825397,0.292993630573248,0.6984375,1,1,0.0397456279809221,1,0.0619195046439628,0.301391035548686,1,0.302034428794992,0.305111821086262,0.964912280701754,0.525660964230171,1,0.30030959752322,0.313271604938272,1,0.298045602605863,0.0898692810457516,0.307324840764331,0.307448494453249,1,0.310185185185185,1,1,1,1,0.702660406885759,1,1,0,0.111455108359133,1,0.049079754601227,0,1,0.574638844301766,0.697452229299363,1,0.0561797752808989,0.296998420221169,1,0.300314465408805,1,0.706436420722135,1,0.296650717703349,0.298107255520505,0.297674418604651,1,0.314641744548287,1,0.508474576271186,1,0.304212168486739,0.31619937694704,0.313455657492355,0.29746835443038,0.5,1,0.304615384615385,0.301587301587302,1,0.288643533123028,1,1,0.345368916797488,0.541213063763608,1,0.290996784565916,1,0.0453857791225416,1,0.3,0.696400625978091,0.314696485623003,0.927786499215071,0.419249592169657,0.109546165884194,0.1024,1,1,0.309033280507132,1,0.302290076335878,1,0.797805642633229,1,0.305555555555556,1,1,1,1,0.320634920634921,1,0.305111821086262,0.271028037383178,1,0.300153139356815,1,0.28343949044586,0.0897637795275591,1,0.297770700636943,1,1,1,0.315625,1,0.304487179487179,1,0.295031055900621,1,0.307814992025518,0.0829420970266041,1,0.656862745098039,1,1,0.296474358974359,1,1,1,1,0.306603773584906,0.297213622291022,1,1,0.300155520995334,0.289308176100629,1,0.469325153374233,0.685410334346505,0,0.297637795275591,0.688888888888889,1,0.303875968992248,1,1,1,0.300623052959502,0.299382716049383,0.315112540192926,1,1,1,0,1,0.290113452188006,0.973186119873817,0.305993690851735,0.29140127388535,0.748043818466354,1,1,1,1,1,0.0470219435736677,0.299840510366826,0.308176100628931,1,0.697247706422018,1,1,0.998430141287284,1,1,1,0.00313479623824451,0.32572298325723,1,0.296,1,0.28169014084507,1,1,1,1,1,0.301109350237718,1,0.481540930979133,0.2992,0.302652106084243,0.297253634894992,0.302547770700637,0.310126582278481,0.405750798722045,0.307210031347962,0.302469135802469,0.294027565084227,1,0.298412698412698,1,0.700460829493088,0.293291731669267,0.329704510108865,0.314785373608903,1,1,1,0.269716088328076,0.296466973886329,1,0.303656597774245,0.305084745762712,0.293103448275862,0.303738317757009,0.700315457413249,1,0.29984544049459,0.306836248012719,1,0.288492706645057,1,0.295107033639144,0.291139240506329,1,1,1,0.544891640866873,1,0.7078125,0.0852359208523592,0.301587301587302,1,1,0.103286384976526,0.305295950155763,0.309677419354839,1,1,0.290322580645161,0.0238095238095238,0.00317460317460317,1,1,0.315548780487805,1,1,0.2921875,1,1,0.299684542586751,1,1,1,1,0.310236220472441,0.287671232876712,0.307568438003221,1,1,0.69218989280245,0.297297297297297,1,0.297674418604651,0.274881516587678,1,1,1,1,1,0.299373040752351,1,1,0.113268608414239,0.308527131782946,0.484025559105431,0.287066246056782,0.689873417721519,0.297380585516179,1,0.288431061806656,0.312698412698413,0.264797507788162,0.299382716049383,1,0.30757341576507,1,1,1,0.287301587301587,0.295774647887324,1,0.92109500805153,0.0685805422647528,1,0.298107255520505,0.304487179487179,0.293650793650794,1,0.314728682170543,0.490683229813665,0.309968847352025,0.285488958990536,0.305246422893482,0.289099526066351,1,0.297427652733119,1,1,0,1,0.302066772655008,1,1,1,0.305732484076433,1,0.297507788161994,1,0.827102803738318,1,1,1,0.293563579277865,1,1,0.294670846394984,0.2984375,1,1,0.298904538341158,0.194099378881988,1,1,1,0,0.3008,1,0.296296296296296,0.258426966292135,1,0.691943127962085,0.417701863354037,1,1,0.696696696696697,0.720190779014308,0.326465927099842,1,0.299050632911392,1,1,0.314194577352472,1,1,0.00628930817610063,0.31378763866878,1,1,0.3056,1,1,0.285939968404423,0.350237717908082,1,1,1,0.50855365474339,0.287949921752739,0.323151125401929,0.3,0.309375,0.70440251572327,0.305426356589147,0.312693498452012,0.297971918876755,0.256289308176101,0.29746835443038,1,0.306870229007634,1,0.296703296703297,0.0889570552147239,0.0525502318392581,1,1,0.0420560747663551,1,0.707620528771384,0.0451010886469673,0.0096,1,0.698738170347003,1,1,0.536547433903577,1,0,0.0754414125200642,1,1,1,0.298245614035088,0.667664670658683,0.709624796084829,0.993788819875776,1,0.986046511627907,0.284829721362229,0.355095541401274,1,0.281889763779528,1,0.347758887171561,0.113057324840764,0.284591194968553,0.307692307692308,0.310286677908938,1,0.0886850152905199,1,1,1,0.265527950310559,0.297637795275591,1,0.301765650080257,1,1,0.295665634674923,1,0.312688821752266,1,0.294488188976378,0.305993690851735,1,0.696343402225755,0.302469135802469,1,0.296998420221169,0.749603803486529,0.294117647058824,0.159937888198758,0.303875968992248,0.753532182103611,0.289137380191693,1,0.307332293291732,0.313664596273292,0.280864197530864,1,1,1,0.968954248366013,0.360655737704918,1,0.303079416531605,1,0.307692307692308,0.298921417565485,1,1,1,0.915739268680445,1,0.295489891135303,0.297805642633229,1,1,0.0494417862838915,0.0834645669291339,1,1,0.286858974358974,1,1,0.299524564183835,1,1,0.692789968652038,0.545592705167173,1,0,1,1,0.10355486862442,0.308777429467085,1,0.315457413249211,1,0.963375796178344,1,0.811526479750779,1,0.305194805194805,1,1,1,0,0.296774193548387,1,1,0.695583596214511,1,0.302034428794992,0.333855799373041,0.305555555555556,1,1,1,0.0984375,0.306089743589744,0.099025974025974,1,0.294392523364486,0.29595015576324,0.331230283911672,0,1,0.954258675078864,1,1,0.306836248012719,0.278461538461538,0.163723916532905,0.0428571428571429,0.299524564183835,0.288188976377953,0.302611367127496,0,0.296529968454259,1,0,0.29922480620155,1,1,1,0.292569659442724,0.297674418604651,0.0390879478827362,1,0.294303797468354,0.292758089368259,1,1,0.297805642633229,0.720516962843296,1,1,0.712480252764613,1,0.295107033639144,1,0.298412698412698,0.544323483670295,0.690880989180835,0.393846153846154,1,0.283763277693475,0.299065420560748,0.693146417445483,0.68503937007874,1,0.305084745762712,1,0.305936073059361,1,0.302694136291601,0.296474358974359,0.327014218009479,0.512539184952978,0.306089743589744,0.2992,0.684542586750789,0.299531981279251,0.15609756097561,1,0,1,0.281889763779528,1,0,0.299050632911392,0.298701298701299,1,0.0605143721633888,1,0.0941915227629513,0.322274881516588,1,0.0668740279937792,0.692913385826772,1,1,1,0.304418985270049,0.0414746543778802,1,0.405103668261563,0.103225806451613,0.336906584992343,0.29984544049459,0.301391035548686,1,1,1,1,1,0.0676923076923077,0.998452012383901,0.700310559006211,0.00303951367781155,0.305993690851735,1,1,1,1,0.0930599369085174,0.298003072196621,1,1,1,1,1,1,0.507716049382716,0,1,0.0924764890282132,0.303370786516854,0.451463790446841,1,0.368167202572347,0.28780487804878,0.3,1,0.042654028436019,0.299065420560748,1,1,0.349282296650718,0.295384615384615,0.285488958990536,0.313408723747981,1,0.308681672025723,0.3,0.399361022364217,0.303738317757009,0.97045101088647,0.294753086419753,0.0880913539967374,0.307931570762053,0,1,0.0946166394779772,0.292259083728278,0.300476947535771,0.3008,1,1,1,1,1,1,0.309791332263242,1,0.302547770700637,0.297619047619048,0.604724409448819,0.699842022116904,1,1,0,0.294027565084227,0.121642969984202,1,0.0398089171974522,1,1,0.29047619047619,1,1,0.625806451612903,0.401960784313726,0.997019374068554,0.0869565217391304,0.1056,1,1,1,0.0952380952380952,0,0.300462249614792,0.4015625,0.298761609907121,0,0.310289389067524,0.0963081861958267,1,1,0.2984375,0.302507836990596,0.251592356687898,0.317111459968603,0.289922480620155,0.296296296296296,1,1,0.313291139240506,1,0,1,0.232484076433121,1,0.697965571205008,1,0.288431061806656,0.287096774193548,0.0806201550387597,0.690625,1,1,0.799684542586751,0.892628205128205,0.29874213836478,0.2944,1,0.301916932907348,0.268987341772152,0.29951690821256,1,0.110769230769231,1,1,0.293460925039872,0.693290734824281,0.290529695024077,1,1,0.291021671826625,0.28391167192429,0.29922480620155,0.841269841269841,0.299363057324841,1,0.0615141955835962,1,1,0.707620528771384,0.668769716088328,0.304838709677419,0.0557324840764331,0.313195548489666,1,1,0.287301587301587,0.317384370015949,0.626749611197512,1,0.289269051321928,0.357798165137615,0.296875,0.982919254658385,0.488817891373802,0.0031496062992126,0.2953125,0.298484848484848,0.308562197092084,0.30016051364366,0.306625577812018,0.975497702909648,1,0.290220820189274,0.566993464052288,0.704866562009419,0.244961240310078,0.704433497536946,1,0.297637795275591,0.00316455696202532,0.30625,0.29559748427673,0.360189573459716,0.302884615384615,0,0.31637519872814,0.3008,0.298245614035088,0.296529968454259
"698",0.346469622331691,0.381642512077295,0.36984126984127,0.38599348534202,0.364217252396166,0.361769352290679,0.0532258064516129,0.370967741935484,0.365079365079365,0.518821603927987,0.372827804107425,0.594594594594595,0.571428571428571,0.370550161812298,0.960063897763578,0.952755905511811,0.577044025157233,0.0431893687707641,0.37741935483871,0.355769230769231,0.95016077170418,0.954186413902054,0.374021909233177,0.459375,0.356807511737089,0.957142857142857,0.964343598055105,0.377265238879736,0.362790697674419,0.589660743134087,0.952229299363057,0.64251968503937,0.41692789968652,0.957345971563981,0.614767255216693,0.357859531772575,0.108490566037736,0.37245696400626,0.952160493827161,0.362654320987654,0.0380952380952381,0.0461049284578696,0.0456692913385827,0.383252818035427,0.371980676328502,0.957166392092257,0.958532695374801,0.947772657450077,0.954330708661417,0.952830188679245,0.633647798742138,0.377633711507293,0.954758190327613,0.373205741626794,0.361635220125786,0.8608,0.0944625407166124,0.372424722662441,0.35423197492163,0.376788553259142,0.96551724137931,0.955414012738854,0.956869009584665,0.035426731078905,0.364842454394693,0.363057324840764,0.607371794871795,0.377567140600316,0.56221198156682,0.952453987730061,0.372670807453416,0.952681388012618,0.955371900826446,0.330081300813008,0.116169544740973,0.363636363636364,0.956454121306376,0.964230171073095,0.372827804107425,0.957095709570957,0.552805280528053,0.952229299363057,0.948717948717949,0.377358490566038,0.957413249211357,0.376923076923077,0.365384615384615,0.387096774193548,0.379421221864952,0.0396196513470681,0.368336025848142,0.385448916408669,0.637239165329053,0.530805687203792,0.366129032258065,0.589783281733746,0.62754303599374,0.369085173501577,0.0918032786885246,0.0479233226837061,0.365231259968102,0.559870550161812,0.957278481012658,0.367213114754098,0.951026856240126,0.371473354231975,0.04858934169279,0.3712,0.94888178913738,0.957074721780604,0.958860759493671,0.370892018779343,0.964968152866242,0.377952755905512,0.157650695517774,0.370426829268293,0.96,0.325545171339564,0.950387596899225,0.964401294498382,0.158059467918623,0.367149758454106,0.953271028037383,0.957996768982229,0.379365079365079,0.95260663507109,0.36906584992343,0.364341085271318,0.309294871794872,0.723004694835681,0.379032258064516,0.950871632329635,0.375404530744337,0.583460949464012,0.381107491856678,0.954968944099379,0.0425196850393701,0.953821656050955,0.428115015974441,0.85172981878089,0.5311004784689,0.54281098546042,0.366826156299841,0.3744,0.950871632329635,0.365231259968102,0.954128440366973,0.359805510534846,0.549689440993789,0.375579598145286,0.954397394136808,0.355661881977671,0.37037037037037,0.356451612903226,0.375796178343949,0.955414012738854,0.359746434231379,0.951768488745981,0.388364779874214,0.3801261829653,0.95447409733124,0.370942812982998,0.951026856240126,0.542264752791069,0.368336025848142,0.965964343598055,0.362916006339144,0.370139968895801,0.379585326953748,0.964396284829721,0.37220447284345,0.95859872611465,0.381107491856678,0.96031746031746,0.37,0.958199356913183,0.546165884194053,0.354992076069731,0.037953795379538,0.354471544715447,0.363924050632911,0.951845906902087,0.346581875993641,0.380348652931854,0.374021909233177,0.379365079365079,0.95859872611465,0.957413249211357,0.372742200328407,0.376175548589342,0.959375,0.949429037520392,0.378205128205128,0.19872813990461,0.0350609756097561,0.629160063391442,0.962025316455696,0.0398724082934609,0.369230769230769,0.956656346749226,0.372357723577236,0.357710651828299,0.371653543307087,0.95253164556962,0.954828660436137,0.958064516129032,0.376923076923077,0.370731707317073,0.369496855345912,0.625201938610662,0.352180936995153,0.951456310679612,0.395569620253165,0.953451043338684,0.961844197138315,0.41838351822504,0.376602564102564,0.373228346456693,0.379644588045234,0.34887459807074,0.365971107544141,0.5936,0.954838709677419,0.951181102362205,0.364353312302839,0.0393700787401575,0.38006230529595,0.362095531587057,0.369009584664537,0.361067503924647,0.353896103896104,0.374608150470219,0.642289348171701,0.31104199066874,0.361331220285261,0.954983922829582,0.365384615384615,0.95,0.364069952305246,0.362619808306709,0.36624203821656,0.386217948717949,0.364392678868552,0.959871589085072,0.381846635367762,0.846153846153846,0.958730158730159,0.954041204437401,0.967689822294023,0.955056179775281,0.954838709677419,0.859934853420195,0.950320512820513,0.960567823343849,0.955555555555556,0.369905956112853,0.952305246422893,0.37315875613748,0.0416024653312789,0.947784810126582,0.336448598130841,0.949346405228758,0.364365971107544,0.381107491856678,0.372827804107425,0.37239165329053,0.951026856240126,0.379527559055118,0.954838709677419,0.950920245398773,0.963607594936709,0.954258675078864,0.0436893203883495,0.364649681528662,0.953051643192488,0.956869009584665,0.376602564102564,0.958881578947368,0.377952755905512,0.960753532182104,0.953376205787781,0.364227642276423,0.37156704361874,0.353130016051364,0.120253164556962,0.370192307692308,0.0469255663430421,0.545736434108527,0.960063897763578,0.3703125,0.37378640776699,0.528481012658228,0.956043956043956,0.956239870340357,0.378912685337727,0.373983739837398,0.948598130841122,0.604395604395604,0.642276422764228,0.3616,0.373333333333333,0.969325153374233,0.379644588045234,0.367534456355283,0.95625,0.368088467614534,0.358255451713396,0.955766192733017,0.356340288924559,0.363924050632911,0.3671875,0.368506493506494,0.956451612903226,0.955315870570108,0.96551724137931,0.355095541401274,0.373205741626794,0.0507131537242472,0.967689822294023,0.37799043062201,0.956521739130435,0.955342902711324,0.358461538461538,0.379527559055118,0.35031847133758,0.375,0.372854914196568,0.953821656050955,0.360576923076923,0.367834394904459,0.526742301458671,0.95968992248062,0.798711755233494,0.950558213716108,0.046474358974359,0.95125786163522,0.375766871165644,0.953150242326333,0.958730158730159,0.374608150470219,0.951026856240126,0.374795417348609,0.952453987730061,0.364516129032258,0.359677419354839,0.36650868878357,0.950949367088608,0.950310559006211,0.365814696485623,0.440129449838188,0.564724919093851,0.358520900321543,0.953821656050955,0.959807073954984,0.955342902711324,0.371753246753247,0.956521739130435,0.156050955414013,0.961102106969206,0.955696202531646,0.957996768982229,0.953301127214171,0.367851622874807,0.956937799043062,0.366883116883117,0.382165605095541,0.625199362041467,0.356230031948882,0.949593495934959,0.368503937007874,0.364485981308411,0.367720465890183,0.955625990491284,0.360123647604328,0.956310679611651,0.367851622874807,0.547923322683706,0.366197183098592,0.37315875613748,0.365625,0.950793650793651,0.363492063492063,0.368,0.956591639871383,0.954041204437401,0.369158878504673,0.367834394904459,0.952830188679245,0.432646592709984,0.369529983792545,0.374009508716323,0.3828125,0.620472440944882,0.952614379084967,0.361064891846922,0.952380952380952,0.371980676328502,0.367149758454106,0.0484375,0.909375,0.366559485530547,0.378980891719745,0.0373831775700935,0.0754716981132075,0.974723538704581,0.373205741626794,0.952904238618524,0.366883116883117,0.371710526315789,0.956451612903226,0.373250388802488,0.37620578778135,0.618380062305296,0.955555555555556,0.3801261829653,0.377022653721683,0.960127591706539,0.366826156299841,0.369885433715221,0.956521739130435,0.280564263322884,0.368088467614534,0.376788553259142,0.373801916932907,0.848966613672496,0.953821656050955,0.937399678972713,0.953917050691244,0.953674121405751,0.0432692307692308,0.960998439937597,0.967032967032967,0.959247648902821,0.382165605095541,0.959546925566343,0.355590062111801,0.9640625,0.379254457050243,0.961783439490446,0.54953560371517,0.572784810126582,0.372827804107425,0.3625,0.58740157480315,0.374392220421394,0.0421216848673947,0.575039494470774,0.632520325203252,0.371653543307087,0.0416,0.363924050632911,0.360446570972887,0.726978998384491,0.377567140600316,0.632492113564669,0.541463414634146,0.367149758454106,0.370486656200942,0.348031496062992,0.961722488038278,0.0383435582822086,0.0495049504950495,0.366929133858268,0.375399361022364,0.382539682539683,0.94896331738437,0.288461538461538,0.381789137380192,0.955882352941177,0.34850863422292,0.962264150943396,0.523125996810207,0.953674121405751,0.951181102362205,0.954849498327759,0.377708978328173,0.565891472868217,0.37173579109063,0.371941272430669,0.37007874015748,0.371875,0.965964343598055,0.367741935483871,0.959677419354839,0.367047308319739,0.374392220421394,0.956043956043956,0.366612111292962,0.94969512195122,0.375394321766562,0.952998379254457,0.953821656050955,0.372424722662441,0.0306946688206785,0.949308755760369,0.370892018779343,0.967793880837359,0.615141955835962,0.951070336391437,0.461180124223602,0.954476479514416,0.613057324840764,0.952922077922078,0.375,0.957878315132605,0.95625,0.95260663507109,0.365079365079365,0.379084967320261,0.366459627329193,0.392384105960265,0.273476112026359,0.366826156299841,0.954397394136808,0.365079365079365,0.946666666666667,0.952160493827161,0.377777777777778,0.368589743589744,0.367127496159754,0.431528662420382,0.375987361769352,0.953560371517028,0.952380952380952,0.392125984251968,0.368,0.57328990228013,0.548076923076923,0.375601926163724,0.378421900161031,0.951377633711507,0.356576862123613,0.367762128325509,0.94888178913738,0.355263157894737,0.355450236966825,0.0425867507886435,0.104938271604938,0.368839427662957,0.630769230769231,0.36248012718601,0.366197183098592,0.547318611987382,0.957142857142857,0.357827476038339,0.963779527559055,0.368839427662957,0.389694041867955,0.371473354231975,0.526232114467409,0.361873990306947,0.96,0.364217252396166,0.367576243980738,0.391517128874388,0.63452566096423,0.955592105263158,0.373983739837398,0.364207221350078,0.04,0.370662460567823,0.955696202531646,0.976377952755906,0.955625990491284,0.369668246445498,0.376971608832808,0.364077669902913,0.535101404056162,0.953225806451613,0.534959349593496,0.379644588045234,0.956937799043062,0.951713395638629,0.976038338658147,0.616242038216561,0.381410256410256,0.4181240063593,0.370253164556962,0.346875,0.964458804523425,0.951713395638629,0.463022508038585,0.5814696485623,0.953968253968254,0.94794952681388,0.948275862068966,0.641693811074919,0.956937799043062,0.376190476190476,0.633757961783439,0.951937984496124,0.385350318471338,0.371428571428571,0.373590982286634,0.959438377535101,0.957746478873239,0.59344262295082,0.379527559055118,0.955128205128205,0.95389507154213,0.376766091051805,0.362760834670947,0.957345971563981,0.0471544715447154,0.362041467304625,0.361873990306947,0.0273311897106109,0.369085173501577,0.950693374422188,0.36084142394822,0.953376205787781,0.1140625,0.0331230283911672,0.866359447004608,0.377358490566038,0.948837209302326,0.9552,0.0423861852433281,0.0440944881889764,0.377179080824089,0.962204724409449,0.359934853420195,0.958333333333333,0.36084142394822,0.9568,0.957996768982229,0.977812995245642,0.752773375594295,0.956381260096931,0.953376205787781,0.0352,0.951334379905808,0.479541734860884,0.37378640776699,0.615625,0.380655226209048,0.957006369426752,0.362179487179487,0.622611464968153,0.952380952380952,0.950819672131147,0.369105691056911,0.563076923076923,0.374800637958533,0.54414125200642,0.985623003194888,0.387301587301587,0.551401869158878,0.0331230283911672,0.370015948963317,0.373228346456693,0.3671875,0.957377049180328,0.583724569640063,0.362916006339144,0.9184,0.538961038961039,0.984591679506934,0.950715421303657,0.960567823343849,0.368253968253968,0.393148450244698,0.366288492706645,0.371835443037975,0.370839936608558,0.561622464898596,0.348909657320872,0.0438184663536776,0.623853211009174,0.95800933125972,0.375394321766562,0.359300476947536,0.361111111111111,0.379310344827586,0.550632911392405,0.948275862068966,0.382445141065831,0.389776357827476,0.386252045826514,0.372611464968153,0.367670364500792,0.368589743589744,0.159264931087289,0.626016260162602,0.376413570274637,0.554140127388535,0.952681388012618,0.197492163009404,0.376996805111821,0.947284345047923,0.955954323001631,0.954545454545455,0.365777080062794,0.586477987421384,0.95046439628483,0.362790697674419,0.349282296650718,1,0.954911433172303,0.957074721780604,0.954397394136808,0.382677165354331,0.956381260096931,0.951638065522621,0.861290322580645,0.960127591706539,0.378930817610063,0.956923076923077,0.537337662337662,0.957345971563981,0.623824451410658,0.356340288924559,0.549918166939444,0.948220064724919,0.955342902711324,0.961904761904762,0.37984496124031,0.383647798742138,0.381967213114754,0.368167202572347,0.372322899505766,0.378205128205128,0.971153846153846,0.356576862123613,0.952456418383518,0.953098827470687,0.701754385964912,0.0432,0.369085173501577,0.367924528301887,0.618380062305296,0.951486697965571,0.519872813990461,0.37173579109063,0.600638977635783,0.368670886075949,0.367816091954023,0.955954323001631,0.356340288924559,0.373310810810811,0.644122383252818,0.875827814569536,0.370597243491577,0.554828150572831,0.529886914378029,0.375594294770206,0.373572593800979,0.356918238993711,0.541800643086817,0.624213836477987,0.956181533646322,0.9216,0.952160493827161,0.616224648985959,0.957860615883306,0.541463414634146,0.373205741626794,0.370731707317073,0.956318252730109,0.954330708661417,0.376,0.961227786752827,0.963434022257552,0.954041204437401,0.37220447284345,0.384858044164038,0.95609756097561,0.366261398176292,0.624405705229794,0.383870967741935,0.392,0.35702746365105,0.0425867507886435,0.360248447204969,0.956937799043062,0.952691680261011,0.543171114599686,0.0401234567901235,0.389154704944179,0.3792,0.150882825040128,0.421311475409836,0.955766192733017,0.951845906902087,0.372056514913658,0.963317384370016,0.362179487179487,0.957585644371941,0.382039573820396,0.54140127388535,0.376996805111821,0.373228346456693,0.952456418383518,0.0452342487883683,0.956661316211878,0.355987055016181,0.373397435897436,0.951788491446345,0.956869009584665,0.963020030816641,0.486133768352365,0.957860615883306,0.364516129032258,0.56828885400314,0.380726698262243,0.374587458745875,0.0470957613814757,0.0406885758998435,0.953150242326333,0.562101910828026,0.954692556634304,0.373040752351097,0.381493506493506,0.950320512820513,0.95583596214511,0.145285935085008,0.371248025276461,0.957943925233645,0.855813953488372,0.950949367088608,0.368670886075949,0.155309033280507,0.621283255086072,0.952681388012618,0.957943925233645,0.953150242326333,0.952998379254457,0.952234206471495,0.3359375,0.35828025477707,0.960380348652932,0.0970394736842105,0.040650406504065,0.383386581469649,0.043046357615894,0.378466557911909,0.957074721780604,0.624801271860095,0.949447077409163,0.958730158730159,0.837579617834395,0.958064516129032,0.626959247648903,0.951534733441034,0.953150242326333,0.959807073954984,0.95748031496063
"699",0.284810126582278,0.301857585139319,0.306748466257669,0.31496062992126,0.309815950920245,0.300787401574803,0.0125786163522013,0.315707620528771,0.306976744186047,0.578099838969404,0.314241486068111,0.640866873065015,0.507861635220126,0.317757009345794,1,1,0.628086419753086,0,0.314465408805031,0.298621745788668,1,1,0.313253012048193,0.521472392638037,0.303030303030303,1,1,0.328502415458937,0.30441400304414,0.534290271132376,1,0.590417310664606,0.363076923076923,0.996865203761755,0.673946957878315,0.306818181818182,0.130568356374808,0.312883435582822,1,0.297256097560976,0.00156985871271586,0,0,0.324116743471582,0.310832025117739,1,0.996865203761755,1,1,1,0.7,0.309636650868878,1,0.310452418096724,0.304212168486739,0.821981424148607,0.113744075829384,0.312989045383412,0.310291858678955,0.314728682170543,0.993836671802773,1,1,0.00465116279069767,0.307324840764331,0.311450381679389,0.661971830985915,0.316455696202532,0.618263473053892,1,0.306870229007634,1,1,0.276729559748428,0.157099697885196,0.309667673716012,1,0.995405819295559,0.313546423135464,1,0.606109324758842,1,1,0.310664605873261,1,0.310810810810811,0.310185185185185,0.320610687022901,0.304482225656878,0,0.30757341576507,0.317507418397626,0.69478527607362,0.584732824427481,0.305772230889236,0.640364188163885,0.685099846390169,0.303543913713405,0.111821086261981,0,0.306122448979592,0.624801271860095,1,0.307814992025518,1,0.305379746835443,0,0.313846153846154,1,1,1,0.304953560371517,0.998454404945904,0.316279069767442,0.202435312024353,0.300604229607251,1,0.367534456355283,1,1,0.202764976958525,0.301538461538462,1,1,0.328220858895706,1,0.306666666666667,0.307922272047833,0.360248447204969,0.762839879154079,0.310236220472441,1,0.310236220472441,0.644970414201183,0.327447833065811,1,0,1,0.366771159874608,0.888349514563107,0.58712715855573,0.606106870229008,0.309451219512195,0.320574162679426,1,0.307575757575758,1,0.297971918876755,0.50384024577573,0.316417910447761,1,0.295384615384615,0.306603773584906,0.311216429699842,0.312111801242236,1,0.296411856474259,1,0.442073170731707,0.314984709480122,1,0.311649016641452,1,0.6,0.312202852614897,1,0.306976744186047,0.304147465437788,0.316358024691358,0.987951807228916,0.317262830482115,1,0.31496062992126,1,0.309033280507132,1,0.599388379204893,0.296124031007752,0.0303514376996805,0.292913385826772,0.313178294573643,1,0.295208655332303,0.311627906976744,0.315548780487805,0.323170731707317,1,1,0.3152,0.315132605304212,1,1,0.3125,0.226851851851852,0.0196671709531014,0.702786377708978,1,0.0015625,0.310872894333844,1,0.306603773584906,0.301059001512859,0.311827956989247,0.998477929984779,1,1,0.32375189107413,0.303030303030303,0.306976744186047,0.68125,0.299382716049383,1,0.335394126738794,1,1,0.429892141756549,0.316037735849057,0.315950920245399,0.319508448540707,0.300623052959502,0.303459119496855,0.64797507788162,1,1,0.308510638297872,0.00152671755725191,0.318250377073906,0.309880239520958,0.303265940902022,0.298325722983257,0.292569659442724,0.306646525679758,0.703196347031963,0.363086232980333,0.296636085626911,1,0.318681318681319,1,0.294736842105263,0.301261829652997,0.301261829652997,0.319554848966614,0.304761904761905,1,0.309815950920245,0.80811232449298,1,1,0.998427672955975,1,1,0.895071542130366,1,1,1,0.307110438729198,1,0.310177705977383,0,1,0.38030303030303,1,0.313572542901716,0.315707620528771,0.300623052959502,0.420722135007849,1,0.316590563165906,1,1,1,1,0,0.309341500765697,1,1,0.311145510835913,1,0.313455657492355,1,1,0.303599374021909,0.311912225705329,0.291217257318952,0.139020537124803,0.31911532385466,0,0.596969696969697,1,0.310502283105023,0.311912225705329,0.586890243902439,1,1,0.31687898089172,0.323390894819466,1,0.662015503875969,0.701095461658842,0.300155520995334,0.308056872037915,0.993939393939394,0.315950920245399,0.291729323308271,1,0.306027820710974,0.301075268817204,1,0.298761609907121,0.309968847352025,0.30781010719755,0.310077519379845,1,1,1,0.307210031347962,0.323899371069182,0.00301204819277108,0.993788819875776,0.317610062893082,1,1,0.301972685887709,0.31570996978852,0.295384615384615,0.316030534351145,0.299079754601227,1,0.302611367127496,0.299843014128728,0.574803149606299,1,0.829953198127925,1,0,1,0.317771084337349,1,1,0.413740458015267,0.998473282442748,0.3140625,1,0.302936630602782,0.297213622291022,0.30568356374808,1,1,0.309707241910632,0.387987012987013,0.622257053291536,0.2921875,1,1,1,0.310509554140127,1,0.204930662557781,1,1,1,1,0.321592649310873,1,0.309677419354839,0.322981366459627,0.684867394695788,0.299050632911392,1,0.312788906009245,0.308955223880597,0.306477093206951,1,0.302571860816944,1,0.308845577211394,0.471406491499227,0.308980213089802,0.309375,0.29601226993865,1,0.316614420062696,0.298136645962733,1,1,0.314814814814815,0.297090352220521,1,0.48,0.309033280507132,0.311349693251534,0.312788906009245,0.691833590138675,1,0.292527821939587,1,0.4171875,0.297045101088647,0,0.886535552193646,0.302694136291601,0.311827956989247,0,0.0289634146341463,0.983024691358025,0.306976744186047,1,0.30568356374808,0.305863708399366,1,0.318181818181818,0.309486780715397,0.676056338028169,1,0.310452418096724,0.312893081761006,1,0.30568356374808,0.296774193548387,1,0.330781010719755,0.304552590266876,0.312594840667678,0.322033898305085,0.803353658536585,1,0.979495268138801,1,1,0,1,0.995391705069124,1,0.427258805513017,0.998417721518987,0.299236641221374,0.993975903614458,0.324492979719189,0.996899224806202,0.609682299546142,0.639269406392694,0.309090909090909,0.30521472392638,0.641975308641975,0.317610062893082,0,0.640791476407915,0.685446009389671,0.309451219512195,0,0.307692307692308,0.3,0.770542635658915,0.315870570107858,0.695252679938744,0.598086124401914,0.308166409861325,0.305471124620061,0.286377708978328,1,0.0263543191800878,0,0.311077389984825,0.319083969465649,0.32572298325723,1,0.329192546583851,0.310077519379845,1,0.30030487804878,0.943076923076923,0.573692551505547,1,1,0.993421052631579,0.307458143074581,0.609756097560976,0.310810810810811,0.301282051282051,0.302003081664099,0.421613394216134,1,0.300940438871473,1,0.312698412698413,0.305246422893482,1,0.311320754716981,1,0.3109375,1,1,0.310872894333844,0,1,0.315217391304348,1,0.558641975308642,1,0.51702786377709,1,0.557926829268293,1,0.30952380952381,1,1,1,0.306501547987616,0.310452418096724,0.313253012048193,0.34910277324633,0.320388349514563,0.301857585139319,1,0.311145510835913,1,1,0.317411402157165,0.31875,0.303030303030303,0.384024577572965,0.315548780487805,1,1,0.318529862174579,0.311811023622047,0.632492113564669,0.60062893081761,0.308166409861325,0.304761904761905,1,0.30568356374808,0.31390134529148,0.995319812792512,0.306962025316456,0.297674418604651,0,0.130827067669173,0.314152410575428,0.69150521609538,0.298299845440495,0.317629179331307,0.599085365853659,0.996875,0.306122448979592,1,0.30568356374808,0.349056603773585,0.308641975308642,0.476923076923077,0.303543913713405,1,0.308755760368664,0.313291139240506,0.321875,0.693009118541033,1,0.317610062893082,0.31306990881459,0,0.315233785822021,0.998466257668712,0.949924127465857,1,0.310452418096724,0.316118935837246,0.301391035548686,0.587253414264036,1,0.594637223974763,0.321372854914197,1,1,0.967791411042945,0.680817610062893,0.32120253164557,0.357798165137615,0.311077389984825,0.308396946564885,1,1,0.522480620155039,0.636932707355243,1,1,0.998473282442748,0.700626959247649,1,0.319634703196347,0.692307692307692,1,0.315467075038285,0.315789473684211,0.309923664122137,0.998466257668712,1,0.651465798045603,0.317757009345794,1,1,0.319508448540707,0.30030959752322,0.998452012383901,0,0.307936507936508,0.296583850931677,0.00611620795107034,0.300763358778626,1,0.301109350237718,1,0.141321044546851,0,0.900151285930408,0.324655436447167,1,1,0,0,0.31733746130031,1,0.306451612903226,0.99851411589896,0.303459119496855,1,0.998456790123457,0.964396284829721,0.76030534351145,1,1,0.00618238021638331,1,0.520634920634921,0.321711568938193,0.685670261941448,0.311248073959938,1,0.300155520995334,0.680817610062893,1,1,0.30564263322884,0.623688155922039,0.320373250388802,0.596899224806202,0.9703125,0.3171875,0.612903225806452,0.0124031007751938,0.304615384615385,0.309341500765697,0.314900153609831,1,0.637878787878788,0.30521472392638,0.89247311827957,0.595611285266458,0.969650986342944,1,1,0.303405572755418,0.328050713153724,0.302362204724409,0.306976744186047,0.303405572755418,0.623318385650224,0.297256097560976,0,0.685376661742984,1,0.314814814814815,0.294488188976378,0.30622009569378,0.309923664122137,0.617151607963247,1,0.322727272727273,0.323943661971831,0.316957210776545,0.309375,0.311450381679389,0.301092043681747,0.192660550458716,0.691338582677165,0.311728395061728,0.604294478527607,1,0.233281493001555,0.304347826086957,0.919003115264797,1,1,0.307339449541284,0.642072213500785,1,0.302003081664099,0.295384615384615,0.954911433172303,1,1,1,0.317411402157165,1,1,0.896284829721362,1,0.346969696969697,1,0.59904912836767,1,0.683333333333333,0.30568356374808,0.60625,1,1,0.995305164319249,0.319571865443425,0.314984709480122,0.313694267515924,0.309230769230769,0.318681318681319,0.312893081761006,0.984177215189873,0.30030959752322,1,1,0.695517774343122,0,0.311077389984825,0.312024353120244,0.684766214177979,1,0.573872472783826,0.315629742033384,0.646875,0.30077519379845,0.308777429467085,1,0.308527131782946,0.309294871794872,0.681747269890796,0.909090909090909,0.319526627218935,0.603149606299213,0.58528951486698,0.312111801242236,0.327014218009479,0.296124031007752,0.593996840442338,0.686274509803922,1,0.885625965996909,1,0.677914110429448,0.9984375,0.595541401273885,0.30568356374808,0.318110236220472,1,1,0.4328125,0.995290423861852,0.998473282442748,1,0.302180685358255,0.317111459968603,1,0.303437967115097,0.691603053435115,0.321428571428571,0.450858034321373,0.292913385826772,0,0.302891933028919,1,1,0.602102102102102,0,0.317757009345794,0.318042813455657,0.0893416927899686,0.402555910543131,1,1,0.305555555555556,1,0.410216718266254,1,0.317293233082707,0.586890243902439,0.307098765432099,0.315217391304348,1,0,1,0.300319488817891,0.309262166405024,1,1,1,0.431034482758621,1,0.306853582554517,0.625192012288787,0.316279069767442,0.320063694267516,0,0.0386398763523957,1,0.629860031104199,1,0.316118935837246,0.321928460342146,1,1,0.155487804878049,0.306153846153846,1,0.895454545454546,1,0.30441400304414,0.196825396825397,0.680851063829787,1,1,1,1,1,0.277272727272727,0.297507788161994,1,0.111642743221691,0,0.444272445820433,0,0.31832298136646,1,0.681047765793529,1,1,0.885496183206107,1,0.686244204018547,1,1,1,1
"700",0.292527821939587,0.311216429699842,0.305426356589147,0.32348367029549,0.306122448979592,0.303459119496855,0.00478468899521531,0.316211878009631,0.302469135802469,0.583870967741935,0.313178294573643,0.655864197530864,0.497637795275591,0.308777429467085,1,1,0.630265210608424,0,0.315457413249211,0.298136645962733,1,1,0.311627906976744,0.525741029641186,0.30316742081448,1,1,0.338658146964856,0.303076923076923,0.517515923566879,1,0.58641975308642,0.355038759689922,0.9953125,0.679245283018868,0.311475409836066,0.129890453834116,0.315789473684211,1,0.29601226993865,0.0032258064516129,0,0,0.315541601255887,0.309636650868878,1,0.995268138801262,1,1,1,0.694573643410853,0.322061191626409,1,0.3140625,0.306027820710974,0.823712948517941,0.112877583465819,0.315457413249211,0.31651376146789,0.313880126182965,0.990625,1,1,0.0047244094488189,0.303571428571429,0.308411214953271,0.661971830985915,0.313880126182965,0.622356495468278,1,0.31039755351682,1,1,0.263414634146341,0.152073732718894,0.305597579425113,1,0.995433789954338,0.319508448540707,1,0.617263843648209,1,1,0.316846986089645,1,0.311550151975684,0.30622009569378,0.319182389937107,0.310452418096724,0,0.312401883830455,0.316109422492401,0.698608964451314,0.601851851851852,0.309294871794872,0.660060975609756,0.687697160883281,0.302611367127496,0.106687898089172,0,0.299065420560748,0.634645669291339,1,0.315024232633279,1,0.316770186335404,0,0.3203125,1,1,1,0.302839116719243,0.99537037037037,0.320872274143302,0.201228878648233,0.300763358778626,1,0.388802488335925,1,1,0.193798449612403,0.300155520995334,1,1,0.322378716744914,1,0.314199395770393,0.307926829268293,0.37597503900156,0.766513056835638,0.3152,1,0.317460317460317,0.653092006033183,0.325842696629214,1,0.00152671755725191,1,0.356697819314642,0.890701468189233,0.591263650546022,0.603125,0.309859154929577,0.3104,1,0.302034428794992,1,0.293838862559242,0.498461538461538,0.312693498452012,1,0.299531981279251,0.311708860759494,0.31378763866878,0.324921135646688,1,0.304416403785489,1,0.446177847113885,0.316923076923077,1,0.315151515151515,1,0.610328638497653,0.315789473684211,1,0.30568356374808,0.306976744186047,0.321766561514196,0.986003110419907,0.314728682170543,1,0.317034700315457,1,0.315091210613599,1,0.60062893081761,0.294573643410853,0.0309951060358891,0.288,0.306122448979592,1,0.297805642633229,0.3109375,0.315301391035549,0.317610062893082,1,1,0.311501597444089,0.321875,1,1,0.312401883830455,0.235015772870662,0.0209580838323353,0.69811320754717,1,0.0031201248049922,0.310077519379845,1,0.31637519872814,0.305343511450382,0.311216429699842,0.998444790046656,1,1,0.317073170731707,0.307817589576547,0.306729264475743,0.682034976152623,0.29093799682035,1,0.328660436137072,1,1,0.4265625,0.314465408805031,0.314814814814815,0.31832298136646,0.301242236024845,0.307086614173228,0.659305993690852,1,1,0.305900621118012,0.00463678516228748,0.324200913242009,0.30804248861912,0.312401883830455,0.306278713629403,0.296238244514107,0.311728395061728,0.705426356589147,0.375951293759513,0.294478527607362,1,0.315457413249211,1,0.301857585139319,0.303656597774245,0.302325581395349,0.324324324324324,0.305958132045089,1,0.320433436532508,0.8060413354531,1,1,0.996784565916399,1,1,0.900641025641026,1,1,1,0.309707241910632,1,0.316639741518578,0,1,0.388127853881279,1,0.312698412698413,0.30829420970266,0.301538461538462,0.427662957074722,1,0.312883435582822,1,1,1,1,0,0.306603773584906,1,1,0.311708860759494,1,0.311145510835913,1,1,0.301587301587302,0.315286624203822,0.29320987654321,0.140215716486903,0.315789473684211,0,0.605783866057839,1,0.310185185185185,0.317460317460317,0.587962962962963,1,1,0.315619967793881,0.321766561514196,1,0.667701863354037,0.706814580031696,0.29047619047619,0.314516129032258,0.993893129770992,0.316037735849057,0.294117647058824,1,0.312111801242236,0.301710730948678,1,0.298722044728434,0.316957210776545,0.304012345679012,0.304075235109718,1,1,1,0.30077519379845,0.324367088607595,0.00467289719626168,0.992150706436421,0.3152,1,1,0.302003081664099,0.323619631901841,0.299531981279251,0.314152410575428,0.306870229007634,1,0.297169811320755,0.311216429699842,0.57258064516129,1,0.839874411302983,1,0,1,0.316666666666667,1,1,0.429457364341085,0.998463901689708,0.30564263322884,1,0.302034428794992,0.291079812206573,0.300613496932515,1,1,0.311077389984825,0.382636655948553,0.615873015873016,0.299363057324841,1,1,1,0.314606741573034,1,0.196825396825397,1,1,1,1,0.320813771517997,1,0.307941653160454,0.32018927444795,0.682539682539683,0.294117647058824,1,0.317829457364341,0.314814814814815,0.302439024390244,1,0.304147465437788,1,0.314589665653495,0.470404984423676,0.319314641744548,0.310725552050473,0.304281345565749,1,0.315047021943574,0.299050632911392,1,1,0.316614420062696,0.302362204724409,1,0.492260061919505,0.311290322580645,0.316923076923077,0.320251177394035,0.695652173913043,1,0.287096774193548,1,0.426332288401254,0.30188679245283,0,0.88719512195122,0.309409888357257,0.306853582554517,0,0.0282131661442006,0.982539682539682,0.31496062992126,1,0.298600311041991,0.321543408360129,1,0.323170731707317,0.310344827586207,0.673534072900158,1,0.313880126182965,0.303514376996805,1,0.302147239263804,0.296178343949045,1,0.347222222222222,0.301109350237718,0.313084112149533,0.329192546583851,0.805598755832037,1,0.985714285714286,1,1,0.00157977883096367,1,0.993650793650794,1,0.439252336448598,0.996825396825397,0.301857585139319,0.992307692307692,0.321144674085851,0.995319812792512,0.618263473053892,0.641860465116279,0.31039755351682,0.309815950920245,0.660964230171073,0.305732484076433,0,0.638932496075353,0.691082802547771,0.310664605873261,0.00154320987654321,0.306122448979592,0.294025157232704,0.769716088328076,0.316279069767442,0.690251572327044,0.607936507936508,0.3046875,0.305810397553517,0.2953125,1,0.0238805970149254,0,0.312210200927357,0.312401883830455,0.329230769230769,1,0.339652448657188,0.302795031055901,1,0.294478527607362,0.948995363214838,0.5818759936407,1,1,0.993333333333333,0.307098765432099,0.616923076923077,0.323216995447648,0.303030303030303,0.306603773584906,0.428134556574924,1,0.301092043681747,1,0.30622009569378,0.315789473684211,1,0.310236220472441,1,0.323809523809524,1,1,0.319182389937107,0,1,0.320061255742726,1,0.5600624024961,1,0.515384615384615,1,0.54773082942097,1,0.308064516129032,1,1,1,0.308777429467085,0.314696485623003,0.309451219512195,0.339837398373984,0.3354943273906,0.304953560371517,1,0.3171875,1,1,0.312883435582822,0.316720257234727,0.305343511450382,0.375586854460094,0.316923076923077,1,1,0.321428571428571,0.309033280507132,0.6448,0.609250398724083,0.310452418096724,0.306349206349206,1,0.304212168486739,0.315629742033384,0.995290423861852,0.297560975609756,0.304482225656878,0,0.129032258064516,0.311811023622047,0.68815592203898,0.301261829652997,0.312111801242236,0.610169491525424,1,0.29903536977492,1,0.311320754716981,0.33596214511041,0.311424100156495,0.458786936236392,0.307448494453249,1,0.31619937694704,0.314375987361769,0.316957210776545,0.697568389057751,1,0.323671497584541,0.307453416149068,0,0.316923076923077,0.998444790046656,0.959814528593508,1,0.307453416149068,0.311728395061728,0.307086614173228,0.593893129770992,1,0.598360655737705,0.326498422712934,1,1,0.96594427244582,0.68312101910828,0.317111459968603,0.339116719242902,0.31619937694704,0.315217391304348,1,1,0.521060842433697,0.6448,1,1,0.998466257668712,0.699044585987261,1,0.320987654320988,0.68621236133122,1,0.317683881064163,0.304140127388535,0.309748427672956,0.996908809891808,1,0.65112540192926,0.318252730109204,1,1,0.3125,0.301092043681747,0.998442367601246,0,0.307936507936508,0.30298273155416,0.0062402496099844,0.309119010819165,1,0.293831168831169,1,0.139968895800933,0,0.908545727136432,0.316692667706708,1,1,0,0.00154320987654321,0.318681318681319,1,0.308064516129032,0.996941896024465,0.300955414012739,1,0.998417721518987,0.963836477987421,0.777089783281734,1,1,0.004739336492891,1,0.521809369951535,0.313971742543171,0.682588597842835,0.315384615384615,1,0.297805642633229,0.682242990654206,1,1,0.310289389067524,0.633333333333333,0.315384615384615,0.60093896713615,0.976303317535545,0.329113924050633,0.61633281972265,0.0140625,0.30173775671406,0.308892355694228,0.313178294573643,1,0.651234567901235,0.302290076335878,0.8953125,0.600946372239748,0.973886328725038,1,1,0.302936630602782,0.3264,0.302884615384615,0.299382716049383,0.296754250386399,0.63013698630137,0.290076335877863,0,0.69079939668175,0.998435054773083,0.317757009345794,0.311912225705329,0.311605723370429,0.312594840667678,0.613003095975232,1,0.322137404580153,0.33122028526149,0.324717285945073,0.315457413249211,0.3015625,0.306709265175719,0.183076923076923,0.691082802547771,0.304075235109718,0.612055641421947,1,0.243788819875776,0.311627906976744,0.92891760904685,1,1,0.309006211180124,0.643856920684292,1,0.305555555555556,0.285488958990536,0.957074721780604,1,1,0.996810207336523,0.313846153846154,1,1,0.905956112852665,1,0.34009360374415,1,0.608482871125612,1,0.685325264750378,0.303459119496855,0.607936507936508,1,1,0.992331288343558,0.31441717791411,0.317111459968603,0.315359477124183,0.313572542901716,0.314194577352472,0.3168,0.983948635634029,0.309597523219814,1,1,0.706708268330733,0,0.313846153846154,0.313846153846154,0.68075117370892,1,0.578703703703704,0.319340329835082,0.660883280757098,0.307570977917981,0.305863708399366,1,0.30564263322884,0.316912972085386,0.691455696202532,0.915064102564103,0.312781954887218,0.618441971383148,0.592125984251968,0.314589665653495,0.317891373801917,0.291666666666667,0.608832807570978,0.690031152647975,1,0.898753894080997,1,0.67651632970451,0.996820349761526,0.609250398724083,0.298299845440495,0.314606741573034,1,1,0.446177847113885,0.9936,0.996937212863706,1,0.303937007874016,0.314641744548287,1,0.312406576980568,0.690880989180835,0.320063694267516,0.468454258675079,0.297560975609756,0,0.306976744186047,1,1,0.614551083591331,0.00155763239875389,0.319685039370079,0.313084112149533,0.088785046728972,0.398692810457516,1,1,0.309375,1,0.422047244094488,1,0.320300751879699,0.605919003115265,0.311320754716981,0.308426073131955,1,0,1,0.303225806451613,0.310236220472441,1,1,1,0.43859649122807,1,0.3109375,0.622083981337481,0.316118935837246,0.314102564102564,0.00156985871271586,0.0316957210776545,1,0.632558139534884,1,0.317757009345794,0.314606741573034,1,1,0.155864197530864,0.3046875,1,0.905864197530864,1,0.315625,0.198425196850394,0.681538461538462,1,1,1,1,1,0.2828125,0.301391035548686,1,0.107890499194847,0.00157728706624606,0.45440251572327,0,0.317535545023697,1,0.687301587301587,1,1,0.893188854489164,1,0.69218989280245,1,1,1,1
"701",0.28665568369028,0.311501597444089,0.313311688311688,0.328455284552846,0.314424635332253,0.309178743961353,0.0148760330578512,0.326298701298701,0.316957210776545,0.575409836065574,0.313694267515924,0.642072213500785,0.513911620294599,0.32626427406199,0.996742671009772,0.99673735725938,0.628164556962025,0.0016366612111293,0.323432343234323,0.307814992025518,0.996726677577741,0.996805111821086,0.318471337579618,0.532488114104596,0.310832025117739,0.998394863563403,0.99673735725938,0.334975369458128,0.313195548489666,0.522240527182867,0.996835443037975,0.589984350547731,0.364365971107544,0.998384491114701,0.666131621187801,0.314907872696817,0.144,0.320126782884311,0.996879875195008,0.306962025316456,0.00161550888529887,0.00159489633173844,0.00308166409861325,0.326366559485531,0.314606741573034,0.998357963875205,0.998371335504886,0.996875,0.996860282574568,0.998420221169036,0.691573926868045,0.32516339869281,0.996835443037975,0.322734499205087,0.310509554140127,0.81687898089172,0.128410914927769,0.319422150882825,0.31629392971246,0.326194398682043,0.995207667731629,0.998384491114701,0.99835255354201,0.0032520325203252,0.316912972085386,0.310015898251192,0.663974151857835,0.329635499207607,0.613846153846154,1,0.325396825396825,0.996835443037975,0.996683250414594,0.273927392739274,0.164835164835165,0.313755795981453,0.996875,0.995305164319249,0.31875,0.996677740863787,0.605263157894737,0.99673735725938,0.996753246753247,0.323248407643312,0.998405103668262,0.3203125,0.317512274959083,0.32741935483871,0.324324324324324,0.0016,0.323101777059774,0.326053042121685,0.684044233807267,0.588976377952756,0.310743801652893,0.6453125,0.678233438485804,0.308544303797468,0.126262626262626,0.00159744408945687,0.316720257234727,0.620294599018003,0.998389694041868,0.313531353135314,0.9967585089141,0.313504823151125,0.00317965023847377,0.329581993569132,0.996753246753247,0.996820349761526,0.996840442338073,0.309677419354839,1,0.320574162679426,0.211930926216641,0.305295950155763,1,0.386942675159236,0.998447204968944,0.996742671009772,0.20820189274448,0.32120253164557,0.998394863563403,0.998327759197324,0.326433121019108,0.9968,0.308396946564885,0.317262830482115,0.379032258064516,0.770206022187005,0.317434210526316,0.998402555910543,0.324237560192616,0.645412130637636,0.330065359477124,0.996860282574568,0.00159489633173844,0.998402555910543,0.376788553259142,0.889075630252101,0.573482428115016,0.59904912836767,0.310618066561014,0.324546952224053,0.996768982229402,0.315705128205128,0.996927803379416,0.303030303030303,0.505529225908373,0.324492979719189,1,0.307941653160454,0.323481116584565,0.320967741935484,0.321027287319422,0.998357963875205,0.29951690821256,0.996763754045307,0.438291139240506,0.328025477707006,0.996810207336523,0.322274881516588,0.996742671009772,0.60291734197731,0.315789473684211,0.996710526315789,0.315024232633279,0.308306709265176,0.329073482428115,0.990536277602524,0.325842696629214,0.998381877022654,0.320907617504052,0.998397435897436,0.318555008210181,0.9967585089141,0.597791798107255,0.301282051282051,0.0328947368421053,0.289176090468498,0.317230273752013,0.996699669966997,0.305825242718447,0.318979266347687,0.322734499205087,0.335473515248796,0.998373983739837,1,0.323481116584565,0.318327974276527,0.996815286624204,0.996763754045307,0.325358851674641,0.240770465489567,0.0184049079754601,0.694174757281553,0.996835443037975,0,0.316957210776545,0.996908809891808,0.320197044334975,0.311912225705329,0.310618066561014,0.993620414673046,0.9984,0.99673735725938,0.331259720062208,0.306397306397306,0.313195548489666,0.674121405750799,0.308441558441558,0.996747967479675,0.332797427652733,0.996732026143791,0.998402555910543,0.4432,0.33063209076175,0.315873015873016,0.328,0.307814992025518,0.318840579710145,0.646592709984152,0.996726677577741,0.998415213946117,0.311811023622047,0.0015748031496063,0.333858267716535,0.306853582554517,0.322222222222222,0.306349206349206,0.3,0.316358024691358,0.684210526315789,0.36875,0.302362204724409,0.996779388083736,0.322006472491909,0.998397435897436,0.316279069767442,0.314935064935065,0.319354838709677,0.326194398682043,0.301482701812191,0.998360655737705,0.3216,0.792604501607717,0.996794871794872,0.99685534591195,1,0.998384491114701,0.9967585089141,0.896039603960396,0.996789727126806,0.998420221169036,0.996805111821086,0.312599681020734,0.996774193548387,0.323873121869783,0.00157232704402516,0.996815286624204,0.389671361502347,0.998360655737705,0.32741935483871,0.320907617504052,0.308064516129032,0.428571428571429,0.996753246753247,0.3232,0.996779388083736,0.996894409937888,0.998373983739837,0.996840442338073,0.0016,0.305691056910569,0.996845425867508,0.99837925445705,0.321656050955414,0.996742671009772,0.321316614420063,0.996850393700787,0.998387096774194,0.305785123966942,0.320066334991708,0.303514376996805,0.159163987138264,0.32258064516129,0.00324149108589951,0.597523219814242,0.996789727126806,0.31496062992126,0.31219512195122,0.586816720257235,0.996889580093313,0.996699669966997,0.322475570032573,0.326829268292683,0.998435054773083,0.658653846153846,0.698360655737705,0.30718954248366,0.321782178217822,0.995290423861852,0.3184,0.30521472392638,0.996830427892235,0.312803889789303,0.30503144654088,0.998417721518987,0.300163132137031,0.319354838709677,0.31378763866878,0.320574162679426,0.998387096774194,0.998444790046656,0.998363338788871,0.3104,0.32695374800638,0.00947867298578199,0.995260663507109,0.326229508196721,1,0.996753246753247,0.314152410575428,0.322683706070288,0.300955414012739,0.314935064935065,0.3184,0.9968,0.309178743961353,0.305825242718447,0.576736672051696,0.998430141287284,0.829346092503987,0.996763754045307,0.00162866449511401,0.998420221169036,0.327692307692308,0.996768982229402,0.996825396825397,0.429467084639498,0.996840442338073,0.313311688311688,0.996875,0.309446254071661,0.29903536977492,0.310126582278481,0.996825396825397,0.996815286624204,0.32120253164557,0.391025641025641,0.617886178861789,0.303225806451613,0.998405103668262,0.996763754045307,0.998344370860927,0.32,0.998425196850394,0.212218649517685,0.996789727126806,0.996805111821086,0.996747967479675,1,0.323296354992076,0.996715927750411,0.315789473684211,0.332273449920509,0.679936305732484,0.306188925081433,0.996789727126806,0.320634920634921,0.316614420062696,0.315270935960591,0.996763754045307,0.3015625,0.9967585089141,0.320251177394035,0.472843450479233,0.319488817891374,0.317073170731707,0.310126582278481,0.998397435897436,0.319354838709677,0.307692307692308,0.9968,0.9984,0.328478964401294,0.312,0.996830427892235,0.484944532488114,0.313953488372093,0.325914149443561,0.326053042121685,0.6768,0.996732026143791,0.300653594771242,0.996835443037975,0.43042071197411,0.311897106109325,0.00156494522691706,0.873634945397816,0.318032786885246,0.32,0,0.0289855072463768,0.983844911147011,0.310897435897436,0.996774193548387,0.310789049919485,0.313114754098361,0.996815286624204,0.326498422712934,0.311290322580645,0.666666666666667,1,0.319218241042345,0.319554848966614,0.998412698412698,0.310289389067524,0.307438016528926,0.998376623376623,0.346709470304976,0.306089743589744,0.311912225705329,0.332792207792208,0.794628751974723,0.99685534591195,0.978964401294498,0.996875,0.9968,0.00161550888529887,0.998389694041868,0.996768982229402,0.99685534591195,0.442675159235669,0.998366013071895,0.308661417322835,0.996830427892235,0.32300163132137,0.998381877022654,0.609907120743034,0.633647798742138,0.316037735849057,0.320695102685624,0.643769968051118,0.316225165562914,0.00313479623824451,0.6384,0.678104575163399,0.319685039370079,0.00158730158730159,0.309061488673139,0.302694136291601,0.771929824561403,0.322222222222222,0.683042789223455,0.604838709677419,0.316129032258064,0.317610062893082,0.302737520128824,0.998371335504886,0.0278637770897833,0.00337837837837838,0.3216,0.322528363047002,0.333855799373041,0.996865203761755,0.35,0.3136,0.996810207336523,0.304278922345483,0.935794542536116,0.578352180936995,1,0.996904024767802,0.994782608695652,0.3203125,0.614035087719298,0.325077399380805,0.316749585406302,0.314194577352472,0.4288,0.996768982229402,0.308319738988581,0.99673735725938,0.315091210613599,0.323051948051948,0.998402555910543,0.322006472491909,0.996870109546166,0.325806451612903,0.998425196850394,0.996810207336523,0.323717948717949,0.00162337662337662,0.996899224806202,0.322274881516588,1,0.5625,0.998425196850394,0.5168,0.996830427892235,0.546325878594249,0.996726677577741,0.326158940397351,0.998422712933754,0.998412698412698,0.996830427892235,0.316211878009631,0.317073170731707,0.313755795981453,0.344771241830065,0.338383838383838,0.301435406698565,0.99670510708402,0.321486268174475,0.996649916247906,0.998422712933754,0.321086261980831,0.320785597381342,0.316692667706708,0.379421221864952,0.327692307692308,0.998435054773083,0.998407643312102,0.329617834394904,0.3184,0.629324546952224,0.591205211726384,0.315789473684211,0.313114754098361,0.996763754045307,0.305466237942122,0.323390894819466,0.991961414790997,0.303986710963455,0.309061488673139,0.00315955766192733,0.147335423197492,0.310064935064935,0.673879443585781,0.312903225806452,0.315372424722662,0.599056603773585,0.995238095238095,0.307317073170732,0.996810207336523,0.3184,0.345161290322581,0.318840579710145,0.476874003189793,0.319935691318328,0.998355263157895,0.315372424722662,0.31869918699187,0.329032258064516,0.689984101748808,0.998344370860927,0.328925619834711,0.32120253164557,0.00161030595813205,0.331738437001595,0.996825396825397,0.950479233226837,0.9968,0.320574162679426,0.322169059011164,0.315024232633279,0.584394904458599,0.996715927750411,0.595161290322581,0.341384863123994,0.998410174880763,0.996865203761755,0.967845659163987,0.68,0.330683624801272,0.356687898089172,0.316957210776545,0.319047619047619,0.996747967479675,0.996870109546166,0.52411575562701,0.634185303514377,0.996774193548387,0.9967585089141,0.996870109546166,0.695581014729951,0.996830427892235,0.325545171339564,0.678513731825525,0.996825396825397,0.328571428571429,0.312803889789303,0.316455696202532,0.998427672955975,0.996835443037975,0.647840531561462,0.324881141045959,0.996742671009772,0.996784565916399,0.320634920634921,0.306089743589744,0.998425196850394,0.00166389351081531,0.313213703099511,0.319218241042345,0.00484652665589661,0.311526479750779,0.996884735202492,0.309719934102142,0.996732026143791,0.15251572327044,0.00313479623824451,0.902053712480253,0.333853354134165,0.996889580093313,0.996810207336523,0.0031496062992126,0.00156985871271586,0.326498422712934,0.996850393700787,0.31900826446281,1,0.308562197092084,0.9968,0.99837925445705,0.9584,0.77373417721519,0.998373983739837,0.998376623376623,0.00491803278688525,0.996889580093313,0.523411371237458,0.329052969502408,0.675,0.330696202531646,0.996774193548387,0.301765650080257,0.670906200317965,1,0.998371335504886,0.318627450980392,0.620528771384137,0.327503974562798,0.583601286173633,0.97258064516129,0.326298701298701,0.607936507936508,0.00958466453674121,0.313099041533546,0.321144674085851,0.3125,0.996694214876033,0.638977635782748,0.309486780715397,0.892455858747994,0.593698175787728,0.968304278922345,0.996825396825397,1,0.310509554140127,0.333333333333333,0.311774461028192,0.313408723747981,0.310789049919485,0.616692426584235,0.311501597444089,0.00158227848101266,0.680555555555556,1,0.326892109500805,0.302737520128824,0.319148936170213,0.320695102685624,0.608626198083067,0.996840442338073,0.337042925278219,0.333870967741935,0.334983498349835,0.316558441558442,0.316455696202532,0.314424635332253,0.206624605678233,0.686371100164204,0.318910256410256,0.601851851851852,0.998392282958199,0.253225806451613,0.311501597444089,0.924959216965742,0.996694214876033,0.996774193548387,0.315873015873016,0.6464,0.998415213946117,0.315457413249211,0.313408723747981,0.954397394136808,1,0.996810207336523,1,0.321027287319422,0.998363338788871,0.996860282574568,0.9,0.996779388083736,0.340255591054313,0.996879875195008,0.596375617792422,1,0.668789808917197,0.305111821086262,0.607431340872375,0.9967585089141,0.998397435897436,0.993517017828201,0.324324324324324,0.325949367088608,0.326666666666667,0.318979266347687,0.32279534109817,0.323529411764706,0.985221674876847,0.3125,0.996830427892235,0.998275862068966,0.714060031595577,0.00165837479270315,0.325471698113208,0.313880126182965,0.673374613003096,0.996865203761755,0.5712,0.329721362229102,0.648780487804878,0.315286624203822,0.313915857605178,0.998366013071895,0.317307692307692,0.312186978297162,0.697899838449112,0.910743801652893,0.321156773211568,0.601957585644372,0.580542264752791,0.322632423756019,0.324717285945073,0.298578199052133,0.600961538461538,0.684294871794872,1,0.892405063291139,0.99685534591195,0.661927330173776,1,0.587561374795417,0.315619967793881,0.316558441558442,0.996845425867508,0.998394863563403,0.434022257551669,0.99673735725938,0.998430141287284,0.998405103668262,0.309294871794872,0.324492979719189,0.99837925445705,0.316998468606432,0.6832,0.336538461538462,0.46129541864139,0.302931596091205,0.00316455696202532,0.31378763866878,0.9984,0.996683250414594,0.59748427672956,0.0015600624024961,0.333868378812199,0.313880126182965,0.099025974025974,0.425,0.99673735725938,0.998371335504886,0.31496062992126,0.998389694041868,0.419249592169657,0.996742671009772,0.326120556414219,0.588888888888889,0.318840579710145,0.315533980582524,0.998410174880763,0.00162337662337662,0.998389694041868,0.309243697478992,0.325769854132901,0.996835443037975,0.996774193548387,0.996875,0.445171849427169,0.996666666666667,0.314009661835749,0.630331753554502,0.33015873015873,0.32463295269168,0.00157728706624606,0.043338683788122,0.996655518394649,0.628389154704944,0.998389694041868,0.32475884244373,0.332236842105263,0.998405103668262,0.998405103668262,0.16031746031746,0.320126782884311,0.996875,0.906940063091483,0.996840442338073,0.322222222222222,0.205882352941176,0.673534072900158,0.998425196850394,0.996913580246914,0.996710526315789,0.996768982229402,0.996908809891808,0.288643533123028,0.299840510366826,0.9984,0.124161073825503,0.00161030595813205,0.455716586151369,0.00332778702163062,0.329032258064516,0.998389694041868,0.677367576243981,0.996850393700787,0.996805111821086,0.891338582677165,0.998363338788871,0.678855325914149,0.996815286624204,0.996763754045307,0.99673735725938,0.998381877022654
"702",0.998427672955975,0.998466257668712,1,1,0.998470948012232,1,0.701587301587302,1,0.998432601880878,0.0910518053375196,1,0.0366412213740458,0.827586206896552,0.998447204968944,0.315217391304348,0.30781010719755,0.0540123456790123,0.687196110210697,0.998444790046656,0.9984375,0.288549618320611,0.30757341576507,0.998452012383901,0.150076569678407,0.998482549317147,0.333846153846154,0.318681318681319,0.998415213946117,0.998473282442748,0.80379746835443,0.315384615384615,0.75,0.965204236006051,0.315789473684211,0,1,0.536434108527132,1,0.301515151515152,0.998473282442748,0.664615384615385,0.674884437596302,0.687593423019432,0.998422712933754,0.998439937597504,0.315541601255887,0.316030534351145,0.316030534351145,0.318042813455657,0.328290468986384,0.00151745068285281,0.998422712933754,0.312217194570136,1,0.998452012383901,0.499212598425197,0.553090332805071,0.998442367601246,0.998459167950693,1,0.335854765506808,0.3125,0.31839258114374,0.680685358255452,0.998412698412698,0.998461538461539,0.0313479623824451,0.998463901689708,0.0523952095808383,0.312781954887218,0.998461538461539,0.318252730109204,0.328100470957614,0.965678627145086,0.503875968992248,0.998498498498498,0.304482225656878,0.337442218798151,0.998477929984779,0.316720257234727,0.082018927444795,0.334370139968896,0.32093023255814,0.998456790123457,0.338957055214724,0.998484848484849,0.998432601880878,0.998454404945904,0.998461538461539,0.689230769230769,0.998420221169036,0.998487140695915,0.00155763239875389,0.0961832061068702,0.998417721518987,0.0392156862745098,0,0.998477929984779,0.554313099041534,0.674491392801252,0.998456790123457,0.0484375,0.310344827586207,0.998397435897436,0.306976744186047,0.998447204968944,0.683076923076923,0.998435054773083,0.318885448916409,0.315132605304212,0.317557251908397,0.998449612403101,0.334351145038168,0.998449612403101,0.481203007518797,0.998507462686567,0.312788906009245,0.287461773700306,0.323076923076923,0.324031007751938,0.468944099378882,1,0.319148936170213,0.31687898089172,0.998470948012232,0.307219662058372,0.998505231689088,0.998489425981873,0.314814814814815,0.536953242835596,0.998425196850394,0.319018404907975,0.998432601880878,0.0340740740740741,0.998405103668262,0.312312312312312,0.677570093457944,0.32312404287902,0.939873417721519,0.421221864951768,0.0976377952755905,0.0892307692307692,0.998444790046656,0.998422712933754,0.326656394453005,0.998468606431853,0.31784107946027,0.998432601880878,0.820395738203957,0.998500749625187,0.329617834394904,0.998444790046656,0.998459167950693,0.998422712933754,0.998425196850394,0.338983050847458,0.998442367601246,0.322932917316693,0.246951219512195,0.998493975903614,0.316590563165906,0.998482549317147,0.302611367127496,0.078125,0.998447204968944,0.30952380952381,0.998456790123457,0.998463901689708,0.998444790046656,0.335854765506808,0.998454404945904,0.332810047095761,0.998425196850394,0.300925925925926,1,0.325617283950617,0.0649149922720247,1,0.640253565768621,0.998442367601246,0.998461538461539,0.317683881064163,1,0.998456790123457,0.998480243161094,0.998444790046656,0.323076923076923,0.305007587253414,0.998435054773083,1,0.317073170731707,0.306603773584906,1,0.442367601246106,0.659763313609467,0.00152905198776758,0.317901234567901,0.673846153846154,1,0.323216995447648,0.998415213946117,1,1,0.317972350230415,0.318250377073906,0.32807570977918,0.998496240601504,1,1,0.0015527950310559,0.998447204968944,0.311912225705329,0.975384615384615,0.323899371069182,0.307332293291732,0.739938080495356,0.998425196850394,0.998475609756098,1,0.998442367601246,0.998427672955975,0.0356589147286822,0.310452418096724,0.326186830015314,0.998477929984779,0.684848484848485,1,0.998487140695915,0.996875,1,0.998459167950693,0.998482549317147,0.00457317073170732,0.311746987951807,0.998470948012232,0.316614420062696,1,0.300763358778626,0.998466257668712,0.998427672955975,0.998447204968944,0.998425196850394,0.998394863563403,0.319182389937107,1,0.515625,0.323076923076923,0.328725038402458,0.310618066561014,0.31924882629108,0.333333333333333,0.409090909090909,0.331288343558282,0.315789473684211,0.316187594553706,1,0.320634920634921,1,0.688350983358548,0.316923076923077,0.295902883156297,0.330188679245283,1,0.998454404945904,1,0.240566037735849,0.310769230769231,0.998470948012232,0.329153605015674,0.322188449848024,0.315789473684211,0.323619631901841,0.682737169517885,0.998430141287284,0.316666666666667,0.315457413249211,0.998449612403101,0.304,0.998456790123457,0.31441717791411,0.314814814814815,0.998454404945904,0.998417721518987,0.998463901689708,0.524691358024691,0.998410174880763,0.687106918238994,0.0763473053892216,0.325153374233129,0.998449612403101,0.998425196850394,0.0906298003072197,0.321044546850998,0.325878594249201,1,0.998444790046656,0.301059001512859,0.0199692780337942,0.00315457413249211,0.998444790046656,0.998415213946117,0.33535660091047,0.996908809891808,0.998511904761905,0.313636363636364,1,0.998463901689708,0.314329738058552,0.998461538461539,0.998439937597504,0.998463901689708,0.998461538461539,0.322932917316693,0.311844077961019,0.338632750397456,0.998477929984779,0.998442367601246,0.675883256528418,0.312883435582822,0.9984,0.321156773211568,0.29559748427673,1,0.998463901689708,1,0.998430141287284,0.998461538461539,0.321928460342146,0.9984375,0.998444790046656,0.0988835725677831,0.33179012345679,0.479876160990712,0.30625,0.669781931464174,0.321100917431193,0.998489425981873,0.313664596273292,0.342146189735614,0.247005988023952,0.319508448540707,1,0.326807228915663,0.998461538461539,0.998435054773083,1,0.312210200927357,0.324734446130501,1,0.930868167202572,0.056782334384858,0.998402555910543,0.31839258114374,0.315301391035549,0.308892355694228,0.998417721518987,0.332326283987915,0.460122699386503,0.328725038402458,0.312693498452012,0.317817014446228,0.303317535545024,0.998484848484849,0.32018927444795,0.998412698412698,0.998447204968944,0.00155763239875389,0.998427672955975,0.320872274143302,0.998468606431853,1,0.998427672955975,0.324031007751938,0.998477929984779,0.315705128205128,0.998496240601504,0.852760736196319,0.998454404945904,0.998410174880763,0.998484848484849,0.318112633181126,1,0.9984375,0.311077389984825,0.316692667706708,1,0.998459167950693,0.318952234206472,0.180851063829787,0.998415213946117,1,0.998463901689708,0.00154083204930663,0.314194577352472,0.998425196850394,0.302936630602782,0.22706065318818,1,0.671826625386997,0.443267776096823,1,0.998447204968944,0.671091445427729,0.701996927803379,0.35202492211838,0.998449612403101,0.328682170542636,0.9984375,1,0.326086956521739,0.998477929984779,1,0.0062402496099844,0.3198127925117,0.998442367601246,0.998444790046656,0.325508607198748,0.998466257668712,0.998407643312102,0.3140625,0.322188449848024,1,1,1,0.534456355283308,0.316279069767442,0.339089481946625,0.321533923303835,0.337461300309598,0.685847589424572,0.325227963525836,0.330203442879499,0.312688821752266,0.230886850152905,0.32,0.998484848484849,0.32579185520362,1,0.31924882629108,0.0793413173652695,0.0440060698027314,0.998475609756098,1,0.0308641975308642,1,0.691489361702128,0.0340030911901082,0.0107858243451464,0.998482549317147,0.683076923076923,0.9984375,0.998449612403101,0.540031397174254,0.998456790123457,0.00154083204930663,0.064873417721519,1,0.998466257668712,1,0.321928460342146,0.641369047619048,0.688709677419355,0.993865030674847,0.998447204968944,0.984709480122324,0.310291858678955,0.327102803738318,0.998454404945904,0.30298273155416,0.998493975903614,0.37173579109063,0.0935023771790808,0.305900621118012,0.317629179331307,0.33278955954323,1,0.0726172465960666,0.998500749625187,0.998402555910543,1,0.246969696969697,0.320373250388802,0.998442367601246,0.318541996830428,0.998402555910543,0.998392282958199,0.312121212121212,0.998442367601246,0.325373134328358,1,0.308892355694228,0.321875,0.998477929984779,0.67244094488189,0.312874251497006,1,0.316957210776545,0.7782874617737,0.314674735249622,0.148036253776435,0.319277108433735,0.784375,0.315132605304212,0.998430141287284,0.324574961360124,0.336923076923077,0.299093655589124,0.998447204968944,1,0.998470948012232,0.972972972972973,0.330670926517572,0.998444790046656,0.321656050955414,0.998435054773083,0.31687898089172,0.323795180722892,0.998452012383901,0.998430141287284,1,0.926791277258567,0.998470948012232,0.317700453857791,0.31651376146789,0.998470948012232,1,0.0403726708074534,0.0743670886075949,0.998466257668712,0.998435054773083,0.313664596273292,0.998459167950693,0.998507462686567,0.316118935837246,0.998412698412698,0.998456790123457,0.678571428571429,0.523168908819133,1,0.00148148148148148,0.998430141287284,0.998459167950693,0.0894187779433681,0.322480620155039,1,0.324116743471582,1,0.9671875,1,0.830792682926829,0.998466257668712,0.329635499207607,0.998461538461539,1,0.998415213946117,0,0.313880126182965,0.998410174880763,0.998466257668712,0.667716535433071,0.998461538461539,0.320552147239264,0.361280487804878,0.321538461538462,1,1,0.998442367601246,0.0803030303030303,0.318037974683544,0.0792393026941363,1,0.30804248861912,0.311178247734139,0.357910906298003,0.0015527950310559,1,0.963020030816641,0.998482549317147,0.998480243161094,0.325038880248834,0.301659125188537,0.151090342679128,0.0325077399380805,0.312989045383412,0.30625,0.323308270676692,0.00157977883096367,0.31201248049922,0.998473282442748,0.00154083204930663,0.317557251908397,0.998482549317147,0.998449612403101,0.998444790046656,0.318529862174579,0.318250377073906,0.0334394904458599,0.998454404945904,0.31104199066874,0.3125,0.998452012383901,0.998442367601246,0.316358024691358,0.690322580645161,0.9984375,1,0.683229813664596,0.998461538461539,0.305007587253414,0.998415213946117,0.31201248049922,0.523736600306279,0.662100456621005,0.399700598802395,0.998456790123457,0.303571428571429,0.308049535603715,0.676783004552352,0.668702290076336,0.998459167950693,0.324159021406728,1,0.321156773211568,0.998442367601246,0.31619937694704,0.312111801242236,0.350387596899225,0.52093023255814,0.317965023847377,0.309859154929577,0.662015503875969,0.32,0.138755980861244,1,0.0015220700152207,1,0.296124031007752,0.998454404945904,0.0015527950310559,0.3171875,0.32018927444795,0.998417721518987,0.0487444608567208,0.998463901689708,0.0789473684210526,0.341158059467919,0.998461538461539,0.0558139534883721,0.663565891472868,0.998459167950693,1,1,0.304975922953451,0.0343796711509716,0.998475609756098,0.440625,0.0893416927899686,0.359281437125749,0.319571865443425,0.324159021406728,0.998454404945904,1,0.998439937597504,1,1,0.055472263868066,0.995447647951442,0.684931506849315,0.00452488687782805,0.31839258114374,0.998459167950693,0.9984375,0.998381877022654,0.998482549317147,0.078907435508346,0.30804248861912,1,0.998444790046656,0.998402555910543,0.998444790046656,1,0.998444790046656,0.480974124809741,0.0031496062992126,0.998442367601246,0.0751533742331288,0.316846986089645,0.429892141756549,1,0.400316455696203,0.310289389067524,0.319634703196347,0.998439937597504,0.0351145038167939,0.315068493150685,0.998482549317147,1,0.382677165354331,0.317411402157165,0.313846153846154,0.321027287319422,1,0.327044025157233,0.324615384615385,0.411214953271028,0.316692667706708,0.97869101978691,0.31570996978852,0.0770440251572327,0.326656394453005,0,0.998452012383901,0.0851393188854489,0.3046875,0.3203125,0.314641744548287,0.998489425981873,0.998452012383901,0.9984375,0.998447204968944,0.998412698412698,0.998430141287284,0.341194968553459,1,0.3125,0.313114754098361,0.604863221884498,0.67817896389325,1,0.998463901689708,0.00153374233128834,0.320300751879699,0.100931677018634,1,0.0265625,0.998447204968944,0.998425196850394,0.317262830482115,0.998456790123457,0.99836867862969,0.61648177496038,0.407348242811502,0.995568685376662,0.0781499202551834,0.0947867298578199,0.998447204968944,1,0.998466257668712,0.0773993808049536,0,0.320668693009119,0.434375,0.314674735249622,0.00152439024390244,0.32755905511811,0.0793650793650794,0.998432601880878,0.998425196850394,0.320493066255778,0.317901234567901,0.226646248085758,0.336477987421384,0.311728395061728,0.323664122137405,0.998432601880878,1,0.325,0.998525073746313,0.00151515151515152,0.998427672955975,0.2109375,0.998442367601246,0.669753086419753,0.998477929984779,0.316998468606432,0.307936507936508,0.0667701863354037,0.679389312977099,0.998461538461539,0.998447204968944,0.795031055900621,0.8928,0.32120253164557,0.319047619047619,0.998468606431853,0.315301391035549,0.242331288343558,0.324960753532182,0.998509687034277,0.0906298003072197,0.9984375,0.998432601880878,0.320552147239264,0.675675675675676,0.304416403785489,1,0.998452012383901,0.309230769230769,0.312404287901991,0.314842578710645,0.85377358490566,0.312796208530806,0.998461538461539,0.0485584218512898,0.998452012383901,0.998402555910543,0.702786377708978,0.646417445482866,0.323390894819466,0.0458715596330275,0.321928460342146,0.998468606431853,1,0.305295950155763,0.332814930015552,0.611963190184049,0.998484848484849,0.307458143074581,0.365151515151515,0.308396946564885,0.98297213622291,0.470031545741325,0.00459418070444104,0.309707241910632,0.327794561933535,0.329113924050633,0.31378763866878,0.314112291350531,0.966917293233083,0.998439937597504,0.316770186335404,0.543859649122807,0.684210526315789,0.22,0.689430894308943,1,0.326120556414219,0.00469483568075117,0.317901234567901,0.316590563165906,0.354838709677419,0.323390894819466,0.00152905198776758,0.334360554699538,0.329192546583851,0.322429906542056,0.325038880248834
"703",0.303079416531605,0.326984126984127,0.32807570977918,0.340322580645161,0.324281150159744,0.321086261980831,0.0128617363344051,0.337133550488599,0.322222222222222,0.570480928689884,0.330188679245283,0.635658914728682,0.515297906602254,0.330128205128205,1,1,0.614173228346457,0,0.335453100158982,0.317741935483871,1,1,0.324960753532182,0.517460317460318,0.31937984496124,1,1,0.34257748776509,0.317111459968603,0.525121555915721,1,0.592933947772657,0.376377952755906,0.996820349761526,0.659163987138264,0.315702479338843,0.1456,0.327044025157233,1,0.307936507936508,0.0015748031496063,0,0,0.338658146964856,0.319935691318328,1,0.995176848874598,1,1,1,0.685214626391097,0.330658105939005,1,0.330683624801272,0.330683624801272,0.817307692307692,0.1264,0.323296354992076,0.328593996840442,0.333333333333333,0.996889580093313,1,1,0.00474683544303797,0.320325203252033,0.323029366306028,0.648562300319489,0.325806451612903,0.60708782742681,1,0.31974921630094,1,1,0.285251215559157,0.1640625,0.3265625,1,0.993808049535604,0.322378716744914,1,0.606907894736842,1,1,0.332273449920509,1,0.333333333333333,0.311004784688995,0.332805071315372,0.321486268174475,0,0.321027287319422,0.331797235023041,0.682182985553772,0.58609794628752,0.318840579710145,0.62888198757764,0.680445151033386,0.323899371069182,0.126229508196721,0,0.32475884244373,0.621187800963082,1,0.325581395348837,1,0.323624595469256,0,0.327503974562798,1,1,1,0.317683881064163,0.996850393700787,0.329617834394904,0.205007824726135,0.311450381679389,1,0.381558028616852,1,1,0.201923076923077,0.31637519872814,1,1,0.336538461538462,1,0.32258064516129,0.321592649310873,0.382775119617225,0.782270606531882,0.32463295269168,1,0.3312,0.624036979969183,0.334389857369255,1,0,1,0.387459807073955,0.905785123966942,0.591414944356121,0.6,0.319870759289176,0.324058919803601,1,0.317384370015949,1,0.3088,0.508607198748044,0.329153605015674,1,0.318471337579618,0.325358851674641,0.333863275039746,0.327922077922078,1,0.309904153354633,1,0.43859649122807,0.334913112164297,1,0.331775700934579,1,0.583860759493671,0.323577235772358,1,0.322274881516588,0.318110236220472,0.33974358974359,0.988958990536278,0.334928229665072,1,0.33387358184765,1,0.317434210526316,1,0.593354430379747,0.298904538341158,0.0315614617940199,0.295819935691318,0.325358851674641,1,0.310236220472441,0.332283464566929,0.33175355450237,0.346153846153846,1,1,0.3322528363047,0.336538461538462,1,1,0.327044025157233,0.250798722044728,0.0199386503067485,0.68362480127186,1,0.00158227848101266,0.316957210776545,1,0.324058919803601,0.316279069767442,0.318252730109204,0.998397435897436,1,1,0.330246913580247,0.322475570032573,0.318541996830428,0.670364500792393,0.307073954983923,1,0.349606299212598,1,1,0.448494453248811,0.322632423756019,0.330188679245283,0.332273449920509,0.307448494453249,0.318840579710145,0.637380191693291,1,1,0.318681318681319,0.0031201248049922,0.330757341576507,0.321372854914197,0.326298701298701,0.317034700315457,0.30379746835443,0.325508607198748,0.687697160883281,0.373228346456693,0.3109375,1,0.325878594249201,1,0.307931570762053,0.314465408805031,0.321543408360129,0.333868378812199,0.319805194805195,1,0.333853354134165,0.789049919484702,1,1,0.998381877022654,1,1,0.908507223113965,1,1,1,0.328682170542636,1,0.332231404958678,0,1,0.384615384615385,1,0.322115384615385,0.33495145631068,0.3248,0.424960505529226,1,0.333333333333333,1,1,1,1,0,0.318910256410256,1,1,0.330143540669856,1,0.327586206896552,1,1,0.317384370015949,0.328990228013029,0.310725552050473,0.150159744408946,0.330658105939005,0,0.595975232198142,1,0.328593996840442,0.331179321486268,0.585055643879173,1,1,0.330049261083744,0.338187702265372,1,0.6453125,0.690553745928339,0.312903225806452,0.332263242375602,0.995290423861852,0.331230283911672,0.311349693251534,1,0.3168,0.314873417721519,1,0.314424635332253,0.321543408360129,0.325358851674641,0.326892109500805,1,1,1,0.315457413249211,0.331723027375201,0.0064,0.991935483870968,0.33278955954323,1,1,0.316770186335404,0.326594090202177,0.315873015873016,0.325281803542673,0.322932917316693,1,0.314516129032258,0.312302839116719,0.573770491803279,1,0.85031847133758,1,0,1,0.3328173374613,1,1,0.435054773082942,0.998427672955975,0.328050713153724,1,0.309033280507132,0.313195548489666,0.321711568938193,1,1,0.322734499205087,0.39443535188216,0.608130081300813,0.312803889789303,1,1,1,0.328382838283828,1,0.206677265500795,1,1,1,1,0.338050314465409,1,0.322314049586777,0.34375,0.676703645007924,0.306581059390048,1,0.323029366306028,0.328746177370031,0.323577235772358,1,0.313755795981453,1,0.33175355450237,0.475667189952904,0.331761006289308,0.328478964401294,0.31875,1,0.330128205128205,0.317460317460317,1,1,0.328548644338118,0.3125,1,0.490506329113924,0.32258064516129,0.333333333333333,0.331768388106416,0.674565560821485,1,0.303839732888147,1,0.42246835443038,0.313099041533546,0,0.87519747235387,0.318840579710145,0.328571428571429,0,0.0304487179487179,0.980922098569157,0.3248,1,0.3184,0.327212020033389,1,0.334370139968896,0.328025477707006,0.668789808917197,1,0.331738437001595,0.325878594249201,1,0.314785373608903,0.315960912052117,1,0.351181102362205,0.313504823151125,0.319554848966614,0.333863275039746,0.792663476874003,1,0.983818770226537,1,1,0,1,0.993680884676145,1,0.431746031746032,0.996779388083736,0.310832025117739,0.993690851735016,0.33968253968254,0.995290423861852,0.610769230769231,0.62085308056872,0.330721003134796,0.319182389937107,0.633228840125392,0.325082508250825,0,0.619273301737757,0.674718196457327,0.323029366306028,0,0.324921135646688,0.312202852614897,0.782608695652174,0.334394904458599,0.682539682539683,0.595779220779221,0.317741935483871,0.328660436137072,0.302362204724409,1,0.0255639097744361,0,0.32967032967033,0.326433121019108,0.34009360374415,1,0.3504,0.320574162679426,1,0.311811023622047,0.941269841269841,0.571428571428571,1,1,0.993265993265993,0.329153605015674,0.604068857589984,0.330246913580247,0.317230273752013,0.315541601255887,0.424336973478939,1,0.315112540192926,1,0.329011345218801,0.318255250403877,1,0.329032258064516,1,0.333865814696486,1,1,0.325878594249201,0,1,0.328660436137072,1,0.566718995290424,1,0.511848341232227,1,0.563981042654028,1,0.322899505766063,1,1,1,0.3232,0.335515548281506,0.328660436137072,0.360927152317881,0.341021416803954,0.31974921630094,1,0.329073482428115,1,1,0.328593996840442,0.320388349514563,0.3203125,0.385483870967742,0.336448598130841,1,1,0.336973478939158,0.334959349593496,0.618506493506494,0.592651757188498,0.312796208530806,0.330097087378641,1,0.318471337579618,0.326120556414219,0.996815286624204,0.312091503267974,0.318681318681319,0,0.141085271317829,0.326892109500805,0.671253822629969,0.31378763866878,0.324960753532182,0.60377358490566,0.998412698412698,0.32,1,0.322784810126582,0.3568,0.325242718446602,0.47244094488189,0.3184,1,0.32348367029549,0.3328,0.34094616639478,0.682539682539683,1,0.332258064516129,0.324960753532182,0,0.333860759493671,0.998389694041868,0.953525641025641,1,0.327102803738318,0.323854660347551,0.323809523809524,0.58712715855573,1,0.594507269789984,0.337096774193548,1,1,0.970219435736677,0.667741935483871,0.337042925278219,0.370839936608558,0.321875,0.31378763866878,1,1,0.5168,0.627388535031847,1,1,0.998415213946117,0.684380032206119,1,0.330232558139535,0.674528301886792,1,0.333860759493671,0.314516129032258,0.322222222222222,0.996894409937888,1,0.640776699029126,0.32755905511811,1,1,0.332278481012658,0.321144674085851,0.998407643312102,0,0.316129032258064,0.320063694267516,0.00643086816720257,0.319182389937107,1,0.314754098360656,1,0.153125,0,0.907153729071537,0.329133858267717,1,1,0,0,0.327044025157233,1,0.322847682119205,0.998442367601246,0.31139646869984,1,0.998392282958199,0.961180124223602,0.793700787401575,1,1,0.00634920634920635,1,0.524834437086093,0.330658105939005,0.670347003154574,0.334379905808477,1,0.308917197452229,0.676056338028169,1,1,0.324193548387097,0.622526636225266,0.332278481012658,0.586921850079745,0.976038338658147,0.335453100158982,0.594896331738437,0.0143312101910828,0.3168,0.322327044025157,0.324367088607595,1,0.62992125984252,0.314641744548287,0.885220125786163,0.590243902439024,0.970404984423676,1,1,0.314606741573034,0.335483870967742,0.315619967793881,0.327102803738318,0.3184,0.612213740458015,0.313846153846154,0,0.669753086419753,0.998417721518987,0.330173775671406,0.314285714285714,0.323481116584565,0.326053042121685,0.608557844690967,1,0.339089481946625,0.341307814992026,0.330065359477124,0.32475884244373,0.3234375,0.314696485623003,0.203149606299213,0.67192429022082,0.327503974562798,0.603174603174603,1,0.245557350565428,0.330173775671406,0.924713584288052,1,1,0.3125,0.635499207606973,1,0.325434439178515,0.308681672025723,0.956381260096931,1,1,0.998363338788871,0.327044025157233,1,1,0.904761904761905,1,0.360062893081761,1,0.590163934426229,1,0.667726550079491,0.315619967793881,0.607936507936508,1,1,0.9952,0.332283464566929,0.328660436137072,0.330112721417069,0.325471698113208,0.32569558101473,0.330645161290323,0.982084690553746,0.326366559485531,1,1,0.734920634920635,0,0.32967032967033,0.32755905511811,0.6734375,1,0.57120253164557,0.333850931677019,0.634768740031898,0.31869918699187,0.326194398682043,1,0.316211878009631,0.324104234527687,0.707516339869281,0.921182266009852,0.332833583208396,0.601941747572815,0.580645161290323,0.330218068535826,0.332797427652733,0.299050632911392,0.581210191082803,0.680314960629921,1,0.889245585874799,1,0.6625,0.996825396825397,0.591935483870968,0.325,0.334426229508197,1,1,0.436507936507937,0.99349593495935,0.996845425867508,1,0.31637519872814,0.342902711323764,1,0.324200913242009,0.678740157480315,0.335463258785943,0.466034755134281,0.303571428571429,0,0.313664596273292,1,1,0.595275590551181,0,0.336507936507937,0.332263242375602,0.0992,0.417910447761194,1,1,0.317535545023697,1,0.425396825396825,1,0.330745341614907,0.592417061611374,0.324324324324324,0.320450885668277,1,0,1,0.315359477124183,0.330670926517572,1,1,1,0.45718901453958,1,0.330143540669856,0.611801242236025,0.333333333333333,0.32843137254902,0,0.0403225806451613,1,0.619047619047619,1,0.3264,0.329545454545455,1,1,0.168486739469579,0.314696485623003,1,0.906103286384977,1,0.324409448818898,0.208,0.66973886328725,1,1,1,1,1,0.28414442700157,0.316957210776545,1,0.119868637110016,0,0.448979591836735,0,0.334405144694534,1,0.677993527508091,1,1,0.8976,1,0.676100628930818,1,1,1,1
"704",0.29570747217806,0.316846986089645,0.312210200927357,0.325471698113208,0.309375,0.309597523219814,0.010989010989011,0.318541996830428,0.315301391035549,0.57120253164557,0.324534161490683,0.641538461538462,0.513343799058085,0.321538461538462,1,1,0.621951219512195,0,0.326625386996904,0.309262166405024,1,1,0.325190839694657,0.508422664624809,0.305597579425113,1,1,0.331746031746032,0.313935681470138,0.528391167192429,1,0.594470046082949,0.368258859784284,0.99537037037037,0.67032967032967,0.313725490196078,0.143079315707621,0.322085889570552,1,0.306184012066365,0.00309597523219814,0,0,0.324451410658307,0.318541996830428,1,0.993700787401575,1,1,1,0.689497716894977,0.332802547770701,1,0.323529411764706,0.319938176197836,0.818885448916409,0.1198738170347,0.324031007751938,0.318461538461538,0.327217125382263,0.990909090909091,1,1,0.00467289719626168,0.312903225806452,0.31937984496124,0.649762282091918,0.329153605015674,0.614925373134328,1,0.316923076923077,1,1,0.278846153846154,0.158631415241058,0.313056379821958,1,0.995481927710843,0.321752265861027,1,0.600321027287319,1,1,0.322188449848024,1,0.325688073394495,0.313572542901716,0.324534161490683,0.319047619047619,0,0.320695102685624,0.321752265861027,0.68798751950078,0.588509316770186,0.316535433070866,0.637747336377473,0.680981595092024,0.30640243902439,0.1248,0,0.311526479750779,0.619718309859155,1,0.321656050955414,1,0.32398753894081,0,0.322530864197531,1,1,1,0.3046875,0.995275590551181,0.334370139968896,0.211161387631976,0.307575757575758,1,0.377125193199382,1,1,0.202453987730061,0.310077519379845,1,1,0.333333333333333,1,0.318518518518519,0.312688821752266,0.37962962962963,0.765243902439024,0.319314641744548,1,0.329635499207607,0.63568215892054,0.333860759493671,1,0.00153139356814701,1,0.371517027863777,0.884430176565008,0.575663026521061,0.596573208722741,0.316998468606432,0.3232,1,0.319314641744548,1,0.300925925925926,0.507645259938838,0.324773413897281,1,0.307931570762053,0.315873015873016,0.316614420062696,0.324492979719189,1,0.303543913713405,1,0.427692307692308,0.318952234206472,1,0.316265060240964,1,0.591414944356121,0.322327044025157,1,0.31875,0.314152410575428,0.331768388106416,0.987841945288754,0.328197226502311,1,0.322429906542056,1,0.322061191626409,1,0.590697674418605,0.302003081664099,0.0305466237942122,0.300319488817891,0.31839258114374,1,0.306625577812018,0.319938176197836,0.325617283950617,0.327217125382263,1,1,0.318471337579618,0.328197226502311,1,1,0.324574961360124,0.238461538461538,0.0207407407407407,0.684782608695652,1,0.00310077519379845,0.320121951219512,1,0.320574162679426,0.314199395770393,0.3203125,1,1,1,0.327769347496206,0.317666126418152,0.315789473684211,0.670807453416149,0.303265940902022,1,0.334355828220859,1,1,0.442724458204334,0.330696202531646,0.320121951219512,0.316923076923077,0.301829268292683,0.311811023622047,0.644409937888199,1,1,0.320552147239264,0.00309119010819165,0.325264750378215,0.310606060606061,0.320373250388802,0.311450381679389,0.302795031055901,0.316666666666667,0.700763358778626,0.367223065250379,0.3,1,0.326086956521739,1,0.308282208588957,0.310236220472441,0.309486780715397,0.331761006289308,0.314285714285714,1,0.320552147239264,0.798092209856916,1,1,0.996865203761755,1,1,0.891891891891892,1,1,1,0.316358024691358,1,0.311793214862682,0,1,0.382262996941896,1,0.321711568938193,0.3234375,0.303738317757009,0.414442700156986,1,0.319444444444444,1,1,1,1,0,0.309006211180124,1,1,0.319938176197836,1,0.320433436532508,1,1,0.308544303797468,0.323763955342903,0.303875968992248,0.149068322981366,0.322834645669291,0,0.592203898050975,1,0.314589665653495,0.312796208530806,0.577399380804954,1,1,0.317965023847377,0.328638497652582,1,0.653846153846154,0.695859872611465,0.308777429467085,0.3152,0.992401215805471,0.322480620155039,0.306427503736921,1,0.309119010819165,0.30640243902439,1,0.304012345679012,0.315625,0.316923076923077,0.315217391304348,1,1,1,0.308892355694228,0.321428571428571,0.00768049155145929,0.99211356466877,0.325949367088608,1,1,0.312307692307692,0.320300751879699,0.307453416149068,0.321044546850998,0.311926605504587,1,0.305379746835443,0.314814814814815,0.563291139240506,1,0.831513260530421,1,0,1,0.323308270676692,1,1,0.411674347158218,0.998473282442748,0.318611987381703,1,0.304761904761905,0.307453416149068,0.313271604938272,1,1,0.320433436532508,0.405103668261563,0.612244897959184,0.308056872037915,1,1,1,0.316692667706708,1,0.212307692307692,1,1,1,1,0.329211746522411,1,0.319218241042345,0.328197226502311,0.684782608695652,0.302694136291601,1,0.325153374233129,0.320182094081942,0.315047021943574,1,0.313636363636364,1,0.319880418535127,0.478260869565217,0.324116743471582,0.3198127925117,0.307575757575758,1,0.325508607198748,0.302215189873418,1,1,0.325153374233129,0.309119010819165,1,0.486404833836858,0.32258064516129,0.330246913580247,0.32469512195122,0.6801872074883,1,0.302884615384615,1,0.420560747663551,0.309262166405024,0,0.880121396054628,0.315789473684211,0.318818040435459,0,0.0338983050847458,0.979876160990712,0.317757009345794,1,0.305295950155763,0.314873417721519,1,0.321100917431193,0.313479623824451,0.669781931464174,1,0.315384615384615,0.323296354992076,1,0.312307692307692,0.314606741573034,1,0.33843797856049,0.307210031347962,0.317411402157165,0.333333333333333,0.7890625,1,0.982704402515723,1,1,0.00158227848101266,1,0.995391705069124,1,0.424196018376723,0.996850393700787,0.306278713629403,0.993836671802773,0.330232558139535,0.996908809891808,0.602985074626866,0.63013698630137,0.318731117824773,0.311827956989247,0.634259259259259,0.312202852614897,0,0.635093167701863,0.681318681318681,0.315068493150685,0.00154320987654321,0.321981424148607,0.309341500765697,0.7640625,0.325077399380805,0.681047765793529,0.5872,0.310832025117739,0.31570996978852,0.300314465408805,1,0.0281481481481481,0,0.31441717791411,0.326251896813354,0.341049382716049,1,0.343076923076923,0.314641744548287,1,0.30521472392638,0.940902021772939,0.566096423017107,1,1,0.993464052287582,0.318862275449102,0.602446483180428,0.319277108433735,0.312302839116719,0.312307692307692,0.415525114155251,1,0.309262166405024,1,0.325320512820513,0.314102564102564,1,0.318471337579618,1,0.322932917316693,1,1,0.322678843226788,0,1,0.324116743471582,1,0.568147013782542,1,0.501547987616099,1,0.551617873651772,1,0.317891373801917,1,1,1,0.311248073959938,0.325878594249201,0.318318318318318,0.355305466237942,0.332263242375602,0.311728395061728,1,0.317411402157165,1,1,0.324074074074074,0.318611987381703,0.32370820668693,0.393468118195956,0.331831831831832,1,1,0.334862385321101,0.322981366459627,0.627575277337559,0.58814352574103,0.308411214953271,0.315625,1,0.304482225656878,0.3202416918429,0.996875,0.30952380952381,0.312597200622084,0,0.141993957703928,0.317111459968603,0.68,0.305426356589147,0.320987654320988,0.591251885369532,0.996918335901387,0.3203125,1,0.311450381679389,0.344391785150079,0.3125,0.480243161094225,0.31378763866878,1,0.321928460342146,0.3203125,0.334905660377358,0.689814814814815,1,0.328571428571429,0.315467075038285,0,0.322727272727273,0.998452012383901,0.94954128440367,1,0.320121951219512,0.330275229357798,0.309375,0.582317073170732,1,0.58712715855573,0.338582677165354,1,1,0.963020030816641,0.674382716049383,0.327769347496206,0.357473035439137,0.318952234206472,0.30781010719755,1,1,0.5141065830721,0.634796238244514,1,1,0.998473282442748,0.69620253164557,1,0.323170731707317,0.681889763779528,1,0.326120556414219,0.302325581395349,0.313271604938272,0.996978851963746,1,0.648562300319489,0.323529411764706,1,1,0.325038880248834,0.314329738058552,0.998463901689708,0,0.308661417322835,0.31055900621118,0.00619195046439629,0.313846153846154,1,0.317683881064163,1,0.147640791476408,0,0.899096385542169,0.322530864197531,1,1,0,0.00152905198776758,0.322981366459627,1,0.310789049919485,0.996960486322188,0.306962025316456,1,0.998435054773083,0.961119751166407,0.769470404984424,1,1,0.0046801872074883,1,0.519230769230769,0.325,0.675799086757991,0.324615384615385,1,0.30564263322884,0.67175572519084,1,1,0.3234375,0.615844544095665,0.328197226502311,0.588419405320814,0.968701095461659,0.333333333333333,0.601538461538462,0.0123647604327666,0.308411214953271,0.319018404907975,0.316109422492401,1,0.638972809667674,0.315068493150685,0.886645962732919,0.584935897435897,0.962235649546828,1,1,0.314112291350531,0.334405144694534,0.314152410575428,0.309815950920245,0.313846153846154,0.61961367013373,0.307692307692308,0,0.681481481481481,0.998482549317147,0.325581395348837,0.303738317757009,0.31637519872814,0.324615384615385,0.605546995377504,1,0.330781010719755,0.325358851674641,0.329052969502408,0.319554848966614,0.317484662576687,0.316279069767442,0.196696696696697,0.67906976744186,0.317757009345794,0.600311041990669,1,0.239197530864198,0.315047021943574,0.918918918918919,1,1,0.315789473684211,0.640625,1,0.317073170731707,0.3,0.951638065522621,1,1,0.996860282574568,0.324615384615385,1,1,0.897196261682243,1,0.347957639939486,1,0.593900481540931,1,0.681818181818182,0.307448494453249,0.6,1,1,0.990697674418605,0.32262996941896,0.325581395348837,0.31687898089172,0.323390894819466,0.32475884244373,0.323809523809524,0.982677165354331,0.309341500765697,1,1,0.709677419354839,0,0.317220543806647,0.315467075038285,0.674347158218126,1,0.565950920245399,0.329341317365269,0.645061728395062,0.312893081761006,0.31629392971246,1,0.310664605873261,0.314102564102564,0.691943127962085,0.906050955414013,0.320058997050148,0.605015673981191,0.572107765451664,0.32182103610675,0.324409448818898,0.2984375,0.592592592592593,0.681114551083591,1,0.889060092449923,1,0.670713201820941,0.996889580093313,0.588235294117647,0.31619937694704,0.318471337579618,1,1,0.427018633540373,0.993690851735016,0.998475609756098,1,0.317610062893082,0.327613104524181,1,0.312592592592593,0.680685358255452,0.325581395348837,0.448916408668731,0.29635499207607,0,0.300763358778626,1,1,0.599092284417549,0.00154083204930663,0.327160493827161,0.316692667706708,0.101404056162246,0.414556962025316,1,1,0.316770186335404,1,0.410852713178295,1,0.327844311377246,0.588414634146341,0.323664122137405,0.325471698113208,1,0,1,0.30622009569378,0.324492979719189,1,1,1,0.431279620853081,1,0.316279069767442,0.622291021671827,0.324074074074074,0.319685039370079,0.00153139356814701,0.0402476780185759,1,0.61993769470405,1,0.324159021406728,0.332805071315372,1,1,0.170245398773006,0.312788906009245,1,0.897865853658537,1,0.325227963525836,0.197492163009404,0.67427701674277,1,1,1,1,1,0.289433384379786,0.29922480620155,1,0.119547657512116,0.0015748031496063,0.429663608562691,0,0.324960753532182,1,0.688372093023256,1,1,0.886153846153846,1,0.686544342507645,1,1,1,1
"705",0.3904,0.410459587955626,0.411111111111111,0.42258064516129,0.408450704225352,0.403846153846154,0.112540192926045,0.423948220064725,0.409090909090909,0.668852459016393,0.410296411856474,0.63349131121643,0.420289855072464,0.4208,0.900641025641026,0.900630914826498,0.65210608424337,0.104918032786885,0.42215088282504,0.416403785488959,0.889245585874799,0.89968152866242,0.427244582043344,0.624223602484472,0.417956656346749,0.891679748822606,0.896774193548387,0.425956738768719,0.416275430359937,0.461538461538462,0.903481012658228,0.482115085536547,0.409090909090909,0.896440129449838,0.579617834394904,0.409618573797678,0.254777070063694,0.416149068322981,0.897196261682243,0.410015649452269,0.108832807570978,0.0938967136150235,0.109567901234568,0.424960505529226,0.420545746388443,0.889430894308943,0.892234548335975,0.893846153846154,0.905808477237049,0.896551724137931,0.593004769475358,0.421553090332805,0.8984375,0.412238325281804,0.417061611374408,0.70926517571885,0.232114467408585,0.419303797468354,0.432973805855162,0.418789808917197,0.894154818325434,0.898573692551506,0.898894154818325,0.1168,0.42339373970346,0.421553090332805,0.639810426540284,0.419303797468354,0.645801526717557,0.891167192429022,0.41259842519685,0.900158478605388,0.891760904684976,0.379254457050243,0.26791277258567,0.422187981510015,0.901253918495298,0.890453834115806,0.417701863354037,0.894480519480519,0.687908496732026,0.900958466453674,0.902208201892745,0.421705426356589,0.898753894080997,0.414373088685015,0.415481832543444,0.421383647798742,0.406299212598425,0.103610675039246,0.420032310177706,0.4209726443769,0.601574803149606,0.674884437596302,0.406148867313916,0.635239567233385,0.584786053882726,0.411023622047244,0.237179487179487,0.103503184713376,0.416666666666667,0.630914826498423,0.907668231611894,0.43042071197411,0.895238095238095,0.413249211356467,0.107936507936508,0.427892234548336,0.891167192429022,0.892744479495268,0.891679748822606,0.403785488958991,0.889952153110048,0.42566510172144,0.318818040435459,0.415007656967841,0.897798742138365,0.479495268138801,0.894977168949772,0.898894154818325,0.318252730109204,0.407120743034056,0.901716068642746,0.896103896103896,0.423137876386688,0.897637795275591,0.408132530120482,0.419106317411402,0.468553459119497,0.876543209876543,0.419713831478537,0.896496815286624,0.42512077294686,0.628614916286149,0.422829581993569,0.896124031007752,0.105511811023622,0.895238095238095,0.34185303514377,0.981967213114754,0.671474358974359,0.683042789223455,0.416403785488959,0.417763157894737,0.891025641025641,0.411111111111111,0.902021772939347,0.400318979266348,0.409375,0.424764890282132,0.906300484652666,0.406003159557662,0.415730337078652,0.427457098283931,0.408874801901743,0.896825396825397,0.410742496050553,0.89540412044374,0.546899841017488,0.419656786271451,0.902973395931142,0.425,0.898573692551506,0.667197452229299,0.411954765751212,0.898222940226171,0.43217665615142,0.4078125,0.436507936507937,0.889060092449923,0.438485804416404,0.898573692551506,0.427662957074722,0.880763116057234,0.4189852700491,0.89937106918239,0.656,0.3904,0.146537842190016,0.398073836276083,0.412420382165605,0.902912621359223,0.394480519480519,0.417582417582418,0.41390205371248,0.426751592356688,0.904761904761905,0.895475819032761,0.427652733118971,0.42332268370607,0.890795631825273,0.901587301587302,0.411949685534591,0.352664576802508,0.130500758725341,0.591125198098257,0.905808477237049,0.117004680187207,0.412844036697248,0.897637795275591,0.417335473515249,0.408256880733945,0.400936037441498,0.905063291139241,0.895962732919255,0.90228013029316,0.433179723502304,0.413114754098361,0.402496099843994,0.587859424920128,0.401587301587302,0.900489396411093,0.389324960753532,0.900158478605388,0.897314375987362,0.541213063763608,0.405797101449275,0.415360501567398,0.418641390205371,0.406349206349206,0.405448717948718,0.631410256410256,0.891025641025641,0.901430842607313,0.42472266244057,0.103715170278638,0.424846625766871,0.422535211267606,0.426307448494453,0.407582938388626,0.406299212598425,0.421133231240429,0.608832807570978,0.478461538461538,0.41185647425897,0.892109500805153,0.419656786271451,0.892913385826772,0.405616224648986,0.408360128617363,0.406752411575563,0.428341384863124,0.416531604538088,0.889776357827476,0.420722135007849,0.680129240710824,0.888357256778309,0.894171779141104,0.894568690095847,0.896825396825397,0.895734597156398,0.988617886178862,0.888364779874214,0.891679748822606,0.885093167701863,0.421052631578947,0.896988906497623,0.417218543046358,0.0973724884080371,0.892018779342723,0.489230769230769,0.899361022364217,0.42443729903537,0.416932907348243,0.410094637223975,0.5248,0.902555910543131,0.410575427682737,0.890302066772655,0.898461538461538,0.892018779342723,0.902208201892745,0.108108108108108,0.400635930047695,0.901689708141321,0.895833333333333,0.419047619047619,0.903752039151713,0.428792569659443,0.889922480620155,0.910518053375196,0.409967845659164,0.418940609951846,0.400318979266348,0.259554140127389,0.424635332252836,0.104761904761905,0.657450076804916,0.897151898734177,0.423676012461059,0.414012738853503,0.671779141104294,0.892913385826772,0.89171974522293,0.420880913539967,0.434231378763867,0.89375,0.605055292259084,0.596774193548387,0.410828025477707,0.4189852700491,0.889400921658986,0.423566878980892,0.409230769230769,0.897515527950311,0.411483253588517,0.404651162790698,0.895569620253165,0.400318979266348,0.414944356120827,0.416139240506329,0.413685847589425,0.898387096774194,0.903177004538578,0.906148867313916,0.4064,0.42741935483871,0.106976744186047,0.883386581469649,0.420967741935484,0.905426356589147,0.89358372456964,0.4109375,0.421133231240429,0.391167192429022,0.412140575079872,0.402190923317684,0.897151898734177,0.40224358974359,0.418789808917197,0.679738562091503,0.89922480620155,0.946287519747235,0.893312101910828,0.106349206349206,0.895223420647149,0.423017107309487,0.900630914826498,0.906451612903226,0.517241379310345,0.90015600624025,0.420711974110032,0.906832298136646,0.409582689335394,0.404024767801858,0.412974683544304,0.906602254428341,0.908809891808346,0.412044374009509,0.340909090909091,0.632686084142395,0.411954765751212,0.892690513219285,0.89983844911147,0.908496732026144,0.405750798722045,0.901408450704225,0.311912225705329,0.894321766561514,0.893548387096774,0.8928,0.893141945773525,0.414976599063963,0.891935483870968,0.402618657937807,0.427444794952681,0.588607594936709,0.405103668261563,0.898089171974522,0.421630094043887,0.417054263565891,0.412698412698413,0.900630914826498,0.40273556231003,0.891585760517799,0.415241057542768,0.398449612403101,0.431962025316456,0.4176,0.408736349453978,0.903276131045242,0.421630094043887,0.41185647425897,0.892913385826772,0.896661367249603,0.416403785488959,0.39968152866242,0.902668759811617,0.582298136645963,0.4189852700491,0.417582417582418,0.422535211267606,0.579937304075235,0.8992,0.389967637540453,0.892744479495268,0.517350157728707,0.402208201892744,0.103448275862069,0.768992248062015,0.417197452229299,0.417061611374408,0.105022831050228,0.130434782608696,0.868670886075949,0.412403100775194,0.895238095238095,0.415730337078652,0.40655737704918,0.901430842607313,0.416666666666667,0.420711974110032,0.5888,0.898595943837754,0.42879746835443,0.41786283891547,0.901929260450161,0.405320813771518,0.401626016260163,0.894904458598726,0.44496855345912,0.412140575079872,0.422118380062305,0.425867507886435,0.684952978056426,0.910518053375196,0.913461538461538,0.898773006134969,0.911392405063291,0.112359550561798,0.893846153846154,0.883647798742138,0.89938080495356,0.536050156739812,0.898412698412698,0.41692789968652,0.891975308641975,0.428571428571429,0.890965732087227,0.673780487804878,0.6375,0.416536661466459,0.418711656441718,0.615141955835962,0.410339256865913,0.100787401574803,0.624,0.607201309328969,0.416539050535988,0.101105845181675,0.413145539906103,0.397174254317111,0.881493506493506,0.416666666666667,0.593114241001565,0.656,0.410174880763116,0.423017107309487,0.408450704225352,0.89792663476874,0.135670731707317,0.087893864013267,0.431924882629108,0.4125,0.38871473354232,0.902325581395349,0.4448,0.420401854714065,0.892109500805153,0.396496815286624,0.837795275590551,0.673076923076923,0.897151898734177,0.903726708074534,0.893333333333333,0.419254658385093,0.664586583463339,0.421538461538462,0.399014778325123,0.427215189873418,0.524409448818898,0.89540412044374,0.420382165605096,0.902866242038217,0.411003236245955,0.412621359223301,0.896713615023474,0.426966292134831,0.900459418070444,0.416534181240064,0.897271268057785,0.900787401574803,0.413629160063391,0.0998415213946117,0.903522205206738,0.421553090332805,0.901898734177215,0.4984375,0.900621118012422,0.621664050235479,0.898773006134969,0.4739336492891,0.894308943089431,0.439868204283361,0.897151898734177,0.895223420647149,0.904984423676013,0.4208,0.419354838709677,0.413953488372093,0.38562091503268,0.427631578947368,0.410742496050553,0.895424836601307,0.423809523809524,0.903814262023217,0.898617511520737,0.431279620853081,0.411392405063291,0.408385093167702,0.318110236220472,0.422776911076443,0.8953125,0.909657320872274,0.418096723868955,0.415730337078652,0.646203554119548,0.662939297124601,0.408585055643879,0.414673046251994,0.887122416534181,0.422535211267606,0.414483821263482,0.897832817337461,0.419934640522876,0.4096,0.101426307448494,0.250769230769231,0.416666666666667,0.583586626139818,0.408805031446541,0.42566510172144,0.692068429237947,0.907790143084261,0.411111111111111,0.896825396825397,0.4109375,0.38375796178344,0.421052631578947,0.376377952755906,0.414285714285714,0.908794788273616,0.429457364341085,0.413629160063391,0.424483306836248,0.595975232198142,0.898713826366559,0.409677419354839,0.415213946117274,0.0996835443037975,0.424615384615385,0.900943396226415,0.849445324881141,0.898595943837754,0.4140625,0.423566878980892,0.422222222222222,0.666666666666667,0.896272285251216,0.660714285714286,0.418006430868167,0.899686520376176,0.9078125,0.861198738170347,0.576862123613312,0.424960505529226,0.365079365079365,0.416923076923077,0.415625,0.901116427432217,0.890282131661442,0.6208,0.617460317460317,0.906050955414013,0.888888888888889,0.8921875,0.6,0.905511811023622,0.426356589147287,0.585443037974684,0.901716068642746,0.4234375,0.42332268370607,0.41471048513302,0.901386748844376,0.909657320872274,0.623987034035656,0.420886075949367,0.897314375987362,0.901098901098901,0.43213728549142,0.414442700156986,0.8921875,0.0950819672131148,0.409017713365539,0.400958466453674,0.113237639553429,0.417701863354037,0.899691358024691,0.423014586709887,0.898573692551506,0.269349845201238,0.103125,0.993966817496229,0.425632911392405,0.892523364485981,0.897151898734177,0.0924764890282132,0.105182926829268,0.420722135007849,0.895148669796557,0.411954765751212,0.903963414634146,0.399366085578447,0.897106109324759,0.8992,0.850863422291994,0.879256965944272,0.887640449438202,0.900481540930979,0.101105845181675,0.891304347826087,0.631229235880399,0.415481832543444,0.584758942457232,0.426332288401254,0.893548387096774,0.409967845659164,0.5828125,0.902053712480253,0.901587301587302,0.41091492776886,0.62691131498471,0.427672955974843,0.66877971473851,0.861244019138756,0.415873015873016,0.6296875,0.123824451410658,0.404423380726698,0.419457735247209,0.4140625,0.899676375404531,0.611963190184049,0.398753894080997,0.79047619047619,0.678683385579937,0.861154446177847,0.897832817337461,0.903374233128834,0.413793103448276,0.407108239095315,0.401929260450161,0.408385093167702,0.401253918495298,0.644615384615385,0.403697996918336,0.112324492979719,0.58599695585997,0.904238618524333,0.424483306836248,0.411580594679186,0.40650406504065,0.427035330261137,0.680685358255452,0.887345679012346,0.414976599063963,0.424,0.429268292682927,0.411764705882353,0.416139240506329,0.421221864951768,0.309119010819165,0.606060606060606,0.415094339622642,0.668231611893584,0.90521327014218,0.350931677018634,0.415873015873016,0.815409309791332,0.904918032786885,0.897637795275591,0.421630094043887,0.6234375,0.899212598425197,0.407874015748032,0.399361022364217,0.861290322580645,0.896284829721362,0.905956112852665,0.9,0.411214953271028,0.904761904761905,0.897196261682243,1,0.901771336553945,0.384251968503937,0.901081916537867,0.663446054750403,0.909810126582278,0.573667711598746,0.421393841166937,0.670926517571885,0.898713826366559,0.895238095238095,0.895833333333333,0.427892234548336,0.410658307210031,0.419249592169657,0.427001569858713,0.426016260162602,0.426016260162602,0.8768,0.399688958009331,0.897959183673469,0.890784982935154,0.82398753894081,0.102564102564103,0.418641390205371,0.423913043478261,0.584639498432602,0.894245723172628,0.671317829457364,0.414634146341463,0.630744849445325,0.409677419354839,0.42215088282504,0.895071542130366,0.418096723868955,0.409756097560976,0.7904,0.990196078431373,0.425531914893617,0.66824644549763,0.669354838709677,0.422600619195046,0.4272,0.392744479495268,0.666666666666667,0.593167701863354,0.894899536321484,0.786499215070644,0.891975308641975,0.574303405572755,0.885807504078303,0.6608,0.411023622047244,0.423756019261637,0.901990811638591,0.892018779342723,0.546899841017488,0.898251192368839,0.893416927899687,0.900311526479751,0.414173228346457,0.417197452229299,0.894991922455573,0.415915915915916,0.588328075709779,0.419713831478537,0.568253968253968,0.412238325281804,0.0976744186046512,0.403100775193798,0.894736842105263,0.891233766233766,0.651898734177215,0.106583072100313,0.423380726698262,0.414673046251994,0.199059561128527,0.51328903654485,0.897106109324759,0.903536977491961,0.410015649452269,0.8921875,0.515723270440252,0.898876404494382,0.430091185410334,0.693623639191291,0.4224,0.408064516129032,0.897959183673469,0.0996784565916399,0.893650793650794,0.403565640194489,0.419047619047619,0.890795631825273,0.901253918495298,0.891271056661562,0.553054662379421,0.899361022364217,0.414330218068536,0.63182527301092,0.431746031746032,0.423452768729642,0.105845181674566,0.150470219435737,0.896272285251216,0.643423137876387,0.8944,0.4208,0.419568822553897,0.901273885350318,0.894819466248038,0.260802469135802,0.407120743034056,0.898119122257053,0.948517940717629,0.902668759811617,0.431888544891641,0.308917197452229,0.585516178736518,0.899529042386185,0.903669724770642,0.907915993537964,0.901453957996769,0.905426356589147,0.380503144654088,0.403508771929825,0.908227848101266,0.226973684210526,0.106796116504854,0.542586750788643,0.0995024875621891,0.413738019169329,0.892234548335975,0.593004769475358,0.894819466248038,0.897356143079316,0.957613814756672,0.892282958199357,0.591049382716049,0.892913385826772,0.908082408874802,0.8976,0.895638629283489
"706",0.295161290322581,0.316455696202532,0.315132605304212,0.326433121019108,0.311912225705329,0.309033280507132,0.0129449838187702,0.317683881064163,0.316118935837246,0.576489533011272,0.324074074074074,0.654205607476635,0.512779552715655,0.319620253164557,1,1,0.621705426356589,0,0.326433121019108,0.30503144654088,1,1,0.32398753894081,0.521193092621664,0.308396946564885,1,1,0.337620578778135,0.314984709480122,0.52373417721519,1,0.58695652173913,0.368992248062016,0.996870109546166,0.670364500792393,0.311258278145695,0.139498432601881,0.317901234567901,1,0.309148264984227,0.00312989045383412,0,0,0.324367088607595,0.316720257234727,1,0.993690851735016,1,1,1,0.698289269051322,0.324237560192616,1,0.326120556414219,0.312307692307692,0.820063694267516,0.127388535031847,0.328548644338118,0.312698412698413,0.330721003134796,0.995327102803738,1,1,0.00634920634920635,0.315024232633279,0.322274881516588,0.660287081339713,0.316455696202532,0.619335347432024,1,0.315047021943574,1,1,0.279742765273312,0.163833075734158,0.313725490196078,1,0.993788819875776,0.317829457364341,1,0.605177993527508,1,1,0.3198127925117,1,0.319083969465649,0.306477093206951,0.331240188383046,0.315457413249211,0,0.315705128205128,0.328267477203647,0.684952978056426,0.590266875981162,0.307324840764331,0.648318042813456,0.687306501547988,0.309636650868878,0.123778501628664,0,0.313099041533546,0.629213483146067,1,0.30983606557377,1,0.321711568938193,0,0.320574162679426,1,1,1,0.3125,0.9953125,0.322784810126582,0.200617283950617,0.301059001512859,1,0.380804953560372,1,1,0.199074074074074,0.308056872037915,1,1,0.324534161490683,1,0.314842578710645,0.315950920245399,0.376602564102564,0.767584097859327,0.32,1,0.323763955342903,0.639269406392694,0.332792207792208,1,0.0015625,1,0.3671875,0.899505766062603,0.586538461538462,0.600315955766193,0.306962025316456,0.317589576547231,1,0.318252730109204,1,0.299524564183835,0.496894409937888,0.321483771251932,1,0.311145510835913,0.3136,0.321656050955414,0.323248407643312,1,0.312302839116719,1,0.433697347893916,0.323529411764706,1,0.319938176197836,1,0.599681020733652,0.319870759289176,1,0.325984251968504,0.312111801242236,0.330173775671406,0.989130434782609,0.317965023847377,1,0.319620253164557,1,0.30718954248366,1,0.595015576323987,0.2984375,0.024390243902439,0.293375394321767,0.321316614420063,1,0.29635499207607,0.322784810126582,0.315541601255887,0.332810047095761,1,1,0.322169059011164,0.3234375,1,1,0.32182103610675,0.241057542768274,0.0180995475113122,0.69170579029734,1,0.00315457413249211,0.312788906009245,1,0.317666126418152,0.302795031055901,0.313664596273292,0.996860282574568,1,1,0.328787878787879,0.319805194805195,0.312597200622084,0.686900958466454,0.3140625,1,0.335423197492163,1,1,0.444270015698587,0.320695102685624,0.320121951219512,0.324492979719189,0.300314465408805,0.310789049919485,0.64622641509434,1,1,0.31832298136646,0.0046583850931677,0.32258064516129,0.310975609756098,0.316614420062696,0.300940438871473,0.302839116719243,0.317073170731707,0.704581358609795,0.37037037037037,0.304347826086957,1,0.327586206896552,1,0.303076923076923,0.307448494453249,0.307692307692308,0.323763955342903,0.305466237942122,1,0.31733746130031,0.798751950078003,1,1,0.996810207336523,1,1,0.902597402597403,1,1,1,0.314900153609831,1,0.322632423756019,0,1,0.388802488335925,1,0.322632423756019,0.320754716981132,0.313099041533546,0.426332288401254,1,0.325115562403698,1,1,1,1,0,0.3109375,1,1,0.321316614420063,1,0.323574730354391,1,1,0.307692307692308,0.314935064935065,0.299843014128728,0.149606299212598,0.321486268174475,0,0.598774885145482,1,0.3171875,0.311111111111111,0.588419405320814,1,1,0.323624595469256,0.323151125401929,1,0.660883280757098,0.704581358609795,0.305732484076433,0.315533980582524,0.992354740061162,0.332288401253919,0.297583081570997,1,0.308661417322835,0.305772230889236,1,0.307448494453249,0.323899371069182,0.315301391035549,0.321316614420063,1,1,1,0.305993690851735,0.323296354992076,0.00625978090766823,0.992163009404389,0.324881141045959,1,1,0.312404287901991,0.324116743471582,0.299373040752351,0.316118935837246,0.317610062893082,1,0.313880126182965,0.312101910828025,0.575516693163752,1,0.843601895734597,1,0,1,0.324655436447167,1,1,0.428792569659443,0.9984375,0.321951219512195,1,0.304278922345483,0.3,0.313291139240506,1,1,0.309262166405024,0.398692810457516,0.611727416798732,0.301916932907348,1,1,1,0.316720257234727,1,0.206299212598425,1,1,1,1,0.326086956521739,1,0.309951060358891,0.334394904458599,0.679748822605965,0.292604501607717,1,0.321875,0.317557251908397,0.319286871961102,1,0.307931570762053,1,0.321752265861027,0.475077881619938,0.316614420062696,0.316639741518578,0.309815950920245,1,0.315286624203822,0.304487179487179,1,1,0.3171875,0.310344827586207,1,0.487577639751553,0.319488817891374,0.324451410658307,0.328197226502311,0.680124223602484,1,0.298217179902755,1,0.429022082018927,0.315541601255887,0,0.882621951219512,0.31687898089172,0.309262166405024,0,0.0300632911392405,0.984202211690363,0.313880126182965,1,0.310015898251192,0.309446254071661,1,0.325038880248834,0.31687898089172,0.672386895475819,1,0.329652996845426,0.325914149443561,1,0.308411214953271,0.314424635332253,1,0.341692789968652,0.305958132045089,0.315132605304212,0.3296875,0.799382716049383,1,0.982539682539682,1,1,0.0016,1,0.995283018867924,1,0.436220472440945,0.996825396825397,0.302936630602782,0.995405819295559,0.330203442879499,0.995419847328244,0.611532625189681,0.637345679012346,0.317829457364341,0.311450381679389,0.648351648351648,0.315112540192926,0,0.639109697933227,0.683544303797468,0.313084112149533,0.00155763239875389,0.312302839116719,0.305511811023622,0.777955271565495,0.32120253164557,0.686119873817035,0.607085346215781,0.318611987381703,0.316118935837246,0.300787401574803,1,0.0224550898203593,0,0.307931570762053,0.331259720062208,0.334370139968896,1,0.342767295597484,0.325038880248834,1,0.308282208588957,0.943037974683544,0.581993569131833,1,1,0.993299832495812,0.315467075038285,0.607692307692308,0.318952234206472,0.313628899835796,0.310452418096724,0.429237947122862,1,0.3152,1,0.321543408360129,0.317073170731707,1,0.315372424722662,1,0.3265625,1,1,0.321928460342146,0,1,0.321316614420063,1,0.571428571428571,1,0.50625,1,0.552755905511811,1,0.315705128205128,1,1,1,0.304278922345483,0.326465927099842,0.312594840667678,0.344992050874404,0.339434276206323,0.307936507936508,1,0.328100470957614,1,1,0.3265625,0.3248,0.31651376146789,0.385826771653543,0.325038880248834,1,1,0.333855799373041,0.326433121019108,0.635634028892456,0.593700787401575,0.312302839116719,0.320063694267516,1,0.302362204724409,0.318529862174579,0.993690851735016,0.308186195826645,0.310077519379845,0,0.138198757763975,0.310725552050473,0.681749622926094,0.313479623824451,0.32,0.604361370716511,0.998449612403101,0.308426073131955,1,0.3125,0.3392,0.310725552050473,0.469387755102041,0.316692667706708,1,0.316535433070866,0.320574162679426,0.329073482428115,0.686153846153846,1,0.326465927099842,0.315047021943574,0,0.31937984496124,0.998447204968944,0.95625,1,0.318110236220472,0.324574961360124,0.309033280507132,0.593220338983051,1,0.5984,0.328571428571429,1,1,0.968602825745683,0.683229813664596,0.328548644338118,0.3546875,0.315457413249211,0.311627906976744,1,1,0.519500780031201,0.639810426540284,1,1,0.998439937597504,0.69047619047619,1,0.328197226502311,0.678855325914149,1,0.326625386996904,0.313479623824451,0.318471337579618,0.996884735202492,1,0.654781199351702,0.318681318681319,1,1,0.320373250388802,0.315384615384615,0.998410174880763,0,0.322222222222222,0.310725552050473,0.00625978090766823,0.319875776397516,1,0.311501597444089,1,0.1515625,0,0.909785932721712,0.326530612244898,1,1,0,0.00153846153846154,0.329133858267717,1,0.310064935064935,0.996918335901387,0.299840510366826,1,1,0.96551724137931,0.782334384858044,1,1,0.00471698113207547,1,0.529126213592233,0.33122028526149,0.6734375,0.333333333333333,1,0.302215189873418,0.67244094488189,1,1,0.3216,0.622356495468278,0.329173166926677,0.595161290322581,0.972929936305732,0.334415584415584,0.621913580246914,0.0124610591900312,0.308661417322835,0.320813771517997,0.316770186335404,1,0.639876352395672,0.311550151975684,0.884126984126984,0.587859424920128,0.969135802469136,1,1,0.313755795981453,0.336585365853659,0.310897435897436,0.313479623824451,0.306853582554517,0.620060790273556,0.309006211180124,0,0.677760968229955,0.998412698412698,0.330733229329173,0.308426073131955,0.312602291325696,0.319083969465649,0.615023474178404,1,0.324534161490683,0.337060702875399,0.3248,0.316037735849057,0.314329738058552,0.307936507936508,0.192660550458716,0.68362480127186,0.315789473684211,0.613846153846154,1,0.240506329113924,0.317460317460317,0.923076923076923,1,1,0.311912225705329,0.645962732919255,1,0.309597523219814,0.303738317757009,0.960127591706539,1,1,0.996779388083736,0.316692667706708,1,1,0.901771336553945,1,0.349922239502333,1,0.596091205211726,1,0.674884437596302,0.3072,0.607874015748031,1,1,0.9904,0.32398753894081,0.322530864197531,0.323051948051948,0.322784810126582,0.322528363047002,0.320574162679426,0.984025559105431,0.304416403785489,1,1,0.721617418351477,0,0.317972350230415,0.314553990610329,0.68,1,0.571428571428571,0.324200913242009,0.650943396226415,0.31378763866878,0.312703583061889,1,0.3152,0.311986863711002,0.693290734824281,0.914927768860353,0.322239031770045,0.606687898089172,0.578778135048232,0.324031007751938,0.323763955342903,0.300476947535771,0.591125198098257,0.684952978056426,1,0.894654088050314,1,0.667177914110429,0.996805111821086,0.594594594594595,0.311728395061728,0.326923076923077,1,1,0.43213728549142,0.99203821656051,0.996884735202492,1,0.308056872037915,0.32484076433121,1,0.321699544764795,0.680685358255452,0.323529411764706,0.464454976303318,0.29570747217806,0,0.313084112149533,1,1,0.603100775193798,0.00155763239875389,0.330188679245283,0.319182389937107,0.095389507154213,0.420967741935484,1,1,0.307453416149068,1,0.421553090332805,1,0.325190839694657,0.59253499222395,0.320813771517997,0.317111459968603,1,0,1,0.302737520128824,0.323151125401929,1,1,1,0.454545454545455,1,0.317610062893082,0.624413145539906,0.331230283911672,0.315789473684211,0.00154798761609907,0.0361635220125786,1,0.634920634920635,1,0.32807570977918,0.329032258064516,1,1,0.163297045101089,0.305511811023622,1,0.906542056074766,1,0.316436251920123,0.207278481012658,0.671826625386997,1,1,1,1,1,0.283742331288344,0.309033280507132,1,0.116693679092382,0.00157232704402516,0.445652173913043,0,0.323296354992076,1,0.679873217115689,1,1,0.896988906497623,1,0.683153013910355,1,1,1,1
"707",0.968253968253968,0.970858895705521,0.976887519260401,0.972929936305732,0.970858895705521,0.968847352024922,0.666666666666667,0.970125786163522,0.972477064220184,0.062992125984252,0.972768532526475,0.00605143721633888,0.845070422535211,0.973846153846154,0.33968253968254,0.344036697247706,0.0274390243902439,0.658653846153846,0.96875,0.973724884080371,0.328703703703704,0.336492890995261,0.97239263803681,0.124610591900312,0.972972972972973,0.359013867488444,0.352941176470588,0.978021978021978,0.969834087481146,0.810264385692068,0.334365325077399,0.766666666666667,0.977134146341463,0.342064714946071,0.0231839258114374,0.971014492753623,0.514774494556765,0.971428571428571,0.323880597014925,0.972602739726027,0.627906976744186,0.645705521472393,0.655487804878049,0.975232198142415,0.972049689440994,0.349529780564263,0.336434108527132,0.336363636363636,0.349325337331334,0.362519201228879,0.0226586102719033,0.975077881619938,0.341353383458647,0.973765432098765,0.97360248447205,0.52132701421801,0.525821596244131,0.972049689440994,0.972809667673716,0.97360248447205,0.358778625954198,0.349304482225657,0.341049382716049,0.637795275590551,0.968503937007874,0.970633693972179,0.0062402496099844,0.976599063962558,0.0193740685543964,0.34841628959276,0.977238239757208,0.351393188854489,0.353130016051364,0.940438871473354,0.483720930232558,0.970149253731343,0.338931297709924,0.368975903614458,0.977029096477795,0.352380952380952,0.0575079872204473,0.358255451713396,0.351226993865031,0.974397590361446,0.36687306501548,0.973013493253373,0.97196261682243,0.970588235294118,0.976415094339623,0.665165165165165,0.9734375,0.975903614457831,0.0262345679012346,0.0644171779141104,0.974842767295597,0.00602409638554217,0.0217054263565891,0.972307692307692,0.534290271132376,0.653726708074534,0.976887519260401,0.0217054263565891,0.341538461538462,0.970779220779221,0.342229199372057,0.973805855161787,0.654907975460123,0.970633693972179,0.348228043143297,0.350230414746544,0.348159509202454,0.967441860465116,0.350467289719626,0.977168949771689,0.458966565349544,0.974397590361446,0.345092024539877,0.257621951219512,0.354009077155825,0.356143079315708,0.445482866043614,0.972350230414747,0.342814371257485,0.351181102362205,0.97869101978691,0.337349397590361,0.977678571428571,0.968609865470852,0.292682926829268,0.514970059880239,0.975116640746501,0.343167701863354,0.974960876369327,0.00599700149925037,0.977635782747604,0.344931921331316,0.646417445482866,0.362252663622527,0.976851851851852,0.411671924290221,0.0595611285266458,0.0613207547169811,0.967791411042945,0.972972972972973,0.368827160493827,0.972685887708649,0.354449472096531,0.97045101088647,0.843373493975904,0.968277945619335,0.34009360374415,0.970496894409938,0.972972972972973,0.972093023255814,0.976851851851852,0.363494539781591,0.967441860465116,0.35,0.2178517397882,0.974085365853659,0.343032159264931,0.974320241691843,0.336405529953917,0.0438871473354232,0.978090766823161,0.347286821705426,0.969325153374233,0.972644376899696,0.972093023255814,0.361153262518968,0.972350230414747,0.357366771159875,0.97339593114241,0.338957055214724,0.972447325769854,0.347826086956522,0.038109756097561,0.973684210526316,0.605055292259084,0.973478939157566,0.970814132104455,0.336973478939158,0.978260869565217,0.975308641975309,0.977307110438729,0.969135802469136,0.345679012345679,0.33535660091047,0.973228346456693,0.976993865030675,0.350903614457831,0.325471698113208,0.975346687211094,0.405529953917051,0.642433234421365,0.028169014084507,0.35202492211838,0.636923076923077,0.972560975609756,0.345509893455099,0.971830985915493,0.974664679582712,0.973926380368098,0.342987804878049,0.34789156626506,0.357927786499215,0.973013493253373,0.973186119873817,0.974045801526718,0.0234741784037559,0.970769230769231,0.341732283464567,0.995341614906832,0.351477449455676,0.343799058084772,0.718027734976888,0.979591836734694,0.969558599695586,0.976780185758514,0.973926380368098,0.97626582278481,0.00463678516228748,0.348031496062992,0.352134146341463,0.972727272727273,0.650914634146341,0.977203647416413,0.967065868263473,0.973520249221184,0.971212121212121,0.970679012345679,0.973053892215569,0.0292758089368259,0.280120481927711,0.976923076923077,0.338533541341654,0.974723538704581,0.337920489296636,0.978428351309707,0.970633693972179,0.976993865030675,0.973354231974922,0.967136150234742,0.361538461538462,0.967542503863988,0.545031055900621,0.349230769230769,0.353211009174312,0.346273291925466,0.3484375,0.36547433903577,0.389857369255151,0.367601246105919,0.34855403348554,0.345092024539877,0.972685887708649,0.347352024922118,0.97444089456869,0.659638554216867,0.350230414746544,0.273282442748092,0.362790697674419,0.975270479134467,0.975308641975309,0.972136222910217,0.219626168224299,0.344984802431611,0.973926380368098,0.351097178683386,0.357784431137725,0.345736434108527,0.357142857142857,0.64797507788162,0.973228346456693,0.354103343465046,0.343076923076923,0.972136222910217,0.334379905808477,0.970858895705521,0.346969696969697,0.336990595611285,0.975077881619938,0.96875,0.973684210526316,0.497674418604651,0.9734375,0.652713178294574,0.0463378176382661,0.359208523592085,0.972727272727273,0.976228209191759,0.0578386605783866,0.352048558421851,0.355450236966825,0.984276729559748,0.973270440251572,0.340393343419062,0.00768049155145929,0.0285261489698891,0.970633693972179,0.971698113207547,0.360778443113772,0.970679012345679,0.971428571428571,0.333836858006042,0.974006116207951,0.969278033794163,0.349768875192604,0.973561430793157,0.972560975609756,0.970903522205207,0.970858895705521,0.362252663622527,0.341463414634146,0.353407290015848,0.97360248447205,0.96594427244582,0.644274809160305,0.349378881987578,0.970172684458399,0.348484848484849,0.330232558139535,0.975683890577508,0.972602739726027,0.975535168195719,0.971698113207547,0.97542242703533,0.356037151702786,0.967492260061919,0.96998420221169,0.0677165354330709,0.358778625954198,0.46046511627907,0.343213728549142,0.640122511485452,0.351145038167939,0.974588938714499,0.350467289719626,0.362790697674419,0.221198156682028,0.355725190839695,0.976489028213166,0.351351351351351,0.97196261682243,0.972093023255814,0.973094170403587,0.342592592592593,0.344461305007587,0.978361669242658,0.961102106969206,0.021875,0.971337579617834,0.342635658914729,0.349282296650718,0.348031496062992,0.977987421383648,0.358778625954198,0.438271604938272,0.36085626911315,0.345622119815668,0.345541401273885,0.33489827856025,0.975720789074355,0.347962382445141,0.974643423137876,0.975308641975309,0.024653312788906,0.97045101088647,0.3484375,0.975232198142415,0.971385542168675,0.972929936305732,0.349922239502333,0.977203647416413,0.352848101265823,0.971514242878561,0.86697247706422,0.970769230769231,0.968652037617555,0.972519083969466,0.346385542168675,0.979527559055118,0.975039001560062,0.344667697063369,0.341121495327103,0.974164133738602,0.973886328725038,0.335889570552147,0.155120481927711,0.973058637083994,0.978593272171254,0.972434915773354,0.0291858678955453,0.347222222222222,0.974643423137876,0.343032159264931,0.21483771251932,0.975270479134467,0.646604938271605,0.45933734939759,0.975039001560062,0.971212121212121,0.648888888888889,0.674418604651163,0.381395348837209,0.972222222222222,0.351851851851852,0.971786833855799,0.971428571428571,0.362363919129082,0.970992366412214,0.979969183359014,0.0170278637770898,0.353582554517134,0.969088098918083,0.967492260061919,0.354587869362364,0.972727272727273,0.97275641025641,0.339089481946625,0.300751879699248,0.974763406940063,0.974397590361446,0.975346687211094,0.55640243902439,0.337480559875583,0.352112676056338,0.350824587706147,0.353302611367127,0.6578125,0.359635811836115,0.35474006116208,0.346969696969697,0.20516717325228,0.357594936708861,0.971514242878561,0.353120243531202,0.969183359013868,0.349922239502333,0.0476900149031297,0.00768049155145929,0.971168437025797,0.97428139183056,0.00458015267175573,0.9776,0.662632375189107,0.00306748466257669,0.0232919254658385,0.970014992503748,0.647865853658537,0.97239263803681,0.975232198142415,0.509287925696594,0.97428139183056,0.0261941448382126,0.0429936305732484,0.976452119309262,0.968133535660091,0.975155279503106,0.355799373040752,0.614475627769572,0.65987460815047,0.960244648318043,0.972136222910217,0.990895295902883,0.33695652173913,0.295839753466872,0.970724191063174,0.332273449920509,0.974358974358974,0.410876132930514,0.0645669291338583,0.330781010719755,0.344776119402985,0.366288492706645,0.972809667673716,0.0409090909090909,0.96996996996997,0.96984126984127,0.971653543307087,0.222390317700454,0.355242566510172,0.968895800933126,0.352484472049689,0.973101265822785,0.9744,0.339449541284404,0.974643423137876,0.35,0.975077881619938,0.342679127725857,0.35377358490566,0.970769230769231,0.644654088050314,0.344776119402985,0.976708074534162,0.34850863422292,0.796636085626911,0.343843843843844,0.119083969465649,0.344213649851632,0.806106870229008,0.342229199372057,0.970496894409938,0.349693251533742,0.370030581039755,0.320668693009119,0.96937212863706,0.976303317535545,0.972017673048601,0.995222929936306,0.315447154471545,0.972602739726027,0.348242811501597,0.975077881619938,0.34775641025641,0.344512195121951,0.972179289026275,0.97045101088647,0.975720789074355,0.956723338485317,0.971168437025797,0.340458015267176,0.352671755725191,0.975720789074355,0.979813664596273,0.0109375,0.0474732006125574,0.970404984423676,0.975116640746501,0.34375,0.967889908256881,0.968373493975904,0.337962962962963,0.968454258675079,0.969558599695586,0.645801526717557,0.505359877488515,0.975346687211094,0.0254491017964072,0.972006220839813,0.96937212863706,0.0593607305936073,0.354938271604938,0.981279251170047,0.357585139318885,0.975155279503106,0.996840442338073,0.973520249221184,0.851908396946565,0.97196261682243,0.35828025477707,0.975572519083969,0.975039001560062,0.976452119309262,0.0259146341463415,0.340222575516693,0.97752808988764,0.970948012232416,0.642072213500785,0.966666666666667,0.348837209302326,0.389649923896499,0.354587869362364,0.978658536585366,0.972179289026275,0.972006220839813,0.0551415797317437,0.358609794628752,0.0492845786963434,0.971742543171115,0.340909090909091,0.332824427480916,0.383792048929664,0.0276073619631902,0.977307110438729,0.996918335901387,0.969465648854962,0.972972972972973,0.349230769230769,0.334821428571429,0.130232558139535,0.00307219662058372,0.349544072948328,0.342679127725857,0.365591397849462,0.0234741784037559,0.336906584992343,0.974242424242424,0.0263157894736842,0.354009077155825,0.969278033794163,0.967492260061919,0.972222222222222,0.350152905198777,0.350531107738998,0.00480769230769231,0.98297213622291,0.342592592592593,0.333333333333333,0.975460122699387,0.968847352024922,0.341013824884793,0.669856459330144,0.977987421383648,0.975155279503106,0.666149068322981,0.974436090225564,0.33532041728763,0.973312401883831,0.342943854324734,0.491577335375191,0.640909090909091,0.374251497005988,0.974164133738602,0.331316187594554,0.351145038167939,0.653495440729483,0.637329286798179,0.976744186046512,0.350769230769231,0.978021978021978,0.347761194029851,0.975077881619938,0.347286821705426,0.338095238095238,0.386153846153846,0.503058103975535,0.351735015772871,0.342767295597484,0.643962848297214,0.347496206373293,0.106518282988871,0.978159126365055,0.0240963855421687,0.97239263803681,0.321259842519685,0.972307692307692,0.0217054263565891,0.355694227769111,0.346394984326019,0.971337579617834,0.0164179104477612,0.97112462006079,0.0528771384136858,0.370486656200942,0.976887519260401,0.0232198142414861,0.644274809160305,0.971080669710807,0.9765625,0.974242424242424,0.331179321486268,0.00452488687782805,0.969742813918306,0.4625,0.061128526645768,0.39117199391172,0.351145038167939,0.356495468277946,0.969325153374233,0.985736925515055,0.967238689547582,0.976708074534162,0.979876160990712,0.0253731343283582,0.966917293233083,0.650306748466258,0.0251479289940828,0.352395672333849,0.972560975609756,0.972222222222222,0.981012658227848,0.978851963746224,0.0510046367851623,0.350299401197605,0.978915662650602,0.977917981072555,0.973684210526316,0.973228346456693,0.972602739726027,0.973270440251572,0.455505279034691,0.0203761755485893,0.976635514018692,0.0429447852760736,0.346687211093991,0.405864197530864,0.97191887675507,0.413312693498452,0.339712918660287,0.344615384615385,0.972519083969466,0.00618238021638331,0.347758887171561,0.975384615384615,0.97045101088647,0.378930817610063,0.346969696969697,0.34009360374415,0.340255591054313,0.97869101978691,0.360062893081761,0.347957639939486,0.384251968503937,0.349922239502333,1,0.34077380952381,0.0444444444444444,0.35968992248062,0.0260736196319018,0.970633693972179,0.0503048780487805,0.339563862928349,0.351851851851852,0.353582554517134,0.972644376899696,0.975384615384615,0.97444089456869,0.970814132104455,0.97191887675507,0.97196261682243,0.356576862123613,0.977203647416413,0.345622119815668,0.345454545454545,0.572530864197531,0.65210608424337,0.972350230414747,0.970948012232416,0.0245022970903522,0.350299401197605,0.0804953560371517,0.977645305514158,0.00461538461538462,0.979813664596273,0.981012658227848,0.344135802469136,0.973805855161787,0.970731707317073,0.594294770206022,0.389694041867955,0.967647058823529,0.0491283676703645,0.0598425196850394,0.975077881619938,0.974960876369327,0.981366459627329,0.0475460122699387,0.0215384615384615,0.350903614457831,0.453846153846154,0.350824587706147,0.0300751879699248,0.3578125,0.042654028436019,0.970769230769231,0.971698113207547,0.343558282208589,0.350689127105666,0.206106870229008,0.359055118110236,0.349013657056146,0.354642313546423,0.970172684458399,0.977029096477795,0.35625,0.971684053651267,0.0212765957446809,0.978294573643411,0.188767550702028,0.973520249221184,0.646604938271605,0.970814132104455,0.337423312883436,0.341772151898734,0.0385802469135802,0.647239263803681,0.973561430793157,0.978328173374613,0.7625,0.861685214626391,0.353395061728395,0.34185303514377,0.969230769230769,0.352220520673813,0.226708074534162,0.349056603773585,0.971514242878561,0.0632716049382716,0.969040247678019,0.971698113207547,0.345146379044684,0.647798742138365,0.342679127725857,0.9734375,0.972307692307692,0.343032159264931,0.332819722650231,0.345454545454545,0.830985915492958,0.340694006309148,0.970542635658915,0.0167427701674277,0.970814132104455,0.97191887675507,0.664086687306502,0.629057187017002,0.349761526232114,0.0186625194401244,0.354788069073783,0.975384615384615,0.976415094339623,0.33125,0.360123647604328,0.585106382978723,0.974006116207951,0.342900302114804,0.336391437308869,0.348623853211009,0.956325301204819,0.446009389671362,0.0229709035222052,0.337878787878788,0.355083459787557,0.357366771159875,0.342857142857143,0.347826086956522,0.944693572496263,0.970588235294118,0.340490797546012,0.507987220447284,0.656200941915228,0.203100775193798,0.651273885350318,0.979969183359014,0.359133126934985,0.0278637770897833,0.358814352574103,0.347758887171561,0.341945288753799,0.355555555555556,0.0214723926380368,0.370426829268293,0.341732283464567,0.355038759689922,0.344236760124611
"708",0.285271317829457,0.307926829268293,0.303215926493109,0.328149300155521,0.306990881458967,0.299539170506912,0.00930232558139535,0.316279069767442,0.309090909090909,0.580745341614907,0.310810810810811,0.65296803652968,0.50384024577573,0.313636363636364,1,1,0.623100303951368,0,0.320493066255778,0.297583081570997,1,1,0.320300751879699,0.520423600605144,0.3,1,1,0.325949367088608,0.297744360902256,0.529230769230769,1,0.585843373493976,0.356269113149847,0.995363214837713,0.677966101694915,0.301587301587302,0.1350531107739,0.314456035767511,1,0.300898203592814,0.00308166409861325,0,0,0.327769347496206,0.309486780715397,1,0.993948562783661,1,1,1,0.698340874811463,0.32,1,0.314112291350531,0.305471124620061,0.825954198473282,0.117370892018779,0.315467075038285,0.308270676691729,0.318042813455657,0.990963855421687,1,1,0.00614439324116743,0.305164319248826,0.316590563165906,0.664605873261206,0.319314641744548,0.616071428571429,1,0.312406576980568,1,1,0.271739130434783,0.158778625954198,0.31314623338257,1,0.993984962406015,0.314842578710645,1,0.608490566037736,1,1,0.321699544764795,1,0.308823529411765,0.309707241910632,0.329770992366412,0.31055900621118,0,0.316436251920123,0.315396113602392,0.693009118541033,0.593093093093093,0.314553990610329,0.651851851851852,0.684684684684685,0.308383233532934,0.1198738170347,0,0.304675716440422,0.624233128834356,1,0.308426073131955,1,0.315301391035549,0,0.315629742033384,1,1,1,0.295558958652374,0.995440729483283,0.321156773211568,0.20627802690583,0.299410029498525,1,0.380029806259314,1,1,0.2023988005997,0.307339449541284,1,1,0.322239031770045,1,0.316100443131462,0.314623338257016,0.368975903614458,0.766519823788546,0.312401883830455,1,0.329704510108865,0.646359583952452,0.328125,1,0.00150829562594268,1,0.368663594470046,0.887480190174326,0.590214067278288,0.601809954751131,0.313546423135464,0.323076923076923,1,0.306990881458967,1,0.300462249614792,0.49777117384844,0.31892697466468,1,0.305810397553517,0.313178294573643,0.321044546850998,0.325617283950617,1,0.299694189602446,1,0.435240963855422,0.319634703196347,1,0.311669128508124,1,0.593508500772797,0.314241486068111,1,0.309451219512195,0.311746987951807,0.322678843226788,0.985096870342772,0.323574730354391,1,0.312693498452012,1,0.312796208530806,1,0.603343465045593,0.293577981651376,0.0268987341772152,0.287949921752739,0.309341500765697,1,0.306990881458967,0.316742081447964,0.315315315315315,0.324655436447167,1,1,0.320695102685624,0.327245053272451,1,1,0.317411402157165,0.239819004524887,0.0205882352941176,0.694189602446483,1,0.00305343511450382,0.306646525679758,1,0.319314641744548,0.300295857988166,0.302891933028919,0.996941896024465,1,1,0.322533136966127,0.311424100156495,0.305597579425113,0.690658499234303,0.30030487804878,1,0.327743902439024,1,1,0.434389140271493,0.311248073959938,0.313253012048193,0.31937984496124,0.30441400304414,0.308282208588957,0.649390243902439,1,1,0.313725490196078,0.00451807228915663,0.318318318318318,0.311209439528024,0.315068493150685,0.300448430493274,0.299539170506912,0.314327485380117,0.699544764795144,0.367713004484305,0.309090909090909,1,0.318731117824773,1,0.302533532041729,0.302752293577982,0.301972685887709,0.319018404907975,0.307692307692308,1,0.312312312312312,0.807153965785381,1,1,0.996965098634294,1,1,0.894245723172628,1,1,1,0.311844077961019,1,0.313291139240506,0,1,0.38905325443787,1,0.312788906009245,0.317073170731707,0.311278195488722,0.430340557275542,1,0.315548780487805,1,1,1,1,0,0.308868501529052,1,1,0.319083969465649,1,0.317220543806647,1,1,0.3046875,0.312989045383412,0.290715372907154,0.14567526555387,0.32348367029549,0,0.596412556053812,1,0.309559939301973,0.315384615384615,0.588855421686747,1,1,0.31496062992126,0.322085889570552,1,0.660687593423019,0.698757763975155,0.29601226993865,0.315541601255887,0.993948562783661,0.322289156626506,0.295420974889217,1,0.309923664122137,0.299093655589124,1,0.293023255813953,0.319018404907975,0.311550151975684,0.31441717791411,1,1,1,0.305936073059361,0.322981366459627,0.00453172205438067,0.99236641221374,0.325984251968504,1,1,0.30849478390462,0.32078313253012,0.302431610942249,0.30804248861912,0.311926605504587,1,0.302431610942249,0.308868501529052,0.576323987538941,1,0.840735068912711,1,0,1,0.321804511278195,1,1,0.417298937784522,0.998489425981873,0.316998468606432,1,0.310872894333844,0.302469135802469,0.305847076461769,1,1,0.310975609756098,0.38740157480315,0.612654320987654,0.297805642633229,1,1,1,0.313084112149533,1,0.202416918429003,1,1,1,1,0.317700453857791,1,0.315541601255887,0.324159021406728,0.682515337423313,0.3,1,0.319508448540707,0.31524926686217,0.309148264984227,1,0.303303303303303,1,0.315946348733234,0.477064220183486,0.316998468606432,0.31832298136646,0.307575757575758,1,0.311450381679389,0.296466973886329,1,1,0.313636363636364,0.306870229007634,1,0.485540334855403,0.306976744186047,0.324242424242424,0.326283987915408,0.684053651266766,1,0.295774647887324,1,0.423963133640553,0.301710730948678,0,0.884036144578313,0.315625,0.311349693251534,0,0.0321100917431193,0.980030721966206,0.306870229007634,1,0.306060606060606,0.313572542901716,1,0.321375186846039,0.313846153846154,0.673780487804878,1,0.308623298033283,0.314814814814815,1,0.307121661721068,0.30298273155416,1,0.34789156626506,0.306976744186047,0.310708898944193,0.322678843226788,0.793313069908815,1,0.981510015408321,1,1,0.00153374233128834,1,0.99390243902439,1,0.436834094368341,0.996875,0.303303303303303,0.993975903614458,0.318529862174579,0.995447647951442,0.610698365527489,0.631024096385542,0.31314623338257,0.307575757575758,0.652439024390244,0.310291858678955,0,0.640122511485452,0.689024390243902,0.312688821752266,0.0015015015015015,0.310975609756098,0.298325722983257,0.766871165644172,0.319340329835082,0.696923076923077,0.594135802469136,0.314024390243902,0.312312312312312,0.293313069908815,1,0.0261627906976744,0,0.305970149253731,0.319634703196347,0.329323308270677,1,0.335375191424196,0.312883435582822,1,0.302533532041729,0.943076923076923,0.585139318885449,1,1,0.99185667752443,0.307922272047833,0.609212481426449,0.313813813813814,0.308426073131955,0.310030395136778,0.414523449319213,1,0.3,1,0.314641744548287,0.310832025117739,1,0.307692307692308,1,0.313364055299539,1,1,0.314842578710645,0,1,0.317293233082707,1,0.553353658536585,1,0.519083969465649,1,0.550925925925926,1,0.311912225705329,1,1,1,0.306990881458967,0.320251177394035,0.307004470938897,0.34488188976378,0.335423197492163,0.307228915662651,1,0.314589665653495,1,1,0.31969696969697,0.315384615384615,0.305389221556886,0.383792048929664,0.318862275449102,1,1,0.320668693009119,0.315707620528771,0.635792778649921,0.595744680851064,0.310769230769231,0.308411214953271,1,0.305847076461769,0.316964285714286,0.993893129770992,0.308641975308642,0.308623298033283,0,0.138805970149254,0.305343511450382,0.686676427525622,0.308049535603715,0.315946348733234,0.600890207715134,0.996941896024465,0.302325581395349,1,0.309707241910632,0.34472049689441,0.31784107946027,0.469788519637462,0.307339449541284,1,0.319634703196347,0.315384615384615,0.318461538461538,0.695522388059701,1,0.3234375,0.31390134529148,0,0.323353293413174,0.998484848484849,0.956325301204819,1,0.314674735249622,0.312781954887218,0.309006211180124,0.584454409566517,1,0.599056603773585,0.325757575757576,1,1,0.966817496229261,0.681047765793529,0.326687116564417,0.346036585365854,0.308845577211394,0.311011904761905,1,1,0.528158295281583,0.643518518518518,1,1,0.998491704374057,0.691717791411043,1,0.315868263473054,0.693129770992366,1,0.319213313161876,0.314329738058552,0.317901234567901,0.996978851963746,1,0.66403785488959,0.312594840667678,1,1,0.312688821752266,0.301972685887709,0.998498498498498,0,0.310291858678955,0.303405572755418,0.00783699059561128,0.312874251497006,1,0.299694189602446,1,0.151057401812689,0,0.903367496339678,0.320726172465961,1,1,0,0.00148809523809524,0.315151515151515,1,0.30564263322884,0.997019374068554,0.308641975308642,1,0.998461538461539,0.964939024390244,0.770045385779123,1,1,0.00606060606060606,1,0.531446540880503,0.319875776397516,0.682228915662651,0.322678843226788,1,0.29803328290469,0.683076923076923,1,1,0.313664596273292,0.626647144948756,0.319277108433735,0.591331269349845,0.971299093655589,0.326656394453005,0.609090909090909,0.013677811550152,0.30441400304414,0.314984709480122,0.309171597633136,1,0.642215568862275,0.298484848484848,0.893129770992366,0.59594383775351,0.968796433878158,1,1,0.308980213089802,0.327613104524181,0.303680981595092,0.306990881458967,0.305847076461769,0.623529411764706,0.307462686567164,0,0.679300291545189,0.998463901689708,0.319634703196347,0.304147465437788,0.314728682170543,0.315315315315315,0.607575757575758,1,0.323442136498516,0.327692307692308,0.326018808777429,0.317484662576687,0.302114803625378,0.305936073059361,0.196107784431138,0.686335403726708,0.310502283105023,0.603915662650602,1,0.238897396630934,0.312312312312312,0.917573872472784,1,1,0.301369863013699,0.649390243902439,1,0.3003003003003,0.294753086419753,0.956923076923077,1,1,0.996879875195008,0.31570996978852,1,1,0.901081916537867,1,0.34077380952381,1,0.6,1,0.683658170914543,0.302611367127496,0.605546995377504,1,1,0.993779160186625,0.319340329835082,0.316030534351145,0.310452418096724,0.324773413897281,0.318681318681319,0.315707620528771,0.983206106870229,0.310240963855422,1,1,0.704035874439462,0,0.31306990881459,0.307578008915305,0.685410334346505,1,0.573795180722892,0.316642120765832,0.653846153846154,0.303353658536585,0.3140625,1,0.310030395136778,0.306581059390048,0.68944099378882,0.910798122065728,0.313497822931785,0.602465331278891,0.579192546583851,0.321156773211568,0.320987654320988,0.298484848484848,0.598484848484849,0.693009118541033,1,0.901386748844376,1,0.674311926605505,0.996946564885496,0.595712098009188,0.31039755351682,0.31875,1,1,0.444104134762634,0.992138364779874,0.996987951807229,1,0.302752293577982,0.321212121212121,1,0.306332842415317,0.686746987951807,0.324773413897281,0.463076923076923,0.30030959752322,0,0.302985074626866,1,1,0.600910470409712,0.00149476831091181,0.322678843226788,0.30781010719755,0.0967741935483871,0.4140625,1,1,0.307458143074581,1,0.415407854984894,1,0.324812030075188,0.590563165905632,0.317147192716237,0.315870570107858,1,0,1,0.302507836990596,0.31651376146789,1,1,1,0.44392523364486,1,0.311728395061728,0.625942684766214,0.320668693009119,0.314465408805031,0.00151057401812689,0.0412844036697248,1,0.633587786259542,1,0.320552147239264,0.329652996845426,1,1,0.164156626506024,0.308510638297872,1,0.900452488687783,1,0.314925373134328,0.201228878648233,0.670164917541229,1,1,1,1,1,0.280178837555887,0.30441400304414,1,0.112307692307692,0.00155038759689922,0.447692307692308,0,0.322085889570552,1,0.680061823802164,1,1,0.891104294478528,1,0.686274509803922,1,1,1,1
"709",0.088379705400982,0.0833333333333333,0.074313408723748,0.0794165316045381,0.0843949044585987,0.0822368421052632,0.381342062193126,0.0836012861736334,0.0864,0.990115321252059,0.0781499202551834,0.961783439490446,0.1024,0.0868167202572347,0.602605863192182,0.602254428341385,0.982428115015974,0.405,0.0810372771474878,0.0783034257748776,0.61637239165329,0.608766233766234,0.083596214511041,0.932389937106918,0.0927672955974843,0.573248407643312,0.593800978792822,0.0815660685154976,0.089644513137558,0.13474025974026,0.602848101265823,0.166134185303514,0.0600315955766193,0.604838709677419,0.930194805194805,0.0930232558139535,0.569354838709677,0.0834645669291339,0.609794628751975,0.0876369327073552,0.429967426710098,0.404153354632588,0.400313971742543,0.0821256038647343,0.0855263157894737,0.586319218241042,0.592063492063492,0.601246105919003,0.590189873417722,0.585557299843014,0.916271721958926,0.0827922077922078,0.599683544303797,0.0859872611464968,0.0853462157809984,0.401305057096248,0.530179445350734,0.0846905537459283,0.089171974522293,0.0925324675324675,0.572115384615385,0.586370839936609,0.598705501618123,0.422077922077922,0.0867430441898527,0.0888529886914378,0.967479674796748,0.0853080568720379,0.987616099071207,0.59375,0.078125,0.596774193548387,0.570261437908497,0.111475409836066,0.588516746411483,0.084375,0.602503912363067,0.572769953051643,0.0828025477707006,0.592409240924092,0.993322203672788,0.587275693311582,0.58664546899841,0.088,0.57097288676236,0.0821705426356589,0.0865384615384615,0.0812101910828025,0.086677367576244,0.405023547880691,0.0779220779220779,0.0771604938271605,0.926517571884984,0.990461049284579,0.0695364238410596,0.96583850931677,0.915470494417863,0.0796178343949045,0.545008183306056,0.411764705882353,0.0833333333333333,0.979133226324238,0.6,0.0942148760330579,0.592356687898089,0.086038961038961,0.400630914826498,0.0885668276972625,0.586319218241042,0.592767295597484,0.582664526484751,0.0893141945773525,0.5872,0.0853462157809984,0.609717868338558,0.0891238670694864,0.594462540716612,0.801916932907348,0.584876543209877,0.594462540716612,0.619651347068146,0.0873015873015873,0.593059936908517,0.585808580858086,0.0755627009646302,0.600961538461538,0.0782208588957055,0.0830769230769231,0.767515923566879,0.547433903576983,0.0807754442649435,0.599041533546326,0.0816993464052288,0.964777947932619,0.0783034257748776,0.599056603773585,0.4185303514377,0.588141025641026,0.0207006369426752,0.638935108153078,0.993453355155483,0.991961414790997,0.0855784469096672,0.0795454545454545,0.577170418006431,0.082670906200318,0.593457943925234,0.0834670947030498,0.106012658227848,0.0864779874213836,0.595709570957096,0.0760517799352751,0.0865384615384615,0.0848287112561175,0.0710823909531502,0.582664526484751,0.0942492012779553,0.590322580645161,0.843700159489633,0.0863422291993721,0.597464342313788,0.0868878357030016,0.606687898089172,0.996794871794872,0.0773026315789474,0.603225806451613,0.092948717948718,0.0859872611464968,0.0935023771790808,0.578369905956113,0.0858995137763371,0.590322580645161,0.0829268292682927,0.593949044585987,0.0801335559265442,0.591639871382637,0.996840442338073,0.0775316455696203,0.458333333333333,0.0807754442649435,0.0872374798061389,0.596747967479675,0.0786516853932584,0.0791139240506329,0.0855784469096672,0.0775316455696203,0.588996763754045,0.595576619273302,0.0870279146141215,0.0829346092503987,0.589341692789969,0.607553366174056,0.0834645669291339,0.656101426307448,0.43206106870229,0.913322632423756,0.588996763754045,0.420711974110032,0.0849056603773585,0.583596214511041,0.0867430441898527,0.0870253164556962,0.0737179487179487,0.604761904761905,0.590837282780411,0.586038961038961,0.0850077279752705,0.0815660685154976,0.0799373040752351,0.92443729903537,0.0852090032154341,0.616776315789474,0.0558213716108453,0.59640522875817,0.594507269789984,0.341772151898734,0.0796747967479675,0.0880503144654088,0.0771704180064309,0.0857605177993527,0.0821018062397373,0.957278481012658,0.591276252019386,0.584126984126984,0.0845295055821372,0.406645569620253,0.0880503144654088,0.0872274143302181,0.0806451612903226,0.0858505564387917,0.0827922077922078,0.0839813374805599,0.918918918918919,0.786936236391913,0.0860719874804382,0.593900481540931,0.0747967479674797,0.6048,0.0825396825396825,0.0829268292682927,0.0764227642276423,0.0811688311688312,0.087248322147651,0.589660743134087,0.0804416403785489,0.385483870967742,0.57741935483871,0.585557299843014,0.600654664484452,0.585714285714286,0.57516339869281,0.655058043117745,0.584269662921348,0.588141025641026,0.589257503949447,0.0887480190174326,0.581320450885668,0.0792079207920792,0.3984375,0.588516746411483,0.788888888888889,0.586261980830671,0.0825082508250825,0.0794912559618442,0.0840064620355412,0.833333333333333,0.6112,0.0744849445324881,0.588524590163934,0.586750788643533,0.595275590551181,0.598116169544741,0.400635930047695,0.0786516853932584,0.58740157480315,0.599025974025974,0.0836012861736334,0.623973727422003,0.0902021772939347,0.595505617977528,0.604166666666667,0.0826580226904376,0.0852090032154341,0.0864,0.565217391304348,0.0811688311688312,0.4,0.996879875195008,0.588141025641026,0.0880503144654088,0.0781758957654723,0.993710691823899,0.585209003215434,0.59349593495935,0.0823723228995058,0.0894568690095847,0.597133757961783,0.940251572327044,0.914473684210526,0.087603305785124,0.083743842364532,0.576982892690513,0.0849358974358974,0.0892018779342723,0.603421461897356,0.0869565217391304,0.0829346092503987,0.600321027287319,0.0801282051282051,0.0802568218298555,0.0869565217391304,0.0829346092503987,0.58213716108453,0.603125,0.59234608985025,0.083596214511041,0.0891410048622366,0.419713831478537,0.584142394822006,0.0794165316045381,0.594637223974763,0.611021069692058,0.0873015873015873,0.0794392523364486,0.0818619582664527,0.0789049919484702,0.0770440251572327,0.583333333333333,0.0913461538461538,0.0885668276972625,0.980456026058632,0.57433489827856,0.583732057416268,0.594551282051282,0.41747572815534,0.588607594936709,0.084375,0.605519480519481,0.586816720257235,0.82807570977918,0.602803738317757,0.0786516853932584,0.582945736434109,0.0868167202572347,0.0833333333333333,0.0871632329635499,0.602584814216478,0.592709984152139,0.0803858520900322,0.00826446280991736,0.977491961414791,0.0882352941176471,0.5936,0.584664536741214,0.59935379644588,0.075,0.578616352201258,0.632258064516129,0.5808,0.597133757961783,0.585808580858086,0.609400324149109,0.0735524256651017,0.5810147299509,0.0788177339901478,0.076555023923445,0.918789808917197,0.0891410048622366,0.591205211726384,0.0846645367412141,0.0817610062893082,0.0812603648424544,0.588617886178862,0.0806962025316456,0.597063621533442,0.0869565217391304,0.0890302066772655,0.0923566878980892,0.0815660685154976,0.0833333333333333,0.592295345104334,0.0726978998384491,0.0815660685154976,0.591935483870968,0.5888,0.0790322580645161,0.0787781350482315,0.595779220779221,0.9,0.0863192182410423,0.0770465489566613,0.0757097791798107,0.907348242811502,0.60291734197731,0.0827814569536424,0.595879556259905,0.839486356340289,0.0765472312703583,0.400958466453674,0.463949843260188,0.0871710526315789,0.0824088748019017,0.422187981510015,0.382775119617225,0.5584,0.082258064516129,0.583198707592892,0.0917874396135266,0.0769230769230769,0.584967320261438,0.0816,0.0912106135986733,0.926590538336052,0.588709677419355,0.0897435897435897,0.0826580226904376,0.58974358974359,0.0793650793650794,0.0816993464052288,0.596375617792422,0.757527733755943,0.0821256038647343,0.0859872611464968,0.0819935691318328,0.370967741935484,0.597423510466989,0.604465709728868,0.593798449612403,0.57667731629393,0.407407407407407,0.57753164556962,0.583465818759936,0.59594383775351,0.852272727272727,0.588723051409619,0.0838607594936709,0.584758942457232,0.0857605177993527,0.587479935794542,1,0.974522292993631,0.0841121495327103,0.0900473933649289,0.964227642276423,0.076797385620915,0.40952380952381,0.971563981042654,0.929260450160772,0.0810810810810811,0.400966183574879,0.0802568218298555,0.0853080568720379,0.542622950819672,0.0864779874213836,0.9168,1,0.0858995137763371,0.0890625,0.0913461538461538,0.587096774193548,0.44969512195122,0.39,0.0979133226324237,0.0786516853932584,0.0507936507936508,0.610932475884244,0.750814332247557,0.089171974522293,0.606209150326797,0.0815047021943574,0.537480063795853,0.99009900990099,0.609250398724083,0.609375,0.580372250423012,0.0850393700787402,1,0.0930232558139535,0.0727580372250423,0.0871632329635499,0.836477987421384,0.581847649918963,0.0974025974025974,0.593851132686084,0.0852459016393443,0.0916530278232406,0.599041533546326,0.0888157894736842,0.590625,0.0809061488673139,0.611290322580645,0.589869281045752,0.0805687203791469,0.407467532467532,0.597200622083981,0.0750798722044728,0.59640522875817,0.15311004784689,0.598755832037325,0.934477379095164,0.593798449612403,0.133971291866029,0.598347107438017,0.0975609756097561,0.582664526484751,0.569400630914827,0.623604465709729,0.0855784469096672,0.0798045602605863,0.078125,0.0503355704697987,0.755775577557756,0.0862619808306709,0.582922824302135,0.0839936608557845,0.597989949748744,0.593700787401575,0.0850393700787402,0.0801963993453355,0.0782472613458529,0.00324675324675325,0.0829420970266041,0.597503900156006,0.601910828025478,0.0771653543307087,0.0761750405186386,0.978688524590164,1,0.0837359098228663,0.0840064620355412,0.600977198697068,0.0901898734177215,0.0850393700787402,0.606109324758842,0.0913621262458472,0.0879120879120879,0.401294498381877,0.565485362095532,0.0786516853932584,0.917701863354037,0.086038961038961,0.0881889763779528,0.992125984251969,0.586921850079745,0.0777957860615883,0.5904,0.0878594249201278,0.0484652665589661,0.0894568690095847,0.0929133858267717,0.0890302066772655,0.591869918699187,0.0760517799352751,0.0770491803278689,0.0793388429752066,0.918238993710692,0.613598673300166,0.0691318327974277,0.0899053627760252,0.40952380952381,0.0842607313195548,0.590982286634461,0.546031746031746,0.592948717948718,0.0828025477707006,0.0833333333333333,0.0895765472312704,0.993740219092332,0.585644371941272,1,0.0833333333333333,0.6016,0.605055292259084,0.546774193548387,0.91747572815534,0.0798045602605863,0.0369181380417336,0.0873015873015873,0.0868878357030016,0.586709886547812,0.596825396825397,0.92520325203252,0.961352657004831,0.597110754414125,0.593548387096774,0.580286168521463,0.92741935483871,0.596122778675283,0.0796875,0.919303797468354,0.599686028257457,0.0870253164556962,0.0910569105691057,0.0777957860615883,0.596214511041009,0.597156398104265,0.963696369636964,0.0799373040752351,0.592948717948718,0.602848101265823,0.0890302066772655,0.0901898734177215,0.589285714285714,0.392678868552413,0.0760697305863708,0.0849673202614379,0.394480519480519,0.0864779874213836,0.603744149765991,0.0907617504051864,0.5952,0.582018927444795,0.422712933753943,0.668740279937792,0.0791139240506329,0.613953488372093,0.599033816425121,0.402866242038217,0.416666666666667,0.0754414125200642,0.587579617834395,0.0882352941176471,0.587774294670846,0.0810372771474878,0.591276252019386,0.607491856677524,0.552845528455285,0.558917197452229,0.588424437299035,0.587662337662338,0.428338762214984,0.589341692789969,0.941763727121464,0.0729335494327391,0.922712933753943,0.0839936608557845,0.613114754098361,0.090311986863711,0.925324675324675,0.588617886178862,0.591869918699187,0.0813953488372093,0.979813664596273,0.0874403815580286,0.993517017828201,0.567213114754098,0.0780254777070064,0.985645933014354,0.4185303514377,0.0747967479674797,0.0866141732283465,0.082018927444795,0.602023608768971,0.96,0.0743670886075949,0.474193548387097,0.99184339314845,0.546583850931677,0.585443037974684,0.588328075709779,0.0850393700787402,0.0587275693311582,0.0931372549019608,0.0800627943485086,0.0805687203791469,0.985981308411215,0.0935023771790808,0.405750798722045,0.918711656441718,0.587025316455696,0.0839936608557845,0.0889967637540453,0.0798045602605863,0.0777604976671851,0.996805111821086,0.592125984251968,0.0753532182103611,0.0826580226904376,0.0804597701149425,0.0834670947030498,0.0884676145339652,0.0894308943089431,0.611544461778471,0.938110749185668,0.0793650793650794,1,0.591125198098257,0.6704,0.0863422291993721,0.50487012987013,0.596989966555184,0.6032,0.0898876404494382,0.961661341853035,0.591194968553459,0.0780254777070064,0.0880913539967374,0.537337662337662,0.59904912836767,0.608482871125612,0.596375617792422,0.0770440251572327,0.590163934426229,0.593900481540931,0.663446054750403,0.596091205211726,0.0444444444444444,0.6,1,0.589951377633712,0.918367346938776,0.0880913539967374,0.995161290322581,0.60291734197731,0.5904,0.595813204508857,0.0841269841269841,0.0746031746031746,0.0877483443708609,0.0824088748019017,0.0855263157894737,0.0901771336553945,0.575206611570248,0.0867507886435331,0.601275917065391,0.591836734693878,0.480891719745223,0.411184210526316,0.0797448165869219,0.0880503144654088,0.920634920634921,0.591194968553459,0.965189873417722,0.0778816199376947,0.961476725521669,0.0829346092503987,0.0830618892508143,0.591803278688525,0.0861788617886179,0.080672268907563,0.464696223316913,0.658374792703151,0.0900621118012422,1,0.991762767710049,0.0841269841269841,0.0833333333333333,0.0812101910828025,1,0.9185303514377,0.581358609794629,0.474358974358974,0.591836734693878,0.917981072555205,0.577669902912621,1,0.0802568218298555,0.0882352941176471,0.590551181102362,0.592063492063492,0.8528,0.576243980738363,0.592417061611374,0.584786053882726,0.0870967741935484,0.0813397129186603,0.589490968801314,0.086687306501548,0.928571428571429,0.0699186991869919,0.86741214057508,0.0919354838709677,0.4176,0.0818897637795276,0.592709984152139,0.605519480519481,0.996865203761755,0.419811320754717,0.082670906200318,0.0798722044728434,0.295161290322581,0.191735537190083,0.590690208667737,0.585365853658537,0.0836012861736334,0.584935897435897,0.837060702875399,0.585808580858086,0.089922480620155,0.99198717948718,0.0854838709677419,0.0792880258899676,0.592356687898089,0.409385113268608,0.596059113300493,0.0838815789473684,0.0781499202551834,0.601895734597156,0.604166666666667,0.581395348837209,0.233387358184765,0.595432300163132,0.087378640776699,0.974643423137876,0.0852090032154341,0.0788177339901478,0.396551724137931,0.461165048543689,0.594771241830065,0.977707006369427,0.576051779935275,0.0786516853932584,0.0701168614357262,0.605136436597111,0.581059390048154,0.463607594936709,0.0794912559618442,0.60093896713615,0.691222570532915,0.602218700475436,0.109204368174727,0.631493506493506,0.925278219395866,0.6064,0.591549295774648,0.579901153212521,0.594813614262561,0.593508500772797,0.114649681528662,0.0876623376623377,0.60702875399361,0.556105610561056,0.408794788273616,0.854864433811802,0.400998336106489,0.0756843800322061,0.584,0.929032258064516,0.583333333333333,0.591346153846154,0.711111111111111,0.585406301824212,0.925396825396825,0.575277337559429,0.603618421052632,0.583198707592892,0.602543720190779
"710",0.308681672025723,0.316998468606432,0.316692667706708,0.33175355450237,0.321259842519685,0.316957210776545,0.0111111111111111,0.326433121019108,0.315870570107858,0.575121163166397,0.329268292682927,0.639016897081413,0.507911392405063,0.3265625,1,1,0.62402496099844,0,0.325949367088608,0.319182389937107,1,1,0.324159021406728,0.5125,0.315950920245399,1,1,0.340836012861736,0.311827956989247,0.522082018927445,1,0.581039755351682,0.372093023255814,0.996870109546166,0.656200941915228,0.324546952224053,0.137285491419657,0.333843797856049,1,0.308755760368664,0.0015625,0,0,0.343450479233227,0.323671497584541,1,0.996860282574568,1,1,1,0.679566563467492,0.3392,1,0.328660436137072,0.314152410575428,0.815748031496063,0.118670886075949,0.323390894819466,0.324031007751938,0.329153605015674,0.993846153846154,1,1,0.0031055900621118,0.323151125401929,0.31839258114374,0.652037617554859,0.329093799682035,0.607843137254902,1,0.317262830482115,1,1,0.287560581583199,0.156832298136646,0.32370820668693,1,0.996918335901387,0.324159021406728,1,0.599033816425121,1,1,0.327666151468315,1,0.331297709923664,0.323943661971831,0.327073552425665,0.314814814814815,0,0.321259842519685,0.328173374613003,0.6765625,0.584992343032159,0.31974921630094,0.633484162895928,0.672333848531685,0.32262996941896,0.119086460032626,0,0.321372854914197,0.617924528301887,1,0.315533980582524,1,0.3203125,0,0.331230283911672,1,1,1,0.315625,0.998466257668712,0.324534161490683,0.202786377708978,0.316436251920123,1,0.377535101404056,1,1,0.2,0.315789473684211,1,1,0.336448598130841,1,0.322869955156951,0.318529862174579,0.366771159874608,0.778963414634146,0.329011345218801,1,0.334389857369255,0.634441087613293,0.334920634920635,1,0,1,0.377358490566038,0.896440129449838,0.582159624413146,0.591263650546022,0.322378716744914,0.3264,1,0.318181818181818,1,0.309006211180124,0.49615975422427,0.331297709923664,1,0.322378716744914,0.32967032967033,0.330708661417323,0.331259720062208,1,0.306603773584906,1,0.429230769230769,0.333848531684699,1,0.326656394453005,1,0.584518167456556,0.321486268174475,1,0.323899371069182,0.319083969465649,0.335403726708075,0.99075500770416,0.3328125,1,0.331240188383046,1,0.321951219512195,1,0.58695652173913,0.300157977883096,0.0273311897106109,0.309262166405024,0.327586206896552,1,0.309859154929577,0.320813771517997,0.32348367029549,0.334379905808477,1,1,0.329563812600969,0.326625386996904,1,1,0.326086956521739,0.236111111111111,0.0164670658682635,0.675,1,0.00156494522691706,0.322530864197531,1,0.323809523809524,0.319571865443425,0.317111459968603,0.996870109546166,1,1,0.32579185520362,0.318181818181818,0.314984709480122,0.674528301886792,0.302362204724409,1,0.341772151898734,1,1,0.441176470588235,0.325508607198748,0.32258064516129,0.332814930015552,0.313084112149533,0.3152,0.634796238244514,1,1,0.318461538461538,0,0.329268292682927,0.3267776096823,0.330721003134796,0.311627906976744,0.31104199066874,0.321212121212121,0.689547581903276,0.359133126934985,0.313572542901716,1,0.329093799682035,1,0.315151515151515,0.3152,0.31911532385466,0.340764331210191,0.322222222222222,1,0.329153605015674,0.796178343949045,1,1,0.998427672955975,1,1,0.899521531100478,1,1,1,0.321592649310873,1,0.32794830371567,0,1,0.382039573820396,1,0.330143540669856,0.332810047095761,0.317683881064163,0.424290220820189,1,0.328125,1,1,1,1,0,0.31201248049922,1,1,0.324921135646688,1,0.335413416536661,1,1,0.316614420062696,0.333855799373041,0.310452418096724,0.151658767772512,0.33868378812199,0,0.590015128593041,1,0.327613104524181,0.325,0.578866768759571,1,1,0.3312,0.33175355450237,1,0.647887323943662,0.695652173913043,0.308661417322835,0.326892109500805,0.992424242424242,0.330203442879499,0.314759036144578,1,0.315384615384615,0.308166409861325,1,0.310509554140127,0.32755905511811,0.322530864197531,0.32182103610675,1,1,1,0.319620253164557,0.334913112164297,0.00777604976671851,0.996884735202492,0.33652312599681,1,1,0.316358024691358,0.326086956521739,0.310030395136778,0.324451410658307,0.317411402157165,1,0.314465408805031,0.308176100628931,0.573692551505547,1,0.846518987341772,1,0,1,0.331316187594554,1,1,0.419452887537994,0.998470948012232,0.318252730109204,1,0.314285714285714,0.307453416149068,0.322530864197531,1,1,0.321875,0.402225755166932,0.609717868338558,0.312111801242236,1,1,1,0.327476038338658,1,0.199692780337942,1,1,1,1,0.332293291731669,1,0.3232,0.341614906832298,0.672386895475819,0.314785373608903,1,0.326120556414219,0.322137404580153,0.321656050955414,1,0.309451219512195,1,0.328787878787879,0.480376766091052,0.3296875,0.319620253164557,0.320552147239264,1,0.325545171339564,0.308917197452229,1,1,0.33179012345679,0.313572542901716,1,0.483969465648855,0.321543408360129,0.3328173374613,0.328746177370031,0.66820987654321,1,0.304761904761905,1,0.415873015873016,0.312210200927357,0,0.882534775888717,0.324367088607595,0.321766561514196,0,0.034375,0.986003110419907,0.320251177394035,1,0.318979266347687,0.318840579710145,1,0.339009287925697,0.321259842519685,0.667701863354037,1,0.32807570977918,0.326530612244898,1,0.313755795981453,0.311216429699842,1,0.349693251533742,0.309033280507132,0.321981424148607,0.33489827856025,0.798136645962733,1,0.977812995245642,1,1,0,1,0.995305164319249,1,0.438377535101404,0.998392282958199,0.315217391304348,0.996908809891808,0.33175355450237,0.998439937597504,0.600910470409712,0.617511520737327,0.324773413897281,0.3202416918429,0.644094488188976,0.320634920634921,0,0.625194401244168,0.676100628930818,0.327666151468315,0,0.3203125,0.314329738058552,0.774803149606299,0.333853354134165,0.683385579937304,0.5936,0.319444444444444,0.319314641744548,0.30829420970266,1,0.0239162929745889,0,0.319444444444444,0.328616352201258,0.33641975308642,1,0.340062111801242,0.322884012539185,1,0.311728395061728,0.944444444444444,0.569640062597809,1,1,0.99505766062603,0.3267776096823,0.603100775193798,0.328725038402458,0.317589576547231,0.321259842519685,0.425038639876352,1,0.319685039370079,1,0.317384370015949,0.320126782884311,1,0.328100470957614,1,0.324960753532182,1,1,0.320872274143302,0,1,0.323529411764706,1,0.5640625,1,0.506153846153846,1,0.556962025316456,1,0.322061191626409,1,1,1,0.315286624203822,0.329635499207607,0.32,0.348171701112878,0.329563812600969,0.310185185185185,1,0.324960753532182,1,1,0.336492890995261,0.322115384615385,0.321646341463415,0.390205371248025,0.325264750378215,1,1,0.329249617151608,0.326530612244898,0.6272,0.58161648177496,0.320433436532508,0.32120253164557,1,0.313880126182965,0.323262839879154,0.993720565149137,0.314285714285714,0.316614420062696,0,0.140215716486903,0.317460317460317,0.680241327300151,0.320634920634921,0.331782945736434,0.598793363499246,0.996899224806202,0.318611987381703,1,0.320251177394035,0.356466876971609,0.314465408805031,0.467716535433071,0.32018927444795,1,0.328725038402458,0.323899371069182,0.32967032967033,0.683001531393568,1,0.329093799682035,0.322981366459627,0,0.332307692307692,0.998439937597504,0.955108359133127,1,0.325115562403698,0.333855799373041,0.325878594249201,0.57984496124031,1,0.589540412044374,0.337539432176656,1,1,0.968944099378882,0.667192429022082,0.324574961360124,0.3546875,0.328703703703704,0.321483771251932,1,1,0.521259842519685,0.631083202511774,1,1,0.998463901689708,0.690966719492868,1,0.336874051593323,0.678899082568807,1,0.329230769230769,0.320754716981132,0.325434439178515,0.998482549317147,1,0.639871382636656,0.329211746522411,1,1,0.327692307692308,0.315301391035549,0.998435054773083,0,0.318471337579618,0.318541996830428,0.0047244094488189,0.316436251920123,1,0.317460317460317,1,0.14900153609831,0,0.908952959028832,0.328660436137072,1,1,0,0,0.335403726708075,1,0.321144674085851,0.998489425981873,0.318979266347687,1,0.998427672955975,0.965785381026439,0.768388106416275,1,1,0.00471698113207547,1,0.520766773162939,0.333860759493671,0.66973886328725,0.332302936630603,1,0.308411214953271,0.666144200626959,1,1,0.3168,0.621621621621622,0.329704510108865,0.586314152410575,0.9734375,0.333333333333333,0.598425196850394,0.00788643533123028,0.317460317460317,0.321981424148607,0.327160493827161,1,0.636225266362253,0.314641744548287,0.892063492063492,0.5904,0.964777947932619,1,1,0.316770186335404,0.34991974317817,0.316957210776545,0.314641744548287,0.318252730109204,0.612462006079027,0.313455657492355,0,0.670676691729323,1,0.33125,0.319182389937107,0.317230273752013,0.326053042121685,0.604037267080745,1,0.335913312693498,0.334375,0.342948717948718,0.320872274143302,0.31924882629108,0.317901234567901,0.193846153846154,0.676100628930818,0.322734499205087,0.598145285935085,1,0.234276729559748,0.325038880248834,0.925324675324675,1,1,0.318037974683544,0.64031007751938,1,0.316923076923077,0.307931570762053,0.957345971563981,1,1,1,0.326656394453005,1,1,0.909810126582278,1,0.35968992248062,1,0.589951377633712,1,0.668730650154799,0.3203125,0.60031847133758,1,1,0.992050874403816,0.330745341614907,0.329704510108865,0.322061191626409,0.322981366459627,0.339712918660287,0.330128205128205,0.9856,0.319508448540707,1,1,0.717791411042945,0,0.327160493827161,0.315707620528771,0.6797583081571,1,0.572542901716069,0.329787234042553,0.644961240310078,0.323854660347551,0.330683624801272,1,0.317965023847377,0.309446254071661,0.695583596214511,0.910685805422648,0.333333333333333,0.599041533546326,0.577777777777778,0.331782945736434,0.331730769230769,0.30625,0.58740157480315,0.678571428571429,1,0.896389324960754,1,0.663109756097561,0.998412698412698,0.587677725118483,0.31619937694704,0.330128205128205,1,1,0.434850863422292,0.996845425867508,1,1,0.317535545023697,0.336923076923077,1,0.319277108433735,0.670788253477589,0.336448598130841,0.461904761904762,0.300319488817891,0,0.317901234567901,1,1,0.593508500772797,0,0.335913312693498,0.327073552425665,0.101105845181675,0.424193548387097,1,1,0.32093023255814,1,0.417582417582418,1,0.337941628264209,0.58641975308642,0.329738058551618,0.320695102685624,1,0,1,0.314606741573034,0.321086261980831,1,1,1,0.448387096774194,1,0.322274881516588,0.616438356164384,0.341013824884793,0.336538461538462,0,0.0396196513470681,1,0.615384615384615,1,0.331230283911672,0.331189710610932,1,1,0.164086687306502,0.31619937694704,1,0.902290076335878,1,0.334883720930233,0.199367088607595,0.664615384615385,1,1,1,1,1,0.295384615384615,0.312202852614897,1,0.123176661264182,0,0.448916408668731,0,0.335433070866142,1,0.669826224328594,1,1,0.892307692307692,1,0.679506933744222,1,1,1,1
"711",0,0,0,0,0,0,0.294952681388013,0,0,0.89540412044374,0,0.960244648318043,0.184663536776213,0,0.668740279937792,0.683153013910355,0.936363636363636,0.32475884244373,0,0,0.706336939721793,0.680314960629921,0,0.843653250773994,0,0.66306027820711,0.673374613003096,0,0,0.218210361067504,0.679447852760736,0.263482280431433,0.0324074074074074,0.671296296296296,1,0,0.467692307692308,0,0.688059701492537,0,0.341732283464567,0.324242424242424,0.313636363636364,0,0,0.670826833073323,0.681047765793529,0.683257918552036,0.667180277349769,0.662650602409639,1,0,0.681538461538462,0,0,0.497674418604651,0.444794952681388,0,0,0,0.659021406727829,0.672811059907834,0.675507020280811,0.325508607198748,0,0,0.965463108320251,0,0.946428571428571,0.678899082568807,0,0.665123456790123,0.662992125984252,0.0380952380952381,0.494720965309201,0,0.682442748091603,0.658499234303216,0,0.675590551181102,0.908653846153846,0.657853810264386,0.665116279069767,0,0.656832298136646,0,0,0,0,0.318885448916409,0,0,0.998468606431853,0.89409984871407,0,0.957957957957958,1,0,0.441082802547771,0.329113924050633,0,0.945652173913043,0.679626749611198,0,0.672386895475819,0,0.319634703196347,0,0.666666666666667,0.674454828660436,0.671779141104294,0,0.665109034267913,0,0.523449319213313,0,0.677067082683307,0.705972434915773,0.673282442748092,0.676470588235294,0.523956723338485,0,0.667687595712098,0.6752,0,0.687789799072643,0,0,0.677914110429448,0.446969696969697,0,0.681047765793529,0,0.962686567164179,0,0.67687595712098,0.331278890600925,0.657728706624606,0.0633693972179289,0.55877616747182,0.896389324960754,0.902325581395349,0,0,0.672281776416539,0,0.672256097560976,0,0.192133131618759,0,0.665056360708535,0,0,0,0,0.659375,0,0.673501577287066,0.74390243902439,0,0.680365296803653,0,0.693721286370597,0.913178294573643,0,0.677115987460815,0,0,0,0.660550458715596,0,0.676470588235294,0,0.692307692307692,0,0.67244094488189,0.925465838509317,0,0.373801916932907,0,0,0.677519379844961,0,0,0,0,0.669781931464174,0.677760968229955,0,0,0.6797583081571,0.690363349131122,0,0.553158705701079,0.345080763582966,1,0.681470137825421,0.3328173374613,0,0.671232876712329,0,0,0,0.674961119751166,0.673716012084592,0.670866141732283,0,0,0,1,0,0.684375,0.0234741784037559,0.670731707317073,0.6801872074883,0.248484848484848,0,0,0,0,0,0.961479198767334,0.676100628930818,0.665144596651446,0,0.324324324324324,0,0,0.00154083204930663,0,0,0,0.99537750385208,0.683734939759036,0,0.684542586750789,0,0.695987654320988,0,0,0,0,0,0.677966101694915,0,0.483412322274882,0.66304347826087,0.663109756097561,0.67601246105919,0.674491392801252,0.659375,0.571428571428571,0.666666666666667,0.67737003058104,0.675840978593272,0,0.675840978593272,0,0.321212121212121,0.673405909797823,0.689497716894977,0.65818759936407,0,0,0,0.75,0.679447852760736,0,0.672839506172839,0.670713201820941,0.681747269890796,0.674311926605505,0.324534161490683,0,0.666153846153846,0.675548589341693,0,0.693290734824281,0,0.67737003058104,0.687692307692308,0,0,0,0.468412942989214,0,0.32469512195122,0.915178571428571,0.667692307692308,0,0,0.901538461538462,0.672672672672673,0.66347687400319,0,0,0.689863842662632,0.978294573643411,0.996865203761755,0,0,0.656626506024096,0.00154320987654321,0,0.6801872074883,0,0,0.671802773497689,0,0,0,0,0.668730650154799,0.679640718562874,0.660225442834139,0,0,0.332312404287902,0.67601246105919,0,0.672230652503794,0.690993788819876,0,0,0,0,0,0.669796557120501,0,0,0.889763779527559,0.667669172932331,0.502304147465438,0.689167974882261,0.338533541341654,0.676335877862595,0,0.677018633540373,0.658385093167702,0.746223564954683,0.671664167916042,0,0.656580937972769,0,0,0,0.683881064162754,0.667170953101362,0,0.073015873015873,0.938582677165354,0,0.680555555555556,0.672307692307692,0.687010954616588,0,0.662613981762918,0.539755351681957,0.669781931464174,0.684129429892142,0.676656151419558,0.686119873817035,0,0.671361502347418,0,0,1,0,0.67244094488189,0,0,0,0.667185069984448,0,0.679245283018868,0,0.166158536585366,0,0,0,0.678899082568807,0,0,0.682170542635659,0.672307692307692,0,0,0.682170542635659,0.808446455505279,0,0,0,1,0.683042789223455,0,0.685410334346505,0.763322884012539,0,0.338461538461538,0.561933534743202,0,0,0.328424153166421,0.306976744186047,0.646153846153846,0,0.669278996865204,0,0,0.663551401869159,0,0,0.992199687987519,0.664596273291925,0,0,0.675883256528418,0,0,0.688473520249221,0.666666666666667,0,0,0,0.460244648318043,0.680555555555556,0.647887323943662,0.674626865671642,0.664086687306502,0.317683881064163,0.667682926829268,0.66304347826087,0.670731707317073,0.766871165644172,0.680061823802164,0,0.67218045112782,0,0.681957186544342,0.916790490341753,0.953632148377125,0,0,0.965732087227414,0,0.320726172465961,0.960183767228178,0.990551181102362,0,0.325652841781874,0,0,0.444790046656299,0,1,0.923809523809524,0,0,0,0.668759811616955,0.363367799113737,0.309033280507132,0.0075642965204236,0,0.0167173252279635,0.691131498470948,0.659442724458204,0,0.685847589424572,0,0.624420401854714,0.894819466248038,0.685887708649469,0.673748103186646,0.658415841584158,0,0.922844175491679,0,0,0,0.74468085106383,0.666146645865835,0,0.671850699844479,0,0,0.686453576864536,0,0.673134328358209,0,0.683385579937304,0.675,0,0.329133858267717,0.677177177177177,0,0.685446009389671,0.237442922374429,0.672645739910314,0.837349397590361,0.676119402985075,0.225954198473282,0.686119873817035,0,0.670229007633588,0.656967840735069,0.698630136986301,0,0,0,0.0273752012882448,0.664546899841017,0,0.671406003159558,0,0.677777777777778,0.672307692307692,0,0,0,0.0773993808049536,0,0.679699248120301,0.675799086757991,0,0,0.955555555555556,0.9203125,0,0,0.682965299684543,0,0,0.675465838509317,0,0,0.328173374613003,0.474885844748858,0,1,0,0,0.898203592814371,0.665629860031104,0,0.669781931464174,0,0.0314465408805031,0,0.178571428571429,0,0.663461538461538,0,0,0,1,0.681528662420382,0,0,0.338485316846986,0,0.670788253477589,0.628304821150855,0.669767441860465,0,0,0,0.908132530120482,0.675465838509317,0.913112164296998,0,0.682926829268293,0.677862595419847,0.636503067484663,1,0,0.0372093023255814,0,0,0.667185069984448,0.692192192192192,0.842592592592593,0.96411856474259,0.674382716049383,0.684210526315789,0.667664670658683,0.998449612403101,0.674347158218126,0,1,0.673846153846154,0,0,0,0.667682926829268,0.671641791044776,0.971246006389776,0,0.68025078369906,0.686635944700461,0,0,0.673913043478261,0.312903225806452,0,0,0.31055900621118,0,0.688350983358548,0,0.67651632970451,0.474732006125574,0.341426403641882,0.589123867069486,0,0.686635944700461,0.678955453149002,0.333333333333333,0.339820359281437,0,0.66358024691358,0,0.670750382848392,0,0.6765625,0.68088467614534,0.639191290824261,0.481366459627329,0.675118858954041,0.679304897314376,0.339009287925697,0.679878048780488,0.85214626391097,0,1,0,0.694099378881988,0,1,0.669767441860465,0.681458003169572,0,0.944693572496263,0,0.917573872472784,0.654205607476635,0,0.936267071320182,0.337442218798151,0,0,0,0.684975767366721,0.965309200603318,0,0.566358024691358,0.90625,0.638009049773756,0.673252279635258,0.665171898355755,0,0,0,0,0,0.938897168405365,0.00460122699386503,0.316030534351145,0.995575221238938,0.672281776416539,0,0,0,0,0.910658307210031,0.678843226788432,0,0,0,0,0,0,0.517450682852807,0.998422712933754,0,0.916666666666667,0.67629179331307,0.578052550231839,0,0.597809076682316,0.6832,0.679331306990882,0,0.964230171073095,0.670229007633588,0,0,0.623824451410658,0.683333333333333,0.685325264750378,0.668789808917197,0,0.667726550079491,0.681818181818182,0.573667711598746,0.674884437596302,0.0260736196319018,0.683658170914543,0.918367346938776,0.668730650154799,1,0,0.913928012519562,0.682464454976303,0.678071539657854,0.67192429022082,0,0,0,0,0,0,0.66403785488959,0,0.676056338028169,0.673770491803279,0.383206106870229,0.322530864197531,0,0,1,0.68018018018018,0.882995319812793,0,0.966929133858268,0,0,0.681181959564541,0,0,0.37245696400626,0.575516693163752,0.00445103857566766,0.919629057187017,0.904088050314465,0,0,0,0.913178294573643,1,0.671732522796353,0.567441860465116,0.67629179331307,1,0.665615141955836,0.915739268680445,0,0,0.665151515151515,0.674174174174174,0.764976958525346,0.659777424483307,0.679331306990882,0.666666666666667,0,0,0.661442006269592,0,1,0,0.778125,0,0.334848484848485,0,0.683720930232558,0.682615629984051,0.921538461538462,0.328197226502311,0,0,0.213728549141966,0.106750392464678,0.678955453149002,0.674961119751166,0,0.676380368098159,0.744615384615385,0.669291338582677,0,0.900459418070444,0,0,0.675925925925926,0.323854660347551,0.681672025723473,0,0,0.687211093990755,0.683001531393568,0.676737160120846,0.132605304212168,0.679626749611198,0,0.950233281493002,0,0,0.309230769230769,0.361111111111111,0.671451355661882,0.947692307692308,0.667697063369397,0,0,0.68558282208589,0.667711598746082,0.392307692307692,0,0.681957186544342,0.624233128834356,0.682027649769585,0.0136986301369863,0.52760736196319,0.995440729483283,0.683812405446294,0.663677130044843,0.65987460815047,0.682464454976303,0.676691729323308,0.0318181818181818,0,0.684129429892142,0.457142857142857,0.320493066255778,0.7673343605547,0.32258064516129,0,0.672811059907834,0.996870109546166,0.670278637770898,0.679447852760736,0.63719512195122,0.671850699844479,1,0.661094224924012,0.673469387755102,0.666666666666667,0.679566563467492
"712",1,1,1,1,1,1,0.709003215434084,1,1,0.0981996726677578,1,0.0484375,0.808,1,0.314785373608903,0.3,0.065015479876161,0.693181818181818,1,1,0.281645569620253,0.303514376996805,1,0.159375,1,0.31201248049922,0.310569105691057,1,1,0.7728,0.311728395061728,0.725155279503106,0.963020030816641,0.300632911392405,0,1,0.553654743390358,1,0.29607250755287,1,0.674121405750799,0.693498452012384,0.706708268330733,1,1,0.318471337579618,0.300319488817891,0.293663060278207,0.318461538461538,0.321483771251932,0,1,0.304075235109718,1,1,0.481540930979133,0.570747217806041,1,1,1,0.318885448916409,0.307692307692308,0.316211878009631,0.691455696202532,1,1,0.0396196513470681,1,0.0629800307219662,0.313084112149533,1,0.3109375,0.321027287319422,0.967948717948718,0.525078369905956,1,0.297674418604651,0.316770186335404,1,0.307317073170732,0.0909090909090909,0.314465408805031,0.3125,1,0.330696202531646,1,1,1,1,0.6984375,1,1,0,0.109034267912773,1,0.0511627906976744,0,1,0.578525641025641,0.681020733652313,1,0.060702875399361,0.305511811023622,1,0.304347826086957,1,0.690031152647975,1,0.310725552050473,0.304821150855365,0.313385826771654,1,0.320872274143302,1,0.496171516079632,1,0.309375,0.309597523219814,0.320061255742726,0.313195548489666,0.488151658767773,0.998449612403101,0.304747320061256,0.306089743589744,1,0.29264475743349,1,1,0.335453100158982,0.542901716068643,1,0.308306709265176,1,0.0454545454545455,1,0.305900621118012,0.687789799072643,0.322884012539185,0.928,0.431372549019608,0.110759493670886,0.0979462875197472,1,1,0.3216,1,0.312883435582822,1,0.794712286158631,1,0.312599681020734,1,1,1,1,0.3184,1,0.322327044025157,0.266875981161695,1,0.310344827586207,1,0.292063492063492,0.090032154340836,1,0.311811023622047,1,1,1,0.321428571428571,1,0.320126782884311,1,0.298107255520505,1,0.310289389067524,0.0764430577223089,1,0.652317880794702,1,1,0.304487179487179,1,1,1,1,0.316692667706708,0.303543913713405,1,0.9984375,0.303738317757009,0.302066772655008,1,0.450549450549451,0.680916030534351,0,0.311424100156495,0.686119873817035,1,0.309923664122137,1,0.998463901689708,1,0.304953560371517,0.317901234567901,0.316993464052288,1,1,1,0,1,0.304278922345483,0.972972972972973,0.310126582278481,0.298107255520505,0.755905511811024,1,1,1,1,1,0.0475435816164818,0.310509554140127,0.315132605304212,1,0.690513219284603,1,1,1,0.998430141287284,1,1,0.00313971742543171,0.327217125382263,1,0.30503144654088,1,0.289514866979656,1,1,1,1,1,0.313880126182965,1,0.502354788069074,0.31496062992126,0.321428571428571,0.305466237942122,0.305379746835443,0.319488817891374,0.423756019261637,0.325,0.310344827586207,0.30188679245283,1,0.313195548489666,1,0.690292758089368,0.304075235109718,0.320433436532508,0.32018927444795,1,1,1,0.263975155279503,0.305295950155763,1,0.311004784688995,0.313846153846154,0.309748427672956,0.306376360808709,0.684294871794872,1,0.32093023255814,0.315705128205128,1,0.290584415584416,1,0.309119010819165,0.299050632911392,1,1,1,0.549206349206349,1,0.691222570532915,0.0842266462480858,0.307692307692308,1,1,0.0998439937597504,0.317683881064163,0.316129032258064,1,1,0.297637795275591,0.0252365930599369,0.0032626427406199,1,1,0.325190839694657,0.998402555910543,1,0.302652106084243,1,1,0.306625577812018,1,1,1,1,0.315873015873016,0.302114803625378,0.313915857605178,1,1,0.6801872074883,0.306603773584906,1,0.30625,0.29047619047619,1,1,0.998447204968944,1,1,0.321316614420063,1,1,0.116693679092382,0.327044025157233,0.47900466562986,0.300476947535771,0.675118858954041,0.302180685358255,1,0.306709265175719,0.319182389937107,0.262015503875969,0.313271604938272,1,0.321044546850998,1,1,1,0.304278922345483,0.3140625,0.9984375,0.923566878980892,0.0679611650485437,1,0.301092043681747,0.309148264984227,0.308426073131955,1,0.323029366306028,0.4736,0.317829457364341,0.299373040752351,0.304,0.29635499207607,1,0.308064516129032,1,1,0,1,0.317891373801917,1,1,1,0.3232,1,0.307448494453249,1,0.831761006289308,1,1,1,0.307210031347962,1,1,0.307332293291732,0.307210031347962,1,1,0.307448494453249,0.200308166409861,1,0.998447204968944,1,0,0.308306709265176,1,0.303599374021909,0.249216300940439,1,0.684292379471229,0.426153846153846,1,1,0.684210526315789,0.70906200317965,0.335433070866142,1,0.3109375,1,1,0.328050713153724,1,0.998417721518987,0.00784929356357928,0.320695102685624,1,1,0.3088,1,1,0.298722044728434,0.34472049689441,1,1,1,0.517829457364341,0.301412872841444,0.335974643423138,0.309667673716012,0.327044025157233,0.693037974683544,0.313664596273292,0.313291139240506,0.310872894333844,0.2574568288854,0.314332247557003,1,0.308641975308642,0.998397435897436,0.3046875,0.0853658536585366,0.0557275541795666,1,1,0.0421875,1,0.688271604938272,0.0441640378548896,0.0110236220472441,1,0.682965299684543,1,1,0.541139240506329,1,0,0.0707395498392283,1,1,1,0.304416403785489,0.658170914542729,0.694041867954911,0.992138364779874,1,0.982919254658385,0.302362204724409,0.344339622641509,1,0.300157977883096,1,0.3546875,0.108766233766234,0.2921875,0.314589665653495,0.314720812182741,1,0.0797546012269939,1,1,1,0.270186335403727,0.310509554140127,1,0.310509554140127,1,1,0.306278713629403,1,0.315068493150685,1,0.302652106084243,0.316455696202532,1,0.689490445859873,0.308396946564885,1,0.309677419354839,0.756965944272446,0.316923076923077,0.170542635658915,0.316998468606432,0.767550702028081,0.2976,1,0.316614420062696,0.32258064516129,0.290880503144654,1,1,1,0.967637540453074,0.35,1,0.314102564102564,1,0.308319738988581,0.313271604938272,1,1,1,0.917329093799682,1,0.303543913713405,0.3140625,1,1,0.0508744038155803,0.0812101910828025,1,1,0.305379746835443,1,1,0.30625,1,1,0.686520376175549,0.544186046511628,1,0,1,1,0.104294478527607,0.313880126182965,1,0.312302839116719,0.998432601880878,0.965354330708661,0.998412698412698,0.814756671899529,1,0.315705128205128,1,1,1,0,0.303079416531605,1,1,0.677067082683307,1,0.308661417322835,0.345256609642302,0.307570977917981,1,1,1,0.0942812982998454,0.309294871794872,0.0913461538461538,0.998427672955975,0.296754250386399,0.305900621118012,0.335901386748844,0,1,0.956112852664577,1,1,0.311501597444089,0.296803652968037,0.160629921259843,0.0409448818897638,0.317535545023697,0.305246422893482,0.312307692307692,0,0.309148264984227,1,0,0.309262166405024,1,1,1,0.312989045383412,0.307926829268293,0.0394736842105263,1,0.305863708399366,0.308282208588957,1,1,0.304416403785489,0.6996699669967,1,1,0.70364500792393,1,0.302469135802469,1,0.30503144654088,0.538940809968847,0.678461538461538,0.398449612403101,1,0.292834890965732,0.312989045383412,0.6890625,0.675425038639876,1,0.310452418096724,1,0.312883435582822,1,0.310236220472441,0.302362204724409,0.337559429477021,0.521875,0.3072,0.308544303797468,0.6765625,0.305164319248826,0.152845528455285,1,0,1,0.29047619047619,1,0,0.31055900621118,0.304,1,0.0600600600600601,1,0.0920634920634921,0.335453100158982,1,0.0678233438485804,0.68503937007874,1,1,1,0.304418985270049,0.0420560747663551,1,0.415873015873016,0.101612903225806,0.341463414634146,0.310077519379845,0.321428571428571,1,1,1,1,1,0.0661538461538462,0.998447204968944,0.692307692307692,0.00301659125188537,0.315541601255887,1,1,1,1,0.0909090909090909,0.302290076335878,1,1,1,1,1,1,0.486902927580894,0,1,0.0864197530864197,0.314465408805031,0.436708860759494,1,0.383386581469649,0.301794453507341,0.310725552050473,1,0.040625,0.309748427672956,1,1,0.356340288924559,0.30568356374808,0.303459119496855,0.305111821086262,0.998452012383901,0.315619967793881,0.307448494453249,0.421393841166937,0.3072,0.970633693972179,0.302611367127496,0.0880913539967374,0.3203125,0,1,0.0942492012779553,0.286168521462639,0.315047021943574,0.304700162074554,1,1,1,1,1,1,0.317307692307692,1,0.3109375,0.307692307692308,0.602201257861635,0.68312101910828,1,1,0,0.305343511450382,0.122222222222222,0.998468606431853,0.0369774919614148,1,1,0.307324840764331,1,1,0.624398073836276,0.413680781758958,0.998507462686567,0.0846905537459283,0.100323624595469,1,1,1,0.0868217054263566,0,0.313572542901716,0.412698412698413,0.31839258114374,0,0.305246422893482,0.087378640776699,1,1,0.313572542901716,0.313971742543171,0.253918495297806,0.324675324675325,0.300462249614792,0.308056872037915,1,1,0.32,1,0,1,0.233226837060703,1,0.676056338028169,1,0.307692307692308,0.292483660130719,0.08125,0.68558282208589,1,1,0.78525641025641,0.895424836601307,0.307073954983923,0.3125,1,0.309148264984227,0.265079365079365,0.314009661835749,1,0.105919003115265,1,1,0.313694267515924,0.695024077046549,0.303715670436187,1,1,0.306122448979592,0.296998420221169,0.308755760368664,0.863924050632911,0.301127214170692,1,0.0577223088923557,1,1,0.708333333333333,0.661904761904762,0.312602291325696,0.0604651162790698,0.31201248049922,1,1,0.305246422893482,0.320813771517997,0.630914826498423,1,0.302325581395349,0.364760432766615,0.302147239263804,0.986068111455108,0.481889763779528,0.00313971742543171,0.3,0.321044546850998,0.327503974562798,0.3042071197411,0.311827956989247,0.968992248062015,1,0.306870229007634,0.560386473429952,0.694136291600634,0.244897959183673,0.698541329011345,1,0.318037974683544,0.00157728706624606,0.31924882629108,0.301261829652997,0.354037267080745,0.3168,0,0.321766561514196,0.314516129032258,0.315789473684211,0.30564263322884
"713",0.0926517571884984,0.0886075949367089,0.0864779874213836,0.0846905537459283,0.0875,0.0890302066772655,0.385232744783307,0.0878594249201278,0.0866141732283465,0.996710526315789,0.0825545171339564,0.953125,0.10126582278481,0.0883280757097792,0.608974358974359,0.615141955835962,0.979462875197472,0.395348837209302,0.0885668276972625,0.0881410256410256,0.623003194888179,0.615508885298869,0.0886075949367089,0.924646781789639,0.100156494522692,0.591836734693878,0.594896331738437,0.0845528455284553,0.0969230769230769,0.151612903225806,0.619426751592357,0.1921875,0.0677165354330709,0.613458528951487,0.922098569157393,0.0938023450586265,0.543581616481775,0.0873634945397816,0.621329211746522,0.0984375,0.418789808917197,0.39375,0.399075500770416,0.088,0.092948717948718,0.593192868719611,0.611111111111111,0.613924050632911,0.601538461538462,0.586854460093897,0.9125,0.0821256038647343,0.601246105919003,0.0864779874213836,0.0933544303797468,0.418679549114332,0.520967741935484,0.0910518053375196,0.0985691573926868,0.089171974522293,0.590625,0.594594594594595,0.606635071090047,0.408,0.086038961038961,0.0981308411214953,0.962962962962963,0.0875796178343949,0.986301369863014,0.600931677018634,0.0850393700787402,0.608903020667727,0.583198707592892,0.12741935483871,0.577464788732394,0.0916030534351145,0.611635220125786,0.587227414330218,0.0864779874213836,0.607142857142857,0.998360655737705,0.585209003215434,0.602825745682888,0.0971786833855799,0.582792207792208,0.088785046728972,0.0911949685534591,0.0886075949367089,0.0879120879120879,0.396551724137931,0.0850722311396469,0.0801232665639445,0.918110236220472,0.995348837209302,0.0858995137763371,0.95625,0.915470494417863,0.0880503144654088,0.521739130434783,0.407643312101911,0.0900473933649289,0.973312401883831,0.607874015748031,0.0955518945634267,0.606109324758842,0.0852090032154341,0.399684044233807,0.089171974522293,0.594551282051282,0.598736176935229,0.585023400936037,0.0981012658227848,0.591125198098257,0.0880503144654088,0.596899224806202,0.0943683409436834,0.59717868338558,0.791925465838509,0.602782071097372,0.602803738317757,0.603174603174603,0.0886075949367089,0.603715170278638,0.601307189542484,0.0832025117739403,0.613707165109034,0.0840978593272171,0.0880989180834621,0.760252365930599,0.549382716049383,0.0789049919484702,0.598412698412698,0.0879120879120879,0.959627329192547,0.0796747967479675,0.603421461897356,0.4125,0.592651757188498,0.0235849056603774,0.660098522167488,0.998384491114701,0.996810207336523,0.0885668276972625,0.0906148867313916,0.588607594936709,0.0833333333333333,0.604938271604938,0.0950871632329636,0.109034267912773,0.0934579439252336,0.602272727272727,0.0805687203791469,0.0920840064620355,0.0922330097087379,0.0784,0.589371980676328,0.0990566037735849,0.588617886178862,0.839936608557845,0.096875,0.603744149765991,0.0897832817337461,0.615987460815047,1,0.0794912559618442,0.607085346215781,0.0996884735202492,0.089622641509434,0.0920634920634921,0.579439252336449,0.0963665086887836,0.5968,0.087719298245614,0.606349206349206,0.0885668276972625,0.5968,0.992150706436421,0.0771653543307087,0.440705128205128,0.0848,0.0936507936507937,0.608414239482201,0.0868878357030016,0.0858034321372855,0.0907643312101911,0.082670906200318,0.603559870550162,0.604651162790698,0.0956239870340357,0.0883280757097792,0.596850393700787,0.613924050632911,0.0914826498422713,0.637795275590551,0.425339366515837,0.904761904761905,0.596244131455399,0.412225705329154,0.0864779874213836,0.595054095826893,0.0951612903225806,0.0889235569422777,0.0738993710691824,0.606583072100313,0.609302325581395,0.600644122383253,0.0925925925925926,0.0870967741935484,0.0800627943485086,0.919224555735057,0.087719298245614,0.613376835236542,0.0630914826498423,0.60129659643436,0.596214511041009,0.34493670886076,0.0853462157809984,0.0924764890282132,0.0881889763779528,0.0911949685534591,0.0894568690095847,0.955625990491284,0.5952,0.595275590551181,0.0913385826771654,0.411490683229814,0.0920436817472699,0.0948012232415902,0.0923317683881064,0.0938967136150235,0.0913461538461538,0.089922480620155,0.90795631825273,0.777434312210201,0.094488188976378,0.609324758842444,0.0848,0.611464968152866,0.0837209302325581,0.0866013071895425,0.0909090909090909,0.0891410048622366,0.0916530278232406,0.589456869009585,0.0901898734177215,0.399046104928458,0.589825119236884,0.589230769230769,0.604166666666667,0.594249201277955,0.582278481012658,0.677367576243981,0.579617834394904,0.59717868338558,0.592823712948518,0.0907668231611894,0.592891760904685,0.0859504132231405,0.391705069124424,0.598736176935229,0.775862068965517,0.590982286634461,0.0906200317965024,0.0842607313195548,0.0894568690095847,0.828346456692913,0.619273301737757,0.0807453416149068,0.598726114649682,0.599071207430341,0.60347551342812,0.601866251944012,0.40829346092504,0.0909090909090909,0.601255886970173,0.600649350649351,0.0897637795275591,0.620355411954766,0.0946372239747634,0.595348837209302,0.613312202852615,0.0854838709677419,0.0922330097087379,0.0900473933649289,0.54066985645933,0.0901771336553945,0.385466034755134,0.99537037037037,0.590342679127726,0.0895061728395062,0.0849358974358974,0.996850393700787,0.593457943925234,0.602893890675241,0.0870279146141215,0.0919354838709677,0.60347551342812,0.936808846761453,0.908496732026144,0.0920634920634921,0.0925039872408294,0.591263650546022,0.0875796178343949,0.0946564885496183,0.612654320987654,0.0906200317965024,0.0893416927899686,0.607255520504732,0.0876623376623377,0.0850722311396469,0.0867507886435331,0.0904836193447738,0.588607594936709,0.603421461897356,0.605519480519481,0.0890302066772655,0.0930979133226324,0.405616224648986,0.596518987341772,0.0837359098228663,0.598130841121495,0.615506329113924,0.0845070422535211,0.0852713178294574,0.0877742946708464,0.0816,0.0894819466248038,0.595846645367412,0.0944625407166124,0.092948717948718,0.983766233766234,0.595645412130638,0.60828025477707,0.612277867528271,0.406995230524642,0.600946372239748,0.0854037267080745,0.61189358372457,0.589540412044374,0.829721362229102,0.603149606299213,0.0875202593192869,0.594761171032357,0.090032154340836,0.0878594249201278,0.089622641509434,0.612012987012987,0.609907120743034,0.0904836193447738,0.013355592654424,0.972886762360447,0.0947030497592295,0.60596546310832,0.5952,0.610223642172524,0.0805152979066023,0.590625,0.608626198083067,0.587579617834395,0.607874015748031,0.60392798690671,0.614285714285714,0.0818897637795276,0.594249201277955,0.0821018062397373,0.0822784810126582,0.919811320754717,0.0967741935483871,0.600638977635783,0.095389507154213,0.0892307692307692,0.0931372549019608,0.589660743134087,0.0895061728395062,0.607594936708861,0.0874233128834356,0.0822784810126582,0.0979462875197472,0.0887096774193548,0.0889235569422777,0.601246105919003,0.0796747967479675,0.0917874396135266,0.600624024960998,0.604465709728868,0.0859872611464968,0.0894568690095847,0.601880877742947,0.890795631825273,0.0975609756097561,0.0833333333333333,0.0848765432098765,0.904458598726115,0.606796116504854,0.0891089108910891,0.605723370429253,0.830670926517572,0.0850722311396469,0.402190923317684,0.484520123839009,0.0922098569157393,0.0904761904761905,0.404545454545455,0.388535031847134,0.564308681672026,0.089171974522293,0.598412698412698,0.0947030497592295,0.0836065573770492,0.591125198098257,0.0883280757097792,0.0955414012738854,0.925632911392405,0.597156398104265,0.0961538461538462,0.092948717948718,0.603531300160514,0.0854430379746835,0.0909090909090909,0.604166666666667,0.751974723538705,0.0935483870967742,0.0876369327073552,0.0883280757097792,0.380503144654088,0.608763693270736,0.624203821656051,0.596006144393241,0.596825396825397,0.393939393939394,0.58125,0.594855305466238,0.611801242236025,0.845181674565561,0.60327868852459,0.0910493827160494,0.593508500772797,0.0917874396135266,0.603448275862069,0.992307692307692,0.97007874015748,0.0855365474339036,0.0974842767295598,0.958266452648475,0.0812101910828025,0.387247278382582,0.961904761904762,0.919093851132686,0.0902021772939347,0.389240506329114,0.089622641509434,0.0907643312101911,0.563607085346216,0.0867507886435331,0.910828025477707,0.9967585089141,0.0861244019138756,0.0956112852664577,0.0987460815047022,0.5904,0.43796711509716,0.383606557377049,0.108359133126935,0.0864,0.0603174603174603,0.616588419405321,0.7504,0.0913385826771654,0.613312202852615,0.0882352941176471,0.553090332805071,0.987096774193548,0.608903020667727,0.605828220858896,0.589134125636672,0.0927357032457496,0.995327102803738,0.098613251155624,0.0801963993453355,0.0900473933649289,0.834890965732087,0.588996763754045,0.103225806451613,0.602893890675241,0.0922330097087379,0.087719298245614,0.607692307692308,0.0923824959481361,0.603369065849923,0.0884676145339652,0.611745513866232,0.59170653907496,0.0847723704866562,0.391373801916933,0.606153846153846,0.0815047021943574,0.613636363636364,0.171114599686028,0.601246105919003,0.934375,0.603369065849923,0.147385103011094,0.617504051863857,0.105095541401274,0.594043887147335,0.592248062015504,0.628482972136223,0.0932069510268562,0.0914927768860353,0.0860215053763441,0.057660626029654,0.737190082644628,0.0941915227629513,0.596122778675283,0.0880503144654088,0.60556464811784,0.601236476043277,0.0920634920634921,0.0890302066772655,0.0841121495327103,0.00634920634920635,0.0889235569422777,0.605873261205564,0.610410094637224,0.084375,0.0846645367412141,0.97411003236246,0.991922455573506,0.0838709677419355,0.0840064620355412,0.597774244833068,0.0933125972006221,0.0834621329211747,0.61198738170347,0.0981996726677578,0.0937996820349762,0.399053627760252,0.549844236760125,0.0828025477707006,0.913846153846154,0.0917721518987342,0.0995334370139969,0.995319812792512,0.604166666666667,0.0884676145339652,0.593996840442338,0.0883280757097792,0.0525477707006369,0.0907668231611894,0.0914826498422713,0.0912,0.597063621533442,0.0830721003134796,0.0810372771474878,0.0841423948220065,0.917829457364341,0.608766233766234,0.0807248764415156,0.0934579439252336,0.401898734177215,0.0867507886435331,0.603833865814696,0.559748427672956,0.593650793650794,0.0897637795275591,0.0879120879120879,0.0937996820349762,0.996879875195008,0.5952,0.992,0.0853462157809984,0.609302325581395,0.618604651162791,0.56386292834891,0.907936507936508,0.0821484992101106,0.0412698412698413,0.0910518053375196,0.0885093167701863,0.601286173633441,0.601866251944012,0.921348314606742,0.958532695374801,0.605723370429253,0.587955625990491,0.584518167456556,0.913322632423756,0.608763693270736,0.0832049306625578,0.909379968203498,0.6,0.0974842767295598,0.0972886762360447,0.0884676145339652,0.59904912836767,0.6,0.963875205254516,0.0842607313195548,0.603503184713376,0.619122257053291,0.0917721518987342,0.100946372239748,0.601255886970173,0.381578947368421,0.0779014308426073,0.0928,0.392405063291139,0.0884676145339652,0.614664586583463,0.0948553054662379,0.604465709728868,0.565217391304348,0.411949685534591,0.688854489164087,0.0942492012779553,0.619631901840491,0.6128,0.38810641627543,0.414110429447853,0.0834645669291339,0.601275917065391,0.0912052117263844,0.6015625,0.082018927444795,0.592,0.618357487922705,0.56418383518225,0.571428571428571,0.597423510466989,0.598746081504702,0.415873015873016,0.605633802816901,0.945723684210526,0.0823909531502423,0.915227629513344,0.0893416927899686,0.626817447495961,0.0909090909090909,0.923809523809524,0.594679186228482,0.610114192495922,0.0868167202572347,0.973805855161787,0.0957613814756672,0.995222929936306,0.570048309178744,0.0818619582664527,0.979495268138801,0.411949685534591,0.0834645669291339,0.0900473933649289,0.0893416927899686,0.611940298507463,0.953632148377125,0.0804953560371517,0.476725521669342,0.9952,0.562111801242236,0.597200622083981,0.594339622641509,0.0924764890282132,0.0655737704918033,0.101449275362319,0.083596214511041,0.0832,0.981707317073171,0.0967238689547582,0.398119122257053,0.912576687116564,0.596491228070175,0.088,0.0942492012779553,0.0818330605564648,0.0875576036866359,0.998442367601246,0.596573208722741,0.0809968847352025,0.0862619808306709,0.0880913539967374,0.0875796178343949,0.0900473933649289,0.0976,0.599693251533742,0.932907348242812,0.0862619808306709,0.993827160493827,0.604761904761905,0.658307210031348,0.0934579439252336,0.528,0.611842105263158,0.593059936908517,0.0964230171073095,0.960629921259842,0.601538461538462,0.0826833073322933,0.0946166394779772,0.549918166939444,0.60625,0.607936507936508,0.607431340872375,0.0851393188854489,0.607936507936508,0.6,0.670926517571885,0.607874015748031,0.0503048780487805,0.605546995377504,0.995161290322581,0.60031847133758,0.913928012519562,0.0942492012779553,1,0.611916264090177,0.59717868338558,0.606741573033708,0.0866141732283465,0.0786163522012579,0.0870967741935484,0.09375,0.0886699507389163,0.0896,0.581583198707593,0.0904836193447738,0.606012658227848,0.603040540540541,0.494573643410853,0.4,0.0923317683881064,0.0914826498422713,0.913793103448276,0.6078125,0.973186119873817,0.0858034321372855,0.957413249211357,0.0862619808306709,0.0863192182410423,0.598070739549839,0.0913461538461538,0.0913621262458472,0.462783171521036,0.680645161290323,0.0950920245398773,0.995161290322581,0.99510603588907,0.0903328050713154,0.0848,0.0841269841269841,0.996794871794872,0.914556962025316,0.600624024960998,0.488076311605723,0.598473282442748,0.915384615384615,0.587859424920128,0.99512987012987,0.0890302066772655,0.0901771336553945,0.608695652173913,0.600638977635783,0.847619047619048,0.584288052373159,0.592823712948518,0.597809076682316,0.0935023771790808,0.0909090909090909,0.59170653907496,0.0924242424242424,0.925515055467512,0.0758293838862559,0.862179487179487,0.0967741935483871,0.400316455696203,0.0851735015772871,0.606299212598425,0.608414239482201,0.993700787401575,0.40809968847352,0.0864,0.0830670926517572,0.3024,0.194127243066884,0.604724409448819,0.600961538461538,0.0864779874213836,0.592823712948518,0.831746031746032,0.601286173633441,0.0966767371601208,0.995275590551181,0.0936507936507937,0.0848,0.600633914421553,0.402576489533011,0.608974358974359,0.0929853181076672,0.0857142857142857,0.611635220125786,0.610410094637224,0.59253499222395,0.227707006369427,0.609756097560976,0.0940988835725678,0.971786833855799,0.0927672955974843,0.0831973898858075,0.384126984126984,0.436102236421725,0.595744680851064,0.972712680577849,0.591276252019386,0.088,0.0795454545454545,0.610576923076923,0.584786053882726,0.458860759493671,0.0867507886435331,0.616692426584235,0.704615384615385,0.610591900311526,0.103076923076923,0.610305958132045,0.92259083728278,0.617784711388456,0.59480122324159,0.599041533546326,0.604878048780488,0.595348837209302,0.117004680187207,0.0966719492868463,0.603125,0.535303776683087,0.395121951219512,0.847376788553259,0.391304347826087,0.0830721003134796,0.586750788643533,0.921348314606742,0.593301435406699,0.604761904761905,0.722308892355694,0.584541062801932,0.916535433070866,0.585443037974684,0.607085346215781,0.592592592592593,0.606012658227848
"714",0.28780487804878,0.3008,0.307936507936508,0.317512274959083,0.300476947535771,0.299050632911392,0.0112721417069243,0.3088,0.307210031347962,0.578688524590164,0.303937007874016,0.65210608424337,0.508116883116883,0.306962025316456,1,1,0.632258064516129,0,0.310897435897436,0.30188679245283,1,1,0.317034700315457,0.533227848101266,0.297839506172839,1,1,0.320197044334975,0.291666666666667,0.514285714285714,1,0.570977917981073,0.35423197492163,0.995268138801262,0.680129240710824,0.303482587064677,0.143962848297214,0.302694136291601,1,0.294952681388013,0.00318979266347687,0,0,0.313915857605178,0.29951690821256,1,0.995192307692308,1,1,1,0.708860759493671,0.310897435897436,1,0.300314465408805,0.301109350237718,0.810593900481541,0.128410914927769,0.300955414012739,0.308396946564885,0.308056872037915,0.990683229813665,1,1,0.00478468899521531,0.303079416531605,0.308056872037915,0.673015873015873,0.305331179321486,0.624615384615385,1,0.302507836990596,1,1,0.266775777414075,0.169278996865204,0.316923076923077,1,0.995341614906832,0.311248073959938,1,0.616393442622951,1,1,0.309375,1,0.306625577812018,0.30016051364366,0.313694267515924,0.30564263322884,0,0.314194577352472,0.311912225705329,0.69826224328594,0.590909090909091,0.30016051364366,0.662519440124417,0.695517774343122,0.301412872841444,0.119476268412439,0,0.298412698412698,0.632850241545894,1,0.305057096247961,1,0.304140127388535,0,0.309409888357257,1,1,1,0.292993630573248,0.9953125,0.313291139240506,0.201526717557252,0.294930875576037,1,0.387247278382582,1,1,0.217322834645669,0.298245614035088,1,1,0.316118935837246,1,0.305597579425113,0.303265940902022,0.36650868878357,0.766823161189358,0.318840579710145,1,0.3168,0.653905053598775,0.325732899022801,1,0.00155763239875389,1,0.364217252396166,0.893267651888342,0.594551282051282,0.604724409448819,0.310509554140127,0.316558441558442,1,0.307210031347962,1,0.294303797468354,0.4858934169279,0.309707241910632,1,0.288709677419355,0.303030303030303,0.310457516339869,0.310126582278481,1,0.294308943089431,1,0.436220472440945,0.320987654320988,1,0.311827956989247,1,0.605177993527508,0.303571428571429,1,0.313479623824451,0.302034428794992,0.319554848966614,0.985804416403785,0.316614420062696,1,0.309904153354633,1,0.302439024390244,1,0.598116169544741,0.293185419968304,0.0360655737704918,0.287781350482315,0.3109375,1,0.296875,0.308661417322835,0.31201248049922,0.315457413249211,1,1,0.316476345840131,0.31911532385466,1,1,0.306122448979592,0.247648902821317,0.0226244343891403,0.703225806451613,1,0.00316957210776545,0.301242236024845,1,0.307936507936508,0.302795031055901,0.306349206349206,1,1,1,0.314503816793893,0.299835255354201,0.309968847352025,0.685483870967742,0.299363057324841,1,0.324921135646688,1,1,0.44375,0.307073954983923,0.305511811023622,0.310015898251192,0.296411856474259,0.301612903225806,0.660883280757098,1,1,0.306477093206951,0.00475435816164818,0.31104199066874,0.303353658536585,0.304700162074554,0.294770206022187,0.286624203821656,0.309597523219814,0.707086614173228,0.3671875,0.301092043681747,1,0.313001605136437,1,0.299689440993789,0.300955414012739,0.302839116719243,0.323529411764706,0.301639344262295,1,0.307086614173228,0.793214862681745,1,1,0.996742671009772,1,1,0.895424836601307,1,1,1,0.306853582554517,1,0.310344827586207,0,1,0.392801251956182,1,0.318255250403877,0.309294871794872,0.302547770700637,0.427444794952681,1,0.304953560371517,1,1,1,1,0,0.307324840764331,1,1,0.305958132045089,1,0.314152410575428,1,1,0.30064308681672,0.315112540192926,0.292913385826772,0.154952076677316,0.321428571428571,0,0.601866251944012,1,0.302795031055901,0.313694267515924,0.594383775351014,1,1,0.310064935064935,0.318840579710145,1,0.674491392801252,0.705787781350482,0.2944,0.30718954248366,0.992199687987519,0.318181818181818,0.289922480620155,1,0.30173775671406,0.292834890965732,1,0.295527156549521,0.306836248012719,0.300157977883096,0.305111821086262,1,1,1,0.300314465408805,0.312803889789303,0.00786163522012579,0.992012779552716,0.310015898251192,1,1,0.299843014128728,0.311424100156495,0.29559748427673,0.304975922953451,0.304897314375987,1,0.298555377207063,0.298887122416534,0.579804560260586,1,0.83495145631068,1,0,1,0.305164319248826,1,1,0.426984126984127,0.998456790123457,0.3072,1,0.302839116719243,0.298887122416534,0.306853582554517,1,1,0.308544303797468,0.386731391585761,0.626602564102564,0.289430894308943,1,1,1,0.308319738988581,1,0.217391304347826,1,1,1,1,0.309748427672956,1,0.303776683087028,0.325358851674641,0.683042789223455,0.293739967897271,1,0.311216429699842,0.311424100156495,0.304418985270049,1,0.30298273155416,1,0.309597523219814,0.4671875,0.313195548489666,0.313099041533546,0.305164319248826,1,0.303715670436187,0.30016051364366,1,1,0.313291139240506,0.297939778129952,1,0.492307692307692,0.304560260586319,0.314873417721519,0.316535433070866,0.691222570532915,1,0.2833607907743,1,0.430894308943089,0.301435406698565,0,0.872472783825817,0.303225806451613,0.307692307692308,0,0.0316957210776545,0.977635782747604,0.304897314375987,1,0.301435406698565,0.306425041186161,1,0.3125,0.306451612903226,0.684627575277338,1,0.3088,0.303370786516854,1,0.310077519379845,0.296416938110749,1,0.338557993730408,0.305466237942122,0.316358024691358,0.324324324324324,0.794712286158631,1,0.984025559105431,1,1,0.00161812297734628,1,0.99198717948718,1,0.4336,0.996753246753247,0.301092043681747,0.992272024729521,0.308186195826645,0.995222929936306,0.619565217391304,0.659476117103236,0.306027820710974,0.302034428794992,0.653543307086614,0.304700162074554,0,0.64622641509434,0.697305863708399,0.307936507936508,0.00158730158730159,0.303656597774245,0.295238095238095,0.770833333333333,0.316614420062696,0.698757763975155,0.607431340872375,0.301109350237718,0.305863708399366,0.291338582677165,1,0.0303490136570561,0,0.312788906009245,0.31629392971246,0.316118935837246,1,0.347266881028939,0.300940438871473,1,0.295208655332303,0.935126582278481,0.585644371941272,1,1,0.993185689948893,0.306729264475743,0.616459627329193,0.312597200622084,0.30114566284779,0.302547770700637,0.427892234548336,1,0.305691056910569,1,0.303571428571429,0.30327868852459,1,0.30327868852459,1,0.313099041533546,1,1,0.3109375,0,1,0.311811023622047,1,0.553090332805071,1,0.522834645669291,1,0.545893719806763,1,0.296900489396411,1,1,1,0.308306709265176,0.314606741573034,0.302325581395349,0.331168831168831,0.340567612687813,0.303656597774245,1,0.314009661835749,1,1,0.320754716981132,0.307568438003221,0.299373040752351,0.380726698262243,0.309375,1,1,0.314465408805031,0.317817014446228,0.639477977161501,0.601275917065391,0.309375,0.311004784688995,1,0.295055821371611,0.308396946564885,0.996840442338073,0.306055646481178,0.303937007874016,0,0.144427001569859,0.303514376996805,0.692660550458716,0.296650717703349,0.312796208530806,0.608150470219436,0.998405103668262,0.301765650080257,1,0.297427652733119,0.329617834394904,0.2992,0.4609375,0.3056,1,0.31496062992126,0.304416403785489,0.311986863711002,0.703937007874016,1,0.318327974276527,0.306976744186047,0,0.318252730109204,0.998442367601246,0.953125,1,0.308661417322835,0.309748427672956,0.3056,0.595645412130638,1,0.608414239482201,0.327503974562798,1,1,0.961059190031153,0.685897435897436,0.31869918699187,0.342356687898089,0.308426073131955,0.301109350237718,1,1,0.524564183835182,0.650974025974026,1,1,0.998447204968944,0.705977382875606,1,0.309119010819165,0.692307692307692,1,0.309597523219814,0.307814992025518,0.3136,0.996830427892235,1,0.667768595041322,0.304140127388535,1,1,0.317610062893082,0.297169811320755,0.998415213946117,0,0.307814992025518,0.301261829652997,0.00644122383252818,0.297339593114241,1,0.301282051282051,1,0.148902821316614,0,0.903469079939668,0.31629392971246,1,1,0,0.00157232704402516,0.310236220472441,1,0.308441558441558,0.996923076923077,0.298245614035088,1,0.998387096774194,0.963258785942492,0.767405063291139,1,1,0.00476947535771065,1,0.52970297029703,0.314696485623003,0.67817896389325,0.315457413249211,1,0.29073482428115,0.689210950080515,1,1,0.311183144246353,0.627692307692308,0.322378716744914,0.586538461538462,0.971428571428571,0.315619967793881,0.614173228346457,0.0142857142857143,0.295238095238095,0.313195548489666,0.310832025117739,1,0.651702786377709,0.2984375,0.883757961783439,0.60223642172524,0.966049382716049,1,1,0.30173775671406,0.324590163934426,0.292962356792144,0.302839116719243,0.292569659442724,0.625,0.292379471228616,0,0.686153846153846,0.998415213946117,0.310725552050473,0.298387096774194,0.3042071197411,0.31201248049922,0.607198748043818,1,0.316846986089645,0.322061191626409,0.315359477124183,0.318037974683544,0.304212168486739,0.299840510366826,0.203149606299213,0.6928,0.307814992025518,0.615748031496063,1,0.239302694136292,0.312,0.91437802907916,1,1,0.309148264984227,0.654458598726115,1,0.303738317757009,0.292259083728278,0.948220064724919,1,1,0.9967585089141,0.3046875,1,1,0.898713826366559,1,0.339563862928349,1,0.60291734197731,1,0.682464454976303,0.286168521462639,0.611916264090177,1,1,0.992050874403816,0.313385826771654,0.312,0.310064935064935,0.313971742543171,0.309446254071661,0.310789049919485,0.980582524271845,0.305295950155763,1,1,0.703125,0,0.306122448979592,0.312693498452012,0.692185007974482,1,0.57120253164557,0.314152410575428,0.662358642972536,0.296998420221169,0.314238952536825,1,0.306836248012719,0.316309719934102,0.6768,0.908346972176759,0.315629742033384,0.606796116504854,0.584394904458599,0.316037735849057,0.313311688311688,0.292452830188679,0.605388272583201,0.690737833594976,1,0.889423076923077,1,0.682888540031397,0.996779388083736,0.601895734597156,0.304347826086957,0.314332247557003,1,1,0.43312101910828,0.993569131832797,0.996870109546166,1,0.301282051282051,0.311912225705329,1,0.308270676691729,0.68503937007874,0.31687898089172,0.471153846153846,0.298887122416534,0,0.304075235109718,1,1,0.597503900156006,0.00154320987654321,0.31875,0.307692307692308,0.0930599369085174,0.415692821368948,1,1,0.31104199066874,1,0.421221864951768,1,0.317557251908397,0.602523659305994,0.310618066561014,0.3024,1,0,1,0.293159609120521,0.308306709265176,1,1,1,0.43879173290938,1,0.310789049919485,0.627145085803432,0.318541996830428,0.311475409836066,0.00157232704402516,0.0432,1,0.634028892455859,1,0.312893081761006,0.317741935483871,1,1,0.162754303599374,0.305164319248826,1,0.901253918495298,1,0.309119010819165,0.212121212121212,0.68362480127186,1,1,1,1,1,0.274447949526814,0.293929712460064,1,0.124386252045827,0.0016260162601626,0.449526813880126,0,0.309636650868878,1,0.682539682539683,1,1,0.886645962732919,1,0.686520376175549,1,1,1,1
"715",0.294685990338164,0.306625577812018,0.311912225705329,0.328571428571429,0.312989045383412,0.312202852614897,0.0112540192926045,0.315457413249211,0.306376360808709,0.566343042071197,0.3171875,0.632558139534884,0.514285714285714,0.322327044025157,1,1,0.604006163328197,0,0.314873417721519,0.305993690851735,1,1,0.313084112149533,0.515576323987539,0.30640243902439,1,1,0.333868378812199,0.310664605873261,0.528938906752412,1,0.58695652173913,0.368258859784284,0.996830427892235,0.670866141732283,0.308196721311475,0.137658227848101,0.320433436532508,1,0.309006211180124,0.00311526479750779,0,0,0.324237560192616,0.315873015873016,1,0.995184590690209,1,1,1,0.686544342507645,0.327974276527331,1,0.323899371069182,0.312401883830455,0.813804173354735,0.126582278481013,0.309409888357257,0.311912225705329,0.317034700315457,0.993788819875776,1,1,0.00628930817610063,0.31869918699187,0.314285714285714,0.64873417721519,0.324367088607595,0.609422492401216,1,0.3171875,1,1,0.27741935483871,0.163522012578616,0.312121212121212,1,0.995356037151703,0.320552147239264,1,0.592409240924092,1,1,0.320813771517997,1,0.325652841781874,0.316535433070866,0.324921135646688,0.316118935837246,0,0.322734499205087,0.325264750378215,0.687898089171974,0.573872472783826,0.3125,0.640432098765432,0.684458398744113,0.309597523219814,0.127214170692432,0,0.313195548489666,0.614147909967846,1,0.310679611650485,1,0.318541996830428,0,0.326053042121685,1,1,1,0.307332293291732,0.996913580246914,0.320251177394035,0.207692307692308,0.306060606060606,1,0.3875,1,1,0.210691823899371,0.308641975308642,1,1,0.324960753532182,1,0.319634703196347,0.31306990881459,0.381619937694704,0.765527950310559,0.318541996830428,1,0.323854660347551,0.629349470499244,0.335473515248796,1,0.0015625,1,0.38,0.883306320907618,0.566037735849057,0.584905660377358,0.310832025117739,0.324281150159744,1,0.31104199066874,1,0.305111821086262,0.509230769230769,0.321044546850998,1,0.307086614173228,0.31637519872814,0.3232,0.323717948717949,1,0.307086614173228,1,0.444961240310077,0.324074074074074,1,0.320493066255778,1,0.582664526484751,0.316129032258064,1,0.316279069767442,0.31496062992126,0.323899371069182,0.987654320987654,0.32755905511811,1,0.315789473684211,1,0.319805194805195,1,0.586046511627907,0.303265940902022,0.0308441558441558,0.290791599353796,0.316614420062696,1,0.299840510366826,0.31832298136646,0.315047021943574,0.333333333333333,1,1,0.322528363047002,0.321875,1,1,0.31937984496124,0.251956181533646,0.0180451127819549,0.686520376175549,1,0.0031104199066874,0.314329738058552,1,0.320063694267516,0.311349693251534,0.313291139240506,0.996860282574568,1,1,0.327718223583461,0.312297734627832,0.312302839116719,0.676328502415459,0.304552590266876,1,0.340729001584786,1,1,0.433229813664596,0.325842696629214,0.321372854914197,0.316037735849057,0.305900621118012,0.317384370015949,0.632492113564669,1,1,0.315789473684211,0.00311526479750779,0.323574730354391,0.313846153846154,0.326498422712934,0.308411214953271,0.291798107255521,0.316998468606432,0.691472868217054,0.373846153846154,0.30173775671406,1,0.314696485623003,1,0.314152410575428,0.306709265175719,0.312796208530806,0.329581993569132,0.31629392971246,1,0.322932917316693,0.790220820189274,1,1,0.996815286624204,1,1,0.891760904684976,1,1,1,0.32,1,0.316045380875203,0,1,0.388544891640867,1,0.327014218009479,0.320063694267516,0.312989045383412,0.421303656597774,1,0.320813771517997,1,1,1,1,0,0.313880126182965,1,1,0.318681318681319,1,0.320251177394035,1,1,0.310344827586207,0.319488817891374,0.294670846394984,0.154574132492114,0.330188679245283,0,0.590563165905632,1,0.318818040435459,0.315789473684211,0.56875,1,1,0.32794830371567,0.329093799682035,1,0.649452269170579,0.692913385826772,0.307936507936508,0.319218241042345,0.993817619783617,0.32807570977918,0.302752293577982,1,0.311811023622047,0.29984544049459,1,0.304278922345483,0.314785373608903,0.309375,0.314873417721519,1,1,1,0.300940438871473,0.319685039370079,0.00784929356357928,0.992125984251969,0.3264,1,1,0.309486780715397,0.321044546850998,0.302003081664099,0.311216429699842,0.310185185185185,1,0.3024,0.308176100628931,0.563725490196078,1,0.838351822503962,1,0,1,0.322085889570552,1,1,0.422955974842767,0.998459167950693,0.320634920634921,1,0.315789473684211,0.307086614173228,0.308868501529052,1,1,0.327102803738318,0.407766990291262,0.609250398724083,0.301916932907348,1,1,1,0.331738437001595,1,0.206572769953052,1,1,1,1,0.324492979719189,1,0.313821138211382,0.333333333333333,0.68125,0.299524564183835,1,0.322327044025157,0.316998468606432,0.309178743961353,1,0.302003081664099,1,0.313546423135464,0.485362095531587,0.320251177394035,0.330143540669856,0.310664605873261,1,0.317384370015949,0.306477093206951,1,1,0.325471698113208,0.311811023622047,1,0.483076923076923,0.311605723370429,0.325581395348837,0.328746177370031,0.687301587301587,1,0.284789644012945,1,0.421900161030596,0.304897314375987,0,0.879256965944272,0.325914149443561,0.320872274143302,0,0.0300157977883096,0.984202211690363,0.315286624203822,1,0.305164319248826,0.317589576547231,1,0.319314641744548,0.313195548489666,0.673946957878315,1,0.317034700315457,0.321711568938193,1,0.316770186335404,0.3088,1,0.342146189735614,0.3104,0.314900153609831,0.331730769230769,0.799377916018662,1,0.976114649681529,1,1,0.0015748031496063,1,0.993690851735016,1,0.439370078740157,0.998389694041868,0.311349693251534,0.99375,0.32753164556962,0.996899224806202,0.598496240601504,0.618153364632238,0.315707620528771,0.308892355694228,0.6296875,0.315960912052117,0,0.621495327102804,0.684458398744113,0.32,0.0015625,0.307086614173228,0.30298273155416,0.77007874015748,0.33125,0.684867394695788,0.597133757961783,0.32120253164557,0.321483771251932,0.29874213836478,1,0.0255255255255255,0,0.318181818181818,0.327044025157233,0.334389857369255,1,0.345047923322684,0.311320754716981,1,0.304552590266876,0.94392523364486,0.569620253164557,1,1,0.993355481727575,0.318885448916409,0.60741885625966,0.321156773211568,0.307941653160454,0.32120253164557,0.419354838709677,1,0.307692307692308,1,0.320261437908497,0.312599681020734,1,0.325806451612903,1,0.317965023847377,1,1,0.320251177394035,0,1,0.322378716744914,1,0.561128526645768,1,0.506134969325153,1,0.554675118858954,1,0.316639741518578,1,1,1,0.317034700315457,0.31687898089172,0.31866464339909,0.360258481421648,0.338235294117647,0.305863708399366,1,0.316614420062696,1,1,0.324451410658307,0.325320512820513,0.311728395061728,0.385714285714286,0.319444444444444,1,1,0.32398753894081,0.32695374800638,0.620472440944882,0.583732057416268,0.313694267515924,0.320126782884311,1,0.305164319248826,0.312210200927357,0.993640699523052,0.299019607843137,0.312693498452012,0,0.141965678627145,0.317891373801917,0.683333333333333,0.312903225806452,0.322480620155039,0.585735963581184,0.996820349761526,0.3152,1,0.31637519872814,0.354166666666667,0.315873015873016,0.470404984423676,0.3125,1,0.325,0.322115384615385,0.330658105939005,0.685847589424572,1,0.328502415458937,0.319444444444444,0,0.328220858895706,0.998407643312102,0.95748031496063,1,0.322530864197531,0.317610062893082,0.315047021943574,0.574534161490683,1,0.593247588424437,0.332807570977918,1,1,0.968701095461659,0.670926517571885,0.327102803738318,0.364500792393027,0.321875,0.31733746130031,1,1,0.51294498381877,0.621019108280255,1,1,0.998449612403101,0.697712418300654,1,0.326086956521739,0.681889763779528,1,0.3203125,0.313291139240506,0.314873417721519,0.9984375,1,0.643322475570033,0.320872274143302,1,1,0.323943661971831,0.309375,0.998422712933754,0,0.317817014446228,0.308544303797468,0.00637958532695375,0.317901234567901,1,0.309409888357257,1,0.15600624024961,0,0.899543378995434,0.324960753532182,1,1,0,0.00153374233128834,0.32018927444795,1,0.305466237942122,0.996974281391831,0.304140127388535,1,1,0.965244865718799,0.773846153846154,1,1,0.00471698113207547,1,0.517298187808896,0.325396825396825,0.673913043478261,0.325,1,0.308056872037915,0.675590551181102,1,1,0.311501597444089,0.612612612612613,0.328100470957614,0.583987441130298,0.977671451355662,0.332268370607029,0.592879256965944,0.0110935023771791,0.317535545023697,0.315301391035549,0.314641744548287,1,0.63452566096423,0.305084745762712,0.884375,0.583596214511041,0.970542635658915,1,1,0.312202852614897,0.340425531914894,0.310289389067524,0.310664605873261,0.318818040435459,0.609160305343511,0.301684532924962,0,0.676119402985075,1,0.317757009345794,0.307692307692308,0.314606741573034,0.324534161490683,0.596850393700787,1,0.334370139968896,0.333855799373041,0.33605220228385,0.323763955342903,0.3140625,0.3088,0.197247706422018,0.684126984126984,0.32755905511811,0.584474885844749,1,0.241001564945227,0.326086956521739,0.917609046849758,1,1,0.305555555555556,0.625786163522013,1,0.313178294573643,0.300476947535771,0.955342902711324,1,1,0.998397435897436,0.3203125,1,1,0.895238095238095,1,0.351851851851852,1,0.5904,1,0.678071539657854,0.315047021943574,0.59717868338558,1,1,0.993558776167472,0.325508607198748,0.325,0.321543408360129,0.323343848580442,0.3278955954323,0.320388349514563,0.9856,0.310240963855422,1,1,0.720125786163522,0,0.30757341576507,0.31055900621118,0.682316118935837,1,0.554868624420402,0.331811263318113,0.647244094488189,0.309636650868878,0.315286624203822,1,0.315789473684211,0.321951219512195,0.693418940609952,0.905448717948718,0.321481481481481,0.596825396825397,0.573248407643312,0.317610062893082,0.321656050955414,0.302839116719243,0.589540412044374,0.685534591194969,1,0.890453834115806,1,0.668231611893584,0.998402555910543,0.587579617834395,0.319685039370079,0.323529411764706,1,1,0.43343653250774,0.993558776167472,0.998427672955975,1,0.318037974683544,0.332298136645963,1,0.314199395770393,0.690251572327044,0.330721003134796,0.46129541864139,0.306477093206951,0,0.317111459968603,1,1,0.594339622641509,0.00152905198776758,0.326465927099842,0.319620253164557,0.101612903225806,0.411475409836066,1,1,0.316118935837246,1,0.421474358974359,1,0.327743902439024,0.582677165354331,0.326018808777429,0.311605723370429,1,0,1,0.298045602605863,0.322784810126582,1,1,1,0.445859872611465,1,0.321086261980831,0.615863141524106,0.325077399380805,0.325806451612903,0.00157728706624606,0.0394944707740916,1,0.611111111111111,1,0.32484076433121,0.326298701298701,1,1,0.16380655226209,0.313178294573643,1,0.896499238964992,1,0.329738058551618,0.20820189274448,0.671899529042386,1,1,1,1,1,0.288372093023256,0.299684542586751,1,0.119741100323625,0.00161812297734628,0.446740858505564,0,0.317111459968603,1,0.682888540031397,1,1,0.889408099688474,1,0.685358255451713,1,1,1,1
"716",0.295055821371611,0.31637519872814,0.315457413249211,0.320388349514563,0.31924882629108,0.307324840764331,0.0209339774557166,0.316129032258064,0.3140625,0.579901153212521,0.314641744548287,0.648351648351648,0.516025641025641,0.327503974562798,0.991909385113269,0.992088607594937,0.6296875,0.00656814449917898,0.3296,0.303656597774245,0.992138364779874,0.992050874403816,0.324451410658307,0.520249221183801,0.310664605873261,0.995222929936306,0.990445859872611,0.338211382113821,0.313178294573643,0.530744336569579,0.993690851735016,0.595541401273885,0.369668246445498,0.992163009404389,0.665605095541401,0.310743801652893,0.129541864139021,0.332288401253919,0.990769230769231,0.301538461538462,0.00789889415481832,0.00789889415481832,0.00769230769230769,0.326332794830372,0.309562398703404,0.99184339314845,0.993610223642173,0.992319508448541,0.992138364779874,0.995222929936306,0.692068429237947,0.331707317073171,0.990769230769231,0.315705128205128,0.322932917316693,0.837320574162679,0.118780096308186,0.323248407643312,0.313846153846154,0.322683706070288,0.990625,0.993650793650794,0.992050874403816,0.00794912559618442,0.305057096247961,0.316535433070866,0.666134185303514,0.319620253164557,0.617910447761194,0.99375,0.309748427672956,0.990625,0.99349593495935,0.273021001615509,0.152276295133438,0.3125,0.992138364779874,0.993769470404984,0.330203442879499,0.995114006514658,0.602649006622517,0.995207667731629,0.9904,0.317829457364341,0.995334370139969,0.323076923076923,0.312599681020734,0.326984126984127,0.3232,0.00925925925925926,0.311501597444089,0.329211746522411,0.688679245283019,0.582938388625592,0.310679611650485,0.642967542503864,0.68503937007874,0.309148264984227,0.113821138211382,0.00322061191626409,0.305379746835443,0.628571428571429,0.992101105845182,0.320325203252033,0.992025518341308,0.312903225806452,0.00796178343949045,0.3234375,0.990506329113924,0.99685534591195,0.990610328638498,0.311111111111111,0.995207667731629,0.322222222222222,0.197530864197531,0.310769230769231,0.9936,0.377916018662519,0.990697674418605,0.992063492063492,0.194928684627575,0.306836248012719,0.993808049535604,0.995192307692308,0.325545171339564,0.992063492063492,0.318112633181126,0.302003081664099,0.376766091051805,0.770542635658915,0.314935064935065,0.993640699523052,0.32475884244373,0.640483383685801,0.329581993569132,0.993855606758833,0.00782472613458529,0.993788819875776,0.369255150554675,0.894736842105263,0.587859424920128,0.607874015748031,0.30952380952381,0.321252059308072,0.993610223642173,0.312302839116719,0.992354740061162,0.296,0.515432098765432,0.31733746130031,0.991935483870968,0.303514376996805,0.3152,0.319870759289176,0.323717948717949,0.990445859872611,0.2992,0.991922455573506,0.444790046656299,0.328703703703704,0.993690851735016,0.314900153609831,0.993610223642173,0.600321027287319,0.315960912052117,0.9952,0.322169059011164,0.312693498452012,0.323854660347551,0.9859375,0.326053042121685,0.992199687987519,0.323151125401929,0.995305164319249,0.3125,0.995184590690209,0.596214511041009,0.29153605015674,0.0326797385620915,0.297427652733119,0.311320754716981,0.99344262295082,0.302180685358255,0.3152,0.3203125,0.325471698113208,0.995268138801262,0.9953125,0.314754098360656,0.314375987361769,0.990811638591118,0.991883116883117,0.328125,0.244479495268139,0.0229709035222052,0.690625,0.992088607594937,0.00794912559618442,0.315707620528771,0.992199687987519,0.317230273752013,0.315707620528771,0.311216429699842,0.993740219092332,0.992199687987519,0.991922455573506,0.326186830015314,0.31139646869984,0.312989045383412,0.675762439807384,0.306709265175719,0.993517017828201,0.336463223787167,0.990353697749196,0.993700787401575,0.426256077795786,0.324324324324324,0.313572542901716,0.32120253164557,0.302839116719243,0.315447154471545,0.655007949125596,0.990430622009569,0.992101105845182,0.308411214953271,0.00777604976671851,0.327666151468315,0.317972350230415,0.318611987381703,0.312597200622084,0.30622009569378,0.319083969465649,0.699059561128527,0.372488408037094,0.3046875,0.99375,0.319286871961102,0.990639625585023,0.301092043681747,0.303858520900322,0.312599681020734,0.3328,0.303130148270181,0.9953125,0.317683881064163,0.798076923076923,0.990275526742301,0.993720565149137,0.9952,0.991896272285251,0.9904,0.901294498381877,0.990430622009569,0.990610328638498,0.992088607594937,0.317757009345794,0.993680884676145,0.326229508196721,0.00625978090766823,0.990506329113924,0.389671361502347,0.992025518341308,0.321543408360129,0.324451410658307,0.307448494453249,0.431309904153355,0.995253164556962,0.321875,0.990306946688207,0.990668740279938,0.992163009404389,0.992223950233281,0.00476947535771065,0.318840579710145,0.993690851735016,0.99198717948718,0.322274881516588,0.991961414790997,0.31619937694704,0.99079754601227,0.993700787401575,0.306709265175719,0.317589576547231,0.304278922345483,0.136291600633914,0.31869918699187,0.00791139240506329,0.600303951367781,0.992088607594937,0.317484662576687,0.31869918699187,0.585023400936037,0.990461049284579,0.992,0.32520325203252,0.334943639291465,0.992063492063492,0.65987460815047,0.698717948717949,0.301282051282051,0.314569536423841,0.996889580093313,0.319182389937107,0.303076923076923,0.992343032159265,0.318611987381703,0.3046875,0.993610223642173,0.308186195826645,0.32182103610675,0.312302839116719,0.31637519872814,0.992088607594937,0.992283950617284,0.993485342019544,0.307570977917981,0.324881141045959,0.0142630744849445,0.988782051282051,0.331179321486268,0.993836671802773,0.993710691823899,0.306603773584906,0.322327044025157,0.301109350237718,0.315372424722662,0.310664605873261,0.990353697749196,0.306836248012719,0.308544303797468,0.57258064516129,0.992175273865415,0.844827586206897,0.992050874403816,0.00646203554119548,0.992125984251969,0.317557251908397,0.9904,0.993650793650794,0.427682737169518,0.992163009404389,0.317307692307692,0.992283950617284,0.310509554140127,0.307448494453249,0.309486780715397,0.992025518341308,0.990726429675425,0.319182389937107,0.389250814332248,0.618589743589744,0.303715670436187,0.993660855784469,0.993579454253612,0.9952,0.322061191626409,0.992163009404389,0.205696202531646,0.9936,0.99211356466877,0.990322580645161,0.993464052287582,0.322981366459627,0.991974317817014,0.315533980582524,0.324881141045959,0.68312101910828,0.3125,0.993610223642173,0.321928460342146,0.311627906976744,0.311986863711002,0.990430622009569,0.305164319248826,0.99510603588907,0.320872274143302,0.473270440251572,0.322734499205087,0.323151125401929,0.316436251920123,0.993690851735016,0.311897106109325,0.310015898251192,0.993769470404984,0.993670886075949,0.321259842519685,0.303459119496855,0.992138364779874,0.483024691358025,0.308562197092084,0.322884012539185,0.324031007751938,0.675039246467818,0.990338164251208,0.298045602605863,0.992101105845182,0.426984126984127,0.315112540192926,0.00626959247648903,0.890262751159196,0.309061488673139,0.316037735849057,0.00758725341426404,0.0402576489533011,0.980769230769231,0.315705128205128,0.992175273865415,0.308306709265176,0.312599681020734,0.993589743589744,0.322429906542056,0.316037735849057,0.666666666666667,0.993640699523052,0.321086261980831,0.313099041533546,0.993579454253612,0.313664596273292,0.302100161550889,0.991922455573506,0.342679127725857,0.311793214862682,0.318681318681319,0.329093799682035,0.807266982622433,0.992138364779874,0.985365853658537,0.992236024844721,0.990536277602524,0.00794912559618442,0.992175273865415,0.990491283676704,0.993846153846154,0.434022257551669,0.995207667731629,0.308777429467085,0.990610328638498,0.322115384615385,0.993660855784469,0.608087091757387,0.635367762128325,0.315132605304212,0.313084112149533,0.646781789638933,0.318840579710145,0.00924499229583975,0.639625585023401,0.688102893890675,0.3140625,0.00946372239747634,0.313385826771654,0.309033280507132,0.770465489566613,0.322327044025157,0.688575899843505,0.603864734299517,0.3152,0.315301391035549,0.294670846394984,0.991935483870968,0.0290519877675841,0.00975609756097561,0.315372424722662,0.321766561514196,0.325984251968504,0.990476190476191,0.34384858044164,0.31496062992126,0.992,0.308166409861325,0.954330708661417,0.570967741935484,0.992076069730586,0.992354740061162,0.991624790619765,0.31832298136646,0.608964451313756,0.325617283950617,0.309791332263242,0.305863708399366,0.422118380062305,0.995207667731629,0.310236220472441,0.99198717948718,0.317512274959083,0.316476345840131,0.990683229813665,0.320846905537459,0.990712074303406,0.323624595469256,0.992,0.990384615384615,0.322784810126582,0.00634920634920635,0.992199687987519,0.312893081761006,0.993589743589744,0.570532915360502,0.992211838006231,0.516483516483517,0.990853658536585,0.572567783094099,0.995176848874598,0.320450885668277,0.99211356466877,0.9921875,0.990668740279938,0.307324840764331,0.320634920634921,0.321483771251932,0.338788870703764,0.340425531914894,0.304212168486739,0.991789819376026,0.321144674085851,0.990049751243781,0.990639625585023,0.315707620528771,0.314606741573034,0.3125,0.390205371248025,0.321981424148607,0.992223950233281,0.993660855784469,0.3265625,0.323151125401929,0.634768740031898,0.592169657422512,0.319620253164557,0.313408723747981,0.990491283676704,0.310618066561014,0.313755795981453,0.988817891373802,0.309719934102142,0.310077519379845,0.0078740157480315,0.136923076923077,0.3152,0.679447852760736,0.317891373801917,0.319314641744548,0.603076923076923,0.990461049284579,0.3125,0.993788819875776,0.315873015873016,0.346581875993641,0.317460317460317,0.470957613814757,0.313291139240506,0.991869918699187,0.313385826771654,0.320785597381342,0.32520325203252,0.68798751950078,0.993366500829187,0.326366559485531,0.314641744548287,0.00631911532385466,0.326530612244898,0.993720565149137,0.962382445141066,0.990595611285266,0.328616352201258,0.321656050955414,0.318979266347687,0.58411214953271,0.991909385113269,0.59349593495935,0.337539432176656,0.992199687987519,0.990712074303406,0.975346687211094,0.673015873015873,0.325396825396825,0.35377358490566,0.317829457364341,0.313479623824451,0.990521327014218,0.990639625585023,0.518518518518518,0.640322580645161,0.992088607594937,0.990430622009569,0.992307692307692,0.689822294022617,0.992088607594937,0.316358024691358,0.682615629984051,0.990697674418605,0.327044025157233,0.319620253164557,0.318681318681319,0.996879875195008,0.992272024729521,0.645631067961165,0.323899371069182,0.992125984251969,0.993779160186625,0.316118935837246,0.311111111111111,0.996850393700787,0.00491803278688525,0.3125,0.302694136291601,0.00949367088607595,0.315789473684211,0.990726429675425,0.31219512195122,0.990536277602524,0.137931034482759,0.00769230769230769,0.898148148148148,0.318611987381703,0.992295839753467,0.990566037735849,0.0078003120124805,0.0078125,0.321316614420063,0.993808049535604,0.310064935064935,0.992354740061162,0.310897435897436,0.992125984251969,0.99203821656051,0.963949843260188,0.792125984251968,0.995153473344103,0.993660855784469,0.00476190476190476,0.992125984251969,0.526229508196721,0.328025477707006,0.670788253477589,0.323899371069182,0.99185667752443,0.303174603174603,0.678125,0.993548387096774,0.993517017828201,0.314935064935065,0.628224582701062,0.327073552425665,0.593354430379747,0.9792663476874,0.334394904458599,0.606635071090047,0.0142857142857143,0.313385826771654,0.323899371069182,0.322784810126582,0.995098039215686,0.633846153846154,0.308411214953271,0.900630914826498,0.592471358428805,0.975535168195719,0.992211838006231,0.993700787401575,0.311811023622047,0.341894060995185,0.312,0.309262166405024,0.308892355694228,0.621329211746522,0.302752293577982,0.00316455696202532,0.680491551459293,0.993700787401575,0.325949367088608,0.308186195826645,0.317230273752013,0.317484662576687,0.605678233438486,0.992331288343558,0.32967032967033,0.32695374800638,0.33605220228385,0.317384370015949,0.315457413249211,0.315286624203822,0.182527301092044,0.684627575277338,0.325471698113208,0.599374021909233,0.993740219092332,0.233974358974359,0.32120253164557,0.932907348242812,0.991652754590985,0.992175273865415,0.311811023622047,0.647798742138365,0.992260061919505,0.309707241910632,0.3008,0.961904761904762,0.995305164319249,0.992331288343558,0.993517017828201,0.314641744548287,0.9952,0.990697674418605,0.895833333333333,0.9904,0.353582554517134,0.993779160186625,0.595813204508857,0.992050874403816,0.67192429022082,0.304700162074554,0.606741573033708,0.992050874403816,0.993558776167472,1,0.324492979719189,0.326530612244898,0.319870759289176,0.316037735849057,0.322006472491909,0.325842696629214,0.985483870967742,0.306976744186047,0.993640699523052,0.989983305509182,0.724299065420561,0.00636942675159236,0.320493066255778,0.313364055299539,0.681388012618297,0.990683229813665,0.563779527559055,0.323619631901841,0.65615141955836,0.316692667706708,0.320261437908497,0.993579454253612,0.311912225705329,0.323481116584565,0.688,0.904290429042904,0.326251896813354,0.605815831987076,0.584935897435897,0.321875,0.33063209076175,0.297637795275591,0.593949044585987,0.677018633540373,0.992163009404389,0.901743264659271,0.992199687987519,0.675883256528418,0.995184590690209,0.592891760904685,0.30952380952381,0.327503974562798,0.992236024844721,0.993650793650794,0.428571428571429,0.990275526742301,0.995297805642633,0.993720565149137,0.317891373801917,0.324367088607595,0.996835443037975,0.316923076923077,0.687697160883281,0.327014218009479,0.464856230031949,0.306946688206785,0.00933125972006221,0.304953560371517,0.990476190476191,0.99510603588907,0.602503912363067,0.0062015503875969,0.323296354992076,0.318611987381703,0.107544141252006,0.417348608837971,0.992,0.992050874403816,0.309859154929577,0.993720565149137,0.415481832543444,0.995192307692308,0.32572298325723,0.588235294117647,0.316455696202532,0.320967741935484,0.990521327014218,0.00974025974025974,0.9936,0.305057096247961,0.324324324324324,0.993740219092332,0.990476190476191,0.993836671802773,0.445880452342488,0.991869918699187,0.311605723370429,0.620472440944882,0.325545171339564,0.326923076923077,0.00930232558139535,0.0376766091051805,0.990338164251208,0.631832797427653,0.992063492063492,0.324409448818898,0.320325203252033,0.990384615384615,0.992138364779874,0.14937106918239,0.315286624203822,0.990726429675425,0.8984375,0.993730407523511,0.31832298136646,0.198098256735341,0.677570093457944,0.992050874403816,0.993788819875776,0.990338164251208,0.991883116883117,0.990769230769231,0.28419452887538,0.29635499207607,0.995207667731629,0.117073170731707,0.00955414012738853,0.443037974683544,0.00658978583196046,0.32018927444795,0.995297805642633,0.68088467614534,0.99198717948718,0.9921875,0.880434782608696,0.992101105845182,0.678233438485804,0.990384615384615,0.993548387096774,0.992,0.993650793650794
"717",1,1,1,1,1,1,0.693877551020408,1,1,0.102848101265823,1,0.036979969183359,0.809672386895476,1,0.321766561514196,0.314024390243902,0.0625,0.681020733652313,1,1,0.287051482059282,0.322327044025157,1,0.162246489859594,1,0.332814930015552,0.328525641025641,1,1,0.776377952755905,0.314329738058552,0.724191063174114,0.970858895705521,0.320121951219512,0,1,0.534668721109399,1,0.303437967115097,1,0.659969088098918,0.669781931464174,0.68815592203898,1,1,0.325878594249201,0.319938176197836,0.316187594553706,0.32262996941896,0.32824427480916,0,1,0.31570996978852,1,1,0.499219968798752,0.546456692913386,1,1,1,0.337878787878788,0.327131782945736,0.32348367029549,0.67601246105919,1,1,0.0280373831775701,1,0.0558912386706949,0.322678843226788,1,0.322480620155039,0.326530612244898,0.963607594936709,0.5,1,0.314503816793893,0.339939024390244,1,0.33015873015873,0.0911949685534591,0.333846153846154,0.330769230769231,1,0.336826347305389,1,1,1,1,0.686363636363636,1,1,0.00153139356814701,0.103343465045593,1,0.0392749244712991,0,1,0.559561128526646,0.671850699844479,1,0.0514820592823713,0.323343848580442,1,0.321372854914197,1,0.675840978593272,1,0.321100917431193,0.327188940092166,0.327718223583461,1,0.334355828220859,1,0.485540334855403,1,0.321875,0.290854572713643,0.329770992366412,0.323943661971831,0.48062015503876,0.998442367601246,0.325264750378215,0.324409448818898,1,0.307926829268293,1,1,0.324574961360124,0.549317147192716,1,0.321316614420063,1,0.0385185185185185,1,0.322188449848024,0.668195718654434,0.337962962962963,0.934065934065934,0.437699680511182,0.1046875,0.096875,1,1,0.335375191424196,1,0.318862275449102,1,0.802130898021309,1,0.327503974562798,1,1,1,1,0.344773790951638,1,0.3328125,0.252293577981651,1,0.321646341463415,1,0.304347826086957,0.0876369327073552,1,0.316358024691358,1,1,1,0.340458015267176,1,0.3359375,1,0.314728682170543,1,0.327613104524181,0.0750382848392037,1,0.630048465266559,1,1,0.322834645669291,1,1,1,1,0.329230769230769,0.314503816793893,1,0.998459167950693,0.328290468986384,0.312597200622084,1,0.446676970633694,0.659701492537313,0,0.325077399380805,0.660436137071651,1,0.328767123287671,1,0.998475609756098,1,0.322480620155039,0.3202416918429,0.3265625,1,1,1,0,1,0.3203125,0.978395061728395,0.32182103610675,0.318461538461538,0.747320061255743,1,1,1,1,1,0.0373250388802488,0.311145510835913,0.336874051593323,1,0.670212765957447,1,1,0.998435054773083,0.998468606431853,1,1,0.00312989045383412,0.310708898944193,1,0.307453416149068,1,0.304147465437788,1,1,1,1,1,0.32398753894081,1,0.517241379310345,0.327613104524181,0.329787234042553,0.320695102685624,0.327160493827161,0.332822085889571,0.42246835443038,0.336923076923077,0.321483771251932,0.317829457364341,1,0.327073552425665,1,0.679331306990882,0.321483771251932,0.309667673716012,0.33489827856025,1,1,1,0.261068702290076,0.315384615384615,1,0.33489827856025,0.332326283987915,0.320493066255778,0.322085889570552,0.673846153846154,1,0.324655436447167,0.321428571428571,1,0.308661417322835,1,0.315233785822021,0.319444444444444,1,1,1,0.531490015360983,1,0.684129429892142,0.0824587706146927,0.325038880248834,1,1,0.0978593272171254,0.325688073394495,0.341692789968652,1,1,0.312024353120244,0.0229357798165138,0.00158478605388273,1,1,0.341353383458647,1,1,0.314674735249622,1,1,0.323529411764706,1,1,1,1,0.330745341614907,0.316417910447761,0.331730769230769,1,1,0.667687595712098,0.326018808777429,1,0.322239031770045,0.310664605873261,1,1,0.998470948012232,1,1,0.333333333333333,1,1,0.109004739336493,0.339421613394216,0.497630331753554,0.313971742543171,0.663565891472868,0.331825037707391,1,0.315457413249211,0.338557993730408,0.257575757575758,0.322480620155039,1,0.328808446455505,1,1,1,0.3171875,0.325227963525836,0.998463901689708,0.925324675324675,0.0605095541401274,1,0.319508448540707,0.326530612244898,0.312202852614897,1,0.335866261398176,0.474809160305344,0.328746177370031,0.31733746130031,0.318471337579618,0.3125,1,0.331259720062208,1,1,0,1,0.329133858267717,1,1,1,0.3328173374613,1,0.318885448916409,1,0.830534351145038,1,1,1,0.323170731707317,1,1,0.314900153609831,0.316436251920123,1,1,0.324159021406728,0.191198786039454,1,0.998456790123457,1,0,0.320433436532508,1,0.315384615384615,0.246894409937888,1,0.66875,0.441087613293051,1,1,0.669150521609538,0.699376947040498,0.348159509202454,1,0.324074074074074,1,1,0.333853354134165,1,0.998442367601246,0.00614439324116743,0.33489827856025,1,1,0.328616352201258,1,1,0.314152410575428,0.327217125382263,1,1,1,0.530395136778115,0.324200913242009,0.34789391575663,0.334328358208955,0.337962962962963,0.683229813664596,0.328767123287671,0.332273449920509,0.321646341463415,0.241538461538462,0.3203125,1,0.330316742081448,0.998439937597504,0.319444444444444,0.0842105263157895,0.0443425076452599,1,1,0.0325077399380805,1,0.680241327300151,0.0343213728549142,0.00777604976671851,1,0.673374613003096,1,1,0.555900621118012,1,0,0.0735524256651017,1,1,1,0.327073552425665,0.642011834319527,0.681458003169572,0.996960486322188,1,0.987596899224806,0.310185185185185,0.328173374613003,1,0.3078125,1,0.372699386503067,0.10377358490566,0.318112633181126,0.332330827067669,0.339869281045752,1,0.0797546012269939,1,1,1,0.258308157099698,0.32398753894081,1,0.326018808777429,1,1,0.312788906009245,1,0.328869047619048,1,0.314641744548287,0.327613104524181,1,0.673469387755102,0.323262839879154,1,0.314465408805031,0.754198473282443,0.319277108433735,0.162538699690402,0.33134328358209,0.761832061068702,0.3171875,1,0.333850931677019,0.343653250773994,0.300751879699248,1,1,1,0.971473851030111,0.32695374800638,1,0.3376,1,0.323101777059774,0.329323308270677,1,1,1,0.920634920634921,1,0.31981981981982,0.320726172465961,1,1,0.046875,0.0797546012269939,1,1,0.316118935837246,1,1,0.32348367029549,1,1,0.672839506172839,0.523168908819133,1,0,1,1,0.0984848484848485,0.329738058551618,1,0.330232558139535,0.998442367601246,0.971830985915493,0.998454404945904,0.818318318318318,1,0.332805071315372,1,1,1,0,0.315533980582524,1,1,0.663507109004739,1,0.327692307692308,0.366564417177914,0.328220858895706,1,1,1,0.092814371257485,0.325508607198748,0.0874403815580286,0.998444790046656,0.315068493150685,0.318112633181126,0.361702127659574,0,1,0.9609375,1,1,0.329173166926677,0.305263157894737,0.169811320754717,0.0341614906832298,0.323529411764706,0.31055900621118,0.328787878787879,0.0015625,0.320182094081942,1,0,0.32,1,1,1,0.32312404287902,0.322775263951735,0.025974025974026,1,0.316846986089645,0.309923664122137,1,1,0.32093023255814,0.683360258481422,1,1,0.681747269890796,1,0.31981981981982,1,0.321928460342146,0.523520485584218,0.665653495440729,0.41566265060241,1,0.303759398496241,0.317484662576687,0.668693009118541,0.662079510703364,1,0.331811263318113,1,0.327743902439024,1,0.330745341614907,0.316037735849057,0.354294478527607,0.525502318392581,0.324031007751938,0.319047619047619,0.658986175115207,0.324116743471582,0.150641025641026,1,0,1,0.3,1,0,0.329211746522411,0.326498422712934,1,0.0520833333333333,1,0.0877742946708464,0.350547730829421,1,0.0634674922600619,0.666153846153846,1,1,1,0.315372424722662,0.0362537764350453,1,0.439252336448598,0.0932069510268562,0.361861861861862,0.323619631901841,0.331825037707391,1,1,1,1,1,0.0611028315946349,0.995405819295559,0.67737003058104,0.00299850074962519,0.326153846153846,1,1,1,1,0.0892018779342723,0.32383808095952,1,1,1,1,1,1,0.48030303030303,0.00157977883096367,1,0.0833333333333333,0.326530612244898,0.422900763358779,1,0.395238095238095,0.307086614173228,0.321044546850998,1,0.0338461538461538,0.328767123287671,1,1,0.37984496124031,0.319571865443425,0.31441717791411,0.324324324324324,0.998489425981873,0.332283464566929,0.32262996941896,0.427892234548336,0.32398753894081,0.972644376899696,0.319340329835082,0.0841269841269841,0.330745341614907,0,1,0.0866141732283465,0.313385826771654,0.325508607198748,0.324492979719189,1,1,1,1,1,1,0.343354430379747,1,0.314900153609831,0.321252059308072,0.609907120743034,0.675039246467818,1,1,0,0.322338830584708,0.119266055045872,0.99851411589896,0.0325581395348837,1,1,0.322834645669291,1,1,0.626771653543307,0.424483306836248,0.995548961424332,0.0801282051282051,0.10062893081761,1,1,1,0.0900763358778626,0,0.31892697466468,0.422118380062305,0.325227963525836,0,0.330733229329173,0.0847723704866562,1,1,0.32824427480916,0.324116743471582,0.23963133640553,0.3375,0.317147192716237,0.32262996941896,1,1,0.335925349922239,1,0,1,0.226356589147287,1,0.674809160305344,1,0.316923076923077,0.310897435897436,0.0701219512195122,0.668711656441718,1,1,0.782608695652174,0.894568690095847,0.32182103610675,0.322378716744914,1,0.321981424148607,0.252696456086287,0.334389857369255,1,0.102446483180428,1,1,0.326186830015314,0.669278996865204,0.31496062992126,1,1,0.312307692307692,0.312024353120244,0.32383808095952,0.853354134165367,0.324324324324324,1,0.052790346907994,1,1,0.68944099378882,0.654853620955316,0.3296,0.0511627906976744,0.328149300155521,1,1,0.311811023622047,0.332298136645963,0.609230769230769,1,0.31437125748503,0.376327769347496,0.311827956989247,0.984662576687117,0.464566929133858,0.00303951367781155,0.312307692307692,0.329803328290469,0.338095238095238,0.319685039370079,0.32078313253012,0.97125567322239,1,0.320552147239264,0.541864139020537,0.684292379471229,0.229483282674772,0.6816,1,0.335384615384615,0.00157728706624606,0.326219512195122,0.314241486068111,0.370992366412214,0.321875,0,0.338983050847458,0.328703703703704,0.334890965732087,0.319938176197836
"718",1,1,1,1,1,1,0.700787401574803,1,1,0.0839936608557845,1,0.043010752688172,0.813694267515924,1,0.330173775671406,0.311145510835913,0.0608424336973479,0.684627575277338,1,1,0.294025157232704,0.322222222222222,1,0.152307692307692,1,0.338509316770186,0.321766561514196,1,1,0.79746835443038,0.314728682170543,0.739663093415008,0.968992248062015,0.316770186335404,0,1,0.524922118380062,1,0.306646525679758,1,0.65414710485133,0.6734375,0.687975646879756,1,1,0.328593996840442,0.319620253164557,0.31969696969697,0.324615384615385,0.335403726708075,0,1,0.317262830482115,1,1,0.516640253565769,0.551505546751189,1,1,1,0.332302936630603,0.3198127925117,0.320987654320988,0.6734375,1,1,0.0373250388802488,1,0.0517503805175038,0.323170731707317,1,0.325688073394495,0.330112721417069,0.967637540453074,0.496875,1,0.311627906976744,0.344135802469136,1,0.326829268292683,0.0766773162939297,0.332283464566929,0.329192546583851,1,0.346273291925466,1,1,1,1,0.68075117370892,1,1,0.0015527950310559,0.0984615384615385,1,0.0458015267175573,0,1,0.549763033175355,0.670807453416149,1,0.0477657935285054,0.324031007751938,1,0.320512820512821,1,0.679626749611198,1,0.3198127925117,0.321483771251932,0.321592649310873,1,0.333848531684699,1,0.468892261001517,1,0.321428571428571,0.297546012269939,0.327743902439024,0.322378716744914,0.462732919254658,0.998444790046656,0.329230769230769,0.322683706070288,1,0.304347826086957,1,1,0.318181818181818,0.542944785276074,1,0.326018808777429,1,0.0409090909090909,1,0.31937984496124,0.667697063369397,0.338983050847458,0.934984520123839,0.428115015974441,0.0906200317965024,0.0883280757097792,1,1,0.334905660377358,1,0.322289156626506,1,0.803379416282642,1,0.322683706070288,1,1,1,1,0.336477987421384,1,0.325949367088608,0.24,1,0.315467075038285,1,0.30564263322884,0.0770440251572327,1,0.316118935837246,1,1,1,0.33843797856049,1,0.337007874015748,1,0.318461538461538,1,0.32398753894081,0.0648148148148148,1,0.626623376623377,1,1,0.322274881516588,1,1,1,1,0.323390894819466,0.323529411764706,1,0.998435054773083,0.325652841781874,0.313385826771654,1,0.442546583850932,0.656156156156156,0,0.328125,0.657935285053929,1,0.328767123287671,1,0.998463901689708,1,0.322981366459627,0.32469512195122,0.325878594249201,1,1,1,0,1,0.314194577352472,0.973520249221184,0.327102803738318,0.316998468606432,0.73469387755102,1,1,1,1,1,0.0440251572327044,0.323943661971831,0.329211746522411,1,0.671253822629969,1,1,0.998430141287284,0.998459167950693,1,1,0.00463678516228748,0.303353658536585,1,0.316770186335404,1,0.304747320061256,1,1,1,1,1,0.332283464566929,1,0.5171875,0.336463223787167,0.331818181818182,0.312796208530806,0.333850931677019,0.337042925278219,0.421303656597774,0.338006230529595,0.321428571428571,0.3140625,1,0.33015873015873,1,0.678899082568807,0.319314641744548,0.303680981595092,0.338072669826224,1,1,1,0.243827160493827,0.318252730109204,1,0.32120253164557,0.332321699544765,0.315625,0.328682170542636,0.668224299065421,1,0.328682170542636,0.32695374800638,1,0.311605723370429,1,0.316030534351145,0.32348367029549,1,1,1,0.528771384136858,1,0.682170542635659,0.0706605222734255,0.326086956521739,1,1,0.0878274268104777,0.326219512195122,0.333858267716535,1,1,0.309230769230769,0.0202808112324493,0.00321543408360129,1,1,0.348091603053435,1,1,0.316923076923077,1,1,0.322530864197531,1,1,1,1,0.326086956521739,0.316109422492401,0.332273449920509,1,1,0.668202764976959,0.324031007751938,1,0.326186830015314,0.300940438871473,1,1,0.998470948012232,1,1,0.333333333333333,1,1,0.0962145110410095,0.342549923195084,0.492935635792779,0.318037974683544,0.659969088098918,0.316590563165906,1,0.305164319248826,0.339593114241002,0.246153846153846,0.320121951219512,1,0.331334332833583,1,1,1,0.313880126182965,0.325190839694657,0.998449612403101,0.937399678972713,0.0588235294117647,1,0.321875,0.325984251968504,0.314102564102564,1,0.331797235023041,0.451863354037267,0.336973478939158,0.310077519379845,0.329073482428115,0.312302839116719,1,0.329093799682035,1,1,0,1,0.328100470957614,1,1,1,0.32967032967033,1,0.3216,1,0.841945288753799,1,1,1,0.320121951219512,1,1,0.312989045383412,0.315789473684211,1,1,0.316436251920123,0.178294573643411,1,0.998473282442748,1,0,0.319182389937107,1,0.3171875,0.231974921630094,1,0.671826625386997,0.44954128440367,1,1,0.67218045112782,0.69701726844584,0.356143079315708,1,0.322429906542056,1,1,0.333855799373041,1,0.998430141287284,0.00786163522012579,0.338461538461538,1,1,0.322378716744914,1,1,0.308544303797468,0.321538461538462,1,1,1,0.537404580152672,0.311424100156495,0.353312302839117,0.319940476190476,0.339009287925697,0.683307332293292,0.330745341614907,0.333333333333333,0.322727272727273,0.230889235569423,0.329635499207607,1,0.327160493827161,0.998435054773083,0.32,0.0741301059001513,0.049306625577812,1,1,0.0377358490566038,1,0.683001531393568,0.0442338072669826,0.0111111111111111,1,0.675968992248062,1,1,0.538819875776398,1,0,0.0638977635782748,1,1,1,0.331230283911672,0.641063515509601,0.675850891410049,0.993846153846154,1,0.983128834355828,0.3125,0.325508607198748,1,0.307086614173228,1,0.37888198757764,0.0949367088607595,0.314152410575428,0.325264750378215,0.342105263157895,1,0.0657492354740061,1,1,1,0.246177370030581,0.340764331210191,1,0.329652996845426,1,1,0.319213313161876,1,0.329323308270677,1,0.304212168486739,0.32398753894081,1,0.678125,0.319758672699849,1,0.319805194805195,0.770670826833073,0.323170731707317,0.147515527950311,0.320300751879699,0.772585669781931,0.310832025117739,1,0.325545171339564,0.341945288753799,0.306870229007634,1,1,1,0.967479674796748,0.331715210355987,1,0.330173775671406,1,0.331168831168831,0.324812030075188,1,1,1,0.933125972006221,1,0.315301391035549,0.329249617151608,1,1,0.0407523510971787,0.0715396578538103,1,1,0.3152,1,1,0.31924882629108,1,1,0.675548589341693,0.520547945205479,1,0,1,1,0.0909090909090909,0.325984251968504,1,0.330203442879499,0.9984375,0.965023847376789,0.998420221169036,0.828173374613003,1,0.331730769230769,1,1,1,0,0.32258064516129,1,1,0.665610142630745,1,0.329173166926677,0.365030674846626,0.327639751552795,1,1,1,0.0776255707762557,0.33015873015873,0.0796178343949045,0.998422712933754,0.314814814814815,0.316187594553706,0.363358778625954,0,1,0.96048632218845,1,1,0.32807570977918,0.312693498452012,0.156645569620253,0.0393700787401575,0.321372854914197,0.321428571428571,0.334876543209877,0.00158730158730159,0.316998468606432,1,0,0.318181818181818,1,1,1,0.322033898305085,0.323216995447648,0.0354838709677419,1,0.317757009345794,0.314900153609831,1,1,0.320872274143302,0.690553745928339,1,1,0.684867394695788,1,0.311450381679389,1,0.324492979719189,0.511520737327189,0.659476117103236,0.401538461538462,1,0.30316742081448,0.32348367029549,0.675344563552833,0.654907975460123,1,0.329249617151608,1,0.330827067669173,1,0.323390894819466,0.308661417322835,0.356589147286822,0.521472392638037,0.329093799682035,0.315217391304348,0.653125,0.322480620155039,0.140776699029126,1,0,1,0.305164319248826,1,0,0.327073552425665,0.317034700315457,1,0.0586466165413534,1,0.075,0.346333853354134,1,0.0554699537750385,0.666146645865835,1,1,1,0.328455284552846,0.0398773006134969,1,0.435257410296412,0.0886075949367089,0.368827160493827,0.336923076923077,0.326717557251908,1,1,1,1,1,0.0581929555895865,0.996918335901387,0.681887366818874,0.00447093889716841,0.332298136645963,1,1,1,1,0.0808709175738725,0.324159021406728,1,1,1,1,1,1,0.475460122699386,0.00156739811912226,1,0.0704225352112676,0.323029366306028,0.423728813559322,1,0.406003159557662,0.311897106109325,0.316998468606432,1,0.0388802488335925,0.323529411764706,1,1,0.383647798742138,0.314984709480122,0.317111459968603,0.325949367088608,0.998452012383901,0.328660436137072,0.325581395348837,0.410658307210031,0.322530864197531,0.975384615384615,0.316030534351145,0.0746031746031746,0.329704510108865,0,1,0.0786163522012579,0.312,0.325,0.326530612244898,1,1,1,1,1,1,0.336492890995261,1,0.318681318681319,0.319078947368421,0.600624024960998,0.67192429022082,1,1,0,0.323664122137405,0.113354037267081,0.998482549317147,0.034375,1,1,0.322834645669291,1,1,0.625978090766823,0.413522012578616,0.995529061102832,0.0669856459330144,0.0854430379746835,1,1,1,0.0804953560371517,0,0.31733746130031,0.423913043478261,0.324615384615385,0,0.334890965732087,0.0746031746031746,1,1,0.328767123287671,0.324031007751938,0.231496062992126,0.340189873417722,0.318952234206472,0.324074074074074,1,1,0.330708661417323,1,0,1,0.212074303405573,1,0.672360248447205,1,0.31832298136646,0.3104,0.0703363914373089,0.671212121212121,1,1,0.777080062794348,0.8896,0.3171875,0.319935691318328,1,0.326053042121685,0.2453125,0.325242718446602,1,0.0900621118012422,1,1,0.316846986089645,0.671406003159558,0.322274881516588,1,1,0.315151515151515,0.3171875,0.324242424242424,0.864274570982839,0.325842696629214,1,0.0521472392638037,1,1,0.687022900763359,0.636932707355243,0.333333333333333,0.0506134969325153,0.327586206896552,1,1,0.318541996830428,0.334375,0.605919003115265,1,0.314900153609831,0.374223602484472,0.319508448540707,0.984709480122324,0.458135860979463,0.0046875,0.307339449541284,0.332824427480916,0.334920634920635,0.322834645669291,0.321699544764795,0.973765432098765,1,0.321044546850998,0.533870967741935,0.67981072555205,0.219325153374233,0.679032258064516,1,0.331775700934579,0.00313479623824451,0.330218068535826,0.316923076923077,0.37037037037037,0.330143540669856,0,0.34009360374415,0.324921135646688,0.329093799682035,0.318885448916409
"719",1,1,1,1,1,1,0.711256117455139,1,1,0.0958677685950413,1,0.0449438202247191,0.811594202898551,1,0.318840579710145,0.312,0.0701754385964912,0.685185185185185,1,1,0.295161290322581,0.312903225806452,1,0.156050955414013,1,0.325984251968504,0.322314049586777,1,1,0.78052805280528,0.307814992025518,0.727272727272727,0.960127591706539,0.312,0,1,0.537842190016103,1,0.302507836990596,1,0.661764705882353,0.676328502415459,0.687106918238994,1,1,0.316912972085386,0.318255250403877,0.311111111111111,0.332273449920509,0.330645161290323,0,1,0.312796208530806,1,1,0.495908346972177,0.55700325732899,1,1,1,0.331230283911672,0.322528363047002,0.31810766721044,0.678571428571429,1,1,0.0403225806451613,1,0.0600924499229584,0.320754716981132,1,0.321951219512195,0.326765188834154,0.959083469721768,0.509646302250804,1,0.313408723747981,0.34012539184953,1,0.323481116584565,0.0831946755407654,0.325281803542673,0.336569579288026,1,0.347687400318979,1,1,1,1,0.689490445859873,1,1,0.00160513643659711,0.108974358974359,1,0.047244094488189,0,1,0.55794701986755,0.667205169628433,1,0.053921568627451,0.3216,1,0.317741935483871,1,0.677471636952998,1,0.317741935483871,0.328025477707006,0.323577235772358,1,0.331738437001595,1,0.484375,1,0.318840579710145,0.304278922345483,0.323943661971831,0.322632423756019,0.48538961038961,0.998373983739837,0.325434439178515,0.313014827018122,1,0.30952380952381,1,1,0.332263242375602,0.548136645962733,1,0.322061191626409,1,0.0432098765432099,1,0.322784810126582,0.669303797468354,0.33063209076175,0.929373996789727,0.440199335548173,0.104501607717042,0.0972886762360447,1,1,0.337096774193548,1,0.324031007751938,1,0.800955414012739,1,0.327759197324415,1,1,1,1,0.330128205128205,1,0.322847682119205,0.262057877813505,1,0.314194577352472,1,0.3104,0.0894568690095847,1,0.313856427378965,1,1,1,0.341692789968652,1,0.33442088091354,1,0.312399355877617,1,0.322061191626409,0.0806962025316456,1,0.635607321131448,1,1,0.321895424836601,1,1,1,1,0.326892109500805,0.315372424722662,1,0.998402555910543,0.324281150159744,0.310965630114566,1,0.4544,0.663551401869159,0,0.325769854132901,0.661858974358974,1,0.329113924050633,1,0.998412698412698,1,0.32258064516129,0.31911532385466,0.333333333333333,1,1,1,0,1,0.317307692307692,0.9728,0.33442088091354,0.317589576547231,0.7408,1,1,1,1,1,0.0452342487883683,0.324149108589951,0.33175355450237,1,0.674085850556439,1,1,0.998376623376623,0.998402555910543,1,1,0.00322061191626409,0.316535433070866,1,0.323529411764706,1,0.308306709265176,1,1,1,1,1,0.32794830371567,1,0.51685393258427,0.324367088607595,0.325471698113208,0.316831683168317,0.320450885668277,0.324013157894737,0.431372549019608,0.332278481012658,0.324281150159744,0.316211878009631,1,0.329508196721311,1,0.678627145085803,0.317230273752013,0.314194577352472,0.334959349593496,1,1,1,0.259968102073365,0.311793214862682,1,0.327361563517915,0.337539432176656,0.317230273752013,0.320695102685624,0.682182985553772,1,0.328025477707006,0.32512315270936,1,0.29344262295082,1,0.314785373608903,0.315533980582524,1,1,1,0.540322580645161,1,0.6890625,0.0834621329211747,0.328502415458937,1,1,0.0950871632329636,0.329052969502408,0.328968903436989,1,1,0.311111111111111,0.0209677419354839,0.00164744645799012,1,1,0.339116719242902,0.998392282958199,1,0.318037974683544,1,1,0.324881141045959,1,1,1,1,0.327868852459016,0.320872274143302,0.334967320261438,1,1,0.6736,0.318910256410256,1,0.324960753532182,0.306946688206785,1,1,0.998397435897436,1,1,0.328525641025641,1,1,0.110183639398998,0.335974643423138,0.493548387096774,0.309677419354839,0.666666666666667,0.321766561514196,1,0.31900826446281,0.3322528363047,0.259968102073365,0.320126782884311,1,0.330203442879499,1,1,1,0.324717285945073,0.324881141045959,0.998394863563403,0.923205342237062,0.0640394088669951,1,0.321086261980831,0.31973898858075,0.313311688311688,1,0.326625386996904,0.476190476190476,0.323763955342903,0.315873015873016,0.320261437908497,0.311183144246353,1,0.329563812600969,1,1,0,1,0.326298701298701,1,1,1,0.332268370607029,1,0.312297734627832,1,0.834920634920635,1,1,1,0.317034700315457,1,1,0.3216,0.320388349514563,1,1,0.3232,0.192616372391653,1,0.998384491114701,1,0,0.314424635332253,1,0.31139646869984,0.252836304700162,1,0.6704,0.437898089171975,1,1,0.671317829457364,0.700813008130081,0.35,1,0.319870759289176,1,1,0.332794830371567,1,0.998384491114701,0.00320512820512821,0.331189710610932,1,1,0.325041459369818,1,1,0.314754098360656,0.326498422712934,1,1,1,0.532905296950241,0.310789049919485,0.340983606557377,0.328173374613003,0.339228295819936,0.686084142394822,0.333863275039746,0.337007874015748,0.323854660347551,0.244408945686901,0.330618892508143,1,0.330670926517572,0.998373983739837,0.318840579710145,0.0851393188854489,0.0515625,1,1,0.037037037037037,1,0.685624012638231,0.0447284345047923,0.00815660685154975,1,0.681089743589744,1,1,0.556280587275693,1,0,0.0747508305647841,1,1,1,0.330605564648118,0.644067796610169,0.691029900332226,0.993700787401575,1,0.985623003194888,0.309904153354633,0.341894060995185,1,0.299837925445705,1,0.377813504823151,0.107142857142857,0.307936507936508,0.330708661417323,0.344234079173838,1,0.0789049919484702,1,1,1,0.261829652996845,0.330097087378641,1,0.317666126418152,1,1,0.311526479750779,1,0.327131782945736,1,0.312803889789303,0.329032258064516,1,0.674267100977199,0.31937984496124,1,0.315960912052117,0.769854132901134,0.320373250388802,0.158982511923688,0.322834645669291,0.769108280254777,0.310965630114566,1,0.327476038338658,0.337539432176656,0.299050632911392,1,1,1,0.966777408637874,0.350584307178631,1,0.327272727272727,1,0.325619834710744,0.32348367029549,1,1,1,0.921221864951768,1,0.317817014446228,0.319047619047619,1,1,0.043261231281198,0.0827922077922078,1,1,0.319672131147541,1,1,0.323577235772358,1,1,0.678913738019169,0.523052464228935,1,0,1,1,0.0989010989010989,0.33387358184765,1,0.332263242375602,0.998373983739837,0.963756177924217,0.998392282958199,0.817460317460317,1,0.332225913621262,1,1,1,0,0.320066334991708,1,1,0.669856459330144,1,0.314935064935065,0.363636363636364,0.325320512820513,1,1,1,0.089171974522293,0.315533980582524,0.0906095551894563,0.998376623376623,0.3125,0.311320754716981,0.3584,0,1,0.958333333333333,1,1,0.32520325203252,0.31104199066874,0.15702479338843,0.0407166123778502,0.318327974276527,0.32,0.331230283911672,0.00162866449511401,0.318770226537217,1,0,0.31911532385466,1,1,1,0.316720257234727,0.325984251968504,0.0377668308702791,1,0.317307692307692,0.316692667706708,1,1,0.3296,0.690117252931323,1,1,0.696141479099678,1,0.308544303797468,1,0.324675324675325,0.522151898734177,0.665094339622642,0.417322834645669,1,0.305772230889236,0.317666126418152,0.67304625199362,0.658767772511848,1,0.322327044025157,1,0.325038880248834,1,0.324590163934426,0.312297734627832,0.3584,0.532591414944356,0.315270935960591,0.313311688311688,0.659127625201939,0.324237560192616,0.147157190635452,1,0,1,0.299674267100977,1,0,0.322115384615385,0.32520325203252,1,0.0619195046439628,1,0.0840064620355412,0.344103392568659,1,0.0665584415584416,0.668292682926829,1,1,1,0.310286677908938,0.0392464678178964,1,0.432475884244373,0.0993485342019544,0.364632237871674,0.325914149443561,0.325471698113208,1,1,1,1,1,0.0651162790697674,0.995305164319249,0.678913738019169,0.0031055900621118,0.327390599675851,1,1,1,1,0.0846645367412141,0.320754716981132,1,1,1,1,1,1,0.489731437598736,0.00161550888529887,1,0.0816326530612245,0.334384858044164,0.441971383147854,1,0.404878048780488,0.318181818181818,0.311897106109325,1,0.0395569620253165,0.321144674085851,1,1,0.381967213114754,0.313694267515924,0.315359477124183,0.326666666666667,0.9984375,0.330112721417069,0.31687898089172,0.419249592169657,0.323051948051948,0.97444089456869,0.310452418096724,0.0877483443708609,0.322061191626409,0,1,0.0870967741935484,0.310064935064935,0.321543408360129,0.319870759289176,1,1,1,1,1,1,0.337133550488599,1,0.318181818181818,0.32258064516129,0.605388272583201,0.675496688741722,1,1,0,0.3198127925117,0.117552334943639,0.998432601880878,0.0355411954765751,1,1,0.324193548387097,1,1,0.635313531353135,0.422950819672131,0.995384615384615,0.0833333333333333,0.0971993410214168,1,1,1,0.087378640776699,0,0.327476038338658,0.423452768729642,0.3234375,0,0.328968903436989,0.0885245901639344,1,1,0.321711568938193,0.32475884244373,0.245161290322581,0.336617405582923,0.32120253164557,0.325984251968504,1,1,0.331699346405229,1,0,1,0.225122349102773,1,0.672523961661342,1,0.3184,0.309951060358891,0.0828025477707006,0.673501577287066,1,1,0.789559543230016,0.89261744966443,0.328455284552846,0.321543408360129,1,0.315024232633279,0.259259259259259,0.326229508196721,1,0.103059581320451,1,1,0.324237560192616,0.678929765886288,0.310569105691057,1,1,0.30188679245283,0.310789049919485,0.326530612244898,0.860162601626016,0.32258064516129,1,0.0526315789473684,1,1,0.6896,0.639871382636656,0.326013513513513,0.0532258064516129,0.325358851674641,1,1,0.309061488673139,0.334415584415584,0.625199362041467,1,0.311216429699842,0.381329113924051,0.309178743961353,0.985714285714286,0.473257698541329,0.00158227848101266,0.305825242718447,0.324960753532182,0.336065573770492,0.321131447587354,0.318181818181818,0.97456279809221,1,0.323151125401929,0.539344262295082,0.681372549019608,0.241653418124006,0.680602006688963,1,0.322683706070288,0.00321543408360129,0.330081300813008,0.322222222222222,0.376190476190476,0.325769854132901,0,0.3392,0.316476345840131,0.33278955954323,0.314424635332253
"720",1,1,1,1,1,1,0.706349206349206,1,1,0.10207336523126,1,0.0496124031007752,0.815457413249211,1,0.32120253164557,0.312989045383412,0.0668693009118541,0.675762439807384,1,1,0.289137380191693,0.315112540192926,1,0.165366614664587,1,0.333333333333333,0.312796208530806,1,1,0.781990521327014,0.312597200622084,0.732415902140673,0.965678627145086,0.315955766192733,0,1,0.541666666666667,1,0.304281345565749,1,0.666666666666667,0.673469387755102,0.692901234567901,1,1,0.317384370015949,0.317034700315457,0.303076923076923,0.326186830015314,0.330769230769231,0,1,0.316923076923077,1,1,0.497645211930926,0.558544303797468,1,1,1,0.326153846153846,0.323390894819466,0.316535433070866,0.684713375796178,1,1,0.0393081761006289,1,0.0574018126888218,0.318952234206472,1,0.318461538461538,0.326465927099842,0.961102106969206,0.504615384615385,1,0.313755795981453,0.331278890600925,1,0.318979266347687,0.086677367576244,0.334905660377358,0.32967032967033,1,0.340189873417722,1,1,1,1,0.687306501547988,1,1,0.0015600624024961,0.111975116640746,1,0.050381679389313,0,1,0.566068515497553,0.676656151419558,1,0.0543130990415335,0.318181818181818,1,0.317683881064163,1,0.680981595092024,1,0.3171875,0.321316614420063,0.317901234567901,1,0.325581395348837,1,0.480421686746988,1,0.31619937694704,0.307453416149068,0.330838323353293,0.320695102685624,0.488299531981279,0.998466257668712,0.32572298325723,0.314785373608903,1,0.306976744186047,1,1,0.340062111801242,0.548091603053435,1,0.31875,1,0.0466867469879518,1,0.316846986089645,0.671361502347418,0.329704510108865,0.930708661417323,0.436305732484076,0.10377358490566,0.0990712074303406,1,1,0.332283464566929,1,0.318385650224215,1,0.80184331797235,1,0.322784810126582,1,1,1,1,0.337519623233909,1,0.323854660347551,0.263482280431433,1,0.317972350230415,1,0.303543913713405,0.0888888888888889,1,0.319047619047619,1,1,1,0.329721362229102,1,0.325914149443561,1,0.305164319248826,1,0.317111459968603,0.0789473684210526,1,0.633279483037157,1,1,0.320695102685624,1,1,1,1,0.323248407643312,0.30781010719755,1,0.998447204968944,0.319444444444444,0.311320754716981,1,0.436447166921899,0.667664670658683,0,0.322932917316693,0.672926447574335,1,0.31839258114374,1,0.998470948012232,1,0.316118935837246,0.324615384615385,0.323248407643312,1,1,1,0,1,0.308917197452229,0.96998420221169,0.325508607198748,0.310077519379845,0.747692307692308,1,1,1,1,1,0.0498442367601246,0.314641744548287,0.32093023255814,1,0.678899082568807,1,1,1,0.998435054773083,1,1,0.00460829493087558,0.324655436447167,1,0.311708860759494,1,0.300314465408805,1,1,1,1,1,0.317411402157165,1,0.509493670886076,0.326053042121685,0.328220858895706,0.314465408805031,0.321711568938193,0.334905660377358,0.418238993710692,0.329153605015674,0.311728395061728,0.314329738058552,1,0.3198127925117,1,0.68558282208589,0.316692667706708,0.318112633181126,0.331761006289308,1,1,1,0.26530612244898,0.307098765432099,1,0.310832025117739,0.331797235023041,0.312404287901991,0.321592649310873,0.676609105180534,1,0.324031007751938,0.313084112149533,1,0.301282051282051,1,0.308396946564885,0.31496062992126,1,1,1,0.5296875,1,0.689167974882261,0.0832072617246596,0.321483771251932,1,1,0.0996932515337423,0.318461538461538,0.328548644338118,1,1,0.313271604938272,0.0278207109737249,0.00316455696202532,1,1,0.339366515837104,0.998439937597504,1,0.314329738058552,1,1,0.313271604938272,1,1,1,1,0.324451410658307,0.310810810810811,0.328,1,1,0.662538699690402,0.319314641744548,1,0.316770186335404,0.305246422893482,1,1,0.998459167950693,1,1,0.324367088607595,1,1,0.110047846889952,0.332819722650231,0.503154574132492,0.31104199066874,0.672523961661342,0.3203125,1,0.302215189873418,0.333333333333333,0.257229832572298,0.324159021406728,1,0.324242424242424,1,1,1,0.315625,0.326717557251908,0.998435054773083,0.92109500805153,0.0625978090766823,1,0.314728682170543,0.31687898089172,0.314375987361769,1,0.340943683409437,0.471317829457364,0.32348367029549,0.305900621118012,0.31629392971246,0.312893081761006,1,0.323390894819466,1,1,0,1,0.320373250388802,1,1,1,0.327613104524181,1,0.313694267515924,1,0.836671802773498,1,1,1,0.317829457364341,1,1,0.314241486068111,0.312788906009245,1,1,0.316770186335404,0.190184049079755,1,0.998454404945904,1,0,0.314375987361769,1,0.309597523219814,0.248427672955975,1,0.674454828660436,0.431818181818182,1,1,0.671641791044776,0.695384615384615,0.343307086614173,1,0.322932917316693,1,1,0.333333333333333,1,0.998432601880878,0.00940438871473354,0.325396825396825,1,1,0.331768388106416,1,1,0.307448494453249,0.335913312693498,1,1,1,0.530232558139535,0.309968847352025,0.345679012345679,0.317700453857791,0.331278890600925,0.694573643410853,0.328220858895706,0.325545171339564,0.317972350230415,0.24685534591195,0.321711568938193,1,0.322188449848024,0.998442367601246,0.316770186335404,0.0861027190332326,0.055045871559633,1,1,0.0422535211267606,1,0.679506933744222,0.0465116279069767,0.0142405063291139,1,0.684458398744113,1,1,0.55,1,0,0.0731319554848967,1,1,1,0.324921135646688,0.649851632047478,0.687702265372168,0.992378048780488,1,0.981735159817352,0.302507836990596,0.339563862928349,1,0.300623052959502,1,0.373831775700935,0.109697933227345,0.30781010719755,0.318862275449102,0.325542570951586,1,0.0792682926829268,1,1,1,0.265553869499241,0.3232,1,0.3171875,1,1,0.309451219512195,1,0.326687116564417,1,0.307086614173228,0.324492979719189,1,0.677725118483412,0.321752265861027,1,0.311708860759494,0.7625,0.317629179331307,0.162826420890937,0.319277108433735,0.777434312210201,0.308917197452229,1,0.320433436532508,0.338391502276176,0.292307692307692,1,1,1,0.966129032258065,0.343137254901961,1,0.324881141045959,1,0.325842696629214,0.32,1,1,1,0.916666666666667,1,0.304953560371517,0.325153374233129,1,1,0.0507936507936508,0.0802469135802469,1,1,0.301261829652997,1,1,0.314728682170543,1,1,0.677018633540373,0.526234567901235,1,0,1,1,0.100763358778626,0.326053042121685,1,0.323763955342903,0.998442367601246,0.962085308056872,0.998435054773083,0.822530864197531,1,0.327974276527331,1,1,1,0,0.309562398703404,1,1,0.672985781990521,1,0.31733746130031,0.359877488514548,0.325688073394495,1,1,1,0.0950226244343891,0.318037974683544,0.0907643312101911,0.998430141287284,0.310975609756098,0.312307692307692,0.351432880844646,0,1,0.955038759689922,1,1,0.322784810126582,0.306976744186047,0.1578125,0.0421216848673947,0.317757009345794,0.31055900621118,0.329770992366412,0.00158982511923688,0.320493066255778,1,0,0.317700453857791,1,1,1,0.312693498452012,0.317411402157165,0.0381558028616852,1,0.309859154929577,0.31055900621118,1,1,0.316770186335404,0.691693290734824,1,1,0.698738170347003,1,0.310872894333844,1,0.316118935837246,0.522342064714946,0.669195751138088,0.40785498489426,1,0.297213622291022,0.312401883830455,0.680491551459293,0.668702290076336,1,0.324159021406728,1,0.322775263951735,1,0.320493066255778,0.309904153354633,0.361370716510903,0.527522935779816,0.31911532385466,0.309375,0.665109034267913,0.321044546850998,0.153721682847896,1,0,1,0.294303797468354,1,0,0.320813771517997,0.318541996830428,1,0.0586466165413534,1,0.0855365474339036,0.340157480314961,1,0.0677165354330709,0.672839506172839,1,1,1,0.319870759289176,0.0410958904109589,1,0.425196850393701,0.101449275362319,0.360730593607306,0.322981366459627,0.326687116564417,1,1,1,1,1,0.0638297872340425,0.995398773006135,0.679566563467492,0.00445765230312036,0.31924882629108,1,1,1,1,0.0864779874213836,0.312977099236641,1,1,1,1,1,1,0.48030303030303,0.00158478605388273,1,0.086286594761171,0.316279069767442,0.433489827856025,1,0.398412698412698,0.311367380560132,0.309968847352025,1,0.043343653250774,0.322137404580153,1,1,0.368167202572347,0.309230769230769,0.313572542901716,0.318979266347687,0.998447204968944,0.325471698113208,0.323390894819466,0.427001569858713,0.322784810126582,0.970814132104455,0.324773413897281,0.0824088748019017,0.322981366459627,0,1,0.09375,0.313971742543171,0.323343848580442,0.316037735849057,1,1,1,1,1,1,0.332805071315372,1,0.317111459968603,0.309484193011647,0.615030674846626,0.676656151419558,1,1,0,0.315946348733234,0.123824451410658,0.998489425981873,0.0407523510971787,1,1,0.311811023622047,1,1,0.622848200312989,0.4128,0.995555555555556,0.080188679245283,0.0993690851735016,1,1,1,0.0890625,0,0.31651376146789,0.429245283018868,0.3125,0,0.327476038338658,0.0884676145339652,1,1,0.329249617151608,0.32370820668693,0.250388802488336,0.3328,0.311844077961019,0.316358024691358,1,1,0.334394904458599,1,0,1,0.231974921630094,1,0.67687595712098,1,0.3198127925117,0.307814992025518,0.0772797527047913,0.67530487804878,1,1,0.790625,0.889776357827476,0.318252730109204,0.316045380875203,1,0.320251177394035,0.26040061633282,0.322169059011164,1,0.108527131782946,1,1,0.322884012539185,0.688394276629571,0.308544303797468,1,1,0.306501547987616,0.310664605873261,0.324734446130501,0.863492063492064,0.3216,1,0.0537634408602151,1,1,0.695924764890282,0.652448657187994,0.323717948717949,0.0538461538461538,0.322480620155039,1,1,0.316846986089645,0.329113924050633,0.612213740458015,1,0.311728395061728,0.383792048929664,0.306153846153846,0.986425339366516,0.471337579617834,0.00464396284829721,0.303405572755418,0.327794561933535,0.331269349845201,0.321766561514196,0.31866464339909,0.977099236641221,1,0.315068493150685,0.546191247974068,0.681747269890796,0.241112828438949,0.689873417721519,1,0.328660436137072,0.00315457413249211,0.330708661417323,0.312111801242236,0.370769230769231,0.32807570977918,0,0.339009287925697,0.326984126984127,0.324409448818898,0.309486780715397
"721",1,1,1,1,1,1,0.69485903814262,1,1,0.100334448160535,1,0.0432,0.803921568627451,1,0.324149108589951,0.317307692307692,0.0678233438485804,0.678333333333333,1,1,0.297208538587849,0.318032786885246,1,0.16,1,0.332802547770701,0.318032786885246,1,1,0.781402936378467,0.310015898251192,0.713607594936709,0.961783439490446,0.31687898089172,0,1,0.549679487179487,1,0.307210031347962,1,0.6672,0.671474358974359,0.69375,1,1,0.316476345840131,0.314873417721519,0.312698412698413,0.328571428571429,0.328548644338118,0,1,0.317034700315457,1,1,0.490131578947368,0.568403908794788,1,1,1,0.335453100158982,0.329545454545455,0.322950819672131,0.679425837320574,1,1,0.0401284109149278,1,0.0551181102362205,0.325,1,0.325358851674641,0.322314049586777,0.963576158940397,0.525316455696203,1,0.320251177394035,0.338050314465409,1,0.321548821548822,0.0934891485809683,0.326829268292683,0.328525641025641,1,0.340222575516693,1,1,1,1,0.691318327974277,1,1,0.00160771704180064,0.107936507936508,1,0.0454545454545455,0,1,0.569078947368421,0.668284789644013,1,0.0517799352750809,0.320512820512821,1,0.320388349514563,1,0.670906200317965,1,0.325842696629214,0.326923076923077,0.320634920634921,1,0.327974276527331,1,0.500789889415482,1,0.317152103559871,0.301282051282051,0.325077399380805,0.324013157894737,0.496815286624204,0.998384491114701,0.323296354992076,0.316993464052288,1,0.306836248012719,1,1,0.323671497584541,0.548989113530327,1,0.321543408360129,1,0.043343653250774,1,0.316455696202532,0.672,0.332283464566929,0.93354943273906,0.438625204582651,0.106451612903226,0.0967741935483871,1,1,0.34185303514377,1,0.330232558139535,1,0.799363057324841,1,0.326797385620915,1,1,1,1,0.340222575516693,1,0.326829268292683,0.256778309409888,1,0.311004784688995,1,0.30379746835443,0.0866013071895425,1,0.321724709784411,1,1,1,0.3408,1,0.329563812600969,1,0.31139646869984,1,0.3216,0.0800627943485086,1,0.626689189189189,1,1,0.321311475409836,1,1,1,1,0.330097087378641,0.315955766192733,1,0.998381877022654,0.333855799373041,0.315181518151815,1,0.45933014354067,0.670278637770898,0,0.323151125401929,0.671451355661882,1,0.322834645669291,1,0.998444790046656,1,0.326465927099842,0.326053042121685,0.325581395348837,1,1,1,0,1,0.313213703099511,0.975806451612903,0.325769854132901,0.309409888357257,0.769354838709677,1,1,1,1,1,0.0421393841166937,0.323529411764706,0.328050713153724,1,0.677316293929712,1,1,1,0.998412698412698,1,1,0.00317460317460317,0.31629392971246,1,0.314754098360656,1,0.30952380952381,1,1,1,1,1,0.32137030995106,1,0.506493506493506,0.332258064516129,0.325508607198748,0.316639741518578,0.330605564648118,0.331715210355987,0.421647819063005,0.3296,0.323854660347551,0.3088,1,0.320388349514563,1,0.685358255451713,0.319554848966614,0.305863708399366,0.344262295081967,1,1,1,0.254071661237785,0.317817014446228,1,0.332258064516129,0.32807570977918,0.317817014446228,0.322222222222222,0.678972712680578,1,0.325914149443561,0.317589576547231,1,0.318481848184819,1,0.316455696202532,0.316639741518578,1,1,1,0.544871794871795,1,0.681744749596123,0.07981220657277,0.327447833065811,1,1,0.0980707395498392,0.320126782884311,0.330081300813008,1,1,0.308562197092084,0.0256,0.00163398692810458,1,1,0.337519623233909,1,1,0.322834645669291,1,1,0.326892109500805,1,1,1,1,0.332258064516129,0.316957210776545,0.32952691680261,1,1,0.677115987460815,0.319078947368421,1,0.320126782884311,0.305993690851735,1,1,0.998427672955975,1,1,0.32695374800638,1,1,0.111475409836066,0.333855799373041,0.492776886035313,0.314516129032258,0.666666666666667,0.326433121019108,1,0.314935064935065,0.332792207792208,0.251592356687898,0.322834645669291,1,0.331240188383046,1,1,1,0.315447154471545,0.329704510108865,0.998432601880878,0.919275123558484,0.0611916264090177,1,0.323899371069182,0.321895424836601,0.319935691318328,1,0.337539432176656,0.483922829581994,0.3328,0.312297734627832,0.315533980582524,0.306451612903226,1,0.32626427406199,1,1,0,1,0.321543408360129,1,1,1,0.3278955954323,1,0.315,1,0.832,1,1,1,0.321656050955414,1,1,0.317307692307692,0.317307692307692,1,1,0.315873015873016,0.195618153364632,1,0.998394863563403,1,0,0.320388349514563,1,0.3125,0.24,1,0.674050632911392,0.433903576982893,1,1,0.672281776416539,0.694041867954911,0.34621578099839,1,0.328548644338118,1,1,0.336569579288026,1,0.998392282958199,0.00642054574638844,0.329011345218801,1,1,0.326923076923077,1,1,0.312,0.334920634920635,1,1,1,0.520249221183801,0.317384370015949,0.34789644012945,0.323029366306028,0.338658146964856,0.690938511326861,0.330188679245283,0.328,0.319047619047619,0.239024390243902,0.319467554076539,1,0.320695102685624,0.99837925445705,0.315789473684211,0.0853080568720379,0.0507131537242472,1,1,0.037037037037037,1,0.6796875,0.0414673046251994,0.00802568218298555,1,0.677265500794913,1,1,0.548387096774194,1,0,0.0770491803278689,1,1,1,0.32300163132137,0.653030303030303,0.685245901639344,0.995192307692308,1,0.988941548183254,0.313504823151125,0.331189710610932,1,0.307317073170732,1,0.373983739837398,0.111831442463533,0.311605723370429,0.323854660347551,0.33781512605042,1,0.0829420970266041,1,1,1,0.259141494435612,0.328478964401294,1,0.323717948717949,1,1,0.316957210776545,1,0.328149300155521,1,0.317152103559871,0.324193548387097,1,0.672,0.317262830482115,1,0.309061488673139,0.752791068580542,0.322734499205087,0.168539325842697,0.327639751552795,0.76555023923445,0.314424635332253,1,0.330670926517572,0.342812006319115,0.292407108239095,1,1,1,0.969747899159664,0.338870431893688,1,0.320785597381342,1,0.316666666666667,0.325508607198748,1,1,1,0.920711974110032,1,0.320754716981132,0.328571428571429,1,1,0.0443349753694581,0.0837359098228663,1,1,0.311582381729201,1,1,0.322683706070288,1,1,0.67741935483871,0.552547770700637,1,0,1,1,0.103338632750397,0.325806451612903,1,0.323624595469256,0.998376623376623,0.968051118210863,0.998363338788871,0.815580286168522,1,0.332242225859247,1,1,1,0,0.314569536423841,1,1,0.668292682926829,1,0.324237560192616,0.359497645211931,0.325769854132901,1,1,1,0.0930599369085174,0.322475570032573,0.0943708609271523,0.998376623376623,0.31911532385466,0.308426073131955,0.3488,0,1,0.958199356913183,1,1,0.327447833065811,0.302215189873418,0.169105691056911,0.037156704361874,0.329011345218801,0.315533980582524,0.327476038338658,0.00161030595813205,0.313099041533546,1,0,0.320126782884311,1,1,1,0.319354838709677,0.320126782884311,0.0335570469798658,1,0.319805194805195,0.320063694267516,1,1,0.323624595469256,0.683168316831683,1,1,0.684975767366721,1,0.311708860759494,1,0.318627450980392,0.540880503144654,0.666141732283465,0.415748031496063,1,0.306376360808709,0.323343848580442,0.678972712680578,0.661904761904762,1,0.32741935483871,1,0.323529411764706,1,0.326465927099842,0.319672131147541,0.3456,0.518341307814992,0.326194398682043,0.314238952536825,0.662379421221865,0.32695374800638,0.156765676567657,1,0,1,0.305691056910569,1,0,0.328571428571429,0.324590163934426,1,0.0570987654320988,1,0.086677367576244,0.346774193548387,1,0.0632090761750405,0.66884176182708,1,1,1,0.312605042016807,0.0395569620253165,1,0.425081433224756,0.0981996726677578,0.3546875,0.328050713153724,0.332802547770701,1,1,1,1,1,0.0635658914728682,0.995253164556962,0.67515923566879,0.00310077519379845,0.326018808777429,1,1,1,1,0.0885668276972625,0.316118935837246,1,1,1,1,1,1,0.498417721518987,0.00164744645799012,1,0.0837282780410742,0.325806451612903,0.44215530903328,1,0.389967637540453,0.312709030100334,0.31687898089172,1,0.0384,0.323248407643312,1,1,0.372322899505766,0.318681318681319,0.314194577352472,0.32279534109817,0.998412698412698,0.32569558101473,0.32475884244373,0.426016260162602,0.322528363047002,0.97191887675507,0.318681318681319,0.0855263157894737,0.339712918660287,0,1,0.0886699507389163,0.309446254071661,0.3278955954323,0.322006472491909,1,1,1,1,1,1,0.337748344370861,1,0.32,0.314189189189189,0.604166666666667,0.673333333333333,1,1,0,0.322327044025157,0.12540192926045,0.998432601880878,0.0368589743589744,1,1,0.315619967793881,1,1,0.626427406199021,0.425,0.995384615384615,0.0796747967479675,0.0981996726677578,1,1,1,0.0925324675324675,0,0.325434439178515,0.415857605177994,0.314873417721519,0,0.330097087378641,0.090311986863711,1,1,0.32484076433121,0.320907617504052,0.238325281803543,0.341625207296849,0.316957210776545,0.320634920634921,1,1,0.328478964401294,1,0,1,0.21656050955414,1,0.667192429022082,1,0.317589576547231,0.305280528052805,0.0774193548387097,0.674050632911392,1,1,0.785016286644951,0.898193760262726,0.32512315270936,0.326732673267327,1,0.32300163132137,0.250409165302782,0.332247557003257,1,0.105008077544426,1,1,0.326298701298701,0.664473684210526,0.312903225806452,1,1,0.313195548489666,0.307692307692308,0.327102803738318,0.861958266452649,0.31869918699187,1,0.0564516129032258,1,1,0.696141479099678,0.652733118971061,0.32463295269168,0.0532258064516129,0.329545454545455,1,1,0.308441558441558,0.338164251207729,0.623397435897436,1,0.314465408805031,0.375987361769352,0.317891373801917,0.984276729559748,0.473941368078176,0.00315457413249211,0.310126582278481,0.328149300155521,0.330618892508143,0.31973898858075,0.326018808777429,0.974882260596546,1,0.318770226537217,0.557595993322204,0.689710610932476,0.230891719745223,0.6875,1,0.3264,0.0032626427406199,0.3344,0.314785373608903,0.373996789727127,0.327361563517915,0,0.338658146964856,0.325732899022801,0.329011345218801,0.316558441558442
"722",1,1,1,1,1,1,0.696920583468395,1,1,0.0978792822185971,1,0.0502354788069074,0.816,1,0.322006472491909,0.308186195826645,0.0675039246467818,0.686371100164204,1,1,0.295819935691318,0.317741935483871,1,0.160629921259843,1,0.324367088607595,0.321428571428571,1,1,0.787781350482315,0.312893081761006,0.734375,0.966824644549763,0.322222222222222,0,1,0.5421875,1,0.304147465437788,1,0.658692185007974,0.671949286846276,0.688087774294671,1,1,0.311183144246353,0.314606741573034,0.320813771517997,0.326530612244898,0.329192546583851,0,1,0.319047619047619,1,1,0.496732026143791,0.552504038772213,1,1,1,0.339712918660287,0.3232,0.328455284552846,0.67741935483871,1,1,0.0403877221324717,1,0.0652173913043478,0.328197226502311,1,0.327613104524181,0.330065359477124,0.970873786407767,0.513556618819777,1,0.3140625,0.339035769828927,1,0.31973898858075,0.0897009966777409,0.333333333333333,0.327922077922078,1,0.347133757961783,1,1,1,1,0.688,1,1,0.00160513643659711,0.105678233438486,1,0.0489296636085627,0,1,0.566284779050736,0.669381107491857,1,0.0563607085346216,0.318327974276527,1,0.325281803542673,1,0.679873217115689,1,0.323577235772358,0.317111459968603,0.324960753532182,1,0.329704510108865,1,0.48503937007874,1,0.3184,0.291600633914422,0.326594090202177,0.319870759289176,0.481889763779528,0.998392282958199,0.322378716744914,0.31869918699187,1,0.306962025316456,1,1,0.322274881516588,0.549382716049383,1,0.314102564102564,1,0.047112462006079,1,0.319182389937107,0.67032967032967,0.334384858044164,0.924193548387097,0.438511326860841,0.106969205834684,0.0993690851735016,1,1,0.335974643423138,1,0.321483771251932,1,0.799684542586751,1,0.327361563517915,1,1,1,1,0.338658146964856,1,0.329032258064516,0.264659270998415,1,0.316692667706708,1,0.303030303030303,0.0870253164556962,1,0.313408723747981,1,1,1,0.338006230529595,1,0.330658105939005,1,0.311111111111111,1,0.328,0.078740157480315,1,0.640522875816993,1,1,0.320907617504052,1,1,1,1,0.331746031746032,0.31911532385466,1,0.998412698412698,0.320872274143302,0.313213703099511,1,0.451612903225806,0.66358024691358,0,0.32755905511811,0.66131621187801,1,0.327014218009479,1,0.998442367601246,1,0.322834645669291,0.324574961360124,0.328407224958949,1,1,1,0,1,0.315112540192926,0.971428571428571,0.334410339256866,0.316211878009631,0.747235387045814,1,1,1,1,1,0.0479233226837061,0.317384370015949,0.327102803738318,1,0.672413793103448,1,1,0.998381877022654,0.998430141287284,1,1,0.00477707006369427,0.315217391304348,1,0.321311475409836,1,0.301391035548686,1,1,1,1,1,0.326433121019108,1,0.5136,0.33063209076175,0.334384858044164,0.318181818181818,0.322683706070288,0.336569579288026,0.423645320197044,0.337539432176656,0.319182389937107,0.313880126182965,1,0.325878594249201,1,0.68503937007874,0.326530612244898,0.307332293291732,0.341423948220065,1,1,1,0.255961844197138,0.314785373608903,1,0.329508196721311,0.33179012345679,0.317307692307692,0.322222222222222,0.678513731825525,1,0.326120556414219,0.318327974276527,1,0.305555555555556,1,0.313846153846154,0.318910256410256,1,1,1,0.536624203821656,1,0.682389937106918,0.0869565217391304,0.320813771517997,1,1,0.0998439937597504,0.321259842519685,0.327390599675851,1,1,0.315789473684211,0.0269413629160063,0.00324675324675325,1,1,0.343701399688958,0.998432601880878,1,0.310832025117739,1,1,0.322981366459627,1,1,1,1,0.330143540669856,0.309119010819165,0.338283828382838,1,1,0.667716535433071,0.322327044025157,1,0.323943661971831,0.303514376996805,1,1,0.998417721518987,1,1,0.327503974562798,1,1,0.114516129032258,0.342229199372057,0.496835443037975,0.3104,0.673076923076923,0.324281150159744,1,0.318627450980392,0.33974358974359,0.264385692068429,0.32755905511811,1,0.3296875,1,1,1,0.309904153354633,0.326594090202177,0.998407643312102,0.920922570016474,0.0659163987138264,1,0.316455696202532,0.324149108589951,0.313915857605178,1,0.330188679245283,0.46993670886076,0.328616352201258,0.313001605136437,0.324104234527687,0.30278232405892,1,0.323577235772358,1,1,0,1,0.326433121019108,1,1,1,0.330097087378641,1,0.315875613747954,1,0.82753164556962,1,1,1,0.323763955342903,1,1,0.312,0.317891373801917,1,1,0.317034700315457,0.195238095238095,1,0.998425196850394,1,0,0.308186195826645,1,0.325878594249201,0.249597423510467,1,0.672386895475819,0.428348909657321,1,1,0.673312883435583,0.69551282051282,0.355095541401274,1,0.325358851674641,1,1,0.336012861736334,1,0.998405103668262,0.00792393026941363,0.325842696629214,1,1,0.333878887070376,1,1,0.311290322580645,0.336477987421384,1,1,1,0.54066985645933,0.312202852614897,0.353407290015848,0.322085889570552,0.336990595611285,0.681528662420382,0.335423197492163,0.321259842519685,0.326498422712934,0.248407643312102,0.322422258592471,1,0.324074074074074,0.998407643312102,0.32182103610675,0.0900621118012422,0.0535433070866142,1,1,0.0421875,1,0.677469135802469,0.0479233226837061,0.0129032258064516,1,0.6734375,1,1,0.557911908646003,1,0,0.076797385620915,1,1,1,0.331730769230769,0.641881638846737,0.68976897689769,0.995341614906832,1,0.980861244019139,0.308544303797468,0.331179321486268,1,0.3088,1,0.377567140600316,0.112012987012987,0.305511811023622,0.321372854914197,0.3446519524618,1,0.0815047021943574,1,1,1,0.260188087774295,0.324675324675325,1,0.325320512820513,1,1,0.309859154929577,1,0.325115562403698,1,0.312903225806452,0.324281150159744,1,0.676375404530744,0.316923076923077,1,0.317073170731707,0.762658227848101,0.327102803738318,0.159055118110236,0.325153374233129,0.761075949367089,0.310177705977383,1,0.331210191082803,0.3486529318542,0.300314465408805,1,1,1,0.969155844155844,0.338211382113821,1,0.320723684210526,1,0.324013157894737,0.323664122137405,1,1,1,0.917460317460317,1,0.318037974683544,0.319935691318328,1,1,0.0505709624796085,0.0831973898858075,1,1,0.311793214862682,1,1,0.315112540192926,1,1,0.679245283018868,0.539657853810264,1,0,1,1,0.10377358490566,0.329073482428115,1,0.317683881064163,0.998405103668262,0.964968152866242,0.998417721518987,0.815165876777251,1,0.327272727272727,1,1,1,0,0.310344827586207,1,1,0.667192429022082,1,0.319554848966614,0.360629921259843,0.325949367088608,1,1,1,0.0930232558139535,0.322061191626409,0.0926829268292683,0.998371335504886,0.321766561514196,0.3140625,0.365814696485623,0,1,0.955696202531646,1,1,0.328548644338118,0.309375,0.167202572347267,0.0435483870967742,0.330112721417069,0.313694267515924,0.338141025641026,0.00161290322580645,0.316957210776545,1,0,0.321316614420063,1,1,1,0.325396825396825,0.3328173374613,0.0357723577235772,1,0.311897106109325,0.3125,1,1,0.321875,0.689655172413793,1,1,0.683441558441558,1,0.31839258114374,1,0.329093799682035,0.52755905511811,0.664556962025316,0.411214953271028,1,0.296583850931677,0.311811023622047,0.679186228482003,0.662519440124417,1,0.331230283911672,1,0.324451410658307,1,0.321875,0.313001605136437,0.364365971107544,0.540157480314961,0.31869918699187,0.317230273752013,0.657556270096463,0.31875,0.158415841584158,1,0,1,0.306349206349206,1,0,0.325806451612903,0.315705128205128,1,0.0611620795107034,1,0.090032154340836,0.335987261146497,1,0.0661417322834646,0.665071770334928,1,1,1,0.319932998324958,0.0420560747663551,1,0.436688311688312,0.0950080515297907,0.360123647604328,0.324367088607595,0.330188679245283,1,1,1,1,1,0.0676923076923077,0.996870109546166,0.678343949044586,0.00452488687782805,0.330143540669856,1,1,1,1,0.0914927768860353,0.323943661971831,1,1,1,1,1,1,0.488335925349922,0.00162074554294976,1,0.0834645669291339,0.324367088607595,0.431309904153355,1,0.40224358974359,0.30983606557377,0.31629392971246,1,0.0451713395638629,0.32755905511811,1,1,0.378205128205128,0.312893081761006,0.3168,0.323529411764706,0.998430141287284,0.330645161290323,0.323809523809524,0.426016260162602,0.320574162679426,0.97196261682243,0.315707620528771,0.0901771336553945,0.330128205128205,0,1,0.0896,0.310789049919485,0.320388349514563,0.325842696629214,1,1,1,1,1,1,0.340356564019449,1,0.317965023847377,0.321489001692047,0.615262321144674,0.676236044657097,1,1,0,0.321483771251932,0.125,0.998449612403101,0.0385852090032154,1,1,0.315447154471545,1,1,0.630114566284779,0.427168576104746,0.996960486322188,0.0826580226904376,0.100649350649351,1,1,1,0.0887480190174326,0,0.328125,0.424483306836248,0.321428571428571,0,0.32843137254902,0.0915032679738562,1,1,0.327613104524181,0.322884012539185,0.246031746031746,0.339774557165862,0.320813771517997,0.334389857369255,1,1,0.330618892508143,1,0,1,0.230769230769231,1,0.663507109004739,1,0.3168,0.310177705977383,0.0759493670886076,0.670846394984326,1,1,0.786516853932584,0.899665551839465,0.322422258592471,0.314845024469821,1,0.32475884244373,0.258730158730159,0.323624595469256,1,0.101910828025478,1,1,0.323051948051948,0.671497584541063,0.311793214862682,1,1,0.316535433070866,0.318979266347687,0.313271604938272,0.86437908496732,0.313213703099511,1,0.0581761006289308,1,1,0.691455696202532,0.635930047694754,0.329489291598023,0.0624,0.331189710610932,1,1,0.307692307692308,0.328548644338118,0.618670886075949,1,0.3125,0.382581648522551,0.311501597444089,0.987460815047022,0.479559748427673,0.00320512820512821,0.312302839116719,0.332293291731669,0.336,0.32137030995106,0.3171875,0.967084639498433,1,0.323296354992076,0.554649265905383,0.67741935483871,0.243285939968404,0.68046357615894,1,0.32484076433121,0.00324675324675325,0.328050713153724,0.318979266347687,0.371294851794072,0.326229508196721,0,0.341772151898734,0.319148936170213,0.33495145631068,0.323809523809524
"723",0.314332247557003,0.337539432176656,0.333865814696486,0.338788870703764,0.325732899022801,0.3216,0.0241935483870968,0.33278955954323,0.327476038338658,0.559016393442623,0.3296,0.625990491283677,0.533980582524272,0.332805071315372,0.983844911147011,0.980922098569157,0.61128526645768,0.013136288998358,0.351046698872786,0.32258064516129,0.982428115015974,0.984025559105431,0.334379905808477,0.50788643533123,0.326018808777429,0.98740157480315,0.981967213114754,0.334959349593496,0.322429906542056,0.552,0.981012658227848,0.609250398724083,0.378548895899054,0.985645933014354,0.645669291338583,0.325581395348837,0.127527216174184,0.335423197492163,0.980061349693252,0.320251177394035,0.014218009478673,0.0157977883096366,0.0173228346456693,0.337133550488599,0.3322528363047,0.987096774193548,0.988835725677831,0.9796875,0.981191222570533,0.984326018808777,0.678233438485804,0.33652312599681,0.97984496124031,0.340288924558588,0.325914149443561,0.838815789473684,0.110932475884244,0.336553945249597,0.328660436137072,0.33974358974359,0.9858934169279,0.983974358974359,0.984202211690363,0.00646203554119548,0.327272727272727,0.329073482428115,0.651685393258427,0.334943639291465,0.596573208722741,0.982785602503912,0.336990595611285,0.984025559105431,0.986928104575163,0.298850574712644,0.149842271293375,0.327188940092166,0.982785602503912,0.990580847723705,0.336990595611285,0.988673139158576,0.586264656616415,0.988835725677831,0.9808,0.339563862928349,0.985781990521327,0.334890965732087,0.321543408360129,0.349840255591054,0.331738437001595,0.0157232704402516,0.331738437001595,0.335913312693498,0.672307692307692,0.567353407290016,0.32741935483871,0.627511591962906,0.670846394984326,0.333333333333333,0.110929853181077,0.0147783251231527,0.32755905511811,0.606299212598425,0.984202211690363,0.327302631578947,0.980738362760835,0.335515548281506,0.0173501577287066,0.333863275039746,0.979462875197472,0.984177215189873,0.984326018808777,0.322169059011164,0.990476190476191,0.327974276527331,0.186915887850467,0.31937984496124,0.984177215189873,0.350237717908082,0.979623824451411,0.98389694041868,0.179080824088748,0.327073552425665,0.984567901234568,0.985221674876847,0.342271293375394,0.980830670926518,0.32824427480916,0.325,0.348242811501597,0.744615384615385,0.335537190082645,0.984,0.340356564019449,0.624233128834356,0.34094616639478,0.981279251170047,0.0139751552795031,0.982511923688394,0.391785150078989,0.871287128712871,0.563897763578275,0.581059390048154,0.3328,0.332242225859247,0.982649842271293,0.320634920634921,0.981651376146789,0.324281150159744,0.519500780031201,0.335365853658537,0.985623003194888,0.314785373608903,0.33278955954323,0.3322528363047,0.345047923322684,0.9792663476874,0.322683706070288,0.983686786296901,0.425196850393701,0.340222575516693,0.984447900466563,0.334905660377358,0.985623003194888,0.57395498392283,0.329032258064516,0.99021207177814,0.326498422712934,0.323943661971831,0.341307814992026,0.988871224165342,0.340764331210191,0.987138263665595,0.341346153846154,0.987281399046105,0.333876221498371,0.982200647249191,0.583732057416268,0.306962025316456,0.0229132569558101,0.314009661835749,0.32741935483871,0.983766233766234,0.318541996830428,0.333333333333333,0.326018808777429,0.338709677419355,0.984276729559748,0.985759493670886,0.337171052631579,0.332805071315372,0.981538461538462,0.984051036682616,0.330683624801272,0.230524642289348,0.0122324159021407,0.669826224328594,0.984076433121019,0.00952380952380952,0.328616352201258,0.980982567353407,0.33868378812199,0.313385826771654,0.3203125,0.984025559105431,0.985959438377535,0.983818770226537,0.341085271317829,0.337190082644628,0.331738437001595,0.668810289389068,0.321711568938193,0.983922829581994,0.359746434231379,0.983870967741935,0.9859375,0.42472266244057,0.333870967741935,0.327044025157233,0.333860759493671,0.313001605136437,0.32,0.639240506329114,0.980769230769231,0.982785602503912,0.328125,0.0110236220472441,0.336434108527132,0.330769230769231,0.3344,0.324367088607595,0.316957210776545,0.326625386996904,0.679127725856698,0.346273291925466,0.325434439178515,0.983686786296901,0.330112721417069,0.981308411214953,0.31974921630094,0.325281803542673,0.329073482428115,0.342532467532468,0.321724709784411,0.988906497622821,0.34375,0.811688311688312,0.984639016897081,0.9875,0.991974317817014,0.985576923076923,0.980487804878049,0.880064829821718,0.980922098569157,0.987321711568938,0.9858934169279,0.329211746522411,0.983948635634029,0.333884297520661,0.0140845070422535,0.982704402515723,0.373065015479876,0.979066022544283,0.339285714285714,0.340872374798061,0.336492890995261,0.403536977491961,0.982315112540193,0.3359375,0.984126984126984,0.983128834355828,0.987096774193548,0.984251968503937,0.0113085621970921,0.328100470957614,0.984301412872841,0.985645933014354,0.331738437001595,0.983844911147011,0.329721362229102,0.985981308411215,0.987301587301587,0.318032786885246,0.33768352365416,0.310897435897436,0.12924071082391,0.331168831168831,0.0127591706539075,0.583841463414634,0.990415335463259,0.332278481012658,0.336538461538462,0.566929133858268,0.984051036682616,0.985530546623794,0.335504885993485,0.332805071315372,0.981012658227848,0.646592709984152,0.683279742765273,0.320450885668277,0.33003300330033,0.992295839753467,0.337579617834395,0.327639751552795,0.985804416403785,0.326433121019108,0.321875,0.987261146496815,0.322834645669291,0.331179321486268,0.33175355450237,0.323248407643312,0.985668789808917,0.984709480122324,0.985270049099836,0.3184,0.330081300813008,0.0253968253968254,0.990415335463259,0.342019543973941,0.984227129337539,0.984276729559748,0.321428571428571,0.335949764521193,0.32120253164557,0.333333333333333,0.327044025157233,0.982229402261712,0.3232,0.3216,0.551219512195122,0.986068111455108,0.819063004846527,0.980769230769231,0.0207667731629393,0.981220657276995,0.329754601226994,0.982428115015974,0.987261146496815,0.398744113029827,0.981279251170047,0.331699346405229,0.982785602503912,0.329052969502408,0.311501597444089,0.321766561514196,0.985645933014354,0.982677165354331,0.327503974562798,0.414075286415712,0.600969305331179,0.310897435897436,0.982704402515723,0.983844911147011,0.983792544570502,0.332797427652733,0.982649842271293,0.190174326465927,0.984301412872841,0.982343499197432,0.983686786296901,0.984025559105431,0.3328125,0.982456140350877,0.327787021630616,0.340764331210191,0.664012738853503,0.318255250403877,0.9824,0.337559429477021,0.331230283911672,0.3264,0.984076433121019,0.32,0.982200647249191,0.335403726708075,0.486443381180223,0.328548644338118,0.333333333333333,0.327131782945736,0.98256735340729,0.330081300813008,0.315705128205128,0.982511923688394,0.984126984126984,0.33015873015873,0.325984251968504,0.984227129337539,0.467289719626168,0.325281803542673,0.343799058084772,0.339116719242902,0.666139240506329,0.980487804878049,0.311986863711002,0.987341772151899,0.399046104928458,0.325878594249201,0.0177133655394525,0.894899536321484,0.331147540983607,0.327014218009479,0.0135746606334842,0.0481540930979133,0.995283018867924,0.333333333333333,0.982785602503912,0.332794830371567,0.32396694214876,0.982286634460548,0.331775700934579,0.336492890995261,0.64937106918239,0.982594936708861,0.330143540669856,0.334935897435897,0.983974358974359,0.324451410658307,0.320907617504052,0.98389694041868,0.327044025157233,0.336025848142165,0.331775700934579,0.343402225755167,0.81619937694704,0.98116169544741,0.962783171521036,0.986003110419907,0.981132075471698,0.0111821086261981,0.985915492957746,0.984101748807631,0.989010989010989,0.411858974358974,0.988727858293076,0.322429906542056,0.98613251155624,0.344715447154472,0.988871224165342,0.583975346687211,0.611374407582938,0.331782945736434,0.331210191082803,0.632165605095541,0.326797385620915,0.0140845070422535,0.614896988906498,0.66984126984127,0.330721003134796,0.0141509433962264,0.326433121019108,0.325320512820513,0.747572815533981,0.331230283911672,0.667721518987342,0.577049180327869,0.324324324324324,0.329093799682035,0.3140625,0.987179487179487,0.0179640718562874,0.0165016501650165,0.330173775671406,0.334928229665072,0.347962382445141,0.984301412872841,0.323624595469256,0.32182103610675,0.985413290113452,0.312989045383412,0.963549920760697,0.553945249597424,0.98256735340729,0.980030721966206,0.98471986417657,0.329211746522411,0.592417061611374,0.336405529953917,0.332781456953642,0.335443037974684,0.405956112852665,0.983974358974359,0.323577235772358,0.982171799027553,0.329563812600969,0.325769854132901,0.984399375975039,0.332802547770701,0.980091883614089,0.331189710610932,0.982315112540193,0.982594936708861,0.339089481946625,0.0128205128205128,0.981308411214953,0.327586206896552,0.990430622009569,0.576862123613312,0.981762917933131,0.493730407523511,0.982919254658385,0.572815533980582,0.985576923076923,0.336065573770492,0.984,0.984251968503937,0.981012658227848,0.323899371069182,0.332268370607029,0.328725038402458,0.361386138613861,0.307565789473684,0.317610062893082,0.98694942903752,0.335443037974684,0.978618421052632,0.979655712050078,0.348101265822785,0.324717285945073,0.328660436137072,0.406885758998435,0.332810047095761,0.9828125,0.982456140350877,0.336492890995261,0.335483870967742,0.61389337641357,0.581059390048154,0.32753164556962,0.337152209492635,0.982200647249191,0.325396825396825,0.326625386996904,0.977635782747604,0.319604612850082,0.330708661417323,0.0159235668789809,0.131782945736434,0.322169059011164,0.661993769470405,0.321086261980831,0.332814930015552,0.587774294670846,0.981132075471698,0.320695102685624,0.987301587301587,0.329073482428115,0.37156704361874,0.3264,0.492957746478873,0.325878594249201,0.985365853658537,0.334913112164297,0.332797427652733,0.339256865912762,0.67817896389325,0.983498349834984,0.337096774193548,0.325949367088608,0.0144694533762058,0.339144215530903,0.982539682539682,0.971653543307087,0.984177215189873,0.33015873015873,0.345047923322684,0.325242718446602,0.56786271450858,0.985507246376812,0.582113821138211,0.350565428109855,0.985826771653543,0.984152139461173,0.98125,0.666666666666667,0.347687400318979,0.369668246445498,0.332283464566929,0.331746031746032,0.982229402261712,0.979750778816199,0.5,0.623417721518987,0.980830670926518,0.982511923688394,0.9828125,0.678104575163399,0.985759493670886,0.333855799373041,0.670866141732283,0.981191222570533,0.334384858044164,0.3322528363047,0.334410339256866,0.9890625,0.984350547730829,0.629752066115702,0.3424,0.983792544570502,0.9828125,0.337559429477021,0.317683881064163,0.987261146496815,0.0181219110378913,0.326829268292683,0.322061191626409,0.00479233226837061,0.32807570977918,0.980061349693252,0.322061191626409,0.982428115015974,0.13015873015873,0.0173501577287066,0.886328725038402,0.33596214511041,0.982866043613707,0.981012658227848,0.014218009478673,0.0156494522691706,0.334920634920635,0.986003110419907,0.32300163132137,0.982919254658385,0.323101777059774,0.980830670926518,0.98546042003231,0.9824,0.768025078369906,0.985294117647059,0.982484076433121,0.00792393026941363,0.982594936708861,0.498333333333333,0.337096774193548,0.658267716535433,0.342812006319115,0.984051036682616,0.318910256410256,0.671383647798742,0.984177215189873,0.982315112540193,0.328990228013029,0.603053435114504,0.339622641509434,0.573268921095008,0.987240829346092,0.344444444444444,0.593059936908517,0.00636942675159236,0.325914149443561,0.33968253968254,0.334370139968896,0.985197368421053,0.625196850393701,0.333333333333333,0.910828025477707,0.5712,0.979655712050078,0.981132075471698,0.985826771653543,0.326923076923077,0.354735152487962,0.324193548387097,0.325434439178515,0.323763955342903,0.602167182662539,0.308892355694228,0.0128,0.669724770642202,0.982539682539682,0.340764331210191,0.3232,0.33495145631068,0.331775700934579,0.575663026521061,0.982731554160126,0.345201238390093,0.342948717948718,0.342668863261944,0.337078651685393,0.324921135646688,0.321086261980831,0.175,0.660714285714286,0.334935897435897,0.58641975308642,0.985736925515055,0.227488151658768,0.34181240063593,0.934747145187602,0.986688851913478,0.985781990521327,0.322734499205087,0.628526645768025,0.984251968503937,0.328197226502311,0.309791332263242,0.971153846153846,0.984177215189873,0.983948635634029,0.985221674876847,0.341194968553459,0.982084690553746,0.982677165354331,0.8768,0.984025559105431,0.356576862123613,0.983206106870229,0.575206611570248,0.9856,0.66403785488959,0.317307692307692,0.581583198707593,0.980582524271845,0.9856,0.985483870967742,0.343354430379747,0.336492890995261,0.337133550488599,0.332805071315372,0.337748344370861,0.340356564019449,1,0.3168,0.983844911147011,0.981292517006803,0.7203125,0.0142630744849445,0.337519623233909,0.321316614420063,0.672955974842767,0.983024691358025,0.549050632911392,0.341013824884793,0.629160063391442,0.330757341576507,0.324675324675325,0.98389694041868,0.327974276527331,0.328257191201354,0.668284789644013,0.886513157894737,0.33535660091047,0.588235294117647,0.565495207667732,0.341232227488152,0.338607594936709,0.3152,0.575039494470774,0.666141732283465,0.984251968503937,0.909952606635071,0.98297213622291,0.650393700787402,0.98546042003231,0.582664526484751,0.329073482428115,0.337096774193548,0.986089644513138,0.985691573926868,0.416139240506329,0.990147783251232,0.987301587301587,0.9875,0.329652996845426,0.342767295597484,0.987096774193548,0.328746177370031,0.674922600619195,0.342902711323764,0.437299035369775,0.304418985270049,0.0158478605388273,0.325,0.985804416403785,0.983844911147011,0.578947368421053,0.0141287284144427,0.340764331210191,0.336012861736334,0.118210862619808,0.410385259631491,0.983739837398374,0.985436893203884,0.326984126984127,0.988817891373802,0.400635930047695,0.987138263665595,0.338006230529595,0.568720379146919,0.337025316455696,0.331730769230769,0.984326018808777,0.0198347107438017,0.984025559105431,0.317152103559871,0.324281150159744,0.9858934169279,0.982539682539682,0.986046511627907,0.466237942122186,0.983766233766234,0.334920634920635,0.605345911949686,0.3359375,0.338815789473684,0.020440251572327,0.0254372019077901,0.980165289256198,0.606687898089172,0.984101748807631,0.338072669826224,0.340983606557377,0.978964401294498,0.984051036682616,0.153846153846154,0.327503974562798,0.984350547730829,0.882445141065831,0.985736925515055,0.332810047095761,0.189710610932476,0.654028436018957,0.984326018808777,0.984472049689441,0.980487804878049,0.983766233766234,0.981481481481482,0.300155520995334,0.323809523809524,0.986024844720497,0.113821138211382,0.0162866449511401,0.42472266244057,0.0148760330578512,0.32695374800638,0.9826224328594,0.667207792207792,0.985736925515055,0.986024844720497,0.870458135860979,0.985691573926868,0.662480376766091,0.985826771653543,0.987096774193548,0.987138263665595,0.987341772151899
"724",1,1,1,1,1,1,0.709728867623604,1,1,0.1008,1,0.0401234567901235,0.806603773584906,1,0.308176100628931,0.304347826086957,0.0658499234303216,0.693910256410256,1,1,0.290824261275272,0.30188679245283,1,0.153963414634146,1,0.328173374613003,0.313291139240506,1,1,0.764984227129338,0.308755760368664,0.723076923076923,0.964615384615385,0.310236220472441,0,1,0.564945226917058,1,0.293413173652695,1,0.671899529042386,0.692307692307692,0.698630136986301,1,1,0.311004784688995,0.300623052959502,0.300150829562594,0.320610687022901,0.322137404580153,0,1,0.314024390243902,1,1,0.490654205607477,0.582278481012658,1,1,1,0.321483771251932,0.30757341576507,0.309968847352025,0.68167701863354,1,1,0.0294573643410853,1,0.0595238095238095,0.315151515151515,1,0.309597523219814,0.316639741518578,0.962441314553991,0.529595015576324,1,0.30521472392638,0.33843797856049,1,0.313099041533546,0.0923566878980892,0.313971742543171,0.322274881516588,1,0.336405529953917,1,1,1,1,0.694915254237288,1,1,0.00154559505409583,0.109567901234568,1,0.0446153846153846,0,1,0.572784810126582,0.680314960629921,1,0.0529595015576324,0.309341500765697,1,0.307692307692308,1,0.689335394126739,1,0.302507836990596,0.317972350230415,0.305084745762712,1,0.325077399380805,1,0.506766917293233,1,0.311320754716981,0.304615384615385,0.321699544764795,0.311912225705329,0.497652582159624,1,0.319083969465649,0.307692307692308,1,0.297380585516179,1,1,0.337962962962963,0.538343558282209,1,0.313572542901716,1,0.0404191616766467,1,0.306060606060606,0.678353658536585,0.314728682170543,0.928792569659443,0.419672131147541,0.106750392464678,0.0982839313572543,1,1,0.326053042121685,1,0.305597579425113,1,0.797564687975647,1,0.317666126418152,1,1,1,1,0.32967032967033,1,0.314152410575428,0.25948406676783,1,0.302325581395349,1,0.306153846153846,0.0872274143302181,1,0.30188679245283,1,1,1,0.325617283950617,1,0.322327044025157,1,0.306027820710974,1,0.316279069767442,0.0798771121351766,1,0.65224358974359,1,1,0.312101910828025,1,1,1,1,0.31875,0.309230769230769,1,1,0.30757341576507,0.298412698412698,1,0.450532724505327,0.676557863501484,0,0.318181818181818,0.67651632970451,1,0.314503816793893,1,1,1,0.313364055299539,0.315467075038285,0.320126782884311,1,1,1,0,1,0.3015625,0.975039001560062,0.3171875,0.29595015576324,0.764341085271318,1,1,1,1,1,0.0432098765432099,0.311728395061728,0.315950920245399,1,0.687878787878788,1,1,0.998439937597504,1,1,1,0.00462249614791988,0.324655436447167,1,0.305810397553517,1,0.295208655332303,1,1,1,1,1,0.314375987361769,1,0.488888888888889,0.324492979719189,0.311248073959938,0.309859154929577,0.323076923076923,0.322429906542056,0.415873015873016,0.327613104524181,0.304212168486739,0.306153846153846,1,0.313271604938272,1,0.689863842662632,0.30757341576507,0.31651376146789,0.327586206896552,1,1,1,0.262830482115086,0.30829420970266,1,0.313880126182965,0.320121951219512,0.310291858678955,0.315870570107858,0.686821705426357,1,0.310872894333844,0.312210200927357,1,0.288431061806656,1,0.308755760368664,0.311349693251534,1,1,1,0.55868544600939,1,0.698890649762282,0.0903614457831325,0.31875,1,1,0.099236641221374,0.312883435582822,0.317817014446228,1,1,0.304477611940298,0.0233281493001555,0.00312989045383412,1,1,0.32370820668693,0.998452012383901,1,0.298325722983257,1,1,0.312307692307692,1,1,1,1,0.313385826771654,0.296851574212894,0.318840579710145,1,1,0.681957186544342,0.307453416149068,1,0.308868501529052,0.285271317829457,1,1,1,1,1,0.320872274143302,1,1,0.0974842767295598,0.318112633181126,0.47581903276131,0.300940438871473,0.6796875,0.309923664122137,1,0.30077519379845,0.326465927099842,0.267993874425727,0.311649016641452,1,0.320182094081942,1,1,1,0.305900621118012,0.31437125748503,1,0.925039872408293,0.0631911532385466,1,0.308641975308642,0.311111111111111,0.302215189873418,1,0.321699544764795,0.489827856025039,0.31839258114374,0.304953560371517,0.302215189873418,0.30188679245283,1,0.31911532385466,1,1,0,1,0.318885448916409,1,1,1,0.316535433070866,1,0.302362204724409,1,0.833333333333333,1,1,1,0.308049535603715,1,1,0.310185185185185,0.308777429467085,1,1,0.306501547987616,0.193009118541033,1,1,1,0,0.30379746835443,1,0.303125,0.258215962441315,1,0.685015290519878,0.41203007518797,1,1,0.683109118086697,0.707430340557275,0.336973478939158,1,0.313178294573643,1,1,0.322378716744914,1,1,0.0093167701863354,0.316358024691358,1,1,0.31875,1,1,0.300925925925926,0.344615384615385,1,1,1,0.516819571865443,0.296296296296296,0.334379905808477,0.313988095238095,0.321100917431193,0.693146417445483,0.315548780487805,0.32824427480916,0.310240963855422,0.251956181533646,0.317460317460317,1,0.317972350230415,1,0.304281345565749,0.0854572713643178,0.0458015267175573,1,1,0.0375586854460094,1,0.696646341463415,0.0414746543778802,0.014218009478673,1,0.691833590138675,1,1,0.541139240506329,1,0,0.0736677115987461,1,1,1,0.312989045383412,0.663716814159292,0.696141479099678,0.9921875,1,0.983206106870229,0.294117647058824,0.341194968553459,1,0.291277258566978,1,0.353125,0.100470957613815,0.301684532924962,0.316109422492401,0.329508196721311,1,0.0809160305343511,1,1,1,0.275384615384615,0.316455696202532,1,0.314375987361769,1,1,0.300911854103343,1,0.316417910447761,1,0.306729264475743,0.322530864197531,1,0.681818181818182,0.303951367781155,1,0.305993690851735,0.750387596899225,0.306990881458967,0.157099697885196,0.321266968325792,0.754250386398764,0.299684542586751,1,0.318529862174579,0.327769347496206,0.285714285714286,1,1,1,0.972972972972973,0.35048231511254,1,0.321711568938193,1,0.317230273752013,0.309341500765697,1,1,1,0.91304347826087,1,0.298165137614679,0.316436251920123,1,1,0.04858934169279,0.0824088748019017,1,1,0.301261829652997,1,1,0.311424100156495,1,1,0.688473520249221,0.553030303030303,1,0,1,1,0.101361573373676,0.321981424148607,1,0.314814814814815,1,0.966049382716049,1,0.822085889570552,1,0.315619967793881,1,1,1,0,0.307568438003221,1,1,0.681818181818182,1,0.312307692307692,0.347626339969372,0.310769230769231,1,1,1,0.100151745068285,0.31619937694704,0.0919175911251981,1,0.298921417565485,0.302114803625378,0.338957055214724,0,1,0.959183673469388,1,1,0.318037974683544,0.297134238310709,0.156050955414013,0.0360501567398119,0.307458143074581,0.29984544049459,0.318112633181126,0.0015748031496063,0.305810397553517,1,0,0.315467075038285,1,1,1,0.314329738058552,0.316187594553706,0.0321027287319422,1,0.308166409861325,0.303680981595092,1,1,0.320987654320988,0.699675324675325,1,1,0.700310559006211,1,0.299079754601227,1,0.308777429467085,0.539050535987749,0.675187969924812,0.399702823179792,1,0.293494704992436,0.307931570762053,0.680241327300151,0.674382716049383,1,0.314984709480122,1,0.318862275449102,1,0.310077519379845,0.304278922345483,0.340557275541796,0.514459665144597,0.316535433070866,0.305863708399366,0.674382716049383,0.316030534351145,0.144904458598726,1,0,1,0.292993630573248,1,0,0.309006211180124,0.310664605873261,1,0.0559757942511346,1,0.0883720930232558,0.321711568938193,1,0.0692307692307692,0.684698608964451,1,1,1,0.302694136291601,0.037593984962406,1,0.419152276295133,0.100478468899522,0.341389728096677,0.31839258114374,0.317073170731707,1,1,1,1,1,0.0646616541353384,0.995475113122172,0.700305810397553,0.00447093889716841,0.315870570107858,1,1,1,1,0.0893416927899686,0.309559939301973,1,1,1,1,1,1,0.506870229007634,0.0015748031496063,1,0.0867579908675799,0.320251177394035,0.449297971918877,1,0.38125,0.298245614035088,0.300925925925926,1,0.0337423312883436,0.308166409861325,1,1,0.356576862123613,0.30030959752322,0.309597523219814,0.3125,1,0.326366559485531,0.309341500765697,0.399688958009331,0.304416403785489,0.977203647416413,0.310240963855422,0.0867507886435331,0.319508448540707,0,1,0.0904836193447738,0.305295950155763,0.310240963855422,0.306976744186047,1,1,1,1,1,1,0.3168,1,0.30829420970266,0.30718954248366,0.609422492401216,0.689274447949527,1,1,0,0.310502283105023,0.115444617784711,1,0.0294573643410853,1,1,0.316770186335404,1,1,0.640625,0.404761904761905,0.995588235294118,0.0850393700787402,0.100156494522692,1,1,1,0.0910493827160494,0,0.311178247734139,0.417956656346749,0.306766917293233,0,0.321766561514196,0.0879120879120879,1,1,0.317901234567901,0.314503816793893,0.251552795031056,0.32753164556962,0.313364055299539,0.319571865443425,1,1,0.318110236220472,1,0,1,0.223950233281493,1,0.676335877862595,1,0.306976744186047,0.29635499207607,0.0806697108066971,0.684615384615385,1,1,0.789719626168224,0.902208201892745,0.313880126182965,0.312302839116719,1,0.310077519379845,0.267295597484277,0.312599681020734,1,0.103343465045593,1,1,0.313846153846154,0.694753577106518,0.306477093206951,1,1,0.302290076335878,0.307453416149068,0.314112291350531,0.855769230769231,0.309791332263242,1,0.0552147239263804,1,1,0.700305810397553,0.669291338582677,0.319422150882825,0.0571870170015456,0.318181818181818,1,1,0.306376360808709,0.317411402157165,0.63944530046225,1,0.307692307692308,0.372907153729072,0.300613496932515,0.98644578313253,0.4864,0.00462249614791988,0.301684532924962,0.317771084337349,0.31875,0.310126582278481,0.310136157337368,0.975646879756469,1,0.310030395136778,0.567741935483871,0.688188976377953,0.243788819875776,0.69935691318328,1,0.320552147239264,0.0031055900621118,0.314984709480122,0.309006211180124,0.367223065250379,0.309748427672956,0,0.326656394453005,0.3125,0.314285714285714,0.307332293291732
"725",0.287081339712919,0.319182389937107,0.313694267515924,0.32258064516129,0.304347826086957,0.304140127388535,0.00642054574638844,0.317384370015949,0.3140625,0.576433121019108,0.316279069767442,0.643302180685358,0.514285714285714,0.315625,1,1,0.6203125,0,0.318910256410256,0.306122448979592,1,1,0.319018404907975,0.515576323987539,0.304615384615385,1,1,0.331715210355987,0.309707241910632,0.523885350318471,1,0.586750788643533,0.365740740740741,0.996879875195008,0.671474358974359,0.314424635332253,0.132075471698113,0.320493066255778,1,0.306278713629403,0.00158227848101266,0,0,0.318252730109204,0.306603773584906,1,0.995290423861852,1,1,1,0.686728395061728,0.323296354992076,1,0.3198127925117,0.307332293291732,0.821086261980831,0.117088607594937,0.313291139240506,0.3109375,0.31974921630094,0.992236024844721,1,1,0.00479233226837061,0.312399355877617,0.317891373801917,0.653543307086614,0.324031007751938,0.613293051359517,1,0.317411402157165,1,1,0.276972624798712,0.165884194053208,0.313935681470138,1,0.995398773006135,0.319938176197836,1,0.604501607717042,1,1,0.322480620155039,1,0.312883435582822,0.310509554140127,0.32967032967033,0.317891373801917,0,0.314102564102564,0.327692307692308,0.692667706708268,0.58887171561051,0.314606741573034,0.642414860681115,0.6801872074883,0.304953560371517,0.117263843648208,0,0.304278922345483,0.621069182389937,1,0.310289389067524,1,0.315955766192733,0,0.318252730109204,1,1,1,0.300623052959502,0.99685534591195,0.325038880248834,0.206521739130435,0.304281345565749,1,0.386398763523957,1,1,0.20625,0.308527131782946,1,1,0.328197226502311,1,0.312312312312312,0.310502283105023,0.380877742946708,0.773899848254932,0.317307692307692,1,0.324237560192616,0.640672782874618,0.329581993569132,1,0.00155038759689922,1,0.368916797488226,0.887459807073955,0.584518167456556,0.599374021909233,0.313880126182965,0.319286871961102,1,0.316770186335404,1,0.294770206022187,0.500770416024653,0.315870570107858,1,0.306027820710974,0.310126582278481,0.31629392971246,0.321656050955414,1,0.30829420970266,1,0.446345256609642,0.317262830482115,1,0.321100917431193,1,0.598425196850394,0.315024232633279,1,0.322884012539185,0.31104199066874,0.325949367088608,0.98755832037325,0.323390894819466,1,0.316045380875203,1,0.314754098360656,1,0.601866251944012,0.299050632911392,0.0324149108589951,0.293739967897271,0.311526479750779,1,0.304897314375987,0.32120253164557,0.3198127925117,0.327073552425665,1,1,0.323151125401929,0.328149300155521,1,1,0.320373250388802,0.2421875,0.0212121212121212,0.693037974683544,1,0.00156494522691706,0.315132605304212,1,0.320126782884311,0.30568356374808,0.328149300155521,0.996899224806202,1,1,0.329211746522411,0.308562197092084,0.310664605873261,0.680511182108626,0.300632911392405,1,0.336405529953917,1,1,0.438569206842924,0.3264,0.308166409861325,0.324367088607595,0.297805642633229,0.314606741573034,0.643987341772152,1,1,0.318952234206472,0.00470219435736677,0.320121951219512,0.311077389984825,0.319182389937107,0.309707241910632,0.298578199052133,0.318042813455657,0.695652173913043,0.375579598145286,0.30521472392638,1,0.325878594249201,1,0.309486780715397,0.309748427672956,0.313479623824451,0.33175355450237,0.319935691318328,1,0.324492979719189,0.801587301587302,1,1,0.998422712933754,1,1,0.894736842105263,1,1,1,0.317901234567901,1,0.320846905537459,0,1,0.387096774193548,1,0.319422150882825,0.317610062893082,0.307324840764331,0.429906542056075,1,0.316770186335404,1,1,1,1,0,0.307692307692308,1,1,0.320634920634921,1,0.318112633181126,1,1,0.308186195826645,0.3125,0.298904538341158,0.149842271293375,0.325358851674641,0,0.593373493975904,1,0.314241486068111,0.31139646869984,0.586206896551724,1,1,0.319870759289176,0.31875,1,0.65149136577708,0.703525641025641,0.30064308681672,0.312599681020734,0.996951219512195,0.321711568938193,0.307110438729198,1,0.310126582278481,0.301075268817204,1,0.305825242718447,0.31201248049922,0.312989045383412,0.31496062992126,1,1,1,0.303875968992248,0.322115384615385,0.0061633281972265,0.992012779552716,0.324149108589951,1,1,0.308641975308642,0.321483771251932,0.303125,0.315789473684211,0.312111801242236,1,0.307570977917981,0.306603773584906,0.572784810126582,1,0.837795275590551,1,0,1,0.32258064516129,1,1,0.428125,1,0.313880126182965,1,0.305511811023622,0.303937007874016,0.308282208588957,1,1,0.321259842519685,0.387987012987013,0.620745542949757,0.2992,1,1,1,0.318840579710145,1,0.205974842767296,1,1,1,1,0.314728682170543,1,0.317741935483871,0.334935897435897,0.67879746835443,0.298722044728434,1,0.329153605015674,0.314503816793893,0.308562197092084,1,0.304747320061256,1,0.315068493150685,0.477519379844961,0.315457413249211,0.321086261980831,0.311320754716981,1,0.31139646869984,0.301282051282051,1,1,0.320433436532508,0.30564263322884,1,0.488514548238897,0.3136,0.3265625,0.320373250388802,0.686427457098284,1,0.288273615635179,1,0.434231378763867,0.302839116719243,0,0.883435582822086,0.317307692307692,0.311811023622047,0,0.0282131661442006,0.981220657276995,0.318681318681319,1,0.30622009569378,0.310289389067524,1,0.316770186335404,0.311004784688995,0.671406003159558,1,0.320126782884311,0.327044025157233,1,0.311424100156495,0.306451612903226,1,0.352112676056338,0.312,0.3140625,0.323899371069182,0.79320987654321,1,0.977707006369427,1,1,0.00158730158730159,1,0.99375,1,0.437598736176935,0.998412698412698,0.301684532924962,0.993874425727412,0.320126782884311,0.996830427892235,0.604863221884498,0.628086419753086,0.319083969465649,0.307098765432099,0.640625,0.314696485623003,0,0.63349131121643,0.681528662420382,0.31839258114374,0.0015552099533437,0.308777429467085,0.30625,0.776886035313002,0.317829457364341,0.686821705426357,0.597110754414125,0.315286624203822,0.31839258114374,0.300157977883096,1,0.0285285285285285,0,0.315707620528771,0.321928460342146,0.330218068535826,1,0.35377358490566,0.31104199066874,1,0.301857585139319,0.944099378881988,0.576190476190476,1,1,0.993421052631579,0.322678843226788,0.613846153846154,0.314984709480122,0.309061488673139,0.3171875,0.438356164383562,1,0.309859154929577,1,0.322734499205087,0.318327974276527,1,0.324324324324324,1,0.322932917316693,1,1,0.316957210776545,0,1,0.325077399380805,1,0.561128526645768,1,0.514774494556765,1,0.554160125588697,1,0.312599681020734,1,1,1,0.309262166405024,0.315372424722662,0.317411402157165,0.3486529318542,0.336079077429984,0.308892355694228,1,0.329652996845426,1,1,0.322378716744914,0.307814992025518,0.312693498452012,0.388802488335925,0.320061255742726,1,1,0.326656394453005,0.325842696629214,0.633333333333333,0.595238095238095,0.313291139240506,0.307448494453249,1,0.30625,0.314589665653495,0.993700787401575,0.311501597444089,0.312210200927357,0,0.142635658914729,0.308777429467085,0.68107302533532,0.307332293291732,0.318818040435459,0.60126582278481,0.998430141287284,0.311216429699842,1,0.32018927444795,0.3456,0.308661417322835,0.469483568075117,0.312401883830455,1,0.320872274143302,0.31139646869984,0.329052969502408,0.685185185185185,1,0.323717948717949,0.308641975308642,0,0.326186830015314,1,0.955177743431221,1,0.316358024691358,0.316770186335404,0.318471337579618,0.587326120556414,1,0.602201257861635,0.329133858267717,1,1,0.968895800933126,0.676656151419558,0.329153605015674,0.354587869362364,0.315301391035549,0.308892355694228,1,1,0.520833333333333,0.642857142857143,1,1,1,0.696969696969697,1,0.32469512195122,0.682539682539683,1,0.317610062893082,0.317965023847377,0.315955766192733,0.998452012383901,1,0.644371941272431,0.322834645669291,1,1,0.324534161490683,0.309748427672956,1,0,0.30379746835443,0.30622009569378,0.00645161290322581,0.315467075038285,1,0.310064935064935,1,0.151702786377709,0,0.908116385911179,0.325038880248834,1,1,0,0.00151285930408472,0.327639751552795,1,0.305194805194805,0.998493975903614,0.3056,1,0.998397435897436,0.963549920760697,0.783825816485226,1,1,0.00474683544303797,1,0.513911620294599,0.319620253164557,0.680124223602484,0.321428571428571,1,0.3015625,0.6828125,1,1,0.321951219512195,0.622699386503067,0.329721362229102,0.593949044585987,0.971698113207547,0.335949764521193,0.606583072100313,0.014018691588785,0.306477093206951,0.321316614420063,0.307453416149068,1,0.640552995391705,0.309486780715397,0.891338582677165,0.593548387096774,0.968701095461659,1,1,0.310452418096724,0.333333333333333,0.305164319248826,0.304416403785489,0.313971742543171,0.614220877458396,0.311526479750779,0,0.68018018018018,0.998447204968944,0.323943661971831,0.30622009569378,0.307941653160454,0.315384615384615,0.605678233438486,1,0.329738058551618,0.330683624801272,0.326923076923077,0.32120253164557,0.315384615384615,0.315047021943574,0.202435312024353,0.683788121990369,0.323390894819466,0.601246105919003,1,0.244897959183673,0.315873015873016,0.922204213938412,1,1,0.311248073959938,0.636222910216718,1,0.311526479750779,0.302547770700637,0.952456418383518,1,1,0.996830427892235,0.3125,1,1,0.897959183673469,1,0.345622119815668,1,0.601275917065391,1,0.676056338028169,0.3109375,0.606012658227848,1,1,0.993640699523052,0.314900153609831,0.318681318681319,0.318181818181818,0.317111459968603,0.32,0.317965023847377,0.983844911147011,0.30829420970266,1,1,0.719568567026194,0,0.313479623824451,0.31832298136646,0.678516228748068,1,0.562009419152276,0.326747720364742,0.654458598726115,0.303599374021909,0.312297734627832,1,0.317111459968603,0.316309719934102,0.70364500792393,0.913398692810457,0.321699544764795,0.602543720190779,0.574367088607595,0.321372854914197,0.323296354992076,0.29393468118196,0.605304212168487,0.689335394126739,1,0.894488188976378,1,0.673343605546995,0.998412698412698,0.592063492063492,0.316455696202532,0.314606741573034,1,1,0.445131375579598,0.9936,0.996894409937888,1,0.307210031347962,0.326984126984127,1,0.311926605504587,0.690251572327044,0.331738437001595,0.474497681607419,0.297770700636943,0,0.3078125,1,1,0.6046875,0.00152905198776758,0.325545171339564,0.3125,0.102848101265823,0.410891089108911,1,1,0.309636650868878,1,0.42654028436019,1,0.327769347496206,0.584786053882726,0.326018808777429,0.321766561514196,1,0,1,0.302439024390244,0.321316614420063,1,1,1,0.4375,1,0.314375987361769,0.614906832298137,0.3203125,0.321951219512195,0.00156739811912226,0.0423197492163009,1,0.623255813953488,1,0.327014218009479,0.327447833065811,1,1,0.158878504672897,0.318037974683544,1,0.900466562986003,1,0.316770186335404,0.200631911532385,0.675,1,1,1,1,1,0.286370597243492,0.300157977883096,1,0.115635179153094,0.00158982511923688,0.45046439628483,0,0.324451410658307,1,0.678288431061807,1,1,0.890092879256966,1,0.678018575851393,1,1,1,1
"726",0.304713804713805,0.318864774624374,0.308823529411765,0.326599326599327,0.310743801652893,0.308998302207131,0.0135593220338983,0.31965811965812,0.31404958677686,0.569686411149826,0.314144736842105,0.635761589403974,0.513377926421405,0.313856427378965,1,1,0.618487394957983,0,0.322091062394604,0.305921052631579,1,1,0.316912972085386,0.51869918699187,0.305825242718447,1,1,0.329331046312178,0.302737520128824,0.528619528619529,1,0.593023255813954,0.361486486486487,0.995008319467554,0.666107382550336,0.305410122164049,0.131011608623549,0.321724709784411,1,0.306451612903226,0.00168067226890756,0,0,0.321548821548822,0.322469982847341,1,0.994991652754591,1,1,1,0.693843594009983,0.322033898305085,1,0.327731092436975,0.317880794701987,0.836148648648649,0.114093959731544,0.324829931972789,0.316139767054908,0.313559322033898,0.993388429752066,1,1,0.00505050505050505,0.315878378378378,0.315960912052117,0.659322033898305,0.330522765598651,0.616129032258064,1,0.313821138211382,1,1,0.278246205733558,0.160130718954248,0.321766561514196,1,0.993421052631579,0.32183908045977,1,0.60695652173913,1,1,0.318407960199005,1,0.314332247557003,0.311447811447811,0.326666666666667,0.319932998324958,0,0.318104906937394,0.318255250403877,0.683774834437086,0.589490968801314,0.308219178082192,0.643207855973813,0.681444991789819,0.30550918196995,0.117147707979626,0,0.311148086522463,0.626465661641541,1,0.309644670050761,1,0.317032040472175,0,0.316558441558442,1,1,1,0.309719934102142,0.996666666666667,0.316831683168317,0.201639344262295,0.29746835443038,1,0.371475953565506,1,1,0.199677938808374,0.311447811447811,1,1,0.326194398682043,1,0.313291139240506,0.312297734627832,0.360655737704918,0.764423076923077,0.321367521367521,1,0.321666666666667,0.637380191693291,0.332214765100671,1,0,1,0.369747899159664,0.886363636363636,0.583892617449664,0.594108019639935,0.318333333333333,0.321305841924399,1,0.306666666666667,1,0.299668874172185,0.50814332247557,0.318840579710145,1,0.306156405990017,0.307952622673435,0.31063122923588,0.328282828282828,1,0.311367380560132,1,0.429508196721311,0.320846905537459,1,0.314516129032258,1,0.589225589225589,0.329310344827586,1,0.313014827018122,0.313628899835796,0.326599326599327,0.988448844884488,0.315270935960591,1,0.317880794701987,1,0.311224489795918,1,0.594370860927152,0.293831168831169,0.0292096219931271,0.298456260720412,0.319604612850082,1,0.298507462686567,0.310344827586207,0.318257956448911,0.334431630971993,1,1,0.320205479452055,0.321548821548822,1,1,0.31986531986532,0.230769230769231,0.0192616372391653,0.692821368948247,1,0.00168634064080944,0.309602649006623,1,0.319397993311037,0.307060755336617,0.308080808080808,0.996683250414594,1,1,0.322006472491909,0.317114093959732,0.316129032258064,0.686666666666667,0.308080808080808,1,0.334431630971993,1,1,0.436482084690554,0.32088285229202,0.311881188118812,0.327242524916944,0.296540362438221,0.314091680814941,0.639669421487603,1,1,0.31139646869984,0.0032258064516129,0.31810766721044,0.311793214862682,0.320066334991708,0.297029702970297,0.292153589315526,0.311074918566775,0.691297208538588,0.360197368421053,0.305691056910569,1,0.322847682119205,1,0.300986842105263,0.302521008403361,0.311666666666667,0.319932998324958,0.315789473684211,1,0.322950819672131,0.801963993453355,1,1,0.998313659359191,1,1,0.887959866220736,1,1,1,0.314332247557003,1,0.315608919382504,0,1,0.377668308702791,1,0.315878378378378,0.319078947368421,0.317512274959083,0.406666666666667,1,0.320723684210526,1,1,1,1,0,0.312913907284768,1,1,0.319604612850082,1,0.318407960199005,1,1,0.301824212271973,0.327731092436975,0.289297658862876,0.137353433835846,0.323728813559322,0,0.597402597402597,1,0.310064935064935,0.325423728813559,0.579378068739771,1,1,0.323478260869565,0.320945945945946,1,0.653846153846154,0.703125,0.303236797274276,0.312607944732297,0.993485342019544,0.328407224958949,0.306946688206785,1,0.309951060358891,0.300664451827243,1,0.307563025210084,0.313758389261745,0.306425041186161,0.316139767054908,1,1,1,0.30185497470489,0.323232323232323,0.00498338870431894,0.991610738255034,0.329450915141431,1,1,0.30718954248366,0.323432343234323,0.29672131147541,0.314332247557003,0.314332247557003,1,0.302876480541455,0.301666666666667,0.571186440677966,1,0.835570469798658,1,0,1,0.322528363047002,1,1,0.413793103448276,0.998349834983498,0.314814814814815,1,0.306291390728477,0.306291390728477,0.305555555555556,1,1,0.317957166392092,0.401015228426396,0.613333333333333,0.307178631051753,1,1,1,0.31965811965812,1,0.201680672268908,1,1,1,1,0.323671497584541,1,0.31740614334471,0.327272727272727,0.67720465890183,0.308600337268128,1,0.318627450980392,0.321027287319422,0.308998302207131,1,0.307565789473684,1,0.315270935960591,0.483552631578947,0.312396694214876,0.318104906937394,0.315960912052117,1,0.310810810810811,0.301184433164129,1,1,0.313725490196078,0.312811980033278,1,0.479541734860884,0.313659359190556,0.319604612850082,0.326699834162521,0.685154975530179,1,0.291882556131261,1,0.422818791946309,0.305647840531561,0,0.889430894308943,0.324232081911263,0.322314049586777,0,0.0387205387205387,0.981636060100167,0.321428571428571,1,0.30655737704918,0.311418685121107,1,0.322368421052632,0.309364548494983,0.671666666666667,1,0.316749585406302,0.316912972085386,1,0.313014827018122,0.305743243243243,1,0.341021416803954,0.311447811447811,0.320197044334975,0.331114808652246,0.811258278145695,1,0.978260869565217,1,1,0,1,0.993311036789298,1,0.417910447761194,0.996615905245347,0.304560260586319,0.991749174917492,0.321070234113712,0.995090016366612,0.606109324758842,0.63029315960912,0.311183144246353,0.311475409836066,0.645590682196339,0.318104906937394,0,0.628140703517588,0.684908789386401,0.311774461028192,0,0.312913907284768,0.295109612141653,0.759663865546218,0.324414715719064,0.686046511627907,0.590987868284229,0.313232830820771,0.313821138211382,0.299835255354201,1,0.0283464566929134,0,0.320066334991708,0.325,0.339901477832512,1,0.341750841750842,0.308580858085809,1,0.294599018003273,0.938333333333333,0.570234113712375,1,1,0.991197183098592,0.311793214862682,0.600985221674877,0.319218241042345,0.305699481865285,0.311774461028192,0.418679549114332,1,0.317355371900826,1,0.310169491525424,0.315161839863714,1,0.313131313131313,1,0.322847682119205,1,1,0.316831683168317,0,1,0.315702479338843,1,0.558528428093645,1,0.504118616144975,1,0.568822553897181,1,0.306506849315068,1,1,1,0.315091210613599,0.328836424957841,0.313725490196078,0.347079037800687,0.343915343915344,0.316139767054908,1,0.327787021630616,1,1,0.317957166392092,0.315789473684211,0.313628899835796,0.389250814332248,0.322368421052632,1,1,0.318555008210181,0.318718381112985,0.633499170812604,0.592905405405405,0.316045380875203,0.31786941580756,1,0.304635761589404,0.314144736842105,0.99496644295302,0.30155979202773,0.304132231404959,0,0.130718954248366,0.313628899835796,0.692063492063492,0.316498316498317,0.326229508196721,0.601307189542484,0.996677740863787,0.312605042016807,1,0.316949152542373,0.342857142857143,0.314332247557003,0.477905073649754,0.309484193011647,1,0.309562398703404,0.325503355704698,0.32013769363167,0.699507389162562,1,0.325938566552901,0.314569536423841,0,0.316139767054908,0.99835255354201,0.954765751211632,1,0.314144736842105,0.317957166392092,0.313131313131313,0.584013050570963,1,0.594594594594595,0.33276740237691,1,1,0.965630114566285,0.67687074829932,0.32436974789916,0.358766233766234,0.315702479338843,0.313953488372093,1,1,0.520525451559934,0.632890365448505,1,1,0.998341625207297,0.698305084745763,1,0.321951219512195,0.68676716917923,1,0.329470198675497,0.318791946308725,0.31869918699187,0.996683250414594,1,0.651724137931034,0.330564784053156,1,1,0.322899505766063,0.303776683087028,0.998355263157895,0,0.312709030100334,0.299832495812395,0.005,0.308319738988581,1,0.308998302207131,1,0.145662847790507,0,0.900326797385621,0.327841845140033,1,1,0,0,0.327150084317032,1,0.301204819277108,0.998381877022654,0.307438016528926,1,0.998327759197324,0.962046204620462,0.764415156507414,1,1,0.00497512437810945,1,0.515570934256055,0.316582914572864,0.677471636952998,0.322368421052632,1,0.300335570469799,0.675675675675676,1,1,0.319587628865979,0.618441971383148,0.32220367278798,0.590984974958264,0.971428571428571,0.32943143812709,0.6070826306914,0.0116472545757072,0.311036789297659,0.309602649006623,0.317512274959083,1,0.6464,0.304276315789474,0.894824707846411,0.587837837837838,0.969055374592834,1,1,0.304276315789474,0.329411764705882,0.302521008403361,0.3125,0.315875613747954,0.620414673046252,0.300970873786408,0,0.6768,0.998347107438017,0.326229508196721,0.300840336134454,0.32013769363167,0.319870759289176,0.61028192371476,1,0.330564784053156,0.33109243697479,0.332755632582322,0.314720812182741,0.316045380875203,0.307178631051753,0.19016393442623,0.686868686868687,0.318864774624374,0.601307189542484,1,0.233613445378151,0.317114093959732,0.925801011804384,1,1,0.306291390728477,0.638613861386139,1,0.307438016528926,0.297619047619048,0.953098827470687,1,1,0.998275862068966,0.313114754098361,1,1,0.890784982935154,1,0.345454545454545,1,0.591836734693878,1,0.673770491803279,0.307692307692308,0.603040540540541,1,1,0.989983305509182,0.321252059308072,0.319078947368421,0.32258064516129,0.309484193011647,0.314189189189189,0.321489001692047,0.981292517006803,0.30718954248366,1,1,0.708609271523179,0,0.316993464052288,0.315270935960591,0.684729064039409,1,0.55794701986755,0.324675324675325,0.647254575707155,0.305743243243243,0.317324185248714,1,0.306397306397306,0.315789473684211,0.684931506849315,0.904923599320883,0.315372424722662,0.603741496598639,0.584175084175084,0.319672131147541,0.325383304940375,0.297385620915033,0.590759075907591,0.684385382059801,1,0.897689768976898,1,0.670549084858569,0.996569468267582,0.596964586846543,0.307308970099668,0.321489001692047,1,1,0.427152317880795,0.993243243243243,0.996715927750411,1,0.314569536423841,0.319078947368421,1,0.317384370015949,0.686591276252019,0.321192052980132,0.449832775919732,0.302207130730051,0,0.302100161550889,1,1,0.597039473684211,0,0.322847682119205,0.326633165829146,0.0965058236272879,0.415652173913043,1,1,0.312913907284768,1,0.408094435075885,1,0.323577235772358,0.587064676616915,0.32279534109817,0.321666666666667,1,0,1,0.307560137457045,0.313131313131313,1,1,1,0.44949494949495,1,0.312709030100334,0.623140495867769,0.325619834710744,0.312393887945671,0,0.0383973288814691,1,0.614262560777958,1,0.330564784053156,0.322413793103448,1,1,0.168595041322314,0.308848080133556,1,0.901993355481728,1,0.317957166392092,0.2003367003367,0.66721044045677,1,1,1,1,1,0.29016393442623,0.307438016528926,1,0.104991394148021,0,0.435,0,0.322091062394604,1,0.680602006688963,1,1,0.894909688013136,1,0.689542483660131,1,1,1,1
"727",0.597464342313788,0.601236476043277,0.60708782742681,0.618066561014263,0.596273291925466,0.603100775193798,0.300319488817891,0.619808306709265,0.607142857142857,0.491365777080063,0.594180704441041,0.447328244274809,0.545023696682464,0.60741885625966,0.730109204368175,0.721109399075501,0.479198767334361,0.291666666666667,0.613458528951487,0.600924499229584,0.698142414860681,0.703525641025641,0.614329268292683,0.509174311926605,0.613846153846154,0.716049382716049,0.707740916271722,0.600323624595469,0.618541033434651,0.57753164556962,0.723338485316847,0.583841463414634,0.595054095826893,0.722480620155039,0.39047619047619,0.597063621533442,0.418461538461538,0.596923076923077,0.710606060606061,0.600614439324117,0.27047913446677,0.285053929121726,0.287202380952381,0.599378881987578,0.601837672281776,0.709728867623604,0.716923076923077,0.711656441717791,0.723076923076923,0.719083969465649,0.392638036809816,0.611544461778471,0.716257668711656,0.610591900311526,0.598774885145482,0.588976377952756,0.401273885350318,0.60093896713615,0.626524390243902,0.605633802816901,0.71580547112462,0.722397476340694,0.719435736677116,0.297971918876755,0.60702875399361,0.611455108359133,0.441497659906396,0.6,0.457831325301205,0.714285714285714,0.597542242703533,0.71671826625387,0.712,0.56031746031746,0.427258805513017,0.613432835820895,0.71583850931677,0.714503816793893,0.611872146118721,0.7168,0.48966613672496,0.722741433021807,0.733542319749216,0.617647058823529,0.715179968701095,0.602118003025719,0.59717868338558,0.603715170278638,0.603076923076923,0.273570324574961,0.615015974440895,0.609939759036145,0.404354587869362,0.50076103500761,0.602254428341385,0.449319213313162,0.402157164869029,0.597560975609756,0.407467532467532,0.284345047923323,0.605263157894737,0.4609375,0.721617418351477,0.607142857142857,0.708722741433022,0.610675039246468,0.293838862559242,0.618012422360248,0.698289269051322,0.713395638629283,0.701863354037267,0.597809076682316,0.724770642201835,0.601823708206687,0.46142208774584,0.6,0.726708074534162,0.525581395348837,0.716666666666667,0.718266253869969,0.46141975308642,0.6,0.707762557077626,0.706624605678233,0.607142857142857,0.717357910906298,0.609281437125748,0.606980273141123,0.570552147239264,0.889226100151745,0.599358974358974,0.719626168224299,0.6198738170347,0.42965204236006,0.611821086261981,0.702909647779479,0.289877300613497,0.728943338437979,0.514866979655712,0.852564102564103,0.491365777080063,0.489953632148377,0.585826771653543,0.601286173633441,0.719874804381847,0.597826086956522,0.71021021021021,0.603395061728395,0.541284403669725,0.620328849028401,0.7376,0.597200622083981,0.611023622047244,0.604395604395604,0.611801242236025,0.694227769110764,0.597859327217125,0.699367088607595,0.554347826086957,0.605105105105105,0.725731895223421,0.600917431192661,0.71875,0.498422712933754,0.6,0.714285714285714,0.611111111111111,0.593798449612403,0.6140625,0.707317073170732,0.625585023400936,0.7234375,0.613104524180967,0.697530864197531,0.609324758842444,0.715179968701095,0.466049382716049,0.589665653495441,0.314873417721519,0.593354430379747,0.612055641421947,0.707740916271722,0.588957055214724,0.601236476043277,0.597542242703533,0.607874015748031,0.716300940438871,0.721884498480243,0.614896988906498,0.621069182389937,0.711684370257967,0.714285714285714,0.60490045941807,0.515337423312883,0.301659125188537,0.402173913043478,0.69922480620155,0.285491419656786,0.605263157894737,0.711890243902439,0.610142630744849,0.593893129770992,0.598449612403101,0.722049689440994,0.734662576687117,0.717495987158908,0.616417910447761,0.598726114649682,0.591679506933744,0.400309119010819,0.591549295774648,0.71585557299843,0.574534161490683,0.7140625,0.703416149068323,0.698924731182796,0.589424572317263,0.607575757575758,0.6049766718507,0.605304212168487,0.603503184713376,0.446319018404908,0.7,0.718654434250764,0.600924499229584,0.294027565084227,0.613876319758673,0.608108108108108,0.625,0.598765432098765,0.587301587301587,0.606287425149701,0.405320813771518,0.582952815829528,0.605263157894737,0.702194357366771,0.600313479623824,0.698757763975155,0.604261796042618,0.591194968553459,0.601255886970173,0.602848101265823,0.590032154340836,0.696261682242991,0.604327666151468,0.548031496062992,0.707740916271722,0.721109399075501,0.711388455538221,0.703001579778831,0.714508580343214,0.828885400313972,0.705607476635514,0.709828393135725,0.703313253012048,0.610769230769231,0.709375,0.606209150326797,0.275340393343419,0.706605222734255,0.556574923547401,0.722741433021807,0.610492845786963,0.607476635514019,0.605546995377504,0.543076923076923,0.723004694835681,0.603975535168196,0.704866562009419,0.713213213213213,0.717829457364341,0.717592592592593,0.289514866979656,0.598412698412698,0.723502304147465,0.717460317460317,0.611197511664075,0.706924315619968,0.615030674846626,0.703196347031963,0.720748829953198,0.594637223974763,0.602523659305994,0.602167182662539,0.419207317073171,0.602803738317757,0.30030959752322,0.497005988023952,0.706624605678233,0.620583717357911,0.599364069952305,0.511591962905719,0.706605222734255,0.71656050955414,0.620355411954766,0.62111801242236,0.698924731182796,0.42015503875969,0.419614147909968,0.60061919504644,0.598726114649682,0.733637747336377,0.621495327102804,0.595839524517088,0.717829457364341,0.598765432098765,0.594224924012158,0.712307692307692,0.583987441130298,0.60031847133758,0.602167182662539,0.596625766871166,0.712050078247261,0.722222222222222,0.728139904610493,0.599071207430341,0.622641509433962,0.289393939393939,0.708722741433022,0.612341772151899,0.717522658610272,0.710280373831776,0.597859327217125,0.602446483180428,0.592933947772657,0.61214953271028,0.606201550387597,0.716951788491446,0.596244131455399,0.590697674418605,0.484227129337539,0.717557251908397,0.871875,0.709119496855346,0.274881516587678,0.717125382262997,0.603915662650602,0.70735524256651,0.724409448818898,0.550769230769231,0.714939024390244,0.598736176935229,0.724397590361446,0.600308641975309,0.596302003081664,0.593939393939394,0.711180124223602,0.719512195121951,0.60625,0.529411764705882,0.45958795562599,0.5856,0.703875968992248,0.715625,0.717908082408875,0.593996840442338,0.714069591527988,0.451070336391437,0.72281776416539,0.703703703703704,0.711568938193344,0.7171875,0.595054095826893,0.725,0.596122778675283,0.607198748043818,0.3950233281493,0.602543720190779,0.714508580343214,0.606811145510836,0.593939393939394,0.586151368760064,0.708074534161491,0.578220858895706,0.707006369426752,0.612708018154312,0.537867078825348,0.623456790123457,0.613312202852615,0.593323216995448,0.711864406779661,0.599364069952305,0.585557299843014,0.719135802469136,0.7140625,0.603448275862069,0.596302003081664,0.710730948678072,0.494640122511485,0.598101265822785,0.617873651771957,0.604615384615385,0.400311526479751,0.715396578538103,0.577170418006431,0.696923076923077,0.52803738317757,0.619344773790952,0.279141104294479,0.615844544095665,0.593798449612403,0.605919003115265,0.304154302670623,0.322981366459627,0.711811023622047,0.599688473520249,0.708782742681048,0.612403100775194,0.591836734693878,0.732394366197183,0.606481481481482,0.614420062695925,0.4,0.711388455538221,0.613707165109034,0.598449612403101,0.727131782945736,0.604580152671756,0.593700787401575,0.713836477987421,0.54601226993865,0.586854460093897,0.579598145285935,0.61214953271028,0.563829787234043,0.70015455950541,0.759375,0.717717717717718,0.735294117647059,0.289968652037618,0.713841368584759,0.716510903426791,0.712977099236641,0.533950617283951,0.718799368088468,0.601217656012177,0.716463414634146,0.61875,0.722308892355694,0.496987951807229,0.441717791411043,0.611532625189681,0.60490045941807,0.445468509984639,0.6064,0.292424242424242,0.43343653250774,0.432216905901116,0.602760736196319,0.292758089368259,0.605828220858896,0.593167701863354,0.875195007800312,0.618238021638331,0.390965732087227,0.468699839486356,0.598449612403101,0.608024691358025,0.584496124031008,0.709175738724728,0.302083333333333,0.283870967741935,0.612654320987654,0.595054095826893,0.56752655538695,0.724191063174114,0.545878693623639,0.599690880989181,0.702060221870048,0.597222222222222,0.670826833073323,0.490566037735849,0.723172628304821,0.708459214501511,0.730132450331126,0.612462006079027,0.49618320610687,0.620845921450151,0.592592592592593,0.6,0.54160363086233,0.70859872611465,0.615863141524106,0.714285714285714,0.600961538461538,0.608903020667727,0.711627906976744,0.605055292259084,0.730538922155689,0.600315955766193,0.720679012345679,0.729299363057325,0.613740458015267,0.268562401263823,0.706060606060606,0.613496932515337,0.704761904761905,0.601550387596899,0.720121028744327,0.520801232665639,0.712765957446808,0.595015576323987,0.722044728434505,0.613418530351438,0.720610687022901,0.719083969465649,0.723241590214067,0.613458528951487,0.613312202852615,0.597579425113464,0.564935064935065,0.545746388443018,0.607751937984496,0.704472843450479,0.603369065849923,0.728013029315961,0.713629402756508,0.599071207430341,0.600624024960998,0.592424242424242,0.506998444790047,0.601217656012177,0.720183486238532,0.725308641975309,0.599085365853659,0.618524332810047,0.46129541864139,0.475357710651828,0.598765432098765,0.601574803149606,0.701754385964912,0.620743034055728,0.604826546003017,0.709428129829985,0.601275917065391,0.596899224806202,0.270735524256651,0.42530487804878,0.596899224806202,0.38863976083707,0.605388272583201,0.611111111111111,0.505295007564297,0.714953271028037,0.596573208722741,0.714508580343214,0.605873261205564,0.563779527559055,0.610169491525424,0.50547730829421,0.611544461778471,0.732371794871795,0.601866251944012,0.603503184713376,0.623028391167192,0.392694063926941,0.718446601941748,0.602825745682888,0.590839694656489,0.281931464174455,0.605504587155963,0.722308892355694,0.678353658536585,0.732503888024883,0.593798449612403,0.604615384615385,0.606349206349206,0.498475609756098,0.708920187793427,0.497630331753554,0.608214849921011,0.716236722306525,0.721036585365854,0.710566615620214,0.395348837209302,0.616113744075829,0.562111801242236,0.602446483180428,0.618098159509202,0.7168,0.700607902735562,0.511737089201878,0.440625,0.728125,0.70440251572327,0.717095310136157,0.406349206349206,0.721538461538462,0.606980273141123,0.398133748055988,0.712962962962963,0.604327666151468,0.603744149765991,0.595348837209302,0.719939117199391,0.718608169440242,0.442857142857143,0.602184087363494,0.736263736263736,0.725460122699387,0.620272314674735,0.609567901234568,0.711180124223602,0.279935275080906,0.6,0.595911949685535,0.289719626168224,0.610429447852761,0.725308641975309,0.620031796502385,0.700626959247649,0.427682737169518,0.279569892473118,0.822021116138763,0.615146831530139,0.694528875379939,0.720496894409938,0.285493827160494,0.282874617737003,0.599078341013825,0.727131782945736,0.599056603773585,0.725225225225225,0.597464342313788,0.716951788491446,0.717592592592593,0.697965571205008,0.938080495356037,0.726415094339623,0.69620253164557,0.285271317829457,0.709627329192547,0.5056,0.622047244094488,0.399693721286371,0.618827160493827,0.706349206349206,0.588785046728972,0.408950617283951,0.729102167182663,0.72107765451664,0.598425196850394,0.460624071322437,0.610510046367852,0.487654320987654,0.70364500792393,0.6046875,0.456521739130435,0.309375,0.593457943925234,0.604327666151468,0.603658536585366,0.717252396166134,0.43206106870229,0.589783281733746,0.629283489096573,0.495268138801262,0.701357466063348,0.71850699844479,0.720430107526882,0.601538461538462,0.595541401273885,0.595846645367412,0.598159509202454,0.603658536585366,0.461538461538462,0.596385542168675,0.283950617283951,0.398243045387994,0.723765432098765,0.605678233438486,0.608087091757387,0.598726114649682,0.591743119266055,0.493788819875776,0.713629402756508,0.60790273556231,0.603503184713376,0.6096,0.597222222222222,0.596899224806202,0.615740740740741,0.446130500758725,0.412322274881517,0.614197530864197,0.494640122511485,0.725308641975309,0.499227202472952,0.61875,0.685303514376997,0.732371794871795,0.716510903426791,0.601526717557252,0.442922374429224,0.717948717948718,0.591527987897126,0.604724409448819,0.701754385964912,0.695517774343122,0.706708268330733,0.714060031595577,0.604863221884498,0.734920634920635,0.709677419354839,0.82398753894081,0.721617418351477,0.572530864197531,0.704035874439462,0.480891719745223,0.717791411042945,0.383206106870229,0.602201257861635,0.494573643410853,0.703125,0.720125786163522,0.724299065420561,0.609907120743034,0.600624024960998,0.605388272583201,0.615030674846626,0.604166666666667,0.615262321144674,0.7203125,0.609422492401216,0.719568567026194,0.708609271523179,1,0.267515923566879,0.597222222222222,0.604327666151468,0.409365558912387,0.723926380368098,0.50231124807396,0.605970149253731,0.4453125,0.595645412130638,0.606158833063209,0.700315457413249,0.610675039246468,0.605177993527508,0.895148669796557,0.829508196721311,0.623529411764706,0.494488188976378,0.486739469578783,0.619631901840491,0.59594383775351,0.593558282208589,0.489164086687306,0.399385560675883,0.709969788519637,0.638461538461538,0.720364741641337,0.386018237082067,0.71606864274571,0.475279106858054,0.6046875,0.607255520504732,0.733231707317073,0.718701700154559,0.544891640866873,0.72397476340694,0.721966205837174,0.721139430284858,0.611801242236025,0.620904836193448,0.71608832807571,0.599105812220566,0.400921658986175,0.6,0.52931854199683,0.60731319554849,0.291158536585366,0.592085235920852,0.69922480620155,0.707395498392283,0.477203647416413,0.287713841368585,0.611455108359133,0.609034267912773,0.391575663026521,0.675850891410049,0.710280373831776,0.706349206349206,0.6,0.719325153374233,0.546165884194053,0.731012658227848,0.618045112781955,0.506976744186047,0.609034267912773,0.610675039246468,0.705069124423963,0.275806451612903,0.706624605678233,0.591414944356121,0.60347551342812,0.709284627092846,0.715179968701095,0.714714714714715,0.7392,0.720190779014308,0.595348837209302,0.464012251148545,0.626543209876543,0.610845295055821,0.304147465437788,0.321428571428571,0.708469055374593,0.452160493827161,0.698608964451314,0.610852713178295,0.60347551342812,0.705047318611987,0.710526315789474,0.436251920122888,0.605873261205564,0.711077844311377,0.77845220030349,0.71141975308642,0.621165644171779,0.473851030110935,0.388802488335925,0.710122699386503,0.716463414634146,0.721003134796238,0.724409448818898,0.714939024390244,0.578386605783866,0.597200622083981,0.72360248447205,0.407348242811502,0.294488188976378,0.547987616099071,0.292880258899676,0.608359133126935,0.712962962962963,0.402225755166932,0.712074303405573,0.708074534161491,0.774045801526718,0.709576138147567,0.400611620795107,0.726299694189602,0.727272727272727,0.71563981042654,0.713395638629283
"728",0.703459637561779,0.682464454976303,0.689873417721519,0.668276972624799,0.6912,0.689710610932476,0.993464052287582,0.677524429967427,0.691943127962085,0.435064935064935,0.679127725856698,0.360759493670886,0.4864,0.678343949044586,0,0,0.380877742946708,1,0.668810289389068,0.686614173228347,0,0,0.671317829457364,0.491392801251956,0.690658499234303,0,0,0.663414634146341,0.690076335877863,0.471153846153846,0,0.406593406593407,0.628164556962025,0.00480769230769231,0.329563812600969,0.682274247491639,0.859621451104101,0.67398119122257,0,0.699685534591195,0.998407643312102,1,1,0.666139240506329,0.68,0,0.00318471337579618,0,0,0,0.309636650868878,0.673534072900158,0,0.6736,0.685126582278481,0.174679487179487,0.87741935483871,0.674565560821485,0.672413793103448,0.681458003169572,0.00784929356357928,0,0,0.996825396825397,0.681063122923588,0.679873217115689,0.346278317152104,0.676190476190476,0.388127853881279,0,0.684375,0,0,0.731270358306189,0.832025117739403,0.683563748079877,0,0.00470957613814757,0.6828125,0,0.40133779264214,0,0,0.68167701863354,0,0.675425038639876,0.6752,0.6736,0.684210526315789,1,0.675675675675676,0.671802773497689,0.316957210776545,0.422047244094488,0.683870967741935,0.361240310077519,0.317111459968603,0.679186228482003,0.878246753246753,1,0.680511182108626,0.384737678855326,0,0.684039087947883,0,0.676751592356688,1,0.678288431061807,0,0,0,0.688783570300158,0.00313479623824451,0.671406003159558,0.798151001540832,0.691833590138675,0,0.618670886075949,0,0,0.789049919484702,0.683544303797468,0,0,0.668231611893584,0,0.680722891566265,0.690292758089368,0.624203821656051,0.22848200312989,0.681372549019608,0,0.668253968253968,0.369465648854962,0.667207792207792,0,1,0,0.6192,0.108019639934534,0.423701298701299,0.406003159557662,0.677777777777778,0.677993527508091,0,0.68312101910828,0,0.697115384615385,0.496062992125984,0.672386895475819,0,0.693396226415094,0.677938808373591,0.67479674796748,0.676282051282051,0,0.692913385826772,0,0.555379746835443,0.669826224328594,0,0.680061823802164,0,0.408360128617363,0.678972712680578,0,0.678343949044586,0.689547581903276,0.660910518053375,0.0125786163522013,0.6703125,0,0.6752,0,0.677993527508091,0,0.409967845659164,0.695102685624013,0.965630114566285,0.703525641025641,0.690363349131122,0,0.687797147385103,0.672523961661342,0.675675675675676,0.670347003154574,0,0,0.670510708401977,0.669811320754717,0,0,0.671383647798742,0.761006289308176,0.98297213622291,0.314285714285714,0,0.998415213946117,0.685624012638231,0,0.676282051282051,0.684375,0.678740157480315,0.00315955766192733,0,0,0.676970633693972,0.675941080196399,0.68370607028754,0.326860841423948,0.691823899371069,0,0.660855784469097,0,0,0.54416403785489,0.676898222940226,0.679365079365079,0.677830940988836,0.692307692307692,0.678972712680578,0.355305466237942,0,0,0.684615384615385,0.996830427892235,0.673312883435583,0.683720930232558,0.679873217115689,0.693877551020408,0.696969696969697,0.684129429892142,0.308892355694228,0.62754303599374,0.687301587301587,0,0.674157303370786,0,0.696062992125984,0.692185007974482,0.688394276629571,0.670347003154574,0.685154975530179,0,0.6671875,0.206451612903226,0,0,0.00158227848101266,0,0,0.102272727272727,0,0,0,0.684782608695652,0,0.678688524590164,1,0,0.613953488372093,0,0.671451355661882,0.677777777777778,0.688709677419355,0.575806451612903,0,0.674961119751166,0,0,0,0,1,0.685714285714286,0,0,0.677993527508091,0,0.675632911392405,0,0,0.691573926868045,0.67699836867863,0.698907956318253,0.85024154589372,0.666666666666667,1,0.414634146341463,0,0.679365079365079,0.676848874598071,0.424336973478939,0,0,0.669950738916256,0.664556962025316,0,0.3486529318542,0.310289389067524,0.689320388349515,0.682410423452769,0.00461538461538462,0.671521035598705,0.6859375,0,0.68362480127186,0.692307692307692,0,0.698564593301435,0.679304897314376,0.6832,0.672025723472669,0,0,0,0.699376947040498,0.675762439807384,0.9921875,0.00631911532385466,0.666129032258065,0,0,0.685670261941448,0.670769230769231,0.699523052464229,0.680817610062893,0.687203791469194,0,0.693811074918567,0.692185007974482,0.438423645320197,0,0.161392405063291,0,1,0,0.675465838509317,0,0,0.577952755905512,0.0015552099533437,0.679153094462541,0,0.6875,0.694620253164557,0.688854489164087,0,0,0.680511182108626,0.60556464811784,0.388178913738019,0.687797147385103,0,0,0,0.676375404530744,0,0.787301587301587,0,0,0,0,0.670295489891135,0,0.678571428571429,0.66131621187801,0.324451410658307,0.691437802907916,0,0.675118858954041,0.681047765793529,0.680781758957655,0,0.692546583850932,0,0.670278637770898,0.510108864696734,0.676145339652449,0.677471636952998,0.683385579937304,0,0.677884615384615,0.698234349919743,0,0,0.680445151033386,0.688888888888889,0,0.517940717628705,0.683860232945091,0.669230769230769,0.669826224328594,0.319935691318328,0,0.707516339869281,0,0.576,0.688783570300158,1,0.112307692307692,0.678513731825525,0.685534591194969,1,0.974358974358974,0.0158478605388273,0.675590551181102,0,0.684294871794872,0.680781758957655,0,0.668759811616955,0.67948717948718,0.339144215530903,0,0.671899529042386,0.671474358974359,0,0.686708860759494,0.694444444444444,0,0.647335423197492,0.6832,0.676609105180534,0.661812297734628,0.201248049921997,0,0.0208,0,0,1,0,0.0078125,0,0.565768621236133,0.0032,0.685185185185185,0.00777604976671851,0.660855784469097,0.004739336492891,0.397849462365591,0.375394321766562,0.666666666666667,0.681047765793529,0.363494539781591,0.685575364667747,1,0.373397435897436,0.321428571428571,0.680314960629921,1,0.694006309148265,0.690851735015773,0.227053140096618,0.677215189873418,0.31911532385466,0.414075286415712,0.686520376175549,0.672413793103448,0.702028081123245,0,0.974085365853659,1,0.683881064162754,0.679365079365079,0.663026521060842,0,0.653968253968254,0.678125,0,0.690140845070423,0.0568720379146919,0.430194805194805,0,0,0.00675675675675676,0.677067082683307,0.395348837209302,0.679012345679012,0.682487725040916,0.683544303797468,0.57433489827856,0,0.689210950080515,0,0.681967213114754,0.676567656765677,0,0.681672025723473,0,0.6832,0,0,0.666141732283465,1,0,0.671875,0,0.434294871794872,0,0.488151658767773,0,0.434022257551669,0,0.682847896440129,0,0,0,0.687301587301587,0.67862969004894,0.68140243902439,0.644844517184943,0.659468438538206,0.694835680751174,0,0.682539682539683,0,0,0.671949286846276,0.682692307692308,0.684210526315789,0.610410094637224,0.679127725856698,0,0,0.67398119122257,0.684210526315789,0.371100164203612,0.414125200642055,0.6832,0.679611650485437,0,0.685805422647528,0.683153013910355,0.00483091787439614,0.688206785137318,0.689167974882261,1,0.856920684292379,0.682034976152623,0.319148936170213,0.696062992125984,0.681114551083591,0.405238828967643,0.00318471337579618,0.688206785137318,0,0.6736,0.655502392344498,0.688679245283019,0.529780564263323,0.681528662420382,0,0.67032967032967,0.679549114331723,0.670947030497592,0.313755795981453,0,0.663987138263666,0.677621283255086,1,0.669242658423493,0.00158730158730159,0.0440251572327044,0,0.678913738019169,0.674050632911392,0.683360258481422,0.419003115264797,0,0.42515923566879,0.665589660743134,0,0,0.0325077399380805,0.324717285945073,0.668261562998405,0.639240506329114,0.677115987460815,0.681889763779528,0,0,0.488,0.365384615384615,0,0,0.0015625,0.312,0,0.667701863354037,0.319685039370079,0,0.67398119122257,0.680064308681672,0.678740157480315,0.00313479623824451,0,0.357377049180328,0.674491392801252,0,0,0.675078864353312,0.686915887850467,0.00158730158730159,1,0.685897435897436,0.689984101748808,0.995161290322581,0.685358255451713,0,0.687096774193548,0,0.849293563579278,1,0.0931297709923664,0.666666666666667,0,0,1,1,0.673534072900158,0,0.68026101141925,0.00153846153846154,0.689935064935065,0,0,0.0285714285714286,0.217527386541471,0,0,0.995238095238095,0,0.491056910569106,0.664025356576862,0.329652996845426,0.669242658423493,0,0.696629213483146,0.323343848580442,0,0,0.680781758957655,0.385560675883257,0.670826833073323,0.416398713826367,0.0223642172523962,0.671361502347418,0.399688958009331,0.989045383411581,0.689167974882261,0.674050632911392,0.674491392801252,0,0.369397217928903,0.694704049844237,0.117363344051447,0.408064516129032,0.0308641975308642,0,0,0.678855325914149,0.659163987138264,0.695859872611465,0.688291139240506,0.694006309148265,0.386996904024768,0.692068429237947,1,0.329770992366412,0.00156739811912226,0.669291338582677,0.689430894308943,0.690437601296596,0.681181959564541,0.405797101449275,0,0.668730650154799,0.675718849840256,0.666666666666667,0.675718849840256,0.682316118935837,0.684210526315789,0.800623052959502,0.321144674085851,0.68,0.405909797822706,0,0.754385964912281,0.670418006430868,0.0756578947368421,0,0,0.673534072900158,0.3664,0,0.682539682539683,0.699842022116904,0.0432,0,0,0.00165837479270315,0.67817896389325,0,0,0.102564102564103,0,0.65210608424337,0,0.411184210526316,0,0.322530864197531,0.68312101910828,0.4,0,0,0.00636942675159236,0.675039246467818,0.67192429022082,0.675496688741722,0.676656151419558,0.673333333333333,0.676236044657097,0.0142630744849445,0.689274447949527,0,0,0.267515923566879,1,0.682316118935837,0.67906976744186,0.325434439178515,0,0.42992125984252,0.672811059907834,0.355555555555556,0.68312101910828,0.675409836065574,0,0.685897435897436,0.68013468013468,0.304065040650407,0.0885245901639344,0.678843226788432,0.4,0.425566343042071,0.672413793103448,0.675850891410049,0.698890649762282,0.415605095541401,0.316455696202532,0,0.105431309904153,0,0.341194968553459,0.00322061191626409,0.4144,0.685714285714286,0.672667757774141,0,0,0.578778135048232,0.00485436893203883,0.0031496062992126,0,0.686591276252019,0.678855325914149,0,0.680786686838124,0.3109375,0.670382165605096,0.54416403785489,0.700490998363339,1,0.680817610062893,0,0,0.407176287051482,1,0.666134185303514,0.67879746835443,0.903174603174603,0.584843492586491,0,0,0.679304897314376,0,0.587955625990491,0,0.665653495440729,0.415873015873016,0.680445151033386,0.683788121990369,0,1,0,0.6976,0.683870967741935,0,0,0,0.5472,0,0.674603174603175,0.383647798742138,0.674961119751166,0.673267326732673,1,0.958730158730159,0,0.384,0,0.679186228482003,0.67741935483871,0,0,0.844339622641509,0.686708860759494,0,0.095389507154213,0,0.67651632970451,0.79073482428115,0.32967032967033,0,0,0,0,0,0.710323574730354,0.694041867954911,0,0.872340425531915,1,0.566037735849057,1,0.671899529042386,0,0.321543408360129,0,0,0.108150470219436,0,0.324451410658307,0,0,0,0
"729",1,1,1,1,1,1,0.700315457413249,1,1,0.0939490445859873,1,0.0460829493087558,0.805379746835443,1,0.313971742543171,0.309119010819165,0.0640243902439024,0.688498402555911,1,1,0.288109756097561,0.311145510835913,1,0.165109034267913,1,0.323529411764706,0.317683881064163,1,1,0.774294670846395,0.302795031055901,0.714503816793893,0.96177370030581,0.316923076923077,0,1,0.542042042042042,1,0.295180722891566,1,0.659969088098918,0.675384615384615,0.689759036144578,1,1,0.314102564102564,0.3109375,0.315151515151515,0.31859756097561,0.327769347496206,0,1,0.30640243902439,1,1,0.481424148606811,0.572327044025157,1,1,1,0.33030303030303,0.316998468606432,0.312597200622084,0.67629179331307,1,1,0.0359937402190923,1,0.0557228915662651,0.316030534351145,1,0.32398753894081,0.326530612244898,0.965079365079365,0.516717325227964,1,0.307807807807808,0.337367624810893,1,0.315789473684211,0.0893141945773525,0.325652841781874,0.326120556414219,1,0.333333333333333,1,1,1,1,0.691131498470948,1,1,0,0.104294478527607,1,0.0468277945619335,0,1,0.567140600315956,0.679127725856698,1,0.0528771384136858,0.309597523219814,1,0.308176100628931,1,0.685185185185185,1,0.317034700315457,0.319314641744548,0.319634703196347,1,0.317901234567901,1,0.503770739064857,1,0.313271604938272,0.310975609756098,0.322775263951735,0.317901234567901,0.493001555209953,1,0.314024390243902,0.319620253164557,1,0.303076923076923,1,1,0.337480559875583,0.554380664652568,1,0.304147465437788,1,0.0419161676646707,1,0.311077389984825,0.67530487804878,0.327188940092166,0.932721712538226,0.439807383627608,0.103286384976526,0.097331240188383,1,1,0.328173374613003,1,0.315396113602392,1,0.790697674418605,1,0.32120253164557,1,1,1,1,0.334360554699538,1,0.31974921630094,0.269938650306748,1,0.312121212121212,1,0.297045101088647,0.0877742946708464,1,0.311912225705329,1,1,1,0.339421613394216,1,0.330188679245283,1,0.303875968992248,1,0.318885448916409,0.0793157076205288,1,0.641148325358852,1,1,0.31875,1,1,1,1,0.328125,0.312217194570136,1,1,0.318318318318318,0.307086614173228,1,0.453560371517028,0.662222222222222,0,0.315707620528771,0.674382716049383,1,0.320182094081942,1,1,1,0.315384615384615,0.320121951219512,0.327613104524181,1,1,1,0,1,0.297971918876755,0.972093023255814,0.316535433070866,0.308777429467085,0.756508422664625,1,1,1,1,1,0.04375,0.313664596273292,0.320552147239264,1,0.677914110429448,1,1,0.998459167950693,1,1,1,0,0.324242424242424,1,0.314728682170543,1,0.301538461538462,1,1,1,1,1,0.31839258114374,1,0.5,0.326120556414219,0.330289193302892,0.308681672025723,0.317757009345794,0.32967032967033,0.426984126984127,0.332822085889571,0.312121212121212,0.307458143074581,1,0.322932917316693,1,0.688721804511278,0.315068493150685,0.322289156626506,0.333333333333333,1,1,1,0.273993808049536,0.315548780487805,1,0.312989045383412,0.328313253012048,0.312210200927357,0.319018404907975,0.683720930232558,1,0.321156773211568,0.31875,1,0.298887122416534,1,0.312121212121212,0.314984709480122,1,1,1,0.543778801843318,1,0.680817610062893,0.0819672131147541,0.319018404907975,1,1,0.102290076335878,0.323619631901841,0.325434439178515,1,1,0.301538461538462,0.0197568389057751,0,1,1,0.331297709923664,0.998452012383901,1,0.310185185185185,1,1,0.315789473684211,1,1,1,1,0.323619631901841,0.312688821752266,0.331230283911672,1,1,0.670750382848392,0.314241486068111,1,0.313725490196078,0.301242236024845,1,1,1,1,1,0.320493066255778,1,1,0.107086614173228,0.333333333333333,0.501543209876543,0.310452418096724,0.670347003154574,0.3202416918429,1,0.303875968992248,0.337442218798151,0.265060240963855,0.321100917431193,1,0.322388059701493,1,1,1,0.306122448979592,0.322085889570552,1,0.924409448818898,0.0667701863354037,1,0.315548780487805,0.31974921630094,0.306962025316456,1,0.330289193302892,0.472307692307692,0.326120556414219,0.304012345679012,0.317610062893082,0.311349693251534,1,0.31832298136646,1,1,0,1,0.322932917316693,1,1,1,0.327586206896552,1,0.308411214953271,1,0.826893353941267,1,1,1,0.315950920245399,1,1,0.307219662058372,0.319571865443425,1,1,0.310664605873261,0.205479452054795,1,1,1,0,0.309262166405024,1,0.310291858678955,0.260802469135802,1,0.673846153846154,0.425113464447806,1,1,0.675635276532138,0.693023255813954,0.348091603053435,1,0.315789473684211,1,1,0.330232558139535,1,1,0.00453172205438067,0.329192546583851,1,1,0.318181818181818,1,1,0.305084745762712,0.342592592592593,1,1,1,0.524316109422492,0.304747320061256,0.338983050847458,0.31437125748503,0.328725038402458,0.685446009389671,0.329770992366412,0.322981366459627,0.318250377073906,0.258215962441315,0.324367088607595,1,0.32579185520362,1,0.322033898305085,0.0839580209895052,0.053030303030303,1,1,0.0385802469135802,1,0.677811550151976,0.0435458786936236,0.009375,1,0.684210526315789,1,1,0.568535825545171,1,0,0.0705329153605016,1,1,1,0.320813771517997,0.651982378854626,0.693163751987281,0.995488721804511,1,0.984639016897081,0.303215926493109,0.347626339969372,1,0.306729264475743,1,0.360429447852761,0.1046875,0.300462249614792,0.315315315315315,0.335526315789474,1,0.081203007518797,1,1,1,0.273425499231951,0.320126782884311,1,0.316770186335404,1,1,0.308510638297872,1,0.32089552238806,1,0.309968847352025,0.320987654320988,1,0.676923076923077,0.317220543806647,1,0.314102564102564,0.747286821705426,0.319083969465649,0.16969696969697,0.316265060240964,0.76271186440678,0.311811023622047,1,0.322429906542056,0.331818181818182,0.293313069908815,1,1,1,0.969889064976228,0.347133757961783,1,0.323248407643312,1,0.320450885668277,0.326807228915663,1,1,1,0.919753086419753,1,0.312781954887218,0.313725490196078,1,1,0.0498442367601246,0.0795631825273011,1,1,0.312698412698413,1,1,0.308527131782946,1,1,0.683563748079877,0.535552193645991,1,0,1,1,0.0984848484848485,0.326086956521739,1,0.326153846153846,1,0.967592592592593,1,0.813559322033898,1,0.333863275039746,1,1,1,0,0.306451612903226,1,1,0.675465838509317,1,0.325115562403698,0.356269113149847,0.321044546850998,1,1,1,0.0898021308980213,0.31832298136646,0.0903328050713154,1,0.305471124620061,0.310030395136778,0.359281437125749,0,1,0.958204334365325,1,1,0.325581395348837,0.301204819277108,0.171156893819334,0.0375,0.315384615384615,0.30757341576507,0.324734446130501,0,0.319571865443425,1,0,0.313725490196078,1,1,1,0.321212121212121,0.316666666666667,0.0380348652931854,1,0.322429906542056,0.307110438729198,1,1,0.314984709480122,0.696,1,1,0.689708141321045,1,0.312594840667678,1,0.317901234567901,0.536404160475483,0.677224736048265,0.403249630723781,1,0.301659125188537,0.311450381679389,0.684615384615385,0.667175572519084,1,0.323353293413174,1,0.31981981981982,1,0.311827956989247,0.308661417322835,0.350387596899225,0.521936459909228,0.315047021943574,0.312302839116719,0.666153846153846,0.314024390243902,0.153846153846154,1,0,1,0.2984375,1,0,0.315707620528771,0.32093023255814,1,0.0581222056631893,1,0.0902021772939347,0.33953488372093,1,0.0633693972179289,0.672754946727549,1,1,1,0.313408723747981,0.0408472012102874,1,0.421779141104294,0.0947867298578199,0.345808383233533,0.324655436447167,0.324324324324324,1,1,1,1,1,0.0659670164917541,0.998484848484849,0.684848484848485,0,0.31969696969697,1,1,1,1,0.086286594761171,0.31306990881459,1,1,1,1,1,1,0.495426829268293,0,1,0.0853658536585366,0.32,0.435857805255023,1,0.384976525821596,0.314785373608903,0.316109422492401,1,0.0403100775193798,0.324242424242424,1,1,0.369085173501577,0.311077389984825,0.313846153846154,0.325471698113208,1,0.32967032967033,0.317220543806647,0.418641390205371,0.317972350230415,0.972350230414747,0.31306990881459,0.0797448165869219,0.327160493827161,0,1,0.0923317683881064,0.306122448979592,0.30757341576507,0.320493066255778,1,1,1,1,1,1,0.337519623233909,1,0.313479623824451,0.316993464052288,0.597222222222222,0.682316118935837,1,1,0,0.317220543806647,0.119448698315467,1,0.0323076923076923,1,1,0.316535433070866,1,1,0.629337539432177,0.419871794871795,0.997037037037037,0.078525641025641,0.0979782270606532,1,1,1,0.0858034321372855,0,0.314329738058552,0.422118380062305,0.312121212121212,0,0.317683881064163,0.0899053627760252,1,1,0.323619631901841,0.316923076923077,0.254290171606864,0.339144215530903,0.315068493150685,0.324116743471582,1,1,0.324324324324324,1,0,1,0.2398753894081,1,0.673282442748092,1,0.3078125,0.30625,0.0731707317073171,0.676691729323308,1,1,0.787461773700306,0.898251192368839,0.323854660347551,0.308777429467085,1,0.311145510835913,0.270440251572327,0.310664605873261,1,0.102134146341463,1,1,0.318529862174579,0.676609105180534,0.304416403785489,1,1,0.314329738058552,0.305343511450382,0.319758672699849,0.85423197492163,0.306501547987616,1,0.0566615620214395,1,1,0.690440060698027,0.649230769230769,0.3216,0.0570107858243451,0.326625386996904,1,1,0.302936630602782,0.330757341576507,0.618683001531394,1,0.305722891566265,0.370090634441088,0.306870229007634,0.98340874811463,0.47900466562986,0.00304878048780488,0.297256097560976,0.320300751879699,0.324409448818898,0.308056872037915,0.321321321321321,0.971556886227545,1,0.313455657492355,0.553429027113238,0.685446009389671,0.251552795031056,0.687600644122383,1,0.326153846153846,0.00311526479750779,0.32093023255814,0.31859756097561,0.366666666666667,0.311424100156495,0,0.334862385321101,0.322834645669291,0.319182389937107,0.311450381679389
"730",1,1,1,1,1,1,0.70253164556962,1,1,0.103937007874016,1,0.047112462006079,0.804416403785489,1,0.312202852614897,0.308868501529052,0.0699844479004666,0.683954619124797,1,1,0.286821705426357,0.307086614173228,1,0.162576687116564,1,0.317829457364341,0.315047021943574,1,1,0.770542635658915,0.306278713629403,0.716279069767442,0.959501557632399,0.312693498452012,0,1,0.541538461538462,1,0.29742033383915,1,0.663536776212833,0.686153846153846,0.701674277016743,1,1,0.325077399380805,0.310832025117739,0.309417040358744,0.325227963525836,0.329211746522411,0,1,0.308980213089802,1,1,0.481072555205047,0.55607476635514,1,1,1,0.324242424242424,0.315707620528771,0.31924882629108,0.682737169517885,1,1,0.0407523510971787,1,0.0641791044776119,0.310872894333844,1,0.315870570107858,0.321766561514196,0.961290322580645,0.514503816793893,1,0.30781010719755,0.333333333333333,1,0.31924882629108,0.0912,0.327131782945736,0.324534161490683,1,0.334869431643625,1,1,1,1,0.698170731707317,1,1,0.00154320987654321,0.11280487804878,1,0.0498489425981873,0,1,0.558730158730159,0.672386895475819,1,0.0610328638497653,0.309262166405024,1,0.309486780715397,1,0.687116564417178,1,0.311627906976744,0.314984709480122,0.316770186335404,1,0.321538461538462,1,0.491778774289985,1,0.317262830482115,0.304084720121029,0.323308270676692,0.310077519379845,0.484567901234568,0.998447204968944,0.317147192716237,0.30952380952381,1,0.300613496932515,1,1,0.335403726708075,0.540090771558245,1,0.32,1,0.0463378176382661,1,0.316187594553706,0.681957186544342,0.326687116564417,0.927131782945736,0.437299035369775,0.1078125,0.103395061728395,1,1,0.3265625,1,0.316816816816817,1,0.795069337442219,1,0.324921135646688,1,1,1,1,0.327613104524181,1,0.318181818181818,0.251552795031056,1,0.3125,1,0.294392523364486,0.0892018779342723,1,0.308049535603715,1,1,1,0.328746177370031,1,0.324451410658307,1,0.308980213089802,1,0.316535433070866,0.0773993808049536,1,0.637239165329053,1,1,0.31687898089172,1,1,1,1,0.323943661971831,0.315151515151515,1,0.998454404945904,0.313636363636364,0.301587301587302,1,0.447204968944099,0.672619047619048,0,0.318252730109204,0.672839506172839,1,0.316109422492401,1,0.998477929984779,1,0.318461538461538,0.318042813455657,0.325842696629214,1,1,1,0,1,0.30173775671406,0.969512195121951,0.320251177394035,0.305295950155763,0.757575757575758,1,1,1,1,1,0.0478395061728395,0.313935681470138,0.323664122137405,1,0.67737003058104,1,1,0.998442367601246,0.998473282442748,1,1,0.00464396284829721,0.318250377073906,1,0.31441717791411,1,0.304012345679012,1,1,1,1,1,0.31619937694704,1,0.514150943396226,0.320433436532508,0.327718223583461,0.301435406698565,0.321928460342146,0.3328125,0.418641390205371,0.331269349845201,0.307926829268293,0.310664605873261,1,0.324534161490683,1,0.682634730538922,0.308868501529052,0.309090909090909,0.332283464566929,1,1,1,0.252730109204368,0.313971742543171,1,0.314241486068111,0.321752265861027,0.312693498452012,0.320493066255778,0.686821705426357,1,0.321592649310873,0.31496062992126,1,0.298412698412698,1,0.307339449541284,0.31441717791411,1,1,1,0.55188679245283,1,0.6890625,0.0868924889543446,0.318885448916409,1,1,0.101823708206687,0.321538461538462,0.324324324324324,1,1,0.302611367127496,0.0264385692068429,0.0031201248049922,1,1,0.337878787878788,0.998456790123457,1,0.308166409861325,1,1,0.314641744548287,1,1,1,1,0.323076923076923,0.311278195488722,0.323343848580442,1,1,0.672811059907834,0.307332293291732,1,0.315068493150685,0.299373040752351,1,1,0.998461538461539,1,1,0.328149300155521,1,1,0.117460317460317,0.330804248861912,0.493690851735016,0.302034428794992,0.672281776416539,0.307339449541284,1,0.306122448979592,0.330218068535826,0.261068702290076,0.327245053272451,1,0.321804511278195,1,1,1,0.29984544049459,0.326747720364742,0.998461538461539,0.920508744038156,0.071656050955414,1,0.31441717791411,0.318252730109204,0.309636650868878,1,0.324200913242009,0.467692307692308,0.327769347496206,0.310077519379845,0.308176100628931,0.305900621118012,1,0.324451410658307,1,1,0,1,0.317972350230415,1,1,1,0.323170731707317,1,0.305863708399366,1,0.825347758887172,1,1,1,0.312688821752266,1,1,0.315467075038285,0.310872894333844,1,1,0.311145510835913,0.199088145896657,1,0.998463901689708,1,0,0.308661417322835,1,0.306870229007634,0.244961240310078,1,0.675425038639876,0.433384379785605,1,1,0.676077265973254,0.695517774343122,0.339593114241002,1,0.313455657492355,1,1,0.329721362229102,1,0.998456790123457,0.00934579439252336,0.3296875,1,1,0.322274881516588,1,1,0.309486780715397,0.348623853211009,1,1,1,0.524962178517398,0.307453416149068,0.343213728549142,0.312965722801788,0.329738058551618,0.690769230769231,0.323216995447648,0.324116743471582,0.312977099236641,0.231132075471698,0.315372424722662,1,0.316417910447761,0.998449612403101,0.312210200927357,0.0854572713643178,0.055045871559633,1,1,0.0417956656346749,1,0.686746987951807,0.048062015503876,0.0137825421133231,1,0.681818181818182,1,1,0.541996830427892,1,0,0.0766823161189358,1,1,1,0.321316614420063,0.65345080763583,0.696141479099678,0.995348837209302,1,0.98159509202454,0.310975609756098,0.349378881987578,1,0.295489891135303,1,0.362229102167183,0.11216429699842,0.299539170506912,0.319880418535127,0.331699346405229,1,0.0791476407914764,1,1,1,0.254601226993865,0.317829457364341,1,0.317891373801917,1,1,0.311077389984825,1,0.31981981981982,1,0.31055900621118,0.316118935837246,1,0.680555555555556,0.318112633181126,1,0.31619937694704,0.755007704160247,0.309667673716012,0.162287480680062,0.318452380952381,0.761171032357473,0.304075235109718,1,0.321483771251932,0.337962962962963,0.291472868217054,1,1,1,0.966183574879227,0.348726114649682,1,0.323248407643312,1,0.313504823151125,0.319634703196347,1,1,1,0.919129082426128,1,0.30640243902439,0.321981424148607,1,1,0.0520504731861199,0.0828125,1,1,0.308661417322835,1,1,0.3109375,1,1,0.679938744257274,0.540334855403349,1,0,1,1,0.105580693815988,0.320433436532508,1,0.315870570107858,0.998432601880878,0.962382445141066,0.998449612403101,0.813271604938272,1,0.327586206896552,1,1,1,0,0.308441558441558,1,1,0.667706708268331,1,0.317557251908397,0.359133126934985,0.31651376146789,1,1,1,0.0971168437025797,0.32120253164557,0.0947030497592295,0.9984375,0.30920060331825,0.307219662058372,0.351063829787234,0,1,0.954758190327613,1,1,0.321259842519685,0.303490136570561,0.160125588697017,0.0407523510971787,0.315625,0.310452418096724,0.325757575757576,0.00157728706624606,0.311450381679389,1,0,0.319148936170213,1,1,1,0.317629179331307,0.314674735249622,0.0385232744783307,1,0.314728682170543,0.305471124620061,1,1,0.318181818181818,0.699029126213592,1,1,0.698289269051322,1,0.303951367781155,1,0.313455657492355,0.533742331288344,0.672256097560976,0.405775075987842,1,0.301801801801802,0.316692667706708,0.680555555555556,0.669195751138088,1,0.320433436532508,1,0.325825825825826,1,0.310077519379845,0.317829457364341,0.354838709677419,0.521472392638037,0.310832025117739,0.308176100628931,0.666666666666667,0.316742081447964,0.15311004784689,1,0,1,0.295489891135303,1,0,0.313178294573643,0.317610062893082,1,0.0642750373692078,1,0.0894819466248038,0.332288401253919,1,0.0721966205837174,0.675425038639876,1,1,1,0.309677419354839,0.0410958904109589,1,0.4337899543379,0.100931677018634,0.344360902255639,0.319148936170213,0.323795180722892,1,1,1,1,1,0.0681818181818182,0.995468277945619,0.692073170731707,0.00452488687782805,0.321044546850998,1,1,1,1,0.0944272445820433,0.314900153609831,1,1,1,1,1,1,0.48780487804878,0.00156985871271586,1,0.0891238670694864,0.313161875945537,0.430555555555556,1,0.388364779874214,0.3056,0.309341500765697,1,0.0430769230769231,0.314728682170543,1,1,0.367924528301887,0.312024353120244,0.313846153846154,0.313880126182965,0.998463901689708,0.32755905511811,0.315467075038285,0.423913043478261,0.314553990610329,0.970948012232416,0.307578008915305,0.0880503144654088,0.315707620528771,0,1,0.0914826498422713,0.312693498452012,0.31055900621118,0.313364055299539,1,1,1,1,1,1,0.321316614420063,1,0.31832298136646,0.315270935960591,0.604327666151468,0.67906976744186,1,1,0,0.307346326836582,0.121725731895223,0.998487140695915,0.0385802469135802,1,1,0.3125,1,1,0.616822429906542,0.421221864951768,0.995562130177515,0.082018927444795,0.101721439749609,1,1,1,0.0890937019969278,0,0.31441717791411,0.425696594427245,0.315151515151515,0,0.327586206896552,0.0894819466248038,1,1,0.317771084337349,0.321044546850998,0.241538461538462,0.333860759493671,0.309707241910632,0.315467075038285,1,1,0.322222222222222,1,0,1,0.2265625,1,0.68167701863354,1,0.305810397553517,0.304,0.0787878787878788,0.682442748091603,1,1,0.788491446345257,0.894568690095847,0.316957210776545,0.318611987381703,1,0.318529862174579,0.251162790697674,0.313195548489666,1,0.109230769230769,1,1,0.314329738058552,0.681889763779528,0.305295950155763,1,1,0.312111801242236,0.302469135802469,0.316666666666667,0.854003139717425,0.309636650868878,1,0.0584615384615385,1,1,0.701378254211332,0.65284178187404,0.321486268174475,0.0594679186228482,0.319508448540707,1,1,0.302325581395349,0.323529411764706,0.621329211746522,1,0.307458143074581,0.373475609756098,0.305810397553517,0.983333333333333,0.478193146417445,0.00455927051671732,0.300925925925926,0.323262839879154,0.329192546583851,0.316279069767442,0.31981981981982,0.96793893129771,1,0.311926605504587,0.555732484076433,0.683641975308642,0.230534351145038,0.6896,1,0.31733746130031,0.0015625,0.321428571428571,0.311550151975684,0.365030674846626,0.313971742543171,0,0.324200913242009,0.317460317460317,0.324451410658307,0.309707241910632
"731",0,0,0,0,0,0,0.29635499207607,0,0,0.905511811023622,0,0.95679012345679,0.174454828660436,0,0.677519379844961,0.688854489164087,0.942511346444781,0.3184,0,0,0.711598746081505,0.681388012618297,0,0.856060606060606,0,0.673282442748092,0.681962025316456,0,0,0.199052132701422,0.691472868217054,0.250759878419453,0.0276073619631902,0.687211093990755,1,0,0.471406491499227,0,0.697885196374622,0,0.334862385321101,0.325688073394495,0.315629742033384,0,0,0.681528662420382,0.6859375,0.688821752265861,0.670245398773006,0.674735249621785,1,0,0.684931506849315,0,0,0.486111111111111,0.445131375579598,0,0,0,0.665144596651446,0.672386895475819,0.683307332293292,0.322932917316693,0,0,0.960876369327074,0,0.951807228915663,0.678247734138973,0,0.672782874617737,0.671474358974359,0.0428571428571429,0.496251874062969,0,0.690332326283988,0.666158536585366,0,0.679873217115689,0.917197452229299,0.670382165605096,0.668711656441718,0,0.661016949152542,0,0,0,0,0.308282208588957,0,0,0.998459167950693,0.898176291793313,0,0.955927051671733,1,0,0.4464,0.329153605015674,0,0.951863354037267,0.679012345679012,0,0.677966101694915,0,0.315132605304212,0,0.684049079754601,0.67741935483871,0.6797583081571,0,0.678353658536585,0,0.524390243902439,0,0.684532924961715,0.701219512195122,0.678247734138973,0.677115987460815,0.527439024390244,0.00153374233128834,0.677760968229955,0.685303514376997,0,0.692073170731707,0,0,0.674382716049383,0.452887537993921,0,0.683563748079877,0,0.958208955223881,0,0.684131736526946,0.323574730354391,0.670212765957447,0.0607476635514019,0.57007874015748,0.901869158878505,0.90809968847352,0,0,0.665123456790123,0,0.683812405446294,0,0.179447852760736,0,0.671383647798742,0,0,0,0,0.663026521060842,0,0.68075117370892,0.75,0,0.685015290519878,0,0.69359756097561,0.9234375,0,0.687301587301587,0,0,0,0.657975460122699,0,0.668730650154799,0,0.689230769230769,0,0.674418604651163,0.929447852760736,0,0.370967741935484,0,0,0.679186228482003,0,0,0,0,0.679331306990882,0.686838124054463,0,0.00154320987654321,0.676923076923077,0.695447409733124,0,0.553680981595092,0.333333333333333,1,0.67530487804878,0.330792682926829,0,0.675925925925926,0,0.00151285930408472,0,0.680124223602484,0.678787878787879,0.675118858954041,0,0,0,1,0,0.693146417445483,0.024653312788906,0.670245398773006,0.690993788819876,0.253477588871716,0,0,0,0,0,0.956521739130435,0.672360248447205,0.673716012084592,0,0.322678843226788,0,0,0.00154320987654321,0.00152905198776758,0,0,0.996932515337423,0.692780337941628,0,0.683307332293292,0,0.695852534562212,0,0,0,0,0,0.675384615384615,0,0.483568075117371,0.667177914110429,0.676737160120846,0.685271317829457,0.676470588235294,0.672413793103448,0.581210191082803,0.664634146341463,0.682926829268293,0.689024390243902,0,0.665653495440729,0,0.314674735249622,0.680555555555556,0.698630136986301,0.672281776416539,0,0,0,0.750783699059561,0.684049079754601,0,0.679626749611198,0.668683812405446,0.6859375,0.678353658536585,0.31055900621118,0,0.679331306990882,0.685847589424572,0,0.696,0,0.68609865470852,0.684129429892142,0,0,0,0.468315301391036,0,0.311248073959938,0.923994038748137,0.679566563467492,0,0,0.905631659056317,0.679331306990882,0.674565560821485,0,0,0.691489361702128,0.978428351309707,0.998427672955975,0,0,0.657142857142857,0.00154798761609907,0,0.6875,0,0,0.678353658536585,0,0,0,0,0.673913043478261,0.68107302533532,0.668253968253968,0,0,0.340062111801242,0.68125,0,0.681137724550898,0.693939393939394,0,0,0.00153609831029186,0,0,0.674922600619195,0,0,0.898278560250391,0.662557781201849,0.523291925465838,0.690966719492868,0.332819722650231,0.686746987951807,0,0.691823899371069,0.668202764976959,0.751902587519026,0.67530487804878,0,0.668135095447871,0,0,0,0.692660550458716,0.675883256528418,0.00153609831029186,0.0700636942675159,0.945226917057903,0,0.680365296803653,0.677621283255086,0.689763779527559,0,0.672155688622755,0.542503863987635,0.674846625766871,0.690292758089368,0.682965299684543,0.691588785046729,0,0.68088467614534,0,0,1,0,0.671274961597542,0,0,0,0.669266770670827,0,0.682888540031397,0,0.152671755725191,0,0,0,0.684931506849315,0,0,0.689922480620155,0.679389312977099,0,0,0.691489361702128,0.823170731707317,0,0.00153374233128834,0,1,0.68895800933126,0,0.688350983358548,0.765163297045101,0,0.328808446455505,0.555891238670695,0,0,0.322485207100592,0.297045101088647,0.65015479876161,0,0.684532924961715,0,0,0.665625,0,0.00154559505409583,0.993865030674847,0.670245398773006,0,0,0.67246835443038,0,0,0.692913385826772,0.671802773497689,0,0,0,0.46,0.688650306748466,0.655763239875389,0.679941002949852,0.667687595712098,0.313479623824451,0.675840978593272,0.665644171779141,0.682926829268293,0.769585253456221,0.676100628930818,0,0.68215892053973,0.0015600624024961,0.678955453149002,0.918674698795181,0.951588502269289,0,0,0.963076923076923,0,0.311550151975684,0.960061443932412,0.990595611285266,0,0.322981366459627,0,0,0.45625,0,1,0.931528662420382,0,0,0,0.677067082683307,0.358407079646018,0.312399355877617,0.00301204819277108,0,0.0136986301369863,0.690548780487805,0.66820987654321,0,0.700156985871272,0,0.621538461538461,0.897356143079316,0.688449848024316,0.674140508221226,0.659016393442623,0,0.92156862745098,0,0,0,0.749625187406297,0.667716535433071,0,0.683153013910355,0,0,0.688650306748466,0,0.677941176470588,0,0.691358024691358,0.671875,0,0.317262830482115,0.679699248120301,0,0.68621236133122,0.224111282843895,0.68030303030303,0.849315068493151,0.683812405446294,0.222395023328149,0.688188976377953,0,0.672811059907834,0.664133738601824,0.703363914373089,0,0,0,0.0267716535433071,0.665040650406504,0,0.676236044657097,0,0.684552845528455,0.679817905918058,0,0,0,0.0762052877138414,0,0.688350983358548,0.67687595712098,0,0,0.954186413902054,0.927899686520376,0,0,0.689873417721519,0,0,0.687888198757764,0,0,0.322033898305085,0.474164133738602,0,1,0,0,0.904545454545455,0.673374613003096,0,0.671875,0.00154083204930663,0.0285261489698891,0.00155038759689922,0.170694864048338,0,0.668810289389068,0,0,0,1,0.680194805194805,0,0,0.33125,0,0.678899082568807,0.635114503816794,0.676425269645609,0,0,0,0.914798206278027,0.676100628930818,0.91496062992126,0.00158227848101266,0.683409436834094,0.68348623853211,0.641860465116279,1,0,0.0385208012326656,0,0,0.676056338028169,0.685714285714286,0.856474258970359,0.959876543209877,0.670295489891135,0.687402799377916,0.666666666666667,0.998422712933754,0.681538461538462,0,1,0.680851063829787,0,0,0,0.677811550151976,0.672106824925816,0.966876971608833,0,0.68944099378882,0.696784073506891,0,0,0.679389312977099,0.307448494453249,0,0,0.315132605304212,0,0.68693009118541,0,0.68160741885626,0.47900466562986,0.332829046898638,0.60119940029985,0,0.696969696969697,0.677519379844961,0.319634703196347,0.329341317365269,0,0.671253822629969,0,0.675757575757576,0,0.677570093457944,0.68944099378882,0.651162790697674,0.476780185758514,0.680817610062893,0.682737169517885,0.334360554699538,0.67629179331307,0.858054226475279,0,1,0,0.697637795275591,0,1,0.681047765793529,0.679245283018868,0,0.951327433628319,0,0.917573872472784,0.654798761609907,0,0.944615384615385,0.329704510108865,0,0,0,0.686998394863563,0.962235649546828,0,0.559748427672956,0.907086614173228,0.635528330781011,0.680916030534351,0.673312883435583,0,0,0,0,0,0.944193061840121,0.00452488687782805,0.324116743471582,0.997045790251108,0.672782874617737,0,0,0,0,0.916158536585366,0.688721804511278,0,0,0,0,0,0,0.523664122137405,0.998410174880763,0,0.918181818181818,0.671779141104294,0.569678407350689,0,0.592476489028213,0.686900958466454,0.686915887850467,0,0.961538461538462,0.672782874617737,0,0,0.618380062305296,0.684766214177979,0.68075117370892,0.673374613003096,0.00153374233128834,0.6734375,0.674347158218126,0.584639498432602,0.68,0.0245022970903522,0.685410334346505,0.920634920634921,0.6797583081571,1,0,0.913793103448276,0.692185007974482,0.682316118935837,0.681388012618297,0,0,0,0,0,0,0.672955974842767,0,0.678516228748068,0.684729064039409,0.409365558912387,0.325434439178515,0,0,1,0.678624813153961,0.887692307692308,0.00151745068285281,0.964560862865948,0,0,0.675590551181102,0,0,0.375193798449612,0.5824,0.00447761194029851,0.923794712286159,0.90894819466248,0,0,0,0.914330218068536,1,0.682588597842835,0.577743902439024,0.684848484848485,1,0.676056338028169,0.918367346938776,0,0,0.67624810892587,0.675883256528418,0.764705882352941,0.663009404388715,0.685975609756098,0.682926829268293,0,0,0.672926447574335,0,1,0,0.795419847328244,0,0.326219512195122,0,0.68895800933126,0.693522906793049,0.932515337423313,0.324734446130501,0,0,0.208398133748056,0.103174603174603,0.680817610062893,0.682888540031397,0,0.67741935483871,0.753894080996885,0.678288431061807,0,0.897865853658537,0,0,0.68380062305296,0.322327044025157,0.692551505546751,0,0,0.694189602446483,0.692546583850932,0.67921686746988,0.137440758293839,0.675718849840256,0,0.951807228915663,0,0,0.31039755351682,0.356923076923077,0.678288431061807,0.950920245398773,0.670807453416149,0,0,0.686520376175549,0.666151468315301,0.376923076923077,0,0.688988095238095,0.632621951219512,0.682027649769585,0.0182370820668693,0.532507739938081,0.996932515337423,0.693721286370597,0.67814371257485,0.668238993710692,0.676145339652449,0.6797583081571,0.033033033033033,0,0.686453576864536,0.458003169572108,0.321372854914197,0.766666666666667,0.312202852614897,0,0.677469135802469,0.998452012383901,0.674809160305344,0.68140243902439,0.642526964560863,0.678571428571429,1,0.664596273291925,0.67981072555205,0.674528301886792,0.689708141321045
"732",0.297507788161994,0.310291858678955,0.306278713629403,0.330218068535826,0.311349693251534,0.308868501529052,0.0109717868338558,0.313084112149533,0.315467075038285,0.574568288854003,0.315315315315315,0.643730886850153,0.513178294573643,0.317557251908397,1,1,0.622388059701493,0,0.325153374233129,0.306766917293233,1,1,0.321699544764795,0.523882896764253,0.307578008915305,1,1,0.3328125,0.307578008915305,0.526315789473684,1,0.58751902587519,0.366261398176292,0.996937212863706,0.671779141104294,0.3072,0.138763197586727,0.324283559577677,1,0.300604229607251,0.00306278713629403,0,0,0.326656394453005,0.314728682170543,1,0.993855606758833,1,1,1,0.689497716894977,0.325617283950617,1,0.328267477203647,0.31306990881459,0.826893353941267,0.115562403697997,0.316923076923077,0.316187594553706,0.322033898305085,0.992481203007519,1,1,0.00612557427258806,0.308661417322835,0.309923664122137,0.657407407407407,0.324074074074074,0.619469026548673,1,0.317073170731707,1,1,0.274015748031496,0.161585365853659,0.318518518518519,1,0.994011976047904,0.319277108433735,1,0.603803486529319,1,1,0.324655436447167,1,0.321005917159763,0.308166409861325,0.320493066255778,0.318818040435459,0,0.316923076923077,0.325958702064897,0.690440060698027,0.593093093093093,0.309148264984227,0.637037037037037,0.690548780487805,0.310240963855422,0.116427432216906,0,0.302752293577982,0.624420401854714,1,0.317111459968603,1,0.316436251920123,0,0.319083969465649,1,1,1,0.306525037936267,0.995398773006135,0.323076923076923,0.199697428139183,0.304477611940298,1,0.379154078549849,1,1,0.198170731707317,0.312307692307692,1,1,0.327272727272727,1,0.312408759124088,0.310911808669656,0.375379939209726,0.768202080237742,0.326086956521739,1,0.324031007751938,0.632743362831858,0.32753164556962,1,0.00151285930408472,1,0.369230769230769,0.891167192429022,0.582181259600614,0.6,0.310664605873261,0.31937984496124,1,0.311278195488722,1,0.294117647058824,0.493212669683258,0.322338830584708,1,0.306278713629403,0.313572542901716,0.321044546850998,0.320433436532508,1,0.304615384615385,1,0.436363636363636,0.330804248861912,1,0.31981981981982,1,0.597200622083981,0.316455696202532,1,0.316109422492401,0.308980213089802,0.332298136645963,0.986280487804878,0.327718223583461,1,0.325227963525836,1,0.316957210776545,1,0.599693251533742,0.3,0.0288,0.290824261275272,0.313364055299539,1,0.307926829268293,0.314024390243902,0.318731117824773,0.326186830015314,1,1,0.32018927444795,0.324655436447167,1,1,0.318461538461538,0.238601823708207,0.0192307692307692,0.69218989280245,1,0.00307692307692308,0.318318318318318,1,0.313084112149533,0.316742081447964,0.309341500765697,0.998452012383901,1,1,0.326409495548961,0.313880126182965,0.311746987951807,0.683229813664596,0.303951367781155,1,0.331297709923664,1,1,0.438356164383562,0.318818040435459,0.320726172465961,0.324159021406728,0.299093655589124,0.309341500765697,0.644171779141104,1,1,0.310708898944193,0.00455235204855842,0.326378539493294,0.310650887573964,0.318529862174579,0.310136157337368,0.29601226993865,0.313988095238095,0.700453857791225,0.368975903614458,0.30441400304414,1,0.316358024691358,1,0.308980213089802,0.299539170506912,0.310664605873261,0.324116743471582,0.310618066561014,1,0.328313253012048,0.804992199687988,1,1,0.996894409937888,1,1,0.895962732919255,1,1,1,0.31547619047619,1,0.31911532385466,0,1,0.386123680241327,1,0.317683881064163,0.314112291350531,0.311349693251534,0.421374045801527,1,0.320182094081942,1,1,1,1,0,0.310291858678955,1,1,0.319571865443425,1,0.317293233082707,1,1,0.308527131782946,0.31937984496124,0.293051359516616,0.148036253776435,0.326656394453005,0,0.59499263622975,1,0.311278195488722,0.315541601255887,0.589473684210526,1,1,0.327131782945736,0.326219512195122,1,0.660550458715596,0.691833590138675,0.304953560371517,0.314873417721519,0.994011976047904,0.32469512195122,0.302533532041729,1,0.309119010819165,0.305722891566265,1,0.306153846153846,0.314112291350531,0.309230769230769,0.315151515151515,1,1,1,0.304545454545455,0.325652841781874,0.00603318250377074,0.990769230769231,0.317829457364341,1,1,0.311377245508982,0.33034379671151,0.300150829562594,0.315950920245399,0.312594840667678,1,0.30757341576507,0.308623298033283,0.5703125,1,0.839203675344564,1,0,1,0.316568047337278,1,1,0.416666666666667,0.998482549317147,0.322530864197531,1,0.30381679389313,0.303215926493109,0.308270676691729,1,1,0.314112291350531,0.400928792569659,0.608214849921011,0.299531981279251,1,1,1,0.3203125,1,0.195685670261941,1,1,1,1,0.320417287630402,1,0.313504823151125,0.329704510108865,0.677914110429448,0.301092043681747,1,0.321212121212121,0.310549777117385,0.313385826771654,1,0.303703703703704,1,0.317220543806647,0.477477477477477,0.321752265861027,0.327131782945736,0.305471124620061,1,0.315467075038285,0.299079754601227,1,1,0.315548780487805,0.309230769230769,1,0.483532934131737,0.309859154929577,0.32572298325723,0.326747720364742,0.689969604863222,1,0.287949921752739,1,0.419753086419753,0.305343511450382,0,0.879756468797565,0.314641744548287,0.319148936170213,0,0.0310077519379845,0.981651376146789,0.316590563165906,1,0.309815950920245,0.312210200927357,1,0.318318318318318,0.312404287901991,0.675840978593272,1,0.314814814814815,0.315384615384615,1,0.305970149253731,0.3046875,1,0.344410876132931,0.307931570762053,0.311278195488722,0.330792682926829,0.803951367781155,1,0.983076923076923,1,1,0.00153846153846154,1,0.993827160493827,1,0.426584234930448,0.996899224806202,0.305936073059361,0.994074074074074,0.329721362229102,0.995391705069124,0.615611192930781,0.634036144578313,0.323485967503693,0.30688622754491,0.642748091603053,0.315707620528771,0,0.632465543644717,0.685758513931889,0.312121212121212,0.00154320987654321,0.306748466257669,0.303215926493109,0.770416024653313,0.321044546850998,0.690909090909091,0.600953895071542,0.310185185185185,0.312121212121212,0.292609351432881,1,0.0247093023255814,0,0.307926829268293,0.324734446130501,0.331297709923664,1,0.337984496124031,0.317365269461078,1,0.305059523809524,0.940639269406393,0.569620253164557,1,1,0.993579454253612,0.324444444444444,0.606927710843373,0.315946348733234,0.310832025117739,0.312111801242236,0.421289355322339,1,0.306027820710974,1,0.315625,0.318681318681319,1,0.312401883830455,1,0.324574961360124,1,1,0.320726172465961,0,1,0.320182094081942,1,0.566820276497696,1,0.508955223880597,1,0.56,1,0.318110236220472,1,1,1,0.30804248861912,0.321928460342146,0.308605341246291,0.342229199372057,0.335473515248796,0.306748466257669,1,0.318042813455657,1,1,0.32375189107413,0.313178294573643,0.312217194570136,0.390697674418605,0.322775263951735,1,1,0.318042813455657,0.32093023255814,0.63125,0.601866251944012,0.311926605504587,0.314241486068111,1,0.30920060331825,0.312406576980568,0.99537750385208,0.304821150855365,0.306153846153846,0,0.137254901960784,0.318461538461538,0.679824561403509,0.309451219512195,0.315789473684211,0.603576751117735,0.998496240601504,0.308049535603715,1,0.314900153609831,0.348228043143297,0.310077519379845,0.474320241691843,0.312217194570136,1,0.319571865443425,0.31441717791411,0.328197226502311,0.695522388059701,1,0.3171875,0.321804511278195,0,0.322727272727273,0.998484848484849,0.95738203957382,1,0.314842578710645,0.328808446455505,0.310344827586207,0.584454409566517,1,0.595645412130638,0.327639751552795,1,1,0.967889908256881,0.681957186544342,0.329770992366412,0.356707317073171,0.318731117824773,0.315233785822021,1,1,0.513931888544892,0.636923076923077,1,1,0.998487140695915,0.7,1,0.317577548005908,0.683720930232558,1,0.323795180722892,0.317901234567901,0.316436251920123,0.996969696969697,1,0.645865834633385,0.312121212121212,1,1,0.315548780487805,0.307807807807808,0.998487140695915,0,0.310664605873261,0.30757341576507,0.00775193798449612,0.312312312312312,1,0.310077519379845,1,0.138972809667674,0,0.906528189910979,0.325688073394495,1,1,0,0.00148588410104012,0.325227963525836,1,0.319182389937107,0.997019374068554,0.3140625,1,0.998452012383901,0.963246554364472,0.777272727272727,1,1,0.0060790273556231,1,0.521259842519685,0.326153846153846,0.675716440422323,0.325264750378215,1,0.299694189602446,0.682442748091603,1,1,0.314241486068111,0.617732558139535,0.32824427480916,0.592933947772657,0.970404984423676,0.324200913242009,0.608294930875576,0.0137404580152672,0.308396946564885,0.321100917431193,0.319213313161876,1,0.634182908545727,0.302848575712144,0.893617021276596,0.589147286821705,0.966817496229261,1,1,0.310872894333844,0.333850931677019,0.30757341576507,0.305597579425113,0.31039755351682,0.615952732644018,0.305847076461769,0,0.679468242245199,0.998468606431853,0.32078313253012,0.306027820710974,0.313084112149533,0.328849028400598,0.611195158850227,1,0.324364723467862,0.328682170542636,0.333865814696486,0.320552147239264,0.308270676691729,0.309451219512195,0.190404797601199,0.678071539657854,0.316998468606432,0.603603603603604,1,0.240061162079511,0.320061255742726,0.925233644859813,1,1,0.311450381679389,0.634556574923547,1,0.315629742033384,0.294027565084227,0.951486697965571,1,1,0.996865203761755,0.320300751879699,1,1,0.894245723172628,1,0.350299401197605,1,0.591194968553459,1,0.68018018018018,0.305343511450382,0.6078125,1,1,0.990683229813665,0.322338830584708,0.323664122137405,0.3198127925117,0.315946348733234,0.322327044025157,0.321483771251932,0.983024691358025,0.310502283105023,1,1,0.723926380368098,0,0.317220543806647,0.307346326836582,0.678624813153961,1,0.569230769230769,0.327354260089686,0.648690292758089,0.306748466257669,0.315132605304212,1,0.310185185185185,0.3184,0.686728395061728,0.905660377358491,0.320644216691069,0.615146831530139,0.582434514637905,0.329787234042553,0.321592649310873,0.301204819277108,0.598784194528875,0.690909090909091,1,0.899096385542169,1,0.666666666666667,0.996875,0.601255886970173,0.311827956989247,0.320695102685624,1,1,0.430321592649311,0.992307692307692,0.99702380952381,1,0.306990881458967,0.320610687022901,1,0.314074074074074,0.689393939393939,0.324031007751938,0.46141975308642,0.302469135802469,0,0.30804248861912,1,1,0.600903614457831,0.00147492625368732,0.332317073170732,0.321212121212121,0.0938461538461538,0.410742496050553,1,1,0.315629742033384,1,0.416282642089094,1,0.324888226527571,0.590909090909091,0.323619631901841,0.305772230889236,1,0,1,0.3015625,0.317829457364341,1,1,1,0.441860465116279,1,0.31839258114374,0.618618618618619,0.324159021406728,0.32484076433121,0.00151057401812689,0.0381679389312977,1,0.621212121212121,1,0.32078313253012,0.329113924050633,1,1,0.163109756097561,0.3125,1,0.903323262839879,1,0.328290468986384,0.196018376722818,0.675226586102719,1,1,1,1,1,0.282051282051282,0.294207317073171,1,0.111811023622047,0.00153609831029186,0.444947209653092,0,0.327639751552795,1,0.674347158218126,1,1,0.890225563909774,1,0.683658170914543,1,1,1,1
"733",0.112,0.122257053291536,0.123052959501558,0.116242038216561,0.109375,0.125984251968504,0.408517350157729,0.1203125,0.122861586314152,0.979032258064516,0.114854517611026,0.925233644859813,0.0779014308426073,0.123824451410658,0.571428571428571,0.568992248062016,0.952887537993921,0.434210526315789,0.12241653418124,0.113707165109034,0.580031695721078,0.574603174603175,0.124416796267496,0.958204334365325,0.12788906009245,0.552425665101721,0.563694267515924,0.111290322580645,0.126543209876543,0.14951768488746,0.581395348837209,0.161993769470405,0.0900763358778626,0.576619273301738,0.8890625,0.122950819672131,0.584251968503937,0.113884555382215,0.578866768759571,0.127131782945736,0.464788732394366,0.433229813664596,0.430745814307458,0.1125,0.121835443037975,0.559618441971383,0.569620253164557,0.561051004636785,0.569659442724458,0.555384615384615,0.883435582822086,0.118210862619808,0.570336391437309,0.109717868338558,0.131782945736434,0.389240506329114,0.559561128526646,0.1171875,0.126168224299065,0.111111111111111,0.547286821705426,0.566302652106084,0.569206842923795,0.437694704049844,0.123397435897436,0.132605304212168,0.922098569157393,0.119236883942766,0.950301204819277,0.557603686635945,0.112480739599384,0.567441860465116,0.54140127388535,0.144246353322528,0.611026033690659,0.121951219512195,0.572530864197531,0.548238897396631,0.117465224111283,0.5632,0.975688816855754,0.55188679245283,0.5600624024961,0.122887864823349,0.543478260869565,0.114977307110439,0.115264797507788,0.115085536547434,0.11128526645768,0.431852986217458,0.118022328548644,0.114630467571644,0.886970172684458,0.978361669242658,0.121069182389937,0.932411674347158,0.884615384615385,0.115085536547434,0.570967741935484,0.444794952681388,0.115444617784711,0.938967136150235,0.581761006289308,0.128617363344051,0.56140350877193,0.118670886075949,0.43730407523511,0.122448979591837,0.558461538461538,0.562021439509954,0.557781201848998,0.123052959501558,0.553846153846154,0.122670807453416,0.631818181818182,0.122356495468278,0.572530864197531,0.826625386996904,0.560490045941807,0.565149136577708,0.651017214397496,0.115085536547434,0.56875,0.562599049128368,0.115740740740741,0.582554517133956,0.117910447761194,0.123287671232877,0.797822706065319,0.581039755351682,0.112903225806452,0.574132492113565,0.110759493670886,0.924471299093656,0.106180665610143,0.56298600311042,0.44822256568779,0.552425665101721,0.0563380281690141,0.649180327868852,0.976780185758514,0.971742543171115,0.12210200927357,0.1184,0.5515625,0.116822429906542,0.561933534743202,0.125786163522013,0.0880121396054628,0.128834355828221,0.560509554140127,0.113178294573643,0.124600638977636,0.126198083067093,0.11353032659409,0.548183254344392,0.12755905511811,0.55608214849921,0.880989180834621,0.115919629057187,0.579598145285935,0.121951219512195,0.5814696485623,0.969502407704655,0.116427432216906,0.570048309178744,0.1287284144427,0.12210200927357,0.122641509433962,0.547400611620795,0.125391849529781,0.555555555555556,0.113782051282051,0.558823529411765,0.122977346278317,0.55868544600939,0.9703125,0.114241001564945,0.484552845528455,0.115873015873016,0.126382306477093,0.578696343402226,0.113029827315542,0.118195956454121,0.12326656394453,0.12111801242236,0.570977917981073,0.561538461538462,0.123397435897436,0.113003095975232,0.555555555555556,0.5744,0.117647058823529,0.681818181818182,0.454682779456193,0.879746835443038,0.571428571428571,0.455246913580247,0.12210200927357,0.560422960725076,0.124006359300477,0.119448698315467,0.111111111111111,0.574303405572755,0.570769230769231,0.56682769726248,0.120663650075415,0.119354838709677,0.104294478527607,0.895071542130366,0.1234375,0.58161648177496,0.0953125,0.56782334384858,0.571651090342679,0.374223602484472,0.110062893081761,0.121913580246914,0.110236220472441,0.120500782472613,0.116987179487179,0.929133858267717,0.56031746031746,0.564615384615385,0.120795107033639,0.433489827856025,0.116743471582181,0.123100303951368,0.1203125,0.124233128834356,0.118858954041204,0.125190839694656,0.891437308868501,0.813455657492355,0.12824427480916,0.566510172143975,0.113418530351438,0.574303405572755,0.114197530864198,0.121019108280255,0.114649681528662,0.110236220472441,0.126182965299685,0.552959501557632,0.125588697017268,0.359375,0.555727554179567,0.563944530046225,0.570532915360502,0.554330708661417,0.556426332288401,0.659842519685039,0.544600938967136,0.566770186335404,0.560490045941807,0.124233128834356,0.557661927330174,0.118032786885246,0.427051671732523,0.560185185185185,0.817484662576687,0.55205047318612,0.12241653418124,0.116613418530351,0.115625,0.866459627329193,0.572755417956656,0.11128526645768,0.552590266875981,0.558734939759036,0.566510172143975,0.563944530046225,0.443410852713178,0.109177215189873,0.56793893129771,0.572998430141287,0.115919629057187,0.58609794628752,0.125574272588055,0.570992366412214,0.581504702194357,0.115689381933439,0.121794871794872,0.117924528301887,0.5921875,0.117088607594937,0.437990580847724,0.966666666666667,0.569640062597809,0.125382262996942,0.115506329113924,0.977029096477795,0.556574923547401,0.562204724409449,0.121359223300971,0.123244929797192,0.571205007824726,0.906584992343032,0.884057971014493,0.124213836477987,0.116504854368932,0.553030303030303,0.124610591900312,0.126888217522659,0.574730354391371,0.121495327102804,0.123076923076923,0.563779527559055,0.121069182389937,0.114104595879556,0.123824451410658,0.122448979591837,0.551083591331269,0.580645161290323,0.563579277864992,0.112324492979719,0.119685039370079,0.434312210200927,0.55784469096672,0.116719242902208,0.56838905775076,0.579937304075235,0.120184899845917,0.116279069767442,0.120689655172414,0.11875,0.11875,0.553125,0.123222748815166,0.129429892141757,0.98705501618123,0.549689440993789,0.627118644067797,0.57484076433121,0.443037974683544,0.556748466257669,0.123867069486405,0.578696343402226,0.557661927330174,0.862928348909657,0.567732115677321,0.121212121212121,0.563636363636364,0.117739403453689,0.119565217391304,0.12037037037037,0.580441640378549,0.570542635658915,0.113884555382215,0.0403877221324717,0.942675159235669,0.126382306477093,0.563076923076923,0.558502340093604,0.577044025157233,0.10702875399361,0.55640243902439,0.650077760497667,0.555209953343701,0.576377952755906,0.565008025682183,0.578783151326053,0.114906832298137,0.558176100628931,0.111831442463533,0.113385826771654,0.891509433962264,0.12379421221865,0.554858934169279,0.127131782945736,0.111620795107034,0.118022328548644,0.559190031152648,0.118279569892473,0.558064516129032,0.114803625377644,0.0657276995305164,0.1287284144427,0.122257053291536,0.11402157164869,0.572093023255814,0.11198738170347,0.126182965299685,0.565625,0.561014263074485,0.113207547169811,0.11937984496124,0.573643410852713,0.934883720930233,0.127009646302251,0.115562403697997,0.113178294573643,0.873040752351097,0.575039494470774,0.110932475884244,0.565015479876161,0.872641509433962,0.120689655172414,0.434514637904468,0.444954128440367,0.1184,0.12111801242236,0.440601503759398,0.41838351822504,0.536277602523659,0.121259842519685,0.558139534883721,0.125596184419714,0.1088,0.562798092209857,0.11993769470405,0.126760563380282,0.891338582677165,0.556589147286822,0.122861586314152,0.111635220125786,0.567783094098884,0.122137404580153,0.104333868378812,0.568938193343899,0.778637770897833,0.12199036918138,0.120743034055728,0.112877583465819,0.346036585365854,0.575427682737169,0.58740157480315,0.560790273556231,0.561815336463224,0.43217665615142,0.552631578947368,0.55054432348367,0.574500768049155,0.88062015503876,0.562204724409449,0.122913505311077,0.563271604938272,0.12202852614897,0.55868544600939,0.963691376701967,0.936630602782071,0.117283950617284,0.130769230769231,0.929577464788732,0.114779874213836,0.429892141756549,0.93563579277865,0.893819334389857,0.119631901840491,0.425233644859813,0.117739403453689,0.117465224111283,0.581761006289308,0.116535433070866,0.885400313971743,0.974151857835218,0.114241001564945,0.125757575757576,0.130365659777424,0.560821484992101,0.465081723625557,0.418006430868167,0.134969325153374,0.118195956454121,0.0882352941176471,0.580594679186229,0.783227848101266,0.127692307692308,0.573482428115016,0.113003095975232,0.513260530421217,0.985871271585557,0.577464788732394,0.574018126888218,0.555371900826446,0.118098159509202,0.964777947932619,0.123475609756098,0.114886731391586,0.120743034055728,0.868421052631579,0.563694267515924,0.131537242472266,0.575516693163752,0.117363344051447,0.121019108280255,0.56989247311828,0.117460317460317,0.568215892053973,0.117004680187207,0.572327044025157,0.564668769716088,0.118380062305296,0.437694704049844,0.570552147239264,0.120556414219474,0.572784810126582,0.171875,0.57427258805513,0.964396284829721,0.566066066066066,0.134165366614665,0.572347266881029,0.134069400630915,0.55177743431221,0.541666666666667,0.58695652173913,0.12888198757764,0.111642743221691,0.112633181126332,0.0920840064620355,0.774350649350649,0.121351766513057,0.5456,0.119195046439628,0.579207920792079,0.563076923076923,0.128682170542636,0.11198738170347,0.112480739599384,0.0375,0.116030534351145,0.575075075075075,0.576687116564417,0.114906832298137,0.1198738170347,0.944794952681388,0.963722397476341,0.110584518167457,0.114779874213836,0.56782334384858,0.133228840125392,0.124233128834356,0.566358024691358,0.130016051364366,0.122291021671827,0.432766615146832,0.595054095826893,0.11353032659409,0.885369532428356,0.120556414219474,0.123475609756098,0.972768532526475,0.57120253164557,0.118110236220472,0.55748031496063,0.119309262166405,0.0864779874213836,0.123222748815166,0.0704225352112676,0.113564668769716,0.568720379146919,0.117004680187207,0.115689381933439,0.115506329113924,0.889739663093415,0.569558101472995,0.113237639553429,0.121351766513057,0.436908517350158,0.11280487804878,0.5625,0.529503105590062,0.562596599690881,0.1201248049922,0.115562403697997,0.125195618153365,0.97125567322239,0.558730158730159,0.957996768982229,0.103833865814696,0.571865443425077,0.575,0.523584905660377,0.881987577639752,0.110935023771791,0.0705329153605016,0.121684867394696,0.126153846153846,0.558359621451104,0.574500768049155,0.957074721780604,0.92368839427663,0.574766355140187,0.555729984301413,0.554364471669219,0.885167464114832,0.571205007824726,0.118279569892473,0.883096366508689,0.570762052877138,0.119496855345912,0.124605678233438,0.120443740095087,0.564814814814815,0.569678407350689,0.924170616113744,0.110599078341014,0.5765625,0.57427258805513,0.123475609756098,0.131987577639752,0.55625,0.427652733118971,0.111111111111111,0.118012422360248,0.423566878980892,0.113707165109034,0.571646341463415,0.129746835443038,0.576377952755906,0.607692307692308,0.451908396946565,0.670180722891566,0.120556414219474,0.579754601226994,0.568535825545171,0.419656786271451,0.45565749235474,0.105015673981191,0.562111801242236,0.112698412698413,0.568627450980392,0.107765451664025,0.565977742448331,0.572998430141287,0.5265625,0.575193798449612,0.563694267515924,0.57345971563981,0.456418383518225,0.554347826086957,0.981757877280265,0.113707165109034,0.893188854489164,0.11609907120743,0.585209003215434,0.125391849529781,0.891849529780564,0.561014263074485,0.571428571428571,0.117834394904459,0.947209653092006,0.118279569892473,0.979233226837061,0.530805687203792,0.103286384976526,0.941823899371069,0.453978159126365,0.111459968602826,0.118012422360248,0.120184899845917,0.581320450885668,0.930618401206637,0.110599078341014,0.455259026687598,0.977883096366509,0.532307692307692,0.561240310077519,0.562021439509954,0.123244929797192,0.0920634920634921,0.117647058823529,0.1140625,0.117647058823529,0.952086553323029,0.123475609756098,0.440809968847352,0.882089552238806,0.559875583203733,0.1265625,0.126168224299065,0.110047846889952,0.115853658536585,0.967542503863988,0.560185185185185,0.104072398190045,0.117647058823529,0.108626198083067,0.116719242902208,0.118564742589704,0.133333333333333,0.639570552147239,0.899841017488076,0.115444617784711,0.969558599695586,0.5671875,0.697347893915757,0.126782884310618,0.490506329113924,0.57516339869281,0.56386292834891,0.133858267716535,0.927131782945736,0.565687789799073,0.116564417177914,0.121642969984202,0.519872813990461,0.573872472783826,0.578703703703704,0.5712,0.100931677018634,0.57120253164557,0.565950920245399,0.671317829457364,0.571428571428571,0.0804953560371517,0.573795180722892,0.965189873417722,0.572542901716069,0.882995319812793,0.122222222222222,0.973186119873817,0.57120253164557,0.554868624420402,0.563779527559055,0.119266055045872,0.113354037267081,0.117552334943639,0.123824451410658,0.12540192926045,0.125,0.549050632911392,0.115444617784711,0.562009419152276,0.55794701986755,0.50231124807396,0.42992125984252,0.119448698315467,0.121725731895223,0.887692307692308,0.569230769230769,1,0.111111111111111,0.929467084639498,0.118296529968454,0.116693679092382,0.55608214849921,0.122641509433962,0.11437908496732,0.503174603174603,0.657051282051282,0.12743628185907,0.965189873417722,0.972929936305732,0.115919629057187,0.115805946791862,0.1125,0.966824644549763,0.887345679012346,0.562974203338392,0.464968152866242,0.56969696969697,0.884080370942813,0.546899841017488,0.965079365079365,0.118195956454121,0.117552334943639,0.579109062980031,0.557781201848998,0.885220125786163,0.55608214849921,0.566978193146417,0.567233384853168,0.122834645669291,0.122641509433962,0.558028616852146,0.118796992481203,0.89060092449923,0.112324492979719,0.901898734177215,0.126365054602184,0.434984520123839,0.114197530864198,0.572542901716069,0.570261437908497,0.967340590979782,0.441860465116279,0.120879120879121,0.114599686028257,0.33122028526149,0.224755700325733,0.562305295950156,0.566510172143975,0.119122257053292,0.559322033898305,0.87111801242236,0.566129032258065,0.123123123123123,0.985959438377535,0.123244929797192,0.112324492979719,0.569858712715856,0.44122383252818,0.57097288676236,0.120634920634921,0.107424960505529,0.571207430340557,0.581648522550544,0.548632218844985,0.264240506329114,0.562998405103668,0.115689381933439,0.945038167938931,0.125,0.117073170731707,0.419504643962848,0.471048513302034,0.559618441971383,0.945652173913043,0.55188679245283,0.121306376360809,0.108452950558214,0.583067092651757,0.541471048513302,0.494672754946728,0.116822429906542,0.574923547400612,0.655384615384615,0.579277864992151,0.145510835913313,0.64873417721519,0.895061728395062,0.583203732503888,0.56221198156682,0.562903225806452,0.5664,0.560240963855422,0.144596651445967,0.125,0.570754716981132,0.570502431118314,0.446345256609642,0.8796875,0.435483870967742,0.108320251177394,0.552590266875981,0.89540412044374,0.550231839258114,0.572769953051643,0.687888198757764,0.556438791732909,0.885145482388974,0.542503863987635,0.578125,0.556259904912837,0.5625
"734",0.998454404945904,0.998475609756098,1,1,0.998496240601504,1,0.704791344667697,1,0.998482549317147,0.093603744149766,1,0.0373134328358209,0.822530864197531,0.998473282442748,0.324074074074074,0.31570996978852,0.0585585585585586,0.677215189873418,0.998466257668712,0.998477929984779,0.299847792998478,0.319875776397516,0.998491704374057,0.150602409638554,0.998500749625187,0.335347432024169,0.324031007751938,0.998435054773083,0.998516320474777,0.789877300613497,0.317557251908397,0.733532934131736,0.969558599695586,0.317484662576687,0,1,0.531626506024096,1,0.305514157973174,0.998487140695915,0.655332302936631,0.67420814479638,0.68215892053973,0.998449612403101,0.998454404945904,0.321875,0.315625,0.321321321321321,0.328828828828829,0.334346504559271,0.00150375939849624,0.998452012383901,0.320300751879699,1,0.998500749625187,0.496904024767802,0.548536209553159,0.998487140695915,0.998500749625187,1,0.336322869955157,0.322137404580153,0.321044546850998,0.675883256528418,0.998420221169036,0.998470948012232,0.0302571860816944,0.998477929984779,0.0556368960468521,0.325859491778774,0.998516320474777,0.327327327327327,0.328682170542636,0.962616822429907,0.5,0.998533724340176,0.31969696969697,0.344311377245509,0.998500749625187,0.326594090202177,0.0893682588597843,0.337367624810893,0.335384615384615,0.998489425981873,0.346444780635401,0.998525073746313,0.998449612403101,0.998468606431853,0.998487140695915,0.680365296803653,0.998470948012232,0.998525073746313,0,0.102564102564103,0.998454404945904,0.0385756676557863,0,0.998491704374057,0.554313099041534,0.670807453416149,0.998482549317147,0.0509259259259259,0.322085889570552,0.998435054773083,0.317972350230415,0.998452012383901,0.681957186544342,0.998463901689708,0.32258064516129,0.322239031770045,0.327354260089686,0.998482549317147,0.329787234042553,0.998487140695915,0.480825958702065,0.998522895125554,0.318112633181126,0.283969465648855,0.327893175074184,0.325190839694657,0.474962063732929,1,0.328313253012048,0.31619937694704,0.998484848484849,0.311077389984825,0.998561151079137,0.99851411589896,0.318181818181818,0.544117647058823,0.998449612403101,0.317484662576687,0.998475609756098,0.0353982300884956,0.998427672955975,0.321321321321321,0.667664670658683,0.334351145038168,0.937116564417178,0.441269841269841,0.0958904109589041,0.0937019969278034,0.998484848484849,0.998432601880878,0.334855403348554,0.998493975903614,0.327407407407407,0.998470948012232,0.809239940387481,0.998505231689088,0.332293291731669,0.998470948012232,0.998468606431853,0.998470948012232,0.998449612403101,0.338957055214724,0.998470948012232,0.323664122137405,0.241960183767228,0.998480243161094,0.317220543806647,0.998502994011976,0.306646525679758,0.0844854070660522,0.998439937597504,0.3198127925117,0.998473282442748,0.998480243161094,0.998461538461539,0.336826347305389,0.998466257668712,0.33026113671275,0.998466257668712,0.312977099236641,1,0.328149300155521,0.0703363914373089,1,0.637636080870918,0.998454404945904,0.998487140695915,0.31937984496124,1,0.998468606431853,0.998482549317147,0.998489425981873,0.332822085889571,0.316417910447761,0.998439937597504,1,0.326409495548961,0.315870570107858,1,0.442942942942943,0.664723032069971,0.00152905198776758,0.32370820668693,0.666666666666667,1,0.3267776096823,0.998432601880878,1,1,0.321538461538462,0.334323922734027,0.34,0.998511904761905,1,1,0.00155763239875389,0.998489425981873,0.317111459968603,0.977099236641221,0.328682170542636,0.317557251908397,0.742033383915023,0.998475609756098,0.998500749625187,1,0.998484848484849,0.998447204968944,0.0353302611367127,0.326053042121685,0.341906202723147,0.998500749625187,0.676602086438152,1,0.998531571218796,0.996951219512195,1,0.998456790123457,0.998535871156662,0.00453172205438067,0.300595238095238,0.998477929984779,0.315950920245399,1,0.303759398496241,0.998502994011976,0.998477929984779,0.998463901689708,0.998473282442748,0.998444790046656,0.335384615384615,1,0.528417818740399,0.335901386748844,0.337858220211161,0.314024390243902,0.323529411764706,0.34009360374415,0.418604651162791,0.338414634146341,0.32375189107413,0.316417910447761,1,0.334355828220859,1,0.682962962962963,0.325301204819277,0.304023845007452,0.33693972179289,1,0.998463901689708,1,0.237730061349693,0.317557251908397,0.998500749625187,0.331288343558282,0.333830104321908,0.322085889570552,0.331838565022422,0.671212121212121,0.998466257668712,0.335365853658537,0.316923076923077,0.998468606431853,0.310452418096724,0.998500749625187,0.314842578710645,0.314199395770393,0.998463901689708,0.998468606431853,0.998480243161094,0.529680365296804,0.998454404945904,0.678899082568807,0.0817236255572065,0.32258064516129,0.998500749625187,0.998466257668712,0.0904977375565611,0.328290468986384,0.335925349922239,1,0.998475609756098,0.314674735249622,0.0213414634146341,0.00462249614791988,0.998468606431853,0.998444790046656,0.342182890855457,0.996927803379416,0.998544395924309,0.315629742033384,1,0.998480243161094,0.328808446455505,0.998480243161094,0.998456790123457,0.998502994011976,0.998470948012232,0.333843797856049,0.316715542521994,0.334375,0.998480243161094,0.998444790046656,0.667166416791604,0.319634703196347,0.998427672955975,0.323880597014925,0.303353658536585,1,0.998496240601504,1,0.998482549317147,0.998493975903614,0.335375191424196,0.998468606431853,0.998487140695915,0.102643856920684,0.336349924585219,0.498466257668712,0.312210200927357,0.662100456621005,0.331316187594554,0.998518518518518,0.314984709480122,0.339506172839506,0.241741741741742,0.327844311377246,1,0.328888888888889,0.998463901689708,0.998463901689708,1,0.31859756097561,0.331818181818182,1,0.931464174454829,0.0585516178736518,0.9984375,0.325688073394495,0.318042813455657,0.312693498452012,0.998461538461539,0.339339339339339,0.464447806354009,0.328220858895706,0.316436251920123,0.3234375,0.315870570107858,0.998491704374057,0.328703703703704,0.998439937597504,0.998475609756098,0.00152671755725191,0.998459167950693,0.33030303030303,0.998493975903614,1,0.998439937597504,0.340978593272171,0.998509687034277,0.311912225705329,0.99851411589896,0.846504559270517,0.998493975903614,0.998461538461539,0.998502994011976,0.322775263951735,1,0.998468606431853,0.317147192716237,0.316590563165906,1,0.998482549317147,0.313636363636364,0.180597014925373,0.998435054773083,1,0.998489425981873,0.00151975683890578,0.324492979719189,0.998415213946117,0.317700453857791,0.239197530864198,1,0.670713201820941,0.433082706766917,1,0.998493975903614,0.668621700879765,0.69578313253012,0.355182926829268,0.998480243161094,0.328682170542636,0.998466257668712,1,0.339506172839506,0.998489425981873,1,0.00612557427258806,0.337404580152672,0.998461538461539,0.998473282442748,0.325190839694657,0.998500749625187,0.998447204968944,0.317757009345794,0.332833583208396,1,1,1,0.53951367781155,0.316590563165906,0.348159509202454,0.329376854599407,0.341906202723147,0.685015290519878,0.333333333333333,0.326717557251908,0.323922734026746,0.231231231231231,0.326594090202177,0.998491704374057,0.324364723467862,1,0.320121951219512,0.0816326530612245,0.042042042042042,0.998507462686567,1,0.0349544072948328,1,0.671171171171171,0.0351681957186544,0.0108864696734059,0.998498498498498,0.677710843373494,0.998489425981873,0.998487140695915,0.545736434108527,0.998477929984779,0.00151515151515152,0.0698757763975155,1,0.998509687034277,1,0.330232558139535,0.643063583815029,0.684375,0.990977443609023,0.998475609756098,0.988059701492537,0.312688821752266,0.327743902439024,0.998454404945904,0.306501547987616,0.998498498498498,0.376899696048632,0.100463678516229,0.319402985074627,0.325925925925926,0.335473515248796,1,0.0762331838565022,0.998525073746313,0.998422712933754,1,0.245877061469265,0.335413416536661,0.998468606431853,0.329754601226994,0.998449612403101,0.998442367601246,0.314674735249622,0.998493975903614,0.331369661266568,1,0.318529862174579,0.326656394453005,0.998484848484849,0.674382716049383,0.325958702064897,1,0.316030534351145,0.766312594840668,0.326923076923077,0.156862745098039,0.328888888888889,0.781679389312977,0.31832298136646,0.998447204968944,0.327794561933535,0.350531107738998,0.303030303030303,0.998461538461539,1,0.998522895125554,0.976635514018692,0.329073482428115,0.998491704374057,0.33122028526149,0.998475609756098,0.330143540669856,0.332335329341317,0.998482549317147,0.998442367601246,1,0.922727272727273,0.998509687034277,0.316816816816817,0.323795180722892,0.998493975903614,1,0.0464396284829721,0.0781010719754977,0.998466257668712,0.998449612403101,0.319083969465649,0.998502994011976,0.998522895125554,0.316109422492401,0.998435054773083,0.998487140695915,0.670731707317073,0.523378582202112,1,0.00145985401459854,0.998468606431853,0.998509687034277,0.09375,0.331316187594554,1,0.328267477203647,1,0.972136222910217,1,0.835098335854766,0.998444790046656,0.327613104524181,0.998484848484849,1,0.998454404945904,0,0.314465408805031,0.998442367601246,0.998480243161094,0.659509202453988,0.998498498498498,0.318112633181126,0.373292867981791,0.329819277108434,1,1,0.998470948012232,0.0896860986547085,0.326717557251908,0.0864197530864197,1,0.311746987951807,0.317293233082707,0.364599092284418,0.00151975683890578,1,0.962178517397882,0.998491704374057,0.998529411764706,0.337941628264209,0.312406576980568,0.155015197568389,0.0348484848484849,0.323308270676692,0.316436251920123,0.327327327327327,0,0.322775263951735,0.998496240601504,0.00153374233128834,0.321375186846039,0.998480243161094,0.998491704374057,0.998473282442748,0.31981981981982,0.329376854599407,0.0300632911392405,0.998470948012232,0.324812030075188,0.320300751879699,0.998482549317147,0.998496240601504,0.32469512195122,0.68621236133122,0.998449612403101,1,0.685271317829457,0.998507462686567,0.317910447761194,0.998435054773083,0.321156773211568,0.523449319213313,0.659159159159159,0.408888888888889,0.998482549317147,0.30962962962963,0.318731117824773,0.672754946727549,0.657616892911011,0.998487140695915,0.341829085457271,1,0.333333333333333,0.998442367601246,0.324574961360124,0.312024353120244,0.356374807987711,0.524096385542169,0.326153846153846,0.308049535603715,0.662141779788839,0.329305135951662,0.147798742138365,1,0.00148809523809524,1,0.303875968992248,0.998463901689708,0.00151515151515152,0.326186830015314,0.325757575757576,0.998459167950693,0.051622418879056,0.998505231689088,0.0864197530864197,0.351937984496124,0.998480243161094,0.0616541353383459,0.666666666666667,0.998470948012232,1,1,0.313880126182965,0.0331325301204819,0.998489425981873,0.440909090909091,0.087962962962963,0.360119047619048,0.325757575757576,0.329866270430906,0.998493975903614,1,0.998454404945904,1,1,0.0584795321637427,0.995522388059702,0.676204819277108,0.0043859649122807,0.328267477203647,0.998477929984779,0.998468606431853,0.998444790046656,0.998509687034277,0.0798771121351766,0.327380952380952,1,0.998447204968944,0.998432601880878,0.998468606431853,1,0.998461538461539,0.481698389458272,0.00152671755725191,0.998493975903614,0.0780780780780781,0.3267776096823,0.434650455927052,1,0.398133748055988,0.316118935837246,0.31570996978852,0.998505231689088,0.0321100917431193,0.321321321321321,0.998507462686567,1,0.37173579109063,0.315629742033384,0.319340329835082,0.329721362229102,1,0.333850931677019,0.329341317365269,0.414634146341463,0.324200913242009,0.977645305514158,0.316642120765832,0.0778816199376947,0.329787234042553,0,0.998468606431853,0.0858034321372855,0.314152410575428,0.331811263318113,0.323619631901841,0.99851411589896,0.998482549317147,0.998432601880878,0.998489425981873,0.998432601880878,0.998449612403101,0.341013824884793,1,0.326747720364742,0.324675324675325,0.605970149253731,0.672811059907834,1,0.998487140695915,0.00151745068285281,0.327354260089686,0.111111111111111,1,0.0276497695852535,0.998470948012232,0.998442367601246,0.318461538461538,0.998463901689708,0.998420221169036,0.622464898595944,0.4140625,0.994160583941606,0.0788253477588872,0.0985915492957746,0.998461538461539,1,0.998496240601504,0.0860215053763441,0,0.325373134328358,0.434250764525994,0.323922734026746,0.00148148148148148,0.33587786259542,0.0842433697347894,0.998480243161094,0.998461538461539,0.327893175074184,0.323664122137405,0.222054380664653,0.344339622641509,0.32089552238806,0.329359165424739,0.998489425981873,1,0.336391437308869,0.998542274052478,0.00149253731343284,0.998480243161094,0.206842923794712,0.9984375,0.664670658682635,0.998489425981873,0.320061255742726,0.32182103610675,0.073134328358209,0.662650602409639,0.998480243161094,0.998468606431853,0.788990825688073,0.89047619047619,0.322137404580153,0.326656394453005,0.998482549317147,0.324574961360124,0.245426829268293,0.330721003134796,0.998533724340176,0.100303951367781,0.998484848484849,0.998463901689708,0.329787234042553,0.678071539657854,0.319508448540707,1,0.998449612403101,0.314199395770393,0.316187594553706,0.327407407407407,0.855365474339036,0.326594090202177,0.998466257668712,0.0522388059701493,0.998489425981873,0.998439937597504,0.689759036144578,0.646879756468798,0.329173166926677,0.0512048192771084,0.330804248861912,0.998477929984779,1,0.312883435582822,0.32824427480916,0.607575757575758,0.998475609756098,0.312406576980568,0.370650529500756,0.318796992481203,0.983458646616541,0.465648854961832,0.00303490136570561,0.309559939301973,0.334814814814815,0.334370139968896,0.3198127925117,0.329896907216495,0.967261904761905,0.998456790123457,0.319213313161876,0.539906103286385,0.674418604651163,0.232980332829047,0.675632911392405,1,0.336363636363636,0.00463678516228748,0.332307692307692,0.328313253012048,0.366917293233083,0.331775700934579,0.00150375939849624,0.339908952959029,0.321928460342146,0.330232558139535,0.321699544764795
"735",0.0402576489533011,0.0375586854460094,0.03486529318542,0.0340909090909091,0.0368589743589744,0.0396825396825397,0.337579617834395,0.0394944707740916,0.0406885758998435,0.9456,0.0325077399380805,1,0.137876386687797,0.0393700787401575,0.644094488188976,0.662519440124417,0.976525821596244,0.356451612903226,0.0384,0.033175355450237,0.670846394984326,0.658692185007974,0.04,0.887864823348694,0.0395136778115502,0.637345679012346,0.647909967845659,0.037953795379538,0.0419906687402799,0.165341812400636,0.664050235478807,0.209119496855346,0.0283464566929134,0.6546875,0.971428571428571,0.0397350993377483,0.495238095238095,0.0341085271317829,0.670788253477589,0.0372093023255814,0.370486656200942,0.349529780564263,0.344236760124611,0.0336538461538462,0.0368,0.643322475570033,0.649532710280374,0.654853620955316,0.649532710280374,0.626373626373626,0.96594427244582,0.0383386581469649,0.655384615384615,0.0362776025236593,0.0409448818897638,0.463108320251177,0.473101265822785,0.032967032967033,0.034375,0.0330188679245283,0.633540372670807,0.640253565768621,0.65251572327044,0.364928909952607,0.0377049180327869,0.0423861852433281,0.998415213946117,0.0368589743589744,0.981651376146789,0.647604327666152,0.0326086956521739,0.644757433489828,0.637820512820513,0.0688,0.516329704510109,0.0380517503805175,0.652307692307692,0.627329192546584,0.0344827586206897,0.642857142857143,0.95114006514658,0.638801261829653,0.64274322169059,0.034375,0.627575277337559,0.0361990950226244,0.0334928229665072,0.0406885758998435,0.031496062992126,0.343653250773994,0.0393700787401575,0.0309597523219814,0.967032967032967,0.948275862068966,0.0315457413249211,1,0.965408805031447,0.0359937402190923,0.4752,0.360128617363344,0.0352564102564103,0.984399375975039,0.662460567823344,0.0368,0.640822784810127,0.0333863275039746,0.353582554517134,0.0361635220125786,0.646592709984152,0.635514018691589,0.645110410094637,0.0422535211267606,0.637362637362637,0.0360501567398119,0.541925465838509,0.0363636363636364,0.649921507064364,0.751181102362205,0.643185298621746,0.649122807017544,0.557661927330174,0.0393081761006289,0.6484375,0.649434571890145,0.0311526479750779,0.659305993690852,0.0346907993966818,0.0412213740458015,0.716981132075472,0.505359877488515,0.0335463258785942,0.647058823529412,0.0317965023847377,1,0.0308441558441558,0.65891472868217,0.363636363636364,0.629107981220657,0.0205371248025276,0.610305958132045,0.947452229299363,0.949526813880126,0.0425867507886435,0.032520325203252,0.638095238095238,0.0354391371340524,0.637878787878788,0.0332278481012658,0.141524105754277,0.0387596899224806,0.646592709984152,0.0363924050632911,0.0396825396825397,0.0318979266347687,0.032967032967033,0.634493670886076,0.0410094637223975,0.638095238095238,0.79595015576324,0.0384615384615385,0.651771956856703,0.0357142857142857,0.658227848101266,0.961965134706815,0.0313971742543171,0.6496,0.0389408099688473,0.0341085271317829,0.0396196513470681,0.63125,0.0377952755905512,0.63349131121643,0.0397456279809221,0.644305772230889,0.037156704361874,0.644338118022329,0.967032967032967,0.0383435582822086,0.39672131147541,0.0369181380417336,0.0372093023255814,0.652312599681021,0.0325581395348837,0.0298273155416013,0.0344827586206897,0.0375,0.641627543035994,0.652173913043478,0.0391517128874388,0.0368,0.639318885448916,0.668276972624799,0.0329153605015674,0.587677725118483,0.366515837104072,0.960876369327074,0.645962732919255,0.369255150554675,0.0329153605015674,0.645412130637636,0.0340909090909091,0.0367534456355283,0.0373831775700935,0.65251572327044,0.645061728395062,0.634304207119741,0.038109756097561,0.0344262295081967,0.0279503105590062,0.972843450479233,0.0379746835443038,0.659711075441412,0.0110236220472441,0.645569620253165,0.653907496012759,0.283255086071987,0.0365079365079365,0.0414746543778802,0.0296875,0.0328125,0.0332805071315372,1,0.640699523052464,0.635802469135803,0.0354938271604938,0.358934169278997,0.0379362670713202,0.0423600605143722,0.0411392405063291,0.0340030911901082,0.0348101265822785,0.0398162327718224,0.965625,0.737654320987654,0.0376175548589342,0.65086887835703,0.03486529318542,0.658950617283951,0.031055900621118,0.0329153605015674,0.032967032967033,0.0334928229665072,0.0420032310177706,0.635646687697161,0.0387596899224806,0.447784810126582,0.637636080870918,0.638888888888889,0.643769968051118,0.636932707355243,0.633647798742138,0.633870967741936,0.62992125984252,0.651419558359621,0.649762282091918,0.0375,0.649842271293375,0.032051282051282,0.344563552833078,0.648089171974522,0.737984496124031,0.635792778649921,0.041335453100159,0.0359375,0.0334928229665072,0.789556962025316,0.6625,0.0341085271317829,0.637958532695375,0.638330757341577,0.65511811023622,0.634645669291339,0.351910828025478,0.0331230283911672,0.644961240310078,0.652380952380952,0.0382165605095541,0.665079365079365,0.0393081761006289,0.646697388632873,0.651632970451011,0.0335463258785942,0.037037037037037,0.0348101265822785,0.502377179080824,0.0397456279809221,0.345425867507886,0.957575757575758,0.644094488188976,0.0327613104524181,0.0332805071315372,0.950540958268934,0.643302180685358,0.640699523052464,0.0262295081967213,0.036624203821656,0.651702786377709,0.98755832037325,0.964573268921095,0.0416666666666667,0.0384615384615385,0.634408602150538,0.0361067503924647,0.0395136778115502,0.659969088098918,0.0361635220125786,0.0387596899224806,0.641860465116279,0.0382775119617225,0.0368,0.0401234567901235,0.0356589147286822,0.630914826498423,0.652373660030628,0.641109298531811,0.0358255451713396,0.0430622009569378,0.360808709175739,0.645510835913313,0.0385852090032154,0.654434250764526,0.665620094191523,0.0372670807453416,0.0321592649310873,0.0340557275541796,0.0375,0.0356589147286822,0.648902821316614,0.0391849529780564,0.040625,0.940705128205128,0.636080870917574,0.550473186119874,0.655660377358491,0.367088607594937,0.635658914728682,0.0308641975308642,0.654574132492114,0.634796238244514,0.79375,0.645865834633385,0.0303514376996805,0.639393939393939,0.041335453100159,0.0346456692913386,0.0374414976599064,0.65987460815047,0.646511627906977,0.031496062992126,0.0295566502463054,0.9856,0.0380348652931854,0.643302180685358,0.636075949367089,0.655948553054662,0.0339805825242718,0.641975308641975,0.572327044025157,0.641421947449768,0.657643312101911,0.646592709984152,0.659340659340659,0.0326086956521739,0.644444444444444,0.0342019543973941,0.0302066772655008,0.964006259780908,0.0434083601286174,0.642628205128205,0.0376766091051805,0.0335365853658537,0.0305958132045089,0.643987341772152,0.0324574961360124,0.648648648648649,0.0371517027863777,0.122448979591837,0.0382165605095541,0.0408496732026144,0.0386398763523957,0.650306748466258,0.0302066772655008,0.0332278481012658,0.656200941915228,0.647335423197492,0.0309119010819165,0.0357142857142857,0.652582159624413,0.858034321372855,0.0387722132471729,0.0326086956521739,0.0375,0.966929133858268,0.656645569620253,0.0358306188925081,0.652582159624413,0.804724409448819,0.0365659777424483,0.358814352574103,0.529770992366412,0.0384615384615385,0.0345368916797488,0.365558912386707,0.332278481012658,0.616852146263911,0.0315457413249211,0.643302180685358,0.0390015600624025,0.0357142857142857,0.63015873015873,0.0327102803738318,0.0332278481012658,0.976377952755906,0.636942675159236,0.0402576489533011,0.0345911949685535,0.642512077294686,0.0373250388802488,0.036741214057508,0.648177496038035,0.702786377708978,0.0337078651685393,0.0359375,0.0317460317460317,0.429237947122862,0.653418124006359,0.650717703349282,0.643504531722054,0.639240506329114,0.353035143769968,0.639318885448916,0.635367762128325,0.647058823529412,0.803125,0.641357027463651,0.0354391371340524,0.642633228840125,0.0391236306729265,0.65414710485133,0.961479198767334,0.992199687987519,0.0432766615146832,0.0367534456355283,1,0.0238095238095238,0.348228043143297,1,0.971608832807571,0.0400616332819723,0.354037267080745,0.0333863275039746,0.0404984423676012,0.504761904761905,0.0331230283911672,0.9671875,0.962903225806452,0.0332278481012658,0.0370942812982998,0.0362204724409449,0.642289348171701,0.392215568862275,0.333333333333333,0.0462249614791988,0.0342146189735614,0.0172955974842767,0.65987460815047,0.707547169811321,0.0391849529780564,0.670382165605096,0.0341085271317829,0.592063492063492,0.945425361155698,0.661949685534591,0.651840490797546,0.625412541254125,0.0366412213740458,0.968992248062015,0.043343653250774,0.0350877192982456,0.0342679127725857,0.789554531490015,0.63391442155309,0.0429252782193959,0.640253565768621,0.0358890701468189,0.0355411954765751,0.655384615384615,0.032051282051282,0.640834575260805,0.0349206349206349,0.658227848101266,0.640944881889764,0.034375,0.354838709677419,0.64767616191904,0.0341085271317829,0.65224358974359,0.1850699844479,0.648690292758089,0.893249607535322,0.652373660030628,0.180511182108626,0.657097288676236,0.0422077922077922,0.63391442155309,0.627906976744186,0.674418604651163,0.0436817472698908,0.0332805071315372,0.0340557275541796,0.0065252854812398,0.709415584415584,0.0359375,0.638668779714738,0.0362204724409449,0.648117839607201,0.647149460708783,0.0388198757763975,0.0380348652931854,0.031201248049922,0.0362776025236593,0.0340557275541796,0.657364341085271,0.636645962732919,0.0312989045383412,0.0299212598425197,0.991974317817014,0.958466453674121,0.0363924050632911,0.0384615384615385,0.649762282091918,0.0432098765432099,0.0414110429447853,0.66403785488959,0.0412541254125413,0.0389408099688473,0.357927786499215,0.501524390243902,0.0304,0.966767371601209,0.037914691943128,0.0403726708074534,0.94954128440367,0.644757433489828,0.0347551342812006,0.641269841269841,0.0347003154574132,0.00941915227629513,0.0361067503924647,0.124423963133641,0.0362204724409449,0.635332252836305,0.031104199066874,0.0315955766192733,0.0336538461538462,0.96030534351145,0.655683690280066,0.032258064516129,0.0432766615146832,0.365384615384615,0.0402476780185759,0.637362637362637,0.601255886970173,0.641065830721003,0.0314465408805031,0.0373831775700935,0.0397456279809221,0.953703703703704,0.643548387096774,0.963022508038585,0.032,0.649452269170579,0.658385093167702,0.608695652173913,0.964006259780908,0.031496062992126,0.0031496062992126,0.0407523510971787,0.0391236306729265,0.647151898734177,0.663565891472868,0.881141045958796,1,0.647425897035881,0.642289348171701,0.631741140215716,0.9712,0.655007949125596,0.0320610687022901,0.960815047021944,0.645865834633385,0.0390625,0.0407523510971787,0.0359937402190923,0.642967542503864,0.648148148148148,1,0.0300632911392405,0.647619047619048,0.657894736842105,0.0357698289269051,0.0424528301886792,0.644094488188976,0.339805825242718,0.0300157977883096,0.0402576489533011,0.339089481946625,0.0346456692913386,0.653905053598775,0.0337078651685393,0.645211930926217,0.50077519379845,0.371385083713851,0.642313546423135,0.0328638497652582,0.665639445300462,0.651017214397496,0.350931677018634,0.371951219512195,0.031201248049922,0.638801261829653,0.0326797385620915,0.654434250764526,0.0282574568288854,0.643533123028391,0.658730158730159,0.613707165109034,0.520123839009288,0.6448,0.650159744408946,0.36741214057508,0.637071651090343,0.905537459283388,0.0318471337579618,0.967692307692308,0.0390625,0.663507109004739,0.0347551342812006,0.969040247678019,0.642172523961661,0.653290529695024,0.036741214057508,0.987933634992459,0.0386398763523957,0.953525641025641,0.621451104100946,0.0347003154574132,0.979591836734694,0.363207547169811,0.0378548895899054,0.0361067503924647,0.0354391371340524,0.651685393258427,1,0.0386996904024768,0.527070063694268,0.949286846275753,0.604037267080745,0.63849765258216,0.641744548286604,0.0363349131121643,0.0211038961038961,0.0401284109149278,0.0341614906832298,0.0293663060278207,0.978819969742814,0.043343653250774,0.35202492211838,0.965361445783133,0.644171779141104,0.0391849529780564,0.0380952380952381,0.0336,0.0322085889570552,0.95748031496063,0.640866873065015,0.0278637770897833,0.0300632911392405,0.0337078651685393,0.0349206349206349,0.0361635220125786,0.0365079365079365,0.547581903276131,0.977777777777778,0.0331230283911672,0.964560862865948,0.650470219435737,0.613458528951487,0.0346456692913386,0.575757575757576,0.652173913043478,0.653968253968254,0.0363349131121643,1,0.643642072213501,0.0282131661442006,0.0398089171974522,0.600638977635783,0.646875,0.660883280757098,0.648780487804878,0.0265625,0.634768740031898,0.645061728395062,0.630744849445325,0.650943396226415,0.00461538461538462,0.653846153846154,0.961476725521669,0.644961240310078,0.966929133858268,0.0369774919614148,0.957413249211357,0.662358642972536,0.647244094488189,0.65615141955836,0.0325581395348837,0.034375,0.0355411954765751,0.0407523510971787,0.0368589743589744,0.0385852090032154,0.629160063391442,0.0294573643410853,0.654458598726115,0.647254575707155,0.4453125,0.355555555555556,0.0323076923076923,0.0385802469135802,0.964560862865948,0.648690292758089,0.929467084639498,0.0276497695852535,1,0.0333863275039746,0.0326797385620915,0.6432,0.0330188679245283,0.0372771474878444,0.414012738853503,0.632090761750405,0.0424242424242424,0.96,0.95024077046549,0.0356037151702786,0.0316957210776545,0.0344827586206897,0.960876369327074,0.965678627145086,0.642857142857143,0.543887147335423,0.655384615384615,0.963020030816641,0.634340222575517,0.961661341853035,0.0424528301886792,0.0401284109149278,0.645705521472393,0.641421947449768,0.813586097946288,0.625806451612903,0.641185647425897,0.644305772230889,0.0368,0.0315457413249211,0.647058823529412,0.0366412213740458,0.968944099378882,0.0299212598425197,0.825040128410915,0.037037037037037,0.354587869362364,0.0366412213740458,0.652996845425868,0.657051282051282,0.968847352024922,0.361240310077519,0.0343213728549142,0.0332805071315372,0.244094488188976,0.123397435897436,0.64968152866242,0.648648648648649,0.0324574961360124,0.64576802507837,0.787735849056604,0.646677471636953,0.0384024577572965,0.946875,0.0362204724409449,0.0368589743589744,0.647244094488189,0.366987179487179,0.651757188498403,0.0365659777424483,0.0333333333333333,0.652582159624413,0.659375,0.648690292758089,0.1776,0.64873417721519,0.0376175548589342,0.986153846153846,0.0421875,0.0317965023847377,0.343032159264931,0.388625592417062,0.640449438202247,0.9904,0.64375,0.0348101265822785,0.0304975922953451,0.668261562998405,0.635930047694754,0.409302325581395,0.0326086956521739,0.654320987654321,0.668730650154799,0.660964230171073,0.0546875,0.55591054313099,0.968701095461659,0.664133738601824,0.639318885448916,0.63884430176565,0.648648648648649,0.645061728395062,0.0695517774343122,0.0395569620253165,0.651234567901235,0.487765089722675,0.346774193548387,0.814873417721519,0.350328947368421,0.0267716535433071,0.636220472440945,0.963722397476341,0.63349131121643,0.647335423197492,0.675968992248062,0.641269841269841,0.973765432098765,0.630672926447574,0.645669291338583,0.651757188498403,0.648985959438378
"736",1,1,1,1,1,1,0.703821656050955,1,1,0.100813008130081,1,0.0390625,0.8112,1,0.30564263322884,0.299373040752351,0.0681114551083591,0.692307692307692,1,1,0.279106858054226,0.311912225705329,1,0.155660377358491,1,0.317757009345794,0.306188925081433,1,1,0.781789638932496,0.299684542586751,0.725118483412322,0.964230171073095,0.307086614173228,0,1,0.555384615384615,1,0.292424242424242,1,0.670846394984326,0.685847589424572,0.697108066971081,1,1,0.318327974276527,0.301282051282051,0.299847792998478,0.317972350230415,0.321100917431193,0,1,0.308527131782946,1,1,0.493569131832797,0.564387917329094,1,1,1,0.323170731707317,0.310509554140127,0.30952380952381,0.68088467614534,1,1,0.0334394904458599,1,0.0580152671755725,0.313178294573643,1,0.318252730109204,0.325281803542673,0.963081861958267,0.516329704510109,1,0.309486780715397,0.331782945736434,1,0.313821138211382,0.0865384615384615,0.321316614420063,0.316535433070866,1,0.329192546583851,1,1,1,1,0.7015625,1,1,0.00155038759689922,0.103395061728395,1,0.0430769230769231,0,1,0.558252427184466,0.686708860759494,1,0.0524642289348172,0.304625199362041,1,0.309148264984227,1,0.693623639191291,1,0.312202852614897,0.313178294573643,0.317901234567901,1,0.318110236220472,1,0.498470948012232,1,0.314152410575428,0.301684532924962,0.31619937694704,0.314285714285714,0.490566037735849,0.998425196850394,0.317757009345794,0.306089743589744,1,0.296466973886329,1,1,0.340222575516693,0.552147239263804,1,0.308056872037915,1,0.0410334346504559,1,0.311550151975684,0.683720930232558,0.325077399380805,0.931782945736434,0.425806451612903,0.102848101265823,0.0981012658227848,1,1,0.317610062893082,1,0.310502283105023,1,0.804651162790698,1,0.319554848966614,1,1,1,1,0.323390894819466,1,0.315457413249211,0.265527950310559,1,0.306376360808709,1,0.296875,0.0850393700787402,1,0.302839116719243,1,1,1,0.329704510108865,1,0.321144674085851,1,0.302795031055901,1,0.309748427672956,0.0775193798449612,1,0.63884430176565,1,1,0.306349206349206,1,1,1,1,0.322327044025157,0.302936630602782,1,0.998444790046656,0.310344827586207,0.300955414012739,1,0.450704225352113,0.669195751138088,0,0.317901234567901,0.6801872074883,1,0.322033898305085,1,0.998447204968944,1,0.312597200622084,0.312210200927357,0.318840579710145,1,1,1,0,1,0.309904153354633,0.978090766823161,0.315112540192926,0.303076923076923,0.757387247278383,1,1,1,1,1,0.0440251572327044,0.313880126182965,0.31055900621118,1,0.688172043010753,1,1,0.998435054773083,0.998439937597504,1,1,0.00462962962962963,0.325652841781874,1,0.304761904761905,1,0.303076923076923,1,1,1,1,1,0.31201248049922,1,0.497630331753554,0.322834645669291,0.318461538461538,0.300476947535771,0.315372424722662,0.322784810126582,0.411764705882353,0.324409448818898,0.311424100156495,0.302180685358255,1,0.313385826771654,1,0.693374422187982,0.302469135802469,0.318885448916409,0.326465927099842,1,1,1,0.261345852895149,0.305295950155763,1,0.311708860759494,0.320987654320988,0.305511811023622,0.310975609756098,0.687697160883281,1,0.315950920245399,0.300632911392405,1,0.302362204724409,1,0.308049535603715,0.312989045383412,1,1,1,0.550955414012739,1,0.696124031007752,0.0870870870870871,0.314553990610329,1,1,0.0974842767295598,0.3109375,0.3168,1,1,0.300469483568075,0.0202808112324493,0.0032258064516129,1,1,0.331278890600925,0.998435054773083,1,0.303265940902022,1,1,0.308892355694228,1,1,1,1,0.322378716744914,0.310240963855422,0.317666126418152,1,1,0.678571428571429,0.312796208530806,1,0.312210200927357,0.292332268370607,1,1,0.998442367601246,1,1,0.322222222222222,1,1,0.101748807631161,0.331269349845201,0.495238095238095,0.304761904761905,0.678683385579937,0.309119010819165,1,0.304,0.330696202531646,0.263322884012539,0.31651376146789,1,0.325190839694657,1,1,1,0.310618066561014,0.314814814814815,0.998447204968944,0.92368839427663,0.0611916264090177,1,0.308892355694228,0.325842696629214,0.303514376996805,1,0.318181818181818,0.47906976744186,0.322327044025157,0.296703296703297,0.303858520900322,0.298412698412698,1,0.316455696202532,1,1,0,1,0.314285714285714,1,1,1,0.313291139240506,1,0.307568438003221,1,0.841940532081377,1,1,1,0.303599374021909,1,1,0.303317535545024,0.303599374021909,1,1,0.30564263322884,0.183206106870229,1,0.998444790046656,1,0,0.308064516129032,1,0.302325581395349,0.252396166134185,1,0.682888540031397,0.421538461538462,1,1,0.684848484848485,0.7125,0.33596214511041,1,0.309968847352025,1,1,0.322784810126582,1,0.998430141287284,0.0093603744149766,0.3109375,1,1,0.312698412698413,1,1,0.301242236024845,0.34012539184953,1,1,1,0.523148148148148,0.303738317757009,0.346456692913386,0.308623298033283,0.32348367029549,0.699685534591195,0.320813771517997,0.322834645669291,0.306976744186047,0.248803827751196,0.319554848966614,1,0.320182094081942,0.998397435897436,0.303738317757009,0.0852359208523592,0.0479134466769706,1,1,0.0357698289269051,1,0.683333333333333,0.0375586854460094,0.014218009478673,1,0.686335403726708,1,1,0.54140127388535,1,0,0.0756843800322061,1,1,1,0.315705128205128,0.65158371040724,0.698387096774194,0.99375,1,0.986003110419907,0.291993720565149,0.338118022328549,1,0.296529968454259,1,0.3609375,0.105177993527508,0.300623052959502,0.31306990881459,0.316139767054908,1,0.077639751552795,1,1,1,0.264705882352941,0.315457413249211,1,0.315286624203822,1,1,0.298299845440495,1,0.322289156626506,1,0.301282051282051,0.317683881064163,1,0.682888540031397,0.311450381679389,1,0.313291139240506,0.763239875389408,0.309006211180124,0.164341085271318,0.313935681470138,0.769230769230769,0.2992,1,0.315873015873016,0.3296875,0.288819875776398,1,1,1,0.97557003257329,0.362619808306709,1,0.315024232633279,1,0.316476345840131,0.313846153846154,1,1,1,0.91588785046729,1,0.302936630602782,0.31378763866878,1,1,0.0464,0.0842607313195548,1,1,0.303514376996805,1,1,0.310015898251192,1,1,0.696540880503145,0.54601226993865,1,0,1,1,0.0976744186046512,0.320373250388802,1,0.312893081761006,0.998422712933754,0.969889064976228,0.998392282958199,0.825347758887172,1,0.3216,1,1,1,0,0.311475409836066,1,1,0.673469387755102,1,0.317262830482115,0.3578125,0.309486780715397,1,1,1,0.0927357032457496,0.317965023847377,0.0926517571884984,0.998427672955975,0.307692307692308,0.301223241590214,0.356269113149847,0,1,0.960876369327074,1,1,0.322632423756019,0.29984544049459,0.166405023547881,0.035031847133758,0.30503144654088,0.306122448979592,0.316923076923077,0.00157232704402516,0.304821150855365,1,0,0.316846986089645,1,1,1,0.304012345679012,0.306853582554517,0.0292682926829268,1,0.298887122416534,0.303875968992248,1,1,0.313880126182965,0.698051948051948,1,1,0.693877551020408,1,0.312977099236641,1,0.304897314375987,0.533333333333333,0.67175572519084,0.401234567901235,1,0.297213622291022,0.311912225705329,0.690402476780186,0.681470137825421,1,0.319148936170213,1,0.314112291350531,1,0.305993690851735,0.305246422893482,0.343402225755167,0.521943573667712,0.304065040650407,0.304552590266876,0.678125,0.307448494453249,0.151219512195122,1,0,1,0.282091917591125,1,0,0.323943661971831,0.309904153354633,1,0.0553892215568862,1,0.0822784810126582,0.331761006289308,1,0.0670826833073323,0.679186228482003,1,1,1,0.307941653160454,0.0366412213740458,1,0.415625,0.0965189873417722,0.355083459787557,0.322085889570552,0.315541601255887,1,1,1,1,1,0.0655487804878049,0.996951219512195,0.7,0.00455927051671732,0.3109375,1,1,1,1,0.0866141732283465,0.304347826086957,1,1,1,1,1,1,0.495398773006135,0.00159489633173844,1,0.0862068965517241,0.313755795981453,0.4399375975039,1,0.387820512820513,0.301612903225806,0.304482225656878,1,0.0344287949921753,0.320433436532508,1,1,0.368670886075949,0.30077519379845,0.307570977917981,0.315286624203822,0.998447204968944,0.31869918699187,0.312893081761006,0.409677419354839,0.31378763866878,0.979813664596273,0.303353658536585,0.0829346092503987,0.323854660347551,0,1,0.0862619808306709,0.296998420221169,0.309636650868878,0.316692667706708,1,1,1,1,1,1,0.330757341576507,1,0.303599374021909,0.305743243243243,0.595645412130638,0.68312101910828,1,1,0,0.306748466257669,0.118296529968454,0.998470948012232,0.0333863275039746,1,1,0.304,1,1,0.628164556962025,0.409967845659164,0.99702823179792,0.0819935691318328,0.0959119496855346,1,1,1,0.0900473933649289,0,0.300925925925926,0.4140625,0.310664605873261,0,0.320251177394035,0.0871632329635499,1,1,0.312404287901991,0.308892355694228,0.247678018575851,0.327974276527331,0.302290076335878,0.312111801242236,1,1,0.317891373801917,1,0,1,0.227344992050874,1,0.675632911392405,1,0.304416403785489,0.2912,0.0773993808049536,0.687022900763359,1,1,0.789889415481833,0.891056910569106,0.311004784688995,0.310965630114566,1,0.318885448916409,0.263406940063092,0.314009661835749,1,0.102009273570325,1,1,0.313084112149533,0.683788121990369,0.304897314375987,1,1,0.303738317757009,0.293023255813953,0.312883435582822,0.858954041204437,0.310789049919485,1,0.053680981595092,1,1,0.694063926940639,0.658730158730159,0.317230273752013,0.0499219968798752,0.318181818181818,1,1,0.29903536977492,0.32120253164557,0.619565217391304,1,0.307339449541284,0.368584758942457,0.304821150855365,0.987730061349693,0.478740157480315,0.0046656298600311,0.300940438871473,0.317484662576687,0.324717285945073,0.30173775671406,0.3125,0.967692307692308,1,0.30568356374808,0.554838709677419,0.688995215311005,0.243788819875776,0.688524590163934,1,0.320872274143302,0.0032,0.314285714285714,0.303543913713405,0.353582554517134,0.312202852614897,0,0.326018808777429,0.308426073131955,0.313880126182965,0.310344827586207
"737",1,1,1,1,1,1,0.710097719869707,1,1,0.102310231023102,1,0.0414012738853503,0.814102564102564,1,0.317666126418152,0.3042071197411,0.063391442155309,0.686666666666667,1,1,0.290113452188006,0.301458670988655,1,0.157051282051282,1,0.325878594249201,0.308702791461412,1,1,0.774299835255354,0.305863708399366,0.718849840255591,0.9648,0.311688311688312,0,1,0.55,1,0.299689440993789,1,0.659643435980551,0.682108626198083,0.69435736677116,1,1,0.317957166392092,0.315447154471545,0.314728682170543,0.320754716981132,0.323390894819466,0,1,0.307086614173228,1,1,0.488636363636364,0.576547231270358,1,1,1,0.324921135646688,0.316639741518578,0.314845024469821,0.676703645007924,1,1,0.0357142857142857,1,0.0579029733959311,0.320813771517997,1,0.3168,0.326666666666667,0.973597359735974,0.5136,1,0.306477093206951,0.332810047095761,1,0.315345699831366,0.0888157894736842,0.332236842105263,0.314785373608903,1,0.332278481012658,1,1,1,1,0.688783570300158,1,1,0,0.106451612903226,1,0.0434782608695652,0,1,0.570480928689884,0.672609400324149,1,0.0544,0.302250803858521,1,0.312399355877617,1,0.6848,1,0.314238952536825,0.3232,0.321656050955414,1,0.320574162679426,1,0.48966613672496,1,0.306946688206785,0.292993630573248,0.321428571428571,0.309446254071661,0.487261146496815,0.9984,0.322222222222222,0.322847682119205,1,0.306349206349206,1,1,0.33015873015873,0.550314465408805,1,0.314696485623003,1,0.0387596899224806,1,0.313971742543171,0.678288431061807,0.3232,0.932367149758454,0.438127090301003,0.106209150326797,0.0988654781199352,1,1,0.32695374800638,1,0.314285714285714,1,0.803459119496855,1,0.324104234527687,1,1,1,1,0.329052969502408,1,0.32475884244373,0.256289308176101,1,0.32120253164557,1,0.296774193548387,0.0852090032154341,1,0.304418985270049,1,1,1,0.3359375,1,0.3278955954323,1,0.305379746835443,1,0.326366559485531,0.0750798722044728,1,0.649006622516556,1,1,0.30655737704918,1,1,1,1,0.321428571428571,0.304625199362041,1,0.998392282958199,0.314553990610329,0.305057096247961,1,0.451612903225806,0.679506933744222,0,0.322169059011164,0.675,1,0.323296354992076,1,0.998425196850394,1,0.318037974683544,0.318181818181818,0.317355371900826,1,1,1,0,1,0.3125,0.975845410628019,0.32258064516129,0.302931596091205,0.758785942492013,1,1,1,1,1,0.0388978930307942,0.317230273752013,0.327447833065811,1,0.68370607028754,1,1,0.998381877022654,0.998384491114701,1,1,0.00318979266347687,0.315132605304212,1,0.314516129032258,1,0.301127214170692,1,1,1,1,1,0.322475570032573,1,0.497568881685575,0.329073482428115,0.330218068535826,0.314935064935065,0.319805194805195,0.334943639291465,0.417886178861789,0.325842696629214,0.3109375,0.312101910828025,1,0.322368421052632,1,0.68944099378882,0.322734499205087,0.312401883830455,0.335537190082645,1,1,1,0.255284552845528,0.309061488673139,1,0.313915857605178,0.325038880248834,0.309178743961353,0.319554848966614,0.681818181818182,1,0.322378716744914,0.316912972085386,1,0.298360655737705,1,0.304278922345483,0.317307692307692,1,1,1,0.549019607843137,1,0.686084142394822,0.0832025117739403,0.319870759289176,1,1,0.0979133226324237,0.321766561514196,0.314935064935065,1,1,0.30503144654088,0.022508038585209,0.00324149108589951,1,1,0.334360554699538,0.998389694041868,1,0.313385826771654,1,1,0.317817014446228,1,1,1,1,0.322475570032573,0.311145510835913,0.32952691680261,1,1,0.672955974842767,0.317384370015949,1,0.322784810126582,0.296474358974359,1,1,0.998430141287284,1,1,0.31810766721044,1,1,0.107667210440457,0.336434108527132,0.486178861788618,0.309562398703404,0.672638436482085,0.315024232633279,1,0.307817589576547,0.333333333333333,0.255961844197138,0.323899371069182,1,0.334375,1,1,1,0.311688311688312,0.319685039370079,0.998412698412698,0.925,0.0607553366174056,1,0.311183144246353,0.323624595469256,0.305958132045089,1,0.328050713153724,0.480127186009539,0.33015873015873,0.309409888357257,0.314935064935065,0.308064516129032,1,0.314845024469821,1,1,0,1,0.32258064516129,1,1,1,0.331179321486268,1,0.313213703099511,1,0.840764331210191,1,1,1,0.313479623824451,1,1,0.303079416531605,0.319422150882825,1,1,0.305732484076433,0.192429022082019,1,0.998410174880763,1,0,0.319672131147541,1,0.309409888357257,0.242718446601942,1,0.6832,0.419047619047619,1,1,0.674809160305344,0.705882352941177,0.342995169082126,1,0.324324324324324,1,1,0.3344,1,0.998360655737705,0.0048780487804878,0.324675324675325,1,1,0.31869918699187,1,1,0.304700162074554,0.327014218009479,1,1,1,0.517684887459807,0.309904153354633,0.351307189542484,0.315625,0.32182103610675,0.681962025316456,0.326892109500805,0.331179321486268,0.309262166405024,0.237560192616372,0.315024232633279,1,0.31875,0.998371335504886,0.309636650868878,0.0797546012269939,0.0458135860979463,1,1,0.0365659777424483,1,0.684542586750789,0.0385852090032154,0.00964630225080386,1,0.6784,1,1,0.546204620462046,1,0,0.070957095709571,1,1,1,0.32475884244373,0.647149460708783,0.698305084745763,0.99203821656051,1,0.990461049284579,0.302547770700637,0.342532467532468,1,0.301458670988655,1,0.359098228663446,0.10327868852459,0.305246422893482,0.3125,0.333898305084746,1,0.0757097791798107,1,1,1,0.2574568288854,0.324149108589951,1,0.320846905537459,1,1,0.312893081761006,1,0.321372854914197,1,0.306055646481178,0.31687898089172,1,0.686998394863563,0.31619937694704,1,0.309677419354839,0.753943217665615,0.317034700315457,0.164012738853503,0.321372854914197,0.758169934640523,0.307941653160454,1,0.317460317460317,0.337042925278219,0.298555377207063,1,1,1,0.976391231028668,0.354785478547855,1,0.325,1,0.317725752508361,0.314553990610329,1,1,1,0.922950819672131,1,0.302884615384615,0.313099041533546,1,1,0.044189852700491,0.0844155844155844,1,1,0.30983606557377,1,1,0.315024232633279,1,1,0.681020733652313,0.541341653666147,1,0,1,1,0.100478468899522,0.328548644338118,1,0.317891373801917,0.998384491114701,0.969354838709677,0.998387096774194,0.823622047244094,1,0.326699834162521,1,1,1,0,0.312602291325696,1,1,0.668284789644013,1,0.317741935483871,0.349761526232114,0.326465927099842,1,1,1,0.0919175911251981,0.324058919803601,0.0867430441898527,0.998371335504886,0.312202852614897,0.312302839116719,0.3552,0,1,0.963549920760697,1,1,0.317152103559871,0.306603773584906,0.159539473684211,0.0353130016051364,0.314194577352472,0.31219512195122,0.323943661971831,0,0.309791332263242,1,0,0.318541996830428,1,1,1,0.314375987361769,0.324881141045959,0.0332225913621262,1,0.317666126418152,0.305993690851735,1,1,0.318910256410256,0.69449081803005,1,1,0.694753577106518,1,0.309148264984227,1,0.3168,0.536741214057508,0.669811320754717,0.405660377358491,1,0.29922480620155,0.308562197092084,0.67981072555205,0.660406885758998,1,0.323151125401929,1,0.320251177394035,1,0.310789049919485,0.305194805194805,0.357371794871795,0.524564183835182,0.316393442622951,0.306818181818182,0.668769716088328,0.317034700315457,0.147299509001637,1,0,1,0.291734197730956,1,0,0.322169059011164,0.31973898858075,1,0.0542635658914729,1,0.0884244372990354,0.337133550488599,1,0.0649762282091918,0.672025723472669,1,1,1,0.307692307692308,0.0343213728549142,1,0.411669367909238,0.0947712418300654,0.353968253968254,0.320634920634921,0.316957210776545,1,1,1,1,1,0.062402496099844,0.996820349761526,0.684126984126984,0.00307692307692308,0.32,1,1,1,1,0.0868167202572347,0.31875,1,1,1,1,1,1,0.493630573248408,0,1,0.0805687203791469,0.317741935483871,0.443729903536977,1,0.386837881219904,0.309882747068677,0.309033280507132,1,0.0401284109149278,0.316535433070866,1,1,0.367816091954023,0.308777429467085,0.305863708399366,0.313915857605178,0.998425196850394,0.326194398682043,0.31629392971246,0.42215088282504,0.312703583061889,0.981012658227848,0.3140625,0.0830618892508143,0.330683624801272,0,1,0.0863192182410423,0.314238952536825,0.315286624203822,0.320261437908497,1,1,1,1,1,1,0.324675324675325,1,0.312297734627832,0.317324185248714,0.606158833063209,0.675409836065574,1,1,0,0.315132605304212,0.116693679092382,0.998442367601246,0.0326797385620915,1,1,0.310679611650485,1,1,0.622549019607843,0.414075286415712,0.996955859969559,0.0815660685154976,0.0998363338788871,1,1,1,0.0858995137763371,0,0.311004784688995,0.415335463258786,0.311501597444089,0,0.325806451612903,0.0892561983471074,1,1,0.317683881064163,0.315047021943574,0.231139646869984,0.338211382113821,0.31496062992126,0.328548644338118,1,1,0.321428571428571,1,0,1,0.228525121555916,1,0.6752,1,0.311004784688995,0.298679867986799,0.0801282051282051,0.673946957878315,1,1,0.794830371567044,0.894648829431438,0.323051948051948,0.314845024469821,1,0.323481116584565,0.246774193548387,0.321548821548822,1,0.101426307448494,1,1,0.311793214862682,0.682258064516129,0.308072487644152,1,1,0.311111111111111,0.306477093206951,0.317111459968603,0.854337152209493,0.309602649006623,1,0.0527156549520767,1,1,0.697115384615385,0.655948553054662,0.326666666666667,0.0529695024077047,0.321543408360129,1,1,0.307941653160454,0.321144674085851,0.6368,1,0.308661417322835,0.374223602484472,0.306836248012719,0.984251968503937,0.473515248796148,0,0.304975922953451,0.317757009345794,0.336585365853659,0.314144736842105,0.31924882629108,0.973015873015873,1,0.320634920634921,0.554635761589404,0.684466019417476,0.237261146496815,0.677685950413223,1,0.319488817891374,0.00324675324675325,0.325806451612903,0.310897435897436,0.3648,0.326298701298701,0,0.334394904458599,0.317589576547231,0.320846905537459,0.312297734627832
"738",0.303079416531605,0.311605723370429,0.311897106109325,0.326892109500805,0.303459119496855,0.303174603174603,0.0113268608414239,0.316957210776545,0.313880126182965,0.565853658536585,0.31637519872814,0.641955835962145,0.520128824476651,0.316957210776545,1,1,0.615748031496063,0,0.3264,0.307324840764331,1,1,0.31733746130031,0.519500780031201,0.309006211180124,1,1,0.335515548281506,0.30298273155416,0.525641025641026,1,0.584905660377358,0.361635220125786,0.996830427892235,0.671361502347418,0.306666666666667,0.126959247648903,0.313479623824451,1,0.305772230889236,0.00317460317460317,0,0,0.323763955342903,0.310897435897436,1,0.995253164556962,1,1,1,0.698289269051322,0.322006472491909,1,0.317460317460317,0.309859154929577,0.823909531502423,0.112721417069243,0.317666126418152,0.311912225705329,0.321316614420063,0.995283018867924,1,1,0.00637958532695375,0.311688311688312,0.322378716744914,0.656351791530945,0.319488817891374,0.618320610687023,1,0.312893081761006,1,1,0.265573770491803,0.152037617554859,0.315384615384615,1,0.995305164319249,0.320872274143302,1,0.600328947368421,1,1,0.318181818181818,1,0.314984709480122,0.307692307692308,0.322784810126582,0.318979266347687,0,0.320512820512821,0.316846986089645,0.696400625978091,0.585557299843014,0.314102564102564,0.646129541864139,0.67981072555205,0.310832025117739,0.114147909967846,0,0.310725552050473,0.613418530351438,1,0.303921568627451,1,0.319047619047619,0,0.320754716981132,1,1,1,0.296062992125984,0.996860282574568,0.321144674085851,0.191063174114022,0.303543913713405,1,0.370015948963317,1,1,0.195892575039494,0.312401883830455,1,1,0.323029366306028,1,0.313636363636364,0.306501547987616,0.357927786499215,0.751926040061633,0.321486268174475,1,0.322632423756019,0.641975308641975,0.328,1,0.0015748031496063,1,0.375,0.882160392798691,0.579617834394904,0.597133757961783,0.317535545023697,0.325769854132901,1,0.309636650868878,1,0.302362204724409,0.506976744186047,0.320373250388802,1,0.299840510366826,0.307568438003221,0.325242718446602,0.320450885668277,1,0.294025157232704,1,0.42879746835443,0.316614420062696,1,0.313935681470138,1,0.596774193548387,0.314102564102564,1,0.314873417721519,0.311004784688995,0.324960753532182,0.989164086687306,0.319685039370079,1,0.315789473684211,1,0.314424635332253,1,0.601880877742947,0.298412698412698,0.0277777777777778,0.296596434359805,0.311501597444089,1,0.304625199362041,0.318181818181818,0.314152410575428,0.325471698113208,1,1,0.316993464052288,0.31974921630094,1,1,0.31619937694704,0.230407523510972,0.0199386503067485,0.693650793650794,1,0.00316957210776545,0.311424100156495,1,0.321486268174475,0.310077519379845,0.316211878009631,1,1,1,0.328703703703704,0.306688417618271,0.314553990610329,0.68130081300813,0.307814992025518,1,0.328525641025641,1,1,0.43015873015873,0.319218241042345,0.31832298136646,0.320634920634921,0.2953125,0.304278922345483,0.643659711075441,1,1,0.313385826771654,0.00316455696202532,0.323029366306028,0.313755795981453,0.325949367088608,0.302839116719243,0.300476947535771,0.313846153846154,0.700636942675159,0.355932203389831,0.294025157232704,1,0.322222222222222,1,0.308892355694228,0.310897435897436,0.302547770700637,0.323671497584541,0.314424635332253,1,0.317034700315457,0.8064,1,1,0.996794871794872,1,1,0.885350318471338,1,1,1,0.30625,1,0.311666666666667,0,1,0.376923076923077,1,0.316957210776545,0.316045380875203,0.3104,0.4170692431562,1,0.317757009345794,1,1,1,1,0,0.318327974276527,1,1,0.319488817891374,1,0.318181818181818,1,1,0.309636650868878,0.322632423756019,0.300787401574803,0.137440758293839,0.32484076433121,0,0.588414634146341,1,0.318181818181818,0.313099041533546,0.576982892690513,1,1,0.322222222222222,0.32626427406199,1,0.662519440124417,0.699044585987261,0.303514376996805,0.316558441558442,0.993808049535604,0.326594090202177,0.302469135802469,1,0.318037974683544,0.29874213836478,1,0.304625199362041,0.312698412698413,0.309033280507132,0.311912225705329,1,1,1,0.302694136291601,0.323763955342903,0.0031496062992126,0.992076069730586,0.329581993569132,1,1,0.3109375,0.320373250388802,0.298245614035088,0.318471337579618,0.304416403785489,1,0.298387096774194,0.314873417721519,0.573770491803279,1,0.82992125984252,1,0,1,0.319083969465649,1,1,0.416666666666667,0.998432601880878,0.315447154471545,1,0.306477093206951,0.304761904761905,0.312401883830455,1,1,0.3171875,0.396694214876033,0.60702875399361,0.3042071197411,1,1,1,0.323051948051948,1,0.200949367088608,1,1,1,1,0.322378716744914,1,0.315702479338843,0.326465927099842,0.681020733652313,0.307443365695793,1,0.31911532385466,0.31441717791411,0.314238952536825,1,0.306501547987616,1,0.31733746130031,0.47887323943662,0.31974921630094,0.311986863711002,0.309006211180124,1,0.323809523809524,0.303715670436187,1,1,0.323943661971831,0.305993690851735,1,0.473186119873817,0.306946688206785,0.324324324324324,0.329153605015674,0.684713375796178,1,0.289735099337748,1,0.415064102564103,0.301612903225806,0,0.886821705426357,0.313504823151125,0.312796208530806,0,0.0345911949685535,0.97933227344992,0.312202852614897,1,0.309033280507132,0.308702791461412,1,0.32348367029549,0.312202852614897,0.669856459330144,1,0.315873015873016,0.324921135646688,1,0.307219662058372,0.300653594771242,1,0.338028169014085,0.307568438003221,0.309486780715397,0.340729001584786,0.80625,1,0.983792544570502,1,1,0.00159235668789809,1,0.995253164556962,1,0.425431711145997,0.998387096774194,0.306976744186047,0.993817619783617,0.328,0.996830427892235,0.600306278713629,0.634222919937206,0.31839258114374,0.309859154929577,0.642633228840125,0.314332247557003,0,0.636792452830189,0.690437601296596,0.315870570107858,0.00158478605388273,0.306836248012719,0.298076923076923,0.7616,0.325077399380805,0.683962264150943,0.6,0.311501597444089,0.315457413249211,0.294952681388013,1,0.027190332326284,0,0.31875,0.323854660347551,0.333333333333333,1,0.333333333333333,0.313694267515924,1,0.297971918876755,0.944356120826709,0.570048309178744,1,1,0.993333333333333,0.309636650868878,0.606481481481482,0.315301391035549,0.311148086522463,0.317230273752013,0.414976599063963,1,0.305466237942122,1,0.317355371900826,0.315619967793881,1,0.308064516129032,1,0.317891373801917,1,1,0.322834645669291,0,1,0.31619937694704,1,0.563579277864992,1,0.505529225908373,1,0.552,1,0.316639741518578,1,1,1,0.305246422893482,0.317666126418152,0.308527131782946,0.342532467532468,0.328968903436989,0.306836248012719,1,0.321027287319422,1,1,0.315457413249211,0.316558441558442,0.313178294573643,0.382539682539683,0.3234375,1,1,0.32755905511811,0.319148936170213,0.633711507293355,0.588424437299035,0.3056,0.312399355877617,1,0.301412872841444,0.314329738058552,0.996835443037975,0.310743801652893,0.307448494453249,0,0.129485179407176,0.31378763866878,0.68693009118541,0.311216429699842,0.312401883830455,0.590625,0.99685534591195,0.3088,1,0.317891373801917,0.342443729903537,0.312796208530806,0.484177215189873,0.311501597444089,1,0.320126782884311,0.323151125401929,0.32569558101473,0.682389937106918,1,0.322632423756019,0.312597200622084,0,0.325471698113208,0.998439937597504,0.9546875,1,0.317111459968603,0.318252730109204,0.312599681020734,0.582945736434109,1,0.590982286634461,0.32807570977918,1,1,0.967084639498433,0.679873217115689,0.325914149443561,0.358372456964006,0.31496062992126,0.313271604938272,1,1,0.517684887459807,0.636507936507936,1,1,0.998439937597504,0.69551282051282,1,0.324031007751938,0.690208667736758,1,0.322274881516588,0.304,0.31378763866878,0.998452012383901,1,0.648208469055375,0.317965023847377,1,1,0.322378716744914,0.304212168486739,0.998417721518987,0,0.311688311688312,0.309636650868878,0.00796178343949045,0.310344827586207,1,0.309294871794872,1,0.13302034428795,0,0.900302114803625,0.32120253164557,1,1,0,0.00156494522691706,0.325320512820513,1,0.307941653160454,0.996904024767802,0.305825242718447,1,0.998381877022654,0.959247648902821,0.761829652996845,1,1,0.00627943485086342,1,0.51869918699187,0.324921135646688,0.673405909797823,0.319314641744548,1,0.299840510366826,0.681388012618297,1,1,0.314424635332253,0.622154779969651,0.3234375,0.583596214511041,0.972267536704731,0.323151125401929,0.60828025477707,0.0110759493670886,0.3125,0.313099041533546,0.311526479750779,1,0.642633228840125,0.30188679245283,0.902362204724409,0.590982286634461,0.970588235294118,1,1,0.313572542901716,0.329581993569132,0.296900489396411,0.302694136291601,0.305511811023622,0.613846153846154,0.300623052959502,0,0.67921686746988,1,0.322222222222222,0.313001605136437,0.316993464052288,0.327044025157233,0.601286173633441,1,0.324451410658307,0.335483870967742,0.326860841423948,0.316720257234727,0.310725552050473,0.306089743589744,0.190993788819876,0.691680261011419,0.307936507936508,0.604615384615385,1,0.231378763866878,0.314873417721519,0.915605095541401,1,1,0.3056,0.635071090047393,1,0.304897314375987,0.29047619047619,0.955954323001631,1,1,0.998366013071895,0.317262830482115,1,1,0.895071542130366,1,0.344135802469136,1,0.591803278688525,1,0.681181959564541,0.307324840764331,0.598070739549839,1,1,0.993579454253612,0.322834645669291,0.322834645669291,0.324193548387097,0.311811023622047,0.315619967793881,0.315447154471545,0.98389694041868,0.316770186335404,1,1,0.700315457413249,0,0.316535433070866,0.3125,0.675590551181102,1,0.55608214849921,0.318461538461538,0.6432,0.304,0.310679611650485,1,0.311708860759494,0.311036789297659,0.682769726247987,0.90625,0.31784107946027,0.598387096774194,0.57516339869281,0.322834645669291,0.321486268174475,0.303317535545024,0.588697017268446,0.681747269890796,1,0.897560975609756,1,0.66875,0.998397435897436,0.587378640776699,0.314194577352472,0.309178743961353,1,1,0.42902711323764,0.993464052287582,0.998442367601246,1,0.310126582278481,0.3232,1,0.311145510835913,0.690402476780186,0.321428571428571,0.461783439490446,0.305111821086262,0,0.30188679245283,1,1,0.593700787401575,0.0015600624024961,0.322274881516588,0.316639741518578,0.100478468899522,0.407224958949097,1,1,0.308917197452229,1,0.416534181240064,1,0.331288343558282,0.579527559055118,0.318471337579618,0.311216429699842,1,0,1,0.309446254071661,0.31911532385466,1,1,1,0.431781701444623,1,0.318681318681319,0.616954474097331,0.327014218009479,0.316476345840131,0.00157728706624606,0.0332805071315372,1,0.629213483146067,1,0.318471337579618,0.328,1,1,0.154929577464789,0.306729264475743,1,0.8984375,1,0.313178294573643,0.192307692307692,0.675548589341693,1,1,1,1,1,0.28125,0.304625199362041,1,0.114331723027375,0.00159489633173844,0.437209302325581,0,0.317460317460317,1,0.680445151033386,1,1,0.888540031397174,1,0.677621283255086,1,1,1,1
"739",1,1,1,1,1,1,0.7056,1,1,0.0966183574879227,1,0.0470219435736677,0.816164817749604,1,0.310679611650485,0.303265940902022,0.0643642072213501,0.692939244663383,1,1,0.28548644338118,0.306709265175719,1,0.163551401869159,1,0.319444444444444,0.315705128205128,1,1,0.796445880452342,0.312111801242236,0.733438485804416,0.957746478873239,0.302507836990596,0,1,0.541139240506329,1,0.295774647887324,1,0.6703125,0.691950464396285,0.695652173913043,1,1,0.316129032258064,0.308306709265176,0.310872894333844,0.312597200622084,0.321259842519685,0,1,0.301242236024845,1,1,0.488,0.55448717948718,1,1,1,0.332283464566929,0.321316614420063,0.313504823151125,0.685624012638231,1,1,0.0368589743589744,1,0.060882800608828,0.311526479750779,1,0.30829420970266,0.31869918699187,0.969155844155844,0.525,1,0.304212168486739,0.328703703703704,1,0.309061488673139,0.0910569105691057,0.325914149443561,0.322169059011164,1,0.331240188383046,1,1,1,1,0.690993788819876,1,1,0,0.105426356589147,1,0.049079754601227,0,1,0.567656765676568,0.6848,1,0.0557324840764331,0.304487179487179,1,0.303656597774245,1,0.687898089171974,1,0.309904153354633,0.310126582278481,0.316037735849057,1,0.320126782884311,1,0.49768875192604,1,0.3078125,0.299843014128728,0.321538461538462,0.313001605136437,0.488299531981279,0.998430141287284,0.314900153609831,0.301765650080257,1,0.293838862559242,1,1,0.332805071315372,0.554179566563467,1,0.315132605304212,1,0.0460122699386503,1,0.310664605873261,0.682108626198083,0.321928460342146,0.930047694753577,0.420195439739414,0.107424960505529,0.0959119496855346,1,1,0.321711568938193,1,0.315068493150685,1,0.801538461538462,1,0.309294871794872,1,1,1,1,0.32741935483871,1,0.320634920634921,0.262422360248447,1,0.30625,1,0.296650717703349,0.0881410256410256,1,0.311793214862682,1,1,1,0.321981424148607,1,0.320063694267516,1,0.306122448979592,1,0.315372424722662,0.0803149606299213,1,0.648026315789474,1,1,0.309409888357257,1,1,1,1,0.319554848966614,0.306501547987616,1,0.998425196850394,0.310452418096724,0.2992,1,0.464506172839506,0.674846625766871,0,0.311811023622047,0.670382165605096,1,0.314900153609831,1,0.998456790123457,1,0.309636650868878,0.314728682170543,0.325806451612903,1,1,1,0,1,0.301916932907348,0.973520249221184,0.321144674085851,0.300476947535771,0.741324921135647,1,1,1,1,1,0.0453834115805947,0.308306709265176,0.321928460342146,1,0.686708860759494,1,1,0.998417721518987,0.998459167950693,1,1,0.0031201248049922,0.320610687022901,1,0.299840510366826,1,0.302839116719243,1,1,1,1,1,0.316211878009631,1,0.499197431781701,0.318611987381703,0.31924882629108,0.304700162074554,0.310618066561014,0.32,0.410742496050553,0.324451410658307,0.31378763866878,0.30829420970266,1,0.319620253164557,1,0.690402476780186,0.315873015873016,0.314024390243902,0.329113924050633,1,1,1,0.262321144674086,0.309033280507132,1,0.3152,0.320061255742726,0.30298273155416,0.3125,0.694488188976378,1,0.317829457364341,0.314194577352472,1,0.298869143780291,1,0.297090352220521,0.310344827586207,1,1,1,0.551669316375199,1,0.691943127962085,0.0838414634146342,0.316455696202532,1,1,0.0976377952755905,0.31839258114374,0.322115384615385,1,1,0.297805642633229,0.0264385692068429,0.00319488817891374,1,1,0.330781010719755,0.998405103668262,1,0.300940438871473,1,1,0.31201248049922,1,1,1,1,0.323296354992076,0.306748466257669,0.319354838709677,1,1,0.676609105180534,0.308056872037915,1,0.31937984496124,0.296529968454259,1,1,0.998422712933754,1,1,0.322274881516588,1,1,0.11219512195122,0.324074074074074,0.489731437598736,0.301127214170692,0.67741935483871,0.312989045383412,1,0.30622009569378,0.328,0.259720062208398,0.317683881064163,1,0.318818040435459,1,1,1,0.310509554140127,0.321592649310873,0.998420221169036,0.923577235772358,0.0657051282051282,1,0.308892355694228,0.315705128205128,0.305111821086262,1,0.319571865443425,0.478605388272583,0.31924882629108,0.301435406698565,0.306451612903226,0.301261829652997,1,0.314785373608903,1,1,0,1,0.312903225806452,1,1,1,0.318327974276527,1,0.311290322580645,1,0.829652996845426,1,1,1,0.30829420970266,1,1,0.308661417322835,0.307692307692308,1,1,0.304897314375987,0.197530864197531,1,0.998417721518987,1,0,0.302250803858521,1,0.302362204724409,0.253968253968254,1,0.680817610062893,0.438461538461538,1,1,0.6797583081571,0.710900473933649,0.34185303514377,1,0.314785373608903,1,1,0.328548644338118,1,0.998397435897436,0.00479233226837061,0.318110236220472,1,1,0.321486268174475,1,1,0.302547770700637,0.339116719242902,1,1,1,0.518518518518518,0.306729264475743,0.332802547770701,0.305810397553517,0.326498422712934,0.693910256410256,0.321428571428571,0.320063694267516,0.305555555555556,0.243243243243243,0.317891373801917,1,0.313271604938272,0.998405103668262,0.309636650868878,0.0830769230769231,0.0504731861198738,1,1,0.0424528301886792,1,0.690513219284603,0.0446570972886762,0.00966183574879227,1,0.6875,1,1,0.5472,1,0,0.074313408723748,1,1,1,0.315619967793881,0.658610271903323,0.699507389162562,0.993808049535604,1,0.987341772151899,0.300955414012739,0.332802547770701,1,0.293650793650794,1,0.367924528301887,0.109872611464968,0.300632911392405,0.310185185185185,0.327731092436975,1,0.0775193798449612,1,1,1,0.263910969793323,0.3168,1,0.315372424722662,1,1,0.308056872037915,1,0.321699544764795,1,0.309409888357257,0.316535433070866,1,0.68312101910828,0.310664605873261,1,0.302884615384615,0.755520504731861,0.311248073959938,0.167974882260597,0.320182094081942,0.760252365930599,0.301916932907348,1,0.317034700315457,0.332805071315372,0.288643533123028,1,1,1,0.97258064516129,0.336092715231788,1,0.312903225806452,1,0.316666666666667,0.309341500765697,1,1,1,0.918918918918919,1,0.297169811320755,0.31496062992126,1,1,0.0501618122977346,0.0787781350482315,1,1,0.301127214170692,1,1,0.313971742543171,1,1,0.6859375,0.539877300613497,1,0,1,1,0.101426307448494,0.316118935837246,1,0.321259842519685,0.998420221169036,0.962025316455696,0.998405103668262,0.811616954474097,1,0.326194398682043,1,1,1,0,0.30655737704918,1,1,0.679549114331723,1,0.314873417721519,0.350078492935636,0.311216429699842,1,1,1,0.0947204968944099,0.309904153354633,0.0895765472312704,0.998392282958199,0.310077519379845,0.305511811023622,0.35,0,1,0.95253164556962,1,1,0.316455696202532,0.294117647058824,0.167456556082148,0.0418006430868167,0.308426073131955,0.302100161550889,0.322033898305085,0,0.306853582554517,1,0,0.313178294573643,1,1,1,0.303738317757009,0.31441717791411,0.0373376623376623,1,0.317111459968603,0.3,1,1,0.310725552050473,0.698360655737705,1,1,0.699523052464229,1,0.308527131782946,1,0.307086614173228,0.534883720930233,0.67398119122257,0.401234567901235,1,0.297380585516179,0.311216429699842,0.6859375,0.666141732283465,1,0.320872274143302,1,0.316923076923077,1,0.303858520900322,0.302066772655008,0.34009360374415,0.528682170542636,0.316639741518578,0.304625199362041,0.673405909797823,0.314465408805031,0.156507413509061,1,0,1,0.280448717948718,1,0,0.311111111111111,0.305993690851735,1,0.0564885496183206,1,0.0865384615384615,0.333870967741935,1,0.0686427457098284,0.676656151419558,1,1,1,0.304777594728171,0.0404354587869362,1,0.424193548387097,0.0969305331179321,0.346394984326019,0.31832298136646,0.321928460342146,1,1,1,1,1,0.0679012345679012,0.996923076923077,0.68895800933126,0.00298507462686567,0.3109375,1,1,1,1,0.0877742946708464,0.313084112149533,1,1,1,1,1,1,0.501582278481013,0,1,0.0816640986132511,0.311320754716981,0.44620253164557,1,0.386942675159236,0.301666666666667,0.309294871794872,1,0.0410742496050553,0.311424100156495,1,1,0.356340288924559,0.308527131782946,0.30564263322884,0.317307692307692,0.998456790123457,0.316211878009631,0.310664605873261,0.418096723868955,0.3152,0.973805855161787,0.310030395136778,0.0861788617886179,0.317965023847377,0,1,0.0913461538461538,0.306836248012719,0.315789473684211,0.311912225705329,1,1,1,1,1,1,0.327974276527331,1,0.317111459968603,0.306397306397306,0.610675039246468,0.685897435897436,1,1,0,0.310185185185185,0.122641509433962,0.998463901689708,0.0330188679245283,1,1,0.311708860759494,1,1,0.625806451612903,0.414876033057851,0.997010463378176,0.0833333333333333,0.097444089456869,1,1,1,0.0859872611464968,0,0.313664596273292,0.415213946117274,0.306501547987616,0,0.319935691318328,0.0867430441898527,1,1,0.315548780487805,0.308661417322835,0.246445497630332,0.325878594249201,0.307931570762053,0.312202852614897,1,1,0.324237560192616,1,0,1,0.230647709320695,1,0.68025078369906,1,0.300940438871473,0.300970873786408,0.0799373040752351,0.678018575851393,1,1,0.794871794871795,0.899513776337115,0.315705128205128,0.314606741573034,1,0.309033280507132,0.258267716535433,0.314424635332253,1,0.105845181674566,1,1,0.311708860759494,0.686084142394822,0.302439024390244,1,1,0.303937007874016,0.299684542586751,0.310872894333844,0.852564102564103,0.3125,1,0.0551181102362205,1,1,0.709119496855346,0.652996845425868,0.312,0.0589171974522293,0.316037735849057,1,1,0.30379746835443,0.318471337579618,0.630094043887147,1,0.299531981279251,0.362229102167183,0.306477093206951,0.985959438377535,0.477777777777778,0,0.296583850931677,0.320987654320988,0.320967741935484,0.309791332263242,0.311349693251534,0.968992248062015,1,0.309748427672956,0.548599670510708,0.695024077046549,0.235478806907378,0.688925081433225,1,0.307086614173228,0.00315457413249211,0.312796208530806,0.309968847352025,0.360501567398119,0.31139646869984,0,0.328638497652582,0.314785373608903,0.310569105691057,0.308544303797468
"740",1,1,1,1,1,1,0.702020202020202,1,1,0.1,1,0.0471544715447154,0.827814569536424,1,0.314475873544093,0.308943089430894,0.0674157303370786,0.684745762711864,1,1,0.288743882544861,0.30514096185738,1,0.149108589951378,1,0.322899505766063,0.311475409836066,1,1,0.78428093645485,0.315533980582524,0.729903536977492,0.961102106969206,0.306156405990017,0,1,0.531707317073171,1,0.297339593114241,1,0.665594855305466,0.680851063829787,0.69935691318328,1,1,0.313659359190556,0.306799336650083,0.306451612903226,0.324193548387097,0.3278955954323,0,1,0.314102564102564,1,1,0.489112227805695,0.561258278145695,1,1,1,0.316720257234727,0.324546952224053,0.314662273476112,0.682565789473684,1,1,0.0388349514563107,1,0.0576,0.322061191626409,1,0.316720257234727,0.323432343234323,0.965753424657534,0.50983606557377,1,0.313504823151125,0.33596214511041,1,0.311643835616438,0.087248322147651,0.322259136212625,0.330049261083744,1,0.338211382113821,1,1,1,1,0.689542483660131,1,1,0.00165016501650165,0.103059581320451,1,0.0470016207455429,0,1,0.560810810810811,0.683417085427136,1,0.054726368159204,0.315181518151815,1,0.315436241610738,1,0.685761047463175,1,0.309090909090909,0.322314049586777,0.320325203252033,1,0.313213703099511,1,0.480769230769231,1,0.314845024469821,0.287112561174551,0.318681318681319,0.320197044334975,0.476345840130506,0.998387096774194,0.320574162679426,0.310286677908938,1,0.306818181818182,1,1,0.320785597381342,0.53484602917342,1,0.312399355877617,1,0.0427892234548336,1,0.308562197092084,0.677524429967427,0.32516339869281,0.930081300813008,0.427609427609428,0.101328903654485,0.0963081861958267,1,1,0.328925619834711,1,0.321372854914197,1,0.815960912052117,1,0.315345699831366,1,1,1,1,0.333887043189369,1,0.310517529215359,0.25,1,0.309951060358891,1,0.301127214170692,0.0869565217391304,1,0.309882747068677,1,1,1,0.331179321486268,1,0.332225913621262,1,0.299019607843137,1,0.310855263157895,0.0776699029126214,1,0.643952299829642,1,1,0.30655737704918,1,1,1,1,0.325657894736842,0.3088,1,0.99836867862969,0.316129032258064,0.309719934102142,1,0.453376205787781,0.673469387755102,0,0.316720257234727,0.671641791044776,1,0.315112540192926,1,0.998407643312102,1,0.323432343234323,0.320846905537459,0.335,1,1,1,0,1,0.302170283806344,0.973597359735974,0.320534223706177,0.304418985270049,0.75,1,1,1,1,1,0.0445544554455446,0.312803889789303,0.326923076923077,1,0.679549114331723,1,1,0.998347107438017,0.998402555910543,1,1,0.00481540930979133,0.311605723370429,1,0.311666666666667,1,0.297872340425532,1,1,1,1,1,0.317195325542571,1,0.507438016528926,0.323873121869783,0.322006472491909,0.306799336650083,0.323920265780731,0.333887043189369,0.419627749576988,0.328,0.319870759289176,0.317355371900826,1,0.318555008210181,1,0.686305732484076,0.318181818181818,0.303921568627451,0.33112582781457,1,1,1,0.247524752475248,0.312803889789303,1,0.317355371900826,0.323248407643312,0.314238952536825,0.316476345840131,0.686885245901639,1,0.322061191626409,0.313531353135314,1,0.300840336134454,1,0.310457516339869,0.312602291325696,1,1,1,0.541463414634146,1,0.682487725040916,0.0781499202551834,0.325242718446602,1,1,0.0932475884244373,0.315112540192926,0.324503311258278,1,1,0.29903536977492,0.0261011419249592,0.00328947368421053,1,1,0.337042925278219,1,1,0.310569105691057,1,1,0.313408723747981,1,1,1,1,0.322632423756019,0.311501597444089,0.324324324324324,1,1,0.673107890499195,0.320388349514563,1,0.312903225806452,0.290375203915171,1,1,0.998389694041868,1,1,0.327302631578947,1,1,0.104304635761589,0.338141025641026,0.481361426256078,0.310457516339869,0.672185430463576,0.317741935483871,1,0.312709030100334,0.323920265780731,0.248025276461295,0.32520325203252,1,0.327503974562798,1,1,1,0.303571428571429,0.325842696629214,0.998373983739837,0.923857868020305,0.0653266331658292,1,0.313114754098361,0.31953642384106,0.305743243243243,1,0.327447833065811,0.474714518760196,0.321486268174475,0.309090909090909,0.31864406779661,0.309090909090909,1,0.322259136212625,1,1,0,1,0.316053511705686,1,1,1,0.324013157894737,1,0.303333333333333,1,0.84329563812601,1,1,1,0.311793214862682,1,1,0.307941653160454,0.3125,1,1,0.310855263157895,0.180064308681672,1,0.998381877022654,1,0,0.315525876460768,1,0.301794453507341,0.237785016286645,1,0.675282714054927,0.430645161290323,1,1,0.678740157480315,0.707037643207856,0.343137254901961,1,0.321252059308072,1,1,0.327302631578947,1,0.998355263157895,0.00996677740863787,0.326229508196721,1,1,0.312913907284768,1,1,0.304918032786885,0.320261437908497,1,1,1,0.541935483870968,0.301282051282051,0.335570469798658,0.318037974683544,0.329470198675497,0.69,0.329073482428115,0.321311475409836,0.319422150882825,0.237232289950577,0.311148086522463,1,0.313195548489666,0.998338870431894,0.309178743961353,0.0893416927899686,0.0541871921182266,1,1,0.0422764227642276,1,0.6784,0.0432,0.0114192495921697,1,0.681592039800995,1,1,0.538087520259319,1,0,0.0779436152570481,1,1,1,0.32258064516129,0.655172413793103,0.696095076400679,0.993485342019544,1,0.985413290113452,0.293245469522241,0.333868378812199,1,0.295798319327731,1,0.368078175895765,0.104651162790698,0.301458670988655,0.319554848966614,0.330998248686515,1,0.0779014308426073,1,1,1,0.253634894991922,0.318333333333333,1,0.313725490196078,1,1,0.311475409836066,1,0.322274881516588,1,0.309602649006623,0.320512820512821,1,0.673170731707317,0.311708860759494,1,0.308333333333333,0.76260162601626,0.317817014446228,0.15609756097561,0.3216,0.773246329526917,0.308600337268128,1,0.323529411764706,0.338187702265372,0.29126213592233,1,1,1,0.971235194585448,0.33446519524618,1,0.323873121869783,1,0.313131313131313,0.322169059011164,1,1,1,0.913621262458472,1,0.310015898251192,0.316129032258064,1,1,0.0511551155115512,0.0844155844155844,1,1,0.303482587064677,1,1,0.319604612850082,1,1,0.686274509803922,0.532051282051282,1,0,1,1,0.10223642172524,0.326732673267327,1,0.319327731092437,0.998366013071895,0.966777408637874,0.998357963875205,0.837096774193548,1,0.32998324958124,1,1,1,0,0.306228373702422,1,1,0.674418604651163,1,0.316720257234727,0.352272727272727,0.321951219512195,1,1,1,0.0920840064620355,0.321252059308072,0.0912106135986733,0.998349834983498,0.308064516129032,0.303858520900322,0.3504,0,1,0.954619124797407,1,1,0.323920265780731,0.303174603174603,0.152317880794702,0.040133779264214,0.321192052980132,0.305057096247961,0.315705128205128,0.00165016501650165,0.311986863711002,1,0,0.316639741518578,1,1,1,0.309677419354839,0.315024232633279,0.0358974358974359,1,0.313432835820896,0.306946688206785,1,1,0.315614617940199,0.697916666666667,1,1,0.694214876033058,1,0.302884615384615,1,0.325242718446602,0.533011272141707,0.677165354330709,0.400641025641026,1,0.301435406698565,0.317512274959083,0.686274509803922,0.670947030497592,1,0.326332794830372,1,0.327044025157233,1,0.315875613747954,0.312811980033278,0.345454545454545,0.516908212560386,0.322259136212625,0.316225165562914,0.663934426229508,0.313001605136437,0.154639175257732,1,0,1,0.291245791245791,1,0,0.320661157024793,0.316666666666667,1,0.0598425196850394,1,0.0882352941176471,0.350245499181669,1,0.0658105939004815,0.676666666666667,1,1,1,0.303448275862069,0.0401929260450161,1,0.413114754098361,0.095,0.348101265822785,0.322475570032573,0.322222222222222,1,1,1,1,1,0.0717703349282297,0.995153473344103,0.691558441558442,0.0046875,0.320450885668277,1,1,1,1,0.087378640776699,0.308562197092084,1,1,1,1,1,1,0.482982171799028,0.00165837479270315,1,0.0874403815580286,0.316993464052288,0.431372549019608,1,0.383050847457627,0.297945205479452,0.31023102310231,1,0.0407830342577488,0.325806451612903,1,1,0.373310810810811,0.309294871794872,0.316912972085386,0.312186978297162,0.99836867862969,0.324104234527687,0.314102564102564,0.409756097560976,0.311986863711002,0.970731707317073,0.306581059390048,0.080672268907563,0.309446254071661,0,1,0.0913621262458472,0.316309719934102,0.321951219512195,0.323481116584565,1,1,1,1,1,1,0.328257191201354,1,0.316309719934102,0.315789473684211,0.605177993527508,0.68013468013468,1,1,0,0.3184,0.11437908496732,0.998420221169036,0.0372771474878444,1,1,0.311036789297659,1,1,0.621487603305785,0.407960199004975,0.9953125,0.0838815789473684,0.0991735537190083,1,1,1,0.0904684975767367,0,0.311897106109325,0.415309446254072,0.312297734627832,0,0.316831683168317,0.0892255892255892,1,1,0.32,0.314102564102564,0.231907894736842,0.333333333333333,0.317891373801917,0.322899505766063,1,1,0.327242524916944,1,0,1,0.213464696223317,1,0.680781758957655,1,0.311881188118812,0.301482701812191,0.0756843800322061,0.674267100977199,1,1,0.795379537953795,0.896434634974533,0.315359477124183,0.318257956448911,1,0.319870759289176,0.24297520661157,0.319604612850082,1,0.0980392156862745,1,1,0.318032786885246,0.684210526315789,0.304918032786885,1,1,0.306818181818182,0.310344827586207,0.314102564102564,0.857615894039735,0.315270935960591,1,0.0580645161290323,1,1,0.700331125827815,0.652173913043478,0.323873121869783,0.0572831423895254,0.319148936170213,1,1,0.312091503267974,0.328455284552846,0.621187800963082,1,0.311183144246353,0.37220447284345,0.308186195826645,0.984126984126984,0.464696223316913,0.00492610837438424,0.3,0.327014218009479,0.329470198675497,0.32,0.321656050955414,0.969404186795491,1,0.315960912052117,0.548986486486487,0.694214876033058,0.225649350649351,0.683050847457627,1,0.326797385620915,0.00329489291598023,0.321252059308072,0.310679611650485,0.366559485530547,0.312703583061889,0,0.334415584415584,0.313953488372093,0.320598006644518,0.314424635332253
"741",0.618506493506494,0.623809523809524,0.636070853462158,0.628246753246753,0.61198738170347,0.621621621621622,0.314238952536825,0.632075471698113,0.636220472440945,0.467094703049759,0.634920634920635,0.433544303797468,0.474193548387097,0.629032258064516,0.692939244663383,0.681458003169572,0.44251968503937,0.316393442622951,0.630818619582664,0.627172195892575,0.673534072900158,0.687702265372168,0.63452566096423,0.537007874015748,0.639370078740157,0.687598116169545,0.691680261011419,0.648514851485149,0.637636080870918,0.502415458937198,0.698412698412698,0.492913385826772,0.615141955835962,0.690208667736758,0.363779527559055,0.615257048092869,0.463223787167449,0.607751937984496,0.67981072555205,0.620094191522763,0.321144674085851,0.297339593114241,0.322429906542056,0.62258064516129,0.612179487179487,0.692682926829268,0.679549114331723,0.684952978056426,0.69375,0.699059561128527,0.376582278481013,0.620521172638437,0.697305863708399,0.638977635782748,0.626984126984127,0.512,0.450320512820513,0.624203821656051,0.636080870917574,0.635071090047393,0.684627575277338,0.692063492063492,0.698083067092652,0.31911532385466,0.630541871921182,0.632492113564669,0.422647527910686,0.616883116883117,0.443251533742331,0.676970633693972,0.616588419405321,0.693163751987281,0.68976897689769,0.591572123176661,0.478806907378336,0.623839009287926,0.685358255451713,0.676470588235294,0.619496855345912,0.680395387149918,0.475409836065574,0.695161290322581,0.698587127158556,0.631083202511774,0.688783570300158,0.626543209876543,0.624600638977636,0.63265306122449,0.6192,0.305246422893482,0.631832797427653,0.630602782071097,0.387045813586098,0.484126984126984,0.618357487922705,0.438184663536776,0.367088607594937,0.610410094637224,0.460526315789474,0.31629392971246,0.623028391167192,0.438003220611916,0.696343402225755,0.62847790507365,0.676375404530744,0.629449838187702,0.316957210776545,0.64171974522293,0.687301587301587,0.685805422647528,0.667716535433071,0.619651347068146,0.685214626391097,0.616719242902208,0.537984496124031,0.622083981337481,0.682108626198083,0.648264984227129,0.679566563467492,0.691338582677165,0.538095238095238,0.610932475884244,0.688751926040062,0.684975767366721,0.630914826498423,0.694888178913738,0.632218844984802,0.627725856697819,0.662939297124601,0.923076923076923,0.617124394184168,0.698083067092652,0.640322580645161,0.417054263565891,0.633663366336634,0.679245283018868,0.327503974562798,0.706539074960128,0.54066985645933,0.820846905537459,0.472353870458136,0.48792270531401,0.615262321144674,0.632686084142395,0.694006309148265,0.627980922098569,0.681318681318681,0.624801271860095,0.477308294209703,0.642414860681115,0.693944353518822,0.618589743589744,0.6368,0.638888888888889,0.635332252836305,0.678972712680578,0.614896988906498,0.675762439807384,0.62992125984252,0.634796238244514,0.688291139240506,0.631172839506173,0.6890625,0.477198697068404,0.621533442088091,0.677049180327869,0.639109697933227,0.630914826498423,0.648177496038035,0.673501577287066,0.640253565768621,0.689102564102564,0.626602564102564,0.666666666666667,0.615131578947368,0.68,0.440124416796268,0.611727416798732,0.360790774299835,0.609195402298851,0.630990415335463,0.6896,0.616747181964573,0.626391096979332,0.628346456692913,0.635499207606973,0.698412698412698,0.690966719492868,0.632520325203252,0.636510500807754,0.690625,0.692182410423453,0.62402496099844,0.562300319488818,0.338983050847458,0.372827804107425,0.680445151033386,0.313572542901716,0.618670886075949,0.692063492063492,0.642394822006472,0.615987460815047,0.624801271860095,0.699530516431925,0.705790297339593,0.689210950080515,0.631172839506173,0.629324546952224,0.615384615384615,0.384863123993559,0.619496855345912,0.680194805194805,0.600953895071542,0.689710610932476,0.680445151033386,0.752396166134185,0.624801271860095,0.623824451410658,0.630331753554502,0.627575277337559,0.62200956937799,0.417721518987342,0.684210526315789,0.691082802547771,0.624223602484472,0.321428571428571,0.630434782608696,0.623655913978495,0.638801261829653,0.615987460815047,0.618441971383148,0.620583717357911,0.390822784810127,0.665094339622642,0.629984051036683,0.676328502415459,0.628617363344051,0.670382165605096,0.620689655172414,0.609872611464968,0.624405705229794,0.622977346278317,0.627642276422764,0.669902912621359,0.637931034482759,0.473101265822785,0.683962264150943,0.689873417721519,0.687397708674304,0.680577849117175,0.695374800637959,0.791599353796446,0.688888888888889,0.68025078369906,0.677115987460815,0.646058732612056,0.685534591194969,0.626644736842105,0.31104199066874,0.680445151033386,0.655332302936631,0.7008,0.628205128205128,0.620967741935484,0.622186495176849,0.623604465709729,0.694753577106518,0.634615384615385,0.681458003169572,0.686728395061728,0.677316293929712,0.692675159235669,0.306349206349206,0.613162118780096,0.696062992125984,0.688206785137318,0.62843295638126,0.677993527508091,0.633540372670807,0.681818181818182,0.692185007974482,0.6128,0.625407166123778,0.616954474097331,0.4832,0.635332252836305,0.313880126182965,0.460949464012251,0.676282051282051,0.63265306122449,0.630225080385852,0.471608832807571,0.683544303797468,0.690163934426229,0.631663974151858,0.634493670886076,0.678627145085803,0.400316455696203,0.393790849673203,0.621187800963082,0.628289473684211,0.699376947040498,0.63015873015873,0.622119815668203,0.687106918238994,0.626984126984127,0.62754303599374,0.684952978056426,0.622977346278317,0.628205128205128,0.624803767660911,0.625990491283677,0.694136291600634,0.693374422187982,0.708196721311475,0.619047619047619,0.641233766233766,0.312401883830455,0.677993527508091,0.638126009693053,0.695924764890282,0.682692307692308,0.628346456692913,0.627329192546584,0.607476635514019,0.625199362041467,0.62779552715655,0.7008,0.61525974025974,0.6336,0.4768,0.693270735524257,0.858536585365854,0.689542483660131,0.288431061806656,0.684375,0.636923076923077,0.684952978056426,0.697933227344992,0.630094043887147,0.692546583850932,0.630470016207455,0.707165109034268,0.626794258373206,0.615015974440895,0.617088607594937,0.6848,0.700626959247649,0.627943485086342,0.549019607843137,0.436893203883495,0.625,0.68088467614534,0.686786296900489,0.684975767366721,0.630470016207455,0.691358024691358,0.518282988871224,0.695102685624013,0.679425837320574,0.688013136288998,0.684294871794872,0.6265625,0.692307692307692,0.619047619047619,0.64297253634895,0.373015873015873,0.619741100323625,0.684975767366721,0.635514018691589,0.618441971383148,0.615508885298869,0.695859872611465,0.613104524180967,0.669381107491857,0.62962962962963,0.482758620689655,0.644904458598726,0.63961038961039,0.614420062695925,0.700636942675159,0.623987034035656,0.616613418530351,0.688188976377953,0.686119873817035,0.630645161290323,0.626391096979332,0.690938511326861,0.553291536050157,0.621533442088091,0.640575079872205,0.621621621621622,0.377567140600316,0.6928,0.591572123176661,0.682965299684543,0.613782051282051,0.634460547504026,0.29874213836478,0.549141965678627,0.616747181964573,0.623604465709729,0.327217125382263,0.347619047619048,0.675118858954041,0.626984126984127,0.684126984126984,0.612540192926045,0.61576354679803,0.698234349919743,0.63125,0.623622047244095,0.382636655948553,0.682389937106918,0.634920634920635,0.619718309859155,0.69551282051282,0.635093167701863,0.612377850162866,0.682692307692308,0.61875,0.612277867528271,0.618524332810047,0.638095238095238,0.496050552922591,0.686520376175549,0.725649350649351,0.688922610015175,0.7046875,0.324281150159744,0.680817610062893,0.682847896440129,0.69701726844584,0.60828025477707,0.685575364667747,0.621283255086072,0.68895800933126,0.6368,0.678683385579937,0.467692307692308,0.420221169036335,0.626771653543307,0.623622047244095,0.420634920634921,0.627868852459016,0.321711568938193,0.410742496050553,0.399038461538462,0.614173228346457,0.317460317460317,0.626602564102564,0.617088607594937,0.92332268370607,0.637958532695375,0.374021909233177,0.453225806451613,0.624,0.628930817610063,0.625,0.681818181818182,0.338905775075988,0.295379537953795,0.638801261829653,0.620253164556962,0.576138147566719,0.700949367088608,0.642172523961661,0.630573248407643,0.668276972624799,0.622611464968153,0.624600638977636,0.474193548387097,0.686427457098284,0.689708141321045,0.683587140439932,0.630672926447574,0.464342313787639,0.646058732612056,0.616144975288303,0.6144,0.627329192546584,0.680194805194805,0.630818619582664,0.690938511326861,0.625,0.626016260162602,0.669278996865204,0.618270799347471,0.705426356589147,0.642405063291139,0.698717948717949,0.693053311793215,0.628751974723539,0.313880126182965,0.680428134556575,0.630744849445325,0.683523654159869,0.54675118858954,0.697063369397218,0.537974683544304,0.686728395061728,0.511290322580645,0.696078431372549,0.642857142857143,0.699680511182109,0.691573926868045,0.691943127962085,0.63301282051282,0.627450980392157,0.63849765258216,0.583061889250814,0.635772357723577,0.618441971383148,0.674342105263158,0.619741100323625,0.697171381031614,0.6890625,0.632075471698113,0.6304,0.605678233438486,0.539074960127592,0.627329192546584,0.690292758089368,0.701095461658842,0.632970451010886,0.632,0.42671009771987,0.451355661881978,0.622641509433962,0.609046849757674,0.683279742765273,0.627388535031847,0.63020030816641,0.689984101748808,0.625204582651391,0.612698412698413,0.310725552050473,0.472613458528951,0.6288,0.371517027863777,0.634615384615385,0.638932496075353,0.479876160990712,0.689274447949527,0.607142857142857,0.679032258064516,0.616242038216561,0.58974358974359,0.6352,0.46875,0.637239165329053,0.696574225122349,0.624610591900312,0.633440514469453,0.637380191693291,0.377329192546584,0.683250414593698,0.623164763458401,0.617554858934169,0.306836248012719,0.625,0.688498402555911,0.625592417061611,0.695102685624013,0.628571428571429,0.630914826498423,0.624390243902439,0.463790446841294,0.682615629984051,0.46481178396072,0.624600638977636,0.699842022116904,0.690625,0.651419558359621,0.371428571428571,0.63751987281399,0.573926868044515,0.617924528301887,0.63301282051282,0.690938511326861,0.678071539657854,0.534510433386838,0.415730337078652,0.702060221870048,0.678233438485804,0.690851735015773,0.382258064516129,0.685534591194969,0.630094043887147,0.376190476190476,0.685847589424572,0.618066561014263,0.628980891719745,0.628019323671498,0.6921875,0.702660406885759,0.419568822553897,0.626198083067093,0.709728867623604,0.699212598425197,0.625796178343949,0.625990491283677,0.696682464454976,0.323383084577114,0.611021069692058,0.62200956937799,0.325878594249201,0.625978090766823,0.695852534562212,0.63915857605178,0.6944,0.481308411214953,0.316358024691358,0.80030959752322,0.644757433489828,0.675507020280811,0.694888178913738,0.305511811023622,0.30568356374808,0.612954186413902,0.687096774193548,0.619902120717781,0.693251533742331,0.621138211382114,0.684210526315789,0.692182410423453,0.644444444444444,0.877934272300469,0.696920583468395,0.675806451612903,0.32120253164557,0.692546583850932,0.518581081081081,0.628617363344051,0.373228346456693,0.634069400630915,0.674157303370786,0.615629984051037,0.383280757097792,0.707472178060413,0.690163934426229,0.621578099838969,0.4375,0.636507936507936,0.467845659163987,0.644480519480519,0.626794258373206,0.440570522979398,0.336463223787167,0.614035087719298,0.624405705229794,0.626794258373206,0.686868686868687,0.415241057542768,0.614678899082569,0.569377990430622,0.471153846153846,0.652037617554859,0.690851735015773,0.694099378881988,0.630331753554502,0.610749185667752,0.619124797406807,0.617693522906793,0.616954474097331,0.440993788819876,0.628482972136223,0.315286624203822,0.377845220030349,0.697347893915757,0.630990415335463,0.647727272727273,0.618032786885246,0.623824451410658,0.467614533965245,0.687306501547988,0.624213836477987,0.631493506493506,0.638474295190713,0.64171974522293,0.624203821656051,0.635350318471338,0.523148148148148,0.40194489465154,0.6120826709062,0.461904761904762,0.690851735015773,0.582539682539683,0.634615384615385,0.625201938610662,0.70327868852459,0.679936305732484,0.625990491283677,0.416932907348243,0.689274447949527,0.613207547169811,0.625806451612903,0.644122383252818,0.681747269890796,0.691455696202532,0.697899838449112,0.61648177496038,0.707516339869281,0.691943127962085,0.7904,0.693290734824281,0.594294770206022,0.68944099378882,0.464696223316913,0.695583596214511,0.37245696400626,0.624398073836276,0.462783171521036,0.6768,0.693418940609952,0.688,0.626771653543307,0.625978090766823,0.635313531353135,0.622848200312989,0.626427406199021,0.630114566284779,0.668284789644013,0.640625,0.70364500792393,0.684931506849315,0.895148669796557,0.304065040650407,0.629337539432177,0.616822429906542,0.375193798449612,0.686728395061728,0.503174603174603,0.622464898595944,0.414012738853503,0.628164556962025,0.622549019607843,0.682769726247987,0.625806451612903,0.621487603305785,1,0.792144026186579,0.633888048411498,0.462783171521036,0.461663947797716,0.629337539432177,0.621359223300971,0.615873015873016,0.466034755134281,0.375389408099688,0.677570093457944,0.557324840764331,0.690851735015773,0.377151799687011,0.693181818181818,0.4544,0.618296529968454,0.63884430176565,0.706521739130435,0.683307332293292,0.615506329113924,0.688102893890675,0.691338582677165,0.689274447949527,0.6352,0.634615384615385,0.691813804173355,0.632530120481928,0.3888,0.630744849445325,0.588709677419355,0.633279483037157,0.30188679245283,0.615987460815047,0.670436187399031,0.67699836867863,0.453396524486572,0.322834645669291,0.631911532385466,0.614767255216693,0.413629160063391,0.726094003241491,0.680645161290323,0.690671031096563,0.625796178343949,0.674718196457327,0.620031796502385,0.693181818181818,0.64451313755796,0.486443381180223,0.629807692307692,0.634304207119741,0.687010954616588,0.303079416531605,0.676328502415459,0.621533442088091,0.6224,0.674641148325359,0.685214626391097,0.682888540031397,0.732899022801303,0.679214402618658,0.62200956937799,0.431746031746032,0.625,0.618506493506494,0.325,0.368421052631579,0.680851063829787,0.435257410296412,0.671339563862928,0.634185303514377,0.625,0.683464566929134,0.687400318979266,0.478740157480315,0.629860031104199,0.679186228482003,0.743788819875776,0.682108626198083,0.6421875,0.518638573743922,0.37245696400626,0.684126984126984,0.688087774294671,0.700159489633174,0.696141479099678,0.693846153846154,0.603448275862069,0.626984126984127,0.682965299684543,0.426256077795786,0.31219512195122,0.611374407582938,0.32396694214876,0.621019108280255,0.682692307692308,0.38351822503962,0.674015748031496,0.680817610062893,0.756329113924051,0.681229773462783,0.377742946708464,0.687697160883281,0.700325732899023,0.681159420289855,0.68312101910828
"742",0.393092105263158,0.410828025477707,0.413183279742765,0.430693069306931,0.397727272727273,0.403940886699507,0.0998363338788871,0.416666666666667,0.405103668261563,0.656040268456376,0.412903225806452,0.6368,0.435139573070608,0.423452768729642,0.916129032258065,0.909090909090909,0.649038461538462,0.0907563025210084,0.4185667752443,0.402298850574713,0.898858075040783,0.909238249594814,0.42443729903537,0.594249201277955,0.419303797468354,0.906602254428341,0.913114754098361,0.429738562091503,0.419968304278922,0.484702093397746,0.911575562700965,0.506369426751592,0.414556962025316,0.904376012965964,0.584935897435897,0.416382252559727,0.229132569558101,0.4192,0.907086614173228,0.405750798722045,0.0935483870967742,0.0873015873015873,0.0956937799043062,0.431147540983607,0.417491749174917,0.90359477124183,0.902640264026403,0.911433172302738,0.912420382165605,0.907051282051282,0.588045234248788,0.425986842105263,0.907790143084261,0.411575562700965,0.408427876823339,0.725490196078431,0.214402618657938,0.420967741935484,0.42258064516129,0.416938110749186,0.901116427432217,0.906752411575563,0.915141430948419,0.101941747572816,0.417910447761194,0.426494345718901,0.643548387096774,0.423701298701299,0.646781789638933,0.907378335949764,0.4048,0.911433172302738,0.903333333333333,0.367892976588629,0.246732026143791,0.425396825396825,0.914556962025316,0.905448717948718,0.414556962025316,0.903654485049834,0.678868552412646,0.909531502423263,0.913961038961039,0.423137876386688,0.905537459283388,0.4109375,0.405186385737439,0.4208,0.411764705882353,0.0930979133226324,0.414634146341463,0.41259842519685,0.585326953748006,0.681528662420382,0.407224958949097,0.639553429027113,0.581847649918963,0.406050955414013,0.213689482470785,0.0940032414910859,0.413290113452188,0.629084967320261,0.915447154471545,0.41887417218543,0.908196721311475,0.424342105263158,0.0933544303797468,0.427876823338736,0.900813008130081,0.906300484652666,0.902711323763955,0.414012738853503,0.902555910543131,0.425806451612903,0.291993720565149,0.419968304278922,0.905660377358491,0.464630225080386,0.910518053375196,0.907766990291262,0.297560975609756,0.409017713365539,0.911290322580645,0.905073649754501,0.422893481717011,0.905448717948718,0.417701863354037,0.411023622047244,0.46839546191248,0.87758346581876,0.409698996655518,0.905996758508914,0.420967741935484,0.627575277337559,0.416252072968491,0.905901116427432,0.0966183574879227,0.912479740680713,0.345047923322684,0.974916387959866,0.666121112929624,0.686567164179104,0.40829346092504,0.423645320197044,0.910714285714286,0.405891980360065,0.911392405063291,0.408427876823339,0.42215088282504,0.427432216905901,0.917218543046358,0.401913875598086,0.413398692810457,0.426229508196721,0.418300653594771,0.909235668789809,0.413114754098361,0.903814262023217,0.54066985645933,0.417721518987342,0.912,0.418940609951846,0.905844155844156,0.663414634146341,0.400662251655629,0.900651465798046,0.426229508196721,0.415335463258786,0.433870967741936,0.891547049441786,0.426256077795786,0.912828947368421,0.419512195121951,0.894480519480519,0.419463087248322,0.906862745098039,0.640322580645161,0.391096979332273,0.129194630872483,0.389438943894389,0.420545746388443,0.912828947368421,0.395833333333333,0.419773095623987,0.4192,0.422222222222222,0.911620294599018,0.902711323763955,0.437603993344426,0.416531604538088,0.906200317965024,0.910743801652893,0.41025641025641,0.338118022328549,0.118461538461538,0.588330632090762,0.912621359223301,0.105431309904153,0.413461538461538,0.905296950240771,0.4281098546042,0.4032,0.396774193548387,0.912621359223301,0.909667194928685,0.913764510779436,0.427672955974843,0.420608108108108,0.409677419354839,0.592775041050903,0.395081967213115,0.914191419141914,0.390243902439024,0.913961038961039,0.902555910543131,0.53160453808752,0.416393442622951,0.4192,0.424143556280587,0.409756097560976,0.411475409836066,0.62258064516129,0.897893030794165,0.904088050314465,0.4144,0.0976377952755905,0.434294871794872,0.419303797468354,0.425324675324675,0.407936507936508,0.398387096774194,0.424528301886792,0.612954186413902,0.469096671949287,0.409677419354839,0.906862745098039,0.412052117263844,0.905901116427432,0.399053627760252,0.403654485049834,0.405271828665568,0.428571428571429,0.412541254125413,0.905228758169935,0.421393841166937,0.710264900662252,0.901771336553945,0.904306220095694,0.907166123778502,0.902960526315789,0.903973509933775,0.988429752066116,0.901929260450161,0.901408450704225,0.898360655737705,0.41838351822504,0.9064039408867,0.424749163879599,0.0867507886435331,0.90224358974359,0.483359746434231,0.909390444810544,0.420098846787479,0.416528925619835,0.418831168831169,0.515548281505728,0.917741935483871,0.409888357256778,0.906976744186046,0.910969793322735,0.905844155844156,0.913738019169329,0.0998363338788871,0.41025641025641,0.912559618441971,0.9064039408867,0.421725239616613,0.917785234899329,0.429487179487179,0.901587301587302,0.911475409836066,0.411092985318108,0.419407894736842,0.401913875598086,0.234726688102894,0.438110749185668,0.0922330097087379,0.663026521060842,0.907766990291262,0.4144,0.417618270799347,0.663446054750403,0.904458598726115,0.907467532467532,0.42237061769616,0.428571428571429,0.902086677367576,0.608766233766234,0.601328903654485,0.414075286415712,0.419834710743802,0.902668759811617,0.422764227642276,0.41131498470948,0.917065390749601,0.409756097560976,0.406752411575563,0.904220779220779,0.401639344262295,0.41871921182266,0.410828025477707,0.421474358974359,0.909967845659164,0.908517350157729,0.91900826446281,0.407590759075908,0.42833607907743,0.0942492012779553,0.900161030595813,0.422764227642276,0.910543130990415,0.905448717948718,0.407936507936508,0.414944356120827,0.394904458598726,0.415309446254072,0.409235668789809,0.898550724637681,0.397689768976898,0.414634146341463,0.66006600660066,0.911147011308562,0.934640522875817,0.912685337726524,0.0970873786407767,0.907496012759171,0.424336973478939,0.918032786885246,0.914516129032258,0.512779552715655,0.907232704402516,0.415986949429038,0.911532385466035,0.410130718954248,0.400974025974026,0.411290322580645,0.91304347826087,0.919175911251981,0.414910858995138,0.362876254180602,0.634266886326194,0.40064620355412,0.903536977491961,0.906862745098039,0.913398692810457,0.397708674304419,0.906645569620253,0.303370786516854,0.904065040650406,0.906451612903226,0.912013536379019,0.911290322580645,0.418641390205371,0.900326797385621,0.40672268907563,0.427876823338736,0.579288025889968,0.399339933993399,0.908943089430894,0.42902711323764,0.413738019169329,0.412337662337662,0.91404958677686,0.404423380726698,0.906148867313916,0.411764705882353,0.409309791332263,0.426282051282051,0.417637271214642,0.405405405405405,0.905144694533762,0.413008130081301,0.405537459283388,0.909688013136289,0.904065040650406,0.414910858995138,0.40655737704918,0.9088,0.565495207667732,0.426666666666667,0.42741935483871,0.42443729903537,0.576104746317512,0.912605042016807,0.383973288814691,0.89983844911147,0.508196721311475,0.415711947626841,0.0898876404494382,0.791469194312796,0.411764705882353,0.420382165605096,0.0965732087227414,0.13128038897893,0.883986928104575,0.410048622366288,0.909390444810544,0.416260162601626,0.409539473684211,0.911717495987159,0.421303656597774,0.425566343042071,0.592833876221498,0.911330049261084,0.428805237315876,0.423701298701299,0.909385113268608,0.409235668789809,0.40625,0.90228013029316,0.434640522875817,0.412828947368421,0.413570274636511,0.423701298701299,0.714983713355049,0.912762520193861,0.925373134328358,0.907668231611894,0.917874396135266,0.0950819672131148,0.901430842607313,0.8912,0.912974683544304,0.522801302931596,0.904605263157895,0.415213946117274,0.901898734177215,0.435139573070608,0.907496012759171,0.669266770670827,0.640127388535032,0.414826498422713,0.4181240063593,0.619582664526485,0.411371237458194,0.0888888888888889,0.626602564102564,0.610114192495922,0.416932907348243,0.086677367576244,0.411669367909238,0.395161290322581,0.87987012987013,0.418940609951846,0.598694942903752,0.657331136738056,0.416393442622951,0.41786283891547,0.408427876823339,0.905228758169935,0.12326656394453,0.0830564784053156,0.425632911392405,0.415986949429038,0.380875202593193,0.907348242811502,0.429497568881686,0.420711974110032,0.902120717781403,0.406940063091483,0.854368932038835,0.657937806873977,0.909090909090909,0.920255183413078,0.909090909090909,0.420382165605096,0.667726550079491,0.424290220820189,0.402684563758389,0.416666666666667,0.516077170418006,0.908794788273616,0.425986842105263,0.917207792207792,0.42200328407225,0.424749163879599,0.910685805422648,0.423841059602649,0.914463452566096,0.420361247947455,0.908507223113965,0.909967845659164,0.4185667752443,0.0891410048622366,0.913522012578616,0.418679549114332,0.914614121510673,0.511326860841424,0.905660377358491,0.608832807570978,0.909090909090909,0.48792270531401,0.904448105436573,0.433554817275748,0.908653846153846,0.91283676703645,0.91304347826087,0.412520064205457,0.419834710743802,0.417445482866044,0.381512605042017,0.430272108843537,0.413078149920255,0.900662251655629,0.418679549114332,0.916943521594684,0.911575562700965,0.424878836833603,0.413907284768212,0.406940063091483,0.325242718446602,0.422893481717011,0.911811023622047,0.919224555735057,0.415481832543444,0.420454545454545,0.637561779242175,0.649754500818331,0.408866995073892,0.420792079207921,0.90311986863711,0.410801963993453,0.412322274881517,0.910130718954248,0.416526138279933,0.413398692810457,0.094551282051282,0.229793977812995,0.4064,0.583850931677019,0.416398713826367,0.429487179487179,0.695721077654517,0.913461538461538,0.409836065573771,0.907742998352554,0.410828025477707,0.384868421052632,0.420289855072464,0.391304347826087,0.415711947626841,0.918739635157546,0.413848631239936,0.410299003322259,0.424143556280587,0.603149606299213,0.911222780569514,0.419141914191419,0.41786283891547,0.0872374798061389,0.413629160063391,0.908212560386473,0.869774919614148,0.909385113268608,0.418269230769231,0.418495297805643,0.416393442622951,0.665056360708535,0.898671096345515,0.650662251655629,0.409240924092409,0.910828025477707,0.9136,0.880763116057234,0.579119086460033,0.419871794871795,0.374800637958533,0.416932907348243,0.41335453100159,0.909090909090909,0.904912836767036,0.604838709677419,0.625204582651391,0.912762520193861,0.901294498381877,0.899053627760252,0.597701149425287,0.916264090177134,0.416666666666667,0.581583198707593,0.908945686900958,0.424193548387097,0.418416801292407,0.41042345276873,0.909531502423263,0.915094339622642,0.628289473684211,0.419457735247209,0.914614121510673,0.909235668789809,0.433441558441558,0.4096,0.910543130990415,0.0875420875420875,0.401960784313726,0.419512195121951,0.0956239870340357,0.406050955414013,0.909822866344606,0.419407894736842,0.911620294599018,0.234548335974643,0.0899053627760252,0.996840442338073,0.423076923076923,0.902362204724409,0.91304347826087,0.0758064516129032,0.097444089456869,0.419512195121951,0.914790996784566,0.413907284768212,0.912698412698413,0.4,0.9,0.909390444810544,0.877887788778878,0.878594249201278,0.90547263681592,0.900813008130081,0.0946166394779772,0.90521327014218,0.620338983050847,0.415584415584416,0.587677725118483,0.425324675324675,0.9064039408867,0.411954765751212,0.591205211726384,0.908196721311475,0.910858995137763,0.40432612312812,0.635093167701863,0.43312101910828,0.6645056726094,0.883606557377049,0.423452768729642,0.634920634920635,0.109477124183007,0.40228013029316,0.41042345276873,0.417741935483871,0.910016977928693,0.623028391167192,0.396196513470681,0.810679611650485,0.67603305785124,0.873617693522907,0.907166123778502,0.908082408874802,0.412238325281804,0.415841584158416,0.417218543046358,0.40224358974359,0.409677419354839,0.64696734059098,0.411483253588517,0.0917874396135266,0.586046511627907,0.905144694533762,0.429260450160772,0.407467532467532,0.404605263157895,0.40829346092504,0.680064308681672,0.905511811023622,0.42332268370607,0.436482084690554,0.422628951747088,0.416938110749186,0.413008130081301,0.419934640522876,0.293739967897271,0.610114192495922,0.408794788273616,0.667721518987342,0.910685805422648,0.341384863123994,0.419303797468354,0.83739837398374,0.916387959866221,0.906050955414013,0.421221864951768,0.621533442088091,0.907643312101911,0.407643312101911,0.401960784313726,0.875827814569536,0.909090909090909,0.915064102564103,0.910743801652893,0.407348242811502,0.921182266009852,0.906050955414013,0.990196078431373,0.914927768860353,0.389694041867955,0.910798122065728,0.658374792703151,0.910685805422648,0.575516693163752,0.413680781758958,0.680645161290323,0.908346972176759,0.905448717948718,0.904290429042904,0.424483306836248,0.413522012578616,0.422950819672131,0.4128,0.425,0.427168576104746,0.886513157894737,0.404761904761905,0.913398692810457,0.904923599320883,0.829508196721311,0.0885245901639344,0.419871794871795,0.421221864951768,0.5824,0.905660377358491,0.657051282051282,0.4140625,0.632090761750405,0.409967845659164,0.414075286415712,0.90625,0.414876033057851,0.407960199004975,0.792144026186579,1,0.426380368098159,0.662251655629139,0.657377049180328,0.4256,0.421138211382114,0.399030694668821,0.665584415584416,0.594855305466238,0.910377358490566,0.809836065573771,0.905956112852665,0.573717948717949,0.897226753670473,0.662295081967213,0.401929260450161,0.421926910299003,0.913522012578616,0.903174603174603,0.528089887640449,0.90284757118928,0.9,0.909667194928685,0.414910858995138,0.435126582278481,0.908943089430894,0.410493827160494,0.594155844155844,0.4185667752443,0.552845528455285,0.410214168039539,0.0830670926517572,0.400318979266348,0.909531502423263,0.90625,0.653846153846154,0.0958466453674121,0.434146341463415,0.412151067323481,0.197712418300654,0.514003294892916,0.91042345276873,0.909688013136289,0.410174880763116,0.90224358974359,0.504132231404959,0.906976744186046,0.433070866141732,0.679214402618658,0.413461538461538,0.409240924092409,0.907051282051282,0.0885245901639344,0.90531561461794,0.396638655462185,0.414191419141914,0.9088,0.907915993537964,0.89776357827476,0.544715447154472,0.907742998352554,0.414355628058728,0.637658227848101,0.426731078904992,0.420361247947455,0.0928,0.139384116693679,0.919866444073456,0.639024390243902,0.905296950240771,0.42512077294686,0.417362270450751,0.913256955810147,0.9024,0.2544,0.4048,0.907915993537964,0.960380348652932,0.911392405063291,0.421725239616613,0.292880258899676,0.584935897435897,0.911717495987159,0.903937007874016,0.921182266009852,0.911960132890365,0.906497622820919,0.388443017656501,0.413738019169329,0.92,0.208609271523179,0.0998336106489185,0.528180354267311,0.0875420875420875,0.414910858995138,0.906200317965024,0.590163934426229,0.905750798722045,0.906148867313916,0.969155844155844,0.900497512437811,0.594294770206022,0.90453074433657,0.917898193760263,0.908789386401327,0.912140575079872
"743",0.998484848484849,0.995522388059702,0.997032640949555,0.995412844036697,0.995502248875562,1,0.702909647779479,0.995461422087746,0.995568685376662,0.10641627543036,0.99851411589896,0.051622418879056,0.802710843373494,0.996992481203008,0.322188449848024,0.31044776119403,0.0744047619047619,0.686153846153846,0.996965098634294,0.996992481203008,0.301349325337331,0.318318318318318,0.997050147492625,0.165925925925926,0.995614035087719,0.326470588235294,0.324615384615385,0.996870109546166,0.995594713656388,0.778963414634146,0.318385650224215,0.718518518518519,0.958271236959762,0.321266968325792,0.00300751879699248,0.995275590551181,0.543283582089552,0.995548961424332,0.301169590643275,0.995568685376662,0.660740740740741,0.673621460506706,0.685672514619883,0.996965098634294,0.996946564885496,0.325264750378215,0.317700453857791,0.311499272197962,0.327459618208517,0.327917282127031,0.00298507462686567,0.996978851963746,0.32,0.995529061102832,0.99702823179792,0.493920972644377,0.560975609756098,0.997005988023952,1,0.995502248875562,0.328467153284672,0.322338830584708,0.31866464339909,0.672106824925816,0.995341614906832,0.998516320474777,0.0424242424242424,0.996996996996997,0.0648414985590778,0.327459618208517,0.995555555555556,0.316964285714286,0.330289193302892,0.970903522205207,0.508196721311475,0.995639534883721,0.313696612665685,0.335766423357664,0.995588235294118,0.313935681470138,0.0932721712538226,0.327844311377246,0.332326283987915,0.997076023391813,0.343195266272189,0.997097242380261,0.995433789954338,0.995508982035928,0.996987951807229,0.692421991084695,0.99537750385208,0.995633187772926,0.00448430493273543,0.114583333333333,0.995419847328244,0.053935860058309,0.00301204819277108,0.997067448680352,0.56043956043956,0.669710806697108,0.996978851963746,0.0604229607250755,0.314674735249622,0.996941896024465,0.315151515151515,0.995440729483283,0.672106824925816,0.997014925373134,0.320726172465961,0.321266968325792,0.319587628865979,0.997054491899853,0.326409495548961,0.995495495495496,0.489736070381232,0.995645863570392,0.316265060240964,0.302806499261448,0.32992700729927,0.323216995447648,0.477409638554217,0.995508982035928,0.330871491875923,0.320182094081942,0.99851411589896,0.309838472834068,0.997122302158273,0.998550724637681,0.338830584707646,0.565789473684211,0.996941896024465,0.323529411764706,0.995475113122172,0.0520231213872832,0.995433789954338,0.312590448625181,0.674140508221226,0.330383480825959,0.918674698795181,0.438271604938272,0.109445277361319,0.101978691019787,0.996996996996997,0.996955859969559,0.331352154531946,0.995475113122172,0.329512893982808,0.997014925373134,0.794721407624633,0.997093023255814,0.330757341576507,0.995475113122172,0.995508982035928,0.995440729483283,0.996965098634294,0.336842105263158,0.996987951807229,0.321156773211568,0.26401179941003,0.995601173020528,0.318518518518519,0.995607613469985,0.305514157973174,0.0906344410876133,0.996955859969559,0.313636363636364,0.995502248875562,0.995508982035928,0.995522388059702,0.336749633967789,0.995481927710843,0.332829046898638,0.99554234769688,0.305722891566265,0.996923076923077,0.322289156626506,0.0818452380952381,0.995508982035928,0.626749611197512,0.995426829268293,0.997032640949555,0.317700453857791,0.99554234769688,0.998493975903614,0.995548961424332,0.995529061102832,0.324364723467862,0.313323572474378,0.995384615384615,0.995508982035928,0.320058997050148,0.315467075038285,0.995522388059702,0.451564828614009,0.667146974063401,0.00445765230312036,0.321060382916053,0.670149253731343,0.995535714285714,0.326500732064422,0.995468277945619,0.997071742313324,0.99554234769688,0.326440177252585,0.321060382916053,0.331288343558282,0.995614035087719,0.998444790046656,0.995581737849779,0.00303030303030303,0.998480243161094,0.310502283105023,0.965671641791045,0.33030303030303,0.314842578710645,0.75811209439528,0.996937212863706,0.995548961424332,0.995568685376662,0.99554234769688,0.996941896024465,0.05,0.321752265861027,0.32396449704142,0.995575221238938,0.679525222551929,0.995645863570392,0.99568345323741,0.995495495495496,0.995575221238938,0.995508982035928,0.997105643994211,0.0087719298245614,0.336764705882353,0.99702380952381,0.317220543806647,0.995447647951442,0.303120356612184,0.998522895125554,0.996960486322188,0.996969696969697,0.996969696969697,0.997001499250375,0.328869047619048,0.99702380952381,0.493108728943338,0.325859491778774,0.332842415316642,0.311550151975684,0.322239031770045,0.333834586466165,0.423368740515933,0.329819277108434,0.324404761904762,0.316341829085457,0.995575221238938,0.327380952380952,0.995405819295559,0.678362573099415,0.321321321321321,0.319241982507289,0.339339339339339,0.997037037037037,0.995440729483283,0.997005988023952,0.271212121212121,0.315789473684211,0.995508982035928,0.31866464339909,0.329912023460411,0.316742081447964,0.326951399116348,0.678733031674208,0.996983408748115,0.324561403508772,0.316666666666667,0.996992481203008,0.308868501529052,0.995614035087719,0.318248175182482,0.31570996978852,0.996992481203008,0.995426829268293,0.998509687034277,0.547619047619048,0.996960486322188,0.684684684684685,0.0901162790697674,0.324888226527571,0.995626822157434,0.996969696969697,0.10192023633678,0.322962962962963,0.3267776096823,0.995348837209302,0.996955859969559,0.306122448979592,0.031437125748503,0.0060882800608828,0.996974281391831,0.996946564885496,0.344476744186047,0.994020926756353,0.995664739884393,0.314540059347181,0.997005988023952,0.997050147492625,0.324364723467862,0.995461422087746,0.996969696969697,0.997014925373134,0.997010463378176,0.329835082458771,0.313235294117647,0.329192546583851,0.997032640949555,0.995529061102832,0.670588235294118,0.320839580209895,0.998470948012232,0.321060382916053,0.303892215568862,0.997084548104956,0.995601173020528,0.995601173020528,0.996978851963746,0.99702380952381,0.326378539493294,0.998491704374057,0.99702823179792,0.112291350531108,0.329941860465116,0.506024096385542,0.314674735249622,0.66566265060241,0.323485967503693,0.995658465991317,0.322727272727273,0.341426403641882,0.266369047619048,0.320058997050148,0.996955859969559,0.330409356725146,0.99702380952381,0.995502248875562,0.997037037037037,0.313546423135464,0.325581395348837,0.99406528189911,0.916286149162861,0.0715372907153729,0.995447647951442,0.315946348733234,0.324242424242424,0.315384615384615,0.996941896024465,0.331369661266568,0.474074074074074,0.330357142857143,0.314759036144578,0.319508448540707,0.314112291350531,0.995594713656388,0.325301204819277,0.995334370139969,0.995555555555556,0.0029673590504451,0.996987951807229,0.321752265861027,0.995548961424332,0.997071742313324,0.995440729483283,0.327354260089686,0.997041420118343,0.311728395061728,0.997093023255814,0.827893175074184,0.99702380952381,0.996992481203008,0.997045790251108,0.314159292035398,0.997001499250375,0.995488721804511,0.312965722801788,0.317577548005908,0.997019374068554,0.995508982035928,0.315946348733234,0.196769456681351,0.996889580093313,0.994108983799705,0.995575221238938,0.0029585798816568,0.315629742033384,0.996932515337423,0.311209439528024,0.258751902587519,0.996955859969559,0.675036927621861,0.438700147710487,0.996923076923077,0.995515695067265,0.671408250355619,0.698198198198198,0.356083086053412,0.998498498498498,0.322962962962963,0.996965098634294,0.996913580246914,0.343283582089552,0.995594713656388,0.995535714285714,0.0119047619047619,0.330815709969789,0.996996996996997,0.995468277945619,0.324773413897281,0.997071742313324,0.995334370139969,0.315629742033384,0.349112426035503,0.996951219512195,0.99702380952381,0.995502248875562,0.523880597014925,0.30962962962963,0.350746268656716,0.324087591240876,0.33037037037037,0.687218045112782,0.333827893175074,0.332833583208396,0.322533136966127,0.252252252252252,0.323216995447648,0.995594713656388,0.323054331864905,0.993966817496229,0.324483775811209,0.0898550724637681,0.0545722713864307,0.997058823529412,0.995626822157434,0.0478325859491779,0.996946564885496,0.680882352941176,0.0502958579881657,0.0165413533834586,0.997054491899853,0.6759941089838,0.995562130177515,0.996992481203008,0.564024390243902,0.997063142437592,0.00298953662182362,0.0860215053763441,0.995495495495496,0.995607613469985,0.998502994011976,0.31969696969697,0.643776824034335,0.688650306748466,0.988200589970501,0.99554234769688,0.978978978978979,0.310650887573964,0.343373493975904,0.99702823179792,0.309451219512195,0.997054491899853,0.366071428571429,0.111111111111111,0.312592592592593,0.325513196480938,0.334920634920635,0.997076023391813,0.0865102639296188,0.995620437956204,0.995412844036697,0.997001499250375,0.265095729013255,0.323262839879154,0.997001499250375,0.323216995447648,0.99537037037037,0.995384615384615,0.311572700296736,0.996937212863706,0.328966521106259,0.996996996996997,0.320300751879699,0.323353293413174,0.995548961424332,0.673716012084592,0.320289855072464,0.995548961424332,0.311178247734139,0.746626686656672,0.317180616740088,0.169161676646707,0.324599708879185,0.768181818181818,0.31306990881459,0.995412844036697,0.325408618127786,0.341211225997046,0.302083333333333,0.995515695067265,0.995447647951442,0.995670995670996,0.962441314553991,0.354938271604938,0.995568685376662,0.31969696969697,0.995481927710843,0.319444444444444,0.322720694645441,0.995562130177515,0.995481927710843,0.995607613469985,0.909495548961424,0.995588235294118,0.315634218289086,0.322916666666667,0.995601173020528,0.998487140695915,0.0572289156626506,0.0837138508371385,0.995555555555556,0.996951219512195,0.318731117824773,0.997005988023952,0.995652173913044,0.322289156626506,0.996894409937888,0.995515695067265,0.680597014925373,0.531386861313869,0.996960486322188,0.00434153400868307,0.996951219512195,0.995581737849779,0.106259097525473,0.33034379671151,0.996937212863706,0.327380952380952,0.993993993993994,0.959214501510574,0.99400299850075,0.813333333333333,0.998484848484849,0.329738058551618,0.997058823529412,0.995363214837713,0.997001499250375,0.00440528634361234,0.316436251920123,0.995384615384615,0.99702823179792,0.667664670658683,0.995614035087719,0.326865671641791,0.365781710914454,0.32396449704142,0.997032640949555,0.997005988023952,0.996969696969697,0.101321585903084,0.327743902439024,0.0995405819295559,0.995447647951442,0.319648093841642,0.313696612665685,0.361764705882353,0.00452488687782805,0.995508982035928,0.947839046199702,0.995555555555556,0.99554234769688,0.330289193302892,0.305676855895196,0.169161676646707,0.0452488687782805,0.319054652880355,0.310810810810811,0.330396475770925,0.00455927051671732,0.319940476190476,0.995626822157434,0.0029806259314456,0.322485207100592,0.995508982035928,0.997001499250375,0.997010463378176,0.319587628865979,0.32514450867052,0.0428134556574924,0.997058823529412,0.315396113602392,0.314159292035398,0.99702823179792,0.995548961424332,0.325859491778774,0.685446009389671,0.996955859969559,0.995419847328244,0.689497716894977,0.998529411764706,0.310043668122271,0.995440729483283,0.316816816816817,0.525849335302807,0.664714494875549,0.410480349344978,0.995535714285714,0.306122448979592,0.326378539493294,0.67741935483871,0.656760772659733,0.995529061102832,0.320644216691069,0.996913580246914,0.336719883889695,0.996978851963746,0.324364723467862,0.312874251497006,0.355654761904762,0.539823008849557,0.320121951219512,0.317220543806647,0.661194029850746,0.320474777448071,0.160246533127889,0.995495495495496,0.0043859649122807,0.995568685376662,0.296969696969697,0.996983408748115,0.00298953662182362,0.326347305389222,0.321699544764795,0.996946564885496,0.0622286541244573,0.997058823529412,0.0911854103343465,0.337367624810893,0.996941896024465,0.0773809523809524,0.670164917541229,0.996978851963746,0.997019374068554,0.995562130177515,0.314814814814815,0.0421511627906977,0.995689655172414,0.432592592592593,0.103395061728395,0.357664233576642,0.328402366863905,0.320058997050148,0.997010463378176,0.996951219512195,0.995440729483283,0.997041420118343,0.99702380952381,0.0730994152046784,1,0.682962962962963,0.00851063829787234,0.325301204819277,0.995535714285714,0.996960486322188,0.995461422087746,0.998527245949926,0.0913107511045655,0.319526627218935,0.995581737849779,0.995461422087746,0.99537037037037,0.996965098634294,0.995508982035928,0.998491704374057,0.491304347826087,0.00298953662182362,0.998491704374057,0.0934306569343066,0.321481481481481,0.43620178041543,0.99554234769688,0.398190045248869,0.307210031347962,0.316023738872404,0.995495495495496,0.0457902511078287,0.322058823529412,0.997050147492625,0.997019374068554,0.370597243491577,0.319526627218935,0.312781954887218,0.321156773211568,0.995568685376662,0.332833583208396,0.320058997050148,0.425531914893617,0.322239031770045,0.967647058823529,0.313497822931785,0.0900621118012422,0.333333333333333,0.00445103857566766,0.998507462686567,0.0950920245398773,0.315629742033384,0.321481481481481,0.326251896813354,0.995548961424332,0.995529061102832,0.995384615384615,0.995555555555556,0.995384615384615,0.996960486322188,0.33535660091047,0.995588235294118,0.321699544764795,0.315372424722662,0.623529411764706,0.678843226788432,0.997037037037037,0.995562130177515,0.00447761194029851,0.320644216691069,0.12743628185907,0.994160583941606,0.0424242424242424,0.99702823179792,0.996955859969559,0.31784107946027,0.997010463378176,0.9953125,0.633888048411498,0.426380368098159,1,0.0871559633027523,0.10381679389313,0.998511904761905,0.998500749625187,0.995495495495496,0.0931952662721894,0.00294550810014728,0.320058997050148,0.424698795180723,0.315328467153285,0.00441826215022091,0.328787878787879,0.0923994038748137,0.995515695067265,0.998459167950693,0.323572474377745,0.324444444444444,0.253373313343328,0.339477726574501,0.317365269461078,0.319587628865979,0.995495495495496,0.996992481203008,0.327794561933535,0.997138769670958,0.00293685756240822,0.995502248875562,0.233785822021116,0.997005988023952,0.672619047619048,0.995601173020528,0.316187594553706,0.311077389984825,0.0850439882697947,0.674074074074074,0.997001499250375,0.995529061102832,0.789393939393939,0.890577507598784,0.323170731707317,0.32,0.997054491899853,0.322289156626506,0.266165413533835,0.327188940092166,0.997067448680352,0.107988165680473,0.998511904761905,0.996965098634294,0.314787701317716,0.682588597842835,0.309090909090909,0.996908809891808,0.996955859969559,0.312130177514793,0.307692307692308,0.320588235294118,0.852852852852853,0.317771084337349,0.995481927710843,0.062874251497006,0.995535714285714,0.998463901689708,0.692077727952167,0.645833333333333,0.323899371069182,0.0675675675675676,0.33134328358209,0.995440729483283,0.995419847328244,0.312688821752266,0.337837837837838,0.620384047267356,0.997019374068554,0.312684365781711,0.382137628111274,0.312965722801788,0.982169390787519,0.477203647416413,0.00593471810089021,0.308955223880597,0.32656023222061,0.332317073170732,0.316341829085457,0.317180616740088,0.96602658788774,0.995502248875562,0.316341829085457,0.544891640866873,0.680786686838124,0.247391952309985,0.675425038639876,0.995502248875562,0.329323308270677,0.0060790273556231,0.327893175074184,0.318047337278107,0.372230428360414,0.328290468986384,0.00443131462333826,0.338805970149254,0.3202416918429,0.325227963525836,0.313782991202346
"744",0.0804597701149425,0.078525641025641,0.0759493670886076,0.0721153846153846,0.0768,0.0818619582664527,0.367647058823529,0.0790322580645161,0.0829346092503987,0.990228013029316,0.0760697305863708,0.957413249211357,0.0964630225080386,0.0800627943485086,0.610032362459547,0.624398073836276,0.979495268138801,0.393034825870647,0.0760517799352751,0.0813397129186603,0.628019323671498,0.610932475884244,0.0810810810810811,0.936406995230525,0.0933125972006221,0.594594594594595,0.597063621533442,0.0801335559265442,0.0930599369085174,0.147909967845659,0.6125,0.185126582278481,0.0617088607594937,0.619651347068146,0.931309904153355,0.0909090909090909,0.546474358974359,0.0771653543307087,0.624806201550388,0.0851735015772871,0.410628019323671,0.393026941362916,0.393364928909953,0.0805152979066023,0.0846645367412141,0.597423510466989,0.614634146341463,0.615625,0.611023622047244,0.584,0.915470494417863,0.0740740740740741,0.609642301710731,0.0750798722044728,0.0829346092503987,0.414355628058728,0.512234910277325,0.0789049919484702,0.0870253164556962,0.0806451612903226,0.59047619047619,0.593851132686084,0.599033816425121,0.409090909090909,0.0853858784893268,0.0851735015772871,0.962540716612378,0.0799347471451876,0.984615384615385,0.59717868338558,0.0753532182103611,0.609448818897638,0.584843492586491,0.108943089430894,0.57007874015748,0.0824261275272162,0.610759493670886,0.581730769230769,0.0790697674418605,0.604234527687296,0.990228013029316,0.595161290322581,0.607371794871795,0.089622641509434,0.5824,0.0746500777604977,0.0827922077922078,0.0793650793650794,0.088,0.391653290529695,0.0738916256157636,0.0728682170542636,0.926984126984127,0.988888888888889,0.0700325732899023,0.962264150943396,0.919937205651491,0.0800627943485086,0.527687296416938,0.4,0.0791139240506329,0.97258064516129,0.615629984051037,0.0849673202614379,0.603503184713376,0.0752864157119476,0.382911392405063,0.0812101910828025,0.59904912836767,0.606060606060606,0.592356687898089,0.0849358974358974,0.59717868338558,0.0846645367412141,0.58712715855573,0.0850077279752705,0.602870813397129,0.793322734499205,0.602803738317757,0.606109324758842,0.606012658227848,0.0804416403785489,0.605388272583201,0.603896103896104,0.071656050955414,0.614779874213837,0.0766871165644172,0.0793157076205288,0.770700636942675,0.549141965678627,0.0762987012987013,0.609951845906902,0.0792880258899676,0.958966565349544,0.0789049919484702,0.608490566037736,0.410459587955626,0.596491228070175,0.0218408736349454,0.645424836601307,0.993537964458804,0.990430622009569,0.0832,0.0745542949756888,0.592295345104334,0.0780254777070064,0.606583072100313,0.0842607313195548,0.10062893081761,0.0838607594936709,0.606796116504854,0.0674157303370786,0.087378640776699,0.0838709677419355,0.0684039087947883,0.592948717948718,0.087719298245614,0.602272727272727,0.839427662957075,0.0839936608557845,0.616113744075829,0.084375,0.615629984051037,0.995184590690209,0.0729335494327391,0.606611570247934,0.087719298245614,0.0794912559618442,0.0838607594936709,0.590189873417722,0.0857142857142857,0.594249201277955,0.0813397129186603,0.608,0.0808580858085809,0.602584814216478,0.996835443037975,0.0782747603833866,0.441666666666667,0.0814332247557003,0.0818897637795276,0.608626198083067,0.0760697305863708,0.0781499202551834,0.0843949044585987,0.0750798722044728,0.602564102564103,0.602184087363494,0.0882352941176471,0.0857605177993527,0.592476489028213,0.615262321144674,0.0803149606299213,0.630914826498423,0.418569254185693,0.9136,0.602523659305994,0.4144,0.0772870662460568,0.592823712948518,0.0865384615384615,0.0818897637795276,0.073482428115016,0.604166666666667,0.604327666151468,0.59344262295082,0.0829493087557604,0.0774299835255354,0.0752351097178683,0.924920127795527,0.083596214511041,0.613008130081301,0.0571428571428571,0.600638977635783,0.604761904761905,0.353870458135861,0.0805152979066023,0.0847723704866562,0.0797448165869219,0.0825396825396825,0.0831973898858075,0.9536,0.6,0.598736176935229,0.0846645367412141,0.394366197183099,0.0880989180834621,0.0850077279752705,0.0818619582664527,0.082670906200318,0.0813397129186603,0.0842266462480858,0.919937205651491,0.776898734177215,0.0864779874213836,0.605815831987076,0.0753205128205128,0.618524332810047,0.0788643533123028,0.0805152979066023,0.0796747967479675,0.0789049919484702,0.0808580858085809,0.590982286634461,0.0832025117739403,0.403252032520325,0.590322580645161,0.585557299843014,0.6048,0.599358974358974,0.58974358974359,0.66394779771615,0.590111642743222,0.603448275862069,0.60347551342812,0.0862068965517241,0.590764331210191,0.0750407830342577,0.391575663026521,0.599681020733652,0.79304897314376,0.594976452119309,0.0809061488673139,0.0738362760834671,0.0797448165869219,0.829617834394904,0.610410094637224,0.0765625,0.595541401273885,0.6,0.6128,0.608763693270736,0.391935483870968,0.0784,0.612954186413902,0.613268608414239,0.078525641025641,0.621931260229133,0.0880989180834621,0.610328638497653,0.6140625,0.0779220779220779,0.0803858520900322,0.0800627943485086,0.5472,0.0841423948220065,0.385964912280702,0.996923076923077,0.595238095238095,0.0818897637795276,0.0796747967479675,0.992125984251969,0.598412698412698,0.600644122383253,0.0816993464052288,0.0850722311396469,0.602184087363494,0.937699680511182,0.921696574225122,0.0813008130081301,0.0875202593192869,0.589341692789969,0.08,0.0847457627118644,0.615264797507788,0.0833333333333333,0.0815047021943574,0.607535321821036,0.0774193548387097,0.0771704180064309,0.0781499202551834,0.0824088748019017,0.592233009708738,0.610591900311526,0.606666666666667,0.080952380952381,0.0829268292682927,0.40625,0.603864734299517,0.067524115755627,0.60625,0.621187800963082,0.0816326530612245,0.0766823161189358,0.0758293838862559,0.0764331210191083,0.0806962025316456,0.601926163723916,0.0852090032154341,0.088,0.975083056478405,0.594135802469136,0.596153846153846,0.612903225806452,0.407874015748032,0.607874015748031,0.0826952526799387,0.615136876006441,0.586538461538462,0.832802547770701,0.605633802816901,0.0760517799352751,0.5984375,0.0832,0.0803149606299213,0.0849056603773585,0.615629984051037,0.613707165109034,0.0850393700787402,0.00831946755407654,0.972402597402597,0.0807754442649435,0.60093896713615,0.60129659643436,0.615008156606852,0.0737704918032787,0.592476489028213,0.607594936708861,0.600315955766193,0.613418530351438,0.609756097560976,0.614006514657981,0.0740157480314961,0.592891760904685,0.0736497545008183,0.0769230769230769,0.92259083728278,0.0781758957654723,0.6,0.080952380952381,0.0745341614906832,0.0790774299835255,0.596214511041009,0.081377151799687,0.60556464811784,0.0842433697347894,0.0842607313195548,0.0948553054662379,0.0836012861736334,0.0806962025316456,0.606918238993711,0.0657051282051282,0.0853462157809984,0.609250398724083,0.602870813397129,0.0782747603833866,0.0769230769230769,0.615262321144674,0.905660377358491,0.0866013071895425,0.0846645367412141,0.0727848101265823,0.917591125198098,0.616013071895425,0.0818330605564648,0.610062893081761,0.843137254901961,0.0756843800322061,0.395238095238095,0.482704402515723,0.0858995137763371,0.0805687203791469,0.4,0.380573248407643,0.565625,0.0747217806041336,0.595813204508857,0.0874403815580286,0.0715474209650582,0.588709677419355,0.0791139240506329,0.0926517571884984,0.927444794952681,0.60031847133758,0.0818619582664527,0.0779220779220779,0.590982286634461,0.0763116057233704,0.0766721044045677,0.609477124183007,0.746835443037975,0.0838709677419355,0.0828125,0.0791139240506329,0.39938080495356,0.616113744075829,0.617834394904459,0.603100775193798,0.602543720190779,0.390675241157556,0.589540412044374,0.590111642743222,0.598101265822785,0.856907894736842,0.604200323101777,0.0826833073322933,0.599071207430341,0.0842607313195548,0.605388272583201,1,0.968354430379747,0.0784929356357928,0.0859375,0.958466453674121,0.0785597381342062,0.39268680445151,0.964686998394864,0.932258064516129,0.078125,0.398724082934609,0.0780254777070064,0.0845295055821372,0.547504025764895,0.0811232449297972,0.919175911251981,1,0.0810810810810811,0.0829420970266041,0.0903328050713154,0.599348534201954,0.43030303030303,0.373970345963756,0.0916271721958926,0.0747217806041336,0.0557324840764331,0.62200956937799,0.7488,0.0855784469096672,0.610662358642973,0.0774091627172196,0.550561797752809,0.985507246376812,0.612698412698413,0.613707165109034,0.589830508474576,0.0859375,1,0.0903426791277259,0.0754098360655738,0.078525641025641,0.834375,0.587947882736156,0.0910569105691057,0.602893890675241,0.0813008130081301,0.0829268292682927,0.61259842519685,0.0818619582664527,0.608695652173913,0.0807754442649435,0.612277867528271,0.604465709728868,0.0748407643312102,0.398073836276083,0.608964451313756,0.078525641025641,0.612277867528271,0.173775671406003,0.603395061728395,0.943217665615142,0.60708782742681,0.146964856230032,0.616144975288303,0.0940594059405941,0.594936708860759,0.583987441130298,0.624600638977636,0.083596214511041,0.0809061488673139,0.0791925465838509,0.0585284280936455,0.73841059602649,0.0837282780410742,0.600977198697068,0.0816326530612245,0.600331674958541,0.608150470219436,0.0832025117739403,0.0795454545454545,0.0763239875389408,0.00317965023847377,0.0766823161189358,0.602167182662539,0.615629984051037,0.0758513931888545,0.0796747967479675,0.974025974025974,1,0.0816,0.0769230769230769,0.611745513866232,0.0873015873015873,0.075,0.612903225806452,0.0897009966777409,0.0859872611464968,0.393939393939394,0.553990610328638,0.0739549839228296,0.925696594427245,0.0830670926517572,0.0880503144654088,0.988958990536278,0.605769230769231,0.0787781350482315,0.592,0.0825396825396825,0.0494417862838915,0.0881410256410256,0.0903328050713154,0.0825396825396825,0.605610561056106,0.0739549839228296,0.0713128038897893,0.0787781350482315,0.92246835443038,0.609271523178808,0.0694668820678514,0.0874403815580286,0.394184168012924,0.0755905511811024,0.5968,0.55993690851735,0.598086124401914,0.0795631825273011,0.0758293838862559,0.0886699507389163,0.993808049535604,0.604269293924466,1,0.0789049919484702,0.606299212598425,0.6203125,0.565560821484992,0.914790996784566,0.078525641025641,0.0363349131121643,0.0842607313195548,0.0810810810810811,0.598039215686274,0.608964451313756,0.92948717948718,0.959807073954984,0.602870813397129,0.607371794871795,0.586854460093897,0.92246835443038,0.605055292259084,0.07981220657277,0.918269230769231,0.60828025477707,0.0884676145339652,0.0837359098228663,0.0750798722044728,0.601246105919003,0.608695652173913,0.958745874587459,0.0800627943485086,0.621578099838969,0.615625,0.0879120879120879,0.0886075949367089,0.602870813397129,0.376884422110553,0.0706260032102729,0.0854838709677419,0.389694041867955,0.0804416403785489,0.620528771384137,0.0851063829787234,0.613057324840764,0.563492063492063,0.406542056074766,0.674922600619195,0.0814696485623003,0.617554858934169,0.608903020667727,0.391509433962264,0.411764705882353,0.0731319554848967,0.603448275862069,0.0825082508250825,0.607142857142857,0.0740740740740741,0.598086124401914,0.618506493506494,0.567783094098884,0.558730158730159,0.598705501618123,0.608130081300813,0.409309791332263,0.598101265822785,0.956738768718802,0.072463768115942,0.924409448818898,0.0810810810810811,0.622792937399679,0.0817307692307692,0.932475884244373,0.604501607717042,0.611556982343499,0.085,0.975270479134467,0.0830670926517572,0.992050874403816,0.576,0.0748407643312102,0.977952755905512,0.4112,0.0749601275917065,0.0859872611464968,0.0818897637795276,0.608264462809917,0.952755905511811,0.0768025078369906,0.492845786963434,0.990243902439024,0.555205047318612,0.608024691358025,0.5953125,0.0801282051282051,0.0633116883116883,0.0904605263157895,0.0765625,0.0765625,0.979876160990712,0.0855365474339036,0.4,0.923780487804878,0.604133545310016,0.0812101910828025,0.0829346092503987,0.0788177339901478,0.0799373040752351,0.996835443037975,0.604068857589984,0.0723270440251572,0.0801282051282051,0.080327868852459,0.0782747603833866,0.0839936608557845,0.0861788617886179,0.60093896713615,0.939542483660131,0.0793157076205288,1,0.607594936708861,0.651757188498403,0.0841423948220065,0.533442088091354,0.609427609427609,0.610062893081761,0.0868167202572347,0.958664546899841,0.59967845659164,0.0710900473933649,0.0869565217391304,0.554828150572831,0.603149606299213,0.618441971383148,0.601957585644372,0.0781499202551834,0.601941747572815,0.605015673981191,0.66824644549763,0.606687898089172,0.0491283676703645,0.602465331278891,1,0.599041533546326,0.919629057187017,0.0846905537459283,0.995161290322581,0.606796116504854,0.596825396825397,0.605815831987076,0.0801282051282051,0.0669856459330144,0.0833333333333333,0.080188679245283,0.0796747967479675,0.0826580226904376,0.588235294117647,0.0850393700787402,0.602543720190779,0.603741496598639,0.494488188976378,0.4,0.078525641025641,0.082018927444795,0.923794712286159,0.615146831530139,0.965189873417722,0.0788253477588872,0.96,0.0819935691318328,0.0815660685154976,0.598387096774194,0.0833333333333333,0.0838815789473684,0.462783171521036,0.662251655629139,0.0871559633027523,1,0.990322580645161,0.0800627943485086,0.0790322580645161,0.0792393026941363,1,0.921630094043887,0.59748427672956,0.503961965134707,0.602825745682888,0.924031007751938,0.5814332247557,1,0.0793650793650794,0.0848287112561175,0.603395061728395,0.6015625,0.8592,0.596091205211726,0.6046875,0.593700787401575,0.0828025477707006,0.0830670926517572,0.587859424920128,0.0816640986132511,0.928684627575277,0.0731319554848967,0.873194221508828,0.0857605177993527,0.402496099843994,0.0769230769230769,0.608974358974359,0.610749185667752,0.996830427892235,0.401869158878505,0.081377151799687,0.0748407643312102,0.284329563812601,0.180921052631579,0.604166666666667,0.612903225806452,0.0792393026941363,0.59805510534846,0.834935897435897,0.59805510534846,0.0860719874804382,0.987421383647799,0.0900473933649289,0.082258064516129,0.601895734597156,0.392156862745098,0.607431340872375,0.0864600326264274,0.074313408723748,0.618380062305296,0.620578778135048,0.593558282208589,0.232371794871795,0.606741573033708,0.0825242718446602,0.96998420221169,0.082670906200318,0.0773026315789474,0.385826771653543,0.435483870967742,0.599670510708402,0.971608832807571,0.6,0.0772870662460568,0.0684039087947883,0.610223642172524,0.593900481540931,0.455555555555556,0.0797448165869219,0.614285714285714,0.694488188976378,0.609984399375975,0.103448275862069,0.605475040257649,0.931854199683043,0.626582278481013,0.59190031152648,0.598373983739837,0.608766233766234,0.603395061728395,0.108661417322835,0.080824088748019,0.612698412698413,0.533996683250415,0.401273885350318,0.851968503937008,0.394389438943894,0.0772946859903382,0.600633914421553,0.93042071197411,0.593354430379747,0.60828025477707,0.713385826771654,0.591935483870968,0.925233644859813,0.588697017268446,0.613486842105263,0.596091205211726,0.610223642172524
"745",0.100164203612479,0.0933977455716586,0.0912,0.0906148867313916,0.0935023771790808,0.100813008130081,0.39443535188216,0.100486223662885,0.0992125984251968,1,0.0965732087227414,0.948031496062992,0.0840064620355412,0.0960629921259843,0.58213716108453,0.588235294117647,0.975077881619938,0.422697368421053,0.102728731942215,0.0936507936507937,0.592709984152139,0.585365853658537,0.100308641975309,0.941915227629513,0.106153846153846,0.569400630914827,0.582236842105263,0.0949263502454992,0.107981220657277,0.133545310015898,0.588235294117647,0.169278996865204,0.0717703349282297,0.586854460093897,0.912140575079872,0.102439024390244,0.577044025157233,0.0995260663507109,0.598461538461538,0.101721439749609,0.439873417721519,0.416012558869702,0.419753086419753,0.0987261146496815,0.101123595505618,0.571428571428571,0.579967689822294,0.596330275229358,0.589341692789969,0.572542901716069,0.902362204724409,0.096,0.577464788732394,0.0943396226415094,0.105919003115265,0.400635930047695,0.548956661316212,0.0959349593495935,0.104,0.0984126984126984,0.563467492260062,0.56984126984127,0.579032258064516,0.437096774193548,0.106382978723404,0.109004739336493,0.951486697965571,0.0954692556634304,0.975535168195719,0.57345971563981,0.0934579439252336,0.587677725118483,0.566775244299674,0.139573070607553,0.596850393700787,0.10105580693816,0.589703588143526,0.563182527301092,0.0970266040688576,0.582381729200653,1,0.578864353312303,0.581320450885668,0.106180665610143,0.569875776397516,0.0976744186046512,0.0993589743589744,0.0963665086887836,0.0947030497592295,0.415605095541401,0.0923566878980892,0.0856269113149847,0.906349206349206,1,0.088,0.951588502269289,0.901587301587302,0.0960629921259843,0.552287581699346,0.418006430868167,0.097331240188383,0.9648,0.595911949685535,0.104065040650407,0.578947368421053,0.0972886762360447,0.424878836833603,0.0998415213946117,0.572567783094099,0.578199052132701,0.570093457943925,0.105095541401274,0.573015873015873,0.096875,0.621069182389937,0.103235747303544,0.582539682539683,0.815580286168522,0.570762052877138,0.5856,0.626356589147287,0.105678233438486,0.574102964118565,0.576923076923077,0.0892018779342723,0.593114241001565,0.0966257668711656,0.100308641975309,0.788461538461538,0.552833078101072,0.0914927768860353,0.5814696485623,0.092948717948718,0.948484848484848,0.0904605263157895,0.582822085889571,0.438985736925515,0.570982839313573,0.0288,0.640983606557377,1,1,0.0964630225080386,0.0970873786407767,0.568910256410256,0.0968253968253968,0.585365853658537,0.0988835725677831,0.0913385826771654,0.101246105919003,0.574433656957929,0.0879120879120879,0.1056,0.101941747572816,0.0868878357030016,0.563402889245586,0.109177215189873,0.573482428115016,0.852201257861635,0.0975232198142415,0.585403726708075,0.104938271604938,0.591054313099042,0.993620414673046,0.0889967637540453,0.584814216478191,0.105345911949686,0.0995260663507109,0.106349206349206,0.560747663551402,0.105095541401274,0.570287539936102,0.092948717948718,0.579277864992151,0.100660066006601,0.577106518282989,0.988906497622821,0.097331240188383,0.475247524752475,0.0975609756097561,0.102848101265823,0.582018927444795,0.0941358024691358,0.0972886762360447,0.0993690851735016,0.094488188976378,0.57487922705314,0.575663026521061,0.106907894736842,0.101748807631161,0.570982839313573,0.587662337662338,0.0965189873417722,0.668253968253968,0.449386503067485,0.898089171974522,0.574638844301766,0.448,0.0916149068322981,0.571428571428571,0.0963081861958267,0.0974842767295598,0.0936507936507937,0.586370839936609,0.580594679186229,0.574918566775244,0.106084243369735,0.105610561056106,0.0872274143302181,0.911717495987159,0.0990415335463259,0.593900481540931,0.0750798722044728,0.569105691056911,0.582278481012658,0.34850863422292,0.0998415213946117,0.101426307448494,0.089171974522293,0.100313479623824,0.0940988835725678,0.948275862068966,0.574638844301766,0.578538102643857,0.100313479623824,0.427457098283931,0.10410094637224,0.106976744186047,0.1008,0.104265402843602,0.0981012658227848,0.100463678516229,0.908805031446541,0.79153605015674,0.101426307448494,0.577741407528642,0.0938511326860841,0.59748427672956,0.0998439937597504,0.0924764890282132,0.0896,0.099510603588907,0.103618421052632,0.56687898089172,0.0957613814756672,0.37741935483871,0.568438003220612,0.56782334384858,0.5810147299509,0.573248407643312,0.561488673139159,0.66394779771615,0.562305295950156,0.570522979397781,0.581059390048154,0.104361370716511,0.568,0.0918196994991653,0.416149068322981,0.57753164556962,0.802816901408451,0.567524115755627,0.100638977635783,0.0938511326860841,0.101105845181675,0.845047923322684,0.595275590551181,0.089622641509434,0.576489533011272,0.568992248062016,0.580952380952381,0.583203732503888,0.424,0.0952380952380952,0.577464788732394,0.576243980738363,0.0886075949367089,0.60129659643436,0.103448275862069,0.5765625,0.590266875981162,0.0944625407166124,0.100977198697068,0.102848101265823,0.568690095846645,0.0964630225080386,0.416403785488959,0.99075500770416,0.574433656957929,0.1046875,0.0922330097087379,1,0.57433489827856,0.567524115755627,0.101612903225806,0.0976,0.579277864992151,0.927444794952681,0.901800327332242,0.103059581320451,0.101806239737274,0.566820276497696,0.0996835443037975,0.104938271604938,0.590111642743222,0.100638977635783,0.0962732919254658,0.582417582417582,0.0966183574879227,0.0984126984126984,0.10062893081761,0.0975232198142415,0.570287539936102,0.585139318885449,0.579378068739771,0.0987261146496815,0.0974025974025974,0.4296875,0.574603174603175,0.0903225806451613,0.586046511627907,0.593004769475358,0.0987460815047022,0.0916271721958926,0.0998439937597504,0.0940988835725678,0.0937996820349762,0.561290322580645,0.10223642172524,0.106623586429725,0.993558776167472,0.568111455108359,0.593949044585987,0.588617886178862,0.4272,0.5765625,0.0939907550077042,0.590032154340836,0.567783094098884,0.845553822152886,0.579527559055118,0.098705501618123,0.572307692307692,0.0995184590690209,0.0961538461538462,0.105845181674566,0.587096774193548,0.585403726708075,0.0990415335463259,0.0209677419354839,0.964573268921095,0.106907894736842,0.576802507836991,0.581967213114754,0.590690208667737,0.0823723228995058,0.569422776911076,0.637362637362637,0.56782334384858,0.579527559055118,0.581583198707593,0.5824,0.0917721518987342,0.565008025682183,0.0913621262458472,0.0907643312101911,0.911251980982567,0.0996784565916399,0.573926868044515,0.101880877742947,0.0982839313572543,0.10016155088853,0.570300157977883,0.095679012345679,0.576,0.0923076923076923,0.0669856459330144,0.103610675039246,0.100813008130081,0.0964230171073095,0.582938388625592,0.0932475884244373,0.101777059773829,0.584541062801932,0.587579617834395,0.0916271721958926,0.0962145110410095,0.585826771653543,0.911490683229814,0.101612903225806,0.096875,0.0957613814756672,0.895569620253165,0.58908507223114,0.0977198697068404,0.57345971563981,0.853035143769968,0.0969793322734499,0.431924882629108,0.457055214723926,0.103225806451613,0.0972886762360447,0.43030303030303,0.399678972712681,0.540412044374009,0.0958466453674121,0.577044025157233,0.104928457869634,0.0928338762214984,0.566068515497553,0.100470957613815,0.106858054226475,0.911575562700965,0.570300157977883,0.1024,0.0907643312101911,0.574433656957929,0.0966719492868463,0.097444089456869,0.585055643879173,0.771293375394322,0.0957792207792208,0.0996835443037975,0.095389507154213,0.362341772151899,0.593354430379747,0.600961538461538,0.581430745814307,0.58125,0.420221169036335,0.566978193146417,0.55784469096672,0.578446909667195,0.854199683042789,0.5744,0.103338632750397,0.572981366459627,0.0992,0.580188679245283,0.987635239567233,0.961240310077519,0.0941358024691358,0.106918238993711,0.947867298578199,0.0886699507389163,0.419254658385093,0.952076677316294,0.917874396135266,0.0963665086887836,0.423861852433281,0.0916271721958926,0.101748807631161,0.549432739059968,0.101105845181675,0.90521327014218,0.996710526315789,0.10207336523126,0.0995334370139969,0.112341772151899,0.571428571428571,0.460365853658537,0.398989898989899,0.111811023622047,0.098256735340729,0.0699523052464229,0.588976377952756,0.762738853503185,0.10062893081761,0.590614886731392,0.0932069510268562,0.520569620253165,0.993399339933993,0.592651757188498,0.587326120556414,0.569230769230769,0.100470957613815,0.990551181102362,0.103715170278638,0.0894308943089431,0.100158982511924,0.849293563579278,0.568938193343899,0.1104,0.580385852090032,0.0943708609271523,0.104065040650407,0.58695652173913,0.0988654781199352,0.581929555895865,0.100158982511924,0.583333333333333,0.574638844301766,0.0942492012779553,0.42443729903537,0.588325652841782,0.0957613814756672,0.590243902439024,0.169628432956381,0.579029733959311,0.945054945054945,0.576036866359447,0.137007874015748,0.583870967741935,0.11869918699187,0.566246056782334,0.558359621451104,0.608214849921011,0.101748807631161,0.0979133226324237,0.0911901081916538,0.0685154975530179,0.753333333333333,0.100470957613815,0.568595041322314,0.0936507936507937,0.58112582781457,0.584758942457232,0.102848101265823,0.0966183574879227,0.0945736434108527,0.00956937799043062,0.10061919504644,0.5921875,0.585714285714286,0.0890625,0.0947030497592295,0.969354838709677,0.988871224165342,0.0952380952380952,0.098546042003231,0.585874799357945,0.104265402843602,0.0962732919254658,0.58740157480315,0.106035889070147,0.10062893081761,0.424528301886792,0.569659442724458,0.0926517571884984,0.909090909090909,0.101426307448494,0.10223642172524,1,0.574568288854003,0.101286173633441,0.572100313479624,0.0956239870340357,0.0608974358974359,0.107717041800643,0.0765625,0.0929133858267717,0.573770491803279,0.0957613814756672,0.090032154340836,0.0920840064620355,0.910077519379845,0.588235294117647,0.0856219709208401,0.101105845181675,0.434504792332268,0.0956112852664577,0.573899371069182,0.534072900158479,0.574603174603175,0.0947867298578199,0.103125,0.105263157894737,1,0.571197411003236,0.987096774193548,0.0907617504051864,0.576619273301738,0.588419405320814,0.549844236760125,0.901898734177215,0.0936995153473344,0.0470219435736677,0.101105845181675,0.0961240310077519,0.570739549839228,0.58678955453149,0.929936305732484,0.945773524720893,0.581761006289308,0.583061889250814,0.558359621451104,0.901612903225806,0.587677725118483,0.100154083204931,0.90224358974359,0.580093312597201,0.0993589743589744,0.0987261146496815,0.0916271721958926,0.583596214511041,0.592592592592593,0.955665024630542,0.0956112852664577,0.585326953748006,0.590837282780411,0.10377358490566,0.103503184713376,0.577106518282989,0.401680672268908,0.0913461538461538,0.103174603174603,0.406752411575563,0.102848101265823,0.58712715855573,0.108589951377634,0.58213716108453,0.591263650546022,0.429467084639498,0.678071539657854,0.0984126984126984,0.59190031152648,0.580952380952381,0.411949685534591,0.438080495356037,0.0940988835725678,0.579439252336449,0.1,0.579937304075235,0.0900163666121113,0.574367088607595,0.59349593495935,0.544728434504792,0.564668769716088,0.568403908794788,0.57741935483871,0.430817610062893,0.580188679245283,0.957654723127036,0.0912,0.908809891808346,0.098256735340729,0.604269293924466,0.105345911949686,0.904458598726115,0.580286168521463,0.585209003215434,0.0909090909090909,0.964723926380368,0.103338632750397,1,0.553429027113238,0.0909090909090909,0.966346153846154,0.445512820512821,0.0952380952380952,0.101721439749609,0.0952380952380952,0.577814569536424,0.947449768160742,0.0927357032457496,0.467741935483871,1,0.530805687203792,0.568253968253968,0.566718995290424,0.0980707395498392,0.0750407830342577,0.106969205834684,0.0946372239747634,0.101105845181675,0.974006116207951,0.102523659305994,0.425632911392405,0.906584992343032,0.580441640378549,0.0971786833855799,0.100486223662885,0.0894308943089431,0.0944272445820433,0.996784565916399,0.579527559055118,0.0903426791277259,0.0979133226324237,0.09688013136289,0.0911949685534591,0.104524180967239,0.105095541401274,0.627358490566038,0.924558587479936,0.0980707395498392,0.992223950233281,0.584126984126984,0.680314960629921,0.1024,0.507269789983845,0.589490968801314,0.5890625,0.103338632750397,0.956318252730109,0.575899843505477,0.0872274143302181,0.1056,0.529886914378029,0.58528951486698,0.592125984251968,0.580542264752791,0.0947867298578199,0.580645161290323,0.572107765451664,0.669354838709677,0.578778135048232,0.0598425196850394,0.579192546583851,0.991762767710049,0.577777777777778,0.904088050314465,0.100323624595469,0.99510603588907,0.584394904458599,0.573248407643312,0.584935897435897,0.10062893081761,0.0854430379746835,0.0971993410214168,0.0993690851735016,0.0981996726677578,0.100649350649351,0.565495207667732,0.100156494522692,0.574367088607595,0.584175084175084,0.486739469578783,0.425566343042071,0.0979782270606532,0.101721439749609,0.90894819466248,0.582434514637905,0.972929936305732,0.0985915492957746,0.95024077046549,0.0959119496855346,0.0998363338788871,0.57516339869281,0.097444089456869,0.0991735537190083,0.461663947797716,0.657377049180328,0.10381679389313,0.990322580645161,1,0.096875,0.0961538461538462,0.0959119496855346,0.990384615384615,0.904912836767036,0.584375,0.485668789808917,0.575471698113208,0.910377358490566,0.567043618739903,0.993517017828201,0.10031847133758,0.0991869918699187,0.577952755905512,0.570300157977883,0.858044164037855,0.571428571428571,0.579192546583851,0.573692551505547,0.103174603174603,0.096875,0.570261437908497,0.0970724191063174,0.912087912087912,0.0896,0.882165605095541,0.103559870550162,0.427215189873418,0.0928792569659443,0.582677165354331,0.591276252019386,0.990491283676704,0.429012345679012,0.0952380952380952,0.0909090909090909,0.305111821086262,0.203612479474548,0.574433656957929,0.587275693311582,0.0946372239747634,0.573717948717949,0.843450479233227,0.57741935483871,0.108527131782946,0.998417721518987,0.0983870967741935,0.0909090909090909,0.578616352201258,0.421474358974359,0.582802547770701,0.101472995090016,0.0909090909090909,0.591414944356121,0.599056603773585,0.571651090342679,0.249592169657423,0.579032258064516,0.103174603174603,0.965891472868217,0.102685624012638,0.0949263502454992,0.408805031446541,0.465818759936407,0.575409836065574,0.968,0.567307692307692,0.100787401574803,0.0879478827361563,0.584935897435897,0.562998405103668,0.482539682539683,0.0948678071539658,0.584251968503937,0.68025078369906,0.586314152410575,0.121538461538462,0.63884430176565,0.915360501567398,0.5890625,0.574500768049155,0.577235772357724,0.585365853658537,0.58359133126935,0.124031007751938,0.0993690851735016,0.59047619047619,0.564489112227806,0.424635332252836,0.858044164037855,0.410130718954248,0.0896,0.56984126984127,0.911620294599018,0.56120826709062,0.583076923076923,0.704866562009419,0.565286624203822,0.910377358490566,0.563492063492063,0.582664526484751,0.565359477124183,0.5792
"746",1,1,1,1,1,1,0.699523052464229,1,1,0.0944,1,0.0452418096723869,0.818181818181818,1,0.328616352201258,0.313479623824451,0.0682170542635659,0.679611650485437,1,1,0.293563579277865,0.314102564102564,1,0.153374233128834,1,0.328660436137072,0.325434439178515,1,1,0.793103448275862,0.318529862174579,0.738794435857805,0.966049382716049,0.327160493827161,0,1,0.540706605222734,1,0.308383233532934,1,0.658423493044822,0.670694864048338,0.687311178247734,1,1,0.321259842519685,0.321372854914197,0.312883435582822,0.326747720364742,0.337423312883436,0,1,0.316279069767442,1,1,0.510466988727858,0.557661927330174,1,1,1,0.334848484848485,0.322378716744914,0.321259842519685,0.676056338028169,1,1,0.0347551342812006,1,0.060882800608828,0.326687116564417,1,0.3234375,0.333333333333333,0.9648,0.510736196319018,1,0.309667673716012,0.339421613394216,1,0.323763955342903,0.0849358974358974,0.330721003134796,0.333853354134165,1,0.348694316436252,1,1,1,1,0.687306501547988,1,1,0.00154798761609907,0.101823708206687,1,0.0468277945619335,0,1,0.56140350877193,0.663522012578616,1,0.0565149136577708,0.323029366306028,1,0.319182389937107,1,0.68062015503876,1,0.321316614420063,0.325115562403698,0.321538461538462,1,0.326656394453005,1,0.480974124809741,1,0.315384615384615,0.297674418604651,0.333333333333333,0.323899371069182,0.479134466769706,0.998466257668712,0.325153374233129,0.313385826771654,1,0.307098765432099,1,1,0.3328173374613,0.547945205479452,1,0.319938176197836,1,0.043609022556391,1,0.321044546850998,0.664605873261206,0.339563862928349,0.927018633540373,0.438003220611916,0.101088646967341,0.0977917981072555,1,1,0.331761006289308,1,0.324850299401198,1,0.812693498452012,1,0.32182103610675,1,1,1,1,0.335925349922239,1,0.321428571428571,0.252307692307692,1,0.317411402157165,1,0.298904538341158,0.0869565217391304,1,0.3234375,1,1,1,0.336405529953917,1,0.333855799373041,1,0.315789473684211,1,0.32755905511811,0.08,1,0.630990415335463,1,1,0.320251177394035,1,1,1,1,0.331259720062208,0.320182094081942,1,0.998444790046656,0.327718223583461,0.309636650868878,1,0.45125786163522,0.667161961367013,0,0.328682170542636,0.663594470046083,1,0.325688073394495,1,0.998475609756098,1,0.329173166926677,0.329268292682927,0.326465927099842,1,1,1,0,1,0.3140625,0.973684210526316,0.326625386996904,0.319875776397516,0.754276827371695,1,1,1,1,1,0.0459418070444104,0.31832298136646,0.328197226502311,1,0.668195718654434,1,1,0.998444790046656,0.998454404945904,1,1,0.0031201248049922,0.314024390243902,1,0.312101910828025,1,0.302469135802469,1,1,1,1,1,0.333333333333333,1,0.510236220472441,0.334370139968896,0.331804281345566,0.321656050955414,0.322480620155039,0.337984496124031,0.426307448494453,0.335925349922239,0.32398753894081,0.320987654320988,1,0.324534161490683,1,0.683890577507599,0.319571865443425,0.309597523219814,0.338006230529595,1,1,1,0.261538461538462,0.313755795981453,1,0.315789473684211,0.332317073170732,0.316037735849057,0.328682170542636,0.672386895475819,1,0.325115562403698,0.322834645669291,1,0.3056,1,0.318461538461538,0.320373250388802,1,1,1,0.532710280373832,1,0.679566563467492,0.0824587706146927,0.324492979719189,1,1,0.0955315870570108,0.325038880248834,0.334920634920635,1,1,0.31441717791411,0.0217054263565891,0.00159489633173844,1,1,0.341945288753799,0.998449612403101,1,0.313755795981453,1,1,0.320813771517997,1,1,1,1,0.328173374613003,0.317220543806647,0.328525641025641,1,1,0.669724770642202,0.326594090202177,1,0.315233785822021,0.313572542901716,1,1,0.998461538461539,1,1,0.335443037974684,1,1,0.107371794871795,0.337442218798151,0.500763358778626,0.319935691318328,0.664566929133858,0.326625386996904,1,0.321259842519685,0.338072669826224,0.250386398763524,0.326687116564417,1,0.331818181818182,1,1,1,0.315541601255887,0.32262996941896,0.998470948012232,0.924882629107981,0.0657276995305164,1,0.317972350230415,0.328638497652582,0.315457413249211,1,0.334862385321101,0.46417445482866,0.332298136645963,0.313178294573643,0.318840579710145,0.311627906976744,1,0.332293291731669,1,1,0,1,0.328100470957614,1,1,1,0.328682170542636,1,0.318037974683544,1,0.84080370942813,1,1,1,0.322085889570552,1,1,0.31733746130031,0.31859756097561,1,1,0.319314641744548,0.182795698924731,1,0.998470948012232,1,0,0.3140625,1,0.318181818181818,0.243710691823899,1,0.668702290076336,0.438837920489297,1,1,0.669161676646707,0.692913385826772,0.353125,1,0.317757009345794,1,1,0.338557993730408,1,0.998427672955975,0.00625,0.326086956521739,1,1,0.32753164556962,1,1,0.317535545023697,0.338983050847458,1,1,1,0.526799387442573,0.309707241910632,0.34913112164297,0.321907600596125,0.334869431643625,0.6828125,0.331797235023041,0.3296875,0.316923076923077,0.241324921135647,0.316037735849057,1,0.326283987915408,0.998447204968944,0.316846986089645,0.0837138508371385,0.0506912442396313,1,1,0.0385208012326656,1,0.675799086757991,0.0424528301886792,0.00943396226415094,1,0.676425269645609,1,1,0.549050632911392,1,0,0.0743670886075949,1,1,1,0.322784810126582,0.643916913946588,0.6864,0.992260061919505,1,0.984447900466563,0.310832025117739,0.340062111801242,1,0.306962025316456,1,0.368421052631579,0.10223642172524,0.311526479750779,0.326219512195122,0.340425531914894,1,0.0776255707762557,1,1,1,0.253822629969419,0.328100470957614,1,0.323899371069182,1,1,0.31733746130031,1,0.33134328358209,1,0.317535545023697,0.323899371069182,1,0.669796557120501,0.318862275449102,1,0.324324324324324,0.764521193092622,0.320668693009119,0.15919629057187,0.325757575757576,0.776212832550861,0.313291139240506,1,0.330173775671406,0.340978593272171,0.304615384615385,1,1,1,0.966666666666667,0.34094616639478,1,0.322734499205087,1,0.32484076433121,0.320121951219512,1,1,1,0.917829457364341,1,0.319148936170213,0.323574730354391,1,1,0.048,0.080188679245283,1,1,0.3125,1,1,0.3203125,1,1,0.678018575851393,0.529680365296804,1,0,1,1,0.0984848484848485,0.330733229329173,1,0.327160493827161,0.998415213946117,0.967289719626168,0.998430141287284,0.827692307692308,1,0.331730769230769,1,1,1,0,0.318471337579618,1,1,0.671296296296296,1,0.324574961360124,0.357910906298003,0.329192546583851,1,1,1,0.0907692307692308,0.324921135646688,0.0874403815580286,0.998415213946117,0.315548780487805,0.313178294573643,0.361702127659574,0,1,0.957943925233645,1,1,0.328125,0.308166409861325,0.15552099533437,0.0394321766561514,0.322981366459627,0.315217391304348,0.326747720364742,0.00156985871271586,0.31733746130031,1,0,0.332826747720365,1,1,1,0.319148936170213,0.324200913242009,0.0336,1,0.31104199066874,0.316358024691358,1,1,0.324574961360124,0.684380032206119,1,1,0.69170579029734,1,0.314900153609831,1,0.324960753532182,0.522003034901366,0.658950617283951,0.413173652694611,1,0.303030303030303,0.320373250388802,0.674454828660436,0.66412213740458,1,0.329173166926677,1,0.328787878787879,1,0.322274881516588,0.323854660347551,0.3515625,0.53416149068323,0.319554848966614,0.315047021943574,0.661466458658346,0.322085889570552,0.143089430894309,1,0,1,0.303656597774245,1,0,0.334890965732087,0.326530612244898,1,0.0582959641255605,1,0.0841269841269841,0.345256609642302,1,0.0668740279937792,0.667697063369397,1,1,1,0.316558441558442,0.0409711684370258,1,0.435257410296412,0.0923317683881064,0.364471669218989,0.335901386748844,0.332307692307692,1,1,1,1,1,0.0675675675675676,0.996978851963746,0.683307332293292,0.00303030303030303,0.329738058551618,1,1,1,1,0.0897832817337461,0.317557251908397,1,1,1,1,1,1,0.485496183206107,0.0015625,1,0.0849772382397572,0.328173374613003,0.441497659906396,1,0.396496815286624,0.314332247557003,0.314553990610329,1,0.04,0.324534161490683,1,1,0.375594294770206,0.312111801242236,0.314589665653495,0.322632423756019,0.998447204968944,0.330218068535826,0.32182103610675,0.422600619195046,0.324031007751938,0.975077881619938,0.321156773211568,0.0841269841269841,0.331782945736434,0,1,0.0903328050713154,0.316037735849057,0.317610062893082,0.321875,1,1,1,1,1,1,0.341232227488152,1,0.321372854914197,0.319672131147541,0.619631901840491,0.672413793103448,1,1,0,0.329787234042553,0.115919629057187,0.998461538461539,0.0356037151702786,1,1,0.322834645669291,1,1,0.629337539432177,0.4256,0.998511904761905,0.0800627943485086,0.096875,1,1,1,0.0885093167701863,0,0.317901234567901,0.424100156494523,0.319083969465649,0,0.333855799373041,0.0849056603773585,1,1,0.324200913242009,0.325038880248834,0.231366459627329,0.34185303514377,0.316590563165906,0.325077399380805,1,1,0.332805071315372,1,0,1,0.2265625,1,0.669218989280245,1,0.313364055299539,0.306836248012719,0.0764525993883792,0.670261941448382,1,1,0.779342723004695,0.899022801302932,0.320813771517997,0.314375987361769,1,0.324960753532182,0.255520504731861,0.324409448818898,1,0.1,1,1,0.3198127925117,0.674528301886792,0.315955766192733,1,1,0.31104199066874,0.311320754716981,0.327327327327327,0.85781990521327,0.322429906542056,1,0.058641975308642,1,1,0.690548780487805,0.639625585023401,0.32794830371567,0.0561622464898596,0.32,1,1,0.316037735849057,0.326120556414219,0.618827160493827,1,0.319148936170213,0.38,0.320610687022901,0.986259541984733,0.4734375,0.00301204819277108,0.307219662058372,0.334841628959276,0.333863275039746,0.322115384615385,0.317293233082707,0.972222222222222,1,0.328173374613003,0.549520766773163,0.674454828660436,0.229709035222052,0.679214402618658,1,0.333333333333333,0.0031201248049922,0.333846153846154,0.319148936170213,0.367534456355283,0.330696202531646,0,0.342064714946071,0.320695102685624,0.330188679245283,0.322530864197531
"747",1,1,1,1,1,1,0.694942903752039,1,1,0.0949263502454992,1,0.0429936305732484,0.821543408360129,1,0.317741935483871,0.31496062992126,0.0658307210031348,0.678217821782178,1,1,0.289808917197452,0.319805194805195,1,0.147335423197492,1,0.331240188383046,0.328478964401294,1,1,0.792822185970636,0.315047021943574,0.738317757009346,0.965732087227414,0.320574162679426,0,1,0.533333333333333,1,0.309341500765697,1,0.666666666666667,0.681747269890796,0.684782608695652,1,1,0.319870759289176,0.313694267515924,0.316535433070866,0.328682170542636,0.328660436137072,0,1,0.317262830482115,1,1,0.515297906602254,0.550561797752809,1,1,1,0.332807570977918,0.321144674085851,0.322061191626409,0.679365079365079,1,1,0.0369774919614148,1,0.0596330275229358,0.321316614420063,1,0.33175355450237,0.332792207792208,0.966074313408724,0.498427672955975,1,0.318952234206472,0.337962962962963,1,0.317589576547231,0.0855263157894737,0.333865814696486,0.329093799682035,1,0.348031496062992,1,1,1,1,0.68503937007874,1,1,0.00157232704402516,0.101880877742947,1,0.046875,0,1,0.554119547657512,0.668820678513732,1,0.0585443037974684,0.310897435897436,1,0.320907617504052,1,0.679873217115689,1,0.32475884244373,0.3264,0.329113924050633,1,0.330733229329173,1,0.476708074534161,1,0.321144674085851,0.287974683544304,0.334876543209877,0.320063694267516,0.4592,1,0.330203442879499,0.321252059308072,1,0.303656597774245,1,1,0.314785373608903,0.538699690402477,1,0.322683706070288,1,0.0413476263399694,1,0.31911532385466,0.672985781990521,0.329635499207607,0.929824561403509,0.445705024311183,0.104333868378812,0.0955414012738854,1,1,0.333333333333333,1,0.327718223583461,1,0.814528593508501,1,0.337641357027464,1,1,1,1,0.340909090909091,1,0.322528363047002,0.239747634069401,1,0.322981366459627,1,0.308306709265176,0.0854838709677419,1,0.324503311258278,1,1,1,0.342679127725857,1,0.331210191082803,1,0.307692307692308,1,0.329073482428115,0.0741324921135647,1,0.630894308943089,1,1,0.313195548489666,1,1,1,1,0.330203442879499,0.316118935837246,1,1,0.316614420062696,0.317384370015949,1,0.43968253968254,0.658093797276853,0,0.325508607198748,0.664025356576862,1,0.330721003134796,1,1,1,0.322784810126582,0.325077399380805,0.32741935483871,1,1,1,0,1,0.304761904761905,0.976415094339623,0.330645161290323,0.3168,0.746056782334385,1,1,1,1,1,0.0431309904153355,0.324281150159744,0.328125,1,0.674491392801252,1,1,0.998415213946117,1,1,1,0.00480769230769231,0.303543913713405,1,0.3184,1,0.305993690851735,1,1,1,1,1,0.332268370607029,1,0.526058631921824,0.329617834394904,0.332288401253919,0.315705128205128,0.320512820512821,0.336025848142165,0.422647527910686,0.336990595611285,0.322884012539185,0.311320754716981,1,0.32258064516129,1,0.686153846153846,0.313385826771654,0.29393468118196,0.334935897435897,1,1,1,0.247191011235955,0.3203125,1,0.324281150159744,0.329192546583851,0.314785373608903,0.33125,0.676100628930818,1,0.329113924050633,0.318255250403877,1,0.303776683087028,1,0.327613104524181,0.313385826771654,1,1,1,0.526315789473684,1,0.681458003169572,0.0825688073394495,0.330658105939005,1,1,0.0963665086887836,0.32755905511811,0.329052969502408,1,1,0.308661417322835,0.021978021978022,0.00324149108589951,1,1,0.338461538461538,0.998397435897436,1,0.315457413249211,1,1,0.319182389937107,1,1,1,1,0.339622641509434,0.312597200622084,0.331168831168831,1,1,0.666666666666667,0.316211878009631,1,0.320872274143302,0.305993690851735,1,1,1,1,1,0.328050713153724,1,1,0.107843137254902,0.334883720930233,0.488924050632911,0.313001605136437,0.668261562998405,0.32120253164557,1,0.319870759289176,0.340222575516693,0.23950233281493,0.320813771517997,1,0.335394126738794,1,1,1,0.3232,0.328638497652582,1,0.919093851132686,0.0660225442834139,1,0.322784810126582,0.326332794830372,0.314424635332253,1,0.333333333333333,0.45253164556962,0.326433121019108,0.315705128205128,0.322422258592471,0.314696485623003,1,0.317384370015949,1,1,0,1,0.32753164556962,1,1,1,0.345911949685535,1,0.315270935960591,1,0.845425867507886,1,1,1,0.322222222222222,1,1,0.313385826771654,0.324324324324324,1,1,0.319620253164557,0.178571428571429,1,1,1,0,0.315533980582524,1,0.313385826771654,0.240188383045526,1,0.675039246467818,0.43944099378882,1,1,0.672727272727273,0.691338582677165,0.354430379746835,1,0.325281803542673,1,1,0.339712918660287,1,1,0.00788643533123028,0.332283464566929,1,1,0.330645161290323,1,1,0.310679611650485,0.3171875,1,1,1,0.550955414012739,0.313694267515924,0.3504,0.323029366306028,0.338557993730408,0.685990338164251,0.331768388106416,0.330188679245283,0.327102803738318,0.230031948881789,0.331715210355987,1,0.329704510108865,1,0.322327044025157,0.0882800608828006,0.0499219968798752,1,1,0.0363924050632911,1,0.676470588235294,0.041335453100159,0.0111287758346582,1,0.67515923566879,1,1,0.5424,1,0,0.0726978998384491,1,1,1,0.325358851674641,0.645259938837921,0.686666666666667,0.993700787401575,1,0.984472049689441,0.309375,0.321711568938193,1,0.309951060358891,1,0.376971608832808,0.106012658227848,0.307570977917981,0.324574961360124,0.33781512605042,1,0.0817610062893082,1,1,1,0.237654320987654,0.3264,1,0.323763955342903,1,1,0.31832298136646,1,0.331316187594554,1,0.317152103559871,0.319488817891374,1,0.666666666666667,0.32312404287902,1,0.321428571428571,0.768621236133122,0.322327044025157,0.154818325434439,0.323529411764706,0.7856,0.317307692307692,1,0.334928229665072,0.345425867507886,0.301242236024845,1,1,1,0.971571906354515,0.329508196721311,1,0.341584158415842,1,0.319286871961102,0.325652841781874,1,1,1,0.920760697305864,1,0.320872274143302,0.329073482428115,1,1,0.0513643659711075,0.0782747603833866,1,1,0.315286624203822,1,1,0.31911532385466,1,1,0.681181959564541,0.512422360248447,1,0,1,1,0.0975232198142415,0.335443037974684,1,0.332263242375602,1,0.96656050955414,1,0.832288401253918,1,0.337726523887974,1,1,1,0,0.315447154471545,1,1,0.66131621187801,1,0.31924882629108,0.357030015797788,0.32807570977918,1,1,1,0.0900621118012422,0.320450885668277,0.0913461538461538,1,0.31911532385466,0.312597200622084,0.361904761904762,0,1,0.955974842767296,1,1,0.329011345218801,0.306027820710974,0.151757188498403,0.0398089171974522,0.3216,0.315789473684211,0.324451410658307,0.00161550888529887,0.315873015873016,1,0,0.328149300155521,1,1,1,0.32120253164557,0.325153374233129,0.0323624595469256,1,0.314873417721519,0.314814814814815,1,1,0.317460317460317,0.684297520661157,1,1,0.687301587301587,1,0.312210200927357,1,0.315955766192733,0.518053375196232,0.671317829457364,0.400914634146341,1,0.307332293291732,0.31687898089172,0.679365079365079,0.66,1,0.332283464566929,1,0.326186830015314,1,0.319047619047619,0.315112540192926,0.35,0.514913657770801,0.318627450980392,0.315619967793881,0.66031746031746,0.31924882629108,0.143094841930116,1,0,1,0.300970873786408,1,0,0.321543408360129,0.320574162679426,1,0.0571428571428571,1,0.0859872611464968,0.33495145631068,1,0.0672926447574335,0.671949286846276,1,1,1,0.321252059308072,0.0416666666666667,1,0.444976076555024,0.0922098569157393,0.358934169278997,0.328725038402458,0.32967032967033,1,1,1,1,1,0.0643185298621746,0.996889580093313,0.673501577287066,0.00455235204855842,0.328149300155521,1,1,1,1,0.0843949044585987,0.3198127925117,1,1,1,1,1,1,0.472783825816485,0.00160771704180064,1,0.0822981366459627,0.33015873015873,0.423622047244094,1,0.404494382022472,0.316831683168317,0.318037974683544,1,0.0382165605095541,0.32753164556962,1,1,0.373572593800979,0.327014218009479,0.317891373801917,0.324717285945073,1,0.332797427652733,0.324409448818898,0.4272,0.323763955342903,0.974960876369327,0.320987654320988,0.0833333333333333,0.331730769230769,0,1,0.0848,0.313311688311688,0.321656050955414,0.33063209076175,1,1,1,1,1,1,0.338607594936709,1,0.323296354992076,0.325383304940375,0.59594383775351,0.675850891410049,1,1,0,0.321592649310873,0.115805946791862,1,0.0316957210776545,1,1,0.321486268174475,1,1,0.621359223300971,0.421138211382114,0.998500749625187,0.0790322580645161,0.0961538461538462,1,1,1,0.0867507886435331,0,0.322932917316693,0.435612082670906,0.323899371069182,0,0.328525641025641,0.0845528455284553,1,1,0.323029366306028,0.327014218009479,0.231629392971246,0.342995169082126,0.317829457364341,0.330188679245283,1,1,0.336538461538462,1,0,1,0.213355048859935,1,0.672985781990521,1,0.314785373608903,0.312396694214876,0.0777604976671851,0.673405909797823,1,1,0.796474358974359,0.893092105263158,0.320907617504052,0.322061191626409,1,0.32258064516129,0.237096774193548,0.325732899022801,1,0.0993690851735016,1,1,0.324367088607595,0.676948051948052,0.318770226537217,1,1,0.313755795981453,0.306709265175719,0.316923076923077,0.862619808306709,0.326892109500805,1,0.057542768273717,1,1,0.686520376175549,0.647435897435897,0.326797385620915,0.0560897435897436,0.329093799682035,1,1,0.310177705977383,0.341269841269841,0.618524332810047,1,0.306962025316456,0.3796875,0.315132605304212,0.984639016897081,0.463141025641026,0.00318471337579618,0.31055900621118,0.3328125,0.333870967741935,0.330658105939005,0.330232558139535,0.969936708860759,1,0.320695102685624,0.538714991762768,0.676375404530744,0.233070866141732,0.675895765472313,1,0.331738437001595,0.00319488817891374,0.337025316455696,0.315541601255887,0.373817034700315,0.329073482428115,0,0.335443037974684,0.327974276527331,0.325842696629214,0.317891373801917
"748",1,1,1,1,1,1,0.726247987117552,1,1,0.0916398713826367,1,0.0413476263399694,0.807453416149068,1,0.299373040752351,0.296703296703297,0.0564263322884013,0.709470304975923,1,1,0.272727272727273,0.300940438871473,1,0.15552099533437,1,0.31104199066874,0.303317535545024,1,1,0.78060413354531,0.295558958652374,0.733644859813084,0.965571205007825,0.298600311041991,0,1,0.53858024691358,1,0.288109756097561,1,0.684952978056426,0.694968553459119,0.709923664122137,1,1,0.298887122416534,0.294952681388013,0.292048929663609,0.302469135802469,0.313178294573643,0,1,0.29922480620155,1,1,0.484423676012461,0.560821484992101,1,1,1,0.31651376146789,0.305426356589147,0.297971918876755,0.694620253164557,1,1,0.0329153605015674,1,0.0561456752655539,0.304281345565749,1,0.304347826086957,0.306089743589744,0.963492063492064,0.508500772797527,1,0.290964777947933,0.319508448540707,1,0.301765650080257,0.0832,0.304552590266876,0.311145510835913,1,0.322530864197531,1,1,1,1,0.705607476635514,1,1,0.0015552099533437,0.0989180834621329,1,0.0426179604261796,0,1,0.561797752808989,0.687203791469194,1,0.0512422360248447,0.304821150855365,1,0.298273155416013,1,0.700460829493088,1,0.298273155416013,0.304552590266876,0.30077519379845,1,0.309923664122137,1,0.487767584097859,1,0.296124031007752,0.303490136570561,0.30781010719755,0.304212168486739,0.489197530864198,0.998452012383901,0.306153846153846,0.293838862559242,1,0.294392523364486,1,1,0.335394126738794,0.535768645357686,1,0.305863708399366,1,0.0403587443946188,1,0.294656488549618,0.690184049079755,0.310452418096724,0.935126582278481,0.419773095623987,0.0984375,0.0954616588419405,1,1,0.306376360808709,1,0.302848575712144,1,0.811926605504587,1,0.302100161550889,1,1,1,1,0.322274881516588,1,0.309375,0.259259259259259,1,0.288372093023256,1,0.286614173228346,0.07981220657277,1,0.292452830188679,1,1,1,0.324655436447167,1,0.310126582278481,1,0.290880503144654,1,0.299212598425197,0.0681114551083591,1,0.642276422764228,1,1,0.297339593114241,1,1,1,1,0.308411214953271,0.296296296296296,1,0.998432601880878,0.302752293577982,0.293460925039872,1,0.448916408668731,0.680365296803653,0,0.306122448979592,0.689167974882261,1,0.30421686746988,1,0.998463901689708,1,0.299539170506912,0.302147239263804,0.313099041533546,1,1,1,0,1,0.290322580645161,0.975039001560062,0.303937007874016,0.289968652037618,0.734662576687117,1,1,1,1,1,0.0421216848673947,0.302694136291601,0.311627906976744,1,0.688172043010753,1,1,0.998442367601246,0.998459167950693,1,1,0.00462249614791988,0.319018404907975,1,0.292259083728278,1,0.282608695652174,1,1,1,1,1,0.307692307692308,1,0.497652582159624,0.305863708399366,0.302752293577982,0.301412872841444,0.304212168486739,0.30952380952381,0.401587301587302,0.314241486068111,0.302325581395349,0.294027565084227,1,0.29595015576324,1,0.70499243570348,0.303353658536585,0.31651376146789,0.316037735849057,1,1,1,0.263823064770932,0.29264475743349,1,0.306603773584906,0.30804248861912,0.29264475743349,0.306625577812018,0.697819314641745,1,0.305007587253414,0.308186195826645,1,0.286168521462639,1,0.297674418604651,0.294753086419753,1,1,1,0.534375,1,0.702954898911353,0.0757575757575758,0.305900621118012,1,1,0.0869565217391304,0.303875968992248,0.315541601255887,1,1,0.288372093023256,0.0248833592534992,0.0031496062992126,1,1,0.316030534351145,0.9984375,1,0.291858678955453,1,1,0.306278713629403,1,1,1,1,0.311912225705329,0.302710843373494,0.3152,1,1,0.686821705426357,0.305426356589147,1,0.302003081664099,0.28816199376947,1,1,0.998454404945904,1,1,0.311320754716981,1,1,0.106180665610143,0.320433436532508,0.478939157566303,0.300462249614792,0.687888198757764,0.309923664122137,1,0.290880503144654,0.309486780715397,0.262751159196291,0.311926605504587,1,0.303076923076923,1,1,1,0.296825396825397,0.305343511450382,0.998454404945904,0.931309904153355,0.0587301587301587,1,0.300469483568075,0.300314465408805,0.288643533123028,1,0.309707241910632,0.46583850931677,0.311349693251534,0.292379471228616,0.295886075949367,0.289968652037618,1,0.304278922345483,1,1,0,1,0.30173775671406,1,1,1,0.305993690851735,1,0.293460925039872,1,0.837209302325581,1,1,1,0.308049535603715,1,1,0.293291731669267,0.302936630602782,1,1,0.295665634674923,0.192901234567901,1,0.998444790046656,1,0,0.298412698412698,1,0.294392523364486,0.25194401244168,1,0.684049079754601,0.426179604261796,1,1,0.689291101055807,0.71830985915493,0.339009287925697,1,0.305511811023622,1,1,0.307814992025518,1,0.998420221169036,0.00613496932515337,0.30379746835443,1,1,0.309148264984227,1,1,0.290625,0.346213292117465,1,1,1,0.519938650306748,0.295489891135303,0.332283464566929,0.308270676691729,0.319685039370079,0.699074074074074,0.306153846153846,0.308527131782946,0.298325722983257,0.237577639751553,0.306089743589744,1,0.309341500765697,0.998422712933754,0.305772230889236,0.0780780780780781,0.0487062404870624,1,1,0.0375586854460094,1,0.694402420574887,0.0385802469135802,0.009375,1,0.6953125,1,1,0.533018867924528,1,0,0.07223113964687,1,1,1,0.305111821086262,0.65922619047619,0.704838709677419,0.995405819295559,1,0.989096573208723,0.288611544461778,0.344339622641509,1,0.28006329113924,1,0.369397217928903,0.10126582278481,0.297380585516179,0.303076923076923,0.32396694214876,1,0.0716463414634146,1,1,1,0.262996941896024,0.303174603174603,1,0.309486780715397,1,1,0.295558958652374,1,0.304545454545455,1,0.293375394321767,0.30625,1,0.697784810126582,0.296352583586626,1,0.295418641390205,0.764612954186414,0.301515151515152,0.158555729984301,0.308734939759036,0.768273716951788,0.297124600638978,1,0.307453416149068,0.32398753894081,0.278560250391236,1,1,1,0.974068071312804,0.340836012861736,1,0.303030303030303,1,0.304065040650407,0.297709923664122,1,1,1,0.927018633540373,1,0.291981845688351,0.303353658536585,1,1,0.0462519936204147,0.0740157480314961,1,1,0.299363057324841,1,1,0.30188679245283,1,1,0.695924764890282,0.539170506912442,1,0,1,1,0.0924242424242424,0.305295950155763,1,0.305900621118012,0.998432601880878,0.968503937007874,0.998459167950693,0.825757575757576,1,0.304,1,1,1,0,0.295161290322581,1,1,0.69170579029734,1,0.302936630602782,0.345679012345679,0.306027820710974,1,1,1,0.0876923076923077,0.301282051282051,0.0832,0.998405103668262,0.289473684210526,0.292944785276074,0.34,0,1,0.958904109589041,1,1,0.305863708399366,0.292682926829268,0.159489633173844,0.0376175548589342,0.309748427672956,0.293838862559242,0.3125,0.00158730158730159,0.299689440993789,1,0,0.3,1,1,1,0.300613496932515,0.299694189602446,0.0335463258785942,1,0.29984544049459,0.29320987654321,1,1,0.304281345565749,0.706260032102729,1,1,0.706349206349206,1,0.294930875576037,1,0.295489891135303,0.525423728813559,0.692780337941628,0.384848484848485,1,0.280245022970904,0.302362204724409,0.699236641221374,0.686544342507645,1,0.304347826086957,1,0.309451219512195,1,0.300469483568075,0.292834890965732,0.340062111801242,0.507668711656442,0.305379746835443,0.294488188976378,0.685126582278481,0.301223241590214,0.147672552166934,1,0,1,0.276898734177215,1,0,0.312693498452012,0.306477093206951,1,0.0522388059701493,1,0.078003120124805,0.324921135646688,1,0.061128526645768,0.6801872074883,1,1,1,0.29140127388535,0.0368663594470046,1,0.420970266040689,0.088785046728972,0.354198473282443,0.302936630602782,0.30757341576507,1,1,1,1,1,0.0622154779969651,0.995327102803738,0.704892966360856,0.00451127819548872,0.302652106084243,1,1,1,1,0.0837209302325581,0.298325722983257,1,1,1,1,1,1,0.493827160493827,0.00159744408945687,1,0.0768049155145929,0.310832025117739,0.437795275590551,1,0.389240506329114,0.298045602605863,0.294209702660407,1,0.04,0.303215926493109,1,1,0.356918238993711,0.296124031007752,0.291666666666667,0.298578199052133,0.998466257668712,0.299050632911392,0.2984375,0.392744479495268,0.300476947535771,0.981366459627329,0.298484848484848,0.0812101910828025,0.30625,0,1,0.0841269841269841,0.292452830188679,0.302839116719243,0.297637795275591,1,1,1,1,1,1,0.3152,1,0.29393468118196,0.297385620915033,0.593558282208589,0.698890649762282,1,1,0,0.301204819277108,0.1125,0.998496240601504,0.0344827586206897,1,1,0.303317535545024,1,1,0.615873015873016,0.399030694668821,0.995495495495496,0.0792393026941363,0.0959119496855346,1,1,1,0.0789473684210526,0,0.303951367781155,0.41304347826087,0.29922480620155,0,0.313001605136437,0.0781499202551834,1,1,0.30441400304414,0.302362204724409,0.249216300940439,0.312903225806452,0.292758089368259,0.305084745762712,1,1,0.307570977917981,1,0,1,0.227848101265823,1,0.690402476780186,1,0.296583850931677,0.2875,0.0709876543209877,0.694063926940639,1,1,0.797169811320755,0.893376413570275,0.299212598425197,0.29595015576324,1,0.302362204724409,0.2578125,0.307936507936508,1,0.0975232198142415,1,1,0.307692307692308,0.697160883280757,0.296238244514107,1,1,0.290123456790123,0.294573643410853,0.305722891566265,0.8484375,0.293929712460064,1,0.0522273425499232,1,1,0.712307692307692,0.663026521060842,0.314696485623003,0.0522273425499232,0.3056,1,1,0.290372670807453,0.312302839116719,0.614551083591331,1,0.297709923664122,0.359090909090909,0.289877300613497,0.984732824427481,0.473186119873817,0.00154798761609907,0.295774647887324,0.311550151975684,0.307814992025518,0.2944,0.29742033383915,0.978787878787879,1,0.300155520995334,0.552287581699346,0.69826224328594,0.238897396630934,0.705592105263158,1,0.307332293291732,0.0031104199066874,0.306748466257669,0.294392523364486,0.353395061728395,0.30188679245283,0,0.3203125,0.299212598425197,0.3072,0.299079754601227
"749",0.088,0.0876923076923077,0.0870253164556962,0.0781499202551834,0.0882352941176471,0.0861244019138756,0.379421221864952,0.0887480190174326,0.093167701863354,0.992,0.0883720930232558,0.959501557632399,0.0990566037735849,0.0880503144654088,0.606918238993711,0.611544461778471,0.981308411214953,0.398713826366559,0.0880503144654088,0.0849056603773585,0.615625,0.605388272583201,0.0916030534351145,0.930708661417323,0.100151745068285,0.575,0.58908507223114,0.0848,0.100154083204931,0.133858267716535,0.610248447204969,0.172573189522342,0.0640625,0.602825745682888,0.924882629107981,0.0993377483443709,0.559190031152648,0.086687306501548,0.61236802413273,0.0939907550077042,0.425233644859813,0.402208201892744,0.404024767801858,0.0833333333333333,0.0922098569157393,0.585055643879173,0.59594383775351,0.600614439324117,0.599071207430341,0.582159624413146,0.909375,0.0853080568720379,0.599693251533742,0.0806201550387597,0.0925925925925926,0.408585055643879,0.532915360501567,0.0855784469096672,0.0934150076569678,0.0875,0.579352850539291,0.588607594936709,0.58528951486698,0.416403785488959,0.0953150242326333,0.0953125,0.959501557632399,0.0857142857142857,0.984848484848485,0.594135802469136,0.0873634945397816,0.591263650546022,0.578525641025641,0.123993558776167,0.582298136645963,0.088855421686747,0.613251155624037,0.571651090342679,0.084375,0.590982286634461,0.995114006514658,0.583465818759936,0.594090202177294,0.0934579439252336,0.582945736434109,0.0871559633027523,0.090032154340836,0.0876369327073552,0.0876369327073552,0.394080996884735,0.0868878357030016,0.0833333333333333,0.919685039370079,0.990639625585023,0.0753205128205128,0.964451313755796,0.913249211356467,0.0840978593272171,0.538461538461538,0.412903225806452,0.0886075949367089,0.97275641025641,0.599063962558502,0.0947030497592295,0.592592592592593,0.0838607594936709,0.400928792569659,0.0870917573872473,0.585669781931464,0.596850393700787,0.58641975308642,0.0947204968944099,0.583203732503888,0.0909090909090909,0.613354037267081,0.0922844175491679,0.592063492063492,0.800618238021638,0.588055130168453,0.588976377952756,0.61741835147745,0.0923317683881064,0.596625766871166,0.590243902439024,0.0797546012269939,0.605015673981191,0.0833333333333333,0.087962962962963,0.771028037383178,0.556748466257669,0.082670906200318,0.595275590551181,0.0784,0.961890243902439,0.0823909531502423,0.596006144393241,0.413685847589425,0.581143740340031,0.0235478806907378,0.640776699029126,0.993660855784469,0.993640699523052,0.0886075949367089,0.0806451612903226,0.576862123613312,0.0903426791277259,0.590015128593041,0.0892018779342723,0.101226993865031,0.0931297709923664,0.5952,0.080188679245283,0.0900473933649289,0.0894568690095847,0.0740740740740741,0.572107765451664,0.0967238689547582,0.590764331210191,0.840557275541796,0.0868217054263566,0.604068857589984,0.0904907975460123,0.612341772151899,1,0.0812101910828025,0.599686028257457,0.0946372239747634,0.0907668231611894,0.0938967136150235,0.581039755351682,0.0938967136150235,0.5859375,0.0856697819314642,0.594679186228482,0.0885668276972625,0.599369085173502,0.996884735202492,0.0858034321372855,0.461038961038961,0.0864,0.0933125972006221,0.600633914421553,0.0815047021943574,0.0829420970266041,0.0913312693498452,0.0859375,0.593059936908517,0.600614439324117,0.0917721518987342,0.0856697819314642,0.590563165905632,0.605723370429253,0.0882352941176471,0.65987460815047,0.426179604261796,0.90625,0.594383775351014,0.422118380062305,0.0873634945397816,0.584097859327217,0.0878048780487805,0.0878787878787879,0.08125,0.596006144393241,0.594761171032357,0.57784911717496,0.0903522205206738,0.0919354838709677,0.0814132104454685,0.922834645669291,0.095389507154213,0.606687898089172,0.0607476635514019,0.584126984126984,0.593700787401575,0.345794392523364,0.0861244019138756,0.093558282208589,0.0809968847352025,0.0885093167701863,0.0909090909090909,0.952681388012618,0.591125198098257,0.585253456221198,0.0885093167701863,0.410658307210031,0.0929878048780488,0.0896860986547085,0.0913385826771654,0.0911949685534591,0.0899053627760252,0.0914634146341463,0.91601866251944,0.785932721712538,0.0916149068322981,0.598070739549839,0.0833333333333333,0.608087091757387,0.0838509316770186,0.0873015873015873,0.0821484992101106,0.0853080568720379,0.0929853181076672,0.582018927444795,0.0889570552147239,0.3856,0.584905660377358,0.578052550231839,0.595879556259905,0.588607594936709,0.582278481012658,0.661858974358974,0.577399380804954,0.588419405320814,0.59190031152648,0.0928462709284627,0.586854460093897,0.0826580226904376,0.400611620795107,0.5921875,0.78858024691358,0.58609794628752,0.0922098569157393,0.0858034321372855,0.0871632329635499,0.832268370607029,0.603395061728395,0.0802469135802469,0.585443037974684,0.590839694656489,0.597156398104265,0.600308641975309,0.407874015748032,0.0843949044585987,0.597243491577335,0.600315955766193,0.0878594249201278,0.620745542949757,0.0958268933539413,0.596273291925466,0.605055292259084,0.0866141732283465,0.087719298245614,0.0868878357030016,0.55607476635514,0.0873015873015873,0.392405063291139,1,0.59594383775351,0.0911901081916538,0.0810810810810811,0.993920972644377,0.580495356037152,0.589825119236884,0.0831973898858075,0.0916271721958926,0.602167182662539,0.936808846761453,0.912140575079872,0.0913385826771654,0.0916398713826367,0.581039755351682,0.088646967340591,0.0948012232415902,0.607142857142857,0.0850393700787402,0.0885093167701863,0.599063962558502,0.0841269841269841,0.0853080568720379,0.0904907975460123,0.0868217054263566,0.583203732503888,0.60546282245827,0.593800978792822,0.0830721003134796,0.0881889763779528,0.410094637223975,0.58712715855573,0.0857605177993527,0.595054095826893,0.607535321821036,0.0920245398773006,0.0880989180834621,0.0824261275272162,0.0854430379746835,0.0870917573872473,0.584639498432602,0.0952380952380952,0.0930599369085174,0.979397781299525,0.584992343032159,0.598736176935229,0.607594936708861,0.41304347826087,0.591049382716049,0.0925644916540212,0.605055292259084,0.580286168521463,0.826687116564417,0.598765432098765,0.083596214511041,0.588414634146341,0.0927672955974843,0.0879120879120879,0.0900621118012422,0.603125,0.603395061728395,0.0864779874213836,0.00810372771474878,0.973143759873618,0.0922098569157393,0.59375,0.592651757188498,0.610576923076923,0.0792393026941363,0.583460949464012,0.629283489096573,0.58411214953271,0.596214511041009,0.590764331210191,0.607655502392344,0.0797546012269939,0.587025316455696,0.0829268292682927,0.0838607594936709,0.916149068322981,0.0886075949367089,0.589257503949447,0.0938967136150235,0.0880989180834621,0.0846645367412141,0.592356687898089,0.0826952526799387,0.60126582278481,0.0904907975460123,0.0781010719754977,0.0955315870570108,0.0906200317965024,0.0910493827160494,0.602803738317757,0.0738993710691824,0.0907643312101911,0.597503900156006,0.602150537634409,0.0849056603773585,0.084375,0.59375,0.903522205206738,0.092948717948718,0.080370942812983,0.0848765432098765,0.90894819466248,0.604465709728868,0.0875202593192869,0.60062893081761,0.84044233807267,0.0864779874213836,0.412942989214176,0.473118279569892,0.0912,0.0881889763779528,0.423880597014925,0.388976377952756,0.565284178187404,0.088646967340591,0.585557299843014,0.0981308411214953,0.0862619808306709,0.58740157480315,0.0865533230293663,0.0930599369085174,0.927469135802469,0.584251968503937,0.0926216640502355,0.0868878357030016,0.590614886731392,0.0854037267080745,0.0837359098228663,0.598726114649682,0.763888888888889,0.0888888888888889,0.0906298003072197,0.0864779874213836,0.370942812982998,0.60377358490566,0.607655502392344,0.588145896656535,0.593114241001565,0.406698564593301,0.582689335394127,0.581903276131045,0.590417310664606,0.8484375,0.590322580645161,0.0900621118012422,0.589230769230769,0.0899053627760252,0.590625,1,0.969088098918083,0.088145896656535,0.0941358024691358,0.956318252730109,0.0815660685154976,0.402476780185758,0.963665086887836,0.921135646687697,0.0914728682170543,0.399068322981366,0.0855365474339036,0.0917573872472784,0.559105431309904,0.0858034321372855,0.91588785046729,1,0.0886075949367089,0.0939907550077042,0.0981012658227848,0.590764331210191,0.446428571428571,0.383870967741935,0.0965732087227414,0.0849056603773585,0.0558139534883721,0.6078125,0.759375,0.0900621118012422,0.61198738170347,0.081377151799687,0.536392405063291,0.984051036682616,0.607255520504732,0.601208459214502,0.5787728026534,0.0893939393939394,1,0.0983358547655068,0.0785597381342062,0.089622641509434,0.835384615384615,0.592125984251968,0.100156494522692,0.607535321821036,0.0894308943089431,0.0901771336553945,0.603076923076923,0.087719298245614,0.591805766312595,0.0862068965517241,0.607255520504732,0.582417582417582,0.0875576036866359,0.413461538461538,0.600910470409712,0.0818897637795276,0.598726114649682,0.163076923076923,0.594180704441041,0.938744257274119,0.593893129770992,0.146031746031746,0.600315955766193,0.103668261562998,0.586477987421384,0.5671875,0.621705426356589,0.0929133858267717,0.0859375,0.0823170731707317,0.0533980582524272,0.756933115823817,0.0895061728395062,0.581583198707593,0.0900473933649289,0.597444089456869,0.59577677224736,0.0890937019969278,0.0861244019138756,0.0819423368740516,0.003125,0.086687306501548,0.599383667180277,0.603076923076923,0.081039755351682,0.0825396825396825,0.976152623211447,1,0.0877742946708464,0.0833333333333333,0.598116169544741,0.0975232198142415,0.0888208269525268,0.601236476043277,0.0966719492868463,0.0948012232415902,0.403755868544601,0.562403697996918,0.0814696485623003,0.916918429003021,0.0875,0.0954616588419405,0.992307692307692,0.592823712948518,0.0846394984326019,0.584251968503937,0.0897637795275591,0.0528846153846154,0.0907668231611894,0.0910493827160494,0.0904761904761905,0.600654664484452,0.078740157480315,0.0800627943485086,0.0882825040128411,0.918335901386749,0.607431340872375,0.0797448165869219,0.0944272445820433,0.404088050314465,0.0883720930232558,0.59170653907496,0.552469135802469,0.594427244582043,0.0841121495327103,0.0865533230293663,0.0952380952380952,0.992272024729521,0.585826771653543,1,0.0875,0.602782071097372,0.611620795107034,0.55640243902439,0.913385826771654,0.0845070422535211,0.0402476780185759,0.0948678071539658,0.0937019969278034,0.590322580645161,0.592592592592593,0.924409448818898,0.957613814756672,0.596214511041009,0.59253499222395,0.578538102643857,0.915739268680445,0.602803738317757,0.0840978593272171,0.913875598086124,0.596273291925466,0.0909090909090909,0.0956112852664577,0.0832025117739403,0.591549295774648,0.600614439324117,0.958132045088567,0.0825545171339564,0.602848101265823,0.606811145510836,0.0947204968944099,0.0967741935483871,0.593114241001565,0.392914653784219,0.0862068965517241,0.0890302066772655,0.402208201892744,0.0902140672782875,0.611455108359133,0.0961538461538462,0.602825745682888,0.574730354391371,0.421296296296296,0.683969465648855,0.0858034321372855,0.604006163328197,0.592823712948518,0.398148148148148,0.421613394216134,0.0826833073322933,0.599071207430341,0.0883280757097792,0.597285067873303,0.0833333333333333,0.589341692789969,0.609794628751975,0.549689440993789,0.564615384615385,0.584251968503937,0.592356687898089,0.422047244094488,0.594180704441041,0.948303715670436,0.0812101910828025,0.917701863354037,0.0892307692307692,0.619426751592357,0.092948717948718,0.923913043478261,0.591772151898734,0.59775641025641,0.0850722311396469,0.973013493253373,0.0909090909090909,0.990506329113924,0.567610062893082,0.0784929356357928,0.9765625,0.418789808917197,0.0854037267080745,0.0914728682170543,0.0913312693498452,0.6016,0.95405819295559,0.0817901234567901,0.483771251931994,0.990430622009569,0.554347826086957,0.587227414330218,0.58641975308642,0.087962962962963,0.0637958532695375,0.0982286634460548,0.081377151799687,0.0839813374805599,0.978593272171254,0.0945736434108527,0.408450704225352,0.91553544494721,0.596244131455399,0.088646967340591,0.095389507154213,0.0813008130081301,0.0782208588957055,0.996879875195008,0.592592592592593,0.0745341614906832,0.082018927444795,0.0845528455284553,0.0860719874804382,0.0900621118012422,0.0946372239747634,0.617511520737327,0.933014354066986,0.0853080568720379,1,0.594383775351014,0.669811320754717,0.0911901081916538,0.511217948717949,0.610114192495922,0.603076923076923,0.0904836193447738,0.960815047021944,0.6,0.0846394984326019,0.0952380952380952,0.541800643086817,0.593996840442338,0.608832807570978,0.600961538461538,0.0773993808049536,0.581210191082803,0.592592592592593,0.666666666666667,0.591125198098257,0.0475460122699387,0.598484848484849,1,0.58740157480315,0.913178294573643,0.0868217054263566,0.996794871794872,0.605388272583201,0.589540412044374,0.593949044585987,0.0900763358778626,0.0804953560371517,0.087378640776699,0.0890625,0.0925324675324675,0.0887480190174326,0.575039494470774,0.0910493827160494,0.605304212168487,0.590759075907591,0.489164086687306,0.415605095541401,0.0858034321372855,0.0890937019969278,0.914330218068536,0.598784194528875,0.966824644549763,0.0860215053763441,0.960876369327074,0.0900473933649289,0.0858995137763371,0.588697017268446,0.0859872611464968,0.0904684975767367,0.466034755134281,0.665584415584416,0.0931952662721894,1,0.990384615384615,0.0885093167701863,0.0867507886435331,0.0789473684210526,1,0.915492957746479,0.590417310664606,0.491283676703645,0.584615384615385,0.918586789554531,0.5776,1,0.0848,0.0928,0.595975232198142,0.58641975308642,0.850234009360374,0.582664526484751,0.6,0.591549295774648,0.0916271721958926,0.0892018779342723,0.585874799357945,0.0885885885885886,0.921752738654147,0.0752351097178683,0.862992125984252,0.0920436817472699,0.411402157164869,0.0892307692307692,0.595275590551181,0.603559870550162,0.996884735202492,0.412673879443586,0.0856697819314642,0.0816326530612245,0.294770206022187,0.191626409017713,0.601895734597156,0.598387096774194,0.0838414634146342,0.585557299843014,0.827586206896552,0.582539682539683,0.0948012232415902,0.990595611285266,0.0933125972006221,0.0850722311396469,0.598765432098765,0.402555910543131,0.597774244833068,0.0889621087314662,0.0795631825273011,0.611963190184049,0.604361370716511,0.58678955453149,0.232227488151659,0.5904,0.0919003115264797,0.972179289026275,0.0943396226415094,0.0842787682333874,0.398449612403101,0.449920508744038,0.588907014681892,0.97191887675507,0.582677165354331,0.0847723704866562,0.0763116057233704,0.609984399375975,0.581648522550544,0.471317829457364,0.0851393188854489,0.600917431192661,0.704791344667697,0.608424336973479,0.111111111111111,0.615987460815047,0.921630094043887,0.602184087363494,0.587786259541985,0.595505617977528,0.601612903225806,0.6,0.116923076923077,0.0882352941176471,0.608214849921011,0.556270096463023,0.405362776025237,0.853395061728395,0.405537459283388,0.0793650793650794,0.588597842835131,0.925396825396825,0.585826771653543,0.596302003081664,0.711864406779661,0.584786053882726,0.920684292379471,0.574766355140187,0.600638977635783,0.587096774193548,0.600315955766193
"750",0,0,0,0,0,0,0.294209702660407,0,0,0.903536977491961,0,0.959938366718028,0.185826771653543,0,0.68362480127186,0.692546583850932,0.938837920489297,0.314606741573034,0,0,0.714508580343214,0.693650793650794,0,0.846273291925466,0,0.675465838509317,0.68312101910828,0,0,0.210691823899371,0.693721286370597,0.265116279069767,0.0309119010819165,0.682027649769585,1,0,0.457943925233645,0,0.701219512195122,0,0.335925349922239,0.3140625,0.307926829268293,0,0,0.679304897314376,0.685446009389671,0.690658499234303,0.673312883435583,0.67175572519084,1,0,0.687692307692308,0,0,0.499205087440382,0.447452229299363,0,0,0,0.665123456790123,0.684375,0.681181959564541,0.317610062893082,0,0,0.968798751950078,0,0.943368107302534,0.682442748091603,0,0.683720930232558,0.66403785488959,0.0355411954765751,0.498480243161094,0,0.689814814814815,0.666156202143951,0,0.680445151033386,0.913385826771654,0.674015748031496,0.677469135802469,0,0.664098613251156,0,0,0,0,0.316358024691358,0,0,0.998454404945904,0.89739663093415,0,0.958715596330275,1,0,0.439935064935065,0.322834645669291,0,0.948275862068966,0.690363349131122,0,0.693396226415094,0,0.316692667706708,0,0.682242990654206,0.681957186544342,0.685015290519878,0,0.679012345679012,0,0.519142419601838,0,0.6875,0.696923076923077,0.676737160120846,0.686614173228347,0.520376175548589,0,0.680491551459293,0.681528662420382,0,0.691358024691358,0,0,0.665094339622642,0.450381679389313,0,0.693396226415094,0,0.961136023916293,0,0.685099846390169,0.32258064516129,0.670807453416149,0.0606531881804044,0.560702875399361,0.904388714733542,0.90625,0,0,0.667194928684628,0,0.680241327300151,0,0.19236641221374,0,0.675039246467818,0,0,0,0,0.673913043478261,0,0.683544303797468,0.741935483870968,0,0.692073170731707,0,0.702660406885759,0.922834645669291,0,0.687203791469194,0,0,0,0.660633484162896,0,0.672386895475819,0,0.692913385826772,0,0.682316118935837,0.929012345679012,0,0.370967741935484,0,0,0.69047619047619,0,0,0,0,0.678740157480315,0.696319018404908,0,0,0.685496183206107,0.688995215311005,0,0.555727554179567,0.332335329341317,1,0.678461538461538,0.325,0,0.674242424242424,0,0,0,0.68062015503876,0.682442748091603,0.665605095541401,0,0,0,1,0,0.695859872611465,0.0236593059936909,0.681889763779528,0.69170579029734,0.246105919003115,0,0,0,0,0,0.959375,0.68062015503876,0.674311926605505,0,0.315301391035549,0,0,0.00154798761609907,0,0,0,0.99537750385208,0.685271317829457,0,0.686305732484076,0,0.70398773006135,0,0,0,0,0,0.677672955974843,0,0.4858934169279,0.674528301886792,0.670750382848392,0.695447409733124,0.678627145085803,0.669781931464174,0.582018927444795,0.662538699690402,0.687402799377916,0.688751926040062,0,0.678571428571429,0,0.313664596273292,0.687888198757764,0.686728395061728,0.672413793103448,0,0,0,0.750387596899225,0.689814814814815,0,0.686915887850467,0.67530487804878,0.690993788819876,0.680428134556575,0.318252730109204,0,0.676335877862595,0.6859375,0,0.708333333333333,0,0.687405159332322,0.687402799377916,0,0,0,0.463678516228748,0,0.309486780715397,0.91679273827534,0.672897196261682,0,0,0.91131498470948,0.67741935483871,0.676190476190476,0,0,0.69618320610687,0.975270479134467,0.996784565916399,0,0,0.659056316590563,0.00153609831029186,0,0.691603053435115,0,0,0.688372093023256,0,0,0,0,0.677570093457944,0.688253012048193,0.6688,0,0,0.329754601226994,0.68075117370892,0,0.678353658536585,0.700475435816165,0,0,0,0,0,0.682242990654206,0,0,0.892234548335975,0.671361502347418,0.506329113924051,0.694488188976378,0.326086956521739,0.681538461538462,0,0.693396226415094,0.667194928684628,0.745762711864407,0.678407350689127,0,0.672256097560976,0,0,0,0.686614173228347,0.678678678678679,0,0.0714285714285714,0.941841680129241,0,0.686335403726708,0.684375,0.682615629984051,0,0.668202764976959,0.534668721109399,0.675384615384615,0.687888198757764,0.689984101748808,0.692789968652038,0,0.679873217115689,0,0,1,0,0.677469135802469,0,0,0,0.673374613003096,0,0.695374800637959,0,0.164869029275809,0,0,0,0.686821705426357,0,0,0.692660550458716,0.68380062305296,0,0,0.685624012638231,0.80517503805175,0,0,0,1,0.688995215311005,0,0.697530864197531,0.749206349206349,0,0.319938176197836,0.553869499241275,0,0,0.32089552238806,0.290372670807453,0.657853810264386,0,0.684782608695652,0,0,0.66877971473851,0,0,0.990683229813665,0.68062015503876,0,0,0.679304897314376,0,0,0.692551505546751,0.662079510703364,0,0,0,0.471494607087827,0.690625,0.665086887835703,0.682779456193353,0.668702290076336,0.311077389984825,0.675799086757991,0.671850699844479,0.686544342507645,0.762870514820593,0.675078864353312,0,0.67427701674277,0,0.68348623853211,0.92156862745098,0.952526799387443,0,0,0.964341085271318,0,0.314024390243902,0.95968992248062,0.9875,0,0.314152410575428,0,0,0.461897356143079,0,1,0.927652733118971,0,0,0,0.685714285714286,0.356821589205397,0.314424635332253,0.00606060606060606,0,0.0154798761609907,0.699844479004666,0.665639445300462,0,0.695238095238095,0,0.622257053291536,0.900787401574803,0.695046439628483,0.679640718562874,0.666666666666667,0,0.929339477726575,0,0,0,0.742378048780488,0.679748822605965,0,0.685534591194969,0,0,0.683969465648855,0,0.676737160120846,0,0.686821705426357,0.682464454976303,0,0.325949367088608,0.682852807283763,0,0.685714285714286,0.239197530864198,0.678955453149002,0.83641975308642,0.683734939759036,0.222395023328149,0.689490445859873,0,0.674382716049383,0.667180277349769,0.709035222052067,0,0,0,0.0275526742301459,0.669918699186992,0,0.676703645007924,0,0.678513731825525,0.678843226788432,0,0,0,0.0798771121351766,0,0.692889561270802,0.679506933744222,0,0,0.954258675078864,0.922360248447205,0,0,0.687301587301587,0,0,0.686915887850467,0,0,0.3234375,0.465151515151515,0,1,0,0,0.904545454545455,0.676923076923077,0,0.685534591194969,0,0.031055900621118,0,0.177811550151976,0,0.670906200317965,0,0,0,1,0.686688311688312,0,0,0.322884012539185,0,0.6796875,0.636641221374046,0.68,0,0,0,0.914764079147641,0.677215189873418,0.917329093799682,0,0.692307692307692,0.695046439628483,0.646511627906977,1,0,0.0387596899224806,0,0,0.681962025316456,0.693129770992366,0.837753510140406,0.965732087227414,0.683229813664596,0.692789968652038,0.679331306990882,0.998449612403101,0.684292379471229,0,1,0.684848484848485,0,0,0,0.680428134556575,0.678461538461538,0.971061093247588,0,0.685534591194969,0.689127105666156,0,0,0.68075117370892,0.304975922953451,0,0,0.315457413249211,0,0.694528875379939,0,0.691472868217054,0.471317829457364,0.333333333333333,0.599697885196375,0,0.701515151515152,0.68558282208589,0.318818040435459,0.332312404287902,0,0.670261941448382,0,0.675149700598802,0,0.683307332293292,0.690031152647975,0.645161290322581,0.478260869565217,0.683042789223455,0.686708860759494,0.340062111801242,0.682737169517885,0.846655791190865,0,1,0,0.708860759493671,0,1,0.687306501547988,0.680952380952381,0,0.948795180722892,0,0.921259842519685,0.657364341085271,0,0.938366718027735,0.330696202531646,0,0,0,0.692307692307692,0.96319018404908,0,0.570776255707763,0.908805031446541,0.634259259259259,0.670788253477589,0.676923076923077,0,0,0,0,0,0.94081942336874,0.00153846153846154,0.313479623824451,0.99554234769688,0.677966101694915,0,0,0,0,0.924012158054711,0.689497716894977,0,0,0,0,0,0,0.515151515151515,0.998415213946117,0,0.92,0.683076923076923,0.567692307692308,0,0.598086124401914,0.689210950080515,0.688473520249221,0,0.963133640552995,0.679506933744222,0,0,0.624213836477987,0.686274509803922,0.690031152647975,0.684294871794872,0,0.680314960629921,0.681114551083591,0.593167701863354,0.684952978056426,0.0215384615384615,0.693009118541033,0.9185303514377,0.678571428571429,1,0,0.914556962025316,0.690737833594976,0.685534591194969,0.677018633540373,0,0,0,0,0,0,0.666141732283465,0,0.689335394126739,0.684385382059801,0.399385560675883,0.316455696202532,0,0,1,0.690909090909091,0.887345679012346,0,0.965678627145086,0,0,0.681747269890796,0,0,0.375389408099688,0.594855305466238,0.00294550810014728,0.921630094043887,0.904912836767036,0,0,0,0.915492957746479,1,0.687692307692308,0.580847723704867,0.688253012048193,1,0.672413793103448,0.916666666666667,0,0,0.681818181818182,0.682170542635659,0.758942457231726,0.660347551342812,0.683153013910355,0.679938744257274,0,0,0.681388012618297,0,1,0,0.778471138845554,0,0.31651376146789,0,0.685271317829457,0.698738170347003,0.935681470137825,0.315548780487805,0,0,0.202830188679245,0.106687898089172,0.676470588235294,0.686804451510334,0,0.679626749611198,0.736349453978159,0.677367576243981,0,0.901689708141321,0,0,0.68167701863354,0.318611987381703,0.68944099378882,0,0,0.693721286370597,0.694915254237288,0.680722891566265,0.13968253968254,0.683464566929134,0,0.952012383900929,0,0,0.296583850931677,0.348765432098765,0.678913738019169,0.952380952380952,0.676056338028169,0,0,0.693146417445483,0.66407465007776,0.376722817764165,0,0.685975609756098,0.631741140215716,0.689922480620155,0.0154559505409583,0.520440251572327,0.995384615384615,0.699376947040498,0.679582712369598,0.670807453416149,0.68362480127186,0.678787878787879,0.0291411042944785,0,0.686335403726708,0.462519936204147,0.317262830482115,0.757668711656442,0.310679611650485,0,0.674491392801252,0.996870109546166,0.672281776416539,0.690076335877863,0.641538461538462,0.675425038639876,1,0.665620094191523,0.688498402555911,0.675925925925926,0.687789799072643
"751",0.294303797468354,0.310185185185185,0.315467075038285,0.329133858267717,0.30781010719755,0.306278713629403,0.00946372239747634,0.317683881064163,0.307453416149068,0.570287539936102,0.311746987951807,0.63944530046225,0.511627906976744,0.320813771517997,1,1,0.617021276595745,0,0.325077399380805,0.308755760368664,1,1,0.317700453857791,0.515384615384615,0.312121212121212,1,1,0.338072669826224,0.305597579425113,0.524922118380062,1,0.584876543209877,0.359877488514548,0.998432601880878,0.667706708268331,0.310177705977383,0.137614678899083,0.320610687022901,1,0.306184012066365,0.00154083204930663,0,0,0.327160493827161,0.317683881064163,1,0.996884735202492,1,1,1,0.688350983358548,0.325396825396825,1,0.319508448540707,0.312693498452012,0.824921135646688,0.125198098256735,0.317411402157165,0.313846153846154,0.316770186335404,0.996946564885496,1,1,0.00465116279069767,0.3125,0.3125,0.657407407407407,0.325617283950617,0.608761329305136,1,0.315950920245399,1,1,0.277602523659306,0.154434250764526,0.311572700296736,1,0.995447647951442,0.319444444444444,1,0.605095541401274,1,1,0.321266968325792,1,0.322289156626506,0.31839258114374,0.330733229329173,0.322530864197531,0,0.317262830482115,0.32383808095952,0.685271317829457,0.578386605783866,0.31875,0.635542168674699,0.682515337423313,0.308868501529052,0.121405750798722,0,0.306153846153846,0.616459627329193,1,0.311004784688995,1,0.317829457364341,0,0.316770186335404,1,1,1,0.305084745762712,0.998466257668712,0.32262996941896,0.197268588770865,0.308035714285714,1,0.379416282642089,1,1,0.201550387596899,0.309559939301973,1,1,0.330289193302892,1,0.315634218289086,0.307110438729198,0.363496932515337,0.76355421686747,0.317965023847377,1,0.322378716744914,0.631656804733728,0.328638497652582,1,0,1,0.375,0.886363636363636,0.580745341614907,0.59375,0.312404287901991,0.325434439178515,1,0.311627906976744,1,0.301092043681747,0.490136570561457,0.323795180722892,1,0.304747320061256,0.313572542901716,0.322033898305085,0.324534161490683,1,0.302003081664099,1,0.438729198184569,0.316590563165906,1,0.318112633181126,1,0.584639498432602,0.318181818181818,1,0.3198127925117,0.310872894333844,0.334876543209877,0.990936555891239,0.326053042121685,1,0.319314641744548,1,0.316720257234727,1,0.590563165905632,0.301369863013699,0.0304975922953451,0.30077519379845,0.314728682170543,1,0.307332293291732,0.312788906009245,0.320552147239264,0.331768388106416,1,1,0.317411402157165,0.325077399380805,1,1,0.318318318318318,0.235384615384615,0.0164670658682635,0.688854489164087,1,0.00154559505409583,0.314199395770393,1,0.321372854914197,0.309559939301973,0.313455657492355,0.996918335901387,1,1,0.323308270676692,0.315955766192733,0.320061255742726,0.68025078369906,0.301242236024845,1,0.339506172839506,1,1,0.427492447129909,0.320373250388802,0.327718223583461,0.316279069767442,0.304615384615385,0.309486780715397,0.642201834862385,1,1,0.313813813813814,0.00151975683890578,0.327769347496206,0.316642120765832,0.326120556414219,0.309090909090909,0.294851794071763,0.315315315315315,0.694189602446483,0.361319340329835,0.306184012066365,1,0.323343848580442,1,0.307098765432099,0.303937007874016,0.311349693251534,0.332288401253919,0.31378763866878,1,0.322085889570552,0.796875,1,1,0.998439937597504,1,1,0.890795631825273,1,1,1,0.316109422492401,1,0.323343848580442,0,1,0.384266263237519,1,0.314641744548287,0.31875,0.314900153609831,0.419106317411402,1,0.321592649310873,1,1,1,1,0,0.305772230889236,1,1,0.318952234206472,1,0.322678843226788,1,1,0.311627906976744,0.31974921630094,0.291666666666667,0.151376146788991,0.324451410658307,0,0.59009009009009,1,0.316742081447964,0.314728682170543,0.585218702865762,1,1,0.323529411764706,0.32093023255814,1,0.654377880184332,0.691943127962085,0.309262166405024,0.322222222222222,0.992447129909366,0.325,0.304023845007452,1,0.316998468606432,0.305555555555556,1,0.30568356374808,0.316436251920123,0.310769230769231,0.3140625,1,1,1,0.310077519379845,0.315467075038285,0.0061633281972265,0.993798449612403,0.32398753894081,1,1,0.310606060606061,0.32579185520362,0.30381679389313,0.316358024691358,0.320493066255778,1,0.308411214953271,0.306748466257669,0.570747217806041,1,0.833333333333333,1,0,1,0.318796992481203,1,1,0.421374045801527,0.998477929984779,0.326625386996904,1,0.306501547987616,0.302003081664099,0.312883435582822,1,1,0.323574730354391,0.405492730210016,0.604068857589984,0.302180685358255,1,1,1,0.31875,1,0.204301075268817,1,1,1,1,0.324283559577677,1,0.318979266347687,0.331782945736434,0.682737169517885,0.302611367127496,1,0.324200913242009,0.315233785822021,0.314873417721519,1,0.301659125188537,1,0.318047337278107,0.473765432098765,0.318529862174579,0.322884012539185,0.309815950920245,1,0.317683881064163,0.301538461538462,1,1,0.315151515151515,0.314900153609831,1,0.480974124809741,0.314873417721519,0.321044546850998,0.323574730354391,0.678516228748068,1,0.295238095238095,1,0.419558359621451,0.306278713629403,0,0.883408071748879,0.314873417721519,0.317901234567901,0,0.0278207109737249,0.984350547730829,0.314024390243902,1,0.305772230889236,0.312202852614897,1,0.320610687022901,0.317757009345794,0.665639445300462,1,0.318818040435459,0.31924882629108,1,0.308755760368664,0.30503144654088,1,0.346094946401225,0.31441717791411,0.322188449848024,0.334890965732087,0.807395993836672,1,0.976887519260401,1,1,0,1,0.995341614906832,1,0.42967542503864,0.998422712933754,0.306060606060606,0.995468277945619,0.327639751552795,0.996965098634294,0.602086438152012,0.625377643504532,0.320121951219512,0.308845577211394,0.640552995391705,0.313195548489666,0,0.633435582822086,0.672897196261682,0.31859756097561,0,0.314984709480122,0.306153846153846,0.768025078369906,0.327639751552795,0.680061823802164,0.589984350547731,0.317683881064163,0.315629742033384,0.30030959752322,1,0.0237388724035608,0,0.309559939301973,0.324116743471582,0.330275229357798,1,0.333333333333333,0.310185185185185,1,0.31441717791411,0.941538461538462,0.565625,1,1,0.995145631067961,0.324200913242009,0.606656580937973,0.316890881913303,0.315533980582524,0.320433436532508,0.419062027231467,1,0.309375,1,0.318681318681319,0.31378763866878,1,0.323899371069182,1,0.323390894819466,1,1,0.319634703196347,0,1,0.31651376146789,1,0.560675883256528,1,0.510015408320493,1,0.553846153846154,1,0.315132605304212,1,1,1,0.306976744186047,0.323943661971831,0.322058823529412,0.3488,0.332805071315372,0.307339449541284,1,0.327272727272727,1,1,0.325153374233129,0.31619937694704,0.318250377073906,0.391640866873065,0.320610687022901,1,1,0.329211746522411,0.326594090202177,0.626771653543307,0.577044025157233,0.321044546850998,0.318110236220472,1,0.307219662058372,0.310708898944193,0.993827160493827,0.303317535545024,0.312404287901991,0,0.136431784107946,0.320061255742726,0.676646706586826,0.306625577812018,0.319571865443425,0.6,0.996904024767802,0.313935681470138,1,0.309230769230769,0.344827586206897,0.313755795981453,0.467175572519084,0.312404287901991,1,0.319508448540707,0.324324324324324,0.33125,0.687975646879756,1,0.327014218009479,0.310502283105023,0,0.32262996941896,0.998452012383901,0.953917050691244,1,0.313455657492355,0.31969696969697,0.316118935837246,0.583456425406204,1,0.585173501577287,0.334890965732087,1,1,0.969418960244648,0.676335877862595,0.330757341576507,0.362519201228879,0.31306990881459,0.315151515151515,1,1,0.506955177743431,0.630672926447574,1,1,0.998507462686567,0.697160883280757,1,0.328313253012048,0.681957186544342,1,0.321483771251932,0.314814814814815,0.313846153846154,0.998482549317147,1,0.6416,0.326747720364742,1,1,0.323574730354391,0.307228915662651,0.998459167950693,0,0.317757009345794,0.309748427672956,0.00625978090766823,0.307228915662651,1,0.309748427672956,1,0.148091603053435,0,0.901812688821752,0.325688073394495,1,1,0,0,0.324492979719189,1,0.317683881064163,0.998498498498498,0.311320754716981,1,0.998427672955975,0.961479198767334,0.770061728395062,1,1,0.00623052959501558,1,0.516025641025641,0.326086956521739,0.676737160120846,0.320552147239264,1,0.307931570762053,0.680124223602484,1,1,0.30625,0.610119047619048,0.325153374233129,0.589341692789969,0.974842767295597,0.329230769230769,0.595129375951294,0.00925925925925926,0.304347826086957,0.32262996941896,0.3267776096823,1,0.636913767019667,0.30804248861912,0.892141756548536,0.590266875981162,0.967889908256881,1,1,0.315301391035549,0.3421875,0.31104199066874,0.307453416149068,0.316030534351145,0.611275964391691,0.305007587253414,0,0.679882525697504,1,0.328703703703704,0.303543913713405,0.311004784688995,0.320610687022901,0.604294478527607,1,0.328808446455505,0.331269349845201,0.329073482428115,0.31832298136646,0.318529862174579,0.311926605504587,0.191904047976012,0.680314960629921,0.318818040435459,0.5952023988006,1,0.236722306525038,0.320987654320988,0.926791277258567,1,1,0.308282208588957,0.633693972179289,1,0.307575757575758,0.300462249614792,0.956181533646322,1,1,1,0.320668693009119,1,1,0.894899536321484,1,0.350903614457831,1,0.581358609794629,1,0.671732522796353,0.313572542901716,0.600624024960998,1,1,0.992163009404389,0.31892697466468,0.31733746130031,0.327476038338658,0.31651376146789,0.325434439178515,0.328125,0.984251968503937,0.311178247734139,1,1,0.709969788519637,0,0.314329738058552,0.31441717791411,0.682588597842835,1,0.562974203338392,0.325373134328358,0.642857142857143,0.300925925925926,0.311004784688995,1,0.313664596273292,0.311897106109325,0.677570093457944,0.910377358490566,0.320058997050148,0.59748427672956,0.584375,0.317901234567901,0.322932917316693,0.303951367781155,0.590417310664606,0.687692307692308,1,0.894171779141104,1,0.671732522796353,0.9984375,0.593114241001565,0.31055900621118,0.317965023847377,1,1,0.429017160686427,0.995348837209302,0.998491704374057,1,0.312307692307692,0.3267776096823,1,0.313988095238095,0.684370257966616,0.330232558139535,0.460708782742681,0.3015625,0,0.306184012066365,1,1,0.590433482810164,0,0.328125,0.31937984496124,0.10061919504644,0.4112,1,1,0.308396946564885,1,0.411214953271028,1,0.329866270430906,0.587253414264036,0.324492979719189,0.317411402157165,1,0,1,0.308056872037915,0.31832298136646,1,1,1,0.437888198757764,1,0.31733746130031,0.615037593984962,0.329819277108434,0.32484076433121,0,0.0384615384615385,1,0.618461538461539,1,0.325115562403698,0.334394904458599,1,1,0.161290322580645,0.307692307692308,1,0.900452488687783,1,0.32078313253012,0.203761755485893,0.672782874617737,1,1,1,1,1,0.291479820627803,0.309119010819165,1,0.114147909967846,0,0.438167938931298,0,0.327639751552795,1,0.672926447574335,1,1,0.895865237366003,1,0.684451219512195,1,1,1,1
"752",0.400966183574879,0.413416536661466,0.413145539906103,0.424050632911392,0.412225705329154,0.415335463258786,0.108552631578947,0.417460317460317,0.4078125,0.47588424437299,0.405864197530864,0.528861154446178,0.621621621621622,0.427672955974843,0.894060995184591,0.878125,0.516975308641975,0.099025974025974,0.423263327948304,0.404354587869362,0.885758998435055,0.893548387096774,0.42457231726283,0.420472440944882,0.404354587869362,0.897356143079316,0.90224358974359,0.437704918032787,0.414746543778802,0.638977635782748,0.884493670886076,0.703703703703704,0.470588235294118,0.900473933649289,0.566666666666667,0.406666666666667,0.0815047021943574,0.438271604938272,0.898617511520737,0.417682926829268,0.0985915492957746,0.109204368174727,0.109923664122137,0.424483306836248,0.425396825396825,0.903436988543372,0.896988906497623,0.890076335877863,0.885448916408669,0.896923076923077,0.581761006289308,0.436220472440945,0.895545314900154,0.418789808917197,0.40746500777605,0.939873417721519,0.0647709320695103,0.429712460063898,0.403755868544601,0.431962025316456,0.911214953271028,0.892913385826772,0.891891891891892,0.0909090909090909,0.412724306688418,0.415360501567398,0.553090332805071,0.428346456692913,0.509316770186335,0.889580093312597,0.432307692307692,0.90282131661442,0.902866242038217,0.388349514563107,0.0769230769230769,0.416923076923077,0.897239263803681,0.905631659056317,0.4399375975039,0.898360655737705,0.501618122977346,0.898251192368839,0.885895404120444,0.430793157076205,0.902325581395349,0.424886191198786,0.414173228346457,0.433753943217666,0.443217665615142,0.107361963190184,0.412974683544304,0.419753086419753,0.572317262830482,0.480559875583204,0.4144,0.533333333333333,0.575471698113208,0.424100156494523,0.0658105939004815,0.110576923076923,0.409375,0.50392464678179,0.884735202492212,0.413114754098361,0.891547049441786,0.415213946117274,0.103448275862069,0.416534181240064,0.899212598425197,0.901273885350318,0.893249607535322,0.414442700156986,0.906976744186046,0.435331230283912,0.106646058732612,0.412121212121212,0.89375,0.27742946708464,0.898928024502297,0.903328050713154,0.101088646967341,0.412772585669782,0.890769230769231,0.9008,0.438356164383562,0.884914463452566,0.42530487804878,0.422664624808576,0.254716981132075,0.661490683229814,0.441747572815534,0.891849529780564,0.4185303514377,0.540458015267176,0.437194127243067,0.888036809815951,0.093167701863354,0.891338582677165,0.473101265822785,0.786296900489396,0.474921630094044,0.490506329113924,0.420722135007849,0.429276315789474,0.887323943661972,0.404651162790698,0.900763358778626,0.417981072555205,0.607255520504732,0.422664624808576,0.890995260663507,0.405750798722045,0.420062695924765,0.412974683544304,0.425196850393701,0.894736842105263,0.403755868544601,0.901587301587302,0.335423197492163,0.431888544891641,0.892141756548536,0.412942989214176,0.8801261829653,0.481717011128776,0.419457735247209,0.906349206349206,0.411671924290221,0.4296875,0.43125,0.900943396226415,0.415605095541401,0.901771336553945,0.429022082018927,0.900943396226415,0.412724306688418,0.897106109324759,0.486024844720497,0.402190923317684,0.0684039087947883,0.406050955414013,0.419303797468354,0.893481717011129,0.408163265306122,0.427444794952681,0.421383647798742,0.422047244094488,0.901408450704225,0.894573643410853,0.426256077795786,0.427662957074722,0.896124031007752,0.885350318471338,0.427906976744186,0.136434108527132,0.0928462709284627,0.581648522550544,0.895223420647149,0.0923317683881064,0.418070444104135,0.887345679012346,0.40952380952381,0.4209726443769,0.413953488372093,0.881329113924051,0.888888888888889,0.89047619047619,0.4337899543379,0.424590163934426,0.41358024691358,0.572555205047319,0.410459587955626,0.890649762282092,0.443573667711599,0.904088050314465,0.896661367249603,0.353312302839117,0.433544303797468,0.425269645608629,0.42515923566879,0.408385093167702,0.410742496050553,0.528951486697966,0.894654088050314,0.889751552795031,0.40746500777605,0.0992248062015504,0.419601837672282,0.427258805513017,0.425361155698234,0.425499231950845,0.404388714733542,0.429878048780488,0.590266875981162,0.253846153846154,0.41358024691358,0.890127388535032,0.424679487179487,0.898305084745763,0.415625,0.416666666666667,0.413249211356467,0.439490445859873,0.41335453100159,0.896496815286624,0.425696594427245,0.901430842607313,0.903633491311216,0.893129770992366,0.909090909090909,0.889415481832543,0.882165605095541,0.79080824088748,0.895962732919255,0.904984423676013,0.886792452830189,0.416539050535988,0.895734597156398,0.419093851132686,0.101538461538462,0.894736842105263,0.2765625,0.892628205128205,0.422047244094488,0.42654028436019,0.428571428571429,0.323809523809524,0.89358372456964,0.427018633540373,0.885532591414944,0.891603053435114,0.90282131661442,0.899843505477308,0.0978260869565217,0.421303656597774,0.896813353566009,0.901116427432217,0.432859399684044,0.891547049441786,0.422360248447205,0.900311526479751,0.891849529780564,0.419457735247209,0.420382165605096,0.409657320872274,0.0695102685624013,0.431279620853081,0.106918238993711,0.486943164362519,0.900943396226415,0.41692789968652,0.42604501607717,0.475968992248062,0.885802469135803,0.89171974522293,0.426016260162602,0.427001569858713,0.887864823348694,0.546310832025118,0.590189873417722,0.402208201892744,0.42215088282504,0.907407407407407,0.424050632911392,0.406344410876133,0.894321766561514,0.414746543778802,0.409733124018838,0.89589905362776,0.417197452229299,0.415064102564103,0.417322834645669,0.429467084639498,0.900787401574803,0.882978723404255,0.898193760262726,0.406299212598425,0.424920127795527,0.111455108359133,0.913522012578616,0.426517571884984,0.896923076923077,0.894904458598726,0.418320610687023,0.431643625192012,0.419753086419753,0.424290220820189,0.414596273291925,0.892355694227769,0.419558359621451,0.423197492163009,0.465489566613162,0.894495412844037,0.740625,0.888357256778309,0.112676056338028,0.891104294478528,0.423135464231355,0.893481717011129,0.903125,0.311248073959938,0.889751552795031,0.42246835443038,0.885844748858447,0.41390205371248,0.411023622047244,0.415123456790123,0.897798742138365,0.885093167701863,0.43010752688172,0.489566613162119,0.506369426751592,0.410174880763116,0.89622641509434,0.893719806763285,0.896166134185304,0.4185303514377,0.891104294478528,0.103338632750397,0.886645962732919,0.89873417721519,0.895569620253165,0.89297124600639,0.429892141756549,0.894060995184591,0.41786283891547,0.432907348242812,0.580594679186229,0.415360501567398,0.892690513219285,0.413685847589425,0.416539050535988,0.427652733118971,0.893650793650794,0.41358024691358,0.900158478605388,0.425897035881435,0.585669781931464,0.411949685534591,0.422647527910686,0.430793157076205,0.893682588597843,0.418641390205371,0.418897637795276,0.888372093023256,0.885579937304075,0.420970266040689,0.417721518987342,0.896875,0.387345679012346,0.419713831478537,0.430555555555556,0.438485804416404,0.576923076923077,0.886942675159236,0.411382113821138,0.89358372456964,0.318471337579618,0.40625,0.10641627543036,0.977134146341463,0.426948051948052,0.429252782193959,0.100151745068285,0.129541864139021,0.908805031446541,0.42566510172144,0.892857142857143,0.420634920634921,0.42215088282504,0.894654088050314,0.425038639876352,0.4144,0.562893081761006,0.896389324960754,0.416798732171157,0.423380726698262,0.898089171974522,0.408385093167702,0.418940609951846,0.904153354632588,0.230769230769231,0.428571428571429,0.423135464231355,0.442367601246106,0.901869158878505,0.885448916408669,0.863275039745628,0.898050974512744,0.886821705426357,0.110584518167457,0.904238618524333,0.908372827804107,0.895475819032761,0.322884012539185,0.900481540930979,0.406885758998435,0.900459418070444,0.434504792332268,0.899068322981366,0.496951219512195,0.529051987767584,0.423135464231355,0.418461538461538,0.538819875776398,0.422077922077922,0.105990783410138,0.515527950310559,0.573482428115016,0.429237947122862,0.088646967340591,0.416275430359937,0.408950617283951,0.661881977671451,0.420062695924765,0.573667711598746,0.479406919275124,0.415213946117274,0.423017107309487,0.40282131661442,0.916139240506329,0.0865671641791045,0.109120521172638,0.423676012461059,0.435857805255023,0.447900466562986,0.889408099688474,0.225552050473186,0.414826498422713,0.895071542130366,0.408037094281298,0.946875,0.47068145800317,0.887675507020281,0.8887171561051,0.900332225913621,0.413846153846154,0.510736196319018,0.42042042042042,0.42483660130719,0.419152276295133,0.315301391035549,0.905144694533762,0.418238993710692,0.904912836767036,0.4192,0.4224,0.894899536321484,0.423948220064725,0.886706948640483,0.42515923566879,0.893987341772152,0.888364779874214,0.42992125984252,0.0919175911251981,0.881720430107527,0.417445482866044,0.9024,0.658307210031348,0.878048780487805,0.393188854489164,0.890743550834598,0.67398119122257,0.880573248407643,0.419093851132686,0.893312101910828,0.901538461538462,0.885579937304075,0.41588785046729,0.414125200642055,0.418181818181818,0.456486042692939,0.220588235294118,0.416012558869702,0.894904458598726,0.430577223088924,0.883306320907618,0.893682588597843,0.425867507886435,0.420382165605096,0.43010752688172,0.488993710691824,0.428134556574924,0.890262751159196,0.886996904024768,0.438759689922481,0.432646592709984,0.523961661341853,0.486571879936809,0.405956112852665,0.4288,0.887122416534181,0.404354587869362,0.414110429447853,0.885167464114832,0.406752411575563,0.415241057542768,0.106583072100313,0.0672782874617737,0.428120063191153,0.579425113464448,0.411111111111111,0.411023622047244,0.490712074303406,0.889751552795031,0.41875,0.900787401574803,0.432646592709984,0.446570972886762,0.431746031746032,0.574766355140187,0.408163265306122,0.9,0.428792569659443,0.424960505529226,0.428120063191153,0.586314152410575,0.884678747940692,0.431561996779388,0.425696594427245,0.100946372239748,0.418351477449456,0.894409937888199,0.944012441679627,0.886614173228346,0.428792569659443,0.42246835443038,0.4185303514377,0.482280431432974,0.889067524115756,0.483037156704362,0.437400950871632,0.884914463452566,0.891135303265941,0.92093023255814,0.573692551505547,0.419303797468354,0.4625,0.41588785046729,0.420062695924765,0.895833333333333,0.89060092449923,0.406995230524642,0.523659305993691,0.889763779527559,0.892744479495268,0.887675507020281,0.584,0.888024883359253,0.432558139534884,0.57667731629393,0.886153846153846,0.419906687402799,0.425396825396825,0.42566510172144,0.895865237366003,0.899082568807339,0.53322528363047,0.421875,0.893987341772152,0.891304347826087,0.4171875,0.4015625,0.889589905362776,0.105960264900662,0.416534181240064,0.407643312101911,0.0941915227629513,0.428794992175274,0.888719512195122,0.408064516129032,0.890453834115806,0.073094867807154,0.0927357032457496,0.799093655589124,0.429022082018927,0.880368098159509,0.897356143079316,0.10260336906585,0.105828220858896,0.428794992175274,0.90381679389313,0.413290113452188,0.898617511520737,0.410658307210031,0.885895404120444,0.903225806451613,0.930340557275542,0.683385579937304,0.887122416534181,0.887459807073955,0.0876369327073552,0.889240506329114,0.419672131147541,0.415481832543444,0.565420560747664,0.429237947122862,0.891167192429022,0.412974683544304,0.572100313479624,0.892405063291139,0.886255924170616,0.421900161030596,0.520485584218513,0.424528301886792,0.480376766091052,0.927536231884058,0.43956043956044,0.503888024883359,0.094488188976378,0.416536661466459,0.425897035881435,0.417054263565891,0.897394136807818,0.521472392638037,0.40809968847352,0.993720565149137,0.482539682539683,0.9265625,0.890282131661442,0.894409937888199,0.421705426356589,0.45718901453958,0.406299212598425,0.4203125,0.41875,0.511485451761103,0.408385093167702,0.1078125,0.577844311377245,0.896024464831804,0.424806201550388,0.408945686900958,0.431118314424635,0.417177914110429,0.503134796238245,0.900763358778626,0.440184049079755,0.435612082670906,0.438709677419355,0.422776911076443,0.42566510172144,0.418495297805643,0.0918674698795181,0.57395498392283,0.431061806656101,0.504615384615385,0.892018779342723,0.143307086614173,0.418096723868955,0.941362916006339,0.893030794165316,0.883830455259027,0.435331230283912,0.542635658914729,0.882896764252696,0.4171875,0.4015625,0.9216,0.885625965996909,0.898753894080997,0.892405063291139,0.434375,0.889245585874799,0.889060092449923,0.786499215070644,0.894654088050314,0.453846153846154,0.901386748844376,0.474358974358974,0.896389324960754,0.567441860465116,0.412698412698413,0.488076311605723,0.889423076923077,0.890453834115806,0.901743264659271,0.422118380062305,0.423913043478261,0.423452768729642,0.429245283018868,0.415857605177994,0.424483306836248,0.909952606635071,0.417956656346749,0.894488188976378,0.897689768976898,0.638461538461538,0.105431309904153,0.422118380062305,0.425696594427245,0.577743902439024,0.899096385542169,0.464968152866242,0.434250764525994,0.543887147335423,0.4140625,0.415335463258786,0.897560975609756,0.415213946117274,0.415309446254072,0.557324840764331,0.809836065573771,0.424698795180723,0.503961965134707,0.485668789808917,0.424100156494523,0.435612082670906,0.41304347826087,0.491283676703645,0.580847723704867,0.894171779141104,1,0.893846153846154,0.550769230769231,0.899038461538462,0.4928,0.427001569858713,0.416534181240064,0.895545314900154,0.89922480620155,0.31496062992126,0.900473933649289,0.901253918495298,0.902021772939347,0.416666666666667,0.419906687402799,0.903481012658228,0.417298937784522,0.573228346456693,0.430379746835443,0.364779874213836,0.412238325281804,0.112676056338028,0.404088050314465,0.897476340694006,0.893481717011129,0.492979719188768,0.0996884735202492,0.433962264150943,0.427444794952681,0.203470031545741,0.458199356913183,0.906200317965024,0.891891891891892,0.417956656346749,0.901253918495298,0.314285714285714,0.901273885350318,0.426380368098159,0.482059282371295,0.4140625,0.433753943217666,0.903937007874016,0.113114754098361,0.889245585874799,0.413290113452188,0.419303797468354,0.886503067484663,0.890282131661442,0.909230769230769,0.4688,0.894568690095847,0.414173228346457,0.523809523809524,0.43613707165109,0.436305732484076,0.111627906976744,0.0672926447574335,0.902439024390244,0.515384615384615,0.893416927899687,0.430817610062893,0.436893203883495,0.895330112721417,0.898278560250391,0.133748055987558,0.419405320813772,0.89060092449923,0.803125,0.894573643410853,0.420401854714065,0.117460317460317,0.570987654320988,0.897356143079316,0.902290076335878,0.897106109324759,0.886035313001605,0.887708649468892,0.392036753445636,0.408517350157729,0.895071542130366,0.0836012861736334,0.100638977635783,0.349378881987578,0.10327868852459,0.42472266244057,0.889937106918239,0.567353407290016,0.898595943837754,0.904836193447738,0.775193798449612,0.896331738437002,0.576323987538941,0.888888888888889,0.894736842105263,0.900158478605388,0.886792452830189
"753",0.291993720565149,0.302469135802469,0.31441717791411,0.326086956521739,0.309707241910632,0.309119010819165,0.0124031007751938,0.316037735849057,0.303680981595092,0.565687789799073,0.314112291350531,0.640672782874618,0.515432098765432,0.315548780487805,1,1,0.615501519756839,0,0.324031007751938,0.29922480620155,1,1,0.325190839694657,0.515290519877676,0.309309309309309,1,1,0.335443037974684,0.30421686746988,0.52112676056338,1,0.590769230769231,0.366412213740458,0.995384615384615,0.673946957878315,0.314516129032258,0.140458015267176,0.314674735249622,1,0.296520423600605,0.00308641975308642,0,0,0.3203125,0.320493066255778,1,0.993911719939117,1,1,1,0.688650306748466,0.321711568938193,1,0.319508448540707,0.308755760368664,0.817610062893082,0.121495327102804,0.309707241910632,0.311349693251534,0.319938176197836,0.993957703927492,1,1,0.00622083981337481,0.307332293291732,0.312788906009245,0.654205607476635,0.315384615384615,0.611607142857143,1,0.310240963855422,1,1,0.270735524256651,0.158295281582953,0.316187594553706,1,0.993930197268589,0.31981981981982,1,0.600315955766193,1,1,0.316109422492401,1,0.322916666666667,0.312111801242236,0.320433436532508,0.31055900621118,0,0.322480620155039,0.31858407079646,0.692307692307692,0.581081081081081,0.308049535603715,0.64381520119225,0.687116564417178,0.306525037936267,0.121835443037975,0,0.310664605873261,0.619414483821264,1,0.311501597444089,1,0.317484662576687,0,0.319938176197836,1,1,1,0.301223241590214,0.99537750385208,0.318529862174579,0.208459214501511,0.30849478390462,1,0.380517503805175,1,1,0.201210287443268,0.309090909090909,1,1,0.328746177370031,1,0.312684365781711,0.305514157973174,0.373292867981791,0.76602086438152,0.312401883830455,1,0.316846986089645,0.63677130044843,0.329652996845426,1,0.00151515151515152,1,0.379416282642089,0.883647798742138,0.576271186440678,0.596302003081664,0.312597200622084,0.320813771517997,1,0.316590563165906,1,0.297709923664122,0.492401215805471,0.320058997050148,1,0.30757341576507,0.313846153846154,0.312404287901991,0.322480620155039,1,0.304347826086957,1,0.440860215053763,0.324734446130501,1,0.326378539493294,1,0.593167701863354,0.3171875,1,0.308868501529052,0.31039755351682,0.330733229329173,0.986238532110092,0.31733746130031,1,0.318252730109204,1,0.315457413249211,1,0.589230769230769,0.302147239263804,0.0318979266347687,0.295133437990581,0.312977099236641,1,0.296636085626911,0.314984709480122,0.314589665653495,0.329268292682927,1,1,0.318611987381703,0.317972350230415,1,1,0.319083969465649,0.253414264036419,0.0207407407407407,0.696319018404908,1,0.00306748466257669,0.315950920245399,1,0.319182389937107,0.302255639097744,0.305007587253414,0.996913580246914,1,1,0.322436849925706,0.310344827586207,0.317700453857791,0.677914110429448,0.297546012269939,1,0.338931297709924,1,1,0.455098934550989,0.315870570107858,0.316265060240964,0.326747720364742,0.293663060278207,0.3140625,0.643518518518518,1,1,0.309559939301973,0.00449101796407186,0.322338830584708,0.310911808669656,0.321044546850998,0.294930875576037,0.296352583586626,0.312688821752266,0.706686930091185,0.372549019607843,0.297090352220521,1,0.318529862174579,1,0.301972685887709,0.302325581395349,0.306153846153846,0.322981366459627,0.304212168486739,1,0.3125,0.798461538461538,1,1,0.996879875195008,1,1,0.891808346213292,1,1,1,0.313725490196078,1,0.320126782884311,0,1,0.386018237082067,1,0.316279069767442,0.321372854914197,0.310136157337368,0.424846625766871,1,0.320182094081942,1,1,1,1,0,0.307692307692308,1,1,0.316770186335404,1,0.320726172465961,1,1,0.309230769230769,0.318611987381703,0.297380585516179,0.148837209302326,0.328682170542636,0,0.599410898379971,1,0.31981981981982,0.317683881064163,0.574660633484163,1,1,0.326498422712934,0.325581395348837,1,0.660606060606061,0.710031347962382,0.302325581395349,0.315286624203822,0.99406528189911,0.323029366306028,0.297496318114875,1,0.30757341576507,0.298780487804878,1,0.304821150855365,0.312121212121212,0.308755760368664,0.309707241910632,1,1,1,0.302795031055901,0.321981424148607,0.00759878419452888,0.99075500770416,0.320373250388802,1,1,0.312781954887218,0.322962962962963,0.296520423600605,0.316358024691358,0.309090909090909,1,0.297674418604651,0.309230769230769,0.57345971563981,1,0.837962962962963,1,0,1,0.323397913561848,1,1,0.418320610687023,0.998489425981873,0.31687898089172,1,0.305343511450382,0.30568356374808,0.31306990881459,1,1,0.313546423135464,0.400936037441498,0.607476635514019,0.302795031055901,1,1,1,0.3234375,1,0.217522658610272,1,1,1,1,0.322822822822823,1,0.318910256410256,0.329249617151608,0.678899082568807,0.30030959752322,1,0.321100917431193,0.315315315315315,0.304625199362041,1,0.304804804804805,1,0.316187594553706,0.475683890577508,0.321100917431193,0.324409448818898,0.312121212121212,1,0.313971742543171,0.298921417565485,1,1,0.316187594553706,0.303353658536585,1,0.47376311844078,0.30625,0.328746177370031,0.32370820668693,0.691833590138675,1,0.288431061806656,1,0.426332288401254,0.310185185185185,0,0.88622754491018,0.309748427672956,0.314503816793893,0,0.0342679127725857,0.979938271604938,0.316998468606432,1,0.302003081664099,0.317307692307692,1,0.321699544764795,0.314984709480122,0.669724770642202,1,0.318042813455657,0.32,1,0.306060606060606,0.307098765432099,1,0.33587786259542,0.309375,0.320359281437126,0.330757341576507,0.796969696969697,1,0.978193146417445,1,1,0.00155763239875389,1,0.992389649923896,1,0.428792569659443,0.996875,0.308270676691729,0.992447129909366,0.32262996941896,0.995426829268293,0.600297176820208,0.631498470948012,0.318529862174579,0.314285714285714,0.642748091603053,0.30952380952381,0,0.635114503816794,0.688473520249221,0.314285714285714,0.0015220700152207,0.308755760368664,0.306646525679758,0.776212832550861,0.322678843226788,0.683563748079877,0.5875,0.309597523219814,0.318042813455657,0.293759512937595,1,0.0263929618768328,0,0.312312312312312,0.331297709923664,0.33026113671275,1,0.344186046511628,0.311550151975684,1,0.303030303030303,0.941358024691358,0.571428571428571,1,1,0.991735537190083,0.311475409836066,0.608433734939759,0.322916666666667,0.312401883830455,0.306990881458967,0.428139183055976,1,0.304416403785489,1,0.316957210776545,0.316692667706708,1,0.314375987361769,1,0.321646341463415,1,1,0.316030534351145,0,1,0.317073170731707,1,0.568147013782542,1,0.512977099236641,1,0.560862865947612,1,0.311349693251534,1,1,1,0.305084745762712,0.322981366459627,0.307578008915305,0.3488,0.336538461538462,0.301972685887709,1,0.318461538461538,1,1,0.328746177370031,0.312989045383412,0.311649016641452,0.394216133942161,0.321538461538462,1,1,0.326315789473684,0.320433436532508,0.624036979969183,0.588976377952756,0.310975609756098,0.317262830482115,1,0.306646525679758,0.312874251497006,0.993865030674847,0.309636650868878,0.313846153846154,0,0.146926536731634,0.317411402157165,0.68575624082232,0.304953560371517,0.313725490196078,0.595488721804511,0.996955859969559,0.311827956989247,1,0.305810397553517,0.338533541341654,0.311145510835913,0.465045592705167,0.311145510835913,1,0.315548780487805,0.315384615384615,0.3234375,0.689291101055807,1,0.320813771517997,0.310606060606061,0,0.32383808095952,0.998470948012232,0.95144157814871,1,0.316998468606432,0.314674735249622,0.314241486068111,0.583208395802099,1,0.593406593406593,0.3359375,1,1,0.964831804281346,0.686728395061728,0.321044546850998,0.355828220858896,0.314503816793893,0.314285714285714,1,1,0.510736196319018,0.64018691588785,1,1,0.998489425981873,0.690625,1,0.321375186846039,0.683812405446294,1,0.321646341463415,0.309486780715397,0.308527131782946,0.996927803379416,1,0.650393700787402,0.320552147239264,1,1,0.320610687022901,0.306525037936267,0.998463901689708,0,0.306729264475743,0.305555555555556,0.00773993808049536,0.312594840667678,1,0.305900621118012,1,0.150074294205052,0,0.895833333333333,0.321212121212121,1,1,0,0.00151745068285281,0.322775263951735,1,0.310452418096724,0.997014925373134,0.308868501529052,1,1,0.964723926380368,0.779969650986343,1,1,0.00611620795107034,1,0.520440251572327,0.318611987381703,0.6797583081571,0.319758672699849,1,0.301710730948678,0.678899082568807,1,1,0.309859154929577,0.614814814814815,0.326219512195122,0.58641975308642,0.972519083969466,0.329738058551618,0.602427921092564,0.0153374233128834,0.310769230769231,0.314900153609831,0.320839580209895,1,0.641881638846737,0.303759398496241,0.889570552147239,0.585780525502318,0.967016491754123,1,1,0.303680981595092,0.332807570977918,0.30077519379845,0.306278713629403,0.308868501529052,0.612518628912072,0.306427503736921,0,0.679411764705882,0.998491704374057,0.323664122137405,0.302936630602782,0.310832025117739,0.31892697466468,0.606758832565284,1,0.323262839879154,0.328703703703704,0.327503974562798,0.31839258114374,0.306646525679758,0.312883435582822,0.194319880418535,0.686427457098284,0.309486780715397,0.594512195121951,1,0.243975903614458,0.317629179331307,0.91640866873065,1,1,0.310872894333844,0.633333333333333,1,0.311377245508982,0.298761609907121,0.952160493827161,1,1,0.99685534591195,0.314674735249622,1,1,0.891975308641975,1,0.350824587706147,1,0.591836734693878,1,0.67629179331307,0.31839258114374,0.598473282442748,1,1,0.992199687987519,0.325227963525836,0.324615384615385,0.3234375,0.3125,0.314873417721519,0.321428571428571,0.98297213622291,0.306766917293233,1,1,0.720364741641337,0,0.312121212121212,0.315151515151515,0.684848484848485,1,0.56969696969697,0.323922734026746,0.655384615384615,0.310664605873261,0.311501597444089,1,0.306501547987616,0.312297734627832,0.690851735015773,0.905956112852665,0.315328467153285,0.602825745682888,0.575471698113208,0.319083969465649,0.323899371069182,0.29922480620155,0.584615384615385,0.688253012048193,1,0.893846153846154,1,0.667669172932331,0.996889580093313,0.592125984251968,0.314814814814815,0.318110236220472,1,1,0.430745814307458,0.992211838006231,0.997005988023952,1,0.30441400304414,0.315384615384615,1,0.310192023633678,0.688549618320611,0.327639751552795,0.463076923076923,0.298003072196621,0,0.30441400304414,1,1,0.593939393939394,0.00151975683890578,0.324159021406728,0.322678843226788,0.101226993865031,0.408945686900958,1,1,0.304675716440422,1,0.425269645608629,1,0.325478645066274,0.58678955453149,0.320121951219512,0.313755795981453,1,0,1,0.300314465408805,0.320987654320988,1,1,1,0.449139280125196,1,0.316279069767442,0.618045112781955,0.322775263951735,0.312698412698413,0.00153609831029186,0.0398162327718224,1,0.612403100775194,1,0.329268292682927,0.330173775671406,1,1,0.17351598173516,0.302710843373494,1,0.896024464831804,1,0.315007429420505,0.209702660406886,0.670245398773006,1,1,1,1,1,0.278614457831325,0.296636085626911,1,0.121069182389937,0.0015600624024961,0.443076923076923,0,0.319018404907975,1,0.684532924961715,1,1,0.884437596302003,1,0.689291101055807,1,1,1,1
"754",0,0,0,0,0,0,0.309148264984227,0,0,0.908507223113965,0,0.950617283950617,0.183835182250396,0,0.668730650154799,0.687595712098009,0.938066465256798,0.331746031746032,0,0,0.700310559006211,0.672868217054264,0,0.848998459167951,0,0.659509202453988,0.673405909797823,0,0,0.203791469194313,0.671802773497689,0.256060606060606,0.0358208955223881,0.674884437596302,1,0,0.47581903276131,0,0.688922610015175,0,0.355140186915888,0.330781010719755,0.322775263951735,0,0,0.667185069984448,0.669781931464174,0.680916030534351,0.669150521609538,0.661094224924012,1,0,0.674735249621785,0,0,0.482003129890454,0.45583596214511,0,0,0,0.657099697885196,0.669724770642202,0.671361502347418,0.330769230769231,0,0,0.960815047021944,0,0.942392909896603,0.667678300455235,0,0.668188736681887,0.656101426307448,0.0377358490566038,0.495440729483283,0,0.677862595419847,0.651127819548872,0,0.66877971473851,0.918367346938776,0.66304347826087,0.665130568356375,0,0.646341463414634,0,0,0,0,0.321538461538462,0,0,1,0.904545454545455,0,0.950151057401813,1,0,0.454258675078864,0.340490797546012,0,0.948517940717629,0.665644171779141,0,0.670347003154574,0,0.332302936630603,0,0.666149068322981,0.667175572519084,0.668195718654434,0,0.659509202453988,0,0.521212121212121,0,0.670807453416149,0.710122699386503,0.665165165165165,0.67032967032967,0.525345622119816,0.00151975683890578,0.665667166416792,0.677165354330709,0,0.680786686838124,0,0,0.683153013910355,0.444780635400908,0,0.667692307692308,0,0.954678362573099,0,0.671732522796353,0.341538461538462,0.654377880184332,0.0662557781201849,0.552166934189406,0.903522205206738,0.910077519379845,0,0,0.649921507064364,0,0.667660208643815,0,0.186646433990895,0,0.660883280757098,0,0,0,0,0.656786271450858,0,0.667711598746082,0.743202416918429,0,0.678461538461538,0,0.691244239631336,0.912908242612753,0,0.670807453416149,0,0,0,0.651127819548872,0,0.660964230171073,0,0.68075117370892,0,0.670826833073323,0.931297709923664,0,0.375198728139905,0,0,0.66820987654321,0,0,0,0,0.661949685534591,0.674311926605505,0,0.00156494522691706,0.666666666666667,0.680817610062893,0,0.553544494720965,0.33920704845815,1,0.667175572519084,0.342465753424658,0,0.66156202143951,0,0.00151285930408472,0,0.675925925925926,0.66566265060241,0.65625,0,0,0,1,0,0.673946957878315,0.0297805642633229,0.659409020217729,0.674884437596302,0.242283950617284,0,0,0,0,0,0.953703703703704,0.671232876712329,0.660060975609756,0,0.327743902439024,0,0,0.00153139356814701,0.00154320987654321,0,0,0.998456790123457,0.689759036144578,0,0.68062015503876,0,0.685758513931889,0,0,0,0,0,0.664050235478807,0,0.483920367534456,0.66306027820711,0.661631419939577,0.675425038639876,0.664098613251156,0.659969088098918,0.572769953051643,0.654798761609907,0.671732522796353,0.666666666666667,0,0.665634674922601,0,0.331288343558282,0.673846153846154,0.693233082706767,0.654205607476635,0,0,0,0.741590214067278,0.674922600619195,0,0.6703125,0.659732540861813,0.674347158218126,0.662576687116564,0.327692307692308,0,0.663622526636225,0.670846394984326,0,0.684210526315789,0,0.677811550151976,0.672307692307692,0,0,0,0.469860896445131,0,0.324534161490683,0.921013412816691,0.659541984732824,0,0,0.906727828746177,0.663125948406677,0.660910518053375,0,0,0.685847589424572,0.975535168195719,0.998427672955975,0,0,0.646616541353383,0.00154083204930663,0,0.676204819277108,0,0,0.669724770642202,0,0,0,0,0.666666666666667,0.674140508221226,0.655608214849921,0,0,0.344360902255639,0.668721109399075,0,0.663189269746647,0.688372093023256,0,0,0.00153846153846154,0,0,0.659969088098918,0,0,0.9,0.656060606060606,0.501547987616099,0.676703645007924,0.344186046511628,0.661094224924012,0,0.6765625,0.655864197530864,0.743202416918429,0.661144578313253,0,0.661218424962853,0,0,0,0.674922600619195,0.674174174174174,0.00154083204930663,0.0689102564102564,0.939252336448598,0,0.672782874617737,0.668759811616955,0.677067082683307,0,0.658093797276853,0.534775888717156,0.659969088098918,0.675925925925926,0.675507020280811,0.67651632970451,0,0.661490683229814,0,0,1,0,0.664110429447853,0,0,0,0.657770800627943,0,0.674085850556439,0,0.158054711246201,0,0,0,0.672754946727549,0,0,0.672782874617737,0.670807453416149,0,0,0.669218989280245,0.814871016691957,0,0.00153609831029186,0,1,0.675507020280811,0,0.680365296803653,0.758620689655172,0,0.338931297709924,0.547799696509863,0,0,0.33920704845815,0.312307692307692,0.639876352395672,0,0.667177914110429,0,0,0.65987460815047,0,0.0015625,0.993827160493827,0.653846153846154,0,0,0.665109034267913,0,0,0.679566563467492,0.676737160120846,0,0,0,0.46,0.675187969924812,0.6421875,0.662739322533137,0.655913978494624,0.325545171339564,0.659638554216867,0.655712050078247,0.670750382848392,0.761467889908257,0.660910518053375,0,0.666169895678092,0.00155763239875389,0.667687595712098,0.91904047976012,0.945619335347432,0,0,0.95738203957382,0,0.32824427480916,0.95405819295559,0.990697674418605,0,0.332326283987915,0,0,0.444617784711388,0,1,0.93015873015873,0,0,0,0.666666666666667,0.368575624082232,0.324409448818898,0.00453857791225416,0,0.0168711656441718,0.685099846390169,0.665123456790123,0,0.680817610062893,0,0.613251155624037,0.898753894080997,0.669218989280245,0.665671641791045,0.657284768211921,0,0.922374429223744,0,0,0,0.745864661654135,0.661949685534591,0,0.669266770670827,0,0,0.675226586102719,0,0.659159159159159,0,0.677018633540373,0.665116279069767,0,0.3375,0.672205438066465,0,0.673469387755102,0.231481481481481,0.673748103186646,0.845329249617152,0.671111111111111,0.217054263565891,0.673534072900158,0,0.666666666666667,0.645454545454546,0.689969604863222,0,0,0,0.0284810126582278,0.668276972624799,0,0.665086887835703,0,0.668261562998405,0.667175572519084,0,0,0,0.0790697674418605,0,0.674846625766871,0.666666666666667,0,0,0.953560371517028,0.925233644859813,0,0,0.680817610062893,0,0,0.674311926605505,0,0,0.332822085889571,0.479638009049774,0,1,0,0,0.906441717791411,0.657407407407407,0,0.660606060606061,0.00153374233128834,0.0360501567398119,0.00156985871271586,0.168195718654434,0,0.656692913385827,0,0,0,1,0.676236044657097,0,0,0.337461300309598,0,0.66358024691358,0.626153846153846,0.661016949152542,0,0,0,0.915902140672783,0.664566929133858,0.915094339622642,0.00155038759689922,0.670196671709531,0.685015290519878,0.638167938931298,1,0,0.0430769230769231,0,0,0.662538699690402,0.680722891566265,0.849765258215962,0.959814528593508,0.66,0.673846153846154,0.661094224924012,1,0.674311926605505,0,1,0.665137614678899,0,0,0,0.670731707317073,0.666666666666667,0.962264150943396,0,0.670245398773006,0.676829268292683,0,0,0.666153846153846,0.324149108589951,0,0,0.322932917316693,0,0.67921686746988,0,0.674528301886792,0.481707317073171,0.344776119402985,0.590015128593041,0,0.689189189189189,0.670245398773006,0.328313253012048,0.344827586206897,0,0.656488549618321,0,0.66015037593985,0,0.665130568356375,0.673534072900158,0.635658914728682,0.472560975609756,0.668769716088328,0.670295489891135,0.347826086956522,0.668711656441718,0.854430379746835,0,1,0,0.696875,0,1,0.668174962292609,0.668740279937792,0,0.942477876106195,0,0.915384615384615,0.646058732612056,0,0.938556067588326,0.341500765696784,0,0,0,0.673076923076923,0.958966565349544,0,0.548536209553159,0.914826498422713,0.629573170731707,0.670261941448382,0.665658093797277,0,0,0,0,0,0.933734939759036,0.00457317073170732,0.326687116564417,0.998518518518518,0.662576687116564,0,0,0,0,0.917177914110429,0.668683812405446,0,0,0,0,0,0,0.519519519519519,1,0,0.919330289193303,0.665130568356375,0.571428571428571,0,0.599369085173502,0.674718196457327,0.674846625766871,0,0.957120980091884,0.672754946727549,0,0,0.616224648985959,0.677914110429448,0.67651632970451,0.661927330173776,0.00152439024390244,0.6625,0.670713201820941,0.574303405572755,0.667177914110429,0.0300751879699248,0.674311926605505,0.917981072555205,0.663109756097561,1,0,0.915384615384615,0.682888540031397,0.668231611893584,0.675883256528418,0,0,0,0,0,0,0.650393700787402,0,0.673343605546995,0.670549084858569,0.386018237082067,0.341194968553459,0,0,1,0.666666666666667,0.884080370942813,0.00148148148148148,0.963020030816641,0,0,0.66875,0,0,0.377151799687011,0.573717948717949,0.00441826215022091,0.924031007751938,0.910377358490566,0,0,0,0.918586789554531,1,0.671732522796353,0.550769230769231,0.667669172932331,1,0.660436137071651,0.9136,0,0,0.666153846153846,0.670769230769231,0.761171032357473,0.646511627906977,0.665144596651446,0.662538699690402,0,0,0.653907496012759,0,1,0,0.77984496124031,0,0.342383107088989,0,0.679817905918058,0.677265500794913,0.930875576036866,0.339449541284404,0,0,0.214175654853621,0.0968253968253968,0.665634674922601,0.666666666666667,0,0.671339563862928,0.74347158218126,0.661442006269592,0,0.904109589041096,0,0,0.668188736681887,0.331259720062208,0.677570093457944,0,0,0.679817905918058,0.672782874617737,0.667164179104478,0.139318885448916,0.667701863354037,0,0.946646341463415,0,0,0.309815950920245,0.366153846153846,0.664,0.944099378881988,0.659409020217729,0,0,0.675465838509317,0.66,0.385321100917431,0,0.67218045112782,0.608231707317073,0.676829268292683,0.0152439024390244,0.530232558139535,0.996974281391831,0.684615384615385,0.658246656760773,0.655226209048362,0.673566878980892,0.676646706586826,0.0274390243902439,0,0.672360248447205,0.460443037974684,0.32967032967033,0.762481089258699,0.321086261980831,0,0.661094224924012,0.998439937597504,0.662037037037037,0.674311926605505,0.624427480916031,0.668238993710692,1,0.660060975609756,0.669278996865204,0.659340659340659,0.671274961597542
"755",0.304,0.3171875,0.323899371069182,0.337620578778135,0.323671497584541,0.313880126182965,0.0161550888529887,0.32475884244373,0.316957210776545,0.560457516339869,0.324921135646688,0.63125,0.523274478330658,0.331730769230769,0.998405103668262,0.996789727126806,0.609177215189873,0.00330578512396694,0.334943639291465,0.324237560192616,0.996815286624204,0.996779388083736,0.334370139968896,0.503949447077409,0.316614420062696,0.998392282958199,0.996726677577741,0.342622950819672,0.324492979719189,0.543548387096774,0.996835443037975,0.602167182662539,0.381933438985737,0.99837925445705,0.654952076677316,0.327212020033389,0.132911392405063,0.329704510108865,0.996923076923077,0.309486780715397,0.00157977883096367,0.00159235668789809,0.00305810397553517,0.33063209076175,0.329113924050633,0.996763754045307,0.998387096774194,0.996879875195008,0.996894409937888,0.998427672955975,0.690363349131122,0.3408,0.996840442338073,0.324960753532182,0.318541996830428,0.825878594249201,0.118971061093248,0.337060702875399,0.324367088607595,0.332807570977918,0.995283018867924,0.998397435897436,0.996805111821086,0.00317460317460317,0.319672131147541,0.327044025157233,0.645933014354067,0.331210191082803,0.600311041990669,0.998422712933754,0.329133858267717,0.996860282574568,0.99836867862969,0.285245901639344,0.158059467918623,0.322085889570552,0.996865203761755,0.996894409937888,0.331761006289308,0.996694214876033,0.586429725363489,0.998394863563403,0.996860282574568,0.327044025157233,1,0.323029366306028,0.321086261980831,0.333333333333333,0.328050713153724,0.00313479623824451,0.321428571428571,0.332819722650231,0.669278996865204,0.562204724409449,0.315533980582524,0.627725856697819,0.673667205169628,0.315457413249211,0.119402985074627,0,0.323809523809524,0.600633914421553,0.998412698412698,0.330605564648118,0.996763754045307,0.32475884244373,0.00316957210776545,0.326433121019108,0.996810207336523,0.998417721518987,0.996870109546166,0.311811023622047,1,0.333333333333333,0.19751166407465,0.319018404907975,1,0.372854914196568,0.996889580093313,0.996789727126806,0.195924764890282,0.3168,0.998427672955975,0.99673735725938,0.338557993730408,0.996870109546166,0.32824427480916,0.324074074074074,0.364649681528662,0.769470404984424,0.325242718446602,0.998420221169036,0.336012861736334,0.626543209876543,0.337171052631579,0.996918335901387,0.00158982511923688,0.998407643312102,0.389507154213037,0.877049180327869,0.560702875399361,0.579778830963665,0.322884012539185,0.320907617504052,0.996835443037975,0.320754716981132,0.996879875195008,0.310897435897436,0.523291925465838,0.330757341576507,0.99836867862969,0.309636650868878,0.313504823151125,0.334405144694534,0.3232,0.996810207336523,0.321766561514196,0.996805111821086,0.433229813664596,0.330745341614907,0.998427672955975,0.324031007751938,0.9968,0.582258064516129,0.325806451612903,0.996789727126806,0.331230283911672,0.311912225705329,0.341307814992026,0.990491283676704,0.339256865912762,0.998376623376623,0.338118022328549,0.998430141287284,0.331147540983607,0.998394863563403,0.577777777777778,0.308176100628931,0.0275974025974026,0.307324840764331,0.319554848966614,0.996784565916399,0.310015898251192,0.332802547770701,0.322834645669291,0.338607594936709,0.998405103668262,0.998447204968944,0.320967741935484,0.328525641025641,0.996913580246914,0.99837925445705,0.330128205128205,0.227129337539432,0.0138461538461538,0.68362480127186,0.998402555910543,0,0.326465927099842,0.996923076923077,0.330081300813008,0.31619937694704,0.324281150159744,0.9952,0.998444790046656,0.998371335504886,0.330769230769231,0.324590163934426,0.320574162679426,0.670988654781199,0.307568438003221,0.996742671009772,0.347619047619048,0.9968,0.998425196850394,0.437001594896332,0.32475884244373,0.326530612244898,0.333868378812199,0.31629392971246,0.320574162679426,0.630331753554502,0.9968,0.9984375,0.31911532385466,0.00158227848101266,0.337461300309598,0.321646341463415,0.329093799682035,0.31875,0.305825242718447,0.320610687022901,0.692063492063492,0.355590062111801,0.315541601255887,0.998410174880763,0.328478964401294,0.99685534591195,0.317610062893082,0.314102564102564,0.322327044025157,0.334405144694534,0.322422258592471,0.998392282958199,0.336463223787167,0.793269230769231,0.996830427892235,0.998427672955975,1,0.996810207336523,0.996810207336523,0.886547811993517,0.996815286624204,0.996835443037975,0.998425196850394,0.322085889570552,0.996835443037975,0.322259136212625,0.00153374233128834,0.996825396825397,0.374603174603175,0.996810207336523,0.324717285945073,0.335443037974684,0.323296354992076,0.41838351822504,0.996865203761755,0.335949764521193,0.996774193548387,0.996870109546166,0.9968,0.996894409937888,0,0.323151125401929,0.996870109546166,0.998387096774194,0.327922077922078,0.998384491114701,0.326498422712934,0.99685534591195,0.998422712933754,0.315533980582524,0.333878887070376,0.30952380952381,0.145135566188198,0.337662337662338,0.00312989045383412,0.574500768049155,0.998412698412698,0.327044025157233,0.324881141045959,0.561128526645768,0.99685534591195,0.996774193548387,0.32516339869281,0.334935897435897,0.998422712933754,0.651632970451011,0.679674796747967,0.314935064935065,0.326332794830372,0.995327102803738,0.333860759493671,0.311248073959938,0.996840442338073,0.320574162679426,0.312698412698413,1,0.312399355877617,0.321086261980831,0.327476038338658,0.320574162679426,0.998417721518987,0.998447204968944,0.998397435897436,0.327014218009479,0.338095238095238,0.0125588697017268,0.996779388083736,0.337133550488599,1,0.998397435897436,0.323854660347551,0.332298136645963,0.310832025117739,0.333855799373041,0.327586206896552,0.9968,0.317230273752013,0.314785373608903,0.543689320388349,0.9984375,0.831230283911672,0.998387096774194,0.00318979266347687,0.998427672955975,0.332302936630603,0.9967585089141,0.998410174880763,0.421383647798742,0.998439937597504,0.324367088607595,0.996937212863706,0.313504823151125,0.310509554140127,0.323390894819466,0.998422712933754,0.996870109546166,0.329113924050633,0.414754098360656,0.593192868719611,0.301980198019802,0.996845425867508,0.998389694041868,0.998381877022654,0.324675324675325,0.996850393700787,0.2,0.996850393700787,0.9968,0.996774193548387,0.998417721518987,0.338028169014085,0.996805111821086,0.330564784053156,0.336538461538462,0.670947030497592,0.312903225806452,0.998397435897436,0.332263242375602,0.329153605015674,0.32137030995106,0.996747967479675,0.314152410575428,0.9967585089141,0.334876543209877,0.492822966507177,0.335423197492163,0.32843137254902,0.31687898089172,0.998410174880763,0.329073482428115,0.310177705977383,0.998422712933754,0.998392282958199,0.320634920634921,0.317965023847377,0.998405103668262,0.468652037617555,0.317230273752013,0.3421875,0.333858267716535,0.67244094488189,0.996779388083736,0.305280528052805,0.996850393700787,0.421052631578947,0.310789049919485,0.00158982511923688,0.88503937007874,0.323624595469256,0.324881141045959,0.00151745068285281,0.0330188679245283,0.987261146496815,0.324324324324324,0.996835443037975,0.316535433070866,0.326666666666667,0.998412698412698,0.3375,0.323151125401929,0.65818759936407,0.998422712933754,0.318840579710145,0.330645161290323,0.996805111821086,0.327503974562798,0.315270935960591,0.99670510708402,0.33968253968254,0.3184,0.323390894819466,0.333865814696486,0.79153605015674,0.998407643312102,0.977671451355662,0.996908809891808,0.996835443037975,0.00325732899022801,0.998420221169036,0.995268138801262,0.9984375,0.425324675324675,1,0.316279069767442,0.996850393700787,0.336538461538462,0.998412698412698,0.587786259541985,0.616113744075829,0.330733229329173,0.318818040435459,0.630503144654088,0.324193548387097,0.0031055900621118,0.623639191290824,0.671497584541063,0.330733229329173,0.00315457413249211,0.317384370015949,0.315372424722662,0.772727272727273,0.332288401253919,0.680817610062893,0.573770491803279,0.327503974562798,0.322932917316693,0.30298273155416,0.998392282958199,0.0196078431372549,0.00330578512396694,0.322327044025157,0.333863275039746,0.345736434108527,0.996860282574568,0.338164251207729,0.323854660347551,0.9967585089141,0.3109375,0.949044585987261,0.552884615384615,0.998430141287284,0.996875,0.994871794871795,0.326530612244898,0.596850393700787,0.325264750378215,0.315112540192926,0.320695102685624,0.407523510971787,0.996794871794872,0.314696485623003,0.996774193548387,0.32520325203252,0.323151125401929,0.996870109546166,0.336553945249597,0.996937212863706,0.325878594249201,0.998412698412698,0.996753246753247,0.329652996845426,0.00158730158730159,0.996923076923077,0.326018808777429,0.998381877022654,0.582417582417582,0.996918335901387,0.492868462757528,0.996875,0.575757575757576,0.996784565916399,0.319286871961102,0.998407643312102,0.998420221169036,0.996875,0.323390894819466,0.325806451612903,0.32824427480916,0.35973597359736,0.330081300813008,0.317384370015949,0.998381877022654,0.332805071315372,0.996688741721854,0.996875,0.333333333333333,0.321428571428571,0.321316614420063,0.405909797822706,0.326656394453005,0.998425196850394,0.998425196850394,0.33175355450237,0.331723027375201,0.613162118780096,0.576862123613312,0.3232,0.329052969502408,0.996815286624204,0.310832025117739,0.323664122137405,0.990625,0.319218241042345,0.313291139240506,0.00316957210776545,0.141524105754277,0.324960753532182,0.666153846153846,0.323577235772358,0.328638497652582,0.578461538461538,0.995184590690209,0.322169059011164,0.998407643312102,0.31637519872814,0.354838709677419,0.324237560192616,0.485849056603774,0.322061191626409,0.996732026143791,0.327503974562798,0.326366559485531,0.337620578778135,0.681318681318681,0.998355263157895,0.330065359477124,0.322932917316693,0.0032,0.333333333333333,0.998407643312102,0.960443037974684,0.996875,0.326053042121685,0.329635499207607,0.326433121019108,0.56656346749226,0.996742671009772,0.578606158833063,0.337078651685393,0.998444790046656,0.996850393700787,0.967340590979782,0.662420382165605,0.333860759493671,0.375389408099688,0.331230283911672,0.325984251968504,0.996747967479675,0.996904024767802,0.492822966507177,0.622186495176849,0.996830427892235,0.996784565916399,0.998435054773083,0.68189233278956,0.996810207336523,0.330246913580247,0.670947030497592,0.996835443037975,0.33489827856025,0.320634920634921,0.333333333333333,1,0.996913580246914,0.629139072847682,0.324451410658307,0.996774193548387,0.996884735202492,0.329153605015674,0.318541996830428,1,0.00164744645799012,0.317891373801917,0.319935691318328,0.0048,0.328125,0.996894409937888,0.317384370015949,0.996815286624204,0.143302180685358,0.0031055900621118,0.889408099688474,0.332807570977918,0.996899224806202,0.996820349761526,0.00313971742543171,0.0015552099533437,0.32753164556962,0.996845425867508,0.313014827018122,1,0.315024232633279,0.996860282574568,0.996794871794872,0.96656050955414,0.777424483306836,1,0.998381877022654,0.0046875,0.998430141287284,0.50402576489533,0.325878594249201,0.660347551342812,0.3359375,0.996794871794872,0.308306709265176,0.667189952904239,1,0.998392282958199,0.320967741935484,0.602484472049689,0.333333333333333,0.566129032258065,0.975649350649351,0.336025848142165,0.588235294117647,0.00791139240506329,0.3184,0.338050314465409,0.330203442879499,0.998355263157895,0.626934984520124,0.310236220472441,0.894488188976378,0.577741407528642,0.970633693972179,0.99685534591195,0.998435054773083,0.319620253164557,0.348258706467662,0.317384370015949,0.322932917316693,0.322784810126582,0.600917431192661,0.31974921630094,0.0015600624024961,0.670212765957447,1,0.331730769230769,0.318327974276527,0.324104234527687,0.329153605015674,0.58528951486698,0.996899224806202,0.3359375,0.33868378812199,0.338308457711443,0.325320512820513,0.324451410658307,0.320063694267516,0.193798449612403,0.670988654781199,0.335433070866142,0.582278481012658,0.998405103668262,0.231496062992126,0.328593996840442,0.92776886035313,0.99672131147541,0.996845425867508,0.322932917316693,0.623622047244095,0.996875,0.31911532385466,0.310289389067524,0.957860615883306,0.9984375,0.996820349761526,1,0.32755905511811,0.996825396825397,0.996889580093313,0.885807504078303,0.996805111821086,0.3578125,0.996946564885496,0.577669902912621,0.998412698412698,0.665615141955836,0.305246422893482,0.587859424920128,0.996779388083736,0.998402555910543,0.995184590690209,0.330733229329173,0.334890965732087,0.328968903436989,0.327476038338658,0.330097087378641,0.32843137254902,0.98546042003231,0.321766561514196,0.998412698412698,0.996569468267582,0.71606864274571,0.00322061191626409,0.317683881064163,0.327586206896552,0.676056338028169,0.996875,0.546899841017488,0.33587786259542,0.634340222575517,0.320251177394035,0.325806451612903,0.998397435897436,0.319935691318328,0.316831683168317,0.693181818181818,0.897226753670473,0.328787878787879,0.5814332247557,0.567043618739903,0.333855799373041,0.328525641025641,0.313001605136437,0.5776,0.672413793103448,0.9984375,0.899038461538462,0.996889580093313,0.660436137071651,1,0.573268921095008,0.3232,0.332242225859247,0.996865203761755,0.998420221169036,0.432389937106918,0.99685534591195,0.998427672955975,0.998407643312102,0.323624595469256,0.328548644338118,1,0.321044546850998,0.672413793103448,0.341384863123994,0.447495961227787,0.30718954248366,0.00314465408805031,0.317683881064163,0.996774193548387,0.9967585089141,0.580745341614907,0.00314465408805031,0.339171974522293,0.328548644338118,0.104669887278583,0.422258592471358,0.9968,0.996774193548387,0.313880126182965,0.998425196850394,0.41786283891547,0.99837925445705,0.339563862928349,0.567610062893082,0.325358851674641,0.321027287319422,0.99685534591195,0.00318471337579618,1,0.313114754098361,0.330658105939005,0.9984375,0.996860282574568,0.998447204968944,0.444264943457189,0.998373983739837,0.334410339256866,0.59748427672956,0.332805071315372,0.32475884244373,0.003125,0.0353697749196141,0.99670510708402,0.606451612903226,0.998397435897436,0.331210191082803,0.338788870703764,0.996763754045307,0.998407643312102,0.154818325434439,0.316037735849057,0.996913580246914,0.892857142857143,0.998425196850394,0.330733229329173,0.1952,0.65615141955836,0.996894409937888,0.998452012383901,0.996768982229402,0.998376623376623,0.996908809891808,0.294303797468354,0.314102564102564,0.996865203761755,0.114886731391586,0.00160771704180064,0.443217665615142,0.00165837479270315,0.331730769230769,0.998397435897436,0.677165354330709,0.998422712933754,0.996825396825397,0.879173290937997,0.998402555910543,0.675078864353312,0.996840442338073,0.996732026143791,0.998381877022654,0.998402555910543
"756",0.0867430441898527,0.0848,0.080952380952381,0.0764331210191083,0.0832025117739403,0.087719298245614,0.378861788617886,0.0930599369085174,0.0877742946708464,0.991694352159468,0.080188679245283,0.960254372019078,0.1,0.0855784469096672,0.59775641025641,0.60650406504065,0.984326018808777,0.404567699836868,0.0878594249201278,0.0817307692307692,0.611821086261981,0.59935379644588,0.0899053627760252,0.927444794952681,0.0976744186046512,0.573692551505547,0.595394736842105,0.0841584158415842,0.0961240310077519,0.144230769230769,0.604430379746835,0.177952755905512,0.0621019108280255,0.6016,0.9264,0.0946843853820598,0.551020408163265,0.087719298245614,0.612244897959184,0.0914826498422713,0.422893481717011,0.406349206349206,0.404984423676012,0.087719298245614,0.0904684975767367,0.583468395461912,0.58908507223114,0.602503912363067,0.591836734693878,0.5765625,0.91025641025641,0.0843949044585987,0.596153846153846,0.0866141732283465,0.0883280757097792,0.413290113452188,0.52520325203252,0.0843949044585987,0.0923317683881064,0.0888888888888889,0.576862123613312,0.586038961038961,0.589371980676328,0.42215088282504,0.0923824959481361,0.0921875,0.964458804523425,0.086677367576244,0.986238532110092,0.58528951486698,0.0825396825396825,0.597423510466989,0.570261437908497,0.121951219512195,0.576138147566719,0.088785046728972,0.60596546310832,0.56828885400314,0.0859375,0.59349593495935,0.99344262295082,0.59170653907496,0.587378640776699,0.0923317683881064,0.571428571428571,0.0804953560371517,0.0864,0.0859872611464968,0.0857142857142857,0.398412698412698,0.0858995137763371,0.0760869565217391,0.917851500789889,0.99211356466877,0.0775577557755776,0.965732087227414,0.915873015873016,0.0850393700787402,0.539473684210526,0.409888357256778,0.0850722311396469,0.976190476190476,0.606741573033708,0.0924092409240924,0.598726114649682,0.0817307692307692,0.403785488958991,0.0886075949367089,0.589171974522293,0.589171974522293,0.590111642743222,0.096,0.579365079365079,0.0875796178343949,0.601246105919003,0.0911901081916538,0.59967845659164,0.785714285714286,0.582298136645963,0.588709677419355,0.610492845786963,0.0914826498422713,0.592767295597484,0.594462540716612,0.0786163522012579,0.6015625,0.0825688073394495,0.0874233128834356,0.764240506329114,0.538221528861154,0.0853858784893268,0.593900481540931,0.0814696485623003,0.96177370030581,0.0819672131147541,0.594043887147335,0.409582689335394,0.578446909667195,0.0220125786163522,0.640132669983416,0.99203821656051,0.993670886075949,0.0919175911251981,0.0813008130081301,0.576433121019108,0.0859872611464968,0.596599690880989,0.0857605177993527,0.113029827315542,0.0890937019969278,0.586991869918699,0.0803858520900322,0.0923824959481361,0.0915032679738562,0.0784,0.585326953748006,0.0972447325769854,0.581730769230769,0.835703001579779,0.0880503144654088,0.603149606299213,0.0865533230293663,0.606635071090047,0.998371335504886,0.0808580858085809,0.597087378640777,0.0910518053375196,0.0890302066772655,0.0907643312101911,0.582677165354331,0.0863422291993721,0.585209003215434,0.0893141945773525,0.59047619047619,0.088379705400982,0.586429725363489,0.996879875195008,0.0923566878980892,0.450331125827815,0.0866013071895425,0.0916398713826367,0.594249201277955,0.0825396825396825,0.0824088748019017,0.089171974522293,0.0815047021943574,0.599056603773585,0.588419405320814,0.0954692556634304,0.0887480190174326,0.588419405320814,0.604838709677419,0.0871632329635499,0.647798742138365,0.427035330261137,0.908653846153846,0.592125984251968,0.428120063191153,0.086687306501548,0.576377952755906,0.0878048780487805,0.0904836193447738,0.0867507886435331,0.59935379644588,0.590266875981162,0.587561374795417,0.0876369327073552,0.0859504132231405,0.0805687203791469,0.926163723916533,0.0890302066772655,0.607779578606159,0.0562700964630225,0.589371980676328,0.596153846153846,0.342812006319115,0.0848287112561175,0.0962145110410095,0.0850722311396469,0.087719298245614,0.0840064620355412,0.959935897435897,0.583468395461912,0.588050314465409,0.0863422291993721,0.41588785046729,0.0937019969278034,0.0958268933539413,0.087719298245614,0.0876369327073552,0.0857142857142857,0.0890625,0.910658307210031,0.776545166402536,0.0873015873015873,0.600321027287319,0.0789049919484702,0.60062893081761,0.0817610062893082,0.0869565217391304,0.0792880258899676,0.0841423948220065,0.0942148760330579,0.585326953748006,0.089622641509434,0.398713826366559,0.580542264752791,0.57984496124031,0.592295345104334,0.585987261146497,0.5814696485623,0.654098360655738,0.5744,0.585055643879173,0.586921850079745,0.0911949685534591,0.588050314465409,0.0859504132231405,0.401869158878505,0.591414944356121,0.783616692426584,0.576051779935275,0.0894308943089431,0.0790322580645161,0.0886075949367089,0.824,0.602564102564103,0.0759493670886076,0.586538461538462,0.582043343653251,0.592651757188498,0.590551181102362,0.407051282051282,0.0796747967479675,0.595911949685535,0.595879556259905,0.0868167202572347,0.608130081300813,0.0941358024691358,0.58740157480315,0.602564102564103,0.0854430379746835,0.0919354838709677,0.0857142857142857,0.555379746835443,0.0894308943089431,0.394944707740916,0.998452012383901,0.593004769475358,0.0860719874804382,0.082258064516129,0.993740219092332,0.596546310832025,0.577487765089723,0.0849673202614379,0.0910543130990415,0.595015576323987,0.942947702060222,0.911433172302738,0.0926829268292683,0.0901639344262295,0.575,0.0858995137763371,0.0923076923076923,0.604395604395604,0.0883280757097792,0.0875,0.591482649842271,0.0856219709208401,0.0824088748019017,0.0897637795275591,0.088,0.5824,0.594427244582043,0.589869281045752,0.0838607594936709,0.092948717948718,0.419303797468354,0.584126984126984,0.0805152979066023,0.601538461538462,0.609177215189873,0.0923317683881064,0.0832025117739403,0.0862068965517241,0.0830670926517572,0.0794912559618442,0.577487765089723,0.0938511326860841,0.089171974522293,0.98371335504886,0.578446909667195,0.578352180936995,0.603531300160514,0.410543130990415,0.587774294670846,0.0852713178294574,0.600321027287319,0.573248407643312,0.82807570977918,0.590979782270607,0.0840064620355412,0.582159624413146,0.0914927768860353,0.0838709677419355,0.0902021772939347,0.60223642172524,0.604068857589984,0.0861244019138756,0.00650406504065041,0.976,0.0878048780487805,0.588976377952756,0.589371980676328,0.6,0.0800653594771242,0.5828125,0.622611464968153,0.587774294670846,0.602254428341385,0.595161290322581,0.604200323101777,0.0784929356357928,0.580542264752791,0.079734219269103,0.080952380952381,0.923444976076555,0.0880913539967374,0.587859424920128,0.089171974522293,0.0892307692307692,0.0848287112561175,0.583465818759936,0.0849056603773585,0.59672131147541,0.0904836193447738,0.0853080568720379,0.0929133858267717,0.0876623376623377,0.0879120879120879,0.594339622641509,0.0759289176090469,0.087378640776699,0.593354430379747,0.591194968553459,0.0825545171339564,0.0839936608557845,0.593301435406699,0.897196261682243,0.0904684975767367,0.0842433697347894,0.0853080568720379,0.912974683544304,0.593548387096774,0.0855263157894737,0.596153846153846,0.835463258785943,0.0857605177993527,0.40405616224649,0.476489028213166,0.0932475884244373,0.0867507886435331,0.421133231240429,0.396196513470681,0.55379746835443,0.0845295055821372,0.586370839936609,0.0935483870967742,0.0848287112561175,0.584541062801932,0.0873634945397816,0.0920840064620355,0.920967741935484,0.588996763754045,0.0876369327073552,0.0818619582664527,0.586538461538462,0.0818897637795276,0.0845771144278607,0.5952,0.757433489827856,0.086677367576244,0.0876369327073552,0.0830670926517572,0.385220125786164,0.605678233438486,0.605431309904153,0.596946564885496,0.5828125,0.409309791332263,0.577044025157233,0.578025477707006,0.597809076682316,0.845906902086677,0.592833876221498,0.0872274143302181,0.585023400936037,0.0917721518987342,0.5875,1,0.971473851030111,0.0878274268104777,0.0961240310077519,0.962085308056872,0.0809917355371901,0.396899224806202,0.968203497615262,0.925925925925926,0.0883280757097792,0.396875,0.0818619582664527,0.0920634920634921,0.546623794212219,0.0850393700787402,0.91692789968652,1,0.0881410256410256,0.089171974522293,0.0946372239747634,0.581699346405229,0.437025796661609,0.388888888888889,0.101088646967341,0.0850393700787402,0.0549450549450549,0.595846645367412,0.749201277955272,0.0910518053375196,0.605177993527508,0.0830670926517572,0.533333333333333,0.988745980707395,0.60596546310832,0.604068857589984,0.568561872909699,0.0883280757097792,1,0.0964230171073095,0.0804597701149425,0.0883280757097792,0.836507936507937,0.588617886178862,0.0995184590690209,0.589825119236884,0.0870279146141215,0.0906148867313916,0.598746081504702,0.0878594249201278,0.595092024539877,0.0845295055821372,0.597110754414125,0.589171974522293,0.0838607594936709,0.412621359223301,0.600931677018634,0.0876369327073552,0.597423510466989,0.160377358490566,0.5984375,0.929712460063898,0.59190031152648,0.138095238095238,0.59967585089141,0.101141924959217,0.5814696485623,0.566770186335404,0.62085308056872,0.0919175911251981,0.0827922077922078,0.0851393188854489,0.0511551155115512,0.740066225165563,0.0899053627760252,0.583333333333333,0.0904684975767367,0.594370860927152,0.596518987341772,0.0913312693498452,0.0863192182410423,0.0854430379746835,0.00318979266347687,0.0883280757097792,0.596899224806202,0.594294770206022,0.078125,0.0823909531502423,0.980487804878049,1,0.0868878357030016,0.0846645367412141,0.592169657422512,0.095389507154213,0.0897832817337461,0.605815831987076,0.0921052631578947,0.0919175911251981,0.403508771929825,0.557632398753894,0.0846645367412141,0.918711656441718,0.0916398713826367,0.0927357032457496,0.993710691823899,0.595846645367412,0.0837359098228663,0.583465818759936,0.092948717948718,0.0469255663430421,0.0937996820349762,0.0947867298578199,0.0876369327073552,0.5814332247557,0.0817307692307692,0.0810372771474878,0.0826580226904376,0.911627906976744,0.591735537190083,0.0726978998384491,0.0924764890282132,0.412238325281804,0.0878594249201278,0.586816720257235,0.550314465408805,0.591054313099042,0.0832025117739403,0.0865384615384615,0.0910543130990415,0.993769470404984,0.585089141004862,1,0.0854430379746835,0.593059936908517,0.608763693270736,0.559429477020602,0.911392405063291,0.0832,0.0337620578778135,0.0916271721958926,0.0868878357030016,0.577487765089723,0.598130841121495,0.920508744038156,0.964227642276423,0.588697017268446,0.594551282051282,0.572964669738863,0.917898193760263,0.596546310832025,0.0804416403785489,0.911671924290221,0.59253499222395,0.0897637795275591,0.0944,0.0790322580645161,0.5921875,0.598755832037325,0.964941569282137,0.0839936608557845,0.599364069952305,0.596214511041009,0.0935023771790808,0.0949367088607595,0.590551181102362,0.393034825870647,0.0785597381342062,0.0970873786407767,0.395799676898223,0.0879120879120879,0.605304212168487,0.0915032679738562,0.5968,0.568075117370892,0.424528301886792,0.675968992248062,0.0862068965517241,0.60061919504644,0.596518987341772,0.4,0.421216848673947,0.0814696485623003,0.5953125,0.0901639344262295,0.595645412130638,0.0789049919484702,0.578606158833063,0.600323624595469,0.562700964630225,0.56687898089172,0.588424437299035,0.588709677419355,0.420886075949367,0.578616352201258,0.942339373970346,0.076555023923445,0.922712933753943,0.0899053627760252,0.607594936708861,0.0894568690095847,0.926517571884984,0.591414944356121,0.6032,0.0868852459016393,0.98,0.0886075949367089,0.993537964458804,0.564387917329094,0.0777777777777778,0.978998384491115,0.423809523809524,0.0797448165869219,0.0906200317965024,0.0839936608557845,0.602965403624382,0.961597542242704,0.0782472613458529,0.48792270531401,0.993506493506494,0.547140649149923,0.589257503949447,0.590342679127726,0.087719298245614,0.0650406504065041,0.0978792822185971,0.0833333333333333,0.0824088748019017,0.984423676012461,0.0919003115264797,0.4125,0.915254237288136,0.589905362776025,0.0847723704866562,0.0926517571884984,0.0808580858085809,0.0777777777777778,0.995222929936306,0.590837282780411,0.0784929356357928,0.0816,0.0876623376623377,0.0866013071895425,0.0925039872408294,0.0896,0.604361370716511,0.934747145187602,0.0865384615384615,1,0.604430379746835,0.658227848101266,0.0907643312101911,0.507269789983845,0.600654664484452,0.602218700475436,0.0932475884244373,0.960380348652932,0.588328075709779,0.0783699059561129,0.0963081861958267,0.541463414634146,0.595541401273885,0.609250398724083,0.587561374795417,0.0793650793650794,0.591935483870968,0.588235294117647,0.6608,0.594594594594595,0.042654028436019,0.595712098009188,1,0.587677725118483,0.915739268680445,0.087378640776699,0.99512987012987,0.601895734597156,0.587579617834395,0.592891760904685,0.0847723704866562,0.0746031746031746,0.0885245901639344,0.0884676145339652,0.090311986863711,0.0915032679738562,0.582664526484751,0.0879120879120879,0.592063492063492,0.596964586846543,0.475279106858054,0.4144,0.0899053627760252,0.0894819466248038,0.918367346938776,0.601255886970173,0.965079365079365,0.0842433697347894,0.961661341853035,0.0871632329635499,0.0892561983471074,0.587378640776699,0.0867430441898527,0.0892255892255892,0.4544,0.662295081967213,0.0923994038748137,1,0.993517017828201,0.0849056603773585,0.0845528455284553,0.0781499202551834,1,0.916666666666667,0.593114241001565,0.4928,0.592125984251968,0.9136,0.573268921095008,1,0.0862619808306709,0.0889967637540453,0.597791798107255,0.584639498432602,0.843601895734597,0.583606557377049,0.588607594936709,0.60062893081761,0.0904684975767367,0.0843949044585987,0.586538461538462,0.0878787878787879,0.926100628930818,0.0755627009646302,0.865384615384615,0.0898876404494382,0.419303797468354,0.0841121495327103,0.5888,0.596026490066225,0.996815286624204,0.417322834645669,0.0857142857142857,0.0829268292682927,0.302250803858521,0.197389885807504,0.591639871382637,0.597087378640777,0.0870253164556962,0.5829307568438,0.831746031746032,0.583739837398374,0.0907692307692308,0.990580847723705,0.0889967637540453,0.0873015873015873,0.598116169544741,0.416393442622951,0.591276252019386,0.0889621087314662,0.0805687203791469,0.597791798107255,0.610576923076923,0.584639498432602,0.224919093851133,0.589951377633712,0.0917874396135266,0.974803149606299,0.0868878357030016,0.0825082508250825,0.394321766561514,0.450949367088608,0.587561374795417,0.977491961414791,0.592,0.0854838709677419,0.0767946577629382,0.601895734597156,0.574603174603175,0.476415094339623,0.083596214511041,0.60093896713615,0.68380062305296,0.601574803149606,0.112852664576803,0.619902120717781,0.924170616113744,0.609375,0.594383775351014,0.586429725363489,0.592532467532468,0.596273291925466,0.113671274961598,0.0907617504051864,0.61259842519685,0.538461538461538,0.4185667752443,0.848484848484849,0.408940397350993,0.0764331210191083,0.589456869009585,0.925566343042071,0.582018927444795,0.587227414330218,0.704113924050633,0.57741935483871,0.924170616113744,0.573268921095008,0.601286173633441,0.585483870967742,0.596463022508039
"757",1,1,1,1,1,1,0.70952380952381,1,1,0.0968253968253968,1,0.0498442367601246,0.82051282051282,1,0.308306709265176,0.307931570762053,0.0660522273425499,0.694308943089431,1,1,0.283018867924528,0.308306709265176,1,0.16380655226209,1,0.3296875,0.308306709265176,1,1,0.790064102564103,0.308892355694228,0.730232558139535,0.959627329192547,0.315457413249211,0,1,0.545454545454545,1,0.30030487804878,1,0.670347003154574,0.67906976744186,0.7,1,1,0.316455696202532,0.305466237942122,0.30568356374808,0.32398753894081,0.32093023255814,0,1,0.303599374021909,1,1,0.5024,0.559241706161137,1,1,1,0.331278890600925,0.315789473684211,0.307570977917981,0.679748822605965,1,1,0.0455974842767296,1,0.0636363636363636,0.312883435582822,1,0.323390894819466,0.324675324675325,0.967741935483871,0.519319938176198,1,0.305426356589147,0.330218068535826,1,0.319935691318328,0.0858995137763371,0.322932917316693,0.31937984496124,1,0.332810047095761,1,1,1,1,0.687789799072643,1,1,0.0015625,0.101538461538462,1,0.0517503805175038,0,1,0.576797385620915,0.687106918238994,1,0.062992125984252,0.309409888357257,1,0.308176100628931,1,0.6890625,1,0.308411214953271,0.318681318681319,0.317829457364341,1,0.320063694267516,1,0.485496183206107,1,0.311912225705329,0.29922480620155,0.317484662576687,0.312202852614897,0.480376766091052,0.998435054773083,0.316923076923077,0.307814992025518,1,0.29984544049459,1,1,0.326594090202177,0.551829268292683,1,0.316692667706708,1,0.0466867469879518,1,0.316923076923077,0.682737169517885,0.325581395348837,0.927244582043344,0.436392914653784,0.103011093502377,0.098256735340729,1,1,0.325581395348837,1,0.311926605504587,1,0.809891808346213,1,0.318770226537217,1,1,1,1,0.328050713153724,1,0.318181818181818,0.2515625,1,0.309230769230769,1,0.294670846394984,0.0875796178343949,1,0.30379746835443,1,1,1,0.332302936630603,1,0.323296354992076,1,0.296466973886329,1,0.313572542901716,0.0820433436532508,1,0.636510500807754,1,1,0.323943661971831,1,1,1,1,0.32018927444795,0.309119010819165,1,0.998439937597504,0.309486780715397,0.301435406698565,1,0.459119496855346,0.672672672672673,0,0.321711568938193,0.658805031446541,1,0.326086956521739,1,0.998459167950693,1,0.31201248049922,0.316279069767442,0.32258064516129,1,1,1,0,1,0.310236220472441,0.970588235294118,0.322784810126582,0.3078125,0.7484375,1,1,1,1,1,0.0481366459627329,0.315132605304212,0.318818040435459,1,0.688172043010753,1,1,1,0.998454404945904,1,1,0.0046583850931677,0.318952234206472,1,0.308426073131955,1,0.3046875,1,1,1,1,1,0.323854660347551,1,0.518927444794953,0.32182103610675,0.326186830015314,0.308681672025723,0.320872274143302,0.326465927099842,0.4112,0.333333333333333,0.314641744548287,0.30503144654088,1,0.31974921630094,1,0.692073170731707,0.308544303797468,0.312404287901991,0.326433121019108,1,1,1,0.253943217665615,0.308527131782946,1,0.31139646869984,0.321483771251932,0.302694136291601,0.320433436532508,0.686028257456829,1,0.317972350230415,0.311501597444089,1,0.293075684380032,1,0.319018404907975,0.310832025117739,1,1,1,0.547318611987382,1,0.684542586750789,0.0818181818181818,0.3203125,1,1,0.0965732087227414,0.314152410575428,0.32484076433121,1,1,0.301972685887709,0.0247295208655332,0.00322061191626409,1,1,0.335889570552147,0.998442367601246,1,0.303738317757009,1,1,0.319182389937107,1,1,1,1,0.321316614420063,0.304747320061256,0.321543408360129,1,1,0.67530487804878,0.3203125,1,0.321483771251932,0.29320987654321,1,1,0.998454404945904,1,1,0.326984126984127,1,1,0.105431309904153,0.330745341614907,0.487883683360259,0.307570977917981,0.66877971473851,0.313846153846154,1,0.310126582278481,0.323343848580442,0.25,0.313755795981453,1,0.329803328290469,1,1,1,0.3125,0.313846153846154,0.998427672955975,0.923577235772358,0.0710823909531502,1,0.306027820710974,0.315286624203822,0.314873417721519,1,0.323574730354391,0.469096671949287,0.325508607198748,0.310452418096724,0.312399355877617,0.305164319248826,1,0.313408723747981,1,1,0,1,0.326433121019108,1,1,1,0.323809523809524,1,0.307692307692308,1,0.841368584758942,1,1,1,0.308166409861325,1,1,0.308777429467085,0.318681318681319,1,1,0.307332293291732,0.181538461538462,1,0.998454404945904,1,0,0.303656597774245,1,0.311248073959938,0.246422893481717,1,0.680124223602484,0.429230769230769,1,1,0.677321156773212,0.700315457413249,0.345794392523364,1,0.317610062893082,1,1,0.332807570977918,1,0.998447204968944,0.00946372239747634,0.317829457364341,1,1,0.317307692307692,1,1,0.303514376996805,0.342635658914729,1,1,1,0.522012578616352,0.304897314375987,0.341772151898734,0.318731117824773,0.331240188383046,0.692789968652038,0.320373250388802,0.32093023255814,0.312883435582822,0.236677115987461,0.312796208530806,1,0.321212121212121,0.998427672955975,0.313971742543171,0.0821917808219178,0.0593607305936073,1,1,0.0419254658385093,1,0.694704049844237,0.0482866043613707,0.0126782884310618,1,0.686915887850467,1,1,0.545893719806763,1,0,0.073482428115016,1,1,1,0.3203125,0.65424739195231,0.694805194805195,0.993846153846154,1,0.984520123839009,0.301412872841444,0.339089481946625,1,0.292721518987342,1,0.367762128325509,0.1008,0.308755760368664,0.31306990881459,0.328308207705193,1,0.0771604938271605,1,1,1,0.25920245398773,0.323763955342903,1,0.325878594249201,1,1,0.307453416149068,1,0.316666666666667,1,0.301587301587302,0.313880126182965,1,0.681962025316456,0.316187594553706,1,0.30064308681672,0.761102603369066,0.310872894333844,0.173846153846154,0.316187594553706,0.778996865203762,0.304975922953451,1,0.315625,0.330246913580247,0.292569659442724,1,1,1,0.967637540453074,0.343137254901961,1,0.317307692307692,1,0.312803889789303,0.312977099236641,1,1,1,0.922098569157393,1,0.304482225656878,0.3198127925117,1,1,0.0521172638436482,0.080824088748019,1,1,0.305246422893482,1,1,0.308426073131955,1,1,0.681962025316456,0.545176110260337,1,0,1,1,0.101382488479263,0.32,1,0.32120253164557,0.998425196850394,0.963949843260188,0.998420221169036,0.822981366459627,1,0.323717948717949,1,1,1,0,0.307060755336617,1,1,0.679127725856698,1,0.311424100156495,0.369158878504673,0.31496062992126,1,1,1,0.0883720930232558,0.307448494453249,0.086677367576244,0.998415213946117,0.304084720121029,0.300787401574803,0.35625,0,1,0.953343701399689,1,1,0.316455696202532,0.298461538461538,0.162717219589258,0.042654028436019,0.322429906542056,0.307692307692308,0.321044546850998,0.00159235668789809,0.315132605304212,1,0,0.317972350230415,1,1,1,0.311349693251534,0.323353293413174,0.0420711974110032,1,0.313572542901716,0.3078125,1,1,0.310618066561014,0.700325732899023,1,1,0.700475435816165,1,0.310291858678955,1,0.316923076923077,0.531202435312024,0.671339563862928,0.399696048632219,1,0.297256097560976,0.313572542901716,0.684952978056426,0.670261941448382,1,0.31839258114374,1,0.318181818181818,1,0.320126782884311,0.303030303030303,0.352112676056338,0.526315789473684,0.312698412698413,0.308661417322835,0.66875,0.31733746130031,0.148562300319489,1,0,1,0.298273155416013,1,0,0.318979266347687,0.311501597444089,1,0.0603318250377074,1,0.0823909531502423,0.336492890995261,1,0.0690184049079755,0.671317829457364,1,1,1,0.312297734627832,0.0450310559006211,1,0.434920634920635,0.0960629921259843,0.359133126934985,0.318818040435459,0.32,1,1,1,1,1,0.0711043872919818,0.995391705069124,0.687211093990755,0.00443786982248521,0.315625,1,1,1,1,0.0832049306625578,0.312883435582822,1,1,1,1,1,1,0.489859594383775,0.00158730158730159,1,0.0903522205206738,0.317757009345794,0.433962264150943,1,0.394524959742351,0.303921568627451,0.302003081664099,1,0.046656298600311,0.316030534351145,1,1,0.373205741626794,0.30568356374808,0.298299845440495,0.315619967793881,0.998432601880878,0.325,0.31619937694704,0.411023622047244,0.311728395061728,0.970769230769231,0.31039755351682,0.0802568218298555,0.31619937694704,0,1,0.0890302066772655,0.304347826086957,0.319685039370079,0.30952380952381,1,1,1,1,1,1,0.329073482428115,1,0.316455696202532,0.307308970099668,0.6046875,0.685714285714286,1,1,0,0.311827956989247,0.118195956454121,0.998480243161094,0.0424528301886792,1,1,0.314194577352472,1,1,0.618296529968454,0.401929260450161,0.995515695067265,0.0793650793650794,0.10031847133758,1,1,1,0.0848,0,0.31055900621118,0.427001569858713,0.314814814814815,0,0.3232,0.0862619808306709,1,1,0.31733746130031,0.31832298136646,0.241433021806854,0.33175355450237,0.311349693251534,0.316535433070866,1,1,0.331230283911672,1,0,1,0.221337579617834,1,0.679127725856698,1,0.300314465408805,0.302694136291601,0.0772797527047913,0.679626749611198,1,1,0.786271450858034,0.896440129449838,0.317891373801917,0.311004784688995,1,0.313880126182965,0.255451713395639,0.314102564102564,1,0.103235747303544,1,1,0.309597523219814,0.688709677419355,0.310725552050473,1,1,0.3046875,0.299689440993789,0.318529862174579,0.868670886075949,0.307814992025518,1,0.0598159509202454,1,1,0.705701078582434,0.655555555555556,0.320907617504052,0.0618066561014263,0.3234375,1,1,0.305164319248826,0.322734499205087,0.62111801242236,1,0.311926605504587,0.365591397849462,0.305900621118012,0.987635239567233,0.472266244057052,0.00467289719626168,0.306376360808709,0.32,0.325396825396825,0.32,0.314984709480122,0.96937212863706,1,0.314641744548287,0.553745928338762,0.685126582278481,0.2390625,0.6864,1,0.31839258114374,0,0.327613104524181,0.310344827586207,0.360248447204969,0.317610062893082,0,0.333853354134165,0.305111821086262,0.324281150159744,0.310664605873261
"758",1,1,1,1,1,1,0.702614379084967,1,1,0.100494233937397,1,0.0488188976377953,0.80650406504065,1,0.320967741935484,0.30952380952381,0.0670826833073323,0.681063122923588,1,1,0.292962356792144,0.317230273752013,1,0.157232704402516,1,0.32753164556962,0.327212020033389,1,1,0.777235772357724,0.319554848966614,0.714733542319749,0.961965134706815,0.313915857605178,0,1,0.540284360189573,1,0.305084745762712,1,0.653846153846154,0.676145339652449,0.679245283018868,1,1,0.320261437908497,0.324149108589951,0.304761904761905,0.330683624801272,0.335413416536661,0,1,0.311526479750779,1,1,0.48626817447496,0.558823529411765,1,1,1,0.338658146964856,0.315024232633279,0.323577235772358,0.678513731825525,1,1,0.0354838709677419,1,0.0617283950617284,0.324960753532182,1,0.32484076433121,0.335504885993485,0.966887417218543,0.509404388714734,1,0.316455696202532,0.339089481946625,1,0.31900826446281,0.0898502495840266,0.34094616639478,0.338164251207729,1,0.349683544303797,1,1,1,1,0.688291139240506,1,1,0.00161290322580645,0.107371794871795,1,0.0467289719626168,0,1,0.57,0.66884176182708,1,0.0533117932148627,0.316535433070866,1,0.32300163132137,1,0.677672955974843,1,0.318471337579618,0.324921135646688,0.321086261980831,1,0.325842696629214,1,0.495297805642633,1,0.323671497584541,0.29393468118196,0.326530612244898,0.3168,0.482428115015974,0.998397435897436,0.324367088607595,0.320598006644518,1,0.307814992025518,1,1,0.335483870967742,0.54531490015361,1,0.315875613747954,1,0.0448916408668731,1,0.315625,0.669303797468354,0.336,0.928104575163399,0.440065681444992,0.104404567699837,0.1008,1,1,0.334394904458599,1,0.325545171339564,1,0.796529968454259,1,0.333333333333333,1,1,1,1,0.334405144694534,1,0.32952691680261,0.249609984399376,1,0.323296354992076,1,0.305331179321486,0.0884244372990354,1,0.318910256410256,1,1,1,0.342229199372057,1,0.33974358974359,1,0.308681672025723,1,0.322950819672131,0.0784929356357928,1,0.640132669983416,1,1,0.319078947368421,1,1,1,1,0.328,0.314375987361769,1,0.998389694041868,0.320754716981132,0.305825242718447,1,0.448,0.666160849772382,0,0.326530612244898,0.667189952904239,1,0.325545171339564,1,0.998432601880878,1,0.325434439178515,0.328502415458937,0.329563812600969,1,1,1,0,1,0.316211878009631,0.971246006389776,0.329545454545455,0.313001605136437,0.7648,1,1,1,1,1,0.0492063492063492,0.327476038338658,0.328638497652582,1,0.6734375,1,1,0.998417721518987,0.998405103668262,1,1,0.00478468899521531,0.318037974683544,1,0.311897106109325,1,0.308426073131955,1,1,1,1,1,0.325878594249201,1,0.506410256410256,0.336,0.32967032967033,0.31687898089172,0.31810766721044,0.337133550488599,0.423263327948304,0.329113924050633,0.316535433070866,0.317384370015949,1,0.328571428571429,1,0.680379746835443,0.318979266347687,0.320063694267516,0.329581993569132,1,1,1,0.254807692307692,0.312,1,0.329545454545455,0.3296875,0.314009661835749,0.322784810126582,0.68370607028754,1,0.331746031746032,0.320574162679426,1,0.29951690821256,1,0.315625,0.322169059011164,1,1,1,0.543035993740219,1,0.681528662420382,0.0892307692307692,0.322834645669291,1,1,0.100313479623824,0.319488817891374,0.330065359477124,1,1,0.3125,0.028436018957346,0.00324675324675325,1,1,0.329721362229102,0.998392282958199,1,0.31104199066874,1,1,0.317757009345794,1,1,1,1,0.339228295819936,0.316436251920123,0.331136738056013,1,1,0.66875,0.315873015873016,1,0.322327044025157,0.307073954983923,1,1,0.998417721518987,1,1,0.321711568938193,1,1,0.10655737704918,0.339089481946625,0.501602564102564,0.309328968903437,0.668810289389068,0.322222222222222,1,0.311582381729201,0.335453100158982,0.253499222395023,0.326465927099842,1,0.328682170542636,1,1,1,0.3184,0.3203125,0.998394863563403,0.919407894736842,0.0637254901960784,1,0.323248407643312,0.330097087378641,0.320846905537459,1,0.336492890995261,0.476874003189793,0.328593996840442,0.316455696202532,0.310569105691057,0.311183144246353,1,0.32300163132137,1,1,0,1,0.326366559485531,1,1,1,0.32794830371567,1,0.323101777059774,1,0.837837837837838,1,1,1,0.317152103559871,1,1,0.314785373608903,0.317152103559871,1,1,0.317034700315457,0.188291139240506,1,0.998425196850394,1,0,0.311074918566775,1,0.311004784688995,0.245980707395498,1,0.6672,0.431034482758621,1,1,0.675968992248062,0.705047318611987,0.349761526232114,1,0.327974276527331,1,1,0.340322580645161,1,0.998360655737705,0.0096,0.331746031746032,1,1,0.32475884244373,1,1,0.310679611650485,0.346518987341772,1,1,1,0.528662420382166,0.318181818181818,0.352750809061489,0.321538461538462,0.339089481946625,0.690208667736758,0.333333333333333,0.331738437001595,0.315873015873016,0.249211356466877,0.32463295269168,1,0.33125,0.998415213946117,0.319620253164557,0.0875,0.0486656200941915,1,1,0.0429252782193959,1,0.682242990654206,0.043338683788122,0.0146818923327896,1,0.682692307692308,1,1,0.549019607843137,1,0,0.0813008130081301,1,1,1,0.324237560192616,0.647425897035881,0.678747940691928,0.993630573248408,1,0.979099678456592,0.309904153354633,0.3354943273906,1,0.309791332263242,1,0.368253968253968,0.107084019769357,0.304552590266876,0.321428571428571,0.327702702702703,1,0.0816326530612245,1,1,1,0.263975155279503,0.32520325203252,1,0.326923076923077,1,1,0.315457413249211,1,0.321538461538462,1,0.311183144246353,0.328502415458937,1,0.67536704730832,0.324960753532182,1,0.313504823151125,0.750793650793651,0.323343848580442,0.161695447409733,0.322834645669291,0.759170653907496,0.311897106109325,1,0.328050713153724,0.339712918660287,0.298904538341158,1,1,1,0.965460526315789,0.341296928327645,1,0.328502415458937,1,0.323432343234323,0.329704510108865,1,1,1,0.914516129032258,1,0.315541601255887,0.322834645669291,1,1,0.0491803278688525,0.0770465489566613,1,1,0.305331179321486,1,1,0.32475884244373,1,1,0.676328502415459,0.531055900621118,1,0,1,1,0.102523659305994,0.32695374800638,1,0.329052969502408,0.998407643312102,0.962962962962963,0.998412698412698,0.817460317460317,1,0.329489291598023,1,1,1,0,0.318936877076412,1,1,0.664516129032258,1,0.315024232633279,0.3584,0.319935691318328,1,1,1,0.0947867298578199,0.322950819672131,0.0895765472312704,0.99837925445705,0.317610062893082,0.318541996830428,0.351181102362205,0,1,0.9552,1,1,0.332263242375602,0.311320754716981,0.154340836012862,0.0452342487883683,0.322115384615385,0.321144674085851,0.333860759493671,0.00163398692810458,0.316535433070866,1,0,0.322884012539185,1,1,1,0.318252730109204,0.324451410658307,0.0378912685337726,1,0.323809523809524,0.310725552050473,1,1,0.320754716981132,0.6875,1,1,0.684975767366721,1,0.309409888357257,1,0.321543408360129,0.533858267716535,0.666149068322981,0.415748031496063,1,0.299531981279251,0.311605723370429,0.671451355661882,0.666666666666667,1,0.323574730354391,1,0.322429906542056,1,0.321656050955414,0.316993464052288,0.353968253968254,0.528571428571429,0.319672131147541,0.319870759289176,0.666136724960254,0.318327974276527,0.151815181518152,1,0,1,0.3056,1,0,0.324881141045959,0.314935064935065,1,0.0552995391705069,1,0.0858995137763371,0.340872374798061,1,0.0665610142630745,0.669887278582931,1,1,1,0.313131313131313,0.0413476263399694,1,0.421974522292994,0.0977198697068404,0.356143079315708,0.322429906542056,0.327073552425665,1,1,1,1,1,0.0655226209048362,0.996845425867508,0.68362480127186,0.00462962962962963,0.330670926517572,1,1,1,1,0.0893141945773525,0.322784810126582,1,1,1,1,1,1,0.495297805642633,0.00160513643659711,1,0.0853080568720379,0.324324324324324,0.438906752411576,1,0.388254486133768,0.311774461028192,0.315789473684211,1,0.0428571428571429,0.32695374800638,1,1,0.370731707317073,0.318110236220472,0.314606741573034,0.316558441558442,0.998425196850394,0.334426229508197,0.318471337579618,0.423756019261637,0.326923076923077,0.971698113207547,0.31875,0.0882352941176471,0.330128205128205,0,1,0.0901771336553945,0.314332247557003,0.323529411764706,0.327503974562798,1,1,1,1,1,1,0.337096774193548,1,0.314606741573034,0.321489001692047,0.607255520504732,0.672667757774141,1,1,0,0.320695102685624,0.117552334943639,0.998461538461539,0.0401284109149278,1,1,0.309178743961353,1,1,0.63884430176565,0.421926910299003,0.998459167950693,0.0848287112561175,0.0991869918699187,1,1,1,0.0928,0,0.317965023847377,0.416534181240064,0.318110236220472,0,0.332242225859247,0.0889967637540453,1,1,0.323899371069182,0.315372424722662,0.23961661341853,0.337115072933549,0.317610062893082,0.323624595469256,1,1,0.332263242375602,1,0,1,0.220779220779221,1,0.677316293929712,1,0.314285714285714,0.307308970099668,0.0768,0.67244094488189,1,1,0.791599353796446,0.902439024390244,0.322632423756019,0.319286871961102,1,0.323763955342903,0.253205128205128,0.321951219512195,1,0.105095541401274,1,1,0.319620253164557,0.67373572593801,0.307073954983923,1,1,0.311708860759494,0.308056872037915,0.316692667706708,0.849757673667205,0.321951219512195,1,0.054858934169279,1,1,0.685714285714286,0.655448717948718,0.329489291598023,0.0584518167456556,0.33015873015873,1,1,0.303225806451613,0.330670926517572,0.62779552715655,1,0.3198127925117,0.382539682539683,0.309148264984227,0.987301587301587,0.474603174603175,0.00476190476190476,0.304,0.32258064516129,0.330128205128205,0.322950819672131,0.319314641744548,0.96998420221169,1,0.324324324324324,0.545454545454545,0.680129240710824,0.23861852433281,0.689189189189189,1,0.3344,0.00162866449511401,0.332802547770701,0.318979266347687,0.368839427662957,0.329032258064516,0,0.341894060995185,0.325732899022801,0.325242718446602,0.319935691318328
"759",0.295238095238095,0.31866464339909,0.322530864197531,0.321316614420063,0.309119010819165,0.309119010819165,0.0141955835962145,0.321538461538462,0.315132605304212,0.580031695721078,0.322289156626506,0.645608628659476,0.512307692307692,0.319875776397516,1,1,0.626339969372129,0,0.327073552425665,0.308527131782946,1,1,0.324242424242424,0.53587786259542,0.315629742033384,1,1,0.33652312599681,0.307346326836582,0.524767801857585,1,0.586890243902439,0.36280487804878,0.99537750385208,0.666666666666667,0.314696485623003,0.134052388289676,0.323216995447648,1,0.315233785822021,0.00307219662058372,0,0,0.332326283987915,0.322429906542056,1,0.995363214837713,1,1,1,0.682779456193353,0.33015873015873,1,0.324116743471582,0.314674735249622,0.814352574102964,0.127131782945736,0.314503816793893,0.316436251920123,0.325545171339564,0.992469879518072,1,1,0.00309119010819165,0.32018927444795,0.320121951219512,0.667711598746082,0.32572298325723,0.614814814814815,1,0.315548780487805,1,1,0.281645569620253,0.161339421613394,0.316493313521545,1,0.996996996996997,0.322085889570552,1,0.602523659305994,1,1,0.32781954887218,1,0.324888226527571,0.321928460342146,0.329721362229102,0.328767123287671,0,0.31974921630094,0.327893175074184,0.686838124054463,0.595166163141994,0.3171875,0.648036253776435,0.675384615384615,0.3125,0.121405750798722,0,0.318952234206472,0.627725856697819,1,0.317535545023697,1,0.315384615384615,0,0.326594090202177,1,1,1,0.307926829268293,0.995398773006135,0.323574730354391,0.209267563527653,0.312130177514793,1,0.387442572741194,1,1,0.215716486902928,0.312307692307692,1,1,0.327718223583461,1,0.320117474302496,0.312688821752266,0.371913580246914,0.772590361445783,0.322327044025157,1,0.329704510108865,0.641141141141141,0.337559429477021,1,0.0015220700152207,1,0.364485981308411,0.90224358974359,0.590342679127726,0.597842835130971,0.314241486068111,0.32807570977918,1,0.3125,1,0.307098765432099,0.500768049155146,0.325264750378215,1,0.307926829268293,0.316998468606432,0.321316614420063,0.327131782945736,1,0.316846986089645,1,0.45046439628483,0.332321699544765,1,0.322188449848024,1,0.598765432098765,0.325617283950617,1,0.32370820668693,0.318112633181126,0.334375,0.989393939393939,0.328682170542636,1,0.324451410658307,1,0.31911532385466,1,0.597542242703533,0.302795031055901,0.0313479623824451,0.297971918876755,0.318181818181818,1,0.313664596273292,0.320552147239264,0.316590563165906,0.330792682926829,1,1,0.322932917316693,0.326625386996904,1,1,0.32572298325723,0.243202416918429,0.0206489675516224,0.688172043010753,1,0.00303951367781155,0.314984709480122,1,0.321372854914197,0.306990881458967,0.310291858678955,0.996923076923077,1,1,0.328869047619048,0.323809523809524,0.320121951219512,0.675425038639876,0.302611367127496,1,0.337461300309598,1,1,0.447004608294931,0.322932917316693,0.32312404287902,0.330275229357798,0.301684532924962,0.318952234206472,0.653312788906009,1,1,0.315233785822021,0.0030441400304414,0.334341906202723,0.318181818181818,0.326086956521739,0.309923664122137,0.3,0.318991097922849,0.693846153846154,0.371385083713851,0.30441400304414,1,0.329704510108865,1,0.305343511450382,0.308527131782946,0.310077519379845,0.3328125,0.316535433070866,1,0.322033898305085,0.8046875,1,1,0.996860282574568,1,1,0.902208201892745,1,1,1,0.315789473684211,1,0.325,0,1,0.393984962406015,1,0.322530864197531,0.320061255742726,0.316279069767442,0.432348367029549,1,0.327769347496206,1,1,1,1,0,0.312111801242236,1,1,0.315217391304348,1,0.321156773211568,1,1,0.3125,0.332283464566929,0.306027820710974,0.149922720247295,0.325617283950617,0,0.598227474150665,1,0.319277108433735,0.329738058551618,0.58641975308642,1,1,0.325471698113208,0.333853354134165,1,0.659476117103236,0.700310559006211,0.309230769230769,0.321259842519685,0.99251497005988,0.32398753894081,0.308035714285714,1,0.321592649310873,0.309815950920245,1,0.314641744548287,0.316846986089645,0.314241486068111,0.320987654320988,1,1,1,0.308411214953271,0.333333333333333,0.00606980273141123,0.993817619783617,0.325581395348837,1,1,0.305722891566265,0.329286798179059,0.303215926493109,0.320987654320988,0.320300751879699,1,0.304075235109718,0.308510638297872,0.575663026521061,1,0.849462365591398,1,0,1,0.325337331334333,1,1,0.434451219512195,0.998487140695915,0.3203125,1,0.307692307692308,0.305555555555556,0.313161875945537,1,1,0.325757575757576,0.39297124600639,0.62095531587057,0.305426356589147,1,1,1,0.328125,1,0.214611872146119,1,1,1,1,0.320359281437126,1,0.3184,0.334869431643625,0.675840978593272,0.305295950155763,1,0.329230769230769,0.318385650224215,0.31637519872814,1,0.307807807807808,1,0.319880418535127,0.477726574500768,0.321981424148607,0.325,0.314674735249622,1,0.333855799373041,0.304212168486739,1,1,0.322137404580153,0.315870570107858,1,0.486322188449848,0.318885448916409,0.328197226502311,0.328808446455505,0.67175572519084,1,0.297770700636943,1,0.428571428571429,0.308641975308642,0,0.877828054298643,0.317111459968603,0.317411402157165,0,0.0353302611367127,0.981707317073171,0.32258064516129,1,0.312883435582822,0.318979266347687,1,0.327794561933535,0.323529411764706,0.667170953101362,1,0.3198127925117,0.324031007751938,1,0.311450381679389,0.307086614173228,1,0.350850077279753,0.313271604938272,0.321321321321321,0.3328173374613,0.793261868300153,1,0.989180834621329,1,1,0.00151515151515152,1,0.995419847328244,1,0.441717791411043,0.996875,0.309923664122137,0.994020926756353,0.332810047095761,0.996932515337423,0.615727002967359,0.63855421686747,0.321156773211568,0.316964285714286,0.640909090909091,0.315132605304212,0,0.645061728395062,0.68167701863354,0.319508448540707,0.00153374233128834,0.311926605504587,0.309815950920245,0.788888888888889,0.323619631901841,0.687022900763359,0.596825396825397,0.31937984496124,0.321156773211568,0.297546012269939,1,0.0293685756240822,0,0.325190839694657,0.328220858895706,0.329268292682927,1,0.343032159264931,0.315950920245399,1,0.305936073059361,0.943076923076923,0.575193798449612,1,1,0.995049504950495,0.321752265861027,0.608169440242057,0.321321321321321,0.310015898251192,0.316846986089645,0.4337899543379,1,0.313664596273292,1,0.32755905511811,0.314465408805031,1,0.3198127925117,1,0.328100470957614,1,1,0.327188940092166,0,1,0.327272727272727,1,0.559451219512195,1,0.514592933947773,1,0.561240310077519,1,0.316455696202532,1,1,1,0.315789473684211,0.325617283950617,0.316493313521545,0.346938775510204,0.333333333333333,0.309815950920245,1,0.321981424148607,1,1,0.327692307692308,0.321875,0.317771084337349,0.379785604900459,0.326747720364742,1,1,0.331297709923664,0.32398753894081,0.635792778649921,0.591117917304747,0.312788906009245,0.316770186335404,1,0.308623298033283,0.318318318318318,0.996946564885496,0.306089743589744,0.312307692307692,0,0.14567526555387,0.322033898305085,0.676077265973254,0.314900153609831,0.328290468986384,0.606927710843373,0.996978851963746,0.316358024691358,1,0.322530864197531,0.333333333333333,0.316846986089645,0.476479514415782,0.317829457364341,1,0.324074074074074,0.321928460342146,0.32398753894081,0.692192192192192,1,0.327586206896552,0.319148936170213,0,0.326347305389222,0.998461538461539,0.959876543209877,1,0.314984709480122,0.321646341463415,0.312597200622084,0.589665653495441,1,0.603395061728395,0.337519623233909,1,1,0.965151515151515,0.675344563552833,0.329704510108865,0.358346094946401,0.323216995447648,0.316030534351145,1,1,0.527216174183515,0.640746500777605,1,1,0.998487140695915,0.686821705426357,1,0.330316742081448,0.675344563552833,1,0.328767123287671,0.321044546850998,0.325581395348837,0.996992481203008,1,0.654028436018957,0.324200913242009,1,1,0.326153846153846,0.312688821752266,0.998456790123457,0,0.314241486068111,0.305084745762712,0.00305810397553517,0.318042813455657,1,0.316037735849057,1,0.15015015015015,0,0.907462686567164,0.330769230769231,1,1,0,0.00150602409638554,0.326687116564417,1,0.311111111111111,0.997010463378176,0.304281345565749,1,0.998456790123457,0.96319018404908,0.786259541984733,1,1,0.00153609831029186,1,0.525121555915721,0.326687116564417,0.671191553544495,0.327327327327327,1,0.311349693251534,0.670769230769231,1,1,0.31832298136646,0.625931445603577,0.324200913242009,0.591772151898734,0.973478939157566,0.334876543209877,0.60763358778626,0.0108024691358025,0.32262996941896,0.320182094081942,0.329803328290469,1,0.641025641025641,0.304675716440422,0.888888888888889,0.593846153846154,0.966616084977238,1,1,0.316436251920123,0.337579617834395,0.3078125,0.316666666666667,0.311178247734139,0.62089552238806,0.308157099697885,0,0.678779069767442,0.998480243161094,0.330804248861912,0.310452418096724,0.314465408805031,0.321804511278195,0.613846153846154,1,0.327327327327327,0.344827586206897,0.331210191082803,0.322033898305085,0.315068493150685,0.316846986089645,0.202127659574468,0.675039246467818,0.321981424148607,0.607843137254902,1,0.247328244274809,0.320987654320988,0.924050632911392,1,1,0.313271604938272,0.640672782874618,1,0.320121951219512,0.2984375,0.956318252730109,1,1,0.996845425867508,0.320493066255778,1,1,0.901990811638591,1,0.343558282208589,1,0.590551181102362,1,0.665151515151515,0.313572542901716,0.608695652173913,1,1,0.992236024844721,0.32824427480916,0.328767123287671,0.321711568938193,0.329249617151608,0.32484076433121,0.327613104524181,0.986089644513138,0.317901234567901,1,1,0.733231707317073,0,0.323619631901841,0.317771084337349,0.67624810892587,1,0.579109062980031,0.327893175074184,0.645705521472393,0.312404287901991,0.317683881064163,1,0.315548780487805,0.32,0.706521739130435,0.913522012578616,0.323572474377745,0.603395061728395,0.577952755905512,0.324200913242009,0.323029366306028,0.30441400304414,0.595975232198142,0.681818181818182,1,0.895545314900154,1,0.666153846153846,0.996865203761755,0.597791798107255,0.31733746130031,0.323899371069182,1,1,0.440677966101695,0.995305164319249,0.998491704374057,1,0.307219662058372,0.326153846153846,1,0.316642120765832,0.676204819277108,0.332819722650231,0.469953775038521,0.308411214953271,0,0.312404287901991,1,1,0.596651445966514,0.00151975683890578,0.328173374613003,0.325115562403698,0.108695652173913,0.421052631578947,1,1,0.319444444444444,1,0.427906976744186,1,0.331360946745562,0.589312977099237,0.328767123287671,0.324492979719189,1,0,1,0.312693498452012,0.32398753894081,1,1,1,0.457943925233645,1,0.312210200927357,0.628224582701062,0.332822085889571,0.324367088607595,0.00149476831091181,0.0428134556574924,1,0.628440366972477,1,0.325153374233129,0.332268370607029,1,1,0.165402124430956,0.313546423135464,1,0.916413373860182,1,0.32370820668693,0.210852713178295,0.66464339908953,1,1,1,1,1,0.294117647058824,0.30757341576507,1,0.119236883942766,0.00155763239875389,0.448640483383686,0,0.327692307692308,1,0.677519379844961,1,1,0.903374233128834,1,0.682706766917293,1,1,1,1
"760",0.297427652733119,0.304953560371517,0.317972350230415,0.32753164556962,0.310344827586207,0.310769230769231,0.0125588697017268,0.312401883830455,0.3125,0.563492063492063,0.318731117824773,0.63719512195122,0.520504731861199,0.318818040435459,1,1,0.615384615384615,0,0.327102803738318,0.310872894333844,1,1,0.321156773211568,0.512345679012346,0.311550151975684,1,1,0.332797427652733,0.308868501529052,0.535433070866142,1,0.590288315629742,0.370942812982998,0.996904024767802,0.66403785488959,0.310344827586207,0.138888888888889,0.318818040435459,1,0.306278713629403,0.0031201248049922,0,0,0.329133858267717,0.314465408805031,1,0.9953125,1,1,1,0.690548780487805,0.328,1,0.318952234206472,0.309006211180124,0.824367088607595,0.119685039370079,0.31911532385466,0.321044546850998,0.321316614420063,0.992319508448541,1,1,0.00618238021638331,0.312,0.326186830015314,0.645608628659476,0.321981424148607,0.610606060606061,1,0.316358024691358,1,1,0.276357827476038,0.161290322580645,0.313813813813814,1,0.995481927710843,0.323076923076923,1,0.5936,1,1,0.319018404907975,1,0.322822822822823,0.313880126182965,0.322033898305085,0.322784810126582,0,0.322378716744914,0.321156773211568,0.687595712098009,0.578783151326053,0.317683881064163,0.632776934749621,0.684375,0.314024390243902,0.119935170178282,0,0.312893081761006,0.623052959501558,1,0.315873015873016,1,0.325,0,0.323574730354391,1,1,1,0.309119010819165,0.996899224806202,0.319938176197836,0.208523592085236,0.305263157894737,1,0.371165644171779,1,1,0.200622083981337,0.310291858678955,1,1,0.330246913580247,1,0.316493313521545,0.313636363636364,0.368258859784284,0.76036866359447,0.320634920634921,1,0.322884012539185,0.6274217585693,0.341307814992026,1,0.00154559505409583,1,0.377675840978593,0.878164556962025,0.578369905956113,0.593167701863354,0.307931570762053,0.322115384615385,1,0.310664605873261,1,0.309859154929577,0.516566265060241,0.318042813455657,1,0.311248073959938,0.322429906542056,0.316129032258064,0.325984251968504,1,0.310618066561014,1,0.438356164383562,0.326120556414219,1,0.315233785822021,1,0.578616352201258,0.318818040435459,1,0.314241486068111,0.310185185185185,0.332288401253919,0.987673343605547,0.323899371069182,1,0.314873417721519,1,0.317817014446228,1,0.589984350547731,0.302003081664099,0.0259319286871961,0.294117647058824,0.31839258114374,1,0.308527131782946,0.315707620528771,0.315132605304212,0.326687116564417,1,1,0.321711568938193,0.333333333333333,1,1,0.326120556414219,0.245341614906832,0.0193452380952381,0.6859375,1,0.00310077519379845,0.312989045383412,1,0.3265625,0.307692307692308,0.311248073959938,0.996894409937888,1,1,0.323308270676692,0.314009661835749,0.316770186335404,0.679365079365079,0.30379746835443,1,0.34585289514867,1,1,0.451219512195122,0.310872894333844,0.319508448540707,0.326530612244898,0.301242236024845,0.317610062893082,0.64031007751938,1,1,0.315548780487805,0.00307219662058372,0.32572298325723,0.312121212121212,0.320251177394035,0.309119010819165,0.297169811320755,0.313432835820896,0.694444444444444,0.364599092284418,0.306027820710974,1,0.327044025157233,1,0.314024390243902,0.304075235109718,0.309859154929577,0.326498422712934,0.313479623824451,1,0.322727272727273,0.79746835443038,1,1,0.996879875195008,1,1,0.884615384615385,1,1,1,0.310030395136778,1,0.32,0,1,0.385432473444613,1,0.320634920634921,0.313385826771654,0.31619937694704,0.414976599063963,1,0.32469512195122,1,1,1,1,0,0.315132605304212,1,1,0.32120253164557,1,0.315870570107858,1,1,0.305379746835443,0.321711568938193,0.29601226993865,0.14797507788162,0.326498422712934,0,0.589820359281437,1,0.320493066255778,0.322327044025157,0.582952815829528,1,1,0.324921135646688,0.31974921630094,1,0.65284178187404,0.697784810126582,0.302652106084243,0.323248407643312,0.995440729483283,0.324492979719189,0.30316742081448,1,0.311912225705329,0.307219662058372,1,0.308049535603715,0.321428571428571,0.31619937694704,0.313271604938272,1,1,1,0.302180685358255,0.327613104524181,0.00461538461538462,0.992319508448541,0.324960753532182,1,1,0.312883435582822,0.32262996941896,0.300763358778626,0.31733746130031,0.322188449848024,1,0.304552590266876,0.311145510835913,0.560126582278481,1,0.835680751173709,1,0,1,0.322239031770045,1,1,0.410216718266254,0.998459167950693,0.323390894819466,1,0.309859154929577,0.302936630602782,0.311450381679389,1,1,0.321875,0.407348242811502,0.60347551342812,0.304552590266876,1,1,1,0.315047021943574,1,0.208012326656394,1,1,1,1,0.320493066255778,1,0.315533980582524,0.33179012345679,0.677067082683307,0.306122448979592,1,0.319875776397516,0.315068493150685,0.311424100156495,1,0.306060606060606,1,0.320121951219512,0.487692307692308,0.320493066255778,0.321711568938193,0.315548780487805,1,0.314641744548287,0.304416403785489,1,1,0.320552147239264,0.304821150855365,1,0.48698315467075,0.317891373801917,0.332307692307692,0.326625386996904,0.686728395061728,1,0.289855072463768,1,0.419047619047619,0.308661417322835,0,0.882800608828006,0.317460317460317,0.318252730109204,0,0.031055900621118,0.979750778816199,0.314900153609831,1,0.303937007874016,0.310897435897436,1,0.327217125382263,0.313385826771654,0.668721109399075,1,0.318252730109204,0.322932917316693,1,0.310077519379845,0.307692307692308,1,0.337962962962963,0.312401883830455,0.314241486068111,0.331240188383046,0.796923076923077,1,0.978056426332288,1,1,0.0015748031496063,1,0.995356037151703,1,0.435257410296412,0.998420221169036,0.303759398496241,0.993911719939117,0.324074074074074,0.996960486322188,0.598187311178248,0.624615384615385,0.321646341463415,0.312024353120244,0.632148377125193,0.310789049919485,0,0.624615384615385,0.683881064162754,0.321646341463415,0.00153374233128834,0.316614420062696,0.305772230889236,0.767295597484277,0.322480620155039,0.681181959564541,0.585987261146497,0.315047021943574,0.312977099236641,0.296124031007752,1,0.0254110612855007,0,0.310769230769231,0.327692307692308,0.338983050847458,1,0.343701399688958,0.316436251920123,1,0.301391035548686,0.945736434108527,0.56418383518225,1,1,0.993377483443709,0.319083969465649,0.595744680851064,0.319148936170213,0.308426073131955,0.316770186335404,0.409295352323838,1,0.307931570762053,1,0.32182103610675,0.31687898089172,1,0.318979266347687,1,0.325581395348837,1,1,0.320552147239264,0,1,0.325652841781874,1,0.573846153846154,1,0.501538461538461,1,0.565217391304348,1,0.316211878009631,1,1,1,0.311248073959938,0.328,0.312883435582822,0.352941176470588,0.330645161290323,0.306278713629403,1,0.320373250388802,1,1,0.322085889570552,0.318979266347687,0.318042813455657,0.388544891640867,0.32370820668693,1,1,0.329230769230769,0.315873015873016,0.625585023400936,0.58641975308642,0.313572542901716,0.315955766192733,1,0.310769230769231,0.312688821752266,0.993710691823899,0.3056,0.312210200927357,0,0.144376899696049,0.317411402157165,0.681547619047619,0.310832025117739,0.326186830015314,0.590563165905632,0.996927803379416,0.318681318681319,1,0.316692667706708,0.346518987341772,0.322530864197531,0.486111111111111,0.312111801242236,1,0.323529411764706,0.325545171339564,0.328525641025641,0.692780337941628,1,0.323763955342903,0.314024390243902,0,0.318181818181818,0.998442367601246,0.955384615384615,1,0.318042813455657,0.321699544764795,0.318681318681319,0.582317073170732,1,0.585055643879173,0.334379905808477,1,1,0.964506172839506,0.68,0.328173374613003,0.360123647604328,0.323574730354391,0.315870570107858,1,1,0.517295597484277,0.631172839506173,1,1,0.998487140695915,0.688783570300158,1,0.324242424242424,0.684292379471229,1,0.321592649310873,0.314785373608903,0.3198127925117,0.998468606431853,1,0.642857142857143,0.319314641744548,1,1,0.325581395348837,0.306990881458967,0.998447204968944,0,0.307570977917981,0.308176100628931,0.00622083981337481,0.311550151975684,1,0.304761904761905,1,0.147865853658537,0,0.897435897435897,0.33026113671275,1,1,0,0.00151975683890578,0.330757341576507,1,0.308186195826645,0.996987951807229,0.308426073131955,1,0.998417721518987,0.962962962962963,0.7765625,1,1,0.00465116279069767,1,0.506472491909385,0.317757009345794,0.682515337423313,0.326687116564417,1,0.296411856474259,0.671339563862928,1,1,0.31974921630094,0.604477611940298,0.326120556414219,0.58307210031348,0.970496894409938,0.331761006289308,0.599388379204893,0.0124416796267496,0.31839258114374,0.316358024691358,0.32262996941896,1,0.638426626323752,0.307926829268293,0.896551724137931,0.584786053882726,0.969512195121951,1,1,0.306153846153846,0.335463258785943,0.312202852614897,0.312693498452012,0.31859756097561,0.61178247734139,0.309667673716012,0,0.682563338301043,1,0.324574961360124,0.307692307692308,0.321486268174475,0.31969696969697,0.602184087363494,1,0.328725038402458,0.332288401253919,0.329032258064516,0.31924882629108,0.30568356374808,0.310832025117739,0.194444444444444,0.686614173228347,0.315870570107858,0.590062111801242,1,0.23374613003096,0.31733746130031,0.916006339144215,1,1,0.3140625,0.631498470948012,1,0.310769230769231,0.302507836990596,0.954330708661417,1,1,0.998394863563403,0.317901234567901,1,1,0.892018779342723,1,0.350689127105666,1,0.592063492063492,1,0.674174174174174,0.313971742543171,0.600638977635783,1,1,0.993650793650794,0.324116743471582,0.324031007751938,0.32475884244373,0.32370820668693,0.320907617504052,0.322884012539185,0.985691573926868,0.314503816793893,1,1,0.718701700154559,0,0.316923076923077,0.321044546850998,0.675883256528418,1,0.557781201848998,0.323664122137405,0.641421947449768,0.308892355694228,0.315047021943574,1,0.308661417322835,0.314102564102564,0.683307332293292,0.903174603174603,0.324444444444444,0.6015625,0.570300157977883,0.325038880248834,0.327014218009479,0.302362204724409,0.58641975308642,0.682170542635659,1,0.89922480620155,1,0.670769230769231,0.998420221169036,0.584639498432602,0.31832298136646,0.315372424722662,1,1,0.434231378763867,0.993680884676145,0.998456790123457,1,0.305164319248826,0.322530864197531,1,0.314540059347181,0.68558282208589,0.322932917316693,0.470866141732283,0.309148264984227,0,0.302290076335878,1,1,0.592592592592593,0.00151285930408472,0.325077399380805,0.312693498452012,0.0982839313572543,0.411669367909238,1,1,0.314728682170543,1,0.415241057542768,1,0.324283559577677,0.578866768759571,0.321538461538462,0.317683881064163,1,0,1,0.305111821086262,0.32182103610675,1,1,1,0.44375,1,0.319182389937107,0.614439324116744,0.33026113671275,0.318541996830428,0.00154083204930663,0.0376766091051805,1,0.617054263565891,1,0.328173374613003,0.331179321486268,1,1,0.159442724458204,0.312307692307692,1,0.897990726429675,1,0.320610687022901,0.205287713841369,0.669242658423493,1,1,1,1,1,0.284403669724771,0.30188679245283,1,0.119741100323625,0.00155038759689922,0.435857805255023,0,0.325,1,0.680379746835443,1,1,0.890262751159196,1,0.68030303030303,1,1,1,1
"761",0.2491961414791,0.23861852433281,0.250798722044728,0.225442834138486,0.237048665620094,0.246422893481717,0.531847133757962,0.248407643312102,0.266666666666667,0.8704,0.243410852713178,0.814528593508501,0.0774193548387097,0.236593059936909,0.440191387559809,0.436817472698908,0.832565284178187,0.569105691056911,0.244408945686901,0.246794871794872,0.448657187993681,0.43859649122807,0.254237288135593,0.933858267716535,0.261941448382126,0.422776911076443,0.424878836833603,0.253205128205128,0.255054432348367,0.134165366614665,0.446153846153846,0.119195046439628,0.215748031496063,0.4375,0.767036450079239,0.238562091503268,0.723270440251572,0.236722306525038,0.44954128440367,0.248826291079812,0.584496124031008,0.561538461538462,0.570776255707763,0.236133122028526,0.238759689922481,0.424483306836248,0.435054773082942,0.422187981510015,0.423017107309487,0.429906542056075,0.762578616352201,0.2375,0.434579439252336,0.241758241758242,0.244992295839753,0.252380952380952,0.702229299363057,0.237639553429027,0.261829652996845,0.243788819875776,0.417310664605873,0.429252782193959,0.434713375796178,0.584251968503937,0.246753246753247,0.260596546310832,0.801872074882995,0.240566037735849,0.837423312883436,0.43206106870229,0.242236024844721,0.424960505529226,0.425837320574163,0.2864,0.745007680491551,0.24886191198786,0.449230769230769,0.409861325115562,0.236111111111111,0.429260450160772,0.861066235864297,0.42472266244057,0.43343653250774,0.244204018547141,0.408385093167702,0.234756097560976,0.247226624405705,0.236196319018405,0.2359375,0.558282208588957,0.236883942766296,0.237160120845921,0.759750390015601,0.872841444270016,0.239549839228296,0.811836115326252,0.760188087774295,0.234567901234568,0.710823909531502,0.577352472089314,0.242138364779874,0.830696202531646,0.453100158982512,0.252836304700162,0.432646592709984,0.2496,0.585780525502318,0.247261345852895,0.434294871794872,0.437694704049844,0.410852713178295,0.25705329153605,0.429245283018868,0.239130434782609,0.782542113323124,0.253435114503817,0.427682737169518,0.969040247678019,0.420245398773006,0.429245283018868,0.795981452859351,0.238021638330757,0.432348367029549,0.429967426710098,0.234108527131783,0.449074074074074,0.240487062404871,0.23969465648855,0.942675159235669,0.642857142857143,0.236593059936909,0.43730407523511,0.248788368336026,0.808801213960546,0.233226837060703,0.43558282208589,0.592125984251968,0.429892141756549,0.177115987460815,0.567567567567568,0.866877971473851,0.863636363636364,0.25,0.239747634069401,0.427444794952681,0.2398753894081,0.428134556574924,0.250788643533123,0.0882352941176471,0.248456790123457,0.437802907915994,0.238095238095238,0.243589743589744,0.241214057507987,0.241758241758242,0.417445482866044,0.246056782334385,0.418679549114332,1,0.238167938931298,0.436923076923077,0.24773413897281,0.456386292834891,0.84748427672956,0.238249594813614,0.425632911392405,0.253125,0.251552795031056,0.237341772151899,0.413685847589425,0.251956181533646,0.424290220820189,0.239370078740157,0.420221169036335,0.238709677419355,0.422955974842767,0.845440494590417,0.249607535321821,0.631321370309951,0.237639553429027,0.248818897637795,0.446945337620579,0.242472266244057,0.2453125,0.250391236306729,0.246105919003115,0.440625,0.434782608695652,0.238853503184713,0.238170347003155,0.43010752688172,0.451768488745981,0.240566037735849,0.816326530612245,0.586726998491704,0.752336448598131,0.424764890282132,0.580696202531646,0.241486068111455,0.422118380062305,0.251980982567353,0.243161094224924,0.243328100470958,0.435458786936236,0.442901234567901,0.42215088282504,0.25,0.2416,0.235015772870662,0.76875,0.248037676609105,0.4375,0.220125786163522,0.434022257551669,0.43015873015873,0.49144634525661,0.235478806907378,0.246913580246914,0.24685534591195,0.25,0.241157556270096,0.803125,0.429252782193959,0.432098765432099,0.248062015503876,0.568111455108359,0.234567901234568,0.246951219512195,0.252365930599369,0.249617151607963,0.251572327044025,0.238897396630934,0.758293838862559,0.952307692307692,0.257009345794392,0.436420722135008,0.241758241758242,0.440993788819876,0.24390243902439,0.230529595015576,0.236476043276662,0.233704292527822,0.240829346092504,0.415094339622642,0.244897959183673,0.205371248025276,0.419558359621451,0.426605504587156,0.442675159235669,0.423809523809524,0.410015649452269,0.538338658146965,0.417582417582418,0.420807453416149,0.420401854714065,0.255742725880551,0.426332288401254,0.239273927392739,0.553516819571865,0.419152276295133,0.961360123647604,0.428346456692913,0.243243243243243,0.233908948194662,0.247208931419458,0.996875,0.449612403100775,0.233846153846154,0.420221169036335,0.417933130699088,0.422712933753943,0.430359937402191,0.569640062597809,0.241809672386895,0.426356589147287,0.433333333333333,0.243369734789392,0.438709677419355,0.248466257668712,0.430340557275542,0.444620253164557,0.230645161290323,0.235668789808917,0.247278382581649,0.7265625,0.234177215189873,0.56782334384858,0.849544072948328,0.424148606811146,0.252293577981651,0.225961538461538,0.869362363919129,0.426605504587156,0.424679487179487,0.24390243902439,0.240506329113924,0.437209302325581,0.7765625,0.758785942492013,0.245614035087719,0.23739837398374,0.428571428571429,0.243369734789392,0.251885369532428,0.428571428571429,0.249605055292259,0.248840803709428,0.426100628930818,0.253565768621236,0.24251968503937,0.247692307692308,0.241057542768274,0.423809523809524,0.440548780487805,0.426517571884984,0.242566510172144,0.252006420545746,0.567233384853168,0.424960505529226,0.244131455399061,0.440366972477064,0.443396226415094,0.248085758039816,0.243119266055046,0.2398753894081,0.24203821656051,0.241112828438949,0.430622009569378,0.240887480190174,0.251572327044025,0.870813397129187,0.423913043478261,0.584639498432602,0.4359375,0.563664596273292,0.433846153846154,0.243202416918429,0.444444444444444,0.422955974842767,0.99537037037037,0.426829268292683,0.250798722044728,0.429663608562691,0.244865718799368,0.247261345852895,0.240683229813665,0.44392523364486,0.441860465116279,0.240683229813665,0.163961038961039,0.817170111287758,0.255555555555556,0.426332288401254,0.435126582278481,0.434022257551669,0.226688102893891,0.420574886535552,0.792452830188679,0.431464174454829,0.427672955974843,0.432258064516129,0.441640378548896,0.238317757009346,0.430817610062893,0.230519480519481,0.249607535321821,0.755905511811024,0.2416,0.431746031746032,0.24804992199688,0.235114503816794,0.228525121555916,0.420382165605096,0.240740740740741,0.430842607313196,0.241960183767228,0.0961240310077519,0.255924170616114,0.249206349206349,0.235478806907378,0.438871473354232,0.238924050632911,0.240829346092504,0.434579439252336,0.437106918238994,0.234009360374415,0.2359375,0.447900466562986,0.96177370030581,0.252006420545746,0.242236024844721,0.232558139534884,0.756211180124224,0.444094488188976,0.237864077669903,0.431061806656101,0.995356037151703,0.246445497630332,0.565149136577708,0.302290076335878,0.234177215189873,0.238689547581903,0.589205397301349,0.544740973312402,0.411949685534591,0.248012718600954,0.431221020092736,0.241379310344828,0.235104669887279,0.431924882629108,0.248456790123457,0.244479495268139,0.76791277258567,0.417956656346749,0.255150554675119,0.234645669291339,0.434146341463415,0.24922600619195,0.2368,0.426307448494453,0.921538461538462,0.240445859872611,0.241167434715822,0.242566510172144,0.203149606299213,0.434782608695652,0.463949843260188,0.43140243902439,0.428348909657321,0.563182527301092,0.412403100775194,0.420886075949367,0.439814814814815,1,0.434991974317817,0.252307692307692,0.436055469953775,0.244444444444444,0.425038639876352,0.853474320241692,0.80952380952381,0.24537037037037,0.249221183800623,0.81591263650546,0.24390243902439,0.566820276497696,0.80811232449298,0.77337559429477,0.236476043276662,0.572317262830482,0.246081504702194,0.24251968503937,0.645468998410175,0.246875,0.752321981424149,0.858075040783034,0.238924050632911,0.250384024577573,0.262672811059908,0.42992125984252,0.599112426035503,0.553745928338762,0.26046511627907,0.241486068111455,0.208722741433022,0.448657187993681,0.927786499215071,0.237947122861586,0.433753943217666,0.236760124610592,0.38390092879257,0.873397435897436,0.447852760736196,0.424886191198786,0.433389544688027,0.249619482496195,0.84447900466563,0.248475609756098,0.233226837060703,0.2328125,0.99537750385208,0.41838351822504,0.248407643312102,0.440381558028617,0.246835443037975,0.246774193548387,0.426179604261796,0.229903536977492,0.443939393939394,0.25,0.441497659906396,0.434231378763867,0.240126382306477,0.578696343402226,0.442598187311178,0.250386398763524,0.435612082670906,0.156985871271586,0.439209726443769,0.934782608695652,0.432267884322679,0.118195956454121,0.438202247191011,0.261075949367089,0.424615384615385,0.41287284144427,0.447852760736196,0.249211356466877,0.241706161137441,0.242378048780488,0.205414012738854,0.918962722852512,0.241758241758242,0.42443729903537,0.234076433121019,0.443181818181818,0.43167701863354,0.243369734789392,0.24232633279483,0.236842105263158,0.156105100463679,0.238532110091743,0.431432973805855,0.433021806853583,0.234662576687117,0.239234449760766,0.825119236883943,0.842857142857143,0.2375,0.236133122028526,0.442700156985871,0.253894080996885,0.242378048780488,0.430577223088924,0.264705882352941,0.23963133640553,0.569640062597809,0.738390092879257,0.249211356466877,0.755656108597285,0.260596546310832,0.251543209876543,0.849923430321593,0.426332288401254,0.241269841269841,0.419558359621451,0.243034055727554,0.211290322580645,0.2544,0.0748829953198128,0.2491961414791,0.43317230273752,0.236760124610592,0.246422893481717,0.233009708737864,0.762839879154079,0.419249592169657,0.22866344605475,0.241324921135647,0.575757575757576,0.242658423493045,0.433281004709576,0.381933438985737,0.424336973478939,0.243076923076923,0.244615384615385,0.254317111459969,0.864823348694316,0.420886075949367,0.850157728706625,0.225396825396825,0.434715821812596,0.442700156985871,0.388973966309342,0.761310452418097,0.24804992199688,0.186915887850467,0.236760124610592,0.254992319508449,0.417981072555205,0.434514637904468,0.932707355242567,0.80811232449298,0.444444444444444,0.4296875,0.423493044822257,0.756410256410256,0.436420722135008,0.246200607902736,0.756714060031596,0.438948995363215,0.243034055727554,0.250788643533123,0.23861852433281,0.433962264150943,0.438543247344461,0.8042071197411,0.242612752721617,0.451713395638629,0.446130500758725,0.237795275590551,0.253456221198157,0.428571428571429,0.556089743589744,0.233333333333333,0.238924050632911,0.5671875,0.243975903614458,0.447737909516381,0.250783699059561,0.434375,0.736681887366819,0.586153846153846,0.544901065449011,0.242612752721617,0.437403400309119,0.438461538461538,0.566358024691358,0.574468085106383,0.239263803680982,0.41588785046729,0.24025974025974,0.422664624808576,0.234177215189873,0.429022082018927,0.448165869218501,0.385579937304075,0.568992248062016,0.428571428571429,0.449438202247191,0.5875,0.430534351145038,0.904220779220779,0.235109717868339,0.765696784073507,0.241860465116279,0.443740095087163,0.246913580246914,0.770670826833073,0.432558139534884,0.431089743589744,0.249201277955272,0.824773413897281,0.249235474006116,0.856,0.393700787401575,0.230647709320695,0.826356589147287,0.588419405320814,0.24375,0.236196319018405,0.236024844720497,0.442463533225284,0.81039755351682,0.242331288343558,0.310015898251192,0.864864864864865,0.391768292682927,0.427018633540373,0.435257410296412,0.246445497630332,0.201587301587302,0.244408945686901,0.241538461538462,0.236024844720497,0.83033033033033,0.257274119448698,0.571205007824726,0.75867269984917,0.448382126348228,0.238759689922481,0.258730158730159,0.238709677419355,0.246969696969697,0.842592592592593,0.436532507739938,0.233024691358025,0.229793977812995,0.24,0.243710691823899,0.250778816199377,0.251980982567353,0.771822358346095,0.777070063694268,0.233542319749216,0.844615384615385,0.432601880877743,0.849765258215962,0.247663551401869,0.3584,0.452188006482982,0.429237947122862,0.249614791987673,0.812403100775194,0.438948995363215,0.226993865030675,0.251592356687898,0.376,0.4328125,0.446177847113885,0.434022257551669,0.226646248085758,0.436507936507937,0.427018633540373,0.546899841017488,0.43213728549142,0.206106870229008,0.444104134762634,0.8528,0.434850863422292,0.764976958525346,0.253918495297806,0.847619047619048,0.43312101910828,0.43343653250774,0.428571428571429,0.23963133640553,0.231496062992126,0.245161290322581,0.250388802488336,0.238325281803543,0.246031746031746,0.416139240506329,0.251552795031056,0.445131375579598,0.427152317880795,0.544891640866873,0.578778135048232,0.254290171606864,0.241538461538462,0.764705882352941,0.430321592649311,0.885220125786163,0.222054380664653,0.813586097946288,0.247678018575851,0.231139646869984,0.42902711323764,0.246445497630332,0.231907894736842,0.615506329113924,0.528089887640449,0.253373313343328,0.8592,0.858044164037855,0.231366459627329,0.231629392971246,0.249216300940439,0.850234009360374,0.758942457231726,0.429017160686427,0.31496062992126,0.430745814307458,0.761171032357473,0.432389937106918,0.843601895734597,0.241433021806854,0.23961661341853,0.440677966101695,0.434231378763867,1,0.414910858995138,0.435779816513761,0.430340557275542,0.248427672955975,0.237421383647799,0.427892234548336,0.242057488653555,0.772093023255814,0.238924050632911,0.9856,0.254807692307692,0.5734375,0.238390092879257,0.432646592709984,0.425837320574163,0.846275752773376,0.576506955177743,0.236306729264476,0.238170347003155,0.455414012738854,0.35702479338843,0.429477020602219,0.441269841269841,0.24804992199688,0.41820987654321,0.993660855784469,0.430842607313196,0.245426829268293,0.866043613707165,0.243710691823899,0.242138364779874,0.419003115264797,0.55877616747182,0.424679487179487,0.245980707395498,0.240625,0.434782608695652,0.44375,0.413109756097561,0.384615384615385,0.429936305732484,0.244865718799368,0.823348694316436,0.239130434782609,0.230891719745223,0.56298600311042,0.620414673046252,0.4272,0.830985915492958,0.434645669291339,0.246081504702194,0.219745222929936,0.43730407523511,0.414173228346457,0.618524332810047,0.244648318042813,0.425269645608629,0.537634408602151,0.434108527131783,0.265745007680492,0.789473684210526,0.759630200308166,0.44391785150079,0.429447852760736,0.422330097087379,0.444976076555024,0.43206106870229,0.274570982839314,0.264150943396226,0.440809968847352,0.706260032102729,0.571884984025559,0.989096573208723,0.5718901453958,0.23208722741433,0.417981072555205,0.776357827476038,0.414442700156986,0.433229813664596,0.561430793157076,0.41838351822504,0.768759571209801,0.42457231726283,0.445880452342488,0.420472440944882,0.4328125
"762",0.312091503267974,0.3264,0.330658105939005,0.339774557165862,0.330143540669856,0.328125,0.0196078431372549,0.336025848142165,0.326433121019108,0.565789473684211,0.333333333333333,0.6224,0.521809369951535,0.329093799682035,0.993537964458804,0.992063492063492,0.610410094637224,0.00662251655629139,0.339712918660287,0.325,0.993558776167472,0.993421052631579,0.335423197492163,0.505494505494505,0.327586206896552,0.995215311004785,0.991735537190083,0.351882160392799,0.324574961360124,0.5248,0.992050874403816,0.596850393700787,0.380503144654088,0.99673735725938,0.651273885350318,0.325,0.130573248407643,0.34375,0.992236024844721,0.313971742543171,0.00478468899521531,0.00638977635782748,0.00772797527047913,0.347402597402597,0.333333333333333,0.996747967479675,1,0.9921875,0.992199687987519,0.995305164319249,0.67879746835443,0.349025974025974,0.992199687987519,0.337620578778135,0.323296354992076,0.826645264847512,0.114192495921697,0.331730769230769,0.335443037974684,0.34185303514377,0.998412698412698,0.995215311004785,0.993558776167472,0,0.328382838283828,0.337007874015748,0.6416,0.33652312599681,0.604261796042618,0.996835443037975,0.336990595611285,0.9936,0.99512987012987,0.300813008130081,0.15,0.332819722650231,0.993700787401575,0.998442367601246,0.335987261146497,0.99344262295082,0.591133004926108,0.995260663507109,0.99194847020934,0.334935897435897,0.996860282574568,0.335925349922239,0.333333333333333,0.344551282051282,0.3312,0.00632911392405063,0.337115072933549,0.342064714946071,0.662957074721781,0.567092651757188,0.320846905537459,0.621875,0.668759811616955,0.325878594249201,0.110569105691057,0.00474683544303797,0.330128205128205,0.609951845906902,0.993620414673046,0.330564784053156,0.992150706436421,0.336,0.00476190476190476,0.339652448657188,0.99198717948718,0.993630573248408,0.992163009404389,0.328050713153724,0.998417721518987,0.336507936507937,0.19375,0.32093023255814,0.996825396825397,0.381846635367762,0.993788819875776,0.993650793650794,0.202211690363349,0.326892109500805,0.995319812792512,0.995121951219512,0.34913112164297,0.992175273865415,0.333839150227618,0.326530612244898,0.356340288924559,0.770061728395062,0.33768352365416,0.993589743589744,0.346534653465347,0.621165644171779,0.342105263157895,0.992076069730586,0.00158730158730159,0.995192307692308,0.392,0.889072847682119,0.572107765451664,0.59047619047619,0.332810047095761,0.329545454545455,0.992025518341308,0.3264,0.992248062015504,0.320695102685624,0.508607198748044,0.337519623233909,0.995137763371151,0.319047619047619,0.331730769230769,0.336507936507937,0.333333333333333,0.99341021416804,0.32258064516129,0.993453355155483,0.427892234548336,0.338582677165354,0.993817619783617,0.331230283911672,0.991935483870968,0.583333333333333,0.336601307189543,0.993485342019544,0.334905660377358,0.327503974562798,0.348949919224556,0.995238095238095,0.340872374798061,0.996784565916399,0.343042071197411,0.995260663507109,0.336079077429984,0.993517017828201,0.582938388625592,0.314194577352472,0.0234113712374582,0.314194577352472,0.328050713153724,0.991896272285251,0.318770226537217,0.336538461538462,0.327586206896552,0.332805071315372,0.993569131832797,0.996840442338073,0.338187702265372,0.336507936507937,0.992050874403816,0.995176848874598,0.333333333333333,0.229032258064516,0.0107692307692308,0.674641148325359,0.995260663507109,0,0.332807570977918,0.99203821656051,0.331723027375201,0.329704510108865,0.330173775671406,0.992088607594937,0.9953125,0.993517017828201,0.338983050847458,0.326860841423948,0.3296,0.664526484751204,0.325806451612903,0.99341021416804,0.354066985645933,0.99349593495935,0.995145631067961,0.453225806451613,0.338187702265372,0.334913112164297,0.345659163987138,0.327044025157233,0.326923076923077,0.63258785942492,0.993650793650794,0.995283018867924,0.322834645669291,0,0.340625,0.329192546583851,0.3296,0.322274881516588,0.304487179487179,0.332814930015552,0.68621236133122,0.34850863422292,0.321372854914197,0.993485342019544,0.336569579288026,0.995230524642289,0.333333333333333,0.319354838709677,0.338095238095238,0.344155844155844,0.325732899022801,0.996742671009772,0.34009360374415,0.80650406504065,0.992125984251969,0.995334370139969,1,0.995283018867924,0.992088607594937,0.891373801916933,0.992050874403816,0.995268138801262,0.993640699523052,0.332302936630603,0.993720565149137,0.337726523887974,0.00623052959501558,0.992025518341308,0.377567140600316,0.993579454253612,0.330670926517572,0.341384863123994,0.330683624801272,0.412140575079872,0.991883116883117,0.344339622641509,0.991816693944354,0.993769470404984,0.995222929936306,0.992138364779874,0.00318471337579618,0.32794830371567,0.992138364779874,0.996779388083736,0.33974358974359,0.993431855500821,0.329133858267717,0.993769470404984,0.995253164556962,0.326860841423948,0.339901477832512,0.315457413249211,0.144,0.333870967741935,0.00630914826498423,0.590138674884438,0.995169082125604,0.335463258785943,0.3322528363047,0.5744,0.99203821656051,0.993527508090615,0.339837398373984,0.346153846153846,0.993788819875776,0.641955835962145,0.677524429967427,0.322006472491909,0.325657894736842,0.992283950617284,0.342443729903537,0.309597523219814,0.992101105845182,0.324921135646688,0.316720257234727,0.996860282574568,0.317384370015949,0.327586206896552,0.329113924050633,0.333333333333333,0.995215311004785,0.995356037151703,0.996710526315789,0.328593996840442,0.336553945249597,0.0174050632911392,0.998422712933754,0.34248788368336,0.996860282574568,0.993569131832797,0.319182389937107,0.339035769828927,0.31733746130031,0.336538461538462,0.328616352201258,0.992088607594937,0.326332794830372,0.32258064516129,0.553921568627451,0.996879875195008,0.840255591054313,0.99347471451876,0.00645161290322581,0.993640699523052,0.338485316846986,0.991935483870968,0.995245641838352,0.418238993710692,0.993700787401575,0.333865814696486,0.99390243902439,0.32,0.316639741518578,0.326018808777429,0.995169082125604,0.992223950233281,0.332807570977918,0.405271828665568,0.590909090909091,0.310177705977383,0.993690851735016,0.993517017828201,0.9936,0.331699346405229,0.993730407523511,0.203821656050955,0.992050874403816,0.993589743589744,0.99512987012987,0.995222929936306,0.341692789968652,0.991961414790997,0.333887043189369,0.345483359746434,0.666131621187801,0.322683706070288,0.993548387096774,0.3392,0.336492890995261,0.327272727272727,0.993640699523052,0.319508448540707,0.99184339314845,0.337984496124031,0.482539682539683,0.337078651685393,0.343137254901961,0.328502415458937,0.993650793650794,0.333333333333333,0.318770226537217,0.993690851735016,0.993640699523052,0.335443037974684,0.324921135646688,0.995238095238095,0.473186119873817,0.327332242225859,0.341732283464567,0.34493670886076,0.667721518987342,0.991896272285251,0.307692307692308,0.995283018867924,0.413848631239936,0.318910256410256,0.00646203554119548,0.885220125786163,0.327390599675851,0.335473515248796,0.00303030303030303,0.0365659777424483,0.988871224165342,0.324237560192616,0.992063492063492,0.329153605015674,0.328925619834711,0.993620414673046,0.342767295597484,0.329011345218801,0.657643312101911,0.995253164556962,0.331189710610932,0.332794830371567,0.993453355155483,0.33015873015873,0.326765188834154,0.993527508090615,0.3312,0.326797385620915,0.333863275039746,0.339228295819936,0.8096,0.993710691823899,0.9744,0.993930197268589,0.993650793650794,0.00328407224958949,0.995290423861852,0.998412698412698,0.995245641838352,0.4224,0.995145631067961,0.326594090202177,0.998435054773083,0.338607594936709,0.998405103668262,0.601538461538462,0.613707165109034,0.340659340659341,0.330708661417323,0.626771653543307,0.339256865912762,0.00777604976671851,0.609250398724083,0.66394779771615,0.338607594936709,0.00631911532385466,0.318979266347687,0.322169059011164,0.773399014778325,0.340222575516693,0.660287081339713,0.582792207792208,0.334935897435897,0.333860759493671,0.312698412698413,0.996768982229402,0.0184049079754601,0.00662251655629139,0.333333333333333,0.344827586206897,0.353968253968254,0.992050874403816,0.336025848142165,0.330733229329173,0.99194847020934,0.325396825396825,0.945686900958466,0.560855263157895,0.995275590551181,0.992223950233281,0.998296422487223,0.339622641509434,0.597809076682316,0.337423312883436,0.327272727272727,0.338632750397456,0.419152276295133,0.9936,0.325842696629214,0.991896272285251,0.332242225859247,0.327922077922078,0.995222929936306,0.331707317073171,0.992319508448541,0.334394904458599,0.995230524642289,0.992012779552716,0.334394904458599,0.00318979266347687,0.992211838006231,0.340764331210191,0.99673735725938,0.5872,0.993640699523052,0.497659906396256,0.993827160493827,0.573926868044515,0.993548387096774,0.328947368421053,0.993640699523052,0.996810207336523,0.992138364779874,0.324367088607595,0.336569579288026,0.337480559875583,0.358208955223881,0.329450915141431,0.319047619047619,0.995081967213115,0.334920634920635,0.991694352159468,0.993874425727412,0.343354430379747,0.331699346405229,0.330733229329173,0.398387096774194,0.341692789968652,0.9953125,0.993640699523052,0.340189873417722,0.343450479233227,0.611202635914333,0.587378640776699,0.328502415458937,0.331723027375201,0.991896272285251,0.323343848580442,0.328149300155521,0.990445859872611,0.321951219512195,0.324921135646688,0.00631911532385466,0.130434782608696,0.331189710610932,0.66,0.324281150159744,0.339144215530903,0.588328075709779,0.990476190476191,0.325806451612903,0.996830427892235,0.332802547770701,0.363492063492063,0.329652996845426,0.4859375,0.331168831168831,0.995090016366612,0.331240188383046,0.332273449920509,0.336569579288026,0.671406003159558,0.99505766062603,0.330128205128205,0.334384858044164,0.00484652665589661,0.332302936630603,0.993650793650794,0.960629921259842,0.993700787401575,0.327613104524181,0.335453100158982,0.327974276527331,0.577952755905512,0.991816693944354,0.58957654723127,0.351437699680511,0.996815286624204,0.995297805642633,0.972972972972973,0.65818759936407,0.35,0.376788553259142,0.332293291731669,0.335423197492163,0.991961414790997,0.992211838006231,0.509001636661211,0.605723370429253,0.992076069730586,0.993640699523052,0.993660855784469,0.6721044045677,0.993650793650794,0.346094946401225,0.66984126984127,0.993680884676145,0.348242811501597,0.338187702265372,0.334410339256866,0.995245641838352,0.99375,0.622296173044925,0.337559429477021,0.993650793650794,0.992088607594937,0.336477987421384,0.326530612244898,0.995184590690209,0.0066334991708126,0.335473515248796,0.326332794830372,0.00161290322580645,0.333333333333333,0.992223950233281,0.325842696629214,0.995222929936306,0.13968253968254,0.0078740157480315,0.901408450704225,0.341232227488152,0.992260061919505,0.991974317817014,0.00792393026941363,0.00473186119873817,0.342313787638669,0.993730407523511,0.323051948051948,0.996884735202492,0.319148936170213,0.993485342019544,0.991883116883117,0.973015873015873,0.785031847133758,0.99672131147541,0.995145631067961,0.00158227848101266,0.993690851735016,0.513821138211382,0.332797427652733,0.655712050078247,0.344236760124611,0.991909385113269,0.319286871961102,0.658227848101266,0.99673735725938,0.993485342019544,0.334943639291465,0.599092284417549,0.346581875993641,0.57484076433121,0.977235772357724,0.345218800648298,0.584786053882726,0.00480769230769231,0.333333333333333,0.340729001584786,0.337007874015748,0.994991652754591,0.625978090766823,0.324451410658307,0.900651465798046,0.574918566775244,0.971875,0.99211356466877,0.996810207336523,0.324921135646688,0.343450479233227,0.324675324675325,0.328050713153724,0.333333333333333,0.600311041990669,0.321372854914197,0.00637958532695375,0.666156202143951,0.996850393700787,0.334394904458599,0.321543408360129,0.326732673267327,0.346749226006192,0.592417061611374,0.992163009404389,0.352574102964119,0.341307814992026,0.348561759729272,0.33974358974359,0.325,0.32755905511811,0.195924764890282,0.66884176182708,0.339089481946625,0.591962905718702,0.996784565916399,0.229067930489731,0.333333333333333,0.922077922077922,0.993388429752066,0.995169082125604,0.330128205128205,0.616113744075829,0.993610223642173,0.328571428571429,0.317111459968603,0.961227786752827,0.995290423861852,0.9936,0.99673735725938,0.336477987421384,0.99349593495935,0.993690851735016,0.898251192368839,0.99203821656051,0.359055118110236,0.992138364779874,0.576243980738363,0.996845425867508,0.659777424483307,0.324675324675325,0.584288052373159,0.993569131832797,0.993558776167472,0.990275526742301,0.3375,0.340189873417722,0.336617405582923,0.3328,0.341625207296849,0.339774557165862,0.990147783251232,0.32753164556962,0.9936,0.993243243243243,0.72397476340694,0.00485436893203883,0.339144215530903,0.333860759493671,0.663009404388715,0.992307692307692,0.55608214849921,0.344339622641509,0.625806451612903,0.327974276527331,0.338211382113821,0.993464052287582,0.325878594249201,0.333333333333333,0.688102893890675,0.90284757118928,0.339477726574501,0.596091205211726,0.571428571428571,0.34185303514377,0.342995169082126,0.312903225806452,0.582664526484751,0.660347551342812,0.995348837209302,0.900473933649289,0.992211838006231,0.646511627906977,0.99685534591195,0.583606557377049,0.33175355450237,0.337115072933549,0.995305164319249,0.993680884676145,0.414910858995138,1,1,0.996840442338073,0.329032258064516,0.342356687898089,0.996789727126806,0.328197226502311,0.670807453416149,0.340836012861736,0.445880452342488,0.317152103559871,0.00626959247648903,0.323899371069182,0.995230524642289,0.991721854304636,0.583201267828843,0.00632911392405063,0.338050314465409,0.334394904458599,0.110223642172524,0.422628951747088,0.992,0.993517017828201,0.33015873015873,0.996774193548387,0.410828025477707,0.993464052287582,0.33693972179289,0.575039494470774,0.337620578778135,0.339256865912762,0.993650793650794,0.00478468899521531,0.995145631067961,0.317195325542571,0.3376,0.995334370139969,0.992012779552716,0.993798449612403,0.460162601626016,0.99349593495935,0.338632750397456,0.594679186228482,0.34748427672956,0.339285714285714,0.0062992125984252,0.0337078651685393,0.99341021416804,0.60828025477707,0.995145631067961,0.343548387096774,0.344771241830065,0.993569131832797,0.993640699523052,0.161442006269592,0.325878594249201,0.992223950233281,0.895569620253165,0.9952,0.340030911901082,0.192982456140351,0.652448657187994,0.993700787401575,0.993798449612403,0.991869918699187,0.99347471451876,0.992236024844721,0.294851794071763,0.318979266347687,0.993569131832797,0.10648918469218,0.00487012987012987,0.432692307692308,0.00668896321070234,0.341346153846154,0.993680884676145,0.664,0.993700787401575,0.992150706436421,0.888535031847134,0.996784565916399,0.671850699844479,0.995176848874598,0.993589743589744,0.993527508090615,0.995275590551181
"763",0.287066246056782,0.305343511450382,0.308755760368664,0.318611987381703,0.308282208588957,0.305900621118012,0.0125786163522013,0.310832025117739,0.312210200927357,0.575709779179811,0.309559939301973,0.648233486943164,0.510172143974961,0.321538461538462,0.996875,0.996889580093313,0.619195046439629,0.0032,0.31733746130031,0.302936630602782,0.996908809891808,0.996865203761755,0.311649016641452,0.515432098765432,0.306766917293233,1,0.996825396825397,0.32695374800638,0.305135951661631,0.511848341232227,0.996951219512195,0.595744680851064,0.364471669218989,0.996908809891808,0.678571428571429,0.298360655737705,0.144796380090498,0.316998468606432,0.997010463378176,0.300153139356815,0.0031055900621118,0.00153846153846154,0.0030441400304414,0.32018927444795,0.313084112149533,0.998420221169036,1,0.996937212863706,0.996923076923077,1,0.691376701966717,0.327503974562798,0.996951219512195,0.312883435582822,0.313161875945537,0.816037735849057,0.12755905511811,0.316846986089645,0.307692307692308,0.320433436532508,0.993975903614458,0.996889580093313,0.996860282574568,0,0.309904153354633,0.305597579425113,0.658385093167702,0.32093023255814,0.613533834586466,0.998477929984779,0.315467075038285,0.996969696969697,0.998430141287284,0.274447949526814,0.161042944785276,0.306784660766962,0.998461538461539,1,0.31866464339909,0.998420221169036,0.599041533546326,0.9984375,0.996875,0.321592649310873,1,0.318796992481203,0.311912225705329,0.324159021406728,0.311728395061728,0.00306748466257669,0.31619937694704,0.317365269461078,0.689708141321045,0.585106382978723,0.3046875,0.64767616191904,0.686064318529862,0.298937784522003,0.12280701754386,0.00157728706624606,0.306976744186047,0.624605678233438,0.998442367601246,0.312903225806452,0.996879875195008,0.312597200622084,0.00152671755725191,0.319314641744548,0.996899224806202,0.996937212863706,0.996932515337423,0.293846153846154,1,0.316279069767442,0.216463414634146,0.303892215568862,0.998468606431853,0.382488479262673,0.99702380952381,0.996884735202492,0.213292117465224,0.30568356374808,0.998489425981873,0.998422712933754,0.319444444444444,0.996904024767802,0.314410480349345,0.308035714285714,0.372519083969466,0.77027027027027,0.320634920634921,0.998425196850394,0.32182103610675,0.638138138138138,0.322632423756019,0.996937212863706,0.0015220700152207,0.996889580093313,0.373643410852713,0.881064162754304,0.582945736434109,0.595054095826893,0.308049535603715,0.3198127925117,0.996913580246914,0.31441717791411,0.996987951807229,0.298921417565485,0.5,0.319213313161876,0.998417721518987,0.304012345679012,0.305426356589147,0.3125,0.310077519379845,0.996870109546166,0.299694189602446,0.998425196850394,0.433333333333333,0.315548780487805,0.996969696969697,0.316890881913303,0.996923076923077,0.596244131455399,0.309486780715397,0.996927803379416,0.316358024691358,0.305555555555556,0.319875776397516,0.992389649923896,0.324242424242424,0.996918335901387,0.31496062992126,0.998470948012232,0.305331179321486,0.996884735202492,0.593558282208589,0.3,0.0321027287319422,0.29559748427673,0.311827956989247,0.996879875195008,0.305426356589147,0.31104199066874,0.318529862174579,0.320373250388802,0.998432601880878,1,0.311811023622047,0.310872894333844,0.996955859969559,0.996884735202492,0.314900153609831,0.242658423493045,0.0178041543026706,0.691244239631336,0.996946564885496,0,0.312883435582822,0.996941896024465,0.317535545023697,0.306766917293233,0.303875968992248,0.996927803379416,0.998487140695915,0.996894409937888,0.327844311377246,0.306709265175719,0.308980213089802,0.684458398744113,0.300153139356815,0.998461538461539,0.330232558139535,0.996865203761755,0.998449612403101,0.447004608294931,0.324031007751938,0.316030534351145,0.315384615384615,0.301223241590214,0.313755795981453,0.651162790697674,0.998447204968944,0.998475609756098,0.304281345565749,0,0.321646341463415,0.311377245508982,0.314329738058552,0.30441400304414,0.300925925925926,0.313988095238095,0.703647416413374,0.378787878787879,0.293394777265745,0.996879875195008,0.312796208530806,0.996951219512195,0.299546142208775,0.300469483568075,0.303265940902022,0.328100470957614,0.298412698412698,1,0.319571865443425,0.800627943485086,0.996865203761755,0.998496240601504,1,0.996951219512195,0.996923076923077,0.886115444617785,0.996908809891808,0.996941896024465,0.996941896024465,0.305810397553517,0.998454404945904,0.317965023847377,0.00149476831091181,0.996884735202492,0.395454545454545,0.996908809891808,0.317610062893082,0.315950920245399,0.311349693251534,0.424427480916031,0.996913580246914,0.319571865443425,0.996870109546166,0.998482549317147,0.998459167950693,0.996974281391831,0,0.306027820710974,0.996937212863706,0.996860282574568,0.309230769230769,0.996850393700787,0.31306990881459,0.996974281391831,1,0.309597523219814,0.320373250388802,0.293394777265745,0.154574132492114,0.310725552050473,0.00311526479750779,0.601783060921248,0.996932515337423,0.313725490196078,0.310452418096724,0.580547112462006,0.996955859969559,0.9984375,0.32,0.321928460342146,0.998461538461539,0.666151468315301,0.7015625,0.30381679389313,0.312399355877617,0.995475113122172,0.327131782945736,0.300448430493274,0.996932515337423,0.308868501529052,0.296296296296296,1,0.304212168486739,0.309968847352025,0.310185185185185,0.30781010719755,0.998435054773083,0.998502994011976,0.998394863563403,0.305555555555556,0.313664596273292,0.00921658986175115,0.998470948012232,0.326018808777429,0.998473282442748,0.996913580246914,0.310030395136778,0.323216995447648,0.296520423600605,0.308166409861325,0.310975609756098,0.996875,0.298600311041991,0.298761609907121,0.571879936808847,0.996951219512195,0.8265625,0.996879875195008,0.00310077519379845,0.998461538461539,0.319277108433735,0.996879875195008,0.996870109546166,0.430513595166163,0.996996996996997,0.3140625,0.998500749625187,0.302469135802469,0.296754250386399,0.308868501529052,0.998430141287284,0.996946564885496,0.311248073959938,0.4,0.6078125,0.294117647058824,0.996937212863706,0.996845425867508,0.998435054773083,0.30564263322884,0.996978851963746,0.21505376344086,0.996927803379416,0.996908809891808,0.998407643312102,0.998454404945904,0.316109422492401,0.996904024767802,0.30952380952381,0.328767123287671,0.6801872074883,0.3046875,0.99685534591195,0.312977099236641,0.317700453857791,0.307073954983923,0.996889580093313,0.296296296296296,0.996870109546166,0.31044776119403,0.477726574500768,0.318952234206472,0.3234375,0.308755760368664,0.998475609756098,0.311627906976744,0.296703296703297,0.996865203761755,0.998461538461539,0.308641975308642,0.308510638297872,0.996978851963746,0.484018264840183,0.310509554140127,0.320061255742726,0.319634703196347,0.685185185185185,0.99685534591195,0.282296650717703,0.998459167950693,0.426332288401254,0.301710730948678,0.00153846153846154,0.881458966565349,0.310126582278481,0.311627906976744,0.00148809523809524,0.0325077399380805,0.984639016897081,0.307931570762053,0.996879875195008,0.309375,0.311111111111111,0.996923076923077,0.316998468606432,0.313364055299539,0.673312883435583,0.998466257668712,0.313846153846154,0.312989045383412,0.996810207336523,0.310502283105023,0.308176100628931,0.996860282574568,0.34703196347032,0.302325581395349,0.313253012048193,0.325077399380805,0.796610169491525,0.996955859969559,0.981366459627329,0.998496240601504,0.996865203761755,0.00153846153846154,1,0.998435054773083,0.996918335901387,0.423493044822257,0.998422712933754,0.30381679389313,0.996992481203008,0.324534161490683,1,0.604754829123328,0.633181126331811,0.313813813813814,0.304477611940298,0.642857142857143,0.310289389067524,0.00304878048780488,0.63312693498452,0.694099378881988,0.311550151975684,0.00305343511450382,0.311145510835913,0.298780487804878,0.76661514683153,0.320493066255778,0.686544342507645,0.593650793650794,0.306853582554517,0.315629742033384,0.292758089368259,0.998420221169036,0.025,0.00161030595813205,0.317073170731707,0.323529411764706,0.328746177370031,0.996937212863706,0.352941176470588,0.318112633181126,0.996879875195008,0.301204819277108,0.949152542372881,0.577464788732394,0.998482549317147,0.996983408748115,0.998341625207297,0.319213313161876,0.606656580937973,0.312874251497006,0.306349206349206,0.308166409861325,0.422018348623853,0.996941896024465,0.304821150855365,0.996870109546166,0.315705128205128,0.314873417721519,0.996960486322188,0.314728682170543,0.996983408748115,0.31733746130031,0.996879875195008,0.996918335901387,0.315151515151515,0.00307692307692308,0.997005988023952,0.322678843226788,1,0.560490045941807,0.996983408748115,0.516030534351145,0.996960486322188,0.553488372093023,0.996815286624204,0.307086614173228,0.998468606431853,0.996927803379416,0.996937212863706,0.302752293577982,0.322429906542056,0.313161875945537,0.338632750397456,0.34621578099839,0.306027820710974,0.998405103668262,0.317757009345794,0.996794871794872,0.996960486322188,0.31306990881459,0.312401883830455,0.309451219512195,0.389489953632148,0.316742081447964,0.996955859969559,0.998487140695915,0.319634703196347,0.320813771517997,0.632423756019262,0.6015625,0.311728395061728,0.315870570107858,0.996879875195008,0.3,0.311844077961019,0.995348837209302,0.300476947535771,0.313546423135464,0.00155038759689922,0.146118721461187,0.309119010819165,0.688427299703264,0.310664605873261,0.319508448540707,0.596358118361153,0.995391705069124,0.306976744186047,0.998442367601246,0.310452418096724,0.342271293375394,0.314152410575428,0.473604826546003,0.309006211180124,0.998412698412698,0.312883435582822,0.310344827586207,0.321766561514196,0.692660550458716,1,0.325396825396825,0.310502283105023,0.00306748466257669,0.319508448540707,0.996946564885496,0.955993930197269,0.996951219512195,0.307339449541284,0.31866464339909,0.3078125,0.585329341317365,0.996879875195008,0.590909090909091,0.3265625,0.998468606431853,0.998482549317147,0.968036529680365,0.681114551083591,0.318112633181126,0.352220520673813,0.31306990881459,0.308510638297872,0.996845425867508,0.996987951807229,0.509230769230769,0.6359375,0.996946564885496,0.996913580246914,0.996955859969559,0.689873417721519,0.998454404945904,0.316964285714286,0.692068429237947,0.998463901689708,0.314984709480122,0.316846986089645,0.313664596273292,0.998466257668712,0.998525073746313,0.6544,0.314329738058552,0.996927803379416,0.996960486322188,0.3125,0.302611367127496,0.998459167950693,0.00159235668789809,0.308176100628931,0.302325581395349,0.00155763239875389,0.307458143074581,0.996946564885496,0.307210031347962,0.998444790046656,0.156156156156156,0.00300751879699248,0.894736842105263,0.317073170731707,0.996941896024465,0.996937212863706,0.00308641975308642,0.00303490136570561,0.323029366306028,0.996955859969559,0.309748427672956,0.998496240601504,0.308176100628931,0.998454404945904,0.996870109546166,0.963949843260188,0.769465648854962,1,1,0.00153139356814701,0.997001499250375,0.518341307814992,0.328703703703704,0.682515337423313,0.316923076923077,0.996865203761755,0.306153846153846,0.683153013910355,0.998442367601246,0.998442367601246,0.310236220472441,0.622613803230543,0.321538461538462,0.587869362363919,0.975039001560062,0.334862385321101,0.602184087363494,0.00772797527047913,0.303125,0.311926605504587,0.320668693009119,0.998387096774194,0.637329286798179,0.302752293577982,0.895962732919255,0.585023400936037,0.97289156626506,0.996946564885496,0.998466257668712,0.30757341576507,0.334905660377358,0.302362204724409,0.305471124620061,0.307098765432099,0.618834080717489,0.296803652968037,0.00153609831029186,0.686011904761905,0.998466257668712,0.326186830015314,0.303076923076923,0.312599681020734,0.31441717791411,0.610769230769231,0.996983408748115,0.333841463414634,0.321428571428571,0.33015873015873,0.318952234206472,0.311077389984825,0.306501547987616,0.205792682926829,0.684044233807267,0.309375,0.597597597597598,1,0.241486068111455,0.314329738058552,0.924528301886792,0.998402555910543,0.998482549317147,0.308777429467085,0.634146341463415,0.996932515337423,0.313636363636364,0.289922480620155,0.963434022257552,0.998473282442748,0.996937212863706,0.998430141287284,0.311728395061728,0.996845425867508,0.998475609756098,0.893416927899687,0.996884735202492,0.349013657056146,0.996987951807229,0.592417061611374,1,0.679331306990882,0.300462249614792,0.592823712948518,0.996870109546166,0.998427672955975,0.995297805642633,0.317147192716237,0.318952234206472,0.32120253164557,0.311844077961019,0.316957210776545,0.320813771517997,0.987301587301587,0.313364055299539,0.996894409937888,0.996715927750411,0.721966205837174,0.0031496062992126,0.315068493150685,0.309707241910632,0.685975609756098,0.99702380952381,0.566978193146417,0.32089552238806,0.641185647425897,0.302290076335878,0.31496062992126,0.998442367601246,0.307931570762053,0.317891373801917,0.691338582677165,0.9,0.317365269461078,0.6046875,0.579192546583851,0.316590563165906,0.317829457364341,0.292758089368259,0.6,0.683153013910355,0.998491704374057,0.901253918495298,0.997005988023952,0.665144596651446,0.998427672955975,0.588607594936709,0.311349693251534,0.317610062893082,0.998491704374057,0.998456790123457,0.435779816513761,1,1,1,0.298461538461538,0.328220858895706,0.998430141287284,0.304860088365243,0.683409436834094,0.328100470957614,0.458074534161491,0.290220820189274,0.00303490136570561,0.303680981595092,0.9984375,0.996889580093313,0.597243491577335,0.00305343511450382,0.321592649310873,0.31974921630094,0.104776579352851,0.415748031496063,0.996908809891808,0.996870109546166,0.307926829268293,1,0.420970266040689,0.996879875195008,0.316341829085457,0.59236641221374,0.317073170731707,0.31055900621118,0.996918335901387,0.00158478605388273,0.998420221169036,0.301282051282051,0.312788906009245,0.996965098634294,0.996918335901387,0.996941896024465,0.440251572327044,0.996840442338073,0.306027820710974,0.619482496194825,0.328173374613003,0.318840579710145,0.00303951367781155,0.0406885758998435,0.996860282574568,0.617511520737327,1,0.32312404287902,0.322784810126582,0.996894409937888,0.998447204968944,0.16793893129771,0.296754250386399,0.997014925373134,0.896813353566009,0.996960486322188,0.310606060606061,0.210852713178295,0.672811059907834,0.996927803379416,0.996978851963746,0.996860282574568,0.996810207336523,0.997001499250375,0.279878971255673,0.299847792998478,0.996946564885496,0.126984126984127,0.00315955766192733,0.449010654490107,0.0032258064516129,0.313971742543171,0.998456790123457,0.682242990654206,0.996932515337423,0.996937212863706,0.882442748091603,0.998447204968944,0.686363636363636,0.998473282442748,0.998412698412698,0.996899224806202,1
"764",0.303125,0.315789473684211,0.321044546850998,0.332810047095761,0.310185185185185,0.305772230889236,0.014308426073132,0.321656050955414,0.310077519379845,0.5648,0.318042813455657,0.638591117917305,0.521193092621664,0.321372854914197,1,1,0.62596599690881,0,0.324409448818898,0.310344827586207,1,1,0.32,0.513056835637481,0.311827956989247,1,1,0.33968253968254,0.309451219512195,0.519623233908948,1,0.588325652841782,0.363076923076923,0.996908809891808,0.662519440124417,0.316720257234727,0.133540372670807,0.318885448916409,1,0.313364055299539,0.00308166409861325,0,0,0.33015873015873,0.311320754716981,1,0.996860282574568,1,1,1,0.687692307692308,0.324451410658307,1,0.328125,0.315950920245399,0.82753164556962,0.121835443037975,0.312111801242236,0.316923076923077,0.31924882629108,0.992469879518072,1,1,0.0031055900621118,0.322683706070288,0.31832298136646,0.655384615384615,0.321428571428571,0.613193403298351,1,0.316998468606432,1,1,0.286624203821656,0.152542372881356,0.316187594553706,1,0.998480243161094,0.320300751879699,1,0.597464342313788,1,1,0.324574961360124,1,0.319402985074627,0.3140625,0.324492979719189,0.319444444444444,0,0.318611987381703,0.325227963525836,0.684210526315789,0.584876543209877,0.310126582278481,0.63595166163142,0.670295489891135,0.311248073959938,0.118210862619808,0,0.312989045383412,0.619718309859155,1,0.310015898251192,1,0.314728682170543,0,0.31924882629108,1,1,1,0.305295950155763,0.996889580093313,0.327613104524181,0.196374622356495,0.314285714285714,1,0.369397217928903,1,1,0.192546583850932,0.313364055299539,1,1,0.3328173374613,1,0.31314623338257,0.315396113602392,0.358814352574103,0.764795144157815,0.318979266347687,1,0.327073552425665,0.631419939577039,0.336538461538462,1,0.00153139356814701,1,0.376344086021505,0.8864,0.584375,0.59472049689441,0.312893081761006,0.325320512820513,1,0.314241486068111,1,0.313664596273292,0.51063829787234,0.317771084337349,1,0.312693498452012,0.323151125401929,0.32753164556962,0.32182103610675,1,0.306853582554517,1,0.442073170731707,0.324283559577677,1,0.318461538461538,1,0.594679186228482,0.318181818181818,1,0.323029366306028,0.312404287901991,0.330232558139535,0.98937784522003,0.330218068535826,1,0.321259842519685,1,0.31629392971246,1,0.591962905718702,0.301710730948678,0.0337078651685393,0.3,0.316692667706708,1,0.302795031055901,0.3203125,0.314503816793893,0.328197226502311,1,1,0.320967741935484,0.321875,1,1,0.317972350230415,0.235384615384615,0.0209267563527653,0.690769230769231,1,0.0030441400304414,0.324534161490683,1,0.322169059011164,0.312788906009245,0.315151515151515,0.996918335901387,1,1,0.328808446455505,0.317384370015949,0.31733746130031,0.671406003159558,0.308661417322835,1,0.33953488372093,1,1,0.431888544891641,0.321259842519685,0.317147192716237,0.3296875,0.309968847352025,0.318681318681319,0.644200626959248,1,1,0.314112291350531,0.0015527950310559,0.333839150227618,0.323262839879154,0.323943661971831,0.312404287901991,0.307210031347962,0.321156773211568,0.692541856925419,0.361963190184049,0.31104199066874,1,0.323390894819466,1,0.305810397553517,0.307086614173228,0.326018808777429,0.325545171339564,0.313001605136437,1,0.323574730354391,0.809748427672956,1,1,0.996908809891808,1,1,0.897151898734177,1,1,1,0.314503816793893,1,0.326298701298701,0,1,0.385779122541604,1,0.3184,0.322378716744914,0.315789473684211,0.427018633540373,1,0.32262996941896,1,1,1,1,0,0.309148264984227,1,1,0.332810047095761,1,0.325115562403698,1,1,0.310725552050473,0.328616352201258,0.308166409861325,0.147286821705426,0.330188679245283,0,0.596385542168675,1,0.321044546850998,0.325320512820513,0.58179012345679,1,1,0.332263242375602,0.332293291731669,1,0.650943396226415,0.702362204724409,0.30625,0.322169059011164,0.993975903614458,0.323899371069182,0.305847076461769,1,0.313178294573643,0.302147239263804,1,0.316535433070866,0.316692667706708,0.317700453857791,0.317901234567901,1,1,1,0.313271604938272,0.32753164556962,0.00765696784073507,0.995290423861852,0.329113924050633,1,1,0.312693498452012,0.328197226502311,0.304878048780488,0.322884012539185,0.312977099236641,1,0.3078125,0.307692307692308,0.572107765451664,1,0.840625,1,0,1,0.323308270676692,1,1,0.419847328244275,0.998473282442748,0.330203442879499,1,0.309636650868878,0.310077519379845,0.315868263473054,1,1,0.32258064516129,0.397106109324759,0.612752721617418,0.303599374021909,1,1,1,0.32484076433121,1,0.203389830508475,1,1,1,1,0.326120556414219,1,0.319148936170213,0.335913312693498,0.679012345679012,0.3078125,1,0.330232558139535,0.320121951219512,0.319488817891374,1,0.305007587253414,1,0.318862275449102,0.47900466562986,0.326186830015314,0.33122028526149,0.310872894333844,1,0.31974921630094,0.304821150855365,1,1,0.31733746130031,0.309968847352025,1,0.477726574500768,0.313291139240506,0.325545171339564,0.328682170542636,0.684044233807267,1,0.303937007874016,1,0.409020217729393,0.311811023622047,0,0.881538461538461,0.32018927444795,0.324074074074074,0,0.0328125,0.982945736434109,0.316118935837246,1,0.31974921630094,0.316129032258064,1,0.327718223583461,0.320695102685624,0.662015503875969,1,0.318611987381703,0.321483771251932,1,0.315789473684211,0.307073954983923,1,0.343076923076923,0.315789473684211,0.316341829085457,0.334384858044164,0.810769230769231,1,0.982758620689655,1,1,0.0015600624024961,1,0.995348837209302,1,0.427018633540373,0.998415213946117,0.309923664122137,0.995447647951442,0.338658146964856,0.998463901689708,0.606927710843373,0.621004566210046,0.322137404580153,0.312404287901991,0.641065830721003,0.320063694267516,0,0.629457364341085,0.687402799377916,0.319444444444444,0.00154320987654321,0.315384615384615,0.308892355694228,0.773940345368917,0.323574730354391,0.686728395061728,0.5984,0.314152410575428,0.322678843226788,0.308396946564885,1,0.0251107828655835,0,0.316590563165906,0.32312404287902,0.332814930015552,1,0.34009360374415,0.3198127925117,1,0.311827956989247,0.94392523364486,0.568075117370892,1,1,0.996672212978369,0.318318318318318,0.612213740458015,0.327217125382263,0.31687898089172,0.310725552050473,0.420647149460709,1,0.309968847352025,1,0.322734499205087,0.317965023847377,1,0.322169059011164,1,0.324451410658307,1,1,0.321372854914197,0,1,0.332819722650231,1,0.555555555555556,1,0.507668711656442,1,0.562111801242236,1,0.320574162679426,1,1,1,0.305900621118012,0.322327044025157,0.316666666666667,0.343598055105348,0.334405144694534,0.314152410575428,1,0.320872274143302,1,1,0.32348367029549,0.320754716981132,0.31866464339909,0.386792452830189,0.328313253012048,1,1,0.328197226502311,0.325471698113208,0.628571428571429,0.592125984251968,0.317757009345794,0.321483771251932,1,0.310664605873261,0.313636363636364,0.993759750390016,0.307568438003221,0.315870570107858,0,0.132420091324201,0.316358024691358,0.678678678678679,0.317610062893082,0.318112633181126,0.599092284417549,0.996904024767802,0.31055900621118,1,0.316535433070866,0.354330708661417,0.313271604938272,0.478461538461538,0.314152410575428,1,0.32398753894081,0.317535545023697,0.331738437001595,0.687116564417178,1,0.323809523809524,0.319444444444444,0,0.324159021406728,0.998435054773083,0.953488372093023,1,0.326086956521739,0.326120556414219,0.31496062992126,0.580060422960725,1,0.594896331738437,0.331761006289308,1,1,0.965996908809892,0.68062015503876,0.339089481946625,0.362637362637363,0.319508448540707,0.31866464339909,1,1,0.515772870662461,0.633802816901408,1,1,0.998463901689708,0.687400318979266,1,0.325757575757576,0.679012345679012,1,0.321538461538462,0.313271604938272,0.324921135646688,0.998468606431853,1,0.649038461538462,0.328149300155521,1,1,0.328290468986384,0.311248073959938,0.998456790123457,0,0.3140625,0.314375987361769,0.0046801872074883,0.312024353120244,1,0.312796208530806,1,0.144171779141104,0,0.904903417533432,0.329770992366412,1,1,0,0.00151975683890578,0.325115562403698,1,0.315132605304212,0.996978851963746,0.306962025316456,1,0.998420221169036,0.966049382716049,0.782407407407407,1,1,0.00315955766192733,1,0.508914100486224,0.327666151468315,0.673716012084592,0.325227963525836,1,0.310291858678955,0.674418604651163,1,1,0.312597200622084,0.623893805309734,0.326656394453005,0.583850931677019,0.973312401883831,0.329153605015674,0.594761171032357,0.00927357032457496,0.317262830482115,0.325190839694657,0.3267776096823,1,0.637593984962406,0.312024353120244,0.895800933125972,0.591549295774648,0.965151515151515,1,1,0.31104199066874,0.335433070866142,0.309033280507132,0.31441717791411,0.315384615384615,0.616191904047976,0.312406576980568,0,0.670571010248902,1,0.327131782945736,0.313479623824451,0.315286624203822,0.317073170731707,0.606153846153846,1,0.3328173374613,0.3328173374613,0.329052969502408,0.317683881064163,0.32093023255814,0.316770186335404,0.192716236722307,0.67981072555205,0.325434439178515,0.603658536585366,1,0.234836702954899,0.320872274143302,0.933014354066986,1,1,0.307692307692308,0.636785162287481,1,0.318112633181126,0.296296296296296,0.954041204437401,1,1,0.998405103668262,0.323664122137405,1,1,0.900311526479751,1,0.354642313546423,1,0.584786053882726,1,0.666666666666667,0.308056872037915,0.597809076682316,1,1,0.993720565149137,0.32262996941896,0.324074074074074,0.325984251968504,0.316358024691358,0.320634920634921,0.334389857369255,0.9875,0.319571865443425,1,1,0.721139430284858,0,0.324116743471582,0.315467075038285,0.682926829268293,1,0.567233384853168,0.329359165424739,0.644305772230889,0.312111801242236,0.328548644338118,1,0.312202852614897,0.322899505766063,0.689274447949527,0.909667194928685,0.319587628865979,0.593700787401575,0.573692551505547,0.325077399380805,0.330188679245283,0.305084745762712,0.591549295774648,0.679938744257274,1,0.902021772939347,1,0.662538699690402,0.998407643312102,0.60062893081761,0.316535433070866,0.323624595469256,1,1,0.430340557275542,0.996840442338073,1,1,0.306976744186047,0.3328173374613,1,0.313636363636364,0.679878048780488,0.330721003134796,0.457627118644068,0.3078125,0,0.311450381679389,1,1,0.591185410334346,0.00153609831029186,0.334862385321101,0.325,0.10641627543036,0.423452768729642,1,1,0.31859756097561,1,0.41471048513302,1,0.326315789473684,0.586523736600306,0.323574730354391,0.312989045383412,1,0,1,0.311708860759494,0.320872274143302,1,1,1,0.451816745655608,1,0.319685039370079,0.617873651771957,0.324534161490683,0.333865814696486,0.00152905198776758,0.0416666666666667,1,0.629283489096573,1,0.3198127925117,0.3328,1,1,0.162538699690402,0.315707620528771,1,0.898330804248862,1,0.325688073394495,0.198425196850394,0.667185069984448,1,1,1,1,1,0.287009063444109,0.301242236024845,1,0.119354838709677,0.00157232704402516,0.441176470588235,0,0.325545171339564,1,0.674454828660436,1,1,0.892261001517451,1,0.675883256528418,1,1,1,1
"765",1,1,1,1,1,1,0.705787781350482,1,1,0.10327868852459,1,0.0467289719626168,0.809748427672956,1,0.320063694267516,0.3046875,0.0641221374045802,0.691558441558442,1,1,0.285714285714286,0.306709265175719,1,0.161949685534591,1,0.317262830482115,0.3104,1,1,0.785150078988942,0.303937007874016,0.732594936708861,0.97045101088647,0.305863708399366,0,1,0.541864139020537,1,0.299236641221374,1,0.674050632911392,0.68125,0.691588785046729,1,1,0.310569105691057,0.31619937694704,0.302180685358255,0.324031007751938,0.31832298136646,0,1,0.31055900621118,1,1,0.499186991869919,0.557142857142857,1,1,1,0.331278890600925,0.312302839116719,0.317384370015949,0.684294871794872,1,1,0.0399361022364217,1,0.0590909090909091,0.322530864197531,1,0.306027820710974,0.320512820512821,0.964052287581699,0.510204081632653,1,0.311912225705329,0.326120556414219,1,0.314424635332253,0.0972447325769854,0.3171875,0.327073552425665,1,0.331269349845201,1,1,1,1,0.6984375,1,1,0.00156985871271586,0.112135176651306,1,0.0488549618320611,0,1,0.560655737704918,0.679873217115689,1,0.0570107858243451,0.306603773584906,1,0.309006211180124,1,0.690993788819876,1,0.312202852614897,0.314553990610329,0.311627906976744,1,0.315541601255887,1,0.478328173374613,1,0.302325581395349,0.306122448979592,0.314329738058552,0.310897435897436,0.489130434782609,0.998449612403101,0.317073170731707,0.307568438003221,1,0.30757341576507,1,1,0.332283464566929,0.547546012269939,1,0.311912225705329,1,0.0446153846153846,1,0.305772230889236,0.684210526315789,0.324960753532182,0.928909952606635,0.432565789473684,0.105015673981191,0.0977917981072555,1,1,0.322784810126582,1,0.316742081447964,1,0.806153846153846,1,0.319078947368421,1,1,1,1,0.324409448818898,1,0.309409888357257,0.263322884012539,1,0.301857585139319,1,0.291925465838509,0.0913385826771654,1,0.306451612903226,1,1,1,0.332822085889571,1,0.319620253164557,1,0.2984375,1,0.323248407643312,0.0761904761904762,1,0.647435897435897,1,1,0.314102564102564,1,1,1,1,0.313479623824451,0.311248073959938,1,0.998432601880878,0.315151515151515,0.302066772655008,1,0.453978159126365,0.680428134556575,0,0.31496062992126,0.673946957878315,1,0.314728682170543,1,0.998456790123457,1,0.308661417322835,0.309597523219814,0.316211878009631,1,1,1,0,1,0.298869143780291,0.971830985915493,0.321259842519685,0.306836248012719,0.74294670846395,1,1,1,1,1,0.0458135860979463,0.317891373801917,0.317411402157165,1,0.685758513931889,1,1,0.998427672955975,0.998430141287284,1,1,0.00312989045383412,0.323529411764706,1,0.307324840764331,1,0.299531981279251,1,1,1,1,1,0.31637519872814,1,0.506410256410256,0.322834645669291,0.31875,0.301612903225806,0.317535545023697,0.323763955342903,0.426100628930818,0.332298136645963,0.316436251920123,0.303937007874016,1,0.322932917316693,1,0.691717791411043,0.313664596273292,0.315950920245399,0.32807570977918,1,1,1,0.258730158730159,0.3056,1,0.3171875,0.31859756097561,0.311526479750779,0.309636650868878,0.691943127962085,1,0.319634703196347,0.310015898251192,1,0.298217179902755,1,0.302652106084243,0.303937007874016,1,1,1,0.541996830427892,1,0.693396226415094,0.0849772382397572,0.314375987361769,1,1,0.101721439749609,0.311111111111111,0.318541996830428,1,1,0.296296296296296,0.0266875981161695,0.00158982511923688,1,1,0.331811263318113,0.998417721518987,1,0.308641975308642,1,1,0.314814814814815,1,1,1,1,0.317111459968603,0.314285714285714,0.322475570032573,1,1,0.6801872074883,0.313694267515924,1,0.317757009345794,0.297805642633229,1,1,0.998422712933754,1,1,0.318541996830428,1,1,0.114147909967846,0.334365325077399,0.492913385826772,0.302839116719243,0.679304897314376,0.31055900621118,1,0.297939778129952,0.3248,0.265527950310559,0.308641975308642,1,0.319508448540707,1,1,1,0.302694136291601,0.316358024691358,0.998447204968944,0.924217462932455,0.0638977635782748,1,0.306376360808709,0.314785373608903,0.303370786516854,1,0.319018404907975,0.477917981072555,0.321316614420063,0.303937007874016,0.310289389067524,0.308892355694228,1,0.318979266347687,1,1,0,1,0.319182389937107,1,1,1,0.31911532385466,1,0.307324840764331,1,0.834123222748815,1,1,1,0.306603773584906,1,1,0.306853582554517,0.305379746835443,1,1,0.308661417322835,0.190402476780186,1,0.998447204968944,1,0,0.305863708399366,1,0.305772230889236,0.245253164556962,1,0.680061823802164,0.432348367029549,1,1,0.682706766917293,0.705414012738854,0.340189873417722,1,0.316614420062696,1,1,0.326433121019108,1,0.998392282958199,0.00782472613458529,0.311811023622047,1,1,0.3152,1,1,0.302547770700637,0.3421875,1,1,1,0.517080745341615,0.305295950155763,0.343450479233227,0.309090909090909,0.328638497652582,0.691082802547771,0.324615384615385,0.327014218009479,0.310236220472441,0.242138364779874,0.30952380952381,1,0.308527131782946,0.998405103668262,0.309006211180124,0.0885496183206107,0.0528771384136858,1,1,0.0394944707740916,1,0.690880989180835,0.0451713395638629,0.0110236220472441,1,0.689167974882261,1,1,0.542993630573248,1,0,0.0751633986928105,1,1,1,0.310618066561014,0.658132530120482,0.704918032786885,0.992295839753467,1,0.981308411214953,0.298273155416013,0.34585289514867,1,0.296650717703349,1,0.362204724409449,0.106918238993711,0.30188679245283,0.314814814814815,0.33220910623946,1,0.0808709175738725,1,1,1,0.258513931888545,0.3168,1,0.314873417721519,1,1,0.307692307692308,1,0.316187594553706,1,0.29746835443038,0.319554848966614,1,0.686119873817035,0.310606060606061,1,0.302547770700637,0.765337423312883,0.311450381679389,0.165625,0.313935681470138,0.76984126984127,0.309904153354633,1,0.322784810126582,0.324492979719189,0.286604361370716,1,1,1,0.965853658536585,0.35632183908046,1,0.320388349514563,1,0.314569536423841,0.314814814814815,1,1,1,0.919129082426128,1,0.306976744186047,0.308755760368664,1,1,0.0525477707006369,0.0812101910828025,1,1,0.30622009569378,1,1,0.305246422893482,1,1,0.690363349131122,0.530864197530864,1,0,1,1,0.104938271604938,0.317034700315457,1,0.317034700315457,0.998427672955975,0.966183574879227,0.9984,0.8203125,1,0.321428571428571,1,1,1,0,0.297208538587849,1,1,0.680817610062893,1,0.310236220472441,0.353488372093023,0.317034700315457,1,1,1,0.0962732919254658,0.311004784688995,0.095389507154213,0.998420221169036,0.307098765432099,0.308411214953271,0.34488188976378,0,1,0.957210776545166,1,1,0.310897435897436,0.301223241590214,0.159305993690852,0.0409448818897638,0.314241486068111,0.306122448979592,0.32093023255814,0.00158478605388273,0.304212168486739,1,0,0.306278713629403,1,1,1,0.306729264475743,0.3125,0.0356564019448947,1,0.30829420970266,0.305426356589147,1,1,0.311424100156495,0.702127659574468,1,1,0.697305863708399,1,0.301829268292683,1,0.310832025117739,0.527522935779816,0.677519379844961,0.408602150537634,1,0.294753086419753,0.31201248049922,0.68075117370892,0.675968992248062,1,0.319444444444444,1,0.314984709480122,1,0.319685039370079,0.30622009569378,0.344287949921753,0.533858267716535,0.309791332263242,0.30829420970266,0.66824644549763,0.314814814814815,0.149350649350649,1,0,1,0.285483870967742,1,0,0.3171875,0.31629392971246,1,0.0576631259484067,1,0.087719298245614,0.334365325077399,1,0.0658307210031348,0.678071539657854,1,1,1,0.313821138211382,0.0418604651162791,1,0.4171875,0.100478468899522,0.351851851851852,0.308166409861325,0.311145510835913,1,1,1,1,1,0.0619335347432024,0.996870109546166,0.68895800933126,0.0029940119760479,0.313971742543171,1,1,1,1,0.0876369327073552,0.311827956989247,1,1,1,1,1,1,0.486943164362519,0.00162337662337662,1,0.084375,0.317411402157165,0.444794952681388,1,0.390749601275917,0.298507462686567,0.306962025316456,1,0.0405616224648986,0.309968847352025,1,1,0.37220447284345,0.302180685358255,0.303937007874016,0.309294871794872,0.998432601880878,0.31637519872814,0.317610062893082,0.414173228346457,0.308056872037915,0.970172684458399,0.302752293577982,0.0870967741935484,0.317535545023697,0,1,0.0935023771790808,0.301282051282051,0.318037974683544,0.317891373801917,1,1,1,1,1,1,0.329652996845426,1,0.307210031347962,0.314569536423841,0.611801242236025,0.686591276252019,1,1,0,0.306990881458967,0.122834645669291,0.998489425981873,0.0368,1,1,0.310126582278481,1,1,0.6352,0.414910858995138,0.995495495495496,0.0828025477707006,0.103174603174603,1,1,1,0.0916271721958926,0,0.312307692307692,0.416666666666667,0.30441400304414,0,0.323624595469256,0.0904684975767367,1,1,0.307219662058372,0.305164319248826,0.248427672955975,0.329032258064516,0.298461538461538,0.306976744186047,1,1,0.31637519872814,1,0,1,0.231496062992126,1,0.687888198757764,1,0.306729264475743,0.305379746835443,0.0765625,0.68348623853211,1,1,0.799373040752351,0.892915980230643,0.308917197452229,0.309262166405024,1,0.312989045383412,0.260731319554849,0.317741935483871,1,0.102964118564743,1,1,0.313178294573643,0.688311688311688,0.310679611650485,1,1,0.297971918876755,0.304821150855365,0.3125,0.85828025477707,0.314785373608903,1,0.0559875583203732,1,1,0.704225352112676,0.64937106918239,0.310569105691057,0.0573643410852713,0.31974921630094,1,1,0.30298273155416,0.318979266347687,0.618441971383148,1,0.304482225656878,0.364485981308411,0.303215926493109,0.986153846153846,0.478806907378336,0.0046656298600311,0.294753086419753,0.317220543806647,0.328025477707006,0.307317073170732,0.312977099236641,0.972519083969466,1,0.306976744186047,0.544715447154472,0.6864,0.250778816199377,0.69672131147541,1,0.315955766192733,0.00320512820512821,0.327102803738318,0.303738317757009,0.367029548989114,0.317034700315457,0,0.325,0.316211878009631,0.315789473684211,0.307453416149068
"766",1,1,1,1,1,1,0.693418940609952,1,1,0.0988654781199352,1,0.0386398763523957,0.8208,1,0.323854660347551,0.311111111111111,0.0569230769230769,0.68130081300813,1,1,0.3,0.319685039370079,1,0.156105100463679,1,0.338006230529595,0.322169059011164,1,1,0.781499202551834,0.315301391035549,0.732006125574273,0.970769230769231,0.319182389937107,0,1,0.535603715170279,1,0.312217194570136,1,0.658307210031348,0.677469135802469,0.685496183206107,1,1,0.324881141045959,0.314873417721519,0.309707241910632,0.329721362229102,0.328703703703704,0,1,0.323170731707317,1,1,0.493769470404984,0.555729984301413,1,1,1,0.337480559875583,0.325,0.332283464566929,0.670886075949367,1,1,0.0341614906832298,1,0.0547945205479452,0.329305135951662,1,0.324960753532182,0.330128205128205,0.966129032258065,0.511591962905719,1,0.31839258114374,0.347560975609756,1,0.326892109500805,0.0885668276972625,0.330173775671406,0.327613104524181,1,0.342679127725857,1,1,1,1,0.685185185185185,1,1,0.0015527950310559,0.107644305772231,1,0.0440729483282675,0,1,0.557877813504823,0.67032967032967,1,0.0535433070866142,0.320126782884311,1,0.32753164556962,1,0.685358255451713,1,0.315541601255887,0.329173166926677,0.324615384615385,1,0.334365325077399,1,0.486322188449848,1,0.3203125,0.302652106084243,0.329787234042553,0.322734499205087,0.486614173228346,1,0.325190839694657,0.323671497584541,1,0.3078125,1,1,0.334883720930233,0.551204819277108,1,0.31629392971246,1,0.0363086232980333,1,0.319508448540707,0.668231611893584,0.332278481012658,0.935534591194969,0.440514469453376,0.102325581395349,0.0976377952755905,1,1,0.340222575516693,1,0.32579185520362,1,0.803981623277182,1,0.329617834394904,1,1,1,1,0.339593114241002,1,0.325914149443561,0.253105590062112,1,0.320061255742726,1,0.30564263322884,0.0837282780410742,1,0.318611987381703,1,1,1,0.34375,1,0.33125,1,0.31104199066874,1,0.330721003134796,0.0709876543209877,1,0.626016260162602,1,1,0.321144674085851,1,1,1,1,0.330188679245283,0.320493066255778,1,1,0.321100917431193,0.309178743961353,1,0.448598130841121,0.656716417910448,0,0.33026113671275,0.668238993710692,1,0.329754601226994,1,1,1,0.327160493827161,0.33026113671275,0.333333333333333,1,1,1,0,1,0.312101910828025,0.974921630094044,0.326984126984127,0.313385826771654,0.7609375,1,1,1,1,1,0.0390015600624025,0.323943661971831,0.326656394453005,1,0.670750382848392,1,1,0.998442367601246,1,1,1,0.00467289719626168,0.316998468606432,1,0.314785373608903,1,0.302325581395349,1,1,1,1,1,0.328100470957614,1,0.510301109350238,0.333858267716535,0.326153846153846,0.323343848580442,0.332293291731669,0.334913112164297,0.428571428571429,0.34488188976378,0.31937984496124,0.321259842519685,1,0.328050713153724,1,0.677862595419847,0.320872274143302,0.312024353120244,0.336,1,1,1,0.2574568288854,0.313572542901716,1,0.32695374800638,0.329803328290469,0.321259842519685,0.331259720062208,0.670846394984326,1,0.332824427480916,0.318110236220472,1,0.308186195826645,1,0.316109422492401,0.31924882629108,1,1,1,0.531881804043546,1,0.683962264150943,0.0861027190332326,0.324116743471582,1,1,0.101071975497703,0.323029366306028,0.334405144694534,1,1,0.311728395061728,0.0171606864274571,0.00316957210776545,1,1,0.338414634146341,1,1,0.323029366306028,1,1,0.329704510108865,1,1,1,1,0.323029366306028,0.311077389984825,0.32807570977918,1,1,0.666160849772382,0.324655436447167,1,0.325190839694657,0.300314465408805,1,1,1,1,1,0.329738058551618,1,1,0.110754414125201,0.337423312883436,0.5015625,0.316535433070866,0.669826224328594,0.326120556414219,1,0.31911532385466,0.334890965732087,0.26046511627907,0.332298136645963,1,0.333834586466165,1,1,1,0.322429906542056,0.328725038402458,1,0.926868044515103,0.0615141955835962,1,0.316692667706708,0.324281150159744,0.318037974683544,1,0.337984496124031,0.469578783151326,0.336448598130841,0.3109375,0.323151125401929,0.315132605304212,1,0.337539432176656,1,1,0,1,0.325508607198748,1,1,1,0.338028169014085,1,0.319047619047619,1,0.829984544049459,1,1,1,0.323529411764706,1,1,0.313572542901716,0.321483771251932,1,1,0.326120556414219,0.187786259541985,1,1,1,0,0.323717948717949,1,0.31875,0.249206349206349,1,0.67032967032967,0.433846153846154,1,1,0.676557863501484,0.696062992125984,0.353870458135861,1,0.322834645669291,1,1,0.343260188087774,1,1,0.0078003120124805,0.33596214511041,1,1,0.321428571428571,1,1,0.318681318681319,0.327131782945736,1,1,1,0.521875,0.318461538461538,0.355242566510172,0.325757575757576,0.336405529953917,0.68088467614534,0.331278890600925,0.334370139968896,0.325115562403698,0.239811912225705,0.334928229665072,1,0.330316742081448,1,0.325,0.0809595202398801,0.0453857791225416,1,1,0.0326594090202177,1,0.678787878787879,0.0374414976599064,0.0110062893081761,1,0.670826833073323,1,1,0.549050632911392,1,0,0.0700636942675159,1,1,1,0.331775700934579,0.645015105740181,0.687600644122383,0.992343032159265,1,0.98613251155624,0.306122448979592,0.33489827856025,1,0.308176100628931,1,0.373643410852713,0.107086614173228,0.30568356374808,0.326153846153846,0.341750841750842,1,0.0805471124620061,1,1,1,0.259090909090909,0.329617834394904,1,0.327014218009479,1,1,0.315467075038285,1,0.328808446455505,1,0.319182389937107,0.328149300155521,1,0.675590551181102,0.318112633181126,1,0.315873015873016,0.770186335403727,0.321156773211568,0.163358778625954,0.324283559577677,0.769828926905132,0.314606741573034,1,0.328125,0.343511450381679,0.296124031007752,1,1,1,0.974723538704581,0.33278955954323,1,0.334389857369255,1,0.332268370607029,0.324200913242009,1,1,1,0.921630094043887,1,0.315870570107858,0.324031007751938,1,1,0.0473186119873817,0.0786163522012579,1,1,0.312401883830455,1,1,0.318885448916409,1,1,0.671296296296296,0.534918276374443,1,0,1,1,0.1,0.3359375,1,0.330246913580247,1,0.968992248062015,1,0.828703703703704,1,0.337096774193548,1,1,1,0,0.325806451612903,1,1,0.663536776212833,1,0.326594090202177,0.365891472868217,0.335423197492163,1,1,1,0.0955315870570108,0.324921135646688,0.0909090909090909,1,0.316279069767442,0.311728395061728,0.36517719568567,0,1,0.961360123647604,1,1,0.329635499207607,0.310664605873261,0.164817749603803,0.0362204724409449,0.327073552425665,0.31875,0.329754601226994,0.00160513643659711,0.320373250388802,1,0,0.318112633181126,1,1,1,0.324031007751938,0.32258064516129,0.0353130016051364,1,0.330683624801272,0.313178294573643,1,1,0.325617283950617,0.681744749596123,1,1,0.686028257456829,1,0.313935681470138,1,0.31911532385466,0.530581039755352,0.664098613251156,0.418674698795181,1,0.309451219512195,0.312307692307692,0.670278637770898,0.662100456621005,1,0.330745341614907,1,0.336890243902439,1,0.328100470957614,0.319182389937107,0.363636363636364,0.538102643856921,0.328548644338118,0.319182389937107,0.663551401869159,0.318818040435459,0.155448717948718,1,0,1,0.303715670436187,1,0,0.328616352201258,0.325358851674641,1,0.0542986425339367,1,0.0890625,0.3453125,1,0.0596330275229358,0.664050235478807,1,1,1,0.320325203252033,0.0350609756097561,1,0.430359937402191,0.0985691573926868,0.363358778625954,0.329192546583851,0.329230769230769,1,1,1,1,1,0.0597243491577335,0.996946564885496,0.67687595712098,0.00451127819548872,0.328725038402458,1,1,1,1,0.0867507886435331,0.323574730354391,1,1,1,1,1,1,0.486943164362519,0.0015748031496063,1,0.0815384615384615,0.328660436137072,0.435257410296412,1,0.397496087636933,0.3216,0.317411402157165,1,0.0371517027863777,0.332317073170732,1,1,0.384858044164038,0.317111459968603,0.314641744548287,0.324492979719189,1,0.342902711323764,0.327613104524181,0.417197452229299,0.32484076433121,0.977029096477795,0.321212121212121,0.0813397129186603,0.336923076923077,0,1,0.0909090909090909,0.311912225705329,0.332298136645963,0.324367088607595,1,1,1,1,1,1,0.342767295597484,1,0.326984126984127,0.319078947368421,0.620904836193448,0.678855325914149,1,1,0,0.320610687022901,0.122641509433962,1,0.0315457413249211,1,1,0.3232,1,1,0.634615384615385,0.435126582278481,0.996992481203008,0.0830670926517572,0.096875,1,1,1,0.0892018779342723,0,0.3267776096823,0.419906687402799,0.315384615384615,0,0.328548644338118,0.0843949044585987,1,1,0.326153846153846,0.322530864197531,0.237421383647799,0.342356687898089,0.328220858895706,0.3328173374613,1,1,0.331761006289308,1,0,1,0.219589257503949,1,0.668202764976959,1,0.3296875,0.312893081761006,0.0775193798449612,0.668202764976959,1,1,0.799373040752351,0.898858075040783,0.328100470957614,0.316957210776545,1,0.325949367088608,0.255150554675119,0.325769854132901,1,0.104938271604938,1,1,0.320872274143302,0.671949286846276,0.317610062893082,1,1,0.320433436532508,0.308892355694228,0.31969696969697,0.865079365079365,0.323717948717949,1,0.0545454545454545,1,1,0.68558282208589,0.651419558359621,0.327503974562798,0.0506329113924051,0.3296875,1,1,0.318611987381703,0.335403726708075,0.621165644171779,1,0.317901234567901,0.382848392036753,0.32018927444795,0.982919254658385,0.475077881619938,0.00467289719626168,0.311526479750779,0.322678843226788,0.337007874015748,0.323763955342903,0.321156773211568,0.971080669710807,1,0.319508448540707,0.545161290322581,0.680379746835443,0.23943661971831,0.673770491803279,1,0.333853354134165,0.00317460317460317,0.330745341614907,0.322932917316693,0.378461538461538,0.324367088607595,0,0.33843797856049,0.326923076923077,0.3296875,0.320813771517997
"767",0.303370786516854,0.320251177394035,0.323809523809524,0.335483870967742,0.324281150159744,0.313504823151125,0.0130932896890344,0.328050713153724,0.31974921630094,0.559210526315789,0.329153605015674,0.635093167701863,0.520193861066236,0.336585365853659,1,1,0.610410094637224,0,0.330128205128205,0.322222222222222,1,1,0.333860759493671,0.510971786833856,0.321316614420063,1,1,0.3442088091354,0.322085889570552,0.529315960912052,1,0.589257503949447,0.367924528301887,0.9984,0.651757188498403,0.326086956521739,0.133870967741935,0.333333333333333,1,0.316770186335404,0.00158730158730159,0,0,0.334394904458599,0.322632423756019,1,0.998412698412698,1,1,1,0.681458003169572,0.334920634920635,1,0.328593996840442,0.32018927444795,0.829821717990275,0.118210862619808,0.327974276527331,0.32348367029549,0.330696202531646,0.995341614906832,1,1,0.00317460317460317,0.320967741935484,0.324409448818898,0.654458598726115,0.3264,0.609494640122512,1,0.328593996840442,1,1,0.293159609120521,0.146189735614308,0.327692307692308,1,0.998432601880878,0.327586206896552,1,0.600660066006601,1,1,0.329173166926677,1,0.331768388106416,0.320574162679426,0.337539432176656,0.323763955342903,0,0.331723027375201,0.331278890600925,0.677165354330709,0.581761006289308,0.320846905537459,0.6375,0.672552166934189,0.323854660347551,0.121753246753247,0,0.320251177394035,0.622641509433962,1,0.316476345840131,1,0.3248,0,0.332283464566929,1,1,1,0.314553990610329,0.998425196850394,0.332288401253919,0.197204968944099,0.315789473684211,1,0.381987577639752,1,1,0.19496855345912,0.3184,1,1,0.334876543209877,1,0.323664122137405,0.322085889570552,0.363924050632911,0.771251931993818,0.330097087378641,1,0.344103392568659,0.635114503816794,0.343598055105348,1,0.0015552099533437,1,0.375796178343949,0.899022801302932,0.572567783094099,0.5818759936407,0.324921135646688,0.33442088091354,1,0.326984126984127,1,0.313385826771654,0.498461538461538,0.328149300155521,1,0.3168,0.32,0.328478964401294,0.3312,1,0.31637519872814,1,0.436018957345972,0.331761006289308,1,0.327639751552795,1,0.585089141004862,0.330618892508143,1,0.324367088607595,0.325434439178515,0.339171974522293,0.992063492063492,0.329093799682035,1,0.327447833065811,1,0.321252059308072,1,0.589341692789969,0.303656597774245,0.0248344370860927,0.307817589576547,0.321144674085851,1,0.312796208530806,0.331738437001595,0.335913312693498,0.34012539184953,1,1,0.329581993569132,0.338072669826224,1,1,0.32753164556962,0.240126382306477,0.0168195718654434,0.680645161290323,1,0.00156494522691706,0.325396825396825,1,0.323624595469256,0.312796208530806,0.321259842519685,0.996850393700787,1,1,0.333333333333333,0.32626427406199,0.325396825396825,0.670967741935484,0.314009661835749,1,0.348171701112878,1,1,0.433544303797468,0.326860841423948,0.325545171339564,0.33015873015873,0.314375987361769,0.321895424836601,0.640699523052464,1,1,0.328682170542636,0.0031055900621118,0.336391437308869,0.327718223583461,0.33125,0.312302839116719,0.312399355877617,0.324159021406728,0.687010954616588,0.360629921259843,0.319182389937107,1,0.333868378812199,1,0.3140625,0.318611987381703,0.317034700315457,0.33974358974359,0.32183908045977,1,0.334384858044164,0.809220985691574,1,1,0.998397435897436,1,1,0.9024,1,1,1,0.326594090202177,1,0.31810766721044,0,1,0.38390092879257,1,0.322115384615385,0.330696202531646,0.323151125401929,0.426073131955485,1,0.330708661417323,1,1,1,1,0,0.320634920634921,1,1,0.329617834394904,1,0.331259720062208,1,1,0.315619967793881,0.336,0.309636650868878,0.148325358851675,0.334920634920635,0,0.582043343653251,1,0.329635499207607,0.326923076923077,0.574102964118565,1,1,0.330065359477124,0.330173775671406,1,0.649122807017544,0.6875,0.313694267515924,0.325806451612903,0.995356037151703,0.333333333333333,0.317073170731707,1,0.320126782884311,0.314785373608903,1,0.32300163132137,0.333333333333333,0.320695102685624,0.321372854914197,1,1,1,0.314194577352472,0.333858267716535,0.009375,0.996845425867508,0.334928229665072,1,1,0.322884012539185,0.330232558139535,0.309748427672956,0.331746031746032,0.327073552425665,1,0.313291139240506,0.320063694267516,0.559485530546624,1,0.844936708860759,1,0,1,0.333841463414634,1,1,0.423017107309487,1,0.332268370607029,1,0.316211878009631,0.317683881064163,0.320754716981132,1,1,0.325396825396825,0.404255319148936,0.60129659643436,0.311688311688312,1,1,1,0.33115823817292,1,0.193290734824281,1,1,1,1,0.330203442879499,1,0.320066334991708,0.339116719242902,0.667197452229299,0.320846905537459,1,0.328025477707006,0.326053042121685,0.3278955954323,1,0.315541601255887,1,0.329211746522411,0.483619344773791,0.332268370607029,0.332786885245902,0.317034700315457,1,0.324281150159744,0.312903225806452,1,1,0.327503974562798,0.318541996830428,1,0.475308641975309,0.32626427406199,0.338095238095238,0.3375,0.666666666666667,1,0.303776683087028,1,0.423756019261637,0.324237560192616,0,0.885448916408669,0.32300163132137,0.323854660347551,0,0.0288,0.984301412872841,0.327503974562798,1,0.319047619047619,0.327361563517915,1,0.331259720062208,0.324281150159744,0.664012738853503,1,0.325281803542673,0.328050713153724,1,0.322327044025157,0.320325203252033,1,0.333333333333333,0.323577235772358,0.323899371069182,0.343898573692552,0.800632911392405,1,0.983948635634029,1,1,0.00161030595813205,1,0.995260663507109,1,0.425632911392405,1,0.308056872037915,0.996875,0.339228295819936,0.998420221169036,0.598473282442748,0.629457364341085,0.329704510108865,0.315541601255887,0.635220125786163,0.323151125401929,0,0.630914826498423,0.674121405750799,0.325581395348837,0.00157977883096367,0.317965023847377,0.315873015873016,0.782258064516129,0.32807570977918,0.675590551181102,0.582792207792208,0.329635499207607,0.325,0.305863708399366,1,0.0194029850746269,0,0.326018808777429,0.335453100158982,0.338607594936709,1,0.333333333333333,0.325471698113208,1,0.314241486068111,0.948194662480377,0.564593301435407,1,1,0.996592844974446,0.320813771517997,0.603421461897356,0.327666151468315,0.323432343234323,0.321144674085851,0.41875,1,0.32,1,0.3278955954323,0.325769854132901,1,0.335483870967742,1,0.337559429477021,1,1,0.331230283911672,0,1,0.335949764521193,1,0.5609375,1,0.505426356589147,1,0.565705128205128,1,0.320907617504052,1,1,1,0.318541996830428,0.33015873015873,0.330745341614907,0.349753694581281,0.332242225859247,0.320695102685624,1,0.3264,1,1,0.333333333333333,0.324149108589951,0.317829457364341,0.3936,0.335925349922239,1,1,0.332807570977918,0.332258064516129,0.623397435897436,0.579872204472843,0.330128205128205,0.32569558101473,1,0.319685039370079,0.331797235023041,0.993640699523052,0.324149108589951,0.317535545023697,0,0.12962962962963,0.324324324324324,0.669753086419753,0.321428571428571,0.327102803738318,0.58678955453149,0.998405103668262,0.326498422712934,1,0.324281150159744,0.3536,0.3198127925117,0.470957613814757,0.317891373801917,1,0.324921135646688,0.322222222222222,0.336585365853659,0.674884437596302,1,0.338709677419355,0.327160493827161,0,0.333333333333333,1,0.952978056426332,1,0.330188679245283,0.327586206896552,0.3264,0.577639751552795,1,0.576797385620915,0.341423948220065,1,1,0.966876971608833,0.674603174603175,0.33652312599681,0.363349131121643,0.335403726708075,0.323854660347551,1,1,0.512155591572123,0.627228525121556,1,1,1,0.688417618270799,1,0.328746177370031,0.674193548387097,1,0.329073482428115,0.320907617504052,0.329133858267717,1,1,0.640522875816993,0.331768388106416,1,1,0.333853354134165,0.320126782884311,1,0,0.320512820512821,0.313880126182965,0.00485436893203883,0.326594090202177,1,0.315619967793881,1,0.1421875,0,0.901689708141321,0.340729001584786,1,1,0,0.00156985871271586,0.33489827856025,1,0.318471337579618,0.998444790046656,0.312903225806452,1,1,0.966613672496025,0.77337559429477,1,1,0.00317965023847377,1,0.522950819672131,0.3312,0.666146645865835,0.326086956521739,1,0.315705128205128,0.67246835443038,1,1,0.32475884244373,0.613394216133942,0.33125,0.575516693163752,0.97456279809221,0.332805071315372,0.595541401273885,0.00628930817610063,0.312698412698413,0.335403726708075,0.324409448818898,1,0.63166144200627,0.309262166405024,0.896661367249603,0.5810147299509,0.970404984423676,1,1,0.324921135646688,0.340909090909091,0.312599681020734,0.315625,0.319685039370079,0.610248447204969,0.317972350230415,0,0.665648854961832,1,0.330658105939005,0.316558441558442,0.32794830371567,0.328149300155521,0.590764331210191,1,0.34488188976378,0.332283464566929,0.3354943273906,0.3248,0.31924882629108,0.3232,0.188767550702028,0.669354838709677,0.333865814696486,0.597826086956522,1,0.23015873015873,0.322834645669291,0.923452768729642,1,1,0.324960753532182,0.63391442155309,1,0.318611987381703,0.313291139240506,0.95609756097561,1,1,0.99837925445705,0.325,1,1,0.894991922455573,1,0.35625,1,0.589490968801314,1,0.661442006269592,0.32,0.59170653907496,1,1,0.996835443037975,0.335925349922239,0.330708661417323,0.331699346405229,0.334394904458599,0.328478964401294,0.330618892508143,0.987096774193548,0.318110236220472,1,1,0.71608832807571,0,0.324324324324324,0.322222222222222,0.672926447574335,1,0.558028616852146,0.336391437308869,0.647058823529412,0.317891373801917,0.321428571428571,1,0.324237560192616,0.327242524916944,0.691813804173355,0.908943089430894,0.327794561933535,0.587859424920128,0.570261437908497,0.332805071315372,0.336538461538462,0.307570977917981,0.585874799357945,0.681388012618297,1,0.903481012658228,1,0.653907496012759,1,0.586538461538462,0.331230283911672,0.332263242375602,1,1,0.427892234548336,0.996789727126806,0.998430141287284,1,0.31637519872814,0.331761006289308,1,0.31866464339909,0.680685358255452,0.345104333868379,0.458804523424879,0.3056,0,0.314375987361769,1,1,0.586854460093897,0.00155763239875389,0.333333333333333,0.321259842519685,0.0964630225080386,0.418451400329489,1,1,0.319620253164557,1,0.416398713826367,1,0.327743902439024,0.581648522550544,0.328025477707006,0.3232,1,0,1,0.306946688206785,0.327014218009479,1,1,1,0.452076677316294,1,0.32741935483871,0.615384615384615,0.346394984326019,0.328990228013029,0.0015552099533437,0.0317965023847377,1,0.622792937399679,1,0.334389857369255,0.330065359477124,1,1,0.15,0.318181818181818,1,0.906497622820919,1,0.332302936630603,0.198098256735341,0.660347551342812,1,1,1,1,1,0.2953125,0.317891373801917,1,0.114427860696517,0.00161030595813205,0.439873417721519,0,0.332273449920509,1,0.670926517571885,1,1,0.894654088050314,1,0.675548589341693,1,1,1,1
"768",1,1,1,1,1,1,0.709284627092846,1,1,0.0987654320987654,1,0.0459259259259259,0.81441717791411,1,0.311178247734139,0.30316742081448,0.0651851851851852,0.685534591194969,1,1,0.292609351432881,0.304878048780488,1,0.157894736842105,1,0.316964285714286,0.310664605873261,1,1,0.789473684210526,0.308623298033283,0.730486008836524,0.96551724137931,0.308510638297872,0,1,0.542899408284024,1,0.302325581395349,1,0.666165413533835,0.684131736526946,0.687224669603524,1,1,0.31039755351682,0.305135951661631,0.308605341246291,0.31784107946027,0.318114874815906,0,1,0.302985074626866,1,1,0.48936170212766,0.556561085972851,1,1,1,0.323880597014925,0.31437125748503,0.309230769230769,0.683890577507599,1,1,0.0380517503805175,1,0.0599415204678363,0.311011904761905,1,0.309667673716012,0.324655436447167,0.961715160796325,0.513235294117647,1,0.298662704309064,0.327893175074184,1,0.310725552050473,0.0892018779342723,0.319634703196347,0.32383808095952,1,0.325859491778774,1,1,1,1,0.687125748502994,1,1,0.00150829562594268,0.106824925816024,1,0.0498533724340176,0,1,0.559505409582689,0.6732223903177,1,0.0565749235474006,0.305936073059361,1,0.309880239520958,1,0.682563338301043,1,0.31390134529148,0.315946348733234,0.313432835820896,1,0.323922734026746,1,0.482300884955752,1,0.306427503736921,0.309171597633136,0.322108345534407,0.313725490196078,0.477409638554217,0.998500749625187,0.312684365781711,0.315625,1,0.302083333333333,1,1,0.338414634146341,0.547197640117994,1,0.315068493150685,1,0.0434782608695652,1,0.319940476190476,0.681547619047619,0.31892697466468,0.926204819277108,0.425465838509317,0.102874432677761,0.0950226244343891,1,1,0.326347305389222,1,0.316176470588235,1,0.810089020771513,1,0.325688073394495,1,1,1,1,0.331334332833583,1,0.320182094081942,0.258208955223881,1,0.308734939759036,1,0.292719167904903,0.0852359208523592,1,0.305597579425113,1,1,1,0.323397913561848,1,0.322137404580153,1,0.301943198804185,1,0.308270676691729,0.0757800891530461,1,0.644305772230889,1,1,0.302891933028919,1,1,1,1,0.317629179331307,0.30688622754491,1,0.998493975903614,0.317647058823529,0.301684532924962,1,0.454680534918276,0.667630057803468,0,0.317910447761194,0.677177177177177,1,0.321958456973294,1,0.998527245949926,1,0.311377245508982,0.316568047337278,0.32093023255814,1,1,1,0,1,0.304482225656878,0.971471471471472,0.316030534351145,0.305597579425113,0.741017964071856,1,1,1,1,1,0.047112462006079,0.314759036144578,0.322916666666667,1,0.68475073313783,1,1,0.998493975903614,0.998511904761905,1,1,0.00445765230312036,0.325,1,0.30640243902439,1,0.296851574212894,1,1,1,1,1,0.32312404287902,1,0.497716894977169,0.324364723467862,0.324364723467862,0.301391035548686,0.315384615384615,0.32469512195122,0.416923076923077,0.322188449848024,0.315315315315315,0.313696612665685,1,0.320182094081942,1,0.695393759286776,0.310810810810811,0.319117647058824,0.331818181818182,1,1,1,0.262996941896024,0.308383233532934,1,0.315789473684211,0.320232896652111,0.303571428571429,0.315555555555556,0.687125748502994,1,0.32396449704142,0.317771084337349,1,0.297971918876755,1,0.307004470938897,0.307922272047833,1,1,1,0.539969834087481,1,0.690582959641256,0.0805270863836018,0.314759036144578,1,1,0.0962962962962963,0.315169366715758,0.326186830015314,1,1,0.298969072164948,0.0267857142857143,0.00309119010819165,1,1,0.332844574780059,0.998505231689088,1,0.3125,1,1,0.311377245508982,1,1,1,1,0.320300751879699,0.302189781021898,0.327639751552795,1,1,0.678571428571429,0.309559939301973,1,0.312775330396476,0.296686746987952,1,1,0.998500749625187,1,1,0.323170731707317,1,1,0.107575757575758,0.333827893175074,0.492401215805471,0.309559939301973,0.673652694610778,0.315406976744186,1,0.305135951661631,0.328197226502311,0.259259259259259,0.313056379821958,1,0.323054331864905,1,1,1,0.308845577211394,0.316023738872404,0.998493975903614,0.924731182795699,0.0649149922720247,1,0.307228915662651,0.313935681470138,0.304821150855365,1,0.328402366863905,0.478454680534918,0.323262839879154,0.304084720121029,0.311728395061728,0.306525037936267,1,0.321981424148607,1,1,0,1,0.316816816816817,1,1,1,0.326807228915663,1,0.310606060606061,1,0.841791044776119,1,1,1,0.317109144542773,1,1,0.307462686567164,0.313988095238095,1,1,0.307004470938897,0.191394658753709,1,0.998527245949926,1,0,0.306525037936267,1,0.305059523809524,0.243975903614458,1,0.677611940298507,0.435555555555556,1,1,0.678726483357453,0.707646176911544,0.336858006042296,1,0.319758672699849,1,1,0.333333333333333,1,0.998489425981873,0.00762195121951219,0.322338830584708,1,1,0.315467075038285,1,1,0.300455235204856,0.340236686390533,1,1,1,0.526002971768202,0.308035714285714,0.342424242424242,0.309143686502177,0.327769347496206,0.693693693693694,0.320839580209895,0.316666666666667,0.315946348733234,0.239457831325301,0.315151515151515,1,0.3125,0.998480243161094,0.310344827586207,0.0852601156069364,0.0507462686567164,1,1,0.04,1,0.695461200585652,0.0441400304414003,0.0122137404580153,1,0.681681681681682,1,1,0.543939393939394,1,0,0.0738461538461539,1,1,1,0.313935681470138,0.655221745350501,0.690851735015773,0.992603550295858,1,0.982378854625551,0.3,0.350453172205438,1,0.296686746987952,1,0.371641791044776,0.104134762633997,0.304154302670623,0.311764705882353,0.325396825396825,1,0.0782865583456425,1,1,1,0.264264264264264,0.315548780487805,1,0.31859756097561,1,1,0.308148148148148,1,0.323144104803493,1,0.308868501529052,0.32383808095952,1,0.689127105666156,0.310948905109489,1,0.303076923076923,0.767722473604827,0.312684365781711,0.154761904761905,0.313953488372093,0.773211567732116,0.31039755351682,1,0.31969696969697,0.329881656804734,0.290560471976401,1,1,1,0.965571205007825,0.351648351648352,1,0.319018404907975,1,0.309748427672956,0.313411078717201,1,1,1,0.91981845688351,1,0.3023598820059,0.314159292035398,1,1,0.0514372163388805,0.0769230769230769,1,1,0.305810397553517,1,1,0.314285714285714,1,1,0.683109118086697,0.533039647577093,1,0,1,1,0.101769911504425,0.323795180722892,1,0.317700453857791,0.998502994011976,0.960725075528701,0.998500749625187,0.825185185185185,1,0.320610687022901,1,1,1,0,0.311526479750779,1,1,0.675799086757991,1,0.313432835820896,0.355182926829268,0.316742081447964,1,1,1,0.0909090909090909,0.319634703196347,0.0880989180834621,0.998500749625187,0.301775147928994,0.303834808259587,0.356083086053412,0,1,0.95059880239521,1,1,0.32370820668693,0.299552906110283,0.156626506024096,0.0438066465256798,0.312121212121212,0.301492537313433,0.327459618208517,0.00152439024390244,0.311649016641452,1,0,0.314925373134328,1,1,1,0.315007429420505,0.307692307692308,0.0386398763523957,1,0.310030395136778,0.312223858615611,1,1,0.314199395770393,0.693270735524257,1,1,0.694864048338369,1,0.300884955752212,1,0.311746987951807,0.524517087667162,0.675555555555556,0.40406976744186,1,0.296783625730994,0.314074074074074,0.684053651266766,0.674041297935103,1,0.321907600596125,1,0.319648093841642,1,0.312312312312312,0.305471124620061,0.352671755725191,0.527941176470588,0.308270676691729,0.309341500765697,0.674626865671642,0.31390134529148,0.148264984227129,1,0,1,0.291793313069909,1,0,0.313636363636364,0.309090909090909,1,0.0553935860058309,1,0.08649468892261,0.332835820895522,1,0.0657698056801196,0.681547619047619,1,1,1,0.304212168486739,0.0413589364844904,1,0.424012158054711,0.0996932515337423,0.354505169867061,0.315946348733234,0.315007429420505,1,1,1,1,1,0.0646108663729809,0.997054491899853,0.689450222882615,0.00429799426934097,0.318385650224215,1,1,1,1,0.0909090909090909,0.308259587020649,1,1,1,1,1,1,0.480117820324006,0.00151745068285281,1,0.0819672131147541,0.317073170731707,0.447916666666667,1,0.392694063926941,0.309375,0.308383233532934,1,0.0416666666666667,0.316568047337278,1,1,0.366261398176292,0.303437967115097,0.312406576980568,0.316998468606432,0.998525073746313,0.324200913242009,0.312592592592593,0.415915915915916,0.321699544764795,0.971684053651267,0.306332842415317,0.086687306501548,0.319277108433735,0,1,0.0924242424242424,0.308270676691729,0.314199395770393,0.316923076923077,1,1,1,1,1,1,0.328746177370031,1,0.311926605504587,0.317384370015949,0.599105812220566,0.680786686838124,1,1,0,0.314074074074074,0.118796992481203,0.998542274052478,0.0366412213740458,1,1,0.311145510835913,1,1,0.632530120481928,0.410493827160494,0.997138769670958,0.0816640986132511,0.0970724191063174,1,1,1,0.0885885885885886,0,0.313988095238095,0.417298937784522,0.310192023633678,0,0.321044546850998,0.0878787878787879,1,1,0.316642120765832,0.314540059347181,0.242057488653555,0.328197226502311,0.304860088365243,0.313636363636364,1,1,0.31866464339909,1,0,1,0.228787878787879,1,0.675111773472429,1,0.304477611940298,0.296296296296296,0.0747384155455904,0.673048600883652,1,1,0.785714285714286,0.8953125,0.314589665653495,0.318042813455657,1,0.320839580209895,0.261724659606657,0.321646341463415,1,0.102102102102102,1,1,0.306646525679758,0.68062015503876,0.299847792998478,1,1,0.304538799414348,0.3,0.312223858615611,0.861491628614916,0.308755760368664,1,0.056379821958457,1,1,0.693572496263079,0.650674662668666,0.315707620528771,0.056547619047619,0.325264750378215,1,1,0.307692307692308,0.322822822822823,0.619760479041916,1,0.302806499261448,0.367559523809524,0.306666666666667,0.983630952380952,0.476479514415782,0.003003003003003,0.304084720121029,0.317180616740088,0.323574730354391,0.311649016641452,0.314037626628075,0.971684053651267,1,0.311475409836066,0.5515625,0.685758513931889,0.247391952309985,0.694227769110764,1,0.318796992481203,0.00305343511450382,0.324200913242009,0.313988095238095,0.367069486404834,0.322188449848024,0,0.33034379671151,0.318529862174579,0.316109422492401,0.305389221556886
"769",0,0,0,0,0,0,0.296238244514107,0,0,0.907496012759171,0,0.962790697674419,0.174121405750799,0,0.681889763779528,0.694704049844237,0.94,0.313213703099511,0,0,0.711388455538221,0.696682464454976,0,0.841945288753799,0,0.672897196261682,0.674641148325359,0,0,0.205651491365777,0.688372093023256,0.259659969088099,0.032258064516129,0.687010954616588,1,0,0.4671875,0,0.700149925037481,0,0.3359375,0.31937984496124,0.306990881458967,0,0,0.681388012618297,0.685271317829457,0.689024390243902,0.68348623853211,0.672281776416539,1,0,0.687692307692308,0,0,0.50392464678179,0.445669291338583,0,0,0,0.666666666666667,0.682316118935837,0.688575899843505,0.320251177394035,0,0,0.97007874015748,0,0.947839046199702,0.676380368098159,0,0.678516228748068,0.675632911392405,0.0336538461538462,0.493957703927492,0,0.69242658423493,0.667682926829268,0,0.691943127962085,0.92,0.673374613003096,0.673913043478261,0,0.662037037037037,0,0,0,0,0.301223241590214,0,0,0.998466257668712,0.906976744186046,0,0.959090909090909,1,0,0.443017656500803,0.325153374233129,0,0.95125786163522,0.68798751950078,0,0.687888198757764,0,0.314241486068111,0,0.690140845070423,0.678516228748068,0.678018575851393,0,0.677067082683307,0,0.512937595129376,0,0.686821705426357,0.715384615384615,0.677224736048265,0.691943127962085,0.528593508500773,0.00156494522691706,0.6797583081571,0.6816,0,0.697108066971081,0,0,0.670295489891135,0.460269865067466,0,0.686028257456829,0,0.963855421686747,0,0.689291101055807,0.322085889570552,0.672811059907834,0.0641627543035994,0.576243980738363,0.904088050314465,0.913446676970634,0,0,0.679127725856698,0,0.687218045112782,0,0.188650306748466,0,0.670364500792393,0,0,0,0,0.674961119751166,0,0.682389937106918,0.755725190839695,0,0.684698608964451,0,0.695924764890282,0.9234375,0,0.6875,0,0,0,0.665144596651446,0,0.676656151419558,0,0.690909090909091,0,0.687106918238994,0.935085007727975,0,0.366826156299841,0,0,0.691823899371069,0,0,0,0,0.681957186544342,0.68558282208589,0,0.00155763239875389,0.683969465648855,0.69811320754717,0,0.567233384853168,0.335820895522388,1,0.681114551083591,0.331269349845201,0,0.676783004552352,0,0.0015220700152207,0,0.684049079754601,0.681470137825421,0.671451355661882,0,0,0,1,0,0.695583596214511,0.0233644859813084,0.672926447574335,0.682316118935837,0.261275272161742,0,0,0,0,0,0.962674961119751,0.685099846390169,0.680981595092024,0,0.311145510835913,0,0,0,0.00153609831029186,0,0,0.995384615384615,0.687975646879756,0,0.689873417721519,0,0.696124031007752,0,0,0,0,0,0.672839506172839,0,0.474097331240188,0.672868217054264,0.684615384615385,0.696875,0.677018633540373,0.672360248447205,0.593457943925234,0.673405909797823,0.693623639191291,0.688172043010753,0,0.679506933744222,0,0.310136157337368,0.691950464396285,0.701834862385321,0.669242658423493,0,0,0,0.757763975155279,0.688473520249221,0,0.681181959564541,0.678195488721804,0.690363349131122,0.684848484848485,0.320813771517997,0,0.68133535660091,0.688394276629571,0,0.698738170347003,0,0.685099846390169,0.686335403726708,0,0,0,0.469387755102041,0,0.307570977917981,0.925149700598802,0.675925925925926,0,0,0.913846153846154,0.67737003058104,0.677725118483412,0,0,0.69431643625192,0.976744186046512,0.996815286624204,0,0,0.665667166416792,0,0,0.690769230769231,0,0,0.6828125,0,0,0,0,0.670261941448382,0.693939393939394,0.677165354330709,0,0,0.327692307692308,0.680555555555556,0,0.675344563552833,0.697819314641745,0,0,0.00152905198776758,0,0,0.676145339652449,0,0,0.904088050314465,0.672811059907834,0.521193092621664,0.696969696969697,0.329153605015674,0.674884437596302,0,0.690031152647975,0.669796557120501,0.754573170731707,0.684129429892142,0,0.674626865671642,0,0,0,0.695721077654517,0.684848484848485,0.00152671755725191,0.07085346215781,0.943127962085308,0,0.691472868217054,0.681747269890796,0.693146417445483,0,0.679389312977099,0.543076923076923,0.679506933744222,0.686244204018547,0.68621236133122,0.698608964451314,0,0.672413793103448,0,0,1,0,0.6801872074883,0,0,0,0.675925925925926,0,0.692913385826772,0,0.151468315301391,0,0,0,0.690513219284603,0,0,0.688854489164087,0.689230769230769,0,0,0.686728395061728,0.820940819423369,0,0.00153139356814701,0,1,0.684458398744113,0,0.695121951219512,0.762870514820593,0,0.325077399380805,0.561728395061728,0,0,0.319340329835082,0.291277258566978,0.65891472868217,0,0.686028257456829,0,0,0.668238993710692,0,0.00156739811912226,0.990668740279938,0.667177914110429,0,0,0.679748822605965,0,0,0.695721077654517,0.687211093990755,0,0,0,0.465331278890601,0.693374422187982,0.6515625,0.687218045112782,0.672868217054264,0.309006211180124,0.674772036474164,0.671317829457364,0.68140243902439,0.77293934681182,0.679186228482003,0,0.674698795180723,0.0015600624024961,0.688549618320611,0.929003021148036,0.955792682926829,0,0,0.965625,0,0.312404287901991,0.964341085271318,0.9875,0,0.314241486068111,0,0,0.468944099378882,0,1,0.931637519872814,0,0,0,0.67981072555205,0.35640648011782,0.306709265175719,0.0061633281972265,0,0.0154320987654321,0.694099378881988,0.676923076923077,0,0.696062992125984,0,0.630841121495327,0.908805031446541,0.694444444444444,0.682706766917293,0.668308702791461,0,0.932721712538226,0,0,0,0.751533742331288,0.675968992248062,0,0.682170542635659,0,0,0.695987654320988,0,0.680534918276374,0,0.686520376175549,0.679873217115689,0,0.318252730109204,0.684210526315789,0,0.694573643410853,0.221198156682028,0.684451219512195,0.850609756097561,0.68030303030303,0.214953271028037,0.6921875,0,0.676470588235294,0.664615384615385,0.704441041347626,0,0,0,0.0258064516129032,0.675718849840256,0,0.675118858954041,0,0.682182985553772,0.682926829268293,0,0,0,0.0700152207001522,0,0.685015290519878,0.676970633693972,0,0,0.954258675078864,0.929797191887676,0,0,0.69377990430622,0,0,0.687888198757764,0,0,0.3203125,0.477996965098634,0,1,0,0,0.913303437967115,0.68167701863354,0,0.677570093457944,0.0015527950310559,0.0323076923076923,0.0015600624024961,0.161538461538462,0,0.677018633540373,0,0,0,1,0.688709677419355,0,0,0.328149300155521,0,0.689335394126739,0.638036809815951,0.679566563467492,0,0,0,0.916413373860182,0.685847589424572,0.924558587479936,0.0015527950310559,0.691489361702128,0.696048632218845,0.650381679389313,1,0,0.0404354587869362,0,0,0.679245283018868,0.702127659574468,0.845669291338583,0.968354430379747,0.683641975308642,0.696124031007752,0.67687595712098,0.9984,0.691358024691358,0,1,0.683812405446294,0,0,0,0.685496183206107,0.682442748091603,0.969155844155844,0,0.683881064162754,0.694992412746586,0,0,0.685126582278481,0.308186195826645,0,0,0.308661417322835,0,0.69478527607362,0,0.686915887850467,0.478723404255319,0.325688073394495,0.607250755287009,0,0.703533026113671,0.682888540031397,0.315467075038285,0.332307692307692,0,0.670788253477589,0,0.680851063829787,0,0.685758513931889,0.695583596214511,0.646417445482866,0.485362095531587,0.688783570300158,0.693023255813954,0.331797235023041,0.683641975308642,0.862838915470494,0,1,0,0.705148205928237,0,1,0.687402799377916,0.680379746835443,0,0.948872180451128,0,0.921996879875195,0.654798761609907,0,0.938461538461538,0.3328173374613,0,0,0,0.682464454976303,0.968421052631579,0,0.568535825545171,0.914285714285714,0.63969465648855,0.676923076923077,0.675799086757991,0,0,0,0,0,0.944693572496263,0.00304878048780488,0.306027820710974,0.995562130177515,0.681957186544342,0,0,0,0,0.928125,0.689393939393939,0,0,0,0,0,0,0.524024024024024,0.9984375,0,0.924382716049383,0.675968992248062,0.577287066246057,0,0.605678233438486,0.689822294022617,0.68380062305296,0,0.963076923076923,0.683563748079877,0,0,0.624405705229794,0.691603053435115,0.690880989180835,0.6832,0.00151515151515152,0.678740157480315,0.680685358255452,0.588328075709779,0.680685358255452,0.0212765957446809,0.686746987951807,0.928571428571429,0.670788253477589,1,0,0.925515055467512,0.68503937007874,0.690251572327044,0.687697160883281,0,0,0,0,0,0,0.674922600619195,0,0.690251572327044,0.686591276252019,0.400921658986175,0.3109375,0,0,1,0.689393939393939,0.89060092449923,0.00149253731343284,0.968944099378882,0,0,0.690402476780186,0,0,0.3888,0.594155844155844,0.00293685756240822,0.928684627575277,0.912087912087912,0,0,0,0.921752738654147,1,0.684370257966616,0.573228346456693,0.688549618320611,1,0.672413793103448,0.926100628930818,0,0,0.676204819277108,0.68558282208589,0.772093023255814,0.670807453416149,0.683409436834094,0.679878048780488,0,0,0.680685358255452,0,1,0,0.788253477588872,0,0.324574961360124,0,0.695652173913043,0.696400625978091,0.931087289433384,0.318042813455657,0,0,0.208333333333333,0.109298531810767,0.680817610062893,0.685714285714286,0,0.681181959564541,0.75,0.68621236133122,0,0.906727828746177,0,0,0.686635944700461,0.326984126984127,0.693270735524257,0,0,0.692307692307692,0.693721286370597,0.678195488721804,0.137440758293839,0.679873217115689,0,0.94553706505295,0,0,0.302003081664099,0.35126582278481,0.673076923076923,0.95046439628483,0.683042789223455,0,0,0.692546583850932,0.674015748031496,0.38109756097561,0,0.686453576864536,0.634146341463415,0.68558282208589,0.0152671755725191,0.5296875,0.99537037037037,0.701219512195122,0.672727272727273,0.673566878980892,0.683544303797468,0.684848484848485,0.0274390243902439,0,0.686064318529862,0.458804523424879,0.318681318681319,0.770897832817337,0.310177705977383,0,0.673469387755102,0.996860282574568,0.674961119751166,0.687888198757764,0.643730886850153,0.681818181818182,1,0.665123456790123,0.686900958466454,0.675675675675676,0.681114551083591
"770",1,1,1,1,1,1,0.691297208538588,1,1,0.0897435897435897,1,0.0404984423676012,0.8208,1,0.320512820512821,0.311728395061728,0.0589147286821705,0.669950738916256,1,1,0.30064308681672,0.320574162679426,1,0.154330708661417,1,0.344086021505376,0.332242225859247,1,1,0.792332268370607,0.311912225705329,0.738317757009346,0.968798751950078,0.329635499207607,0,1,0.532915360501567,1,0.312111801242236,1,0.654088050314465,0.667189952904239,0.678407350689127,1,1,0.33495145631068,0.325396825396825,0.326687116564417,0.328746177370031,0.335949764521193,0,1,0.315384615384615,1,1,0.500794912559618,0.544728434504792,1,1,1,0.339009287925697,0.32755905511811,0.325396825396825,0.6688,1,1,0.032,1,0.0474732006125574,0.32824427480916,1,0.325434439178515,0.337096774193548,0.967689822294023,0.5,1,0.320493066255778,0.345201238390093,1,0.327447833065811,0.0796747967479675,0.340729001584786,0.331230283911672,1,0.349529780564263,1,1,1,1,0.672926447574335,1,1,0,0.0933125972006221,1,0.0415384615384615,0,1,0.545901639344262,0.6672,1,0.0445151033386327,0.315873015873016,1,0.319422150882825,1,0.6734375,1,0.33015873015873,0.323899371069182,0.326053042121685,1,0.335423197492163,1,0.486068111455108,1,0.324324324324324,0.292452830188679,0.332307692307692,0.323763955342903,0.478939157566303,0.998449612403101,0.331782945736434,0.322475570032573,1,0.313291139240506,1,1,0.330708661417323,0.55177743431221,1,0.325358851674641,1,0.0395738203957382,1,0.330188679245283,0.666666666666667,0.335384615384615,0.938967136150235,0.436781609195402,0.0904836193447738,0.088,1,1,0.345911949685535,1,0.329754601226994,1,0.810047095761381,1,0.33063209076175,1,1,1,1,0.346774193548387,1,0.336507936507937,0.251552795031056,1,0.326530612244898,1,0.313880126182965,0.0747217806041336,1,0.328525641025641,1,1,1,0.344186046511628,1,0.337025316455696,1,0.316957210776545,1,0.33122028526149,0.071097372488408,1,0.6224,1,1,0.326984126984127,1,1,1,1,0.337042925278219,0.320251177394035,1,0.998394863563403,0.32753164556962,0.320634920634921,1,0.447784810126582,0.649175412293853,0,0.326086956521739,0.661367249602544,1,0.333333333333333,1,0.998461538461539,1,0.3265625,0.329754601226994,0.338735818476499,1,1,1,0,1,0.318471337579618,0.9824,0.333333333333333,0.322378716744914,0.749608763693271,1,1,1,1,1,0.0361067503924647,0.325320512820513,0.33596214511041,1,0.668224299065421,1,1,0.998415213946117,0.998427672955975,1,1,0.00157728706624606,0.320987654320988,1,0.323763955342903,1,0.310344827586207,1,1,1,1,1,0.332805071315372,1,0.5104,0.324492979719189,0.338509316770186,0.321027287319422,0.331738437001595,0.343307086614173,0.412052117263844,0.339089481946625,0.321372854914197,0.320433436532508,1,0.331210191082803,1,0.675344563552833,0.329704510108865,0.309968847352025,0.345104333868379,1,1,1,0.2546875,0.318611987381703,1,0.3296,0.335394126738794,0.313195548489666,0.331761006289308,0.682965299684543,1,0.337007874015748,0.325358851674641,1,0.320388349514563,1,0.319875776397516,0.326018808777429,1,1,1,0.533123028391167,1,0.682965299684543,0.0725308641975309,0.335453100158982,1,1,0.0822981366459627,0.3328125,0.334410339256866,1,1,0.317411402157165,0.0219435736677116,0.0016260162601626,1,1,0.353846153846154,0.998420221169036,1,0.329153605015674,1,1,0.328616352201258,1,1,1,1,0.334890965732087,0.31859756097561,0.33868378812199,1,1,0.654088050314465,0.322222222222222,1,0.330246913580247,0.307936507936508,1,1,0.998449612403101,1,1,0.339116719242902,1,1,0.0966183574879227,0.34009360374415,0.494417862838915,0.319935691318328,0.659777424483307,0.324534161490683,1,0.3248,0.342767295597484,0.254746835443038,0.325038880248834,1,0.332307692307692,1,1,1,0.317535545023697,0.335384615384615,0.998427672955975,0.932038834951456,0.0537974683544304,1,0.327613104524181,0.33115823817292,0.321656050955414,1,0.337962962962963,0.465299684542587,0.337519623233909,0.317111459968603,0.319935691318328,0.310015898251192,1,0.324367088607595,1,1,0,1,0.323343848580442,1,1,1,0.332802547770701,1,0.3184,1,0.8390625,1,1,1,0.317901234567901,1,1,0.317757009345794,0.323390894819466,1,1,0.320251177394035,0.189147286821705,1,0.998435054773083,1,0,0.321027287319422,1,0.313880126182965,0.249206349206349,1,0.670295489891135,0.444444444444444,1,1,0.667170953101362,0.694136291600634,0.365814696485623,1,0.328593996840442,1,1,0.342857142857143,1,0.998392282958199,0.00311526479750779,0.33968253968254,1,1,0.336553945249597,1,1,0.314102564102564,0.338028169014085,1,1,1,0.522691705790297,0.324655436447167,0.3584,0.327743902439024,0.335375191424196,0.681528662420382,0.337007874015748,0.333863275039746,0.327639751552795,0.241324921135647,0.329093799682035,1,0.329211746522411,0.998410174880763,0.325038880248834,0.0765696784073507,0.0406885758998435,1,1,0.0359937402190923,1,0.673405909797823,0.0365079365079365,0.00794912559618442,1,0.667185069984448,1,1,0.548387096774194,1,0,0.0673076923076923,1,1,1,0.338735818476499,0.638138138138138,0.68026101141925,0.993798449612403,1,0.990625,0.310832025117739,0.334384858044164,1,0.312599681020734,1,0.385826771653543,0.0990415335463259,0.314241486068111,0.327743902439024,0.337248322147651,1,0.0758513931888545,1,1,1,0.258215962441315,0.333865814696486,1,0.320813771517997,1,1,0.322981366459627,1,0.334862385321101,1,0.322222222222222,0.327044025157233,1,0.669316375198728,0.322137404580153,1,0.321027287319422,0.770569620253165,0.329230769230769,0.150470219435737,0.333333333333333,0.774760383386581,0.305111821086262,1,0.338509316770186,0.344773790951638,0.300787401574803,1,1,1,0.978827361563518,0.334959349593496,1,0.338788870703764,1,0.337133550488599,0.323574730354391,1,1,1,0.926751592356688,1,0.320061255742726,0.325545171339564,1,1,0.0414673046251994,0.0721153846153846,1,1,0.32137030995106,1,1,0.319488817891374,1,1,0.674961119751166,0.529411764705882,1,0,1,1,0.0871559633027523,0.330683624801272,1,0.339089481946625,0.998427672955975,0.973015873015873,0.998402555910543,0.826498422712934,1,0.333865814696486,1,1,1,0,0.320261437908497,1,1,0.668759811616955,1,0.328125,0.365777080062794,0.333333333333333,1,1,1,0.0835913312693498,0.327014218009479,0.0830670926517572,0.9984375,0.318818040435459,0.319508448540707,0.364779874213836,0,1,0.960443037974684,1,1,0.333333333333333,0.312401883830455,0.152487961476726,0.0336538461538462,0.323763955342903,0.313001605136437,0.334883720930233,0,0.326625386996904,1,0,0.322981366459627,1,1,1,0.328100470957614,0.333333333333333,0.0290791599353796,1,0.3198127925117,0.307219662058372,1,1,0.330683624801272,0.682644628099174,1,1,0.689763779527559,1,0.327217125382263,1,0.325984251968504,0.507788161993769,0.657320872274143,0.405819295558959,1,0.315301391035549,0.321711568938193,0.666153846153846,0.658423493044822,1,0.331297709923664,1,0.330769230769231,1,0.325471698113208,0.31687898089172,0.357594936708861,0.528481012658228,0.326433121019108,0.324237560192616,0.649921507064364,0.330203442879499,0.140468227424749,1,0,1,0.302931596091205,1,0,0.332288401253919,0.323854660347551,1,0.047040971168437,1,0.0784,0.342857142857143,1,0.0601851851851852,0.658841940532081,1,1,1,0.32952691680261,0.0327613104524181,1,0.44620253164557,0.0872374798061389,0.362790697674419,0.329704510108865,0.331782945736434,1,1,1,1,1,0.0570107858243451,0.995348837209302,0.677115987460815,0.00152671755725191,0.334394904458599,1,1,1,1,0.0765625,0.324534161490683,1,1,1,1,1,1,0.478806907378336,0,1,0.0758513931888545,0.325984251968504,0.433697347893916,1,0.390048154093098,0.317434210526316,0.330708661417323,1,0.0343213728549142,0.331768388106416,1,1,0.383870967741935,0.321428571428571,0.320063694267516,0.336538461538462,0.998427672955975,0.335463258785943,0.325581395348837,0.419713831478537,0.323529411764706,0.978294573643411,0.324773413897281,0.0699186991869919,0.336448598130841,0,1,0.0758293838862559,0.31687898089172,0.330721003134796,0.327014218009479,1,1,1,1,1,1,0.342902711323764,1,0.331738437001595,0.321192052980132,0.6,0.670382165605096,1,1,0,0.324031007751938,0.112324492979719,0.998480243161094,0.0299212598425197,1,1,0.321428571428571,1,1,0.630744849445325,0.4185667752443,0.995502248875562,0.0731319554848967,0.0896,1,1,1,0.0752351097178683,0,0.330232558139535,0.430379746835443,0.327639751552795,0,0.341384863123994,0.0755627009646302,1,1,0.332819722650231,0.322932917316693,0.238924050632911,0.340836012861736,0.328100470957614,0.330721003134796,1,1,0.345104333868379,1,0,1,0.226324237560193,1,0.666666666666667,1,0.327073552425665,0.313311688311688,0.0704225352112676,0.671339563862928,1,1,0.781990521327014,0.901134521880065,0.3328,0.326229508196721,1,0.329635499207607,0.25508607198748,0.331723027375201,1,0.0950871632329636,1,1,0.330757341576507,0.662884927066451,0.317307692307692,1,1,0.311424100156495,0.317891373801917,0.328725038402458,0.854368932038835,0.323248407643312,1,0.04858934169279,1,1,0.690140845070423,0.646687697160883,0.336553945249597,0.0470957613814757,0.333858267716535,1,1,0.319620253164557,0.336012861736334,0.613601236476043,1,0.317972350230415,0.372093023255814,0.320574162679426,0.987577639751553,0.473101265822785,0,0.314641744548287,0.335384615384615,0.339256865912762,0.328025477707006,0.328746177370031,0.969230769230769,1,0.332810047095761,0.536858974358974,0.674157303370786,0.234741784037559,0.677100494233937,1,0.331768388106416,0.00158982511923688,0.334928229665072,0.322981366459627,0.366197183098592,0.329073482428115,0,0.345794392523364,0.329073482428115,0.334394904458599,0.324451410658307
"771",0.230031948881789,0.213716108452951,0.227129337539432,0.216981132075472,0.217665615141956,0.237341772151899,0.516129032258065,0.215088282504013,0.237341772151899,0.882539682539683,0.226415094339623,0.838509316770186,0.0688,0.221528861154446,0.454689984101749,0.467511885895404,0.852713178294574,0.544426494345719,0.226688102893891,0.222565687789799,0.467817896389325,0.460674157303371,0.228615863141524,0.954330708661417,0.25,0.446177847113885,0.454253611556982,0.231404958677686,0.234206471494607,0.126959247648903,0.473684210526316,0.1203125,0.194267515923567,0.470774091627172,0.786283891547049,0.21875,0.684867394695788,0.2125,0.468118195956454,0.228748068006182,0.556942277691108,0.541666666666667,0.542944785276074,0.218700475435816,0.21474358974359,0.457050243111831,0.455555555555556,0.458588957055215,0.450155763239875,0.460218408736349,0.777950310559006,0.227786752827141,0.469673405909798,0.219242902208202,0.223420647149461,0.279742765273312,0.666141732283465,0.222047244094488,0.234741784037559,0.226984126984127,0.446345256609642,0.454833597464342,0.459247648902821,0.565768621236133,0.221864951768489,0.2398753894081,0.829888712241653,0.222397476340694,0.855403348554033,0.444270015698587,0.222049689440994,0.453125,0.450406504065041,0.268608414239482,0.709119496855346,0.233846153846154,0.470948012232416,0.446511627906977,0.223765432098765,0.452768729641694,0.88780487804878,0.45253164556962,0.45324881141046,0.229938271604938,0.425897035881435,0.221538461538462,0.229903536977492,0.21993670886076,0.213036565977742,0.534591194968553,0.219551282051282,0.218989280245023,0.786392405063291,0.891640866873065,0.221864951768489,0.831804281345566,0.778294573643411,0.220472440944882,0.660130718954248,0.550955414012739,0.221169036334913,0.842356687898089,0.475,0.236065573770492,0.46129541864139,0.225755166931638,0.55608214849921,0.227848101265823,0.463607594936709,0.458135860979463,0.445324881141046,0.239811912225705,0.456140350877193,0.215962441314554,0.746522411128284,0.226100151745068,0.460218408736349,0.944620253164557,0.445300462249615,0.45859872611465,0.752738654147105,0.217322834645669,0.456086286594761,0.455737704918033,0.220657276995305,0.4765625,0.2178517397882,0.230652503793627,0.919937205651491,0.635239567233385,0.22061191626409,0.463258785942492,0.22488038277512,0.821100917431193,0.214170692431562,0.460708782742681,0.564945226917058,0.455676516329705,0.158730158730159,0.589951377633712,0.882911392405063,0.876971608832808,0.228070175438596,0.227564102564103,0.454121306376361,0.222397476340694,0.449010654490107,0.221169036334913,0.0822981366459627,0.229583975346687,0.470304975922953,0.220125786163522,0.22168284789644,0.232371794871795,0.213946117274168,0.438679245283019,0.232919254658385,0.461172741679873,0.984591679506934,0.220657276995305,0.463836477987421,0.230529595015576,0.468847352024922,0.862903225806452,0.213938411669368,0.459069020866774,0.228615863141524,0.238828967642527,0.227129337539432,0.442006269592476,0.235759493670886,0.445337620578778,0.221003134796238,0.44215530903328,0.220032840722496,0.454113924050633,0.863708399366086,0.22397476340694,0.599018003273322,0.218152866242038,0.212264150943396,0.467948717948718,0.222047244094488,0.22257053291536,0.22397476340694,0.21978021978022,0.468051118210863,0.450769230769231,0.22168284789644,0.220472440944882,0.452566096423017,0.4688,0.21996879875195,0.776729559748428,0.559939301972686,0.768867924528302,0.454545454545455,0.548136645962733,0.226993865030675,0.453846153846154,0.230273752012882,0.231481481481481,0.22360248447205,0.454258675078864,0.471406491499227,0.449920508744038,0.227134146341463,0.219354838709677,0.219284603421462,0.792393026941363,0.223832528180354,0.472,0.197204968944099,0.446740858505564,0.463607594936709,0.477308294209703,0.207667731629393,0.226415094339623,0.217460317460317,0.231496062992126,0.2224,0.828298887122417,0.447452229299363,0.457098283931357,0.23208722741433,0.539906103286385,0.219662058371736,0.228177641653905,0.235955056179775,0.226209048361934,0.234177215189873,0.225806451612903,0.765625,0.928792569659443,0.236559139784946,0.459715639810427,0.215311004784689,0.463836477987421,0.2296875,0.213375796178344,0.217322834645669,0.2192,0.230031948881789,0.442492012779553,0.225196850393701,0.248397435897436,0.449367088607595,0.44945567651633,0.465927099841521,0.453821656050955,0.445151033386327,0.557536466774716,0.453978159126365,0.44945567651633,0.44945567651633,0.237654320987654,0.446708463949843,0.222222222222222,0.538221528861154,0.455246913580247,0.94,0.447619047619048,0.226688102893891,0.215873015873016,0.236593059936909,0.976190476190476,0.477379095163807,0.216640502354788,0.451664025356577,0.452307692307692,0.453689167974882,0.459247648902821,0.544444444444444,0.220447284345048,0.453004622496148,0.4576,0.228346456692913,0.46515397082658,0.229230769230769,0.455538221528861,0.46984126984127,0.21875,0.211974110032362,0.229329173166927,0.693877551020408,0.217041800643087,0.538341158059468,0.867175572519084,0.45141065830721,0.230283911671924,0.211631663974152,0.889580093312597,0.453834115805947,0.453376205787781,0.223113964686998,0.2192,0.465331278890601,0.79559748427673,0.774038461538462,0.220125786163522,0.22258064516129,0.446153846153846,0.225352112676056,0.232771822358346,0.460342146189736,0.225396825396825,0.231007751937985,0.455259026687598,0.235104669887279,0.221153846153846,0.223088923556942,0.216429699842022,0.452076677316294,0.466463414634146,0.461412151067323,0.233908948194662,0.234375,0.545166402535658,0.45583596214511,0.212121212121212,0.460829493087558,0.467716535433071,0.226917057902973,0.218604651162791,0.222222222222222,0.224683544303797,0.225196850393701,0.457869634340223,0.226415094339623,0.229299363057325,0.890879478827362,0.444790046656299,0.602825745682888,0.46422893481717,0.54416403785489,0.453978159126365,0.219325153374233,0.472929936305732,0.44945567651633,0.975116640746501,0.45141065830721,0.224358974358974,0.449386503067485,0.224683544303797,0.225552050473186,0.220496894409938,0.474522292993631,0.469418960244648,0.220496894409938,0.147487844408428,0.841680129240711,0.229534510433387,0.458786936236392,0.451456310679612,0.459807073954984,0.217041800643087,0.44375,0.756289308176101,0.444444444444444,0.457413249211356,0.449511400651466,0.464114832535885,0.215170278637771,0.44888178913738,0.216478190630048,0.223622047244094,0.779552715654952,0.226837060702875,0.463375796178344,0.221690590111643,0.220338983050847,0.208130081300813,0.453525641025641,0.230650154798762,0.456591639871383,0.220030349013657,0.0784929356357928,0.238244514106583,0.227053140096618,0.213728549141966,0.467391304347826,0.216129032258065,0.221169036334913,0.462757527733756,0.457547169811321,0.224842767295597,0.214953271028037,0.465079365079365,0.967840735068913,0.2272,0.226771653543307,0.218604651162791,0.775316455696203,0.46742671009772,0.223472668810289,0.464285714285714,0.970125786163522,0.23125,0.537854889589905,0.333333333333333,0.219001610305958,0.222565687789799,0.557750759878419,0.511848341232227,0.436507936507937,0.223113964686998,0.46031746031746,0.221864951768489,0.215686274509804,0.459247648902821,0.227202472952087,0.231884057971014,0.780715396578538,0.44375,0.234177215189873,0.215654952076677,0.464630225080386,0.226917057902973,0.21669341894061,0.467408585055644,0.894654088050314,0.223832528180354,0.226851851851852,0.2224,0.252336448598131,0.463836477987421,0.495176848874598,0.463414634146341,0.457869634340223,0.541732283464567,0.444444444444444,0.436708860759494,0.46801872074883,0.984227129337539,0.459807073954984,0.235202492211838,0.460342146189736,0.218553459119497,0.463836477987421,0.86697247706422,0.833075734157651,0.214939024390244,0.231007751937985,0.834890965732087,0.219155844155844,0.548136645962733,0.837539432176656,0.7888,0.22015503875969,0.539184952978056,0.221350078492936,0.225196850393701,0.638095238095238,0.223950233281493,0.776212832550861,0.873581847649919,0.219589257503949,0.224111282843895,0.24685534591195,0.453376205787781,0.581183611532625,0.524509803921569,0.247278382581649,0.220985691573927,0.19188767550702,0.469387755102041,0.892913385826772,0.227202472952087,0.464401294498382,0.221003134796238,0.404423380726698,0.881410256410256,0.47723704866562,0.461656441717791,0.445923460898502,0.227629513343799,0.864274570982839,0.23374613003096,0.206896551724138,0.21993670886076,0.973354231974922,0.432956381260097,0.239747634069401,0.477308294209703,0.226904376012966,0.221138211382114,0.461658841940532,0.217322834645669,0.469604863221884,0.223809523809524,0.479495268138801,0.452418096723869,0.228346456692913,0.5456,0.455927051671733,0.226059654631083,0.466129032258065,0.143533123028391,0.471036585365854,0.947784810126582,0.459665144596651,0.115805946791862,0.45958795562599,0.24512987012987,0.459119496855346,0.434049079754601,0.484423676012461,0.226984126984127,0.228896103896104,0.231839258114374,0.182985553772071,0.885572139303483,0.226209048361934,0.446078431372549,0.227848101265823,0.476666666666667,0.459627329192547,0.227488151658768,0.220064724919094,0.21875,0.140575079872204,0.219814241486068,0.471317829457364,0.46676970633694,0.207221350078493,0.218649517684887,0.850891410048622,0.864864864864865,0.2171875,0.2176,0.473767885532591,0.240445859872611,0.226502311248074,0.454976303317536,0.238952536824877,0.217665615141956,0.532591414944356,0.695652173913043,0.2224,0.77526395173454,0.237639553429027,0.227272727272727,0.871875,0.457680250783699,0.218298555377207,0.448657187993681,0.214511041009464,0.192675159235669,0.233542319749216,0.0729813664596273,0.2272,0.449838187702265,0.220634920634921,0.231647634584013,0.217806041335453,0.784829721362229,0.447154471544715,0.211974110032362,0.224299065420561,0.544303797468354,0.225552050473186,0.456112852664577,0.413416536661466,0.459247648902821,0.227272727272727,0.215408805031447,0.233494363929147,0.884792626728111,0.447784810126582,0.873801916932907,0.220125786163522,0.466872110939908,0.472136222910217,0.418897637795276,0.780564263322884,0.224165341812401,0.163265306122449,0.217054263565891,0.237048665620094,0.4464,0.460949464012251,0.952456418383518,0.828025477707006,0.473354231974922,0.46551724137931,0.446319018404908,0.786283891547049,0.456828885400314,0.221362229102167,0.77151799687011,0.457886676875957,0.22360248447205,0.23015873015873,0.218408736349454,0.460244648318043,0.457886676875957,0.823529411764706,0.231007751937985,0.486443381180223,0.472527472527473,0.225,0.234741784037559,0.449920508744038,0.527004909983633,0.220285261489699,0.221864951768489,0.546899841017488,0.220679012345679,0.471406491499227,0.239234449760766,0.46129541864139,0.704791344667697,0.553488372093023,0.566412213740458,0.230529595015576,0.470496894409938,0.462015503875969,0.53416149068323,0.554347826086957,0.218210361067504,0.448657187993681,0.219155844155844,0.450229709035222,0.215088282504013,0.449526813880126,0.464285714285714,0.424050632911392,0.571428571428571,0.456451612903226,0.468998410174881,0.560386473429952,0.452418096723869,0.922950819672131,0.211598746081505,0.788819875776398,0.222047244094488,0.464342313787639,0.226209048361934,0.780063291139241,0.468253968253968,0.459459459459459,0.2288,0.840059790732436,0.229559748427673,0.876190476190476,0.422893481717011,0.215189873417722,0.845669291338583,0.560126582278481,0.225908372827804,0.220657276995305,0.216383307573416,0.460162601626016,0.829007633587786,0.2217125382263,0.349358974358974,0.884244372990354,0.417177914110429,0.455696202531646,0.461300309597523,0.225552050473186,0.1968,0.228070175438596,0.221698113207547,0.214849921011058,0.844984802431611,0.23950233281493,0.548286604361371,0.780635400907716,0.469387755102041,0.219435736677116,0.234076433121019,0.218241042345277,0.226993865030675,0.862068965517241,0.463525835866261,0.214285714285714,0.214849921011058,0.219709208400646,0.21669341894061,0.230414746543779,0.23968253968254,0.73587786259542,0.796147672552167,0.224648985959438,0.861111111111111,0.46046511627907,0.812995245641838,0.222929936305732,0.378466557911909,0.485436893203884,0.45958795562599,0.239811912225705,0.833860759493671,0.4609375,0.200626959247649,0.232484076433121,0.392,0.450858034321373,0.468454258675079,0.46129541864139,0.2109375,0.466034755134281,0.448916408668731,0.568253968253968,0.464454976303318,0.188767550702028,0.463076923076923,0.86741214057508,0.461904761904762,0.778125,0.233226837060703,0.862179487179487,0.471153846153846,0.46129541864139,0.464856230031949,0.226356589147287,0.212074303405573,0.225122349102773,0.231974921630094,0.21656050955414,0.230769230769231,0.437299035369775,0.223950233281493,0.474497681607419,0.449832775919732,0.52931854199683,0.54416403785489,0.2398753894081,0.2265625,0.795419847328244,0.46141975308642,0.901898734177215,0.206842923794712,0.825040128410915,0.227344992050874,0.228525121555916,0.461783439490446,0.230647709320695,0.213464696223317,0.588709677419355,0.552845528455285,0.233785822021116,0.873194221508828,0.882165605095541,0.2265625,0.213355048859935,0.227848101265823,0.862992125984252,0.778471138845554,0.460708782742681,0.364779874213836,0.463076923076923,0.77984496124031,0.447495961227787,0.865384615384615,0.221337579617834,0.220779220779221,0.469953775038521,0.470866141732283,0.9856,0.445880452342488,0.458074534161491,0.457627118644068,0.231496062992126,0.219589257503949,0.458804523424879,0.228787878787879,0.788253477588872,0.226324237560193,1,0.23482428115016,0.539184952978056,0.218009478672986,0.465732087227414,0.454253611556982,0.864485981308411,0.552631578947368,0.218408736349454,0.209779179810726,0.427892234548336,0.327390599675851,0.451043338683788,0.453808752025932,0.220657276995305,0.453834115805947,0.971742543171115,0.460420032310178,0.225075528700906,0.884735202492212,0.229430379746835,0.229665071770335,0.447409733124019,0.538336052202284,0.454253611556982,0.227786752827141,0.22432859399684,0.451816745655608,0.470031545741325,0.447328244274809,0.35377358490566,0.45320197044335,0.229430379746835,0.844236760124611,0.222397476340694,0.214521452145215,0.538699690402477,0.587677725118483,0.465909090909091,0.84399375975039,0.454983922829582,0.224137931034483,0.199672667757774,0.461538461538462,0.439370078740157,0.579527559055118,0.224648985959438,0.454968944099379,0.559505409582689,0.465331278890601,0.257410296411856,0.752808988764045,0.777777777777778,0.463949843260188,0.460122699386503,0.466237942122186,0.4672,0.460244648318043,0.252307692307692,0.24251968503937,0.46129541864139,0.676898222940226,0.547581903276131,0.967492260061919,0.536423841059603,0.211930926216641,0.443217665615142,0.791332263242376,0.440381558028617,0.4640625,0.581395348837209,0.44888178913738,0.785602503912363,0.448979591836735,0.467304625199362,0.454106280193237,0.45141065830721
"772",1,1,1,1,1,1,0.722039473684211,1,1,0.106623586429725,1,0.0474683544303797,0.806089743589744,1,0.293929712460064,0.289099526066351,0.0697305863708399,0.704620462046205,1,1,0.272435897435897,0.297734627831715,1,0.171156893819334,1,0.309636650868878,0.304838709677419,1,1,0.786752827140549,0.294392523364486,0.726114649681529,0.963722397476341,0.293929712460064,0,1,0.554675118858954,1,0.285276073619632,1,0.682888540031397,0.696,0.702954898911353,1,1,0.304487179487179,0.305732484076433,0.293023255813953,0.304416403785489,0.312693498452012,0,1,0.294488188976378,1,1,0.486088379705401,0.568144499178982,1,1,1,0.310185185185185,0.302215189873418,0.304,0.697305863708399,1,1,0.0401284109149278,1,0.0618238021638331,0.300623052959502,1,0.299050632911392,0.310855263157895,0.970779220779221,0.509463722397476,1,0.294209702660407,0.324492979719189,1,0.294019933554817,0.0959349593495935,0.315533980582524,0.311111111111111,1,0.326465927099842,1,1,1,1,0.709728867623604,1,1,0.00158730158730159,0.114467408585056,1,0.0522273425499232,0,1,0.574013157894737,0.696485623003195,1,0.0585365853658537,0.292259083728278,1,0.298217179902755,1,0.697784810126582,1,0.298245614035088,0.30173775671406,0.307936507936508,1,0.30829420970266,1,0.49768875192604,1,0.30016051364366,0.313291139240506,0.309968847352025,0.304487179487179,0.486656200941915,0.998427672955975,0.307931570762053,0.301612903225806,1,0.297637795275591,1,1,0.338095238095238,0.54531490015361,1,0.302215189873418,1,0.0458715596330275,1,0.298273155416013,0.691823899371069,0.311708860759494,0.924170616113744,0.42339373970346,0.112519809825674,0.105769230769231,1,1,0.309409888357257,1,0.308396946564885,1,0.799689440993789,1,0.307817589576547,1,1,1,1,0.312903225806452,1,0.303715670436187,0.271450858034321,1,0.300157977883096,1,0.287539936102236,0.0928338762214984,1,0.294788273615635,1,1,1,0.309597523219814,1,0.315789473684211,1,0.295418641390205,1,0.300319488817891,0.0815047021943574,1,0.655683690280066,1,1,0.302134646962233,1,1,1,1,0.306089743589744,0.282539682539683,1,0.998417721518987,0.299363057324841,0.285251215559157,1,0.457231726283048,0.691603053435115,0,0.300476947535771,0.684458398744113,1,0.30829420970266,1,0.998439937597504,1,0.297507788161994,0.305164319248826,0.313001605136437,1,1,1,0,1,0.288709677419355,0.9712,0.303079416531605,0.295055821371611,0.739967897271268,1,1,1,1,1,0.0457413249211356,0.2992,0.313572542901716,1,0.70253164556962,1,1,0.998373983739837,0.998425196850394,1,1,0.0031201248049922,0.330232558139535,1,0.296950240770466,1,0.28006329113924,1,1,1,1,1,0.302547770700637,1,0.505654281098546,0.304625199362041,0.304212168486739,0.298869143780291,0.303858520900322,0.313504823151125,0.4144,0.313291139240506,0.302839116719243,0.297939778129952,1,0.29903536977492,1,0.702325581395349,0.303030303030303,0.325545171339564,0.316129032258064,1,1,1,0.268025078369906,0.299679487179487,1,0.301612903225806,0.318885448916409,0.30173775671406,0.304416403785489,0.700475435816165,1,0.30379746835443,0.298245614035088,1,0.28,1,0.294488188976378,0.303317535545024,1,1,1,0.5424,1,0.700315457413249,0.0892307692307692,0.29746835443038,1,1,0.103610675039246,0.303459119496855,0.306055646481178,1,1,0.293563579277865,0.0268987341772152,0.00161812297734628,1,1,0.320610687022901,1,1,0.293838862559242,1,1,0.294670846394984,1,1,1,1,0.308426073131955,0.295839753466872,0.318627450980392,1,1,0.686520376175549,0.296178343949045,1,0.305164319248826,0.281098546042003,1,1,0.998435054773083,1,1,0.3125,1,1,0.110576923076923,0.323854660347551,0.490322580645161,0.292407108239095,0.685714285714286,0.297805642633229,1,0.288461538461538,0.312202852614897,0.270998415213946,0.301261829652997,1,0.311526479750779,1,1,1,0.294212218649518,0.30077519379845,0.998415213946117,0.91900826446281,0.0691318327974277,1,0.297770700636943,0.300476947535771,0.296296296296296,1,0.309707241910632,0.476415094339623,0.307570977917981,0.298107255520505,0.300492610837438,0.292527821939587,1,0.309904153354633,1,1,0,1,0.307814992025518,1,1,1,0.308064516129032,1,0.290375203915171,1,0.838304552590267,1,1,1,0.3,1,1,0.29570747217806,0.293650793650794,1,1,0.288216560509554,0.195924764890282,1,0.998435054773083,1,0,0.298701298701299,1,0.295774647887324,0.258373205741627,1,0.689381933438986,0.423861852433281,1,1,0.691376701966717,0.722662440570523,0.325949367088608,1,0.304761904761905,1,1,0.313114754098361,1,0.998407643312102,0.00477707006369427,0.307443365695793,1,1,0.306581059390048,1,1,0.287096774193548,0.347133757961783,1,1,1,0.523510971786834,0.303459119496855,0.323248407643312,0.29984544049459,0.312599681020734,0.704113924050633,0.303599374021909,0.310725552050473,0.296411856474259,0.252006420545746,0.303630363036304,1,0.302180685358255,0.998394863563403,0.299050632911392,0.0892307692307692,0.0526315789473684,1,1,0.0425196850393701,1,0.705047318611987,0.0448,0.00797448165869218,1,0.697305863708399,1,1,0.552,1,0,0.0757825370675453,1,1,1,0.311688311688312,0.665144596651446,0.71004942339374,0.995253164556962,1,0.985736925515055,0.289808917197452,0.352564102564103,1,0.287560581583199,1,0.36608557844691,0.112929623567921,0.289308176100629,0.305772230889236,0.31748726655348,1,0.0809968847352025,1,1,1,0.270186335403727,0.308441558441558,1,0.300813008130081,1,1,0.291600633914422,1,0.311827956989247,1,0.292332268370607,0.307692307692308,1,0.696969696969697,0.29922480620155,1,0.299679487179487,0.763779527559055,0.292758089368259,0.175355450236967,0.305810397553517,0.773675762439807,0.284329563812601,1,0.311111111111111,0.318611987381703,0.282371294851794,1,1,1,0.96875,0.363636363636364,1,0.305825242718447,1,0.300335570469799,0.301242236024845,1,1,1,0.916129032258065,1,0.290123456790123,0.300632911392405,1,1,0.0512820512820513,0.0819935691318328,1,1,0.291666666666667,1,1,0.300157977883096,1,1,0.695583596214511,0.541213063763608,1,0,1,1,0.109034267912773,0.314785373608903,1,0.317111459968603,0.998412698412698,0.957074721780604,0.998405103668262,0.819466248037677,1,0.311688311688312,1,1,1,0,0.296900489396411,1,1,0.688709677419355,1,0.308306709265176,0.344339622641509,0.304140127388535,1,1,1,0.0961240310077519,0.30655737704918,0.0934426229508197,0.998407643312102,0.30030959752322,0.2875,0.333333333333333,0,1,0.949286846275753,1,1,0.3104,0.289473684210526,0.178282009724473,0.0438311688311688,0.301261829652997,0.293460925039872,0.306376360808709,0.0016,0.2992,1,0,0.30521472392638,1,1,1,0.295886075949367,0.308777429467085,0.0425531914893617,1,0.295886075949367,0.294212218649518,1,1,0.305379746835443,0.709302325581395,1,1,0.705501618122977,1,0.290625,1,0.300319488817891,0.536547433903577,0.681747269890796,0.399375975039002,1,0.282407407407407,0.304897314375987,0.694006309148265,0.686728395061728,1,0.3024,1,0.310185185185185,1,0.301435406698565,0.289176090468498,0.341692789968652,0.520504731861199,0.3024,0.287974683544304,0.686305732484076,0.303656597774245,0.160535117056856,1,0,1,0.275080906148867,1,0,0.309562398703404,0.290271132376396,1,0.0612557427258806,1,0.0946166394779772,0.325878594249201,1,0.0718849840255591,0.691693290734824,1,1,1,0.302134646962233,0.0403100775193798,1,0.416267942583732,0.100323624595469,0.342635658914729,0.305993690851735,0.303317535545024,1,1,1,1,1,0.0713178294573643,0.996894409937888,0.70253164556962,0.00303490136570561,0.301916932907348,1,1,1,1,0.0920436817472699,0.29922480620155,1,1,1,1,1,1,0.498447204968944,0.00161290322580645,1,0.0893416927899686,0.304897314375987,0.446570972886762,1,0.386252045826514,0.296540362438221,0.29047619047619,1,0.0441640378548896,0.300157977883096,1,1,0.35702746365105,0.292913385826772,0.297560975609756,0.302931596091205,0.998442367601246,0.303571428571429,0.29635499207607,0.412238325281804,0.29570747217806,0.973520249221184,0.30030959752322,0.0919354838709677,0.300319488817891,0,1,0.0967741935483871,0.298887122416534,0.306477093206951,0.306946688206785,1,1,1,1,1,1,0.304418985270049,1,0.297770700636943,0.302207130730051,0.60731319554849,0.700490998363339,1,1,0,0.302469135802469,0.126365054602184,0.9984375,0.037037037037037,1,1,0.305111821086262,1,1,0.633279483037157,0.410214168039539,0.997005988023952,0.0857605177993527,0.103559870550162,1,1,1,0.0920436817472699,0,0.3015625,0.412238325281804,0.298003072196621,0,0.30718954248366,0.0898876404494382,1,1,0.308411214953271,0.309148264984227,0.254807692307692,0.317152103559871,0.290220820189274,0.3078125,1,1,0.3056,1,0,1,0.23482428115016,1,0.684952978056426,1,0.299524564183835,0.291056910569106,0.0803149606299213,0.695238095238095,1,1,0.803542673107891,0.887987012987013,0.303656597774245,0.297253634894992,1,0.299840510366826,0.269592476489028,0.302931596091205,1,0.106918238993711,1,1,0.301261829652997,0.702614379084967,0.293354943273906,1,1,0.295031055900621,0.298904538341158,0.303125,0.855753646677472,0.302588996763754,1,0.0630914826498423,1,1,0.719685039370079,0.665615141955836,0.30514096185738,0.0624,0.308544303797468,1,1,0.297906602254428,0.301765650080257,0.631329113924051,1,0.300462249614792,0.3671875,0.289514866979656,0.9828125,0.479806138933764,0.00158730158730159,0.287284144427002,0.306027820710974,0.310855263157895,0.302737520128824,0.304821150855365,0.976452119309262,1,0.297770700636943,0.55810147299509,0.700320512820513,0.246835443037975,0.701168614357262,1,0.308056872037915,0,0.3125,0.294670846394984,0.359746434231379,0.307814992025518,0,0.319620253164557,0.30048465266559,0.314285714285714,0.29047619047619
"773",0.69620253164557,0.684782608695652,0.675465838509317,0.667716535433071,0.679626749611198,0.68380062305296,0.988924050632911,0.673534072900158,0.675507020280811,0.435126582278481,0.684049079754601,0.359567901234568,0.484375,0.673405909797823,0,0,0.381761978361669,1,0.666141732283465,0.685847589424572,0,0,0.676783004552352,0.484709480122324,0.68018018018018,0,0,0.655555555555556,0.686453576864536,0.477093206951027,0,0.40393343419062,0.623255813953488,0.00313479623824451,0.339563862928349,0.67536704730832,0.86687306501548,0.670731707317073,0,0.690076335877863,0.996884735202492,1,1,0.669278996865204,0.677725118483412,0,0.0046656298600311,0,0,0,0.322085889570552,0.667189952904239,0,0.669242658423493,0.676923076923077,0.180124223602484,0.886255924170616,0.677621283255086,0.675925925925926,0.670826833073323,0.00768049155145929,0,0,0.99537037037037,0.680194805194805,0.676380368098159,0.34585289514867,0.66875,0.393984962406015,0,0.677272727272727,0,0,0.723370429252782,0.849230769230769,0.675265553869499,0,0.00455927051671732,0.670769230769231,0,0.402866242038217,0,0,0.673252279635258,0,0.674107142857143,0.672413793103448,0.660377358490566,0.673374613003096,1,0.677725118483412,0.670180722891566,0.326086956521739,0.412746585735964,0.682464454976303,0.361153262518968,0.324200913242009,0.678461538461538,0.8921875,1,0.679127725856698,0.380726698262243,0,0.690705128205128,0,0.678018575851393,1,0.673946957878315,0,0,0,0.691358024691358,0.00459418070444104,0.67687595712098,0.798771121351767,0.684848484848485,0,0.622670807453416,0,0,0.806201550387597,0.687789799072643,0,0,0.668730650154799,0,0.68215892053973,0.67737003058104,0.636222910216718,0.218512898330804,0.670347003154574,0,0.66510172143975,0.372372372372372,0.664566929133858,0,0.998456790123457,0,0.6203125,0.105939004815409,0.430793157076205,0.4046875,0.673374613003096,0.66824644549763,0,0.684210526315789,0,0.692068429237947,0.494640122511485,0.675757575757576,0,0.678461538461538,0.675465838509317,0.666144200626959,0.671361502347418,0,0.68062015503876,0,0.565015479876161,0.668693009118541,0,0.671253822629969,0,0.410852713178295,0.682965299684543,0,0.672868217054264,0.68693009118541,0.664624808575804,0.0109034267912773,0.666666666666667,0,0.677621283255086,0,0.679032258064516,0,0.422900763358779,0.693623639191291,0.972536348949919,0.700636942675159,0.678071539657854,0,0.690513219284603,0.671802773497689,0.673343605546995,0.66510172143975,0,0,0.666666666666667,0.666156202143951,0,0,0.670229007633588,0.775,0.982300884955752,0.321538461538462,0,0.996860282574568,0.679506933744222,0,0.671899529042386,0.688922610015175,0.678018575851393,0.0031055900621118,0,0,0.668174962292609,0.676145339652449,0.684451219512195,0.328125,0.691588785046729,0,0.66304347826087,0,0,0.563467492260062,0.671875,0.672333848531685,0.667692307692308,0.693846153846154,0.678288431061807,0.363777089783282,0,0,0.68140243902439,0.995398773006135,0.663157894736842,0.671664167916042,0.673312883435583,0.682442748091603,0.693877551020408,0.677760968229955,0.30757341576507,0.637059724349158,0.697247706422018,0,0.670347003154574,0,0.684615384615385,0.686119873817035,0.683464566929134,0.6671826625387,0.6784,0,0.670196671709531,0.203125,0,0,0.00312989045383412,0,0,0.0996835443037975,0,0,0,0.674772036474164,0,0.666666666666667,1,0,0.615151515151515,0,0.671899529042386,0.674418604651163,0.677621283255086,0.584786053882726,0,0.666666666666667,0,0,0,0,1,0.683962264150943,0,0,0.678516228748068,0,0.669230769230769,0,0,0.673946957878315,0.671383647798742,0.690031152647975,0.862928348909657,0.664556962025316,1,0.412293853073463,0,0.674884437596302,0.671339563862928,0.422187981510015,0,0,0.66131621187801,0.6609375,0,0.348623853211009,0.304552590266876,0.683881064162754,0.672025723472669,0.00764525993883792,0.67651632970451,0.697151424287856,0,0.6765625,0.685887708649469,0,0.67981072555205,0.67244094488189,0.675548589341693,0.674961119751166,0,0,0,0.687211093990755,0.668721109399075,0.993817619783617,0.00619195046439629,0.668231611893584,0,0,0.685410334346505,0.665130568356375,0.679938744257274,0.673374613003096,0.678843226788432,0,0.689167974882261,0.688751926040062,0.426751592356688,0,0.159937888198758,0,1,0,0.672205438066465,0,0,0.576864535768645,0.00153846153846154,0.67032967032967,0,0.683385579937304,0.689274447949527,0.680061823802164,0,0,0.675799086757991,0.587579617834395,0.38740157480315,0.694006309148265,0,0,0,0.67515923566879,0,0.797213622291022,0,0,0,0,0.667175572519084,0,0.676751592356688,0.654205607476635,0.3296875,0.685624012638231,0,0.670694864048338,0.67741935483871,0.670906200317965,0,0.684370257966616,0,0.673252279635258,0.509954058192956,0.66875,0.672496025437202,0.678461538461538,0,0.6801872074883,0.694267515923567,0,0,0.673913043478261,0.682098765432099,0,0.523076923076923,0.678233438485804,0.66156202143951,0.663076923076923,0.3234375,0,0.698541329011345,0,0.583987441130298,0.684375,1,0.118975903614458,0.676190476190476,0.677914110429448,1,0.964939024390244,0.015527950310559,0.679506933744222,0,0.680061823802164,0.680781758957655,0,0.675344563552833,0.673469387755102,0.330246913580247,0,0.674961119751166,0.672985781990521,0,0.689863842662632,0.688102893890675,0,0.664586583463339,0.674418604651163,0.675883256528418,0.660493827160494,0.201228878648233,0,0.0157232704402516,0,0,0.998417721518987,0,0.0062111801242236,0,0.578052550231839,0.003125,0.689393939393939,0.00451127819548872,0.673913043478261,0.00458015267175573,0.406528189910979,0.36979969183359,0.674311926605505,0.682370820668693,0.364906832298137,0.677316293929712,1,0.368258859784284,0.318110236220472,0.676335877862595,0.998480243161094,0.68125,0.686274509803922,0.215288611544462,0.672868217054264,0.3198127925117,0.412420382165605,0.682464454976303,0.6797583081571,0.70015455950541,0,0.979351032448378,1,0.675840978593272,0.665130568356375,0.667177914110429,0,0.6671875,0.674961119751166,0,0.685015290519878,0.0573643410852713,0.430359937402191,0,0,0.00496688741721854,0.672727272727273,0.405819295558959,0.672727272727273,0.685805422647528,0.683307332293292,0.571860816944024,0,0.679186228482003,0,0.674603174603175,0.672955974842767,0,0.674050632911392,0,0.669781931464174,0,0,0.675344563552833,1,0,0.671296296296296,0,0.43161094224924,0,0.490712074303406,0,0.432098765432099,0,0.668276972624799,0,0,0,0.681747269890796,0.666139240506329,0.670713201820941,0.647909967845659,0.66131621187801,0.689335394126739,0,0.670807453416149,0,0,0.675883256528418,0.679245283018868,0.684129429892142,0.611455108359133,0.667173252279635,0,0,0.672281776416539,0.676100628930818,0.379527559055118,0.412322274881517,0.675840978593272,0.679365079365079,0,0.692901234567901,0.677177177177177,0.00461538461538462,0.690095846645367,0.685271317829457,1,0.873282442748092,0.683720930232558,0.330827067669173,0.6801872074883,0.665137614678899,0.397865853658537,0.0015527950310559,0.67651632970451,0,0.677621283255086,0.652647975077882,0.681318681318681,0.525423728813559,0.677215189873418,0,0.670788253477589,0.67879746835443,0.674961119751166,0.32262996941896,0,0.668810289389068,0.679389312977099,1,0.667177914110429,0.00156739811912226,0.0474006116207951,0,0.674922600619195,0.670769230769231,0.676145339652449,0.422960725075529,0,0.411023622047244,0.665109034267913,0,0,0.0338461538461538,0.328638497652582,0.659442724458204,0.636923076923077,0.670731707317073,0.671802773497689,0,0,0.483670295489891,0.367762128325509,0,0,0.00153846153846154,0.308426073131955,0,0.673780487804878,0.325508607198748,0,0.670245398773006,0.673946957878315,0.674961119751166,0.00305343511450382,0,0.352848101265823,0.668702290076336,0,0,0.675757575757576,0.685271317829457,0.0015527950310559,1,0.683464566929134,0.686119873817035,0.993788819875776,0.67737003058104,0,0.682888540031397,0,0.860816944024206,1,0.0948012232415902,0.659442724458204,0,0,1,0.998470948012232,0.673374613003096,0,0.676848874598071,0.00304878048780488,0.6796875,0,0.00157728706624606,0.0358814352574103,0.231611893583725,0,0,0.995297805642633,0,0.482428115015974,0.667682926829268,0.332307692307692,0.671802773497689,0,0.687402799377916,0.322530864197531,0,0,0.6768,0.384384384384384,0.668224299065421,0.41692789968652,0.0234375,0.660436137071651,0.398461538461538,0.987519500780031,0.6796875,0.672307692307692,0.673282442748092,0,0.365853658536585,0.691244239631336,0.112324492979719,0.416536661466459,0.0352220520673813,0,0,0.685099846390169,0.653907496012759,0.68621236133122,0.686153846153846,0.682442748091603,0.385885885885886,0.684370257966616,1,0.334814814814815,0.00153609831029186,0.667180277349769,0.681047765793529,0.684952978056426,0.674174174174174,0.393798449612403,0,0.663109756097561,0.656200941915228,0.659744408945687,0.679127725856698,0.678461538461538,0.68125,0.806106870229008,0.327102803738318,0.670846394984326,0.407914764079148,0,0.76875,0.676470588235294,0.0786516853932584,0,0,0.680817610062893,0.375191424196018,0,0.677862595419847,0.697965571205008,0.0425867507886435,0,0,0.00316455696202532,0.669753086419753,0,0,0.0976744186046512,0,0.646604938271605,0,0.4176,0,0.334848484848485,0.676056338028169,0.400316455696203,0,0,0.00933125972006221,0.674809160305344,0.672360248447205,0.672523961661342,0.67687595712098,0.667192429022082,0.663507109004739,0.0158478605388273,0.676335877862595,0,0,0.291158536585366,1,0.673282442748092,0.68167701863354,0.326219512195122,0,0.434984520123839,0.664670658682635,0.354587869362364,0.675632911392405,0.6752,0,0.68025078369906,0.680781758957655,0.30188679245283,0.0830670926517572,0.672619047619048,0.402496099843994,0.427215189873418,0.669218989280245,0.672985781990521,0.690402476780186,0.411402157164869,0.31651376146789,0,0.112676056338028,0,0.342383107088989,0.00314465408805031,0.419303797468354,0.679127725856698,0.677316293929712,0,0,0.5734375,0.00626959247648903,0.00303490136570561,0,0.687888198757764,0.668202764976959,0,0.675111773472429,0.324574961360124,0.666666666666667,0.539184952978056,0.684952978056426,1,0.685670261941448,0,0,0.403374233128834,0.998468606431853,0.66407465007776,0.673015873015873,0.901098901098901,0.580385852090032,0,0,0.685670261941448,0,0.582945736434109,0,0.663125948406677,0.414110429447853,0.672926447574335,0.677966101694915,0,1,0,0.692551505546751,0.668224299065421,0,0,0,0.547546012269939,0,0.68167701863354,0.384146341463415,0.664615384615385,0.666666666666667,0.998456790123457,0.964615384615385,0,0.377125193199382,0,0.673913043478261,0.666666666666667,0,0,0.835347432024169,0.6796875,0,0.0946564885496183,0,0.673312883435583,0.799072642967543,0.332822085889571,0,0,0,0,0,0.702865761689291,0.693374422187982,0,0.888357256778309,0.998447204968944,0.556923076923077,1,0.667706708268331,0,0.328593996840442,0,0,0.111111111111111,0,0.323029366306028,0,0,0,0
"774",1,1,1,1,1,1,0.708006279434851,1,1,0.0925039872408294,1,0.0474006116207951,0.809825673534073,1,0.307931570762053,0.29601226993865,0.0598159509202454,0.693163751987281,1,1,0.282371294851794,0.310832025117739,1,0.148484848484848,1,0.313253012048193,0.310897435897436,1,1,0.777429467084639,0.295107033639144,0.724770642201835,0.961360123647604,0.305426356589147,0,1,0.53951367781155,1,0.293674698795181,1,0.673374613003096,0.691131498470948,0.703030303030303,1,1,0.309375,0.305900621118012,0.301972685887709,0.31651376146789,0.31859756097561,0,1,0.305471124620061,1,1,0.486697965571205,0.568503937007874,1,1,1,0.321592649310873,0.30757341576507,0.309006211180124,0.690513219284603,1,1,0.0376766091051805,1,0.0594353640416048,0.309667673716012,1,0.310769230769231,0.323390894819466,0.968503937007874,0.516923076923077,1,0.301223241590214,0.324734446130501,1,0.306349206349206,0.0810810810810811,0.316030534351145,0.314728682170543,1,0.33026113671275,1,1,1,1,0.701834862385321,1,1,0,0.103658536585366,1,0.0494752623688156,0,1,0.5648,0.685446009389671,1,0.0559875583203732,0.298780487804878,1,0.308980213089802,1,0.693498452012384,1,0.308527131782946,0.306625577812018,0.309230769230769,1,0.316846986089645,1,0.494720965309201,1,0.308166409861325,0.302652106084243,0.311077389984825,0.305555555555556,0.488408037094281,0.998468606431853,0.317147192716237,0.306853582554517,1,0.294573643410853,1,1,0.326717557251908,0.526395173453997,1,0.302936630602782,1,0.043026706231454,1,0.308270676691729,0.67737003058104,0.319571865443425,0.931782945736434,0.412044374009509,0.0990712074303406,0.0911901081916538,1,1,0.320695102685624,1,0.30952380952381,1,0.797583081570997,1,0.313291139240506,1,1,1,1,0.317972350230415,1,0.313479623824451,0.252663622526636,1,0.310975609756098,1,0.291731669266771,0.0832025117739403,1,0.304821150855365,1,1,1,0.332321699544765,1,0.3140625,1,0.300153139356815,1,0.313572542901716,0.0745814307458143,1,0.645264847512038,1,1,0.309375,1,1,1,1,0.319444444444444,0.302710843373494,1,0.998449612403101,0.306990881458967,0.300940438871473,1,0.455384615384615,0.674107142857143,0,0.313846153846154,0.673374613003096,1,0.316742081447964,1,0.998482549317147,1,0.3003003003003,0.308845577211394,0.324881141045959,1,1,1,0,1,0.297971918876755,0.968895800933126,0.320813771517997,0.303405572755418,0.743161094224924,1,1,1,1,1,0.0462249614791988,0.306729264475743,0.316030534351145,1,0.692307692307692,1,1,0.998461538461539,0.998480243161094,1,1,0.00151975683890578,0.318250377073906,1,0.299050632911392,1,0.290076335877863,1,1,1,1,1,0.312210200927357,1,0.507692307692308,0.324116743471582,0.310606060606061,0.303174603174603,0.313385826771654,0.324451410658307,0.404388714733542,0.324116743471582,0.310975609756098,0.297090352220521,1,0.310452418096724,1,0.699248120300752,0.3046875,0.309559939301973,0.324921135646688,1,1,1,0.257668711656442,0.306060606060606,1,0.307086614173228,0.319758672699849,0.304147465437788,0.310030395136778,0.689922480620155,1,0.321156773211568,0.308176100628931,1,0.292134831460674,1,0.302848575712144,0.301538461538462,1,1,1,0.54953560371517,1,0.688854489164087,0.0801186943620178,0.316846986089645,1,1,0.0885496183206107,0.312404287901991,0.313385826771654,1,1,0.291350531107739,0.0248447204968944,0.00156739811912226,1,1,0.326747720364742,0.998456790123457,1,0.306870229007634,1,1,0.30640243902439,1,1,1,1,0.321044546850998,0.303437967115097,0.313291139240506,1,1,0.67741935483871,0.316279069767442,1,0.308157099697885,0.290171606864275,1,1,0.998473282442748,1,1,0.313385826771654,1,1,0.102964118564743,0.318731117824773,0.476117103235747,0.297213622291022,0.68380062305296,0.308980213089802,1,0.296875,0.32398753894081,0.258698940998487,0.30568356374808,1,0.316816816816817,1,1,1,0.292379471228616,0.312312312312312,0.998449612403101,0.927444794952681,0.062111801242236,1,0.300613496932515,0.312111801242236,0.305164319248826,1,0.322727272727273,0.475232198142415,0.316436251920123,0.30077519379845,0.311728395061728,0.299531981279251,1,0.303125,1,1,0,1,0.309859154929577,1,1,1,0.31619937694704,1,0.300155520995334,1,0.841049382716049,1,1,1,0.301684532924962,1,1,0.304615384615385,0.298921417565485,1,1,0.299382716049383,0.190184049079755,1,0.998463901689708,1,0,0.3078125,1,0.299392097264438,0.241860465116279,1,0.683969465648855,0.421450151057402,1,1,0.687869822485207,0.713405238828968,0.339477726574501,1,0.31039755351682,1,1,0.325077399380805,1,0.998422712933754,0.00473186119873817,0.31832298136646,1,1,0.313971742543171,1,1,0.294392523364486,0.342024539877301,1,1,1,0.525423728813559,0.298921417565485,0.334883720930233,0.305970149253731,0.326656394453005,0.695924764890282,0.315151515151515,0.316998468606432,0.302752293577982,0.240683229813665,0.311216429699842,1,0.306060606060606,0.998459167950693,0.308510638297872,0.0805970149253731,0.0506134969325153,1,1,0.0404984423676012,1,0.684766214177979,0.0445468509984639,0.00933125972006221,1,0.699844479004666,1,1,0.536163522012579,1,0,0.0714285714285714,1,1,1,0.31104199066874,0.657738095238095,0.698387096774194,0.992389649923896,1,0.981623277182236,0.296466973886329,0.345679012345679,1,0.294753086419753,1,0.362095531587057,0.103286384976526,0.296296296296296,0.309417040358744,0.3261231281198,1,0.0810810810810811,1,1,1,0.258751902587519,0.308892355694228,1,0.311424100156495,1,1,0.306184012066365,1,0.316964285714286,1,0.2984375,0.3140625,1,0.685624012638231,0.305970149253731,1,0.308176100628931,0.751533742331288,0.313253012048193,0.150455927051672,0.30962962962963,0.762790697674419,0.300469483568075,1,0.310502283105023,0.326687116564417,0.284829721362229,1,1,1,0.96474358974359,0.346839546191248,1,0.313479623824451,1,0.314285714285714,0.308270676691729,1,1,1,0.91705069124424,1,0.31039755351682,0.306278713629403,1,1,0.0514018691588785,0.0741324921135647,1,1,0.29559748427673,1,1,0.297213622291022,1,1,0.686915887850467,0.543116490166415,1,0,1,1,0.0948795180722892,0.311145510835913,1,0.312111801242236,0.998449612403101,0.959814528593508,0.998447204968944,0.824806201550388,1,0.320754716981132,1,1,1,0,0.308544303797468,1,1,0.683229813664596,1,0.310664605873261,0.347222222222222,0.31733746130031,1,1,1,0.0870870870870871,0.306962025316456,0.0909090909090909,0.998454404945904,0.310030395136778,0.301829268292683,0.344563552833078,0,1,0.957446808510638,1,1,0.316692667706708,0.296803652968037,0.156105100463679,0.0418604651162791,0.309375,0.302936630602782,0.317629179331307,0,0.304147465437788,1,0,0.305597579425113,1,1,1,0.30640243902439,0.311178247734139,0.0387096774193548,1,0.314152410575428,0.305810397553517,1,1,0.308868501529052,0.705128205128205,1,1,0.70606531881804,1,0.29607250755287,1,0.30503144654088,0.535552193645991,0.680722891566265,0.396992481203008,1,0.296520423600605,0.29984544049459,0.694063926940639,0.667682926829268,1,0.318112633181126,1,0.31784107946027,1,0.311248073959938,0.300787401574803,0.339009287925697,0.505311077389985,0.308176100628931,0.307098765432099,0.678955453149002,0.303076923076923,0.141252006420546,1,0,1,0.284591194968553,1,0,0.309815950920245,0.309375,1,0.0561299852289513,1,0.0875,0.331269349845201,1,0.0643185298621746,0.669230769230769,1,1,1,0.310015898251192,0.0393939393939394,1,0.410377358490566,0.0894568690095847,0.345921450151057,0.315548780487805,0.312312312312312,1,1,1,1,1,0.0625,0.995461422087746,0.690292758089368,0.00149476831091181,0.31570996978852,1,1,1,1,0.0816640986132511,0.305343511450382,1,1,1,1,1,1,0.498470948012232,0,1,0.0817901234567901,0.308641975308642,0.438837920489297,1,0.386645962732919,0.299840510366826,0.305722891566265,1,0.0414110429447853,0.308049535603715,1,1,0.360248447204969,0.302891933028919,0.306976744186047,0.31378763866878,0.998477929984779,0.313664596273292,0.300763358778626,0.403100775193798,0.313084112149533,0.970814132104455,0.302985074626866,0.0818897637795276,0.317901234567901,0,1,0.0851735015772871,0.304075235109718,0.317111459968603,0.304953560371517,1,1,1,1,1,1,0.325,1,0.3078125,0.302100161550889,0.592085235920852,0.680817610062893,1,1,0,0.30804248861912,0.114197530864198,0.998489425981873,0.0366412213740458,1,1,0.30188679245283,1,1,0.615987460815047,0.400318979266348,0.995601173020528,0.0769230769230769,0.0928792569659443,1,1,1,0.0892307692307692,0,0.306184012066365,0.404088050314465,0.30441400304414,0,0.317683881064163,0.0841121495327103,1,1,0.312404287901991,0.302290076335878,0.238390092879257,0.323899371069182,0.303680981595092,0.311450381679389,1,1,0.314375987361769,1,0,1,0.218009478672986,1,0.685670261941448,1,0.304821150855365,0.298245614035088,0.0782208588957055,0.684684684684685,1,1,0.792890262751159,0.890822784810127,0.308527131782946,0.310126582278481,1,0.305084745762712,0.26046511627907,0.310725552050473,1,0.0934150076569678,1,1,0.310769230769231,0.687203791469194,0.296998420221169,1,1,0.298325722983257,0.295281582952816,0.310810810810811,0.853395061728395,0.30757341576507,1,0.0561622464898596,1,1,0.708520179372197,0.655384615384615,0.309636650868878,0.0540958268933539,0.316590563165906,1,1,0.296411856474259,0.318818040435459,0.621165644171779,1,0.295902883156297,0.364329268292683,0.304747320061256,0.98468606431853,0.485804416403785,0.00305343511450382,0.294656488549618,0.318181818181818,0.320251177394035,0.307332293291732,0.312781954887218,0.972602739726027,1,0.30640243902439,0.560629921259843,0.695447409733124,0.238390092879257,0.698234349919743,1,0.314503816793893,0.00154083204930663,0.315384615384615,0.299847792998478,0.357473035439137,0.316614420062696,0,0.328290468986384,0.305295950155763,0.31055900621118,0.303875968992248
"775",0.298555377207063,0.3078125,0.3109375,0.320512820512821,0.302795031055901,0.306349206349206,0.00972447325769854,0.308917197452229,0.299382716049383,0.575709779179811,0.306625577812018,0.641860465116279,0.510236220472441,0.30503144654088,1,1,0.61993769470405,0,0.323854660347551,0.299689440993789,1,1,0.317829457364341,0.5229793977813,0.301515151515152,1,1,0.3296,0.305135951661631,0.511923688394277,1,0.584639498432602,0.3625,0.995268138801262,0.669291338582677,0.301794453507341,0.137071651090343,0.318885448916409,1,0.297045101088647,0.00157977883096367,0,0,0.317034700315457,0.309791332263242,1,0.995334370139969,1,1,1,0.697530864197531,0.320512820512821,1,0.31201248049922,0.310664605873261,0.817307692307692,0.117088607594937,0.310452418096724,0.3125,0.31496062992126,0.993817619783617,1,1,0.00315457413249211,0.308064516129032,0.310185185185185,0.663461538461538,0.315372424722662,0.616863905325444,1,0.311728395061728,1,1,0.284329563812601,0.153488372093023,0.307575757575758,1,0.995384615384615,0.314814814814815,1,0.602254428341385,1,1,0.322429906542056,1,0.320182094081942,0.304975922953451,0.317683881064163,0.313880126182965,0,0.312796208530806,0.312883435582822,0.695924764890282,0.596625766871166,0.311897106109325,0.644171779141104,0.695517774343122,0.304821150855365,0.119354838709677,0,0.303317535545024,0.621664050235479,1,0.311004784688995,1,0.305295950155763,0,0.310236220472441,1,1,1,0.29746835443038,0.996946564885496,0.317610062893082,0.202143950995406,0.301515151515152,1,0.378294573643411,1,1,0.203761755485893,0.299382716049383,1,1,0.321928460342146,1,0.311475409836066,0.303030303030303,0.359621451104101,0.754977029096478,0.315447154471545,1,0.322834645669291,0.639939485627837,0.321543408360129,1,0,1,0.362776025236593,0.885057471264368,0.587227414330218,0.5984375,0.303125,0.307443365695793,1,0.305295950155763,1,0.295774647887324,0.49144634525661,0.315384615384615,1,0.303125,0.309636650868878,0.320695102685624,0.318885448916409,1,0.304075235109718,1,0.439252336448598,0.316846986089645,1,0.316109422492401,1,0.598715890850722,0.311111111111111,1,0.314329738058552,0.31441717791411,0.324492979719189,0.989130434782609,0.31875,1,0.317262830482115,1,0.317512274959083,1,0.603744149765991,0.291925465838509,0.0274636510500808,0.284090909090909,0.306853582554517,1,0.302652106084243,0.315541601255887,0.31832298136646,0.32398753894081,1,1,0.319488817891374,0.314641744548287,1,1,0.316279069767442,0.231124807395994,0.0180995475113122,0.6921875,1,0.00156494522691706,0.307453416149068,1,0.3072,0.298165137614679,0.309006211180124,0.996850393700787,1,1,0.319758672699849,0.310509554140127,0.306027820710974,0.684458398744113,0.298578199052133,1,0.342723004694836,1,1,0.4328125,0.3125,0.315625,0.318181818181818,0.2921875,0.306709265175719,0.649068322981366,1,1,0.309006211180124,0.00153609831029186,0.322981366459627,0.309559939301973,0.3140625,0.298600311041991,0.293478260869565,0.318042813455657,0.697965571205008,0.360060514372163,0.296923076923077,1,0.316211878009631,1,0.299382716049383,0.301261829652997,0.302362204724409,0.318471337579618,0.308441558441558,1,0.317610062893082,0.799684542586751,1,1,0.998415213946117,1,1,0.891547049441786,1,1,1,0.310185185185185,1,0.312091503267974,0,1,0.380368098159509,1,0.31139646869984,0.317034700315457,0.307570977917981,0.423963133640553,1,0.308049535603715,1,1,1,1,0,0.307570977917981,1,1,0.319620253164557,1,0.312693498452012,1,1,0.306962025316456,0.320574162679426,0.296124031007752,0.143302180685358,0.323343848580442,0,0.599697885196375,1,0.305555555555556,0.315705128205128,0.58411214953271,1,1,0.321486268174475,0.321766561514196,1,0.668759811616955,0.702265372168285,0.300632911392405,0.317307692307692,0.992319508448541,0.320754716981132,0.29940119760479,1,0.299373040752351,0.303680981595092,1,0.299212598425197,0.317683881064163,0.299539170506912,0.314375987361769,1,1,1,0.296062992125984,0.320063694267516,0.00777604976671851,0.993720565149137,0.316692667706708,1,1,0.30521472392638,0.318042813455657,0.302147239263804,0.305511811023622,0.308056872037915,1,0.292259083728278,0.304416403785489,0.573983739837398,1,0.83968253968254,1,0,1,0.315467075038285,1,1,0.416024653312789,0.998459167950693,0.320574162679426,1,0.304147465437788,0.3,0.308641975308642,1,1,0.313880126182965,0.397745571658615,0.617460317460317,0.294670846394984,1,1,1,0.317034700315457,1,0.204081632653061,1,1,1,1,0.311728395061728,1,0.305691056910569,0.324921135646688,0.690031152647975,0.292452830188679,1,0.320373250388802,0.315217391304348,0.31139646869984,1,0.306870229007634,1,0.313725490196078,0.465709728867624,0.316118935837246,0.314375987361769,0.312693498452012,1,0.311897106109325,0.294585987261146,1,1,0.316118935837246,0.309748427672956,1,0.485271317829457,0.308681672025723,0.317484662576687,0.32348367029549,0.685358255451713,1,0.2896,1,0.421135646687697,0.30298273155416,0,0.888544891640867,0.309262166405024,0.311627906976744,0,0.0313479623824451,0.984177215189873,0.310832025117739,1,0.30188679245283,0.310679611650485,1,0.314329738058552,0.306581059390048,0.681388012618297,1,0.311424100156495,0.32120253164557,1,0.30564263322884,0.296950240770466,1,0.344135802469136,0.310725552050473,0.311912225705329,0.329153605015674,0.806853582554517,1,0.977952755905512,1,1,0,1,0.993650793650794,1,0.429467084639498,0.9968,0.298003072196621,0.993911719939117,0.320251177394035,0.996894409937888,0.61178247734139,0.63452566096423,0.315950920245399,0.305555555555556,0.6484375,0.309791332263242,0,0.636650868878357,0.682316118935837,0.310452418096724,0,0.30564263322884,0.302362204724409,0.758293838862559,0.315707620528771,0.688087774294671,0.603531300160514,0.308777429467085,0.309968847352025,0.299843014128728,1,0.0257966616084977,0,0.306278713629403,0.31911532385466,0.327014218009479,1,0.333333333333333,0.307086614173228,1,0.297213622291022,0.942367601246106,0.569377990430622,1,1,0.993355481727575,0.315789473684211,0.608231707317073,0.313364055299539,0.3024,0.313385826771654,0.414860681114551,1,0.302694136291601,1,0.315619967793881,0.312,1,0.309033280507132,1,0.321086261980831,1,1,0.314152410575428,0,1,0.313178294573643,1,0.557299843014129,1,0.513137557959815,1,0.539432176656151,1,0.3125,1,1,1,0.30503144654088,0.31629392971246,0.30521472392638,0.348949919224556,0.339869281045752,0.304075235109718,1,0.312693498452012,1,1,0.32262996941896,0.314785373608903,0.309451219512195,0.383886255924171,0.317411402157165,1,1,0.318818040435459,0.317460317460317,0.636075949367089,0.601574803149606,0.309707241910632,0.310618066561014,1,0.304212168486739,0.31306990881459,0.993620414673046,0.296474358974359,0.301242236024845,0,0.135464231354642,0.313572542901716,0.686656671664168,0.310344827586207,0.315132605304212,0.596625766871166,0.99685534591195,0.309409888357257,1,0.308777429467085,0.346153846153846,0.302507836990596,0.468217054263566,0.314641744548287,1,0.314152410575428,0.321259842519685,0.312202852614897,0.694099378881988,1,0.31869918699187,0.314152410575428,0,0.311627906976744,0.998435054773083,0.958139534883721,1,0.312401883830455,0.315789473684211,0.314873417721519,0.59253499222395,1,0.598425196850394,0.31911532385466,1,1,0.965571205007825,0.69375,0.325914149443561,0.350467289719626,0.315707620528771,0.316590563165906,1,1,0.524642289348172,0.639370078740157,1,1,0.998442367601246,0.706436420722135,1,0.312977099236641,0.689763779527559,1,0.318952234206472,0.311320754716981,0.309006211180124,0.996923076923077,1,0.650485436893204,0.315301391035549,1,1,0.3171875,0.300155520995334,0.998435054773083,0,0.316455696202532,0.306349206349206,0.00473186119873817,0.300925925925926,1,0.2976,1,0.140625,0,0.906485671191554,0.323390894819466,1,1,0,0,0.3198127925117,1,0.304625199362041,0.998477929984779,0.305732484076433,1,0.998415213946117,0.965408805031447,0.764797507788162,1,1,0.00467289719626168,1,0.5216,0.318110236220472,0.678461538461538,0.315789473684211,1,0.294117647058824,0.686119873817035,1,1,0.303514376996805,0.622926093514329,0.32,0.592125984251968,0.973143759873618,0.319314641744548,0.605590062111801,0.0108864696734059,0.309636650868878,0.318181818181818,0.312210200927357,1,0.642748091603053,0.302325581395349,0.894080996884735,0.595576619273302,0.9629057187017,1,1,0.29874213836478,0.329581993569132,0.296950240770466,0.308892355694228,0.312989045383412,0.625,0.301538461538462,0,0.686567164179104,0.998420221169036,0.320251177394035,0.299524564183835,0.311582381729201,0.319508448540707,0.606201550387597,1,0.324574961360124,0.330143540669856,0.324281150159744,0.314785373608903,0.302652106084243,0.308186195826645,0.193146417445483,0.6864,0.309033280507132,0.609230769230769,1,0.238317757009346,0.314641744548287,0.9232,1,1,0.302652106084243,0.644757433489828,1,0.303405572755418,0.288431061806656,0.956937799043062,1,1,0.9984,0.316998468606432,1,1,0.894736842105263,1,0.337423312883436,1,0.592709984152139,1,0.683720930232558,0.307692307692308,0.606299212598425,1,1,0.990476190476191,0.316923076923077,0.31832298136646,0.3184,0.3198127925117,0.317589576547231,0.3168,0.985804416403785,0.306976744186047,1,1,0.69922480620155,0,0.3078125,0.305810397553517,0.68895800933126,1,0.572542901716069,0.320061255742726,0.652996845425868,0.304416403785489,0.311004784688995,1,0.300940438871473,0.311881188118812,0.670436187399031,0.909531502423263,0.316187594553706,0.608974358974359,0.582677165354331,0.313364055299539,0.314785373608903,0.296583850931677,0.595275590551181,0.685271317829457,1,0.897476340694006,1,0.679817905918058,0.996774193548387,0.5888,0.300314465408805,0.314285714285714,1,1,0.432646592709984,0.995230524642289,0.9984375,1,0.306729264475743,0.3296875,1,0.304477611940298,0.695652173913043,0.327073552425665,0.465732087227414,0.299524564183835,0,0.304821150855365,1,1,0.602446483180428,0,0.3203125,0.313971742543171,0.0968253968253968,0.40359477124183,1,1,0.305084745762712,1,0.415094339622642,1,0.315629742033384,0.589424572317263,0.318471337579618,0.301587301587302,1,0,1,0.297939778129952,0.309748427672956,1,1,1,0.435612082670906,1,0.31496062992126,0.626749611197512,0.324074074074074,0.314845024469821,0,0.0407523510971787,1,0.627329192546584,1,0.3198127925117,0.318840579710145,1,1,0.162460567823344,0.29922480620155,1,0.901990811638591,1,0.319875776397516,0.202247191011236,0.682242990654206,1,1,1,1,1,0.286149162861492,0.300314465408805,1,0.110749185667752,0,0.438569206842924,0,0.31687898089172,1,0.68370607028754,1,1,0.893416927899687,1,0.688188976377953,1,1,1,1
"776",0.289036544850498,0.3056,0.300632911392405,0.318627450980392,0.296474358974359,0.292962356792144,0.00986842105263158,0.318181818181818,0.305246422893482,0.581548599670511,0.305246422893482,0.654088050314465,0.50983606557377,0.307317073170732,1,1,0.623028391167192,0,0.317152103559871,0.298387096774194,1,1,0.3125,0.516129032258065,0.2984375,1,1,0.318936877076412,0.297124600638978,0.53484602917342,1,0.592592592592593,0.3504,0.995184590690209,0.677367576243981,0.297297297297297,0.14968152866242,0.309636650868878,1,0.293103448275862,0.00320512820512821,0,0,0.322368421052632,0.308441558441558,1,0.993517017828201,1,1,1,0.701112877583466,0.314332247557003,1,0.317535545023697,0.304487179487179,0.821256038647343,0.129449838187702,0.305691056910569,0.304761904761905,0.312602291325696,0.990668740279938,1,1,0.00642054574638844,0.303425774877651,0.306962025316456,0.662903225806452,0.315112540192926,0.622820919175911,1,0.305863708399366,1,1,0.265238879736409,0.161084529505582,0.307926829268293,1,0.993740219092332,0.308917197452229,1,0.59935379644588,1,1,0.312698412698413,1,0.313971742543171,0.299837925445705,0.321144674085851,0.307692307692308,0,0.302931596091205,0.310077519379845,0.705128205128205,0.579527559055118,0.297385620915033,0.650546021840874,0.693910256410256,0.296825396825397,0.131147540983607,0,0.3056,0.627009646302251,1,0.306156405990017,1,0.305194805194805,0,0.311183144246353,1,1,1,0.293185419968304,0.995230524642289,0.320574162679426,0.214511041009464,0.296296296296296,1,0.377742946708464,1,1,0.207729468599034,0.308562197092084,1,1,0.320695102685624,1,0.308282208588957,0.296411856474259,0.357827476038339,0.748043818466354,0.303715670436187,1,0.310679611650485,0.646781789638933,0.315091210613599,1,0.00160513643659711,1,0.370192307692308,0.881773399014778,0.591572123176661,0.600321027287319,0.304625199362041,0.301948051948052,1,0.300632911392405,1,0.293075684380032,0.507911392405063,0.3046875,1,0.299679487179487,0.290584415584416,0.315270935960591,0.316129032258064,1,0.300157977883096,1,0.42515923566879,0.312,1,0.309486780715397,1,0.599681020733652,0.304838709677419,1,0.308917197452229,0.296178343949045,0.318471337579618,0.985759493670886,0.309178743961353,1,0.313915857605178,1,0.299173553719008,1,0.596153846153846,0.281847133757962,0.0367278797996661,0.284126984126984,0.308056872037915,1,0.296178343949045,0.307086614173228,0.305993690851735,0.315024232633279,1,1,0.310569105691057,0.317152103559871,1,1,0.312698412698413,0.246794871794872,0.0214723926380368,0.700320512820513,1,0.00321027287319422,0.30503144654088,1,0.313114754098361,0.295238095238095,0.30173775671406,0.9968,1,1,0.315301391035549,0.301458670988655,0.304278922345483,0.697411003236246,0.290113452188006,1,0.323763955342903,1,1,0.435612082670906,0.307073954983923,0.310126582278481,0.309033280507132,0.292527821939587,0.300986842105263,0.652448657187994,1,1,0.30173775671406,0.00467289719626168,0.3140625,0.311912225705329,0.319047619047619,0.299524564183835,0.286858974358974,0.298761609907121,0.707165109034268,0.365625,0.298722044728434,1,0.318255250403877,1,0.292259083728278,0.297253634894992,0.298531810766721,0.328990228013029,0.302588996763754,1,0.306477093206951,0.791869918699187,1,1,0.996763754045307,1,1,0.896890343698854,1,1,1,0.302839116719243,1,0.312709030100334,0,1,0.381475667189953,1,0.307438016528926,0.304347826086957,0.304140127388535,0.409888357256778,1,0.31637519872814,1,1,1,1,0,0.299352750809061,1,1,0.31629392971246,1,0.309859154929577,1,1,0.3042071197411,0.316045380875203,0.282131661442006,0.154340836012862,0.314845024469821,0,0.600308641975309,1,0.307814992025518,0.305825242718447,0.593301435406699,1,1,0.317275747508306,0.322528363047002,1,0.664,0.713114754098361,0.297734627831715,0.306666666666667,0.99537037037037,0.308186195826645,0.297339593114241,1,0.298245614035088,0.293650793650794,1,0.301765650080257,0.295454545454545,0.302737520128824,0.298531810766721,1,1,1,0.301127214170692,0.314424635332253,0.00783699059561128,0.990384615384615,0.310457516339869,1,1,0.297971918876755,0.315541601255887,0.295418641390205,0.303937007874016,0.302034428794992,1,0.299019607843137,0.298076923076923,0.584415584415584,1,0.828571428571429,1,0,1,0.314152410575428,1,1,0.413249211356467,0.998420221169036,0.307941653160454,1,0.2912,0.283891547049442,0.298412698412698,1,1,0.311111111111111,0.389261744966443,0.619354838709677,0.29903536977492,1,1,1,0.308196721311475,1,0.210272873194221,1,1,1,1,0.315541601255887,1,0.300986842105263,0.316211878009631,0.688995215311005,0.29951690821256,1,0.31378763866878,0.310344827586207,0.304276315789474,1,0.300940438871473,1,0.309597523219814,0.483464566929134,0.3109375,0.311258278145695,0.299524564183835,1,0.308562197092084,0.292407108239095,1,1,0.307324840764331,0.304761904761905,1,0.481191222570533,0.309719934102142,0.315873015873016,0.316455696202532,0.693290734824281,1,0.280528052805281,1,0.410048622366288,0.298701298701299,0,0.874608150470219,0.31023102310231,0.306709265175719,0,0.0287539936102236,0.980982567353407,0.304140127388535,1,0.302100161550889,0.307308970099668,1,0.3136,0.315112540192926,0.682316118935837,1,0.309791332263242,0.306962025316456,1,0.294212218649518,0.294892915980231,1,0.344605475040258,0.298701298701299,0.303317535545024,0.325320512820513,0.794258373205742,1,0.980707395498392,1,1,0.00159489633173844,1,0.993640699523052,1,0.423948220064725,0.99670510708402,0.300787401574803,0.992050874403816,0.31810766721044,0.995260663507109,0.613953488372093,0.634375,0.308544303797468,0.299050632911392,0.654340836012862,0.300335570469799,0,0.639240506329114,0.696485623003195,0.310452418096724,0.00157232704402516,0.309904153354633,0.287539936102236,0.748784440842788,0.306349206349206,0.7,0.598684210526316,0.302250803858521,0.308426073131955,0.282467532467532,1,0.0305343511450382,0,0.306603773584906,0.317384370015949,0.3184,1,0.342356687898089,0.304761904761905,1,0.299373040752351,0.938095238095238,0.579119086460033,1,1,0.991438356164384,0.3078125,0.612698412698413,0.306976744186047,0.294314381270903,0.303858520900322,0.40746500777605,1,0.301127214170692,1,0.305921052631579,0.314424635332253,1,0.303571428571429,1,0.305511811023622,1,1,0.304897314375987,0,1,0.310897435897436,1,0.5718901453958,1,0.505494505494505,1,0.568659127625202,1,0.307438016528926,1,1,1,0.304140127388535,0.30655737704918,0.311912225705329,0.332784184514003,0.337770382695507,0.305732484076433,1,0.310177705977383,1,1,0.311004784688995,0.296900489396411,0.308056872037915,0.386942675159236,0.310618066561014,1,1,0.320634920634921,0.31219512195122,0.632520325203252,0.606109324758842,0.306349206349206,0.311290322580645,1,0.295345104333868,0.310769230769231,0.995207667731629,0.291118421052632,0.30564263322884,0,0.143518518518519,0.310897435897436,0.692780337941628,0.294685990338164,0.307324840764331,0.611635220125786,0.996779388083736,0.309562398703404,1,0.302250803858521,0.334410339256866,0.308544303797468,0.47068145800317,0.296774193548387,1,0.304761904761905,0.300653594771242,0.32463295269168,0.704581358609795,1,0.312803889789303,0.298722044728434,0,0.313880126182965,0.998410174880763,0.955974842767296,1,0.304,0.311708860759494,0.299674267100977,0.600313479623824,1,0.600660066006601,0.310289389067524,1,1,0.965354330708661,0.686495176848875,0.32,0.34585289514867,0.310509554140127,0.300476947535771,1,1,0.499197431781701,0.647249190938511,1,1,0.99837925445705,0.703583061889251,1,0.3078125,0.700949367088608,1,0.306962025316456,0.299674267100977,0.305958132045089,0.996830427892235,1,0.656565656565657,0.311216429699842,1,1,0.314465408805031,0.301109350237718,0.998427672955975,0,0.302439024390244,0.302100161550889,0.00645161290322581,0.302694136291601,1,0.313099041533546,1,0.15919629057187,0,0.89618320610687,0.318110236220472,1,1,0,0.00160513643659711,0.321144674085851,1,0.30114566284779,0.996908809891808,0.301302931596091,1,0.998384491114701,0.959612277867528,0.766929133858268,1,1,0.00478468899521531,1,0.51510067114094,0.310569105691057,0.682965299684543,0.311912225705329,1,0.297124600638978,0.696485623003195,1,1,0.30114566284779,0.629457364341085,0.322061191626409,0.598387096774194,0.972668810289389,0.316045380875203,0.611727416798732,0.0143312101910828,0.298869143780291,0.3104,0.311811023622047,1,0.64797507788162,0.291993720565149,0.889067524115756,0.590982286634461,0.96969696969697,1,1,0.30064308681672,0.328382838283828,0.305057096247961,0.2976,0.303174603174603,0.62596599690881,0.291079812206573,0,0.686821705426357,0.998412698412698,0.31687898089172,0.299352750809061,0.305921052631579,0.302694136291601,0.61698717948718,1,0.325434439178515,0.323671497584541,0.308580858085809,0.310289389067524,0.301435406698565,0.301587301587302,0.202211690363349,0.699507389162562,0.300319488817891,0.613104524180967,1,0.246794871794872,0.314606741573034,0.919175911251981,1,1,0.3072,0.651419558359621,1,0.303937007874016,0.287096774193548,0.952691680261011,1,1,0.996683250414594,0.307936507936508,1,1,0.891233766233766,1,0.341772151898734,1,0.605519480519481,1,0.682615629984051,0.292483660130719,0.608414239482201,1,1,0.99510603588907,0.310897435897436,0.3104,0.309951060358891,0.307814992025518,0.305280528052805,0.310177705977383,0.983844911147011,0.29635499207607,1,1,0.707395498392283,0,0.30625,0.304,0.693522906793049,1,0.570261437908497,0.32182103610675,0.657051282051282,0.2912,0.298679867986799,1,0.300970873786408,0.301482701812191,0.67699836867863,0.90625,0.311077389984825,0.610749185667752,0.591276252019386,0.306836248012719,0.312396694214876,0.2875,0.603559870550162,0.698738170347003,1,0.893481717011129,1,0.677265500794913,0.9967585089141,0.596026490066225,0.302694136291601,0.307308970099668,1,1,0.425837320574163,0.991721854304636,0.996889580093313,1,0.305379746835443,0.312893081761006,1,0.296296296296296,0.696400625978091,0.313311688311688,0.454253611556982,0.291056910569106,0,0.298245614035088,1,1,0.602870813397129,0.0015600624024961,0.325949367088608,0.307568438003221,0.104838709677419,0.397689768976898,1,1,0.294025157232704,1,0.407643312101911,1,0.320373250388802,0.594896331738437,0.31139646869984,0.305958132045089,1,0,1,0.292282430213465,0.308064516129032,1,1,1,0.431118314424635,1,0.305246422893482,0.629984051036683,0.317965023847377,0.308970099667774,0.00157977883096367,0.0435483870967742,1,0.63258785942492,1,0.310789049919485,0.318407960199005,1,1,0.152623211446741,0.301109350237718,1,0.90625,1,0.302066772655008,0.20952380952381,0.687598116169545,1,1,1,1,1,0.28391167192429,0.29635499207607,1,0.123128119800333,0.00161550888529887,0.42902711323764,0,0.312297734627832,1,0.695439739413681,1,1,0.895071542130366,1,0.687400318979266,1,1,1,1
"777",0.0803149606299213,0.0793157076205288,0.0669781931464174,0.0710900473933649,0.0718654434250764,0.0757341576506955,0.380191693290735,0.0779014308426073,0.077639751552795,0.990476190476191,0.0748091603053435,0.969650986342944,0.105754276827372,0.0775193798449612,0.6,0.604615384615385,0.990683229813665,0.399345335515548,0.0780254777070064,0.0773899848254932,0.618973561430793,0.604724409448819,0.0771558245083207,0.925581395348837,0.0821917808219178,0.584732824427481,0.598412698412698,0.0726978998384491,0.0816944024205749,0.147619047619048,0.615503875968992,0.182380216383308,0.0474732006125574,0.608490566037736,0.937402190923318,0.0849673202614379,0.546564885496183,0.0775075987841945,0.616191904047976,0.0819423368740516,0.42457231726283,0.405487804878049,0.399096385542169,0.0717628705148206,0.0805687203791469,0.592476489028213,0.603100775193798,0.601208459214502,0.598765432098765,0.578703703703704,0.925190839694657,0.0738993710691824,0.601837672281776,0.0744186046511628,0.0784615384615385,0.412974683544304,0.5260663507109,0.0735524256651017,0.0801232665639445,0.0746500777604977,0.577335375191424,0.593457943925234,0.603149606299213,0.409733124018838,0.0816,0.0838414634146342,0.968701095461659,0.075968992248062,0.98955223880597,0.590563165905632,0.0704441041347626,0.597243491577335,0.577952755905512,0.110210696920583,0.575342465753425,0.0802377414561664,0.611532625189681,0.575617283950617,0.073394495412844,0.60126582278481,0.991974317817014,0.590625,0.595054095826893,0.0829493087557604,0.582043343653251,0.075187969924812,0.078740157480315,0.0791925465838509,0.0748829953198128,0.401215805471125,0.0727848101265823,0.0660660660660661,0.930340557275542,0.989329268292683,0.0685805422647528,0.967840735068913,0.931993817619784,0.0765696784073507,0.531300160513644,0.404984423676012,0.0799373040752351,0.982758620689655,0.601866251944012,0.0816,0.598746081504702,0.0728682170542636,0.404320987654321,0.0822981366459627,0.593354430379747,0.593798449612403,0.58868501529052,0.0817901234567901,0.587869362363919,0.0807453416149068,0.598484848484849,0.0810810810810811,0.598449612403101,0.794753086419753,0.588414634146341,0.594383775351014,0.605919003115265,0.0782208588957055,0.594761171032357,0.593114241001565,0.0723076923076923,0.614551083591331,0.0737463126843658,0.0755287009063444,0.758190327613105,0.534456355283308,0.0694006309148265,0.601226993865031,0.0735524256651017,0.968515742128936,0.0699523052464229,0.598473282442748,0.412213740458015,0.582689335394127,0.0123456790123457,0.63474025974026,0.993620414673046,0.992199687987519,0.0775193798449612,0.0746031746031746,0.58359133126935,0.0712074303405573,0.600299401197605,0.0834621329211747,0.110599078341014,0.0799396681749623,0.598736176935229,0.0729483282674772,0.080188679245283,0.083596214511041,0.0647709320695103,0.578947368421053,0.0822981366459627,0.589703588143526,0.842835130970724,0.0757575757575758,0.603975535168196,0.0795795795795796,0.602184087363494,0.996860282574568,0.0673076923076923,0.601880877742947,0.0833333333333333,0.0724191063174114,0.08125,0.584615384615385,0.0811232449297972,0.583987441130298,0.0724409448818898,0.590769230769231,0.0772946859903382,0.59748427672956,1,0.0717628705148206,0.454833597464342,0.0770465489566613,0.0791925465838509,0.598736176935229,0.0680061823802164,0.0723076923076923,0.0765625,0.0713178294573643,0.59253499222395,0.600306278713629,0.0798722044728434,0.0740740740740741,0.5948406676783,0.607874015748031,0.0735068912710567,0.641653905053599,0.427719821162444,0.921417565485362,0.593798449612403,0.427682737169518,0.0689127105666156,0.585735963581184,0.0761904761904762,0.0721966205837174,0.0669781931464174,0.603125,0.59789156626506,0.582802547770701,0.0789865871833085,0.0726698262243286,0.0701219512195122,0.931993817619784,0.0796875,0.610410094637224,0.0497667185069984,0.594043887147335,0.600931677018634,0.325153374233129,0.0747217806041336,0.0812883435582822,0.0696594427244582,0.0807453416149068,0.0763116057233704,0.964341085271318,0.595611285266458,0.584496124031008,0.0820668693009119,0.409509202453988,0.0791476407914764,0.0832072617246596,0.0765625,0.0796324655436447,0.0746500777604977,0.0750750750750751,0.923664122137405,0.774436090225564,0.0788253477588872,0.595611285266458,0.0760869565217391,0.616207951070336,0.0688073394495413,0.078740157480315,0.0724409448818898,0.0743034055727554,0.0769230769230769,0.582417582417582,0.0801232665639445,0.397798742138365,0.580188679245283,0.586523736600306,0.605345911949686,0.589825119236884,0.580847723704867,0.654895666131621,0.582554517133956,0.596006144393241,0.594427244582043,0.0806697108066971,0.585516178736518,0.0708661417322835,0.396396396396396,0.592649310872894,0.783661119515885,0.584758942457232,0.080188679245283,0.0671875,0.0768049155145929,0.826086956521739,0.611963190184049,0.0672782874617737,0.587955625990491,0.587087087087087,0.603125,0.595092024539877,0.409657320872274,0.0747663551401869,0.596969696969697,0.591194968553459,0.0798771121351766,0.614896988906498,0.0807926829268293,0.598765432098765,0.601246105919003,0.0706436420722135,0.0770440251572327,0.0784929356357928,0.547318611987382,0.0765625,0.408037094281298,0.995468277945619,0.597826086956522,0.0771604938271605,0.0764430577223089,0.99079754601227,0.58179012345679,0.584664536741214,0.0771653543307087,0.0771653543307087,0.598449612403101,0.949152542372881,0.923566878980892,0.080188679245283,0.0761904761904762,0.577611940298507,0.0734375,0.0819672131147541,0.612903225806452,0.0760869565217391,0.0765696784073507,0.595975232198142,0.0725552050473186,0.0724191063174114,0.073959938366718,0.0778816199376947,0.587057010785824,0.604545454545454,0.594339622641509,0.075968992248062,0.0795631825273011,0.412844036697248,0.596518987341772,0.0718849840255591,0.603343465045593,0.608895705521472,0.0763358778625954,0.0725075528700906,0.0769230769230769,0.0749235474006116,0.0770416024653313,0.591614906832298,0.0825545171339564,0.0837209302325581,0.984202211690363,0.581288343558282,0.580441640378549,0.608087091757387,0.410094637223975,0.596302003081664,0.0766917293233083,0.613924050632911,0.5875,0.828483920367534,0.596599690880989,0.0740157480314961,0.585438335809807,0.0807453416149068,0.0743034055727554,0.0790697674418605,0.6049766718507,0.603343465045593,0.075968992248062,0.0016025641025641,0.984251968503937,0.081377151799687,0.590979782270607,0.59375,0.603448275862069,0.0694006309148265,0.591117917304747,0.616923076923077,0.593272171253823,0.607142857142857,0.593700787401575,0.608763693270736,0.0703363914373089,0.584639498432602,0.0691318327974277,0.0706605222734255,0.933229813664596,0.0817610062893082,0.590417310664606,0.0804953560371517,0.0717557251908397,0.0729001584786054,0.5859375,0.0752688172043011,0.604395604395604,0.0803571428571429,0.0864779874213836,0.0835913312693498,0.0813397129186603,0.0772797527047913,0.596330275229358,0.0640625,0.0754716981132075,0.6046875,0.595348837209302,0.0735068912710567,0.0793157076205288,0.593457943925234,0.90077519379845,0.08,0.0691244239631336,0.0729483282674772,0.922720247295209,0.60126582278481,0.0754414125200642,0.601837672281776,0.839874411302983,0.0747663551401869,0.408320493066256,0.475683890577508,0.0832,0.0728682170542636,0.415178571428571,0.385448916408669,0.565015479876161,0.0728682170542636,0.592823712948518,0.0815047021943574,0.0667726550079491,0.575427682737169,0.0768072289156626,0.0796875,0.932283464566929,0.580343213728549,0.0803149606299213,0.0755905511811024,0.592356687898089,0.0689127105666156,0.0777777777777778,0.606349206349206,0.741194486983155,0.0793157076205288,0.0746951219512195,0.0710900473933649,0.374045801526718,0.602465331278891,0.610591900311526,0.592537313432836,0.589861751152074,0.4,0.583586626139818,0.581288343558282,0.59480122324159,0.847589424572317,0.593059936908517,0.0787037037037037,0.591463414634146,0.0769230769230769,0.596923076923077,0.996983408748115,0.978560490045942,0.0782208588957055,0.0775075987841945,0.967692307692308,0.0717628705148206,0.397553516819572,0.97339593114241,0.937106918238994,0.0744186046511628,0.401883830455259,0.0728682170542636,0.0782208588957055,0.528213166144201,0.0772727272727273,0.927692307692308,0.998420221169036,0.0779816513761468,0.0790273556231003,0.0802469135802469,0.593004769475358,0.437223042836041,0.380645161290323,0.0870229007633588,0.0753846153846154,0.0520673813169985,0.61214953271028,0.743431221020093,0.0814132104454685,0.606012658227848,0.0716463414634146,0.545878693623639,0.985849056603774,0.607692307692308,0.607518796992481,0.584013050570963,0.0795107033639144,0.996946564885496,0.0853658536585366,0.0736,0.0754716981132075,0.832572298325723,0.5921875,0.0837282780410742,0.593996840442338,0.0754414125200642,0.0780254777070064,0.601538461538462,0.0772870662460568,0.603293413173653,0.0791139240506329,0.6125,0.590266875981162,0.0736196319018405,0.402799377916019,0.600299401197605,0.0743034055727554,0.605095541401274,0.184732824427481,0.59236641221374,0.935779816513762,0.598507462686567,0.144859813084112,0.604761904761905,0.0916398713826367,0.585669781931464,0.575384615384615,0.629573170731707,0.0770416024653313,0.075,0.0795795795795796,0.0471544715447154,0.744372990353698,0.0768025078369906,0.589825119236884,0.0732824427480916,0.59805510534846,0.592814371257485,0.0772797527047913,0.0758293838862559,0.0711043872919818,0.00462962962962963,0.072700296735905,0.604580152671756,0.601866251944012,0.0695517774343122,0.0770440251572327,0.985530546623794,0.998430141287284,0.0775193798449612,0.0733652312599681,0.6,0.0806697108066971,0.0727272727272727,0.603421461897356,0.0842607313195548,0.0811232449297972,0.406441717791411,0.546827794561934,0.0665634674922601,0.931952662721893,0.0800627943485086,0.0825688073394495,0.990881458966565,0.598774885145482,0.0791925465838509,0.591549295774648,0.0752688172043011,0.0393700787401575,0.08125,0.0949464012251149,0.0775193798449612,0.597423510466989,0.0726429675425039,0.0690737833594976,0.076555023923445,0.925644916540212,0.603803486529319,0.0629032258064516,0.0814132104454685,0.41820987654321,0.0759878419452888,0.591397849462366,0.557427258805513,0.594470046082949,0.0729813664596273,0.0762052877138414,0.0784929356357928,0.992378048780488,0.587677725118483,0.996810207336523,0.0722135007849294,0.608895705521472,0.603318250377074,0.561919504643963,0.925349922239502,0.0702028081123245,0.0307692307692308,0.0758513931888545,0.0751533742331288,0.593059936908517,0.601208459214502,0.923197492163009,0.970588235294118,0.595975232198142,0.599688473520249,0.578787878787879,0.932069510268562,0.603744149765991,0.0713201820940819,0.922480620155039,0.600301659125189,0.0779816513761468,0.0796875,0.0740740740740741,0.59726443768997,0.597597597597598,0.97258064516129,0.0736196319018405,0.599383667180277,0.610429447852761,0.080370942812983,0.0893682588597843,0.586687306501548,0.3888,0.0698757763975155,0.07981220657277,0.391912908242613,0.0784615384615385,0.611111111111111,0.0811232449297972,0.604006163328197,0.555555555555556,0.419306184012066,0.668181818181818,0.0743034055727554,0.614220877458396,0.601851851851852,0.394817073170732,0.424242424242424,0.0683229813664596,0.597243491577335,0.0733652312599681,0.596385542168675,0.0676100628930818,0.593406593406593,0.606973058637084,0.567026194144838,0.543913713405239,0.600315955766193,0.598726114649682,0.419906687402799,0.595419847328244,0.946428571428571,0.0697305863708399,0.932926829268293,0.0715372907153729,0.620094191522763,0.0801232665639445,0.93343653250774,0.593167701863354,0.603125,0.0755905511811024,0.985228951255539,0.077639751552795,0.992319508448541,0.566929133858268,0.0716510903426791,0.986089644513138,0.422118380062305,0.073208722741433,0.0786686838124055,0.0758725341426404,0.607655502392344,0.966717095310136,0.0682170542635659,0.484375,0.988835725677831,0.556732223903177,0.588597842835131,0.593272171253823,0.0729813664596273,0.0592948717948718,0.084375,0.0714285714285714,0.0749235474006116,0.984962406015038,0.0810810810810811,0.401234567901235,0.921713441654357,0.590015128593041,0.075968992248062,0.0829420970266041,0.0695102685624013,0.0687022900763359,0.996894409937888,0.594761171032357,0.0657492354740061,0.0726698262243286,0.0709677419354839,0.0755905511811024,0.0804248861911988,0.0808709175738725,0.604294478527607,0.943573667711599,0.0689655172413793,0.996908809891808,0.599690880989181,0.661490683229814,0.08125,0.52373417721519,0.603503184713376,0.596244131455399,0.0830769230769231,0.968944099378882,0.593846153846154,0.0720858895705521,0.0806201550387597,0.543171114599686,0.602102102102102,0.614551083591331,0.59748427672956,0.0667701863354037,0.595275590551181,0.599092284417549,0.651898734177215,0.603100775193798,0.0385802469135802,0.600910470409712,0.996865203761755,0.593508500772797,0.921538461538462,0.08125,0.993700787401575,0.597503900156006,0.594339622641509,0.602503912363067,0.0701219512195122,0.0703363914373089,0.0828025477707006,0.0772797527047913,0.0774193548387097,0.0759493670886076,0.578947368421053,0.0806697108066971,0.6046875,0.597039473684211,0.477203647416413,0.407176287051482,0.0731707317073171,0.0787878787878788,0.932515337423313,0.600903614457831,0.967340590979782,0.073134328358209,0.968847352024922,0.0773993808049536,0.0801282051282051,0.593700787401575,0.0799373040752351,0.0756843800322061,0.453396524486572,0.653846153846154,0.0850439882697947,0.996830427892235,0.990491283676704,0.0764525993883792,0.0777604976671851,0.0709876543209877,0.996884735202492,0.935681470137825,0.590433482810164,0.492979719188768,0.593939393939394,0.930875576036866,0.580745341614907,0.996815286624204,0.0772797527047913,0.0768,0.596651445966514,0.592592592592593,0.846275752773376,0.583201267828843,0.597243491577335,0.591185410334346,0.0765625,0.0775193798449612,0.586854460093897,0.0747384155455904,0.931087289433384,0.0704225352112676,0.864485981308411,0.0803149606299213,0.403374233128834,0.0782208588957055,0.602446483180428,0.602870813397129,1,0.418711656441718,0.0766823161189358,0.0715396578538103,0.293563579277865,0.1872,0.592248062015504,0.595541401273885,0.0712074303405573,0.587596899224806,0.834633385335413,0.597133757961783,0.0832095096582467,0.987767584097859,0.08,0.0766823161189358,0.595015576323987,0.411949685534591,0.6016,0.076555023923445,0.071875,0.604938271604938,0.608359133126935,0.590563165905632,0.219284603421462,0.599374021909233,0.077639751552795,0.979813664596273,0.0820433436532508,0.0738993710691824,0.39509954058193,0.448382126348228,0.5936,0.984399375975039,0.590342679127726,0.0708782742681048,0.0714285714285714,0.610675039246468,0.585253456221198,0.464285714285714,0.078003120124805,0.604580152671756,0.682442748091603,0.605919003115265,0.0996932515337423,0.614649681528662,0.930769230769231,0.612307692307692,0.593323216995448,0.594339622641509,0.59904912836767,0.594553706505295,0.102760736196319,0.0809968847352025,0.606758832565284,0.545016077170418,0.408163265306122,0.851851851851852,0.401929260450161,0.0664556962025316,0.58868501529052,0.930926216640502,0.585023400936037,0.602150537634409,0.698461538461538,0.590266875981162,0.925696594427245,0.574534161490683,0.607535321821036,0.595275590551181,0.6
"778",0.699212598425197,0.68075117370892,0.68167701863354,0.671899529042386,0.687888198757764,0.685758513931889,0.987480438184664,0.677067082683307,0.678018575851393,0.434022257551669,0.679817905918058,0.359447004608295,0.481191222570533,0.67651632970451,0.0015625,0.00155763239875389,0.390769230769231,1,0.66875,0.684210526315789,0.00155763239875389,0.0015600624024961,0.672155688622755,0.489329268292683,0.684684684684685,0.00151285930408472,0.00158982511923688,0.655448717948718,0.690658499234303,0.4546875,0.00153609831029186,0.398763523956723,0.629457364341085,0.0060790273556231,0.337519623233909,0.684887459807074,0.869431643625192,0.672811059907834,0.00150829562594268,0.69079939668175,0.998463901689708,0.998447204968944,0.998484848484849,0.658461538461538,0.67817896389325,0,0.00470957613814757,0.00151975683890578,0.00151057401812689,0.00152439024390244,0.31570996978852,0.6625,0.00153374233128834,0.672307692307692,0.678843226788432,0.173501577287066,0.886115444617785,0.674961119751166,0.683969465648855,0.669767441860465,0.00765696784073507,0,0,0.995384615384615,0.679245283018868,0.683969465648855,0.349378881987578,0.672360248447205,0.396396396396396,0,0.673716012084592,0.0015600624024961,0.00158478605388273,0.711323763955343,0.849462365591398,0.677130044843049,0.0015220700152207,0.00762195121951219,0.675968992248062,0.00158478605388273,0.408874801901743,0.00156494522691706,0.00154798761609907,0.67687595712098,0.00152671755725191,0.66467958271237,0.679012345679012,0.669266770670827,0.678125,1,0.669254658385093,0.665676077265973,0.317901234567901,0.423076923076923,0.683464566929134,0.36793893129771,0.326747720364742,0.68215892053973,0.879936808846761,0.998444790046656,0.687595712098009,0.390697674418605,0.00154083204930663,0.68312101910828,0.0015625,0.675925925925926,0.998444790046656,0.672256097560976,0.00156985871271586,0.0015625,0.00151745068285281,0.688821752265861,0.00306278713629403,0.671274961597542,0.802710843373494,0.6875,0,0.637059724349158,0,0.0015625,0.801526717557252,0.681538461538462,0.00151745068285281,0,0.670750382848392,0.00153846153846154,0.683035714285714,0.689450222882615,0.642748091603053,0.239520958083832,0.670347003154574,0.00154559505409583,0.669242658423493,0.367407407407407,0.665079365079365,0.00151515151515152,1,0,0.621004566210046,0.117088607594937,0.421875,0.406201550387597,0.682170542635659,0.673501577287066,0.00154798761609907,0.679878048780488,0.00148809523809524,0.700310559006211,0.491551459293395,0.672205438066465,0,0.686544342507645,0.672386895475819,0.669781931464174,0.669278996865204,0,0.693623639191291,0.00154798761609907,0.573394495412844,0.665653495440729,0.00153139356814701,0.680722891566265,0.00155038759689922,0.41259842519685,0.676056338028169,0.00156739811912226,0.669172932330827,0.683153013910355,0.665109034267913,0.0121396054628225,0.674772036474164,0,0.673946957878315,0.00154320987654321,0.681458003169572,0.00155038759689922,0.40519877675841,0.696594427244582,0.969404186795491,0.70404984423676,0.677469135802469,0.00156494522691706,0.690658499234303,0.671826625386997,0.673913043478261,0.668202764976959,0.00154083204930663,0,0.671383647798742,0.664615384615385,0.00150829562594268,0.00158982511923688,0.669218989280245,0.76661514683153,0.980712166172107,0.325,0.0015552099533437,0.998466257668712,0.675344563552833,0.00150829562594268,0.6801872074883,0.688449848024316,0.676829268292683,0.00309597523219814,0.00150602409638554,0.00157232704402516,0.67218045112782,0.680817610062893,0.679938744257274,0.332802547770701,0.690140845070423,0.00156985871271586,0.65284178187404,0.0015552099533437,0.00154320987654321,0.564814814814815,0.673946957878315,0.681957186544342,0.665116279069767,0.695718654434251,0.685358255451713,0.357142857142857,0.0015600624024961,0.00152439024390244,0.6797583081571,0.996946564885496,0.674662668665667,0.681681681681682,0.677018633540373,0.683969465648855,0.697492163009404,0.680722891566265,0.308755760368664,0.643712574850299,0.688350983358548,0.00158227848101266,0.6765625,0,0.689393939393939,0.6890625,0.685185185185185,0.664566929133858,0.681159420289855,0.00151975683890578,0.668683812405446,0.195046439628483,0.00155038759689922,0.00151057401812689,0.00156494522691706,0,0.00157728706624606,0.114104595879556,0.0015625,0,0.00150829562594268,0.675265553869499,0.00154320987654321,0.666136724960254,0.998505231689088,0.00152905198776758,0.634036144578313,0,0.669254658385093,0.66304347826087,0.686544342507645,0.585253456221198,0.00153609831029186,0.674174174174174,0.00154798761609907,0.00151057401812689,0,0.00151285930408472,0.998452012383901,0.681114551083591,0.00151745068285281,0,0.669796557120501,0.00156739811912226,0.672754946727549,0.0015220700152207,0.00152439024390244,0.688854489164087,0.675507020280811,0.704097116843703,0.853395061728395,0.663536776212833,0.998444790046656,0.414670658682635,0.0015600624024961,0.677914110429448,0.674454828660436,0.427258805513017,0.00155038759689922,0.0015527950310559,0.670295489891135,0.668224299065421,0.00153139356814701,0.344135802469136,0.302362204724409,0.683881064162754,0.68312101910828,0.00452488687782805,0.668740279937792,0.688988095238095,0.00152671755725191,0.684375,0.693846153846154,0.00151515151515152,0.687598116169545,0.676970633693972,0.67741935483871,0.673846153846154,0.0015552099533437,0.00151057401812689,0,0.690402476780186,0.673343605546995,0.989312977099237,0.00775193798449612,0.673469387755102,0,0.00154798761609907,0.688449848024316,0.665658093797277,0.687022900763359,0.681114551083591,0.674418604651163,0.0015552099533437,0.694444444444444,0.688473520249221,0.437400950871632,0,0.171073094867807,0.00156985871271586,1,0.00152905198776758,0.677611940298507,0.00154559505409583,0.00154083204930663,0.587786259541985,0.00305810397553517,0.67651632970451,0.00151975683890578,0.684044233807267,0.683001531393568,0.68693009118541,0.00155763239875389,0.00149476831091181,0.675465838509317,0.588607594936709,0.393987341772152,0.694099378881988,0,0.00156985871271586,0.00157728706624606,0.676656151419558,0,0.803680981595092,0.00152905198776758,0.0015552099533437,0.00158478605388273,0,0.674347158218126,0.00157232704402516,0.677884615384615,0.664605873261206,0.327639751552795,0.684458398744113,0.0015748031496063,0.66973886328725,0.682228915662651,0.676100628930818,0.00153846153846154,0.685800604229607,0.0015625,0.672619047619048,0.509230769230769,0.674922600619195,0.672985781990521,0.682926829268293,0.0015220700152207,0.675425038639876,0.691943127962085,0.0015600624024961,0.00155038759689922,0.670212765957447,0.682098765432099,0.00154320987654321,0.527439024390244,0.67246835443038,0.675840978593272,0.667687595712098,0.32398753894081,0.0015600624024961,0.70364500792393,0.00153846153846154,0.582689335394127,0.688291139240506,0.998463901689708,0.116385911179173,0.682464454976303,0.675925925925926,1,0.968701095461659,0.0182370820668693,0.671406003159558,0.00152671755725191,0.691950464396285,0.67948717948718,0.0015552099533437,0.670731707317073,0.6828125,0.331804281345566,0,0.674884437596302,0.673813169984686,0,0.688650306748466,0.690363349131122,0,0.667682926829268,0.684292379471229,0.67175572519084,0.663565891472868,0.196923076923077,0.00153374233128834,0.0235478806907378,0.00149476831091181,0.00152671755725191,1,0.00153846153846154,0.00775193798449612,0.00151515151515152,0.576982892690513,0.00473186119873817,0.684210526315789,0.0075642965204236,0.672868217054264,0.00460122699386503,0.406804733727811,0.379362670713202,0.674735249621785,0.682926829268293,0.371517027863777,0.669291338582677,0.998487140695915,0.371340523882897,0.325038880248834,0.68,1,0.686821705426357,0.684782608695652,0.238317757009346,0.672360248447205,0.315384615384615,0.412044374009509,0.680685358255452,0.674698795180723,0.693251533742331,0,0.971935007385524,0.99836867862969,0.675226586102719,0.675507020280811,0.668217054263566,0.00154559505409583,0.66875,0.681957186544342,0.00153139356814701,0.687405159332322,0.0533536585365854,0.435054773082942,0,0.00150375939849624,0.00986842105263158,0.675149700598802,0.397260273972603,0.675757575757576,0.678456591639871,0.68380062305296,0.590704647676162,0.00157728706624606,0.686520376175549,0.00155038759689922,0.6736,0.676190476190476,0,0.677165354330709,0.00148367952522255,0.675265553869499,0,0.00152671755725191,0.671317829457364,1,0.00148588410104012,0.68030303030303,0,0.430124223602484,0,0.505295007564297,0.0015015015015015,0.427682737169518,0.0015527950310559,0.672523961661342,0.0015527950310559,0,0.00154559505409583,0.681957186544342,0.669811320754717,0.678247734138973,0.645833333333333,0.681089743589744,0.688087774294671,0.00157728706624606,0.670278637770898,0.00160771704180064,0,0.677177177177177,0.678125,0.678247734138973,0.611111111111111,0.672230652503794,0,0.00152671755725191,0.671779141104294,0.669767441860465,0.377535101404056,0.409020217729393,0.678018575851393,0.677672955974843,0.00156739811912226,0.686153846153846,0.68133535660091,0.00464396284829721,0.684044233807267,0.684782608695652,0.998452012383901,0.866464339908953,0.685185185185185,0.322533136966127,0.685758513931889,0.672727272727273,0.407914764079148,0.003125,0.682170542635659,0.00154798761609907,0.683881064162754,0.646058732612056,0.681747269890796,0.515933232169954,0.682242990654206,0,0.673813169984686,0.677067082683307,0.667202572347267,0.318731117824773,0.00158982511923688,0.665620094191523,0.682706766917293,1,0.66464339908953,0.00305343511450382,0.0379939209726444,0.00154320987654321,0.680491551459293,0.672754946727549,0.673469387755102,0.420180722891566,0.00156494522691706,0.415503875968992,0.668231611893584,0,0.00151975683890578,0.0273141122913505,0.326086956521739,0.668217054263566,0.631987577639752,0.67427701674277,0.679389312977099,0.00157728706624606,0.00151515151515152,0.5,0.375579598145286,0.0015552099533437,0.0015625,0.00306748466257669,0.314553990610329,0.00153609831029186,0.668174962292609,0.324534161490683,0.0015220700152207,0.667175572519084,0.680555555555556,0.68160741885626,0.00458015267175573,0.00149700598802395,0.356913183279743,0.677811550151976,0.00156985871271586,0.00151057401812689,0.671253822629969,0.687022900763359,0.0030441400304414,0.9984,0.681181959564541,0.684782608695652,0.995319812792512,0.674809160305344,0.00151057401812689,0.68088467614534,0.00152439024390244,0.858858858858859,0.998480243161094,0.105105105105105,0.664624808575804,0.00151745068285281,0.00153374233128834,0.998466257668712,1,0.671802773497689,0.00151515151515152,0.68312101910828,0.00151285930408472,0.690031152647975,0.00152671755725191,0.00156494522691706,0.03125,0.228915662650602,0.00159235668789809,0.0015625,0.995341614906832,0.0015220700152207,0.50402576489533,0.667697063369397,0.333333333333333,0.670229007633588,0.0015600624024961,0.690880989180835,0.332293291731669,0,0.00156985871271586,0.669303797468354,0.391369047619048,0.668693009118541,0.419504643962848,0.0216383307573416,0.667697063369397,0.401206636500754,0.987538940809969,0.681181959564541,0.676923076923077,0.67175572519084,0.00161290322580645,0.370870870870871,0.688253012048193,0.10355486862442,0.423622047244094,0.0242057488653555,0.00153374233128834,0,0.680061823802164,0.664576802507837,0.680445151033386,0.682442748091603,0.681957186544342,0.397321428571429,0.689291101055807,0.998470948012232,0.328888888888889,0.0015220700152207,0.670788253477589,0.689655172413793,0.673076923076923,0.670180722891566,0.409937888198758,0.00152905198776758,0.665144596651446,0.660347551342812,0.665594855305466,0.668217054263566,0.68133535660091,0.686614173228347,0.812883435582822,0.324031007751938,0.673813169984686,0.406441717791411,0.00153846153846154,0.769938650306748,0.673780487804878,0.0704225352112676,0.00161812297734628,0.00153846153846154,0.687692307692308,0.362790697674419,0,0.68693009118541,0.690625,0.0401234567901235,0,0.00155763239875389,0.0015600624024961,0.679389312977099,0,0.00154083204930663,0.106583072100313,0.00155763239875389,0.647239263803681,0.00149476831091181,0.419811320754717,0,0.328197226502311,0.68558282208589,0.40809968847352,0.00154320987654321,0.00152905198776758,0.0062015503875969,0.668711656441718,0.671212121212121,0.673501577287066,0.67530487804878,0.674050632911392,0.670846394984326,0.0141287284144427,0.684615384615385,0.00152905198776758,0,0.287713841368585,1,0.676691729323308,0.682442748091603,0.324734446130501,0.00147492625368732,0.441860465116279,0.662650602409639,0.361240310077519,0.687022900763359,0.673946957878315,0.0015600624024961,0.678018575851393,0.674267100977199,0.322834645669291,0.0958466453674121,0.674074074074074,0.401869158878505,0.429012345679012,0.670261941448382,0.673405909797823,0.694063926940639,0.412673879443586,0.315548780487805,0,0.0996884735202492,0.00151975683890578,0.339449541284404,0.00314465408805031,0.417322834645669,0.679626749611198,0.67244094488189,0.00151975683890578,0.00151285930408472,0.576506955177743,0.00632911392405063,0.00305343511450382,0.00153609831029186,0.68348623853211,0.668202764976959,0.00155763239875389,0.673048600883652,0.318042813455657,0.671339563862928,0.552631578947368,0.695238095238095,0.998468606431853,0.684684684684685,0,0.0015600624024961,0.418711656441718,1,0.667687595712098,0.676425269645609,0.898911353032659,0.588607594936709,0.00156494522691706,0,0.679012345679012,0.00155038759689922,0.598461538461538,0.00158478605388273,0.666167664670659,0.430555555555556,0.662519440124417,0.677018633540373,0,1,0.0015600624024961,0.692551505546751,0.673374613003096,0.00153374233128834,0.00153139356814701,0.00149476831091181,0.553125,0.0015552099533437,0.673405909797823,0.390505359877489,0.664624808575804,0.665071770334928,1,0.961597542242704,0.00158478605388273,0.384615384615385,0.00154559505409583,0.668217054263566,0.668253968253968,0,0.0015527950310559,0.846390168970814,0.677862595419847,0.00151975683890578,0.102290076335878,0.00152439024390244,0.667678300455235,0.807751937984496,0.333848531684699,0,0.00149925037481259,0.00156739811912226,0.00159489633173844,0.00150375939849624,0.706240487062405,0.691358024691358,0,0.8848,1,0.56859756097561,0.998392282958199,0.665634674922601,0.0015552099533437,0.321875,0.00155038759689922,0.00151285930408472,0.104387291981846,0,0.324116743471582,0.00153846153846154,0.00156985871271586,0.0015625,0.00153609831029186
"779",1,1,1,1,1,1,0.693548387096774,1,1,0.0950871632329636,1,0.0455259026687598,0.824367088607595,1,0.323296354992076,0.318037974683544,0.0635658914728682,0.677049180327869,1,1,0.297637795275591,0.317460317460317,1,0.152777777777778,1,0.3375,0.330618892508143,1,1,0.80127186009539,0.314329738058552,0.752336448598131,0.966205837173579,0.318110236220472,0,1,0.534375,1,0.307458143074581,1,0.652037617554859,0.666144200626959,0.682098765432099,1,1,0.331723027375201,0.317683881064163,0.319018404907975,0.3328125,0.337423312883436,0,1,0.323574730354391,1,1,0.508771929824561,0.561014263074485,1,1,1,0.343465045592705,0.328593996840442,0.329652996845426,0.668238993710692,1,1,0.0365079365079365,1,0.054380664652568,0.336363636363636,1,0.32807570977918,0.334920634920635,0.966183574879227,0.506269592476489,1,0.32312404287902,0.34472049689441,1,0.324675324675325,0.0802568218298555,0.340836012861736,0.32967032967033,1,0.344036697247706,1,1,1,1,0.675425038639876,1,1,0.00154798761609907,0.102803738317757,1,0.0442073170731707,0,1,0.555016181229773,0.666139240506329,1,0.0502354788069074,0.315457413249211,1,0.322784810126582,1,0.676056338028169,1,0.321428571428571,0.332283464566929,0.327639751552795,1,0.335413416536661,1,0.47926267281106,1,0.326018808777429,0.290909090909091,0.332822085889571,0.329113924050633,0.471494607087827,0.998442367601246,0.327217125382263,0.323671497584541,1,0.314984709480122,1,1,0.32753164556962,0.549467275494673,1,0.323390894819466,1,0.0419790104947526,1,0.325077399380805,0.659409020217729,0.3328173374613,0.933539412673879,0.436392914653784,0.100313479623824,0.0974842767295598,1,1,0.338050314465409,1,0.323262839879154,1,0.81859756097561,1,0.335987261146497,1,1,1,1,0.340030911901082,1,0.332302936630603,0.260596546310832,1,0.313846153846154,1,0.309748427672956,0.0809968847352025,1,0.324324324324324,1,1,1,0.343260188087774,1,0.340189873417722,1,0.310077519379845,1,0.321766561514196,0.0734375,1,0.6352,1,1,0.321766561514196,1,1,1,1,0.33179012345679,0.317972350230415,1,0.998444790046656,0.333848531684699,0.316211878009631,1,0.448657187993681,0.659670164917541,0,0.326625386996904,0.6671875,1,0.331269349845201,1,0.998463901689708,1,0.333333333333333,0.330232558139535,0.342948717948718,1,1,1,0,1,0.318327974276527,0.976671850699845,0.338118022328549,0.315372424722662,0.750392464678179,1,1,1,1,1,0.0425867507886435,0.325471698113208,0.332307692307692,1,0.667189952904239,1,1,0.998425196850394,0.998425196850394,1,1,0.00153609831029186,0.32093023255814,1,0.320695102685624,1,0.317535545023697,1,1,1,1,1,0.334375,1,0.513556618819777,0.3390625,0.329230769230769,0.327014218009479,0.32967032967033,0.343799058084772,0.434231378763867,0.341085271317829,0.331782945736434,0.324074074074074,1,0.326120556414219,1,0.679389312977099,0.327131782945736,0.310769230769231,0.349529780564263,1,1,1,0.250393700787402,0.31937984496124,1,0.328571428571429,0.339393939393939,0.321144674085851,0.331316187594554,0.678683385579937,1,0.335901386748844,0.324881141045959,1,0.311793214862682,1,0.318818040435459,0.331269349845201,1,1,1,0.531152647975078,1,0.683307332293292,0.0806697108066971,0.326530612244898,1,1,0.0942812982998454,0.33026113671275,0.334920634920635,1,1,0.308755760368664,0.0217054263565891,0,1,1,0.350230414746544,1,1,0.325038880248834,1,1,0.329721362229102,1,1,1,1,0.332814930015552,0.319148936170213,0.345718901453958,1,1,0.659476117103236,0.326018808777429,1,0.327794561933535,0.313291139240506,1,1,0.998442367601246,1,1,0.337060702875399,1,1,0.107717041800643,0.344086021505376,0.505529225908373,0.321656050955414,0.66131621187801,0.330769230769231,1,0.321711568938193,0.347962382445141,0.254290171606864,0.327613104524181,1,0.339939024390244,1,1,1,0.320126782884311,0.332302936630603,0.998454404945904,0.924315619967794,0.0627009646302251,1,0.324492979719189,0.332278481012658,0.322784810126582,1,0.335384615384615,0.467716535433071,0.338983050847458,0.318181818181818,0.325914149443561,0.320634920634921,1,0.329635499207607,1,1,0,1,0.327613104524181,1,1,1,0.334389857369255,1,0.32475884244373,1,0.841444270015699,1,1,1,0.326625386996904,1,1,0.319314641744548,0.32398753894081,1,1,0.32093023255814,0.184615384615385,1,0.9984375,1,0,0.31378763866878,1,0.316692667706708,0.246006389776358,1,0.667701863354037,0.440494590417311,1,1,0.669172932330827,0.695046439628483,0.359937402190923,1,0.332302936630603,1,1,0.34375,1,0.998417721518987,0.00314465408805031,0.33652312599681,1,1,0.32753164556962,1,1,0.322327044025157,0.337519623233909,1,1,1,0.536434108527132,0.318252730109204,0.34493670886076,0.330316742081448,0.34009360374415,0.682034976152623,0.337461300309598,0.335925349922239,0.321538461538462,0.24294670846395,0.324281150159744,1,0.329230769230769,0.998456790123457,0.321875,0.0837138508371385,0.0492307692307692,1,1,0.0377358490566038,1,0.675883256528418,0.0416024653312789,0.00635930047694754,1,0.668740279937792,1,1,0.551505546751189,1,0,0.0759289176090469,1,1,1,0.338072669826224,0.639760837070254,0.679276315789474,0.992260061919505,1,0.985981308411215,0.310769230769231,0.3328173374613,1,0.307936507936508,1,0.373831775700935,0.1,0.316770186335404,0.330769230769231,0.345779220779221,1,0.0770416024653313,1,1,1,0.256172839506173,0.327586206896552,1,0.334920634920635,1,1,0.317829457364341,1,0.33033033033033,1,0.323763955342903,0.332819722650231,1,0.66824644549763,0.322239031770045,1,0.323763955342903,0.7875,0.327245053272451,0.159509202453988,0.333333333333333,0.788309636650869,0.320512820512821,1,0.335403726708075,0.356269113149847,0.305164319248826,1,1,1,0.972536348949919,0.342443729903537,1,0.333333333333333,1,0.329032258064516,0.321646341463415,1,1,1,0.924050632911392,1,0.325,0.333333333333333,1,1,0.0461783439490446,0.0779014308426073,1,1,0.314873417721519,1,1,0.319314641744548,1,1,0.665109034267913,0.529680365296804,1,0,1,1,0.0982839313572543,0.340062111801242,1,0.338557993730408,0.998430141287284,0.965678627145086,0.998432601880878,0.830482115085537,1,0.344051446945338,1,1,1,0,0.321311475409836,1,1,0.660828025477707,1,0.327102803738318,0.375,0.335443037974684,1,1,1,0.0882352941176471,0.331761006289308,0.0856219709208401,0.998420221169036,0.321212121212121,0.313846153846154,0.3609375,0,1,0.958588957055215,1,1,0.333333333333333,0.313455657492355,0.157232704402516,0.0394321766561514,0.331240188383046,0.320251177394035,0.337423312883436,0.00159235668789809,0.318252730109204,1,0,0.325652841781874,1,1,1,0.328682170542636,0.331306990881459,0.0372168284789644,1,0.32753164556962,0.316846986089645,1,1,0.329192546583851,0.687600644122383,1,1,0.682965299684543,1,0.3267776096823,1,0.325545171339564,0.513846153846154,0.662576687116564,0.419790104947526,1,0.309597523219814,0.322932917316693,0.666666666666667,0.662058371735791,1,0.333333333333333,1,0.330289193302892,1,0.32967032967033,0.32018927444795,0.362790697674419,0.543171114599686,0.325984251968504,0.323390894819466,0.656200941915228,0.328725038402458,0.144927536231884,1,0,1,0.302694136291601,1,0,0.32753164556962,0.325508607198748,1,0.0585585585585586,1,0.0828125,0.350931677018634,1,0.0635658914728682,0.655226209048362,1,1,1,0.322422258592471,0.0385802469135802,1,0.434108527131783,0.0932475884244373,0.368663594470046,0.332826747720365,0.326251896813354,1,1,1,1,1,0.0611620795107034,0.995440729483283,0.669266770670827,0.00151285930408472,0.325115562403698,1,1,1,1,0.080188679245283,0.321646341463415,1,1,1,1,1,1,0.480182926829268,0.00158478605388273,1,0.0795107033639144,0.331782945736434,0.439370078740157,1,0.411111111111111,0.319047619047619,0.324031007751938,1,0.0407523510971787,0.331278890600925,1,1,0.389154704944179,0.317757009345794,0.319685039370079,0.333868378812199,0.998461538461539,0.336507936507937,0.327160493827161,0.423380726698262,0.330188679245283,0.973561430793157,0.322678843226788,0.082670906200318,0.335913312693498,0,1,0.0864,0.31875,0.326465927099842,0.323296354992076,1,1,1,1,1,1,0.340764331210191,1,0.325545171339564,0.322847682119205,0.611455108359133,0.666134185303514,1,1,0,0.332317073170732,0.120879120879121,0.998480243161094,0.0343213728549142,1,1,0.322274881516588,1,1,0.631911532385466,0.434146341463415,0.997001499250375,0.081377151799687,0.0952380952380952,1,1,1,0.0856697819314642,0,0.328125,0.433962264150943,0.324159021406728,0,0.339171974522293,0.0857142857142857,1,1,0.328173374613003,0.325077399380805,0.236306729264476,0.338050314465409,0.321592649310873,0.334862385321101,1,1,0.333333333333333,1,0,1,0.218408736349454,1,0.66407465007776,1,0.3203125,0.325949367088608,0.0766823161189358,0.667687595712098,1,1,0.78716744913928,0.900161030595813,0.332805071315372,0.319554848966614,1,0.327586206896552,0.261682242990654,0.330143540669856,1,0.096875,1,1,0.334379905808477,0.666131621187801,0.315705128205128,1,1,0.316279069767442,0.314553990610329,0.326186830015314,0.872611464968153,0.32484076433121,1,0.0544323483670296,1,1,0.67741935483871,0.645211930926217,0.332263242375602,0.0540123456790123,0.334405144694534,1,1,0.321259842519685,0.342271293375394,0.624810892586989,1,0.31832298136646,0.385093167701863,0.313664596273292,0.984567901234568,0.470494417862839,0.00306278713629403,0.314814814814815,0.328267477203647,0.333333333333333,0.317034700315457,0.333333333333333,0.970903522205207,1,0.321875,0.546623794212219,0.673501577287066,0.22884012539185,0.681229773462783,1,0.334883720930233,0.00316455696202532,0.337461300309598,0.325617283950617,0.382126348228043,0.321766561514196,0,0.347222222222222,0.323717948717949,0.33122028526149,0.31619937694704
"780",1,1,1,1,1,1,0.703049759229534,1,1,0.0888529886914378,1,0.0419254658385093,0.815286624203822,1,0.313195548489666,0.309006211180124,0.0600924499229584,0.690322580645161,1,1,0.292721518987342,0.315955766192733,1,0.153605015673981,1,0.325914149443561,0.31629392971246,1,1,0.780645161290323,0.314241486068111,0.734276729559748,0.968503937007874,0.315873015873016,0,1,0.542319749216301,1,0.303680981595092,1,0.665071770334928,0.677115987460815,0.688172043010753,1,1,0.317891373801917,0.32120253164557,0.306625577812018,0.330275229357798,0.327666151468315,0,1,0.315870570107858,1,1,0.505511811023622,0.559241706161137,1,1,1,0.329133858267717,0.320251177394035,0.317034700315457,0.680445151033386,1,1,0.0363349131121643,1,0.0545454545454545,0.316846986089645,1,0.317262830482115,0.32626427406199,0.963258785942492,0.506998444790047,1,0.310664605873261,0.339622641509434,1,0.327922077922078,0.0822368421052632,0.3296,0.331761006289308,1,0.329704510108865,1,1,1,1,0.69375,1,1,0.0015552099533437,0.10061919504644,1,0.0412844036697248,0,1,0.55810147299509,0.680511182108626,1,0.050314465408805,0.311145510835913,1,0.323899371069182,1,0.687402799377916,1,0.325281803542673,0.321766561514196,0.321538461538462,1,0.326498422712934,1,0.48297213622291,1,0.320373250388802,0.288372093023256,0.329268292682927,0.319047619047619,0.473270440251572,0.998417721518987,0.328746177370031,0.318327974276527,1,0.305426356589147,1,1,0.327014218009479,0.540625,1,0.312989045383412,1,0.0364188163884674,1,0.314641744548287,0.67879746835443,0.3265625,0.934169278996865,0.43042071197411,0.0968253968253968,0.0943396226415094,1,1,0.330733229329173,1,0.32375189107413,1,0.811437403400309,1,0.322632423756019,1,1,1,1,0.334394904458599,1,0.317460317460317,0.247678018575851,1,0.324116743471582,1,0.308777429467085,0.0776545166402536,1,0.310177705977383,1,1,1,0.34009360374415,1,0.321656050955414,1,0.314375987361769,1,0.324881141045959,0.0721003134796238,1,0.631663974151858,1,1,0.315112540192926,1,1,1,1,0.325434439178515,0.312307692307692,1,0.998405103668262,0.314241486068111,0.307443365695793,1,0.43701399688958,0.661016949152542,0,0.314873417721519,0.669291338582677,1,0.3296875,1,0.998447204968944,1,0.323390894819466,0.3203125,0.327447833065811,1,1,1,0,1,0.303656597774245,0.976599063962558,0.323151125401929,0.307692307692308,0.746500777604977,1,1,1,1,1,0.0427892234548336,0.317034700315457,0.326530612244898,1,0.678071539657854,1,1,0.998412698412698,0.998435054773083,1,1,0.00464396284829721,0.312307692307692,1,0.313694267515924,1,0.303599374021909,1,1,1,1,1,0.323809523809524,1,0.515248796147673,0.328502415458937,0.329173166926677,0.317460317460317,0.322734499205087,0.329093799682035,0.416393442622951,0.329093799682035,0.32348367029549,0.318818040435459,1,0.317384370015949,1,0.68167701863354,0.317111459968603,0.301223241590214,0.331738437001595,1,1,1,0.245192307692308,0.317111459968603,1,0.319685039370079,0.324159021406728,0.315955766192733,0.3198127925117,0.6875,1,0.322137404580153,0.317610062893082,1,0.29951690821256,1,0.313271604938272,0.318681318681319,1,1,1,0.540284360189573,1,0.681962025316456,0.0748091603053435,0.321875,1,1,0.089922480620155,0.322932917316693,0.322169059011164,1,1,0.308755760368664,0.0220472440944882,0.0032,1,1,0.341576506955178,0.998420221169036,1,0.319018404907975,1,1,0.325471698113208,1,1,1,1,0.328638497652582,0.316436251920123,0.33063209076175,1,1,0.666144200626959,0.312302839116719,1,0.318042813455657,0.304140127388535,1,1,0.998439937597504,1,1,0.319620253164557,1,1,0.105769230769231,0.332822085889571,0.479495268138801,0.3072,0.666141732283465,0.314873417721519,1,0.308306709265176,0.33015873015873,0.247648902821317,0.328173374613003,1,0.327718223583461,1,1,1,0.311501597444089,0.317147192716237,0.998417721518987,0.929853181076672,0.0623003194888179,1,0.314785373608903,0.316957210776545,0.314873417721519,1,0.327188940092166,0.47444089456869,0.326120556414219,0.309148264984227,0.3168,0.309294871794872,1,0.321543408360129,1,1,0,1,0.323854660347551,1,1,1,0.330188679245283,1,0.319488817891374,1,0.848297213622291,1,1,1,0.3171875,1,1,0.311526479750779,0.3198127925117,1,1,0.315873015873016,0.181818181818182,1,0.9984375,1,0,0.313001605136437,1,0.309597523219814,0.2368,1,0.675,0.442040185471406,1,1,0.67420814479638,0.700475435816165,0.355140186915888,1,0.315047021943574,1,1,0.335949764521193,1,0.998430141287284,0.00786163522012579,0.328050713153724,1,1,0.324324324324324,1,1,0.304897314375987,0.331768388106416,1,1,1,0.539657853810264,0.308049535603715,0.348726114649682,0.318042813455657,0.331768388106416,0.68895800933126,0.330745341614907,0.337559429477021,0.320251177394035,0.2375,0.316558441558442,1,0.331782945736434,0.998405103668262,0.322429906542056,0.0763358778625954,0.0450310559006211,1,1,0.0391236306729265,1,0.685670261941448,0.0375,0.0126382306477093,1,0.674454828660436,1,1,0.539808917197452,1,0,0.0680713128038898,1,1,1,0.325,0.640601503759399,0.697411003236246,0.993798449612403,1,0.984447900466563,0.305466237942122,0.332273449920509,1,0.3042071197411,1,0.368503937007874,0.10031847133758,0.305164319248826,0.325077399380805,0.341176470588235,1,0.0705521472392638,1,1,1,0.250769230769231,0.322169059011164,1,0.321316614420063,1,1,0.314329738058552,1,0.328290468986384,1,0.312698412698413,0.329133858267717,1,0.679245283018868,0.317700453857791,1,0.313385826771654,0.759750390015601,0.314329738058552,0.1484375,0.321592649310873,0.775351014040562,0.307941653160454,1,0.328638497652582,0.336405529953917,0.292452830188679,1,1,1,0.969255663430421,0.33993399339934,1,0.321428571428571,1,0.312297734627832,0.324492979719189,1,1,1,0.924409448818898,1,0.307453416149068,0.326086956521739,1,1,0.0415335463258786,0.0740740740740741,1,1,0.311708860759494,1,1,0.314873417721519,1,1,0.67651632970451,0.525835866261398,1,0,1,1,0.0944272445820433,0.320813771517997,1,0.326018808777429,0.998459167950693,0.966772151898734,0.998430141287284,0.827856025039124,1,0.331715210355987,1,1,1,0,0.309562398703404,1,1,0.668769716088328,1,0.31974921630094,0.352850539291217,0.319938176197836,1,1,1,0.086687306501548,0.320126782884311,0.086038961038961,0.998405103668262,0.309968847352025,0.309597523219814,0.350850077279753,0,1,0.960815047021944,1,1,0.333333333333333,0.304545454545455,0.150159744408946,0.0392464678178964,0.3140625,0.306501547987616,0.330218068535826,0.00161812297734628,0.30829420970266,1,0,0.321538461538462,1,1,1,0.320251177394035,0.325153374233129,0.0358890701468189,1,0.316037735849057,0.314728682170543,1,1,0.313880126182965,0.691680261011419,1,1,0.685483870967742,1,0.311349693251534,1,0.315541601255887,0.52241112828439,0.672811059907834,0.403374233128834,1,0.296923076923077,0.316279069767442,0.675548589341693,0.666666666666667,1,0.31937984496124,1,0.326315789473684,1,0.316957210776545,0.314873417721519,0.355555555555556,0.525,0.328525641025641,0.316720257234727,0.654574132492114,0.316692667706708,0.144012944983819,1,0,1,0.295238095238095,1,0,0.321316614420063,0.322834645669291,1,0.057315233785822,1,0.0817307692307692,0.325949367088608,1,0.0601851851851852,0.666144200626959,1,1,1,0.308319738988581,0.0356037151702786,1,0.438271604938272,0.0928,0.363076923076923,0.325508607198748,0.328197226502311,1,1,1,1,1,0.0590015128593041,0.996889580093313,0.674491392801252,0.0045045045045045,0.322932917316693,1,1,1,1,0.0818897637795276,0.317901234567901,1,1,1,1,1,1,0.487616099071207,0.00158982511923688,1,0.0760869565217391,0.31974921630094,0.421630094043887,1,0.406050955414013,0.316309719934102,0.318611987381703,1,0.0359937402190923,0.324574961360124,1,1,0.3792,0.318042813455657,0.313084112149533,0.313880126182965,0.998447204968944,0.332263242375602,0.316692667706708,0.414673046251994,0.319182389937107,0.978328173374613,0.30781010719755,0.0798722044728434,0.327073552425665,0,1,0.0830670926517572,0.307692307692308,0.319620253164557,0.318611987381703,1,1,1,1,1,1,0.336012861736334,1,0.3125,0.326633165829146,0.609034267912773,0.67879746835443,1,1,0,0.321212121212121,0.114599686028257,0.998468606431853,0.0332805071315372,1,1,0.316639741518578,1,1,0.614767255216693,0.412151067323481,0.995529061102832,0.0748407643312102,0.0909090909090909,1,1,1,0.0816326530612245,0,0.31937984496124,0.427444794952681,0.322678843226788,0,0.328548644338118,0.0829268292682927,1,1,0.325115562403698,0.312693498452012,0.238170347003155,0.334394904458599,0.31974921630094,0.325,1,1,0.321259842519685,1,0,1,0.209779179810726,1,0.673015873015873,1,0.313971742543171,0.307568438003221,0.0715396578538103,0.676425269645609,1,1,0.788121990369181,0.894822006472492,0.3216,0.3232,1,0.321372854914197,0.246422893481717,0.322115384615385,1,0.0972222222222222,1,1,0.320126782884311,0.678972712680578,0.306089743589744,1,1,0.315467075038285,0.303738317757009,0.317411402157165,0.8592,0.315372424722662,1,0.0527950310559006,1,1,0.696456086286595,0.647058823529412,0.322899505766063,0.0529595015576324,0.324281150159744,1,1,0.307570977917981,0.33122028526149,0.626959247648903,1,0.311627906976744,0.378670788253478,0.313664596273292,0.982919254658385,0.467845659163987,0.00467289719626168,0.3171875,0.322678843226788,0.333333333333333,0.320063694267516,0.31651376146789,0.975460122699387,1,0.315047021943574,0.550819672131148,0.68312101910828,0.227629513343799,0.685667752442997,1,0.320634920634921,0.00314465408805031,0.332283464566929,0.312796208530806,0.361067503924647,0.324409448818898,0,0.336990595611285,0.323624595469256,0.334389857369255,0.314375987361769
"781",0.802287581699346,0.795348837209302,0.795562599049128,0.775641025641026,0.791139240506329,0.809148264984227,0.925039872408293,0.787638668779715,0.797169811320755,0.323151125401929,0.792048929663609,0.248833592534992,0.59967845659164,0.789889415481833,0.0984126984126984,0.0996884735202492,0.269890795631825,0.901453957996769,0.784810126582278,0.792452830188679,0.0924764890282132,0.089622641509434,0.7890625,0.374223602484472,0.791090629800307,0.0978260869565217,0.106969205834684,0.771144278606965,0.786363636363636,0.585874799357945,0.105678233438486,0.506230529595016,0.742236024844721,0.0993589743589744,0.215873015873016,0.7893864013267,0.76049766718507,0.786707882534776,0.0910493827160494,0.792248062015504,0.896389324960754,0.906103286384977,0.902476780185758,0.78343949044586,0.78743961352657,0.102439024390244,0.096,0.103235747303544,0.106811145510836,0.098613251155624,0.19751166407465,0.79153605015674,0.102964118564743,0.781499202551834,0.793427230046948,0.272,0.7696,0.788401253918495,0.791666666666667,0.784469096671949,0.117004680187207,0.105845181674566,0.0993690851735016,0.892575039494471,0.790322580645161,0.79304897314376,0.242472266244057,0.781055900621118,0.264296754250386,0.106153846153846,0.787692307692308,0.101910828025478,0.103392568659128,0.824476650563607,0.737421383647799,0.795731707317073,0.101246105919003,0.108864696734059,0.78416149068323,0.106969205834684,0.280645161290323,0.109149277688604,0.104430379746835,0.78416149068323,0.114678899082569,0.783866057838661,0.78594249201278,0.781645569620253,0.793103448275862,0.909509202453988,0.780410742496051,0.789312977099237,0.211598746081505,0.30829420970266,0.8048,0.255742725880551,0.205607476635514,0.787267080745342,0.780844155844156,0.901929260450161,0.7952,0.267405063291139,0.0985915492957746,0.795454545454545,0.106109324758842,0.778471138845554,0.902325581395349,0.7953125,0.0899053627760252,0.102643856920684,0.0924764890282132,0.793375394321767,0.101105845181675,0.792452830188679,0.68798751950078,0.800604229607251,0.100787401574803,0.519623233908948,0.103076923076923,0.101910828025478,0.702160493827161,0.798107255520505,0.1046875,0.0947030497592295,0.782608695652174,0.0926216640502355,0.793984962406015,0.797564687975647,0.533858267716535,0.336391437308869,0.78343949044586,0.0982839313572543,0.775316455696203,0.258015267175572,0.777777777777778,0.0995405819295559,0.896923076923077,0.104851330203443,0.722397476340694,0.213938411669368,0.308426073131955,0.299840510366826,0.797191887675507,0.780487804878049,0.106858054226475,0.794628751974723,0.105263157894737,0.804451510333863,0.608763693270736,0.787786259541985,0.101941747572816,0.792125984251968,0.786499215070644,0.78391167192429,0.788368336025848,0.103174603174603,0.783699059561129,0.0990415335463259,0.466458658346334,0.778294573643411,0.102040816326531,0.788253477588872,0.1,0.294212218649518,0.7872,0.0940032414910859,0.791139240506329,0.78806907378336,0.779714738510301,0.117924528301887,0.784565916398714,0.108452950558214,0.789223454833597,0.093603744149766,0.787682333873582,0.0976,0.290423861852433,0.79595015576324,0.865384615384615,0.80448717948718,0.784929356357928,0.104265402843602,0.789889415481833,0.784810126582278,0.785488958990536,0.7859375,0.100470957613815,0.104776579352851,0.784789644012945,0.78060413354531,0.102803738317757,0.0960912052117264,0.790951638065523,0.665620094191523,0.876899696048632,0.203470031545741,0.103011093502377,0.902668759811617,0.79153605015674,0.0992248062015504,0.78330658105939,0.801857585139319,0.791601866251944,0.101748807631161,0.103875968992248,0.105263157894737,0.787234042553192,0.78921568627451,0.78816199376947,0.201288244766506,0.802547770700637,0.0942492012779553,0.763322884012539,0.0990566037735849,0.0958466453674121,0.641538461538462,0.78330658105939,0.789147286821705,0.783359497645212,0.800632911392405,0.788976377952756,0.2464,0.0998415213946117,0.100156494522692,0.794478527607362,0.895800933125972,0.786153846153846,0.7947932618683,0.780063291139241,0.797822706065319,0.797488226059655,0.788109756097561,0.218553459119497,0.538221528861154,0.793478260869565,0.108108108108108,0.782958199356913,0.0910493827160494,0.786833855799373,0.792,0.799363057324841,0.784469096671949,0.787096774193548,0.10702875399361,0.775193798449612,0.300940438871473,0.102803738317757,0.0980091883614089,0.0959349593495935,0.0976377952755905,0.101748807631161,0.207006369426752,0.105095541401274,0.0978260869565217,0.0979782270606532,0.787925696594427,0.10625,0.777414075286416,0.901081916537867,0.0993690851735016,0.510046367851623,0.107371794871795,0.782334384858044,0.794585987261146,0.783825816485226,0.478330658105939,0.0917573872472784,0.786936236391913,0.0964630225080386,0.107361963190184,0.10410094637224,0.1015625,0.910094637223975,0.7936,0.0979782270606532,0.101910828025478,0.78783151326053,0.086677367576244,0.787735849056604,0.0984615384615385,0.104265402843602,0.804173354735153,0.783521809369952,0.800940438871473,0.758346581875994,0.786516853932584,0.919937205651491,0.304012345679012,0.0985691573926868,0.789638932496075,0.782193958664547,0.314728682170543,0.0972222222222222,0.102564102564103,0.783739837398374,0.780410742496051,0.0904836193447738,0.241433021806854,0.206677265500795,0.8048,0.782608695652174,0.118012422360248,0.786392405063291,0.798780487804878,0.0982839313572543,0.7981220657277,0.795981452859351,0.100313479623824,0.797147385103011,0.787974683544304,0.786729857819905,0.785488958990536,0.105845181674566,0.100456621004566,0.104928457869634,0.792393026941363,0.777777777777778,0.894080996884735,0.0984126984126984,0.788461538461538,0.100917431192661,0.0977917981072555,0.787596899224806,0.774494556765163,0.795918367346939,0.784037558685446,0.78328173374613,0.0993589743589744,0.804381846635368,0.791344667697063,0.319935691318328,0.111455108359133,0.2608,0.103225806451613,0.907378335949764,0.105263157894737,0.785493827160494,0.0962145110410095,0.109324758842444,0.477726574500768,0.105100463678516,0.789727126805779,0.106544901065449,0.782131661442006,0.796208530805687,0.797805642633229,0.0995260663507109,0.103715170278638,0.79153605015674,0.714521452145215,0.278041074249605,0.796445880452342,0.105590062111801,0.0985691573926868,0.0843949044585987,0.785483870967742,0.0973724884080371,0.685271317829457,0.102643856920684,0.103125,0.0898876404494382,0.104851330203443,0.783489096573209,0.104761904761905,0.793159609120521,0.78391167192429,0.219047619047619,0.800970873786408,0.101105845181675,0.78816199376947,0.785824345146379,0.793548387096774,0.106349206349206,0.795107033639144,0.101426307448494,0.791987673343606,0.617322834645669,0.785150078988942,0.776357827476038,0.794117647058823,0.0848765432098765,0.784440842787682,0.806962025316456,0.0995334370139969,0.102362204724409,0.781395348837209,0.793375394321767,0.0965189873417722,0.398148148148148,0.7856,0.774447949526814,0.786163522012579,0.209779179810726,0.101426307448494,0.803542673107891,0.0943396226415094,0.470113085621971,0.786624203821656,0.902668759811617,0.216923076923077,0.79126213592233,0.795031055900621,0.898638426626324,0.931034482758621,0.117647058823529,0.786604361370717,0.103503184713376,0.798412698412698,0.795081967213115,0.103448275862069,0.783742331288344,0.794303797468354,0.220095693779904,0.10377358490566,0.794912559618442,0.7921875,0.102848101265823,0.801242236024845,0.791190864600326,0.0939490445859873,0.539781591263651,0.785381026438569,0.791021671826625,0.782472613458529,0.311526479750779,0.0979462875197472,0.126382306477093,0.0989345509893455,0.0984375,0.913738019169329,0.1,0.1078125,0.0981012658227848,0.470588235294118,0.104333868378812,0.795348837209302,0.110260336906585,0.780952380952381,0.0996835443037975,0.289393939393939,0.257763975155279,0.791476407914764,0.797527047913447,0.2515625,0.78343949044586,0.906396255850234,0.25,0.20450885668277,0.78783151326053,0.902668759811617,0.802197802197802,0.792063492063492,0.3312,0.782677165354331,0.1921875,0.298869143780291,0.785714285714286,0.787925696594427,0.801574803149606,0.1046875,0.871449925261584,0.902597402597403,0.795631825273011,0.771875,0.76813880126183,0.0946372239747634,0.546623794212219,0.78516228748068,0.0894568690095847,0.788491446345257,0.15689381933439,0.309904153354633,0.0913385826771654,0.0953846153846154,0.109120521172638,0.787365177195686,0.291411042944785,0.792626728110599,0.790064102564103,0.787878787878788,0.472136222910217,0.107765451664025,0.7888,0.107594936708861,0.798387096774194,0.786644951140065,0.0951638065522621,0.797734627831715,0.103395061728395,0.793478260869565,0.10459587955626,0.10207336523126,0.779503105590062,0.905660377358491,0.105426356589147,0.782945736434108,0.0993589743589744,0.538819875776398,0.0990712074303406,0.393518518518519,0.0896656534954407,0.546165884194053,0.103059581320451,0.778135048231511,0.106349206349206,0.101851851851852,0.0885093167701863,0.78125,0.7824,0.790769230769231,0.752427184466019,0.56957928802589,0.796529968454259,0.0980392156862745,0.774960380348653,0.103333333333333,0.100763358778626,0.769230769230769,0.784911717495987,0.8,0.722044728434505,0.783616692426584,0.0939907550077042,0.102643856920684,0.787596899224806,0.786283891547049,0.25974025974026,0.297427652733119,0.791344667697063,0.794212218649518,0.0920634920634921,0.78783151326053,0.790123456790123,0.104928457869634,0.788617886178862,0.794992175273865,0.913793103448276,0.761102603369066,0.790880503144654,0.210687022900763,0.789137380191693,0.788491446345257,0.303076923076923,0.104037267080745,0.797752808988764,0.0965189873417722,0.795918367346939,0.755134281200632,0.788888888888889,0.631987577639752,0.787878787878788,0.102564102564103,0.791925465838509,0.781299524564184,0.778491171749599,0.202786377708978,0.0998363338788871,0.787638668779715,0.783489096573209,0.898089171974522,0.782270606531882,0.102523659305994,0.140243902439024,0.103668261562998,0.783018867924528,0.78516228748068,0.796825396825397,0.299689440993789,0.0988835725677831,0.306451612903226,0.776527331189711,0.10061919504644,0.0876369327073552,0.135093167701863,0.211356466876972,0.781645569620253,0.744444444444444,0.777604976671851,0.786936236391913,0.107667210440457,0.100308641975309,0.369668246445498,0.253943217665615,0.103011093502377,0.0984126984126984,0.103235747303544,0.188102893890675,0.0909090909090909,0.777947932618683,0.214953271028037,0.102325581395349,0.784251968503937,0.787974683544304,0.79179810725552,0.100931677018634,0.104454685099846,0.25,0.788553259141494,0.10952380952381,0.0916149068322981,0.784251968503937,0.793798449612403,0.0967238689547582,0.904761904761905,0.798732171156894,0.786624203821656,0.901898734177215,0.784615384615385,0.102290076335878,0.80448717948718,0.0953125,0.753125,0.896284829721362,0.203647416413374,0.777777777777778,0.0920436817472699,0.0921875,0.910077519379845,0.894245723172628,0.780063291139241,0.0964230171073095,0.793831168831169,0.107361963190184,0.787539936102236,0.1,0.0990415335463259,0.127760252365931,0.327217125382263,0.098546042003231,0.0875796178343949,0.897674418604651,0.105590062111801,0.384488448844884,0.783094098883573,0.216589861751152,0.779160186625194,0.0890302066772655,0.80188679245283,0.205651491365777,0.0950871632329636,0.107765451664025,0.781553398058252,0.262595419847328,0.78125,0.3,0.123244929797192,0.783570300157978,0.282608695652174,0.889408099688474,0.785266457680251,0.789719626168224,0.779320987654321,0.100813008130081,0.250381679389313,0.797527047913447,0.215873015873016,0.311605723370429,0.130970724191063,0.0965732087227414,0.105990783410138,0.793103448275862,0.785829307568438,0.800653594771242,0.79375,0.806299212598425,0.266871165644172,0.795031055900621,0.909516380655226,0.218045112781955,0.10641627543036,0.783570300157978,0.794585987261146,0.788368336025848,0.787692307692308,0.29559748427673,0.0996932515337423,0.781931464174455,0.771565495207668,0.771986970684039,0.789556962025316,0.793798449612403,0.802861685214626,0.697674418604651,0.207792207792208,0.786283891547049,0.290123456790123,0.107765451664025,0.655172413793103,0.789889415481833,0.182552504038772,0.098705501618123,0.0828125,0.783359497645212,0.250783699059561,0.0923317683881064,0.793103448275862,0.799684542586751,0.150882825040128,0.0893416927899686,0.088785046728972,0.099025974025974,0.795031055900621,0.0992,0.101404056162246,0.199059561128527,0.095389507154213,0.7625,0.0967741935483871,0.295161290322581,0.101105845181675,0.213728549141966,0.78525641025641,0.3024,0.0930599369085174,0.101612903225806,0.107544141252006,0.782608695652174,0.777080062794348,0.789559543230016,0.790625,0.785016286644951,0.786516853932584,0.118210862619808,0.789719626168224,0.102848101265823,0.0965058236272879,0.391575663026521,0.903174603174603,0.787461773700306,0.788491446345257,0.208398133748056,0.0938461538461538,0.33122028526149,0.788990825688073,0.244094488188976,0.789889415481833,0.794830371567044,0.100478468899522,0.794871794871795,0.795379537953795,0.413629160063391,0.197712418300654,0.789393939393939,0.284329563812601,0.305111821086262,0.779342723004695,0.796474358974359,0.797169811320755,0.294770206022187,0.202830188679245,0.10061919504644,0.203470031545741,0.101226993865031,0.214175654853621,0.104669887278583,0.302250803858521,0.786271450858034,0.791599353796446,0.108695652173913,0.0982839313572543,0.455414012738854,0.110223642172524,0.104776579352851,0.10641627543036,0.799373040752351,0.799373040752351,0.0964630225080386,0.785714285714286,0.208333333333333,0.781990521327014,0.427892234548336,0.803542673107891,0.901098901098901,0.792890262751159,0.0968253968253968,0.104838709677419,0.293563579277865,0.898911353032659,0.78716744913928,0.788121990369181,1,0.688925081433225,0.102893890675241,0.0949367088607595,0.7890625,0.101404056162246,0.482200647249191,0.099025974025974,0.782805429864253,0.299065420560748,0.780410742496051,0.787066246056782,0.0984375,0.915064102564103,0.0979133226324237,0.804918032786885,0.790297339593114,0.0930599369085174,0.0907668231611894,0.107361963190184,0.660771704180064,0.104928457869634,0.794071762870515,0.273425499231951,0.785150078988942,0.782258064516129,0.906396255850234,0.864566929133858,0.108239095315024,0.263736263736264,0.102685624012638,0.781102362204724,0.789303079416532,0.0935023771790808,0.1008,0.807692307692308,0.79375,0.0980091883614089,0.194144838212635,0.0957613814756672,0.780337941628264,0.703821656050955,0.214285714285714,0.0917573872472784,0.0975232198142415,0.101910828025478,0.0926517571884984,0.101538461538462,0.821596244131455,0.80127186009539,0.10410094637224,0.770226537216828,0.89622641509434,0.455246913580247,0.905228758169935,0.79140127388535,0.105919003115265,0.219242902208202,0.104199066874028,0.0978260869565217,0.215748031496063,0.0984126984126984,0.205837173579109,0.10377358490566,0.1008,0.096,0.103610675039246
"782",0.889072847682119,0.892455858747994,0.896940418679549,0.895765472312704,0.893030794165316,0.900813008130081,0.608196721311475,0.883495145631068,0.901587301587302,0.201331114808652,0.898876404494382,0.160194174757282,0.705592105263158,0.89413680781759,0.419773095623987,0.393203883495146,0.177672955974843,0.603015075376884,0.897394136807818,0.903908794788274,0.386837881219904,0.419773095623987,0.90521327014218,0.2656,0.903328050713154,0.431061806656101,0.423645320197044,0.903878583473862,0.900958466453674,0.6996699669967,0.418679549114332,0.632165605095541,0.862681744749596,0.418831168831169,0.102141680395387,0.894017094017094,0.601626016260163,0.901116427432217,0.400630914826498,0.902668759811617,0.581320450885668,0.587579617834395,0.593700787401575,0.892739273927393,0.888341543513957,0.419568822553897,0.402912621359223,0.393364928909953,0.426731078904992,0.43042071197411,0.109500805152979,0.902640264026403,0.415605095541401,0.896103896103896,0.889067524115756,0.468646864686469,0.600326264274062,0.896607431340872,0.896774193548387,0.899186991869919,0.423566878980892,0.41042345276873,0.417207792207792,0.59349593495935,0.906666666666667,0.892575039494471,0.154351395730706,0.897727272727273,0.16304347826087,0.410742496050553,0.899521531100478,0.4128,0.421666666666667,0.869127516778524,0.583601286173633,0.90077519379845,0.409017713365539,0.423380726698262,0.896496815286624,0.414593698175788,0.208754208754209,0.416666666666667,0.423701298701299,0.89297124600639,0.428802588996764,0.888540031397174,0.895934959349593,0.887640449438202,0.881967213114754,0.588045234248788,0.901315789473684,0.905511811023622,0.111290322580645,0.218649517684887,0.891447368421053,0.155038759689922,0.101941747572816,0.889952153110048,0.591973244147157,0.577557755775578,0.890499194847021,0.165845648604269,0.412828947368421,0.894824707846411,0.413680781758958,0.891056910569106,0.59775641025641,0.891935483870968,0.415584415584416,0.422512234910277,0.40453074433657,0.888168557536467,0.414910858995138,0.895161290322581,0.586921850079745,0.897832817337461,0.395498392282958,0.408,0.422360248447205,0.419249592169657,0.564516129032258,0.892628205128205,0.420634920634921,0.411475409836066,0.904761904761905,0.403225806451613,0.896551724137931,0.904238618524333,0.430622009569378,0.645468998410175,0.892436974789916,0.420792079207921,0.907766990291262,0.151181102362205,0.906821963394343,0.411483253588517,0.577170418006431,0.426751592356688,0.823338735818476,0.536544850498339,0.20949263502455,0.210873146622735,0.894651539708266,0.900332225913621,0.414790996784566,0.898222940226171,0.407751937984496,0.891410048622366,0.695238095238095,0.89622641509434,0.418604651162791,0.89672131147541,0.901960784313726,0.909688013136289,0.886217948717949,0.418300653594771,0.897106109324759,0.425566343042071,0.358161648177496,0.898713826366559,0.41025641025641,0.90521327014218,0.403877221324717,0.192495921696574,0.903814262023217,0.400656814449918,0.90453074433657,0.897151898734177,0.90359477124183,0.438202247191011,0.892282958199357,0.417763157894737,0.893030794165316,0.399678972712681,0.884745762711864,0.415584415584416,0.184466019417476,0.898858075040783,0.587646076794658,0.884552845528455,0.89873417721519,0.420195439739414,0.891233766233766,0.902960526315789,0.903069466882068,0.904912836767036,0.428571428571429,0.405103668261563,0.895522388059702,0.880952380952381,0.420722135007849,0.415973377703827,0.886914378029079,0.518225039619651,0.587692307692308,0.105939004815409,0.413078149920255,0.59771986970684,0.887459807073955,0.419303797468354,0.900662251655629,0.896875,0.891233766233766,0.415458937198068,0.422222222222222,0.423140495867769,0.900473933649289,0.897822445561139,0.890145395799677,0.0965630114566285,0.901453957996769,0.402298850574713,0.865912762520194,0.417207792207792,0.399022801302932,0.846278317152104,0.902439024390244,0.895498392282958,0.895934959349593,0.893890675241158,0.893203883495146,0.158833063209076,0.417207792207792,0.424050632911392,0.888535031847134,0.58974358974359,0.907086614173228,0.903426791277259,0.904065040650406,0.884430176565008,0.895833333333333,0.887301587301587,0.100158982511924,0.427662957074722,0.891935483870968,0.407528641571195,0.891447368421053,0.387987012987013,0.886731391585761,0.894563426688633,0.893548387096774,0.892156862745098,0.894824707846411,0.415458937198068,0.89047619047619,0.45514950166113,0.421138211382114,0.421974522292994,0.408940397350993,0.413008130081301,0.435562805872757,0.526143790849673,0.424390243902439,0.397456279809221,0.406451612903226,0.905750798722045,0.408130081300813,0.902640264026403,0.589171974522293,0.410596026490066,0.427662957074722,0.422950819672131,0.894308943089431,0.894991922455573,0.898858075040783,0.382207578253707,0.406451612903226,0.901612903225806,0.416260162601626,0.4203125,0.40194489465154,0.42515923566879,0.595432300163132,0.895934959349593,0.414556962025316,0.417886178861789,0.890675241157556,0.411861614497529,0.895498392282958,0.406698564593301,0.424,0.892384105960265,0.902960526315789,0.901587301587302,0.604501607717042,0.904220779220779,0.590982286634461,0.197819314641745,0.415584415584416,0.895569620253165,0.89413680781759,0.196232339089482,0.416139240506329,0.409836065573771,0.889816360601002,0.893203883495146,0.39776357827476,0.12987012987013,0.118226600985222,0.890522875816993,0.898858075040783,0.424483306836248,0.902120717781403,0.891679748822606,0.411858974358974,0.897893030794165,0.9,0.413078149920255,0.893964110929853,0.9,0.902086677367576,0.896607431340872,0.42512077294686,0.41588785046729,0.429530201342282,0.892109500805153,0.902597402597403,0.571428571428571,0.407166123778502,0.888888888888889,0.419047619047619,0.409677419354839,0.897314375987362,0.902555910543131,0.893890675241158,0.892915980230643,0.895595432300163,0.414516129032258,0.889967637540453,0.903752039151713,0.220228384991843,0.418789808917197,0.585245901639344,0.407894736842105,0.585644371941272,0.407290015847861,0.899068322981366,0.410339256865913,0.426494345718901,0.375394321766562,0.419871794871795,0.90359477124183,0.424528301886792,0.894563426688633,0.893203883495146,0.884615384615385,0.407108239095315,0.420472440944882,0.901134521880065,0.830564784053156,0.160714285714286,0.888529886914378,0.409888357256778,0.411960132890365,0.406976744186047,0.885993485342019,0.42215088282504,0.567699836867863,0.416,0.40650406504065,0.411092985318108,0.396006655574043,0.898089171974522,0.416531604538088,0.893220338983051,0.899513776337115,0.112903225806452,0.892384105960265,0.415562913907285,0.905296950240771,0.905063291139241,0.887603305785124,0.419141914191419,0.886970172684458,0.397034596375618,0.898119122257053,0.725274725274725,0.907766990291262,0.891485809682805,0.892455858747994,0.41786283891547,0.896210873146623,0.892739273927393,0.406003159557662,0.416932907348243,0.894991922455573,0.900489396411093,0.41025641025641,0.304278922345483,0.895,0.901612903225806,0.894060995184591,0.0948553054662379,0.402640264026403,0.886699507389163,0.4144,0.351701782820097,0.890522875816993,0.579617834394904,0.442857142857143,0.894039735099338,0.889983579638752,0.587423312883436,0.613268608414239,0.424635332252836,0.901929260450161,0.418152350081037,0.896103896103896,0.888888888888889,0.415857605177994,0.909967845659164,0.885245901639344,0.112,0.414473684210526,0.905537459283388,0.892915980230643,0.410214168039539,0.888529886914378,0.896494156928214,0.389072847682119,0.4384,0.885521885521885,0.897271268057785,0.901771336553945,0.481481481481481,0.4112,0.442088091353997,0.405956112852665,0.417721518987342,0.608196721311475,0.40952380952381,0.431309904153355,0.409967845659164,0.368678629690049,0.418604651162791,0.892234548335975,0.419558359621451,0.899505766062603,0.416932907348243,0.196567862714509,0.166134185303514,0.896988906497623,0.906793048973144,0.141233766233766,0.900813008130081,0.583067092651757,0.143548387096774,0.121311475409836,0.893987341772152,0.593851132686084,0.910130718954248,0.898527004909984,0.667221297836938,0.900158478605388,0.110576923076923,0.181818181818182,0.905537459283388,0.893819334389857,0.8976,0.426446280991736,0.592024539877301,0.587748344370861,0.911811023622047,0.905296950240771,0.868044515103339,0.4032,0.451298701298701,0.885483870967742,0.397372742200328,0.891891891891892,0.407108239095315,0.219512195121951,0.39776357827476,0.416139240506329,0.425423728813559,0.911811023622047,0.186305732484076,0.90894819466248,0.898477157360406,0.888709677419355,0.376190476190476,0.416118421052632,0.891846921797005,0.417618270799347,0.914141414141414,0.898671096345515,0.398412698412698,0.890343698854337,0.422360248447205,0.906349206349206,0.414239482200647,0.412724306688418,0.890127388535032,0.572368421052632,0.401869158878505,0.900481540930979,0.413509060955519,0.700980392156863,0.414012738853503,0.263157894736842,0.421630094043887,0.661264181523501,0.407894736842105,0.894736842105263,0.416,0.428346456692913,0.399676375404531,0.904306220095694,0.892384105960265,0.900158478605388,0.852100840336134,0.451612903225806,0.893719806763285,0.401639344262295,0.893964110929853,0.417637271214642,0.422647527910686,0.906602254428341,0.901453957996769,0.889240506329114,0.805825242718447,0.899841017488076,0.413793103448276,0.417197452229299,0.901929260450161,0.883415435139573,0.161397670549085,0.18801996672213,0.895330112721417,0.891447368421053,0.405891980360065,0.892282958199357,0.903785488958991,0.4185667752443,0.902155887230514,0.903691813804173,0.579967689822294,0.588607594936709,0.888168557536467,0.102964118564743,0.894389438943894,0.897435897435897,0.207606973058637,0.431118314424635,0.892682926829268,0.413570274636511,0.900958466453674,0.855973813420622,0.905996758508914,0.711568938193344,0.907617504051864,0.423529411764706,0.895833333333333,0.901960784313726,0.895522388059702,0.0968253968253968,0.406666666666667,0.903654485049834,0.89589905362776,0.579378068739771,0.890127388535032,0.415185783521809,0.429725363489499,0.412520064205457,0.907915993537964,0.895666131621188,0.896607431340872,0.202551834130782,0.403940886699507,0.198003327787022,0.890343698854337,0.414125200642055,0.401913875598086,0.411003236245955,0.0979133226324237,0.891760904684976,0.842857142857143,0.902555910543131,0.89776357827476,0.413223140495868,0.408945686900958,0.254098360655738,0.150242326332795,0.421900161030596,0.402597402597403,0.424960505529226,0.107084019769357,0.421303656597774,0.892405063291139,0.101806239737274,0.416932907348243,0.888349514563107,0.894563426688633,0.902960526315789,0.410828025477707,0.424960505529226,0.148086522462562,0.894736842105263,0.427168576104746,0.416534181240064,0.890322580645161,0.8944,0.420711974110032,0.602348993288591,0.891410048622366,0.887987012987013,0.598023064250412,0.896661367249603,0.414173228346457,0.900826446280992,0.422764227642276,0.593650793650794,0.577952755905512,0.51496062992126,0.893650793650794,0.389857369255151,0.408940397350993,0.587761674718196,0.5792,0.900990099009901,0.424920127795527,0.9,0.427892234548336,0.885433715220949,0.409235668789809,0.417218543046358,0.416129032258065,0.601910828025478,0.419834710743802,0.404605263157895,0.5712,0.418006430868167,0.254966887417219,0.905629139072848,0.107936507936508,0.891410048622366,0.395498392282958,0.891803278688525,0.102941176470588,0.416393442622951,0.409539473684211,0.908940397350993,0.1625,0.896940418679549,0.191176470588235,0.405228758169935,0.89344262295082,0.169082125603865,0.591935483870968,0.887820512820513,0.897435897435897,0.900974025974026,0.418487394957983,0.148264984227129,0.900158478605388,0.460674157303371,0.206219312602291,0.428346456692913,0.4185303514377,0.426984126984127,0.893964110929853,0.896381578947368,0.892915980230643,0.888,0.900161030595813,0.175548589341693,0.901743264659271,0.590032154340836,0.105590062111801,0.416129032258065,0.890850722311397,0.902120717781403,0.897009966777409,0.89968152866242,0.1984,0.409677419354839,0.901273885350318,0.897226753670473,0.892797319932998,0.907742998352554,0.895833333333333,0.895666131621188,0.578696343402226,0.110197368421053,0.894736842105263,0.195548489666137,0.414826498422713,0.514423076923077,0.900161030595813,0.456168831168831,0.412935323383085,0.405448717948718,0.896381578947368,0.158319870759289,0.405797101449275,0.890850722311397,0.892628205128205,0.421311475409836,0.402555910543131,0.398692810457516,0.425,0.8928,0.417910447761194,0.414556962025316,0.51328903654485,0.420967741935484,0.861685214626391,0.4140625,0.191735537190083,0.424193548387097,0.106750392464678,0.895424836601307,0.194127243066884,0.415692821368948,0.411475409836066,0.417348608837971,0.894568690095847,0.8896,0.89261744966443,0.889776357827476,0.898193760262726,0.899665551839465,0.410385259631491,0.902208201892745,0.410891089108911,0.415652173913043,0.675850891410049,0.584843492586491,0.898251192368839,0.894568690095847,0.103174603174603,0.410742496050553,0.224755700325733,0.89047619047619,0.123397435897436,0.891056910569106,0.894648829431438,0.407224958949097,0.899513776337115,0.896434634974533,0.726094003241491,0.514003294892916,0.890577507598784,0.180921052631579,0.203612479474548,0.899022801302932,0.893092105263158,0.893376413570275,0.191626409017713,0.106687898089172,0.4112,0.458199356913183,0.408945686900958,0.0968253968253968,0.422258592471358,0.197389885807504,0.896440129449838,0.902439024390244,0.421052631578947,0.411669367909238,0.35702479338843,0.422628951747088,0.415748031496063,0.423452768729642,0.892915980230643,0.898858075040783,0.418451400329489,0.8953125,0.109298531810767,0.901134521880065,0.327390599675851,0.887987012987013,0.580385852090032,0.890822784810127,0.40359477124183,0.397689768976898,0.1872,0.588607594936709,0.900161030595813,0.894822006472492,0.688925081433225,1,0.415857605177994,0.409317803660566,0.9024,0.413183279742765,0.373996789727127,0.419463087248322,0.914421553090333,0.212662337662338,0.90032154340836,0.893964110929853,0.415857605177994,0.57799671592775,0.4,0.893864013266998,0.905073649754501,0.40224358974359,0.399678972712681,0.416,0.849673202614379,0.412724306688418,0.892156862745098,0.160194174757282,0.903225806451613,0.903225806451613,0.602272727272727,0.603252032520325,0.421487603305785,0.16260162601626,0.415584415584416,0.901453957996769,0.893092105263158,0.403624382207578,0.415730337078652,0.659777424483307,0.891410048622366,0.410742496050553,0.466876971608833,0.402225755166932,0.882636655948553,0.54071661237785,0.0996784565916399,0.406940063091483,0.414556962025316,0.411290322580645,0.409461663947798,0.417061611374408,0.866028708133971,0.900161030595813,0.409090909090909,0.579638752052545,0.593800978792822,0.357487922705314,0.580536912751678,0.882450331125828,0.4192,0.111295681063123,0.40829346092504,0.409235668789809,0.464516129032258,0.416531604538088,0.103392568659128,0.440514469453376,0.406919275123558,0.415986949429038,0.402912621359223
"783",0.295819935691318,0.311424100156495,0.310236220472441,0.323717948717949,0.311912225705329,0.308176100628931,0.00963081861958266,0.312401883830455,0.318110236220472,0.566284779050736,0.32093023255814,0.645608628659476,0.509646302250804,0.325358851674641,1,1,0.621705426356589,0,0.31637519872814,0.303174603174603,1,1,0.322222222222222,0.521943573667712,0.312307692307692,1,1,0.331707317073171,0.308166409861325,0.521739130434783,1,0.590909090909091,0.363067292644757,0.996805111821086,0.667741935483871,0.316053511705686,0.136942675159236,0.31924882629108,1,0.304012345679012,0.00315457413249211,0,0,0.330112721417069,0.319488817891374,1,0.993650793650794,1,1,1,0.682737169517885,0.326829268292683,1,0.315457413249211,0.312111801242236,0.832,0.115384615384615,0.31629392971246,0.315625,0.315789473684211,0.993808049535604,1,1,0.00635930047694754,0.30718954248366,0.316692667706708,0.655608214849921,0.325732899022801,0.606431852986217,1,0.31974921630094,1,1,0.27823240589198,0.156105100463679,0.31441717791411,1,0.993740219092332,0.321928460342146,1,0.604575163398693,1,1,0.3232,1,0.315068493150685,0.317891373801917,0.32695374800638,0.320126782884311,0,0.322784810126582,0.327769347496206,0.681818181818182,0.584876543209877,0.315533980582524,0.640822784810127,0.678288431061807,0.308661417322835,0.1248,0,0.322327044025157,0.618589743589744,1,0.310965630114566,1,0.316639741518578,0,0.310618066561014,1,1,1,0.301412872841444,0.995319812792512,0.324237560192616,0.201248049921997,0.304281345565749,1,0.373831775700935,1,1,0.193037974683544,0.316118935837246,1,1,0.324960753532182,1,0.317073170731707,0.317683881064163,0.362776025236593,0.767441860465116,0.318770226537217,1,0.330658105939005,0.631987577639752,0.335515548281506,1,0.00156739811912226,1,0.376582278481013,0.891980360065466,0.578525641025641,0.597464342313788,0.312399355877617,0.320450885668277,1,0.317683881064163,1,0.306477093206951,0.49445324881141,0.327131782945736,1,0.309409888357257,0.323248407643312,0.31629392971246,0.32967032967033,1,0.313001605136437,1,0.441497659906396,0.328125,1,0.315950920245399,1,0.594594594594595,0.317741935483871,1,0.322480620155039,0.309375,0.330683624801272,0.989045383411581,0.317965023847377,1,0.322115384615385,1,0.311986863711002,1,0.591194968553459,0.30564263322884,0.0327868852459016,0.2864,0.313572542901716,1,0.302884615384615,0.322784810126582,0.318541996830428,0.328571428571429,1,1,0.327332242225859,0.329704510108865,1,1,0.3198127925117,0.229329173166927,0.0198170731707317,0.684542586750789,1,0.00316455696202532,0.313479623824451,1,0.321027287319422,0.311811023622047,0.313880126182965,0.998425196850394,1,1,0.323664122137405,0.319218241042345,0.3078125,0.674718196457327,0.302694136291601,1,0.329617834394904,1,1,0.435054773082942,0.317965023847377,0.328682170542636,0.315789473684211,0.301261829652997,0.319488817891374,0.640822784810127,1,1,0.321928460342146,0.0047244094488189,0.323943661971831,0.315629742033384,0.320695102685624,0.310452418096724,0.303514376996805,0.319508448540707,0.699530516431925,0.354838709677419,0.310126582278481,1,0.3184,1,0.305295950155763,0.311708860759494,0.308426073131955,0.32484076433121,0.313628899835796,1,0.325508607198748,0.804724409448819,1,1,0.996789727126806,1,1,0.894991922455573,1,1,1,0.313971742543171,1,0.328925619834711,0,1,0.373846153846154,1,0.327390599675851,0.318979266347687,0.313195548489666,0.411764705882353,1,0.324492979719189,1,1,1,1,0,0.315873015873016,1,1,0.311708860759494,1,0.321928460342146,1,1,0.308306709265176,0.318770226537217,0.302694136291601,0.145962732919255,0.331730769230769,0,0.596330275229358,1,0.320493066255778,0.318541996830428,0.583463338533541,1,1,0.32741935483871,0.330658105939005,1,0.650159744408946,0.698387096774194,0.302215189873418,0.322422258592471,0.993836671802773,0.330188679245283,0.306153846153846,1,0.316535433070866,0.310725552050473,1,0.30622009569378,0.318681318681319,0.308411214953271,0.308056872037915,1,1,1,0.307448494453249,0.317965023847377,0.00782472613458529,0.990566037735849,0.328100470957614,1,1,0.309375,0.326594090202177,0.303317535545024,0.31378763866878,0.311912225705329,1,0.305111821086262,0.309677419354839,0.569331158238173,1,0.840510366826156,1,0,1,0.318461538461538,1,1,0.417840375586854,0.998452012383901,0.319870759289176,1,0.312698412698413,0.298904538341158,0.30625,1,1,0.315541601255887,0.398360655737705,0.607717041800643,0.294498381877023,1,1,1,0.32475884244373,1,0.206730769230769,1,1,1,1,0.325471698113208,1,0.322847682119205,0.330696202531646,0.67879746835443,0.307814992025518,1,0.329133858267717,0.314329738058552,0.316045380875203,1,0.304147465437788,1,0.322981366459627,0.472698907956318,0.319620253164557,0.320846905537459,0.31378763866878,1,0.3136,0.312302839116719,1,1,0.319620253164557,0.31619937694704,1,0.479134466769706,0.314102564102564,0.32018927444795,0.333853354134165,0.683464566929134,1,0.302134646962233,1,0.419614147909968,0.309409888357257,0,0.895061728395062,0.314935064935065,0.317891373801917,0,0.0315955766192733,0.9792663476874,0.316957210776545,1,0.311111111111111,0.315960912052117,1,0.326120556414219,0.323809523809524,0.669871794871795,1,0.3248,0.323763955342903,1,0.310452418096724,0.304560260586319,1,0.339089481946625,0.311897106109325,0.325984251968504,0.330143540669856,0.797488226059655,1,0.979397781299525,1,1,0.00159235668789809,1,0.993700787401575,1,0.432907348242812,0.996810207336523,0.310725552050473,0.993817619783617,0.326433121019108,0.995334370139969,0.606153846153846,0.624413145539906,0.317111459968603,0.315132605304212,0.642405063291139,0.315359477124183,0,0.625796178343949,0.681672025723473,0.318818040435459,0.00158982511923688,0.308056872037915,0.316118935837246,0.775862068965517,0.32755905511811,0.683464566929134,0.593800978792822,0.319554848966614,0.317411402157165,0.302839116719243,1,0.0287443267776097,0,0.316998468606432,0.328616352201258,0.337042925278219,1,0.337519623233909,0.316846986089645,1,0.302034428794992,0.94488188976378,0.570502431118314,1,1,0.993299832495812,0.319938176197836,0.610591900311526,0.317411402157165,0.314662273476112,0.311708860759494,0.418856259659969,1,0.313880126182965,1,0.31973898858075,0.324717285945073,1,0.318037974683544,1,0.318840579710145,1,1,0.314814814814815,0,1,0.324031007751938,1,0.560126582278481,1,0.507064364207221,1,0.559241706161137,1,0.31637519872814,1,1,1,0.30952380952381,0.318910256410256,0.317972350230415,0.346153846153846,0.336617405582923,0.2992,1,0.322429906542056,1,1,0.322222222222222,0.319935691318328,0.316436251920123,0.390322580645161,0.320813771517997,1,1,0.331278890600925,0.323671497584541,0.620578778135048,0.593548387096774,0.318910256410256,0.319935691318328,1,0.303937007874016,0.312788906009245,0.996840442338073,0.3,0.310126582278481,0,0.133540372670807,0.318327974276527,0.67687595712098,0.320450885668277,0.312989045383412,0.603395061728395,0.998410174880763,0.30952380952381,1,0.31378763866878,0.349840255591054,0.318037974683544,0.478537360890302,0.313099041533546,1,0.323943661971831,0.315533980582524,0.336025848142165,0.689335394126739,1,0.328502415458937,0.319314641744548,0,0.326120556414219,0.998415213946117,0.95800933125972,1,0.316957210776545,0.315955766192733,0.315873015873016,0.579109062980031,1,0.592891760904685,0.331738437001595,1,1,0.968354430379747,0.676751592356688,0.327476038338658,0.359055118110236,0.3198127925117,0.323899371069182,1,1,0.519292604501608,0.625990491283677,1,1,0.998454404945904,0.69281045751634,1,0.315950920245399,0.674085850556439,1,0.320126782884311,0.318471337579618,0.319554848966614,0.996918335901387,1,0.644951140065147,0.3234375,1,1,0.325508607198748,0.311708860759494,0.998405103668262,0,0.318541996830428,0.313001605136437,0.00631911532385466,0.313664596273292,1,0.308306709265176,1,0.1359375,0,0.904984423676013,0.329153605015674,1,1,0,0.00156739811912226,0.320574162679426,1,0.310569105691057,0.996955859969559,0.307443365695793,1,0.998387096774194,0.963665086887836,0.780907668231612,1,1,0.00475435816164818,1,0.51797385620915,0.331189710610932,0.677672955974843,0.322734499205087,1,0.299679487179487,0.674050632911392,1,1,0.310965630114566,0.61214953271028,0.326656394453005,0.585557299843014,0.974317817014446,0.332273449920509,0.60093896713615,0.012779552715655,0.317034700315457,0.319182389937107,0.323943661971831,1,0.62596599690881,0.303875968992248,0.901273885350318,0.5872,0.968652037617555,1,1,0.309033280507132,0.332242225859247,0.309677419354839,0.316614420062696,0.316614420062696,0.608359133126935,0.307931570762053,0,0.68030303030303,0.998402555910543,0.323943661971831,0.3088,0.312091503267974,0.327639751552795,0.60952380952381,1,0.329738058551618,0.328525641025641,0.337096774193548,0.3232,0.318611987381703,0.309409888357257,0.18989280245023,0.680511182108626,0.325281803542673,0.60625,1,0.231496062992126,0.3171875,0.925324675324675,1,1,0.308681672025723,0.631160572337043,1,0.313178294573643,0.29874213836478,0.955766192733017,1,1,0.99673735725938,0.32120253164557,1,1,0.897106109324759,1,0.353395061728395,1,0.590690208667737,1,0.678955453149002,0.307073954983923,0.604724409448819,1,1,0.992,0.32182103610675,0.3171875,0.328455284552846,0.318252730109204,0.32512315270936,0.322422258592471,0.983739837398374,0.313880126182965,1,1,0.710280373831776,0,0.323854660347551,0.316957210776545,0.680817610062893,1,0.562305295950156,0.322137404580153,0.64968152866242,0.311004784688995,0.323051948051948,1,0.315705128205128,0.315359477124183,0.680645161290323,0.91042345276873,0.323170731707317,0.604166666666667,0.574433656957929,0.320813771517997,0.320907617504052,0.299212598425197,0.601895734597156,0.676470588235294,1,0.906200317965024,1,0.665634674922601,0.9968,0.591639871382637,0.317891373801917,0.322632423756019,1,1,0.429477020602219,0.992,0.996908809891808,1,0.308917197452229,0.328100470957614,1,0.314589665653495,0.680817610062893,0.3328,0.451043338683788,0.303656597774245,0,0.308527131782946,1,1,0.592248062015504,0.00156494522691706,0.332805071315372,0.3216,0.102893890675241,0.415857605177994,1,1,0.311216429699842,1,0.409888357256778,1,0.326687116564417,0.587025316455696,0.328100470957614,0.312302839116719,1,0,1,0.314935064935065,0.325878594249201,1,1,1,0.431746031746032,1,0.330670926517572,0.609105180533752,0.327014218009479,0.323101777059774,0.00157232704402516,0.0430622009569378,1,0.612852664576803,1,0.317535545023697,0.325842696629214,1,1,0.161741835147745,0.311004784688995,1,0.902173913043478,1,0.322274881516588,0.1936,0.667716535433071,1,1,1,1,1,0.293023255813953,0.302066772655008,1,0.124590163934426,0.00161030595813205,0.435612082670906,0,0.323296354992076,1,0.684380032206119,1,1,0.899536321483771,1,0.688473520249221,1,1,1,1
"784",0.296416938110749,0.305111821086262,0.311501597444089,0.32626427406199,0.314606741573034,0.307568438003221,0.0112721417069243,0.318840579710145,0.302694136291601,0.572139303482587,0.313479623824451,0.643312101910828,0.512116316639742,0.316045380875203,1,1,0.625199362041467,0,0.32516339869281,0.308917197452229,1,1,0.312893081761006,0.519047619047619,0.313664596273292,1,1,0.334959349593496,0.31201248049922,0.515248796147673,1,0.584496124031008,0.360501567398119,0.995238095238095,0.668810289389068,0.306291390728477,0.142172523961661,0.31937984496124,1,0.306603773584906,0.0016025641025641,0,0,0.321543408360129,0.308823529411765,1,0.995230524642289,1,1,1,0.691082802547771,0.321428571428571,1,0.315955766192733,0.314102564102564,0.823624595469256,0.119281045751634,0.318471337579618,0.3109375,0.321144674085851,0.995253164556962,1,1,0.00487012987012987,0.313531353135314,0.312698412698413,0.662974683544304,0.324367088607595,0.62111801242236,1,0.32120253164557,1,1,0.266129032258065,0.161904761904762,0.313755795981453,1,0.993730407523511,0.31875,1,0.609271523178808,1,1,0.323899371069182,1,0.316998468606432,0.310789049919485,0.318910256410256,0.314516129032258,0,0.31973898858075,0.314329738058552,0.680817610062893,0.586583463338534,0.320325203252033,0.649068322981366,0.677367576243981,0.31201248049922,0.122349102773246,0,0.315619967793881,0.625796178343949,1,0.30718954248366,1,0.308562197092084,0,0.31629392971246,1,1,1,0.301109350237718,0.996815286624204,0.322632423756019,0.205047318611987,0.313935681470138,1,0.380655226209048,1,1,0.2016,0.311004784688995,1,1,0.335453100158982,1,0.312977099236641,0.307936507936508,0.369529983792545,0.768633540372671,0.316993464052288,1,0.322169059011164,0.641860465116279,0.331147540983607,1,0,1,0.371610845295056,0.885057471264368,0.586921850079745,0.604133545310016,0.3152,0.324590163934426,1,0.306122448979592,1,0.304897314375987,0.496845425867508,0.321766561514196,1,0.305246422893482,0.313291139240506,0.319935691318328,0.326892109500805,1,0.304487179487179,1,0.434294871794872,0.322834645669291,1,0.317901234567901,1,0.599033816425121,0.319354838709677,1,0.314102564102564,0.30829420970266,0.325320512820513,0.988906497622821,0.323151125401929,1,0.320907617504052,1,0.310855263157895,1,0.599364069952305,0.295345104333868,0.0267111853088481,0.289644012944984,0.314785373608903,1,0.303514376996805,0.311501597444089,0.32120253164557,0.328,1,1,0.319148936170213,0.31911532385466,1,1,0.322683706070288,0.238782051282051,0.0169230769230769,0.690590111642743,1,0.00159235668789809,0.310832025117739,1,0.318032786885246,0.299050632911392,0.3125,0.9968,1,1,0.324574961360124,0.311881188118812,0.317034700315457,0.684729064039409,0.295934959349594,1,0.340557275541796,1,1,0.435126582278481,0.318979266347687,0.312401883830455,0.319422150882825,0.296474358974359,0.31378763866878,0.646592709984152,1,1,0.311320754716981,0.0031201248049922,0.320373250388802,0.316614420062696,0.315955766192733,0.31104199066874,0.294975688816856,0.321646341463415,0.702028081123245,0.368916797488226,0.306122448979592,1,0.321543408360129,1,0.307453416149068,0.308064516129032,0.305379746835443,0.322683706070288,0.307817589576547,1,0.321316614420063,0.796774193548387,1,1,0.998355263157895,1,1,0.899022801302932,1,1,1,0.309597523219814,1,0.316666666666667,0,1,0.391912908242613,1,0.319805194805195,0.309677419354839,0.31378763866878,0.422330097087379,1,0.318110236220472,1,1,1,1,0,0.313195548489666,1,1,0.3125,1,0.311216429699842,1,1,0.306089743589744,0.32794830371567,0.295819935691318,0.148562300319489,0.324281150159744,0,0.605828220858896,1,0.317535545023697,0.311290322580645,0.5828125,1,1,0.322899505766063,0.319620253164557,1,0.658105939004815,0.703403565640194,0.302439024390244,0.313531353135314,0.993769470404984,0.3216,0.308282208588957,1,0.30952380952381,0.298107255520505,1,0.3088,0.3168,0.314606741573034,0.319422150882825,1,1,1,0.303030303030303,0.319935691318328,0.00791139240506329,0.991974317817014,0.316045380875203,1,1,0.30298273155416,0.329617834394904,0.306729264475743,0.311501597444089,0.309148264984227,1,0.301765650080257,0.306349206349206,0.566006600660066,1,0.836767036450079,1,0,1,0.320061255742726,1,1,0.419713831478537,0.998420221169036,0.318770226537217,1,0.31139646869984,0.3024,0.299524564183835,1,1,0.316957210776545,0.398671096345515,0.617504051863857,0.296416938110749,1,1,1,0.322422258592471,1,0.208667736757624,1,1,1,1,0.324921135646688,1,0.319467554076539,0.332288401253919,0.678343949044586,0.304918032786885,1,0.320251177394035,0.311526479750779,0.310344827586207,1,0.309968847352025,1,0.325038880248834,0.476725521669342,0.321543408360129,0.324058919803601,0.313880126182965,1,0.312703583061889,0.308823529411765,1,1,0.317384370015949,0.303599374021909,1,0.475513428120063,0.310965630114566,0.325806451612903,0.319685039370079,0.683042789223455,1,0.29016393442623,1,0.428571428571429,0.31139646869984,0,0.878164556962025,0.313953488372093,0.310897435897436,0,0.0208333333333333,0.980645161290323,0.307448494453249,1,0.301458670988655,0.320197044334975,1,0.328050713153724,0.313504823151125,0.676751592356688,1,0.3248,0.317891373801917,1,0.31839258114374,0.31023102310231,1,0.343260188087774,0.314845024469821,0.319620253164557,0.333860759493671,0.794585987261146,1,0.98202614379085,1,1,0,1,0.992101105845182,1,0.433333333333333,0.996742671009772,0.30564263322884,0.992211838006231,0.325769854132901,0.995275590551181,0.612752721617418,0.640822784810127,0.31875,0.308411214953271,0.649762282091918,0.311688311688312,0,0.636217948717949,0.689710610932476,0.316535433070866,0,0.313195548489666,0.304278922345483,0.75974025974026,0.319685039370079,0.691573926868045,0.603588907014682,0.308186195826645,0.318181818181818,0.2944,1,0.0227617602427921,0,0.315372424722662,0.32,0.328548644338118,1,0.3456,0.3136,1,0.302694136291601,0.94408945686901,0.570048309178744,1,1,0.991624790619765,0.319875776397516,0.610328638497653,0.321928460342146,0.305921052631579,0.314785373608903,0.426771653543307,1,0.310064935064935,1,0.312602291325696,0.310064935064935,1,0.317073170731707,1,0.314009661835749,1,1,0.312599681020734,0,1,0.317111459968603,1,0.560747663551402,1,0.503912363067293,1,0.552715654952077,1,0.312602291325696,1,1,1,0.308176100628931,0.32516339869281,0.318952234206472,0.344316309719934,0.327302631578947,0.304897314375987,1,0.323343848580442,1,1,0.325358851674641,0.321782178217822,0.311526479750779,0.382636655948553,0.320754716981132,1,1,0.321144674085851,0.319286871961102,0.631493506493506,0.6016,0.3136,0.313915857605178,1,0.302694136291601,0.314553990610329,0.995192307692308,0.298850574712644,0.3104,0,0.146417445482866,0.314102564102564,0.686453576864536,0.31139646869984,0.319047619047619,0.601895734597156,0.9984,0.310897435897436,1,0.304975922953451,0.3408,0.310897435897436,0.470494417862839,0.317460317460317,1,0.324409448818898,0.321951219512195,0.32520325203252,0.684292379471229,1,0.319218241042345,0.311501597444089,0,0.322115384615385,0.998381877022654,0.951104100946372,1,0.318541996830428,0.317460317460317,0.315024232633279,0.590979782270607,1,0.598373983739837,0.332792207792208,1,1,0.963893249607535,0.679936305732484,0.318840579710145,0.343307086614173,0.315457413249211,0.31875,1,1,0.511217948717949,0.635499207606973,1,1,0.998447204968944,0.696428571428571,1,0.321981424148607,0.685714285714286,1,0.320754716981132,0.314424635332253,0.315705128205128,0.996830427892235,1,0.647727272727273,0.319047619047619,1,1,0.319182389937107,0.307086614173228,0.998427672955975,0,0.311582381729201,0.306089743589744,0.00483091787439614,0.314152410575428,1,0.304918032786885,1,0.149068322981366,0,0.903426791277259,0.321875,1,1,0,0,0.321656050955414,1,0.308823529411765,0.9984375,0.309409888357257,1,0.998381877022654,0.965023847376789,0.771790808240888,1,1,0.00480769230769231,1,0.522240527182867,0.31687898089172,0.672955974842767,0.324534161490683,1,0.30622009569378,0.677725118483412,1,1,0.305,0.626749611197512,0.321144674085851,0.586538461538462,0.974025974025974,0.333863275039746,0.615629984051037,0.0112,0.309562398703404,0.321875,0.317610062893082,1,0.642289348171701,0.308777429467085,0.883942766295707,0.595779220779221,0.965625,1,1,0.314102564102564,0.337096774193548,0.30718954248366,0.312698412698413,0.304897314375987,0.623456790123457,0.296875,0,0.681047765793529,0.998420221169036,0.318979266347687,0.306477093206951,0.320388349514563,0.322378716744914,0.607874015748031,1,0.3234375,0.331715210355987,0.334431630971993,0.3125,0.310126582278481,0.307692307692308,0.190923317683881,0.686591276252019,0.3216,0.602201257861635,1,0.242472266244057,0.3168,0.922204213938412,1,1,0.309791332263242,0.649762282091918,1,0.306349206349206,0.2944,0.951845906902087,1,1,0.998371335504886,0.319047619047619,1,1,0.903536977491961,1,0.34185303514377,1,0.585365853658537,1,0.674961119751166,0.3125,0.600961538461538,1,1,0.992050874403816,0.322378716744914,0.319935691318328,0.321543408360129,0.316045380875203,0.326732673267327,0.314845024469821,0.985436893203884,0.312302839116719,1,1,0.706349206349206,0,0.308777429467085,0.318611987381703,0.682888540031397,1,0.566510172143975,0.326656394453005,0.648648648648649,0.310965630114566,0.314845024469821,1,0.314606741573034,0.318257956448911,0.690671031096563,0.909688013136289,0.32,0.612903225806452,0.587275693311582,0.314375987361769,0.322061191626409,0.29595015576324,0.598387096774194,0.686804451510334,1,0.891891891891892,1,0.666666666666667,0.996774193548387,0.597087378640777,0.311004784688995,0.319286871961102,1,1,0.441269841269841,0.993517017828201,0.996870109546166,1,0.309262166405024,0.316957210776545,1,0.318042813455657,0.685714285714286,0.326229508196721,0.453808752025932,0.297253634894992,0,0.310126582278481,1,1,0.595541401273885,0,0.319554848966614,0.3232,0.0949367088607595,0.409317803660566,1,1,0.310236220472441,1,0.414944356120827,1,0.324615384615385,0.592417061611374,0.319554848966614,0.312803889789303,1,0,1,0.304492512479201,0.313099041533546,1,1,1,0.440650406504065,1,0.319870759289176,0.624605678233438,0.323390894819466,0.327302631578947,0,0.0387096774193548,1,0.629984051036683,1,0.329617834394904,0.322847682119205,1,1,0.153125,0.307814992025518,1,0.900943396226415,1,0.327666151468315,0.205087440381558,0.669316375198728,1,1,1,1,1,0.281446540880503,0.304761904761905,1,0.118226600985222,0,0.44391785150079,0,0.323717948717949,1,0.6848,1,1,0.886970172684458,1,0.69170579029734,1,1,1,1
"785",1,1,1,1,1,1,0.706349206349206,1,1,0.0951612903225806,1,0.0438184663536776,0.819466248037677,1,0.305164319248826,0.297971918876755,0.0624048706240487,0.6875,1,1,0.284389489953632,0.307931570762053,1,0.154446177847114,1,0.326018808777429,0.316211878009631,1,1,0.783521809369952,0.304953560371517,0.724031007751938,0.965996908809892,0.302795031055901,0,1,0.544461778471139,1,0.297014925373134,1,0.673879443585781,0.686153846153846,0.704268292682927,1,1,0.310679611650485,0.307692307692308,0.309923664122137,0.315625,0.32348367029549,0,1,0.311926605504587,1,1,0.490740740740741,0.565625,1,1,1,0.332317073170732,0.307453416149068,0.313195548489666,0.688575899843505,1,1,0.0358255451713396,1,0.0570570570570571,0.32078313253012,1,0.311424100156495,0.314194577352472,0.965571205007825,0.525914634146341,1,0.302848575712144,0.328787878787879,1,0.309677419354839,0.086677367576244,0.324324324324324,0.314728682170543,1,0.332822085889571,1,1,1,1,0.699074074074074,1,1,0.0015527950310559,0.101246105919003,1,0.0455235204855842,0,1,0.5728,0.681889763779528,1,0.0528771384136858,0.301857585139319,1,0.307210031347962,1,0.688473520249221,1,0.308176100628931,0.317683881064163,0.309341500765697,1,0.326687116564417,1,0.50231124807396,1,0.315217391304348,0.30077519379845,0.31859756097561,0.315217391304348,0.485271317829457,0.998444790046656,0.31733746130031,0.310618066561014,1,0.29984544049459,1,1,0.334375,0.534638554216867,1,0.309748427672956,1,0.0424242424242424,1,0.30521472392638,0.680124223602484,0.322085889570552,0.93125,0.429252782193959,0.101246105919003,0.093167701863354,1,1,0.3296875,1,0.314112291350531,1,0.804615384615385,1,0.3232,1,1,1,1,0.333333333333333,1,0.313385826771654,0.259878419452888,1,0.311248073959938,1,0.300623052959502,0.0806962025316456,1,0.30564263322884,1,1,1,0.33026113671275,1,0.327160493827161,1,0.307098765432099,1,0.308527131782946,0.0725308641975309,1,0.64171974522293,1,1,0.307086614173228,1,1,1,1,0.315870570107858,0.30640243902439,1,0.998442367601246,0.312883435582822,0.299840510366826,1,0.453292496171516,0.667168674698795,0,0.314900153609831,0.67175572519084,1,0.314112291350531,1,0.998482549317147,1,0.314152410575428,0.312977099236641,0.317460317460317,1,1,1,0,1,0.301587301587302,0.975384615384615,0.317829457364341,0.303317535545024,0.76036866359447,1,1,1,1,1,0.0434782608695652,0.3109375,0.320552147239264,1,0.691358024691358,1,1,0.998439937597504,0.998459167950693,1,1,0.00461538461538462,0.323664122137405,1,0.310015898251192,1,0.293846153846154,1,1,1,1,1,0.32093023255814,1,0.503125,0.31201248049922,0.315789473684211,0.313385826771654,0.313084112149533,0.322981366459627,0.414944356120827,0.329721362229102,0.316436251920123,0.3078125,1,0.317829457364341,1,0.694189602446483,0.309968847352025,0.320552147239264,0.330173775671406,1,1,1,0.264566929133858,0.303405572755418,1,0.316279069767442,0.318529862174579,0.309968847352025,0.312977099236641,0.682464454976303,1,0.315870570107858,0.313195548489666,1,0.294770206022187,1,0.310136157337368,0.309486780715397,1,1,1,0.546456692913386,1,0.696261682242991,0.081570996978852,0.309375,1,1,0.0963302752293578,0.311248073959938,0.317034700315457,1,1,0.305936073059361,0.0262751159196291,0.00316455696202532,1,1,0.331811263318113,0.998454404945904,1,0.306501547987616,1,1,0.313178294573643,1,1,1,1,0.321259842519685,0.303625377643505,0.325842696629214,1,1,0.675883256528418,0.309859154929577,1,0.314674735249622,0.292834890965732,1,1,0.998480243161094,1,1,0.315625,1,1,0.109350237717908,0.326251896813354,0.48531684698609,0.299373040752351,0.673946957878315,0.311627906976744,1,0.313572542901716,0.332298136645963,0.259659969088099,0.308980213089802,1,0.3202416918429,1,1,1,0.300787401574803,0.316923076923077,0.998468606431853,0.926868044515103,0.060702875399361,1,0.306853582554517,0.317384370015949,0.308176100628931,1,0.318250377073906,0.476708074534161,0.320373250388802,0.304416403785489,0.309748427672956,0.304278922345483,1,0.316535433070866,1,1,0,1,0.31875,1,1,1,0.320063694267516,1,0.301710730948678,1,0.833333333333333,1,1,1,0.313572542901716,1,1,0.30030959752322,0.303125,1,1,0.310452418096724,0.189814814814815,1,0.998442367601246,1,0,0.3140625,1,0.308755760368664,0.253521126760563,1,0.681181959564541,0.427480916030534,1,1,0.682634730538922,0.705047318611987,0.340062111801242,1,0.313664596273292,1,1,0.330203442879499,1,0.998422712933754,0.00925925925925926,0.319938176197836,1,1,0.314873417721519,1,1,0.298887122416534,0.336890243902439,1,1,1,0.52887537993921,0.304482225656878,0.346875,0.306306306306306,0.319444444444444,0.69701726844584,0.323170731707317,0.3265625,0.312693498452012,0.24804992199688,0.319620253164557,1,0.318042813455657,0.998442367601246,0.310240963855422,0.0813253012048193,0.0493827160493827,1,1,0.0385208012326656,1,0.692541856925419,0.0418604651162791,0.0140845070422535,1,0.691833590138675,1,1,0.532915360501567,1,0,0.0717703349282297,1,1,1,0.31911532385466,0.657657657657658,0.695161290322581,0.998466257668712,1,0.98159509202454,0.299689440993789,0.332805071315372,1,0.298107255520505,1,0.361669242658423,0.0987460815047022,0.295839753466872,0.312217194570136,0.325619834710744,1,0.0801815431164902,1,1,1,0.265842349304482,0.311708860759494,1,0.309968847352025,1,1,0.304084720121029,1,0.325337331334333,1,0.312597200622084,0.321875,1,0.686520376175549,0.310030395136778,1,0.302507836990596,0.767692307692308,0.315068493150685,0.157575757575758,0.315629742033384,0.766718506998445,0.298722044728434,1,0.324200913242009,0.331804281345566,0.285493827160494,1,1,1,0.969155844155844,0.336617405582923,1,0.320695102685624,1,0.305057096247961,0.319634703196347,1,1,1,0.917956656346749,1,0.306990881458967,0.316846986089645,1,1,0.0521327014218009,0.0755905511811024,1,1,0.299843014128728,1,1,0.302795031055901,1,1,0.683307332293292,0.542857142857143,1,0,1,1,0.0963302752293578,0.321372854914197,1,0.31839258114374,0.998442367601246,0.965354330708661,0.998449612403101,0.82015503875969,1,0.313821138211382,1,1,1,0,0.313915857605178,1,1,0.684458398744113,1,0.311145510835913,0.351477449455676,0.316923076923077,1,1,1,0.088145896656535,0.31875,0.0873015873015873,0.998442367601246,0.315950920245399,0.298621745788668,0.356037151702786,0,1,0.955725190839695,1,1,0.316614420062696,0.301659125188537,0.15987460815047,0.0421875,0.307332293291732,0.310077519379845,0.326219512195122,0.00159744408945687,0.30781010719755,1,0,0.310872894333844,1,1,1,0.313364055299539,0.317220543806647,0.0326797385620915,1,0.308661417322835,0.302611367127496,1,1,0.309597523219814,0.6976,1,1,0.695859872611465,1,0.304084720121029,1,0.313291139240506,0.539050535987749,0.674809160305344,0.406855439642325,1,0.293759512937595,0.308868501529052,0.685496183206107,0.673813169984686,1,0.318952234206472,1,0.316742081447964,1,0.314375987361769,0.304416403785489,0.3421875,0.521276595744681,0.30952380952381,0.309148264984227,0.671899529042386,0.310769230769231,0.1504,1,0,1,0.298578199052133,1,0,0.311605723370429,0.306962025316456,1,0.0537313432835821,1,0.0838509316770186,0.333858267716535,1,0.0649149922720247,0.677067082683307,1,1,1,0.306603773584906,0.0417956656346749,1,0.420560747663551,0.0934579439252336,0.353566009104704,0.321316614420063,0.326656394453005,1,1,1,1,1,0.0599700149925037,0.996974281391831,0.687311178247734,0.00448430493273543,0.313084112149533,1,1,1,1,0.0825688073394495,0.311728395061728,1,1,1,1,1,1,0.493129770992366,0.00159235668789809,1,0.0816944024205749,0.31875,0.434375,1,0.38740157480315,0.305466237942122,0.312111801242236,1,0.0372670807453416,0.316692667706708,1,1,0.372056514913658,0.305555555555556,0.309375,0.31496062992126,0.998468606431853,0.317535545023697,0.316770186335404,0.410015649452269,0.307453416149068,0.969230769230769,0.307458143074581,0.0836012861736334,0.32093023255814,0,1,0.0864779874213836,0.31104199066874,0.316118935837246,0.309859154929577,1,1,1,1,1,1,0.326984126984127,1,0.309636650868878,0.312913907284768,0.6,0.679304897314376,1,1,0,0.315629742033384,0.119122257053292,0.998482549317147,0.0324574961360124,1,1,0.308917197452229,1,1,0.625796178343949,0.410174880763116,0.997054491899853,0.0792393026941363,0.0946372239747634,1,1,1,0.0838414634146342,0,0.308396946564885,0.417956656346749,0.304675716440422,0,0.313880126182965,0.0870253164556962,1,1,0.319444444444444,0.314728682170543,0.24804992199688,0.33015873015873,0.307926829268293,0.31859756097561,1,1,0.319620253164557,1,0,1,0.220657276995305,1,0.685670261941448,1,0.305084745762712,0.294025157232704,0.0712074303405573,0.679012345679012,1,1,0.7890625,0.9024,0.311216429699842,0.310236220472441,1,0.309486780715397,0.264890282131661,0.312796208530806,1,0.103395061728395,1,1,0.311627906976744,0.691455696202532,0.305111821086262,1,1,0.299236641221374,0.304075235109718,0.317073170731707,0.860353130016051,0.302694136291601,1,0.055045871559633,1,1,0.702786377708978,0.649842271293375,0.320574162679426,0.05,0.329153605015674,1,1,0.29746835443038,0.325038880248834,0.628834355828221,1,0.30640243902439,0.364329268292683,0.303405572755418,0.98468606431853,0.4859375,0.00464396284829721,0.301242236024845,0.319083969465649,0.32398753894081,0.306962025316456,0.304804804804805,0.969230769230769,1,0.306625577812018,0.554140127388535,0.689655172413793,0.239938080495356,0.691419141914191,1,0.31733746130031,0.0031496062992126,0.31875,0.306870229007634,0.353488372093023,0.308777429467085,0,0.332293291731669,0.319182389937107,0.313291139240506,0.309006211180124
"786",0.301612903225806,0.313694267515924,0.31201248049922,0.334415584415584,0.312401883830455,0.303514376996805,0.0128617363344051,0.321259842519685,0.308777429467085,0.563812600969305,0.310452418096724,0.643081761006289,0.537854889589905,0.320126782884311,1,1,0.617283950617284,0,0.319047619047619,0.31496062992126,1,1,0.320987654320988,0.509404388714734,0.308396946564885,1,1,0.338164251207729,0.312883435582822,0.542056074766355,1,0.598736176935229,0.365054602184087,0.99685534591195,0.663446054750403,0.309484193011647,0.121495327102804,0.319875776397516,1,0.309707241910632,0.00312989045383412,0,0,0.319685039370079,0.316639741518578,1,0.996840442338073,1,1,1,0.692913385826772,0.324237560192616,1,0.31937984496124,0.318252730109204,0.829073482428115,0.116316639741519,0.321144674085851,0.315541601255887,0.327503974562798,0.993779160186625,1,1,0.00315457413249211,0.313821138211382,0.313755795981453,0.659270998415214,0.32182103610675,0.615030674846626,1,0.31104199066874,1,1,0.271986970684039,0.144634525660964,0.314842578710645,1,0.998432601880878,0.321928460342146,1,0.597063621533442,1,1,0.324116743471582,1,0.320493066255778,0.308544303797468,0.320695102685624,0.315873015873016,0,0.322222222222222,0.326153846153846,0.686028257456829,0.577160493827161,0.3125,0.640432098765432,0.68798751950078,0.3125,0.107142857142857,0,0.307324840764331,0.614173228346457,1,0.310679611650485,1,0.314873417721519,0,0.322884012539185,1,1,1,0.311424100156495,0.996899224806202,0.323529411764706,0.187888198757764,0.307110438729198,1,0.371517027863777,1,1,0.19811320754717,0.30503144654088,1,1,0.326086956521739,1,0.31306990881459,0.313546423135464,0.360629921259843,0.757387247278383,0.321428571428571,1,0.329093799682035,0.63855421686747,0.32741935483871,1,0.0015748031496063,1,0.380348652931854,0.884552845528455,0.583732057416268,0.586477987421384,0.319685039370079,0.323671497584541,1,0.314814814814815,1,0.2992,0.51875,0.325190839694657,1,0.30829420970266,0.310509554140127,0.319620253164557,0.319620253164557,1,0.307086614173228,1,0.427018633540373,0.322429906542056,1,0.318042813455657,1,0.583067092651757,0.318770226537217,1,0.323943661971831,0.30952380952381,0.327014218009479,0.992272024729521,0.324881141045959,1,0.318037974683544,1,0.316639741518578,1,0.583596214511041,0.298904538341158,0.0289855072463768,0.299050632911392,0.315625,1,0.300319488817891,0.31937984496124,0.310185185185185,0.332302936630603,1,1,0.312599681020734,0.332278481012658,1,1,0.31832298136646,0.23015873015873,0.0182926829268293,0.683881064162754,1,0.00311526479750779,0.310452418096724,1,0.315873015873016,0.312210200927357,0.315047021943574,0.996879875195008,1,1,0.320121951219512,0.308681672025723,0.310185185185185,0.688783570300158,0.300940438871473,1,0.347003154574132,1,1,0.434108527131783,0.315873015873016,0.311627906976744,0.31924882629108,0.300314465408805,0.311501597444089,0.646592709984152,1,1,0.307931570762053,0.00151745068285281,0.32312404287902,0.316998468606432,0.318181818181818,0.309707241910632,0.3056,0.32262996941896,0.698608964451314,0.353395061728395,0.308641975308642,1,0.319554848966614,1,0.303875968992248,0.308681672025723,0.307570977917981,0.334943639291465,0.309904153354633,1,0.326498422712934,0.813186813186813,1,1,0.996835443037975,1,1,0.891585760517799,1,1,1,0.318461538461538,1,0.321951219512195,0,1,0.375579598145286,1,0.323854660347551,0.321766561514196,0.317384370015949,0.414125200642055,1,0.32348367029549,1,1,1,1,0,0.317683881064163,1,1,0.319938176197836,1,0.315950920245399,1,1,0.313099041533546,0.319935691318328,0.300155520995334,0.133858267716535,0.326465927099842,0,0.590361445783133,1,0.314814814814815,0.315286624203822,0.577981651376147,1,1,0.329032258064516,0.330645161290323,1,0.647058823529412,0.695299837925446,0.306089743589744,0.319870759289176,0.995363214837713,0.3296875,0.298003072196621,1,0.309148264984227,0.299843014128728,1,0.305379746835443,0.313385826771654,0.3078125,0.313084112149533,1,1,1,0.303030303030303,0.3232,0.00928792569659443,0.995253164556962,0.321086261980831,1,1,0.309486780715397,0.320668693009119,0.303599374021909,0.322884012539185,0.319314641744548,1,0.301587301587302,0.315873015873016,0.555555555555556,1,0.836767036450079,1,0,1,0.320726172465961,1,1,0.406201550387597,0.998444790046656,0.320967741935484,1,0.304416403785489,0.299843014128728,0.309230769230769,1,1,0.316846986089645,0.402298850574713,0.611464968152866,0.29903536977492,1,1,1,0.317152103559871,1,0.196850393700787,1,1,1,1,0.323076923076923,1,0.317965023847377,0.331775700934579,0.678343949044586,0.301127214170692,1,0.319685039370079,0.318529862174579,0.309677419354839,1,0.308166409861325,1,0.319571865443425,0.496124031007752,0.324451410658307,0.323671497584541,0.309486780715397,1,0.315873015873016,0.311320754716981,1,1,0.322884012539185,0.308426073131955,1,0.474809160305344,0.310177705977383,0.332293291731669,0.321372854914197,0.6828125,1,0.301458670988655,1,0.415625,0.309904153354633,0,0.888036809815951,0.317817014446228,0.320126782884311,0,0.0321543408360129,0.985623003194888,0.31687898089172,1,0.310509554140127,0.313001605136437,1,0.323529411764706,0.319488817891374,0.67246835443038,1,0.317034700315457,0.320695102685624,1,0.317829457364341,0.305246422893482,1,0.328660436137072,0.309294871794872,0.315789473684211,0.33015873015873,0.813374805598756,1,0.977848101265823,1,1,0.00157232704402516,1,0.995268138801262,1,0.420722135007849,0.998417721518987,0.306870229007634,0.995391705069124,0.328571428571429,0.998439937597504,0.595488721804511,0.629513343799058,0.315707620528771,0.308641975308642,0.63166144200627,0.317891373801917,0,0.622670807453416,0.677777777777778,0.31441717791411,0.00156985871271586,0.306709265175719,0.304552590266876,0.761146496815287,0.329192546583851,0.684294871794872,0.584013050570963,0.312302839116719,0.317683881064163,0.303125,1,0.0224550898203593,0,0.315789473684211,0.326498422712934,0.334375,1,0.327014218009479,0.314329738058552,1,0.301972685887709,0.949206349206349,0.571428571428571,1,1,0.996615905245347,0.319018404907975,0.604395604395604,0.32572298325723,0.308441558441558,0.312893081761006,0.406201550387597,1,0.307568438003221,1,0.316129032258064,0.311183144246353,1,0.320388349514563,1,0.326923076923077,1,1,0.316846986089645,0,1,0.316692667706708,1,0.582043343653251,1,0.504587155963303,1,0.571651090342679,1,0.314285714285714,1,1,1,0.316118935837246,0.324324324324324,0.318181818181818,0.34789644012945,0.32300163132137,0.307692307692308,1,0.32967032967033,1,1,0.32398753894081,0.321543408360129,0.311728395061728,0.387247278382582,0.323170731707317,1,1,0.328703703703704,0.3216,0.625,0.583860759493671,0.30952380952381,0.317965023847377,1,0.310452418096724,0.312788906009245,0.993700787401575,0.306320907617504,0.308166409861325,0,0.132398753894081,0.309486780715397,0.678300455235205,0.309375,0.327131782945736,0.587326120556414,0.996860282574568,0.317535545023697,1,0.309148264984227,0.343499197431782,0.311320754716981,0.490595611285266,0.314553990610329,1,0.318611987381703,0.3216,0.328,0.690184049079755,1,0.325806451612903,0.3140625,0,0.320987654320988,0.998447204968944,0.959119496855346,1,0.320987654320988,0.322932917316693,0.32018927444795,0.589393939393939,1,0.585760517799353,0.327476038338658,1,1,0.975155279503106,0.677115987460815,0.336,0.354889589905363,0.312693498452012,0.310664605873261,1,1,0.502407704654896,0.631410256410256,1,1,0.998463901689708,0.698717948717949,1,0.319938176197836,0.68075117370892,1,0.325,0.316037735849057,0.317610062893082,0.998454404945904,1,0.638297872340426,0.326530612244898,1,1,0.317757009345794,0.304347826086957,0.998412698412698,0,0.31687898089172,0.304625199362041,0.00317965023847377,0.313971742543171,1,0.310015898251192,1,0.137071651090343,0,0.897865853658537,0.325984251968504,1,1,0,0.00155763239875389,0.318818040435459,1,0.313915857605178,0.996978851963746,0.309148264984227,1,0.998397435897436,0.970358814352574,0.774844720496894,1,1,0.0015527950310559,1,0.509121061359867,0.327014218009479,0.679012345679012,0.323574730354391,1,0.303125,0.672985781990521,1,1,0.312599681020734,0.612121212121212,0.325153374233129,0.579365079365079,0.976489028213166,0.330173775671406,0.597464342313788,0.00938967136150235,0.313385826771654,0.316770186335404,0.317972350230415,1,0.638198757763975,0.307098765432099,0.896713615023474,0.588235294117647,0.975609756097561,1,1,0.307570977917981,0.333870967741935,0.304897314375987,0.315132605304212,0.310452418096724,0.614088820826952,0.310502283105023,0,0.673163418290855,1,0.322480620155039,0.305993690851735,0.315533980582524,0.311248073959938,0.600311041990669,1,0.3265625,0.330683624801272,0.330097087378641,0.31378763866878,0.315217391304348,0.311004784688995,0.184210526315789,0.676751592356688,0.318110236220472,0.588957055214724,1,0.227987421383648,0.322884012539185,0.935691318327974,1,1,0.312693498452012,0.640822784810127,1,0.31201248049922,0.301916932907348,0.963317384370016,1,1,0.998389694041868,0.315301391035549,1,1,0.8921875,1,0.352220520673813,1,0.584935897435897,1,0.676380368098159,0.309148264984227,0.592823712948518,1,1,0.993720565149137,0.321981424148607,0.326053042121685,0.315024232633279,0.320251177394035,0.32300163132137,0.32475884244373,0.988817891373802,0.310077519379845,1,1,0.719325153374233,0,0.311145510835913,0.318529862174579,0.67741935483871,1,0.559322033898305,0.324574961360124,0.64576802507837,0.318885448916409,0.323481116584565,1,0.309033280507132,0.319870759289176,0.674718196457327,0.90224358974359,0.322289156626506,0.59805510534846,0.573717948717949,0.324960753532182,0.32258064516129,0.302362204724409,0.585557299843014,0.679626749611198,1,0.901253918495298,1,0.671339563862928,0.998425196850394,0.5829307568438,0.313880126182965,0.323763955342903,1,1,0.41820987654321,0.996774193548387,1,1,0.312989045383412,0.325949367088608,1,0.320839580209895,0.681181959564541,0.329635499207607,0.453834115805947,0.299840510366826,0,0.305084745762712,1,1,0.587596899224806,0.00155038759689922,0.327586206896552,0.321372854914197,0.101404056162246,0.413183279742765,1,1,0.309486780715397,1,0.411764705882353,1,0.328808446455505,0.584251968503937,0.326498422712934,0.3184,1,0,1,0.298869143780291,0.320634920634921,1,1,1,0.439873417721519,1,0.324031007751938,0.616923076923077,0.324921135646688,0.318910256410256,0.00157232704402516,0.0330708661417323,1,0.618827160493827,1,0.325471698113208,0.331136738056013,1,1,0.151799687010955,0.308049535603715,1,0.894009216589862,1,0.316279069767442,0.183962264150943,0.676425269645609,1,1,1,1,1,0.285714285714286,0.297805642633229,1,0.1056,0.00159235668789809,0.439178515007899,0,0.323296354992076,1,0.681528662420382,1,1,0.885579937304075,1,0.684782608695652,1,1,1,1
"787",0.2576,0.245222929936306,0.259493670886076,0.244019138755981,0.2484375,0.260869565217391,0.557692307692308,0.260450160771704,0.2703125,0.854632587859425,0.259375,0.8,0.0810372771474878,0.251582278481013,0.423197492163009,0.428794992175274,0.815873015873016,0.580750407830343,0.259026687598116,0.262090483619345,0.431528662420382,0.419871794871795,0.262751159196291,0.922360248447205,0.277016742770167,0.410493827160494,0.415335463258786,0.261788617886179,0.270642201834862,0.137931034482759,0.434439178515008,0.118195956454121,0.224489795918367,0.427892234548336,0.75,0.257281553398058,0.731974921630094,0.242902208201893,0.425925925925926,0.262345679012346,0.60347551342812,0.582802547770701,0.589424572317263,0.238019169329073,0.242857142857143,0.413461538461538,0.416796267496112,0.406727828746177,0.409375,0.405616224648986,0.745709828393136,0.257234726688103,0.424336973478939,0.252747252747253,0.256651017214397,0.2368,0.713365539452496,0.25434439178515,0.281004709576138,0.261829652996845,0.398162327718224,0.409733124018838,0.418897637795276,0.598425196850394,0.252854812398042,0.264797507788162,0.784219001610306,0.252764612954186,0.818873668188737,0.401225114854518,0.2546875,0.4109375,0.403225806451613,0.301765650080257,0.760188087774295,0.254601226993865,0.41588785046729,0.402457757296467,0.251956181533646,0.403225806451613,0.848,0.405362776025237,0.408736349453978,0.262910798122066,0.390092879256966,0.25114854517611,0.267942583732057,0.250793650793651,0.257097791798107,0.57984496124031,0.255591054313099,0.248466257668712,0.749606299212598,0.858255451713396,0.252380952380952,0.794207317073171,0.745709828393136,0.247295208655332,0.711538461538462,0.60031847133758,0.257142857142857,0.814580031695721,0.436420722135008,0.264847512038523,0.412130637636081,0.266773162939297,0.602218700475436,0.264240506329114,0.414012738853503,0.412403100775194,0.397239263803681,0.2625,0.41287284144427,0.254658385093168,0.796610169491525,0.25609756097561,0.40952380952381,0.976635514018692,0.408882082695253,0.417582417582418,0.804107424960506,0.244444444444444,0.416923076923077,0.406148867313916,0.251533742331288,0.425233644859813,0.254545454545455,0.262751159196291,0.9578125,0.637747336377473,0.244732576985413,0.420634920634921,0.2592,0.789554531490015,0.2432,0.412942989214176,0.602825745682888,0.408517350157729,0.188976377952756,0.546191247974068,0.849683544303797,0.84984520123839,0.258785942492013,0.247974068071313,0.413078149920255,0.258970358814353,0.410334346504559,0.26038338658147,0.0962732919254658,0.255813953488372,0.41871921182266,0.249607535321821,0.250778816199377,0.255924170616114,0.260450160771704,0.382306477093207,0.261904761904762,0.3968,0.992199687987519,0.253894080996885,0.427899686520376,0.26,0.429906542056075,0.836276083467095,0.246753246753247,0.412140575079872,0.26530612244898,0.260869565217391,0.265625,0.396604938271605,0.26645264847512,0.407290015847861,0.254372019077901,0.408668730650155,0.248,0.40506329113924,0.828660436137072,0.26038338658147,0.640522875816993,0.252818035426731,0.259720062208398,0.428120063191153,0.255150554675119,0.252336448598131,0.258513931888545,0.258730158730159,0.419003115264797,0.418960244648318,0.247226624405705,0.251162790697674,0.4104134762634,0.430176565008026,0.250783699059561,0.81974921630094,0.601526717557252,0.733974358974359,0.404388714733542,0.595879556259905,0.251552795031056,0.410852713178295,0.259615384615385,0.262345679012346,0.253125,0.413249211356467,0.428134556574924,0.409756097560976,0.257274119448698,0.262321144674086,0.253499222395023,0.758842443729904,0.259493670886076,0.423510466988728,0.242612752721617,0.404153354632588,0.419811320754717,0.52373417721519,0.244479495268139,0.250393700787402,0.246489859594384,0.266982622432859,0.258730158730159,0.786729857819905,0.402843601895735,0.415765069551777,0.26046511627907,0.589939024390244,0.258064516129032,0.262996941896024,0.264752791068581,0.250391236306729,0.270142180094787,0.251134644478064,0.735433070866142,0.95679012345679,0.2642089093702,0.412520064205457,0.241214057507987,0.418096723868955,0.254263565891473,0.248803827751196,0.25,0.242765273311897,0.263665594855305,0.394736842105263,0.267605633802817,0.201892744479495,0.401253918495298,0.404024767801858,0.420382165605096,0.410714285714286,0.409810126582278,0.528180354267311,0.406885758998435,0.406885758998435,0.401869158878505,0.275968992248062,0.400936037441498,0.252019386106624,0.574961360123648,0.409733124018838,0.973561430793157,0.415748031496063,0.256735340729002,0.240829346092504,0.259083728278041,1,0.431528662420382,0.246489859594384,0.408805031446541,0.401854714064915,0.404724409448819,0.406832298136646,0.582802547770701,0.253164556962025,0.412942989214176,0.42332268370607,0.258267716535433,0.42741935483871,0.258859784283513,0.410015649452269,0.425431711145997,0.256,0.246006389776358,0.267605633802817,0.751592356687898,0.242424242424242,0.578616352201258,0.843465045592705,0.4015625,0.262422360248447,0.251192368839428,0.847826086956522,0.412403100775194,0.415458937198068,0.260517799352751,0.255961844197138,0.418351477449456,0.75625,0.74203821656051,0.257234726688103,0.252396166134185,0.407914764079148,0.260596546310832,0.261868300153139,0.416796267496112,0.260530421216849,0.267605633802817,0.407176287051482,0.263910969793323,0.2609375,0.263650546021841,0.252365930599369,0.410459587955626,0.426380368098159,0.41747572815534,0.257410296411856,0.266141732283465,0.5890625,0.413793103448276,0.2464,0.416282642089094,0.431061806656101,0.266666666666667,0.248062015503876,0.252730109204368,0.2574568288854,0.261682242990654,0.416534181240064,0.259615384615385,0.265822784810127,0.855072463768116,0.411214953271028,0.571653543307087,0.425196850393701,0.583465818759936,0.414483821263482,0.265243902439024,0.425867507886435,0.413953488372093,1,0.411944869831547,0.264659270998415,0.417818740399386,0.255924170616114,0.261345852895149,0.258970358814353,0.424290220820189,0.419354838709677,0.259083728278041,0.188311688311688,0.807936507936508,0.266129032258065,0.414746543778802,0.410174880763116,0.419558359621451,0.253225806451613,0.409657320872274,0.810344827586207,0.418096723868955,0.417721518987342,0.414239482200647,0.42992125984252,0.242703533026114,0.409309791332263,0.247960848287113,0.261417322834646,0.744479495268139,0.262820512820513,0.418238993710692,0.25705329153605,0.248073959938367,0.236883942766296,0.400635930047695,0.250769230769231,0.412238325281804,0.254961832061069,0.106583072100313,0.268562401263823,0.262057877813505,0.248466257668712,0.424528301886792,0.251184834123223,0.254807692307692,0.419003115264797,0.405705229793978,0.252713178294574,0.252764612954186,0.417840375586854,0.948194662480377,0.2624,0.262422360248447,0.25,0.746522411128284,0.4256,0.249594813614263,0.411214953271028,1,0.264240506329114,0.580847723704867,0.286798179059181,0.2544,0.251582278481013,0.606015037593985,0.566718995290424,0.390205371248025,0.251968503937008,0.419405320813772,0.254317111459969,0.251215559157212,0.417061611374408,0.257318952234206,0.264566929133858,0.756289308176101,0.409810126582278,0.264566929133858,0.248427672955975,0.403174603174603,0.2625,0.252836304700162,0.405103668261563,0.929467084639498,0.247588424437299,0.249612403100775,0.261146496815287,0.208722741433022,0.420382165605096,0.4375,0.415525114155251,0.410296411856474,0.592709984152139,0.3963133640553,0.402496099843994,0.429878048780488,0.99203821656051,0.426966292134831,0.26,0.413273001508296,0.250398724082935,0.419504643962848,0.840245775729647,0.79595015576324,0.260869565217391,0.260869565217391,0.794992175273865,0.253611556982344,0.590769230769231,0.802197802197802,0.753554502369668,0.250388802488336,0.581903276131045,0.257503949447077,0.2640625,0.642054574638844,0.259375,0.731012658227848,0.845161290322581,0.254716981132075,0.261205564142195,0.272151898734177,0.404838709677419,0.618759455370651,0.57166392092257,0.271317829457364,0.255485893416928,0.219284603421462,0.433070866141732,0.925984251968504,0.247648902821317,0.42215088282504,0.257009345794392,0.359937402190923,0.848631239935588,0.4265625,0.410138248847926,0.416118421052632,0.261205564142195,0.830246913580247,0.26646248085758,0.239669421487603,0.251582278481013,1,0.4,0.263492063492063,0.426517571884984,0.257698541329011,0.2512,0.41112828438949,0.2496,0.432098765432099,0.258267716535433,0.431962025316456,0.413078149920255,0.255924170616114,0.5829307568438,0.410876132930514,0.2546875,0.414285714285714,0.154330708661417,0.423368740515933,0.90894819466248,0.4104134762634,0.117460317460317,0.421221864951768,0.267605633802817,0.416666666666667,0.398133748055988,0.438569206842924,0.265625,0.259615384615385,0.259541984732824,0.230392156862745,0.928687196110211,0.268867924528302,0.412140575079872,0.248427672955975,0.429738562091503,0.418960244648318,0.250391236306729,0.257911392405063,0.249609984399376,0.178683385579937,0.243865030674847,0.426584234930448,0.422955974842767,0.248826291079812,0.251592356687898,0.806089743589744,0.828843106180666,0.255451713395639,0.246422893481717,0.42215088282504,0.269890795631825,0.253067484662577,0.413793103448276,0.266129032258065,0.251956181533646,0.589341692789969,0.749618320610687,0.250393700787402,0.739393939393939,0.27244094488189,0.264797507788162,0.835384615384615,0.408517350157729,0.250788643533123,0.407523510971787,0.247634069400631,0.225961538461538,0.2703125,0.089644513137558,0.267080745341615,0.412337662337662,0.256651017214397,0.254716981132075,0.251612903225806,0.746543778801843,0.414516129032258,0.242671009771987,0.254237288135593,0.591772151898734,0.25511811023622,0.40952380952381,0.364207221350078,0.414219474497682,0.258675078864353,0.248826291079812,0.268488745980707,0.855182926829268,0.41335453100159,0.833602584814216,0.245641838351823,0.423076923076923,0.423547400611621,0.376744186046512,0.748043818466354,0.255520504731861,0.202808112324493,0.25077399380805,0.269767441860465,0.397129186602871,0.415503875968992,0.921259842519685,0.786963434022258,0.42472266244057,0.41390205371248,0.4,0.743178170144462,0.423547400611621,0.254211332312404,0.741085271317829,0.422839506172839,0.248447204968944,0.266875981161695,0.252365930599369,0.412130637636081,0.418351477449456,0.794407894736842,0.262751159196291,0.436908517350158,0.428571428571429,0.260188087774295,0.268330733229329,0.405405405405405,0.570032573289902,0.251592356687898,0.256369426751592,0.58974358974359,0.258064516129032,0.432515337423313,0.270833333333333,0.414012738853503,0.751937984496124,0.600308641975309,0.529953917050691,0.261538461538462,0.421461897356143,0.41335453100159,0.575663026521061,0.599078341013825,0.248826291079812,0.406441717791411,0.255700325732899,0.411042944785276,0.242811501597444,0.411949685534591,0.424242424242424,0.376788553259142,0.573872472783826,0.409385113268608,0.426307448494453,0.600313479623824,0.418351477449456,0.901639344262295,0.246445497630332,0.753510140405616,0.250778816199377,0.4272,0.263406940063092,0.748447204968944,0.416536661466459,0.41091492776886,0.262987012987013,0.809880239520958,0.263975155279503,0.84310618066561,0.378763866877971,0.247663551401869,0.809672386895476,0.614173228346457,0.261006289308176,0.246875,0.24804992199688,0.423452768729642,0.791793313069909,0.251162790697674,0.304140127388535,0.846905537459283,0.378461538461538,0.414330218068536,0.412844036697248,0.260869565217391,0.2272,0.259968102073365,0.257009345794392,0.25,0.816640986132512,0.267387944358578,0.586854460093897,0.744326777609682,0.433753943217666,0.24251968503937,0.277511961722488,0.253289473684211,0.257621951219512,0.82398753894081,0.410334346504559,0.242703533026114,0.244408945686901,0.256493506493506,0.256735340729002,0.265210608424337,0.263736263736264,0.785822021116139,0.767515923566879,0.252764612954186,0.830745341614907,0.416149068322981,0.847352024922118,0.262166405023548,0.342857142857143,0.440129449838188,0.405320813771518,0.263239875389408,0.7981220657277,0.413953488372093,0.242236024844721,0.268987341772152,0.362179487179487,0.410216718266254,0.422047244094488,0.419249592169657,0.242331288343558,0.425396825396825,0.410852713178295,0.515723270440252,0.421553090332805,0.226708074534162,0.415407854984894,0.837060702875399,0.417582417582418,0.744615384615385,0.265079365079365,0.831746031746032,0.421221864951768,0.421474358974359,0.415481832543444,0.252696456086287,0.2453125,0.259259259259259,0.26040061633282,0.250409165302782,0.258730158730159,0.400635930047695,0.267295597484277,0.42654028436019,0.408094435075885,0.546165884194053,0.587955625990491,0.270440251572327,0.251162790697674,0.753894080996885,0.416282642089094,0.87111801242236,0.245426829268293,0.787735849056604,0.263406940063092,0.246774193548387,0.416534181240064,0.258267716535433,0.24297520661157,0.620031796502385,0.504132231404959,0.266165413533835,0.834935897435897,0.843450479233227,0.255520504731861,0.237096774193548,0.2578125,0.827586206896552,0.736349453978159,0.411214953271028,0.314285714285714,0.425269645608629,0.74347158218126,0.41786283891547,0.831746031746032,0.255451713395639,0.253205128205128,0.427906976744186,0.415241057542768,0.993660855784469,0.410828025477707,0.420970266040689,0.41471048513302,0.260731319554849,0.255150554675119,0.416398713826367,0.261724659606657,0.75,0.25508607198748,0.971742543171115,0.269592476489028,0.582945736434109,0.26046511627907,0.415094339622642,0.407643312101911,0.834633385335413,0.598461538461538,0.261682242990654,0.246422893481717,0.482200647249191,0.373996789727127,0.409888357256778,0.414944356120827,0.264890282131661,0.411764705882353,1,0.410628019323671,0.261538461538462,0.854003139717425,0.259904912836767,0.250793650793651,0.405023547880691,0.582381729200653,0.415605095541401,0.253184713375796,0.244094488188976,0.420807453416149,0.427682737169518,0.406441717791411,0.373996789727127,0.404838709677419,0.258320126782884,0.809006211180124,0.257503949447077,0.243822075782537,0.578294573643411,0.622432859399684,0.414239482200647,0.804075235109718,0.398724082934609,0.247261345852895,0.237864077669903,0.416798732171157,0.400943396226415,0.633693972179289,0.255351681957187,0.417565485362096,0.518575851393189,0.4140625,0.284603421461897,0.793548387096774,0.742635658914729,0.423913043478261,0.408320493066256,0.407643312101911,0.424193548387097,0.414634146341463,0.283076923076923,0.269645608628659,0.415748031496063,0.7085346215781,0.600633914421553,0.982866043613707,0.592471358428805,0.242138364779874,0.399686520376176,0.752808988764045,0.396255850234009,0.414976599063963,0.536547433903577,0.406807131280389,0.75625,0.409733124018838,0.424050632911392,0.402889245585875,0.409162717219589
"788",0.305785123966942,0.316639741518578,0.316455696202532,0.32512315270936,0.320450885668277,0.305958132045089,0.0115702479338843,0.325619834710744,0.309262166405024,0.571192052980132,0.32120253164557,0.63751987281399,0.518578352180937,0.319354838709677,1,1,0.61198738170347,0,0.328502415458937,0.303715670436187,1,1,0.32484076433121,0.516962843295638,0.319685039370079,1,1,0.337641357027464,0.311216429699842,0.530377668308703,1,0.597464342313788,0.369255150554675,0.996815286624204,0.6704,0.30820770519263,0.146687697160883,0.3234375,1,0.300157977883096,0.00159235668789809,0,0,0.318910256410256,0.316993464052288,1,0.995184590690209,1,1,1,0.691935483870968,0.325806451612903,1,0.330670926517572,0.310509554140127,0.826086956521739,0.129449838187702,0.320325203252033,0.322169059011164,0.327332242225859,0.992138364779874,1,1,0.00486223662884927,0.311666666666667,0.3184,0.650641025641026,0.323717948717949,0.607963246554365,1,0.317965023847377,1,1,0.277597402597403,0.167456556082148,0.31201248049922,1,0.995275590551181,0.329617834394904,1,0.600671140939597,1,1,0.324921135646688,1,0.325508607198748,0.317307692307692,0.326298701298701,0.319685039370079,0,0.3216,0.335913312693498,0.68312101910828,0.583465818759936,0.312602291325696,0.635367762128325,0.683441558441558,0.314785373608903,0.12214983713355,0,0.318541996830428,0.619902120717781,1,0.325,1,0.312703583061889,0,0.322528363047002,1,1,1,0.306089743589744,0.996789727126806,0.325358851674641,0.204081632653061,0.313755795981453,1,0.372019077901431,1,1,0.205371248025276,0.319488817891374,1,1,0.33175355450237,1,0.321372854914197,0.315217391304348,0.36724960254372,0.767441860465116,0.323051948051948,1,0.323151125401929,0.631498470948012,0.341543513957307,1,0.00159489633173844,1,0.3744,0.892739273927393,0.583732057416268,0.597423510466989,0.317741935483871,0.33112582781457,1,0.320450885668277,1,0.308681672025723,0.507246376811594,0.318681318681319,1,0.302066772655008,0.322475570032573,0.326860841423948,0.327272727272727,1,0.314606741573034,1,0.436507936507937,0.331230283911672,1,0.321928460342146,1,0.597087378640777,0.32569558101473,1,0.322169059011164,0.3136,0.3312,0.985736925515055,0.330128205128205,1,0.326829268292683,1,0.311774461028192,1,0.585987261146497,0.298887122416534,0.0316139767054908,0.300970873786408,0.320063694267516,1,0.307443365695793,0.323248407643312,0.323248407643312,0.340255591054313,1,1,0.32279534109817,0.323101777059774,1,1,0.320967741935484,0.248012718600954,0.0218068535825545,0.68362480127186,1,0.0016,0.314465408805031,1,0.31953642384106,0.308892355694228,0.314285714285714,0.996815286624204,1,1,0.328173374613003,0.318627450980392,0.313694267515924,0.675324675324675,0.311897106109325,1,0.340764331210191,1,1,0.442857142857143,0.327868852459016,0.32120253164557,0.320063694267516,0.307073954983923,0.315112540192926,0.645367412140575,1,1,0.314465408805031,0.00473186119873817,0.327073552425665,0.3171875,0.32258064516129,0.3109375,0.3008,0.32348367029549,0.696540880503145,0.36734693877551,0.305111821086262,1,0.320388349514563,1,0.312101910828025,0.307443365695793,0.315372424722662,0.32516339869281,0.304635761589404,1,0.321372854914197,0.803921568627451,1,1,0.998357963875205,1,1,0.897560975609756,1,1,1,0.323029366306028,1,0.322742474916388,0,1,0.380503144654088,1,0.324324324324324,0.323248407643312,0.311605723370429,0.420289855072464,1,0.324324324324324,1,1,1,1,0,0.318037974683544,1,1,0.320450885668277,1,0.322274881516588,1,1,0.311897106109325,0.330578512396694,0.307692307692308,0.152597402597403,0.331136738056013,0,0.598145285935085,1,0.323248407643312,0.32520325203252,0.574803149606299,1,1,0.334991708126036,0.333333333333333,1,0.650563607085346,0.689822294022617,0.305958132045089,0.318791946308725,0.998427672955975,0.33122028526149,0.302325581395349,1,0.31629392971246,0.311811023622047,1,0.308562197092084,0.315705128205128,0.310509554140127,0.321486268174475,1,1,1,0.304897314375987,0.333876221498371,0.0078125,0.991896272285251,0.3322528363047,1,1,0.315541601255887,0.328149300155521,0.304761904761905,0.317891373801917,0.31629392971246,1,0.315359477124183,0.317512274959083,0.57379767827529,1,0.836569579288026,1,0,1,0.321928460342146,1,1,0.422535211267606,1,0.323051948051948,1,0.311183144246353,0.307936507936508,0.317535545023697,1,1,0.322274881516588,0.40432612312812,0.59546925566343,0.309061488673139,1,1,1,0.32512315270936,1,0.208860759493671,1,1,1,1,0.329635499207607,1,0.317957166392092,0.337579617834395,0.678913738019169,0.307568438003221,1,0.325396825396825,0.320695102685624,0.317589576547231,1,0.308661417322835,1,0.324031007751938,0.48489666136725,0.330143540669856,0.316045380875203,0.321144674085851,1,0.320723684210526,0.302134646962233,1,1,0.318979266347687,0.31496062992126,1,0.477777777777778,0.321070234113712,0.331230283911672,0.332283464566929,0.684044233807267,1,0.29635761589404,1,0.427652733118971,0.308186195826645,0,0.887323943661972,0.325806451612903,0.322734499205087,0,0.0333863275039746,0.982594936708861,0.319870759289176,1,0.317817014446228,0.317803660565724,1,0.326594090202177,0.314785373608903,0.668276972624799,1,0.318910256410256,0.320574162679426,1,0.306477093206951,0.305418719211823,1,0.338557993730408,0.308943089430894,0.314785373608903,0.331746031746032,0.798412698412698,1,0.978688524590164,1,1,0.00160513643659711,1,0.995176848874598,1,0.428571428571429,0.998341625207297,0.304975922953451,0.993730407523511,0.334405144694534,0.996850393700787,0.606531881804043,0.6265625,0.320813771517997,0.309375,0.642633228840125,0.321252059308072,0,0.632,0.677830940988836,0.317152103559871,0.0015600624024961,0.314516129032258,0.299679487179487,0.77124183006536,0.322222222222222,0.678740157480315,0.600993377483444,0.323343848580442,0.3216,0.30379746835443,1,0.0290076335877863,0,0.315372424722662,0.333870967741935,0.340222575516693,1,0.334405144694534,0.316535433070866,1,0.310509554140127,0.942947702060222,0.573070607553366,1,1,0.993220338983051,0.317535545023697,0.604430379746835,0.331768388106416,0.309719934102142,0.307941653160454,0.416666666666667,1,0.311897106109325,1,0.318407960199005,0.324193548387097,1,0.316558441558442,1,0.323717948717949,1,1,0.329093799682035,0,1,0.328548644338118,1,0.564102564102564,1,0.507836990595611,1,0.559294871794872,1,0.320261437908497,1,1,1,0.3184,0.329581993569132,0.318037974683544,0.352348993288591,0.335548172757475,0.312101910828025,1,0.319286871961102,1,1,0.329093799682035,0.320785597381342,0.311424100156495,0.389967637540453,0.324409448818898,1,1,0.329652996845426,0.331730769230769,0.618357487922705,0.58957654723127,0.323248407643312,0.324717285945073,1,0.307448494453249,0.3203125,0.9936,0.306156405990017,0.313195548489666,0,0.146456692913386,0.317891373801917,0.680428134556575,0.315533980582524,0.316957210776545,0.593114241001565,0.998389694041868,0.317230273752013,1,0.323854660347551,0.354575163398693,0.317817014446228,0.480830670926518,0.312599681020734,1,0.319554848966614,0.320967741935484,0.328502415458937,0.681747269890796,1,0.332225913621262,0.320872274143302,0,0.325471698113208,1,0.959119496855346,1,0.315789473684211,0.322169059011164,0.318840579710145,0.586477987421384,1,0.587458745874587,0.33278955954323,1,1,0.969936708860759,0.673701298701299,0.332273449920509,0.361290322580645,0.323943661971831,0.315955766192733,1,1,0.496784565916399,0.631493506493506,1,1,1,0.687296416938111,1,0.33122028526149,0.67515923566879,1,0.327073552425665,0.323151125401929,0.317384370015949,0.998435054773083,1,0.639261744966443,0.322006472491909,1,1,0.322884012539185,0.317307692307692,1,0,0.314009661835749,0.314009661835749,0.00646203554119548,0.318037974683544,1,0.318481848184819,1,0.161442006269592,0,0.9046875,0.330645161290323,1,1,0,0.00158982511923688,0.331723027375201,1,0.318481848184819,0.998435054773083,0.314754098360656,1,1,0.967741935483871,0.783227848101266,1,1,0.00481540930979133,1,0.507588532883642,0.327974276527331,0.669291338582677,0.324409448818898,1,0.299674267100977,0.667731629392971,1,1,0.316309719934102,0.614551083591331,0.328050713153724,0.590690208667737,0.974068071312804,0.330065359477124,0.606583072100313,0.0127186009538951,0.308306709265176,0.322734499205087,0.317111459968603,1,0.628346456692913,0.317307692307692,0.890850722311397,0.596774193548387,0.971563981042654,1,1,0.314009661835749,0.340390879478827,0.305057096247961,0.318255250403877,0.315873015873016,0.609831029185868,0.301261829652997,0,0.671274961597542,0.9984,0.329617834394904,0.315875613747954,0.323920265780731,0.329173166926677,0.602218700475436,1,0.332283464566929,0.338709677419355,0.337152209492635,0.324717285945073,0.320126782884311,0.318255250403877,0.196567862714509,0.678513731825525,0.326366559485531,0.590625,1,0.237639553429027,0.32753164556962,0.926590538336052,1,1,0.312,0.631746031746032,1,0.307210031347962,0.29951690821256,0.957585644371941,1,1,0.996742671009772,0.324960753532182,1,1,0.898876404494382,1,0.349056603773585,1,0.585808580858086,1,0.669291338582677,0.314009661835749,0.601286173633441,1,1,0.995192307692308,0.334389857369255,0.325242718446602,0.326229508196721,0.322169059011164,0.332247557003257,0.323624595469256,0.987138263665595,0.312599681020734,1,1,0.731012658227848,0,0.310664605873261,0.313195548489666,0.678288431061807,1,0.566129032258065,0.330721003134796,0.646677471636953,0.314009661835749,0.321548821548822,1,0.314424635332253,0.319604612850082,0.693181818181818,0.906976744186046,0.327188940092166,0.59805510534846,0.57741935483871,0.324409448818898,0.325732899022801,0.307936507936508,0.582539682539683,0.677367576243981,1,0.901273885350318,1,0.661442006269592,0.99837925445705,0.583739837398374,0.314102564102564,0.321951219512195,1,1,0.430842607313196,0.993464052287582,0.996879875195008,1,0.317741935483871,0.325769854132901,1,0.321646341463415,0.68621236133122,0.331723027375201,0.460420032310178,0.302931596091205,0,0.310725552050473,1,1,0.597133757961783,0.00158478605388273,0.330143540669856,0.322115384615385,0.099025974025974,0.419463087248322,1,1,0.312796208530806,1,0.410628019323671,1,0.327131782945736,0.589257503949447,0.322169059011164,0.320967741935484,1,0,1,0.306666666666667,0.324193548387097,1,1,1,0.447882736156352,1,0.318910256410256,0.610845295055821,0.331746031746032,0.328358208955224,0.00159744408945687,0.0455284552845528,1,0.614147909967846,1,0.329011345218801,0.325082508250825,1,1,0.177496038034865,0.310015898251192,1,0.902208201892745,1,0.325984251968504,0.209003215434084,0.666134185303514,1,1,1,1,1,0.292259083728278,0.303370786516854,1,0.118811881188119,0.00161030595813205,0.444444444444444,0,0.331189710610932,1,0.676848874598071,1,1,0.889430894308943,1,0.676056338028169,1,1,1,1
"789",1,1,1,1,1,1,0.691358024691358,1,1,0.105100463678516,1,0.0518292682926829,0.811059907834101,1,0.325545171339564,0.322727272727273,0.0719640179910045,0.679873217115689,1,1,0.291603053435115,0.3265625,1,0.16390977443609,1,0.33433734939759,0.321875,1,1,0.779661016949153,0.316030534351145,0.725903614457831,0.96390977443609,0.32370820668693,0,1,0.547112462006079,1,0.311377245508982,1,0.66,0.671212121212121,0.680534918276374,1,1,0.329704510108865,0.315151515151515,0.316341829085457,0.333333333333333,0.336890243902439,0,1,0.321266968325792,1,1,0.501543209876543,0.560490045941807,1,1,1,0.341389728096677,0.327245053272451,0.321212121212121,0.675925925925926,1,1,0.0405616224648986,1,0.0653120464441219,0.329835082458771,1,0.328767123287671,0.327131782945736,0.965299684542587,0.51424287856072,1,0.320950965824666,0.340807174887892,1,0.327073552425665,0.0940438871473354,0.331306990881459,0.333839150227618,1,0.341829085457271,1,1,1,1,0.681268882175227,1,1,0.00152671755725191,0.116766467065868,1,0.0524737631184408,0,1,0.561815336463224,0.666666666666667,1,0.0595419847328244,0.319508448540707,1,0.318952234206472,1,0.678733031674208,1,0.327245053272451,0.331825037707391,0.332330827067669,1,0.333333333333333,1,0.487481590574374,1,0.325301204819277,0.303759398496241,0.33532041728763,0.326625386996904,0.487022900763359,0.998491704374057,0.324444444444444,0.326656394453005,1,0.31437125748503,1,1,0.335854765506808,0.56203288490284,1,0.325227963525836,1,0.0481751824817518,1,0.326315789473684,0.670164917541229,0.336363636363636,0.923312883435583,0.45125786163522,0.114854517611026,0.109230769230769,1,1,0.345509893455099,1,0.327485380116959,1,0.801503759398496,1,0.332307692307692,1,1,1,1,0.346625766871166,1,0.330757341576507,0.257186081694402,1,0.323308270676692,1,0.311827956989247,0.0928792569659443,1,0.323029366306028,1,1,1,0.342857142857143,1,0.332317073170732,1,0.313636363636364,1,0.32824427480916,0.0849772382397572,1,0.64018691588785,1,1,0.326086956521739,1,1,1,1,0.334341906202723,0.322289156626506,1,0.998477929984779,0.327769347496206,0.31104199066874,1,0.434049079754601,0.663250366032211,0,0.329249617151608,0.663663663663664,1,0.332831325301205,1,0.998507462686567,1,0.327743902439024,0.326378539493294,0.331278890600925,1,1,1,0,1,0.320373250388802,0.969418960244648,0.334351145038168,0.321212121212121,0.768882175226586,1,1,1,1,1,0.0498489425981873,0.329268292682927,0.340807174887892,1,0.673192771084337,1,1,1,0.998500749625187,1,1,0.00453172205438067,0.319465081723626,1,0.319571865443425,1,0.311649016641452,1,1,1,1,1,0.327743902439024,1,0.50625,0.335889570552147,0.328888888888889,0.314984709480122,0.332312404287902,0.337984496124031,0.435658914728682,0.336363636363636,0.329835082458771,0.32383808095952,1,0.326283987915408,1,0.673076923076923,0.327844311377246,0.314925373134328,0.341013824884793,1,1,1,0.261136712749616,0.325264750378215,1,0.32370820668693,0.334821428571429,0.327300150829563,0.325892857142857,0.674242424242424,1,0.330357142857143,0.325688073394495,1,0.310832025117739,1,0.322869955156951,0.324200913242009,1,1,1,0.539291217257319,1,0.678247734138973,0.0911764705882353,0.331316187594554,1,1,0.103857566765579,0.329305135951662,0.332317073170732,1,1,0.319402985074627,0.0287009063444109,0.0031104199066874,1,1,0.337295690936107,0.998475609756098,1,0.324324324324324,1,1,0.324850299401198,1,1,1,1,0.335347432024169,0.322008862629247,0.342105263157895,1,1,0.663141993957704,0.318529862174579,1,0.325958702064897,0.307692307692308,1,1,0.998477929984779,1,1,0.329754601226994,1,1,0.116279069767442,0.341829085457271,0.502290076335878,0.314814814814815,0.665144596651446,0.32579185520362,1,0.318952234206472,0.336349924585219,0.260542168674699,0.328767123287671,1,0.334808259587021,1,1,1,0.317972350230415,0.329881656804734,0.998507462686567,0.91679748822606,0.0693374422187981,1,0.317629179331307,0.331278890600925,0.324074074074074,1,0.340298507462687,0.471582181259601,0.338957055214724,0.315467075038285,0.330203442879499,0.314589665653495,1,0.333843797856049,1,1,0,1,0.331316187594554,1,1,1,0.339908952959029,1,0.315707620528771,1,0.830559757942511,1,1,1,0.322188449848024,1,1,0.32312404287902,0.322289156626506,1,1,0.32572298325723,0.193061840120664,1,0.998496240601504,1,0,0.319938176197836,1,0.317147192716237,0.246153846153846,1,0.673192771084337,0.438805970149254,1,1,0.664244186046512,0.684848484848485,0.34597875569044,1,0.328725038402458,1,1,0.343465045592705,1,0.998452012383901,0.00911854103343465,0.333843797856049,1,1,0.329192546583851,1,1,0.31441717791411,0.339908952959029,1,1,1,0.527027027027027,0.319758672699849,0.36085626911315,0.324483775811209,0.340329835082459,0.683812405446294,0.337837837837838,0.331288343558282,0.318047337278107,0.243119266055046,0.328125,1,0.327893175074184,0.998459167950693,0.317629179331307,0.0899705014749263,0.0568862275449102,1,1,0.0437405731523379,1,0.67218045112782,0.0487062404870624,0.013953488372093,1,0.678407350689127,1,1,0.55868544600939,1,0,0.08,1,1,1,0.331811263318113,0.644412191582003,0.678855325914149,0.994020926756353,1,0.980568011958146,0.317557251908397,0.340425531914894,1,0.314814814814815,1,0.363076923076923,0.113846153846154,0.312781954887218,0.327354260089686,0.346709470304976,1,0.086053412462908,1,1,1,0.265275707898659,0.329192546583851,1,0.33026113671275,1,1,0.318991097922849,1,0.334306569343066,1,0.323574730354391,0.328787878787879,1,0.665137614678899,0.322962962962963,1,0.317757009345794,0.754916792738275,0.321375186846039,0.16338880484115,0.329394387001477,0.76103500761035,0.313935681470138,1,0.337386018237082,0.34672619047619,0.3003003003003,1,1,1,0.966929133858268,0.344339622641509,1,0.333333333333333,1,0.330696202531646,0.329359165424739,1,1,1,0.907834101382488,1,0.318796992481203,0.326747720364742,1,1,0.0590979782270607,0.0829493087557604,1,1,0.319314641744548,1,1,0.329787234042553,1,1,0.671686746987952,0.529850746268657,1,0,1,1,0.109144542772861,0.332831325301205,1,0.333333333333333,0.998475609756098,0.96030534351145,0.998484848484849,0.818318318318318,1,0.335925349922239,1,1,1,0,0.321372854914197,1,1,0.663157894736842,1,0.324812030075188,0.362686567164179,0.326251896813354,1,1,1,0.0993975903614458,0.327769347496206,0.0969230769230769,0.998461538461539,0.319526627218935,0.314842578710645,0.348942598187311,0,1,0.952453987730061,1,1,0.333333333333333,0.311669128508124,0.16,0.0443425076452599,0.328767123287671,0.317293233082707,0.329376854599407,0.00157232704402516,0.319402985074627,1,0,0.323397913561848,1,1,1,0.326347305389222,0.333827893175074,0.0394321766561514,1,0.323170731707317,0.316341829085457,1,1,0.326219512195122,0.6801872074883,1,1,0.684698608964451,1,0.320474777448071,1,0.317771084337349,0.526785714285714,0.665178571428571,0.426900584795322,1,0.31314623338257,0.321266968325792,0.669161676646707,0.665185185185185,1,0.330316742081448,1,0.335294117647059,1,0.329738058551618,0.326053042121685,0.350076103500761,0.532738095238095,0.321483771251932,0.314900153609831,0.662632375189107,0.327844311377246,0.148031496062992,1,0,1,0.302180685358255,1,0,0.324812030075188,0.326120556414219,1,0.0619469026548673,1,0.0954545454545455,0.338931297709924,1,0.0721804511278196,0.666666666666667,1,1,1,0.315541601255887,0.0444444444444444,1,0.436447166921899,0.106481481481481,0.351032448377581,0.329359165424739,0.335809806835067,1,1,1,1,1,0.0714285714285714,0.998518518518518,0.670623145400593,0.0043731778425656,0.329835082458771,1,1,1,1,0.0928462709284627,0.321428571428571,1,1,1,1,1,1,0.488023952095808,0.00155038759689922,1,0.0933734939759036,0.32579185520362,0.443939393939394,1,0.393846153846154,0.316614420062696,0.326717557251908,1,0.0468277945619335,0.330849478390462,1,1,0.382039573820396,0.317293233082707,0.320300751879699,0.326120556414219,0.998509687034277,0.330745341614907,0.327844311377246,0.430091185410334,0.325190839694657,0.971514242878561,0.324812030075188,0.089922480620155,0.337941628264209,0,1,0.0966767371601208,0.317557251908397,0.327743902439024,0.32572298325723,1,1,1,1,1,1,0.338006230529595,1,0.327769347496206,0.323577235772358,0.618045112781955,0.665653495440729,1,1,0,0.324888226527571,0.123123123123123,0.998533724340176,0.0384024577572965,1,1,0.331288343558282,1,1,0.64451313755796,0.433070866141732,0.997067448680352,0.0860719874804382,0.108527131782946,1,1,1,0.0948012232415902,0,0.329866270430906,0.426380368098159,0.325478645066274,0,0.339563862928349,0.0907692307692308,1,1,0.331360946745562,0.324283559577677,0.245426829268293,0.33693972179289,0.316341829085457,0.326315789473684,1,1,0.327743902439024,1,0,1,0.225075528700906,1,0.663125948406677,1,0.315629742033384,0.320373250388802,0.0832095096582467,0.666167664670659,1,1,0.782805429864253,0.914421553090333,0.326687116564417,0.324615384615385,1,0.328808446455505,0.261538461538462,0.327131782945736,1,0.111613876319759,1,1,0.327217125382263,0.677966101694915,0.316614420062696,1,1,0.318862275449102,0.312024353120244,0.324444444444444,0.863013698630137,0.32398753894081,1,0.0621301775147929,1,1,0.687687687687688,0.646879756468798,0.3296875,0.0592705167173252,0.331316187594554,1,1,0.312883435582822,0.340943683409437,0.620689655172414,1,0.31570996978852,0.387240356083086,0.31390134529148,0.983679525222552,0.474885844748858,0.00454545454545455,0.305263157894737,0.329359165424739,0.34,0.31875,0.331851851851852,0.971641791044776,1,0.327300150829563,0.541009463722397,0.68,0.237160120845921,0.677018633540373,1,0.33030303030303,0.00306278713629403,0.336890243902439,0.320359281437126,0.389473684210526,0.330792682926829,0,0.349230769230769,0.327639751552795,0.336923076923077,0.318796992481203
"790",0.104265402843602,0.103875968992248,0.0969230769230769,0.0959752321981424,0.0984615384615385,0.104199066874028,0.390127388535032,0.103174603174603,0.103975535168196,1,0.0949464012251149,0.947852760736196,0.0843949044585987,0.106583072100313,0.596825396825397,0.607476635514019,0.970948012232416,0.404838709677419,0.1015625,0.101721439749609,0.604395604395604,0.602184087363494,0.106060606060606,0.946957878315133,0.112121212121212,0.571875,0.592709984152139,0.0993589743589744,0.110429447852761,0.140600315955766,0.605873261205564,0.160990712074303,0.0681114551083591,0.591836734693878,0.906396255850234,0.104838709677419,0.569254185692542,0.106870229007634,0.608433734939759,0.103975535168196,0.435458786936236,0.407692307692308,0.411229135053111,0.100931677018634,0.107594936708861,0.584786053882726,0.594637223974763,0.597859327217125,0.585476550680787,0.579352850539291,0.895962732919255,0.0996884735202492,0.595419847328244,0.0947204968944099,0.110591900311526,0.391785150078989,0.534072900158479,0.100946372239748,0.109737248840804,0.101694915254237,0.568835098335855,0.585023400936037,0.590979782270607,0.42457231726283,0.107371794871795,0.109230769230769,0.951104100946372,0.101088646967341,0.972809667673716,0.577812018489985,0.0978593272171254,0.591614906832298,0.571656050955414,0.135220125786164,0.594512195121951,0.108433734939759,0.6,0.569018404907976,0.0972222222222222,0.583732057416268,0.998384491114701,0.584905660377358,0.583333333333333,0.108231707317073,0.572093023255814,0.101071975497703,0.101748807631161,0.0990712074303406,0.0967238689547582,0.409509202453988,0.0992125984251968,0.0889894419306184,0.903225806451613,0.9984375,0.0926216640502355,0.95166163141994,0.90015600624025,0.0987654320987654,0.539325842696629,0.417322834645669,0.104851330203443,0.959311424100156,0.596244131455399,0.112698412698413,0.586314152410575,0.0990566037735849,0.414860681114551,0.105919003115265,0.582159624413146,0.589147286821705,0.58,0.109546165884194,0.582417582417582,0.109204368174727,0.617246596066566,0.107088989441931,0.58695652173913,0.812111801242236,0.580893682588598,0.585826771653543,0.629107981220657,0.101851851851852,0.587423312883436,0.58974358974359,0.0929878048780488,0.598765432098765,0.100299401197605,0.105022831050228,0.77639751552795,0.567119155354449,0.0937996820349762,0.599374021909233,0.0949367088607595,0.944277108433735,0.0922330097087379,0.58678955453149,0.423963133640553,0.578616352201258,0.0343213728549142,0.664,0.996884735202492,0.998439937597504,0.103875968992248,0.0990415335463259,0.579439252336449,0.0996884735202492,0.589665653495441,0.1046875,0.0952380952380952,0.104229607250755,0.585443037974684,0.0959119496855346,0.105015673981191,0.105015673981191,0.0919003115264797,0.573926868044515,0.113029827315542,0.579778830963665,0.855161787365177,0.105182926829268,0.597560975609756,0.107033639143731,0.603125,0.993720565149137,0.0950871632329636,0.6,0.109546165884194,0.103715170278638,0.107142857142857,0.570552147239264,0.111975116640746,0.572784810126582,0.103448275862069,0.58641975308642,0.102272727272727,0.579872204472843,0.989130434782609,0.0964230171073095,0.461912479740681,0.104430379746835,0.110764430577223,0.595275590551181,0.0963665086887836,0.0976744186046512,0.0995334370139969,0.100931677018634,0.585669781931464,0.588957055214724,0.11216429699842,0.103125,0.582181259600614,0.597444089456869,0.103975535168196,0.655384615384615,0.427934621099554,0.893518518518518,0.590979782270607,0.416541353383459,0.0986342943854325,0.583076923076923,0.1072,0.099236641221374,0.0909090909090909,0.598116169544741,0.589147286821705,0.582539682539683,0.104229607250755,0.103174603174603,0.0948678071539658,0.914012738853503,0.105095541401274,0.601275917065391,0.0752688172043011,0.578616352201258,0.593406593406593,0.36517719568567,0.101748807631161,0.105504587155963,0.095679012345679,0.105180533751962,0.098256735340729,0.947122861586314,0.585557299843014,0.58712715855573,0.103658536585366,0.413740458015267,0.104863221884498,0.1089258698941,0.105754276827372,0.106481481481481,0.103937007874016,0.105263157894737,0.898617511520737,0.794435857805255,0.107197549770291,0.600315955766193,0.102201257861635,0.603945371775417,0.0977099236641221,0.102040816326531,0.0982839313572543,0.101105845181675,0.112519809825674,0.576377952755906,0.103658536585366,0.385220125786164,0.566455696202532,0.574500768049155,0.588888888888889,0.580745341614907,0.578220858895706,0.68362480127186,0.56786271450858,0.58307210031348,0.579754601226994,0.106317411402157,0.58359133126935,0.0985691573926868,0.403614457831325,0.586854460093897,0.804580152671756,0.571205007824726,0.105015673981191,0.101404056162246,0.102964118564743,0.852664576802508,0.601255886970173,0.0927357032457496,0.5875,0.582582582582583,0.594339622641509,0.601851851851852,0.423137876386688,0.1015625,0.587155963302752,0.58411214953271,0.0992125984251968,0.605815831987076,0.109737248840804,0.589939024390244,0.608490566037736,0.0992125984251968,0.103875968992248,0.105426356589147,0.57345971563981,0.107594936708861,0.398449612403101,0.992548435171386,0.586477987421384,0.105100463678516,0.0992125984251968,0.996918335901387,0.584474885844749,0.575516693163752,0.101910828025478,0.102201257861635,0.598473282442748,0.928012519561815,0.898251192368839,0.103286384976526,0.105769230769231,0.569018404907976,0.100313479623824,0.109939759036145,0.599690880989181,0.102484472049689,0.104134762633997,0.590697674418605,0.102201257861635,0.0979782270606532,0.103875968992248,0.1,0.578125,0.601809954751131,0.5856,0.106084243369735,0.105678233438486,0.423312883435583,0.585557299843014,0.0971786833855799,0.591743119266055,0.598116169544741,0.103500761035008,0.0955315870570108,0.0990853658536585,0.098613251155624,0.0951638065522621,0.576802507836991,0.108490566037736,0.110248447204969,0.995169082125604,0.574534161490683,0.626182965299685,0.597809076682316,0.425696594427245,0.585253456221198,0.0996932515337423,0.603174603174603,0.576982892690513,0.849462365591398,0.591397849462366,0.1015625,0.585218702865762,0.107361963190184,0.102325581395349,0.108562691131498,0.594043887147335,0.597859327217125,0.0980091883614089,0.0207006369426752,0.965244865718799,0.110410094637224,0.587596899224806,0.586206896551724,0.60062893081761,0.0894819466248038,0.575987841945289,0.633802816901408,0.589393939393939,0.597222222222222,0.584664536741214,0.595348837209302,0.0921658986175115,0.580343213728549,0.0957792207792208,0.0957613814756672,0.906542056074766,0.109546165884194,0.579029733959311,0.104863221884498,0.101978691019787,0.102685624012638,0.584496124031008,0.100917431192661,0.583860759493671,0.102102102102102,0.0715396578538103,0.113178294573643,0.102523659305994,0.102009273570325,0.60061919504644,0.0927672955974843,0.10625,0.590214067278288,0.59375,0.101246105919003,0.0998463901689708,0.59594383775351,0.920367534456355,0.108064516129032,0.0985915492957746,0.0970724191063174,0.895865237366003,0.590551181102362,0.102201257861635,0.589230769230769,0.8515625,0.101404056162246,0.410138248847926,0.465045592705167,0.105263157894737,0.100456621004566,0.426008968609865,0.396551724137931,0.554160125588697,0.101088646967341,0.584234930448223,0.108320251177394,0.0940988835725678,0.571428571428571,0.100151745068285,0.105754276827372,0.906542056074766,0.575427682737169,0.109177215189873,0.101721439749609,0.580847723704867,0.0992248062015504,0.10031847133758,0.597809076682316,0.768633540372671,0.10126582278481,0.106646058732612,0.101404056162246,0.364341085271318,0.596923076923077,0.606299212598425,0.597560975609756,0.58887171561051,0.408163265306122,0.570776255707763,0.570987654320988,0.590288315629742,0.857585139318885,0.591549295774648,0.105828220858896,0.5790273556231,0.102362204724409,0.587423312883436,0.989520958083832,0.957120980091884,0.101978691019787,0.111111111111111,0.950310559006211,0.0920840064620355,0.404255319148936,0.951788491446345,0.917956656346749,0.101694915254237,0.407523510971787,0.098310291858679,0.102290076335878,0.577044025157233,0.098613251155624,0.9,0.996763754045307,0.0989180834621329,0.106544901065449,0.115384615384615,0.585669781931464,0.447717231222386,0.387722132471729,0.113846153846154,0.101538461538462,0.0728682170542636,0.602167182662539,0.7703125,0.106976744186047,0.598412698412698,0.0992248062015504,0.529320987654321,0.998425196850394,0.604615384615385,0.590634441087613,0.577557755775578,0.106481481481481,0.987692307692308,0.109230769230769,0.0950080515297907,0.106976744186047,0.852080123266564,0.577287066246057,0.1140625,0.585714285714286,0.101910828025478,0.104669887278583,0.592933947772657,0.102201257861635,0.585585585585586,0.102803738317757,0.598736176935229,0.58712715855573,0.0981308411214953,0.412322274881517,0.597859327217125,0.0995334370139969,0.592295345104334,0.161832061068702,0.595712098009188,0.948406676783004,0.585585585585586,0.1321044546851,0.592948717948718,0.123595505617978,0.578052550231839,0.579185520361991,0.61136712749616,0.104454685099846,0.100946372239748,0.101515151515152,0.072,0.76,0.101694915254237,0.5824,0.102362204724409,0.594202898550725,0.591463414634146,0.1112828438949,0.106012658227848,0.0943683409436834,0.0109034267912773,0.100917431192661,0.599695585996956,0.592024539877301,0.0943396226415094,0.100787401574803,0.965244865718799,0.9875,0.104294478527607,0.101426307448494,0.590837282780411,0.113496932515337,0.0972644376899696,0.594679186228482,0.111642743221691,0.102040816326531,0.408882082695253,0.563165905631659,0.0979462875197472,0.90288315629742,0.107361963190184,0.111455108359133,0.996974281391831,0.59190031152648,0.103125,0.58695652173913,0.0995405819295559,0.0668740279937792,0.107476635514019,0.074468085106383,0.100154083204931,0.592295345104334,0.096875,0.0930232558139535,0.0987460815047022,0.906727828746177,0.596518987341772,0.0884244372990354,0.106870229007634,0.417956656346749,0.100917431192661,0.585626911314985,0.540581929555896,0.575987841945289,0.103875968992248,0.102325581395349,0.11214953271028,0.996987951807229,0.582539682539683,0.987240829346092,0.0930599369085174,0.598784194528875,0.603975535168196,0.551301684532925,0.892744479495268,0.0998439937597504,0.0470957613814757,0.103500761035008,0.101226993865031,0.580441640378549,0.593607305936073,0.93613707165109,0.946875,0.591614906832298,0.585023400936037,0.577912254160363,0.902711323763955,0.603100775193798,0.0996978851963746,0.900311526479751,0.589123867069486,0.104776579352851,0.10828025477707,0.0976744186046512,0.589939024390244,0.596385542168675,0.949206349206349,0.0984615384615385,0.604068857589984,0.603076923076923,0.109230769230769,0.111620795107034,0.590062111801242,0.393790849673203,0.0930599369085174,0.101880877742947,0.404388714733542,0.106481481481481,0.596651445966514,0.112519809825674,0.591482649842271,0.585626911314985,0.418070444104135,0.693233082706767,0.100931677018634,0.603053435114504,0.591962905718702,0.404287901990812,0.430955993930197,0.0921875,0.585516178736518,0.097444089456869,0.590361445783133,0.0935023771790808,0.576506955177743,0.601866251944012,0.55177743431221,0.576864535768645,0.584126984126984,0.583333333333333,0.433489827856025,0.58359133126935,0.968051118210863,0.0944,0.90726429675425,0.0996932515337423,0.608832807570978,0.10989010989011,0.9078125,0.5890625,0.588607594936709,0.0950871632329636,0.962630792227205,0.107142857142857,1,0.555209953343701,0.0938967136150235,0.963949843260188,0.428129829984544,0.0978260869565217,0.10260336906585,0.102484472049689,0.594551282051282,0.940998487140696,0.0955993930197269,0.473520249221184,0.9984375,0.547400611620795,0.587962962962963,0.587869362363919,0.102803738317757,0.0769230769230769,0.109177215189873,0.0966257668711656,0.098613251155624,0.970104633781764,0.105666156202144,0.414893617021277,0.898507462686567,0.582181259600614,0.103875968992248,0.106012658227848,0.0955414012738854,0.101823708206687,0.993827160493827,0.579908675799087,0.086687306501548,0.0959119496855346,0.102893890675241,0.0992125984251968,0.105504587155963,0.110062893081761,0.618541033434651,0.924882629107981,0.101246105919003,0.98936170212766,0.593457943925234,0.674961119751166,0.101382488479263,0.504746835443038,0.607431340872375,0.6,0.110410094637224,0.950078003120125,0.581430745814307,0.0918836140888208,0.110769230769231,0.54140127388535,0.586890243902439,0.605919003115265,0.588888888888889,0.0906298003072197,0.592417061611374,0.588414634146341,0.693623639191291,0.59253499222395,0.0632716049382716,0.590563165905632,0.99198717948718,0.58641975308642,0.900459418070444,0.105919003115265,0.995275590551181,0.602523659305994,0.582677165354331,0.588235294117647,0.102446483180428,0.0900621118012422,0.103059581320451,0.108527131782946,0.105008077544426,0.101910828025478,0.568720379146919,0.103343465045593,0.584786053882726,0.587064676616915,0.506976744186047,0.415873015873016,0.102134146341463,0.109230769230769,0.897865853658537,0.590909090909091,0.985959438377535,0.100303951367781,0.946875,0.102009273570325,0.101426307448494,0.579527559055118,0.105845181674566,0.0980392156862745,0.486443381180223,0.679214402618658,0.107988165680473,0.987421383647799,0.998417721518987,0.1,0.0993690851735016,0.0975232198142415,0.990595611285266,0.901689708141321,0.587253414264036,0.482059282371295,0.58678955453149,0.904109589041096,0.567610062893082,0.990580847723705,0.103235747303544,0.105095541401274,0.589312977099237,0.578866768759571,0.866043613707165,0.575039494470774,0.59236641221374,0.586523736600306,0.102964118564743,0.104938271604938,0.581648522550544,0.102102102102102,0.906727828746177,0.0950871632329636,0.884735202492212,0.106918238993711,0.414110429447853,0.0934150076569678,0.589424572317263,0.594896331738437,0.987767584097859,0.430555555555556,0.096875,0.0972222222222222,0.299065420560748,0.212662337662338,0.587025316455696,0.592417061611374,0.103395061728395,0.584251968503937,0.854003139717425,0.589257503949447,0.111613876319759,1,0.105990783410138,0.100158982511924,0.597222222222222,0.419152276295133,0.592125984251968,0.10459587955626,0.0941915227629513,0.592987804878049,0.604037267080745,0.580060422960725,0.24483306836248,0.591772151898734,0.104361370716511,0.965098634294385,0.105100463678516,0.0987261146496815,0.395061728395062,0.456521739130435,0.586538461538462,0.963549920760697,0.579778830963665,0.101880877742947,0.0910543130990415,0.599374021909233,0.575851393188854,0.485362095531587,0.102009273570325,0.596969696969697,0.685975609756098,0.60763358778626,0.126331811263318,0.627388535031847,0.914893617021277,0.601837672281776,0.583841463414634,0.587955625990491,0.596273291925466,0.591185410334346,0.125190839694656,0.108150470219436,0.60061919504644,0.556089743589744,0.418096723868955,0.864485981308411,0.405448717948718,0.0928792569659443,0.578294573643411,0.91588785046729,0.576086956521739,0.588697017268446,0.717592592592593,0.569858712715856,0.908668730650155,0.570300157977883,0.595238095238095,0.580847723704867,0.592823712948518
"791",1,1,1,1,1,1,0.70096463022508,1,1,0.0964630225080386,1,0.0469483568075117,0.808917197452229,1,0.316455696202532,0.31201248049922,0.0635658914728682,0.675282714054927,1,1,0.295238095238095,0.321259842519685,1,0.161392405063291,1,0.333333333333333,0.321656050955414,1,1,0.777602523659306,0.317757009345794,0.722650231124807,0.959501557632399,0.319182389937107,0,1,0.545741324921136,1,0.302710843373494,1,0.663009404388715,0.678461538461538,0.691833590138675,1,1,0.319554848966614,0.310832025117739,0.311827956989247,0.32348367029549,0.329230769230769,0,1,0.315870570107858,1,1,0.484177215189873,0.565560821484992,1,1,1,0.333333333333333,0.317610062893082,0.319620253164557,0.681181959564541,1,1,0.0347551342812006,1,0.0580152671755725,0.321646341463415,1,0.325545171339564,0.329581993569132,0.969793322734499,0.518518518518518,1,0.314900153609831,0.331269349845201,1,0.318770226537217,0.0912052117263844,0.330173775671406,0.332814930015552,1,0.342271293375394,1,1,1,1,0.686244204018547,1,1,0,0.104199066874028,1,0.0479134466769706,0,1,0.565008025682183,0.667197452229299,1,0.0544,0.309859154929577,1,0.31911532385466,1,0.676609105180534,1,0.318110236220472,0.330188679245283,0.329286798179059,1,0.328616352201258,1,0.49768875192604,1,0.308527131782946,0.305772230889236,0.330792682926829,0.319554848966614,0.488226059654631,0.998439937597504,0.324116743471582,0.324367088607595,1,0.305900621118012,1,1,0.340729001584786,0.553323029366306,1,0.312302839116719,1,0.0435435435435435,1,0.321981424148607,0.673374613003096,0.33641975308642,0.930599369085173,0.435691318327974,0.105345911949686,0.0969793322734499,1,1,0.341307814992026,1,0.317771084337349,1,0.800312012480499,1,0.327476038338658,1,1,1,1,0.335433070866142,1,0.332283464566929,0.261538461538462,1,0.32258064516129,1,0.307086614173228,0.0862068965517241,1,0.314785373608903,1,1,1,0.334862385321101,1,0.332263242375602,1,0.311627906976744,1,0.322222222222222,0.0815047021943574,1,0.632352941176471,1,1,0.311708860759494,1,1,1,1,0.321259842519685,0.312307692307692,1,0.998430141287284,0.325617283950617,0.314785373608903,1,0.456086286594761,0.661218424962853,0,0.320813771517997,0.665123456790123,1,0.331278890600925,1,0.998452012383901,1,0.322884012539185,0.324074074074074,0.33015873015873,1,1,1,0,1,0.31637519872814,0.973520249221184,0.323296354992076,0.306376360808709,0.769828926905132,1,1,1,1,1,0.0475435816164818,0.322327044025157,0.330757341576507,1,0.681318681318681,1,1,0.998422712933754,0.998449612403101,1,1,0.00154320987654321,0.324159021406728,1,0.312903225806452,1,0.304482225656878,1,1,1,1,1,0.327639751552795,1,0.50390015600624,0.328025477707006,0.333846153846154,0.308056872037915,0.330203442879499,0.33122028526149,0.422647527910686,0.33489827856025,0.322378716744914,0.32258064516129,1,0.322884012539185,1,0.685099846390169,0.320251177394035,0.315950920245399,0.342356687898089,1,1,1,0.2601246105919,0.315047021943574,1,0.330188679245283,0.332822085889571,0.317111459968603,0.327073552425665,0.675507020280811,1,0.325038880248834,0.318471337579618,1,0.301612903225806,1,0.317484662576687,0.31832298136646,1,1,1,0.544,1,0.683881064162754,0.0911854103343465,0.325396825396825,1,1,0.101246105919003,0.322530864197531,0.330128205128205,1,1,0.309707241910632,0.0203761755485893,0.00161030595813205,1,1,0.341013824884793,0.998432601880878,1,0.312210200927357,1,1,0.326086956521739,1,1,1,1,0.3234375,0.315068493150685,0.328502415458937,1,1,0.663565891472868,0.31201248049922,1,0.324655436447167,0.304897314375987,1,1,0.998442367601246,1,1,0.325508607198748,1,1,0.104669887278583,0.337404580152672,0.497630331753554,0.315873015873016,0.667711598746082,0.322378716744914,1,0.313001605136437,0.333858267716535,0.257668711656442,0.325581395348837,1,0.326717557251908,1,1,1,0.315372424722662,0.324031007751938,0.998432601880878,0.923202614379085,0.0661417322834646,1,0.318181818181818,0.319422150882825,0.316455696202532,1,0.337858220211161,0.474178403755869,0.331775700934579,0.313178294573643,0.319047619047619,0.308544303797468,1,0.325320512820513,1,1,0,1,0.325581395348837,1,1,1,0.330696202531646,1,0.3136,1,0.834621329211746,1,1,1,0.31937984496124,1,1,0.316614420062696,0.321372854914197,1,1,0.313178294573643,0.183925811437403,1,0.998432601880878,1,0,0.317535545023697,1,0.316692667706708,0.245614035087719,1,0.671339563862928,0.418495297805643,1,1,0.67065868263473,0.697784810126582,0.350078492935636,1,0.319314641744548,1,1,0.331240188383046,1,0.998422712933754,0.00625,0.334375,1,1,0.324960753532182,1,1,0.312903225806452,0.344186046511628,1,1,1,0.52241112828439,0.314329738058552,0.351822503961965,0.322188449848024,0.337984496124031,0.68312101910828,0.328173374613003,0.325,0.320493066255778,0.251968503937008,0.333865814696486,1,0.324655436447167,0.9984,0.330232558139535,0.0861027190332326,0.0519083969465649,1,1,0.0400616332819723,1,0.680981595092024,0.0443740095087163,0.0094488188976378,1,0.68,1,1,0.551181102362205,1,0,0.0749601275917065,1,1,1,0.325949367088608,0.65037037037037,0.688709677419355,0.993836671802773,1,0.982945736434109,0.305555555555556,0.341121495327103,1,0.304487179487179,1,0.374009508716323,0.106180665610143,0.309968847352025,0.327245053272451,0.337268128161889,1,0.0819165378670788,1,1,1,0.263975155279503,0.32755905511811,1,0.32484076433121,1,1,0.308892355694228,1,0.331297709923664,1,0.319182389937107,0.32348367029549,1,0.672,0.324200913242009,1,0.309061488673139,0.752738654147105,0.32258064516129,0.16820987654321,0.322678843226788,0.768987341772152,0.315705128205128,1,0.331269349845201,0.338461538461538,0.29922480620155,1,1,1,0.969354838709677,0.355411954765751,1,0.323943661971831,1,0.320907617504052,0.319634703196347,1,1,1,0.9140625,1,0.316666666666667,0.324534161490683,1,1,0.0512820512820513,0.080952380952381,1,1,0.314873417721519,1,1,0.319047619047619,1,1,0.682170542635659,0.540372670807453,1,0,1,1,0.0974124809741248,0.325545171339564,1,0.329652996845426,0.998417721518987,0.965023847376789,0.998432601880878,0.82398753894081,1,0.330112721417069,1,1,1,0,0.315705128205128,1,1,0.662460567823344,1,0.321144674085851,0.357910906298003,0.327131782945736,1,1,1,0.0970724191063174,0.332263242375602,0.0941558441558442,0.998405103668262,0.317411402157165,0.303680981595092,0.357254290171607,0,1,0.957547169811321,1,1,0.3328,0.310664605873261,0.161392405063291,0.0396825396825397,0.32807570977918,0.315384615384615,0.328746177370031,0,0.322480620155039,1,0,0.319938176197836,1,1,1,0.319083969465649,0.323076923076923,0.0352564102564103,1,0.320251177394035,0.317901234567901,1,1,0.32182103610675,0.684887459807074,1,1,0.693522906793049,1,0.314589665653495,1,0.317034700315457,0.53680981595092,0.669207317073171,0.404545454545455,1,0.301242236024845,0.317683881064163,0.679566563467492,0.666156202143951,1,0.32967032967033,1,0.329803328290469,1,0.31974921630094,0.311111111111111,0.349378881987578,0.521943573667712,0.328478964401294,0.31629392971246,0.658307210031348,0.3198127925117,0.149593495934959,1,0,1,0.3024,1,0,0.329153605015674,0.323248407643312,1,0.057315233785822,1,0.0871632329635499,0.336990595611285,1,0.0665634674922601,0.667716535433071,1,1,1,0.317741935483871,0.0401854714064915,1,0.4234375,0.0924764890282132,0.356374807987711,0.329153605015674,0.325617283950617,1,1,1,1,1,0.0661654135338346,0.996918335901387,0.683153013910355,0.00151515151515152,0.321928460342146,1,1,1,1,0.0854037267080745,0.318952234206472,1,1,1,1,1,1,0.494688922610015,0,1,0.0889570552147239,0.325,0.439178515007899,1,0.398089171974522,0.311290322580645,0.320373250388802,1,0.0404984423676012,0.323529411764706,1,1,0.376996805111821,0.307098765432099,0.311320754716981,0.318840579710145,0.9984375,0.324324324324324,0.323664122137405,0.4224,0.320813771517997,0.969040247678019,0.317147192716237,0.0854838709677419,0.329738058551618,0,1,0.0936507936507937,0.310618066561014,0.326018808777429,0.316455696202532,1,1,1,1,1,1,0.337025316455696,1,0.326018808777429,0.32279534109817,0.609034267912773,0.680445151033386,1,1,0,0.323619631901841,0.123244929797192,0.998484848484849,0.0362204724409449,1,1,0.318471337579618,1,1,0.629807692307692,0.413461538461538,0.998511904761905,0.0900473933649289,0.0983870967741935,1,1,1,0.0933125972006221,0,0.324492979719189,0.4140625,0.320121951219512,0,0.325358851674641,0.0889967637540453,1,1,0.328767123287671,0.321538461538462,0.243710691823899,0.337620578778135,0.317073170731707,0.323574730354391,1,1,0.328025477707006,1,0,1,0.229430379746835,1,0.672926447574335,1,0.318471337579618,0.31139646869984,0.08,0.662519440124417,1,1,0.780410742496051,0.90032154340836,0.328100470957614,0.319554848966614,1,0.326498422712934,0.259904912836767,0.322169059011164,1,0.105990783410138,1,1,0.317683881064163,0.6768,0.3136,1,1,0.312210200927357,0.3198127925117,0.324615384615385,0.869009584664537,0.314696485623003,1,0.0573643410852713,1,1,0.687789799072643,0.649206349206349,0.328571428571429,0.0579937304075235,0.328616352201258,1,1,0.309375,0.32755905511811,0.623639191290824,1,0.309451219512195,0.390357698289269,0.309230769230769,0.987711213517665,0.485759493670886,0.0031055900621118,0.306625577812018,0.327272727272727,0.3344,0.3184,0.321156773211568,0.976708074534162,1,0.316614420062696,0.5568,0.67948717948718,0.235202492211838,0.679611650485437,1,0.32093023255814,0.00160771704180064,0.339563862928349,0.31496062992126,0.378086419753086,0.3264,0,0.334370139968896,0.329032258064516,0.322378716744914,0.311424100156495
"792",1,1,1,1,1,1,0.702875399361022,1,1,0.0933333333333333,1,0.0470957613814757,0.816164817749604,1,0.319554848966614,0.311111111111111,0.0669781931464174,0.687296416938111,1,1,0.289176090468498,0.312,1,0.1546875,1,0.3248,0.316720257234727,1,1,0.793214862681745,0.310618066561014,0.740279937791602,0.968652037617555,0.315955766192733,0,1,0.547619047619048,1,0.296803652968037,1,0.665610142630745,0.682539682539683,0.702660406885759,1,1,0.315960912052117,0.311811023622047,0.30829420970266,0.3171875,0.321428571428571,0,1,0.309262166405024,1,1,0.498371335504886,0.560192616372392,1,1,1,0.328100470957614,0.31911532385466,0.309294871794872,0.675762439807384,1,1,0.0384615384615385,1,0.0595419847328244,0.318681318681319,1,0.315955766192733,0.322422258592471,0.969305331179321,0.515723270440252,1,0.313572542901716,0.330246913580247,1,0.310177705977383,0.0863192182410423,0.323248407643312,0.323296354992076,1,0.329211746522411,1,1,1,1,0.690993788819876,1,1,0,0.101721439749609,1,0.0476190476190476,0,1,0.55718954248366,0.676751592356688,1,0.0576923076923077,0.303656597774245,1,0.307936507936508,1,0.6828125,1,0.313915857605178,0.315873015873016,0.317829457364341,1,0.324921135646688,1,0.493710691823899,1,0.31687898089172,0.3,0.321538461538462,0.315955766192733,0.485668789808917,0.998425196850394,0.314553990610329,0.316993464052288,1,0.306122448979592,1,1,0.335443037974684,0.548837209302326,1,0.318037974683544,1,0.044822256568779,1,0.3125,0.679186228482003,0.324409448818898,0.929577464788732,0.429276315789474,0.0984126984126984,0.0910543130990415,1,1,0.325949367088608,1,0.307692307692308,1,0.816923076923077,1,0.315447154471545,1,1,1,1,0.326433121019108,1,0.322632423756019,0.2574568288854,1,0.312307692307692,1,0.297169811320755,0.0796178343949045,1,0.310064935064935,1,1,1,0.334375,1,0.325396825396825,1,0.301412872841444,1,0.310618066561014,0.0763116057233704,1,0.645214521452145,1,1,0.313915857605178,1,1,1,1,0.321711568938193,0.31201248049922,1,0.998454404945904,0.314814814814815,0.298360655737705,1,0.45859872611465,0.673879443585781,0,0.3125,0.66875,1,0.316923076923077,1,0.998417721518987,1,0.312101910828025,0.321428571428571,0.32183908045977,1,1,1,0,1,0.308943089430894,0.973228346456693,0.32182103610675,0.311811023622047,0.75516693163752,1,1,1,1,1,0.0442338072669826,0.305825242718447,0.328125,1,0.683881064162754,1,1,0.998415213946117,0.9984375,1,1,0.00313479623824451,0.321875,1,0.311501597444089,1,0.302652106084243,1,1,1,1,1,0.316720257234727,1,0.509646302250804,0.325878594249201,0.324031007751938,0.3088,0.316639741518578,0.321766561514196,0.419934640522876,0.328050713153724,0.308411214953271,0.305426356589147,1,0.316957210776545,1,0.690184049079755,0.312111801242236,0.314241486068111,0.331189710610932,1,1,1,0.259083728278041,0.313479623824451,1,0.315457413249211,0.32312404287902,0.310126582278481,0.317034700315457,0.684210526315789,1,0.31937984496124,0.312796208530806,1,0.291935483870968,1,0.305772230889236,0.306603773584906,1,1,1,0.544303797468354,1,0.685446009389671,0.0802469135802469,0.312,1,1,0.0917573872472784,0.31733746130031,0.323481116584565,1,1,0.298273155416013,0.0251177394034537,0.00319488817891374,1,1,0.338509316770186,0.998405103668262,1,0.308777429467085,1,1,0.318681318681319,1,1,1,1,0.325545171339564,0.304147465437788,0.327841845140033,1,1,0.67398119122257,0.314873417721519,1,0.319018404907975,0.292569659442724,1,1,0.998439937597504,1,1,0.3265625,1,1,0.0995184590690209,0.332298136645963,0.486529318541997,0.302547770700637,0.681388012618297,0.314641744548287,1,0.304347826086957,0.32484076433121,0.259259259259259,0.319444444444444,1,0.326251896813354,1,1,1,0.308544303797468,0.320373250388802,0.998444790046656,0.922824302134647,0.0632090761750405,1,0.317535545023697,0.313915857605178,0.303174603174603,1,0.326086956521739,0.47444089456869,0.323809523809524,0.305379746835443,0.312703583061889,0.307692307692308,1,0.321086261980831,1,1,0,1,0.32018927444795,1,1,1,0.321144674085851,1,0.316045380875203,1,0.838810641627543,1,1,1,0.312796208530806,1,1,0.311708860759494,0.3125,1,1,0.315541601255887,0.19188767550702,1,0.998415213946117,1,0,0.297872340425532,1,0.311216429699842,0.246794871794872,1,0.679626749611198,0.439209726443769,1,1,0.683969465648855,0.702572347266881,0.341894060995185,1,0.318611987381703,1,1,0.329032258064516,1,0.998402555910543,0.00801282051282051,0.318979266347687,1,1,0.319218241042345,1,1,0.3088,0.336477987421384,1,1,1,0.529780564263323,0.309262166405024,0.334943639291465,0.319018404907975,0.333333333333333,0.686804451510334,0.324492979719189,0.324409448818898,0.316037735849057,0.242138364779874,0.314424635332253,1,0.315301391035549,0.998410174880763,0.316037735849057,0.0829493087557604,0.0496894409937888,1,1,0.0391849529780564,1,0.690880989180835,0.0428571428571429,0.012924071082391,1,0.683962264150943,1,1,0.537735849056604,1,0,0.0707395498392283,1,1,1,0.325842696629214,0.65424739195231,0.694256756756757,0.9921875,1,0.984227129337539,0.30173775671406,0.333333333333333,1,0.301587301587302,1,0.366666666666667,0.0987261146496815,0.30625,0.311926605504587,0.33502538071066,1,0.0777604976671851,1,1,1,0.25511811023622,0.320967741935484,1,0.322683706070288,1,1,0.312693498452012,1,0.325038880248834,1,0.307568438003221,0.318327974276527,1,0.677830940988836,0.30521472392638,1,0.3008,0.775157232704403,0.31441717791411,0.158982511923688,0.320987654320988,0.779714738510301,0.311582381729201,1,0.322274881516588,0.331259720062208,0.296411856474259,1,1,1,0.972267536704731,0.341584158415842,1,0.316639741518578,1,0.313432835820896,0.3109375,1,1,1,0.919871794871795,1,0.29984544049459,0.309859154929577,1,1,0.05,0.0819935691318328,1,1,0.304975922953451,1,1,0.310618066561014,1,1,0.685534591194969,0.540157480314961,1,0,1,1,0.095679012345679,0.325396825396825,1,0.317034700315457,0.998412698412698,0.969354838709677,0.998422712933754,0.827102803738318,1,0.331168831168831,1,1,1,0,0.310116086235489,1,1,0.672552166934189,1,0.315873015873016,0.357032457496136,0.315955766192733,1,1,1,0.090625,0.3104,0.0926829268292683,0.998405103668262,0.307931570762053,0.313178294573643,0.349529780564263,0,1,0.957278481012658,1,1,0.318840579710145,0.29595015576324,0.158982511923688,0.0398089171974522,0.318252730109204,0.304761904761905,0.325617283950617,0,0.309859154929577,1,0,0.31441717791411,1,1,1,0.31832298136646,0.320182094081942,0.032520325203252,1,0.317307692307692,0.310185185185185,1,1,0.320695102685624,0.694444444444444,1,1,0.696343402225755,1,0.310725552050473,1,0.31637519872814,0.527950310559006,0.674884437596302,0.403374233128834,1,0.293759512937595,0.3109375,0.684458398744113,0.667701863354037,1,0.3198127925117,1,0.315301391035549,1,0.312599681020734,0.305825242718447,0.357142857142857,0.517295597484277,0.316476345840131,0.303317535545024,0.668759811616955,0.314465408805031,0.146381578947368,1,0,1,0.303370786516854,1,0,0.312599681020734,0.314696485623003,1,0.0553846153846154,1,0.0814696485623003,0.345541401273885,1,0.0686427457098284,0.676100628930818,1,1,1,0.310743801652893,0.0414746543778802,1,0.428120063191153,0.0942492012779553,0.351937984496124,0.318681318681319,0.321766561514196,1,1,1,1,1,0.0643185298621746,0.996899224806202,0.694968553459119,0.00300751879699248,0.32018927444795,1,1,1,1,0.0828025477707006,0.314465408805031,1,1,1,1,1,1,0.490712074303406,0,1,0.0853080568720379,0.317891373801917,0.4448,1,0.39708265802269,0.304777594728171,0.314194577352472,1,0.0393700787401575,0.312401883830455,1,1,0.373228346456693,0.315217391304348,0.308426073131955,0.315533980582524,0.998432601880878,0.320450885668277,0.325471698113208,0.408064516129032,0.317111459968603,0.971698113207547,0.315870570107858,0.0792880258899676,0.320695102685624,0,1,0.0848,0.3024,0.311605723370429,0.320967741935484,1,1,1,1,1,1,0.331730769230769,1,0.321766561514196,0.321666666666667,0.610675039246468,0.683788121990369,1,1,0,0.305772230889236,0.112324492979719,0.998463901689708,0.0368589743589744,1,1,0.311216429699842,1,1,0.634304207119741,0.409240924092409,0.996965098634294,0.082258064516129,0.0909090909090909,1,1,1,0.0850722311396469,0,0.317411402157165,0.433753943217666,0.313755795981453,0,0.321027287319422,0.0873015873015873,1,1,0.324492979719189,0.317683881064163,0.242138364779874,0.339256865912762,0.31055900621118,0.312989045383412,1,1,0.3232,1,0,1,0.229665071770335,1,0.677966101694915,1,0.301587301587302,0.305958132045089,0.0766823161189358,0.677018633540373,1,1,0.787066246056782,0.893964110929853,0.312302839116719,0.312803889789303,1,0.3184,0.250793650793651,0.320967741935484,1,0.100158982511924,1,1,0.315286624203822,0.683441558441558,0.304625199362041,1,1,0.300940438871473,0.3008,0.322429906542056,0.857827476038339,0.315789473684211,1,0.0556414219474498,1,1,0.70125786163522,0.644094488188976,0.320388349514563,0.0588235294117647,0.32,1,1,0.307568438003221,0.331723027375201,0.631987577639752,1,0.308641975308642,0.364632237871674,0.307936507936508,0.981042654028436,0.4768,0.00312989045383412,0.301412872841444,0.317484662576687,0.326366559485531,0.305057096247961,0.312404287901991,0.96583850931677,1,0.311424100156495,0.553017944535073,0.687296416938111,0.245222929936306,0.691803278688525,1,0.313694267515924,0.0032,0.317111459968603,0.30564263322884,0.352755905511811,0.31687898089172,0,0.327014218009479,0.309904153354633,0.31629392971246,0.317891373801917
"793",0.305379746835443,0.31924882629108,0.315132605304212,0.323717948717949,0.313178294573643,0.305511811023622,0.008,0.314285714285714,0.304821150855365,0.567140600315956,0.313935681470138,0.638330757341577,0.523052464228935,0.31619937694704,1,1,0.616207951070336,0,0.328571428571429,0.307931570762053,1,1,0.316692667706708,0.510971786833856,0.307346326836582,1,1,0.331746031746032,0.31441717791411,0.534072900158479,1,0.602782071097372,0.367283950617284,0.995319812792512,0.665620094191523,0.309446254071661,0.142857142857143,0.322981366459627,1,0.304147465437788,0.00158982511923688,0,0,0.320695102685624,0.318681318681319,1,0.995260663507109,1,1,1,0.69375,0.327447833065811,1,0.326687116564417,0.310452418096724,0.825471698113208,0.125391849529781,0.322327044025157,0.312693498452012,0.320063694267516,0.993855606758833,1,1,0.0046656298600311,0.314696485623003,0.310185185185185,0.658307210031348,0.323343848580442,0.616541353383459,1,0.31937984496124,1,1,0.275974025974026,0.159442724458204,0.315548780487805,1,0.993865030674847,0.318461538461538,1,0.597402597402597,1,1,0.326086956521739,1,0.322188449848024,0.309148264984227,0.329704510108865,0.314873417721519,0,0.318611987381703,0.31969696969697,0.692307692307692,0.588325652841782,0.3152,0.634441087613293,0.683229813664596,0.309375,0.115755627009646,0,0.3198127925117,0.616954474097331,1,0.317230273752013,1,0.318181818181818,0,0.317683881064163,1,1,1,0.310344827586207,0.996835443037975,0.322834645669291,0.203389830508475,0.307110438729198,1,0.370542635658915,1,1,0.197204968944099,0.309748427672956,1,1,0.331269349845201,1,0.317771084337349,0.318112633181126,0.360501567398119,0.752307692307692,0.328571428571429,1,0.317535545023697,0.634703196347032,0.329052969502408,1,0,1,0.377567140600316,0.888349514563107,0.581395348837209,0.60093896713615,0.310344827586207,0.3216,1,0.32,1,0.301538461538462,0.512269938650307,0.318181818181818,1,0.311424100156495,0.319620253164557,0.321766561514196,0.322429906542056,1,0.307086614173228,1,0.425038639876352,0.324074074074074,1,0.321156773211568,1,0.598736176935229,0.324193548387097,1,0.314241486068111,0.307453416149068,0.330708661417323,0.98755832037325,0.321538461538462,1,0.322429906542056,1,0.318770226537217,1,0.5890625,0.296124031007752,0.0275080906148867,0.296596434359805,0.315625,1,0.308777429467085,0.315457413249211,0.31839258114374,0.327160493827161,1,1,0.3184,0.321372854914197,1,1,0.314728682170543,0.222741433021807,0.0176991150442478,0.6875,1,0.0015552099533437,0.307110438729198,1,0.319422150882825,0.302431610942249,0.309006211180124,0.9984375,1,1,0.326219512195122,0.306709265175719,0.311926605504587,0.690140845070423,0.311004784688995,1,0.336990595611285,1,1,0.443585780525502,0.319047619047619,0.314900153609831,0.315789473684211,0.297674418604651,0.315955766192733,0.644859813084112,1,1,0.317972350230415,0.00311526479750779,0.327217125382263,0.314674735249622,0.31937984496124,0.300155520995334,0.30188679245283,0.320668693009119,0.695852534562212,0.352760736196319,0.304212168486739,1,0.322222222222222,1,0.309815950920245,0.30622009569378,0.310725552050473,0.333863275039746,0.308777429467085,1,0.317683881064163,0.805337519623234,1,1,0.9984375,1,1,0.894736842105263,1,1,1,0.315789473684211,1,0.32396694214876,0,1,0.368663594470046,1,0.321144674085851,0.315286624203822,0.308411214953271,0.400630914826498,1,0.323029366306028,1,1,1,1,0,0.31378763866878,1,1,0.318952234206472,1,0.315068493150685,1,1,0.306962025316456,0.319047619047619,0.302652106084243,0.146189735614308,0.3264,0,0.587878787878788,1,0.308868501529052,0.322683706070288,0.584876543209877,1,1,0.32258064516129,0.334384858044164,1,0.653250773993808,0.696485623003195,0.3046875,0.3168,0.993893129770992,0.319620253164557,0.299850074962519,1,0.315625,0.308510638297872,1,0.30952380952381,0.317683881064163,0.313572542901716,0.313572542901716,1,1,1,0.304147465437788,0.322884012539185,0.00775193798449612,0.992175273865415,0.321766561514196,1,1,0.309341500765697,0.324615384615385,0.299065420560748,0.311320754716981,0.315789473684211,1,0.300787401574803,0.3109375,0.574132492113565,1,0.829652996845426,1,0,1,0.323795180722892,1,1,0.415765069551777,0.998470948012232,0.312698412698413,1,0.307936507936508,0.305164319248826,0.312111801242236,1,1,0.312989045383412,0.405797101449275,0.606687898089172,0.297939778129952,1,1,1,0.319620253164557,1,0.203732503888025,1,1,1,1,0.32,1,0.317589576547231,0.327613104524181,0.674961119751166,0.299684542586751,1,0.323076923076923,0.314900153609831,0.314606741573034,1,0.31039755351682,1,0.316030534351145,0.470588235294118,0.327217125382263,0.319554848966614,0.313084112149533,1,0.316535433070866,0.298578199052133,1,1,0.324534161490683,0.310832025117739,1,0.472477064220183,0.311320754716981,0.323076923076923,0.326120556414219,0.687692307692308,1,0.29126213592233,1,0.407232704402516,0.316692667706708,0,0.881901840490798,0.313694267515924,0.316118935837246,0,0.0266875981161695,0.979655712050078,0.318681318681319,1,0.315286624203822,0.314194577352472,1,0.320987654320988,0.318471337579618,0.673374613003096,1,0.311424100156495,0.323809523809524,1,0.314152410575428,0.305732484076433,1,0.327666151468315,0.309148264984227,0.3171875,0.324074074074074,0.809891808346213,1,0.979623824451411,1,1,0,1,0.992211838006231,1,0.422955974842767,0.996810207336523,0.30381679389313,0.992389649923896,0.326018808777429,0.99537750385208,0.605143721633888,0.631901840490798,0.320610687022901,0.316998468606432,0.641838351822504,0.3168,0,0.631911532385466,0.686119873817035,0.31937984496124,0,0.308411214953271,0.307692307692308,0.761217948717949,0.323390894819466,0.688854489164087,0.587301587301587,0.320695102685624,0.31306990881459,0.294670846394984,1,0.0226586102719033,0,0.314641744548287,0.325115562403698,0.337461300309598,1,0.330232558139535,0.313084112149533,1,0.306376360808709,0.944530046224962,0.573033707865168,1,1,0.991735537190083,0.319018404907975,0.608231707317073,0.320493066255778,0.306188925081433,0.312302839116719,0.414483821263482,1,0.3046875,1,0.322632423756019,0.317817014446228,1,0.320063694267516,1,0.322932917316693,1,1,0.31974921630094,0,1,0.321316614420063,1,0.5671875,1,0.503912363067293,1,0.567140600315956,1,0.3232,1,1,1,0.30829420970266,0.318255250403877,0.312404287901991,0.358974358974359,0.319148936170213,0.305164319248826,1,0.325545171339564,1,1,0.320987654320988,0.314375987361769,0.318112633181126,0.38740157480315,0.324159021406728,1,1,0.324159021406728,0.322169059011164,0.630818619582664,0.597774244833068,0.317683881064163,0.320063694267516,1,0.31055900621118,0.31651376146789,0.995297805642633,0.302884615384615,0.31839258114374,0,0.136085626911315,0.31687898089172,0.678678678678679,0.309033280507132,0.322530864197531,0.6,0.996889580093313,0.316957210776545,1,0.312111801242236,0.343402225755167,0.31911532385466,0.475155279503106,0.310832025117739,1,0.320493066255778,0.31687898089172,0.333865814696486,0.691358024691358,1,0.327974276527331,0.311728395061728,0,0.323574730354391,0.998417721518987,0.953488372093023,1,0.317901234567901,0.324574961360124,0.319620253164557,0.587253414264036,1,0.589171974522293,0.326594090202177,1,1,0.966412213740458,0.673946957878315,0.325038880248834,0.359937402190923,0.320872274143302,0.317073170731707,1,1,0.512539184952978,0.636505460218409,1,1,0.998435054773083,0.695374800637959,1,0.320552147239264,0.686708860759494,1,0.32,0.313291139240506,0.31687898089172,0.996960486322188,1,0.644588045234249,0.319018404907975,1,1,0.319444444444444,0.30503144654088,0.998439937597504,0,0.314873417721519,0.309148264984227,0.0062111801242236,0.309667673716012,1,0.3104,1,0.144615384615385,0,0.900151285930408,0.327102803738318,1,1,0,0,0.326656394453005,1,0.311708860759494,0.998477929984779,0.305993690851735,1,0.998430141287284,0.965408805031447,0.769110764430577,1,1,0.0062992125984252,1,0.515923566878981,0.326498422712934,0.67921686746988,0.325038880248834,1,0.302795031055901,0.671899529042386,1,1,0.314424635332253,0.619414483821264,0.327639751552795,0.593354430379747,0.9734375,0.327073552425665,0.597200622083981,0.0125195618153365,0.304552590266876,0.322480620155039,0.315625,1,0.637480798771121,0.299546142208775,0.894899536321484,0.592295345104334,0.967889908256881,1,1,0.311145510835913,0.339228295819936,0.309178743961353,0.312597200622084,0.316692667706708,0.613149847094801,0.304615384615385,0,0.682422451994092,0.998444790046656,0.3234375,0.305511811023622,0.314332247557003,0.322678843226788,0.609907120743034,1,0.32469512195122,0.33489827856025,0.334959349593496,0.322327044025157,0.314241486068111,0.312989045383412,0.190184049079755,0.688995215311005,0.313572542901716,0.6,1,0.2328125,0.310452418096724,0.925632911392405,1,1,0.31055900621118,0.637329286798179,1,0.313455657492355,0.293460925039872,0.952456418383518,1,1,0.998410174880763,0.320552147239264,1,1,0.897959183673469,1,0.345146379044684,1,0.592356687898089,1,0.675925925925926,0.313694267515924,0.600633914421553,1,1,0.990521327014218,0.326186830015314,0.316846986089645,0.324237560192616,0.322884012539185,0.326298701298701,0.323051948051948,0.984326018808777,0.313846153846154,1,1,0.705069124423963,0,0.318529862174579,0.314329738058552,0.68380062305296,1,0.569858712715856,0.329787234042553,0.647244094488189,0.313084112149533,0.311793214862682,1,0.311708860759494,0.318032786885246,0.687010954616588,0.907051282051282,0.314787701317716,0.601895734597156,0.578616352201258,0.3198127925117,0.324367088607595,0.307692307692308,0.598765432098765,0.68167701863354,1,0.903937007874016,1,0.668188736681887,0.99685534591195,0.598116169544741,0.309597523219814,0.319620253164557,1,1,0.419003115264797,0.993650793650794,0.996918335901387,1,0.313178294573643,0.320872274143302,1,0.306646525679758,0.686635944700461,0.330757341576507,0.447409733124019,0.301261829652997,0,0.310769230769231,1,1,0.595015576323987,0,0.334379905808477,0.320126782884311,0.0984375,0.415857605177994,1,1,0.311627906976744,1,0.405023547880691,1,0.327217125382263,0.597222222222222,0.317683881064163,0.315286624203822,1,0,1,0.306451612903226,0.324324324324324,1,1,1,0.443548387096774,1,0.318818040435459,0.612752721617418,0.323076923076923,0.325842696629214,0,0.0361635220125786,1,0.621236133122029,1,0.3265625,0.325242718446602,1,1,0.16403785488959,0.303875968992248,1,0.894977168949772,1,0.320433436532508,0.198717948717949,0.67651632970451,1,1,1,1,1,0.276497695852535,0.301109350237718,1,0.120325203252033,0,0.430577223088924,0,0.320695102685624,1,0.677672955974843,1,1,0.889580093312597,1,0.676470588235294,1,1,1,1
"794",0.706168831168831,0.688102893890675,0.685483870967742,0.664484451718494,0.688,0.694444444444444,0.98694942903752,0.67430441898527,0.685714285714286,0.433774834437086,0.680817610062893,0.373608903020668,0.483766233766234,0.67862969004894,0,0,0.386942675159236,1,0.675895765472313,0.693418940609952,0,0,0.68088467614534,0.480127186009539,0.68167701863354,0,0,0.66612641815235,0.69375,0.470779220779221,0,0.415094339622642,0.626749611197512,0.00483870967741936,0.338141025641026,0.687813021702838,0.858054226475279,0.67879746835443,0,0.694753577106518,0.998387096774194,1,1,0.660743134087238,0.678456591639871,0,0.00488599348534202,0,0,0,0.315286624203822,0.669381107491857,0,0.682539682539683,0.6864,0.191558441558442,0.869494290375204,0.681229773462783,0.69047619047619,0.674085850556439,0.00628930817610063,0,0,0.996742671009772,0.681372549019608,0.686804451510334,0.34887459807074,0.67741935483871,0.390168970814132,0,0.677725118483412,0,0,0.726072607260726,0.831230283911672,0.684129429892142,0,0.004739336492891,0.684044233807267,0,0.391447368421053,0,0,0.669918699186992,0,0.673374613003096,0.679674796747967,0.673107890499195,0.687196110210697,1,0.683788121990369,0.668702290076336,0.306603773584906,0.4128,0.684975767366721,0.371875,0.316639741518578,0.689984101748808,0.873146622734761,1,0.68860353130016,0.383252818035427,0,0.685761047463175,0,0.686084142394822,1,0.680851063829787,0,0,0,0.695924764890282,0.0032,0.676236044657097,0.786729857819905,0.689547581903276,0,0.61198738170347,0,0,0.790064102564103,0.684044233807267,0,0,0.67304625199362,0,0.685975609756098,0.680314960629921,0.618892508143323,0.225196850393701,0.672609400324149,0,0.668810289389068,0.376160990712074,0.663920922570016,0,1,0,0.614516129032258,0.10981697171381,0.422077922077922,0.41025641025641,0.686305732484076,0.682769726247987,0,0.682108626198083,0,0.692185007974482,0.5046875,0.678683385579937,0,0.691082802547771,0.678343949044586,0.6784,0.684380032206119,0,0.692058346839546,0,0.563779527559055,0.677115987460815,0,0.679365079365079,0,0.404494382022472,0.684975767366721,0,0.679936305732484,0.682539682539683,0.6656,0.0126984126984127,0.67205169628433,0,0.679674796747967,0,0.681818181818182,0,0.414012738853503,0.700949367088608,0.965346534653465,0.701130856219709,0.68088467614534,0,0.693053311793215,0.6768,0.677777777777778,0.6752,0,0,0.675282714054927,0.670947030497592,0,0,0.677830940988836,0.7508038585209,0.980182926829268,0.319182389937107,0,0.998405103668262,0.680379746835443,0,0.68026101141925,0.688188976377953,0.681962025316456,0.00324149108589951,0,0,0.671875,0.680781758957655,0.684126984126984,0.323577235772358,0.693181818181818,0,0.6528,0,0,0.548644338118022,0.679611650485437,0.676100628930818,0.671383647798742,0.698564593301435,0.687296416938111,0.369009584664537,0,0,0.684044233807267,0.998430141287284,0.675039246467818,0.682027649769585,0.673534072900158,0.691318327974277,0.703703703703704,0.686335403726708,0.30173775671406,0.633070866141732,0.689490445859873,0,0.676282051282051,0,0.690590111642743,0.700162074554295,0.679674796747967,0.676422764227642,0.690163934426229,0,0.673501577287066,0.207855973813421,0,0,0.00164473684210526,0,0,0.102941176470588,0,0,0,0.6801872074883,0,0.674457429048414,1,0,0.60062893081761,0,0.677884615384615,0.674757281553398,0.687702265372168,0.573692551505547,0,0.677115987460815,0,0,0,0,1,0.690821256038647,0,0,0.681089743589744,0,0.676609105180534,0,0,0.69047619047619,0.679092382495948,0.692307692307692,0.84775641025641,0.677884615384615,1,0.408320493066256,0,0.682692307692308,0.676422764227642,0.416534181240064,0,0,0.675986842105263,0.67205169628433,0,0.346278317152104,0.298701298701299,0.692682926829268,0.679153094462541,0.00783699059561128,0.668261562998405,0.690184049079755,0,0.690437601296596,0.687400318979266,0,0.686998394863563,0.682615629984051,0.690095846645367,0.680445151033386,0,0,0,0.68362480127186,0.665064102564103,0.990506329113924,0.00635930047694754,0.66884176182708,0,0,0.685534591194969,0.674961119751166,0.693650793650794,0.68,0.68621236133122,0,0.689320388349515,0.691318327974277,0.423948220064725,0,0.152866242038217,0,1,0,0.675078864353312,0,0,0.570300157977883,0.00156985871271586,0.684294871794872,0,0.694174757281553,0.702093397745572,0.683544303797468,0,0,0.68,0.595081967213115,0.401612903225806,0.69721767594108,0,0,0,0.680851063829787,0,0.786858974358974,0,0,0,0,0.677777777777778,0,0.68046357615894,0.666666666666667,0.318979266347687,0.700647249190938,0,0.673015873015873,0.673469387755102,0.689822294022617,0,0.695102685624013,0,0.673374613003096,0.519872813990461,0.6832,0.67986798679868,0.69047619047619,0,0.681020733652313,0.694041867954911,0,0,0.670967741935484,0.688394276629571,0,0.515673981191223,0.68130081300813,0.668820678513732,0.676100628930818,0.326332794830372,0,0.695364238410596,0,0.569331158238173,0.687301587301587,1,0.123613312202853,0.683606557377049,0.67304625199362,1,0.963492063492064,0.0203125,0.682692307692308,0,0.689210950080515,0.681967213114754,0,0.673566878980892,0.67483660130719,0.335473515248796,0,0.676282051282051,0.681089743589744,0,0.682615629984051,0.687702265372168,0,0.657142857142857,0.693944353518822,0.67879746835443,0.667731629392971,0.199685534591195,0,0.0224719101123595,0,0,1,0,0.00630914826498423,0,0.562700964630225,0.00325732899022801,0.685534591194969,0.0062015503875969,0.667205169628433,0.00316957210776545,0.391371340523883,0.378548895899054,0.677018633540373,0.684867394695788,0.371794871794872,0.671641791044776,1,0.374203821656051,0.318255250403877,0.68362480127186,1,0.68312101910828,0.692185007974482,0.219869706840391,0.678855325914149,0.315619967793881,0.404567699836868,0.683279742765273,0.681388012618297,0.692556634304207,0,0.972222222222222,1,0.678233438485804,0.670947030497592,0.668276972624799,0,0.653721682847896,0.676328502415459,0,0.692307692307692,0.0610932475884244,0.431855500821018,0,0,0.00686106346483705,0.677570093457944,0.390551181102362,0.683076923076923,0.691056910569106,0.686688311688312,0.565830721003135,0,0.686786296900489,0,0.672667757774141,0.67741935483871,0,0.672697368421053,0,0.669341894060995,0,0,0.67304625199362,1,0,0.669856459330144,0,0.415605095541401,0,0.487261146496815,0,0.4288,0,0.67373572593801,0,0,0,0.691693290734824,0.667741935483871,0.6890625,0.645107794361526,0.660033167495854,0.693679092382496,0,0.6752,0,0,0.674085850556439,0.676567656765677,0.686028257456829,0.603174603174603,0.675548589341693,0,0,0.667192429022082,0.672158154859967,0.383870967741935,0.407051282051282,0.683544303797468,0.684380032206119,0,0.693522906793049,0.681181959564541,0.00632911392405063,0.683168316831683,0.688888888888889,1,0.854914196567863,0.683870967741935,0.324534161490683,0.689274447949527,0.684627575277338,0.40809968847352,0.00161550888529887,0.675850891410049,0,0.685805422647528,0.6464,0.686786296900489,0.518987341772152,0.678343949044586,0,0.682965299684543,0.677631578947368,0.67536704730832,0.316770186335404,0,0.676282051282051,0.681020733652313,1,0.677725118483412,0.0016,0.0431309904153355,0,0.67948717948718,0.677777777777778,0.68130081300813,0.411392405063291,0,0.405537459283388,0.660771704180064,0,0,0.0374414976599064,0.3248,0.669871794871795,0.634185303514377,0.67879746835443,0.675039246467818,0,0,0.477272727272727,0.369181380417335,0,0,0.00158730158730159,0.300492610837438,0,0.670846394984326,0.323296354992076,0,0.670947030497592,0.686084142394822,0.683279742765273,0.00317460317460317,0,0.365448504983389,0.676236044657097,0,0,0.670436187399031,0.691455696202532,0.00157977883096367,1,0.683788121990369,0.691813804173355,0.99512987012987,0.685126582278481,0,0.685950413223141,0,0.849765258215962,1,0.0962732919254658,0.668789808917197,0,0,1,1,0.674679487179487,0,0.68189233278956,0.00156739811912226,0.692182410423453,0,0.00161550888529887,0.0385852090032154,0.207606973058637,0,0,0.995215311004785,0,0.478119935170178,0.671031096563011,0.33489827856025,0.67192429022082,0,0.687301587301587,0.329617834394904,0,0,0.676470588235294,0.390697674418605,0.668261562998405,0.413961038961039,0.022508038585209,0.668831168831169,0.406698564593301,0.987158908507223,0.695161290322581,0.671974522292994,0.676848874598071,0,0.368916797488226,0.691943127962085,0.11470113085622,0.420195439739414,0.0347003154574132,0,0,0.688995215311005,0.663398692810457,0.689710610932476,0.6890625,0.686900958466454,0.388036809815951,0.690625,1,0.326687116564417,0.00159235668789809,0.679425837320574,0.69551282051282,0.685337726523888,0.676056338028169,0.397129186602871,0,0.666131621187801,0.65905383360522,0.669421487603306,0.684210526315789,0.676145339652449,0.680064308681672,0.796238244514107,0.315024232633279,0.685393258426966,0.397151898734177,0,0.755980861244019,0.684466019417476,0.0800653594771242,0,0,0.6848,0.3776,0,0.67948717948718,0.693290734824281,0.0452342487883683,0,0,0.00162337662337662,0.675675675675676,0,0,0.0996784565916399,0,0.647798742138365,0,0.409385113268608,0,0.323854660347551,0.695024077046549,0.402576489533011,0,0,0.00974025974025974,0.669278996865204,0.671406003159558,0.678929765886288,0.688394276629571,0.664473684210526,0.671497584541063,0.0198347107438017,0.694753577106518,0,0,0.275806451612903,1,0.676609105180534,0.681889763779528,0.322327044025157,0,0.44122383252818,0.678071539657854,0.366987179487179,0.683788121990369,0.682258064516129,0,0.686084142394822,0.684210526315789,0.303079416531605,0.0885245901639344,0.682588597842835,0.392156862745098,0.421474358974359,0.674528301886792,0.676948051948052,0.697160883280757,0.402555910543131,0.318611987381703,0,0.113114754098361,0,0.331259720062208,0.00318471337579618,0.416393442622951,0.688709677419355,0.67373572593801,0,0,0.55877616747182,0.00478468899521531,0.00158478605388273,0,0.688311688311688,0.671949286846276,0,0.68062015503876,0.326984126984127,0.662884927066451,0.538336052202284,0.702614379084967,1,0.687203791469194,0,0,0.411949685534591,1,0.666131621187801,0.678972712680578,0.915064102564103,0.57799671592775,0,0,0.691455696202532,0,0.582381729200653,0,0.677966101694915,0.419152276295133,0.6768,0.683441558441558,0,1,0,0.691935483870968,0.673107890499195,0,0,0,0.550488599348534,0,0.682258064516129,0.38740157480315,0.674085850556439,0.671592775041051,1,0.955555555555556,0,0.392344497607655,0,0.673667205169628,0.670510708401977,0,0,0.829153605015674,0.693418940609952,0,0.1046875,0,0.679245283018868,0.788524590163934,0.337060702875399,0,0,0,0,0,0.717011128775835,0.699186991869919,0,0.876871880199667,1,0.548031496062992,1,0.668831168831169,0,0.328616352201258,0,0,0.111464968152866,0,0.321259842519685,0,0,0,0
"795",0.286415711947627,0.310509554140127,0.307570977917981,0.320450885668277,0.299373040752351,0.302215189873418,0.00966183574879227,0.316129032258064,0.302507836990596,0.580487804878049,0.310832025117739,0.646687697160883,0.513911620294599,0.309748427672956,1,1,0.629107981220657,0,0.313408723747981,0.304975922953451,1,1,0.314152410575428,0.513470681458003,0.30030959752322,1,1,0.319078947368421,0.301412872841444,0.516233766233766,1,0.587955625990491,0.352574102964119,1,0.673633440514469,0.307563025210084,0.137440758293839,0.309262166405024,1,0.288611544461778,0.00159235668789809,0,0,0.315372424722662,0.306688417618271,1,0.996789727126806,1,1,1,0.693037974683544,0.317817014446228,1,0.318110236220472,0.306603773584906,0.814332247557003,0.1216,0.318910256410256,0.309859154929577,0.31687898089172,0.993798449612403,1,1,0.0048,0.311688311688312,0.312202852614897,0.665056360708535,0.310177705977383,0.615740740740741,1,0.310077519379845,1,1,0.269230769230769,0.159937888198758,0.308755760368664,1,0.996899224806202,0.311424100156495,1,0.611382113821138,1,1,0.312202852614897,1,0.31104199066874,0.308186195826645,0.318910256410256,0.308306709265176,0,0.309791332263242,0.312111801242236,0.7056,0.59047619047619,0.302588996763754,0.650621118012422,0.692675159235669,0.310452418096724,0.12106135986733,0,0.309148264984227,0.631493506493506,1,0.306055646481178,1,0.307324840764331,0,0.310236220472441,1,1,1,0.298887122416534,0.998415213946117,0.311004784688995,0.1953125,0.301857585139319,1,0.373608903020668,1,1,0.1984,0.307086614173228,1,1,0.318979266347687,1,0.308282208588957,0.301538461538462,0.358851674641148,0.753822629969419,0.310289389067524,1,0.321027287319422,0.642089093701997,0.326732673267327,1,0.00157728706624606,1,0.368589743589744,0.880794701986755,0.593949044585987,0.599358974358974,0.301261829652997,0.313628899835796,1,0.302066772655008,1,0.291139240506329,0.497659906396256,0.310077519379845,1,0.295819935691318,0.302694136291601,0.314516129032258,0.314606741573034,1,0.294117647058824,1,0.42992125984252,0.316118935837246,1,0.312597200622084,1,0.601910828025478,0.310177705977383,1,0.313099041533546,0.305772230889236,0.319554848966614,0.989010989010989,0.317965023847377,1,0.3104,1,0.306156405990017,1,0.600313479623824,0.288216560509554,0.0276872964169381,0.285251215559157,0.300632911392405,1,0.292913385826772,0.305246422893482,0.309148264984227,0.317535545023697,1,1,0.30655737704918,0.313385826771654,1,1,0.313479623824451,0.236677115987461,0.0183767228177642,0.7,1,0.00157977883096367,0.303543913713405,1,0.302439024390244,0.297213622291022,0.300940438871473,0.996805111821086,1,1,0.316358024691358,0.300500834724541,0.309033280507132,0.693811074918567,0.300319488817891,1,0.325320512820513,1,1,0.431034482758621,0.31687898089172,0.314375987361769,0.312101910828025,0.295774647887324,0.302884615384615,0.65149136577708,1,1,0.30298273155416,0.00313479623824451,0.313364055299539,0.302180685358255,0.317307692307692,0.299050632911392,0.291600633914422,0.308166409861325,0.708006279434851,0.365891472868217,0.292134831460674,1,0.312703583061889,1,0.304075235109718,0.303514376996805,0.295638126009693,0.322006472491909,0.298045602605863,1,0.312302839116719,0.798076923076923,1,1,0.998387096774194,1,1,0.890499194847021,1,1,1,0.305511811023622,1,0.309602649006623,0,1,0.38125,1,0.31023102310231,0.3216,0.303030303030303,0.42472266244057,1,0.320251177394035,1,1,1,1,0,0.308917197452229,1,1,0.311793214862682,1,0.302652106084243,1,1,0.301765650080257,0.313408723747981,0.300787401574803,0.147151898734177,0.315705128205128,0,0.597809076682316,1,0.308777429467085,0.312796208530806,0.588419405320814,1,1,0.313915857605178,0.314845024469821,1,0.668231611893584,0.705314009661836,0.297734627831715,0.311986863711002,0.995305164319249,0.319620253164557,0.290571870170015,1,0.303030303030303,0.294303797468354,1,0.294871794871795,0.301916932907348,0.300314465408805,0.313195548489666,1,1,1,0.29951690821256,0.317230273752013,0.00632911392405063,0.993650793650794,0.320907617504052,1,1,0.306376360808709,0.322884012539185,0.293838862559242,0.3056,0.301282051282051,1,0.2928,0.295819935691318,0.581967213114754,1,0.826645264847512,1,0,1,0.314814814814815,1,1,0.414976599063963,1,0.307817589576547,1,0.305466237942122,0.304552590266876,0.303125,1,1,0.304897314375987,0.392857142857143,0.621311475409836,0.292134831460674,1,1,1,0.314516129032258,1,0.197472353870458,1,1,1,1,0.314641744548287,1,0.315091210613599,0.325878594249201,0.680952380952381,0.30016051364366,1,0.30952380952381,0.312111801242236,0.306055646481178,1,0.30077519379845,1,0.308892355694228,0.473270440251572,0.309262166405024,0.308319738988581,0.3078125,1,0.310064935064935,0.295454545454545,1,1,0.310344827586207,0.301435406698565,1,0.478740157480315,0.306425041186161,0.317460317460317,0.326498422712934,0.683464566929134,1,0.27986906710311,1,0.417335473515249,0.296650717703349,0,0.877138413685848,0.307568438003221,0.311111111111111,0,0.0365079365079365,0.980891719745223,0.305379746835443,1,0.30064308681672,0.295986622073579,1,0.313572542901716,0.30622009569378,0.675675675675676,1,0.313385826771654,0.309904153354633,1,0.294770206022187,0.286644951140065,1,0.332807570977918,0.307568438003221,0.310344827586207,0.319554848966614,0.793375394321767,1,0.980707395498392,1,1,0.00159489633173844,1,0.99685534591195,1,0.41838351822504,1,0.298273155416013,0.996899224806202,0.318979266347687,0.998417721518987,0.613496932515337,0.638932496075353,0.305295950155763,0.300155520995334,0.648953301127214,0.304777594728171,0,0.637820512820513,0.684294871794872,0.3109375,0.0015748031496063,0.30503144654088,0.298555377207063,0.753993610223642,0.309748427672956,0.694006309148265,0.604612850082372,0.303030303030303,0.316770186335404,0.29047619047619,1,0.0261941448382126,0,0.309859154929577,0.317891373801917,0.32753164556962,1,0.330143540669856,0.30298273155416,1,0.294585987261146,0.940988835725678,0.573505654281099,1,1,0.99660441426146,0.309486780715397,0.61198738170347,0.310769230769231,0.304065040650407,0.307570977917981,0.422776911076443,1,0.297045101088647,1,0.307817589576547,0.313821138211382,1,0.309677419354839,1,0.310897435897436,1,1,0.310344827586207,0,1,0.311145510835913,1,0.559429477020602,1,0.5086887835703,1,0.551612903225806,1,0.305555555555556,1,1,1,0.298722044728434,0.3125,0.313971742543171,0.339373970345964,0.327212020033389,0.30625,1,0.3104,1,1,0.314465408805031,0.308917197452229,0.305379746835443,0.381329113924051,0.317411402157165,1,1,0.3198127925117,0.310177705977383,0.641233766233766,0.600638977635783,0.310725552050473,0.303174603174603,1,0.295238095238095,0.300462249614792,0.993650793650794,0.294308943089431,0.306477093206951,0,0.138198757763975,0.3056,0.689291101055807,0.301916932907348,0.3168,0.6125,0.996794871794872,0.301458670988655,1,0.307073954983923,0.3359375,0.304416403785489,0.471786833855799,0.301435406698565,1,0.303265940902022,0.310289389067524,0.318840579710145,0.69969040247678,1,0.321311475409836,0.306376360808709,0,0.322274881516588,1,0.953125,1,0.304212168486739,0.315286624203822,0.307324840764331,0.594679186228482,1,0.599673202614379,0.319286871961102,1,1,0.968602825745683,0.691813804173355,0.3168,0.350710900473934,0.310452418096724,0.311526479750779,1,1,0.507246376811594,0.645833333333333,1,1,1,0.702922077922078,1,0.315047021943574,0.691943127962085,1,0.309904153354633,0.311897106109325,0.310289389067524,1,1,0.662273476112026,0.303514376996805,1,1,0.31378763866878,0.302839116719243,1,0,0.304,0.301587301587302,0.00641025641025641,0.306122448979592,1,0.305057096247961,1,0.146417445482866,0,0.896124031007752,0.306962025316456,1,1,0,0.00157977883096367,0.3125,1,0.307817589576547,0.998463901689708,0.305057096247961,1,0.998402555910543,0.961722488038278,0.770932069510269,1,1,0.00482315112540193,1,0.523887973640857,0.306946688206785,0.679365079365079,0.316535433070866,1,0.299050632911392,0.685393258426966,1,1,0.299352750809061,0.623255813953488,0.315541601255887,0.5888,0.970873786407767,0.3264,0.61389337641357,0.0111642743221691,0.29746835443038,0.307324840764331,0.311912225705329,1,0.64797507788162,0.299065420560748,0.886942675159236,0.595161290322581,0.97045101088647,1,1,0.302066772655008,0.327922077922078,0.296900489396411,0.304,0.307324840764331,0.623052959501558,0.291139240506329,0,0.687405159332322,1,0.318979266347687,0.294498381877023,0.306188925081433,0.3125,0.609105180533752,1,0.319875776397516,0.324717285945073,0.318627450980392,0.307814992025518,0.30625,0.299679487179487,0.192846034214619,0.691813804173355,0.303030303030303,0.604068857589984,1,0.228209191759113,0.314102564102564,0.919093851132686,1,1,0.296474358974359,0.648902821316614,1,0.308056872037915,0.290529695024077,0.956661316211878,1,1,0.998389694041868,0.304416403785489,1,1,0.893650793650794,1,0.342679127725857,1,0.596059113300493,1,0.681672025723473,0.303715670436187,0.608974358974359,1,1,0.9936,0.31496062992126,0.322274881516588,0.310569105691057,0.308544303797468,0.312903225806452,0.311793214862682,0.984025559105431,0.306477093206951,1,1,0.706624605678233,0,0.304416403785489,0.305295950155763,0.692551505546751,1,0.57097288676236,0.319508448540707,0.651757188498403,0.304897314375987,0.308072487644152,1,0.302439024390244,0.304918032786885,0.676328502415459,0.90531561461794,0.309090909090909,0.607431340872375,0.582802547770701,0.315955766192733,0.318770226537217,0.296238244514107,0.597774244833068,0.68944099378882,1,0.889245585874799,1,0.677570093457944,1,0.591276252019386,0.310725552050473,0.307073954983923,1,1,0.424679487179487,0.995145631067961,0.998420221169036,1,0.310679611650485,0.317610062893082,1,0.299847792998478,0.693270735524257,0.317307692307692,0.454253611556982,0.293354943273906,0,0.296998420221169,1,1,0.6016,0.0015600624024961,0.315705128205128,0.306089743589744,0.0979133226324237,0.4,1,1,0.305111821086262,1,0.415605095541401,1,0.316614420062696,0.592125984251968,0.3136,0.304625199362041,1,0,1,0.300324675324675,0.311216429699842,1,1,1,0.424390243902439,1,0.314785373608903,0.6171875,0.3232,0.317355371900826,0.00158478605388273,0.0365659777424483,1,0.631496062992126,1,0.318681318681319,0.323333333333333,1,1,0.1640625,0.303030303030303,1,0.900473933649289,1,0.304953560371517,0.196747967479675,0.677672955974843,1,1,1,1,1,0.280314960629921,0.298387096774194,1,0.118226600985222,0.00159744408945687,0.440570522979398,0,0.314009661835749,1,0.690553745928339,1,1,0.888364779874214,1,0.684375,1,1,1,1
"796",1,1,1,1,1,1,0.721666666666667,1,1,0.102141680395387,1,0.0428571428571429,0.805422647527911,1,0.309061488673139,0.286858974358974,0.0645669291338583,0.697829716193656,1,1,0.282009724473258,0.311074918566775,1,0.157051282051282,1,0.312202852614897,0.315789473684211,1,1,0.769983686786297,0.299363057324841,0.729299363057325,0.966453674121406,0.301612903225806,0,1,0.546603475513428,1,0.296124031007752,1,0.678571428571429,0.6928,0.705229793977813,1,1,0.309602649006623,0.302066772655008,0.293929712460064,0.310618066561014,0.315789473684211,0,1,0.297939778129952,1,1,0.487096774193548,0.564935064935065,1,1,1,0.319554848966614,0.298555377207063,0.301587301587302,0.690705128205128,1,1,0.0357723577235772,1,0.0592823712948518,0.305426356589147,1,0.313694267515924,0.313014827018122,0.970049916805324,0.519872813990461,1,0.299050632911392,0.322222222222222,1,0.307565789473684,0.0918196994991653,0.32,0.316129032258064,1,0.325914149443561,1,1,1,1,0.699680511182109,1,1,0.00161550888529887,0.107594936708861,1,0.0452418096723869,0,1,0.569306930693069,0.690671031096563,1,0.0561797752808989,0.297124600638978,1,0.299840510366826,1,0.696,1,0.301948051948052,0.303174603174603,0.307324840764331,1,0.310789049919485,1,0.503134796238245,1,0.297427652733119,0.304075235109718,0.310832025117739,0.306188925081433,0.481421647819063,1,0.31104199066874,0.305647840531561,1,0.293460925039872,1,1,0.332258064516129,0.540752351097179,1,0.300324675324675,1,0.0438184663536776,1,0.3024,0.690705128205128,0.322061191626409,0.933115823817292,0.420529801324503,0.110032362459547,0.0982286634460548,1,1,0.319870759289176,1,0.30173775671406,1,0.802232854864434,1,0.306799336650083,1,1,1,1,0.319422150882825,1,0.305691056910569,0.2576,1,0.301261829652997,1,0.29635499207607,0.0917874396135266,1,0.302439024390244,1,1,1,0.324921135646688,1,0.314845024469821,1,0.297906602254428,1,0.307692307692308,0.0772946859903382,1,0.640132669983416,1,1,0.304132231404959,1,1,1,1,0.308562197092084,0.294303797468354,1,1,0.309904153354633,0.300826446280992,1,0.454833597464342,0.679012345679012,0,0.307324840764331,0.680129240710824,1,0.310015898251192,1,1,1,0.304487179487179,0.305511811023622,0.308823529411765,1,1,1,0,1,0.294407894736842,0.977309562398703,0.3168,0.296650717703349,0.744749596122779,1,1,1,1,1,0.0419354838709677,0.297734627831715,0.31496062992126,1,0.694968553459119,1,1,1,1,1,1,0.00477707006369427,0.320754716981132,1,0.300492610837438,1,0.293650793650794,1,1,1,1,1,0.315619967793881,1,0.499181669394435,0.309562398703404,0.31911532385466,0.294975688816856,0.307443365695793,0.322006472491909,0.407894736842105,0.318181818181818,0.297427652733119,0.301282051282051,1,0.304975922953451,1,0.69826224328594,0.300632911392405,0.311145510835913,0.318910256410256,1,1,1,0.258842443729904,0.303514376996805,1,0.306818181818182,0.30829420970266,0.291118421052632,0.3072,0.692058346839546,1,0.305164319248826,0.300970873786408,1,0.293046357615894,1,0.30503144654088,0.299352750809061,1,1,1,0.5392,1,0.6976,0.0846394984326019,0.311501597444089,1,1,0.102605863192182,0.313408723747981,0.311986863711002,1,1,0.294585987261146,0.0225442834138486,0.0033112582781457,1,1,0.331775700934579,1,1,0.289763779527559,1,1,0.304975922953451,1,1,1,1,0.318840579710145,0.295489891135303,0.322847682119205,1,1,0.681318681318681,0.303225806451613,1,0.30379746835443,0.294498381877023,1,1,1,1,1,0.313311688311688,1,1,0.107794361525705,0.323854660347551,0.474025974025974,0.300163132137031,0.679092382495948,0.295418641390205,1,0.300163132137031,0.319354838709677,0.264659270998415,0.308917197452229,1,0.316846986089645,1,1,1,0.296596434359805,0.310126582278481,1,0.920398009950249,0.0646203554119548,1,0.303174603174603,0.305194805194805,0.300970873786408,1,0.309748427672956,0.478964401294498,0.309294871794872,0.2912,0.303776683087028,0.292079207920792,1,0.308702791461412,1,1,0,1,0.311290322580645,1,1,1,0.317152103559871,1,0.303776683087028,1,0.8336,1,1,1,0.302250803858521,1,1,0.297906602254428,0.308306709265176,1,1,0.302066772655008,0.198748043818466,1,1,1,0,0.300492610837438,1,0.298076923076923,0.257748776508972,1,0.685714285714286,0.430141287284144,1,1,0.694656488549618,0.720257234726688,0.335504885993485,1,0.307332293291732,1,1,0.315359477124183,1,1,0.0064,0.313099041533546,1,1,0.314516129032258,1,1,0.288961038961039,0.338632750397456,1,1,1,0.512,0.304,0.333881578947368,0.304416403785489,0.325281803542673,0.709003215434084,0.315372424722662,0.313195548489666,0.30503144654088,0.253611556982344,0.301458670988655,1,0.308056872037915,1,0.306962025316456,0.0902021772939347,0.048,1,1,0.0356564019448947,1,0.694704049844237,0.0412044374009509,0.00806451612903226,1,0.685897435897436,1,1,0.539344262295082,1,0,0.0760330578512397,1,1,1,0.314194577352472,0.660030627871363,0.712374581939799,0.993710691823899,1,0.988817891373802,0.28735632183908,0.346278317152104,1,0.292962356792144,1,0.356913183279743,0.11219512195122,0.295238095238095,0.307936507936508,0.324829931972789,1,0.0830721003134796,1,1,1,0.262578616352201,0.314144736842105,1,0.3042071197411,1,1,0.299050632911392,1,0.308282208588957,1,0.295269168026101,0.306188925081433,1,0.693311582381729,0.305772230889236,1,0.299837925445705,0.754807692307692,0.29595015576324,0.167731629392971,0.30564263322884,0.760904684975767,0.292962356792144,1,0.310509554140127,0.31687898089172,0.281847133757962,1,1,1,0.973727422003284,0.349337748344371,1,0.311148086522463,1,0.308600337268128,0.303738317757009,1,1,1,0.919093851132686,1,0.303738317757009,0.312893081761006,1,1,0.0454545454545455,0.0849673202614379,1,1,0.289473684210526,1,1,0.296825396825397,1,1,0.690966719492868,0.539308176100629,1,0,1,1,0.102523659305994,0.308681672025723,1,0.312599681020734,1,0.967373572593801,1,0.8171875,1,0.313432835820896,1,1,1,0,0.3003300330033,1,1,0.683087027914614,1,0.305732484076433,0.344103392568659,0.307332293291732,1,1,1,0.0943396226415094,0.300163132137031,0.0913539967373573,1,0.299840510366826,0.303174603174603,0.331730769230769,0,1,0.954911433172303,1,1,0.309328968903437,0.287735849056604,0.159869494290375,0.0369181380417336,0.306709265175719,0.299186991869919,0.311004784688995,0.00162074554294976,0.297253634894992,1,0,0.310126582278481,1,1,1,0.3104,0.3171875,0.0317195325542571,1,0.301765650080257,0.302507836990596,1,1,0.309791332263242,0.70216306156406,1,1,0.711947626841244,1,0.293375394321767,1,0.31139646869984,0.534072900158479,0.688087774294671,0.392744479495268,1,0.292527821939587,0.306089743589744,0.691935483870968,0.679748822605965,1,0.309409888357257,1,0.311708860759494,1,0.313504823151125,0.301482701812191,0.346278317152104,0.512861736334405,0.307317073170732,0.298187808896211,0.684713375796178,0.303858520900322,0.15025041736227,1,0,1,0.281505728314239,1,0,0.312399355877617,0.303630363036304,1,0.0557275541795666,1,0.0864,0.323529411764706,1,0.0672,0.679032258064516,1,1,1,0.299835255354201,0.0393081761006289,1,0.4352,0.099025974025974,0.346518987341772,0.30952380952381,0.313880126182965,1,1,1,1,1,0.0638629283489097,0.996840442338073,0.697784810126582,0.00467289719626168,0.312202852614897,1,1,1,1,0.0868167202572347,0.309748427672956,1,1,1,1,1,1,0.492913385826772,0.00163934426229508,1,0.0861244019138756,0.309294871794872,0.441269841269841,1,0.374172185430464,0.298507462686567,0.304897314375987,1,0.0385232744783307,0.310832025117739,1,1,0.355987055016181,0.300319488817891,0.303225806451613,0.309243697478992,1,0.315359477124183,0.30622009569378,0.403565640194489,0.302737520128824,0.9734375,0.302507836990596,0.0838815789473684,0.314606741573034,0,1,0.0929853181076672,0.293159609120521,0.298045602605863,0.305057096247961,1,1,1,1,1,1,0.317152103559871,1,0.302439024390244,0.307560137457045,0.591414944356121,0.6976,1,1,0,0.3015625,0.120634920634921,1,0.0365659777424483,1,1,0.309446254071661,1,1,0.621533442088091,0.396638655462185,0.996908809891808,0.0864600326264274,0.101472995090016,1,1,1,0.0889621087314662,0,0.308056872037915,0.413290113452188,0.300314465408805,0,0.313114754098361,0.0889621087314662,1,1,0.312693498452012,0.305111821086262,0.245980707395498,0.317195325542571,0.301282051282051,0.311708860759494,1,1,0.306946688206785,1,0,1,0.227786752827141,1,0.692551505546751,1,0.297939778129952,0.292282430213465,0.076555023923445,0.692551505546751,1,1,0.804918032786885,0.893864013266998,0.314935064935065,0.304492512479201,1,0.298869143780291,0.253184713375796,0.306666666666667,1,0.10459587955626,1,1,0.306451612903226,0.691935483870968,0.300324675324675,1,1,0.289308176100629,0.2928,0.299524564183835,0.852700490998363,0.300970873786408,1,0.0552922590837283,1,1,0.710900473933649,0.6528,0.302980132450331,0.0557324840764331,0.305280528052805,1,1,0.294788273615635,0.313915857605178,0.643987341772152,1,0.301242236024845,0.358372456964006,0.300314465408805,0.985736925515055,0.475649350649351,0.00156985871271586,0.296825396825397,0.309375,0.308457711442786,0.303921568627451,0.310664605873261,0.971518987341772,1,0.304975922953451,0.551839464882943,0.695374800637959,0.243369734789392,0.706075533661741,1,0.309178743961353,0.00326797385620915,0.308823529411765,0.302066772655008,0.353035143769968,0.30655737704918,0,0.31629392971246,0.3125,0.30327868852459,0.301302931596091
"797",1,1,1,1,1,1,0.706362153344209,1,1,0.0956239870340357,1,0.0427892234548336,0.815873015873016,1,0.32475884244373,0.308544303797468,0.0635930047694754,0.68026101141925,1,1,0.288492706645057,0.311605723370429,1,0.151181102362205,1,0.33175355450237,0.314696485623003,1,1,0.784688995215311,0.3140625,0.730232558139535,0.973478939157566,0.313291139240506,0,1,0.542130365659777,1,0.298761609907121,1,0.659235668789809,0.67244094488189,0.692901234567901,1,1,0.314606741573034,0.312698412698413,0.313178294573643,0.320813771517997,0.326120556414219,0,1,0.313572542901716,1,1,0.491961414790997,0.56,1,1,1,0.333853354134165,0.327503974562798,0.315789473684211,0.682539682539683,1,1,0.036741214057508,1,0.0590062111801242,0.32093023255814,1,0.318611987381703,0.327361563517915,0.960975609756098,0.511773940345369,1,0.31104199066874,0.338461538461538,1,0.316476345840131,0.0792079207920792,0.330658105939005,0.327613104524181,1,0.339593114241002,1,1,1,1,0.690031152647975,1,1,0,0.0973724884080371,1,0.0414746543778802,0,1,0.564308681672026,0.669856459330144,1,0.053125,0.312698412698413,1,0.309178743961353,1,0.683464566929134,1,0.317230273752013,0.32753164556962,0.316614420062696,1,0.325396825396825,1,0.489230769230769,1,0.311320754716981,0.299065420560748,0.33026113671275,0.321259842519685,0.480127186009539,0.9984375,0.326153846153846,0.313311688311688,1,0.30625,1,1,0.325358851674641,0.537867078825348,1,0.317111459968603,1,0.0400616332819723,1,0.313755795981453,0.672897196261682,0.332293291731669,0.935534591194969,0.433224755700326,0.0962145110410095,0.0937996820349762,1,1,0.334384858044164,1,0.322530864197531,1,0.81377151799687,1,0.322169059011164,1,1,1,1,0.337096774193548,1,0.321086261980831,0.244167962674961,1,0.309262166405024,1,0.306962025316456,0.078525641025641,1,0.311793214862682,1,1,1,0.332810047095761,1,0.322734499205087,1,0.307086614173228,1,0.317965023847377,0.0642633228840125,1,0.633387888707038,1,1,0.31637519872814,1,1,1,1,0.320634920634921,0.309968847352025,1,0.998422712933754,0.317757009345794,0.313694267515924,1,0.447784810126582,0.66358024691358,0,0.314465408805031,0.664576802507837,1,0.326656394453005,1,0.998475609756098,1,0.31496062992126,0.319444444444444,0.331715210355987,1,1,1,0,1,0.311290322580645,0.976415094339623,0.320695102685624,0.304761904761905,0.753943217665615,1,1,1,1,1,0.0397456279809221,0.319620253164557,0.32258064516129,1,0.682965299684543,1,1,0.998407643312102,0.998470948012232,1,1,0.00156985871271586,0.308755760368664,1,0.307814992025518,1,0.303599374021909,1,1,1,1,1,0.326984126984127,1,0.508744038155803,0.325471698113208,0.332312404287902,0.318327974276527,0.32695374800638,0.328548644338118,0.42258064516129,0.330143540669856,0.3171875,0.317111459968603,1,0.323854660347551,1,0.689969604863222,0.312989045383412,0.300469483568075,0.338118022328549,1,1,1,0.25,0.317262830482115,1,0.317741935483871,0.324615384615385,0.315457413249211,0.317757009345794,0.692789968652038,1,0.317901234567901,0.313694267515924,1,0.30016051364366,1,0.307692307692308,0.315619967793881,1,1,1,0.544871794871795,1,0.684292379471229,0.0755007704160247,0.32018927444795,1,1,0.0926216640502355,0.32182103610675,0.331738437001595,1,1,0.306853582554517,0.0204724409448819,0.00161550888529887,1,1,0.333333333333333,0.998425196850394,1,0.309486780715397,1,1,0.31875,1,1,1,1,0.323943661971831,0.313935681470138,0.336038961038961,1,1,0.67032967032967,0.31911532385466,1,0.321981424148607,0.297939778129952,1,1,0.998412698412698,1,1,0.323899371069182,1,1,0.101639344262295,0.335913312693498,0.483464566929134,0.308917197452229,0.674641148325359,0.323943661971831,1,0.311501597444089,0.335974643423138,0.249605055292259,0.3203125,1,0.329738058551618,1,1,1,0.310126582278481,0.324574961360124,0.998435054773083,0.93126022913257,0.0575079872204473,1,0.315955766192733,0.320907617504052,0.30952380952381,1,0.332302936630603,0.473186119873817,0.324960753532182,0.3104,0.318181818181818,0.304625199362041,1,0.323248407643312,1,1,0,1,0.319935691318328,1,1,1,0.333858267716535,1,0.318840579710145,1,0.845425867507886,1,1,1,0.31839258114374,1,1,0.310077519379845,0.313479623824451,1,1,0.319620253164557,0.182242990654206,1,0.998430141287284,1,0,0.323296354992076,1,0.305863708399366,0.241269841269841,1,0.670261941448382,0.435508345978756,1,1,0.675187969924812,0.70096463022508,0.346938775510204,1,0.321711568938193,1,1,0.334379905808477,1,0.998425196850394,0.00469483568075117,0.324409448818898,1,1,0.320450885668277,1,1,0.303370786516854,0.325,1,1,1,0.530063291139241,0.312202852614897,0.342857142857143,0.315151515151515,0.332273449920509,0.6832,0.326053042121685,0.32807570977918,0.320493066255778,0.235668789808917,0.313821138211382,1,0.324655436447167,0.998412698412698,0.316118935837246,0.0835820895522388,0.0469483568075117,1,1,0.0347003154574132,1,0.681747269890796,0.0384615384615385,0.00798722044728434,1,0.678125,1,1,0.538827258320127,1,0,0.0674157303370786,1,1,1,0.324367088607595,0.650674662668666,0.686178861788618,0.99537037037037,1,0.985981308411215,0.306709265175719,0.332278481012658,1,0.294788273615635,1,0.370662460567823,0.0983870967741935,0.306603773584906,0.324116743471582,0.33220910623946,1,0.0757341576506955,1,1,1,0.249607535321821,0.3248,1,0.324324324324324,1,1,0.309006211180124,1,0.330757341576507,1,0.311111111111111,0.320126782884311,1,0.677884615384615,0.315467075038285,1,0.313311688311688,0.767801857585139,0.314329738058552,0.15,0.31866464339909,0.77207062600321,0.311183144246353,1,0.325434439178515,0.346394984326019,0.290679304897314,1,1,1,0.975409836065574,0.333333333333333,1,0.334410339256866,1,0.315875613747954,0.318952234206472,1,1,1,0.925632911392405,1,0.313178294573643,0.324921135646688,1,1,0.0438311688311688,0.0740740740740741,1,1,0.306946688206785,1,1,0.312698412698413,1,1,0.679873217115689,0.530421216848674,1,0,1,1,0.0958268933539413,0.321766561514196,1,0.325984251968504,0.998415213946117,0.967793880837359,0.998422712933754,0.82992125984252,1,0.331189710610932,1,1,1,0,0.313213703099511,1,1,0.677725118483412,1,0.320695102685624,0.358814352574103,0.322378716744914,1,1,1,0.0821917808219178,0.323624595469256,0.0837359098228663,0.9984,0.309006211180124,0.3046875,0.350467289719626,0,1,0.962025316455696,1,1,0.324237560192616,0.309119010819165,0.15748031496063,0.0365079365079365,0.321656050955414,0.312101910828025,0.329211746522411,0,0.317610062893082,1,0,0.319444444444444,1,1,1,0.319444444444444,0.318112633181126,0.0311986863711002,1,0.312599681020734,0.317972350230415,1,1,0.32018927444795,0.69344262295082,1,1,0.693877551020408,1,0.309707241910632,1,0.318885448916409,0.532110091743119,0.664086687306502,0.405819295558959,1,0.307453416149068,0.314329738058552,0.677884615384615,0.667692307692308,1,0.324960753532182,1,0.327272727272727,1,0.317965023847377,0.310679611650485,0.345541401273885,0.515673981191223,0.31139646869984,0.313385826771654,0.659270998415214,0.321875,0.14026402640264,1,0,1,0.294685990338164,1,0,0.319047619047619,0.325842696629214,1,0.0540540540540541,1,0.0797448165869219,0.347962382445141,1,0.0617088607594937,0.666139240506329,1,1,1,0.310064935064935,0.0358255451713396,1,0.429712460063898,0.0920840064620355,0.350308641975309,0.319938176197836,0.321428571428571,1,1,1,1,1,0.0623100303951368,0.996904024767802,0.686153846153846,0.00151515151515152,0.320813771517997,1,1,1,1,0.0849056603773585,0.31937984496124,1,1,1,1,1,1,0.487730061349693,0,1,0.077639751552795,0.322429906542056,0.440191387559809,1,0.389423076923077,0.308072487644152,0.315457413249211,1,0.034375,0.3296875,1,1,0.373397435897436,0.309262166405024,0.310236220472441,0.325769854132901,0.998452012383901,0.330670926517572,0.324492979719189,0.419047619047619,0.323151125401929,0.972307692307692,0.31651376146789,0.0781499202551834,0.321086261980831,0,1,0.0857142857142857,0.308306709265176,0.322784810126582,0.324324324324324,1,1,1,1,1,1,0.324281150159744,1,0.321316614420063,0.313131313131313,0.60347551342812,0.683870967741935,1,1,0,0.317829457364341,0.107424960505529,0.998449612403101,0.0333333333333333,1,1,0.31911532385466,1,1,0.6224,0.414191419141914,0.996955859969559,0.074313408723748,0.0909090909090909,1,1,1,0.0795631825273011,0,0.31832298136646,0.419303797468354,0.320987654320988,0,0.330658105939005,0.0805687203791469,1,1,0.32398753894081,0.32182103610675,0.240625,0.3376,0.312788906009245,0.320872274143302,1,1,0.327014218009479,1,0,1,0.22432859399684,1,0.668224299065421,1,0.309748427672956,0.308064516129032,0.071875,0.673374613003096,1,1,0.790297339593114,0.905073649754501,0.325878594249201,0.313099041533546,1,0.320634920634921,0.244094488188976,0.324193548387097,1,0.0941915227629513,1,1,0.324324324324324,0.673107890499195,0.311216429699842,1,1,0.306729264475743,0.311320754716981,0.327188940092166,0.856687898089172,0.314102564102564,1,0.04858934169279,1,1,0.69701726844584,0.653354632587859,0.321951219512195,0.0522151898734177,0.320872274143302,1,1,0.302547770700637,0.334913112164297,0.625,1,0.307453416149068,0.3703125,0.3125,0.984732824427481,0.473344103392569,0.00155763239875389,0.313880126182965,0.323029366306028,0.328478964401294,0.312703583061889,0.313572542901716,0.973765432098765,1,0.312796208530806,0.544861337683524,0.684380032206119,0.226415094339623,0.683606557377049,1,0.325,0.00315955766192733,0.332807570977918,0.319182389937107,0.359253499222395,0.324281150159744,0,0.333858267716535,0.314424635332253,0.323101777059774,0.313694267515924
"798",0.287051482059282,0.29984544049459,0.306853582554517,0.31875,0.297507788161994,0.295558958652374,0.00796178343949045,0.307692307692308,0.301075268817204,0.585443037974684,0.307458143074581,0.648318042813456,0.515673981191223,0.307448494453249,1,1,0.623456790123457,0,0.321928460342146,0.296583850931677,1,1,0.308166409861325,0.519260400616333,0.293939393939394,1,1,0.328,0.298484848484848,0.507131537242472,1,0.583586626139818,0.349013657056146,0.998452012383901,0.685446009389671,0.303079416531605,0.14525993883792,0.310872894333844,1,0.302431610942249,0.00155763239875389,0,0,0.315372424722662,0.305772230889236,1,0.996899224806202,1,1,1,0.702362204724409,0.3078125,1,0.310872894333844,0.300462249614792,0.801282051282051,0.125786163522013,0.302936630602782,0.306525037936267,0.312597200622084,0.992354740061162,1,1,0.00311526479750779,0.29874213836478,0.311145510835913,0.6640625,0.316037735849057,0.625757575757576,1,0.306990881458967,1,1,0.265822784810127,0.160741885625966,0.300604229607251,1,0.996969696969697,0.311077389984825,1,0.610223642172524,1,1,0.317972350230415,1,0.30920060331825,0.300940438871473,0.314984709480122,0.303405572755418,0,0.302034428794992,0.316109422492401,0.696509863429439,0.588414634146341,0.300476947535771,0.640791476407915,0.691717791411043,0.298325722983257,0.127214170692432,0,0.302795031055901,0.641065830721003,1,0.303370786516854,1,0.299373040752351,0,0.308777429467085,1,1,1,0.294207317073171,0.996904024767802,0.31733746130031,0.210287443267776,0.295795795795796,1,0.372128637059724,1,1,0.201228878648233,0.30077519379845,1,1,0.318529862174579,1,0.308139534883721,0.298484848484848,0.36734693877551,0.757894736842105,0.307814992025518,1,0.312599681020734,0.646176911544228,0.325396825396825,1,0.00154320987654321,1,0.369905956112853,0.884057971014493,0.586314152410575,0.605263157894737,0.299065420560748,0.308661417322835,1,0.305084745762712,1,0.296238244514107,0.497730711043873,0.311450381679389,1,0.294656488549618,0.304552590266876,0.30829420970266,0.313084112149533,1,0.296411856474259,1,0.436641221374046,0.313664596273292,1,0.315548780487805,1,0.6078125,0.310769230769231,1,0.303875968992248,0.301223241590214,0.318818040435459,0.992424242424242,0.314814814814815,1,0.3125,1,0.2976,1,0.611280487804878,0.291350531107739,0.029126213592233,0.289763779527559,0.304482225656878,1,0.296754250386399,0.303875968992248,0.304147465437788,0.314112291350531,1,1,0.311501597444089,0.310291858678955,1,1,0.311248073959938,0.24,0.0196374622356495,0.693023255813954,1,0.00154798761609907,0.301538461538462,1,0.312796208530806,0.29803328290469,0.296923076923077,0.996889580093313,1,1,0.318318318318318,0.301127214170692,0.306501547987616,0.696682464454976,0.28902627511592,1,0.333333333333333,1,1,0.438271604938272,0.308176100628931,0.31039755351682,0.311728395061728,0.28902627511592,0.306962025316456,0.656394453004623,1,1,0.300613496932515,0.00457317073170732,0.315950920245399,0.305722891566265,0.309119010819165,0.298461538461538,0.291139240506329,0.311278195488722,0.701538461538462,0.363914373088685,0.294930875576037,1,0.307086614173228,1,0.298461538461538,0.287284144427002,0.300155520995334,0.315873015873016,0.293460925039872,1,0.306870229007634,0.798751950078003,1,1,0.998444790046656,1,1,0.892744479495268,1,1,1,0.299539170506912,1,0.313408723747981,0,1,0.376327769347496,1,0.308661417322835,0.303738317757009,0.304347826086957,0.414860681114551,1,0.311728395061728,1,1,1,1,0,0.30625,1,1,0.317411402157165,1,0.301075268817204,1,1,0.301261829652997,0.307332293291732,0.291925465838509,0.154198473282443,0.304552590266876,0,0.604511278195489,1,0.30640243902439,0.306729264475743,0.595054095826893,1,1,0.316558441558442,0.311424100156495,1,0.663551401869159,0.704761904761905,0.294952681388013,0.29635499207607,0.993911719939117,0.316279069767442,0.295352323838081,1,0.309230769230769,0.297546012269939,1,0.30030959752322,0.302652106084243,0.302147239263804,0.307332293291732,1,1,1,0.297045101088647,0.313178294573643,0.00924499229583975,0.993788819875776,0.311424100156495,1,1,0.301204819277108,0.312121212121212,0.290322580645161,0.303543913713405,0.310975609756098,1,0.2984375,0.302180685358255,0.573717948717949,1,0.82601880877743,1,0,1,0.308845577211394,1,1,0.413476263399694,1,0.3046875,1,0.293394777265745,0.286384976525822,0.301391035548686,1,1,0.309119010819165,0.3904,0.62015503875969,0.288401253918495,1,1,1,0.312401883830455,1,0.20679012345679,1,1,1,1,0.318112633181126,1,0.305057096247961,0.324615384615385,0.685446009389671,0.283699059561129,1,0.314900153609831,0.306646525679758,0.307568438003221,1,0.299093655589124,1,0.30804248861912,0.468509984639017,0.313271604938272,0.316037735849057,0.299382716049383,1,0.299373040752351,0.291798107255521,1,1,0.304482225656878,0.299843014128728,1,0.479876160990712,0.307448494453249,0.316436251920123,0.315789473684211,0.688549618320611,1,0.295774647887324,1,0.421052631578947,0.307692307692308,0,0.872534142640364,0.303459119496855,0.311627906976744,0,0.0262751159196291,0.984544049459042,0.293291731669267,1,0.297169811320755,0.308306709265176,1,0.320121951219512,0.304012345679012,0.683641975308642,1,0.303265940902022,0.30503144654088,1,0.301829268292683,0.289348171701113,1,0.336377473363775,0.300632911392405,0.306153846153846,0.317111459968603,0.792834890965732,1,0.979623824451411,1,1,0.0015552099533437,1,0.995447647951442,1,0.425,0.998415213946117,0.293051359516616,0.995488721804511,0.319875776397516,0.996955859969559,0.618263473053892,0.640364188163885,0.312594840667678,0.300613496932515,0.650381679389313,0.310344827586207,0,0.636923076923077,0.692068429237947,0.309923664122137,0.00153609831029186,0.303680981595092,0.29595015576324,0.760188087774295,0.311627906976744,0.692307692307692,0.595238095238095,0.308527131782946,0.302611367127496,0.282170542635659,1,0.0235294117647059,0,0.297380585516179,0.318529862174579,0.322678843226788,1,0.343701399688958,0.307692307692308,1,0.295208655332303,0.941176470588235,0.572784810126582,1,1,0.996688741721854,0.309923664122137,0.614220877458396,0.312121212121212,0.290996784565916,0.303680981595092,0.42185128983308,1,0.294573643410853,1,0.304487179487179,0.303599374021909,1,0.30952380952381,1,0.311349693251534,1,1,0.309341500765697,0,1,0.311349693251534,1,0.554531490015361,1,0.509923664122137,1,0.555727554179567,1,0.299524564183835,1,1,1,0.294392523364486,0.314152410575428,0.302431610942249,0.337096774193548,0.344551282051282,0.294573643410853,1,0.318461538461538,1,1,0.313846153846154,0.299684542586751,0.305343511450382,0.379095163806552,0.313161875945537,1,1,0.318529862174579,0.310618066561014,0.637795275590551,0.604037267080745,0.303459119496855,0.30503144654088,1,0.292307692307692,0.305847076461769,0.993948562783661,0.298722044728434,0.302936630602782,0,0.148260211800303,0.296296296296296,0.689088191330344,0.307453416149068,0.310136157337368,0.60546282245827,0.99685534591195,0.298136645962733,1,0.30568356374808,0.347417840375587,0.303076923076923,0.470679012345679,0.307692307692308,1,0.311248073959938,0.307931570762053,0.318541996830428,0.700305810397553,1,0.313291139240506,0.304281345565749,0,0.307922272047833,1,0.954198473282443,1,0.300763358778626,0.305084745762712,0.305900621118012,0.600910470409712,1,0.606687898089172,0.323574730354391,1,1,0.963020030816641,0.68895800933126,0.321428571428571,0.350850077279753,0.312883435582822,0.306748466257669,1,1,0.525741029641186,0.642969984202212,1,1,1,0.699367088607595,1,0.321321321321321,0.689547581903276,1,0.315548780487805,0.300613496932515,0.304953560371517,0.998459167950693,1,0.655502392344498,0.311827956989247,1,1,0.312210200927357,0.304147465437788,1,0,0.300157977883096,0.298600311041991,0.00315457413249211,0.297380585516179,1,0.298722044728434,1,0.155038759689922,0,0.901197604790419,0.321483771251932,1,1,0,0.00152439024390244,0.319508448540707,1,0.296650717703349,0.998496240601504,0.301092043681747,1,0.998430141287284,0.964451313755796,0.777265745007681,1,1,0.00155038759689922,1,0.521669341894061,0.306976744186047,0.686544342507645,0.312217194570136,1,0.29153605015674,0.681047765793529,1,1,0.30503144654088,0.623123123123123,0.317484662576687,0.601866251944012,0.973270440251572,0.314241486068111,0.611963190184049,0.0108695652173913,0.300940438871473,0.313846153846154,0.302611367127496,1,0.651515151515151,0.301075268817204,0.882075471698113,0.593354430379747,0.964723926380368,1,1,0.299065420560748,0.327014218009479,0.299840510366826,0.310077519379845,0.29984544049459,0.628224582701062,0.300911854103343,0,0.68562874251497,0.998466257668712,0.310664605873261,0.295839753466872,0.3024,0.310030395136778,0.617647058823529,1,0.31651376146789,0.32753164556962,0.313001605136437,0.306376360808709,0.297090352220521,0.300787401574803,0.195454545454545,0.686708860759494,0.31201248049922,0.60882800608828,1,0.242009132420091,0.299065420560748,0.918110236220472,1,1,0.296529968454259,0.65052950075643,1,0.304012345679012,0.291021671826625,0.951788491446345,1,1,0.996835443037975,0.309230769230769,1,1,0.890795631825273,1,0.343032159264931,1,0.601895734597156,1,0.687211093990755,0.306122448979592,0.611635220125786,1,1,0.993740219092332,0.312307692307692,0.315151515151515,0.30188679245283,0.306501547987616,0.313195548489666,0.316535433070866,0.9858934169279,0.302290076335878,1,1,0.709284627092846,0,0.314329738058552,0.312111801242236,0.694189602446483,1,0.571207430340557,0.314199395770393,0.652582159624413,0.303738317757009,0.311111111111111,1,0.303937007874016,0.306818181818182,0.674641148325359,0.9088,0.312130177514793,0.618380062305296,0.591414944356121,0.31104199066874,0.313755795981453,0.290123456790123,0.611963190184049,0.693721286370597,1,0.886503067484663,1,0.679817905918058,0.9984375,0.597791798107255,0.3046875,0.311708860759494,1,1,0.434782608695652,0.995334370139969,0.996965098634294,1,0.297971918876755,0.320433436532508,1,0.304538799414348,0.692307692307692,0.311424100156495,0.451816745655608,0.295031055900621,0,0.298325722983257,1,1,0.604938271604938,0.00153374233128834,0.316279069767442,0.315467075038285,0.0930599369085174,0.40224358974359,1,1,0.299236641221374,1,0.420807453416149,1,0.318862275449102,0.592987804878049,0.312210200927357,0.300940438871473,1,0,1,0.289308176100629,0.306729264475743,1,1,1,0.427230046948357,1,0.306153846153846,0.631741140215716,0.310452418096724,0.318327974276527,0.00155038759689922,0.0391236306729265,1,0.633540372670807,1,0.31651376146789,0.314285714285714,1,1,0.161538461538462,0.293023255813953,1,0.904907975460123,1,0.314925373134328,0.207488299531981,0.674418604651163,1,1,1,1,1,0.273846153846154,0.29320987654321,1,0.122222222222222,0.00158478605388273,0.441221374045802,0,0.313572542901716,1,0.687697160883281,1,1,0.891304347826087,1,0.685887708649469,1,1,1,1
"799",0.289348171701113,0.300469483568075,0.296124031007752,0.320695102685624,0.302180685358255,0.299531981279251,0.0111287758346582,0.311501597444089,0.297674418604651,0.583198707592892,0.303076923076923,0.661538461538462,0.508771929824561,0.307692307692308,1,1,0.63093415007657,0,0.314465408805031,0.298904538341158,1,1,0.304615384615385,0.528391167192429,0.293846153846154,1,1,0.314516129032258,0.293478260869565,0.519047619047619,1,0.583586626139818,0.358895705521472,0.995319812792512,0.68025078369906,0.306581059390048,0.135725429017161,0.306501547987616,1,0.302431610942249,0.0031104199066874,0,0,0.314873417721519,0.301916932907348,1,0.99375,1,1,1,0.703588143525741,0.313385826771654,1,0.309119010819165,0.306501547987616,0.810344827586207,0.120634920634921,0.30188679245283,0.297380585516179,0.307692307692308,0.992401215805471,1,1,0.00625,0.301948051948052,0.305295950155763,0.673534072900158,0.315873015873016,0.622222222222222,1,0.304953560371517,1,1,0.268608414239482,0.158307210031348,0.31039755351682,1,0.993846153846154,0.308510638297872,1,0.61244019138756,1,1,0.311827956989247,1,0.311746987951807,0.301261829652997,0.308049535603715,0.29922480620155,0,0.30298273155416,0.315151515151515,0.70606531881804,0.602465331278891,0.3,0.65052950075643,0.693270735524257,0.302034428794992,0.1152,0,0.29922480620155,0.628751974723539,1,0.302100161550889,1,0.306729264475743,0,0.309375,1,1,1,0.291731669266771,0.995341614906832,0.311627906976744,0.211656441717791,0.298192771084337,1,0.387692307692308,1,1,0.207165109034268,0.303875968992248,1,1,0.310291858678955,1,0.310344827586207,0.302114803625378,0.372670807453416,0.765337423312883,0.31496062992126,1,0.312989045383412,0.63914373088685,0.321027287319422,1,0.00154083204930663,1,0.361331220285261,0.884430176565008,0.58609794628752,0.604037267080745,0.302936630602782,0.3152,1,0.306027820710974,1,0.290171606864275,0.49390243902439,0.30781010719755,1,0.29393468118196,0.301242236024845,0.316614420062696,0.308056872037915,1,0.297339593114241,1,0.446153846153846,0.315950920245399,1,0.303353658536585,1,0.598746081504702,0.3008,1,0.312597200622084,0.302652106084243,0.3198127925117,0.986003110419907,0.317034700315457,1,0.307692307692308,1,0.308943089430894,1,0.601550387596899,0.291731669266771,0.0339805825242718,0.288188976377953,0.307339449541284,1,0.297674418604651,0.307692307692308,0.30298273155416,0.316279069767442,1,1,0.306477093206951,0.312597200622084,1,1,0.308166409861325,0.242612752721617,0.0210526315789474,0.693023255813954,1,0.00312989045383412,0.299531981279251,1,0.31104199066874,0.294656488549618,0.304347826086957,0.9984375,1,1,0.315548780487805,0.302215189873418,0.304821150855365,0.684713375796178,0.292452830188679,1,0.330203442879499,1,1,0.434375,0.312401883830455,0.305426356589147,0.312307692307692,0.297380585516179,0.305511811023622,0.654516640253566,1,1,0.309597523219814,0.00465116279069767,0.312404287901991,0.303759398496241,0.309006211180124,0.291472868217054,0.29153605015674,0.306766917293233,0.708333333333333,0.368663594470046,0.293577981651376,1,0.311811023622047,1,0.300925925925926,0.3015625,0.302362204724409,0.317034700315457,0.309409888357257,1,0.310344827586207,0.8016,1,1,0.996845425867508,1,1,0.892744479495268,1,1,1,0.302147239263804,1,0.309178743961353,0,1,0.390505359877489,1,0.306853582554517,0.314285714285714,0.299050632911392,0.43217665615142,1,0.311827956989247,1,1,1,1,0,0.307332293291732,1,1,0.306853582554517,1,0.310185185185185,1,1,0.3,0.312903225806452,0.282170542635659,0.147104851330203,0.317111459968603,0,0.599092284417549,1,0.305555555555556,0.307210031347962,0.58751902587519,1,1,0.307936507936508,0.313099041533546,1,0.666666666666667,0.70625,0.289099526066351,0.314935064935065,0.992295839753467,0.312989045383412,0.288109756097561,1,0.302362204724409,0.29153605015674,1,0.306501547987616,0.306729264475743,0.300940438871473,0.305810397553517,1,1,1,0.295208655332303,0.313572542901716,0.00619195046439629,0.992211838006231,0.307936507936508,1,1,0.295558958652374,0.314024390243902,0.2921875,0.303599374021909,0.309006211180124,1,0.293269230769231,0.302362204724409,0.576433121019108,1,0.835164835164835,1,0,1,0.311550151975684,1,1,0.433179723502304,0.998456790123457,0.311216429699842,1,0.298273155416013,0.291217257318952,0.306625577812018,1,1,0.308411214953271,0.382113821138211,0.618589743589744,0.292993630573248,1,1,1,0.317891373801917,1,0.210852713178295,1,1,1,1,0.310975609756098,1,0.306320907617504,0.322429906542056,0.693623639191291,0.29393468118196,1,0.312989045383412,0.306278713629403,0.297124600638978,1,0.297380585516179,1,0.306748466257669,0.467592592592593,0.313291139240506,0.311605723370429,0.303738317757009,1,0.306962025316456,0.293185419968304,1,1,0.313846153846154,0.297674418604651,1,0.496171516079632,0.306349206349206,0.312111801242236,0.316998468606432,0.693146417445483,1,0.281553398058252,1,0.434231378763867,0.292452830188679,0,0.870570107858243,0.297297297297297,0.309006211180124,0,0.0326594090202177,0.981510015408321,0.30379746835443,1,0.300940438871473,0.301458670988655,1,0.309375,0.304625199362041,0.67244094488189,1,0.30379746835443,0.3072,1,0.299847792998478,0.293650793650794,1,0.351014040561622,0.301857585139319,0.306501547987616,0.315625,0.795031055900621,1,0.982704402515723,1,1,0.0015527950310559,1,0.992163009404389,1,0.44131455399061,0.996815286624204,0.30030487804878,0.99388379204893,0.32120253164557,0.995398773006135,0.622154779969651,0.638591117917305,0.302795031055901,0.298921417565485,0.657232704402516,0.307568438003221,0,0.65015479876161,0.697492163009404,0.305471124620061,0.0015600624024961,0.309119010819165,0.301710730948678,0.766929133858268,0.31055900621118,0.702028081123245,0.613782051282051,0.301261829652997,0.308755760368664,0.287713841368585,1,0.0252225519287834,0,0.306027820710974,0.324615384615385,0.321483771251932,1,0.341653666146646,0.314728682170543,1,0.292834890965732,0.937402190923318,0.576802507836991,1,1,0.991762767710049,0.31039755351682,0.618320610687023,0.304804804804805,0.295269168026101,0.300955414012739,0.438461538461538,1,0.299843014128728,1,0.310509554140127,0.311501597444089,1,0.303317535545024,1,0.314375987361769,1,1,0.305900621118012,0,1,0.309815950920245,1,0.559139784946237,1,0.514637904468413,1,0.545454545454545,1,0.304,1,1,1,0.301391035548686,0.30622009569378,0.301829268292683,0.339256865912762,0.3392,0.304347826086957,1,0.312989045383412,1,1,0.311424100156495,0.303030303030303,0.309597523219814,0.376175548589342,0.310975609756098,1,1,0.311526479750779,0.309677419354839,0.6359375,0.602218700475436,0.302180685358255,0.311708860759494,1,0.300613496932515,0.298798798798799,0.99685534591195,0.292332268370607,0.300462249614792,0,0.140672782874618,0.306603773584906,0.681203007518797,0.298273155416013,0.30829420970266,0.602760736196319,0.996879875195008,0.301109350237718,1,0.297637795275591,0.329173166926677,0.305164319248826,0.466360856269113,0.297939778129952,1,0.315047021943574,0.307086614173228,0.317307692307692,0.704718417047184,1,0.312202852614897,0.306625577812018,0,0.312788906009245,0.998420221169036,0.954616588419405,1,0.305426356589147,0.30521472392638,0.311811023622047,0.59236641221374,1,0.609250398724083,0.325471698113208,1,1,0.962382445141066,0.699059561128527,0.310344827586207,0.3421875,0.309451219512195,0.303599374021909,1,1,0.522435897435897,0.651419558359621,1,1,0.998454404945904,0.701892744479495,1,0.307575757575758,0.69435736677116,1,0.310664605873261,0.312111801242236,0.312111801242236,0.996932515337423,1,0.650563607085346,0.305426356589147,1,1,0.321538461538462,0.301223241590214,0.998454404945904,0,0.297939778129952,0.296998420221169,0.00788643533123028,0.302003081664099,1,0.298107255520505,1,0.141768292682927,0,0.902140672782875,0.310185185185185,1,1,0,0.00152439024390244,0.307098765432099,1,0.303130148270181,0.996965098634294,0.303937007874016,1,0.998392282958199,0.963779527559055,0.769470404984424,1,1,0.0062111801242236,1,0.529505582137161,0.317891373801917,0.684370257966616,0.314241486068111,1,0.291338582677165,0.692068429237947,1,1,0.312698412698413,0.631419939577039,0.316358024691358,0.597464342313788,0.977883096366509,0.319685039370079,0.613846153846154,0.0141287284144427,0.300155520995334,0.309375,0.307453416149068,1,0.649390243902439,0.296466973886329,0.878504672897196,0.60347551342812,0.968895800933126,1,1,0.297971918876755,0.322632423756019,0.296825396825397,0.298621745788668,0.299079754601227,0.629742033383915,0.287250384024578,0,0.688427299703264,0.998459167950693,0.312302839116719,0.297674418604651,0.303656597774245,0.318952234206472,0.615384615384615,1,0.319444444444444,0.325396825396825,0.317152103559871,0.308661417322835,0.297507788161994,0.304140127388535,0.201526717557252,0.693877551020408,0.31104199066874,0.609642301710731,1,0.242236024844721,0.313178294573643,0.916139240506329,1,1,0.295839753466872,0.640062597809077,1,0.300911854103343,0.28391167192429,0.956869009584665,1,1,0.996774193548387,0.312404287901991,1,1,0.901253918495298,1,0.332819722650231,1,0.604166666666667,1,0.683001531393568,0.296998420221169,0.610410094637224,1,1,0.990476190476191,0.312024353120244,0.3171875,0.310789049919485,0.310664605873261,0.307692307692308,0.318979266347687,0.982539682539682,0.307453416149068,1,1,0.715179968701095,0,0.305343511450382,0.302469135802469,0.692546583850932,1,0.581648522550544,0.316187594553706,0.659375,0.293023255813953,0.306477093206951,1,0.299684542586751,0.310344827586207,0.685214626391097,0.907915993537964,0.307692307692308,0.620578778135048,0.599056603773585,0.311320754716981,0.306709265175719,0.294573643410853,0.604361370716511,0.694915254237288,1,0.890282131661442,1,0.672782874617737,0.996860282574568,0.610576923076923,0.299689440993789,0.308056872037915,1,1,0.44375,0.992012779552716,0.996918335901387,1,0.304821150855365,0.308892355694228,1,0.3,0.693721286370597,0.317891373801917,0.470031545741325,0.298904538341158,0,0.295281582952816,1,1,0.608359133126935,0.00153139356814701,0.314553990610329,0.303738317757009,0.0907668231611894,0.399678972712681,1,1,0.304075235109718,1,0.427682737169518,1,0.312024353120244,0.604037267080745,0.3198127925117,0.3008,1,0,1,0.2928,0.311320754716981,1,1,1,0.437990580847724,1,0.309006211180124,0.631172839506173,0.312989045383412,0.310897435897436,0.00155763239875389,0.0386398763523957,1,0.628526645768025,1,0.3140625,0.3184,1,1,0.16385911179173,0.301710730948678,1,0.902587519025875,1,0.312111801242236,0.203761755485893,0.685271317829457,1,1,1,1,1,0.273006134969325,0.290171606864275,1,0.114516129032258,0.00158227848101266,0.445987654320988,0,0.30829420970266,1,0.68621236133122,1,1,0.89060092449923,1,0.692660550458716,1,1,1,1
"800",0.296411856474259,0.312883435582822,0.311349693251534,0.325508607198748,0.311827956989247,0.309968847352025,0.00941915227629513,0.326594090202177,0.314674735249622,0.567610062893082,0.322727272727273,0.638167938931298,0.510869565217391,0.31651376146789,1,1,0.617691154422789,0,0.328660436137072,0.310872894333844,1,1,0.323353293413174,0.50609756097561,0.31044776119403,1,1,0.334375,0.311844077961019,0.527863777089783,1,0.587706146926537,0.360482654600302,0.996927803379416,0.66304347826087,0.312101910828025,0.131297709923664,0.321212121212121,1,0.304347826086957,0.00151745068285281,0,0,0.324159021406728,0.323029366306028,1,0.995405819295559,1,1,1,0.689291101055807,0.325688073394495,1,0.326186830015314,0.311077389984825,0.829984544049459,0.123647604327666,0.320493066255778,0.312781954887218,0.319938176197836,0.993948562783661,1,1,0.00457317073170732,0.318252730109204,0.315548780487805,0.656441717791411,0.31859756097561,0.603576751117735,1,0.315315315315315,1,1,0.283699059561129,0.154545454545455,0.316890881913303,1,0.995475113122172,0.315629742033384,1,0.594679186228482,1,1,0.3202416918429,1,0.31784107946027,0.319571865443425,0.322239031770045,0.318181818181818,0,0.32348367029549,0.327893175074184,0.685800604229607,0.567771084337349,0.313084112149533,0.633633633633634,0.673192771084337,0.311649016641452,0.118670886075949,0,0.31651376146789,0.621329211746522,1,0.311111111111111,1,0.316770186335404,0,0.321212121212121,1,1,1,0.302891933028919,0.996946564885496,0.328787878787879,0.19640179910045,0.307017543859649,1,0.375565610859729,1,1,0.19634703196347,0.310769230769231,1,1,0.329787234042553,1,0.323529411764706,0.313813813813814,0.36979969183359,0.75699558173785,0.315870570107858,1,0.326687116564417,0.631811487481591,0.336973478939158,1,0.00150375939849624,1,0.378834355828221,0.882445141065831,0.572530864197531,0.58695652173913,0.319508448540707,0.325077399380805,1,0.309341500765697,1,0.304482225656878,0.502242152466368,0.318518518518519,1,0.312788906009245,0.317411402157165,0.32,0.328638497652582,1,0.307219662058372,1,0.418429003021148,0.333333333333333,1,0.313056379821958,1,0.589861751152074,0.313971742543171,1,0.324734446130501,0.311550151975684,0.333333333333333,0.989505247376312,0.329770992366412,1,0.317629179331307,1,0.318979266347687,1,0.588957055214724,0.302891933028919,0.0282574568288854,0.298600311041991,0.317484662576687,1,0.301710730948678,0.322188449848024,0.31651376146789,0.329803328290469,1,1,0.322884012539185,0.326687116564417,1,1,0.319634703196347,0.229483282674772,0.0177514792899408,0.69242658423493,1,0.00153374233128834,0.311550151975684,1,0.320493066255778,0.308623298033283,0.316923076923077,0.996969696969697,1,1,0.324483775811209,0.321316614420063,0.316742081447964,0.686614173228347,0.305810397553517,1,0.334351145038168,1,1,0.435779816513761,0.325508607198748,0.323262839879154,0.320552147239264,0.304747320061256,0.31104199066874,0.645061728395062,1,1,0.319277108433735,0.00453172205438067,0.324404761904762,0.315868263473054,0.32469512195122,0.298642533936652,0.300462249614792,0.316715542521994,0.69359756097561,0.359635811836115,0.303030303030303,1,0.320552147239264,1,0.309667673716012,0.301857585139319,0.315301391035549,0.327639751552795,0.317757009345794,1,0.317700453857791,0.813846153846154,1,1,0.998444790046656,1,1,0.890262751159196,1,1,1,0.315868263473054,1,0.317965023847377,0,1,0.383928571428571,1,0.324031007751938,0.32,0.313178294573643,0.412673879443586,1,0.328313253012048,1,1,1,1,0,0.313935681470138,1,1,0.320373250388802,1,0.318862275449102,1,1,0.305426356589147,0.325617283950617,0.306525037936267,0.142638036809816,0.329211746522411,0,0.586053412462908,1,0.319634703196347,0.32262996941896,0.574850299401198,1,1,0.323899371069182,0.32572298325723,1,0.65296803652968,0.69375,0.313846153846154,0.321766561514196,0.997037037037037,0.330275229357798,0.303571428571429,1,0.314984709480122,0.306646525679758,1,0.309597523219814,0.319444444444444,0.313546423135464,0.317293233082707,1,1,1,0.301829268292683,0.323619631901841,0.00606060606060606,0.99236641221374,0.331775700934579,1,1,0.310136157337368,0.326315789473684,0.305084745762712,0.315950920245399,0.316590563165906,1,0.306976744186047,0.311450381679389,0.565149136577708,1,0.831050228310502,1,0,1,0.320359281437126,1,1,0.411589895988113,1,0.312693498452012,1,0.307219662058372,0.305343511450382,0.309341500765697,1,1,0.316666666666667,0.407582938388626,0.606811145510836,0.309486780715397,1,1,1,0.3203125,1,0.196374622356495,1,1,1,1,0.320417287630402,1,0.318541996830428,0.336377473363775,0.676829268292683,0.306748466257669,1,0.322388059701493,0.32089552238806,0.316957210776545,1,0.304932735426009,1,0.322869955156951,0.48644578313253,0.325227963525836,0.32,0.314285714285714,1,0.32093023255814,0.301857585139319,1,1,0.321752265861027,0.310975609756098,1,0.477744807121662,0.307332293291732,0.326687116564417,0.329835082458771,0.675187969924812,1,0.298273155416013,1,0.410138248847926,0.309451219512195,0,0.885125184094256,0.33125,0.317700453857791,0,0.0307219662058372,0.981566820276498,0.314503816793893,1,0.319508448540707,0.32018927444795,1,0.32781954887218,0.315132605304212,0.670713201820941,1,0.319018404907975,0.319083969465649,1,0.310344827586207,0.304416403785489,1,0.337423312883436,0.312307692307692,0.311077389984825,0.326747720364742,0.801829268292683,1,0.978527607361963,1,1,0.00151745068285281,1,0.995433789954338,1,0.418711656441718,0.998454404945904,0.303759398496241,0.994029850746269,0.333853354134165,0.996955859969559,0.596412556053812,0.622950819672131,0.321212121212121,0.316816816816817,0.636225266362253,0.3171875,0,0.627511591962906,0.679447852760736,0.315068493150685,0.00153846153846154,0.314900153609831,0.306625577812018,0.757716049382716,0.322085889570552,0.687116564417178,0.581504702194357,0.328197226502311,0.314759036144578,0.29607250755287,1,0.023598820058997,0,0.317557251908397,0.325825825825826,0.332831325301205,1,0.337920489296636,0.319213313161876,1,0.300604229607251,0.945038167938931,0.55968992248062,1,1,0.993485342019544,0.315233785822021,0.597597597597598,0.318796992481203,0.310679611650485,0.314814814814815,0.420029895366218,1,0.309119010819165,1,0.319018404907975,0.317683881064163,1,0.320373250388802,1,0.321100917431193,1,1,0.323216995447648,0,1,0.324655436447167,1,0.573170731707317,1,0.488619119878604,1,0.568567026194145,1,0.31924882629108,1,1,1,0.315548780487805,0.324074074074074,0.315007429420505,0.34493670886076,0.329052969502408,0.303543913713405,1,0.315868263473054,1,1,0.319508448540707,0.319938176197836,0.311278195488722,0.400928792569659,0.323922734026746,1,1,0.321699544764795,0.325471698113208,0.626356589147287,0.579666160849772,0.315548780487805,0.315047021943574,1,0.30781010719755,0.317436661698957,0.993874425727412,0.30503144654088,0.310136157337368,0,0.135493372606775,0.316770186335404,0.675912408759124,0.317147192716237,0.320950965824666,0.588588588588589,0.998470948012232,0.312977099236641,1,0.3125,0.345146379044684,0.315625,0.476479514415782,0.31055900621118,1,0.323216995447648,0.323574730354391,0.322327044025157,0.681681681681682,1,0.32572298325723,0.316341829085457,0,0.328787878787879,1,0.960244648318043,1,0.314024390243902,0.326747720364742,0.32,0.581954887218045,1,0.581903276131045,0.331797235023041,1,1,0.974242424242424,0.670750382848392,0.325190839694657,0.367851622874807,0.330815709969789,0.31892697466468,1,1,0.509345794392523,0.632375189107413,1,1,1,0.685847589424572,1,0.324850299401198,0.677811550151976,1,0.325264750378215,0.318042813455657,0.316109422492401,0.998493975903614,1,0.650546021840874,0.323574730354391,1,1,0.326807228915663,0.30920060331825,1,0,0.316770186335404,0.310769230769231,0.00619195046439629,0.320839580209895,1,0.314641744548287,1,0.143939393939394,0,0.896706586826347,0.329787234042553,1,1,0,0.00149476831091181,0.326251896813354,1,0.313291139240506,0.998507462686567,0.312404287901991,1,0.998456790123457,0.966205837173579,0.765696784073507,1,1,0.00458015267175573,1,0.515625,0.332819722650231,0.673716012084592,0.333333333333333,1,0.306501547987616,0.67737003058104,1,1,0.31832298136646,0.613569321533923,0.325757575757576,0.582317073170732,0.97542242703533,0.320552147239264,0.604545454545454,0.0122324159021407,0.310975609756098,0.323262839879154,0.315151515151515,1,0.631578947368421,0.304878048780488,0.899845916795069,0.585403726708075,0.975720789074355,1,1,0.309923664122137,0.337539432176656,0.307098765432099,0.310708898944193,0.315868263473054,0.609397944199706,0.301634472511144,0,0.672514619883041,0.998491704374057,0.324773413897281,0.307219662058372,0.316535433070866,0.325892857142857,0.599693251533742,1,0.329803328290469,0.333333333333333,0.328616352201258,0.320061255742726,0.313161875945537,0.310185185185185,0.187028657616893,0.677067082683307,0.323170731707317,0.592814371257485,1,0.234848484848485,0.320610687022901,0.933333333333333,1,1,0.309451219512195,0.630467571644042,1,0.312594840667678,0.29922480620155,0.963020030816641,1,1,0.996875,0.314842578710645,1,1,0.891271056661562,1,0.345454545454545,1,0.581395348837209,1,0.676737160120846,0.308755760368664,0.59253499222395,1,1,0.993836671802773,0.32383808095952,0.324242424242424,0.326530612244898,0.324734446130501,0.327102803738318,0.313271604938272,0.986046511627907,0.314112291350531,1,1,0.714714714714715,0,0.319758672699849,0.316666666666667,0.67921686746988,1,0.548632218844985,0.327407407407407,0.648690292758089,0.312883435582822,0.317111459968603,1,0.310872894333844,0.314102564102564,0.682888540031397,0.89776357827476,0.320588235294118,0.593558282208589,0.571651090342679,0.327327327327327,0.316923076923077,0.305722891566265,0.58678955453149,0.680722891566265,1,0.909230769230769,1,0.667164179104478,0.998447204968944,0.584639498432602,0.318529862174579,0.316692667706708,1,1,0.413109756097561,0.993798449612403,0.996941896024465,1,0.3125,0.31969696969697,1,0.312223858615611,0.678195488721804,0.328725038402458,0.447328244274809,0.303125,0,0.310810810810811,1,1,0.590563165905632,0.00149476831091181,0.326186830015314,0.317411402157165,0.107361963190184,0.416,1,1,0.317073170731707,1,0.406441717791411,1,0.324444444444444,0.580060422960725,0.324615384615385,0.322429906542056,1,0,1,0.299524564183835,0.327188940092166,1,1,1,0.44822256568779,1,0.31839258114374,0.618045112781955,0.331306990881459,0.324409448818898,0.00151975683890578,0.0400616332819723,1,0.622291021671827,1,0.32258064516129,0.330143540669856,1,1,0.156626506024096,0.306646525679758,1,0.898638426626324,1,0.324734446130501,0.195084485407066,0.672256097560976,1,1,1,1,1,0.293853073463268,0.30521472392638,1,0.1171875,0.00151285930408472,0.428790199081164,0,0.326153846153846,1,0.680491551459293,1,1,0.892141756548536,1,0.680241327300151,1,1,1,1
"801",0.862745098039216,0.857594936708861,0.84887459807074,0.871224165341812,0.855572998430141,0.864433811802233,0.574918566775244,0.863344051446945,0.868253968253968,0.248387096774194,0.857142857142857,0.195618153364632,0.698564593301435,0.850891410048622,0.444794952681388,0.43312101910828,0.222047244094488,0.560655737704918,0.864516129032258,0.85691573926868,0.416666666666667,0.453658536585366,0.863636363636364,0.297939778129952,0.856481481481482,0.452859350850077,0.452614379084967,0.850819672131148,0.870866141732283,0.704113924050633,0.437898089171975,0.709320695102686,0.851330203442879,0.442675159235669,0.139423076923077,0.850249584026622,0.560747663551402,0.851851851851852,0.421461897356143,0.85625,0.554294975688817,0.55748031496063,0.578294573643411,0.851612903225806,0.864297253634895,0.44336569579288,0.440514469453376,0.434850863422292,0.45583596214511,0.455259026687598,0.14937106918239,0.856451612903226,0.444270015698587,0.860759493670886,0.853968253968254,0.515447154471545,0.558213716108453,0.868253968253968,0.861852433281005,0.863708399366086,0.453416149068323,0.450636942675159,0.445141065830721,0.565977742448331,0.85924713584288,0.866141732283465,0.197749196141479,0.854430379746835,0.207109737248841,0.437598736176935,0.853543307086614,0.445141065830721,0.452922077922078,0.828990228013029,0.52755905511811,0.865325077399381,0.440570522979398,0.454976303317536,0.861852433281005,0.440261865793781,0.236928104575163,0.446570972886762,0.453674121405751,0.870716510903427,0.466876971608833,0.849693251533742,0.852512155591572,0.866141732283465,0.8608,0.561708860759494,0.865912762520194,0.851851851851852,0.146496815286624,0.257142857142857,0.86547811993517,0.200622083981337,0.148969889064976,0.860681114551084,0.551894563426689,0.552166934189406,0.85553772070626,0.2032,0.445497630331754,0.857610474631751,0.437699680511182,0.85829307568438,0.546021840873635,0.869218500797448,0.421135646687697,0.449044585987261,0.455271565495208,0.867283950617284,0.444620253164557,0.8496,0.50855365474339,0.862654320987654,0.43879173290938,0.420062695924765,0.437596302003082,0.457735247208931,0.504716981132076,0.867507886435331,0.440124416796268,0.437802907915994,0.864353312302839,0.446009389671362,0.86,0.851162790697674,0.452950558213716,0.666144200626959,0.856451612903226,0.452076677316294,0.863708399366086,0.191717791411043,0.861563517915309,0.443217665615142,0.558869701726845,0.440758293838863,0.784345047923323,0.5625,0.243630573248408,0.25,0.856,0.864820846905538,0.463022508038585,0.859424920127795,0.443932411674347,0.865814696485623,0.710691823899371,0.848765432098765,0.451718494271686,0.867088607594937,0.862179487179487,0.857371794871795,0.864217252396166,0.432475884244373,0.848,0.433224755700326,0.393650793650794,0.868131868131868,0.440124416796268,0.858695652173913,0.438184663536776,0.240710823909531,0.858520900321543,0.439102564102564,0.864139020537125,0.858044164037855,0.850556438791733,0.448657187993681,0.868589743589744,0.44,0.853736089030207,0.415605095541401,0.868292682926829,0.44264943457189,0.20846394984326,0.852895148669797,0.543513957307061,0.848242811501597,0.852380952380952,0.440191387559809,0.862559241706161,0.859842519685039,0.8496,0.866141732283465,0.4453125,0.442879499217527,0.856913183279743,0.866877971473851,0.441823899371069,0.443729903536977,0.862284820031299,0.519747235387046,0.552995391705069,0.147385103011094,0.436220472440945,0.568690095846645,0.847003154574132,0.447040498442368,0.870550161812298,0.853080568720379,0.856692913385827,0.449526813880126,0.455108359133127,0.453957996768982,0.8625,0.862295081967213,0.856466876971609,0.143790849673203,0.855784469096672,0.426256077795786,0.824921135646688,0.446054750402576,0.443037974683544,0.769352290679305,0.854632587859425,0.8640625,0.857142857142857,0.848580441640379,0.862459546925566,0.209003215434084,0.443017656500803,0.452380952380952,0.867601246105919,0.557993730407524,0.861325115562404,0.854294478527607,0.857369255150555,0.854430379746835,0.8528,0.849462365591398,0.149606299212598,0.442546583850932,0.863636363636364,0.439807383627608,0.855325914149444,0.422647527910686,0.851735015772871,0.852750809061489,0.860128617363344,0.845659163987138,0.849180327868852,0.441971383147854,0.856240126382307,0.499197431781701,0.439807383627608,0.453149001536098,0.434504792332268,0.436597110754414,0.444267515923567,0.552504038772213,0.4384,0.43613707165109,0.435458786936236,0.856692913385827,0.435980551053485,0.857377049180328,0.554179566563467,0.4336,0.425431711145997,0.454689984101749,0.8544,0.856459330143541,0.853225806451613,0.392282958199357,0.440944881889764,0.862341772151899,0.432520325203252,0.454968944099379,0.454689984101749,0.45625,0.563779527559055,0.85024154589372,0.447409733124019,0.437699680511182,0.858490566037736,0.428338762214984,0.855345911949686,0.433489827856025,0.451043338683788,0.84789644012945,0.860927152317881,0.847376788553259,0.535483870967742,0.859450726978998,0.55748031496063,0.23728813559322,0.434920634920635,0.860719874804382,0.856459330143541,0.244897959183673,0.436335403726708,0.444084278768233,0.861111111111111,0.862681744749596,0.427672955974843,0.163232963549921,0.158576051779935,0.858064516129032,0.86038961038961,0.466458658346334,0.868589743589744,0.858015267175573,0.432859399684044,0.860576923076923,0.861417322834646,0.43730407523511,0.856219709208401,0.848142164781906,0.863924050632911,0.854889589905363,0.457413249211356,0.449297971918877,0.450244698205546,0.85062893081761,0.869634340222575,0.549050632911392,0.444444444444444,0.87258064516129,0.444444444444444,0.42604501607717,0.853810264385692,0.859784283513097,0.851500789889415,0.869143780290792,0.855345911949686,0.460191082802548,0.851097178683386,0.87220447284345,0.25,0.45468509984639,0.612903225806452,0.4368,0.533762057877814,0.4484375,0.86046511627907,0.4384,0.450155763239875,0.392125984251968,0.441823899371069,0.8578352180937,0.448540706605223,0.86031746031746,0.851968503937008,0.841121495327103,0.439102564102564,0.455538221528861,0.853080568720379,0.778145695364238,0.210862619808307,0.868589743589744,0.427892234548336,0.446254071661238,0.436597110754414,0.863123993558776,0.451968503937008,0.495327102803738,0.442700156985871,0.435406698564593,0.441368078175896,0.431061806656101,0.853080568720379,0.453376205787781,0.845901639344262,0.8576,0.147619047619048,0.857605177993528,0.446740858505564,0.867507886435331,0.854489164086687,0.845410628019324,0.457735247208931,0.855161787365177,0.440129449838188,0.875576036866359,0.718068535825545,0.864217252396166,0.85024154589372,0.853582554517134,0.434108527131783,0.850961538461538,0.840322580645161,0.447409733124019,0.434231378763867,0.852201257861635,0.847133757961783,0.437898089171975,0.32755905511811,0.852272727272727,0.875394321766562,0.85511811023622,0.13953488372093,0.438906752411576,0.834967320261438,0.433021806853583,0.364951768488746,0.865912762520194,0.545023696682464,0.460949464012251,0.849427168576105,0.857142857142857,0.552511415525114,0.575039494470774,0.475435816164818,0.859842519685039,0.4432,0.857142857142857,0.855721393034826,0.451510333863275,0.865930599369085,0.86525974025974,0.14873417721519,0.443561208267091,0.878205128205128,0.860576923076923,0.436893203883495,0.845425867507886,0.855048859934853,0.428571428571429,0.429252782193959,0.855784469096672,0.85423197492163,0.856219709208401,0.533858267716535,0.445512820512821,0.493589743589744,0.448854961832061,0.459459459459459,0.5616,0.448598130841121,0.446540880503145,0.45,0.370015948963317,0.438003220611916,0.847589424572317,0.455384615384615,0.864217252396166,0.435126582278481,0.223420647149461,0.19375,0.85243328100471,0.8625,0.195859872611465,0.872549019607843,0.559748427672956,0.184952978056426,0.163751987281399,0.853810264385692,0.566246056782334,0.868589743589744,0.855555555555556,0.666666666666667,0.864139020537125,0.131537242472266,0.233009708737864,0.861904761904762,0.858034321372855,0.863275039745628,0.446982055464927,0.532724505327245,0.559210526315789,0.855140186915888,0.86031746031746,0.839171974522293,0.434439178515008,0.432646592709984,0.85781990521327,0.432956381260097,0.8578125,0.461904761904762,0.250396196513471,0.434169278996865,0.446875,0.457912457912458,0.861801242236025,0.218944099378882,0.863141524105754,0.846153846153846,0.851097178683386,0.386645962732919,0.448220064724919,0.864734299516908,0.440322580645161,0.856677524429967,0.863414634146341,0.429245283018868,0.861337683523654,0.439509954058193,0.861904761904762,0.43042071197411,0.452076677316294,0.864566929133858,0.550239234449761,0.435857805255023,0.872813990461049,0.43485342019544,0.761453396524487,0.451313755795981,0.300955414012739,0.443585780525502,0.728867623604466,0.439542483660131,0.862838915470494,0.448553054662379,0.453703703703704,0.437106918238994,0.870813397129187,0.866883116883117,0.854070660522273,0.814029363784666,0.449752883031302,0.851910828025478,0.425324675324675,0.863344051446945,0.462311557788945,0.431496062992126,0.86031746031746,0.864516129032258,0.849293563579278,0.774447949526814,0.861963190184049,0.441679626749611,0.458003169572108,0.859842519685039,0.858995137763371,0.209415584415584,0.218649517684887,0.864864864864865,0.852512155591572,0.441033925686591,0.859154929577465,0.863705972434916,0.433544303797468,0.860615883306321,0.856687898089172,0.553627760252366,0.541864139020537,0.858064516129032,0.141768292682927,0.858712715855573,0.860979462875197,0.238390092879257,0.458466453674121,0.853697749196141,0.4432,0.864864864864865,0.823909531502423,0.861685214626391,0.697347893915757,0.857142857142857,0.447368421052632,0.855095541401274,0.859934853420195,0.86326194398682,0.144444444444444,0.448051948051948,0.864,0.855345911949686,0.543130990415335,0.860501567398119,0.452076677316294,0.45839874411303,0.457869634340223,0.852664576802508,0.856692913385827,0.854838709677419,0.23208722741433,0.432038834951456,0.231139646869984,0.864297253634895,0.43956043956044,0.427672955974843,0.472843450479233,0.13290113452188,0.864649681528662,0.817610062893082,0.857594936708861,0.85179407176287,0.435064935064935,0.430599369085173,0.299837925445705,0.184126984126984,0.445705024311183,0.441082802547771,0.43879173290938,0.149425287356322,0.444620253164557,0.849378881987578,0.139423076923077,0.438184663536776,0.856466876971609,0.8704,0.870047543581617,0.446153846153846,0.439749608763693,0.179401993355482,0.848580441640379,0.449760765550239,0.436619718309859,0.858954041204437,0.858034321372855,0.454106280193237,0.560777957860616,0.853035143769968,0.856910569105691,0.560192616372392,0.851968503937008,0.433903576982893,0.868506493506494,0.441971383147854,0.548536209553159,0.545454545454545,0.550077041602465,0.870458135860979,0.433846153846154,0.435897435897436,0.545741324921136,0.545031055900621,0.85214626391097,0.4512,0.856209150326797,0.441358024691358,0.859903381642512,0.432432432432432,0.429725363489499,0.467304625199362,0.664050235478807,0.457654723127036,0.4375,0.56140350877193,0.435534591194969,0.282430213464696,0.858044164037855,0.154929577464789,0.858730158730159,0.426517571884984,0.860095389507154,0.146496815286624,0.440894568690096,0.445528455284553,0.859450726978998,0.205837173579109,0.862992125984252,0.228295819935691,0.464285714285714,0.858766233766234,0.206521739130435,0.560126582278481,0.851097178683386,0.859842519685039,0.868544600938967,0.429765886287625,0.189024390243902,0.848673946957878,0.4688995215311,0.243548387096774,0.4765625,0.438377535101404,0.451612903225806,0.855769230769231,0.845276872964169,0.855973813420622,0.862123613312203,0.849293563579278,0.195046439628483,0.859154929577465,0.55205047318612,0.146341463414634,0.435534591194969,0.853543307086614,0.856910569105691,0.857142857142857,0.851162790697674,0.232339089481947,0.433070866141732,0.844961240310077,0.853269537480064,0.866449511400652,0.868167202572347,0.844827586206897,0.858954041204437,0.515527950310559,0.1424,0.855095541401274,0.236391912908243,0.447284345047923,0.515822784810127,0.859621451104101,0.48705501618123,0.431666666666667,0.447040498442368,0.856459330143541,0.186708860759494,0.448818897637795,0.847244094488189,0.841269841269841,0.486133768352365,0.431034482758621,0.43859649122807,0.445171849427169,0.85377358490566,0.45718901453958,0.431279620853081,0.553054662379421,0.454545454545455,0.830985915492958,0.44392523364486,0.233387358184765,0.448387096774194,0.132605304212168,0.863924050632911,0.227707006369427,0.43879173290938,0.445859872611465,0.445880452342488,0.853354134165367,0.864274570982839,0.860162601626016,0.863492063492064,0.861958266452649,0.86437908496732,0.466237942122186,0.855769230769231,0.4375,0.44949494949495,0.7392,0.5472,0.85423197492163,0.854003139717425,0.137440758293839,0.441860465116279,0.264240506329114,0.855365474339036,0.1776,0.858954041204437,0.854337152209493,0.431781701444623,0.852564102564103,0.857615894039735,0.732899022801303,0.544715447154472,0.852852852852853,0.232371794871795,0.249592169657423,0.85781990521327,0.862619808306709,0.8484375,0.232227488151659,0.13968253968254,0.437888198757764,0.4688,0.449139280125196,0.139318885448916,0.444264943457189,0.224919093851133,0.868670886075949,0.849757673667205,0.457943925233645,0.44375,0.384615384615385,0.460162601626016,0.440251572327044,0.451816745655608,0.85828025477707,0.865079365079365,0.452076677316294,0.861491628614916,0.137440758293839,0.854368932038835,0.35377358490566,0.855753646677472,0.547546012269939,0.853395061728395,0.435612082670906,0.431118314424635,0.219284603421462,0.553125,0.872611464968153,0.8592,0.660771704180064,0.849673202614379,0.431746031746032,0.440650406504065,0.860353130016051,0.439873417721519,0.373996789727127,0.447882736156352,0.863013698630137,0.24483306836248,0.869009584664537,0.857827476038339,0.443548387096774,0.550488599348534,0.424390243902439,0.852700490998363,0.856687898089172,0.427230046948357,0.437990580847724,0.44822256568779,1,0.436187399030695,0.8496,0.2,0.862838915470494,0.852941176470588,0.562790697674419,0.551282051282051,0.436392914653784,0.209119496855346,0.445880452342488,0.850157728706625,0.862012987012987,0.4288,0.454545454545455,0.599683544303797,0.85781990521327,0.441269841269841,0.488226059654631,0.436420722135008,0.85243328100471,0.52373417721519,0.137007874015748,0.427672955974843,0.45398773006135,0.446428571428571,0.438906752411576,0.438485804416404,0.825196850393701,0.854003139717425,0.443561208267091,0.553745928338762,0.567092651757188,0.379527559055118,0.560131795716639,0.851437699680511,0.459715639810427,0.150242326332795,0.43879173290938,0.434169278996865,0.497659906396256,0.449206349206349,0.143081761006289,0.460342146189736,0.446774193548387,0.440625,0.435736677115987
"802",0.308823529411765,0.308661417322835,0.312989045383412,0.32512315270936,0.316957210776545,0.301765650080257,0.00807754442649435,0.314606741573034,0.309033280507132,0.581847649918963,0.318611987381703,0.647058823529412,0.507223113964687,0.319354838709677,1,1,0.618441971383148,0,0.3232,0.305863708399366,1,1,0.315955766192733,0.51685393258427,0.299531981279251,1,1,0.333884297520661,0.30829420970266,0.536466774716369,1,0.600315955766193,0.370542635658915,0.996779388083736,0.673633440514469,0.307046979865772,0.13237639553429,0.31875,1,0.302839116719243,0.00163398692810458,0,0,0.32120253164557,0.309951060358891,1,0.9952,1,1,1,0.696774193548387,0.323051948051948,1,0.317891373801917,0.302884615384615,0.829617834394904,0.111831442463533,0.318471337579618,0.315955766192733,0.314194577352472,0.992175273865415,1,1,0.00483091787439614,0.306055646481178,0.309148264984227,0.6576,0.31687898089172,0.624615384615385,1,0.318611987381703,1,1,0.277504105090312,0.148325358851675,0.309230769230769,1,0.995305164319249,0.31496062992126,1,0.613559322033898,1,1,0.317384370015949,1,0.315217391304348,0.3088,0.323854660347551,0.3152,0,0.318255250403877,0.320493066255778,0.688888888888889,0.589783281733746,0.305691056910569,0.637480798771121,0.687203791469194,0.30188679245283,0.11437908496732,0,0.308186195826645,0.628849270664506,1,0.315270935960591,1,0.312698412698413,0,0.31687898089172,1,1,1,0.298107255520505,0.996835443037975,0.320126782884311,0.205696202531646,0.303125,1,0.36650868878357,1,1,0.2032,0.310126582278481,1,1,0.325471698113208,1,0.313846153846154,0.309597523219814,0.358161648177496,0.761755485893417,0.315359477124183,1,0.324058919803601,0.641304347826087,0.325732899022801,1,0.00157232704402516,1,0.37597503900156,0.889250814332248,0.580542264752791,0.594594594594595,0.313099041533546,0.314102564102564,1,0.304897314375987,1,0.294871794871795,0.503164556962025,0.322429906542056,1,0.304140127388535,0.310064935064935,0.31629392971246,0.317891373801917,1,0.303030303030303,1,0.435406698564593,0.319685039370079,1,0.316998468606432,1,0.595813204508857,0.318840579710145,1,0.313001605136437,0.303599374021909,0.330112721417069,0.988993710691824,0.321316614420063,1,0.326433121019108,1,0.30794701986755,1,0.597464342313788,0.287974683544304,0.0324675324675325,0.289389067524116,0.311074918566775,1,0.299363057324841,0.309748427672956,0.314375987361769,0.325396825396825,1,1,0.313953488372093,0.321543408360129,1,1,0.315955766192733,0.230283911671924,0.0199081163859112,0.692926045016077,1,0.0016025641025641,0.307936507936508,1,0.31900826446281,0.303875968992248,0.310509554140127,0.998392282958199,1,1,0.320987654320988,0.305647840531561,0.315372424722662,0.680781758957655,0.300955414012739,1,0.331730769230769,1,1,0.430817610062893,0.314845024469821,0.315132605304212,0.317965023847377,0.303514376996805,0.305691056910569,0.647619047619048,1,1,0.313479623824451,0.00470219435736677,0.323529411764706,0.311728395061728,0.315789473684211,0.303174603174603,0.296474358974359,0.318181818181818,0.701892744479495,0.357827476038339,0.2953125,1,0.311290322580645,1,0.306122448979592,0.3008,0.307692307692308,0.330097087378641,0.302287581699346,1,0.315625,0.80577849117175,1,1,0.998376623376623,1,1,0.892156862745098,1,1,1,0.317757009345794,1,0.318627450980392,0,1,0.3801261829653,1,0.311793214862682,0.3168,0.310618066561014,0.416666666666667,1,0.319620253164557,1,1,1,1,0,0.313408723747981,1,1,0.320450885668277,1,0.314375987361769,1,1,0.304065040650407,0.315112540192926,0.299843014128728,0.137440758293839,0.32516339869281,0,0.595975232198142,1,0.321711568938193,0.316912972085386,0.586370839936609,1,1,0.32137030995106,0.326332794830372,1,0.660347551342812,0.709677419354839,0.294892915980231,0.311367380560132,0.993779160186625,0.326433121019108,0.296583850931677,1,0.3088,0.30298273155416,1,0.3024,0.320450885668277,0.3104,0.315789473684211,1,1,1,0.310618066561014,0.320197044334975,0.00789889415481832,0.992088607594937,0.318255250403877,1,1,0.309006211180124,0.31937984496124,0.301916932907348,0.31378763866878,0.309677419354839,1,0.307692307692308,0.311320754716981,0.567699836867863,1,0.84,1,0,1,0.3171875,1,1,0.417840375586854,1,0.322475570032573,1,0.302737520128824,0.296,0.307086614173228,1,1,0.314285714285714,0.392446633825944,0.610032362459547,0.30016051364366,1,1,1,0.31023102310231,1,0.206624605678233,1,1,1,1,0.324451410658307,1,0.313758389261745,0.32695374800638,0.679936305732484,0.302134646962233,1,0.325508607198748,0.312788906009245,0.311074918566775,1,0.305164319248826,1,0.315132605304212,0.476947535771065,0.3232,0.319286871961102,0.308411214953271,1,0.314102564102564,0.300324675324675,1,1,0.314873417721519,0.305466237942122,1,0.479750778816199,0.314845024469821,0.319554848966614,0.328025477707006,0.686305732484076,1,0.290849673202614,1,0.419512195121951,0.295819935691318,0,0.886821705426357,0.316476345840131,0.314696485623003,0,0.0290322580645161,0.982315112540193,0.316957210776545,1,0.308917197452229,0.312396694214876,1,0.314641744548287,0.316720257234727,0.6784,1,0.318541996830428,0.317741935483871,1,0.311349693251534,0.30327868852459,1,0.335453100158982,0.308943089430894,0.312893081761006,0.325914149443561,0.809148264984227,1,0.983818770226537,1,1,0.00162337662337662,1,0.995215311004785,1,0.418940609951846,0.998366013071895,0.298887122416534,0.993740219092332,0.328548644338118,0.996884735202492,0.60490045941807,0.63349131121643,0.315873015873016,0.310452418096724,0.647244094488189,0.315270935960591,0,0.63258785942492,0.695299837925446,0.315047021943574,0.00158478605388273,0.315286624203822,0.3072,0.767628205128205,0.317034700315457,0.69377990430622,0.592833876221498,0.311111111111111,0.320872274143302,0.293739967897271,1,0.0259541984732824,0,0.312989045383412,0.322115384615385,0.331189710610932,1,0.331746031746032,0.306477093206951,1,0.297770700636943,0.941455696202532,0.572847682119205,1,1,0.993265993265993,0.314241486068111,0.609717868338558,0.320552147239264,0.306930693069307,0.314102564102564,0.416139240506329,1,0.30048465266559,1,0.318481848184819,0.316309719934102,1,0.326892109500805,1,0.321486268174475,1,1,0.314606741573034,0,1,0.31974921630094,1,0.579872204472843,1,0.511773940345369,1,0.566188197767145,1,0.316993464052288,1,1,1,0.309409888357257,0.314935064935065,0.313755795981453,0.33889816360601,0.322314049586777,0.305958132045089,1,0.322734499205087,1,1,0.329153605015674,0.3104,0.31104199066874,0.377388535031847,0.317411402157165,1,1,0.321316614420063,0.324237560192616,0.634266886326194,0.601941747572815,0.305246422893482,0.319354838709677,1,0.311216429699842,0.315047021943574,0.996830427892235,0.301164725457571,0.308186195826645,0,0.131045241809672,0.315873015873016,0.683076923076923,0.305958132045089,0.321144674085851,0.599378881987578,0.996789727126806,0.306451612903226,1,0.305246422893482,0.35,0.312202852614897,0.478125,0.309061488673139,1,0.317384370015949,0.321027287319422,0.323051948051948,0.690513219284603,1,0.32626427406199,0.308527131782946,0,0.322932917316693,1,0.962025316455696,1,0.317610062893082,0.318681318681319,0.31139646869984,0.593059936908517,1,0.598694942903752,0.332268370607029,1,1,0.963722397476341,0.676898222940226,0.325281803542673,0.353130016051364,0.316279069767442,0.311424100156495,1,1,0.514469453376206,0.640944881889764,1,1,1,0.690705128205128,1,0.3171875,0.679936305732484,1,0.315705128205128,0.3088,0.313099041533546,0.998412698412698,1,0.649586776859504,0.313971742543171,1,1,0.3265625,0.314873417721519,1,0,0.307692307692308,0.30718954248366,0.00490196078431373,0.312202852614897,1,0.298387096774194,1,0.140405616224649,0,0.902325581395349,0.324324324324324,1,1,0,0.00157232704402516,0.320574162679426,1,0.308702791461412,0.998439937597504,0.302588996763754,1,1,0.964912280701754,0.77337559429477,1,1,0.00317965023847377,1,0.519933554817276,0.320967741935484,0.67651632970451,0.319685039370079,1,0.308306709265176,0.682108626198083,1,1,0.306818181818182,0.62962962962963,0.323343848580442,0.593301435406699,0.97588424437299,0.326829268292683,0.608832807570978,0.0128824476650564,0.302737520128824,0.317535545023697,0.308306709265176,1,0.647244094488189,0.31104199066874,0.89540412044374,0.597381342062193,0.968992248062015,1,1,0.309748427672956,0.338235294117647,0.301794453507341,0.309148264984227,0.309262166405024,0.623255813953488,0.295886075949367,0,0.685758513931889,0.998415213946117,0.320754716981132,0.301948051948052,0.316912972085386,0.319488817891374,0.603448275862069,1,0.327044025157233,0.326366559485531,0.322422258592471,0.313821138211382,0.306349206349206,0.307073954983923,0.188562596599691,0.686178861788618,0.307941653160454,0.602848101265823,1,0.236133122028526,0.315286624203822,0.917874396135266,1,1,0.308064516129032,0.642857142857143,1,0.315132605304212,0.299363057324841,0.957860615883306,1,1,0.996666666666667,0.312796208530806,1,1,0.899361022364217,1,0.340694006309148,1,0.595432300163132,1,0.679626749611198,0.301127214170692,0.609756097560976,1,1,0.991869918699187,0.324324324324324,0.325842696629214,0.32258064516129,0.3216,0.31869918699187,0.313213703099511,0.983766233766234,0.309791332263242,1,1,0.720190779014308,0,0.306501547987616,0.309636650868878,0.675718849840256,1,0.562998405103668,0.326594090202177,0.64873417721519,0.310789049919485,0.309602649006623,1,0.3125,0.315270935960591,0.679214402618658,0.907742998352554,0.317771084337349,0.606741573033708,0.579032258064516,0.322429906542056,0.326892109500805,0.293929712460064,0.5904,0.683464566929134,1,0.894568690095847,1,0.667701863354037,0.998373983739837,0.589951377633712,0.307814992025518,0.321951219512195,1,1,0.429936305732484,0.99349593495935,0.996840442338073,1,0.314785373608903,0.323717948717949,1,0.308755760368664,0.679873217115689,0.323248407643312,0.45320197044335,0.302588996763754,0,0.30757341576507,1,1,0.599374021909233,0.0015552099533437,0.32484076433121,0.315372424722662,0.104928457869634,0.412724306688418,1,1,0.302694136291601,1,0.404838709677419,1,0.32398753894081,0.591772151898734,0.314696485623003,0.315789473684211,1,0,1,0.300970873786408,0.314102564102564,1,1,1,0.436187399030695,1,0.318681318681319,0.622257053291536,0.327447833065811,0.322950819672131,0.00157232704402516,0.0407523510971787,1,0.625201938610662,1,0.323051948051948,0.330065359477124,1,1,0.152996845425868,0.304278922345483,1,0.90952380952381,1,0.317034700315457,0.206119162640902,0.678740157480315,1,1,1,1,1,0.28391167192429,0.302884615384615,1,0.10983606557377,0.00161550888529887,0.4375,0,0.323151125401929,1,0.685897435897436,1,1,0.897959183673469,1,0.686915887850467,1,1,1,1
"803",1,1,1,1,1,1,0.701444622792937,1,1,0.100478468899522,1,0.0483619344773791,0.812995245641838,1,0.326465927099842,0.304615384615385,0.0636645962732919,0.689144736842105,1,1,0.29375,0.3088,1,0.153605015673981,1,0.321044546850998,0.32137030995106,1,1,0.781350482315113,0.308049535603715,0.7171875,0.958588957055215,0.311811023622047,0,1,0.544600938967136,1,0.301223241590214,1,0.660883280757098,0.682316118935837,0.690402476780186,1,1,0.317741935483871,0.309262166405024,0.311827956989247,0.336434108527132,0.329173166926677,0,1,0.308049535603715,1,1,0.475961538461538,0.562101910828026,1,1,1,0.329721362229102,0.315541601255887,0.312302839116719,0.679936305732484,1,1,0.04,1,0.0590909090909091,0.31619937694704,1,0.319685039370079,0.326829268292683,0.963434022257552,0.516483516483517,1,0.307098765432099,0.327666151468315,1,0.312903225806452,0.0901771336553945,0.331230283911672,0.328703703703704,1,0.335403726708075,1,1,1,1,0.686244204018547,1,1,0.00157232704402516,0.110260336906585,1,0.0485584218512898,0,1,0.559618441971383,0.676056338028169,1,0.0524642289348172,0.3203125,1,0.31378763866878,1,0.68503937007874,1,0.32,0.31911532385466,0.31201248049922,1,0.329738058551618,1,0.49306625577812,1,0.313291139240506,0.303265940902022,0.321044546850998,0.312302839116719,0.486656200941915,0.998449612403101,0.326086956521739,0.316211878009631,1,0.307210031347962,1,1,0.338028169014085,0.543511450381679,1,0.315873015873016,1,0.045662100456621,1,0.319444444444444,0.669811320754717,0.331230283911672,0.930489731437599,0.441033925686591,0.112,0.100156494522692,1,1,0.332810047095761,1,0.319571865443425,1,0.8,1,0.326923076923077,1,1,1,1,0.334394904458599,1,0.325242718446602,0.25585023400936,1,0.308661417322835,1,0.296529968454259,0.0913461538461538,1,0.317307692307692,1,1,1,0.331278890600925,1,0.32182103610675,1,0.309968847352025,1,0.317535545023697,0.0756172839506173,1,0.638126009693053,1,1,0.321144674085851,1,1,1,1,0.321875,0.314241486068111,1,0.998432601880878,0.311450381679389,0.306962025316456,1,0.457278481012658,0.662141779788839,0,0.32398753894081,0.672926447574335,1,0.322480620155039,1,0.998473282442748,1,0.311526479750779,0.325617283950617,0.320388349514563,1,1,1,0,1,0.310509554140127,0.968354430379747,0.32753164556962,0.315873015873016,0.757341576506955,1,1,1,1,1,0.0474683544303797,0.32018927444795,0.328616352201258,1,0.685758513931889,1,1,0.998425196850394,0.998435054773083,1,1,0.00313479623824451,0.320610687022901,1,0.306477093206951,1,0.304953560371517,1,1,1,1,1,0.329073482428115,1,0.501582278481013,0.32807570977918,0.324534161490683,0.309904153354633,0.32807570977918,0.329581993569132,0.413290113452188,0.333333333333333,0.317829457364341,0.312111801242236,1,0.317683881064163,1,0.688073394495413,0.306603773584906,0.311349693251534,0.333868378812199,1,1,1,0.257503949447077,0.313971742543171,1,0.319870759289176,0.325153374233129,0.313084112149533,0.3198127925117,0.686335403726708,1,0.321428571428571,0.316639741518578,1,0.296116504854369,1,0.316998468606432,0.313880126182965,1,1,1,0.539432176656151,1,0.686614173228347,0.08649468892261,0.316118935837246,1,1,0.100470957613815,0.32258064516129,0.329011345218801,1,1,0.301412872841444,0.027906976744186,0.00161550888529887,1,1,0.334848484848485,0.998430141287284,1,0.313572542901716,1,1,0.312788906009245,1,1,1,1,0.327476038338658,0.310502283105023,0.329073482428115,1,1,0.674454828660436,0.31875,1,0.317901234567901,0.302215189873418,1,1,0.998439937597504,1,1,0.326498422712934,1,1,0.110759493670886,0.327639751552795,0.4913112164297,0.3046875,0.67515923566879,0.317411402157165,1,0.312698412698413,0.322222222222222,0.257716049382716,0.325115562403698,1,0.327300150829563,1,1,1,0.306603773584906,0.326153846153846,0.998420221169036,0.920922570016474,0.0631911532385466,1,0.313479623824451,0.318541996830428,0.312202852614897,1,0.325545171339564,0.480376766091052,0.325,0.309748427672956,0.314696485623003,0.308661417322835,1,0.322784810126582,1,1,0,1,0.332288401253919,1,1,1,0.332807570977918,1,0.313504823151125,1,0.841194968553459,1,1,1,0.315217391304348,1,1,0.3109375,0.311811023622047,1,1,0.314900153609831,0.187306501547988,1,0.9984375,1,0,0.315286624203822,1,0.310185185185185,0.2453125,1,0.675465838509317,0.429223744292237,1,1,0.67427701674277,0.703937007874016,0.337559429477021,1,0.319047619047619,1,1,0.328593996840442,1,0.998410174880763,0.00794912559618442,0.331240188383046,1,1,0.3216,1,1,0.30173775671406,0.329230769230769,1,1,1,0.525157232704403,0.309006211180124,0.342902711323764,0.316030534351145,0.33489827856025,0.693290734824281,0.325688073394495,0.322884012539185,0.313846153846154,0.240683229813665,0.325914149443561,1,0.316998468606432,0.998407643312102,0.314152410575428,0.0875576036866359,0.0541795665634675,1,1,0.0411392405063291,1,0.68960244648318,0.0456692913385827,0.0128205128205128,1,0.677570093457944,1,1,0.544025157232704,1,0,0.0770491803278689,1,1,1,0.326923076923077,0.638805970149254,0.692307692307692,0.995283018867924,1,0.979719188767551,0.305426356589147,0.341232227488152,1,0.304975922953451,1,0.368916797488226,0.108150470219436,0.310077519379845,0.313546423135464,0.328859060402685,1,0.0824261275272162,1,1,1,0.256965944272446,0.319554848966614,1,0.323717948717949,1,1,0.313271604938272,1,0.32370820668693,1,0.30952380952381,0.317891373801917,1,0.6768,0.321100917431193,1,0.314785373608903,0.753894080996885,0.313846153846154,0.161042944785276,0.313455657492355,0.755102040816326,0.306709265175719,1,0.325,0.3375,0.287037037037037,1,1,1,0.967741935483871,0.330618892508143,1,0.32626427406199,1,0.316831683168317,0.320493066255778,1,1,1,0.911076443057722,1,0.30625,0.315625,1,1,0.0505529225908373,0.0794912559618442,1,1,0.305295950155763,1,1,0.319182389937107,1,1,0.68266253869969,0.532208588957055,1,0,1,1,0.104454685099846,0.315707620528771,1,0.328593996840442,0.998425196850394,0.961722488038278,0.998447204968944,0.821263482280431,1,0.334405144694534,1,1,1,0,0.312297734627832,1,1,0.6703125,1,0.31619937694704,0.349453978159126,0.317610062893082,1,1,1,0.0945736434108527,0.325320512820513,0.0933977455716586,0.998425196850394,0.309341500765697,0.309119010819165,0.34585289514867,0,1,0.955414012738854,1,1,0.323296354992076,0.304804804804805,0.16,0.0417956656346749,0.316037735849057,0.311320754716981,0.322480620155039,0.00158982511923688,0.311912225705329,1,0,0.315789473684211,1,1,1,0.316846986089645,0.317411402157165,0.037156704361874,1,0.313479623824451,0.309341500765697,1,1,0.320813771517997,0.691419141914191,1,1,0.69811320754717,1,0.309707241910632,1,0.312401883830455,0.530139103554869,0.671274961597542,0.404255319148936,1,0.304147465437788,0.310832025117739,0.681114551083591,0.665639445300462,1,0.320433436532508,1,0.320610687022901,1,0.31201248049922,0.306089743589744,0.351822503961965,0.519319938176198,0.314873417721519,0.310897435897436,0.67032967032967,0.315132605304212,0.151465798045603,1,0,1,0.290996784565916,1,0,0.319685039370079,0.32137030995106,1,0.057315233785822,1,0.0926216640502355,0.330173775671406,1,0.0646687697160883,0.676100628930818,1,1,1,0.310015898251192,0.0418604651162791,1,0.419558359621451,0.0996835443037975,0.346094946401225,0.319018404907975,0.326153846153846,1,1,1,1,1,0.0641221374045802,0.995348837209302,0.6859375,0.00298953662182362,0.327586206896552,1,1,1,1,0.0928792569659443,0.313846153846154,1,1,1,1,1,1,0.491628614916286,0.00161290322580645,1,0.086687306501548,0.325984251968504,0.433333333333333,1,0.384615384615385,0.312703583061889,0.30757341576507,1,0.0422535211267606,0.320695102685624,1,1,0.364516129032258,0.306853582554517,0.3109375,0.314009661835749,0.998461538461539,0.330143540669856,0.316279069767442,0.414330218068536,0.317610062893082,0.970542635658915,0.311728395061728,0.087378640776699,0.322274881516588,0,1,0.0940988835725678,0.310789049919485,0.321086261980831,0.311605723370429,1,1,1,1,1,1,0.334920634920635,1,0.314375987361769,0.312709030100334,0.595348837209302,0.674603174603175,1,1,0,0.31839258114374,0.115689381933439,0.998466257668712,0.0376175548589342,1,1,0.318681318681319,1,1,0.62200956937799,0.414355628058728,0.995481927710843,0.0825242718446602,0.103174603174603,1,1,1,0.0919003115264797,0,0.31733746130031,0.414173228346457,0.316279069767442,0,0.334410339256866,0.0917874396135266,1,1,0.312210200927357,0.319182389937107,0.244865718799368,0.338632750397456,0.306027820710974,0.319685039370079,1,1,0.32741935483871,1,0,1,0.229430379746835,1,0.68167701863354,1,0.31496062992126,0.305246422893482,0.077639751552795,0.673405909797823,1,1,0.794071762870515,0.892156862745098,0.330670926517572,0.319870759289176,1,0.324031007751938,0.258320126782884,0.318910256410256,1,0.104361370716511,1,1,0.318818040435459,0.682258064516129,0.314785373608903,1,1,0.306153846153846,0.309006211180124,0.31839258114374,0.8496,0.318681318681319,1,0.0561456752655539,1,1,0.697637795275591,0.648985959438378,0.323624595469256,0.0554675118858954,0.324367088607595,1,1,0.310832025117739,0.321372854914197,0.622257053291536,1,0.313455657492355,0.380434782608696,0.307692307692308,0.986024844720497,0.480190174326466,0.0047244094488189,0.306122448979592,0.327102803738318,0.338607594936709,0.310679611650485,0.312688821752266,0.973765432098765,1,0.317034700315457,0.542673107890499,0.684713375796178,0.241433021806854,0.679092382495948,1,0.320813771517997,0.00316957210776545,0.323809523809524,0.313084112149533,0.378670788253478,0.31496062992126,0,0.339171974522293,0.310509554140127,0.321656050955414,0.314873417721519
"804",0.0598425196850394,0.0529595015576324,0.0497667185069984,0.0512820512820513,0.0535987748851455,0.0595611285266458,0.360062893081761,0.0563380281690141,0.0585516178736518,0.9648,0.0516717325227964,0.982839313572543,0.1201248049922,0.0540123456790123,0.619273301737757,0.637059724349158,0.993827160493827,0.384491114701131,0.0590979782270607,0.0594679186228482,0.638330757341577,0.63015873015873,0.0558139534883721,0.905343511450382,0.0622154779969651,0.605263157894737,0.617693522906793,0.0613207547169811,0.0625954198473282,0.155802861685215,0.629800307219662,0.20392749244713,0.0353302611367127,0.624413145539906,0.952904238618524,0.0635179153094463,0.523219814241486,0.0555555555555556,0.640060240963855,0.0579268292682927,0.400309119010819,0.380585516178737,0.378625954198473,0.0573643410852713,0.0578125,0.613924050632911,0.632398753894081,0.631336405529954,0.617511520737327,0.615501519756839,0.943076923076923,0.0540540540540541,0.625382262996942,0.0545171339563863,0.0570107858243451,0.429906542056075,0.498442367601246,0.0585516178736518,0.0576323987538941,0.0559875583203732,0.609907120743034,0.615975422427035,0.6234375,0.393026941362916,0.0593900481540931,0.0611620795107034,0.990712074303406,0.055205047318612,0.997001499250375,0.618320610687023,0.0547112462006079,0.618973561430793,0.604761904761905,0.0894568690095847,0.549382716049383,0.0592705167173252,0.627092846270928,0.597542242703533,0.0579268292682927,0.623809523809524,0.968203497615262,0.6109375,0.622291021671827,0.0582822085889571,0.602782071097372,0.0574886535552194,0.0568356374807988,0.0527950310559006,0.0514018691588785,0.369465648854962,0.0550314465408805,0.0503048780487805,0.946401225114854,0.961832061068702,0.0487421383647799,0.98796992481203,0.946070878274268,0.0541795665634675,0.499215070643642,0.386046511627907,0.0606531881804044,0.996815286624204,0.630434782608696,0.0570522979397781,0.621875,0.0513219284603421,0.382352941176471,0.0589147286821705,0.618238021638331,0.614307931570762,0.60882800608828,0.0596330275229358,0.615384615384615,0.0522273425499232,0.57469512195122,0.061377245508982,0.625766871165644,0.76416539050536,0.617117117117117,0.623824451410658,0.584758942457232,0.0633693972179289,0.611280487804878,0.609794628751975,0.0474732006125574,0.633333333333333,0.0549777117384844,0.0576631259484067,0.737984496124031,0.517087667161961,0.0552922590837283,0.628526645768025,0.0534591194968553,0.986547085201794,0.0528,0.621951219512195,0.386850152905199,0.609090909090909,0.00470219435736677,0.6032,0.966049382716049,0.963893249607535,0.0572755417956656,0.0515625,0.60062893081761,0.0523076923076923,0.615733736762481,0.0551181102362205,0.126738794435858,0.0615615615615616,0.625592417061611,0.0510835913312693,0.062015503875969,0.054858934169279,0.0482866043613707,0.605590062111801,0.065015479876161,0.611023622047244,0.807987711213518,0.0595419847328244,0.624233128834356,0.0578386605783866,0.633385335413417,0.976340694006309,0.0490506329113924,0.617554858934169,0.0630769230769231,0.06,0.0581761006289308,0.60790273556231,0.057542768273717,0.615264797507788,0.05320813771518,0.622874806800618,0.0600649350649351,0.618973561430793,0.986046511627907,0.0599078341013825,0.420382165605096,0.053968253968254,0.0581761006289308,0.62111801242236,0.0470957613814757,0.0513219284603421,0.0537634408602151,0.0529595015576324,0.619631901840491,0.622727272727273,0.0608,0.0543478260869565,0.60882800608828,0.641065830721003,0.0577507598784195,0.621913580246914,0.395833333333333,0.939157566302652,0.611111111111111,0.398473282442748,0.0500758725341426,0.618618618618619,0.053968253968254,0.0558069381598793,0.0564024390243902,0.62596599690881,0.622727272727273,0.606299212598425,0.0597014925373134,0.0557324840764331,0.0486322188449848,0.952978056426332,0.0559006211180124,0.632237871674491,0.0263975155279503,0.619496855345912,0.627871362940276,0.307339449541284,0.0544323483670296,0.0609756097560976,0.0518053375196232,0.0582822085889571,0.0554675118858954,0.983076923076923,0.615740740740741,0.609494640122512,0.0595419847328244,0.379785604900459,0.0584707646176912,0.0638297872340425,0.0546875,0.0563165905631659,0.0561622464898596,0.0556390977443609,0.942901234567901,0.753403933434191,0.0554699537750385,0.621875,0.0530421216848674,0.634586466165414,0.0561456752655539,0.0515625,0.0543478260869565,0.0576323987538941,0.0555555555555556,0.6125,0.0555555555555556,0.418238993710692,0.6156202143951,0.603686635944701,0.627943485086342,0.602503912363067,0.603744149765991,0.640127388535032,0.600311041990669,0.615267175572519,0.616822429906542,0.0614692653673163,0.614906832298137,0.0479233226837061,0.376876876876877,0.611197511664075,0.753012048192771,0.605304212168487,0.0581761006289308,0.0498442367601246,0.0590979782270607,0.8125,0.626728110599078,0.0502283105022831,0.620472440944882,0.614114114114114,0.627692307692308,0.622119815668203,0.378670788253478,0.0558139534883721,0.618541033434651,0.621069182389937,0.0543478260869565,0.646869983948636,0.0599078341013825,0.63013698630137,0.624223602484472,0.0569230769230769,0.054773082942097,0.0570107858243451,0.523584905660377,0.0566037735849057,0.378461538461538,0.977611940298508,0.620743034055728,0.0566615620214395,0.0510835913312693,0.968085106382979,0.618541033434651,0.611111111111111,0.0464,0.0571870170015456,0.62826420890937,0.968181818181818,0.946540880503145,0.0638629283489097,0.054773082942097,0.610015174506829,0.0573643410852713,0.0605143721633888,0.633181126331811,0.0537634408602151,0.0559875583203732,0.622699386503067,0.055205047318612,0.0626959247648903,0.0598159509202454,0.0557275541795666,0.601246105919003,0.630630630630631,0.611111111111111,0.0584615384615385,0.059375,0.394777265745008,0.625382262996942,0.0566037735849057,0.617737003058104,0.63944530046225,0.0542168674698795,0.0504587155963303,0.0507692307692308,0.0572755417956656,0.0547112462006079,0.615264797507788,0.0640625,0.0645161290322581,0.957547169811321,0.602427921092564,0.55968992248062,0.62992125984252,0.391236306729264,0.617824773413897,0.0540540540540541,0.632558139534884,0.609375,0.80517503805175,0.615030674846626,0.055205047318612,0.604790419161677,0.0601851851851852,0.0529595015576324,0.0554699537750385,0.62402496099844,0.624048706240487,0.0563165905631659,0.0191387559808612,1,0.0595611285266458,0.620583717357911,0.61993769470405,0.63275039745628,0.0458860759493671,0.618975903614458,0.599383667180277,0.617737003058104,0.625194401244168,0.6198738170347,0.63020030816641,0.0553064275037369,0.603421461897356,0.0498392282958199,0.0477657935285054,0.950078003120125,0.0584518167456556,0.6203125,0.0592705167173252,0.0578386605783866,0.056,0.614664586583463,0.057315233785822,0.617554858934169,0.0583832335329341,0.106811145510836,0.0617283950617284,0.0610328638497653,0.0594512195121951,0.626728110599078,0.0541795665634675,0.0574162679425837,0.621913580246914,0.625,0.0523076923076923,0.0527131782945736,0.62691131498471,0.875757575757576,0.0577223088923557,0.0524691358024691,0.0597243491577335,0.942989214175655,0.634375,0.0522151898734177,0.623052959501558,0.818181818181818,0.0519685039370079,0.384615384615385,0.503030303030303,0.0600315955766193,0.0553846153846154,0.394932935916542,0.356481481481481,0.591263650546022,0.0526315789473684,0.612557427258805,0.059190031152648,0.0505529225908373,0.611801242236025,0.050381679389313,0.054773082942097,0.958268933539413,0.607142857142857,0.0577223088923557,0.0532915360501567,0.614664586583463,0.0519083969465649,0.0605095541401274,0.627358490566038,0.731481481481482,0.0581761006289308,0.0534351145038168,0.0529595015576324,0.401840490797546,0.628125,0.632237871674491,0.615037593984962,0.615030674846626,0.374805598755832,0.60708782742681,0.613251155624037,0.629909365558912,0.816923076923077,0.617322834645669,0.0591805766312595,0.610698365527489,0.05625,0.626543209876543,0.973013493253373,0.996951219512195,0.0581929555895865,0.0621212121212121,0.986153846153846,0.0471698113207547,0.374242424242424,0.992295839753467,0.956386292834891,0.0574018126888218,0.374045801526718,0.0554699537750385,0.0604229607250755,0.516279069767442,0.0537634408602151,0.942724458204334,0.977742448330684,0.0514018691588785,0.060882800608828,0.0639625585023401,0.607198748043818,0.421364985163205,0.368336025848142,0.0675883256528418,0.0552995391705069,0.027231467473525,0.631415241057543,0.723765432098765,0.0602782071097372,0.644654088050314,0.0510835913312693,0.569422776911076,0.962558502340094,0.629402756508423,0.631024096385542,0.596375617792422,0.0548780487804878,0.974045801526718,0.0640243902439024,0.0529695024077047,0.0563165905631659,0.809815950920245,0.609177215189873,0.0661417322834646,0.625196850393701,0.054140127388535,0.0590111642743222,0.630699088145897,0.0530421216848674,0.617777777777778,0.0559875583203732,0.635093167701863,0.614906832298137,0.0556414219474498,0.383540372670807,0.620795107033639,0.0553846153846154,0.627172195892575,0.181679389312977,0.622154779969651,0.908814589665654,0.622754491017964,0.170992366412214,0.623604465709729,0.0685805422647528,0.617283950617284,0.603369065849923,0.647779479326187,0.0606531881804044,0.0559875583203732,0.052790346907994,0.0238473767885533,0.722044728434505,0.055045871559633,0.610492845786963,0.0552147239263804,0.624203821656051,0.618401206636501,0.0582822085889571,0.0533751962323391,0.0540958268933539,0.0278637770897833,0.0515933232169954,0.629909365558912,0.62037037037037,0.0523882896764253,0.0529595015576324,1,0.97191887675507,0.0558139534883721,0.0564263322884013,0.625194401244168,0.057542768273717,0.0574886535552194,0.63265306122449,0.0600315955766193,0.0611620795107034,0.384375,0.52824427480916,0.0495356037151703,0.949025487256372,0.0598159509202454,0.0642201834862385,0.964831804281346,0.616224648985959,0.0577223088923557,0.609831029185868,0.0493827160493827,0.0235109717868339,0.0590062111801242,0.117378048780488,0.0607476635514019,0.609375,0.0538461538461538,0.0522151898734177,0.0500782472613459,0.945121951219512,0.629392971246006,0.0473186119873817,0.0621212121212121,0.387247278382582,0.0551301684532925,0.622291021671827,0.575384615384615,0.6156202143951,0.0541795665634675,0.0597243491577335,0.0609375,0.969788519637462,0.613564668769716,0.972886762360447,0.0517241379310345,0.630534351145038,0.635528330781011,0.588414634146341,0.949386503067485,0.0501567398119122,0.00925925925925926,0.0575757575757576,0.0566615620214395,0.608087091757387,0.632930513595166,0.906542056074766,0.987577639751553,0.619414483821264,0.615264797507788,0.607305936073059,0.949764521193093,0.628440366972477,0.0533536585365854,0.941085271317829,0.618238021638331,0.060882800608828,0.0613207547169811,0.0559875583203732,0.6156202143951,0.623298033282905,0.990415335463259,0.0510835913312693,0.623839009287926,0.627067669172932,0.0573643410852713,0.0630769230769231,0.622699386503067,0.357723577235772,0.0579937304075235,0.062015503875969,0.366459627329193,0.0546282245827011,0.625,0.0616113744075829,0.625,0.534848484848485,0.387387387387387,0.648286140089419,0.0511627906976744,0.63855421686747,0.618618618618619,0.38391502276176,0.393939393939394,0.050381679389313,0.614220877458396,0.0587301587301587,0.625563909774436,0.0515625,0.612213740458015,0.626771653543307,0.584992343032159,0.534668721109399,0.615141955835962,0.623639191290824,0.392966360856269,0.614197530864197,0.915447154471545,0.0484375,0.94359756097561,0.0571870170015456,0.645669291338583,0.0568356374807988,0.952086553323029,0.623052959501558,0.623233908948195,0.0550314465408805,0.998516320474777,0.0532724505327245,0.967238689547582,0.597826086956522,0.0525502318392581,0.996889580093313,0.400311526479751,0.0570987654320988,0.0587326120556414,0.0531107738998483,0.6272,0.984871406959153,0.0589123867069486,0.504702194357367,0.963549920760697,0.576807228915663,0.613496932515337,0.60882800608828,0.0555555555555556,0.042654028436019,0.0642633228840125,0.0569230769230769,0.0540123456790123,0.995495495495496,0.0609756097560976,0.383076923076923,0.944858420268256,0.618012422360248,0.0542635658914729,0.0544323483670296,0.0492845786963434,0.0487804878048781,0.974085365853659,0.621538461538461,0.0534351145038168,0.0576323987538941,0.0471698113207547,0.0540958268933539,0.0623100303951368,0.0623052959501558,0.572507552870091,0.954113924050633,0.0496124031007752,0.978593272171254,0.61875,0.637362637362637,0.0613496932515337,0.550314465408805,0.623417721518987,0.631987577639752,0.0649149922720247,0.990909090909091,0.61890243902439,0.0520673813169985,0.0615141955835962,0.56828885400314,0.625192012288787,0.622083981337481,0.630331753554502,0.0485584218512898,0.611801242236025,0.622291021671827,0.63182527301092,0.624413145539906,0.0167427701674277,0.625942684766214,0.974643423137876,0.616438356164384,0.950233281493002,0.0577223088923557,0.971786833855799,0.627145085803432,0.615863141524106,0.620472440944882,0.052790346907994,0.0521472392638037,0.0526315789473684,0.0537634408602151,0.0564516129032258,0.0581761006289308,0.605345911949686,0.0552147239263804,0.614906832298137,0.623140495867769,0.464012251148545,0.383647798742138,0.0566615620214395,0.0584615384615385,0.951807228915663,0.618618618618619,0.945038167938931,0.0522388059701493,0.986153846153846,0.053680981595092,0.0527156549520767,0.616954474097331,0.0551181102362205,0.0580645161290323,0.431746031746032,0.637658227848101,0.062874251497006,0.96998420221169,0.965891472868217,0.058641975308642,0.057542768273717,0.0522273425499232,0.972179289026275,0.952012383900929,0.615037593984962,0.523809523809524,0.618045112781955,0.946646341463415,0.59748427672956,0.974803149606299,0.0598159509202454,0.054858934169279,0.628224582701062,0.614439324116744,0.823348694316436,0.594679186228482,0.619482496194825,0.617873651771957,0.0559875583203732,0.0545454545454545,0.615384615384615,0.056379821958457,0.94553706505295,0.04858934169279,0.844236760124611,0.0630914826498423,0.384146341463415,0.0561622464898596,0.626749611197512,0.629984051036683,0.979813664596273,0.390505359877489,0.0544323483670296,0.0527950310559006,0.273425499231951,0.160194174757282,0.609105180533752,0.624605678233438,0.055045871559633,0.616923076923077,0.809006211180124,0.610845295055821,0.0621301775147929,0.965098634294385,0.0573643410852713,0.0556414219474498,0.612752721617418,0.38740157480315,0.6171875,0.0552922590837283,0.04858934169279,0.631741140215716,0.631172839506173,0.618045112781955,0.2,0.622257053291536,0.0561456752655539,1,0.0630769230769231,0.0538827258320127,0.365030674846626,0.418351477449456,0.60828025477707,1,0.616459627329193,0.0570107858243451,0.0492845786963434,0.633956386292835,0.611455108359133,0.424196018376723,0.0490045941807044,0.621052631578947,0.678407350689127,0.636500754147813,0.0776255707762557,0.594383775351014,0.956454121306376,0.64,0.612557427258805,0.606918238993711,0.625199362041467,0.619847328244275,0.0884146341463415,0.0577223088923557,0.63013698630137,0.519872813990461,0.381846635367762,0.827160493827161,0.370015948963317,0.046801872074883,0.613740458015267,0.945652173913043,0.605263157894737,0.624806201550388,0.688650306748466,0.610062893081761,0.950226244343891,0.601851851851852,0.62992125984252,0.614307931570762,0.623100303951368
"805",1,1,1,1,1,1,0.697115384615385,1,1,0.103727714748784,1,0.0510835913312693,0.817460317460317,1,0.325949367088608,0.313880126182965,0.0690184049079755,0.67948717948718,1,1,0.299065420560748,0.325434439178515,1,0.164362519201229,1,0.337480559875583,0.3264,1,1,0.788643533123028,0.3203125,0.729393468118196,0.967391304347826,0.328025477707006,0,1,0.542768273716952,1,0.311278195488722,1,0.652996845425868,0.67601246105919,0.684129429892142,1,1,0.3248,0.330188679245283,0.314503816793893,0.331804281345566,0.331797235023041,0,1,0.323216995447648,1,1,0.505582137161085,0.552755905511811,1,1,1,0.342024539877301,0.319685039370079,0.327073552425665,0.670846394984326,1,1,0.0397456279809221,1,0.0641791044776119,0.333333333333333,1,0.323574730354391,0.332273449920509,0.963317384370016,0.505426356589147,1,0.322033898305085,0.344615384615385,1,0.326465927099842,0.0938511326860841,0.341653666146646,0.335925349922239,1,0.345201238390093,1,1,1,1,0.68,1,1,0.00155763239875389,0.108895705521472,1,0.0542168674698795,0,1,0.550561797752809,0.668224299065421,1,0.0606531881804044,0.322429906542056,1,0.328050713153724,1,0.67651632970451,1,0.321259842519685,0.331738437001595,0.32824427480916,1,0.342229199372057,1,0.486322188449848,1,0.327102803738318,0.296754250386399,0.336890243902439,0.327044025157233,0.481132075471698,0.998454404945904,0.331297709923664,0.321656050955414,1,0.312977099236641,1,1,0.322784810126582,0.569908814589666,1,0.32753164556962,1,0.0481203007518797,1,0.322727272727273,0.661608497723824,0.340557275541796,0.923317683881064,0.45,0.106646058732612,0.10207336523126,1,1,0.338028169014085,1,0.329754601226994,1,0.801538461538462,1,0.329617834394904,1,1,1,1,0.342064714946071,1,0.330670926517572,0.25193199381762,1,0.326086956521739,1,0.311708860759494,0.0921875,1,0.319935691318328,1,1,1,0.347222222222222,1,0.340694006309148,1,0.318252730109204,1,0.328050713153724,0.0814132104454685,1,0.619672131147541,1,1,0.326433121019108,1,1,1,1,0.330708661417323,0.32312404287902,1,0.998444790046656,0.328746177370031,0.313880126182965,1,0.448916408668731,0.656203288490284,0,0.333333333333333,0.663009404388715,1,0.332312404287902,1,0.998468606431853,1,0.32398753894081,0.330757341576507,0.337579617834395,1,1,1,0,1,0.31619937694704,0.967542503863988,0.331761006289308,0.315707620528771,0.755007704160247,1,1,1,1,1,0.0517241379310345,0.323248407643312,0.327666151468315,1,0.675840978593272,1,1,0.998456790123457,0.998461538461539,1,1,0.0046656298600311,0.312404287901991,1,0.317535545023697,1,0.315467075038285,1,1,1,1,1,0.332810047095761,1,0.51496062992126,0.327586206896552,0.329738058551618,0.323899371069182,0.332814930015552,0.339116719242902,0.434713375796178,0.338533541341654,0.322480620155039,0.321981424148607,1,0.326120556414219,1,0.672256097560976,0.325077399380805,0.315301391035549,0.34012539184953,1,1,1,0.252747252747253,0.326625386996904,1,0.322784810126582,0.333843797856049,0.327044025157233,0.32312404287902,0.674641148325359,1,0.333333333333333,0.319047619047619,1,0.310789049919485,1,0.31832298136646,0.31937984496124,1,1,1,0.5328125,1,0.6801872074883,0.087667161961367,0.329173166926677,1,1,0.1,0.325190839694657,0.338607594936709,1,1,0.312893081761006,0.0282131661442006,0.00318471337579618,1,1,0.341353383458647,0.998427672955975,1,0.33179012345679,1,1,0.324031007751938,1,1,1,1,0.333853354134165,0.31570996978852,0.33015873015873,1,1,0.662100456621005,0.3265625,1,0.330275229357798,0.303738317757009,1,1,0.998447204968944,1,1,0.330173775671406,1,1,0.114832535885167,0.338983050847458,0.50231124807396,0.318910256410256,0.661949685534591,0.324116743471582,1,0.317460317460317,0.339622641509434,0.2557781201849,0.328703703703704,1,0.331325301204819,1,1,1,0.321316614420063,0.333333333333333,0.998454404945904,0.922204213938412,0.0676100628930818,1,0.326053042121685,0.331761006289308,0.324921135646688,1,0.339969372128637,0.46656298600311,0.333850931677019,0.316692667706708,0.326366559485531,0.312989045383412,1,0.325508607198748,1,1,0,1,0.3296875,1,1,1,0.335423197492163,1,0.328593996840442,1,0.844375963020031,1,1,1,0.320061255742726,1,1,0.321156773211568,0.318461538461538,1,1,0.319508448540707,0.185867895545315,1,0.998439937597504,1,0,0.324367088607595,1,0.312989045383412,0.243670886075949,1,0.666149068322981,0.445300462249615,1,1,0.668174962292609,0.691338582677165,0.347826086956522,1,0.332307692307692,1,1,0.341772151898734,1,0.998422712933754,0.009375,0.331278890600925,1,1,0.331210191082803,1,1,0.312698412698413,0.329153605015674,1,1,1,0.530959752321981,0.322932917316693,0.348101265822785,0.32572298325723,0.336391437308869,0.684458398744113,0.335375191424196,0.336973478939158,0.332302936630603,0.233908948194662,0.332258064516129,1,0.33026113671275,0.998425196850394,0.330188679245283,0.0835866261398176,0.0548780487804878,1,1,0.04375,1,0.677519379844961,0.0481366459627329,0.013953488372093,1,0.668730650154799,1,1,0.565768621236133,1,0,0.0737179487179487,1,1,1,0.332802547770701,0.635568513119534,0.683523654159869,0.992331288343558,1,0.9796875,0.307570977917981,0.332293291731669,1,0.318681318681319,1,0.393188854489164,0.113237639553429,0.307926829268293,0.326251896813354,0.345454545454545,1,0.0832049306625578,1,1,1,0.254573170731707,0.333860759493671,1,0.328682170542636,1,1,0.315217391304348,1,0.333832335329341,1,0.322784810126582,0.3265625,1,0.662440570522979,0.322239031770045,1,0.32182103610675,0.7671875,0.326283987915408,0.167950693374422,0.327794561933535,0.777429467084639,0.318840579710145,1,0.326625386996904,0.349378881987578,0.304552590266876,1,1,1,0.962783171521036,0.347266881028939,1,0.330188679245283,1,0.338164251207729,0.325077399380805,1,1,1,0.910236220472441,1,0.321538461538462,0.328638497652582,1,1,0.0543130990415335,0.0806962025316456,1,1,0.318541996830428,1,1,0.320695102685624,1,1,0.671383647798742,0.527522935779816,1,0,1,1,0.104134762633997,0.334370139968896,1,0.329738058551618,0.998459167950693,0.960063897763578,0.998427672955975,0.824345146379045,1,0.343089430894309,1,1,1,0,0.320325203252033,1,1,0.660436137071651,1,0.326498422712934,0.372881355932203,0.333333333333333,1,1,1,0.0963302752293578,0.335987261146497,0.0923317683881064,0.998430141287284,0.320433436532508,0.321100917431193,0.36085626911315,0,1,0.953560371517028,1,1,0.333333333333333,0.308282208588957,0.161904761904762,0.0438871473354232,0.332805071315372,0.322784810126582,0.331297709923664,0.00158730158730159,0.323529411764706,1,0,0.321428571428571,1,1,1,0.324116743471582,0.335365853658537,0.0414012738853503,1,0.322327044025157,0.318885448916409,1,1,0.333850931677019,0.686688311688312,1,1,0.686804451510334,1,0.32370820668693,1,0.326086956521739,0.519260400616333,0.660578386605784,0.418711656441718,1,0.305426356589147,0.319938176197836,0.675883256528418,0.655913978494624,1,0.333333333333333,1,0.338414634146341,1,0.328638497652582,0.32018927444795,0.363354037267081,0.541085271317829,0.32755905511811,0.315457413249211,0.655172413793103,0.327102803738318,0.155448717948718,1,0,1,0.301587301587302,1,0,0.327044025157233,0.323296354992076,1,0.0601503759398496,1,0.0911949685534591,0.348101265822785,1,0.0714285714285714,0.6578125,1,1,1,0.323624595469256,0.0442748091603053,1,0.43730407523511,0.0998415213946117,0.377503852080123,0.330733229329173,0.330745341614907,1,1,1,1,1,0.0705705705705706,0.995391705069124,0.673405909797823,0.00451127819548872,0.324574961360124,1,1,1,1,0.0865533230293663,0.326687116564417,1,1,1,1,1,1,0.484162895927602,0.00158982511923688,1,0.088785046728972,0.32807570977918,0.440251572327044,1,0.409162717219589,0.321895424836601,0.32398753894081,1,0.0482115085536547,0.328197226502311,1,1,0.380726698262243,0.316279069767442,0.316118935837246,0.33015873015873,0.998452012383901,0.333333333333333,0.324074074074074,0.431746031746032,0.331230283911672,0.970814132104455,0.320668693009119,0.0852090032154341,0.341013824884793,0,1,0.0927672955974843,0.318541996830428,0.325077399380805,0.325545171339564,1,1,1,1,1,1,0.3359375,1,0.3203125,0.325619834710744,0.626543209876543,0.674961119751166,1,1,0,0.324159021406728,0.125,0.998489425981873,0.0421875,1,1,0.327014218009479,1,1,0.625,0.426731078904992,0.995535714285714,0.082670906200318,0.102685624012638,1,1,1,0.0943396226415094,0,0.329819277108434,0.43613707165109,0.322775263951735,0,0.332805071315372,0.0868878357030016,1,1,0.332822085889571,0.33026113671275,0.239130434782609,0.34748427672956,0.328173374613003,0.324534161490683,1,1,0.346394984326019,1,0,1,0.222397476340694,1,0.664615384615385,1,0.324074074074074,0.317965023847377,0.0820433436532508,0.664624808575804,1,1,0.785150078988942,0.903225806451613,0.327014218009479,0.323390894819466,1,0.324921135646688,0.257503949447077,0.331746031746032,1,0.105100463678516,1,1,0.323076923076923,0.674085850556439,0.3232,1,1,0.310452418096724,0.312989045383412,0.331306990881459,0.862838915470494,0.327447833065811,1,0.0630769230769231,1,1,0.684049079754601,0.646604938271605,0.337060702875399,0.0630914826498423,0.336990595611285,1,1,0.325,0.333855799373041,0.611455108359133,1,0.318529862174579,0.385321100917431,0.312788906009245,0.983180428134557,0.47906976744186,0.00464396284829721,0.313084112149533,0.330769230769231,0.337025316455696,0.317230273752013,0.330792682926829,0.973684210526316,1,0.319571865443425,0.540930979133226,0.66824644549763,0.241809672386895,0.680645161290323,1,0.334375,0.00314465408805031,0.338028169014085,0.325617283950617,0.387345679012346,0.324324324324324,0,0.342105263157895,0.330173775671406,0.331738437001595,0.326018808777429
"806",1,1,1,1,1,1,0.694581280788177,1,1,0.0945273631840796,1,0.0412698412698413,0.8144,1,0.320723684210526,0.314606741573034,0.0573248407643312,0.679933665008292,1,1,0.307568438003221,0.324675324675325,1,0.157977883096367,1,0.3328,0.320785597381342,1,1,0.779411764705882,0.314285714285714,0.731942215088282,0.96513470681458,0.316045380875203,0,1,0.536115569823435,1,0.302652106084243,1,0.659163987138264,0.672496025437202,0.680685358255452,1,1,0.3261231281198,0.313821138211382,0.31637519872814,0.33122028526149,0.330670926517572,0,1,0.315705128205128,1,1,0.497536945812808,0.55718954248366,1,1,1,0.336477987421384,0.329563812600969,0.326332794830372,0.669303797468354,1,1,0.0338709677419355,1,0.0576323987538941,0.325396825396825,1,0.323671497584541,0.337770382695507,0.966666666666667,0.506451612903226,1,0.31924882629108,0.345425867507886,1,0.317647058823529,0.0838926174496644,0.341423948220065,0.333333333333333,1,0.345483359746434,1,1,1,1,0.686520376175549,1,1,0,0.103174603174603,1,0.0424528301886792,0,1,0.56507413509061,0.675806451612903,1,0.0494417862838915,0.316639741518578,1,0.326298701298701,1,0.684466019417476,1,0.326366559485531,0.329073482428115,0.324409448818898,1,0.333333333333333,1,0.477777777777778,1,0.320325203252033,0.295345104333868,0.329133858267717,0.32137030995106,0.4784,0.998381877022654,0.329113924050633,0.320661157024793,1,0.313195548489666,1,1,0.329011345218801,0.547318611987382,1,0.31629392971246,1,0.0390625,1,0.322327044025157,0.663414634146341,0.341463414634146,0.936507936507937,0.443333333333333,0.100486223662885,0.0938511326860841,1,1,0.339285714285714,1,0.325471698113208,1,0.804451510333863,1,0.327272727272727,1,1,1,1,0.339837398373984,1,0.32843137254902,0.239747634069401,1,0.325842696629214,1,0.312599681020734,0.0845528455284553,1,0.32183908045977,1,1,1,0.342857142857143,1,0.336012861736334,1,0.311183144246353,1,0.320450885668277,0.0728155339805825,1,0.631490787269682,1,1,0.32626427406199,1,1,1,1,0.32952691680261,0.314285714285714,1,0.99836867862969,0.329093799682035,0.309210526315789,1,0.448387096774194,0.656441717791411,0,0.325878594249201,0.667194928684628,1,0.327073552425665,1,0.998430141287284,1,0.320063694267516,0.334379905808477,0.338187702265372,1,1,1,0,1,0.313531353135314,0.975806451612903,0.32512315270936,0.3104,0.760586319218241,1,1,1,1,1,0.0403225806451613,0.323481116584565,0.333860759493671,1,0.6752,1,1,0.998360655737705,0.998425196850394,1,1,0.00321027287319422,0.312698412698413,1,0.315533980582524,1,0.304761904761905,1,1,1,1,1,0.330049261083744,1,0.511363636363636,0.330049261083744,0.329093799682035,0.317355371900826,0.321428571428571,0.339373970345964,0.415986949429038,0.333868378812199,0.321027287319422,0.320967741935484,1,0.323577235772358,1,0.685534591194969,0.3216,0.305111821086262,0.336065573770492,1,1,1,0.247154471544715,0.315960912052117,1,0.326332794830372,0.338582677165354,0.314332247557003,0.328548644338118,0.678343949044586,1,0.331230283911672,0.317152103559871,1,0.315614617940199,1,0.323809523809524,0.319935691318328,1,1,1,0.531300160513644,1,0.681229773462783,0.075968992248062,0.331707317073171,1,1,0.0936507936507937,0.33015873015873,0.337152209492635,1,1,0.314873417721519,0.0225806451612903,0.00327332242225859,1,1,0.336434108527132,0.998387096774194,1,0.310897435897436,1,1,0.319286871961102,1,1,1,1,0.334405144694534,0.316118935837246,0.325041459369818,1,1,0.667192429022082,0.325806451612903,1,0.325984251968504,0.305057096247961,1,1,0.998394863563403,1,1,0.323151125401929,1,1,0.109120521172638,0.339712918660287,0.480891719745223,0.318770226537217,0.662379421221865,0.326018808777429,1,0.324104234527687,0.336585365853659,0.256692913385827,0.3216,1,0.333333333333333,1,1,1,0.316993464052288,0.330188679245283,0.998427672955975,0.932676518883415,0.0612582781456954,1,0.321895424836601,0.323151125401929,0.32300163132137,1,0.340729001584786,0.463651050080775,0.332273449920509,0.313821138211382,0.322475570032573,0.309677419354839,1,0.323101777059774,1,1,0,1,0.328025477707006,1,1,1,0.332242225859247,1,0.317355371900826,1,0.835463258785943,1,1,1,0.319870759289176,1,1,0.309033280507132,0.316720257234727,1,1,0.315112540192926,0.18125,1,0.998394863563403,1,0,0.315270935960591,1,0.315619967793881,0.228896103896104,1,0.668820678513732,0.438906752411576,1,1,0.671779141104294,0.702572347266881,0.357142857142857,1,0.331179321486268,1,1,0.335463258785943,1,0.998397435897436,0.00646203554119548,0.335473515248796,1,1,0.332786885245902,1,1,0.323051948051948,0.332278481012658,1,1,1,0.534072900158479,0.316957210776545,0.352459016393443,0.323943661971831,0.338118022328549,0.679549114331723,0.336025848142165,0.330645161290323,0.3264,0.230891719745223,0.326829268292683,1,0.329093799682035,0.9984,0.328502415458937,0.0811232449297972,0.0448717948717949,1,1,0.0365079365079365,1,0.677115987460815,0.0387096774193548,0.00983606557377049,1,0.674641148325359,1,1,0.544861337683524,1,0,0.0672131147540984,1,1,1,0.33112582781457,0.644067796610169,0.689597315436242,0.995161290322581,1,0.985553772070626,0.319354838709677,0.326298701298701,1,0.311986863711002,1,0.381789137380192,0.100649350649351,0.312101910828025,0.322834645669291,0.336148648648649,1,0.0784,1,1,1,0.246031746031746,0.328455284552846,1,0.329032258064516,1,1,0.317460317460317,1,0.332298136645963,1,0.317384370015949,0.33115823817292,1,0.660771704180064,0.31924882629108,1,0.316393442622951,0.763866877971474,0.322834645669291,0.155309033280507,0.326018808777429,0.770967741935484,0.312602291325696,1,0.3344,0.346774193548387,0.301765650080257,1,1,1,0.968646864686469,0.332781456953642,1,0.328358208955224,1,0.326633165829146,0.323296354992076,1,1,1,0.922330097087379,1,0.317535545023697,0.327476038338658,1,1,0.0424143556280587,0.0766721044045677,1,1,0.304838709677419,1,1,0.319422150882825,1,1,0.677830940988836,0.527646129541864,1,0,1,1,0.0996835443037975,0.3312,1,0.331723027375201,0.998389694041868,0.969055374592834,0.998384491114701,0.826224328593997,1,0.332773109243697,1,1,1,0,0.319467554076539,1,1,0.667205169628433,1,0.321711568938193,0.362179487179487,0.324237560192616,1,1,1,0.0870253164556962,0.327841845140033,0.086038961038961,0.998357963875205,0.324409448818898,0.314194577352472,0.363057324840764,0,1,0.95928338762215,1,1,0.3322528363047,0.303656597774245,0.149425287356322,0.0372168284789644,0.325242718446602,0.322006472491909,0.333863275039746,0,0.317666126418152,1,0,0.3232,1,1,1,0.324367088607595,0.321259842519685,0.0281923714759536,1,0.319354838709677,0.316614420062696,1,1,0.320063694267516,0.688552188552189,1,1,0.689984101748808,1,0.316037735849057,1,0.324281150159744,0.530063291139241,0.662420382165605,0.409020217729393,1,0.309968847352025,0.321086261980831,0.6736,0.664586583463339,1,0.328548644338118,1,0.331768388106416,1,0.320512820512821,0.316476345840131,0.361736334405145,0.520569620253165,0.319218241042345,0.322528363047002,0.660828025477707,0.319488817891374,0.149078726968174,1,0,1,0.299019607843137,1,0,0.327922077922078,0.3278955954323,1,0.0561622464898596,1,0.0903225806451613,0.341894060995185,1,0.0562700964630225,0.672523961661342,1,1,1,0.313659359190556,0.0358814352574103,1,0.4224,0.0950819672131148,0.357366771159875,0.329052969502408,0.328660436137072,1,1,1,1,1,0.0580847723704867,0.998415213946117,0.678343949044586,0.00305810397553517,0.328,1,1,1,1,0.0868167202572347,0.315457413249211,1,1,1,1,1,1,0.488188976377953,0,1,0.0786163522012579,0.327361563517915,0.431781701444623,1,0.403624382207578,0.31438127090301,0.320450885668277,1,0.0338164251207729,0.330696202531646,1,1,0.374587458745875,0.320063694267516,0.314102564102564,0.32463295269168,0.998402555910543,0.32843137254902,0.319685039370079,0.423452768729642,0.315789473684211,0.97191887675507,0.314465408805031,0.0788177339901478,0.336538461538462,0,1,0.0831973898858075,0.311475409836066,0.325806451612903,0.326923076923077,1,1,1,1,1,1,0.338815789473684,1,0.321951219512195,0.312393887945671,0.610845295055821,0.673267326732673,1,1,0,0.32484076433121,0.117073170731707,0.998439937597504,0.0317965023847377,1,1,0.316476345840131,1,1,0.618506493506494,0.420361247947455,0.998463901689708,0.0773026315789474,0.0949263502454992,1,1,1,0.0842787682333874,0,0.32484076433121,0.436305732484076,0.312698412698413,0,0.32475884244373,0.0825082508250825,1,1,0.324367088607595,0.318541996830428,0.230891719745223,0.339285714285714,0.318840579710145,0.333865814696486,1,1,0.328990228013029,1,0,1,0.214521452145215,1,0.666666666666667,1,0.314845024469821,0.308970099667774,0.0738993710691824,0.665071770334928,1,1,0.782258064516129,0.903225806451613,0.323101777059774,0.327302631578947,1,0.318910256410256,0.243822075782537,0.328358208955224,1,0.0987261146496815,1,1,0.325842696629214,0.671592775041051,0.317355371900826,1,1,0.318327974276527,0.310897435897436,0.324409448818898,0.852941176470588,0.322950819672131,1,0.0538827258320127,1,1,0.6928,0.646869983948636,0.327272727272727,0.0496794871794872,0.330097087378641,1,1,0.310289389067524,0.330658105939005,0.6192,1,0.310725552050473,0.369085173501577,0.321656050955414,0.985871271585557,0.465266558966074,0.00316455696202532,0.308681672025723,0.335413416536661,0.331715210355987,0.313915857605178,0.32755905511811,0.970031545741325,1,0.321543408360129,0.551495016611296,0.685154975530179,0.22792937399679,0.678688524590164,1,0.330645161290323,0.00322061191626409,0.329032258064516,0.321086261980831,0.369426751592357,0.32475884244373,0,0.344,0.321543408360129,0.32843137254902,0.320574162679426
"807",0.722222222222222,0.692780337941628,0.695121951219512,0.681962025316456,0.703875968992248,0.705607476635514,0.990461049284579,0.696734059097978,0.707882534775889,0.408874801901743,0.695046439628483,0.345038167938931,0.497637795275591,0.69375,0.0015552099533437,0.00153846153846154,0.368258859784284,1,0.689167974882261,0.70846394984326,0.00151975683890578,0.00158478605388273,0.690184049079755,0.467175572519084,0.700305810397553,0.00150829562594268,0.00156739811912226,0.680129240710824,0.70499243570348,0.487654320987654,0.00153846153846154,0.423312883435583,0.650695517774343,0.00473186119873817,0.319314641744548,0.709836065573771,0.856269113149847,0.689024390243902,0.00151745068285281,0.708396946564885,0.998447204968944,0.998463901689708,0.998473282442748,0.685446009389671,0.695583596214511,0,0.0046801872074883,0.00151975683890578,0.00153846153846154,0.00152439024390244,0.290519877675841,0.688888888888889,0.00154083204930663,0.68895800933126,0.702954898911353,0.186915887850467,0.876175548589342,0.693146417445483,0.70679012345679,0.693374422187982,0.00609756097560976,0,0,0.99537037037037,0.697749196141479,0.699236641221374,0.330757341576507,0.686520376175549,0.381024096385542,0,0.698461538461538,0.00153139356814701,0.00158227848101266,0.733017377567141,0.833585476550681,0.702255639097744,0.0015220700152207,0.00764525993883792,0.697388632872504,0.0016,0.381260096930533,0.00154320987654321,0.0015527950310559,0.694444444444444,0.00155038759689922,0.691964285714286,0.685271317829457,0.686821705426357,0.696124031007752,1,0.699059561128527,0.697014925373134,0.295031055900621,0.404320987654321,0.701095461658842,0.341829085457271,0.303875968992248,0.70015455950541,0.882165605095541,0.998435054773083,0.703416149068323,0.365325077399381,0.0015527950310559,0.70364500792393,0.00155763239875389,0.687595712098009,0.998475609756098,0.69218989280245,0.00154559505409583,0.00153609831029186,0.00155763239875389,0.704819277108434,0.00311526479750779,0.688473520249221,0.791158536585366,0.705089820359281,0,0.623456790123457,0,0.0015748031496063,0.787136294027565,0.709428129829985,0.00153139356814701,0,0.684049079754601,0.00154320987654321,0.704647676161919,0.701357466063348,0.633647798742138,0.242009132420091,0.697784810126582,0.0015527950310559,0.690625,0.350375939849624,0.685393258426966,0.00153139356814701,1,0,0.630265210608424,0.115015974440895,0.409582689335394,0.386895475819033,0.701700154559505,0.695374800637959,0.00156739811912226,0.698924731182796,0.0015015015015015,0.706422018348624,0.507668711656442,0.68815592203898,0,0.706153846153846,0.701399688958009,0.69375,0.691358024691358,0,0.713178294573643,0.00154320987654321,0.543511450381679,0.689814814814815,0.00150602409638554,0.693846153846154,0.0015552099533437,0.398763523956723,0.69826224328594,0.00156985871271586,0.694704049844237,0.705701078582434,0.683385579937304,0.0121212121212121,0.691131498470948,0,0.688751926040062,0.00153139356814701,0.695721077654517,0.0015748031496063,0.39258114374034,0.710566615620214,0.971428571428571,0.706896551724138,0.702619414483821,0.00159235668789809,0.712286158631415,0.691717791411043,0.698924731182796,0.686244204018547,0.00153139356814701,0,0.686708860759494,0.695046439628483,0.00153139356814701,0.00157977883096367,0.691358024691358,0.760242792109256,0.982142857142857,0.291021671826625,0.00153609831029186,0.9984375,0.694528875379939,0.0015220700152207,0.684292379471229,0.698776758409786,0.697709923664122,0.0045662100456621,0.00151515151515152,0.0015748031496063,0.688059701492537,0.696485623003195,0.701996927803379,0.309486780715397,0.71319018404908,0.00158730158730159,0.66973886328725,0.00155763239875389,0.00156494522691706,0.568535825545171,0.6890625,0.697568389057751,0.690402476780186,0.710122699386503,0.700949367088608,0.344287949921753,0.0015600624024961,0.00154320987654321,0.700920245398773,0.996955859969559,0.687311178247734,0.699551569506726,0.701834862385321,0.707241910631741,0.716981132075472,0.699248120300752,0.287461773700306,0.625954198473282,0.708396946564885,0.00154798761609907,0.69435736677116,0,0.711509715994021,0.714508580343214,0.694968553459119,0.682464454976303,0.704944178628389,0.00156985871271586,0.695384615384615,0.208137715179969,0.00156494522691706,0.00152439024390244,0.00156739811912226,0,0.00157728706624606,0.104761904761905,0.00155763239875389,0,0.00153846153846154,0.706422018348624,0.0015552099533437,0.693163751987281,0.998473282442748,0.00155038759689922,0.609939759036145,0,0.696682464454976,0.696594427244582,0.70404984423676,0.567233384853168,0.00153609831029186,0.688650306748466,0.00157977883096367,0.00151745068285281,0,0.00151975683890578,0.998456790123457,0.70735524256651,0.00151515151515152,0,0.699530516431925,0.00157232704402516,0.69578313253012,0.00152905198776758,0.00151975683890578,0.7109375,0.69377990430622,0.712732919254658,0.847826086956522,0.6875,0.998470948012232,0.397301349325337,0.00154798761609907,0.701863354037267,0.698738170347003,0.410138248847926,0.00153609831029186,0.00158982511923688,0.692429022082019,0.686427457098284,0.00153139356814701,0.335913312693498,0.287519747235387,0.71183800623053,0.70096463022508,0.00764525993883792,0.693023255813954,0.704477611940298,0.00154559505409583,0.698757763975155,0.708074534161491,0.0015552099533437,0.707547169811321,0.70440251572327,0.69969040247678,0.696875,0.00154559505409583,0.00149700598802395,0,0.701078582434515,0.685358255451713,0.990740740740741,0.00769230769230769,0.687301587301587,0,0.00154320987654321,0.701674277016743,0.69478527607362,0.713395638629283,0.697388632872504,0.697108066971081,0.0015552099533437,0.711180124223602,0.708333333333333,0.417322834645669,0,0.166149068322981,0.00157232704402516,1,0.00151515151515152,0.689863842662632,0.00157232704402516,0.00156494522691706,0.580152671755725,0.00306748466257669,0.694704049844237,0.00151057401812689,0.710485133020344,0.714285714285714,0.70257966616085,0.0015600624024961,0.00152671755725191,0.702660406885759,0.6078125,0.373817034700315,0.700156985871272,0,0.0015625,0.00154798761609907,0.698083067092652,0,0.786707882534776,0.00153374233128834,0.0015552099533437,0.00157977883096367,0,0.69431643625192,0.00157232704402516,0.697411003236246,0.6859375,0.306376360808709,0.709576138147567,0.0015625,0.68798751950078,0.700152207001522,0.698083067092652,0.00156494522691706,0.705438066465257,0.00157977883096367,0.691729323308271,0.530139103554869,0.695046439628483,0.696400625978091,0.707132018209408,0.00153374233128834,0.690140845070423,0.711145996860283,0.00154798761609907,0.0015552099533437,0.69431643625192,0.702619414483821,0.00154798761609907,0.50611620795107,0.699367088607595,0.689335394126739,0.691472868217054,0.29984544049459,0.00157977883096367,0.709320695102686,0.00153139356814701,0.579527559055118,0.705246913580247,0.998454404945904,0.117557251908397,0.700156985871272,0.694915254237288,1,0.973478939157566,0.0201863354037267,0.696124031007752,0.00154798761609907,0.706870229007634,0.702830188679245,0.0015527950310559,0.686544342507645,0.696734059097978,0.328197226502311,0,0.697160883280757,0.69170579029734,0,0.705426356589147,0.705696202531646,0,0.657975460122699,0.697965571205008,0.700310559006211,0.683962264150943,0.206738131699847,0.00156494522691706,0.0235849056603774,0.0015015015015015,0.0015625,1,0.00155038759689922,0.00618238021638331,0.00151285930408472,0.558641975308642,0.00473186119873817,0.704892966360856,0.00603318250377074,0.684867394695788,0.00470219435736677,0.387387387387387,0.358744394618834,0.693474962063733,0.698340874811463,0.344186046511628,0.699212598425197,0.998477929984779,0.351937984496124,0.2984375,0.694189602446483,1,0.705148205928237,0.709035222052067,0.231012658227848,0.696734059097978,0.297256097560976,0.39622641509434,0.693146417445483,0.701062215477997,0.7171875,0,0.974664679582712,0.998394863563403,0.701219512195122,0.693877551020408,0.675757575757576,0.00155763239875389,0.653188180404355,0.70077519379845,0.00156985871271586,0.704718417047184,0.0545171339563863,0.417460317460317,0,0.00149253731343284,0.00831946755407654,0.694189602446483,0.379310344827586,0.698365527488856,0.694888178913738,0.705246913580247,0.575987841945289,0.00157977883096367,0.707547169811321,0.0015625,0.704180064308682,0.6912,0,0.695102685624013,0.00149253731343284,0.693270735524257,0,0.00156494522691706,0.691131498470948,1,0.00147710487444609,0.697388632872504,0,0.448854961832061,0,0.484662576687117,0.00149476831091181,0.460691823899371,0.00155763239875389,0.69826224328594,0.00155763239875389,0,0.00152905198776758,0.705790297339593,0.696682464454976,0.697744360902256,0.662939297124601,0.66394779771615,0.711598746081505,0.00158982511923688,0.694227769110764,0.00160771704180064,0,0.692780337941628,0.700787401574803,0.699551569506726,0.622699386503067,0.688549618320611,0,0.00152905198776758,0.692780337941628,0.69701726844584,0.358372456964006,0.395275590551181,0.703533026113671,0.700310559006211,0.0015748031496063,0.713629402756508,0.697604790419162,0.00623052959501558,0.704654895666132,0.703533026113671,0.998447204968944,0.860606060606061,0.703588143525741,0.307692307692308,0.698907956318253,0.695652173913043,0.393939393939394,0.0031055900621118,0.70404984423676,0.00151285930408472,0.697996918335901,0.661971830985915,0.70077519379845,0.537984496124031,0.710031347962382,0,0.701700154559505,0.694099378881988,0.684044233807267,0.295522388059701,0.00160771704180064,0.687010954616588,0.700305810397553,1,0.695718654434251,0.00313479623824451,0.0474732006125574,0.00155038759689922,0.696923076923077,0.691472868217054,0.700468018720749,0.403348554033486,0.00159489633173844,0.397781299524564,0.683881064162754,0,0.00153374233128834,0.0352220520673813,0.310664605873261,0.682888540031397,0.648690292758089,0.696319018404908,0.698924731182796,0.00157728706624606,0.00150375939849624,0.480376766091052,0.356143079315708,0.00156494522691706,0.00156494522691706,0.00302571860816944,0.298722044728434,0.00154083204930663,0.689655172413793,0.298904538341158,0.00151975683890578,0.688854489164087,0.705148205928237,0.698608964451314,0.00458015267175573,0.00150375939849624,0.34248788368336,0.69218989280245,0.00156739811912226,0.00153139356814701,0.688271604938272,0.705521472392638,0.00308641975308642,0.9984,0.7,0.703416149068323,0.99375,0.70499243570348,0.0015220700152207,0.703821656050955,0.00154559505409583,0.852678571428571,0.998463901689708,0.0986342943854325,0.687211093990755,0.00151515151515152,0.00153609831029186,0.998475609756098,1,0.688271604938272,0.00151975683890578,0.703001579778831,0.00149700598802395,0.711811023622047,0.00154559505409583,0.00313479623824451,0.0368098159509202,0.238828967642527,0.00157977883096367,0.0015600624024961,0.993759750390016,0.00154320987654321,0.469255663430421,0.683307332293292,0.312121212121212,0.69218989280245,0.00157232704402516,0.709119496855346,0.302325581395349,0,0.00157728706624606,0.69435736677116,0.37444279346211,0.686453576864536,0.404761904761905,0.02660406885759,0.684867394695788,0.387944358578053,0.987616099071207,0.704892966360856,0.69478527607362,0.691244239631336,0.0016,0.356390977443609,0.704791344667697,0.112324492979719,0.400318979266348,0.0348484848484849,0.00153609831029186,0,0.704892966360856,0.675632911392405,0.705974842767296,0.702954898911353,0.702290076335878,0.375,0.702702702702703,0.998473282442748,0.30849478390462,0.00154559505409583,0.690184049079755,0.717665615141956,0.701112877583466,0.689291101055807,0.379471228615863,0.0015220700152207,0.683969465648855,0.683076923076923,0.689984101748808,0.6953125,0.697996918335901,0.703703703703704,0.801213960546282,0.303656597774245,0.700468018720749,0.393241167434716,0.00154559505409583,0.759493670886076,0.695384615384615,0.0765625,0.0016260162601626,0.00152905198776758,0.696969696969697,0.349157733537519,0,0.700460829493088,0.707620528771384,0.0470957613814757,0,0.00156985871271586,0.00157728706624606,0.702786377708978,0,0.00153139356814701,0.105845181674566,0.00154798761609907,0.664086687306502,0.00151057401812689,0.396551724137931,0,0.309230769230769,0.708333333333333,0.384126984126984,0.00157232704402516,0.00157728706624606,0.00930232558139535,0.68944099378882,0.687022900763359,0.6896,0.695924764890282,0.696141479099678,0.691455696202532,0.020440251572327,0.700305810397553,0.00156739811912226,0,0.304147465437788,1,0.690440060698027,0.701378254211332,0.31039755351682,0.00151057401812689,0.419504643962848,0.689759036144578,0.343032159264931,0.694063926940639,0.697115384615385,0.00157728706624606,0.709119496855346,0.700331125827815,0.325,0.0928,0.692077727952167,0.385826771653543,0.408805031446541,0.690548780487805,0.686520376175549,0.712307692307692,0.398449612403101,0.296583850931677,0,0.111627906976744,0.00153609831029186,0.309815950920245,0.003125,0.394321766561514,0.705701078582434,0.685714285714286,0.00149476831091181,0.00154083204930663,0.56298600311042,0.0062992125984252,0.00303951367781155,0.00152905198776758,0.704225352112676,0.68558282208589,0.0015552099533437,0.693572496263079,0.302003081664099,0.690140845070423,0.538699690402477,0.719685039370079,0.998456790123457,0.708520179372197,0,0.00157977883096367,0.39509954058193,1,0.67741935483871,0.696456086286595,0.906396255850234,0.602272727272727,0.00157232704402516,0,0.702786377708978,0.00157232704402516,0.578294573643411,0.00159744408945687,0.687687687687688,0.395061728395062,0.687789799072643,0.70125786163522,0,1,0.00158478605388273,0.710900473933649,0.69701726844584,0.00155038759689922,0.00155763239875389,0.00151975683890578,0.562790697674419,0.00157232704402516,0.697637795275591,0.365030674846626,0.684049079754601,0.6928,1,0.95968992248062,0.00157232704402516,0.365054602184087,0.00152905198776758,0.696594427244582,0.683870967741935,0,0.0015527950310559,0.845916795069337,0.707882534775889,0.00152439024390244,0.106317411402157,0.00153609831029186,0.697247706422018,0.7981220657277,0.307339449541284,0,0.00154798761609907,0.00159235668789809,0.00157728706624606,0.00150829562594268,0.726047904191617,0.711450381679389,0,0.884126984126984,1,0.553191489361702,0.998389694041868,0.693498452012384,0.00151515151515152,0.310872894333844,0.00154559505409583,0.00153139356814701,0.110773899848255,0,0.307692307692308,0.00153139356814701,0.0015748031496063,0.00158227848101266,0.00155038759689922
"808",0.671474358974359,0.658227848101266,0.653543307086614,0.645468998410175,0.662480376766091,0.663492063492063,0.951534733441034,0.642289348171701,0.6515625,0.459546925566343,0.658986175115207,0.383045525902669,0.439490445859873,0.658267716535433,0.0425196850393701,0.0441640378548896,0.422118380062305,0.96078431372549,0.648177496038035,0.657770800627943,0.04375,0.0411392405063291,0.653726708074534,0.522550544323484,0.656923076923077,0.0417310664605873,0.0407166123778502,0.637540453074434,0.650914634146341,0.423076923076923,0.0485133020344288,0.366771159874608,0.59375,0.0365079365079365,0.365930599369085,0.657851239669421,0.914728682170543,0.645211930926217,0.0384024577572965,0.661514683153014,0.962145110410095,0.959119496855346,0.953775038520801,0.633647798742138,0.656645569620253,0.0417335473515249,0.0349761526232114,0.0381679389312977,0.0421216848673947,0.0401854714064915,0.341121495327103,0.64251968503937,0.0354391371340524,0.652647975077882,0.65987460815047,0.133545310015898,0.933977455716586,0.650793650793651,0.656298600311042,0.640253565768621,0.035548686244204,0.0404354587869362,0.0429936305732484,0.973101265822785,0.663987138263666,0.650621118012422,0.379365079365079,0.646781789638933,0.424886191198786,0.0399385560675883,0.652647975077882,0.0393081761006289,0.037156704361874,0.686495176848875,0.8953125,0.65296803652968,0.0416666666666667,0.0342679127725857,0.652173913043478,0.0422077922077922,0.446254071661238,0.0380348652931854,0.043956043956044,0.648148148148148,0.0295031055900621,0.648062015503876,0.648818897637795,0.643533123028391,0.640699523052464,0.963665086887836,0.660287081339713,0.646604938271605,0.345201238390093,0.463678516228748,0.649837133550489,0.397534668721109,0.348580441640379,0.649612403100775,0.928571428571429,0.963081861958267,0.655608214849921,0.422535211267606,0.0440251572327044,0.652032520325203,0.0476947535771065,0.651898734177215,0.957547169811321,0.655172413793103,0.0405616224648986,0.04375,0.0404984423676012,0.654028436018957,0.0364500792393027,0.644305772230889,0.848531684698609,0.663093415007657,0.0421875,0.66824644549763,0.0416024653312789,0.0365079365079365,0.850556438791733,0.6609375,0.0386996904024768,0.0369774919614148,0.649149922720247,0.0421875,0.657142857142857,0.654743390357698,0.677672955974843,0.287218045112782,0.651685393258427,0.0451010886469673,0.646496815286624,0.393617021276596,0.645468998410175,0.0397553516819572,0.963358778625954,0.0404354587869362,0.588697017268446,0.171009771986971,0.457869634340223,0.447077409162717,0.652582159624413,0.6416,0.0420560747663551,0.664596273291925,0.0354391371340524,0.665094339622642,0.457757296466974,0.650986342943854,0.0420711974110032,0.658385093167702,0.658692185007974,0.658227848101266,0.649762282091918,0.0400641025641026,0.676656151419558,0.0414673046251994,0.599378881987578,0.642414860681115,0.0446841294298921,0.656923076923077,0.0452418096723869,0.448,0.650563607085346,0.0397456279809221,0.65987460815047,0.646781789638933,0.637083993660856,0.036979969183359,0.646781789638933,0.0351437699680511,0.643086816720257,0.034375,0.652459016393443,0.0392464678178964,0.441221374045802,0.667189952904239,0.9967585089141,0.669354838709677,0.655608214849921,0.04,0.661949685534591,0.640062597809077,0.658267716535433,0.649452269170579,0.0414012738853503,0.0342146189735614,0.657051282051282,0.642745709828393,0.0464396284829721,0.0448717948717949,0.637904468412943,0.810344827586207,0.980480480480481,0.341576506955178,0.0403726708074534,0.968944099378882,0.64375,0.0411585365853659,0.666666666666667,0.660550458715596,0.650470219435737,0.0475435816164818,0.0402476780185759,0.038961038961039,0.641452344931921,0.659711075441412,0.651017214397496,0.35,0.671899529042386,0.0354838709677419,0.625786163522013,0.0317460317460317,0.0423197492163009,0.615264797507788,0.6496,0.65149136577708,0.651017214397496,0.667189952904239,0.662440570522979,0.397196261682243,0.0428571428571429,0.0448916408668731,0.656200941915228,0.9671875,0.640122511485452,0.645801526717557,0.645865834633385,0.652241112828439,0.668269230769231,0.650381679389313,0.337519623233909,0.679566563467492,0.660522273425499,0.0377952755905512,0.643086816720257,0.0430769230769231,0.653374233128834,0.650316455696203,0.652173913043478,0.643879173290938,0.660743134087238,0.0345368916797488,0.644615384615385,0.158478605388273,0.0394321766561514,0.0386996904024768,0.028892455858748,0.0384,0.0461783439490446,0.151368760064412,0.0446153846153846,0.034375,0.034375,0.650842266462481,0.0443740095087163,0.641233766233766,0.960244648318043,0.0388198757763975,0.662015503875969,0.0403225806451613,0.6513470681458,0.646964856230032,0.648690292758089,0.621875,0.048,0.645110410094637,0.042654028436019,0.0401234567901235,0.0313479623824451,0.0407523510971787,0.962204724409449,0.656786271450858,0.04,0.037037037037037,0.650641025641026,0.0356564019448947,0.646058732612056,0.0384615384615385,0.0436817472698908,0.652380952380952,0.637958532695375,0.66510172143975,0.905572755417957,0.653968253968254,0.960815047021944,0.451367781155015,0.0410094637223975,0.65015479876161,0.654340836012862,0.455813953488372,0.0451010886469673,0.037156704361874,0.640322580645161,0.634920634920635,0.0452418096723869,0.380434782608696,0.327974276527331,0.668217054263566,0.653658536585366,0.030441400304414,0.646781789638933,0.662141779788839,0.0452418096723869,0.652647975077882,0.658950617283951,0.0372670807453416,0.661442006269592,0.659777424483307,0.660406885758998,0.650621118012422,0.0361067503924647,0.0439393939393939,0.0340356564019449,0.66031746031746,0.64968152866242,0.954828660436137,0.0285714285714286,0.63275039745628,0.0379939209726444,0.0408163265306122,0.655963302752294,0.644615384615385,0.666666666666667,0.654574132492114,0.65625,0.0373250388802488,0.665086887835703,0.6578125,0.479871175523349,0.0357142857142857,0.215530903328051,0.046474358974359,0.954041204437401,0.0434782608695652,0.648318042813456,0.04,0.0409448818897638,0.614791987673344,0.0390015600624025,0.652866242038217,0.0412844036697248,0.65818759936407,0.659340659340659,0.654907975460123,0.040625,0.0432766615146832,0.654798761609907,0.561797752808989,0.42879746835443,0.669329073482428,0.0436817472698908,0.0385852090032154,0.0382775119617225,0.648298217179903,0.0399385560675883,0.845201238390093,0.0391236306729265,0.0358814352574103,0.0377952755905512,0.0368589743589744,0.644171779141104,0.0408163265306122,0.653658536585366,0.637362637362637,0.3609375,0.664526484751204,0.0365659777424483,0.6453125,0.654434250764526,0.654952076677316,0.0429936305732484,0.662613981762918,0.0386473429951691,0.64339908952959,0.4828125,0.661466458658346,0.641815235008104,0.652582159624413,0.0432098765432099,0.642969984202212,0.662440570522979,0.046656298600311,0.0440251572327044,0.65210608424337,0.654205607476635,0.0404354587869362,0.566615620214395,0.661812297734628,0.648985959438378,0.641509433962264,0.35625,0.0385232744783307,0.675324675324675,0.0405616224648986,0.619047619047619,0.654516640253566,0.954828660436137,0.0778625954198473,0.648562300319489,0.644094488188976,0.969788519637462,0.924170616113744,0.0205371248025276,0.653061224489796,0.0434782608695652,0.656050955414013,0.655339805825243,0.0464,0.649230769230769,0.647887323943662,0.362341772151899,0.0363349131121643,0.65086887835703,0.638535031847134,0.0442338072669826,0.660493827160494,0.656957928802589,0.0361067503924647,0.708722741433022,0.651419558359621,0.657935285053929,0.638535031847134,0.155038759689922,0.0403100775193798,0.062992125984252,0.0397553516819572,0.0375,0.962204724409449,0.0342146189735614,0.0357142857142857,0.0373831775700935,0.61244019138756,0.0349206349206349,0.664605873261206,0.0379362670713202,0.6421875,0.0297805642633229,0.436447166921899,0.40405616224649,0.647149460708783,0.658267716535433,0.400625978090767,0.657004830917874,0.960876369327074,0.398763523956723,0.349206349206349,0.657320872274143,0.965189873417722,0.65625,0.664050235478807,0.285261489698891,0.64622641509434,0.352201257861635,0.453808752025932,0.657728706624606,0.653250773993808,0.660990712074303,0.0305466237942122,0.98937784522003,0.96039603960396,0.655384615384615,0.649842271293375,0.639191290824261,0.0400616332819723,0.70253164556962,0.645608628659476,0.0443740095087163,0.667716535433071,0.0236593059936909,0.477777777777778,0.0386398763523957,0.0419906687402799,0.0367278797996661,0.653786707882535,0.427914110429448,0.649769585253456,0.65359477124183,0.646322378716745,0.621165644171779,0.0353130016051364,0.653418124006359,0.0414012738853503,0.651685393258427,0.648562300319489,0.0381679389312977,0.648562300319489,0.0448430493273543,0.645110410094637,0.0408805031446541,0.0419906687402799,0.65251572327044,0.960063897763578,0.0432098765432099,0.650695517774343,0.0304487179487179,0.400313971742543,0.0419254658385093,0.542503863987635,0.0423600605143722,0.398412698412698,0.0427892234548336,0.653907496012759,0.0380952380952381,0.0373250388802488,0.043010752688172,0.657853810264386,0.646103896103896,0.646433990895296,0.627450980392157,0.711507293354943,0.656101426307448,0.0390243902439024,0.638230647709321,0.042483660130719,0.0414110429447853,0.649068322981366,0.65112540192926,0.643518518518518,0.569182389937107,0.645161290322581,0.0401234567901235,0.0454545454545455,0.644615384615385,0.649038461538462,0.409309791332263,0.456279809220986,0.658423493044822,0.657686212361331,0.0440944881889764,0.656832298136646,0.659021406727829,0.0429252782193959,0.674718196457327,0.661490683229814,0.959375,0.90726429675425,0.645412130637636,0.357034795763994,0.657770800627943,0.644859813084112,0.445801526717557,0.0458135860979463,0.660771704180064,0.0388802488335925,0.644904458598726,0.626391096979332,0.651234567901235,0.480680061823802,0.655172413793103,0.0394736842105263,0.65,0.646964856230032,0.637658227848101,0.347222222222222,0.0372771474878444,0.641233766233766,0.651632970451011,0.959183673469388,0.652777777777778,0.0444444444444444,0.028169014084507,0.0388802488335925,0.6515625,0.638629283489097,0.660771704180064,0.448757763975155,0.0456026058631922,0.449838187702265,0.628346456692913,0.0385208012326656,0.0386398763523957,0.0205047318611987,0.351351351351351,0.640944881889764,0.595611285266458,0.655712050078247,0.651632970451011,0.0373250388802488,0.0432766615146832,0.531446540880503,0.40506329113924,0.0467289719626168,0.0441640378548896,0.0415384615384615,0.339256865912762,0.0359375,0.643730886850153,0.347692307692308,0.0415384615384615,0.644305772230889,0.654574132492114,0.639810426540284,0.0400616332819723,0.0409711684370258,0.396774193548387,0.646511627906977,0.0452418096723869,0.0388802488335925,0.648902821316614,0.662480376766091,0.0454545454545455,0.955665024630542,0.657643312101911,0.659744408945687,0.973143759873618,0.651234567901235,0.0401854714064915,0.665589660743134,0.0398724082934609,0.906103286384977,0.965732087227414,0.145234493192133,0.642414860681115,0.0368098159509202,0.0389408099688473,0.956656346749226,0.964230171073095,0.650943396226415,0.0339506172839506,0.659163987138264,0.0401854714064915,0.656597774244833,0.0410742496050553,0.0401284109149278,0.0171606864274571,0.264797507788162,0.0415335463258786,0.0446570972886762,0.968847352024922,0.0415384615384615,0.517857142857143,0.646964856230032,0.36085626911315,0.648985959438378,0.0394944707740916,0.656692913385827,0.353488372093023,0.0382165605095541,0.0436893203883495,0.661341853035144,0.414264036418816,0.641744548286604,0.448757763975155,0.0188679245283019,0.634340222575517,0.441640378548896,0.968652037617555,0.654631083202512,0.647335423197492,0.655813953488372,0.042483660130719,0.403400309119011,0.654853620955316,0.0685358255451713,0.45324881141046,0.0201550387596899,0.0368663594470046,0.0372670807453416,0.652647975077882,0.625407166123778,0.661949685534591,0.655712050078247,0.652173913043478,0.423780487804878,0.665130568356375,0.960691823899371,0.349702380952381,0.0371517027863777,0.639570552147239,0.657232704402516,0.644588045234249,0.645705521472393,0.442006269592476,0.0430769230769231,0.63849765258216,0.632237871674491,0.640522875816993,0.647798742138365,0.65414710485133,0.665071770334928,0.856060606060606,0.354992076069731,0.646129541864139,0.434312210200927,0.0432098765432099,0.810509554140127,0.657320872274143,0.0580645161290323,0.0373376623376623,0.0421216848673947,0.652713178294574,0.395638629283489,0.0449612403100775,0.653374233128834,0.668769716088328,0.0406885758998435,0.0386398763523957,0.0316957210776545,0.043338683788122,0.646417445482866,0.0403225806451613,0.0402476780185759,0.150470219435737,0.0361635220125786,0.629057187017002,0.0412844036697248,0.461165048543689,0.0396196513470681,0.361111111111111,0.661904761904762,0.436102236421725,0.0432,0.0394944707740916,0.0376766091051805,0.654853620955316,0.636932707355243,0.639871382636656,0.652448657187994,0.652733118971061,0.635930047694754,0.0254372019077901,0.669291338582677,0.0423197492163009,0.0383973288814691,0.321428571428571,0.958730158730159,0.649230769230769,0.65284178187404,0.356923076923077,0.0381679389312977,0.471048513302034,0.646879756468798,0.388625592417062,0.658730158730159,0.655948553054662,0.0332805071315372,0.652996845425868,0.652173913043478,0.368421052631579,0.139384116693679,0.645833333333333,0.435483870967742,0.465818759936407,0.639625585023401,0.647435897435897,0.663026521060842,0.449920508744038,0.348765432098765,0.0384615384615385,0.0672926447574335,0.0398162327718224,0.366153846153846,0.0353697749196141,0.450949367088608,0.655555555555556,0.655448717948718,0.0428134556574924,0.0376766091051805,0.620414673046252,0.0337078651685393,0.0406885758998435,0.0416666666666667,0.64937106918239,0.651419558359621,0.0317965023847377,0.650674662668666,0.35126582278481,0.646687697160883,0.587677725118483,0.665615141955836,0.964615384615385,0.655384615384615,0.0407523510971787,0.0435483870967742,0.448382126348228,0.961597542242704,0.645211930926217,0.647058823529412,0.864566929133858,0.603252032520325,0.0430622009569378,0.0387096774193548,0.649842271293375,0.0330708661417323,0.622432859399684,0.0455284552845528,0.646879756468798,0.456521739130435,0.649206349206349,0.644094488188976,0.0361635220125786,0.955555555555556,0.0365659777424483,0.6528,0.653354632587859,0.0391236306729265,0.0386398763523957,0.0400616332819723,0.551282051282051,0.0407523510971787,0.648985959438378,0.418351477449456,0.646604938271605,0.646869983948636,0.95968992248062,1,0.0421393841166937,0.41259842519685,0.0384615384615385,0.645110410094637,0.641233766233766,0.0410094637223975,0.0360501567398119,0.885093167701863,0.659810126582278,0.0398773006134969,0.149230769230769,0.0393081761006289,0.651090342679128,0.849358974358974,0.357142857142857,0.0408163265306122,0.0349013657056146,0.0345911949685535,0.0432,0.0460122699386503,0.688922610015175,0.655763239875389,0.0425867507886435,0.930868167202572,0.963258785942492,0.595611285266458,0.963934426229508,0.639937106918239,0.0396196513470681,0.354531001589825,0.0360501567398119,0.0338983050847458,0.168769716088328,0.0409448818897638,0.349056603773585,0.0390015600624025,0.0383386581469649,0.032258064516129,0.040625
"809",0.300826446280992,0.318255250403877,0.319078947368421,0.335548172757475,0.323248407643312,0.311582381729201,0.0099009900990099,0.314102564102564,0.314935064935065,0.562604340567613,0.3184,0.63258785942492,0.509966777408638,0.325806451612903,1,1,0.60952380952381,0,0.324104234527687,0.313099041533546,1,1,0.326465927099842,0.520259319286872,0.313001605136437,1,1,0.340640809443508,0.312893081761006,0.522314049586777,1,0.590982286634461,0.371610845295056,0.996747967479675,0.660655737704918,0.320945945945946,0.133440514469453,0.321027287319422,1,0.311605723370429,0.0032258064516129,0,0,0.331699346405229,0.318181818181818,1,0.995114006514658,1,1,1,0.681020733652313,0.332775919732441,1,0.324717285945073,0.317817014446228,0.836633663366337,0.113486842105263,0.326829268292683,0.3125,0.328990228013029,0.992050874403816,1,1,0.00491803278688525,0.318333333333333,0.31637519872814,0.650246305418719,0.330658105939005,0.6138147566719,1,0.322061191626409,1,1,0.286415711947627,0.1488,0.316770186335404,1,0.995230524642289,0.325842696629214,1,0.598319327731092,1,1,0.327014218009479,1,0.321538461538462,0.319805194805195,0.322274881516588,0.323051948051948,0,0.318032786885246,0.325508607198748,0.6816,0.587479935794542,0.322950819672131,0.62754303599374,0.674679487179487,0.311004784688995,0.113861386138614,0,0.314516129032258,0.623188405797101,1,0.320338983050847,1,0.320846905537459,0,0.327476038338658,1,1,1,0.307941653160454,0.995161290322581,0.322528363047002,0.200636942675159,0.309597523219814,1,0.367576243980738,1,1,0.199680511182109,0.314009661835749,1,1,0.334935897435897,1,0.327102803738318,0.3125,0.363192182410423,0.765354330708661,0.320325203252033,1,0.33442088091354,0.635093167701863,0.334991708126036,1,0.00157977883096367,1,0.378289473684211,0.895253682487725,0.579967689822294,0.599673202614379,0.322683706070288,0.326158940397351,1,0.31637519872814,1,0.309791332263242,0.494417862838915,0.327014218009479,1,0.313821138211382,0.317891373801917,0.324590163934426,0.323624595469256,1,0.310897435897436,1,0.427215189873418,0.328571428571429,1,0.32018927444795,1,0.588138385502471,0.323383084577114,1,0.321656050955414,0.31629392971246,0.334431630971993,0.987138263665595,0.325242718446602,1,0.325242718446602,1,0.32220367278798,1,0.57784911717496,0.308186195826645,0.0368509212730318,0.304132231404959,0.322632423756019,1,0.307568438003221,0.32137030995106,0.323577235772358,0.3312,1,1,0.324590163934426,0.330670926517572,1,1,0.328502415458937,0.229903536977492,0.0244274809160305,0.679674796747967,1,0.00320512820512821,0.320813771517997,1,0.319805194805195,0.31496062992126,0.321656050955414,0.996753246753247,1,1,0.335443037974684,0.310344827586207,0.321144674085851,0.679214402618658,0.303858520900322,1,0.338735818476499,1,1,0.447495961227787,0.331691297208539,0.325949367088608,0.331179321486268,0.3088,0.321782178217822,0.640194489465154,1,1,0.317535545023697,0.00475435816164818,0.329652996845426,0.315457413249211,0.318979266347687,0.304897314375987,0.301948051948052,0.327044025157233,0.691573926868045,0.356012658227848,0.308917197452229,1,0.321428571428571,1,0.313479623824451,0.313001605136437,0.314102564102564,0.340460526315789,0.309484193011647,1,0.318770226537217,0.809756097560976,1,1,0.99672131147541,1,1,0.892561983471074,1,1,1,0.318611987381703,1,0.33109243697479,0,1,0.382165605095541,1,0.32569558101473,0.324013157894737,0.316558441558442,0.420032310177706,1,0.332807570977918,1,1,1,1,0,0.317666126418152,1,1,0.322368421052632,1,0.328,1,1,0.315,0.32183908045977,0.302547770700637,0.141479099678457,0.331147540983607,0,0.592125984251968,1,0.325878594249201,0.32569558101473,0.576923076923077,1,1,0.328257191201354,0.333333333333333,1,0.651050080775444,0.695723684210526,0.311475409836066,0.320404721753794,0.992101105845182,0.325619834710744,0.311526479750779,1,0.316720257234727,0.306709265175719,1,0.315447154471545,0.317817014446228,0.319286871961102,0.329545454545455,1,1,1,0.308943089430894,0.33063209076175,0.00809061488673139,0.991816693944354,0.332242225859247,1,1,0.317460317460317,0.335413416536661,0.3125,0.322528363047002,0.324237560192616,1,0.315359477124183,0.318255250403877,0.566502463054187,1,0.844911147011309,1,0,1,0.328593996840442,1,1,0.417981072555205,0.998417721518987,0.329489291598023,1,0.311582381729201,0.306320907617504,0.3136,1,1,0.3232,0.404362416107383,0.61247947454844,0.302828618968386,1,1,1,0.322314049586777,1,0.19645732689211,1,1,1,1,0.327476038338658,1,0.316139767054908,0.334975369458128,0.669394435351882,0.314332247557003,1,0.3264,0.313291139240506,0.326633165829146,1,0.319314641744548,1,0.320754716981132,0.483091787439614,0.327974276527331,0.33387358184765,0.315873015873016,1,0.321782178217822,0.311290322580645,1,1,0.330173775671406,0.315286624203822,1,0.477848101265823,0.320598006644518,0.328502415458937,0.333333333333333,0.678913738019169,1,0.301666666666667,1,0.413961038961039,0.322061191626409,0,0.890127388535032,0.324149108589951,0.317307692307692,0,0.0296052631578947,0.978723404255319,0.321486268174475,1,0.313628899835796,0.313333333333333,1,0.329652996845426,0.314144736842105,0.666666666666667,1,0.3278955954323,0.318936877076412,1,0.318979266347687,0.312396694214876,1,0.340729001584786,0.307308970099668,0.331189710610932,0.33063209076175,0.818471337579618,1,0.980295566502463,1,1,0.00164203612479475,1,0.993610223642173,1,0.428571428571429,0.996732026143791,0.316211878009631,0.99375,0.326984126984127,0.995169082125604,0.592767295597484,0.624405705229794,0.314285714285714,0.322834645669291,0.637096774193548,0.319672131147541,0,0.625796178343949,0.68189233278956,0.324237560192616,0.00161030595813205,0.319148936170213,0.311897106109325,0.769736842105263,0.325281803542673,0.685393258426966,0.583193277310924,0.327974276527331,0.32120253164557,0.300970873786408,1,0.0290519877675841,0,0.323343848580442,0.332794830371567,0.343499197431782,1,0.328455284552846,0.32258064516129,1,0.307692307692308,0.937699680511182,0.567479674796748,1,1,0.99488926746167,0.329581993569132,0.595879556259905,0.322327044025157,0.313953488372093,0.3125,0.418269230769231,1,0.313531353135314,1,0.323283082077052,0.322847682119205,1,0.323432343234323,1,0.319870759289176,1,1,0.320574162679426,0,1,0.323717948717949,1,0.563492063492063,1,0.507131537242472,1,0.568852459016393,1,0.324503311258278,1,1,1,0.314102564102564,0.322422258592471,0.322981366459627,0.35702479338843,0.327212020033389,0.305111821086262,1,0.330097087378641,1,1,0.330097087378641,0.321311475409836,0.316720257234727,0.392798690671031,0.324960753532182,1,1,0.330218068535826,0.326229508196721,0.614754098360656,0.591735537190083,0.324281150159744,0.327841845140033,1,0.309033280507132,0.320695102685624,0.99347471451876,0.312186978297162,0.315286624203822,0,0.133757961783439,0.316393442622951,0.671428571428571,0.325878594249201,0.32695374800638,0.598116169544741,0.9968,0.317434210526316,1,0.313821138211382,0.354200988467875,0.315447154471545,0.464968152866242,0.321027287319422,1,0.324367088607595,0.325732899022801,0.336065573770492,0.677672955974843,1,0.330592105263158,0.318979266347687,0,0.329052969502408,0.998381877022654,0.9552,1,0.321144674085851,0.325842696629214,0.327361563517915,0.588785046728972,1,0.594771241830065,0.338235294117647,1,1,0.96,0.681372549019608,0.326332794830372,0.374183006535948,0.331723027375201,0.325396825396825,1,1,0.509677419354839,0.629807692307692,1,1,0.998427672955975,0.693200663349917,1,0.324921135646688,0.683523654159869,1,0.326465927099842,0.317512274959083,0.323717948717949,0.996794871794872,1,0.634390651085142,0.323717948717949,1,1,0.330065359477124,0.313291139240506,0.998387096774194,0,0.314845024469821,0.310855263157895,0.0065252854812398,0.312599681020734,1,0.318936877076412,1,0.134069400630915,0,0.906793048973144,0.325281803542673,1,1,0,0.0016025641025641,0.327447833065811,1,0.318936877076412,0.996845425867508,0.311986863711002,1,0.998373983739837,0.957654723127036,0.765273311897106,1,1,0.00484652665589661,1,0.510998307952623,0.33115823817292,0.670382165605096,0.329563812600969,1,0.319870759289176,0.670454545454545,1,1,0.32512315270936,0.611801242236025,0.333333333333333,0.590759075907591,0.970491803278689,0.333333333333333,0.594202898550725,0.0145395799676898,0.3216,0.323717948717949,0.323151125401929,1,0.633070866141732,0.310177705977383,0.901153212520593,0.580906148867314,0.963607594936709,1,1,0.318327974276527,0.336633663366337,0.304918032786885,0.318840579710145,0.321027287319422,0.610410094637224,0.305246422893482,0,0.670866141732283,0.998387096774194,0.325806451612903,0.310064935064935,0.315966386554622,0.32753164556962,0.598086124401914,1,0.336538461538462,0.33768352365416,0.341543513957307,0.325806451612903,0.318181818181818,0.314009661835749,0.192488262910798,0.67779632721202,0.324104234527687,0.589825119236884,1,0.225806451612903,0.315447154471545,0.92604501607717,1,1,0.315789473684211,0.633757961783439,1,0.313291139240506,0.304838709677419,0.953150242326333,1,1,0.996655518394649,0.323390894819466,1,1,0.896272285251216,1,0.349761526232114,1,0.594771241830065,1,0.671451355661882,0.312602291325696,0.595744680851064,1,1,0.990338164251208,0.3296,0.333333333333333,0.326013513513513,0.323717948717949,0.32463295269168,0.329489291598023,0.980165289256198,0.319422150882825,1,1,0.708469055374593,0,0.3216,0.321486268174475,0.678288431061807,1,0.559618441971383,0.329173166926677,0.640449438202247,0.317230273752013,0.326666666666667,1,0.312,0.323873121869783,0.680851063829787,0.919866444073456,0.323899371069182,0.599670510708402,0.575409836065574,0.32794830371567,0.326797385620915,0.314696485623003,0.588907014681892,0.678913738019169,1,0.902439024390244,1,0.664,0.99670510708402,0.587561374795417,0.320907617504052,0.329489291598023,1,1,0.4272,0.99341021416804,0.996860282574568,1,0.310569105691057,0.327503974562798,1,0.315707620528771,0.673076923076923,0.336553945249597,0.465909090909091,0.30514096185738,0,0.309636650868878,1,1,0.5936,0.00158478605388273,0.332263242375602,0.322899505766063,0.108239095315024,0.421487603305785,1,1,0.320574162679426,1,0.414239482200647,1,0.3296875,0.586538461538462,0.328571428571429,0.320388349514563,1,0,1,0.302980132450331,0.321951219512195,1,1,1,0.436392914653784,1,0.323624595469256,0.60828025477707,0.337060702875399,0.327272727272727,0.00157232704402516,0.0421393841166937,1,0.61437908496732,1,0.326498422712934,0.337726523887974,1,1,0.158653846153846,0.313291139240506,1,0.906497622820919,1,0.327586206896552,0.185365853658537,0.6704,1,1,1,1,1,0.283227848101266,0.312091503267974,1,0.112396694214876,0.00164203612479475,0.432300163132137,0,0.329508196721311,1,0.67156862745098,1,1,0.893719806763285,1,0.677471636952998,1,1,1,1
"810",0.0596774193548387,0.0529595015576324,0.0533751962323391,0.0518867924528302,0.0532915360501567,0.0622083981337481,0.3536,0.0584518167456556,0.0604651162790698,0.967793880837359,0.0510835913312693,0.987519500780031,0.122834645669291,0.0550314465408805,0.628930817610063,0.634796238244514,0.996875,0.383252818035427,0.0583596214511041,0.0592823712948518,0.63849765258216,0.635646687697161,0.0579029733959311,0.910377358490566,0.0569230769230769,0.613846153846154,0.62200956937799,0.0564516129032258,0.0596330275229358,0.152,0.637770897832817,0.19815668202765,0.0387596899224806,0.638932496075353,0.955696202531646,0.060556464811784,0.529411764705882,0.055045871559633,0.642201834862385,0.0552995391705069,0.392125984251968,0.384136858475894,0.373271889400922,0.0544871794871795,0.0550314465408805,0.618122977346278,0.627760252365931,0.627300613496933,0.619344773790952,0.608895705521472,0.948598130841122,0.0513643659711075,0.631007751937985,0.055205047318612,0.0601851851851852,0.437699680511182,0.496805111821086,0.0566037735849057,0.0545171339563863,0.0570522979397781,0.613458528951487,0.621236133122029,0.624605678233438,0.3936,0.0581583198707593,0.0622083981337481,0.992012779552716,0.0519685039370079,1,0.614906832298137,0.053030303030303,0.6198738170347,0.600644122383253,0.0904684975767367,0.551401869158878,0.0570570570570571,0.637904468412943,0.600308641975309,0.0540123456790123,0.622977346278317,0.96984126984127,0.6171875,0.617924528301887,0.0554699537750385,0.6078125,0.0549618320610687,0.0586370839936609,0.0544323483670296,0.0537974683544304,0.367283950617284,0.0519685039370079,0.0487062404870624,0.946117274167987,0.9629057187017,0.0489396411092985,0.989312977099237,0.94679186228482,0.0544323483670296,0.50487012987013,0.376582278481013,0.0578125,1,0.636792452830189,0.0580645161290323,0.619273301737757,0.053125,0.372093023255814,0.059748427672956,0.623233908948195,0.627300613496933,0.617283950617284,0.0607476635514019,0.621495327102804,0.0527950310559006,0.576923076923077,0.0578386605783866,0.626771653543307,0.767550702028081,0.615501519756839,0.614906832298137,0.584639498432602,0.0613207547169811,0.621374045801527,0.6208,0.0434108527131783,0.6328125,0.0511278195488722,0.0542986425339367,0.738170347003155,0.515432098765432,0.0525477707006369,0.632492113564669,0.0540540540540541,0.990963855421687,0.0531400966183575,0.627906976744186,0.389589905362776,0.615625,0.00158730158730159,0.619902120717781,0.968553459119497,0.968454258675079,0.0588235294117647,0.053484602917342,0.61128526645768,0.0514018691588785,0.618759455370651,0.0568720379146919,0.126959247648903,0.0629800307219662,0.629268292682927,0.0524642289348172,0.0617088607594937,0.0555555555555556,0.0462519936204147,0.606060606060606,0.0622083981337481,0.6140625,0.8078125,0.0590979782270607,0.625,0.0548780487804878,0.633228840125392,0.976452119309262,0.0466988727858293,0.625196850393701,0.0664556962025316,0.0595611285266458,0.0580847723704867,0.61171032357473,0.0570522979397781,0.619047619047619,0.0511182108626198,0.618066561014263,0.0567260940032415,0.623604465709729,0.987538940809969,0.0546021840873635,0.423140495867769,0.0526315789473684,0.0563380281690141,0.63349131121643,0.0492063492063492,0.050314465408805,0.0527950310559006,0.0509554140127389,0.619122257053291,0.635384615384615,0.0605095541401274,0.0556438791732909,0.61609907120743,0.642289348171701,0.0558139534883721,0.615625,0.391768292682927,0.942901234567901,0.621283255086072,0.389937106918239,0.0505359877488515,0.624808575803982,0.0566343042071197,0.0563165905631659,0.0492845786963434,0.627760252365931,0.63109756097561,0.6096,0.0564885496183206,0.0544871794871795,0.049079754601227,0.950636942675159,0.0586370839936609,0.62843295638126,0.0222222222222222,0.627760252365931,0.628705148205928,0.30625,0.0540540540540541,0.061633281972265,0.0519685039370079,0.0579937304075235,0.0532915360501567,0.990726429675425,0.621283255086072,0.613953488372093,0.0583717357910906,0.381538461538462,0.0595419847328244,0.0643185298621746,0.0543130990415335,0.053680981595092,0.05625,0.0561456752655539,0.945141065830721,0.758358662613982,0.053680981595092,0.624605678233438,0.053968253968254,0.634645669291339,0.0510046367851623,0.054773082942097,0.0555555555555556,0.0537974683544304,0.0606060606060606,0.620689655172414,0.0601851851851852,0.422222222222222,0.612698412698413,0.617873651771957,0.629160063391442,0.615141955835962,0.609034267912773,0.634222919937206,0.605304212168487,0.620472440944882,0.626934984520124,0.0634674922600619,0.616692426584235,0.0490998363338789,0.373271889400922,0.62596599690881,0.767692307692308,0.61214953271028,0.0602218700475436,0.0503937007874016,0.0561622464898596,0.812698412698413,0.63125,0.0482115085536547,0.62200956937799,0.616207951070336,0.626984126984127,0.61741835147745,0.375,0.0552922590837283,0.622324159021407,0.622432859399684,0.0552922590837283,0.644122383252818,0.0569230769230769,0.626168224299065,0.632075471698113,0.0555555555555556,0.0575079872204473,0.0543478260869565,0.533333333333333,0.05103668261563,0.37007874015748,0.97542242703533,0.615740740740741,0.0556414219474498,0.0569620253164557,0.967441860465116,0.621705426356589,0.62085308056872,0.0435483870967742,0.0598425196850394,0.627329192546584,0.974763406940063,0.944267515923567,0.0624,0.0561797752808989,0.61236802413273,0.0560747663551402,0.0612557427258806,0.637209302325581,0.0546021840873635,0.0558139534883721,0.624223602484472,0.0582677165354331,0.0614173228346457,0.0573643410852713,0.059190031152648,0.61128526645768,0.633181126331811,0.613376835236542,0.0577223088923557,0.0596546310832025,0.394736842105263,0.620031796502385,0.0535433070866142,0.633540372670807,0.637795275590551,0.0549618320610687,0.0521472392638037,0.0564263322884013,0.0546021840873635,0.0532915360501567,0.616719242902208,0.0627943485086342,0.0640625,0.956937799043062,0.607361963190184,0.563779527559055,0.632165605095541,0.386895475819033,0.623839009287926,0.0505359877488515,0.633173843700159,0.616224648985959,0.806800618238022,0.621165644171779,0.0526315789473684,0.615384615384615,0.0592823712948518,0.0580847723704867,0.0532724505327245,0.634069400630915,0.627067669172932,0.0526315789473684,0.0176565008025682,0.998405103668262,0.0587301587301587,0.621664050235479,0.621019108280255,0.6336,0.0472312703583062,0.612307692307692,0.58411214953271,0.612654320987654,0.632492113564669,0.626391096979332,0.625592417061611,0.0552995391705069,0.622611464968153,0.0501567398119122,0.0475435816164818,0.950949367088608,0.0589171974522293,0.626771653543307,0.0579029733959311,0.0569230769230769,0.0551053484602917,0.615384615384615,0.0555555555555556,0.624801271860095,0.0603318250377074,0.101246105919003,0.0625978090766823,0.0592948717948718,0.0570987654320988,0.626373626373626,0.0509554140127389,0.0524642289348172,0.630841121495327,0.628125,0.0518867924528302,0.0543478260869565,0.626984126984127,0.883359253499222,0.0533980582524272,0.0544323483670296,0.0556414219474498,0.94375,0.633333333333333,0.0584415584415584,0.630094043887147,0.822115384615385,0.0536277602523659,0.377535101404056,0.504559270516717,0.0556438791732909,0.0546021840873635,0.386363636363636,0.355799373040752,0.590342679127726,0.0503937007874016,0.616719242902208,0.0584518167456556,0.0527156549520767,0.612244897959184,0.0525502318392581,0.0552922590837283,0.960691823899371,0.618153364632238,0.0616113744075829,0.055379746835443,0.62085308056872,0.0544323483670296,0.0606060606060606,0.63751987281399,0.728971962616822,0.0527156549520767,0.0567484662576687,0.0509554140127389,0.40746500777605,0.630503144654088,0.642301710730949,0.627836611195159,0.618524332810047,0.375389408099688,0.605919003115265,0.613207547169811,0.625570776255708,0.821981424148607,0.620745542949757,0.0598159509202454,0.625382262996942,0.0598425196850394,0.630841121495327,0.975535168195719,0.995363214837713,0.0594512195121951,0.0598159509202454,0.987460815047022,0.0451612903225806,0.375579598145286,0.995290423861852,0.956454121306376,0.0540958268933539,0.381172839506173,0.0541795665634675,0.0611620795107034,0.516483516483517,0.0564263322884013,0.9484375,0.983870967741935,0.0558213716108453,0.0552147239263804,0.0579029733959311,0.616352201257862,0.418290854572714,0.357605177993528,0.0708782742681048,0.0534591194968553,0.0232558139534884,0.634375,0.728139904610493,0.0588235294117647,0.643423137876387,0.0516431924882629,0.56786271450858,0.961904761904762,0.633385335413417,0.632716049382716,0.612312811980033,0.0579268292682927,0.979876160990712,0.0636363636363636,0.0583468395461912,0.0516431924882629,0.804281345565749,0.6144,0.0628930817610063,0.631496062992126,0.0542264752791069,0.0591054313099042,0.634108527131783,0.0534591194968553,0.622556390977444,0.055205047318612,0.634340222575517,0.6198738170347,0.0527131782945736,0.377742946708464,0.625,0.0528771384136858,0.635048231511254,0.177570093457944,0.618541033434651,0.909797822706065,0.629573170731707,0.1640625,0.626794258373206,0.0678513731825525,0.619718309859155,0.6,0.643081761006289,0.0582677165354331,0.0548387096774194,0.050381679389313,0.0244698205546493,0.726829268292683,0.0583596214511041,0.616613418530351,0.0518867924528302,0.627257799671593,0.625766871165644,0.0563380281690141,0.0521172638436482,0.0492307692307692,0.0232919254658385,0.0510835913312693,0.626339969372129,0.620472440944882,0.0506912442396313,0.055205047318612,1,0.973101265822785,0.0549450549450549,0.0559105431309904,0.626984126984127,0.0603715170278638,0.0576631259484067,0.638977635782748,0.0618892508143322,0.0608424336973479,0.38390092879257,0.527216174183515,0.0499219968798752,0.949848024316109,0.0604133545310016,0.0648148148148148,0.967741935483871,0.626391096979332,0.053968253968254,0.621451104100946,0.0534591194968553,0.0249609984399376,0.0569620253164557,0.115030674846626,0.0582677165354331,0.616883116883117,0.0545171339563863,0.0543130990415335,0.0523809523809524,0.94392523364486,0.62621359223301,0.046474358974359,0.0615384615384615,0.383280757097792,0.0574534161490683,0.623839009287926,0.570552147239264,0.620583717357911,0.0533751962323391,0.0589147286821705,0.0592,0.969418960244648,0.617088607594937,0.977742448330684,0.0473933649289099,0.637636080870918,0.643856920684292,0.59236641221374,0.948356807511737,0.0493630573248408,0.00930232558139535,0.0538461538461538,0.0573643410852713,0.618296529968454,0.63020030816641,0.903937007874016,0.988941548183254,0.615264797507788,0.621069182389937,0.608087091757387,0.948194662480377,0.624803767660911,0.0513219284603421,0.942367601246106,0.621165644171779,0.0622083981337481,0.060126582278481,0.0583596214511041,0.624427480916031,0.629742033383915,0.991816693944354,0.0518053375196232,0.63265306122449,0.63594470046083,0.053125,0.0635658914728682,0.627511591962906,0.363486842105263,0.05229793977813,0.0585443037974684,0.358730158730159,0.053125,0.638036809815951,0.0571428571428571,0.630094043887147,0.540832049306626,0.39258114374034,0.643962848297214,0.0514820592823713,0.63914373088685,0.623233908948195,0.37904468412943,0.386748844375963,0.0490045941807044,0.620426829268293,0.0558213716108453,0.625942684766214,0.0473186119873817,0.618524332810047,0.625806451612903,0.590625,0.53416149068323,0.622222222222222,0.635634028892456,0.385220125786164,0.618380062305296,0.918032786885246,0.0499219968798752,0.942073170731707,0.0598159509202454,0.643533123028391,0.0566929133858268,0.95447409733124,0.620472440944882,0.627388535031847,0.0544871794871795,1,0.0550314465408805,0.971563981042654,0.595576619273302,0.0495356037151703,1,0.394944707740916,0.0551181102362205,0.0595611285266458,0.0546282245827011,0.642857142857143,0.987577639751553,0.0567484662576687,0.509433962264151,0.965299684542587,0.576086956521739,0.61609907120743,0.612654320987654,0.0573643410852713,0.0412698412698413,0.0654952076677316,0.0525502318392581,0.0515625,1,0.0628834355828221,0.372274143302181,0.946727549467275,0.615264797507788,0.0578125,0.0579937304075235,0.0472312703583062,0.0471841704718417,0.976489028213166,0.622324159021407,0.0519877675840979,0.0521327014218009,0.0480769230769231,0.0552922590837283,0.0618238021638331,0.0596546310832025,0.577039274924471,0.954113924050633,0.0516431924882629,0.981337480559876,0.633385335413417,0.6359375,0.0572755417956656,0.540322580645161,0.635467980295567,0.627943485086342,0.0625,0.992248062015504,0.619195046439629,0.0494590417310665,0.0557324840764331,0.562101910828026,0.629860031104199,0.632558139534884,0.628389154704944,0.0458715596330275,0.619047619047619,0.61993769470405,0.643423137876387,0.634920634920635,0.0186625194401244,0.633587786259542,0.977707006369427,0.615384615384615,0.947692307692308,0.0604651162790698,0.972712680577849,0.634028892455859,0.611111111111111,0.631832797427653,0.0511627906976744,0.0506134969325153,0.0532258064516129,0.0538461538461538,0.0532258064516129,0.0624,0.606687898089172,0.0571870170015456,0.623255813953488,0.614262560777958,0.452160493827161,0.384,0.0570107858243451,0.0594679186228482,0.950920245398773,0.621212121212121,0.945652173913043,0.0512048192771084,0.9904,0.0499219968798752,0.0529695024077047,0.629213483146067,0.0589171974522293,0.0572831423895254,0.435257410296412,0.639024390243902,0.0675675675675676,0.971608832807571,0.968,0.0561622464898596,0.0560897435897436,0.0522273425499232,0.97191887675507,0.952380952380952,0.618461538461539,0.515384615384615,0.612403100775194,0.944099378881988,0.606451612903226,0.977491961414791,0.0618066561014263,0.0584518167456556,0.628440366972477,0.617054263565891,0.830985915492958,0.60828025477707,0.617511520737327,0.629283489096573,0.0573643410852713,0.0506329113924051,0.622792937399679,0.056547619047619,0.95046439628483,0.0470957613814757,0.84399375975039,0.0624,0.377125193199382,0.0540958268933539,0.627329192546584,0.63258785942492,0.984399375975039,0.384615384615385,0.0540123456790123,0.0529595015576324,0.263736263736264,0.16260162601626,0.612852664576803,0.629984051036683,0.05,0.618827160493827,0.804075235109718,0.614147909967846,0.0592705167173252,0.963549920760697,0.0579937304075235,0.0588235294117647,0.621236133122029,0.392344497607655,0.631496062992126,0.0557324840764331,0.0522151898734177,0.633540372670807,0.628526645768025,0.622291021671827,0.209119496855346,0.625201938610662,0.0554675118858954,1,0.0630914826498423,0.0496794871794872,0.365054602184087,0.41259842519685,0.61437908496732,1,0.614664586583463,0.054773082942097,0.0517799352750809,0.634340222575517,0.616719242902208,0.425897035881435,0.0518867924528302,0.628440366972477,0.678843226788432,0.635093167701863,0.0802469135802469,0.593354430379747,0.95679012345679,0.637795275590551,0.615963855421687,0.616113744075829,0.623604465709729,0.621417797888386,0.0814132104454685,0.0607476635514019,0.635514018691589,0.516181229773463,0.371069182389937,0.824884792626728,0.374592833876221,0.046474358974359,0.626168224299065,0.947619047619048,0.611455108359133,0.631901840490798,0.691131498470948,0.617224880382775,0.949152542372881,0.601837672281776,0.628571428571429,0.619426751592357,0.622083981337481
"811",0.300940438871473,0.321981424148607,0.317460317460317,0.325949367088608,0.324574961360124,0.305993690851735,0.00811688311688312,0.3265625,0.320063694267516,0.568471337579618,0.326530612244898,0.636363636363636,0.513470681458003,0.324492979719189,1,1,0.608490566037736,0,0.333333333333333,0.311004784688995,1,1,0.321100917431193,0.507109004739337,0.31859756097561,1,1,0.34094616639478,0.314503816793893,0.5312,1,0.588785046728972,0.373228346456693,0.998412698412698,0.662420382165605,0.316139767054908,0.1359375,0.325153374233129,1,0.309968847352025,0.00316455696202532,0,0,0.332283464566929,0.318840579710145,1,0.995222929936306,1,1,1,0.684292379471229,0.33015873015873,1,0.332814930015552,0.317034700315457,0.816260162601626,0.121359223300971,0.321144674085851,0.321259842519685,0.332802547770701,0.996889580093313,1,1,0.00471698113207547,0.312903225806452,0.315625,0.655394524959742,0.330128205128205,0.60490045941807,1,0.316770186335404,1,1,0.281967213114754,0.152996845425868,0.323529411764706,1,0.996908809891808,0.3265625,1,0.596463022508039,1,1,0.329173166926677,1,0.331297709923664,0.315286624203822,0.333853354134165,0.322222222222222,0,0.318471337579618,0.331297709923664,0.678683385579937,0.571207430340557,0.317666126418152,0.632558139534884,0.674050632911392,0.324031007751938,0.123376623376623,0,0.318910256410256,0.607717041800643,1,0.317741935483871,1,0.315457413249211,0,0.322327044025157,1,1,1,0.309262166405024,0.996894409937888,0.327073552425665,0.206471494607088,0.316666666666667,1,0.356012658227848,1,1,0.2046875,0.311708860759494,1,1,0.336463223787167,1,0.330804248861912,0.3125,0.358161648177496,0.760802469135803,0.325242718446602,1,0.335949764521193,0.632375189107413,0.344103392568659,1,0.0015600624024961,1,0.379256965944272,0.885245901639344,0.56782334384858,0.586261980830671,0.326530612244898,0.325281803542673,1,0.318818040435459,1,0.306477093206951,0.503134796238245,0.322033898305085,1,0.317111459968603,0.317384370015949,0.3296,0.3232,1,0.305379746835443,1,0.42015503875969,0.328682170542636,1,0.330246913580247,1,0.585089141004862,0.3216,1,0.316535433070866,0.314375987361769,0.333863275039746,0.992319508448541,0.329192546583851,1,0.328616352201258,1,0.320661157024793,1,0.590189873417722,0.307570977917981,0.0245901639344262,0.301794453507341,0.322429906542056,1,0.307692307692308,0.321259842519685,0.329133858267717,0.335463258785943,1,1,0.330112721417069,0.326984126984127,1,1,0.322981366459627,0.23208722741433,0.0151745068285281,0.682242990654206,1,0.00312989045383412,0.317901234567901,1,0.318327974276527,0.317411402157165,0.32182103610675,0.996825396825397,1,1,0.328313253012048,0.313821138211382,0.321372854914197,0.676282051282051,0.315467075038285,1,0.348101265822785,1,1,0.426984126984127,0.332268370607029,0.324031007751938,0.326433121019108,0.303459119496855,0.3216,0.643081761006289,1,1,0.319875776397516,0.00156985871271586,0.328173374613003,0.31441717791411,0.32484076433121,0.31201248049922,0.305164319248826,0.322085889570552,0.688372093023256,0.349924585218703,0.303125,1,0.326433121019108,1,0.31619937694704,0.309904153354633,0.319488817891374,0.338632750397456,0.31810766721044,1,0.327639751552795,0.79073482428115,1,1,0.996789727126806,1,1,0.888712241653418,1,1,1,0.320373250388802,1,0.321428571428571,0,1,0.368258859784284,1,0.331730769230769,0.324881141045959,0.312989045383412,0.410094637223975,1,0.328571428571429,1,1,1,1,0,0.318037974683544,1,1,0.331768388106416,1,0.327639751552795,1,1,0.308186195826645,0.330128205128205,0.302652106084243,0.144927536231884,0.325878594249201,0,0.583841463414634,1,0.321928460342146,0.321086261980831,0.569422776911076,1,1,0.327476038338658,0.332805071315372,1,0.651419558359621,0.690095846645367,0.307324840764331,0.32512315270936,0.992354740061162,0.334384858044164,0.305471124620061,1,0.318681318681319,0.309148264984227,1,0.3152,0.323296354992076,0.315955766192733,0.32484076433121,1,1,1,0.314553990610329,0.330670926517572,0.00782472613458529,0.995245641838352,0.332268370607029,1,1,0.314589665653495,0.335394126738794,0.310832025117739,0.322834645669291,0.322480620155039,1,0.314696485623003,0.327102803738318,0.556270096463023,1,0.835463258785943,1,0,1,0.327718223583461,1,1,0.415123456790123,0.998439937597504,0.324324324324324,1,0.319314641744548,0.308426073131955,0.316037735849057,1,1,0.313572542901716,0.412520064205457,0.606741573033708,0.303030303030303,1,1,1,0.323248407643312,1,0.2015625,1,1,1,1,0.330218068535826,1,0.318032786885246,0.331738437001595,0.667716535433071,0.306089743589744,1,0.326625386996904,0.323619631901841,0.313915857605178,1,0.309119010819165,1,0.32572298325723,0.479495268138801,0.333333333333333,0.3216,0.316118935837246,1,0.322169059011164,0.311501597444089,1,1,0.324031007751938,0.308917197452229,1,0.477657935285054,0.313915857605178,0.334379905808477,0.332298136645963,0.673343605546995,1,0.30048465266559,1,0.411764705882353,0.31637519872814,0,0.88390092879257,0.320967741935484,0.324451410658307,0,0.0287081339712919,0.985691573926868,0.3234375,1,0.312597200622084,0.323577235772358,1,0.324451410658307,0.31924882629108,0.665086887835703,1,0.324324324324324,0.325281803542673,1,0.318885448916409,0.308562197092084,1,0.343122102009274,0.317307692307692,0.31937984496124,0.334905660377358,0.797213622291022,1,0.979623824451411,1,1,0.00159744408945687,1,0.996830427892235,1,0.419558359621451,0.998387096774194,0.316279069767442,0.998444790046656,0.338607594936709,0.998425196850394,0.598484848484849,0.623639191290824,0.321538461538462,0.32258064516129,0.633757961783439,0.323671497584541,0,0.628526645768025,0.680379746835443,0.328638497652582,0.00158227848101266,0.316535433070866,0.306122448979592,0.766773162939297,0.329173166926677,0.677672955974843,0.586038961038961,0.316118935837246,0.320433436532508,0.302547770700637,1,0.0211480362537764,0,0.313755795981453,0.335949764521193,0.342592592592593,1,0.328025477707006,0.320695102685624,1,0.316923076923077,0.948517940717629,0.564593301435407,1,1,0.996615905245347,0.333846153846154,0.591614906832298,0.332826747720365,0.315091210613599,0.317034700315457,0.409582689335394,1,0.313880126182965,1,0.315533980582524,0.323763955342903,1,0.325878594249201,1,0.321486268174475,1,1,0.329721362229102,0,1,0.321928460342146,1,0.564742589703588,1,0.498432601880878,1,0.565495207667732,1,0.320512820512821,1,1,1,0.318110236220472,0.326433121019108,0.32258064516129,0.359934853420195,0.320066334991708,0.310725552050473,1,0.33015873015873,1,1,0.328682170542636,0.32018927444795,0.31619937694704,0.391373801916933,0.329754601226994,1,1,0.327639751552795,0.3264,0.625204582651391,0.589540412044374,0.317111459968603,0.318840579710145,1,0.307086614173228,0.32469512195122,0.993650793650794,0.306581059390048,0.317460317460317,0,0.134466769706337,0.32120253164557,0.66969696969697,0.3216,0.324031007751938,0.589312977099237,0.996908809891808,0.314194577352472,1,0.318818040435459,0.357142857142857,0.320063694267516,0.479938271604938,0.313178294573643,1,0.332307692307692,0.325320512820513,0.333863275039746,0.684782608695652,1,0.337096774193548,0.332814930015552,0,0.330733229329173,0.998422712933754,0.954758190327613,1,0.319314641744548,0.335423197492163,0.322683706070288,0.573643410852713,1,0.5888,0.340222575516693,1,1,0.96875,0.671899529042386,0.330218068535826,0.365203761755486,0.326018808777429,0.323943661971831,1,1,0.509523809523809,0.63015873015873,1,1,0.998461538461539,0.685990338164251,1,0.325190839694657,0.677725118483412,1,0.327102803738318,0.317535545023697,0.315047021943574,0.998449612403101,1,0.646481178396072,0.324074074074074,1,1,0.329133858267717,0.313664596273292,0.998439937597504,0,0.323101777059774,0.316211878009631,0.0063391442155309,0.319444444444444,1,0.318910256410256,1,0.143076923076923,0,0.903030303030303,0.327131782945736,1,1,0,0.00154798761609907,0.328548644338118,1,0.315619967793881,0.996960486322188,0.315112540192926,1,0.998410174880763,0.9632,0.767550702028081,1,1,0.00470219435736677,1,0.502471169686985,0.337025316455696,0.66820987654321,0.333853354134165,1,0.307210031347962,0.672926447574335,1,1,0.314606741573034,0.613293051359517,0.335394126738794,0.575277337559429,0.974358974358974,0.335987261146497,0.59717868338558,0.00947867298578199,0.319047619047619,0.330232558139535,0.322033898305085,1,0.635384615384615,0.312883435582822,0.894654088050314,0.5814696485623,0.96594427244582,1,1,0.3203125,0.348314606741573,0.315619967793881,0.312401883830455,0.314152410575428,0.614567526555387,0.302147239263804,0,0.668168168168168,1,0.331782945736434,0.311605723370429,0.322006472491909,0.328197226502311,0.595275590551181,1,0.341085271317829,0.34185303514377,0.3322528363047,0.325878594249201,0.313971742543171,0.317111459968603,0.193798449612403,0.677316293929712,0.31911532385466,0.589783281733746,1,0.234276729559748,0.3198127925117,0.922345483359746,1,1,0.31924882629108,0.639240506329114,1,0.312989045383412,0.313195548489666,0.954692556634304,1,1,0.998389694041868,0.321928460342146,1,1,0.8944,1,0.354788069073783,1,0.576051779935275,1,0.667697063369397,0.31201248049922,0.591276252019386,1,1,0.992063492063492,0.328149300155521,0.327586206896552,0.325358851674641,0.322480620155039,0.329545454545455,0.331189710610932,0.984101748807631,0.318181818181818,1,1,0.698608964451314,0,0.326625386996904,0.319508448540707,0.670807453416149,1,0.55188679245283,0.330804248861912,0.64375,0.318181818181818,0.321543408360129,1,0.316037735849057,0.319148936170213,0.671339563862928,0.905296950240771,0.33134328358209,0.6,0.567307692307692,0.32,0.329093799682035,0.3056,0.582677165354331,0.676056338028169,1,0.893416927899687,1,0.659409020217729,0.998397435897436,0.592,0.3234375,0.33015873015873,1,1,0.434645669291339,0.995145631067961,1,1,0.31974921630094,0.3296875,1,0.325264750378215,0.683042789223455,0.333858267716535,0.454983922829582,0.308544303797468,0,0.316590563165906,1,1,0.590342679127726,0.00154559505409583,0.334405144694534,0.324281150159744,0.102685624012638,0.415584415584416,1,1,0.329153605015674,1,0.398724082934609,1,0.331316187594554,0.579778830963665,0.328616352201258,0.32,1,0,1,0.305280528052805,0.320872274143302,1,1,1,0.445880452342488,1,0.324367088607595,0.616459627329193,0.336990595611285,0.330097087378641,0.00152905198776758,0.0384615384615385,1,0.614664586583463,1,0.330173775671406,0.332794830371567,1,1,0.155172413793103,0.31937984496124,1,0.892141756548536,1,0.327073552425665,0.20414673046252,0.669781931464174,1,1,1,1,1,0.28816199376947,0.311216429699842,1,0.116013071895425,0.00158730158730159,0.431746031746032,0,0.3312,1,0.676282051282051,1,1,0.881619937694704,1,0.675925925925926,1,1,1,1
"812",1,1,1,1,1,1,0.700647249190938,1,1,0.0958466453674121,1,0.0415384615384615,0.808,1,0.32484076433121,0.310725552050473,0.0634674922600619,0.679738562091503,1,1,0.28902627511592,0.31911532385466,1,0.150234741784038,1,0.329211746522411,0.3216,1,1,0.784688995215311,0.319508448540707,0.728110599078341,0.966666666666667,0.32093023255814,0,1,0.541925465838509,1,0.309559939301973,1,0.665109034267913,0.673913043478261,0.68693009118541,1,1,0.328571428571429,0.3234375,0.313846153846154,0.327131782945736,0.330781010719755,0,1,0.322981366459627,1,1,0.49203821656051,0.558544303797468,1,1,1,0.339939024390244,0.321316614420063,0.324492979719189,0.677777777777778,1,1,0.0346456692913386,1,0.0562310030395137,0.323619631901841,1,0.326018808777429,0.3312,0.963492063492064,0.520186335403727,1,0.314728682170543,0.340030911901082,1,0.32475884244373,0.0907643312101911,0.335987261146497,0.333858267716535,1,0.347826086956522,1,1,1,1,0.682464454976303,1,1,0.00153609831029186,0.105590062111801,1,0.0441400304414003,0,1,0.562903225806452,0.665605095541401,1,0.054773082942097,0.318110236220472,1,0.320695102685624,1,0.680061823802164,1,0.321428571428571,0.325545171339564,0.332814930015552,1,0.326018808777429,1,0.496951219512195,1,0.317683881064163,0.298299845440495,0.326747720364742,0.327044025157233,0.479750778816199,0.998454404945904,0.325227963525836,0.325806451612903,1,0.317484662576687,1,1,0.325949367088608,0.55045871559633,1,0.32755905511811,1,0.0392749244712991,1,0.318952234206472,0.669242658423493,0.341121495327103,0.932707355242567,0.436893203883495,0.103448275862069,0.10077519379845,1,1,0.335949764521193,1,0.328290468986384,1,0.80248833592535,1,0.329073482428115,1,1,1,1,0.343260188087774,1,0.324281150159744,0.248456790123457,1,0.320373250388802,1,0.31104199066874,0.0855784469096672,1,0.323248407643312,1,1,1,0.339035769828927,1,0.336463223787167,1,0.304821150855365,1,0.326530612244898,0.0743034055727554,1,0.62847790507365,1,1,0.326465927099842,1,1,1,1,0.338582677165354,0.327639751552795,1,0.998454404945904,0.327769347496206,0.306962025316456,1,0.453416149068323,0.658646616541353,0,0.325038880248834,0.65891472868217,1,0.326086956521739,1,0.998444790046656,1,0.324074074074074,0.32469512195122,0.336012861736334,1,1,1,0,1,0.321259842519685,0.972972972972973,0.327044025157233,0.31839258114374,0.7484375,1,1,1,1,1,0.0404354587869362,0.31911532385466,0.337962962962963,1,0.673282442748092,1,1,0.998407643312102,0.998447204968944,1,1,0.0031055900621118,0.313935681470138,1,0.319182389937107,1,0.305555555555556,1,1,1,1,1,0.333333333333333,1,0.510204081632653,0.333333333333333,0.333333333333333,0.315873015873016,0.328616352201258,0.333865814696486,0.420886075949367,0.339089481946625,0.317901234567901,0.316118935837246,1,0.325471698113208,1,0.679506933744222,0.316118935837246,0.308755760368664,0.341232227488152,1,1,1,0.248826291079812,0.320987654320988,1,0.328525641025641,0.332829046898638,0.316118935837246,0.325617283950617,0.679245283018868,1,0.329704510108865,0.320634920634921,1,0.312,1,0.31733746130031,0.311424100156495,1,1,1,0.536050156739812,1,0.67817896389325,0.0819423368740516,0.327102803738318,1,1,0.0978260869565217,0.329173166926677,0.337539432176656,1,1,0.311349693251534,0.0204081632653061,0.00160771704180064,1,1,0.341984732824427,0.998435054773083,1,0.322981366459627,1,1,0.328638497652582,1,1,1,1,0.33175355450237,0.313725490196078,0.333865814696486,1,1,0.665634674922601,0.322169059011164,1,0.330246913580247,0.308411214953271,1,1,0.998447204968944,1,1,0.330218068535826,1,1,0.1072,0.335866261398176,0.496865203761755,0.311320754716981,0.663009404388715,0.327217125382263,1,0.319047619047619,0.335974643423138,0.246894409937888,0.326594090202177,1,0.329819277108434,1,1,1,0.315132605304212,0.327639751552795,0.9984375,0.926868044515103,0.0627943485086342,1,0.322884012539185,0.323899371069182,0.317817014446228,1,0.331811263318113,0.469291338582677,0.328100470957614,0.315047021943574,0.32120253164557,0.318181818181818,1,0.329652996845426,1,1,0,1,0.325984251968504,1,1,1,0.331730769230769,1,0.3136,1,0.828393135725429,1,1,1,0.317262830482115,1,1,0.317034700315457,0.317610062893082,1,1,0.320251177394035,0.183076923076923,1,0.998452012383901,1,0,0.323809523809524,1,0.318818040435459,0.244094488188976,1,0.674961119751166,0.438837920489297,1,1,0.676077265973254,0.698907956318253,0.34913112164297,1,0.324960753532182,1,1,0.331230283911672,1,0.998425196850394,0.00783699059561128,0.331259720062208,1,1,0.330128205128205,1,1,0.311605723370429,0.330757341576507,1,1,1,0.525502318392581,0.31619937694704,0.345368916797488,0.327245053272451,0.338509316770186,0.684952978056426,0.330745341614907,0.329721362229102,0.324615384615385,0.237795275590551,0.326984126984127,1,0.322727272727273,0.998412698412698,0.322884012539185,0.083969465648855,0.0487804878048781,1,1,0.0342679127725857,1,0.68,0.0385208012326656,0.0110236220472441,1,0.677672955974843,1,1,0.545741324921136,1,0,0.0752,1,1,1,0.332293291731669,0.639393939393939,0.680577849117175,0.993817619783617,1,0.983024691358025,0.311349693251534,0.333333333333333,1,0.307073954983923,1,0.382445141065831,0.105769230769231,0.313546423135464,0.327743902439024,0.342857142857143,1,0.0766871165644172,1,1,1,0.248475609756098,0.329093799682035,1,0.322222222222222,1,1,0.317411402157165,1,0.328808446455505,1,0.314873417721519,0.330708661417323,1,0.67192429022082,0.319213313161876,1,0.315372424722662,0.760432766615147,0.321538461538462,0.157164869029276,0.324655436447167,0.763779527559055,0.320574162679426,1,0.322784810126582,0.342064714946071,0.299539170506912,1,1,1,0.97092084006462,0.333876221498371,1,0.332273449920509,1,0.330578512396694,0.323664122137405,1,1,1,0.920127795527157,1,0.31733746130031,0.317484662576687,1,1,0.0517241379310345,0.0770440251572327,1,1,0.311004784688995,1,1,0.317111459968603,1,1,0.678071539657854,0.540123456790123,1,0,1,1,0.0989345509893455,0.329704510108865,1,0.332302936630603,0.998425196850394,0.971518987341772,0.998452012383901,0.819165378670788,1,0.334405144694534,1,1,1,0,0.312803889789303,1,1,0.6671875,1,0.319314641744548,0.369631901840491,0.322981366459627,1,1,1,0.0927357032457496,0.330658105939005,0.0886075949367089,0.998427672955975,0.31039755351682,0.3140625,0.36055469953775,0,1,0.959876543209877,1,1,0.330645161290323,0.30441400304414,0.156985871271586,0.0384,0.328616352201258,0.316692667706708,0.331804281345566,0.00158730158730159,0.318252730109204,1,0,0.317972350230415,1,1,1,0.322981366459627,0.32375189107413,0.0340909090909091,1,0.323296354992076,0.316614420062696,1,1,0.333333333333333,0.686274509803922,1,1,0.691943127962085,1,0.321044546850998,1,0.325949367088608,0.531152647975078,0.662595419847328,0.410138248847926,1,0.30568356374808,0.320872274143302,0.672281776416539,0.660030627871363,1,0.326625386996904,1,0.330781010719755,1,0.32093023255814,0.324409448818898,0.356357927786499,0.520186335403727,0.325949367088608,0.315619967793881,0.658767772511848,0.325077399380805,0.145901639344262,1,0,1,0.298578199052133,1,0,0.332810047095761,0.322632423756019,1,0.0563165905631659,1,0.0900473933649289,0.349683544303797,1,0.0643642072213501,0.664050235478807,1,1,1,0.320063694267516,0.0383435582822086,1,0.441269841269841,0.0935023771790808,0.361280487804878,0.323619631901841,0.330745341614907,1,1,1,1,1,0.0646153846153846,0.995334370139969,0.68075117370892,0.00303030303030303,0.325545171339564,1,1,1,1,0.0860719874804382,0.322981366459627,1,1,1,1,1,1,0.4884437596302,0.00159489633173844,1,0.077639751552795,0.327131782945736,0.443759630200308,1,0.395498392282958,0.319148936170213,0.324655436447167,1,0.0391236306729265,0.318529862174579,1,1,0.373040752351097,0.316118935837246,0.317757009345794,0.32475884244373,0.998468606431853,0.3264,0.324159021406728,0.4208,0.32807570977918,0.975384615384615,0.320552147239264,0.0786516853932584,0.331230283911672,0,1,0.088,0.312893081761006,0.32484076433121,0.324409448818898,1,1,1,1,1,1,0.338072669826224,1,0.327014218009479,0.330564784053156,0.610852713178295,0.679186228482003,1,1,0,0.32078313253012,0.121306376360809,0.998477929984779,0.0348101265822785,1,1,0.318471337579618,1,1,0.634185303514377,0.42512077294686,0.995440729483283,0.0772870662460568,0.100787401574803,1,1,1,0.0847723704866562,0,0.325115562403698,0.430817610062893,0.329268292682927,0,0.331210191082803,0.0854838709677419,1,1,0.325153374233129,0.328173374613003,0.246081504702194,0.343548387096774,0.32312404287902,0.3198127925117,1,1,0.334389857369255,1,0,1,0.224137931034483,1,0.673913043478261,1,0.3198127925117,0.310789049919485,0.0708782742681048,0.668217054263566,1,1,0.781102362204724,0.901453957996769,0.317535545023697,0.329617834394904,1,0.325471698113208,0.247261345852895,0.329011345218801,1,0.101880877742947,1,1,0.3265625,0.673667205169628,0.318681318681319,1,1,0.31651376146789,0.3140625,0.32258064516129,0.850157728706625,0.323051948051948,1,0.0570107858243451,1,1,0.696594427244582,0.645110410094637,0.326498422712934,0.054773082942097,0.330173775671406,1,1,0.317034700315457,0.330188679245283,0.618604651162791,1,0.315384615384615,0.373643410852713,0.317829457364341,0.989329268292683,0.47626582278481,0.00464396284829721,0.310452418096724,0.32824427480916,0.34181240063593,0.320512820512821,0.318250377073906,0.972727272727273,1,0.322429906542056,0.54885993485342,0.680952380952381,0.224961479198767,0.671009771986971,1,0.332298136645963,0,0.334379905808477,0.318818040435459,0.375579598145286,0.324921135646688,0,0.343167701863354,0.33122028526149,0.330708661417323,0.320433436532508
"813",1,1,1,1,1,1,0.690280065897858,1,1,0.0861788617886179,1,0.0409448818897638,0.835218093699515,1,0.323577235772358,0.317384370015949,0.0544,0.67603305785124,1,1,0.297124600638978,0.322475570032573,1,0.143987341772152,1,0.341935483870968,0.32943143812709,1,1,0.804674457429048,0.319354838709677,0.745222929936306,0.969745222929936,0.3248,0,1,0.530546623794212,1,0.310236220472441,1,0.652173913043478,0.672496025437202,0.687598116169545,1,1,0.32569558101473,0.321086261980831,0.318681318681319,0.339171974522293,0.340189873417722,0,1,0.32120253164557,1,1,0.500818330605565,0.545008183306056,1,1,1,0.345541401273885,0.324717285945073,0.325769854132901,0.671544715447154,1,1,0.0334928229665072,1,0.0510835913312693,0.334375,1,0.332807570977918,0.334448160535117,0.962233169129721,0.499197431781701,1,0.322834645669291,0.346031746031746,1,0.327242524916944,0.0785953177257525,0.336012861736334,0.338211382113821,1,0.34775641025641,1,1,1,1,0.679873217115689,1,1,0,0.0936507936507937,1,0.0412044374009509,0,1,0.543513957307061,0.661835748792271,1,0.0531400966183575,0.320450885668277,1,0.320846905537459,1,0.676145339652449,1,0.3278955954323,0.334943639291465,0.328502415458937,1,0.334410339256866,1,0.474654377880184,1,0.320450885668277,0.273155416012559,0.337559429477021,0.326797385620915,0.464516129032258,1,0.323296354992076,0.326666666666667,1,0.317891373801917,1,1,0.313001605136437,0.538827258320127,1,0.326366559485531,1,0.0342679127725857,1,0.323899371069182,0.657556270096463,0.340255591054313,0.938906752411576,0.429284525790349,0.0898876404494382,0.0863192182410423,1,1,0.339712918660287,1,0.325153374233129,1,0.821766561514196,1,0.333333333333333,1,1,1,1,0.337060702875399,1,0.341894060995185,0.236883942766296,1,0.3232,1,0.306055646481178,0.0786885245901639,1,0.332778702163062,1,1,1,0.350877192982456,1,0.339869281045752,1,0.316476345840131,1,0.333870967741935,0.0718849840255591,1,0.624161073825503,1,1,0.328502415458937,1,1,1,1,0.336,0.322222222222222,1,1,0.326433121019108,0.311688311688312,1,0.437699680511182,0.659442724458204,0,0.331746031746032,0.651828298887122,1,0.338028169014085,1,1,1,0.330173775671406,0.331230283911672,0.33665008291874,1,1,1,0,1,0.318840579710145,0.980645161290323,0.339869281045752,0.314102564102564,0.7508038585209,1,1,1,1,1,0.037037037037037,0.326765188834154,0.337042925278219,1,0.668820678513732,1,1,0.998373983739837,1,1,1,0.00322061191626409,0.303030303030303,1,0.321192052980132,1,0.321144674085851,1,1,1,1,1,0.332263242375602,1,0.520458265139116,0.3376,0.337060702875399,0.32463295269168,0.334928229665072,0.341384863123994,0.415309446254072,0.337559429477021,0.323854660347551,0.326332794830372,1,0.33495145631068,1,0.684615384615385,0.330645161290323,0.287319422150883,0.336538461538462,1,1,1,0.235576923076923,0.323717948717949,1,0.327868852459016,0.338050314465409,0.324193548387097,0.325471698113208,0.66721044045677,1,0.334384858044164,0.326298701298701,1,0.3125,1,0.319554848966614,0.330696202531646,1,1,1,0.523961661341853,1,0.681744749596123,0.0681458003169572,0.327447833065811,1,1,0.0858505564387917,0.333333333333333,0.337209302325581,1,1,0.310897435897436,0.0177133655394525,0.0033112582781457,1,1,0.351226993865031,0.998394863563403,1,0.323854660347551,1,1,0.332797427652733,1,1,1,1,0.330670926517572,0.317535545023697,0.337726523887974,1,1,0.667721518987342,0.328502415458937,1,0.326018808777429,0.307317073170732,1,1,1,1,1,0.340255591054313,1,1,0.102006688963211,0.342356687898089,0.490291262135922,0.317957166392092,0.662903225806452,0.328125,1,0.32300163132137,0.34887459807074,0.239165329052969,0.332802547770701,1,0.333333333333333,1,1,1,0.321027287319422,0.328571428571429,1,0.928934010152284,0.0586319218241042,1,0.326433121019108,0.330605564648118,0.323151125401929,1,0.340764331210191,0.455414012738854,0.342902711323764,0.323624595469256,0.320661157024793,0.319286871961102,1,0.341503267973856,1,1,0,1,0.339228295819936,1,1,1,0.336025848142165,1,0.327332242225859,1,0.8592,1,1,1,0.322734499205087,1,1,0.317230273752013,0.320574162679426,1,1,0.324281150159744,0.172413793103448,1,1,1,0,0.318840579710145,1,0.324492979719189,0.228155339805825,1,0.661341853035144,0.438485804416404,1,1,0.667180277349769,0.688709677419355,0.353322528363047,1,0.332797427652733,1,1,0.346341463414634,1,1,0.00476947535771065,0.328478964401294,1,1,0.331168831168831,1,1,0.323051948051948,0.314785373608903,1,1,1,0.534810126582278,0.319488817891374,0.351612903225806,0.332810047095761,0.337025316455696,0.682042833607908,0.337539432176656,0.332268370607029,0.323296354992076,0.217460317460317,0.320261437908497,1,0.333858267716535,1,0.325806451612903,0.0726429675425039,0.0423197492163009,1,1,0.0362776025236593,1,0.672985781990521,0.0366826156299841,0.00654664484451719,1,0.6688,1,1,0.535830618892508,1,0,0.0608552631578947,1,1,1,0.332247557003257,0.63719512195122,0.683946488294314,0.992012779552716,1,0.9875,0.309294871794872,0.320907617504052,1,0.316476345840131,1,0.3808,0.0944625407166124,0.3152,0.332278481012658,0.347676419965577,1,0.0727848101265823,1,1,1,0.246445497630332,0.331723027375201,1,0.327332242225859,1,1,0.324921135646688,1,0.329754601226994,1,0.319354838709677,0.325281803542673,1,0.670967741935484,0.325077399380805,1,0.322368421052632,0.783521809369952,0.330188679245283,0.143769968051118,0.332298136645963,0.786516853932584,0.31869918699187,1,0.334928229665072,0.342857142857143,0.308426073131955,1,1,1,0.971524288107203,0.321252059308072,1,0.33665008291874,1,0.326699834162521,0.324492979719189,1,1,1,0.933656957928803,1,0.322884012539185,0.330128205128205,1,1,0.0392156862745098,0.0674342105263158,1,1,0.316393442622951,1,1,0.33063209076175,1,1,0.674121405750799,0.515822784810127,1,0,1,1,0.0860719874804382,0.33495145631068,1,0.334913112164297,1,0.97029702970297,1,0.845541401273885,1,0.33889816360601,1,1,1,0,0.32312925170068,1,1,0.659574468085106,1,0.330143540669856,0.375594294770206,0.331715210355987,1,1,1,0.0772870662460568,0.330049261083744,0.0775577557755776,1,0.324960753532182,0.318979266347687,0.368760064412238,0,1,0.962616822429907,1,1,0.3278955954323,0.315217391304348,0.136585365853659,0.0386473429951691,0.325769854132901,0.3264,0.332805071315372,0,0.323809523809524,1,0,0.330188679245283,1,1,1,0.3328,0.32967032967033,0.031404958677686,1,0.325320512820513,0.316037735849057,1,1,0.326366559485531,0.682885906040268,1,1,0.681229773462783,1,0.319685039370079,1,0.323101777059774,0.509554140127389,0.655608214849921,0.407176287051482,1,0.313479623824451,0.324717285945073,0.662358642972536,0.663026521060842,1,0.331738437001595,1,0.333850931677019,1,0.329581993569132,0.321428571428571,0.358974358974359,0.521531100478469,0.32137030995106,0.320846905537459,0.664566929133858,0.327476038338658,0.134003350083752,1,0,1,0.302588996763754,1,0,0.335453100158982,0.32843137254902,1,0.0490045941807044,1,0.0768,0.349514563106796,1,0.0557324840764331,0.664012738853503,1,1,1,0.312292358803987,0.0343213728549142,1,0.4375,0.0826580226904376,0.361769352290679,0.329113924050633,0.341346153846154,1,1,1,1,1,0.0559875583203732,0.995238095238095,0.668284789644013,0.00306748466257669,0.330696202531646,1,1,1,1,0.0756843800322061,0.322784810126582,1,1,1,1,1,1,0.471518987341772,0,1,0.0741324921135647,0.327476038338658,0.411290322580645,1,0.404567699836868,0.325,0.32258064516129,1,0.0347551342812006,0.318818040435459,1,1,0.381493506493506,0.321928460342146,0.314606741573034,0.332236842105263,1,0.329545454545455,0.332805071315372,0.419568822553897,0.329032258064516,0.976415094339623,0.329652996845426,0.0701168614357262,0.331189710610932,0,1,0.0795454545454545,0.317741935483871,0.326298701298701,0.320325203252033,1,1,1,1,1,1,0.340983606557377,1,0.327447833065811,0.322413793103448,0.60347551342812,0.67741935483871,1,1,0,0.329113924050633,0.108452950558214,1,0.0304975922953451,1,1,0.328,1,1,0.625,0.417362270450751,0.995419847328244,0.0684039087947883,0.0879478827361563,1,1,1,0.0763116057233704,0,0.334394904458599,0.436893203883495,0.330173775671406,0,0.338788870703764,0.0767946577629382,1,1,0.332268370607029,0.331179321486268,0.219745222929936,0.344771241830065,0.322784810126582,0.3328,1,1,0.330065359477124,1,0,1,0.199672667757774,1,0.666666666666667,1,0.318840579710145,0.318407960199005,0.0714285714285714,0.668253968253968,1,1,0.789303079416532,0.893092105263158,0.325842696629214,0.322847682119205,1,0.331136738056013,0.237864077669903,0.325082508250825,1,0.0910543130990415,1,1,0.325242718446602,0.670510708401977,0.323333333333333,1,1,0.314285714285714,0.3184,0.330143540669856,0.862012987012987,0.330065359477124,1,0.0492845786963434,1,1,0.683870967741935,0.641233766233766,0.337726523887974,0.0517799352750809,0.332794830371567,1,1,0.312602291325696,0.331189710610932,0.618210862619808,1,0.3168,0.365659777424483,0.325914149443561,0.985691573926868,0.463768115942029,0.00159235668789809,0.313694267515924,0.340694006309148,0.343648208469055,0.314332247557003,0.328571428571429,0.966772151898734,1,0.3376,0.529508196721311,0.671052631578947,0.214173228346457,0.670529801324503,1,0.333333333333333,0.00323101777059774,0.335987261146497,0.318910256410256,0.365930599369085,0.33278955954323,0,0.344497607655502,0.326699834162521,0.3354943273906,0.319805194805195
"814",0.293739967897271,0.304347826086957,0.302215189873418,0.317460317460317,0.30829420970266,0.29393468118196,0.0112721417069243,0.298107255520505,0.298273155416013,0.577170418006431,0.303076923076923,0.652307692307692,0.5024,0.3088,1,1,0.637636080870918,0,0.317111459968603,0.300787401574803,1,1,0.316770186335404,0.523809523809524,0.295731707317073,1,1,0.32794830371567,0.302003081664099,0.504746835443038,1,0.575851393188854,0.350078492935636,0.995268138801262,0.675590551181102,0.296849087893864,0.144427001569859,0.310185185185185,1,0.29375,0.00161030595813205,0,0,0.320634920634921,0.309636650868878,1,0.9953125,1,1,1,0.697996918335901,0.319488817891374,1,0.31619937694704,0.301242236024845,0.822866344605475,0.125996810207337,0.309148264984227,0.3078125,0.305900621118012,0.992050874403816,1,1,0.0046801872074883,0.305921052631579,0.305772230889236,0.668759811616955,0.311526479750779,0.6289592760181,1,0.303265940902022,1,1,0.255663430420712,0.1625,0.302752293577982,1,0.99375,0.304953560371517,1,0.608837970540098,1,1,0.317111459968603,1,0.316109422492401,0.301302931596091,0.315372424722662,0.303459119496855,0,0.307073954983923,0.308166409861325,0.696734059097978,0.602825745682888,0.303225806451613,0.653786707882535,0.697933227344992,0.297339593114241,0.117073170731707,0,0.308056872037915,0.638668779714738,1,0.309061488673139,1,0.306477093206951,0,0.313195548489666,1,1,1,0.291021671826625,0.996825396825397,0.310618066561014,0.208398133748056,0.297297297297297,1,0.380877742946708,1,1,0.196850393700787,0.302507836990596,1,1,0.312893081761006,1,0.307110438729198,0.30781010719755,0.36734693877551,0.757716049382716,0.305691056910569,1,0.315789473684211,0.65052950075643,0.326332794830372,1,0,1,0.365203761755486,0.887417218543046,0.594294770206022,0.612852664576803,0.308426073131955,0.313291139240506,1,0.30622009569378,1,0.287974683544304,0.496111975116641,0.315789473684211,1,0.305164319248826,0.303370786516854,0.312903225806452,0.31496062992126,1,0.296529968454259,1,0.445141065830721,0.314553990610329,1,0.312883435582822,1,0.605177993527508,0.310126582278481,1,0.305863708399366,0.300314465408805,0.31687898089172,0.986046511627907,0.31629392971246,1,0.311708860759494,1,0.304975922953451,1,0.6046875,0.286168521462639,0.0328407224958949,0.281803542673108,0.302839116719243,1,0.29874213836478,0.30564263322884,0.310452418096724,0.31637519872814,1,1,0.320512820512821,0.31104199066874,1,1,0.308777429467085,0.232449297971919,0.0211480362537764,0.69811320754717,1,0.0015748031496063,0.30173775671406,1,0.301765650080257,0.300155520995334,0.301412872841444,0.996825396825397,1,1,0.313178294573643,0.302547770700637,0.303265940902022,0.682108626198083,0.296,1,0.318110236220472,1,1,0.437990580847724,0.308681672025723,0.303265940902022,0.307936507936508,0.290679304897314,0.304625199362041,0.654516640253566,1,1,0.303405572755418,0.00309597523219814,0.313755795981453,0.303353658536585,0.308544303797468,0.292452830188679,0.286614173228346,0.304878048780488,0.701399688958009,0.363919129082426,0.294209702660407,1,0.317460317460317,1,0.302936630602782,0.29746835443038,0.301587301587302,0.32182103610675,0.294498381877023,1,0.312597200622084,0.795562599049128,1,1,0.998392282958199,1,1,0.897151898734177,1,1,1,0.298165137614679,1,0.30655737704918,0,1,0.3843797856049,1,0.309791332263242,0.303030303030303,0.308661417322835,0.416666666666667,1,0.309486780715397,1,1,1,1,0,0.297297297297297,1,1,0.313385826771654,1,0.312111801242236,1,1,0.300319488817891,0.316720257234727,0.289968652037618,0.156589147286822,0.31687898089172,0,0.605740181268882,1,0.305295950155763,0.304761904761905,0.589341692789969,1,1,0.319354838709677,0.309636650868878,1,0.6671875,0.712439418416801,0.28594249201278,0.308681672025723,0.993893129770992,0.30503144654088,0.293759512937595,1,0.298273155416013,0.295133437990581,1,0.2944,0.308176100628931,0.301242236024845,0.306962025316456,1,1,1,0.288611544461778,0.314873417721519,0.0062402496099844,0.993670886075949,0.318910256410256,1,1,0.299539170506912,0.32258064516129,0.291731669266771,0.304625199362041,0.306603773584906,1,0.296474358974359,0.298555377207063,0.5829307568438,1,0.828025477707006,1,0,1,0.315870570107858,1,1,0.42457231726283,0.998447204968944,0.309294871794872,1,0.299212598425197,0.296124031007752,0.299531981279251,1,1,0.304821150855365,0.390243902439024,0.631832797427653,0.290322580645161,1,1,1,0.310897435897436,1,0.21259842519685,1,1,1,1,0.316358024691358,1,0.303130148270181,0.31496062992126,0.683464566929134,0.292604501607717,1,0.311216429699842,0.307692307692308,0.306320907617504,1,0.298165137614679,1,0.313664596273292,0.474763406940063,0.312698412698413,0.31219512195122,0.30625,1,0.308544303797468,0.294212218649518,1,1,0.309859154929577,0.300314465408805,1,0.478328173374613,0.305691056910569,0.309859154929577,0.314900153609831,0.690363349131122,1,0.283112582781457,1,0.424679487179487,0.30064308681672,0,0.881987577639752,0.316129032258064,0.314152410575428,0,0.0253565768621236,0.980982567353407,0.308527131782946,1,0.301282051282051,0.305921052631579,1,0.316923076923077,0.301435406698565,0.683870967741935,1,0.3109375,0.311004784688995,1,0.301242236024845,0.298217179902755,1,0.332312404287902,0.296474358974359,0.310291858678955,0.320512820512821,0.788976377952756,1,0.979066022544283,1,1,0,1,0.99211356466877,1,0.434920634920635,0.996763754045307,0.291731669266771,0.993893129770992,0.318252730109204,0.995356037151703,0.622154779969651,0.640746500777605,0.316118935837246,0.293846153846154,0.655712050078247,0.302931596091205,0,0.640502354788069,0.690966719492868,0.310618066561014,0,0.296062992125984,0.290271132376396,0.764240506329114,0.313572542901716,0.692913385826772,0.605519480519481,0.306089743589744,0.311424100156495,0.287519747235387,1,0.0284857571214393,0,0.305164319248826,0.311501597444089,0.318818040435459,1,0.33596214511041,0.305993690851735,1,0.297971918876755,0.934579439252336,0.588888888888889,1,1,0.991735537190083,0.312210200927357,0.62015503875969,0.307458143074581,0.296900489396411,0.296124031007752,0.412403100775194,1,0.29746835443038,1,0.308186195826645,0.314935064935065,1,0.309409888357257,1,0.310618066561014,1,1,0.309486780715397,0,1,0.307324840764331,1,0.551242236024845,1,0.521193092621664,1,0.545166402535658,1,0.306946688206785,1,1,1,0.30188679245283,0.30952380952381,0.303405572755418,0.335526315789474,0.334991708126036,0.297297297297297,1,0.307324840764331,1,1,0.315541601255887,0.301458670988655,0.3125,0.366352201257862,0.31055900621118,1,1,0.316846986089645,0.306451612903226,0.6448,0.605388272583201,0.309375,0.3,1,0.296411856474259,0.299382716049383,0.993670886075949,0.294022617124394,0.296825396825397,0,0.145085803432137,0.307936507936508,0.697388632872504,0.300157977883096,0.312883435582822,0.610852713178295,0.996865203761755,0.309409888357257,1,0.299050632911392,0.329581993569132,0.300940438871473,0.474258970358814,0.306603773584906,1,0.310344827586207,0.309791332263242,0.319047619047619,0.701399688958009,1,0.312297734627832,0.308755760368664,0,0.312302839116719,0.998420221169036,0.951181102362205,1,0.307692307692308,0.318885448916409,0.30048465266559,0.598145285935085,1,0.613782051282051,0.319488817891374,1,1,0.968454258675079,0.690363349131122,0.317683881064163,0.340222575516693,0.307692307692308,0.301092043681747,1,1,0.528391167192429,0.64873417721519,1,1,0.998439937597504,0.706539074960128,1,0.306376360808709,0.69826224328594,1,0.306122448979592,0.304416403785489,0.312401883830455,0.996865203761755,1,0.658536585365854,0.312893081761006,1,1,0.303174603174603,0.300925925925926,0.998430141287284,0,0.297637795275591,0.298887122416534,0.00636942675159236,0.304482225656878,1,0.298076923076923,1,0.146189735614308,0,0.902325581395349,0.3140625,1,1,0,0,0.319488817891374,1,0.308681672025723,0.998475609756098,0.295055821371611,1,1,0.962025316455696,0.775700934579439,1,1,0.0064,1,0.513776337115073,0.315619967793881,0.689814814814815,0.312111801242236,1,0.292527821939587,0.684044233807267,1,1,0.298076923076923,0.630862329803328,0.313385826771654,0.596463022508039,0.973561430793157,0.318471337579618,0.618153364632238,0.0124031007751938,0.300476947535771,0.302034428794992,0.306976744186047,1,0.655763239875389,0.29984544049459,0.895569620253165,0.608064516129032,0.966101694915254,1,1,0.3015625,0.321486268174475,0.293739967897271,0.303125,0.304075235109718,0.631818181818182,0.301857585139319,0,0.690225563909774,0.9984375,0.311320754716981,0.297169811320755,0.309446254071661,0.310664605873261,0.620094191522763,1,0.322033898305085,0.320512820512821,0.313213703099511,0.3088,0.297637795275591,0.308186195826645,0.196923076923077,0.695299837925446,0.304761904761905,0.611197511664075,1,0.2421875,0.307570977917981,0.923566878980892,1,1,0.310126582278481,0.654631083202512,1,0.301412872841444,0.287301587301587,0.950320512820513,1,1,0.998405103668262,0.305295950155763,1,1,0.901273885350318,1,0.33125,1,0.605136436597111,1,0.68558282208589,0.305246422893482,0.610576923076923,1,1,0.990384615384615,0.311811023622047,0.318541996830428,0.309061488673139,0.316846986089645,0.308441558441558,0.307692307692308,0.978964401294498,0.306376360808709,1,1,0.705047318611987,0,0.302936630602782,0.302325581395349,0.686520376175549,1,0.583067092651757,0.312883435582822,0.668261562998405,0.29903536977492,0.307941653160454,1,0.30379746835443,0.312091503267974,0.683464566929134,0.913256955810147,0.312688821752266,0.610223642172524,0.584935897435897,0.316037735849057,0.310177705977383,0.290372670807453,0.609984399375975,0.693146417445483,1,0.895330112721417,1,0.675465838509317,0.996763754045307,0.601895734597156,0.305164319248826,0.303225806451613,1,1,0.43730407523511,0.993569131832797,0.996894409937888,1,0.30298273155416,0.318611987381703,1,0.307692307692308,0.692546583850932,0.319620253164557,0.461538461538462,0.297906602254428,0,0.296411856474259,1,1,0.610675039246468,0,0.321259842519685,0.307570977917981,0.0935023771790808,0.403624382207578,1,1,0.29746835443038,1,0.416798732171157,1,0.312883435582822,0.599374021909233,0.309375,0.307568438003221,1,0,1,0.294788273615635,0.302547770700637,1,1,1,0.4288,1,0.310832025117739,0.633956386292835,0.325,0.310289389067524,0,0.0410094637223975,1,0.634340222575517,1,0.317034700315457,0.312602291325696,1,1,0.169781931464174,0.304821150855365,1,0.9046875,1,0.31839258114374,0.199685534591195,0.681962025316456,1,1,1,1,1,0.277777777777778,0.291993720565149,1,0.121112929623568,0,0.443396226415094,0,0.313880126182965,1,0.693548387096774,1,1,0.897832817337461,1,0.696456086286595,1,1,1,1
"815",0.302737520128824,0.323943661971831,0.324409448818898,0.335987261146497,0.326530612244898,0.315047021943574,0.0128617363344051,0.3296,0.3198127925117,0.564593301435407,0.332298136645963,0.626959247648903,0.530708661417323,0.3265625,1,1,0.613707165109034,0,0.335974643423138,0.31911532385466,1,1,0.333850931677019,0.503875968992248,0.320182094081942,1,1,0.341346153846154,0.316590563165906,0.533653846153846,1,0.600917431192661,0.37245696400626,0.996899224806202,0.658227848101266,0.324503311258278,0.125776397515528,0.331288343558282,1,0.304347826086957,0.00317460317460317,0,0,0.339712918660287,0.32741935483871,1,0.995268138801262,1,1,1,0.681747269890796,0.343450479233227,1,0.329153605015674,0.318681318681319,0.834384858044164,0.109350237717908,0.334920634920635,0.323529411764706,0.335433070866142,0.996879875195008,1,1,0.00635930047694754,0.325320512820513,0.333333333333333,0.645468998410175,0.333333333333333,0.604863221884498,1,0.328149300155521,1,1,0.282218597063622,0.150914634146341,0.324615384615385,1,0.99537750385208,0.327639751552795,1,0.591869918699187,1,1,0.333333333333333,1,0.332317073170732,0.323343848580442,0.333858267716535,0.326433121019108,0,0.33122028526149,0.335889570552147,0.681889763779528,0.569422776911076,0.328548644338118,0.633996937212864,0.675039246467818,0.321875,0.113268608414239,0,0.326018808777429,0.608,1,0.314785373608903,1,0.329652996845426,0,0.334379905808477,1,1,1,0.321316614420063,0.996875,0.3328173374613,0.19629057187017,0.315384615384615,1,0.35062893081761,1,1,0.1953125,0.322085889570552,1,1,0.334360554699538,1,0.324242424242424,0.321981424148607,0.348101265822785,0.759630200308166,0.321086261980831,1,0.339712918660287,0.629179331306991,0.34248788368336,1,0.00157232704402516,1,0.386792452830189,0.885245901639344,0.564593301435407,0.586261980830671,0.325914149443561,0.340288924558588,1,0.322274881516588,1,0.31496062992126,0.518808777429467,0.332312404287902,1,0.316535433070866,0.3232,0.325914149443561,0.332283464566929,1,0.312796208530806,1,0.419906687402799,0.332302936630603,1,0.327718223583461,1,0.576923076923077,0.32569558101473,1,0.322834645669291,0.328125,0.340222575516693,0.989230769230769,0.332298136645963,1,0.326498422712934,1,0.328478964401294,1,0.58307210031348,0.316455696202532,0.0290791599353796,0.310289389067524,0.323390894819466,1,0.314375987361769,0.330733229329173,0.333333333333333,0.338028169014085,1,1,0.333333333333333,0.333860759493671,1,1,0.334890965732087,0.225856697819315,0.0165912518853695,0.678233438485804,1,0.0031104199066874,0.321752265861027,1,0.325878594249201,0.324074074074074,0.32182103610675,0.996845425867508,1,1,0.335913312693498,0.321895424836601,0.326053042121685,0.666666666666667,0.317034700315457,1,0.346875,1,1,0.443932411674347,0.334394904458599,0.329192546583851,0.333333333333333,0.312893081761006,0.330658105939005,0.643081761006289,1,1,0.3234375,0.00308641975308642,0.338414634146341,0.322033898305085,0.337042925278219,0.309486780715397,0.314375987361769,0.324534161490683,0.685446009389671,0.346273291925466,0.315707620528771,1,0.330708661417323,1,0.31875,0.31378763866878,0.315625,0.338632750397456,0.317152103559871,1,0.334360554699538,0.807324840764331,1,1,0.996820349761526,1,1,0.894568690095847,1,1,1,0.324031007751938,1,0.332247557003257,0,1,0.364906832298137,1,0.332805071315372,0.334389857369255,0.315457413249211,0.403174603174603,1,0.336405529953917,1,1,1,1,0,0.325358851674641,1,1,0.331768388106416,1,0.325545171339564,1,1,0.315873015873016,0.329581993569132,0.312302839116719,0.14218009478673,0.332797427652733,0,0.580093312597201,1,0.3296875,0.332258064516129,0.56656346749226,1,1,0.330670926517572,0.340872374798061,1,0.642633228840125,0.68860353130016,0.313504823151125,0.3278955954323,0.993930197268589,0.339171974522293,0.314503816793893,1,0.321875,0.313755795981453,1,0.316558441558442,0.332807570977918,0.323899371069182,0.33015873015873,1,1,1,0.318252730109204,0.341732283464567,0.00784929356357928,0.992138364779874,0.335925349922239,1,1,0.32,0.329738058551618,0.30829420970266,0.330188679245283,0.322429906542056,1,0.314873417721519,0.321766561514196,0.555023923444976,1,0.830963665086888,1,0,1,0.335375191424196,1,1,0.398744113029827,0.998444790046656,0.326923076923077,1,0.321656050955414,0.311605723370429,0.322327044025157,1,1,0.324534161490683,0.4170692431562,0.592948717948718,0.318910256410256,1,1,1,0.330645161290323,1,0.199074074074074,1,1,1,1,0.339477726574501,1,0.330049261083744,0.347687400318979,0.665086887835703,0.321144674085851,1,0.329192546583851,0.331278890600925,0.323101777059774,1,0.326086956521739,1,0.335901386748844,0.483464566929134,0.328220858895706,0.3312,0.326018808777429,1,0.325949367088608,0.30952380952381,1,1,0.337559429477021,0.319685039370079,1,0.466872110939908,0.317666126418152,0.33179012345679,0.337984496124031,0.673879443585781,1,0.303571428571429,1,0.404088050314465,0.317034700315457,0,0.889561270801815,0.322784810126582,0.331269349845201,0,0.031201248049922,0.982704402515723,0.328660436137072,1,0.324367088607595,0.330112721417069,1,0.334370139968896,0.326018808777429,0.657728706624606,1,0.330173775671406,0.328571428571429,1,0.32398753894081,0.312602291325696,1,0.3203125,0.322115384615385,0.331775700934579,0.337025316455696,0.810852713178295,1,0.97933227344992,1,1,0.00158730158730159,1,0.993798449612403,1,0.410543130990415,0.998407643312102,0.322981366459627,0.993865030674847,0.341423948220065,0.996894409937888,0.595454545454545,0.6203125,0.328682170542636,0.32258064516129,0.633281972265023,0.328525641025641,0,0.615506329113924,0.673534072900158,0.330781010719755,0.00156985871271586,0.324409448818898,0.311708860759494,0.75796178343949,0.334905660377358,0.677570093457944,0.577235772357724,0.31924882629108,0.32469512195122,0.30173775671406,1,0.0227272727272727,0,0.324492979719189,0.334375,0.344186046511628,1,0.326018808777429,0.323899371069182,1,0.31733746130031,0.948356807511737,0.559808612440191,1,1,0.993388429752066,0.323943661971831,0.591679506933744,0.332824427480916,0.32258064516129,0.325434439178515,0.409582689335394,1,0.322061191626409,1,0.323151125401929,0.3322528363047,1,0.332797427652733,1,0.335463258785943,1,1,0.330203442879499,0,1,0.333333333333333,1,0.578616352201258,1,0.496904024767802,1,0.579029733959311,1,0.327922077922078,1,1,1,0.317384370015949,0.337060702875399,0.328767123287671,0.358552631578947,0.318864774624374,0.312693498452012,1,0.328616352201258,1,1,0.335433070866142,0.329617834394904,0.329133858267717,0.401898734177215,0.332317073170732,1,1,0.336463223787167,0.324237560192616,0.619582664526485,0.575949367088608,0.323899371069182,0.329563812600969,1,0.310236220472441,0.330792682926829,0.993680884676145,0.311793214862682,0.318818040435459,0,0.129829984544049,0.322274881516588,0.671171171171171,0.322378716744914,0.325038880248834,0.58411214953271,0.998410174880763,0.325914149443561,1,0.327073552425665,0.360629921259843,0.324534161490683,0.488479262672811,0.322683706070288,1,0.329173166926677,0.325434439178515,0.338709677419355,0.675925925925926,1,0.338709677419355,0.325508607198748,0,0.332293291731669,0.998425196850394,0.957613814756672,1,0.325508607198748,0.333853354134165,0.3216,0.569444444444444,1,0.5824,0.341232227488152,1,1,0.968085106382979,0.666141732283465,0.338095238095238,0.366614664586583,0.328173374613003,0.329704510108865,1,1,0.502377179080824,0.617460317460317,1,1,0.998447204968944,0.684466019417476,1,0.332312404287902,0.6688,1,0.328725038402458,0.324717285945073,0.324921135646688,0.998439937597504,1,0.636065573770492,0.340523882896764,1,1,0.32967032967033,0.311912225705329,0.998412698412698,0,0.325914149443561,0.317741935483871,0.0078740157480315,0.322033898305085,1,0.315372424722662,1,0.136222910216718,0,0.901812688821752,0.337007874015748,1,1,0,0.00153846153846154,0.337539432176656,1,0.317741935483871,0.996951219512195,0.316639741518578,1,0.998397435897436,0.967032967032967,0.765625,1,1,0.0062992125984252,1,0.494308943089431,0.333860759493671,0.656739811912226,0.333853354134165,1,0.322169059011164,0.663507109004739,1,1,0.325806451612903,0.614114114114114,0.34009360374415,0.569620253164557,0.974803149606299,0.340288924558588,0.592823712948518,0.0125,0.315457413249211,0.334384858044164,0.331259720062208,1,0.626749611197512,0.314814814814815,0.899212598425197,0.580696202531646,0.972850678733032,1,1,0.31839258114374,0.353697749196141,0.321486268174475,0.318110236220472,0.316358024691358,0.60625,0.305135951661631,0,0.664661654135338,1,0.333855799373041,0.317230273752013,0.329032258064516,0.331811263318113,0.58712715855573,1,0.342549923195084,0.34185303514377,0.346278317152104,0.325878594249201,0.330781010719755,0.323763955342903,0.184331797235023,0.674718196457327,0.323854660347551,0.582945736434109,1,0.227629513343799,0.332810047095761,0.933333333333333,1,1,0.317829457364341,0.631496062992126,1,0.320987654320988,0.317384370015949,0.95583596214511,1,1,0.998405103668262,0.332814930015552,1,1,0.894819466248038,1,0.360123647604328,1,0.581059390048154,1,0.667711598746082,0.320813771517997,0.584786053882726,1,1,0.992138364779874,0.332298136645963,0.334375,0.334415584415584,0.329113924050633,0.338164251207729,0.328548644338118,0.984051036682616,0.317411402157165,1,1,0.710526315789474,0,0.330757341576507,0.323529411764706,0.666151468315301,1,0.541471048513302,0.32824427480916,0.635930047694754,0.32120253164557,0.321144674085851,1,0.318471337579618,0.328455284552846,0.687400318979266,0.9024,0.337837837837838,0.593900481540931,0.562998405103668,0.326120556414219,0.341269841269841,0.312302839116719,0.581648522550544,0.66407465007776,1,0.898278560250391,1,0.66,0.998407643312102,0.574603174603175,0.322734499205087,0.330670926517572,1,1,0.414173228346457,0.993640699523052,0.998447204968944,1,0.318979266347687,0.335403726708075,1,0.322822822822823,0.674015748031496,0.336012861736334,0.439370078740157,0.301765650080257,0,0.318818040435459,1,1,0.585253456221198,0.0015527950310559,0.342271293375394,0.33122028526149,0.1008,0.415730337078652,1,1,0.325038880248834,1,0.400943396226415,1,0.340943683409437,0.575851393188854,0.32755905511811,0.331723027375201,1,0,1,0.313915857605178,0.334913112164297,1,1,1,0.454545454545455,1,0.321372854914197,0.611455108359133,0.333855799373041,0.330658105939005,0.0015527950310559,0.0360501567398119,1,0.616719242902208,1,0.330188679245283,0.331189710610932,1,1,0.155763239875389,0.3203125,1,0.897356143079316,1,0.333333333333333,0.195512820512821,0.658499234303216,1,1,1,1,1,0.296411856474259,0.317034700315457,1,0.111650485436893,0.00159744408945687,0.422291993720565,0,0.338118022328549,1,0.670926517571885,1,1,0.885093167701863,1,0.66973886328725,1,1,1,1
"816",0.633757961783439,0.622727272727273,0.616793893129771,0.612341772151899,0.617554858934169,0.628346456692913,0.853968253968254,0.622464898595944,0.635093167701863,0.480127186009539,0.614567526555387,0.416796267496112,0.435897435897436,0.61648177496038,0.164556962025316,0.166407465007776,0.437403400309119,0.833602584814216,0.621875,0.619195046439629,0.16358024691358,0.167974882260597,0.624036979969183,0.526153846153846,0.632465543644717,0.161787365177196,0.171156893819334,0.605388272583201,0.640601503759399,0.413793103448276,0.178018575851393,0.360730593607306,0.583333333333333,0.164576802507837,0.390357698289269,0.620294599018003,0.907692307692308,0.612462006079027,0.157185628742515,0.628834355828221,0.848159509202454,0.841860465116279,0.837209302325581,0.604037267080745,0.610410094637224,0.153968253968254,0.14854517611026,0.162613981762918,0.168195718654434,0.156105100463679,0.373088685015291,0.6138147566719,0.16793893129771,0.617283950617284,0.624615384615385,0.138314785373609,0.926984126984127,0.615264797507788,0.631659056316591,0.610328638497653,0.153609831029186,0.160883280757098,0.176838810641628,0.85179407176287,0.635930047694754,0.624615384615385,0.401574803149606,0.613707165109034,0.447647951441578,0.164634146341463,0.621745788667688,0.163833075734158,0.151857835218094,0.642289348171701,0.904109589041096,0.625,0.161631419939577,0.160849772382398,0.623076923076923,0.157556270096463,0.457278481012658,0.159126365054602,0.171826625386997,0.622119815668203,0.163358778625954,0.614692653673163,0.625585023400936,0.604395604395604,0.611197511664075,0.836641221374046,0.624803767660911,0.619119878603945,0.378254211332312,0.490825688073394,0.626182965299685,0.432973805855162,0.390577507598784,0.614791987673344,0.89171974522293,0.840764331210191,0.628526645768025,0.441823899371069,0.163833075734158,0.619512195121951,0.172741679873217,0.614664586583463,0.839563862928349,0.622670807453416,0.149842271293375,0.161787365177196,0.175115207373272,0.615384615384615,0.152777777777778,0.62095531587057,0.862537764350453,0.627659574468085,0.164615384615385,0.669218989280245,0.163636363636364,0.160686427457098,0.84375,0.626543209876543,0.167427701674277,0.1568,0.619847328244275,0.171826625386997,0.614243323442137,0.629909365558912,0.688172043010753,0.38030303030303,0.621019108280255,0.163636363636364,0.618012422360248,0.426229508196721,0.615384615384615,0.151285930408472,0.845201238390093,0.161490683229814,0.555038759689922,0.286858974358974,0.482059282371295,0.46551724137931,0.626168224299065,0.627980922098569,0.173106646058733,0.641538461538462,0.152798789712557,0.621283255086072,0.445112781954887,0.625942684766214,0.159235668789809,0.637931034482759,0.62888198757764,0.630331753554502,0.616352201257862,0.155905511811024,0.626959247648903,0.155763239875389,0.605304212168487,0.617960426179604,0.173716012084592,0.624810892586989,0.176744186046512,0.464898595943838,0.619651347068146,0.157894736842105,0.637345679012346,0.622496147919877,0.613707165109034,0.158610271903323,0.618153364632238,0.166929133858268,0.615262321144674,0.154083204930663,0.624,0.16875,0.460708782742681,0.638330757341577,0.875796178343949,0.638230647709321,0.62596599690881,0.161240310077519,0.622119815668203,0.623475609756098,0.619047619047619,0.627906976744186,0.164596273291925,0.162861491628615,0.605678233438486,0.606531881804043,0.177914110429448,0.171701112877583,0.6046875,0.824534161490683,0.852187028657617,0.370769230769231,0.164086687306502,0.851330203442879,0.615501519756839,0.168195718654434,0.622848200312989,0.62178517397882,0.62596599690881,0.1796875,0.166414523449319,0.169303797468354,0.622188905547226,0.63275039745628,0.610248447204969,0.383647798742138,0.638198757763975,0.167192429022082,0.593798449612403,0.160377358490566,0.159375,0.73208722741433,0.622874806800618,0.622699386503067,0.61189358372457,0.623255813953488,0.627725856697819,0.4265625,0.163522012578616,0.170471841704718,0.619414483821264,0.83969465648855,0.620426829268293,0.632835820895522,0.627943485086342,0.618683001531394,0.636505460218409,0.603369065849923,0.381026438569207,0.704718417047184,0.627480916030534,0.170579029733959,0.613564668769716,0.165137614678899,0.616588419405321,0.620094191522763,0.626543209876543,0.609984399375975,0.625199362041467,0.153846153846154,0.612121212121212,0.165876777251185,0.157076205287714,0.161787365177196,0.152276295133438,0.163779527559055,0.170245398773006,0.270866141732283,0.165644171779141,0.147692307692308,0.16385911179173,0.632621951219512,0.162754303599374,0.618441971383148,0.838565022421525,0.16793893129771,0.665658093797277,0.175548589341693,0.61259842519685,0.616852146263911,0.625978090766823,0.635220125786163,0.174922600619195,0.623277182235835,0.165366614664587,0.164901664145234,0.146417445482866,0.160060975609756,0.848998459167951,0.622464898595944,0.161631419939577,0.162327718223583,0.621329211746522,0.156299840510367,0.622496147919877,0.162650602409639,0.167449139280125,0.626182965299685,0.62992125984252,0.644305772230889,0.898148148148148,0.63125,0.854489164086687,0.467473524962179,0.1609375,0.63030303030303,0.614439324116744,0.471494607087827,0.170506912442396,0.143302180685358,0.613312202852615,0.624610591900312,0.166666666666667,0.398133748055988,0.375394321766562,0.629860031104199,0.620634920634921,0.149546827794562,0.630699088145897,0.626865671641791,0.167692307692308,0.627300613496933,0.644916540212443,0.163297045101089,0.630672926447574,0.624803767660911,0.633846153846154,0.613354037267081,0.159126365054602,0.1797583081571,0.169354838709677,0.613458528951487,0.615987460815047,0.820826952526799,0.149765990639626,0.626182965299685,0.154434250764526,0.165625,0.624427480916031,0.621580547112462,0.622496147919877,0.615740740740741,0.629573170731707,0.152542372881356,0.616113744075829,0.638461538461538,0.494417862838915,0.160796324655436,0.309815950920245,0.176100628930818,0.820987654320988,0.165653495440729,0.617021276595745,0.161392405063291,0.165109034267913,0.634408602150538,0.163358778625954,0.616954474097331,0.168437025796662,0.618604651162791,0.637071651090343,0.614088820826952,0.159375,0.168195718654434,0.62888198757764,0.551834130781499,0.442367601246106,0.618524332810047,0.162037037037037,0.160629921259843,0.16031746031746,0.601587301587302,0.165653495440729,0.8578125,0.172413793103448,0.168486739469579,0.151898734177215,0.161741835147745,0.61890243902439,0.164012738853503,0.632165605095541,0.614420062695925,0.395384615384615,0.614896988906498,0.149532710280374,0.634108527131783,0.632375189107413,0.627943485086342,0.169517884914463,0.619047619047619,0.146919431279621,0.61969696969697,0.450617283950617,0.620528771384137,0.618153364632238,0.618827160493827,0.167427701674277,0.622222222222222,0.623417721518987,0.158385093167702,0.162246489859594,0.617924528301887,0.634408602150538,0.155864197530864,0.569044006069803,0.6128,0.619047619047619,0.612903225806452,0.37888198757764,0.158227848101266,0.618971061093248,0.169724770642202,0.621664050235479,0.630368098159509,0.832298136645963,0.115501519756839,0.621405750798722,0.617647058823529,0.833333333333333,0.872307692307692,0.153488372093023,0.623456790123457,0.161538461538462,0.626749611197512,0.615506329113924,0.162717219589258,0.631024096385542,0.613354037267081,0.377708978328173,0.161741835147745,0.624223602484472,0.61128526645768,0.15615141955836,0.620795107033639,0.623397435897436,0.153605015673981,0.697204968944099,0.611023622047244,0.619266055045872,0.611455108359133,0.172519083969466,0.163833075734158,0.179527559055118,0.159332321699545,0.166924265842349,0.84375,0.165151515151515,0.155624036979969,0.156862745098039,0.620743034055728,0.159375,0.617378048780488,0.166921898928025,0.621236133122029,0.15919629057187,0.453055141579732,0.425499231950845,0.629402756508423,0.622526636225266,0.410493827160494,0.63751987281399,0.83030303030303,0.423728813559322,0.3859375,0.616207951070336,0.8375,0.631007751937985,0.638888888888889,0.385579937304075,0.619195046439629,0.374807987711214,0.465079365079365,0.632398753894081,0.623277182235835,0.645510835913313,0.166407465007776,0.865583456425406,0.847402597402597,0.63013698630137,0.622291021671827,0.603053435114504,0.159126365054602,0.718553459119497,0.614307931570762,0.160377358490566,0.627092846270928,0.101538461538462,0.492236024844721,0.15968992248062,0.163109756097561,0.160655737704918,0.625192012288787,0.452488687782805,0.626307922272048,0.620634920634921,0.615501519756839,0.63013698630137,0.167987321711569,0.616588419405321,0.155763239875389,0.637239165329053,0.6296875,0.157251908396947,0.613312202852615,0.167414050822123,0.612654320987654,0.170015455950541,0.172360248447205,0.617737003058104,0.847962382445141,0.165151515151515,0.621374045801527,0.15527950310559,0.409861325115562,0.179487179487179,0.552995391705069,0.166917293233083,0.386541471048513,0.175911251980983,0.607594936708861,0.159264931087289,0.151057401812689,0.168711656441718,0.626543209876543,0.616352201257862,0.609351432880845,0.583601286173633,0.733766233766234,0.616459627329193,0.149606299212598,0.601866251944012,0.167471819645733,0.159332321699545,0.619565217391304,0.610492845786963,0.617511520737327,0.549141965678627,0.607963246554365,0.175840978593272,0.169724770642202,0.608497723823976,0.611197511664075,0.437201907790143,0.490654205607477,0.621495327102804,0.612852664576803,0.167721518987342,0.636645962732919,0.62109955423477,0.172839506172839,0.636363636363636,0.626356589147287,0.84080370942813,0.900751879699248,0.619122257053291,0.387387387387387,0.627118644067797,0.629742033383915,0.472012102874433,0.178571428571429,0.633540372670807,0.140845070422535,0.629107981220657,0.60062893081761,0.639751552795031,0.46177370030581,0.633802816901408,0.162074554294976,0.624427480916031,0.624605678233438,0.617322834645669,0.369631901840491,0.177705977382876,0.626794258373206,0.621538461538461,0.83695652173913,0.619047619047619,0.164869029275809,0.121351766513057,0.165644171779141,0.631415241057543,0.620583717357911,0.621875,0.474242424242424,0.160990712074303,0.484126984126984,0.605919003115265,0.166153846153846,0.161290322580645,0.131699846860643,0.380585516178737,0.614906832298137,0.585139318885449,0.616207951070336,0.62557781201849,0.16403785488959,0.162327718223583,0.543913713405239,0.418897637795276,0.177394034536892,0.169254658385093,0.158461538461538,0.357827476038339,0.152777777777778,0.611026033690659,0.369631901840491,0.166158536585366,0.609567901234568,0.628930817610063,0.622874806800618,0.159264931087289,0.158610271903323,0.419753086419753,0.627871362940276,0.178343949044586,0.157733537519142,0.624413145539906,0.635239567233385,0.165094339622642,0.8336,0.627943485086342,0.625585023400936,0.859154929577465,0.607361963190184,0.172465960665658,0.630573248407643,0.168486739469579,0.902140672782875,0.838709677419355,0.259370314842579,0.608562691131499,0.159574468085106,0.153374233128834,0.821812596006144,0.846036585365854,0.62111801242236,0.165390505359877,0.622432859399684,0.16566265060241,0.624012638230648,0.165366614664587,0.158478605388273,0.130914826498423,0.372093023255814,0.17524115755627,0.15625,0.850699844479005,0.166666666666667,0.556982343499197,0.632558139534884,0.387442572741194,0.60741885625966,0.149206349206349,0.621913580246914,0.383540372670807,0.169014084507042,0.163265306122449,0.626794258373206,0.434977578475336,0.61136712749616,0.469387755102041,0.12755905511811,0.59717868338558,0.452307692307692,0.864696734059098,0.616459627329193,0.607476635514019,0.627092846270928,0.164536741214058,0.43010752688172,0.632148377125193,0.1265625,0.4671875,0.128440366972477,0.162327718223583,0.165390505359877,0.632307692307692,0.595541401273885,0.638801261829653,0.628440366972477,0.64,0.442424242424242,0.641768292682927,0.841945288753799,0.378176382660688,0.153250773993808,0.619195046439629,0.631987577639752,0.630744849445325,0.617511520737327,0.45141065830721,0.167434715821813,0.601515151515152,0.609642301710731,0.6120826709062,0.625585023400936,0.618827160493827,0.634259259259259,0.857791225416036,0.380726698262243,0.613458528951487,0.459293394777266,0.163833075734158,0.814241486068111,0.623052959501558,0.133971291866029,0.169082125603865,0.16304347826087,0.612403100775194,0.428792569659443,0.158371040723982,0.617511520737327,0.626749611197512,0.145285935085008,0.155487804878049,0.155864197530864,0.16031746031746,0.611963190184049,0.168486739469579,0.170245398773006,0.260802469135802,0.163297045101089,0.585106382978723,0.164156626506024,0.463607594936709,0.164086687306502,0.392307692307692,0.630914826498423,0.458860759493671,0.162754303599374,0.16380655226209,0.14937106918239,0.609230769230769,0.605919003115265,0.625199362041467,0.612213740458015,0.623397435897436,0.618670886075949,0.153846153846154,0.63944530046225,0.158878504672897,0.168595041322314,0.436251920122888,0.844339622641509,0.618683001531394,0.621329211746522,0.376923076923077,0.163109756097561,0.494672754946728,0.607575757575758,0.409302325581395,0.619565217391304,0.6368,0.154929577464789,0.630094043887147,0.621187800963082,0.478740157480315,0.2544,0.620384047267356,0.455555555555556,0.482539682539683,0.618827160493827,0.618524332810047,0.614551083591331,0.471317829457364,0.376722817764165,0.161290322580645,0.133748055987558,0.17351598173516,0.385321100917431,0.154818325434439,0.476415094339623,0.62111801242236,0.62779552715655,0.165402124430956,0.159442724458204,0.618524332810047,0.161442006269592,0.16793893129771,0.162538699690402,0.618441971383148,0.621165644171779,0.15,0.619760479041916,0.38109756097561,0.613601236476043,0.579527559055118,0.631329113924051,0.835347432024169,0.621165644171779,0.162460567823344,0.152623211446741,0.464285714285714,0.846390168970814,0.624810892586989,0.626959247648903,0.807692307692308,0.659777424483307,0.161741835147745,0.153125,0.628834355828221,0.151799687010955,0.633693972179289,0.177496038034865,0.620689655172414,0.485362095531587,0.623639191290824,0.631987577639752,0.16403785488959,0.829153605015674,0.1640625,0.643987341772152,0.625,0.161538461538462,0.16385911179173,0.156626506024096,0.599683544303797,0.152996845425868,0.622257053291536,0.424196018376723,0.611455108359133,0.6192,0.845916795069337,0.885093167701863,0.158653846153846,0.425897035881435,0.155172413793103,0.618604651162791,0.618210862619808,0.169781931464174,0.155763239875389,1,0.614197530864197,0.172043010752688,0.221705426356589,0.156346749226006,0.605783866057839,0.84080370942813,0.376923076923077,0.161042944785276,0.157337367624811,0.156645569620253,0.164556962025316,0.164901664145234,0.619482496194825,0.619344773790952,0.162287480680062,0.890822784810127,0.847589424572317,0.615023474178404,0.831973898858075,0.603149606299213,0.164341085271318,0.3828125,0.148606811145511,0.152671755725191,0.243865030674847,0.138364779874214,0.379416282642089,0.168453292496172,0.164319248826291,0.14622641509434,0.165898617511521
"817",1,1,1,1,1,1,0.70820189274448,1,1,0.0998389694041868,1,0.0418604651162791,0.815625,1,0.305993690851735,0.301538461538462,0.0614439324116743,0.690437601296596,1,1,0.27591706539075,0.308176100628931,1,0.161741835147745,1,0.320121951219512,0.313291139240506,1,1,0.789147286821705,0.304347826086957,0.735294117647059,0.965996908809892,0.310077519379845,0,1,0.538699690402477,1,0.292424242424242,1,0.676609105180534,0.689335394126739,0.701062215477997,1,1,0.317891373801917,0.30379746835443,0.302710843373494,0.316358024691358,0.319571865443425,0,1,0.312307692307692,1,1,0.503937007874016,0.552631578947368,1,1,1,0.333843797856049,0.304075235109718,0.313971742543171,0.685714285714286,1,1,0.0327102803738318,1,0.0535168195718654,0.308623298033283,1,0.30625,0.317152103559871,0.9616,0.506870229007634,1,0.30521472392638,0.333843797856049,1,0.305331179321486,0.0854838709677419,0.320872274143302,0.318252730109204,1,0.326053042121685,1,1,1,1,0.69922480620155,1,1,0,0.106811145510836,1,0.0409711684370258,0,1,0.558823529411765,0.681318681318681,1,0.0482866043613707,0.303875968992248,1,0.313291139240506,1,0.6859375,1,0.306349206349206,0.308411214953271,0.315870570107858,1,0.32258064516129,1,0.483433734939759,1,0.311349693251534,0.295031055900621,0.315946348733234,0.309968847352025,0.4703125,0.998447204968944,0.315870570107858,0.302884615384615,1,0.293129770992366,1,1,0.325545171339564,0.543778801843318,1,0.309636650868878,1,0.0373692077727952,1,0.31306990881459,0.684129429892142,0.320493066255778,0.936236391912908,0.427884615384615,0.101880877742947,0.0965732087227414,1,1,0.318252730109204,1,0.310136157337368,1,0.805555555555556,1,0.314873417721519,1,1,1,1,0.327073552425665,1,0.320251177394035,0.260336906584992,1,0.301391035548686,1,0.286821705426357,0.0860719874804382,1,0.307210031347962,1,1,1,0.330792682926829,1,0.322378716744914,1,0.304953560371517,1,0.307332293291732,0.0762052877138414,1,0.640449438202247,1,1,0.311605723370429,1,1,1,1,0.312111801242236,0.304347826086957,1,0.998459167950693,0.315870570107858,0.299684542586751,1,0.44,0.675635276532138,0,0.312788906009245,0.675425038639876,1,0.322530864197531,1,0.998466257668712,1,0.313664596273292,0.305597579425113,0.317817014446228,1,1,1,0,1,0.296474358974359,0.975346687211094,0.316535433070866,0.303599374021909,0.743827160493827,1,1,1,1,1,0.0420560747663551,0.306477093206951,0.324574961360124,1,0.685325264750378,1,1,0.998439937597504,0.998475609756098,1,1,0.00308166409861325,0.318461538461538,1,0.298107255520505,1,0.289719626168224,1,1,1,1,1,0.31496062992126,1,0.525902668759812,0.319875776397516,0.317901234567901,0.30298273155416,0.313479623824451,0.321875,0.406698564593301,0.320872274143302,0.315789473684211,0.299382716049383,1,0.309859154929577,1,0.689863842662632,0.302611367127496,0.312121212121212,0.322115384615385,1,1,1,0.257364341085271,0.29618320610687,1,0.319554848966614,0.313725490196078,0.306976744186047,0.31839258114374,0.688679245283019,1,0.313364055299539,0.307936507936508,1,0.298887122416534,1,0.313935681470138,0.3046875,1,1,1,0.529042386185243,1,0.689335394126739,0.0810810810810811,0.314641744548287,1,1,0.0966257668711656,0.310872894333844,0.31637519872814,1,1,0.300153139356815,0.0184049079754601,0.00318471337579618,1,1,0.327272727272727,0.998439937597504,1,0.305426356589147,1,1,0.31201248049922,1,1,1,1,0.316118935837246,0.301659125188537,0.319047619047619,1,1,0.677321156773212,0.309597523219814,1,0.307692307692308,0.292569659442724,1,1,0.998484848484849,1,1,0.319554848966614,1,1,0.10459587955626,0.321592649310873,0.481132075471698,0.299679487179487,0.677018633540373,0.306525037936267,1,0.30298273155416,0.323076923076923,0.256965944272446,0.315548780487805,1,0.31784107946027,1,1,1,0.301857585139319,0.306625577812018,0.998449612403101,0.924558587479936,0.0564263322884013,1,0.304212168486739,0.312202852614897,0.307692307692308,1,0.316030534351145,0.458914728682171,0.324074074074074,0.297213622291022,0.313195548489666,0.294025157232704,1,0.314873417721519,1,1,0,1,0.313271604938272,1,1,1,0.314785373608903,1,0.309636650868878,1,0.834108527131783,1,1,1,0.309707241910632,1,1,0.305164319248826,0.305295950155763,1,1,0.303265940902022,0.188940092165899,1,0.998439937597504,1,0,0.304075235109718,1,0.30781010719755,0.244444444444444,1,0.684129429892142,0.440860215053763,1,1,0.682779456193353,0.706521739130435,0.340625,1,0.313664596273292,1,1,0.316770186335404,1,0.998430141287284,0.00619195046439629,0.315217391304348,1,1,0.32398753894081,1,1,0.300787401574803,0.331278890600925,1,1,1,0.546583850931677,0.298904538341158,0.338582677165354,0.313253012048193,0.324074074074074,0.695924764890282,0.316436251920123,0.323574730354391,0.306625577812018,0.244897959183673,0.312,1,0.315233785822021,0.998412698412698,0.306027820710974,0.0816944024205749,0.0446153846153846,1,1,0.0357698289269051,1,0.696646341463415,0.0381679389312977,0.00950871632329636,1,0.684952978056426,1,1,0.545023696682464,1,0,0.0754414125200642,1,1,1,0.309748427672956,0.652694610778443,0.701130856219709,0.993808049535604,1,0.984567901234568,0.306976744186047,0.331230283911672,1,0.288888888888889,1,0.3703125,0.105263157894737,0.296124031007752,0.311450381679389,0.323873121869783,1,0.0759878419452888,1,1,1,0.258164852255054,0.312202852614897,1,0.315457413249211,1,1,0.30381679389313,1,0.317700453857791,1,0.302694136291601,0.311248073959938,1,0.687306501547988,0.305007587253414,1,0.302795031055901,0.764341085271318,0.306184012066365,0.160550458715596,0.31651376146789,0.772585669781931,0.294975688816856,1,0.316770186335404,0.323076923076923,0.285714285714286,1,1,1,0.971153846153846,0.338187702265372,1,0.312202852614897,1,0.306946688206785,0.314984709480122,1,1,1,0.916535433070866,1,0.305084745762712,0.310664605873261,1,1,0.046031746031746,0.0817610062893082,1,1,0.298578199052133,1,1,0.308527131782946,1,1,0.685271317829457,0.530827067669173,1,0,1,1,0.101823708206687,0.319875776397516,1,0.3198127925117,0.998447204968944,0.9712,0.998427672955975,0.824345146379045,1,0.316720257234727,1,1,1,0,0.306946688206785,1,1,0.676703645007924,1,0.3125,0.35423197492163,0.310077519379845,1,1,1,0.0922844175491679,0.312796208530806,0.0901898734177215,0.998432601880878,0.307926829268293,0.303680981595092,0.350230414746544,0,1,0.962674961119751,1,1,0.312893081761006,0.294736842105263,0.157320872274143,0.0362204724409449,0.304212168486739,0.303125,0.32469512195122,0,0.311248073959938,1,0,0.312404287901991,1,1,1,0.309968847352025,0.306501547987616,0.034257748776509,1,0.305993690851735,0.298165137614679,1,1,0.307692307692308,0.699013157894737,1,1,0.694968553459119,1,0.304615384615385,1,0.3109375,0.513846153846154,0.680428134556575,0.402714932126697,1,0.296803652968037,0.304615384615385,0.685670261941448,0.672754946727549,1,0.309968847352025,1,0.316187594553706,1,0.311912225705329,0.309148264984227,0.346456692913386,0.518292682926829,0.311811023622047,0.302884615384615,0.6765625,0.308527131782946,0.151757188498403,1,0,1,0.288854003139717,1,0,0.309262166405024,0.308176100628931,1,0.0533333333333333,1,0.0866141732283465,0.333333333333333,1,0.0622083981337481,0.670807453416149,1,1,1,0.302439024390244,0.0347432024169184,1,0.425396825396825,0.100478468899522,0.34947049924357,0.319444444444444,0.31651376146789,1,1,1,1,1,0.0611620795107034,0.996937212863706,0.691717791411043,0.003003003003003,0.313084112149533,1,1,1,1,0.0856269113149847,0.310708898944193,1,1,1,1,1,1,0.483282674772036,0,1,0.0809160305343511,0.313084112149533,0.426380368098159,1,0.394654088050314,0.295269168026101,0.303543913713405,1,0.0354391371340524,0.310291858678955,1,1,0.371248025276461,0.306153846153846,0.3046875,0.320126782884311,0.998484848484849,0.314696485623003,0.312788906009245,0.407120743034056,0.305511811023622,0.974006116207951,0.308510638297872,0.0794912559618442,0.31619937694704,0,1,0.0867507886435331,0.305164319248826,0.313178294573643,0.315286624203822,1,1,1,1,1,1,0.327503974562798,1,0.318037974683544,0.308848080133556,0.605873261205564,0.686708860759494,1,1,0,0.3125,0.116822429906542,0.998475609756098,0.0326086956521739,1,1,0.306729264475743,1,1,0.629860031104199,0.4048,0.997019374068554,0.0797448165869219,0.0948678071539658,1,1,1,0.0851393188854489,0,0.307692307692308,0.419405320813772,0.302710843373494,0,0.316037735849057,0.083596214511041,1,1,0.313546423135464,0.312307692307692,0.244648318042813,0.325878594249201,0.296754250386399,0.315707620528771,1,1,0.318181818181818,1,0,1,0.224648985959438,1,0.6796875,1,0.29922480620155,0.301109350237718,0.078003120124805,0.677862595419847,1,1,0.79375,0.891410048622366,0.311004784688995,0.307814992025518,1,0.308049535603715,0.255351681957187,0.310015898251192,1,0.102009273570325,1,1,0.303875968992248,0.693418940609952,0.303030303030303,1,1,0.293023255813953,0.301710730948678,0.306646525679758,0.85781990521327,0.304278922345483,1,0.0490045941807044,1,1,0.707882534775889,0.659810126582278,0.313291139240506,0.0518867924528302,0.31937984496124,1,1,0.304821150855365,0.3203125,0.614197530864197,1,0.303490136570561,0.366153846153846,0.299093655589124,0.981651376146789,0.472527472527473,0.00303951367781155,0.298621745788668,0.319277108433735,0.328616352201258,0.307692307692308,0.307458143074581,0.972644376899696,1,0.30829420970266,0.546899841017488,0.688498402555911,0.235569422776911,0.700320512820513,1,0.31637519872814,0.00314465408805031,0.315384615384615,0.300462249614792,0.35981308411215,0.318037974683544,0,0.322480620155039,0.315132605304212,0.313385826771654,0.308892355694228
"818",0.28393135725429,0.306525037936267,0.30640243902439,0.316118935837246,0.303951367781155,0.299382716049383,0.0126182965299685,0.3140625,0.302147239263804,0.584758942457232,0.311077389984825,0.652307692307692,0.510802469135803,0.30625,1,1,0.625382262996942,0,0.31619937694704,0.296124031007752,1,1,0.311450381679389,0.515337423312883,0.305389221556886,1,1,0.323899371069182,0.305936073059361,0.522691705790297,1,0.583333333333333,0.353302611367127,0.995412844036697,0.671899529042386,0.294788273615635,0.141552511415525,0.316265060240964,1,0.29742033383915,0.00309597523219814,0,0,0.316358024691358,0.307453416149068,1,0.993855606758833,1,1,1,0.700763358778626,0.314152410575428,1,0.310872894333844,0.307228915662651,0.817749603803486,0.122861586314152,0.310185185185185,0.307692307692308,0.31104199066874,0.990867579908676,1,1,0.00611620795107034,0.303459119496855,0.310030395136778,0.665629860031104,0.309707241910632,0.617910447761194,1,0.312594840667678,1,1,0.272300469483568,0.167427701674277,0.308845577211394,1,0.993966817496229,0.31570996978852,1,0.600315955766193,1,1,0.312977099236641,1,0.315233785822021,0.3,0.322530864197531,0.310769230769231,0,0.312989045383412,0.316100443131462,0.695121951219512,0.596969696969697,0.300314465408805,0.648648648648649,0.691588785046729,0.30781010719755,0.124006359300477,0,0.30781010719755,0.6296875,1,0.306962025316456,1,0.30521472392638,0,0.310185185185185,1,1,1,0.298621745788668,0.995384615384615,0.3198127925117,0.203957382039574,0.30576070901034,1,0.377675840978593,1,1,0.204615384615385,0.307575757575758,1,1,0.319508448540707,1,0.313988095238095,0.301349325337331,0.36986301369863,0.75187969924812,0.313971742543171,1,0.319875776397516,0.643387815750372,0.317683881064163,1,0.00151975683890578,1,0.363354037267081,0.890649762282092,0.587326120556414,0.614664586583463,0.302290076335878,0.309748427672956,1,0.308755760368664,1,0.292048929663609,0.500765696784073,0.309667673716012,1,0.294753086419753,0.308641975308642,0.31937984496124,0.315625,1,0.305343511450382,1,0.425113464447806,0.312594840667678,1,0.314674735249622,1,0.608964451313756,0.309033280507132,1,0.315301391035549,0.303625377643505,0.31619937694704,0.986425339366516,0.315301391035549,1,0.312883435582822,1,0.314696485623003,1,0.604294478527607,0.287671232876712,0.0334928229665072,0.290171606864275,0.308510638297872,1,0.294573643410853,0.307219662058372,0.308868501529052,0.321538461538462,1,1,0.310618066561014,0.312307692307692,1,1,0.3125,0.24054462934947,0.0205882352941176,0.69618320610687,1,0.00304878048780488,0.304804804804805,1,0.304897314375987,0.300911854103343,0.301075268817204,0.996884735202492,1,1,0.321752265861027,0.300476947535771,0.306525037936267,0.689167974882261,0.298904538341158,1,0.318112633181126,1,1,0.448170731707317,0.315384615384615,0.314589665653495,0.316436251920123,0.294656488549618,0.311827956989247,0.655913978494624,1,1,0.303490136570561,0.00452488687782805,0.320121951219512,0.303571428571429,0.311526479750779,0.295281582952816,0.294753086419753,0.308035714285714,0.706422018348624,0.369597615499255,0.296969696969697,1,0.306376360808709,1,0.299847792998478,0.30757341576507,0.302469135802469,0.32018927444795,0.297770700636943,1,0.310344827586207,0.796923076923077,1,1,0.996845425867508,1,1,0.896875,1,1,1,0.309667673716012,1,0.312202852614897,0,1,0.382882882882883,1,0.313385826771654,0.312977099236641,0.311827956989247,0.412942989214176,1,0.314589665653495,1,1,1,1,0,0.3046875,1,1,0.310452418096724,1,0.30804248861912,1,1,0.301916932907348,0.314873417721519,0.288343558282209,0.158631415241058,0.319314641744548,0,0.604197901049475,1,0.313813813813814,0.312210200927357,0.592649310872894,1,1,0.317535545023697,0.315625,1,0.668195718654434,0.709175738724728,0.295208655332303,0.308176100628931,0.995488721804511,0.315467075038285,0.298219584569733,1,0.307219662058372,0.294478527607362,1,0.296923076923077,0.303875968992248,0.302611367127496,0.30568356374808,1,1,1,0.297213622291022,0.312302839116719,0.00764525993883792,0.990697674418605,0.324451410658307,1,1,0.30421686746988,0.318250377073906,0.294656488549618,0.307098765432099,0.310769230769231,1,0.295208655332303,0.301391035548686,0.58125,1,0.8359375,1,0,1,0.318181818181818,1,1,0.417533432392273,0.998493975903614,0.309597523219814,1,0.303215926493109,0.287267080745342,0.305471124620061,1,1,0.308049535603715,0.397151898734177,0.6203125,0.295489891135303,1,1,1,0.303125,1,0.212863705972435,1,1,1,1,0.320359281437126,1,0.3072,0.321538461538462,0.685358255451713,0.297674418604651,1,0.317073170731707,0.312024353120244,0.30622009569378,1,0.302848575712144,1,0.305722891566265,0.474085365853659,0.312977099236641,0.313971742543171,0.305135951661631,1,0.303599374021909,0.29393468118196,1,1,0.313364055299539,0.310606060606061,1,0.474164133738602,0.309262166405024,0.320987654320988,0.318112633181126,0.693251533742331,1,0.2816,1,0.417565485362096,0.297213622291022,0,0.882706766917293,0.306853582554517,0.305426356589147,0,0.0341085271317829,0.979876160990712,0.305084745762712,1,0.300925925925926,0.308681672025723,1,0.317557251908397,0.302362204724409,0.679447852760736,1,0.299847792998478,0.312307692307692,1,0.306525037936267,0.296583850931677,1,0.344512195121951,0.307692307692308,0.303951367781155,0.318885448916409,0.793674698795181,1,0.982945736434109,1,1,0.00154320987654321,1,0.993865030674847,1,0.421133231240429,0.996835443037975,0.292792792792793,0.992412746585736,0.315789473684211,0.995454545454545,0.614008941877794,0.644615384615385,0.305722891566265,0.301829268292683,0.655913978494624,0.304416403785489,0,0.644615384615385,0.68895800933126,0.311649016641452,0.00152905198776758,0.296411856474259,0.299539170506912,0.755485893416928,0.320121951219512,0.693023255813954,0.606012658227848,0.305295950155763,0.311278195488722,0.289634146341463,1,0.0290697674418605,0,0.305135951661631,0.32262996941896,0.319571865443425,1,0.341121495327103,0.304147465437788,1,0.298484848484848,0.937597503900156,0.58125,1,1,0.991721854304636,0.312781954887218,0.617021276595745,0.321375186846039,0.31055900621118,0.303543913713405,0.411854103343465,1,0.305426356589147,1,0.303459119496855,0.312401883830455,1,0.305732484076433,1,0.311526479750779,1,1,0.311827956989247,0,1,0.313935681470138,1,0.565349544072948,1,0.51131221719457,1,0.555209953343701,1,0.305772230889236,1,1,1,0.306748466257669,0.315467075038285,0.308623298033283,0.33652312599681,0.340729001584786,0.298921417565485,1,0.317111459968603,1,1,0.314503816793893,0.307086614173228,0.307228915662651,0.373250388802488,0.315868263473054,1,1,0.316590563165906,0.315047021943574,0.635384615384615,0.6,0.307339449541284,0.310452418096724,1,0.301972685887709,0.303625377643505,0.993855606758833,0.294585987261146,0.30030487804878,0,0.145038167938931,0.304147465437788,0.688988095238095,0.302752293577982,0.312594840667678,0.610859728506787,1,0.302611367127496,1,0.308641975308642,0.332302936630603,0.302611367127496,0.479699248120301,0.301857585139319,1,0.306278713629403,0.309230769230769,0.324451410658307,0.69618320610687,1,0.319685039370079,0.306547619047619,0,0.312121212121212,0.998447204968944,0.953846153846154,1,0.309707241910632,0.313161875945537,0.308661417322835,0.598802395209581,1,0.610675039246468,0.31832298136646,1,1,0.964831804281346,0.683563748079877,0.318529862174579,0.346273291925466,0.305471124620061,0.308510638297872,1,1,0.514018691588785,0.644067796610169,1,1,0.998484848484849,0.693877551020408,1,0.315946348733234,0.691717791411043,1,0.311248073959938,0.306729264475743,0.30757341576507,0.996978851963746,1,0.65615141955836,0.314024390243902,1,1,0.313636363636364,0.301223241590214,0.998466257668712,0,0.305426356589147,0.302180685358255,0.0062111801242236,0.304804804804805,1,0.30188679245283,1,0.154887218045113,0,0.904903417533432,0.315151515151515,1,1,0,0.00153139356814701,0.315629742033384,1,0.305164319248826,0.996996996996997,0.305295950155763,1,0.998454404945904,0.963302752293578,0.771251931993818,1,1,0.00467289719626168,1,0.529032258064516,0.3234375,0.686656671664168,0.316030534351145,1,0.297256097560976,0.684451219512195,1,1,0.309636650868878,0.629246676514033,0.313935681470138,0.595645412130638,0.97191887675507,0.319875776397516,0.615503875968992,0.012326656394453,0.306870229007634,0.309341500765697,0.314674735249622,1,0.656108597285068,0.297872340425532,0.886676875957121,0.600624024960998,0.968468468468468,1,1,0.296636085626911,0.329133858267717,0.29559748427673,0.305084745762712,0.303680981595092,0.626307922272048,0.293413173652695,0,0.685840707964602,0.998466257668712,0.308282208588957,0.298299845440495,0.312599681020734,0.309667673716012,0.612275449101796,1,0.326347305389222,0.324116743471582,0.326433121019108,0.305426356589147,0.305007587253414,0.302936630602782,0.198198198198198,0.689547581903276,0.304482225656878,0.611026033690659,1,0.240061162079511,0.308868501529052,0.919431279620853,1,1,0.299079754601227,0.656441717791411,1,0.30316742081448,0.289269051321928,0.957943925233645,1,1,0.996875,0.307458143074581,1,1,0.898119122257053,1,0.342900302114804,1,0.60093896713615,1,0.681957186544342,0.302325581395349,0.616692426584235,1,1,0.990726429675425,0.31437125748503,0.314900153609831,0.311216429699842,0.311728395061728,0.314465408805031,0.3125,0.984350547730829,0.307692307692308,1,1,0.711077844311377,0,0.305722891566265,0.307458143074581,0.688988095238095,1,0.574923547400612,0.312406576980568,0.654320987654321,0.307339449541284,0.308661417322835,1,0.299531981279251,0.311183144246353,0.679186228482003,0.907915993537964,0.312684365781711,0.614285714285714,0.584251968503937,0.319148936170213,0.306962025316456,0.297709923664122,0.600917431192661,0.685975609756098,1,0.89060092449923,1,0.67218045112782,0.996913580246914,0.60093896713615,0.311926605504587,0.3198127925117,1,1,0.425269645608629,0.992223950233281,0.997014925373134,1,0.304482225656878,0.317901234567901,1,0.302806499261448,0.686453576864536,0.317972350230415,0.454968944099379,0.300462249614792,0,0.295902883156297,1,1,0.604580152671756,0.00151975683890578,0.31832298136646,0.311627906976744,0.0980091883614089,0.410742496050553,1,1,0.30640243902439,1,0.417565485362096,1,0.31570996978852,0.596969696969697,0.309451219512195,0.308641975308642,1,0,1,0.301242236024845,0.307453416149068,1,1,1,0.441269841269841,1,0.313455657492355,0.621052631578947,0.318529862174579,0.310725552050473,0.00152439024390244,0.0398773006134969,1,0.628440366972477,1,0.315384615384615,0.3168,1,1,0.172043010752688,0.303490136570561,1,0.905405405405405,1,0.31981981981982,0.205607476635514,0.680851063829787,1,1,1,1,1,0.277016742770167,0.298003072196621,1,0.117554858934169,0.0015552099533437,0.436447166921899,0,0.314553990610329,1,0.687010954616588,1,1,0.894736842105263,1,0.687687687687688,1,1,1,1
"819",0.355799373040752,0.364197530864198,0.371385083713851,0.374223602484472,0.362095531587057,0.369230769230769,0.106918238993711,0.382945736434109,0.36890243902439,0.670382165605096,0.370257966616085,0.678461538461538,0.41400304414003,0.386153846153846,0.912636505460218,0.908256880733945,0.700607902735562,0.106858054226475,0.383177570093458,0.373475609756098,0.895475819032761,0.901408450704225,0.374233128834356,0.617960426179604,0.370090634441088,0.900763358778626,0.896551724137931,0.392,0.364471669218989,0.428125,0.907120743034056,0.485496183206107,0.376722817764165,0.892638036809816,0.629457364341085,0.370550161812298,0.23963133640553,0.375565610859729,0.900452488687783,0.371775417298938,0.10077519379845,0.0931297709923664,0.0974124809741248,0.38125,0.372488408037094,0.897271268057785,0.899536321483771,0.907435508345979,0.904255319148936,0.905053598774885,0.637462235649547,0.375,0.904833836858006,0.370597243491577,0.378461538461538,0.708920187793427,0.226415094339623,0.378125,0.378048780487805,0.380585516178737,0.889226100151745,0.900473933649289,0.900621118012422,0.104134762633997,0.373590982286634,0.376146788990826,0.68266253869969,0.383775351014041,0.686567164179104,0.895770392749245,0.376132930513595,0.899691358024691,0.889763779527559,0.348982785602504,0.261205564142195,0.368731563421829,0.908536585365854,0.892053973013493,0.374242424242424,0.901116427432217,0.699842022116904,0.900311526479751,0.909090909090909,0.381538461538462,0.902627511591963,0.376681614349776,0.371913580246914,0.371340523882897,0.376947040498442,0.10381679389313,0.369565217391304,0.370314842578711,0.645061728395062,0.679878048780488,0.352290679304897,0.669184290030212,0.629969418960245,0.361280487804878,0.232,0.0919003115264797,0.365740740740741,0.679626749611198,0.910798122065728,0.37914691943128,0.895865237366003,0.36979969183359,0.0924499229583975,0.381619937694704,0.895223420647149,0.90273556231003,0.889230769230769,0.369397217928903,0.899082568807339,0.375579598145286,0.309090909090909,0.370149253731343,0.894899536321484,0.482225656877898,0.900900900900901,0.898119122257053,0.309597523219814,0.378048780487805,0.90381679389313,0.890302066772655,0.365591397849462,0.895612708018154,0.369436201780415,0.367223065250379,0.486780715396579,0.825227963525836,0.369085173501577,0.911076443057722,0.37888198757764,0.671111111111111,0.385103011093502,0.89618320610687,0.105263157894737,0.905572755417957,0.293023255813953,0.936708860759494,0.689547581903276,0.694704049844237,0.372907153729072,0.372488408037094,0.90381679389313,0.364906832298137,0.902548725637181,0.35981308411215,0.399082568807339,0.381954887218045,0.912974683544304,0.355283307810107,0.366459627329193,0.386792452830189,0.369565217391304,0.900763358778626,0.377675840978593,0.897515527950311,0.536585365853659,0.385448916408669,0.906584992343032,0.380451127819549,0.902439024390244,0.688473520249221,0.35748031496063,0.897637795275591,0.387878787878788,0.368827160493827,0.391104294478528,0.890243902439024,0.389570552147239,0.906687402799378,0.37403400309119,0.898928024502297,0.36724960254372,0.896923076923077,0.684698608964451,0.34715821812596,0.13258785942492,0.344827586206897,0.375,0.908661417322835,0.36,0.37442218798151,0.379204892966361,0.373271889400922,0.898894154818325,0.896969696969697,0.379095163806552,0.366043613707165,0.896551724137931,0.9,0.375951293759513,0.349618320610687,0.125,0.633846153846154,0.905426356589147,0.104037267080745,0.36969696969697,0.898791540785498,0.373205741626794,0.370702541106129,0.361963190184049,0.901065449010654,0.906441717791411,0.896875,0.383107088989442,0.363636363636364,0.367534456355283,0.631083202511774,0.362229102167183,0.909090909090909,0.336906584992343,0.900621118012422,0.894409937888199,0.516129032258065,0.368584758942457,0.379573170731707,0.370820668693009,0.368663594470046,0.361669242658423,0.681114551083591,0.893416927899687,0.897081413210445,0.369532428355958,0.102290076335878,0.385432473444613,0.370870870870871,0.371340523882897,0.366003062787136,0.351851851851852,0.370090634441088,0.638036809815951,0.475975975975976,0.363214837712519,0.900153609831029,0.3671875,0.894817073170732,0.360730593607306,0.360374414976599,0.3625,0.3859375,0.373205741626794,0.897515527950311,0.376146788990826,0.677018633540373,0.895865237366003,0.901960784313726,0.897959183673469,0.896084337349398,0.896284829721362,0.94811320754717,0.891104294478528,0.901386748844376,0.894009216589862,0.374242424242424,0.893915756630265,0.37258064516129,0.0903522205206738,0.900621118012422,0.499250374812594,0.905511811023622,0.376947040498442,0.37442218798151,0.371340523882897,0.522082018927445,0.906441717791411,0.370257966616085,0.8984375,0.908545727136432,0.906396255850234,0.902255639097744,0.0995334370139969,0.365354330708661,0.897865853658537,0.900316455696203,0.375586854460094,0.907790143084261,0.386850152905199,0.897744360902256,0.911353032659409,0.370892018779343,0.380434782608696,0.355623100303951,0.259659969088099,0.38871473354232,0.0982839313572543,0.690690690690691,0.897709923664122,0.375757575757576,0.363636363636364,0.677811550151976,0.901664145234493,0.906940063091483,0.387247278382582,0.388198757763975,0.894333843797856,0.653905053598775,0.641185647425897,0.3609375,0.3664,0.901960784313726,0.384259259259259,0.367781155015198,0.91271056661562,0.381679389312977,0.358895705521472,0.903963414634146,0.354198473282443,0.371340523882897,0.36,0.380877742946708,0.895223420647149,0.900297619047619,0.903875968992248,0.365891472868217,0.380434782608696,0.108024691358025,0.884914463452566,0.375389408099688,0.904545454545455,0.90527950310559,0.367316341829085,0.381381381381381,0.355384615384615,0.363777089783282,0.359447004608295,0.904984423676013,0.368503937007874,0.367762128325509,0.668759811616955,0.900302114803625,0.890453834115806,0.903374233128834,0.103937007874016,0.905343511450382,0.374057315233786,0.90726429675425,0.906542056074766,0.520485584218513,0.911411411411411,0.373643410852713,0.902222222222222,0.364779874213836,0.356481481481481,0.373475609756098,0.898911353032659,0.910197869101979,0.364885496183206,0.31629392971246,0.677469135802469,0.364928909952607,0.894656488549618,0.89937106918239,0.904836193447738,0.363636363636364,0.903030303030303,0.308396946564885,0.896656534954407,0.897356143079316,0.901408450704225,0.905572755417957,0.373475609756098,0.894899536321484,0.372611464968153,0.384259259259259,0.628482972136223,0.363636363636364,0.904088050314465,0.378787878787879,0.371987951807229,0.372827804107425,0.909516380655226,0.361861861861862,0.904538341158059,0.385756676557863,0.385208012326656,0.393568147013783,0.380655226209048,0.370257966616085,0.903963414634146,0.366771159874608,0.358814352574103,0.901689708141321,0.901215805471125,0.371385083713851,0.366564417177914,0.906441717791411,0.586726998491704,0.366666666666667,0.368663594470046,0.38145896656535,0.618098159509202,0.907378335949764,0.3486529318542,0.894171779141104,0.513975155279503,0.3484375,0.0943683409436834,0.784313725490196,0.36817472698908,0.370030581039755,0.106508875739645,0.125,0.883076923076923,0.35981308411215,0.89739663093415,0.37403400309119,0.374407582938389,0.905132192846034,0.36969696969697,0.377151799687011,0.638065522620905,0.899536321483771,0.384615384615385,0.375193798449612,0.898148148148148,0.361280487804878,0.359177215189873,0.897035881435257,0.456752655538695,0.366043613707165,0.36890243902439,0.377358490566038,0.697108066971081,0.905775075987842,0.92824427480916,0.903988183161004,0.904109589041096,0.106750392464678,0.894736842105263,0.893846153846154,0.90990990990991,0.533333333333333,0.900158478605388,0.368740515933232,0.889739663093415,0.383177570093458,0.901065449010654,0.701046337817638,0.679389312977099,0.371385083713851,0.372549019607843,0.673913043478261,0.359055118110236,0.100151745068285,0.678843226788432,0.651234567901235,0.375951293759513,0.0931297709923664,0.365325077399381,0.359447004608295,0.835403726708075,0.373111782477341,0.628834355828221,0.679936305732484,0.374233128834356,0.378048780487805,0.358372456964006,0.893915756630265,0.128318584070796,0.086677367576244,0.382530120481928,0.377675840978593,0.347560975609756,0.906298003072197,0.438080495356037,0.373456790123457,0.901869158878505,0.356269113149847,0.836671802773498,0.67032967032967,0.906584992343032,0.912121212121212,0.897350993377483,0.372932330827068,0.691603053435115,0.388888888888889,0.356120826709062,0.370942812982998,0.518910741301059,0.898911353032659,0.369397217928903,0.911490683229814,0.384735202492212,0.375198728139905,0.903323262839879,0.377742946708464,0.905044510385757,0.375389408099688,0.906396255850234,0.903522205206738,0.372881355932203,0.0992248062015504,0.899700598802395,0.374436090225564,0.9109375,0.480243161094225,0.896240601503759,0.610169491525424,0.902402402402402,0.46319018404908,0.89873417721519,0.3921875,0.902587519025875,0.907294832826748,0.908536585365854,0.370199692780338,0.379471228615863,0.370149253731343,0.341894060995185,0.435612082670906,0.364760432766615,0.897476340694006,0.375579598145286,0.905996758508914,0.904977375565611,0.385321100917431,0.3671875,0.371775417298938,0.291798107255521,0.376119402985075,0.894259818731118,0.916286149162861,0.372699386503067,0.378548895899054,0.684375,0.684210526315789,0.36322188449848,0.373456790123457,0.90015600624025,0.368740515933232,0.371212121212121,0.903726708074534,0.357827476038339,0.369230769230769,0.0967741935483871,0.244712990936556,0.364197530864198,0.626488095238095,0.369734789391576,0.37987987987988,0.701357466063348,0.902325581395349,0.368012422360248,0.896024464831804,0.367534456355283,0.331297709923664,0.379471228615863,0.376701966717095,0.362928348909657,0.914556962025316,0.370542635658915,0.366771159874608,0.386996904024768,0.638719512195122,0.905362776025237,0.372056514913658,0.381538461538462,0.0907692307692308,0.377675840978593,0.89938080495356,0.856702619414484,0.899848254931715,0.372881355932203,0.374807987711214,0.375196232339089,0.681470137825421,0.893915756630265,0.697674418604651,0.376175548589342,0.900611620795107,0.906202723146747,0.867692307692308,0.626339969372129,0.373271889400922,0.332307692307692,0.387096774193548,0.368181818181818,0.905132192846034,0.900452488687783,0.597503900156006,0.668217054263566,0.900928792569659,0.89644513137558,0.893617021276596,0.648902821316614,0.902777777777778,0.372519083969466,0.624233128834356,0.903469079939668,0.38030303030303,0.375193798449612,0.375963020030817,0.894656488549618,0.903323262839879,0.675632911392405,0.369230769230769,0.912442396313364,0.904109589041096,0.382488479262673,0.369300911854103,0.898773006134969,0.0998415213946117,0.361934477379095,0.363067292644757,0.0954616588419405,0.366261398176292,0.903469079939668,0.376582278481013,0.901869158878505,0.251896813353566,0.099236641221374,0.955089820359281,0.382262996941896,0.892802450229709,0.897832817337461,0.0900763358778626,0.101382488479263,0.370199692780338,0.902927580893683,0.382911392405063,0.903469079939668,0.361111111111111,0.892638036809816,0.904238618524333,0.859111791730475,0.830769230769231,0.896988906497623,0.889751552795031,0.0970724191063174,0.898484848484848,0.625199362041467,0.372641509433962,0.624242424242424,0.378254211332312,0.902627511591963,0.370769230769231,0.627906976744186,0.903669724770642,0.907232704402516,0.365506329113924,0.67921686746988,0.382978723404255,0.676380368098159,0.8640625,0.370716510903427,0.68160741885626,0.111975116640746,0.353395061728395,0.38366718027735,0.375572519083969,0.905448717948718,0.665671641791045,0.355283307810107,0.7875,0.685897435897436,0.861861861861862,0.900914634146341,0.896084337349398,0.368098159509202,0.377207062600321,0.374803149606299,0.36500754147813,0.369397217928903,0.698507462686567,0.36322188449848,0.0989180834621329,0.625920471281296,0.903614457831325,0.377708978328173,0.373846153846154,0.361022364217252,0.368181818181818,0.701674277016743,0.897473997028232,0.393019726858877,0.383540372670807,0.383647798742138,0.365591397849462,0.373676248108926,0.371294851794072,0.301829268292683,0.647335423197492,0.368258859784284,0.702127659574468,0.910906298003072,0.352760736196319,0.377473363774734,0.828438948995363,0.904153354632588,0.902290076335878,0.375579598145286,0.671779141104294,0.903177004538578,0.367069486404834,0.357798165137615,0.855813953488372,0.895454545454546,0.905864197530864,0.906940063091483,0.365151515151515,0.906103286384977,0.897865853658537,0.948517940717629,0.906542056074766,0.336391437308869,0.900452488687783,0.691222570532915,0.902290076335878,0.624233128834356,0.364760432766615,0.704615384615385,0.901253918495298,0.896499238964992,0.8984375,0.376327769347496,0.374223602484472,0.381329113924051,0.383792048929664,0.375987361769352,0.382581648522551,0.882445141065831,0.372907153729072,0.900466562986003,0.901993355481728,0.77845220030349,0.095389507154213,0.370090634441088,0.373475609756098,0.632621951219512,0.903323262839879,0.655384615384615,0.370650529500756,0.668730650154799,0.368584758942457,0.374223602484472,0.8984375,0.362229102167183,0.37220447284345,0.743788819875776,0.960380348652932,0.382137628111274,0.694488188976378,0.68025078369906,0.38,0.3796875,0.359090909090909,0.704791344667697,0.631741140215716,0.900452488687783,0.803125,0.896024464831804,0.608231707317073,0.892857142857143,0.68380062305296,0.365591397849462,0.382539682539683,0.916413373860182,0.897990726429675,0.537634408602151,0.895569620253165,0.896813353566009,0.898330804248862,0.364485981308411,0.382848392036753,0.906497622820919,0.367559523809524,0.634146341463415,0.372093023255814,0.559505409582689,0.3671875,0.0946564885496183,0.364329268292683,0.901990811638591,0.90625,0.682442748091603,0.102290076335878,0.385093167701863,0.378670788253478,0.194144838212635,0.466876971608833,0.902173913043478,0.900943396226415,0.364329268292683,0.894009216589862,0.518575851393189,0.902208201892745,0.387240356083086,0.685975609756098,0.390357698289269,0.364632237871674,0.894977168949772,0.1046875,0.900473933649289,0.358372456964006,0.3703125,0.904907975460123,0.902587519025875,0.898638426626324,0.488226059654631,0.90952380952381,0.380434782608696,0.678407350689127,0.385321100917431,0.369085173501577,0.106317411402157,0.149230769230769,0.906497622820919,0.678843226788432,0.892141756548536,0.373643410852713,0.365659777424483,0.9046875,0.897356143079316,0.221705426356589,0.366153846153846,0.905405405405405,1,0.899082568807339,0.380880121396055,0.314465408805031,0.633484162895928,0.900466562986003,0.897014925373134,0.908385093167702,0.901386748844376,0.900914634146341,0.386153846153846,0.361963190184049,0.909923664122137,0.225961538461538,0.101246105919003,0.543076923076923,0.0971786833855799,0.36517719568567,0.897832817337461,0.643076923076923,0.900153609831029,0.898773006134969,0.986111111111111,0.896124031007752,0.633693972179289,0.897081413210445,0.916149068322981,0.902777777777778,0.899845916795069
"820",0.287519747235387,0.306990881458967,0.300613496932515,0.315457413249211,0.304821150855365,0.30077519379845,0.00797448165869218,0.309748427672956,0.303543913713405,0.583596214511041,0.30804248861912,0.653312788906009,0.4953125,0.313479623824451,1,1,0.631415241057543,0,0.316037735849057,0.300155520995334,1,1,0.315950920245399,0.519142419601838,0.297546012269939,1,1,0.330143540669856,0.305343511450382,0.518225039619651,1,0.581143740340031,0.356589147286822,0.996870109546166,0.673501577287066,0.305331179321486,0.144409937888199,0.319083969465649,1,0.29742033383915,0.0015527950310559,0,0,0.317111459968603,0.304212168486739,1,0.996870109546166,1,1,1,0.696875,0.323248407643312,1,0.31441717791411,0.303543913713405,0.812893081761006,0.128325508607199,0.307219662058372,0.307692307692308,0.311912225705329,0.990769230769231,1,1,0.00316957210776545,0.301435406698565,0.309230769230769,0.665620094191523,0.318681318681319,0.624434389140271,1,0.311349693251534,1,1,0.263578274760383,0.15919629057187,0.308035714285714,1,0.996941896024465,0.309707241910632,1,0.607717041800643,1,1,0.316109422492401,1,0.313161875945537,0.305511811023622,0.320433436532508,0.313084112149533,0,0.311145510835913,0.325373134328358,0.697247706422018,0.59236641221374,0.30298273155416,0.648567119155354,0.691107644305772,0.302431610942249,0.12258064516129,0,0.307931570762053,0.630744849445325,1,0.306709265175719,1,0.311145510835913,0,0.313846153846154,1,1,1,0.297839506172839,0.996875,0.324159021406728,0.20763358778626,0.292353823088456,1,0.388127853881279,1,1,0.207751937984496,0.31039755351682,1,1,0.328197226502311,1,0.312035661218425,0.303951367781155,0.380281690140845,0.767830045523521,0.311004784688995,1,0.310126582278481,0.651197604790419,0.3216,1,0.00153139356814701,1,0.359133126934985,0.888535031847134,0.591194968553459,0.602825745682888,0.300462249614792,0.314785373608903,1,0.31104199066874,1,0.28816199376947,0.498456790123457,0.313161875945537,1,0.299373040752351,0.30077519379845,0.310126582278481,0.315870570107858,1,0.299539170506912,1,0.437308868501529,0.315950920245399,1,0.307458143074581,1,0.603448275862069,0.314375987361769,1,0.313664596273292,0.306060606060606,0.323029366306028,0.990811638591118,0.31832298136646,1,0.32755905511811,1,0.318327974276527,1,0.609642301710731,0.289473684210526,0.0290791599353796,0.286392405063291,0.30298273155416,1,0.300155520995334,0.308411214953271,0.311627906976744,0.31832298136646,1,1,0.313880126182965,0.3171875,1,1,0.315629742033384,0.24537037037037,0.0206794682422452,0.695384615384615,1,0.00152671755725191,0.302290076335878,1,0.307692307692308,0.302255639097744,0.304012345679012,0.998449612403101,1,1,0.316187594553706,0.314102564102564,0.308282208588957,0.694227769110764,0.302936630602782,1,0.325508607198748,1,1,0.437116564417178,0.322884012539185,0.30757341576507,0.314152410575428,0.299694189602446,0.299843014128728,0.653666146645866,1,1,0.304147465437788,0.0045662100456621,0.325227963525836,0.30804248861912,0.313664596273292,0.300604229607251,0.2953125,0.312965722801788,0.707762557077626,0.360182370820669,0.292307692307692,1,0.308661417322835,1,0.296923076923077,0.304212168486739,0.300940438871473,0.31911532385466,0.299524564183835,1,0.314024390243902,0.798425196850394,1,1,0.998422712933754,1,1,0.899841017488076,1,1,1,0.308396946564885,1,0.3152,0,1,0.391891891891892,1,0.312698412698413,0.311526479750779,0.302180685358255,0.422118380062305,1,0.314024390243902,1,1,1,1,0,0.309375,1,1,0.31859756097561,1,0.310872894333844,1,1,0.298136645962733,0.30829420970266,0.293478260869565,0.152410575427683,0.315789473684211,0,0.600903614457831,1,0.309341500765697,0.309636650868878,0.590342679127726,1,1,0.317817014446228,0.31875,1,0.669242658423493,0.711145996860283,0.297770700636943,0.308917197452229,0.993930197268589,0.318885448916409,0.28978978978979,1,0.299539170506912,0.29922480620155,1,0.300940438871473,0.311811023622047,0.306376360808709,0.311349693251534,1,1,1,0.29922480620155,0.3171875,0.00770416024653313,0.993920972644377,0.317965023847377,1,1,0.304878048780488,0.316590563165906,0.294753086419753,0.315625,0.30381679389313,1,0.303265940902022,0.296124031007752,0.572107765451664,1,0.838050314465409,1,0,1,0.310344827586207,1,1,0.424657534246575,1,0.310344827586207,1,0.304012345679012,0.287713841368585,0.30381679389313,1,1,0.313271604938272,0.3888,0.623003194888179,0.289676425269646,1,1,1,0.306962025316456,1,0.210691823899371,1,1,1,1,0.313935681470138,1,0.312599681020734,0.327160493827161,0.686728395061728,0.292259083728278,1,0.31733746130031,0.30804248861912,0.30952380952381,1,0.296466973886329,1,0.31437125748503,0.481366459627329,0.318529862174579,0.318037974683544,0.300613496932515,1,0.312989045383412,0.295774647887324,1,1,0.313572542901716,0.304012345679012,1,0.480243161094225,0.30829420970266,0.315950920245399,0.322085889570552,0.690402476780186,1,0.294871794871795,1,0.41820987654321,0.297169811320755,0,0.88208269525268,0.309904153354633,0.312210200927357,0,0.0309597523219814,0.983050847457627,0.302180685358255,1,0.302795031055901,0.305958132045089,1,0.32312404287902,0.301435406698565,0.680491551459293,1,0.312893081761006,0.307086614173228,1,0.304281345565749,0.29951690821256,1,0.343032159264931,0.309148264984227,0.306153846153846,0.321316614420063,0.791730474732006,1,0.981042654028436,1,1,0.00156494522691706,1,0.993759750390016,1,0.434169278996865,0.998402555910543,0.30441400304414,0.99388379204893,0.321316614420063,0.996913580246914,0.614583333333333,0.640909090909091,0.310872894333844,0.304012345679012,0.648690292758089,0.314375987361769,0,0.640909090909091,0.694835680751174,0.313546423135464,0.0015527950310559,0.297339593114241,0.30030959752322,0.76813880126183,0.313935681470138,0.695046439628483,0.608,0.300155520995334,0.313725490196078,0.286594761171032,1,0.0263543191800878,0,0.306153846153846,0.313846153846154,0.328197226502311,1,0.344615384615385,0.304212168486739,1,0.301369863013699,0.945482866043614,0.586921850079745,1,1,0.995,0.312121212121212,0.614678899082569,0.311649016641452,0.306451612903226,0.306501547987616,0.422664624808576,1,0.30298273155416,1,0.314516129032258,0.306836248012719,1,0.311912225705329,1,0.310832025117739,1,1,0.311349693251534,0,1,0.316923076923077,1,0.561162079510703,1,0.507668711656442,1,0.559451219512195,1,0.309294871794872,1,1,1,0.304012345679012,0.3140625,0.308755760368664,0.334928229665072,0.345218800648298,0.29601226993865,1,0.316436251920123,1,1,0.313364055299539,0.308176100628931,0.311377245508982,0.380281690140845,0.317557251908397,1,1,0.319758672699849,0.312302839116719,0.64251968503937,0.609717868338558,0.303599374021909,0.312401883830455,1,0.297971918876755,0.311278195488722,0.995334370139969,0.293739967897271,0.300314465408805,0,0.144360902255639,0.309375,0.685157421289355,0.299065420560748,0.3125,0.608231707317073,0.998444790046656,0.310452418096724,1,0.309968847352025,0.341692789968652,0.305084745762712,0.463746223564955,0.306729264475743,1,0.310344827586207,0.312796208530806,0.319047619047619,0.691603053435115,1,0.319182389937107,0.305084745762712,0,0.316358024691358,1,0.955246913580247,1,0.307210031347962,0.309230769230769,0.305426356589147,0.596036585365854,1,0.599364069952305,0.321875,1,1,0.966412213740458,0.683720930232558,0.318681318681319,0.345794392523364,0.307692307692308,0.308396946564885,1,1,0.521875,0.644859813084112,1,1,1,0.701095461658842,1,0.316742081447964,0.686821705426357,1,0.316030534351145,0.307692307692308,0.304821150855365,0.998466257668712,1,0.66025641025641,0.311827956989247,1,1,0.311926605504587,0.307110438729198,1,0,0.30188679245283,0.299531981279251,0.00316455696202532,0.310502283105023,1,0.301261829652997,1,0.155251141552511,0,0.901812688821752,0.31733746130031,1,1,0,0.00150829562594268,0.313178294573643,1,0.302250803858521,0.998484848484849,0.29559748427673,1,0.998439937597504,0.964396284829721,0.774193548387097,1,1,0.00157232704402516,1,0.52724358974359,0.31441717791411,0.676380368098159,0.311349693251534,1,0.305772230889236,0.685271317829457,1,1,0.305379746835443,0.630075187969925,0.31839258114374,0.599056603773585,0.971875,0.323943661971831,0.613953488372093,0.0108864696734059,0.295384615384615,0.311178247734139,0.306748466257669,1,0.657575757575758,0.30030487804878,0.895475819032761,0.596546310832025,0.966565349544073,1,1,0.30757341576507,0.330143540669856,0.2976,0.30030959752322,0.303543913713405,0.630402384500745,0.294478527607362,0,0.684684684684685,0.998456790123457,0.315372424722662,0.294209702660407,0.305331179321486,0.312121212121212,0.616793893129771,1,0.316998468606432,0.318252730109204,0.315705128205128,0.30625,0.305426356589147,0.302034428794992,0.196078431372549,0.6912,0.307931570762053,0.611872146118721,1,0.247678018575851,0.300925925925926,0.9248,1,1,0.304212168486739,0.648606811145511,1,0.303951367781155,0.296875,0.950949367088608,1,1,0.996840442338073,0.308396946564885,1,1,0.902668759811617,1,0.348623853211009,1,0.602218700475436,1,0.682027649769585,0.302147239263804,0.610591900311526,1,1,0.993730407523511,0.311827956989247,0.319508448540707,0.309178743961353,0.306153846153846,0.317891373801917,0.311501597444089,0.985736925515055,0.300613496932515,1,1,0.71141975308642,0,0.306870229007634,0.305810397553517,0.682027649769585,1,0.579277864992151,0.318796992481203,0.660964230171073,0.304821150855365,0.306836248012719,1,0.306477093206951,0.308186195826645,0.682108626198083,0.911392405063291,0.312965722801788,0.609984399375975,0.586314152410575,0.320610687022901,0.315132605304212,0.289877300613497,0.608424336973479,0.689922480620155,1,0.894573643410853,1,0.676829268292683,0.998425196850394,0.601574803149606,0.305900621118012,0.309148264984227,1,1,0.434108527131783,0.9952,0.996960486322188,1,0.303215926493109,0.32018927444795,1,0.306666666666667,0.68558282208589,0.320574162679426,0.465331278890601,0.289514866979656,0,0.304747320061256,1,1,0.605919003115265,0.00152439024390244,0.313664596273292,0.313664596273292,0.0957613814756672,0.402225755166932,1,1,0.303405572755418,1,0.4140625,1,0.31390134529148,0.60763358778626,0.309230769230769,0.307936507936508,1,0,1,0.300314465408805,0.3125,1,1,1,0.436420722135008,1,0.307692307692308,0.636500754147813,0.312788906009245,0.321656050955414,0.00153609831029186,0.0393081761006289,1,0.635093167701863,1,0.317829457364341,0.325914149443561,1,1,0.156346749226006,0.299093655589124,1,0.899082568807339,1,0.315789473684211,0.213395638629283,0.675925925925926,1,1,1,1,1,0.279699248120301,0.293663060278207,1,0.122749590834697,0.00156494522691706,0.450076804915515,0,0.325038880248834,1,0.690737833594976,1,1,0.89060092449923,1,0.687687687687688,1,1,1,1
"821",0.984177215189873,0.981424148606811,0.987692307692308,0.981337480559876,0.989180834621329,0.981762917933131,0.698587127158556,0.984301412872841,0.98310291858679,0.125198098256735,0.984984984984985,0.0703363914373089,0.792511700468019,0.987673343605547,0.324960753532182,0.312883435582822,0.0886850152905199,0.679549114331723,0.985826771653543,0.984662576687117,0.289634146341463,0.317034700315457,0.983458646616541,0.186646433990895,0.983383685800604,0.325227963525836,0.326053042121685,0.98256735340729,0.986384266263237,0.764341085271318,0.317629179331307,0.708206686930091,0.943425076452599,0.318181818181818,0.0124804992199688,0.984051036682616,0.573373676248109,0.981679389312977,0.303437967115097,0.98644578313253,0.664615384615385,0.675384615384615,0.690332326283988,0.984350547730829,0.98297213622291,0.324921135646688,0.316998468606432,0.306870229007634,0.330838323353293,0.332335329341317,0.0153374233128834,0.9828125,0.319148936170213,0.987767584097859,0.983180428134557,0.492211838006231,0.563579277864992,0.986003110419907,0.984917043740573,0.984544049459042,0.326717557251908,0.317757009345794,0.320373250388802,0.671274961597542,0.984177215189873,0.986111111111111,0.0582822085889571,0.984375,0.0791044776119403,0.319148936170213,0.98340874811463,0.31441717791411,0.32120253164557,0.955625990491284,0.528417818740399,0.986547085201794,0.314925373134328,0.332826747720365,0.986342943854325,0.325396825396825,0.108452950558214,0.329721362229102,0.325508607198748,0.983333333333333,0.343605546995377,0.985029940119761,0.984520123839009,0.986111111111111,0.98613251155624,0.690658499234303,0.98297213622291,0.985163204747775,0.0185471406491499,0.124423963133641,0.984202211690363,0.0696296296296296,0.0153139356814701,0.984732824427481,0.588328075709779,0.680124223602484,0.984615384615385,0.0746500777604977,0.315950920245399,0.984326018808777,0.31055900621118,0.98297213622291,0.681887366818874,0.987786259541985,0.315548780487805,0.322033898305085,0.327718223583461,0.98159509202454,0.326656394453005,0.986217457886677,0.513595166163142,0.983941605839416,0.31839258114374,0.320182094081942,0.326283987915408,0.325471698113208,0.513097072419106,0.982945736434109,0.320668693009119,0.320695102685624,0.986384266263237,0.310185185185185,0.985250737463127,0.988077496274218,0.355957767722474,0.560240963855422,0.9875,0.320987654320988,0.989079563182527,0.0618556701030928,0.984177215189873,0.322775263951735,0.670229007633588,0.334862385321101,0.904615384615385,0.441786283891547,0.125776397515528,0.122670807453416,0.987748851454824,0.985736925515055,0.333850931677019,0.981538461538462,0.32396449704142,0.989312977099237,0.787556904400607,0.983532934131736,0.325914149443561,0.982892690513219,0.984447900466563,0.982892690513219,0.98297213622291,0.333333333333333,0.981538461538462,0.325545171339564,0.285280728376328,0.986111111111111,0.31859756097561,0.986486486486487,0.31104199066874,0.108490566037736,0.984301412872841,0.305863708399366,0.981510015408321,0.984779299847793,0.986259541984733,0.33984962406015,0.984423676012461,0.328682170542636,0.985959438377535,0.307926829268293,0.988976377952756,0.324615384615385,0.100917431192661,0.984544049459042,0.636070853462158,0.982758620689655,0.983050847457627,0.313572542901716,0.984662576687117,0.98613251155624,0.984848484848485,0.986322188449848,0.326086956521739,0.317629179331307,0.982649842271293,0.984709480122324,0.321699544764795,0.3078125,0.987951807228916,0.479326186830015,0.673163418290855,0.016793893129771,0.318952234206472,0.67175572519084,0.983333333333333,0.321804511278195,0.982919254658385,0.985074626865672,0.984544049459042,0.320121951219512,0.330316742081448,0.330696202531646,0.983483483483483,0.984227129337539,0.986322188449848,0.0109546165884194,0.981707317073171,0.313385826771654,0.954828660436137,0.328173374613003,0.305810397553517,0.753445635528331,0.984276729559748,0.984939759036145,0.986111111111111,0.98755832037325,0.984326018808777,0.0657492354740061,0.31104199066874,0.31969696969697,0.983282674772036,0.684129429892142,0.986280487804878,0.987951807228916,0.981481481481482,0.980243161094225,0.984544049459042,0.985029940119761,0.0151975683890578,0.352048558421851,0.984779299847793,0.311320754716981,0.984447900466563,0.309451219512195,0.986363636363636,0.984544049459042,0.987616099071207,0.985849056603774,0.98613251155624,0.324074074074074,0.984756097560976,0.475968992248062,0.326625386996904,0.332335329341317,0.316692667706708,0.321981424148607,0.328682170542636,0.431496062992126,0.334876543209877,0.313364055299539,0.315068493150685,0.986425339366516,0.317411402157165,0.980738362760835,0.680597014925373,0.314589665653495,0.338855421686747,0.333846153846154,0.985915492957746,0.98297213622291,0.983076923076923,0.279937791601866,0.317557251908397,0.984756097560976,0.322327044025157,0.334855403348554,0.316109422492401,0.331818181818182,0.675925925925926,0.985981308411215,0.329770992366412,0.322429906542056,0.984350547730829,0.302547770700637,0.983282674772036,0.320839580209895,0.318042813455657,0.98125,0.984202211690363,0.984544049459042,0.567026194144838,0.9859375,0.682299546142209,0.104477611940299,0.319938176197836,0.984894259818731,0.982785602503912,0.120060790273556,0.324655436447167,0.32348367029549,0.985623003194888,0.98297213622291,0.316109422492401,0.044478527607362,0.0187207488299532,0.984472049689441,0.985804416403785,0.335347432024169,0.986046511627907,0.985052316890882,0.317484662576687,0.989263803680982,0.984662576687117,0.319083969465649,0.986046511627907,0.981679389312977,0.987635239567233,0.987767584097859,0.330733229329173,0.322338830584708,0.329113924050633,0.982945736434109,0.9858934169279,0.681470137825421,0.314553990610329,0.984472049689441,0.319277108433735,0.300925925925926,0.987786259541985,0.984779299847793,0.981623277182236,0.986217457886677,0.984732824427481,0.334384858044164,0.98755832037325,0.981279251170047,0.126182965299685,0.333836858006042,0.503115264797508,0.309748427672956,0.670769230769231,0.315629742033384,0.986506746626687,0.309119010819165,0.334876543209877,0.280728376327769,0.321646341463415,0.984101748807631,0.334323922734027,0.984615384615385,0.986046511627907,0.986259541984733,0.315707620528771,0.318181818181818,0.984732824427481,0.902973395931142,0.0900473933649289,0.986046511627907,0.323619631901841,0.33015873015873,0.313572542901716,0.985915492957746,0.324812030075188,0.494623655913978,0.319508448540707,0.310077519379845,0.312302839116719,0.307332293291732,0.984802431610942,0.324615384615385,0.983948635634029,0.984544049459042,0.0170278637770898,0.984520123839009,0.322530864197531,0.986046511627907,0.987767584097859,0.982677165354331,0.335423197492163,0.984962406015038,0.316535433070866,0.985029940119761,0.824159021406728,0.987596899224806,0.9921875,0.984639016897081,0.311926605504587,0.981337480559876,0.982945736434109,0.316998468606432,0.314728682170543,0.982998454404946,0.981679389312977,0.315950920245399,0.214177978883861,0.984076433121019,0.984567901234568,0.981735159817352,0.0169230769230769,0.3203125,0.98256735340729,0.317484662576687,0.275541795665635,0.981308411214953,0.675265553869499,0.419790104947526,0.984447900466563,0.983154670750383,0.679882525697504,0.697204968944099,0.349693251533742,0.985871271585557,0.317829457364341,0.982839313572543,0.982539682539682,0.330232558139535,0.984615384615385,0.982892690513219,0.0263975155279503,0.328267477203647,0.986153846153846,0.984276729559748,0.328660436137072,0.984848484848485,0.987361769352291,0.307332293291732,0.358662613981763,0.987441130298273,0.98355754857997,0.985959438377535,0.50920245398773,0.313161875945537,0.352395672333849,0.32185628742515,0.337899543378995,0.692068429237947,0.328808446455505,0.320182094081942,0.3202416918429,0.271585557299843,0.316957210776545,0.983358547655068,0.325337331334333,0.986217457886677,0.31651376146789,0.11044776119403,0.0677710843373494,0.986404833836858,0.981762917933131,0.0631741140215717,0.982839313572543,0.682089552238806,0.0610687022900763,0.031201248049922,0.983257229832572,0.68160741885626,0.984779299847793,0.984662576687117,0.554699537750385,0.989345509893455,0.0153609831029186,0.0934579439252336,0.98145285935085,0.983154670750383,0.984591679506934,0.326594090202177,0.64963503649635,0.681528662420382,0.973926380368098,0.984447900466563,0.964396284829721,0.317484662576687,0.359253499222395,0.983128834355828,0.307692307692308,0.983257229832572,0.365203761755486,0.122670807453416,0.312688821752266,0.325373134328358,0.337704918032787,0.987915407854985,0.104790419161677,0.985007496251874,0.984126984126984,0.984615384615385,0.283333333333333,0.31924882629108,0.990654205607477,0.321428571428571,0.987361769352291,0.98256735340729,0.316109422492401,0.9859375,0.319277108433735,0.982839313572543,0.316846986089645,0.322530864197531,0.984779299847793,0.672413793103448,0.318862275449102,0.984520123839009,0.3125,0.744648318042814,0.317293233082707,0.179910044977511,0.323353293413174,0.752336448598131,0.313084112149533,0.987480438184664,0.325227963525836,0.342342342342342,0.298937784522003,0.987673343605547,0.984326018808777,0.986587183308495,0.951026856240126,0.36248012718601,0.983180428134557,0.32695374800638,0.984591679506934,0.317965023847377,0.314759036144578,0.987748851454824,0.98740157480315,0.981818181818182,0.900466562986003,0.984871406959153,0.311844077961019,0.325190839694657,0.984567901234568,0.984276729559748,0.0660377358490566,0.0995405819295559,0.986175115207373,0.982785602503912,0.311811023622047,0.984848484848485,0.986627043090639,0.316358024691358,0.982084690553746,0.984591679506934,0.672307692307692,0.554198473282443,0.984544049459042,0.0118168389955687,0.984802431610942,0.986342943854325,0.124624624624625,0.321428571428571,0.984591679506934,0.326625386996904,0.984544049459042,0.948757763975155,0.982758620689655,0.802731411229135,0.984496124031008,0.331210191082803,0.984709480122324,0.984662576687117,0.987381703470032,0.0121028744326778,0.307817589576547,0.984326018808777,0.987878787878788,0.670750382848392,0.986384266263237,0.316923076923077,0.359635811836115,0.317901234567901,0.987767584097859,0.984756097560976,0.989214175654854,0.112107623318386,0.327613104524181,0.115987460815047,0.984520123839009,0.312217194570136,0.30688622754491,0.35258358662614,0.0168711656441718,0.984350547730829,0.937019969278034,0.983076923076923,0.987987987987988,0.328125,0.301659125188537,0.184663536776213,0.0570987654320988,0.32312404287902,0.312024353120244,0.324773413897281,0.0156985871271586,0.314285714285714,0.981900452488688,0.0139103554868624,0.314842578710645,0.983257229832572,0.984301412872841,0.984639016897081,0.327245053272451,0.326347305389222,0.0518053375196232,0.981566820276498,0.315467075038285,0.312781954887218,0.989280245022971,0.984732824427481,0.32262996941896,0.685393258426966,0.982998454404946,0.989312977099237,0.694704049844237,0.987915407854985,0.312781954887218,0.986046511627907,0.315629742033384,0.546969696969697,0.670713201820941,0.417910447761194,0.987841945288754,0.304545454545455,0.321100917431193,0.682926829268293,0.662632375189107,0.983180428134557,0.321646341463415,0.985736925515055,0.330827067669173,0.982919254658385,0.322981366459627,0.31619937694704,0.347286821705426,0.533950617283951,0.31974921630094,0.309486780715397,0.657492354740061,0.321266968325792,0.172741679873217,0.98145285935085,0.0152905198776758,0.984802431610942,0.29874213836478,0.984496124031008,0.0184899845916795,0.328125,0.322274881516588,0.984496124031008,0.0816023738872404,0.986089644513138,0.114241001564945,0.347352024922118,0.984567901234568,0.0865533230293663,0.671274961597542,0.987951807228916,0.986217457886677,0.981735159817352,0.320126782884311,0.0606980273141123,0.983358547655068,0.432348367029549,0.120063191153239,0.358006042296073,0.319634703196347,0.327245053272451,0.983024691358025,0.987381703470032,0.986003110419907,0.98340874811463,0.983076923076923,0.0896860986547085,0.981873111782477,0.679389312977099,0.0221238938053097,0.327692307692308,0.989164086687306,0.984375,0.9856,0.986567164179105,0.110942249240122,0.317771084337349,0.984802431610942,0.982945736434109,0.987361769352291,0.985981308411215,0.984779299847793,0.987616099071207,0.514970059880239,0.0110062893081761,0.986089644513138,0.107575757575758,0.32370820668693,0.469953775038521,0.982945736434109,0.401244167962675,0.319354838709677,0.314814814814815,0.99079754601227,0.0647149460708783,0.32469512195122,0.983231707317073,0.982919254658385,0.368670886075949,0.30441400304414,0.315625,0.322222222222222,0.98297213622291,0.324409448818898,0.325227963525836,0.431888544891641,0.316436251920123,0.956325301204819,0.314925373134328,0.109204368174727,0.334883720930233,0.0136986301369863,0.986068111455108,0.103076923076923,0.309119010819165,0.329738058551618,0.31832298136646,0.984662576687117,0.984709480122324,0.985714285714286,0.986425339366516,0.984276729559748,0.987460815047022,0.332810047095761,0.98644578313253,0.316770186335404,0.317957166392092,0.621165644171779,0.67651632970451,0.98340874811463,0.983333333333333,0.0182370820668693,0.328290468986384,0.145510835913313,0.983458646616541,0.0546875,0.987730061349693,0.984251968503937,0.313178294573643,0.985959438377535,0.984126984126984,0.6421875,0.421725239616613,0.982169390787519,0.103448275862069,0.121538461538462,0.986259541984733,0.984639016897081,0.984732824427481,0.111111111111111,0.0154559505409583,0.32078313253012,0.420401854714065,0.315007429420505,0.0152439024390244,0.330733229329173,0.112852664576803,0.987635239567233,0.987301587301587,0.32370820668693,0.320610687022901,0.265745007680492,0.340030911901082,0.310606060606061,0.325688073394495,0.986153846153846,0.982919254658385,0.332302936630603,0.983630952380952,0.0152671755725191,0.987577639751553,0.257410296411856,0.9828125,0.673312883435583,0.98468606431853,0.319875776397516,0.302066772655008,0.0996932515337423,0.667678300455235,0.984567901234568,0.982919254658385,0.780337941628264,0.882636655948553,0.322274881516588,0.327666151468315,0.98468606431853,0.316279069767442,0.284603421461897,0.325984251968504,0.983679525222552,0.126331811263318,0.987711213517665,0.981042654028436,0.320433436532508,0.679245283018868,0.304953560371517,0.985736925515055,0.984732824427481,0.314925373134328,0.312111801242236,0.324734446130501,0.85243328100471,0.317034700315457,0.986024844720497,0.0776255707762557,0.983180428134557,0.985871271585557,0.697247706422018,0.651090342679128,0.327586206896552,0.0802469135802469,0.327073552425665,0.989329268292683,0.985691573926868,0.31839258114374,0.333333333333333,0.605783866057839,0.981651376146789,0.31981981981982,0.380880121396055,0.315789473684211,1,0.50384024577573,0.0184615384615385,0.309341500765697,0.329323308270677,0.327044025157233,0.320634920634921,0.323397913561848,0.959398496240601,0.98937784522003,0.319938176197836,0.569400630914827,0.678740157480315,0.262518968133536,0.677215189873418,0.989312977099237,0.322480620155039,0.0202808112324493,0.330232558139535,0.319508448540707,0.383076923076923,0.324116743471582,0.0166163141993958,0.331782945736434,0.327613104524181,0.326594090202177,0.317557251908397
"822",0.500802568218299,0.462264150943396,0.487261146496815,0.461049284578696,0.4688,0.487261146496815,0.785031847133758,0.472668810289389,0.478939157566303,0.64390243902439,0.485133020344288,0.564465408805031,0.278662420382166,0.470494417862839,0.199680511182109,0.207336523125997,0.58528951486698,0.81342062193126,0.4816,0.48125,0.20919175911252,0.201923076923077,0.471317829457364,0.686520376175549,0.490740740740741,0.197204968944099,0.203225806451613,0.458401305057096,0.4884437596302,0.27172195892575,0.203442879499218,0.233070866141732,0.443759630200308,0.198425196850394,0.539837398373984,0.479338842975207,0.940993788819876,0.46676970633694,0.203675344563553,0.486821705426357,0.822966507177033,0.802215189873418,0.794712286158631,0.463492063492064,0.468699839486356,0.198717948717949,0.206022187004754,0.199685534591195,0.203100775193798,0.195046439628483,0.524564183835182,0.466237942122186,0.208978328173375,0.473015873015873,0.480190174326466,0.0869565217391304,0.921630094043887,0.4704,0.494470774091627,0.464678178963893,0.195618153364632,0.194006309148265,0.212218649517685,0.817307692307692,0.48130081300813,0.480376766091052,0.555379746835443,0.4704,0.597222222222222,0.199066874027994,0.480680061823802,0.197767145135566,0.194805194805195,0.518518518518518,0.957413249211357,0.478978978978979,0.208137715179969,0.186625194401244,0.481366459627329,0.19672131147541,0.618892508143323,0.198067632850242,0.214968152866242,0.474418604651163,0.184952978056426,0.468606431852986,0.48,0.46129541864139,0.465709728867624,0.793427230046948,0.483091787439614,0.473200612557427,0.526984126984127,0.625978090766823,0.477491961414791,0.578220858895706,0.539432176656151,0.476415094339623,0.932896890343699,0.804761904761905,0.487577639751553,0.596774193548387,0.208137715179969,0.478896103896104,0.206022187004754,0.458990536277603,0.8109375,0.482059282371295,0.186413902053712,0.201277955271566,0.197160883280757,0.477917981072555,0.194312796208531,0.46583850931677,0.972136222910217,0.48103186646434,0.209375,0.827315541601256,0.205246913580247,0.203821656050955,0.976635514018692,0.480891719745223,0.199692780337942,0.194762684124386,0.472613458528951,0.209702660406886,0.478063540090772,0.477657935285054,0.855784469096672,0.429237947122862,0.474631751227496,0.198083067092652,0.492753623188406,0.570992366412214,0.465798045602606,0.192789968652038,0.807210031347962,0.203442879499218,0.403755868544601,0.32516339869281,0.640253565768621,0.618897637795276,0.478806907378336,0.463884430176565,0.20859872611465,0.49445324881141,0.196899224806202,0.476114649681529,0.288401253918495,0.47758887171561,0.20259319286872,0.487261146496815,0.487179487179487,0.48130081300813,0.46474358974359,0.180511182108626,0.475435816164818,0.191318327974277,0.770800627943485,0.477987421383648,0.210361067503925,0.486697965571205,0.215748031496063,0.621019108280255,0.4704,0.19935691318328,0.4848,0.476635514018692,0.4679186228482,0.200934579439252,0.48125,0.192125984251969,0.470494417862839,0.201248049921997,0.477124183006536,0.20450885668277,0.615748031496063,0.4858934169279,0.842880523731588,0.481658692185008,0.477987421383648,0.198387096774194,0.480127186009539,0.471337579617834,0.485981308411215,0.484076433121019,0.199685534591195,0.208398133748056,0.463651050080775,0.483359746434231,0.204968944099379,0.214634146341463,0.474763406940063,0.960380348652932,0.82370820668693,0.5216,0.198767334360555,0.808544303797468,0.471875,0.196540880503145,0.488853503184713,0.4765625,0.482539682539683,0.210526315789474,0.213292117465224,0.189014539579968,0.468412942989214,0.474631751227496,0.477379095163807,0.5328,0.4752,0.20259319286872,0.456,0.195238095238095,0.201277955271566,0.686028257456829,0.463836477987421,0.473186119873817,0.467817896389325,0.488853503184713,0.476345840130506,0.575079872204473,0.196485623003195,0.198757763975155,0.478260869565217,0.809968847352025,0.466360856269113,0.470769230769231,0.479299363057325,0.479299363057325,0.487301587301587,0.460829493087558,0.511111111111111,0.862654320987654,0.482003129890454,0.204545454545455,0.48,0.2,0.483464566929134,0.472843450479233,0.484126984126984,0.453074433656958,0.484025559105431,0.19496855345912,0.470496894409938,0.0651828298887122,0.194620253164557,0.204368174726989,0.197138314785374,0.20125786163522,0.196141479099678,0.315447154471545,0.198412698412698,0.1875,0.199376947040498,0.4884437596302,0.193290734824281,0.466227347611203,0.793261868300153,0.202830188679245,0.830482115085537,0.19620253164557,0.47588424437299,0.462757527733756,0.482003129890454,0.788216560509554,0.207874015748031,0.47581903276131,0.206677265500795,0.197530864197531,0.200956937799043,0.209375,0.798722044728435,0.469194312796209,0.19969040247678,0.203497615262321,0.467614533965245,0.202898550724638,0.470404984423676,0.203732503888025,0.215654952076677,0.479032258064516,0.468292682926829,0.496835443037975,0.952153110047847,0.478605388272583,0.795031055900621,0.625,0.196232339089482,0.483568075117371,0.472178060413355,0.636505460218409,0.190779014308426,0.193290734824281,0.465909090909091,0.474522292993631,0.202229299363057,0.551505546751189,0.522222222222222,0.488853503184713,0.46515397082658,0.18693009118541,0.480190174326466,0.493846153846154,0.207165109034268,0.477987421383648,0.497637795275591,0.2046875,0.4848,0.4890625,0.47900466562986,0.470219435736677,0.204437400950872,0.211332312404288,0.200325732899023,0.478605388272583,0.475435816164818,0.799687010954617,0.198083067092652,0.477491961414791,0.202852614896989,0.217527386541471,0.468847352024922,0.467289719626168,0.471608832807571,0.470125786163522,0.4828125,0.199683042789223,0.487961476725522,0.487301587301587,0.63961038961039,0.197492163009404,0.358044164037855,0.218500797448166,0.795238095238095,0.204334365325077,0.47166921898928,0.207006369426752,0.19047619047619,0.787267080745342,0.199372056514914,0.473101265822785,0.201863354037267,0.481717011128776,0.476190476190476,0.46749226006192,0.1872,0.211598746081505,0.47723704866562,0.391014975041597,0.606741573033708,0.4896,0.197802197802198,0.189935064935065,0.199044585987261,0.454545454545455,0.209375,0.973186119873817,0.203174603174603,0.20125786163522,0.193548387096774,0.203442879499218,0.467391304347826,0.210862619808307,0.469721767594108,0.46993670886076,0.528213166144201,0.483974358974359,0.19620253164557,0.4875,0.480798771121352,0.478758169934641,0.200631911532385,0.490045941807044,0.194577352472089,0.477726574500768,0.314152410575428,0.485179407176287,0.475435816164818,0.464788732394366,0.20625,0.478056426332288,0.476575121163166,0.211690363349131,0.204113924050633,0.4671875,0.481658692185008,0.205087440381558,0.726429675425039,0.476575121163166,0.464678178963893,0.469578783151326,0.530063291139241,0.205501618122977,0.467874794069193,0.214173228346457,0.779935275080906,0.476947535771065,0.803125,0.0830721003134796,0.469155844155844,0.468217054263566,0.799387442572741,0.773162939297125,0.187301587301587,0.479495268138801,0.190779014308426,0.470219435736677,0.471947194719472,0.197784810126582,0.482758620689655,0.482428115015974,0.537617554858934,0.193650793650794,0.484076433121019,0.457463884430177,0.198717948717949,0.483670295489891,0.473515248796148,0.205087440381558,0.864779874213837,0.473344103392569,0.468217054263566,0.462875197472354,0.0511182108626198,0.206022187004754,0.232,0.211246200607903,0.2015625,0.809904153354633,0.197492163009404,0.183962264150943,0.202492211838006,0.781299524564184,0.202229299363057,0.471317829457364,0.201848998459168,0.470494417862839,0.208722741433022,0.614791987673344,0.578369905956113,0.48125,0.484520123839009,0.569182389937107,0.487844408427877,0.803738317757009,0.580286168521463,0.538461538461538,0.475077881619938,0.812302839116719,0.481774960380349,0.474683544303797,0.422647527910686,0.476635514018692,0.52555910543131,0.621187800963082,0.47723704866562,0.4703125,0.489795918367347,0.19872813990461,0.823353293413174,0.792763157894737,0.4859375,0.462145110410095,0.448275862068966,0.214968152866242,0.873040752351097,0.472783825816485,0.198098256735341,0.48,0.14622641509434,0.634493670886076,0.210608424336973,0.198449612403101,0.192953020134228,0.48531684698609,0.603715170278638,0.478658536585366,0.464285714285714,0.471428571428571,0.784591194968553,0.199044585987261,0.492845786963434,0.200626959247649,0.486970684039088,0.474878444084279,0.203100775193798,0.473344103392569,0.209480122324159,0.464856230031949,0.202898550724638,0.205047318611987,0.472783825816485,0.799682034976153,0.203363914373089,0.4703125,0.192125984251969,0.286163522012579,0.215170278637771,0.693146417445483,0.201848998459168,0.26031746031746,0.208064516129032,0.474548440065681,0.203791469194313,0.197472353870458,0.221003134796238,0.484944532488114,0.473429951690821,0.481538461538462,0.435855263157895,0.888888888888889,0.474576271186441,0.177814029363785,0.458333333333333,0.210440456769984,0.197492163009404,0.472353870458136,0.46839546191248,0.470588235294118,0.406995230524642,0.476117103235747,0.204368174726989,0.209048361934477,0.460093896713615,0.473767885532591,0.579967689822294,0.62200956937799,0.482484076433121,0.4656,0.209003215434084,0.484375,0.483771251931994,0.207547169811321,0.493589743589744,0.478672985781991,0.790220820189274,0.954330708661417,0.475120385232745,0.516666666666667,0.477449455676516,0.464831804281346,0.627906976744186,0.203174603174603,0.475120385232745,0.183544303797468,0.473684210526316,0.454253611556982,0.487301587301587,0.30625,0.480952380952381,0.204213938411669,0.474178403755869,0.472,0.470209339774557,0.517080745341615,0.208469055374593,0.475806451612903,0.476043276661515,0.802527646129542,0.4765625,0.198425196850394,0.148089171974522,0.205087440381558,0.482919254658385,0.469673405909798,0.481540930979133,0.634259259259259,0.203470031545741,0.624798711755233,0.459807073954984,0.2078125,0.2099533437014,0.171606864274571,0.536741214057508,0.481658692185008,0.427001569858713,0.468454258675079,0.493023255813954,0.193910256410256,0.201848998459168,0.699523052464229,0.57741935483871,0.210443037974684,0.201892744479495,0.207165109034268,0.516025641025641,0.202194357366771,0.455950540958269,0.524642289348172,0.195924764890282,0.463836477987421,0.47427652733119,0.474763406940063,0.1953125,0.206106870229008,0.5810147299509,0.469673405909798,0.213141025641026,0.207488299531981,0.474339035769829,0.483516483516484,0.188888888888889,0.792421746293245,0.475435816164818,0.476114649681529,0.80577849117175,0.478461538461538,0.215716486902928,0.498381877022654,0.207165109034268,0.953632148377125,0.811912225705329,0.316846986089645,0.466876971608833,0.204081632653061,0.206572769953052,0.794071762870515,0.80952380952381,0.46656050955414,0.1984375,0.47258064516129,0.200920245398773,0.474959612277868,0.201267828843106,0.206785137318255,0.158982511923688,0.413249211356467,0.196141479099678,0.20125786163522,0.827697262479871,0.203442879499218,0.684552845528455,0.476114649681529,0.540157480314961,0.4671875,0.20926517571885,0.484944532488114,0.528951486697966,0.2046875,0.205741626794258,0.475961538461538,0.595744680851064,0.468553459119497,0.627172195892575,0.176656151419558,0.453100158982512,0.601246105919003,0.822327044025157,0.472266244057052,0.477449455676516,0.46676970633694,0.200652528548124,0.581648522550544,0.479134466769706,0.115015974440895,0.619354838709677,0.173106646058733,0.197819314641745,0.199386503067485,0.47723704866562,0.453957996768982,0.486443381180223,0.481946624803768,0.478672985781991,0.600917431192661,0.490825688073394,0.794071762870515,0.531818181818182,0.202511773940345,0.468553459119497,0.487961476725522,0.474025974025974,0.474258970358814,0.610142630744849,0.208074534161491,0.462616822429907,0.449760765550239,0.469055374592834,0.476038338658147,0.472868217054264,0.484944532488114,0.971653543307087,0.531502423263328,0.463722397476341,0.615264797507788,0.200626959247649,0.960505529225908,0.476874003189793,0.147909967845659,0.212418300653595,0.201892744479495,0.4770206022187,0.580996884735203,0.205007824726135,0.477165354330709,0.488817891373802,0.155309033280507,0.196825396825397,0.198425196850394,0.205882352941176,0.470031545741325,0.208,0.197492163009404,0.308917197452229,0.207278481012658,0.446009389671362,0.201228878648233,0.631493506493506,0.199367088607595,0.52760736196319,0.481889763779528,0.610305958132045,0.212121212121212,0.20820189274448,0.198098256735341,0.464566929133858,0.458135860979463,0.473257698541329,0.471337579617834,0.473941368078176,0.479559748427673,0.189710610932476,0.4864,0.200631911532385,0.2003367003367,0.473851030110935,0.79073482428115,0.47900466562986,0.478193146417445,0.532507739938081,0.196018376722818,0.64873417721519,0.465648854961832,0.55591054313099,0.478740157480315,0.473515248796148,0.192307692307692,0.477777777777778,0.464696223316913,0.518638573743922,0.292880258899676,0.477203647416413,0.605475040257649,0.63884430176565,0.4734375,0.463141025641026,0.473186119873817,0.615987460815047,0.520440251572327,0.203761755485893,0.117460317460317,0.209702660406886,0.530232558139535,0.1952,0.619902120717781,0.472266244057052,0.474603174603175,0.210852713178295,0.205287713841369,0.789473684210526,0.192982456140351,0.210852713178295,0.198425196850394,0.478806907378336,0.475077881619938,0.198098256735341,0.476479514415782,0.5296875,0.473101265822785,0.752808988764045,0.479806138933764,0.799072642967543,0.485804416403785,0.202247191011236,0.20952380952381,0.614649681528662,0.807751937984496,0.470494417862839,0.467845659163987,0.703821656050955,0.54071661237785,0.1936,0.205087440381558,0.4859375,0.183962264150943,0.793548387096774,0.209003215434084,0.474885844748858,0.627388535031847,0.485759493670886,0.4768,0.198717948717949,0.788524590163934,0.196747967479675,0.475649350649351,0.473344103392569,0.207488299531981,0.203761755485893,0.195084485407066,0.52373417721519,0.206119162640902,0.480190174326466,0.594383775351014,0.47906976744186,0.465266558966074,0.7981220657277,0.849358974358974,0.185365853658537,0.593354430379747,0.20414673046252,0.47626582278481,0.463768115942029,0.199685534591195,0.195512820512821,0.84080370942813,0.472527472527473,0.205607476635514,0.314465408805031,0.213395638629283,0.50384024577573,1,0.52373417721519,0.20625,0.193251533742331,0.189014539579968,0.210272873194221,0.2,0.506976744186047,0.499215070643642,0.201248049921997,0.937299035369775,0.808544303797468,0.763975155279503,0.792642140468227,0.475435816164818,0.192733017377567,0.528,0.187004754358162,0.200626959247649,0.32753164556962,0.191318327974277,0.531881804043546,0.203149606299213,0.209415584415584,0.193181818181818,0.200949367088608
"823",0.00476947535771065,0.00310077519379845,0.00307219662058372,0.00464396284829721,0.00314465408805031,0.00473186119873817,0.307324840764331,0.00315955766192733,0.00462962962962963,0.911003236245955,0.00462249614791988,0.961300309597523,0.185243328100471,0.00311526479750779,0.679245283018868,0.683641975308642,0.946727549467275,0.327361563517915,0.003125,0.00313971742543171,0.700636942675159,0.675675675675676,0.00462249614791988,0.846749226006192,0.00455927051671732,0.662557781201849,0.671474358974359,0.00483870967741936,0.00458715596330275,0.215503875968992,0.676425269645609,0.26502311248074,0.0367534456355283,0.670278637770898,0.99685534591195,0.00483870967741936,0.465543644716692,0.00458715596330275,0.686274509803922,0.00455927051671732,0.346875,0.329211746522411,0.316590563165906,0.00157728706624606,0.00469483568075117,0.676656151419558,0.670295489891135,0.682098765432099,0.665144596651446,0.661016949152542,0.998456790123457,0.0046875,0.680916030534351,0.0046583850931677,0.0046801872074883,0.498417721518987,0.441823899371069,0.00471698113207547,0.00306748466257669,0.00465116279069767,0.658646616541353,0.675465838509317,0.6703125,0.325,0.00323101777059774,0.00305343511450382,0.970266040688576,0.00310077519379845,0.949253731343284,0.670261941448382,0.00462962962962963,0.670278637770898,0.660194174757282,0.0391849529780564,0.493087557603687,0.00299850074962519,0.683563748079877,0.656626506024096,0.00304878048780488,0.664025356576862,0.926948051948052,0.665079365079365,0.66358024691358,0.0045662100456621,0.651975683890577,0.00306278713629403,0.00308641975308642,0.00306278713629403,0.00312989045383412,0.32,0.00309119010819165,0.00451127819548872,0.998461538461539,0.90726429675425,0.00158227848101266,0.958966565349544,0.996941896024465,0.00305810397553517,0.439418416801292,0.330733229329173,0.00312989045383412,0.955342902711324,0.682242990654206,0.00478468899521531,0.678740157480315,0.00157232704402516,0.329738058551618,0.0031201248049922,0.677165354330709,0.66820987654321,0.664605873261206,0.0046583850931677,0.661971830985915,0.00312989045383412,0.51468315301391,0.00302571860816944,0.676425269645609,0.711009174311927,0.668181818181818,0.667706708268331,0.517884914463453,0.0061633281972265,0.66973886328725,0.674157303370786,0.00303490136570561,0.688922610015175,0.00447093889716841,0.00449101796407186,0.676145339652449,0.44947209653092,0.00319488817891374,0.682098765432099,0.00158982511923688,0.961019490254873,0.00315457413249211,0.677321156773212,0.339563862928349,0.659937888198758,0.056782334384858,0.566129032258065,0.910518053375196,0.915756630265211,0.00464396284829721,0.00478468899521531,0.65891472868217,0.00308166409861325,0.670133729569094,0.0031201248049922,0.195419847328244,0.00307219662058372,0.664556962025316,0.00156739811912226,0.0031496062992126,0.0031496062992126,0.0031104199066874,0.659056316590563,0.00309597523219814,0.66877971473851,0.739329268292683,0.00307219662058372,0.673780487804878,0.00305810397553517,0.690076335877863,0.927914110429448,0.00476190476190476,0.674565560821485,0.0046583850931677,0.00460122699386503,0.00474683544303797,0.654853620955316,0.00467289719626168,0.661442006269592,0.0031201248049922,0.686427457098284,0.00483870967741936,0.671850699844479,0.937402190923318,0.0046583850931677,0.367834394904459,0.00470957613814757,0.00471698113207547,0.671949286846276,0.00313479623824451,0.00156739811912226,0.00308641975308642,0.00469483568075117,0.66510172143975,0.683153013910355,0.00319488817891374,0.00467289719626168,0.667687595712098,0.685393258426966,0.00308641975308642,0.552795031055901,0.336322869955157,0.996937212863706,0.673405909797823,0.34472049689441,0.00303951367781155,0.673252279635258,0.00157232704402516,0.00610687022900763,0.00469483568075117,0.671826625386997,0.674242424242424,0.665086887835703,0.00300751879699248,0.00480769230769231,0.00457317073170732,1,0.00313479623824451,0.680445151033386,0.0231124807395994,0.66407465007776,0.675465838509317,0.236476043276662,0.00474683544303797,0.00462249614791988,0.0046583850931677,0,0.00315457413249211,0.962558502340094,0.673469387755102,0.670769230769231,0.00458715596330275,0.328149300155521,0.00305810397553517,0.00303951367781155,0.0046656298600311,0.0061633281972265,0.00311526479750779,0.00153139356814701,0.998454404945904,0.691244239631336,0.0046656298600311,0.679626749611198,0.00469483568075117,0.685271317829457,0.00305343511450382,0.0046583850931677,0.0031496062992126,0.00161030595813205,0.00479233226837061,0.665620094191523,0.00462962962962963,0.485981308411215,0.670788253477589,0.668195718654434,0.673469387755102,0.669278996865204,0.657232704402516,0.585714285714286,0.662015503875969,0.675425038639876,0.682588597842835,0.00462249614791988,0.668740279937792,0.00480769230769231,0.325757575757576,0.680916030534351,0.693251533742331,0.649122807017544,0.00469483568075117,0.00313479623824451,0.00313479623824451,0.743788819875776,0.674922600619195,0.00152905198776758,0.677115987460815,0.667673716012085,0.684210526315789,0.668702290076336,0.325581395348837,0.00155763239875389,0.664605873261206,0.669278996865204,0.00312989045383412,0.688783570300158,0.00460829493087558,0.676829268292683,0.679245283018868,0.004739336492891,0.00158982511923688,0.00461538461538462,0.468652037617555,0.00317965023847377,0.320373250388802,0.928353658536585,0.66875,0.0015220700152207,0.00315955766192733,0.919876733436055,0.671232876712329,0.666144200626959,0.0016,0.00467289719626168,0.681538461538462,0.979813664596273,0.996840442338073,0.00474683544303797,0.0032520325203252,0.658573596358118,0.0062402496099844,0.00304878048780488,0.676425269645609,0.00467289719626168,0.00153374233128834,0.672333848531685,0.00475435816164818,0.00309597523219814,0.00462249614791988,0.0031055900621118,0.66306027820711,0.68133535660091,0.6736,0.0046801872074883,0.00473186119873817,0.342064714946071,0.666146645865835,0.00471698113207547,0.674311926605505,0.686520376175549,0.00303030303030303,0.00305810397553517,0.0062992125984252,0.00470219435736677,0.00305343511450382,0.666139240506329,0.00313971742543171,0.003125,0.901273885350318,0.656877897990726,0.512307692307692,0.677115987460815,0.343701399688958,0.673748103186646,0.00301659125188537,0.6734375,0.65149136577708,0.742635658914729,0.669724770642202,0.00314465408805031,0.661676646706587,0.00469483568075117,0.00469483568075117,0.00464396284829721,0.680685358255452,0.669218989280245,0.00453857791225416,0.0610932475884244,0.95141065830721,0.00477707006369427,0.673312883435583,0.674050632911392,0.680817610062893,0.00313971742543171,0.658950617283951,0.52639751552795,0.658986175115207,0.686520376175549,0.67981072555205,0.67244094488189,0.00303490136570561,0.669254658385093,0.0032,0.0031104199066874,0.996923076923077,0.00316957210776545,0.667180277349769,0.0031201248049922,0.00458015267175573,0,0.6625,0.00453172205438067,0.678456591639871,0.00453857791225416,0.153250773993808,0.00462962962962963,0.00470219435736677,0.00453857791225416,0.675,0.00474683544303797,0.00315955766192733,0.673374613003096,0.681538461538462,0.0031055900621118,0.00307692307692308,0.676380368098159,0.820710973724884,0.00158982511923688,0.00463678516228748,0.00461538461538462,0.996941896024465,0.675590551181102,0.00321543408360129,0.683333333333333,0.747634069400631,0.0015600624024961,0.3328173374613,0.559270516717325,0.00477707006369427,0.0015552099533437,0.336842105263158,0.308049535603715,0.644409937888199,0.0031055900621118,0.669266770670827,0.00470219435736677,0.0032,0.658805031446541,0.00307692307692308,0.0062402496099844,1,0.664086687306502,0.00464396284829721,0.0046875,0.672386895475819,0.00462249614791988,0.00317965023847377,0.684867394695788,0.666146645865835,0,0.00458715596330275,0.0047244094488189,0.471582181259601,0.684532924961715,0.649842271293375,0.674174174174174,0.656346749226006,0.320754716981132,0.662058371735791,0.652777777777778,0.675968992248062,0.758998435054773,0.672897196261682,0.00459418070444104,0.669195751138088,0.00625,0.667687595712098,0.925981873111782,0.958652373660031,0.00306748466257669,0.00460122699386503,0.969135802469136,0.00317460317460317,0.321592649310873,0.965732087227414,0.996850393700787,0.00457317073170732,0.333333333333333,0.00313479623824451,0.00463678516228748,0.453821656050955,0.00462249614791988,1,0.935023771790808,0.0031496062992126,0.00151975683890578,0.00467289719626168,0.660855784469097,0.36,0.312903225806452,0.00923076923076923,0.0031104199066874,0.0121765601217656,0.677067082683307,0.658307210031348,0.00308166409861325,0.689763779527559,0.00305810397553517,0.625,0.904238618524333,0.681818181818182,0.669184290030212,0.660655737704918,0.0030441400304414,0.929984779299848,0.0045045045045045,0.00323624595469256,0.00465116279069767,0.740399385560676,0.668740279937792,0.00313971742543171,0.666666666666667,0.00473186119873817,0.00318979266347687,0.682588597842835,0.00157232704402516,0.66865671641791,0.0031496062992126,0.675465838509317,0.669781931464174,0.00307692307692308,0.334379905808477,0.671171171171171,0.00458015267175573,0.681388012618297,0.235849056603774,0.6732223903177,0.848297213622291,0.665667166416792,0.221875,0.675590551181102,0.00483870967741936,0.671296296296296,0.653374233128834,0.690184049079755,0.0046875,0.00316455696202532,0.00302114803625378,0.027027027027027,0.658653846153846,0.00307692307692308,0.664050235478807,0.00465116279069767,0.67430441898527,0.674242424242424,0.0046875,0.00157728706624606,0,0.0725308641975309,0.00305810397553517,0.680428134556575,0.665658093797277,0.00307692307692308,0.0031496062992126,0.962204724409449,0.932069510268562,0.00462249614791988,0.00317460317460317,0.687010954616588,0.00462962962962963,0.00448430493273543,0.675,0.00474683544303797,0.00309119010819165,0.322188449848024,0.466973886328725,0.00313479623824451,0.995535714285714,0.00311526479750779,0.00459418070444104,0.91350531107739,0.664110429447853,0.00314465408805031,0.668188736681887,0.00611620795107034,0.0332278481012658,0.00467289719626168,0.171779141104294,0.00314465408805031,0.664,0.0031055900621118,0.0046875,0.00314465408805031,0.995384615384615,0.678343949044586,0.00475435816164818,0.00465116279069767,0.340659340659341,0.00455927051671732,0.671850699844479,0.624808575803982,0.669266770670827,0.00309597523219814,0.00458015267175573,0.004739336492891,0.922137404580153,0.668769716088328,0.918006430868167,0.00314465408805031,0.678300455235205,0.68062015503876,0.641768292682927,0.996875,0.00470219435736677,0.0339506172839506,0.00303030303030303,0.00455927051671732,0.668231611893584,0.687125748502994,0.847352024922118,0.965354330708661,0.671253822629969,0.675968992248062,0.661608497723824,0.998439937597504,0.6734375,0.00308641975308642,0.995297805642633,0.674735249621785,0.0031055900621118,0.00470219435736677,0.0031104199066874,0.669724770642202,0.675187969924812,0.968102073365231,0.00308166409861325,0.675465838509317,0.682098765432099,0.0015625,0.00154083204930663,0.669230769230769,0.318770226537217,0.00315955766192733,0.00477707006369427,0.3078125,0.00455235204855842,0.677966101694915,0.00315457413249211,0.67244094488189,0.473765432098765,0.339393939393939,0.59077380952381,0.00462962962962963,0.692780337941628,0.676425269645609,0.33179012345679,0.341945288753799,0.00309597523219814,0.665629860031104,0.00486223662884927,0.666156202143951,0.00317460317460317,0.675,0.677672955974843,0.629800307219662,0.471841704718417,0.675675675675676,0.67981072555205,0.337962962962963,0.674961119751166,0.86161449752883,0.00155038759689922,0.996913580246914,0.00458015267175573,0.699376947040498,0.00462249614791988,0.995398773006135,0.667706708268331,0.669303797468354,0.00314465408805031,0.951807228915663,0.00305810397553517,0.925,0.649532710280374,0.00153374233128834,0.946875,0.334365325077399,0.00467289719626168,0.0046583850931677,0.00304878048780488,0.686591276252019,0.968036529680365,0.00454545454545455,0.562021439509954,0.917197452229299,0.633633633633634,0.664615384615385,0.664624808575804,0.00307219662058372,0.0048,0.00479233226837061,0.00461538461538462,0.00307692307692308,0.947604790419162,0.00757575757575758,0.329153605015674,0.997019374068554,0.668202764976959,0.00460122699386503,0.00160513643659711,0.00161030595813205,0.00150375939849624,0.925349922239502,0.674772036474164,0.00304878048780488,0.00470219435736677,0.00476947535771065,0.0031201248049922,0.00310077519379845,0.004739336492891,0.518237082066869,0.998435054773083,0.00469483568075117,0.930197268588771,0.671232876712329,0.568535825545171,0.0031055900621118,0.609717868338558,0.677830940988836,0.67741935483871,0.00462962962962963,0.964777947932619,0.669724770642202,0.00305810397553517,0.0031496062992126,0.621283255086072,0.680851063829787,0.681538461538462,0.673534072900158,0.00459418070444104,0.66973886328725,0.67427701674277,0.585516178736518,0.671826625386997,0.0229709035222052,0.670164917541229,0.925278219395866,0.664615384615385,0.995440729483283,0.00313971742543171,0.92259083728278,0.68362480127186,0.671899529042386,0.677570093457944,0.00303951367781155,0.0046875,0.00158227848101266,0.00464396284829721,0.00315457413249211,0.00320512820512821,0.654028436018957,0.00462249614791988,0.675,0.66721044045677,0.388802488335925,0.32967032967033,0.00304878048780488,0.00455927051671732,0.996932515337423,0.675226586102719,0.895061728395062,0.00303490136570561,0.968701095461659,0.0046656298600311,0,0.675548589341693,0,0.00492610837438424,0.37245696400626,0.584935897435897,0.00593471810089021,0.931854199683043,0.915360501567398,0.00301204819277108,0.00318471337579618,0.00154798761609907,0.921630094043887,0.995384615384615,0.672782874617737,0.570987654320988,0.670245398773006,0.996974281391831,0.65615141955836,0.924170616113744,0.00467289719626168,0.00476190476190476,0.66464339908953,0.669242658423493,0.759630200308166,0.652448657187994,0.672811059907834,0.667185069984448,0.0046656298600311,0.00467289719626168,0.660347551342812,0.003003003003003,0.99537037037037,0,0.777777777777778,0.00158730158730159,0.332822085889571,0.00305343511450382,0.682242990654206,0.687598116169545,0.930769230769231,0.333848531684699,0.00306278713629403,0.00467289719626168,0.214285714285714,0.0996784565916399,0.667716535433071,0.669316375198728,0.00464396284829721,0.676425269645609,0.742635658914729,0.666134185303514,0.00454545454545455,0.914893617021277,0.0031055900621118,0.00312989045383412,0.67651632970451,0.337060702875399,0.677672955974843,0.00156985871271586,0.00155763239875389,0.674418604651163,0.685271317829457,0.672256097560976,0.137007874015748,0.678740157480315,0.0047244094488189,0.956454121306376,0.00464396284829721,0.00316455696202532,0.307339449541284,0.357142857142857,0.6704,0.95679012345679,0.669781931464174,0.00464396284829721,0.00159235668789809,0.681962025316456,0.658499234303216,0.376923076923077,0.00303951367781155,0.680851063829787,0.633484162895928,0.675925925925926,0.0184615384615385,0.52373417721519,1,0.684292379471229,0.662632375189107,0.657232704402516,0.68125,0.674662668665667,0.0346907993966818,0.00462962962962963,0.673405909797823,0.450079239302694,0.3203125,0.759630200308166,0.324281150159744,0.00314465408805031,0.668217054263566,0.995245641838352,0.665629860031104,0.679447852760736,0.64031007751938,0.666146645865835,0.996908809891808,0.655436447166922,0.674418604651163,0.669303797468354,0.668224299065421
"824",0.281399046104928,0.305900621118012,0.299065420560748,0.312989045383412,0.29922480620155,0.292758089368259,0.0145631067961165,0.303738317757009,0.296875,0.589371980676328,0.303215926493109,0.649230769230769,0.503174603174603,0.310015898251192,1,1,0.636363636363636,0,0.318110236220472,0.295489891135303,1,1,0.312024353120244,0.532924961715161,0.296520423600605,1,1,0.327447833065811,0.30441400304414,0.507042253521127,1,0.565749235474006,0.355283307810107,0.995348837209302,0.682316118935837,0.300813008130081,0.148669796557121,0.303543913713405,1,0.290519877675841,0.00154559505409583,0,0,0.315541601255887,0.305511811023622,1,0.995297805642633,1,1,1,0.701863354037267,0.324881141045959,1,0.31055900621118,0.296124031007752,0.819334389857369,0.126543209876543,0.305900621118012,0.295107033639144,0.31039755351682,0.993808049535604,1,1,0.00470957613814757,0.299840510366826,0.301369863013699,0.670846394984326,0.309006211180124,0.627092846270928,1,0.306278713629403,1,1,0.26550079491256,0.166158536585366,0.305389221556886,1,0.993817619783617,0.305810397553517,1,0.616129032258064,1,1,0.310291858678955,1,0.308734939759036,0.305295950155763,0.314241486068111,0.302507836990596,0,0.309375,0.308734939759036,0.699074074074074,0.598774885145482,0.292452830188679,0.648484848484848,0.690184049079755,0.302611367127496,0.126782884310618,0,0.29922480620155,0.635367762128325,1,0.302362204724409,1,0.305993690851735,0,0.305772230889236,1,1,1,0.286594761171032,0.996927803379416,0.307219662058372,0.206373292867982,0.292609351432881,1,0.37904468412943,1,1,0.213622291021672,0.297507788161994,1,1,0.317411402157165,1,0.297496318114875,0.30381679389313,0.369734789391576,0.759090909090909,0.306836248012719,1,0.312597200622084,0.646268656716418,0.31139646869984,1,0,1,0.361669242658423,0.88529886914378,0.595879556259905,0.6171875,0.299212598425197,0.320063694267516,1,0.293577981651376,1,0.290171606864275,0.48382126348228,0.316816816816817,1,0.290571870170015,0.307692307692308,0.306853582554517,0.308661417322835,1,0.292379471228616,1,0.443251533742331,0.311077389984825,1,0.303076923076923,1,0.615023474178404,0.306122448979592,1,0.298904538341158,0.297090352220521,0.318681318681319,0.987767584097859,0.307692307692308,1,0.309748427672956,1,0.2976,1,0.604006163328197,0.286153846153846,0.032,0.288372093023256,0.299212598425197,1,0.287267080745342,0.306153846153846,0.301684532924962,0.319875776397516,1,1,0.314375987361769,0.311424100156495,1,1,0.30781010719755,0.243451463790447,0.0194029850746269,0.705521472392638,1,0.0015552099533437,0.294478527607362,1,0.306603773584906,0.29803328290469,0.30077519379845,0.998442367601246,1,1,0.309815950920245,0.301109350237718,0.303951367781155,0.692307692307692,0.29375,1,0.320610687022901,1,1,0.435384615384615,0.311728395061728,0.301075268817204,0.310452418096724,0.287925696594427,0.299373040752351,0.65284178187404,1,1,0.300925925925926,0.00309597523219814,0.312594840667678,0.303490136570561,0.3109375,0.290715372907154,0.278996865203762,0.301659125188537,0.703363914373089,0.367534456355283,0.295839753466872,1,0.309375,1,0.291858678955453,0.284591194968553,0.304747320061256,0.3109375,0.294871794871795,1,0.305597579425113,0.7859375,1,1,0.998444790046656,1,1,0.89873417721519,1,1,1,0.30441400304414,1,0.303514376996805,0,1,0.393175074183976,1,0.309375,0.304615384615385,0.308755760368664,0.424100156494523,1,0.306990881458967,1,1,1,1,0,0.299843014128728,1,1,0.311728395061728,1,0.312024353120244,1,1,0.293478260869565,0.311605723370429,0.282407407407407,0.155038759689922,0.31911532385466,0,0.607518796992481,1,0.306525037936267,0.309859154929577,0.599693251533742,1,1,0.310236220472441,0.316118935837246,1,0.672868217054264,0.717868338557994,0.289763779527559,0.309294871794872,0.995433789954338,0.315132605304212,0.288922155688623,1,0.296754250386399,0.292867981790592,1,0.299373040752351,0.306376360808709,0.299079754601227,0.303680981595092,1,1,1,0.291021671826625,0.312302839116719,0.00921658986175115,0.992223950233281,0.312101910828025,1,1,0.298937784522003,0.311077389984825,0.289433384379786,0.307210031347962,0.302936630602782,1,0.297213622291022,0.296583850931677,0.589622641509434,1,0.835680751173709,1,0,1,0.312024353120244,1,1,0.424382716049383,0.998452012383901,0.307332293291732,1,0.290880503144654,0.290372670807453,0.294478527607362,1,1,0.295133437990581,0.384984025559105,0.615987460815047,0.287301587301587,1,1,1,0.306089743589744,1,0.216174183514774,1,1,1,1,0.308755760368664,1,0.302100161550889,0.324031007751938,0.688172043010753,0.285261489698891,1,0.308411214953271,0.304545454545455,0.301916932907348,1,0.290715372907154,1,0.308980213089802,0.473846153846154,0.312883435582822,0.307324840764331,0.301684532924962,1,0.310725552050473,0.2953125,1,1,0.30757341576507,0.295031055900621,1,0.48714069591528,0.304278922345483,0.309923664122137,0.310975609756098,0.694915254237288,1,0.28548644338118,1,0.431061806656101,0.291217257318952,0,0.878787878787879,0.30379746835443,0.308777429467085,0,0.0295489891135303,0.979750778816199,0.299065420560748,1,0.300763358778626,0.298555377207063,1,0.313546423135464,0.307936507936508,0.6828125,1,0.307570977917981,0.305164319248826,1,0.288786482334869,0.298107255520505,1,0.349693251533742,0.300157977883096,0.297744360902256,0.313271604938272,0.786259541984733,1,0.979623824451411,1,1,0,1,0.992331288343558,1,0.427244582043344,0.996815286624204,0.293939393939394,0.992447129909366,0.322981366459627,0.995440729483283,0.619909502262443,0.641538461538462,0.305007587253414,0.29618320610687,0.652241112828439,0.298412698412698,0,0.639876352395672,0.703296703296703,0.31039755351682,0,0.297546012269939,0.297674418604651,0.766091051805338,0.309006211180124,0.699074074074074,0.608490566037736,0.305295950155763,0.306278713629403,0.284178187403994,1,0.0294117647058824,0,0.306525037936267,0.309815950920245,0.323795180722892,1,0.350689127105666,0.296754250386399,1,0.296352583586626,0.942635658914729,0.591482649842271,1,1,0.991610738255034,0.307458143074581,0.621004566210046,0.308623298033283,0.304487179487179,0.304953560371517,0.427258805513017,1,0.296998420221169,1,0.305111821086262,0.301587301587302,1,0.307332293291732,1,0.304347826086957,1,1,0.308868501529052,0,1,0.301242236024845,1,0.549618320610687,1,0.516030534351145,1,0.546583850931677,1,0.309791332263242,1,1,1,0.297380585516179,0.307332293291732,0.298780487804878,0.338187702265372,0.34248788368336,0.296296296296296,1,0.306122448979592,1,1,0.313178294573643,0.302362204724409,0.311278195488722,0.370542635658915,0.311077389984825,1,1,0.311450381679389,0.311912225705329,0.640502354788069,0.61198738170347,0.300469483568075,0.297169811320755,1,0.292048929663609,0.297872340425532,0.996908809891808,0.29635499207607,0.295031055900621,0,0.144144144144144,0.301857585139319,0.692537313432836,0.300787401574803,0.305555555555556,0.618541033434651,0.996894409937888,0.296875,1,0.298273155416013,0.334375,0.304075235109718,0.464723926380368,0.301857585139319,1,0.308892355694228,0.30188679245283,0.310832025117739,0.696646341463415,1,0.311605723370429,0.306870229007634,0,0.30441400304414,0.998454404945904,0.952380952380952,1,0.30829420970266,0.302936630602782,0.297169811320755,0.598187311178248,1,0.606973058637084,0.317965023847377,1,1,0.967889908256881,0.688575899843505,0.313084112149533,0.349693251533742,0.304147465437788,0.307332293291732,1,1,0.524922118380062,0.64018691588785,1,1,0.998491704374057,0.707086614173228,1,0.306278713629403,0.694704049844237,1,0.308868501529052,0.299065420560748,0.303875968992248,0.996951219512195,1,0.654340836012862,0.31104199066874,1,1,0.314900153609831,0.301684532924962,0.998454404945904,0,0.297805642633229,0.297805642633229,0.00623052959501558,0.299236641221374,1,0.29393468118196,1,0.149390243902439,0,0.904545454545455,0.310077519379845,1,1,0,0,0.308049535603715,1,0.298555377207063,0.998480243161094,0.29153605015674,1,0.998425196850394,0.964285714285714,0.773353751914242,1,1,0.00623052959501558,1,0.529790660225443,0.30564263322884,0.680365296803653,0.312210200927357,1,0.286158631415241,0.693623639191291,1,1,0.303030303030303,0.62874251497006,0.306376360808709,0.601246105919003,0.974723538704581,0.317901234567901,0.618238021638331,0.0108359133126935,0.290824261275272,0.301391035548686,0.30441400304414,1,0.649769585253456,0.29249617151608,0.894819466248038,0.607874015748031,0.969465648854962,1,1,0.300155520995334,0.324921135646688,0.29570747217806,0.299382716049383,0.293394777265745,0.627245508982036,0.294561933534743,0,0.691740412979351,0.998475609756098,0.313664596273292,0.294952681388013,0.302066772655008,0.305007587253414,0.62596599690881,1,0.321646341463415,0.3203125,0.317817014446228,0.30298273155416,0.301857585139319,0.300462249614792,0.206686930091185,0.698083067092652,0.305993690851735,0.613149847094801,1,0.242009132420091,0.305295950155763,0.9328125,1,1,0.292117465224111,0.648606811145511,1,0.304012345679012,0.2953125,0.952681388012618,1,1,0.998425196850394,0.309707241910632,1,1,0.899529042386185,1,0.337878787878788,1,0.6064,1,0.683812405446294,0.3,0.617784711388456,1,1,0.992050874403816,0.312307692307692,0.307339449541284,0.305825242718447,0.303405572755418,0.310126582278481,0.312302839116719,0.984326018808777,0.301684532924962,1,1,0.710122699386503,0,0.297256097560976,0.300925925925926,0.693721286370597,1,0.583203732503888,0.309559939301973,0.664133738601824,0.300940438871473,0.304975922953451,1,0.296583850931677,0.3,0.684126984126984,0.911717495987159,0.308955223880597,0.626582278481013,0.5890625,0.307219662058372,0.31055900621118,0.295774647887324,0.602184087363494,0.699376947040498,1,0.897356143079316,1,0.684615384615385,0.996894409937888,0.609375,0.306376360808709,0.304,1,1,0.44391785150079,0.993700787401575,0.996927803379416,1,0.294753086419753,0.311526479750779,1,0.304084720121029,0.701219512195122,0.314641744548287,0.463949843260188,0.287284144427002,0,0.294656488549618,1,1,0.612307692307692,0,0.314814814814815,0.3171875,0.0917573872472784,0.406940063091483,1,1,0.301242236024845,1,0.423913043478261,1,0.305263157894737,0.601837672281776,0.306625577812018,0.301412872841444,1,0,1,0.296825396825397,0.313880126182965,1,1,1,0.427672955974843,1,0.306122448979592,0.64,0.313084112149533,0.308681672025723,0,0.0408163265306122,1,0.637795275590551,1,0.310452418096724,0.313694267515924,1,1,0.161042944785276,0.298621745788668,1,0.900466562986003,1,0.309341500765697,0.20625,0.684292379471229,1,1,1,1,1,0.277693474962064,0.296754250386399,1,0.12621359223301,0,0.450617283950617,0,0.3125,1,0.696124031007752,1,1,0.895612708018154,1,0.692901234567901,1,1,1,1
"825",0.309148264984227,0.320061255742726,0.319938176197836,0.326625386996904,0.321100917431193,0.314728682170543,0.0109375,0.31832298136646,0.316109422492401,0.565625,0.326283987915408,0.628398791540785,0.513931888544892,0.324655436447167,1,1,0.621621621621622,0,0.333333333333333,0.313636363636364,1,1,0.326315789473684,0.517503805175038,0.312874251497006,1,1,0.334905660377358,0.312781954887218,0.533127889060092,1,0.592760180995475,0.371428571428571,0.998482549317147,0.663594470046083,0.322115384615385,0.130500758725341,0.3267776096823,1,0.312217194570136,0.00154083204930663,0,0,0.334355828220859,0.321928460342146,1,0.995419847328244,1,1,1,0.687593423019432,0.331269349845201,1,0.325825825825826,0.322239031770045,0.824261275272162,0.112135176651306,0.320987654320988,0.316187594553706,0.32,0.992458521870287,1,1,0.00465116279069767,0.312401883830455,0.318250377073906,0.646417445482866,0.326747720364742,0.610044313146233,1,0.324324324324324,1,1,0.276295133437991,0.153153153153153,0.32258064516129,1,0.995468277945619,0.322822822822823,1,0.593949044585987,1,1,0.325264750378215,1,0.328402366863905,0.317411402157165,0.328220858895706,0.321646341463415,0,0.318529862174579,0.327485380116959,0.679878048780488,0.569924812030075,0.3140625,0.632352941176471,0.676737160120846,0.316341829085457,0.112877583465819,0,0.314112291350531,0.613394216133942,1,0.322169059011164,1,0.31859756097561,0,0.329754601226994,1,1,1,0.30441400304414,0.996965098634294,0.326315789473684,0.200899550224888,0.308383233532934,1,0.371775417298938,1,1,0.193645990922844,0.321752265861027,1,1,0.330815709969789,1,0.319767441860465,0.316642120765832,0.364188163884674,0.760119940029985,0.326465927099842,1,0.33026113671275,0.631964809384164,0.339009287925697,1,0.00151745068285281,1,0.383076923076923,0.883280757097792,0.577812018489985,0.590909090909091,0.329268292682927,0.329133858267717,1,0.312024353120244,1,0.304878048780488,0.503748125937031,0.32185628742515,1,0.312977099236641,0.320373250388802,0.325984251968504,0.329249617151608,1,0.310240963855422,1,0.430930930930931,0.327868852459016,1,0.326440177252585,1,0.584876543209877,0.322932917316693,1,0.321592649310873,0.318250377073906,0.333333333333333,0.988059701492537,0.330781010719755,1,0.324574961360124,1,0.324409448818898,1,0.587155963302752,0.3,0.0300632911392405,0.302469135802469,0.32262996941896,1,0.308868501529052,0.329754601226994,0.321646341463415,0.332824427480916,1,1,0.330188679245283,0.329230769230769,1,1,0.329738058551618,0.235649546827795,0.0190615835777126,0.681047765793529,1,0.00150602409638554,0.315233785822021,1,0.330721003134796,0.312406576980568,0.31969696969697,0.996941896024465,1,1,0.334828101644245,0.323343848580442,0.315629742033384,0.677519379844961,0.313364055299539,1,0.342064714946071,1,1,0.436170212765957,0.330769230769231,0.3267776096823,0.332321699544765,0.301684532924962,0.31832298136646,0.633846153846154,1,1,0.32383808095952,0.0045045045045045,0.328358208955224,0.324404761904762,0.326186830015314,0.309923664122137,0.310664605873261,0.320474777448071,0.692889561270802,0.358974358974359,0.313813813813814,1,0.328703703703704,1,0.316109422492401,0.312977099236641,0.317073170731707,0.331775700934579,0.31839258114374,1,0.323262839879154,0.799072642967543,1,1,0.998452012383901,1,1,0.893081761006289,1,1,1,0.3202416918429,1,0.3328,0,1,0.382397572078907,1,0.329173166926677,0.326053042121685,0.314589665653495,0.418181818181818,1,0.331838565022422,1,1,1,1,0,0.313846153846154,1,1,0.329249617151608,1,0.328828828828829,1,1,0.312883435582822,0.327073552425665,0.30521472392638,0.146341463414634,0.333333333333333,0,0.587887740029542,1,0.326378539493294,0.324074074074074,0.575113808801214,1,1,0.3328125,0.331278890600925,1,0.648690292758089,0.695178849144635,0.308527131782946,0.323943661971831,0.995508982035928,0.328197226502311,0.308259587020649,1,0.317073170731707,0.305135951661631,1,0.312788906009245,0.321646341463415,0.316109422492401,0.326283987915408,1,1,1,0.308868501529052,0.332824427480916,0.00455235204855842,0.993846153846154,0.330721003134796,1,1,0.321907600596125,0.337260677466863,0.308157099697885,0.327692307692308,0.318796992481203,1,0.311349693251534,0.318461538461538,0.56782334384858,1,0.841860465116279,1,0,1,0.327868852459016,1,1,0.412121212121212,1,0.3296875,1,0.318885448916409,0.312883435582822,0.315068493150685,1,1,0.328808446455505,0.398133748055988,0.606531881804043,0.310664605873261,1,1,1,0.326625386996904,1,0.196018376722818,1,1,1,1,0.332829046898638,1,0.324367088607595,0.337899543378995,0.669195751138088,0.316358024691358,1,0.327769347496206,0.32185628742515,0.315372424722662,1,0.309417040358744,1,0.319340329835082,0.479514415781487,0.329754601226994,0.332302936630603,0.314285714285714,1,0.321044546850998,0.309597523219814,1,1,0.324655436447167,0.318181818181818,1,0.477341389728097,0.316037735849057,0.329305135951662,0.328335832083958,0.676335877862595,1,0.300476947535771,1,0.413312693498452,0.3078125,0,0.885245901639344,0.321981424148607,0.330781010719755,0,0.0275650842266462,0.98310291858679,0.320552147239264,1,0.32312404287902,0.317535545023697,1,0.325264750378215,0.318529862174579,0.664652567975831,1,0.32469512195122,0.319938176197836,1,0.315315315315315,0.308641975308642,1,0.33587786259542,0.322480620155039,0.3202416918429,0.329754601226994,0.806990881458967,1,0.978723404255319,1,1,0.00153374233128834,1,0.997005988023952,1,0.424242424242424,0.998459167950693,0.316187594553706,0.997001499250375,0.333333333333333,0.996974281391831,0.602941176470588,0.62407132243685,0.322388059701493,0.3202416918429,0.632621951219512,0.324574961360124,0,0.622388059701493,0.678571428571429,0.327769347496206,0.00150602409638554,0.318461538461538,0.314589665653495,0.77557251908397,0.327354260089686,0.6875,0.593798449612403,0.317073170731707,0.326347305389222,0.30640243902439,1,0.0233236151603499,0,0.321699544764795,0.333333333333333,0.337899543378995,1,0.337442218798151,0.316964285714286,1,0.310344827586207,0.938176197836167,0.5703125,1,1,0.995073891625616,0.323880597014925,0.602391629297459,0.326894502228826,0.320754716981132,0.323076923076923,0.414264036418816,1,0.313455657492355,1,0.329173166926677,0.324492979719189,1,0.324960753532182,1,0.323076923076923,1,1,0.325227963525836,0,1,0.334848484848485,1,0.569230769230769,1,0.499248120300752,1,0.561538461538462,1,0.320872274143302,1,1,1,0.31866464339909,0.326625386996904,0.318047337278107,0.349206349206349,0.325396825396825,0.319148936170213,1,0.326717557251908,1,1,0.331775700934579,0.31839258114374,0.319940476190476,0.395136778115502,0.328888888888889,1,1,0.329850746268657,0.329192546583851,0.61741835147745,0.585669781931464,0.322480620155039,0.325077399380805,1,0.314199395770393,0.319054652880355,0.993984962406015,0.311708860759494,0.31651376146789,0,0.130239520958084,0.327131782945736,0.673469387755102,0.32,0.327327327327327,0.588938714499253,0.996969696969697,0.315301391035549,1,0.322530864197531,0.355283307810107,0.322678843226788,0.47583081570997,0.318181818181818,1,0.327718223583461,0.328638497652582,0.330246913580247,0.68215892053973,1,0.328616352201258,0.321212121212121,0,0.335832083958021,1,0.96030534351145,1,0.325652841781874,0.331831831831832,0.314241486068111,0.57957957957958,1,0.589540412044374,0.339449541284404,1,1,0.968325791855204,0.676470588235294,0.330246913580247,0.364741641337386,0.321266968325792,0.323353293413174,1,1,0.507692307692308,0.621913580246914,1,1,1,0.6859375,1,0.325859491778774,0.680428134556575,1,0.324812030075188,0.321538461538462,0.327743902439024,0.998493975903614,1,0.63265306122449,0.323262839879154,1,1,0.330804248861912,0.310606060606061,1,0,0.318112633181126,0.308755760368664,0.00618238021638331,0.324850299401198,1,0.316614420062696,1,0.137724550898204,0,0.903225806451613,0.331306990881459,1,1,0,0.00149476831091181,0.329305135951662,1,0.313755795981453,0.998516320474777,0.315384615384615,1,0.998461538461539,0.964939024390244,0.777947932618683,1,1,0.00460829493087558,1,0.50625,0.328290468986384,0.668174962292609,0.3267776096823,1,0.310606060606061,0.667173252279635,1,1,0.319685039370079,0.60932944606414,0.333333333333333,0.579598145285935,0.976958525345622,0.333333333333333,0.593323216995448,0.0123076923076923,0.31039755351682,0.327245053272451,0.326283987915408,1,0.624624624624625,0.309667673716012,0.897709923664122,0.588597842835131,0.969742813918306,1,1,0.318112633181126,0.338582677165354,0.314329738058552,0.313935681470138,0.315151515151515,0.608630952380952,0.310606060606061,0,0.670103092783505,0.998509687034277,0.331811263318113,0.315870570107858,0.320695102685624,0.321958456973294,0.598774885145482,1,0.338855421686747,0.338391502276176,0.338607594936709,0.326717557251908,0.313161875945537,0.314503816793893,0.190119760479042,0.678125,0.319571865443425,0.591928251121076,1,0.232628398791541,0.319018404907975,0.921052631578947,1,1,0.316590563165906,0.629518072289157,1,0.31981981981982,0.298484848484848,0.957943925233645,1,1,0.996913580246914,0.327794561933535,1,1,0.903669724770642,1,0.355083459787557,1,0.591549295774648,1,0.663677130044843,0.321044546850998,0.59480122324159,1,1,0.993788819875776,0.329803328290469,0.332824427480916,0.324960753532182,0.327794561933535,0.328149300155521,0.332293291731669,0.984472049689441,0.317771084337349,1,1,0.716463414634146,0,0.320300751879699,0.323262839879154,0.67814371257485,1,0.56221198156682,0.334814814814815,0.639318885448916,0.317484662576687,0.317757009345794,1,0.320987654320988,0.327014218009479,0.688087774294671,0.903937007874016,0.32656023222061,0.59190031152648,0.574500768049155,0.334841628959276,0.3328125,0.311550151975684,0.587786259541985,0.679582712369598,1,0.902290076335878,1,0.658246656760773,0.998452012383901,0.594383775351014,0.32,0.32258064516129,1,1,0.429447852760736,0.993798449612403,0.996978851963746,1,0.317220543806647,0.322678843226788,1,0.317180616740088,0.672727272727273,0.335384615384615,0.460122699386503,0.306027820710974,0,0.318181818181818,1,1,0.593323216995448,0.00149925037481259,0.328267477203647,0.322678843226788,0.0975232198142415,0.414556962025316,1,1,0.319083969465649,1,0.408320493066256,1,0.329359165424739,0.583841463414634,0.327272727272727,0.317484662576687,1,0,1,0.309375,0.323029366306028,1,1,1,0.45398773006135,1,0.327102803738318,0.612557427258805,0.330769230769231,0.335413416536661,0.00154798761609907,0.0349013657056146,1,0.615963855421687,1,0.32824427480916,0.340694006309148,1,1,0.157337367624811,0.319277108433735,1,0.897014925373134,1,0.329323308270677,0.193251533742331,0.662632375189107,1,1,1,1,1,0.286356821589205,0.307926829268293,1,0.108108108108108,0.0015527950310559,0.437978560490046,0,0.333846153846154,1,0.675344563552833,1,1,0.886056971514243,1,0.673813169984686,1,1,1,1
"826",0.318255250403877,0.315372424722662,0.321259842519685,0.339228295819936,0.317610062893082,0.308306709265176,0.0128,0.329545454545455,0.324960753532182,0.566225165562914,0.322884012539185,0.635646687697161,0.52827140549273,0.331723027375201,1,1,0.603448275862069,0,0.340222575516693,0.31911532385466,1,1,0.331775700934579,0.511006289308176,0.319182389937107,1,1,0.347107438016529,0.316957210776545,0.532362459546926,1,0.603803486529319,0.368839427662957,0.995245641838352,0.656451612903226,0.3261231281198,0.126365054602184,0.332293291731669,1,0.3171875,0.00317965023847377,0,0,0.340836012861736,0.325320512820513,1,0.993569131832797,1,1,1,0.684375,0.340288924558588,1,0.331723027375201,0.324881141045959,0.823343848580442,0.117073170731707,0.330081300813008,0.322834645669291,0.331723027375201,0.993630573248408,1,1,0.00638977635782748,0.325041459369818,0.316535433070866,0.646964856230032,0.337078651685393,0.606153846153846,1,0.321372854914197,1,1,0.287828947368421,0.151658767772512,0.326120556414219,1,0.993817619783617,0.331746031746032,1,0.592775041050903,1,1,0.338072669826224,1,0.335925349922239,0.323717948717949,0.337042925278219,0.328100470957614,0,0.3322528363047,0.335394126738794,0.684380032206119,0.582677165354331,0.326797385620915,0.636923076923077,0.674679487179487,0.328025477707006,0.112582781456954,0,0.317230273752013,0.608626198083067,1,0.322368421052632,1,0.326892109500805,0,0.332278481012658,1,1,1,0.316957210776545,0.995268138801262,0.339712918660287,0.195046439628483,0.313846153846154,1,0.374603174603175,1,1,0.189792663476874,0.323101777059774,1,1,0.335433070866142,1,0.327794561933535,0.322932917316693,0.366197183098592,0.772585669781931,0.326194398682043,1,0.334405144694534,0.623839009287926,0.33993399339934,1,0.00158982511923688,1,0.383627608346709,0.899022801302932,0.576489533011272,0.592063492063492,0.330683624801272,0.332247557003257,1,0.319047619047619,1,0.3125,0.512618296529968,0.32807570977918,1,0.319554848966614,0.318840579710145,0.33063209076175,0.334928229665072,1,0.315873015873016,1,0.435612082670906,0.334384858044164,1,0.328197226502311,1,0.588907014681892,0.325806451612903,1,0.322834645669291,0.319314641744548,0.337579617834395,0.987421383647799,0.339228295819936,1,0.330143540669856,1,0.324058919803601,1,0.582298136645963,0.314696485623003,0.0263591433278418,0.301282051282051,0.318181818181818,1,0.314606741573034,0.328025477707006,0.336492890995261,0.340255591054313,1,1,0.330592105263158,0.341346153846154,1,1,0.332278481012658,0.228571428571429,0.0198473282442748,0.685126582278481,1,0.00318471337579618,0.329652996845426,1,0.3322528363047,0.3203125,0.329581993569132,0.996820349761526,1,1,0.332288401253919,0.32516339869281,0.329093799682035,0.673170731707317,0.3104,1,0.345104333868379,1,1,0.44336569579288,0.326829268292683,0.331210191082803,0.332273449920509,0.311424100156495,0.318979266347687,0.642857142857143,1,1,0.326530612244898,0.00471698113207547,0.334379905808477,0.328682170542636,0.338141025641026,0.315955766192733,0.313694267515924,0.329192546583851,0.686708860759494,0.360759493670886,0.32398753894081,1,0.335473515248796,1,0.317757009345794,0.314935064935065,0.322683706070288,0.334935897435897,0.317666126418152,1,0.327073552425665,0.808064516129032,1,1,0.996774193548387,1,1,0.902755267423015,1,1,1,0.328125,1,0.332231404958678,0,1,0.384858044164038,1,0.330658105939005,0.334928229665072,0.325914149443561,0.412238325281804,1,0.336507936507937,1,1,1,1,0,0.319620253164557,1,1,0.33495145631068,1,0.329652996845426,1,1,0.31810766721044,0.341935483870968,0.304278922345483,0.138095238095238,0.335974643423138,0,0.593220338983051,1,0.33175355450237,0.328025477707006,0.580188679245283,1,1,0.33003300330033,0.334394904458599,1,0.649762282091918,0.688524590163934,0.310789049919485,0.32516339869281,0.992150706436421,0.341307814992026,0.31201248049922,1,0.328525641025641,0.3203125,1,0.317152103559871,0.329635499207607,0.314873417721519,0.326860841423948,1,1,1,0.321951219512195,0.340909090909091,0.0046583850931677,0.990338164251208,0.334943639291465,1,1,0.312989045383412,0.337539432176656,0.317034700315457,0.331189710610932,0.3248,1,0.317384370015949,0.32475884244373,0.565573770491803,1,0.85024154589372,1,0,1,0.338509316770186,1,1,0.411023622047244,0.998442367601246,0.325806451612903,1,0.320126782884311,0.317535545023697,0.324367088607595,1,1,0.334379905808477,0.409917355371901,0.60223642172524,0.316639741518578,1,1,1,0.3322528363047,1,0.200317965023847,1,1,1,1,0.339116719242902,1,0.332220367278798,0.334384858044164,0.671474358974359,0.316639741518578,1,0.329617834394904,0.325545171339564,0.321311475409836,1,0.313971742543171,1,0.333333333333333,0.489891135303266,0.337025316455696,0.33495145631068,0.323899371069182,1,0.333333333333333,0.312297734627832,1,1,0.326923076923077,0.314606741573034,1,0.4765625,0.319286871961102,0.341269841269841,0.337042925278219,0.670926517571885,1,0.304276315789474,1,0.413848631239936,0.315024232633279,0,0.881329113924051,0.335483870967742,0.330658105939005,0,0.0319488817891374,0.977671451355662,0.327476038338658,1,0.312903225806452,0.33115823817292,1,0.325508607198748,0.329032258064516,0.659305993690852,1,0.337007874015748,0.323151125401929,1,0.319314641744548,0.320261437908497,1,0.333863275039746,0.318770226537217,0.3265625,0.340157480314961,0.802232854864434,1,0.979299363057325,1,1,0.00157977883096367,1,0.993569131832797,1,0.426984126984127,0.996742671009772,0.319018404907975,0.992211838006231,0.33596214511041,0.995283018867924,0.602134146341463,0.621236133122029,0.329173166926677,0.320433436532508,0.63768115942029,0.32626427406199,0,0.618210862619808,0.673701298701299,0.326465927099842,0.00159489633173844,0.325358851674641,0.319685039370079,0.778135048231511,0.333333333333333,0.678913738019169,0.594507269789984,0.325242718446602,0.329113924050633,0.304416403785489,1,0.0213089802130898,0,0.32753164556962,0.337662337662338,0.337007874015748,1,0.333333333333333,0.330721003134796,1,0.317683881064163,0.941176470588235,0.57051282051282,1,1,0.991452991452991,0.328616352201258,0.602201257861635,0.333333333333333,0.324013157894737,0.320063694267516,0.416275430359937,1,0.321086261980831,1,0.330618892508143,0.327390599675851,1,0.332797427652733,1,0.332794830371567,1,1,0.327014218009479,0,1,0.335453100158982,1,0.5818759936407,1,0.497659906396256,1,0.580952380952381,1,0.320388349514563,1,1,1,0.324367088607595,0.328990228013029,0.335403726708075,0.356564019448947,0.326732673267327,0.320574162679426,1,0.328502415458937,1,1,0.337559429477021,0.327922077922078,0.322981366459627,0.386687797147385,0.3328125,1,1,0.338607594936709,0.332794830371567,0.617647058823529,0.58908507223114,0.323899371069182,0.328,1,0.3140625,0.330733229329173,0.99349593495935,0.315789473684211,0.318471337579618,0,0.126182965299685,0.330188679245283,0.670731707317073,0.318910256410256,0.328593996840442,0.59717868338558,0.998412698412698,0.32013201320132,1,0.320063694267516,0.3472,0.328593996840442,0.481191222570533,0.321027287319422,1,0.329093799682035,0.328525641025641,0.33868378812199,0.682316118935837,1,0.333881578947368,0.320754716981132,0,0.337519623233909,0.998422712933754,0.956112852664577,1,0.325949367088608,0.33175355450237,0.327503974562798,0.584905660377358,1,0.584690553745928,0.344,1,1,0.965463108320251,0.668253968253968,0.335453100158982,0.365079365079365,0.329721362229102,0.328050713153724,1,1,0.503236245954693,0.625990491283677,1,1,0.998435054773083,0.67699836867863,1,0.328682170542636,0.669887278582931,1,0.333860759493671,0.321027287319422,0.326923076923077,0.996884735202492,1,0.637846655791191,0.334890965732087,1,1,0.333333333333333,0.319047619047619,0.998430141287284,0,0.328968903436989,0.32,0.00806451612903226,0.321316614420063,1,0.328455284552846,1,0.136792452830189,0,0.910355486862442,0.337025316455696,1,1,0,0.00157977883096367,0.335453100158982,1,0.322368421052632,0.996889580093313,0.316720257234727,1,0.998389694041868,0.960254372019078,0.790951638065523,1,1,0.0063391442155309,1,0.514950166112957,0.333870967741935,0.664566929133858,0.3328173374613,1,0.317535545023697,0.673633440514469,1,1,0.32137030995106,0.608562691131499,0.339116719242902,0.582664526484751,0.971061093247588,0.336,0.587859424920128,0.014218009478673,0.314465408805031,0.332794830371567,0.326018808777429,1,0.626182965299685,0.314375987361769,0.890675241157556,0.5824,0.970358814352574,1,1,0.324237560192616,0.34640522875817,0.322475570032573,0.324492979719189,0.322834645669291,0.6171875,0.314641744548287,0,0.666156202143951,0.998425196850394,0.331730769230769,0.322683706070288,0.327841845140033,0.323619631901841,0.595846645367412,1,0.344339622641509,0.345779220779221,0.340425531914894,0.325914149443561,0.318681318681319,0.323717948717949,0.18740157480315,0.670491803278689,0.327390599675851,0.596244131455399,1,0.231012658227848,0.330721003134796,0.925806451612903,1,1,0.32753164556962,0.626984126984127,1,0.329133858267717,0.308562197092084,0.953150242326333,1,1,0.996710526315789,0.329113924050633,1,1,0.907915993537964,1,0.357366771159875,1,0.579901153212521,1,0.65987460815047,0.327503974562798,0.599041533546326,1,1,0.990338164251208,0.338095238095238,0.334920634920635,0.336065573770492,0.331269349845201,0.330618892508143,0.336,0.980487804878049,0.31875,1,1,0.721003134796238,0,0.324409448818898,0.329192546583851,0.668238993710692,1,0.562903225806452,0.334370139968896,0.63884430176565,0.324717285945073,0.336585365853659,1,0.320967741935484,0.329470198675497,0.700159489633174,0.921182266009852,0.332317073170732,0.598373983739837,0.577235772357724,0.333863275039746,0.333870967741935,0.307814992025518,0.595505617977528,0.670807453416149,1,0.897106109324759,1,0.655226209048362,0.996768982229402,0.586429725363489,0.325396825396825,0.330128205128205,1,1,0.422330097087379,0.991869918699187,0.996860282574568,1,0.328025477707006,0.337007874015748,1,0.323574730354391,0.673566878980892,0.339256865912762,0.466237942122186,0.310855263157895,0,0.320251177394035,1,1,0.594339622641509,0.00156739811912226,0.333333333333333,0.333333333333333,0.101910828025478,0.411290322580645,1,1,0.32398753894081,1,0.407643312101911,1,0.34,0.587955625990491,0.3344,0.326366559485531,1,0,1,0.308457711442786,0.328478964401294,1,1,1,0.446428571428571,1,0.338607594936709,0.606918238993711,0.337025316455696,0.331715210355987,0.00159235668789809,0.0345911949685535,1,0.616113744075829,1,0.34181240063593,0.343648208469055,1,1,0.156645569620253,0.328616352201258,1,0.908385093167702,1,0.327044025157233,0.189014539579968,0.657232704402516,1,1,1,1,1,0.2984375,0.311811023622047,1,0.103960396039604,0.00161550888529887,0.445151033386327,0,0.335949764521193,1,0.671474358974359,1,1,0.901587301587302,1,0.670886075949367,1,1,1,1
"827",0.293354943273906,0.303514376996805,0.309904153354633,0.31973898858075,0.309061488673139,0.304975922953451,0.0130505709624796,0.319422150882825,0.307814992025518,0.585808580858086,0.316118935837246,0.65086887835703,0.502463054187192,0.317230273752013,1,1,0.623211446740858,0,0.313311688311688,0.304625199362041,1,1,0.320695102685624,0.525396825396825,0.3046875,1,1,0.327759197324415,0.305993690851735,0.516611295681063,1,0.582258064516129,0.353312302839117,0.996805111821086,0.670988654781199,0.307300509337861,0.144444444444444,0.31924882629108,1,0.304897314375987,0.00161030595813205,0,0,0.325358851674641,0.310679611650485,1,0.9952,1,1,1,0.687598116169545,0.321782178217822,1,0.316045380875203,0.300319488817891,0.816129032258065,0.130856219709208,0.3232,0.317535545023697,0.316535433070866,0.990521327014218,1,1,0.00482315112540193,0.312913907284768,0.315372424722662,0.663446054750403,0.310569105691057,0.613354037267081,1,0.313479623824451,1,1,0.277960526315789,0.164556962025316,0.310502283105023,1,0.995297805642633,0.3140625,1,0.608482871125612,1,1,0.321766561514196,1,0.313755795981453,0.311688311688312,0.325949367088608,0.312703583061889,0,0.318840579710145,0.3234375,0.6912,0.586477987421384,0.309446254071661,0.644757433489828,0.685303514376997,0.303514376996805,0.13109243697479,0,0.300813008130081,0.625204582651391,1,0.311475409836066,1,0.315533980582524,0,0.319870759289176,1,1,1,0.304625199362041,0.996830427892235,0.324324324324324,0.210691823899371,0.310291858678955,1,0.381703470031546,1,1,0.213247172859451,0.307073954983923,1,1,0.329113924050633,1,0.319508448540707,0.311424100156495,0.373205741626794,0.777251184834123,0.317957166392092,1,0.324104234527687,0.639876352395672,0.334431630971993,1,0.0016025641025641,1,0.370015948963317,0.88780487804878,0.58252427184466,0.58974358974359,0.314606741573034,0.316129032258064,1,0.302884615384615,1,0.2912,0.498427672955975,0.31839258114374,1,0.304975922953451,0.317152103559871,0.318471337579618,0.328990228013029,1,0.302588996763754,1,0.444444444444444,0.319422150882825,1,0.312989045383412,1,0.590032154340836,0.315112540192926,1,0.314102564102564,0.304416403785489,0.323717948717949,0.987261146496815,0.32,1,0.311290322580645,1,0.316393442622951,1,0.592356687898089,0.298245614035088,0.0325732899022801,0.303858520900322,0.317741935483871,1,0.299679487179487,0.316957210776545,0.320063694267516,0.3232,1,1,0.326194398682043,0.320388349514563,1,1,0.316455696202532,0.245614035087719,0.0217054263565891,0.689984101748808,1,0.00159744408945687,0.31496062992126,1,0.314238952536825,0.309148264984227,0.312903225806452,0.998415213946117,1,1,0.32348367029549,0.304635761589404,0.315372424722662,0.681592039800995,0.292880258899676,1,0.337539432176656,1,1,0.435406698564593,0.315181518151815,0.311111111111111,0.316957210776545,0.298387096774194,0.310457516339869,0.64573268921095,1,1,0.312693498452012,0.0046801872074883,0.322222222222222,0.312883435582822,0.315112540192926,0.311708860759494,0.299186991869919,0.309859154929577,0.701277955271565,0.36650868878357,0.3,1,0.320907617504052,1,0.3078125,0.298217179902755,0.303715670436187,0.335463258785943,0.309719934102142,1,0.322169059011164,0.801916932907348,1,1,0.998363338788871,1,1,0.890522875816993,1,1,1,0.31496062992126,1,0.315614617940199,0,1,0.394695787831513,1,0.314516129032258,0.314102564102564,0.314375987361769,0.434920634920635,1,0.3216,1,1,1,1,0,0.310618066561014,1,1,0.31810766721044,1,0.317610062893082,1,1,0.309719934102142,0.318910256410256,0.300155520995334,0.155088852988691,0.32183908045977,0,0.598130841121495,1,0.31637519872814,0.314935064935065,0.581358609794629,1,1,0.321724709784411,0.337115072933549,1,0.66031746031746,0.704361873990307,0.298360655737705,0.315270935960591,0.993759750390016,0.332258064516129,0.300623052959502,1,0.305466237942122,0.300469483568075,1,0.303630363036304,0.315024232633279,0.304625199362041,0.315047021943574,1,1,1,0.298412698412698,0.319286871961102,0.00938967136150235,0.993537964458804,0.320261437908497,1,1,0.307086614173228,0.323854660347551,0.3056,0.3152,0.315705128205128,1,0.304560260586319,0.311290322580645,0.575409836065574,1,0.845659163987138,1,0,1,0.324534161490683,1,1,0.428346456692913,1,0.315024232633279,1,0.304625199362041,0.289389067524116,0.309859154929577,1,1,0.312101910828025,0.395765472312704,0.614886731391586,0.3042071197411,1,1,1,0.319604612850082,1,0.20952380952381,1,1,1,1,0.318252730109204,1,0.307308970099668,0.330112721417069,0.687600644122383,0.298217179902755,1,0.318110236220472,0.312893081761006,0.314754098360656,1,0.300314465408805,1,0.315132605304212,0.473101265822785,0.320388349514563,0.319286871961102,0.308306709265176,1,0.325242718446602,0.304838709677419,1,1,0.320251177394035,0.303656597774245,1,0.485133020344288,0.315112540192926,0.32484076433121,0.32484076433121,0.690140845070423,1,0.28995057660626,1,0.432258064516129,0.305331179321486,0,0.878548895899054,0.317434210526316,0.31637519872814,0,0.0333333333333333,0.982113821138211,0.295638126009693,1,0.3104,0.313114754098361,1,0.315457413249211,0.311688311688312,0.677577741407529,1,0.318910256410256,0.315789473684211,1,0.315873015873016,0.301980198019802,1,0.352,0.306055646481178,0.310509554140127,0.319870759289176,0.79746835443038,1,0.9808,1,1,0.00162337662337662,1,0.993610223642173,1,0.444084278768233,0.998366013071895,0.303265940902022,0.995275590551181,0.326366559485531,0.996789727126806,0.615987460815047,0.638263665594855,0.311320754716981,0.309033280507132,0.648177496038035,0.313856427378965,0,0.633440514469453,0.6816,0.307210031347962,0.00158730158730159,0.307568438003221,0.303317535545024,0.781906300484653,0.319182389937107,0.694136291600634,0.598347107438017,0.313099041533546,0.311605723370429,0.293929712460064,1,0.0295031055900621,0,0.31637519872814,0.318037974683544,0.330708661417323,1,0.348387096774194,0.311004784688995,1,0.299524564183835,0.9376,0.580542264752791,1,1,0.993243243243243,0.311320754716981,0.610142630744849,0.320433436532508,0.303130148270181,0.309178743961353,0.422360248447205,1,0.311111111111111,1,0.313114754098361,0.310517529215359,1,0.314935064935065,1,0.320388349514563,1,1,0.314785373608903,0,1,0.324409448818898,1,0.560192616372392,1,0.517515923566879,1,0.552334943639291,1,0.309446254071661,1,1,1,0.312399355877617,0.312602291325696,0.314375987361769,0.350734094616639,0.350328947368421,0.303030303030303,1,0.320846905537459,1,1,0.326984126984127,0.310344827586207,0.312401883830455,0.372990353697749,0.31924882629108,1,1,0.323763955342903,0.312803889789303,0.637239165329053,0.596747967479675,0.302215189873418,0.308441558441558,1,0.307692307692308,0.313178294573643,0.995192307692308,0.297029702970297,0.306962025316456,0,0.135220125786164,0.310289389067524,0.687888198757764,0.3042071197411,0.315705128205128,0.602825745682888,0.996789727126806,0.304487179487179,1,0.309409888357257,0.345104333868379,0.311111111111111,0.463258785942492,0.308702791461412,1,0.319488817891374,0.320388349514563,0.324590163934426,0.694968553459119,1,0.326194398682043,0.3171875,0,0.32018927444795,1,0.950479233226837,1,0.311320754716981,0.312,0.317152103559871,0.589540412044374,1,0.59344262295082,0.329545454545455,1,1,0.96513470681458,0.678571428571429,0.330645161290323,0.354531001589825,0.315873015873016,0.320813771517997,1,1,0.529790660225443,0.63915857605178,1,1,1,0.702479338842975,1,0.320987654320988,0.686900958466454,1,0.317741935483871,0.310569105691057,0.313694267515924,0.998427672955975,1,0.651960784313726,0.315286624203822,1,1,0.321766561514196,0.30952380952381,1,0,0.305331179321486,0.316476345840131,0.00645161290322581,0.305379746835443,1,0.305647840531561,1,0.16031746031746,0,0.900311526479751,0.326984126984127,1,1,0,0.00155763239875389,0.320063694267516,1,0.306799336650083,0.998430141287284,0.306451612903226,1,0.998387096774194,0.964968152866242,0.770542635658915,1,1,0.00484652665589661,1,0.513422818791946,0.316393442622951,0.678627145085803,0.321027287319422,1,0.3,0.679936305732484,1,1,0.314845024469821,0.627300613496933,0.329073482428115,0.594594594594595,0.971246006389776,0.3264,0.604395604395604,0.0111821086261981,0.30064308681672,0.318541996830428,0.320813771517997,1,0.646129541864139,0.308426073131955,0.887278582930757,0.599348534201954,0.963949843260188,1,1,0.301435406698565,0.332784184514003,0.311582381729201,0.310618066561014,0.307448494453249,0.623052959501558,0.307086614173228,0,0.679566563467492,0.998435054773083,0.32,0.307317073170732,0.308823529411765,0.3152,0.603225806451613,1,0.332805071315372,0.326797385620915,0.328382838283828,0.31687898089172,0.312202852614897,0.313821138211382,0.203125,0.684039087947883,0.31139646869984,0.605678233438486,1,0.247226624405705,0.310126582278481,0.919093851132686,1,1,0.306581059390048,0.645669291338583,1,0.309748427672956,0.30016051364366,0.952998379254457,1,1,0.996768982229402,0.31378763866878,1,1,0.901453957996769,1,0.342857142857143,1,0.594813614262561,1,0.682464454976303,0.3042071197411,0.604878048780488,1,1,0.991883116883117,0.319685039370079,0.322834645669291,0.321131447587354,0.321766561514196,0.31973898858075,0.32137030995106,0.983766233766234,0.310126582278481,1,1,0.724409448818898,0,0.308056872037915,0.316279069767442,0.676145339652449,1,0.5664,0.3198127925117,0.648648648648649,0.30173775671406,0.314144736842105,1,0.309791332263242,0.32,0.696141479099678,0.911960132890365,0.316341829085457,0.608766233766234,0.585365853658537,0.322115384615385,0.330658105939005,0.2944,0.601612903225806,0.68362480127186,1,0.886035313001605,1,0.673566878980892,0.998376623376623,0.592532467532468,0.32,0.322950819672131,1,1,0.444976076555024,0.99347471451876,0.996810207336523,1,0.307317073170732,0.323763955342903,1,0.311649016641452,0.683544303797468,0.328025477707006,0.4672,0.302737520128824,0,0.307332293291732,1,1,0.59904912836767,0.00159489633173844,0.317034700315457,0.320063694267516,0.0926517571884984,0.409461663947798,1,1,0.306962025316456,1,0.424193548387097,1,0.31875,0.596273291925466,0.3184,0.305057096247961,1,0,1,0.303921568627451,0.312703583061889,1,1,1,0.438906752411576,1,0.310679611650485,0.625199362041467,0.317230273752013,0.313915857605178,0.00157728706624606,0.0432,1,0.623604465709729,1,0.320512820512821,0.314332247557003,1,1,0.164556962025316,0.307692307692308,1,0.901386748844376,1,0.320634920634921,0.210272873194221,0.68125,1,1,1,1,1,0.285266457680251,0.294952681388013,1,0.125,0.00159744408945687,0.45253164556962,0,0.325320512820513,1,0.685393258426966,1,1,0.886435331230284,1,0.681962025316456,1,1,1,1
"828",0.29375,0.312688821752266,0.316030534351145,0.325617283950617,0.310291858678955,0.302611367127496,0.0108191653786708,0.320121951219512,0.309451219512195,0.572769953051643,0.317220543806647,0.642642642642643,0.510835913312694,0.320610687022901,1,1,0.61631419939577,0,0.321483771251932,0.30781010719755,1,1,0.31784107946027,0.522727272727273,0.310911808669656,1,1,0.333853354134165,0.311209439528024,0.514820592823713,1,0.580451127819549,0.362951807228916,0.995405819295559,0.667697063369397,0.3136,0.140298507462687,0.318731117824773,1,0.305847076461769,0.00306748466257669,0,0,0.328746177370031,0.325038880248834,1,0.993846153846154,1,1,1,0.688821752265861,0.326086956521739,1,0.322137404580153,0.307807807807808,0.807339449541284,0.121538461538462,0.31969696969697,0.320839580209895,0.324574961360124,0.992537313432836,1,1,0.00613496932515337,0.320634920634921,0.317293233082707,0.657450076804916,0.318042813455657,0.616519174041298,1,0.317293233082707,1,1,0.273006134969325,0.155455904334828,0.318047337278107,1,0.993993993993994,0.322338830584708,1,0.605678233438486,1,1,0.321212121212121,1,0.319465081723626,0.318529862174579,0.325688073394495,0.312977099236641,0,0.314152410575428,0.327485380116959,0.684053651266766,0.588323353293413,0.309815950920245,0.645833333333333,0.675757575757576,0.310606060606061,0.121259842519685,0,0.308157099697885,0.622464898595944,1,0.311708860759494,1,0.308755760368664,0,0.320182094081942,1,1,1,0.302985074626866,0.995488721804511,0.32312404287902,0.202723146747353,0.312954876273654,1,0.380451127819549,1,1,0.199697428139183,0.315548780487805,1,1,0.324324324324324,1,0.319767441860465,0.310948905109489,0.362519201228879,0.772321428571429,0.317683881064163,1,0.332312404287902,0.630116959064328,0.335403726708075,1,0.00153139356814701,1,0.371814092953523,0.894819466248038,0.582701062215478,0.598473282442748,0.309090909090909,0.315047021943574,1,0.319083969465649,1,0.302710843373494,0.496263079222721,0.321907600596125,1,0.312977099236641,0.315950920245399,0.320373250388802,0.321156773211568,1,0.305555555555556,1,0.434782608695652,0.324773413897281,1,0.322916666666667,1,0.598159509202454,0.319488817891374,1,0.321212121212121,0.31306990881459,0.328703703703704,0.986607142857143,0.322727272727273,1,0.317411402157165,1,0.314728682170543,1,0.594268476621418,0.299539170506912,0.0362776025236593,0.298136645962733,0.3125,1,0.305471124620061,0.316436251920123,0.322239031770045,0.324615384615385,1,1,0.321875,0.324159021406728,1,1,0.319277108433735,0.230182926829268,0.023598820058997,0.685496183206107,1,0.00303030303030303,0.31892697466468,1,0.316998468606432,0.309309309309309,0.31866464339909,0.996927803379416,1,1,0.327893175074184,0.313084112149533,0.30849478390462,0.681538461538462,0.30381679389313,1,0.336890243902439,1,1,0.434451219512195,0.32258064516129,0.318731117824773,0.322033898305085,0.297709923664122,0.315301391035549,0.647865853658537,1,1,0.314842578710645,0.00451127819548872,0.32396449704142,0.313235294117647,0.321100917431193,0.30804248861912,0.302290076335878,0.315315315315315,0.695976154992548,0.367624810892587,0.306766917293233,1,0.322033898305085,1,0.303490136570561,0.308166409861325,0.306153846153846,0.328725038402458,0.306153846153846,1,0.321752265861027,0.801538461538462,1,1,0.996904024767802,1,1,0.900928792569659,1,1,1,0.311746987951807,1,0.322734499205087,0,1,0.388305847076462,1,0.323029366306028,0.323529411764706,0.317073170731707,0.41743119266055,1,0.324773413897281,1,1,1,1,0,0.317411402157165,1,1,0.319018404907975,1,0.32089552238806,1,1,0.307210031347962,0.320872274143302,0.306525037936267,0.149847094801223,0.319444444444444,0,0.596701649175412,1,0.317910447761194,0.321981424148607,0.581954887218045,1,1,0.32753164556962,0.327743902439024,1,0.656923076923077,0.7015625,0.306625577812018,0.315457413249211,0.992603550295858,0.322678843226788,0.307121661721068,1,0.315629742033384,0.306525037936267,1,0.310185185185185,0.314589665653495,0.316265060240964,0.318042813455657,1,1,1,0.302290076335878,0.319938176197836,0.00914634146341463,0.99079754601227,0.324655436447167,1,1,0.308035714285714,0.322188449848024,0.296851574212894,0.319571865443425,0.313725490196078,1,0.306625577812018,0.30568356374808,0.569206842923795,1,0.834346504559271,1,0,1,0.32396449704142,1,1,0.417417417417417,0.998498498498498,0.327718223583461,1,0.313935681470138,0.297090352220521,0.314285714285714,1,1,0.314674735249622,0.404120443740095,0.610852713178295,0.298003072196621,1,1,1,0.322480620155039,1,0.199081163859112,1,1,1,1,0.322388059701493,1,0.320251177394035,0.329230769230769,0.682442748091603,0.299531981279251,1,0.323353293413174,0.321481481481481,0.313664596273292,1,0.305637982195846,1,0.324404761904762,0.475683890577508,0.319018404907975,0.320552147239264,0.311572700296736,1,0.31875,0.304281345565749,1,1,0.319213313161876,0.314503816793893,1,0.477477477477477,0.317262830482115,0.329305135951662,0.328267477203647,0.680428134556575,1,0.302362204724409,1,0.417310664605873,0.307926829268293,0,0.876854599406528,0.313178294573643,0.318112633181126,0,0.0290964777947933,0.979527559055118,0.308868501529052,1,0.311550151975684,0.319314641744548,1,0.329323308270677,0.322085889570552,0.667173252279635,1,0.32262996941896,0.31832298136646,1,0.316666666666667,0.30077519379845,1,0.343796711509716,0.314152410575428,0.329819277108434,0.336890243902439,0.806596701649175,1,0.981510015408321,1,1,0.00153374233128834,1,0.992354740061162,1,0.428129829984544,0.996879875195008,0.313253012048193,0.992503748125937,0.325617283950617,0.995461422087746,0.608504398826979,0.62852897473997,0.320839580209895,0.32185628742515,0.640243902439024,0.315132605304212,0,0.633333333333333,0.686153846153846,0.319758672699849,0.00153374233128834,0.312111801242236,0.308166409861325,0.766823161189358,0.316590563165906,0.678678678678679,0.596244131455399,0.316998468606432,0.32383808095952,0.304545454545455,1,0.0320232896652111,0,0.312688821752266,0.328197226502311,0.33134328358209,1,0.334351145038168,0.314900153609831,1,0.306646525679758,0.939577039274924,0.575617283950617,1,1,0.991869918699187,0.318452380952381,0.612275449101796,0.318777292576419,0.310126582278481,0.316187594553706,0.416036308623298,1,0.307219662058372,1,0.317757009345794,0.315625,1,0.318885448916409,1,0.326153846153846,1,1,0.316666666666667,0,1,0.321699544764795,1,0.558912386706949,1,0.512743628185907,1,0.55054432348367,1,0.315873015873016,1,1,1,0.306870229007634,0.327102803738318,0.319940476190476,0.34472049689441,0.338072669826224,0.305007587253414,1,0.323664122137405,1,1,0.320552147239264,0.322480620155039,0.317629179331307,0.389649923896499,0.322008862629247,1,1,0.324888226527571,0.322378716744914,0.629800307219662,0.592024539877301,0.310030395136778,0.313178294573643,1,0.30381679389313,0.316023738872404,0.995398773006135,0.297507788161994,0.311178247734139,0,0.144360902255639,0.31201248049922,0.684992570579495,0.315217391304348,0.318731117824773,0.605697151424288,0.998468606431853,0.316770186335404,1,0.312024353120244,0.342635658914729,0.314589665653495,0.467571644042232,0.312688821752266,1,0.321646341463415,0.32093023255814,0.330696202531646,0.687125748502994,1,0.321483771251932,0.316341829085457,0,0.318385650224215,0.998480243161094,0.954476479514416,1,0.317365269461078,0.322727272727273,0.311145510835913,0.580693815987934,1,0.601866251944012,0.331288343558282,1,1,0.959580838323353,0.670750382848392,0.328725038402458,0.362790697674419,0.318529862174579,0.31784107946027,1,1,0.523219814241486,0.629179331306991,1,1,0.998516320474777,0.690140845070423,1,0.32396449704142,0.678516228748068,1,0.325757575757576,0.310975609756098,0.318112633181126,0.996955859969559,1,0.64622641509434,0.319758672699849,1,1,0.322727272727273,0.307110438729198,0.998466257668712,0,0.315707620528771,0.309923664122137,0.00771604938271605,0.311278195488722,1,0.30757341576507,1,0.145015105740181,0,0.904903417533432,0.329819277108434,1,1,0,0.00147275405007364,0.320182094081942,1,0.311912225705329,0.997045790251108,0.307332293291732,1,1,0.963581183611533,0.768292682926829,1,1,0.00614439324116743,1,0.519108280254777,0.325688073394495,0.675149700598802,0.332352941176471,1,0.306990881458967,0.677321156773212,1,1,0.312210200927357,0.61037037037037,0.32572298325723,0.590214067278288,0.972179289026275,0.330815709969789,0.600609756097561,0.015220700152207,0.306153846153846,0.320668693009119,0.315315315315315,1,0.637048192771084,0.3125,0.883861236802413,0.591185410334346,0.963691376701967,1,1,0.314589665653495,0.336463223787167,0.3078125,0.311077389984825,0.31651376146789,0.619822485207101,0.308035714285714,0,0.674008810572687,0.998498498498498,0.324283559577677,0.3125,0.316535433070866,0.32,0.606382978723404,1,0.334828101644245,0.333333333333333,0.334928229665072,0.316436251920123,0.312024353120244,0.314329738058552,0.194362017804154,0.681181959564541,0.321044546850998,0.599402092675635,1,0.232771822358346,0.317972350230415,0.919629057187017,1,1,0.309923664122137,0.643504531722054,1,0.312688821752266,0.306625577812018,0.952234206471495,1,1,0.996908809891808,0.314112291350531,1,1,0.905426356589147,1,0.347826086956522,1,0.593508500772797,1,0.676691729323308,0.311827956989247,0.595348837209302,1,1,0.990769230769231,0.32078313253012,0.321699544764795,0.318181818181818,0.31866464339909,0.326018808777429,0.3171875,0.981481481481482,0.310136157337368,1,1,0.714939024390244,0,0.321321321321321,0.31981981981982,0.6797583081571,1,0.560240963855422,0.329896907216495,0.645061728395062,0.3125,0.31924882629108,1,0.311349693251534,0.321656050955414,0.693846153846154,0.906497622820919,0.317180616740088,0.603395061728395,0.58359133126935,0.317293233082707,0.330232558139535,0.29742033383915,0.6,0.678787878787879,1,0.887708649468892,1,0.676646706586826,0.996908809891808,0.596273291925466,0.314984709480122,0.319314641744548,1,1,0.43206106870229,0.992236024844721,0.997001499250375,1,0.312977099236641,0.321156773211568,1,0.314037626628075,0.684848484848485,0.328746177370031,0.460244648318043,0.304821150855365,0,0.312781954887218,1,1,0.594553706505295,0.00150375939849624,0.333333333333333,0.31651376146789,0.101538461538462,0.417061611374408,1,1,0.304804804804805,1,0.414634146341463,1,0.331851851851852,0.591185410334346,0.321156773211568,0.312404287901991,1,0,1,0.310664605873261,0.313572542901716,1,1,1,0.438485804416404,1,0.312688821752266,0.619847328244275,0.330792682926829,0.32755905511811,0.00150829562594268,0.0460122699386503,1,0.621417797888386,1,0.318250377073906,0.328571428571429,1,1,0.164901664145234,0.307458143074581,1,0.900914634146341,1,0.323397913561848,0.2,0.674662668665667,1,1,1,1,1,0.287833827893175,0.302752293577982,1,0.12202852614897,0.00154559505409583,0.446776611694153,0,0.324116743471582,1,0.687211093990755,1,1,0.891729323308271,1,0.679331306990882,1,1,1,1
"829",0.976076555023923,0.970948012232416,0.975346687211094,0.971786833855799,0.967492260061919,0.975270479134467,0.733652312599681,0.973643410852713,0.970769230769231,0.121019108280255,0.977409638554217,0.0736842105263158,0.776911076443058,0.970633693972179,0.288854003139717,0.283742331288344,0.099388379204893,0.7184,0.971518987341772,0.979876160990712,0.26040061633282,0.283048211508554,0.971471471471472,0.193846153846154,0.972972972972973,0.294207317073171,0.285266457680251,0.969648562300319,0.96711509715994,0.748829953198128,0.278713629402757,0.692780337941628,0.931818181818182,0.280431432973806,0.0293663060278207,0.97092084006462,0.570336391437309,0.970769230769231,0.276276276276276,0.977409638554217,0.698757763975155,0.708206686930091,0.711940298507463,0.96875,0.97360248447205,0.289968652037618,0.28393135725429,0.287009063444109,0.288753799392097,0.299847792998478,0.0288315629742033,0.968701095461659,0.284848484848485,0.967542503863988,0.972560975609756,0.471138845553822,0.587869362363919,0.973846153846154,0.974045801526718,0.967692307692308,0.300604229607251,0.287901990811639,0.290571870170015,0.706436420722135,0.968,0.972434915773354,0.0661538461538462,0.973478939157566,0.0861812778603269,0.289156626506024,0.969135802469136,0.283076923076923,0.288888888888889,0.951638065522621,0.537404580152672,0.97317436661699,0.281818181818182,0.302891933028919,0.969465648854962,0.29073482428115,0.108626198083067,0.298136645962733,0.295384615384615,0.971168437025797,0.302611367127496,0.966817496229261,0.973643410852713,0.970903522205207,0.973846153846154,0.729198184568835,0.97360248447205,0.971684053651267,0.0262345679012346,0.127659574468085,0.96875,0.06797583081571,0.030441400304414,0.971080669710807,0.600644122383253,0.698907956318253,0.97360248447205,0.081039755351682,0.284603421461897,0.972886762360447,0.288401253918495,0.970948012232416,0.715396578538103,0.975193798449612,0.285932721712538,0.295208655332303,0.288753799392097,0.97191887675507,0.29922480620155,0.971080669710807,0.512084592145015,0.969924812030075,0.274809160305344,0.330804248861912,0.302985074626866,0.285271317829457,0.519260400616333,0.975270479134467,0.294656488549618,0.277602523659306,0.968229954614221,0.27760736196319,0.973490427098675,0.96865671641791,0.359756097560976,0.52623688155922,0.968152866242038,0.284375,0.97196261682243,0.0718562874251497,0.971518987341772,0.283159463487332,0.714932126696833,0.29601226993865,0.902627511591963,0.402912621359223,0.12888198757764,0.121538461538462,0.973805855161787,0.969745222929936,0.297839506172839,0.969558599695586,0.289592760180996,0.969278033794163,0.768292682926829,0.973254086181278,0.296411856474259,0.973846153846154,0.96875,0.974921630094044,0.972560975609756,0.302936630602782,0.976851851851852,0.28328173374613,0.286798179059181,0.966717095310136,0.281626506024096,0.974588938714499,0.275650842266462,0.107086614173228,0.972136222910217,0.284820031298905,0.978193146417445,0.968229954614221,0.976599063962558,0.302431610942249,0.972434915773354,0.295489891135303,0.9734375,0.279816513761468,0.972712680577849,0.2796875,0.102290076335878,0.971299093655589,0.664,0.97339593114241,0.967692307692308,0.291925465838509,0.972049689440994,0.972265023112481,0.969742813918306,0.970679012345679,0.291079812206573,0.278963414634146,0.973312401883831,0.970724191063174,0.288288288288288,0.279937791601866,0.971212121212121,0.483282674772036,0.706056129985229,0.0331825037707391,0.284839203675345,0.707882534775889,0.96937212863706,0.289193302891933,0.973143759873618,0.973013493253373,0.972477064220184,0.284839203675345,0.291479820627803,0.2953125,0.973094170403587,0.966981132075472,0.972644376899696,0.0295489891135303,0.973643410852713,0.278301886792453,0.945904173106646,0.287925696594427,0.276234567901235,0.721286370597244,0.96937212863706,0.972519083969466,0.970858895705521,0.981566820276498,0.973101265822785,0.0717557251908397,0.285491419656786,0.29483282674772,0.97583081570997,0.714939024390244,0.968796433878158,0.970282317979198,0.97191887675507,0.974242424242424,0.967492260061919,0.971428571428571,0.0287878787878788,0.34703196347032,0.972602739726027,0.279937791601866,0.967340590979782,0.272588055130168,0.974045801526718,0.968895800933126,0.9671875,0.97007874015748,0.973015873015873,0.296583850931677,0.970858895705521,0.478056426332288,0.294656488549618,0.294561933534743,0.277519379844961,0.287735849056604,0.290171606864275,0.386792452830189,0.301242236024845,0.290519877675841,0.280487804878049,0.97289156626506,0.284839203675345,0.967532467532468,0.721212121212121,0.290964777947933,0.338830584707646,0.305164319248826,0.973846153846154,0.97191887675507,0.972222222222222,0.290123456790123,0.28680981595092,0.97239263803681,0.291993720565149,0.294736842105263,0.293291731669267,0.28858024691358,0.721286370597244,0.973354231974922,0.290225563909774,0.28902627511592,0.967289719626168,0.276729559748428,0.97125567322239,0.277611940298507,0.285714285714286,0.971786833855799,0.971786833855799,0.969604863221885,0.56859756097561,0.972265023112481,0.724191063174114,0.109445277361319,0.285060975609756,0.972685887708649,0.973101265822785,0.12210200927357,0.289877300613497,0.301412872841444,0.978021978021978,0.970266040688576,0.28030303030303,0.0557275541795666,0.0280811232449298,0.972179289026275,0.968354430379747,0.307462686567164,0.970542635658915,0.972809667673716,0.286585365853659,0.976958525345622,0.972519083969466,0.286363636363636,0.97045101088647,0.970814132104455,0.966565349544073,0.972265023112481,0.283742331288344,0.279521674140508,0.288854003139717,0.970633693972179,0.969088098918083,0.709774436090226,0.286153846153846,0.96998420221169,0.285280728376328,0.269938650306748,0.971299093655589,0.972350230414747,0.967542503863988,0.972093023255814,0.967340590979782,0.301684532924962,0.970358814352574,0.969465648854962,0.135135135135135,0.296240601503759,0.462616822429907,0.279434850863422,0.706336939721793,0.293129770992366,0.971684053651267,0.282131661442006,0.301857585139319,0.289156626506024,0.291540785498489,0.9765625,0.288888888888889,0.967441860465116,0.97191887675507,0.972932330827068,0.277258566978193,0.286786786786787,0.970724191063174,0.898876404494382,0.0846394984326019,0.976489028213166,0.281345565749235,0.28503937007874,0.278816199376947,0.968847352024922,0.300150829562594,0.5,0.294298921417565,0.271739130434783,0.286392405063291,0.284603421461897,0.97737556561086,0.290015847860539,0.97626582278481,0.971875,0.0291858678955453,0.973186119873817,0.291411042944785,0.967692307692308,0.974436090225564,0.977346278317152,0.298887122416534,0.968609865470852,0.282334384858044,0.972685887708649,0.813846153846154,0.970542635658915,0.967238689547582,0.977029096477795,0.278787878787879,0.96875,0.971830985915493,0.27760736196319,0.280674846625767,0.970858895705521,0.975757575757576,0.285271317829457,0.217522658610272,0.968553459119497,0.968515742128936,0.972477064220184,0.0262345679012346,0.287519747235387,0.968553459119497,0.269406392694064,0.28328173374613,0.970404984423676,0.705701078582434,0.40922619047619,0.970679012345679,0.974203338391502,0.707782672540382,0.722049689440994,0.317829457364341,0.96793893129771,0.291411042944785,0.967238689547582,0.979462875197472,0.301092043681747,0.96969696969697,0.970404984423676,0.0384024577572965,0.290824261275272,0.973765432098765,0.970633693972179,0.295774647887324,0.973886328725038,0.970125786163522,0.273148148148148,0.367851622874807,0.97191887675507,0.969650986342944,0.970404984423676,0.495454545454545,0.280060882800609,0.312401883830455,0.287630402384501,0.293846153846154,0.71850699844479,0.288549618320611,0.297839506172839,0.291981845688351,0.279816513761468,0.287974683544304,0.972727272727273,0.293233082706767,0.970496894409938,0.288343558282209,0.109955423476969,0.0740181268882175,0.970992366412214,0.972602739726027,0.0656488549618321,0.968354430379747,0.718796992481203,0.0729483282674772,0.0371517027863777,0.972727272727273,0.714506172839506,0.969465648854962,0.970588235294118,0.529042386185243,0.967840735068913,0.0214067278287462,0.0984375,0.973354231974922,0.967791411042945,0.969465648854962,0.28393135725429,0.680473372781065,0.723270440251572,0.968133535660091,0.970679012345679,0.961948249619482,0.278713629402757,0.366306027820711,0.967889908256881,0.268987341772152,0.971684053651267,0.337423312883436,0.126582278481013,0.27906976744186,0.294029850746269,0.303130148270181,0.972727272727273,0.106446776611694,0.96996996996997,0.971383147853736,0.972477064220184,0.285060975609756,0.289514866979656,0.974085365853659,0.2953125,0.971246006389776,0.971291866028708,0.276018099547511,0.970858895705521,0.292101341281669,0.974921630094044,0.282608695652174,0.291217257318952,0.96969696969697,0.7140625,0.285498489425982,0.969418960244648,0.288888888888889,0.734756097560976,0.28978978978979,0.194864048338369,0.286350148367953,0.735294117647059,0.280564263322884,0.978056426332288,0.293577981651376,0.307228915662651,0.265553869499241,0.976923076923077,0.974763406940063,0.973254086181278,0.943037974683544,0.3744,0.969040247678019,0.287974683544304,0.97239263803681,0.296474358974359,0.285280728376328,0.968133535660091,0.971875,0.974320241691843,0.888208269525268,0.970948012232416,0.275602409638554,0.295625942684766,0.969418960244648,0.974803149606299,0.0770440251572327,0.104851330203443,0.975460122699387,0.968701095461659,0.273155416012559,0.971080669710807,0.968796433878158,0.277258566978193,0.965079365079365,0.96937212863706,0.714503816793893,0.569044006069803,0.970724191063174,0.0265878877400295,0.972307692307692,0.974164133738602,0.124620060790274,0.284829721362229,0.968847352024922,0.294298921417565,0.969278033794163,0.938775510204082,0.969325153374233,0.791476407914764,0.969040247678019,0.301435406698565,0.972265023112481,0.973684210526316,0.968304278922345,0.0298507462686567,0.287519747235387,0.96998420221169,0.971212121212121,0.704615384615385,0.970724191063174,0.281889763779528,0.336363636363636,0.294656488549618,0.964831804281346,0.973805855161787,0.978090766823161,0.115853658536585,0.291338582677165,0.112676056338028,0.967642526964561,0.282245827010622,0.271623672230652,0.314589665653495,0.027355623100304,0.967692307692308,0.934250764525994,0.972477064220184,0.969788519637462,0.292117465224111,0.278115501519757,0.190697674418605,0.0682170542635659,0.28680981595092,0.280864197530864,0.296969696969697,0.0299684542586751,0.286585365853659,0.971428571428571,0.0263975155279503,0.284005979073244,0.970724191063174,0.967692307692308,0.976635514018692,0.287671232876712,0.288690476190476,0.0638977635782748,0.965996908809892,0.285046728971963,0.277439024390244,0.969558599695586,0.971080669710807,0.285932721712538,0.717741935483871,0.967340590979782,0.970679012345679,0.718068535825545,0.973053892215569,0.278195488721804,0.973143759873618,0.289922480620155,0.549618320610687,0.702416918429003,0.37260677466863,0.975683890577508,0.266467065868263,0.277182235834609,0.720543806646526,0.705705705705706,0.967840735068913,0.293853073463268,0.976489028213166,0.288549618320611,0.976599063962558,0.282407407407407,0.285714285714286,0.316358024691358,0.487730061349693,0.284820031298905,0.270569620253165,0.691244239631336,0.290909090909091,0.183279742765273,0.972644376899696,0.0317220543806647,0.971471471471472,0.266355140186916,0.973684210526316,0.0260736196319018,0.289308176100629,0.291139240506329,0.973101265822785,0.0847953216374269,0.966101694915254,0.115264797507788,0.302147239263804,0.966565349544073,0.0942812982998454,0.699236641221374,0.966205837173579,0.972350230414747,0.969558599695586,0.282958199356913,0.0676691729323308,0.972644376899696,0.397832817337461,0.125391849529781,0.316265060240964,0.283536585365854,0.289156626506024,0.972727272727273,0.968404423380727,0.972350230414747,0.972477064220184,0.975270479134467,0.0925644916540212,0.966867469879518,0.712349397590361,0.0323054331864905,0.295839753466872,0.970679012345679,0.975077881619938,0.970125786163522,0.97125567322239,0.118827160493827,0.28310502283105,0.977168949771689,0.966205837173579,0.964856230031949,0.969088098918083,0.967889908256881,0.972179289026275,0.516819571865443,0.0252764612954186,0.970588235294118,0.111620795107034,0.289634146341463,0.461656441717791,0.97542242703533,0.369397217928903,0.280507131537242,0.284417549167927,0.973886328725038,0.0673813169984686,0.28310502283105,0.974164133738602,0.975497702909648,0.3359375,0.277272727272727,0.2828125,0.288643533123028,0.966917293233083,0.28414442700157,0.289433384379786,0.380503144654088,0.283742331288344,0.944693572496263,0.280178837555887,0.114649681528662,0.295384615384615,0.0318181818181818,0.968992248062015,0.117004680187207,0.274447949526814,0.288372093023256,0.28419452887538,0.97125567322239,0.973765432098765,0.97456279809221,0.977099236641221,0.974882260596546,0.967084639498433,0.300155520995334,0.975646879756469,0.286370597243492,0.29016393442623,0.578386605783866,0.710323574730354,0.971556886227545,0.96793893129771,0.033033033033033,0.282051282051282,0.144596651445967,0.967261904761905,0.0695517774343122,0.967692307692308,0.973015873015873,0.28125,0.968992248062015,0.969404186795491,0.603448275862069,0.388443017656501,0.96602658788774,0.108661417322835,0.124031007751938,0.972222222222222,0.969936708860759,0.978787878787879,0.116923076923077,0.0291411042944785,0.291479820627803,0.392036753445636,0.278614457831325,0.0274390243902439,0.294303797468354,0.113671274961598,0.96937212863706,0.96998420221169,0.294117647058824,0.284403669724771,0.274570982839314,0.294851794071763,0.279878971255673,0.287009063444109,0.972519083969466,0.971080669710807,0.2953125,0.971684053651267,0.0274390243902439,0.969230769230769,0.252307692307692,0.976452119309262,0.702865761689291,0.972602739726027,0.286149162861492,0.28391167192429,0.102760736196319,0.706240487062405,0.970903522205207,0.975460122699387,0.821596244131455,0.866028708133971,0.293023255813953,0.281446540880503,0.969230769230769,0.285714285714286,0.283076923076923,0.292259083728278,0.971641791044776,0.125190839694656,0.976708074534162,0.96583850931677,0.276497695852535,0.717011128775835,0.280314960629921,0.971518987341772,0.973765432098765,0.273846153846154,0.273006134969325,0.293853073463268,0.825196850393701,0.28391167192429,0.973765432098765,0.0884146341463415,0.973684210526316,0.970031545741325,0.726047904191617,0.688922610015175,0.283227848101266,0.0814132104454685,0.28816199376947,0.972727272727273,0.966772151898734,0.277777777777778,0.296411856474259,0.619482496194825,0.972644376899696,0.277016742770167,0.386153846153846,0.279699248120301,0.959398496240601,0.506976744186047,0.0346907993966818,0.277693474962064,0.286356821589205,0.2984375,0.285266457680251,0.287833827893175,1,0.970542635658915,0.278713629402757,0.580385852090032,0.71141975308642,0.265553869499241,0.724522292993631,0.978428351309707,0.284820031298905,0.0321100917431193,0.304821150855365,0.285714285714286,0.386259541984733,0.290372670807453,0.0306748466257669,0.301684532924962,0.285488958990536,0.289763779527559,0.284615384615385
"830",1,1,1,1,1,1,0.710144927536232,1,1,0.1008,1,0.04858934169279,0.804761904761905,1,0.301127214170692,0.3,0.0681114551083591,0.695934959349593,1,1,0.273015873015873,0.301282051282051,1,0.167987321711569,1,0.307692307692308,0.302547770700637,1,1,0.775,0.297637795275591,0.718068535825545,0.962848297213622,0.299065420560748,0,1,0.558502340093604,1,0.289393939393939,1,0.679245283018868,0.691338582677165,0.709627329192547,1,1,0.303715670436187,0.299212598425197,0.294392523364486,0.310077519379845,0.310725552050473,0,1,0.293674698795181,1,1,0.485849056603774,0.570093457943925,1,1,1,0.31839258114374,0.30379746835443,0.302547770700637,0.696629213483146,1,1,0.0410094637223975,1,0.0623100303951368,0.303215926493109,1,0.295665634674923,0.312,0.968102073365231,0.518053375196232,1,0.296703296703297,0.316692667706708,1,0.307568438003221,0.0910569105691057,0.314553990610329,0.309033280507132,1,0.317829457364341,1,1,1,1,0.702160493827161,1,1,0.0015748031496063,0.109546165884194,1,0.0500758725341426,0,1,0.57487922705314,0.689655172413793,1,0.0605095541401274,0.297339593114241,1,0.302215189873418,1,0.699088145896657,1,0.30564263322884,0.305732484076433,0.304212168486739,1,0.314641744548287,1,0.501538461538461,1,0.306853582554517,0.314814814814815,0.306748466257669,0.305863708399366,0.491338582677165,0.998410174880763,0.302936630602782,0.300324675324675,1,0.290322580645161,1,1,0.342105263157895,0.550151975683891,1,0.304075235109718,1,0.0459418070444104,1,0.301223241590214,0.682242990654206,0.312597200622084,0.924646781789639,0.416531604538088,0.106349206349206,0.101612903225806,1,1,0.31974921630094,1,0.303490136570561,1,0.799382716049383,1,0.309061488673139,1,1,1,1,0.318181818181818,1,0.308306709265176,0.269525267993874,1,0.291731669266771,1,0.289514866979656,0.0914826498422713,1,0.302066772655008,1,1,1,0.32,1,0.313694267515924,1,0.289922480620155,1,0.300476947535771,0.0784929356357928,1,0.640856672158155,1,1,0.299050632911392,1,1,1,1,0.311501597444089,0.300155520995334,1,0.998456790123457,0.304147465437788,0.297124600638978,1,0.463414634146341,0.678843226788432,0,0.307332293291732,0.68075117370892,1,0.306748466257669,1,0.998447204968944,1,0.300623052959502,0.30757341576507,0.314516129032258,1,1,1,0,1,0.302215189873418,0.970266040688576,0.314375987361769,0.294952681388013,0.74565560821485,1,1,1,1,1,0.0473933649289099,0.304897314375987,0.307332293291732,1,0.691833590138675,1,1,0.998427672955975,0.998442367601246,1,1,0.00307692307692308,0.341906202723147,1,0.297637795275591,1,0.297045101088647,1,1,1,1,1,0.308544303797468,1,0.486529318541997,0.31832298136646,0.311728395061728,0.300632911392405,0.305863708399366,0.313099041533546,0.4096,0.322378716744914,0.301412872841444,0.296754250386399,1,0.309636650868878,1,0.697885196374622,0.299065420560748,0.332824427480916,0.317111459968603,1,1,1,0.280811232449298,0.297971918876755,1,0.305732484076433,0.30640243902439,0.30077519379845,0.303680981595092,0.702060221870048,1,0.312024353120244,0.307073954983923,1,0.290791599353796,1,0.297380585516179,0.291079812206573,1,1,1,0.552590266875981,1,0.699685534591195,0.0835866261398176,0.311912225705329,1,1,0.0979782270606532,0.301242236024845,0.31378763866878,1,1,0.285491419656786,0.0264385692068429,0.00158227848101266,1,1,0.32258064516129,0.998439937597504,1,0.3,1,1,0.304552590266876,1,1,1,1,0.311912225705329,0.295454545454545,0.309562398703404,1,1,0.693877551020408,0.302839116719243,1,0.308755760368664,0.288216560509554,1,1,0.998459167950693,1,1,0.312597200622084,1,1,0.110576923076923,0.317757009345794,0.486443381180223,0.2944,0.690737833594976,0.302325581395349,1,0.292834890965732,0.320251177394035,0.282170542635659,0.307453416149068,1,0.310344827586207,1,1,1,0.295774647887324,0.311349693251534,0.998444790046656,0.920840064620355,0.0665610142630745,1,0.301412872841444,0.305993690851735,0.298600311041991,1,0.314728682170543,0.486068111455108,0.312893081761006,0.299531981279251,0.292332268370607,0.291866028708134,1,0.309148264984227,1,1,0,1,0.307570977917981,1,1,1,0.314873417721519,1,0.306946688206785,1,0.828660436137072,1,1,1,0.307332293291732,1,1,0.290625,0.296875,1,1,0.292758089368259,0.199066874027994,1,0.998427672955975,1,0,0.294871794871795,1,0.294117647058824,0.259433962264151,1,0.683153013910355,0.427692307692308,1,1,0.691019786910198,0.714285714285714,0.338118022328549,1,0.313084112149533,1,1,0.313291139240506,1,0.998439937597504,0.00783699059561128,0.30622009569378,1,1,0.301435406698565,1,1,0.289099526066351,0.360062893081761,1,1,1,0.5141065830721,0.297045101088647,0.333860759493671,0.306990881458967,0.322378716744914,0.706624605678233,0.313178294573643,0.311526479750779,0.296583850931677,0.258675078864353,0.30622009569378,1,0.306625577812018,0.998425196850394,0.299373040752351,0.0852359208523592,0.0523882896764253,1,1,0.0438871473354232,1,0.70077519379845,0.0469483568075117,0.0110759493670886,1,0.68944099378882,1,1,0.543443917851501,1,0,0.0772946859903382,1,1,1,0.309791332263242,0.656626506024096,0.700490998363339,0.996904024767802,1,0.984447900466563,0.291139240506329,0.356576862123613,1,0.287974683544304,1,0.369734789391576,0.106687898089172,0.292758089368259,0.300455235204856,0.315091210613599,1,0.0790697674418605,1,1,1,0.27906976744186,0.304487179487179,1,0.311912225705329,1,1,0.29320987654321,1,0.307575757575758,1,0.296,0.304278922345483,1,0.694620253164557,0.30521472392638,1,0.296,0.74414976599064,0.306870229007634,0.1671875,0.306525037936267,0.762738853503185,0.298887122416534,1,0.305164319248826,0.325038880248834,0.279320987654321,1,1,1,0.967105263157895,0.355371900826446,1,0.315372424722662,1,0.308319738988581,0.304821150855365,1,1,1,0.918876755070203,1,0.29618320610687,0.304212168486739,1,1,0.0547504025764895,0.0822784810126582,1,1,0.292452830188679,1,1,0.29874213836478,1,1,0.693163751987281,0.541411042944785,1,0,1,1,0.102918586789555,0.30829420970266,1,0.304821150855365,0.998454404945904,0.960505529225908,0.998410174880763,0.8149300155521,1,0.314102564102564,1,1,1,0,0.287603305785124,1,1,0.680379746835443,1,0.300623052959502,0.358934169278997,0.304212168486739,1,1,1,0.0948012232415902,0.301435406698565,0.0909090909090909,0.998405103668262,0.296466973886329,0.298761609907121,0.352395672333849,0,1,0.956386292834891,1,1,0.302694136291601,0.287671232876712,0.166134185303514,0.0427892234548336,0.309148264984227,0.300925925925926,0.312977099236641,0.00160513643659711,0.300925925925926,1,0,0.302147239263804,1,1,1,0.312210200927357,0.307339449541284,0.0405844155844156,1,0.293185419968304,0.2921875,1,1,0.305426356589147,0.708333333333333,1,1,0.70048309178744,1,0.29601226993865,1,0.304075235109718,0.542113323124043,0.683001531393568,0.396923076923077,1,0.282642089093702,0.306122448979592,0.697996918335901,0.683229813664596,1,0.307453416149068,1,0.307453416149068,1,0.303738317757009,0.292332268370607,0.34488188976378,0.525157232704403,0.307568438003221,0.291993720565149,0.68025078369906,0.300623052959502,0.151857835218094,1,0,1,0.281803542673108,1,0,0.299050632911392,0.3008,1,0.0590909090909091,1,0.0912,0.327044025157233,1,0.071097372488408,0.683881064162754,1,1,1,0.30064308681672,0.0416666666666667,1,0.416403785488959,0.101141924959217,0.35,0.302507836990596,0.306625577812018,1,1,1,1,1,0.0693815987933635,0.995433789954338,0.702362204724409,0.00303951367781155,0.305295950155763,1,1,1,1,0.0873634945397816,0.298921417565485,1,1,1,1,1,1,0.497674418604651,0.00157977883096367,1,0.0868217054263566,0.30298273155416,0.449367088607595,1,0.386046511627907,0.298360655737705,0.283720930232558,1,0.0438184663536776,0.301710730948678,1,1,0.35828025477707,0.297507788161994,0.301391035548686,0.299840510366826,0.998439937597504,0.316957210776545,0.29922480620155,0.403508771929825,0.309033280507132,0.970588235294118,0.30441400304414,0.0876623376623377,0.312202852614897,0,1,0.0966719492868463,0.293929712460064,0.299684542586751,0.29635499207607,1,1,1,1,1,1,0.323809523809524,1,0.300157977883096,0.307438016528926,0.597200622083981,0.694041867954911,1,1,0,0.294207317073171,0.125,0.998456790123457,0.0395569620253165,1,1,0.304625199362041,1,1,0.626984126984127,0.413738019169329,0.995502248875562,0.080824088748019,0.0993690851735016,1,1,1,0.0882352941176471,0,0.309119010819165,0.408517350157729,0.296636085626911,0,0.314102564102564,0.0907617504051864,1,1,0.30757341576507,0.30188679245283,0.264150943396226,0.318979266347687,0.299847792998478,0.301242236024845,1,1,0.317891373801917,1,0,1,0.24251968503937,1,0.693374422187982,1,0.300314465408805,0.29635499207607,0.0809968847352025,0.691358024691358,1,1,0.80127186009539,0.900161030595813,0.302066772655008,0.304761904761905,1,0.297805642633229,0.269645608628659,0.303370786516854,1,0.108150470219436,1,1,0.301109350237718,0.699186991869919,0.298387096774194,1,1,0.29320987654321,0.290171606864275,0.30521472392638,0.854003139717425,0.302884615384615,1,0.0577223088923557,1,1,0.711450381679389,0.655763239875389,0.312091503267974,0.0607476635514019,0.311216429699842,1,1,0.291993720565149,0.317034700315457,0.619344773790952,1,0.298003072196621,0.361963190184049,0.293663060278207,0.98937784522003,0.499215070643642,0.00462962962962963,0.296754250386399,0.307926829268293,0.311811023622047,0.294952681388013,0.302752293577982,0.970542635658915,1,0.296296296296296,0.565008025682183,0.701130856219709,0.256172839506173,0.694078947368421,1,0.31875,0.00321543408360129,0.313084112149533,0.295208655332303,0.351181102362205,0.30173775671406,0,0.316358024691358,0.29951690821256,0.303225806451613,0.306501547987616
"831",0.302034428794992,0.309748427672956,0.308641975308642,0.329093799682035,0.309859154929577,0.305863708399366,0.0111287758346582,0.31637519872814,0.310344827586207,0.586261980830671,0.316030534351145,0.648773006134969,0.505546751188589,0.320373250388802,1,1,0.632776934749621,0,0.326433121019108,0.310832025117739,1,1,0.31104199066874,0.524031007751938,0.313271604938272,1,1,0.333333333333333,0.302891933028919,0.516587677725118,1,0.581903276131045,0.359253499222395,0.9953125,0.669254658385093,0.319148936170213,0.137715179968701,0.316436251920123,1,0.296923076923077,0.00157728706624606,0,0,0.323899371069182,0.322169059011164,1,0.995283018867924,1,1,1,0.695046439628483,0.328050713153724,1,0.318181818181818,0.308527131782946,0.819182389937107,0.125195618153365,0.318252730109204,0.304953560371517,0.317111459968603,0.992272024729521,1,1,0.00470957613814757,0.314696485623003,0.317073170731707,0.664050235478807,0.326594090202177,0.626139817629179,1,0.316436251920123,1,1,0.268488745980707,0.164869029275809,0.314589665653495,1,0.99388379204893,0.316436251920123,1,0.611821086261981,1,1,0.319875776397516,1,0.319340329835082,0.308056872037915,0.322932917316693,0.31924882629108,0,0.315047021943574,0.320121951219512,0.690031152647975,0.598130841121495,0.306122448979592,0.651515151515151,0.680555555555556,0.311627906976744,0.128571428571429,0,0.31201248049922,0.634375,1,0.311897106109325,1,0.319938176197836,0,0.329721362229102,1,1,1,0.305772230889236,0.996923076923077,0.320872274143302,0.201210287443268,0.310240963855422,1,0.380152671755725,1,1,0.200927357032458,0.306153846153846,1,1,0.321483771251932,1,0.315007429420505,0.310030395136778,0.367601246105919,0.769817073170732,0.316129032258064,1,0.317683881064163,0.646084337349398,0.325769854132901,1,0,1,0.365625,0.89776357827476,0.590837282780411,0.607874015748031,0.308777429467085,0.31378763866878,1,0.312693498452012,1,0.299843014128728,0.489296636085627,0.318250377073906,1,0.30568356374808,0.318181818181818,0.318471337579618,0.321875,1,0.302180685358255,1,0.450381679389313,0.323664122137405,1,0.317484662576687,1,0.607936507936508,0.309262166405024,1,0.316118935837246,0.309090909090909,0.323943661971831,0.989312977099237,0.319938176197836,1,0.325471698113208,1,0.319870759289176,1,0.615023474178404,0.295839753466872,0.0327332242225859,0.29559748427673,0.31104199066874,1,0.298600311041991,0.312693498452012,0.310185185185185,0.325508607198748,1,1,0.320450885668277,0.318110236220472,1,1,0.322981366459627,0.245723172628305,0.0181543116490166,0.693270735524257,1,0.00156494522691706,0.315789473684211,1,0.32755905511811,0.306278713629403,0.313971742543171,1,1,1,0.31981981981982,0.317384370015949,0.31619937694704,0.681962025316456,0.302215189873418,1,0.330218068535826,1,1,0.438377535101404,0.3203125,0.317262830482115,0.326625386996904,0.301242236024845,0.308777429467085,0.655763239875389,1,1,0.311728395061728,0.00306278713629403,0.323216995447648,0.309090909090909,0.318818040435459,0.298136645962733,0.298761609907121,0.313988095238095,0.704160246533128,0.361280487804878,0.302180685358255,1,0.323390894819466,1,0.302255639097744,0.3015625,0.311526479750779,0.326018808777429,0.308681672025723,1,0.314112291350531,0.797488226059655,1,1,0.998412698412698,1,1,0.908945686900958,1,1,1,0.311349693251534,1,0.322734499205087,0,1,0.380664652567976,1,0.312202852614897,0.315625,0.309968847352025,0.416275430359937,1,0.315950920245399,1,1,1,1,0,0.306729264475743,1,1,0.319685039370079,1,0.318252730109204,1,1,0.305863708399366,0.323854660347551,0.292117465224111,0.152755905511811,0.327586206896552,0,0.605740181268882,1,0.311627906976744,0.318681318681319,0.594043887147335,1,1,0.317891373801917,0.322884012539185,1,0.662519440124417,0.70253164556962,0.303317535545024,0.324367088607595,0.995447647951442,0.318681318681319,0.306184012066365,1,0.307098765432099,0.297674418604651,1,0.302547770700637,0.319314641744548,0.30521472392638,0.308527131782946,1,1,1,0.30625,0.325396825396825,0.00930232558139535,0.993759750390016,0.327503974562798,1,1,0.30757341576507,0.320552147239264,0.301710730948678,0.312302839116719,0.308641975308642,1,0.301916932907348,0.3078125,0.5814696485623,1,0.851500789889415,1,0,1,0.318250377073906,1,1,0.424806201550388,0.998452012383901,0.309748427672956,1,0.305511811023622,0.299689440993789,0.303951367781155,1,1,0.312693498452012,0.380258899676375,0.634645669291339,0.298578199052133,1,1,1,0.315286624203822,1,0.204018547140649,1,1,1,1,0.319571865443425,1,0.309562398703404,0.328593996840442,0.678571428571429,0.298578199052133,1,0.31924882629108,0.31441717791411,0.307568438003221,1,0.308623298033283,1,0.316436251920123,0.474258970358814,0.318461538461538,0.321144674085851,0.314900153609831,1,0.315132605304212,0.300632911392405,1,1,0.318461538461538,0.30077519379845,1,0.491551459293395,0.30952380952381,0.32348367029549,0.324574961360124,0.687211093990755,1,0.293075684380032,1,0.42472266244057,0.301261829652997,0,0.886328725038402,0.317307692307692,0.316770186335404,0,0.0316455696202532,0.984276729559748,0.312024353120244,1,0.306376360808709,0.308562197092084,1,0.314241486068111,0.3152,0.669278996865204,1,0.316614420062696,0.315217391304348,1,0.310185185185185,0.304700162074554,1,0.33953488372093,0.309294871794872,0.315132605304212,0.331746031746032,0.797822706065319,1,0.987654320987654,1,1,0,1,0.992101105845182,1,0.43213728549142,0.996779388083736,0.307926829268293,0.993966817496229,0.331230283911672,0.995348837209302,0.623493975903614,0.646058732612056,0.311827956989247,0.309923664122137,0.646058732612056,0.313880126182965,0,0.63849765258216,0.700156985871272,0.318112633181126,0,0.298921417565485,0.304953560371517,0.771653543307087,0.321592649310873,0.694444444444444,0.612698412698413,0.309262166405024,0.314984709480122,0.291021671826625,1,0.0281899109792285,0,0.303215926493109,0.31937984496124,0.321646341463415,1,0.337480559875583,0.313479623824451,1,0.303405572755418,0.947040498442368,0.586921850079745,1,1,0.991776315789474,0.308396946564885,0.619047619047619,0.319213313161876,0.310457516339869,0.31104199066874,0.418461538461538,1,0.304487179487179,1,0.312101910828025,0.309791332263242,1,0.318252730109204,1,0.31619937694704,1,1,0.310769230769231,0,1,0.319444444444444,1,0.551242236024845,1,0.517665130568356,1,0.55,1,0.315619967793881,1,1,1,0.301412872841444,0.314785373608903,0.311450381679389,0.33495145631068,0.330065359477124,0.310832025117739,1,0.314503816793893,1,1,0.322480620155039,0.311216429699842,0.312594840667678,0.379256965944272,0.321928460342146,1,1,0.319444444444444,0.314696485623003,0.641955835962145,0.60952380952381,0.3109375,0.311605723370429,1,0.307098765432099,0.315233785822021,0.996850393700787,0.300476947535771,0.30077519379845,0,0.142857142857143,0.309968847352025,0.681547619047619,0.30952380952381,0.312977099236641,0.613981762917933,0.996904024767802,0.301092043681747,1,0.310452418096724,0.342723004694836,0.311811023622047,0.465437788018433,0.310077519379845,1,0.31733746130031,0.321316614420063,0.320754716981132,0.689497716894977,1,0.322169059011164,0.3125,0,0.321646341463415,0.998439937597504,0.9546875,1,0.317757009345794,0.318181818181818,0.311320754716981,0.595454545454545,1,0.605769230769231,0.327044025157233,1,1,0.968085106382979,0.682389937106918,0.322784810126582,0.347417840375587,0.316358024691358,0.313846153846154,1,1,0.525741029641186,0.64622641509434,1,1,0.998456790123457,0.696682464454976,1,0.319213313161876,0.68944099378882,1,0.32182103610675,0.311708860759494,0.312401883830455,0.996969696969697,1,0.657004830917874,0.315625,1,1,0.32258064516129,0.307692307692308,0.998454404945904,0,0.306477093206951,0.316535433070866,0.0046801872074883,0.308892355694228,1,0.30952380952381,1,0.144596651445967,0,0.91238670694864,0.328725038402458,1,1,0,0,0.319508448540707,1,0.306581059390048,0.998498498498498,0.305732484076433,1,0.998430141287284,0.965785381026439,0.780674846625767,1,1,0.0046801872074883,1,0.52724358974359,0.321766561514196,0.67741935483871,0.320872274143302,1,0.302936630602782,0.683962264150943,1,1,0.316535433070866,0.635400907715582,0.319875776397516,0.600315955766193,0.976114649681529,0.33125,0.615863141524106,0.00763358778625954,0.30829420970266,0.308282208588957,0.312977099236641,1,0.642967542503864,0.305810397553517,0.897674418604651,0.599683544303797,0.966463414634146,1,1,0.306976744186047,0.337620578778135,0.303030303030303,0.309119010819165,0.309119010819165,0.629129129129129,0.299546142208775,0,0.686478454680535,0.998442367601246,0.322932917316693,0.304212168486739,0.305111821086262,0.319083969465649,0.617554858934169,1,0.327188940092166,0.331775700934579,0.325358851674641,0.31496062992126,0.306278713629403,0.302507836990596,0.200305810397554,0.686804451510334,0.311912225705329,0.610510046367852,1,0.235109717868339,0.31832298136646,0.926100628930818,1,1,0.3125,0.641744548286604,1,0.306625577812018,0.290220820189274,0.960380348652932,1,1,0.9984,0.316770186335404,1,1,0.908227848101266,1,0.340490797546012,1,0.60702875399361,1,0.684129429892142,0.306870229007634,0.603125,1,1,0.995207667731629,0.320552147239264,0.321044546850998,0.323151125401929,0.315068493150685,0.318770226537217,0.323296354992076,0.986024844720497,0.310030395136778,1,1,0.72360248447205,0,0.313455657492355,0.311926605504587,0.686453576864536,1,0.570754716981132,0.319213313161876,0.651234567901235,0.30568356374808,0.320634920634921,1,0.309748427672956,0.315960912052117,0.682965299684543,0.92,0.316341829085457,0.612698412698413,0.59047619047619,0.328173374613003,0.320695102685624,0.300155520995334,0.608214849921011,0.686335403726708,1,0.895071542130366,1,0.672360248447205,0.996865203761755,0.61259842519685,0.314641744548287,0.324324324324324,1,1,0.440809968847352,0.993569131832797,0.996946564885496,1,0.306976744186047,0.319508448540707,1,0.311475409836066,0.686064318529862,0.332810047095761,0.46129541864139,0.297770700636943,0,0.30640243902439,1,1,0.606758832565284,0,0.321875,0.315047021943574,0.10410094637224,0.409090909090909,1,1,0.306625577812018,1,0.415748031496063,1,0.327300150829563,0.60061919504644,0.316614420062696,0.311424100156495,1,0,1,0.304975922953451,0.312796208530806,1,1,1,0.443561208267091,1,0.317034700315457,0.63013698630137,0.319571865443425,0.321543408360129,0,0.0425867507886435,1,0.635514018691589,1,0.322429906542056,0.3376,1,1,0.162287480680062,0.30829420970266,1,0.909923664122137,1,0.319938176197836,0.201248049921997,0.673405909797823,1,1,1,1,1,0.278713629402757,0.296296296296296,1,0.125,0,0.440993788819876,0,0.32018927444795,1,0.687402799377916,1,1,0.897709923664122,1,0.676425269645609,1,1,1,1
"832",0.568218298555377,0.541800643086817,0.553745928338762,0.533117932148627,0.5553772070626,0.555555555555556,0.872727272727273,0.539936102236422,0.556982343499197,0.560655737704918,0.547351524879615,0.504038772213247,0.353719008264463,0.551724137931034,0.116883116883117,0.126182965299685,0.534290271132376,0.884228187919463,0.552631578947368,0.560581583198708,0.121555915721232,0.130505709624796,0.549363057324841,0.610662358642973,0.563380281690141,0.123613312202853,0.118136439267887,0.534653465346535,0.565560821484992,0.33387358184765,0.129392971246006,0.295055821371611,0.494435612082671,0.115942028985507,0.466988727858293,0.563667232597623,0.988782051282051,0.542901716068643,0.120879120879121,0.560250391236307,0.889967637540453,0.884430176565008,0.875598086124402,0.529411764705882,0.54726368159204,0.113300492610837,0.118589743589744,0.114104595879556,0.128980891719745,0.114779874213836,0.453658536585366,0.545008183306056,0.1248,0.552715654952077,0.550488599348534,0.100977198697068,0.97708674304419,0.553054662379421,0.569354838709677,0.537842190016103,0.111111111111111,0.119617224880383,0.123980424143556,0.894568690095847,0.553719008264463,0.5488,0.493548387096774,0.542207792207792,0.52755905511811,0.120443740095087,0.553090332805071,0.117174959871589,0.115,0.591869918699187,0.96969696969697,0.56269592476489,0.117174959871589,0.107371794871795,0.537242472266244,0.12396694214876,0.545454545454545,0.110749185667752,0.130148270181219,0.544728434504792,0.10828025477707,0.545454545454545,0.548123980424144,0.535885167464115,0.53525641025641,0.877813504823151,0.545751633986928,0.552380952380952,0.446570972886762,0.548644338118022,0.541734860883797,0.50229709035222,0.458333333333333,0.5472,0.996649916247906,0.891268533772652,0.549679487179487,0.52411575562701,0.12258064516129,0.548657718120805,0.118421052631579,0.541062801932367,0.882075471698113,0.553921568627451,0.103225806451613,0.119741100323625,0.125796178343949,0.55188679245283,0.117073170731707,0.537842190016103,0.924679487179487,0.553822152886115,0.124401913875598,0.75,0.113564668769716,0.115635179153094,0.92156862745098,0.552884615384615,0.123613312202853,0.121911037891269,0.541996830427892,0.123003194888179,0.551083591331269,0.559055118110236,0.773828756058158,0.34850863422292,0.543046357615894,0.123577235772358,0.553398058252427,0.502340093603744,0.541528239202658,0.115569823434992,0.8896,0.118122977346278,0.483766233766234,0.235785953177258,0.54983922829582,0.535598705501618,0.549114331723027,0.539735099337748,0.12540192926045,0.560581583198708,0.108695652173913,0.56507413509061,0.362153344208809,0.542721518987342,0.113486842105263,0.566068515497553,0.561488673139159,0.556280587275693,0.544701986754967,0.105348460291734,0.555555555555556,0.109854604200323,0.695102685624013,0.550724637681159,0.1264,0.541996830427892,0.120578778135048,0.543230016313214,0.53960396039604,0.113300492610837,0.552117263843648,0.550324675324675,0.53484602917342,0.123003194888179,0.552166934189406,0.110749185667752,0.552,0.114886731391586,0.551839464882943,0.115447154471545,0.542264752791069,0.562903225806452,0.92671009771987,0.554098360655738,0.556464811783961,0.11900826446281,0.558587479935794,0.543548387096774,0.55700325732899,0.551342812006319,0.126418152350081,0.120578778135048,0.533996683250415,0.550239234449761,0.116613418530351,0.125619834710744,0.543720190779014,0.901116427432217,0.903426791277259,0.445337620578778,0.118022328548644,0.89297124600639,0.536115569823435,0.116427432216906,0.548760330578512,0.552715654952077,0.554140127388535,0.12540192926045,0.13015873015873,0.117355371900826,0.542503863987635,0.558333333333333,0.551834130781499,0.452459016393443,0.55784469096672,0.123355263157895,0.520766773162939,0.110932475884244,0.112012987012987,0.663974151857835,0.53960396039604,0.544585987261146,0.549273021001615,0.56661316211878,0.550653594771242,0.51373182552504,0.116504854368932,0.123809523809524,0.553822152886115,0.890127388535032,0.537124802527646,0.547581903276131,0.554294975688817,0.544871794871795,0.565217391304348,0.535657686212361,0.435064935064935,0.780952380952381,0.553772070626003,0.119205298013245,0.543230016313214,0.121212121212121,0.5552,0.553921568627451,0.548543689320388,0.534201954397394,0.54635761589404,0.120578778135048,0.538585209003215,0.086677367576244,0.106969205834684,0.126805778491172,0.117174959871589,0.12379421221865,0.121163166397415,0.232558139534884,0.108239095315024,0.106349206349206,0.110935023771791,0.553429027113238,0.117647058823529,0.540133779264214,0.888364779874214,0.1184,0.760064412238325,0.114516129032258,0.544117647058823,0.5424,0.549755301794454,0.712418300653595,0.126009693053312,0.542857142857143,0.120325203252033,0.124605678233438,0.113964686998395,0.128164556962025,0.888168557536467,0.557165861513688,0.121642969984202,0.11620294599018,0.548956661316212,0.115894039735099,0.5456,0.12241653418124,0.125200642054575,0.549248747913189,0.547420965058236,0.572347266881029,0.975767366720517,0.550819672131148,0.873817034700315,0.542768273716952,0.113418530351438,0.546178343949045,0.53518821603928,0.553429027113238,0.123417721518987,0.111292962356792,0.54424040066778,0.544861337683524,0.128824476650564,0.4770206022187,0.443535188216039,0.566068515497553,0.537190082644628,0.109872611464968,0.5456,0.566096423017107,0.121794871794872,0.548543689320388,0.566558441558442,0.122186495176849,0.558292282430213,0.547811993517018,0.553968253968254,0.548231511254019,0.12621359223301,0.130298273155416,0.118616144975288,0.555016181229773,0.551386623164764,0.88529886914378,0.109324758842444,0.54679802955665,0.116242038216561,0.129032258064516,0.55448717948718,0.537360890302067,0.55448717948718,0.549273021001615,0.552922590837283,0.120717781402936,0.560655737704918,0.556982343499197,0.561174551386623,0.113237639553429,0.274220032840722,0.124590163934426,0.882067851373183,0.117647058823529,0.543035993740219,0.111470113085622,0.108064516129032,0.718110236220472,0.119047619047619,0.554828150572831,0.124804992199688,0.551554828150573,0.562805872756933,0.549679487179487,0.107142857142857,0.119236883942766,0.553429027113238,0.474209650582363,0.531810766721044,0.562189054726368,0.115015974440895,0.113636363636364,0.111650485436893,0.541528239202658,0.121835443037975,0.919354838709677,0.123809523809524,0.112929623567921,0.106035889070147,0.11525974025974,0.540412044374009,0.125611745513866,0.550335570469799,0.542345276872964,0.466453674121406,0.559349593495935,0.117263843648208,0.546774193548387,0.554160125588697,0.552238805970149,0.119476268412439,0.556603773584906,0.12379421221865,0.545886075949367,0.383012820512821,0.5568,0.553542009884679,0.551834130781499,0.129186602870813,0.534539473684211,0.553017944535073,0.119162640901771,0.1232,0.545893719806763,0.557507987220447,0.115942028985507,0.662957074721781,0.556464811783961,0.542673107890499,0.538095238095238,0.445161290322581,0.118971061093248,0.552188552188552,0.129186602870813,0.70840197693575,0.552845528455285,0.880837359098229,0.0576,0.536945812807882,0.552334943639291,0.88801261829653,0.850819672131148,0.116316639741519,0.5472,0.117741935483871,0.553921568627451,0.546666666666667,0.117741935483871,0.554662379421222,0.555374592833876,0.4704,0.1152,0.556982343499197,0.533661740558292,0.115702479338843,0.552380952380952,0.566225165562914,0.111658456486043,0.794585987261146,0.545155993431856,0.53870458135861,0.538461538461538,0.0901771336553945,0.118483412322275,0.13961038961039,0.119122257053292,0.123244929797192,0.88961038961039,0.108626198083067,0.112877583465819,0.121835443037975,0.716129032258065,0.109452736318408,0.552755905511811,0.116822429906542,0.544117647058823,0.115072933549433,0.54160125588697,0.502377179080824,0.552425665101721,0.555031446540881,0.488,0.559800664451827,0.881789137380192,0.504746835443038,0.459150326797386,0.544728434504792,0.888888888888889,0.558213716108453,0.559808612440191,0.342622950819672,0.548335974643423,0.447495961227787,0.545454545454545,0.547231270358306,0.548489666136725,0.569354838709677,0.113861386138614,0.911490683229814,0.874161073825503,0.549763033175355,0.542673107890499,0.530063291139241,0.125407166123779,0.794830371567044,0.551446945337621,0.115072933549433,0.5553772070626,0.0780487804878049,0.566129032258065,0.119236883942766,0.117370892018779,0.110169491525424,0.558869701726845,0.530448717948718,0.547021943573668,0.551782682512733,0.545016077170418,0.711145996860283,0.117839607201309,0.568881685575365,0.115635179153094,0.559663865546218,0.545304777594728,0.114832535885167,0.552631578947368,0.1171875,0.534090909090909,0.117073170731707,0.119935170178282,0.542264752791069,0.883870967741936,0.117554858934169,0.553968253968254,0.101806239737274,0.33931484502447,0.125386996904025,0.617977528089888,0.123630672926448,0.316558441558442,0.125407166123779,0.551894563426689,0.11198738170347,0.105431309904153,0.12924071082391,0.56260162601626,0.555921052631579,0.549050632911392,0.511666666666667,0.804020100502513,0.548387096774194,0.10016694490818,0.530179445350734,0.12396694214876,0.122480620155039,0.542673107890499,0.537067545304778,0.547770700636943,0.477564102564103,0.537974683544304,0.128980891719745,0.131329113924051,0.536741214057508,0.538834951456311,0.504901960784314,0.552845528455285,0.555915721231767,0.538461538461538,0.122950819672131,0.567567567567568,0.553990610328638,0.1168,0.559405940594059,0.556982343499197,0.874403815580286,0.984202211690363,0.545746388443018,0.452566096423017,0.549755301794454,0.546325878594249,0.56120826709062,0.128246753246753,0.551386623164764,0.111642743221691,0.547657512116317,0.524350649350649,0.55663430420712,0.380348652931854,0.568403908794788,0.120860927152318,0.544,0.548701298701299,0.532894736842105,0.437001594896332,0.125,0.537437603993344,0.552166934189406,0.880645161290323,0.547923322683706,0.121555915721232,0.096,0.120521172638436,0.552674230145867,0.540540540540541,0.554119547657512,0.555205047318612,0.11869918699187,0.557755775577558,0.541195476575121,0.120253164556962,0.120063191153239,0.0977564102564103,0.458536585365854,0.54066985645933,0.498387096774194,0.546031746031746,0.546031746031746,0.107142857142857,0.119236883942766,0.628849270664506,0.50814332247557,0.125611745513866,0.120385232744783,0.122641509433962,0.45114006514658,0.118110236220472,0.538827258320127,0.4512,0.122222222222222,0.532258064516129,0.545602605863192,0.553745928338762,0.112179487179487,0.119047619047619,0.500829187396352,0.544881889763779,0.129720853858785,0.127760252365931,0.544283413848631,0.558213716108453,0.116987179487179,0.872665534804754,0.552674230145867,0.558587479935794,0.889789303079417,0.549363057324841,0.1328,0.566993464052288,0.122383252818035,0.976,0.884310618066561,0.223787167449139,0.539808917197452,0.118483412322275,0.114147909967846,0.876404494382023,0.892744479495268,0.542949756888169,0.114886731391586,0.546474358974359,0.122257053291536,0.547077922077922,0.117741935483871,0.120661157024793,0.096,0.349358974358974,0.11525974025974,0.124172185430464,0.901294498381877,0.118314424635332,0.605351170568562,0.563517915309446,0.458333333333333,0.536977491961415,0.121112929623568,0.552287581699346,0.463022508038585,0.116987179487179,0.126229508196721,0.561174551386623,0.514150943396226,0.533965244865719,0.559738134206219,0.107491856677524,0.525121555915721,0.5311004784689,0.888357256778309,0.547385620915033,0.550888529886914,0.544,0.111486486486486,0.511041009463722,0.556438791732909,0.088379705400982,0.549342105263158,0.0893416927899686,0.113418530351438,0.123824451410658,0.555016181229773,0.523809523809524,0.561374795417349,0.551834130781499,0.553429027113238,0.517405063291139,0.566455696202532,0.87741935483871,0.456964006259781,0.11525974025974,0.538585209003215,0.557723577235772,0.541666666666667,0.54675118858954,0.535545023696682,0.125391849529781,0.531545741324921,0.529220779220779,0.540765391014975,0.544715447154472,0.548956661316212,0.563311688311688,0.930599369085173,0.463815789473684,0.549019607843137,0.54858934169279,0.122611464968153,0.889245585874799,0.547077922077922,0.108943089430894,0.115894039735099,0.124006359300477,0.559870550161812,0.503184713375796,0.1168,0.5488,0.566993464052288,0.0970394736842105,0.111642743221691,0.107890499194847,0.124161073825503,0.543859649122807,0.119868637110016,0.119547657512116,0.226973684210526,0.116693679092382,0.507987220447284,0.112307692307692,0.556105610561056,0.123176661264182,0.457142857142857,0.560386473429952,0.535303776683087,0.124386252045827,0.119741100323625,0.117073170731707,0.541864139020537,0.533870967741935,0.539344262295082,0.546191247974068,0.557595993322204,0.554649265905383,0.113821138211382,0.567741935483871,0.115635179153094,0.104991394148021,0.407348242811502,0.872340425531915,0.553429027113238,0.555732484076433,0.458003169572108,0.111811023622047,0.570502431118314,0.539906103286385,0.487765089722675,0.554838709677419,0.554635761589404,0.114331723027375,0.548599670510708,0.548986486486487,0.426256077795786,0.208609271523179,0.544891640866873,0.533996683250415,0.564489112227806,0.549520766773163,0.538714991762768,0.552287581699346,0.556270096463023,0.462519936204147,0.114147909967846,0.0836012861736334,0.121069182389937,0.460443037974684,0.114886731391586,0.538461538461538,0.553745928338762,0.545454545454545,0.119236883942766,0.119741100323625,0.706260032102729,0.10648918469218,0.126984126984127,0.119354838709677,0.544715447154472,0.545161290322581,0.114427860696517,0.5515625,0.458804523424879,0.536858974358974,0.676898222940226,0.55810147299509,0.888357256778309,0.560629921259843,0.110749185667752,0.123128119800333,0.545016077170418,0.8848,0.546623794212219,0.550819672131148,0.770226537216828,0.579638752052545,0.124590163934426,0.118226600985222,0.554140127388535,0.1056,0.7085346215781,0.118811881188119,0.541009463722397,0.556089743589744,0.5568,0.553017944535073,0.120325203252033,0.876871880199667,0.118226600985222,0.551839464882943,0.544861337683524,0.122222222222222,0.114516129032258,0.1171875,0.553745928338762,0.10983606557377,0.542673107890499,0.519872813990461,0.540930979133226,0.551495016611296,0.884126984126984,0.930868167202572,0.112396694214876,0.516181229773463,0.116013071895425,0.54885993485342,0.529508196721311,0.121112929623568,0.111650485436893,0.890822784810127,0.546899841017488,0.117554858934169,0.225961538461538,0.122749590834697,0.569400630914827,0.937299035369775,0.450079239302694,0.12621359223301,0.108108108108108,0.103960396039604,0.125,0.12202852614897,0.580385852090032,0.565008025682183,0.125,1,0.882160392798691,0.69551282051282,0.876046901172529,0.536466774716369,0.112,0.464696223316913,0.106280193236715,0.115015974440895,0.240322580645161,0.106382978723404,0.457735247208931,0.125796178343949,0.129296235679214,0.108731466227348,0.120325203252033
"833",0.698872785829308,0.693910256410256,0.688575899843505,0.667721518987342,0.685897435897436,0.6912,0.986798679867987,0.680511182108626,0.686708860759494,0.429508196721311,0.681747269890796,0.36608557844691,0.4784,0.680952380952381,0.00159489633173844,0.00156739811912226,0.374414976599064,1,0.68370607028754,0.698564593301435,0.00159235668789809,0.00160771704180064,0.67817896389325,0.48811410459588,0.694573643410853,0.00158227848101266,0.00161290322580645,0.663366336633663,0.696400625978091,0.470779220779221,0.00157232704402516,0.411949685534591,0.636220472440945,0.00470957613814757,0.332794830371567,0.685245901639344,0.863344051446945,0.68025078369906,0.00152905198776758,0.693877551020408,1,0.998407643312102,0.998444790046656,0.674085850556439,0.681089743589744,0,0.00317460317460317,0.00154320987654321,0.00157728706624606,0.00157232704402516,0.304821150855365,0.6768,0.00155763239875389,0.676656151419558,0.694968553459119,0.178743961352657,0.885350318471338,0.673076923076923,0.682170542635659,0.68370607028754,0.0062015503875969,0,0,0.996815286624204,0.686084142394822,0.681818181818182,0.348314606741573,0.687697160883281,0.393846153846154,0,0.681889763779528,0.00158227848101266,0.00161290322580645,0.726537216828479,0.847589424572317,0.687211093990755,0.0015625,0.0062402496099844,0.680817610062893,0.00164203612479475,0.40327868852459,0.00159489633173844,0.0015552099533437,0.682737169517885,0.00156739811912226,0.679012345679012,0.687702265372168,0.683279742765273,0.684380032206119,1,0.683870967741935,0.679566563467492,0.310236220472441,0.414442700156986,0.688925081433225,0.362940275650842,0.323899371069182,0.692429022082019,0.883495145631068,0.998397435897436,0.69047619047619,0.376413570274637,0.00159489633173844,0.686985172981878,0.00162074554294976,0.682847896440129,0.998402555910543,0.680952380952381,0.00159744408945687,0.00156985871271586,0.00158227848101266,0.698738170347003,0.00156739811912226,0.680314960629921,0.80370942812983,0.694915254237288,0,0.631496062992126,0,0.00159489633173844,0.80824088748019,0.693290734824281,0.00156739811912226,0,0.666666666666667,0.0015748031496063,0.677914110429448,0.696124031007752,0.637931034482759,0.242283950617284,0.688013136288998,0.00159744408945687,0.682539682539683,0.36986301369863,0.67483660130719,0.00156494522691706,1,0,0.624012638230648,0.115635179153094,0.418006430868167,0.413078149920255,0.687301587301587,0.680129240710824,0.00158982511923688,0.695721077654517,0.00153374233128834,0.701923076923077,0.482059282371295,0.683229813664596,0,0.696540880503145,0.674085850556439,0.676422764227642,0.678048780487805,0,0.689381933438986,0.00159744408945687,0.574102964118565,0.678683385579937,0.00157977883096367,0.686335403726708,0.00159744408945687,0.41091492776886,0.685245901639344,0.00163132137030995,0.677621283255086,0.689274447949527,0.677265500794913,0.0110759493670886,0.671521035598705,0,0.684294871794872,0.00156985871271586,0.68780487804878,0.00160513643659711,0.403174603174603,0.707547169811321,0.969155844155844,0.698412698412698,0.677777777777778,0.00161030595813205,0.697262479871176,0.680817610062893,0.684210526315789,0.677884615384615,0.00161550888529887,0,0.679674796747967,0.68,0.00156494522691706,0.00160771704180064,0.681318681318681,0.774091627172196,0.983206106870229,0.304416403785489,0.00157232704402516,1,0.68503937007874,0.00152905198776758,0.683360258481422,0.688372093023256,0.689655172413793,0.00473186119873817,0.00154083204930663,0.0016,0.676970633693972,0.690208667736758,0.682242990654206,0.311897106109325,0.69983948635634,0.00161812297734628,0.66347687400319,0.00156494522691706,0.00158227848101266,0.569422776911076,0.680194805194805,0.683464566929134,0.678740157480315,0.697305863708399,0.685393258426966,0.357710651828299,0.00159235668789809,0.00156985871271586,0.681889763779528,0.996865203761755,0.674382716049383,0.691244239631336,0.68370607028754,0.698587127158556,0.69935691318328,0.6875,0.304278922345483,0.645110410094637,0.701726844583987,0.00159235668789809,0.679611650485437,0,0.691222570532915,0.695299837925446,0.693650793650794,0.670382165605096,0.694942903752039,0.00157232704402516,0.681528662420382,0.2,0.00158478605388273,0.0015625,0,0,0.00158730158730159,0.111831442463533,0.00159489633173844,0,0.00158227848101266,0.689655172413793,0.00156739811912226,0.680194805194805,0.9984375,0.00159235668789809,0.631415241057543,0,0.6816,0.680713128038898,0.68362480127186,0.584,0.00158478605388273,0.67398119122257,0.00159744408945687,0.0015527950310559,0,0.00157232704402516,0.9984,0.688498402555911,0.00156739811912226,0,0.680379746835443,0.00162866449511401,0.680685358255452,0.00156985871271586,0.00161030595813205,0.698083067092652,0.671544715447154,0.69969040247678,0.854430379746835,0.67741935483871,0.998417721518987,0.40809968847352,0.00158478605388273,0.684867394695788,0.679153094462541,0.420221169036335,0.0015552099533437,0.0016025641025641,0.67483660130719,0.67536704730832,0.00157728706624606,0.342229199372057,0.291325695581015,0.695374800637959,0.685245901639344,0.00617283950617284,0.682539682539683,0.703533026113671,0.0015625,0.681458003169572,0.696540880503145,0.00156985871271586,0.691558441558442,0.687697160883281,0.688783570300158,0.687301587301587,0.0016025641025641,0.00153139356814701,0,0.696,0.678343949044586,0.992199687987519,0.00631911532385466,0.677367576243981,0,0.00159235668789809,0.691588785046729,0.67906976744186,0.704113924050633,0.6832,0.68362480127186,0.00159489633173844,0.701923076923077,0.691693290734824,0.432300163132137,0,0.169572107765452,0.00162337662337662,1,0.00155038759689922,0.676470588235294,0.00159235668789809,0.0016,0.585403726708075,0.00156494522691706,0.679092382495948,0.00153609831029186,0.689710610932476,0.697784810126582,0.679873217115689,0.00158982511923688,0.00154798761609907,0.693146417445483,0.603252032520325,0.388349514563107,0.696284329563813,0,0.0016025641025641,0.00161550888529887,0.689710610932476,0,0.810126582278481,0.00157232704402516,0.00156494522691706,0.0016260162601626,0,0.68125,0.00162337662337662,0.686178861788618,0.668269230769231,0.32,0.695934959349593,0.00158227848101266,0.683385579937304,0.686427457098284,0.691297208538588,0.00158982511923688,0.703125,0.00161290322580645,0.678407350689127,0.516279069767442,0.682539682539683,0.6768,0.686427457098284,0.00157728706624606,0.688102893890675,0.694805194805195,0.00156494522691706,0.00157728706624606,0.676751592356688,0.697160883280757,0.00161290322580645,0.525581395348837,0.683870967741935,0.675590551181102,0.6801872074883,0.312989045383412,0.00162337662337662,0.699173553719008,0.0016,0.584269662921348,0.696682464454976,0.998435054773083,0.117647058823529,0.687096774193548,0.689274447949527,1,0.971563981042654,0.0158982511923688,0.688995215311005,0.00158982511923688,0.689381933438986,0.691176470588235,0.00159744408945687,0.676380368098159,0.693290734824281,0.323809523809524,0,0.680511182108626,0.68130081300813,0,0.687697160883281,0.690553745928339,0,0.669303797468354,0.695024077046549,0.684867394695788,0.67479674796748,0.201248049921997,0.0016,0.0209003215434084,0.00153846153846154,0.00159235668789809,1,0.00157232704402516,0.0047244094488189,0.00156494522691706,0.576433121019108,0.00320512820512821,0.696456086286595,0.00614439324116743,0.674085850556439,0.00316957210776545,0.400928792569659,0.371875,0.677519379844961,0.686728395061728,0.356807511737089,0.688417618270799,0.998449612403101,0.373626373626374,0.311216429699842,0.681388012618297,1,0.690095846645367,0.702830188679245,0.240322580645161,0.677725118483412,0.309636650868878,0.405228758169935,0.688995215311005,0.684292379471229,0.708399366085578,0,0.977099236641221,0.998363338788871,0.690966719492868,0.6768,0.674565560821485,0.00161550888529887,0.660194174757282,0.688291139240506,0.0016,0.700310559006211,0.0536277602523659,0.431781701444623,0,0.00154320987654321,0.00823723228995058,0.68167701863354,0.401869158878505,0.67741935483871,0.693311582381729,0.6912,0.58887171561051,0.00161290322580645,0.692429022082019,0.00160513643659711,0.686084142394822,0.691318327974277,0,0.6832,0.00152439024390244,0.678343949044586,0,0.00163132137030995,0.692429022082019,1,0.00155038759689922,0.680817610062893,0,0.422291993720565,0,0.497637795275591,0.00154083204930663,0.435054773082942,0.00161550888529887,0.684552845528455,0.00157232704402516,0,0.00156739811912226,0.695859872611465,0.676422764227642,0.68380062305296,0.653973509933775,0.663907284768212,0.694753577106518,0.00165289256198347,0.678343949044586,0.00166112956810631,0,0.680952380952381,0.681818181818182,0.687888198757764,0.617834394904459,0.678300455235205,0,0.00156985871271586,0.672386895475819,0.687196110210697,0.370731707317073,0.406099518459069,0.6875,0.681229773462783,0.0016025641025641,0.694136291600634,0.690184049079755,0.0063391442155309,0.694581280788177,0.696875,0.998425196850394,0.865325077399381,0.688498402555911,0.314112291350531,0.6957928802589,0.678125,0.403815580286169,0.00316455696202532,0.691693290734824,0.00160513643659711,0.691082802547771,0.659305993690852,0.694888178913738,0.514018691588785,0.6912,0,0.682108626198083,0.682333873581848,0.673170731707317,0.309748427672956,0.0016366612111293,0.683441558441558,0.689547581903276,1,0.68088467614534,0.00157232704402516,0.0434782608695652,0.00156985871271586,0.688888888888889,0.682389937106918,0.688709677419355,0.412130637636081,0.00160513643659711,0.409756097560976,0.674157303370786,0,0.00156494522691706,0.0313479623824451,0.318471337579618,0.682464454976303,0.642405063291139,0.686119873817035,0.689708141321045,0.0016,0.00153609831029186,0.492845786963434,0.370786516853933,0.00160771704180064,0.00158478605388273,0.00155763239875389,0.307814992025518,0.0015527950310559,0.680981595092024,0.3168,0.0015625,0.681458003169572,0.686688311688312,0.684542586750789,0.00313479623824451,0.00153374233128834,0.352941176470588,0.685126582278481,0.00163132137030995,0.00154798761609907,0.678955453149002,0.685758513931889,0.00157728706624606,0.99836867862969,0.685303514376997,0.68370607028754,0.995192307692308,0.68944099378882,0.00154559505409583,0.690437601296596,0.00160513643659711,0.859594383775351,0.998454404945904,0.108191653786708,0.673534072900158,0.00157232704402516,0.0015748031496063,0.998430141287284,1,0.670866141732283,0.0015748031496063,0.68780487804878,0,0.701298701298701,0.0016025641025641,0.0016,0.0363924050632911,0.234375,0.00161550888529887,0.00161030595813205,0.995184590690209,0.00156985871271586,0.485099337748344,0.677316293929712,0.321372854914197,0.674961119751166,0.00158227848101266,0.696485623003195,0.317891373801917,0,0.00162337662337662,0.684039087947883,0.384259259259259,0.678740157480315,0.404761904761905,0.028892455858748,0.672,0.393364928909953,0.989010989010989,0.690851735015773,0.682965299684543,0.687306501547988,0.00162866449511401,0.364779874213836,0.698924731182796,0.106349206349206,0.410130718954248,0.0297339593114241,0.00154559505409583,0,0.691943127962085,0.669381107491857,0.693181818181818,0.691573926868045,0.694006309148265,0.382978723404255,0.685358255451713,0.998430141287284,0.322775263951735,0.0015748031496063,0.67981072555205,0.695161290322581,0.68780487804878,0.679447852760736,0.394230769230769,0.00156985871271586,0.672897196261682,0.665594855305466,0.680781758957655,0.681388012618297,0.690625,0.6864,0.818040435458787,0.319870759289176,0.681020733652313,0.403726708074534,0.00157728706624606,0.767885532591415,0.690737833594976,0.0772946859903382,0.00162866449511401,0.00158982511923688,0.696969696969697,0.361769352290679,0,0.686028257456829,0.704866562009419,0.040650406504065,0,0.00157728706624606,0.00161030595813205,0.684210526315789,0,0.0015748031496063,0.106796116504854,0.00157232704402516,0.656200941915228,0.00155038759689922,0.408794788273616,0,0.320493066255778,0.694136291600634,0.395121951219512,0.0016260162601626,0.00161812297734628,0.00955414012738853,0.684292379471229,0.67981072555205,0.681372549019608,0.681747269890796,0.689710610932476,0.67741935483871,0.0162866449511401,0.688188976377953,0.00158982511923688,0,0.294488188976378,1,0.685446009389671,0.683641975308642,0.321372854914197,0.00153609831029186,0.446345256609642,0.674418604651163,0.346774193548387,0.688995215311005,0.684466019417476,0.00159489633173844,0.695024077046549,0.694214876033058,0.31219512195122,0.0998336106489185,0.680786686838124,0.401273885350318,0.424635332252836,0.674454828660436,0.676375404530744,0.69826224328594,0.405362776025237,0.317262830482115,0,0.100638977635783,0.0015600624024961,0.32967032967033,0.00160771704180064,0.4185667752443,0.685126582278481,0.680129240710824,0.00155763239875389,0.00155038759689922,0.571884984025559,0.00487012987012987,0.00315955766192733,0.00157232704402516,0.6864,0.680379746835443,0.00161030595813205,0.685758513931889,0.318681318681319,0.674157303370786,0.547581903276131,0.700320512820513,0.998447204968944,0.695447409733124,0,0.00161550888529887,0.408163265306122,1,0.673501577287066,0.68312101910828,0.89622641509434,0.593800978792822,0.00161030595813205,0,0.689655172413793,0.00159235668789809,0.600633914421553,0.00161030595813205,0.68,0.418096723868955,0.67948717948718,0.687296416938111,0,1,0.00159744408945687,0.695374800637959,0.684380032206119,0.00158478605388273,0.00158227848101266,0.00151285930408472,0.567092651757188,0.00161550888529887,0.684713375796178,0.381846635367762,0.66824644549763,0.685154975530179,1,0.963258785942492,0.00164203612479475,0.371069182389937,0.00158730158730159,0.680952380952381,0.671052631578947,0,0.00159744408945687,0.847589424572317,0.688498402555911,0.0015552099533437,0.101246105919003,0.00156494522691706,0.678740157480315,0.808544303797468,0.3203125,0,0.0015527950310559,0.00161550888529887,0.00159744408945687,0.00154559505409583,0.71141975308642,0.701130856219709,0,0.882160392798691,1,0.561128526645768,0.998338870431894,0.675806451612903,0.00159235668789809,0.314785373608903,0.00157232704402516,0.00159235668789809,0.108661417322835,0,0.319182389937107,0.00161290322580645,0.00161030595813205,0.00160513643659711,0.00161290322580645
"834",0.241001564945227,0.222395023328149,0.239938080495356,0.226114649681529,0.228125,0.244548286604361,0.533546325878594,0.24294670846395,0.255054432348367,0.869774919614148,0.236641221374046,0.82542113323124,0.0981012658227848,0.230889235569423,0.446372239747634,0.454823889739663,0.833075734157651,0.559677419354839,0.237871674491393,0.240625,0.463949843260188,0.441823899371069,0.23896499238965,0.921996879875195,0.256134969325153,0.43531202435312,0.447115384615385,0.243548387096774,0.247706422018349,0.151419558359621,0.463790446841294,0.143297380585516,0.207430340557276,0.455538221528861,0.770440251572327,0.239482200647249,0.704510108864697,0.227202472952087,0.45398773006135,0.243410852713178,0.577223088923557,0.555382215288612,0.558421851289833,0.221690590111643,0.233807266982622,0.436018957345972,0.440944881889764,0.442748091603053,0.436055469953775,0.438759689922481,0.763693270735524,0.232594936708861,0.452566096423017,0.233644859813084,0.236641221374046,0.266355140186916,0.695447409733124,0.234009360374415,0.255023183925811,0.241809672386895,0.430513595166163,0.443585780525502,0.441455696202532,0.573228346456693,0.249190938511327,0.247706422018349,0.807511737089202,0.231124807395994,0.841945288753799,0.425531914893617,0.238390092879257,0.439137134052388,0.438291139240506,0.282539682539683,0.73353751914242,0.24287856071964,0.446483180428135,0.419062027231467,0.242424242424242,0.441412520064205,0.86031746031746,0.433281004709576,0.435257410296412,0.245112781954887,0.424427480916031,0.232732732732733,0.249612403100775,0.228748068006182,0.22257053291536,0.542901716068643,0.237795275590551,0.236722306525038,0.763239875389408,0.870570107858243,0.2390625,0.820395738203957,0.764890282131661,0.23780487804878,0.6957928802589,0.574367088607595,0.244648318042813,0.830721003134796,0.456521739130435,0.240384615384615,0.438485804416404,0.24375,0.570121951219512,0.241809672386895,0.443057722308892,0.437403400309119,0.426605504587156,0.247706422018349,0.434451219512195,0.227272727272727,0.762996941896025,0.241430700447094,0.443057722308892,0.951070336391437,0.431372549019608,0.441455696202532,0.769230769230769,0.231839258114374,0.440184049079755,0.437201907790143,0.229483282674772,0.456923076923077,0.232937685459941,0.239757207890744,0.929012345679012,0.652439024390244,0.235576923076923,0.44794952681388,0.24,0.814092953523238,0.22488038277512,0.442040185471406,0.568807339449541,0.43206106870229,0.169811320754717,0.577922077922078,0.864274570982839,0.861635220125786,0.242566510172144,0.230769230769231,0.437888198757764,0.229559748427673,0.432432432432432,0.247663551401869,0.115562403697997,0.240909090909091,0.453525641025641,0.234836702954899,0.243328100470958,0.241809672386895,0.22992125984252,0.413416536661466,0.241486068111455,0.43125,0.984709480122324,0.233846153846154,0.449074074074074,0.241221374045802,0.446511627906977,0.847003154574132,0.228070175438596,0.434375,0.250783699059561,0.247706422018349,0.241379310344828,0.420245398773006,0.244131455399061,0.421875,0.238317757009346,0.430359937402191,0.23186119873817,0.441082802547771,0.843410852713178,0.244961240310078,0.618506493506494,0.233438485804416,0.240249609984399,0.449843260188088,0.238828967642527,0.240683229813665,0.237730061349693,0.240683229813665,0.442006269592476,0.442073170731707,0.2359375,0.234567901234568,0.434049079754601,0.462145110410095,0.235474006116208,0.787692307692308,0.57593984962406,0.759630200308166,0.42967542503864,0.573643410852713,0.237577639751553,0.439209726443769,0.247603833865815,0.243609022556391,0.2328125,0.446808510638298,0.453703703703704,0.435736677115987,0.239940387481371,0.2384,0.230886850152905,0.780063291139241,0.241379310344828,0.450949367088608,0.2203125,0.43730407523511,0.439252336448598,0.484662576687117,0.226059654631083,0.23206106870229,0.238390092879257,0.251956181533646,0.234741784037559,0.803100775193798,0.436817472698908,0.432926829268293,0.24537037037037,0.561643835616438,0.233333333333333,0.245827010622155,0.25,0.240683229813665,0.241809672386895,0.240181268882175,0.756134969325153,0.936728395061728,0.244582043343653,0.439178515007899,0.223622047244094,0.447166921898928,0.234303215926493,0.239811912225705,0.23125,0.22626582278481,0.23444976076555,0.423963133640553,0.242748091603053,0.244444444444444,0.423197492163009,0.435384615384615,0.444620253164557,0.430359937402191,0.423380726698262,0.54160125588697,0.425499231950845,0.434782608695652,0.429223744292237,0.257186081694402,0.429230769230769,0.234726688102894,0.552710843373494,0.433846153846154,0.946808510638298,0.443234836702955,0.235478806907378,0.224648985959438,0.240625,0.985915492957746,0.452307692307692,0.226993865030675,0.433962264150943,0.432515337423313,0.4328125,0.436055469953775,0.55054432348367,0.234472049689441,0.43778801843318,0.43956043956044,0.242902208201893,0.457006369426752,0.246177370030581,0.445619335347432,0.456086286594761,0.231839258114374,0.232114467408585,0.23943661971831,0.721362229102167,0.2234375,0.559875583203733,0.860606060606061,0.429017160686427,0.242236024844721,0.230529595015576,0.863496932515337,0.436923076923077,0.427001569858713,0.237560192616372,0.239130434782609,0.446345256609642,0.784829721362229,0.757911392405063,0.233176838810642,0.238924050632911,0.427492447129909,0.236391912908243,0.244377811094453,0.444272445820433,0.242138364779874,0.236391912908243,0.436447166921899,0.247311827956989,0.244094488188976,0.243788819875776,0.233281493001555,0.438569206842924,0.451127819548872,0.443381180223285,0.24031007751938,0.24685534591195,0.566820276497696,0.438679245283019,0.233542319749216,0.450229709035222,0.452418096723869,0.238167938931298,0.230769230769231,0.2326656394453,0.237654320987654,0.23950233281493,0.43944099378882,0.237795275590551,0.250391236306729,0.862284820031299,0.435185185185185,0.583596214511041,0.448494453248811,0.559875583203733,0.436923076923077,0.239819004524887,0.458003169572108,0.433281004709576,0.986153846153846,0.43969465648855,0.243670886075949,0.443768996960486,0.235759493670886,0.2359375,0.241433021806854,0.461180124223602,0.446808510638298,0.23950233281493,0.163132137030995,0.826771653543307,0.247226624405705,0.434108527131783,0.444094488188976,0.442748091603053,0.237871674491393,0.440860215053763,0.762870514820593,0.439628482972136,0.452119309262166,0.443561208267091,0.454545454545455,0.23963133640553,0.433962264150943,0.226904376012966,0.234009360374415,0.76049766718507,0.2359375,0.44006309148265,0.244094488188976,0.237518910741301,0.229299363057325,0.425867507886435,0.23644578313253,0.451968503937008,0.241641337386018,0.115501519756839,0.244548286604361,0.239370078740157,0.235562310030395,0.450617283950617,0.231611893583725,0.235387045813586,0.441358024691358,0.4375,0.230769230769231,0.244094488188976,0.442218798151002,0.946236559139785,0.2384,0.239130434782609,0.224961479198767,0.765258215962441,0.450920245398773,0.2384,0.445121951219512,0.984276729559748,0.243788819875776,0.552307692307692,0.315068493150685,0.228070175438596,0.22706065318818,0.580209895052474,0.542503863987635,0.421875,0.237209302325581,0.443585780525502,0.23968253968254,0.221324717285945,0.438377535101404,0.233486943164363,0.240188383045526,0.771384136858476,0.431279620853081,0.245283018867925,0.224615384615385,0.437699680511182,0.235023041474654,0.240126382306477,0.442879499217527,0.899536321483771,0.240944881889764,0.228527607361963,0.23125,0.236280487804878,0.449922958397535,0.470774091627172,0.44812030075188,0.439137134052388,0.561622464898596,0.421296296296296,0.430124223602484,0.446841294298921,0.9875,0.451664025356577,0.248456790123457,0.443778110944528,0.232704402515723,0.448757763975155,0.856278366111952,0.814984709480122,0.236006051437216,0.242658423493045,0.820433436532508,0.237012987012987,0.569254185692542,0.819314641744548,0.778125,0.223926380368098,0.564945226917058,0.242990654205607,0.238167938931298,0.664576802507837,0.23943661971831,0.757763975155279,0.855784469096672,0.2296875,0.237730061349693,0.255417956656347,0.444099378881988,0.591776798825257,0.541062801932367,0.265243902439024,0.230650154798762,0.198461538461538,0.461778471138846,0.899529042386185,0.235384615384615,0.449275362318841,0.234108527131783,0.38810641627543,0.868044515103339,0.457098283931357,0.43202416918429,0.433006535947712,0.248854961832061,0.849085365853659,0.246951219512195,0.225283630470016,0.235202492211838,0.984984984984985,0.430379746835443,0.246081504702194,0.457098283931357,0.242765273311897,0.231259968102073,0.442218798151002,0.227129337539432,0.444947209653092,0.245696400625978,0.454823889739663,0.435458786936236,0.233281493001555,0.561240310077519,0.435240963855422,0.236641221374046,0.4352,0.185534591194969,0.454961832061069,0.927244582043344,0.438438438438438,0.150943396226415,0.440570522979398,0.25,0.428794992175274,0.424615384615385,0.463565891472868,0.242236024844721,0.244444444444444,0.244309559939302,0.2016,0.889067524115756,0.237577639751553,0.426307448494453,0.226415094339623,0.447495961227787,0.440422322775264,0.225460122699387,0.234248788368336,0.23216995447648,0.162538699690402,0.22239263803681,0.440909090909091,0.452012383900929,0.226502311248074,0.22626582278481,0.834375,0.848200312989045,0.231839258114374,0.234741784037559,0.454689984101749,0.248833592534992,0.236526946107784,0.437694704049844,0.252396166134185,0.233486943164363,0.557959814528594,0.720789074355083,0.2328125,0.76,0.245283018867925,0.247295208655332,0.849170437405732,0.443573667711599,0.232963549920761,0.42015503875969,0.230283911671924,0.20846394984326,0.25508607198748,0.102760736196319,0.245641838351823,0.44408945686901,0.233281493001555,0.238317757009346,0.230891719745223,0.769113149847095,0.444976076555024,0.223454833597464,0.237082066869301,0.559055118110236,0.236641221374046,0.446153846153846,0.400921658986175,0.444790046656299,0.229135053110774,0.234108527131783,0.237048665620094,0.861280487804878,0.42472266244057,0.857364341085271,0.2328125,0.452743902439024,0.458333333333333,0.396923076923077,0.759873617693523,0.230889235569423,0.177469135802469,0.229102167182663,0.241112828438949,0.43213728549142,0.435857805255023,0.93026941362916,0.815789473684211,0.445131375579598,0.442700156985871,0.437308868501529,0.767772511848341,0.450229709035222,0.230534351145038,0.758293838862559,0.446153846153846,0.233024691358025,0.247648902821317,0.237129485179407,0.441896024464832,0.445121951219512,0.812297734627832,0.237577639751553,0.471317829457364,0.454823889739663,0.241538461538462,0.250769230769231,0.445669291338583,0.556451612903226,0.234375,0.235478806907378,0.553291536050157,0.238601823708207,0.45662100456621,0.246835443037975,0.445652173913043,0.725731895223421,0.568147013782542,0.548632218844985,0.241167434715822,0.447129909365559,0.441176470588235,0.551459293394777,0.566009104704097,0.231974921630094,0.439878234398782,0.240322580645161,0.438729198184569,0.226415094339623,0.439628482972136,0.44811320754717,0.406593406593407,0.584758942457232,0.436908517350158,0.446540880503145,0.58179012345679,0.438080495356037,0.912621359223301,0.23861852433281,0.772797527047913,0.236111111111111,0.453396524486572,0.241860465116279,0.777265745007681,0.440809968847352,0.432601880877743,0.242424242424242,0.831562974203338,0.249614791987673,0.860062893081761,0.409448818897638,0.226356589147287,0.829984544049459,0.576744186046512,0.240625,0.226708074534162,0.220858895705521,0.449920508744038,0.820121951219512,0.23338485316847,0.332283464566929,0.8592,0.404287901990812,0.437596302003082,0.442105263157895,0.237129485179407,0.206572769953052,0.240566037735849,0.240121580547112,0.229813664596273,0.825373134328358,0.25,0.561162079510703,0.760479041916168,0.457317073170732,0.229457364341085,0.262578616352201,0.2416,0.235474006116208,0.84399375975039,0.446293494704992,0.223926380368098,0.230031948881789,0.232114467408585,0.241758241758242,0.245454545454545,0.236024844720497,0.757763975155279,0.786624203821656,0.230889235569423,0.849612403100775,0.441176470588235,0.824074074074074,0.243788819875776,0.370607028753994,0.460420032310178,0.43613707165109,0.246105919003115,0.818885448916409,0.436728395061728,0.223420647149461,0.244961240310078,0.383386581469649,0.444272445820433,0.45440251572327,0.455716586151369,0.22,0.448979591836735,0.429663608562691,0.542586750788643,0.445652173913043,0.203100775193798,0.447692307692308,0.854864433811802,0.448916408668731,0.7673343605547,0.244897959183673,0.847376788553259,0.449526813880126,0.446740858505564,0.443037974683544,0.229483282674772,0.219325153374233,0.241653418124006,0.241112828438949,0.230891719745223,0.243285939968404,0.42472266244057,0.243788819875776,0.45046439628483,0.435,0.547987616099071,0.566037735849057,0.251552795031056,0.230534351145038,0.766666666666667,0.444947209653092,0.8796875,0.232980332829047,0.814873417721519,0.243788819875776,0.237261146496815,0.437209302325581,0.235478806907378,0.225649350649351,0.611374407582938,0.528180354267311,0.247391952309985,0.851968503937008,0.858044164037855,0.229709035222052,0.233070866141732,0.238897396630934,0.853395061728395,0.757668711656442,0.438167938931298,0.349378881987578,0.443076923076923,0.762481089258699,0.443217665615142,0.848484848484849,0.2390625,0.23861852433281,0.448640483383686,0.435857805255023,0.989096573208723,0.432692307692308,0.449010654490107,0.441176470588235,0.250778816199377,0.23943661971831,0.439873417721519,0.247391952309985,0.770897832817337,0.234741784037559,0.967492260061919,0.246835443037975,0.556923076923077,0.238390092879257,0.438569206842924,0.42902711323764,0.851851851851852,0.56859756097561,0.22884012539185,0.227629513343799,0.455246913580247,0.357487922705314,0.435612082670906,0.44391785150079,0.239938080495356,0.439178515007899,0.982866043613707,0.444444444444444,0.237160120845921,0.864485981308411,0.235202492211838,0.245222929936306,0.430577223088924,0.548031496062992,0.440570522979398,0.243369734789392,0.226415094339623,0.441221374045802,0.445987654320988,0.428790199081164,0.379527559055118,0.4375,0.241433021806854,0.827160493827161,0.241809672386895,0.22792937399679,0.553191489361702,0.595611285266458,0.432300163132137,0.824884792626728,0.431746031746032,0.224961479198767,0.214173228346457,0.443396226415094,0.422291993720565,0.615023474178404,0.235569422776911,0.436447166921899,0.543076923076923,0.450076804915515,0.262518968133536,0.763975155279503,0.759630200308166,0.450617283950617,0.437978560490046,0.445151033386327,0.45253164556962,0.446776611694153,0.265553869499241,0.256172839506173,0.440993788819876,0.69551282051282,0.561128526645768,1,0.565977742448331,0.228706624605678,0.434312210200927,0.783570300157978,0.423076923076923,0.447852760736196,0.565420560747664,0.432389937106918,0.779969650986343,0.433641975308642,0.456556082148499,0.423137876386688,0.444272445820433
"835",0.705592105263158,0.694668820678514,0.690322580645161,0.681742043551089,0.69721767594108,0.696574225122349,0.993355481727575,0.682926829268293,0.685483870967742,0.426666666666667,0.684975767366721,0.359424920127796,0.5,0.677049180327869,0,0,0.385466034755134,1,0.677152317880795,0.703947368421053,0,0,0.686084142394822,0.476725521669342,0.69551282051282,0,0,0.671794871794872,0.697115384615385,0.480066445182724,0,0.415458937198068,0.646203554119548,0.0033003300330033,0.332792207792208,0.700692041522491,0.858085808580858,0.6875,0,0.703525641025641,0.998347107438017,1,1,0.675850891410049,0.693944353518822,0,0.00494233937397035,0,0,0,0.305466237942122,0.679661016949153,0,0.687096774193548,0.689034369885434,0.182119205298013,0.868770764119601,0.683860232945091,0.683788121990369,0.677524429967427,0.00806451612903226,0,0,0.995121951219512,0.69814502529511,0.689210950080515,0.339403973509934,0.681444991789819,0.378812199036918,0,0.690821256038647,0,0,0.718801996672213,0.8352,0.6896,0,0.00473186119873817,0.684294871794872,0,0.394295302013423,0,0,0.676328502415459,0,0.673469387755102,0.692058346839546,0.679032258064516,0.68976897689769,1,0.683168316831683,0.674050632911392,0.309951060358891,0.413848631239936,0.6875,0.360890302066773,0.315533980582524,0.692429022082019,0.877076411960133,1,0.698083067092652,0.378466557911909,0,0.69485903814262,0,0.691056910569106,1,0.687196110210697,0,0,0,0.693053311793215,0.0032626427406199,0.683788121990369,0.7872,0.697204968944099,0,0.633279483037157,0,0,0.784313725490196,0.687600644122383,0,0,0.677830940988836,0,0.687306501547988,0.69377990430622,0.639344262295082,0.248387096774194,0.690117252931323,0,0.677100494233937,0.357032457496136,0.677852348993289,0,0.998363338788871,0,0.631067961165049,0.108474576271186,0.413961038961039,0.38961038961039,0.687196110210697,0.679401993355482,0,0.694444444444444,0,0.705787781350482,0.497615262321145,0.683881064162754,0,0.701782820097245,0.697560975609756,0.679153094462541,0.673202614379085,0,0.700162074554295,0,0.567961165048544,0.676375404530744,0,0.673501577287066,0,0.408637873754153,0.685761047463175,0,0.686274509803922,0.689822294022617,0.673770491803279,0.0095389507154213,0.67816091954023,0,0.681518151815181,0,0.684297520661157,0,0.399022801302932,0.703099510603589,0.971476510067114,0.710482529118136,0.687702265372168,0,0.687301587301587,0.681818181818182,0.678513731825525,0.680194805194805,0,0,0.685154975530179,0.68,0,0,0.685303514376997,0.753246753246753,0.979782270606532,0.313311688311688,0,0.99837925445705,0.692185007974482,0,0.682967959527825,0.691222570532915,0.68860353130016,0.00318471337579618,0,0,0.674565560821485,0.690355329949239,0.691318327974277,0.306320907617504,0.697560975609756,0,0.670988654781199,0,0,0.542673107890499,0.684640522875817,0.684887459807074,0.684039087947883,0.700980392156863,0.701812191103789,0.35609756097561,0,0,0.688498402555911,0.995137763371151,0.680511182108626,0.686305732484076,0.691935483870968,0.70096463022508,0.706362153344209,0.690966719492868,0.298722044728434,0.6432,0.69951534733441,0,0.685524126455907,0,0.691823899371069,0.698854337152209,0.698517298187809,0.668885191347754,0.695652173913043,0,0.689542483660131,0.20949263502455,0,0,0.00165016501650165,0,0,0.100494233937397,0,0,0,0.692551505546751,0,0.693086003372681,1,0,0.623622047244095,0,0.683870967741935,0.687296416938111,0.682926829268293,0.583061889250814,0,0.685897435897436,0,0,0,0,1,0.69672131147541,0,0,0.687397708674304,0,0.680645161290323,0,0,0.687919463087248,0.67816091954023,0.696141479099678,0.84375,0.679338842975207,1,0.395238095238095,0,0.682182985553772,0.689034369885434,0.419354838709677,0,0,0.683417085427136,0.67862969004894,0,0.347687400318979,0.297697368421053,0.705192629815745,0.683050847457627,0.00476190476190476,0.675941080196399,0.700787401574803,0,0.692434210526316,0.6992,0,0.704132231404959,0.693181818181818,0.698360655737705,0.684975767366721,0,0,0,0.697560975609756,0.686084142394822,0.993548387096774,0.00810372771474878,0.683006535947712,0,0,0.693163751987281,0.684887459807074,0.695652173913043,0.690163934426229,0.692926045016077,0,0.695222405271829,0.693574958813839,0.42,0,0.158415841584158,0,1,0,0.68503937007874,0,0,0.578696343402226,0,0.693200663349917,0,0.691176470588235,0.70935960591133,0.697115384615385,0,0,0.681159420289855,0.600337268128162,0.380560131795717,0.705211726384365,0,0,0,0.67430441898527,0,0.782537067545305,0,0,0,0,0.685483870967742,0,0.693877551020408,0.677524429967427,0.316393442622951,0.700980392156863,0,0.683279742765273,0.692063492063492,0.689189189189189,0,0.696428571428571,0,0.680817610062893,0.53484602917342,0.682769726247987,0.678807947019868,0.694888178913738,0,0.680395387149918,0.693311582381729,0,0,0.690322580645161,0.690322580645161,0,0.517741935483871,0.690397350993378,0.678048780487805,0.677830940988836,0.309951060358891,0,0.715242881072027,0,0.581967213114754,0.702302631578947,1,0.120826709062003,0.694078947368421,0.688311688311688,1,0.970443349753695,0.0178282009724473,0.699013157894737,0,0.693843594009983,0.688026981450253,0,0.68370607028754,0.690789473684211,0.32516339869281,0,0.676616915422886,0.691803278688525,0,0.688816855753647,0.697520661157025,0,0.662379421221865,0.686666666666667,0.689102564102564,0.679674796747967,0.211290322580645,0,0.0228013029315961,0,0,0.998376623376623,0,0.0065252854812398,0,0.568659127625202,0.00165562913907285,0.695238095238095,0.00634920634920635,0.686468646864686,0.00322061191626409,0.389589905362776,0.371980676328502,0.688291139240506,0.69377990430622,0.357487922705314,0.691919191919192,1,0.369009584664537,0.307317073170732,0.6875,0.998387096774194,0.696774193548387,0.701130856219709,0.234710743801653,0.684210526315789,0.313311688311688,0.400667779632721,0.681372549019608,0.684126984126984,0.706840390879479,0,0.972644376899696,1,0.686900958466454,0.684466019417476,0.675762439807384,0,0.664484451718494,0.688417618270799,0,0.695024077046549,0.0586319218241042,0.423333333333333,0,0,0.0069204152249135,0.690821256038647,0.391935483870968,0.68,0.688552188552189,0.691803278688525,0.58974358974359,0,0.693708609271523,0,0.680743243243243,0.687290969899666,0,0.687707641196013,0,0.687296416938111,0,0,0.686305732484076,1,0,0.68362480127186,0,0.444264943457189,0,0.488709677419355,0,0.448844884488449,0,0.689542483660131,0,0,0,0.692675159235669,0.683606557377049,0.689381933438986,0.649063032367973,0.669435215946844,0.696141479099678,0,0.691813804173355,0,0,0.6768,0.696223316912972,0.693548387096774,0.61437908496732,0.679936305732484,0,0,0.672552166934189,0.682042833607908,0.369281045751634,0.408566721581549,0.693548387096774,0.684385382059801,0,0.701468189233279,0.684627575277338,0.00648298217179903,0.696160267111853,0.693181818181818,1,0.849840255591054,0.694805194805195,0.3171875,0.695867768595041,0.685667752442997,0.393700787401575,0.00322061191626409,0.692682926829268,0,0.695374800637959,0.653973509933775,0.690938511326861,0.5311004784689,0.699013157894737,0,0.674193548387097,0.682410423452769,0.676126878130217,0.302588996763754,0,0.676518883415435,0.687702265372168,1,0.674157303370786,0,0.0439739413680782,0,0.682333873581848,0.682769726247987,0.686371100164204,0.406050955414013,0,0.40228013029316,0.672212978369384,0,0,0.0304,0.305111821086262,0.67862969004894,0.641571194762684,0.694533762057878,0.68503937007874,0,0,0.47682119205298,0.357945425361156,0,0,0,0.302479338842975,0,0.680952380952381,0.314845024469821,0,0.680194805194805,0.691419141914191,0.68026101141925,0.00160771704180064,0,0.355218855218855,0.679611650485437,0,0,0.684380032206119,0.696284329563813,0,1,0.697019867549669,0.697368421052632,0.99510603588907,0.696,0,0.688741721854305,0,0.845528455284553,1,0.097444089456869,0.677367576243981,0,0,1,0.998394863563403,0.680395387149918,0,0.69,0.00157232704402516,0.698675496688742,0,0.00164473684210526,0.0390879478827362,0.22866344605475,0,0,0.996774193548387,0,0.477537437603993,0.684729064039409,0.317460317460317,0.681229773462783,0,0.696428571428571,0.316045380875203,0,0,0.691419141914191,0.376175548589342,0.666666666666667,0.403225806451613,0.0275974025974026,0.68026101141925,0.396103896103896,0.988467874794069,0.693418940609952,0.686495176848875,0.684380032206119,0,0.357030015797788,0.6992,0.113522537562604,0.408710217755444,0.0301587301587302,0,0,0.693910256410256,0.671742808798646,0.694352159468439,0.688888888888889,0.6928,0.369905956112853,0.691693290734824,1,0.323343848580442,0.00161812297734628,0.684124386252046,0.697411003236246,0.694117647058824,0.684713375796178,0.386623164763458,0,0.671052631578947,0.677152317880795,0.676271186440678,0.687702265372168,0.703049759229534,0.693574958813839,0.799682034976153,0.315702479338843,0.686468646864686,0.402225755166932,0,0.758842443729904,0.688102893890675,0.0841584158415842,0,0,0.69721767594108,0.354838709677419,0,0.693418940609952,0.704433497536946,0.043046357615894,0,0,0.00332778702163062,0.689430894308943,0,0,0.0995024875621891,0,0.651273885350318,0,0.400998336106489,0,0.32258064516129,0.698541329011345,0.391304347826087,0,0,0.00658978583196046,0.6816,0.679032258064516,0.680602006688963,0.689873417721519,0.6875,0.68046357615894,0.0148760330578512,0.69935691318328,0,0,0.292880258899676,1,0.687600644122383,0.6896,0.312202852614897,0,0.435483870967742,0.675632911392405,0.350328947368421,0.688524590163934,0.677685950413223,0,0.688925081433225,0.683050847457627,0.32396694214876,0.0875420875420875,0.675425038639876,0.394389438943894,0.410130718954248,0.679214402618658,0.675895765472313,0.705592105263158,0.405537459283388,0.310679611650485,0,0.10327868852459,0,0.321086261980831,0.00165837479270315,0.408940397350993,0.6864,0.689189189189189,0,0,0.5718901453958,0.00668896321070234,0.0032258064516129,0,0.69672131147541,0.673770491803279,0,0.694227769110764,0.310177705977383,0.677100494233937,0.536423841059603,0.701168614357262,1,0.698234349919743,0,0,0.401929260450161,0.998392282958199,0.681229773462783,0.685667752442997,0.905228758169935,0.580536912751678,0,0,0.691419141914191,0,0.592471358428805,0,0.677018633540373,0.405448717948718,0.679611650485437,0.691803278688525,0,1,0,0.706075533661741,0.683606557377049,0,0,0,0.560131795716639,0,0.679092382495948,0.370015948963317,0.680645161290323,0.678688524590164,0.998389694041868,0.963934426229508,0,0.374592833876221,0,0.671009771986971,0.670529801324503,0,0,0.831973898858075,0.700320512820513,0,0.0971786833855799,0,0.677215189873418,0.792642140468227,0.324281150159744,0,0,0,0,0,0.724522292993631,0.694078947368421,0,0.876046901172529,0.998338870431894,0.565977742448331,1,0.684380032206119,0,0.312292358803987,0,0,0.115689381933439,0,0.310289389067524,0,0,0,0
"836",1,1,1,1,1,1,0.707278481012658,1,1,0.0940032414910859,1,0.0328125,0.820349761526232,1,0.323624595469256,0.315372424722662,0.0555555555555556,0.68130081300813,1,1,0.295418641390205,0.317384370015949,1,0.157566302652106,1,0.33122028526149,0.328502415458937,1,1,0.800955414012739,0.316279069767442,0.753968253968254,0.968102073365231,0.319182389937107,0,1,0.53405572755418,1,0.311827956989247,1,0.651685393258427,0.668231611893584,0.681181959564541,1,1,0.32520325203252,0.31974921630094,0.309486780715397,0.333333333333333,0.333858267716535,0,1,0.316692667706708,1,1,0.507246376811594,0.550239234449761,1,1,1,0.3390625,0.329652996845426,0.320251177394035,0.671899529042386,1,1,0.0271565495207668,1,0.053030303030303,0.322480620155039,1,0.325914149443561,0.330112721417069,0.957792207792208,0.493001555209953,1,0.316770186335404,0.342064714946071,1,0.324149108589951,0.0904684975767367,0.334905660377358,0.335433070866142,1,0.339593114241002,1,1,1,1,0.686614173228347,1,1,0.00156985871271586,0.10062893081761,1,0.0365853658536585,0,1,0.554276315789474,0.665056360708535,1,0.0487421383647799,0.319182389937107,1,0.320754716981132,1,0.672868217054264,1,0.32018927444795,0.323943661971831,0.327160493827161,1,0.328593996840442,1,0.475384615384615,1,0.318037974683544,0.2875,0.333333333333333,0.323899371069182,0.472,1,0.328725038402458,0.324149108589951,1,0.311526479750779,1,1,0.317034700315457,0.544753086419753,1,0.327503974562798,1,0.0304878048780488,1,0.319938176197836,0.671361502347418,0.345971563981043,0.942675159235669,0.428802588996764,0.0943396226415094,0.0868878357030016,1,1,0.334379905808477,1,0.324159021406728,1,0.812206572769953,1,0.331683168316832,1,1,1,1,0.339712918660287,1,0.32794830371567,0.242472266244057,1,0.316614420062696,1,0.308661417322835,0.0764331210191083,1,0.317965023847377,1,1,1,0.347222222222222,1,0.335463258785943,1,0.316455696202532,1,0.323671497584541,0.0683229813664596,1,0.630541871921182,1,1,0.322528363047002,1,1,1,1,0.324031007751938,0.323943661971831,1,1,0.325115562403698,0.3104,1,0.442338072669826,0.662121212121212,0,0.328050713153724,0.661949685534591,1,0.33179012345679,1,1,1,0.32348367029549,0.324116743471582,0.323854660347551,1,1,1,0,1,0.315619967793881,0.978159126365055,0.32753164556962,0.320695102685624,0.73469387755102,1,1,1,1,1,0.0313971742543171,0.317307692307692,0.327639751552795,1,0.669266770670827,1,1,0.9984,1,1,1,0.00315457413249211,0.3046875,1,0.321766561514196,1,0.304897314375987,1,1,1,1,1,0.328025477707006,1,0.522364217252396,0.33015873015873,0.329192546583851,0.3184,0.32753164556962,0.336477987421384,0.419614147909968,0.334928229665072,0.325471698113208,0.324031007751938,1,0.329617834394904,1,0.683229813664596,0.322327044025157,0.295665634674923,0.336,1,1,1,0.241545893719807,0.3171875,1,0.322632423756019,0.328197226502311,0.325434439178515,0.320493066255778,0.677777777777778,1,0.326053042121685,0.319488817891374,1,0.307941653160454,1,0.315301391035549,0.318541996830428,1,1,1,0.527821939586645,1,0.68088467614534,0.0771558245083207,0.327613104524181,1,1,0.0913385826771654,0.322834645669291,0.334928229665072,1,1,0.311627906976744,0.0206349206349206,0.00158982511923688,1,1,0.339969372128637,0.998397435897436,1,0.313084112149533,1,1,0.325914149443561,1,1,1,1,0.333333333333333,0.314900153609831,0.334943639291465,1,1,0.669767441860465,0.323763955342903,1,0.329721362229102,0.302839116719243,1,1,1,1,1,0.339171974522293,1,1,0.0962479608482871,0.333855799373041,0.482649842271293,0.310618066561014,0.661927330173776,0.31924882629108,1,0.313291139240506,0.34185303514377,0.245723172628305,0.3265625,1,0.331811263318113,1,1,1,0.318471337579618,0.327102803738318,1,0.932148626817447,0.0526315789473684,1,0.321428571428571,0.325842696629214,0.315873015873016,1,0.332822085889571,0.453543307086614,0.329133858267717,0.31637519872814,0.324149108589951,0.311708860759494,1,0.32484076433121,1,1,0,1,0.326984126984127,1,1,1,0.330128205128205,1,0.323809523809524,1,0.850699844479005,1,1,1,0.31619937694704,1,1,0.320251177394035,0.317034700315457,1,1,0.320754716981132,0.177004538577912,1,1,1,0,0.314606741573034,1,0.313195548489666,0.234276729559748,1,0.669767441860465,0.438759689922481,1,1,0.672672672672673,0.686900958466454,0.351735015772871,1,0.325581395348837,1,1,0.336477987421384,1,1,0.00628930817610063,0.337007874015748,1,1,0.332278481012658,1,1,0.317384370015949,0.329192546583851,1,1,1,0.533858267716535,0.318681318681319,0.35426731078905,0.325688073394495,0.336990595611285,0.684542586750789,0.326594090202177,0.337078651685393,0.324615384615385,0.228346456692913,0.318840579710145,1,0.331797235023041,1,0.324367088607595,0.0762195121951219,0.0405616224648986,1,1,0.028391167192429,1,0.676923076923077,0.0328125,0.0095389507154213,1,0.677725118483412,1,1,0.54066985645933,1,0,0.0644122383252818,1,1,1,0.330683624801272,0.639393939393939,0.683006535947712,0.992150706436421,1,0.987441130298273,0.311912225705329,0.323390894819466,1,0.305993690851735,1,0.372641509433962,0.0963665086887836,0.319182389937107,0.322137404580153,0.339495798319328,1,0.0702028081123245,1,1,1,0.250778816199377,0.324193548387097,1,0.325358851674641,1,1,0.316279069767442,1,0.326747720364742,1,0.317384370015949,0.324367088607595,1,0.674085850556439,0.325264750378215,1,0.312698412698413,0.775157232704403,0.316109422492401,0.149300155520995,0.323216995447648,0.787974683544304,0.308917197452229,1,0.333333333333333,0.343605546995377,0.302362204724409,1,1,1,0.974235104669887,0.326829268292683,1,0.329508196721311,1,0.328455284552846,0.327160493827161,1,1,1,0.932707355242567,1,0.318885448916409,0.327586206896552,1,1,0.0398089171974522,0.0761904761904762,1,1,0.311793214862682,1,1,0.314194577352472,1,1,0.668238993710692,0.521060842433697,1,0,1,1,0.0938461538461538,0.32484076433121,1,0.325508607198748,1,0.973015873015873,1,0.836220472440945,1,0.338735818476499,1,1,1,0,0.322528363047002,1,1,0.667731629392971,1,0.3216,0.362341772151899,0.326984126984127,1,1,1,0.0835913312693498,0.325806451612903,0.0791139240506329,1,0.321044546850998,0.315707620528771,0.361111111111111,0,1,0.962558502340094,1,1,0.333333333333333,0.301075268817204,0.147011308562197,0.0300632911392405,0.319314641744548,0.323854660347551,0.334876543209877,0.00160513643659711,0.322981366459627,1,0,0.326594090202177,1,1,1,0.331782945736434,0.32572298325723,0.0261437908496732,1,0.316535433070866,0.314329738058552,1,1,0.3264,0.69281045751634,1,1,0.686708860759494,1,0.314641744548287,1,0.32018927444795,0.523291925465838,0.662538699690402,0.404907975460123,1,0.306603773584906,0.32753164556962,0.677115987460815,0.658461538461538,1,0.330708661417323,1,0.330827067669173,1,0.328050713153724,0.314375987361769,0.352664576802508,0.528301886792453,0.318327974276527,0.313385826771654,0.66031746031746,0.322274881516588,0.131707317073171,1,0,1,0.29951690821256,1,0,0.33122028526149,0.324193548387097,1,0.0454545454545455,1,0.0774091627172196,0.339774557165862,1,0.0566929133858268,0.661993769470405,1,1,1,0.323432343234323,0.0305810397553517,1,0.43338683788122,0.0914927768860353,0.3609375,0.329133858267717,0.329192546583851,1,1,1,1,1,0.0555555555555556,0.995356037151703,0.673879443585781,0.0030441400304414,0.330188679245283,1,1,1,1,0.0766773162939297,0.31832298136646,1,1,1,1,1,1,0.479198767334361,0.00158982511923688,1,0.0737327188940092,0.328571428571429,0.417061611374408,1,0.39589905362776,0.317152103559871,0.320872274143302,1,0.0301109350237718,0.326053042121685,1,1,0.378466557911909,0.31832298136646,0.317535545023697,0.329032258064516,1,0.334405144694534,0.324960753532182,0.413738019169329,0.323296354992076,0.979969183359014,0.322085889570552,0.0756843800322061,0.335433070866142,0,1,0.0830721003134796,0.309636650868878,0.317111459968603,0.32018927444795,1,1,1,1,1,1,0.32695374800638,1,0.324451410658307,0.322091062394604,0.608359133126935,0.671899529042386,1,1,0,0.327639751552795,0.108320251177394,1,0.0267716535433071,1,1,0.317460317460317,1,1,0.621019108280255,0.414910858995138,0.995502248875562,0.0772946859903382,0.0896,1,1,1,0.0793650793650794,0,0.327639751552795,0.42472266244057,0.319018404907975,0,0.331730769230769,0.0764331210191083,1,1,0.327692307692308,0.325,0.23208722741433,0.341346153846154,0.313971742543171,0.325545171339564,1,1,0.332273449920509,1,0,1,0.211930926216641,1,0.667706708268331,1,0.31687898089172,0.312297734627832,0.0664556962025316,0.665634674922601,1,1,0.79140127388535,0.882450331125828,0.323296354992076,0.323717948717949,1,0.323296354992076,0.242138364779874,0.331189710610932,1,0.0928792569659443,1,1,0.320695102685624,0.668831168831169,0.314009661835749,1,1,0.313572542901716,0.30829420970266,0.326153846153846,0.851437699680511,0.323151125401929,1,0.046801872074883,1,1,0.693498452012384,0.639937106918239,0.329508196721311,0.046474358974359,0.3312,1,1,0.313880126182965,0.338118022328549,0.603149606299213,1,0.314553990610329,0.36517719568567,0.325038880248834,0.989312977099237,0.475435816164818,0.00314465408805031,0.3125,0.333846153846154,0.335949764521193,0.325320512820513,0.324116743471582,0.978428351309707,1,0.32018927444795,0.536466774716369,0.675806451612903,0.228706624605678,0.684380032206119,1,0.323809523809524,0.00319488817891374,0.331746031746032,0.328173374613003,0.367924528301887,0.327014218009479,0,0.335403726708075,0.327503974562798,0.3354943273906,0.324451410658307
"837",0.301916932907348,0.320813771517997,0.319182389937107,0.335433070866142,0.318611987381703,0.318681318681319,0.0143540669856459,0.328525641025641,0.307931570762053,0.561904761904762,0.332293291731669,0.637071651090343,0.518167456556082,0.324451410658307,1,1,0.613740458015267,0,0.331761006289308,0.311627906976744,1,1,0.332298136645963,0.51468315301391,0.321266968325792,1,1,0.336538461538462,0.308049535603715,0.530612244897959,1,0.6,0.366459627329193,0.996879875195008,0.658267716535433,0.323481116584565,0.134674922600619,0.328220858895706,1,0.309006211180124,0.00313971742543171,0,0,0.331761006289308,0.323809523809524,1,0.995334370139969,1,1,1,0.682170542635659,0.339622641509434,1,0.329192546583851,0.318818040435459,0.822605965463108,0.1136,0.330721003134796,0.317262830482115,0.325434439178515,0.993865030674847,1,1,0.00634920634920635,0.317307692307692,0.32572298325723,0.645933014354067,0.328616352201258,0.604261796042618,1,0.325617283950617,1,1,0.276898734177215,0.15668202764977,0.32078313253012,1,0.995426829268293,0.325153374233129,1,0.600321027287319,1,1,0.327666151468315,1,0.327769347496206,0.312202852614897,0.330188679245283,0.322734499205087,0,0.322784810126582,0.327245053272451,0.681747269890796,0.577399380804954,0.321259842519685,0.634703196347032,0.673913043478261,0.312788906009245,0.112359550561798,0,0.320251177394035,0.614035087719298,1,0.323809523809524,1,0.331230283911672,0,0.320251177394035,1,1,1,0.309230769230769,0.996865203761755,0.329721362229102,0.192604006163328,0.315151515151515,1,0.353395061728395,1,1,0.195046439628483,0.316279069767442,1,1,0.33693972179289,1,0.323922734026746,0.317220543806647,0.345736434108527,0.759878419452888,0.321086261980831,1,0.328100470957614,0.624242424242424,0.344,1,0.00152905198776758,1,0.374805598755832,0.887278582930757,0.572093023255814,0.593167701863354,0.315541601255887,0.326892109500805,1,0.315707620528771,1,0.3125,0.506998444790047,0.327794561933535,1,0.316037735849057,0.321711568938193,0.327044025157233,0.33175355450237,1,0.312401883830455,1,0.418461538461538,0.326687116564417,1,0.324159021406728,1,0.58609794628752,0.322632423756019,1,0.3203125,0.319314641744548,0.33596214511041,0.986068111455108,0.325688073394495,1,0.316957210776545,1,0.320388349514563,1,0.58641975308642,0.306122448979592,0.0275526742301459,0.301282051282051,0.319685039370079,1,0.309262166405024,0.325581395348837,0.321875,0.326656394453005,1,1,0.337579617834395,0.327014218009479,1,1,0.324655436447167,0.225114854517611,0.0180722891566265,0.682888540031397,1,0.00313479623824451,0.316279069767442,1,0.325,0.319508448540707,0.320373250388802,0.998459167950693,1,1,0.332824427480916,0.3248,0.321156773211568,0.67651632970451,0.312401883830455,1,0.338509316770186,1,1,0.4375,0.32484076433121,0.32258064516129,0.3296875,0.304147465437788,0.329617834394904,0.64018691588785,1,1,0.316923076923077,0.00307692307692308,0.333846153846154,0.31866464339909,0.3328125,0.307453416149068,0.305555555555556,0.325373134328358,0.688372093023256,0.348872180451128,0.309815950920245,1,0.325949367088608,1,0.307339449541284,0.312399355877617,0.327044025157233,0.328050713153724,0.315955766192733,1,0.327188940092166,0.808917197452229,1,1,0.996830427892235,1,1,0.89358372456964,1,1,1,0.31839258114374,1,0.32258064516129,0,1,0.373271889400922,1,0.318681318681319,0.326086956521739,0.317610062893082,0.400635930047695,1,0.326120556414219,1,1,1,1,0,0.317535545023697,1,1,0.324074074074074,1,0.322137404580153,1,1,0.309859154929577,0.325471698113208,0.302362204724409,0.136792452830189,0.332278481012658,0,0.587253414264036,1,0.320433436532508,0.331797235023041,0.573394495412844,1,1,0.327447833065811,0.334905660377358,1,0.65210608424337,0.691338582677165,0.313178294573643,0.329652996845426,0.993855606758833,0.329113924050633,0.307807807807808,1,0.307931570762053,0.306625577812018,1,0.312698412698413,0.320695102685624,0.317829457364341,0.318818040435459,1,1,1,0.310832025117739,0.329173166926677,0.00308641975308642,0.992150706436421,0.330173775671406,1,1,0.313161875945537,0.328682170542636,0.309341500765697,0.324921135646688,0.320987654320988,1,0.308176100628931,0.309748427672956,0.56782334384858,1,0.833070866141732,1,0,1,0.334862385321101,1,1,0.403100775193798,0.998459167950693,0.320126782884311,1,0.316037735849057,0.310618066561014,0.320493066255778,1,1,0.321483771251932,0.412238325281804,0.605345911949686,0.304552590266876,1,1,1,0.331230283911672,1,0.196261682242991,1,1,1,1,0.325115562403698,1,0.319148936170213,0.334869431643625,0.673405909797823,0.307931570762053,1,0.325153374233129,0.323216995447648,0.320512820512821,1,0.314900153609831,1,0.324812030075188,0.486697965571205,0.323529411764706,0.323809523809524,0.316770186335404,1,0.322834645669291,0.306603773584906,1,1,0.32,0.311526479750779,1,0.47166921898928,0.317666126418152,0.329721362229102,0.332824427480916,0.678899082568807,1,0.300324675324675,1,0.405103668261563,0.317535545023697,0,0.88208269525268,0.317034700315457,0.32398753894081,0,0.034375,0.97984496124031,0.324492979719189,1,0.319875776397516,0.318910256410256,1,0.326594090202177,0.324031007751938,0.663026521060842,1,0.322274881516588,0.324451410658307,1,0.314814814814815,0.308056872037915,1,0.322429906542056,0.315625,0.325153374233129,0.336906584992343,0.806800618238022,1,0.981220657276995,1,1,0.00157977883096367,1,0.995356037151703,1,0.411949685534591,0.998407643312102,0.316998468606432,0.993920972644377,0.336477987421384,0.996865203761755,0.596036585365854,0.625954198473282,0.32258064516129,0.319571865443425,0.635802469135803,0.319935691318328,0,0.6265625,0.6816,0.322085889570552,0.00156985871271586,0.313664596273292,0.313664596273292,0.766929133858268,0.329192546583851,0.684210526315789,0.593548387096774,0.319182389937107,0.321538461538462,0.307210031347962,1,0.0256410256410256,0,0.314641744548287,0.334862385321101,0.33641975308642,1,0.32348367029549,0.32182103610675,1,0.313664596273292,0.9456,0.555023923444976,1,1,0.993344425956739,0.320121951219512,0.604327666151468,0.32312404287902,0.319805194805195,0.315457413249211,0.41131498470948,1,0.320126782884311,1,0.325396825396825,0.324367088607595,1,0.323390894819466,1,0.330203442879499,1,1,0.325652841781874,0,1,0.326153846153846,1,0.569640062597809,1,0.50386398763524,1,0.565354330708661,1,0.322683706070288,1,1,1,0.312893081761006,0.323343848580442,0.322137404580153,0.354943273905997,0.32300163132137,0.3125,1,0.324031007751938,1,1,0.327131782945736,0.323248407643312,0.321100917431193,0.400630914826498,0.336405529953917,1,1,0.331240188383046,0.325508607198748,0.619582664526485,0.582018927444795,0.321086261980831,0.317965023847377,1,0.307931570762053,0.321212121212121,0.995275590551181,0.304418985270049,0.314641744548287,0,0.130168453292496,0.31832298136646,0.678518518518519,0.324655436447167,0.3234375,0.584992343032159,0.996908809891808,0.322274881516588,1,0.316118935837246,0.354066985645933,0.32018927444795,0.485362095531587,0.322429906542056,1,0.327613104524181,0.325320512820513,0.337042925278219,0.683563748079877,1,0.329052969502408,0.319875776397516,0,0.327718223583461,0.998463901689708,0.953703703703704,1,0.31875,0.327639751552795,0.323390894819466,0.581679389312977,1,0.578274760383387,0.338582677165354,1,1,0.967840735068913,0.669266770670827,0.335443037974684,0.36322188449848,0.327044025157233,0.325652841781874,1,1,0.505409582689335,0.624600638977636,1,1,0.998461538461539,0.685624012638231,1,0.326687116564417,0.684044233807267,1,0.323574730354391,0.327073552425665,0.31496062992126,0.998456790123457,1,0.642394822006472,0.329738058551618,1,1,0.332819722650231,0.316692667706708,0.9984375,0,0.321027287319422,0.314375987361769,0.00770416024653313,0.313546423135464,1,0.322274881516588,1,0.144186046511628,0,0.897709923664122,0.327102803738318,1,1,0,0.00154320987654321,0.3234375,1,0.3184,0.996996996996997,0.319488817891374,1,0.9984,0.965785381026439,0.768160741885626,1,1,0.00622083981337481,1,0.506410256410256,0.338095238095238,0.668195718654434,0.333850931677019,1,0.31104199066874,0.672386895475819,1,1,0.321656050955414,0.611195158850227,0.331775700934579,0.574132492113565,0.971742543171115,0.338533541341654,0.600605143721634,0.0142405063291139,0.318611987381703,0.324574961360124,0.327245053272451,1,0.628834355828221,0.31496062992126,0.892913385826772,0.580286168521463,0.969604863221885,1,1,0.311627906976744,0.342313787638669,0.3125,0.314241486068111,0.317411402157165,0.606656580937973,0.317073170731707,0,0.672672672672673,1,0.327639751552795,0.312302839116719,0.323763955342903,0.326283987915408,0.600313479623824,1,0.338931297709924,0.334365325077399,0.337620578778135,0.322274881516588,0.319571865443425,0.317262830482115,0.183229813664596,0.676236044657097,0.32348367029549,0.589230769230769,1,0.229457364341085,0.313364055299539,0.92368839427663,1,1,0.318681318681319,0.634674922600619,1,0.31937984496124,0.297637795275591,0.957074721780604,1,1,0.998389694041868,0.326120556414219,1,1,0.892234548335975,1,0.359133126934985,1,0.584,1,0.672811059907834,0.318037974683544,0.586750788643533,1,1,0.995297805642633,0.335384615384615,0.331775700934579,0.322683706070288,0.328660436137072,0.3264,0.32484076433121,0.9826224328594,0.320552147239264,1,1,0.712962962962963,0,0.326153846153846,0.31733746130031,0.677469135802469,1,0.552590266875981,0.336363636363636,0.636220472440945,0.320872274143302,0.319488817891374,1,0.307086614173228,0.326797385620915,0.682692307692308,0.906200317965024,0.329323308270677,0.600633914421553,0.56984126984127,0.333333333333333,0.331738437001595,0.307332293291732,0.588597842835131,0.674491392801252,1,0.889937106918239,1,0.661094224924012,0.998397435897436,0.589456869009585,0.31839258114374,0.3344,1,1,0.417981072555205,0.993680884676145,0.998456790123457,1,0.315955766192733,0.333853354134165,1,0.318796992481203,0.673469387755102,0.331768388106416,0.443217665615142,0.308056872037915,0,0.314503816793893,1,1,0.58868501529052,0.0015552099533437,0.334883720930233,0.320634920634921,0.105919003115265,0.4192,1,1,0.31733746130031,1,0.399686520376176,1,0.33030303030303,0.578294573643411,0.32093023255814,0.313694267515924,1,0,1,0.309178743961353,0.325,1,1,1,0.459715639810427,1,0.320813771517997,0.613740458015267,0.334375,0.330645161290323,0.00151515151515152,0.0396196513470681,1,0.626168224299065,1,0.332298136645963,0.333333333333333,1,1,0.164341085271318,0.31637519872814,1,0.897832817337461,1,0.322480620155039,0.192733017377567,0.668217054263566,1,1,1,1,1,0.284820031298905,0.31875,1,0.112,0.00159235668789809,0.434312210200927,0,0.323809523809524,1,0.676190476190476,1,1,0.883359253499222,1,0.675465838509317,1,1,1,1
"838",0.0016,0.00158478605388273,0.0031201248049922,0.00161290322580645,0.0015748031496063,0.00318471337579618,0.294685990338164,0,0.00317460317460317,0.915857605177994,0.0031055900621118,0.952681388012618,0.168253968253968,0.00318471337579618,0.6875,0.688291139240506,0.941176470588235,0.317355371900826,0.00319488817891374,0.00313479623824451,0.703296703296703,0.685534591194969,0.00313971742543171,0.860031104199067,0.00154320987654321,0.676703645007924,0.682410423452769,0.00323624595469256,0.00153846153846154,0.208333333333333,0.692307692307692,0.253164556962025,0.0390015600624025,0.681962025316456,0.996870109546166,0.0033112582781457,0.468553459119497,0,0.696456086286595,0.0031496062992126,0.334384858044164,0.313291139240506,0.302936630602782,0.00317965023847377,0.00324675324675325,0.681159420289855,0.682539682539683,0.682242990654206,0.674528301886792,0.673913043478261,0.996870109546166,0.0016260162601626,0.6859375,0.00318471337579618,0.0015748031496063,0.488958990536278,0.445880452342488,0.00317965023847377,0.0015600624024961,0.00318471337579618,0.664586583463339,0.678456591639871,0.680129240710824,0.320512820512821,0.00165016501650165,0.00315955766192733,0.959807073954984,0.00317965023847377,0.945288753799392,0.67906976744186,0.00157232704402516,0.679425837320574,0.675941080196399,0.0390879478827362,0.496124031007752,0.00303951367781155,0.687306501547988,0.663536776212833,0.00156739811912226,0.682410423452769,0.924342105263158,0.669887278582931,0.670886075949367,0.003125,0.663536776212833,0.00310077519379845,0.00313971742543171,0.00158478605388273,0.00316455696202532,0.308527131782946,0.0031496062992126,0.00154320987654321,0.996840442338073,0.905132192846034,0.00318471337579618,0.955927051671733,0.99685534591195,0.0015552099533437,0.441747572815534,0.322734499205087,0.00318979266347687,0.946945337620579,0.684044233807267,0.00327332242225859,0.678855325914149,0.00318979266347687,0.312401883830455,0.0015748031496063,0.678288431061807,0.681181959564541,0.679873217115689,0.00314465408805031,0.670886075949367,0.00317460317460317,0.519142419601838,0.00153374233128834,0.682034976152623,0.708006279434851,0.66875,0.68,0.518053375196232,0.00476947535771065,0.677519379844961,0.684466019417476,0.00308641975308642,0.691222570532915,0.00303030303030303,0.00153374233128834,0.682034976152623,0.458267716535433,0.00158227848101266,0.681388012618297,0.00157728706624606,0.958841463414634,0.0016260162601626,0.684292379471229,0.32753164556962,0.6671875,0.0668789808917197,0.572815533980582,0.909810126582278,0.914556962025316,0.00155763239875389,0.00326797385620915,0.667726550079491,0.003125,0.679566563467492,0.00315457413249211,0.183385579937304,0.00307219662058372,0.679611650485437,0.00320512820512821,0.00159489633173844,0.00321027287319422,0.00315457413249211,0.658576051779935,0.00316455696202532,0.675850891410049,0.763239875389408,0.00310077519379845,0.683153013910355,0.00155038759689922,0.692675159235669,0.921348314606742,0.00324149108589951,0.676948051948052,0.003125,0.00316957210776545,0.00313479623824451,0.658385093167702,0.00158478605388273,0.674085850556439,0.00316957210776545,0.687010954616588,0.00322061191626409,0.679365079365079,0.934477379095164,0.00157977883096367,0.366883116883117,0.00316957210776545,0.00312989045383412,0.680064308681672,0.00316957210776545,0.00315955766192733,0.0015552099533437,0.00316455696202532,0.671899529042386,0.687116564417178,0.00322061191626409,0.00477707006369427,0.689922480620155,0.692926045016077,0.00158478605388273,0.567307692307692,0.330289193302892,0.998415213946117,0.676656151419558,0.331768388106416,0.0031104199066874,0.675384615384615,0.00324149108589951,0.00463678516228748,0.00314465408805031,0.684375,0.680685358255452,0.66936790923825,0.00153846153846154,0.00163132137030995,0.00312989045383412,0.996763754045307,0,0.689984101748808,0.0268562401263823,0.677725118483412,0.689984101748808,0.25511811023622,0.0032520325203252,0.00310077519379845,0.00313971742543171,0.00159235668789809,0.00161550888529887,0.955905511811024,0.678972712680578,0.670886075949367,0.0015600624024961,0.320754716981132,0.00303490136570561,0.00152905198776758,0.00473186119873817,0.00312989045383412,0.00316455696202532,0.00154320987654321,0.993720565149137,0.694227769110764,0.0031201248049922,0.698564593301435,0.00317965023847377,0.696540880503145,0.00155763239875389,0.00321027287319422,0.00315955766192733,0.00321027287319422,0.00160771704180064,0.675039246467818,0.00154320987654321,0.485759493670886,0.670347003154574,0.672955974842767,0.680577849117175,0.675632911392405,0.668253968253968,0.586092715231788,0.666141732283465,0.688783570300158,0.690851735015773,0,0.672985781990521,0.00323101777059774,0.311248073959938,0.68025078369906,0.698907956318253,0.6672,0.00160513643659711,0.00158982511923688,0.00158227848101266,0.754442649434572,0.68503937007874,0.003125,0.681528662420382,0.672754946727549,0.6896,0.674961119751166,0.312401883830455,0.00318979266347687,0.673469387755102,0.680194805194805,0.00159489633173844,0.698387096774194,0.0031055900621118,0.687692307692308,0.686804451510334,0.00158982511923688,0.0032258064516129,0.00314465408805031,0.470588235294118,0.00319488817891374,0.315707620528771,0.92824427480916,0.670866141732283,0.0031496062992126,0.00159744408945687,0.914691943127962,0.672926447574335,0.677367576243981,0.00160771704180064,0.00319488817891374,0.690513219284603,0.973354231974922,0.995192307692308,0.0032,0.00325732899022801,0.663565891472868,0.00160513643659711,0.00304878048780488,0.685446009389671,0.00158478605388273,0.00156739811912226,0.688783570300158,0,0.00312989045383412,0.003125,0.00157728706624606,0.671974522292994,0.687211093990755,0.6677471636953,0.00309119010819165,0.00314465408805031,0.336463223787167,0.675718849840256,0.00324149108589951,0.676425269645609,0.694968553459119,0.00314465408805031,0.00307692307692308,0.003125,0.00316957210776545,0.00303951367781155,0.667202572347267,0.00318471337579618,0.0031201248049922,0.901612903225806,0.66304347826087,0.529874213836478,0.690590111642743,0.335453100158982,0.681114551083591,0.00154798761609907,0.692307692307692,0.669291338582677,0.761682242990654,0.679626749611198,0.00160513643659711,0.671802773497689,0.00159744408945687,0.00157728706624606,0.00154798761609907,0.692675159235669,0.678407350689127,0.00469483568075117,0.0639344262295082,0.940514469453376,0.00321027287319422,0.686708860759494,0.673076923076923,0.675675675675676,0,0.666666666666667,0.536277602523659,0.678071539657854,0.691573926868045,0.681089743589744,0.68362480127186,0.003125,0.676848874598071,0.00325732899022801,0.00316957210776545,0.996884735202492,0.00318471337579618,0.677777777777778,0.0031104199066874,0.00310077519379845,0.00325732899022801,0.668789808917197,0.00311526479750779,0.689984101748808,0.0015552099533437,0.1578125,0.00318979266347687,0.00158730158730159,0.00313479623824451,0.686915887850467,0.00323101777059774,0.00318979266347687,0.693522906793049,0.67948717948718,0.0015600624024961,0.00314465408805031,0.688783570300158,0.825954198473282,0.00327868852459016,0.00476190476190476,0.00157977883096367,0.998422712933754,0.679611650485437,0.0016366612111293,0.684782608695652,0.774760383386581,0.00317460317460317,0.32398753894081,0.555727554179567,0.00162337662337662,0.0031496062992126,0.32572298325723,0.296998420221169,0.647798742138365,0.0015625,0.677316293929712,0.0031496062992126,0.0032258064516129,0.66877971473851,0.0031104199066874,0.00479233226837061,0.992101105845182,0.667736757624398,0.00157232704402516,0.00160513643659711,0.667726550079491,0.00155763239875389,0.0032,0.688394276629571,0.675548589341693,0.00320512820512821,0.00311526479750779,0.00318979266347687,0.460691823899371,0.690625,0.658576051779935,0.683969465648855,0.668769716088328,0.319554848966614,0.671339563862928,0.66877971473851,0.68,0.773790951638066,0.677524429967427,0.0015600624024961,0.678683385579937,0.00486223662884927,0.679245283018868,0.931087289433384,0.951713395638629,0.00154559505409583,0.00309597523219814,0.957878315132605,0.00162074554294976,0.318818040435459,0.956386292834891,0.992138364779874,0.0031201248049922,0.322274881516588,0.0016025641025641,0.00315955766192733,0.467845659163987,0.0031104199066874,0.998447204968944,0.936274509803922,0.00158982511923688,0.00312989045383412,0.00316455696202532,0.6736,0.360730593607306,0.315270935960591,0.010989010989011,0.00158730158730159,0.0157232704402516,0.693650793650794,0.670364500792393,0.0015748031496063,0.702229299363057,0.00312989045383412,0.625391849529781,0.912903225806452,0.692307692307692,0.677966101694915,0.664440734557596,0.0031496062992126,0.931357254290172,0,0.00318979266347687,0.00316957210776545,0.749611197511664,0.67515923566879,0.00159235668789809,0.6832,0.00163132137030995,0.00325732899022801,0.684698608964451,0.00322061191626409,0.672307692307692,0.00315457413249211,0.686804451510334,0.680952380952381,0.0031496062992126,0.327476038338658,0.682588597842835,0.0031055900621118,0.684640522875817,0.216640502354788,0.685271317829457,0.857364341085271,0.685496183206107,0.222748815165877,0.690590111642743,0.00323624595469256,0.672523961661342,0.657728706624606,0.704866562009419,0.0015748031496063,0.00319488817891374,0.0031055900621118,0.0275526742301459,0.666666666666667,0.00159489633173844,0.677471636952998,0.00157728706624606,0.682565789473684,0.682515337423313,0.00312989045383412,0.00323101777059774,0.00311526479750779,0.0705329153605016,0.0031055900621118,0.692901234567901,0.680124223602484,0.00313971742543171,0.00317460317460317,0.9552,0.934189406099519,0.0015625,0.00159235668789809,0.693679092382496,0.00315955766192733,0.0031055900621118,0.681528662420382,0.00326797385620915,0.0031496062992126,0.321766561514196,0.4734375,0.0031496062992126,0.996960486322188,0.00319488817891374,0.00313479623824451,0.913373860182371,0.674603174603175,0.00323624595469256,0.671899529042386,0.00316957210776545,0.0346456692913386,0.00478468899521531,0.164835164835165,0.00317460317460317,0.673202614379085,0.00155038759689922,0.00161812297734628,0.0016260162601626,0.998442367601246,0.685245901639344,0.00162074554294976,0.00153374233128834,0.329113924050633,0.0031055900621118,0.676609105180534,0.63849765258216,0.672985781990521,0.00313971742543171,0.00314465408805031,0.00317460317460317,0.924528301886792,0.680129240710824,0.921824104234528,0.00477707006369427,0.685126582278481,0.688372093023256,0.64797507788162,0.996805111821086,0,0.0432766615146832,0,0.00313971742543171,0.6784,0.686728395061728,0.8528,0.958333333333333,0.678456591639871,0.68621236133122,0.671317829457364,0.998376623376623,0.685805422647528,0.00309119010819165,0.996820349761526,0.67906976744186,0.00158478605388273,0.00157977883096367,0.00316455696202532,0.6801872074883,0.669230769230769,0.964343598055105,0.00314465408805031,0.682769726247987,0.686028257456829,0.0031055900621118,0.00312989045383412,0.682888540031397,0.30983606557377,0.00158730158730159,0.00315955766192733,0.303858520900322,0,0.691588785046729,0.00325732899022801,0.684627575277338,0.472783825816485,0.330246913580247,0.601851851851852,0.003125,0.693498452012384,0.677115987460815,0.326625386996904,0.331259720062208,0.00313479623824451,0.675,0.0032258064516129,0.670769230769231,0.00316957210776545,0.676145339652449,0.682692307692308,0.642072213500785,0.486697965571205,0.6832,0.679674796747967,0.337025316455696,0.680555555555556,0.870279146141215,0.00316957210776545,0.998452012383901,0.00309597523219814,0.696629213483146,0.00318979266347687,0.998410174880763,0.673139158576052,0.68,0.00321027287319422,0.946348733233979,0.00317460317460317,0.9248,0.655448717948718,0,0.939873417721519,0.3390625,0.0015552099533437,0.0015748031496063,0.00312989045383412,0.690048939641109,0.958397534668721,0.00308166409861325,0.57120253164557,0.916932907348243,0.641390205371248,0.682242990654206,0.678071539657854,0.00315457413249211,0.00323624595469256,0.00319488817891374,0.00157728706624606,0.00157728706624606,0.940092165898618,0.00308166409861325,0.3265625,0.993836671802773,0.677519379844961,0.00311526479750779,0.00160771704180064,0.00161550888529887,0.00309119010819165,0.924764890282132,0.682027649769585,0.00156494522691706,0.00158730158730159,0.00327868852459016,0.00315457413249211,0.0015552099533437,0.00158982511923688,0.51617873651772,0.996768982229402,0.00161812297734628,0.924050632911392,0.678972712680578,0.571656050955414,0.00315457413249211,0.602584814216478,0.690515806988353,0.68025078369906,0.00157728706624606,0.960505529225908,0.683385579937304,0.00310077519379845,0.00316455696202532,0.624801271860095,0.681047765793529,0.687301587301587,0.677367576243981,0.00469483568075117,0.677993527508091,0.688372093023256,0.593004769475358,0.679873217115689,0.0278637770897833,0.680061823802164,0.929032258064516,0.669826224328594,0.996870109546166,0.00157728706624606,0.921348314606742,0.682539682539683,0.682888540031397,0.68088467614534,0.00157728706624606,0.00313479623824451,0.00321543408360129,0.00315457413249211,0.0032626427406199,0.00324675324675325,0.667207792207792,0.0031055900621118,0.678288431061807,0.680602006688963,0.402225755166932,0.321543408360129,0.00311526479750779,0.0015625,0.998452012383901,0.674347158218126,0.89540412044374,0.00463678516228748,0.963722397476341,0.0032,0.00324675324675325,0.680445151033386,0.00315457413249211,0.00329489291598023,0.38351822503962,0.590163934426229,0.0060790273556231,0.93042071197411,0.911620294599018,0.0031201248049922,0.00319488817891374,0.0031104199066874,0.925396825396825,0.996870109546166,0.672926447574335,0.567353407290016,0.684532924961715,0.998439937597504,0.677165354330709,0.925566343042071,0,0.00162866449511401,0.677519379844961,0.680379746835443,0.776357827476038,0.664,0.682242990654206,0.674454828660436,0.00320512820512821,0.00317460317460317,0.670926517571885,0.00305343511450382,0.996860282574568,0.00158982511923688,0.791332263242376,0,0.328593996840442,0.00154083204930663,0.68370607028754,0.695439739413681,0.930926216640502,0.321875,0.00316455696202532,0.00314465408805031,0.219242902208202,0.111295681063123,0.684380032206119,0.6848,0.0031496062992126,0.681528662420382,0.752808988764045,0.676848874598071,0.00306278713629403,0.91588785046729,0.00160771704180064,0.0032,0.677672955974843,0.328616352201258,0.690553745928339,0.00326797385620915,0.00315955766192733,0.687697160883281,0.68621236133122,0.680491551459293,0.150242326332795,0.685897435897436,0.00316957210776545,0.945652173913043,0.00314465408805031,0.00322061191626409,0.310872894333844,0.354531001589825,0.67156862745098,0.947619047619048,0.676282051282051,0,0.00323101777059774,0.693548387096774,0.670926517571885,0.3828125,0.00314465408805031,0.687010954616588,0.643076923076923,0.690737833594976,0.0202808112324493,0.528,0.995245641838352,0.696124031007752,0.675344563552833,0.671474358974359,0.685393258426966,0.687211093990755,0.0321100917431193,0.00321543408360129,0.687402799377916,0.464696223316913,0.314785373608903,0.783570300157978,0.312292358803987,0.00319488817891374,0.676190476190476,1,0.670364500792393,0.687010954616588,0.642633228840125,0.6704,1,0.658878504672897,0.681672025723473,0.675632911392405,0.679566563467492
"839",0.303030303030303,0.316118935837246,0.326018808777429,0.334913112164297,0.324409448818898,0.312693498452012,0.0128410914927769,0.320754716981132,0.319018404907975,0.562700964630225,0.326687116564417,0.62754303599374,0.536741214057508,0.328616352201258,1,1,0.608490566037736,0,0.33015873015873,0.313971742543171,1,1,0.331804281345566,0.502318392581144,0.321592649310873,1,1,0.338141025641026,0.310664605873261,0.536277602523659,1,0.601236476043277,0.375384615384615,0.996889580093313,0.655608214849921,0.323481116584565,0.125195618153365,0.326186830015314,1,0.314984709480122,0.0015600624024961,0,0,0.340222575516693,0.32120253164557,1,0.995327102803738,1,1,1,0.680124223602484,0.333333333333333,1,0.323076923076923,0.312111801242236,0.834658187599364,0.111635220125786,0.328638497652582,0.325545171339564,0.321928460342146,0.992319508448541,1,1,0.00471698113207547,0.3152,0.326086956521739,0.64622641509434,0.325434439178515,0.600609756097561,1,0.316436251920123,1,1,0.28391167192429,0.147640791476408,0.325227963525836,1,0.995391705069124,0.338557993730408,1,0.590111642743222,1,1,0.328703703703704,1,0.329787234042553,0.321766561514196,0.3375,0.327613104524181,0,0.330173775671406,0.333333333333333,0.672897196261682,0.573208722741433,0.318110236220472,0.622154779969651,0.671339563862928,0.318042813455657,0.117073170731707,0,0.321875,0.611455108359133,1,0.326860841423948,1,0.326433121019108,0,0.333848531684699,1,1,1,0.311912225705329,0.996884735202492,0.330769230769231,0.186363636363636,0.308396946564885,1,0.356037151702786,1,1,0.181395348837209,0.320813771517997,1,1,0.337941628264209,1,0.328358208955224,0.325153374233129,0.345794392523364,0.754518072289157,0.32741935483871,1,0.32753164556962,0.626524390243902,0.337078651685393,1,0.00155038759689922,1,0.387147335423198,0.880064829821718,0.575427682737169,0.5818759936407,0.321428571428571,0.3344,1,0.324074074074074,1,0.309636650868878,0.515432098765432,0.329268292682927,1,0.317460317460317,0.313880126182965,0.329635499207607,0.338095238095238,1,0.312796208530806,1,0.414110429447853,0.324116743471582,1,0.338391502276176,1,0.5796875,0.325914149443561,1,0.325984251968504,0.323529411764706,0.345911949685535,0.987577639751553,0.33175355450237,1,0.322274881516588,1,0.328,1,0.582434514637905,0.306625577812018,0.0273752012882448,0.312101910828025,0.324409448818898,1,0.31911532385466,0.326625386996904,0.328125,0.33489827856025,1,1,0.326984126984127,0.327102803738318,1,1,0.335403726708075,0.222734254992319,0.0182094081942337,0.679748822605965,1,0.0015527950310559,0.319508448540707,1,0.329093799682035,0.319444444444444,0.320813771517997,0.996884735202492,1,1,0.340393343419062,0.317152103559871,0.321981424148607,0.674528301886792,0.310832025117739,1,0.35,1,1,0.423197492163009,0.327073552425665,0.321646341463415,0.335423197492163,0.315789473684211,0.316957210776545,0.628705148205928,1,1,0.31937984496124,0.00460829493087558,0.334351145038168,0.326153846153846,0.325581395348837,0.315457413249211,0.304552590266876,0.326251896813354,0.688473520249221,0.34375,0.312989045383412,1,0.330683624801272,1,0.318112633181126,0.31378763866878,0.315541601255887,0.339228295819936,0.318471337579618,1,0.326219512195122,0.803459119496855,1,1,0.998430141287284,1,1,0.888888888888889,1,1,1,0.319758672699849,1,0.32258064516129,0,1,0.372519083969466,1,0.33122028526149,0.332273449920509,0.323854660347551,0.39403453689168,1,0.330232558139535,1,1,1,1,0,0.326433121019108,1,1,0.330173775671406,1,0.326086956521739,1,1,0.324367088607595,0.333860759493671,0.303875968992248,0.139498432601881,0.338095238095238,0,0.580547112462006,1,0.325038880248834,0.32348367029549,0.569444444444444,1,1,0.336,0.338533541341654,1,0.643302180685358,0.696774193548387,0.31496062992126,0.326923076923077,0.995391705069124,0.331782945736434,0.30421686746988,1,0.32093023255814,0.306976744186047,1,0.311912225705329,0.328149300155521,0.319314641744548,0.320813771517997,1,1,1,0.315789473684211,0.326498422712934,0.0093603744149766,0.992088607594937,0.336507936507937,1,1,0.31859756097561,0.334375,0.298761609907121,0.318818040435459,0.319875776397516,1,0.312893081761006,0.321428571428571,0.553429027113238,1,0.8328125,1,0,1,0.329787234042553,1,1,0.397849462365591,1,0.326530612244898,1,0.316455696202532,0.312302839116719,0.3198127925117,1,1,0.326625386996904,0.411858974358974,0.596825396825397,0.309748427672956,1,1,1,0.330670926517572,1,0.186915887850467,1,1,1,1,0.334351145038168,1,0.326829268292683,0.334890965732087,0.670866141732283,0.307448494453249,1,0.333848531684699,0.331316187594554,0.321428571428571,1,0.31859756097561,1,0.326687116564417,0.503095975232198,0.34009360374415,0.331230283911672,0.320610687022901,1,0.32807570977918,0.308917197452229,1,1,0.329721362229102,0.319314641744548,1,0.464396284829721,0.3184,0.337519623233909,0.334890965732087,0.672307692307692,1,0.302588996763754,1,0.405660377358491,0.32120253164557,0,0.88955223880597,0.3264,0.325984251968504,0,0.027906976744186,0.982866043613707,0.324451410658307,1,0.3171875,0.319422150882825,1,0.330792682926829,0.324409448818898,0.664586583463339,1,0.327586206896552,0.326018808777429,1,0.31733746130031,0.305732484076433,1,0.317535545023697,0.32120253164557,0.324534161490683,0.333855799373041,0.804314329738058,1,0.981012658227848,1,1,0.0015748031496063,1,0.993798449612403,1,0.406003159557662,0.998425196850394,0.31651376146789,0.993865030674847,0.338006230529595,0.996889580093313,0.593272171253823,0.623052959501558,0.31981981981982,0.318952234206472,0.631741140215716,0.325914149443561,0,0.620214395099541,0.660406885758998,0.333848531684699,0.00155763239875389,0.329133858267717,0.307692307692308,0.753532182103611,0.331782945736434,0.670846394984326,0.579710144927536,0.323343848580442,0.328149300155521,0.302325581395349,1,0.0238450074515648,0,0.322239031770045,0.332302936630603,0.348367029548989,1,0.316535433070866,0.316692667706708,1,0.313664596273292,0.945141065830721,0.565977742448331,1,1,0.993355481727575,0.322678843226788,0.590909090909091,0.329787234042553,0.316558441558442,0.328660436137072,0.396024464831804,1,0.315789473684211,1,0.331168831168831,0.325806451612903,1,0.330683624801272,1,0.326625386996904,1,1,0.333333333333333,0,1,0.329173166926677,1,0.570987654320988,1,0.489922480620155,1,0.572327044025157,1,0.327476038338658,1,1,1,0.321981424148607,0.329652996845426,0.324159021406728,0.356677524429967,0.318627450980392,0.315707620528771,1,0.3328125,1,1,0.3375,0.323248407643312,0.325153374233129,0.394321766561514,0.332826747720365,1,1,0.328767123287671,0.322169059011164,0.625201938610662,0.574603174603175,0.326053042121685,0.324367088607595,1,0.315217391304348,0.323170731707317,0.995290423861852,0.311793214862682,0.323529411764706,0,0.122727272727273,0.320251177394035,0.670229007633588,0.313195548489666,0.329704510108865,0.588145896656535,0.996845425867508,0.318471337579618,1,0.323390894819466,0.359055118110236,0.317610062893082,0.50384024577573,0.320251177394035,1,0.326153846153846,0.33125,0.332802547770701,0.676335877862595,1,0.332268370607029,0.320987654320988,0,0.328682170542636,1,0.9546875,1,0.327073552425665,0.332298136645963,0.329052969502408,0.571651090342679,1,0.583601286173633,0.340255591054313,1,1,0.963020030816641,0.666151468315301,0.331746031746032,0.37007874015748,0.328616352201258,0.326625386996904,1,1,0.49375,0.626182965299685,1,1,1,0.684375,1,0.33535660091047,0.668769716088328,1,0.332814930015552,0.319620253164557,0.320251177394035,0.998463901689708,1,0.637380191693291,0.326053042121685,1,1,0.332293291731669,0.313084112149533,1,0,0.32120253164557,0.321259842519685,0.0062992125984252,0.323619631901841,1,0.318110236220472,1,0.136503067484663,0,0.898176291793313,0.337404580152672,1,1,0,0.00153374233128834,0.332293291731669,1,0.3136,0.998463901689708,0.3184,1,1,0.970358814352574,0.768633540372671,1,1,0.0046875,1,0.494345718901454,0.328593996840442,0.667180277349769,0.335413416536661,1,0.313385826771654,0.668224299065421,1,1,0.323763955342903,0.606927710843373,0.336477987421384,0.574603174603175,0.97045101088647,0.340659340659341,0.590909090909091,0.0109204368174727,0.312796208530806,0.330708661417323,0.328682170542636,1,0.625954198473282,0.315870570107858,0.893081761006289,0.578947368421053,0.966257668711656,1,1,0.320373250388802,0.345161290322581,0.318840579710145,0.320433436532508,0.320121951219512,0.605182926829268,0.310872894333844,0,0.671191553544495,0.998454404945904,0.33489827856025,0.312989045383412,0.328571428571429,0.328725038402458,0.587869362363919,1,0.337962962962963,0.341121495327103,0.340356564019449,0.326120556414219,0.318461538461538,0.3140625,0.174114021571649,0.678855325914149,0.328593996840442,0.588597842835131,1,0.223765432098765,0.330232558139535,0.925349922239502,1,1,0.320373250388802,0.625766871165644,1,0.316770186335404,0.30625,0.949447077409163,1,1,0.996850393700787,0.317901234567901,1,1,0.894819466248038,1,0.358814352574103,1,0.583333333333333,1,0.670278637770898,0.31924882629108,0.593301435406699,1,1,0.99198717948718,0.326219512195122,0.330218068535826,0.330081300813008,0.330708661417323,0.3344,0.328050713153724,0.985736925515055,0.314984709480122,1,1,0.712074303405573,0,0.32093023255814,0.321428571428571,0.674809160305344,1,0.550231839258114,0.332307692307692,0.63349131121643,0.314285714285714,0.325806451612903,1,0.312796208530806,0.321252059308072,0.674015748031496,0.905750798722045,0.327893175074184,0.593354430379747,0.56120826709062,0.333846153846154,0.337025316455696,0.306748466257669,0.585826771653543,0.672281776416539,1,0.898595943837754,1,0.662037037037037,0.998422712933754,0.582018927444795,0.327613104524181,0.332802547770701,1,1,0.414442700156986,0.993700787401575,0.996932515337423,1,0.327102803738318,0.330745341614907,1,0.324200913242009,0.674961119751166,0.334928229665072,0.440381558028617,0.3125,0,0.315384615384615,1,1,0.585023400936037,0.00155038759689922,0.337461300309598,0.332283464566929,0.104199066874028,0.40829346092504,1,1,0.31875,1,0.396255850234009,1,0.336890243902439,0.576086956521739,0.339563862928349,0.317111459968603,1,0,1,0.308823529411765,0.332807570977918,1,1,1,0.43879173290938,1,0.323809523809524,0.605263157894737,0.338028169014085,0.329032258064516,0.00154559505409583,0.0360501567398119,1,0.611455108359133,1,0.334379905808477,0.335987261146497,1,1,0.148606811145511,0.315384615384615,1,0.900153609831029,1,0.330232558139535,0.187004754358162,0.665629860031104,1,1,1,1,1,0.304821150855365,0.313084112149533,1,0.106280193236715,0.00157232704402516,0.423076923076923,0,0.331746031746032,1,0.670364500792393,1,1,0.897990726429675,1,0.67687595712098,1,1,1,1
"840",0.297770700636943,0.31104199066874,0.308166409861325,0.322834645669291,0.308166409861325,0.303405572755418,0.0112179487179487,0.315541601255887,0.304147465437788,0.5728,0.319444444444444,0.64696734059098,0.511848341232227,0.313385826771654,1,1,0.622496147919877,0,0.319685039370079,0.303265940902022,1,1,0.317484662576687,0.523219814241486,0.306547619047619,1,1,0.331723027375201,0.307926829268293,0.521875,1,0.5895865237366,0.357251908396947,0.996937212863706,0.66875,0.304918032786885,0.135464231354642,0.31441717791411,1,0.294298921417565,0.0031055900621118,0,0,0.3265625,0.304625199362041,1,0.993759750390016,1,1,1,0.697852760736196,0.314285714285714,1,0.320754716981132,0.304878048780488,0.820063694267516,0.121259842519685,0.3171875,0.303951367781155,0.315047021943574,0.995327102803738,1,1,0.00627943485086342,0.304347826086957,0.308282208588957,0.6578125,0.31619937694704,0.620328849028401,1,0.310769230769231,1,1,0.270833333333333,0.155145929339478,0.311278195488722,1,0.99400299850075,0.313935681470138,1,0.595505617977528,1,1,0.314728682170543,1,0.318731117824773,0.30564263322884,0.329738058551618,0.317262830482115,0,0.315707620528771,0.321266968325792,0.690031152647975,0.586583463338534,0.3024,0.640179910044978,0.686821705426357,0.308282208588957,0.118210862619808,0,0.303599374021909,0.622083981337481,1,0.307814992025518,1,0.312302839116719,0,0.309597523219814,1,1,1,0.299373040752351,0.995363214837713,0.320433436532508,0.200913242009132,0.297297297297297,1,0.375389408099688,1,1,0.2,0.308411214953271,1,1,0.322137404580153,1,0.309063893016345,0.311178247734139,0.365777080062794,0.767511177347243,0.315705128205128,1,0.327102803738318,0.640298507462687,0.321144674085851,1,0.00152905198776758,1,0.366043613707165,0.890649762282092,0.587774294670846,0.596214511041009,0.309859154929577,0.316720257234727,1,0.307453416149068,1,0.293023255813953,0.502318392581144,0.31570996978852,1,0.304012345679012,0.308661417322835,0.31839258114374,0.320251177394035,1,0.297674418604651,1,0.438759689922481,0.322239031770045,1,0.316666666666667,1,0.593167701863354,0.314785373608903,1,0.308527131782946,0.303738317757009,0.323854660347551,0.98936170212766,0.316770186335404,1,0.315047021943574,1,0.302931596091205,1,0.602150537634409,0.294753086419753,0.0261011419249592,0.290880503144654,0.305164319248826,1,0.301242236024845,0.311627906976744,0.311248073959938,0.325077399380805,1,1,0.322784810126582,0.320552147239264,1,1,0.317411402157165,0.235294117647059,0.0150375939849624,0.692307692307692,1,0.00313479623824451,0.308166409861325,1,0.312302839116719,0.303030303030303,0.306153846153846,0.998449612403101,1,1,0.317293233082707,0.309061488673139,0.312111801242236,0.688087774294671,0.299065420560748,1,0.337519623233909,1,1,0.426810477657935,0.317411402157165,0.312788906009245,0.31937984496124,0.294573643410853,0.311526479750779,0.654743390357698,1,1,0.311827956989247,0.00458015267175573,0.319083969465649,0.31306990881459,0.313084112149533,0.304878048780488,0.294117647058824,0.306870229007634,0.70077519379845,0.356927710843373,0.297709923664122,1,0.313971742543171,1,0.301059001512859,0.304897314375987,0.30030959752322,0.327014218009479,0.304625199362041,1,0.31441717791411,0.803149606299213,1,1,0.996884735202492,1,1,0.893141945773525,1,1,1,0.313636363636364,1,0.314424635332253,0,1,0.384969325153374,1,0.313971742543171,0.318181818181818,0.305900621118012,0.420472440944882,1,0.314814814814815,1,1,1,1,0,0.30564263322884,1,1,0.312989045383412,1,0.316109422492401,1,1,0.30503144654088,0.314785373608903,0.301684532924962,0.149230769230769,0.323296354992076,0,0.59789156626506,1,0.317901234567901,0.314375987361769,0.583333333333333,1,1,0.317034700315457,0.328660436137072,1,0.662992125984252,0.703470031545741,0.298578199052133,0.314009661835749,0.993948562783661,0.322378716744914,0.296240601503759,1,0.306853582554517,0.299847792998478,1,0.301261829652997,0.308641975308642,0.302147239263804,0.314589665653495,1,1,1,0.306501547987616,0.321259842519685,0.00770416024653313,0.992223950233281,0.3152,1,1,0.303215926493109,0.315870570107858,0.30030487804878,0.315132605304212,0.310664605873261,1,0.302507836990596,0.302652106084243,0.573033707865168,1,0.837209302325581,1,0,1,0.317700453857791,1,1,0.424615384615385,0.998459167950693,0.32182103610675,1,0.301857585139319,0.291993720565149,0.308755760368664,1,1,0.310872894333844,0.398412698412698,0.613312202852615,0.295774647887324,1,1,1,0.313001605136437,1,0.205607476635514,1,1,1,1,0.315068493150685,1,0.304347826086957,0.322981366459627,0.689763779527559,0.296583850931677,1,0.317757009345794,0.308980213089802,0.315955766192733,1,0.309559939301973,1,0.319340329835082,0.477726574500768,0.323574730354391,0.319620253164557,0.308755760368664,1,0.313479623824451,0.297971918876755,1,1,0.318461538461538,0.299065420560748,1,0.482866043613707,0.307448494453249,0.322727272727273,0.319571865443425,0.688650306748466,1,0.285483870967742,1,0.422291993720565,0.306625577812018,0,0.884146341463415,0.322327044025157,0.312210200927357,0,0.0309119010819165,0.9858934169279,0.312404287901991,1,0.30564263322884,0.304625199362041,1,0.309707241910632,0.313971742543171,0.673405909797823,1,0.313084112149533,0.314728682170543,1,0.302936630602782,0.3088,1,0.336923076923077,0.30829420970266,0.315301391035549,0.329721362229102,0.803100775193798,1,0.98116169544741,1,1,0.0015552099533437,1,0.993759750390016,1,0.430359937402191,0.996904024767802,0.299694189602446,0.995419847328244,0.3234375,0.995405819295559,0.61144578313253,0.636641221374046,0.311926605504587,0.312594840667678,0.647149460708783,0.303225806451613,0,0.63944530046225,0.69620253164557,0.310769230769231,0.00156985871271586,0.31055900621118,0.301092043681747,0.764240506329114,0.315789473684211,0.69478527607362,0.60223642172524,0.3140625,0.30920060331825,0.300462249614792,1,0.0224887556221889,0,0.313161875945537,0.321316614420063,0.326687116564417,1,0.332288401253919,0.301684532924962,1,0.296754250386399,0.947932618683001,0.578446909667195,1,1,0.993366500829187,0.314329738058552,0.600303951367781,0.315629742033384,0.314935064935065,0.310452418096724,0.426380368098159,1,0.310344827586207,1,0.307692307692308,0.314102564102564,1,0.309859154929577,1,0.31924882629108,1,1,0.318818040435459,0,1,0.313846153846154,1,0.562790697674419,1,0.503115264797508,1,0.564465408805031,1,0.309033280507132,1,1,1,0.309262166405024,0.314553990610329,0.308734939759036,0.339622641509434,0.328455284552846,0.300925925925926,1,0.3140625,1,1,0.320872274143302,0.311811023622047,0.309230769230769,0.3843797856049,0.316666666666667,1,1,0.313364055299539,0.317460317460317,0.638263665594855,0.5953125,0.312210200927357,0.307814992025518,1,0.304012345679012,0.312781954887218,0.995290423861852,0.298217179902755,0.306976744186047,0,0.133640552995392,0.30564263322884,0.68685376661743,0.299684542586751,0.311728395061728,0.605222734254992,0.996904024767802,0.301261829652997,1,0.313385826771654,0.336463223787167,0.310077519379845,0.471036585365854,0.315625,1,0.317901234567901,0.312401883830455,0.322169059011164,0.694189602446483,1,0.321766561514196,0.311926605504587,0,0.31866464339909,0.998459167950693,0.957878315132605,1,0.316358024691358,0.320987654320988,0.309636650868878,0.586363636363636,1,0.589622641509434,0.3234375,1,1,0.97239263803681,0.677067082683307,0.33125,0.349304482225657,0.314152410575428,0.314024390243902,1,1,0.513513513513513,0.638801261829653,1,1,0.998470948012232,0.69435736677116,1,0.318731117824773,0.693498452012384,1,0.327666151468315,0.305993690851735,0.311811023622047,0.996951219512195,1,0.651612903225806,0.312693498452012,1,1,0.318611987381703,0.296636085626911,0.998439937597504,0,0.305295950155763,0.303459119496855,0.00771604938271605,0.307339449541284,1,0.3015625,1,0.142857142857143,0,0.902694610778443,0.324615384615385,1,1,0,0.00152439024390244,0.312597200622084,1,0.309033280507132,0.996965098634294,0.295418641390205,1,0.998444790046656,0.967791411042945,0.768875192604006,1,1,0.0062015503875969,1,0.517350157728707,0.324492979719189,0.682926829268293,0.316358024691358,1,0.299065420560748,0.685358255451713,1,1,0.3078125,0.624441132637854,0.321316614420063,0.593996840442338,0.975039001560062,0.324534161490683,0.610852713178295,0.0108695652173913,0.30030959752322,0.31937984496124,0.313546423135464,1,0.637747336377473,0.309923664122137,0.90015600624025,0.598425196850394,0.968944099378882,1,1,0.308527131782946,0.332278481012658,0.300940438871473,0.300925925925926,0.303543913713405,0.62012012012012,0.29607250755287,0,0.68107302533532,0.998452012383901,0.322188449848024,0.306625577812018,0.30952380952381,0.319571865443425,0.606531881804043,1,0.327743902439024,0.326053042121685,0.327476038338658,0.320373250388802,0.313455657492355,0.302325581395349,0.198170731707317,0.680445151033386,0.310344827586207,0.602102102102102,1,0.237048665620094,0.316846986089645,0.934920634920635,1,1,0.30625,0.644171779141104,1,0.306060606060606,0.29559748427673,0.958730158730159,1,1,0.996805111821086,0.316590563165906,1,1,0.897356143079316,1,0.347758887171561,1,0.591346153846154,1,0.679447852760736,0.301261829652997,0.604761904761905,1,1,0.9921875,0.314241486068111,0.316923076923077,0.322222222222222,0.312111801242236,0.314785373608903,0.318979266347687,0.986024844720497,0.309006211180124,1,1,0.708074534161491,0,0.31859756097561,0.311550151975684,0.68140243902439,1,0.572769953051643,0.328313253012048,0.647335423197492,0.303543913713405,0.310897435897436,1,0.309968847352025,0.310679611650485,0.680817610062893,0.906148867313916,0.318047337278107,0.60828025477707,0.583076923076923,0.319148936170213,0.315541601255887,0.294392523364486,0.596302003081664,0.690076335877863,1,0.904836193447738,1,0.674311926605505,0.996825396825397,0.587227414330218,0.310344827586207,0.318979266347687,1,1,0.433229813664596,0.992150706436421,0.996937212863706,1,0.303738317757009,0.322932917316693,1,0.313988095238095,0.687888198757764,0.322981366459627,0.4640625,0.294670846394984,0,0.299847792998478,1,1,0.602150537634409,0.00151285930408472,0.325617283950617,0.312796208530806,0.0978260869565217,0.409235668789809,1,1,0.306870229007634,1,0.414976599063963,1,0.320359281437126,0.588697017268446,0.31496062992126,0.30564263322884,1,0,1,0.302066772655008,0.319182389937107,1,1,1,0.434169278996865,1,0.313084112149533,0.624806201550388,0.325617283950617,0.321086261980831,0.00153139356814701,0.0338983050847458,1,0.631901840490798,1,0.318818040435459,0.318910256410256,1,1,0.152671755725191,0.300462249614792,1,0.898773006134969,1,0.319508448540707,0.200626959247649,0.679447852760736,1,1,1,1,1,0.285714285714286,0.295208655332303,1,0.115015974440895,0.00159235668789809,0.447852760736196,0,0.328173374613003,1,0.687010954616588,1,1,0.887345679012346,1,0.6875,1,1,1,1
"841",0.362204724409449,0.358695652173913,0.364485981308411,0.363067292644757,0.351937984496124,0.35625,0.120826709062003,0.354938271604938,0.358490566037736,0.686591276252019,0.373475609756098,0.680365296803653,0.383411580594679,0.375,0.903937007874016,0.897674418604651,0.700607902735562,0.119426751592357,0.368670886075949,0.355932203389831,0.886115444617785,0.890302066772655,0.362252663622527,0.651975683890577,0.366818873668189,0.886676875957121,0.890649762282092,0.381260096930533,0.361861861861862,0.408163265306122,0.893353941267388,0.462365591397849,0.351309707241911,0.894009216589862,0.634945397815913,0.37785016286645,0.265210608424337,0.372519083969466,0.892586989409985,0.361111111111111,0.113564668769716,0.105828220858896,0.105504587155963,0.370486656200942,0.370486656200942,0.89792663476874,0.891679748822606,0.899082568807339,0.898176291793313,0.899082568807339,0.645990922844175,0.374203821656051,0.892141756548536,0.367692307692308,0.368584758942457,0.69701726844584,0.227987421383648,0.375579598145286,0.37173579109063,0.370716510903427,0.88135593220339,0.885220125786163,0.89358372456964,0.111791730474732,0.363784665579119,0.368258859784284,0.696456086286595,0.376160990712074,0.68562874251497,0.886056971514243,0.355384615384615,0.893518518518518,0.887640449438202,0.348726114649682,0.271056661562021,0.371814092953523,0.898176291793313,0.886153846153846,0.366261398176292,0.897151898734177,0.712698412698413,0.894080996884735,0.892913385826772,0.383307573415765,0.889400921658986,0.366218236173393,0.364500792393027,0.368258859784284,0.366043613707165,0.11280487804878,0.367924528301887,0.357357357357357,0.645510835913313,0.722560975609756,0.346709470304976,0.681681681681682,0.63302752293578,0.352307692307692,0.251192368839428,0.103174603174603,0.360681114551084,0.68266253869969,0.901081916537867,0.366129032258065,0.8921875,0.35968992248062,0.109062980030722,0.375776397515528,0.880763116057234,0.892307692307692,0.878048780487805,0.361370716510903,0.891271056661562,0.37442218798151,0.310136157337368,0.359635811836115,0.887692307692308,0.502304147465438,0.895295902883156,0.888888888888889,0.328173374613003,0.363914373088685,0.894333843797856,0.887301587301587,0.367127496159754,0.888379204892966,0.365527488855869,0.361481481481481,0.488479262672811,0.833333333333333,0.367507886435331,0.890795631825273,0.369158878504673,0.671664167916042,0.371019108280255,0.880774962742176,0.114854517611026,0.896124031007752,0.290322580645161,0.938808373590982,0.714953271028037,0.727963525835866,0.3671875,0.3632,0.892018779342723,0.358461538461538,0.898638426626324,0.354587869362364,0.376146788990826,0.375757575757576,0.894904458598726,0.3484375,0.36875,0.370429252782194,0.3578125,0.894245723172628,0.361963190184049,0.884080370942813,0.575193798449612,0.378995433789954,0.889908256880734,0.375572519083969,0.888024883359253,0.708860759493671,0.354037267080745,0.888540031397174,0.386748844375963,0.361669242658423,0.392248062015504,0.875190258751903,0.384858044164038,0.890795631825273,0.365625,0.885093167701863,0.364069952305246,0.885758998435055,0.690184049079755,0.341121495327103,0.147011308562197,0.352484472049689,0.368012422360248,0.906497622820919,0.359013867488444,0.364341085271318,0.367283950617284,0.376744186046512,0.890262751159196,0.891271056661562,0.37220447284345,0.375191424196018,0.886018237082067,0.887323943661972,0.369631901840491,0.361934477379095,0.132243684992571,0.6421875,0.895545314900154,0.11402157164869,0.358231707317073,0.884792626728111,0.374407582938389,0.358433734939759,0.351851851851852,0.893353941267388,0.895545314900154,0.88783570300158,0.378048780487805,0.36248012718601,0.356495468277946,0.644444444444444,0.362776025236593,0.897798742138365,0.330232558139535,0.889589905362776,0.884615384615385,0.505376344086022,0.362637362637363,0.381172839506173,0.369565217391304,0.365325077399381,0.359177215189873,0.671826625386997,0.881987577639752,0.886328725038402,0.368258859784284,0.115264797507788,0.368181818181818,0.371641791044776,0.370253164556962,0.355932203389831,0.346153846153846,0.361861861861862,0.642748091603053,0.498470948012232,0.354587869362364,0.888540031397174,0.36150234741784,0.88646967340591,0.355083459787557,0.351735015772871,0.349378881987578,0.376175548589342,0.362916006339144,0.889235569422777,0.364906832298137,0.670866141732283,0.881889763779528,0.880733944954128,0.890822784810127,0.890965732087227,0.887147335423197,0.95859872611465,0.881435257410296,0.890432098765432,0.88390092879257,0.364615384615385,0.883540372670807,0.366288492706645,0.0978593272171254,0.889580093312597,0.514372163388805,0.892355694227769,0.369426751592357,0.36875,0.35375191424196,0.541085271317829,0.896124031007752,0.354449472096531,0.895734597156398,0.896969696969697,0.892690513219285,0.892141756548536,0.111975116640746,0.36150234741784,0.893778452200303,0.889937106918239,0.359133126934985,0.893819334389857,0.376344086021505,0.886850152905199,0.899845916795069,0.353312302839117,0.374803149606299,0.343167701863354,0.263157894736842,0.379095163806552,0.107858243451464,0.704204204204204,0.890432098765432,0.375189107413011,0.36150234741784,0.706870229007634,0.885802469135803,0.901098901098901,0.369426751592357,0.376766091051805,0.88719512195122,0.660522273425499,0.645933014354067,0.359055118110236,0.368,0.884498480243161,0.366929133858268,0.362537764350453,0.9,0.360248447204969,0.351963746223565,0.888888888888889,0.352484472049689,0.363349131121643,0.356923076923077,0.362068965517241,0.887147335423197,0.89209726443769,0.897106109324759,0.352941176470588,0.367127496159754,0.118181818181818,0.88062015503876,0.365625,0.901065449010654,0.891338582677165,0.355623100303951,0.36906584992343,0.346213292117465,0.363636363636364,0.355932203389831,0.890092879256966,0.358934169278997,0.354938271604938,0.6896,0.891437308868501,0.897990726429675,0.892018779342723,0.115740740740741,0.890076335877863,0.364188163884674,0.897832817337461,0.896713615023474,0.544615384615385,0.893129770992366,0.367507886435331,0.891402714932127,0.352755905511811,0.350152905198777,0.358662613981763,0.893081761006289,0.897125567322239,0.36547433903577,0.304761904761905,0.684375,0.362619808306709,0.885093167701863,0.886970172684458,0.892913385826772,0.3568,0.894495412844037,0.322981366459627,0.889235569422777,0.888544891640867,0.885895404120444,0.894321766561514,0.364632237871674,0.884310618066561,0.364667747163695,0.372239747634069,0.635658914728682,0.36,0.891509433962264,0.373660030627871,0.357466063348416,0.367762128325509,0.894819466248038,0.350152905198777,0.894654088050314,0.369207772795217,0.364760432766615,0.369565217391304,0.372019077901431,0.365325077399381,0.890937019969278,0.354889589905363,0.350793650793651,0.88646967340591,0.884375,0.369230769230769,0.360983102918587,0.898278560250391,0.608231707317073,0.361331220285261,0.362670713201821,0.371212121212121,0.624615384615385,0.896551724137931,0.337078651685393,0.883614088820827,0.541139240506329,0.354134165366615,0.102874432677761,0.769230769230769,0.367834394904459,0.372274143302181,0.115097159940209,0.132492113564669,0.866141732283465,0.358578052550232,0.889230769230769,0.3609375,0.363057324840764,0.889751552795031,0.369969040247678,0.371248025276461,0.637636080870918,0.886645962732919,0.377151799687011,0.365203761755486,0.893987341772152,0.354489164086687,0.354889589905363,0.889240506329114,0.463746223564955,0.364928909952607,0.372932330827068,0.37111801242236,0.677914110429448,0.89644513137558,0.909233176838811,0.891891891891892,0.901538461538462,0.117554858934169,0.885496183206107,0.877742946708464,0.899536321483771,0.5600624024961,0.8875,0.358006042296073,0.885196374622356,0.376766091051805,0.888024883359253,0.710166919575114,0.678955453149002,0.368421052631579,0.364760432766615,0.68140243902439,0.354788069073783,0.115097159940209,0.668711656441718,0.654028436018957,0.370030581039755,0.106317411402157,0.361963190184049,0.36055469953775,0.842767295597484,0.371695178849145,0.631498470948012,0.692185007974482,0.365203761755486,0.368340943683409,0.357032457496136,0.890822784810127,0.141592920353982,0.092948717948718,0.378995433789954,0.366459627329193,0.33953488372093,0.895384615384615,0.454968944099379,0.358578052550232,0.892018779342723,0.349085365853659,0.826153846153846,0.694620253164557,0.89247311827957,0.90210843373494,0.883031301482702,0.370481927710843,0.713629402756508,0.373873873873874,0.3536,0.371913580246914,0.548238897396631,0.885758998435055,0.377329192546584,0.906050955414013,0.368670886075949,0.365814696485623,0.88719512195122,0.369158878504673,0.88955223880597,0.37914691943128,0.889589905362776,0.892690513219285,0.359877488514548,0.107644305772231,0.895280235988201,0.368258859784284,0.896166134185304,0.457055214723926,0.892586989409985,0.638065522620905,0.887878787878788,0.437209302325581,0.888364779874214,0.394944707740916,0.88785046728972,0.893846153846154,0.899845916795069,0.362776025236593,0.375987361769352,0.354198473282443,0.330670926517572,0.45933014354067,0.355932203389831,0.889415481832543,0.368258859784284,0.904376012965964,0.893939393939394,0.373660030627871,0.362776025236593,0.364723467862481,0.287901990811639,0.365740740740741,0.88719512195122,0.904907975460123,0.369137670196672,0.376582278481013,0.685624012638231,0.696969696969697,0.363076923076923,0.363924050632911,0.8890625,0.358778625954198,0.360902255639098,0.892690513219285,0.36,0.365891472868217,0.113464447806354,0.262672811059908,0.360374414976599,0.634873323397914,0.364207221350078,0.375,0.729041916167665,0.88646967340591,0.352290679304897,0.889060092449923,0.35377358490566,0.328638497652582,0.366197183098592,0.351309707241911,0.358255451713396,0.901612903225806,0.36687306501548,0.365659777424483,0.361635220125786,0.650914634146341,0.895424836601307,0.358730158730159,0.364885496183206,0.110236220472441,0.375,0.886996904024768,0.84,0.893846153846154,0.364760432766615,0.369969040247678,0.374414976599064,0.704819277108434,0.882995319812793,0.695721077654517,0.367088607594937,0.892638036809816,0.886328725038402,0.851393188854489,0.63182527301092,0.372827804107425,0.32258064516129,0.373660030627871,0.361408882082695,0.891338582677165,0.887366818873668,0.638036809815951,0.672926447574335,0.890795631825273,0.884493670886076,0.883435582822086,0.657097288676236,0.893416927899687,0.365151515151515,0.636932707355243,0.888549618320611,0.373088685015291,0.365625,0.370542635658915,0.884848484848485,0.894977168949772,0.679549114331723,0.364329268292683,0.898148148148148,0.897709923664122,0.373660030627871,0.355623100303951,0.890262751159196,0.102773246329527,0.361635220125786,0.355799373040752,0.109375,0.360060514372163,0.897239263803681,0.374608150470219,0.888540031397174,0.263318112633181,0.107197549770291,0.962349397590361,0.377300613496933,0.887048192771084,0.885625965996909,0.10061919504644,0.114803625377644,0.372881355932203,0.89247311827957,0.364779874213836,0.893072289156627,0.349768875192604,0.884914463452566,0.896988906497623,0.847352024922118,0.83641975308642,0.883464566929134,0.879310344827586,0.113924050632911,0.890262751159196,0.654952076677316,0.361370716510903,0.628571428571429,0.370542635658915,0.890965732087227,0.363636363636364,0.641860465116279,0.894899536321484,0.89589905362776,0.36248012718601,0.681137724550898,0.371951219512195,0.702619414483821,0.852380952380952,0.364906832298137,0.6828125,0.121538461538462,0.348837209302326,0.365891472868217,0.365740740740741,0.893312101910828,0.662595419847328,0.34703196347032,0.776234567901235,0.714953271028037,0.843465045592705,0.884615384615385,0.889057750759878,0.363358778625954,0.356012658227848,0.3632,0.3609375,0.358346094946401,0.701046337817638,0.353915662650602,0.108895705521472,0.62739322533137,0.894656488549618,0.37403400309119,0.357927786499215,0.356466876971609,0.364885496183206,0.727414330218069,0.88719512195122,0.375,0.370892018779343,0.373228346456693,0.361111111111111,0.364599092284418,0.36817472698908,0.313813813813814,0.651017214397496,0.359375,0.722306525037936,0.899068322981366,0.373831775700935,0.373846153846154,0.819182389937107,0.889430894308943,0.886676875957121,0.367692307692308,0.676923076923077,0.892586989409985,0.359877488514548,0.360189573459716,0.837579617834395,0.885496183206107,0.893188854489164,0.891338582677165,0.354838709677419,0.8976,0.886153846153846,0.957613814756672,0.896988906497623,0.341945288753799,0.891104294478528,0.711111111111111,0.892307692307692,0.63719512195122,0.354037267080745,0.722308892355694,0.886645962732919,0.889408099688474,0.880434782608696,0.370992366412214,0.37037037037037,0.376190476190476,0.370769230769231,0.373996789727127,0.371294851794072,0.870458135860979,0.367223065250379,0.890092879256966,0.894909688013136,0.774045801526718,0.108150470219436,0.366666666666667,0.365030674846626,0.642526964560863,0.890225563909774,0.687888198757764,0.366917293233083,0.675968992248062,0.353582554517134,0.3648,0.888540031397174,0.360501567398119,0.366559485530547,0.756329113924051,0.969155844155844,0.372230428360414,0.713385826771654,0.704866562009419,0.367534456355283,0.373817034700315,0.353395061728395,0.711864406779661,0.641538461538462,0.895865237366003,0.775193798449612,0.884437596302003,0.624427480916031,0.879173290937997,0.704113924050633,0.360248447204969,0.368839427662957,0.903374233128834,0.890262751159196,0.561430793157076,0.888535031847134,0.882442748091603,0.892261001517451,0.367029548989114,0.378461538461538,0.894654088050314,0.367069486404834,0.643730886850153,0.366197183098592,0.581395348837209,0.359746434231379,0.111111111111111,0.357473035439137,0.893416927899687,0.895071542130366,0.698461538461538,0.104387291981846,0.382126348228043,0.361067503924647,0.215748031496063,0.464516129032258,0.899536321483771,0.886970172684458,0.353488372093023,0.885579937304075,0.536547433903577,0.889430894308943,0.389473684210526,0.717592592592593,0.378086419753086,0.352755905511811,0.889580093312597,0.111464968152866,0.888364779874214,0.353035143769968,0.359253499222395,0.891304347826087,0.89060092449923,0.892141756548536,0.497659906396256,0.897959183673469,0.378670788253478,0.688650306748466,0.387345679012346,0.369426751592357,0.110773899848255,0.168769716088328,0.893719806763285,0.691131498470948,0.881619937694704,0.375579598145286,0.365930599369085,0.897832817337461,0.885093167701863,0.243865030674847,0.35981308411215,0.894736842105263,0.986111111111111,0.89060092449923,0.383076923076923,0.32753164556962,0.64031007751938,0.895612708018154,0.886056971514243,0.901587301587302,0.886435331230284,0.891729323308271,0.386259541984733,0.351181102362205,0.897709923664122,0.240322580645161,0.108661417322835,0.565420560747664,0.115689381933439,0.367924528301887,0.883359253499222,0.642633228840125,0.897990726429675,0.887345679012346,1,0.882445141065831,0.645161290322581,0.882716049382716,0.897314375987362,0.894154818325434,0.887864823348694
"842",0.307568438003221,0.308056872037915,0.318037974683544,0.329073482428115,0.317683881064163,0.309033280507132,0.0113821138211382,0.32258064516129,0.319182389937107,0.566284779050736,0.316770186335404,0.633647798742138,0.503987240829346,0.326892109500805,1,1,0.616588419405321,0,0.322784810126582,0.315457413249211,1,1,0.320493066255778,0.5086887835703,0.311627906976744,1,1,0.333333333333333,0.311424100156495,0.533546325878594,1,0.596850393700787,0.376175548589342,0.996840442338073,0.661927330173776,0.315,0.128125,0.325471698113208,1,0.311912225705329,0,0,0,0.327974276527331,0.315789473684211,1,0.996815286624204,1,1,1,0.695178849144635,0.322528363047002,1,0.325396825396825,0.310832025117739,0.822966507177033,0.113268608414239,0.323899371069182,0.313572542901716,0.329133858267717,0.992378048780488,1,1,0.0016,0.317512274959083,0.31839258114374,0.648177496038035,0.325769854132901,0.619335347432024,1,0.31832298136646,1,1,0.277324632952692,0.141085271317829,0.313455657492355,1,0.996889580093313,0.318885448916409,1,0.598006644518272,1,1,0.318181818181818,1,0.32398753894081,0.32018927444795,0.330143540669856,0.315286624203822,0,0.317073170731707,0.329230769230769,0.682034976152623,0.571875,0.314935064935065,0.632237871674491,0.677165354330709,0.312893081761006,0.106732348111658,0,0.317817014446228,0.621236133122029,1,0.314935064935065,1,0.314285714285714,0,0.323296354992076,1,1,1,0.301261829652997,0.998412698412698,0.322274881516588,0.193447737909516,0.312121212121212,1,0.373417721518987,1,1,0.194312796208531,0.3168,1,1,0.330232558139535,1,0.3202416918429,0.311728395061728,0.364353312302839,0.767692307692308,0.32512315270936,1,0.3312,0.63093415007657,0.32741935483871,1,0,1,0.382775119617225,0.883223684210526,0.563779527559055,0.589703588143526,0.313385826771654,0.318255250403877,1,0.315955766192733,1,0.302547770700637,0.50077519379845,0.324492979719189,1,0.303599374021909,0.311501597444089,0.321543408360129,0.328050713153724,1,0.305379746835443,1,0.42967542503864,0.326498422712934,1,0.321044546850998,1,0.576051779935275,0.323717948717949,1,0.323343848580442,0.312796208530806,0.328571428571429,0.990580847723705,0.330112721417069,1,0.325949367088608,1,0.312913907284768,1,0.585557299843014,0.302034428794992,0.0325732899022801,0.300476947535771,0.317111459968603,1,0.31496062992126,0.319620253164557,0.323390894819466,0.330203442879499,1,1,0.322061191626409,0.329153605015674,1,1,0.326465927099842,0.231496062992126,0.0199386503067485,0.68503937007874,1,0,0.32182103610675,1,0.326860841423948,0.314984709480122,0.311605723370429,0.998442367601246,1,1,0.325077399380805,0.316558441558442,0.320126782884311,0.679549114331723,0.302694136291601,1,0.346031746031746,1,1,0.436908517350158,0.320450885668277,0.315047021943574,0.323943661971831,0.309636650868878,0.3168,0.640449438202247,1,1,0.315132605304212,0.00158730158730159,0.329211746522411,0.314814814814815,0.326433121019108,0.306477093206951,0.30048465266559,0.321538461538462,0.69435736677116,0.350078492935636,0.309597523219814,1,0.327974276527331,1,0.313178294573643,0.307941653160454,0.322683706070288,0.328,0.313213703099511,1,0.324409448818898,0.8125,1,1,1,1,1,0.886363636363636,1,1,1,0.317757009345794,1,0.317880794701987,0,1,0.379256965944272,1,0.32794830371567,0.324324324324324,0.316455696202532,0.421553090332805,1,0.321428571428571,1,1,1,1,0,0.318471337579618,1,1,0.320450885668277,1,0.32120253164557,1,1,0.312399355877617,0.325358851674641,0.302839116719243,0.139904610492846,0.323151125401929,0,0.579510703363914,1,0.318818040435459,0.324717285945073,0.565354330708661,1,1,0.327390599675851,0.329581993569132,1,0.6513470681458,0.694308943089431,0.310064935064935,0.323577235772358,0.995327102803738,0.330696202531646,0.308166409861325,1,0.311216429699842,0.311627906976744,1,0.301412872841444,0.322274881516588,0.3184,0.326530612244898,1,1,1,0.314873417721519,0.32018927444795,0.0093603744149766,0.995238095238095,0.326433121019108,1,1,0.310077519379845,0.322981366459627,0.303937007874016,0.317460317460317,0.314728682170543,1,0.312599681020734,0.307936507936508,0.5553772070626,1,0.830670926517572,1,0,1,0.324574961360124,1,1,0.408736349453978,1,0.317741935483871,1,0.311290322580645,0.3,0.321259842519685,1,1,0.318910256410256,0.413290113452188,0.604838709677419,0.303079416531605,1,1,1,0.327974276527331,1,0.201587301587302,1,1,1,1,0.324921135646688,1,0.313821138211382,0.332802547770701,0.674050632911392,0.308943089430894,1,0.324451410658307,0.316358024691358,0.310679611650485,1,0.304147465437788,1,0.3265625,0.471317829457364,0.323899371069182,0.323101777059774,0.314465408805031,1,0.3104,0.310177705977383,1,1,0.317111459968603,0.309636650868878,1,0.479134466769706,0.318032786885246,0.324451410658307,0.325,0.675675675675676,1,0.308196721311475,1,0.41091492776886,0.307086614173228,0,0.89060092449923,0.323671497584541,0.320967741935484,0,0.0236220472440945,0.982484076433121,0.322274881516588,1,0.306688417618271,0.313408723747981,1,0.329113924050633,0.322169059011164,0.670886075949367,1,0.31875,0.3216,1,0.316358024691358,0.30718954248366,1,0.336507936507937,0.315619967793881,0.319182389937107,0.336553945249597,0.803174603174603,1,0.982428115015974,1,1,0,1,0.995268138801262,1,0.426751592356688,0.998363338788871,0.309486780715397,0.995426829268293,0.330683624801272,0.9984375,0.597826086956522,0.621875,0.31875,0.312989045383412,0.632075471698113,0.319805194805195,0,0.626182965299685,0.675632911392405,0.316614420062696,0,0.315873015873016,0.31378763866878,0.768621236133122,0.332283464566929,0.684713375796178,0.587561374795417,0.315873015873016,0.313971742543171,0.297045101088647,1,0.030441400304414,0,0.3171875,0.326465927099842,0.339035769828927,1,0.331746031746032,0.323390894819466,1,0.303030303030303,0.949447077409163,0.562101910828026,1,1,0.994915254237288,0.320813771517997,0.593114241001565,0.319508448540707,0.311688311688312,0.316455696202532,0.411214953271028,1,0.311605723370429,1,0.317589576547231,0.317230273752013,1,0.3216,1,0.325878594249201,1,1,0.318252730109204,0,1,0.322834645669291,1,0.563380281690141,1,0.497645211930926,1,0.565079365079365,1,0.304918032786885,1,1,1,0.314285714285714,0.326860841423948,0.327692307692308,0.350819672131148,0.329450915141431,0.316957210776545,1,0.320574162679426,1,1,0.331230283911672,0.318181818181818,0.315132605304212,0.405750798722045,0.325115562403698,1,1,0.325984251968504,0.330112721417069,0.6192,0.583067092651757,0.31832298136646,0.318037974683544,1,0.304761904761905,0.316030534351145,0.998402555910543,0.308196721311475,0.305993690851735,0,0.131375579598145,0.313001605136437,0.682779456193353,0.311605723370429,0.321766561514196,0.58641975308642,0.996805111821086,0.31637519872814,1,0.306603773584906,0.35048231511254,0.320634920634921,0.467084639498433,0.321711568938193,1,0.329617834394904,0.325842696629214,0.330645161290323,0.68125,1,0.330097087378641,0.321259842519685,0,0.329133858267717,1,0.962558502340094,1,0.322932917316693,0.32018927444795,0.319620253164557,0.571205007824726,1,0.578525641025641,0.333333333333333,1,1,0.971653543307087,0.665079365079365,0.331723027375201,0.371428571428571,0.318681318681319,0.316037735849057,1,1,0.509677419354839,0.624796084828711,1,1,1,0.692926045016077,1,0.32258064516129,0.6816,1,0.322834645669291,0.3184,0.321766561514196,0.998420221169036,1,0.640983606557377,0.321259842519685,1,1,0.328125,0.310725552050473,1,0,0.315619967793881,0.311897106109325,0.00316957210776545,0.31055900621118,1,0.312297734627832,1,0.136858475894246,0,0.889408099688474,0.330745341614907,1,1,0,0,0.323854660347551,1,0.316476345840131,1,0.310679611650485,1,0.998387096774194,0.9671875,0.762578616352201,1,1,0.00315955766192733,1,0.504918032786885,0.328593996840442,0.67398119122257,0.331230283911672,1,0.311216429699842,0.68088467614534,1,1,0.312,0.612213740458015,0.334913112164297,0.580031695721078,0.977952755905512,0.3328,0.596825396825397,0.00949367088607595,0.314873417721519,0.326120556414219,0.32120253164557,1,0.627692307692308,0.312893081761006,0.898876404494382,0.57741935483871,0.972265023112481,1,1,0.313195548489666,0.340909090909091,0.31139646869984,0.314465408805031,0.318037974683544,0.616793893129771,0.307210031347962,0,0.67741935483871,0.998439937597504,0.325434439178515,0.30952380952381,0.317512274959083,0.329173166926677,0.596518987341772,1,0.328616352201258,0.328050713153724,0.327242524916944,0.319047619047619,0.315955766192733,0.310897435897436,0.191222570532915,0.673633440514469,0.3232,0.584251968503937,1,0.228434504792332,0.328025477707006,0.933764135702746,1,1,0.314696485623003,0.626984126984127,1,0.3171875,0.302884615384615,0.958064516129032,1,1,0.998363338788871,0.323390894819466,1,1,0.892282958199357,1,0.355555555555556,1,0.585406301824212,1,0.671850699844479,0.3168,0.584541062801932,1,1,0.992101105845182,0.321875,0.330143540669856,0.325769854132901,0.32807570977918,0.327361563517915,0.326229508196721,0.985691573926868,0.309748427672956,1,1,0.709576138147567,0,0.311424100156495,0.313971742543171,0.678571428571429,1,0.556438791732909,0.331775700934579,0.641269841269841,0.312202852614897,0.326298701298701,1,0.31139646869984,0.312703583061889,0.681229773462783,0.900497512437811,0.328290468986384,0.591935483870968,0.565286624203822,0.330696202531646,0.329073482428115,0.30188679245283,0.584786053882726,0.675425038639876,1,0.896331738437002,1,0.668238993710692,0.998402555910543,0.57741935483871,0.317610062893082,0.329032258064516,1,1,0.41838351822504,0.996784565916399,0.998447204968944,1,0.317034700315457,0.324367088607595,1,0.322188449848024,0.681818181818182,0.329073482428115,0.44888178913738,0.307814992025518,0,0.316614420062696,1,1,0.590266875981162,0,0.321766561514196,0.324409448818898,0.0984126984126984,0.416531604538088,1,1,0.308777429467085,1,0.406807131280389,1,0.330792682926829,0.569858712715856,0.3264,0.31687898089172,1,0,1,0.30655737704918,0.324281150159744,1,1,1,0.449206349206349,1,0.31496062992126,0.610062893081761,0.324324324324324,0.32475884244373,0,0.0409448818897638,1,0.617224880382775,1,0.324921135646688,0.33278955954323,1,1,0.138364779874214,0.318037974683544,1,0.896124031007752,1,0.324116743471582,0.191318327974277,0.666146645865835,1,1,1,1,1,0.290372670807453,0.30173775671406,1,0.106382978723404,0,0.432389937106918,0,0.327014218009479,1,0.6704,1,1,0.882445141065831,1,0.678571428571429,1,1,1,1
"843",0,0,0,0,0,0,0.294488188976378,0,0,0.912698412698413,0,0.959627329192547,0.182389937106918,0,0.688473520249221,0.701996927803379,0.943939393939394,0.31378763866878,0,0,0.707055214723926,0.689873417721519,0,0.84984520123839,0,0.678071539657854,0.682539682539683,0,0,0.198425196850394,0.688350983358548,0.257621951219512,0.0341614906832298,0.683641975308642,1,0,0.469040247678019,0,0.701649175412294,0,0.336463223787167,0.317972350230415,0.305471124620061,0,0,0.675548589341693,0.690402476780186,0.69218989280245,0.682098765432099,0.66973886328725,1,0,0.682370820668693,0,0,0.5015625,0.445141065830721,0,0,0,0.663594470046083,0.6801872074883,0.680061823802164,0.314814814814815,0,0,0.9734375,0,0.947604790419162,0.677760968229955,0,0.681047765793529,0.680314960629921,0.0410094637223975,0.488549618320611,0,0.694573643410853,0.666158536585366,0,0.692185007974482,0.916271721958926,0.672897196261682,0.672897196261682,0,0.662613981762918,0,0,0,0,0.312210200927357,0,0,1,0.90077519379845,0,0.960902255639098,1,0,0.438679245283019,0.32753164556962,0,0.952307692307692,0.691472868217054,0,0.683307332293292,0,0.316770186335404,0,0.678571428571429,0.683969465648855,0.674418604651163,0,0.675465838509317,0,0.515290519877676,0,0.688549618320611,0.708206686930091,0.677811550151976,0.6828125,0.525502318392581,0.00152439024390244,0.68133535660091,0.681089743589744,0,0.693251533742331,0,0,0.679012345679012,0.462349397590361,0,0.68380062305296,0,0.965568862275449,0,0.688449848024316,0.32572298325723,0.674382716049383,0.062111801242236,0.57484076433121,0.905132192846034,0.909657320872274,0,0,0.673405909797823,0,0.676602086438152,0,0.179447852760736,0,0.677725118483412,0,0,0,0,0.666666666666667,0,0.676609105180534,0.7546875,0,0.681957186544342,0,0.696594427244582,0.921135646687697,0,0.690251572327044,0,0,0,0.662079510703364,0,0.671274961597542,0,0.693498452012384,0,0.68380062305296,0.931993817619784,0,0.362179487179487,0,0,0.681388012618297,0,0,0,0,0.677115987460815,0.685496183206107,0,0.00153609831029186,0.672811059907834,0.694968553459119,0,0.562883435582822,0.327868852459016,1,0.679506933744222,0.327131782945736,0,0.684532924961715,0,0.00151745068285281,0,0.685446009389671,0.682563338301043,0.672985781990521,0,0,0,1,0,0.692551505546751,0.0231839258114374,0.681747269890796,0.695178849144635,0.252679938744257,0,0,0,0,0,0.964006259780908,0.686520376175549,0.673846153846154,0,0.321592649310873,0,0,0.00155038759689922,0.0015220700152207,0,0,0.998493975903614,0.681268882175227,0,0.686821705426357,0,0.698170731707317,0,0,0,0,0,0.675925925925926,0,0.490415335463259,0.673374613003096,0.667687595712098,0.67981072555205,0.675968992248062,0.668224299065421,0.589540412044374,0.671802773497689,0.680491551459293,0.687692307692308,0,0.678627145085803,0,0.311649016641452,0.688679245283019,0.695121951219512,0.65990639625585,0,0,0,0.75077399380805,0.685670261941448,0,0.680685358255452,0.671664167916042,0.691107644305772,0.680365296803653,0.3140625,0,0.678353658536585,0.681318681318681,0,0.69620253164557,0,0.689863842662632,0.684451219512195,0,0,0,0.463452566096423,0,0.311627906976744,0.922038980509745,0.673343605546995,0,0,0.907692307692308,0.68348623853211,0.672926447574335,0,0,0.701538461538462,0.981395348837209,0.998435054773083,0,0,0.659606656580938,0.00154559505409583,0,0.689814814814815,0,0,0.68160741885626,0,0,0,0,0.672333848531685,0.686363636363636,0.671428571428571,0,0,0.330769230769231,0.68266253869969,0,0.682089552238806,0.707165109034268,0,0,0.00154320987654321,0,0,0.674528301886792,0,0,0.896661367249603,0.662141779788839,0.521472392638037,0.693623639191291,0.328149300155521,0.689708141321045,0,0.693396226415094,0.671802773497689,0.747336377473364,0.68348623853211,0,0.674107142857143,0,0,0,0.693498452012384,0.679331306990882,0.00153846153846154,0.0684713375796178,0.944707740916272,0,0.685015290519878,0.67817896389325,0.688498402555911,0,0.6797583081571,0.538819875776398,0.668730650154799,0.694835680751174,0.685126582278481,0.688473520249221,0,0.68075117370892,0,0,1,0,0.679566563467492,0,0,0,0.665634674922601,0,0.689274447949527,0,0.15015479876161,0,0,0,0.68133535660091,0,0,0.689708141321045,0.683969465648855,0,0,0.688172043010753,0.819423368740516,0,0.00154083204930663,0,1,0.688188976377953,0,0.68895800933126,0.769230769230769,0,0.321100917431193,0.558421851289833,0,0,0.325892857142857,0.302469135802469,0.654743390357698,0,0.679626749611198,0,0,0.674382716049383,0,0.00155038759689922,0.993865030674847,0.670826833073323,0,0,0.671406003159558,0,0,0.692667706708268,0.673748103186646,0,0,0,0.459293394777266,0.688751926040062,0.65511811023622,0.681137724550898,0.667177914110429,0.321372854914197,0.672307692307692,0.671274961597542,0.689291101055807,0.76625386996904,0.675718849840256,0,0.671686746987952,0.0015527950310559,0.687789799072643,0.925816023738872,0.954268292682927,0,0,0.965204236006051,0,0.318461538461538,0.963246554364472,0.990610328638498,0,0.321981424148607,0,0,0.466034755134281,0,1,0.929373996789727,0,0,0,0.680124223602484,0.353982300884956,0.313504823151125,0.0062015503875969,0,0.0138036809815951,0.693623639191291,0.667706708268331,0,0.702830188679245,0,0.629230769230769,0.9,0.689922480620155,0.671709531013616,0.668292682926829,0,0.929447852760736,0,0,0,0.750764525993884,0.675548589341693,0,0.675883256528418,0,0,0.688650306748466,0,0.68107302533532,0,0.692667706708268,0.68125,0,0.318818040435459,0.685459940652819,0,0.688,0.220338983050847,0.684131736526946,0.849230769230769,0.681681681681682,0.22360248447205,0.688394276629571,0,0.675465838509317,0.661538461538462,0.703703703703704,0,0,0,0.023961661341853,0.672025723472669,0,0.674641148325359,0,0.676282051282051,0.682852807283763,0,0,0,0.0727554179566563,0,0.697568389057751,0.681818181818182,0,0,0.955905511811024,0.928348909657321,0,0,0.694968553459119,0,0,0.685015290519878,0,0,0.318885448916409,0.478787878787879,0,1,0,0,0.905918057663126,0.67737003058104,0,0.67741935483871,0.0015625,0.0251177394034537,0.00153139356814701,0.166666666666667,0,0.670906200317965,0,0,0,1,0.686998394863563,0,0,0.326594090202177,0,0.680916030534351,0.630368098159509,0.67651632970451,0,0,0,0.915151515151515,0.675118858954041,0.917573872472784,0.0015600624024961,0.687595712098009,0.688073394495413,0.641975308641975,1,0,0.0358255451713396,0,0,0.670278637770898,0.698940998487141,0.851097178683386,0.968454258675079,0.680685358255452,0.688854489164087,0.678195488721804,1,0.687306501547988,0,1,0.679938744257274,0,0,0,0.677272727272727,0.679582712369598,0.971291866028708,0,0.686335403726708,0.693009118541033,0,0,0.68160741885626,0.317152103559871,0,0,0.304552590266876,0,0.692660550458716,0,0.679506933744222,0.469879518072289,0.332321699544765,0.597014925373134,0,0.695067264573991,0.679447852760736,0.320726172465961,0.330781010719755,0,0.67175572519084,0,0.677661169415292,0,0.677018633540373,0.6875,0.648148148148148,0.482280431432974,0.682464454976303,0.691472868217054,0.332307692307692,0.67624810892587,0.8592,0,1,0,0.703125,0,1,0.680314960629921,0.688188976377953,0,0.947839046199702,0,0.917057902973396,0.65511811023622,0,0.942724458204334,0.329230769230769,0,0,0,0.687600644122383,0.969558599695586,0,0.568111455108359,0.913385826771654,0.634259259259259,0.674884437596302,0.676425269645609,0,0,0,0,0,0.939759036144578,0.00445103857566766,0.31651376146789,0.998525073746313,0.683563748079877,0,0,0,0,0.921538461538462,0.688449848024316,0,0,0,0,0,0,0.517665130568356,1,0,0.922720247295209,0.679127725856698,0.576271186440678,0,0.596518987341772,0.69281045751634,0.687789799072643,0,0.966412213740458,0.679331306990882,0,0,0.626959247648903,0.686244204018547,0.69218989280245,0.678855325914149,0.00152905198776758,0.676100628930818,0.686544342507645,0.591049382716049,0.683153013910355,0.0214723926380368,0.686274509803922,0.925396825396825,0.679506933744222,1,0,0.916535433070866,0.686520376175549,0.685358255451713,0.678233438485804,0,0,0,0,0,0,0.662480376766091,0,0.678018575851393,0.689542483660131,0.400611620795107,0.324451410658307,0,0,1,0.683658170914543,0.885145482388974,0.00150375939849624,0.973765432098765,0,0,0.677621283255086,0,0,0.377742946708464,0.594294770206022,0.00443131462333826,0.925233644859813,0.910377358490566,0,0,0,0.920684292379471,1,0.684451219512195,0.576323987538941,0.689291101055807,1,0.675078864353312,0.924170616113744,0,0,0.682706766917293,0.68030303030303,0.768759571209801,0.671850699844479,0.686363636363636,0.675883256528418,0,0,0.675548589341693,0,1,0,0.785602503912363,0,0.323029366306028,0,0.688188976377953,0.687400318979266,0.925696594427245,0.324116743471582,0,0,0.205837173579109,0.103392568659128,0.688473520249221,0.69170579029734,0,0.684782608695652,0.75625,0.676056338028169,0,0.908668730650155,0,0,0.676470588235294,0.321259842519685,0.684375,0,0,0.685887708649469,0.692660550458716,0.680241327300151,0.143081761006289,0.686915887850467,0,0.950226244343891,0,0,0.307692307692308,0.349056603773585,0.677471636952998,0.949152542372881,0.675925925925926,0,0,0.696456086286595,0.66973886328725,0.379416282642089,0,0.687687687687688,0.633693972179289,0.687687687687688,0.0166163141993958,0.531881804043546,0.996908809891808,0.692901234567901,0.673813169984686,0.670886075949367,0.681962025316456,0.679331306990882,0.0306748466257669,0,0.676425269645609,0.457735247208931,0.319182389937107,0.779969650986343,0.310289389067524,0,0.675465838509317,1,0.67687595712098,0.6875,0.645161290322581,0.678571428571429,1,0.666149068322981,0.685534591194969,0.667711598746082,0.684049079754601
"844",0.309904153354633,0.328149300155521,0.333858267716535,0.342812006319115,0.324921135646688,0.319685039370079,0.0125786163522013,0.338582677165354,0.331768388106416,0.554140127388535,0.334360554699538,0.62596599690881,0.532488114104596,0.331761006289308,1,1,0.601538461538462,0,0.341772151898734,0.330721003134796,1,1,0.336391437308869,0.506230529595016,0.333836858006042,1,1,0.348242811501597,0.319571865443425,0.530232558139535,1,0.59375,0.379256965944272,0.996845425867508,0.653061224489796,0.32843137254902,0.144393241167435,0.338461538461538,1,0.318818040435459,0.0031496062992126,0,0,0.347962382445141,0.328149300155521,1,0.99537037037037,1,1,1,0.67651632970451,0.339171974522293,1,0.337480559875583,0.328149300155521,0.814580031695721,0.116242038216561,0.331259720062208,0.338533541341654,0.338028169014085,0.992272024729521,1,1,0.00313479623824451,0.334928229665072,0.331797235023041,0.64274322169059,0.336477987421384,0.595166163141994,1,0.329704510108865,1,1,0.282747603833866,0.165634674922601,0.334834834834835,1,0.996923076923077,0.338006230529595,1,0.586816720257235,1,1,0.33693972179289,1,0.336349924585219,0.329153605015674,0.338509316770186,0.334905660377358,0,0.342857142857143,0.343891402714932,0.675425038639876,0.569465648854962,0.329093799682035,0.624233128834356,0.665625,0.328220858895706,0.114192495921697,0,0.327131782945736,0.604651162790698,1,0.322734499205087,1,0.333855799373041,0,0.332288401253919,1,1,1,0.318818040435459,0.995334370139969,0.335901386748844,0.207890743550835,0.31859756097561,1,0.361240310077519,1,1,0.204651162790698,0.328660436137072,1,1,0.341013824884793,1,0.329881656804734,0.33030303030303,0.367441860465116,0.773413897280967,0.342271293375394,1,0.350237717908082,0.621621621621622,0.35725677830941,1,0.00153609831029186,1,0.394654088050314,0.88780487804878,0.568535825545171,0.584496124031008,0.327586206896552,0.332792207792208,1,0.331775700934579,1,0.31924882629108,0.516279069767442,0.336874051593323,1,0.323343848580442,0.33596214511041,0.342948717948718,0.335423197492163,1,0.318818040435459,1,0.424382716049383,0.34789391575663,1,0.337423312883436,1,0.56984126984127,0.333860759493671,1,0.326594090202177,0.329230769230769,0.341158059467919,0.990769230769231,0.341614906832298,1,0.329173166926677,1,0.333876221498371,1,0.574074074074074,0.316770186335404,0.0325732899022801,0.3109375,0.33026113671275,1,0.316692667706708,0.332814930015552,0.328725038402458,0.347222222222222,1,1,0.338607594936709,0.343307086614173,1,1,0.336448598130841,0.236842105263158,0.0196969696969697,0.665634674922601,1,0.00308641975308642,0.33026113671275,1,0.330696202531646,0.323262839879154,0.334360554699538,0.996932515337423,1,1,0.339421613394216,0.329113924050633,0.330757341576507,0.666139240506329,0.319685039370079,1,0.353125,1,1,0.455521472392638,0.334375,0.333839150227618,0.338485316846986,0.315384615384615,0.3234375,0.633693972179289,1,1,0.325190839694657,0.00313479623824451,0.339969372128637,0.33987915407855,0.337519623233909,0.320493066255778,0.316770186335404,0.331325301204819,0.682737169517885,0.360983102918587,0.322530864197531,1,0.344339622641509,1,0.322137404580153,0.3140625,0.326530612244898,0.342767295597484,0.328,1,0.331818181818182,0.795918367346939,1,1,0.996825396825397,1,1,0.894321766561514,1,1,1,0.329770992366412,1,0.332268370607029,0,1,0.38863287250384,1,0.346581875993641,0.332810047095761,0.330733229329173,0.416012558869702,1,0.335949764521193,1,1,1,1,0,0.324451410658307,1,1,0.334905660377358,1,0.334365325077399,1,1,0.328571428571429,0.342313787638669,0.315301391035549,0.15251572327044,0.344827586206897,0,0.581570996978852,1,0.329770992366412,0.337423312883436,0.564615384615385,1,1,0.34887459807074,0.339089481946625,1,0.638065522620905,0.684952978056426,0.323343848580442,0.336585365853659,0.993836671802773,0.344512195121951,0.320668693009119,1,0.331768388106416,0.321483771251932,1,0.32484076433121,0.331240188383046,0.331240188383046,0.330757341576507,1,1,1,0.330246913580247,0.343898573692552,0.00918836140888208,0.993710691823899,0.342313787638669,1,1,0.321538461538462,0.337962962962963,0.319444444444444,0.329192546583851,0.333333333333333,1,0.324960753532182,0.32398753894081,0.5552,1,0.837461300309598,1,0,1,0.33587786259542,1,1,0.411674347158218,0.998459167950693,0.333863275039746,1,0.32182103610675,0.319938176197836,0.334346504559271,1,1,0.333333333333333,0.419871794871795,0.595275590551181,0.325842696629214,1,1,1,0.33868378812199,1,0.214175654853621,1,1,1,1,0.334862385321101,1,0.331723027375201,0.346213292117465,0.664098613251156,0.319620253164557,1,0.341692789968652,0.33535660091047,0.328548644338118,1,0.321646341463415,1,0.337837837837838,0.496923076923077,0.33179012345679,0.333333333333333,0.329230769230769,1,0.344051446945338,0.31974921630094,1,1,0.341049382716049,0.32753164556962,1,0.463076923076923,0.329113924050633,0.346749226006192,0.344512195121951,0.665625,1,0.316129032258064,1,0.408805031446541,0.328660436137072,0,0.888208269525268,0.33974358974359,0.332822085889571,0,0.0326086956521739,0.984423676012461,0.333853354134165,1,0.328125,0.33442088091354,1,0.33695652173913,0.332810047095761,0.656692913385827,1,0.338072669826224,0.338028169014085,1,0.327666151468315,0.324717285945073,1,0.337962962962963,0.331210191082803,0.325688073394495,0.354531001589825,0.798761609907121,1,0.981012658227848,1,1,0.00155038759689922,1,0.995334370139969,1,0.413145539906103,0.996805111821086,0.320668693009119,0.995440729483283,0.34488188976378,0.996889580093313,0.592203898050975,0.609831029185868,0.336906584992343,0.332307692307692,0.625776397515528,0.330670926517572,0,0.616692426584235,0.665620094191523,0.326656394453005,0.00155038759689922,0.330733229329173,0.319314641744548,0.776898734177215,0.336391437308869,0.668238993710692,0.577952755905512,0.336448598130841,0.331306990881459,0.316455696202532,1,0.0269058295964126,0,0.341614906832298,0.345368916797488,0.351014040561622,1,0.327102803738318,0.328149300155521,1,0.319018404907975,0.940532081377152,0.558917197452229,1,1,0.996672212978369,0.332302936630603,0.593893129770992,0.336363636363636,0.326923076923077,0.327131782945736,0.414746543778802,1,0.326530612244898,1,0.332263242375602,0.339144215530903,1,0.335453100158982,1,0.34375,1,1,0.34012539184953,0,1,0.335889570552147,1,0.571428571428571,1,0.499229583975347,1,0.567651632970451,1,0.329581993569132,1,1,1,0.3296875,0.338118022328549,0.327272727272727,0.36031746031746,0.32843137254902,0.322981366459627,1,0.336973478939158,1,1,0.336405529953917,0.338735818476499,0.327217125382263,0.403400309119011,0.336434108527132,1,1,0.34,0.339652448657188,0.617693522906793,0.572998430141287,0.338028169014085,0.329093799682035,1,0.320433436532508,0.333843797856049,0.9953125,0.321027287319422,0.324074074074074,0,0.143511450381679,0.334379905808477,0.660606060606061,0.324881141045959,0.333333333333333,0.58796992481203,0.996860282574568,0.333333333333333,1,0.332293291731669,0.362204724409449,0.327586206896552,0.4858934169279,0.3328125,1,0.335925349922239,0.342902711323764,0.344551282051282,0.675925925925926,1,0.336507936507937,0.332824427480916,0,0.343558282208589,0.998417721518987,0.950078003120125,1,0.327102803738318,0.332312404287902,0.325,0.575757575757576,1,0.570048309178744,0.34913112164297,1,1,0.963133640552995,0.661442006269592,0.341653666146646,0.375,0.336434108527132,0.327131782945736,1,1,0.505529225908373,0.615987460815047,1,1,0.998480243161094,0.675718849840256,1,0.339449541284404,0.665086887835703,1,0.341538461538462,0.332814930015552,0.335453100158982,0.996899224806202,1,0.631663974151858,0.3375,1,1,0.342064714946071,0.319875776397516,0.998439937597504,0,0.33175355450237,0.326053042121685,0.00470219435736677,0.334869431643625,1,0.32807570977918,1,0.152439024390244,0,0.903522205206738,0.335384615384615,1,1,0,0.00153846153846154,0.337984496124031,1,0.330128205128205,0.996951219512195,0.319554848966614,1,0.998415213946117,0.9640625,0.779160186625194,1,1,0.003125,1,0.503194888178914,0.340157480314961,0.654490106544901,0.342064714946071,1,0.318181818181818,0.66304347826087,1,1,0.333333333333333,0.604754829123328,0.3421875,0.568503937007874,0.976377952755906,0.343354430379747,0.589506172839506,0.0123839009287926,0.328025477707006,0.332302936630603,0.336923076923077,1,0.627659574468085,0.322530864197531,0.889589905362776,0.575899843505477,0.969418960244648,1,1,0.327586206896552,0.354066985645933,0.322169059011164,0.326153846153846,0.327666151468315,0.60119940029985,0.316923076923077,0,0.659638554216867,0.998461538461539,0.341426403641882,0.325508607198748,0.33387358184765,0.337367624810893,0.58695652173913,1,0.344931921331316,0.343260188087774,0.34775641025641,0.339089481946625,0.333333333333333,0.32967032967033,0.202786377708978,0.663507109004739,0.3376,0.585626911314985,1,0.236760124610592,0.330757341576507,0.921135646687697,1,1,0.329211746522411,0.627329192546584,1,0.329192546583851,0.31637519872814,0.951534733441034,1,1,0.996815286624204,0.334360554699538,1,1,0.892913385826772,1,0.370426829268293,1,0.575277337559429,1,0.661094224924012,0.321766561514196,0.585443037974684,1,1,0.990384615384615,0.338983050847458,0.34009360374415,0.3392,0.339009287925697,0.338658146964856,0.341772151898734,0.985826771653543,0.326656394453005,1,1,0.726299694189602,0,0.334862385321101,0.324200913242009,0.664596273291925,1,0.542503863987635,0.339908952959029,0.630672926447574,0.326018808777429,0.334394904458599,1,0.328638497652582,0.334415584415584,0.687697160883281,0.90453074433657,0.338805970149254,0.588697017268446,0.563492063492063,0.342064714946071,0.335443037974684,0.3203125,0.574766355140187,0.665620094191523,1,0.888888888888889,1,0.660060975609756,0.996840442338073,0.573268921095008,0.333853354134165,0.341894060995185,1,1,0.42457231726283,0.995176848874598,0.998473282442748,1,0.325,0.33843797856049,1,0.33034379671151,0.665123456790123,0.345794392523364,0.448979591836735,0.319620253164557,0,0.328290468986384,1,1,0.574534161490683,0.00153846153846154,0.347222222222222,0.336990595611285,0.10377358490566,0.440514469453376,1,1,0.332293291731669,1,0.409733124018838,1,0.349230769230769,0.570300157977883,0.334370139968896,0.327014218009479,1,0,1,0.31629392971246,0.333858267716535,1,1,1,0.460342146189736,1,0.339171974522293,0.601851851851852,0.342105263157895,0.344,0.00153139356814701,0.0390015600624025,1,0.601837672281776,1,0.343167701863354,0.344497607655502,1,1,0.168453292496172,0.322480620155039,1,0.897081413210445,1,0.331782945736434,0.203149606299213,0.655436447166922,1,1,1,1,1,0.301684532924962,0.316358024691358,1,0.125796178343949,0.00161290322580645,0.433641975308642,0,0.335403726708075,1,0.658878504672897,1,1,0.882716049382716,1,0.666149068322981,1,1,1,1
"845",0.300163132137031,0.306709265175719,0.312101910828025,0.32741935483871,0.309636650868878,0.306836248012719,0.0146341463414634,0.315112540192926,0.307814992025518,0.578352180936995,0.322932917316693,0.633333333333333,0.507177033492823,0.316957210776545,1,1,0.626771653543307,0,0.322683706070288,0.310509554140127,1,1,0.318181818181818,0.525157232704403,0.3171875,1,1,0.33167495854063,0.311811023622047,0.506430868167203,1,0.5818759936407,0.365625,0.995253164556962,0.662939297124601,0.308457711442786,0.13946117274168,0.323390894819466,1,0.299363057324841,0.00319488817891374,0,0,0.327476038338658,0.321428571428571,1,0.993579454253612,1,1,1,0.690737833594976,0.325242718446602,1,0.324717285945073,0.307692307692308,0.817589576547231,0.125,0.323101777059774,0.313880126182965,0.323248407643312,0.990521327014218,1,1,0.00482315112540193,0.321070234113712,0.313291139240506,0.653094462540717,0.322734499205087,0.623475609756098,1,0.313694267515924,1,1,0.278501628664495,0.15955766192733,0.3109375,1,0.995253164556962,0.316455696202532,1,0.612377850162866,1,1,0.325038880248834,1,0.318252730109204,0.31687898089172,0.325281803542673,0.3136,0,0.32120253164557,0.321428571428571,0.686708860759494,0.589257503949447,0.313915857605178,0.633435582822086,0.68362480127186,0.315873015873016,0.125816993464052,0,0.309904153354633,0.623003194888179,1,0.318555008210181,1,0.317230273752013,0,0.322683706070288,1,1,1,0.305993690851735,0.995245641838352,0.318471337579618,0.202229299363057,0.306625577812018,1,0.384863123993559,1,1,0.198098256735341,0.316957210776545,1,1,0.332283464566929,1,0.317901234567901,0.306060606060606,0.383147853736089,0.772727272727273,0.323920265780731,1,0.325358851674641,0.63969465648855,0.33442088091354,1,0.00157728706624606,1,0.365506329113924,0.894295302013423,0.586370839936609,0.59775641025641,0.308681672025723,0.32626427406199,1,0.311290322580645,1,0.301282051282051,0.496894409937888,0.321928460342146,1,0.312698412698413,0.317230273752013,0.326366559485531,0.329563812600969,1,0.307941653160454,1,0.445497630331754,0.32018927444795,1,0.324492979719189,1,0.601286173633441,0.319047619047619,1,0.311290322580645,0.316129032258064,0.333865814696486,0.986024844720497,0.330658105939005,1,0.32258064516129,1,0.315789473684211,1,0.599369085173502,0.296,0.0295566502463054,0.298076923076923,0.318979266347687,1,0.306349206349206,0.3216,0.320754716981132,0.324367088607595,1,1,0.323432343234323,0.322784810126582,1,1,0.322884012539185,0.250388802488336,0.0185185185185185,0.687898089171974,1,0.00317965023847377,0.319685039370079,1,0.319870759289176,0.313572542901716,0.310015898251192,0.996835443037975,1,1,0.325688073394495,0.313821138211382,0.317683881064163,0.681089743589744,0.305732484076433,1,0.341732283464567,1,1,0.43581616481775,0.31973898858075,0.314465408805031,0.330658105939005,0.298722044728434,0.316720257234727,0.642512077294686,1,1,0.308056872037915,0.0031104199066874,0.319508448540707,0.311450381679389,0.32484076433121,0.305863708399366,0.297253634894992,0.319508448540707,0.697637795275591,0.373846153846154,0.307086614173228,1,0.329032258064516,1,0.305772230889236,0.307317073170732,0.315372424722662,0.333333333333333,0.303425774877651,1,0.325396825396825,0.790923824959481,1,1,0.996789727126806,1,1,0.905691056910569,1,1,1,0.31832298136646,1,0.317275747508306,0,1,0.394944707740916,1,0.322222222222222,0.312698412698413,0.3104,0.429725363489499,1,0.3203125,1,1,1,1,0,0.308186195826645,1,1,0.32,1,0.31496062992126,1,1,0.305825242718447,0.32137030995106,0.299050632911392,0.158982511923688,0.329011345218801,0,0.60490045941807,1,0.318541996830428,0.322222222222222,0.587774294670846,1,1,0.331179321486268,0.32794830371567,1,0.655608214849921,0.694136291600634,0.302884615384615,0.315112540192926,0.995283018867924,0.3248,0.303680981595092,1,0.310126582278481,0.311912225705329,1,0.305331179321486,0.317965023847377,0.314553990610329,0.319620253164557,1,1,1,0.301109350237718,0.330112721417069,0.0095389507154213,0.993650793650794,0.32183908045977,1,1,0.310077519379845,0.326594090202177,0.30829420970266,0.318910256410256,0.308917197452229,1,0.307568438003221,0.305466237942122,0.583198707592892,1,0.84185303514377,1,0,1,0.321981424148607,1,1,0.435054773082942,0.998397435897436,0.317666126418152,1,0.310064935064935,0.305379746835443,0.308777429467085,1,1,0.314785373608903,0.388157894736842,0.616,0.309951060358891,1,1,1,0.318481848184819,1,0.203821656050955,1,1,1,1,0.323943661971831,1,0.315614617940199,0.3392,0.678513731825525,0.302250803858521,1,0.326892109500805,0.316118935837246,0.319672131147541,1,0.3,1,0.318885448916409,0.469291338582677,0.323763955342903,0.319286871961102,0.312111801242236,1,0.316639741518578,0.307692307692308,1,1,0.31911532385466,0.307570977917981,1,0.488958990536278,0.314332247557003,0.329113924050633,0.328616352201258,0.689274447949527,1,0.296235679214403,1,0.429725363489499,0.304140127388535,0,0.877165354330709,0.310569105691057,0.317535545023697,0,0.0303514376996805,0.987220447284345,0.320967741935484,1,0.304140127388535,0.321951219512195,1,0.318611987381703,0.317230273752013,0.662957074721781,1,0.321656050955414,0.320063694267516,1,0.3109375,0.306188925081433,1,0.34585289514867,0.310064935064935,0.315457413249211,0.32794830371567,0.789556962025316,1,0.980551053484603,1,1,0.00161550888529887,1,0.993650793650794,1,0.44,0.996742671009772,0.312893081761006,0.995297805642633,0.330658105939005,0.996840442338073,0.615987460815047,0.635646687697161,0.32348367029549,0.309748427672956,0.645669291338583,0.315875613747954,0,0.633333333333333,0.680445151033386,0.316455696202532,0.00155763239875389,0.301587301587302,0.302215189873418,0.779032258064516,0.325508607198748,0.682615629984051,0.603588907014682,0.312302839116719,0.31378763866878,0.296774193548387,1,0.0259541984732824,0,0.310832025117739,0.322632423756019,0.33015873015873,1,0.344660194174757,0.317610062893082,1,0.301109350237718,0.941176470588235,0.580128205128205,1,1,0.993299832495812,0.320634920634921,0.615987460815047,0.31832298136646,0.313014827018122,0.31629392971246,0.42566510172144,1,0.31219512195122,1,0.32,0.316831683168317,1,0.32183908045977,1,0.322632423756019,1,1,0.318110236220472,0,1,0.320754716981132,1,0.559055118110236,1,0.514285714285714,1,0.544585987261146,1,0.312091503267974,1,1,1,0.305958132045089,0.321951219512195,0.312597200622084,0.348837209302326,0.336633663366337,0.312101910828025,1,0.318255250403877,1,1,0.325949367088608,0.317891373801917,0.312401883830455,0.375,0.325115562403698,1,1,0.328525641025641,0.325242718446602,0.630225080385852,0.598715890850722,0.310015898251192,0.313311688311688,1,0.312893081761006,0.3171875,0.993579454253612,0.304418985270049,0.309294871794872,0,0.146831530139104,0.313504823151125,0.686544342507645,0.313694267515924,0.32182103610675,0.594383775351014,0.998407643312102,0.305958132045089,1,0.317152103559871,0.345161290322581,0.315705128205128,0.463108320251177,0.317683881064163,1,0.322834645669291,0.321543408360129,0.326465927099842,0.683385579937304,1,0.323051948051948,0.310725552050473,0,0.320872274143302,0.9984,0.955625990491284,1,0.318471337579618,0.321711568938193,0.309677419354839,0.586477987421384,1,0.600644122383253,0.33387358184765,1,1,0.9712,0.685303514376997,0.330112721417069,0.356451612903226,0.313971742543171,0.31974921630094,1,1,0.518518518518518,0.636070853462158,1,1,0.998427672955975,0.69721767594108,1,0.325545171339564,0.67981072555205,1,0.318611987381703,0.313504823151125,0.322734499205087,0.996860282574568,1,0.651888341543514,0.322932917316693,1,1,0.32,0.307936507936508,0.9984,0,0.314424635332253,0.307692307692308,0.0064,0.310509554140127,1,0.303425774877651,1,0.151326053042122,0,0.91358024691358,0.324921135646688,1,1,0,0.0015600624024961,0.326433121019108,1,0.320325203252033,0.996904024767802,0.314194577352472,1,1,0.96656050955414,0.780907668231612,1,1,0.00478468899521531,1,0.520661157024793,0.326860841423948,0.67192429022082,0.324451410658307,1,0.3104,0.678288431061807,1,1,0.310064935064935,0.630368098159509,0.324881141045959,0.596122778675283,0.9744,0.329093799682035,0.608974358974359,0.0111111111111111,0.310289389067524,0.316535433070866,0.322327044025157,1,0.641509433962264,0.30625,0.8896,0.60129659643436,0.967032967032967,1,1,0.316535433070866,0.336569579288026,0.317965023847377,0.311501597444089,0.310725552050473,0.620689655172414,0.309033280507132,0,0.681749622926094,0.998402555910543,0.32182103610675,0.3125,0.320785597381342,0.316455696202532,0.61698717948718,1,0.331775700934579,0.333870967741935,0.331707317073171,0.316455696202532,0.307324840764331,0.3104,0.197819314641745,0.67948717948718,0.317666126418152,0.601851851851852,1,0.239302694136292,0.322169059011164,0.923948220064725,1,1,0.317460317460317,0.640253565768621,1,0.313099041533546,0.3008,0.953150242326333,1,1,0.996763754045307,0.329192546583851,1,1,0.908082408874802,1,0.341732283464567,1,0.603618421052632,1,0.673469387755102,0.314516129032258,0.607085346215781,1,1,0.993548387096774,0.328703703703704,0.324921135646688,0.316476345840131,0.326984126984127,0.325732899022801,0.319148936170213,0.987096774193548,0.3125,1,1,0.727272727272727,0,0.322834645669291,0.317460317460317,0.67981072555205,1,0.578125,0.321928460342146,0.645669291338583,0.308426073131955,0.317589576547231,1,0.314785373608903,0.313953488372093,0.700325732899023,0.917898193760263,0.3202416918429,0.613486842105263,0.582664526484751,0.320695102685624,0.327974276527331,0.299212598425197,0.600638977635783,0.688498402555911,1,0.894736842105263,1,0.669278996865204,0.996732026143791,0.601286173633441,0.305111821086262,0.325732899022801,1,1,0.445880452342488,0.993589743589744,0.998412698412698,1,0.316211878009631,0.326923076923077,1,0.318529862174579,0.686900958466454,0.329073482428115,0.467304625199362,0.30048465266559,0,0.305295950155763,1,1,0.607535321821036,0.00156985871271586,0.323717948717949,0.323624595469256,0.1008,0.406919275123558,1,1,0.319182389937107,1,0.424050632911392,1,0.327639751552795,0.595238095238095,0.329032258064516,0.309904153354633,1,0,1,0.3125,0.314424635332253,1,1,1,0.446774193548387,1,0.310509554140127,0.62992125984252,0.330173775671406,0.321543408360129,0.0015748031496063,0.0383386581469649,1,0.628571428571429,1,0.33122028526149,0.326699834162521,1,1,0.164319248826291,0.315132605304212,1,0.916149068322981,1,0.327613104524181,0.209415584415584,0.674418604651163,1,1,1,1,1,0.285488958990536,0.29951690821256,1,0.129296235679214,0.00161030595813205,0.456556082148499,0,0.327503974562798,1,0.681672025723473,1,1,0.897314375987362,1,0.685534591194969,1,1,1,1
"846",0.305057096247961,0.3152,0.322632423756019,0.328548644338118,0.310832025117739,0.312399355877617,0.0114192495921697,0.314194577352472,0.315541601255887,0.567479674796748,0.32967032967033,0.638629283489097,0.516025641025641,0.327974276527331,1,1,0.617554858934169,0,0.333333333333333,0.31378763866878,1,1,0.324409448818898,0.513302034428795,0.312111801242236,1,1,0.341543513957307,0.307086614173228,0.535073409461664,1,0.597774244833068,0.371294851794072,0.9984,0.667197452229299,0.315875613747954,0.124006359300477,0.33489827856025,1,0.311320754716981,0.00157977883096367,0,0,0.329073482428115,0.32484076433121,1,0.995192307692308,1,1,1,0.686804451510334,0.332794830371567,1,0.32484076433121,0.317965023847377,0.824476650563607,0.107717041800643,0.322784810126582,0.309968847352025,0.323101777059774,0.992260061919505,1,1,0.00482315112540193,0.316912972085386,0.321259842519685,0.64951768488746,0.327447833065811,0.608628659476117,1,0.324451410658307,1,1,0.281967213114754,0.151658767772512,0.315467075038285,1,0.995268138801262,0.322429906542056,1,0.593698175787728,1,1,0.322932917316693,1,0.328703703703704,0.3184,0.331210191082803,0.323671497584541,0,0.325806451612903,0.328746177370031,0.683544303797468,0.580343213728549,0.313001605136437,0.637931034482759,0.67515923566879,0.309636650868878,0.110749185667752,0,0.318611987381703,0.613636363636364,1,0.318032786885246,1,0.322683706070288,0,0.328616352201258,1,1,1,0.315541601255887,0.996875,0.336990595611285,0.192846034214619,0.313846153846154,1,0.364928909952607,1,1,0.196825396825397,0.322784810126582,1,1,0.338028169014085,1,0.32469512195122,0.316846986089645,0.3504,0.757763975155279,0.325281803542673,1,0.329073482428115,0.625,0.33931484502447,1,0.00157728706624606,1,0.376602564102564,0.885113268608414,0.57667731629393,0.594855305466238,0.320063694267516,0.326797385620915,1,0.319685039370079,1,0.308056872037915,0.501577287066246,0.325115562403698,1,0.312101910828025,0.319422150882825,0.323763955342903,0.329113924050633,1,0.309791332263242,1,0.428125,0.332810047095761,1,0.326120556414219,1,0.58908507223114,0.318910256410256,1,0.321766561514196,0.315625,0.333865814696486,0.989113530326594,0.332288401253919,1,0.323151125401929,1,0.317073170731707,1,0.591836734693878,0.304821150855365,0.0280528052805281,0.306581059390048,0.321711568938193,1,0.307936507936508,0.3265625,0.330203442879499,0.337559429477021,1,1,0.330670926517572,0.329581993569132,1,1,0.334905660377358,0.224358974358974,0.0152439024390244,0.68312101910828,1,0.0015600624024961,0.316535433070866,1,0.325396825396825,0.309597523219814,0.320695102685624,1,1,1,0.335925349922239,0.319422150882825,0.323854660347551,0.6704,0.309148264984227,1,0.340157480314961,1,1,0.443396226415094,0.323717948717949,0.322834645669291,0.3264,0.310509554140127,0.3136,0.640253565768621,1,1,0.31839258114374,0.0047244094488189,0.3328173374613,0.319444444444444,0.320063694267516,0.309636650868878,0.304625199362041,0.321538461538462,0.699367088607595,0.354788069073783,0.307086614173228,1,0.325281803542673,1,0.312401883830455,0.311216429699842,0.317741935483871,0.336038961038961,0.319805194805195,1,0.325949367088608,0.815705128205128,1,1,0.998397435897436,1,1,0.889423076923077,1,1,1,0.325471698113208,1,0.33112582781457,0,1,0.366197183098592,1,0.3264,0.326860841423948,0.317817014446228,0.407582938388626,1,0.330203442879499,1,1,1,1,0,0.327447833065811,1,1,0.3264,1,0.323296354992076,1,1,0.324237560192616,0.3248,0.310344827586207,0.1392,0.331723027375201,0,0.583850931677019,1,0.327639751552795,0.322632423756019,0.572998430141287,1,1,0.332242225859247,0.337115072933549,1,0.657770800627943,0.69935691318328,0.316639741518578,0.324104234527687,0.99537750385208,0.331738437001595,0.307692307692308,1,0.317965023847377,0.312989045383412,1,0.318541996830428,0.324324324324324,0.317384370015949,0.31911532385466,1,1,1,0.318611987381703,0.325508607198748,0.00934579439252336,0.992025518341308,0.333876221498371,1,1,0.311248073959938,0.326530612244898,0.312302839116719,0.324409448818898,0.318037974683544,1,0.306089743589744,0.309294871794872,0.564308681672026,1,0.8352,1,0,1,0.322137404580153,1,1,0.407232704402516,1,0.320967741935484,1,0.309677419354839,0.306836248012719,0.318181818181818,1,1,0.312893081761006,0.405990016638935,0.598705501618123,0.311501597444089,1,1,1,0.322115384615385,1,0.197784810126582,1,1,1,1,0.329153605015674,1,0.324590163934426,0.339035769828927,0.68088467614534,0.316129032258064,1,0.325914149443561,0.321928460342146,0.316639741518578,1,0.30829420970266,1,0.331297709923664,0.48503937007874,0.331269349845201,0.32794830371567,0.31875,1,0.323051948051948,0.310177705977383,1,1,0.328616352201258,0.310725552050473,1,0.470957613814757,0.319672131147541,0.335925349922239,0.336492890995261,0.674015748031496,1,0.298187808896211,1,0.412520064205457,0.315619967793881,0,0.885802469135803,0.321951219512195,0.3232,0,0.0312989045383412,0.985781990521327,0.314102564102564,1,0.315619967793881,0.315960912052117,1,0.325949367088608,0.319286871961102,0.66025641025641,1,0.325984251968504,0.327476038338658,1,0.317262830482115,0.310679611650485,1,0.324409448818898,0.321144674085851,0.321259842519685,0.334389857369255,0.804724409448819,1,0.982142857142857,1,1,0.00159235668789809,1,0.995238095238095,1,0.412044374009509,0.99837925445705,0.319314641744548,0.995334370139969,0.334913112164297,0.996850393700787,0.598130841121495,0.62754303599374,0.321428571428571,0.316692667706708,0.635499207606973,0.32013201320132,0,0.631160572337043,0.672523961661342,0.329211746522411,0.00157728706624606,0.323248407643312,0.311526479750779,0.767515923566879,0.325508607198748,0.678288431061807,0.592471358428805,0.318541996830428,0.320872274143302,0.30622009569378,1,0.0229709035222052,0,0.326018808777429,0.339116719242902,0.339116719242902,1,0.32695374800638,0.325878594249201,1,0.318181818181818,0.94620253164557,0.566284779050736,1,1,0.994836488812392,0.32018927444795,0.591194968553459,0.323076923076923,0.319672131147541,0.323763955342903,0.41287284144427,1,0.317965023847377,1,0.327841845140033,0.316476345840131,1,0.319286871961102,1,0.328,1,1,0.324921135646688,0,1,0.33175355450237,1,0.571653543307087,1,0.499215070643642,1,0.561904761904762,1,0.323481116584565,1,1,1,0.308306709265176,0.3248,0.31937984496124,0.351701782820097,0.31404958677686,0.311111111111111,1,0.329093799682035,1,1,0.332805071315372,0.318032786885246,0.324492979719189,0.390675241157556,0.331269349845201,1,1,0.32967032967033,0.325242718446602,0.620745542949757,0.588235294117647,0.322115384615385,0.328,1,0.307448494453249,0.322480620155039,0.998397435897436,0.30718954248366,0.313385826771654,0,0.122670807453416,0.323151125401929,0.67737003058104,0.316614420062696,0.321483771251932,0.593167701863354,0.996805111821086,0.316211878009631,1,0.318471337579618,0.343260188087774,0.315286624203822,0.473270440251572,0.317460317460317,1,0.320754716981132,0.325242718446602,0.333333333333333,0.675039246467818,1,0.327361563517915,0.319685039370079,0,0.330696202531646,1,0.9578125,1,0.324409448818898,0.322932917316693,0.324367088607595,0.58,1,0.584664536741214,0.332802547770701,1,1,0.973058637083994,0.668261562998405,0.330683624801272,0.363047001620746,0.328682170542636,0.322327044025157,1,1,0.505654281098546,0.636363636363636,1,1,1,0.689935064935065,1,0.330188679245283,0.669303797468354,1,0.324492979719189,0.318541996830428,0.326923076923077,0.998442367601246,1,0.643207855973813,0.323943661971831,1,1,0.330218068535826,0.311501597444089,1,0,0.3168,0.316957210776545,0.00477707006369427,0.323343848580442,1,0.310897435897436,1,0.137715179968701,0,0.903225806451613,0.333333333333333,1,1,0,0.00155763239875389,0.33122028526149,1,0.320723684210526,0.998461538461539,0.3136,1,0.998405103668262,0.965189873417722,0.767885532591415,1,1,0.00314465408805031,1,0.501644736842105,0.329635499207607,0.669781931464174,0.324492979719189,1,0.307814992025518,0.675762439807384,1,1,0.32463295269168,0.618098159509202,0.335423197492163,0.580487804878049,0.972712680577849,0.338141025641026,0.599681020733652,0.010989010989011,0.313408723747981,0.331775700934579,0.328100470957614,1,0.638759689922481,0.305511811023622,0.9024,0.575757575757576,0.972136222910217,1,1,0.316720257234727,0.346341463414634,0.312703583061889,0.317610062893082,0.31974921630094,0.614567526555387,0.316037735849057,0,0.670750382848392,0.998432601880878,0.32755905511811,0.309033280507132,0.321486268174475,0.320987654320988,0.599683544303797,1,0.335925349922239,0.336507936507937,0.341543513957307,0.321656050955414,0.318181818181818,0.316720257234727,0.185185185185185,0.678571428571429,0.316535433070866,0.595275590551181,1,0.225552050473186,0.321875,0.92604501607717,1,1,0.3168,0.643642072213501,1,0.318110236220472,0.298245614035088,0.959807073954984,1,1,0.99673735725938,0.322429906542056,1,1,0.8976,1,0.355038759689922,1,0.583198707592892,1,0.666666666666667,0.315789473684211,0.592592592592593,1,1,0.992,0.334890965732087,0.329093799682035,0.33278955954323,0.324409448818898,0.329011345218801,0.33495145631068,0.987138263665595,0.314285714285714,1,1,0.71563981042654,0,0.319182389937107,0.324451410658307,0.674528301886792,1,0.556259904912837,0.330232558139535,0.651757188498403,0.313880126182965,0.320846905537459,1,0.310569105691057,0.320598006644518,0.681159420289855,0.908789386401327,0.325227963525836,0.596091205211726,0.565359477124183,0.330188679245283,0.325842696629214,0.3072,0.587096774193548,0.675925925925926,1,0.900158478605388,1,0.659340659340659,0.998381877022654,0.585483870967742,0.324281150159744,0.325242718446602,1,1,0.420472440944882,0.993527508090615,0.996899224806202,1,0.315789473684211,0.3296875,1,0.316109422492401,0.675675675675676,0.334394904458599,0.454106280193237,0.314285714285714,0,0.31055900621118,1,1,0.595275590551181,0.0015625,0.33122028526149,0.334389857369255,0.096,0.415986949429038,1,1,0.313291139240506,1,0.402889245585875,1,0.336923076923077,0.580847723704867,0.322378716744914,0.31629392971246,1,0,1,0.30327868852459,0.323101777059774,1,1,1,0.440625,1,0.321656050955414,0.614307931570762,0.331738437001595,0.32843137254902,0.00158227848101266,0.032258064516129,1,0.619426751592357,1,0.330708661417323,0.3354943273906,1,1,0.14622641509434,0.313385826771654,1,0.902777777777778,1,0.326594090202177,0.193181818181818,0.669303797468354,1,1,1,1,1,0.289763779527559,0.303225806451613,1,0.108731466227348,0.00160513643659711,0.423137876386688,0,0.3354943273906,1,0.675632911392405,1,1,0.894154818325434,1,0.667711598746082,1,1,1,1
"847",0.294498381877023,0.318818040435459,0.309375,0.320695102685624,0.311627906976744,0.302215189873418,0.0095389507154213,0.313099041533546,0.311216429699842,0.583333333333333,0.312693498452012,0.644200626959248,0.513556618819777,0.311501597444089,1,1,0.618973561430793,0,0.322784810126582,0.308892355694228,1,1,0.321538461538462,0.505392912172573,0.306278713629403,1,1,0.334959349593496,0.304878048780488,0.526148969889065,1,0.594090202177294,0.356374807987711,0.998430141287284,0.671428571428571,0.30550918196995,0.141065830721003,0.321928460342146,1,0.299539170506912,0.0031104199066874,0,0,0.327476038338658,0.317230273752013,1,0.995222929936306,1,1,1,0.691472868217054,0.32018927444795,1,0.320813771517997,0.304482225656878,0.822047244094488,0.122448979591837,0.3234375,0.310769230769231,0.31974921630094,0.995363214837713,1,1,0.00470957613814757,0.314935064935065,0.304482225656878,0.665625,0.31911532385466,0.614329268292683,1,0.313755795981453,1,1,0.269789983844911,0.155624036979969,0.310606060606061,1,0.996870109546166,0.318885448916409,1,0.604501607717042,1,1,0.322033898305085,1,0.312307692307692,0.30952380952381,0.324451410658307,0.309262166405024,0,0.317891373801917,0.322678843226788,0.691107644305772,0.580246913580247,0.307324840764331,0.636785162287481,0.690513219284603,0.307219662058372,0.12540192926045,0,0.309859154929577,0.630841121495327,1,0.313694267515924,1,0.316037735849057,0,0.317683881064163,1,1,1,0.301710730948678,0.996875,0.3234375,0.201219512195122,0.307692307692308,1,0.367127496159754,1,1,0.197492163009404,0.307692307692308,1,1,0.328173374613003,1,0.311746987951807,0.308734939759036,0.348909657320872,0.758461538461538,0.314102564102564,1,0.328593996840442,0.639817629179331,0.3232,1,0.00153846153846154,1,0.367924528301887,0.887820512820513,0.590979782270607,0.594249201277955,0.312788906009245,0.315024232633279,1,0.310126582278481,1,0.292527821939587,0.503086419753086,0.315301391035549,1,0.306122448979592,0.312,0.308306709265176,0.313880126182965,1,0.309707241910632,1,0.4328125,0.323029366306028,1,0.31619937694704,1,0.598715890850722,0.31629392971246,1,0.314152410575428,0.304953560371517,0.326465927099842,0.990697674418605,0.320695102685624,1,0.315457413249211,1,0.314606741573034,1,0.598116169544741,0.291731669266771,0.0310965630114566,0.291666666666667,0.3109375,1,0.295031055900621,0.311526479750779,0.312597200622084,0.329133858267717,1,1,0.317152103559871,0.31974921630094,1,1,0.316846986089645,0.244514106583072,0.0179640718562874,0.689655172413793,1,0.00311526479750779,0.3078125,1,0.308306709265176,0.306278713629403,0.3046875,0.996884735202492,1,1,0.321321321321321,0.314516129032258,0.309230769230769,0.687301587301587,0.296238244514107,1,0.3359375,1,1,0.425,0.318979266347687,0.320373250388802,0.314465408805031,0.298273155416013,0.314873417721519,0.641509433962264,1,1,0.309968847352025,0.00153374233128834,0.314674735249622,0.308396946564885,0.311708860759494,0.308641975308642,0.286392405063291,0.314285714285714,0.707882534775889,0.359253499222395,0.301412872841444,1,0.316455696202532,1,0.303215926493109,0.304416403785489,0.311216429699842,0.32753164556962,0.310509554140127,1,0.318952234206472,0.811616954474097,1,1,0.996825396825397,1,1,0.896661367249603,1,1,1,0.315068493150685,1,0.312803889789303,0,1,0.378834355828221,1,0.311605723370429,0.317610062893082,0.311912225705329,0.425632911392405,1,0.317411402157165,1,1,1,1,0,0.311912225705329,1,1,0.317829457364341,1,0.3125,1,1,0.307692307692308,0.31687898089172,0.292993630573248,0.146456692913386,0.319685039370079,0,0.595129375951294,1,0.315217391304348,0.315955766192733,0.581143740340031,1,1,0.317891373801917,0.3216,1,0.65891472868217,0.699842022116904,0.302507836990596,0.316455696202532,0.995391705069124,0.318181818181818,0.303759398496241,1,0.309375,0.303353658536585,1,0.303656597774245,0.318110236220472,0.307453416149068,0.313971742543171,1,1,1,0.305511811023622,0.321144674085851,0.00778816199376947,0.993710691823899,0.324409448818898,1,1,0.30521472392638,0.318250377073906,0.298621745788668,0.313291139240506,0.309923664122137,1,0.303459119496855,0.3015625,0.56984126984127,1,0.834920634920635,1,0,1,0.317629179331307,1,1,0.419003115264797,0.998463901689708,0.319422150882825,1,0.311627906976744,0.295774647887324,0.308049535603715,1,1,0.31619937694704,0.394524959742351,0.625796178343949,0.292452830188679,1,1,1,0.310289389067524,1,0.202492211838006,1,1,1,1,0.319938176197836,1,0.311501597444089,0.325471698113208,0.683229813664596,0.296998420221169,1,0.316770186335404,0.314728682170543,0.307448494453249,1,0.305084745762712,1,0.317557251908397,0.481424148606811,0.320754716981132,0.316535433070866,0.306501547987616,1,0.311111111111111,0.300787401574803,1,1,0.313385826771654,0.310344827586207,1,0.480122324159021,0.309061488673139,0.321372854914197,0.31619937694704,0.687692307692308,1,0.286644951140065,1,0.4185303514377,0.30188679245283,0,0.881720430107527,0.3125,0.315541601255887,0,0.0333863275039746,0.985804416403785,0.309707241910632,1,0.305511811023622,0.307568438003221,1,0.314503816793893,0.312698412698413,0.682316118935837,1,0.316118935837246,0.312101910828025,1,0.313364055299539,0.302884615384615,1,0.3234375,0.303370786516854,0.315301391035549,0.32753164556962,0.806201550387597,1,0.9826224328594,1,1,0.0015600624024961,1,0.996860282574568,1,0.423861852433281,0.998397435897436,0.298761609907121,0.996965098634294,0.323809523809524,0.998442367601246,0.606980273141123,0.633846153846154,0.317411402157165,0.309707241910632,0.643533123028391,0.311320754716981,0,0.632237871674491,0.683544303797468,0.32258064516129,0.00154559505409583,0.300623052959502,0.301242236024845,0.763665594855305,0.314553990610329,0.686427457098284,0.606109324758842,0.314785373608903,0.311827956989247,0.297939778129952,1,0.0271493212669683,0,0.309262166405024,0.317262830482115,0.325545171339564,1,0.321766561514196,0.312307692307692,1,0.304953560371517,0.944968553459119,0.56984126984127,1,1,0.996688741721854,0.31651376146789,0.605919003115265,0.318112633181126,0.303921568627451,0.309707241910632,0.41743119266055,1,0.313385826771654,1,0.318037974683544,0.310289389067524,1,0.31687898089172,1,0.3109375,1,1,0.320061255742726,0,1,0.324881141045959,1,0.5640625,1,0.505392912172573,1,0.560629921259843,1,0.314102564102564,1,1,1,0.302652106084243,0.315873015873016,0.307692307692308,0.347266881028939,0.325769854132901,0.306729264475743,1,0.323390894819466,1,1,0.320813771517997,0.314194577352472,0.308282208588957,0.3859375,0.319508448540707,1,1,0.31733746130031,0.31911532385466,0.632423756019262,0.59904912836767,0.310344827586207,0.318770226537217,1,0.305555555555556,0.305936073059361,0.995275590551181,0.302250803858521,0.304552590266876,0,0.141104294478528,0.309859154929577,0.689088191330344,0.299843014128728,0.313935681470138,0.597875569044006,0.996870109546166,0.310618066561014,1,0.310077519379845,0.344339622641509,0.310832025117739,0.46656298600311,0.3171875,1,0.314814814814815,0.323101777059774,0.322274881516588,0.693374422187982,1,0.316455696202532,0.313935681470138,0,0.317629179331307,0.998442367601246,0.953560371517028,1,0.306748466257669,0.31832298136646,0.315047021943574,0.589861751152074,1,0.593949044585987,0.320695102685624,1,1,0.9703125,0.681889763779528,0.327014218009479,0.357585139318885,0.316846986089645,0.306153846153846,1,1,0.517996870109546,0.642289348171701,1,1,0.998475609756098,0.695374800637959,1,0.321100917431193,0.690031152647975,1,0.323029366306028,0.315707620528771,0.313971742543171,0.998452012383901,1,0.644588045234249,0.321372854914197,1,1,0.318037974683544,0.311827956989247,0.998427672955975,0,0.3088,0.304897314375987,0.00637958532695375,0.309341500765697,1,0.301765650080257,1,0.149618320610687,0,0.899543378995434,0.322429906542056,1,1,0,0.00153846153846154,0.322932917316693,1,0.3104,0.996918335901387,0.306603773584906,1,1,0.967441860465116,0.761310452418097,1,1,0.00471698113207547,1,0.513911620294599,0.322784810126582,0.677966101694915,0.31937984496124,1,0.305863708399366,0.68075117370892,1,1,0.305732484076433,0.618127786032689,0.326053042121685,0.5936,0.976303317535545,0.331775700934579,0.606811145510836,0.0107858243451464,0.305511811023622,0.314814814814815,0.318252730109204,1,0.637770897832817,0.296466973886329,0.8890625,0.584126984126984,0.969040247678019,1,1,0.314329738058552,0.335453100158982,0.299050632911392,0.30757341576507,0.306976744186047,0.617602427921093,0.292944785276074,0,0.680722891566265,1,0.324409448818898,0.302034428794992,0.303370786516854,0.316358024691358,0.603421461897356,1,0.325688073394495,0.326530612244898,0.321951219512195,0.313880126182965,0.310077519379845,0.309262166405024,0.188650306748466,0.687898089171974,0.313880126182965,0.603343465045593,1,0.238317757009346,0.318885448916409,0.920127795527157,1,1,0.312597200622084,0.644757433489828,1,0.310452418096724,0.296529968454259,0.95748031496063,1,1,0.998381877022654,0.325038880248834,1,1,0.895638629283489,1,0.344236760124611,1,0.602543720190779,1,0.679566563467492,0.30564263322884,0.606012658227848,1,1,0.993650793650794,0.319938176197836,0.318885448916409,0.314424635332253,0.309486780715397,0.316558441558442,0.323809523809524,0.987341772151899,0.307332293291732,1,1,0.713395638629283,0,0.311450381679389,0.309707241910632,0.689708141321045,1,0.5625,0.321699544764795,0.648985959438378,0.310344827586207,0.312297734627832,1,0.308544303797468,0.314424635332253,0.68312101910828,0.912140575079872,0.313782991202346,0.610223642172524,0.5792,0.322530864197531,0.317891373801917,0.299079754601227,0.600315955766193,0.687789799072643,1,0.886792452830189,1,0.671274961597542,0.998402555910543,0.596463022508039,0.310664605873261,0.319935691318328,1,1,0.4328125,0.995275590551181,1,1,0.307453416149068,0.320813771517997,1,0.305389221556886,0.681114551083591,0.324451410658307,0.45141065830721,0.29047619047619,0,0.303875968992248,1,1,0.6,0.00153609831029186,0.31619937694704,0.314375987361769,0.103610675039246,0.402912621359223,1,1,0.309006211180124,1,0.409162717219589,1,0.318796992481203,0.592823712948518,0.311424100156495,0.317891373801917,1,0,1,0.301302931596091,0.313694267515924,1,1,1,0.435736677115987,1,0.314873417721519,0.623100303951368,0.326018808777429,0.320574162679426,0.00155038759689922,0.040625,1,0.622083981337481,1,0.320433436532508,0.319805194805195,1,1,0.165898617511521,0.308892355694228,1,0.899845916795069,1,0.317557251908397,0.200949367088608,0.668224299065421,1,1,1,1,1,0.284615384615385,0.306501547987616,1,0.120325203252033,0.00161290322580645,0.444272445820433,0,0.324451410658307,1,0.679566563467492,1,1,0.887864823348694,1,0.684049079754601,1,1,1,1
