## htsjdk.samtools.metrics.StringHeader
# CollectInsertSizeMetrics HISTOGRAM_FILE=/work/ugbogu/pipeline/data/nbl/SRP409177/results/picard/SRR22373302_insert_size_histogram.pdf MINIMUM_PCT=0.5 INPUT=/work/ugbogu/pipeline/data/nbl/SRP409177/results/star/SRR22373302.Aligned.sortedByCoord.out.bam OUTPUT=/work/ugbogu/pipeline/data/nbl/SRP409177/results/picard/SRR22373302_insert_size_metrics.txt    DEVIATIONS=10.0 METRIC_ACCUMULATION_LEVEL=[ALL_READS] INCLUDE_DUPLICATES=false ASSUME_SORTED=true STOP_AFTER=0 VERBOSITY=INFO QUIET=false VALIDATION_STRINGENCY=STRICT COMPRESSION_LEVEL=5 MAX_RECORDS_IN_RAM=500000 CREATE_INDEX=false CREATE_MD5_FILE=false USE_JDK_DEFLATER=false USE_JDK_INFLATER=false
## htsjdk.samtools.metrics.StringHeader
# Started on: Wed Apr 15 21:37:25 UTC 2026

## METRICS CLASS	picard.analysis.InsertSizeMetrics
MEDIAN_INSERT_SIZE	MODE_INSERT_SIZE	MEDIAN_ABSOLUTE_DEVIATION	MIN_INSERT_SIZE	MAX_INSERT_SIZE	MEAN_INSERT_SIZE	STANDARD_DEVIATION	READ_PAIRS	PAIR_ORIENTATION	WIDTH_OF_10_PERCENT	WIDTH_OF_20_PERCENT	WIDTH_OF_30_PERCENT	WIDTH_OF_40_PERCENT	WIDTH_OF_50_PERCENT	WIDTH_OF_60_PERCENT	WIDTH_OF_70_PERCENT	WIDTH_OF_80_PERCENT	WIDTH_OF_90_PERCENT	WIDTH_OF_95_PERCENT	WIDTH_OF_99_PERCENT	SAMPLE	LIBRARY	READ_GROUP
161	129	41	38	2221765	166.161366	66.663133	29385178	FR	17	31	49	65	83	103	129	217	3161	11439	87817			

## HISTOGRAM	java.lang.Integer
insert_size	All_Reads.fr_count
38	4
39	4
40	3
41	8
42	4
43	14
44	19
45	23
46	18
47	12
48	38
49	40
50	29
51	51
52	39
53	52
54	51
55	77
56	255
57	187
58	201
59	157
60	166
61	252
62	222
63	300
64	241
65	232
66	278
67	413
68	10815
69	12394
70	15521
71	16675
72	18160
73	20750
74	22559
75	24662
76	27906
77	27726
78	29630
79	31431
80	33863
81	38101
82	38560
83	41334
84	41709
85	44177
86	47975
87	50445
88	50892
89	52389
90	57171
91	60413
92	63651
93	70015
94	71213
95	72724
96	76380
97	82156
98	84754
99	92367
100	92269
101	159433
102	168786
103	169355
104	175938
105	181525
106	185582
107	189531
108	192895
109	197892
110	205466
111	196497
112	205385
113	204117
114	210233
115	217139
116	221463
117	239550
118	238067
119	231883
120	225885
121	234197
122	234020
123	237248
124	240835
125	242053
126	240892
127	241649
128	241774
129	242055
130	240290
131	234829
132	237731
133	232001
134	235886
135	238205
136	238662
137	236166
138	231669
139	232551
140	228154
141	233287
142	230076
143	227122
144	227139
145	225603
146	220253
147	223607
148	215013
149	227942
150	218862
151	217479
152	217606
153	210588
154	208666
155	214365
156	205673
157	200160
158	191558
159	192769
160	191252
161	196681
162	187414
163	186258
164	176948
165	183318
166	186398
167	191691
168	182021
169	175846
170	174243
171	169789
172	160694
173	152309
174	142392
175	143054
176	142382
177	140865
178	142051
179	135563
180	138613
181	135034
182	126769
183	124204
184	118409
185	118577
186	115461
187	114548
188	116850
189	111192
190	110135
191	104494
192	106354
193	104984
194	103281
195	100602
196	103602
197	106590
198	103600
199	98034
200	97593
201	89989
202	89748
203	87024
204	80430
205	81220
206	78382
207	76661
208	76000
209	71410
210	73057
211	68198
212	69045
213	68172
214	66853
215	68957
216	64405
217	64256
218	65545
219	64731
220	62382
221	59976
222	59390
223	58567
224	57591
225	55718
226	55753
227	53219
228	53033
229	52811
230	52104
231	49913
232	49816
233	47912
234	46839
235	45302
236	45759
237	45286
238	43220
239	42137
240	41431
241	42055
242	40394
243	39205
244	38620
245	37354
246	37215
247	36647
248	37610
249	35797
250	35402
251	34305
252	33248
253	31458
254	30665
255	30304
256	29618
257	29274
258	29768
259	27964
260	28613
261	27742
262	29107
263	27709
264	28026
265	27890
266	27887
267	27959
268	27306
269	25076
270	23667
271	22274
272	23199
273	21494
274	21431
275	20614
276	20729
277	20522
278	20709
279	20767
280	19825
281	19411
282	18154
283	17853
284	17803
285	17632
286	17141
287	16587
288	15953
289	15137
290	15072
291	15009
292	14518
293	14731
294	14424
295	13535
296	13495
297	13299
298	13237
299	13024
300	12279
301	12349
302	12041
303	12233
304	11948
305	11757
306	11288
307	11315
308	11365
309	10956
310	10930
311	10616
312	10535
313	10395
314	9980
315	9797
316	9571
317	9560
318	9506
319	9350
320	9306
321	9269
322	9155
323	9093
324	8978
325	8796
326	8689
327	8626
328	8152
329	7944
330	7891
331	7514
332	7685
333	7600
334	7445
335	7166
336	7239
337	7205
338	7173
339	6944
340	6937
341	6634
342	6780
343	6611
344	6363
345	6580
346	6450
347	6125
348	6022
349	5935
350	6128
351	5971
352	5709
353	5942
354	5705
355	5806
356	5572
357	5459
358	5464
359	5177
360	5245
361	5255
362	5162
363	5046
364	4890
365	4966
366	5045
367	4950
368	4848
369	4712
370	4821
371	4746
372	4516
373	4619
374	4510
375	4417
376	4323
377	4383
378	4395
379	4254
380	4222
381	4105
382	4187
383	4121
384	4044
385	4112
386	3961
387	4076
388	4022
389	3795
390	3953
391	3859
392	3736
393	3693
394	3631
395	3695
396	3692
397	3677
398	3548
399	3604
400	3601
401	3457
402	3485
403	3364
404	3361
405	3393
406	3358
407	3268
408	3335
409	3197
410	3196
411	3238
412	3093
413	3159
414	3149
415	3203
416	3082
417	2956
418	3126
419	2890
420	2991
421	2931
422	2856
423	2972
424	2940
425	2895
426	2794
427	2773
428	2714
429	2768
430	2801
431	2815
432	2670
433	2659
434	2730
435	2748
436	2639
437	2679
438	2611
439	2625
440	2696
441	2640
442	2607
443	2542
444	2594
445	2629
446	2534
447	2500
448	2523
449	2534
450	2478
451	2373
452	2517
453	2555
454	2369
455	2489
456	2360
457	2338
458	2318
459	2335
460	2248
461	2285
462	2440
463	2249
464	2253
465	2285
466	2348
467	2321
468	2256
469	2275
470	2263
471	2264
472	2148
473	2192
474	2147
475	2248
476	2216
477	2227
478	2232
479	2165
480	2125
481	2122
482	2110
483	2105
484	2179
485	2141
486	2254
487	2077
488	2068
489	2055
490	2072
491	2150
492	2061
493	2133
494	2041
495	2158
496	2074
497	2056
498	2103
499	2115
500	2091
501	2115
502	2101
503	2123
504	2157
505	2039
506	1976
507	2084
508	2062
509	1979
510	2040
511	1938
512	2002
513	2092
514	1984
515	2031
516	2134
517	2026
518	2023
519	1992
520	2038
521	2069
522	2043
523	1960
524	1977
525	1922
526	1846
527	1952
528	1913
529	1958
530	1963
531	1925
532	2026
533	1867
534	1940
535	1950
536	1965
537	1919
538	1855
539	1875
540	1936
541	1883
542	1926
543	1851
544	1965
545	1983
546	1808
547	1802
548	1951
549	1830
550	1907
551	1807
552	1902
553	1857
554	1803
555	1928
556	1885
557	1828
558	1856
559	1730
560	1703
561	1825
562	1726
563	1737
564	1877
565	1729
566	1763
567	1670
568	1716
569	1687
570	1874
571	1730

