## htsjdk.samtools.metrics.StringHeader
# CollectInsertSizeMetrics HISTOGRAM_FILE=/work/ugbogu/pipeline/data/nbl/SRP409177/results/picard/SRR22373271_insert_size_histogram.pdf MINIMUM_PCT=0.5 INPUT=/work/ugbogu/pipeline/data/nbl/SRP409177/results/star/SRR22373271.Aligned.sortedByCoord.out.bam OUTPUT=/work/ugbogu/pipeline/data/nbl/SRP409177/results/picard/SRR22373271_insert_size_metrics.txt    DEVIATIONS=10.0 METRIC_ACCUMULATION_LEVEL=[ALL_READS] INCLUDE_DUPLICATES=false ASSUME_SORTED=true STOP_AFTER=0 VERBOSITY=INFO QUIET=false VALIDATION_STRINGENCY=STRICT COMPRESSION_LEVEL=5 MAX_RECORDS_IN_RAM=500000 CREATE_INDEX=false CREATE_MD5_FILE=false USE_JDK_DEFLATER=false USE_JDK_INFLATER=false
## htsjdk.samtools.metrics.StringHeader
# Started on: Thu Apr 09 22:17:10 UTC 2026

## METRICS CLASS	picard.analysis.InsertSizeMetrics
MEDIAN_INSERT_SIZE	MODE_INSERT_SIZE	MEDIAN_ABSOLUTE_DEVIATION	MIN_INSERT_SIZE	MAX_INSERT_SIZE	MEAN_INSERT_SIZE	STANDARD_DEVIATION	READ_PAIRS	PAIR_ORIENTATION	WIDTH_OF_10_PERCENT	WIDTH_OF_20_PERCENT	WIDTH_OF_30_PERCENT	WIDTH_OF_40_PERCENT	WIDTH_OF_50_PERCENT	WIDTH_OF_60_PERCENT	WIDTH_OF_70_PERCENT	WIDTH_OF_80_PERCENT	WIDTH_OF_90_PERCENT	WIDTH_OF_95_PERCENT	WIDTH_OF_99_PERCENT	SAMPLE	LIBRARY	READ_GROUP
149	118	32	36	3575918	157.62601	55.743976	33921178	FR	13	25	39	51	65	79	97	139	361	3943	55739			

## HISTOGRAM	java.lang.Integer
insert_size	All_Reads.fr_count
36	1
37	1
38	4
39	5
40	7
41	13
42	7
43	15
44	9
45	15
46	17
47	27
48	26
49	27
50	21
51	57
52	70
53	79
54	96
55	164
56	586
57	330
58	314
59	278
60	324
61	442
62	494
63	522
64	504
65	457
66	710
67	695
68	10272
69	12780
70	14143
71	14798
72	16195
73	18527
74	19612
75	21376
76	25055
77	27798
78	29725
79	32085
80	35296
81	40517
82	40956
83	44267
84	46855
85	49837
86	57516
87	61321
88	61370
89	64482
90	70405
91	76818
92	80423
93	92383
94	91879
95	96772
96	100384
97	117537
98	113368
99	131254
100	130616
101	227578
102	243846
103	246833
104	261394
105	270625
106	281633
107	285599
108	290860
109	298191
110	317737
111	293645
112	315805
113	303948
114	314514
115	323874
116	331679
117	353014
118	359284
119	349112
120	342264
121	350118
122	344811
123	340756
124	343384
125	337799
126	332190
127	339286
128	337322
129	348673
130	348180
131	322635
132	338935
133	323825
134	347142
135	335509
136	312508
137	306131
138	304918
139	308502
140	298577
141	306317
142	300694
143	297044
144	297820
145	287118
146	281012
147	293027
148	273976
149	301614
150	275873
151	270612
152	270400
153	254968
154	254020
155	270736
156	247377
157	234041
158	227291
159	232460
160	225081
161	250177
162	217740
163	218357
164	203791
165	213958
166	223359
167	221316
168	209545
169	204547
170	204136
171	202391
172	185842
173	170977
174	155225
175	156754
176	156172
177	157565
178	151284
179	144292
180	151049
181	145249
182	136484
183	130720
184	127640
185	130298
186	127756
187	128725
188	132178
189	121090
190	114969
191	107269
192	114323
193	105306
194	105159
195	99367
196	101262
197	103875
198	105660
199	100121
200	96955
201	93189
202	95034
203	91074
204	88958
205	84027
206	82593
207	84121
208	82129
209	77999
210	75380
211	70334
212	71120
213	73357
214	68347
215	70508
216	65100
217	66479
218	67365
219	66194
220	65968
221	63415
222	64065
223	62354
224	61154
225	58298
226	58726
227	54156
228	55297
229	53841
230	54169
231	55541
232	51962
233	49833
234	48279
235	45357
236	47760
237	45512
238	43691
239	41747
240	42439
241	42477
242	40975
243	40368
244	39280
245	38879
246	39477
247	37106
248	38891
249	36632
250	36562
251	35708
252	34551
253	32933
254	32424
255	32216
256	31099
257	32587
258	32651
259	31030
260	32481
261	29573
262	32360
263	27567
264	28160
265	28278
266	27989
267	28208
268	27810
269	24815
270	25836
271	24181
272	25988
273	23679
274	23806
275	24395
276	23653
277	22671
278	21622
279	21774
280	21447
281	20656
282	20864
283	20158
284	19616
285	19374
286	18979
287	18993
288	18441
289	17205
290	16800
291	17325
292	17500
293	17178
294	16015
295	15526
296	14924
297	15761
298	15986
299	16242
300	14272
301	14550
302	14249
303	14572
304	13979
305	13741
306	12341
307	12714
308	12913
309	12271
310	12319
311	11617
312	11520
313	11570
314	11699
315	10592
316	10921
317	10653
318	11118
319	10609
320	10242
321	10510
322	9745
323	10118
324	10274
325	9535
326	9302
327	9190
328	8883
329	8720
330	8480
331	8548
332	8269
333	8521
334	8161
335	8028
336	7879
337	7885
338	8155
339	7544
340	7556
341	7605
342	7358
343	7111
344	6795
345	7143
346	6618
347	6679
348	6688
349	6722
350	7042
351	6431
352	6883
353	6768
354	6152
355	6110
356	5968
357	5820
358	5760
359	5253
360	5578
361	5454
362	5165
363	5272
364	5352
365	5203
366	5039
367	5029
368	5095
369	5120
370	5150
371	5232
372	4818
373	4966
374	4721
375	4683
376	4909
377	4729
378	4464
379	4348
380	4334
381	4550
382	4285
383	4757
384	6038
385	4654
386	4635
387	4871
388	4118
389	4304
390	3785
391	3664
392	3580
393	3487
394	3515
395	3582
396	3660
397	3515
398	3637
399	3538
400	3343
401	3297
402	3328
403	3392
404	3175
405	4195
406	3424
407	3128
408	3097
409	3178
410	2980
411	2886
412	2955
413	2815
414	2709
415	2881
416	2755
417	2761
418	2797
419	2819
420	2721
421	2778
422	3144
423	2810
424	2892
425	2450
426	2474
427	2509
428	2506
429	2410
430	2484
431	2250
432	2315
433	2460
434	2208
435	2470
436	2336
437	2272
438	2260
439	2235
440	2575
441	2262
442	2315
443	2355
444	2396
445	2563
446	2412
447	2105
448	2009
449	2078
450	2115
451	2045
452	2052
453	1952
454	1949
455	1936
456	1907
457	2180
458	2039
459	1962
460	1896
461	1974
462	2076
463	1782
464	1911
465	1869
466	1898
467	1873
468	1766
469	1849

