Sample	SAMPLE_NAME	MEDIAN_INSERT_SIZE	MODE_INSERT_SIZE	MEDIAN_ABSOLUTE_DEVIATION	MIN_INSERT_SIZE	MAX_INSERT_SIZE	MEAN_INSERT_SIZE	STANDARD_DEVIATION	READ_PAIRS	PAIR_ORIENTATION	WIDTH_OF_10_PERCENT	WIDTH_OF_20_PERCENT	WIDTH_OF_30_PERCENT	WIDTH_OF_40_PERCENT	WIDTH_OF_50_PERCENT	WIDTH_OF_60_PERCENT	WIDTH_OF_70_PERCENT	WIDTH_OF_80_PERCENT	WIDTH_OF_90_PERCENT	WIDTH_OF_95_PERCENT	WIDTH_OF_99_PERCENT	SAMPLE	LIBRARY	READ_GROUP
SRR17010968_FR	SRR17010968	532.0	133.0	416.0	25.0	2066436.0	885.980723	1117.379022	22712425.0	FR	423.0	621.0	721.0	781.0	833.0	1301.0	3385.0	7395.0	19817.0	50151.0	158061.0			
SRR17010969_FR	SRR17010969	547.0	124.0	430.0	28.0	3120303.0	892.452479	1131.426395	22688080.0	FR	433.0	651.0	753.0	813.0	861.0	1251.0	3265.0	7405.0	22703.0	87727.0	159063.0			
SRR17010970_FR	SRR17010970	707.0	133.0	578.0	29.0	2944677.0	1163.321234	1490.83426	31412788.0	FR	547.0	879.0	1019.0	1099.0	1157.0	1469.0	3793.0	8529.0	26939.0	154003.0	154243.0			
SRR17010971_FR	SRR17010971	725.0	133.0	597.0	26.0	3070428.0	1217.631365	1558.705346	39761128.0	FR	567.0	907.0	1051.0	1133.0	1195.0	1505.0	3881.0	8511.0	23769.0	74691.0	160085.0			
SRR17010972_FR	SRR17010972	547.0	133.0	427.0	29.0	3178130.0	912.550712	1146.866481	38250016.0	FR	433.0	639.0	739.0	803.0	855.0	1319.0	3419.0	7439.0	19651.0	48439.0	160319.0			
SRR17010973_FR	SRR17010973	1437.0	77800.0	1256.0	24.0	3435938.0	2321.01587	3004.692356	48268459.0	FR	863.0	1655.0	2147.0	2367.0	2513.0	2639.0	5387.0	12397.0	38467.0	152623.0	215345.0			
SRR17010974_FR	SRR17010974	535.0	133.0	417.0	27.0	3199183.0	890.644735	1123.092425	28480505.0	FR	435.0	631.0	725.0	785.0	835.0	1323.0	3419.0	7455.0	19671.0	51591.0	154559.0			
SRR17010975_FR	SRR17010975	589.0	133.0	469.0	26.0	3199638.0	951.101779	1214.997855	29299416.0	FR	469.0	715.0	825.0	889.0	939.0	1343.0	3461.0	8055.0	28537.0	150189.0	154445.0			
SRR17010976_FR	SRR17010976	596.0	133.0	474.0	25.0	3181299.0	984.012551	1243.075106	34993572.0	FR	465.0	713.0	829.0	895.0	949.0	1305.0	3381.0	7493.0	21281.0	64995.0	195731.0			
SRR17010977_FR	SRR17010977	576.0	124.0	459.0	24.0	2814872.0	958.306852	1221.370453	23912617.0	FR	471.0	695.0	803.0	867.0	919.0	1373.0	3563.0	7881.0	21689.0	61527.0	154477.0			
SRR17010978_FR	SRR17010978	681.0	133.0	554.0	30.0	2735093.0	1128.889241	1422.887271	21730165.0	FR	479.0	811.0	967.0	1051.0	1109.0	1293.0	3343.0	7401.0	22067.0	82919.0	154265.0			
SRR17010979_FR	SRR17010979	1159.0	77800.0	1006.0	24.0	2360492.0	1897.601827	2491.090494	56265318.0	FR	841.0	1475.0	1747.0	1903.0	2013.0	2153.0	5345.0	12345.0	39345.0	153115.0	250285.0			
SRR17010980_FR	SRR17010980	523.0	124.0	409.0	21.0	3321343.0	870.728087	1106.945716	22730389.0	FR	429.0	617.0	709.0	769.0	819.0	1369.0	3559.0	7789.0	21003.0	57853.0	154579.0			
SRR17010981_FR	SRR17010981	1060.0	124.0	917.0	27.0	2814890.0	1748.20683	2270.510449	23138929.0	FR	687.0	1293.0	1595.0	1745.0	1835.0	1933.0	4681.0	10705.0	33867.0	153313.0	267541.0			
SRR17010982_FR	SRR17010982	590.0	133.0	467.0	24.0	3321093.0	977.205062	1226.033862	23174468.0	FR	445.0	701.0	817.0	885.0	935.0	1237.0	3219.0	7043.0	19503.0	60177.0	154443.0			
SRR17010983_FR	SRR17010983	653.0	133.0	528.0	29.0	3565397.0	1095.289654	1392.92562	36539866.0	FR	523.0	809.0	933.0	1003.0	1057.0	1401.0	3563.0	7853.0	20755.0	53609.0	165375.0			
SRR17010984_FR	SRR17010984	633.0	133.0	509.0	24.0	2794418.0	1060.521916	1355.294869	32760791.0	FR	525.0	779.0	895.0	965.0	1019.0	1469.0	3815.0	8339.0	22859.0	66433.0	154445.0			
SRR17010985_FR	SRR17010985	999.0	77800.0	856.0	24.0	2589592.0	1640.205273	2140.676491	39295379.0	FR	739.0	1275.0	1497.0	1625.0	1713.0	1869.0	4875.0	11153.0	36347.0	153505.0	267667.0			
SRR17010986_FR	SRR17010986	508.0	134.0	391.0	21.0	2816916.0	837.09422	1053.232648	25234142.0	FR	401.0	589.0	679.0	735.0	783.0	1259.0	3299.0	7291.0	20575.0	64203.0	161859.0			
SRR17010987_FR	SRR17010987	684.0	133.0	558.0	26.0	2814828.0	1130.333119	1448.097659	33289900.0	FR	533.0	847.0	981.0	1059.0	1117.0	1439.0	3751.0	8419.0	25027.0	105483.0	154259.0			
SRR17010988_FR	SRR17010988	720.0	136.0	589.0	24.0	2590674.0	1216.078218	1545.023918	33079872.0	FR	555.0	895.0	1037.0	1119.0	1179.0	1467.0	3753.0	8135.0	21663.0	56899.0	156641.0			
SRR17010989_FR	SRR17010989	544.0	133.0	423.0	27.0	3435858.0	893.158602	1127.747208	25262781.0	FR	433.0	635.0	735.0	797.0	847.0	1313.0	3425.0	7635.0	22633.0	93565.0	169425.0			
SRR17010990_FR	SRR17010990	735.0	136.0	604.0	25.0	3199243.0	1236.531241	1575.851155	53393914.0	FR	561.0	913.0	1063.0	1147.0	1209.0	1489.0	3819.0	8327.0	22425.0	59103.0	169489.0			
SRR17010991_FR	SRR17010991	1377.0	77800.0	1198.0	24.0	3120076.0	2188.38638	2862.049164	29008191.0	FR	829.0	1597.0	2059.0	2265.0	2397.0	2527.0	5335.0	12803.0	43985.0	152841.0	177227.0			
SRR17010992_FR	SRR17010992	1035.0	133.0	893.0	24.0	2815255.0	1714.521183	2171.35407	63734434.0	FR	619.0	1181.0	1543.0	1701.0	1787.0	1865.0	3909.0	8483.0	22933.0	64705.0	153547.0			
SRR17010993_FR	SRR17010993	820.0	133.0	688.0	24.0	3949640.0	1366.9184	1732.677005	45054236.0	FR	553.0	991.0	1201.0	1309.0	1377.0	1475.0	3603.0	7899.0	21805.0	67609.0	176317.0			
SRR17010994_FR	SRR17010994	1484.0	77802.0	1323.0	23.0	3119896.0	2388.678429	3148.187318	59810361.0	FR	893.0	1731.0	2305.0	2523.0	2647.0	2755.0	5551.0	12951.0	41389.0	152567.0	173793.0			
SRR17010995_FR	SRR17010995	876.0	123.0	749.0	24.0	2752477.0	1403.819344	1854.594708	44720670.0	FR	637.0	1121.0	1335.0	1433.0	1499.0	1623.0	4361.0	10399.0	44335.0	153763.0	153875.0			
SRR17010996_FR	SRR17010996	1087.0	127.0	945.0	23.0	3029686.0	1804.286554	2313.35101	49972018.0	FR	671.0	1267.0	1635.0	1801.0	1891.0	1975.0	4219.0	9239.0	25393.0	75745.0	168295.0			
SRR17010997_FR	SRR17010997	1027.0	133.0	885.0	24.0	3119910.0	1689.598539	2152.865394	51622556.0	FR	621.0	1185.0	1529.0	1687.0	1771.0	1853.0	4027.0	8865.0	24877.0	86257.0	153573.0			
SRR17010998_FR	SRR17010998	954.0	123.0	819.0	30.0	3177969.0	1570.556869	2019.178583	34998934.0	FR	603.0	1129.0	1423.0	1561.0	1639.0	1723.0	4135.0	9245.0	28679.0	153495.0	153713.0			
SRR17010999_FR	SRR17010999	1384.0	77802.0	1226.0	24.0	2943904.0	2179.203822	2828.554991	51910786.0	FR	777.0	1505.0	2069.0	2317.0	2453.0	2553.0	4895.0	11123.0	37917.0	152785.0	266817.0			
SRR17011000_FR	SRR17011000	900.0	134.0	764.0	23.0	3120056.0	1472.305948	1907.15356	54011770.0	FR	607.0	1103.0	1339.0	1457.0	1529.0	1639.0	4255.0	9707.0	32925.0	153693.0	153823.0			
SRR17011001_FR	SRR17011001	562.0	124.0	447.0	27.0	3199057.0	936.415204	1193.402987	26478148.0	FR	453.0	667.0	775.0	841.0	895.0	1379.0	3587.0	7965.0	21799.0	61545.0	159725.0			
SRR17011002_FR	SRR17011002	607.0	124.0	490.0	27.0	3321285.0	1020.048938	1297.490223	27455186.0	FR	491.0	741.0	857.0	927.0	981.0	1367.0	3523.0	7671.0	20571.0	56823.0	167057.0			
SRR17011003_FR	SRR17011003	484.0	133.0	371.0	24.0	3198735.0	799.855348	1010.570159	25184735.0	FR	385.0	551.0	637.0	693.0	743.0	1317.0	3465.0	7595.0	21579.0	70899.0	164999.0			
SRR17011004_FR	SRR17011004	562.0	134.0	442.0	27.0	2735702.0	937.662205	1178.616794	24283839.0	FR	439.0	659.0	767.0	833.0	885.0	1273.0	3297.0	7215.0	19571.0	57181.0	154625.0			
SRR17011005_FR	SRR17011005	643.0	134.0	522.0	23.0	3436003.0	1083.785333	1383.01536	32005469.0	FR	523.0	801.0	921.0	991.0	1045.0	1427.0	3653.0	7965.0	21293.0	57227.0	161667.0			
SRR17011006_FR	SRR17011006	932.0	136.0	796.0	26.0	3198624.0	1519.863514	1958.725394	29354137.0	FR	599.0	1119.0	1395.0	1523.0	1593.0	1679.0	3977.0	9071.0	27473.0	116331.0	153761.0			
SRR17011007_FR	SRR17011007	693.0	133.0	569.0	23.0	3178044.0	1164.518123	1492.393866	38623794.0	FR	549.0	873.0	1009.0	1085.0	1139.0	1473.0	3779.0	8261.0	22267.0	61069.0	169061.0			
SRR17011008_FR	SRR17011008	834.0	123.0	708.0	26.0	2068786.0	1391.327157	1801.692708	26729964.0	FR	609.0	1069.0	1265.0	1359.0	1417.0	1601.0	4133.0	9183.0	26633.0	88813.0	153955.0			
SRR17011009_FR	SRR17011009	788.0	124.0	661.0	24.0	2360144.0	1299.287036	1665.778959	27396131.0	FR	533.0	967.0	1171.0	1265.0	1323.0	1427.0	3591.0	8063.0	23641.0	84385.0	154037.0			
SRR17011010_FR	SRR17011010	832.0	133.0	702.0	24.0	3119922.0	1386.770981	1779.737181	36791458.0	FR	589.0	1043.0	1251.0	1345.0	1405.0	1515.0	3811.0	8427.0	23011.0	63097.0	153961.0			
SRR17011011_FR	SRR17011011	786.0	153.0	646.0	25.0	1919249.0	1317.154731	1682.308798	59713217.0	FR	589.0	969.0	1125.0	1221.0	1293.0	1559.0	4053.0	9071.0	24849.0	72265.0	196135.0			
SRR17011012_FR	SRR17011012	1344.0	77797.0	1172.0	25.0	2068590.0	1997.672056	2685.747689	39901933.0	FR	853.0	1609.0	2027.0	2223.0	2345.0	2471.0	5871.0	16303.0	152845.0	152907.0	153167.0			
SRR17011013_FR	SRR17011013	1357.0	77797.0	1184.0	24.0	2065747.0	2089.92524	2791.293774	49658429.0	FR	877.0	1663.0	2059.0	2249.0	2369.0	2497.0	6041.0	15509.0	98019.0	152879.0	266935.0			
SRR17011014_FR	SRR17011014	909.0	77797.0	765.0	25.0	2067269.0	1480.365494	1900.37777	38730215.0	FR	625.0	1133.0	1345.0	1455.0	1531.0	1645.0	4127.0	9311.0	30335.0	153675.0	153801.0			
SRR17011015_FR	SRR17011015	1267.0	77797.0	1108.0	22.0	1919308.0	1955.666678	2615.51138	42648125.0	FR	835.0	1575.0	1939.0	2109.0	2217.0	2333.0	5651.0	14245.0	84581.0	153057.0	161651.0			
SRR17011016_FR	SRR17011016	1021.0	153.0	867.0	24.0	2735344.0	1672.902519	2118.330545	63830770.0	FR	629.0	1195.0	1501.0	1643.0	1735.0	1831.0	4053.0	8959.0	25411.0	86303.0	153577.0			
SRR17011017_FR	SRR17011017	652.0	148.0	517.0	28.0	2343060.0	1056.576279	1351.91741	25514171.0	FR	501.0	759.0	885.0	967.0	1035.0	1391.0	3831.0	9067.0	34751.0	154237.0	251277.0			
SRR17011018_FR	SRR17011018	779.0	153.0	638.0	24.0	3320585.0	1300.181773	1650.161087	52201782.0	FR	577.0	951.0	1107.0	1205.0	1277.0	1529.0	3921.0	8715.0	24397.0	75051.0	168983.0			
SRR17011019_FR	SRR17011019	889.0	77800.0	755.0	26.0	2815055.0	1405.590961	1846.343931	27098176.0	FR	603.0	1101.0	1333.0	1443.0	1511.0	1615.0	4259.0	10323.0	52929.0	153771.0	267801.0			
SRR17011020_FR	SRR17011020	1119.0	77800.0	973.0	24.0	3678281.0	1692.169559	2264.088565	38963850.0	FR	757.0	1393.0	1701.0	1855.0	1947.0	2043.0	5059.0	13311.0	153181.0	153363.0	267427.0			
SRR17011021_FR	SRR17011021	778.0	133.0	652.0	24.0	2815032.0	1294.62795	1676.5047	25820995.0	FR	579.0	987.0	1159.0	1247.0	1305.0	1523.0	3943.0	8965.0	26379.0	100335.0	166211.0			
SRR17011022_FR	SRR17011022	988.0	134.0	849.0	24.0	4235684.0	1621.334352	2072.887667	26523998.0	FR	619.0	1175.0	1481.0	1621.0	1699.0	1781.0	4017.0	8863.0	25827.0	110497.0	153647.0			
SRR17011023_FR	SRR17011023	874.0	124.0	749.0	24.0	2816900.0	1447.113405	1898.571759	25301527.0	FR	653.0	1143.0	1343.0	1439.0	1499.0	1667.0	4377.0	9901.0	31867.0	153665.0	153877.0			
SRR17011024_FR	SRR17011024	738.0	153.0	599.0	25.0	3119908.0	1220.809331	1531.00349	57129045.0	FR	527.0	879.0	1037.0	1131.0	1199.0	1343.0	3427.0	7603.0	21441.0	76197.0	154135.0			
SRR17011025_FR	SRR17011025	770.0	151.0	630.0	27.0	3177799.0	1286.314309	1622.37609	33087337.0	FR	551.0	929.0	1093.0	1191.0	1261.0	1435.0	3711.0	8115.0	22845.0	73803.0	163019.0			
SRR17011026_FR	SRR17011026	951.0	77797.0	799.0	24.0	3127648.0	1516.72173	1899.468137	61560301.0	FR	531.0	1037.0	1353.0	1507.0	1599.0	1681.0	3379.0	7537.0	22819.0	97997.0	226845.0			
SRR17011027_FR	SRR17011027	1195.0	77797.0	1029.0	26.0	3120257.0	1898.812775	2409.312227	39498692.0	FR	657.0	1275.0	1733.0	1939.0	2059.0	2155.0	4253.0	9647.0	33323.0	153137.0	153225.0			
SRR17011028_FR	SRR17011028	813.0	151.0	671.0	24.0	3186272.0	1353.485725	1711.055967	66836549.0	FR	577.0	991.0	1165.0	1267.0	1343.0	1497.0	3807.0	8365.0	23433.0	80293.0	153991.0			
SRR17011029_FR	SRR17011029	547.0	153.0	419.0	26.0	3029298.0	899.863031	1122.830026	48372922.0	FR	431.0	617.0	715.0	781.0	839.0	1363.0	3523.0	7803.0	21781.0	67715.0	169331.0			
SRR17011030_FR	SRR17011030	556.0	153.0	427.0	26.0	3119896.0	911.348859	1136.375197	46028009.0	FR	421.0	613.0	719.0	791.0	855.0	1353.0	3549.0	7997.0	22667.0	65231.0	163021.0			
SRR17011031_FR	SRR17011031	747.0	153.0	609.0	24.0	3108776.0	1244.80683	1588.134353	68224820.0	FR	579.0	911.0	1057.0	1147.0	1219.0	1565.0	4045.0	9075.0	25689.0	82275.0	166699.0			
