## htsjdk.samtools.metrics.StringHeader
# CollectInsertSizeMetrics HISTOGRAM_FILE=/work/ugbogu/pipeline/data/nbl/GSE189367/results/picard/SRR17010969_insert_size_histogram.pdf MINIMUM_PCT=0.5 INPUT=/work/ugbogu/pipeline/data/nbl/GSE189367/results/star/SRR17010969.Aligned.sortedByCoord.out.bam OUTPUT=/work/ugbogu/pipeline/data/nbl/GSE189367/results/picard/SRR17010969_insert_size_metrics.txt    DEVIATIONS=10.0 METRIC_ACCUMULATION_LEVEL=[ALL_READS] INCLUDE_DUPLICATES=false ASSUME_SORTED=true STOP_AFTER=0 VERBOSITY=INFO QUIET=false VALIDATION_STRINGENCY=STRICT COMPRESSION_LEVEL=5 MAX_RECORDS_IN_RAM=500000 CREATE_INDEX=false CREATE_MD5_FILE=false USE_JDK_DEFLATER=false USE_JDK_INFLATER=false
## htsjdk.samtools.metrics.StringHeader
# Started on: Thu Apr 16 05:52:47 UTC 2026

## METRICS CLASS	picard.analysis.InsertSizeMetrics
MEDIAN_INSERT_SIZE	MODE_INSERT_SIZE	MEDIAN_ABSOLUTE_DEVIATION	MIN_INSERT_SIZE	MAX_INSERT_SIZE	MEAN_INSERT_SIZE	STANDARD_DEVIATION	READ_PAIRS	PAIR_ORIENTATION	WIDTH_OF_10_PERCENT	WIDTH_OF_20_PERCENT	WIDTH_OF_30_PERCENT	WIDTH_OF_40_PERCENT	WIDTH_OF_50_PERCENT	WIDTH_OF_60_PERCENT	WIDTH_OF_70_PERCENT	WIDTH_OF_80_PERCENT	WIDTH_OF_90_PERCENT	WIDTH_OF_95_PERCENT	WIDTH_OF_99_PERCENT	SAMPLE	LIBRARY	READ_GROUP
547	124	430	28	3120303	892.452479	1131.426395	22688080	FR	433	651	753	813	861	1251	3265	7405	22703	87727	159063			

## HISTOGRAM	java.lang.Integer
insert_size	All_Reads.fr_count
28	2
29	2
30	1
31	1
32	1
33	4
34	34
35	293
36	271
37	320
38	314
39	295
40	310
41	369
42	289
43	365
44	461
45	471
46	479
47	520
48	567
49	504
50	665
51	556
52	692
53	692
54	715
55	737
56	851
57	991
58	1097
59	1150
60	1242
61	1390
62	1765
63	1735
64	1852
65	2106
66	2206
67	2657
68	3004
69	3193
70	3342
71	4327
72	4280
73	5283
74	5582
75	10649
76	7279
77	6976
78	8213
79	8842
80	8900
81	10547
82	10738
83	12624
84	13350
85	13885
86	14697
87	16176
88	17658
89	19170
90	20883
91	23280
92	25947
93	27258
94	29642
95	31633
96	34059
97	38010
98	40240
99	43640
100	45670
101	47633
102	49408
103	51914
104	55574
105	58581
106	61010
107	63202
108	64766
109	67934
110	69714
111	70766
112	73597
113	76649
114	76828
115	79669
116	81916
117	82773
118	87790
119	87662
120	90041
121	91834
122	91545
123	95199
124	96291
125	93990
126	92270
127	93572
128	91894
129	91805
130	91228
131	92193
132	91974
133	96140
134	94366
135	91655
136	93732
137	90390
138	90222
139	89368
140	89438
141	87843
142	86648
143	86383
144	85075
145	85324
146	82664
147	82584
148	82267
149	80606
150	78171
151	80324
152	77315
153	76227
154	75658
155	75801
156	74712
157	72926
158	71416
159	69227
160	67980
161	66337
162	66605
163	65458
164	64062
165	62617
166	61053
167	61426
168	60118
169	60609
170	59650
171	57884
172	57420
173	55359
174	55855
175	54309
176	54216
177	52683
178	51819
179	51195
180	50452
181	49605
182	49061
183	46887
184	46849
185	46164
186	45148
187	44865
188	44987
189	43815
190	43144
191	42343
192	41583
193	40858
194	40527
195	39502
196	38935
197	38291
198	37852
199	37896
200	37466
201	36735
202	36900
203	36477
204	34742
205	34664
206	34236
207	33940
208	33755
209	33541
210	32182
211	32239
212	32180
213	31351
214	30776
215	31068
216	30214
217	30113
218	29402
219	29879
220	29567
221	29193
222	28758
223	27901
224	28457
225	27915
226	27156
227	26458
228	27101
229	26306
230	27029
231	26270
232	25730
233	25830
234	24768
235	25141
236	24676
237	23888
238	24015
239	23409
240	23189
241	23375
242	23108
243	22507
244	22477
245	22008
246	22153
247	21934
248	21658
249	21131
250	20858
251	21170
252	20072
253	20474
254	20004
255	20379
256	19628
257	19283
258	19540
259	19229
260	19094
261	18811
262	18218
263	18867
264	18022
265	18127
266	18372
267	18056
268	17265
269	17184
270	17279
271	17361
272	16321
273	16918
274	16990
275	17103
276	16728
277	16217
278	16068
279	15470
280	15153
281	15398
282	15174
283	15336
284	14447
285	14153
286	15184
287	14560
288	14428
289	14203
290	13635
291	13526
292	13912
293	13734
294	13122
295	13368
296	13548
297	13162
298	12491
299	12671
300	12511
301	11863
302	12209
303	12378
304	11838
305	12049
306	12105
307	11585
308	11229
309	12066
310	11761
311	11566
312	11374
313	11124
314	11268
315	11223
316	10714
317	11274
318	10877
319	10644
320	10389
321	10854
322	10371
323	10112
324	10273
325	10476
326	10184
327	9951
328	10030
329	9909
330	9352
331	9604
332	9621
333	9802
334	9467
335	9567
336	9484
337	9419
338	9449
339	9295
340	9079
341	9053
342	9306
343	9021
344	8756
345	9071
346	9522
347	8809
348	8668
349	8915
350	8739
351	8742
352	8731
353	8589
354	8688
355	8497
356	8227
357	8402
358	8151
359	8331
360	8337
361	8039
362	8084
363	8181
364	8037
365	7566
366	7688
367	7941
368	7774
369	7915
370	7686
371	7726
372	7769
373	7599
374	7559
375	7489
376	7041
377	7357
378	7437
379	7079
380	7030
381	6922
382	7041
383	7260
384	7241
385	7074
386	7290
387	7258
388	7043
389	7102
390	6839
391	7293
392	6600
393	6901
394	6929
395	6674
396	6883
397	6711
398	6472
399	6524
400	6588
401	6624
402	6419
403	6482
404	6259
405	6142
406	6048
407	6189
408	6344
409	6209
410	6343
411	6445
412	6449
413	6244
414	6012
415	6133
416	5792
417	6208
418	6168
419	5823
420	5789
421	5643
422	5589
423	5624
424	6144
425	6060
426	5690
427	5884
428	6093
429	6206
430	5742
431	6002
432	5896
433	5620
434	5751
435	5787
436	5785
437	5732
438	5737
439	5658
440	5623
441	5776
442	5704
443	6005
444	5463
445	5665
446	5632
447	5586
448	5508
449	5570
450	5493
451	5768
452	5733
453	5421
454	5662
455	5510
456	5341
457	5417
458	5427
459	5426
460	5520
461	5465
462	5307
463	5102
464	5255
465	5049
466	5309
467	5283
468	4924
469	4911
470	5073
471	5239
472	5129
473	4989
474	5267
475	4944
476	5178
477	5294
478	4998
479	5100
480	5254
481	5060
482	4816
483	4995
484	5082
485	5246
486	4966
487	5111
488	4810
489	4917
490	4849
491	4665
492	5181
493	4762
494	4668
495	4843
496	4793
497	4795
498	4909
499	5130
500	5100
501	4887
502	4839
503	4829
504	4920
505	5158
506	5100
507	5090
508	5013
509	5170
510	5116
511	4904
512	4850
513	4846
514	5050
515	4862
516	4965
517	4884
518	4807
519	5331
520	4993
521	4908
522	5100
523	4931
524	5139
525	4894
526	4757
527	4776
528	4749
529	4685
530	5006
531	4798
532	4766
533	4764
534	4906
535	4684
536	4804
537	4854
538	4760
539	4890
540	5479
541	4983
542	4867
543	5014
544	5074
545	5224
546	4839
547	4791
548	4846
549	4960
550	4803
551	5071
552	4850
553	4984
554	4847
555	4778
556	4778
557	4807
558	4583
559	4651
560	4513
561	4691
562	4570
563	4938
564	4943
565	4779
566	4827
567	4972
568	4687
569	4435
570	4892
571	4913
572	4499
573	4773
574	4610
575	4736
576	4665
577	4807
578	4688
579	4489
580	4764
581	4538
582	4684
583	4719
584	4368
585	4684
586	4527
587	4618
588	4628
589	4617
590	4529
591	4619
592	4755
593	4497
594	4387
595	4480
596	4409
597	4801
598	4466
599	4465
600	4233
601	4690
602	4432
603	4272
604	4156
605	4412
606	4501
607	4261
608	4435
609	4284
610	4624
611	4327
612	4210
613	4054
614	4531
615	4268
616	4583
617	4243
618	4550
619	4345
620	4060
621	4247
622	4065
623	4258
624	4267
625	4280
626	4522
627	4357
628	4573
629	4213
630	4260
631	4373
632	4465
633	4504
634	4517
635	4490
636	4497
637	4538
638	4232
639	4404
640	4142
641	4269
642	4352
643	4285
644	4337
645	4211
646	4363
647	4339
648	4395
649	4753
650	4093
651	4172
652	4298
653	4199
654	4301
655	4092
656	4241
657	4044
658	4141
659	4446
660	4284
661	4515
662	4185
663	4228
664	4408
665	4246
666	4429
667	4174
668	4204
669	4099
670	4276
671	4148
672	4256
673	4427
674	4231
675	4333
676	4209
677	4119
678	4321
679	4139
680	4072
681	4126
682	4263
683	4131
684	4233
685	4201
686	4265
687	4242
688	3955
689	4087
690	4188
691	4382
692	4332
693	4404
694	4448
695	4304
696	4348
697	4001
698	4336
699	4236
700	4115
701	4202
702	4061
703	4611
704	4017
705	4130
706	4392
707	4241
708	4277
709	4358
710	4334
711	4269
712	4114
713	4233
714	4236
715	4327
716	4248
717	4466
718	4236
719	4403
720	4106
721	4048
722	3742
723	4215
724	3963
725	4324
726	3966
727	4093
728	3832
729	4213
730	3980
731	3892
732	3854
733	4201
734	4128
735	4059
736	3924
737	3955
738	4128
739	3909
740	4063
741	3914
742	4103
743	3959
744	3965
745	4240
746	3759
747	3982
748	4085
749	3995
750	3842
751	3847
752	4050
753	4007
754	4170
755	3838
756	4084
757	3924
758	3877
759	3806
760	3769
761	4106
762	4126
763	3846
764	4186
765	3899
766	3951
767	3804
768	3753
769	3874
770	3866
771	3911
772	4044
773	3851
774	3850
775	3991
776	3964
777	3677
778	3820
779	3629
780	3895
781	3617
782	3760
783	3627
784	3608
785	3753
786	3872
787	3976
788	3732
789	3631
790	3786
791	3618
792	3745
793	3885
794	4054
795	3984
796	3732
797	3908
798	3896
799	3599
800	3907
801	3776
802	3901
803	3886
804	3970
805	4038
806	3863
807	3740
808	3733
809	3551
810	3928
811	3661
812	3550
813	4008
814	3771
815	3834
816	3860
817	3758
818	3666
819	3629
820	3605
821	3704
822	3547
823	3802
824	3605
825	3364
826	3433
827	3572
828	3542
829	3618
830	3663
831	3608
832	3549
833	3703
834	3458
835	3658
836	3752
837	3823
838	3706
839	3791
840	3549
841	3599
842	3363
843	3571
844	3536
845	3574
846	3818
847	3485
848	3384
849	3620
850	3813
851	3367
852	3529
853	3822
854	3481
855	3399
856	3343
857	3505
858	3530
859	3515
860	3771
861	3571
862	3462
863	3554
864	3442
865	3206
866	3505
867	3575
868	3480
869	3591
870	3413
871	3585
872	3562
873	3416
874	3526
875	3231
876	3690
877	3628
878	3350
879	3513
880	3551
881	3454
882	3519
883	3229
884	3375
885	3467
886	3419
887	3423
888	3504
889	3518
890	3523
891	3650
892	3574
893	3286
894	3372
895	3561
896	3382
897	3424
898	3441
899	3445
900	3321
901	3387
902	3377
903	3425
904	3725
905	3400
906	3386
907	3529
908	3534
909	3350
910	3484
911	3463
912	3592
913	3391
914	3490
915	3368
916	3532
917	3594
918	3440
919	3398
920	3456
921	3257
922	3688
923	3473
924	3451
925	3506
926	3580
927	3372
928	3439
929	3513
930	3355
931	3353
932	3482
933	3420
934	3496
935	3508
936	3352
937	3454
938	3524
939	3356
940	3508
941	3548
942	3585
943	3325
944	3469
945	3390
946	3418
947	3371
948	3436
949	3483
950	3234
951	3213
952	3410
953	3374
954	3215
955	3293
956	3177
957	3345
958	3284
959	3354
960	3148
961	3237
962	3266
963	3247
964	3145
965	3263
966	3401
967	3345
968	3186
969	3225
970	3367
971	3208
972	3372
973	3128
974	3254
975	3207
976	3323
977	3209
978	3161
979	3219
980	3086
981	3108
982	2968
983	3303
984	3098
985	3072
986	2966
987	2978
988	3119
989	3095
990	3107
991	3346
992	3203
993	3320
994	3187
995	3136
996	3364
997	3077
998	3206
999	3060
1000	3150
1001	3091
1002	3065
1003	3200
1004	3032
1005	3197
1006	3035
1007	3220
1008	3099
1009	3272
1010	3141
1011	3295
1012	3110
1013	3142
1014	3307
1015	3042
1016	3121
1017	3147
1018	3025
1019	3287
1020	3128
1021	3030
1022	2812
1023	3156
1024	2969
1025	2938
1026	3122
1027	3124
1028	3163
1029	2967
1030	3030
1031	2949
1032	2975
1033	3067
1034	3166
1035	3100
1036	2975
1037	2865
1038	2940
1039	2939
1040	2962
1041	2898
1042	3000
1043	2851
1044	2705
1045	2910
1046	2904
1047	2839
1048	3121
1049	3078
1050	2862
1051	2795
1052	3037
1053	2998
1054	2768
1055	3023
1056	2715
1057	3100
1058	2767
1059	2791
1060	2867
1061	2826
1062	3045
1063	2780
1064	2978
1065	2966
1066	2838
1067	2856
1068	2934
1069	2722
1070	2720
1071	2808
1072	2643
1073	2754
1074	2804
1075	2764
1076	2976
1077	2636
1078	2776
1079	2637
1080	2779
1081	2679
1082	2779
1083	2770
1084	2669
1085	2737
1086	2679
1087	2911
1088	2779
1089	2849
1090	2718
1091	2623
1092	2682
1093	2659
1094	2925
1095	2873
1096	2608
1097	2865
1098	2948
1099	3015
1100	2874
1101	2737
1102	2617
1103	2794
1104	2719
1105	2845
1106	2857
1107	2915
1108	2899
1109	2819
1110	2874
1111	2790
1112	2697
1113	2716
1114	2906
1115	2864
1116	2707
1117	2832
1118	2842
1119	2908
1120	2750
1121	2936
1122	3013
1123	2741
1124	2970
1125	2896
1126	2626
1127	2764
1128	2809
1129	2956
1130	2848
1131	2952
1132	2732
1133	2759
1134	2948
1135	2789
1136	2793
1137	2879
1138	2853
1139	2841
1140	2780
1141	3155
1142	2899
1143	3005
1144	2933
1145	2923
1146	2751
1147	3127
1148	2922
1149	2948
1150	2921
1151	2967
1152	2945
1153	2848
1154	2888
1155	2836
1156	3034
1157	2937
1158	3044
1159	2929
1160	2878
1161	2894
1162	3008
1163	2926
1164	2992
1165	2790
1166	2845
1167	2695
1168	2810
1169	2959
1170	2913
1171	2831
1172	2938
1173	2894
1174	2900
1175	2888
1176	2872
1177	2893
1178	2861
1179	2988
1180	2947
1181	2919
1182	2782
1183	2695
1184	2960
1185	2907
1186	3078
1187	2920
1188	2691
1189	2800
1190	2822
1191	2712
1192	3011
1193	2775
1194	2747
1195	2943
1196	2857
1197	2728
1198	2917
1199	2878
1200	3116
1201	2769
1202	2664
1203	3053
1204	2919
1205	2755
1206	3055
1207	2733
1208	3000
1209	2792
1210	2906
1211	2887
1212	2713
1213	2902
1214	2759
1215	2763
1216	2866
1217	2808
1218	2755
1219	2982
1220	2743
1221	2782
1222	2752
1223	2937
1224	3194
1225	2930
1226	2829
1227	2815
1228	2860
1229	3113
1230	3025
1231	3165
1232	2799
1233	2643
1234	2782
1235	2855
1236	2768
1237	2771
1238	2854
1239	2945
1240	2874
1241	2824
1242	2797
1243	2915
1244	2946
1245	2854
1246	2903
1247	2857
1248	2764
1249	2698
1250	2649
1251	2846
1252	2776
1253	2880
1254	2974
1255	3190
1256	2943
1257	2884
1258	2999
1259	2757
1260	2834
1261	2728
1262	2779
1263	2924
1264	2745
1265	3029
1266	2853
1267	3034
1268	2995
1269	3170
1270	2818
1271	2757
1272	3094
1273	2823
1274	2760
1275	2591
1276	2831
1277	2917
1278	2728
1279	2951
1280	2763
1281	2705
1282	2589
1283	2670
1284	2633
1285	2537
1286	2594
1287	2702
1288	2605
1289	2574
1290	2754
1291	2534
1292	2390
1293	2475
1294	2598
1295	2367
1296	2542
1297	2510
1298	2653
1299	2798
1300	2652
1301	2699
1302	2636
1303	2526
1304	2611
1305	2708
1306	2617
1307	2540
1308	2580
1309	2484
1310	2569
1311	2632
1312	2573
1313	2597
1314	2673
1315	2533
1316	2507
1317	2627
1318	2628
1319	2469
1320	2535
1321	2595
1322	2637
1323	2474
1324	2702
1325	2579
1326	2719
1327	2698
1328	2818
1329	2522
1330	2477
1331	2521
1332	2536
1333	2680
1334	2480
1335	2403
1336	2473
1337	2429
1338	2369
1339	2577
1340	2477
1341	2462
1342	2411
1343	2423
1344	2523
1345	2470
1346	2297
1347	2399
1348	2449
1349	2574
1350	2454
1351	2613
1352	2621
1353	2402
1354	2524
1355	2628
1356	2437
1357	2356
1358	2486
1359	2552
1360	2579
1361	2512
1362	2578
1363	2542
1364	2507
1365	2411
1366	2487
1367	2363
1368	2434
1369	2417
1370	2574
1371	2597
1372	2531
1373	2397
1374	2486
1375	2278
1376	2575
1377	2454
1378	2304
1379	2401
1380	2481
1381	2384
1382	2406
1383	2404
1384	2506
1385	2519
1386	2546
1387	2672
1388	2504
1389	2507
1390	2557
1391	2354
1392	2469
1393	2498
1394	2320
1395	2617
1396	2467
1397	2392
1398	2451
1399	2397
1400	2408
1401	2226
1402	2438
1403	2365
1404	2418
1405	2361
1406	2379
1407	2339
1408	2318
1409	2369
1410	2399
1411	2259
1412	2375
1413	2401
1414	2437
1415	2376
1416	2423
1417	2212
1418	2472
1419	2317
1420	2283
1421	2281
1422	2294
1423	2415
1424	2332
1425	2408
1426	2284
1427	2606
1428	2379
1429	2279
1430	2381
1431	2400
1432	2276
1433	2400
1434	2369
1435	2473
1436	2263
1437	2626
1438	2249
1439	2269
1440	2422
1441	2459
1442	2581
1443	2432
1444	2461
1445	2416
1446	2240
1447	2366
1448	2057
1449	2323
1450	2321
1451	2346
1452	2342
1453	2485
1454	2297
1455	2449
1456	2412
1457	2261
1458	2433
1459	2523
1460	2524
1461	2335
1462	2748
1463	2389
1464	2468
1465	2197
1466	2336
1467	2168
1468	2458
1469	2438
1470	2409
1471	2222
1472	2443
1473	2277
1474	2485
1475	2129
1476	2344
1477	2427
1478	2470
1479	2286
1480	2328
1481	2513
1482	2482
1483	2420
1484	2257
1485	2462
1486	2444
1487	2453
1488	2265
1489	2496
1490	2471
1491	2396
1492	2533
1493	2563
1494	2540
1495	2426
1496	2773
1497	2507
1498	2543
1499	2786
1500	2872
1501	2610
1502	2506
1503	2601
1504	2487
1505	2437
1506	2561
1507	2444
1508	2454
1509	2700
1510	2309
1511	2407
1512	2591
1513	2484
1514	2497
1515	2377
1516	2502
1517	2548
1518	2605
1519	2481
1520	2497
1521	2278
1522	2458
1523	2679
1524	2474
1525	2498
1526	2410
1527	2525
1528	2343
1529	2428
1530	2586
1531	2558
1532	2496
1533	2453
1534	2595
1535	2378
1536	2595
1537	2372
1538	2399
1539	2286
1540	2533
1541	2492
1542	2427
1543	2414
1544	2493
1545	2480
1546	2413
1547	2642
1548	2391
1549	2370
1550	2586
1551	2438
1552	2472
1553	2529
1554	2488
1555	2627
1556	2540
1557	2737
1558	2607
1559	2575
1560	2560
1561	2583
1562	2509
1563	2418
1564	2615
1565	2314
1566	2562
1567	2494
1568	2651
1569	2620
1570	2508
1571	2619
1572	2393
1573	2725
1574	2556
1575	2538
1576	2392
1577	2347
1578	2489
1579	2416
1580	2258
1581	2231
1582	2511
1583	2635
1584	2375
1585	2657
1586	2555
1587	2556
1588	2543
1589	2422
1590	2514
1591	2491
1592	2553
1593	2445
1594	2635
1595	2276
1596	2373
1597	2325
1598	2506
1599	2449
1600	2284
1601	2491
1602	2430
1603	2606
1604	2526
1605	2526
1606	2222
1607	2631
1608	2350
1609	2516
1610	2512
1611	2521
1612	2230
1613	2292
1614	2284
1615	2364
1616	2655
1617	2324
1618	2211
1619	2209
1620	2218
1621	2353
1622	2318
1623	2115
1624	2234
1625	2393
1626	2145
1627	2333
1628	2380
1629	2152
1630	2211
1631	2189
1632	2265
1633	2250
1634	2234
1635	2331
1636	2284
1637	2425
1638	2133
1639	2455
1640	2308
1641	2377
1642	2149
1643	2221
1644	2284
1645	2199
1646	2263
1647	2243
1648	2160
1649	2121
1650	2351
1651	2318
1652	2378
1653	2352
1654	2186
1655	2308
1656	2217
1657	2293
1658	2296
1659	2010
1660	2321
1661	2412
1662	2154
1663	2365
1664	2272
1665	2435
1666	2054
1667	2521
1668	2500
1669	2248
1670	2345
1671	2181
1672	2398
1673	2405
1674	2277
1675	2352
1676	2140
1677	2110
1678	2317
1679	2172
1680	2301
1681	2100
1682	2235
1683	2199
1684	2279
1685	2256
1686	2078
1687	2204
1688	2153
1689	2262
1690	2080
1691	2291
1692	2271
1693	2487
1694	2277
1695	2192
1696	2306
1697	2340
1698	2194
1699	2214
1700	2233
1701	2294
1702	2228
1703	2466
1704	2288
1705	2253
1706	2363
1707	2002
1708	2317
1709	2400
1710	2703
1711	2037
1712	2271
1713	2450
1714	2449
1715	2356
1716	2265
1717	2242
1718	2276
1719	2073
1720	2276
1721	2264
1722	2074
1723	2108
1724	2256
1725	2267
1726	2097
1727	2191
1728	2384
1729	2288
1730	2362
1731	2377
1732	2391
1733	2302
1734	2184
1735	2266
1736	2243
1737	2185
1738	2107
1739	2327
1740	2015
1741	2089
1742	2122
1743	2167
1744	2200
1745	2249
1746	2076
1747	2084
1748	2049
1749	2228
1750	2077
1751	2219
1752	2402
1753	2185
1754	2385
1755	2080
1756	2122
1757	2173
1758	2323
1759	2149
1760	2303
1761	2168
1762	2200
1763	2053
1764	2192
1765	2197
1766	2014
1767	2278
1768	2027
1769	1879
1770	1946
1771	2162
1772	2363
1773	2094
1774	2176
1775	2076
1776	1958
1777	1989
1778	2132
1779	2143
1780	2002
1781	2074
1782	1950
1783	2039
1784	1962
1785	1987
1786	1764
1787	2125
1788	2068
1789	2075
1790	1918
1791	1965
1792	1959
1793	1757
1794	2168
1795	1655
1796	1972
1797	1847
1798	1930
1799	1921
1800	1868
1801	1747
1802	1880
1803	1961
1804	2006
1805	1977
1806	1822
1807	1860
1808	1959
1809	1809
1810	2049
1811	1944
1812	1952
1813	1761
1814	1911
1815	1895
1816	1890
1817	1951
1818	1910
1819	1828
1820	1871
1821	1864
1822	1913
1823	1834
1824	1964
1825	1827
1826	1934
1827	1916
1828	2076
1829	1731
1830	1886
1831	2006
1832	1893
1833	1768
1834	1824
1835	2084
1836	1874
1837	1911
1838	1792
1839	1657
1840	1778
1841	1826
1842	1741
1843	1804
1844	1758
1845	1758
1846	1923
1847	1563
1848	1869
1849	1745
1850	1868
1851	1853
1852	1826
1853	1931
1854	1957
1855	1893
1856	1893
1857	1980
1858	1931
1859	1889
1860	1814
1861	1959
1862	1850
1863	1850
1864	1901
1865	2020
1866	1902
1867	1755
1868	1872
1869	1812
1870	1820
1871	1845
1872	1833
1873	1896
1874	1972
1875	1859
1876	1963
1877	1788
1878	1998
1879	1923
1880	1983
1881	1849
1882	1779
1883	1808
1884	1829
1885	1790
1886	1735
1887	1863
1888	1901
1889	1722
1890	1929
1891	1804
1892	2024
1893	1932
1894	1825
1895	1882
1896	1786
1897	1845
1898	2002
1899	1871
1900	1820
1901	1824
1902	1889
1903	1809
1904	1817
1905	1890
1906	2039
1907	1876
1908	1993
1909	1788
1910	1864
1911	1879
1912	1860
1913	1789
1914	2124
1915	2000
1916	1862
1917	1919
1918	2100
1919	2172
1920	1932
1921	1731
1922	1907
1923	1778
1924	1906
1925	1822
1926	1829
1927	1881
1928	1790
1929	1955
1930	1894
1931	1848
1932	1766
1933	1873
1934	1815
1935	2016
1936	1857
1937	1861
1938	1997
1939	1973
1940	1968
1941	1994
1942	2194
1943	1994
1944	1896
1945	1890
1946	1859
1947	1924
1948	1825
1949	2122
1950	1837
1951	2034
1952	1928
1953	2069
1954	2042
1955	1791
1956	1980
1957	2075
1958	2061
1959	1945
1960	1860
1961	2021
1962	2013
1963	1976
1964	2165
1965	2140
1966	2065
1967	2026
1968	1932
1969	1982
1970	2093
1971	2085
1972	2180
1973	2155
1974	2042
1975	1931
1976	2147
1977	1975
1978	2131
1979	2174
1980	2073
1981	2121
1982	2106
1983	2138
1984	2146
1985	2110
1986	2126
1987	2223
1988	2061
1989	2295
1990	2286
1991	2153
1992	2311
1993	2214
1994	2144
1995	2271
1996	2217
1997	2136
1998	2094
1999	2446
2000	2161
2001	2216
2002	2382
2003	2335
2004	2256
2005	2259
2006	2209
2007	2228
2008	2279
2009	2182
2010	2313
2011	2199
2012	2333
2013	2390
2014	2287
2015	2299
2016	2064
2017	2133
2018	2149
2019	2145
2020	2219
2021	2187
2022	2199
2023	2327
2024	2276
2025	2161
2026	2190
2027	2335
2028	2133
2029	2177
2030	1995
2031	2022
2032	2176
2033	2131
2034	2232
2035	2005
2036	2056
2037	2124
2038	2056
2039	2004
2040	2093
2041	2174
2042	2246
2043	2093
2044	1961
2045	2196
2046	2108
2047	2059
2048	2268
2049	2107
2050	1961
2051	1947
2052	1980
2053	1996
2054	1975
2055	2125
2056	1939
2057	2101
2058	2213
2059	2038
2060	2021
2061	1933
2062	2006
2063	1916
2064	1938
2065	2026
2066	1854
2067	1959
2068	1958
2069	2112
2070	2042
2071	1919
2072	1786
2073	1894
2074	1854
2075	1960
2076	1978
2077	1994
2078	1796
2079	1812
2080	1838
2081	1900
2082	2067
2083	1698
2084	1880
2085	1855
2086	1950
2087	2029
2088	1756
2089	1793
2090	1710
2091	1685
2092	1734
2093	1875
2094	1750
2095	1532
2096	1718
2097	1716
2098	1744
2099	1781
2100	1852
2101	1856
2102	1719
2103	1887
2104	1789
2105	1798
2106	1848
2107	1814
2108	1696
2109	1728
2110	1803
2111	1708
2112	1713
2113	1694
2114	1618
2115	1665
2116	1651
2117	1708
2118	1722
2119	1603
2120	1724
2121	1697
2122	1700
2123	1765
2124	1710
2125	1558
2126	1581
2127	1683
2128	1583
2129	1709
2130	1702
2131	1750
2132	1533
2133	1789
2134	1558
2135	1694
2136	1659
2137	1649
2138	1569
2139	1753
2140	1693
2141	1592
2142	1791
2143	1481
2144	1683
2145	1674
2146	1593
2147	1537
2148	1640
2149	1629
2150	1577
2151	1374
2152	1600
2153	1635
2154	1573
2155	1491
2156	1549
2157	1751
2158	1604
2159	1485
2160	1584
2161	1593
2162	1529
2163	1598
2164	1596
2165	1625
2166	1725
2167	1505
2168	1605
2169	1579
2170	1645
2171	1764
2172	1628
2173	1716
2174	1744
2175	1636
2176	1587
2177	1637
2178	1575
2179	1586
2180	1599
2181	1664
2182	1629
2183	1554
2184	1563
2185	1616
2186	1632
2187	1611
2188	1444
2189	1571
2190	1458
2191	1451
2192	1586
2193	1483
2194	1528
2195	1662
2196	1622
2197	1533
2198	1551
2199	1772
2200	1656
2201	1708
2202	1442
2203	1577
2204	1749
2205	1636
2206	1768
2207	1582
2208	1624
2209	1681
2210	1630
2211	1541
2212	1618
2213	1455
2214	1558
2215	1491
2216	1670
2217	1635
2218	1647
2219	1563
2220	1732
2221	1614
2222	1591
2223	1582
2224	1646
2225	1593
2226	1748
2227	1662
2228	1664
2229	1561
2230	1664
2231	1596
2232	1580
2233	1660
2234	1750
2235	1721
2236	1635
2237	1770
2238	1813
2239	1703
2240	1643
2241	1812
2242	1694
2243	1764
2244	1683
2245	1799
2246	1714
2247	1773
2248	1653
2249	1754
2250	1713
2251	1840
2252	1680
2253	1772
2254	1748
2255	1598
2256	1937
2257	1619
2258	1851
2259	1740
2260	1580
2261	1726
2262	1764
2263	1674
2264	1765
2265	1637
2266	1735
2267	1589
2268	1774
2269	1626
2270	1691
2271	1684
2272	1606
2273	1678
2274	1491
2275	1568
2276	1729
2277	1746
2278	1693
2279	1749
2280	1619
2281	1612
2282	1463
2283	1638
2284	1692
2285	1644
2286	1707
2287	1636
2288	1654
2289	1650
2290	1588
2291	1631
2292	1535
2293	1547
2294	1601
2295	1634
2296	1555
2297	1669
2298	1730
2299	1674
2300	1504
2301	1649
2302	1586
2303	1581
2304	1497
2305	1539
2306	1627
2307	1687
2308	1649
2309	1532
2310	1403
2311	1494
2312	1405
2313	1669
2314	1612
2315	1574
2316	1648
2317	1520
2318	1672
2319	1679
2320	1495
2321	1592
2322	1611
2323	1484
2324	1545
2325	1497
2326	1585
2327	1552
2328	1637
2329	1563
2330	1638
2331	1501
2332	1467
2333	1479
2334	1516
2335	1503
2336	1580
2337	1501
2338	1509
2339	1583
2340	1550
2341	1546
2342	1658
2343	1594
2344	1447
2345	1504
2346	1372
2347	1507
2348	1479
2349	1456
2350	1500
2351	1490
2352	1421
2353	1508
2354	1444
2355	1508
2356	1525
2357	1650
2358	1465
2359	1512
2360	1500
2361	1602
2362	1733
2363	1520
2364	1397
2365	1480
2366	1427
2367	1443
2368	1501
2369	1392
2370	1560
2371	1469
2372	1527
2373	1487
2374	1356
2375	1433
2376	1387
2377	1481
2378	1549
2379	1470
2380	1384
2381	1462
2382	1306
2383	1350
2384	1372
2385	1454
2386	1400
2387	1447
2388	1438
2389	1341
2390	1305
2391	1367
2392	1342
2393	1236
2394	1402
2395	1333
2396	1343
2397	1267
2398	1497
2399	1229
2400	1260
2401	1523
2402	1375
2403	1226
2404	1453
2405	1355
2406	1346
2407	1268
2408	1253
2409	1380
2410	1397
2411	1311
2412	1378
2413	1292
2414	1315
2415	1306
2416	1291
2417	1259
2418	1330
2419	1232
2420	1246
2421	1185
2422	1378
2423	1344
2424	1356
2425	1450
2426	1326
2427	1321
2428	1298
2429	1366
2430	1278
2431	1270
2432	1306
2433	1262
2434	1173
2435	1188
2436	1389
2437	1270
2438	1270
2439	1392
2440	1217
2441	1292
2442	1398
2443	1255
2444	1245
2445	1378
2446	1199
2447	1196
2448	1443
2449	1274
2450	1376
2451	1203
2452	1321
2453	1324
2454	1346
2455	1304
2456	1269
2457	1394
2458	1314
2459	1299
2460	1245
2461	1194
2462	1293
2463	1262
2464	1280
2465	1274
2466	1298
2467	1241
2468	1381
2469	1340
2470	1343
2471	1196
2472	1307
2473	1409
2474	1340
2475	1351
2476	1293
2477	1271
2478	1361
2479	1324
2480	1285
2481	1259
2482	1282
2483	1255
2484	1466
2485	1280
2486	1315
2487	1382
2488	1393
2489	1466
2490	1242
2491	1335
2492	1325
2493	1383
2494	1358
2495	1308
2496	1528
2497	1277
2498	1390
2499	1367
2500	1243
2501	1338
2502	1221
2503	1302
2504	1317
2505	1375
2506	1362
2507	1602
2508	1337
2509	1371
2510	1242
2511	1299
2512	1416
2513	1294
2514	1467
2515	1366
2516	1291
2517	1394
2518	1310
2519	1347
2520	1490
2521	1307
2522	1455
2523	1437
2524	1337
2525	1381
2526	1397
2527	1321
2528	1516
2529	1263
2530	1362
2531	1238
2532	1448
2533	1376
2534	1401
2535	1387
2536	1368
2537	1374
2538	1387
2539	1353
2540	1450
2541	1312
2542	1462
2543	1427
2544	1317
2545	1424
2546	1453
2547	1500
2548	1458
2549	1329
2550	1497
2551	1347
2552	1341
2553	1357
2554	1428
2555	1412
2556	1415
2557	1443
2558	1408
2559	1356
2560	1357
2561	1283
2562	1322
2563	1360
2564	1153
2565	1451
2566	1361
2567	1328
2568	1391
2569	1409
2570	1337
2571	1329
2572	1215
2573	1347
2574	1252
2575	1269
2576	1140
2577	1319
2578	1411
2579	1287
2580	1396
2581	1184
2582	1405
2583	1286
2584	1352
2585	1379
2586	1307
2587	1290
2588	1286
2589	1369
2590	1323
2591	1276
2592	1251
2593	1413
2594	1295
2595	1394
2596	1229
2597	1233
2598	1323
2599	1250
2600	1222
2601	1219
2602	1254
2603	1285
2604	1247
2605	1361
2606	1310
2607	1334
2608	1360
2609	1357
2610	1368
2611	1279
2612	1361
2613	1329
2614	1268
2615	1259
2616	1273
2617	1276
2618	1279
2619	1273
2620	1210
2621	1304
2622	1367
2623	1212
2624	1360
2625	1310
2626	1290
2627	1405
2628	1354
2629	1243
2630	1278
2631	1350
2632	1400
2633	1199
2634	1346
2635	1220
2636	1341
2637	1311
2638	1261
2639	1462
2640	1364
2641	1432
2642	1301
2643	1461
2644	1380
2645	1494
2646	1570
2647	1359
2648	1357
2649	1297
2650	1452
2651	1445
2652	1637
2653	1417
2654	1522
2655	1347
2656	1387
2657	1385
2658	1181
2659	1291
2660	1325
2661	1322
2662	1357
2663	1377
2664	1293
2665	1346
2666	1188
2667	1293
2668	1498
2669	1390
2670	1374
2671	1357
2672	1324
2673	1274
2674	1331
2675	1257
2676	1175
2677	1295
2678	1315
2679	1155
2680	1399
2681	1169
2682	1330
2683	1412
2684	1411
2685	1369
2686	1408
2687	1268
2688	1281
2689	1286
2690	1277
2691	1391
2692	1414
2693	1464
2694	1320
2695	1237
2696	1276
2697	1506
2698	1261
2699	1250
2700	1309
2701	1395
2702	1605
2703	1260
2704	1418
2705	1284
2706	1278
2707	1268
2708	1411
2709	1396
2710	1490
2711	1604
2712	1310
2713	1275
2714	1345
2715	1115
2716	1243
2717	1351
2718	1377
2719	1500
2720	1377
2721	1290
2722	1380
2723	1241
2724	1373
2725	1227
2726	1160
2727	1220
2728	1299
2729	1184
2730	1332
2731	1353
2732	1188
2733	1169
2734	1323
2735	1244
2736	1283
2737	1292
2738	1256
2739	1322
2740	1365
2741	1242
2742	1191
2743	1007
2744	1213
2745	1323
2746	1196
2747	1186
2748	1183
2749	1294
2750	1171
2751	1194
2752	1244
2753	1152
2754	1290
2755	1171
2756	1145
2757	1204
2758	1177
2759	1235
2760	1289
2761	1320
2762	1290
2763	1258
2764	1153
2765	1176
2766	1290
2767	1191
2768	1216
2769	1320
2770	1336
2771	1257
2772	1115
2773	1197
2774	1122
2775	1223
2776	1270
2777	1210
2778	1049
2779	1205
2780	1283
2781	1197
2782	1304
2783	1206
2784	1299
2785	1140
2786	1133
2787	1229
2788	1138
2789	1088
2790	1103
2791	1137
2792	1135
2793	1205
2794	1144
2795	1158
2796	1111
2797	1202
2798	1257
2799	1129
2800	1140
2801	982
2802	1189
2803	1032
2804	1252
2805	1235
2806	1292
2807	1247
2808	1177
2809	1136
2810	1160
2811	1155
2812	1200
2813	1219
2814	1151
2815	1291
2816	1317
2817	1125
2818	1251
2819	1162
2820	1159
2821	1012
2822	1093
2823	1142
2824	1245
2825	1224
2826	1144
2827	1173
2828	1134
2829	975
2830	1102
2831	1150
2832	1056
2833	1191
2834	1022
2835	1066
2836	1127
2837	1141
2838	1058
2839	1056
2840	1198
2841	1165
2842	1158
2843	1028
2844	1094
2845	1118
2846	1176
2847	1151
2848	1147
2849	1220
2850	1075
2851	1134
2852	1105
2853	1185
2854	1206
2855	1220
2856	1010
2857	1084
2858	1093
2859	1129
2860	1276
2861	1197
2862	1196
2863	1343
2864	1120
2865	1215
2866	1114
2867	1039
2868	1161
2869	1156
2870	1088
2871	1125
2872	1147
2873	1164
2874	1154
2875	1158
2876	1106
2877	1149
2878	1105
2879	1107
2880	1075
2881	1055
2882	1110
2883	1077
2884	1053
2885	1073
2886	1077
2887	1080
2888	1097
2889	1077
2890	1095
2891	1148
2892	1147
2893	1204
2894	1122
2895	1091
2896	1155
2897	1088
2898	1106
2899	1167
2900	1115
2901	1074
2902	1065
2903	1186
2904	1041
2905	1111
2906	1120
2907	1126
2908	1024
2909	980
2910	1214
2911	1173
2912	1017
2913	1049
2914	1038
2915	1212
2916	1171
2917	1036
2918	1102
2919	1047
2920	1190
2921	1055
2922	1030
2923	1195
2924	1192
2925	1094
2926	1047
2927	1212
2928	1021
2929	1073
2930	1196
2931	1187
2932	1150
2933	1057
2934	1038
2935	1077
2936	1090
2937	1289
2938	1131
2939	1058
2940	1037
2941	1136
2942	1093
2943	1197
2944	1167
2945	1118
2946	1116
2947	1060
2948	1188
2949	1177
2950	1095
2951	1029
2952	1223
2953	1109
2954	1136
2955	1170
2956	1194
2957	1058
2958	1073
2959	1170
2960	1112
2961	1062
2962	1178
2963	1187
2964	1030
2965	1147
2966	1167
2967	1128
2968	1178
2969	1081
2970	1169
2971	1228
2972	1050
2973	1050
2974	1163
2975	1094
2976	1119
2977	1161
2978	1154
2979	1169
2980	1170
2981	1156
2982	1151
2983	1075
2984	1229
2985	1132
2986	1163
2987	1126
2988	1049
2989	1235
2990	1142
2991	1166
2992	1181
2993	1120
2994	1133
2995	1132
2996	1248
2997	1131
2998	1116
2999	1220
3000	1154
3001	1159
3002	1165
3003	1133
3004	1192
3005	1193
3006	1312
3007	1189
3008	1195
3009	1245
3010	1059
3011	1218
3012	1090
3013	1189
3014	1179
3015	1177
3016	1183
3017	1121
3018	1197
3019	1163
3020	1207
3021	1188
3022	1277
3023	1183
3024	1098
3025	1015
3026	1158
3027	1190
3028	1228
3029	1137
3030	1144
3031	1183
3032	1193
3033	1137
3034	1009
3035	1011
3036	1135
3037	1103
3038	1238
3039	1065
3040	1252
3041	1109
3042	1091
3043	1180
3044	1046
3045	1117
3046	1285
3047	1145
3048	1201
3049	1190
3050	1124
3051	1117
3052	1063
3053	1220
3054	1175
3055	1210
3056	1247
3057	1215
3058	1200
3059	1220
3060	1270
3061	1209
3062	1188
3063	1410
3064	1245
3065	1083
3066	1229
3067	1167
3068	1214
3069	1255
3070	1229
3071	1185
3072	1064
3073	1127
3074	1103
3075	1111
3076	1175
3077	1035
3078	1306
3079	1248
3080	1276
3081	1281
3082	1237
3083	1245
3084	1257
3085	1231
3086	1196
3087	1081
3088	1257
3089	1085
3090	1115
3091	1072
3092	1244
3093	1044
3094	1142
3095	1078
3096	1133
3097	1106
3098	1084
3099	1099
3100	1166
3101	1063
3102	1156
3103	1172
3104	1122
3105	1114
3106	1183
3107	1089
3108	1212
3109	1204
3110	1245
3111	1094
3112	1104
3113	1191
3114	945
3115	1088
3116	1101
3117	1138
3118	1241
3119	1038
3120	982
3121	1101
3122	1192
3123	1119
3124	1141
3125	1146
3126	1059
3127	1077
3128	1087
3129	1182
3130	1072
3131	1110
3132	1034
3133	1091
3134	1026
3135	1111
3136	1102
3137	1079
3138	1107
3139	1053
3140	1164
3141	937
3142	1070
3143	933
3144	1266
3145	1025
3146	1008
3147	1037
3148	1082
3149	1034
3150	1138
3151	1138
3152	1228
3153	1142
3154	1136
3155	1012
3156	874
3157	1236
3158	1074
3159	1012
3160	1003
3161	1047
3162	1094
3163	1058
3164	1039
3165	1166
3166	1007
3167	1085
3168	1114
3169	1112
3170	1139
3171	1062
3172	1078
3173	1057
3174	1044
3175	1009
3176	870
3177	899
3178	1033
3179	1140
3180	1169
3181	1193
3182	969
3183	1086
3184	999
3185	961
3186	1084
3187	1077
3188	1070
3189	1143
3190	1042
3191	1190
3192	1064
3193	1238
3194	1185
3195	1145
3196	1174
3197	1085
3198	1038
3199	1024
3200	1112
3201	1042
3202	986
3203	1041
3204	1118
3205	1140
3206	1054
3207	1054
3208	1068
3209	1095
3210	1097
3211	1166
3212	1134
3213	1063
3214	1094
3215	984
3216	1156
3217	1003
3218	1089
3219	1120
3220	1157
3221	1088
3222	1228
3223	1073
3224	1109
3225	1102
3226	1110
3227	1134
3228	1035
3229	1154
3230	1110
3231	1197
3232	1112
3233	1233
3234	1049
3235	1127
3236	1269
3237	1208
3238	1155
3239	1198
3240	1054
3241	1001
3242	1073
3243	1071
3244	1194
3245	1247
3246	1287
3247	1075
3248	1143
3249	1145
3250	1084
3251	1105
3252	1150
3253	1084
3254	1096
3255	1131
3256	1017
3257	1198
3258	1120
3259	1163
3260	1101
3261	1016
3262	1183
3263	1233
3264	1074
3265	1116
3266	1058
3267	1053
3268	1119
3269	1146
3270	1140
3271	1146
3272	1110
3273	1214
3274	1163
3275	1031
3276	1169
3277	1188
3278	1025
3279	1107
3280	1182
3281	1223
3282	1132
3283	1223
3284	1153
3285	1129
3286	1069
3287	1175
3288	1172
3289	1109
3290	1067
3291	1116
3292	1148
3293	1016
3294	1239
3295	1131
3296	1082
3297	1157
3298	1126
3299	1099
3300	1030
3301	1153
3302	1126
3303	1118
3304	1128
3305	1103
3306	1092
3307	1143
3308	1078
3309	1114
3310	1145
3311	1053
3312	1085
3313	1126
3314	1217
3315	1204
3316	1097
3317	1241
3318	1074
3319	1128
3320	1096
3321	1090
3322	1177
3323	1163
3324	1169
3325	1073
3326	1089
3327	1086
3328	1180
3329	1052
3330	1147
3331	1038
3332	1168
3333	1044
3334	1103
3335	1116
3336	1144
3337	1128
3338	1050
3339	977
3340	1026
3341	1013
3342	1043
3343	1200
3344	1094
3345	1032
3346	1033
3347	1144
3348	1128
3349	1042
3350	1158
3351	1079
3352	977
3353	896
3354	1149
3355	1132
3356	916
3357	977
3358	1036
3359	956
3360	1014
3361	1086
3362	1020
3363	1022
3364	989
3365	993
3366	1018
3367	1011
3368	1125
3369	870
3370	1061
3371	922
3372	1013
3373	1119
3374	999
3375	950
3376	956
3377	919
3378	982
3379	847
3380	921
3381	1122
3382	1017
3383	983
3384	939
3385	887
3386	924
3387	917
3388	962
3389	979
3390	941
3391	944
3392	871
3393	892
3394	956
3395	996
3396	966
3397	1067
3398	999
3399	987
3400	871
3401	940
3402	995
3403	1017
3404	1026
3405	924
3406	933
3407	869
3408	976
3409	908
3410	976
3411	1047
3412	1054
3413	922
3414	979
3415	921
3416	1040
3417	1022
3418	1181
3419	1076
3420	1012
3421	935
3422	825
3423	882
3424	892
3425	899
3426	881
3427	970
3428	909
3429	1040
3430	837
3431	937
3432	940
3433	945
3434	1020
3435	1113
3436	915
3437	855
3438	951
3439	983
3440	851
3441	990
3442	949
3443	977
3444	919
3445	948
3446	988
3447	978
3448	844
3449	851
3450	988
3451	957
3452	916
3453	896
3454	984
3455	957
3456	992
3457	1014
3458	996
3459	874
3460	965
3461	827
3462	1086
3463	1022
3464	898
3465	976
3466	841
3467	866
3468	896
3469	835
3470	957
3471	1011
3472	1003
3473	779
3474	969
3475	794
3476	1026
3477	999
3478	875
3479	827
3480	944
3481	923
3482	900
3483	928
3484	874
3485	762
3486	791
3487	906
3488	837
3489	829
3490	860
3491	907
3492	851
3493	880
3494	764
3495	833
3496	910
3497	975
3498	763
3499	924
3500	886
3501	943
3502	887
3503	974
3504	875
3505	907
3506	857
3507	877
3508	935
3509	822
3510	840
3511	920
3512	953
3513	898
3514	984
3515	816
3516	889
3517	861
3518	940
3519	762
3520	828
3521	983
3522	939
3523	936
3524	794
3525	807
3526	915
3527	851
3528	793
3529	938
3530	937
3531	940
3532	912
3533	789
3534	967
3535	865
3536	897
3537	902
3538	909
3539	875
3540	827
3541	848
3542	963
3543	930
3544	887
3545	876
3546	948
3547	819
3548	826
3549	904
3550	938
3551	842
3552	838
3553	945
3554	883
3555	797
3556	877
3557	946
3558	914
3559	841
3560	826
3561	870
3562	883
3563	848
3564	852
3565	807
3566	815
3567	913
3568	918
3569	730
3570	826
3571	909
3572	923
3573	1012
3574	884
3575	826
3576	901
3577	897
3578	905
3579	901
3580	896
3581	918
3582	914
3583	916
3584	880
3585	868
3586	946
3587	850
3588	939
3589	908
3590	963
3591	942
3592	835
3593	1038
3594	882
3595	942
3596	878
3597	869
3598	896
3599	905
3600	921
3601	929
3602	1006
3603	977
3604	806
3605	790
3606	805
3607	984
3608	970
3609	919
3610	967
3611	878
3612	889
3613	1011
3614	945
3615	943
3616	849
3617	920
3618	981
3619	1003
3620	909
3621	916
3622	965
3623	935
3624	893
3625	903
3626	920
3627	833
3628	1060
3629	898
3630	936
3631	805
3632	892
3633	836
3634	913
3635	901
3636	943
3637	948
3638	904
3639	915
3640	784
3641	822
3642	790
3643	875
3644	893
3645	903
3646	864
3647	947
3648	844
3649	888
3650	875
3651	829
3652	911
3653	821
3654	938
3655	866
3656	954
3657	822
3658	832
3659	903
3660	813
3661	881
3662	796
3663	849
3664	851
3665	907
3666	883
3667	960
3668	937
3669	922
3670	815
3671	838
3672	979
3673	998
3674	954
3675	980
3676	918
3677	850
3678	879
3679	889
3680	931
3681	978
3682	939
3683	1022
3684	785
3685	863
3686	930
3687	948
3688	894
3689	912
3690	1010
3691	965
3692	934
3693	967
3694	905
3695	1070
3696	957
3697	1011
3698	1001
3699	969
3700	977
3701	868
3702	874
3703	995
3704	922
3705	997
3706	982
3707	918
3708	926
3709	1000
3710	1067
3711	964
3712	938
3713	899
3714	844
3715	1046
3716	1002
3717	888
3718	962
3719	838
3720	931
3721	916
3722	880
3723	862
3724	927
3725	1035
3726	1126
3727	933
3728	1012
3729	1008
3730	821
3731	893
3732	884
3733	964
3734	871
3735	869
3736	1077
3737	930
3738	1077
3739	878
3740	875
3741	858
3742	1078
3743	838
3744	1042
3745	926
3746	921
3747	1006
3748	959
3749	1030
3750	879
3751	1037
3752	824
3753	885
3754	1015
3755	935
3756	938
3757	867
3758	930
3759	884
3760	862
3761	917
3762	991
3763	838
3764	927
3765	939
3766	862
3767	965
3768	945
3769	992
3770	956
3771	1117
3772	983
3773	908
3774	866
3775	886
3776	811
3777	955
3778	873
3779	821
3780	885
3781	889
3782	914
3783	816
3784	899
3785	831
3786	811
3787	869
3788	872
3789	851
3790	1056
3791	937
3792	959
3793	865
3794	878
3795	741
3796	734
3797	795
3798	885
3799	791
3800	838
3801	911
3802	754
3803	788
3804	816
3805	717
3806	760
3807	924
3808	773
3809	689
3810	835
3811	828
3812	760
3813	715
3814	827
3815	743
3816	772
3817	811
3818	745
3819	822
3820	779
3821	775
3822	820
3823	889
3824	925
3825	880
3826	779
3827	672
3828	782
3829	700
3830	772
3831	805
3832	849
3833	632
3834	770
3835	776
3836	766
3837	766
3838	695
3839	736
3840	797
3841	671
3842	847
3843	723
3844	751
3845	800
3846	906
3847	713
3848	760
3849	726
3850	789
3851	867
3852	728
3853	695
3854	907
3855	841
3856	845
3857	808
3858	760
3859	750
3860	794
3861	851
3862	719
3863	722
3864	794
3865	734
3866	708
3867	870
3868	816
3869	799
3870	686
3871	834
3872	808
3873	805
3874	790
3875	818
3876	800
3877	830
3878	835
3879	744
3880	732
3881	782
3882	741
3883	865
3884	793
3885	736
3886	770
3887	859
3888	782
3889	882
3890	746
3891	757
3892	931
3893	743
3894	843
3895	854
3896	856
3897	820
3898	775
3899	833
3900	785
3901	856
3902	942
3903	850
3904	837
3905	680
3906	824
3907	749
3908	827
3909	897
3910	839
3911	859
3912	874
3913	836
3914	818
3915	932
3916	856
3917	851
3918	912
3919	786
3920	991
3921	849
3922	1082
3923	935
3924	851
3925	862
3926	918
3927	864
3928	893
3929	1116
3930	876
3931	922
3932	891
3933	987
3934	837
3935	975
3936	907
3937	837
3938	939
3939	890
3940	975
3941	897
3942	989
3943	739
3944	782
3945	857
3946	833
3947	931
3948	843
3949	960
3950	930
3951	849
3952	798
3953	853
3954	864
3955	1061
3956	1028
3957	846
3958	928
3959	1008
3960	1063
3961	1023
3962	1009
3963	1004
3964	950
3965	1009
3966	986
3967	857
3968	944
3969	854
3970	860
3971	885
3972	861
3973	904
3974	888
3975	907
3976	884
3977	926
3978	968
3979	813
3980	917
3981	860
3982	953
3983	977
3984	910
3985	972
3986	780
3987	897
3988	949
3989	914
3990	823
3991	853
3992	751
3993	755
3994	814
3995	886
3996	805
3997	861
3998	792
3999	901
4000	810
4001	799
4002	917
4003	895
4004	812
4005	754
4006	813
4007	822
4008	884
4009	733
4010	888
4011	822
4012	968
4013	867
4014	851
4015	804
4016	845
4017	915
4018	951
4019	848
4020	962
4021	871
4022	924
4023	913
4024	825
4025	920
4026	834
4027	889
4028	912
4029	726
4030	876
4031	864
4032	1068
4033	973
4034	838
4035	849
4036	881
4037	874
4038	829
4039	792
4040	940
4041	937
4042	764
4043	765
4044	818
4045	723
4046	748
4047	733
4048	888
4049	755
4050	805
4051	814
4052	884
4053	877
4054	757
4055	813
4056	686
4057	806
4058	759
4059	792
4060	862
4061	782
4062	800
4063	804
4064	829
4065	793
4066	758
4067	743
4068	819
4069	760
4070	796
4071	737
4072	855
4073	764
4074	809
4075	850
4076	737
4077	804
4078	762
4079	890
4080	809
4081	763
4082	806
4083	910
4084	774
4085	792
4086	818
4087	803
4088	770
4089	711
4090	726
4091	713
4092	848
4093	672
4094	844
4095	739
4096	745
4097	751
4098	925
4099	773
4100	714
4101	922
4102	762
4103	708
4104	797
4105	909
4106	844
4107	902
4108	692
4109	775
4110	852
4111	839
4112	742
4113	698
4114	842
4115	784
4116	789
4117	783
4118	732
4119	747
4120	727
4121	680
4122	805
4123	868
4124	843
4125	846
4126	749
4127	852
4128	783
4129	821
4130	778
4131	747
4132	804
4133	814
4134	686
4135	762
4136	816
4137	811
4138	732
4139	789
4140	688
4141	680
4142	726
4143	699
4144	707
4145	794
4146	736
4147	782
4148	717
4149	868
4150	691
4151	813
4152	698
4153	735
4154	728
4155	782
4156	642
4157	664
4158	713
4159	809
4160	776
4161	788
4162	745
4163	812
4164	679
4165	790
4166	630
4167	723
4168	866
4169	805
4170	763
4171	694
4172	649
4173	811
4174	741
4175	732
4176	828
4177	702
4178	730
4179	724
4180	681
4181	682
4182	775
4183	809
4184	754
4185	779
4186	728
4187	785
4188	736
4189	632
4190	705
4191	696
4192	782
4193	709
4194	730
4195	670
4196	611
4197	767
4198	750
4199	656
4200	753
4201	787
4202	653
4203	663
4204	680
4205	731
4206	684
4207	668
4208	695
4209	550
4210	737
4211	702
4212	718
4213	676
4214	763
4215	669
4216	732
4217	700
4218	677
4219	771
4220	705
4221	724
4222	682
4223	746
4224	752
4225	751
4226	877
4227	789
4228	703
4229	682
4230	634
4231	717
4232	648
4233	770
4234	669
4235	746
4236	683
4237	793
4238	701
4239	727
4240	794
4241	697
4242	636
4243	712
4244	772
4245	718
4246	731
4247	634
4248	653
4249	689
4250	779
4251	656
4252	763
4253	630
4254	701
4255	631
4256	705
4257	732
4258	696
4259	750
4260	766
4261	766
4262	647
4263	839
4264	763
4265	638
4266	743
4267	729
4268	721
4269	650
4270	801
4271	823
4272	783
4273	761
4274	697
4275	687
4276	633
4277	769
4278	749
4279	842
4280	822
4281	763
4282	759
4283	746
4284	752
4285	653
4286	676
4287	772
4288	705
4289	667
4290	697
4291	689
4292	642
4293	768
4294	730
4295	765
4296	626
4297	723
4298	686
4299	712
4300	732
4301	752
4302	662
4303	744
4304	685
4305	678
4306	661
4307	757
4308	658
4309	688
4310	684
4311	740
4312	714
4313	747
4314	702
4315	657
4316	699
4317	616
4318	732
4319	707
4320	695
4321	725
4322	589
4323	638
4324	693
4325	599
4326	676
4327	622
4328	719
4329	694
4330	615
4331	682
4332	561
4333	723
4334	659
4335	644
4336	676
4337	644
4338	694
4339	703
4340	578
4341	658
4342	644
4343	742
4344	771
4345	609
4346	581
4347	656
4348	671
4349	641
4350	582
4351	552
4352	639
4353	520
4354	676
4355	607
4356	658
4357	619
4358	602
4359	591
4360	564
4361	643
4362	672
4363	730
4364	718
4365	627
4366	629
4367	597
4368	551
4369	638
4370	603
4371	643
4372	626
4373	653
4374	678
4375	511
4376	500
4377	644
4378	537
4379	614
4380	629
4381	585
4382	600
4383	518
4384	506
4385	575
4386	695
4387	570
4388	646
4389	712
4390	684
4391	696
4392	607
4393	733
4394	630
4395	645
4396	644
4397	718
4398	590
4399	641
4400	579
4401	679
4402	659
4403	594
4404	628
4405	683
4406	622
4407	531
4408	548
4409	666
4410	557
4411	580
4412	597
4413	617
4414	677
4415	598
4416	565
4417	618
4418	587
4419	638
4420	612
4421	618
4422	622
4423	669
4424	642
4425	635
4426	588
4427	620
4428	547
4429	551
4430	577
4431	630
4432	619
4433	537
4434	571
4435	566
4436	573
4437	600
4438	652
4439	549
4440	513
4441	571
4442	584
4443	552
4444	631
4445	657
4446	636
4447	573
4448	725
4449	649
4450	513
4451	632
4452	604
4453	661
4454	623
4455	585
4456	533
4457	606
4458	551
4459	652
4460	592
4461	690
4462	551
4463	653
4464	589
4465	525
4466	610
4467	639
4468	580
4469	627
4470	610
4471	584
4472	604
4473	722
4474	597
4475	593
4476	553
4477	613
4478	676
4479	585
4480	512
4481	544
4482	646
4483	654
4484	581
4485	620
4486	694
4487	602
4488	604
4489	513
4490	533
4491	609
4492	589
4493	651
4494	616
4495	637
4496	506
4497	562
4498	582
4499	631
4500	573
4501	704
4502	693
4503	603
4504	592
4505	553
4506	689
4507	567
4508	579
4509	634
4510	638
4511	596
4512	633
4513	546
4514	625
4515	600
4516	615
4517	549
4518	735
4519	679
4520	594
4521	583
4522	538
4523	618
4524	623
4525	670
4526	549
4527	652
4528	538
4529	652
4530	560
4531	659
4532	631
4533	722
4534	614
4535	621
4536	619
4537	542
4538	578
4539	629
4540	557
4541	577
4542	621
4543	567
4544	609
4545	525
4546	560
4547	504
4548	605
4549	559
4550	651
4551	577
4552	516
4553	543
4554	575
4555	582
4556	537
4557	543
4558	581
4559	621
4560	526
4561	586
4562	460
4563	594
4564	633
4565	671
4566	551
4567	590
4568	577
4569	615
4570	509
4571	575
4572	507
4573	599
4574	539
4575	601
4576	526
4577	596
4578	535
4579	603
4580	509
4581	589
4582	558
4583	530
4584	601
4585	600
4586	624
4587	597
4588	584
4589	570
4590	609
4591	502
4592	596
4593	636
4594	565
4595	566
4596	537
4597	584
4598	597
4599	551
4600	655
4601	530
4602	593
4603	649
4604	628
4605	573
4606	592
4607	586
4608	518
4609	657
4610	537
4611	672
4612	515
4613	673
4614	593
4615	563
4616	612
4617	664
4618	575
4619	666
4620	643
4621	597
4622	597
4623	648
4624	673
4625	605
4626	694
4627	697
4628	603
4629	602
4630	567
4631	606
4632	615
4633	634
4634	709
4635	615
4636	600
4637	760
4638	668
4639	709
4640	694
4641	580
4642	632
4643	652
4644	583
4645	586
4646	602
4647	515
4648	551
4649	584
4650	596
4651	567
4652	661
4653	671
4654	572
4655	587
4656	633
4657	602
4658	516
4659	523
4660	632
4661	547
4662	666
4663	541
4664	579
4665	566
4666	536
4667	646
4668	522
4669	576
4670	616
4671	629
4672	604
4673	471
4674	588
4675	518
4676	600
4677	626
4678	558
4679	623
4680	632
4681	585
4682	669
4683	648
4684	648
4685	605
4686	560
4687	621
4688	645
4689	508
4690	684
4691	520
4692	605
4693	533
4694	551
4695	619
4696	563
4697	596
4698	605
4699	599
4700	569
4701	632
4702	551
4703	633
4704	617
4705	590
4706	537
4707	533
4708	583
4709	555
4710	643
4711	576
4712	531
4713	622
4714	610
4715	647
4716	633
4717	628
4718	603
4719	535
4720	618
4721	653
4722	563
4723	556
4724	504
4725	579
4726	600
4727	576
4728	588
4729	573
4730	491
4731	516
4732	582
4733	578
4734	624
4735	596
4736	640
4737	480
4738	565
4739	536
4740	571
4741	520
4742	625
4743	575
4744	599
4745	610
4746	622
4747	537
4748	632
4749	619
4750	608
4751	657
4752	515
4753	576
4754	648
4755	602
4756	603
4757	624
4758	615
4759	600
4760	600
4761	591
4762	562
4763	654
4764	619
4765	637
4766	530
4767	702
4768	651
4769	607
4770	622
4771	676
4772	703
4773	742
4774	551
4775	611
4776	626
4777	630
4778	492
4779	590
4780	610
4781	715
4782	595
4783	591
4784	573
4785	633
4786	596
4787	589
4788	592
4789	518
4790	656
4791	638
4792	645
4793	556
4794	573
4795	666
4796	639
4797	577
4798	608
4799	521
4800	594
4801	447
4802	621
4803	561
4804	552
4805	550
4806	567
4807	519
4808	581
4809	645
4810	561
4811	658
4812	668
4813	582
4814	621
4815	576
4816	545
4817	638
4818	586
4819	679
4820	645
4821	604
4822	630
4823	673
4824	632
4825	646
4826	715
4827	648
4828	564
4829	625
4830	614
4831	663
4832	560
4833	636
4834	594
4835	567
4836	573
4837	619
4838	588
4839	565
4840	575
4841	559
4842	603
4843	516
4844	581
4845	501
4846	559
4847	565

