## htsjdk.samtools.metrics.StringHeader
# CollectInsertSizeMetrics HISTOGRAM_FILE=/work/ugbogu/pipeline/data/nbl/GSE189367/results/picard/SRR17011009_insert_size_histogram.pdf MINIMUM_PCT=0.5 INPUT=/work/ugbogu/pipeline/data/nbl/GSE189367/results/star/SRR17011009.Aligned.sortedByCoord.out.bam OUTPUT=/work/ugbogu/pipeline/data/nbl/GSE189367/results/picard/SRR17011009_insert_size_metrics.txt    DEVIATIONS=10.0 METRIC_ACCUMULATION_LEVEL=[ALL_READS] INCLUDE_DUPLICATES=false ASSUME_SORTED=true STOP_AFTER=0 VERBOSITY=INFO QUIET=false VALIDATION_STRINGENCY=STRICT COMPRESSION_LEVEL=5 MAX_RECORDS_IN_RAM=500000 CREATE_INDEX=false CREATE_MD5_FILE=false USE_JDK_DEFLATER=false USE_JDK_INFLATER=false
## htsjdk.samtools.metrics.StringHeader
# Started on: Wed Apr 15 05:17:47 UTC 2026

## METRICS CLASS	picard.analysis.InsertSizeMetrics
MEDIAN_INSERT_SIZE	MODE_INSERT_SIZE	MEDIAN_ABSOLUTE_DEVIATION	MIN_INSERT_SIZE	MAX_INSERT_SIZE	MEAN_INSERT_SIZE	STANDARD_DEVIATION	READ_PAIRS	PAIR_ORIENTATION	WIDTH_OF_10_PERCENT	WIDTH_OF_20_PERCENT	WIDTH_OF_30_PERCENT	WIDTH_OF_40_PERCENT	WIDTH_OF_50_PERCENT	WIDTH_OF_60_PERCENT	WIDTH_OF_70_PERCENT	WIDTH_OF_80_PERCENT	WIDTH_OF_90_PERCENT	WIDTH_OF_95_PERCENT	WIDTH_OF_99_PERCENT	SAMPLE	LIBRARY	READ_GROUP
788	124	661	24	2360144	1299.287036	1665.778959	27396131	FR	533	967	1171	1265	1323	1427	3591	8063	23641	84385	154037			

## HISTOGRAM	java.lang.Integer
insert_size	All_Reads.fr_count
24	1
25	2
29	4
30	1
31	6
32	13
33	17
34	22
35	308
36	320
37	378
38	399
39	372
40	467
41	464
42	385
43	474
44	366
45	474
46	504
47	497
48	694
49	702
50	783
51	841
52	782
53	866
54	849
55	927
56	977
57	1134
58	1352
59	1416
60	1494
61	1665
62	1820
63	2006
64	2120
65	2212
66	2658
67	3047
68	3376
69	3479
70	4045
71	5137
72	4629
73	6140
74	6200
75	15398
76	7939
77	7443
78	9446
79	9172
80	9143
81	10691
82	11029
83	12669
84	13223
85	14057
86	15232
87	16404
88	17835
89	18980
90	20833
91	22971
92	25364
93	26461
94	29007
95	31204
96	33255
97	38073
98	40683
99	42914
100	44569
101	46057
102	48140
103	50921
104	55760
105	58370
106	60578
107	64083
108	65659
109	69496
110	70988
111	71711
112	74690
113	76649
114	78367
115	81713
116	84202
117	86624
118	91099
119	88678
120	92044
121	98486
122	96688
123	100923
124	102010
125	97221
126	95528
127	98860
128	96049
129	96315
130	98661
131	98169
132	96404
133	101741
134	99006
135	96686
136	100475
137	96984
138	94611
139	96019
140	95750
141	94406
142	92351
143	93427
144	90701
145	91336
146	88097
147	87966
148	87895
149	86784
150	83538
151	84930
152	82238
153	80684
154	80374
155	79756
156	78334
157	78067
158	75430
159	74631
160	73440
161	71889
162	70448
163	69944
164	68454
165	65964
166	66232
167	65075
168	64381
169	64333
170	63737
171	61024
172	60655
173	59359
174	56856
175	57479
176	56955
177	55012
178	54677
179	53518
180	52185
181	51849
182	51793
183	49934
184	48559
185	48197
186	47595
187	48017
188	47372
189	44877
190	44369
191	44065
192	44121
193	43326
194	41905
195	40772
196	40897
197	41015
198	39354
199	39218
200	38657
201	38499
202	38526
203	38347
204	36711
205	36689
206	35884
207	35355
208	35299
209	34790
210	33824
211	34462
212	34637
213	33792
214	32856
215	32742
216	31301
217	32047
218	30425
219	30648
220	31190
221	30172
222	29813
223	29528
224	29268
225	29029
226	29185
227	28719
228	28089
229	28110
230	28671
231	27513
232	26908
233	27628
234	26822
235	27112
236	26636
237	25377
238	25402
239	25009
240	24827
241	24257
242	24855
243	24267
244	23478
245	24001
246	23158
247	22733
248	23256
249	22608
250	22740
251	22472
252	22487
253	21884
254	21263
255	21139
256	21332
257	21203
258	20835
259	20465
260	20282
261	20245
262	20301
263	20040
264	19283
265	19707
266	19297
267	18909
268	18613
269	18672
270	19117
271	18251
272	18155
273	18138
274	18095
275	17580
276	17725
277	17096
278	17391
279	17102
280	17306
281	17072
282	16745
283	16557
284	16200
285	16212
286	16098
287	15577
288	15878
289	15666
290	15586
291	15208
292	15007
293	14781
294	15066
295	15007
296	15057
297	14832
298	14538
299	14314
300	14139
301	14350
302	13749
303	13532
304	13505
305	13852
306	13434
307	13378
308	13635
309	13379
310	12957
311	13221
312	12968
313	12994
314	12871
315	13064
316	12492
317	12531
318	12349
319	12182
320	12321
321	12343
322	12118
323	12464
324	12071
325	12305
326	11818
327	11660
328	11472
329	11678
330	11303
331	12009
332	11819
333	11543
334	11361
335	11281
336	11499
337	11301
338	11246
339	11165
340	11135
341	11294
342	10811
343	10783
344	10960
345	11058
346	11160
347	10985
348	10900
349	10667
350	10563
351	10633
352	10952
353	10664
354	10530
355	10293
356	10491
357	10599
358	10506
359	10776
360	10403
361	10555
362	10760
363	10164
364	10029
365	9871
366	10195
367	9993
368	10129
369	9934
370	9903
371	9580
372	9792
373	9848
374	9631
375	9557
376	9594
377	9585
378	9386
379	9422
380	9842
381	9176
382	9510
383	9228
384	9290
385	9224
386	9513
387	9486
388	9138
389	9004
390	9029
391	8944
392	9095
393	9279
394	8955
395	9020
396	8973
397	8923
398	8767
399	8815
400	8835
401	9001
402	8821
403	8608
404	8605
405	8432
406	8198
407	8601
408	8279
409	8535
410	8479
411	8222
412	8107
413	8257
414	8281
415	8070
416	7854
417	8355
418	8027
419	7955
420	8037
421	7763
422	7641
423	8003
424	8056
425	8064
426	7760
427	7840
428	7902
429	8022
430	7637
431	7454
432	7857
433	7837
434	7747
435	7805
436	7491
437	7768
438	7608
439	7768
440	7543
441	7845
442	7646
443	7614
444	7768
445	7541
446	7454
447	7818
448	7561
449	7423
450	7279
451	7469
452	7570
453	7725
454	7933
455	7315
456	7250
457	6992
458	7267
459	7181
460	7183
461	7120
462	7259
463	7225
464	7102
465	7028
466	7236
467	6973
468	7041
469	6922
470	6956
471	6879
472	6842
473	6900
474	6874
475	6690
476	6863
477	6727
478	6864
479	6715
480	6526
481	6579
482	6582
483	6834
484	6508
485	6810
486	6484
487	6708
488	6617
489	6687
490	6573
491	6524
492	6781
493	6626
494	6455
495	6565
496	6464
497	6415
498	6529
499	6851
500	6771
501	6474
502	6329
503	6702
504	6477
505	6637
506	6204
507	6814
508	6624
509	6913
510	6557
511	6488
512	6552
513	6655
514	6764
515	6277
516	6889
517	6700
518	6680
519	6715
520	6915
521	6616
522	6677
523	6537
524	6452
525	6502
526	6381
527	6458
528	6582
529	6351
530	6699
531	6464
532	6588
533	6526
534	6406
535	6608
536	6658
537	6755
538	6661
539	6506
540	6696
541	6561
542	6719
543	6792
544	6726
545	6603
546	6605
547	6463
548	6269
549	6476
550	6599
551	6530
552	6666
553	6460
554	6317
555	6574
556	6522
557	6363
558	6518
559	6291
560	6333
561	6450
562	6574
563	6651
564	6524
565	6337
566	6262
567	6500
568	6401
569	6500
570	6476
571	6525
572	6317
573	6632
574	6470
575	6367
576	6436
577	6514
578	6350
579	6434
580	6394
581	6355
582	6240
583	6597
584	6256
585	6524
586	6527
587	6310
588	6337
589	6255
590	6266
591	6080
592	6496
593	6110
594	6161
595	6317
596	6154
597	6503
598	6242
599	6051
600	6075
601	6118
602	6084
603	5971
604	6077
605	6148
606	5943
607	6057
608	5993
609	5951
610	5825
611	5995
612	5696
613	5723
614	6100
615	5979
616	6129
617	5979
618	6109
619	5828
620	5867
621	5897
622	5728
623	5702
624	5872
625	6063
626	5913
627	5903
628	5968
629	5677
630	5563
631	5715
632	5843
633	5958
634	6126
635	5953
636	6016
637	5784
638	5934
639	5756
640	5820
641	5553
642	5929
643	5664
644	5694
645	5792
646	5711
647	5852
648	5761
649	6027
650	5461
651	5648
652	5739
653	5652
654	5682
655	5482
656	5735
657	5693
658	5812
659	6086
660	6042
661	5869
662	5768
663	5735
664	5554
665	5618
666	5582
667	5498
668	5671
669	5977
670	5752
671	5699
672	5565
673	5490
674	5489
675	5304
676	5687
677	5588
678	5645
679	5425
680	5728
681	5596
682	5757
683	5553
684	5720
685	5638
686	5479
687	5447
688	5459
689	5291
690	5397
691	5727
692	5555
693	5910
694	5683
695	5532
696	5651
697	5385
698	5724
699	5715
700	5667
701	5709
702	5613
703	5539
704	5323
705	5532
706	5528
707	5495
708	5670
709	5419
710	5613
711	5535
712	5558
713	5459
714	5774
715	5534
716	5598
717	5435
718	5186
719	5392
720	5254
721	5547
722	5409
723	5649
724	5492
725	5628
726	5401
727	5603
728	5443
729	5626
730	5493
731	5695
732	5479
733	5388
734	5442
735	5534
736	5658
737	5466
738	5471
739	5144
740	5398
741	5252
742	5227
743	5364
744	5332
745	5362
746	5169
747	5156
748	5255
749	5259
750	5309
751	5566
752	5218
753	5282
754	5407
755	5329
756	5263
757	5313
758	5124
759	5310
760	5108
761	5468
762	5062
763	5095
764	5270
765	5151
766	5298
767	5247
768	5194
769	5226
770	5169
771	5230
772	5121
773	5206
774	5131
775	5017
776	5063
777	5125
778	5261
779	5145
780	5179
781	4991
782	5023
783	5033
784	5239
785	5095
786	5155
787	5197
788	4959
789	5147
790	5018
791	4991
792	5025
793	5101
794	5295
795	5096
796	5158
797	4972
798	5013
799	5031
800	4914
801	5027
802	4988
803	5106
804	5078
805	5140
806	5129
807	5009
808	4900
809	4847
810	5016
811	4854
812	4854
813	4942
814	4846
815	5004
816	5264
817	5071
818	4615
819	4806
820	4826
821	4810
822	4954
823	4798
824	4750
825	4662
826	4784
827	4794
828	4916
829	4903
830	5007
831	4806
832	4818
833	4846
834	4765
835	4768
836	4977
837	4836
838	4748
839	4858
840	4516
841	4642
842	4667
843	4705
844	4861
845	4744
846	4877
847	4592
848	4738
849	4537
850	4668
851	4675
852	4757
853	4622
854	4673
855	4708
856	4555
857	4644
858	4396
859	4486
860	4804
861	4537
862	4745
863	4527
864	4711
865	4447
866	4432
867	4502
868	4501
869	4438
870	4517
871	4494
872	4439
873	4500
874	4391
875	4439
876	4898
877	4578
878	4565
879	4420
880	4473
881	4248
882	4667
883	4433
884	4477
885	4681
886	4384
887	4801
888	4562
889	4459
890	4619
891	4416
892	4558
893	4443
894	4608
895	4495
896	4470
897	4588
898	4527
899	4597
900	4451
901	4410
902	4384
903	4509
904	4461
905	4366
906	4467
907	4532
908	4472
909	4364
910	4486
911	4746
912	4520
913	4523
914	4635
915	4434
916	4202
917	4542
918	4378
919	4728
920	4532
921	4388
922	4619
923	4607
924	4661
925	4449
926	4447
927	4482
928	4701
929	4534
930	4513
931	4447
932	4594
933	4462
934	4426
935	4614
936	4616
937	4438
938	4572
939	4575
940	4672
941	4583
942	4415
943	4568
944	4437
945	4444
946	4399
947	4217
948	4462
949	4373
950	4541
951	4193
952	4339
953	4321
954	4372
955	4232
956	4222
957	4182
958	4141
959	4360
960	4341
961	4352
962	4319
963	4441
964	4313
965	4368
966	4653
967	4289
968	4219
969	4357
970	4284
971	4002
972	4318
973	4414
974	4361
975	4514
976	4357
977	4321
978	4316
979	4286
980	4206
981	4102
982	4259
983	4202
984	4205
985	4217
986	4210
987	4338
988	4230
989	4249
990	4259
991	4297
992	4264
993	4060
994	4246
995	4218
996	4201
997	3953
998	4214
999	4287
1000	4083
1001	4229
1002	4129
1003	3956
1004	3979
1005	4044
1006	4065
1007	4115
1008	4064
1009	4167
1010	3992
1011	4108
1012	4178
1013	4141
1014	4587
1015	4180
1016	3937
1017	4143
1018	4296
1019	4145
1020	3969
1021	4012
1022	3960
1023	3999
1024	3886
1025	4265
1026	4146
1027	4101
1028	3931
1029	3991
1030	3888
1031	3855
1032	3934
1033	3830
1034	3929
1035	4058
1036	4068
1037	3894
1038	3986
1039	3846
1040	3907
1041	4023
1042	3890
1043	4007
1044	3924
1045	4010
1046	3901
1047	4028
1048	3910
1049	3925
1050	3859
1051	3904
1052	3993
1053	4068
1054	3778
1055	3997
1056	4027
1057	4171
1058	4086
1059	3822
1060	3875
1061	3718
1062	3984
1063	3839
1064	3854
1065	3643
1066	3901
1067	3830
1068	3860
1069	3614
1070	3856
1071	3892
1072	3791
1073	3881
1074	3925
1075	3627
1076	3878
1077	3777
1078	3977
1079	3782
1080	3790
1081	3758
1082	3790
1083	3964
1084	3788
1085	3801
1086	3768
1087	3828
1088	3763
1089	3804
1090	3821
1091	3771
1092	3722
1093	3832
1094	3851
1095	4028
1096	3749
1097	3702
1098	3767
1099	3891
1100	3777
1101	3703
1102	3907
1103	3760
1104	3767
1105	3675
1106	3687
1107	3769
1108	3603
1109	3747
1110	3952
1111	3751
1112	3833
1113	3819
1114	3798
1115	3962
1116	3705
1117	3705
1118	3641
1119	3701
1120	3768
1121	3682
1122	3866
1123	3625
1124	3867
1125	3824
1126	3757
1127	3578
1128	3701
1129	4068
1130	3931
1131	3729
1132	3716
1133	3736
1134	3847
1135	3745
1136	3869
1137	3673
1138	3820
1139	3611
1140	3631
1141	3839
1142	3848
1143	3937
1144	3979
1145	3913
1146	3937
1147	3681
1148	3917
1149	3719
1150	3651
1151	3845
1152	3762
1153	3788
1154	3707
1155	3848
1156	3778
1157	3856
1158	3820
1159	3962
1160	3951
1161	3886
1162	3802
1163	3810
1164	4016
1165	3789
1166	3963
1167	3977
1168	3678
1169	3838
1170	3629
1171	3790
1172	3804
1173	3862
1174	3899
1175	3635
1176	3786
1177	3796
1178	3709
1179	3860
1180	3750
1181	3770
1182	3799
1183	3764
1184	3865
1185	3840
1186	3919
1187	3841
1188	3761
1189	3853
1190	3756
1191	3717
1192	3918
1193	3779
1194	3885
1195	3802
1196	3897
1197	3801
1198	3882
1199	3898
1200	3761
1201	3788
1202	3783
1203	3860
1204	3905
1205	4152
1206	3840
1207	3873
1208	3887
1209	3850
1210	3753
1211	3954
1212	3963
1213	3697
1214	3910
1215	3850
1216	3900
1217	3742
1218	3973
1219	3864
1220	3907
1221	4059
1222	3784
1223	3881
1224	4023
1225	3948
1226	3998
1227	4065
1228	3897
1229	4050
1230	4121
1231	3844
1232	3922
1233	3766
1234	4079
1235	4143
1236	3953
1237	3969
1238	3996
1239	3898
1240	3867
1241	3963
1242	3869
1243	3689
1244	3875
1245	3808
1246	3826
1247	3886
1248	3914
1249	3868
1250	3780
1251	4023
1252	3903
1253	3895
1254	3966
1255	4087
1256	3993
1257	4056
1258	3815
1259	3979
1260	4021
1261	4025
1262	3842
1263	3962
1264	4008
1265	4069
1266	4027
1267	4194
1268	3905
1269	3863
1270	3795
1271	3861
1272	3819
1273	3714
1274	3863
1275	3952
1276	3713
1277	3770
1278	3718
1279	3974
1280	3695
1281	3739
1282	3619
1283	3688
1284	3606
1285	3817
1286	3723
1287	3533
1288	3497
1289	3726
1290	3626
1291	3757
1292	3724
1293	3777
1294	3546
1295	3616
1296	3681
1297	3765
1298	3642
1299	3867
1300	3496
1301	3848
1302	3722
1303	4026
1304	3912
1305	3890
1306	3967
1307	3835
1308	4028
1309	3965
1310	3920
1311	3982
1312	3896
1313	4189
1314	5295
1315	4850
1316	4289
1317	4119
1318	4148
1319	4372
1320	3932
1321	3948
1322	4446
1323	3969
1324	4950
1325	6222
1326	5440
1327	4577
1328	4613
1329	4271
1330	3645
1331	3968
1332	4330
1333	4109
1334	4452
1335	4862
1336	3928
1337	4285
1338	4282
1339	3813
1340	4041
1341	3717
1342	3669
1343	4139
1344	3510
1345	3729
1346	3633
1347	3443
1348	3498
1349	3470
1350	3277
1351	3525
1352	3392
1353	3351
1354	3298
1355	3323
1356	3434
1357	3275
1358	3248
1359	3493
1360	3352
1361	3352
1362	3332
1363	3292
1364	3151
1365	3128
1366	3167
1367	3147
1368	3303
1369	3233
1370	3322
1371	3144
1372	3201
1373	3143
1374	3249
1375	3166
1376	3282
1377	3302
1378	3323
1379	3261
1380	3252
1381	3237
1382	3205
1383	3293
1384	3209
1385	3289
1386	3154
1387	3423
1388	3336
1389	3064
1390	3170
1391	3163
1392	3176
1393	3091
1394	3010
1395	3051
1396	3195
1397	3245
1398	3153
1399	3169
1400	3016
1401	3104
1402	3036
1403	3067
1404	3214
1405	2962
1406	2938
1407	3096
1408	3120
1409	3081
1410	2852
1411	3033
1412	3131
1413	2959
1414	3024
1415	3030
1416	3221
1417	3118
1418	3032
1419	3176
1420	3005
1421	3183
1422	2948
1423	3076
1424	3053
1425	3153
1426	3207
1427	3236
1428	3007
1429	3337
1430	3163
1431	3151
1432	3058
1433	3023
1434	3165
1435	3190
1436	2949
1437	3148
1438	3019
1439	2986
1440	3180
1441	3124
1442	3231
1443	3083
1444	3238
1445	3186
1446	3113
1447	3139
1448	2945
1449	3061
1450	3006
1451	3073
1452	3019
1453	3011
1454	3005
1455	3029
1456	2904
1457	3172
1458	3146
1459	3139
1460	3112
1461	3152
1462	2992
1463	2990
1464	2993
1465	2980
1466	2959
1467	2978
1468	3186
1469	3223
1470	3066
1471	2987
1472	3240
1473	3143
1474	3134
1475	3263
1476	3106
1477	3172
1478	3187
1479	2981
1480	3091
1481	3169
1482	3065
1483	3153
1484	3171
1485	3178
1486	3260
1487	3102
1488	3260
1489	3231
1490	3299
1491	3241
1492	3306
1493	3365
1494	3232
1495	3323
1496	3104
1497	3322
1498	3255
1499	3317
1500	3371
1501	3499
1502	3131
1503	3371
1504	3320
1505	3231
1506	3258
1507	3330
1508	3206
1509	3118
1510	3427
1511	3353
1512	3284
1513	3321
1514	3213
1515	3167
1516	3323
1517	3227
1518	3183
1519	3385
1520	3293
1521	3334
1522	3228
1523	3349
1524	3385
1525	3339
1526	3468
1527	3147
1528	3252
1529	3237
1530	3216
1531	3261
1532	3329
1533	3280
1534	3303
1535	3344
1536	3188
1537	3300
1538	3229
1539	3103
1540	3206
1541	3424
1542	3180
1543	3198
1544	3255
1545	3198
1546	3306
1547	3386
1548	3382
1549	3199
1550	3300
1551	3358
1552	3391
1553	3434
1554	3483
1555	3388
1556	3751
1557	3377
1558	3349
1559	3204
1560	3175
1561	3337
1562	3446
1563	3390
1564	3212
1565	3193
1566	3189
1567	3448
1568	3436
1569	3282
1570	3332
1571	3283
1572	3339
1573	3415
1574	3412
1575	3472
1576	3101
1577	3033
1578	3075
1579	3134
1580	3101
1581	3271
1582	3273
1583	3283
1584	3262
1585	3344
1586	3193
1587	3306
1588	3108
1589	3027
1590	2884
1591	3213
1592	3184
1593	3267
1594	3148
1595	3123
1596	2979
1597	3203
1598	3245
1599	3154
1600	3168
1601	3427
1602	3246
1603	3273
1604	3151
1605	3230
1606	3061
1607	3146
1608	3010
1609	3163
1610	3132
1611	3047
1612	3177
1613	2930
1614	3090
1615	2839
1616	2996
1617	2989
1618	3036
1619	3070
1620	3241
1621	3269
1622	3128
1623	2959
1624	3006
1625	3249
1626	3196
1627	3035
1628	3046
1629	3101
1630	2983
1631	2831
1632	2958
1633	3004
1634	3072
1635	2987
1636	3096
1637	2983
1638	2839
1639	3110
1640	2979
1641	2991
1642	3042
1643	2907
1644	3002
1645	3066
1646	2947
1647	2818
1648	2858
1649	3040
1650	3024
1651	3105
1652	3033
1653	3095
1654	2926
1655	2835
1656	3013
1657	2867
1658	3027
1659	3016
1660	3177
1661	2976
1662	2913
1663	3078
1664	3015
1665	3130
1666	3008
1667	3048
1668	3058
1669	3317
1670	3413
1671	3145
1672	3245
1673	3177
1674	3003
1675	3071
1676	3039
1677	3170
1678	3228
1679	3099
1680	3187
1681	3135
1682	3081
1683	3132
1684	2937
1685	3063
1686	2998
1687	3192
1688	3240
1689	2845
1690	3078
1691	3099
1692	3115
1693	3229
1694	3139
1695	2994
1696	3046
1697	3056
1698	3117
1699	3018
1700	2831
1701	3010
1702	3043
1703	2920
1704	3063
1705	3063
1706	3044
1707	3070
1708	2888
1709	3156
1710	3445
1711	3042
1712	3212
1713	3188
1714	3066
1715	3031
1716	3172
1717	3072
1718	3199
1719	3087
1720	2982
1721	3189
1722	3200
1723	3035
1724	3053
1725	3034
1726	3144
1727	3245
1728	3199
1729	3086
1730	3196
1731	3103
1732	3098
1733	3187
1734	3183
1735	3102
1736	3219
1737	3115
1738	2993
1739	3134
1740	2993
1741	3061
1742	2956
1743	3000
1744	2955
1745	3116
1746	2969
1747	3075
1748	3145
1749	3322
1750	3096
1751	2938
1752	3122
1753	3129
1754	3207
1755	3101
1756	2861
1757	2959
1758	3162
1759	3052
1760	3210
1761	2902
1762	2869
1763	2946
1764	2943
1765	2789
1766	2814
1767	2919
1768	2877
1769	2951
1770	2939
1771	2891
1772	2884
1773	2932
1774	2774
1775	2873
1776	2951
1777	2913
1778	2679
1779	2687
1780	2579
1781	2611
1782	2783
1783	2669
1784	2635
1785	2721
1786	2665
1787	2703
1788	2591
1789	2794
1790	2640
1791	2630
1792	2552
1793	2593
1794	2572
1795	2569
1796	2507
1797	2603
1798	2544
1799	2640
1800	2562
1801	2444
1802	2532
1803	2552
1804	2530
1805	2433
1806	2508
1807	2524
1808	2501
1809	2600
1810	2544
1811	2563
1812	2482
1813	2442
1814	2482
1815	2313
1816	2317
1817	2410
1818	2471
1819	2485
1820	2628
1821	2505
1822	2501
1823	2329
1824	2532
1825	2516
1826	2561
1827	2396
1828	2370
1829	2379
1830	2350
1831	2430
1832	2384
1833	2277
1834	2445
1835	2410
1836	2380
1837	2320
1838	2411
1839	2353
1840	2408
1841	2430
1842	2399
1843	2225
1844	2310
1845	2369
1846	2361
1847	2311
1848	2197
1849	2311
1850	2405
1851	2476
1852	2353
1853	2503
1854	2582
1855	2375
1856	2521
1857	2451
1858	2468
1859	2514
1860	2360
1861	2683
1862	2512
1863	2540
1864	2509
1865	2509
1866	2313
1867	2410
1868	2335
1869	2495
1870	2447
1871	2438
1872	2537
1873	2457
1874	2452
1875	2504
1876	2458
1877	2329
1878	2303
1879	2424
1880	2456
1881	2445
1882	2514
1883	2491
1884	2468
1885	2473
1886	2346
1887	2423
1888	2326
1889	2398
1890	2454
1891	2400
1892	2535
1893	2564
1894	2442
1895	2552
1896	2575
1897	2578
1898	2492
1899	2430
1900	2525
1901	2480
1902	2516
1903	2419
1904	2563
1905	2518
1906	2470
1907	2494
1908	2576
1909	2550
1910	2411
1911	2634
1912	2487
1913	2458
1914	2753
1915	2451
1916	2719
1917	2595
1918	2562
1919	2545
1920	2554
1921	2557
1922	2501
1923	2580
1924	2482
1925	2565
1926	2508
1927	2504
1928	2512
1929	2524
1930	2451
1931	2618
1932	2584
1933	2653
1934	2431
1935	2652
1936	2602
1937	2653
1938	2620
1939	2508
1940	2609
1941	2490
1942	2527
1943	2572
1944	2462
1945	2528
1946	2477
1947	2628
1948	2656
1949	2404
1950	2690
1951	2627
1952	2657
1953	2691
1954	2569
1955	2371
1956	2576
1957	2651
1958	2571
1959	2592
1960	2513
1961	2655
1962	2606
1963	2724
1964	2653
1965	2584
1966	2486
1967	2654
1968	2655
1969	2657
1970	2618
1971	2539
1972	2514
1973	2653
1974	2752
1975	2382
1976	2582
1977	2665
1978	2629
1979	2583
1980	2701
1981	2643
1982	2613
1983	2689
1984	2686
1985	2561
1986	2548
1987	2686
1988	2547
1989	2665
1990	2794
1991	2706
1992	3033
1993	2654
1994	2824
1995	2627
1996	2705
1997	2632
1998	2789
1999	2694
2000	2747
2001	2646
2002	2870
2003	2707
2004	2651
2005	2715
2006	2591
2007	2608
2008	2829
2009	2875
2010	2705
2011	2640
2012	2784
2013	2840
2014	2763
2015	2718
2016	2777
2017	2851
2018	2826
2019	2870
2020	2875
2021	2802
2022	2777
2023	2758
2024	2865
2025	2636
2026	2600
2027	2760
2028	2785
2029	2715
2030	2654
2031	2730
2032	2680
2033	2722
2034	2647
2035	2625
2036	2801
2037	2602
2038	2687
2039	2703
2040	2800
2041	2738
2042	2538
2043	2709
2044	2658
2045	2613
2046	2531
2047	2506
2048	2753
2049	2543
2050	2618
2051	2757
2052	2545
2053	2605
2054	2735
2055	2726
2056	2765
2057	2535
2058	2641
2059	2607
2060	2705
2061	2634
2062	2634
2063	2508
2064	2629
2065	2500
2066	2591
2067	2487
2068	2567
2069	2616
2070	2570
2071	2554
2072	2451
2073	2543
2074	2499
2075	2454
2076	2547
2077	2586
2078	2569
2079	2505
2080	2488
2081	2508
2082	2434
2083	2438
2084	2527
2085	2421
2086	2460
2087	2400
2088	2355
2089	2439
2090	2479
2091	2462
2092	2471
2093	2309
2094	2389
2095	2413
2096	2433
2097	2421
2098	2482
2099	2395
2100	2338
2101	2428
2102	2496
2103	2384
2104	2373
2105	2192
2106	2325
2107	2499
2108	2450
2109	2475
2110	2388
2111	2324
2112	2240
2113	2295
2114	2216
2115	2231
2116	2209
2117	2297
2118	2282
2119	2278
2120	2424
2121	2282
2122	2381
2123	2400
2124	2240
2125	2239
2126	2319
2127	2287
2128	2436
2129	2347
2130	2288
2131	2194
2132	2359
2133	2248
2134	2311
2135	2245
2136	2254
2137	2224
2138	2089
2139	2196
2140	2353
2141	2118
2142	2293
2143	2322
2144	2329
2145	2119
2146	2396
2147	2115
2148	2210
2149	2102
2150	2135
2151	2315
2152	2361
2153	2225
2154	2204
2155	2065
2156	2180
2157	2208
2158	2266
2159	2374
2160	2207
2161	2132
2162	2051
2163	2158
2164	1991
2165	2247
2166	2321
2167	2218
2168	2255
2169	2241
2170	2286
2171	2283
2172	2173
2173	2013
2174	2158
2175	2182
2176	2222
2177	2293
2178	2135
2179	2022
2180	2110
2181	2205
2182	2120
2183	2222
2184	2268
2185	2320
2186	2208
2187	2172
2188	2120
2189	2222
2190	2149
2191	2197
2192	2215
2193	2083
2194	2199
2195	2221
2196	2166
2197	2291
2198	2224
2199	2156
2200	2340
2201	2373
2202	2372
2203	2184
2204	2220
2205	2232
2206	2190
2207	2149
2208	2306
2209	2190
2210	2333
2211	2255
2212	2212
2213	2225
2214	2021
2215	2114
2216	2050
2217	2069
2218	2247
2219	2188
2220	2204
2221	2319
2222	2192
2223	2008
2224	2203
2225	2215
2226	2193
2227	2125
2228	2181
2229	2055
2230	2156
2231	2145
2232	2252
2233	2119
2234	2393
2235	2254
2236	2357
2237	2368
2238	2228
2239	2180
2240	2095
2241	2345
2242	2324
2243	2337
2244	2172
2245	2185
2246	2164
2247	2205
2248	2227
2249	2197
2250	2190
2251	2231
2252	2199
2253	2282
2254	2389
2255	2347
2256	2255
2257	2355
2258	2370
2259	2490
2260	2223
2261	2167
2262	2226
2263	2271
2264	2239
2265	2186
2266	2236
2267	2240
2268	2136
2269	2295
2270	2195
2271	2223
2272	2214
2273	2267
2274	2164
2275	2108
2276	2157
2277	2247
2278	2245
2279	2112
2280	2083
2281	2154
2282	1981
2283	2042
2284	2044
2285	2117
2286	2083
2287	2131
2288	2144
2289	2119
2290	2068
2291	2013
2292	2005
2293	2000
2294	2043
2295	2137
2296	2108
2297	2142
2298	2074
2299	2060
2300	2089
2301	2071
2302	2151
2303	2058
2304	2083
2305	2149
2306	1982
2307	2138
2308	2035
2309	2262
2310	2102
2311	2088
2312	2142
2313	2086
2314	2132
2315	2032
2316	2062
2317	2120
2318	2129
2319	2149
2320	2265
2321	2155
2322	2159
2323	2087
2324	2037
2325	2143
2326	2094
2327	2186
2328	2141
2329	2098
2330	2033
2331	2017
2332	2024
2333	2000
2334	2035
2335	2110
2336	1932
2337	2162
2338	2122
2339	2028
2340	1963
2341	2070
2342	2093
2343	2152
2344	1966
2345	1943
2346	2051
2347	2026
2348	2111
2349	2179
2350	2123
2351	1933
2352	1964
2353	2071
2354	2078
2355	2132
2356	2083
2357	2035
2358	1934
2359	2018
2360	2120
2361	2012
2362	1978
2363	2062
2364	1974
2365	2087
2366	2032
2367	1909
2368	2038
2369	2020
2370	2076
2371	2007
2372	1910
2373	1966
2374	1936
2375	1920
2376	1980
2377	1915
2378	2013
2379	2011
2380	1982
2381	2030
2382	2039
2383	2075
2384	1971
2385	1868
2386	1869
2387	1853
2388	1815
2389	1942
2390	1941
2391	1987
2392	1842
2393	1914
2394	1851
2395	1772
2396	1789
2397	1836
2398	2012
2399	1883
2400	1792
2401	1924
2402	1703
2403	1723
2404	1924
2405	1928
2406	2016
2407	1814
2408	1795
2409	1835
2410	1804
2411	1841
2412	1855
2413	1808
2414	1744
2415	1795
2416	1730
2417	1682
2418	1832
2419	1837
2420	1734
2421	1666
2422	1886
2423	1757
2424	1730
2425	1738
2426	1780
2427	1774
2428	1823
2429	1791
2430	1747
2431	1825
2432	1729
2433	1666
2434	1721
2435	1694
2436	1662
2437	1773
2438	1704
2439	1626
2440	1723
2441	1789
2442	1851
2443	1761
2444	1826
2445	1665
2446	1719
2447	1716
2448	1739
2449	1628
2450	1731
2451	1703
2452	1843
2453	1792
2454	1820
2455	1817
2456	1740
2457	1743
2458	1800
2459	1742
2460	1767
2461	1770
2462	1695
2463	1690
2464	1847
2465	1619
2466	1718
2467	1745
2468	1736
2469	1787
2470	1696
2471	1714
2472	1716
2473	1748
2474	1702
2475	1746
2476	1665
2477	1842
2478	1634
2479	1685
2480	1644
2481	1819
2482	1702
2483	1787
2484	1825
2485	1765
2486	1744
2487	1836
2488	1730
2489	1758
2490	1721
2491	1791
2492	1877
2493	1781
2494	1805
2495	1894
2496	1828
2497	1777
2498	1820
2499	1770
2500	1720
2501	1661
2502	1825
2503	1834
2504	1839
2505	1915
2506	1771
2507	1869
2508	1787
2509	1801
2510	1847
2511	1780
2512	1801
2513	1803
2514	1816
2515	1783
2516	1809
2517	1643
2518	1794
2519	1829
2520	1809
2521	1882
2522	1727
2523	1788
2524	1829
2525	1815
2526	1852
2527	1871
2528	1955
2529	1779
2530	1748
2531	1783
2532	1783
2533	1810
2534	1839
2535	1703
2536	1703
2537	1708
2538	1683
2539	1788
2540	1700
2541	1834
2542	1786
2543	1821
2544	1729
2545	1736
2546	1754
2547	1760
2548	1778
2549	1804
2550	1802
2551	1762
2552	1793
2553	1759
2554	1868
2555	1710
2556	1754
2557	1903
2558	1770
2559	1779
2560	1801
2561	1780
2562	1787
2563	1777
2564	1855
2565	1727
2566	1955
2567	1722
2568	1859
2569	1792
2570	1650
2571	1857
2572	1870
2573	1731
2574	1724
2575	1802
2576	1933
2577	1741
2578	1791
2579	1831
2580	1752
2581	1729
2582	1683
2583	1845
2584	1860
2585	1799
2586	1720
2587	1684
2588	1761
2589	1730
2590	1633
2591	1680
2592	1729
2593	1810
2594	1711
2595	1680
2596	1724
2597	1586
2598	1709
2599	1644
2600	1712
2601	1748
2602	1712
2603	1748
2604	1754
2605	1740
2606	1686
2607	1648
2608	1710
2609	1689
2610	1781
2611	1724
2612	1689
2613	1728
2614	1605
2615	1624
2616	1640
2617	1683
2618	1785
2619	1717
2620	1609
2621	1745
2622	1842
2623	1734
2624	1667
2625	1837
2626	1748
2627	1660
2628	1605
2629	1621
2630	1732
2631	1872
2632	1747
2633	1711
2634	1632
2635	1816
2636	1760
2637	1968
2638	1817
2639	1944
2640	1885
2641	1962
2642	1801
2643	1941
2644	1814
2645	1905
2646	1800
2647	1758
2648	1773
2649	1725
2650	1751
2651	1852
2652	2231
2653	1957
2654	2076
2655	1792
2656	1813
2657	1758
2658	1764
2659	1648
2660	1686
2661	1796
2662	1695
2663	1733
2664	1823
2665	1696
2666	1655
2667	1821
2668	1834
2669	1983
2670	1733
2671	1800
2672	1774
2673	1677
2674	1679
2675	1961
2676	1727
2677	1749
2678	2093
2679	2707
2680	2021
2681	1764
2682	1882
2683	1874
2684	1979
2685	1833
2686	1947
2687	1833
2688	1768
2689	1815
2690	1822
2691	1756
2692	1643
2693	1839
2694	1775
2695	1694
2696	1844
2697	1766
2698	1729
2699	1773
2700	1742
2701	1841
2702	1902
2703	1789
2704	1912
2705	1790
2706	1684
2707	1750
2708	1765
2709	1860
2710	1795
2711	1828
2712	1772
2713	1753
2714	1688
2715	1766
2716	1764
2717	1667
2718	1852
2719	1914
2720	1827
2721	1882
2722	1873
2723	1818
2724	1752
2725	1554
2726	1604
2727	1647
2728	1669
2729	1758
2730	1717
2731	1788
2732	1720
2733	1666
2734	1827
2735	1636
2736	1662
2737	1701
2738	1675
2739	1687
2740	1750
2741	1670
2742	1718
2743	1584
2744	1569
2745	1712
2746	1642
2747	1662
2748	1571
2749	1621
2750	1608
2751	1684
2752	1747
2753	1707
2754	1630
2755	1558
2756	1575
2757	1671
2758	1551
2759	1644
2760	1664
2761	1683
2762	1661
2763	1705
2764	1733
2765	1567
2766	1710
2767	1740
2768	1613
2769	1731
2770	1658
2771	1667
2772	1651
2773	1636
2774	1571
2775	1662
2776	1688
2777	1599
2778	1502
2779	1627
2780	1536
2781	1518
2782	1576
2783	1450
2784	1723
2785	1497
2786	1525
2787	1584
2788	1418
2789	1700
2790	1470
2791	1584
2792	1484
2793	1418
2794	1470
2795	1533
2796	1472
2797	1428
2798	1454
2799	1518
2800	1623
2801	1522
2802	1629
2803	1495
2804	1493
2805	1575
2806	1536
2807	1591
2808	1638
2809	1630
2810	1525
2811	1540
2812	1522
2813	1568
2814	1631
2815	1508
2816	1543
2817	1598
2818	1601
2819	1600
2820	1553
2821	1601
2822	1548
2823	1572
2824	1384
2825	1534
2826	1490
2827	1627
2828	1433
2829	1608
2830	1542
2831	1483
2832	1459
2833	1478
2834	1474
2835	1595
2836	1378
2837	1480
2838	1431
2839	1488
2840	1567
2841	1492
2842	1551
2843	1436
2844	1453
2845	1569
2846	1537
2847	1585
2848	1541
2849	1473
2850	1494
2851	1512
2852	1407
2853	1525
2854	1520
2855	1496
2856	1555
2857	1499
2858	1503
2859	1504
2860	1509
2861	1594
2862	1532
2863	1646
2864	1563
2865	1568
2866	1558
2867	1613
2868	1615
2869	1495
2870	1475
2871	1446
2872	1596
2873	1409
2874	1595
2875	1549
2876	1450
2877	1547
2878	1449
2879	1575
2880	1530
2881	1454
2882	1524
2883	1588
2884	1459
2885	1449
2886	1562
2887	1617
2888	1526
2889	1439
2890	1552
2891	1516
2892	1593
2893	1524
2894	1506
2895	1414
2896	1343
2897	1443
2898	1417
2899	1515
2900	1354
2901	1432
2902	1498
2903	1560
2904	1536
2905	1472
2906	1465
2907	1442
2908	1484
2909	1485
2910	1470
2911	1548
2912	1500
2913	1408
2914	1523
2915	1452
2916	1534
2917	1448
2918	1397
2919	1389
2920	1517
2921	1396
2922	1433
2923	1449
2924	1410
2925	1462
2926	1500
2927	1476
2928	1399
2929	1485
2930	1463
2931	1523
2932	1527
2933	1544
2934	1480
2935	1591
2936	1543
2937	1445
2938	1506
2939	1458
2940	1541
2941	1396
2942	1551
2943	1622
2944	1501
2945	1399
2946	1515
2947	1476
2948	1536
2949	1524
2950	1476
2951	1507
2952	1553
2953	1485
2954	1445
2955	1456
2956	1576
2957	1569
2958	1465
2959	1500
2960	1400
2961	1524
2962	1491
2963	1506
2964	1659
2965	1538
2966	1491
2967	1444
2968	1505
2969	1560
2970	1574
2971	1542
2972	1525
2973	1539
2974	1550
2975	1610
2976	1522
2977	1503
2978	1485
2979	1549
2980	1602
2981	1632
2982	1513
2983	1549
2984	1543
2985	1511
2986	1475
2987	1563
2988	1615
2989	1708
2990	1593
2991	1585
2992	1519
2993	1505
2994	1534
2995	1507
2996	1433
2997	1494
2998	1542
2999	1587
3000	1522
3001	1546
3002	1555
3003	1671
3004	1604
3005	1601
3006	1631
3007	1624
3008	1579
3009	1541
3010	1602
3011	1632
3012	1598
3013	1525
3014	1531
3015	1555
3016	1497
3017	1560
3018	1524
3019	1549
3020	1649
3021	1504
3022	1536
3023	1529
3024	1518
3025	1520
3026	1594
3027	1461
3028	1479
3029	1537
3030	1419
3031	1643
3032	1504
3033	1458
3034	1520
3035	1545
3036	1484
3037	1512
3038	1530
3039	1588
3040	1479
3041	1506
3042	1534
3043	1499
3044	1528
3045	1469
3046	1575
3047	1491
3048	1510
3049	1567
3050	1474
3051	1463
3052	1469
3053	1705
3054	1686
3055	1701
3056	1539
3057	1635
3058	1621
3059	1497
3060	1581
3061	1624
3062	1695
3063	1518
3064	1549
3065	1587
3066	1534
3067	1553
3068	1552
3069	1659
3070	1624
3071	1498
3072	1563
3073	1566
3074	1573
3075	1526
3076	1587
3077	1617
3078	1523
3079	1688
3080	1601
3081	1558
3082	1665
3083	1552
3084	1558
3085	1569
3086	1546
3087	1534
3088	1494
3089	1593
3090	1447
3091	1457
3092	1582
3093	1544
3094	1482
3095	1550
3096	1598
3097	1574
3098	1521
3099	1458
3100	1611
3101	1524
3102	1627
3103	1580
3104	1574
3105	1622
3106	1504
3107	1601
3108	1512
3109	1515
3110	1545
3111	1501
3112	1565
3113	1380
3114	1649
3115	1551
3116	1574
3117	1395
3118	1454
3119	1532
3120	1519
3121	1497
3122	1476
3123	1518
3124	1520
3125	1637
3126	1638
3127	1603
3128	1644
3129	1491
3130	1401
3131	1348
3132	1451
3133	1559
3134	1526
3135	1524
3136	1541
3137	1403
3138	1431
3139	1554
3140	1452
3141	1560
3142	1404
3143	1429
3144	1584
3145	1506
3146	1441
3147	1426
3148	1407
3149	1478
3150	1523
3151	1523
3152	1564
3153	1526
3154	1485
3155	1383
3156	1404
3157	1502
3158	1380
3159	1427
3160	1486
3161	1379
3162	1402
3163	1537
3164	1507
3165	1519
3166	1432
3167	1544
3168	1400
3169	1339
3170	1484
3171	1381
3172	1470
3173	1406
3174	1424
3175	1451
3176	1552
3177	1480
3178	1513
3179	1475
3180	1465
3181	1447
3182	1501
3183	1505
3184	1571
3185	1452
3186	1475
3187	1597
3188	1551
3189	1529
3190	1541
3191	1633
3192	1529
3193	1543
3194	1499
3195	1515
3196	1537
3197	1480
3198	1531
3199	1473
3200	1373
3201	1511
3202	1364
3203	1471
3204	1517
3205	1448
3206	1472
3207	1506
3208	1493
3209	1520
3210	1613
3211	1681
3212	1494
3213	1556
3214	1390
3215	1626
3216	1363
3217	1519
3218	1498
3219	1513
3220	1546
3221	1530
3222	1491
3223	1503
3224	1516
3225	1530
3226	1490
3227	1497
3228	1386
3229	1433
3230	1409
3231	1431
3232	1550
3233	1460
3234	1582
3235	1516
3236	1588
3237	1570
3238	1552
3239	1393
3240	1536
3241	1476
3242	1508
3243	1507
3244	1578
3245	1570
3246	1456
3247	1508
3248	1475
3249	1574
3250	1470
3251	1548
3252	1465
3253	1463
3254	1463
3255	1505
3256	1447
3257	1495
3258	1426
3259	1574
3260	1425
3261	1451
3262	1580
3263	1459
3264	1398
3265	1582
3266	1559
3267	1569
3268	1543
3269	1479
3270	1505
3271	1474
3272	1466
3273	1590
3274	1497
3275	1433
3276	1445
3277	1636
3278	1542
3279	1596
3280	1467
3281	1453
3282	1474
3283	1464
3284	1454
3285	1654
3286	1495
3287	1543
3288	1550
3289	1477
3290	1491
3291	1379
3292	1491
3293	1499
3294	1501
3295	1532
3296	1540
3297	1461
3298	1475
3299	1404
3300	1542
3301	1436
3302	1461
3303	1447
3304	1583
3305	1523
3306	1566
3307	1363
3308	1432
3309	1485
3310	1457
3311	1475
3312	1495
3313	1490
3314	1472
3315	1372
3316	1374
3317	1523
3318	1514
3319	1461
3320	1517
3321	1470
3322	1638
3323	1400
3324	1471
3325	1378
3326	1473
3327	1477
3328	1424
3329	1524
3330	1632
3331	1429
3332	1398
3333	1319
3334	1419
3335	1400
3336	1504
3337	1396
3338	1410
3339	1461
3340	1473
3341	1439
3342	1330
3343	1429
3344	1416
3345	1382
3346	1438
3347	1438
3348	1469
3349	1394
3350	1275
3351	1364
3352	1278
3353	1346
3354	1324
3355	1339
3356	1289
3357	1392
3358	1443
3359	1290
3360	1363
3361	1288
3362	1311
3363	1302
3364	1141
3365	1368
3366	1317
3367	1227
3368	1274
3369	1253
3370	1281
3371	1352
3372	1309
3373	1419
3374	1291
3375	1271
3376	1243
3377	1314
3378	1337
3379	1181
3380	1240
3381	1182
3382	1375
3383	1304
3384	1281
3385	1325
3386	1271
3387	1222
3388	1266
3389	1348
3390	1214
3391	1298
3392	1252
3393	1258
3394	1241
3395	1349
3396	1390
3397	1352
3398	1280
3399	1410
3400	1333
3401	1267
3402	1217
3403	1234
3404	1348
3405	1311
3406	1371
3407	1221
3408	1346
3409	1424
3410	1351
3411	1309
3412	1311
3413	1238
3414	1303
3415	1254
3416	1361
3417	1190
3418	1289
3419	1373
3420	1406
3421	1326
3422	1350
3423	1349
3424	1306
3425	1318
3426	1360
3427	1265
3428	1253
3429	1311
3430	1304
3431	1243
3432	1264
3433	1332
3434	1270
3435	1292
3436	1288
3437	1292
3438	1399
3439	1208
3440	1241
3441	1330
3442	1291
3443	1264
3444	1380
3445	1341
3446	1237
3447	1286
3448	1280
3449	1224
3450	1382
3451	1298
3452	1276
3453	1207
3454	1291
3455	1306
3456	1305
3457	1273
3458	1331
3459	1275
3460	1234
3461	1287
3462	1284
3463	1309
3464	1373
3465	1343
3466	1296
3467	1164
3468	1234
3469	1291
3470	1136
3471	1202
3472	1242
3473	1196
3474	1176
3475	1195
3476	1259
3477	1232
3478	1170
3479	1234
3480	1311
3481	1251
3482	1158
3483	1103
3484	1279
3485	1121
3486	1247
3487	1267
3488	1303
3489	1226
3490	1203
3491	1184
3492	1265
3493	1205
3494	1171
3495	1267
3496	1280
3497	1239
3498	1186
3499	1278
3500	1234
3501	1235
3502	1224
3503	1247
3504	1136
3505	1196
3506	1254
3507	1286
3508	1266
3509	1194
3510	1112
3511	1240
3512	1193
3513	1162
3514	1181
3515	1239
3516	1161
3517	1213
3518	1144
3519	1258
3520	1255
3521	1282
3522	1273
3523	1228
3524	1314
3525	1206
3526	1294
3527	1163
3528	1259
3529	1217
3530	1196
3531	1161
3532	1233
3533	1175
3534	1148
3535	1229
3536	1282
3537	1165
3538	1230
3539	1235
3540	1182
3541	1233
3542	1185
3543	1231
3544	1245
3545	1190
3546	1218
3547	1303
3548	1091
3549	1229
3550	1185
3551	1206
3552	1150
3553	1178
3554	1229
3555	1159
3556	1294
3557	1291
3558	1249
3559	1173
3560	1204
3561	1272
3562	1307
3563	1208
3564	1269
3565	1255
3566	1141
3567	1270
3568	1259
3569	1228
3570	1234
3571	1198
3572	1251
3573	1302
3574	1303
3575	1307
3576	1315
3577	1226
3578	1222
3579	1218
3580	1224
3581	1280
3582	1361
3583	1313
3584	1316
3585	1288
3586	1323
3587	1270
3588	1319
3589	1268
3590	1211
3591	1251
3592	1197
3593	1383
3594	1325
3595	1285
3596	1311
3597	1268
3598	1218
3599	1220
3600	1317
3601	1195
3602	1188
3603	1294
3604	1243
3605	1269
3606	1339
3607	1253
3608	1325
3609	1247
3610	1321
3611	1301
3612	1303
3613	1331
3614	1199
3615	1342
3616	1361
3617	1351
3618	1367
3619	1199
3620	1362
3621	1286
3622	1414
3623	1364
3624	1187
3625	1251
3626	1274
3627	1224
3628	1348
3629	1306
3630	1271
3631	1237
3632	1302
3633	1398
3634	1257
3635	1202
3636	1238
3637	1344
3638	1263
3639	1352
3640	1296
3641	1338
3642	1311
3643	1303
3644	1398
3645	1324
3646	1351
3647	1387
3648	1244
3649	1280
3650	1363
3651	1302
3652	1263
3653	1274
3654	1212
3655	1438
3656	1436
3657	1236
3658	1294
3659	1323
3660	1239
3661	1221
3662	1158
3663	1228
3664	1240
3665	1280
3666	1283
3667	1277
3668	1314
3669	1233
3670	1269
3671	1307
3672	1252
3673	1283
3674	1221
3675	1219
3676	1233
3677	1252
3678	1185
3679	1262
3680	1318
3681	1303
3682	1449
3683	1292
3684	1270
3685	1300
3686	1225
3687	1328
3688	1255
3689	1287
3690	1326
3691	1245
3692	1196
3693	1242
3694	1273
3695	1170
3696	1146
3697	1161
3698	1216
3699	1275
3700	1241
3701	1277
3702	1240
3703	1162
3704	1199
3705	1265
3706	1307
3707	1358
3708	1260
3709	1209
3710	1111
3711	1246
3712	1190
3713	1298
3714	1117
3715	1185
3716	1246
3717	1209
3718	1240
3719	1188
3720	1217
3721	1223
3722	1216
3723	1226
3724	1136
3725	1208
3726	1251
3727	1123
3728	1066
3729	1143
3730	1163
3731	1215
3732	1140
3733	1161
3734	1133
3735	1100
3736	1210
3737	1095
3738	1097
3739	1122
3740	1246
3741	1175
3742	1120
3743	1082
3744	1252
3745	1187
3746	1184
3747	1236
3748	1107
3749	1168
3750	1219
3751	1115
3752	1162
3753	1252
3754	1198
3755	1137
3756	1162
3757	1090
3758	1224
3759	1155
3760	1136
3761	1155
3762	1130
3763	1128
3764	1233
3765	1145
3766	1110
3767	1206
3768	1242
3769	1215
3770	1200
3771	1225
3772	1323
3773	1081
3774	1206
3775	1234
3776	1077
3777	1250
3778	1159
3779	1138
3780	1206
3781	1139
3782	1232
3783	1181
3784	1166
3785	1136
3786	1236
3787	1196
3788	1238
3789	1123
3790	1144
3791	1129
3792	1244
3793	1194
3794	1140
3795	1199
3796	1254
3797	1191
3798	1242
3799	1158
3800	1157
3801	1299
3802	1150
3803	1164
3804	1175
3805	1031
3806	1108
3807	1171
3808	1222
3809	1078
3810	1115
3811	1110
3812	1178
3813	1105
3814	1013
3815	1083
3816	1130
3817	1107
3818	1266
3819	1098
3820	1150
3821	1134
3822	1147
3823	991
3824	1094
3825	1184
3826	1162
3827	1149
3828	1096
3829	1201
3830	1104
3831	1103
3832	1059
3833	1061
3834	1089
3835	1032
3836	1006
3837	1094
3838	1007
3839	1035
3840	1122
3841	1028
3842	1016
3843	1129
3844	1058
3845	1056
3846	1007
3847	1046
3848	1018
3849	1044
3850	1081
3851	977
3852	1023
3853	1057
3854	1006
3855	1071
3856	1132
3857	1043
3858	983
3859	1130
3860	1118
3861	1083
3862	1105
3863	1082
3864	1042
3865	1045
3866	1064
3867	1106
3868	1033
3869	1107
3870	1091
3871	1083
3872	1000
3873	1108
3874	1071
3875	1084
3876	1123
3877	1045
3878	999
3879	1108
3880	1015
3881	1146
3882	1186
3883	1060
3884	1092
3885	1046
3886	1134
3887	1004
3888	1030
3889	1098
3890	1056
3891	1117
3892	1149
3893	1186
3894	1154
3895	1169
3896	1162
3897	1125
3898	1179
3899	1083
3900	1117
3901	1050
3902	1166
3903	1184
3904	1095
3905	1166
3906	1072
3907	1187
3908	1117
3909	1187
3910	1048
3911	1195
3912	1116
3913	1153
3914	1093
3915	1241
3916	1210
3917	1146
3918	1129
3919	1237
3920	1159
3921	1103
3922	1176
3923	1112
3924	1176
3925	1164
3926	1155
3927	1135
3928	1224
3929	1183
3930	1238
3931	1216
3932	1181
3933	1170
3934	1151
3935	1125
3936	1213
3937	1095
3938	1153
3939	1213
3940	1050
3941	1195
3942	1240
3943	1227
3944	1158
3945	1082
3946	1170
3947	1135
3948	1149
3949	1122
3950	1157
3951	1200
3952	1174
3953	1143
3954	1232
3955	1189
3956	1112
3957	1166
3958	1242
3959	1215
3960	1149
3961	1073
3962	1185
3963	1283
3964	1199
3965	1057
3966	1161
3967	1157
3968	1155
3969	1090
3970	1231
3971	1148
3972	1207
3973	1182
3974	1221
3975	1207
3976	1160
3977	1152
3978	1128
3979	1122
3980	1176
3981	1126
3982	1121
3983	1099
3984	1195
3985	1207
3986	1160
3987	1213
3988	1109
3989	1118
3990	1094
3991	1147
3992	1013
3993	1117
3994	1108
3995	1086
3996	1024
3997	1048
3998	1159
3999	1136
4000	1155
4001	1153
4002	1107
4003	1049
4004	1067
4005	1047
4006	1142
4007	1108
4008	1217
4009	1216
4010	1144
4011	1059
4012	1069
4013	1129
4014	1073
4015	1065
4016	985
4017	1035
4018	1060
4019	1099
4020	1050
4021	1129
4022	1082
4023	1092
4024	1090
4025	1068
4026	1130
4027	1060
4028	1046
4029	1069
4030	1039
4031	1040
4032	1096
4033	1127
4034	1044
4035	1022
4036	1078
4037	1117
4038	986
4039	1044
4040	1122
4041	1102
4042	1072
4043	1066
4044	967
4045	983
4046	951
4047	1013
4048	1024
4049	1067
4050	1032
4051	1064
4052	1064
4053	1078
4054	933
4055	1011
4056	1057
4057	990
4058	1003
4059	974
4060	1035
4061	1031
4062	1005
4063	1083
4064	1131
4065	1052
4066	1140
4067	1035
4068	1106
4069	1008
4070	1108
4071	1010
4072	1085
4073	1139
4074	961
4075	1137
4076	1013
4077	1074
4078	1069
4079	1087
4080	1155
4081	1113
4082	1067
4083	1072
4084	1100
4085	1088
4086	1068
4087	1067
4088	941
4089	1089
4090	1085
4091	1094
4092	1067
4093	1021
4094	1094
4095	1031
4096	1172
4097	1189
4098	1157
4099	1164
4100	1087
4101	1085
4102	942
4103	1055
4104	1120
4105	1127
4106	1098
4107	1071
4108	986
4109	1063
4110	1098
4111	1105
4112	1116
4113	1154
4114	1106
4115	1029
4116	1129
4117	1035
4118	1159
4119	1142
4120	1087
4121	1117
4122	1186
4123	1159
4124	1063
4125	1123
4126	1104
4127	1045
4128	1148
4129	1030
4130	1166
4131	1047
4132	1105
4133	1040
4134	1083
4135	1020
4136	1064
4137	1060
4138	934
4139	1076
4140	1045
4141	1006
4142	1039
4143	1090
4144	1037
4145	1080
4146	1078
4147	1026
4148	1076
4149	1054
4150	979
4151	981
4152	1016
4153	1017
4154	981
4155	1078
4156	930
4157	965
4158	1090
4159	977
4160	969
4161	1050
4162	1031
4163	1024
4164	1068
4165	987
4166	1031
4167	956
4168	1068
4169	1017
4170	994
4171	997
4172	1072
4173	1031
4174	934
4175	1062
4176	981
4177	959
4178	998
4179	957
4180	1022
4181	972
4182	928
4183	992
4184	1009
4185	889
4186	1004
4187	937
4188	995
4189	998
4190	950
4191	947
4192	927
4193	890
4194	884
4195	928
4196	951
4197	906
4198	1005
4199	1007
4200	924
4201	941
4202	962
4203	887
4204	959
4205	990
4206	990
4207	964
4208	963
4209	1006
4210	968
4211	992
4212	1035
4213	965
4214	949
4215	962
4216	1007
4217	896
4218	959
4219	965
4220	933
4221	890
4222	845
4223	978
4224	921
4225	954
4226	978
4227	944
4228	988
4229	1012
4230	973
4231	970
4232	991
4233	964
4234	1000
4235	1062
4236	935
4237	972
4238	961
4239	999
4240	994
4241	982
4242	973
4243	985
4244	1006
4245	971
4246	958
4247	1050
4248	895
4249	966
4250	946
4251	968
4252	923
4253	923
4254	988
4255	923
4256	976
4257	1028
4258	974
4259	937
4260	876
4261	959
4262	918
4263	1023
4264	1024
4265	1010
4266	1001
4267	1024
4268	1009
4269	1040
4270	907
4271	1014
4272	1004
4273	1101
4274	1030
4275	1041
4276	1073
4277	1098
4278	1041
4279	1041
4280	961
4281	1032
4282	1000
4283	986
4284	985
4285	953
4286	1016
4287	1035
4288	956
4289	1068
4290	1009
4291	936
4292	997
4293	1027
4294	1103
4295	1128
4296	977
4297	996
4298	1038
4299	969
4300	973
4301	919
4302	1002
4303	999
4304	1027
4305	1102
4306	973
4307	1073
4308	956
4309	999
4310	1030
4311	983
4312	964
4313	973
4314	958
4315	978
4316	984
4317	944
4318	1002
4319	983
4320	935
4321	924
4322	1031
4323	906
4324	962
4325	1016
4326	998
4327	948
4328	967
4329	935
4330	1073
4331	928
4332	957
4333	940
4334	1015
4335	839
4336	1045
4337	1023
4338	951
4339	921
4340	938
4341	910
4342	861
4343	969
4344	969
4345	937
4346	888
4347	885
4348	823
4349	983
4350	925
4351	886
4352	903
4353	903
4354	887
4355	920
4356	868
4357	823
4358	873
4359	833
4360	976
4361	863
4362	840
4363	866
4364	931
4365	871
4366	819
4367	901
4368	937
4369	942
4370	871
4371	875
4372	827
4373	782
4374	882
4375	833
4376	878
4377	886
4378	919
4379	936
4380	911
4381	919
4382	913
4383	862
4384	869
4385	867
4386	844
4387	844
4388	881
4389	904
4390	907
4391	887
4392	820
4393	826
4394	862
4395	870
4396	850
4397	882
4398	824
4399	811
4400	837
4401	834
4402	894
4403	920
4404	919
4405	902
4406	783
4407	872
4408	768
4409	814
4410	793
4411	845
4412	844
4413	851
4414	802
4415	773
4416	835
4417	778
4418	758
4419	860
4420	818
4421	777
4422	870
4423	780
4424	824
4425	867
4426	801
4427	816
4428	875
4429	726
4430	810
4431	796
4432	702
4433	835
4434	797
4435	769
4436	842
4437	799
4438	745
4439	846
4440	747
4441	845
4442	802
4443	712
4444	829
4445	678
4446	809
4447	820
4448	795
4449	773
4450	753
4451	770
4452	797
4453	744
4454	798
4455	764
4456	707
4457	774
4458	775
4459	732
4460	658
4461	728
4462	736
4463	737
4464	738
4465	752
4466	666
4467	796
4468	767
4469	735
4470	744
4471	738
4472	766
4473	731
4474	824
4475	723
4476	773
4477	742
4478	780
4479	695
4480	754
4481	793
4482	787
4483	690
4484	710
4485	755
4486	817
4487	731
4488	787
4489	837
4490	767
4491	769
4492	791
4493	730
4494	757
4495	817
4496	817
4497	792
4498	731
4499	756
4500	778
4501	771
4502	790
4503	802
4504	676
4505	806
4506	824
4507	800
4508	820
4509	777
4510	866
4511	786
4512	796
4513	708
4514	838
4515	689
4516	759
4517	689
4518	796
4519	801
4520	766
4521	826
4522	822
4523	834
4524	791
4525	785
4526	807
4527	822
4528	841
4529	767
4530	857
4531	777
4532	704
4533	826
4534	753
4535	790
4536	837
4537	830
4538	845
4539	772
4540	685
4541	779
4542	801
4543	768
4544	677
4545	775
4546	869
4547	824
4548	841
4549	760
4550	752
4551	716
4552	763
4553	723
4554	733
4555	732
4556	783
4557	699
4558	765
4559	766
4560	763
4561	821
4562	772
4563	748
4564	746
4565	750
4566	701
4567	782
4568	749
4569	717
4570	776
4571	717
4572	684
4573	725
4574	733
4575	769
4576	728
4577	713
4578	782
4579	724
4580	764
4581	758
4582	787
4583	656
4584	714
4585	736
4586	744
4587	712
4588	755
4589	724
4590	743
4591	700
4592	775
4593	780
4594	771
4595	725
4596	810
4597	778
4598	848
4599	809
4600	815
4601	765
4602	746
4603	765
4604	785
4605	776
4606	765
4607	791
4608	811
4609	764
4610	850
4611	759
4612	808
4613	815
4614	704
4615	811
4616	857
4617	863
4618	857
4619	832
4620	835
4621	837
4622	893
4623	824
4624	848
4625	889
4626	873
4627	840
4628	910
4629	879
4630	791
4631	883
4632	928
4633	858
4634	887
4635	861
4636	897
4637	888
4638	841
4639	850
4640	868
4641	793
4642	862
4643	860
4644	908
4645	922
4646	852
4647	844
4648	805
4649	864
4650	864
4651	843
4652	799
4653	874
4654	790
4655	920
4656	786
4657	890
4658	765
4659	782
4660	882
4661	830
4662	845
4663	897
4664	844
4665	842
4666	855
4667	772
4668	902
4669	828
4670	899
4671	824
4672	789
4673	805
4674	770
4675	849
4676	892
4677	826
4678	828
4679	822
4680	893
4681	863
4682	876
4683	852
4684	819
4685	883
4686	787
4687	895
4688	781
4689	847
4690	757
4691	812
4692	856
4693	821
4694	865
4695	893
4696	751
4697	813
4698	715
4699	779
4700	864
4701	872
4702	784
4703	826
4704	792
4705	806
4706	762
4707	874
4708	704
4709	763
4710	789
4711	842
4712	764
4713	745
4714	778
4715	714
4716	799
4717	764
4718	831
4719	833
4720	803
4721	814
4722	758
4723	842
4724	745
4725	857
4726	798
4727	810
4728	826
4729	828
4730	806
4731	842
4732	875
4733	890
4734	833
4735	879
4736	856
4737	794
4738	799
4739	935
4740	891
4741	820
4742	885
4743	833
4744	857
4745	764
4746	830
4747	839
4748	879
4749	959
4750	916
4751	873
4752	1008
4753	872
4754	911
4755	919
4756	866
4757	896
4758	913
4759	1037
4760	935
4761	876
4762	960
4763	992
4764	862
4765	860
4766	944
4767	1002
4768	1010
4769	987
4770	859
4771	1006
4772	1030
4773	916
4774	857
4775	891
4776	1047
4777	979
4778	950
4779	927
4780	944
4781	976
4782	964
4783	849
4784	1023
4785	1003
4786	908
4787	878
4788	946
4789	855
4790	864
4791	871
4792	1004
4793	862
4794	949
4795	982
4796	996
4797	888
4798	905
4799	1055
4800	984
4801	957
4802	1002
4803	931
4804	911
4805	908
4806	948
4807	864
4808	967
4809	991
4810	948
4811	1025
4812	949
4813	894
4814	988
4815	1119
4816	927
4817	1036
4818	1091
4819	1006
4820	1028
4821	1002
4822	1093
4823	1028
4824	963
4825	1008
4826	1062
4827	965
4828	926
4829	996
4830	1009
4831	965
4832	927
4833	965
4834	947
4835	920
4836	947
4837	967
4838	845
4839	986
4840	1009
4841	916
4842	969
4843	959
4844	1008
4845	908
4846	966
4847	925
4848	955
4849	825
4850	871
4851	847
4852	834
4853	883
4854	809
4855	799
4856	810
4857	733
4858	798
4859	844
4860	798
4861	813
4862	770
4863	895
4864	826
4865	778
4866	804
4867	712
4868	763
4869	776
4870	780
4871	712
4872	749
4873	711
4874	830
4875	769
4876	817
4877	813
4878	774
4879	819
4880	766
4881	782
4882	745
4883	764
4884	686
4885	756
4886	730
4887	725
4888	803
4889	797
4890	766
4891	758
4892	756
4893	825
4894	731
4895	671
4896	747
4897	744
4898	799
4899	749
4900	713
4901	650
4902	760
4903	773
4904	714
4905	741
4906	731
4907	770
4908	955
4909	758
4910	790
4911	824
4912	779
4913	773
4914	650
4915	726
4916	779
4917	632
4918	784
4919	743
4920	772
4921	746
4922	765
4923	788
4924	755
4925	782
4926	745
4927	778
4928	716
4929	657
4930	765
4931	750
4932	763
4933	700
4934	675
4935	729
4936	755
4937	744
4938	682
4939	789
4940	711
4941	755
4942	781
4943	804
4944	789
4945	786
4946	712
4947	760
4948	761
4949	803
4950	857
4951	698
4952	692
4953	750
4954	803
4955	785
4956	731
4957	721
4958	826
4959	811
4960	834
4961	783
4962	791
4963	746
4964	803
4965	793
4966	770
4967	756
4968	809
4969	763
4970	788
4971	742
4972	752
4973	661
4974	810
4975	789
4976	737
4977	711
4978	727
4979	725
4980	692
4981	681
4982	757
4983	664
4984	768
4985	679
4986	742
4987	802
4988	731
4989	707
4990	697
4991	701
4992	729
4993	627
4994	759
4995	684
4996	749
4997	721
4998	663
4999	752
5000	705
5001	700
5002	804
5003	728
5004	725
5005	730
5006	751
5007	624
5008	701
5009	725
5010	700
5011	741
5012	666
5013	642
5014	685
5015	670
5016	655
5017	689
5018	727
5019	625
5020	682
5021	673
5022	759
5023	709
5024	676
5025	707
5026	738
5027	688
5028	704
5029	721
5030	664
5031	710
5032	735
5033	682
5034	684
5035	594
5036	643
5037	684
5038	740
5039	722
5040	592
5041	659
5042	677
5043	684
5044	616
5045	679
5046	607
5047	639
5048	686
5049	687
5050	678
5051	681
5052	612
5053	714
5054	694
5055	650
5056	682
5057	704
5058	624
5059	716
5060	634
5061	667
5062	621
5063	615
5064	595
5065	640
5066	639
5067	637
5068	617
5069	631
5070	668
5071	706
5072	674
5073	660
5074	663
5075	692
5076	685
5077	619
5078	661
5079	722
5080	703
5081	687
5082	646
5083	731
5084	698
5085	658
5086	645
5087	644
5088	719
5089	669
5090	667
5091	635
5092	680
5093	685
5094	641
5095	693
5096	661
5097	691
5098	711
5099	606
5100	706
5101	650
5102	609
5103	714
5104	611
5105	669
5106	690
5107	676
5108	659
5109	627
5110	734
5111	684
5112	684
5113	618
5114	683
5115	642
5116	652
5117	698
5118	699
5119	627
5120	603
5121	652
5122	681
5123	648
5124	676
5125	613
5126	713
5127	669
5128	661
5129	660
5130	637
5131	647
5132	596
5133	626
5134	663
5135	655
5136	653
5137	716
5138	662
5139	643
5140	670
5141	618
5142	715
5143	690
5144	660
5145	661
5146	582
5147	635
5148	637
5149	621
5150	649
5151	660
5152	620
5153	592
5154	701
5155	653
5156	675
5157	664
5158	705
5159	656
5160	744
5161	652
5162	638
5163	649
5164	659
5165	701
5166	676
5167	632
5168	632
5169	619
5170	669
5171	622
5172	647
5173	678
5174	670
5175	661
5176	692
5177	727
5178	679
5179	723
5180	660
5181	630
5182	655
5183	632
5184	665
5185	714
5186	679
5187	741
5188	767
5189	668
5190	691
5191	699
5192	665
5193	712
5194	648
5195	666
5196	700
5197	686
5198	721
5199	701
5200	695
5201	669
5202	793
5203	712
5204	676
5205	713
5206	718
5207	677
5208	718
5209	637
5210	676
5211	677
5212	700
5213	626
5214	678
5215	689
5216	662
5217	677
5218	709
5219	655
5220	712
5221	684
5222	734
5223	663
5224	601
5225	765
5226	704
5227	763
5228	647
5229	694
5230	648
5231	697
5232	700
5233	741
5234	682
5235	723
5236	714
5237	725
5238	634
5239	736
5240	720
5241	674
5242	741
5243	602
5244	666
5245	627
5246	726
5247	606
5248	726
5249	631
5250	683
5251	614
5252	649
5253	658
5254	638
5255	704
5256	618
5257	673
5258	641
5259	692
5260	766
5261	673
5262	720
5263	691
5264	720
5265	641
5266	642
5267	621
5268	654
5269	676
5270	627
5271	619
5272	605
5273	664
5274	694
5275	643
5276	655
5277	687
5278	644
5279	637
5280	621
5281	713
5282	604
5283	608
5284	613
5285	689
5286	691
5287	666
5288	693
5289	588
5290	671
5291	695
5292	627
5293	589
5294	648
5295	660
5296	667
5297	575
5298	690
5299	623
5300	679
5301	696
5302	611
5303	576
5304	650
5305	608
5306	587
5307	613
5308	673
5309	661
5310	649
5311	625
5312	619
5313	601
5314	617
5315	586
5316	669
5317	621
5318	703
5319	611
5320	607
5321	593
5322	579
5323	612
5324	618
5325	587
5326	694
5327	701
5328	631
5329	619
5330	615
5331	744
5332	637
5333	620
5334	621
5335	632
5336	680
5337	652
5338	623
5339	670
5340	651
5341	598
5342	610
5343	604
5344	557
5345	596
5346	610
5347	606
5348	603
5349	555
5350	609
5351	636
5352	655
5353	623
5354	538
5355	697
5356	591
5357	649
5358	616
5359	655
5360	648
5361	600
5362	567
5363	631
5364	617
5365	575
5366	624
5367	585
5368	662
5369	655
5370	626
5371	682
5372	575
5373	564
5374	709
5375	732
5376	640
5377	650
5378	635
5379	589
5380	631
5381	612
5382	661
5383	537
5384	656
5385	603
5386	651
5387	621
5388	664
5389	686
5390	568
5391	652
5392	634
5393	678
5394	638
5395	671
5396	636
5397	671
5398	656
5399	678
5400	720
5401	602
5402	632
5403	637
5404	684
5405	705
5406	740
5407	730
5408	642
5409	667
5410	713
5411	693
5412	724
5413	707
5414	598
5415	707
5416	675
5417	715
5418	714
5419	797
5420	723
5421	658
5422	703
5423	712
5424	706
5425	613
5426	701
5427	752
5428	775
5429	732
5430	650
5431	691
5432	762
5433	681
5434	701
5435	674
5436	793
5437	738
5438	732
5439	773
5440	717
5441	698
5442	718
5443	682
5444	739
5445	763
5446	767
5447	751
5448	726
5449	705
5450	743
5451	739
5452	752
5453	718
5454	754
5455	668
5456	702
5457	666
5458	684
5459	719
5460	695
5461	669
5462	647
5463	723
5464	754
5465	704
5466	686
5467	734
5468	619
5469	736
5470	741
5471	761
5472	673
5473	699
5474	702
5475	670
5476	825
5477	780
5478	784
5479	763
5480	848
5481	714
5482	735
5483	776
5484	833
5485	699
5486	715
5487	745
5488	748
5489	673
5490	773
5491	705
5492	786
5493	694
5494	683
5495	703
5496	680
5497	698
5498	692
5499	679
5500	731
5501	689
5502	742
5503	724
5504	695
5505	708
5506	795
5507	673
5508	735
5509	663
5510	673
5511	696
5512	744
5513	738
5514	811
5515	743
5516	767
5517	725
5518	745
5519	729
5520	721
5521	817
5522	770
5523	763
5524	713
5525	753
5526	688
5527	728
5528	814
5529	739
5530	778
5531	714
5532	705
5533	776
5534	704
5535	722
5536	785
5537	829
5538	743
5539	721
5540	736
5541	751
5542	689
5543	707
5544	786
5545	690
5546	784
5547	728
5548	724
5549	717
5550	710
5551	719
5552	742
5553	733
5554	747
5555	755
5556	695
5557	785
5558	758
5559	794
5560	777
5561	747
5562	709
5563	741
5564	686
5565	690
5566	745
5567	714
5568	685
5569	647
5570	728
5571	725
5572	704
5573	774
5574	750
5575	736
5576	685
5577	743
5578	708
5579	627
5580	692
5581	718
5582	723
5583	680
5584	610
5585	681
5586	665
5587	664
5588	807
5589	747
5590	710
5591	740
5592	660
5593	733
5594	712
5595	663
5596	751
5597	671
5598	730
5599	698
5600	748
5601	712
5602	781
5603	688
5604	769
5605	703
5606	677
5607	608
5608	663
5609	702
5610	642
5611	618
5612	685
5613	674
5614	705
5615	730
5616	686
5617	647
5618	710
5619	730
5620	663
5621	722
5622	676
5623	702
5624	671
5625	631
5626	638
5627	734
5628	637
5629	728
5630	687
5631	780
5632	742
5633	728
5634	679
5635	711
5636	731
5637	656
5638	650
5639	705
5640	661
5641	716
5642	673
5643	618
5644	705
5645	670
5646	649
5647	701
5648	700
5649	684
5650	753
5651	647
5652	603
5653	647
5654	586
5655	611
5656	688
5657	659
5658	707
5659	669
5660	708
5661	678
5662	766
5663	640
5664	676
5665	613
5666	639
5667	624
5668	644
5669	724
5670	631
5671	657
5672	654
5673	655
5674	672
5675	670
5676	671
5677	626
5678	599
5679	667
5680	650
5681	689
5682	702
5683	633
5684	675
5685	593
5686	602
5687	603
5688	656
5689	579
5690	633
5691	666
5692	588
5693	682
5694	667
5695	594
5696	661
5697	593
5698	625
5699	663
5700	608
5701	604
5702	681
5703	629
5704	696
5705	609
5706	617
5707	616
5708	593
5709	626
5710	635
5711	562
5712	563
5713	618
5714	646
5715	623
5716	586
5717	636
5718	637
5719	577
5720	636
5721	554
5722	583
5723	583
5724	589
5725	550
5726	574
5727	636
5728	594
5729	619
5730	540
5731	559
5732	482
5733	583
5734	580
5735	684
5736	591
5737	541
5738	597
5739	618
5740	610
5741	596
5742	549
5743	573
5744	562
5745	654
5746	537
5747	563
5748	531
5749	575
5750	538
5751	604
5752	561
5753	603
5754	539
5755	552
5756	520
5757	550
5758	598
5759	569
5760	565
5761	631
5762	567
5763	604
5764	627
5765	582
5766	581
5767	555
5768	655
5769	550
5770	566
5771	561
5772	542
5773	618
5774	600
5775	718
5776	567
5777	563
5778	586
5779	664
5780	618
5781	582
5782	596
5783	624
5784	558
5785	626
5786	584
5787	574
5788	580
5789	603
5790	597
5791	599
5792	569
5793	585
5794	614
5795	626
5796	627
5797	544
5798	566
5799	587
5800	621
5801	603
5802	641
5803	601
5804	633
5805	615
5806	587
5807	566
5808	599
5809	591
5810	619
5811	599
5812	676
5813	584
5814	614
5815	608
5816	590
5817	606
5818	546
5819	609
5820	582
5821	577
5822	586
5823	635
5824	530
5825	604
5826	599
5827	600
5828	638
5829	613
5830	707
5831	625
5832	713
5833	584
5834	632
5835	650
5836	606
5837	599
5838	614
5839	638
5840	561
5841	674
5842	641
5843	631
5844	659
5845	553
5846	629
5847	648
5848	581
5849	631
5850	582
5851	598
5852	578
5853	630
5854	590
5855	592
5856	550
5857	599
5858	601
5859	518
5860	600
5861	563
5862	609
5863	560
5864	570
5865	582
5866	648
5867	668
5868	682
5869	614
5870	609
5871	597
5872	667
5873	552
5874	622
5875	606
5876	619
5877	586
5878	609
5879	626
5880	572
5881	560
5882	559
5883	597
5884	620
5885	559
5886	541
5887	573
5888	647
5889	593
5890	540
5891	558
5892	617
5893	520
5894	617
5895	565
5896	588
5897	595
5898	578
5899	551
5900	635
5901	534
5902	560
5903	648
5904	587
5905	583
5906	600
5907	566
5908	555
5909	645
5910	587
5911	530
5912	601
5913	547
5914	564
5915	589
5916	549
5917	577
5918	529
5919	581
5920	593
5921	617
5922	594
5923	615
5924	566
5925	555
5926	586
5927	532
5928	585
5929	598
5930	568
5931	589
5932	609
5933	639
5934	540
5935	620
5936	610
5937	503
5938	551
5939	594
5940	539
5941	591
5942	601
5943	542
5944	549
5945	545
5946	622
5947	545
5948	600
5949	565
5950	559
5951	524
5952	540
5953	554
5954	608
5955	546
5956	579
5957	539
5958	581
5959	509
5960	598
5961	622
5962	596
5963	567
5964	572
5965	636
5966	617
5967	557
5968	608
5969	613
5970	572
5971	593
5972	615
5973	692
5974	602
5975	603
5976	576
5977	593
5978	660
5979	627
5980	584
5981	541
5982	568
5983	484
5984	497
5985	537
5986	580
5987	573
5988	523
5989	555
5990	591
5991	607
5992	578
5993	566
5994	604
5995	598
5996	633
5997	496
5998	612
5999	511
6000	570
6001	572
6002	586
6003	541
6004	602
6005	576
6006	560
6007	608
6008	593
6009	542
6010	561
6011	578
6012	632
6013	536
6014	570
6015	550
6016	595
6017	552
6018	540
6019	592
6020	487
6021	500
6022	515
6023	538
6024	599
6025	579
6026	590
6027	475
6028	576
6029	528
6030	589
6031	573
6032	602
6033	562
6034	540
6035	574
6036	536
6037	572
6038	581
6039	543
6040	512
6041	570
6042	513
6043	549
6044	494
6045	549
6046	544
6047	562
6048	492
6049	504
6050	491
6051	544
6052	546
6053	513
6054	596
6055	569
6056	599
6057	576
6058	537
6059	620
6060	518
6061	571
6062	563
6063	520
6064	509
6065	539
6066	480
6067	514
6068	556
6069	543
6070	538
6071	544
6072	451
6073	492
6074	551
6075	530
6076	500
6077	536
6078	551
6079	529
6080	519
6081	498
6082	545
6083	567
6084	522
6085	494
6086	555
6087	536
6088	468
6089	492
6090	504
6091	585
6092	592
6093	555
6094	602
6095	570
6096	503
6097	561
6098	593
6099	594
6100	512
6101	586
6102	574
6103	562
6104	581
6105	552
6106	557
6107	567
6108	574
6109	554
6110	548
6111	561
6112	520
6113	584
6114	557
6115	607
6116	572
6117	540
6118	511
6119	568
6120	600
6121	545
6122	517
6123	533
6124	552
6125	489
6126	535
6127	549
6128	523
6129	530
6130	593
6131	524
6132	578
6133	577
6134	580
6135	589
6136	572
6137	517
6138	517
6139	574
6140	596
6141	607
6142	557
6143	520
6144	539
6145	575
6146	546
6147	545
6148	549
6149	510
6150	513
6151	502
6152	535
6153	509
6154	532
6155	539
6156	500
6157	518
6158	484
6159	472
6160	544
6161	548
6162	465
6163	543
6164	492
6165	555
6166	557
6167	495
6168	534
6169	522
6170	514
6171	535
6172	452
6173	430
6174	507
6175	477
6176	515
6177	482
6178	527
6179	484
6180	516
6181	546
6182	509
6183	492
6184	539
6185	467
6186	477
6187	513
6188	500
6189	475
6190	502
6191	494
6192	509
6193	491
6194	467
6195	480
6196	467
6197	457
6198	445
6199	463
6200	490
6201	500
6202	486
6203	467
6204	506
6205	475
6206	456
6207	455
6208	489
6209	486
6210	496
6211	497
6212	526
6213	562
6214	465
6215	497
6216	500
6217	573
6218	418
6219	472
6220	432
6221	433
6222	459
6223	452
6224	469
6225	428
6226	532
6227	490
6228	481
6229	417
6230	497
6231	472
6232	457
6233	498
6234	513
6235	455
6236	547
6237	500
6238	397
6239	526
6240	505
6241	441
6242	489
6243	466
6244	496
6245	512
6246	537
6247	512
6248	465
6249	478
6250	483
6251	462
6252	477
6253	443
6254	512
6255	483
6256	503
6257	531
6258	529
6259	528
6260	528
6261	512
6262	539
6263	448
6264	479
6265	494
6266	535
6267	501
6268	481
6269	481
6270	503
6271	518
6272	580
6273	447
6274	559
6275	513
6276	521
6277	469
6278	505
6279	587
6280	537
6281	471
6282	511
6283	486
6284	505
6285	448
6286	540
6287	540
6288	498
6289	496
6290	516
6291	504
6292	545
6293	483
6294	533
6295	499
6296	469
6297	431
6298	498
6299	529
6300	524
6301	466
6302	523
6303	577
6304	499
6305	499
6306	634
6307	568
6308	517
6309	497
6310	486
6311	534
6312	511
6313	469
6314	522
6315	498
6316	530
6317	553
6318	573
6319	542
6320	503
6321	515
6322	542
6323	559
6324	543
6325	539
6326	496
6327	523
6328	524
6329	557
6330	504
6331	564
6332	518
6333	542
6334	611
6335	565
6336	532
6337	583
6338	549
6339	655
6340	472
6341	599
6342	538
6343	564
6344	574
6345	535
6346	538
6347	561
6348	574
6349	558
6350	551
6351	562
6352	526
6353	597
6354	547
6355	591
6356	557
6357	519
6358	538
6359	512
6360	583
6361	491
6362	514
6363	550
6364	527
6365	560
6366	569
6367	542
6368	524
6369	505
6370	493
6371	549
6372	557
6373	566
6374	500
6375	650
6376	505
6377	544
6378	605
6379	549
6380	561
6381	590
6382	617
6383	570
6384	549
6385	596
6386	514
6387	587
6388	533
6389	549
6390	555
6391	501
6392	584
6393	567
6394	609
6395	663
6396	557
6397	553
6398	579
6399	601
6400	620
6401	554
6402	594
6403	649
6404	579
6405	561
6406	614
6407	555
6408	557
6409	546
6410	617
6411	628
6412	572
6413	573
6414	602
6415	548
6416	618
6417	581
6418	540
6419	697
6420	595
6421	651
6422	596
6423	665
6424	575
6425	591
6426	580
6427	619
6428	597
6429	622
6430	631
6431	550
6432	561
6433	567
6434	608
6435	587
6436	574
6437	590
6438	560
6439	610
6440	611
6441	637
6442	560
6443	675
6444	652
6445	595
6446	563
6447	552
6448	585
6449	536
6450	572
6451	503
6452	533
6453	559
6454	503
6455	541
6456	547
6457	540
6458	557
6459	527
6460	491
6461	531
6462	547
6463	580
6464	455
6465	547
6466	513
6467	549
6468	562
6469	552
6470	569
6471	519
6472	486
6473	537
6474	567
6475	464
6476	464
6477	595
6478	562
6479	579
6480	547
6481	484
6482	554
6483	508
6484	528
6485	571
6486	590
6487	539
6488	547
6489	499
6490	551
6491	535
6492	558
6493	627
6494	494
6495	548
6496	500
6497	507
6498	616
6499	551
6500	507
6501	532
6502	543
6503	542
6504	593
6505	552
6506	559
6507	555
6508	570
6509	598
6510	525
6511	508
6512	521
6513	546
6514	474
6515	563
6516	553
6517	523
6518	487
6519	526
6520	522
6521	495
6522	520
6523	583
6524	571
6525	511
6526	522
6527	550
6528	553
6529	567
6530	488
6531	520
6532	472
6533	508
6534	509
6535	503
6536	508
6537	502
6538	504
6539	595
6540	473
6541	521
6542	498
6543	541
6544	486
6545	497
6546	513
6547	481
6548	515
6549	475
6550	493
6551	526
6552	460
6553	481
6554	493
6555	499
6556	550
6557	492
6558	430
6559	486
6560	516
6561	500
6562	441
6563	472
6564	501
6565	464
6566	507
6567	438
6568	432
6569	513
6570	418
6571	451
6572	508
6573	438
6574	478
6575	493
6576	436
6577	490
6578	444
6579	450
6580	472
6581	438
6582	465
6583	490
6584	420
6585	464
6586	506
6587	579
6588	363
6589	492
6590	486
6591	437
6592	386
6593	514
6594	449
6595	452
6596	469
6597	466
6598	418
6599	433
6600	476
6601	384
6602	468
6603	425
6604	476
6605	478
6606	469
6607	445
6608	446
6609	415
6610	451
6611	425
6612	466
6613	466
6614	422
6615	471
6616	456
6617	472
6618	424
6619	444
6620	497
6621	434
6622	444
6623	426
6624	425
6625	473
6626	409
6627	447
6628	484
6629	374
6630	391
6631	456
6632	439
6633	423
6634	460
6635	435
6636	485
6637	404
6638	373
6639	435
6640	434
6641	384
6642	404
6643	401
6644	430
6645	390
6646	436
6647	378
6648	367
6649	352
6650	422
6651	423
6652	425
6653	406
6654	394
6655	378
6656	371
6657	378
6658	393
6659	408
6660	370
6661	413
6662	372
6663	384
6664	409
6665	414
6666	391
6667	401
6668	398
6669	411
6670	352
6671	378
6672	415
6673	440
6674	397
6675	344
6676	389
6677	418
6678	413
6679	381
6680	381
6681	430
6682	423
6683	386
6684	389
6685	379
6686	395
6687	408
6688	416
6689	426
6690	358
6691	429
6692	409
6693	395
6694	436
6695	411
6696	458
6697	425
6698	419
6699	444
6700	462
6701	401
6702	407
6703	450
6704	459
6705	415
6706	451
6707	439
6708	454
6709	449
6710	383
6711	384
6712	393
6713	400
6714	411
6715	396
6716	475
6717	437
6718	470
6719	367
6720	503
6721	431
6722	444
6723	495
6724	488
6725	545
6726	500
6727	514
6728	457
6729	438
6730	384
6731	474
6732	438
6733	435
6734	477
6735	438
6736	400
6737	461
6738	451
6739	466
6740	459
6741	417
6742	465
6743	460
6744	429
6745	565
6746	435
6747	437
6748	422
6749	463
6750	402
6751	480
6752	358
6753	427
6754	386
6755	430
6756	489
6757	418
6758	345
6759	419
6760	414
6761	441
6762	410
6763	433
6764	443
6765	475
6766	433
6767	464
6768	426
6769	442
6770	481
6771	467
6772	418
6773	407
6774	374
6775	441
6776	408
6777	439
6778	397
6779	438
6780	461
6781	462
6782	395
6783	466
6784	363
6785	419
6786	479
6787	475
6788	445
6789	435
6790	416
6791	415
6792	442
6793	429
6794	538
6795	460
6796	441
6797	499
6798	413
6799	454
6800	464
6801	459
6802	496
6803	394
6804	468
6805	439
6806	494
6807	438
6808	416
6809	438
6810	479
6811	506
6812	439
6813	475
6814	560
6815	503
6816	519
6817	584
6818	446
6819	491
6820	436
6821	483
6822	487
6823	490
6824	481
6825	438
6826	513
6827	504
6828	512
6829	430
6830	547
6831	435
6832	514
6833	457
6834	485
6835	514
6836	450
6837	485
6838	484
6839	538
6840	561
6841	483
6842	526
6843	527
6844	493
6845	467
6846	400
6847	526
6848	458
6849	489
6850	466
6851	510
6852	486
6853	510
6854	542
6855	478
6856	499
6857	484
6858	522
6859	546
6860	494
6861	451
6862	429
6863	554
6864	521
6865	488
6866	488
6867	478
6868	515
6869	474
6870	489
6871	450
6872	494
6873	430
6874	526
6875	509
6876	457
6877	536
6878	495
6879	439
6880	455
6881	429
6882	499
6883	462
6884	463
6885	451
6886	508
6887	540
6888	480
6889	520
6890	475
6891	528
6892	474
6893	502
6894	554
6895	522
6896	468
6897	526
6898	537
6899	499
6900	533
6901	497
6902	429
6903	422
6904	519
6905	434
6906	533
6907	506
6908	527
6909	469
6910	484
6911	467
6912	453
6913	502
6914	497
6915	446
6916	530
6917	473
6918	483
6919	503
6920	475
6921	446
6922	480
6923	405
6924	462
6925	413
6926	437
6927	489
6928	464
6929	467
6930	535
6931	484
6932	501
6933	497
6934	458
6935	411
6936	434
6937	507
6938	491
6939	508
6940	435
6941	442
6942	519
6943	407
6944	473
6945	454
6946	525
6947	460
6948	443
6949	459
6950	489
6951	420
6952	460
6953	485
6954	493
6955	453
6956	485
6957	477
6958	458
6959	475
6960	469
6961	445
6962	517
6963	489
6964	510
6965	439
6966	481
6967	447
6968	515
6969	518
6970	478
6971	471
6972	464
6973	487
6974	479
6975	524
6976	468
6977	464
6978	478
6979	424
6980	451
6981	471
6982	498
6983	429
6984	486
6985	440
6986	446
6987	446
6988	450
6989	460
6990	473
6991	510
6992	433
6993	449
6994	450
6995	435
6996	429
6997	409
6998	389
6999	493
7000	493
7001	428
7002	437
7003	421
7004	440
7005	435
7006	467
7007	426
7008	422
7009	443
7010	459
7011	469
7012	502
7013	427
7014	482
7015	455
7016	482
7017	469
7018	478
7019	426
7020	424
7021	394
7022	424
7023	432
7024	431
7025	434
7026	443
7027	446
7028	482
7029	425
7030	416
7031	406
7032	380
7033	376
7034	403
7035	475
7036	431
7037	428
7038	421
7039	432
7040	443
7041	438
7042	394
7043	408
7044	434
7045	432
7046	476
7047	459
7048	412
7049	454
7050	421
7051	441
7052	467
7053	426
7054	449
7055	414
7056	438
7057	377
7058	423
7059	492
7060	415
7061	429
7062	421
7063	465
7064	431
7065	434
7066	419
7067	473
7068	444
7069	428
7070	444
7071	481
7072	391
7073	417
7074	416
7075	408
7076	433
7077	438
7078	428
7079	449
7080	427
7081	455
7082	495
7083	406
7084	439
7085	393
7086	413
7087	377
7088	446
7089	454
7090	414
7091	430
7092	445
7093	375
7094	477
7095	413
7096	498
7097	418
7098	469
7099	456
7100	438
7101	441
7102	486
7103	425
7104	432
7105	387
7106	401
7107	423
7108	408
7109	380
7110	428
7111	444
7112	426
7113	438
7114	445
7115	384
7116	434
7117	428
7118	437
7119	400
7120	444
7121	423
7122	439
7123	446
7124	466
7125	454
7126	381
7127	435
7128	374
7129	435
7130	533
7131	406
7132	419
7133	452
7134	484
7135	475
7136	455
7137	449
7138	485
7139	521
7140	479
7141	470
7142	478
7143	424
7144	449
7145	476
7146	465
7147	491
7148	500
7149	501
7150	415
7151	451
7152	449
7153	478
7154	471
7155	452
7156	488
7157	491
7158	481
7159	424
7160	470
7161	517
7162	493
7163	443
7164	453
7165	515
7166	425
7167	502
7168	470
7169	471
7170	481
7171	519
7172	487
7173	498
7174	465
7175	438
7176	437
7177	484
7178	449
7179	484
7180	474
7181	424
7182	465
7183	452
7184	515
7185	480
7186	440
7187	474
7188	503
7189	572
7190	482
7191	486
7192	434
7193	483
7194	542
7195	493
7196	469
7197	505
7198	505
7199	489
7200	505
7201	502
7202	450
7203	467
7204	424
7205	460
7206	448
7207	453
7208	418
7209	481
7210	400
7211	387
7212	465
7213	463
7214	468
7215	455
7216	501
7217	430
7218	421
7219	457
7220	420
7221	429
7222	498
7223	499
7224	459
7225	446
7226	473
7227	468
7228	449
7229	476
7230	490
7231	494
7232	406
7233	428
7234	456
7235	403
7236	464
7237	420
7238	469
7239	464
7240	476
7241	413
7242	372
7243	451
7244	506
7245	479
7246	394
7247	437
7248	412
7249	415
7250	401
7251	450
7252	510
7253	445
7254	451
7255	427
7256	451
7257	433
7258	464
7259	403
7260	412
7261	419
7262	452
7263	474
7264	393
7265	451
7266	478
7267	378
7268	460
7269	430
7270	420
7271	451
7272	403
7273	449
7274	420
7275	371
7276	440
7277	413
7278	424
7279	445
7280	458
7281	373
7282	351
7283	384
7284	443
7285	417
7286	403
7287	430
7288	403
7289	405
7290	379
7291	392
7292	442
7293	488
7294	366
7295	382
7296	427
7297	370
7298	395
7299	374
7300	401
7301	423
7302	376
7303	418
7304	355
7305	397
7306	390
7307	436
7308	389
7309	436
7310	399
7311	360
7312	395
7313	396
7314	380
7315	418
7316	364
7317	395
7318	374
7319	355
7320	413
7321	363
7322	403
7323	374
7324	423
7325	473
7326	452
7327	381
7328	464
7329	398
7330	381
7331	414
7332	359
7333	390
7334	348
7335	381
7336	425
7337	330
7338	423
7339	442
7340	388
7341	365
7342	339
7343	435
7344	391
7345	350
7346	334
7347	427
7348	398
7349	416
7350	392
7351	430
7352	381
7353	368
7354	371
7355	434
7356	426
7357	396
7358	376
7359	353
7360	351
7361	388
7362	402
7363	396
7364	406
7365	360
7366	342
7367	415
7368	406
7369	381
7370	409
7371	386
7372	400
7373	402
7374	376
7375	417
7376	372
7377	411
7378	358
7379	375
7380	342
7381	396
7382	387
7383	446
7384	393
7385	362
7386	372
7387	396
7388	326
7389	414
7390	398
7391	403
7392	378
7393	370
7394	373
7395	418
7396	375
7397	417
7398	443

