## htsjdk.samtools.metrics.StringHeader
# CollectInsertSizeMetrics HISTOGRAM_FILE=/work/ugbogu/pipeline/data/nbl/GSE189367/results/picard/SRR17010995_insert_size_histogram.pdf MINIMUM_PCT=0.5 INPUT=/work/ugbogu/pipeline/data/nbl/GSE189367/results/star/SRR17010995.Aligned.sortedByCoord.out.bam OUTPUT=/work/ugbogu/pipeline/data/nbl/GSE189367/results/picard/SRR17010995_insert_size_metrics.txt    DEVIATIONS=10.0 METRIC_ACCUMULATION_LEVEL=[ALL_READS] INCLUDE_DUPLICATES=false ASSUME_SORTED=true STOP_AFTER=0 VERBOSITY=INFO QUIET=false VALIDATION_STRINGENCY=STRICT COMPRESSION_LEVEL=5 MAX_RECORDS_IN_RAM=500000 CREATE_INDEX=false CREATE_MD5_FILE=false USE_JDK_DEFLATER=false USE_JDK_INFLATER=false
## htsjdk.samtools.metrics.StringHeader
# Started on: Thu Apr 16 10:36:14 UTC 2026

## METRICS CLASS	picard.analysis.InsertSizeMetrics
MEDIAN_INSERT_SIZE	MODE_INSERT_SIZE	MEDIAN_ABSOLUTE_DEVIATION	MIN_INSERT_SIZE	MAX_INSERT_SIZE	MEAN_INSERT_SIZE	STANDARD_DEVIATION	READ_PAIRS	PAIR_ORIENTATION	WIDTH_OF_10_PERCENT	WIDTH_OF_20_PERCENT	WIDTH_OF_30_PERCENT	WIDTH_OF_40_PERCENT	WIDTH_OF_50_PERCENT	WIDTH_OF_60_PERCENT	WIDTH_OF_70_PERCENT	WIDTH_OF_80_PERCENT	WIDTH_OF_90_PERCENT	WIDTH_OF_95_PERCENT	WIDTH_OF_99_PERCENT	SAMPLE	LIBRARY	READ_GROUP
876	123	749	24	2752477	1403.819344	1854.594708	44720670	FR	637	1121	1335	1433	1499	1623	4361	10399	44335	153763	153875			

## HISTOGRAM	java.lang.Integer
insert_size	All_Reads.fr_count
24	2
26	1
27	2
28	3
29	6
30	3
31	13
32	5
33	7
34	21
35	141
36	204
37	257
38	204
39	250
40	283
41	356
42	420
43	412
44	395
45	337
46	442
47	578
48	558
49	626
50	793
51	810
52	759
53	875
54	954
55	1133
56	1296
57	1400
58	1616
59	1674
60	1970
61	1970
62	2314
63	2660
64	2633
65	3125
66	3651
67	4305
68	4747
69	4889
70	6071
71	6814
72	6707
73	8628
74	9402
75	21415
76	13480
77	11975
78	17099
79	14618
80	14262
81	17518
82	16891
83	17264
84	18531
85	20489
86	22102
87	24439
88	26173
89	27835
90	30374
91	33815
92	37600
93	41920
94	45295
95	49002
96	51308
97	58883
98	66205
99	72311
100	70371
101	73707
102	74689
103	79168
104	90570
105	100453
106	98806
107	101270
108	102708
109	107755
110	109328
111	109181
112	112789
113	116357
114	118130
115	119489
116	124815
117	127082
118	139637
119	133583
120	139723
121	163600
122	149128
123	182575
124	178990
125	156354
126	147185
127	145356
128	139075
129	140910
130	143540
131	142867
132	142617
133	150702
134	147678
135	141417
136	146108
137	139892
138	138691
139	138561
140	141813
141	140274
142	134714
143	136509
144	135353
145	137102
146	128883
147	129182
148	130105
149	129317
150	123073
151	130818
152	125238
153	127024
154	125135
155	126316
156	122869
157	123109
158	118385
159	115000
160	116326
161	110874
162	111412
163	112673
164	109315
165	107272
166	105539
167	105813
168	103460
169	103470
170	105661
171	100149
172	99304
173	97414
174	94550
175	95512
176	93316
177	90613
178	90862
179	92008
180	88188
181	87231
182	85087
183	85052
184	83687
185	82085
186	79775
187	81566
188	83208
189	77178
190	78397
191	76126
192	76442
193	74957
194	73983
195	71251
196	70959
197	70433
198	68902
199	67824
200	66591
201	66155
202	66861
203	65563
204	62768
205	64324
206	62053
207	62644
208	62948
209	61236
210	59137
211	58373
212	60814
213	58707
214	57792
215	57342
216	56361
217	56171
218	55378
219	55015
220	54113
221	55063
222	52175
223	52862
224	51245
225	50324
226	52138
227	53246
228	50802
229	50880
230	56046
231	50967
232	48077
233	49465
234	47718
235	47390
236	47873
237	46395
238	45269
239	43675
240	43050
241	43204
242	41716
243	41796
244	40981
245	41124
246	39378
247	39641
248	40261
249	38128
250	39494
251	38352
252	37855
253	37663
254	37122
255	36494
256	36579
257	36485
258	35792
259	36180
260	36217
261	34935
262	34948
263	34406
264	34319
265	33724
266	33176
267	33104
268	33623
269	32884
270	32362
271	32523
272	31716
273	31838
274	31382
275	30647
276	30961
277	29278
278	29690
279	29215
280	28851
281	29296
282	28929
283	28709
284	28648
285	27618
286	28086
287	26983
288	26807
289	27872
290	26614
291	26341
292	26707
293	25730
294	26265
295	25790
296	25745
297	24655
298	25933
299	24794
300	24304
301	24233
302	24115
303	23907
304	23774
305	23413
306	23160
307	23705
308	23437
309	23261
310	22314
311	22496
312	22511
313	22492
314	22545
315	21905
316	21339
317	21277
318	20463
319	20662
320	20978
321	21013
322	21327
323	20598
324	20817
325	20313
326	20286
327	19722
328	19786
329	19923
330	19231
331	19573
332	19694
333	19549
334	19232
335	18900
336	18736
337	18810
338	18248
339	18583
340	18516
341	18602
342	18035
343	18777
344	18308
345	17984
346	18589
347	18407
348	17630
349	17653
350	17991
351	17909
352	17708
353	16827
354	17344
355	16776
356	16225
357	16345
358	16945
359	16566
360	16895
361	16786
362	16334
363	16813
364	16275
365	15543
366	16169
367	16461
368	16041
369	15532
370	15341
371	15671
372	15181
373	15678
374	15108
375	14558
376	15194
377	14612
378	14745
379	14720
380	14767
381	15195
382	14564
383	14959
384	15267
385	14128
386	14964
387	14523
388	13777
389	13993
390	13996
391	14517
392	14131
393	14105
394	14094
395	13432
396	13844
397	13496
398	13605
399	13500
400	13616
401	13371
402	13524
403	13808
404	13096
405	12974
406	13070
407	12866
408	13359
409	12959
410	13183
411	12904
412	12899
413	12306
414	12752
415	12581
416	12376
417	12305
418	12543
419	12412
420	12458
421	11757
422	12218
423	12464
424	12557
425	11954
426	12043
427	12237
428	11811
429	11808
430	12029
431	12239
432	11856
433	11960
434	11644
435	11643
436	11261
437	11785
438	11617
439	11524
440	11486
441	11770
442	11908
443	11568
444	11710
445	11270
446	11220
447	11312
448	11712
449	11386
450	11593
451	11449
452	11472
453	11447
454	11727
455	11490
456	10553
457	10877
458	10594
459	11113
460	10818
461	10676
462	10768
463	10762
464	10901
465	10852
466	10538
467	10408
468	10586
469	10616
470	10675
471	10620
472	10664
473	10527
474	10239
475	10551
476	10136
477	10930
478	10609
479	10633
480	9935
481	10045
482	10442
483	9915
484	10137
485	10104
486	10281
487	10409
488	10294
489	9726
490	9872
491	9925
492	9848
493	9659
494	9952
495	9627
496	10180
497	9923
498	10060
499	10016
500	9752
501	9642
502	9824
503	9991
504	9311
505	10740
506	9947
507	10276
508	10082
509	9879
510	9702
511	9734
512	9919
513	9972
514	9577
515	9509
516	9588
517	9994
518	9923
519	10084
520	10235
521	10172
522	9791
523	9776
524	10143
525	9362
526	9271
527	9501
528	9532
529	9621
530	9441
531	9703
532	9741
533	9704
534	9841
535	9761
536	10277
537	9944
538	9858
539	9779
540	9941
541	9877
542	9746
543	9885
544	9234
545	9612
546	9690
547	9381
548	9237
549	9258
550	9598
551	9716
552	9850
553	9812
554	9589
555	9634
556	9411
557	9311
558	9222
559	9081
560	9084
561	9567
562	9525
563	9421
564	9466
565	9257
566	9258
567	9461
568	9110
569	9443
570	9392
571	9452
572	8990
573	9054
574	8773
575	9252
576	9075
577	9156
578	9285
579	9079
580	9061
581	9422
582	9188
583	9405
584	8803
585	9018
586	9069
587	9007
588	8990
589	9018
590	8790
591	8464
592	8921
593	8983
594	8634
595	8777
596	9054
597	9237
598	8987
599	9063
600	8565
601	8658
602	8654
603	8479
604	8370
605	8493
606	8687
607	8581
608	8566
609	8559
610	8909
611	8599
612	8361
613	8211
614	8313
615	8701
616	8576
617	8638
618	8246
619	8322
620	8669
621	7996
622	8506
623	8459
624	8334
625	8943
626	8724
627	8688
628	8389
629	8360
630	8182
631	8143
632	8349
633	8406
634	8417
635	8140
636	8798
637	8272
638	8625
639	8667
640	8488
641	8134
642	8146
643	8037
644	8324
645	8444
646	8766
647	8190
648	7923
649	8886
650	7845
651	8028
652	7868
653	8398
654	8411
655	8013
656	8243
657	8247
658	8170
659	8111
660	8389
661	8273
662	8096
663	8127
664	8726
665	7580
666	8089
667	7833
668	8231
669	8201
670	8333
671	8038
672	7957
673	7795
674	8053
675	7797
676	7998
677	8033
678	8360
679	8163
680	8365
681	8486
682	8185
683	7995
684	8060
685	8098
686	7479
687	7960
688	7814
689	7923
690	8202
691	8381
692	8482
693	8063
694	8170
695	7980
696	8098
697	8105
698	8042
699	8128
700	8350
701	8102
702	8172
703	8518
704	7942
705	8266
706	7775
707	7767
708	7948
709	8048
710	8180
711	8061
712	7925
713	7713
714	7849
715	8033
716	8280
717	8236
718	8126
719	7738
720	7821
721	7876
722	7869
723	7871
724	7980
725	8062
726	7976
727	7959
728	7646
729	7659
730	7817
731	7783
732	8068
733	7762
734	7927
735	7613
736	7649
737	7596
738	7524
739	7142
740	7639
741	7601
742	7900
743	7851
744	8221
745	7654
746	7491
747	7360
748	7367
749	7390
750	7608
751	7640
752	7546
753	7908
754	7585
755	7708
756	7148
757	7397
758	7943
759	7343
760	7902
761	7301
762	7633
763	7040
764	7479
765	7601
766	7609
767	7511
768	7581
769	7481
770	7635
771	7027
772	7807
773	7518
774	7603
775	7542
776	7102
777	7148
778	7143
779	7350
780	7649
781	7414
782	7410
783	7310
784	7385
785	7459
786	7344
787	7379
788	7739
789	7751
790	7408
791	7400
792	7387
793	7485
794	8050
795	7608
796	7405
797	7365
798	7076
799	7219
800	7497
801	7851
802	7989
803	7545
804	7501
805	7568
806	7323
807	7398
808	7445
809	7009
810	7148
811	7358
812	7336
813	6999
814	7160
815	7223
816	7544
817	7392
818	7367
819	7399
820	6856
821	6895
822	6946
823	7047
824	6913
825	7177
826	7051
827	6860
828	7163
829	6898
830	7705
831	7124
832	7328
833	7124
834	7201
835	7200
836	7342
837	8102
838	6913
839	7389
840	7346
841	7148
842	7278
843	7557
844	7240
845	7231
846	7088
847	7177
848	7224
849	6952
850	7346
851	6863
852	6985
853	7010
854	7058
855	7330
856	7365
857	7241
858	7018
859	7142
860	7057
861	6597
862	7118
863	7025
864	6994
865	7105
866	7360
867	7080
868	6822
869	7185
870	7024
871	7282
872	6695
873	6830
874	6959
875	6909
876	7202
877	7414
878	6695
879	7103
880	7020
881	6851
882	6896
883	6701
884	6770
885	7203
886	6905
887	7117
888	6776
889	7043
890	7352
891	7080
892	6921
893	7040
894	6726
895	6770
896	6708
897	7134
898	6745
899	6549
900	7104
901	6883
902	6765
903	7115
904	6663
905	6349
906	7172
907	7253
908	6993
909	6781
910	6744
911	6891
912	6895
913	6988
914	6911
915	7088
916	6824
917	6760
918	6640
919	7126
920	6735
921	7026
922	6912
923	6701
924	7162
925	6898
926	7007
927	6746
928	6420
929	6879
930	6799
931	6673
932	6953
933	6934
934	6975
935	6928
936	6740
937	6886
938	6900
939	6824
940	7124
941	7064
942	7059
943	6821
944	6844
945	6788
946	6717
947	6860
948	7245
949	6526
950	6514
951	6559
952	6676
953	6885
954	6758
955	6569
956	6680
957	6384
958	6844
959	6209
960	6392
961	6427
962	7079
963	6650
964	6154
965	6190
966	6596
967	6647
968	6610
969	6445
970	6578
971	6520
972	6550
973	6709
974	6594
975	6551
976	6640
977	6497
978	6642
979	6444
980	6293
981	6402
982	6157
983	6021
984	6526
985	6284
986	6105
987	6089
988	6489
989	6188
990	6487
991	6360
992	6695
993	6148
994	6553
995	6362
996	6710
997	6315
998	6320
999	6835
1000	6385
1001	6215
1002	6225
1003	6060
1004	6517
1005	6585
1006	6147
1007	6330
1008	6241
1009	6146
1010	6289
1011	6258
1012	6154
1013	6081
1014	6679
1015	5986
1016	6001
1017	5849
1018	5940
1019	6087
1020	6013
1021	5896
1022	6181
1023	6096
1024	6239
1025	5774
1026	6356
1027	6010
1028	6109
1029	5920
1030	5776
1031	5975
1032	5884
1033	5935
1034	5844
1035	6099
1036	5917
1037	5928
1038	5834
1039	5816
1040	6003
1041	5915
1042	6012
1043	6063
1044	6002
1045	5731
1046	5898
1047	5895
1048	6231
1049	6200
1050	5979
1051	5765
1052	5938
1053	5837
1054	5883
1055	5807
1056	5739
1057	5608
1058	5609
1059	5500
1060	5546
1061	5837
1062	5535
1063	5973
1064	5763
1065	5490
1066	5707
1067	5656
1068	5685
1069	5546
1070	5658
1071	5687
1072	5468
1073	5617
1074	5927
1075	5463
1076	5972
1077	5676
1078	5699
1079	5585
1080	5878
1081	5881
1082	5708
1083	5912
1084	5592
1085	5845
1086	5606
1087	5374
1088	5501
1089	5720
1090	5659
1091	5452
1092	5486
1093	5595
1094	5448
1095	5426
1096	5482
1097	5481
1098	5318
1099	5673
1100	5815
1101	5642
1102	5758
1103	5658
1104	5610
1105	5704
1106	5501
1107	5534
1108	5516
1109	5314
1110	5856
1111	5625
1112	5339
1113	5713
1114	5752
1115	5576
1116	5409
1117	5497
1118	5545
1119	5594
1120	5475
1121	5553
1122	5480
1123	5797
1124	5674
1125	5336
1126	5545
1127	5592
1128	5575
1129	5694
1130	5746
1131	5217
1132	5395
1133	5466
1134	5405
1135	5452
1136	5661
1137	5567
1138	5561
1139	5977
1140	5544
1141	5571
1142	5882
1143	5623
1144	5687
1145	5446
1146	5595
1147	5660
1148	5892
1149	5496
1150	5714
1151	5725
1152	5785
1153	5620
1154	5688
1155	5583
1156	5993
1157	6423
1158	5880
1159	6026
1160	5654
1161	5749
1162	5895
1163	5917
1164	6126
1165	6107
1166	5745
1167	5751
1168	5407
1169	5561
1170	5602
1171	5639
1172	5518
1173	5725
1174	5827
1175	5666
1176	5664
1177	5178
1178	5705
1179	5761
1180	5662
1181	5538
1182	5585
1183	5580
1184	5694
1185	5835
1186	5774
1187	5818
1188	5450
1189	5341
1190	5386
1191	5649
1192	5780
1193	5820
1194	5595
1195	5801
1196	5738
1197	5731
1198	5536
1199	5410
1200	5468
1201	5376
1202	5578
1203	5443
1204	5589
1205	5454
1206	5297
1207	5674
1208	5361
1209	5490
1210	5667
1211	5632
1212	5885
1213	5677
1214	5265
1215	5594
1216	5692
1217	5722
1218	5685
1219	5452
1220	5575
1221	5526
1222	5523
1223	5377
1224	5747
1225	5725
1226	5564
1227	5463
1228	5774
1229	5777
1230	6072
1231	5412
1232	5359
1233	5696
1234	5294
1235	5656
1236	5497
1237	5716
1238	5747
1239	5369
1240	5424
1241	5527
1242	5419
1243	5824
1244	5580
1245	5674
1246	5674
1247	5491
1248	5449
1249	5280
1250	5608
1251	5600
1252	5339
1253	5925
1254	5659
1255	5779
1256	5620
1257	6435
1258	5985
1259	5978
1260	5883
1261	5563
1262	5523
1263	5747
1264	5952
1265	5971
1266	5633
1267	6001
1268	5295
1269	5604
1270	5659
1271	5479
1272	5522
1273	5791
1274	5290
1275	5552
1276	5432
1277	5468
1278	5137
1279	5323
1280	5316
1281	5574
1282	5701
1283	5654
1284	5589
1285	5260
1286	5574
1287	5496
1288	5717
1289	5634
1290	5896
1291	5593
1292	5578
1293	5626
1294	6253
1295	5922
1296	5734
1297	5660
1298	5678
1299	5857
1300	5291
1301	6029
1302	6165
1303	5970
1304	6193
1305	5649
1306	6186
1307	6029
1308	6064
1309	6578
1310	6477
1311	6473
1312	6626
1313	6525
1314	7356
1315	8170
1316	7360
1317	6871
1318	6977
1319	6796
1320	6439
1321	6110
1322	6897
1323	7155
1324	7747
1325	9992
1326	9327
1327	7509
1328	7913
1329	7516
1330	5917
1331	6783
1332	7502
1333	7148
1334	7549
1335	7850
1336	7391
1337	7193
1338	6665
1339	5350
1340	6426
1341	6226
1342	7810
1343	6448
1344	5740
1345	5852
1346	5399
1347	5199
1348	5183
1349	4979
1350	4925
1351	5173
1352	4882
1353	5019
1354	5146
1355	5065
1356	4906
1357	4823
1358	4826
1359	5135
1360	5210
1361	4930
1362	4903
1363	4697
1364	4783
1365	5226
1366	4997
1367	5066
1368	4974
1369	5176
1370	4991
1371	4726
1372	5021
1373	4886
1374	4959
1375	4868
1376	4916
1377	4673
1378	4706
1379	4648
1380	5014
1381	4731
1382	4678
1383	4868
1384	4754
1385	4992
1386	4788
1387	4847
1388	5059
1389	4845
1390	4678
1391	5029
1392	4634
1393	4728
1394	4593
1395	5002
1396	4937
1397	4874
1398	4655
1399	5186
1400	4921
1401	4430
1402	4772
1403	4763
1404	4725
1405	4653
1406	4742
1407	4616
1408	4927
1409	4956
1410	4442
1411	4898
1412	4901
1413	4414
1414	4828
1415	4564
1416	4532
1417	4648
1418	4630
1419	4502
1420	4733
1421	4638
1422	4544
1423	4818
1424	4701
1425	4653
1426	4932
1427	4602
1428	4691
1429	4832
1430	4653
1431	4873
1432	4669
1433	4847
1434	4600
1435	4409
1436	4532
1437	4719
1438	4484
1439	4294
1440	4542
1441	4710
1442	4852
1443	4639
1444	4704
1445	4411
1446	4657
1447	4673
1448	4497
1449	4373
1450	4805
1451	4602
1452	4679
1453	4524
1454	4471
1455	4487
1456	4518
1457	4533
1458	4994
1459	4714
1460	4742
1461	4783
1462	4600
1463	4651
1464	4476
1465	4311
1466	4579
1467	4696
1468	4907
1469	4763
1470	4657
1471	4494
1472	4732
1473	4762
1474	5306
1475	4617
1476	4677
1477	4788
1478	4526
1479	4478
1480	4762
1481	4814
1482	4431
1483	4747
1484	4569
1485	4610
1486	4611
1487	4541
1488	4747
1489	4676
1490	4595
1491	4781
1492	5262
1493	5110
1494	5084
1495	4500
1496	4868
1497	4757
1498	4887
1499	5092
1500	5312
1501	5131
1502	4619
1503	4610
1504	4652
1505	4686
1506	4807
1507	5348
1508	4702
1509	4918
1510	4721
1511	4911
1512	4763
1513	4975
1514	5107
1515	5047
1516	5061
1517	5051
1518	4692
1519	4957
1520	4785
1521	4676
1522	5122
1523	4840
1524	5184
1525	4980
1526	5164
1527	4913
1528	4696
1529	5005
1530	5016
1531	5154
1532	5260
1533	4992
1534	5177
1535	5207
1536	4894
1537	4931
1538	4973
1539	5132
1540	4956
1541	4893
1542	5071
1543	4941
1544	5016
1545	4663
1546	5206
1547	5408
1548	4937
1549	5059
1550	5213
1551	5069
1552	5410
1553	4975
1554	5243
1555	5273
1556	5628
1557	5691
1558	5316
1559	4895
1560	4803
1561	5312
1562	5084
1563	5182
1564	4983
1565	5450
1566	5055
1567	5723
1568	5068
1569	5071
1570	5371
1571	4932
1572	5028
1573	5186
1574	4950
1575	5014
1576	4792
1577	4807
1578	5110
1579	4820
1580	5086
1581	4919
1582	5421
1583	5069
1584	5081
1585	5445
1586	5251
1587	5200
1588	4884
1589	4877
1590	5082
1591	4676
1592	5150
1593	4661
1594	5183
1595	4653
1596	4943
1597	4947
1598	4729
1599	4927
1600	4876
1601	4621
1602	5036
1603	5361
1604	4947
1605	4965
1606	4894
1607	5082
1608	4698
1609	4828
1610	4677
1611	4614
1612	4433
1613	4636
1614	5075
1615	4997
1616	4829
1617	4679
1618	4580
1619	4627
1620	5166
1621	4646
1622	4744
1623	4821
1624	4585
1625	4770
1626	4531
1627	4847
1628	4164
1629	4599
1630	4550
1631	4418
1632	4988
1633	4493
1634	4349
1635	4558
1636	4487
1637	4849
1638	4636
1639	5262
1640	4776
1641	4389
1642	4670
1643	4745
1644	4573
1645	4440
1646	4419
1647	4560
1648	4509
1649	4598
1650	4408
1651	4834
1652	4695
1653	4442
1654	4693
1655	4354
1656	4346
1657	4802
1658	4662
1659	4632
1660	4694
1661	4659
1662	4317
1663	4864
1664	4224
1665	4675
1666	4790
1667	4906
1668	4971
1669	4721
1670	4960
1671	4620
1672	4531
1673	4691
1674	4636
1675	4466
1676	4404
1677	4460
1678	4828
1679	4819
1680	4648
1681	4382
1682	4375
1683	4622
1684	4515
1685	4594
1686	4346
1687	4533
1688	4674
1689	4093
1690	4332
1691	4396
1692	4573
1693	4742
1694	4636
1695	4453
1696	4510
1697	4744
1698	4723
1699	4252
1700	4327
1701	4792
1702	4746
1703	4501
1704	4845
1705	4596
1706	4651
1707	4656
1708	4534
1709	4491
1710	4805
1711	4562
1712	4705
1713	5008
1714	4754
1715	4616
1716	4890
1717	4454
1718	4482
1719	4563
1720	4361
1721	4470
1722	4504
1723	4695
1724	4716
1725	4622
1726	4509
1727	4640
1728	4425
1729	4622
1730	4647
1731	4602
1732	4563
1733	4847
1734	4763
1735	4585
1736	4558
1737	4668
1738	4881
1739	4486
1740	4555
1741	4429
1742	4335
1743	4391
1744	4538
1745	4512
1746	4469
1747	4445
1748	4601
1749	4535
1750	4435
1751	4542
1752	4410
1753	4409
1754	4399
1755	4531
1756	4242
1757	4566
1758	4458
1759	4182
1760	4656
1761	4319
1762	4220
1763	4407
1764	4413
1765	4182
1766	4021
1767	4431
1768	4429
1769	4317
1770	4403
1771	4721
1772	4439
1773	4260
1774	4184
1775	4281
1776	4413
1777	4102
1778	4053
1779	4305
1780	4240
1781	4335
1782	4074
1783	3856
1784	4065
1785	3811
1786	4068
1787	4247
1788	4195
1789	4015
1790	3913
1791	3933
1792	3809
1793	4232
1794	4020
1795	3866
1796	3984
1797	3859
1798	4031
1799	3744
1800	4312
1801	4006
1802	3709
1803	4080
1804	4058
1805	3814
1806	3880
1807	3852
1808	4042
1809	3647
1810	3910
1811	3822
1812	3943
1813	4135
1814	3997
1815	3512
1816	3733
1817	4101
1818	3928
1819	4035
1820	3929
1821	3776
1822	3686
1823	3841
1824	3692
1825	3877
1826	3864
1827	3953
1828	3636
1829	3751
1830	3913
1831	3670
1832	3791
1833	3552
1834	3646
1835	3767
1836	4008
1837	3545
1838	3541
1839	3822
1840	3920
1841	3619
1842	3595
1843	3685
1844	3467
1845	3632
1846	3666
1847	3433
1848	3802
1849	3819
1850	3718
1851	3674
1852	3751
1853	3944
1854	4157
1855	3800
1856	3824
1857	3913
1858	3798
1859	3703
1860	3832
1861	3705
1862	3819
1863	3790
1864	3874
1865	3846
1866	3989
1867	3905
1868	3596
1869	3850
1870	3791
1871	3628
1872	3945
1873	3703
1874	3770
1875	3748
1876	3832
1877	3664
1878	3718
1879	3793
1880	3499
1881	3803
1882	3753
1883	3809
1884	3200
1885	3707
1886	3762
1887	3743
1888	3902
1889	3640
1890	3689
1891	3618
1892	3850
1893	3804
1894	3589
1895	3953
1896	3423
1897	3820
1898	3861
1899	3849
1900	3789
1901	3691
1902	3964
1903	3765
1904	3837
1905	3889
1906	3860
1907	3669
1908	3679
1909	4205
1910	3902
1911	3797
1912	4034
1913	4126
1914	3875
1915	4132
1916	3858
1917	3712
1918	3913
1919	3975
1920	3887
1921	4047
1922	3989
1923	3557
1924	3750
1925	3929
1926	3576
1927	3802
1928	3686
1929	3928
1930	3897
1931	4120
1932	3827
1933	3900
1934	3979
1935	3571
1936	4040
1937	3974
1938	3794
1939	3740
1940	3766
1941	3885
1942	4158
1943	3752
1944	3733
1945	3728
1946	3556
1947	3689
1948	3795
1949	3502
1950	3712
1951	3715
1952	3823
1953	4004
1954	3886
1955	3606
1956	3882
1957	3680
1958	3739
1959	3828
1960	3821
1961	3853
1962	4263
1963	3941
1964	3989
1965	3901
1966	4001
1967	3990
1968	3738
1969	3973
1970	3820
1971	4092
1972	3947
1973	4195
1974	3956
1975	3720
1976	4072
1977	3969
1978	4075
1979	4158
1980	4138
1981	4057
1982	4016
1983	4097
1984	4077
1985	4186
1986	4012
1987	4191
1988	3870
1989	3756
1990	4150
1991	4286
1992	4468
1993	4302
1994	4649
1995	4032
1996	4129
1997	4376
1998	4408
1999	4019
2000	4441
2001	4413
2002	4164
2003	4374
2004	4484
2005	4419
2006	4671
2007	4357
2008	4652
2009	4111
2010	4543
2011	4153
2012	4260
2013	4265
2014	4368
2015	4424
2016	4375
2017	4391
2018	4455
2019	4371
2020	4487
2021	4607
2022	4489
2023	4340
2024	4245
2025	4686
2026	4274
2027	3915
2028	4330
2029	4237
2030	4302
2031	4026
2032	3960
2033	4373
2034	4382
2035	4471
2036	4463
2037	4148
2038	4320
2039	4457
2040	4448
2041	4083
2042	4033
2043	4367
2044	4407
2045	4464
2046	3846
2047	4084
2048	4330
2049	4478
2050	4087
2051	4127
2052	4254
2053	4355
2054	4360
2055	4602
2056	4220
2057	4305
2058	4416
2059	4293
2060	4240
2061	4085
2062	4193
2063	4187
2064	4623
2065	4182
2066	4180
2067	4122
2068	4221
2069	4294
2070	4109
2071	4217
2072	3997
2073	4189
2074	4254
2075	4191
2076	4255
2077	3857
2078	3899
2079	4164
2080	4089
2081	3731
2082	3833
2083	3919
2084	3816
2085	3793
2086	3908
2087	3819
2088	4260
2089	4007
2090	3963
2091	3822
2092	3582
2093	3654
2094	3875
2095	3491
2096	3642
2097	3781
2098	3960
2099	3776
2100	4004
2101	3836
2102	3904
2103	4002
2104	3707
2105	3593
2106	3820
2107	3775
2108	3746
2109	3882
2110	3772
2111	3770
2112	3764
2113	3489
2114	3898
2115	3676
2116	3624
2117	3291
2118	3507
2119	3563
2120	3475
2121	3728
2122	3451
2123	3706
2124	3571
2125	3633
2126	3517
2127	3647
2128	3453
2129	3558
2130	3627
2131	3540
2132	3432
2133	3827
2134	3443
2135	3617
2136	3398
2137	3454
2138	3506
2139	3545
2140	3327
2141	3525
2142	3457
2143	3618
2144	3506
2145	3374
2146	3554
2147	3491
2148	3591
2149	3464
2150	3616
2151	3717
2152	3518
2153	3272
2154	3267
2155	3370
2156	3385
2157	3274
2158	3445
2159	3393
2160	3462
2161	3593
2162	3439
2163	3397
2164	3373
2165	3753
2166	3603
2167	3447
2168	3510
2169	3827
2170	3595
2171	3675
2172	3618
2173	3306
2174	3447
2175	3467
2176	3385
2177	3580
2178	3590
2179	3691
2180	3695
2181	3660
2182	3761
2183	3334
2184	3384
2185	3603
2186	3800
2187	3392
2188	3520
2189	3727
2190	3760
2191	3735
2192	3576
2193	3209
2194	3490
2195	3640
2196	3634
2197	3464
2198	3385
2199	3766
2200	3596
2201	3679
2202	3511
2203	3863
2204	3706
2205	3688
2206	3922
2207	3842
2208	4093
2209	4083
2210	3771
2211	4050
2212	3820
2213	3866
2214	3659
2215	3451
2216	3494
2217	3489
2218	3557
2219	3505
2220	3596
2221	3412
2222	3341
2223	3588
2224	3365
2225	3455
2226	3900
2227	3804
2228	3736
2229	3513
2230	3411
2231	3554
2232	3749
2233	3664
2234	3785
2235	3650
2236	3562
2237	3762
2238	3728
2239	3693
2240	3551
2241	3638
2242	3922
2243	3760
2244	3906
2245	3467
2246	3334
2247	3643
2248	3575
2249	3628
2250	3814
2251	3610
2252	3506
2253	3585
2254	3703
2255	3825
2256	3752
2257	3572
2258	4090
2259	4445
2260	3610
2261	3805
2262	3662
2263	3526
2264	3911
2265	3492
2266	3518
2267	3371
2268	3272
2269	3500
2270	3277
2271	3227
2272	3529
2273	3377
2274	3380
2275	3648
2276	3600
2277	3617
2278	3606
2279	3507
2280	3553
2281	3367
2282	3287
2283	3226
2284	3088
2285	3151
2286	3389
2287	3428
2288	3130
2289	3483
2290	3198
2291	3279
2292	3348
2293	3501
2294	3410
2295	3229
2296	3043
2297	3488
2298	3515
2299	3552
2300	2894
2301	3517
2302	3178
2303	3323
2304	3168
2305	3222
2306	3190
2307	3063
2308	3137
2309	3282
2310	3211
2311	3471
2312	3227
2313	3449
2314	3289
2315	3369
2316	3488
2317	3114
2318	3268
2319	3501
2320	3470
2321	3600
2322	3023
2323	3124
2324	3303
2325	3294
2326	3308
2327	3424
2328	3375
2329	3286
2330	3194
2331	3195
2332	3359
2333	3105
2334	3164
2335	3254
2336	3129
2337	3224
2338	3097
2339	3252
2340	3335
2341	3075
2342	3150
2343	3033
2344	3279
2345	3287
2346	2995
2347	3281
2348	3240
2349	2900
2350	3043
2351	3023
2352	3197
2353	2920
2354	3011
2355	3203
2356	3115
2357	3312
2358	3221
2359	2916
2360	3019
2361	2996
2362	3089
2363	3067
2364	3110
2365	3166
2366	2812
2367	3308
2368	2980
2369	3202
2370	3045
2371	2980
2372	3256
2373	2990
2374	3264
2375	2975
2376	2571
2377	2954
2378	3105
2379	2989
2380	2661
2381	3052
2382	3013
2383	3081
2384	2794
2385	3167
2386	2936
2387	2891
2388	2989
2389	2843
2390	2985
2391	3092
2392	2845
2393	2940
2394	2864
2395	2665
2396	2875
2397	2623
2398	2881
2399	3092
2400	2757
2401	2974
2402	3042
2403	2747
2404	2890
2405	3101
2406	3084
2407	2958
2408	2878
2409	2884
2410	2747
2411	2906
2412	2806
2413	2869
2414	2709
2415	2831
2416	2617
2417	2721
2418	2780
2419	2855
2420	2740
2421	2574
2422	2716
2423	2637
2424	2809
2425	2664
2426	2681
2427	2903
2428	2584
2429	2742
2430	2638
2431	2691
2432	2567
2433	2581
2434	2545
2435	2689
2436	2703
2437	2760
2438	2865
2439	2660
2440	2665
2441	2577
2442	2540
2443	2602
2444	2596
2445	2765
2446	2729
2447	2600
2448	2657
2449	2553
2450	2453
2451	2627
2452	2595
2453	2808
2454	2795
2455	2770
2456	2679
2457	2776
2458	2487
2459	2786
2460	2559
2461	2581
2462	2697
2463	2544
2464	2625
2465	2656
2466	2583
2467	2545
2468	2718
2469	2652
2470	2748
2471	2874
2472	2563
2473	2599
2474	2734
2475	2601
2476	2913
2477	2494
2478	2637
2479	2842
2480	2688
2481	2753
2482	2644
2483	2709
2484	2733
2485	2710
2486	2725
2487	2656
2488	2632
2489	2600
2490	2712
2491	2589
2492	2729
2493	2879
2494	2879
2495	2653
2496	2776
2497	2818
2498	2789
2499	2706
2500	2668
2501	2610
2502	2731
2503	2803
2504	2788
2505	2628
2506	2702
2507	2898
2508	2783
2509	2836
2510	2666
2511	2807
2512	2717
2513	2841
2514	2762
2515	2925
2516	2628
2517	2805
2518	2694
2519	2731
2520	2816
2521	2834
2522	2877
2523	2615
2524	2761
2525	2812
2526	2744
2527	2862
2528	2929
2529	2873
2530	2671
2531	2836
2532	2649
2533	2737
2534	2808
2535	2855
2536	2783
2537	2742
2538	2948
2539	3046
2540	2823
2541	2693
2542	3009
2543	2682
2544	2812
2545	2832
2546	2632
2547	2818
2548	2856
2549	2948
2550	2646
2551	2946
2552	2714
2553	2932
2554	2691
2555	2659
2556	2719
2557	2666
2558	2946
2559	2816
2560	2701
2561	2891
2562	2760
2563	2691
2564	2845
2565	3016
2566	2898
2567	2933
2568	2785
2569	2647
2570	2879
2571	2769
2572	2745
2573	2827
2574	2662
2575	2698
2576	2699
2577	2727
2578	2855
2579	2688
2580	2855
2581	2683
2582	2668
2583	2615
2584	2493
2585	2792
2586	2863
2587	2780
2588	2724
2589	2615
2590	2803
2591	2610
2592	2701
2593	2838
2594	2790
2595	2375
2596	2685
2597	2737
2598	2649
2599	2657
2600	2675
2601	2575
2602	2406
2603	2760
2604	2695
2605	2516
2606	2524
2607	2503
2608	2583
2609	2695
2610	2618
2611	2452
2612	2528
2613	2726
2614	2520
2615	2561
2616	2578
2617	2647
2618	2477
2619	2796
2620	2579
2621	2536
2622	2637
2623	2738
2624	2531
2625	2648
2626	2583
2627	2694
2628	2519
2629	2445
2630	2801
2631	2578
2632	2580
2633	2483
2634	2821
2635	2800
2636	2705
2637	2942
2638	2431
2639	2854
2640	2728
2641	2970
2642	2883
2643	2944
2644	2828
2645	2815
2646	2871
2647	2888
2648	2667
2649	2659
2650	2635
2651	2585
2652	3062
2653	2929
2654	2982
2655	2563
2656	2916
2657	2723
2658	2679
2659	2557
2660	2643
2661	2659
2662	2448
2663	2758
2664	2864
2665	2847
2666	2894
2667	3006
2668	3064
2669	2850
2670	2758
2671	2792
2672	2891
2673	2733
2674	2850
2675	3105
2676	2760
2677	2810
2678	3329
2679	4524
2680	3737
2681	2877
2682	3085
2683	2908
2684	3129
2685	3291
2686	2969
2687	3034
2688	3033
2689	2848
2690	2873
2691	2994
2692	2955
2693	2876
2694	2898
2695	3025
2696	3098
2697	2691
2698	2729
2699	2885
2700	2936
2701	2693
2702	2994
2703	3037
2704	2919
2705	2873
2706	3040
2707	2887
2708	3038
2709	3216
2710	2914
2711	3477
2712	2933
2713	2606
2714	2584
2715	2853
2716	2936
2717	2786
2718	2981
2719	2849
2720	3065
2721	2740
2722	2841
2723	2793
2724	2541
2725	2657
2726	2888
2727	2657
2728	2607
2729	2773
2730	2706
2731	3014
2732	2576
2733	2699
2734	2707
2735	2709
2736	2640
2737	2330
2738	2625
2739	2818
2740	2983
2741	2602
2742	2602
2743	2524
2744	2510
2745	2679
2746	2631
2747	2708
2748	2648
2749	2528
2750	2788
2751	2680
2752	2639
2753	2692
2754	2612
2755	2525
2756	2693
2757	2619
2758	2227
2759	2609
2760	2721
2761	2703
2762	2780
2763	2786
2764	2727
2765	2632
2766	2551
2767	2849
2768	2716
2769	2718
2770	2756
2771	2685
2772	2556
2773	2746
2774	2539
2775	2655
2776	2591
2777	2589
2778	2618
2779	2666
2780	2598
2781	2598
2782	2662
2783	2449
2784	2366
2785	2538
2786	2547
2787	2533
2788	2464
2789	2296
2790	2500
2791	2454
2792	2362
2793	2294
2794	2581
2795	2336
2796	2423
2797	2439
2798	2419
2799	2629
2800	2430
2801	2491
2802	2470
2803	2371
2804	2523
2805	2196
2806	2312
2807	2364
2808	2450
2809	2451
2810	2620
2811	2194
2812	2458
2813	2416
2814	2560
2815	2556
2816	2697
2817	2497
2818	2553
2819	2426
2820	2571
2821	2408
2822	2460
2823	2530
2824	2428
2825	2552
2826	2598
2827	2419
2828	2385
2829	2272
2830	2524
2831	2318
2832	2347
2833	2302
2834	2218
2835	2412
2836	2263
2837	2197
2838	2286
2839	2408
2840	2394
2841	2214
2842	2264
2843	2213
2844	2337
2845	2238
2846	2369
2847	2361
2848	2399
2849	2446
2850	2209
2851	2190
2852	2329
2853	2542
2854	2222
2855	2417
2856	2424
2857	2536
2858	2431
2859	2279
2860	2533
2861	2524
2862	2605
2863	2632
2864	2579
2865	2501
2866	2446
2867	2420
2868	2488
2869	2534
2870	2261
2871	2317
2872	2436
2873	2438
2874	2299
2875	2603
2876	2498
2877	2335
2878	2356
2879	2142
2880	2217
2881	2268
2882	2287
2883	2273
2884	2312
2885	2349
2886	2392
2887	2264
2888	2474
2889	2358
2890	2385
2891	2277
2892	2228
2893	2492
2894	2293
2895	2404
2896	2079
2897	2206
2898	2542
2899	2413
2900	2339
2901	2365
2902	2215
2903	2548
2904	2485
2905	2364
2906	2421
2907	2197
2908	2264
2909	2355
2910	2456
2911	2397
2912	2372
2913	2397
2914	2282
2915	2373
2916	2240
2917	2402
2918	2403
2919	2158
2920	2471
2921	2211
2922	2185
2923	2398
2924	2316
2925	2280
2926	2359
2927	2374
2928	2374
2929	2145
2930	2225
2931	2290
2932	2367
2933	2319
2934	2276
2935	2454
2936	2285
2937	2307
2938	2303
2939	2396
2940	2167
2941	2558
2942	2405
2943	2349
2944	2537
2945	2415
2946	2304
2947	2431
2948	2564
2949	2197
2950	2145
2951	2438
2952	2308
2953	2425
2954	2284
2955	2389
2956	2345
2957	2298
2958	2431
2959	2345
2960	2670
2961	2372
2962	2616
2963	2471
2964	2472
2965	2710
2966	2341
2967	2352
2968	2394
2969	2584
2970	2481
2971	2395
2972	2390
2973	2440
2974	2544
2975	2501
2976	2458
2977	2662
2978	2417
2979	2643
2980	2808
2981	2256
2982	2503
2983	2565
2984	2900
2985	2448
2986	2641
2987	2584
2988	2419
2989	2627
2990	2819
2991	2568
2992	2603
2993	2509
2994	2527
2995	2448
2996	2539
2997	2383
2998	2464
2999	2568
3000	2589
3001	2487
3002	2405
3003	2575
3004	2649
3005	3072
3006	2588
3007	2621
3008	2651
3009	2725
3010	2536
3011	2655
3012	2631
3013	2394
3014	2593
3015	2573
3016	2666
3017	2555
3018	2580
3019	2652
3020	2465
3021	2417
3022	2425
3023	2519
3024	2438
3025	2518
3026	2301
3027	2406
3028	2419
3029	2349
3030	2492
3031	2487
3032	2544
3033	2542
3034	2395
3035	2495
3036	2466
3037	2422
3038	2454
3039	2482
3040	2395
3041	2651
3042	2459
3043	2572
3044	2459
3045	2655
3046	2632
3047	2638
3048	2565
3049	2695
3050	2472
3051	2682
3052	2941
3053	2940
3054	2947
3055	2722
3056	2606
3057	2856
3058	2805
3059	2939
3060	2881
3061	2837
3062	2836
3063	2753
3064	2704
3065	2923
3066	2790
3067	2650
3068	2624
3069	2463
3070	2288
3071	2780
3072	2707
3073	2562
3074	2675
3075	2596
3076	2674
3077	2890
3078	2686
3079	2779
3080	2641
3081	2781
3082	2728
3083	2577
3084	2690
3085	2964
3086	2746
3087	2635
3088	2632
3089	2472
3090	2633
3091	2349
3092	2421
3093	2635
3094	2417
3095	2666
3096	2725
3097	2868
3098	2610
3099	2741
3100	2555
3101	2584
3102	2838
3103	2493
3104	2633
3105	2635
3106	2848
3107	2478
3108	2574
3109	2558
3110	2415
3111	2537
3112	2549
3113	2571
3114	2494
3115	2956
3116	2517
3117	2601
3118	3178
3119	2826
3120	2525
3121	2680
3122	2511
3123	2591
3124	2624
3125	2640
3126	2834
3127	2398
3128	2426
3129	2495
3130	2459
3131	2639
3132	2511
3133	2594
3134	2492
3135	2566
3136	2589
3137	2474
3138	2408
3139	2534
3140	2563
3141	2648
3142	2482
3143	2335
3144	2686
3145	2714
3146	2448
3147	2255
3148	2271
3149	2418
3150	2619
3151	2495
3152	2641
3153	2264
3154	2352
3155	2441
3156	2337
3157	2517
3158	2453
3159	2324
3160	2401
3161	2657
3162	2336
3163	2587
3164	2408
3165	2595
3166	2337
3167	2549
3168	2636
3169	2494
3170	2459
3171	2247
3172	2233
3173	2454
3174	2343
3175	2308
3176	2316
3177	2292
3178	2281
3179	2288
3180	2336
3181	2456
3182	2296
3183	2530
3184	2335
3185	2376
3186	2417
3187	2468
3188	2463
3189	2365
3190	2544
3191	2397
3192	2483
3193	2616
3194	2514
3195	2373
3196	2272
3197	2328
3198	2560
3199	2348
3200	2184
3201	2185
3202	2233
3203	2457
3204	2361
3205	2521
3206	2409
3207	2396
3208	2325
3209	2329
3210	2278
3211	2514
3212	2311
3213	2186
3214	2347
3215	2382
3216	2255
3217	2428
3218	2412
3219	2435
3220	2215
3221	2397
3222	2371
3223	2539
3224	2429
3225	2336
3226	2195
3227	2335
3228	2099
3229	2177
3230	2214
3231	2602
3232	2123
3233	2118
3234	2408
3235	2373
3236	2649
3237	2508
3238	2560
3239	2604
3240	2506
3241	2589
3242	2467
3243	2392
3244	2313
3245	2332
3246	2500
3247	2331
3248	2186
3249	2333
3250	2198
3251	2299
3252	2232
3253	2334
3254	2408
3255	2468
3256	2365
3257	2149
3258	2220
3259	2176
3260	2315
3261	2203
3262	2382
3263	2196
3264	2260
3265	2167
3266	2354
3267	2401
3268	2396
3269	2435
3270	2425
3271	2350
3272	2406
3273	2359
3274	2390
3275	2450
3276	2358
3277	2309
3278	2395
3279	2173
3280	2401
3281	2315
3282	2317
3283	2234
3284	2416
3285	2488
3286	2298
3287	2281
3288	2170
3289	2366
3290	2311
3291	2315
3292	2339
3293	2304
3294	2554
3295	2147
3296	2229
3297	2391
3298	2292
3299	2315
3300	2235
3301	2428
3302	2173
3303	2282
3304	2471
3305	2556
3306	2482
3307	2430
3308	2515
3309	2198
3310	2399
3311	2334
3312	2147
3313	2092
3314	2334
3315	2555
3316	2283
3317	2443
3318	2460
3319	2481
3320	2312
3321	2365
3322	2459
3323	2512
3324	2185
3325	2255
3326	2276
3327	2388
3328	2359
3329	2044
3330	2268
3331	2208
3332	2162
3333	2323
3334	2274
3335	2226
3336	2348
3337	2412
3338	2342
3339	2272
3340	2251
3341	2254
3342	2373
3343	2287
3344	2200
3345	2390
3346	2369
3347	2596
3348	2389
3349	2293
3350	2212
3351	2198
3352	2234
3353	1994
3354	2129
3355	2123
3356	2199
3357	2164
3358	2193
3359	2435
3360	2036
3361	2086
3362	2231
3363	2102
3364	2108
3365	2139
3366	1944
3367	2132
3368	2037
3369	2104
3370	2111
3371	2168
3372	1956
3373	2068
3374	2051
3375	2103
3376	1867
3377	1955
3378	2158
3379	2073
3380	1990
3381	2068
3382	2058
3383	1979
3384	1926
3385	1995
3386	1656
3387	1914
3388	1860
3389	1982
3390	2041
3391	1963
3392	1864
3393	1809
3394	1860
3395	1939
3396	1951
3397	1997
3398	2004
3399	1897
3400	2094
3401	1933
3402	1954
3403	1921
3404	2062
3405	1905
3406	1867
3407	1893
3408	1689
3409	2034
3410	2073
3411	1889
3412	1904
3413	1962
3414	1961
3415	1826
3416	1839
3417	1885
3418	1788
3419	1897
3420	1968
3421	1856
3422	1971
3423	1984
3424	1893
3425	1926
3426	1924
3427	1969
3428	2005
3429	1890
3430	1691
3431	2034
3432	1785
3433	2098
3434	2078
3435	2053
3436	1979
3437	2055
3438	2023
3439	1991
3440	1895
3441	1821
3442	1861
3443	2012
3444	1855
3445	1904
3446	1882
3447	1751
3448	1824
3449	1887
3450	1935
3451	1931
3452	1868
3453	1876
3454	1907
3455	2147
3456	1941
3457	1894
3458	1992
3459	1879
3460	1779
3461	1947
3462	1822
3463	1891
3464	1912
3465	2004
3466	1904
3467	1927
3468	1862
3469	1935
3470	1902
3471	1972
3472	1797
3473	1906
3474	1704
3475	1842
3476	1891
3477	1830
3478	1783
3479	1735
3480	1969
3481	1911
3482	1819
3483	2004
3484	1790
3485	1869
3486	1580
3487	1870
3488	1835
3489	1918
3490	1878
3491	1841
3492	1718
3493	1853
3494	1785
3495	1849
3496	1991
3497	1797
3498	1779
3499	1944
3500	1887
3501	1900
3502	1994
3503	2039
3504	2068
3505	1806
3506	1778
3507	1892
3508	1921
3509	1802
3510	1801
3511	1783
3512	1955
3513	1911
3514	1888
3515	1976
3516	1826
3517	1706
3518	1727
3519	1815
3520	2003
3521	1895
3522	1898
3523	1892
3524	1895
3525	1919
3526	1822
3527	2013
3528	1838
3529	1912
3530	1867
3531	1829
3532	1875
3533	1961
3534	1932
3535	1892
3536	1879
3537	1847
3538	1930
3539	2067
3540	1847
3541	1861
3542	1792
3543	1961
3544	1816
3545	1985
3546	1978
3547	1883
3548	1787
3549	1992
3550	1666
3551	1674
3552	1804
3553	1865
3554	2100
3555	1881
3556	1706
3557	1897
3558	2021
3559	1849
3560	1959
3561	1842
3562	1738
3563	1918
3564	1814
3565	1802
3566	1946
3567	1952
3568	1810
3569	1672
3570	1947
3571	1718
3572	1915
3573	1791
3574	1829
3575	1722
3576	1954
3577	1936
3578	1919
3579	1933
3580	1941
3581	1768
3582	1935
3583	2032
3584	2058
3585	2033
3586	1982
3587	1832
3588	1898
3589	1879
3590	1973
3591	1959
3592	1926
3593	1833
3594	1996
3595	1976
3596	1977
3597	1775
3598	1704
3599	1830
3600	1913
3601	1787
3602	1958
3603	2021
3604	1998
3605	2034
3606	1957
3607	1995
3608	1876
3609	1862
3610	1977
3611	1872
3612	1767
3613	1813
3614	1936
3615	2009
3616	2022
3617	1952
3618	1987
3619	1888
3620	1896
3621	1949
3622	1996
3623	1886
3624	1869
3625	2021
3626	1846
3627	1895
3628	1892
3629	1850
3630	1910
3631	2095
3632	1962
3633	1940
3634	1918
3635	1772
3636	1856
3637	2065
3638	1873
3639	1920
3640	2052
3641	1927
3642	1887
3643	1960
3644	2030
3645	1852
3646	1929
3647	1908
3648	2026
3649	1881
3650	1864
3651	2040
3652	2067
3653	2085
3654	2025
3655	2007
3656	1954
3657	1858
3658	2023
3659	2151
3660	2039
3661	1862
3662	1961
3663	1886
3664	1900
3665	2012
3666	1953
3667	1989
3668	1924
3669	1810
3670	1762
3671	1796
3672	1936
3673	2104
3674	1984
3675	2029
3676	2084
3677	1955
3678	2150
3679	1848
3680	1893
3681	1944
3682	2153
3683	2108
3684	2100
3685	1931
3686	1947
3687	1744
3688	1861
3689	1942
3690	2000
3691	1852
3692	2014
3693	1995
3694	1955
3695	1887
3696	1844
3697	1927
3698	1881
3699	2101
3700	2204
3701	1923
3702	1977
3703	1945
3704	2047
3705	1977
3706	1846
3707	1786
3708	2029
3709	1908
3710	1983
3711	1914
3712	2026
3713	1941
3714	1927
3715	1868
3716	2002
3717	2055
3718	2015
3719	1749
3720	1983
3721	1956
3722	1675
3723	1851
3724	1648
3725	2007
3726	1969
3727	1922
3728	1712
3729	1945
3730	1830
3731	1886
3732	1960
3733	2025
3734	1943
3735	1990
3736	2034
3737	2110
3738	1968
3739	1753
3740	1905
3741	1883
3742	1993
3743	1742
3744	1860
3745	1981
3746	2151
3747	2125
3748	2003
3749	1708
3750	1857
3751	1857
3752	2050
3753	2013
3754	1858
3755	1870
3756	1915
3757	2086
3758	2063
3759	1851
3760	1897
3761	1788
3762	1786
3763	1903
3764	1769
3765	1782
3766	1833
3767	1673
3768	1792
3769	1732
3770	1917
3771	1843
3772	1929
3773	1661
3774	1967
3775	1864
3776	1747
3777	1754
3778	1719
3779	1719
3780	1674
3781	1639
3782	1983
3783	1672
3784	1846
3785	1863
3786	1851
3787	1901
3788	1911
3789	1844
3790	1809
3791	2066
3792	2020
3793	1931
3794	1665
3795	1813
3796	1715
3797	1625
3798	1877
3799	1843
3800	1680
3801	1984
3802	1908
3803	1871
3804	1955
3805	1844
3806	1740
3807	1688
3808	1761
3809	1672
3810	1749
3811	1544
3812	1669
3813	1601
3814	1691
3815	1804
3816	1754
3817	1676
3818	1721
3819	1889
3820	1762
3821	1621
3822	1756
3823	1725
3824	1621
3825	1800
3826	1644
3827	1552
3828	1561
3829	1572
3830	1637
3831	1497
3832	1560
3833	1580
3834	1697
3835	1532
3836	1651
3837	1607
3838	1597
3839	1577
3840	1481
3841	1606
3842	1601
3843	1574
3844	1479
3845	1477
3846	1587
3847	1745
3848	1413
3849	1770
3850	1610
3851	1831
3852	1626
3853	1635
3854	1700
3855	1524
3856	1550
3857	1554
3858	1699
3859	1520
3860	1736
3861	1623
3862	1488
3863	1587
3864	1501
3865	1559
3866	1763
3867	1615
3868	1557
3869	1603
3870	1585
3871	1550
3872	1622
3873	1873
3874	1601
3875	1614
3876	1648
3877	1661
3878	1817
3879	1691
3880	1907
3881	1784
3882	1736
3883	1596
3884	1471
3885	1836
3886	1713
3887	1698
3888	1607
3889	1611
3890	1672
3891	1699
3892	1590
3893	1617
3894	1719
3895	1730
3896	1761
3897	1842
3898	1891
3899	1744
3900	1883
3901	1753
3902	1867
3903	1660
3904	1783
3905	1709
3906	1732
3907	1740
3908	1662
3909	1769
3910	1665
3911	1826
3912	1753
3913	1871
3914	1787
3915	2060
3916	2050
3917	1822
3918	1781
3919	1883
3920	2073
3921	1961
3922	2004
3923	1836
3924	1942
3925	1888
3926	1761
3927	1923
3928	2035
3929	2046
3930	2017
3931	1934
3932	1959
3933	1994
3934	1905
3935	1962
3936	1735
3937	1893
3938	2017
3939	1717
3940	1731
3941	1828
3942	1838
3943	1771
3944	1768
3945	1801
3946	1804
3947	1970
3948	1822
3949	1639
3950	1769
3951	1821
3952	1783
3953	1832
3954	1899
3955	1967
3956	1900
3957	2232
3958	1904
3959	1867
3960	1896
3961	1922
3962	2035
3963	1983
3964	1852
3965	1968
3966	1899
3967	1915
3968	1936
3969	1883
3970	1756
3971	1756
3972	1764
3973	1787
3974	1880
3975	1945
3976	2009
3977	1863
3978	1770
3979	1901
3980	1975
3981	1831
3982	1863
3983	1955
3984	1855
3985	1831
3986	1775
3987	2102
3988	1685
3989	1733
3990	1665
3991	1788
3992	1659
3993	1643
3994	1700
3995	1666
3996	1660
3997	1645
3998	1695
3999	1801
4000	1671
4001	1710
4002	1752
4003	1729
4004	1760
4005	1711
4006	1674
4007	1668
4008	1722
4009	1749
4010	1777
4011	1658
4012	1722
4013	1821
4014	1806
4015	1705
4016	1846
4017	1909
4018	1766
4019	2046
4020	1913
4021	1767
4022	1956
4023	1777
4024	1882
4025	1662
4026	2022
4027	2000
4028	1926
4029	1768
4030	1741
4031	1993
4032	2273
4033	1855
4034	2100
4035	2468
4036	1621
4037	1922
4038	1610
4039	1707
4040	1759
4041	1677
4042	1662
4043	1686
4044	1770
4045	1814
4046	1732
4047	1475
4048	1732
4049	1700
4050	1756
4051	1669
4052	1913
4053	1611
4054	1507
4055	1744
4056	1702
4057	1712
4058	1782
4059	1570
4060	1622
4061	1627
4062	1752
4063	1607
4064	1786
4065	1798
4066	1970
4067	1889
4068	1748
4069	1687
4070	1763
4071	1831
4072	1714
4073	1827
4074	1802
4075	1657
4076	1819
4077	1728
4078	1636
4079	1698
4080	1743
4081	1724
4082	1888
4083	1673
4084	1716
4085	1577
4086	1753
4087	1841
4088	1845
4089	1617
4090	1863
4091	1586
4092	1707
4093	1800
4094	1548
4095	1597
4096	1737
4097	1852
4098	1937
4099	1826
4100	1836
4101	1629
4102	1717
4103	1820
4104	1756
4105	1682
4106	1607
4107	1815
4108	1447
4109	1646
4110	1538
4111	1848
4112	1668
4113	1871
4114	1654
4115	1560
4116	1917
4117	1878
4118	1669
4119	1641
4120	1730
4121	1685
4122	1711
4123	1630
4124	1820
4125	1657
4126	1804
4127	1810
4128	1657
4129	1802
4130	1667
4131	1664
4132	1527
4133	1767
4134	1621
4135	1554
4136	1610
4137	1734
4138	1795
4139	1628
4140	1495
4141	1763
4142	1657
4143	1752
4144	1560
4145	1694
4146	1603
4147	1597
4148	1784
4149	1780
4150	1521
4151	1640
4152	1647
4153	1641
4154	1563
4155	1634
4156	1599
4157	1620
4158	1461
4159	1533
4160	1616
4161	1613
4162	1641
4163	1628
4164	1751
4165	1653
4166	1572
4167	1520
4168	1654
4169	1634
4170	1421
4171	1601
4172	1484
4173	1702
4174	1706
4175	1515
4176	1497
4177	1560
4178	1663
4179	1464
4180	1597
4181	1551
4182	1519
4183	1528
4184	1636
4185	1620
4186	1448
4187	1534
4188	1623
4189	1511
4190	1622
4191	1629
4192	1703
4193	1534
4194	1456
4195	1346
4196	1640
4197	1388
4198	1369
4199	1509
4200	1614
4201	1557
4202	1725
4203	1404
4204	1478
4205	1609
4206	1545
4207	1493
4208	1545
4209	1494
4210	1700
4211	1524
4212	1610
4213	1435
4214	1491
4215	1502
4216	1638
4217	1557
4218	1570
4219	1452
4220	1554
4221	1547
4222	1598
4223	1564
4224	1421
4225	1519
4226	1694
4227	1559
4228	1521
4229	1692
4230	1619
4231	1623
4232	1567
4233	1581
4234	1605
4235	1514
4236	1538
4237	1443
4238	1381
4239	1665
4240	1476
4241	1426
4242	1438
4243	1613
4244	1570
4245	1398
4246	1545
4247	1436
4248	1565
4249	1470
4250	1553
4251	1392
4252	1591
4253	1493
4254	1589
4255	1388
4256	1481
4257	1466
4258	1387
4259	1386
4260	1323
4261	1364
4262	1410
4263	1538
4264	1590
4265	1536
4266	1485
4267	1695
4268	1689
4269	1655
4270	1589
4271	1546
4272	1758
4273	1602
4274	1614
4275	1731
4276	1652
4277	1590
4278	1623
4279	1703
4280	1729
4281	1561
4282	1610
4283	1537
4284	1693
4285	1559
4286	1646
4287	1522
4288	1613
4289	1613
4290	1578
4291	1657
4292	1673
4293	1642
4294	1770
4295	1731
4296	1701
4297	1678
4298	1646
4299	1635
4300	1745
4301	1602
4302	1538
4303	1624
4304	1543
4305	1755
4306	1485
4307	1729
4308	1522
4309	1575
4310	1673
4311	1678
4312	1512
4313	1510
4314	1415
4315	1620
4316	1509
4317	1444
4318	1582
4319	1467
4320	1423
4321	1506
4322	1441
4323	1491
4324	1595
4325	1673
4326	1471
4327	1324
4328	1495
4329	1406
4330	1247
4331	1599
4332	1448
4333	1460
4334	1616
4335	1416
4336	1501
4337	1477
4338	1471
4339	1516
4340	1489
4341	1491
4342	1519
4343	1308
4344	1456
4345	1492
4346	1344
4347	1339
4348	1326
4349	1575
4350	1379
4351	1527
4352	1389
4353	1442
4354	1467
4355	1529
4356	1556
4357	1359
4358	1311
4359	1532
4360	1382
4361	1482
4362	1449
4363	1452
4364	1325
4365	1315
4366	1349
4367	1425
4368	1324
4369	1394
4370	1281
4371	1221
4372	1335
4373	1479
4374	1569
4375	1353
4376	1302
4377	1554
4378	1525
4379	1369
4380	1405
4381	1481
4382	1225
4383	1269
4384	1290
4385	1329
4386	1173
4387	1237
4388	1341
4389	1272
4390	1487
4391	1346
4392	1487
4393	1369
4394	1421
4395	1447
4396	1267
4397	1304
4398	1411
4399	1344
4400	1408
4401	1331
4402	1346
4403	1246
4404	1367
4405	1500
4406	1300
4407	1180
4408	1361
4409	1258
4410	1245
4411	1289
4412	1384
4413	1434
4414	1393
4415	1237
4416	1373
4417	1357
4418	1337
4419	1323
4420	1313
4421	1270
4422	1286
4423	1278
4424	1351
4425	1348
4426	1181
4427	1456
4428	1166
4429	1421
4430	1280
4431	1305
4432	1345
4433	1195
4434	1078
4435	1313
4436	1240
4437	1311
4438	1222
4439	1380
4440	1350
4441	1325
4442	1367
4443	1224
4444	1301
4445	1363
4446	1226
4447	1220
4448	1208
4449	1245
4450	1232
4451	1231
4452	1017
4453	1223
4454	1084
4455	1333
4456	1151
4457	1318
4458	1185
4459	1221
4460	1333
4461	1309
4462	1242
4463	1302
4464	1365
4465	1216
4466	1271
4467	1282
4468	1097
4469	1180
4470	1261
4471	1133
4472	1264
4473	1348
4474	1321
4475	1299
4476	1403
4477	1343
4478	1120
4479	1168
4480	1340
4481	1183
4482	1249
4483	1319
4484	1220
4485	1247
4486	1252
4487	1245
4488	1352
4489	1156
4490	1140
4491	1290
4492	1385
4493	1314
4494	1237
4495	1359
4496	1337
4497	1200
4498	1227
4499	1092
4500	1256
4501	1308
4502	1274
4503	1301
4504	1282
4505	1305
4506	1326
4507	1236
4508	1399
4509	1327
4510	1359
4511	1366
4512	1465
4513	1226
4514	1259
4515	1282
4516	1276
4517	1294
4518	1273
4519	1169
4520	1268
4521	1220
4522	1205
4523	1348
4524	1290
4525	1408
4526	1199
4527	1284
4528	1289
4529	1149
4530	1268
4531	1364
4532	1281
4533	1383
4534	1120
4535	1246
4536	1337
4537	1115
4538	1305
4539	1238
4540	1277
4541	1188
4542	1246
4543	1246
4544	1267
4545	1179
4546	1324
4547	1197
4548	1245
4549	1223
4550	1220
4551	1303
4552	1142
4553	1350
4554	1286
4555	1293
4556	1295
4557	1057
4558	1298
4559	1200
4560	1296
4561	1233
4562	1188
4563	1158
4564	1220
4565	1333
4566	1092
4567	1205
4568	1188
4569	1264
4570	1235
4571	1111
4572	1148
4573	1095
4574	1190
4575	1235
4576	1327
4577	1251
4578	1136
4579	1346
4580	1198
4581	1106
4582	1268
4583	1341
4584	1170
4585	1370
4586	1196
4587	1196
4588	1311
4589	1311
4590	1238
4591	1374
4592	1235
4593	1203
4594	1317
4595	1114
4596	1205
4597	1143
4598	1114
4599	1248
4600	1239
4601	1283
4602	1100
4603	1170
4604	1245
4605	1189
4606	1181
4607	1308
4608	1270
4609	1227
4610	1224
4611	1192
4612	1332
4613	1343
4614	1182
4615	1213
4616	1308
4617	1282
4618	1299
4619	1380
4620	1258
4621	1353
4622	1339
4623	1355
4624	1385
4625	1375
4626	1360
4627	1418
4628	1396
4629	1531
4630	1400
4631	1367
4632	1313
4633	1372
4634	1349
4635	1278
4636	1367
4637	1458
4638	1355
4639	1302
4640	1307
4641	1294
4642	1403
4643	1323
4644	1301
4645	1493
4646	1332
4647	1408
4648	1256
4649	1315
4650	1530
4651	1401
4652	1416
4653	1451
4654	1222
4655	1351
4656	1433
4657	1483
4658	1671
4659	1490
4660	1323
4661	1290
4662	1470
4663	1328
4664	1347
4665	1404
4666	1323
4667	1235
4668	1231
4669	1305
4670	1276
4671	1257
4672	1347
4673	1334
4674	1346
4675	1514
4676	1335
4677	1190
4678	1336
4679	1207
4680	1400
4681	1299
4682	1240
4683	1302
4684	1448
4685	1374
4686	1314
4687	1362
4688	1242
4689	1346
4690	1089
4691	1200
4692	1268
4693	1300
4694	1357
4695	1242
4696	1304
4697	1247
4698	1370
4699	1352
4700	1240
4701	1340
4702	1165
4703	1142
4704	1504
4705	1314
4706	1382
4707	1303
4708	1231
4709	1222
4710	1223
4711	1171
4712	1265
4713	1183
4714	1236
4715	1248
4716	1051
4717	1188
4718	1330
4719	1434
4720	1247
4721	1183
4722	1049
4723	1231
4724	1371
4725	1290
4726	1199
4727	1046
4728	1235
4729	1153
4730	1160
4731	1268
4732	1268
4733	1309
4734	1240
4735	1366
4736	1217
4737	1230
4738	1289
4739	1383
4740	1258
4741	1140
4742	1289
4743	1082
4744	1259
4745	1189
4746	1396
4747	1269
4748	1293
4749	1238
4750	1466
4751	1179
4752	1259
4753	1351
4754	1247
4755	1322
4756	1282
4757	1181
4758	1286
4759	1254
4760	1378
4761	1292
4762	1193
4763	1260
4764	1222
4765	1350
4766	1335
4767	1432
4768	1278
4769	1397
4770	1565
4771	1324
4772	1430
4773	1269
4774	1362
4775	1189
4776	1457
4777	1421
4778	1360
4779	1377
4780	1355
4781	1244
4782	1558
4783	1343
4784	1189
4785	1447
4786	1235
4787	1362
4788	1310
4789	1374
4790	1312
4791	1120
4792	1350
4793	1411
4794	1340
4795	1270
4796	1164
4797	1195
4798	1326
4799	1423
4800	1428
4801	1439
4802	1300
4803	1475
4804	1254
4805	1376
4806	1367
4807	1297
4808	1262
4809	1451
4810	1270
4811	1320
4812	1304
4813	1270
4814	1404
4815	1294
4816	1261
4817	1490
4818	1280
4819	1275
4820	1389
4821	1364
4822	1406
4823	1336
4824	1168
4825	1517
4826	1547
4827	1478
4828	1367
4829	1430
4830	1541
4831	1360
4832	1369
4833	1320
4834	1251
4835	1409
4836	1282
4837	1389
4838	1433
4839	1322
4840	1544
4841	1476
4842	1498
4843	1370
4844	1285
4845	1344
4846	1351
4847	1329
4848	1225
4849	1212
4850	1298
4851	1276
4852	1330
4853	1120
4854	1233
4855	1270
4856	1190
4857	1365
4858	1090
4859	1232
4860	1198
4861	1255
4862	1244
4863	1346
4864	1287
4865	1186
4866	1187
4867	1215
4868	1126
4869	1233
4870	1416
4871	1194
4872	1284
4873	1146
4874	1274
4875	1330
4876	1087
4877	1088
4878	1075
4879	1131
4880	1164
4881	1241
4882	1148
4883	1250
4884	1123
4885	1198
4886	1094
4887	1187
4888	1255
4889	1131
4890	1193
4891	1055
4892	1144
4893	1223
4894	1109
4895	1215
4896	1230
4897	1147
4898	1192
4899	1173
4900	1126
4901	1227
4902	1137
4903	1176
4904	1321
4905	1247
4906	1237
4907	1289
4908	1198
4909	1255
4910	1243
4911	1105
4912	1052
4913	1198
4914	1128
4915	1250
4916	1091
4917	1126
4918	1201
4919	1044
4920	1164
4921	1263
4922	1187
4923	1252
4924	955
4925	1098
4926	1179
4927	1236
4928	1215
4929	1015
4930	1147
4931	1096
4932	1259
4933	1265
4934	1167
4935	1085
4936	1205
4937	1167
4938	1149
4939	1227
4940	1246
4941	1121
4942	1239
4943	1246
4944	1106
4945	1276
4946	1189
4947	1184
4948	1331
4949	1140
4950	1208
4951	1005
4952	1196
4953	1188
4954	1217
4955	1059
4956	1258
4957	1087
4958	1170
4959	1088
4960	1130
4961	1251
4962	1101
4963	1244
4964	1076
4965	1090
4966	1109
4967	1144
4968	1213
4969	1323
4970	1260
4971	1187
4972	1051
4973	1104
4974	1159
4975	1271
4976	1129
4977	1050
4978	1057
4979	1105
4980	1150
4981	1241
4982	1016
4983	1008
4984	1125
4985	1113
4986	1191
4987	1219
4988	1166
4989	1063
4990	1299
4991	1044
4992	946
4993	1142
4994	978
4995	1236
4996	1217
4997	1109
4998	1287
4999	1108
5000	1186
5001	1116
5002	1195
5003	1026
5004	1168
5005	1074
5006	1149
5007	1095
5008	1137
5009	1200
5010	1157
5011	1162
5012	1051
5013	1067
5014	1172
5015	1253
5016	1095
5017	1186
5018	1295
5019	1183
5020	1103
5021	1269
5022	1168
5023	1135
5024	1144
5025	1068
5026	1022
5027	1216
5028	988
5029	1105
5030	1078
5031	1004
5032	991
5033	1070
5034	1052
5035	1103
5036	1002
5037	887
5038	1086
5039	976
5040	1011
5041	1138
5042	1090
5043	1058
5044	1055
5045	1083
5046	1127
5047	928
5048	1194
5049	1043
5050	1078
5051	980
5052	1045
5053	1079
5054	1015
5055	1077
5056	1044
5057	1076
5058	1179
5059	1006
5060	1049
5061	1114
5062	1054
5063	1042
5064	993
5065	1050
5066	1095
5067	1114
5068	1017
5069	1081
5070	1142
5071	1079
5072	1090
5073	977
5074	1117
5075	1104
5076	1098
5077	1035
5078	1046
5079	1040
5080	1033
5081	1135
5082	1086
5083	1204
5084	1044
5085	999
5086	1025
5087	1025
5088	1179
5089	1098
5090	1071
5091	1126
5092	1048
5093	954
5094	1021
5095	1126
5096	1188
5097	1179
5098	1154
5099	1167
5100	1053
5101	1065
5102	1111
5103	1077
5104	1060
5105	959
5106	1043
5107	996
5108	1091
5109	1085
5110	1066
5111	1112
5112	879
5113	1089
5114	1058
5115	1014
5116	1024
5117	1126
5118	1063
5119	1043
5120	941
5121	1146
5122	1004
5123	1109
5124	1071
5125	1054
5126	1060
5127	1108
5128	1040
5129	1137
5130	1134
5131	1120
5132	972
5133	1209
5134	966
5135	866
5136	1015
5137	1054
5138	1072
5139	967
5140	1057
5141	979
5142	983
5143	1115
5144	1006
5145	1060
5146	975
5147	954
5148	996
5149	979
5150	1058
5151	1059
5152	1001
5153	939
5154	1038
5155	1131
5156	1019
5157	1045
5158	1155
5159	1114
5160	1137
5161	1033
5162	1010
5163	1061
5164	1095
5165	1188
5166	1015
5167	1101
5168	956
5169	1020
5170	1017
5171	1110
5172	918
5173	1096
5174	1035
5175	1019
5176	1082
5177	1034
5178	1123
5179	1055
5180	1031
5181	1076
5182	914
5183	1125
5184	1103
5185	1037
5186	1038
5187	1134
5188	1074
5189	1009
5190	986
5191	1143
5192	1130
5193	1184
5194	1024
5195	993
5196	1079
5197	1122
5198	1113
5199	1033
5200	1123
5201	1074
5202	1110
5203	1228
5204	1000
5205	1006
5206	983
5207	1062
5208	975
5209	1229
5210	1079
5211	1169
5212	1158
5213	1163
5214	1114
5215	1027
5216	1129
5217	1176
5218	1082
5219	1047
5220	1138
5221	1163
5222	1050
5223	1224
5224	1067
5225	987
5226	980
5227	1191
5228	1009
5229	1030
5230	1143
5231	1077
5232	1113
5233	928
5234	1106
5235	929
5236	1250
5237	1021
5238	1149
5239	1117
5240	1092
5241	1030
5242	995
5243	1077
5244	1055
5245	1145
5246	1074
5247	1154
5248	1032
5249	1088
5250	1140
5251	1111
5252	1216
5253	926
5254	1097
5255	1129
5256	1034
5257	1033
5258	1044
5259	1112
5260	1045
5261	1011
5262	1109
5263	1078
5264	1072
5265	950
5266	961
5267	1166
5268	929
5269	1019
5270	974
5271	1020
5272	1063
5273	1041
5274	934
5275	1048
5276	1016
5277	958
5278	985
5279	814
5280	862
5281	1005
5282	958
5283	1004
5284	972
5285	1068
5286	973
5287	1022
5288	1177
5289	1060
5290	948
5291	924
5292	1008
5293	977
5294	910
5295	965
5296	1049
5297	972
5298	1011
5299	1065
5300	1169
5301	930
5302	1028
5303	1054
5304	1059
5305	1018
5306	1166
5307	1062
5308	1071
5309	1042
5310	1021
5311	1093
5312	976
5313	990
5314	938
5315	1008
5316	1012
5317	936
5318	987
5319	1040
5320	995
5321	1010
5322	1067
5323	1023
5324	957
5325	1045
5326	995
5327	1060
5328	952
5329	929
5330	895
5331	1021
5332	983
5333	973
5334	1037
5335	925
5336	1087
5337	1097
5338	1026
5339	1062
5340	948
5341	948
5342	892
5343	982
5344	1097
5345	978
5346	1039
5347	979
5348	952
5349	954
5350	1031
5351	1053
5352	1165
5353	1003
5354	1054
5355	1011
5356	959
5357	866
5358	939
5359	1003
5360	1008
5361	1087
5362	1009
5363	960
5364	953
5365	1015
5366	1138
5367	986
5368	1145
5369	1113
5370	1110
5371	866
5372	1173
5373	1062
5374	1014
5375	993
5376	1032
5377	956
5378	1080
5379	1023
5380	1029
5381	1052
5382	1128
5383	997
5384	1059
5385	1004
5386	1101
5387	1063
5388	1093
5389	902
5390	849
5391	1062
5392	1065
5393	1012
5394	1079
5395	950
5396	1015
5397	942
5398	1210
5399	1107
5400	1030
5401	980
5402	1047
5403	1172
5404	1069
5405	1069
5406	1003
5407	1039
5408	1084
5409	986
5410	930
5411	968
5412	1174
5413	1073
5414	1152
5415	1121
5416	1135
5417	1152
5418	1120
5419	1279
5420	965
5421	1111
5422	1160
5423	1267
5424	1177
5425	1051
5426	1163
5427	1054
5428	1023
5429	1072
5430	1102
5431	1244
5432	1087
5433	955
5434	1165
5435	1135
5436	1214
5437	1060
5438	1236
5439	1043
5440	1154
5441	1194
5442	1077
5443	1045
5444	1203
5445	1155
5446	1212
5447	996
5448	1194
5449	1110
5450	1046
5451	1182
5452	1083
5453	1147
5454	1086
5455	1081
5456	1047
5457	1222
5458	1145
5459	1208
5460	1130
5461	1297
5462	1086
5463	1042
5464	1138
5465	1066
5466	1204
5467	1123
5468	1152
5469	1052
5470	1285
5471	1240
5472	1283
5473	1116
5474	1352
5475	1350
5476	1386
5477	1426
5478	1300
5479	1225
5480	1284
5481	1334
5482	1416
5483	1302
5484	1382
5485	1185
5486	1341
5487	1493
5488	1314
5489	1254
5490	1361
5491	1397
5492	1208
5493	1312
5494	1309
5495	1306
5496	1225
5497	1234
5498	1253
5499	1350
5500	1323
5501	1352
5502	1277
5503	1430
5504	1281
5505	1241
5506	1405
5507	1183
5508	1149
5509	1212
5510	1214
5511	1370
5512	1140
5513	1244
5514	1237
5515	1233
5516	1228
5517	1271
5518	1352
5519	1314
5520	1387
5521	1378
5522	1356
5523	1190
5524	1101
5525	1286
5526	1155
5527	1189
5528	1255
5529	1257
5530	1169
5531	1367
5532	1080
5533	1514
5534	1309
5535	1325
5536	1442
5537	1558
5538	1319
5539	1412
5540	1366
5541	1255
5542	1240
5543	1205
5544	1409
5545	1217
5546	1289
5547	1281
5548	1285
5549	1253
5550	1122
5551	1362
5552	1191
5553	1309
5554	1288
5555	1264
5556	1196
5557	1406
5558	1454
5559	1337
5560	1336
5561	1401
5562	1351
5563	1079
5564	1227
5565	1154
5566	1207
5567	1183
5568	1148
5569	1183
5570	1224
5571	1071
5572	1268
5573	1235
5574	1257
5575	1304
5576	1058
5577	1172
5578	1152
5579	1255
5580	1080
5581	1232
5582	1138
5583	1209
5584	1207
5585	1247
5586	1105
5587	1213
5588	1186
5589	1224
5590	1125
5591	1098
5592	1054
5593	1183
5594	1369
5595	1023
5596	1081
5597	1144
5598	1006
5599	1219
5600	1256
5601	1083
5602	1266
5603	1241
5604	1235
5605	1248
5606	1200
5607	1159
5608	1176
5609	1097
5610	1204
5611	1186
5612	1232
5613	1102
5614	1167
5615	1107
5616	1157
5617	1143
5618	1150
5619	1108
5620	1331
5621	1234
5622	1168
5623	1074
5624	1227
5625	980
5626	1143
5627	1078
5628	1055
5629	1123
5630	1173
5631	1098
5632	1118
5633	1189
5634	1088
5635	1216
5636	974
5637	1110
5638	1262
5639	1227
5640	1196
5641	1109
5642	1177
5643	1100
5644	1033
5645	1251
5646	1064
5647	1110
5648	1103
5649	1138
5650	1025
5651	1253
5652	1140
5653	1012
5654	1160
5655	1119
5656	1132
5657	1129
5658	1142
5659	1170
5660	1188
5661	1154
5662	1259
5663	1147
5664	1047
5665	1090
5666	1102
5667	1169
5668	1117
5669	979
5670	1021
5671	1013
5672	1024
5673	993
5674	1178
5675	1057
5676	1112
5677	1036
5678	1066
5679	1154
5680	1067
5681	1150
5682	1137
5683	1037
5684	987
5685	1080
5686	963
5687	960
5688	1104
5689	1092
5690	1144
5691	948
5692	1160
5693	1210
5694	1104
5695	1207
5696	1158
5697	1083
5698	1153
5699	1260
5700	1111
5701	1035
5702	996
5703	1054
5704	1110
5705	1138
5706	1026
5707	1156
5708	1097
5709	1156
5710	1050
5711	967
5712	1033
5713	1052
5714	1193
5715	1101
5716	890
5717	1135
5718	1088
5719	1054
5720	1104
5721	1026
5722	1231
5723	975
5724	1178
5725	1103
5726	1030
5727	923
5728	1138
5729	1144
5730	901
5731	1158
5732	1064
5733	903
5734	990
5735	1041
5736	1032
5737	996
5738	920
5739	946
5740	1055
5741	1111
5742	938
5743	999
5744	951
5745	1108
5746	932
5747	1034
5748	998
5749	1061
5750	936
5751	972
5752	1168
5753	949
5754	1187
5755	948
5756	1011
5757	984
5758	1020
5759	960
5760	1079
5761	1010
5762	935
5763	1012
5764	1012
5765	994
5766	1094
5767	1137
5768	1072
5769	1006
5770	1109
5771	915
5772	1112
5773	1206
5774	983
5775	1037
5776	1004
5777	1007
5778	1182
5779	872
5780	938
5781	1068
5782	1062
5783	909
5784	970
5785	1120
5786	1081
5787	1102
5788	1107
5789	1023
5790	944
5791	914
5792	1081
5793	1068
5794	1038
5795	967
5796	922
5797	1028
5798	919
5799	989
5800	899
5801	899
5802	1027
5803	964
5804	893
5805	980
5806	853
5807	1001
5808	864
5809	1032
5810	926
5811	1003
5812	1039
5813	1020
5814	1083
5815	1005
5816	934
5817	955
5818	1017
5819	899
5820	1046
5821	991
5822	951
5823	895
5824	931
5825	1093
5826	1262
5827	1278
5828	1046
5829	976
5830	1042
5831	974
5832	1026
5833	989
5834	925
5835	1103
5836	1086
5837	1061
5838	1002
5839	870
5840	1043
5841	1099
5842	1019
5843	1009
5844	971
5845	977
5846	1176
5847	1158
5848	888
5849	1056
5850	888
5851	1001
5852	1091
5853	1115
5854	1038
5855	901
5856	1014
5857	872
5858	1043
5859	914
5860	966
5861	1026
5862	876
5863	1011
5864	950
5865	1022
5866	973
5867	1139
5868	1010
5869	1204
5870	995
5871	971
5872	978
5873	1109
5874	967
5875	987
5876	917
5877	897
5878	1022
5879	932
5880	1076
5881	1091
5882	944
5883	826
5884	1008
5885	998
5886	1007
5887	975
5888	979
5889	1107
5890	826
5891	829
5892	952
5893	1087
5894	1015
5895	972
5896	940
5897	1043
5898	1081
5899	986
5900	945
5901	986
5902	977
5903	949
5904	931
5905	925
5906	992
5907	935
5908	933
5909	1013
5910	856
5911	915
5912	951
5913	978
5914	958
5915	900
5916	963
5917	793
5918	831
5919	891
5920	970
5921	853
5922	907
5923	933
5924	866
5925	941
5926	908
5927	859
5928	1097
5929	895
5930	991
5931	826
5932	851
5933	1048
5934	1078
5935	930
5936	766
5937	969
5938	807
5939	900
5940	1001
5941	996
5942	982
5943	968
5944	1026
5945	1032
5946	764
5947	1044
5948	884
5949	957
5950	945
5951	960
5952	957
5953	933
5954	900
5955	956
5956	993
5957	865
5958	1071
5959	766
5960	905
5961	853
5962	865
5963	881
5964	944
5965	835
5966	1011
5967	964
5968	892
5969	984
5970	946
5971	899
5972	957
5973	981
5974	937
5975	1023
5976	944
5977	937
5978	980
5979	1008
5980	801
5981	917
5982	819
5983	868
5984	766
5985	956
5986	858
5987	895
5988	948
5989	919
5990	967
5991	913
5992	913
5993	943
5994	987
5995	1011
5996	1077
5997	883
5998	1006
5999	967
6000	831
6001	943
6002	1008
6003	800
6004	933
6005	966
6006	1080
6007	915
6008	1061
6009	960
6010	915
6011	821
6012	998
6013	846
6014	981
6015	801
6016	954
6017	902
6018	913
6019	855
6020	1057
6021	997
6022	899
6023	879
6024	885
6025	891
6026	816
6027	938
6028	897
6029	985
6030	907
6031	933
6032	949
6033	846
6034	914
6035	1018
6036	890
6037	891
6038	879
6039	923
6040	852
6041	853
6042	915
6043	899
6044	841
6045	869
6046	905
6047	836
6048	848
6049	1009
6050	896
6051	883
6052	951
6053	849
6054	939
6055	821
6056	931
6057	929
6058	903
6059	864
6060	849
6061	845
6062	927
6063	832
6064	908
6065	828
6066	865
6067	754
6068	928
6069	908
6070	952
6071	871
6072	775
6073	826
6074	918
6075	981
6076	855
6077	878
6078	827
6079	831
6080	962
6081	788
6082	800
6083	814
6084	756
6085	814
6086	820
6087	823
6088	951
6089	958
6090	810
6091	1072
6092	912
6093	927
6094	962
6095	872
6096	927
6097	919
6098	899
6099	803
6100	1025
6101	940
6102	851
6103	1000
6104	772
6105	973
6106	863
6107	829
6108	849
6109	956
6110	820
6111	831
6112	881
6113	929
6114	876
6115	839
6116	873
6117	805
6118	922
6119	864
6120	901
6121	985
6122	990
6123	858
6124	929
6125	948
6126	910
6127	899
6128	900
6129	776
6130	967
6131	917
6132	893
6133	931
6134	830
6135	922
6136	764
6137	904
6138	899
6139	924
6140	771
6141	1032
6142	891
6143	831
6144	881
6145	928
6146	819
6147	875
6148	776
6149	846
6150	833
6151	910
6152	895
6153	832
6154	892
6155	900
6156	761
6157	866
6158	812
6159	830
6160	789
6161	796
6162	818
6163	815
6164	875
6165	882
6166	850
6167	808
6168	828
6169	774
6170	740
6171	823
6172	799
6173	791
6174	728
6175	847
6176	820
6177	774
6178	751
6179	778
6180	793
6181	780
6182	894
6183	866
6184	921
6185	838
6186	812
6187	813
6188	720
6189	802
6190	784
6191	738
6192	831
6193	772
6194	850
6195	789
6196	866
6197	845
6198	744
6199	829
6200	845
6201	820
6202	846
6203	825
6204	787
6205	849
6206	771
6207	859
6208	727
6209	781
6210	821
6211	725
6212	880
6213	813
6214	779
6215	805
6216	814
6217	842
6218	670
6219	896
6220	734
6221	802
6222	756
6223	838
6224	845
6225	782
6226	719
6227	747
6228	685
6229	773
6230	886
6231	797
6232	852
6233	918
6234	754
6235	795
6236	774
6237	851
6238	777
6239	735
6240	822
6241	788
6242	857
6243	810
6244	792
6245	841
6246	903
6247	824
6248	895
6249	815
6250	769
6251	924
6252	810
6253	773
6254	828
6255	930
6256	788
6257	849
6258	744
6259	881
6260	767
6261	908
6262	795
6263	784
6264	897
6265	775
6266	858
6267	930
6268	769
6269	813
6270	813
6271	900
6272	820
6273	681
6274	850
6275	776
6276	793
6277	796
6278	828
6279	805
6280	666
6281	771
6282	662
6283	792
6284	701
6285	791
6286	782
6287	863
6288	734
6289	772
6290	886
6291	748
6292	836
6293	861
6294	867
6295	750
6296	748
6297	766
6298	847
6299	870
6300	870
6301	855
6302	687
6303	872
6304	867
6305	802
6306	873
6307	846
6308	924
6309	856
6310	874
6311	792
6312	865
6313	796
6314	860
6315	795
6316	827
6317	924
6318	864
6319	819
6320	805
6321	847
6322	844
6323	795
6324	697
6325	848
6326	759
6327	820
6328	987
6329	1079
6330	862
6331	870
6332	885
6333	873
6334	853
6335	889
6336	906
6337	942
6338	860
6339	1087
6340	1016
6341	1019
6342	899
6343	1051
6344	944
6345	768
6346	949
6347	942
6348	981
6349	1019
6350	911
6351	989
6352	1000
6353	991
6354	1174
6355	1046
6356	947
6357	862
6358	982
6359	918
6360	1005
6361	1008
6362	952
6363	887
6364	912
6365	987
6366	895
6367	931
6368	885
6369	816
6370	848
6371	853
6372	927
6373	887
6374	883
6375	938
6376	1031
6377	855
6378	985
6379	933
6380	881
6381	1043
6382	890
6383	907
6384	989
6385	1067
6386	949
6387	854
6388	1107
6389	967
6390	914
6391	834
6392	833
6393	942
6394	961
6395	1006
6396	1082
6397	820
6398	888
6399	873
6400	804
6401	885
6402	966
6403	980
6404	847
6405	910
6406	912
6407	971
6408	858
6409	894
6410	952
6411	918
6412	1031
6413	974
6414	907
6415	978
6416	966
6417	964
6418	977
6419	974
6420	956
6421	878
6422	926
6423	911
6424	954
6425	848
6426	872
6427	952
6428	989
6429	979
6430	1001
6431	1016
6432	959
6433	875
6434	964
6435	833
6436	777
6437	826
6438	836
6439	884
6440	881
6441	868
6442	908
6443	1086
6444	948
6445	958
6446	868
6447	917
6448	935
6449	838
6450	759
6451	893
6452	925
6453	788
6454	878
6455	913
6456	939
6457	798
6458	826
6459	896
6460	827
6461	784
6462	721
6463	789
6464	850
6465	906
6466	730
6467	870
6468	840
6469	852
6470	852
6471	759
6472	840
6473	857
6474	757
6475	830
6476	901
6477	806
6478	854
6479	812
6480	826
6481	929
6482	824
6483	878
6484	885
6485	862
6486	986
6487	849
6488	841
6489	946
6490	952
6491	939
6492	873
6493	794
6494	789
6495	926
6496	887
6497	870
6498	924
6499	832
6500	809
6501	815
6502	920
6503	897
6504	910
6505	804
6506	882
6507	731
6508	995
6509	911
6510	923
6511	818
6512	922
6513	884
6514	944
6515	844
6516	1038
6517	969
6518	923
6519	768
6520	771
6521	754
6522	884
6523	764
6524	920
6525	887
6526	830
6527	879
6528	908
6529	890
6530	822
6531	889
6532	903
6533	1000
6534	784
6535	832
6536	840
6537	787
6538	816
6539	897
6540	795
6541	886
6542	807
6543	886
6544	800
6545	850
6546	799
6547	853
6548	872
6549	800
6550	926
6551	944
6552	878
6553	833
6554	863
6555	894
6556	885
6557	780
6558	868
6559	928
6560	849
6561	866
6562	823
6563	865
6564	842
6565	854
6566	970
6567	801
6568	786
6569	767
6570	746
6571	822
6572	874
6573	833
6574	745
6575	859
6576	756
6577	786
6578	845
6579	852
6580	691
6581	809
6582	783
6583	846
6584	719
6585	775
6586	749
6587	793
6588	693
6589	771
6590	725
6591	734
6592	848
6593	700
6594	796
6595	695
6596	651
6597	807
6598	778
6599	694
6600	760
6601	756
6602	829
6603	696
6604	747
6605	864
6606	810
6607	754
6608	835
6609	688
6610	765
6611	663
6612	804
6613	727
6614	765
6615	889
6616	735
6617	742
6618	733
6619	774
6620	634
6621	643
6622	766
6623	711
6624	625
6625	738
6626	825
6627	634
6628	787
6629	571
6630	685
6631	707
6632	863
6633	659
6634	728
6635	677
6636	693
6637	585
6638	637
6639	615
6640	694
6641	716
6642	660
6643	670
6644	588
6645	729
6646	796
6647	670
6648	629
6649	795
6650	654
6651	675
6652	595
6653	560
6654	739
6655	659
6656	711
6657	680
6658	650
6659	587
6660	639
6661	580
6662	639
6663	624
6664	695
6665	687
6666	593
6667	705
6668	622
6669	562
6670	508
6671	662
6672	708
6673	616
6674	596
6675	590
6676	688
6677	707
6678	700
6679	621
6680	726
6681	698
6682	572
6683	664
6684	592
6685	584
6686	684
6687	511
6688	746
6689	551
6690	680
6691	683
6692	619
6693	707
6694	629
6695	651
6696	639
6697	723
6698	771
6699	682
6700	635
6701	709
6702	609
6703	757
6704	683
6705	639
6706	522
6707	614
6708	662
6709	756
6710	815
6711	770
6712	740
6713	735
6714	592
6715	729
6716	649
6717	706
6718	751
6719	829
6720	731
6721	692
6722	685
6723	771
6724	864
6725	745
6726	890
6727	800
6728	724
6729	715
6730	710
6731	760
6732	714
6733	620
6734	737
6735	698
6736	745
6737	667
6738	692
6739	613
6740	842
6741	720
6742	568
6743	726
6744	733
6745	784
6746	795
6747	699
6748	738
6749	684
6750	702
6751	689
6752	718
6753	642
6754	742
6755	731
6756	720
6757	653
6758	682
6759	573
6760	681
6761	702
6762	768
6763	751
6764	687
6765	820
6766	869
6767	790
6768	668
6769	729
6770	709
6771	720
6772	623
6773	696
6774	642
6775	702
6776	696
6777	599
6778	821
6779	679
6780	757
6781	750
6782	702
6783	782
6784	675
6785	830
6786	755
6787	738
6788	807
6789	756
6790	747
6791	752
6792	686
6793	656
6794	746
6795	640
6796	704
6797	661
6798	689
6799	686
6800	645
6801	743
6802	699
6803	752
6804	669
6805	675
6806	682
6807	736
6808	682
6809	718
6810	796
6811	687
6812	684
6813	699
6814	841
6815	834
6816	645
6817	735
6818	746
6819	829
6820	764
6821	588
6822	700
6823	820
6824	748
6825	731
6826	645
6827	587
6828	704
6829	729
6830	803
6831	765
6832	686
6833	813
6834	799
6835	766
6836	959
6837	608
6838	654
6839	678
6840	856
6841	596
6842	659
6843	665
6844	750
6845	730
6846	771
6847	637
6848	757
6849	712
6850	689
6851	757
6852	726
6853	711
6854	719
6855	729
6856	800
6857	687
6858	768
6859	716
6860	767
6861	814
6862	790
6863	753
6864	563
6865	668
6866	766
6867	751
6868	795
6869	690
6870	785
6871	757
6872	697
6873	707
6874	811
6875	780
6876	733
6877	802
6878	746
6879	807
6880	747
6881	744
6882	809
6883	762
6884	728
6885	763
6886	825
6887	896
6888	898
6889	788
6890	759
6891	748
6892	736
6893	687
6894	791
6895	885
6896	880
6897	809
6898	730
6899	757
6900	720
6901	678
6902	763
6903	753
6904	666
6905	741
6906	1011
6907	779
6908	747
6909	715
6910	795
6911	738
6912	617
6913	713
6914	865
6915	841
6916	886
6917	776
6918	793
6919	671
6920	702
6921	700
6922	733
6923	766
6924	808
6925	856
6926	822
6927	782
6928	780
6929	716
6930	803
6931	729
6932	784
6933	841
6934	765
6935	814
6936	790
6937	691
6938	804
6939	681
6940	737
6941	837
6942	717
6943	755
6944	776
6945	803
6946	706
6947	904
6948	758
6949	888
6950	845
6951	678
6952	701
6953	715
6954	769
6955	925
6956	802
6957	742
6958	844
6959	698
6960	830
6961	733
6962	868
6963	876
6964	775
6965	700
6966	833
6967	862
6968	792
6969	729
6970	748
6971	764
6972	765
6973	749
6974	739
6975	658
6976	764
6977	829
6978	759
6979	704
6980	697
6981	729
6982	856
6983	657
6984	827
6985	782
6986	739
6987	806
6988	822
6989	789
6990	667
6991	766
6992	760
6993	751
6994	723
6995	742
6996	747
6997	780
6998	828
6999	881
7000	772
7001	778
7002	691
7003	827
7004	772
7005	751
7006	790
7007	722
7008	722
7009	650
7010	749
7011	578
7012	632
7013	906
7014	671
7015	696
7016	703
7017	798
7018	740
7019	658
7020	758
7021	718
7022	641
7023	707
7024	677
7025	735
7026	737
7027	706
7028	802
7029	690
7030	633
7031	684
7032	761
7033	667
7034	664
7035	652
7036	672
7037	768
7038	745
7039	767
7040	708
7041	749
7042	666
7043	759
7044	753
7045	764
7046	763
7047	782
7048	654
7049	736
7050	779
7051	742
7052	701
7053	640
7054	650
7055	635
7056	674
7057	698
7058	680
7059	768
7060	715
7061	783
7062	626
7063	629
7064	717
7065	797
7066	738
7067	724
7068	681
7069	692
7070	680
7071	764
7072	697
7073	716
7074	702
7075	688
7076	692
7077	690
7078	687
7079	735
7080	815
7081	697
7082	660
7083	722
7084	668
7085	667
7086	707
7087	656
7088	771
7089	675
7090	795
7091	728
7092	792
7093	599
7094	764
7095	633
7096	681
7097	758
7098	783
7099	783
7100	712
7101	810
7102	768
7103	733
7104	739
7105	778
7106	712
7107	771
7108	684
7109	789
7110	798
7111	647
7112	770
7113	710
7114	690
7115	716
7116	668
7117	751
7118	726
7119	672
7120	820
7121	671
7122	739
7123	652
7124	647
7125	704
7126	686
7127	707
7128	665
7129	681
7130	789
7131	692
7132	646
7133	754
7134	744
7135	721
7136	672
7137	734
7138	827
7139	767
7140	801
7141	740
7142	607
7143	716
7144	736
7145	663
7146	787
7147	686
7148	773
7149	818
7150	783
7151	744
7152	806
7153	698
7154	793
7155	799
7156	827
7157	733
7158	712
7159	739
7160	682
7161	763
7162	799
7163	692
7164	690
7165	664
7166	692
7167	689
7168	783
7169	779
7170	739
7171	667
7172	866
7173	710
7174	802
7175	697
7176	714
7177	770
7178	729
7179	757
7180	837
7181	723
7182	710
7183	792
7184	730
7185	672
7186	835
7187	740
7188	795
7189	686
7190	847
7191	692
7192	799
7193	726
7194	855
7195	715
7196	812
7197	738
7198	714
7199	724
7200	712
7201	711
7202	868
7203	704
7204	704
7205	784
7206	713
7207	711
7208	735
7209	733
7210	868
7211	863
7212	709
7213	790
7214	796
7215	796
7216	689
7217	837
7218	749
7219	717
7220	753
7221	769
7222	737
7223	745
7224	791
7225	821
7226	781
7227	699
7228	717
7229	696
7230	638
7231	639
7232	659
7233	607
7234	762
7235	870
7236	668
7237	632
7238	722
7239	767
7240	700
7241	722
7242	579
7243	655
7244	756
7245	732
7246	683
7247	748
7248	698
7249	696
7250	725
7251	672
7252	638
7253	737
7254	664
7255	748
7256	798
7257	798
7258	695
7259	729
7260	731
7261	778
7262	701
7263	615
7264	711
7265	697
7266	625
7267	783
7268	657
7269	708
7270	685
7271	635
7272	622
7273	692
7274	624
7275	657
7276	672
7277	598
7278	679
7279	759
7280	681
7281	646
7282	612
7283	656
7284	480
7285	749
7286	664
7287	774
7288	777
7289	634
7290	617
7291	639
7292	703
7293	601
7294	575
7295	630
7296	640
7297	594
7298	552
7299	652
7300	605
7301	574
7302	627
7303	663
7304	608
7305	688
7306	613
7307	668
7308	690
7309	697
7310	643
7311	559
7312	600
7313	570
7314	614
7315	636
7316	593
7317	633
7318	684
7319	562
7320	742
7321	586
7322	619
7323	691
7324	679
7325	725
7326	628
7327	684
7328	611
7329	600
7330	729
7331	643
7332	613
7333	627
7334	718
7335	556
7336	663
7337	689
7338	744
7339	639
7340	727
7341	711
7342	718
7343	729
7344	689
7345	723
7346	686
7347	587
7348	729
7349	637
7350	709
7351	642
7352	687
7353	620
7354	608
7355	779
7356	686
7357	663
7358	629
7359	594
7360	612
7361	643
7362	547
7363	602
7364	651
7365	673
7366	705
7367	645
7368	617
7369	662
7370	689
7371	716
7372	643
7373	617
7374	615
7375	746
7376	603
7377	608
7378	594
7379	557
7380	693
7381	535
7382	576
7383	568
7384	608
7385	612
7386	600
7387	675
7388	596
7389	695
7390	590
7391	615
7392	696
7393	591
7394	527
7395	666
7396	568
7397	691
7398	762
7399	630
7400	679
7401	696
7402	608
7403	765
7404	746
7405	574
7406	562
7407	794
7408	730
7409	664
7410	565
7411	698
7412	698
7413	655
7414	749
7415	618
7416	521
7417	690
7418	647
7419	711
7420	733
7421	642
7422	511
7423	661
7424	593
7425	730
7426	721
7427	620
7428	571
7429	693
7430	615
7431	653
7432	627
7433	610
7434	720
7435	595
7436	636
7437	703
7438	601
7439	598
7440	628
7441	747
7442	665
7443	622
7444	715
7445	492
7446	624
7447	744
7448	669
7449	585
7450	662
7451	679
7452	812
7453	733
7454	545
7455	577
7456	558
7457	653
7458	648
7459	634
7460	680
7461	657
7462	614
7463	670
7464	602
7465	714
7466	658
7467	626
7468	706
7469	629
7470	686
7471	602
7472	560
7473	698
7474	519
7475	555
7476	650
7477	645
7478	646
7479	516
7480	588
7481	634
7482	607
7483	610
7484	700
7485	570
7486	578
7487	565
7488	523
7489	530
7490	659
7491	573
7492	557
7493	551
7494	483
7495	489
7496	613
7497	605
7498	492
7499	494
7500	589
7501	504
7502	650
7503	573
7504	539
7505	442
7506	596
7507	569
7508	625
7509	571
7510	579
7511	577
7512	573
7513	704
7514	582
7515	564
7516	559
7517	654
7518	514
7519	585
7520	486
7521	520
7522	551
7523	686
7524	582
7525	511
7526	595
7527	542
7528	633
7529	598
7530	658
7531	655
7532	530
7533	596
7534	574
7535	553
7536	632
7537	575
7538	573
7539	547
7540	595
7541	561
7542	565
7543	618
7544	559
7545	650
7546	521
7547	625
7548	587
7549	606
7550	542
7551	540
7552	571
7553	520
7554	591
7555	537
7556	563
7557	528
7558	613
7559	636
7560	514
7561	550
7562	640
7563	556
7564	586
7565	676
7566	542
7567	617
7568	587
7569	658
7570	569
7571	591
7572	591
7573	537
7574	567
7575	479
7576	622
7577	537
7578	624
7579	529
7580	505
7581	510
7582	613
7583	541
7584	548
7585	506
7586	579
7587	680
7588	542
7589	568
7590	449
7591	574
7592	473
7593	524
7594	532
7595	669
7596	648
7597	564
7598	666
7599	544
7600	517
7601	521
7602	525
7603	400
7604	582
7605	590
7606	496
7607	517
7608	541
7609	497
7610	517
7611	605
7612	516
7613	570
7614	548
7615	517
7616	522
7617	581
7618	560
7619	593
7620	520
7621	576
7622	633
7623	643
7624	570
7625	513
7626	517
7627	664
7628	528
7629	568
7630	736
7631	497
7632	579
7633	635
7634	526
7635	574
7636	488
7637	567
7638	502
7639	509
7640	559
7641	474
7642	522
7643	539
7644	539
7645	573
7646	517
7647	646
7648	579
7649	591
7650	565
7651	631
7652	551
7653	574
7654	505
7655	711
7656	667
7657	639
7658	550
7659	480
7660	534
7661	558
7662	507
7663	627
7664	733
7665	492
7666	641
7667	622
7668	577
7669	631
7670	577
7671	633
7672	628
7673	552
7674	647
7675	521
7676	593
7677	585
7678	503
7679	479
7680	548
7681	654
7682	563
7683	645
7684	583
7685	567
7686	556
7687	596
7688	551
7689	620
7690	424
7691	546
7692	479
7693	548
7694	508
7695	507
7696	547
7697	580
7698	575
7699	523
7700	586
7701	595
7702	573
7703	606
7704	499
7705	667
7706	591
7707	545
7708	601
7709	584
7710	500
7711	569
7712	497
7713	606
7714	574
7715	478
7716	571
7717	548
7718	619
7719	573
7720	570
7721	563
7722	554
7723	543
7724	508
7725	534
7726	601
7727	614
7728	590
7729	561
7730	646
7731	515
7732	505
7733	605
7734	600
7735	598
7736	643
7737	653
7738	556
7739	566
7740	845
7741	571
7742	556
7743	574
7744	640
7745	671
7746	598
7747	531
7748	668
7749	506
7750	606
7751	691
7752	517
7753	608
7754	563
7755	486
7756	610
7757	631
7758	577
7759	611
7760	603
7761	602
7762	627
7763	537
7764	533
7765	619
7766	656
7767	504
7768	646
7769	532
7770	542
7771	553
7772	551
7773	559
7774	612
7775	599
7776	648
7777	636
7778	558
7779	616
7780	592
7781	713
7782	570
7783	605
7784	598
7785	562
7786	653
7787	591
7788	664
7789	642
7790	652
7791	675
7792	668
7793	763
7794	645
7795	662
7796	668
7797	612
7798	672
7799	629
7800	590
7801	590
7802	597
7803	551
7804	594
7805	564
7806	502
7807	557
7808	715
7809	487
7810	610
7811	632
7812	597
7813	560
7814	628
7815	681
7816	614
7817	518
7818	602
7819	498
7820	531
7821	632
7822	520
7823	543
7824	625
7825	543
7826	600
7827	578
7828	640
7829	544
7830	569
7831	581
7832	630
7833	593
7834	517
7835	664
7836	504
7837	497
7838	621
7839	464
7840	589
7841	564
7842	569
7843	601
7844	557
7845	640
7846	459
7847	651
7848	615
7849	676
7850	579
7851	584
7852	607
7853	506
7854	599
7855	611
7856	609
7857	554
7858	515
7859	556
7860	598
7861	540
7862	600
7863	628
7864	631
7865	612
7866	593
7867	557
7868	629
7869	509
7870	547
7871	605
7872	591
7873	614
7874	649
7875	590
7876	565
7877	542
7878	498
7879	636
7880	494
7881	496
7882	615
7883	618
7884	687
7885	544
7886	637
7887	561
7888	552
7889	700
7890	667
7891	569
7892	599
7893	555
7894	615
7895	666
7896	526
7897	579
7898	553
7899	699
7900	571
7901	540
7902	655
7903	584
7904	690
7905	720
7906	712
7907	846
7908	670
7909	859
7910	685
7911	623
7912	798
7913	690
7914	639
7915	708
7916	658
7917	652
7918	772
7919	639
7920	757
7921	794
7922	648
7923	786
7924	738
7925	648
7926	745
7927	670
7928	749
7929	687
7930	740
7931	633
7932	728
7933	695
7934	772
7935	748
7936	713
7937	662
7938	726
7939	731
7940	759
7941	608
7942	588
7943	647
7944	686
7945	575
7946	762
7947	628
7948	642
7949	613
7950	641
7951	548
7952	543
7953	716
7954	646
7955	701
7956	614
7957	619
7958	726
7959	529
7960	734
7961	703
7962	736
7963	641
7964	592
7965	592
7966	588
7967	604
7968	598
7969	650
7970	683
7971	608
7972	745
7973	615
7974	568
7975	602
7976	623
7977	648
7978	694
7979	603
7980	650
7981	515
7982	622
7983	656
7984	546
7985	558
7986	519
7987	583
7988	501
7989	581
7990	619
7991	622
7992	536
7993	581
7994	548
7995	634
7996	541
7997	574
7998	526
7999	693
8000	614
8001	531
8002	592
8003	569
8004	566
8005	596
8006	567
8007	568
8008	446
8009	548
8010	615
8011	594
8012	538
8013	622
8014	667
8015	586
8016	541
8017	532
8018	630
8019	572
8020	589
8021	665
8022	586
8023	649
8024	697
8025	647
8026	672
8027	603
8028	522
8029	557
8030	625
8031	594
8032	599
8033	719
8034	574
8035	609
8036	612
8037	546
8038	659
8039	622
8040	574
8041	622
8042	617
8043	645
8044	676
8045	677
8046	618
8047	607
8048	570
8049	642
8050	563
8051	683
8052	689
8053	659
8054	717
8055	673
8056	762
8057	570
8058	745
8059	706
8060	602
8061	636
8062	677
8063	580
8064	776
8065	660
8066	815
8067	699
8068	664
8069	619
8070	627
8071	686
8072	575
8073	630
8074	654
8075	640
8076	570
8077	634
8078	713
8079	715
8080	568
8081	573
8082	572
8083	517
8084	633
8085	539
8086	610
8087	605
8088	685
8089	659
8090	588
8091	615
8092	514
8093	698
8094	684
8095	661
8096	652
8097	624
8098	635
8099	651
8100	567
8101	577
8102	707
8103	642
8104	653
8105	621
8106	631
8107	617
8108	740
8109	587
8110	606
8111	732
8112	717
8113	746
8114	604
8115	650
8116	640
8117	623
8118	680
8119	655
8120	610
8121	688
8122	619
8123	577
8124	605
8125	599
8126	667
8127	557
8128	715
8129	544
8130	642
8131	571
8132	675
8133	679
8134	614
8135	601
8136	678
8137	631
8138	672
8139	583
8140	698
8141	723
8142	699
8143	685
8144	601
8145	572
8146	555
8147	554
8148	559
8149	662
8150	572
8151	615
8152	653
8153	630
8154	667
8155	709
8156	517
8157	664
8158	530
8159	585
8160	647
8161	615
8162	587
8163	604
8164	701
8165	600
8166	646
8167	598
8168	610
8169	614
8170	591
8171	599
8172	636
8173	530
8174	554
8175	576
8176	638
8177	528
8178	500
8179	585
8180	591
8181	569
8182	514
8183	511
8184	523
8185	618
8186	542
8187	607
8188	531
8189	699
8190	565
8191	631
8192	638
8193	599
8194	573
8195	520
8196	594
8197	475
8198	533
8199	510
8200	522
8201	508
8202	562
8203	550
8204	631
8205	597
8206	592
8207	510
8208	613
8209	528
8210	627
8211	564
8212	597
8213	560
8214	588
8215	561
8216	650
8217	503
8218	609
8219	636
8220	584
8221	636
8222	614
8223	433
8224	477
8225	520
8226	548
8227	561
8228	579
8229	584
8230	530
8231	599
8232	570
8233	558
8234	666
8235	553
8236	567
8237	623
8238	583
8239	470
8240	552
8241	493
8242	561
8243	522
8244	589
8245	505
8246	556
8247	415
8248	460
8249	457
8250	534
8251	551
8252	487
8253	488
8254	538
8255	477
8256	574
8257	565
8258	515
8259	521
8260	507
8261	455
8262	520
8263	474
8264	537
8265	500
8266	559
8267	422
8268	506
8269	400
8270	484
8271	491
8272	498
8273	481
8274	367
8275	497
8276	458
8277	508
8278	545
8279	405
8280	490
8281	462
8282	517
8283	575
8284	489
8285	681
8286	449
8287	469
8288	550
8289	483
8290	638
8291	520
8292	483
8293	522
8294	588
8295	526
8296	495
8297	529
8298	453
8299	558
8300	501
8301	470
8302	520
8303	565
8304	531
8305	483
8306	475
8307	557
8308	524
8309	638
8310	545
8311	578
8312	525
8313	497
8314	522
8315	581
8316	561
8317	577
8318	497
8319	624
8320	582
8321	517
8322	516
8323	499
8324	571
8325	605
8326	575
8327	472
8328	456
8329	566
8330	498
8331	602
8332	607
8333	503
8334	502
8335	561
8336	564
8337	500
8338	514
8339	493
8340	568
8341	522
8342	626
8343	589
8344	515
8345	512
8346	574
8347	570
8348	517
8349	511
8350	626
8351	547
8352	540
8353	586
8354	534
8355	542
8356	514
8357	635
8358	552
8359	501
8360	535
8361	515
8362	646
8363	486
8364	496
8365	617
8366	521

