## htsjdk.samtools.metrics.StringHeader
# CollectInsertSizeMetrics HISTOGRAM_FILE=/work/ugbogu/pipeline/data/nbl/GSE189367/results/picard/SRR17010972_insert_size_histogram.pdf MINIMUM_PCT=0.5 INPUT=/work/ugbogu/pipeline/data/nbl/GSE189367/results/star/SRR17010972.Aligned.sortedByCoord.out.bam OUTPUT=/work/ugbogu/pipeline/data/nbl/GSE189367/results/picard/SRR17010972_insert_size_metrics.txt    DEVIATIONS=10.0 METRIC_ACCUMULATION_LEVEL=[ALL_READS] INCLUDE_DUPLICATES=false ASSUME_SORTED=true STOP_AFTER=0 VERBOSITY=INFO QUIET=false VALIDATION_STRINGENCY=STRICT COMPRESSION_LEVEL=5 MAX_RECORDS_IN_RAM=500000 CREATE_INDEX=false CREATE_MD5_FILE=false USE_JDK_DEFLATER=false USE_JDK_INFLATER=false
## htsjdk.samtools.metrics.StringHeader
# Started on: Fri Apr 10 12:18:21 UTC 2026

## METRICS CLASS	picard.analysis.InsertSizeMetrics
MEDIAN_INSERT_SIZE	MODE_INSERT_SIZE	MEDIAN_ABSOLUTE_DEVIATION	MIN_INSERT_SIZE	MAX_INSERT_SIZE	MEAN_INSERT_SIZE	STANDARD_DEVIATION	READ_PAIRS	PAIR_ORIENTATION	WIDTH_OF_10_PERCENT	WIDTH_OF_20_PERCENT	WIDTH_OF_30_PERCENT	WIDTH_OF_40_PERCENT	WIDTH_OF_50_PERCENT	WIDTH_OF_60_PERCENT	WIDTH_OF_70_PERCENT	WIDTH_OF_80_PERCENT	WIDTH_OF_90_PERCENT	WIDTH_OF_95_PERCENT	WIDTH_OF_99_PERCENT	SAMPLE	LIBRARY	READ_GROUP
547	133	427	29	3178130	912.550712	1146.866481	38250016	FR	433	639	739	803	855	1319	3419	7439	19651	48439	160319			

## HISTOGRAM	java.lang.Integer
insert_size	All_Reads.fr_count
29	4
30	9
31	7
32	7
33	28
34	36
35	434
36	390
37	432
38	476
39	487
40	532
41	502
42	516
43	606
44	539
45	486
46	615
47	657
48	645
49	706
50	838
51	932
52	899
53	948
54	877
55	949
56	1080
57	1182
58	1455
59	1495
60	1767
61	1866
62	2061
63	2146
64	2313
65	2656
66	2831
67	3299
68	3887
69	3898
70	4547
71	5631
72	5308
73	7059
74	7005
75	16463
76	9254
77	8645
78	11253
79	10958
80	11230
81	13072
82	13670
83	16264
84	17071
85	17534
86	19220
87	20627
88	22846
89	24709
90	26852
91	29525
92	32598
93	34418
94	37745
95	41660
96	44362
97	48985
98	52183
99	55899
100	59345
101	62426
102	65827
103	69772
104	74653
105	79247
106	83072
107	87572
108	90502
109	95582
110	98234
111	100288
112	105008
113	108695
114	110978
115	113887
116	117552
117	120386
118	123653
119	125862
120	128458
121	134675
122	134560
123	137744
124	139285
125	139979
126	139249
127	142346
128	142975
129	142226
130	144519
131	144055
132	143028
133	147558
134	146575
135	145211
136	147477
137	146074
138	143096
139	145038
140	143896
141	142363
142	141192
143	139747
144	138457
145	138140
146	134927
147	135863
148	135792
149	135612
150	131109
151	133803
152	130639
153	128137
154	128312
155	126417
156	125050
157	124636
158	121681
159	120656
160	120438
161	118014
162	115429
163	115424
164	112570
165	111056
166	110504
167	108552
168	107502
169	107428
170	106219
171	102927
172	103031
173	101090
174	98395
175	98654
176	97083
177	95399
178	93671
179	92548
180	91112
181	90787
182	89291
183	87342
184	85962
185	85622
186	84001
187	84093
188	83088
189	79845
190	81144
191	79777
192	77652
193	77318
194	77346
195	74649
196	74418
197	72929
198	70870
199	71184
200	70964
201	69758
202	70204
203	69159
204	67102
205	66291
206	65415
207	64736
208	64610
209	63077
210	62501
211	61748
212	61287
213	60269
214	59592
215	59089
216	58135
217	58184
218	57530
219	56963
220	56020
221	55481
222	54278
223	53936
224	52945
225	52911
226	52340
227	52130
228	50813
229	50613
230	51166
231	50098
232	49437
233	48672
234	48328
235	47893
236	47972
237	46099
238	45944
239	45268
240	44775
241	44178
242	44294
243	43062
244	43126
245	42648
246	41480
247	41981
248	41197
249	41030
250	40390
251	40734
252	40318
253	39125
254	39055
255	38227
256	38067
257	37902
258	37117
259	36817
260	36973
261	36432
262	36308
263	35714
264	34644
265	35187
266	34482
267	33182
268	33580
269	33467
270	33180
271	32819
272	31409
273	31979
274	31204
275	31179
276	30952
277	30386
278	30232
279	29673
280	29868
281	29650
282	29087
283	28507
284	28719
285	28003
286	27579
287	26563
288	27216
289	27190
290	26771
291	26000
292	26001
293	26002
294	25834
295	25515
296	25537
297	24878
298	24962
299	24299
300	24087
301	24335
302	23997
303	23597
304	23622
305	22778
306	22680
307	22704
308	22693
309	22296
310	22006
311	21577
312	21734
313	21511
314	21552
315	20924
316	20387
317	20473
318	20546
319	20641
320	20050
321	20136
322	20198
323	19738
324	19740
325	19297
326	18851
327	19033
328	18655
329	18078
330	18229
331	18393
332	18351
333	17849
334	17766
335	17495
336	17322
337	17853
338	17405
339	17175
340	16643
341	16847
342	16785
343	16409
344	16669
345	16399
346	16090
347	16331
348	16194
349	15826
350	15676
351	15580
352	15649
353	15098
354	15179
355	15311
356	15036
357	15374
358	14858
359	15074
360	15171
361	14717
362	14449
363	14585
364	14572
365	14254
366	14224
367	14332
368	14325
369	13712
370	13979
371	13405
372	13626
373	13478
374	13439
375	13556
376	13564
377	13182
378	13159
379	13217
380	12900
381	12974
382	12461
383	12551
384	13268
385	12495
386	12776
387	12411
388	12376
389	12060
390	12100
391	12241
392	12232
393	12064
394	12011
395	12481
396	11854
397	11797
398	11663
399	11870
400	11559
401	11592
402	11601
403	11516
404	11357
405	11094
406	10942
407	10963
408	11045
409	11194
410	10921
411	10903
412	11128
413	10818
414	10768
415	10681
416	10342
417	10658
418	11159
419	10426
420	10332
421	10456
422	10289
423	10081
424	10275
425	10037
426	10361
427	10165
428	10362
429	10427
430	10324
431	9906
432	10127
433	9944
434	10000
435	9906
436	9532
437	9606
438	9467
439	9488
440	9839
441	10078
442	10063
443	9454
444	9813
445	9698
446	9415
447	9681
448	9643
449	9443
450	9138
451	9432
452	9622
453	9226
454	9849
455	9288
456	9191
457	9099
458	8711
459	9197
460	8853
461	9030
462	9183
463	8906
464	8711
465	8767
466	8781
467	8679
468	8639
469	8403
470	8481
471	8914
472	8767
473	8608
474	8833
475	8524
476	8600
477	8680
478	8374
479	8628
480	8436
481	8253
482	8553
483	8357
484	8437
485	8220
486	8246
487	8231
488	8304
489	8311
490	8134
491	8513
492	8352
493	8305
494	8247
495	7988
496	8100
497	8222
498	8241
499	8463
500	8329
501	8128
502	8025
503	8180
504	8206
505	8368
506	8374
507	8625
508	8158
509	8151
510	8099
511	8378
512	8075
513	8352
514	8340
515	8201
516	8274
517	8198
518	8375
519	8711
520	8501
521	8141
522	8356
523	8156
524	8209
525	7954
526	8059
527	8094
528	7988
529	7950
530	8077
531	7968
532	7724
533	8308
534	7815
535	7950
536	8323
537	8077
538	7890
539	8019
540	8265
541	7978
542	8156
543	7952
544	7913
545	7702
546	8159
547	7594
548	7585
549	7819
550	7853
551	7979
552	7907
553	7876
554	7556
555	7916
556	7822
557	7709
558	7737
559	7768
560	7587
561	7508
562	7830
563	7790
564	7563
565	7610
566	7818
567	7725
568	7493
569	7297
570	7303
571	7418
572	7276
573	7619
574	7515
575	7714
576	7774
577	7683
578	7830
579	7337
580	7416
581	7427
582	7657
583	7597
584	7411
585	7364
586	7396
587	7358
588	7425
589	7405
590	7182
591	7370
592	7551
593	7391
594	7164
595	7253
596	7252
597	7302
598	7285
599	7297
600	6980
601	7363
602	7110
603	7056
604	7177
605	7455
606	7081
607	7008
608	6975
609	6910
610	6996
611	7079
612	7041
613	7031
614	7138
615	7011
616	6829
617	7175
618	6976
619	6830
620	6968
621	6742
622	6923
623	6941
624	6832
625	6974
626	6976
627	6928
628	6936
629	6798
630	6931
631	6795
632	7021
633	7038
634	7009
635	6994
636	6899
637	6924
638	6757
639	7000
640	6759
641	6663
642	6750
643	6694
644	6725
645	6955
646	6931
647	6973
648	6698
649	6999
650	6726
651	6649
652	6571
653	6785
654	6744
655	6704
656	6528
657	6583
658	6551
659	6728
660	6700
661	6747
662	6699
663	6651
664	6671
665	6584
666	6605
667	6492
668	6664
669	6753
670	6969
671	6452
672	6545
673	6655
674	6689
675	6465
676	6617
677	6539
678	6580
679	6642
680	6558
681	6577
682	6523
683	6577
684	6428
685	6616
686	6379
687	6456
688	6534
689	6320
690	6318
691	6878
692	6955
693	6760
694	6621
695	6806
696	6729
697	6541
698	6607
699	6684
700	6634
701	6784
702	6558
703	6608
704	6727
705	6803
706	6706
707	6433
708	6616
709	6555
710	6741
711	6751
712	6598
713	6555
714	6589
715	6618
716	6592
717	6668
718	6556
719	6512
720	6476
721	6616
722	6646
723	6474
724	6441
725	6861
726	6470
727	6386
728	6552
729	6577
730	6414
731	6642
732	6592
733	6441
734	6629
735	6665
736	6598
737	6555
738	6375
739	6444
740	6529
741	6584
742	6759
743	6630
744	6511
745	6545
746	6077
747	6340
748	6489
749	6446
750	6556
751	6350
752	6510
753	6541
754	6321
755	6481
756	6334
757	6259
758	6448
759	6445
760	6458
761	6459
762	6544
763	6461
764	6304
765	6471
766	6410
767	6453
768	6498
769	6279
770	6462
771	6498
772	6208
773	6686
774	6108
775	6453
776	6184
777	5988
778	6058
779	6111
780	6177
781	6140
782	6099
783	5948
784	6239
785	6222
786	6183
787	5966
788	6147
789	6297
790	5914
791	6170
792	5946
793	6133
794	6585
795	6115
796	6041
797	6248
798	6150
799	5859
800	6016
801	6104
802	6209
803	6093
804	6494
805	5850
806	6052
807	6099
808	6039
809	5941
810	5957
811	5682
812	5960
813	5709
814	5857
815	6042
816	6232
817	5671
818	5879
819	5901
820	5852
821	5922
822	5749
823	5692
824	5704
825	5875
826	5737
827	5760
828	5727
829	6012
830	6057
831	5737
832	5824
833	5772
834	5689
835	5568
836	5949
837	6070
838	5904
839	5926
840	5603
841	5814
842	5911
843	5981
844	5888
845	5789
846	5799
847	5592
848	5781
849	5898
850	5684
851	5586
852	5682
853	5759
854	5759
855	5829
856	5670
857	5658
858	5946
859	5787
860	5999
861	5809
862	5681
863	5959
864	5961
865	5710
866	5746
867	5880
868	5843
869	5907
870	5592
871	5696
872	5711
873	5740
874	5643
875	5833
876	5760
877	5593
878	5671
879	5788
880	5757
881	5680
882	5505
883	5926
884	5708
885	5612
886	5960
887	5825
888	5500
889	5690
890	5693
891	5665
892	5882
893	5842
894	5646
895	5592
896	5529
897	5736
898	5779
899	5490
900	5600
901	5682
902	5871
903	5701
904	5520
905	5516
906	5315
907	5419
908	5531
909	5494
910	5471
911	5722
912	5461
913	5727
914	5919
915	5709
916	5756
917	5723
918	5399
919	5669
920	5635
921	5946
922	5917
923	5630
924	5843
925	5727
926	5728
927	5775
928	5763
929	5678
930	5742
931	5931
932	5738
933	5864
934	5729
935	5726
936	5686
937	5490
938	5912
939	5685
940	5768
941	5831
942	5743
943	5709
944	5672
945	5599
946	5690
947	5839
948	5778
949	5492
950	5808
951	5566
952	5901
953	5647
954	5513
955	5634
956	5473
957	5538
958	5213
959	5451
960	5641
961	5591
962	5405
963	5526
964	5294
965	5530
966	5721
967	5632
968	5292
969	5477
970	5302
971	5641
972	5637
973	5742
974	5570
975	5660
976	5484
977	5448
978	5677
979	5653
980	5526
981	5282
982	5502
983	5364
984	5292
985	5271
986	5263
987	5399
988	5353
989	5311
990	5613
991	5281
992	5318
993	5265
994	5302
995	5314
996	5304
997	5204
998	5395
999	5308
1000	5523
1001	5263
1002	5150
1003	5180
1004	5275
1005	5348
1006	5137
1007	5287
1008	5232
1009	5021
1010	5080
1011	5121
1012	4944
1013	5033
1014	5321
1015	4976
1016	5028
1017	5337
1018	5105
1019	5140
1020	4869
1021	5079
1022	4917
1023	4933
1024	5220
1025	5164
1026	5012
1027	5024
1028	5074
1029	4845
1030	4879
1031	4860
1032	4788
1033	4805
1034	4906
1035	5125
1036	4960
1037	5047
1038	4809
1039	4850
1040	4816
1041	4711
1042	4894
1043	4852
1044	4929
1045	5043
1046	4947
1047	4818
1048	4938
1049	4805
1050	4950
1051	4749
1052	4983
1053	4702
1054	4875
1055	4602
1056	4677
1057	4799
1058	4672
1059	4741
1060	4690
1061	4555
1062	4552
1063	4676
1064	4936
1065	4683
1066	5033
1067	4847
1068	4802
1069	4749
1070	4696
1071	4689
1072	4552
1073	4788
1074	4764
1075	4763
1076	4706
1077	4765
1078	4694
1079	4801
1080	4710
1081	4695
1082	4548
1083	4577
1084	4545
1085	4692
1086	4683
1087	4667
1088	4488
1089	4629
1090	4561
1091	4608
1092	4533
1093	4491
1094	4651
1095	4695
1096	4644
1097	4421
1098	4612
1099	4633
1100	4553
1101	4549
1102	4668
1103	4674
1104	4632
1105	4529
1106	4513
1107	4736
1108	4480
1109	4711
1110	4565
1111	4743
1112	4766
1113	4530
1114	4617
1115	4548
1116	4547
1117	4368
1118	4539
1119	4584
1120	4434
1121	4793
1122	4369
1123	4520
1124	4721
1125	4418
1126	4483
1127	4710
1128	4587
1129	4565
1130	4559
1131	4481
1132	4567
1133	4349
1134	4544
1135	4437
1136	4567
1137	4452
1138	4364
1139	4538
1140	4462
1141	4714
1142	4729
1143	4636
1144	4552
1145	4400
1146	4412
1147	4495
1148	4680
1149	4498
1150	4628
1151	4579
1152	4571
1153	4396
1154	4535
1155	4591
1156	4493
1157	4813
1158	4542
1159	4599
1160	4420
1161	4446
1162	4671
1163	4540
1164	4520
1165	4597
1166	4430
1167	4684
1168	4574
1169	4447
1170	4580
1171	4533
1172	4389
1173	4644
1174	4666
1175	4466
1176	4530
1177	4458
1178	4479
1179	4475
1180	4724
1181	4357
1182	4191
1183	4516
1184	4721
1185	4738
1186	4627
1187	4352
1188	4545
1189	4319
1190	4388
1191	4592
1192	4718
1193	4481
1194	4539
1195	4501
1196	4672
1197	4526
1198	4261
1199	4397
1200	4478
1201	4540
1202	4551
1203	4414
1204	4618
1205	4713
1206	4488
1207	4587
1208	4567
1209	4613
1210	4635
1211	4426
1212	4441
1213	4575
1214	4528
1215	4513
1216	4723
1217	4646
1218	4576
1219	4297
1220	4560
1221	4486
1222	4650
1223	4592
1224	4635
1225	4782
1226	4821
1227	4848
1228	4701
1229	4690
1230	4599
1231	4702
1232	4545
1233	4534
1234	4685
1235	4799
1236	4716
1237	4815
1238	4716
1239	4796
1240	4376
1241	4618
1242	4585
1243	4684
1244	4567
1245	4432
1246	4563
1247	4883
1248	4600
1249	4580
1250	4546
1251	4666
1252	4819
1253	4698
1254	4623
1255	4860
1256	4581
1257	4685
1258	4852
1259	4803
1260	4554
1261	4481
1262	4746
1263	4735
1264	4918
1265	4854
1266	4604
1267	5112
1268	4810
1269	4673
1270	4800
1271	4551
1272	4662
1273	4783
1274	4643
1275	4536
1276	4505
1277	4403
1278	4349
1279	4588
1280	4250
1281	4574
1282	4386
1283	4566
1284	4507
1285	4567
1286	4519
1287	4399
1288	4597
1289	4375
1290	4379
1291	4486
1292	4458
1293	4320
1294	4246
1295	4427
1296	4202
1297	4263
1298	4620
1299	4445
1300	4250
1301	4622
1302	4491
1303	4347
1304	4285
1305	4547
1306	4444
1307	4323
1308	4263
1309	4287
1310	4522
1311	4371
1312	4413
1313	4334
1314	4274
1315	4372
1316	4330
1317	4117
1318	4393
1319	4223
1320	4439
1321	4356
1322	4491
1323	4147
1324	4345
1325	4482
1326	4297
1327	4176
1328	4269
1329	4196
1330	4089
1331	4184
1332	4221
1333	4032
1334	4074
1335	4135
1336	4078
1337	4181
1338	4101
1339	3976
1340	4194
1341	4169
1342	4311
1343	4201
1344	4211
1345	4220
1346	4099
1347	4193
1348	4234
1349	4180
1350	4164
1351	4276
1352	4175
1353	4121
1354	4106
1355	4154
1356	4003
1357	4079
1358	4122
1359	4067
1360	4046
1361	4235
1362	4082
1363	4239
1364	4063
1365	4121
1366	3909
1367	4057
1368	4029
1369	4163
1370	3882
1371	4062
1372	3954
1373	3988
1374	4046
1375	4112
1376	4275
1377	3919
1378	4147
1379	4032
1380	4142
1381	4016
1382	4126
1383	4302
1384	4187
1385	3990
1386	4053
1387	4065
1388	4101
1389	3862
1390	3848
1391	3866
1392	3813
1393	3945
1394	3877
1395	3844
1396	3930
1397	3808
1398	3909
1399	4099
1400	3857
1401	4083
1402	3827
1403	3881
1404	3897
1405	3969
1406	3772
1407	3704
1408	3820
1409	3983
1410	3920
1411	3826
1412	3872
1413	3875
1414	3919
1415	3823
1416	3985
1417	3923
1418	3677
1419	4048
1420	3644
1421	3839
1422	3649
1423	3824
1424	3765
1425	3817
1426	3865
1427	3895
1428	3692
1429	3907
1430	3849
1431	3914
1432	3772
1433	3652
1434	3915
1435	3631
1436	3780
1437	3823
1438	3778
1439	3690
1440	3768
1441	3781
1442	3847
1443	3675
1444	3788
1445	3750
1446	3833
1447	3700
1448	3865
1449	3862
1450	3731
1451	3731
1452	3802
1453	3674
1454	3945
1455	3839
1456	3716
1457	3635
1458	3932
1459	3923
1460	3626
1461	3970
1462	3970
1463	3919
1464	3719
1465	3831
1466	3950
1467	3835
1468	3821
1469	3925
1470	3968
1471	3704
1472	3940
1473	3873
1474	4001
1475	3881
1476	3855
1477	3967
1478	3818
1479	3756
1480	3874
1481	3897
1482	4029
1483	4008
1484	4016
1485	3912
1486	3881
1487	3872
1488	4079
1489	4152
1490	3943
1491	4084
1492	4134
1493	4118
1494	4188
1495	3943
1496	3865
1497	4011
1498	4191
1499	4375
1500	4379
1501	4105
1502	4313
1503	4218
1504	4026
1505	4058
1506	4141
1507	4202
1508	4040
1509	4102
1510	4179
1511	4000
1512	4057
1513	4162
1514	4256
1515	4140
1516	4164
1517	4080
1518	4331
1519	4176
1520	4116
1521	4110
1522	3953
1523	4251
1524	4374
1525	4202
1526	4191
1527	3979
1528	4105
1529	3994
1530	3959
1531	4239
1532	4083
1533	4192
1534	4144
1535	4071
1536	4250
1537	3943
1538	4195
1539	4126
1540	4183
1541	4243
1542	3994
1543	3769
1544	3992
1545	4091
1546	4079
1547	4258
1548	4063
1549	4048
1550	4209
1551	4179
1552	4341
1553	4302
1554	4251
1555	4207
1556	4180
1557	4245
1558	4246
1559	4113
1560	4188
1561	3972
1562	4153
1563	4170
1564	4002
1565	3956
1566	4094
1567	4210
1568	4223
1569	4159
1570	4182
1571	4188
1572	4188
1573	4244
1574	4091
1575	4165
1576	3992
1577	4015
1578	3863
1579	3982
1580	3954
1581	4011
1582	4114
1583	3929
1584	4028
1585	4404
1586	4262
1587	4126
1588	4043
1589	3971
1590	3972
1591	3865
1592	3945
1593	4106
1594	3887
1595	3802
1596	3833
1597	3734
1598	3717
1599	3983
1600	3892
1601	3978
1602	3859
1603	4182
1604	4008
1605	4022
1606	3827
1607	3989
1608	3962
1609	3817
1610	3957
1611	3771
1612	3847
1613	3925
1614	3770
1615	3820
1616	4058
1617	3926
1618	3823
1619	3775
1620	3661
1621	4156
1622	3774
1623	3775
1624	3912
1625	3905
1626	3878
1627	4149
1628	3845
1629	3692
1630	3902
1631	3708
1632	3790
1633	3901
1634	3707
1635	3921
1636	4013
1637	3841
1638	3913
1639	4005
1640	3862
1641	3786
1642	3793
1643	3777
1644	3747
1645	3814
1646	3904
1647	3967
1648	3636
1649	3957
1650	3739
1651	3973
1652	3583
1653	3867
1654	3710
1655	3801
1656	3815
1657	3778
1658	3783
1659	3717
1660	3903
1661	4047
1662	3877
1663	3819
1664	3689
1665	3835
1666	3816
1667	3937
1668	3862
1669	4045
1670	3999
1671	3766
1672	4096
1673	3762
1674	3848
1675	3822
1676	3619
1677	3580
1678	3763
1679	3907
1680	3877
1681	3764
1682	3692
1683	3710
1684	3585
1685	3696
1686	3693
1687	3835
1688	3842
1689	3722
1690	3719
1691	3797
1692	3955
1693	3663
1694	3870
1695	3841
1696	3848
1697	3901
1698	3635
1699	3899
1700	3671
1701	3835
1702	3750
1703	3873
1704	3840
1705	3884
1706	3827
1707	3753
1708	4017
1709	4012
1710	3988
1711	3787
1712	3863
1713	3864
1714	3761
1715	4082
1716	3895
1717	3892
1718	3876
1719	3865
1720	3933
1721	3749
1722	3894
1723	3903
1724	3771
1725	3579
1726	3786
1727	3812
1728	3837
1729	3801
1730	3818
1731	3874
1732	3775
1733	3876
1734	3910
1735	3778
1736	3709
1737	3692
1738	3869
1739	3728
1740	3739
1741	3802
1742	3766
1743	3641
1744	3949
1745	4014
1746	4010
1747	3784
1748	3780
1749	3770
1750	3845
1751	3590
1752	3822
1753	3889
1754	3835
1755	3729
1756	3702
1757	3713
1758	3781
1759	3669
1760	3679
1761	3570
1762	3596
1763	3768
1764	3675
1765	3641
1766	3656
1767	3607
1768	3703
1769	3687
1770	3825
1771	3803
1772	3681
1773	3723
1774	3540
1775	3603
1776	3402
1777	3516
1778	3397
1779	3352
1780	3305
1781	3437
1782	3329
1783	3457
1784	3560
1785	3396
1786	3350
1787	3565
1788	3391
1789	3490
1790	3422
1791	3535
1792	3485
1793	3390
1794	3439
1795	3384
1796	3258
1797	3480
1798	3284
1799	3514
1800	3379
1801	3338
1802	3183
1803	3433
1804	3412
1805	3207
1806	3222
1807	3319
1808	3336
1809	3451
1810	3542
1811	3283
1812	3311
1813	3224
1814	3173
1815	3219
1816	3235
1817	3221
1818	3231
1819	3282
1820	3126
1821	3285
1822	3307
1823	3258
1824	3220
1825	3261
1826	3095
1827	3138
1828	3166
1829	3093
1830	3237
1831	3230
1832	3318
1833	3155
1834	2970
1835	3036
1836	3039
1837	2967
1838	3059
1839	3076
1840	3090
1841	3216
1842	3125
1843	3114
1844	3173
1845	3183
1846	3021
1847	2965
1848	3042
1849	3135
1850	3265
1851	3106
1852	3150
1853	3110
1854	3252
1855	3186
1856	2990
1857	3109
1858	3137
1859	3209
1860	3229
1861	3269
1862	3130
1863	3265
1864	3196
1865	3110
1866	3122
1867	3097
1868	2952
1869	3033
1870	3141
1871	3341
1872	3055
1873	3046
1874	3174
1875	3116
1876	3027
1877	3161
1878	3007
1879	3051
1880	3103
1881	3259
1882	3131
1883	3065
1884	3122
1885	3099
1886	3124
1887	3071
1888	3053
1889	3036
1890	3070
1891	3135
1892	3155
1893	3066
1894	3058
1895	3182
1896	3144
1897	3176
1898	3096
1899	3218
1900	3100
1901	3101
1902	3295
1903	3066
1904	3216
1905	3024
1906	3201
1907	3371
1908	3520
1909	3195
1910	3219
1911	3340
1912	3279
1913	3282
1914	3158
1915	3243
1916	3198
1917	3223
1918	3165
1919	3160
1920	3368
1921	3166
1922	3383
1923	3147
1924	3307
1925	3303
1926	3042
1927	3193
1928	3284
1929	3236
1930	3218
1931	3099
1932	3163
1933	3249
1934	3199
1935	3193
1936	3190
1937	3072
1938	3254
1939	3188
1940	3260
1941	3134
1942	3247
1943	3178
1944	3231
1945	3181
1946	3189
1947	3177
1948	3316
1949	3243
1950	3223
1951	3213
1952	3009
1953	3284
1954	3217
1955	3016
1956	3094
1957	3355
1958	3226
1959	3211
1960	3286
1961	3323
1962	3162
1963	3279
1964	3321
1965	3204
1966	3191
1967	3196
1968	3119
1969	3238
1970	3296
1971	3247
1972	3251
1973	3320
1974	3418
1975	3224
1976	3253
1977	3227
1978	3282
1979	3396
1980	3397
1981	3439
1982	3593
1983	3496
1984	3250
1985	3435
1986	3513
1987	3320
1988	3375
1989	3320
1990	3409
1991	3510
1992	3669
1993	3582
1994	3609
1995	3366
1996	3496
1997	3427
1998	3487
1999	3454
2000	3462
2001	3397
2002	3435
2003	3516
2004	3327
2005	3440
2006	3378
2007	3536
2008	3733
2009	3493
2010	3380
2011	3595
2012	3273
2013	3511
2014	3568
2015	3478
2016	3497
2017	3509
2018	3458
2019	3387
2020	3567
2021	3640
2022	3505
2023	3612
2024	3487
2025	3559
2026	3372
2027	3628
2028	3470
2029	3535
2030	3319
2031	3560
2032	3326
2033	3296
2034	3353
2035	3504
2036	3301
2037	3378
2038	3233
2039	3425
2040	3436
2041	3480
2042	3309
2043	3304
2044	3498
2045	3473
2046	3396
2047	3430
2048	3392
2049	3425
2050	3341
2051	3404
2052	3132
2053	3451
2054	3487
2055	3576
2056	3419
2057	3387
2058	3369
2059	3246
2060	3262
2061	3301
2062	3510
2063	3382
2064	3352
2065	3258
2066	3275
2067	3138
2068	3266
2069	3198
2070	3210
2071	3043
2072	3259
2073	3096
2074	3366
2075	3062
2076	3225
2077	3072
2078	3367
2079	3191
2080	3155
2081	3123
2082	3049
2083	3137
2084	3121
2085	3030
2086	3165
2087	3044
2088	3409
2089	3254
2090	3117
2091	3114
2092	3048
2093	2989
2094	3021
2095	2942
2096	3174
2097	3057
2098	2912
2099	2890
2100	3038
2101	3148
2102	3048
2103	3004
2104	2909
2105	2906
2106	2973
2107	2858
2108	2993
2109	2952
2110	2924
2111	2984
2112	3114
2113	2843
2114	2895
2115	2892
2116	2844
2117	2815
2118	2854
2119	2928
2120	3034
2121	2900
2122	2867
2123	2811
2124	2919
2125	2835
2126	3026
2127	3012
2128	2887
2129	3046
2130	3174
2131	2975
2132	2955
2133	2989
2134	2756
2135	2862
2136	2863
2137	2878
2138	2826
2139	2771
2140	2752
2141	2849
2142	2877
2143	2883
2144	2825
2145	2949
2146	2849
2147	2823
2148	2787
2149	2646
2150	2891
2151	2932
2152	2731
2153	2980
2154	2821
2155	2801
2156	2807
2157	2861
2158	2871
2159	2885
2160	2793
2161	2955
2162	2726
2163	2755
2164	2803
2165	2793
2166	2830
2167	2888
2168	2892
2169	2913
2170	2934
2171	2955
2172	2808
2173	2828
2174	2635
2175	2988
2176	2789
2177	2763
2178	2804
2179	2933
2180	2814
2181	2886
2182	2917
2183	2786
2184	2736
2185	2729
2186	2829
2187	2832
2188	2682
2189	2933
2190	2883
2191	2873
2192	2730
2193	2711
2194	2728
2195	2893
2196	2803
2197	2849
2198	2837
2199	2829
2200	2905
2201	2947
2202	2984
2203	2890
2204	3058
2205	3112
2206	2857
2207	2844
2208	2824
2209	2991
2210	2958
2211	2868
2212	2900
2213	2774
2214	2893
2215	2786
2216	2791
2217	2949
2218	2827
2219	2797
2220	2828
2221	2892
2222	2848
2223	2825
2224	2976
2225	2711
2226	2908
2227	2896
2228	2850
2229	2690
2230	2823
2231	2941
2232	2927
2233	2991
2234	3031
2235	2882
2236	2932
2237	2956
2238	2889
2239	2767
2240	2919
2241	2892
2242	3147
2243	2985
2244	2879
2245	3051
2246	2940
2247	2927
2248	2986
2249	2847
2250	2956
2251	2935
2252	2936
2253	2936
2254	3123
2255	3168
2256	2966
2257	3055
2258	2933
2259	3171
2260	3110
2261	3072
2262	2830
2263	3016
2264	3147
2265	2761
2266	2963
2267	2822
2268	3075
2269	2928
2270	2977
2271	2793
2272	2883
2273	2919
2274	2780
2275	2899
2276	2987
2277	2956
2278	2918
2279	2774
2280	2791
2281	3056
2282	2848
2283	2648
2284	2679
2285	2888
2286	2777
2287	3020
2288	2974
2289	2802
2290	2932
2291	2775
2292	2796
2293	2788
2294	2861
2295	2918
2296	2826
2297	2894
2298	2847
2299	2862
2300	2831
2301	2759
2302	2783
2303	2839
2304	2815
2305	2567
2306	2817
2307	2812
2308	2906
2309	2651
2310	2854
2311	2708
2312	2736
2313	2861
2314	2699
2315	2916
2316	2943
2317	2764
2318	2819
2319	2835
2320	2889
2321	2928
2322	2851
2323	2785
2324	2838
2325	3000
2326	2781
2327	2858
2328	2830
2329	2793
2330	2631
2331	2712
2332	2580
2333	2627
2334	2611
2335	2812
2336	2709
2337	2689
2338	2754
2339	2704
2340	2796
2341	2824
2342	2844
2343	2702
2344	2557
2345	2648
2346	2591
2347	2587
2348	2677
2349	2777
2350	2692
2351	2548
2352	2659
2353	2608
2354	2616
2355	2672
2356	2519
2357	2708
2358	2750
2359	2763
2360	2779
2361	2522
2362	2702
2363	2685
2364	2503
2365	2564
2366	2428
2367	2618
2368	2607
2369	2470
2370	2631
2371	2652
2372	2510
2373	2510
2374	2579
2375	2547
2376	2538
2377	2507
2378	2548
2379	2519
2380	2457
2381	2558
2382	2748
2383	2509
2384	2365
2385	2601
2386	2545
2387	2358
2388	2384
2389	2327
2390	2304
2391	2341
2392	2473
2393	2438
2394	2306
2395	2322
2396	2206
2397	2331
2398	2500
2399	2381
2400	2407
2401	2295
2402	2279
2403	2368
2404	2402
2405	2538
2406	2486
2407	2390
2408	2414
2409	2318
2410	2289
2411	2482
2412	2461
2413	2315
2414	2261
2415	2436
2416	2359
2417	2340
2418	2365
2419	2314
2420	2313
2421	2426
2422	2421
2423	2291
2424	2280
2425	2262
2426	2301
2427	2392
2428	2381
2429	2367
2430	2239
2431	2345
2432	2265
2433	2252
2434	2171
2435	2249
2436	2266
2437	2375
2438	2230
2439	2155
2440	2293
2441	2277
2442	2279
2443	2280
2444	2208
2445	2287
2446	2307
2447	2321
2448	2344
2449	2399
2450	2424
2451	2174
2452	2360
2453	2322
2454	2312
2455	2425
2456	2297
2457	2231
2458	2297
2459	2335
2460	2300
2461	2207
2462	2230
2463	2506
2464	2187
2465	2068
2466	2207
2467	2196
2468	2107
2469	2168
2470	2220
2471	2371
2472	2360
2473	2435
2474	2180
2475	2222
2476	2247
2477	2237
2478	2269
2479	2350
2480	2233
2481	2243
2482	2246
2483	2318
2484	2401
2485	2389
2486	2195
2487	2359
2488	2412
2489	2121
2490	2286
2491	2175
2492	2370
2493	2275
2494	2239
2495	2352
2496	2339
2497	2258
2498	2296
2499	2315
2500	2230
2501	2215
2502	2190
2503	2336
2504	2272
2505	2322
2506	2413
2507	2379
2508	2216
2509	2302
2510	2255
2511	2372
2512	2342
2513	2292
2514	2323
2515	2370
2516	2188
2517	2378
2518	2247
2519	2286
2520	2397
2521	2365
2522	2365
2523	2427
2524	2271
2525	2123
2526	2255
2527	2284
2528	2396
2529	2327
2530	2309
2531	2341
2532	2241
2533	2293
2534	2180
2535	2395
2536	2170
2537	2266
2538	2324
2539	2352
2540	2416
2541	2374
2542	2469
2543	2285
2544	2188
2545	2347
2546	2508
2547	2384
2548	2404
2549	2283
2550	2248
2551	2325
2552	2387
2553	2296
2554	2370
2555	2414
2556	2235
2557	2393
2558	2533
2559	2279
2560	2340
2561	2339
2562	2384
2563	2385
2564	2360
2565	2464
2566	2422
2567	2422
2568	2270
2569	2466
2570	2416
2571	2183
2572	2354
2573	2362
2574	2408
2575	2347
2576	2228
2577	2335
2578	2234
2579	2281
2580	2165
2581	2312
2582	2293
2583	2200
2584	2376
2585	2331
2586	2222
2587	2374
2588	2364
2589	2240
2590	2350
2591	2276
2592	2166
2593	2275
2594	2225
2595	2290
2596	2211
2597	2183
2598	2246
2599	2266
2600	2195
2601	2276
2602	2358
2603	2405
2604	2189
2605	2245
2606	2219
2607	2186
2608	2195
2609	2269
2610	2367
2611	2316
2612	2254
2613	2300
2614	2239
2615	2262
2616	1988
2617	2296
2618	2408
2619	2308
2620	2199
2621	2277
2622	2207
2623	2322
2624	2376
2625	2361
2626	2424
2627	2323
2628	2265
2629	2164
2630	2380
2631	2209
2632	2214
2633	2178
2634	2227
2635	2357
2636	2387
2637	2441
2638	2293
2639	2425
2640	2348
2641	2533
2642	2310
2643	2412
2644	2392
2645	2376
2646	2172
2647	2334
2648	2400
2649	2295
2650	2338
2651	2462
2652	2501
2653	2546
2654	2627
2655	2449
2656	2457
2657	2393
2658	2398
2659	2261
2660	2372
2661	2270
2662	2250
2663	2418
2664	2290
2665	2467
2666	2405
2667	2637
2668	2529
2669	2716
2670	2545
2671	2361
2672	2650
2673	2434
2674	2268
2675	2506
2676	2435
2677	2553
2678	2860
2679	3785
2680	2834
2681	2506
2682	2562
2683	2541
2684	2550
2685	2596
2686	2545
2687	2367
2688	2503
2689	2495
2690	2508
2691	2492
2692	2432
2693	2487
2694	2324
2695	2653
2696	2411
2697	2442
2698	2307
2699	2361
2700	2467
2701	2532
2702	2625
2703	2443
2704	2429
2705	2477
2706	2332
2707	2341
2708	2593
2709	2550
2710	2729
2711	2623
2712	2454
2713	2184
2714	2395
2715	2258
2716	2446
2717	2254
2718	2321
2719	2343
2720	2310
2721	2357
2722	2321
2723	2355
2724	2282
2725	2232
2726	2209
2727	2338
2728	2272
2729	2161
2730	2114
2731	2395
2732	2174
2733	2355
2734	2065
2735	2216
2736	2359
2737	2151
2738	2263
2739	2296
2740	2335
2741	2128
2742	2194
2743	2200
2744	2068
2745	2278
2746	2106
2747	2010
2748	2141
2749	2211
2750	2118
2751	2243
2752	2190
2753	2145
2754	2226
2755	2053
2756	2079
2757	2222
2758	2061
2759	2113
2760	2184
2761	2211
2762	2187
2763	2183
2764	2242
2765	2060
2766	2252
2767	2318
2768	2159
2769	2296
2770	2338
2771	2251
2772	2172
2773	2295
2774	2203
2775	2139
2776	2234
2777	2006
2778	2147
2779	2147
2780	2120
2781	2106
2782	2148
2783	2071
2784	2078
2785	2220
2786	2026
2787	2202
2788	2183
2789	2131
2790	2136
2791	2081
2792	2060
2793	1996
2794	1993
2795	1942
2796	2180
2797	2028
2798	2040
2799	2023
2800	2119
2801	2082
2802	2038
2803	2102
2804	2194
2805	2236
2806	2197
2807	1968
2808	2043
2809	2091
2810	2156
2811	2099
2812	2073
2813	2062
2814	2023
2815	2109
2816	2078
2817	2177
2818	2181
2819	2099
2820	1971
2821	2066
2822	2144
2823	2155
2824	2074
2825	2122
2826	1990
2827	2073
2828	2033
2829	1994
2830	2103
2831	1965
2832	2104
2833	2107
2834	1892
2835	2041
2836	1969
2837	1877
2838	2054
2839	1961
2840	2091
2841	1985
2842	1983
2843	1988
2844	1980
2845	2128
2846	2142
2847	1958
2848	2013
2849	1972
2850	2075
2851	2107
2852	2154
2853	2019
2854	1991
2855	2073
2856	1964
2857	1911
2858	2119
2859	2010
2860	2104
2861	2122
2862	2166
2863	2226
2864	2089
2865	2103
2866	2018
2867	1960
2868	2003
2869	2133
2870	2042
2871	2046
2872	2015
2873	2047
2874	2061
2875	2035
2876	2146
2877	2066
2878	2081
2879	2056
2880	2054
2881	2085
2882	2061
2883	1988
2884	2064
2885	2055
2886	2037
2887	2127
2888	2026
2889	2221
2890	2116
2891	2042
2892	2086
2893	2169
2894	2053
2895	2073
2896	2025
2897	2026
2898	2093
2899	2047
2900	2041
2901	2064
2902	2034
2903	2105
2904	2069
2905	2055
2906	2138
2907	1987
2908	2057
2909	2056
2910	2024
2911	2234
2912	2152
2913	2211
2914	2128
2915	2074
2916	2008
2917	2143
2918	1992
2919	2062
2920	2009
2921	2004
2922	2082
2923	2045
2924	2088
2925	1862
2926	2118
2927	2062
2928	1994
2929	2084
2930	2069
2931	2016
2932	2042
2933	2031
2934	2057
2935	2096
2936	2244
2937	2125
2938	2035
2939	1974
2940	2005
2941	2073
2942	2082
2943	2134
2944	2204
2945	2137
2946	1982
2947	2001
2948	1987
2949	1934
2950	1913
2951	2028
2952	2064
2953	1942
2954	1904
2955	2152
2956	2042
2957	2113
2958	2064
2959	2069
2960	2031
2961	2108
2962	2063
2963	2188
2964	1972
2965	1949
2966	1955
2967	1993
2968	2074
2969	2101
2970	2041
2971	2128
2972	2050
2973	2099
2974	2144
2975	2205
2976	1950
2977	2020
2978	2094
2979	2060
2980	2047
2981	2126
2982	2007
2983	1926
2984	2022
2985	1981
2986	2075
2987	2102
2988	2199
2989	2097
2990	2124
2991	2055
2992	1992
2993	1990
2994	2115
2995	2108
2996	1925
2997	2096
2998	1925
2999	1899
3000	1976
3001	1987
3002	2147
3003	2153
3004	2059
3005	2211
3006	2129
3007	2068
3008	2089
3009	1945
3010	1987
3011	2087
3012	1938
3013	2122
3014	2100
3015	1947
3016	1992
3017	1943
3018	1998
3019	1995
3020	1964
3021	2003
3022	1911
3023	1929
3024	2000
3025	1928
3026	1882
3027	1997
3028	1923
3029	1992
3030	1957
3031	2124
3032	1870
3033	2073
3034	1908
3035	1905
3036	1883
3037	2033
3038	2067
3039	2124
3040	1918
3041	1989
3042	2174
3043	1876
3044	1851
3045	1957
3046	2048
3047	2144
3048	2184
3049	2094
3050	2071
3051	2049
3052	2124
3053	2238
3054	2068
3055	2091
3056	2129
3057	2167
3058	2140
3059	2128
3060	2116
3061	2054
3062	2032
3063	2066
3064	2155
3065	2200
3066	2103
3067	2075
3068	2247
3069	2193
3070	2021
3071	2086
3072	2022
3073	2171
3074	2062
3075	2105
3076	2011
3077	2143
3078	2134
3079	2076
3080	2168
3081	2071
3082	2136
3083	2126
3084	2087
3085	2056
3086	2103
3087	2177
3088	2082
3089	2101
3090	2050
3091	2020
3092	2004
3093	2149
3094	2068
3095	2296
3096	2215
3097	2197
3098	2164
3099	1993
3100	2096
3101	2083
3102	2264
3103	2092
3104	2139
3105	2028
3106	2202
3107	2175
3108	2138
3109	2157
3110	2127
3111	2035
3112	2192
3113	2069
3114	2216
3115	2283
3116	2196
3117	2292
3118	2220
3119	2085
3120	2366
3121	2111
3122	2062
3123	2071
3124	2057
3125	2144
3126	2054
3127	2086
3128	2145
3129	1940
3130	2150
3131	1938
3132	2018
3133	2154
3134	2283
3135	2239
3136	1988
3137	1948
3138	1915
3139	2015
3140	2098
3141	2143
3142	2081
3143	2078
3144	2166
3145	2097
3146	1925
3147	1873
3148	2011
3149	2087
3150	2091
3151	2101
3152	2082
3153	2091
3154	1979
3155	1887
3156	2119
3157	1895
3158	1967
3159	2006
3160	2001
3161	2006
3162	1984
3163	2244
3164	2164
3165	2137
3166	2180
3167	2115
3168	1967
3169	2006
3170	1947
3171	1911
3172	1915
3173	1795
3174	1993
3175	1910
3176	1868
3177	1919
3178	2019
3179	2049
3180	1991
3181	1932
3182	2027
3183	1993
3184	1888
3185	1896
3186	1923
3187	1970
3188	1983
3189	1948
3190	1822
3191	2031
3192	1915
3193	1900
3194	1983
3195	1940
3196	1901
3197	2061
3198	2040
3199	1846
3200	1984
3201	1977
3202	1822
3203	1952
3204	1873
3205	1926
3206	1937
3207	1958
3208	1916
3209	1878
3210	1885
3211	2075
3212	1914
3213	1986
3214	1833
3215	1890
3216	1913
3217	1936
3218	1915
3219	2012
3220	2023
3221	1925
3222	1883
3223	1921
3224	1933
3225	1955
3226	2030
3227	2084
3228	1952
3229	1747
3230	1804
3231	1943
3232	1851
3233	1948
3234	1963
3235	1832
3236	1937
3237	2064
3238	1848
3239	1823
3240	1820
3241	1830
3242	1821
3243	1856
3244	1862
3245	1855
3246	1862
3247	1769
3248	1789
3249	1912
3250	1914
3251	1854
3252	1844
3253	1616
3254	1980
3255	1858
3256	1915
3257	1825
3258	1824
3259	2051
3260	1958
3261	1822
3262	1737
3263	1924
3264	1905
3265	1765
3266	1798
3267	1835
3268	1822
3269	1790
3270	1941
3271	1894
3272	1918
3273	1836
3274	1849
3275	1803
3276	1928
3277	1926
3278	1786
3279	1882
3280	1883
3281	1869
3282	1944
3283	1932
3284	1779
3285	1801
3286	1966
3287	1941
3288	1777
3289	1942
3290	1931
3291	1849
3292	1926
3293	1864
3294	1822
3295	2067
3296	1876
3297	1938
3298	1751
3299	1907
3300	1915
3301	1873
3302	1888
3303	1888
3304	1908
3305	1792
3306	1807
3307	1868
3308	1853
3309	1867
3310	1923
3311	2042
3312	2045
3313	1854
3314	1816
3315	1982
3316	1876
3317	1957
3318	1972
3319	1896
3320	1895
3321	1806
3322	1894
3323	2025
3324	1942
3325	1799
3326	2030
3327	1831
3328	1943
3329	1941
3330	2018
3331	1778
3332	1905
3333	1812
3334	1869
3335	1903
3336	1800
3337	1773
3338	1884
3339	1754
3340	1825
3341	1904
3342	1774
3343	1844
3344	1875
3345	1877
3346	1885
3347	1944
3348	1828
3349	1915
3350	1775
3351	1850
3352	1809
3353	1686
3354	1903
3355	1848
3356	1785
3357	1845
3358	1741
3359	1798
3360	1889
3361	1723
3362	1751
3363	1604
3364	1718
3365	1747
3366	1660
3367	1713
3368	1780
3369	1634
3370	1787
3371	1779
3372	1702
3373	1753
3374	1687
3375	1834
3376	1686
3377	1585
3378	1567
3379	1866
3380	1789
3381	1690
3382	1667
3383	1623
3384	1636
3385	1696
3386	1667
3387	1636
3388	1614
3389	1658
3390	1621
3391	1545
3392	1628
3393	1560
3394	1623
3395	1679
3396	1700
3397	1794
3398	1695
3399	1602
3400	1562
3401	1660
3402	1661
3403	1727
3404	1657
3405	1766
3406	1643
3407	1684
3408	1716
3409	1660
3410	1750
3411	1676
3412	1784
3413	1645
3414	1622
3415	1789
3416	1764
3417	1584
3418	1712
3419	1756
3420	1769
3421	1754
3422	1654
3423	1634
3424	1768
3425	1746
3426	1677
3427	1599
3428	1642
3429	1686
3430	1677
3431	1742
3432	1616
3433	1626
3434	1592
3435	1800
3436	1633
3437	1796
3438	1676
3439	1714
3440	1704
3441	1670
3442	1741
3443	1739
3444	1755
3445	1640
3446	1618
3447	1723
3448	1676
3449	1779
3450	1736
3451	1676
3452	1627
3453	1706
3454	1641
3455	1682
3456	1743
3457	1668
3458	1681
3459	1711
3460	1715
3461	1652
3462	1574
3463	1695
3464	1654
3465	1715
3466	1682
3467	1695
3468	1659
3469	1655
3470	1686
3471	1689
3472	1629
3473	1600
3474	1657
3475	1618
3476	1686
3477	1685
3478	1615
3479	1554
3480	1686
3481	1648
3482	1579
3483	1706
3484	1626
3485	1560
3486	1517
3487	1737
3488	1668
3489	1785
3490	1662
3491	1671
3492	1597
3493	1546
3494	1536
3495	1624
3496	1618
3497	1664
3498	1580
3499	1659
3500	1718
3501	1673
3502	1736
3503	1733
3504	1670
3505	1624
3506	1736
3507	1717
3508	1690
3509	1617
3510	1511
3511	1667
3512	1673
3513	1652
3514	1634
3515	1670
3516	1762
3517	1627
3518	1628
3519	1603
3520	1641
3521	1696
3522	1653
3523	1613
3524	1643
3525	1547
3526	1646
3527	1622
3528	1745
3529	1602
3530	1567
3531	1581
3532	1551
3533	1580
3534	1762
3535	1744
3536	1596
3537	1599
3538	1592
3539	1554
3540	1593
3541	1620
3542	1621
3543	1555
3544	1517
3545	1603
3546	1778
3547	1543
3548	1595
3549	1538
3550	1617
3551	1506
3552	1679
3553	1577
3554	1704
3555	1504
3556	1612
3557	1633
3558	1723
3559	1652
3560	1657
3561	1573
3562	1597
3563	1468
3564	1550
3565	1497
3566	1563
3567	1606
3568	1601
3569	1631
3570	1521
3571	1639
3572	1638
3573	1645
3574	1659
3575	1569
3576	1703
3577	1682
3578	1671
3579	1617
3580	1621
3581	1662
3582	1652
3583	1654
3584	1723
3585	1702
3586	1670
3587	1641
3588	1642
3589	1565
3590	1585
3591	1590
3592	1607
3593	1702
3594	1735
3595	1688
3596	1605
3597	1675
3598	1572
3599	1635
3600	1608
3601	1619
3602	1706
3603	1675
3604	1583
3605	1679
3606	1477
3607	1672
3608	1712
3609	1644
3610	1633
3611	1558
3612	1488
3613	1578
3614	1646
3615	1632
3616	1622
3617	1682
3618	1683
3619	1792
3620	1699
3621	1575
3622	1695
3623	1623
3624	1551
3625	1620
3626	1682
3627	1601
3628	1676
3629	1619
3630	1498
3631	1716
3632	1678
3633	1624
3634	1591
3635	1464
3636	1595
3637	1461
3638	1504
3639	1600
3640	1682
3641	1488
3642	1554
3643	1668
3644	1816
3645	1574
3646	1627
3647	1576
3648	1668
3649	1601
3650	1631
3651	1515
3652	1649
3653	1634
3654	1572
3655	1594
3656	1640
3657	1561
3658	1758
3659	1524
3660	1612
3661	1591
3662	1630
3663	1558
3664	1560
3665	1636
3666	1671
3667	1686
3668	1600
3669	1520
3670	1625
3671	1528
3672	1627
3673	1594
3674	1632
3675	1689
3676	1676
3677	1789
3678	1636
3679	1640
3680	1585
3681	1617
3682	1604
3683	1680
3684	1642
3685	1688
3686	1659
3687	1655
3688	1604
3689	1699
3690	1544
3691	1596
3692	1671
3693	1655
3694	1657
3695	1763
3696	1686
3697	1698
3698	1830
3699	1864
3700	1744
3701	1778
3702	1773
3703	1875
3704	1801
3705	1760
3706	1806
3707	1701
3708	1734
3709	1757
3710	1876
3711	1652
3712	1714
3713	1702
3714	1786
3715	1703
3716	1667
3717	1788
3718	1889
3719	1628
3720	1672
3721	1809
3722	1670
3723	1650
3724	1684
3725	1835
3726	1718
3727	1816
3728	1674
3729	1644
3730	1690
3731	1793
3732	1618
3733	1529
3734	1653
3735	1692
3736	1756
3737	1724
3738	1760
3739	1782
3740	1656
3741	1627
3742	1674
3743	1622
3744	1744
3745	1775
3746	1777
3747	1764
3748	1700
3749	1953
3750	1760
3751	1680
3752	1741
3753	1756
3754	1741
3755	1692
3756	1657
3757	1856
3758	1699
3759	1748
3760	1737
3761	1699
3762	1711
3763	1628
3764	1705
3765	1684
3766	1581
3767	1626
3768	1655
3769	1712
3770	1598
3771	1672
3772	1661
3773	1545
3774	1600
3775	1691
3776	1556
3777	1719
3778	1475
3779	1583
3780	1527
3781	1600
3782	1618
3783	1676
3784	1637
3785	1548
3786	1513
3787	1723
3788	1696
3789	1563
3790	1617
3791	1597
3792	1540
3793	1508
3794	1511
3795	1552
3796	1504
3797	1551
3798	1485
3799	1487
3800	1578
3801	1667
3802	1589
3803	1534
3804	1518
3805	1476
3806	1558
3807	1415
3808	1660
3809	1389
3810	1525
3811	1568
3812	1435
3813	1437
3814	1428
3815	1538
3816	1673
3817	1499
3818	1435
3819	1512
3820	1474
3821	1475
3822	1403
3823	1465
3824	1486
3825	1509
3826	1578
3827	1359
3828	1385
3829	1499
3830	1419
3831	1335
3832	1356
3833	1401
3834	1342
3835	1385
3836	1473
3837	1435
3838	1354
3839	1370
3840	1334
3841	1433
3842	1495
3843	1414
3844	1514
3845	1441
3846	1471
3847	1457
3848	1300
3849	1403
3850	1359
3851	1393
3852	1478
3853	1330
3854	1445
3855	1509
3856	1395
3857	1381
3858	1443
3859	1310
3860	1375
3861	1471
3862	1323
3863	1319
3864	1412
3865	1406
3866	1350
3867	1459
3868	1363
3869	1466
3870	1358
3871	1426
3872	1389
3873	1504
3874	1287
3875	1492
3876	1377
3877	1470
3878	1447
3879	1349
3880	1523
3881	1514
3882	1404
3883	1402
3884	1427
3885	1404
3886	1436
3887	1323
3888	1490
3889	1428
3890	1374
3891	1445
3892	1393
3893	1348
3894	1442
3895	1434
3896	1398
3897	1447
3898	1347
3899	1441
3900	1462
3901	1542
3902	1575
3903	1415
3904	1401
3905	1377
3906	1451
3907	1371
3908	1515
3909	1473
3910	1341
3911	1455
3912	1407
3913	1515
3914	1503
3915	1531
3916	1469
3917	1456
3918	1400
3919	1546
3920	1426
3921	1575
3922	1447
3923	1580
3924	1553
3925	1519
3926	1606
3927	1508
3928	1472
3929	1585
3930	1633
3931	1514
3932	1609
3933	1455
3934	1496
3935	1414
3936	1529
3937	1573
3938	1635
3939	1648
3940	1396
3941	1512
3942	1556
3943	1588
3944	1483
3945	1572
3946	1555
3947	1575
3948	1492
3949	1563
3950	1538
3951	1454
3952	1626
3953	1578
3954	1492
3955	1473
3956	1711
3957	1568
3958	1544
3959	1593
3960	1704
3961	1600
3962	1654
3963	1449
3964	1591
3965	1362
3966	1608
3967	1533
3968	1600
3969	1473
3970	1442
3971	1456
3972	1447
3973	1634
3974	1444
3975	1583
3976	1559
3977	1568
3978	1548
3979	1503
3980	1538
3981	1448
3982	1400
3983	1651
3984	1461
3985	1424
3986	1418
3987	1464
3988	1553
3989	1425
3990	1518
3991	1399
3992	1446
3993	1507
3994	1506
3995	1465
3996	1265
3997	1445
3998	1435
3999	1417
4000	1480
4001	1491
4002	1485
4003	1328
4004	1481
4005	1395
4006	1539
4007	1501
4008	1366
4009	1389
4010	1553
4011	1425
4012	1460
4013	1384
4014	1396
4015	1372
4016	1397
4017	1476
4018	1381
4019	1390
4020	1526
4021	1399
4022	1401
4023	1552
4024	1523
4025	1390
4026	1542
4027	1461
4028	1453
4029	1375
4030	1431
4031	1530
4032	1459
4033	1529
4034	1377
4035	1367
4036	1290
4037	1369
4038	1334
4039	1437
4040	1398
4041	1402
4042	1391
4043	1407
4044	1422
4045	1412
4046	1391
4047	1451
4048	1415
4049	1388
4050	1442
4051	1552
4052	1457
4053	1524
4054	1301
4055	1444
4056	1407
4057	1368
4058	1470
4059	1439
4060	1441
4061	1415
4062	1504
4063	1386
4064	1428
4065	1412
4066	1364
4067	1490
4068	1425
4069	1435
4070	1430
4071	1349
4072	1393
4073	1424
4074	1339
4075	1462
4076	1460
4077	1464
4078	1399
4079	1412
4080	1386
4081	1311
4082	1399
4083	1423
4084	1415
4085	1374
4086	1392
4087	1324
4088	1408
4089	1354
4090	1504
4091	1339
4092	1377
4093	1408
4094	1315
4095	1427
4096	1574
4097	1417
4098	1343
4099	1343
4100	1486
4101	1340
4102	1421
4103	1336
4104	1334
4105	1356
4106	1301
4107	1348
4108	1354
4109	1344
4110	1369
4111	1337
4112	1333
4113	1416
4114	1415
4115	1390
4116	1384
4117	1290
4118	1449
4119	1237
4120	1373
4121	1283
4122	1312
4123	1239
4124	1358
4125	1409
4126	1387
4127	1346
4128	1287
4129	1480
4130	1362
4131	1240
4132	1314
4133	1344
4134	1385
4135	1316
4136	1387
4137	1399
4138	1311
4139	1271
4140	1341
4141	1269
4142	1277
4143	1215
4144	1244
4145	1269
4146	1392
4147	1399
4148	1174
4149	1251
4150	1345
4151	1306
4152	1321
4153	1375
4154	1408
4155	1343
4156	1365
4157	1268
4158	1365
4159	1317
4160	1269
4161	1350
4162	1274
4163	1377
4164	1300
4165	1391
4166	1320
4167	1288
4168	1255
4169	1297
4170	1317
4171	1366
4172	1313
4173	1357
4174	1398
4175	1326
4176	1268
4177	1304
4178	1299
4179	1347
4180	1314
4181	1300
4182	1289
4183	1293
4184	1316
4185	1304
4186	1344
4187	1392
4188	1293
4189	1382
4190	1240
4191	1288
4192	1211
4193	1163
4194	1292
4195	1211
4196	1306
4197	1279
4198	1284
4199	1395
4200	1280
4201	1396
4202	1209
4203	1304
4204	1439
4205	1312
4206	1337
4207	1284
4208	1324
4209	1356
4210	1282
4211	1306
4212	1241
4213	1295
4214	1187
4215	1194
4216	1254
4217	1237
4218	1312
4219	1318
4220	1313
4221	1411
4222	1402
4223	1313
4224	1192
4225	1389
4226	1297
4227	1230
4228	1317
4229	1324
4230	1259
4231	1211
4232	1289
4233	1428
4234	1305
4235	1270
4236	1332
4237	1227
4238	1398
4239	1337
4240	1305
4241	1339
4242	1304
4243	1509
4244	1425
4245	1350
4246	1277
4247	1296
4248	1305
4249	1368
4250	1182
4251	1210
4252	1294
4253	1235
4254	1193
4255	1234
4256	1233
4257	1198
4258	1270
4259	1207
4260	1316
4261	1254
4262	1167
4263	1369
4264	1315
4265	1224
4266	1376
4267	1273
4268	1386
4269	1367
4270	1352
4271	1322
4272	1389
4273	1234
4274	1340
4275	1267
4276	1313
4277	1401
4278	1391
4279	1254
4280	1374
4281	1456
4282	1412
4283	1331
4284	1241
4285	1326
4286	1359
4287	1344
4288	1150
4289	1256
4290	1407
4291	1401
4292	1287
4293	1379
4294	1341
4295	1377
4296	1328
4297	1216
4298	1342
4299	1220
4300	1415
4301	1317
4302	1400
4303	1409
4304	1390
4305	1394
4306	1249
4307	1272
4308	1357
4309	1362
4310	1321
4311	1310
4312	1427
4313	1190
4314	1155
4315	1282
4316	1264
4317	1369
4318	1166
4319	1215
4320	1244
4321	1170
4322	1317
4323	1141
4324	1177
4325	1306
4326	1344
4327	1246
4328	1316
4329	1176
4330	1246
4331	1238
4332	1401
4333	1234
4334	1245
4335	1194
4336	1328
4337	1320
4338	1184
4339	1205
4340	1285
4341	1262
4342	1226
4343	1187
4344	1234
4345	1179
4346	1073
4347	1151
4348	1143
4349	1103
4350	1273
4351	1298
4352	1144
4353	1301
4354	1184
4355	1283
4356	1001
4357	1214
4358	1172
4359	1154
4360	1201
4361	1268
4362	1277
4363	1175
4364	1159
4365	1178
4366	1189
4367	1268
4368	1213
4369	1212
4370	1273
4371	1148
4372	1098
4373	1202
4374	1223
4375	1312
4376	1179
4377	1146
4378	1151
4379	1193
4380	1267
4381	1195
4382	1180
4383	1194
4384	1157
4385	1124
4386	1083
4387	1179
4388	1134
4389	1156
4390	1265
4391	1132
4392	1181
4393	1202
4394	1180
4395	1115
4396	1119
4397	1094
4398	1114
4399	1238
4400	1115
4401	1184
4402	1189
4403	1176
4404	1164
4405	1180
4406	1083
4407	1081
4408	1130
4409	1106
4410	1142
4411	1204
4412	1154
4413	1224
4414	1300
4415	1219
4416	1226
4417	1083
4418	1025
4419	1124
4420	1105
4421	1157
4422	1109
4423	1203
4424	1146
4425	1064
4426	1286
4427	1138
4428	1181
4429	1142
4430	1120
4431	1064
4432	1096
4433	1114
4434	1036
4435	1082
4436	1129
4437	1024
4438	1157
4439	1156
4440	1211
4441	1185
4442	1143
4443	1126
4444	1062
4445	1058
4446	1059
4447	1152
4448	1122
4449	1083
4450	1120
4451	1167
4452	1026
4453	1202
4454	1004
4455	1041
4456	1071
4457	1093
4458	1077
4459	1063
4460	1071
4461	1047
4462	1123
4463	1093
4464	1024
4465	1040
4466	1112
4467	1066
4468	1015
4469	1079
4470	1041
4471	1040
4472	1026
4473	1002
4474	1073
4475	1126
4476	1044
4477	1052
4478	1082
4479	1099
4480	1064
4481	1040
4482	1114
4483	1204
4484	1079
4485	1100
4486	1095
4487	1135
4488	1162
4489	1166
4490	1047
4491	1039
4492	1087
4493	1030
4494	1032
4495	1203
4496	1073
4497	1107
4498	1045
4499	1120
4500	1042
4501	1115
4502	1199
4503	1167
4504	1185
4505	1050
4506	1153
4507	1167
4508	1107
4509	1185
4510	1159
4511	1107
4512	1106
4513	1095
4514	1102
4515	1137
4516	1087
4517	1025
4518	1118
4519	979
4520	1076
4521	992
4522	1176
4523	1125
4524	1113
4525	991
4526	1068
4527	1085
4528	1036
4529	1108
4530	992
4531	1043
4532	985
4533	1034
4534	1123
4535	1216
4536	1210
4537	1115
4538	1093
4539	1025
4540	1033
4541	1029
4542	981
4543	1004
4544	1098
4545	1007
4546	1077
4547	1056
4548	1026
4549	1122
4550	1117
4551	1103
4552	1058
4553	1038
4554	1072
4555	1009
4556	1091
4557	1028
4558	1021
4559	1127
4560	1036
4561	993
4562	986
4563	1055
4564	1017
4565	1045
4566	1033
4567	973
4568	1029
4569	1064
4570	996
4571	963
4572	915
4573	1069
4574	1038
4575	1036
4576	1057
4577	1048
4578	1010
4579	1101
4580	1012
4581	1052
4582	1049
4583	1102
4584	1022
4585	1069
4586	978
4587	991
4588	1059
4589	1056
4590	1102
4591	1023
4592	1002
4593	1040
4594	1028
4595	1047
4596	1074
4597	1088
4598	1064
4599	1110
4600	1103
4601	1009
4602	1077
4603	1035
4604	1102
4605	1027
4606	1149
4607	1134
4608	1045
4609	1061
4610	1087
4611	1108
4612	1096
4613	1126
4614	1173
4615	1038
4616	1170
4617	1077
4618	1135
4619	1151
4620	1122
4621	1188
4622	1204
4623	1181
4624	1189
4625	1190
4626	1244
4627	1063
4628	1243
4629	1218
4630	1301
4631	1173
4632	1264
4633	1251
4634	1316
4635	1212
4636	1136
4637	1281
4638	1220
4639	1185
4640	1248
4641	1127
4642	1117
4643	1209
4644	1215
4645	1224
4646	1298
4647	1100
4648	1201
4649	1142
4650	1192
4651	1131
4652	1196
4653	1196
4654	1234
4655	1240
4656	1085
4657	1215
4658	1215
4659	1219
4660	1230
4661	1152
4662	1168
4663	1231
4664	1213
4665	1215
4666	1100
4667	1165
4668	1142
4669	1189
4670	1137
4671	1036
4672	1080
4673	1107
4674	1078
4675	1187
4676	1243
4677	1252
4678	1070
4679	1046
4680	1152
4681	1114
4682	1048
4683	1243
4684	1086
4685	1218
4686	1233
4687	1111
4688	1247
4689	1092
4690	1166
4691	966
4692	1090
4693	1142
4694	1160
4695	1110
4696	1115
4697	1085
4698	1111
4699	1091
4700	1147
4701	1079
4702	1096
4703	975
4704	1069
4705	1151
4706	1050
4707	998
4708	1063
4709	1065
4710	1158
4711	1011
4712	1022
4713	1013
4714	975
4715	1084
4716	1112
4717	1018
4718	998
4719	1024
4720	1014
4721	1064
4722	1058
4723	1007
4724	1088
4725	1006
4726	986
4727	1016
4728	993
4729	1071
4730	1079
4731	968
4732	1028
4733	1023
4734	1069
4735	1101
4736	1043
4737	1039
4738	973
4739	1017
4740	1101
4741	1094
4742	1043
4743	1017
4744	973
4745	1063
4746	1162
4747	1054
4748	1007
4749	1113
4750	1138
4751	1008
4752	1200
4753	1139
4754	1070
4755	1021
4756	1088
4757	1122
4758	1091
4759	1124
4760	969
4761	1043
4762	1115
4763	1132
4764	1148
4765	1160
4766	1067
4767	1200
4768	1125
4769	1164
4770	1081
4771	1163
4772	1185
4773	1125
4774	1015
4775	1027
4776	1170
4777	1128
4778	1146
4779	1062
4780	1196
4781	1124
4782	1157
4783	1045
4784	1138
4785	1084
4786	1083
4787	1133
4788	1111
4789	1057
4790	1033
4791	995
4792	1107
4793	981
4794	1103
4795	1058
4796	1001
4797	964
4798	1139
4799	1109
4800	1171
4801	1209
4802	1090
4803	1243
4804	1107
4805	1139
4806	1083
4807	997
4808	1023
4809	1120
4810	1127
4811	1093
4812	1093
4813	1127
4814	1029
4815	1117
4816	1095
4817	1172

