## htsjdk.samtools.metrics.StringHeader
# CollectInsertSizeMetrics HISTOGRAM_FILE=/work/ugbogu/pipeline/data/nbl/GSE189367/results/picard/SRR17011023_insert_size_histogram.pdf MINIMUM_PCT=0.5 INPUT=/work/ugbogu/pipeline/data/nbl/GSE189367/results/star/SRR17011023.Aligned.sortedByCoord.out.bam OUTPUT=/work/ugbogu/pipeline/data/nbl/GSE189367/results/picard/SRR17011023_insert_size_metrics.txt    DEVIATIONS=10.0 METRIC_ACCUMULATION_LEVEL=[ALL_READS] INCLUDE_DUPLICATES=false ASSUME_SORTED=true STOP_AFTER=0 VERBOSITY=INFO QUIET=false VALIDATION_STRINGENCY=STRICT COMPRESSION_LEVEL=5 MAX_RECORDS_IN_RAM=500000 CREATE_INDEX=false CREATE_MD5_FILE=false USE_JDK_DEFLATER=false USE_JDK_INFLATER=false
## htsjdk.samtools.metrics.StringHeader
# Started on: Thu Apr 16 01:31:05 UTC 2026

## METRICS CLASS	picard.analysis.InsertSizeMetrics
MEDIAN_INSERT_SIZE	MODE_INSERT_SIZE	MEDIAN_ABSOLUTE_DEVIATION	MIN_INSERT_SIZE	MAX_INSERT_SIZE	MEAN_INSERT_SIZE	STANDARD_DEVIATION	READ_PAIRS	PAIR_ORIENTATION	WIDTH_OF_10_PERCENT	WIDTH_OF_20_PERCENT	WIDTH_OF_30_PERCENT	WIDTH_OF_40_PERCENT	WIDTH_OF_50_PERCENT	WIDTH_OF_60_PERCENT	WIDTH_OF_70_PERCENT	WIDTH_OF_80_PERCENT	WIDTH_OF_90_PERCENT	WIDTH_OF_95_PERCENT	WIDTH_OF_99_PERCENT	SAMPLE	LIBRARY	READ_GROUP
874	124	749	24	2816900	1447.113405	1898.571759	25301527	FR	653	1143	1343	1439	1499	1667	4377	9901	31867	153665	153877			

## HISTOGRAM	java.lang.Integer
insert_size	All_Reads.fr_count
24	1
25	1
28	1
29	6
30	4
31	2
32	3
33	18
34	27
35	218
36	233
37	232
38	246
39	190
40	289
41	289
42	305
43	350
44	274
45	299
46	356
47	429
48	433
49	533
50	634
51	665
52	608
53	672
54	647
55	777
56	922
57	927
58	1304
59	1619
60	1783
61	2332
62	2533
63	2111
64	2097
65	2481
66	3046
67	3881
68	4124
69	4103
70	4745
71	5907
72	5676
73	8024
74	7955
75	31076
76	12260
77	8322
78	12295
79	10602
80	8871
81	11415
82	11309
83	14086
84	13323
85	13457
86	13861
87	15087
88	16594
89	18196
90	19775
91	22128
92	24769
93	25570
94	28285
95	30171
96	31272
97	35989
98	39274
99	41445
100	42162
101	43130
102	45298
103	47837
104	52524
105	56367
106	57640
107	59401
108	60338
109	64257
110	65382
111	65794
112	68114
113	70562
114	71283
115	71923
116	75012
117	74689
118	82712
119	77544
120	81463
121	91101
122	86241
123	93473
124	95088
125	86716
126	84215
127	85796
128	83087
129	82809
130	84613
131	83985
132	84224
133	88125
134	88028
135	84717
136	87104
137	85844
138	82604
139	82606
140	82632
141	80817
142	79827
143	79304
144	79756
145	79583
146	75426
147	75497
148	75157
149	73414
150	71540
151	73628
152	71643
153	70571
154	71064
155	69855
156	68416
157	68222
158	65512
159	64407
160	65063
161	62632
162	62516
163	61875
164	59592
165	58246
166	58237
167	58117
168	57404
169	58221
170	57935
171	54882
172	54533
173	53343
174	51191
175	52466
176	51358
177	49363
178	48874
179	49067
180	48228
181	48630
182	47460
183	45316
184	44990
185	45021
186	44404
187	44028
188	44199
189	43282
190	42387
191	42724
192	41155
193	41127
194	40373
195	39161
196	38982
197	39889
198	38295
199	37667
200	37452
201	36695
202	38731
203	36637
204	35912
205	35937
206	34875
207	34033
208	34859
209	33769
210	33128
211	32808
212	33511
213	32683
214	31548
215	31911
216	30899
217	30120
218	30454
219	29281
220	30219
221	29673
222	29704
223	28661
224	28057
225	28008
226	28270
227	27839
228	26992
229	26935
230	27829
231	26815
232	26958
233	26736
234	26445
235	25771
236	25843
237	25459
238	25568
239	24550
240	24104
241	23912
242	23752
243	23334
244	23135
245	23033
246	22871
247	22110
248	22266
249	21935
250	21866
251	21786
252	21852
253	21390
254	21135
255	20326
256	20422
257	20581
258	20537
259	20329
260	20393
261	19931
262	19950
263	20194
264	19330
265	18913
266	18725
267	18746
268	19116
269	18657
270	18812
271	18222
272	17575
273	18579
274	18006
275	17843
276	17266
277	17297
278	17170
279	16877
280	16943
281	16597
282	16605
283	16382
284	16010
285	16306
286	16286
287	15960
288	15541
289	15220
290	15109
291	15200
292	15191
293	15079
294	15186
295	14640
296	14724
297	14316
298	14231
299	13948
300	13689
301	14234
302	13365
303	14004
304	13646
305	13272
306	13145
307	13463
308	13408
309	13037
310	13302
311	12960
312	12601
313	12335
314	12685
315	12241
316	11759
317	12155
318	12290
319	12011
320	11879
321	11817
322	11735
323	11354
324	11303
325	11238
326	11103
327	11046
328	11069
329	11321
330	10741
331	11069
332	11022
333	10786
334	10879
335	10532
336	10735
337	10501
338	10118
339	10419
340	10467
341	9912
342	10071
343	9846
344	9803
345	10041
346	10016
347	9910
348	9638
349	9769
350	9596
351	9558
352	9537
353	9739
354	9355
355	9408
356	9423
357	9194
358	8957
359	9063
360	9276
361	9117
362	8878
363	8758
364	8877
365	8668
366	8834
367	8801
368	8883
369	8751
370	8629
371	8503
372	8527
373	8172
374	8612
375	7978
376	8447
377	8310
378	7829
379	8457
380	8368
381	8244
382	8151
383	8075
384	8088
385	8018
386	7608
387	7978
388	7806
389	7846
390	7506
391	7782
392	7438
393	7597
394	7485
395	7481
396	7570
397	7554
398	7242
399	7385
400	7195
401	7555
402	7207
403	7201
404	7069
405	7108
406	6976
407	6720
408	6930
409	6878
410	6855
411	6734
412	6834
413	6706
414	6517
415	6487
416	6628
417	6604
418	6823
419	6630
420	6439
421	6495
422	6509
423	6387
424	6454
425	6522
426	6530
427	6669
428	6494
429	6548
430	6594
431	6542
432	6210
433	6432
434	6133
435	6238
436	6231
437	6344
438	6064
439	6204
440	6343
441	6137
442	6262
443	6227
444	6266
445	6052
446	6234
447	6137
448	6308
449	6071
450	6080
451	6132
452	5941
453	6297
454	6495
455	6128
456	5772
457	5726
458	5702
459	5731
460	5916
461	5904
462	5701
463	5802
464	5653
465	5658
466	5587
467	5713
468	5583
469	5825
470	5697
471	5547
472	5498
473	5533
474	5377
475	5465
476	5519
477	5979
478	5404
479	5476
480	5369
481	5414
482	5476
483	5403
484	5390
485	5444
486	5296
487	5479
488	5569
489	5580
490	5312
491	5569
492	5384
493	5493
494	5076
495	5147
496	5368
497	5503
498	5258
499	5607
500	5202
501	5240
502	5441
503	5267
504	5355
505	5271
506	5447
507	5476
508	5205
509	5084
510	5307
511	5300
512	4995
513	5104
514	5130
515	5109
516	5262
517	5418
518	5289
519	5221
520	5314
521	5185
522	5309
523	5009
524	5249
525	4986
526	5289
527	4937
528	5324
529	5227
530	5338
531	5101
532	5348
533	5291
534	4744
535	5294
536	5412
537	5494
538	4962
539	5213
540	5351
541	5344
542	5173
543	5557
544	5182
545	5158
546	5199
547	5270
548	5105
549	5083
550	5098
551	4949
552	5081
553	5174
554	4977
555	5275
556	5191
557	5047
558	5092
559	4864
560	4825
561	4806
562	5082
563	5145
564	5086
565	5155
566	5244
567	5008
568	5185
569	5108
570	5162
571	4884
572	4907
573	5151
574	4896
575	4949
576	5187
577	4813
578	5135
579	5001
580	4885
581	4923
582	5036
583	5005
584	5117
585	4921
586	5129
587	4938
588	4830
589	4875
590	4814
591	4909
592	4962
593	4919
594	4937
595	4743
596	4758
597	5090
598	4701
599	4602
600	4566
601	4785
602	4760
603	4752
604	4637
605	4661
606	4777
607	4595
608	4792
609	4535
610	4755
611	4540
612	4605
613	4641
614	4568
615	4684
616	4521
617	4548
618	4570
619	4571
620	4588
621	4371
622	4365
623	4561
624	4487
625	4925
626	4595
627	4810
628	4540
629	4445
630	4565
631	4571
632	4395
633	4614
634	4445
635	4407
636	4627
637	4688
638	4591
639	4548
640	4521
641	4547
642	4527
643	4269
644	4405
645	4350
646	4667
647	4632
648	4427
649	4555
650	4488
651	4283
652	4409
653	4499
654	4486
655	4251
656	4335
657	4483
658	4436
659	4305
660	4275
661	4576
662	4519
663	4409
664	4212
665	4400
666	4447
667	4446
668	4538
669	4689
670	4397
671	4435
672	4532
673	4294
674	4374
675	4373
676	4303
677	4365
678	4508
679	4422
680	4549
681	4289
682	4322
683	4342
684	4349
685	4255
686	4345
687	4382
688	4147
689	4336
690	4380
691	4420
692	4559
693	4551
694	4673
695	4429
696	4348
697	4342
698	4619
699	4491
700	4378
701	4566
702	4566
703	4444
704	4355
705	4437
706	4422
707	4302
708	4315
709	4315
710	4142
711	4309
712	4411
713	4183
714	4350
715	4410
716	4331
717	4247
718	4321
719	4375
720	4289
721	4372
722	4123
723	4377
724	4372
725	4257
726	4393
727	4310
728	4449
729	4162
730	4341
731	4313
732	4547
733	4405
734	4227
735	4499
736	4332
737	4268
738	4154
739	4288
740	4261
741	4282
742	4442
743	4163
744	4338
745	4106
746	4207
747	4158
748	4199
749	4350
750	4158
751	4186
752	4152
753	4285
754	4153
755	4118
756	4312
757	3979
758	4312
759	4252
760	4045
761	4207
762	4267
763	4163
764	4104
765	4256
766	4206
767	4198
768	4216
769	4071
770	4291
771	4053
772	4027
773	4179
774	4029
775	4020
776	4227
777	4080
778	4307
779	4145
780	4089
781	4056
782	4145
783	3901
784	4157
785	4182
786	4215
787	4022
788	4108
789	4223
790	4009
791	4051
792	4213
793	4055
794	4057
795	4099
796	4126
797	3749
798	3963
799	3993
800	4030
801	4086
802	4360
803	4056
804	4084
805	4134
806	4129
807	4177
808	4245
809	3964
810	3974
811	3960
812	4131
813	3961
814	4339
815	4211
816	4237
817	4037
818	3909
819	4045
820	4110
821	3989
822	3880
823	3826
824	4005
825	4130
826	3977
827	3869
828	3838
829	4026
830	3997
831	3787
832	4081
833	4048
834	3893
835	4152
836	4290
837	4117
838	4115
839	4099
840	4146
841	4089
842	4228
843	4188
844	3848
845	3922
846	3985
847	4136
848	4018
849	3987
850	3954
851	4080
852	3793
853	4006
854	3870
855	3916
856	3882
857	3913
858	3861
859	3802
860	4124
861	3877
862	3921
863	3991
864	3873
865	3788
866	3753
867	3834
868	3831
869	3965
870	3847
871	3912
872	3966
873	3990
874	3767
875	3957
876	3989
877	3894
878	3765
879	3909
880	3714
881	3872
882	3947
883	3703
884	3971
885	3671
886	3852
887	3963
888	4038
889	3728
890	3949
891	3867
892	4095
893	3963
894	3984
895	3938
896	3836
897	3899
898	3707
899	3720
900	3832
901	3886
902	3886
903	3780
904	3477
905	3906
906	3735
907	3840
908	3773
909	3569
910	3869
911	3653
912	3570
913	3757
914	3778
915	3727
916	3773
917	3799
918	3819
919	3871
920	3811
921	3639
922	3910
923	3649
924	3894
925	3698
926	3707
927	3729
928	3735
929	3881
930	3761
931	3857
932	4036
933	3854
934	3735
935	3766
936	3769
937	3732
938	3743
939	3687
940	3727
941	3760
942	3619
943	3635
944	3614
945	3660
946	3609
947	3701
948	3702
949	3705
950	3652
951	3885
952	3730
953	3708
954	3526
955	3722
956	3467
957	3452
958	3561
959	3530
960	3481
961	3461
962	3654
963	3717
964	3507
965	3623
966	3575
967	3653
968	3514
969	3501
970	3501
971	3511
972	3689
973	3610
974	3797
975	3591
976	3534
977	3510
978	3413
979	3674
980	3537
981	3541
982	3592
983	3462
984	3556
985	3518
986	3345
987	3363
988	3545
989	3556
990	3377
991	3252
992	3599
993	3366
994	3284
995	3555
996	3483
997	3383
998	3507
999	3380
1000	3539
1001	3312
1002	3347
1003	3426
1004	3333
1005	3349
1006	3517
1007	3576
1008	3287
1009	3205
1010	3404
1011	3333
1012	3376
1013	3524
1014	3277
1015	3326
1016	3572
1017	3437
1018	3241
1019	3526
1020	3381
1021	3268
1022	3315
1023	3314
1024	3392
1025	3524
1026	3321
1027	3211
1028	3202
1029	3302
1030	3217
1031	3315
1032	3329
1033	3060
1034	3290
1035	3288
1036	3240
1037	3379
1038	3313
1039	3363
1040	3179
1041	3382
1042	3188
1043	3065
1044	3201
1045	3265
1046	3161
1047	3294
1048	3255
1049	3249
1050	3305
1051	3230
1052	3448
1053	3326
1054	3347
1055	3165
1056	3273
1057	3347
1058	3387
1059	3331
1060	3262
1061	3094
1062	3037
1063	3120
1064	3213
1065	3213
1066	3272
1067	3284
1068	3147
1069	3177
1070	3166
1071	3172
1072	3207
1073	3238
1074	3229
1075	3131
1076	3231
1077	3154
1078	3217
1079	3293
1080	3216
1081	3048
1082	3234
1083	3138
1084	3067
1085	3136
1086	3130
1087	3205
1088	2971
1089	3273
1090	3244
1091	3349
1092	3110
1093	3091
1094	3359
1095	3265
1096	3191
1097	3037
1098	3233
1099	3098
1100	3151
1101	3275
1102	3140
1103	3028
1104	3310
1105	3058
1106	3164
1107	3197
1108	3041
1109	3159
1110	3194
1111	3430
1112	3253
1113	3358
1114	3264
1115	3195
1116	3130
1117	3229
1118	3258
1119	3191
1120	3065
1121	3223
1122	3177
1123	3038
1124	3041
1125	3117
1126	3041
1127	3087
1128	3143
1129	3210
1130	3123
1131	3070
1132	3047
1133	3074
1134	3065
1135	3170
1136	3178
1137	3209
1138	3011
1139	3196
1140	3106
1141	3022
1142	3115
1143	3369
1144	3158
1145	3190
1146	3051
1147	3099
1148	3275
1149	3054
1150	3108
1151	3240
1152	3366
1153	3127
1154	3202
1155	3146
1156	3328
1157	3101
1158	3063
1159	3076
1160	3333
1161	3052
1162	3029
1163	3160
1164	3142
1165	3244
1166	3102
1167	3028
1168	3052
1169	3199
1170	2867
1171	3067
1172	3132
1173	3031
1174	3154
1175	3089
1176	3046
1177	3105
1178	2991
1179	3063
1180	3073
1181	3143
1182	3005
1183	3149
1184	3087
1185	3147
1186	3176
1187	3144
1188	3105
1189	3043
1190	3048
1191	2957
1192	3139
1193	3018
1194	3301
1195	3096
1196	3140
1197	3137
1198	3101
1199	3078
1200	2987
1201	3043
1202	3204
1203	3236
1204	3009
1205	3331
1206	3089
1207	3136
1208	3292
1209	3257
1210	3324
1211	3176
1212	3279
1213	3112
1214	3051
1215	3114
1216	3034
1217	3076
1218	3210
1219	3162
1220	3065
1221	3300
1222	3093
1223	3166
1224	3199
1225	3235
1226	3134
1227	3280
1228	3161
1229	3153
1230	3141
1231	3110
1232	3031
1233	3142
1234	3019
1235	3211
1236	3033
1237	3176
1238	3174
1239	3350
1240	3097
1241	3038
1242	3152
1243	3279
1244	2930
1245	3071
1246	3053
1247	3247
1248	3039
1249	3151
1250	3114
1251	2999
1252	3223
1253	3196
1254	3203
1255	3074
1256	3019
1257	3221
1258	3360
1259	3193
1260	3262
1261	3281
1262	3213
1263	3253
1264	3150
1265	3303
1266	3079
1267	3476
1268	3035
1269	3249
1270	3077
1271	3115
1272	3201
1273	3218
1274	2984
1275	3215
1276	3176
1277	2985
1278	3172
1279	2957
1280	3189
1281	3152
1282	3006
1283	2988
1284	2974
1285	3108
1286	2924
1287	3080
1288	2946
1289	3153
1290	2971
1291	3054
1292	3272
1293	2862
1294	2968
1295	2969
1296	2932
1297	3076
1298	3006
1299	2988
1300	2965
1301	3039
1302	2822
1303	3079
1304	2957
1305	2885
1306	2817
1307	3018
1308	2950
1309	2916
1310	2866
1311	2901
1312	2904
1313	3106
1314	2923
1315	2911
1316	2944
1317	3012
1318	2906
1319	2936
1320	2886
1321	2931
1322	2833
1323	3000
1324	3054
1325	2963
1326	3069
1327	2921
1328	2689
1329	2919
1330	2840
1331	2893
1332	2958
1333	2784
1334	2861
1335	2908
1336	2834
1337	2881
1338	2727
1339	3043
1340	2837
1341	2615
1342	2716
1343	2979
1344	2855
1345	2706
1346	2771
1347	2950
1348	2975
1349	2858
1350	2740
1351	2892
1352	2918
1353	2863
1354	2783
1355	2742
1356	2765
1357	2831
1358	2800
1359	2744
1360	3031
1361	2684
1362	2941
1363	2803
1364	2744
1365	2923
1366	2698
1367	2780
1368	2791
1369	2674
1370	2764
1371	2860
1372	2875
1373	2792
1374	2628
1375	2757
1376	2881
1377	2893
1378	2770
1379	2760
1380	2917
1381	3028
1382	2852
1383	2811
1384	2638
1385	2710
1386	2831
1387	2545
1388	2788
1389	2788
1390	2846
1391	2745
1392	2702
1393	2644
1394	2695
1395	2557
1396	2708
1397	2660
1398	2690
1399	2610
1400	2595
1401	2618
1402	2826
1403	2703
1404	2595
1405	2606
1406	2623
1407	2610
1408	2848
1409	2715
1410	2932
1411	2800
1412	2822
1413	2629
1414	2624
1415	2537
1416	2577
1417	2561
1418	2630
1419	2749
1420	2627
1421	2676
1422	2626
1423	2512
1424	2618
1425	2713
1426	2627
1427	2453
1428	2711
1429	2797
1430	2553
1431	2737
1432	2675
1433	2624
1434	2787
1435	2543
1436	2591
1437	2568
1438	2775
1439	2493
1440	2745
1441	2707
1442	2647
1443	2731
1444	2678
1445	2874
1446	2609
1447	2588
1448	2592
1449	2577
1450	2547
1451	2584
1452	2560
1453	2586
1454	2665
1455	2625
1456	2747
1457	2398
1458	2590
1459	2580
1460	2737
1461	2757
1462	2475
1463	2689
1464	2593
1465	2423
1466	2452
1467	2575
1468	2512
1469	2600
1470	2524
1471	2696
1472	2517
1473	2682
1474	2674
1475	2639
1476	2783
1477	2625
1478	2529
1479	2438
1480	2670
1481	2506
1482	2454
1483	2722
1484	2724
1485	2773
1486	2629
1487	2796
1488	2642
1489	2627
1490	2727
1491	2704
1492	2789
1493	2765
1494	2864
1495	2559
1496	2733
1497	2945
1498	2827
1499	3016
1500	2848
1501	2820
1502	2783
1503	2692
1504	2603
1505	2665
1506	2637
1507	2831
1508	2723
1509	2727
1510	2947
1511	2648
1512	2753
1513	2784
1514	2849
1515	2680
1516	2872
1517	2772
1518	2835
1519	2852
1520	2768
1521	2799
1522	2779
1523	2878
1524	2786
1525	2836
1526	2847
1527	2733
1528	2761
1529	2695
1530	2845
1531	2815
1532	2989
1533	2870
1534	2923
1535	2708
1536	2768
1537	2960
1538	2873
1539	2903
1540	2671
1541	2860
1542	2738
1543	2773
1544	2613
1545	2862
1546	2761
1547	2916
1548	2849
1549	3009
1550	2781
1551	2978
1552	2874
1553	2824
1554	2846
1555	3020
1556	3119
1557	2750
1558	2860
1559	2847
1560	2789
1561	2883
1562	2704
1563	2670
1564	2795
1565	2831
1566	2775
1567	2947
1568	2820
1569	2916
1570	2820
1571	2712
1572	2893
1573	2856
1574	2833
1575	2953
1576	2729
1577	2536
1578	2812
1579	2745
1580	2635
1581	2743
1582	2976
1583	2672
1584	2774
1585	2773
1586	2957
1587	2852
1588	2881
1589	2774
1590	2785
1591	2657
1592	2831
1593	2830
1594	2896
1595	2772
1596	2674
1597	2624
1598	2713
1599	2814
1600	2693
1601	2913
1602	2786
1603	2801
1604	2867
1605	2968
1606	2613
1607	2725
1608	2530
1609	2751
1610	2732
1611	2653
1612	2648
1613	2560
1614	2690
1615	2751
1616	2641
1617	2544
1618	2605
1619	2641
1620	2856
1621	2705
1622	2515
1623	2469
1624	2573
1625	2666
1626	2736
1627	2672
1628	2636
1629	2718
1630	2671
1631	2436
1632	2625
1633	2568
1634	2669
1635	2710
1636	2627
1637	2776
1638	2633
1639	2760
1640	2656
1641	2708
1642	2748
1643	2616
1644	2426
1645	2722
1646	2670
1647	2632
1648	2547
1649	2624
1650	2447
1651	2870
1652	2629
1653	2621
1654	2483
1655	2476
1656	2752
1657	2643
1658	2788
1659	2365
1660	2667
1661	2907
1662	2747
1663	2723
1664	2690
1665	2695
1666	2678
1667	2741
1668	2607
1669	2620
1670	2795
1671	2578
1672	2698
1673	2687
1674	2498
1675	2522
1676	2696
1677	2469
1678	2606
1679	2655
1680	2458
1681	2809
1682	2849
1683	2601
1684	2588
1685	2637
1686	2390
1687	2691
1688	2831
1689	2499
1690	2633
1691	2589
1692	2643
1693	2771
1694	2584
1695	2608
1696	2648
1697	2676
1698	2640
1699	2674
1700	2554
1701	2627
1702	2702
1703	2666
1704	2642
1705	2755
1706	2621
1707	2717
1708	2601
1709	2682
1710	2550
1711	2713
1712	2707
1713	2681
1714	2541
1715	2682
1716	2527
1717	2839
1718	2516
1719	2677
1720	2464
1721	2643
1722	2623
1723	2687
1724	2565
1725	2636
1726	2588
1727	2641
1728	2546
1729	2707
1730	2814
1731	2505
1732	2630
1733	2640
1734	2673
1735	2528
1736	2655
1737	2711
1738	2596
1739	2651
1740	2536
1741	2600
1742	2531
1743	2549
1744	2570
1745	2488
1746	2634
1747	2523
1748	2573
1749	2375
1750	2648
1751	2510
1752	2425
1753	2505
1754	2537
1755	2570
1756	2516
1757	2613
1758	2639
1759	2427
1760	2480
1761	2561
1762	2355
1763	2450
1764	2497
1765	2360
1766	2515
1767	2395
1768	2396
1769	2502
1770	2475
1771	2559
1772	2431
1773	2608
1774	2358
1775	2364
1776	2437
1777	2418
1778	2466
1779	2343
1780	2361
1781	2421
1782	2407
1783	2280
1784	2378
1785	2435
1786	2311
1787	2489
1788	2501
1789	2434
1790	2406
1791	2335
1792	2237
1793	2403
1794	2293
1795	2226
1796	2200
1797	2312
1798	2211
1799	2362
1800	2231
1801	2258
1802	2227
1803	2252
1804	2217
1805	2233
1806	2318
1807	2187
1808	2298
1809	2319
1810	2363
1811	2255
1812	2214
1813	2184
1814	2286
1815	2213
1816	2153
1817	2108
1818	2082
1819	2117
1820	2087
1821	2197
1822	2223
1823	2196
1824	2131
1825	2293
1826	2153
1827	2208
1828	2317
1829	2178
1830	2349
1831	2089
1832	2251
1833	2108
1834	2037
1835	2180
1836	2073
1837	2144
1838	2352
1839	2203
1840	2116
1841	2163
1842	2285
1843	2123
1844	2052
1845	2344
1846	2169
1847	2210
1848	2102
1849	2227
1850	2172
1851	2081
1852	2014
1853	2286
1854	2323
1855	2176
1856	2129
1857	2315
1858	2149
1859	2207
1860	2273
1861	2184
1862	2193
1863	2247
1864	2208
1865	2112
1866	2206
1867	2319
1868	2026
1869	2284
1870	2259
1871	2010
1872	2117
1873	2122
1874	2195
1875	2036
1876	2169
1877	2196
1878	2162
1879	2112
1880	2036
1881	2029
1882	2127
1883	2169
1884	1989
1885	2130
1886	2068
1887	2155
1888	2162
1889	2152
1890	2030
1891	2171
1892	1971
1893	2184
1894	1987
1895	2187
1896	2111
1897	2205
1898	2198
1899	2109
1900	2186
1901	2230
1902	2026
1903	1965
1904	2147
1905	2328
1906	2157
1907	2269
1908	2192
1909	2131
1910	2308
1911	2192
1912	2171
1913	2199
1914	2246
1915	2243
1916	1958
1917	2114
1918	2219
1919	2154
1920	2137
1921	2217
1922	2175
1923	2149
1924	2057
1925	2133
1926	2162
1927	2207
1928	2156
1929	1979
1930	2252
1931	2209
1932	2087
1933	2075
1934	2158
1935	2077
1936	2108
1937	2286
1938	2242
1939	2067
1940	2227
1941	2072
1942	2153
1943	2084
1944	2020
1945	2115
1946	2202
1947	2265
1948	2210
1949	2168
1950	2188
1951	2218
1952	2212
1953	2363
1954	2186
1955	2040
1956	2103
1957	2212
1958	2138
1959	2136
1960	2182
1961	2207
1962	2353
1963	2284
1964	2243
1965	2264
1966	2326
1967	2250
1968	2154
1969	2253
1970	2230
1971	2403
1972	2280
1973	2209
1974	2264
1975	2198
1976	2378
1977	2167
1978	2143
1979	2197
1980	2649
1981	2309
1982	2406
1983	2434
1984	2286
1985	2363
1986	2430
1987	2264
1988	2236
1989	2411
1990	2493
1991	2535
1992	2492
1993	2534
1994	2484
1995	2406
1996	2355
1997	2317
1998	2554
1999	2493
2000	2211
2001	2449
2002	2523
2003	2303
2004	2380
2005	2231
2006	2411
2007	2454
2008	2555
2009	2331
2010	2451
2011	2266
2012	2374
2013	2389
2014	2458
2015	2434
2016	2560
2017	2286
2018	2488
2019	2367
2020	2592
2021	2490
2022	2414
2023	2416
2024	2494
2025	2502
2026	2514
2027	2404
2028	2406
2029	2372
2030	2533
2031	2333
2032	2346
2033	2477
2034	2385
2035	2481
2036	2300
2037	2381
2038	2438
2039	2447
2040	2432
2041	2415
2042	2465
2043	2386
2044	2385
2045	2510
2046	2377
2047	2486
2048	2296
2049	2398
2050	2180
2051	2504
2052	2299
2053	2399
2054	2468
2055	2447
2056	2381
2057	2475
2058	2462
2059	2269
2060	2222
2061	2202
2062	2174
2063	2248
2064	2462
2065	2282
2066	2250
2067	2140
2068	2338
2069	2210
2070	2186
2071	2248
2072	2333
2073	2188
2074	2292
2075	2267
2076	2298
2077	2205
2078	2249
2079	2437
2080	2208
2081	2220
2082	2122
2083	2256
2084	2101
2085	2199
2086	2049
2087	2258
2088	2210
2089	2178
2090	2200
2091	2132
2092	2121
2093	2066
2094	1965
2095	2014
2096	2253
2097	2199
2098	2034
2099	2221
2100	2285
2101	2302
2102	2096
2103	1983
2104	2030
2105	2042
2106	2251
2107	2037
2108	2147
2109	2204
2110	2072
2111	2073
2112	2121
2113	2012
2114	1980
2115	2021
2116	2101
2117	1911
2118	2027
2119	2087
2120	1973
2121	2109
2122	2070
2123	2006
2124	1950
2125	1925
2126	2050
2127	2144
2128	2089
2129	2119
2130	1958
2131	2129
2132	1916
2133	1978
2134	2053
2135	2262
2136	1977
2137	2015
2138	2037
2139	1891
2140	1814
2141	1794
2142	2089
2143	1944
2144	1833
2145	1931
2146	1975
2147	1977
2148	1982
2149	1891
2150	1935
2151	1847
2152	1959
2153	2183
2154	1865
2155	2005
2156	1854
2157	1918
2158	1984
2159	1947
2160	1875
2161	1858
2162	1731
2163	2028
2164	1805
2165	1990
2166	1998
2167	1949
2168	2035
2169	2016
2170	2044
2171	2039
2172	1998
2173	1807
2174	2066
2175	1848
2176	1908
2177	2072
2178	2055
2179	2047
2180	2005
2181	1915
2182	1888
2183	1903
2184	1870
2185	2053
2186	2123
2187	2039
2188	2005
2189	1847
2190	1929
2191	1926
2192	2001
2193	1916
2194	2039
2195	1973
2196	1923
2197	1913
2198	1812
2199	1993
2200	1775
2201	2006
2202	2011
2203	2114
2204	2023
2205	1884
2206	1960
2207	2097
2208	2050
2209	2017
2210	2052
2211	2052
2212	1990
2213	2086
2214	1982
2215	1995
2216	1909
2217	1924
2218	1882
2219	1945
2220	1978
2221	1957
2222	1980
2223	1941
2224	1994
2225	2033
2226	2048
2227	1944
2228	1939
2229	1918
2230	1818
2231	2024
2232	1907
2233	2017
2234	1998
2235	2008
2236	2017
2237	1979
2238	1918
2239	2055
2240	2019
2241	2140
2242	2077
2243	2027
2244	2084
2245	1977
2246	2052
2247	1964
2248	1978
2249	1976
2250	2180
2251	2048
2252	2043
2253	2154
2254	2288
2255	1998
2256	2109
2257	2186
2258	2130
2259	2154
2260	2028
2261	2034
2262	2050
2263	2057
2264	2117
2265	1936
2266	2069
2267	1845
2268	1840
2269	1964
2270	1997
2271	2039
2272	2001
2273	1968
2274	1925
2275	1985
2276	2093
2277	1958
2278	2097
2279	1953
2280	1973
2281	1854
2282	1990
2283	2045
2284	1909
2285	1998
2286	1999
2287	1976
2288	2025
2289	1912
2290	2061
2291	1876
2292	1889
2293	1863
2294	1927
2295	1948
2296	1914
2297	1951
2298	1864
2299	1971
2300	1806
2301	1904
2302	1957
2303	1949
2304	1911
2305	1832
2306	1801
2307	1867
2308	1920
2309	1865
2310	2009
2311	1812
2312	1989
2313	1935
2314	1821
2315	1978
2316	1901
2317	1835
2318	1862
2319	1992
2320	1967
2321	1925
2322	1897
2323	1923
2324	2016
2325	1831
2326	1918
2327	1736
2328	1853
2329	1978
2330	1834
2331	1953
2332	1780
2333	1926
2334	1797
2335	1974
2336	1894
2337	1946
2338	1775
2339	1870
2340	2007
2341	1882
2342	1808
2343	1811
2344	1867
2345	1909
2346	1868
2347	1841
2348	1888
2349	1763
2350	1901
2351	1819
2352	1836
2353	1611
2354	1737
2355	1929
2356	1864
2357	1877
2358	1693
2359	1868
2360	1821
2361	1698
2362	1924
2363	1951
2364	1820
2365	1770
2366	1656
2367	1717
2368	1769
2369	1833
2370	1834
2371	1727
2372	1771
2373	1871
2374	1689
2375	1791
2376	1736
2377	1790
2378	1747
2379	1708
2380	1669
2381	1810
2382	1720
2383	1790
2384	1701
2385	1570
2386	1817
2387	1768
2388	1792
2389	1806
2390	1859
2391	1752
2392	1702
2393	1690
2394	1682
2395	1660
2396	1617
2397	1614
2398	1710
2399	1597
2400	1751
2401	1605
2402	1715
2403	1770
2404	1669
2405	1695
2406	1693
2407	1572
2408	1699
2409	1638
2410	1724
2411	1611
2412	1665
2413	1616
2414	1544
2415	1482
2416	1595
2417	1671
2418	1502
2419	1607
2420	1557
2421	1536
2422	1683
2423	1760
2424	1644
2425	1762
2426	1691
2427	1623
2428	1556
2429	1582
2430	1425
2431	1579
2432	1640
2433	1614
2434	1605
2435	1616
2436	1687
2437	1655
2438	1618
2439	1518
2440	1614
2441	1520
2442	1532
2443	1561
2444	1551
2445	1614
2446	1726
2447	1792
2448	1574
2449	1627
2450	1627
2451	1619
2452	1664
2453	1728
2454	1656
2455	1648
2456	1588
2457	1614
2458	1555
2459	1625
2460	1635
2461	1555
2462	1664
2463	1554
2464	1553
2465	1527
2466	1580
2467	1591
2468	1618
2469	1523
2470	1486
2471	1517
2472	1640
2473	1579
2474	1683
2475	1645
2476	1642
2477	1687
2478	1599
2479	1632
2480	1574
2481	1572
2482	1650
2483	1715
2484	1703
2485	1635
2486	1660
2487	1587
2488	1718
2489	1541
2490	1505
2491	1643
2492	1679
2493	1631
2494	1599
2495	1779
2496	1646
2497	1589
2498	1626
2499	1549
2500	1712
2501	1689
2502	1524
2503	1604
2504	1711
2505	1657
2506	1649
2507	1615
2508	1619
2509	1737
2510	1585
2511	1681
2512	1717
2513	1524
2514	1654
2515	1605
2516	1519
2517	1536
2518	1598
2519	1681
2520	1637
2521	1676
2522	1732
2523	1691
2524	1700
2525	1542
2526	1744
2527	1666
2528	1692
2529	1666
2530	1605
2531	1676
2532	1747
2533	1657
2534	1628
2535	1613
2536	1655
2537	1635
2538	1541
2539	1612
2540	1573
2541	1573
2542	1805
2543	1667
2544	1561
2545	1771
2546	1710
2547	1711
2548	1686
2549	1640
2550	1652
2551	1645
2552	1642
2553	1645
2554	1639
2555	1619
2556	1718
2557	1760
2558	1605
2559	1661
2560	1633
2561	1586
2562	1662
2563	1765
2564	1558
2565	1597
2566	1647
2567	1595
2568	1640
2569	1816
2570	1607
2571	1688
2572	1627
2573	1744
2574	1685
2575	1613
2576	1723
2577	1595
2578	1628
2579	1544
2580	1725
2581	1547
2582	1634
2583	1650
2584	1613
2585	1690
2586	1622
2587	1683
2588	1679
2589	1737
2590	1605
2591	1867
2592	1635
2593	1563
2594	1602
2595	1641
2596	1599
2597	1584
2598	1502
2599	1456
2600	1631
2601	1576
2602	1482
2603	1629
2604	1608
2605	1658
2606	1585
2607	1525
2608	1516
2609	1596
2610	1634
2611	1646
2612	1641
2613	1555
2614	1608
2615	1570
2616	1683
2617	1700
2618	1615
2619	1613
2620	1735
2621	1584
2622	1531
2623	1488
2624	1728
2625	1697
2626	1687
2627	1471
2628	1612
2629	1547
2630	1625
2631	1635
2632	1643
2633	1584
2634	1666
2635	1712
2636	1725
2637	1714
2638	1795
2639	1858
2640	1682
2641	1630
2642	1703
2643	1746
2644	1764
2645	1682
2646	1694
2647	2355
2648	1985
2649	1669
2650	1513
2651	1529
2652	1779
2653	1686
2654	1757
2655	1687
2656	1897
2657	1595
2658	1801
2659	1676
2660	1530
2661	1543
2662	1670
2663	1607
2664	1807
2665	1611
2666	1542
2667	1737
2668	1798
2669	1888
2670	1744
2671	1839
2672	1878
2673	1562
2674	1705
2675	1829
2676	1636
2677	1761
2678	2211
2679	3955
2680	2292
2681	1673
2682	1785
2683	1735
2684	1811
2685	1851
2686	1804
2687	1809
2688	1768
2689	1717
2690	1768
2691	1644
2692	1619
2693	1692
2694	1544
2695	1665
2696	1739
2697	1757
2698	1652
2699	1583
2700	1693
2701	1676
2702	1667
2703	1674
2704	1782
2705	1621
2706	1701
2707	1726
2708	1714
2709	1800
2710	1705
2711	1803
2712	1565
2713	1422
2714	1694
2715	1597
2716	1588
2717	1621
2718	1654
2719	1707
2720	1791
2721	1856
2722	1659
2723	1705
2724	1608
2725	1565
2726	1538
2727	1614
2728	1496
2729	1771
2730	1663
2731	1761
2732	1581
2733	1431
2734	1517
2735	1761
2736	1648
2737	1527
2738	1586
2739	1688
2740	1734
2741	1591
2742	1684
2743	1551
2744	1533
2745	1613
2746	1424
2747	1639
2748	1609
2749	1543
2750	1401
2751	1529
2752	1608
2753	1492
2754	1498
2755	1460
2756	1479
2757	1509
2758	1553
2759	1622
2760	1538
2761	1488
2762	1685
2763	1616
2764	1669
2765	1736
2766	1566
2767	1540
2768	1668
2769	1614
2770	1595
2771	1501
2772	1555
2773	1519
2774	1460
2775	1501
2776	1510
2777	1490
2778	1597
2779	1568
2780	1531
2781	1528
2782	1558
2783	1425
2784	1583
2785	1459
2786	1453
2787	1433
2788	1452
2789	1403
2790	1439
2791	1499
2792	1472
2793	1511
2794	1371
2795	1463
2796	1499
2797	1471
2798	1473
2799	1518
2800	1358
2801	1417
2802	1455
2803	1487
2804	1401
2805	1542
2806	1447
2807	1447
2808	1478
2809	1518
2810	1437
2811	1459
2812	1538
2813	1420
2814	1439
2815	1415
2816	1556
2817	1457
2818	1443
2819	1527
2820	1461
2821	1459
2822	1440
2823	1601
2824	1480
2825	1602
2826	1456
2827	1464
2828	1538
2829	1419
2830	1457
2831	1410
2832	1475
2833	1552
2834	1513
2835	1385
2836	1472
2837	1417
2838	1355
2839	1431
2840	1535
2841	1351
2842	1426
2843	1425
2844	1407
2845	1450
2846	1518
2847	1528
2848	1585
2849	1450
2850	1447
2851	1495
2852	1498
2853	1487
2854	1442
2855	1638
2856	1561
2857	1455
2858	1550
2859	1508
2860	1498
2861	1497
2862	1538
2863	1550
2864	1497
2865	1433
2866	1402
2867	1408
2868	1444
2869	1449
2870	1408
2871	1418
2872	1502
2873	1437
2874	1431
2875	1408
2876	1365
2877	1417
2878	1503
2879	1409
2880	1378
2881	1340
2882	1538
2883	1413
2884	1474
2885	1465
2886	1696
2887	1734
2888	1548
2889	1542
2890	1562
2891	1427
2892	1443
2893	1460
2894	1488
2895	1382
2896	1419
2897	1541
2898	1504
2899	1428
2900	1387
2901	1475
2902	1389
2903	1305
2904	1477
2905	1321
2906	1372
2907	1488
2908	1457
2909	1584
2910	1444
2911	1509
2912	1418
2913	1490
2914	1478
2915	1409
2916	1395
2917	1537
2918	1588
2919	1503
2920	1256
2921	1442
2922	1408
2923	1517
2924	1278
2925	1508
2926	1349
2927	1431
2928	1539
2929	1417
2930	1412
2931	1507
2932	1399
2933	1507
2934	2290
2935	1470
2936	1381
2937	1427
2938	1321
2939	1543
2940	1648
2941	1427
2942	1388
2943	1443
2944	1382
2945	1404
2946	1405
2947	1390
2948	1440
2949	1342
2950	1390
2951	1473
2952	1536
2953	1405
2954	1392
2955	1292
2956	1420
2957	1473
2958	1390
2959	1475
2960	1434
2961	1351
2962	1347
2963	1469
2964	1557
2965	1421
2966	1417
2967	1475
2968	1424
2969	1565
2970	1470
2971	1503
2972	1455
2973	1370
2974	1467
2975	1440
2976	1368
2977	1409
2978	1377
2979	1481
2980	1423
2981	1423
2982	1439
2983	1442
2984	1505
2985	1389
2986	1500
2987	1319
2988	1487
2989	1797
2990	1598
2991	1494
2992	1491
2993	1458
2994	1481
2995	1603
2996	1424
2997	1424
2998	1381
2999	1514
3000	1310
3001	1503
3002	1549
3003	1595
3004	1508
3005	1469
3006	1445
3007	1500
3008	1365
3009	1476
3010	1463
3011	1430
3012	1430
3013	1495
3014	1365
3015	1484
3016	1465
3017	1472
3018	1437
3019	1471
3020	1522
3021	1505
3022	1385
3023	1496
3024	1529
3025	1476
3026	1364
3027	1432
3028	1445
3029	1321
3030	1411
3031	1502
3032	1447
3033	1419
3034	1407
3035	1312
3036	1408
3037	1448
3038	1380
3039	1541
3040	1465
3041	1508
3042	1475
3043	1491
3044	1504
3045	1453
3046	1404
3047	1447
3048	1449
3049	1505
3050	1450
3051	1485
3052	1671
3053	1584
3054	1564
3055	1644
3056	1590
3057	1591
3058	1586
3059	1612
3060	1698
3061	1470
3062	1633
3063	1682
3064	1646
3065	1565
3066	1486
3067	1478
3068	1448
3069	1574
3070	1525
3071	1445
3072	1528
3073	1517
3074	1616
3075	1552
3076	1635
3077	1629
3078	1528
3079	1598
3080	1581
3081	1457
3082	1566
3083	1586
3084	1420
3085	1463
3086	1623
3087	1473
3088	1646
3089	1605
3090	1650
3091	1533
3092	1497
3093	1483
3094	1473
3095	1626
3096	1641
3097	1485
3098	1537
3099	1632
3100	1546
3101	1508
3102	1513
3103	1499
3104	1455
3105	1542
3106	1484
3107	1581
3108	1471
3109	1549
3110	1481
3111	1506
3112	1516
3113	1546
3114	1553
3115	1528
3116	1722
3117	1555
3118	1525
3119	1468
3120	1561
3121	1425
3122	1504
3123	1454
3124	1427
3125	1601
3126	1533
3127	1534
3128	1542
3129	1520
3130	1443
3131	1392
3132	1379
3133	1449
3134	1346
3135	1492
3136	1395
3137	1548
3138	1464
3139	1330
3140	1562
3141	1417
3142	1437
3143	1446
3144	1440
3145	1394
3146	1571
3147	1516
3148	1415
3149	1512
3150	1395
3151	1506
3152	1400
3153	1342
3154	1400
3155	1444
3156	1352
3157	1475
3158	1393
3159	1604
3160	1337
3161	1511
3162	1441
3163	1458
3164	1481
3165	1310
3166	1449
3167	1438
3168	1445
3169	1469
3170	1486
3171	1391
3172	1362
3173	1402
3174	1410
3175	1502
3176	1543
3177	1317
3178	1670
3179	1363
3180	1377
3181	1543
3182	1506
3183	1379
3184	1498
3185	1537
3186	1427
3187	1400
3188	1353
3189	1391
3190	1605
3191	1600
3192	1475
3193	1409
3194	1412
3195	1416
3196	1485
3197	1386
3198	1467
3199	1401
3200	1321
3201	1352
3202	1439
3203	1297
3204	1262
3205	1455
3206	1410
3207	1368
3208	1346
3209	1265
3210	1341
3211	1486
3212	1407
3213	1524
3214	1367
3215	1339
3216	1238
3217	1479
3218	1361
3219	1439
3220	1479
3221	1347
3222	1298
3223	1359
3224	1409
3225	1300
3226	1375
3227	1277
3228	1327
3229	1315
3230	1378
3231	1370
3232	1297
3233	1358
3234	1324
3235	1401
3236	1409
3237	1439
3238	1474
3239	1400
3240	1356
3241	1399
3242	1292
3243	1327
3244	1335
3245	1397
3246	1204
3247	1274
3248	1305
3249	1319
3250	1266
3251	1201
3252	1192
3253	1283
3254	1394
3255	1337
3256	1275
3257	1306
3258	1282
3259	1344
3260	1308
3261	1272
3262	1332
3263	1279
3264	1286
3265	1328
3266	1361
3267	1383
3268	1380
3269	1264
3270	1432
3271	1390
3272	1372
3273	1316
3274	1310
3275	1289
3276	1341
3277	1282
3278	1354
3279	1304
3280	1285
3281	1293
3282	1331
3283	1440
3284	1249
3285	1365
3286	1386
3287	1273
3288	1379
3289	1403
3290	1324
3291	1246
3292	1276
3293	1276
3294	1330
3295	1291
3296	1266
3297	1316
3298	1204
3299	1272
3300	1331
3301	1276
3302	1396
3303	1321
3304	1401
3305	1494
3306	1282
3307	1239
3308	1399
3309	1365
3310	1302
3311	1322
3312	1339
3313	1363
3314	1280
3315	1357
3316	1350
3317	1392
3318	1437
3319	1301
3320	1313
3321	1427
3322	1365
3323	1371
3324	1271
3325	1193
3326	1318
3327	1333
3328	1337
3329	1197
3330	1347
3331	1324
3332	1334
3333	1340
3334	1306
3335	1377
3336	1350
3337	1400
3338	1340
3339	1427
3340	1314
3341	1326
3342	1380
3343	1271
3344	1356
3345	1294
3346	1403
3347	1402
3348	1327
3349	1329
3350	1277
3351	1223
3352	1301
3353	1341
3354	1274
3355	1214
3356	1366
3357	1402
3358	1447
3359	1357
3360	1364
3361	1308
3362	1341
3363	1295
3364	1103
3365	1349
3366	1236
3367	1245
3368	1238
3369	1126
3370	1211
3371	1257
3372	1237
3373	1225
3374	1415
3375	1212
3376	1214
3377	1139
3378	1182
3379	1304
3380	1269
3381	1222
3382	1152
3383	1205
3384	1186
3385	1092
3386	1119
3387	1113
3388	1247
3389	1231
3390	1104
3391	1189
3392	1167
3393	1095
3394	1123
3395	1132
3396	1235
3397	1211
3398	1030
3399	1125
3400	1213
3401	1214
3402	1190
3403	1175
3404	1234
3405	1235
3406	1294
3407	1234
3408	1137
3409	1184
3410	1223
3411	1157
3412	1113
3413	1168
3414	1114
3415	1214
3416	1205
3417	1160
3418	1077
3419	1103
3420	1284
3421	1289
3422	1158
3423	1128
3424	1183
3425	1203
3426	1193
3427	1149
3428	1147
3429	1158
3430	1228
3431	1181
3432	1202
3433	1278
3434	1232
3435	1167
3436	1139
3437	1161
3438	1240
3439	1132
3440	1164
3441	1203
3442	1139
3443	1248
3444	1159
3445	1182
3446	1135
3447	1142
3448	1089
3449	1182
3450	1262
3451	1162
3452	1162
3453	1175
3454	1275
3455	1143
3456	1079
3457	1209
3458	1068
3459	1143
3460	1091
3461	1121
3462	1184
3463	1153
3464	1218
3465	1141
3466	1194
3467	1177
3468	1103
3469	1178
3470	1265
3471	1098
3472	1249
3473	1162
3474	1071
3475	1095
3476	1208
3477	1133
3478	1167
3479	1079
3480	1091
3481	1134
3482	1033
3483	1090
3484	1015
3485	1120
3486	1063
3487	1148
3488	1070
3489	1224
3490	1107
3491	1069
3492	1166
3493	1139
3494	1222
3495	1085
3496	1201
3497	1111
3498	1251
3499	1255
3500	1128
3501	1194
3502	1099
3503	1178
3504	1070
3505	1135
3506	1180
3507	1112
3508	1065
3509	1186
3510	1172
3511	1027
3512	1144
3513	1144
3514	1104
3515	1092
3516	1166
3517	1080
3518	1229
3519	1141
3520	1184
3521	1162
3522	1150
3523	1156
3524	1164
3525	1092
3526	1109
3527	1086
3528	1140
3529	1067
3530	1159
3531	1136
3532	1000
3533	1080
3534	1089
3535	1215
3536	1093
3537	1186
3538	1117
3539	1084
3540	1118
3541	1084
3542	1175
3543	1050
3544	1158
3545	988
3546	1248
3547	1102
3548	1069
3549	1138
3550	1004
3551	1127
3552	1086
3553	1231
3554	1130
3555	1160
3556	1014
3557	1087
3558	1077
3559	1128
3560	1149
3561	1120
3562	1151
3563	1066
3564	1164
3565	1106
3566	1121
3567	1069
3568	987
3569	1133
3570	1129
3571	1163
3572	1101
3573	1162
3574	1231
3575	1145
3576	1290
3577	1152
3578	1069
3579	1182
3580	1255
3581	1133
3582	1108
3583	1076
3584	1158
3585	1151
3586	1354
3587	1142
3588	1154
3589	1115
3590	1299
3591	1192
3592	1217
3593	1164
3594	1229
3595	1085
3596	1218
3597	1187
3598	1159
3599	1156
3600	1109
3601	1159
3602	1271
3603	1078
3604	1190
3605	1193
3606	1146
3607	1044
3608	1218
3609	1192
3610	1143
3611	1229
3612	1205
3613	1205
3614	1229
3615	1272
3616	1177
3617	1278
3618	1315
3619	1219
3620	1239
3621	1231
3622	1078
3623	1251
3624	1203
3625	1128
3626	1185
3627	1111
3628	1134
3629	1186
3630	1061
3631	1121
3632	1174
3633	1142
3634	1075
3635	1177
3636	1125
3637	1137
3638	1169
3639	1181
3640	1108
3641	1184
3642	1052
3643	1242
3644	1142
3645	1216
3646	1117
3647	1168
3648	1118
3649	1107
3650	1128
3651	1147
3652	1150
3653	1259
3654	1195
3655	1121
3656	1083
3657	1189
3658	1216
3659	1174
3660	1103
3661	1139
3662	1225
3663	1153
3664	1064
3665	1141
3666	1196
3667	1235
3668	1099
3669	1202
3670	1100
3671	1215
3672	1158
3673	1144
3674	1093
3675	1196
3676	1282
3677	1047
3678	1192
3679	1144
3680	1134
3681	1189
3682	1184
3683	1108
3684	1156
3685	1107
3686	1136
3687	1116
3688	1101
3689	1137
3690	1179
3691	1194
3692	1158
3693	1125
3694	1136
3695	1120
3696	1069
3697	1093
3698	1123
3699	1199
3700	1202
3701	1124
3702	1161
3703	1103
3704	1128
3705	1175
3706	1177
3707	1194
3708	1248
3709	1148
3710	1229
3711	1101
3712	1168
3713	1123
3714	1231
3715	1191
3716	1069
3717	1160
3718	1269
3719	1255
3720	1131
3721	1139
3722	1119
3723	1079
3724	1173
3725	1232
3726	1181
3727	1245
3728	1055
3729	1079
3730	1057
3731	1055
3732	1053
3733	1111
3734	1121
3735	1149
3736	1173
3737	1161
3738	1015
3739	1098
3740	1112
3741	1109
3742	1009
3743	1098
3744	1204
3745	1226
3746	1146
3747	1113
3748	1194
3749	1198
3750	1158
3751	1103
3752	1193
3753	1071
3754	1197
3755	1147
3756	1172
3757	1198
3758	1159
3759	1090
3760	1067
3761	991
3762	1086
3763	1113
3764	949
3765	1217
3766	1029
3767	1135
3768	1091
3769	1224
3770	1125
3771	1262
3772	1056
3773	1120
3774	1056
3775	1129
3776	1024
3777	1047
3778	1104
3779	1080
3780	1141
3781	997
3782	1180
3783	1051
3784	1246
3785	1067
3786	1133
3787	1081
3788	1224
3789	1029
3790	1160
3791	1093
3792	1053
3793	1095
3794	1180
3795	1020
3796	1079
3797	1144
3798	1011
3799	1114
3800	1112
3801	1119
3802	1115
3803	1051
3804	1124
3805	1115
3806	1066
3807	961
3808	1088
3809	1087
3810	963
3811	1137
3812	980
3813	1074
3814	1045
3815	1040
3816	1136
3817	1034
3818	1031
3819	1082
3820	1007
3821	1093
3822	989
3823	979
3824	1030
3825	1003
3826	1032
3827	1008
3828	1089
3829	963
3830	1036
3831	1004
3832	933
3833	972
3834	1034
3835	1043
3836	1119
3837	926
3838	1014
3839	989
3840	1051
3841	1018
3842	958
3843	980
3844	1045
3845	1040
3846	1002
3847	1038
3848	955
3849	955
3850	993
3851	963
3852	938
3853	1010
3854	975
3855	970
3856	923
3857	1054
3858	1068
3859	1019
3860	1006
3861	997
3862	979
3863	998
3864	1184
3865	981
3866	983
3867	995
3868	944
3869	999
3870	1026
3871	1029
3872	1005
3873	1001
3874	1043
3875	995
3876	1027
3877	1049
3878	913
3879	1222
3880	1055
3881	943
3882	1001
3883	947
3884	1037
3885	977
3886	964
3887	1004
3888	1061
3889	905
3890	919
3891	972
3892	1047
3893	978
3894	990
3895	1082
3896	1044
3897	1044
3898	1099
3899	1031
3900	1012
3901	1000
3902	1067
3903	1013
3904	1012
3905	1035
3906	996
3907	1084
3908	1013
3909	1091
3910	1031
3911	1113
3912	1082
3913	1078
3914	1073
3915	1061
3916	995
3917	1105
3918	960
3919	1079
3920	1145
3921	1055
3922	1138
3923	1170
3924	1131
3925	1105
3926	1240
3927	949
3928	1181
3929	1228
3930	1118
3931	1106
3932	1172
3933	1096
3934	1059
3935	1148
3936	1057
3937	1035
3938	1064
3939	1063
3940	1119
3941	1084
3942	1092
3943	1056
3944	1106
3945	1065
3946	1258
3947	1154
3948	1139
3949	969
3950	1162
3951	1074
3952	1143
3953	1280
3954	1101
3955	1115
3956	1107
3957	1065
3958	1168
3959	1199
3960	1269
3961	1217
3962	1106
3963	1074
3964	1016
3965	1119
3966	1211
3967	1087
3968	1143
3969	1168
3970	1192
3971	1088
3972	1037
3973	1077
3974	1077
3975	1066
3976	1101
3977	1116
3978	1085
3979	1128
3980	1119
3981	1203
3982	1211
3983	990
3984	1052
3985	992
3986	1076
3987	1167
3988	1064
3989	1047
3990	1121
3991	1075
3992	1029
3993	1098
3994	1021
3995	1134
3996	1015
3997	814
3998	982
3999	1067
4000	1059
4001	1044
4002	1070
4003	1023
4004	1002
4005	950
4006	950
4007	1102
4008	1001
4009	1109
4010	1112
4011	1073
4012	1022
4013	1105
4014	999
4015	969
4016	983
4017	1089
4018	1015
4019	986
4020	1051
4021	1082
4022	1072
4023	982
4024	1196
4025	915
4026	1090
4027	987
4028	1083
4029	993
4030	1063
4031	1009
4032	1153
4033	1077
4034	1153
4035	1171
4036	1036
4037	1065
4038	986
4039	994
4040	1133
4041	1086
4042	1068
4043	1092
4044	976
4045	1023
4046	1036
4047	1054
4048	930
4049	915
4050	996
4051	1115
4052	1048
4053	936
4054	955
4055	938
4056	1011
4057	1049
4058	1000
4059	1044
4060	1109
4061	1031
4062	969
4063	1077
4064	1076
4065	1156
4066	1141
4067	1032
4068	950
4069	1116
4070	1088
4071	1097
4072	1039
4073	968
4074	955
4075	1031
4076	1025
4077	1000
4078	1068
4079	1008
4080	1080
4081	1092
4082	920
4083	970
4084	1067
4085	978
4086	934
4087	1041
4088	1072
4089	1125
4090	1049
4091	1012
4092	1010
4093	945
4094	1022
4095	1080
4096	1104
4097	991
4098	1171
4099	995
4100	1020
4101	1063
4102	978
4103	1079
4104	969
4105	1069
4106	939
4107	1081
4108	1146
4109	1028
4110	1001
4111	936
4112	1059
4113	1047
4114	1013
4115	1116
4116	1040
4117	1018
4118	1120
4119	983
4120	1070
4121	1036
4122	1101
4123	1083
4124	1027
4125	1139
4126	1001
4127	997
4128	929
4129	1112
4130	1019
4131	1007
4132	1058
4133	924
4134	1053
4135	979
4136	1019
4137	957
4138	1018
4139	993
4140	941
4141	1034
4142	941
4143	979
4144	959
4145	1080
4146	970
4147	960
4148	1032
4149	1027
4150	1101
4151	1063
4152	942
4153	1040
4154	1063
4155	944
4156	928
4157	954
4158	974
4159	985
4160	948
4161	970
4162	955
4163	978
4164	907
4165	937
4166	959
4167	924
4168	969
4169	1034
4170	981
4171	941
4172	925
4173	1030
4174	949
4175	1049
4176	962
4177	869
4178	887
4179	1055
4180	1003
4181	1087
4182	945
4183	899
4184	917
4185	998
4186	997
4187	901
4188	1020
4189	927
4190	947
4191	864
4192	851
4193	1019
4194	852
4195	1006
4196	915
4197	991
4198	936
4199	1022
4200	943
4201	1035
4202	904
4203	960
4204	918
4205	958
4206	925
4207	949
4208	962
4209	866
4210	896
4211	878
4212	890
4213	829
4214	886
4215	931
4216	1082
4217	911
4218	988
4219	936
4220	877
4221	903
4222	1068
4223	937
4224	1038
4225	1088
4226	925
4227	1040
4228	1028
4229	962
4230	980
4231	896
4232	862
4233	934
4234	899
4235	973
4236	966
4237	906
4238	1061
4239	992
4240	1079
4241	870
4242	835
4243	873
4244	1085
4245	944
4246	986
4247	916
4248	908
4249	869
4250	984
4251	1044
4252	931
4253	971
4254	897
4255	996
4256	959
4257	978
4258	970
4259	954
4260	846
4261	974
4262	919
4263	992
4264	948
4265	979
4266	1063
4267	1020
4268	946
4269	971
4270	1032
4271	910
4272	969
4273	971
4274	1013
4275	913
4276	991
4277	978
4278	877
4279	1007
4280	965
4281	1121
4282	979
4283	1047
4284	981
4285	980
4286	929
4287	882
4288	939
4289	962
4290	925
4291	1030
4292	1029
4293	959
4294	1041
4295	1048
4296	890
4297	931
4298	954
4299	888
4300	988
4301	1032
4302	965
4303	955
4304	957
4305	961
4306	860
4307	928
4308	1083
4309	1031
4310	990
4311	1053
4312	984
4313	1005
4314	966
4315	910
4316	856
4317	974
4318	827
4319	879
4320	875
4321	958
4322	846
4323	872
4324	997
4325	942
4326	933
4327	883
4328	1005
4329	966
4330	874
4331	912
4332	1007
4333	864
4334	953
4335	975
4336	921
4337	907
4338	840
4339	948
4340	924
4341	858
4342	807
4343	959
4344	923
4345	870
4346	895
4347	872
4348	938
4349	845
4350	863
4351	905
4352	967
4353	802
4354	969
4355	928
4356	918
4357	819
4358	818
4359	914
4360	795
4361	757
4362	832
4363	783
4364	854
4365	959
4366	876
4367	841
4368	796
4369	1008
4370	851
4371	843
4372	845
4373	838
4374	888
4375	801
4376	789
4377	849
4378	820
4379	741
4380	880
4381	836
4382	944
4383	879
4384	837
4385	904
4386	753
4387	746
4388	856
4389	809
4390	835
4391	790
4392	841
4393	916
4394	855
4395	904
4396	797
4397	863
4398	793
4399	856
4400	830
4401	872
4402	859
4403	846
4404	889
4405	756
4406	878
4407	793
4408	846
4409	841
4410	834
4411	816
4412	864
4413	848
4414	842
4415	810
4416	821
4417	766
4418	868
4419	783
4420	873
4421	863
4422	791
4423	817
4424	864
4425	772
4426	800
4427	815
4428	813
4429	880
4430	797
4431	983
4432	816
4433	815
4434	727
4435	756
4436	767
4437	722
4438	830
4439	831
4440	760
4441	878
4442	759
4443	670
4444	811
4445	795
4446	791
4447	732
4448	810
4449	766
4450	747
4451	776
4452	746
4453	784
4454	718
4455	661
4456	771
4457	845
4458	745
4459	766
4460	693
4461	762
4462	798
4463	716
4464	794
4465	833
4466	748
4467	734
4468	749
4469	749
4470	668
4471	828
4472	762
4473	697
4474	713
4475	842
4476	798
4477	764
4478	708
4479	791
4480	802
4481	718
4482	814
4483	724
4484	853
4485	780
4486	729
4487	734
4488	830
4489	705
4490	785
4491	697
4492	712
4493	764
4494	819
4495	792
4496	792
4497	806
4498	817
4499	889
4500	792
4501	838
4502	749
4503	705
4504	824
4505	760
4506	767
4507	781
4508	743
4509	820
4510	825
4511	814
4512	797
4513	740
4514	847
4515	756
4516	795
4517	754
4518	762
4519	699
4520	763
4521	801
4522	754
4523	738
4524	782
4525	763
4526	858
4527	698
4528	872
4529	722
4530	968
4531	836
4532	732
4533	802
4534	746
4535	649
4536	823
4537	729
4538	775
4539	776
4540	747
4541	810
4542	819
4543	731
4544	732
4545	712
4546	723
4547	827
4548	841
4549	763
4550	771
4551	826
4552	737
4553	744
4554	716
4555	765
4556	795
4557	810
4558	724
4559	836
4560	790
4561	756
4562	788
4563	718
4564	783
4565	734
4566	766
4567	799
4568	810
4569	835
4570	695
4571	796
4572	713
4573	737
4574	734
4575	720
4576	765
4577	738
4578	737
4579	752
4580	828
4581	799
4582	748
4583	712
4584	784
4585	878
4586	762
4587	691
4588	805
4589	814
4590	737
4591	813
4592	813
4593	680
4594	763
4595	858
4596	770
4597	767
4598	769
4599	750
4600	868
4601	752
4602	744
4603	774
4604	721
4605	799
4606	783
4607	705
4608	730
4609	765
4610	709
4611	770
4612	764
4613	785
4614	738
4615	862
4616	807
4617	820
4618	788
4619	895
4620	856
4621	766
4622	731
4623	882
4624	752
4625	858
4626	813
4627	762
4628	831
4629	811
4630	848
4631	895
4632	785
4633	893
4634	854
4635	751
4636	790
4637	941
4638	833
4639	883
4640	829
4641	744
4642	761
4643	656
4644	858
4645	853
4646	827
4647	821
4648	735
4649	803
4650	826
4651	770
4652	837
4653	762
4654	880
4655	863
4656	797
4657	825
4658	814
4659	804
4660	770
4661	719
4662	819
4663	901
4664	736
4665	821
4666	728
4667	858
4668	830
4669	746
4670	703
4671	705
4672	722
4673	764
4674	802
4675	799
4676	811
4677	763
4678	822
4679	854
4680	751
4681	852
4682	886
4683	890
4684	813
4685	818
4686	800
4687	796
4688	850
4689	793
4690	813
4691	841
4692	814
4693	818
4694	875
4695	768
4696	712
4697	787
4698	772
4699	745
4700	690
4701	831
4702	816
4703	757
4704	754
4705	767
4706	817
4707	674
4708	781
4709	800
4710	729
4711	726
4712	711
4713	751
4714	753
4715	664
4716	817
4717	743
4718	739
4719	749
4720	737
4721	707
4722	693
4723	735
4724	753
4725	737
4726	730
4727	774
4728	795
4729	737
4730	711
4731	705
4732	743
4733	720
4734	715
4735	807
4736	694
4737	762
4738	752
4739	763
4740	836
4741	742
4742	715
4743	675
4744	766
4745	765
4746	786
4747	674
4748	745
4749	807
4750	766
4751	809
4752	768
4753	898
4754	795
4755	775
4756	758
4757	889
4758	833
4759	844
4760	839
4761	863
4762	811
4763	832
4764	785
4765	882
4766	783
4767	869
4768	874
4769	878
4770	825
4771	846
4772	778
4773	788
4774	764
4775	881
4776	815
4777	869
4778	772
4779	658
4780	860
4781	835
4782	827
4783	815
4784	830
4785	804
4786	737
4787	774
4788	788
4789	720
4790	802
4791	765
4792	860
4793	761
4794	786
4795	765
4796	868
4797	781
4798	793
4799	869
4800	929
4801	876
4802	690
4803	760
4804	764
4805	819
4806	790
4807	760
4808	740
4809	775
4810	748
4811	868
4812	706
4813	839
4814	818
4815	912
4816	791
4817	830
4818	869
4819	780
4820	885
4821	844
4822	851
4823	880
4824	864
4825	880
4826	813
4827	759
4828	859
4829	771
4830	770
4831	791
4832	799
4833	789
4834	873
4835	749
4836	796
4837	726
4838	812
4839	823
4840	773
4841	750
4842	818
4843	823
4844	723
4845	777
4846	823
4847	665
4848	717
4849	814
4850	851
4851	882
4852	803
4853	777
4854	699
4855	770
4856	755
4857	736
4858	720
4859	703
4860	739
4861	801
4862	780
4863	790
4864	671
4865	776
4866	759
4867	701
4868	631
4869	711
4870	818
4871	696
4872	760
4873	745
4874	716
4875	777
4876	630
4877	661
4878	675
4879	709
4880	794
4881	749
4882	690
4883	671
4884	744
4885	675
4886	708
4887	687
4888	710
4889	685
4890	735
4891	700
4892	697
4893	739
4894	679
4895	684
4896	812
4897	619
4898	642
4899	680
4900	722
4901	759
4902	721
4903	722
4904	708
4905	692
4906	732
4907	710
4908	767
4909	741
4910	739
4911	689
4912	650
4913	620
4914	706
4915	630
4916	653
4917	705
4918	707
4919	617
4920	733
4921	707
4922	774
4923	774
4924	615
4925	632
4926	660
4927	646
4928	677
4929	640
4930	634
4931	691
4932	793
4933	758
4934	706
4935	710
4936	768
4937	660
4938	731
4939	744
4940	651
4941	767
4942	654
4943	675
4944	788
4945	704
4946	639
4947	673
4948	698
4949	726
4950	722
4951	697
4952	761
4953	772
4954	656
4955	601
4956	725
4957	715
4958	797
4959	709
4960	744
4961	680
4962	675
4963	761
4964	634
4965	735
4966	669
4967	670
4968	731
4969	689
4970	674
4971	721
4972	642
4973	666
4974	740
4975	697
4976	767
4977	655
4978	656
4979	777
4980	674
4981	646
4982	660
4983	703
4984	743
4985	800
4986	789
4987	694
4988	683
4989	667
4990	683
4991	682
4992	667
4993	665
4994	768
4995	705
4996	736
4997	737
4998	697
4999	779
5000	673
5001	601
5002	694
5003	708
5004	682
5005	632
5006	723
5007	687
5008	634
5009	690
5010	767
5011	682
5012	620
5013	754
5014	716
5015	722
5016	641
5017	651
5018	706
5019	708
5020	616
5021	613
5022	729
5023	669
5024	681
5025	736
5026	685
5027	725
5028	698
5029	604
5030	674
5031	707
5032	680
5033	747
5034	642
5035	672
5036	605
5037	710
5038	705
5039	676
5040	614
5041	622
5042	688
5043	621
5044	685
5045	734
5046	654
5047	695
5048	774
5049	722
5050	619
5051	618
5052	649
5053	687
5054	676
5055	658
5056	689
5057	701
5058	681
5059	639
5060	669
5061	778
5062	638
5063	717
5064	618
5065	718
5066	633
5067	634
5068	637
5069	760
5070	632
5071	727
5072	680
5073	678
5074	596
5075	692
5076	658
5077	679
5078	639
5079	690
5080	603
5081	668
5082	585
5083	650
5084	743
5085	602
5086	636
5087	732
5088	671
5089	650
5090	698
5091	638
5092	659
5093	752
5094	568
5095	588
5096	778
5097	647
5098	654
5099	701
5100	654
5101	750
5102	663
5103	655
5104	670
5105	631
5106	614
5107	642
5108	685
5109	615
5110	665
5111	620
5112	641
5113	683
5114	616
5115	578
5116	756
5117	602
5118	565
5119	630
5120	633
5121	777
5122	601
5123	587
5124	584
5125	569
5126	678
5127	591
5128	550
5129	639
5130	610
5131	546
5132	673
5133	649
5134	673
5135	544
5136	714
5137	713
5138	602
5139	658
5140	659
5141	709
5142	593
5143	693
5144	724
5145	662
5146	572
5147	636
5148	621
5149	745
5150	578
5151	654
5152	590
5153	634
5154	689
5155	598
5156	756
5157	699
5158	678
5159	676
5160	721
5161	675
5162	589
5163	642
5164	569
5165	637
5166	630
5167	683
5168	773
5169	632
5170	729
5171	634
5172	666
5173	647
5174	580
5175	677
5176	651
5177	685
5178	753
5179	652
5180	637
5181	648
5182	698
5183	656
5184	655
5185	622
5186	697
5187	662
5188	650
5189	679
5190	664
5191	556
5192	586
5193	644
5194	634
5195	609
5196	702
5197	683
5198	640
5199	640
5200	659
5201	697
5202	611
5203	640
5204	696
5205	648
5206	649
5207	664
5208	684
5209	560
5210	618
5211	674
5212	737
5213	655
5214	711
5215	591
5216	682
5217	602
5218	643
5219	721
5220	647
5221	600
5222	709
5223	563
5224	694
5225	686
5226	692
5227	639
5228	658
5229	594
5230	640
5231	742
5232	649
5233	556
5234	632
5235	626
5236	708
5237	702
5238	708
5239	671
5240	726
5241	654
5242	665
5243	658
5244	687
5245	671
5246	680
5247	665
5248	673
5249	648
5250	623
5251	681
5252	669
5253	684
5254	667
5255	628
5256	599
5257	696
5258	693
5259	651
5260	635
5261	666
5262	649
5263	606
5264	634
5265	635
5266	686
5267	693
5268	641
5269	628
5270	574
5271	624
5272	589
5273	623
5274	652
5275	646
5276	635
5277	732
5278	584
5279	629
5280	604
5281	588
5282	668
5283	675
5284	679
5285	683
5286	657
5287	603
5288	727
5289	642
5290	600
5291	618
5292	665
5293	636
5294	650
5295	647
5296	720
5297	650
5298	666
5299	630
5300	665
5301	636
5302	605
5303	656
5304	604
5305	587
5306	662
5307	672
5308	635
5309	573
5310	597
5311	619
5312	684
5313	638
5314	587
5315	597
5316	557
5317	604
5318	621
5319	581
5320	640
5321	663
5322	589
5323	622
5324	639
5325	598
5326	632
5327	665
5328	677
5329	608
5330	617
5331	620
5332	632
5333	619
5334	610
5335	616
5336	589
5337	573
5338	647
5339	648
5340	511
5341	573
5342	578
5343	603
5344	549
5345	591
5346	641
5347	643
5348	571
5349	637
5350	587
5351	598
5352	674
5353	645
5354	616
5355	591
5356	625
5357	615
5358	682
5359	588
5360	699
5361	680
5362	585
5363	573
5364	594
5365	563
5366	703
5367	648
5368	706
5369	660
5370	595
5371	639
5372	652
5373	592
5374	607
5375	637
5376	653
5377	595
5378	630
5379	671
5380	663
5381	634
5382	597
5383	603
5384	641
5385	594
5386	638
5387	560
5388	595
5389	645
5390	572
5391	675
5392	689
5393	655
5394	711
5395	596
5396	644
5397	635
5398	683
5399	616
5400	686
5401	647
5402	601
5403	639
5404	610
5405	626
5406	603
5407	649
5408	616
5409	679
5410	599
5411	624
5412	635
5413	685
5414	643
5415	626
5416	663
5417	623
5418	713
5419	658
5420	739
5421	626
5422	615
5423	686
5424	663
5425	670
5426	667
5427	686
5428	680
5429	563
5430	672
5431	716
5432	696
5433	635
5434	664
5435	693
5436	718
5437	632
5438	749
5439	718
5440	757
5441	677
5442	747
5443	738
5444	767
5445	697
5446	676
5447	703
5448	716
5449	625
5450	627
5451	651
5452	676
5453	709
5454	671
5455	624
5456	627
5457	715
5458	614
5459	577
5460	637
5461	650
5462	582
5463	679
5464	687
5465	621
5466	661
5467	737
5468	724
5469	736
5470	736
5471	659
5472	659
5473	693
5474	721
5475	938
5476	784
5477	1111
5478	813
5479	620
5480	668
5481	690
5482	695
5483	655
5484	690
5485	666
5486	740
5487	778
5488	720
5489	708
5490	693
5491	754
5492	708
5493	581
5494	693
5495	693
5496	666
5497	679
5498	651
5499	653
5500	810
5501	726
5502	733
5503	702
5504	705
5505	576
5506	701
5507	732
5508	690
5509	682
5510	643
5511	648
5512	564
5513	717
5514	676
5515	716
5516	782
5517	635
5518	723
5519	687
5520	649
5521	786
5522	692
5523	733
5524	725
5525	713
5526	727
5527	696
5528	731
5529	782
5530	730
5531	697
5532	624
5533	677
5534	713
5535	767
5536	812
5537	684
5538	756
5539	700
5540	721
5541	739
5542	687
5543	772
5544	793
5545	729
5546	778
5547	712
5548	728
5549	717
5550	628
5551	772
5552	716
5553	750
5554	714
5555	712
5556	651
5557	753
5558	723
5559	739
5560	724
5561	677
5562	661
5563	683
5564	699
5565	691
5566	718
5567	713
5568	672
5569	734
5570	643
5571	617
5572	735
5573	712
5574	797
5575	740
5576	747
5577	710
5578	618
5579	736
5580	722
5581	710
5582	654
5583	706
5584	710
5585	588
5586	671
5587	679
5588	819
5589	713
5590	743
5591	627
5592	751
5593	772
5594	685
5595	664
5596	696
5597	711
5598	751
5599	684
5600	715
5601	703
5602	696
5603	614
5604	720
5605	826
5606	699
5607	796
5608	757
5609	739
5610	725
5611	724
5612	684
5613	693
5614	715
5615	695
5616	760
5617	606
5618	701
5619	752
5620	705
5621	730
5622	677
5623	790
5624	666
5625	598
5626	744
5627	613
5628	674
5629	654
5630	719
5631	659
5632	711
5633	687
5634	668
5635	760
5636	593
5637	636
5638	602
5639	597
5640	632
5641	618
5642	622
5643	569
5644	606
5645	625
5646	642
5647	703
5648	683
5649	772
5650	601
5651	717
5652	654
5653	687
5654	551
5655	675
5656	595
5657	670
5658	627
5659	644
5660	775
5661	681
5662	657
5663	628
5664	643
5665	715
5666	604
5667	727
5668	617
5669	633
5670	652
5671	650
5672	636
5673	665
5674	625
5675	729
5676	627
5677	673
5678	553
5679	670
5680	665
5681	769
5682	634
5683	579
5684	606
5685	704
5686	620
5687	608
5688	672
5689	658
5690	671
5691	644
5692	694
5693	710
5694	705
5695	649
5696	680
5697	566
5698	603
5699	662
5700	684
5701	684
5702	578
5703	605
5704	669
5705	610
5706	601
5707	595
5708	684
5709	532
5710	656
5711	587
5712	550
5713	671
5714	605
5715	674
5716	528
5717	691
5718	692
5719	593
5720	570
5721	667
5722	604
5723	642
5724	702
5725	624
5726	612
5727	616
5728	687
5729	620
5730	699
5731	631
5732	590
5733	630
5734	527
5735	666
5736	589
5737	557
5738	567
5739	713
5740	562
5741	683
5742	607
5743	561
5744	574
5745	690
5746	682
5747	626
5748	587
5749	557
5750	573
5751	587
5752	671
5753	662
5754	656
5755	564
5756	627
5757	630
5758	585
5759	566
5760	617
5761	709
5762	623
5763	683
5764	572
5765	638
5766	610
5767	690
5768	563
5769	553
5770	578
5771	689
5772	718
5773	655
5774	524
5775	633
5776	672
5777	650
5778	591
5779	605
5780	633
5781	601
5782	568
5783	616
5784	690
5785	580
5786	618
5787	657
5788	619
5789	587
5790	521
5791	609
5792	667
5793	741
5794	610
5795	588
5796	617
5797	656
5798	606
5799	615
5800	632
5801	636
5802	668
5803	579
5804	523
5805	559
5806	654
5807	575
5808	598
5809	600
5810	500
5811	600
5812	582
5813	540
5814	516
5815	684
5816	612
5817	626
5818	586
5819	564
5820	571
5821	576
5822	628
5823	596
5824	613
5825	705
5826	579
5827	589
5828	558
5829	621
5830	656
5831	594
5832	696
5833	744
5834	682
5835	684
5836	654
5837	612
5838	580
5839	624
5840	552
5841	690
5842	718
5843	656
5844	598
5845	563
5846	674
5847	669
5848	591
5849	604
5850	571
5851	574
5852	624
5853	639
5854	666
5855	649
5856	580
5857	663
5858	685
5859	621
5860	668
5861	613
5862	606
5863	581
5864	649
5865	616
5866	609
5867	513
5868	627
5869	588
5870	591
5871	570
5872	559
5873	564
5874	549
5875	604
5876	585
5877	574
5878	528
5879	564
5880	571
5881	669
5882	643
5883	621
5884	668
5885	591
5886	565
5887	587
5888	630
5889	550
5890	566
5891	600
5892	573
5893	551
5894	563
5895	633
5896	563
5897	554
5898	632
5899	598
5900	559
5901	531
5902	546
5903	552
5904	596
5905	514
5906	602
5907	598
5908	660
5909	550
5910	585
5911	608
5912	545
5913	516
5914	573
5915	535
5916	499
5917	533
5918	541
5919	515
5920	565
5921	581
5922	583
5923	650
5924	553
5925	548
5926	543
5927	531
5928	524
5929	593
5930	548
5931	631
5932	582
5933	512
5934	616
5935	579
5936	592
5937	539
5938	581
5939	489
5940	579
5941	572
5942	556
5943	520
5944	573
5945	612
5946	595
5947	531
5948	588
5949	515
5950	574
5951	537
5952	544
5953	553
5954	531
5955	525
5956	470
5957	486
5958	621
5959	518
5960	538
5961	539
5962	652
5963	598
5964	536
5965	479
5966	637
5967	529
5968	530
5969	572
5970	589
5971	595
5972	636
5973	549
5974	532
5975	526
5976	596
5977	492
5978	627
5979	492
5980	597
5981	576
5982	577
5983	520
5984	490
5985	477
5986	495
5987	562
5988	532
5989	523
5990	502
5991	619
5992	526
5993	597
5994	617
5995	521
5996	546
5997	513
5998	563
5999	606
6000	550
6001	634
6002	550
6003	486
6004	554
6005	573
6006	641
6007	532
6008	487
6009	642
6010	636
6011	599
6012	590
6013	572
6014	553
6015	578
6016	527
6017	551
6018	553
6019	524
6020	505
6021	537
6022	571
6023	494
6024	584
6025	518
6026	518
6027	558
6028	592
6029	554
6030	584
6031	599
6032	547
6033	603
6034	561
6035	584
6036	639
6037	570
6038	580
6039	532
6040	661
6041	524
6042	489
6043	625
6044	479
6045	517
6046	540
6047	572
6048	536
6049	544
6050	534
6051	506
6052	549
6053	533
6054	626
6055	562
6056	605
6057	592
6058	554
6059	574
6060	496
6061	603
6062	529
6063	528
6064	596
6065	552
6066	558
6067	530
6068	606
6069	479
6070	551
6071	556
6072	546
6073	535
6074	505
6075	470
6076	453
6077	574
6078	492
6079	580
6080	527
6081	522
6082	519
6083	481
6084	500
6085	477
6086	497
6087	556
6088	532
6089	530
6090	512
6091	519
6092	598
6093	498
6094	552
6095	513
6096	517
6097	533
6098	501
6099	533
6100	552
6101	516
6102	525
6103	522
6104	519
6105	516
6106	468
6107	563
6108	501
6109	595
6110	649
6111	471
6112	539
6113	511
6114	599
6115	627
6116	607
6117	544
6118	555
6119	519
6120	557
6121	513
6122	543
6123	534
6124	465
6125	533
6126	524
6127	529
6128	612
6129	533
6130	517
6131	511
6132	574
6133	642
6134	508
6135	488
6136	544
6137	569
6138	523
6139	604
6140	536
6141	549
6142	540
6143	553
6144	517
6145	574
6146	493
6147	570
6148	556
6149	514
6150	546
6151	560
6152	485
6153	477
6154	518
6155	499
6156	518
6157	462
6158	563
6159	552
6160	465
6161	482
6162	463
6163	496
6164	472
6165	515
6166	577
6167	512
6168	479
6169	473
6170	485
6171	501
6172	548
6173	490
6174	472
6175	491
6176	477
6177	441
6178	480
6179	526
6180	488
6181	548
6182	551
6183	434
6184	506
6185	583
6186	597
6187	433
6188	423
6189	507
6190	455
6191	439
6192	540
6193	535
6194	471
6195	493
6196	550
6197	520
6198	498
6199	449
6200	453
6201	425
6202	494
6203	477
6204	529
6205	525
6206	472
6207	470
6208	507
6209	484
6210	548
6211	475
6212	504
6213	506
6214	582
6215	495
6216	460
6217	501
6218	481
6219	485
6220	499
6221	497
6222	481
6223	558
6224	503
6225	543
6226	497
6227	418
6228	428
6229	529
6230	468
6231	493
6232	517
6233	439
6234	512
6235	469
6236	433
6237	467
6238	429
6239	490
6240	567
6241	494
6242	489
6243	407
6244	548
6245	527
6246	491
6247	511
6248	408
6249	464
6250	550
6251	410
6252	454
6253	529
6254	502
6255	505
6256	483
6257	582
6258	502
6259	515
6260	540
6261	515
6262	485
6263	502
6264	497
6265	522
6266	486
6267	467
6268	456
6269	483
6270	468
6271	446
6272	441
6273	501
6274	543
6275	517
6276	536
6277	443
6278	503
6279	464
6280	556
6281	444
6282	391
6283	489
6284	478
6285	421
6286	494
6287	505
6288	497
6289	501
6290	485
6291	494
6292	542
6293	530
6294	474
6295	503
6296	545
6297	486
6298	542
6299	455
6300	550
6301	473
6302	521
6303	486
6304	479
6305	470
6306	519
6307	548
6308	489
6309	482
6310	499
6311	491
6312	531
6313	571
6314	504
6315	426
6316	418
6317	542
6318	555
6319	431
6320	479
6321	587
6322	542
6323	505
6324	574
6325	539
6326	543
6327	485
6328	535
6329	547
6330	531
6331	446
6332	555
6333	515
6334	476
6335	582
6336	574
6337	593
6338	494
6339	579
6340	477
6341	512
6342	527
6343	527
6344	569
6345	538
6346	513
6347	519
6348	548
6349	607
6350	566
6351	498
6352	619
6353	602
6354	628
6355	589
6356	531
6357	580
6358	633
6359	538
6360	530
6361	604
6362	501
6363	528
6364	552
6365	546
6366	600
6367	561
6368	521
6369	530
6370	607
6371	509
6372	596
6373	541
6374	530
6375	536
6376	512
6377	572
6378	618
6379	587
6380	591
6381	595
6382	584
6383	501
6384	485
6385	622
6386	555
6387	538
6388	511
6389	587
6390	452
6391	595
6392	524
6393	469
6394	523
6395	611
6396	502
6397	580
6398	525
6399	489
6400	569
6401	571
6402	547
6403	532
6404	545
6405	618
6406	516
6407	496
6408	554
6409	579
6410	548
6411	590
6412	596
6413	624
6414	603
6415	541
6416	538
6417	574
6418	594
6419	493
6420	628
6421	549
6422	564
6423	558
6424	561
6425	558
6426	507
6427	581
6428	571
6429	573
6430	530
6431	552
6432	582
6433	645
6434	557
6435	560
6436	532
6437	504
6438	606
6439	550
6440	592
6441	455
6442	542
6443	559
6444	635
6445	530
6446	531
6447	642
6448	576
6449	505
6450	528
6451	534
6452	543
6453	557
6454	517
6455	497
6456	556
6457	524
6458	485
6459	482
6460	508
6461	532
6462	500
6463	482
6464	558
6465	596
6466	521
6467	622
6468	540
6469	572
6470	530
6471	516
6472	596
6473	510
6474	516
6475	500
6476	548
6477	502
6478	501
6479	574
6480	591
6481	509
6482	523
6483	540
6484	498
6485	525
6486	500
6487	534
6488	466
6489	504
6490	557
6491	568
6492	541
6493	442
6494	543
6495	561
6496	461
6497	527
6498	561
6499	538
6500	554
6501	570
6502	562
6503	489
6504	545
6505	505
6506	652
6507	610
6508	562
6509	621
6510	625
6511	544
6512	610
6513	628
6514	492
6515	532
6516	574
6517	545
6518	555
6519	523
6520	485
6521	531
6522	482
6523	565
6524	605
6525	477
6526	498
6527	560
6528	549
6529	537
6530	498
6531	518
6532	454
6533	566
6534	534
6535	577
6536	525
6537	515
6538	556
6539	559
6540	486
6541	566
6542	452
6543	473
6544	488
6545	466
6546	445
6547	557
6548	477
6549	499
6550	430
6551	543
6552	589
6553	413
6554	513
6555	492
6556	492
6557	520
6558	534
6559	523
6560	511
6561	444
6562	462
6563	461
6564	533
6565	457
6566	592
6567	503
6568	442
6569	513
6570	500
6571	421
6572	554
6573	534
6574	475
6575	570
6576	480
6577	501
6578	583
6579	439
6580	388
6581	438
6582	482
6583	507
6584	489
6585	440
6586	451
6587	448
6588	424
6589	462
6590	510
6591	401
6592	472
6593	446
6594	419
6595	404
6596	475
6597	452
6598	438
6599	479
6600	472
6601	467
6602	424
6603	495
6604	451
6605	435
6606	473
6607	436
6608	451
6609	512
6610	429
6611	420
6612	502
6613	423
6614	470
6615	445
6616	434
6617	464
6618	464
6619	459
6620	395
6621	434
6622	413
6623	496
6624	491
6625	474
6626	398
6627	414
6628	392
6629	407
6630	391
6631	456
6632	431
6633	379
6634	425
6635	390
6636	458
6637	483
6638	407
6639	405
6640	477
6641	362
6642	404
6643	490
6644	397
6645	451
6646	481
6647	407
6648	411
6649	417
6650	422
6651	422
6652	398
6653	406
6654	407
6655	377
6656	472
6657	359
6658	390
6659	397
6660	377
6661	390
6662	481
6663	386
6664	420
6665	367
6666	425
6667	397
6668	382
6669	331
6670	470
6671	424
6672	414
6673	376
6674	405
6675	406
6676	440
6677	396
6678	386
6679	401
6680	391
6681	424
6682	311
6683	413
6684	395
6685	448
6686	420
6687	393
6688	443
6689	485
6690	420
6691	431
6692	360
6693	438
6694	391
6695	432
6696	481
6697	361
6698	434
6699	404
6700	435
6701	436
6702	423
6703	512
6704	487
6705	408
6706	478
6707	473
6708	446
6709	390
6710	455
6711	416
6712	430
6713	457
6714	447
6715	494
6716	454
6717	411
6718	434
6719	444
6720	564
6721	502
6722	490
6723	601
6724	585
6725	526
6726	524
6727	436
6728	472
6729	498
6730	420
6731	460
6732	486
6733	439
6734	484
6735	445
6736	420
6737	506
6738	438
6739	470
6740	433
6741	408
6742	474
6743	528
6744	479
6745	490
6746	505
6747	436
6748	446
6749	407
6750	412
6751	512
6752	451
6753	454
6754	474
6755	519
6756	384
6757	462
6758	451
6759	465
6760	404
6761	494
6762	494
6763	455
6764	421
6765	450
6766	502
6767	440
6768	474
6769	446
6770	479
6771	448
6772	374
6773	393
6774	435
6775	418
6776	430
6777	485
6778	483
6779	424
6780	405
6781	473
6782	428
6783	416
6784	362
6785	429
6786	439
6787	465
6788	484
6789	542
6790	573
6791	432
6792	426
6793	413
6794	430
6795	442
6796	464
6797	462
6798	471
6799	454
6800	456
6801	543
6802	391
6803	424
6804	479
6805	548
6806	470
6807	475
6808	516
6809	513
6810	478
6811	467
6812	483
6813	486
6814	494
6815	465
6816	485
6817	441
6818	427
6819	415
6820	483
6821	417
6822	395
6823	409
6824	491
6825	398
6826	421
6827	480
6828	462
6829	431
6830	459
6831	422
6832	428
6833	463
6834	424
6835	454
6836	503
6837	445
6838	494
6839	448
6840	427
6841	434
6842	462
6843	436
6844	423
6845	440
6846	412
6847	407
6848	459
6849	387
6850	475
6851	540
6852	475
6853	435
6854	410
6855	376
6856	450
6857	561
6858	524
6859	400
6860	454
6861	461
6862	425
6863	467
6864	434
6865	434
6866	494
6867	478
6868	471
6869	433
6870	369
6871	449
6872	514
6873	445
6874	466
6875	444
6876	459
6877	507
6878	393
6879	469
6880	503
6881	445
6882	392
6883	450
6884	389
6885	493
6886	465
6887	486
6888	461
6889	444
6890	469
6891	480
6892	419
6893	488
6894	386
6895	415
6896	389
6897	418
6898	434
6899	463
6900	429
6901	494
6902	466
6903	470
6904	469
6905	489
6906	494
6907	505
6908	432
6909	481
6910	520
6911	436
6912	442
6913	416
6914	469
6915	499
6916	472
6917	474
6918	457
6919	517
6920	506
6921	452
6922	450
6923	496
6924	509
6925	456
6926	449
6927	396
6928	519
6929	453
6930	505
6931	481
6932	467
6933	553
6934	505
6935	498
6936	482
6937	506
6938	466
6939	506
6940	441
6941	488
6942	442
6943	416
6944	415
6945	453
6946	433
6947	394
6948	392
6949	410
6950	493
6951	430
6952	434
6953	464
6954	463
6955	501
6956	487
6957	450
6958	531
6959	465
6960	529
6961	505
6962	468
6963	336
6964	466
6965	528
6966	435
6967	520
6968	431
6969	415
6970	433
6971	553
6972	530
6973	509
6974	450
6975	478
6976	419
6977	429
6978	460
6979	495
6980	397
6981	456
6982	434
6983	510
6984	403
6985	439
6986	491
6987	483
6988	409
6989	486
6990	481
6991	430
6992	442
6993	396
6994	413
6995	451
6996	447
6997	416
6998	459
6999	502
7000	429
7001	412
7002	399
7003	463
7004	469
7005	440
7006	447
7007	404
7008	434
7009	394
7010	347
7011	390
7012	417
7013	444
7014	513
7015	521
7016	445
7017	448
7018	453
7019	446
7020	412
7021	379
7022	470
7023	357
7024	445
7025	440
7026	421
7027	409
7028	511
7029	406
7030	480
7031	351
7032	426
7033	440
7034	422
7035	419
7036	357
7037	435
7038	461
7039	401
7040	400
7041	498
7042	453
7043	494
7044	464
7045	427
7046	493
7047	440
7048	422
7049	429
7050	470
7051	436
7052	418
7053	415
7054	482
7055	399
7056	483
7057	477
7058	482
7059	487
7060	483
7061	397
7062	484
7063	410
7064	440
7065	455
7066	487
7067	449
7068	491
7069	429
7070	446
7071	443
7072	453
7073	489
7074	447
7075	474
7076	494
7077	457
7078	437
7079	480
7080	456
7081	427
7082	453
7083	440
7084	465
7085	441
7086	453
7087	443
7088	427
7089	420
7090	467
7091	455
7092	474
7093	409
7094	348
7095	358
7096	448
7097	499
7098	445
7099	412
7100	409
7101	507
7102	492
7103	401
7104	477
7105	360
7106	480
7107	440
7108	428
7109	366
7110	471
7111	404
7112	469
7113	372
7114	384
7115	479
7116	448
7117	425
7118	437
7119	435
7120	499
7121	423
7122	391
7123	438
7124	455
7125	460
7126	480
7127	450
7128	490
7129	470
7130	532
7131	450
7132	450
7133	442
7134	480
7135	462
7136	485
7137	426
7138	505
7139	402
7140	475
7141	447
7142	382
7143	436
7144	487
7145	448
7146	458
7147	522
7148	510
7149	433
7150	480
7151	509
7152	481
7153	485
7154	461
7155	496
7156	521
7157	491
7158	438
7159	471
7160	466
7161	593
7162	493
7163	473
7164	377
7165	443
7166	498
7167	377
7168	439
7169	557
7170	527
7171	493
7172	469
7173	396
7174	444
7175	484
7176	476
7177	416
7178	475
7179	468
7180	398
7181	490
7182	436
7183	429
7184	447
7185	444
7186	459
7187	451
7188	461
7189	451
7190	536
7191	429
7192	424
7193	473
7194	368
7195	448
7196	468
7197	501
7198	427
7199	448
7200	467
7201	406
7202	452
7203	408
7204	421
7205	481
7206	432
7207	450
7208	480
7209	484
7210	497
7211	415
7212	471
7213	481
7214	405
7215	480
7216	459
7217	402
7218	410
7219	464
7220	461
7221	444
7222	413
7223	442
7224	455
7225	462
7226	400
7227	508
7228	439
7229	474
7230	491
7231	404
7232	428
7233	388
7234	507
7235	411
7236	391
7237	464
7238	463
7239	413
7240	404
7241	464
7242	470
7243	439
7244	402
7245	432
7246	493
7247	416
7248	469
7249	395
7250	398
7251	398
7252	487
7253	435
7254	453
7255	459
7256	375
7257	413
7258	418
7259	392
7260	442
7261	468
7262	412
7263	497
7264	466
7265	443
7266	361
7267	427
7268	434
7269	327
7270	458
7271	349
7272	423
7273	361
7274	387
7275	425
7276	421
7277	435
7278	430
7279	392
7280	420
7281	455
7282	435
7283	420
7284	369
7285	462
7286	432
7287	457
7288	345
7289	416
7290	405
7291	415
7292	440
7293	445
7294	398
7295	427
7296	415
7297	436
7298	403
7299	432
7300	393
7301	376
7302	349
7303	401
7304	470
7305	426
7306	417
7307	343
7308	405
7309	454
7310	360
7311	378
7312	476
7313	366
7314	419
7315	483
7316	476
7317	451
7318	387
7319	427
7320	441
7321	422
7322	401
7323	425
7324	421
7325	363
7326	385
7327	422
7328	409
7329	413
7330	401
7331	368
7332	382
7333	370
7334	397
7335	412
7336	387
7337	361
7338	444
7339	369
7340	391
7341	420
7342	380
7343	410
7344	413
7345	377
7346	455
7347	420
7348	466
7349	428
7350	366
7351	433
7352	388
7353	354
7354	361
7355	383
7356	427
7357	379
7358	435
7359	420
7360	509
7361	359
7362	360
7363	342
7364	355
7365	379
7366	423
7367	386
7368	396
7369	409
7370	443
7371	391
7372	417
7373	427
7374	437
7375	405
7376	398
7377	392
7378	427
7379	414
7380	364
7381	413
7382	431
7383	415
7384	384
7385	402
7386	376
7387	379
7388	345
7389	390
7390	374
7391	396
7392	329
7393	371
7394	392
7395	395
7396	359
7397	394
7398	376
7399	405
7400	402
7401	373
7402	395
7403	484
7404	413
7405	387
7406	421
7407	383
7408	373
7409	360
7410	368
7411	429
7412	321
7413	354
7414	361
7415	310
7416	320
7417	361
7418	369
7419	382
7420	390
7421	352
7422	358
7423	401
7424	415
7425	347
7426	387
7427	406
7428	380
7429	360
7430	314
7431	352
7432	364
7433	386
7434	375
7435	355
7436	328
7437	362
7438	336
7439	352
7440	373
7441	365
7442	389
7443	347
7444	415
7445	339
7446	389
7447	270
7448	358
7449	310
7450	388
7451	331
7452	369
7453	381
7454	363
7455	302
7456	288
7457	334
7458	360
7459	401
7460	359
7461	362
7462	360
7463	323
7464	327
7465	376
7466	366
7467	371
7468	398
7469	418
7470	331
7471	371
7472	372
7473	358
7474	352
7475	434
7476	318
7477	371
7478	391
7479	349
7480	400
7481	369
7482	383
7483	341
7484	389
7485	393
7486	321
7487	319
7488	319
7489	302
7490	293
7491	377
7492	360
7493	316
7494	345
7495	383
7496	370
7497	315
7498	360
7499	432
7500	370
7501	387
7502	337
7503	346
7504	364
7505	329
7506	336
7507	406
7508	407
7509	372
7510	315
7511	381
7512	358
7513	374
7514	378
7515	368
7516	425
7517	425
7518	338
7519	309
7520	362
7521	383
7522	385
7523	433
7524	374
7525	368
7526	350
7527	372
7528	370
7529	368
7530	347
7531	410
7532	351
7533	332
7534	323
7535	363
7536	347
7537	349
7538	363
7539	382
7540	323
7541	328
7542	405
7543	387
7544	351
7545	355
7546	335
7547	359
7548	369
7549	348
7550	410
7551	362
7552	332
7553	317
7554	346
7555	360
7556	386
7557	379
7558	384
7559	373
7560	411
7561	309
7562	340
7563	373
7564	399
7565	364
7566	420
7567	391
7568	360
7569	417
7570	396
7571	328
7572	352
7573	385
7574	413
7575	479
7576	394
7577	418
7578	333
7579	314
7580	354
7581	405
7582	318
7583	338
7584	423
7585	343
7586	353
7587	405
7588	324
7589	327
7590	305
7591	293
7592	301
7593	255
7594	299
7595	351
7596	323
7597	355
7598	339
7599	390
7600	320
7601	364
7602	359
7603	338
7604	316
7605	332
7606	342
7607	296
7608	288
7609	328
7610	304
7611	329
7612	288
7613	274
7614	315
7615	317
7616	343
7617	278
7618	339
7619	288
7620	328
7621	341
7622	312
7623	339
7624	329
7625	312
7626	362
7627	363
7628	326
7629	349
7630	302
7631	284
7632	395
7633	294
7634	304
7635	345
7636	284
7637	345
7638	290
7639	356
7640	331
7641	358
7642	387
7643	329
7644	409
7645	375
7646	392
7647	328
7648	331
7649	359
7650	312
7651	334
7652	300
7653	371
7654	331
7655	392
7656	338
7657	344
7658	367
7659	353
7660	321
7661	353
7662	342
7663	330
7664	335
7665	326
7666	329
7667	309
7668	343
7669	296
7670	410
7671	352
7672	347
7673	353
7674	384
7675	350
7676	360
7677	310
7678	308
7679	341
7680	292
7681	301
7682	381
7683	316
7684	368
7685	415
7686	317
7687	302
7688	353
7689	273
7690	335
7691	384
7692	332
7693	355
7694	370
7695	306
7696	398
7697	364
7698	272
7699	369
7700	285
7701	337
7702	367
7703	365
7704	349
7705	351
7706	356
7707	330
7708	348
7709	301
7710	340
7711	317
7712	326
7713	323
7714	277
7715	269
7716	339
7717	327
7718	286
7719	331
7720	407
7721	311
7722	340
7723	342
7724	287
7725	354
7726	314
7727	264
7728	368
7729	322
7730	362
7731	367
7732	313
7733	342
7734	307
7735	252
7736	398
7737	325
7738	287
7739	310
7740	369
7741	305
7742	315
7743	327
7744	341
7745	310
7746	260
7747	310
7748	358
7749	289
7750	335
7751	295
7752	337
7753	331
7754	289
7755	303
7756	323
7757	295
7758	305
7759	358
7760	271
7761	337
7762	342
7763	329
7764	293
7765	268
7766	351
7767	320
7768	406
7769	400
7770	370
7771	352
7772	341
7773	321
7774	395
7775	335
7776	340
7777	319
7778	346
7779	297
7780	316
7781	335
7782	331
7783	291
7784	344
7785	366
7786	361
7787	318
7788	372
7789	314
7790	365
7791	351
7792	342
7793	357
7794	385
7795	316
7796	347
7797	329
7798	412
7799	368
7800	381
7801	415
7802	365
7803	350
7804	329
7805	313
7806	377
7807	320
7808	313
7809	325
7810	355
7811	374
7812	399
7813	324
7814	322
7815	390
7816	352
7817	303
7818	324
7819	379
7820	384
7821	294
7822	375
7823	346
7824	302
7825	292
7826	385
7827	408
7828	303
7829	369
7830	360
7831	334
7832	336
7833	351
7834	269
7835	381
7836	339
7837	331
7838	331
7839	299
7840	389
7841	355
7842	351
7843	388
7844	413
7845	415
7846	351
7847	384
7848	389
7849	345
7850	363
7851	397
7852	423
7853	336
7854	353
7855	339
7856	368
7857	430
7858	383
7859	331
7860	357
7861	354
7862	381
7863	367
7864	446
7865	340
7866	360
7867	324
7868	415
7869	411
7870	359
7871	324
7872	361
7873	392
7874	337
7875	326
7876	411
7877	344
7878	297
7879	365
7880	332
7881	414
7882	365
7883	436
7884	392
7885	400
7886	395
7887	391
7888	351
7889	396
7890	405
7891	429
7892	411
7893	436
7894	395
7895	339
7896	367
7897	424
7898	374
7899	426
7900	366
7901	385
7902	364
7903	448
7904	359
7905	386
7906	438
7907	445
7908	398
7909	380
7910	398
7911	435
7912	340
7913	443
7914	407
7915	412
7916	406
7917	372
7918	415
7919	401
7920	441
7921	430
7922	452
7923	468
7924	365
7925	441
7926	404
7927	442
7928	399
7929	419
7930	428
7931	429
7932	438
7933	404
7934	412
7935	448
7936	416
7937	459
7938	372
7939	428
7940	457
7941	408
7942	408
7943	415
7944	428
7945	465
7946	530
7947	442
7948	400
7949	455
7950	359
7951	445
7952	402
7953	421
7954	459
7955	397
7956	371
7957	426
7958	392
7959	463
7960	426
7961	405
7962	476
7963	406
7964	446
7965	400
7966	408
7967	418
7968	447
7969	406
7970	358
7971	337
7972	449
7973	435
7974	392
7975	388
7976	421
7977	360
7978	411
7979	411
7980	375
7981	484
7982	437
7983	456
7984	363
7985	390
7986	411
7987	371
7988	415
7989	417
7990	441
7991	367
7992	419
7993	407
7994	369
7995	368
7996	425
7997	389
7998	394
7999	408
8000	376
8001	413
8002	407
8003	328
8004	391
8005	398
8006	385
8007	351
8008	371
8009	360
8010	402
8011	352
8012	397
8013	405
8014	392
8015	399
8016	361
8017	424
8018	393
8019	413
8020	370
8021	329
8022	360
8023	342
8024	425
8025	393
8026	419
8027	401
8028	400
8029	416
8030	406
8031	356
8032	353
8033	386
8034	380
8035	409
8036	374
8037	390
8038	406
8039	380
8040	405
8041	420
8042	427
8043	360
8044	475
8045	395
8046	383
8047	398
8048	413
8049	394
8050	441
8051	363
8052	411
8053	373
8054	442
8055	410
8056	459
8057	436
8058	408
8059	444
8060	374
8061	509
8062	386
8063	332
8064	423
8065	425
8066	400
8067	391
8068	403
8069	434
8070	409
8071	388
8072	364
8073	388
8074	400
8075	454
8076	356
8077	472
8078	422
8079	327
8080	405
8081	364
8082	389
8083	441
8084	362
8085	451
8086	370
8087	422
8088	474
8089	352
8090	353
8091	418
8092	363
8093	426
8094	411
8095	442
8096	379
8097	348
8098	456
8099	357
8100	410
8101	381
8102	452
8103	376
8104	393
8105	404
8106	357
8107	438
8108	412
8109	462
8110	394
8111	414
8112	472
8113	378
8114	419
8115	431
8116	383
8117	411
8118	423
8119	353
8120	351
8121	456
8122	430
8123	416
8124	349
8125	442
8126	394
8127	337
8128	365
8129	391
8130	398
8131	388
8132	400
8133	433
8134	447
8135	381
8136	473
8137	407
8138	394
8139	402
8140	475
8141	355
8142	398
8143	489
8144	370
8145	366
8146	422
8147	408
8148	358
8149	441
8150	431
8151	402
8152	414
8153	399
8154	439
8155	375
8156	357
8157	290
8158	386
8159	475
8160	409
8161	374
8162	372
8163	336
8164	387
8165	400
8166	430
8167	426
8168	410
8169	361
8170	358
8171	404
8172	391
8173	388
8174	389
8175	358
8176	389
8177	412
8178	360
8179	370
8180	383
8181	352
8182	282
8183	342
8184	369
8185	328
8186	334
8187	320
8188	267
8189	386
8190	378
8191	341
8192	385
8193	380
8194	396
8195	414
8196	355
8197	406
8198	376
8199	366
8200	362
8201	314
8202	370
8203	336
8204	372
8205	376
8206	373
8207	356
8208	390
8209	393
8210	341
8211	371
8212	376
8213	289
8214	372
8215	348
8216	371
8217	358
8218	365
8219	317
8220	427
8221	358
8222	331
8223	309
8224	321
8225	408
8226	320
8227	352
8228	318
8229	288
8230	340
8231	390
8232	370
8233	308
8234	382
8235	365
8236	311
8237	339
8238	357
8239	300
8240	341
8241	343
8242	307
8243	361
8244	355
8245	332
8246	414
8247	288
8248	363
8249	239
8250	379
8251	270
8252	325
8253	298
8254	299
8255	265
8256	363
8257	369
8258	307
8259	263
8260	329
8261	381
8262	360
8263	256
8264	344
8265	312
8266	341
8267	280
8268	372
8269	357
8270	292
8271	336
8272	312
8273	297
8274	384
8275	334
8276	396
8277	319
8278	319
8279	316
8280	281
8281	312
8282	371
8283	326
8284	309
8285	314
8286	258
8287	359
8288	322
8289	319
8290	333
8291	365
8292	353
8293	351
8294	284
8295	338
8296	395
8297	298
8298	303
8299	348
8300	389
8301	280
8302	279
8303	339
8304	285
8305	306
8306	342
8307	368
8308	344
8309	375
8310	308
8311	347
8312	366
8313	378
8314	319
8315	410
8316	333
8317	422
8318	346
8319	381
8320	390
8321	307
8322	358
8323	359
8324	356
8325	399
8326	344
8327	340
8328	356
8329	372
8330	328
8331	333
8332	374
8333	394
8334	351
8335	384
8336	405
8337	364
8338	423
8339	348
8340	320
8341	360
8342	407
8343	330
8344	365
8345	359
8346	373
8347	358
8348	297
8349	391
8350	339
8351	390
8352	402
8353	348
8354	378
8355	347
8356	296
8357	385
8358	364
8359	414
8360	314
8361	293
8362	318
8363	386
8364	323

