## htsjdk.samtools.metrics.StringHeader
# CollectInsertSizeMetrics HISTOGRAM_FILE=/work/ugbogu/pipeline/data/nbl/GSE189367/results/picard/SRR17010990_insert_size_histogram.pdf MINIMUM_PCT=0.5 INPUT=/work/ugbogu/pipeline/data/nbl/GSE189367/results/star/SRR17010990.Aligned.sortedByCoord.out.bam OUTPUT=/work/ugbogu/pipeline/data/nbl/GSE189367/results/picard/SRR17010990_insert_size_metrics.txt    DEVIATIONS=10.0 METRIC_ACCUMULATION_LEVEL=[ALL_READS] INCLUDE_DUPLICATES=false ASSUME_SORTED=true STOP_AFTER=0 VERBOSITY=INFO QUIET=false VALIDATION_STRINGENCY=STRICT COMPRESSION_LEVEL=5 MAX_RECORDS_IN_RAM=500000 CREATE_INDEX=false CREATE_MD5_FILE=false USE_JDK_DEFLATER=false USE_JDK_INFLATER=false
## htsjdk.samtools.metrics.StringHeader
# Started on: Tue Apr 14 20:03:56 UTC 2026

## METRICS CLASS	picard.analysis.InsertSizeMetrics
MEDIAN_INSERT_SIZE	MODE_INSERT_SIZE	MEDIAN_ABSOLUTE_DEVIATION	MIN_INSERT_SIZE	MAX_INSERT_SIZE	MEAN_INSERT_SIZE	STANDARD_DEVIATION	READ_PAIRS	PAIR_ORIENTATION	WIDTH_OF_10_PERCENT	WIDTH_OF_20_PERCENT	WIDTH_OF_30_PERCENT	WIDTH_OF_40_PERCENT	WIDTH_OF_50_PERCENT	WIDTH_OF_60_PERCENT	WIDTH_OF_70_PERCENT	WIDTH_OF_80_PERCENT	WIDTH_OF_90_PERCENT	WIDTH_OF_95_PERCENT	WIDTH_OF_99_PERCENT	SAMPLE	LIBRARY	READ_GROUP
735	136	604	25	3199243	1236.531241	1575.851155	53393914	FR	561	913	1063	1147	1209	1489	3819	8327	22425	59103	169489			

## HISTOGRAM	java.lang.Integer
insert_size	All_Reads.fr_count
25	1
26	4
27	1
28	2
29	4
30	8
31	8
32	5
33	17
34	36
35	507
36	518
37	549
38	648
39	700
40	739
41	787
42	700
43	804
44	809
45	826
46	982
47	967
48	1158
49	1199
50	1313
51	1369
52	1232
53	1383
54	1313
55	1502
56	1662
57	1882
58	2053
59	2300
60	2211
61	2639
62	2881
63	3058
64	2915
65	3130
66	3668
67	4105
68	4746
69	4892
70	5162
71	6480
72	6101
73	7785
74	7983
75	20997
76	10897
77	10530
78	12640
79	11857
80	11506
81	13498
82	14086
83	15740
84	16674
85	17805
86	19306
87	20424
88	22558
89	24587
90	26986
91	29400
92	32426
93	34334
94	37469
95	42004
96	43936
97	48966
98	51805
99	55510
100	58191
101	62086
102	65075
103	70087
104	77010
105	82756
106	85488
107	88781
108	91244
109	97315
110	100846
111	103997
112	108611
113	112650
114	116472
115	120878
116	126190
117	128966
118	136091
119	136164
120	141171
121	148987
122	148673
123	153250
124	155716
125	156978
126	156242
127	161904
128	161318
129	161866
130	166465
131	166929
132	167563
133	173099
134	173789
135	172972
136	177111
137	175457
138	173413
139	174821
140	174825
141	173057
142	173098
143	171156
144	172099
145	171023
146	167700
147	168361
148	168038
149	167069
150	163632
151	167663
152	164020
153	163432
154	162252
155	161138
156	159779
157	158063
158	156669
159	153479
160	154072
161	150462
162	150582
163	148012
164	144742
165	141792
166	144315
167	142914
168	139809
169	141484
170	139311
171	135801
172	135705
173	133023
174	130227
175	130989
176	130093
177	125863
178	126265
179	124154
180	124358
181	123237
182	121064
183	118444
184	116562
185	115948
186	113588
187	114521
188	113080
189	109210
190	109671
191	108281
192	106152
193	106170
194	105352
195	102898
196	100969
197	101507
198	99642
199	98983
200	98331
201	96704
202	97077
203	96084
204	93694
205	94301
206	91440
207	89543
208	90025
209	88275
210	86946
211	86893
212	87237
213	85078
214	83813
215	83387
216	80563
217	81573
218	80946
219	79680
220	79418
221	78360
222	77185
223	76345
224	75767
225	74059
226	74930
227	74080
228	72022
229	72605
230	72774
231	71407
232	70893
233	70853
234	69006
235	68372
236	68043
237	66982
238	65411
239	64426
240	64075
241	63715
242	62844
243	62068
244	61717
245	61454
246	60387
247	59083
248	59468
249	57918
250	57810
251	58418
252	56892
253	56270
254	55326
255	55329
256	55046
257	53894
258	53789
259	52877
260	52917
261	52040
262	51975
263	52120
264	51325
265	49967
266	49642
267	49075
268	48953
269	48027
270	47806
271	47377
272	46529
273	46183
274	46741
275	46199
276	44623
277	44339
278	44167
279	43412
280	43386
281	43358
282	42571
283	42623
284	41701
285	41354
286	41447
287	40291
288	39869
289	39509
290	38788
291	38443
292	39220
293	37736
294	38068
295	37153
296	37229
297	36924
298	36859
299	35583
300	35168
301	35276
302	35382
303	34915
304	34644
305	34167
306	33858
307	34072
308	33435
309	33065
310	32462
311	32149
312	31748
313	31646
314	31610
315	30853
316	30887
317	30239
318	30580
319	29719
320	29415
321	29350
322	29533
323	29437
324	28596
325	28555
326	28437
327	28016
328	27713
329	27310
330	27056
331	27128
332	27279
333	26112
334	26150
335	26128
336	26178
337	25988
338	25336
339	25816
340	25514
341	25611
342	25127
343	24319
344	24820
345	24161
346	24399
347	24156
348	24043
349	23250
350	23322
351	23007
352	23063
353	23204
354	22634
355	22718
356	22052
357	22705
358	22565
359	21899
360	22428
361	22682
362	21638
363	21727
364	21083
365	21317
366	21227
367	21178
368	21181
369	20596
370	20564
371	20239
372	20098
373	20320
374	19632
375	19636
376	19946
377	19640
378	19766
379	19464
380	19234
381	19419
382	18791
383	18736
384	18903
385	18748
386	18873
387	18615
388	18162
389	18354
390	18026
391	18116
392	18069
393	17980
394	17949
395	17892
396	17873
397	17536
398	17577
399	17195
400	17027
401	17552
402	17185
403	17135
404	16639
405	16449
406	16361
407	16157
408	16525
409	16589
410	16061
411	16263
412	16279
413	15749
414	15989
415	15435
416	15598
417	15781
418	15834
419	15431
420	15396
421	15420
422	14997
423	15349
424	15502
425	15042
426	15148
427	15366
428	14973
429	15690
430	15113
431	14911
432	14563
433	14739
434	14443
435	14277
436	13811
437	14472
438	14176
439	14345
440	14375
441	14452
442	14534
443	14162
444	14518
445	14008
446	14049
447	13806
448	13695
449	14310
450	13812
451	13678
452	13881
453	13806
454	14318
455	13856
456	13737
457	13141
458	13345
459	13509
460	13063
461	13215
462	13109
463	12886
464	13200
465	12730
466	13078
467	12707
468	12701
469	12730
470	12840
471	12903
472	12450
473	12457
474	12468
475	12381
476	12183
477	12715
478	12036
479	12097
480	12019
481	12139
482	11912
483	12084
484	12121
485	12559
486	11902
487	12082
488	12085
489	12033
490	11891
491	11774
492	12068
493	11651
494	11611
495	11838
496	11647
497	11631
498	11718
499	12369
500	12034
501	11322
502	11536
503	11677
504	11430
505	11803
506	12081
507	12220
508	11685
509	11914
510	11546
511	11507
512	11499
513	11603
514	11546
515	11358
516	11502
517	11366
518	11452
519	12080
520	11663
521	11574
522	11631
523	11307
524	11444
525	11322
526	11494
527	11346
528	11051
529	11271
530	11172
531	11209
532	11356
533	11122
534	11469
535	11010
536	11368
537	11152
538	11158
539	11303
540	11401
541	11510
542	11282
543	11365
544	11284
545	11172
546	11031
547	11013
548	11068
549	10748
550	10995
551	11004
552	10953
553	11106
554	11034
555	11206
556	11144
557	10766
558	10809
559	10772
560	10655
561	10627
562	10916
563	10907
564	10892
565	10815
566	10983
567	10723
568	10473
569	10576
570	10845
571	10774
572	10694
573	10516
574	10614
575	10646
576	10809
577	10869
578	11044
579	10997
580	10851
581	10592
582	10609
583	11153
584	10658
585	10732
586	10512
587	10415
588	10710
589	10445
590	10496
591	10610
592	10884
593	10726
594	10219
595	10454
596	10690
597	10553
598	10608
599	10551
600	10312
601	10266
602	10292
603	10282
604	10363
605	10396
606	10139
607	10204
608	9920
609	10144
610	10322
611	10087
612	10071
613	10447
614	10249
615	10147
616	10069
617	10160
618	10056
619	10050
620	10059
621	9980
622	10007
623	9822
624	10386
625	10517
626	10106
627	9931
628	10105
629	9619
630	9949
631	9925
632	9911
633	9901
634	10220
635	10153
636	9965
637	9912
638	10097
639	10180
640	9877
641	9874
642	9734
643	9614
644	9867
645	9868
646	9968
647	10016
648	9749
649	10333
650	9685
651	9801
652	10035
653	9700
654	9849
655	9608
656	9396
657	9738
658	9684
659	9811
660	9873
661	9476
662	9544
663	10135
664	9596
665	9755
666	9633
667	9456
668	9722
669	9792
670	9782
671	9944
672	9933
673	9667
674	9561
675	9551
676	9759
677	9537
678	9728
679	9791
680	9685
681	9667
682	9528
683	9382
684	9528
685	9400
686	9202
687	9269
688	9184
689	9328
690	9796
691	9551
692	9750
693	9700
694	9837
695	9900
696	9485
697	9457
698	9725
699	9591
700	9669
701	9741
702	9551
703	9587
704	9478
705	9546
706	9373
707	9569
708	9222
709	9441
710	9453
711	9451
712	9325
713	9381
714	9387
715	9460
716	9737
717	9410
718	9413
719	9173
720	9371
721	9330
722	9323
723	9288
724	9336
725	9608
726	9454
727	9601
728	9355
729	9126
730	9200
731	9394
732	9441
733	9303
734	9242
735	9314
736	9327
737	9111
738	9270
739	9387
740	9169
741	9139
742	9356
743	9287
744	9004
745	9132
746	8969
747	9070
748	9072
749	9091
750	9218
751	8884
752	8989
753	9316
754	9051
755	8931
756	8957
757	9387
758	9265
759	9233
760	9291
761	9269
762	9293
763	8867
764	9084
765	9073
766	9223
767	9015
768	9384
769	9140
770	8964
771	9002
772	9069
773	9030
774	8786
775	8927
776	8907
777	9131
778	8825
779	9011
780	8882
781	8866
782	8797
783	8871
784	9019
785	8681
786	9006
787	9097
788	8965
789	8887
790	8869
791	8806
792	8635
793	8876
794	9121
795	8792
796	8788
797	8895
798	8639
799	8595
800	8750
801	8665
802	8884
803	8808
804	8963
805	8734
806	9103
807	8788
808	8975
809	8698
810	8634
811	8571
812	8518
813	8754
814	8791
815	8726
816	8943
817	8720
818	8535
819	8391
820	8577
821	8793
822	8342
823	8343
824	8448
825	8370
826	8562
827	8347
828	8361
829	8491
830	8701
831	8489
832	8537
833	8678
834	8642
835	8593
836	8815
837	9113
838	8857
839	8887
840	8566
841	8529
842	8673
843	8636
844	8700
845	8638
846	8602
847	8335
848	8776
849	8433
850	8479
851	8481
852	8591
853	8425
854	8329
855	8410
856	8438
857	8587
858	8297
859	8531
860	8571
861	8778
862	8500
863	8724
864	8698
865	8631
866	8762
867	8519
868	8562
869	8613
870	8611
871	8721
872	8396
873	8698
874	8434
875	8370
876	8593
877	8693
878	8372
879	8368
880	8578
881	8445
882	8649
883	8130
884	8547
885	8416
886	8636
887	8367
888	8568
889	8325
890	8467
891	8311
892	8467
893	8492
894	8216
895	8340
896	8260
897	8425
898	8373
899	8179
900	8387
901	8338
902	8212
903	8458
904	8138
905	7982
906	8225
907	8146
908	8058
909	8148
910	8358
911	8095
912	7978
913	8189
914	8249
915	8053
916	7989
917	8226
918	8061
919	8409
920	8270
921	8126
922	8443
923	8193
924	8282
925	8185
926	8500
927	8237
928	7930
929	8331
930	8101
931	7895
932	8197
933	8173
934	7988
935	8099
936	8132
937	8059
938	8203
939	8336
940	8525
941	8406
942	8025
943	8054
944	7981
945	8119
946	8032
947	8153
948	8337
949	7993
950	7935
951	8027
952	8049
953	8038
954	8126
955	8019
956	7936
957	7795
958	7865
959	7863
960	7789
961	7770
962	7983
963	7942
964	7817
965	7663
966	7987
967	8082
968	7724
969	7945
970	7856
971	7888
972	8212
973	8100
974	8160
975	8100
976	8003
977	7934
978	7939
979	7910
980	7883
981	7804
982	7606
983	7910
984	7656
985	7884
986	7746
987	7933
988	7907
989	7567
990	7753
991	7732
992	7674
993	7509
994	7640
995	7696
996	7557
997	7648
998	7773
999	7620
1000	7768
1001	7530
1002	7731
1003	7317
1004	7378
1005	7674
1006	7356
1007	7394
1008	7373
1009	7291
1010	7675
1011	7410
1012	7470
1013	7601
1014	7551
1015	7204
1016	7268
1017	7312
1018	7183
1019	7517
1020	7238
1021	7283
1022	7318
1023	7275
1024	7172
1025	7262
1026	7270
1027	7473
1028	7232
1029	7106
1030	7159
1031	7320
1032	7198
1033	7103
1034	7226
1035	7094
1036	7374
1037	7265
1038	7179
1039	7005
1040	7202
1041	7115
1042	7120
1043	7096
1044	7120
1045	7200
1046	7375
1047	7239
1048	7278
1049	7412
1050	7235
1051	7263
1052	7403
1053	7300
1054	7047
1055	6962
1056	7124
1057	7188
1058	7011
1059	7105
1060	7005
1061	6847
1062	6884
1063	7084
1064	7155
1065	6967
1066	7009
1067	6999
1068	6658
1069	6970
1070	7006
1071	6813
1072	6925
1073	6729
1074	6905
1075	6999
1076	6787
1077	6661
1078	6772
1079	6797
1080	6828
1081	6914
1082	6687
1083	6755
1084	6761
1085	6571
1086	6886
1087	6777
1088	6712
1089	6849
1090	6475
1091	6664
1092	6710
1093	6656
1094	6870
1095	6764
1096	6650
1097	6642
1098	6668
1099	6585
1100	6561
1101	6845
1102	6814
1103	6647
1104	6649
1105	6591
1106	6637
1107	6686
1108	6683
1109	6620
1110	6570
1111	6826
1112	6758
1113	6674
1114	6879
1115	6618
1116	6478
1117	6601
1118	6666
1119	6566
1120	6679
1121	6564
1122	6738
1123	6792
1124	6564
1125	6705
1126	6567
1127	6455
1128	6431
1129	6731
1130	6595
1131	6556
1132	6742
1133	6713
1134	6609
1135	6602
1136	6604
1137	6600
1138	6627
1139	6572
1140	6584
1141	6937
1142	6690
1143	6826
1144	6819
1145	6722
1146	6859
1147	6571
1148	6708
1149	6513
1150	6837
1151	6918
1152	6971
1153	6836
1154	6567
1155	6583
1156	6985
1157	6731
1158	6610
1159	6887
1160	6950
1161	6818
1162	6850
1163	6768
1164	6613
1165	6882
1166	6601
1167	6649
1168	6542
1169	6402
1170	6351
1171	6526
1172	6487
1173	6795
1174	6782
1175	6634
1176	6450
1177	6508
1178	6766
1179	6778
1180	6662
1181	6584
1182	6582
1183	6430
1184	6688
1185	6711
1186	6725
1187	6656
1188	6497
1189	6415
1190	6548
1191	6499
1192	6649
1193	6502
1194	6786
1195	6659
1196	6435
1197	6598
1198	6480
1199	6487
1200	6558
1201	6563
1202	6273
1203	6671
1204	6578
1205	6364
1206	6543
1207	6658
1208	6541
1209	6623
1210	6614
1211	6712
1212	6582
1213	6628
1214	6542
1215	6562
1216	6560
1217	6485
1218	6534
1219	6474
1220	6671
1221	6551
1222	6632
1223	6517
1224	6521
1225	6711
1226	6912
1227	6889
1228	6795
1229	6666
1230	6542
1231	6813
1232	6713
1233	6700
1234	6658
1235	6798
1236	6606
1237	6776
1238	6477
1239	6581
1240	6620
1241	6728
1242	6682
1243	6478
1244	6567
1245	6496
1246	6576
1247	6532
1248	6526
1249	6632
1250	6586
1251	6611
1252	6530
1253	6680
1254	6631
1255	6906
1256	6786
1257	6829
1258	6904
1259	6737
1260	6766
1261	6702
1262	6665
1263	6909
1264	6966
1265	6981
1266	6925
1267	7164
1268	6856
1269	6633
1270	6893
1271	6683
1272	6782
1273	6667
1274	6779
1275	6612
1276	6575
1277	6362
1278	6430
1279	6506
1280	6527
1281	6682
1282	6590
1283	6622
1284	6471
1285	6407
1286	6581
1287	6502
1288	6472
1289	6285
1290	6488
1291	6423
1292	6426
1293	6255
1294	6500
1295	6409
1296	6202
1297	6300
1298	6438
1299	6545
1300	6294
1301	6301
1302	6323
1303	6355
1304	6507
1305	6483
1306	6424
1307	6221
1308	6505
1309	6397
1310	6365
1311	6349
1312	6209
1313	6539
1314	6249
1315	6518
1316	6266
1317	6385
1318	6479
1319	6157
1320	6243
1321	6344
1322	6392
1323	6408
1324	6213
1325	6426
1326	6523
1327	6424
1328	6431
1329	6222
1330	6082
1331	6104
1332	6407
1333	6108
1334	6326
1335	6111
1336	5994
1337	6109
1338	6170
1339	5973
1340	6269
1341	5962
1342	6006
1343	5947
1344	5889
1345	5971
1346	6044
1347	6155
1348	6169
1349	6134
1350	5930
1351	6077
1352	6145
1353	6078
1354	6192
1355	6018
1356	5910
1357	5939
1358	6055
1359	6128
1360	6180
1361	6103
1362	6137
1363	5976
1364	6133
1365	5967
1366	5936
1367	5932
1368	5966
1369	6022
1370	6074
1371	5984
1372	5832
1373	6184
1374	5774
1375	5892
1376	6000
1377	6077
1378	5894
1379	5975
1380	6108
1381	5800
1382	6123
1383	5998
1384	5996
1385	5960
1386	6009
1387	6225
1388	6028
1389	5861
1390	5874
1391	5891
1392	5802
1393	5880
1394	5848
1395	5805
1396	5962
1397	5886
1398	5860
1399	5929
1400	5748
1401	5661
1402	5760
1403	5688
1404	5808
1405	5486
1406	5724
1407	5923
1408	5635
1409	5969
1410	5670
1411	5878
1412	5796
1413	5758
1414	5814
1415	5670
1416	5751
1417	5573
1418	5779
1419	5742
1420	5640
1421	5668
1422	5689
1423	5624
1424	5720
1425	5641
1426	5508
1427	5652
1428	5535
1429	5935
1430	5763
1431	5696
1432	5644
1433	5692
1434	5434
1435	5620
1436	5699
1437	5533
1438	5510
1439	5582
1440	5670
1441	5532
1442	5575
1443	5579
1444	5587
1445	5401
1446	5441
1447	5603
1448	5641
1449	5562
1450	5651
1451	5578
1452	5597
1453	5472
1454	5647
1455	5553
1456	5708
1457	5658
1458	5734
1459	5776
1460	5750
1461	5619
1462	5709
1463	5601
1464	5843
1465	5695
1466	5534
1467	5620
1468	5562
1469	5669
1470	5567
1471	5590
1472	5930
1473	5864
1474	5763
1475	5713
1476	5827
1477	5793
1478	5534
1479	5754
1480	5650
1481	5590
1482	5861
1483	5715
1484	5871
1485	5765
1486	5978
1487	5971
1488	5913
1489	6175
1490	5854
1491	5893
1492	6184
1493	6423
1494	6080
1495	5894
1496	5935
1497	6110
1498	6016
1499	6647
1500	6492
1501	6307
1502	6133
1503	5847
1504	5957
1505	5943
1506	6200
1507	6370
1508	6009
1509	5999
1510	6402
1511	5961
1512	5923
1513	5972
1514	6003
1515	6210
1516	6248
1517	6091
1518	6141
1519	6118
1520	5933
1521	6147
1522	5878
1523	5944
1524	6147
1525	6374
1526	6229
1527	6142
1528	6096
1529	5990
1530	6199
1531	6259
1532	6245
1533	6164
1534	6078
1535	6233
1536	6144
1537	6010
1538	6120
1539	6053
1540	6052
1541	6178
1542	6283
1543	5800
1544	6167
1545	6159
1546	6152
1547	6217
1548	6312
1549	6053
1550	6161
1551	6091
1552	6253
1553	5999
1554	6080
1555	6309
1556	6355
1557	6250
1558	6244
1559	5990
1560	6194
1561	6168
1562	6015
1563	6107
1564	5988
1565	5902
1566	5809
1567	5943
1568	5993
1569	6019
1570	5852
1571	5940
1572	6008
1573	6147
1574	6087
1575	6133
1576	5608
1577	5554
1578	5835
1579	5670
1580	5997
1581	5870
1582	6067
1583	5887
1584	5974
1585	6147
1586	6174
1587	6131
1588	5885
1589	6119
1590	5873
1591	5894
1592	5875
1593	5905
1594	5827
1595	5732
1596	5724
1597	5669
1598	5632
1599	5696
1600	5726
1601	5827
1602	5710
1603	5809
1604	5769
1605	5736
1606	5706
1607	5770
1608	5856
1609	5879
1610	5582
1611	5530
1612	5643
1613	5530
1614	5766
1615	5552
1616	5656
1617	5530
1618	5425
1619	5724
1620	5647
1621	5869
1622	5759
1623	5686
1624	5728
1625	5829
1626	5789
1627	5765
1628	5711
1629	5707
1630	5394
1631	5469
1632	5601
1633	5686
1634	5675
1635	5718
1636	5754
1637	5496
1638	5605
1639	5785
1640	5649
1641	5500
1642	5560
1643	5755
1644	5616
1645	5500
1646	5449
1647	5427
1648	5503
1649	5668
1650	5579
1651	5637
1652	5408
1653	5567
1654	5520
1655	5457
1656	5497
1657	5565
1658	5520
1659	5598
1660	5578
1661	5668
1662	5486
1663	5595
1664	5630
1665	5441
1666	5609
1667	5656
1668	5779
1669	5731
1670	5885
1671	5665
1672	5739
1673	5652
1674	5658
1675	5844
1676	5342
1677	5538
1678	5420
1679	5613
1680	5719
1681	5670
1682	5440
1683	5512
1684	5613
1685	5538
1686	5327
1687	5432
1688	5559
1689	5259
1690	5386
1691	5530
1692	5532
1693	5702
1694	5732
1695	5508
1696	5448
1697	5661
1698	5543
1699	5560
1700	5468
1701	5516
1702	5555
1703	5626
1704	5621
1705	5518
1706	5498
1707	5787
1708	5562
1709	5448
1710	5503
1711	5596
1712	5627
1713	5424
1714	5778
1715	5734
1716	5634
1717	5520
1718	5500
1719	5376
1720	5337
1721	5605
1722	5448
1723	5810
1724	5423
1725	5221
1726	5294
1727	5655
1728	5647
1729	5329
1730	5460
1731	5707
1732	5554
1733	5502
1734	5401
1735	5602
1736	5419
1737	5604
1738	5530
1739	5638
1740	5564
1741	5445
1742	5499
1743	5619
1744	5656
1745	5516
1746	5586
1747	5349
1748	5553
1749	5445
1750	5409
1751	5552
1752	5444
1753	5399
1754	5559
1755	5560
1756	5398
1757	5328
1758	5408
1759	5353
1760	5274
1761	5284
1762	5295
1763	5180
1764	5205
1765	5324
1766	5347
1767	5432
1768	5128
1769	5299
1770	5410
1771	5326
1772	5450
1773	5396
1774	5469
1775	5131
1776	5269
1777	4945
1778	5174
1779	5325
1780	5271
1781	5263
1782	4987
1783	5134
1784	4940
1785	5051
1786	5032
1787	5085
1788	5234
1789	5237
1790	5160
1791	4972
1792	5067
1793	4842
1794	4991
1795	4982
1796	5039
1797	5085
1798	4855
1799	5026
1800	5037
1801	4838
1802	4847
1803	4879
1804	4985
1805	4994
1806	5039
1807	4874
1808	4942
1809	4909
1810	4979
1811	5042
1812	4867
1813	4952
1814	4949
1815	4919
1816	4804
1817	4848
1818	5043
1819	4795
1820	4909
1821	4673
1822	4859
1823	4639
1824	4790
1825	4832
1826	4986
1827	4821
1828	4786
1829	4728
1830	4646
1831	4823
1832	4611
1833	4600
1834	4673
1835	4738
1836	4863
1837	4709
1838	4655
1839	4632
1840	4599
1841	4727
1842	4980
1843	4547
1844	4420
1845	4580
1846	4522
1847	4550
1848	4539
1849	4501
1850	4623
1851	4607
1852	4684
1853	4792
1854	4790
1855	4762
1856	4646
1857	4663
1858	4720
1859	4710
1860	4584
1861	4628
1862	4633
1863	4920
1864	4721
1865	4677
1866	4647
1867	4550
1868	4568
1869	4541
1870	4571
1871	4589
1872	4662
1873	4667
1874	4649
1875	4528
1876	4559
1877	4524
1878	4444
1879	4738
1880	4533
1881	4587
1882	4528
1883	4586
1884	4687
1885	4432
1886	4562
1887	4536
1888	4712
1889	4567
1890	4607
1891	4519
1892	4419
1893	4810
1894	4578
1895	4694
1896	4628
1897	4815
1898	4660
1899	4614
1900	4614
1901	4706
1902	4664
1903	4650
1904	4649
1905	4687
1906	4638
1907	4630
1908	4498
1909	4609
1910	4684
1911	4474
1912	4860
1913	4755
1914	4841
1915	4967
1916	4701
1917	4916
1918	4790
1919	4701
1920	4763
1921	4716
1922	4944
1923	4820
1924	4766
1925	4753
1926	4769
1927	4901
1928	4839
1929	4726
1930	4943
1931	4842
1932	4558
1933	4633
1934	4607
1935	4621
1936	4823
1937	4846
1938	5022
1939	4634
1940	4845
1941	4796
1942	4558
1943	4638
1944	4759
1945	4783
1946	4543
1947	4702
1948	4670
1949	4573
1950	4693
1951	4698
1952	4751
1953	4899
1954	4677
1955	4697
1956	4751
1957	4579
1958	4764
1959	4584
1960	4634
1961	4695
1962	4603
1963	4780
1964	4676
1965	4747
1966	4840
1967	4698
1968	4688
1969	4903
1970	4879
1971	4720
1972	4800
1973	4708
1974	4899
1975	4645
1976	4863
1977	4820
1978	4925
1979	4953
1980	4842
1981	5038
1982	5031
1983	4892
1984	4624
1985	4844
1986	4974
1987	4883
1988	4720
1989	4820
1990	4865
1991	4964
1992	5026
1993	5203
1994	5067
1995	4921
1996	4966
1997	4999
1998	5133
1999	4978
2000	5126
2001	5196
2002	5035
2003	5080
2004	4899
2005	5002
2006	4978
2007	4914
2008	5275
2009	5136
2010	4933
2011	4915
2012	5039
2013	5019
2014	5147
2015	5227
2016	5074
2017	5016
2018	5017
2019	5075
2020	5211
2021	5092
2022	4964
2023	5018
2024	5125
2025	5060
2026	4935
2027	5138
2028	5207
2029	5060
2030	4978
2031	4735
2032	4818
2033	4921
2034	4949
2035	5115
2036	4788
2037	4901
2038	5047
2039	5126
2040	4945
2041	4915
2042	4868
2043	5017
2044	4917
2045	4989
2046	4858
2047	4747
2048	5191
2049	4819
2050	4848
2051	5173
2052	4787
2053	4668
2054	4852
2055	4890
2056	5037
2057	4923
2058	5021
2059	4743
2060	4816
2061	4850
2062	4862
2063	4985
2064	4968
2065	4751
2066	4823
2067	4910
2068	4865
2069	4729
2070	4713
2071	4742
2072	4565
2073	4858
2074	4853
2075	4686
2076	4580
2077	4443
2078	4571
2079	4685
2080	4613
2081	4602
2082	4518
2083	4531
2084	4349
2085	4569
2086	4579
2087	4532
2088	4647
2089	4630
2090	4477
2091	4643
2092	4442
2093	4364
2094	4312
2095	4297
2096	4425
2097	4475
2098	4441
2099	4461
2100	4485
2101	4298
2102	4294
2103	4616
2104	4404
2105	4192
2106	4367
2107	4245
2108	4371
2109	4414
2110	4455
2111	4318
2112	4157
2113	4269
2114	4084
2115	4158
2116	4196
2117	4154
2118	4196
2119	4221
2120	4333
2121	4276
2122	4444
2123	4194
2124	4180
2125	4214
2126	4306
2127	4258
2128	4203
2129	4312
2130	4329
2131	4267
2132	4254
2133	4240
2134	4259
2135	4280
2136	4181
2137	4178
2138	4241
2139	4181
2140	4083
2141	4193
2142	4176
2143	4244
2144	3960
2145	4223
2146	4145
2147	3996
2148	4061
2149	4024
2150	3884
2151	4008
2152	3964
2153	4176
2154	3998
2155	3957
2156	3886
2157	3978
2158	4024
2159	4037
2160	4042
2161	4053
2162	4167
2163	3987
2164	3980
2165	4239
2166	4204
2167	4131
2168	4131
2169	4179
2170	4221
2171	4055
2172	3977
2173	3957
2174	4256
2175	4164
2176	4103
2177	4149
2178	4233
2179	4260
2180	4130
2181	4044
2182	4075
2183	4016
2184	4078
2185	4322
2186	4107
2187	4147
2188	4072
2189	4021
2190	4026
2191	4137
2192	4032
2193	4083
2194	4004
2195	3979
2196	4258
2197	4082
2198	4114
2199	4213
2200	4186
2201	4111
2202	4298
2203	4273
2204	4364
2205	4140
2206	4072
2207	4044
2208	4144
2209	4269
2210	4184
2211	4082
2212	4132
2213	4177
2214	4078
2215	4116
2216	3807
2217	4219
2218	4147
2219	4292
2220	4111
2221	3929
2222	4085
2223	4023
2224	4010
2225	4059
2226	4176
2227	3996
2228	3968
2229	3910
2230	4018
2231	4015
2232	4131
2233	4248
2234	4500
2235	4181
2236	4304
2237	4279
2238	4112
2239	4180
2240	4156
2241	4424
2242	4355
2243	4330
2244	4226
2245	4215
2246	4248
2247	4132
2248	4230
2249	4235
2250	4259
2251	4326
2252	4118
2253	4253
2254	4557
2255	4413
2256	4376
2257	4320
2258	4313
2259	4413
2260	4395
2261	4359
2262	4116
2263	4317
2264	4388
2265	4348
2266	4178
2267	4090
2268	4376
2269	4360
2270	4405
2271	4272
2272	4265
2273	4153
2274	4164
2275	4114
2276	4308
2277	4310
2278	4364
2279	4252
2280	4290
2281	4279
2282	4242
2283	4156
2284	4286
2285	4275
2286	4241
2287	4348
2288	4275
2289	4372
2290	4034
2291	4094
2292	4113
2293	4168
2294	4159
2295	4139
2296	4129
2297	4288
2298	4041
2299	4139
2300	4160
2301	4186
2302	4105
2303	4134
2304	4074
2305	4097
2306	3959
2307	4023
2308	3984
2309	4139
2310	4080
2311	3818
2312	3978
2313	4259
2314	4148
2315	3993
2316	4291
2317	4112
2318	4113
2319	4283
2320	4167
2321	4310
2322	4179
2323	4119
2324	4153
2325	4241
2326	4290
2327	4208
2328	4096
2329	4190
2330	3789
2331	4021
2332	3851
2333	3901
2334	3970
2335	3963
2336	3995
2337	3987
2338	4050
2339	4135
2340	4111
2341	4055
2342	4190
2343	3899
2344	3925
2345	4024
2346	3954
2347	3830
2348	4081
2349	3829
2350	4112
2351	3904
2352	3944
2353	3938
2354	3830
2355	4305
2356	3876
2357	4038
2358	4165
2359	3893
2360	3964
2361	4013
2362	4030
2363	3772
2364	3757
2365	4000
2366	3682
2367	3785
2368	3858
2369	3970
2370	3840
2371	3627
2372	3688
2373	3788
2374	3565
2375	3621
2376	3827
2377	3764
2378	3689
2379	3680
2380	3719
2381	3746
2382	3879
2383	3810
2384	3540
2385	3813
2386	3757
2387	3523
2388	3718
2389	3595
2390	3557
2391	3676
2392	3619
2393	3670
2394	3659
2395	3542
2396	3523
2397	3575
2398	3769
2399	3688
2400	3632
2401	3536
2402	3618
2403	3571
2404	3603
2405	3853
2406	3852
2407	3476
2408	3513
2409	3464
2410	3404
2411	3554
2412	3512
2413	3602
2414	3602
2415	3573
2416	3557
2417	3552
2418	3367
2419	3370
2420	3461
2421	3363
2422	3426
2423	3535
2424	3304
2425	3400
2426	3492
2427	3453
2428	3659
2429	3446
2430	3471
2431	3405
2432	3416
2433	3349
2434	3121
2435	3381
2436	3398
2437	3452
2438	3315
2439	3482
2440	3342
2441	3474
2442	3271
2443	3389
2444	3171
2445	3327
2446	3481
2447	3375
2448	3323
2449	3322
2450	3379
2451	3427
2452	3333
2453	3383
2454	3345
2455	3398
2456	3535
2457	3314
2458	3354
2459	3408
2460	3351
2461	3277
2462	3393
2463	3285
2464	3304
2465	3433
2466	3331
2467	3286
2468	3256
2469	3470
2470	3325
2471	3396
2472	3403
2473	3367
2474	3359
2475	3323
2476	3288
2477	3440
2478	3376
2479	3432
2480	3357
2481	3468
2482	3444
2483	3484
2484	3465
2485	3446
2486	3470
2487	3422
2488	3394
2489	3467
2490	3389
2491	3451
2492	3454
2493	3413
2494	3479
2495	3426
2496	3631
2497	3502
2498	3516
2499	3402
2500	3290
2501	3591
2502	3480
2503	3408
2504	3541
2505	3439
2506	3414
2507	3413
2508	3519
2509	3487
2510	3406
2511	3378
2512	3439
2513	3376
2514	3363
2515	3417
2516	3410
2517	3349
2518	3530
2519	3594
2520	3440
2521	3564
2522	3371
2523	3437
2524	3536
2525	3488
2526	3469
2527	3609
2528	3460
2529	3536
2530	3496
2531	3573
2532	3498
2533	3500
2534	3524
2535	3493
2536	3474
2537	3619
2538	3423
2539	3564
2540	3433
2541	3495
2542	3474
2543	3539
2544	3512
2545	3548
2546	3536
2547	3702
2548	3590
2549	3547
2550	3458
2551	3574
2552	3497
2553	3519
2554	3515
2555	3419
2556	3572
2557	3546
2558	3686
2559	3710
2560	3630
2561	3594
2562	3482
2563	3534
2564	3705
2565	3779
2566	3686
2567	3680
2568	3661
2569	3517
2570	3683
2571	3496
2572	3495
2573	3517
2574	3526
2575	3556
2576	3435
2577	3374
2578	3437
2579	3506
2580	3512
2581	3618
2582	3433
2583	3450
2584	3627
2585	3579
2586	3417
2587	3479
2588	3482
2589	3332
2590	3493
2591	3419
2592	3498
2593	3472
2594	3371
2595	3328
2596	3342
2597	3564
2598	3377
2599	3367
2600	3491
2601	3278
2602	3439
2603	3479
2604	3419
2605	3396
2606	3310
2607	3467
2608	3502
2609	3298
2610	3520
2611	3373
2612	3465
2613	3335
2614	3443
2615	3409
2616	3388
2617	3537
2618	3397
2619	3475
2620	3332
2621	3330
2622	3404
2623	3513
2624	3526
2625	3578
2626	3647
2627	3428
2628	3359
2629	3575
2630	3439
2631	3370
2632	3308
2633	3416
2634	3380
2635	3461
2636	3545
2637	3537
2638	3439
2639	3591
2640	3559
2641	3659
2642	3543
2643	3477
2644	3409
2645	3483
2646	3351
2647	3393
2648	3305
2649	3509
2650	3427
2651	3557
2652	3779
2653	3742
2654	3627
2655	3471
2656	3592
2657	3525
2658	3550
2659	3478
2660	3412
2661	3559
2662	3430
2663	3440
2664	3704
2665	3640
2666	3546
2667	3697
2668	3637
2669	3616
2670	3518
2671	3483
2672	3532
2673	3355
2674	3522
2675	3563
2676	3759
2677	3715
2678	3569
2679	3890
2680	3786
2681	3605
2682	3910
2683	3892
2684	4223
2685	3898
2686	3856
2687	3672
2688	3805
2689	3560
2690	3729
2691	3729
2692	3643
2693	3758
2694	3534
2695	3577
2696	3832
2697	3482
2698	3527
2699	3601
2700	3706
2701	3740
2702	3641
2703	3517
2704	3682
2705	3536
2706	3565
2707	3620
2708	3491
2709	3786
2710	3791
2711	3839
2712	3521
2713	3171
2714	3276
2715	3276
2716	3283
2717	3416
2718	3546
2719	3516
2720	3644
2721	3682
2722	3511
2723	3442
2724	3441
2725	3281
2726	3411
2727	3370
2728	3199
2729	3339
2730	3287
2731	3502
2732	3265
2733	3301
2734	3293
2735	3373
2736	3224
2737	3404
2738	3336
2739	3371
2740	3415
2741	3259
2742	3411
2743	3256
2744	3154
2745	3284
2746	3179
2747	3172
2748	3100
2749	3061
2750	3263
2751	3223
2752	2993
2753	3043
2754	3086
2755	3092
2756	3110
2757	3170
2758	3214
2759	3145
2760	3198
2761	3237
2762	3360
2763	3277
2764	3235
2765	3362
2766	3256
2767	3306
2768	3260
2769	3273
2770	3367
2771	3306
2772	3323
2773	3274
2774	3264
2775	3284
2776	3217
2777	3214
2778	3084
2779	3228
2780	3171
2781	3133
2782	3145
2783	3082
2784	2993
2785	3161
2786	3128
2787	3043
2788	3071
2789	3104
2790	3148
2791	3036
2792	3192
2793	2925
2794	3178
2795	3022
2796	3218
2797	3087
2798	3140
2799	3072
2800	3099
2801	3101
2802	3084
2803	3075
2804	2849
2805	2965
2806	3011
2807	2978
2808	3004
2809	3063
2810	3098
2811	3217
2812	3102
2813	3179
2814	3080
2815	3236
2816	3123
2817	3062
2818	2935
2819	3130
2820	3026
2821	3036
2822	3055
2823	3119
2824	2908
2825	3119
2826	3054
2827	3138
2828	3042
2829	3148
2830	3034
2831	3141
2832	3017
2833	3016
2834	3015
2835	3065
2836	3067
2837	2985
2838	2958
2839	2968
2840	3075
2841	3090
2842	2978
2843	2847
2844	2823
2845	2989
2846	3016
2847	3031
2848	3152
2849	2893
2850	2869
2851	2962
2852	3089
2853	3128
2854	2990
2855	2992
2856	3067
2857	3025
2858	3032
2859	2994
2860	3052
2861	3054
2862	3185
2863	3245
2864	3104
2865	3078
2866	2963
2867	2985
2868	2994
2869	3057
2870	3043
2871	2844
2872	2996
2873	2951
2874	3063
2875	3140
2876	3051
2877	2963
2878	2972
2879	3035
2880	2947
2881	3049
2882	2960
2883	3000
2884	3132
2885	3080
2886	3023
2887	2994
2888	2977
2889	2864
2890	3103
2891	3008
2892	3004
2893	3080
2894	3018
2895	3041
2896	2864
2897	2996
2898	2941
2899	3144
2900	2901
2901	3127
2902	3123
2903	2994
2904	2980
2905	2948
2906	2937
2907	3032
2908	2934
2909	2980
2910	3183
2911	3064
2912	3148
2913	3128
2914	3080
2915	2890
2916	3038
2917	3012
2918	2990
2919	3032
2920	3061
2921	2934
2922	2870
2923	2962
2924	3046
2925	2928
2926	2963
2927	2998
2928	2944
2929	2904
2930	3021
2931	2973
2932	2905
2933	2989
2934	2958
2935	2983
2936	3090
2937	3066
2938	2934
2939	2908
2940	2960
2941	2996
2942	3009
2943	2944
2944	3092
2945	2878
2946	2995
2947	2964
2948	2964
2949	2889
2950	2886
2951	2930
2952	2893
2953	2957
2954	3046
2955	3042
2956	3012
2957	3044
2958	2915
2959	3039
2960	3014
2961	3016
2962	3104
2963	2999
2964	3000
2965	3017
2966	3009
2967	3112
2968	2994
2969	3099
2970	3049
2971	2994
2972	3079
2973	3037
2974	3033
2975	3141
2976	3054
2977	3171
2978	3085
2979	3132
2980	3009
2981	3102
2982	2950
2983	2912
2984	3168
2985	3054
2986	3014
2987	3142
2988	3033
2989	3065
2990	3190
2991	3031
2992	3055
2993	3105
2994	3217
2995	2980
2996	2938
2997	3166
2998	3130
2999	3057
3000	2814
3001	2996
3002	3038
3003	3163
3004	3151
3005	3277
3006	3094
3007	3004
3008	3075
3009	3080
3010	2904
3011	3084
3012	3044
3013	3088
3014	3055
3015	3104
3016	2902
3017	2936
3018	2925
3019	2929
3020	3030
3021	2994
3022	2893
3023	2891
3024	2944
3025	2943
3026	2927
3027	2927
3028	3156
3029	2858
3030	3005
3031	3027
3032	2779
3033	3009
3034	2753
3035	2813
3036	3005
3037	3002
3038	2977
3039	2948
3040	3144
3041	2985
3042	3136
3043	3111
3044	2930
3045	2987
3046	3067
3047	2981
3048	3052
3049	3137
3050	3146
3051	3140
3052	3057
3053	3006
3054	3176
3055	3215
3056	3310
3057	3235
3058	3304
3059	3384
3060	3221
3061	3242
3062	3233
3063	3265
3064	3198
3065	3216
3066	3244
3067	3239
3068	3369
3069	3294
3070	2916
3071	3053
3072	3050
3073	3243
3074	3158
3075	3154
3076	3429
3077	3478
3078	3469
3079	3450
3080	3568
3081	3263
3082	3182
3083	3314
3084	3264
3085	3515
3086	3403
3087	3500
3088	3233
3089	3239
3090	3227
3091	3342
3092	3153
3093	3128
3094	3216
3095	3743
3096	3318
3097	3409
3098	3220
3099	3377
3100	3178
3101	3250
3102	3271
3103	3444
3104	3361
3105	3363
3106	3614
3107	3406
3108	3313
3109	3318
3110	3384
3111	3157
3112	3226
3113	3295
3114	3567
3115	3401
3116	3401
3117	3389
3118	3464
3119	3306
3120	2961
3121	3115
3122	3214
3123	3315
3124	3183
3125	3417
3126	3240
3127	3123
3128	3103
3129	3031
3130	3058
3131	3129
3132	3053
3133	3124
3134	3215
3135	2980
3136	3016
3137	2971
3138	3107
3139	3053
3140	3129
3141	3388
3142	3249
3143	3053
3144	3325
3145	3172
3146	3004
3147	3054
3148	3029
3149	2992
3150	3218
3151	3053
3152	3087
3153	2979
3154	2836
3155	2996
3156	2995
3157	2865
3158	2865
3159	3040
3160	3035
3161	2787
3162	3034
3163	2925
3164	3012
3165	3077
3166	3108
3167	3048
3168	2959
3169	2804
3170	2880
3171	2911
3172	2738
3173	2795
3174	2769
3175	2724
3176	2808
3177	2862
3178	2889
3179	2879
3180	2846
3181	2829
3182	2876
3183	2755
3184	2863
3185	2808
3186	2785
3187	2818
3188	2757
3189	2916
3190	2907
3191	2807
3192	2848
3193	2799
3194	2763
3195	2871
3196	2750
3197	2910
3198	2668
3199	2687
3200	2812
3201	2721
3202	2771
3203	2935
3204	2839
3205	2817
3206	2746
3207	2782
3208	2691
3209	2723
3210	2757
3211	2919
3212	2735
3213	2857
3214	2638
3215	2745
3216	2735
3217	2761
3218	2777
3219	2806
3220	2688
3221	2984
3222	2822
3223	2666
3224	2741
3225	2724
3226	2745
3227	2781
3228	2858
3229	2620
3230	2613
3231	2766
3232	2789
3233	2728
3234	2649
3235	2849
3236	2912
3237	2801
3238	2808
3239	2787
3240	2777
3241	2777
3242	2686
3243	2748
3244	2808
3245	2742
3246	2687
3247	2726
3248	2695
3249	2642
3250	2801
3251	2583
3252	2832
3253	2684
3254	2718
3255	2741
3256	2748
3257	2654
3258	2748
3259	2599
3260	2761
3261	2724
3262	2699
3263	2780
3264	2778
3265	2673
3266	2726
3267	2837
3268	2703
3269	2784
3270	2657
3271	2637
3272	2617
3273	2691
3274	2709
3275	2659
3276	2615
3277	2740
3278	2735
3279	2729
3280	2599
3281	2673
3282	2690
3283	2756
3284	2765
3285	2784
3286	2732
3287	2945
3288	2739
3289	2811
3290	2730
3291	2720
3292	2733
3293	2698
3294	2600
3295	2846
3296	2744
3297	2819
3298	2778
3299	2821
3300	2864
3301	2598
3302	2714
3303	2748
3304	2779
3305	2726
3306	2686
3307	2771
3308	2807
3309	2835
3310	2795
3311	2825
3312	2819
3313	2857
3314	2702
3315	2783
3316	2722
3317	2780
3318	2664
3319	2806
3320	2744
3321	2953
3322	2884
3323	2950
3324	2794
3325	2814
3326	2875
3327	2819
3328	2855
3329	2714
3330	2805
3331	2737
3332	2809
3333	2780
3334	2768
3335	2896
3336	2763
3337	2852
3338	2843
3339	2711
3340	2994
3341	2674
3342	2822
3343	2755
3344	2851
3345	2780
3346	2754
3347	2828
3348	2815
3349	2715
3350	2676
3351	2596
3352	2664
3353	2870
3354	2672
3355	2659
3356	2636
3357	2569
3358	2713
3359	2702
3360	2577
3361	2735
3362	2671
3363	2742
3364	2691
3365	2618
3366	2625
3367	2626
3368	2725
3369	2522
3370	2624
3371	2573
3372	2700
3373	2703
3374	2605
3375	2553
3376	2506
3377	2481
3378	2491
3379	2519
3380	2677
3381	2510
3382	2606
3383	2561
3384	2637
3385	2414
3386	2507
3387	2567
3388	2421
3389	2444
3390	2488
3391	2487
3392	2445
3393	2386
3394	2555
3395	2329
3396	2497
3397	2653
3398	2520
3399	2596
3400	2487
3401	2483
3402	2530
3403	2694
3404	2628
3405	2521
3406	2460
3407	2474
3408	2359
3409	2428
3410	2547
3411	2382
3412	2570
3413	2354
3414	2466
3415	2545
3416	2507
3417	2314
3418	2567
3419	2635
3420	2471
3421	2554
3422	2624
3423	2472
3424	2438
3425	2604
3426	2507
3427	2516
3428	2476
3429	2543
3430	2267
3431	2418
3432	2291
3433	2639
3434	2537
3435	2571
3436	2386
3437	2461
3438	2517
3439	2475
3440	2593
3441	2412
3442	2486
3443	2444
3444	2552
3445	2440
3446	2404
3447	2315
3448	2449
3449	2391
3450	2544
3451	2548
3452	2530
3453	2489
3454	2571
3455	2545
3456	2571
3457	2509
3458	2443
3459	2323
3460	2331
3461	2457
3462	2428
3463	2507
3464	2478
3465	2305
3466	2417
3467	2503
3468	2380
3469	2537
3470	2486
3471	2405
3472	2469
3473	2548
3474	2428
3475	2405
3476	2418
3477	2418
3478	2441
3479	2284
3480	2434
3481	2380
3482	2305
3483	2577
3484	2443
3485	2399
3486	2483
3487	2444
3488	2431
3489	2444
3490	2506
3491	2362
3492	2393
3493	2511
3494	2415
3495	2397
3496	2483
3497	2383
3498	2440
3499	2587
3500	2481
3501	2533
3502	2457
3503	2573
3504	2428
3505	2498
3506	2502
3507	2465
3508	2421
3509	2400
3510	2466
3511	2488
3512	2440
3513	2506
3514	2324
3515	2425
3516	2489
3517	2431
3518	2277
3519	2466
3520	2453
3521	2547
3522	2467
3523	2555
3524	2420
3525	2514
3526	2499
3527	2441
3528	2444
3529	2525
3530	2466
3531	2299
3532	2419
3533	2380
3534	2339
3535	2540
3536	2434
3537	2481
3538	2503
3539	2446
3540	2376
3541	2360
3542	2225
3543	2340
3544	2449
3545	2515
3546	2562
3547	2373
3548	2403
3549	2223
3550	2302
3551	2373
3552	2333
3553	2328
3554	2295
3555	2399
3556	2333
3557	2530
3558	2345
3559	2370
3560	2354
3561	2528
3562	2207
3563	2345
3564	2416
3565	2282
3566	2446
3567	2513
3568	2400
3569	2379
3570	2297
3571	2354
3572	2305
3573	2394
3574	2366
3575	2398
3576	2415
3577	2360
3578	2466
3579	2475
3580	2353
3581	2395
3582	2397
3583	2332
3584	2321
3585	2440
3586	2416
3587	2384
3588	2448
3589	2373
3590	2315
3591	2405
3592	2312
3593	2438
3594	2479
3595	2421
3596	2385
3597	2317
3598	2468
3599	2399
3600	2342
3601	2363
3602	2416
3603	2429
3604	2309
3605	2332
3606	2406
3607	2437
3608	2471
3609	2510
3610	2466
3611	2284
3612	2343
3613	2304
3614	2267
3615	2431
3616	2337
3617	2437
3618	2457
3619	2503
3620	2456
3621	2485
3622	2423
3623	2416
3624	2453
3625	2416
3626	2403
3627	2472
3628	2342
3629	2335
3630	2286
3631	2325
3632	2218
3633	2361
3634	2333
3635	2261
3636	2273
3637	2356
3638	2256
3639	2354
3640	2365
3641	2410
3642	2356
3643	2304
3644	2383
3645	2397
3646	2459
3647	2407
3648	2191
3649	2282
3650	2368
3651	2377
3652	2309
3653	2254
3654	2220
3655	2365
3656	2364
3657	2312
3658	2281
3659	2361
3660	2260
3661	2235
3662	2120
3663	2236
3664	2298
3665	2342
3666	2331
3667	2280
3668	2377
3669	2256
3670	2263
3671	2343
3672	2233
3673	2358
3674	2302
3675	2450
3676	2410
3677	2372
3678	2275
3679	2382
3680	2343
3681	2437
3682	2418
3683	2333
3684	2327
3685	2356
3686	2380
3687	2364
3688	2214
3689	2298
3690	2422
3691	2366
3692	2293
3693	2403
3694	2425
3695	2551
3696	2502
3697	2484
3698	2479
3699	2593
3700	2557
3701	2677
3702	2455
3703	2627
3704	2616
3705	2517
3706	2590
3707	2635
3708	2453
3709	2534
3710	2593
3711	2622
3712	2551
3713	2591
3714	2480
3715	2558
3716	2616
3717	2592
3718	2754
3719	2569
3720	2491
3721	2556
3722	2611
3723	2706
3724	2594
3725	2675
3726	2819
3727	2731
3728	2583
3729	2646
3730	2579
3731	2625
3732	2596
3733	2449
3734	2515
3735	2581
3736	2688
3737	2770
3738	2767
3739	2607
3740	2638
3741	2572
3742	2621
3743	2394
3744	2770
3745	2532
3746	2702
3747	2811
3748	2738
3749	2709
3750	2615
3751	2683
3752	2667
3753	2753
3754	2532
3755	2603
3756	2626
3757	2826
3758	2739
3759	2765
3760	2491
3761	2498
3762	2447
3763	2522
3764	2505
3765	2601
3766	2552
3767	2595
3768	2752
3769	2655
3770	2442
3771	2660
3772	2784
3773	2394
3774	2447
3775	2597
3776	2612
3777	2637
3778	2487
3779	2532
3780	2486
3781	2417
3782	2467
3783	2436
3784	2608
3785	2538
3786	2510
3787	2523
3788	2581
3789	2475
3790	2380
3791	2377
3792	2360
3793	2231
3794	2402
3795	2338
3796	2293
3797	2335
3798	2339
3799	2423
3800	2489
3801	2458
3802	2417
3803	2316
3804	2303
3805	2328
3806	2316
3807	2230
3808	2413
3809	2373
3810	2314
3811	2208
3812	2301
3813	2289
3814	2171
3815	2240
3816	2246
3817	2219
3818	2310
3819	2193
3820	2273
3821	2155
3822	2145
3823	2258
3824	2198
3825	2114
3826	2250
3827	2321
3828	2156
3829	2111
3830	1995
3831	2137
3832	2057
3833	2079
3834	2073
3835	2085
3836	1972
3837	1991
3838	1997
3839	2070
3840	2073
3841	2120
3842	2059
3843	2024
3844	2123
3845	2007
3846	2080
3847	2050
3848	2030
3849	2090
3850	2065
3851	2223
3852	2197
3853	2051
3854	2124
3855	2173
3856	2096
3857	2097
3858	2159
3859	2059
3860	2158
3861	2060
3862	2091
3863	2124
3864	2032
3865	1962
3866	1988
3867	2157
3868	2259
3869	2126
3870	2084
3871	2114
3872	2082
3873	2048
3874	2125
3875	2069
3876	2151
3877	2109
3878	2137
3879	2106
3880	2184
3881	2353
3882	2115
3883	2110
3884	2026
3885	2068
3886	2054
3887	2121
3888	2054
3889	2047
3890	2191
3891	2129
3892	2096
3893	2145
3894	2129
3895	2164
3896	2074
3897	2232
3898	2138
3899	2234
3900	2269
3901	2109
3902	2314
3903	2194
3904	2128
3905	2173
3906	2182
3907	2106
3908	2135
3909	2191
3910	2157
3911	2352
3912	2281
3913	2136
3914	2413
3915	2208
3916	2210
3917	2320
3918	2050
3919	2199
3920	2201
3921	2331
3922	2224
3923	2209
3924	2205
3925	2170
3926	2401
3927	2396
3928	2342
3929	2222
3930	2320
3931	2358
3932	2579
3933	2390
3934	2266
3935	2363
3936	2290
3937	2314
3938	2383
3939	2252
3940	2253
3941	2187
3942	2350
3943	2269
3944	2306
3945	2235
3946	2239
3947	2289
3948	2351
3949	2191
3950	2230
3951	2192
3952	2289
3953	2293
3954	2271
3955	2279
3956	2379
3957	2393
3958	2339
3959	2342
3960	2427
3961	2405
3962	2265
3963	2251
3964	2320
3965	2276
3966	2315
3967	2421
3968	2314
3969	2258
3970	2279
3971	2282
3972	2300
3973	2296
3974	2175
3975	2188
3976	2317
3977	2352
3978	2317
3979	2230
3980	2114
3981	2153
3982	2227
3983	2180
3984	2257
3985	2303
3986	2255
3987	2364
3988	2219
3989	2138
3990	2029
3991	2156
3992	2154
3993	2156
3994	2070
3995	2053
3996	2088
3997	2112
3998	2108
3999	2309
4000	2254
4001	2146
4002	2214
4003	2184
4004	2159
4005	2209
4006	2237
4007	2128
4008	2182
4009	2245
4010	2259
4011	2042
4012	2205
4013	2193
4014	2263
4015	2295
4016	2244
4017	2240
4018	2225
4019	2256
4020	2246
4021	2109
4022	2254
4023	2131
4024	2247
4025	2151
4026	2320
4027	2393
4028	2280
4029	2205
4030	2099
4031	2202
4032	2448
4033	2255
4034	2271
4035	2447
4036	2154
4037	2146
4038	2087
4039	2076
4040	2091
4041	2214
4042	2143
4043	2198
4044	2245
4045	2063
4046	2194
4047	2168
4048	2187
4049	2013
4050	2191
4051	2138
4052	2078
4053	2142
4054	2137
4055	2150
4056	2080
4057	2156
4058	2108
4059	1981
4060	2175
4061	2176
4062	2061
4063	2190
4064	2089
4065	2125
4066	2117
4067	2149
4068	2118
4069	2212
4070	2177
4071	2139
4072	2222
4073	2125
4074	2121
4075	2139
4076	2073
4077	2143
4078	2117
4079	2219
4080	2056
4081	1993
4082	2205
4083	2132
4084	2078
4085	2123
4086	2105
4087	2252
4088	2081
4089	2156
4090	2104
4091	2216
4092	2171
4093	2162
4094	2036
4095	2310
4096	2204
4097	2193
4098	2310
4099	2177
4100	2253
4101	2254
4102	2159
4103	2081
4104	2089
4105	2257
4106	2075
4107	2089
4108	2080
4109	2136
4110	2030
4111	2136
4112	2222
4113	2193
4114	2222
4115	2099
4116	2190
4117	2073
4118	2108
4119	2213
4120	2252
4121	2175
4122	2101
4123	2192
4124	2214
4125	2211
4126	2207
4127	2323
4128	2180
4129	2246
4130	2212
4131	2143
4132	2066
4133	2172
4134	2083
4135	2047
4136	2180
4137	2089
4138	2093
4139	2222
4140	2126
4141	2111
4142	2066
4143	2176
4144	2075
4145	2121
4146	2055
4147	2062
4148	1995
4149	1964
4150	2011
4151	2099
4152	1989
4153	2110
4154	2104
4155	1963
4156	2066
4157	1907
4158	2167
4159	1950
4160	2041
4161	1972
4162	2106
4163	2016
4164	2031
4165	2076
4166	1995
4167	1993
4168	2041
4169	2035
4170	1968
4171	1770
4172	2010
4173	2086
4174	2064
4175	2076
4176	2078
4177	1901
4178	1869
4179	1964
4180	1952
4181	1966
4182	1883
4183	1962
4184	1933
4185	1934
4186	2003
4187	1979
4188	1996
4189	1982
4190	1916
4191	1807
4192	1872
4193	1943
4194	1977
4195	1973
4196	2023
4197	1993
4198	2042
4199	1969
4200	1850
4201	1857
4202	1952
4203	1925
4204	1961
4205	1914
4206	1859
4207	2004
4208	1963
4209	1867
4210	2030
4211	1923
4212	1942
4213	1852
4214	1939
4215	1973
4216	1925
4217	1746
4218	1943
4219	1814
4220	1881
4221	1966
4222	1834
4223	1892
4224	1926
4225	1957
4226	1840
4227	1896
4228	1845
4229	1858
4230	1907
4231	1773
4232	1885
4233	2050
4234	1865
4235	1908
4236	1900
4237	2008
4238	1829
4239	1893
4240	1794
4241	1917
4242	1828
4243	1809
4244	1887
4245	1812
4246	1917
4247	1878
4248	1870
4249	1893
4250	1830
4251	1991
4252	1820
4253	1852
4254	1920
4255	1813
4256	1905
4257	1780
4258	1889
4259	1872
4260	1857
4261	1841
4262	1869
4263	1982
4264	1912
4265	1947
4266	1908
4267	1856
4268	1921
4269	1945
4270	1996
4271	1940
4272	2020
4273	1978
4274	1945
4275	2043
4276	2011
4277	1934
4278	1916
4279	1955
4280	2003
4281	2101
4282	2241
4283	1936
4284	1862
4285	1968
4286	2054
4287	2005
4288	2065
4289	1958
4290	2013
4291	1867
4292	2022
4293	2043
4294	2100
4295	2076
4296	1994
4297	2015
4298	1957
4299	1937
4300	2046
4301	1899
4302	1931
4303	2037
4304	2063
4305	1949
4306	1958
4307	1975
4308	2081
4309	2003
4310	2184
4311	2042
4312	2094
4313	1881
4314	1959
4315	1970
4316	1981
4317	1805
4318	1831
4319	1971
4320	1883
4321	1986
4322	1869
4323	1789
4324	1840
4325	1895
4326	1896
4327	1818
4328	1926
4329	1805
4330	1881
4331	1803
4332	1863
4333	2021
4334	1889
4335	1894
4336	1895
4337	1856
4338	1899
4339	1890
4340	1853
4341	1856
4342	1835
4343	1832
4344	1847
4345	1814
4346	1785
4347	1832
4348	1798
4349	1876
4350	1714
4351	1802
4352	1787
4353	1832
4354	1790
4355	1771
4356	1779
4357	1871
4358	1792
4359	1808
4360	1857
4361	1801
4362	1824
4363	1842
4364	1893
4365	1834
4366	1811
4367	1801
4368	1856
4369	1808
4370	1777
4371	1880
4372	1853
4373	1773
4374	1798
4375	1749
4376	1866
4377	1774
4378	1709
4379	1759
4380	1761
4381	1687
4382	1770
4383	1754
4384	1787
4385	1670
4386	1615
4387	1677
4388	1748
4389	1682
4390	1765
4391	1746
4392	1766
4393	1880
4394	1883
4395	1789
4396	1781
4397	1736
4398	1809
4399	1757
4400	1799
4401	1686
4402	1741
4403	1720
4404	1640
4405	1779
4406	1816
4407	1736
4408	1716
4409	1624
4410	1639
4411	1665
4412	1700
4413	1778
4414	1707
4415	1699
4416	1778
4417	1589
4418	1847
4419	1744
4420	1729
4421	1680
4422	1718
4423	1676
4424	1737
4425	1659
4426	1772
4427	1709
4428	1750
4429	1719
4430	1701
4431	1759
4432	1721
4433	1619
4434	1775
4435	1710
4436	1723
4437	1732
4438	1597
4439	1652
4440	1609
4441	1712
4442	1661
4443	1694
4444	1597
4445	1674
4446	1580
4447	1579
4448	1685
4449	1715
4450	1632
4451	1711
4452	1630
4453	1629
4454	1604
4455	1713
4456	1574
4457	1514
4458	1658
4459	1677
4460	1586
4461	1629
4462	1657
4463	1553
4464	1661
4465	1622
4466	1649
4467	1623
4468	1523
4469	1606
4470	1592
4471	1641
4472	1642
4473	1700
4474	1708
4475	1591
4476	1648
4477	1717
4478	1589
4479	1639
4480	1690
4481	1662
4482	1585
4483	1679
4484	1675
4485	1617
4486	1581
4487	1649
4488	1630
4489	1685
4490	1644
4491	1607
4492	1617
4493	1649
4494	1705
4495	1654
4496	1652
4497	1632
4498	1647
4499	1584
4500	1572
4501	1687
4502	1626
4503	1571
4504	1727
4505	1599
4506	1693
4507	1656
4508	1539
4509	1714
4510	1716
4511	1527
4512	1581
4513	1647
4514	1590
4515	1569
4516	1633
4517	1626
4518	1662
4519	1539
4520	1499
4521	1600
4522	1567
4523	1533
4524	1715
4525	1597
4526	1661
4527	1615
4528	1580
4529	1618
4530	1638
4531	1548
4532	1589
4533	1657
4534	1561
4535	1614
4536	1668
4537	1691
4538	1493
4539	1614
4540	1570
4541	1612
4542	1667
4543	1577
4544	1500
4545	1557
4546	1603
4547	1611
4548	1646
4549	1497
4550	1516
4551	1503
4552	1539
4553	1670
4554	1616
4555	1574
4556	1499
4557	1571
4558	1572
4559	1590
4560	1616
4561	1580
4562	1603
4563	1630
4564	1541
4565	1574
4566	1574
4567	1573
4568	1563
4569	1599
4570	1626
4571	1505
4572	1560
4573	1565
4574	1560
4575	1560
4576	1594
4577	1562
4578	1703
4579	1590
4580	1533
4581	1608
4582	1478
4583	1569
4584	1611
4585	1660
4586	1571
4587	1643
4588	1576
4589	1545
4590	1667
4591	1620
4592	1621
4593	1623
4594	1599
4595	1629
4596	1610
4597	1557
4598	1590
4599	1615
4600	1603
4601	1659
4602	1639
4603	1610
4604	1614
4605	1726
4606	1680
4607	1581
4608	1523
4609	1631
4610	1553
4611	1548
4612	1526
4613	1655
4614	1535
4615	1681
4616	1682
4617	1683
4618	1697
4619	1692
4620	1635
4621	1670
4622	1629
4623	1677
4624	1708
4625	1783
4626	1769
4627	1774
4628	1766
4629	1777
4630	1763
4631	1716
4632	1781
4633	1787
4634	1795
4635	1908
4636	1743
4637	1671
4638	1689
4639	1796
4640	1659
4641	1731
4642	1641
4643	1710
4644	1765
4645	1758
4646	1706
4647	1688
4648	1648
4649	1815
4650	1730
4651	1612
4652	1649
4653	1670
4654	1904
4655	1770
4656	1679
4657	1790
4658	1766
4659	1790
4660	1794
4661	1673
4662	1848
4663	1746
4664	1776
4665	1644
4666	1675
4667	1795
4668	1663
4669	1671
4670	1621
4671	1736
4672	1702
4673	1754
4674	1715
4675	1700
4676	1707
4677	1661
4678	1715
4679	1567
4680	1694
4681	1711
4682	1647
4683	1713
4684	1693
4685	1765
4686	1693
4687	1707
4688	1677
4689	1632
4690	1612
4691	1626
4692	1705
4693	1650
4694	1650
4695	1615
4696	1676
4697	1553
4698	1616
4699	1542
4700	1679
4701	1580
4702	1456
4703	1622
4704	1653
4705	1591
4706	1608
4707	1609
4708	1493
4709	1700
4710	1577
4711	1608
4712	1497
4713	1584
4714	1521
4715	1482
4716	1606
4717	1614
4718	1552
4719	1542
4720	1543
4721	1567
4722	1505
4723	1473
4724	1544
4725	1569
4726	1600
4727	1466
4728	1507
4729	1553
4730	1608
4731	1684
4732	1651
4733	1566
4734	1614
4735	1605
4736	1624
4737	1586
4738	1501
4739	1502
4740	1628
4741	1627
4742	1575
4743	1492
4744	1469
4745	1693
4746	1723
4747	1597
4748	1582
4749	1575
4750	1716
4751	1601
4752	1670
4753	1598
4754	1594
4755	1726
4756	1615
4757	1631
4758	1559
4759	1752
4760	1651
4761	1639
4762	1677
4763	1645
4764	1678
4765	1558
4766	1708
4767	1604
4768	1699
4769	1756
4770	1715
4771	1777
4772	1597
4773	1624
4774	1602
4775	1664
4776	1716
4777	1612
4778	1711
4779	1558
4780	1676
4781	1689
4782	1765
4783	1551
4784	1663
4785	1675
4786	1622
4787	1670
4788	1550
4789	1561
4790	1609
4791	1621
4792	1732
4793	1644
4794	1567
4795	1748
4796	1663
4797	1613
4798	1708
4799	1672
4800	1714
4801	1706
4802	1564
4803	1704
4804	1626
4805	1633
4806	1664
4807	1564
4808	1577
4809	1625
4810	1685
4811	1621
4812	1622
4813	1576
4814	1610
4815	1747
4816	1769
4817	1663
4818	1755
4819	1707
4820	1615
4821	1625
4822	1792
4823	1717
4824	1728
4825	1722
4826	1697
4827	1604
4828	1603
4829	1695
4830	1731
4831	1710
4832	1595
4833	1588
4834	1730
4835	1701
4836	1811
4837	1675
4838	1676
4839	1738
4840	1972
4841	1780
4842	1668
4843	1715
4844	1738
4845	1903
4846	1684
4847	1623
4848	1711
4849	1663
4850	1787
4851	1814
4852	1895
4853	1928
4854	1991
4855	1581
4856	1603
4857	1523
4858	1631
4859	1620
4860	1624
4861	1616
4862	1677
4863	1588
4864	1698
4865	1674
4866	1544
4867	1648
4868	1502
4869	1699
4870	1654
4871	1536
4872	1687
4873	1570
4874	1660
4875	1555
4876	1555
4877	1536
4878	1565
4879	1472
4880	1489
4881	1620
4882	1647
4883	1480
4884	1575
4885	1448
4886	1620
4887	1611
4888	1577
4889	1604
4890	1564
4891	1461
4892	1488
4893	1701
4894	1558
4895	1516
4896	1473
4897	1424
4898	1600
4899	1480
4900	1610
4901	1531
4902	1433
4903	1499
4904	1501
4905	1517
4906	1492
4907	1511
4908	1670
4909	1603
4910	1622
4911	1504
4912	1634
4913	1510
4914	1478
4915	1466
4916	1598
4917	1466
4918	1505
4919	1592
4920	1557
4921	1603
4922	1579
4923	1476
4924	1495
4925	1593
4926	1385
4927	1514
4928	1459
4929	1451
4930	1512
4931	1426
4932	1531
4933	1457
4934	1573
4935	1537
4936	1467
4937	1579
4938	1406
4939	1541
4940	1509
4941	1450
4942	1583
4943	1520
4944	1430
4945	1509
4946	1417
4947	1496
4948	1548
4949	1597
4950	1670
4951	1522
4952	1462
4953	1450
4954	1506
4955	1478
4956	1555
4957	1513
4958	1486
4959	1605
4960	1533
4961	1592
4962	1540
4963	1492
4964	1623
4965	1551
4966	1537
4967	1510
4968	1509
4969	1523
4970	1417
4971	1490
4972	1463
4973	1535
4974	1577
4975	1613
4976	1445
4977	1480
4978	1549
4979	1467
4980	1482
4981	1560
4982	1441
4983	1455
4984	1439
4985	1448
4986	1417
4987	1519
4988	1395
4989	1532
4990	1440
4991	1521
4992	1381
4993	1376
4994	1476
4995	1534
4996	1542
4997	1476
4998	1441
4999	1421
5000	1446
5001	1457
5002	1487
5003	1479
5004	1449
5005	1542
5006	1420
5007	1446
5008	1358
5009	1426
5010	1505
5011	1443
5012	1372
5013	1449
5014	1469
5015	1493
5016	1496
5017	1546
5018	1485
5019	1440
5020	1441
5021	1438
5022	1468
5023	1474
5024	1508
5025	1370
5026	1432
5027	1520
5028	1532
5029	1284
5030	1489
5031	1389
5032	1513
5033	1420
5034	1368
5035	1414
5036	1442
5037	1300
5038	1299
5039	1335
5040	1387
5041	1405
5042	1408
5043	1447
5044	1447
5045	1454
5046	1363
5047	1356
5048	1458
5049	1395
5050	1380
5051	1360
5052	1396
5053	1297
5054	1397
5055	1365
5056	1428
5057	1413
5058	1440
5059	1450
5060	1282
5061	1325
5062	1326
5063	1359
5064	1357
5065	1282
5066	1391
5067	1389
5068	1250
5069	1331
5070	1377
5071	1436
5072	1458
5073	1305
5074	1411
5075	1393
5076	1344
5077	1452
5078	1331
5079	1323
5080	1368
5081	1370
5082	1286
5083	1356
5084	1325
5085	1282
5086	1339
5087	1410
5088	1380
5089	1308
5090	1319
5091	1346
5092	1415
5093	1323
5094	1328
5095	1370
5096	1416
5097	1400
5098	1398
5099	1443
5100	1378
5101	1372
5102	1361
5103	1361
5104	1310
5105	1379
5106	1404
5107	1356
5108	1336
5109	1325
5110	1325
5111	1350
5112	1295
5113	1273
5114	1331
5115	1269
5116	1374
5117	1320
5118	1334
5119	1397
5120	1319
5121	1371
5122	1286
5123	1418
5124	1288
5125	1382
5126	1387
5127	1324
5128	1327
5129	1281
5130	1252
5131	1332
5132	1367
5133	1363
5134	1302
5135	1288
5136	1317
5137	1370
5138	1296
5139	1401
5140	1411
5141	1268
5142	1324
5143	1439
5144	1373
5145	1461
5146	1335
5147	1378
5148	1355
5149	1394
5150	1310
5151	1320
5152	1361
5153	1309
5154	1370
5155	1306
5156	1337
5157	1483
5158	1340
5159	1346
5160	1404
5161	1396
5162	1381
5163	1331
5164	1360
5165	1432
5166	1362
5167	1351
5168	1309
5169	1408
5170	1392
5171	1351
5172	1360
5173	1312
5174	1285
5175	1336
5176	1308
5177	1294
5178	1320
5179	1396
5180	1411
5181	1362
5182	1331
5183	1348
5184	1399
5185	1368
5186	1389
5187	1351
5188	1321
5189	1372
5190	1404
5191	1254
5192	1291
5193	1367
5194	1324
5195	1313
5196	1306
5197	1362
5198	1284
5199	1377
5200	1408
5201	1384
5202	1380
5203	1407
5204	1289
5205	1254
5206	1422
5207	1390
5208	1307
5209	1510
5210	1361
5211	1245
5212	1309
5213	1326
5214	1363
5215	1239
5216	1398
5217	1377
5218	1362
5219	1315
5220	1341
5221	1390
5222	1307
5223	1298
5224	1381
5225	1417
5226	1306
5227	1367
5228	1408
5229	1326
5230	1386
5231	1374
5232	1431
5233	1414
5234	1465
5235	1502
5236	1382
5237	1379
5238	1360
5239	1422
5240	1319
5241	1420
5242	1346
5243	1372
5244	1413
5245	1445
5246	1516
5247	1351
5248	1357
5249	1433
5250	1366
5251	1321
5252	1476
5253	1343
5254	1288
5255	1406
5256	1455
5257	1357
5258	1346
5259	1435
5260	1424
5261	1367
5262	1370
5263	1398
5264	1279
5265	1346
5266	1404
5267	1278
5268	1354
5269	1416
5270	1281
5271	1395
5272	1224
5273	1370
5274	1377
5275	1341
5276	1327
5277	1291
5278	1346
5279	1183
5280	1346
5281	1370
5282	1403
5283	1191
5284	1366
5285	1318
5286	1339
5287	1329
5288	1318
5289	1304
5290	1328
5291	1365
5292	1382
5293	1252
5294	1321
5295	1315
5296	1385
5297	1282
5298	1377
5299	1337
5300	1367
5301	1314
5302	1327
5303	1323
5304	1300
5305	1286
5306	1340
5307	1425
5308	1293
5309	1300
5310	1324
5311	1287
5312	1356
5313	1248
5314	1286
5315	1335
5316	1272
5317	1318
5318	1348
5319	1298
5320	1277
5321	1271
5322	1230
5323	1215
5324	1282
5325	1278
5326	1344
5327	1239
5328	1242
5329	1209
5330	1176
5331	1184
5332	1261
5333	1271
5334	1251
5335	1285
5336	1309
5337	1312
5338	1225
5339	1288
5340	1250
5341	1313
5342	1306
5343	1272
5344	1292
5345	1155
5346	1276
5347	1267
5348	1243
5349	1224
5350	1281
5351	1292
5352	1252
5353	1280
5354	1282
5355	1304
5356	1353
5357	1267
5358	1324
5359	1254
5360	1347
5361	1218
5362	1309
5363	1287
5364	1257
5365	1294
5366	1344
5367	1288
5368	1385
5369	1254
5370	1342
5371	1259
5372	1353
5373	1316
5374	1330
5375	1229
5376	1271
5377	1334
5378	1191
5379	1300
5380	1342
5381	1358
5382	1341
5383	1247
5384	1370
5385	1321
5386	1343
5387	1339
5388	1380
5389	1328
5390	1329
5391	1380
5392	1385
5393	1353
5394	1495
5395	1485
5396	1397
5397	1387
5398	1491
5399	1405
5400	1481
5401	1478
5402	1462
5403	1442
5404	1563
5405	1365
5406	1500
5407	1431
5408	1901
5409	1806
5410	1556
5411	1383
5412	1397
5413	1351
5414	1369
5415	1401
5416	1293
5417	1480
5418	1503
5419	1396
5420	1377
5421	1463
5422	1458
5423	1531
5424	1511
5425	1509
5426	1516
5427	1318
5428	1456
5429	1470
5430	1393
5431	1367
5432	1411
5433	1345
5434	1474
5435	1421
5436	1402
5437	1480
5438	1490
5439	1537
5440	1507
5441	1477
5442	1471
5443	1454
5444	1446
5445	1443
5446	1532
5447	1558
5448	1585
5449	1450
5450	1519
5451	1519
5452	1426
5453	1455
5454	1540
5455	1417
5456	1441
5457	1570
5458	1665
5459	1472
5460	1445
5461	1471
5462	1423
5463	1487
5464	1559
5465	1464
5466	1516
5467	1462
5468	1380
5469	1480
5470	1580
5471	1420
5472	1529
5473	1578
5474	1558
5475	1694
5476	1602
5477	1570
5478	1620
5479	1700
5480	1469
5481	1665
5482	1543
5483	1562
5484	1584
5485	1500
5486	1520
5487	1662
5488	1665
5489	1495
5490	1638
5491	1520
5492	1637
5493	1583
5494	1650
5495	1454
5496	1482
5497	1585
5498	1535
5499	1476
5500	1506
5501	1451
5502	1597
5503	1529
5504	1573
5505	1385
5506	1420
5507	1485
5508	1477
5509	1383
5510	1565
5511	1449
5512	1477
5513	1466
5514	1525
5515	1453
5516	1453
5517	1443
5518	1584
5519	1516
5520	1499
5521	1548
5522	1528
5523	1480
5524	1430
5525	1478
5526	1497
5527	1435
5528	1445
5529	1453
5530	1514
5531	1477
5532	1490
5533	1545
5534	1546
5535	1628
5536	1582
5537	1474
5538	1593
5539	1532
5540	1527
5541	1520
5542	1504
5543	1554
5544	1460
5545	1383
5546	1524
5547	1410
5548	1542
5549	1538
5550	1508
5551	1574
5552	1570
5553	1486
5554	1498
5555	1487
5556	1639
5557	1521
5558	1602
5559	1521
5560	1529
5561	1415
5562	1531
5563	1449
5564	1468
5565	1439
5566	1466
5567	1458
5568	1418
5569	1414
5570	1509
5571	1490
5572	1493
5573	1530
5574	1594
5575	1512
5576	1376
5577	1474
5578	1517
5579	1401
5580	1523
5581	1488
5582	1542
5583	1441
5584	1481
5585	1474
5586	1526
5587	1531
5588	1528
5589	1498
5590	1543
5591	1442
5592	1416
5593	1443
5594	1554
5595	1437
5596	1491
5597	1589
5598	1436
5599	1492
5600	1468
5601	1587
5602	1668
5603	1541
5604	1582
5605	1597
5606	1632
5607	1547
5608	1511
5609	1469
5610	1484
5611	1655
5612	1490
5613	1496
5614	1525
5615	1658
5616	1489
5617	1385
5618	1465
5619	1516
5620	1485
5621	1599
5622	1413
5623	1460
5624	1528
5625	1497
5626	1479
5627	1545
5628	1431
5629	1659
5630	1436
5631	1499
5632	1511
5633	1617
5634	1534
5635	1472
5636	1437
5637	1383
5638	1407
5639	1439
5640	1484
5641	1423
5642	1540
5643	1362
5644	1448
5645	1483
5646	1361
5647	1470
5648	1486
5649	1443
5650	1527
5651	1682
5652	1480
5653	1450
5654	1427
5655	1404
5656	1475
5657	1426
5658	1396
5659	1442
5660	1412
5661	1469
5662	1504
5663	1454
5664	1403
5665	1418
5666	1374
5667	1430
5668	1386
5669	1296
5670	1294
5671	1387
5672	1311
5673	1459
5674	1405
5675	1384
5676	1321
5677	1413
5678	1425
5679	1388
5680	1299
5681	1382
5682	1335
5683	1352
5684	1358
5685	1443
5686	1457
5687	1351
5688	1444
5689	1370
5690	1410
5691	1343
5692	1367
5693	1442
5694	1346
5695	1413
5696	1373
5697	1388
5698	1405
5699	1395
5700	1342
5701	1341
5702	1436
5703	1369
5704	1406
5705	1332
5706	1408
5707	1336
5708	1358
5709	1359
5710	1325
5711	1299
5712	1350
5713	1287
5714	1246
5715	1306
5716	1456
5717	1385
5718	1259
5719	1352
5720	1212
5721	1394
5722	1360
5723	1339
5724	1152
5725	1303
5726	1137
5727	1275
5728	1293
5729	1304
5730	1205
5731	1149
5732	1225
5733	1222
5734	1201
5735	1200
5736	1267
5737	1215
5738	1293
5739	1222
5740	1221
5741	1309
5742	1185
5743	1254
5744	1289
5745	1210
5746	1238
5747	1184
5748	1318
5749	1161
5750	1186
5751	1213
5752	1223
5753	1265
5754	1220
5755	1243
5756	1224
5757	1196
5758	1272
5759	1193
5760	1263
5761	1161
5762	1243
5763	1242
5764	1263
5765	1215
5766	1358
5767	1283
5768	1227
5769	1232
5770	1257
5771	1240
5772	1215
5773	1208
5774	1321
5775	1242
5776	1197
5777	1178
5778	1237
5779	1317
5780	1297
5781	1228
5782	1176
5783	1255
5784	1287
5785	1167
5786	1256
5787	1315
5788	1212
5789	1183
5790	1167
5791	1190
5792	1241
5793	1190
5794	1206
5795	1185
5796	1170
5797	1203
5798	1280
5799	1216
5800	1226
5801	1288
5802	1158
5803	1240
5804	1184
5805	1211
5806	1156
5807	1264
5808	1212
5809	1208
5810	1224
5811	1223
5812	1187
5813	1248
5814	1207
5815	1218
5816	1227
5817	1276
5818	1140
5819	1233
5820	1163
5821	1293
5822	1216
5823	1255
5824	1202
5825	1311
5826	1231
5827	1245
5828	1207
5829	1214
5830	1238
5831	1269
5832	1360
5833	1346
5834	1300
5835	1237
5836	1284
5837	1205
5838	1230
5839	1265
5840	1225
5841	1297
5842	1348
5843	1293
5844	1323
5845	1261
5846	1254
5847	1301
5848	1350
5849	1260
5850	1284
5851	1252
5852	1232
5853	1226
5854	1274
5855	1219
5856	1234
5857	1212
5858	1204
5859	1270
5860	1245
5861	1237
5862	1243
5863	1249
5864	1310
5865	1326
5866	1268
5867	1249
5868	1243
5869	1255
5870	1189
5871	1195
5872	1248
5873	1343
5874	1160
5875	1228
5876	1280
5877	1258
5878	1220
5879	1212
5880	1230
5881	1139
5882	1278
5883	1207
5884	1276
5885	1271
5886	1240
5887	1183
5888	1199
5889	1231
5890	1231
5891	1304
5892	1186
5893	1261
5894	1295
5895	1230
5896	1143
5897	1195
5898	1248
5899	1138
5900	1284
5901	1277
5902	1200
5903	1134
5904	1172
5905	1206
5906	1235
5907	1247
5908	1212
5909	1256
5910	1197
5911	1178
5912	1197
5913	1213
5914	1177
5915	1117
5916	1245
5917	1160
5918	1118
5919	1169
5920	1133
5921	1188
5922	1208
5923	1140
5924	1289
5925	1131
5926	1207
5927	1182
5928	1265
5929	1217
5930	1163
5931	1186
5932	1232
5933	1212
5934	1170
5935	1256
5936	1172
5937	1204
5938	1195
5939	1188
5940	1199
5941	1195
5942	1245
5943	1159
5944	1209
5945	1160
5946	1221
5947	1166
5948	1139
5949	1192
5950	1113
5951	1237
5952	1224
5953	1164
5954	1202
5955	1142
5956	1175
5957	1093
5958	1193
5959	1149
5960	1212
5961	1202
5962	1135
5963	1223
5964	1117
5965	1261
5966	1225
5967	1145
5968	1210
5969	1213
5970	1185
5971	1237
5972	1232
5973	1164
5974	1090
5975	1160
5976	1115
5977	1219
5978	1260
5979	1198
5980	1160
5981	1199
5982	1188
5983	1104
5984	1082
5985	1185
5986	1148
5987	1261
5988	1116
5989	1172
5990	1276
5991	1158
5992	1203
5993	1183
5994	1148
5995	1185
5996	1213
5997	1196
5998	1214
5999	1171
6000	1146
6001	1311
6002	1278
6003	1195
6004	1222
6005	1240
6006	1245
6007	1248
6008	1173
6009	1176
6010	1283
6011	1204
6012	1209
6013	1239
6014	1228
6015	1210
6016	1199
6017	1193
6018	1159
6019	1228
6020	1110
6021	1169
6022	1185
6023	1072
6024	1176
6025	1221
6026	1164
6027	1166
6028	1251
6029	1095
6030	1195
6031	1208
6032	1181
6033	1200
6034	1230
6035	1224
6036	1228
6037	1096
6038	1117
6039	1162
6040	1226
6041	1112
6042	1033
6043	1170
6044	1092
6045	1132
6046	1088
6047	1220
6048	1019
6049	1201
6050	1227
6051	1093
6052	1101
6053	1109
6054	1140
6055	1096
6056	1108
6057	1121
6058	1191
6059	1144
6060	1086
6061	1045
6062	1175
6063	1109
6064	1064
6065	1055
6066	1119
6067	1066
6068	1078
6069	1127
6070	1092
6071	1074
6072	1189
6073	1042
6074	1095
6075	1056
6076	1169
6077	1078
6078	1111
6079	1131
6080	1145
6081	1072
6082	1150
6083	1089
6084	1121
6085	1036
6086	1140
6087	1158
6088	1132
6089	1136
6090	1134
6091	1015
6092	1080
6093	1103
6094	1148
6095	1126
6096	1032
6097	1076
6098	1081
6099	1065
6100	1081
6101	1117
6102	1089
6103	1102
6104	1036
6105	1159
6106	1136
6107	1112
6108	1153
6109	1100
6110	1068
6111	1098
6112	1062
6113	1132
6114	1139
6115	1190
6116	1133
6117	1085
6118	1106
6119	1161
6120	1132
6121	1058
6122	1110
6123	1064
6124	1151
6125	1073
6126	1154
6127	1071
6128	1138
6129	1152
6130	1150
6131	1054
6132	1076
6133	1136
6134	1096
6135	1150
6136	1082
6137	1142
6138	1085
6139	1166
6140	1142
6141	1066
6142	1113
6143	1054
6144	1077
6145	1014
6146	1114
6147	1081
6148	1097
6149	1093
6150	1024
6151	1048
6152	1123
6153	951
6154	1009
6155	1089
6156	1104
6157	1138
6158	965
6159	1054
6160	1042
6161	1011
6162	1074
6163	1051
6164	1042
6165	1010
6166	1088
6167	1084
6168	942
6169	1080
6170	1087
6171	1049
6172	983
6173	1023
6174	1042
6175	1046
6176	995
6177	945
6178	1009
6179	1078
6180	930
6181	935
6182	1008
6183	1007
6184	1007
6185	1038
6186	1039
6187	912
6188	983
6189	1028
6190	1005
6191	962
6192	1016
6193	1040
6194	984
6195	1003
6196	1039
6197	1014
6198	947
6199	1037
6200	914
6201	954
6202	990
6203	976
6204	1051
6205	1082
6206	973
6207	966
6208	1020
6209	1051
6210	1022
6211	914
6212	997
6213	1033
6214	961
6215	923
6216	1058
6217	1021
6218	980
6219	1030
6220	997
6221	1006
6222	940
6223	963
6224	952
6225	968
6226	988
6227	943
6228	918
6229	984
6230	1059
6231	1056
6232	931
6233	936
6234	1039
6235	1009
6236	1030
6237	1061
6238	975
6239	1001
6240	1008
6241	1057
6242	1020
6243	1019
6244	1087
6245	1094
6246	996
6247	959
6248	1002
6249	1059
6250	1032
6251	1037
6252	1038
6253	1003
6254	1044
6255	995
6256	1037
6257	993
6258	1043
6259	1087
6260	1031
6261	962
6262	1056
6263	966
6264	1018
6265	1067
6266	1042
6267	1000
6268	1001
6269	1064
6270	1055
6271	1015
6272	1074
6273	1019
6274	1138
6275	1027
6276	1094
6277	1019
6278	1002
6279	1015
6280	957
6281	984
6282	1000
6283	976
6284	1018
6285	1029
6286	1011
6287	948
6288	980
6289	985
6290	1049
6291	1033
6292	1098
6293	1099
6294	1033
6295	1043
6296	1003
6297	1011
6298	990
6299	973
6300	1033
6301	1034
6302	1030
6303	1117
6304	1088
6305	1046
6306	1065
6307	1015
6308	978
6309	994
6310	1013
6311	1005
6312	989
6313	1000
6314	940
6315	1052
6316	1063
6317	1021
6318	1019
6319	1040
6320	1101
6321	1083
6322	1060
6323	1010
6324	1057
6325	1059
6326	1088
6327	1047
6328	1069
6329	988
6330	1071
6331	1079
6332	1051
6333	1026
6334	1020
6335	1088
6336	1016
6337	1006
6338	1052
6339	1090
6340	1094
6341	1056
6342	1042
6343	1126
6344	1061
6345	1026
6346	1113
6347	1100
6348	990
6349	1076
6350	1052
6351	1112
6352	1071
6353	1131
6354	1178
6355	1130
6356	1135
6357	1036
6358	1060
6359	1116
6360	1013
6361	1046
6362	1003
6363	1049
6364	1057
6365	1102
6366	1120
6367	1186
6368	991
6369	1034
6370	1040
6371	1089
6372	1075
6373	1159
6374	1123
6375	1177
6376	1037
6377	1088
6378	1181
6379	1118
6380	1108
6381	1078
6382	1055
6383	1088
6384	1185
6385	1079
6386	1210
6387	1148
6388	1110
6389	1123
6390	1127
6391	1179
6392	1165
6393	1153
6394	1145
6395	1162
6396	1175
6397	1165
6398	1096
6399	1185
6400	1128
6401	1196
6402	1222
6403	1196
6404	1190
6405	1185
6406	1097
6407	1159
6408	1211
6409	1160
6410	1160
6411	1182
6412	1135
6413	1155
6414	1236
6415	1189
6416	1335
6417	1209
6418	1251
6419	1163
6420	1241
6421	1321
6422	1246
6423	1214
6424	1228
6425	1174
6426	1170
6427	1262
6428	1210
6429	1223
6430	1228
6431	1236
6432	1202
6433	1152
6434	1053
6435	1193
6436	1199
6437	1111
6438	1179
6439	1238
6440	1204
6441	1200
6442	1163
6443	1220
6444	1261
6445	1204
6446	1218
6447	1154
6448	1123
6449	1148
6450	1210
6451	1246
6452	1185
6453	1208
6454	1173
6455	1129
6456	1129
6457	1201
6458	1176
6459	1094
6460	1148
6461	1244
6462	1106
6463	1187
6464	1132
6465	1206
6466	1135
6467	1153
6468	1176
6469	1095
6470	1209
6471	1158
6472	1147
6473	1165
6474	1180
6475	1188
6476	1183
6477	1132
6478	1137
6479	1128
6480	1278
6481	1158
6482	1167
6483	1128
6484	1199
6485	1150
6486	1104
6487	1247
6488	1133
6489	1156
6490	1157
6491	1214
6492	1080
6493	1273
6494	1236
6495	1198
6496	1141
6497	1176
6498	1215
6499	1266
6500	1189
6501	1236
6502	1135
6503	1202
6504	1221
6505	1196
6506	1191
6507	1123
6508	1123
6509	1175
6510	1142
6511	1174
6512	1136
6513	1175
6514	1236
6515	1215
6516	1217
6517	1166
6518	1067
6519	1175
6520	1150
6521	1121
6522	1164
6523	1046
6524	1120
6525	1161
6526	1189
6527	1097
6528	1103
6529	1203
6530	1128
6531	1109
6532	1117
6533	1146
6534	1095
6535	1074
6536	1078
6537	1100
6538	1146
6539	1200
6540	1123
6541	1127
6542	1106
6543	1149
6544	1181
6545	1069
6546	1073
6547	1135
6548	1057
6549	1044
6550	1022
6551	1072
6552	1037
6553	1071
6554	1045
6555	1093
6556	1005
6557	1038
6558	1141
6559	1030
6560	1087
6561	1048
6562	1058
6563	1054
6564	1106
6565	1027
6566	1065
6567	1107
6568	1064
6569	1049
6570	1068
6571	980
6572	990
6573	1038
6574	1006
6575	921
6576	1062
6577	1054
6578	1023
6579	1109
6580	939
6581	975
6582	1007
6583	1014
6584	1088
6585	930
6586	1047
6587	1086
6588	1046
6589	990
6590	1019
6591	988
6592	951
6593	1006
6594	1013
6595	1030
6596	987
6597	980
6598	1034
6599	960
6600	1012
6601	940
6602	964
6603	975
6604	980
6605	962
6606	1051
6607	1014
6608	955
6609	999
6610	889
6611	918
6612	999
6613	1009
6614	954
6615	911
6616	991
6617	994
6618	943
6619	957
6620	870
6621	1011
6622	961
6623	972
6624	931
6625	961
6626	920
6627	878
6628	912
6629	974
6630	987
6631	922
6632	948
6633	1028
6634	944
6635	919
6636	850
6637	899
6638	918
6639	958
6640	843
6641	941
6642	856
6643	884
6644	891
6645	898
6646	955
6647	910
6648	979
6649	878
6650	964
6651	884
6652	930
6653	936
6654	925
6655	886
6656	835
6657	947
6658	940
6659	879
6660	919
6661	873
6662	908
6663	934
6664	959
6665	927
6666	889
6667	919
6668	868
6669	885
6670	858
6671	901
6672	883
6673	885
6674	909
6675	885
6676	907
6677	932
6678	915
6679	915
6680	848
6681	865
6682	835
6683	870
6684	879
6685	902
6686	877
6687	803
6688	879
6689	822
6690	927
6691	917
6692	871
6693	853
6694	869
6695	888
6696	908
6697	851
6698	975
6699	864
6700	806
6701	898
6702	853
6703	918
6704	845
6705	931
6706	937
6707	920
6708	1002
6709	864
6710	884
6711	906
6712	838
6713	867
6714	1005
6715	853
6716	891
6717	937
6718	950
6719	988
6720	948
6721	854
6722	926
6723	1019
6724	942
6725	1076
6726	1041
6727	999
6728	953
6729	960
6730	911
6731	971
6732	1001
6733	929
6734	984
6735	1023
6736	917
6737	912
6738	886
6739	871
6740	944
6741	966
6742	835
6743	981
6744	948
6745	915
6746	1001
6747	994
6748	876
6749	927
6750	937
6751	888
6752	880
6753	897
6754	930
6755	847
6756	959
6757	896
6758	920
6759	951
6760	960
6761	943
6762	801
6763	884
6764	874
6765	952
6766	969
6767	972
6768	899
6769	941
6770	866
6771	858
6772	915
6773	843
6774	952
6775	920

