## htsjdk.samtools.metrics.StringHeader
# CollectInsertSizeMetrics HISTOGRAM_FILE=/work/ugbogu/pipeline/data/nbl/GSE189367/results/picard/SRR17010971_insert_size_histogram.pdf MINIMUM_PCT=0.5 INPUT=/work/ugbogu/pipeline/data/nbl/GSE189367/results/star/SRR17010971.Aligned.sortedByCoord.out.bam OUTPUT=/work/ugbogu/pipeline/data/nbl/GSE189367/results/picard/SRR17010971_insert_size_metrics.txt    DEVIATIONS=10.0 METRIC_ACCUMULATION_LEVEL=[ALL_READS] INCLUDE_DUPLICATES=false ASSUME_SORTED=true STOP_AFTER=0 VERBOSITY=INFO QUIET=false VALIDATION_STRINGENCY=STRICT COMPRESSION_LEVEL=5 MAX_RECORDS_IN_RAM=500000 CREATE_INDEX=false CREATE_MD5_FILE=false USE_JDK_DEFLATER=false USE_JDK_INFLATER=false
## htsjdk.samtools.metrics.StringHeader
# Started on: Tue Apr 14 20:01:46 UTC 2026

## METRICS CLASS	picard.analysis.InsertSizeMetrics
MEDIAN_INSERT_SIZE	MODE_INSERT_SIZE	MEDIAN_ABSOLUTE_DEVIATION	MIN_INSERT_SIZE	MAX_INSERT_SIZE	MEAN_INSERT_SIZE	STANDARD_DEVIATION	READ_PAIRS	PAIR_ORIENTATION	WIDTH_OF_10_PERCENT	WIDTH_OF_20_PERCENT	WIDTH_OF_30_PERCENT	WIDTH_OF_40_PERCENT	WIDTH_OF_50_PERCENT	WIDTH_OF_60_PERCENT	WIDTH_OF_70_PERCENT	WIDTH_OF_80_PERCENT	WIDTH_OF_90_PERCENT	WIDTH_OF_95_PERCENT	WIDTH_OF_99_PERCENT	SAMPLE	LIBRARY	READ_GROUP
725	133	597	26	3070428	1217.631365	1558.705346	39761128	FR	567	907	1051	1133	1195	1505	3881	8511	23769	74691	160085			

## HISTOGRAM	java.lang.Integer
insert_size	All_Reads.fr_count
26	1
27	2
28	10
29	2
30	3
31	7
32	7
33	9
34	17
35	346
36	353
37	356
38	430
39	400
40	353
41	434
42	412
43	441
44	470
45	466
46	523
47	520
48	565
49	707
50	675
51	785
52	708
53	796
54	693
55	846
56	956
57	983
58	1180
59	1268
60	1408
61	1523
62	1676
63	1713
64	1809
65	1892
66	2095
67	2669
68	2937
69	3185
70	3643
71	4244
72	4268
73	5038
74	5440
75	10539
76	7340
77	7392
78	9080
79	8932
80	9442
81	10481
82	10902
83	12440
84	13982
85	14374
86	15760
87	16828
88	18500
89	20277
90	22265
91	24893
92	27659
93	29360
94	31704
95	34259
96	36489
97	40879
98	43714
99	47762
100	49758
101	53061
102	55327
103	59250
104	65024
105	69957
106	72619
107	75106
108	76854
109	81750
110	84201
111	85682
112	90246
113	91772
114	95721
115	98585
116	102338
117	104531
118	109922
119	110397
120	113218
121	120186
122	119272
123	122815
124	127095
125	124833
126	123912
127	125383
128	124576
129	124997
130	126719
131	127645
132	127350
133	132061
134	131711
135	128560
136	131011
137	130448
138	128968
139	131275
140	130350
141	129581
142	128954
143	128482
144	127301
145	127591
146	124852
147	124373
148	125225
149	122497
150	121297
151	122913
152	120383
153	119412
154	119061
155	119253
156	117999
157	116205
158	115942
159	112936
160	113531
161	110908
162	111301
163	108688
164	107612
165	105982
166	106258
167	104191
168	102526
169	103126
170	103079
171	100788
172	99889
173	98098
174	95793
175	95600
176	94935
177	92602
178	92821
179	92114
180	90932
181	90130
182	88666
183	86446
184	85992
185	84212
186	82762
187	83551
188	82415
189	82407
190	80508
191	80387
192	79223
193	77232
194	76564
195	73858
196	73369
197	73938
198	71654
199	72262
200	71988
201	70980
202	70149
203	69850
204	67793
205	67300
206	66263
207	65693
208	65659
209	65090
210	63684
211	63674
212	63226
213	61753
214	61576
215	61023
216	60250
217	59713
218	59030
219	58444
220	57775
221	57306
222	56346
223	55799
224	54608
225	54879
226	54480
227	54320
228	53066
229	52893
230	53324
231	52036
232	51978
233	52664
234	51139
235	50695
236	49872
237	49709
238	48470
239	47865
240	46857
241	47354
242	46501
243	45741
244	44815
245	44375
246	44815
247	43087
248	44162
249	41931
250	42855
251	42247
252	41606
253	41298
254	41329
255	40055
256	39772
257	40330
258	39862
259	38946
260	38794
261	37968
262	38564
263	38564
264	37226
265	37672
266	36991
267	36216
268	36067
269	36105
270	35607
271	35234
272	34208
273	33786
274	33665
275	33169
276	33207
277	32612
278	32618
279	32727
280	31897
281	31916
282	31118
283	31119
284	31330
285	30380
286	29895
287	29192
288	29499
289	29118
290	28650
291	28560
292	28620
293	28229
294	27693
295	27324
296	27949
297	27063
298	26727
299	27045
300	26031
301	25504
302	25074
303	25736
304	25291
305	25079
306	24888
307	24981
308	24696
309	24993
310	24003
311	23689
312	23180
313	23539
314	23568
315	22925
316	23210
317	22636
318	21970
319	22029
320	21530
321	22045
322	21466
323	21544
324	21252
325	20405
326	20610
327	20056
328	20560
329	20120
330	20236
331	20186
332	19655
333	19558
334	19451
335	19373
336	19211
337	19020
338	19033
339	18689
340	18552
341	18863
342	18381
343	18052
344	17840
345	17870
346	17753
347	17369
348	17514
349	17442
350	17301
351	17011
352	17214
353	16827
354	17142
355	16480
356	16374
357	16555
358	16268
359	16553
360	16167
361	15846
362	16143
363	15897
364	15445
365	15127
366	15467
367	15504
368	15713
369	15268
370	15013
371	14705
372	14468
373	14746
374	14731
375	14220
376	14312
377	14561
378	14266
379	13920
380	13781
381	13844
382	13456
383	14000
384	13678
385	14117
386	13801
387	13577
388	12896
389	13244
390	13106
391	13039
392	12989
393	13084
394	12876
395	12944
396	13062
397	12401
398	12520
399	12244
400	12486
401	12423
402	12142
403	12294
404	12280
405	11898
406	11852
407	11534
408	11522
409	11656
410	11575
411	11272
412	11615
413	11589
414	11885
415	10892
416	11403
417	11161
418	11304
419	11138
420	11084
421	10994
422	11099
423	10967
424	10809
425	11313
426	11047
427	11060
428	11043
429	11207
430	10969
431	10788
432	10688
433	10635
434	10672
435	10238
436	10125
437	10165
438	10236
439	10349
440	10335
441	10547
442	10666
443	10289
444	10482
445	10256
446	10252
447	10246
448	10085
449	10330
450	9904
451	9808
452	10004
453	9993
454	10371
455	10166
456	9907
457	9473
458	9575
459	9562
460	9495
461	9661
462	9516
463	9426
464	9341
465	9255
466	9462
467	9138
468	9513
469	9096
470	9150
471	8970
472	9230
473	8985
474	9034
475	9074
476	9222
477	9215
478	8814
479	8902
480	8840
481	8710
482	8873
483	8706
484	8407
485	8980
486	8632
487	8689
488	8809
489	8895
490	8815
491	8892
492	8787
493	8663
494	8354
495	8677
496	8410
497	8364
498	8638
499	8546
500	8424
501	8518
502	8385
503	8474
504	8619
505	8895
506	8466
507	8689
508	8721
509	8683
510	8557
511	8835
512	8353
513	8636
514	8448
515	8407
516	8513
517	8315
518	8541
519	8891
520	8537
521	8633
522	8573
523	8391
524	8698
525	8376
526	8288
527	8519
528	8452
529	8560
530	7955
531	8118
532	8140
533	8279
534	8089
535	8433
536	8603
537	8601
538	8350
539	8412
540	8464
541	8344
542	8321
543	8549
544	8026
545	8401
546	8239
547	8115
548	8004
549	8270
550	8306
551	7880
552	7883
553	7923
554	7897
555	8218
556	8398
557	8237
558	8071
559	7985
560	7979
561	7694
562	8084
563	8213
564	7935
565	8020
566	7942
567	8076
568	8009
569	7901
570	7677
571	8021
572	7945
573	7996
574	7833
575	7591
576	7853
577	7863
578	8124
579	7730
580	7711
581	7886
582	7929
583	8042
584	7736
585	7890
586	7909
587	7591
588	7604
589	7563
590	7563
591	7823
592	7821
593	7864
594	7671
595	7647
596	7648
597	8062
598	8047
599	7713
600	7865
601	7656
602	7393
603	7414
604	7342
605	7721
606	7551
607	7838
608	7428
609	7371
610	7209
611	7490
612	7393
613	7178
614	7470
615	7395
616	7448
617	7585
618	7412
619	7300
620	7457
621	7364
622	7200
623	7173
624	7688
625	7707
626	7401
627	7617
628	7184
629	7127
630	7203
631	7075
632	7272
633	7275
634	7435
635	7351
636	7383
637	7280
638	7166
639	7401
640	7177
641	7146
642	7256
643	6976
644	7035
645	7115
646	7101
647	7248
648	7025
649	7475
650	7157
651	7013
652	7001
653	7080
654	6903
655	7137
656	7147
657	7214
658	7275
659	7151
660	7339
661	7303
662	6913
663	6993
664	7164
665	7220
666	7222
667	7085
668	7142
669	7511
670	7226
671	7296
672	7214
673	7012
674	6911
675	7078
676	7013
677	6884
678	7257
679	6819
680	7012
681	7009
682	7269
683	7078
684	6965
685	7128
686	6750
687	6827
688	6792
689	6758
690	7304
691	7120
692	7222
693	7186
694	7311
695	7276
696	7207
697	7054
698	7258
699	6937
700	7041
701	7247
702	7206
703	7158
704	7108
705	7062
706	6776
707	6952
708	7366
709	7016
710	7234
711	7030
712	7102
713	6751
714	7030
715	7106
716	7100
717	7070
718	6856
719	6875
720	6681
721	6850
722	6680
723	6814
724	6912
725	7166
726	7121
727	7058
728	6884
729	6649
730	6743
731	6965
732	6874
733	7329
734	6917
735	7081
736	6937
737	6860
738	6622
739	6508
740	6798
741	6763
742	7021
743	6945
744	6612
745	6740
746	6539
747	6612
748	6707
749	6627
750	6640
751	6701
752	6497
753	6549
754	6667
755	6627
756	6669
757	6761
758	6533
759	6393
760	6749
761	6593
762	6812
763	6779
764	6580
765	6658
766	6629
767	6512
768	6856
769	6648
770	6558
771	6606
772	6424
773	6684
774	6654
775	6460
776	6508
777	6465
778	6434
779	6412
780	6545
781	6502
782	6644
783	6462
784	6233
785	6477
786	6608
787	6665
788	6605
789	6376
790	6292
791	6405
792	6338
793	6529
794	6561
795	6523
796	6404
797	6719
798	6715
799	6498
800	6233
801	6351
802	6514
803	6626
804	6676
805	6617
806	6680
807	6360
808	6456
809	6096
810	6282
811	6255
812	6038
813	6079
814	6504
815	6376
816	6272
817	6302
818	6063
819	6386
820	5862
821	6093
822	6089
823	6193
824	6034
825	6038
826	6146
827	6193
828	6266
829	6057
830	6550
831	6094
832	6091
833	6140
834	6258
835	6132
836	6362
837	6663
838	6174
839	6449
840	6099
841	6247
842	6194
843	6299
844	6069
845	6120
846	6332
847	6085
848	6258
849	6095
850	5976
851	6010
852	5935
853	6097
854	5976
855	5917
856	6160
857	6205
858	6282
859	6101
860	6237
861	5943
862	6053
863	5923
864	6361
865	5981
866	6131
867	6405
868	6091
869	6320
870	6045
871	6230
872	6088
873	6074
874	6179
875	5885
876	6030
877	6262
878	5972
879	6012
880	5938
881	5943
882	6026
883	6155
884	5933
885	6175
886	5993
887	6030
888	5996
889	5943
890	5826
891	5959
892	6099
893	6019
894	6005
895	5873
896	5863
897	6041
898	5736
899	5746
900	5885
901	5906
902	5920
903	5890
904	5943
905	5891
906	5969
907	5820
908	6163
909	5861
910	5745
911	5811
912	5845
913	5884
914	5803
915	5704
916	5912
917	5887
918	5631
919	5726
920	5960
921	6028
922	6003
923	5924
924	5890
925	5755
926	5865
927	6084
928	5815
929	5891
930	5773
931	5813
932	5828
933	5925
934	5834
935	5981
936	5813
937	5923
938	5994
939	5958
940	5761
941	5912
942	5890
943	5652
944	5796
945	6095
946	5632
947	5689
948	6153
949	5806
950	5939
951	5652
952	5911
953	5603
954	5637
955	6085
956	5679
957	5796
958	5572
959	5666
960	5622
961	5782
962	5793
963	5620
964	5535
965	5600
966	5837
967	5845
968	5453
969	5549
970	5563
971	5398
972	5561
973	5830
974	5752
975	5806
976	5701
977	5719
978	5594
979	5719
980	5536
981	5711
982	5421
983	5568
984	5402
985	5496
986	5425
987	5566
988	5496
989	5471
990	5717
991	5332
992	5477
993	5490
994	5582
995	5338
996	5440
997	5591
998	5488
999	5390
1000	5407
1001	5523
1002	5489
1003	5223
1004	5256
1005	5393
1006	5222
1007	5488
1008	5213
1009	5419
1010	5366
1011	5201
1012	5302
1013	5384
1014	5388
1015	5534
1016	5425
1017	5206
1018	5560
1019	5311
1020	5215
1021	5286
1022	5255
1023	5074
1024	5121
1025	5250
1026	5333
1027	5316
1028	5292
1029	5275
1030	5083
1031	4920
1032	4949
1033	5166
1034	5216
1035	5023
1036	5160
1037	5187
1038	5065
1039	5180
1040	4984
1041	5094
1042	4995
1043	5119
1044	4814
1045	5231
1046	4865
1047	5280
1048	5205
1049	5054
1050	5141
1051	5008
1052	5279
1053	4958
1054	4822
1055	5169
1056	5168
1057	5030
1058	5007
1059	4747
1060	4954
1061	4988
1062	5125
1063	4958
1064	4994
1065	4745
1066	5034
1067	5031
1068	4860
1069	4944
1070	4922
1071	4963
1072	4845
1073	4881
1074	4734
1075	4906
1076	4823
1077	4827
1078	4917
1079	4707
1080	5018
1081	5068
1082	4900
1083	4849
1084	4881
1085	4891
1086	4757
1087	4989
1088	4915
1089	4834
1090	4650
1091	4770
1092	4718
1093	4953
1094	4855
1095	5032
1096	4733
1097	4785
1098	4681
1099	4937
1100	4960
1101	4956
1102	4849
1103	4766
1104	4710
1105	4975
1106	4810
1107	4979
1108	4864
1109	4995
1110	5012
1111	4962
1112	5008
1113	5012
1114	5083
1115	4968
1116	4939
1117	4980
1118	4868
1119	4680
1120	4892
1121	4972
1122	5205
1123	4955
1124	4935
1125	4967
1126	4769
1127	4790
1128	4868
1129	5085
1130	4919
1131	4945
1132	4863
1133	4844
1134	4954
1135	5156
1136	5077
1137	4925
1138	5058
1139	4917
1140	4882
1141	5051
1142	5102
1143	4965
1144	5071
1145	5146
1146	5027
1147	4728
1148	4890
1149	4924
1150	4762
1151	5139
1152	4902
1153	5107
1154	5070
1155	4896
1156	5233
1157	5133
1158	5217
1159	5145
1160	5178
1161	5153
1162	5202
1163	5311
1164	5066
1165	5016
1166	4944
1167	5142
1168	5047
1169	4948
1170	4814
1171	4779
1172	4730
1173	4759
1174	4939
1175	4868
1176	4736
1177	4731
1178	4944
1179	4936
1180	5050
1181	4678
1182	4871
1183	4916
1184	5010
1185	5105
1186	5088
1187	4809
1188	4842
1189	4800
1190	4862
1191	5053
1192	4832
1193	4793
1194	4869
1195	4809
1196	4892
1197	4682
1198	4988
1199	5006
1200	4816
1201	4735
1202	4910
1203	4649
1204	4919
1205	4744
1206	4730
1207	4922
1208	4961
1209	4770
1210	4834
1211	4896
1212	5017
1213	4779
1214	4771
1215	4750
1216	4938
1217	4937
1218	5010
1219	4824
1220	4813
1221	4730
1222	4919
1223	4875
1224	5047
1225	4651
1226	4836
1227	5141
1228	4975
1229	4948
1230	5081
1231	4906
1232	4964
1233	4893
1234	4845
1235	5024
1236	4785
1237	5086
1238	4816
1239	4917
1240	4921
1241	4891
1242	4877
1243	4924
1244	4845
1245	4603
1246	4795
1247	4685
1248	4762
1249	4640
1250	4943
1251	4803
1252	4867
1253	4961
1254	5083
1255	4986
1256	4971
1257	5161
1258	5087
1259	5096
1260	5031
1261	4848
1262	4929
1263	5150
1264	5113
1265	5331
1266	5144
1267	5278
1268	4829
1269	5160
1270	4756
1271	4857
1272	5094
1273	5124
1274	4812
1275	4884
1276	4742
1277	4893
1278	4877
1279	4815
1280	4724
1281	4759
1282	4698
1283	4906
1284	4795
1285	4661
1286	4903
1287	4632
1288	4751
1289	4719
1290	4754
1291	4864
1292	4701
1293	4783
1294	4767
1295	4589
1296	4925
1297	4724
1298	4615
1299	5107
1300	4808
1301	4959
1302	5002
1303	4937
1304	4874
1305	5007
1306	5010
1307	4846
1308	4957
1309	5006
1310	4991
1311	4910
1312	4974
1313	4918
1314	5211
1315	5777
1316	5483
1317	5500
1318	5214
1319	5345
1320	5100
1321	5123
1322	5108
1323	5008
1324	5836
1325	6161
1326	6206
1327	5541
1328	5763
1329	5713
1330	4844
1331	5318
1332	5384
1333	5141
1334	5157
1335	5665
1336	5277
1337	5455
1338	5057
1339	4744
1340	5257
1341	4714
1342	5278
1343	5127
1344	4423
1345	4738
1346	4754
1347	4755
1348	4564
1349	4445
1350	4322
1351	4455
1352	4639
1353	4569
1354	4484
1355	4416
1356	4526
1357	4582
1358	4457
1359	4543
1360	4420
1361	4433
1362	4488
1363	4436
1364	4409
1365	4329
1366	4202
1367	4452
1368	4363
1369	4294
1370	4220
1371	4357
1372	4447
1373	4380
1374	4210
1375	4287
1376	4297
1377	4308
1378	4451
1379	4536
1380	4225
1381	4354
1382	4215
1383	4486
1384	4297
1385	4301
1386	4524
1387	4320
1388	4137
1389	4196
1390	4239
1391	4077
1392	4227
1393	4107
1394	4219
1395	4365
1396	4119
1397	4264
1398	4363
1399	4195
1400	4179
1401	4248
1402	4175
1403	4206
1404	4314
1405	4076
1406	4332
1407	4148
1408	4088
1409	4181
1410	4143
1411	4146
1412	4160
1413	4027
1414	4145
1415	4205
1416	4023
1417	4158
1418	4218
1419	4071
1420	4160
1421	4071
1422	4169
1423	4038
1424	4257
1425	4204
1426	4135
1427	4039
1428	3981
1429	4235
1430	4195
1431	4356
1432	4217
1433	4186
1434	4124
1435	4195
1436	4163
1437	4208
1438	4158
1439	4057
1440	4102
1441	4149
1442	3966
1443	4212
1444	4235
1445	4001
1446	4272
1447	4249
1448	4091
1449	4269
1450	4197
1451	4252
1452	4182
1453	4264
1454	4208
1455	4225
1456	4055
1457	4222
1458	4243
1459	4273
1460	4152
1461	4357
1462	4207
1463	4323
1464	4151
1465	4208
1466	4344
1467	4289
1468	4207
1469	4360
1470	4294
1471	4224
1472	4429
1473	4303
1474	4391
1475	4390
1476	4393
1477	4419
1478	4234
1479	4305
1480	4118
1481	4216
1482	4252
1483	4334
1484	4251
1485	4129
1486	4350
1487	4386
1488	4143
1489	4456
1490	4434
1491	4297
1492	4731
1493	4538
1494	4646
1495	4466
1496	4572
1497	4343
1498	4506
1499	4809
1500	4619
1501	4572
1502	4344
1503	4352
1504	4495
1505	4285
1506	4353
1507	4680
1508	4428
1509	4242
1510	4365
1511	4489
1512	4282
1513	4375
1514	4364
1515	4260
1516	4337
1517	4511
1518	4266
1519	4354
1520	4506
1521	4441
1522	4217
1523	4436
1524	4301
1525	4591
1526	4507
1527	4510
1528	4336
1529	4267
1530	4284
1531	4625
1532	4500
1533	4508
1534	4313
1535	4408
1536	4358
1537	4556
1538	4444
1539	4602
1540	4458
1541	4584
1542	4542
1543	4309
1544	4348
1545	4268
1546	4511
1547	4312
1548	4430
1549	4547
1550	4428
1551	4447
1552	4565
1553	4537
1554	4647
1555	4509
1556	4672
1557	4737
1558	4516
1559	4622
1560	4670
1561	4480
1562	4395
1563	4703
1564	4409
1565	4472
1566	4275
1567	4569
1568	4231
1569	4408
1570	4594
1571	4627
1572	4282
1573	4537
1574	4439
1575	4685
1576	4077
1577	4158
1578	4171
1579	4157
1580	4212
1581	4374
1582	4476
1583	4344
1584	4564
1585	4430
1586	4413
1587	4668
1588	4289
1589	4240
1590	4332
1591	4448
1592	4342
1593	4449
1594	4361
1595	4225
1596	4251
1597	4071
1598	3997
1599	4335
1600	4262
1601	4168
1602	4173
1603	4409
1604	4263
1605	4330
1606	4268
1607	4465
1608	4031
1609	4319
1610	4034
1611	4096
1612	4034
1613	4028
1614	3972
1615	4284
1616	4206
1617	3960
1618	4001
1619	4013
1620	4041
1621	4413
1622	3962
1623	4046
1624	4143
1625	4195
1626	4090
1627	4081
1628	4039
1629	4036
1630	4034
1631	4215
1632	4138
1633	4033
1634	4012
1635	4126
1636	3983
1637	3937
1638	4053
1639	4176
1640	4223
1641	4135
1642	4160
1643	4138
1644	4140
1645	4031
1646	4189
1647	3976
1648	3997
1649	4109
1650	3956
1651	4061
1652	4008
1653	4033
1654	4142
1655	3866
1656	3908
1657	4125
1658	4013
1659	3867
1660	3948
1661	4150
1662	4057
1663	4090
1664	4022
1665	4179
1666	4163
1667	4205
1668	3961
1669	3833
1670	4238
1671	4018
1672	4251
1673	4343
1674	4195
1675	3909
1676	3948
1677	4031
1678	4030
1679	4005
1680	4099
1681	4076
1682	3968
1683	4230
1684	3912
1685	3860
1686	3993
1687	4097
1688	4315
1689	3970
1690	4020
1691	3993
1692	4274
1693	4220
1694	4051
1695	4128
1696	4016
1697	4170
1698	4279
1699	4178
1700	4115
1701	4054
1702	4021
1703	4010
1704	4041
1705	4237
1706	4228
1707	4375
1708	4144
1709	4174
1710	4346
1711	4152
1712	4182
1713	4027
1714	4167
1715	4176
1716	4288
1717	4110
1718	4072
1719	4007
1720	3835
1721	4016
1722	4070
1723	4047
1724	4037
1725	3860
1726	4087
1727	4050
1728	3872
1729	4080
1730	3988
1731	3944
1732	4130
1733	4128
1734	4094
1735	4193
1736	3881
1737	3950
1738	4231
1739	4126
1740	4054
1741	3962
1742	3757
1743	3959
1744	4046
1745	3919
1746	4009
1747	4171
1748	4112
1749	4113
1750	4090
1751	3911
1752	3749
1753	4056
1754	4173
1755	3919
1756	3996
1757	3874
1758	3817
1759	4001
1760	4032
1761	4048
1762	3971
1763	4019
1764	3831
1765	3928
1766	3858
1767	4026
1768	3811
1769	3982
1770	3909
1771	3886
1772	3952
1773	4008
1774	3969
1775	3945
1776	3687
1777	3737
1778	3887
1779	3791
1780	3698
1781	3743
1782	3630
1783	3760
1784	3687
1785	3564
1786	3534
1787	3729
1788	3698
1789	3703
1790	3606
1791	3537
1792	3668
1793	3575
1794	3793
1795	3586
1796	3502
1797	3552
1798	3481
1799	3746
1800	3481
1801	3532
1802	3509
1803	3554
1804	3501
1805	3608
1806	3597
1807	3468
1808	3582
1809	3665
1810	3892
1811	3820
1812	3446
1813	3507
1814	3589
1815	3529
1816	3479
1817	3613
1818	3402
1819	3706
1820	3508
1821	3582
1822	3648
1823	3706
1824	3546
1825	3486
1826	3459
1827	3546
1828	3349
1829	3379
1830	3296
1831	3531
1832	3552
1833	3508
1834	3402
1835	3540
1836	3390
1837	3325
1838	3489
1839	3318
1840	3579
1841	3229
1842	3377
1843	3492
1844	3323
1845	3466
1846	3433
1847	3369
1848	3451
1849	3386
1850	3333
1851	3391
1852	3358
1853	3296
1854	3473
1855	3422
1856	3340
1857	3563
1858	3342
1859	3458
1860	3505
1861	3538
1862	3534
1863	3574
1864	3446
1865	3486
1866	3247
1867	3524
1868	3538
1869	3506
1870	3374
1871	3353
1872	3302
1873	3456
1874	3304
1875	3387
1876	3276
1877	3270
1878	3320
1879	3429
1880	3333
1881	3418
1882	3316
1883	3377
1884	3505
1885	3375
1886	3410
1887	3291
1888	3576
1889	3354
1890	3411
1891	3285
1892	3503
1893	3370
1894	3435
1895	3398
1896	3557
1897	3400
1898	3491
1899	3430
1900	3340
1901	3705
1902	3449
1903	3401
1904	3415
1905	3253
1906	3366
1907	3278
1908	3373
1909	3513
1910	3384
1911	3321
1912	3323
1913	3296
1914	3445
1915	3522
1916	3365
1917	3463
1918	3495
1919	3596
1920	3473
1921	3409
1922	3637
1923	3498
1924	3396
1925	3508
1926	3501
1927	3411
1928	3337
1929	3585
1930	3462
1931	3277
1932	3324
1933	3340
1934	3290
1935	3491
1936	3560
1937	3233
1938	3569
1939	3331
1940	3526
1941	3518
1942	3468
1943	3507
1944	3234
1945	3492
1946	3323
1947	3371
1948	3447
1949	3317
1950	3475
1951	3284
1952	3450
1953	3567
1954	3394
1955	3319
1956	3466
1957	3490
1958	3452
1959	3367
1960	3445
1961	3428
1962	3456
1963	3411
1964	3300
1965	3476
1966	3535
1967	3418
1968	3584
1969	3457
1970	3600
1971	3566
1972	3415
1973	3570
1974	3506
1975	3532
1976	3503
1977	3651
1978	3733
1979	3731
1980	3613
1981	3636
1982	3825
1983	3607
1984	3433
1985	3581
1986	3454
1987	3720
1988	3658
1989	3486
1990	3786
1991	3569
1992	3792
1993	3824
1994	3902
1995	3875
1996	3841
1997	3693
1998	3762
1999	3643
2000	3831
2001	3701
2002	3925
2003	3622
2004	3816
2005	3706
2006	3760
2007	3637
2008	4056
2009	3731
2010	3860
2011	3550
2012	3680
2013	3770
2014	3851
2015	3772
2016	3925
2017	3722
2018	3707
2019	3789
2020	3782
2021	3837
2022	3880
2023	3754
2024	3790
2025	3849
2026	3562
2027	3942
2028	3675
2029	3894
2030	3783
2031	3591
2032	3707
2033	3635
2034	3663
2035	3579
2036	3851
2037	3648
2038	3740
2039	3580
2040	3729
2041	3568
2042	3618
2043	3752
2044	3670
2045	3639
2046	3743
2047	3796
2048	3821
2049	3520
2050	3726
2051	3721
2052	3577
2053	3533
2054	3673
2055	3576
2056	3634
2057	3767
2058	3769
2059	3597
2060	3646
2061	3455
2062	3810
2063	3613
2064	3807
2065	3465
2066	3624
2067	3431
2068	3611
2069	3462
2070	3585
2071	3601
2072	3465
2073	3439
2074	3402
2075	3340
2076	3467
2077	3349
2078	3376
2079	3505
2080	3410
2081	3415
2082	3332
2083	3531
2084	3410
2085	3389
2086	3449
2087	3315
2088	3438
2089	3491
2090	3395
2091	3290
2092	3589
2093	3155
2094	3350
2095	3366
2096	3240
2097	3415
2098	3287
2099	3393
2100	3410
2101	3398
2102	3399
2103	3173
2104	3339
2105	3224
2106	3225
2107	3230
2108	3163
2109	3225
2110	3251
2111	3360
2112	3354
2113	3260
2114	3235
2115	3268
2116	3228
2117	3203
2118	2995
2119	3134
2120	3030
2121	3205
2122	3151
2123	3106
2124	3198
2125	3130
2126	3132
2127	3204
2128	3190
2129	2981
2130	3374
2131	3390
2132	3214
2133	3290
2134	3169
2135	3377
2136	3039
2137	3197
2138	3279
2139	3162
2140	3233
2141	3075
2142	3139
2143	3272
2144	3250
2145	3078
2146	3115
2147	3303
2148	2964
2149	2964
2150	3098
2151	3107
2152	3091
2153	3110
2154	3075
2155	3001
2156	3083
2157	2878
2158	3065
2159	3146
2160	3091
2161	3031
2162	3174
2163	3108
2164	2885
2165	3011
2166	3033
2167	2988
2168	3006
2169	3036
2170	3060
2171	3111
2172	2995
2173	3103
2174	3326
2175	3174
2176	3059
2177	3076
2178	3111
2179	3233
2180	3013
2181	3148
2182	3050
2183	2921
2184	2917
2185	3184
2186	3088
2187	3038
2188	2933
2189	3080
2190	3152
2191	3012
2192	2913
2193	3007
2194	2899
2195	3072
2196	3059
2197	2984
2198	3192
2199	2949
2200	3114
2201	3002
2202	3135
2203	3121
2204	3100
2205	3193
2206	3150
2207	3124
2208	3092
2209	3253
2210	3083
2211	3102
2212	3107
2213	2994
2214	3101
2215	3120
2216	2882
2217	3043
2218	3006
2219	2934
2220	2993
2221	2974
2222	2996
2223	3052
2224	2940
2225	2967
2226	3237
2227	3099
2228	3005
2229	2854
2230	3016
2231	3075
2232	3016
2233	3146
2234	3182
2235	3130
2236	3116
2237	3238
2238	3134
2239	3094
2240	2922
2241	3068
2242	3292
2243	3313
2244	3180
2245	3097
2246	3053
2247	3113
2248	3245
2249	3067
2250	3186
2251	3224
2252	3039
2253	2985
2254	3195
2255	3166
2256	3044
2257	3075
2258	3136
2259	3106
2260	3162
2261	3043
2262	3123
2263	3173
2264	3199
2265	3203
2266	2998
2267	3033
2268	3094
2269	3157
2270	3185
2271	3043
2272	3002
2273	3135
2274	2977
2275	3009
2276	3070
2277	3062
2278	3207
2279	3014
2280	3080
2281	3054
2282	2719
2283	2947
2284	3044
2285	2901
2286	3050
2287	3069
2288	2990
2289	2948
2290	3026
2291	3074
2292	2908
2293	3008
2294	2848
2295	3067
2296	3122
2297	3295
2298	3069
2299	2954
2300	2899
2301	2933
2302	2976
2303	2920
2304	2834
2305	2999
2306	2989
2307	2893
2308	2962
2309	2771
2310	2815
2311	2873
2312	2876
2313	2879
2314	2772
2315	2994
2316	3018
2317	2919
2318	3094
2319	3033
2320	3023
2321	2960
2322	2916
2323	2891
2324	2882
2325	2937
2326	2983
2327	2909
2328	3032
2329	3089
2330	2776
2331	2844
2332	2891
2333	2794
2334	2746
2335	3005
2336	2896
2337	2970
2338	2903
2339	2950
2340	2908
2341	2856
2342	2911
2343	2810
2344	2785
2345	2807
2346	2750
2347	2709
2348	2963
2349	2856
2350	2736
2351	2765
2352	2825
2353	2719
2354	2796
2355	2957
2356	2747
2357	2942
2358	2859
2359	2720
2360	2838
2361	2791
2362	2843
2363	2765
2364	2807
2365	2811
2366	2677
2367	2654
2368	2655
2369	2649
2370	2805
2371	2708
2372	2652
2373	2767
2374	2660
2375	2751
2376	2830
2377	2595
2378	2611
2379	2730
2380	2678
2381	2605
2382	2644
2383	2830
2384	2671
2385	2749
2386	2786
2387	2497
2388	2558
2389	2664
2390	2622
2391	2665
2392	2793
2393	2775
2394	2616
2395	2655
2396	2668
2397	2596
2398	2706
2399	2618
2400	2613
2401	2588
2402	2621
2403	2526
2404	2647
2405	2628
2406	2774
2407	2464
2408	2652
2409	2622
2410	2352
2411	2597
2412	2628
2413	2535
2414	2531
2415	2552
2416	2534
2417	2710
2418	2610
2419	2547
2420	2466
2421	2626
2422	2440
2423	2584
2424	2446
2425	2568
2426	2457
2427	2735
2428	2640
2429	2532
2430	2369
2431	2576
2432	2524
2433	2414
2434	2464
2435	2536
2436	2472
2437	2462
2438	2527
2439	2456
2440	2465
2441	2527
2442	2668
2443	2297
2444	2496
2445	2487
2446	2361
2447	2476
2448	2393
2449	2478
2450	2405
2451	2544
2452	2454
2453	2523
2454	2488
2455	2490
2456	2367
2457	2475
2458	2344
2459	2403
2460	2518
2461	2457
2462	2334
2463	2389
2464	2411
2465	2462
2466	2445
2467	2415
2468	2341
2469	2374
2470	2510
2471	2411
2472	2458
2473	2530
2474	2460
2475	2439
2476	2497
2477	2514
2478	2429
2479	2536
2480	2481
2481	2500
2482	2512
2483	2427
2484	2442
2485	2500
2486	2522
2487	2423
2488	2524
2489	2526
2490	2557
2491	2451
2492	2460
2493	2344
2494	2584
2495	2491
2496	2536
2497	2570
2498	2633
2499	2548
2500	2592
2501	2534
2502	2505
2503	2511
2504	2353
2505	2596
2506	2513
2507	2629
2508	2452
2509	2607
2510	2470
2511	2609
2512	2577
2513	2494
2514	2454
2515	2613
2516	2376
2517	2597
2518	2606
2519	2563
2520	2406
2521	2412
2522	2697
2523	2523
2524	2691
2525	2520
2526	2550
2527	2605
2528	2454
2529	2585
2530	2522
2531	2641
2532	2681
2533	2528
2534	2564
2535	2572
2536	2600
2537	2586
2538	2626
2539	2529
2540	2608
2541	2495
2542	2481
2543	2600
2544	2560
2545	2456
2546	2638
2547	2577
2548	2708
2549	2672
2550	2613
2551	2643
2552	2515
2553	2591
2554	2427
2555	2459
2556	2491
2557	2537
2558	2493
2559	2571
2560	2686
2561	2541
2562	2676
2563	2594
2564	2625
2565	2681
2566	2690
2567	2654
2568	2495
2569	2654
2570	2517
2571	2576
2572	2504
2573	2496
2574	2664
2575	2604
2576	2632
2577	2537
2578	2532
2579	2578
2580	2450
2581	2459
2582	2458
2583	2489
2584	2497
2585	2530
2586	2501
2587	2386
2588	2455
2589	2541
2590	2467
2591	2500
2592	2493
2593	2526
2594	2392
2595	2469
2596	2272
2597	2521
2598	2494
2599	2435
2600	2329
2601	2569
2602	2577
2603	2468
2604	2414
2605	2384
2606	2459
2607	2394
2608	2479
2609	2429
2610	2532
2611	2427
2612	2509
2613	2439
2614	2413
2615	2340
2616	2312
2617	2538
2618	2393
2619	2539
2620	2471
2621	2529
2622	2527
2623	2504
2624	2713
2625	2386
2626	2444
2627	2542
2628	2406
2629	2549
2630	2551
2631	2517
2632	2401
2633	2529
2634	2444
2635	2550
2636	2512
2637	2600
2638	2548
2639	2673
2640	2513
2641	2627
2642	2579
2643	2701
2644	2646
2645	2680
2646	2631
2647	2494
2648	2594
2649	2648
2650	2473
2651	2439
2652	2867
2653	2722
2654	2909
2655	2479
2656	2605
2657	2568
2658	2573
2659	2313
2660	2560
2661	2483
2662	2591
2663	2615
2664	2562
2665	2638
2666	2495
2667	2558
2668	2768
2669	2552
2670	2714
2671	2374
2672	2424
2673	2452
2674	2517
2675	2634
2676	2837
2677	2695
2678	2555
2679	2693
2680	2526
2681	2700
2682	2758
2683	2533
2684	2685
2685	2831
2686	2718
2687	2623
2688	2744
2689	2717
2690	2689
2691	2533
2692	2465
2693	2662
2694	2487
2695	2642
2696	2591
2697	2568
2698	2655
2699	2525
2700	2865
2701	2714
2702	2845
2703	2653
2704	2448
2705	2601
2706	2585
2707	2564
2708	2629
2709	2802
2710	2984
2711	2844
2712	2540
2713	2495
2714	2461
2715	2587
2716	2487
2717	2544
2718	2437
2719	2635
2720	2704
2721	2658
2722	2761
2723	2485
2724	2382
2725	2410
2726	2481
2727	2416
2728	2365
2729	2390
2730	2528
2731	2544
2732	2398
2733	2378
2734	2375
2735	2379
2736	2264
2737	2615
2738	2394
2739	2443
2740	2427
2741	2416
2742	2411
2743	2321
2744	2441
2745	2442
2746	2379
2747	2457
2748	2301
2749	2412
2750	2273
2751	2320
2752	2404
2753	2221
2754	2318
2755	2433
2756	2365
2757	2387
2758	2198
2759	2386
2760	2252
2761	2404
2762	2489
2763	2311
2764	2371
2765	2426
2766	2391
2767	2465
2768	2389
2769	2387
2770	2499
2771	2374
2772	2486
2773	2458
2774	2372
2775	2461
2776	2372
2777	2304
2778	2336
2779	2487
2780	2308
2781	2305
2782	2357
2783	2287
2784	2331
2785	2254
2786	2241
2787	2145
2788	2130
2789	2314
2790	2176
2791	2267
2792	2181
2793	2334
2794	2319
2795	2207
2796	2229
2797	2255
2798	2373
2799	2116
2800	2150
2801	2378
2802	2200
2803	2299
2804	2297
2805	2219
2806	2452
2807	2276
2808	2143
2809	2242
2810	2313
2811	2364
2812	2191
2813	2363
2814	2398
2815	2334
2816	2365
2817	2242
2818	2281
2819	2328
2820	2309
2821	2181
2822	2449
2823	2324
2824	2236
2825	2369
2826	2441
2827	2232
2828	2328
2829	2190
2830	2269
2831	2302
2832	2192
2833	2284
2834	2184
2835	2330
2836	2325
2837	2296
2838	2164
2839	2238
2840	2319
2841	2325
2842	2051
2843	2232
2844	2187
2845	2074
2846	2285
2847	2107
2848	2297
2849	2245
2850	2297
2851	2236
2852	2192
2853	2300
2854	2328
2855	2120
2856	2411
2857	2360
2858	2267
2859	2214
2860	2297
2861	2410
2862	2440
2863	2489
2864	2370
2865	2456
2866	2285
2867	2132
2868	2325
2869	2249
2870	2179
2871	2135
2872	2097
2873	2213
2874	2278
2875	2194
2876	2120
2877	2263
2878	2198
2879	2304
2880	2177
2881	2149
2882	2152
2883	2239
2884	2065
2885	2256
2886	2159
2887	2103
2888	2177
2889	2201
2890	2252
2891	2198
2892	2260
2893	2248
2894	2154
2895	2214
2896	2133
2897	2122
2898	2210
2899	2079
2900	2275
2901	2237
2902	2201
2903	2370
2904	2217
2905	2185
2906	2073
2907	2298
2908	2202
2909	2177
2910	2256
2911	2232
2912	2312
2913	2173
2914	2262
2915	2081
2916	2264
2917	2124
2918	2117
2919	2129
2920	2119
2921	2261
2922	2217
2923	2236
2924	2199
2925	2081
2926	2157
2927	2077
2928	2153
2929	2191
2930	1968
2931	2161
2932	2091
2933	2100
2934	2189
2935	2306
2936	2130
2937	2257
2938	2202
2939	2144
2940	2057
2941	2167
2942	2310
2943	2189
2944	2321
2945	2124
2946	2160
2947	2142
2948	2309
2949	2185
2950	2049
2951	2099
2952	2174
2953	2149
2954	2200
2955	2234
2956	2232
2957	2112
2958	2301
2959	2218
2960	2127
2961	2136
2962	2331
2963	2200
2964	2323
2965	2336
2966	2162
2967	2165
2968	2262
2969	2209
2970	2152
2971	2176
2972	2072
2973	2284
2974	2213
2975	2294
2976	2268
2977	2410
2978	2204
2979	2320
2980	2218
2981	2140
2982	2049
2983	2211
2984	2025
2985	2302
2986	2211
2987	2286
2988	2214
2989	2290
2990	2266
2991	2169
2992	2388
2993	2209
2994	2164
2995	2266
2996	2082
2997	2294
2998	2208
2999	2214
3000	2275
3001	2230
3002	2270
3003	2236
3004	2304
3005	2231
3006	2275
3007	2260
3008	2296
3009	2183
3010	2184
3011	2304
3012	2264
3013	2247
3014	2123
3015	2191
3016	2087
3017	2292
3018	2096
3019	2215
3020	2263
3021	2343
3022	2254
3023	2281
3024	2175
3025	2140
3026	2260
3027	2145
3028	2245
3029	2136
3030	2218
3031	2236
3032	2223
3033	2267
3034	2084
3035	2194
3036	2091
3037	2106
3038	2190
3039	2157
3040	2133
3041	2238
3042	2232
3043	2294
3044	2280
3045	2071
3046	2077
3047	2222
3048	2168
3049	2420
3050	2327
3051	2200
3052	2132
3053	2385
3054	2351
3055	2425
3056	2370
3057	2355
3058	2386
3059	2314
3060	2470
3061	2190
3062	2406
3063	2541
3064	2247
3065	2425
3066	2170
3067	2445
3068	2350
3069	2334
3070	2239
3071	2319
3072	2128
3073	2241
3074	2362
3075	2306
3076	2315
3077	2349
3078	2370
3079	2474
3080	2325
3081	2381
3082	2505
3083	2321
3084	2286
3085	2476
3086	2352
3087	2374
3088	2270
3089	2182
3090	2409
3091	2203
3092	2168
3093	2257
3094	2403
3095	2401
3096	2280
3097	2370
3098	2229
3099	2098
3100	2304
3101	2218
3102	2331
3103	2447
3104	2245
3105	2185
3106	2456
3107	2147
3108	2207
3109	2301
3110	2298
3111	2136
3112	2277
3113	2190
3114	2386
3115	2380
3116	2414
3117	2280
3118	2330
3119	2211
3120	2165
3121	2264
3122	2361
3123	2163
3124	2174
3125	2514
3126	2234
3127	2223
3128	2153
3129	2001
3130	2150
3131	2216
3132	2243
3133	2192
3134	2032
3135	2123
3136	2221
3137	2227
3138	2220
3139	2193
3140	2393
3141	2114
3142	2162
3143	2266
3144	2290
3145	2209
3146	2087
3147	2005
3148	2156
3149	2160
3150	2120
3151	2097
3152	2084
3153	2092
3154	2212
3155	2039
3156	2058
3157	2073
3158	2136
3159	2098
3160	2134
3161	2166
3162	2399
3163	2127
3164	2236
3165	2195
3166	2285
3167	2162
3168	2273
3169	2107
3170	2118
3171	2069
3172	1967
3173	2078
3174	2069
3175	2136
3176	2199
3177	2034
3178	2019
3179	2216
3180	2089
3181	2080
3182	2077
3183	2107
3184	2084
3185	2046
3186	2101
3187	2117
3188	2056
3189	2126
3190	2242
3191	2066
3192	2183
3193	2046
3194	2151
3195	2124
3196	1951
3197	2054
3198	2084
3199	2175
3200	2170
3201	2091
3202	2082
3203	2072
3204	2138
3205	2156
3206	2129
3207	2132
3208	2016
3209	2246
3210	2148
3211	2292
3212	2126
3213	2118
3214	2020
3215	2066
3216	2048
3217	1816
3218	2185
3219	2106
3220	2122
3221	2254
3222	2022
3223	2186
3224	2119
3225	2063
3226	1960
3227	2126
3228	2039
3229	2070
3230	1895
3231	2132
3232	2146
3233	1987
3234	2079
3235	2102
3236	2183
3237	2125
3238	2260
3239	2259
3240	2017
3241	2123
3242	2251
3243	2081
3244	1981
3245	2074
3246	2077
3247	2080
3248	1936
3249	2059
3250	2203
3251	2022
3252	2164
3253	2050
3254	1937
3255	2342
3256	2101
3257	2155
3258	2094
3259	2116
3260	2118
3261	1972
3262	2044
3263	2100
3264	2069
3265	2100
3266	2086
3267	2109
3268	2178
3269	2139
3270	2076
3271	2176
3272	1961
3273	2032
3274	2044
3275	1976
3276	2086
3277	2111
3278	1928
3279	2224
3280	2095
3281	1963
3282	2000
3283	2147
3284	2152
3285	2166
3286	2239
3287	2099
3288	2180
3289	2185
3290	2125
3291	2145
3292	2148
3293	2084
3294	2171
3295	2235
3296	2095
3297	2026
3298	2117
3299	2222
3300	2152
3301	2140
3302	2117
3303	2123
3304	2166
3305	2145
3306	2187
3307	2190
3308	2160
3309	2113
3310	2113
3311	2104
3312	1990
3313	2117
3314	2045
3315	2238
3316	2235
3317	2127
3318	2018
3319	2024
3320	2096
3321	2187
3322	2284
3323	2028
3324	2082
3325	2121
3326	2148
3327	2073
3328	2026
3329	2101
3330	2182
3331	2105
3332	2128
3333	2099
3334	2129
3335	2089
3336	2256
3337	2063
3338	2063
3339	2031
3340	2026
3341	2154
3342	2103
3343	2137
3344	2203
3345	2103
3346	2042
3347	2184
3348	2017
3349	2074
3350	2049
3351	2179
3352	2218
3353	2139
3354	1936
3355	2026
3356	2113
3357	2131
3358	1976
3359	1878
3360	1995
3361	2011
3362	2125
3363	2024
3364	1966
3365	2056
3366	1967
3367	1950
3368	1984
3369	2026
3370	1990
3371	1964
3372	1967
3373	1963
3374	1921
3375	1895
3376	1853
3377	1975
3378	1861
3379	1852
3380	1843
3381	1794
3382	1911
3383	1953
3384	1812
3385	1937
3386	1852
3387	1795
3388	1924
3389	1912
3390	1796
3391	1826
3392	1725
3393	1821
3394	1787
3395	1797
3396	1885
3397	1818
3398	1737
3399	1830
3400	1788
3401	1865
3402	1941
3403	1934
3404	1834
3405	1879
3406	1784
3407	1838
3408	1880
3409	1877
3410	1801
3411	1823
3412	1976
3413	1676
3414	1840
3415	1954
3416	1856
3417	1860
3418	1893
3419	2027
3420	1727
3421	1826
3422	1854
3423	1881
3424	1823
3425	1884
3426	1936
3427	1832
3428	1825
3429	1803
3430	1885
3431	1792
3432	1838
3433	1801
3434	1868
3435	1964
3436	1930
3437	1689
3438	1865
3439	1784
3440	1836
3441	1806
3442	1870
3443	1872
3444	1798
3445	1917
3446	1845
3447	1737
3448	1731
3449	1853
3450	1796
3451	1728
3452	1704
3453	1879
3454	1851
3455	1863
3456	1877
3457	1797
3458	1932
3459	1720
3460	1897
3461	1843
3462	1735
3463	1798
3464	1843
3465	1812
3466	1940
3467	1970
3468	1826
3469	1810
3470	1785
3471	1755
3472	1799
3473	1798
3474	1794
3475	1673
3476	1820
3477	1701
3478	1835
3479	1747
3480	1650
3481	1687
3482	1799
3483	1709
3484	1792
3485	1862
3486	1708
3487	1769
3488	1743
3489	1967
3490	1908
3491	1867
3492	1689
3493	1812
3494	1709
3495	1660
3496	1853
3497	1749
3498	1763
3499	1820
3500	1814
3501	1794
3502	1874
3503	1801
3504	1776
3505	1740
3506	1828
3507	1687
3508	1826
3509	1817
3510	1749
3511	1749
3512	1761
3513	1702
3514	1731
3515	1931
3516	1829
3517	1721
3518	1784
3519	1849
3520	1748
3521	1761
3522	1727
3523	1739
3524	1731
3525	1937
3526	1734
3527	1844
3528	1708
3529	1761
3530	1765
3531	1679
3532	1648
3533	1633
3534	1825
3535	1631
3536	1790
3537	1741
3538	1737
3539	1792
3540	1765
3541	1809
3542	1791
3543	1705
3544	1751
3545	1764
3546	1715
3547	1599
3548	1822
3549	1648
3550	1738
3551	1791
3552	1632
3553	1771
3554	1819
3555	1726
3556	1701
3557	1737
3558	1769
3559	1862
3560	1764
3561	1767
3562	1796
3563	1678
3564	1804
3565	1612
3566	1751
3567	1783
3568	1753
3569	1775
3570	1659
3571	1852
3572	1656
3573	1817
3574	1747
3575	1802
3576	1895
3577	1853
3578	1791
3579	1785
3580	1770
3581	1677
3582	1854
3583	1723
3584	1680
3585	1786
3586	1728
3587	1816
3588	1607
3589	1682
3590	1699
3591	1676
3592	1994
3593	1922
3594	1937
3595	1892
3596	1792
3597	1816
3598	1736
3599	1793
3600	1754
3601	1851
3602	1784
3603	1693
3604	1703
3605	1885
3606	1834
3607	1766
3608	1783
3609	1763
3610	1799
3611	1782
3612	1749
3613	1760
3614	1797
3615	1903
3616	1806
3617	1837
3618	1878
3619	1934
3620	1781
3621	1823
3622	1893
3623	1750
3624	1803
3625	1794
3626	1881
3627	1817
3628	1817
3629	1799
3630	1704
3631	1826
3632	1823
3633	1821
3634	1760
3635	1738
3636	1772
3637	1740
3638	1753
3639	1783
3640	1680
3641	1758
3642	1730
3643	1817
3644	1861
3645	1829
3646	1885
3647	1651
3648	1732
3649	1813
3650	1727
3651	1832
3652	1856
3653	1761
3654	1726
3655	1834
3656	1783
3657	1702
3658	1727
3659	1830
3660	1748
3661	1752
3662	1677
3663	1688
3664	1845
3665	1764
3666	1735
3667	1707
3668	1759
3669	1754
3670	1727
3671	1673
3672	1821
3673	1803
3674	1864
3675	1970
3676	1770
3677	1923
3678	1826
3679	1883
3680	1855
3681	1956
3682	1752
3683	1818
3684	1914
3685	1722
3686	1897
3687	1744
3688	1890
3689	1766
3690	1765
3691	1781
3692	1712
3693	1796
3694	1816
3695	1916
3696	1819
3697	1833
3698	1846
3699	2046
3700	1974
3701	1831
3702	1828
3703	1734
3704	1828
3705	1904
3706	1779
3707	1848
3708	1725
3709	1973
3710	1869
3711	1798
3712	1910
3713	1939
3714	1835
3715	2026
3716	2159
3717	2003
3718	2032
3719	1845
3720	1935
3721	1777
3722	1848
3723	1812
3724	1828
3725	1892
3726	1862
3727	1849
3728	1948
3729	1898
3730	1920
3731	1766
3732	1852
3733	1769
3734	1761
3735	1764
3736	1994
3737	1915
3738	1872
3739	1871
3740	1827
3741	1685
3742	1698
3743	1917
3744	1986
3745	1821
3746	1856
3747	1868
3748	1930
3749	1899
3750	1770
3751	1876
3752	1797
3753	1883
3754	1838
3755	1951
3756	1924
3757	1784
3758	1783
3759	1891
3760	1824
3761	1827
3762	1619
3763	1838
3764	1830
3765	1824
3766	1863
3767	1806
3768	1802
3769	1820
3770	1821
3771	1944
3772	1840
3773	1782
3774	1794
3775	1838
3776	1850
3777	1654
3778	1875
3779	1891
3780	1815
3781	1781
3782	1822
3783	1758
3784	1845
3785	1818
3786	1757
3787	1757
3788	1773
3789	1811
3790	1675
3791	1887
3792	1728
3793	1642
3794	1618
3795	1743
3796	1666
3797	1525
3798	1749
3799	1755
3800	1749
3801	1771
3802	1819
3803	1739
3804	1654
3805	1668
3806	1637
3807	1628
3808	1831
3809	1559
3810	1834
3811	1730
3812	1663
3813	1521
3814	1668
3815	1538
3816	1698
3817	1622
3818	1655
3819	1788
3820	1643
3821	1694
3822	1669
3823	1690
3824	1656
3825	1531
3826	1685
3827	1596
3828	1706
3829	1617
3830	1494
3831	1504
3832	1503
3833	1481
3834	1571
3835	1623
3836	1535
3837	1582
3838	1610
3839	1432
3840	1602
3841	1609
3842	1551
3843	1462
3844	1565
3845	1584
3846	1723
3847	1567
3848	1480
3849	1569
3850	1491
3851	1617
3852	1496
3853	1578
3854	1621
3855	1473
3856	1595
3857	1637
3858	1577
3859	1483
3860	1500
3861	1674
3862	1604
3863	1592
3864	1536
3865	1579
3866	1496
3867	1613
3868	1607
3869	1497
3870	1522
3871	1540
3872	1515
3873	1694
3874	1584
3875	1572
3876	1631
3877	1548
3878	1538
3879	1679
3880	1762
3881	1535
3882	1631
3883	1677
3884	1485
3885	1663
3886	1570
3887	1599
3888	1693
3889	1783
3890	1600
3891	1602
3892	1554
3893	1652
3894	1568
3895	1581
3896	1660
3897	1750
3898	1736
3899	1558
3900	1640
3901	1761
3902	1710
3903	1535
3904	1658
3905	1532
3906	1618
3907	1681
3908	1587
3909	1811
3910	1766
3911	1720
3912	1758
3913	1832
3914	1707
3915	1767
3916	1656
3917	1632
3918	1654
3919	1676
3920	1710
3921	1663
3922	1681
3923	1660
3924	1619
3925	1715
3926	1866
3927	1877
3928	1825
3929	1856
3930	1718
3931	1701
3932	1923
3933	1720
3934	1769
3935	1732
3936	1772
3937	1673
3938	1794
3939	1750
3940	1719
3941	1695
3942	1681
3943	1696
3944	1682
3945	1804
3946	1729
3947	1819
3948	1797
3949	1596
3950	1793
3951	1666
3952	1811
3953	1758
3954	1743
3955	1707
3956	1644
3957	1798
3958	1631
3959	1747
3960	1797
3961	1749
3962	1667
3963	1742
3964	1833
3965	1773
3966	1740
3967	1803
3968	1690
3969	1721
3970	1659
3971	1703
3972	1700
3973	1719
3974	1719
3975	1775
3976	1760
3977	1899
3978	1752
3979	1625
3980	1750
3981	1879
3982	1752
3983	1666
3984	1761
3985	1649
3986	1683
3987	1860
3988	1757
3989	1609
3990	1665
3991	1488
3992	1636
3993	1730
3994	1626
3995	1573
3996	1462
3997	1566
3998	1398
3999	1662
4000	1580
4001	1640
4002	1618
4003	1664
4004	1696
4005	1590
4006	1658
4007	1727
4008	1699
4009	1746
4010	1656
4011	1750
4012	1616
4013	1698
4014	1787
4015	1694
4016	1576
4017	1714
4018	1555
4019	1797
4020	1803
4021	1686
4022	1706
4023	1671
4024	1685
4025	1719
4026	1643
4027	1735
4028	1734
4029	1740
4030	1743
4031	1524
4032	1809
4033	1706
4034	1853
4035	1852
4036	1748
4037	1649
4038	1556
4039	1671
4040	1642
4041	1749
4042	1583
4043	1660
4044	1440
4045	1641
4046	1516
4047	1524
4048	1557
4049	1529
4050	1563
4051	1625
4052	1685
4053	1547
4054	1613
4055	1654
4056	1637
4057	1635
4058	1576
4059	1637
4060	1600
4061	1575
4062	1649
4063	1569
4064	1581
4065	1597
4066	1711
4067	1740
4068	1734
4069	1547
4070	1702
4071	1704
4072	1569
4073	1493
4074	1403
4075	1629
4076	1689
4077	1583
4078	1505
4079	1544
4080	1536
4081	1524
4082	1528
4083	1430
4084	1525
4085	1448
4086	1588
4087	1637
4088	1598
4089	1566
4090	1499
4091	1592
4092	1500
4093	1596
4094	1523
4095	1517
4096	1620
4097	1580
4098	1795
4099	1669
4100	1562
4101	1551
4102	1613
4103	1593
4104	1517
4105	1583
4106	1583
4107	1443
4108	1522
4109	1635
4110	1690
4111	1509
4112	1561
4113	1607
4114	1518
4115	1451
4116	1566
4117	1616
4118	1522
4119	1536
4120	1574
4121	1623
4122	1618
4123	1590
4124	1662
4125	1712
4126	1669
4127	1629
4128	1551
4129	1548
4130	1488
4131	1497
4132	1485
4133	1577
4134	1503
4135	1435
4136	1500
4137	1478
4138	1465
4139	1559
4140	1439
4141	1430
4142	1500
4143	1412
4144	1432
4145	1578
4146	1457
4147	1493
4148	1553
4149	1688
4150	1373
4151	1442
4152	1400
4153	1452
4154	1441
4155	1545
4156	1440
4157	1480
4158	1559
4159	1419
4160	1356
4161	1408
4162	1510
4163	1517
4164	1450
4165	1496
4166	1454
4167	1366
4168	1371
4169	1444
4170	1433
4171	1459
4172	1541
4173	1423
4174	1366
4175	1498
4176	1496
4177	1390
4178	1367
4179	1462
4180	1457
4181	1387
4182	1406
4183	1422
4184	1479
4185	1435
4186	1473
4187	1566
4188	1445
4189	1603
4190	1499
4191	1368
4192	1518
4193	1322
4194	1316
4195	1376
4196	1367
4197	1348
4198	1419
4199	1391
4200	1360
4201	1487
4202	1473
4203	1484
4204	1439
4205	1428
4206	1443
4207	1511
4208	1407
4209	1459
4210	1352
4211	1348
4212	1434
4213	1383
4214	1442
4215	1293
4216	1446
4217	1369
4218	1443
4219	1316
4220	1395
4221	1553
4222	1331
4223	1404
4224	1399
4225	1446
4226	1467
4227	1483
4228	1495
4229	1523
4230	1346
4231	1355
4232	1440
4233	1437
4234	1420
4235	1518
4236	1414
4237	1383
4238	1435
4239	1473
4240	1464
4241	1380
4242	1304
4243	1383
4244	1501
4245	1446
4246	1491
4247	1333
4248	1398
4249	1240
4250	1275
4251	1442
4252	1404
4253	1453
4254	1422
4255	1394
4256	1315
4257	1340
4258	1482
4259	1271
4260	1399
4261	1331
4262	1351
4263	1427
4264	1324
4265	1425
4266	1416
4267	1434
4268	1524
4269	1452
4270	1491
4271	1463
4272	1452
4273	1591
4274	1397
4275	1523
4276	1479
4277	1477
4278	1510
4279	1458
4280	1466
4281	1561
4282	1430
4283	1438
4284	1484
4285	1390
4286	1501
4287	1495
4288	1316
4289	1414
4290	1516
4291	1408
4292	1513
4293	1461
4294	1627
4295	1616
4296	1406
4297	1513
4298	1525
4299	1486
4300	1424
4301	1512
4302	1502
4303	1433
4304	1528
4305	1379
4306	1470
4307	1458
4308	1541
4309	1321
4310	1460
4311	1394
4312	1431
4313	1495
4314	1468
4315	1349
4316	1357
4317	1376
4318	1365
4319	1449
4320	1278
4321	1464
4322	1309
4323	1395
4324	1498
4325	1441
4326	1343
4327	1393
4328	1335
4329	1406
4330	1393
4331	1314
4332	1272
4333	1372
4334	1410
4335	1357
4336	1370
4337	1381
4338	1389
4339	1353
4340	1375
4341	1333
4342	1367
4343	1446
4344	1377
4345	1332
4346	1351
4347	1327
4348	1349
4349	1353
4350	1381
4351	1250
4352	1281
4353	1292
4354	1400
4355	1208
4356	1378
4357	1259
4358	1312
4359	1329
4360	1249
4361	1294
4362	1357
4363	1303
4364	1243
4365	1299
4366	1341
4367	1248
4368	1391
4369	1230
4370	1242
4371	1278
4372	1290
4373	1260
4374	1311
4375	1301
4376	1390
4377	1276
4378	1284
4379	1326
4380	1079
4381	1344
4382	1254
4383	1281
4384	1180
4385	1292
4386	1245
4387	1350
4388	1248
4389	1211
4390	1348
4391	1263
4392	1273
4393	1234
4394	1270
4395	1319
4396	1364
4397	1191
4398	1328
4399	1282
4400	1250
4401	1251
4402	1221
4403	1257
4404	1312
4405	1247
4406	1196
4407	1341
4408	1315
4409	1216
4410	1146
4411	1249
4412	1306
4413	1315
4414	1270
4415	1330
4416	1259
4417	1236
4418	1240
4419	1263
4420	1298
4421	1292
4422	1221
4423	1183
4424	1250
4425	1236
4426	1176
4427	1409
4428	1214
4429	1340
4430	1327
4431	1193
4432	1291
4433	1156
4434	1194
4435	1219
4436	1138
4437	1213
4438	1190
4439	1258
4440	1177
4441	1241
4442	1295
4443	1190
4444	1176
4445	1131
4446	1173
4447	1246
4448	1285
4449	1295
4450	1192
4451	1294
4452	1185
4453	1161
4454	1255
4455	1109
4456	1267
4457	1201
4458	1203
4459	1187
4460	1141
4461	1228
4462	1164
4463	1307
4464	1212
4465	1248
4466	1222
4467	1230
4468	1169
4469	1140
4470	1167
4471	1254
4472	1223
4473	1107
4474	1127
4475	1096
4476	1310
4477	1251
4478	1260
4479	1178
4480	1174
4481	1209
4482	1240
4483	1256
4484	1244
4485	1191
4486	1265
4487	1287
4488	1109
4489	1140
4490	1153
4491	1204
4492	1131
4493	1266
4494	1276
4495	1237
4496	1181
4497	1207
4498	1190
4499	1246
4500	1116
4501	1240
4502	1278
4503	1211
4504	1307
4505	1280
4506	1202
4507	1205
4508	1197
4509	1197
4510	1201
4511	1257
4512	1200
4513	1095
4514	1132
4515	1137
4516	1305
4517	1253
4518	1296
4519	1267
4520	1273
4521	1113
4522	1176
4523	1198
4524	1295
4525	1179
4526	1202
4527	1146
4528	1201
4529	1197
4530	1247
4531	1245
4532	1146
4533	1211
4534	1259
4535	1178
4536	1246
4537	1274
4538	1280
4539	1163
4540	1210
4541	1244
4542	1328
4543	1143
4544	1101
4545	1213
4546	1153
4547	1165
4548	1203
4549	1253
4550	1246
4551	1255
4552	1188
4553	1258
4554	1112
4555	1174
4556	1123
4557	1136
4558	1119
4559	1153
4560	1157
4561	1111
4562	1153
4563	1132
4564	1180
4565	1117
4566	1249
4567	1150
4568	1191
4569	1210
4570	1166
4571	1109
4572	1143
4573	1094
4574	1191
4575	1108
4576	1252
4577	1220
4578	1134
4579	1188
4580	1122
4581	1140
4582	1183
4583	1113
4584	1153
4585	1218
4586	1170
4587	1164
4588	1229
4589	1166
4590	1181
4591	1190
4592	1180
4593	1106
4594	1089
4595	1207
4596	1135
4597	1232
4598	1198
4599	1095
4600	1166
4601	1178
4602	1147
4603	1171
4604	1206
4605	1091
4606	1221
4607	1119
4608	1136
4609	1187
4610	1207
4611	1135
4612	1304
4613	1147
4614	1257
4615	1133
4616	1120
4617	1257
4618	1328
4619	1160
4620	1258
4621	1228
4622	1274
4623	1205
4624	1194
4625	1245
4626	1208
4627	1172
4628	1343
4629	1334
4630	1358
4631	1252
4632	1243
4633	1310
4634	1288
4635	1219
4636	1238
4637	1274
4638	1224
4639	1270
4640	1291
4641	1237
4642	1182
4643	1189
4644	1145
4645	1389
4646	1230
4647	1274
4648	1259
4649	1276
4650	1193
4651	1372
4652	1284
4653	1195
4654	1135
4655	1282
4656	1250
4657	1277
4658	1263
4659	1241
4660	1144
4661	1290
4662	1312
4663	1313
4664	1268
4665	1327
4666	1263
4667	1189
4668	1259
4669	1195
4670	1213
4671	1296
4672	1161
4673	1205
4674	1321
4675	1189
4676	1200
4677	1235
4678	1228
4679	1177
4680	1231
4681	1258
4682	1279
4683	1213
4684	1305
4685	1306
4686	1203
4687	1223
4688	1244
4689	1371
4690	1137
4691	1270
4692	1160
4693	1251
4694	1244
4695	1208
4696	1243
4697	1208
4698	1216
4699	1221
4700	1188
4701	1396
4702	1333
4703	1192
4704	1118
4705	1134
4706	1166
4707	1169
4708	1224
4709	1179
4710	1268
4711	1225
4712	1172
4713	1096
4714	1162
4715	1107
4716	1222
4717	1132
4718	1258
4719	1259
4720	1220
4721	1187
4722	1282
4723	1231
4724	1102
4725	1233
4726	1208
4727	1158
4728	1245
4729	1248
4730	1234
4731	1212
4732	1205
4733	1207
4734	1251
4735	1248
4736	1211
4737	1204
4738	1205
4739	1220
4740	1290
4741	1194
4742	1245
4743	1317
4744	1294
4745	1250
4746	1213
4747	1212
4748	1202
4749	1333
4750	1326
4751	1116
4752	1179
4753	1211
4754	1127
4755	1211
4756	1258
4757	1315
4758	1358
4759	1271
4760	1192
4761	1225
4762	1100
4763	1259
4764	1202
4765	1219
4766	1249
4767	1283
4768	1302
4769	1269
4770	1296
4771	1230
4772	1255
4773	1252
4774	1169
4775	1178
4776	1214
4777	1279
4778	1196
4779	1195
4780	1246
4781	1243
4782	1195
4783	1277
4784	1313
4785	1245
4786	1149
4787	1279
4788	1104
4789	1178
4790	1167
4791	1137
4792	1197
4793	1168
4794	1292
4795	1281
4796	1216
4797	1202
4798	1208
4799	1159
4800	1295
4801	1323
4802	1151
4803	1127
4804	1202
4805	1158
4806	1150
4807	1206
4808	1261
4809	1272
4810	1202
4811	1283
4812	1197
4813	1195
4814	1146
4815	1262
4816	1238
4817	1164
4818	1214
4819	1182
4820	1233
4821	1153
4822	1179
4823	1174
4824	1259
4825	1342
4826	1199
4827	1241
4828	1227
4829	1164
4830	1126
4831	1245
4832	1217
4833	1218
4834	1217
4835	1290
4836	1173
4837	1222
4838	1162
4839	1180
4840	1250
4841	1195
4842	1269
4843	1235
4844	1055
4845	1346
4846	1225
4847	1237
4848	1172
4849	1231
4850	1149
4851	1200
4852	1168
4853	1086
4854	1184
4855	1124
4856	1196
4857	1050
4858	1266
4859	1114
4860	1179
4861	1234
4862	1340
4863	1221
4864	1261
4865	1268
4866	1238
4867	1121
4868	1132
4869	1135
4870	1238
4871	1134
4872	1119
4873	1271
4874	1123
4875	1227
4876	1210
4877	1134
4878	1133
4879	1087
4880	1151
4881	1224
4882	1139
4883	1074
4884	1063
4885	1097
4886	1123
4887	1157
4888	1194
4889	1151
4890	1224
4891	1133
4892	1001
4893	1176
4894	1129
4895	1120
4896	1125
4897	1121
4898	1111
4899	1119
4900	1114
4901	1146
4902	1085
4903	1148
4904	1223
4905	1207
4906	1149
4907	1111
4908	1188
4909	1164
4910	1149
4911	1102
4912	1133
4913	1224
4914	1136
4915	1091
4916	1140
4917	1048
4918	1052
4919	1076
4920	1102
4921	1090
4922	1204
4923	1197
4924	1043
4925	1139
4926	1072
4927	1100
4928	1090
4929	1117
4930	1172
4931	1119
4932	1089
4933	1064
4934	1236
4935	1188
4936	1081
4937	1132
4938	1123
4939	1144
4940	1133
4941	1213
4942	1060
4943	1200
4944	1125
4945	1236
4946	1100
4947	1164
4948	1246
4949	1179
4950	1122
4951	1268
4952	1185
4953	1125
4954	1108
4955	1091
4956	1174
4957	1124
4958	1133
4959	1128
4960	1142
4961	1212
4962	1285
4963	1175
4964	1116
4965	1128
4966	1129
4967	1125
4968	1137
4969	1126
4970	1146
4971	1081
4972	1123
4973	1200
4974	1212
4975	1061
4976	1151
4977	1090
4978	986
4979	1090
4980	1095
4981	1108
4982	1081
4983	1094
4984	1102
4985	1088
4986	1122
4987	1143
4988	1171
4989	1188
4990	1184
4991	1059
4992	1087
4993	1058
4994	1143
4995	1084
4996	1171
4997	1133
4998	1103
4999	1060
5000	1065
5001	1100
5002	959
5003	1131
5004	1083
5005	1150
5006	1032
5007	1074
5008	1142
5009	1083
5010	1177
5011	1122
5012	1219
5013	1147
5014	1072
5015	1132
5016	1251
5017	1067
5018	1134
5019	1011
5020	1061
5021	1114
5022	1106
5023	1145
5024	1005
5025	1082
5026	1060
5027	1139
5028	1077
5029	1019
5030	1032
5031	1104
5032	1097
5033	1061
5034	1117
5035	1031
5036	1027
5037	1045
5038	1090
5039	972
5040	1081
5041	1081
5042	1004
5043	1108
5044	994
5045	1080
5046	1027
5047	1101
5048	1056
5049	1033
5050	1175
5051	1039
5052	1019
5053	1012
5054	1033
5055	964
5056	1048
5057	1077
5058	1127
5059	1033
5060	998
5061	1027
5062	978
5063	1006
5064	964
5065	1095
5066	1125
5067	1059
5068	1043
5069	1056
5070	1095
5071	1045
5072	1007
5073	1096
5074	1044
5075	1047
5076	1024
5077	1003
5078	952
5079	1112
5080	905
5081	1026
5082	993
5083	1029
5084	1014
5085	942
5086	1019
5087	965
5088	1051
5089	1019
5090	998
5091	1033
5092	1127
5093	1018
5094	1020
5095	997
5096	1001
5097	1068
5098	1006
5099	923
5100	1036
5101	997
5102	1060
5103	1016
5104	955
5105	1009
5106	977
5107	933
5108	1026
5109	1041
5110	998
5111	1005
5112	1003
5113	928
5114	936
5115	979
5116	907
5117	961
5118	974
5119	956
5120	1019
5121	1007
5122	936
5123	931
5124	1013
5125	998
5126	969
5127	1084
5128	1017
5129	1038
5130	870
5131	978
5132	933
5133	1033
5134	1035
5135	979
5136	1029
5137	977
5138	1077
5139	1042
5140	958
5141	1082
5142	948
5143	995
5144	975
5145	917
5146	980
5147	923
5148	920
5149	977
5150	972
5151	1030
5152	976
5153	918
5154	867
5155	951
5156	1005
5157	986
5158	1005
5159	1028
5160	909
5161	957
5162	886
5163	988
5164	958
5165	928
5166	1013
5167	981
5168	910
5169	997
5170	1042
5171	1023
5172	879
5173	952
5174	916
5175	1008
5176	943
5177	977
5178	985
5179	879
5180	898
5181	991
5182	941
5183	964
5184	1075
5185	948
5186	1027
5187	972
5188	1029
5189	1029
5190	966
5191	1031
5192	852
5193	895
5194	928
5195	979
5196	983
5197	1002
5198	1030
5199	976
5200	1058
5201	973
5202	944
5203	1028
5204	900
5205	996
5206	956
5207	995
5208	1024
5209	1033
5210	997
5211	1086
5212	960
5213	910
5214	937
5215	1035
5216	989
5217	908
5218	898
5219	1059
5220	926
5221	895
5222	923
5223	967
5224	968
5225	994
5226	905
5227	995
5228	940
5229	950
5230	1051
5231	993
5232	980
5233	930
5234	974
5235	1025
5236	1069
5237	921
5238	1053
5239	1002
5240	900
5241	1041
5242	890
5243	1031
5244	1011
5245	1019
5246	1049
5247	968
5248	1011
5249	936
5250	1015
5251	903
5252	868
5253	1046
5254	1012
5255	992
5256	1018
5257	980
5258	941
5259	926
5260	954
5261	909
5262	973
5263	1016
5264	1003
5265	1006
5266	1001
5267	933
5268	924
5269	982
5270	1010
5271	1014
5272	932
5273	911
5274	991
5275	920
5276	937
5277	862
5278	947
5279	873
5280	917
5281	910
5282	937
5283	870
5284	929
5285	964
5286	892
5287	939
5288	1026
5289	983
5290	916
5291	984
5292	964
5293	886
5294	950
5295	927
5296	904
5297	1015
5298	997
5299	959
5300	960
5301	951
5302	943
5303	1078
5304	889
5305	949
5306	965
5307	890
5308	937
5309	946
5310	961
5311	1029
5312	934
5313	989
5314	954
5315	931
5316	995
5317	991
5318	910
5319	999
5320	1000
5321	890
5322	980
5323	1026
5324	968
5325	957
5326	904
5327	1026
5328	939
5329	893
5330	917
5331	930
5332	844
5333	937
5334	962
5335	956
5336	932
5337	985
5338	800
5339	896
5340	882
5341	925
5342	930
5343	897
5344	952
5345	886
5346	886
5347	937
5348	881
5349	925
5350	952
5351	999
5352	865
5353	920
5354	900
5355	976
5356	877
5357	989
5358	865
5359	895
5360	1002
5361	924
5362	928
5363	908
5364	920
5365	905
5366	945
5367	951
5368	970
5369	967
5370	950
5371	1010
5372	961
5373	1043
5374	980
5375	1015
5376	887
5377	1062
5378	961
5379	1080
5380	1076
5381	978
5382	1087
5383	1125
5384	928
5385	1016
5386	1212
5387	1610
5388	1262
5389	950
5390	964
5391	997
5392	928
5393	897
5394	975
5395	948
5396	866
5397	942
5398	1021
5399	923
5400	864
5401	896
5402	934
5403	896
5404	1017
5405	1020
5406	1014
5407	992
5408	1018
5409	978
5410	956
5411	936
5412	929
5413	945
5414	962
5415	1044
5416	998
5417	1042
5418	1049
5419	1086
5420	985
5421	1072
5422	973
5423	984
5424	1010
5425	1032
5426	1068
5427	1055
5428	1044
5429	1054
5430	1051
5431	995
5432	988
5433	1056
5434	1004
5435	964
5436	1063
5437	1055
5438	1048
5439	1110
5440	1099
5441	1061
5442	1120
5443	1027
5444	995
5445	1038
5446	1061
5447	1131
5448	1067
5449	1118
5450	1108
5451	1053
5452	1002
5453	994
5454	894
5455	1076
5456	949
5457	1131
5458	1225
5459	1027
5460	1112
5461	1024
5462	1059
5463	1074
5464	1075
5465	1069
5466	1087
5467	1014
5468	1187
5469	1096
5470	1070
5471	1061
5472	1163
5473	1015
5474	1135
5475	1159
5476	1224
5477	1283
5478	1083
5479	1209
5480	1199
5481	1204
5482	1210
5483	1125
5484	1107
5485	1177
5486	1127
5487	1154
5488	1231
5489	1185
5490	1159
5491	1325
5492	1353
5493	1226
5494	1165
5495	1161
5496	1204
5497	1313
5498	1203
5499	1196
5500	1158
5501	1172
5502	1072
5503	1098
5504	1101
5505	1048
5506	1205
5507	1130
5508	1244
5509	1035
5510	1124
5511	1107
5512	1096
5513	1149
5514	1037
5515	1072
5516	1121
5517	1048
5518	1125
5519	1111
5520	1184
5521	1087
5522	1088
5523	1205
5524	1100
5525	1220
5526	1088
5527	1136
5528	1060
5529	1261
5530	1124
5531	1088
5532	1130
5533	1089
5534	1062
5535	1166
5536	1183
5537	1151
5538	1251
5539	1137
5540	1129
5541	1085
5542	1135
5543	1095
5544	1209
5545	1109
5546	1292
5547	1150
5548	1061
5549	1177
5550	1055
5551	1215
5552	1112
5553	1236
5554	1193
5555	1194
5556	1126
5557	1087
5558	1263
5559	1168
5560	1194
5561	1023
5562	1104
5563	1086
5564	993
5565	978
5566	1013
5567	994
5568	1069
5569	1036
5570	1014
5571	1146
5572	1051
5573	1015
5574	1043
5575	1054
5576	1045
5577	1095
5578	963
5579	1171
5580	1029
5581	1132
5582	1100
5583	1019
5584	984
5585	1038
5586	1039
5587	1049
5588	1100
5589	1056
5590	1051
5591	1045
5592	1037
5593	1160
5594	1102
5595	1037
5596	970
5597	974
5598	958
5599	1120
5600	1080
5601	1071
5602	1034
5603	1050
5604	1069
5605	1164
5606	1079
5607	1087
5608	1071
5609	1086
5610	1041
5611	1028
5612	1114
5613	1085
5614	1051
5615	1141
5616	987
5617	1149
5618	1050
5619	1178
5620	1005
5621	1158
5622	1039
5623	1156
5624	1094
5625	1165
5626	1072
5627	995
5628	1054
5629	1091
5630	1105
5631	1096
5632	1149
5633	1073
5634	1113
5635	1123
5636	1129
5637	1069
5638	982
5639	1062
5640	1043
5641	1006
5642	1002
5643	949
5644	999
5645	979
5646	1099
5647	1016
5648	1141
5649	962
5650	1021
5651	1128
5652	997
5653	1017
5654	954
5655	1025
5656	1094
5657	1051
5658	1066
5659	1072
5660	1034
5661	1108
5662	1005
5663	1129
5664	1073
5665	1046
5666	1024
5667	1095
5668	1131
5669	1025
5670	903
5671	983
5672	1012
5673	1028
5674	1043
5675	1084
5676	1005
5677	1000
5678	1039
5679	935
5680	1023
5681	993
5682	999
5683	1004
5684	979
5685	991
5686	1071
5687	1037
5688	1024
5689	964
5690	1028
5691	1062
5692	1047
5693	982
5694	975
5695	1030
5696	988
5697	991
5698	1071
5699	981
5700	1106
5701	1138
5702	942
5703	965
5704	1007
5705	959
5706	913
5707	1038
5708	957
5709	986
5710	965
5711	1007
5712	972
5713	989
5714	1009
5715	1080
5716	1026
5717	1076
5718	974
5719	972
5720	1017
5721	938
5722	940
5723	1001
5724	1033
5725	993
5726	1003
5727	958
5728	1016
5729	1013
5730	918
5731	925
5732	1000
5733	1011
5734	984
5735	1064
5736	1050
5737	985
5738	1001
5739	1105
5740	1024
5741	997
5742	1023
5743	854
5744	1057
5745	1037
5746	1083
5747	951
5748	971
5749	977
5750	917
5751	917
5752	967
5753	1014
5754	974
5755	998
5756	949
5757	933
5758	895
5759	958
5760	968
5761	994
5762	902
5763	1010
5764	987
5765	1062
5766	953
5767	961
5768	960
5769	934
5770	1033
5771	1051
5772	1049
5773	984
5774	963
5775	973
5776	971
5777	1042
5778	956
5779	1000
5780	961
5781	957
5782	934
5783	1012
5784	953
5785	935
5786	863
5787	1082
5788	970
5789	969
5790	1055
5791	979
5792	1018
5793	927
5794	1045
5795	894
5796	1057
5797	940
5798	966
5799	982
5800	895
5801	914
5802	909
5803	951
5804	990
5805	912
5806	1042
5807	899
5808	838
5809	860
5810	906
5811	895
5812	898
5813	896
5814	942
5815	943
5816	900
5817	1019
5818	891
5819	875
5820	957
5821	871
5822	983
5823	908
5824	964
5825	952
5826	954
5827	977
5828	999
5829	921
5830	999
5831	932
5832	963
5833	1005
5834	960
5835	994
5836	916
5837	891
5838	862
5839	987
5840	973
5841	919
5842	1053
5843	952
5844	1006
5845	943
5846	1027
5847	979
5848	882
5849	984
5850	910
5851	974
5852	966
5853	1017
5854	986
5855	1003
5856	1048
5857	861
5858	915
5859	906
5860	904
5861	916
5862	865
5863	873
5864	942
5865	864
5866	891
5867	1029
5868	942
5869	885
5870	893
5871	943
5872	911
5873	874
5874	911
5875	929
5876	1012
5877	879
5878	867
5879	915
5880	888
5881	927
5882	919
5883	870
5884	894
5885	977
5886	873
5887	903
5888	982
5889	907
5890	850
5891	854
5892	839
5893	913
5894	1003
5895	887
5896	878
5897	889
5898	877
5899	872
5900	866
5901	913
5902	792
5903	870
5904	865
5905	862
5906	873
5907	865
5908	963
5909	1019
5910	802
5911	908
5912	903
5913	907
5914	862
5915	851
5916	904
5917	888
5918	850
5919	809
5920	894
5921	871
5922	944
5923	852
5924	919
5925	794
5926	759
5927	796
5928	803
5929	917
5930	912
5931	844
5932	930
5933	899
5934	836
5935	823
5936	809
5937	759
5938	926
5939	864
5940	951
5941	854
5942	822
5943	882
5944	804
5945	765
5946	770
5947	948
5948	876
5949	923
5950	794
5951	885
5952	863
5953	896
5954	892
5955	845
5956	790
5957	794
5958	856
5959	784
5960	821
5961	869
5962	843
5963	815
5964	887
5965	937
5966	873
5967	798
5968	881
5969	935
5970	913
5971	935
5972	818
5973	874
5974	816
5975	890
5976	885
5977	846
5978	838
5979	866
5980	999
5981	905
5982	869
5983	897
5984	871
5985	809
5986	829
5987	862
5988	826
5989	893
5990	857
5991	908
5992	889
5993	907
5994	849
5995	919
5996	940
5997	889
5998	863
5999	940
6000	901
6001	890
6002	844
6003	868
6004	796
6005	823
6006	871
6007	929
6008	978
6009	875
6010	924
6011	883
6012	935
6013	894
6014	861
6015	833
6016	878
6017	851
6018	941
6019	879
6020	809
6021	826
6022	840
6023	946
6024	821
6025	833
6026	857
6027	897
6028	853
6029	869
6030	807
6031	847
6032	869
6033	867
6034	927
6035	861
6036	849
6037	867
6038	878
6039	804
6040	859
6041	881
6042	845
6043	746
6044	844
6045	798
6046	875
6047	743
6048	857
6049	903
6050	806
6051	841
6052	798
6053	901
6054	886
6055	868
6056	850
6057	732
6058	849
6059	844
6060	769
6061	797
6062	870
6063	814
6064	784
6065	872
6066	798
6067	770
6068	897
6069	774
6070	954
6071	844
6072	777
6073	850
6074	822
6075	831
6076	835
6077	826
6078	808
6079	814
6080	832
6081	775
6082	718
6083	778
6084	787
6085	871
6086	799
6087	845
6088	859
6089	846
6090	810
6091	838
6092	844
6093	777
6094	792
6095	877
6096	883
6097	829
6098	807
6099	794
6100	791
6101	821
6102	852
6103	689
6104	750
6105	763
6106	814
6107	776
6108	755
6109	766
6110	829
6111	820
6112	788
6113	873
6114	808
6115	812
6116	832
6117	905
6118	892
6119	862
6120	934
6121	818
6122	751
6123	813
6124	856
6125	794
6126	793
6127	837
6128	852
6129	784
6130	856
6131	812
6132	791
6133	758
6134	818
6135	776
6136	787
6137	770
6138	773
6139	861
6140	787
6141	778
6142	792
6143	792
6144	723
6145	739
6146	800
6147	780
6148	792
6149	801
6150	762
6151	782
6152	801
6153	779
6154	786
6155	813
6156	773
6157	719
6158	767
6159	839
6160	860
6161	809
6162	726
6163	740
6164	787
6165	786
6166	855
6167	774
6168	792
6169	757
6170	708
6171	698
6172	738
6173	717
6174	684
6175	711
6176	747
6177	714
6178	704
6179	756
6180	709
6181	683
6182	725
6183	683
6184	752
6185	794
6186	776
6187	829
6188	762
6189	693
6190	669
6191	640
6192	785
6193	735
6194	769
6195	716
6196	731
6197	755
6198	696
6199	781
6200	654
6201	740
6202	755
6203	693
6204	709
6205	687
6206	750
6207	762
6208	745
6209	732
6210	739
6211	683
6212	782
6213	792
6214	746
6215	729
6216	673
6217	812
6218	707
6219	769
6220	750
6221	740
6222	786
6223	745
6224	702
6225	716
6226	767
6227	664
6228	656
6229	735
6230	724
6231	712
6232	724
6233	769
6234	695
6235	677
6236	735
6237	791
6238	658
6239	702
6240	715
6241	795
6242	789
6243	805
6244	747
6245	819
6246	820
6247	731
6248	681
6249	711
6250	796
6251	785
6252	781
6253	751
6254	801
6255	786
6256	785
6257	756
6258	737
6259	838
6260	783
6261	756
6262	728
6263	794
6264	732
6265	778
6266	731
6267	761
6268	736
6269	708
6270	752
6271	723
6272	780
6273	785
6274	708
6275	717
6276	814
6277	748
6278	743
6279	754
6280	759
6281	762
6282	718
6283	777
6284	714
6285	802
6286	780
6287	665
6288	733
6289	804
6290	778
6291	765
6292	732
6293	857
6294	745
6295	763
6296	827
6297	765
6298	723
6299	796
6300	765
6301	802
6302	745
6303	783
6304	781
6305	695
6306	665
6307	809
6308	802
6309	786
6310	778
6311	845
6312	800
6313	736
6314	718
6315	798
6316	790
6317	750
6318	755
6319	805
6320	825
6321	846
6322	760
6323	837
6324	834
6325	788
6326	826
6327	797
6328	776
6329	752
6330	884
6331	721
6332	819
6333	761
6334	762
6335	778
6336	718
6337	819
6338	810
6339	787
6340	737
6341	880
6342	794
6343	873
6344	805
6345	864
6346	856
6347	825
6348	854
6349	796
6350	831
6351	751
6352	839
6353	828
6354	791
6355	734
6356	821
6357	806
6358	876
6359	737
6360	774
6361	773
6362	780
6363	741
6364	757
6365	855
6366	812
6367	881
6368	842
6369	763
6370	812
6371	753
6372	827
6373	768
6374	758
6375	788
6376	844
6377	853
6378	819
6379	962
6380	831
6381	740
6382	791
6383	776
6384	844
6385	828
6386	855
6387	799
6388	798
6389	839
6390	752
6391	879
6392	882
6393	768
6394	843
6395	857
6396	907
6397	848
6398	787
6399	837
6400	800
6401	875
6402	837
6403	875
6404	805
6405	807
6406	816
6407	832
6408	857
6409	848
6410	839
6411	823
6412	772
6413	837
6414	818
6415	795
6416	799
6417	797
6418	814
6419	867
6420	798
6421	860
6422	921
6423	804
6424	806
6425	797
6426	920
6427	938
6428	901
6429	818
6430	807
6431	902
6432	834
6433	852
6434	883
6435	1007
6436	818
6437	906
6438	913
6439	846
6440	847
6441	825
6442	774
6443	857
6444	874
6445	861
6446	884
6447	832
6448	850
6449	841
6450	793
6451	874
6452	775
6453	845
6454	826
6455	766
6456	803
6457	771
6458	756
6459	787
6460	742
6461	785
6462	845
6463	745
6464	825
6465	875
6466	903
6467	795
6468	820
6469	922
6470	852
6471	744
6472	854
6473	853
6474	863
6475	850
6476	773
6477	704
6478	756
6479	759
6480	905
6481	755
6482	848
6483	821
6484	839
6485	811
6486	857
6487	811
6488	832
6489	796
6490	913
6491	865
6492	843
6493	838
6494	743
6495	780
6496	791
6497	733
6498	817
6499	822
6500	928
6501	803
6502	900
6503	875
6504	920
6505	876
6506	860
6507	961
6508	767
6509	778
6510	841
6511	900
6512	732
6513	947
6514	842
6515	876
6516	800
6517	866
6518	775
6519	798
6520	746
6521	762
6522	794
6523	869
6524	859
6525	762
6526	776
6527	774
6528	907
6529	847
6530	829
6531	765
6532	770
6533	745
6534	868
6535	828
6536	734
6537	774
6538	826
6539	755
6540	771
6541	784
6542	748
6543	972
6544	714
6545	838
6546	780
6547	755
6548	888
6549	777
6550	792
6551	758
6552	819
6553	727
6554	804
6555	793
6556	729
6557	715
6558	850
6559	777
6560	827
6561	807
6562	805
6563	792
6564	854
6565	755
6566	858
6567	847
6568	701
6569	759
6570	734
6571	734
6572	756
6573	847
6574	769
6575	793
6576	720
6577	726
6578	783
6579	827
6580	720
6581	743
6582	756
6583	730
6584	769
6585	748
6586	728
6587	747
6588	763
6589	689
6590	703
6591	692
6592	776
6593	804
6594	760
6595	784
6596	785
6597	746
6598	753
6599	722
6600	730
6601	707
6602	816
6603	734
6604	766
6605	783
6606	752
6607	743
6608	764
6609	692
6610	740
6611	713
6612	780
6613	784
6614	717
6615	683
6616	697
6617	650
6618	685
6619	707
6620	658
6621	829
6622	736
6623	756
6624	819
6625	751
6626	752
6627	752
6628	745
6629	704
6630	757
6631	675
6632	683
6633	684
6634	730
6635	742
6636	777
6637	656
6638	704
6639	629
6640	674
6641	723
6642	595
6643	695
6644	638
6645	708
6646	728
6647	640
6648	667
6649	631
6650	637
6651	678
6652	696
6653	660
6654	647
6655	633
6656	687
6657	650
6658	624
6659	626
6660	648
6661	611
6662	660
6663	702
6664	721
6665	609
6666	649
6667	646
6668	610
6669	707
6670	642
6671	662
6672	581
6673	647
6674	702
6675	636
6676	632
6677	663
6678	614
6679	675
6680	700
6681	641
6682	616
6683	652
6684	694
6685	653
6686	683
6687	615
6688	588
6689	602
6690	723
6691	581
6692	611
6693	675
6694	769
6695	671

